1.000000000 0.000000000 0.000000000 0.000000000 0.000000000 1.000000000 0.000000000 0.000000000 0.000000000 0.000000000 1.000000000 0.000000000
1.000000000 0.000080378 0.000123626 -0.001008968 -0.000080382 1.000000000 0.000031981 -0.000246291 -0.000123623 -0.000031991 1.000000000 0.000204865
0.999999940 0.000164889 0.000185175 -0.001737145 -0.000164898 1.000000000 0.000051064 0.000729431 -0.000185166 -0.000051095 1.000000000 0.001583633
1.000000000 0.000192097 -0.000005806 0.000095433 -0.000192096 0.999999940 0.000163547 -0.001173927 0.000005838 -0.000163546 1.000000000 -0.000301454
0.999999940 0.000221208 0.000137648 -0.001219187 -0.000221221 1.000000000 0.000088311 0.000060447 -0.000137629 -0.000088341 1.000000000 0.000580252
1.000000000 -0.000038865 0.000020439 -0.000515614 0.000038864 1.000000000 0.000069984 -0.000173047 -0.000020442 -0.000069983 1.000000000 -0.000750365
1.000000000 0.000060347 0.000152589 -0.002327132 -0.000060346 1.000000000 -0.000011984 0.001328293 -0.000152590 0.000011974 1.000000000 0.003663574
1.000000000 -0.000032869 0.000190932 -0.001546768 0.000032855 1.000000000 0.000071408 0.000841183 -0.000190935 -0.000071402 1.000000000 0.003209237
1.000000000 0.000016568 0.000150047 -0.001242526 -0.000016560 1.000000000 -0.000048783 0.001234528 -0.000150048 0.000048781 1.000000000 0.002660857
1.000000000 0.000005145 0.000192730 -0.001145839 -0.000005148 1.000000000 0.000015036 0.000234704 -0.000192730 -0.000015037 1.000000000 0.000338538
1.000000000 -0.000067631 0.000197600 -0.001006137 0.000067636 1.000000000 -0.000023186 0.001624010 -0.000197599 0.000023199 1.000000000 0.002631258
1.000000000 0.000023377 0.000084314 -0.000343019 -0.000023382 1.000000000 0.000057740 -0.000132096 -0.000084312 -0.000057741 1.000000000 0.000584714
1.000000000 0.000022039 0.000151787 -0.001317085 -0.000022031 1.000000000 -0.000049967 0.001874129 -0.000151788 0.000049964 1.000000000 0.004188442
0.999999940 -0.000025855 0.000260527 -0.002462440 0.000025825 1.000000000 0.000116463 0.001232243 -0.000260530 -0.000116456 0.999999940 0.004363227
1.000000000 -0.000042142 0.000147046 -0.001741876 0.000042131 1.000000000 0.000076515 0.001043431 -0.000147049 -0.000076508 1.000000000 0.003600469
1.000000000 0.000091876 0.000047025 -0.000042037 -0.000091880 1.000000000 0.000085264 -0.000158862 -0.000047017 -0.000085269 1.000000000 0.000670368
1.000000000 -0.000096732 0.000068309 -0.001538113 0.000096728 1.000000000 0.000064861 0.000709028 -0.000068316 -0.000064854 1.000000000 0.003267891
0.999999940 0.000138731 0.000359764 -0.003272525 -0.000138740 1.000000000 0.000026747 0.001599533 -0.000359760 -0.000026797 0.999999940 0.004890011
0.999999940 0.000175759 0.000264819 -0.002954328 -0.000175780 1.000000000 0.000079546 0.000583146 -0.000264805 -0.000079593 0.999999940 0.003237263
0.999999940 0.000196092 0.000191203 -0.002113299 -0.000196109 1.000000000 0.000087027 0.000879462 -0.000191186 -0.000087065 1.000000000 0.003811736
0.999999881 0.000325376 0.000282462 -0.002141110 -0.000325451 0.999999940 0.000263581 -0.000766144 -0.000282376 -0.000263673 0.999999940 0.001382802
0.999999821 0.000466236 0.000354116 -0.003608758 -0.000466260 0.999999881 0.000069060 0.001036134 -0.000354084 -0.000069225 0.999999940 0.003921754
0.999999940 0.000128514 0.000236325 -0.002443841 -0.000128548 1.000000000 0.000142966 0.000695903 -0.000236307 -0.000142996 0.999999940 0.003194181
0.999999940 0.000118104 0.000308994 -0.001574045 -0.000118130 1.000000000 0.000084076 -0.000137798 -0.000308984 -0.000084112 0.999999940 0.001812964
0.999999940 0.000124551 0.000261705 -0.002303522 -0.000124562 1.000000000 0.000044229 0.000522551 -0.000261700 -0.000044262 0.999999940 0.000956011
1.000000000 0.000057355 0.000206123 -0.000473365 -0.000057359 1.000000000 0.000019233 0.000753803 -0.000206122 -0.000019245 1.000000000 0.000996801
0.999999940 0.000109517 0.000289031 -0.001874411 -0.000109550 1.000000000 0.000112077 -0.000026543 -0.000289019 -0.000112109 0.999999940 0.000746626
1.000000000 0.000053227 0.000215068 -0.000456179 -0.000053236 1.000000000 0.000045574 0.000269322 -0.000215065 -0.000045585 1.000000000 0.000616988
0.999999881 0.000229097 0.000361005 -0.003731624 -0.000229067 1.000000000 -0.000084088 0.002057840 -0.000361024 0.000084005 0.999999940 0.003475034
0.999999940 0.000163008 0.000318271 -0.003749302 -0.000163023 1.000000000 0.000046923 0.001328391 -0.000318263 -0.000046974 0.999999940 0.003590523
0.999999940 0.000157734 0.000299790 -0.003056780 -0.000157782 1.000000000 0.000159251 -0.000258227 -0.000299765 -0.000159298 0.999999940 0.002414683
0.999999940 0.000055353 0.000261656 -0.001527216 -0.000055393 1.000000000 0.000155078 0.000156355 -0.000261647 -0.000155093 0.999999940 0.001495428
0.999999881 0.000262640 0.000365798 -0.003672044 -0.000262651 0.999999940 0.000030159 0.001584419 -0.000365790 -0.000030255 0.999999940 0.003730143
0.999999881 0.000308986 0.000439478 -0.003284855 -0.000309008 0.999999940 0.000050781 0.000939954 -0.000439462 -0.000050917 0.999999881 0.002548363
0.999999940 0.000149024 0.000248326 -0.000750689 -0.000149056 1.000000000 0.000131127 -0.000249027 -0.000248306 -0.000131164 0.999999940 0.000283026
0.999999881 0.000299614 0.000332547 -0.002878581 -0.000299613 0.999999940 -0.000002463 0.002799362 -0.000332547 0.000002364 0.999999940 0.005521679
0.999999940 0.000236413 0.000314302 -0.003408990 -0.000236400 1.000000000 -0.000041609 0.004224406 -0.000314312 0.000041534 0.999999940 0.007173860
0.999999940 -0.000110494 0.000258685 -0.001064570 0.000110475 1.000000000 0.000076978 0.001083508 -0.000258694 -0.000076950 0.999999940 0.002760827
0.999999881 0.000272779 0.000340136 -0.002265930 -0.000272838 0.999999940 0.000174331 0.000722863 -0.000340088 -0.000174423 0.999999940 0.002985794
0.999999940 -0.000012653 0.000244891 -0.001789589 0.000012630 1.000000000 0.000095546 0.001352083 -0.000244892 -0.000095543 0.999999940 0.003040059
0.999999881 0.000106311 0.000464334 -0.002989908 -0.000106295 1.000000000 -0.000034786 0.001959863 -0.000464338 0.000034737 0.999999881 0.005200590
0.999999940 -0.000215336 0.000222554 0.000556728 0.000215524 0.999999642 -0.000845695 0.001240975 -0.000222372 0.000845743 0.999999642 0.054867044
0.999999881 0.000307221 0.000390686 -0.001766018 -0.000306818 0.999999404 -0.001031059 -0.006479098 -0.000391002 0.001030939 0.999999404 0.130897775
1.000000000 0.000186313 0.000079675 0.003104293 -0.000186176 0.999998510 -0.001716657 -0.002543315 -0.000079994 0.001716642 0.999998510 0.256190628
1.000000000 0.000198811 0.000078856 0.005279529 -0.000198720 0.999999285 -0.001154313 -0.012477543 -0.000079086 0.001154297 0.999999344 0.385763556
0.999999940 0.000160340 0.000191809 0.008217734 -0.000160157 0.999999523 -0.000950870 -0.017435616 -0.000191962 0.000950839 0.999999523 0.524767518
0.999999940 0.000291886 0.000081480 0.012899048 -0.000291818 0.999999583 -0.000831820 -0.025472051 -0.000081723 0.000831796 0.999999642 0.667339027
0.999999881 0.000386471 0.000281326 0.015818369 -0.000386239 0.999999583 -0.000825430 -0.026219903 -0.000281645 0.000825322 0.999999642 0.838451207
1.000000000 0.000116516 0.000133467 0.018236719 -0.000116434 0.999999821 -0.000611646 -0.028617274 -0.000133538 0.000611630 0.999999821 1.014158607
1.000000000 0.000031450 0.000004408 0.022607556 -0.000031449 1.000000000 -0.000227946 -0.034763306 -0.000004415 0.000227946 1.000000000 1.190510154
0.999999881 0.000369277 0.000335970 0.016697913 -0.000369078 0.999999762 -0.000591456 -0.033867404 -0.000336189 0.000591332 0.999999762 1.371012330
1.000000000 0.000092158 -0.000018248 0.036943201 -0.000092152 0.999999940 0.000353391 -0.054202929 0.000018281 -0.000353389 0.999999940 1.566372752
0.999999821 0.000565312 0.000225303 0.037957978 -0.000565374 0.999999821 0.000272584 -0.055607233 -0.000225149 -0.000272711 0.999999940 1.759289503
0.999999940 0.000197070 -0.000351498 0.042022999 -0.000197174 0.999999940 -0.000297373 -0.054750443 0.000351439 0.000297442 0.999999881 1.962372780
0.999998748 0.001431732 0.000696480 0.028185921 -0.001430735 0.999997914 -0.001429924 -0.050074793 -0.000698526 0.001428925 0.999998689 2.144030571
0.999997854 0.001966800 0.000708792 0.031010468 -0.001965589 0.999996603 -0.001705948 -0.054145504 -0.000712145 0.001704551 0.999998271 2.358733416
0.999997377 0.002233013 0.000617412 0.039044052 -0.002232225 0.999996722 -0.001274719 -0.067256168 -0.000620257 0.001273337 0.999999046 2.578271627
0.999998510 0.001584468 0.000697645 0.041873332 -0.001583621 0.999997973 -0.001212472 -0.072866566 -0.000699564 0.001211365 0.999999046 2.813454390
0.999999404 0.001065232 0.000429207 0.052675582 -0.001064834 0.999999046 -0.000927862 -0.079675868 -0.000430195 0.000927405 0.999999523 3.044472694
0.999998987 0.001412060 0.000288169 0.057378400 -0.001411704 0.999998271 -0.001232617 -0.083468057 -0.000289909 0.001232209 0.999999225 3.281266212
0.999999046 0.001312218 0.000392164 0.058326274 -0.001311719 0.999998331 -0.001270960 -0.091172561 -0.000393831 0.001270444 0.999999106 3.527463675
0.999999344 0.001139939 0.000090268 0.072291240 -0.001139837 0.999998868 -0.001116332 -0.098265283 -0.000091540 0.001116228 0.999999285 3.779993773
0.999999344 0.001082649 0.000142913 0.078803822 -0.001082467 0.999998629 -0.001267527 -0.104760841 -0.000144285 0.001267372 0.999999166 4.044036388
0.999999046 0.001424628 0.000285453 0.079474442 -0.001424348 0.999998569 -0.000979888 -0.112721257 -0.000286849 0.000979480 0.999999464 4.290754795
0.999999583 0.000936400 -0.000178505 0.093419306 -0.000936549 0.999999225 -0.000832370 -0.119718716 0.000177726 0.000832537 0.999999642 4.544453621
0.999998629 0.001634196 0.000253138 0.091885045 -0.001633842 0.999997616 -0.001393920 -0.116213515 -0.000255415 0.001393504 0.999998927 4.814452171
0.999998987 0.001376560 0.000185149 0.098521434 -0.001376299 0.999997973 -0.001403706 -0.124214709 -0.000187081 0.001403450 0.999998987 5.076061249
0.999998689 0.001568422 0.000226551 0.102231964 -0.001568052 0.999997497 -0.001625757 -0.130958289 -0.000229100 0.001625400 0.999998629 5.336136341
0.999998569 0.001678922 0.000023189 0.115141578 -0.001678889 0.999997675 -0.001354113 -0.141493201 -0.000025463 0.001354072 0.999999046 5.602356434
0.999999344 0.001135390 0.000080715 0.113294154 -0.001135288 0.999998569 -0.001257556 -0.149792656 -0.000082143 0.001257463 0.999999225 5.866794109
0.999998629 0.001638480 0.000107595 0.118557155 -0.001638368 0.999998152 -0.001038816 -0.161016330 -0.000109297 0.001038638 0.999999523 6.144390106
0.999999046 0.001394125 0.000292858 0.125424057 -0.001393777 0.999998331 -0.001184626 -0.168212011 -0.000294509 0.001184217 0.999999285 6.424162388
0.999999225 0.001223891 0.000137409 0.132915631 -0.001223776 0.999998868 -0.000837208 -0.181533128 -0.000138433 0.000837039 0.999999702 6.705592632
0.999999046 0.001300364 0.000417009 0.133043438 -0.001299922 0.999998569 -0.001058890 -0.188947529 -0.000418385 0.001058347 0.999999344 7.007323265
0.999999344 0.000892410 0.000700894 0.136765197 -0.000891519 0.999998748 -0.001269655 -0.191607863 -0.000702026 0.001269029 0.999998987 7.309661865
0.999999225 0.001052691 0.000364768 0.150548697 -0.001052259 0.999998629 -0.001183336 -0.207905218 -0.000366013 0.001182951 0.999999225 7.615874767
0.999999046 0.001235048 0.000356285 0.162804514 -0.001234799 0.999998868 -0.000697257 -0.226502463 -0.000357146 0.000696816 0.999999702 7.910068989
0.999998927 0.001257243 0.000683661 0.154437140 -0.001256696 0.999998868 -0.000800861 -0.230049372 -0.000684667 0.000800001 0.999999464 8.245400429
0.999998927 0.001247595 0.000759029 0.164739057 -0.001247029 0.999998927 -0.000745681 -0.244395733 -0.000759958 0.000744733 0.999999464 8.563210487
0.999999166 0.000917498 0.000890177 0.178378820 -0.000917400 0.999999523 -0.000110144 -0.260352135 -0.000890278 0.000109328 0.999999583 8.887973785
0.999998689 0.001173479 0.001078744 0.176086545 -0.001173074 0.999999285 -0.000375439 -0.268271089 -0.001079184 0.000374174 0.999999285 9.237070084
0.999998689 0.001455073 0.000732212 0.180604517 -0.001454555 0.999998689 -0.000707255 -0.269041568 -0.000733240 0.000706188 0.999999464 9.587646484
0.999999523 0.000971270 0.000310012 0.195562810 -0.000971145 0.999999464 -0.000403728 -0.280892342 -0.000310404 0.000403426 0.999999821 9.932157516
0.999999642 0.000821304 0.000235242 0.207604557 -0.000821279 0.999999642 -0.000105656 -0.296874523 -0.000235329 0.000105463 0.999999940 10.281085014
0.999999225 0.001115704 0.000572570 0.201551154 -0.001115281 0.999999106 -0.000738957 -0.300934762 -0.000573394 0.000738318 0.999999523 10.652524948
0.999999344 0.000578201 0.000949601 0.205888018 -0.000577254 0.999999344 -0.000996903 -0.306268960 -0.000950176 0.000996355 0.999999046 11.026027679
0.999999702 0.000413292 0.000577420 0.217003673 -0.000412669 0.999999285 -0.001077249 -0.318975240 -0.000577865 0.001077010 0.999999344 11.397248268
0.999999642 0.000599528 0.000596004 0.229622021 -0.000599326 0.999999702 -0.000338920 -0.336298972 -0.000596207 0.000338562 0.999999762 11.760114670
0.999998987 0.000914570 0.001086308 0.229838923 -0.000913248 0.999998808 -0.001216701 -0.341008663 -0.001087420 0.001215708 0.999998629 12.159196854
0.999999523 0.000669327 0.000709221 0.247167736 -0.000668727 0.999999344 -0.000845179 -0.354430735 -0.000709786 0.000844705 0.999999404 12.541884422
0.999999583 0.000601064 0.000695814 0.257992327 -0.000600256 0.999999225 -0.001160982 -0.364227057 -0.000696511 0.001160564 0.999999106 12.935012817
0.999999285 0.000924443 0.000719755 0.261045575 -0.000923611 0.999998868 -0.001155513 -0.371772468 -0.000720823 0.001154847 0.999999046 13.354200363
0.999998987 0.000793944 0.001094156 0.269546151 -0.000792718 0.999999046 -0.001120443 -0.380553663 -0.001095045 0.001119574 0.999998748 13.766360283
0.999999166 0.000555037 0.001186187 0.273733199 -0.000553821 0.999999344 -0.001025810 -0.395465910 -0.001186756 0.001025152 0.999998748 14.179057121
0.999999166 0.000790055 0.001035464 0.286914825 -0.000789048 0.999999285 -0.000972697 -0.408577114 -0.001036232 0.000971879 0.999998987 14.599167824
0.999999344 0.000455123 0.001068969 0.296614230 -0.000454365 0.999999702 -0.000709337 -0.422046930 -0.001069291 0.000708851 0.999999166 15.025405884
0.999998927 0.000481334 0.001388613 0.309183300 -0.000480083 0.999999464 -0.000901445 -0.434230357 -0.001389046 0.000900777 0.999998629 15.461947441
0.999998212 0.000520421 0.001825349 0.318735987 -0.000518892 0.999999523 -0.000838216 -0.449200451 -0.001825784 0.000837268 0.999997914 15.893944740
0.999997973 0.000341913 0.002030737 0.330379516 -0.000340478 0.999999702 -0.000707362 -0.462292582 -0.002030979 0.000706669 0.999997675 16.332279205
0.999996960 0.000667549 0.002377437 0.337853014 -0.000665406 0.999999344 -0.000902152 -0.474687636 -0.002378038 0.000900568 0.999996781 16.779273987
0.999995649 0.000698313 0.002863998 0.343733221 -0.000695996 0.999999344 -0.000810229 -0.489649296 -0.002864562 0.000808232 0.999995589 17.233531952
0.999994636 0.000888509 0.003129759 0.351330787 -0.000886323 0.999999344 -0.000699559 -0.500450313 -0.003130378 0.000696782 0.999994814 17.696212769
0.999992728 0.001130828 0.003625885 0.362403780 -0.001127314 0.999998808 -0.000971102 -0.512289703 -0.003626978 0.000967008 0.999992967 18.154472351
0.999994457 0.000497453 0.003286897 0.383229405 -0.000494104 0.999999285 -0.001019671 -0.522108078 -0.003287402 0.001018042 0.999994099 18.622390747
0.999992490 0.001130631 0.003731093 0.387137234 -0.001126019 0.999998629 -0.001238050 -0.534270465 -0.003732488 0.001233839 0.999992192 19.098546982
0.999991655 0.000930491 0.003973899 0.403564572 -0.000924598 0.999998450 -0.001484518 -0.544643283 -0.003975274 0.001480831 0.999991000 19.579109192
0.999993384 0.000720586 0.003548767 0.414898664 -0.000716289 0.999999106 -0.001211937 -0.556223810 -0.003549637 0.001209387 0.999992967 20.069635391
0.999993801 0.000885213 0.003409649 0.420565963 -0.000880883 0.999998808 -0.001271192 -0.574224234 -0.003410770 0.001268181 0.999993324 20.559167862
0.999993742 0.000829045 0.003451444 0.429267347 -0.000823372 0.999998391 -0.001644748 -0.581597447 -0.003452801 0.001641896 0.999992669 21.058933258
0.999995351 0.000491190 0.003014953 0.439828128 -0.000486806 0.999998868 -0.001454677 -0.593104422 -0.003015663 0.001453202 0.999994397 21.566207886
0.999995947 0.000737902 0.002739968 0.443197042 -0.000735490 0.999999344 -0.000881156 -0.618691146 -0.002740617 0.000879138 0.999995828 22.051046371
0.999996603 0.000685696 0.002523601 0.455395162 -0.000682865 0.999999166 -0.001122872 -0.627148449 -0.002524368 0.001121145 0.999996126 22.563774109
0.999997139 0.001323240 0.001949208 0.460901290 -0.001320392 0.999998033 -0.001461808 -0.642168045 -0.001951138 0.001459230 0.999996960 23.081794739
0.999999166 0.000451277 0.001166789 0.471967757 -0.000449043 0.999998033 -0.001913970 -0.656009734 -0.001167650 0.001913444 0.999997437 23.609407425
0.999999642 0.000022932 0.000844972 0.480396807 -0.000021227 0.999997973 -0.002018017 -0.673828006 -0.000845016 0.002017998 0.999997616 24.126110077
0.999999762 0.000545902 0.000324907 0.489561200 -0.000545346 0.999998331 -0.001709342 -0.687846482 -0.000325840 0.001709164 0.999998569 24.659584045
0.999998927 0.001330305 -0.000644234 0.503319860 -0.001331107 0.999998331 -0.001246252 -0.708387434 0.000642575 0.001247108 0.999998987 25.187959671
0.999998808 0.001133358 -0.001046586 0.510473430 -0.001134992 0.999998093 -0.001561866 -0.718658745 0.001044814 0.001563052 0.999998271 25.734806061
0.999998450 0.001106334 -0.001358175 0.518719554 -0.001107880 0.999998748 -0.001138467 -0.741099119 0.001356914 0.001139970 0.999998450 26.277631760
0.999997854 0.001191667 -0.001656337 0.524438560 -0.001193521 0.999998629 -0.001118620 -0.753903806 0.001655002 0.001120594 0.999998033 26.828145981
0.999998033 0.001091823 -0.001607340 0.527669489 -0.001093612 0.999998748 -0.001112092 -0.768321395 0.001606124 0.001113848 0.999998093 27.381187439
0.999996126 0.001035897 -0.002553704 0.538486183 -0.001038674 0.999998868 -0.001086459 -0.783444941 0.002552576 0.001089107 0.999996066 27.938657761
0.999996364 0.001629243 -0.002157124 0.540944874 -0.001630879 0.999998450 -0.000756710 -0.798736572 0.002155888 0.000760225 0.999997377 28.482461929
0.999995887 0.001556190 -0.002418626 0.547703743 -0.001559969 0.999997556 -0.001561191 -0.807383835 0.002416191 0.001564957 0.999995768 29.023550034
0.999992490 0.001208125 -0.003681637 0.571804941 -0.001211168 0.999998927 -0.000824547 -0.832000434 0.003680637 0.000829000 0.999992907 29.579446793
0.999991894 0.001408814 -0.003766726 0.572837710 -0.001411821 0.999998689 -0.000795811 -0.844835043 0.003765600 0.000801122 0.999992609 30.126344681
0.999992847 0.001366654 -0.003533370 0.583046675 -0.001369335 0.999998808 -0.000756436 -0.863846362 0.003532332 0.000761268 0.999993503 30.668483734
0.999989927 0.001078405 -0.004363598 0.593935132 -0.001082986 0.999998808 -0.001047740 -0.877927542 0.004362463 0.001052455 0.999989867 31.223876953
0.999987602 0.001165977 -0.004844353 0.604007721 -0.001169746 0.999998987 -0.000775340 -0.893224955 0.004843445 0.000780997 0.999987960 31.771301270
0.999985933 0.001330743 -0.005144234 0.615098596 -0.001332737 0.999998987 -0.000384196 -0.913973272 0.005143718 0.000391047 0.999986708 32.316337585
0.999986231 0.001301507 -0.005086553 0.617112160 -0.001306252 0.999998689 -0.000929583 -0.919247031 0.005085337 0.000936214 0.999986589 32.858245850
0.999987185 0.001467556 -0.004854735 0.623815894 -0.001472672 0.999998331 -0.001050217 -0.939250827 0.004853187 0.001057353 0.999987662 33.398323059
0.999984145 0.001678088 -0.005359771 0.632731795 -0.001683648 0.999998033 -0.001033008 -0.947439313 0.005358027 0.001042016 0.999985039 33.954555511
0.999983013 0.001333818 -0.005670008 0.637940645 -0.001340720 0.999998331 -0.001213731 -0.964222908 0.005668380 0.001221312 0.999983191 34.499351501
0.999984801 0.001035194 -0.005400140 0.647923887 -0.001041618 0.999998748 -0.001186888 -0.979383528 0.005398905 0.001192495 0.999984682 35.040283203
0.999988377 0.001306873 -0.004639831 0.647602558 -0.001311946 0.999998569 -0.001090486 -0.994707406 0.004638399 0.001096560 0.999988675 35.590297699
0.999988914 0.002082835 -0.004210913 0.653410971 -0.002087376 0.999997258 -0.001074222 -1.012895226 0.004208663 0.001083000 0.999990523 36.133426666
0.999980271 0.001309229 -0.006143714 0.674651206 -0.001318235 0.999998033 -0.001462159 -1.022596836 0.006141787 0.001470229 0.999980032 36.668621063
0.999980330 0.002383719 -0.005803156 0.679279923 -0.002393520 0.999995708 -0.001682751 -1.037470341 0.005799119 0.001696608 0.999981761 37.216312408
0.999978602 0.001429213 -0.006383414 0.686974943 -0.001440751 0.999997318 -0.001803283 -1.051519632 0.006380820 0.001812441 0.999978006 37.770225525
0.999980748 0.000986172 -0.006133582 0.691003323 -0.000999097 0.999997318 -0.002104363 -1.065287471 0.006131490 0.002110451 0.999978960 38.321163177
0.999978602 0.001346127 -0.006400165 0.702331543 -0.001360360 0.999996603 -0.002220065 -1.078865767 0.006397155 0.002228724 0.999977052 38.870803833
0.999976039 0.001792445 -0.006683276 0.705799580 -0.001804122 0.999996841 -0.001741483 -1.100179791 0.006680133 0.001753499 0.999976158 39.405654907
0.999976754 0.002345445 -0.006410618 0.718927622 -0.002356058 0.999995828 -0.001648479 -1.119481564 0.006406726 0.001663544 0.999978065 39.943767548
0.999976039 0.002076600 -0.006590973 0.730248213 -0.002087111 0.999996483 -0.001588398 -1.136282444 0.006587651 0.001602117 0.999977052 40.494438171
0.999971509 0.001764902 -0.007340393 0.738727808 -0.001778429 0.999996662 -0.001836737 -1.146615744 0.007337127 0.001849739 0.999971390 41.057216644
0.999970555 0.001906210 -0.007440344 0.748395443 -0.001917034 0.999997079 -0.001447889 -1.164271832 0.007437563 0.001462109 0.999971330 41.602092743
0.999969661 0.002360526 -0.007422029 0.767075777 -0.002370959 0.999996245 -0.001397268 -1.186218262 0.007418703 0.001414823 0.999971449 42.146011353
0.999967754 0.002645822 -0.007582961 0.758173645 -0.002658485 0.999995112 -0.001660146 -1.193748832 0.007578531 0.001680251 0.999969900 42.695083618
0.999967098 0.002424409 -0.007740744 0.768898845 -0.002434283 0.999996305 -0.001266399 -1.212981462 0.007737645 0.001285201 0.999969304 43.232254028
0.999969363 0.003147394 -0.007178289 0.773435950 -0.003160001 0.999993503 -0.001745610 -1.225277424 0.007172749 0.001768240 0.999972701 43.790058136
0.999970317 0.002457547 -0.007301229 0.769717932 -0.002469687 0.999995589 -0.001654128 -1.240371585 0.007297132 0.001672111 0.999971926 44.329257965
0.999971628 0.002572870 -0.007076789 0.777099013 -0.002588085 0.999994338 -0.002141718 -1.250684381 0.007071239 0.002159972 0.999972641 44.881614685
0.999976456 0.003077322 -0.006129261 0.782179713 -0.003091931 0.999992430 -0.002375450 -1.258756876 0.006121905 0.002394345 0.999978423 45.415813446
0.999971271 0.002386105 -0.007194853 0.787753999 -0.002397794 0.999995828 -0.001616342 -1.287061095 0.007190967 0.001633547 0.999972820 45.976825714
0.999970138 0.001846365 -0.007504427 0.800541043 -0.001861845 0.999996185 -0.002056268 -1.303898811 0.007500601 0.002070179 0.999969780 46.517333984
0.999968469 0.002339063 -0.007577969 0.802804232 -0.002352887 0.999995589 -0.001815765 -1.311997890 0.007573687 0.001833538 0.999969661 47.056400299
0.999970734 0.001619198 -0.007464684 0.808789790 -0.001631072 0.999997437 -0.001584769 -1.332472086 0.007462097 0.001596898 0.999970913 47.594058990
0.999976635 0.002408321 -0.006383299 0.796692073 -0.002424173 0.999993980 -0.002476759 -1.330265999 0.006377296 0.002492175 0.999976635 48.161785126
0.999971032 0.002109988 -0.007302072 0.811648846 -0.002122798 0.999996185 -0.001746981 -1.357085109 0.007298358 0.001762432 0.999971807 48.694000244
0.999972522 0.002006651 -0.007134438 0.819318414 -0.002020031 0.999996185 -0.001868776 -1.372799397 0.007130660 0.001883136 0.999972820 49.238723755
0.999975026 0.002366094 -0.006659581 0.826612234 -0.002381973 0.999994397 -0.002377311 -1.389822483 0.006653919 0.002393114 0.999974966 49.790966034
0.999970675 0.002248329 -0.007324512 0.835404158 -0.002261924 0.999995708 -0.001848524 -1.405119061 0.007320324 0.001865037 0.999971449 50.337657928
0.999975026 0.002024238 -0.006771442 0.837460041 -0.002040057 0.999995172 -0.002330300 -1.419632077 0.006766692 0.002344056 0.999974370 50.885562897
0.999978602 0.002075363 -0.006199698 0.838613510 -0.002089202 0.999995232 -0.002226523 -1.435826063 0.006195048 0.002239427 0.999978364 51.428230286
0.999968052 0.002171563 -0.007691628 0.852386594 -0.002190099 0.999994695 -0.002402179 -1.454535961 0.007686371 0.002418948 0.999967456 51.976009369
0.999967396 0.001555967 -0.007919563 0.864750385 -0.001584472 0.999992192 -0.003594340 -1.464269876 0.007913909 0.003606771 0.999962151 52.528759003
0.999971569 0.001904178 -0.007300248 0.864775598 -0.001919603 0.999995947 -0.002106743 -1.492088318 0.007296207 0.002120697 0.999971092 53.061149597
0.999970257 0.001966721 -0.007458187 0.871603012 -0.001982207 0.999995887 -0.002069583 -1.511603475 0.007454087 0.002084306 0.999970019 53.600933075
0.999973595 0.002015623 -0.006982975 0.875986636 -0.002032064 0.999995112 -0.002348091 -1.525259614 0.006978208 0.002362218 0.999972820 54.141647339
0.999975622 0.001693367 -0.006783479 0.878210127 -0.001709846 0.999995589 -0.002424144 -1.539004445 0.006779345 0.002435684 0.999974012 54.676643372
0.999969125 0.002100713 -0.007571619 0.891983986 -0.002119486 0.999994695 -0.002472265 -1.556050181 0.007566385 0.002488236 0.999968290 55.217899323
0.999970078 0.002359711 -0.007366894 0.897534013 -0.002376703 0.999994516 -0.002298663 -1.573390126 0.007361429 0.002316103 0.999970198 55.765922546
0.999967158 0.002281345 -0.007774812 0.903271675 -0.002300474 0.999994338 -0.002452408 -1.586976886 0.007769173 0.002470214 0.999966741 56.308517456
0.999970496 0.002063508 -0.007398886 0.917194843 -0.002083746 0.999994099 -0.002728639 -1.602116585 0.007393212 0.002743976 0.999968886 56.850879669
0.999970198 0.002311005 -0.007357805 0.921972096 -0.002331677 0.999993384 -0.002802014 -1.616609216 0.007351280 0.002819086 0.999969006 57.406944275
0.999949813 0.001713653 -0.009868392 0.945902228 -0.001734463 0.999996424 -0.002100456 -1.643264890 0.009864756 0.002117468 0.999949038 57.934799194
0.999960482 0.001990969 -0.008664688 0.948762894 -0.002012925 0.999994874 -0.002525980 -1.650301576 0.008659613 0.002543321 0.999959290 58.474582672
0.999973118 0.002354525 -0.006943241 0.930311322 -0.002374203 0.999993205 -0.002827359 -1.666303158 0.006936538 0.002843768 0.999971867 59.028957367
0.999973476 0.002136329 -0.006971151 0.940764546 -0.002158327 0.999992728 -0.003149680 -1.685105205 0.006964372 0.003164643 0.999970734 59.567451477
0.999975681 0.002280061 -0.006579215 0.946441948 -0.002300505 0.999992549 -0.003101409 -1.698648453 0.006572094 0.003116469 0.999973536 60.117973328
0.999968171 0.002511577 -0.007568358 0.955959976 -0.002535284 0.999991894 -0.003124394 -1.709456205 0.007560449 0.003143482 0.999966502 60.647674561
0.999969244 0.002881465 -0.007284999 0.965026736 -0.002905339 0.999990404 -0.003268671 -1.730941176 0.007275511 0.003289737 0.999968052 61.193641663
0.999968648 0.002769586 -0.007423386 0.972815752 -0.002795189 0.999990106 -0.003440797 -1.741648912 0.007413783 0.003461439 0.999966562 61.739921570
0.999963701 0.002737479 -0.008067935 0.984720707 -0.002763922 0.999990940 -0.003268301 -1.760260701 0.008058914 0.003290482 0.999962091 62.261241913
0.999968410 0.002650160 -0.007490119 0.989810765 -0.002676279 0.999990404 -0.003479286 -1.778830171 0.007480826 0.003499222 0.999965906 62.806015015
0.999971390 0.002920298 -0.006975004 0.986752987 -0.002940573 0.999991417 -0.002898303 -1.798019409 0.006966480 0.002918731 0.999971449 63.355159760
0.999965727 0.002782433 -0.007794868 0.995321095 -0.002804995 0.999991834 -0.002884955 -1.814190745 0.007786778 0.002906720 0.999965429 63.894351959
0.999970734 0.002422887 -0.007256991 0.994238019 -0.002447850 0.999991119 -0.003433101 -1.827300668 0.007248609 0.003450765 0.999967754 64.443450928
0.999970853 0.002963884 -0.007040626 1.003127933 -0.002983322 0.999991834 -0.002752034 -1.842871070 0.007032412 0.002772958 0.999971390 64.973831177
0.999973476 0.003660769 -0.006298913 0.996264517 -0.003680065 0.999988556 -0.003054666 -1.855070114 0.006287660 0.003077766 0.999975443 65.508712769
0.999967456 0.002927620 -0.007516036 1.018103123 -0.002951874 0.999990463 -0.003217936 -1.874626756 0.007506543 0.003240018 0.999966562 66.040679932
0.999968350 0.003309634 -0.007223289 1.018313885 -0.003335429 0.999988139 -0.003561998 -1.886215925 0.007211414 0.003585979 0.999967515 66.593513489
0.999967337 0.003276094 -0.007385863 1.032785058 -0.003297780 0.999990284 -0.002925868 -1.913669705 0.007376205 0.002950128 0.999968410 67.137275696
0.999963462 0.003110033 -0.007957762 1.046001792 -0.003132333 0.999991179 -0.002791224 -1.932474852 0.007949010 0.002816049 0.999964416 67.656143188
0.999962211 0.003862358 -0.007794318 1.055379033 -0.003881460 0.999989569 -0.002437119 -1.955405712 0.007784823 0.002467280 0.999966562 68.186912537
0.999963582 0.003439853 -0.007814593 1.065284491 -0.003461767 0.999990165 -0.002792297 -1.972133398 0.007804911 0.002819247 0.999965549 68.738677979
0.999964893 0.003691559 -0.007519554 1.053585052 -0.003714570 0.999988437 -0.003048660 -1.981874108 0.007508213 0.003076485 0.999967098 69.278747559
0.999963582 0.003581400 -0.007742759 1.067172170 -0.003606824 0.999988198 -0.003272123 -1.997196078 0.007730949 0.003299931 0.999964654 69.822425842
0.999966800 0.004151879 -0.007006985 1.059593678 -0.004171818 0.999987245 -0.002833189 -2.019187212 0.006995134 0.002862327 0.999971390 70.373023987
0.999967098 0.003815032 -0.007155057 1.062973261 -0.003840779 0.999986291 -0.003588245 -2.024785757 0.007141268 0.003615608 0.999967992 70.906219482
0.999966145 0.003475729 -0.007456922 1.080211878 -0.003505107 0.999986112 -0.003930232 -2.042929173 0.007443158 0.003956237 0.999964535 71.455245972
0.999964297 0.004128207 -0.007364154 1.084380031 -0.004154242 0.999985158 -0.003523548 -2.060837746 0.007349498 0.003554015 0.999966681 71.995986938
0.999965847 0.004092825 -0.007179609 1.083058834 -0.004117034 0.999985874 -0.003360424 -2.082872391 0.007165753 0.003389867 0.999968588 72.523300171
0.999967396 0.003647550 -0.007208898 1.094517946 -0.003670257 0.999988317 -0.003139262 -2.106056452 0.007197363 0.003165619 0.999969125 73.065826416
0.999970138 0.003221062 -0.007031789 1.095271111 -0.003242741 0.999989927 -0.003073666 -2.122496843 0.007021818 0.003096377 0.999970555 73.618141174
0.999968112 0.003673761 -0.007092245 1.100810289 -0.003697031 0.999987841 -0.003270607 -2.134971142 0.007080145 0.003296723 0.999969423 74.137649536
0.999968171 0.003542404 -0.007163120 1.111584544 -0.003562900 0.999989569 -0.002850597 -2.153839827 0.007152949 0.002876028 0.999970198 74.673767090
0.999964416 0.004454944 -0.007163596 1.115700960 -0.004470212 0.999987781 -0.002116651 -2.179117680 0.007154079 0.002148599 0.999972045 75.214721680
0.999967694 0.003176096 -0.007377215 1.127687335 -0.003197263 0.999990821 -0.002859218 -2.191006660 0.007368067 0.002882713 0.999968708 75.756332397
0.999962091 0.003929304 -0.007770007 1.136001706 -0.003949494 0.999988914 -0.002584852 -2.211014509 0.007759764 0.002615441 0.999966502 76.297958374
0.999967575 0.003360168 -0.007306735 1.137543440 -0.003380841 0.999990284 -0.002818741 -2.228057384 0.007297193 0.002843353 0.999969304 76.841636658
0.999967694 0.002834349 -0.007526407 1.147446871 -0.002857712 0.999991119 -0.003095226 -2.243669510 0.007517567 0.003116634 0.999966860 77.382850647
0.999969482 0.002715676 -0.007320713 1.157440305 -0.002733999 0.999993145 -0.002494129 -2.266937971 0.007313890 0.002514069 0.999970078 77.927352905
0.999965668 0.003441738 -0.007536290 1.164553046 -0.003465196 0.999989212 -0.003101869 -2.274875402 0.007525533 0.003127877 0.999966741 78.468780518
0.999965489 0.002932525 -0.007781068 1.182221055 -0.002954951 0.999991596 -0.002872241 -2.294115543 0.007772579 0.002895135 0.999965608 79.011497498
0.999973178 0.002703895 -0.006794219 1.174265623 -0.002728781 0.999989569 -0.003656246 -2.304568529 0.006784263 0.003674688 0.999970198 79.566223145
0.999961793 0.003450106 -0.008032568 1.193145990 -0.003473568 0.999989748 -0.002908818 -2.326491594 0.008022450 0.002936608 0.999963522 80.091827393
0.999970198 0.003508772 -0.006877027 1.200832486 -0.003528105 0.999989867 -0.002801294 -2.343395233 0.006867129 0.002825473 0.999972403 80.639549255
0.999974430 0.004132350 -0.005825875 1.207584381 -0.004150585 0.999986470 -0.003121454 -2.359030247 0.005812899 0.003145555 0.999978065 81.181747437
0.999981761 0.003656857 -0.004796893 1.217830539 -0.003670558 0.999989212 -0.002850473 -2.379950762 0.004786416 0.002868028 0.999984384 81.707054138
0.999987364 0.003841717 -0.003242145 1.223371387 -0.003851431 0.999988079 -0.002995324 -2.394660950 0.003230599 0.003007774 0.999990284 82.246536255
0.999992907 0.003770606 -0.000068107 1.239538550 -0.003770791 0.999988496 -0.002960866 -2.413127422 0.000056942 0.002961101 0.999995649 82.792747498
0.999983788 0.003878996 0.004179927 1.247321486 -0.003867797 0.999988914 -0.002683727 -2.430891037 -0.004190291 0.002667516 0.999987662 83.325714111
0.999967396 0.003950390 0.007032564 1.267608404 -0.003929661 0.999987841 -0.002958979 -2.446722507 -0.007044169 0.002931247 0.999970913 83.869239807
0.999924600 0.003694387 0.011709663 1.294198990 -0.003660612 0.999989033 -0.002904534 -2.468115091 -0.011720266 0.002861450 0.999927223 84.420288086
0.999836385 0.003841335 0.017673109 1.322611213 -0.003790588 0.999988616 -0.002904000 -2.483699083 -0.017684061 0.002836534 0.999839604 84.969642639
0.999731362 0.003627329 0.022890996 1.346722126 -0.003561988 0.999989390 -0.002894600 -2.501988888 -0.022901256 0.002812285 0.999733746 85.498504639
0.999592960 0.002838685 0.028386587 1.384129643 -0.002755981 0.999991775 -0.002952215 -2.518353701 -0.028394734 0.002872780 0.999592662 86.041999817
0.999312639 0.003450582 0.036909916 1.409598470 -0.003349185 0.999990463 -0.002808636 -2.536390543 -0.036919255 0.002683087 0.999314666 86.594688416
0.998980284 0.003814487 0.044987142 1.454607487 -0.003703455 0.999989986 -0.002551162 -2.553843975 -0.044996418 0.002381953 0.998984337 87.147163391
0.998639286 0.003420627 0.052035689 1.495314121 -0.003298474 0.999991596 -0.002433165 -2.572435856 -0.052043576 0.002258216 0.998642206 87.693183899
0.998161316 0.002462534 0.060562603 1.555350780 -0.002297972 0.999993503 -0.002786718 -2.585593462 -0.060569070 0.002642424 0.998160481 88.231163025
0.997510970 0.002598369 0.070463367 1.617949486 -0.002443158 0.999994457 -0.002288800 -2.607155561 -0.070468917 0.002110950 0.997511804 88.752052307
0.996827304 0.002975403 0.079539493 1.670160294 -0.002765223 0.999992371 -0.002752481 -2.622358799 -0.079547077 0.002523804 0.996827900 89.317810059
0.996182859 0.002306680 0.087261334 1.738874435 -0.002044990 0.999993145 -0.003088193 -2.636518478 -0.087267861 0.002897956 0.996180654 89.863182068
0.995238960 0.001800905 0.097448915 1.815693378 -0.001553649 0.999995410 -0.002613111 -2.661713839 -0.097453177 0.002449269 0.995237052 90.383590698
0.993995667 0.002978781 0.109378330 1.870320320 -0.002667350 0.999991894 -0.002993489 -2.668317318 -0.109386370 0.002683765 0.993995607 90.945106506
0.992949247 0.002263775 0.118518338 1.956031799 -0.001896855 0.999992967 -0.003208604 -2.681174517 -0.118524790 0.002961169 0.992946625 91.493598938
0.991538644 0.002400377 0.129789874 2.043213844 -0.002048783 0.999993861 -0.002842400 -2.699468136 -0.129795879 0.002552439 0.991537392 92.020065308
0.989968181 0.001963031 0.141276807 2.150627136 -0.001568487 0.999994576 -0.002904010 -2.722300291 -0.141281709 0.002653286 0.989965856 92.558906555
0.988343716 0.002081971 0.152224541 2.252065659 -0.001742138 0.999995708 -0.002365788 -2.745423794 -0.152228788 0.002073015 0.988343060 93.097595215
0.986662149 0.001318126 0.162776202 2.355346680 -0.000861549 0.999995470 -0.002875496 -2.750475645 -0.162779257 0.002696903 0.986658812 93.656799316
0.984512627 0.001168893 0.175309911 2.478873253 -0.000722487 0.999996305 -0.002610183 -2.773299456 -0.175312310 0.002443098 0.984509826 94.176353455
0.982266068 0.000279417 0.187492535 2.601900101 0.000258122 0.999995828 -0.002842565 -2.789825916 -0.187492520 0.002840551 0.982261896 94.700637817
0.980146945 0.000575817 0.198271453 2.725807190 -0.000035258 0.999996185 -0.002729877 -2.801848888 -0.198272333 0.002668690 0.980143309 95.270088196
0.977388799 0.000736842 0.211448401 2.864545822 -0.000180908 0.999996424 -0.002648505 -2.822151184 -0.211449638 0.002550366 0.977385581 95.801490784
0.974426508 0.000031922 0.224706411 3.014698029 0.000534936 0.999996841 -0.002461777 -2.833809614 -0.224705800 0.002519024 0.974423468 96.326988220
0.971785903 -0.000282950 0.235864475 3.145128250 0.000877920 0.999996722 -0.002417495 -2.850317001 -0.235863045 0.002556358 0.971782923 96.838577271
0.968830824 -0.000589325 0.247722417 3.306039810 0.001271975 0.999995828 -0.002595672 -2.871416569 -0.247719824 0.002829864 0.968827605 97.362495422
0.965250909 -0.000414895 0.261324406 3.473896027 0.001085008 0.999996483 -0.002420028 -2.887598753 -0.261322498 0.002619473 0.965247989 97.875183105
0.961583555 -0.001215717 0.274509877 3.619640350 0.002070361 0.999993861 -0.002823636 -2.891012907 -0.274504781 0.003283497 0.961580157 98.388015747
0.958358467 -0.001306053 0.285564870 3.804389954 0.002119908 0.999994636 -0.002540879 -2.913878918 -0.285559982 0.003040446 0.958356023 98.945365906
0.954077601 -0.001439063 0.299556077 3.983020782 0.002299452 0.999994159 -0.002519734 -2.927507639 -0.299550653 0.003092837 0.954075396 99.464027405
0.949781358 -0.001158205 0.312912017 4.185878754 0.002058837 0.999994636 -0.002547829 -2.942059755 -0.312907398 0.003064116 0.949778676 99.982666016
0.945861459 -0.001949944 0.324564725 4.372638702 0.002969713 0.999992073 -0.002646651 -2.955110312 -0.324557006 0.003467229 0.945859790 100.489364624
0.941092551 -0.002287350 0.338141263 4.577451706 0.003252877 0.999992073 -0.002288765 -2.977463722 -0.338133335 0.003253872 0.941092551 101.010696411
0.936112821 -0.001792893 0.351695269 4.795207977 0.002840316 0.999992907 -0.002462291 -2.996429443 -0.351688415 0.003303908 0.936111271 101.500320435
0.931093574 -0.002147723 0.364774048 5.001337051 0.003167519 0.999992490 -0.002197386 -3.012364864 -0.364766598 0.003201400 0.931093454 102.032455444
0.926640093 -0.003008199 0.375937581 5.237916946 0.004283539 0.999987483 -0.002556639 -3.024245262 -0.375925153 0.003979427 0.926641524 102.544853210
0.920635045 -0.003667622 0.390406996 5.460754395 0.004913302 0.999985516 -0.002192042 -3.042569160 -0.390393376 0.003936258 0.920639753 103.021774292
0.914947569 -0.004396302 0.403548688 5.701362610 0.005737402 0.999981344 -0.002114251 -3.055510044 -0.403531879 0.004249749 0.914955676 103.515563965
0.909980357 -0.004431908 0.414627731 5.944778442 0.005878216 0.999980330 -0.002212201 -3.074121475 -0.414609790 0.004450331 0.909988403 103.983825684
0.903584599 -0.004926415 0.428381443 6.198417664 0.006131616 0.999980152 -0.001433574 -3.096987009 -0.428365886 0.003922026 0.903596878 104.503990173
0.897001565 -0.004781326 0.442001671 6.463832855 0.005873012 0.999982119 -0.001101490 -3.118213177 -0.441988498 0.003583919 0.897013605 104.979019165
0.891088367 -0.005364702 0.453798085 6.742256165 0.006648691 0.999977112 -0.001234014 -3.131185532 -0.453781039 0.004116779 0.891103685 105.484092712
0.885412931 -0.005779249 0.464769602 6.981506348 0.007117102 0.999974072 -0.001124159 -3.138112068 -0.464750975 0.004303157 0.885430992 105.932968140
0.878260016 -0.007002745 0.478132099 7.277938843 0.008536239 0.999963045 -0.001034340 -3.161675453 -0.478107244 0.004989869 0.878287315 106.420166016
