1.000000000 0.000000000 0.000000000 0.000000000 0.000000000 1.000000000 0.000000000 0.000000000 0.000000000 0.000000000 1.000000000 0.000000000
1.000000000 0.000023877 -0.000016594 0.000441351 -0.000023877 1.000000000 0.000029640 -0.000634174 0.000016595 -0.000029640 1.000000000 -0.001489116
1.000000000 -0.000016318 -0.000015812 0.001233358 0.000016318 1.000000000 -0.000002994 -0.000376615 0.000015812 0.000002994 1.000000000 -0.001753484
1.000000000 -0.000102691 -0.000116942 0.002014105 0.000102693 1.000000000 0.000018133 -0.001203698 0.000116940 -0.000018145 1.000000000 -0.004096878
1.000000000 -0.000162131 -0.000130508 0.000367553 0.000162135 1.000000000 0.000025791 0.000122601 0.000130504 -0.000025812 1.000000000 -0.002844905
1.000000000 -0.000160382 -0.000052212 0.001224459 0.000160383 1.000000000 0.000029710 -0.000384642 0.000052207 -0.000029718 1.000000000 -0.000589776
1.000000000 -0.000146782 -0.000021027 0.000603358 0.000146783 1.000000000 0.000036660 -0.000929125 0.000021022 -0.000036663 1.000000000 -0.003566385
1.000000000 -0.000043599 -0.000074876 0.001162062 0.000043601 1.000000000 0.000027392 -0.000020987 0.000074875 -0.000027396 1.000000000 -0.003085056
1.000000000 -0.000092271 -0.000027681 0.000386833 0.000092271 1.000000000 0.000004709 0.000520108 0.000027681 -0.000004712 1.000000000 -0.000375830
1.000000000 -0.000002305 -0.000019947 -0.000587592 0.000002305 1.000000000 -0.000000265 0.000996441 0.000019947 0.000000265 1.000000000 0.000291273
1.000000000 -0.000093853 -0.000120622 0.001293883 0.000093858 1.000000000 0.000042982 -0.000990098 0.000120618 -0.000042993 1.000000000 -0.001870446
1.000000000 -0.000103052 -0.000069400 0.001021231 0.000103048 1.000000000 -0.000043827 0.000392683 0.000069404 0.000043820 1.000000000 -0.000087675
1.000000000 -0.000160642 -0.000056625 -0.000504492 0.000160643 1.000000000 0.000013806 0.001077483 0.000056623 -0.000013815 1.000000000 0.000591385
1.000000000 -0.000162826 -0.000033599 0.000450569 0.000162827 1.000000000 0.000031410 0.000218541 0.000033594 -0.000031416 1.000000000 -0.003205781
1.000000000 -0.000050645 -0.000064204 0.002328910 0.000050650 1.000000000 0.000072499 -0.000378242 0.000064200 -0.000072503 1.000000000 -0.002562180
1.000000000 -0.000070793 -0.000057974 0.002737402 0.000070799 1.000000000 0.000109118 -0.001314065 0.000057966 -0.000109122 1.000000000 -0.004542613
1.000000000 -0.000111736 -0.000074316 0.002133752 0.000111738 1.000000000 0.000025334 0.000472463 0.000074313 -0.000025343 1.000000000 -0.002154441
1.000000000 -0.000023444 -0.000094216 0.001962823 0.000023450 1.000000000 0.000068872 -0.000323465 0.000094214 -0.000068875 1.000000000 -0.003037947
1.000000000 -0.000155827 -0.000121963 0.002391093 0.000155829 1.000000000 0.000016177 -0.000476686 0.000121960 -0.000016196 1.000000000 -0.002346703
1.000000000 -0.000177903 -0.000091487 0.001527569 0.000177903 1.000000000 -0.000005830 0.000830328 0.000091488 0.000005814 1.000000000 0.000471550
1.000000000 -0.000176217 -0.000081865 0.000668620 0.000176223 1.000000000 0.000065851 -0.000864838 0.000081853 -0.000065865 1.000000000 -0.005992770
1.000000000 -0.000097749 -0.000084856 0.003982218 0.000097752 1.000000000 0.000039695 -0.000407904 0.000084852 -0.000039703 1.000000000 -0.002286134
1.000000000 -0.000130355 -0.000140182 0.003154807 0.000130367 1.000000000 0.000084328 -0.001083411 0.000140171 -0.000084346 1.000000000 -0.002697130
1.000000000 -0.000179682 -0.000124255 0.001573231 0.000179690 1.000000000 0.000062025 -0.000409989 0.000124244 -0.000062048 1.000000000 -0.002401385
1.000000000 -0.000135959 -0.000136392 0.003541569 0.000135964 1.000000000 0.000042011 0.000010925 0.000136387 -0.000042030 1.000000000 -0.001482242
1.000000000 -0.000196360 -0.000102552 0.002377952 0.000196364 1.000000000 0.000033028 0.000404578 0.000102545 -0.000033048 1.000000000 -0.001042742
0.999999940 -0.000246997 -0.000146115 0.002122850 0.000247013 0.999999940 0.000108416 -0.000664933 0.000146088 -0.000108452 1.000000000 -0.005024437
0.999999940 -0.000332339 -0.000098358 0.001946357 0.000332346 0.999999940 0.000067992 -0.001126467 0.000098336 -0.000068025 1.000000000 -0.002774135
1.000000000 -0.000076434 -0.000118371 0.002239358 0.000076443 1.000000000 0.000073330 -0.001020019 0.000118365 -0.000073339 1.000000000 -0.003687896
0.999999940 -0.000220841 -0.000146784 0.003131632 0.000220855 1.000000000 0.000100547 -0.001223440 0.000146762 -0.000100579 1.000000000 -0.003586354
0.999999940 -0.000211700 -0.000123316 0.001244163 0.000211706 1.000000000 0.000050584 -0.000208081 0.000123305 -0.000050611 1.000000000 -0.001635030
0.999999940 -0.000292214 -0.000144154 0.001360588 0.000292228 0.999999940 0.000098209 -0.000862635 0.000144125 -0.000098251 1.000000000 -0.003202073
0.999999940 -0.000213261 -0.000122856 0.001736462 0.000213262 1.000000000 0.000007243 -0.000082635 0.000122854 -0.000007269 1.000000000 -0.002014118
1.000000000 -0.000192044 -0.000102413 0.000624148 0.000192044 1.000000000 -0.000001040 0.000272764 0.000102413 0.000001020 1.000000000 -0.001029770
0.999999940 -0.000308382 -0.000114212 0.001527140 0.000308392 0.999999940 0.000092822 -0.000758252 0.000114183 -0.000092857 1.000000000 -0.004099392
0.999999940 -0.000218240 -0.000172384 0.002960098 0.000218237 1.000000000 -0.000013379 -0.000279926 0.000172387 0.000013342 1.000000000 -0.003460460
1.000000000 -0.000170783 -0.000144357 0.004101661 0.000170801 1.000000000 0.000125291 -0.001247326 0.000144335 -0.000125316 1.000000000 -0.005839582
0.999999940 -0.000299535 -0.000163119 0.001774419 0.000299547 0.999999940 0.000075077 -0.000567126 0.000163096 -0.000075126 1.000000000 -0.003912330
0.999999940 -0.000217652 -0.000130848 0.001204261 0.000217664 1.000000000 0.000091533 -0.000637574 0.000130828 -0.000091561 1.000000000 -0.001904599
0.999999940 -0.000189473 -0.000200606 0.003742626 0.000189474 1.000000000 0.000005471 -0.001184940 0.000200605 -0.000005509 1.000000000 -0.002186909
0.999999940 -0.000228633 -0.000096634 0.001935359 0.000228579 0.999999821 -0.000560275 -0.001078671 0.000096762 0.000560253 0.999999821 0.045785610
1.000000000 -0.000098182 -0.000202379 0.003674566 0.000097957 0.999999404 -0.001110729 -0.004614034 0.000202488 0.001110709 0.999999344 0.136763096
1.000000000 -0.000166792 -0.000101305 0.005376081 0.000166646 0.999998927 -0.001435201 -0.006764462 0.000101544 0.001435184 0.999998987 0.253146231
1.000000000 -0.000176961 -0.000055118 0.006508190 0.000176881 0.999998927 -0.001447524 -0.011456089 0.000055374 0.001447514 0.999998927 0.387386113
1.000000000 -0.000068732 -0.000121712 0.011600368 0.000068588 0.999999285 -0.001182185 -0.017622704 0.000121793 0.001182177 0.999999285 0.523783982
1.000000000 -0.000170639 0.000048036 0.013902809 0.000170687 0.999999464 -0.001006506 -0.022876339 -0.000047864 0.001006514 0.999999464 0.677450955
0.999999940 -0.000269039 -0.000081044 0.019487610 0.000268962 0.999999523 -0.000945070 -0.025145231 0.000081299 0.000945049 0.999999523 0.842266917
1.000000000 0.000150318 0.000158246 0.018526137 -0.000150184 0.999999642 -0.000842120 -0.024561174 -0.000158372 0.000842097 0.999999642 1.020155191
0.999999881 0.000483835 0.000096512 0.025943860 -0.000483791 0.999999762 -0.000454411 -0.026434969 -0.000096732 0.000454364 0.999999881 1.188195467
0.999999881 0.000462421 0.000093834 0.029773399 -0.000462405 0.999999821 -0.000171108 -0.032622602 -0.000093913 0.000171065 0.999999940 1.370516658
0.999999821 0.000513115 -0.000032484 0.035070173 -0.000513121 0.999999821 -0.000174157 -0.038238741 0.000032394 0.000174173 0.999999940 1.568725824
0.999999940 0.000206309 0.000199984 0.036802605 -0.000206292 1.000000000 -0.000087339 -0.042364046 -0.000200002 0.000087297 1.000000000 1.762761831
1.000000000 0.000136826 0.000029372 0.045969952 -0.000136832 0.999999940 0.000202411 -0.048263248 -0.000029345 -0.000202415 1.000000000 1.970264673
0.999999940 0.000175541 0.000124082 0.049268208 -0.000175551 1.000000000 0.000084132 -0.056121282 -0.000124068 -0.000084154 1.000000000 2.176901817
0.999999762 0.000587386 0.000370520 0.050809640 -0.000587530 0.999999821 0.000388605 -0.063289464 -0.000370291 -0.000388823 0.999999881 2.385654449
0.999999702 0.000611630 0.000370689 0.051215414 -0.000611782 0.999999702 0.000408247 -0.068335369 -0.000370439 -0.000408474 0.999999762 2.606771231
0.999999642 0.000728179 0.000424438 0.054332901 -0.000728349 0.999999583 0.000399882 -0.074754097 -0.000424147 -0.000400191 0.999999762 2.841306210
0.999999583 0.000712083 0.000635104 0.057097673 -0.000712341 0.999999642 0.000405070 -0.078347296 -0.000634815 -0.000405522 0.999999642 3.078955889
0.999999881 0.000400257 0.000441255 0.065756813 -0.000400445 0.999999821 0.000426714 -0.089321792 -0.000441084 -0.000426890 0.999999762 3.318932295
0.999999464 0.000702575 0.000671129 0.069641285 -0.000703037 0.999999523 0.000687996 -0.099023342 -0.000670645 -0.000688467 0.999999523 3.542415857
0.999999464 0.000908890 0.000597741 0.075351782 -0.000909383 0.999999285 0.000824469 -0.103552833 -0.000596992 -0.000825012 0.999999464 3.791085482
0.999999762 0.000383846 0.000674119 0.082260646 -0.000384510 0.999999523 0.000986071 -0.113179043 -0.000673740 -0.000986330 0.999999285 4.056901932
0.999999404 0.000541992 0.000943126 0.079999782 -0.000543259 0.999998927 0.001343938 -0.122885734 -0.000942397 -0.001344449 0.999998569 4.304913521
0.999999821 0.000125728 0.000630465 0.086539797 -0.000126574 0.999999106 0.001342171 -0.130742818 -0.000630295 -0.001342250 0.999998868 4.559991837
0.999999702 0.000129447 0.000832552 0.095269278 -0.000130884 0.999998450 0.001726073 -0.140660197 -0.000832327 -0.001726181 0.999998093 4.810768127
0.999999762 0.000288203 0.000659236 0.095869601 -0.000289334 0.999998510 0.001716575 -0.157704726 -0.000658741 -0.001716765 0.999998331 5.058618069
0.999999821 0.000357431 0.000533844 0.102800056 -0.000358305 0.999998629 0.001638827 -0.162430182 -0.000533258 -0.001639018 0.999998569 5.321479321
0.999999583 0.000433759 0.000833367 0.106406622 -0.000435263 0.999998271 0.001804978 -0.173746601 -0.000832583 -0.001805340 0.999998093 5.594847679
0.999999464 0.000735187 0.000795623 0.108909920 -0.000736568 0.999998271 0.001737168 -0.179523140 -0.000794345 -0.001737754 0.999998212 5.873558521
0.999999583 0.000392474 0.000808302 0.110158995 -0.000393896 0.999998391 0.001760041 -0.192717761 -0.000807610 -0.001760359 0.999998152 6.113742352
0.999999166 0.000820510 0.000987778 0.115027405 -0.000822336 0.999997914 0.001848942 -0.202264130 -0.000986259 -0.001849753 0.999997854 6.396216869
0.999998450 0.001235026 0.001233635 0.121589869 -0.001237604 0.999997020 0.002091209 -0.211378694 -0.001231049 -0.002092733 0.999997079 6.683509827
0.999998510 0.001208864 0.001272588 0.128644094 -0.001211374 0.999997377 0.001973737 -0.218347266 -0.001270199 -0.001975276 0.999997258 6.985096455
0.999999225 0.000725033 0.001021124 0.134150714 -0.000726848 0.999998152 0.001777664 -0.224532813 -0.001019833 -0.001778405 0.999997973 7.285694599
0.999998868 0.000968865 0.001074650 0.138657287 -0.000970798 0.999997914 0.001799272 -0.238197163 -0.001072905 -0.001800314 0.999997735 7.565536499
0.999998868 0.000830165 0.001234517 0.143245310 -0.000832420 0.999997973 0.001827306 -0.243065819 -0.001232997 -0.001828331 0.999997497 7.885659218
0.999998987 0.000387079 0.001380250 0.141295761 -0.000390303 0.999997318 0.002336240 -0.263310462 -0.001379341 -0.002336776 0.999996305 8.198614120
0.999998927 0.000518779 0.001381434 0.151106790 -0.000522011 0.999997139 0.002340113 -0.272319198 -0.001380215 -0.002340832 0.999996305 8.523653030
0.999998450 0.000917876 0.001544799 0.156136259 -0.000921420 0.999997020 0.002295463 -0.280294031 -0.001542687 -0.002296883 0.999996185 8.859747887
0.999997854 0.001042328 0.001810728 0.163759753 -0.001046744 0.999996483 0.002439838 -0.295467257 -0.001808178 -0.002441728 0.999995351 9.196860313
0.999998152 0.001118373 0.001569179 0.171732023 -0.001122775 0.999995410 0.002806863 -0.308173954 -0.001566033 -0.002808620 0.999994814 9.505980492
0.999997914 0.001233467 0.001660557 0.179743230 -0.001238369 0.999994874 0.002954124 -0.316836685 -0.001656905 -0.002956174 0.999994278 9.851243973
0.999997795 0.001201066 0.001708365 0.185124859 -0.001205915 0.999995112 0.002839776 -0.327069402 -0.001704946 -0.002841830 0.999994516 10.220528603
0.999998033 0.000909000 0.001727427 0.192972466 -0.000914216 0.999994934 0.003020988 -0.339496076 -0.001724673 -0.003022561 0.999993920 10.556478500
0.999997914 0.000809358 0.001863840 0.200534821 -0.000815281 0.999994636 0.003179353 -0.348298013 -0.001861257 -0.003180866 0.999993205 10.920734406
0.999997973 0.000965804 0.001747672 0.206823379 -0.000970553 0.999995828 0.002718027 -0.355526865 -0.001745040 -0.002719718 0.999994695 11.294351578
0.999997199 0.001221691 0.002060228 0.213396132 -0.001227485 0.999995291 0.002813416 -0.362661690 -0.002056781 -0.002815936 0.999993801 11.678663254
0.999997973 0.000896695 0.001776138 0.231218174 -0.000902210 0.999994695 0.003106819 -0.380658418 -0.001773343 -0.003108416 0.999993503 12.054620743
0.999997199 0.001412963 0.001918405 0.238461047 -0.001418906 0.999994218 0.003099538 -0.388988882 -0.001914014 -0.003102251 0.999993384 12.440772057
0.999997318 0.001141026 0.002001153 0.243870020 -0.001148163 0.999992967 0.003568815 -0.411862910 -0.001997067 -0.003571103 0.999991655 12.802629471
0.999996722 0.001584055 0.002033876 0.258189142 -0.001591550 0.999991953 0.003688839 -0.422966182 -0.002028017 -0.003692064 0.999991179 13.208839417
0.999996126 0.001516361 0.002318395 0.263653517 -0.001525168 0.999991596 0.003801481 -0.434380472 -0.002312611 -0.003805002 0.999990106 13.607153893
0.999997377 0.001066999 0.002033456 0.275017172 -0.001074726 0.999992192 0.003802167 -0.459229082 -0.002029383 -0.003804343 0.999990642 14.030356407
0.999996901 0.001208104 0.002187997 0.284317166 -0.001216404 0.999992013 0.003796058 -0.471102834 -0.002183394 -0.003798708 0.999990344 14.460419655
0.999996126 0.001036347 0.002615164 0.294659883 -0.001046769 0.999991536 0.003986967 -0.480305195 -0.002611010 -0.003989689 0.999988616 14.886537552
0.999996126 0.001092958 0.002557122 0.316012025 -0.001104113 0.999989867 0.004365029 -0.507328987 -0.002552325 -0.004367836 0.999987185 15.309785843
0.999994874 0.001309095 0.002918743 0.326520711 -0.001321758 0.999989748 0.004341002 -0.520386398 -0.002913030 -0.004344837 0.999986351 15.749680519
0.999993622 0.001327665 0.003333074 0.335794985 -0.001342932 0.999988616 0.004582433 -0.528744161 -0.003326951 -0.004586879 0.999983966 16.203392029
0.999993861 0.000976637 0.003357792 0.343087316 -0.000991724 0.999989510 0.004494400 -0.551014423 -0.003353367 -0.004497703 0.999984264 16.631776810
0.999992073 0.001286130 0.003747893 0.354073256 -0.001303465 0.999988437 0.004626592 -0.562682152 -0.003741899 -0.004631442 0.999982297 17.091133118
0.999989450 0.001462080 0.004351604 0.365416169 -0.001483747 0.999986470 0.004980052 -0.575556695 -0.004344263 -0.004986458 0.999978125 17.554361343
0.999990284 0.001139716 0.004254496 0.373887211 -0.001161455 0.999986291 0.005110571 -0.593812227 -0.004248613 -0.005115463 0.999977887 18.021881104
0.999985397 0.001994908 0.005023833 0.379184425 -0.002020923 0.999984622 0.005178566 -0.601143122 -0.005013425 -0.005188643 0.999973893 18.498308182
0.999990225 0.000971376 0.004301870 0.400709599 -0.000993453 0.999986351 0.005132939 -0.615885079 -0.004296825 -0.005137163 0.999977589 18.969079971
0.999988258 0.001534545 0.004589203 0.414113551 -0.001561861 0.999981105 0.005954686 -0.636075735 -0.004579979 -0.005961784 0.999971747 19.438083649
0.999990046 0.001000182 0.004344125 0.440108657 -0.001025472 0.999982536 0.005823393 -0.668575764 -0.004338225 -0.005827791 0.999973536 19.943664551
0.999990165 0.000306203 0.004428275 0.453019619 -0.000331140 0.999984145 0.005631784 -0.677092373 -0.004426481 -0.005633195 0.999974310 20.439313889
0.999993265 0.000584216 0.003629666 0.468315959 -0.000605871 0.999982119 0.005967989 -0.696783781 -0.003626114 -0.005970148 0.999975622 20.924301147
0.999994874 0.000526794 0.003168149 0.476888388 -0.000546219 0.999981046 0.006133837 -0.708535254 -0.003164858 -0.006135536 0.999976158 21.427507401
0.999995291 0.000864387 0.002964229 0.482792169 -0.000882617 0.999980628 0.006154362 -0.721090078 -0.002958852 -0.006156948 0.999976695 21.938564301
0.999996901 0.000318616 0.002464191 0.500281453 -0.000334252 0.999979794 0.006347416 -0.736656725 -0.002462118 -0.006348220 0.999976814 22.426237106
0.999998152 0.000386607 0.001912232 0.511162221 -0.000398378 0.999980927 0.006159269 -0.744260073 -0.001909815 -0.006160017 0.999979198 22.948629379
0.999999106 0.000142479 0.001321474 0.518529713 -0.000150861 0.999979973 0.006345055 -0.758059978 -0.001320542 -0.006345250 0.999979019 23.446455002
0.999999464 -0.000473797 0.000935358 0.524298131 0.000468086 0.999981403 0.006095824 -0.772609591 -0.000938228 -0.006095383 0.999981046 23.965820312
0.999999583 0.000545313 0.000709851 0.526705623 -0.000549580 0.999981701 0.006025689 -0.779162109 -0.000706552 -0.006026077 0.999981582 24.482936859
0.999999702 0.000749437 0.000067576 0.534028411 -0.000749857 0.999978960 0.006441770 -0.792875528 -0.000062747 -0.006441818 0.999979198 25.013790131
0.999998987 0.001291391 -0.000560615 0.542611182 -0.001287805 0.999979138 0.006349386 -0.803021550 0.000568803 -0.006348659 0.999979675 25.545450211
0.999999046 0.000893066 -0.001050680 0.555102110 -0.000886407 0.999979675 0.006321283 -0.813970208 0.001056304 -0.006320347 0.999979436 26.106256485
0.999998748 0.000804495 -0.001366956 0.554022551 -0.000794954 0.999975443 0.006965800 -0.833109736 0.001372527 -0.006964704 0.999974787 26.639461517
0.999997973 0.000745034 -0.001860132 0.568017900 -0.000731744 0.999974310 0.007135146 -0.856678367 0.001865401 -0.007133771 0.999972820 27.182807922
0.999996841 0.001262183 -0.002185424 0.572698832 -0.001246914 0.999974906 0.006974406 -0.864153266 0.002194172 -0.006971658 0.999973297 27.721477509
0.999995589 0.001039228 -0.002774229 0.586801469 -0.001018170 0.999970794 0.007581316 -0.882000744 0.002782026 -0.007578457 0.999967456 28.263055801
0.999994814 0.001583367 -0.002800403 0.588481486 -0.001562022 0.999969780 0.007607456 -0.898867667 0.002812365 -0.007603043 0.999967158 28.819850922
0.999994099 0.001541434 -0.003050128 0.600532234 -0.001517474 0.999968052 0.007842336 -0.916154444 0.003062119 -0.007837662 0.999964595 29.358385086
0.999993503 0.001360320 -0.003339563 0.602928519 -0.001333986 0.999968112 0.007875114 -0.930158734 0.003350169 -0.007870608 0.999963403 29.907264709
0.999993026 0.001554288 -0.003406245 0.614742517 -0.001527594 0.999968290 0.007825493 -0.944719911 0.003418300 -0.007820236 0.999963582 30.461053848
0.999992728 0.001564421 -0.003473615 0.618742406 -0.001536549 0.999966741 0.008011827 -0.957844019 0.003486033 -0.008006433 0.999961793 31.008069992
0.999991894 0.001031568 -0.003908245 0.641685843 -0.001000290 0.999967515 0.007996586 -0.974887371 0.003916367 -0.007992611 0.999960363 31.548627853
0.999989748 0.001268149 -0.004349710 0.658964515 -0.001233755 0.999967992 0.007900747 -0.994292200 0.004359590 -0.007895300 0.999959290 32.066986084
0.999988854 0.001147260 -0.004565742 0.657952905 -0.001108635 0.999963641 0.008453395 -1.007696152 0.004575274 -0.008448239 0.999953866 32.642757416
0.999987364 0.001145727 -0.004899589 0.680813193 -0.001105783 0.999966204 0.008147584 -1.006726503 0.004908760 -0.008142063 0.999954760 33.166477203
0.999986768 0.000636376 -0.005104864 0.674150169 -0.000590631 0.999959767 0.008957603 -1.034517050 0.005110359 -0.008954468 0.999946892 33.721862793
0.999986768 0.000789427 -0.005076242 0.682070196 -0.000743068 0.999958098 0.009128124 -1.047381043 0.005083236 -0.009124232 0.999945462 34.273670197
0.999985158 0.000424340 -0.005438771 0.689372301 -0.000374069 0.999957263 0.009240773 -1.062603474 0.005442460 -0.009238601 0.999942541 34.825679779
0.999988258 0.002133415 -0.004340027 0.674293220 -0.002093199 0.999955058 0.009249826 -1.069899440 0.004359566 -0.009240633 0.999947846 35.347309113
0.999986231 0.000687407 -0.005200374 0.669717133 -0.000637178 0.999953210 0.009654154 -1.141509652 0.005206769 -0.009650708 0.999939799 35.950492859
0.999985695 0.000711167 -0.005305919 0.684068024 -0.000659628 0.999952674 0.009708921 -1.157842159 0.005312573 -0.009705283 0.999938786 36.489738464
0.999983490 0.000618623 -0.005706843 0.691550672 -0.000562291 0.999951303 0.009867111 -1.173980713 0.005712667 -0.009863743 0.999935031 37.055191040
0.999983013 0.001327342 -0.005676574 0.698702991 -0.001272444 0.999952555 0.009663526 -1.188952327 0.005689131 -0.009656141 0.999937236 37.597736359
0.999982059 0.001171653 -0.005877244 0.713135362 -0.001112039 0.999948025 0.010136187 -1.204589128 0.005888815 -0.010129469 0.999931395 38.163585663
0.999981880 0.001010953 -0.005933339 0.709552824 -0.000948181 0.999943674 0.010572854 -1.224154949 0.005943693 -0.010567039 0.999926507 38.711826324
0.999980927 0.000364213 -0.006168834 0.723011672 -0.000296957 0.999940515 0.010900057 -1.240015388 0.006172437 -0.010898019 0.999921560 39.249877930
0.999982357 0.000851977 -0.005887786 0.726676345 -0.000788179 0.999941051 0.010829443 -1.260837913 0.005896665 -0.010824610 0.999924064 39.795372009
0.999981582 0.001291452 -0.005925250 0.739258409 -0.001229224 0.999944210 0.010493917 -1.270057678 0.005938471 -0.010486443 0.999927402 40.337203979
0.999979556 0.000615899 -0.006374906 0.746355236 -0.000546549 0.999940753 0.010874599 -1.283719897 0.006381225 -0.010870893 0.999920547 40.881446838
0.999981403 0.000750658 -0.006054938 0.724376857 -0.000683255 0.999937892 0.011126294 -1.322616816 0.006062915 -0.011121949 0.999919772 41.459381104
0.999981225 0.000964040 -0.006056661 0.737346768 -0.000898433 0.999941051 0.010825523 -1.332202315 0.006066740 -0.010819877 0.999923050 42.007640839
0.999981523 0.000785221 -0.006035580 0.751248837 -0.000718301 0.999938369 0.011081818 -1.344222546 0.006043910 -0.011077277 0.999920368 42.549797058
0.999978006 0.000374718 -0.006625767 0.757108450 -0.000299952 0.999936283 0.011281502 -1.352706194 0.006629573 -0.011279265 0.999914408 43.090141296
0.999974191 -0.000003290 -0.007183025 0.770998120 0.000085805 0.999934018 0.011487252 -1.369636536 0.007182512 -0.011487575 0.999908149 43.662563324
0.999974251 0.000184652 -0.007173112 0.776334167 -0.000101432 0.999932706 0.011600338 -1.379682660 0.007174772 -0.011599310 0.999906957 44.203643799
0.999972820 0.000123090 -0.007370316 0.785754085 -0.000037937 0.999933243 0.011552569 -1.392435551 0.007371244 -0.011551973 0.999906123 44.754322052
0.999972999 0.000610357 -0.007323650 0.790391862 -0.000526644 0.999934554 0.011426932 -1.403699875 0.007330143 -0.011422766 0.999907911 45.300861359
0.999973476 0.000133629 -0.007279417 0.801433623 -0.000047834 0.999930561 0.011784830 -1.413139343 0.007280486 -0.011784173 0.999903977 45.838825226
0.999969244 -0.000245781 -0.007832806 0.813167036 0.000335536 0.999934256 0.011459619 -1.417866945 0.007829474 -0.011461896 0.999903679 46.369750977
0.999970734 -0.000020824 -0.007648926 0.831773996 0.000114631 0.999924719 0.012263780 -1.443718433 0.007648096 -0.012264299 0.999895513 46.917327881
0.999971390 -0.000144170 -0.007565318 0.825458288 0.000235692 0.999926805 0.012098217 -1.457880020 0.007563021 -0.012099653 0.999898195 47.457347870
0.999970555 0.000417650 -0.007652956 0.844025195 -0.000327382 0.999930382 0.011792568 -1.449581861 0.007657348 -0.011789716 0.999901116 47.989418030
0.999972820 -0.000037903 -0.007371608 0.837374449 0.000126708 0.999927342 0.012046773 -1.473962307 0.007370615 -0.012047378 0.999900281 48.515827179
0.999971449 -0.000444447 -0.007543801 0.850109935 0.000535194 0.999927402 0.012031570 -1.484420300 0.007537907 -0.012035262 0.999899209 49.062980652
0.999973178 -0.000083421 -0.007327325 0.846504092 0.000172457 0.999926090 0.012151398 -1.499961019 0.007325770 -0.012152334 0.999899328 49.600860596
0.999970436 -0.000315728 -0.007689025 0.867989063 0.000410744 0.999923468 0.012358814 -1.502389669 0.007684536 -0.012361607 0.999894083 50.151809692
0.999973655 0.000242451 -0.007256815 0.854108155 -0.000154468 0.999926507 0.012122272 -1.516840696 0.007259218 -0.012120831 0.999900162 50.664844513
0.999973536 0.000651582 -0.007238468 0.859771967 -0.000564081 0.999926865 0.012083845 -1.523811579 0.007245812 -0.012079443 0.999900758 51.214645386
0.999973834 0.000610233 -0.007207576 0.866771936 -0.000522482 0.999925911 0.012170484 -1.535622358 0.007214468 -0.012166402 0.999899924 51.748920441
0.999974310 0.000889403 -0.007100053 0.876610160 -0.000802886 0.999925494 0.012178983 -1.549050808 0.007110355 -0.012172971 0.999900579 52.293560028
0.999974847 0.000768570 -0.007039291 0.881166458 -0.000681165 0.999922693 0.012410791 -1.557697177 0.007048286 -0.012405684 0.999898195 52.821365356
0.999975264 0.001294948 -0.006904963 0.886508942 -0.001210791 0.999925077 0.012178185 -1.565926313 0.006920216 -0.012169526 0.999901950 53.373973846
0.999975920 0.001301880 -0.006834873 0.890763044 -0.001218575 0.999925077 0.012178243 -1.574679136 0.006850217 -0.012169619 0.999902487 53.926330566
0.999975860 0.001444721 -0.006780818 0.909415245 -0.001358596 0.999918580 0.012688708 -1.588472366 0.006798597 -0.012679192 0.999896526 54.467414856
0.999975026 0.001201299 -0.006966056 0.899981320 -0.001116356 0.999925077 0.012184974 -1.594401598 0.006980172 -0.012176892 0.999901474 54.991519928
0.999975502 0.001353270 -0.006864255 0.907156050 -0.001269043 0.999924004 0.012259920 -1.602329016 0.006880324 -0.012250908 0.999901295 55.527008057
0.999974370 0.001096107 -0.007081137 0.917199135 -0.001008765 0.999923527 0.012326191 -1.606953502 0.007094106 -0.012318732 0.999898911 56.077579498
0.999977112 0.000828985 -0.006712698 0.922504425 -0.000743743 0.999919176 0.012691158 -1.624609947 0.006722676 -0.012685874 0.999896944 56.627765656
0.999976873 0.001268640 -0.006695197 0.923000455 -0.001184609 0.999920607 0.012539921 -1.629716158 0.006710576 -0.012531699 0.999898911 57.144058228
0.999975204 0.000929137 -0.006972242 0.939189196 -0.000844963 0.999926865 0.012065954 -1.619392991 0.006982943 -0.012059765 0.999902844 57.788188934
0.999977529 0.000755607 -0.006657405 0.937591195 -0.000671583 0.999920189 0.012614391 -1.644131660 0.006666405 -0.012609636 0.999898255 58.224987030
0.999978304 0.001073616 -0.006509011 0.943683386 -0.000990801 0.999918640 0.012712966 -1.650471449 0.006522130 -0.012706238 0.999898016 58.775215149
0.999976397 0.000581445 -0.006862591 0.947644651 -0.000495223 0.999921024 0.012559090 -1.661469460 0.006869353 -0.012555393 0.999897599 59.298759460
0.999976158 0.000454473 -0.006888759 0.974795878 -0.000365627 0.999916792 0.012892934 -1.671682596 0.006894045 -0.012890109 0.999893129 59.847537994
0.999980211 0.000812231 -0.006239218 0.951221228 -0.000735236 0.999923706 0.012332940 -1.674208879 0.006248759 -0.012328107 0.999904454 60.396175385
0.999978125 0.000645533 -0.006586848 0.976462603 -0.000561523 0.999918580 0.012748098 -1.698174715 0.006594541 -0.012744120 0.999897003 60.895950317
0.999979019 0.001021932 -0.006393879 0.991879106 -0.000941271 0.999920070 0.012605606 -1.691470504 0.006406250 -0.012599323 0.999900103 61.489994049
0.999974668 0.000857699 -0.007068362 1.006396055 -0.000763130 0.999910295 0.013371070 -1.724822283 0.007079196 -0.013365338 0.999885619 61.979202271
0.999972224 0.000040035 -0.007458971 1.025598407 0.000056756 0.999915779 0.012975758 -1.732621193 0.007458863 -0.012975820 0.999888003 62.512920380
0.999975383 0.001004477 -0.006944724 1.045515537 -0.000914495 0.999915779 0.012947938 -1.735211611 0.006957145 -0.012941270 0.999892056 63.061923981
0.999976516 0.001816002 -0.006602213 1.029269099 -0.001728858 0.999911606 0.013180917 -1.755822301 0.006625566 -0.013169194 0.999891341 63.691448212
0.999977350 0.002443524 -0.006275332 1.039644003 -0.002365456 0.999920011 0.012417777 -1.742093325 0.006305175 -0.012402648 0.999903202 64.426925659
0.999975622 0.001625328 -0.006794410 1.045393467 -0.001539375 0.999919116 0.012636630 -1.752919674 0.006814399 -0.012625864 0.999897003 64.678436279
0.999977529 0.002188455 -0.006335341 1.050016999 -0.002115516 0.999931693 0.011496907 -1.717570424 0.006360070 -0.011483247 0.999913871 65.613510132
0.999977410 0.002022037 -0.006405009 1.058440566 -0.001939893 0.999916136 0.012805306 -1.773933411 0.006430365 -0.012792596 0.999897420 65.727493286
0.999976456 0.002361972 -0.006441654 1.061248302 -0.002280481 0.999917626 0.012628691 -1.780127764 0.006470952 -0.012613704 0.999899447 66.282714844
0.999977887 0.002479464 -0.006161097 1.070485592 -0.002401094 0.999916553 0.012695184 -1.791078329 0.006192061 -0.012680112 0.999900401 66.821228027
0.999975264 0.001812545 -0.006793813 1.092238307 -0.001723833 0.999913514 0.013041007 -1.803624868 0.006816862 -0.013028975 0.999891877 67.343986511
0.999973357 0.003175321 -0.006590495 1.137994409 -0.003090048 0.999911845 0.012908984 -1.834074020 0.006630906 -0.012888270 0.999894977 67.635848999
0.999973536 0.001261111 -0.007181590 1.114011526 -0.001177128 0.999931097 0.011686444 -1.785816669 0.007195833 -0.011677680 0.999905884 68.546752930
0.999973178 0.003382386 -0.006496806 1.154925346 -0.003297160 0.999908924 0.013084339 -1.857590556 0.006540470 -0.013062565 0.999893308 68.719711304
0.999970078 0.002884353 -0.007175065 1.168670177 -0.002792204 0.999913931 0.012820022 -1.868786812 0.007211425 -0.012799602 0.999892116 69.240577698
0.999972224 0.004105329 -0.006223855 1.135145664 -0.004023571 0.999906123 0.013092381 -1.859453559 0.006277020 -0.013066974 0.999894917 69.688850403
0.999970973 0.002955093 -0.007019649 1.148038030 -0.002874589 0.999930263 0.011450889 -1.822735548 0.007052998 -0.011430378 0.999909759 70.436630249
0.999973059 0.004427392 -0.005868279 1.152721882 -0.004352807 0.999910295 0.012662270 -1.874875784 0.005923813 -0.012636384 0.999902666 70.767204285
0.999973118 0.003383500 -0.006503319 1.144836545 -0.003297811 0.999908149 0.013142035 -1.890726566 0.006547190 -0.013120237 0.999892473 71.192390442
0.999968529 0.003630719 -0.007045255 1.178570867 -0.003543258 0.999916971 0.012387168 -1.888616085 0.007089645 -0.012361815 0.999898434 71.849426270
0.999973416 0.003204026 -0.006543173 1.155830383 -0.003116677 0.999906480 0.013316521 -1.934964061 0.006585230 -0.013295778 0.999889851 72.142311096
0.999972343 0.003239869 -0.006696359 1.165179253 -0.003151111 0.999907613 0.013223116 -1.939630032 0.006738581 -0.013201649 0.999890149 72.687500000
0.999974251 0.003602853 -0.006210903 1.153319001 -0.003521254 0.999908030 0.013099231 -1.930949569 0.006257526 -0.013077021 0.999894917 73.292572021
0.999973297 0.002997272 -0.006663799 1.178735018 -0.002909188 0.999908805 0.013188988 -1.956449747 0.006702722 -0.013169249 0.999890745 73.789451599
0.999974847 0.003665993 -0.006075567 1.172831059 -0.003586045 0.999907553 0.013118031 -1.953799248 0.006123096 -0.013095912 0.999895453 74.436241150
0.999975204 0.002998793 -0.006364254 1.189117432 -0.002912972 0.999905348 0.013451488 -1.963982105 0.006403990 -0.013432616 0.999889255 74.970245361
0.999974966 0.003012116 -0.006412086 1.198521614 -0.002927188 0.999908388 0.013213395 -1.972115993 0.006451298 -0.013194293 0.999892116 75.499481201
0.999975204 0.003366416 -0.006176270 1.192497730 -0.003290256 0.999918938 0.012300001 -1.965842962 0.006217177 -0.012279375 0.999905288 76.085670471
0.999977171 0.003477377 -0.005795477 1.186317921 -0.003405250 0.999917209 0.012409097 -1.972062826 0.005838149 -0.012389078 0.999906182 76.650100708
0.999975324 0.003622442 -0.006021686 1.192999363 -0.003545728 0.999913096 0.012701776 -1.987635851 0.006067175 -0.012680112 0.999901175 77.198425293
0.999976933 0.003171608 -0.005993608 1.203494668 -0.003097096 0.999918282 0.012400517 -1.999556541 0.006032447 -0.012381666 0.999905169 77.755020142
0.999979973 0.003308710 -0.005408196 1.203693867 -0.003245882 0.999927640 0.011584958 -1.986574531 0.005446137 -0.011567171 0.999918222 78.307212830
0.999977350 0.003186030 -0.005919967 1.212103486 -0.003114847 0.999923229 0.011994801 -2.011281490 0.005957729 -0.011976092 0.999910474 78.874320984
0.999977350 0.003063024 -0.005986800 1.220618010 -0.002991614 0.999924719 0.011900719 -2.018988848 0.006022803 -0.011882541 0.999911189 79.443443298
0.999979973 0.003442361 -0.005309861 1.226278543 -0.003378785 0.999923050 0.011936135 -2.023906946 0.005350541 -0.011917955 0.999914587 80.008537292
0.999985397 0.003052699 -0.004454501 1.235214949 -0.003001363 0.999929547 0.011486049 -2.032268763 0.004489250 -0.011472511 0.999924123 80.559303284
0.999989748 0.003058233 -0.003316097 1.245180845 -0.003019511 0.999927878 0.011619751 -2.044189930 0.003351394 -0.011609619 0.999926984 81.097671509
0.999993622 0.003211774 -0.001541244 1.253220320 -0.003194335 0.999932289 0.011187180 -2.046225071 0.001577071 -0.011182183 0.999936163 81.663414001
0.999992907 0.003221733 0.001944575 1.277366996 -0.003243431 0.999931335 0.011260499 -2.057573795 -0.001908163 -0.011266725 0.999934733 82.208511353
0.999981761 0.002604969 0.005448096 1.305779934 -0.002666303 0.999932826 0.011281118 -2.074625492 -0.005418343 -0.011295438 0.999921560 82.732856750
0.999961853 0.002305985 0.008423994 1.322307825 -0.002400723 0.999933779 0.011253474 -2.078264713 -0.008397486 -0.011273267 0.999901175 83.347724915
0.999911487 0.001940654 0.013164746 1.354977608 -0.002088649 0.999934673 0.011237369 -2.093428850 -0.013142078 -0.011263872 0.999850154 83.833610535
0.999798834 0.003110152 0.019810945 1.368506670 -0.003330416 0.999932885 0.011095075 -2.096264601 -0.019775109 -0.011158821 0.999742150 84.465599060
0.999673605 0.003162382 0.025351852 1.395527720 -0.003434858 0.999936700 0.010711432 -2.101764679 -0.025316373 -0.010795016 0.999621153 85.021934509
0.999519229 0.002957169 0.030864486 1.441695213 -0.003298271 0.999933958 0.011006532 -2.117699146 -0.030829905 -0.011103041 0.999462962 85.594276428
0.999266148 0.002155078 0.038243130 1.488324523 -0.002576591 0.999936402 0.010976059 -2.126938105 -0.038217045 -0.011066538 0.999208152 86.148002625
0.998917580 0.002025740 0.046470806 1.531999111 -0.002533371 0.999937713 0.010867361 -2.136150837 -0.046445899 -0.010973326 0.998860538 86.696945190
0.998588800 0.001720169 0.053080052 1.580355406 -0.002297773 0.999938786 0.010822645 -2.143640757 -0.053058185 -0.010929339 0.998531640 87.258689880
0.998087943 0.001426837 0.061793264 1.637875557 -0.002060231 0.999945998 0.010187698 -2.149595976 -0.061775386 -0.010295527 0.998036981 87.808471680
0.997417390 0.001403148 0.071809575 1.696310043 -0.002160708 0.999942839 0.010472977 -2.160210133 -0.071790770 -0.010601088 0.997363389 88.356933594
0.996766329 0.000827427 0.080349527 1.762210846 -0.001666568 0.999944866 0.010377134 -2.169516563 -0.080336481 -0.010477487 0.996712744 88.913475037
0.996106982 0.000560234 0.088150524 1.830093384 -0.001463101 0.999947071 0.010178063 -2.174728870 -0.088140145 -0.010267411 0.996055186 89.483009338
0.995109916 0.000980309 0.098768696 1.898250103 -0.002013872 0.999944270 0.010365331 -2.184609413 -0.098753020 -0.010513550 0.995056391 90.013687134
0.993982315 0.000544510 0.109539382 1.988872051 -0.001687993 0.999945045 0.010346558 -2.195509672 -0.109527715 -0.010469197 0.993928611 90.580375671
0.992954016 -0.000127493 0.118500121 2.078546524 -0.001113305 0.999945164 0.010404604 -2.207863331 -0.118494973 -0.010463221 0.992899477 91.137786865
0.991592169 0.000083689 0.129402161 2.176702499 -0.001422883 0.999946415 0.010256668 -2.216153145 -0.129394397 -0.010354555 0.991539121 91.682937622
0.989921808 -0.000125077 0.141615063 2.279592514 -0.001323155 0.999947727 0.010132324 -2.226741552 -0.141608939 -0.010217587 0.989869893 92.226882935
0.988357306 -0.000496127 0.152150020 2.388754845 -0.000995494 0.999952137 0.009727285 -2.233446360 -0.152147576 -0.009765497 0.988309562 92.783378601
0.986668408 -0.000923298 0.162740767 2.501072884 -0.000686694 0.999951482 0.009836456 -2.240309238 -0.162741944 -0.009817074 0.986619830 93.332267761
0.984453619 -0.001039001 0.175641567 2.627577782 -0.000686778 0.999952078 0.009764501 -2.250225544 -0.175643295 -0.009733325 0.984405756 93.869735718
0.982207179 -0.001618778 0.187793538 2.748456955 -0.000201626 0.999953210 0.009674139 -2.258282661 -0.187800422 -0.009539874 0.982160807 94.417373657
0.980201066 -0.002283322 0.197991550 2.880912781 0.000411512 0.999954820 0.009494621 -2.266560793 -0.198004290 -0.009225162 0.980157733 94.952255249
0.977409005 -0.002123017 0.211345688 3.021007538 0.000153788 0.999956429 0.009333573 -2.274460077 -0.211356297 -0.009090217 0.977366805 95.501754761
0.974427104 -0.002634768 0.224688321 3.175292969 0.000504567 0.999954402 0.009537588 -2.284461737 -0.224703193 -0.009180315 0.974384010 96.049003601
0.971739173 -0.002740238 0.236041129 3.323186874 0.000467897 0.999953032 0.009682364 -2.294149876 -0.236056581 -0.009298289 0.971694827 96.594375610
0.968783319 -0.003318504 0.247886404 3.484624863 0.001019062 0.999955237 0.009403929 -2.301965475 -0.247906536 -0.008857760 0.968743503 97.126625061
0.965003133 -0.002555485 0.262225598 3.654809952 -0.000013307 0.999952018 0.009793873 -2.310824871 -0.262238026 -0.009454609 0.964956880 97.700614929
0.961587727 -0.003059463 0.274480820 3.829437256 0.000354427 0.999950826 0.009904156 -2.322438240 -0.274497628 -0.009426430 0.961541593 98.237495422
0.958346546 -0.003439060 0.285587162 4.011663437 0.000640512 0.999950886 0.009892109 -2.329277992 -0.285607129 -0.009297146 0.958301604 98.769950867
0.954146445 -0.003690319 0.299317360 4.210287094 0.000833729 0.999952853 0.009670822 -2.337358713 -0.299338877 -0.008977830 0.954104602 99.298721313
0.949702740 -0.004131368 0.313125461 4.407455444 0.001123033 0.999951482 0.009787198 -2.345937490 -0.313150674 -0.008943279 0.949661314 99.823242188
0.946026385 -0.004992786 0.324051172 4.606769562 0.001917301 0.999950051 0.009809315 -2.352250576 -0.324083954 -0.008658566 0.945988715 100.323081970
0.941518426 -0.005319064 0.336919367 4.815485001 0.002135599 0.999949455 0.009818641 -2.363027573 -0.336954534 -0.008524907 0.941482246 100.844833374
0.936412156 -0.005488473 0.350859016 5.034519196 0.002164796 0.999948978 0.009864508 -2.371814489 -0.350895226 -0.008477707 0.936376333 101.360160828
0.931733251 -0.005974917 0.363094002 5.258331299 0.002635502 0.999949574 0.009691790 -2.379153490 -0.363133609 -0.008073229 0.931702018 101.873077393
0.927520335 -0.006627374 0.373713970 5.484531403 0.003195397 0.999946833 0.009802219 -2.388205051 -0.373759091 -0.007897593 0.927492201 102.384376526
0.921865880 -0.006046890 0.387461931 5.721078873 0.002377026 0.999947608 0.009950076 -2.394550323 -0.387501895 -0.008251625 0.921831965 102.895874023
0.916360199 -0.006891170 0.400295556 5.966438293 0.003349319 0.999948800 0.009547032 -2.399358988 -0.400340855 -0.007407803 0.916336358 103.392883301
0.911627054 -0.008090784 0.410938740 6.225967407 0.004626033 0.999944806 0.009425059 -2.408515692 -0.410992354 -0.006691121 0.911614239 103.889915466
0.905172050 -0.007684542 0.424975693 6.479496002 0.004166947 0.999948919 0.009206042 -2.414946079 -0.425024778 -0.006562201 0.905157864 104.384521484
0.898679018 -0.008668192 0.438521206 6.771694183 0.005074742 0.999943256 0.009365879 -2.429580212 -0.438577503 -0.006191538 0.898672044 104.885101318
0.892740250 -0.008871386 0.450484276 7.043643951 0.005155539 0.999941766 0.009474942 -2.441784859 -0.450542122 -0.006136174 0.892734051 105.359634399
0.886920750 -0.009791088 0.461817741 7.326087952 0.006168698 0.999937177 0.009352883 -2.440629959 -0.461880356 -0.005446451 0.886925519 105.879844666
0.879605055 -0.009976078 0.475600064 7.602859497 0.006279815 0.999936402 0.009360153 -2.450786829 -0.475663245 -0.005246556 0.879611850 106.350639343
0.872655630 -0.011305421 0.488205105 7.909774780 0.008064384 0.999929309 0.008740567 -2.446967125 -0.488269448 -0.003690433 0.872685134 106.856658936
