1.000000000 0.000000000 0.000000000 0.000000000 0.000000000 1.000000000 0.000000000 0.000000000 0.000000000 0.000000000 1.000000000 0.000000000
1.000000000 0.000051970 0.000065809 -0.000596824 -0.000051977 1.000000000 0.000102889 -0.000096432 -0.000065803 -0.000102893 1.000000000 0.000105185
1.000000000 0.000004164 0.000101109 -0.001076849 -0.000004163 1.000000000 -0.000012148 0.000709537 -0.000101109 0.000012148 1.000000000 -0.000048864
1.000000000 0.000051853 0.000056700 -0.000395671 -0.000051855 1.000000000 0.000043269 -0.000430901 -0.000056698 -0.000043272 1.000000000 0.000150791
1.000000000 0.000115932 0.000194833 -0.001345361 -0.000115941 1.000000000 0.000046887 -0.000128502 -0.000194828 -0.000046910 1.000000000 0.000419221
1.000000000 -0.000130080 0.000003583 0.000101636 0.000130080 1.000000000 -0.000004931 0.000273133 -0.000003583 0.000004932 1.000000000 -0.000026311
1.000000000 0.000003677 0.000109274 -0.001239278 -0.000003688 1.000000000 0.000102601 -0.000789299 -0.000109274 -0.000102601 1.000000000 -0.000788238
1.000000000 0.000051588 0.000047610 -0.000644832 -0.000051587 1.000000000 -0.000019267 -0.000111104 -0.000047611 0.000019264 1.000000000 -0.000315070
1.000000000 0.000025309 0.000153118 -0.001150560 -0.000025314 1.000000000 0.000031339 -0.001122756 -0.000153118 -0.000031343 1.000000000 -0.000281928
1.000000000 0.000094010 0.000171545 -0.001632179 -0.000094035 1.000000000 0.000149036 -0.001018110 -0.000171531 -0.000149053 1.000000000 0.000595758
1.000000000 0.000085695 0.000163536 -0.001222859 -0.000085707 1.000000000 0.000075554 -0.000557502 -0.000163529 -0.000075568 1.000000000 -0.000287941
1.000000000 0.000081568 0.000144675 -0.001108636 -0.000081577 1.000000000 0.000063487 -0.001162893 -0.000144670 -0.000063499 1.000000000 -0.000407049
1.000000000 0.000057319 0.000111770 -0.000772480 -0.000057323 1.000000000 0.000037788 0.000087507 -0.000111768 -0.000037794 1.000000000 0.000239300
1.000000000 0.000114539 0.000140165 -0.001883353 -0.000114528 1.000000000 -0.000077245 0.000688184 -0.000140174 0.000077229 1.000000000 0.000000267
1.000000000 0.000123063 0.000078726 -0.000380125 -0.000123064 1.000000000 0.000008872 0.001211765 -0.000078725 -0.000008881 1.000000000 0.001330640
0.999999940 0.000203391 0.000165115 -0.001316021 -0.000203383 1.000000000 -0.000047646 0.001116297 -0.000165125 0.000047613 1.000000000 0.001373046
0.999999940 0.000305093 0.000181078 -0.001847141 -0.000305096 0.999999940 0.000013821 0.000454884 -0.000181074 -0.000013877 1.000000000 0.001876376
0.999999940 0.000211440 0.000241215 -0.002106667 -0.000211435 1.000000000 -0.000020084 0.001710752 -0.000241219 0.000020033 1.000000000 0.003054506
0.999999940 0.000232149 0.000253327 -0.002043335 -0.000232126 0.999999940 -0.000090172 0.001442612 -0.000253348 0.000090113 0.999999940 0.001485875
0.999999940 0.000273196 0.000289686 -0.002810288 -0.000273196 0.999999940 -0.000000672 0.000802250 -0.000289686 0.000000593 0.999999940 0.002419974
0.999999940 0.000288183 0.000200807 -0.002244961 -0.000288170 0.999999940 -0.000067684 0.001874153 -0.000200826 0.000067626 1.000000000 0.002381359
0.999999940 0.000294362 0.000207824 -0.002172456 -0.000294352 0.999999940 -0.000047527 0.001682942 -0.000207838 0.000047466 1.000000000 0.003013436
0.999999940 0.000187538 0.000206089 -0.002357699 -0.000187536 1.000000000 -0.000008322 0.001469582 -0.000206091 0.000008283 1.000000000 0.001931130
0.999999940 0.000369729 0.000193572 -0.002731983 -0.000369729 0.999999940 0.000000450 0.001710359 -0.000193572 -0.000000522 1.000000000 0.003308631
0.999999940 0.000330174 0.000244625 -0.002262535 -0.000330183 0.999999940 0.000034212 0.000931151 -0.000244613 -0.000034293 0.999999940 0.002421758
0.999999940 0.000286215 0.000282900 -0.002939443 -0.000286196 0.999999940 -0.000065166 0.002927384 -0.000282919 0.000065085 0.999999940 0.003733876
0.999999940 0.000333198 0.000230480 -0.002194322 -0.000333211 0.999999940 0.000054197 0.001257156 -0.000230462 -0.000054274 1.000000000 0.002274021
0.999999940 0.000277640 0.000144507 -0.002178241 -0.000277631 0.999999940 -0.000057341 0.001877762 -0.000144523 0.000057300 1.000000000 0.001848288
0.999999940 0.000331509 0.000175489 -0.002062470 -0.000331480 0.999999940 -0.000165543 0.003521966 -0.000175544 0.000165485 1.000000000 0.002581103
0.999999881 0.000370928 0.000265536 -0.001981558 -0.000370902 0.999999940 -0.000096346 0.001902101 -0.000265572 0.000096247 0.999999940 0.002665804
0.999999881 0.000348420 0.000364499 -0.003051397 -0.000348395 0.999999940 -0.000068517 0.002453133 -0.000364523 0.000068390 0.999999940 0.002753352
0.999999881 0.000390957 0.000226810 -0.002111585 -0.000390942 0.999999940 -0.000065710 0.002190900 -0.000226835 0.000065622 1.000000000 0.002929197
0.999999940 0.000360693 0.000215581 -0.001689483 -0.000360701 0.999999940 0.000033240 0.000162282 -0.000215569 -0.000033317 1.000000000 0.001535235
0.999999821 0.000487417 0.000337963 -0.003619104 -0.000487426 0.999999881 0.000025723 0.000695229 -0.000337950 -0.000025888 0.999999940 0.002489798
0.999999881 0.000398359 0.000251115 -0.002000502 -0.000398334 0.999999940 -0.000101911 0.001929711 -0.000251156 0.000101811 0.999999940 0.002398204
0.999999881 0.000331197 0.000273066 -0.003375427 -0.000331188 0.999999940 -0.000033668 0.001507526 -0.000273077 0.000033578 0.999999940 0.002758216
0.999999881 0.000397372 0.000227506 -0.002608173 -0.000397348 0.999999940 -0.000104471 0.003172124 -0.000227547 0.000104381 0.999999940 0.003023593
0.999999821 0.000475534 0.000321604 -0.002975231 -0.000475523 0.999999881 -0.000034286 0.002055261 -0.000321620 0.000034133 0.999999940 0.002914883
0.999999881 0.000439665 0.000250723 -0.001653213 -0.000439662 0.999999881 -0.000013912 0.001847045 -0.000250729 0.000013802 0.999999940 0.001527440
0.999999940 0.000272618 0.000228277 -0.001364739 -0.000272599 0.999999940 -0.000087220 0.001109580 -0.000228301 0.000087158 0.999999940 0.001794260
0.999999881 0.000379750 0.000300501 -0.000563871 -0.000379598 0.999999821 -0.000505269 -0.002825803 -0.000300693 0.000505155 0.999999821 0.047754873
0.999999762 0.000596094 0.000302065 0.000499242 -0.000595762 0.999999225 -0.001097381 -0.004163225 -0.000302719 0.001097201 0.999999344 0.139098123
0.999998510 0.001678222 0.000047279 -0.001078543 -0.001678162 0.999997795 -0.001229814 -0.011309754 -0.000049343 0.001229733 0.999999225 0.256671220
0.999998152 0.001907983 0.000088038 0.001449969 -0.001907905 0.999997795 -0.000877915 -0.016951879 -0.000089712 0.000877746 0.999999583 0.388177186
0.999998033 0.002006992 0.000122566 0.002449512 -0.002006906 0.999997735 -0.000699691 -0.019751994 -0.000123970 0.000699444 0.999999762 0.535009384
0.999998868 0.001463781 0.000084961 0.010073466 -0.001463728 0.999998748 -0.000616791 -0.026791766 -0.000085864 0.000616666 0.999999762 0.686385572
0.999998987 0.001364477 0.000171672 0.014134263 -0.001364411 0.999998927 -0.000380684 -0.029828949 -0.000172191 0.000380449 0.999999881 0.848935604
0.999998987 0.001425354 0.000168385 0.015493242 -0.001425266 0.999998868 -0.000522420 -0.033252742 -0.000169130 0.000522180 0.999999881 1.023162603
0.999998271 0.001836468 0.000377112 0.014195020 -0.001836387 0.999998391 -0.000214176 -0.040154427 -0.000377505 0.000213483 0.999999881 1.195988297
0.999998152 0.001862019 0.000537901 0.017005099 -0.001862167 0.999998212 0.000274351 -0.048113640 -0.000537389 -0.000275352 0.999999821 1.378166914
0.999997675 0.002102236 0.000472105 0.019528333 -0.002102238 0.999997795 0.000002761 -0.049409777 -0.000472098 -0.000003753 0.999999821 1.577031732
0.999998093 0.001885158 0.000553983 0.027642641 -0.001885194 0.999998152 0.000064720 -0.050442249 -0.000553860 -0.000065764 0.999999821 1.789678454
0.999998331 0.001682563 0.000649756 0.024360118 -0.001682815 0.999998450 0.000386127 -0.064660721 -0.000649105 -0.000387220 0.999999702 1.976495028
0.999999464 0.000953514 0.000379460 0.033707593 -0.000953681 0.999999464 0.000440161 -0.071739286 -0.000379040 -0.000440523 0.999999821 2.187274218
0.999998391 0.001623566 0.000706351 0.033850275 -0.001623942 0.999998510 0.000531666 -0.077766083 -0.000705487 -0.000532812 0.999999583 2.408620358
0.999998152 0.001779820 0.000768687 0.039749622 -0.001780066 0.999998391 0.000319755 -0.082961865 -0.000768117 -0.000321122 0.999999642 2.631365299
0.999998331 0.001559540 0.000998384 0.043438055 -0.001560034 0.999998689 0.000493570 -0.090182729 -0.000997613 -0.000495127 0.999999404 2.866576195
0.999998689 0.001350168 0.000884676 0.048368786 -0.001350706 0.999998927 0.000607758 -0.096286088 -0.000883855 -0.000608952 0.999999404 3.104917288
0.999998450 0.001539679 0.000801997 0.054752119 -0.001540340 0.999998450 0.000823855 -0.104646064 -0.000800728 -0.000825089 0.999999344 3.345876217
0.999998629 0.001268657 0.001036156 0.056094952 -0.001269542 0.999998868 0.000853961 -0.113263480 -0.001035071 -0.000855275 0.999999106 3.592351675
0.999997139 0.001998785 0.001312137 0.057248294 -0.001999991 0.999997556 0.000918734 -0.120471455 -0.001310298 -0.000921355 0.999998689 3.852809906
0.999997377 0.001963480 0.001178484 0.065395892 -0.001964325 0.999997735 0.000716174 -0.125209913 -0.001177075 -0.000718487 0.999998987 4.110138893
0.999998033 0.001617476 0.001140453 0.077233545 -0.001618707 0.999998152 0.001079749 -0.132306665 -0.001138704 -0.001081593 0.999998748 4.363210678
0.999997556 0.001634802 0.001473442 0.074382722 -0.001636450 0.999997973 0.001118061 -0.136800140 -0.001471611 -0.001120470 0.999998271 4.643063068
0.999996185 0.002193000 0.001742675 0.078156263 -0.002194647 0.999997258 0.000943402 -0.145289615 -0.001740602 -0.000947223 0.999998033 4.888526917
0.999996006 0.002359592 0.001586736 0.086075798 -0.002361486 0.999996483 0.001192574 -0.153504357 -0.001583916 -0.001196316 0.999998033 5.148004532
0.999994993 0.002464692 0.001982219 0.089180961 -0.002466342 0.999996603 0.000830415 -0.158395633 -0.001980166 -0.000835299 0.999997675 5.415852547
0.999994755 0.002483591 0.002036433 0.092259660 -0.002485872 0.999996305 0.001118817 -0.167303056 -0.002033647 -0.001123873 0.999997318 5.687187195
0.999995112 0.002313725 0.002075753 0.096379340 -0.002315886 0.999996722 0.001039439 -0.173846394 -0.002073341 -0.001044242 0.999997318 5.961040974
0.999994874 0.002492960 0.002066197 0.101957366 -0.002494865 0.999996543 0.000919852 -0.181638464 -0.002063897 -0.000925002 0.999997437 6.240839481
0.999994218 0.002677376 0.002103029 0.110020459 -0.002679627 0.999995768 0.001068045 -0.190586209 -0.002100161 -0.001073674 0.999997199 6.530395985
0.999995291 0.002371390 0.001956150 0.115956001 -0.002373409 0.999996662 0.001030233 -0.195907488 -0.001953700 -0.001034871 0.999997556 6.828757286
0.999994159 0.002868013 0.001862567 0.122271724 -0.002870168 0.999995112 0.001155153 -0.202933729 -0.001859245 -0.001160492 0.999997616 7.130215645
0.999993205 0.003021899 0.002112747 0.129402697 -0.003024196 0.999994814 0.001084415 -0.212697625 -0.002109460 -0.001090797 0.999997139 7.431473732
0.999994278 0.002779612 0.001905655 0.137057960 -0.002781575 0.999995589 0.001028241 -0.223338693 -0.001902789 -0.001033535 0.999997675 7.738819122
0.999994218 0.002764564 0.001987876 0.146638066 -0.002766984 0.999995410 0.001215496 -0.230881020 -0.001984507 -0.001220990 0.999997318 8.062461853
0.999994278 0.002737363 0.002009274 0.146746635 -0.002740180 0.999995232 0.001400601 -0.243655518 -0.002005431 -0.001406099 0.999996960 8.380445480
0.999993682 0.002850816 0.002132395 0.157311529 -0.002853923 0.999994874 0.001455495 -0.252008975 -0.002128234 -0.001461571 0.999996662 8.698829651
0.999993145 0.002907824 0.002264923 0.163841859 -0.002909956 0.999995351 0.000938824 -0.255590290 -0.002262183 -0.000945409 0.999996960 9.058444977
0.999993622 0.002778564 0.002201593 0.172049627 -0.002780138 0.999995828 0.000712416 -0.267868012 -0.002199605 -0.000718532 0.999997318 9.400255203
0.999989808 0.003857656 0.002353695 0.180483967 -0.003859274 0.999992371 0.000683018 -0.276765674 -0.002351042 -0.000692094 0.999997020 9.738872528
0.999990463 0.003690154 0.002329415 0.179838300 -0.003692322 0.999992788 0.000927436 -0.288951546 -0.002325975 -0.000936028 0.999996901 10.081885338
0.999990761 0.003567628 0.002387583 0.188769251 -0.003571015 0.999992609 0.001416021 -0.306289554 -0.002382514 -0.001424534 0.999996126 10.430942535
0.999992430 0.003115984 0.002335260 0.199059203 -0.003118527 0.999994516 0.001086230 -0.314370811 -0.002331863 -0.001093504 0.999996662 10.793865204
0.999991357 0.003479396 0.002266394 0.205505505 -0.003481789 0.999993384 0.001052914 -0.320597261 -0.002262716 -0.001060796 0.999996841 11.165418625
0.999994278 0.002348601 0.002402565 0.216374904 -0.002350390 0.999996901 0.000741897 -0.328425735 -0.002400815 -0.000747540 0.999996781 11.557545662
0.999987960 0.004057453 0.002742763 0.218847707 -0.004061294 0.999990761 0.001396160 -0.343075573 -0.002737073 -0.001407283 0.999995232 11.909285545
0.999984920 0.004446686 0.003210169 0.225557476 -0.004451145 0.999989092 0.001383026 -0.353099674 -0.003203985 -0.001397294 0.999993920 12.299971581
0.999986172 0.004042893 0.003371272 0.237434402 -0.004050078 0.999989569 0.002127166 -0.371006668 -0.003362637 -0.002140791 0.999992132 12.678230286
0.999987900 0.003793750 0.003116444 0.241174728 -0.003799109 0.999991298 0.001715824 -0.376956344 -0.003109907 -0.001727643 0.999993682 13.084037781
0.999988437 0.003436025 0.003357650 0.254027367 -0.003441216 0.999992907 0.001541522 -0.388278723 -0.003352329 -0.001553058 0.999993205 13.476152420
0.999985397 0.004238037 0.003338144 0.258267522 -0.004243809 0.999989569 0.001723796 -0.400105387 -0.003330804 -0.001737937 0.999992907 13.891233444
0.999982238 0.004654107 0.003731688 0.264976084 -0.004662493 0.999986649 0.002241769 -0.412289292 -0.003721205 -0.002259128 0.999990523 14.320817947
0.999982357 0.004451647 0.003917140 0.276953191 -0.004458857 0.999988496 0.001834028 -0.422964275 -0.003908929 -0.001851461 0.999990642 14.729119301
0.999982953 0.004693506 0.003453635 0.286153078 -0.004700997 0.999986649 0.002164481 -0.437017620 -0.003443430 -0.002180680 0.999991655 15.157585144
0.999983013 0.004040351 0.004188705 0.299585730 -0.004048839 0.999989748 0.002020044 -0.451182097 -0.004180500 -0.002036969 0.999989212 15.590721130
0.999980152 0.004101639 0.004782907 0.308181584 -0.004112615 0.999988914 0.002287183 -0.463568568 -0.004773473 -0.002306808 0.999985933 16.035856247
0.999975979 0.004600714 0.005184138 0.317842394 -0.004612128 0.999986887 0.002191758 -0.474116236 -0.005173988 -0.002215615 0.999984145 16.473228455
0.999974787 0.004602594 0.005415197 0.326380968 -0.004611540 0.999987960 0.001640614 -0.483149648 -0.005407582 -0.001665544 0.999983966 16.922643661
0.999972999 0.004733947 0.005616772 0.337704360 -0.004745709 0.999986589 0.002082600 -0.502290368 -0.005606839 -0.002109200 0.999981999 17.377847672
0.999970078 0.004942136 0.005950245 0.350496680 -0.004956350 0.999984920 0.002376314 -0.511929810 -0.005938411 -0.002405735 0.999979436 17.842355728
0.999965966 0.005259119 0.006354813 0.359000236 -0.005271288 0.999984324 0.001899671 -0.519791365 -0.006344724 -0.001933105 0.999978006 18.313585281
0.999969423 0.004387613 0.006465672 0.377969563 -0.004402236 0.999987721 0.002249141 -0.536185145 -0.006455726 -0.002277536 0.999976575 18.789144516
0.999969602 0.004307254 0.006504731 0.393341869 -0.004322181 0.999988079 0.002282517 -0.545456827 -0.006494822 -0.002310563 0.999976277 19.266172409
0.999961376 0.005378463 0.006947702 0.402118295 -0.005393791 0.999983013 0.002189252 -0.563904285 -0.006935810 -0.002226641 0.999973476 19.745439529
0.999954045 0.006020158 0.007465027 0.405773044 -0.006037175 0.999979198 0.002259020 -0.576909781 -0.007451273 -0.002303984 0.999969542 20.231172562
0.999955177 0.005814418 0.007461224 0.425109565 -0.005832628 0.999980032 0.002421218 -0.593213558 -0.007446997 -0.002464629 0.999969244 20.719284058
0.999965608 0.004803242 0.006761334 0.430282235 -0.004821836 0.999984622 0.002736406 -0.611286342 -0.006748087 -0.002768914 0.999973357 21.226034164
0.999969542 0.004956503 0.006034997 0.445349813 -0.004968673 0.999985635 0.002003212 -0.618274450 -0.006024982 -0.002033137 0.999979794 21.727476120
0.999970913 0.004952623 0.005797429 0.454067469 -0.004965611 0.999985158 0.002228234 -0.633248091 -0.005786308 -0.002256957 0.999980748 22.239542007
0.999966443 0.005450933 0.006103650 0.460566044 -0.005466866 0.999981642 0.002596922 -0.647913873 -0.006089383 -0.002630203 0.999978006 22.732442856
0.999967158 0.006076240 0.005352464 0.473348349 -0.006089234 0.999978542 0.002414823 -0.663443208 -0.005337675 -0.002447336 0.999982834 23.253059387
0.999968052 0.005938538 0.005354569 0.466731429 -0.005954517 0.999977827 0.002973196 -0.685368180 -0.005336793 -0.003004984 0.999981225 23.767690659
0.999980330 0.004305880 0.004576279 0.483292609 -0.004319607 0.999986172 0.002993975 -0.702014744 -0.004563324 -0.003013683 0.999985039 24.304712296
0.999979973 0.005025952 0.003854764 0.494012415 -0.005038066 0.999982357 0.003139560 -0.715906680 -0.003838916 -0.003158917 0.999987543 24.837375641
0.999982536 0.005107610 0.002943900 0.516899467 -0.005116910 0.999981880 0.003160104 -0.734100521 -0.002927706 -0.003175113 0.999990642 25.369524002
0.999973357 0.006627802 0.003029122 0.519328654 -0.006637183 0.999973178 0.003097309 -0.744241059 -0.003008513 -0.003117331 0.999990642 25.921180725
0.999981940 0.005699811 0.001894986 0.537392318 -0.005705588 0.999979019 0.003057766 -0.766934156 -0.001877517 -0.003068523 0.999993503 26.472324371
0.999986589 0.004992086 0.001399891 0.551924229 -0.004996460 0.999982536 0.003138942 -0.775406659 -0.001384197 -0.003145894 0.999994099 27.019882202
0.999986529 0.005117534 0.000868763 0.563480139 -0.005120480 0.999980986 0.003423879 -0.787809670 -0.000851225 -0.003428282 0.999993742 27.595729828
0.999982119 0.005925559 0.000810480 0.569324255 -0.005928526 0.999975562 0.003708740 -0.818417549 -0.000788484 -0.003713478 0.999992788 28.102184296
0.999974966 0.007003963 0.001059525 0.576122820 -0.007007624 0.999969423 0.003491395 -0.822234035 -0.001035039 -0.003498733 0.999993384 28.664590836
0.999977291 0.006705971 0.000589062 0.589604616 -0.006708256 0.999969602 0.003965361 -0.841418147 -0.000562452 -0.003969223 0.999991953 29.196268082
0.999978244 0.006586733 0.000084779 0.600845158 -0.006587013 0.999970675 0.003893591 -0.851556242 -0.000059131 -0.003894065 0.999992430 29.750812531
0.999974251 0.007166028 0.000369108 0.604865193 -0.007167390 0.999967039 0.003831424 -0.862872183 -0.000341640 -0.003833971 0.999992549 30.296266556
0.999976993 0.006779184 0.000107196 0.617067158 -0.006779534 0.999970198 0.003699314 -0.880723596 -0.000082115 -0.003699956 0.999993086 30.807754517
0.999978840 0.006495569 0.000310726 0.625473678 -0.006496610 0.999972880 0.003475654 -0.892863810 -0.000288141 -0.003477600 0.999993920 31.360536575
0.999975145 0.007050472 -0.000228540 0.637253761 -0.007049690 0.999969840 0.003261217 -0.902452350 0.000251526 -0.003259525 0.999994636 31.906738281
0.999975443 0.006973662 -0.000793448 0.655044198 -0.006971327 0.999971449 0.002908811 -0.913854122 0.000813710 -0.002903208 0.999995410 32.454822540
0.999970794 0.007565729 -0.001091909 0.665650904 -0.007562322 0.999966681 0.003091430 -0.925078392 0.001115262 -0.003083082 0.999994636 33.007579803
0.999976218 0.006802708 -0.001230031 0.668021917 -0.006798267 0.999970436 0.003579828 -0.947957277 0.001254347 -0.003571380 0.999992847 33.524459839
0.999974191 0.007047041 -0.001427548 0.680122197 -0.007041800 0.999968529 0.003644572 -0.961762488 0.001453187 -0.003634425 0.999992371 34.080402374
0.999972761 0.007252309 -0.001419083 0.691944599 -0.007247110 0.999967158 0.003634774 -0.971822023 0.001445397 -0.003624390 0.999992430 34.614910126
0.999973059 0.007163831 -0.001604685 0.688660502 -0.007158451 0.999968827 0.003333488 -0.982994378 0.001628516 -0.003321911 0.999993086 35.114196777
0.999978125 0.006253651 -0.002165569 0.704251289 -0.006245742 0.999973834 0.003640590 -0.993933797 0.002188280 -0.003626984 0.999991000 35.674663544
0.999978006 0.006219090 -0.002330101 0.716694355 -0.006210560 0.999974072 0.003650935 -1.010903239 0.002352746 -0.003636384 0.999990582 36.208412170
0.999974072 0.007098365 -0.001247908 0.728509307 -0.007094408 0.999969900 0.003147509 -1.021879077 0.001270213 -0.003138574 0.999994218 36.720680237
0.999975443 0.006768435 -0.001831682 0.732925773 -0.006762381 0.999971747 0.003290930 -1.036887288 0.001853905 -0.003278463 0.999992907 37.274715424
0.999973118 0.007067345 -0.001985314 0.742048562 -0.007061251 0.999970376 0.003060010 -1.047729492 0.002006881 -0.003045909 0.999993324 37.833930969
0.999970019 0.007278303 -0.002631652 0.757989645 -0.007270471 0.999969125 0.002973604 -1.056909204 0.002653213 -0.002954381 0.999992132 38.386623383
0.999971867 0.007348151 -0.001514482 0.749360979 -0.007343820 0.999968946 0.002845687 -1.075477123 0.001535346 -0.002834484 0.999994814 38.871555328
0.999970078 0.007622975 -0.001329339 0.756583869 -0.007619225 0.999967039 0.002803068 -1.084557056 0.001350663 -0.002792855 0.999995172 39.423313141
0.999974728 0.006857734 -0.001886305 0.772066057 -0.006851596 0.999971211 0.003241152 -1.103948474 0.001908478 -0.003228146 0.999992967 39.977691650
0.999976635 0.006607368 -0.001763951 0.780234575 -0.006602206 0.999973893 0.002916134 -1.110868812 0.001783172 -0.002904420 0.999994218 40.490467072
0.999978840 0.006129831 -0.002200765 0.794781685 -0.006124264 0.999978006 0.002527433 -1.124473333 0.002216209 -0.002513901 0.999994397 41.040462494
0.999975979 0.006683278 -0.001879852 0.804992318 -0.006678133 0.999974012 0.002729889 -1.138955712 0.001898046 -0.002717270 0.999994516 41.591041565
0.999973714 0.007012948 -0.001834858 0.818315268 -0.007008073 0.999971867 0.002650556 -1.152236342 0.001853394 -0.002637628 0.999994874 42.138294220
0.999975502 0.006852008 -0.001492039 0.798744857 -0.006847596 0.999972224 0.002943162 -1.166289330 0.001512164 -0.002932873 0.999994516 42.634044647
0.999974430 0.006945313 -0.001700785 0.809853435 -0.006939660 0.999970496 0.003307585 -1.183524132 0.001723707 -0.003295698 0.999993086 43.173667908
0.999973953 0.006914583 -0.002069742 0.825406253 -0.006907235 0.999969900 0.003536868 -1.199073553 0.002094136 -0.003522480 0.999991596 43.718292236
0.999972701 0.007302659 -0.001100615 0.821756601 -0.007299402 0.999969065 0.002934605 -1.209338546 0.001122012 -0.002926491 0.999995112 44.233348846
0.999970078 0.007647188 -0.001095400 0.829861104 -0.007644205 0.999967158 0.002701625 -1.221043229 0.001116025 -0.002693171 0.999995828 44.790462494
0.999964952 0.008347080 -0.000448911 0.839329898 -0.008345914 0.999961913 0.002540114 -1.234295845 0.000470097 -0.002536278 0.999996662 45.333251953
0.999970913 0.007564505 -0.000940705 0.845950186 -0.007561645 0.999966800 0.003007681 -1.255708933 0.000963425 -0.003000480 0.999995053 45.841220856
0.999973595 0.007206723 -0.000900958 0.852943003 -0.007203391 0.999967337 0.003647563 -1.274969220 0.000927216 -0.003640977 0.999992967 46.382709503
0.999969959 0.007582290 -0.001640228 0.873739004 -0.007576546 0.999965131 0.003480502 -1.290283203 0.001666561 -0.003467970 0.999992669 46.924575806
0.999973476 0.007172195 -0.001242954 0.878246963 -0.007167973 0.999968648 0.003368266 -1.294675112 0.001267073 -0.003359267 0.999993563 47.430477142
0.999973416 0.007153483 -0.001411807 0.886666179 -0.007148305 0.999967873 0.003638621 -1.311892748 0.001437791 -0.003628432 0.999992371 47.968891144
0.999973774 0.007182201 -0.000926312 0.894970536 -0.007179129 0.999968886 0.003277909 -1.321090937 0.000949826 -0.003271173 0.999994278 48.517162323
0.999976337 0.006806116 -0.000996730 0.902378023 -0.006803196 0.999972641 0.002902790 -1.325322866 0.001016459 -0.002895940 0.999995291 49.036415100
0.999973893 0.007132118 -0.001149359 0.914441586 -0.007128619 0.999970019 0.003020461 -1.336196423 0.001170867 -0.003012188 0.999994814 49.590385437
0.999975860 0.006844869 -0.001182737 0.917277634 -0.006841902 0.999973536 0.002495533 -1.343447328 0.001199787 -0.002487381 0.999996245 50.133155823
0.999973476 0.007234836 -0.000851106 0.929538548 -0.007232483 0.999970078 0.002735581 -1.369997621 0.000870871 -0.002729353 0.999995947 50.627120972
0.999975502 0.006960512 -0.000610913 0.927915871 -0.006958757 0.999971747 0.002832243 -1.385761023 0.000630609 -0.002827922 0.999995768 51.161045074
0.999971926 0.007414064 -0.001027306 0.937447488 -0.007411123 0.999968469 0.002838396 -1.400159240 0.001048318 -0.002830703 0.999995410 51.703762054
0.999976099 0.006874954 -0.000644310 0.950095892 -0.006872884 0.999971390 0.003161309 -1.414020300 0.000666026 -0.003156805 0.999994814 52.251888275
0.999973416 0.007280675 -0.000366502 0.951259673 -0.007279491 0.999968529 0.003135415 -1.423837662 0.000389318 -0.003132663 0.999994993 52.766765594
0.999969363 0.007815116 -0.000607383 0.963619709 -0.007813352 0.999965429 0.002856147 -1.436796427 0.000629684 -0.002851314 0.999995708 53.322254181
0.999970913 0.007621859 -0.000288399 0.972668648 -0.007621085 0.999967515 0.002595430 -1.453565955 0.000308172 -0.002593156 0.999996603 53.842178345
0.999970913 0.007641666 -0.000085435 0.984045446 -0.007641395 0.999966741 0.002827149 -1.463667870 0.000107036 -0.002826413 0.999995947 54.385951996
0.999970436 0.007689254 -0.000061192 0.994730353 -0.007689067 0.999966860 0.002627878 -1.475843072 0.000081396 -0.002627329 0.999996543 54.935958862
0.999969542 0.007804538 -0.000061274 1.002708197 -0.007804361 0.999966383 0.002504433 -1.493775725 0.000080818 -0.002503878 0.999996841 55.431289673
0.999966860 0.008131157 0.000195035 1.008574367 -0.008131730 0.999961972 0.003153147 -1.509969711 -0.000169388 -0.003154629 0.999994993 55.979209900
0.999976099 0.006891359 -0.000412106 1.024467111 -0.006890229 0.999972582 0.002682994 -1.523457289 0.000430585 -0.002680090 0.999996305 56.511718750
0.999972343 0.007405668 -0.000601501 1.037724614 -0.007403912 0.999968469 0.002869107 -1.539509654 0.000622730 -0.002864574 0.999995649 57.048622131
0.999976814 0.006697598 -0.001126723 1.058284402 -0.006694977 0.999974847 0.002315684 -1.550951838 0.001142205 -0.002308087 0.999996722 57.603797913
0.999971688 0.007525222 -0.000112253 1.058656454 -0.007524913 0.999968469 0.002534189 -1.566443920 0.000131319 -0.002533273 0.999996722 58.060874939
0.999968648 0.007918660 -0.000208586 1.062612891 -0.007918090 0.999965191 0.002610566 -1.576898098 0.000229250 -0.002608832 0.999996603 58.601421356
0.999970496 0.007694480 0.000153163 1.063826919 -0.007694800 0.999967933 0.002202620 -1.589400530 -0.000136210 -0.002203734 0.999997616 59.133857727
0.999971509 0.007529496 -0.000370158 1.090131044 -0.007528669 0.999969244 0.002186907 -1.605219603 0.000386614 -0.002184059 0.999997556 59.661582947
0.999970317 0.007674554 -0.000641024 1.101147056 -0.007672994 0.999967694 0.002400817 -1.616937160 0.000659429 -0.002395827 0.999996901 60.224380493
0.999966621 0.008168212 0.000094615 1.092991352 -0.008168432 0.999963224 0.002612703 -1.633964896 -0.000073271 -0.002613389 0.999996543 60.708454132
0.999969840 0.007767507 -0.000054577 1.109587312 -0.007767338 0.999966502 0.002602392 -1.643333197 0.000074789 -0.002601889 0.999996662 61.259395599
0.999969780 0.007769597 0.000351099 1.108717203 -0.007770483 0.999966443 0.002597243 -1.664924979 -0.000330908 -0.002599892 0.999996543 61.767623901
0.999963641 0.008453045 0.001149640 1.115012646 -0.008455103 0.999962687 0.001797257 -1.674412727 -0.001134405 -0.001806911 0.999997735 62.309741974
0.999959171 0.008985291 0.000953466 1.123107314 -0.008987991 0.999955416 0.002865283 -1.695369482 -0.000927678 -0.002873735 0.999995470 62.834350586
0.999956369 0.009269779 0.001192525 1.129034519 -0.009272707 0.999953926 0.002473225 -1.711058736 -0.001169544 -0.002484176 0.999996245 63.374603271
0.999957323 0.009180453 0.001058771 1.139432311 -0.009183606 0.999953270 0.003014913 -1.729242325 -0.001031044 -0.003024507 0.999994814 63.891609192
0.999958634 0.009028346 0.001040616 1.148393273 -0.009031538 0.999954343 0.003104628 -1.742840171 -0.001012540 -0.003113898 0.999994636 64.436828613
0.999965370 0.008202861 0.001339839 1.156257153 -0.008206347 0.999963045 0.002617629 -1.753891349 -0.001318317 -0.002628535 0.999995649 64.955505371
0.999955475 0.009185986 0.002128734 1.157770395 -0.009190388 0.999955654 0.002066795 -1.762246251 -0.002109654 -0.002086267 0.999995530 65.500633240
0.999958158 0.009027662 0.001436378 1.177527070 -0.009031322 0.999955952 0.002562693 -1.780638695 -0.001413179 -0.002575559 0.999995708 66.017883301
0.999951541 0.009600665 0.002152225 1.176800609 -0.009605804 0.999950945 0.002389801 -1.797786713 -0.002129175 -0.002410359 0.999994874 66.552223206
0.999964952 0.008226718 0.001569882 1.200558782 -0.008230682 0.999962926 0.002535796 -1.809135318 -0.001548963 -0.002548628 0.999995530 67.069824219
0.999957323 0.009038540 0.001890749 1.206714272 -0.009042648 0.999956787 0.002175594 -1.819855690 -0.001871003 -0.002192598 0.999995828 67.606498718
0.999953926 0.009411866 0.001895595 1.221922874 -0.009416128 0.999953091 0.002253839 -1.840440512 -0.001874294 -0.002271584 0.999995649 68.144371033
0.999956906 0.009142172 0.001626272 1.232267022 -0.009146392 0.999954820 0.002608992 -1.857489347 -0.001602347 -0.002623754 0.999995291 68.691413879
0.999950409 0.009708433 0.002202937 1.241350412 -0.009714454 0.999949038 0.002740432 -1.875303030 -0.002176219 -0.002761696 0.999993801 69.242591858
0.999954224 0.009345639 0.002016696 1.256008625 -0.009350267 0.999953568 0.002299229 -1.884865046 -0.001995114 -0.002317981 0.999995351 69.720932007
0.999956191 0.009169661 0.001871944 1.267565846 -0.009173231 0.999956071 0.001909353 -1.897303462 -0.001854353 -0.001926441 0.999996424 70.271095276
0.999948323 0.009910986 0.002263614 1.279781222 -0.009915624 0.999948740 0.002047934 -1.910506725 -0.002243201 -0.002070273 0.999995351 70.802635193
0.999961853 0.008540272 0.001802845 1.292009950 -0.008544596 0.999960601 0.002404971 -1.931490302 -0.001782235 -0.002420284 0.999995470 71.311599731
0.999961197 0.008552320 0.002105467 1.301797748 -0.008556935 0.999960959 0.002192584 -1.944759011 -0.002086633 -0.002210515 0.999995410 71.866508484
0.999956310 0.009089286 0.002176154 1.309198618 -0.009094897 0.999955237 0.002581852 -1.965594888 -0.002152589 -0.002601531 0.999994278 72.363922119
0.999948502 0.009931018 0.002096215 1.317232609 -0.009937124 0.999946296 0.002922953 -1.975872755 -0.002067075 -0.002943633 0.999993503 72.913757324
0.999954879 0.009202826 0.002355501 1.337362289 -0.009208364 0.999954760 0.002350957 -1.988721013 -0.002333759 -0.002372541 0.999994457 73.398094177
0.999957979 0.008820050 0.002448660 1.348320842 -0.008825782 0.999958277 0.002339853 -1.996926188 -0.002427920 -0.002361367 0.999994278 73.951606750
0.999949276 0.009746425 0.002513302 1.361684084 -0.009752895 0.999949098 0.002575719 -2.017823219 -0.002488070 -0.002600101 0.999993443 74.468856812
0.999950647 0.009678730 0.002228074 1.375719070 -0.009683723 0.999950647 0.002242719 -2.029174328 -0.002206257 -0.002264184 0.999994934 75.018569946
0.999941409 0.010464882 0.002742806 1.387032509 -0.010472099 0.999941647 0.002629876 -2.054506302 -0.002715125 -0.002658446 0.999992728 75.496170044
0.999947667 0.009864434 0.002679263 1.393599033 -0.009870367 0.999948859 0.002210021 -2.056200504 -0.002657325 -0.002236351 0.999993980 76.061431885
0.999927044 0.011539240 0.003563854 1.397298574 -0.011548290 0.999930084 0.002528545 -2.069161415 -0.003534427 -0.002569517 0.999990404 76.612129211
0.999947965 0.009840061 0.002696855 1.410714149 -0.009846633 0.999948680 0.002434371 -2.087376356 -0.002672762 -0.002460799 0.999993384 77.121711731
0.999948978 0.009694944 0.002826903 1.422220349 -0.009700995 0.999950647 0.002134828 -2.102359533 -0.002806067 -0.002162143 0.999993682 77.642089844
0.999943614 0.010192081 0.002963040 1.435600519 -0.010197680 0.999946177 0.001880261 -2.114410400 -0.002943717 -0.001910371 0.999993861 78.185455322
0.999935329 0.011021911 0.002791047 1.452816010 -0.011026307 0.999937892 0.001564908 -2.121005297 -0.002773625 -0.001595582 0.999994874 78.755371094
0.999941707 0.010404325 0.002880048 1.455885291 -0.010409723 0.999944091 0.001865688 -2.142854691 -0.002860476 -0.001895559 0.999994099 79.249862671
0.999927342 0.011432626 0.003813250 1.465754390 -0.011442374 0.999931216 0.002544764 -2.161665916 -0.003783895 -0.002588211 0.999989510 79.801445007
0.999927461 0.010822674 0.005289492 1.484548330 -0.010833882 0.999939144 0.002094788 -2.177173853 -0.005266498 -0.002151941 0.999983788 80.343917847
0.999930084 0.010203945 0.005965698 1.502862096 -0.010216019 0.999945760 0.001996657 -2.194904566 -0.005945000 -0.002057464 0.999980152 80.893486023
0.999923348 0.009901258 0.007433420 1.515229583 -0.009916059 0.999948859 0.001956837 -2.209396362 -0.007413665 -0.002030397 0.999970436 81.445869446
0.999905646 0.009158757 0.010237273 1.544991732 -0.009180251 0.999955773 0.002054582 -2.229011059 -0.010218002 -0.002148369 0.999945521 82.011840820
0.999852955 0.009693318 0.014147631 1.548167706 -0.009720201 0.999951065 0.001832910 -2.233235121 -0.014129172 -0.001970158 0.999898255 82.501815796
0.999807894 0.009309031 0.017253257 1.576850176 -0.009341521 0.999954760 0.001803488 -2.248995543 -0.017235687 -0.001964313 0.999849558 83.051841736
0.999740660 0.009000285 0.020918500 1.600205183 -0.009030461 0.999958277 0.001348528 -2.260222197 -0.020905491 -0.001537082 0.999780297 83.612724304
0.999575078 0.009871823 0.027426722 1.645045519 -0.009909177 0.999950111 0.001226366 -2.254156828 -0.027413251 -0.001497621 0.999623060 84.146888733
0.999368727 0.010469194 0.033949297 1.673363090 -0.010489443 0.999944866 0.000418455 -2.263482332 -0.033943042 -0.000774300 0.999423444 84.698722839
0.999210656 0.009083499 0.038673069 1.722097278 -0.009119207 0.999958158 0.000746966 -2.278610706 -0.038664676 -0.001099044 0.999251604 85.249855042
0.998842180 0.009577901 0.047144402 1.760245562 -0.009640001 0.999953032 0.001090009 -2.295098066 -0.047131740 -0.001543219 0.998887420 85.802360535
0.998415530 0.008934822 0.055557292 1.818784714 -0.008980747 0.999959469 0.000577026 -2.309069872 -0.055549886 -0.001075058 0.998455346 86.326187134
0.998009562 0.007498528 0.062615618 1.877195358 -0.007523031 0.999971747 0.000155585 -2.319119930 -0.062612668 -0.000626334 0.998037755 86.864364624
0.997403979 0.009051931 0.071438119 1.921510220 -0.009111439 0.999958336 0.000507145 -2.342030525 -0.071430564 -0.001156732 0.997444928 87.362457275
0.996662736 0.008993316 0.081132665 1.990238190 -0.009038545 0.999959111 0.000190215 -2.361603022 -0.081127651 -0.000922901 0.996703327 87.873847961
0.995933294 0.008290570 0.089710735 2.063840389 -0.008273295 0.999965668 -0.000564421 -2.362473726 -0.089712337 -0.000180078 0.995967746 88.442695618
0.995268106 0.007300014 0.096891686 2.133920670 -0.007256199 0.999973416 -0.000804559 -2.382553339 -0.096894979 0.000097686 0.995294631 88.994415283
0.994240582 0.007927373 0.106876835 2.239333630 -0.007922585 0.999968469 -0.000469388 -2.385425091 -0.106877200 -0.000380056 0.994272172 89.518798828
0.993049264 0.008622522 0.117382608 2.326894760 -0.008659565 0.999962509 -0.000194427 -2.398536205 -0.117379889 -0.000823407 0.993086696 90.059097290
0.991897225 0.007460818 0.126822576 2.412696838 -0.007457463 0.999972105 -0.000501251 -2.416863203 -0.126822770 -0.000448585 0.991925359 90.597534180
0.990442753 0.007205762 0.137735873 2.521683693 -0.007220827 0.999973834 -0.000390289 -2.433384418 -0.137735084 -0.000608008 0.990468860 91.121757507
0.988717675 0.006410335 0.149653867 2.691740990 -0.006340038 0.999979436 -0.000946819 -2.447020292 -0.149656832 -0.000012675 0.988738000 91.718261719
0.986987293 0.006162470 0.160680607 2.798092842 -0.006054819 0.999981046 -0.001159596 -2.461208582 -0.160684660 0.000171614 0.987005770 92.260139465
0.985181928 0.006113636 0.171403095 2.879421234 -0.006066777 0.999981225 -0.000797198 -2.491697550 -0.171404764 -0.000254480 0.985200584 92.825942993
0.982856750 0.005280194 0.184294805 3.002237320 -0.005164847 0.999985993 -0.001105922 -2.505149603 -0.184298083 0.000135108 0.982870340 93.363700867
0.980546534 0.004874364 0.196225598 3.140102386 -0.004759907 0.999988079 -0.001054882 -2.521618366 -0.196228400 0.000100345 0.980558097 93.903930664
0.978555918 0.004790192 0.205926001 3.288943291 -0.004764616 0.999988437 -0.000620098 -2.523583174 -0.205926612 -0.000374358 0.978567421 94.381126404
0.975590944 0.004680579 0.219545782 3.357788086 -0.004536943 0.999988973 -0.001158428 -2.541145325 -0.219548792 0.000134085 0.975601494 94.868423462
0.972491562 0.004404205 0.232896239 3.506584167 -0.004173829 0.999990165 -0.001481986 -2.552674532 -0.232900456 0.000469150 0.972500443 95.403388977
0.969724178 0.004064564 0.244168937 3.659643173 -0.003914608 0.999991715 -0.001099403 -2.573199749 -0.244171396 0.000110292 0.969732046 95.922866821
0.966939330 0.003764021 0.254978925 3.821163177 -0.003639897 0.999992907 -0.000958643 -2.593332767 -0.254980743 -0.000001147 0.966946125 96.445144653
0.963394105 0.004841371 0.268045366 4.028348923 -0.004625158 0.999988258 -0.001438058 -2.618457556 -0.268049151 0.000145665 0.963405252 96.972389221
0.959803700 0.004359747 0.280638427 4.205924988 -0.004009377 0.999990344 -0.001822592 -2.633722782 -0.280643612 0.000624146 0.959811926 97.502189636
0.956283271 0.005094652 0.292397499 4.388483047 -0.004950373 0.999986947 -0.001233341 -2.648809671 -0.292399973 -0.000268054 0.956296086 98.034553528
0.951872110 0.004759504 0.306458503 4.584177017 -0.004521999 0.999988675 -0.001484983 -2.665966511 -0.306462109 0.000027708 0.951882899 98.567283630
0.946990609 0.003825819 0.321238428 4.668661118 -0.003843041 0.999992371 -0.000580462 -2.702760935 -0.321238220 -0.000684841 0.946998179 99.081008911
0.942922950 0.003785701 0.332989603 4.871036530 -0.003772463 0.999992609 -0.000686305 -2.719030380 -0.332989752 -0.000609059 0.942930222 99.588226318
0.938231289 0.002348545 0.346000940 5.086887360 -0.002193341 0.999997139 -0.000840108 -2.733615160 -0.346001983 0.000029318 0.938233793 100.107894897
0.932531595 0.001679086 0.361084253 5.321149826 -0.001224531 0.999998152 -0.001487655 -2.721953392 -0.361086071 0.000945126 0.932531953 100.761772156
0.927889645 0.001363579 0.372852445 5.555644989 -0.000924953 0.999998689 -0.001355289 -2.735715628 -0.372853726 0.000912687 0.927889705 101.266990662
0.923002720 0.000695349 0.384792954 5.789447784 -0.000347831 0.999999583 -0.000972731 -2.752991915 -0.384793460 0.000763990 0.923002362 101.784111023
0.917381108 -0.000972560 0.398008704 6.078487396 0.001553856 0.999998152 -0.001137965 -2.771967649 -0.398006827 0.001662396 0.917380869 102.368850708
0.911346436 -0.000876225 0.411639363 6.326007843 0.001342462 0.999998748 -0.000843514 -2.787162304 -0.411638081 0.001321344 0.911346316 102.866950989
0.906552076 -0.002331425 0.422087371 6.576007843 0.002808897 0.999996006 -0.000509365 -2.817487955 -0.422084510 0.001647366 0.906554997 103.303138733
0.900613308 -0.001943915 0.434616804 6.846343994 0.002322113 0.999997199 -0.000339189 -2.826744080 -0.434614897 0.001314707 0.900615513 103.843666077
0.894138098 -0.002042881 0.447786659 7.117332458 0.002638965 0.999996185 -0.000707312 -2.846593857 -0.447783530 0.001814128 0.894140184 104.325332642
0.888055980 -0.001846609 0.459731698 7.390865326 0.002902292 0.999994457 -0.001589620 -2.851887226 -0.459726304 0.002745948 0.888056457 104.815101624
0.882265627 -0.002252167 0.470746577 7.682235718 0.003305288 0.999993503 -0.001410502 -2.861806870 -0.470740318 0.002800390 0.882267356 105.323966980
0.874686360 -0.002533166 0.484682649 7.937751770 0.003179857 0.999994814 -0.000512140 -2.893789291 -0.484678805 0.001989183 0.874689996 105.730682373
0.867353261 -0.003132624 0.497683138 8.237850189 0.004066691 0.999991417 -0.000792996 -2.904386044 -0.497676402 0.002711731 0.867358565 106.212860107
