1.000000000 0.000000000 0.000000000 0.000000000 0.000000000 1.000000000 0.000000000 0.000000000 0.000000000 0.000000000 1.000000000 0.000000000
1.000000000 0.000062824 0.000074409 -0.000889758 -0.000062834 1.000000000 0.000131997 -0.000330843 -0.000074401 -0.000132002 1.000000000 -0.000102416
1.000000000 0.000024944 0.000092490 -0.000906118 -0.000024942 1.000000000 -0.000017037 0.000611824 -0.000092490 0.000017035 1.000000000 -0.000093155
1.000000000 0.000037548 0.000050560 -0.000286496 -0.000037548 1.000000000 -0.000005815 -0.000166593 -0.000050560 0.000005813 1.000000000 0.000178570
1.000000000 0.000106211 0.000190126 -0.001319442 -0.000106229 1.000000000 0.000093225 -0.000463865 -0.000190116 -0.000093245 1.000000000 0.000466380
1.000000000 -0.000099189 0.000012534 -0.000170023 0.000099189 1.000000000 0.000020282 -0.000164329 -0.000012536 -0.000020280 1.000000000 -0.000105970
1.000000000 0.000075177 0.000078591 -0.001227999 -0.000075185 1.000000000 0.000099380 -0.000740395 -0.000078584 -0.000099386 1.000000000 -0.000871180
1.000000000 0.000078630 0.000062736 -0.000813810 -0.000078626 1.000000000 -0.000065608 0.000129612 -0.000062742 0.000065603 1.000000000 -0.000384209
1.000000000 0.000108675 0.000155319 -0.001048943 -0.000108682 1.000000000 0.000048289 -0.001035958 -0.000155314 -0.000048306 1.000000000 -0.000378649
1.000000000 0.000202949 0.000132380 -0.001466902 -0.000202967 1.000000000 0.000135145 -0.000847350 -0.000132352 -0.000135172 1.000000000 0.000540123
1.000000000 0.000086294 0.000120303 -0.000548989 -0.000086302 1.000000000 0.000060188 -0.000606028 -0.000120298 -0.000060198 1.000000000 0.000569815
1.000000000 0.000113713 0.000140335 -0.000947316 -0.000113716 1.000000000 0.000017829 -0.000798692 -0.000140333 -0.000017845 1.000000000 -0.000084424
1.000000000 0.000077320 0.000093523 -0.000731720 -0.000077321 1.000000000 0.000006598 0.000170315 -0.000093523 -0.000006605 1.000000000 -0.000010559
1.000000000 0.000119256 0.000120377 -0.001900229 -0.000119252 1.000000000 -0.000036675 0.000352759 -0.000120381 0.000036660 1.000000000 -0.000464033
1.000000000 0.000161686 0.000106472 -0.000459497 -0.000161691 1.000000000 0.000041595 0.000801223 -0.000106466 -0.000041612 1.000000000 0.000993779
0.999999940 0.000274062 0.000124195 -0.001375177 -0.000274057 0.999999940 -0.000042260 0.000957230 -0.000124207 0.000042226 1.000000000 0.000581515
0.999999940 0.000355571 0.000163309 -0.001658257 -0.000355567 0.999999940 -0.000023474 0.000651986 -0.000163317 0.000023415 1.000000000 0.001620578
0.999999940 0.000245434 0.000182653 -0.001743839 -0.000245431 0.999999940 -0.000013822 0.001436433 -0.000182657 0.000013778 1.000000000 0.002346250
0.999999940 0.000239303 0.000235494 -0.001944248 -0.000239281 0.999999940 -0.000094078 0.001411220 -0.000235517 0.000094022 0.999999940 0.001456506
0.999999940 0.000243196 0.000206703 -0.002058843 -0.000243194 1.000000000 -0.000010724 0.000755172 -0.000206706 0.000010674 1.000000000 0.002091583
0.999999940 0.000312844 0.000127097 -0.001722052 -0.000312838 0.999999940 -0.000051152 0.001301218 -0.000127113 0.000051113 1.000000000 0.001645562
0.999999940 0.000274816 0.000184490 -0.001701278 -0.000274802 0.999999940 -0.000071532 0.001420298 -0.000184509 0.000071481 1.000000000 0.002318971
0.999999940 0.000244531 0.000220644 -0.002402740 -0.000244523 0.999999940 -0.000033123 0.001362165 -0.000220652 0.000033069 1.000000000 0.001634119
0.999999940 0.000385658 0.000156503 -0.002268720 -0.000385655 0.999999940 -0.000019723 0.001398559 -0.000156511 0.000019662 1.000000000 0.002303825
0.999999940 0.000340674 0.000226604 -0.001905189 -0.000340683 0.999999940 0.000038222 0.000564442 -0.000226591 -0.000038299 1.000000000 0.001586289
0.999999940 0.000255763 0.000212900 -0.002157461 -0.000255753 0.999999940 -0.000046812 0.002324889 -0.000212912 0.000046758 1.000000000 0.002805842
0.999999940 0.000292163 0.000181729 -0.001752238 -0.000292172 0.999999940 0.000047782 0.001022501 -0.000181715 -0.000047835 1.000000000 0.001901893
0.999999940 0.000345292 0.000119402 -0.002142383 -0.000345284 0.999999940 -0.000067838 0.001865743 -0.000119426 0.000067797 1.000000000 0.001433134
0.999999940 0.000396796 0.000104278 -0.001807811 -0.000396783 0.999999940 -0.000123979 0.002587681 -0.000104327 0.000123938 1.000000000 0.001573375
0.999999881 0.000380815 0.000197188 -0.001409778 -0.000380810 0.999999940 -0.000024138 0.001268486 -0.000197198 0.000024063 1.000000000 0.002175019
0.999999881 0.000372284 0.000306377 -0.002586283 -0.000372263 0.999999940 -0.000067799 0.002086331 -0.000306402 0.000067685 0.999999940 0.002389976
0.999999881 0.000414703 0.000214480 -0.001958893 -0.000414686 0.999999940 -0.000080254 0.001992689 -0.000214514 0.000080165 1.000000000 0.002840439
0.999999940 0.000362315 0.000182676 -0.001684255 -0.000362312 0.999999940 -0.000012460 0.000416356 -0.000182680 0.000012394 1.000000000 0.000900501
0.999999821 0.000457757 0.000327318 -0.003246319 -0.000457755 0.999999881 -0.000006322 0.000968993 -0.000327321 0.000006172 0.999999940 0.001825335
0.999999881 0.000376135 0.000229407 -0.001590634 -0.000376109 0.999999940 -0.000110928 0.001761529 -0.000229448 0.000110841 0.999999940 0.001614027
0.999999940 0.000339058 0.000229360 -0.002957567 -0.000339045 0.999999940 -0.000060249 0.001724590 -0.000229380 0.000060171 1.000000000 0.001769015
0.999999881 0.000409327 0.000167508 -0.002206731 -0.000409310 0.999999940 -0.000103071 0.002617985 -0.000167550 0.000103003 1.000000000 0.001954223
0.999999881 0.000447650 0.000247011 -0.002368142 -0.000447639 0.999999881 -0.000045217 0.002030895 -0.000247032 0.000045106 0.999999940 0.002145832
0.999999881 0.000463486 0.000214125 -0.001518123 -0.000463481 0.999999881 -0.000021257 0.001928521 -0.000214134 0.000021157 1.000000000 0.001128351
0.999999940 0.000295949 0.000175475 -0.001086377 -0.000295930 0.999999940 -0.000105563 0.001099259 -0.000175506 0.000105511 1.000000000 0.001152492
0.999999821 0.000468385 0.000326681 -0.001477486 -0.000468197 0.999999702 -0.000576068 -0.002465491 -0.000326950 0.000575915 0.999999762 0.048311722
0.999999762 0.000616295 0.000288689 -0.000007538 -0.000615945 0.999999106 -0.001211669 -0.003113321 -0.000289436 0.001211491 0.999999225 0.139217928
0.999996781 0.002155586 0.001330845 -0.012826664 -0.002155136 0.999997616 -0.000339874 -0.016011180 -0.001331574 0.000337004 0.999999046 0.247747496
0.999995589 0.002569961 0.001458204 -0.010679922 -0.002569886 0.999996722 -0.000052879 -0.021430064 -0.001458335 0.000049131 0.999998927 0.377958775
0.999995768 0.002483640 0.001491700 -0.008966159 -0.002483471 0.999996841 -0.000115052 -0.023957023 -0.001491981 0.000111347 0.999998868 0.521342456
0.999997020 0.002020978 0.001418015 -0.004386680 -0.002021124 0.999997914 0.000101411 -0.029251181 -0.001417807 -0.000104277 0.999998987 0.673259974
0.999997199 0.001929689 0.001422709 0.001495261 -0.001930165 0.999998093 0.000333485 -0.032375485 -0.001422063 -0.000336230 0.999998927 0.839337170
0.999996603 0.002031392 0.001640053 0.003597507 -0.002032021 0.999997854 0.000381869 -0.036063895 -0.001639274 -0.000385200 0.999998510 1.004474521
0.999997437 0.001770349 0.001413857 0.008988578 -0.001770894 0.999998391 0.000384636 -0.039668489 -0.001413174 -0.000387139 0.999998868 1.182413101
0.999996245 0.002120379 0.001698076 0.013339041 -0.002121637 0.999997497 0.000739446 -0.046022348 -0.001696503 -0.000743046 0.999998271 1.365586758
0.999996483 0.002190843 0.001545766 0.014923425 -0.002191954 0.999997377 0.000717420 -0.046274330 -0.001544190 -0.000720806 0.999998510 1.559074521
0.999994755 0.002426035 0.002158192 0.014871927 -0.002427738 0.999996722 0.000786951 -0.059354555 -0.002156276 -0.000792186 0.999997377 1.752491117
0.999994040 0.002755456 0.002095516 0.017330287 -0.002757729 0.999995589 0.001082363 -0.067231536 -0.002092524 -0.001088135 0.999997199 1.951141000
0.999996126 0.001912339 0.002010119 0.023877617 -0.001914281 0.999997675 0.000964561 -0.072016589 -0.002008270 -0.000968405 0.999997497 2.170594215
0.999994755 0.002263850 0.002303500 0.024883674 -0.002266753 0.999996662 0.001258459 -0.082294606 -0.002300643 -0.001263674 0.999996543 2.384653330
0.999992967 0.002829540 0.002465274 0.031870350 -0.002832271 0.999995410 0.001105015 -0.088974550 -0.002462136 -0.001111990 0.999996364 2.603734732
0.999993205 0.002684593 0.002509815 0.035398599 -0.002687787 0.999995589 0.001269984 -0.094367489 -0.002506395 -0.001276721 0.999996006 2.838809490
0.999994159 0.002406897 0.002402043 0.044739533 -0.002409847 0.999996364 0.001225879 -0.099354662 -0.002399084 -0.001231661 0.999996305 3.068233967
0.999994338 0.002563435 0.002159925 0.049371723 -0.002566585 0.999995649 0.001456566 -0.109591678 -0.002156181 -0.001462101 0.999996603 3.303198576
0.999993145 0.002551145 0.002722983 0.050741933 -0.002555556 0.999995410 0.001617352 -0.117676266 -0.002718844 -0.001624299 0.999994934 3.545877934
0.999992549 0.002730282 0.002699722 0.053930767 -0.002735172 0.999994576 0.001809394 -0.124957383 -0.002694767 -0.001816765 0.999994755 3.799085855
0.999993026 0.002570171 0.002694306 0.061348964 -0.002574215 0.999995470 0.001498416 -0.127219811 -0.002690443 -0.001505341 0.999995291 4.062945843
0.999991953 0.002666310 0.002993797 0.065193422 -0.002671763 0.999994755 0.001818977 -0.135044321 -0.002988932 -0.001826961 0.999993801 4.316268444
0.999991536 0.002696545 0.003104788 0.070452049 -0.002701272 0.999995172 0.001519433 -0.139731303 -0.003100676 -0.001527807 0.999994040 4.577010155
0.999990821 0.002915945 0.003142518 0.080363110 -0.002920896 0.999994516 0.001572089 -0.145938531 -0.003137917 -0.001581254 0.999993861 4.835053444
0.999988973 0.003327611 0.003286749 0.083533853 -0.003335002 0.999991834 0.002245918 -0.161212653 -0.003279249 -0.002256855 0.999992073 5.082036972
0.999989510 0.003184771 0.003272580 0.087248936 -0.003191498 0.999992728 0.002052388 -0.166080222 -0.003266020 -0.002062811 0.999992549 5.350414276
0.999988735 0.003119917 0.003586453 0.090094075 -0.003128337 0.999992371 0.002344510 -0.176560938 -0.003579111 -0.002355703 0.999990821 5.616416454
0.999987721 0.003472067 0.003529761 0.092889167 -0.003479273 0.999991894 0.002037195 -0.186360747 -0.003522659 -0.002049451 0.999991715 5.875952244
0.999987662 0.003354347 0.003662049 0.101057507 -0.003361890 0.999992192 0.002055287 -0.193293184 -0.003655127 -0.002067572 0.999991238 6.157600403
0.999986053 0.003640192 0.003811150 0.109963968 -0.003646955 0.999991775 0.001768948 -0.195042074 -0.003804680 -0.001782822 0.999991179 6.453302860
0.999989152 0.003030904 0.003535235 0.113044403 -0.003037118 0.999993861 0.001753611 -0.204436854 -0.003529898 -0.001764328 0.999992192 6.741899490
0.999990404 0.002828296 0.003357215 0.123502441 -0.002833466 0.999994755 0.001536072 -0.209574506 -0.003352853 -0.001545570 0.999993205 7.048144817
0.999991119 0.002774380 0.003180709 0.133582234 -0.002780017 0.999994576 0.001769310 -0.214504272 -0.003175783 -0.001778136 0.999993384 7.363108158
0.999988317 0.003041499 0.003755340 0.132595316 -0.003049403 0.999993086 0.002100833 -0.235472769 -0.003748925 -0.002112260 0.999990761 7.647830486
0.999988258 0.003119798 0.003700586 0.144728318 -0.003127417 0.999993026 0.002055006 -0.239712358 -0.003694149 -0.002066555 0.999991059 7.971076012
0.999985576 0.003672688 0.003914910 0.146080539 -0.003679686 0.999991596 0.001781791 -0.246961266 -0.003908333 -0.001796171 0.999990761 8.290225029
0.999986112 0.003623582 0.003833711 0.153293177 -0.003630304 0.999991834 0.001747981 -0.254550785 -0.003827346 -0.001761875 0.999991119 8.617819786
0.999984384 0.003545669 0.004348036 0.157651275 -0.003553723 0.999991894 0.001845822 -0.264593422 -0.004341457 -0.001861244 0.999988854 8.949575424
0.999985754 0.003544581 0.003991093 0.168343350 -0.003552317 0.999991775 0.001932929 -0.276064515 -0.003984209 -0.001947079 0.999990165 9.295763016
0.999981999 0.004182101 0.004307141 0.178146109 -0.004190309 0.999989390 0.001898456 -0.287403047 -0.004299155 -0.001916470 0.999988914 9.628376007
0.999982119 0.004030302 0.004411687 0.184682056 -0.004039067 0.999989867 0.001979820 -0.293307185 -0.004403663 -0.001997604 0.999988317 9.986047745
0.999983966 0.003904045 0.004101173 0.193373650 -0.003912750 0.999990106 0.002116625 -0.312516600 -0.004092868 -0.002132638 0.999989331 10.333518028
0.999984622 0.003617821 0.004190419 0.203125387 -0.003627395 0.999990821 0.002279478 -0.323364019 -0.004182133 -0.002294644 0.999988616 10.697144508
0.999985635 0.003575082 0.003984648 0.214959264 -0.003584424 0.999990880 0.002340025 -0.330157250 -0.003976245 -0.002354274 0.999989331 11.070741653
0.999985337 0.003238283 0.004338315 0.220409483 -0.003246917 0.999992788 0.001984707 -0.336414784 -0.004331856 -0.001998764 0.999988616 11.453368187
0.999984324 0.003628996 0.004263226 0.232376143 -0.003637150 0.999991596 0.001906507 -0.342006415 -0.004256271 -0.001921983 0.999989092 11.834229469
0.999983907 0.003059895 0.004779122 0.239371598 -0.003070591 0.999992788 0.002232138 -0.359055698 -0.004772258 -0.002246777 0.999986172 12.209303856
0.999979615 0.003800913 0.005124105 0.240354091 -0.003814167 0.999989390 0.002579276 -0.373716414 -0.005114247 -0.002598768 0.999983549 12.592666626
0.999978065 0.004080223 0.005221965 0.245967478 -0.004093366 0.999988496 0.002508669 -0.382475853 -0.005211669 -0.002529989 0.999983251 12.997257233
0.999978185 0.003710798 0.005464958 0.251322627 -0.003726829 0.999988794 0.002926097 -0.398041189 -0.005454039 -0.002946400 0.999980807 13.398867607
0.999978244 0.003690073 0.005464699 0.261106640 -0.003705541 0.999989092 0.002823143 -0.406320333 -0.005454222 -0.002843331 0.999981105 13.812686920
0.999975204 0.004106283 0.005714207 0.270897925 -0.004124222 0.999986649 0.003131135 -0.417302758 -0.005701273 -0.003154624 0.999978840 14.234879494
0.999970675 0.004204779 0.006395654 0.278588146 -0.004221641 0.999987602 0.002625264 -0.422538012 -0.006384536 -0.002652187 0.999976099 14.652819633
0.999974370 0.003762366 0.006089700 0.294579625 -0.003779860 0.999988735 0.002863886 -0.432953238 -0.006078857 -0.002886830 0.999977350 15.090533257
0.999968231 0.004023874 0.006884743 0.300653785 -0.004046347 0.999986470 0.003253316 -0.452856392 -0.006871559 -0.003281070 0.999970973 15.512952805
0.999966383 0.003831236 0.007247902 0.311313748 -0.003853052 0.999988079 0.002998471 -0.458505452 -0.007236327 -0.003026296 0.999969244 15.964449883
0.999960303 0.004451219 0.007720229 0.322320104 -0.004476029 0.999984801 0.003199219 -0.473296881 -0.007705872 -0.003233648 0.999965072 16.400228500
0.999958277 0.004627262 0.007877347 0.331696481 -0.004650713 0.999984801 0.002961335 -0.484482169 -0.007863524 -0.002997847 0.999964535 16.853643417
0.999954402 0.004652809 0.008337072 0.342207462 -0.004677350 0.999984741 0.002926263 -0.500025332 -0.008323330 -0.002965125 0.999960959 17.294752121
0.999950707 0.004756534 0.008711911 0.357236952 -0.004784729 0.999983430 0.003218330 -0.510430992 -0.008696458 -0.003259855 0.999956846 17.763275146
0.999945581 0.004953054 0.009176058 0.366696656 -0.004977003 0.999984264 0.002588940 -0.517402887 -0.009163090 -0.002634468 0.999954522 18.231624603
0.999945998 0.004520481 0.009356354 0.381567836 -0.004552612 0.999983788 0.003415653 -0.536628366 -0.009340761 -0.003458064 0.999950409 18.705118179
0.999951184 0.004161566 0.008965833 0.403245538 -0.004188082 0.999986887 0.002940691 -0.544355452 -0.008953478 -0.002978097 0.999955535 19.188076019
0.999944746 0.004879139 0.009311037 0.418311715 -0.004910443 0.999982297 0.003342043 -0.562923670 -0.009294567 -0.003387579 0.999951065 19.673507690
0.999938607 0.005327560 0.009723852 0.426181406 -0.005361388 0.999979615 0.003456216 -0.574222803 -0.009705243 -0.003508137 0.999946773 20.162382126
0.999946117 0.004451122 0.009384526 0.449442565 -0.004484597 0.999983609 0.003548993 -0.590510786 -0.009368576 -0.003590887 0.999949694 20.654609680
0.999948442 0.004541614 0.009077713 0.449778467 -0.004573604 0.999983370 0.003506391 -0.600006461 -0.009061637 -0.003547728 0.999952674 21.154994965
0.999956369 0.004359564 0.008261237 0.467319757 -0.004386582 0.999985039 0.003255203 -0.608956099 -0.008246924 -0.003291299 0.999960601 21.662767410
0.999955714 0.004809080 0.008088951 0.475089610 -0.004833636 0.999983728 0.003019034 -0.618986666 -0.008074301 -0.003057999 0.999962747 22.178203583
0.999953687 0.004505358 0.008496650 0.485863626 -0.004533555 0.999984205 0.003302289 -0.638417840 -0.008481639 -0.003340656 0.999958396 22.684179306
0.999953985 0.005034027 0.008157859 0.495962560 -0.005061172 0.999981761 0.003310364 -0.653389633 -0.008141045 -0.003351499 0.999961257 23.204334259
0.999958456 0.005003337 0.007616824 0.498324752 -0.005029496 0.999981463 0.003419050 -0.670622110 -0.007599576 -0.003457217 0.999965191 23.696420670
0.999967098 0.003131112 0.007487043 0.499336958 -0.003154794 0.999990046 0.003153420 -0.688575745 -0.007477095 -0.003176937 0.999966979 24.273054123
0.999964237 0.004069140 0.007421668 0.512241423 -0.004094097 0.999985993 0.003350608 -0.695027351 -0.007407930 -0.003380872 0.999966800 24.827692032
0.999969840 0.003604711 0.006892721 0.521239698 -0.003628599 0.999987364 0.003456314 -0.706832886 -0.006880176 -0.003481220 0.999970317 25.344003677
0.999965191 0.005403631 0.006357671 0.521183431 -0.005429412 0.999977052 0.004044718 -0.738922954 -0.006335670 -0.004079096 0.999971569 25.896175385
0.999969304 0.005536675 0.005550742 0.539205432 -0.005558270 0.999976933 0.003882400 -0.750160456 -0.005529119 -0.003913132 0.999977052 26.456859589
0.999972820 0.005239579 0.005183225 0.548417568 -0.005261559 0.999977171 0.004236053 -0.763664365 -0.005160912 -0.004263209 0.999977589 27.004566193
0.999979675 0.004197463 0.004786573 0.562002599 -0.004219408 0.999980569 0.004583682 -0.785694420 -0.004767240 -0.004603786 0.999978065 27.542530060
0.999979317 0.004705488 0.004375482 0.576315701 -0.004724964 0.999978840 0.004451507 -0.799682498 -0.004354443 -0.004472089 0.999980569 28.093894958
0.999980867 0.004638226 0.004101514 0.590695858 -0.004654809 0.999980986 0.004042809 -0.805338562 -0.004082685 -0.004061824 0.999983490 28.654203415
0.999977589 0.005007585 0.004424627 0.592639923 -0.005027122 0.999977589 0.004415663 -0.818263888 -0.004402415 -0.004437808 0.999980450 29.189960480
0.999979317 0.005064130 0.003951566 0.602627337 -0.005082756 0.999975979 0.004718136 -0.832895994 -0.003927578 -0.004738124 0.999981046 29.745819092
0.999980748 0.005130367 0.003467154 0.618560553 -0.005147795 0.999974012 0.005036658 -0.844651341 -0.003441224 -0.005054409 0.999981284 30.291683197
0.999976397 0.005512105 0.004125411 0.615417540 -0.005529639 0.999975622 0.004250751 -0.854590654 -0.004101881 -0.004273461 0.999982417 30.817840576
0.999976575 0.005423784 0.004173978 0.623350799 -0.005442041 0.999975622 0.004375590 -0.868456721 -0.004150144 -0.004398202 0.999981701 31.366584778
0.999975204 0.005984595 0.003694662 0.633962929 -0.005999358 0.999974012 0.003997984 -0.877543628 -0.003670640 -0.004020050 0.999985158 31.919010162
0.999976635 0.005721303 0.003747193 0.647551000 -0.005736740 0.999975026 0.004121599 -0.893557250 -0.003723519 -0.004143000 0.999984443 32.449295044
0.999978304 0.005674819 0.003357068 0.656699777 -0.005689133 0.999974668 0.004269383 -0.908119082 -0.003332755 -0.004288389 0.999985218 32.995937347
0.999981582 0.005350975 0.002872467 0.677525640 -0.005363436 0.999976218 0.004347916 -0.925299883 -0.002849133 -0.004363241 0.999986351 33.552280426
0.999977350 0.005847489 0.003329629 0.678322554 -0.005862853 0.999972045 0.004623300 -0.941217661 -0.003302501 -0.004642716 0.999983788 34.060142517
0.999982715 0.004926952 0.003213067 0.676099598 -0.004941980 0.999976814 0.004686267 -0.953216314 -0.003189904 -0.004702065 0.999983847 34.598129272
0.999983311 0.005105661 0.002707376 0.691402793 -0.005118325 0.999975860 0.004691161 -0.965997219 -0.002683360 -0.004704940 0.999985337 35.148082733
0.999982715 0.004997338 0.003109946 0.703559875 -0.005011792 0.999976575 0.004657628 -0.974058390 -0.003086597 -0.004673135 0.999984324 35.696624756
0.999984741 0.004585492 0.003067815 0.699583590 -0.004599608 0.999978721 0.004610189 -0.992550313 -0.003046610 -0.004624230 0.999984682 36.228157043
0.999983847 0.004624854 0.003305266 0.711586356 -0.004639671 0.999979079 0.004489237 -1.003668666 -0.003284435 -0.004504500 0.999984443 36.778804779
0.999985158 0.004659538 0.002807635 0.723675430 -0.004671455 0.999980032 0.004252806 -1.011111379 -0.002787763 -0.004265859 0.999987066 37.327381134
0.999982893 0.004897023 0.003201443 0.732511997 -0.004911397 0.999977827 0.004497951 -1.029236555 -0.003179346 -0.004513598 0.999984741 37.839645386
0.999985635 0.004701009 0.002613055 0.745638192 -0.004713715 0.999977052 0.004877864 -1.044825912 -0.002590065 -0.004890112 0.999984682 38.387943268
0.999986351 0.004559049 0.002569311 0.758858562 -0.004571820 0.999977112 0.004986607 -1.053410053 -0.002546519 -0.004998286 0.999984264 38.944927216
0.999981523 0.004824504 0.003734243 0.748613656 -0.004840490 0.999979138 0.004283683 -1.059906721 -0.003713498 -0.004301679 0.999983847 39.462314606
0.999981880 0.004614221 0.003879808 0.760166347 -0.004630329 0.999980688 0.004152842 -1.074164867 -0.003860570 -0.004170732 0.999983847 40.014408112
0.999985218 0.004386164 0.003204195 0.791954577 -0.004400622 0.999980211 0.004519099 -1.097875595 -0.003184309 -0.004533133 0.999984682 40.533176422
0.999987543 0.004108841 0.002847594 0.809009016 -0.004120359 0.999983311 0.004050647 -1.102205515 -0.002830903 -0.004062329 0.999987721 41.088073730
0.999983013 0.004784606 0.003335768 0.806009948 -0.004797792 0.999980688 0.003956537 -1.108960986 -0.003316774 -0.003972474 0.999986589 41.621994019
0.999978244 0.005357912 0.003862291 0.814589739 -0.005373576 0.999977350 0.004056821 -1.119775057 -0.003840467 -0.004077486 0.999984324 42.175968170
0.999984384 0.004628080 0.003132698 0.838913620 -0.004641240 0.999980450 0.004206540 -1.137147427 -0.003113169 -0.004221015 0.999986231 42.706439972
0.999980867 0.005219500 0.003318265 0.832335472 -0.005234556 0.999975979 0.004545019 -1.148945093 -0.003294462 -0.004562302 0.999984145 43.249347687
0.999982297 0.004886150 0.003401909 0.860195458 -0.004900177 0.999979496 0.004126613 -1.166705370 -0.003381677 -0.004143210 0.999985695 43.788249969
0.999979138 0.004954197 0.004147818 0.842009962 -0.004970089 0.999980330 0.003829839 -1.170506716 -0.004128763 -0.003850375 0.999984086 44.277618408
0.999978125 0.005349055 0.003898039 0.855949581 -0.005362585 0.999979615 0.003468787 -1.180346489 -0.003879405 -0.003489615 0.999986470 44.834407806
0.999970675 0.006359681 0.004276635 0.865162134 -0.006373773 0.999974310 0.003289519 -1.193599463 -0.004255605 -0.003316681 0.999985516 45.379108429
0.999977171 0.005679853 0.003678767 0.889701188 -0.005693336 0.999977171 0.003664911 -1.211747169 -0.003657866 -0.003685771 0.999986589 45.890594482
0.999970794 0.005562925 0.005245373 0.867926955 -0.005580815 0.999978662 0.003401900 -1.220002413 -0.005226337 -0.003431074 0.999980450 46.424633026
0.999964714 0.006047827 0.005833060 0.882151723 -0.006069482 0.999974787 0.003701913 -1.229633331 -0.005810524 -0.003737186 0.999976099 46.975521088
0.999970794 0.005273277 0.005531506 0.901743948 -0.005292255 0.999980211 0.003421845 -1.242266178 -0.005513351 -0.003451019 0.999978840 47.553012848
0.999976575 0.005158095 0.004513001 0.929000854 -0.005173815 0.999980509 0.003478388 -1.268061280 -0.004494972 -0.003501655 0.999983728 48.060882568
0.999974787 0.005333200 0.004683813 0.934858084 -0.005348912 0.999980032 0.003348157 -1.268755913 -0.004665862 -0.003373125 0.999983430 48.569412231
0.999975324 0.004973328 0.004949229 0.948529959 -0.004990674 0.999981344 0.003498369 -1.282015800 -0.004931738 -0.003522983 0.999981701 49.125976562
0.999973416 0.005291983 0.005010379 0.967408776 -0.005311053 0.999978721 0.003800528 -1.298614740 -0.004990159 -0.003827038 0.999980211 49.661487579
0.999966383 0.005949215 0.005634022 0.957737088 -0.005967341 0.999976993 0.003206023 -1.305372834 -0.005614819 -0.003239535 0.999979019 50.178779602
0.999968052 0.005607221 0.005690895 0.972688913 -0.005624544 0.999979496 0.003032557 -1.320064306 -0.005673775 -0.003064469 0.999979198 50.714401245
0.999966681 0.005613953 0.005921953 0.984279692 -0.005634787 0.999977946 0.003507222 -1.335482836 -0.005902134 -0.003540474 0.999976397 51.259796143
0.999959707 0.006701095 0.005970584 0.988532901 -0.006720283 0.999972224 0.003199419 -1.348588228 -0.005948979 -0.003239414 0.999977052 51.781654358
0.999953866 0.007416949 0.006108210 1.004447937 -0.007435656 0.999967635 0.003045536 -1.365081668 -0.006085424 -0.003090814 0.999976635 52.331428528
0.999953508 0.007160902 0.006462332 1.008447647 -0.007182264 0.999968827 0.003288257 -1.374116540 -0.006438584 -0.003334518 0.999973714 52.857952118
0.999949276 0.007623084 0.006591527 1.023446083 -0.007647560 0.999963939 0.003695900 -1.395201921 -0.006563115 -0.003746121 0.999971509 53.399555206
0.999948919 0.007549745 0.006717097 1.029524565 -0.007569131 0.999967217 0.002865219 -1.404021263 -0.006695245 -0.002915915 0.999973357 53.922122955
0.999941766 0.007948308 0.007297705 1.035397291 -0.007967716 0.999964774 0.002634245 -1.414269567 -0.007276511 -0.002692237 0.999969900 54.461837769
0.999941289 0.007920682 0.007394413 1.050099611 -0.007938630 0.999965608 0.002401044 -1.426692128 -0.007375141 -0.002459604 0.999969780 55.014663696
0.999947369 0.007459070 0.007038195 1.069587350 -0.007479094 0.999968052 0.002822957 -1.441169858 -0.007016912 -0.002875448 0.999971271 55.557540894
0.999939978 0.007966661 0.007519140 1.075396061 -0.007989133 0.999963760 0.002963604 -1.453543544 -0.007495257 -0.003023498 0.999967396 56.103855133
0.999946177 0.007538237 0.007126395 1.096576452 -0.007560266 0.999966681 0.003069233 -1.478138089 -0.007103022 -0.003122946 0.999969840 56.635898590
0.999937713 0.008403833 0.007342374 1.111629725 -0.008425806 0.999960005 0.002966772 -1.492343187 -0.007317150 -0.003028453 0.999968588 57.170703888
0.999938488 0.008401773 0.007228250 1.129869223 -0.008419788 0.999961436 0.002465186 -1.502970338 -0.007207260 -0.002525894 0.999970853 57.726932526
0.999934852 0.008288707 0.007841476 1.145121098 -0.008314623 0.999960005 0.003278084 -1.521980286 -0.007813992 -0.003343069 0.999963880 58.274986267
0.999942124 0.007645989 0.007567323 1.147953629 -0.007668839 0.999966025 0.002995183 -1.527006388 -0.007544165 -0.003053042 0.999966860 58.762489319
0.999939203 0.007553945 0.008034141 1.162098527 -0.007572731 0.999968588 0.002310324 -1.541029811 -0.008016436 -0.002371023 0.999965072 59.308029175
0.999948323 0.007103786 0.007262864 1.184109449 -0.007125190 0.999970317 0.002925445 -1.557988524 -0.007241866 -0.002977043 0.999969363 59.832546234
0.999946475 0.007183675 0.007443973 1.197429061 -0.007206336 0.999969363 0.003021909 -1.567235827 -0.007422038 -0.003075391 0.999967754 60.386886597
0.999939740 0.007813918 0.007709565 1.209174156 -0.007833904 0.999966025 0.002565520 -1.580455065 -0.007689256 -0.002625761 0.999966979 60.909759521
0.999934793 0.008231209 0.007918010 1.226497650 -0.008254766 0.999961615 0.002947086 -1.593323350 -0.007893449 -0.003012255 0.999964297 61.459770203
0.999936402 0.007792364 0.008152495 1.232805252 -0.007815853 0.999965370 0.002853474 -1.610332847 -0.008129978 -0.002917012 0.999962687 61.957412720
0.999931872 0.008396281 0.008106000 1.246154308 -0.008417153 0.999961317 0.002544509 -1.622928023 -0.008084322 -0.002612565 0.999963880 62.499286652
0.999927521 0.008578424 0.008438944 1.263610840 -0.008602291 0.999959111 0.002796160 -1.636181116 -0.008414611 -0.002868551 0.999960482 63.022552490
0.999930382 0.008389612 0.008292723 1.279893637 -0.008410539 0.999961555 0.002491743 -1.651339173 -0.008271499 -0.002561315 0.999962449 63.560546875
0.999927938 0.008511335 0.008463076 1.291452885 -0.008533712 0.999960184 0.002611835 -1.666530132 -0.008440509 -0.002683868 0.999960780 64.093139648
0.999924958 0.008588701 0.008739134 1.303605437 -0.008611743 0.999959528 0.002602438 -1.679250002 -0.008716430 -0.002677501 0.999958396 64.615791321
0.999924958 0.008333269 0.008984418 1.321334362 -0.008358382 0.999961197 0.002761122 -1.694897056 -0.008961060 -0.002836010 0.999955773 65.155601501
0.999924302 0.008463431 0.008927291 1.334475756 -0.008486643 0.999960721 0.002565569 -1.701884270 -0.008905226 -0.002641138 0.999956846 65.681068420
0.999919415 0.008899676 0.009051875 1.339076996 -0.008921900 0.999957263 0.002417862 -1.723805070 -0.009029971 -0.002498428 0.999956071 66.225402832
0.999915659 0.009070564 0.009298271 1.359617710 -0.009093243 0.999955773 0.002399606 -1.733274102 -0.009276094 -0.002483955 0.999953806 66.742317200
0.999907970 0.009544519 0.009644828 1.372179389 -0.009569205 0.999951065 0.002516776 -1.750025868 -0.009620334 -0.002608838 0.999950290 67.289718628
0.999902964 0.009957418 0.009744244 1.390571713 -0.009982380 0.999947071 0.002516609 -1.767727613 -0.009718667 -0.002613636 0.999949336 67.826889038
0.999908328 0.009563443 0.009586783 1.407190800 -0.009580747 0.999952555 0.001760524 -1.769149780 -0.009569491 -0.001852211 0.999952495 68.356307983
0.999911487 0.009671335 0.009133966 1.422557116 -0.009690547 0.999950886 0.002061447 -1.782566905 -0.009113580 -0.002149777 0.999956191 68.905609131
0.999905884 0.009946259 0.009455567 1.437761784 -0.009961913 0.999949098 0.001609948 -1.800682425 -0.009439072 -0.001703992 0.999954045 69.448738098
0.999899209 0.009973363 0.010103657 1.446762800 -0.009992262 0.999948382 0.001821679 -1.809783816 -0.010084967 -0.001922454 0.999947309 69.923171997
0.999891937 0.009991240 0.010787465 1.457949638 -0.010008061 0.999948740 0.001506445 -1.823910117 -0.010771860 -0.001614243 0.999940753 70.474670410
0.999895930 0.009994219 0.010407579 1.479017615 -0.010012484 0.999948382 0.001704372 -1.839067101 -0.010390009 -0.001808400 0.999944389 70.998458862
0.999898255 0.009661354 0.010493516 1.492378235 -0.009677676 0.999952018 0.001505901 -1.845801711 -0.010478464 -0.001607300 0.999943793 71.510040283
0.999891281 0.010223529 0.010624550 1.508461833 -0.010238061 0.999946773 0.001314329 -1.858039975 -0.010610548 -0.001422961 0.999942660 72.063369751
0.999899626 0.009520289 0.010490156 1.520721197 -0.009537742 0.999953210 0.001614750 -1.875546336 -0.010474292 -0.001714641 0.999943674 72.574150085
0.999898314 0.009602319 0.010542344 1.536098480 -0.009620088 0.999952376 0.001636089 -1.880627632 -0.010526132 -0.001737340 0.999943078 73.122299194
0.999896646 0.009574912 0.010724492 1.550251961 -0.009585349 0.999953628 0.000922125 -1.896093369 -0.010715166 -0.001024828 0.999942064 73.640007019
0.999890864 0.010044392 0.010829683 1.573318720 -0.010055059 0.999948919 0.000930902 -1.914450526 -0.010819781 -0.001039693 0.999940932 74.267517090
0.999892056 0.009897132 0.010856642 1.583335161 -0.009905814 0.999950647 0.000746376 -1.920720339 -0.010848721 -0.000853840 0.999940753 74.717193604
0.999882519 0.010945917 0.010724445 1.601054192 -0.010945333 0.999940097 -0.000113154 -1.929509997 -0.010725042 -0.000004241 0.999942482 75.266677856
0.999882817 0.010932319 0.010709849 1.614919782 -0.010933962 0.999940157 0.000095075 -1.940561056 -0.010708170 -0.000212165 0.999942660 75.787033081
0.999882102 0.010336963 0.011348313 1.628272057 -0.010344667 0.999946296 0.000620493 -1.965999484 -0.011341288 -0.000737814 0.999935389 76.315765381
0.999864578 0.011649792 0.011625804 1.639468789 -0.011649551 0.999932170 -0.000088457 -1.974071503 -0.011626045 -0.000046991 0.999932408 76.868408203
0.999877036 0.010732613 0.011430824 1.654596567 -0.010743602 0.999941885 0.000900557 -1.995477796 -0.011420493 -0.001023255 0.999934256 77.365837097
0.999875247 0.010614088 0.011694291 1.671770334 -0.010618405 0.999943614 0.000307183 -2.010775089 -0.011690369 -0.000431319 0.999931574 77.907104492
0.999871254 0.010752231 0.011909926 1.688222170 -0.010760794 0.999941885 0.000655208 -2.022163153 -0.011902189 -0.000783284 0.999928832 78.421607971
0.999875247 0.010810162 0.011512699 1.709814310 -0.010812052 0.999941528 0.000101978 -2.034479856 -0.011510922 -0.000226442 0.999933720 78.977966309
0.999872148 0.010631213 0.011954519 1.722219706 -0.010639944 0.999943197 0.000666894 -2.056514025 -0.011946752 -0.000794004 0.999928236 79.465431213
0.999844790 0.011557603 0.013298649 1.734154463 -0.011570797 0.999932647 0.000915686 -2.070606232 -0.013287169 -0.001069420 0.999911129 80.019378662
0.999837339 0.010808057 0.014439929 1.757308125 -0.010819321 0.999941170 0.000702219 -2.083096266 -0.014431491 -0.000858335 0.999895513 80.519256592
0.999807417 0.011376492 0.015991544 1.772985697 -0.011388404 0.999934912 0.000654113 -2.092351437 -0.015983060 -0.000836105 0.999871969 81.071594238
0.999783039 0.011742941 0.017206173 1.786388993 -0.011765875 0.999930024 0.001232344 -2.119237900 -0.017190496 -0.001434523 0.999851286 81.599441528
0.999740601 0.010805543 0.020045409 1.822566748 -0.010814779 0.999941409 0.000352467 -2.119686127 -0.020040426 -0.000569162 0.999799013 82.098175049
0.999657512 0.010682250 0.023888890 1.847287655 -0.010701210 0.999942482 0.000665954 -2.139782429 -0.023880400 -0.000921366 0.999714375 82.635009766
0.999564826 0.011478409 0.027172882 1.876446962 -0.011500850 0.999933600 0.000669727 -2.158319950 -0.027163392 -0.000981947 0.999630451 83.167320251
0.999466360 0.010239759 0.031018037 1.908895493 -0.010258008 0.999947250 0.000429288 -2.164349556 -0.031012006 -0.000747242 0.999518752 83.658210754
0.999255836 0.010337036 0.037161965 1.940866351 -0.010353782 0.999946356 0.000258176 -2.176623344 -0.037157301 -0.000642750 0.999309182 84.206390381
0.999021590 0.010354987 0.042994302 1.982001066 -0.010348896 0.999946415 -0.000364295 -2.189646244 -0.042995766 -0.000081005 0.999075294 84.741462708
0.998739898 0.010063115 0.049165536 2.016674995 -0.010076412 0.999949276 0.000022588 -2.203106165 -0.049162813 -0.000517972 0.998790681 85.301612854
0.998316228 0.010198238 0.057102047 2.076324224 -0.010223652 0.999947727 0.000152930 -2.216416121 -0.057097506 -0.000736464 0.998368323 85.814064026
0.997748315 0.010835514 0.066187851 2.128945827 -0.010816572 0.999941289 -0.000644552 -2.223613977 -0.066190958 -0.000072825 0.997806966 86.374473572
0.997269690 0.010389363 0.073111042 2.184590816 -0.010365886 0.999946058 -0.000700568 -2.237526655 -0.073114380 -0.000059205 0.997323632 86.938598633
0.996591270 0.009976732 0.081891425 2.243847370 -0.009969969 0.999950111 -0.000491502 -2.257067204 -0.081892237 -0.000326628 0.996641159 87.472480774
0.995715916 0.009718386 0.091954239 2.320257187 -0.009698214 0.999952734 -0.000666235 -2.278605938 -0.091956362 -0.000228411 0.995763063 87.996002197
0.994917452 0.008293951 0.100351289 2.409279823 -0.008208305 0.999965549 -0.001266341 -2.283068657 -0.100358330 0.000436191 0.994951308 88.544204712
0.994115949 0.009074484 0.107940547 2.465192318 -0.008987399 0.999958754 -0.001293263 -2.295996666 -0.107947834 0.000315548 0.994156539 89.098838806
0.992968142 0.008900048 0.118046969 2.554384708 -0.008772487 0.999960184 -0.001600152 -2.306853294 -0.118056506 0.000553335 0.993006706 89.639419556
0.991638720 0.009386390 0.128703997 2.649596214 -0.009322909 0.999955952 -0.001095698 -2.326196909 -0.128708601 -0.000113359 0.991682470 90.185112000
0.990547121 0.007238843 0.136981249 2.746890068 -0.006966987 0.999972701 -0.002463962 -2.335156202 -0.136995345 0.001486324 0.990570605 90.710052490
0.988964438 0.007302817 0.147972792 2.866785049 -0.007120907 0.999973059 -0.001759087 -2.349358797 -0.147981644 0.000685974 0.988989890 91.143524170
0.986992359 0.008088110 0.160563201 2.952612877 -0.007916940 0.999967217 -0.001705791 -2.359140396 -0.160571769 0.000412434 0.987024069 91.669937134
0.985122502 0.008001099 0.171667188 3.066916466 -0.007815363 0.999967933 -0.001757785 -2.374836683 -0.171675742 0.000389992 0.985153437 92.210510254
0.983287036 0.007062078 0.181925014 3.185969353 -0.006795188 0.999974728 -0.002090309 -2.385911942 -0.181935176 0.000819159 0.983310163 92.752555847
0.980834484 0.006785442 0.194724321 3.313599586 -0.006440543 0.999976397 -0.002404294 -2.400842190 -0.194736034 0.001104085 0.980855107 93.289718628
0.978361011 0.006611728 0.206799448 3.452049255 -0.006265338 0.999977708 -0.002329885 -2.418123007 -0.206810236 0.000983800 0.978380620 93.817199707
0.976246178 0.006239180 0.216574162 3.588130951 -0.005886697 0.999980092 -0.002272620 -2.431907415 -0.216584042 0.000943730 0.976263583 94.297637939
0.973189294 0.005281764 0.229944840 3.716287613 -0.004900435 0.999985516 -0.002229389 -2.449462652 -0.229953304 0.001042788 0.973201096 94.818222046
0.970004320 0.004338865 0.243049130 3.873325348 -0.003809535 0.999989212 -0.002647833 -2.461233377 -0.243058011 0.001642505 0.970010400 95.348083496
0.967142105 0.004592331 0.254194915 4.030179977 -0.004079122 0.999988437 -0.002546031 -2.477798223 -0.254203707 0.001425482 0.967149675 95.862655640
0.964149773 0.004852035 0.265314341 4.192010880 -0.004352759 0.999987423 -0.002469762 -2.499001503 -0.265323013 0.001226371 0.964158714 96.360160828
0.960495532 0.004734089 0.278255254 4.370952606 -0.004196480 0.999987960 -0.002527652 -2.517394543 -0.278263897 0.001260106 0.960503817 96.869895935
0.956740618 0.004919405 0.290900588 4.547834396 -0.004410378 0.999987364 -0.002405479 -2.534734488 -0.290908724 0.001018438 0.956750214 97.409271240
0.953215837 0.004235728 0.302260906 4.747926712 -0.003717163 0.999990404 -0.002290834 -2.557962179 -0.302267671 0.001060106 0.953222513 97.908950806
0.948731244 0.003928477 0.316059649 4.946260452 -0.003352536 0.999991596 -0.002365972 -2.569255590 -0.316066295 0.001185071 0.948736429 98.439590454
0.944030285 0.003415955 0.329841286 5.150766373 -0.002755413 0.999993145 -0.002470090 -2.583066225 -0.329847425 0.001422991 0.944033206 98.954574585
0.939704299 0.003780805 0.341967106 5.360643387 -0.003213045 0.999992430 -0.002226717 -2.608863354 -0.341972977 0.000993700 0.939709246 99.462905884
0.934938371 0.002141572 0.354803622 5.572969437 -0.001442571 0.999996483 -0.002234613 -2.628229380 -0.354807168 0.001577396 0.934938192 99.977043152
0.929526865 0.002452550 0.368746042 5.792392731 -0.001742645 0.999995947 -0.002258206 -2.644549847 -0.368750095 0.001456470 0.929527402 100.480834961
0.924548805 0.001827206 0.381059259 6.026557922 -0.000968273 0.999996603 -0.002445771 -2.655273438 -0.381062418 0.001892265 0.924547315 100.997947693
0.919840693 0.000471989 0.392291665 6.265962601 0.000521099 0.999996901 -0.002425021 -2.671492338 -0.392291576 0.002435056 0.919837654 101.469192505
0.913428307 0.000471402 0.406999320 6.506244659 0.000313246 0.999998212 -0.001861254 -2.705288649 -0.406999528 0.001827613 0.913426578 101.960403442
0.907810926 0.000005348 0.419379622 6.764171600 0.000910536 0.999997675 -0.001983748 -2.718029499 -0.419378668 0.002182728 0.907808840 102.450836182
0.902414203 0.000214126 0.430869341 7.007453918 0.000551504 0.999998450 -0.001652032 -2.738607168 -0.430869043 0.001728443 0.902412772 102.925300598
0.896510959 -0.000241682 0.443021387 7.286033630 0.000971270 0.999998569 -0.001419962 -2.757024527 -0.443020374 0.001703305 0.896509945 103.429885864
0.889871478 -0.000949833 0.456210583 7.553676605 0.001892425 0.999996901 -0.001609313 -2.785396814 -0.456207693 0.002295426 0.889870405 103.905464172
0.883689821 -0.002130136 0.468068212 7.835479736 0.003640887 0.999990642 -0.002322951 -2.793004751 -0.468058854 0.003756951 0.883689344 104.389404297
0.877723277 -0.001776338 0.479164600 8.129669189 0.003226625 0.999992311 -0.002203334 -2.803630590 -0.479157031 0.003480001 0.877722263 104.899963379
0.870143950 -0.002138225 0.492793113 8.399684906 0.003386042 0.999992847 -0.001639904 -2.831614017 -0.492786080 0.003095570 0.870144963 105.311332703
0.862853348 -0.002817990 0.505446494 8.693195343 0.003935742 0.999991596 -0.001143548 -2.864699125 -0.505439043 0.002976021 0.862857223 105.786445618
