1.000000000 0.000000000 0.000000000 0.000000000 0.000000000 1.000000000 0.000000000 0.000000000 0.000000000 0.000000000 1.000000000 0.000000000
1.000000000 0.000077406 0.000030460 -0.000107430 -0.000077405 1.000000000 -0.000004286 0.000341972 -0.000030460 0.000004283 1.000000000 0.000232071
1.000000000 0.000031433 0.000078782 -0.000534556 -0.000031436 1.000000000 0.000044820 -0.000138794 -0.000078780 -0.000044822 1.000000000 0.000318660
1.000000000 0.000009867 0.000036329 -0.000207120 -0.000009865 1.000000000 -0.000037340 0.000718508 -0.000036329 0.000037339 1.000000000 0.000548964
1.000000000 0.000025842 0.000072871 -0.000362671 -0.000025838 1.000000000 -0.000045528 0.000570112 -0.000072873 0.000045526 1.000000000 0.000317521
1.000000000 0.000169424 0.000090237 -0.001236761 -0.000169422 1.000000000 -0.000027102 0.000699055 -0.000090241 0.000027087 1.000000000 -0.000056438
1.000000000 -0.000015155 0.000005858 -0.000295481 0.000015155 1.000000000 -0.000017436 0.000019920 -0.000005858 0.000017436 1.000000000 0.000064459
1.000000000 0.000114481 0.000026013 0.000211656 -0.000114481 1.000000000 0.000005688 0.000438237 -0.000026012 -0.000005691 1.000000000 0.000830417
1.000000000 0.000087546 -0.000015899 -0.000056599 -0.000087548 1.000000000 -0.000093249 0.000090522 0.000015891 0.000093250 1.000000000 -0.000068611
1.000000000 0.000114604 0.000070486 -0.000849373 -0.000114600 1.000000000 -0.000053379 0.000071874 -0.000070492 0.000053371 1.000000000 0.000797726
1.000000000 0.000205873 0.000088122 -0.000916709 -0.000205873 1.000000000 0.000001336 0.000487170 -0.000088121 -0.000001354 1.000000000 0.000768262
1.000000000 0.000153070 0.000063991 -0.000386747 -0.000153066 1.000000000 -0.000065568 0.001260992 -0.000064001 0.000065558 1.000000000 0.001511627
1.000000000 0.000108141 0.000044289 -0.000546304 -0.000108138 1.000000000 -0.000070357 0.000376920 -0.000044297 0.000070352 1.000000000 0.000247545
1.000000000 0.000171279 0.000036641 -0.000701001 -0.000171275 1.000000000 -0.000100912 0.001293105 -0.000036659 0.000100906 1.000000000 0.000848665
1.000000000 0.000079104 0.000063320 -0.001421823 -0.000079099 1.000000000 -0.000066435 0.000977000 -0.000063326 0.000066430 1.000000000 0.000329304
1.000000000 0.000126972 0.000044372 -0.000273891 -0.000126971 1.000000000 -0.000031082 0.001285958 -0.000044376 0.000031076 1.000000000 0.001900039
1.000000000 0.000161329 0.000090832 -0.000977825 -0.000161323 1.000000000 -0.000069175 0.001162289 -0.000090843 0.000069160 1.000000000 0.001294538
1.000000000 0.000147503 0.000101273 -0.001356566 -0.000147497 1.000000000 -0.000058663 0.000972525 -0.000101282 0.000058648 1.000000000 0.001061586
0.999999940 0.000235959 0.000159718 -0.002091943 -0.000235953 1.000000000 -0.000033045 0.001586648 -0.000159725 0.000033008 1.000000000 0.001499622
1.000000000 0.000151409 0.000130879 -0.001497100 -0.000151395 1.000000000 -0.000104699 0.001780525 -0.000130895 0.000104679 1.000000000 0.001931717
1.000000000 0.000167322 0.000165093 -0.001991099 -0.000167314 1.000000000 -0.000046465 0.001251612 -0.000165100 0.000046437 1.000000000 0.001731828
1.000000000 0.000129195 0.000081576 -0.001515335 -0.000129190 1.000000000 -0.000068017 0.001589911 -0.000081585 0.000068007 1.000000000 0.001455863
1.000000000 0.000204747 0.000084050 -0.001163648 -0.000204738 1.000000000 -0.000105169 0.001988652 -0.000084071 0.000105151 1.000000000 0.002378597
1.000000000 0.000194570 0.000086973 -0.001529098 -0.000194564 1.000000000 -0.000063998 0.002286079 -0.000086985 0.000063981 1.000000000 0.002731851
0.999999940 0.000349013 0.000121926 -0.001789957 -0.000349005 0.999999940 -0.000065410 0.002122483 -0.000121949 0.000065367 1.000000000 0.002440691
0.999999940 0.000353538 0.000134614 -0.001813935 -0.000353539 0.999999940 0.000011216 0.001187314 -0.000134610 -0.000011263 1.000000000 0.001678982
0.999999940 0.000177711 0.000188518 -0.002036314 -0.000177711 1.000000000 0.000001517 0.002278832 -0.000188518 -0.000001550 1.000000000 0.002460044
0.999999940 0.000211361 0.000178376 -0.001904518 -0.000211366 1.000000000 0.000028145 0.001413715 -0.000178370 -0.000028183 1.000000000 0.002369875
0.999999940 0.000198036 0.000144001 -0.001991881 -0.000198034 1.000000000 -0.000013817 0.001996189 -0.000144004 0.000013788 1.000000000 0.002206858
0.999999940 0.000263758 0.000153786 -0.001976840 -0.000263751 0.999999940 -0.000042710 0.002042800 -0.000153798 0.000042670 1.000000000 0.002204973
0.999999940 0.000215409 0.000187320 -0.001467970 -0.000215404 1.000000000 -0.000025088 0.001242906 -0.000187325 0.000025047 1.000000000 0.001950143
1.000000000 0.000107477 0.000171545 -0.001038820 -0.000107476 1.000000000 -0.000006192 0.002127001 -0.000171545 0.000006174 1.000000000 0.003049835
1.000000000 0.000212701 0.000090609 -0.000719307 -0.000212693 1.000000000 -0.000081713 0.002221133 -0.000090627 0.000081693 1.000000000 0.002763596
1.000000000 0.000160493 0.000145472 -0.001190324 -0.000160486 1.000000000 -0.000045922 0.001552324 -0.000145480 0.000045898 1.000000000 0.002121244
0.999999940 0.000288940 0.000195302 -0.002393947 -0.000288935 0.999999940 -0.000023236 0.001617515 -0.000195309 0.000023179 1.000000000 0.001868969
0.999999940 0.000277001 0.000219640 -0.001541610 -0.000276996 0.999999940 -0.000024374 0.001164033 -0.000219647 0.000024313 1.000000000 0.001429718
1.000000000 0.000180963 0.000140289 -0.001436977 -0.000180965 1.000000000 0.000013237 0.001605714 -0.000140287 -0.000013262 1.000000000 0.001837489
0.999999940 0.000252967 0.000112477 -0.001764087 -0.000252963 0.999999940 -0.000034705 0.002262836 -0.000112485 0.000034676 1.000000000 0.002914287
0.999999940 0.000332688 0.000173438 -0.001553879 -0.000332682 0.999999940 -0.000029575 0.001951566 -0.000173448 0.000029517 1.000000000 0.001356127
0.999999940 0.000244176 0.000084165 -0.000479092 -0.000244171 0.999999940 -0.000058137 0.002534309 -0.000084179 0.000058116 1.000000000 0.002550344
1.000000000 0.000077610 0.000074267 -0.000116668 -0.000077603 1.000000000 -0.000099445 0.001578937 -0.000074275 0.000099439 1.000000000 0.002963515
0.999999940 0.000355077 0.000214048 -0.000680043 -0.000354932 0.999999702 -0.000676236 -0.001695575 -0.000214288 0.000676160 0.999999762 0.050886579
0.999999940 0.000361386 0.000155765 0.001782971 -0.000361185 0.999999106 -0.001286687 -0.002987962 -0.000156230 0.001286631 0.999999166 0.140291616
1.000000000 0.000003822 0.000031223 0.004327266 -0.000003778 0.999998987 -0.001419057 -0.009074261 -0.000031229 0.001419057 0.999998987 0.252182722
1.000000000 0.000096681 0.000114768 0.005425463 -0.000096524 0.999999046 -0.001362412 -0.011617356 -0.000114900 0.001362401 0.999999046 0.385035962
0.999999940 0.000049431 0.000398902 0.004741628 -0.000048924 0.999999166 -0.001269935 -0.014060697 -0.000398965 0.001269916 0.999999106 0.531327903
0.999999940 -0.000227877 0.000186846 0.011736067 0.000228086 0.999999344 -0.001117807 -0.019261323 -0.000186591 0.001117850 0.999999344 0.684726834
0.999999940 0.000251192 0.000323119 0.014477488 -0.000250912 0.999999583 -0.000867336 -0.023927270 -0.000323337 0.000867254 0.999999583 0.847187698
0.999999881 -0.000035015 0.000521412 0.015665157 0.000035325 0.999999821 -0.000595724 -0.032159299 -0.000521391 0.000595743 0.999999702 1.020447373
1.000000000 -0.000021724 0.000196859 0.022488320 0.000021858 0.999999762 -0.000679650 -0.031701837 -0.000196844 0.000679654 0.999999762 1.201415777
0.999999762 0.000016956 0.000656700 0.021329002 -0.000016742 0.999999940 -0.000325502 -0.042036600 -0.000656705 0.000325490 0.999999702 1.376592040
0.999999940 0.000148887 0.000363850 0.028009044 -0.000148837 1.000000000 -0.000136083 -0.049153712 -0.000363870 0.000136029 0.999999940 1.587100387
0.999999940 0.000025776 0.000391134 0.025700076 -0.000025800 1.000000000 0.000060652 -0.058925960 -0.000391132 -0.000060662 0.999999940 1.758424759
0.999987662 -0.000494683 0.004938306 -0.050174646 0.000501737 0.999998868 -0.001427280 -0.038492002 -0.004937594 0.001429740 0.999986768 1.845348477
0.999987543 -0.001114024 0.004858426 -0.043184746 0.001121763 0.999998093 -0.001590472 -0.045464668 -0.004856644 0.001595902 0.999986947 2.055883408
0.999987185 -0.001456653 0.004842029 -0.036117014 0.001462271 0.999998271 -0.001156833 -0.052134674 -0.004840335 0.001163899 0.999987602 2.270757914
0.999986410 -0.000450847 0.005212249 -0.037624188 0.000456624 0.999999285 -0.001107163 -0.058621190 -0.005211747 0.001109528 0.999985754 2.472156525
0.999985099 -0.000752115 0.005410825 -0.030912619 0.000757634 0.999999285 -0.001018107 -0.064019985 -0.005410055 0.001022191 0.999984860 2.707799911
0.999984562 -0.000917621 0.005474939 -0.025020681 0.000922356 0.999999225 -0.000862275 -0.072515704 -0.005474144 0.000867311 0.999984741 2.947391272
0.999986291 -0.000686358 0.005194579 -0.021024624 0.000690312 0.999999464 -0.000759376 -0.081378944 -0.005194056 0.000762952 0.999986172 3.150759935
0.999984860 -0.000405138 0.005477932 -0.015281590 0.000408721 0.999999642 -0.000653094 -0.087715670 -0.005477666 0.000655323 0.999984801 3.403532982
0.999985218 -0.000486181 0.005424922 -0.011512425 0.000489557 0.999999702 -0.000620966 -0.096910678 -0.005424619 0.000623613 0.999985099 3.658334494
0.999983966 -0.000450858 0.005647558 -0.004244698 0.000452871 0.999999821 -0.000355067 -0.104003862 -0.005647397 0.000357619 0.999984026 3.916866541
0.999983072 -0.000746732 0.005756894 -0.004707640 0.000747373 0.999999702 -0.000109161 -0.113333181 -0.005756811 0.000113462 0.999983430 4.121357918
0.999983251 -0.000705397 0.005749631 0.002590494 0.000706765 0.999999702 -0.000235889 -0.120529138 -0.005749464 0.000239949 0.999983370 4.382801533
0.999981701 -0.000737246 0.006002108 0.009690713 0.000738819 0.999999702 -0.000259833 -0.127233967 -0.006001915 0.000264263 0.999981940 4.643072605
0.999982059 -0.000577683 0.005966449 0.009203143 0.000578538 0.999999821 -0.000141569 -0.132846996 -0.005966366 0.000145018 0.999982178 4.857830048
0.999980330 -0.000239533 0.006265066 0.013322007 0.000240525 0.999999940 -0.000157555 -0.139893502 -0.006265027 0.000159059 0.999980330 5.124234676
0.999979436 -0.000167442 0.006412559 0.022153690 0.000166492 1.000000000 0.000148649 -0.152543083 -0.006412583 -0.000147578 0.999979436 5.387935638
0.999981165 -0.000260232 0.006133758 0.029264787 0.000259942 0.999999940 0.000048047 -0.162034139 -0.006133770 -0.000046452 0.999981225 5.670437813
0.999980748 -0.000443676 0.006188022 0.040707994 0.000445005 0.999999881 -0.000213513 -0.160484925 -0.006187927 0.000216263 0.999980867 5.961890697
0.999979854 0.000233512 0.006340101 0.039138794 -0.000234000 0.999999940 0.000076194 -0.175618514 -0.006340083 -0.000077676 0.999979913 6.158271790
0.999980867 0.000411298 0.006159885 0.046038218 -0.000412216 0.999999881 0.000147704 -0.182533219 -0.006159823 -0.000150240 0.999981046 6.455712318
0.999979854 0.000234341 0.006343747 0.051575899 -0.000234326 0.999999881 -0.000003157 -0.187777728 -0.006343747 0.000001670 0.999979913 6.759237289
0.999979615 0.000621178 0.006349783 0.059760153 -0.000621108 0.999999702 -0.000013017 -0.196107298 -0.006349790 0.000009073 0.999979854 7.057265759
0.999976337 0.000211177 0.006877647 0.049342055 -0.000215887 0.999999762 0.000684131 -0.219853744 -0.006877501 -0.000685600 0.999976039 7.304443836
0.999977827 0.000213894 0.006656903 0.064305618 -0.000217746 0.999999821 0.000577969 -0.224000469 -0.006656779 -0.000579406 0.999977648 7.624548912
0.999976575 0.000546988 0.006824965 0.068959810 -0.000550294 0.999999762 0.000482471 -0.232578799 -0.006824700 -0.000486215 0.999976516 7.948901176
0.999975264 0.000154531 0.007023599 0.078448921 -0.000156118 0.999999940 0.000225281 -0.241373867 -0.007023564 -0.000226372 0.999975264 8.269910812
0.999977708 0.000417575 0.006665903 0.080669396 -0.000421399 0.999999702 0.000572350 -0.249353275 -0.006665662 -0.000575146 0.999977648 8.551304817
0.999977410 0.000655581 0.006682500 0.088769473 -0.000658691 0.999999642 0.000463231 -0.260120541 -0.006682193 -0.000467623 0.999977589 8.892014503
0.999977887 0.000839284 0.006602963 0.100372814 -0.000843783 0.999999404 0.000678557 -0.275004089 -0.006602389 -0.000684114 0.999978006 9.226667404
0.999976635 0.000663181 0.006799893 0.107267261 -0.000668761 0.999999464 0.000818371 -0.283647627 -0.006799346 -0.000822900 0.999976575 9.581133842
0.999975324 0.000709457 0.006982494 0.096794397 -0.000716124 0.999999285 0.000952322 -0.299539834 -0.006981814 -0.000957299 0.999975085 9.864853859
0.999974668 0.000516550 0.007092532 0.107307658 -0.000523216 0.999999404 0.000938017 -0.310910434 -0.007092044 -0.000941704 0.999974310 10.226525307
0.999975264 0.000588775 0.007003875 0.119947419 -0.000595488 0.999999344 0.000956511 -0.319101840 -0.007003308 -0.000960657 0.999974906 10.590035439
0.999976337 -0.000353757 0.006873765 0.124988765 0.000346329 0.999999344 0.001081882 -0.329548389 -0.006874143 -0.001079476 0.999975801 10.914650917
0.999975204 0.000280939 0.007039602 0.135968193 -0.000289253 0.999999285 0.001180033 -0.338658214 -0.007039264 -0.001182040 0.999974549 11.296671867
0.999975622 -0.000166111 0.006978602 0.149181604 0.000156691 0.999999046 0.001350382 -0.352937251 -0.006978820 -0.001349256 0.999974728 11.678531647
0.999973416 -0.000088953 0.007295085 0.153740317 0.000076983 0.999998689 0.001641057 -0.367703468 -0.007295222 -0.001640452 0.999972045 12.055358887
0.999972999 -0.000227094 0.007343397 0.153128147 0.000213594 0.999998271 0.001839181 -0.377205670 -0.007343803 -0.001837563 0.999971271 12.380105019
0.999973714 -0.000244210 0.007249636 0.169747919 0.000232539 0.999998629 0.001610715 -0.388400674 -0.007250020 -0.001608987 0.999972403 12.781275749
0.999971986 0.000690878 0.007459415 0.175116897 -0.000705564 0.999997795 0.001966443 -0.402576715 -0.007458040 -0.001971651 0.999970257 13.186981201
0.999971330 0.000227688 0.007571376 0.181462213 -0.000243760 0.999997735 0.002121961 -0.411081374 -0.007570876 -0.002123746 0.999969065 13.628163338
0.999966204 0.000033872 0.008217723 0.182565033 -0.000046879 0.999998689 0.001582507 -0.421879321 -0.008217660 -0.001582839 0.999964952 13.963421822
0.999965429 0.000539018 0.008299754 0.193268672 -0.000551564 0.999998689 0.001509344 -0.430628717 -0.008298930 -0.001513870 0.999964416 14.396486282
0.999964118 0.000858816 0.008427769 0.211407289 -0.000874369 0.999997854 0.001841935 -0.450978816 -0.008426171 -0.001849238 0.999962747 14.815262794
0.999960482 -0.000324899 0.008883234 0.212870449 0.000304796 0.999997377 0.002264302 -0.462493598 -0.008883947 -0.002261506 0.999957979 15.206295967
0.999959886 -0.000452187 0.008942298 0.228035837 0.000431043 0.999997079 0.002366360 -0.472722441 -0.008943343 -0.002362411 0.999957204 15.650555611
0.999957442 -0.000308875 0.009217026 0.239046514 0.000285834 0.999996781 0.002501025 -0.484038413 -0.009217769 -0.002498285 0.999954402 16.102991104
0.999952674 -0.000187080 0.009724900 0.236627758 0.000162092 0.999996662 0.002570196 -0.505896926 -0.009725349 -0.002568498 0.999949396 16.487709045
0.999951482 -0.000537665 0.009839204 0.252390951 0.000512182 0.999996483 0.002592265 -0.517658889 -0.009840565 -0.002587099 0.999948204 16.956407547
0.999949813 -0.000064242 0.010013408 0.261347950 0.000038026 0.999996543 0.002618223 -0.526983798 -0.010013541 -0.002617712 0.999946415 17.427906036
0.999945760 -0.000464294 0.010404428 0.271143615 0.000436363 0.999996245 0.002686744 -0.541697979 -0.010405636 -0.002682059 0.999942243 17.824758530
0.999947429 -0.000449647 0.010246225 0.288498759 0.000422547 0.999996424 0.002646904 -0.554189026 -0.010247378 -0.002642435 0.999943972 18.305421829
0.999948680 -0.000087564 0.010137073 0.309939653 0.000062322 0.999996901 0.002490394 -0.564161181 -0.010137259 -0.002489635 0.999945521 18.791704178
0.999943376 -0.000542049 0.010628822 0.306621432 0.000511790 0.999995828 0.002849344 -0.574080467 -0.010630322 -0.002843743 0.999939442 19.190670013
0.999943793 -0.000593520 0.010591415 0.323202580 0.000563134 0.999995768 0.002871684 -0.589081824 -0.010593071 -0.002865557 0.999939799 19.681039810
0.999948025 -0.000833419 0.010155369 0.331794500 0.000806225 0.999996066 0.002681538 -0.595941246 -0.010157563 -0.002673211 0.999944866 20.136182785
0.999951661 -0.000824087 0.009800238 0.346202433 0.000799876 0.999996543 0.002474175 -0.603908837 -0.009802244 -0.002466216 0.999948919 20.641897202
0.999955952 -0.000625002 0.009370606 0.357559651 0.000601695 0.999996781 0.002489827 -0.616382360 -0.009372133 -0.002484079 0.999952972 21.160139084
0.999955952 -0.000325090 0.009381508 0.351099253 0.000300837 0.999996603 0.002586466 -0.626861095 -0.009382316 -0.002583529 0.999952674 21.598375320
0.999956846 -0.000310576 0.009286153 0.362186432 0.000285641 0.999996364 0.002686331 -0.643961728 -0.009286953 -0.002683562 0.999953330 22.123893738
0.999961197 0.000216156 0.008806263 0.367134631 -0.000239926 0.999996364 0.002698198 -0.658933282 -0.008805646 -0.002700206 0.999957621 22.624141693
0.999966741 -0.002095546 0.007875340 0.375858963 0.002074995 0.999994338 0.002616747 -0.672616005 -0.007880779 -0.002600319 0.999965549 23.104543686
0.999973953 -0.001323670 0.007095694 0.389987051 0.001303099 0.999994934 0.002902968 -0.683612049 -0.007099501 -0.002893645 0.999970615 23.649745941
0.999975860 -0.000804103 0.006903415 0.399577141 0.000783138 0.999994993 0.003039080 -0.697169065 -0.006905825 -0.003033601 0.999971569 24.173467636
0.999974489 -0.000864066 0.007093125 0.382150292 0.000840732 0.999994218 0.003291910 -0.716634691 -0.007095929 -0.003285863 0.999969423 24.622201920
0.999977887 -0.000602990 0.006634719 0.397302985 0.000579323 0.999993503 0.003568486 -0.730183065 -0.006636828 -0.003564562 0.999971569 25.176942825
0.999980867 -0.000998168 0.006103560 0.406879574 0.000973395 0.999991298 0.004060470 -0.742839813 -0.006107560 -0.004054451 0.999973118 25.744211197
0.999983072 -0.001307385 0.005665582 0.416720212 0.001286377 0.999992311 0.003709910 -0.757141292 -0.005670389 -0.003702559 0.999977052 26.176797867
0.999984801 -0.000747537 0.005454815 0.430992484 0.000727152 0.999992728 0.003738231 -0.771931231 -0.005457570 -0.003734208 0.999978065 26.731691360
0.999985397 -0.000615769 0.005367851 0.438364387 0.000596875 0.999993682 0.003520610 -0.781883836 -0.005369985 -0.003517354 0.999979377 27.284423828
0.999986589 -0.000785911 0.005114614 0.441821575 0.000766623 0.999992549 0.003772069 -0.794803917 -0.005117541 -0.003768098 0.999979794 27.740299225
0.999988496 -0.000733756 0.004730136 0.450530350 0.000715630 0.999992371 0.003832468 -0.809906602 -0.004732912 -0.003829039 0.999981403 28.292209625
0.999989331 -0.000129392 0.004609679 0.462310404 0.000111363 0.999992311 0.003911376 -0.820082963 -0.004610150 -0.003910821 0.999981701 28.840959549
0.999988675 -0.000706337 0.004696837 0.454138964 0.000687301 0.999991477 0.004053317 -0.840880454 -0.004699660 -0.004050042 0.999980748 29.281850815
0.999989390 -0.000516773 0.004584061 0.470640838 0.000499854 0.999993026 0.003690967 -0.848900378 -0.004585937 -0.003688637 0.999982715 29.834203720
0.999990761 -0.001219188 0.004144047 0.482547998 0.001203586 0.999992192 0.003765326 -0.864954650 -0.004148605 -0.003760303 0.999984324 30.379589081
0.999991655 -0.000978958 0.003966546 0.494982690 0.000960858 0.999989092 0.004562287 -0.890265405 -0.003970969 -0.004558437 0.999981701 30.878446579
0.999991238 -0.000996992 0.004101057 0.477876246 0.000979682 0.999990642 0.004220735 -0.890576005 -0.004105228 -0.004216680 0.999982595 31.345249176
0.999991298 -0.001159086 0.004014150 0.490187466 0.001141387 0.999989629 0.004408841 -0.908210993 -0.004019218 -0.004404220 0.999982238 31.884893417
0.999992192 -0.000717376 0.003904045 0.513949990 0.000698904 0.999988675 0.004730762 -0.927359700 -0.003907394 -0.004727996 0.999981105 32.413841248
0.999993265 -0.001511316 0.003388715 0.499935180 0.001496618 0.999989510 0.004335604 -0.926292479 -0.003395233 -0.004330503 0.999984860 32.875873566
0.999993145 -0.001976592 0.003145672 0.514043272 0.001962224 0.999987662 0.004564010 -0.942425489 -0.003154655 -0.004557807 0.999984622 33.426158905
0.999992609 -0.002453192 0.002962128 0.528258145 0.002440352 0.999987602 0.004330476 -0.947914600 -0.002972715 -0.004323215 0.999986291 33.974277496
0.999994040 -0.001610883 0.003050436 0.512328088 0.001597038 0.999988377 0.004535898 -0.969394326 -0.003057708 -0.004530998 0.999985039 34.408016205
0.999993742 -0.001706581 0.003098908 0.527042627 0.001692853 0.999988735 0.004427247 -0.981967092 -0.003106429 -0.004421975 0.999985397 34.955387115
0.999994934 -0.001306226 0.002885643 0.539698958 0.001293629 0.999989569 0.004363099 -0.990212381 -0.002891312 -0.004359345 0.999986291 35.518894196
0.999994278 -0.002114544 0.002646290 0.532377958 0.002103084 0.999988437 0.004325815 -0.995710313 -0.002655407 -0.004320225 0.999987066 35.937721252
0.999993682 -0.002187941 0.002788127 0.544481039 0.002174868 0.999986649 0.004683131 -1.009855747 -0.002798337 -0.004677037 0.999985099 36.486717224
0.999995589 -0.001833642 0.002335552 0.560769737 0.001824000 0.999989867 0.004123670 -1.015390873 -0.002343089 -0.004119392 0.999988675 37.030048370
0.999995589 -0.001614155 0.002504857 0.581832588 0.001604378 0.999991179 0.003900358 -1.031527400 -0.002511130 -0.003896322 0.999989271 37.574222565
0.999990165 -0.003229231 0.003037303 0.519343615 0.003216496 0.999986053 0.004187900 -1.033772588 -0.003050785 -0.004178090 0.999986589 37.981830597
0.999991357 -0.003136371 0.002724152 0.534894049 0.003124796 0.999986053 0.004242955 -1.051685452 -0.002737421 -0.004234406 0.999987245 38.524776459
0.999989271 -0.003659216 0.002832902 0.548002779 0.003648516 0.999986231 0.003772932 -1.053743958 -0.002846669 -0.003762556 0.999988914 39.078746796
0.999990702 -0.003470534 0.002539410 0.564340055 0.003460236 0.999985814 0.004048172 -1.071129918 -0.002553423 -0.004039348 0.999988496 39.592060089
0.999989092 -0.002707282 0.003805103 0.514366627 0.002692617 0.999988914 0.003853828 -1.077022314 -0.003815496 -0.003843540 0.999985278 39.997661591
0.999988437 -0.002225069 0.004256945 0.525548220 0.002208705 0.999990165 0.003844902 -1.088099241 -0.004265459 -0.003835456 0.999983549 40.551910400
0.999988437 -0.002667525 0.004010386 0.541481733 0.002651138 0.999988139 0.004086096 -1.106489301 -0.004021238 -0.004075416 0.999983609 41.089023590
0.999989271 -0.002199420 0.004075115 0.548304379 0.002183444 0.999989927 0.003920885 -1.120840311 -0.004083698 -0.003911946 0.999983966 41.598255157
0.999991238 -0.001268746 0.003971669 0.572618961 0.001256722 0.999994636 0.003028300 -1.124054551 -0.003975490 -0.003023281 0.999987543 42.104610443
0.999988735 -0.002511709 0.004013098 0.539165258 0.002496533 0.999989748 0.003782213 -1.127665401 -0.004022557 -0.003772152 0.999984741 42.445476532
0.999989331 -0.002441817 0.003903405 0.555664122 0.002426998 0.999989867 0.003796865 -1.140101552 -0.003912637 -0.003787352 0.999985099 42.999713898
0.999989271 -0.003143303 0.003403251 0.572893262 0.003129655 0.999987185 0.004008065 -1.155956864 -0.003415806 -0.003997371 0.999986231 43.550632477
0.999987364 -0.003204095 0.003865140 0.585358620 0.003188203 0.999986470 0.004111010 -1.167875648 -0.003878259 -0.004098636 0.999984086 44.089019775
0.999982953 -0.003228861 0.004857137 0.536385179 0.003205491 0.999983311 0.004811528 -1.184086919 -0.004872590 -0.004795877 0.999976635 44.407653809
0.999985337 -0.003449182 0.004169831 0.554115653 0.003430292 0.999983907 0.004528931 -1.196562886 -0.004185384 -0.004514561 0.999981046 44.959060669
0.999985516 -0.003091873 0.004409654 0.561881423 0.003071682 0.999984860 0.004577957 -1.211449146 -0.004423741 -0.004564345 0.999979794 45.498489380
0.999983191 -0.003623763 0.004537129 0.580358386 0.003601300 0.999981344 0.004949164 -1.228860140 -0.004554979 -0.004932741 0.999977469 46.020580292
0.999977052 -0.004482387 0.005075494 0.553935528 0.004458860 0.999979317 0.004637264 -1.216087937 -0.005096176 -0.004614526 0.999976337 46.411460876
0.999979973 -0.003386911 0.005330295 0.568474948 0.003364226 0.999985337 0.004259065 -1.226716161 -0.005344641 -0.004241048 0.999976754 46.952007294
0.999978840 -0.003323255 0.005595944 0.571650624 0.003297237 0.999983847 0.004652351 -1.238216400 -0.005611314 -0.004633801 0.999973595 47.505001068
0.999976516 -0.004201360 0.005419866 0.593491435 0.004173988 0.999978542 0.005051819 -1.258753777 -0.005440974 -0.005029078 0.999972582 48.013530731
0.999972880 -0.005084795 0.005311294 0.579109192 0.005060727 0.999976873 0.004534972 -1.259856224 -0.005334230 -0.004507970 0.999975622 48.423664093
0.999976218 -0.003693685 0.005819684 0.584271193 0.003668086 0.999983609 0.004403126 -1.274425030 -0.005835852 -0.004381675 0.999973416 48.968841553
0.999979854 -0.003066177 0.005545976 0.600760818 0.003041809 0.999985754 0.004396562 -1.285982847 -0.005559376 -0.004379604 0.999975026 49.504096985
0.999975920 -0.003901843 0.005725445 0.621003389 0.003871128 0.999978065 0.005366028 -1.306675434 -0.005746257 -0.005343736 0.999969244 50.051223755
0.999979913 -0.003657973 0.005160986 0.632546484 0.003633629 0.999982297 0.004718124 -1.317230940 -0.005178154 -0.004699276 0.999975562 50.598953247
0.999972224 -0.004373327 0.006031055 0.590872169 0.004345724 0.999980032 0.004582411 -1.313738227 -0.006050976 -0.004556074 0.999971330 50.903591156
0.999969363 -0.005055593 0.005974436 0.603942633 0.005028262 0.999976754 0.004580847 -1.326761484 -0.005997457 -0.004550666 0.999971688 51.446601868
0.999968529 -0.004821274 0.006288074 0.615063906 0.004795772 0.999980152 0.004064593 -1.335953593 -0.006307546 -0.004034309 0.999971986 51.998962402
0.999965847 -0.005408435 0.006244527 0.638053060 0.005382785 0.999977052 0.004116947 -1.340054750 -0.006266649 -0.004083193 0.999972045 52.553565979
0.999968231 -0.004503509 0.006572907 0.596716881 0.004470605 0.999977469 0.005011982 -1.365660429 -0.006595329 -0.004982439 0.999965787 52.914699554
0.999966621 -0.004707811 0.006685282 0.610482216 0.004675182 0.999977112 0.004888184 -1.378130674 -0.006708142 -0.004856764 0.999965668 53.464118958
0.999967694 -0.004377213 0.006733657 0.638649344 0.004345101 0.999979138 0.004776145 -1.394200325 -0.006754423 -0.004746732 0.999965847 53.975749969
0.999973238 -0.004170538 0.006008773 0.661287725 0.004144741 0.999982178 0.004299336 -1.393029928 -0.006026597 -0.004274316 0.999972701 54.591575623
0.999959469 -0.004939739 0.007529827 0.606356859 0.004907815 0.999978900 0.004252279 -1.401336193 -0.007550674 -0.004215152 0.999962568 54.931396484
0.999961972 -0.004582301 0.007418201 0.620166659 0.004553207 0.999981880 0.003934109 -1.409296632 -0.007436095 -0.003900183 0.999964774 55.478752136
0.999963760 -0.004612736 0.007163445 0.638057113 0.004585760 0.999982417 0.003777636 -1.423199058 -0.007180745 -0.003744650 0.999967217 56.038146973
0.999960601 -0.004536545 0.007630697 0.654423237 0.004509309 0.999983490 0.003582727 -1.434073210 -0.007646824 -0.003548176 0.999964476 56.552040100
0.999951839 -0.004143354 0.008895394 0.620113850 0.004107938 0.999983609 0.003995810 -1.449258804 -0.008911805 -0.003959076 0.999952376 56.893356323
0.999951601 -0.003761498 0.009095620 0.635109007 0.003724340 0.999984682 0.004098689 -1.460659027 -0.009110899 -0.004064615 0.999950171 57.444911957
0.999955654 -0.003938763 0.008548647 0.660199821 0.003906438 0.999985218 0.003794717 -1.471719742 -0.008563466 -0.003761154 0.999956191 57.984710693
0.999956548 -0.004216292 0.008308412 0.676620841 0.004180291 0.999981821 0.004345689 -1.487815380 -0.008326584 -0.004310769 0.999955952 58.518932343
0.999943256 -0.004896334 0.009460662 0.651583195 0.004861424 0.999981284 0.003709448 -1.487299800 -0.009478649 -0.003663245 0.999948323 58.886375427
0.999947727 -0.004791079 0.009034282 0.668358564 0.004757612 0.999981761 0.003722318 -1.494125962 -0.009051951 -0.003679142 0.999952257 59.441753387
0.999944568 -0.004459802 0.009543186 0.682879984 0.004426858 0.999984145 0.003470428 -1.509594798 -0.009558514 -0.003427988 0.999948442 59.992450714
0.999943912 -0.004995231 0.009336191 0.701066613 0.004967849 0.999983251 0.002953852 -1.503020167 -0.009350792 -0.002907305 0.999952078 60.564723969
0.999939263 -0.004295778 0.010151455 0.649794340 0.004261281 0.999985099 0.003417246 -1.537414074 -0.010165984 -0.003373780 0.999942660 60.927551270
0.999931931 -0.004494416 0.010768454 0.667323709 0.004460542 0.999985099 0.003167532 -1.550035954 -0.010782530 -0.003119283 0.999936998 61.470588684
0.999932468 -0.004357938 0.010776016 0.688015103 0.004326214 0.999986231 0.002965498 -1.561772943 -0.010788790 -0.002918679 0.999937654 62.015682220
0.999938190 -0.004848521 0.010007365 0.729318738 0.004816913 0.999983430 0.003180080 -1.586435199 -0.010022615 -0.003131679 0.999944925 62.528179169
0.999931991 -0.004746962 0.010655005 0.683513343 0.004712491 0.999983609 0.003258042 -1.583073735 -0.010670296 -0.003207609 0.999937952 62.938098907
0.999934852 -0.004253939 0.010596327 0.700351238 0.004221111 0.999986291 0.003118535 -1.592368364 -0.010609447 -0.003073604 0.999939024 63.487827301
0.999931633 -0.004058396 0.010967925 0.715673745 0.004026653 0.999987662 0.002914861 -1.611654282 -0.010979619 -0.002870498 0.999935627 64.020179749
0.999931931 -0.004410988 0.010802781 0.753637910 0.004383017 0.999986947 0.002611590 -1.625617743 -0.010814159 -0.002564063 0.999938309 64.552986145
0.999929965 -0.004281212 0.011029436 0.703434348 0.004247795 0.999986351 0.003051367 -1.627190590 -0.011042348 -0.003004303 0.999934494 64.942405701
0.999927044 -0.004129489 0.011353736 0.721140504 0.004097717 0.999987662 0.002820224 -1.640117884 -0.011365241 -0.002773493 0.999931574 65.495826721
0.999929368 -0.004422597 0.011032461 0.741063237 0.004389526 0.999985874 0.003020115 -1.654631376 -0.011045662 -0.002971474 0.999934554 66.049362183
0.999930799 -0.005222056 0.010543114 0.752698660 0.005185782 0.999980569 0.003464987 -1.663314342 -0.010561001 -0.003410072 0.999938428 66.628692627
0.999914110 -0.004690879 0.012238292 0.754978836 0.004656745 0.999985278 0.002816039 -1.678427696 -0.012251320 -0.002758806 0.999921083 67.061569214
0.999917448 -0.003773216 0.012283183 0.713011742 0.003730280 0.999986887 0.003516475 -1.707594633 -0.012296289 -0.003470365 0.999918401 67.466484070
0.999917746 -0.004324208 0.012080762 0.732318640 0.004286540 0.999985874 0.003142191 -1.722241879 -0.012094178 -0.003090147 0.999922156 68.012435913
0.999920666 -0.003331932 0.012150331 0.743282259 0.003291957 0.999989092 0.003308587 -1.748594403 -0.012161222 -0.003268326 0.999920785 68.535781860
0.999915659 -0.003933279 0.012375658 0.749195218 0.003897870 0.999988198 0.002884021 -1.760598063 -0.012386856 -0.002835538 0.999919295 69.072288513
0.999922633 -0.004103915 0.011742548 0.771257699 0.004072678 0.999988139 0.002682764 -1.774747252 -0.011753419 -0.002634733 0.999927461 69.584396362
0.999911308 -0.002827376 0.013013831 0.756118059 0.002778286 0.999988973 0.003788609 -1.790673971 -0.013024399 -0.003752116 0.999908149 70.005485535
0.999911427 -0.003398843 0.012869257 0.776012182 0.003353002 0.999987960 0.003581887 -1.800997257 -0.012881275 -0.003538418 0.999910831 70.563903809
0.999916434 -0.004510466 0.012116062 0.811798394 0.004470304 0.999984443 0.003339840 -1.813518047 -0.012130938 -0.003285398 0.999921083 71.087387085
0.999918282 -0.003209050 0.012372614 0.814423680 0.003168481 0.999989569 0.003297149 -1.830167651 -0.012383063 -0.003257677 0.999918044 71.591026306
0.999910712 -0.002078940 0.013199561 0.799500227 0.002028163 0.999990523 0.003859130 -1.850738406 -0.013207459 -0.003832015 0.999905407 72.012611389
0.999913812 -0.001837212 0.012999334 0.815958083 0.001788395 0.999991357 0.003766017 -1.862182140 -0.013006140 -0.003742445 0.999908388 72.555923462
0.999911845 -0.002565163 0.013024405 0.833669305 0.002512741 0.999988735 0.004039649 -1.885657072 -0.013034618 -0.004006566 0.999906957 73.042327881
0.999907315 -0.002161915 0.013435967 0.821721375 0.002117619 0.999992192 0.003310166 -1.877613783 -0.013443018 -0.003281407 0.999904275 73.550453186
0.999904692 -0.002174315 0.013634897 0.840885580 0.002128299 0.999992013 0.003388434 -1.892359614 -0.013642156 -0.003359092 0.999901295 74.085479736
0.999910712 -0.002504539 0.013123506 0.857676387 0.002462235 0.999991715 0.003238716 -1.902905583 -0.013131509 -0.003206114 0.999908626 74.649299622
0.999903619 -0.002243219 0.013694854 0.860055447 0.002191133 0.999990284 0.003817206 -1.939177752 -0.013703283 -0.003786832 0.999898911 75.147590637
0.999884844 -0.001689522 0.015080404 0.841956437 0.001634645 0.999991953 0.003650636 -1.936914563 -0.015086451 -0.003625565 0.999879599 75.638381958
0.999866724 -0.000888525 0.016307160 0.860433638 0.000831575 0.999993443 0.003498805 -1.949576616 -0.016310165 -0.003484779 0.999860883 76.184852600
0.999849677 -0.001569354 0.017267523 0.882748842 0.001508764 0.999992669 0.003521405 -1.968193412 -0.017272923 -0.003494824 0.999844670 76.719535828
0.999820352 -0.001163925 0.018920586 0.879337311 0.001092337 0.999992251 0.003793529 -1.985101700 -0.018924855 -0.003772179 0.999813735 77.258346558
0.999738276 -0.001018489 0.022854555 0.867288530 0.000941214 0.999993801 0.003391601 -1.972604990 -0.022857869 -0.003369202 0.999732971 77.709846497
0.999647677 -0.001258710 0.026511140 0.896965027 0.001166253 0.999993205 0.003502656 -1.990774870 -0.026515368 -0.003470504 0.999642313 78.248245239
0.999572992 -0.001913019 0.029159330 0.930897951 0.001815671 0.999992728 0.003364554 -2.010251999 -0.029165551 -0.003310174 0.999569058 78.769065857
0.999429047 -0.001485586 0.033753254 0.943834305 0.001371359 0.999993265 0.003407049 -2.007981539 -0.033758089 -0.003358817 0.999424338 79.291931152
0.999210477 -0.000915676 0.039718833 0.978712559 0.000784774 0.999994278 0.003311187 -2.020615578 -0.039721631 -0.003277403 0.999205410 79.836967468
0.998965740 -0.001647300 0.045441158 1.024525642 0.001508215 0.999994099 0.003094865 -2.030542135 -0.045445986 -0.003023129 0.998962283 80.376945496
0.998657525 -0.001779193 0.051766954 1.050241232 0.001613836 0.999993443 0.003235868 -2.036416292 -0.051772360 -0.003147981 0.998653948 80.889541626
0.998201609 -0.001760046 0.059920743 1.099666834 0.001548334 0.999992371 0.003579447 -2.054591179 -0.059926584 -0.003480232 0.998196781 81.438629150
0.997687578 -0.002691867 0.067913488 1.160655975 0.002524106 0.999993503 0.002555899 -2.060543299 -0.067919925 -0.002378568 0.997687995 81.977073669
0.997152925 -0.002507575 0.075363167 1.202152729 0.002286671 0.999992788 0.003017342 -2.065579653 -0.075370193 -0.002836421 0.997151554 82.509109497
0.996443629 -0.003016080 0.084207110 1.266210079 0.002789302 0.999992192 0.002810619 -2.077388048 -0.084214926 -0.002565745 0.996444345 83.057144165
0.995556772 -0.002919620 0.094118364 1.342024326 0.002669193 0.999992490 0.002786542 -2.093078613 -0.094125792 -0.002522941 0.995557129 83.594482422
0.994668007 -0.002820982 0.103089981 1.407704353 0.002533889 0.999992549 0.002915731 -2.098923683 -0.103097431 -0.002638965 0.994667709 84.111755371
0.993872344 -0.003485234 0.110478900 1.487603188 0.003264966 0.999992251 0.002174604 -2.106645107 -0.110485643 -0.001800569 0.993876040 84.659378052
0.992716312 -0.003697675 0.120418876 1.570598602 0.003384092 0.999990284 0.002808500 -2.129386425 -0.120428108 -0.002380535 0.992719233 85.178260803
0.991385996 -0.003082937 0.130935937 1.652911186 0.002702387 0.999991596 0.003083960 -2.130709648 -0.130944341 -0.002703555 0.991386056 85.707374573
0.990181506 -0.004291905 0.139721990 1.750855446 0.003956860 0.999988616 0.002675645 -2.146332264 -0.139731884 -0.002096514 0.990187168 86.246070862
0.988465548 -0.003617525 0.151402533 1.853305817 0.003155753 0.999989688 0.003290132 -2.161796331 -0.151412889 -0.002774393 0.988466799 86.776756287
0.986397505 -0.003232033 0.164345831 1.948552132 0.002721885 0.999990702 0.003329213 -2.179858208 -0.164355099 -0.002836597 0.986397147 87.298782349
0.984538019 -0.003714520 0.175131679 2.056195259 0.003217707 0.999989927 0.003120665 -2.177746296 -0.175141484 -0.002508891 0.984540105 87.848320007
0.982683599 -0.004307133 0.185241580 2.179943085 0.003791589 0.999987841 0.003137249 -2.189080715 -0.185252830 -0.002380562 0.982688069 88.388633728
0.980101645 -0.004036124 0.198455289 2.302914619 0.003415978 0.999988198 0.003467130 -2.206639528 -0.198466957 -0.002720221 0.980103850 88.898353577
0.977509081 -0.004418662 0.210846782 2.422510147 0.003810316 0.999987245 0.003291429 -2.211783171 -0.210858628 -0.002414008 0.977513611 89.444252014
0.975227833 -0.004710112 0.221152872 2.562459946 0.004064282 0.999986112 0.003375244 -2.223941565 -0.221165672 -0.002392804 0.975233257 89.981979370
0.972253561 -0.004896583 0.233877778 2.715379715 0.004143343 0.999984503 0.003711877 -2.241536140 -0.233892351 -0.002639851 0.972258925 90.509811401
0.968825281 -0.004905111 0.247696519 2.839967728 0.004169584 0.999985218 0.003493953 -2.241227388 -0.247709990 -0.002352239 0.968831360 91.035919189
0.965962291 -0.005290383 0.258628905 3.003108978 0.004546333 0.999983668 0.003474901 -2.256622791 -0.258643061 -0.002180810 0.965970397 91.553695679
0.963039100 -0.005554617 0.269304603 3.178159714 0.004740155 0.999982059 0.003674509 -2.278326035 -0.269320190 -0.002262151 0.963048041 92.030944824
0.959187806 -0.005790945 0.282710403 3.350168228 0.004942014 0.999980867 0.003715868 -2.278608322 -0.282726496 -0.002167057 0.959198117 92.560050964
0.955371320 -0.005911148 0.295348465 3.535499573 0.004986016 0.999980032 0.003885353 -2.295602798 -0.295365512 -0.002239343 0.955381751 93.084381104
0.951849759 -0.006987501 0.306485087 3.724193573 0.006151035 0.999974251 0.003694992 -2.303391695 -0.306503028 -0.001631876 0.951868296 93.594154358
0.947119951 -0.006209657 0.320819616 3.890424728 0.005065092 0.999977410 0.004402063 -2.321983337 -0.320839792 -0.002544301 0.947130084 94.096069336
0.942486525 -0.007409880 0.334162146 4.104499817 0.006520526 0.999971569 0.003783084 -2.330478191 -0.334180713 -0.001386593 0.942508042 94.611953735
0.938280821 -0.006910129 0.345805287 4.309370041 0.005798572 0.999974072 0.004248814 -2.342617512 -0.345825732 -0.001981404 0.938296676 95.113258362
0.933206618 -0.006832781 0.359275132 4.513971329 0.005632372 0.999974489 0.004387832 -2.355084896 -0.359296024 -0.002071182 0.933221340 95.646942139
0.927595437 -0.007319188 0.373514652 4.737731934 0.006087037 0.999971449 0.004478195 -2.367074251 -0.373536766 -0.001880356 0.927613437 96.150428772
0.922396362 -0.007088124 0.386179447 4.964992523 0.005717401 0.999972641 0.004697865 -2.378400564 -0.386202157 -0.002125351 0.922411799 96.663505554
0.917518318 -0.007275825 0.397626907 5.176383972 0.005781342 0.999970973 0.004957227 -2.388210297 -0.397651434 -0.002249529 0.917533815 97.138809204
0.911408782 -0.007443175 0.411435038 5.428310394 0.005824052 0.999969542 0.005188807 -2.402132511 -0.411461145 -0.002332906 0.911424339 97.630760193
0.905311406 -0.007555102 0.424681395 5.670398712 0.005681113 0.999967754 0.005678804 -2.412146330 -0.424710542 -0.002728422 0.905325174 98.116668701
0.900291204 -0.008129931 0.435211897 5.937404633 0.006232392 0.999963880 0.005787220 -2.428178310 -0.435243189 -0.002497773 0.900309443 98.584854126
0.893959641 -0.008053998 0.448075145 6.165504456 0.006446739 0.999966145 0.005112090 -2.421290874 -0.448101074 -0.001681378 0.893981218 99.091194153
0.886984468 -0.008031979 0.461729556 6.438926697 0.006286066 0.999966145 0.005319270 -2.435479164 -0.461756617 -0.001815646 0.887004852 99.574531555
0.881066203 -0.008521729 0.472916156 6.721549988 0.006830522 0.999962687 0.005293259 -2.449345350 -0.472943604 -0.001433447 0.881091475 100.044044495
0.874647677 -0.008658168 0.484681666 6.968017578 0.006826138 0.999961317 0.005544601 -2.446747303 -0.484710962 -0.001541068 0.874673009 100.502655029
0.866867125 -0.008865898 0.498460293 7.260883331 0.007144405 0.999960124 0.005361097 -2.458193541 -0.498487890 -0.001086157 0.866895914 100.963973999
