1.000000000 0.000000000 0.000000000 0.000000000 0.000000000 1.000000000 0.000000000 0.000000000 0.000000000 0.000000000 1.000000000 0.000000000
1.000000000 -0.000061417 -0.000204237 0.004806750 0.000061449 1.000000000 0.000158249 -0.003775197 0.000204227 -0.000158261 0.999999940 -0.003899789
1.000000000 0.000038433 0.000004712 0.000810057 -0.000038434 1.000000000 0.000072088 -0.002749501 -0.000004709 -0.000072088 1.000000000 -0.003182128
1.000000000 -0.000108780 -0.000149468 0.006435816 0.000108807 1.000000000 0.000186989 -0.003015066 0.000149448 -0.000187005 1.000000000 -0.004516765
1.000000000 -0.000038727 -0.000054629 0.000915763 0.000038730 1.000000000 0.000047957 -0.000505133 0.000054627 -0.000047959 1.000000000 0.000111970
1.000000000 -0.000020258 0.000062564 -0.000653081 0.000020257 1.000000000 0.000010424 -0.001808004 -0.000062564 -0.000010423 1.000000000 -0.001574766
1.000000000 -0.000099894 -0.000145901 0.004984372 0.000099920 1.000000000 0.000183461 -0.003330683 0.000145882 -0.000183475 1.000000000 -0.007238882
1.000000000 -0.000139827 -0.000078388 -0.000224307 0.000139829 1.000000000 0.000030617 0.000266960 0.000078384 -0.000030628 1.000000000 0.000591995
1.000000000 0.000007012 -0.000086617 0.002565642 -0.000007004 1.000000000 0.000090830 -0.003429749 0.000086618 -0.000090829 1.000000000 -0.009063899
1.000000000 0.000028169 0.000041294 0.000611918 -0.000028173 1.000000000 0.000102784 -0.002680055 -0.000041291 -0.000102785 1.000000000 -0.005687430
1.000000000 0.000117619 0.000088671 -0.001165206 -0.000117623 1.000000000 0.000047534 -0.000962328 -0.000088666 -0.000047544 1.000000000 -0.005089376
1.000000000 -0.000106494 -0.000023657 -0.000489504 0.000106496 1.000000000 0.000090895 -0.003843226 0.000023647 -0.000090898 1.000000000 -0.008580186
1.000000000 -0.000066778 -0.000006795 0.000306711 0.000066778 1.000000000 0.000061314 -0.001840256 0.000006791 -0.000061315 1.000000000 -0.006265680
1.000000000 -0.000072942 -0.000014295 0.000531100 0.000072943 1.000000000 0.000099739 -0.002146552 0.000014288 -0.000099740 1.000000000 -0.005967299
0.999999940 -0.000231761 -0.000080206 0.001437775 0.000231777 0.999999940 0.000195230 -0.002579773 0.000080161 -0.000195249 1.000000000 -0.008143406
0.999999940 -0.000248830 -0.000096354 -0.000738635 0.000248843 0.999999940 0.000135482 -0.002959001 0.000096321 -0.000135506 1.000000000 -0.009195924
1.000000000 -0.000166029 0.000025783 0.000012279 0.000166027 1.000000000 0.000051839 -0.001141627 -0.000025791 -0.000051835 1.000000000 -0.007985706
1.000000000 0.000055763 0.000003965 0.002016001 -0.000055764 1.000000000 0.000181999 -0.003583800 -0.000003955 -0.000181999 1.000000000 -0.011460965
1.000000000 -0.000215703 -0.000068337 0.001885246 0.000215713 0.999999940 0.000156647 -0.004822713 0.000068304 -0.000156662 1.000000000 -0.010245937
1.000000000 -0.000217963 -0.000046882 0.002368779 0.000217969 0.999999940 0.000127386 -0.005382409 0.000046854 -0.000127396 1.000000000 -0.012280971
1.000000000 -0.000054707 -0.000033102 0.002835538 0.000054715 0.999999940 0.000244743 -0.005671639 0.000033088 -0.000244745 0.999999940 -0.014126426
1.000000000 0.000022645 0.000047376 -0.000634084 -0.000022650 1.000000000 0.000112432 -0.001086806 -0.000047374 -0.000112433 1.000000000 -0.006673595
0.999999940 -0.000211082 -0.000154375 0.004711657 0.000211108 0.999999940 0.000170464 -0.003509221 0.000154339 -0.000170497 1.000000000 -0.012808204
1.000000000 -0.000204302 -0.000103801 0.003090545 0.000204330 0.999999940 0.000264474 -0.004596172 0.000103747 -0.000264495 0.999999940 -0.010410209
1.000000000 -0.000073972 -0.000135538 0.005986718 0.000073999 1.000000000 0.000201396 -0.003423814 0.000135523 -0.000201406 1.000000000 -0.015795294
1.000000000 -0.000084952 -0.000044308 0.000733624 0.000084961 1.000000000 0.000205090 -0.003244891 0.000044290 -0.000205094 1.000000000 -0.013815298
1.000000000 -0.000084107 -0.000013755 -0.001587241 0.000084110 1.000000000 0.000205612 -0.004853148 0.000013737 -0.000205613 1.000000000 -0.015333068
1.000000000 -0.000077746 -0.000002314 -0.001206769 0.000077746 1.000000000 0.000192556 -0.003242761 0.000002299 -0.000192556 1.000000000 -0.009567564
0.999999940 -0.000249232 -0.000152690 -0.000150803 0.000249252 0.999999940 0.000135265 0.000308335 0.000152657 -0.000135303 1.000000000 -0.007397030
1.000000000 -0.000130849 -0.000108018 0.001744757 0.000130871 1.000000000 0.000201163 -0.002465207 0.000107991 -0.000201177 1.000000000 -0.009569680
1.000000000 -0.000140577 0.000022476 -0.001268990 0.000140574 1.000000000 0.000126977 -0.001657501 -0.000022494 -0.000126974 1.000000000 -0.003090017
0.999999940 -0.000238954 -0.000092196 -0.001638613 0.000238975 0.999999940 0.000229284 -0.002688376 0.000092141 -0.000229306 0.999999940 -0.009457594
0.999999940 -0.000190732 -0.000154564 0.002222358 0.000190773 0.999999940 0.000262070 -0.003620380 0.000154514 -0.000262100 0.999999940 -0.014229699
1.000000000 -0.000022501 -0.000119608 -0.000246083 0.000022512 1.000000000 0.000087365 -0.001161454 0.000119606 -0.000087367 1.000000000 -0.005684618
1.000000000 -0.000095397 -0.000067915 -0.001089464 0.000095402 1.000000000 0.000081302 -0.000759955 0.000067907 -0.000081309 1.000000000 -0.007079852
1.000000000 -0.000187941 -0.000066752 -0.001803259 0.000187941 1.000000000 -0.000006339 0.000315087 0.000066753 0.000006327 1.000000000 -0.010857334
0.999999940 -0.000249836 -0.000207668 0.003642786 0.000249853 0.999999940 0.000082648 -0.001202044 0.000207647 -0.000082700 1.000000000 -0.009894636
1.000000000 -0.000213919 -0.000043921 0.000730833 0.000213920 1.000000000 0.000038526 0.000175674 0.000043913 -0.000038535 1.000000000 -0.008463995
1.000000000 -0.000028530 -0.000055324 -0.000622422 0.000028546 0.999999940 0.000281389 -0.002569440 0.000055316 -0.000281391 0.999999940 -0.012015519
0.999999940 -0.000212012 -0.000249104 0.005054835 0.000212054 0.999999940 0.000171282 -0.005840395 0.000249068 -0.000171335 0.999999940 -0.006838575
1.000000000 -0.000000400 -0.000174316 0.008232929 0.000000328 0.999999940 -0.000413242 -0.008825410 0.000174316 0.000413242 0.999999881 0.042007785
1.000000000 -0.000035484 -0.000187150 0.008119640 0.000035237 0.999999106 -0.001318158 -0.003205188 0.000187197 0.001318151 0.999999106 0.144095868
1.000000000 -0.000058825 -0.000049669 0.004561017 0.000058754 0.999998987 -0.001440955 -0.009977685 0.000049753 0.001440952 0.999998987 0.263779730
0.999999940 -0.000309870 0.000204080 0.001649782 0.000310120 0.999999225 -0.001225709 -0.016503714 -0.000203700 0.001225772 0.999999225 0.384454966
1.000000000 0.000145102 -0.000011217 0.005961611 -0.000145114 0.999999344 -0.001126202 -0.021718426 0.000011053 0.001126204 0.999999344 0.534490407
1.000000000 0.000154383 0.000039589 0.017677207 -0.000154336 0.999999285 -0.001179529 -0.026042862 -0.000039771 0.001179523 0.999999285 0.681186199
1.000000000 0.000077596 0.000212254 0.027350618 -0.000077432 0.999999702 -0.000770654 -0.035312913 -0.000212313 0.000770637 0.999999702 0.852916360
1.000000000 -0.000086597 0.000156437 0.022777878 0.000086683 0.999999821 -0.000550393 -0.038812477 -0.000156390 0.000550406 0.999999821 1.022753716
0.999999762 0.000192267 0.000620005 0.009215078 -0.000191854 0.999999762 -0.000665261 -0.039154854 -0.000620133 0.000665142 0.999999583 1.194177747
0.999999940 0.000144039 0.000307542 0.031569742 -0.000143902 0.999999881 -0.000443616 -0.053624272 -0.000307606 0.000443572 0.999999881 1.418959022
0.999999821 0.000313800 0.000509965 0.029601250 -0.000313508 0.999999762 -0.000572546 -0.058284134 -0.000510145 0.000572386 0.999999702 1.608181715
0.999999464 0.000631986 0.000790690 0.034347273 -0.000631827 0.999999762 -0.000201184 -0.068782210 -0.000790817 0.000200684 0.999999642 1.804055691
0.999998629 0.000191341 0.001599084 0.011987064 -0.000192182 0.999999821 0.000525885 -0.066585600 -0.001598982 -0.000526191 0.999998569 1.942908406
0.999997556 0.000589869 0.002108323 0.016108841 -0.000590522 0.999999821 0.000308889 -0.072093964 -0.002108140 -0.000310133 0.999997675 2.168480158
0.999996901 0.001169159 0.002193391 0.014303496 -0.001169805 0.999999285 0.000293393 -0.072582878 -0.002193046 -0.000295958 0.999997556 2.379866600
0.999998212 0.000491204 0.001835211 0.022528062 -0.000492767 0.999999523 0.000851582 -0.097269394 -0.001834792 -0.000852485 0.999997973 2.644289970
0.999997854 0.000621713 0.002010664 0.027942857 -0.000623967 0.999999225 0.001120764 -0.102643810 -0.002009966 -0.001122016 0.999997377 2.876953840
0.999997675 0.000737900 0.002027544 0.031789385 -0.000739821 0.999999225 0.000946888 -0.106154673 -0.002026844 -0.000948386 0.999997497 3.117689371
0.999997616 0.000401081 0.002151154 0.026230181 -0.000403368 0.999999404 0.001063106 -0.113974780 -0.002150727 -0.001063971 0.999997139 3.341557503
0.999998331 0.000198944 0.001784107 0.044426970 -0.000201097 0.999999225 0.001206947 -0.130391404 -0.001783866 -0.001207304 0.999997616 3.629424095
0.999998331 0.000515218 0.001740374 0.049244884 -0.000517316 0.999999106 0.001205565 -0.135157824 -0.001739752 -0.001206463 0.999997735 3.878286600
0.999998868 -0.000082153 0.001515028 0.061824813 0.000080031 0.999998987 0.001400698 -0.144179747 -0.001515141 -0.001400575 0.999997914 4.156561852
0.999997735 0.000888283 0.001991809 0.053997342 -0.000891567 0.999998212 0.001648429 -0.152341306 -0.001990341 -0.001650201 0.999996722 4.406184673
0.999998510 0.000293023 0.001690050 0.069511786 -0.000295898 0.999998450 0.001701083 -0.162076384 -0.001689549 -0.001701581 0.999997199 4.642506599
0.999997616 0.000232391 0.002174965 0.061276194 -0.000236883 0.999997854 0.002065236 -0.180686191 -0.002174481 -0.002065746 0.999995530 4.974258900
0.999997497 -0.000244970 0.002205899 0.071212962 0.000240800 0.999998152 0.001890514 -0.189051419 -0.002206358 -0.001889978 0.999995828 5.231269836
0.999997616 0.000330528 0.002187270 0.075619936 -0.000334985 0.999997914 0.002037484 -0.195208713 -0.002186592 -0.002038212 0.999995589 5.495096207
0.999996781 0.000009637 0.002523336 0.077505946 -0.000015119 0.999997616 0.002172436 -0.206295118 -0.002523309 -0.002172468 0.999994516 5.746108055
0.999996901 -0.000108339 0.002483375 0.086176798 0.000103038 0.999997735 0.002134526 -0.212109610 -0.002483601 -0.002134264 0.999994636 6.015761852
0.999996483 -0.000016542 0.002656087 0.089336492 0.000010297 0.999997199 0.002351300 -0.224481672 -0.002656119 -0.002351264 0.999993742 6.297559261
0.999998450 -0.000637559 0.001653615 0.097434036 0.000633617 0.999996901 0.002383121 -0.241779715 -0.001655129 -0.002382070 0.999995768 6.724141598
0.999998808 -0.000303768 0.001563382 0.099125907 0.000300094 0.999997139 0.002349558 -0.251885921 -0.001564092 -0.002349085 0.999996006 7.013016701
0.999998450 -0.000756128 0.001628877 0.113851957 0.000752347 0.999997020 0.002320707 -0.258463144 -0.001630627 -0.002319478 0.999995947 7.320672035
0.999998569 -0.000930340 0.001433803 0.126487076 0.000927034 0.999996960 0.002304187 -0.270926535 -0.001435942 -0.002302855 0.999996305 7.619067669
0.999997854 -0.001016591 0.001824548 0.125374034 0.001012231 0.999996662 0.002389050 -0.280676395 -0.001826970 -0.002387198 0.999995470 7.933680058
0.999998212 -0.000395932 0.001866229 0.140664458 0.000390430 0.999995589 0.002947513 -0.295063227 -0.001867388 -0.002946779 0.999993920 8.220683098
0.999996722 -0.000801931 0.002422512 0.094923198 0.000794178 0.999994576 0.003199814 -0.333641738 -0.002425065 -0.003197880 0.999991894 8.663478851
0.999996722 -0.000695513 0.002446522 0.108009785 0.000688124 0.999995172 0.003019876 -0.338473201 -0.002448610 -0.003018182 0.999992490 8.990483284
0.999996841 -0.000856482 0.002353633 0.107571758 0.000849731 0.999995530 0.002868180 -0.345563233 -0.002356079 -0.002866171 0.999993205 9.341621399
0.999995828 -0.000224115 0.002865946 0.106687516 0.000215499 0.999995470 0.003006015 -0.357224375 -0.002866607 -0.003005386 0.999991357 9.687813759
0.999996722 -0.001427077 0.002135029 0.126499280 0.001419803 0.999993205 0.003404515 -0.364707142 -0.002139873 -0.003401473 0.999991953 10.052123070
0.999996960 -0.000356011 0.002430820 0.124122620 0.000347366 0.999993622 0.003555785 -0.370733351 -0.002432070 -0.003554930 0.999990821 10.390535355
0.999996960 -0.001508082 0.001957163 0.120141029 0.001500530 0.999991417 0.003854270 -0.416936398 -0.001962959 -0.003851322 0.999990642 10.866234779
0.999996424 -0.001478520 0.002220944 0.125706792 0.001470194 0.999991894 0.003745640 -0.423825443 -0.002226464 -0.003742361 0.999990463 11.227846146
0.999996543 -0.001413728 0.002230068 0.127330631 0.001404931 0.999991179 0.003941410 -0.432910502 -0.002235620 -0.003938263 0.999989688 11.605401039
0.999995232 -0.002374910 0.001957199 0.145804971 0.002367007 0.999988973 0.004030615 -0.440282136 -0.001966750 -0.004025962 0.999989986 12.000647545
0.999994695 -0.002744270 0.001770910 0.172753781 0.002737559 0.999989092 0.003780999 -0.444212347 -0.001781267 -0.003776131 0.999991238 12.374950409
0.999996066 -0.001436424 0.002412086 0.174391016 0.001426479 0.999990463 0.004119680 -0.453052640 -0.002417981 -0.004116223 0.999988556 12.789546013
0.999996543 -0.002177912 0.001463510 0.161330357 0.002171729 0.999988914 0.004213512 -0.487578452 -0.001472671 -0.004210319 0.999990046 13.273070335
0.999995828 -0.002505824 0.001468038 0.174660385 0.002499513 0.999987781 0.004284885 -0.490855783 -0.001478757 -0.004281197 0.999989748 13.672788620
0.999996126 -0.002491524 0.001264772 0.189026147 0.002486076 0.999987781 0.004290499 -0.506642997 -0.001275446 -0.004287337 0.999989986 14.072443008
0.999995828 -0.002158651 0.001970083 0.198950380 0.002149370 0.999986708 0.004701038 -0.516751707 -0.001980204 -0.004696783 0.999987006 14.498853683
0.999995828 -0.001990794 0.002097748 0.198903739 0.001979563 0.999983728 0.005342672 -0.549732029 -0.002108351 -0.005338497 0.999983490 14.970901489
0.999994338 -0.002928365 0.001674647 0.215564534 0.002919304 0.999981284 0.005387888 -0.566951573 -0.001690393 -0.005382968 0.999984086 15.396852493
0.999993980 -0.002690993 0.002218847 0.225199431 0.002678901 0.999981701 0.005435059 -0.564447165 -0.002233432 -0.005429082 0.999982774 15.846181870
0.999992788 -0.002775792 0.002604804 0.238653257 0.002761052 0.999980271 0.005645093 -0.578272283 -0.002620422 -0.005637860 0.999980748 16.263183594
0.999992073 -0.002560314 0.003070377 0.246104911 0.002541785 0.999978602 0.006023607 -0.587871134 -0.003085734 -0.006015754 0.999977231 16.705425262
0.999991059 -0.002412030 0.003479529 0.240113795 0.002389280 0.999975860 0.006527660 -0.644502282 -0.003495190 -0.006519288 0.999972582 17.252546310
0.999990225 -0.002444606 0.003687965 0.253418118 0.002424044 0.999981582 0.005569684 -0.644607782 -0.003701512 -0.005560689 0.999977648 17.721395493
0.999989986 -0.002195377 0.003902223 0.270659894 0.002171609 0.999979198 0.006084732 -0.651968360 -0.003915499 -0.006076197 0.999973893 18.182477951
0.999991298 -0.001757025 0.003810616 0.275743544 0.001732541 0.999977887 0.006418960 -0.673271239 -0.003821809 -0.006412301 0.999972165 18.620388031
0.999986827 -0.002924978 0.004212686 0.299866915 0.002897647 0.999974847 0.006479198 -0.665368795 -0.004231531 -0.006466906 0.999970138 19.103004456
0.999986291 -0.002416938 0.004640134 0.293284684 0.002385442 0.999974191 0.006781236 -0.698402762 -0.004656405 -0.006770075 0.999966264 19.644752502
0.999987721 -0.002399377 0.004335807 0.305363625 0.002368913 0.999972582 0.007017804 -0.710610628 -0.004352527 -0.007007447 0.999966025 20.091167450
0.999985754 -0.002632053 0.004632318 0.332211077 0.002599541 0.999972045 0.007010627 -0.716194451 -0.004650642 -0.006998484 0.999964774 20.595407486
0.999987602 -0.002192300 0.004470561 0.336940825 0.002159472 0.999970853 0.007334765 -0.733865678 -0.004486511 -0.007325021 0.999963105 21.130180359
0.999986291 -0.002277554 0.004720750 0.334350616 0.002243567 0.999971569 0.007192254 -0.755098224 -0.004736998 -0.007181564 0.999962986 21.624065399
0.999988854 -0.002031823 0.004246720 0.344237655 0.001998958 0.999968052 0.007728793 -0.775846779 -0.004262288 -0.007720219 0.999961078 22.118700027
0.999989867 -0.002586873 0.003679665 0.365058094 0.002559039 0.999968231 0.007548811 -0.791987956 -0.003699076 -0.007539318 0.999964714 22.654815674
0.999989867 -0.003327892 0.003052195 0.372642934 0.003305546 0.999967933 0.007297427 -0.785448134 -0.003076382 -0.007287264 0.999968708 23.147888184
0.999990344 -0.003828255 0.002168847 0.394366324 0.003811773 0.999964178 0.007553590 -0.814354599 -0.002197686 -0.007545249 0.999969125 23.628101349
0.999992192 -0.003611641 0.001603977 0.392963558 0.003599225 0.999964058 0.007677185 -0.826196253 -0.001631647 -0.007671352 0.999969244 24.148832321
0.999991477 -0.003757730 0.001698484 0.400075346 0.003744552 0.999963403 0.007696804 -0.838464499 -0.001727344 -0.007690378 0.999968946 24.688167572
0.999992073 -0.003824287 0.001100227 0.398951679 0.003815527 0.999961853 0.007857068 -0.857510984 -0.001130233 -0.007852808 0.999968529 25.232309341
0.999984324 -0.005523270 -0.000895941 0.434067637 0.005529479 0.999959648 0.007082517 -0.857393265 0.000856786 -0.007087361 0.999974430 25.742559433
0.999989331 -0.004521639 -0.000991694 0.440833151 0.004528734 0.999963284 0.007273446 -0.864074349 0.000958769 -0.007277858 0.999973059 26.296674728
0.999985874 -0.005032341 -0.001713245 0.442113429 0.005044899 0.999959826 0.007406214 -0.870194733 0.001675905 -0.007414752 0.999971032 26.847034454
0.999980390 -0.005847738 -0.002223210 0.451535165 0.005864439 0.999954104 0.007581656 -0.889312029 0.002178772 -0.007594546 0.999968767 27.378107071
0.999968827 -0.007065541 -0.003511101 0.486914665 0.007095288 0.999938428 0.008533632 -0.915050566 0.003450589 -0.008558279 0.999957442 27.932327271
0.999966741 -0.007357182 -0.003525616 0.495764762 0.007387272 0.999935746 0.008598680 -0.931576669 0.003462128 -0.008624437 0.999956846 28.480690002
0.999977112 -0.005721666 -0.003607679 0.497913241 0.005752291 0.999947011 0.008536375 -0.942524970 0.003558646 -0.008556932 0.999957085 29.085508347
0.999966204 -0.006735439 -0.004705363 0.511188328 0.006772707 0.999945462 0.007949663 -0.943098724 0.004651561 -0.007981263 0.999957323 29.663049698
0.999965429 -0.006602278 -0.005067497 0.531928003 0.006648007 0.999936879 0.009061044 -0.958518982 0.005007354 -0.009094420 0.999946177 30.245582581
0.999961555 -0.007041631 -0.005211115 0.517113805 0.007089799 0.999931753 0.009283393 -0.999038517 0.005145389 -0.009319982 0.999943316 30.693059921
0.999965250 -0.006393516 -0.005341600 0.527836204 0.006441295 0.999938965 0.008975664 -1.000114679 0.005283887 -0.009009761 0.999945462 31.248846054
0.999955714 -0.007341759 -0.005879733 0.522423506 0.007393864 0.999933183 0.008889563 -1.021198869 0.005814075 -0.008932645 0.999943137 31.834150314
0.999949396 -0.007677107 -0.006500424 0.560930908 0.007740358 0.999922335 0.009761666 -1.035079598 0.006424978 -0.009811488 0.999931216 32.354637146
0.999934554 -0.008692022 -0.007432803 0.647978425 0.008772217 0.999902964 0.010825627 -1.103782177 0.007337984 -0.010890123 0.999913812 33.000324249
0.999949276 -0.007554451 -0.006656686 0.579471886 0.007621592 0.999919891 0.010119446 -1.135545492 0.006579706 -0.010169669 0.999926567 33.490264893
0.999948323 -0.007476961 -0.006892419 0.586062610 0.007545607 0.999921620 0.009987999 -1.137986183 0.006817199 -0.010039489 0.999926329 34.046527863
0.999952495 -0.007192190 -0.006592221 0.592415392 0.007260623 0.999919415 0.010416447 -1.145846605 0.006516772 -0.010463815 0.999924064 34.635459900
0.999953806 -0.006869607 -0.006726734 0.581796646 0.006937591 0.999924541 0.010135829 -1.134100318 0.006656599 -0.010182029 0.999925971 35.174690247
0.999954641 -0.006884353 -0.006580983 0.593205810 0.006954804 0.999918103 0.010742960 -1.148915410 0.006506487 -0.010788243 0.999920666 35.750160217
0.999924600 -0.008843580 -0.008523007 0.668166101 0.008938500 0.999897778 0.011163996 -1.163222671 0.008423406 -0.011239337 0.999901354 36.411254883
0.999925196 -0.008959395 -0.008324157 0.588903069 0.009051618 0.999897361 0.011108161 -1.216408372 0.008223780 -0.011182679 0.999903679 36.880443573
0.999929845 -0.008554798 -0.008194840 0.586178601 0.008645538 0.999900997 0.011102132 -1.233468056 0.008099050 -0.011172203 0.999904752 37.451599121
0.999930918 -0.008164725 -0.008457784 0.598104596 0.008255587 0.999907970 0.010764276 -1.226856828 0.008369117 -0.010833353 0.999906242 38.020957947
0.999946296 -0.006856719 -0.007777246 0.604377210 0.006940074 0.999918282 0.010742117 -1.233895540 0.007702955 -0.010795515 0.999912083 38.555576324
0.999942303 -0.008013093 -0.007154588 0.550514400 0.008094178 0.999902606 0.011376959 -1.266680002 0.007062725 -0.011434212 0.999909639 39.106845856
0.999926209 -0.008402348 -0.008768025 0.598038375 0.008502875 0.999897838 0.011491563 -1.316675186 0.008670573 -0.011565266 0.999895573 39.856121063
0.999920070 -0.009010942 -0.008868558 0.603028476 0.009110614 0.999895096 0.011263227 -1.307311773 0.008766136 -0.011343124 0.999897182 40.305328369
0.999946415 -0.006891181 -0.007722194 0.627130389 0.006983423 0.999903858 0.011982506 -1.320521355 0.007638877 -0.012035790 0.999898374 40.840053558
0.999911904 -0.009475134 -0.009286087 0.582640588 0.009590797 0.999875963 0.012491203 -1.335739136 0.009166580 -0.012579164 0.999878824 41.306163788
0.999921560 -0.009163141 -0.008530398 0.576847672 0.009276215 0.999868333 0.013311437 -1.365921974 0.008407299 -0.013389524 0.999875009 41.822765350
0.999915004 -0.009301078 -0.009133386 0.582579613 0.009411067 0.999882877 0.012074108 -1.362490654 0.009020013 -0.012159036 0.999885440 42.433883667
0.999909818 -0.009259108 -0.009723714 0.606949210 0.009377325 0.999881804 0.012182911 -1.370615005 0.009609763 -0.012272997 0.999878466 42.998485565
0.999906063 -0.009955728 -0.009413991 0.605529904 0.010080781 0.999860227 0.013330821 -1.383140087 0.009279960 -0.013424471 0.999866843 43.509090424
0.999897659 -0.010570633 -0.009631594 0.623531878 0.010701904 0.999849081 0.013681095 -1.406669855 0.009485524 -0.013782773 0.999860048 44.104465485
0.999887645 -0.010996385 -0.010178186 0.656851888 0.011145036 0.999830246 0.014665185 -1.424011111 0.010015194 -0.014776976 0.999840677 44.720825195
0.999894500 -0.010736365 -0.009786574 0.589744091 0.010875657 0.999838710 0.014292590 -1.459688544 0.009631546 -0.014397516 0.999849916 45.175891876
0.999896765 -0.010651407 -0.009647560 0.591245711 0.010785915 0.999843836 0.013998969 -1.466296434 0.009496948 -0.014101581 0.999855399 45.716976166
0.999889076 -0.011265258 -0.009746419 0.599382281 0.011401455 0.999836504 0.014033014 -1.470363379 0.009586741 -0.014142579 0.999854028 46.258964539
0.999891520 -0.010493332 -0.010341809 0.620803833 0.010634367 0.999849916 0.013678053 -1.462135553 0.010196729 -0.013786546 0.999852896 46.805088043
0.999889493 -0.011188915 -0.009786702 0.615202904 0.011334371 0.999824166 0.014935345 -1.486435652 0.009617871 -0.015044618 0.999840558 47.293273926
0.999895453 -0.010950191 -0.009444818 0.598104775 0.011096379 0.999817252 0.015567201 -1.535472155 0.009272629 -0.015670378 0.999834180 47.873878479
0.999905348 -0.010407060 -0.009003025 0.593799233 0.010542444 0.999830067 0.015123206 -1.540912986 0.008844108 -0.015216690 0.999845088 48.425605774
0.999905169 -0.010161242 -0.009300726 0.589480758 0.010300069 0.999834359 0.015002555 -1.543112755 0.009146743 -0.015096930 0.999844193 48.982387543
0.999901474 -0.010802100 -0.008966747 0.597923160 0.010942658 0.999815643 0.015777256 -1.563325286 0.008794667 -0.015873821 0.999835312 49.523181915
0.999908328 -0.010397492 -0.008681918 0.619158149 0.010531809 0.999823272 0.015571266 -1.563150764 0.008518483 -0.015661277 0.999841034 50.038482666
0.999887407 -0.011378598 -0.009790762 0.658332705 0.011538861 0.999797761 0.016471025 -1.580717444 0.009601366 -0.016582144 0.999816418 50.592853546
0.999879181 -0.011981131 -0.009904237 0.675569594 0.012146560 0.999784827 0.016814962 -1.596100688 0.009700645 -0.016933234 0.999809504 50.962898254
0.999875784 -0.012137037 -0.010053060 0.680679500 0.012300355 0.999790728 0.016346194 -1.599298954 0.009852561 -0.016467821 0.999815822 51.510463715
0.999891460 -0.011072146 -0.009720627 0.668995440 0.011232892 0.999798477 0.016640523 -1.609180570 0.009534421 -0.016747907 0.999814212 52.059551239
0.999890924 -0.011454885 -0.009319348 0.683982372 0.011614093 0.999784350 0.017212668 -1.612653732 0.009120168 -0.017319025 0.999808431 52.604957581
0.999875546 -0.012286172 -0.009894939 0.708514512 0.012454562 0.999775469 0.017139748 -1.612970352 0.009682137 -0.017260853 0.999804139 53.127838135
0.999870181 -0.012102288 -0.010631808 0.694729269 0.012288236 0.999769568 0.017602177 -1.652898788 0.010416334 -0.017730538 0.999788463 53.535865784
0.999855161 -0.013154477 -0.010794388 0.703798413 0.013348408 0.999747217 0.018094989 -1.659072638 0.010553629 -0.018236455 0.999778032 54.075637817
0.999872625 -0.012283866 -0.010196112 0.687847197 0.012468929 0.999755025 0.018289564 -1.668889046 0.009968947 -0.018414365 0.999780774 54.641086578
0.999856532 -0.012937124 -0.010928417 0.701447248 0.013129964 0.999756098 0.017762281 -1.680925846 0.010695957 -0.017903222 0.999782562 55.181732178
0.999867499 -0.012593498 -0.010313563 0.683238328 0.012769644 0.999770641 0.017195135 -1.670945644 0.010094651 -0.017324559 0.999798894 55.664749146
0.999869049 -0.012028571 -0.010821565 0.710265577 0.012222712 0.999762237 0.018056661 -1.683830142 0.010601796 -0.018186567 0.999778509 56.207778931
0.999868512 -0.012181342 -0.010707959 0.718938828 0.012369424 0.999767244 0.017677644 -1.683562040 0.010490128 -0.017807767 0.999786437 56.755828857
0.999859035 -0.012604394 -0.011096951 0.719922245 0.012799181 0.999762058 0.017660616 -1.701943755 0.010871707 -0.017800156 0.999782443 57.312343597
0.999861360 -0.012692467 -0.010780470 0.744209647 0.012875910 0.999770522 0.017120678 -1.682022452 0.010560692 -0.017257109 0.999795318 57.819667816
0.999847770 -0.013168904 -0.011448294 0.769008875 0.013370570 0.999753535 0.017721107 -1.688598514 0.011212106 -0.017871479 0.999777436 58.374000549
0.999875128 -0.011983965 -0.010303308 0.722539961 0.012165264 0.999769032 0.017717345 -1.709340811 0.010088604 -0.017840473 0.999789953 58.890258789
0.999858439 -0.012787074 -0.010930517 0.768813312 0.012995835 0.999730289 0.019246301 -1.760085702 0.010681467 -0.019385634 0.999754965 59.228145599
0.999847531 -0.013430662 -0.011156740 0.776850641 0.013652734 0.999705255 0.020072917 -1.769250989 0.010883859 -0.020222176 0.999736309 59.761978149
0.999853969 -0.012962730 -0.011137324 0.781373501 0.013169779 0.999737918 0.018722922 -1.762823343 0.010891706 -0.018866861 0.999762654 60.314846039
0.999849319 -0.013378486 -0.011065934 0.783064604 0.013587182 0.999727070 0.019004202 -1.776037693 0.010808668 -0.019151693 0.999758124 60.831508636
0.999852836 -0.012783688 -0.011442977 0.785541594 0.013001128 0.999732375 0.019133708 -1.774524331 0.011195316 -0.019279661 0.999751449 61.391380310
0.999855101 -0.013089950 -0.010883480 0.777587652 0.013309761 0.999703765 0.020375799 -1.805277228 0.010613538 -0.020517699 0.999733150 61.836021423
0.999850512 -0.013056953 -0.011333755 0.792677939 0.013292501 0.999691844 0.020962575 -1.812968373 0.011056555 -0.021110093 0.999715984 62.378440857
0.999845624 -0.013510978 -0.011232569 0.788473010 0.013732133 0.999708593 0.019850697 -1.796884298 0.010961094 -0.020001879 0.999739885 62.902877808
0.999843538 -0.013494606 -0.011435136 0.795222700 0.013720204 0.999708116 0.019885201 -1.794288397 0.011163455 -0.020038983 0.999736905 63.474674225
0.999865115 -0.012248233 -0.010941290 0.791688859 0.012480069 0.999693573 0.021378467 -1.844102859 0.010676091 -0.021512130 0.999711573 63.933494568
0.999859631 -0.012662307 -0.010968525 0.796324849 0.012891920 0.999693871 0.021122420 -1.853567481 0.010697708 -0.021260861 0.999716699 64.479141235
0.999868333 -0.012163665 -0.010733550 0.783329368 0.012390787 0.999695241 0.021353560 -1.854120374 0.010470540 -0.021483747 0.999714375 65.023910522
0.999853313 -0.012764875 -0.011422485 0.814691186 0.013002700 0.999695063 0.020994576 -1.863595009 0.011151006 -0.021140017 0.999714315 65.618377686
0.999862909 -0.012163851 -0.011230317 0.826169372 0.012397815 0.999702573 0.021004131 -1.856148720 0.010971484 -0.021140482 0.999716282 66.139045715
0.999863088 -0.012194675 -0.011182132 0.816631436 0.012437689 0.999682188 0.021926630 -1.899507642 0.010911191 -0.022062708 0.999697030 66.520217896
0.999867916 -0.012165630 -0.010781077 0.827355742 0.012401791 0.999678493 0.022115953 -1.910449147 0.010508555 -0.022246737 0.999697328 67.052406311
0.999865890 -0.012186402 -0.010935171 0.833358645 0.012420286 0.999689937 0.021581450 -1.900076032 0.010668780 -0.021714376 0.999707282 67.616905212
0.999875844 -0.011616671 -0.010644146 0.851986647 0.011853768 0.999676764 0.022489289 -1.913593531 0.010379455 -0.022612669 0.999690413 68.164054871
0.999865353 -0.011811510 -0.011387041 0.895926595 0.012058316 0.999688447 0.021855012 -1.903494954 0.011125352 -0.021989375 0.999696314 68.706436157
0.999853969 -0.012450929 -0.011705690 0.865630329 0.012720817 0.999648273 0.023271447 -1.947176576 0.011411822 -0.023416959 0.999660611 69.098098755
0.999867558 -0.012012246 -0.010979425 0.844859242 0.012265138 0.999654174 0.023263935 -1.957722425 0.010696176 -0.023395522 0.999669075 69.656867981
0.999884546 -0.010671620 -0.010815910 0.871984303 0.010919715 0.999672532 0.023144593 -1.972576737 0.010565378 -0.023260027 0.999673665 70.167434692
0.999867201 -0.011853953 -0.011184463 0.875679135 0.012107366 0.999665201 0.022868805 -1.957506657 0.010909631 -0.023001183 0.999675989 70.723335266
0.999861360 -0.011934044 -0.011613983 0.897453606 0.012207698 0.999642551 0.023784049 -1.965778589 0.011325993 -0.023922531 0.999649584 71.140228271
0.999855876 -0.011765168 -0.012242191 0.920985281 0.012058020 0.999636173 0.024129191 -1.981307626 0.011953853 -0.024273332 0.999633849 71.685333252
0.999870896 -0.011368250 -0.011351225 0.905977845 0.011637235 0.999646306 0.023918569 -1.978783846 0.011075295 -0.024047580 0.999649525 72.221145630
0.999853432 -0.012035356 -0.012178447 0.970587373 0.012326078 0.999634027 0.024085177 -1.997799397 0.011884115 -0.024231756 0.999635756 72.760383606
0.999872863 -0.011189818 -0.011355140 0.922313869 0.011466135 0.999632418 0.024568111 -2.025745869 0.011076054 -0.024695192 0.999633610 73.205749512
0.999874890 -0.011210945 -0.011160012 0.926710606 0.011477035 0.999644339 0.024071906 -2.020324230 0.010886175 -0.024196979 0.999647915 73.764930725
0.999873579 -0.010971734 -0.011503367 0.935756922 0.011250155 0.999638379 0.024424799 -2.028020859 0.011231224 -0.024551131 0.999635458 74.320083618
0.999857187 -0.012093033 -0.011806377 0.957219303 0.012378691 0.999624968 0.024429744 -2.035757303 0.011506520 -0.024572406 0.999631763 74.884140015
0.999858677 -0.011727383 -0.012049311 1.014080286 0.012028394 0.999609590 0.025220495 -2.060492516 0.011748838 -0.025361868 0.999609292 75.381996155
0.999819756 -0.013954125 -0.012869328 1.005636454 0.014264543 0.999601662 0.024352910 -2.020392179 0.012524378 -0.024532102 0.999620557 75.957061768
0.999841750 -0.012613294 -0.012544254 0.978917301 0.012932440 0.999586105 0.025694530 -2.073710442 0.012214972 -0.025852690 0.999591112 76.365928650
0.999836802 -0.012766631 -0.012781577 0.984333634 0.013090706 0.999586463 0.025600554 -2.072147846 0.012449460 -0.025763694 0.999590576 76.917991638
0.999825656 -0.013184762 -0.013220792 0.998596072 0.013511616 0.999597490 0.024945997 -2.065491676 0.012886563 -0.025120279 0.999601305 77.478363037
0.999838471 -0.012483536 -0.012934843 0.992831945 0.012814449 0.999584377 0.025824124 -2.084115028 0.012607090 -0.025985703 0.999582827 77.985824585
0.999852777 -0.011554715 -0.012684407 0.997543454 0.011881283 0.999591887 0.025979569 -2.092672586 0.012379043 -0.026126450 0.999581993 78.462532043
0.999835253 -0.012647967 -0.013019032 1.007586718 0.012977994 0.999588430 0.025585245 -2.088411331 0.012690070 -0.025749993 0.999587834 79.002662659
0.999836624 -0.012692595 -0.012864400 1.004282713 0.013025351 0.999573946 0.026121559 -2.091296196 0.012527367 -0.026284855 0.999576032 79.543716431
0.999858022 -0.011147355 -0.012631972 1.017158151 0.011477518 0.999586284 0.026373364 -2.096260548 0.012332752 -0.026514601 0.999572337 80.074348450
0.999871016 -0.011191549 -0.011516928 1.014777422 0.011499793 0.999567747 0.027055660 -2.113418102 0.011209156 -0.027184615 0.999567568 80.561431885
0.999890983 -0.010933167 -0.009928579 1.018347263 0.011197436 0.999573648 0.026963217 -2.125124693 0.009629552 -0.027071448 0.999587178 81.128189087
0.999898851 -0.011149886 -0.008831008 1.024349809 0.011380065 0.999585092 0.026458193 -2.118020773 0.008532338 -0.026556013 0.999610901 81.683860779
0.999902546 -0.011298646 -0.008197892 1.022504330 0.011515404 0.999571979 0.026893720 -2.109987974 0.007890522 -0.026985500 0.999604702 82.208335876
0.999929011 -0.010800591 -0.005028998 1.037960172 0.010936579 0.999552310 0.027847692 -2.163590670 0.004725975 -0.027900714 0.999599516 82.662986755
0.999934733 -0.011318156 -0.001563089 1.060114026 0.011357617 0.999540746 0.028096901 -2.165772200 0.001244366 -0.028112823 0.999603987 83.214164734
0.999938190 -0.011014266 0.001496291 1.079003096 0.010968715 0.999557853 0.027640007 -2.159474134 -0.001800062 -0.027621891 0.999616802 83.749488831
0.999923944 -0.011358503 0.004811421 1.119351864 0.011222891 0.999563396 0.027332386 -2.141781092 -0.005119775 -0.027276307 0.999614835 84.286369324
0.999874055 -0.011141244 0.011303734 1.102163553 0.010827087 0.999563634 0.027482945 -2.139844894 -0.011604995 -0.027357090 0.999558389 84.907676697
0.999787569 -0.010803524 0.017551776 1.117637873 0.010293677 0.999529779 0.028883357 -2.198498964 -0.017855562 -0.028696550 0.999428689 85.324218750
0.999669015 -0.010276294 0.023586424 1.149160981 0.009593112 0.999536335 0.028897654 -2.196833134 -0.023872452 -0.028661823 0.999304056 85.857894897
0.999421597 -0.010290987 0.032411285 1.159003854 0.009375462 0.999556303 0.028273497 -2.168550014 -0.032687865 -0.027953271 0.999074578 86.454765320
0.999124587 -0.009998471 0.040619958 1.222616911 0.008817017 0.999535859 0.029161287 -2.190693617 -0.040892676 -0.028777616 0.998749018 86.972854614
0.998781323 -0.010544540 0.048216358 1.243920565 0.009145548 0.999533415 0.029144013 -2.182294607 -0.048501164 -0.028667526 0.998411715 87.502243042
0.998408914 -0.011602033 0.055181578 1.328631163 0.009982574 0.999513924 0.029533474 -2.214680672 -0.055497397 -0.028935626 0.998039603 88.038528442
0.997794211 -0.012392059 0.065216944 1.388303757 0.010488180 0.999511182 0.029454838 -2.206733465 -0.065550067 -0.028705863 0.997436345 88.581474304
0.997115791 -0.012504130 0.074857950 1.422379971 0.010341695 0.999519885 0.029205441 -2.200417280 -0.075187191 -0.028347045 0.996766448 89.107872009
0.996483862 -0.012048743 0.082914069 1.474026680 0.009648674 0.999524534 0.029286537 -2.207014799 -0.083227515 -0.028383551 0.996126294 89.673042297
0.995625794 -0.013327973 0.092475221 1.569911480 0.010683022 0.999521196 0.029038053 -2.209690571 -0.092817962 -0.027923118 0.995291531 90.134727478
0.994721651 -0.013970911 0.101654723 1.685063362 0.010967549 0.999488413 0.030043928 -2.218299150 -0.102022462 -0.028770439 0.994365990 90.661994934
0.993650138 -0.011766315 0.111897267 1.709863663 0.008318128 0.999477625 0.031232748 -2.247348785 -0.112206303 -0.030103650 0.993228793 91.135299683
0.992351890 -0.011260805 0.122926161 1.795731544 0.007431918 0.999474168 0.031562090 -2.244360924 -0.123216927 -0.030407121 0.991913795 91.689514160
0.990699768 -0.011664416 0.135565236 1.880653381 0.007564715 0.999499381 0.030717431 -2.232149839 -0.135855690 -0.029406235 0.990292132 92.234115601
0.989267409 -0.011745179 0.145643935 1.997549057 0.007205012 0.999472678 0.031661469 -2.245446920 -0.145939007 -0.030272296 0.988830328 92.756492615
0.987671077 -0.011205724 0.156142280 2.072065353 0.006292285 0.999470413 0.031926546 -2.246738195 -0.156417340 -0.030550435 0.987218440 93.280410767
0.985748112 -0.013124669 0.167715222 2.175033569 0.007879100 0.999459863 0.031903919 -2.232107639 -0.168043375 -0.030127784 0.985319138 93.807128906
0.983537674 -0.012693726 0.180257082 2.331031799 0.006957586 0.999450147 0.032418702 -2.234771252 -0.180569500 -0.030630859 0.983085096 94.417190552
0.981425345 -0.013676991 0.191356987 2.461039543 0.007806511 0.999476433 0.031398512 -2.187694073 -0.191686273 -0.029321462 0.981018186 95.204727173
0.978628814 -0.014023614 0.205156371 2.589548111 0.007893292 0.999498427 0.030669170 -2.178845882 -0.205483571 -0.028394375 0.978248656 95.772949219
0.975703418 -0.013694770 0.218667090 2.730737686 0.007050795 0.999490321 0.031135475 -2.178979874 -0.218982026 -0.028837213 0.975302696 96.278816223
0.973145664 -0.014449461 0.229736164 2.910869598 0.007283065 0.999460936 0.032011449 -2.199280262 -0.230074868 -0.029478619 0.972726345 96.766059875
0.970288157 -0.014891605 0.241493374 3.102182388 0.007604115 0.999487996 0.031080753 -2.158737898 -0.241832554 -0.028320948 0.969904602 97.323547363
0.965965390 -0.013590845 0.258314133 3.140518188 0.005543430 0.999477208 0.031856462 -2.161010504 -0.258612007 -0.029340297 0.965535581 98.073532104
0.962597907 -0.013678301 0.270588428 3.316812515 0.005262802 0.999480307 0.031801905 -2.162081480 -0.270882815 -0.029188398 0.962169647 98.588172913
0.959541202 -0.014998650 0.281168461 3.504314423 0.006162213 0.999459743 0.032285441 -2.168249369 -0.281500816 -0.029246591 0.959115267 99.107124329
0.955033302 -0.013740481 0.296180099 3.677997589 0.004366353 0.999468982 0.032288369 -2.168602705 -0.296466500 -0.029543238 0.954586148 99.687637329
0.950773537 -0.015859872 0.309480488 3.892560959 0.006000795 0.999444544 0.032782890 -2.155431032 -0.309828520 -0.029311975 0.950340569 100.203125000
0.947065949 -0.015374675 0.320670545 4.079006195 0.005249298 0.999460697 0.032416292 -2.148604393 -0.320995986 -0.029017074 0.946635962 100.671699524
0.942253590 -0.014535200 0.334584624 4.312368393 0.003993885 0.999474347 0.032172155 -2.136807203 -0.334876359 -0.028978035 0.941816390 101.420722961
0.936964929 -0.013536208 0.349161118 4.526615143 0.002355987 0.999471366 0.032425083 -2.132738352 -0.349415451 -0.029558545 0.936501503 101.943481445
0.932232320 -0.014589018 0.361566126 4.745199203 0.002840971 0.999451160 0.033002459 -2.142376423 -0.361849099 -0.029738756 0.931762218 102.448143005
0.927403569 -0.013668927 0.373812675 4.971033096 0.001777964 0.999481916 0.032136314 -2.134243250 -0.374058217 -0.029138701 0.926947355 102.977386475
0.921959162 -0.014512905 0.387015015 5.224723816 0.001686405 0.999438584 0.033461131 -2.157374859 -0.387283325 -0.030197134 0.921466053 103.416854858
0.916982412 -0.016170206 0.398599684 5.562580109 0.002842675 0.999417663 0.034004308 -2.178513527 -0.398917377 -0.030048266 0.916494429 104.097404480
0.911994994 -0.017229209 0.409839183 5.811492920 0.004123297 0.999452233 0.032840546 -2.160642147 -0.410180390 -0.028260523 0.911566496 104.606971741
0.906614065 -0.017473293 0.421598732 6.075042725 0.003813914 0.999440730 0.033220623 -2.157747746 -0.421943426 -0.028510345 0.906173825 105.121566772
0.900082350 -0.017667096 0.435361505 6.330432892 0.003215146 0.999419749 0.033909634 -2.181187391 -0.435707927 -0.029121714 0.899616897 105.569259644
0.893973768 -0.017464334 0.447778821 6.591674805 0.002480592 0.999417901 0.034027033 -2.181640863 -0.448112369 -0.029308520 0.893496752 106.065055847
0.888257205 -0.018121263 0.458988845 6.900161743 0.002803313 0.999416769 0.034032710 -2.135386229 -0.459337801 -0.028943110 0.887789965 106.724884033
0.880787730 -0.017979445 0.473169714 7.180500031 0.002213615 0.999424279 0.033855438 -2.133004665 -0.473505944 -0.028772041 0.880320549 107.207534790
0.874211073 -0.018559122 0.485191256 7.478397369 0.002222029 0.999411702 0.034225013 -2.147003651 -0.485541046 -0.028841775 0.873737991 107.665267944
