1.000000000 0.000000000 0.000000000 0.000000000 0.000000000 1.000000000 0.000000000 0.000000000 0.000000000 0.000000000 1.000000000 0.000000000
1.000000000 0.000021935 -0.000013349 0.000270929 -0.000021934 1.000000000 0.000051448 -0.000028970 0.000013350 -0.000051448 1.000000000 -0.001863823
1.000000000 0.000088518 0.000050851 -0.001500948 -0.000088518 1.000000000 -0.000001930 -0.000744296 -0.000050851 0.000001925 1.000000000 -0.002429318
1.000000000 -0.000010412 -0.000012207 0.001426950 0.000010412 1.000000000 0.000028061 -0.000232254 0.000012207 -0.000028061 1.000000000 -0.003575842
1.000000000 -0.000143374 -0.000049510 0.001857353 0.000143376 1.000000000 0.000040894 -0.000575309 0.000049504 -0.000040901 1.000000000 -0.001743855
1.000000000 0.000004311 0.000037038 -0.000690858 -0.000004312 1.000000000 0.000023010 -0.000186482 -0.000037038 -0.000023011 1.000000000 -0.001168034
1.000000000 -0.000033925 0.000044917 0.000568493 0.000033920 1.000000000 0.000112116 -0.000531130 -0.000044921 -0.000112115 1.000000000 -0.002574650
1.000000000 -0.000081815 0.000022009 -0.000287710 0.000081812 1.000000000 0.000096837 -0.000306992 -0.000022017 -0.000096835 1.000000000 0.001876455
1.000000000 0.000005272 -0.000003223 0.000335760 -0.000005272 1.000000000 0.000031851 -0.000391190 0.000003223 -0.000031851 1.000000000 -0.004732553
1.000000000 -0.000056835 0.000037651 0.000302108 0.000056832 1.000000000 0.000068172 -0.000156507 -0.000037655 -0.000068170 1.000000000 -0.004409778
1.000000000 0.000025944 0.000026321 -0.000108649 -0.000025945 1.000000000 0.000029290 -0.000226768 -0.000026320 -0.000029291 1.000000000 -0.001248948
1.000000000 -0.000052464 0.000023761 -0.000259934 0.000052463 1.000000000 0.000030244 -0.000485214 -0.000023763 -0.000030243 1.000000000 -0.005741899
1.000000000 -0.000118535 0.000082272 -0.000255345 0.000118528 1.000000000 0.000090258 -0.000641609 -0.000082282 -0.000090248 1.000000000 -0.001797788
1.000000000 -0.000047460 0.000078683 0.000202478 0.000047455 1.000000000 0.000063993 -0.000691031 -0.000078686 -0.000063989 1.000000000 -0.003534047
1.000000000 -0.000058759 0.000064453 -0.000236357 0.000058753 1.000000000 0.000084579 -0.000315026 -0.000064458 -0.000084575 1.000000000 -0.003260223
1.000000000 -0.000097333 0.000077058 -0.000515202 0.000097324 1.000000000 0.000106475 -0.000097953 -0.000077068 -0.000106468 1.000000000 -0.002578093
1.000000000 -0.000153304 0.000028279 -0.000102078 0.000153302 1.000000000 0.000063118 -0.000241524 -0.000028289 -0.000063113 1.000000000 -0.004522669
1.000000000 0.000028252 0.000029808 0.000937202 -0.000028256 1.000000000 0.000121071 -0.001396788 -0.000029805 -0.000121072 1.000000000 -0.007998298
1.000000000 -0.000174997 -0.000007302 0.002219436 0.000174998 1.000000000 0.000158196 -0.003029010 0.000007274 -0.000158198 1.000000000 -0.008353448
1.000000000 -0.000114948 -0.000001726 0.000448706 0.000114948 1.000000000 0.000044133 -0.000821094 0.000001721 -0.000044133 1.000000000 -0.005600322
1.000000000 -0.000103466 0.000028789 -0.000690598 0.000103461 1.000000000 0.000144349 -0.002967656 -0.000028804 -0.000144346 1.000000000 -0.003747187
1.000000000 -0.000016984 0.000130696 -0.002598060 0.000016976 1.000000000 0.000063419 -0.000225768 -0.000130697 -0.000063417 1.000000000 -0.000381424
1.000000000 -0.000057916 0.000048194 -0.000754688 0.000057906 1.000000000 0.000205618 -0.002532226 -0.000048206 -0.000205616 1.000000000 -0.007823464
1.000000000 -0.000185501 0.000029097 0.000235192 0.000185495 0.999999940 0.000188818 -0.002448591 -0.000029133 -0.000188813 1.000000000 -0.003415693
1.000000000 -0.000047079 -0.000004754 0.000737287 0.000047080 1.000000000 0.000139377 -0.000457528 0.000004748 -0.000139377 1.000000000 -0.006732835
0.999999940 -0.000252400 0.000000486 0.001984248 0.000252400 0.999999940 0.000273211 -0.002695108 -0.000000555 -0.000273211 0.999999940 -0.007987151
1.000000000 -0.000119486 -0.000022404 0.001349097 0.000119490 1.000000000 0.000152554 -0.002891923 0.000022386 -0.000152556 1.000000000 -0.005075805
1.000000000 -0.000146271 -0.000011023 0.000488436 0.000146272 1.000000000 0.000159241 -0.000581154 0.000011000 -0.000159242 1.000000000 -0.002464585
1.000000000 -0.000193428 -0.000046774 -0.000846229 0.000193434 1.000000000 0.000143386 -0.000057025 0.000046746 -0.000143395 1.000000000 -0.005500364
1.000000000 -0.000129430 0.000052245 -0.001013962 0.000129424 1.000000000 0.000120316 -0.000585093 -0.000052260 -0.000120309 1.000000000 0.001530405
1.000000000 -0.000097080 0.000043175 -0.001735934 0.000097074 1.000000000 0.000123772 -0.000507798 -0.000043187 -0.000123767 1.000000000 -0.000877091
1.000000000 -0.000152811 -0.000034423 -0.001204582 0.000152815 1.000000000 0.000105375 -0.001657660 0.000034407 -0.000105381 1.000000000 -0.005021616
1.000000000 -0.000182828 -0.000003370 0.000204170 0.000182829 0.999999940 0.000164950 -0.002589936 0.000003340 -0.000164951 1.000000000 -0.006240675
1.000000000 0.000136969 0.000100609 -0.001046835 -0.000136977 1.000000000 0.000076412 -0.000021562 -0.000100599 -0.000076426 1.000000000 -0.001679796
1.000000000 -0.000094126 0.000007131 -0.000174331 0.000094126 1.000000000 0.000068375 -0.000693543 -0.000007138 -0.000068374 1.000000000 -0.002238426
1.000000000 -0.000148497 0.000011368 -0.000907519 0.000148497 1.000000000 0.000040779 -0.001064678 -0.000011374 -0.000040777 1.000000000 -0.004000891
1.000000000 -0.000118148 0.000051219 0.000448877 0.000118145 1.000000000 0.000063252 -0.000338892 -0.000051226 -0.000063246 1.000000000 -0.008689687
1.000000000 -0.000223691 -0.000044717 0.001382188 0.000223695 1.000000000 0.000092901 -0.000589944 0.000044696 -0.000092911 1.000000000 -0.005033484
1.000000000 -0.000145748 -0.000002718 0.000151230 0.000145748 1.000000000 0.000168458 -0.000541994 0.000002694 -0.000168458 1.000000000 -0.004113522
0.999999940 -0.000262360 -0.000089589 0.002858737 0.000262379 0.999999940 0.000209544 -0.003967791 0.000089534 -0.000209567 1.000000000 -0.006546507
1.000000000 -0.000194423 -0.000065464 0.005098316 0.000194396 0.999999881 -0.000426989 -0.007584024 0.000065547 0.000426976 0.999999881 0.045467276
0.999999940 -0.000280073 -0.000101467 0.007117958 0.000279967 0.999999404 -0.001044928 -0.006546119 0.000101760 0.001044900 0.999999464 0.141657636
0.999999940 -0.000284446 -0.000091022 0.008144274 0.000284329 0.999999166 -0.001281978 -0.013753248 0.000091387 0.001281952 0.999999166 0.254821330
0.999999940 -0.000336334 0.000023467 0.009601681 0.000336360 0.999999285 -0.001135556 -0.019214002 -0.000023085 0.001135564 0.999999344 0.387603104
1.000000000 0.000128625 -0.000140662 0.017003633 -0.000128764 0.999999523 -0.000993516 -0.022846421 0.000140534 0.000993534 0.999999523 0.531979799
1.000000000 -0.000035910 0.000091410 0.013284978 0.000035993 0.999999583 -0.000905023 -0.031014755 -0.000091378 0.000905027 0.999999583 0.685687423
1.000000000 -0.000184834 -0.000087954 0.024904046 0.000184782 0.999999821 -0.000600165 -0.036257874 0.000088065 0.000600149 0.999999821 0.854813457
1.000000000 0.000005487 -0.000023002 0.016726457 -0.000005494 0.999999940 -0.000277866 -0.045589533 0.000023000 0.000277866 0.999999940 1.018760085
1.000000000 0.000143385 0.000082961 0.017682066 -0.000143359 0.999999881 -0.000307212 -0.051225983 -0.000083006 0.000307200 0.999999881 1.194828391
0.999999940 0.000081888 0.000249607 0.020926772 -0.000081907 0.999999940 0.000077678 -0.058823571 -0.000249601 -0.000077698 0.999999940 1.395860076
0.999999881 0.000398348 0.000246885 0.026326120 -0.000398395 0.999999940 0.000190765 -0.064907379 -0.000246809 -0.000190863 0.999999881 1.589965820
0.999999821 0.000238194 0.000450488 0.027184727 -0.000238385 0.999999881 0.000425093 -0.073170252 -0.000450386 -0.000425200 0.999999762 1.778286576
0.999999821 0.000166314 0.000449237 0.029596178 -0.000166680 0.999999642 0.000816797 -0.085443638 -0.000449101 -0.000816872 0.999999583 1.980412841
0.999999702 0.000440622 0.000598995 0.030640541 -0.000441128 0.999999523 0.000844896 -0.091964051 -0.000598623 -0.000845160 0.999999464 2.199597836
0.999999642 0.000452888 0.000729215 0.036483351 -0.000453484 0.999999583 0.000817064 -0.095107101 -0.000728845 -0.000817394 0.999999344 2.417624950
0.999999106 0.000974928 0.000974084 0.040755160 -0.000975826 0.999999166 0.000921726 -0.102772243 -0.000973184 -0.000922675 0.999999106 2.644429445
0.999999881 0.000159169 0.000433297 0.049644135 -0.000159563 0.999999583 0.000910565 -0.110118844 -0.000433152 -0.000910634 0.999999464 2.873520374
0.999999702 0.000567247 0.000538952 0.057571650 -0.000567780 0.999999404 0.000988847 -0.116366878 -0.000538391 -0.000989153 0.999999344 3.116151333
0.999999881 0.000002752 0.000544749 0.055933982 -0.000003322 0.999999404 0.001046962 -0.125985861 -0.000544746 -0.001046964 0.999999225 3.343656063
0.999999881 0.000027457 0.000569350 0.059706390 -0.000028044 0.999999464 0.001031171 -0.129831955 -0.000569321 -0.001031187 0.999999225 3.582452536
0.999999940 -0.000079400 0.000345227 0.075558148 0.000078979 0.999999225 0.001218961 -0.139523447 -0.000345324 -0.001218933 0.999999225 3.851788282
0.999999762 -0.000186215 0.000594933 0.075890899 0.000185377 0.999998927 0.001408846 -0.150599360 -0.000595195 -0.001408735 0.999998808 4.117065430
0.999999642 0.000323603 0.000706981 0.081962615 -0.000324829 0.999998391 0.001734213 -0.157817811 -0.000706418 -0.001734442 0.999998271 4.367628098
0.999999702 0.000210660 0.000620119 0.089254975 -0.000211794 0.999998331 0.001828811 -0.167394951 -0.000619732 -0.001828942 0.999998152 4.623455524
0.999999464 0.000419548 0.000937627 0.094187148 -0.000421108 0.999998510 0.001664925 -0.172939822 -0.000936927 -0.001665319 0.999998093 4.884060383
0.999999225 0.000582287 0.001043310 0.097615361 -0.000583994 0.999998450 0.001636436 -0.180456966 -0.001042356 -0.001637044 0.999998033 5.142834187
0.999999702 0.000335230 0.000578630 0.108828314 -0.000336380 0.999997973 0.001989867 -0.191704109 -0.000577962 -0.001990061 0.999997854 5.415424824
0.999999881 -0.000127743 0.000496816 0.110752270 0.000126770 0.999998093 0.001957048 -0.202380463 -0.000497065 -0.001956984 0.999997973 5.683223248
0.999999762 0.000251788 0.000680080 0.110262387 -0.000253105 0.999998093 0.001936551 -0.212944090 -0.000679591 -0.001936723 0.999997914 5.966140270
0.999999523 -0.000072861 0.000984050 0.114856720 0.000070889 0.999997973 0.002003710 -0.221810758 -0.000984194 -0.002003639 0.999997556 6.227313995
0.999999762 0.000049555 0.000709961 0.122006312 -0.000050939 0.999998093 0.001949647 -0.229058743 -0.000709863 -0.001949682 0.999997854 6.530161858
0.999999225 0.000739035 0.001006245 0.123268217 -0.000740997 0.999997854 0.001951164 -0.241196632 -0.001004801 -0.001951908 0.999997616 6.819910049
0.999999404 -0.000259291 0.001078223 0.132434025 0.000256854 0.999997377 0.002259508 -0.250351191 -0.001078807 -0.002259229 0.999996901 7.111955166
0.999999821 -0.000571076 0.000298840 0.147625148 0.000570379 0.999997258 0.002328059 -0.260037571 -0.000300169 -0.002327888 0.999997258 7.405987263
0.999999881 -0.000352561 0.000388118 0.154171616 0.000351670 0.999997318 0.002293225 -0.270837843 -0.000388925 -0.002293088 0.999997318 7.708957672
0.999999702 -0.000418346 0.000637689 0.160925254 0.000416884 0.999997318 0.002291157 -0.280643642 -0.000638646 -0.002290891 0.999997199 8.033388138
0.999999940 -0.000215593 0.000296598 0.175712407 0.000214836 0.999996722 0.002550299 -0.298163652 -0.000297147 -0.002550235 0.999996781 8.340188026
0.999999642 -0.000004444 0.000808351 0.175448015 0.000002255 0.999996245 0.002707731 -0.304655224 -0.000808360 -0.002707729 0.999995947 8.685413361
0.999999642 -0.000110706 0.000795907 0.178703576 0.000108662 0.999996662 0.002567539 -0.309948504 -0.000796188 -0.002567452 0.999996424 9.023060799
0.999999106 0.000167620 0.001326537 0.178448141 -0.000171078 0.999996543 0.002607207 -0.316967666 -0.001326095 -0.002607432 0.999995708 9.377008438
0.999999464 -0.000181332 0.001018891 0.185318395 0.000178749 0.999996781 0.002534362 -0.331611127 -0.001019347 -0.002534179 0.999996245 9.711978912
0.999999404 0.000091552 0.001085582 0.192873865 -0.000094527 0.999996245 0.002740414 -0.344218552 -0.001085327 -0.002740515 0.999995649 10.053110123
0.999999642 -0.000119918 0.000978072 0.202566937 0.000117474 0.999996901 0.002498816 -0.353598803 -0.000978369 -0.002498700 0.999996364 10.409799576
0.999999344 0.000375874 0.001087026 0.208547592 -0.000378896 0.999996066 0.002781288 -0.365332425 -0.001085976 -0.002781698 0.999995530 10.766899109
0.999999583 0.000030875 0.000936668 0.217664093 -0.000033697 0.999995470 0.003013328 -0.381027967 -0.000936570 -0.003013359 0.999994934 11.156347275
0.999999046 0.000663764 0.001276191 0.223604515 -0.000667565 0.999995410 0.002979711 -0.394039333 -0.001274207 -0.002980561 0.999994636 11.528653145
0.999999344 0.000193291 0.001109946 0.231727883 -0.000196846 0.999994874 0.003203623 -0.404368043 -0.001109321 -0.003203839 0.999994278 11.916016579
0.999999464 -0.000038308 0.001063481 0.240485638 0.000034856 0.999994755 0.003245675 -0.413238257 -0.001063600 -0.003245636 0.999994218 12.295931816
0.999999106 -0.000298441 0.001336017 0.249169245 0.000293889 0.999994159 0.003405472 -0.430065393 -0.001337025 -0.003405076 0.999993324 12.685247421
0.999998271 0.000542705 0.001732536 0.254545480 -0.000548935 0.999993443 0.003597494 -0.431195706 -0.001730572 -0.003598439 0.999992073 13.088881493
0.999999464 -0.000460650 0.000944437 0.268489033 0.000457205 0.999993205 0.003644920 -0.459777534 -0.000946109 -0.003644486 0.999992907 13.474799156
0.999998987 0.000190899 0.001410466 0.272998512 -0.000196103 0.999993145 0.003690413 -0.471675009 -0.001409752 -0.003690687 0.999992192 13.889894485
0.999998391 0.000724792 0.001637792 0.281459540 -0.000731587 0.999991119 0.004152590 -0.483088702 -0.001634768 -0.004153782 0.999990046 14.306686401
0.999998391 -0.000034882 0.001810014 0.291603386 0.000027715 0.999992073 0.003959586 -0.504750669 -0.001810138 -0.003959529 0.999990463 14.727581024
0.999997735 0.000374618 0.002097724 0.303413004 -0.000383497 0.999990940 0.004234117 -0.522883177 -0.002096119 -0.004234911 0.999988794 15.131737709
0.999997795 -0.000180340 0.002100101 0.316998839 0.000171293 0.999990702 0.004307386 -0.532541394 -0.002100858 -0.004307016 0.999988496 15.572536469
0.999996841 -0.000115429 0.002515790 0.334351182 0.000103459 0.999988675 0.004757698 -0.567207634 -0.002516311 -0.004757422 0.999985456 15.995753288
0.999996364 -0.000206222 0.002701815 0.346817732 0.000192861 0.999987721 0.004944666 -0.577968717 -0.002702801 -0.004944126 0.999984086 16.438983917
0.999996305 -0.000031205 0.002740776 0.356492728 0.000016607 0.999985874 0.005326145 -0.598397136 -0.002740904 -0.005326080 0.999981999 16.871637344
0.999994516 -0.000105913 0.003309778 0.370460480 0.000089295 0.999987364 0.005020580 -0.609775841 -0.003310269 -0.005020257 0.999981880 17.345506668
0.999993384 0.000586764 0.003570681 0.377604187 -0.000604343 0.999987721 0.004924065 -0.604442418 -0.003567749 -0.004926191 0.999981463 17.779790878
0.999992609 -0.000496070 0.003789685 0.390937448 0.000476690 0.999986768 0.005113141 -0.632749021 -0.003792172 -0.005111296 0.999979734 18.276107788
0.999990702 -0.000418367 0.004295344 0.401610970 0.000396643 0.999987125 0.005057315 -0.635810077 -0.004297405 -0.005055564 0.999978006 18.750364304
0.999989688 -0.000183474 0.004529750 0.415955424 0.000161126 0.999987781 0.004933243 -0.659747720 -0.004530601 -0.004932462 0.999977529 19.199855804
0.999992669 -0.000924337 0.003690696 0.444702357 0.000904858 0.999985695 0.005276065 -0.680173993 -0.003695521 -0.005272686 0.999979258 19.665163040
0.999989510 -0.000164531 0.004566755 0.450774789 0.000137451 0.999982417 0.005929419 -0.687068641 -0.004567651 -0.005928729 0.999972045 20.162015915
0.999990106 -0.001424767 0.004212481 0.456541717 0.001399307 0.999980748 0.006040873 -0.712112248 -0.004221005 -0.006034919 0.999972880 20.645128250
0.999990344 -0.001592351 0.004105311 0.468855798 0.001566866 0.999979496 0.006203535 -0.725814998 -0.004115105 -0.006197043 0.999972343 21.139417648
0.999992847 -0.001556307 0.003445306 0.473439842 0.001534475 0.999978840 0.006330299 -0.738672137 -0.003455085 -0.006324968 0.999974072 21.670867920
0.999993324 -0.000704852 0.003587294 0.484296113 0.000679691 0.999975145 0.007010226 -0.767830372 -0.003592146 -0.007007742 0.999969006 22.148134232
0.999995291 -0.001403218 0.002723022 0.506007373 0.001385081 0.999976933 0.006650774 -0.771152794 -0.002732292 -0.006646971 0.999974132 22.630626678
0.999996603 -0.001259604 0.002295659 0.513085425 0.001243664 0.999975204 0.006931634 -0.786241055 -0.002304333 -0.006928755 0.999973297 23.145158768
0.999996722 -0.002137760 0.001349189 0.528366506 0.002128942 0.999976575 0.006503415 -0.796357095 -0.001363060 -0.006500522 0.999977946 23.671432495
0.999994576 -0.003192932 0.000716659 0.543885112 0.003188462 0.999975979 0.006153647 -0.807243526 -0.000736290 -0.006151329 0.999980807 24.197151184
0.999997795 -0.002071900 0.000261727 0.549746931 0.002070213 0.999978006 0.006292385 -0.818377435 -0.000274759 -0.006291830 0.999980152 24.722846985
0.999998033 -0.001874906 -0.000659475 0.564567268 0.001879227 0.999976397 0.006612939 -0.831178427 0.000647061 -0.006614165 0.999977946 25.257175446
0.999997795 -0.001845826 -0.000986461 0.565797448 0.001852166 0.999977350 0.006466307 -0.838497937 0.000974503 -0.006468120 0.999978602 25.798936844
0.999997735 -0.001753458 -0.001182302 0.575042427 0.001761030 0.999977708 0.006434498 -0.852705836 0.001170993 -0.006436564 0.999978602 26.342643738
0.999997318 -0.001926629 -0.001260482 0.586350322 0.001935348 0.999973953 0.006952918 -0.862147868 0.001247053 -0.006955338 0.999975026 26.891576767
0.999995708 -0.002267482 -0.001823954 0.596460521 0.002280113 0.999973178 0.006953327 -0.876865149 0.001808138 -0.006957456 0.999974191 27.427276611
0.999996483 -0.001608851 -0.002115297 0.608201265 0.001623403 0.999974906 0.006895464 -0.894099832 0.002104150 -0.006898874 0.999974012 27.963821411
0.999995172 -0.001605037 -0.002632177 0.617779374 0.001623339 0.999974430 0.006966196 -0.905497253 0.002620928 -0.006970436 0.999972284 28.504274368
0.999992728 -0.002026556 -0.003230394 0.634268522 0.002050064 0.999971271 0.007290372 -0.923240185 0.003215527 -0.007296941 0.999968231 29.041175842
0.999991596 -0.001931653 -0.003607568 0.642694831 0.001958085 0.999971151 0.007337653 -0.936732531 0.003593290 -0.007344656 0.999966621 29.584272385
0.999990702 -0.001713702 -0.003964729 0.646200359 0.001743669 0.999969840 0.007567361 -0.947487175 0.003951641 -0.007574203 0.999963522 30.123338699
0.999990463 -0.001611857 -0.004053441 0.654460192 0.001641815 0.999971271 0.007398372 -0.961334646 0.004041399 -0.007404957 0.999964416 30.663270950
0.999990642 -0.001388395 -0.004100945 0.663366497 0.001418606 0.999971807 0.007373041 -0.972541749 0.004090593 -0.007378791 0.999964416 31.208194733
0.999988437 -0.001562757 -0.004545552 0.672008753 0.001597550 0.999969363 0.007660788 -0.990361929 0.004533440 -0.007667962 0.999960244 31.737957001
0.999987900 -0.001724820 -0.004593312 0.679063082 0.001759997 0.999969065 0.007665301 -1.005279660 0.004579949 -0.007673293 0.999960005 32.271316528
0.999985933 -0.001793493 -0.004984380 0.682500064 0.001831857 0.999968648 0.007703130 -1.011468172 0.004970408 -0.007712152 0.999957860 32.810874939
0.999987066 -0.001592176 -0.004825644 0.676210999 0.001629315 0.999968946 0.007702096 -1.032330632 0.004813232 -0.007709860 0.999958694 33.339462280
0.999985814 -0.001540172 -0.005095868 0.690434754 0.001580314 0.999967694 0.007882680 -1.048690438 0.005083562 -0.007890621 0.999955952 33.896347046
0.999984682 -0.001153991 -0.005399821 0.694699287 0.001198401 0.999965429 0.008228469 -1.069141030 0.005390138 -0.008234815 0.999951541 34.445503235
0.999983072 -0.002156151 -0.005402320 0.702579737 0.002201970 0.999961555 0.008489812 -1.082276583 0.005383808 -0.008501564 0.999949396 34.980270386
0.999982476 -0.002301988 -0.005458230 0.707794189 0.002349346 0.999959528 0.008686027 -1.102554321 0.005438015 -0.008698697 0.999947369 35.497486115
0.999980330 -0.001616614 -0.006055966 0.710875750 0.001669836 0.999959946 0.008793670 -1.119168758 0.006041507 -0.008803609 0.999943018 36.037361145
0.999980807 -0.001183961 -0.006071885 0.724328101 0.001235157 0.999963641 0.008434941 -1.131481290 0.006061676 -0.008442278 0.999945998 36.579612732
0.999975443 -0.001959513 -0.006725591 0.736646831 0.002019568 0.999958038 0.008934249 -1.141161203 0.006707802 -0.008947611 0.999937475 37.109237671
0.999980152 -0.002176799 -0.005904434 0.683935523 0.002235995 0.999947131 0.010037721 -1.184269547 0.005882271 -0.010050724 0.999932170 37.612758636
0.999973118 -0.002321265 -0.006953326 0.724275947 0.002391759 0.999945700 0.010147040 -1.183058023 0.006929394 -0.010163395 0.999924362 38.165317535
0.999974668 -0.001960096 -0.006839601 0.697987318 0.002029939 0.999945700 0.010219650 -1.202319145 0.006819199 -0.010233275 0.999924362 38.682453156
0.999979258 -0.001393260 -0.006282003 0.696230531 0.001456429 0.999948382 0.010062294 -1.218469024 0.006267658 -0.010071236 0.999929667 39.236534119
0.999978125 -0.001843346 -0.006359512 0.736514330 0.001911392 0.999940813 0.010710505 -1.251235843 0.006339392 -0.010722425 0.999922454 39.646842957
0.999974787 -0.001947271 -0.006819196 0.780093014 0.002018136 0.999943852 0.010400788 -1.264524221 0.006798559 -0.010414288 0.999922633 40.288158417
0.999973476 -0.002802580 -0.006719016 0.789918900 0.002874052 0.999939144 0.010651362 -1.281336546 0.006688757 -0.010670392 0.999920726 40.827564240
0.999976873 -0.001575441 -0.006604368 0.780350208 0.001644155 0.999944448 0.010411771 -1.292837858 0.006587598 -0.010422391 0.999924004 41.349178314
0.999974191 -0.001310043 -0.007065354 0.793323219 0.001383497 0.999944925 0.010401526 -1.301398396 0.007051340 -0.010411032 0.999920964 41.880001068
0.999978840 -0.001311178 -0.006369831 0.789930940 0.001380158 0.999940276 0.010836997 -1.323425055 0.006355241 -0.010845558 0.999920964 42.375087738
0.999976516 -0.001803121 -0.006615778 0.800992846 0.001877362 0.999935150 0.011232736 -1.341155648 0.006595096 -0.011244893 0.999914944 42.913257599
0.999978125 -0.001706251 -0.006384490 0.804106236 0.001776936 0.999936998 0.011082128 -1.350265622 0.006365180 -0.011093231 0.999918222 43.442440033
0.999978721 -0.001810621 -0.006255365 0.810776234 0.001879633 0.999937236 0.011044299 -1.362168074 0.006234975 -0.011055823 0.999919415 43.963943481
0.999979794 -0.001265803 -0.006231240 0.814978063 0.001331633 0.999943197 0.010571675 -1.365134478 0.006217505 -0.010579760 0.999924719 44.499843597
0.999977589 -0.001698049 -0.006467556 0.829850435 0.001767396 0.999940813 0.010731613 -1.379441619 0.006448950 -0.010742805 0.999921501 45.037311554
0.999976099 -0.001555089 -0.006740828 0.837984800 0.001628831 0.999938726 0.010947953 -1.389830112 0.006723389 -0.010958671 0.999917328 45.560413361
0.999975026 -0.001623438 -0.006873379 0.853620768 0.001694639 0.999944866 0.010365801 -1.394518614 0.006856170 -0.010377191 0.999922633 46.115825653
0.999972820 -0.001479717 -0.007223199 0.867496014 0.001560737 0.999935806 0.011223923 -1.423213482 0.007206128 -0.011234892 0.999910891 46.646591187
0.999975681 -0.001750898 -0.006754423 0.851897061 0.001825312 0.999937534 0.011026666 -1.420766115 0.006734694 -0.011038726 0.999916375 47.144981384
0.999978900 -0.000768892 -0.006451841 0.885977745 0.000830311 0.999954462 0.009522327 -1.409249663 0.006444224 -0.009527484 0.999933779 47.711837769
0.999976695 -0.001872292 -0.006561263 0.858673215 0.001945414 0.999935806 0.011155795 -1.449264288 0.006539955 -0.011168299 0.999916196 48.205371857
0.999974310 -0.001974620 -0.006887365 0.876707315 0.002051120 0.999936104 0.011117957 -1.458905697 0.006864973 -0.011131800 0.999914467 48.734306335
0.999977171 -0.001799272 -0.006502123 0.881805182 0.001873684 0.999932647 0.011456354 -1.472155094 0.006481072 -0.011468275 0.999913216 49.273864746
0.999975920 -0.001816566 -0.006701937 0.888294399 0.001892482 0.999933898 0.011338615 -1.477435112 0.006680897 -0.011351027 0.999913275 49.799991608
0.999976277 -0.001596670 -0.006688314 0.897759080 0.001670020 0.999938488 0.010975759 -1.486446977 0.006670378 -0.010986670 0.999917388 50.324047089
0.999980092 -0.001047435 -0.006223256 0.898163557 0.001116369 0.999937952 0.011083758 -1.492710948 0.006211261 -0.011090484 0.999919176 50.863155365
0.999979854 -0.001126552 -0.006245264 0.900414646 0.001195692 0.999938011 0.011078142 -1.503257394 0.006232396 -0.011085386 0.999919116 51.398815155
0.999979794 -0.001306650 -0.006241075 0.905477822 0.001375821 0.999937534 0.011091830 -1.516918421 0.006226193 -0.011100192 0.999918938 51.918544769
0.999980152 -0.000808559 -0.006241624 0.921846688 0.000877355 0.999938786 0.011027287 -1.522535801 0.006232325 -0.011032544 0.999919653 52.451526642
0.999977589 -0.001495845 -0.006530265 0.927737355 0.001570478 0.999933362 0.011438755 -1.538940787 0.006512720 -0.011448756 0.999913275 52.985652924
0.999983788 -0.001145507 -0.005566459 0.895330966 0.001207654 0.999936759 0.011174176 -1.551929474 0.005553306 -0.011180717 0.999922097 53.505371094
0.999987304 -0.000477333 -0.005013551 0.871945083 0.000539447 0.999922991 0.012395208 -1.574928522 0.005007249 -0.012397756 0.999910593 54.027362823
0.999986172 -0.000148325 -0.005251932 0.946610689 0.000208017 0.999935508 0.011367002 -1.588115215 0.005249906 -0.011367938 0.999921620 54.570030212
0.999987721 0.000639555 -0.004927482 0.926798046 -0.000585615 0.999939978 0.010940436 -1.564043760 0.004934183 -0.010937414 0.999927998 55.234497070
0.999987602 -0.000162669 -0.004980225 0.932214916 0.000220300 0.999933004 0.011573660 -1.583212018 0.004978009 -0.011574613 0.999920607 55.780941010
0.999982476 -0.000665461 -0.005880307 0.984588861 0.000735016 0.999929726 0.011834338 -1.622183084 0.005872019 -0.011838455 0.999912620 56.132862091
0.999983907 -0.000189975 -0.005670728 1.003315926 0.000257663 0.999928713 0.011938059 -1.649042606 0.005668055 -0.011939328 0.999912620 56.631122589
0.999984086 0.000523761 -0.005617333 0.995089591 -0.000458030 0.999931514 0.011696435 -1.632727385 0.005623073 -0.011693674 0.999915838 57.235084534
0.999983907 0.000227235 -0.005666391 1.020062566 -0.000166039 0.999941707 0.010797889 -1.651953936 0.005668515 -0.010796774 0.999925673 57.662818909
0.999986529 0.000712579 -0.005143292 1.019863248 -0.000655911 0.999939144 0.011011201 -1.662022829 0.005150825 -0.011007679 0.999926150 58.183174133
0.999986231 0.000142077 -0.005250105 1.029955387 -0.000087564 0.999946117 0.010382002 -1.668511391 0.005251297 -0.010381400 0.999932349 58.710750580
0.999989152 0.000996742 -0.004561649 1.033223987 -0.000947211 0.999940753 0.010847541 -1.684194326 0.004572192 -0.010843102 0.999930799 59.255359650
0.999984801 0.000440935 -0.005499315 1.050129652 -0.000379246 0.999937177 0.011213686 -1.692426920 0.005503913 -0.011211430 0.999921918 59.755428314
0.999987602 0.000382525 -0.004960940 1.067712903 -0.000328157 0.999939978 0.010955511 -1.709743977 0.004964833 -0.010953747 0.999927759 60.349967957
0.999984443 0.001231015 -0.005447269 1.098509669 -0.001166884 0.999930203 0.011760558 -1.732155085 0.005461366 -0.011754017 0.999915957 60.804901123
0.999982715 0.000751641 -0.005839768 1.125659227 -0.000686055 0.999936759 0.011224667 -1.732766151 0.005847835 -0.011220464 0.999919891 61.352676392
0.999977648 0.001168253 -0.006599380 1.215016127 -0.001096066 0.999939561 0.010931501 -1.681700230 0.006611753 -0.010924023 0.999918401 61.853488922
0.999979377 0.001241918 -0.006296368 1.177713990 -0.001172312 0.999938369 0.011046624 -1.731917143 0.006309698 -0.011039013 0.999919116 62.367317200
0.999981463 0.000499419 -0.006075516 1.140348315 -0.000431728 0.999937892 0.011137885 -1.761006236 0.006080701 -0.011135054 0.999919415 62.804962158
0.999979496 0.001254645 -0.006290473 1.220754027 -0.001183738 0.999935925 0.011263116 -1.771887302 0.006304201 -0.011255438 0.999916732 63.458164215
0.999977231 0.000712738 -0.006720698 1.251829982 -0.000626968 0.999918520 0.012755632 -1.833438993 0.006729242 -0.012751129 0.999895990 64.111251831
0.999980688 0.003257443 -0.005296486 1.223369598 -0.003187860 0.999909282 0.013093296 -1.852368355 0.005338657 -0.013076160 0.999900162 64.598701477
0.999979317 0.004146672 -0.004929886 1.268674374 -0.004076091 0.999890387 0.014241857 -1.859752417 0.004988401 -0.014221466 0.999886394 65.116577148
0.999975502 0.003286873 -0.006190771 1.342714667 -0.003204016 0.999905765 0.013346537 -1.862267375 0.006234056 -0.013326371 0.999891698 65.549415588
0.999980807 -0.000993410 -0.006119798 1.198971748 0.001065442 0.999930084 0.011778267 -1.788925886 0.006107667 -0.011784561 0.999911904 65.423530579
0.999983430 0.001433627 -0.005570312 1.194105983 -0.001367198 0.999928117 0.011911064 -1.798608541 0.005586986 -0.011903252 0.999913514 65.978607178
0.999981642 -0.000327429 -0.006054733 1.244077921 0.000397758 0.999932408 0.011618019 -1.809419990 0.006050520 -0.011620215 0.999914169 66.393112183
0.999984264 0.000691648 -0.005586337 1.213511229 -0.000623898 0.999926329 0.012120509 -1.817837715 0.005594308 -0.012116831 0.999910891 67.053436279
0.999977469 -0.001360204 -0.006576567 1.278975606 0.001440778 0.999923706 0.012262400 -1.835035801 0.006559388 -0.012271598 0.999903142 67.472534180
0.999983072 0.000270219 -0.005808848 1.263517737 -0.000201095 0.999929130 0.011896913 -1.862613320 0.005811652 -0.011895542 0.999912381 67.953910828
0.999981165 -0.000013165 -0.006140574 1.279015183 0.000086640 0.999928415 0.011965354 -1.874222040 0.006139977 -0.011965659 0.999909580 68.474777222
0.999977648 -0.000404039 -0.006685475 1.288954020 0.000484100 0.999928117 0.011978039 -1.885564446 0.006680155 -0.011981007 0.999905884 69.001731873
0.999983072 0.000829180 -0.005758046 1.297432065 -0.000759490 0.999926507 0.012094725 -1.921540022 0.005767650 -0.012090146 0.999910295 69.571319580
0.999982357 0.000346724 -0.005931918 1.303208232 -0.000272810 0.999922395 0.012456627 -1.936340332 0.005935776 -0.012454787 0.999904811 70.121620178
0.999979913 -0.000658935 -0.006304067 1.328434944 0.000736304 0.999924362 0.012278438 -1.946013808 0.006295499 -0.012282833 0.999904692 70.633010864
0.999982119 0.000411896 -0.005964743 1.343641758 -0.000337841 0.999922872 0.012411031 -1.960968137 0.005969396 -0.012408793 0.999905169 71.166198730
0.999981225 0.000313010 -0.006116300 1.349227905 -0.000236966 0.999922693 0.012429828 -1.967401505 0.006119717 -0.012428147 0.999903977 71.730857849
0.999982476 -0.000110352 -0.005921475 1.352914572 0.000184576 0.999921322 0.012535783 -1.984719515 0.005919627 -0.012536658 0.999903858 72.298439026
0.999985814 0.000291704 -0.005318164 1.358178139 -0.000226292 0.999924242 0.012296183 -1.995471716 0.005321349 -0.012294806 0.999910235 72.847114563
0.999979973 0.000077134 -0.006328734 1.400026560 0.000001936 0.999921978 0.012492834 -2.012190819 0.006329203 -0.012492595 0.999901950 73.401397705
0.999978960 -0.000715235 -0.006445411 1.418868780 0.000794700 0.999923587 0.012334862 -2.019945621 0.006436094 -0.012339724 0.999903142 73.946372986
0.999981105 -0.000169744 -0.006153810 1.433005810 0.000247297 0.999920487 0.012603816 -2.033473492 0.006151181 -0.012605097 0.999901652 74.473358154
0.999980628 -0.000600435 -0.006185092 1.421581507 0.000678949 0.999919057 0.012699828 -2.051998138 0.006176968 -0.012703781 0.999900162 75.007156372
0.999980867 -0.000319355 -0.006177634 1.439126492 0.000396384 0.999922156 0.012471780 -2.055807114 0.006173169 -0.012473989 0.999903142 75.513237000
0.999981582 0.000307928 -0.006060864 1.440430641 -0.000230401 0.999918222 0.012787873 -2.067112684 0.006064305 -0.012786240 0.999899864 76.097869873
0.999982715 0.000571523 -0.005838511 1.455039620 -0.000496765 0.999917984 0.012797823 -2.078617573 0.005845345 -0.012794702 0.999901056 76.656204224
0.999983966 0.000527473 -0.005634246 1.461053729 -0.000456618 0.999920905 0.012569612 -2.080940962 0.005640433 -0.012566840 0.999905109 77.196304321
0.999982655 0.000655755 -0.005839550 1.472305536 -0.000582188 0.999920547 0.012590818 -2.095260620 0.005847345 -0.012587202 0.999903619 77.748718262
0.999985754 0.000783694 -0.005279501 1.484797955 -0.000718609 0.999923885 0.012318626 -2.106088400 0.005288754 -0.012314654 0.999910176 78.313629150
0.999990106 0.000668123 -0.004381990 1.501174808 -0.000612177 0.999918461 0.012756193 -2.122732162 0.004390155 -0.012753385 0.999909043 78.841644287
0.999995291 0.000927846 -0.002961175 1.512710094 -0.000890095 0.999918580 0.012724736 -2.134440899 0.002972741 -0.012722038 0.999914646 79.389770508
0.999998033 0.001329478 -0.001488303 1.519463301 -0.001310678 0.999920249 0.012562138 -2.144083023 0.001504887 -0.012560165 0.999920011 79.917259216
0.999999464 0.000802419 -0.000559492 1.527270317 -0.000795132 0.999916375 0.012906007 -2.152776241 0.000569801 -0.012905558 0.999916494 80.461479187
0.999993801 0.001586864 0.003108693 1.546530247 -0.001626257 0.999917924 0.012710937 -2.167538166 -0.003088267 -0.012715917 0.999914408 80.988250732
0.999979377 0.001371794 0.006264531 1.567721367 -0.001451836 0.999917150 0.012790442 -2.172407866 -0.006246466 -0.012799273 0.999898553 81.559837341
0.999960423 0.000400231 0.008890568 1.605716825 -0.000513962 0.999917984 0.012793739 -2.180991173 -0.008884720 -0.012797801 0.999878585 82.113700867
0.999924183 0.000301221 0.012313625 1.640715122 -0.000458867 0.999917924 0.012801747 -2.203565121 -0.012308758 -0.012806427 0.999842227 82.682304382
0.999825299 0.001073874 0.018661328 1.662842870 -0.001315442 0.999915481 0.012937413 -2.193445206 -0.018645853 -0.012959702 0.999742091 83.165100098
0.999708176 -0.000559552 0.024154965 1.708055735 0.000266233 0.999926150 0.012144752 -2.186256409 -0.024159979 -0.012134775 0.999634445 83.697204590
0.999513090 0.000352580 0.031198913 1.700882912 -0.000755491 0.999916434 0.012903409 -2.237574100 -0.031191755 -0.012920697 0.999429882 84.432418823
0.999274492 -0.000775456 0.038076524 1.716128230 0.000322298 0.999929070 0.011905944 -2.198044300 -0.038083054 -0.011885034 0.999203861 84.943534851
0.998884261 0.000132124 0.047225095 1.820582867 -0.000758807 0.999911845 0.013252446 -2.273306608 -0.047219183 -0.013273496 0.998796344 85.536552429
0.998524904 -0.000025959 0.054295931 1.874002934 -0.000698887 0.999910891 0.013330873 -2.290708065 -0.054291431 -0.013349155 0.998436034 86.106681824
0.998015881 -0.000116538 0.062964082 1.944965124 -0.000699598 0.999916017 0.012939727 -2.307654858 -0.062960312 -0.012958099 0.997931898 86.612815857
0.997305214 0.000346859 0.073363289 2.005985260 -0.001337241 0.999908626 0.013451014 -2.325794697 -0.073351920 -0.013512869 0.997214556 87.165122986
0.996638358 -0.000602187 0.081924811 2.079260349 -0.000495474 0.999910355 0.013377402 -2.334517479 -0.081925511 -0.013373022 0.996548712 87.726799011
0.995959222 -0.000686734 0.089804202 2.152105331 -0.000490909 0.999914169 0.013090705 -2.346677542 -0.089805491 -0.013081891 0.995873511 88.279251099
0.994978666 -0.001863953 0.100070775 2.242285252 0.000560071 0.999914527 0.013056120 -2.365391731 -0.100086577 -0.012934513 0.994894683 88.796432495
0.993865550 -0.001471453 0.110585429 2.337263107 -0.000002296 0.999911189 0.013325484 -2.371699810 -0.110595219 -0.013243993 0.993777275 89.372901917
0.992811501 -0.001811601 0.119674750 2.422270775 0.000248258 0.999914467 0.013076882 -2.384538889 -0.119688198 -0.012953170 0.992727041 89.914031982
0.991419315 -0.001744706 0.130709559 2.521320343 0.000024278 0.999913394 0.013162659 -2.391854286 -0.130721182 -0.013046539 0.991333306 90.482421875
0.989753366 -0.001660164 0.142777905 2.627764702 -0.000195473 0.999915659 0.012981658 -2.407642841 -0.142787427 -0.012876548 0.989669621 91.012649536
0.988120377 -0.002349866 0.153663889 2.739677429 0.000421608 0.999920785 0.012579926 -2.413347244 -0.153681263 -0.012365695 0.988043010 91.578948975
0.986563861 -0.002464952 0.163357660 2.845861435 0.000361606 0.999916673 0.012904194 -2.421472073 -0.163375854 -0.012671740 0.986482501 92.115791321
0.984456718 -0.002826669 0.175604463 2.969901085 0.000594476 0.999918342 0.012762787 -2.434606075 -0.175626233 -0.012460020 0.984378040 92.671585083
0.982185364 -0.003252861 0.187886998 3.100743294 0.000849264 0.999916732 0.012871873 -2.443742275 -0.187913224 -0.012482997 0.982106328 93.213226318
0.980083525 -0.004311179 0.198538765 3.239310265 0.001892644 0.999921679 0.012369839 -2.445466518 -0.198576540 -0.011747712 0.980014980 93.761642456
0.977303505 -0.004031888 0.211805657 3.377079010 0.001462379 0.999923408 0.012286696 -2.456431866 -0.211838961 -0.011698090 0.977234483 94.331817627
0.974103570 -0.003577264 0.226074085 3.506780624 0.000763982 0.999921203 0.012530339 -2.465638399 -0.226101086 -0.012033129 0.974029541 94.892829895
0.971517682 -0.003244004 0.236944631 3.665779114 0.000267856 0.999920726 0.012591633 -2.482041836 -0.236966655 -0.012169527 0.971441507 95.418502808
0.968366623 -0.004594355 0.249489337 3.843046188 0.001434236 0.999916375 0.012846666 -2.490420818 -0.249527499 -0.012082455 0.968292296 95.967323303
0.964712799 -0.004987855 0.263257176 4.026727676 0.001761087 0.999920428 0.012491648 -2.489518881 -0.263298482 -0.011587234 0.964644849 96.534004211
0.961340249 -0.005511827 0.275308222 4.210594177 0.002159721 0.999919832 0.012477505 -2.500382423 -0.275354862 -0.011400535 0.961275041 97.049705505
0.957945347 -0.007731910 0.286846459 4.399881363 0.004395855 0.999915004 0.012272298 -2.502238274 -0.286916971 -0.010495254 0.957897961 97.591720581
0.953740716 -0.006190097 0.300566614 4.580793381 0.002562277 0.999919057 0.012462621 -2.516239166 -0.300619453 -0.011115976 0.953679383 98.087837219
0.949387968 -0.007159729 0.314024240 4.787101746 0.003408912 0.999916077 0.012491870 -2.522913933 -0.314087331 -0.010789149 0.949332893 98.597320557
0.945675731 -0.008179419 0.325008571 4.992494583 0.004354307 0.999912381 0.012494871 -2.529419899 -0.325082302 -0.010400910 0.945628524 99.118927002
0.941128850 -0.007598265 0.337962598 5.194675446 0.003545954 0.999914169 0.012606167 -2.541708469 -0.338029414 -0.010665627 0.941075087 99.626411438
0.936039090 -0.008385847 0.351796001 5.413694382 0.004173345 0.999910235 0.012730896 -2.549901962 -0.351871252 -0.010448453 0.935990095 100.130035400
0.931358516 -0.008806874 0.363997310 5.631906509 0.004452184 0.999908149 0.012800885 -2.557849884 -0.364076585 -0.010301627 0.931312025 100.630043030
0.926707566 -0.009052478 0.375674278 5.849157333 0.004601168 0.999908209 0.012744310 -2.570242882 -0.375755161 -0.010081708 0.926664114 101.124282837
0.921089590 -0.009958681 0.389223367 6.096796036 0.005462829 0.999904990 0.012655918 -2.571670532 -0.389312446 -0.009530975 0.921056449 101.639930725
0.915577888 -0.011061894 0.401988477 6.342807770 0.006562198 0.999899447 0.012568964 -2.576190948 -0.402087122 -0.008869936 0.915558398 102.142829895
0.911048949 -0.011674844 0.412132829 6.592372894 0.007137563 0.999895811 0.012546824 -2.587631702 -0.412236392 -0.008489147 0.911037385 102.621253967
0.905402541 -0.012183787 0.424379230 6.851612091 0.007294854 0.999886990 0.013143037 -2.602312565 -0.424491405 -0.008803954 0.905389130 103.102188110
0.899272561 -0.013249733 0.437187791 7.120769501 0.008040501 0.999872923 0.013763988 -2.621125698 -0.437314570 -0.008862368 0.899264932 103.584754944
0.893046796 -0.012874322 0.449779660 7.386642456 0.007612985 0.999879837 0.013504445 -2.623972416 -0.449899405 -0.008635935 0.893037498 104.081314087
0.887596428 -0.013874209 0.460412979 7.662769318 0.008535828 0.999870062 0.013674757 -2.625495434 -0.460542887 -0.008207660 0.887599528 104.569900513
0.880380750 -0.013891667 0.474064112 7.945209503 0.008591347 0.999874055 0.013344737 -2.633799076 -0.474189788 -0.007675598 0.880389214 105.037429810
0.873101413 -0.014206612 0.487331599 8.240112305 0.008687915 0.999869943 0.013582811 -2.643397808 -0.487461269 -0.007625277 0.873111308 105.508056641
