1.000000000 0.000000000 0.000000000 0.000000000 0.000000000 1.000000000 0.000000000 0.000000000 0.000000000 0.000000000 1.000000000 0.000000000
1.000000000 0.000026340 0.000108549 -0.000879873 -0.000026338 1.000000000 -0.000022471 0.000704910 -0.000108549 0.000022468 1.000000000 0.000784924
1.000000000 0.000144082 0.000185238 -0.001857821 -0.000144081 1.000000000 -0.000004320 0.001062507 -0.000185239 0.000004293 1.000000000 0.001653710
0.999999940 0.000262683 0.000026666 -0.000129328 -0.000262686 0.999999940 0.000119919 -0.000996122 -0.000026634 -0.000119926 1.000000000 -0.000334094
0.999999940 0.000246714 0.000160772 -0.001559018 -0.000246722 0.999999940 0.000051086 0.000503974 -0.000160760 -0.000051125 1.000000000 0.000732111
1.000000000 0.000170267 0.000052198 -0.000859619 -0.000170273 1.000000000 0.000125205 -0.000206834 -0.000052177 -0.000125214 1.000000000 -0.000037912
1.000000000 0.000080713 0.000164384 -0.002474963 -0.000080700 1.000000000 -0.000083039 0.001683258 -0.000164390 0.000083026 1.000000000 0.003175987
1.000000000 -0.000180335 0.000101845 -0.000665588 0.000180332 1.000000000 0.000029339 0.001268349 -0.000101851 -0.000029320 1.000000000 0.002522058
1.000000000 0.000064021 0.000173196 -0.001761829 -0.000064012 1.000000000 -0.000049529 0.001520766 -0.000173199 0.000049518 1.000000000 0.002214320
1.000000000 -0.000065862 0.000208440 -0.001228879 0.000065870 1.000000000 -0.000034674 0.000632922 -0.000208437 0.000034688 1.000000000 0.000643962
1.000000000 -0.000092447 0.000206536 -0.001185573 0.000092465 1.000000000 -0.000086701 0.002475843 -0.000206528 0.000086720 1.000000000 0.002321604
1.000000000 0.000075070 0.000111995 -0.000632397 -0.000075071 1.000000000 0.000005705 0.000860047 -0.000111995 -0.000005713 1.000000000 0.000888077
1.000000000 0.000050633 0.000159492 -0.001055991 -0.000050634 1.000000000 0.000003224 0.001352473 -0.000159492 -0.000003232 1.000000000 0.002641643
0.999999940 0.000026786 0.000268858 -0.002636193 -0.000026805 1.000000000 0.000072775 0.001395039 -0.000268856 -0.000072782 0.999999940 0.003785463
1.000000000 0.000106255 0.000188434 -0.002443545 -0.000106257 1.000000000 0.000010284 0.001298072 -0.000188433 -0.000010304 1.000000000 0.003147085
1.000000000 0.000196381 0.000117956 -0.000810709 -0.000196394 1.000000000 0.000112647 -0.000596288 -0.000117934 -0.000112670 1.000000000 0.000164143
0.999999940 0.000151548 0.000253218 -0.002897151 -0.000151565 1.000000000 0.000068377 0.001121504 -0.000253208 -0.000068416 0.999999940 0.002847721
0.999999881 0.000242311 0.000449906 -0.004016611 -0.000242312 1.000000000 0.000002663 0.002290519 -0.000449905 -0.000002772 0.999999881 0.004289265
0.999999881 0.000321099 0.000292388 -0.003323214 -0.000321105 0.999999940 0.000018941 0.001607473 -0.000292382 -0.000019035 0.999999940 0.003214872
0.999999940 0.000180171 0.000251178 -0.002147814 -0.000180186 1.000000000 0.000060125 0.001129735 -0.000251168 -0.000060170 0.999999940 0.003293997
0.999999881 0.000363411 0.000266035 -0.001910566 -0.000363477 0.999999881 0.000250284 -0.000525887 -0.000265944 -0.000250381 0.999999940 0.000974000
0.999999821 0.000497346 0.000362563 -0.004003978 -0.000497361 0.999999881 0.000042415 0.001357340 -0.000362542 -0.000042595 0.999999940 0.003880166
1.000000000 0.000130906 0.000190022 -0.002325569 -0.000130908 1.000000000 0.000014297 0.002156519 -0.000190020 -0.000014322 1.000000000 0.003212640
0.999999940 0.000049239 0.000249401 -0.001139576 -0.000049260 1.000000000 0.000081385 0.000233952 -0.000249397 -0.000081397 0.999999940 0.001526251
0.999999940 0.000084452 0.000289623 -0.002451797 -0.000084424 1.000000000 -0.000095751 0.001298557 -0.000289631 0.000095726 0.999999940 0.001449770
1.000000000 -0.000030739 0.000220972 -0.001296535 0.000030757 1.000000000 -0.000081019 0.002854618 -0.000220969 0.000081025 1.000000000 0.003269693
1.000000000 -0.000082534 0.000195848 -0.001693380 0.000082545 1.000000000 -0.000055953 0.002399943 -0.000195843 0.000055969 1.000000000 0.002687021
0.999999940 0.000166407 0.000340413 -0.002936366 -0.000166368 1.000000000 -0.000113267 0.003106517 -0.000340431 0.000113211 0.999999940 0.004615887
0.999999881 0.000226431 0.000384964 -0.003974270 -0.000226374 0.999999940 -0.000149726 0.002794585 -0.000384998 0.000149639 0.999999940 0.003086362
0.999999940 0.000085168 0.000314266 -0.003254206 -0.000085191 1.000000000 0.000076174 0.001478809 -0.000314260 -0.000076201 0.999999940 0.002268372
0.999999940 0.000193211 0.000288148 -0.003006205 -0.000193271 0.999999940 0.000210787 -0.000245784 -0.000288108 -0.000210842 0.999999940 0.003031276
1.000000000 0.000029453 0.000169696 -0.000808098 -0.000029480 1.000000000 0.000159024 0.000715257 -0.000169691 -0.000159029 1.000000000 0.001479659
0.999999940 0.000215486 0.000325407 -0.003206111 -0.000215512 1.000000000 0.000078044 0.002065414 -0.000325390 -0.000078114 0.999999940 0.004688973
0.999999881 0.000269122 0.000466460 -0.003515209 -0.000269146 0.999999940 0.000051209 0.001325375 -0.000466447 -0.000051335 0.999999881 0.002797700
0.999999940 0.000160588 0.000254260 -0.001025097 -0.000160622 1.000000000 0.000136199 -0.000022214 -0.000254238 -0.000136240 0.999999940 0.000436031
0.999999881 0.000346616 0.000244401 -0.003226452 -0.000346621 0.999999940 0.000016970 0.003148868 -0.000244395 -0.000017055 0.999999940 0.005608435
0.999999881 0.000276200 0.000328664 -0.003825029 -0.000276206 0.999999940 0.000018908 0.004020290 -0.000328659 -0.000018999 0.999999940 0.006686768
1.000000000 -0.000081138 0.000222645 -0.001596450 0.000081111 1.000000000 0.000121007 0.001029104 -0.000222655 -0.000120989 0.999999940 0.002564228
0.999999881 0.000256668 0.000387408 -0.004093277 -0.000256719 0.999999940 0.000131680 0.002625670 -0.000387374 -0.000131780 0.999999940 0.006265022
0.999999940 0.000146728 0.000284199 -0.002212667 -0.000146751 1.000000000 0.000081786 0.001760235 -0.000284187 -0.000081828 0.999999940 0.002927119
0.999999881 0.000153917 0.000434760 -0.003031511 -0.000153934 1.000000000 0.000038525 0.001973702 -0.000434754 -0.000038592 0.999999881 0.005713151
0.999999940 -0.000144094 0.000218259 0.000876809 0.000144274 0.999999642 -0.000822409 0.000526448 -0.000218140 0.000822440 0.999999642 0.053753946
0.999999881 0.000319342 0.000360249 -0.000656007 -0.000318956 0.999999404 -0.001071004 -0.006030166 -0.000360591 0.001070889 0.999999344 0.133485839
0.999999940 0.000327443 0.000143397 0.001842049 -0.000327192 0.999998391 -0.001750304 -0.002602708 -0.000143970 0.001750257 0.999998450 0.256512374
0.999999881 0.000420788 0.000164975 0.004489339 -0.000420558 0.999998927 -0.001390470 -0.010981383 -0.000165560 0.001390401 0.999999046 0.385014653
0.999999940 0.000281639 0.000195270 0.007508697 -0.000281422 0.999999344 -0.001108257 -0.016441740 -0.000195582 0.001108202 0.999999344 0.524026811
0.999999940 0.000373400 0.000055452 0.013682224 -0.000373349 0.999999523 -0.000922086 -0.024663089 -0.000055797 0.000922066 0.999999583 0.669294536
0.999999881 0.000378404 0.000335880 0.016270746 -0.000378107 0.999999523 -0.000883333 -0.025811095 -0.000336214 0.000883206 0.999999583 0.837515473
1.000000000 0.000001443 0.000194018 0.018088622 -0.000001265 0.999999583 -0.000915488 -0.027629932 -0.000194019 0.000915488 0.999999583 1.015217900
1.000000000 0.000080002 0.000201313 0.021358151 -0.000079883 0.999999821 -0.000591238 -0.032516103 -0.000201360 0.000591222 0.999999821 1.194877028
1.000000000 -0.000003780 0.000154588 0.022543725 0.000003873 0.999999821 -0.000600739 -0.037270565 -0.000154586 0.000600740 0.999999821 1.370982647
0.999999940 0.000122660 0.000282343 0.032378633 -0.000122528 0.999999881 -0.000466465 -0.047826778 -0.000282400 0.000466431 0.999999881 1.563568950
0.999999464 0.000783255 0.000692033 0.032218885 -0.000783241 0.999999702 -0.000020709 -0.055526115 -0.000692049 0.000020167 0.999999762 1.756738305
0.999999881 0.000445945 -0.000151816 0.040918563 -0.000446034 0.999999702 -0.000588581 -0.051714532 0.000151554 0.000588648 0.999999821 1.963080049
0.999999225 0.001118888 0.000551444 0.042332191 -0.001118767 0.999999344 -0.000220083 -0.069211803 -0.000551690 0.000219466 0.999999821 2.156728506
0.999999106 0.001318967 0.000236733 0.048010167 -0.001318576 0.999997795 -0.001645296 -0.054081369 -0.000238902 0.001644983 0.999998629 2.386557579
0.999998927 0.001476944 0.000062812 0.057618983 -0.001476857 0.999997973 -0.001360643 -0.062788986 -0.000064821 0.001360548 0.999999106 2.606820345
0.999998450 0.001708627 0.000251283 0.059984319 -0.001708269 0.999997556 -0.001416832 -0.070334688 -0.000253703 0.001416400 0.999998927 2.829646111
0.999998987 0.001457518 -0.000160857 0.069256559 -0.001457701 0.999998331 -0.001142599 -0.078471497 0.000159192 0.001142832 0.999999344 3.064294577
0.999999106 0.001328284 -0.000188953 0.071122900 -0.001328583 0.999997854 -0.001590945 -0.080776200 0.000186840 0.001591195 0.999998748 3.303966522
0.999999285 0.001185796 -0.000102307 0.077986576 -0.001185922 0.999998510 -0.001233772 -0.091001406 0.000100844 0.001233893 0.999999225 3.539530039
0.999999702 0.000797690 -0.000285101 0.081216685 -0.000798158 0.999998331 -0.001646435 -0.091504499 0.000283787 0.001646662 0.999998569 3.803760529
0.999999344 0.001122115 -0.000068878 0.085914180 -0.001122226 0.999998033 -0.001629773 -0.101797856 0.000067049 0.001629849 0.999998629 4.064006329
0.999998569 0.001696582 0.000073002 0.089254797 -0.001696500 0.999997914 -0.001113793 -0.109756336 -0.000074892 0.001113667 0.999999404 4.311406612
0.999998927 0.001481712 0.000087770 0.096310139 -0.001481578 0.999997795 -0.001502993 -0.113027669 -0.000089997 0.001502862 0.999998927 4.568975449
0.999998689 0.001627848 0.000138499 0.099966839 -0.001627661 0.999997735 -0.001343927 -0.123014286 -0.000140686 0.001343700 0.999999166 4.823302746
0.999998808 0.001524570 -0.000110556 0.105964683 -0.001524687 0.999998212 -0.001063661 -0.133067757 0.000108934 0.001063828 0.999999464 5.086306095
0.999998808 0.001537263 0.000112414 0.111323282 -0.001537099 0.999997795 -0.001449189 -0.138180450 -0.000114642 0.001449014 0.999998927 5.342622280
0.999999285 0.001151499 -0.000077239 0.118650980 -0.001151628 0.999997973 -0.001704129 -0.142086908 0.000075277 0.001704217 0.999998510 5.615920067
0.999998927 0.001457280 0.000063014 0.124046691 -0.001457195 0.999998093 -0.001320211 -0.153414384 -0.000064937 0.001320118 0.999999046 5.882946968
0.999999106 0.001324877 -0.000110076 0.133504033 -0.001325008 0.999998391 -0.001199598 -0.163391337 0.000108486 0.001199743 0.999999225 6.159636974
0.999998808 0.001536390 0.000098610 0.134685293 -0.001536282 0.999998152 -0.001084180 -0.174356312 -0.000100276 0.001084028 0.999999344 6.425337791
0.999998987 0.001389387 0.000154282 0.136146799 -0.001389198 0.999998271 -0.001218337 -0.180901140 -0.000155974 0.001218121 0.999999166 6.719148636
0.999998510 0.001694338 0.000272596 0.148953274 -0.001694030 0.999997914 -0.001122946 -0.192074031 -0.000274498 0.001122482 0.999999344 7.006879330
0.999999225 0.001256007 0.000030702 0.157603949 -0.001255982 0.999998927 -0.000801338 -0.200814754 -0.000031709 0.000801299 0.999999702 7.308763504
0.999998450 0.001683519 0.000489839 0.158979863 -0.001682864 0.999997675 -0.001334956 -0.207384065 -0.000492085 0.001334129 0.999999046 7.625831604
0.999998808 0.001534534 0.000246195 0.163894087 -0.001534294 0.999998331 -0.000973765 -0.225307673 -0.000247689 0.000973386 0.999999523 7.928365231
0.999998987 0.001369634 0.000283645 0.169824302 -0.001369364 0.999998510 -0.000949301 -0.230174690 -0.000284945 0.000948911 0.999999523 8.255883217
0.999998510 0.001708887 0.000550908 0.175769627 -0.001708068 0.999997437 -0.001483540 -0.239273101 -0.000553441 0.001482596 0.999998748 8.583437920
0.999998093 0.001771804 0.000708423 0.176758751 -0.001771026 0.999997854 -0.001096459 -0.248393551 -0.000710365 0.001095203 0.999999166 8.918023109
0.999997914 0.001873758 0.000821605 0.184822768 -0.001872944 0.999997795 -0.000991531 -0.262697399 -0.000823461 0.000989990 0.999999225 9.251791000
0.999997735 0.001985561 0.000827788 0.190446109 -0.001984848 0.999997675 -0.000860848 -0.274163216 -0.000829496 0.000859203 0.999999285 9.599726677
0.999998629 0.001601330 0.000434968 0.200889826 -0.001601041 0.999998510 -0.000664647 -0.283497691 -0.000436031 0.000663950 0.999999702 9.934967995
0.999998808 0.001561585 0.000115184 0.212326810 -0.001561511 0.999998569 -0.000641443 -0.294248849 -0.000116185 0.000641262 0.999999881 10.288995743
0.999998450 0.001685018 0.000504882 0.220118895 -0.001684689 0.999998391 -0.000651437 -0.306283712 -0.000505979 0.000650586 0.999999702 10.644261360
0.999998987 0.001343943 0.000499852 0.221956730 -0.001343587 0.999998868 -0.000710863 -0.313673556 -0.000500807 0.000710190 0.999999642 11.014039993
0.999998689 0.001575893 0.000333293 0.230816275 -0.001575545 0.999998271 -0.001040301 -0.324214488 -0.000334932 0.001039775 0.999999404 11.387470245
0.999998808 0.001297144 0.000739731 0.235509172 -0.001296814 0.999999046 -0.000446943 -0.339627028 -0.000740310 0.000445983 0.999999583 11.765503883
0.999998212 0.001718166 0.000782153 0.241483435 -0.001717575 0.999998212 -0.000756105 -0.348836482 -0.000783451 0.000754760 0.999999404 12.154048920
0.999998033 0.001725143 0.000973381 0.248171225 -0.001724364 0.999998152 -0.000800957 -0.362908036 -0.000974761 0.000799277 0.999999166 12.547755241
0.999998212 0.001540424 0.001039895 0.255074024 -0.001539949 0.999998689 -0.000456818 -0.374012798 -0.001040596 0.000455216 0.999999285 12.937522888
0.999998033 0.001662072 0.001112590 0.264601290 -0.001661490 0.999998450 -0.000523481 -0.386115521 -0.001113458 0.000521631 0.999999166 13.334774017
0.999998271 0.001389027 0.001180616 0.273102582 -0.001388490 0.999998927 -0.000456281 -0.396488041 -0.001181249 0.000454641 0.999999166 13.748187065
0.999998331 0.001305738 0.001226983 0.278278142 -0.001305172 0.999999046 -0.000462030 -0.407647938 -0.001227585 0.000460428 0.999999166 14.166527748
0.999998212 0.001120160 0.001536530 0.291234314 -0.001119429 0.999999225 -0.000476617 -0.422438473 -0.001537063 0.000474896 0.999998629 14.586892128
0.999997675 0.001357160 0.001673621 0.301846385 -0.001355978 0.999998868 -0.000706704 -0.431936353 -0.001674578 0.000704433 0.999998331 15.016168594
0.999997079 0.001341510 0.002011496 0.313030481 -0.001340767 0.999999046 -0.000370408 -0.446990281 -0.002011992 0.000367710 0.999997914 15.446495056
0.999996543 0.001240380 0.002298411 0.323585808 -0.001239334 0.999999106 -0.000456209 -0.459465772 -0.002298976 0.000453359 0.999997199 15.886315346
0.999996960 0.001129207 0.002242468 0.337652683 -0.001128397 0.999999404 -0.000362346 -0.472658008 -0.002242876 0.000359815 0.999997437 16.329607010
0.999995768 0.001119997 0.002679313 0.345755935 -0.001118562 0.999999166 -0.000536980 -0.484825611 -0.002679913 0.000533981 0.999996245 16.775957108
0.999994397 0.001447474 0.003014158 0.356358916 -0.001446037 0.999998868 -0.000479018 -0.500108719 -0.003014849 0.000474657 0.999995351 17.232933044
0.999992967 0.001514227 0.003437845 0.360745281 -0.001513180 0.999998808 -0.000307067 -0.510579824 -0.003438306 0.000301862 0.999994040 17.697595596
0.999990642 0.001398545 0.004115931 0.372643411 -0.001398189 0.999999046 -0.000089488 -0.524430275 -0.004116051 0.000083732 0.999991536 18.152532578
0.999991894 0.001390892 0.003784486 0.392014384 -0.001390694 0.999998987 -0.000054964 -0.534024179 -0.003784558 0.000049700 0.999992847 18.622699738
0.999988914 0.001949548 0.004290054 0.392871141 -0.001946355 0.999997854 -0.000748403 -0.545580804 -0.004291504 0.000740045 0.999990523 19.115480423
0.999986768 0.002352288 0.004569817 0.409426630 -0.002346674 0.999996543 -0.001233520 -0.556388199 -0.004572703 0.001222780 0.999988854 19.591279984
0.999987602 0.002027882 0.004535097 0.414541662 -0.002023949 0.999997497 -0.000871645 -0.569641948 -0.004536854 0.000862455 0.999989390 20.083450317
0.999991775 0.001528814 0.003794241 0.430037946 -0.001526305 0.999998748 -0.000663902 -0.589955389 -0.003795251 0.000658105 0.999992609 20.574823380
0.999991059 0.002076529 0.003692696 0.437953025 -0.002073677 0.999997616 -0.000776031 -0.598403394 -0.003694298 0.000768367 0.999992907 21.077058792
0.999995172 0.000935802 0.002955523 0.453054130 -0.000934130 0.999999404 -0.000566938 -0.610168636 -0.002956051 0.000564174 0.999995530 21.582923889
0.999994099 0.001507888 0.003090521 0.448656321 -0.001507404 0.999998868 -0.000159033 -0.636196315 -0.003090757 0.000154373 0.999995232 22.071941376
0.999994338 0.001602445 0.002972412 0.458742946 -0.001601514 0.999998748 -0.000315396 -0.646545589 -0.002972914 0.000310634 0.999995589 22.589582443
0.999995351 0.001949467 0.002340527 0.466312051 -0.001948205 0.999997973 -0.000541146 -0.661321878 -0.002341578 0.000536584 0.999997139 23.099937439
0.999997616 0.001545800 0.001490626 0.483472496 -0.001545263 0.999998748 -0.000361666 -0.681822836 -0.001491184 0.000359361 0.999998868 23.617378235
0.999998450 0.000918737 0.001489902 0.481661648 -0.000916962 0.999998868 -0.001192074 -0.690238535 -0.001490996 0.001190706 0.999998093 24.151323318
0.999998510 0.001522692 0.000831143 0.491963029 -0.001522260 0.999998748 -0.000519810 -0.708296955 -0.000831933 0.000518544 0.999999464 24.677055359
0.999996603 0.002591255 0.000301802 0.502031088 -0.002591072 0.999996483 -0.000603217 -0.723363936 -0.000303362 0.000602433 0.999999702 25.218078613
0.999996841 0.002527028 -0.000130172 0.509021461 -0.002527173 0.999996245 -0.001130345 -0.733260393 0.000127316 0.001130670 0.999999285 25.764019012
0.999997795 0.002113936 0.000041915 0.516325772 -0.002113920 0.999997735 -0.000369019 -0.754556954 -0.000042695 0.000368930 0.999999940 26.310619354
0.999997795 0.001894312 -0.001012670 0.526852429 -0.001894632 0.999998093 -0.000313942 -0.767691910 0.001012073 0.000315860 0.999999404 26.843574524
0.999997318 0.002099205 -0.000876286 0.532180846 -0.002099119 0.999997795 0.000099257 -0.789168298 0.000876493 -0.000097417 0.999999583 27.386884689
0.999993324 0.003597358 -0.000651243 0.537903070 -0.003597647 0.999993384 -0.000442936 -0.802238643 0.000649645 0.000445276 0.999999702 27.945808411
0.999994755 0.002608320 -0.001914350 0.542923570 -0.002608943 0.999996483 -0.000323481 -0.811986089 0.001913500 0.000328473 0.999998093 28.493812561
0.999994040 0.002746929 -0.002068571 0.552491903 -0.002747190 0.999996185 -0.000123180 -0.830647051 0.002068225 0.000128862 0.999997854 29.029863358
0.999993086 0.002378005 -0.002833557 0.565842509 -0.002378239 0.999997139 -0.000079121 -0.844701409 0.002833361 0.000085860 0.999995947 29.580139160
0.999991238 0.003229385 -0.002657678 0.566918135 -0.003228280 0.999994695 0.000419659 -0.868027151 0.002659019 -0.000411075 0.999996364 30.113164902
0.999989212 0.003410184 -0.003146608 0.580689430 -0.003409044 0.999994099 0.000367556 -0.883457482 0.003147843 -0.000356825 0.999994993 30.661678314
0.999988019 0.003542754 -0.003370216 0.589515150 -0.003541785 0.999993682 0.000293441 -0.901382744 0.003371234 -0.000281500 0.999994278 31.219747543
0.999987841 0.003418637 -0.003545947 0.599985242 -0.003417477 0.999994040 0.000333197 -0.915862978 0.003547065 -0.000321075 0.999993682 31.767030716
0.999989808 0.002805314 -0.003535476 0.612017930 -0.002803593 0.999995947 0.000491552 -0.934089303 0.003536840 -0.000481635 0.999993682 32.311458588
0.999988198 0.003276393 -0.003581361 0.620339513 -0.003272848 0.999994099 0.000995275 -0.950674415 0.003584601 -0.000983542 0.999993086 32.862941742
0.999986112 0.003296142 -0.004106409 0.622158885 -0.003295763 0.999994695 0.000098935 -0.955106735 0.004106713 -0.000085399 0.999991477 33.399826050
0.999973059 0.003120525 -0.006647924 0.644444764 -0.003121422 0.999995172 -0.000124445 -0.970430970 0.006647504 0.000145193 0.999977827 33.945446014
0.999978662 0.002278965 -0.006118294 0.652870238 -0.002279156 0.999997437 -0.000024057 -0.985258639 0.006118224 0.000038001 0.999981284 34.485134125
0.999986053 0.003373420 -0.004062295 0.638825536 -0.003373054 0.999994397 0.000096882 -0.999809086 0.004062599 -0.000083178 0.999991715 35.041175842
0.999987543 0.003372325 -0.003679868 0.647363782 -0.003372791 0.999994278 -0.000120355 -1.012457490 0.003679441 0.000132764 0.999993205 35.591381073
0.999985754 0.003350633 -0.004134814 0.652496517 -0.003350555 0.999994397 0.000025804 -1.028261542 0.004134876 -0.000011949 0.999991477 36.129856110
0.999987125 0.003432989 -0.003724613 0.656194985 -0.003434507 0.999994040 -0.000401033 -1.038211942 0.003723214 0.000413820 0.999993026 36.687007904
0.999986053 0.003322450 -0.004133179 0.664473772 -0.003320596 0.999994338 0.000455635 -1.065067530 0.004134670 -0.000441904 0.999991357 37.226200104
0.999984562 0.004101319 -0.003760552 0.670921445 -0.004100979 0.999991596 0.000098176 -1.078727841 0.003760923 -0.000082752 0.999992907 37.775783539
0.999988794 0.003501061 -0.003195326 0.663296819 -0.003502958 0.999993622 -0.000587936 -1.086892366 0.003193247 0.000599122 0.999994755 38.337005615
0.999983311 0.003903316 -0.004264740 0.684368968 -0.003901678 0.999992311 0.000392100 -1.110380054 0.004266238 -0.000375454 0.999990821 38.874748230
0.999983013 0.003754697 -0.004477443 0.694827318 -0.003752425 0.999992847 0.000515550 -1.130112886 0.004479347 -0.000498740 0.999989808 39.413516998
0.999981165 0.003725427 -0.004885848 0.715999007 -0.003720985 0.999992669 0.000917866 -1.147269011 0.004889232 -0.000899669 0.999987602 39.943099976
0.999981344 0.003997956 -0.004627812 0.724356651 -0.003991859 0.999991179 0.001325800 -1.168003321 0.004633070 -0.001307302 0.999988437 40.507843018
0.999981999 0.003901363 -0.004552883 0.717973113 -0.003905138 0.999992013 -0.000820737 -1.151105762 0.004549644 0.000838502 0.999989271 41.076343536
0.999982178 0.004157440 -0.004285488 0.729891896 -0.004156841 0.999991298 0.000148630 -1.172033548 0.004286068 -0.000130814 0.999990821 41.617866516
0.999979317 0.004824766 -0.004256471 0.742164612 -0.004826809 0.999988258 -0.000469775 -1.190319896 0.004254154 0.000490311 0.999990761 42.161628723
0.999977708 0.005188661 -0.004202045 0.752307057 -0.005193749 0.999985814 -0.001200646 -1.190160871 0.004195755 0.001222443 0.999990463 42.710582733
0.999976456 0.005160985 -0.004514765 0.739141464 -0.005164106 0.999986410 -0.000680404 -1.205257058 0.004511192 0.000703703 0.999989510 43.267997742
0.999978125 0.005068735 -0.004246974 0.749300420 -0.005071779 0.999986887 -0.000706223 -1.226697803 0.004243338 0.000727747 0.999990702 43.809020996
0.999981463 0.004943727 -0.003566069 0.758311152 -0.004946493 0.999987423 -0.000767198 -1.239337802 0.003562231 0.000784824 0.999993324 44.358879089
0.999978781 0.004880654 -0.004294965 0.754956424 -0.004882730 0.999987900 -0.000473057 -1.258710980 0.004292605 0.000494018 0.999990642 44.913032532
0.999979854 0.005304462 -0.003471321 0.762899280 -0.005309249 0.999984920 -0.001371304 -1.268637776 0.003463995 0.001389707 0.999992967 45.460071564
0.999978364 0.005269307 -0.003963818 0.771746993 -0.005271699 0.999985874 -0.000593182 -1.284498572 0.003960638 0.000614065 0.999991894 46.020992279
0.999980152 0.005144915 -0.003634761 0.780115187 -0.005148531 0.999986291 -0.000986256 -1.302815676 0.003629636 0.001004950 0.999992907 46.566581726
0.999979079 0.005390721 -0.003574646 0.796693563 -0.005395480 0.999984562 -0.001323021 -1.317634940 0.003567458 0.001342280 0.999992728 47.095848083
0.999981403 0.004690632 -0.003898508 0.785488665 -0.004693120 0.999988794 -0.000629657 -1.329684496 0.003895511 0.000647941 0.999992192 47.650413513
0.999978900 0.005333707 -0.003709201 0.794583857 -0.005335641 0.999985635 -0.000511546 -1.347651958 0.003706420 0.000531326 0.999993026 48.201492310
0.999981344 0.004969258 -0.003544648 0.804238021 -0.004971892 0.999987423 -0.000734568 -1.361954570 0.003540952 0.000752178 0.999993443 48.743041992
0.999979198 0.005239360 -0.003753259 0.805984318 -0.005241019 0.999986172 -0.000432463 -1.379099488 0.003750940 0.000452125 0.999992788 49.281684875
0.999980927 0.005404077 -0.002999406 0.814494491 -0.005406740 0.999984980 -0.000880742 -1.391743541 0.002994601 0.000896942 0.999995053 49.833614349
0.999980271 0.005651130 -0.002763195 0.822901785 -0.005653268 0.999983788 -0.000766179 -1.404762745 0.002758820 0.000781785 0.999995828 50.384330750
0.999979258 0.005460191 -0.003406015 0.822997928 -0.005462461 0.999984801 -0.000658019 -1.424372673 0.003402370 0.000676610 0.999993980 50.924160004
0.999980927 0.005470529 -0.002856780 0.830214679 -0.005473006 0.999984622 -0.000859938 -1.438376904 0.002852031 0.000875556 0.999995589 51.477134705
0.999978960 0.005755131 -0.003016517 0.846578836 -0.005757321 0.999983132 -0.000717887 -1.456572533 0.003012335 0.000735239 0.999995232 52.014366150
0.999979198 0.005347302 -0.003583777 0.855001032 -0.005350159 0.999985337 -0.000787920 -1.472626090 0.003579512 0.000807077 0.999993265 52.550823212
0.999982476 0.005313259 -0.002608625 0.856811404 -0.005315486 0.999985516 -0.000847423 -1.484540224 0.002604085 0.000861275 0.999996245 53.098350525
0.999980271 0.005275667 -0.003399642 0.865918040 -0.005277991 0.999985754 -0.000675083 -1.504149318 0.003396032 0.000693013 0.999993980 53.653339386
0.999981821 0.005444949 -0.002583970 0.874557436 -0.005447372 0.999984682 -0.000930947 -1.517894626 0.002578861 0.000945006 0.999996245 54.201850891
0.999978364 0.005740189 -0.003209369 0.879578054 -0.005742432 0.999983191 -0.000689911 -1.532778740 0.003205353 0.000708326 0.999994636 54.733467102
0.999980330 0.005753320 -0.002486316 0.878921092 -0.005756582 0.999982536 -0.001306697 -1.545482755 0.002478756 0.001320984 0.999996066 55.290332794
0.999977410 0.005905608 -0.003182831 0.897935271 -0.005906628 0.999982476 -0.000311356 -1.570016623 0.003180937 0.000330149 0.999994814 55.818843842
0.999979317 0.005474070 -0.003354661 0.903448403 -0.005476217 0.999984741 -0.000631174 -1.582108974 0.003351153 0.000649532 0.999994099 56.368877411
0.999978423 0.005890973 -0.002886282 0.921590805 -0.005891495 0.999982655 -0.000172237 -1.606825829 0.002885216 0.000189238 0.999995768 56.895114899
0.999977767 0.005882669 -0.003103525 0.925341666 -0.005884881 0.999982357 -0.000704050 -1.613433957 0.003099329 0.000722299 0.999994934 57.463100433
0.999972522 0.006727051 -0.003092451 0.931335628 -0.006728449 0.999977231 -0.000442136 -1.635300636 0.003089406 0.000462932 0.999995172 58.006587982
0.999976754 0.006261038 -0.002692454 0.936738908 -0.006263490 0.999979913 -0.000903518 -1.644895434 0.002686747 0.000920361 0.999995887 58.531467438
0.999976218 0.006710462 -0.001615385 0.936241388 -0.006712178 0.999976933 -0.001060171 -1.657803655 0.001608233 0.001070989 0.999998093 59.079269409
0.999977946 0.006549463 -0.001092959 0.941580534 -0.006551342 0.999976993 -0.001724615 -1.671351314 0.001081640 0.001731738 0.999997914 59.612873077
0.999975741 0.006426574 -0.002671823 0.958068192 -0.006429357 0.999978781 -0.001034052 -1.685181618 0.002665121 0.001051205 0.999995887 60.161682129
0.999972641 0.007079861 -0.002150758 0.961413562 -0.007081515 0.999974668 -0.000762302 -1.700498939 0.002145306 0.000777512 0.999997377 60.718284607
0.999974549 0.006754863 -0.002286765 0.972299814 -0.006757199 0.999976635 -0.001016313 -1.716196656 0.002279848 0.001031739 0.999996781 61.241954803
0.999974668 0.006988323 -0.001344500 0.977194607 -0.006989811 0.999974966 -0.001105716 -1.729647517 0.001336741 0.001115086 0.999998450 61.787170410
0.999973059 0.007218910 -0.001298073 0.990616977 -0.007220815 0.999972761 -0.001469622 -1.743856430 0.001287430 0.001478956 0.999998033 62.337062836
0.999969780 0.007461607 -0.002158730 1.006374717 -0.007463669 0.999971628 -0.000948680 -1.766515374 0.002151590 0.000964764 0.999997199 62.869247437
0.999971747 0.007303837 -0.001783045 1.009481907 -0.007305623 0.999972761 -0.000996843 -1.779004216 0.001775714 0.001009841 0.999997914 63.417522430
0.999969304 0.007673857 -0.001537350 1.016037941 -0.007675052 0.999970198 -0.000772231 -1.801102996 0.001531378 0.000784006 0.999998510 63.962921143
0.999969244 0.007602351 -0.001900009 1.027711630 -0.007603860 0.999970794 -0.000789236 -1.814943671 0.001893954 0.000803659 0.999997795 64.496643066
0.999967396 0.007853582 -0.001855486 1.042100310 -0.007855085 0.999968827 -0.000804322 -1.830475450 0.001849113 0.000818871 0.999997854 65.032203674
0.999967396 0.007905117 -0.001613206 1.057539463 -0.007906569 0.999968350 -0.000896189 -1.845386147 0.001606072 0.000908915 0.999998271 65.597259521
0.999970496 0.007496709 -0.001685912 1.055623770 -0.007497308 0.999971747 -0.000349239 -1.867900610 0.001683248 0.000361869 0.999998510 66.110466003
0.999970675 0.007569373 -0.001208931 1.063055515 -0.007570098 0.999971151 -0.000596469 -1.879471540 0.001204382 0.000605603 0.999999106 66.660522461
0.999967754 0.007989055 -0.000885842 1.074111104 -0.007989334 0.999967992 -0.000312658 -1.901138544 0.000883316 0.000319725 0.999999523 67.212661743
0.999964833 0.008186479 -0.001825202 1.088257194 -0.008186051 0.999966383 0.000243322 -1.923104405 0.001827135 -0.000228372 0.999998331 67.722969055
0.999966204 0.008097554 -0.001387149 1.100819111 -0.008096808 0.999967039 0.000542235 -1.943636894 0.001391495 -0.000530985 0.999998927 68.249824524
0.999960601 0.008822924 -0.000937314 1.108920455 -0.008822695 0.999961019 0.000248192 -1.958011746 0.000939468 -0.000239913 0.999999583 68.801696777
0.999962866 0.008517284 -0.001202847 1.101301432 -0.008516873 0.999963760 0.000348311 -1.974324584 0.001205769 -0.000338054 0.999999225 69.339851379
0.999964476 0.008419259 -0.000376579 1.110256195 -0.008419290 0.999964476 -0.000077087 -1.982982516 0.000375917 0.000080254 0.999999881 69.893318176
0.999964297 0.008438911 0.000249782 1.120914817 -0.008439132 0.999963999 0.000887232 -2.008918285 -0.000242286 -0.000889309 0.999999583 70.436775208
0.999964297 0.008389633 -0.000921052 1.121040344 -0.008389763 0.999964714 -0.000136805 -2.011740446 0.000919872 0.000144527 0.999999583 70.963439941
0.999966145 0.008193987 -0.000795888 1.139169097 -0.008194268 0.999966323 -0.000347894 -2.029893398 0.000793011 0.000354404 0.999999583 71.508567810
0.999960780 0.008844775 -0.000354379 1.140824437 -0.008844942 0.999960661 -0.000471528 -2.042063713 0.000350195 0.000474644 0.999999821 72.049789429
0.999960542 0.008842086 -0.000826945 1.150705695 -0.008842343 0.999960840 -0.000307835 -2.058644533 0.000824191 0.000315135 0.999999583 72.573524475
0.999965191 0.008342070 -0.000113641 1.159756422 -0.008342125 0.999965072 -0.000495422 -2.076679230 0.000109504 0.000496353 0.999999821 73.117980957
0.999966264 0.008212166 0.000017711 1.167547584 -0.008212152 0.999965966 -0.000681706 -2.091169834 -0.000023308 0.000681537 0.999999762 73.669555664
0.999963760 0.008446228 -0.001050085 1.182809353 -0.008446390 0.999964297 -0.000148834 -2.104813337 0.001048790 0.000157699 0.999999464 74.176116943
0.999962509 0.008576431 -0.001156553 1.195923448 -0.008576401 0.999963164 0.000031967 -2.119565964 0.001156783 -0.000022047 0.999999344 74.717117310
0.999958992 0.008989534 -0.001038475 1.204125881 -0.008989203 0.999959588 0.000323775 -2.139070272 0.001041343 -0.000314426 0.999999404 75.256813049
0.999963701 0.008457041 -0.001023585 1.214857101 -0.008457157 0.999964237 -0.000106381 -2.149940491 0.001022649 0.000115034 0.999999404 75.797393799
0.999958575 0.009003737 -0.001368497 1.227556944 -0.009002636 0.999959230 0.000807605 -2.179239511 0.001375712 -0.000795252 0.999998748 76.326911926
0.999965012 0.008349932 -0.000434148 1.239120007 -0.008349922 0.999965131 0.000022250 -2.187215567 0.000434318 -0.000018624 0.999999821 76.886795044
0.999963820 0.008444555 -0.001031077 1.244762897 -0.008445051 0.999964237 -0.000475590 -2.191590548 0.001027026 0.000484280 0.999999344 77.406486511
0.999961674 0.008708763 -0.000975862 1.257398963 -0.008708434 0.999962091 0.000341719 -2.219641685 0.000978802 -0.000333208 0.999999404 77.937271118
0.999961436 0.008769079 -0.000251407 1.262740970 -0.008769165 0.999961495 -0.000329388 -2.227953196 0.000248508 0.000331580 0.999999940 78.495635986
0.999963522 0.008452281 -0.001192277 1.275498390 -0.008452375 0.999964297 -0.000074810 -2.241417646 0.001191600 0.000084884 0.999999225 79.006423950
0.999959886 0.008921580 -0.000802543 1.281464219 -0.008921805 0.999960184 -0.000275995 -2.255779505 0.000800047 0.000283144 0.999999702 79.552635193
0.999962926 0.008548030 -0.000995149 1.291939974 -0.008548477 0.999963343 -0.000445349 -2.268314600 0.000991305 0.000453839 0.999999404 80.095397949
0.999963939 0.008486255 -0.000004131 1.304911733 -0.008486252 0.999963939 -0.000240953 -2.282856941 0.000002086 0.000240980 1.000000000 80.638702393
0.999959528 0.008874464 0.001426693 1.315004349 -0.008874332 0.999960601 -0.000096731 -2.299220562 -0.001427498 0.000084066 0.999999046 81.187973022
0.999955595 0.009124075 0.002397192 1.329448342 -0.009123478 0.999958336 -0.000261038 -2.317742825 -0.002399472 0.000239155 0.999997020 81.703804016
0.999955535 0.008404003 0.004286680 1.341138959 -0.008400263 0.999964237 -0.000889899 -2.324332476 -0.004294005 0.000853850 0.999990404 82.254760742
0.999931931 0.009413413 0.006884421 1.359760761 -0.009411056 0.999955595 -0.000374612 -2.343929529 -0.006887638 0.000309797 0.999976218 82.784194946
0.999911070 0.008623056 0.010167756 1.384238005 -0.008617246 0.999962687 -0.000615072 -2.357249260 -0.010172677 0.000527399 0.999948084 83.320205688
0.999856353 0.009853507 0.013793120 1.398589253 -0.009847724 0.999951363 -0.000487120 -2.366485357 -0.013797250 0.000351219 0.999904692 83.846755981
0.999786317 0.009379665 0.018420234 1.425228715 -0.009377799 0.999955952 -0.000187771 -2.395203590 -0.018421184 0.000014989 0.999830246 84.410705566
0.999633014 0.009067969 0.025524881 1.444435477 -0.009064162 0.999958873 -0.000264834 -2.408123970 -0.025526229 0.000033375 0.999674201 84.974044800
0.999499440 0.009490473 0.030179705 1.481880784 -0.009520527 0.999954343 0.000852227 -2.436057329 -0.030170236 -0.001139127 0.999544084 85.485832214
0.999320686 0.008496767 0.035859622 1.510156512 -0.008480042 0.999963880 -0.000618527 -2.434216499 -0.035863575 0.000314016 0.999356627 86.056221008
0.998971462 0.008940399 0.044453084 1.543534517 -0.008932611 0.999960005 -0.000373847 -2.450329065 -0.044454657 -0.000023620 0.999011338 86.616928101
0.998582363 0.008174441 0.052596249 1.601726294 -0.008191214 0.999966502 0.000103331 -2.476838589 -0.052593630 -0.000534012 0.998615861 87.133743286
0.998216212 0.009094385 0.059004825 1.649023056 -0.009080088 0.999958575 -0.000510431 -2.487584114 -0.059007037 -0.000026249 0.998257577 87.667655945
0.997652769 0.008651237 0.067927323 1.703954220 -0.008603465 0.999962449 -0.000995786 -2.498363018 -0.067933381 0.000409038 0.997689784 88.220397949
0.996887922 0.008826934 0.078335360 1.774152756 -0.008809850 0.999960959 -0.000563676 -2.523783207 -0.078337282 -0.000128201 0.996926904 88.734283447
0.996185839 0.008938572 0.086798094 1.833828926 -0.008906486 0.999960065 -0.000756953 -2.535517931 -0.086801372 -0.000019000 0.996225655 89.300376892
0.995466411 0.008474343 0.094736025 1.905255318 -0.008413278 0.999964058 -0.001043995 -2.550479650 -0.094741456 0.000242221 0.995501876 89.847839355
0.994340003 0.008528298 0.105901502 1.984007835 -0.008514068 0.999963522 -0.000586477 -2.571184397 -0.105902642 -0.000318495 0.994376481 90.368873596
0.993154526 0.008547468 0.116494805 2.050071716 -0.008503856 0.999963462 -0.000871381 -2.583265305 -0.116497986 -0.000125240 0.993190944 90.939002991
0.992113948 0.007863507 0.125092611 2.143150330 -0.007761481 0.999969006 -0.001302941 -2.595349789 -0.125099003 0.000321762 0.992144227 91.481124878
0.990591526 0.008106980 0.136611864 2.234663963 -0.008060686 0.999967098 -0.000892080 -2.612187624 -0.136614591 -0.000217499 0.990624249 92.011451721
0.988891721 0.007277603 0.148459062 2.336622238 -0.007214020 0.999973536 -0.000966743 -2.630513191 -0.148462191 -0.000114983 0.988918066 92.544013977
0.987160802 0.007850296 0.159536511 2.438982010 -0.007854560 0.999969006 -0.000603859 -2.652614355 -0.159536302 -0.000656983 0.987191856 93.084724426
0.985377967 0.007743071 0.170206651 2.548120499 -0.007778742 0.999969661 -0.000457298 -2.667656183 -0.170205057 -0.000873382 0.985408247 93.627639771
0.983121395 0.006709233 0.182830900 2.664517403 -0.006693135 0.999977291 -0.000705115 -2.682659864 -0.182831481 -0.000530498 0.983144104 94.152893066
0.980700672 0.005883702 0.195426032 2.793483734 -0.005737629 0.999982655 -0.001313559 -2.691990614 -0.195430368 0.000166927 0.980717540 94.697052002
0.978571355 0.006616380 0.205801532 2.920982361 -0.006628233 0.999977827 -0.000631832 -2.714704514 -0.205801189 -0.000745808 0.978593469 95.238082886
0.975789487 0.006350793 0.218619332 3.066316605 -0.006283791 0.999979734 -0.001001765 -2.728054047 -0.218621254 -0.000396246 0.975809693 95.765548706
0.972572029 0.005829225 0.232528850 3.211029053 -0.005758693 0.999982893 -0.000982164 -2.743402243 -0.232530624 -0.000383837 0.972589016 96.284637451
0.969930470 0.005691715 0.243315578 3.361181259 -0.005600921 0.999983728 -0.001064948 -2.755695105 -0.243317679 -0.000329866 0.969946504 96.772369385
0.966730058 0.005179669 0.255745977 3.495332718 -0.005177112 0.999986291 -0.000683204 -2.782924175 -0.255746007 -0.000663552 0.966743767 97.329605103
0.962996423 0.005132723 0.269465148 3.666690826 -0.005158100 0.999986470 -0.000613887 -2.800923347 -0.269464672 -0.000798757 0.963009894 97.848320007
0.959310591 0.005187118 0.282305300 3.841903687 -0.005170669 0.999986291 -0.000803279 -2.808277845 -0.282305628 -0.000689114 0.959324241 98.380043030
0.956076801 0.004407949 0.293083042 4.015218735 -0.004321062 0.999990165 -0.000943897 -2.828875065 -0.293084294 -0.000363991 0.956086516 98.896553040
0.951857209 0.004085226 0.306514382 4.203760147 -0.003978593 0.999991596 -0.000972676 -2.843774557 -0.306515753 -0.000293647 0.951865554 99.399147034
0.947193921 0.004008921 0.320636243 4.398721695 -0.003941141 0.999991894 -0.000860368 -2.858906507 -0.320637047 -0.000448737 0.947202027 99.915145874
0.943276167 0.003171265 0.331994265 4.595085144 -0.003057291 0.999994934 -0.000865615 -2.872472286 -0.331995338 -0.000198489 0.943280935 100.428398132
0.938820660 0.003384659 0.344389796 4.809093475 -0.003346020 0.999994159 -0.000706542 -2.898028851 -0.344390213 -0.000489019 0.938826442 100.925025940
0.933410406 0.002736998 0.358800054 5.020036697 -0.002786118 0.999995947 -0.000380144 -2.916420698 -0.358799696 -0.000644829 0.933414280 101.418319702
0.928500712 0.002656268 0.371321112 5.245325089 -0.002676941 0.999996305 -0.000459758 -2.928067684 -0.371320963 -0.000567118 0.928504407 101.950004578
0.923857272 0.001221447 0.382735431 5.482088089 -0.000939019 0.999999166 -0.000924732 -2.937933445 -0.382736206 0.000494924 0.923857510 102.454010010
0.918096006 0.000609283 0.396357626 5.719047546 -0.000396737 0.999999762 -0.000618230 -2.963359118 -0.396357864 0.000410344 0.918096006 102.907989502
0.911987603 0.001227186 0.410215914 5.958507538 -0.001017411 0.999999225 -0.000729660 -2.973692179 -0.410216480 0.000248082 0.911988139 103.435478210
0.906890512 0.000562043 0.421365827 6.208560944 -0.000287965 0.999999642 -0.000714083 -2.992310047 -0.421366036 0.000526256 0.906890512 103.915924072
0.900979400 0.000329814 0.433861792 6.475872040 0.000075456 0.999999583 -0.000916879 -3.007184982 -0.433861911 0.000858827 0.900978982 104.393798828
0.894019663 0.000218988 0.448027611 6.729087830 0.000013675 0.999999881 -0.000516071 -3.030453444 -0.448027611 0.000467504 0.894019604 104.864356995
0.888142705 -0.000581244 0.459567338 7.003147125 0.000647382 0.999999821 0.000013657 -3.050276518 -0.459567219 0.000285386 0.888142884 105.343414307
0.882311463 -0.000350725 0.470665902 7.272407532 0.000269856 0.999999940 0.000239295 -3.061091900 -0.470665962 -0.000084120 0.882311523 105.828773499
0.875104427 -0.001474033 0.483931720 7.563549042 0.001832355 0.999998212 -0.000267542 -3.080033302 -0.483930469 0.001120862 0.875105739 106.295242310
