1.000000000 0.000000000 0.000000000 0.000000000 0.000000000 1.000000000 0.000000000 0.000000000 0.000000000 0.000000000 1.000000000 0.000000000
1.000000000 0.000114490 0.000033548 -0.000106704 -0.000114490 1.000000000 -0.000000535 0.000410610 -0.000033548 0.000000531 1.000000000 0.000353024
1.000000000 0.000092716 0.000089904 -0.000576219 -0.000092724 1.000000000 0.000084386 -0.000393163 -0.000089896 -0.000084394 1.000000000 0.000386400
1.000000000 0.000002371 0.000054464 -0.000149222 -0.000002369 1.000000000 -0.000032260 0.000567591 -0.000054464 0.000032260 1.000000000 0.000334182
1.000000000 0.000025963 0.000082773 -0.000350421 -0.000025960 1.000000000 -0.000031511 0.000451812 -0.000082773 0.000031508 1.000000000 0.000199639
1.000000000 0.000085227 0.000108249 -0.001139011 -0.000085229 1.000000000 0.000017687 0.000294792 -0.000108247 -0.000017697 1.000000000 -0.000244252
1.000000000 -0.000074698 0.000054640 -0.000407428 0.000074697 1.000000000 0.000024205 -0.000155630 -0.000054641 -0.000024201 1.000000000 0.000139657
1.000000000 0.000041294 0.000049584 -0.000283941 -0.000041298 1.000000000 0.000078723 -0.000261246 -0.000049581 -0.000078725 1.000000000 0.000285936
1.000000000 0.000042173 -0.000016500 -0.000043633 -0.000042174 1.000000000 -0.000078124 0.000071551 0.000016497 0.000078125 1.000000000 -0.000067586
1.000000000 0.000039604 0.000058261 -0.000173392 -0.000039605 1.000000000 0.000025763 -0.000483203 -0.000058260 -0.000025765 1.000000000 0.000201660
1.000000000 0.000130321 0.000089366 -0.000905533 -0.000130327 1.000000000 0.000064070 -0.000340887 -0.000089358 -0.000064082 1.000000000 0.000116579
1.000000000 0.000091103 0.000074643 -0.000175910 -0.000091101 1.000000000 -0.000031618 0.000672894 -0.000074646 0.000031611 1.000000000 0.001039387
1.000000000 0.000132775 0.000053675 -0.000579924 -0.000132772 1.000000000 -0.000070485 0.000024231 -0.000053684 0.000070478 1.000000000 0.000191917
1.000000000 0.000101047 0.000064381 -0.000979751 -0.000101047 1.000000000 -0.000006669 0.000366317 -0.000064381 0.000006663 1.000000000 0.000207940
1.000000000 0.000066864 0.000101372 -0.001742970 -0.000066860 1.000000000 -0.000037292 0.000925667 -0.000101374 0.000037285 1.000000000 0.000382358
1.000000000 0.000101609 0.000031460 -0.000019158 -0.000101608 1.000000000 -0.000032958 0.001255587 -0.000031463 0.000032955 1.000000000 0.001797618
1.000000000 0.000142713 0.000108457 -0.000921925 -0.000142706 1.000000000 -0.000065672 0.001452842 -0.000108466 0.000065657 1.000000000 0.001813513
1.000000000 0.000132737 0.000114593 -0.001466244 -0.000132728 1.000000000 -0.000077111 0.001072369 -0.000114603 0.000077096 1.000000000 0.001151630
0.999999940 0.000217571 0.000156240 -0.002161483 -0.000217560 1.000000000 -0.000070969 0.001925899 -0.000156255 0.000070935 1.000000000 0.001774483
1.000000000 0.000160583 0.000150073 -0.001530771 -0.000160564 1.000000000 -0.000122403 0.001953116 -0.000150093 0.000122379 1.000000000 0.002094798
1.000000000 0.000141439 0.000175707 -0.002090917 -0.000141424 1.000000000 -0.000084191 0.001339954 -0.000175719 0.000084166 1.000000000 0.001857277
1.000000000 0.000172666 0.000131243 -0.001973699 -0.000172660 1.000000000 -0.000041325 0.001585547 -0.000131250 0.000041303 1.000000000 0.001762359
1.000000000 0.000161655 0.000117939 -0.001196936 -0.000161641 1.000000000 -0.000112778 0.002148008 -0.000117958 0.000112759 1.000000000 0.002665952
1.000000000 0.000176606 0.000115811 -0.001624326 -0.000176597 1.000000000 -0.000077040 0.002431535 -0.000115825 0.000077020 1.000000000 0.002914213
0.999999940 0.000329077 0.000110857 -0.001646415 -0.000329070 0.999999940 -0.000065541 0.002205707 -0.000110878 0.000065505 1.000000000 0.002607631
0.999999940 0.000331853 0.000144825 -0.001813178 -0.000331849 0.999999940 -0.000025222 0.001145950 -0.000144834 0.000025174 1.000000000 0.001327555
1.000000000 0.000144679 0.000169570 -0.001766861 -0.000144673 1.000000000 -0.000039645 0.002415995 -0.000169575 0.000039620 1.000000000 0.002173580
0.999999940 0.000223545 0.000171652 -0.001776296 -0.000223546 1.000000000 0.000008299 0.001313628 -0.000171650 -0.000008338 1.000000000 0.001954157
1.000000000 0.000171534 0.000114650 -0.001738894 -0.000171531 1.000000000 -0.000030572 0.002118574 -0.000114655 0.000030552 1.000000000 0.002471753
1.000000000 0.000173632 0.000143650 -0.001745540 -0.000173616 1.000000000 -0.000110953 0.002160663 -0.000143669 0.000110928 1.000000000 0.002064159
0.999999940 0.000162098 0.000202737 -0.001309249 -0.000162092 1.000000000 -0.000026365 0.001412242 -0.000202742 0.000026332 1.000000000 0.002484615
1.000000000 0.000050700 0.000197049 -0.001047914 -0.000050681 1.000000000 -0.000094820 0.002770558 -0.000197053 0.000094810 1.000000000 0.003584098
1.000000000 0.000164535 0.000093147 -0.000339373 -0.000164520 1.000000000 -0.000165149 0.002934160 -0.000093174 0.000165134 1.000000000 0.003288045
1.000000000 0.000130885 0.000155518 -0.001058550 -0.000130871 1.000000000 -0.000091196 0.001701630 -0.000155530 0.000091176 1.000000000 0.001915241
0.999999940 0.000248249 0.000213065 -0.002327376 -0.000248226 0.999999940 -0.000108909 0.001815362 -0.000213093 0.000108856 1.000000000 0.001303709
0.999999940 0.000221804 0.000209661 -0.001334751 -0.000221787 1.000000000 -0.000080397 0.001460558 -0.000209678 0.000080351 1.000000000 0.001472770
0.999999940 0.000175642 0.000171361 -0.001652216 -0.000175632 1.000000000 -0.000057103 0.001969530 -0.000171371 0.000057073 1.000000000 0.002114908
1.000000000 0.000179593 0.000119991 -0.001615998 -0.000179581 1.000000000 -0.000101840 0.002569421 -0.000120009 0.000101819 1.000000000 0.002819986
0.999999940 0.000295941 0.000206281 -0.001656954 -0.000295921 0.999999940 -0.000098124 0.002432433 -0.000206310 0.000098063 1.000000000 0.001479581
0.999999940 0.000222759 0.000110935 -0.000582232 -0.000222747 0.999999940 -0.000108545 0.003054012 -0.000110959 0.000108521 1.000000000 0.002657844
1.000000000 0.000030832 0.000074623 0.000200902 -0.000030820 1.000000000 -0.000157019 0.001845305 -0.000074628 0.000157017 1.000000000 0.003093748
0.999998629 0.001267720 -0.001023261 0.008428881 -0.001269437 0.999997735 -0.001679022 0.004693671 0.001021130 0.001680319 0.999998033 0.048479199
0.999998450 0.001360602 -0.001102333 0.010721720 -0.001363141 0.999996364 -0.002305370 0.004471570 0.001099192 0.002306869 0.999996781 0.138528228
0.999998450 0.001162496 -0.001313935 0.013864523 -0.001165649 0.999996364 -0.002401162 -0.001119809 0.001311139 0.002402690 0.999996185 0.248062283
0.999998450 0.001150879 -0.001314344 0.017343251 -0.001153974 0.999996543 -0.002356315 -0.004079665 0.001311628 0.002357829 0.999996364 0.378331035
0.999998391 0.001241944 -0.001252034 0.018725807 -0.001244811 0.999996483 -0.002291249 -0.007231046 0.001249184 0.002292804 0.999996603 0.521617830
0.999998569 0.001040306 -0.001350895 0.026201455 -0.001042810 0.999997735 -0.001854236 -0.018126514 0.001348963 0.001855642 0.999997377 0.654512346
0.999998629 0.001161164 -0.001190880 0.029334985 -0.001163088 0.999997973 -0.001616526 -0.021895049 0.001189001 0.001617908 0.999998033 0.819611192
0.999998689 0.000988774 -0.001286418 0.032694470 -0.000990606 0.999998510 -0.001424428 -0.028155303 0.001285008 0.001425700 0.999998212 0.987306952
0.999998510 0.001187625 -0.001276867 0.033730701 -0.001189565 0.999998093 -0.001520095 -0.028963488 0.001275060 0.001521612 0.999998033 1.168369532
0.999997795 0.001140786 -0.001769551 0.040768139 -0.001142872 0.999998629 -0.001178120 -0.036709093 0.001768204 0.001180140 0.999997735 1.363719940
0.999997199 0.001374966 -0.001950950 0.044616506 -0.001377656 0.999998093 -0.001377980 -0.038336378 0.001949052 0.001380664 0.999997139 1.557683110
0.999997437 0.000681466 -0.002167319 0.053698987 -0.000683948 0.999999106 -0.001144591 -0.044967305 0.002166537 0.001146070 0.999996960 1.764338255
0.999997616 0.000754405 -0.002029969 0.055266030 -0.000756316 0.999999285 -0.000940939 -0.049779486 0.002029258 0.000942472 0.999997497 1.969202280
0.999998152 0.001003473 -0.001622383 0.052729189 -0.001004598 0.999999285 -0.000692971 -0.066209309 0.001621687 0.000694599 0.999998450 2.172315598
0.999998450 0.000960252 -0.001473462 0.058132030 -0.000961238 0.999999344 -0.000668768 -0.068994410 0.001472819 0.000670183 0.999998689 2.395872593
0.999997377 0.001766535 -0.001430248 0.060133539 -0.001767703 0.999998212 -0.000816142 -0.074888818 0.001428804 0.000818668 0.999998689 2.623105288
0.999997795 0.001777544 -0.001111384 0.061630793 -0.001778230 0.999998331 -0.000616580 -0.084791005 0.001110286 0.000618555 0.999999225 2.853116274
0.999998629 0.001078309 -0.001196991 0.067868330 -0.001078892 0.999999285 -0.000487144 -0.090915516 0.001196464 0.000488435 0.999999166 3.072368383
0.999998450 0.001085760 -0.001359961 0.075183265 -0.001086164 0.999999404 -0.000296820 -0.099434659 0.001359638 0.000298297 0.999998987 3.313977242
0.999998212 0.001612304 -0.000986039 0.071640529 -0.001612442 0.999998689 -0.000139416 -0.109641314 0.000985813 0.000141005 0.999999523 3.557352304
0.999998212 0.001550109 -0.001120501 0.075724162 -0.001550469 0.999998808 -0.000320724 -0.112585470 0.001120002 0.000322460 0.999999285 3.815079212
0.999998093 0.001574808 -0.001197678 0.082834460 -0.001575417 0.999998629 -0.000506936 -0.116705887 0.001196878 0.000508822 0.999999225 4.080335140
0.999997973 0.001602450 -0.001203465 0.086943798 -0.001603040 0.999998569 -0.000490069 -0.123506397 0.001202678 0.000491997 0.999999106 4.332928658
0.999997735 0.001687282 -0.001299932 0.092724852 -0.001688154 0.999998391 -0.000670173 -0.129260734 0.001298799 0.000672366 0.999998927 4.595139503
0.999998152 0.001609959 -0.001053807 0.100226223 -0.001610296 0.999998569 -0.000319060 -0.139716491 0.001053291 0.000320756 0.999999404 4.852161407
0.999996722 0.002417338 -0.000812467 0.108278498 -0.002417517 0.999997020 -0.000219882 -0.143798172 0.000811934 0.000221846 0.999999702 5.113673210
0.999997497 0.002047116 -0.000893794 0.103407577 -0.002047391 0.999997854 -0.000306494 -0.161062032 0.000893165 0.000308323 0.999999583 5.357775211
0.999997616 0.002111853 -0.000629505 0.107259795 -0.002112009 0.999997735 -0.000247134 -0.170143977 0.000628982 0.000248463 0.999999762 5.626410007
0.999997914 0.001864353 -0.000866337 0.106354825 -0.001864717 0.999998152 -0.000420005 -0.173282668 0.000865552 0.000421620 0.999999523 5.902068615
0.999998212 0.001848109 -0.000503761 0.109971404 -0.001848372 0.999998271 -0.000522629 -0.181749374 0.000502794 0.000523560 0.999999762 6.181617260
0.999997675 0.002065364 -0.000588018 0.119251937 -0.002065618 0.999997735 -0.000432117 -0.187775716 0.000587124 0.000433330 0.999999702 6.476428509
0.999998331 0.001629991 -0.000717656 0.119946077 -0.001630267 0.999998569 -0.000382468 -0.195500255 0.000717031 0.000383637 0.999999642 6.765952587
0.999997735 0.001992879 -0.000657020 0.125208378 -0.001993256 0.999997854 -0.000574081 -0.203743860 0.000655875 0.000575390 0.999999642 7.066278934
0.999997497 0.002085185 -0.000782169 0.132522628 -0.002085492 0.999997735 -0.000391728 -0.212948009 0.000781351 0.000393358 0.999999642 7.366514683
0.999997675 0.002084083 -0.000464868 0.137775496 -0.002084392 0.999997616 -0.000665952 -0.221910998 0.000463479 0.000666920 0.999999702 7.672564983
0.999997795 0.001954737 -0.000771150 0.149654821 -0.001955288 0.999997854 -0.000714988 -0.227269605 0.000769751 0.000716494 0.999999464 7.993994713
0.999997318 0.002254567 -0.000523148 0.144406214 -0.002254765 0.999997377 -0.000376780 -0.246021792 0.000522298 0.000377959 0.999999821 8.302883148
0.999997377 0.002195674 -0.000600428 0.153392658 -0.002196014 0.999997437 -0.000567452 -0.253379256 0.000599181 0.000568769 0.999999702 8.630193710
0.999997616 0.002072771 -0.000718864 0.165566951 -0.002072906 0.999997854 -0.000187094 -0.263448328 0.000718475 0.000188584 0.999999762 8.969414711
0.999997258 0.002187990 -0.000783914 0.166696608 -0.002188134 0.999997616 -0.000182783 -0.280246586 0.000783512 0.000184498 0.999999702 9.299358368
0.999996662 0.002458077 -0.000769276 0.171893001 -0.002458363 0.999996901 -0.000371096 -0.289590567 0.000768361 0.000372986 0.999999702 9.639752388
0.999996006 0.002834981 -0.000311091 0.174816921 -0.002835063 0.999996006 -0.000263254 -0.301316202 0.000310344 0.000264135 1.000000000 9.995779037
0.999996603 0.002549007 -0.000589937 0.174710706 -0.002549222 0.999996603 -0.000364457 -0.310582399 0.000589006 0.000365959 0.999999762 10.355195045
0.999996722 0.002535415 -0.000537191 0.182207361 -0.002535577 0.999996722 -0.000301659 -0.321866453 0.000536425 0.000303020 0.999999821 10.719046593
0.999996603 0.002605174 -0.000426515 0.188868642 -0.002605221 0.999996662 -0.000108093 -0.328340262 0.000426232 0.000109204 0.999999881 11.086626053
0.999997735 0.002167262 -0.000282722 0.189764008 -0.002167236 0.999997675 0.000095591 -0.344010442 0.000282929 -0.000094978 0.999999940 11.456217766
0.999996781 0.002487098 -0.000591842 0.202581733 -0.002487181 0.999996901 -0.000140687 -0.349147618 0.000591490 0.000142159 0.999999821 11.839519501
0.999997079 0.002430516 -0.000140977 0.208962396 -0.002430487 0.999997020 0.000207264 -0.366688520 0.000141481 -0.000206921 0.999999940 12.222237587
0.999996781 0.002560460 -0.000077104 0.219840422 -0.002560424 0.999996662 0.000458314 -0.381241858 0.000078277 -0.000458116 0.999999881 12.599667549
0.999997318 0.002308076 0.000034499 0.215762377 -0.002308114 0.999996662 0.001141991 -0.400471240 -0.000031864 -0.001142068 0.999999344 12.990056992
0.999995649 0.002925617 0.000018574 0.227326319 -0.002925632 0.999995351 0.000848574 -0.412137687 -0.000016092 -0.000848625 0.999999702 13.388634682
0.999995232 0.003055764 0.000318874 0.230314672 -0.003056107 0.999994755 0.001081426 -0.424383283 -0.000315568 -0.001082395 0.999999404 13.800477028
0.999993563 0.003531078 0.000699624 0.233067304 -0.003531901 0.999993086 0.001178785 -0.433592200 -0.000695457 -0.001181249 0.999999046 14.242280006
0.999995172 0.003020264 0.000867212 0.238494009 -0.003021238 0.999994814 0.001123747 -0.449281931 -0.000863813 -0.001126362 0.999998927 14.666169167
0.999995530 0.002849158 0.000888110 0.245685086 -0.002850247 0.999995172 0.001228643 -0.462146193 -0.000884605 -0.001231169 0.999998868 15.095449448
0.999996483 0.002400595 0.001089758 0.254671037 -0.002402042 0.999996185 0.001329077 -0.475493133 -0.001086563 -0.001331690 0.999998510 15.528763771
0.999994874 0.002811557 0.001547002 0.262402505 -0.002813618 0.999995112 0.001331505 -0.488771260 -0.001543250 -0.001335851 0.999997854 15.978828430
0.999993205 0.003166702 0.001897827 0.272732586 -0.003169636 0.999993742 0.001544881 -0.499249041 -0.001892923 -0.001550886 0.999996960 16.421632767
0.999992192 0.003300720 0.002161807 0.278903127 -0.003303886 0.999993443 0.001462477 -0.510650098 -0.002156965 -0.001469608 0.999996543 16.876047134
0.999989867 0.003485165 0.002849585 0.274769574 -0.003489662 0.999992669 0.001574982 -0.539126873 -0.002844075 -0.001584910 0.999994695 17.312162399
0.999992192 0.002808221 0.002780519 0.285798877 -0.002813548 0.999994218 0.001914048 -0.552466869 -0.002775128 -0.001921856 0.999994338 17.771987915
0.999993145 0.002358383 0.002869867 0.297276229 -0.002362809 0.999996066 0.001539786 -0.560529351 -0.002866225 -0.001546556 0.999994695 18.245546341
0.999988675 0.003230378 0.003485884 0.304242462 -0.003237746 0.999992549 0.002110124 -0.579688728 -0.003479041 -0.002121386 0.999991715 18.706739426
0.999989092 0.003203108 0.003391349 0.317706376 -0.003209938 0.999992907 0.002010724 -0.590232968 -0.003384885 -0.002021588 0.999992251 19.189809799
0.999984384 0.003699009 0.004169721 0.314258814 -0.003705343 0.999991953 0.001512347 -0.601896048 -0.004164093 -0.001527774 0.999990165 19.654388428
0.999981701 0.004314140 0.004245134 0.322942674 -0.004322506 0.999988794 0.001963362 -0.619487226 -0.004236615 -0.001981675 0.999989033 20.134435654
0.999980569 0.004161089 0.004625790 0.334336013 -0.004170519 0.999989212 0.002030781 -0.634241879 -0.004617289 -0.002050034 0.999987245 20.622591019
0.999981463 0.004506864 0.004100408 0.329789519 -0.004514177 0.999988258 0.001776076 -0.637862802 -0.004092355 -0.001794552 0.999989986 21.141992569
0.999988854 0.003337898 0.003330119 0.342496961 -0.003344126 0.999992669 0.001866539 -0.659608185 -0.003323864 -0.001877654 0.999992669 21.623725891
0.999989748 0.003364467 0.003018512 0.355642408 -0.003370441 0.999992371 0.001976463 -0.671601534 -0.003011839 -0.001986617 0.999993503 22.140243530
0.999990821 0.003037741 0.003007670 0.361050546 -0.003044154 0.999993145 0.002129911 -0.682218730 -0.003001179 -0.002139047 0.999993205 22.659118652
0.999989867 0.003700079 0.002575574 0.364164650 -0.003706571 0.999989867 0.002520513 -0.710116804 -0.002566222 -0.002530033 0.999993503 23.153177261
0.999991119 0.003729749 0.001971791 0.377640694 -0.003734581 0.999989986 0.002452116 -0.722492754 -0.001962625 -0.002459457 0.999995053 23.681772232
0.999997377 0.002164020 0.000826802 0.390956819 -0.002165670 0.999995589 0.001999987 -0.730511010 -0.000822470 -0.002001772 0.999997675 24.212860107
0.999993145 0.003631106 0.000740100 0.383226842 -0.003632956 0.999990225 0.002513258 -0.757068455 -0.000730966 -0.002515929 0.999996543 24.723695755
0.999988019 0.004854450 0.000561435 0.393764615 -0.004855989 0.999984324 0.002771299 -0.768969774 -0.000547973 -0.002773992 0.999995947 25.269819260
0.999991298 0.004160961 -0.000445043 0.407191247 -0.004159362 0.999985039 0.003536525 -0.790440857 0.000459752 -0.003534643 0.999993622 25.801689148
0.999987841 0.004897106 -0.000408986 0.401043177 -0.004895727 0.999982536 0.003309116 -0.817295551 0.000425184 -0.003307073 0.999994397 26.336656570
0.999991000 0.004207869 -0.000429804 0.407604098 -0.004206378 0.999985397 0.003412820 -0.824460804 0.000444158 -0.003410982 0.999994099 26.888889313
0.999992192 0.003768263 -0.001161094 0.425859183 -0.003764275 0.999987066 0.003418083 -0.836413145 0.001173959 -0.003413686 0.999993503 27.456220627
0.999986112 0.005242556 -0.000742126 0.417557865 -0.005239744 0.999979258 0.003743044 -0.865549088 0.000761733 -0.003739103 0.999992669 27.945575714
0.999981880 0.005985500 -0.000782472 0.425123572 -0.005982624 0.999975502 0.003627911 -0.873500943 0.000804168 -0.003623164 0.999993145 28.498899460
0.999982715 0.005774111 -0.001131162 0.429671049 -0.005769477 0.999975145 0.004059549 -0.892778575 0.001154574 -0.004052953 0.999991119 29.034715652
0.999979377 0.006354769 -0.001038222 0.433898717 -0.006350481 0.999971509 0.004083684 -0.907933474 0.001064144 -0.004077006 0.999991119 29.577383041
0.999977469 0.006574658 -0.001387629 0.445255011 -0.006569141 0.999970615 0.003944649 -0.917829275 0.001413523 -0.003935445 0.999991298 30.130418777
0.999978840 0.006440887 -0.000827912 0.430090249 -0.006437165 0.999969423 0.004421205 -0.942592859 0.000856364 -0.004415782 0.999989867 30.611825943
0.999974728 0.007070456 -0.000653748 0.438021511 -0.007067405 0.999964595 0.004556241 -0.953837156 0.000685940 -0.004551506 0.999989390 31.160289764
0.999978483 0.006499229 -0.000798253 0.446530074 -0.006495680 0.999969304 0.004370582 -0.963668346 0.000826633 -0.004365303 0.999990106 31.730916977
0.999980569 0.006058473 -0.001463726 0.459898055 -0.006052134 0.999972463 0.004296223 -0.980553865 0.001489714 -0.004287281 0.999989688 32.222515106
0.999973774 0.007066001 -0.001588861 0.463783801 -0.007059033 0.999965608 0.004348780 -0.998054564 0.001619534 -0.004337450 0.999989271 32.756572723
0.999975920 0.006810262 -0.001350823 0.473289877 -0.006804057 0.999966562 0.004545465 -1.011343122 0.001381733 -0.004536164 0.999988794 33.317497253
0.999976754 0.006486155 -0.002090042 0.470961183 -0.006475663 0.999966502 0.004988316 -1.032953143 0.002122327 -0.004974666 0.999985397 33.812522888
0.999975085 0.006718507 -0.002182080 0.479099661 -0.006707609 0.999965191 0.004964003 -1.044619083 0.002215355 -0.004949243 0.999985337 34.357494354
0.999970257 0.007400035 -0.002188590 0.484989077 -0.007388986 0.999960065 0.005014572 -1.067736387 0.002225611 -0.004998251 0.999985039 34.876705170
0.999972880 0.007011936 -0.002270282 0.506145537 -0.007001044 0.999964058 0.004770037 -1.071656346 0.002303648 -0.004754013 0.999986112 35.441253662
0.999971688 0.006919337 -0.002937998 0.524931192 -0.006905219 0.999964654 0.004788332 -1.077956796 0.002971026 -0.004767909 0.999984264 35.982219696
0.999972522 0.006858116 -0.002795529 0.537493825 -0.006844967 0.999965608 0.004686352 -1.089968204 0.002827573 -0.004667088 0.999985218 36.526798248
0.999974906 0.006899850 -0.001678031 0.470303565 -0.006889844 0.999958873 0.005897332 -1.149256945 0.001718652 -0.005885622 0.999981225 36.996440887
0.999973297 0.007020708 -0.002029644 0.483277917 -0.007009643 0.999960899 0.005407818 -1.158943772 0.002067531 -0.005393447 0.999983370 37.547981262
0.999977887 0.006062943 -0.002738510 0.497309685 -0.006046472 0.999963820 0.005983464 -1.170960069 0.002774687 -0.005966773 0.999978423 38.101287842
0.999969780 0.007695026 -0.001127259 0.471171975 -0.007688420 0.999953926 0.005750386 -1.196090221 0.001171456 -0.005741545 0.999982834 38.596939087
0.999967337 0.007918473 -0.001563842 0.479904622 -0.007909772 0.999953628 0.005493287 -1.197039843 0.001607268 -0.005480739 0.999983609 39.110870361
0.999967217 0.007903432 -0.001748709 0.490237415 -0.007893926 0.999954402 0.005377707 -1.209349990 0.001791131 -0.005363727 0.999983966 39.661388397
0.999967575 0.007802295 -0.001948783 0.508292437 -0.007791625 0.999954939 0.005423545 -1.225518823 0.001991012 -0.005408186 0.999983370 40.196086884
0.999967992 0.007707132 -0.002125161 0.538006663 -0.007695644 0.999955952 0.005362368 -1.236762047 0.002166396 -0.005345841 0.999983370 40.729442596
0.999967337 0.008043938 -0.000754434 0.471702725 -0.008039185 0.999949038 0.006107911 -1.266601801 0.000803528 -0.006101646 0.999981046 41.236862183
0.999963820 0.008495593 -0.000253803 0.477585793 -0.008494006 0.999947548 0.005718336 -1.275282979 0.000302370 -0.005715974 0.999983549 41.791614532
0.999965489 0.008272613 -0.000673340 0.501939535 -0.008268368 0.999947369 0.006078395 -1.295084476 0.000723589 -0.006072618 0.999981284 42.332653046
0.999966323 0.008135715 -0.001060599 0.532825232 -0.008129225 0.999948978 0.005988478 -1.295070171 0.001109266 -0.005979653 0.999981463 42.871746063
0.999963045 0.008594270 -0.000040216 0.488260090 -0.008593797 0.999939919 0.006800390 -1.329117537 0.000098658 -0.006799792 0.999976873 43.348621368
0.999961913 0.008726076 0.000238615 0.496245533 -0.008727506 0.999938488 0.006849372 -1.342044950 -0.000178832 -0.006851193 0.999976516 43.888195038
0.999961972 0.008719497 -0.000101735 0.512546480 -0.008718611 0.999939263 0.006751039 -1.348341465 0.000160594 -0.006749895 0.999977231 44.432338715
0.999948442 0.010140019 0.000417261 0.522644162 -0.010142586 0.999926150 0.006699203 -1.360323906 -0.000349300 -0.006703089 0.999977469 44.972549438
0.999951899 0.009794480 0.000461894 0.514625728 -0.009797275 0.999930918 0.006495575 -1.379580736 -0.000398241 -0.006499788 0.999978781 45.464298248
0.999955535 0.009413240 0.000566849 0.523921430 -0.009416946 0.999931693 0.006933800 -1.396092057 -0.000501541 -0.006938830 0.999975801 46.001800537
0.999949276 0.010060040 0.000226872 0.541061878 -0.010061390 0.999924541 0.007045500 -1.414947987 -0.000155977 -0.007047426 0.999975145 46.534595490
0.999957800 0.009177038 -0.000108219 0.556089044 -0.009176065 0.999933779 0.006942184 -1.415847063 0.000171920 -0.006940898 0.999975920 47.098953247
0.999960959 0.008827086 -0.000175985 0.547466636 -0.008825900 0.999943852 0.005869011 -1.418212771 0.000227781 -0.005867229 0.999982774 47.601730347
0.999954402 0.009535468 0.000486421 0.550225854 -0.009538080 0.999938309 0.005686338 -1.428687334 -0.000432168 -0.005690718 0.999983728 48.147922516
0.999962568 0.008644229 -0.000385160 0.569801509 -0.008641891 0.999946356 0.005710131 -1.441124558 0.000434500 -0.005706588 0.999983668 48.699127197
0.999946296 0.010335522 0.000871562 0.582175553 -0.010340506 0.999929070 0.005922370 -1.459418058 -0.000810290 -0.005931065 0.999982119 49.219776154
0.999938905 0.010959429 0.001431756 0.545221567 -0.010967316 0.999924004 0.005623570 -1.461130381 -0.001370016 -0.005638929 0.999983132 49.737300873
0.999935508 0.011262747 0.001467028 0.555935025 -0.011269974 0.999923825 0.005015497 -1.473181248 -0.001410428 -0.005031706 0.999986351 50.271583557
0.999933362 0.011429857 0.001642030 0.574666202 -0.011438575 0.999920011 0.005403510 -1.484504700 -0.001580138 -0.005421932 0.999984026 50.821311951
0.999935031 0.011315276 0.001376357 0.574948370 -0.011322930 0.999919713 0.005686446 -1.496299505 -0.001311903 -0.005701661 0.999982893 51.313438416
0.999926865 0.011969632 0.001770105 0.584057868 -0.011978757 0.999914527 0.005236266 -1.508010387 -0.001707278 -0.005257086 0.999984801 51.860424042
0.999925792 0.011917330 0.002539199 0.587591052 -0.011930380 0.999915361 0.005187089 -1.512606144 -0.002477168 -0.005216997 0.999983370 52.414066315
0.999942780 0.010567782 0.001676711 0.601862550 -0.010575783 0.999932349 0.004837018 -1.522935152 -0.001625481 -0.004854473 0.999986947 52.982479095
0.999929488 0.011648569 0.002286953 0.598147631 -0.011659199 0.999921024 0.004691546 -1.539686203 -0.002232122 -0.004717880 0.999986351 53.426849365
0.999919772 0.012390068 0.002641970 0.601785481 -0.012401725 0.999913216 0.004442691 -1.551293135 -0.002586696 -0.004475100 0.999986649 53.957824707
0.999911845 0.012946483 0.002960183 0.612856030 -0.012959880 0.999905646 0.004552086 -1.565809965 -0.002900970 -0.004590049 0.999985278 54.504867554
0.999922872 0.012086001 0.002845963 0.623524129 -0.012099667 0.999915123 0.004834208 -1.581829429 -0.002787295 -0.004868270 0.999984264 55.035110474
0.999921799 0.012127590 0.003050184 0.631613016 -0.012144235 0.999911129 0.005499353 -1.595124483 -0.002983219 -0.005535965 0.999980211 55.578960419
0.999912322 0.012768112 0.003526502 0.644961596 -0.012785652 0.999905705 0.004996480 -1.608584523 -0.003462374 -0.005041130 0.999981284 56.120544434
0.999904454 0.013238585 0.003966899 0.622636259 -0.013257600 0.999900579 0.004806664 -1.617492676 -0.003902871 -0.004858797 0.999980509 56.619823456
0.999909043 0.012862667 0.004056197 0.634259701 -0.012880859 0.999906957 0.004491816 -1.628478885 -0.003998043 -0.004543655 0.999981582 57.164737701
0.999906898 0.012876576 0.004519486 0.649412096 -0.012897439 0.999906242 0.004617936 -1.629848599 -0.004459599 -0.004675796 0.999979079 57.737995148
0.999905169 0.013074392 0.004323941 0.674515665 -0.013093104 0.999904931 0.004328089 -1.642469168 -0.004266943 -0.004384293 0.999981225 58.249988556
0.999905288 0.013153117 0.004051215 0.659886599 -0.013169766 0.999904752 0.004110021 -1.662630677 -0.003996770 -0.004162985 0.999983311 58.731079102
0.999912798 0.012700598 0.003614341 0.677815795 -0.012714234 0.999911964 0.003774941 -1.674767256 -0.003566079 -0.003820565 0.999986351 59.283134460
0.999913812 0.012525694 0.003942464 0.687661707 -0.012541011 0.999913812 0.003884637 -1.681997299 -0.003893468 -0.003933745 0.999984682 59.840347290
0.999908745 0.012890063 0.004039281 0.704010785 -0.012906581 0.999908268 0.004089873 -1.699831247 -0.003986191 -0.004141633 0.999983490 60.374816895
0.999884486 0.014264281 0.005248648 0.674676895 -0.014289572 0.999886274 0.004811979 -1.721065760 -0.005179412 -0.004886424 0.999974668 60.814723969
0.999895394 0.013530518 0.005105786 0.689008117 -0.013553470 0.999898076 0.004487048 -1.731469154 -0.005044554 -0.004555780 0.999976993 61.366226196
0.999888182 0.014001446 0.005255071 0.699620128 -0.014024124 0.999892414 0.004303631 -1.744082570 -0.005194249 -0.004376848 0.999976873 61.861980438
0.999884129 0.014250390 0.005358969 0.711274028 -0.014273188 0.999889076 0.004240585 -1.754303575 -0.005297945 -0.004316583 0.999976575 62.404857635
0.999886632 0.014169772 0.005090045 0.724991202 -0.014192509 0.999889314 0.004458694 -1.776205301 -0.005026303 -0.004530429 0.999977112 62.918445587
0.999882281 0.014589125 0.004737407 0.739525914 -0.014609738 0.999883771 0.004345758 -1.787493467 -0.004673456 -0.004414460 0.999979377 63.466178894
0.999875903 0.014789823 0.005399762 0.741083562 -0.014813368 0.999880850 0.004346841 -1.797989964 -0.005334829 -0.004426291 0.999975920 63.966262817
0.999884248 0.014261409 0.005281903 0.760820329 -0.014281613 0.999890745 0.003807368 -1.806536794 -0.005227028 -0.003882362 0.999978781 64.509017944
0.999875128 0.014724718 0.005740200 0.762908578 -0.014751450 0.999880433 0.004642805 -1.824619293 -0.005671150 -0.004726901 0.999972761 65.017944336
0.999868631 0.015028431 0.006071606 0.773329735 -0.015054743 0.999877334 0.004311789 -1.837801576 -0.006006062 -0.004402629 0.999972284 65.570365906
0.999867320 0.015148410 0.005986464 0.783788860 -0.015173188 0.999876380 0.004115867 -1.849799275 -0.005923375 -0.004206155 0.999973595 66.065795898
0.999861658 0.015639808 0.005661760 0.799990714 -0.015663024 0.999868929 0.004079354 -1.861498594 -0.005597218 -0.004167469 0.999975622 66.613891602
0.999858320 0.015840786 0.005697693 0.817202449 -0.015863331 0.999866366 0.003933998 -1.881950378 -0.005634614 -0.004023824 0.999976099 67.150016785
0.999866188 0.015141422 0.006181708 0.824820638 -0.015165026 0.999877751 0.003789024 -1.883709550 -0.006123581 -0.003882263 0.999973714 67.657470703
0.999863923 0.015340783 0.006046977 0.839902461 -0.015361981 0.999875903 0.003474973 -1.896592855 -0.005992918 -0.003567394 0.999975681 68.201911926
0.999845326 0.016460169 0.006192935 0.856463909 -0.016483374 0.999857247 0.003715050 -1.919885874 -0.006130901 -0.003816555 0.999973953 68.738220215
0.999868274 0.015247226 0.005556283 0.873911679 -0.015268398 0.999876261 0.003788425 -1.934127212 -0.005497832 -0.003872762 0.999977410 69.232597351
0.999869585 0.014894265 0.006242566 0.864452481 -0.014919322 0.999880672 0.003986688 -1.934243441 -0.006182443 -0.004079303 0.999972582 69.737106323
0.999872029 0.014767456 0.006155746 0.880588293 -0.014788775 0.999884725 0.003432081 -1.945241094 -0.006104354 -0.003522677 0.999975204 70.285476685
0.999878407 0.014310054 0.006192210 0.895222604 -0.014333786 0.999890029 0.003805545 -1.959401608 -0.006137071 -0.003893840 0.999973595 70.839614868
0.999856889 0.015635181 0.006455116 0.901121736 -0.015660042 0.999870002 0.003819485 -1.970413327 -0.006394559 -0.003920025 0.999971867 71.306198120
0.999862850 0.015381520 0.006129872 0.916736007 -0.015405910 0.999873400 0.003951752 -1.984511495 -0.006068312 -0.004045645 0.999973416 71.849342346
0.999833763 0.016826898 0.007012780 0.921518028 -0.016855363 0.999849796 0.004020059 -2.004784107 -0.006944082 -0.004137593 0.999967337 72.381538391
0.999858916 0.015456790 0.006573910 0.940342486 -0.015480550 0.999873698 0.003578416 -2.004708290 -0.006517770 -0.003679679 0.999971926 72.856361389
0.999840975 0.016627848 0.006445155 0.953770041 -0.016652333 0.999854207 0.003764009 -2.013953209 -0.006381629 -0.003870738 0.999972105 73.403060913
0.999858975 0.015532293 0.006389099 0.970550895 -0.015557715 0.999871194 0.003948314 -2.031709909 -0.006326950 -0.004047157 0.999971807 73.901359558
0.999858558 0.015501403 0.006529076 0.985993445 -0.015521835 0.999874771 0.003090173 -2.039312840 -0.006480356 -0.003191079 0.999973953 74.449737549
0.999864340 0.015149531 0.006471499 1.009039283 -0.015174366 0.999877572 0.003805445 -2.058257580 -0.006413056 -0.003903128 0.999971867 74.948577881
0.999853790 0.015799401 0.006532335 1.019023657 -0.015822919 0.999868453 0.003564890 -2.066415548 -0.006475152 -0.003667730 0.999972284 75.471855164
0.999838710 0.016547291 0.006977809 1.027916789 -0.016569564 0.999857783 0.003146204 -2.074952126 -0.006924755 -0.003261316 0.999970675 76.020172119
0.999845922 0.016107840 0.006971397 1.035483599 -0.016134724 0.999862492 0.003817324 -2.097492218 -0.006908950 -0.003929217 0.999968410 76.537368774
0.999848843 0.016064901 0.006648978 1.066640377 -0.016090019 0.999863505 0.003741814 -2.102207899 -0.006587958 -0.003848230 0.999970913 77.076469421
0.999860406 0.015445716 0.006376140 1.076967239 -0.015466916 0.999874890 0.003289329 -2.110734463 -0.006324537 -0.003387489 0.999974251 77.477012634
0.999842286 0.016414231 0.006781978 1.086663008 -0.016435454 0.999860108 0.003085338 -2.125768661 -0.006730387 -0.003196316 0.999972224 78.028091431
0.999834716 0.016818238 0.006906890 1.104805470 -0.016840391 0.999853194 0.003162075 -2.136846304 -0.006852696 -0.003277867 0.999971151 78.610023499
0.999849856 0.015713347 0.007294326 1.118139029 -0.015737394 0.999870896 0.003251075 -2.146574974 -0.007242298 -0.003365381 0.999968112 79.058296204
0.999837518 0.015846798 0.008587007 1.133213878 -0.015872426 0.999869764 0.002924607 -2.158446312 -0.008539543 -0.003060429 0.999958873 79.604011536
0.999821246 0.015875207 0.010257901 1.156132460 -0.015908666 0.999868393 0.003188436 -2.177411079 -0.010205933 -0.003351056 0.999942303 80.112785339
0.999808013 0.016147602 0.011099176 1.159446001 -0.016182903 0.999864161 0.003097576 -2.186787844 -0.011047653 -0.003276598 0.999933600 80.628158569
0.999779820 0.015541530 0.014099268 1.186455250 -0.015578813 0.999875426 0.002538378 -2.193033695 -0.014058059 -0.002757469 0.999897361 81.191253662
0.999713480 0.015808310 0.017970426 1.211887360 -0.015855378 0.999871194 0.002479612 -2.206727505 -0.017928913 -0.002763829 0.999835432 81.728164673
0.999652863 0.015867563 0.021038393 1.230008125 -0.015935529 0.999868333 0.003066981 -2.228253841 -0.020986961 -0.003401174 0.999773920 82.207321167
0.999576151 0.014866058 0.025031354 1.261320472 -0.014942925 0.999884248 0.002886609 -2.239900827 -0.024985546 -0.003259427 0.999682546 82.758026123
0.999393702 0.015402650 0.031225869 1.288164616 -0.015508783 0.999874711 0.003159575 -2.258491039 -0.031173293 -0.003641935 0.999507308 83.295265198
0.999186575 0.015742423 0.037126094 1.318197370 -0.015840963 0.999871671 0.002361436 -2.257975340 -0.037084159 -0.002947628 0.999307752 83.816795349
0.998953521 0.015622924 0.042986535 1.356564760 -0.015725959 0.999874115 0.002059676 -2.270526886 -0.042948954 -0.002733525 0.999073565 84.365669250
0.998549700 0.016318334 0.051306613 1.399127960 -0.016476054 0.999860704 0.002652491 -2.291591167 -0.051256184 -0.003493974 0.998679399 84.911483765
0.998086810 0.015848333 0.059761111 1.448975563 -0.015985200 0.999870539 0.001812808 -2.298577070 -0.059724648 -0.002764633 0.998211026 85.449066162
0.997642934 0.015384975 0.066871338 1.502943039 -0.015539340 0.999877632 0.001788840 -2.309851408 -0.066835627 -0.002823760 0.997759998 86.006233215
0.996967077 0.015307630 0.076303236 1.555511475 -0.015463345 0.999879301 0.001450278 -2.323430061 -0.076271839 -0.002625783 0.997083604 86.539062500
0.996200442 0.015304859 0.085734405 1.620228291 -0.015484507 0.999879003 0.001430741 -2.338520050 -0.085702144 -0.002752859 0.996317148 87.029823303
0.995411813 0.014896641 0.094517246 1.687577724 -0.015081700 0.999885440 0.001243867 -2.344632149 -0.094487891 -0.002663640 0.995522439 87.583297729
0.994652152 0.015069499 0.102176465 1.758357048 -0.015299928 0.999881804 0.001471858 -2.368884325 -0.102142207 -0.003027279 0.994765282 88.119644165
0.993513107 0.015737506 0.112623133 1.779070854 -0.016096473 0.999867797 0.002278661 -2.416712284 -0.112572417 -0.004076715 0.993635178 88.529830933
0.992391527 0.014767084 0.122233219 1.930002213 -0.014966844 0.999887705 0.000716191 -2.379059315 -0.122208923 -0.002540188 0.992501080 89.123489380
0.991205990 0.014121898 0.131572053 2.018901825 -0.014246765 0.999898493 0.000007698 -2.394085407 -0.131558567 -0.001882106 0.991306603 89.663887024
0.989636779 0.013474301 0.142959371 2.115383148 -0.013630749 0.999907076 0.000115014 -2.411335230 -0.142944559 -0.002062466 0.989728510 90.185943604
0.987652242 0.014265509 0.156011432 2.198559761 -0.014523341 0.999894381 0.000512832 -2.435586214 -0.155987635 -0.002772308 0.987755120 90.704849243
0.985991180 0.013233702 0.166271299 2.317632675 -0.013386624 0.999910295 -0.000201017 -2.435281277 -0.166259050 -0.002027610 0.986080050 91.221435547
0.984117746 0.013771263 0.176981986 2.427242279 -0.013952701 0.999902546 -0.000219349 -2.447069645 -0.176967755 -0.002253511 0.984214127 91.764045715
0.981639504 0.013959763 0.190233946 2.553378105 -0.014145134 0.999899864 -0.000383437 -2.461005688 -0.190220237 -0.002314487 0.981738746 92.306861877
0.979278743 0.013387360 0.202074036 2.691435814 -0.013576068 0.999907732 -0.000452160 -2.485597849 -0.202061445 -0.002300580 0.979370117 92.826698303
0.977045774 0.013075217 0.212627962 2.810842514 -0.013232972 0.999912143 -0.000681241 -2.489524841 -0.212618202 -0.002148096 0.977132976 93.379463196
0.974048913 0.013333065 0.225944728 2.957084656 -0.013531676 0.999908209 -0.000669747 -2.507501841 -0.225932896 -0.002405044 0.974139869 93.909027100
0.970914185 0.012326986 0.239110529 3.108654022 -0.012404344 0.999922335 -0.001181358 -2.523574591 -0.239106506 -0.001819011 0.970991671 94.431556702
0.968282223 0.011499112 0.249594539 3.270524979 -0.011460066 0.999932945 -0.001609672 -2.530659676 -0.249596328 -0.001301753 0.968349040 94.945777893
0.965241551 0.012728266 0.261049211 3.406785965 -0.012821062 0.999916911 -0.001347595 -2.545866013 -0.261044681 -0.002046174 0.965324581 95.434364319
0.961583972 0.012823067 0.274211168 3.579080582 -0.012979300 0.999915004 -0.001244629 -2.564726114 -0.274203837 -0.002362252 0.961668730 95.948944092
0.958113909 0.011403253 0.286159962 3.763822556 -0.011307516 0.999934077 -0.001987046 -2.583673954 -0.286163807 -0.001331942 0.958179832 96.455551147
0.954382420 0.011733746 0.298356324 3.930023193 -0.011789260 0.999929190 -0.001613692 -2.591405869 -0.298354059 -0.001977320 0.954453230 96.957344055
0.949821711 0.010947645 0.312600285 4.126014709 -0.010875558 0.999938965 -0.001974198 -2.604581356 -0.312602848 -0.001524566 0.949882805 97.481246948
0.945255935 0.010983315 0.326145172 4.329429626 -0.010796961 0.999938905 -0.002381615 -2.613834381 -0.326151341 -0.001270141 0.945316732 98.000152588
0.941215515 0.011486069 0.337611318 4.522100449 -0.011605575 0.999931216 -0.001664439 -2.642297029 -0.337607175 -0.002351577 0.941284120 98.461883545
0.936472595 0.010583092 0.350581050 4.738992691 -0.010551607 0.999942303 -0.002000076 -2.659693956 -0.350581974 -0.001826177 0.936530173 98.969963074
0.930913448 0.010942589 0.365075886 4.956848145 -0.010977721 0.999937773 -0.001979311 -2.679342747 -0.365074784 -0.002165135 0.930975676 99.461380005
0.925866842 0.011061114 0.377687931 5.171787262 -0.011028668 0.999936759 -0.002248770 -2.693093300 -0.377688885 -0.002083333 0.925930142 100.009002686
0.921155453 0.010518425 0.389052659 5.385118484 -0.010513353 0.999942422 -0.002142092 -2.704744339 -0.389052778 -0.002117048 0.921213031 100.444885254
0.915172279 0.010851921 0.402916908 5.629875183 -0.010955309 0.999937832 -0.002048193 -2.723293304 -0.402914077 -0.002539630 0.915234327 100.936080933
0.909353375 0.009996144 0.415904671 5.872531891 -0.010057671 0.999947309 -0.002042872 -2.736670732 -0.415903151 -0.002325339 0.909406006 101.418693542
0.904390931 0.009117655 0.426607400 6.133480072 -0.008878885 0.999957383 -0.002548675 -2.751421928 -0.426612407 -0.001482799 0.904433310 101.906097412
0.898287237 0.009127663 0.439313918 6.349353790 -0.008930465 0.999956965 -0.002515621 -2.765968084 -0.439317912 -0.001663528 0.898330092 102.346694946
0.891551733 0.008752597 0.452834338 6.619136810 -0.008401325 0.999960840 -0.002786974 -2.783356667 -0.452840954 -0.001319677 0.891590238 102.827880859
0.885382891 0.008748256 0.464780152 6.891666412 -0.008242700 0.999961078 -0.003119691 -2.798981190 -0.464789391 -0.001068922 0.885420561 103.308883667
0.879551709 0.008807955 0.475721747 7.142108917 -0.008408070 0.999960244 -0.002968697 -2.810119390 -0.475728959 -0.001388779 0.879590750 103.747680664
0.871969640 0.008908898 0.489478856 7.433467865 -0.008576252 0.999958932 -0.002922090 -2.829777479 -0.489484757 -0.001649920 0.872010231 104.216148376
