1.000000000 0.000000000 0.000000000 0.000000000 0.000000000 1.000000000 0.000000000 0.000000000 0.000000000 0.000000000 1.000000000 0.000000000
1.000000000 0.000015641 0.000130592 -0.003361580 -0.000015614 1.000000000 -0.000208085 0.004352960 -0.000130596 0.000208083 0.999999940 0.004208380
1.000000000 0.000030896 0.000061306 -0.002298540 -0.000030888 1.000000000 -0.000137261 0.002372561 -0.000061310 0.000137259 1.000000000 0.000594035
0.999999940 0.000310355 0.000113388 0.000088227 -0.000310337 0.999999940 -0.000158758 0.003746727 -0.000113438 0.000158723 1.000000000 -0.001833217
0.999999940 0.000231917 0.000077011 0.001406599 -0.000231908 0.999999940 -0.000118706 0.002791414 -0.000077039 0.000118688 1.000000000 0.000441094
1.000000000 0.000211855 0.000097218 -0.000972014 -0.000211850 1.000000000 -0.000055590 0.001791477 -0.000097230 0.000055569 1.000000000 -0.000098795
0.999999940 0.000151012 0.000236126 -0.007212157 -0.000150974 1.000000000 -0.000160589 0.002813203 -0.000236151 0.000160553 0.999999940 0.002522205
1.000000000 0.000048460 0.000016267 -0.000222977 -0.000048459 1.000000000 -0.000025859 0.001701701 -0.000016268 0.000025859 1.000000000 -0.001377627
1.000000000 0.000049420 0.000130446 -0.005231956 -0.000049392 1.000000000 -0.000218069 0.004097972 -0.000130457 0.000218062 0.999999940 0.004260475
1.000000000 0.000173602 0.000164730 -0.002663906 -0.000173591 1.000000000 -0.000063073 0.000150964 -0.000164741 0.000063044 1.000000000 -0.003713374
0.999999940 0.000200153 0.000226890 -0.005414624 -0.000200116 0.999999940 -0.000162255 0.001304322 -0.000226923 0.000162209 0.999999940 -0.000794008
1.000000000 0.000169020 0.000172906 -0.003367019 -0.000169005 1.000000000 -0.000087765 0.001326694 -0.000172921 0.000087735 1.000000000 -0.001673337
1.000000000 0.000104794 0.000198030 -0.005561825 -0.000104788 1.000000000 -0.000029409 -0.000520043 -0.000198033 0.000029388 1.000000000 -0.003063178
1.000000000 0.000029639 0.000111225 -0.003112255 -0.000029625 1.000000000 -0.000119939 0.000488208 -0.000111229 0.000119935 1.000000000 -0.001909562
1.000000000 0.000101296 0.000094045 -0.000993442 -0.000101282 1.000000000 -0.000145833 0.002632151 -0.000094059 0.000145824 1.000000000 -0.003494351
1.000000000 -0.000179080 -0.000115899 0.002266147 0.000179073 1.000000000 -0.000057016 0.000941393 0.000115910 0.000056995 1.000000000 -0.006563424
1.000000000 -0.000225996 0.000008287 -0.002359839 0.000225997 0.999999940 -0.000124651 0.000632190 -0.000008258 0.000124653 1.000000000 -0.004813808
1.000000000 -0.000100201 0.000003593 0.000767318 0.000100201 1.000000000 -0.000020220 -0.000049915 -0.000003591 0.000020220 1.000000000 -0.007982212
1.000000000 0.000110121 -0.000006474 0.000104711 -0.000110121 1.000000000 -0.000000665 0.002390859 0.000006474 0.000000665 1.000000000 -0.007572641
1.000000000 -0.000100392 -0.000023724 -0.001315885 0.000100391 1.000000000 -0.000041056 -0.000473377 0.000023728 0.000041053 1.000000000 -0.007909691
1.000000000 0.000001244 0.000063359 -0.001352099 -0.000001237 1.000000000 -0.000107870 0.001128568 -0.000063359 0.000107870 1.000000000 -0.007182538
1.000000000 -0.000127699 0.000019405 -0.000038656 0.000127699 1.000000000 -0.000028198 -0.000448833 -0.000019402 0.000028201 1.000000000 -0.003797676
1.000000000 0.000153717 0.000180630 -0.006391643 -0.000153677 0.999999940 -0.000219010 0.003747089 -0.000180664 0.000218982 0.999999940 0.004015514
1.000000000 -0.000062689 -0.000070796 0.000549301 0.000062680 1.000000000 -0.000119936 0.000674825 0.000070804 0.000119932 1.000000000 0.000736506
1.000000000 -0.000013621 0.000019343 -0.001122494 0.000013621 1.000000000 -0.000017786 0.001999114 -0.000019342 0.000017786 1.000000000 -0.000110408
1.000000000 0.000030848 -0.000044035 0.002444606 -0.000030854 1.000000000 -0.000140842 0.003093526 0.000044031 0.000140844 1.000000000 -0.007090221
1.000000000 -0.000005655 0.000097380 -0.002103097 0.000005667 1.000000000 -0.000128486 0.002392598 -0.000097379 0.000128487 1.000000000 -0.004402249
0.999999940 0.000271367 0.000205461 -0.005329719 -0.000271326 0.999999940 -0.000199776 0.003037395 -0.000205515 0.000199721 0.999999940 -0.000144082
1.000000000 0.000030101 0.000102617 -0.003172981 -0.000030097 1.000000000 -0.000038017 0.001957287 -0.000102618 0.000038014 1.000000000 -0.001183659
1.000000000 -0.000172886 0.000013357 -0.004759435 0.000172888 0.999999940 -0.000172931 0.006023226 -0.000013327 0.000172933 1.000000000 0.003027225
1.000000000 -0.000084949 0.000037154 -0.003718574 0.000084953 1.000000000 -0.000098678 0.002812270 -0.000037146 0.000098681 1.000000000 0.001198096
1.000000000 -0.000114768 0.000108116 -0.003410713 0.000114767 1.000000000 0.000008303 0.001184088 -0.000108117 -0.000008290 1.000000000 0.000003065
1.000000000 -0.000165381 0.000076795 -0.004733187 0.000165383 1.000000000 -0.000022268 0.001749259 -0.000076791 0.000022281 1.000000000 -0.002156588
1.000000000 -0.000120259 0.000004955 -0.002844707 0.000120259 1.000000000 -0.000008279 0.001841150 -0.000004954 0.000008279 1.000000000 -0.002442488
1.000000000 0.000099839 0.000066829 -0.004044407 -0.000099828 1.000000000 -0.000165497 0.001820541 -0.000066845 0.000165490 1.000000000 0.000061018
1.000000000 0.000059450 0.000109427 -0.004738660 -0.000059437 1.000000000 -0.000116355 0.002934400 -0.000109434 0.000116348 1.000000000 0.000390000
1.000000000 -0.000109523 -0.000167700 0.003166673 0.000109546 1.000000000 0.000136484 -0.000704136 0.000167685 -0.000136502 1.000000000 -0.013035974
1.000000000 0.000023539 0.000061405 -0.003682222 -0.000023523 0.999999940 -0.000256433 0.004242971 -0.000061411 0.000256432 0.999999940 0.001310337
1.000000000 -0.000160734 0.000072445 -0.003054893 0.000160736 1.000000000 -0.000030831 0.001861023 -0.000072440 0.000030843 1.000000000 -0.000545813
1.000000000 -0.000019825 -0.000049905 0.001137821 0.000019835 1.000000000 0.000190042 -0.001274307 0.000049901 -0.000190043 1.000000000 -0.008986820
0.999999940 -0.000271138 -0.000129548 0.000334985 0.000271138 0.999999940 0.000002847 -0.001013172 0.000129547 -0.000002882 1.000000000 -0.001108245
1.000000000 0.000090100 0.000086042 0.001974991 -0.000090044 0.999999762 -0.000653681 -0.003735384 -0.000086100 0.000653673 0.999999762 0.049033571
1.000000000 0.000052210 -0.000015324 -0.000381291 -0.000052234 0.999998748 -0.001573178 0.000952112 0.000015242 0.001573179 0.999998748 0.147893310
1.000000000 -0.000056075 -0.000085003 0.004581930 0.000055943 0.999998808 -0.001558130 -0.007744195 0.000085091 0.001558125 0.999998808 0.262969196
1.000000000 -0.000196535 0.000029778 0.002386295 0.000196577 0.999998987 -0.001407400 -0.012459166 -0.000029501 0.001407406 0.999998987 0.395651817
1.000000000 0.000040008 -0.000075159 0.004894649 -0.000040098 0.999999285 -0.001193133 -0.017290359 0.000075111 0.001193136 0.999999285 0.538021147
1.000000000 0.000020126 0.000161415 0.006247947 -0.000019970 0.999999523 -0.000964627 -0.031213045 -0.000161434 0.000964624 0.999999523 0.680410087
0.999999881 -0.000431037 -0.000008321 0.020301463 0.000431033 0.999999762 -0.000576150 -0.032334164 0.000008569 0.000576147 0.999999821 0.847316325
0.999999940 -0.000202879 -0.000181493 0.023613408 0.000202774 0.999999821 -0.000576251 -0.037161145 0.000181610 0.000576214 0.999999821 1.030984640
0.999999940 -0.000052268 0.000268825 0.012602493 0.000052464 0.999999762 -0.000728155 -0.038828313 -0.000268787 0.000728169 0.999999702 1.213908315
0.999999881 -0.000451761 -0.000103509 0.032196872 0.000451697 0.999999702 -0.000623791 -0.044057682 0.000103790 0.000623744 0.999999821 1.417388439
0.999999583 -0.000466952 -0.000765442 0.048855681 0.000466672 0.999999821 -0.000366263 -0.051614590 0.000765613 0.000365905 0.999999642 1.604200721
0.999998152 0.000437266 0.001824434 0.009840939 -0.000434568 0.999998748 -0.001478606 -0.035533048 -0.001825078 0.001477811 0.999997258 1.692118764
0.999997854 0.000263660 0.002034209 0.013649010 -0.000261372 0.999999344 -0.001125034 -0.041835621 -0.002034504 0.001124500 0.999997318 1.902306080
0.999998093 0.000612340 0.001837565 0.014996699 -0.000609916 0.999998868 -0.001319399 -0.053209633 -0.001838371 0.001318276 0.999997437 2.096041203
0.999998271 0.000919615 0.001684796 0.021855416 -0.000917685 0.999998987 -0.001146410 -0.059050988 -0.001685849 0.001144862 0.999997973 2.316056013
0.999997616 0.001213847 0.001826044 0.017080452 -0.001211679 0.999998629 -0.001188056 -0.064123757 -0.001827484 0.001185841 0.999997556 2.553436279
0.999996066 0.001414261 0.002425052 0.022779081 -0.001411917 0.999998569 -0.000967674 -0.076166533 -0.002426418 0.000964246 0.999996603 2.775794029
0.999997973 0.000835210 0.001842617 0.034218803 -0.000833864 0.999999344 -0.000730901 -0.084945135 -0.001843226 0.000729363 0.999998033 2.981506109
0.999997199 0.001197124 0.002045727 0.031606723 -0.001194706 0.999998569 -0.001182915 -0.085929394 -0.002047140 0.001180468 0.999997199 3.240876436
0.999997318 0.000951348 0.002085974 0.037103880 -0.000949312 0.999998987 -0.000976612 -0.094053417 -0.002086901 0.000974629 0.999997318 3.479399204
0.999996960 0.001657591 0.001824752 0.060626261 -0.001655168 0.999997795 -0.001328716 -0.088360198 -0.001826950 0.001325691 0.999997437 3.741100550
0.999998629 0.000134500 0.001658728 0.072770901 -0.000133185 0.999999642 -0.000792659 -0.109159507 -0.001658834 0.000792437 0.999998331 4.006049156
0.999998569 -0.000357006 0.001605360 0.055192169 0.000357471 0.999999821 -0.000289718 -0.132505596 -0.001605256 0.000290292 0.999998689 4.214619160
0.999998271 0.000098010 0.001862142 0.062413447 -0.000096920 0.999999821 -0.000585528 -0.135163486 -0.001862199 0.000585346 0.999998093 4.482661247
0.999997854 0.000363995 0.002010688 0.068732843 -0.000363154 0.999999762 -0.000418619 -0.146986753 -0.002010840 0.000417888 0.999997914 4.754035473
0.999998271 0.000017303 0.001846677 0.091007799 -0.000016675 0.999999821 -0.000340293 -0.155918851 -0.001846683 0.000340261 0.999998212 5.016148090
0.999998152 -0.000116784 0.001885388 0.074257500 0.000117126 0.999999881 -0.000181052 -0.161449626 -0.001885367 0.000181272 0.999998212 5.297425747
0.999997735 0.000155608 0.002132558 0.058152594 -0.000155934 1.000000000 0.000152941 -0.190855563 -0.002132534 -0.000153273 0.999997675 5.511222839
0.999997675 0.000431624 0.002105684 0.066899367 -0.000432551 0.999999821 0.000439805 -0.201899946 -0.002105493 -0.000440715 0.999997675 5.777317524
0.999997139 0.000699360 0.002293236 0.065830089 -0.000699714 0.999999762 0.000153471 -0.208574414 -0.002293128 -0.000155075 0.999997377 6.070219517
0.999996483 0.000515035 0.002605163 0.075567000 -0.000516397 0.999999702 0.000522002 -0.218799815 -0.002604893 -0.000523346 0.999996483 6.337128639
0.999996841 0.000707720 0.002418450 0.077029809 -0.000708978 0.999999642 0.000519589 -0.227663085 -0.002418081 -0.000521302 0.999996960 6.641659737
0.999997020 0.000277553 0.002447056 0.095200971 -0.000278289 0.999999940 0.000300261 -0.225890294 -0.002446972 -0.000300942 0.999996960 6.946236610
0.999998450 -0.000808123 0.001564057 0.103975490 0.000806684 0.999999166 0.000920267 -0.256133020 -0.001564799 -0.000919004 0.999998271 7.241534233
0.999998510 -0.001218340 0.001167943 0.118244842 0.001217359 0.999998808 0.000840460 -0.271282315 -0.001168965 -0.000839038 0.999998987 7.541843891
0.999998748 -0.001137685 0.001131945 0.130599678 0.001136345 0.999998689 0.001183812 -0.279584646 -0.001133291 -0.001182524 0.999998569 7.879223824
0.999998808 -0.000816097 0.001285274 0.127296209 0.000814993 0.999999225 0.000859130 -0.280829787 -0.001285974 -0.000858082 0.999998748 8.190104485
0.999998569 -0.000913946 0.001398470 0.128341049 0.000913311 0.999999464 0.000454806 -0.283206075 -0.001398885 -0.000453528 0.999998868 8.517411232
0.999997556 -0.001748796 0.001339075 0.123244002 0.001747193 0.999997735 0.001197112 -0.297791809 -0.001341165 -0.001194770 0.999998331 8.837856293
0.999998093 -0.001304433 0.001465416 0.119378895 0.001303157 0.999998748 0.000871025 -0.315282673 -0.001466550 -0.000869114 0.999998569 9.198452950
0.999997258 -0.002138101 0.000999985 0.139398009 0.002137532 0.999997556 0.000570299 -0.321131557 -0.001001202 -0.000568160 0.999999404 9.537110329
0.999996960 -0.002361684 0.000691037 0.153194278 0.002361005 0.999996662 0.000981659 -0.332159847 -0.000693353 -0.000980025 0.999999225 9.894553185
0.999997079 -0.002069162 0.001205513 0.149876222 0.002068016 0.999997318 0.000951616 -0.341807306 -0.001207478 -0.000949120 0.999998868 10.252328873
0.999997914 -0.001917471 0.000745609 0.161983728 0.001916417 0.999997199 0.001411790 -0.357524037 -0.000748315 -0.001410359 0.999998748 10.627582550
0.999994338 -0.003297936 0.000554444 0.191839263 0.003297171 0.999993563 0.001375130 -0.354577810 -0.000558975 -0.001373294 0.999998927 10.978053093
0.999997556 -0.002027812 0.000912326 0.166627318 0.002025813 0.999995530 0.002186747 -0.403794110 -0.000916756 -0.002184893 0.999997199 11.328268051
0.999995232 -0.003037408 0.000554857 0.181931436 0.003036441 0.999993920 0.001735371 -0.405761242 -0.000560125 -0.001733678 0.999998331 11.721858025
0.999995947 -0.002787503 0.000582637 0.193876445 0.002786267 0.999993920 0.002110706 -0.420549423 -0.000588517 -0.002109074 0.999997616 12.106262207
0.999997854 -0.001591881 0.001332531 0.182732850 0.001588896 0.999996185 0.002237869 -0.431496888 -0.001336088 -0.002235746 0.999996662 12.459871292
0.999995410 -0.002957514 0.000606851 0.206174076 0.002956309 0.999993682 0.001976045 -0.439141154 -0.000612692 -0.001974242 0.999997854 12.849875450
0.999994278 -0.003378476 0.000386116 0.223654658 0.003377460 0.999990940 0.002599623 -0.458605319 -0.000394895 -0.002598304 0.999996543 13.236363411
0.999995887 -0.002437114 0.001493907 0.203697652 0.002433933 0.999994755 0.002127705 -0.476280093 -0.001499085 -0.002124060 0.999996543 13.661215782
0.999996960 -0.001711638 0.001787839 0.210222811 0.001707817 0.999996305 0.002136291 -0.483076662 -0.001791489 -0.002133232 0.999996066 14.075288773
0.999993742 -0.003250412 0.001401776 0.228664339 0.003247165 0.999992073 0.002312440 -0.504528105 -0.001409282 -0.002307874 0.999996305 14.506404877
0.999990880 -0.003810928 0.001870576 0.230110139 0.003805391 0.999988377 0.002954843 -0.516215563 -0.001881815 -0.002947698 0.999993861 14.896993637
0.999991119 -0.003798279 0.001807693 0.243085772 0.003793219 0.999988854 0.002794675 -0.521459937 -0.001818288 -0.002787793 0.999994457 15.319980621
0.999989688 -0.003952313 0.002215147 0.254403144 0.003946300 0.999988556 0.002712290 -0.549632311 -0.002225842 -0.002703520 0.999993861 15.719835281
0.999988735 -0.004249079 0.002098494 0.270632923 0.004242205 0.999985635 0.003269577 -0.566696465 -0.002112356 -0.003260638 0.999992430 16.156089783
0.999990046 -0.003589754 0.002681265 0.270502388 0.003581374 0.999988675 0.003123995 -0.580063164 -0.002692449 -0.003114361 0.999991536 16.586364746
0.999989390 -0.003285510 0.003229839 0.281144798 0.003276383 0.999990702 0.002827442 -0.585435569 -0.003239098 -0.002816829 0.999990761 17.074544907
0.999990642 -0.002536387 0.003493057 0.280456156 0.002525072 0.999991536 0.003240162 -0.599237561 -0.003501246 -0.003231311 0.999988616 17.557498932
0.999988854 -0.003252342 0.003417699 0.291979879 0.003240360 0.999988616 0.003505516 -0.620594203 -0.003429061 -0.003494402 0.999988019 17.946538925
0.999986649 -0.003287191 0.003974237 0.303379118 0.003273467 0.999988675 0.003454789 -0.629206240 -0.003985549 -0.003441734 0.999986112 18.424079895
0.999988258 -0.002966670 0.003828393 0.316671431 0.002951856 0.999988258 0.003869317 -0.644748807 -0.003839826 -0.003857971 0.999985158 18.886552811
0.999988079 -0.003040672 0.003834880 0.331154048 0.003025693 0.999987841 0.003905767 -0.659917712 -0.003846710 -0.003894116 0.999985039 19.384098053
0.999987602 -0.003213453 0.003796084 0.338370860 0.003197387 0.999985933 0.004230749 -0.682073414 -0.003809626 -0.004218559 0.999983847 19.852033615
0.999988317 -0.002655580 0.004047611 0.343511105 0.002639717 0.999988854 0.003919221 -0.686630011 -0.004057974 -0.003908490 0.999984145 20.344364166
0.999987841 -0.003808898 0.003110429 0.368710458 0.003795507 0.999983549 0.004299854 -0.729443073 -0.003126755 -0.004287998 0.999985933 20.849906921
0.999990344 -0.003435152 0.002751954 0.376723498 0.003423506 0.999985218 0.004225384 -0.732069612 -0.002766428 -0.004215922 0.999987304 21.362848282
0.999990404 -0.003609402 0.002486610 0.384193242 0.003599582 0.999985754 0.003942356 -0.753036499 -0.002500804 -0.003933367 0.999989152 21.887966156
0.999988675 -0.004232942 0.002158229 0.371588111 0.004222045 0.999978423 0.005028654 -0.788652122 -0.002179468 -0.005019486 0.999985039 22.391620636
0.999987006 -0.004903700 0.001372576 0.368190527 0.004897206 0.999976933 0.004695305 -0.786912799 -0.001395569 -0.004688522 0.999988019 22.878559113
0.999985218 -0.005421541 0.000421539 0.385633230 0.005419456 0.999973774 0.004798444 -0.811382174 -0.000447543 -0.004796088 0.999988377 23.358352661
0.999982178 -0.005976245 0.000145300 0.388226569 0.005975549 0.999972522 0.004397790 -0.824323773 -0.000171578 -0.004396844 0.999990284 23.896476746
0.999989450 -0.004593146 -0.000248808 0.384708852 0.004594306 0.999977529 0.004887817 -0.842169523 0.000226352 -0.004888908 0.999988019 24.430774689
0.999989390 -0.004612544 -0.000153067 0.382883102 0.004613317 0.999974191 0.005510862 -0.847769916 0.000127644 -0.005511509 0.999984801 24.938486099
0.999985516 -0.005247128 -0.001211105 0.389274925 0.005253049 0.999974012 0.004938423 -0.860559642 0.001185160 -0.004944712 0.999987066 25.470392227
0.999983907 -0.005379130 -0.001784630 0.398465157 0.005386594 0.999976635 0.004204379 -0.871240258 0.001761972 -0.004213924 0.999989510 26.018461227
0.999971628 -0.007035680 -0.002683091 0.419553638 0.007050712 0.999959290 0.005634818 -0.880311191 0.002643337 -0.005653576 0.999980509 26.574726105
0.999980450 -0.005970251 -0.001875879 0.380802363 0.005982067 0.999961913 0.006357479 -0.937119246 0.001837852 -0.006368577 0.999978065 27.108165741
0.999983549 -0.005320441 -0.002133887 0.391607225 0.005334223 0.999964654 0.006505670 -0.957567692 0.002099199 -0.006516945 0.999976516 27.708351135
0.999983847 -0.004627828 -0.003286660 0.403278530 0.004647919 0.999970317 0.006131730 -0.956475854 0.003258185 -0.006146907 0.999975801 28.212257385
0.999980807 -0.005210353 -0.003378218 0.406692922 0.005232871 0.999963820 0.006691381 -0.979194641 0.003343232 -0.006708932 0.999971926 28.766790390
0.999972820 -0.005969458 -0.004335725 0.409935445 0.005998675 0.999959171 0.006757135 -1.003803611 0.004295212 -0.006782960 0.999967813 29.329946518
0.999969959 -0.006017173 -0.004891485 0.408583760 0.006052645 0.999955237 0.007269518 -1.015603423 0.004847523 -0.007298906 0.999961615 29.868164062
0.999953091 -0.007590979 -0.006011929 0.454918951 0.007638767 0.999939024 0.007966173 -1.021844387 0.005951092 -0.008011724 0.999950230 30.420324326
0.999981761 -0.004077408 -0.004449080 0.387485743 0.004111614 0.999961972 0.007706467 -1.102090359 0.004417488 -0.007724619 0.999960423 30.919700623
0.999978125 -0.004540866 -0.004796783 0.400576890 0.004579295 0.999957323 0.008031205 -1.123018026 0.004760109 -0.008052994 0.999956250 31.452554703
0.999977827 -0.004648738 -0.004761322 0.415451586 0.004687490 0.999955714 0.008160259 -1.139381051 0.004723176 -0.008182398 0.999955356 32.024009705
0.999985397 -0.003352294 -0.004234461 0.381387591 0.003383528 0.999966919 0.007390765 -1.109951496 0.004209545 -0.007404984 0.999963701 32.553195953
0.999986649 -0.002874868 -0.004277266 0.393404841 0.002908748 0.999964237 0.007935912 -1.144230008 0.004254298 -0.007948250 0.999959350 33.093425751
0.999981821 -0.003649345 -0.004791396 0.412514269 0.003689148 0.999958515 0.008324822 -1.152353644 0.004760816 -0.008342348 0.999953866 33.601818085
0.999969780 -0.005183638 -0.005774499 0.442169726 0.005233378 0.999948978 0.008632230 -1.162515163 0.005729459 -0.008662190 0.999946058 34.282756805
0.999969542 -0.005101209 -0.005892299 0.438681453 0.005148355 0.999954581 0.008014171 -1.175278068 0.005851150 -0.008044261 0.999950469 34.567806244
0.999967694 -0.005260288 -0.006068478 0.448494017 0.005310323 0.999951780 0.008258483 -1.182445645 0.006024743 -0.008290443 0.999947488 35.112365723
0.999969006 -0.005170559 -0.005927060 0.449238777 0.005221182 0.999949753 0.008557585 -1.205723405 0.005882514 -0.008588265 0.999945760 35.643245697
0.999975145 -0.003890034 -0.005879548 0.458589792 0.003933485 0.999964893 0.007396897 -1.195931554 0.005850567 -0.007419840 0.999955297 36.228698730
0.999977529 -0.003242484 -0.005855222 0.470856994 0.003290335 0.999961078 0.008181444 -1.227466702 0.005828465 -0.008200525 0.999949396 36.717475891
0.999970853 -0.004830401 -0.005910365 0.474096477 0.004872602 0.999962628 0.007146887 -1.215438366 0.005875622 -0.007175476 0.999956965 37.329967499
0.999970794 -0.003760166 -0.006653814 0.495260715 0.003813493 0.999960601 0.008020147 -1.252540588 0.006623395 -0.008045287 0.999945641 37.841312408
0.999959588 -0.006104753 -0.006592564 0.461339772 0.006157872 0.999948502 0.008067636 -1.241611838 0.006542974 -0.008107906 0.999945760 38.379302979
0.999964416 -0.004742923 -0.006966645 0.510796666 0.004804269 0.999949694 0.008815577 -1.300945401 0.006924482 -0.008848734 0.999936819 38.934646606
0.999953151 -0.006202509 -0.007433494 0.472703278 0.006273259 0.999934912 0.009532697 -1.297681808 0.007373882 -0.009578882 0.999926865 39.224475861
0.999953687 -0.006284557 -0.007296598 0.474659562 0.006353053 0.999935567 0.009402541 -1.313208818 0.007237038 -0.009448458 0.999929130 39.760223389
0.999959171 -0.005423429 -0.007221396 0.493454546 0.005491151 0.999940872 0.009391541 -1.318377495 0.007170034 -0.009430812 0.999929786 40.313709259
0.999961257 -0.004823844 -0.007364686 0.504705369 0.004891753 0.999945402 0.009230917 -1.337015033 0.007319756 -0.009266587 0.999930263 40.858997345
0.999966145 -0.004786903 -0.006686994 0.493142545 0.004849855 0.999943793 0.009430012 -1.350931406 0.006641477 -0.009462123 0.999933183 41.379837036
0.999955952 -0.005010607 -0.007938514 0.539570093 0.005087027 0.999940693 0.009635795 -1.372001886 0.007889761 -0.009675755 0.999922097 41.927471161
0.999954879 -0.005522483 -0.007730075 0.506480515 0.005598021 0.999936461 0.009784810 -1.349407673 0.007675547 -0.009827643 0.999922276 42.530944824
0.999958098 -0.005491562 -0.007329192 0.495552391 0.005568393 0.999929368 0.010503951 -1.395146608 0.007270991 -0.010544322 0.999917984 42.969074249
0.999961257 -0.005163600 -0.007127973 0.507189274 0.005235059 0.999935925 0.010043185 -1.380033851 0.007075656 -0.010080110 0.999924123 43.509132385
0.999933600 -0.008056381 -0.008240704 0.476360738 0.008148074 0.999904513 0.011154360 -1.425790548 0.008150055 -0.011220766 0.999903858 43.872844696
0.999940157 -0.007564764 -0.007898144 0.478997022 0.007652803 0.999908149 0.011176628 -1.435647130 0.007812871 -0.011236400 0.999906421 44.431190491
0.999932468 -0.008003845 -0.008422870 0.493583173 0.008105583 0.999893725 0.012114771 -1.447403431 0.008325010 -0.012182228 0.999891162 44.948314667
0.999924421 -0.008617447 -0.008770330 0.498730868 0.008725140 0.999886036 0.012315966 -1.460209131 0.008663199 -0.012391557 0.999885738 45.462566376
0.999942422 -0.007537815 -0.007646652 0.447004020 0.007626077 0.999903798 0.011579887 -1.458258152 0.007558629 -0.011637536 0.999903679 46.059608459
0.999929667 -0.008057762 -0.008696635 0.524029374 0.008164552 0.999890745 0.012314696 -1.504204631 0.008596458 -0.012384834 0.999886394 46.618694305
0.999950171 -0.005696050 -0.008199811 0.500069737 0.005794608 0.999910653 0.012046207 -1.502564311 0.008130462 -0.012093123 0.999893904 47.120471954
0.999928832 -0.008397791 -0.008472686 0.453257620 0.008493644 0.999899566 0.011341392 -1.493702173 0.008376594 -0.011412552 0.999899805 47.712818146
0.999929309 -0.008639516 -0.008162928 0.381969810 0.008738485 0.999887764 0.012167360 -1.569805264 0.008056893 -0.012237832 0.999892652 48.110237122
0.999923944 -0.009019490 -0.008414526 0.395575434 0.009124107 0.999880433 0.012478247 -1.580955863 0.008300974 -0.012554073 0.999886692 48.659404755
0.999924898 -0.009149254 -0.008154118 0.397081226 0.009247478 0.999884129 0.012090646 -1.587176800 0.008042556 -0.012165141 0.999893606 49.219654083
0.999926984 -0.008832829 -0.008237859 0.408595741 0.008923081 0.999899805 0.010984048 -1.578413010 0.008140014 -0.011056753 0.999905705 49.804897308
0.999929488 -0.008941629 -0.007814551 0.418572873 0.009035516 0.999886394 0.012062735 -1.594778299 0.007705802 -0.012132492 0.999896646 50.294010162
0.999942303 -0.007682915 -0.007508004 0.393121094 0.007778289 0.999888480 0.012757467 -1.623087406 0.007409151 -0.012815131 0.999890447 50.619689941
0.999950051 -0.006589802 -0.007515197 0.400405735 0.006681778 0.999902248 0.012279886 -1.630307913 0.007433540 -0.012329487 0.999896348 51.170269012
0.999932766 -0.008492773 -0.007891239 0.435448885 0.008583332 0.999896884 0.011513798 -1.617927074 0.007792640 -0.011580758 0.999902606 51.706367493
0.999946296 -0.007278035 -0.007374034 0.411380023 0.007368617 0.999896765 0.012332036 -1.657297850 0.007283521 -0.012385711 0.999896824 52.208507538
0.999953210 -0.007267482 -0.006385499 0.344290853 0.007347438 0.999893725 0.012588550 -1.709456444 0.006293334 -0.012634878 0.999900401 52.729335785
0.999954581 -0.006728155 -0.006746361 0.354033738 0.006817095 0.999888957 0.013248254 -1.659841180 0.006656478 -0.013293641 0.999889493 53.147075653
0.999960184 -0.005847373 -0.006737938 0.358451664 0.005926829 0.999912500 0.011833251 -1.654525280 0.006668153 -0.011872713 0.999907255 53.705261230
0.999960601 -0.006195015 -0.006349997 0.338893145 0.006269295 0.999911427 0.011745200 -1.668002248 0.006276673 -0.011784549 0.999910831 54.227897644
0.999963939 -0.005724529 -0.006265663 0.370033115 0.005798026 0.999913871 0.011775431 -1.662562132 0.006197715 -0.011811336 0.999911010 54.810657501
0.999968469 -0.005187626 -0.006013892 0.402654678 0.005257714 0.999917805 0.011697603 -1.677639723 0.005952716 -0.011728853 0.999913514 55.365482330
0.999957085 -0.006106026 -0.006963031 0.452113956 0.006188651 0.999909997 0.011906888 -1.698603392 0.006889700 -0.011949470 0.999904811 55.893379211
0.999974728 -0.003514224 -0.006183109 0.554339170 0.003588277 0.999921560 0.012006742 -1.739078283 0.006140429 -0.012028625 0.999908805 56.325073242
0.999976039 -0.004438635 -0.005297388 0.455366880 0.004502670 0.999916255 0.012137903 -1.730163813 0.005243068 -0.012161467 0.999912322 56.638298035
0.999960244 -0.006373215 -0.006228845 0.370172411 0.006461880 0.999876618 0.014319458 -1.731621385 0.006136816 -0.014359141 0.999877989 56.899593353
0.999966741 -0.005832150 -0.005710510 0.368546546 0.005913324 0.999880254 0.014302556 -1.738711596 0.005626413 -0.014335848 0.999881327 57.437183380
0.999962509 -0.006250494 -0.005981977 0.395882815 0.006336869 0.999874353 0.014530906 -1.749688625 0.005890400 -0.014568269 0.999876499 58.002052307
0.999977112 -0.004702494 -0.004870323 0.374249101 0.004772883 0.999882877 0.014543228 -1.750481129 0.004801364 -0.014566141 0.999882340 58.515811920
0.999980152 -0.004436461 -0.004464264 0.403769940 0.004499613 0.999888599 0.014237140 -1.773804903 0.004400603 -0.014256948 0.999888659 59.032608032
0.999984145 -0.003360988 -0.004514012 0.490985632 0.003431219 0.999871850 0.015641913 -1.804670095 0.004460862 -0.015657153 0.999867380 59.436317444
0.999978185 -0.003532149 -0.005568129 0.556280315 0.003616631 0.999877334 0.015236163 -1.800927401 0.005513631 -0.015255969 0.999868393 59.946846008
0.999966502 -0.005509943 -0.006054844 0.395438313 0.005601762 0.999867976 0.015253745 -1.787223697 0.005969997 -0.015287155 0.999865294 60.272270203
0.999965847 -0.005639216 -0.006042246 0.398837000 0.005731173 0.999866307 0.015311314 -1.796123743 0.005955095 -0.015345419 0.999864519 60.790687561
0.999964297 -0.005670201 -0.006269627 0.404698819 0.005762040 0.999874890 0.014728445 -1.805781603 0.006185330 -0.014764041 0.999871910 61.339946747
0.999976277 -0.004330912 -0.005351318 0.386663914 0.004412210 0.999873519 0.015274912 -1.823678255 0.005284488 -0.015298161 0.999868989 61.884300232
0.999959409 -0.005773983 -0.006919015 0.448752940 0.005872389 0.999880672 0.014287638 -1.785504341 0.006835692 -0.014327689 0.999873936 62.377616882
0.999981225 -0.003198386 -0.005228655 0.448830724 0.003272218 0.999894202 0.014173646 -1.821063638 0.005182769 -0.014190488 0.999885857 62.959629059
0.999973953 -0.004687127 -0.005488205 0.388081968 0.004768167 0.999878407 0.014847410 -1.855602026 0.005417946 -0.014873192 0.999874711 63.271911621
0.999977410 -0.004214859 -0.005225477 0.406059057 0.004295575 0.999870121 0.015532902 -1.879041791 0.005159329 -0.015554999 0.999865651 63.794269562
0.999977529 -0.004409094 -0.005042966 0.404005319 0.004484977 0.999875367 0.015136300 -1.876556396 0.004975599 -0.015158577 0.999872684 64.354408264
0.999981940 -0.004279819 -0.004214935 0.403632551 0.004341626 0.999881566 0.014765386 -1.876183987 0.004151245 -0.014783421 0.999882042 64.912437439
0.999981999 -0.003674698 -0.004736084 0.421500951 0.003743773 0.999885499 0.014659665 -1.885243773 0.004681672 -0.014677132 0.999881327 65.453155518
0.999982178 -0.004033871 -0.004401939 0.398603767 0.004094230 0.999896526 0.013789974 -1.878566980 0.004345857 -0.013807750 0.999895155 66.051300049
0.999980569 -0.004022656 -0.004758670 0.385961413 0.004098400 0.999863267 0.016015522 -1.924655199 0.004693595 -0.016034711 0.999860406 66.208038330
0.999985158 -0.002804165 -0.004668950 0.403419733 0.002875363 0.999878585 0.015313003 -1.933434367 0.004625443 -0.015326198 0.999871850 66.735649109
0.999980628 -0.003507812 -0.005143375 0.414793700 0.003585906 0.999877214 0.015253493 -1.934565067 0.005089237 -0.015271641 0.999870420 67.296615601
0.999978244 -0.004106529 -0.005168698 0.436566174 0.004182270 0.999882758 0.014729178 -1.927515984 0.005107607 -0.014750472 0.999878109 67.802253723
0.999979138 -0.003730188 -0.005269751 0.444022447 0.003810881 0.999874353 0.015386468 -1.946252108 0.005211696 -0.015406227 0.999867678 68.338012695
0.999985695 -0.002770936 -0.004574535 0.405185133 0.002840617 0.999878883 0.015296943 -1.982112408 0.004531595 -0.015309718 0.999872506 68.909255981
0.999981999 -0.003006996 -0.005196005 0.450195849 0.003085659 0.999879718 0.015198055 -1.962556243 0.005149680 -0.015213812 0.999870956 69.335067749
0.999985039 -0.003091359 -0.004514107 0.412158996 0.003165055 0.999860466 0.016411152 -1.997829914 0.004462743 -0.016425194 0.999855101 69.599998474
0.999987781 -0.002676171 -0.004153256 0.418984830 0.002740283 0.999876022 0.015508648 -1.994688034 0.004111237 -0.015519839 0.999871135 70.162757874
0.999989152 -0.002003224 -0.004204436 0.427869141 0.002069143 0.999874115 0.015733320 -2.005826950 0.004172389 -0.015741851 0.999867380 70.720062256
0.999981225 -0.003794500 -0.004812145 0.452366531 0.003866738 0.999878645 0.015092268 -2.009446144 0.004754293 -0.015110592 0.999874592 71.284599304
0.999985814 -0.002709986 -0.004589757 0.481388360 0.002777816 0.999886096 0.014837293 -2.009078026 0.004549025 -0.014849833 0.999879420 71.744117737
0.999973655 -0.004677802 -0.005553075 0.522077382 0.004763104 0.999869347 0.015448573 -2.028247833 0.005480083 -0.015474618 0.999865234 72.235420227
0.999968827 -0.005275895 -0.005872270 0.557767987 0.005366957 0.999863863 0.015600963 -2.054610491 0.005789160 -0.015631994 0.999861062 72.764579773
0.999987125 -0.003599151 -0.003568572 0.347716808 0.003654510 0.999871194 0.015629744 -1.970755816 0.003511857 -0.015642587 0.999871433 73.325325012
0.999989152 -0.003108011 -0.003463883 0.348700672 0.003162044 0.999871731 0.015704161 -1.985050917 0.003414631 -0.015714942 0.999870658 73.860099792
0.999985635 -0.004031758 -0.003547352 0.347185493 0.004084713 0.999878407 0.015049561 -1.969585538 0.003486245 -0.015063835 0.999880433 74.402297974
0.999987483 -0.003522401 -0.003543803 0.358901978 0.003575034 0.999881744 0.014957075 -1.972696662 0.003490699 -0.014969560 0.999881864 74.961730957
0.999976337 -0.005552004 -0.004065776 0.395145625 0.005609499 0.999882460 0.014268968 -1.955079794 0.003986076 -0.014291440 0.999889910 75.447410583
0.999981225 -0.004516422 -0.004145637 0.368849337 0.004578014 0.999877453 0.014969693 -1.983233333 0.004077520 -0.014988394 0.999879420 76.081443787
0.999991119 -0.003157266 -0.002768501 0.320453703 0.003199086 0.999878943 0.015233620 -1.977227330 0.002720069 -0.015242345 0.999880135 76.473083496
0.999995649 -0.002564377 -0.001456812 0.332057357 0.002587021 0.999872446 0.015760828 -1.987551332 0.001416208 -0.015764527 0.999874711 77.009361267
0.999995768 -0.002884395 -0.000225045 0.348394841 0.002887517 0.999877334 0.015391268 -2.000180244 0.000180623 -0.015391855 0.999881506 77.574508667
0.999994695 -0.003236301 0.000187577 0.383380413 0.003232951 0.999871016 0.015726842 -2.020333290 -0.000238450 -0.015726151 0.999876320 78.112487793
0.999993443 -0.002549722 0.002618947 0.339573085 0.002508856 0.999876857 0.015490461 -2.006675482 -0.002658121 -0.015483784 0.999876499 78.567779541
0.999981821 -0.002687121 0.005405201 0.361677945 0.002607698 0.999889314 0.014647537 -2.013040066 -0.005443962 -0.014633174 0.999878109 79.125740051
0.999953985 -0.001218702 0.009513060 0.371155351 0.001065098 0.999869168 0.016135035 -2.045612335 -0.009531479 -0.016124159 0.999824524 79.663108826
0.999926388 -0.001769797 0.012003260 0.397115409 0.001589437 0.999885917 0.015018865 -2.008466244 -0.012028471 -0.014998684 0.999815106 80.230247498
0.999863088 -0.002126712 0.016410938 0.396545708 0.001877392 0.999882758 0.015192823 -2.003569126 -0.016441325 -0.015159931 0.999749899 80.618644714
0.999734461 -0.001270207 0.023014007 0.411125183 0.000914420 0.999880016 0.015463528 -2.022915363 -0.023030886 -0.015438374 0.999615550 81.185775757
0.999601781 -0.002216393 0.028131854 0.477270126 0.001788173 0.999882221 0.015237962 -2.012759209 -0.028162315 -0.015181587 0.999487996 81.697677612
0.999408126 -0.002430706 0.034316469 0.495001316 0.001909963 0.999882638 0.015199356 -2.014213800 -0.034349382 -0.015124816 0.999295473 82.260307312
0.999093473 -0.002297261 0.042509869 0.568235874 0.001677764 0.999891877 0.014602955 -2.015474796 -0.042538822 -0.014518393 0.998989284 82.860054016
0.998694658 -0.002558577 0.051014744 0.590794086 0.001779370 0.999881089 0.015313736 -2.025595188 -0.051047858 -0.015202970 0.998580575 83.337211609
0.998334348 -0.002131835 0.057654783 0.653470516 0.001289407 0.999891937 0.014644851 -1.993421793 -0.057679761 -0.014546114 0.998229146 83.812179565
0.997838914 -0.002669587 0.065655157 0.820194244 0.001740804 0.999897599 0.014199520 -2.014515638 -0.065686345 -0.014054537 0.997741342 84.506416321
0.997048140 -0.002554881 0.076737806 0.708635330 0.001372334 0.999879539 0.015459006 -2.051941395 -0.076768070 -0.015308063 0.996931374 84.814682007
0.996262312 -0.001572774 0.086364985 0.765503407 0.000257102 0.999883771 0.015242865 -2.053516388 -0.086378939 -0.015163689 0.996146858 85.370216370
0.995537639 -0.001583804 0.094351508 0.823239803 0.000186658 0.999890208 0.014814863 -2.060351133 -0.094364606 -0.014731143 0.995428681 85.989463806
0.994427383 -0.000082311 0.105423599 0.928806305 -0.001557685 0.999879003 0.015473817 -2.105863571 -0.105412111 -0.015551805 0.994306982 86.528671265
0.993292391 0.000002934 0.115629673 0.991703033 -0.001865246 0.999870300 0.015997639 -2.110032558 -0.115614608 -0.016106008 0.993163586 87.041053772
0.991925061 0.002518641 0.126799911 1.002943039 -0.004619980 0.999856770 0.016280718 -2.102903843 -0.126740739 -0.016735066 0.991794705 87.511573792
0.990830183 -0.002139210 0.135095745 1.146531105 0.000142240 0.999890566 0.014789817 -2.062139750 -0.135112599 -0.014634981 0.990722179 88.171699524
0.989041567 -0.002650731 0.147613108 1.247649193 0.000393624 0.999882638 0.015317807 -2.073861122 -0.147636399 -0.015091844 0.988926530 88.721206665
0.987369418 -0.002661604 0.158413053 1.362709045 0.000383165 0.999896109 0.014411706 -2.074026108 -0.158434942 -0.014168977 0.987267733 89.262634277
0.985838234 -0.002589251 0.167679340 1.472365379 0.000144878 0.999893546 0.014588259 -2.084367752 -0.167699262 -0.014357368 0.985733688 89.805862427
0.983574331 -0.002076149 0.180491865 1.582344055 -0.000597478 0.999890864 0.014757377 -2.097869873 -0.180502817 -0.014622815 0.983465791 90.311698914
0.981298566 -0.002969935 0.192468524 1.723704338 0.000161138 0.999893308 0.014607552 -2.100862503 -0.192491323 -0.014303357 0.981194437 90.856887817
0.979040623 -0.003597562 0.203633294 1.792474747 0.000744467 0.999900520 0.014085813 -2.043746948 -0.203663677 -0.013638985 0.978945911 91.448211670
0.976073384 -0.002540897 0.217426345 1.926839828 -0.000576893 0.999898016 0.014274846 -2.056100368 -0.217440411 -0.014058731 0.975972295 92.006446838
0.972920120 -0.002851432 0.231124148 2.080644608 -0.000386585 0.999902427 0.013963362 -2.058310986 -0.231141388 -0.013674585 0.972824097 92.520416260
0.970356762 -0.004474503 0.241635352 2.264076233 0.000974651 0.999893010 0.014601601 -2.093920946 -0.241674796 -0.013933257 0.970257223 92.993988037
0.967172921 -0.003504769 0.254094571 2.442790985 -0.000007985 0.999904454 0.013822244 -2.063120365 -0.254118681 -0.013370531 0.967080653 93.551399231
0.962927699 -0.002562466 0.269747943 2.522396088 -0.001217500 0.999903440 0.013844718 -2.029398441 -0.269757420 -0.013659875 0.962831438 94.182968140
0.959405303 -0.002958326 0.282015592 2.704166412 -0.000879906 0.999908745 0.013482384 -2.036851168 -0.282029778 -0.013183217 0.959315062 94.702919006
0.956446588 -0.005329310 0.291858763 2.910032272 0.001486377 0.999909282 0.013387256 -2.050127506 -0.291903615 -0.012370382 0.956367731 95.209724426
0.951831639 -0.004339439 0.306590289 3.090965271 0.000064149 0.999902666 0.013953338 -2.063157558 -0.306621015 -0.013261559 0.951739311 95.771087646
0.947012484 -0.004549335 0.321164638 3.289594650 0.000336857 0.999913156 0.013170606 -2.054780245 -0.321196705 -0.012364539 0.946931779 96.295219421
0.943097413 -0.005525367 0.332470864 3.467824936 0.001148520 0.999910057 0.013359682 -2.067509651 -0.332514822 -0.012217628 0.943018913 96.757385254
0.938363314 -0.003991409 0.345627874 3.729200363 -0.000785144 0.999906063 0.013678836 -2.074461937 -0.345650017 -0.013107079 0.938271880 97.413063049
0.933222294 -0.003383298 0.359283626 3.958456039 -0.001583779 0.999907196 0.013529709 -2.078437328 -0.359296024 -0.013195249 0.933130324 97.927886963
0.928455830 -0.004648144 0.371413887 4.183418274 -0.000565677 0.999902844 0.013927586 -2.092483282 -0.371442527 -0.013141247 0.928362906 98.427833557
0.923607945 -0.003960361 0.383318067 4.418825150 -0.001243212 0.999910414 0.013326392 -2.098086596 -0.383336484 -0.012784906 0.923520148 98.947883606
0.917965055 -0.005138120 0.396628171 4.677494049 -0.000796260 0.999890208 0.014795963 -2.136816978 -0.396660656 -0.013897993 0.917860031 99.383911133
0.912258267 -0.005162956 0.409582943 4.930751801 -0.000929089 0.999891937 0.014673385 -2.144026756 -0.409614444 -0.013766453 0.912154853 99.945510864
0.907374859 -0.005035382 0.420292139 5.186077118 -0.001085149 0.999896944 0.014322176 -2.148028851 -0.420320988 -0.013451662 0.907275677 100.437957764
0.901619434 -0.005385972 0.432496756 5.449180603 -0.000897367 0.999897063 0.014322652 -2.150777340 -0.432529390 -0.013301691 0.901521683 100.956939697
0.895311654 -0.006331814 0.445395410 5.721446991 0.000220862 0.999905109 0.013770854 -2.173013687 -0.445440352 -0.012230832 0.895228148 101.404808044
0.888825595 -0.005441321 0.458213329 5.986724854 -0.001212320 0.999898076 0.014225483 -2.190861702 -0.458244056 -0.013199475 0.888728321 101.895683289
0.883321404 -0.006413056 0.468723953 6.290233612 -0.000327783 0.999897718 0.014298264 -2.207605600 -0.468767703 -0.012783602 0.883229017 102.361831665
0.875884116 -0.006869387 0.482472599 6.530910492 0.000436970 0.999909461 0.013443314 -2.134818554 -0.482521296 -0.011563957 0.875807881 102.892265320
