1.000000000 0.000000000 0.000000000 0.000000000 0.000000000 1.000000000 0.000000000 0.000000000 0.000000000 0.000000000 1.000000000 0.000000000
1.000000000 0.000050365 -0.000048541 0.003609972 -0.000050361 1.000000000 0.000081980 -0.000232034 0.000048545 -0.000081977 1.000000000 -0.000720263
1.000000000 -0.000116546 -0.000080162 0.001504509 0.000116551 1.000000000 0.000064439 0.000118305 0.000080154 -0.000064448 1.000000000 -0.000418368
1.000000000 -0.000058677 -0.000162291 0.004940429 0.000058671 1.000000000 -0.000036543 0.001373654 0.000162293 0.000036533 1.000000000 0.005202322
1.000000000 0.000097178 -0.000043691 0.001169272 -0.000097176 1.000000000 0.000036567 0.001332374 0.000043694 -0.000036562 1.000000000 -0.004512154
1.000000000 -0.000086725 -0.000097544 -0.000493240 0.000086728 1.000000000 0.000029858 0.000690800 0.000097542 -0.000029867 1.000000000 -0.002399112
0.999999940 -0.000196334 -0.000194113 0.003332903 0.000196321 1.000000000 -0.000066359 0.000376152 0.000194127 0.000066321 1.000000000 0.000893920
1.000000000 0.000003703 -0.000051814 0.002210066 -0.000003702 1.000000000 0.000014736 -0.000060318 0.000051814 -0.000014736 1.000000000 0.002030405
1.000000000 0.000050826 0.000047465 0.000208176 -0.000050825 1.000000000 -0.000024506 0.001712966 -0.000047466 0.000024504 1.000000000 -0.004340595
1.000000000 -0.000148210 -0.000133708 0.003574031 0.000148213 1.000000000 0.000023990 -0.000418017 0.000133705 -0.000024009 1.000000000 -0.000666526
0.999999940 -0.000171386 -0.000275424 0.007126829 0.000171377 1.000000000 -0.000033563 0.000583694 0.000275430 0.000033516 0.999999940 0.001844549
1.000000000 -0.000023689 -0.000123657 0.004186157 0.000023681 1.000000000 -0.000059380 0.000181128 0.000123658 0.000059377 1.000000000 0.002570840
0.999999940 -0.000368562 -0.000136668 0.000503562 0.000368576 0.999999940 0.000104345 -0.002109495 0.000136630 -0.000104395 1.000000000 -0.006043128
0.999999881 -0.000351048 -0.000257437 0.005693738 0.000351056 0.999999940 0.000031764 -0.001195031 0.000257426 -0.000031854 0.999999940 -0.001944844
1.000000000 -0.000120694 -0.000073407 0.004075740 0.000120695 1.000000000 0.000017634 0.000127082 0.000073405 -0.000017642 1.000000000 0.000027513
1.000000000 0.000101605 -0.000057001 0.002094165 -0.000101608 1.000000000 -0.000038213 0.001688121 0.000056997 0.000038219 1.000000000 -0.007780825
1.000000000 -0.000112072 -0.000067678 0.001926477 0.000112071 1.000000000 -0.000006305 0.001213790 0.000067679 0.000006297 1.000000000 -0.007241503
1.000000000 -0.000060906 -0.000140886 0.002786215 0.000060900 1.000000000 -0.000040803 0.000528011 0.000140889 0.000040795 1.000000000 -0.008333655
1.000000000 -0.000092498 -0.000086479 0.003208476 0.000092502 1.000000000 0.000052245 -0.000981646 0.000086475 -0.000052253 1.000000000 -0.005540843
1.000000000 -0.000042334 -0.000149303 0.006986497 0.000042341 1.000000000 0.000052045 -0.000564296 0.000149301 -0.000052052 1.000000000 -0.000293879
0.999999940 -0.000232803 -0.000172255 0.007611918 0.000232811 1.000000000 0.000047807 -0.000517120 0.000172244 -0.000047847 1.000000000 -0.002447026
1.000000000 -0.000198169 -0.000063218 0.000660588 0.000198173 1.000000000 0.000057515 0.001744660 0.000063207 -0.000057528 1.000000000 -0.005666920
1.000000000 -0.000168477 -0.000171838 0.008759274 0.000168468 1.000000000 -0.000049866 0.000027381 0.000171846 0.000049837 1.000000000 0.000019452
1.000000000 -0.000023764 0.000001829 0.001247552 0.000023764 1.000000000 0.000006708 0.000934798 -0.000001830 -0.000006708 1.000000000 -0.008525304
1.000000000 0.000091839 0.000068363 -0.002588975 -0.000091832 1.000000000 -0.000094544 0.001979472 -0.000068372 0.000094537 1.000000000 -0.001238153
1.000000000 -0.000172951 -0.000157045 0.003808505 0.000172964 1.000000000 0.000078659 0.000500187 0.000157031 -0.000078686 1.000000000 0.002155156
0.999999881 -0.000352145 -0.000261173 0.007342880 0.000352157 0.999999940 0.000046282 0.002163760 0.000261157 -0.000046374 0.999999940 0.001160180
0.999999940 -0.000130651 -0.000230935 0.005669629 0.000130664 1.000000000 0.000054786 -0.000178082 0.000230928 -0.000054816 1.000000000 -0.000296577
1.000000000 -0.000190358 -0.000145225 0.004202897 0.000190379 1.000000000 0.000143916 -0.000217780 0.000145198 -0.000143944 1.000000000 0.003953203
0.999999940 -0.000280921 -0.000181042 0.002485086 0.000280945 0.999999940 0.000136158 0.000536200 0.000181004 -0.000136209 1.000000000 0.002687912
0.999999940 -0.000331261 -0.000248179 0.006150587 0.000331296 0.999999940 0.000140341 -0.002552981 0.000248132 -0.000140424 0.999999940 -0.004794833
1.000000000 -0.000042020 -0.000214035 0.005017608 0.000042006 1.000000000 -0.000063400 0.000723771 0.000214038 0.000063391 1.000000000 -0.000003399
1.000000000 -0.000075657 -0.000046023 -0.000369581 0.000075657 1.000000000 -0.000008556 0.002907335 0.000046023 0.000008553 1.000000000 -0.002693707
1.000000000 -0.000136621 -0.000167172 0.003205189 0.000136624 1.000000000 0.000021378 0.001889248 0.000167169 -0.000021401 1.000000000 0.003207030
0.999999940 -0.000210531 -0.000231974 0.005490594 0.000210522 1.000000000 -0.000036572 0.001501314 0.000231982 0.000036523 1.000000000 0.001873459
0.999999940 -0.000244133 -0.000188484 0.007201557 0.000244144 0.999999940 0.000053928 -0.000304374 0.000188471 -0.000053974 1.000000000 0.001770837
1.000000000 -0.000033983 -0.000119653 0.001229715 0.000033999 1.000000000 0.000130060 0.001451777 0.000119648 -0.000130064 1.000000000 -0.009960830
0.999999940 -0.000249519 -0.000240974 0.002108922 0.000249521 0.999999940 0.000009034 -0.000286207 0.000240972 -0.000009095 1.000000000 -0.004211265
0.999999940 -0.000207534 -0.000254654 0.008013077 0.000207385 0.999999821 -0.000586109 -0.003699884 0.000254776 0.000586057 0.999999821 0.047837548
0.999999940 -0.000088809 -0.000245320 0.006904373 0.000088489 0.999999166 -0.001302461 -0.002619681 0.000245435 0.001302439 0.999999106 0.145306900
1.000000000 -0.000021391 -0.000172133 0.006011439 0.000021153 0.999999046 -0.001385360 -0.010654472 0.000172163 0.001385356 0.999999046 0.263688803
1.000000000 -0.000165021 -0.000052727 0.005108593 0.000164958 0.999999285 -0.001200292 -0.016398475 0.000052925 0.001200283 0.999999285 0.383530289
0.999999940 -0.000140365 -0.000363921 0.012157506 0.000139968 0.999999404 -0.001089529 -0.020039937 0.000364074 0.001089478 0.999999344 0.547105968
0.999999940 -0.000257734 -0.000170479 0.012255609 0.000257541 0.999999344 -0.001131166 -0.026625747 0.000170770 0.001131122 0.999999344 0.694477439
0.999999940 -0.000388481 -0.000036801 0.024643734 0.000388447 0.999999523 -0.000912661 -0.026169155 0.000037155 0.000912647 0.999999583 0.862188637
1.000000000 -0.000092287 -0.000036607 0.017004365 0.000092259 0.999999702 -0.000746542 -0.032425273 0.000036676 0.000746538 0.999999702 1.035039186
0.999999940 0.000145147 0.000351085 0.016558034 -0.000144861 0.999999642 -0.000814687 -0.031245397 -0.000351203 0.000814636 0.999999583 1.216417789
0.999999940 -0.000403368 -0.000009953 0.033542015 0.000403362 0.999999762 -0.000537446 -0.042992529 0.000010170 0.000537442 0.999999881 1.418102741
0.999999821 -0.000101637 -0.000559849 0.047428679 0.000101398 0.999999881 -0.000426719 -0.055392556 0.000559892 0.000426662 0.999999762 1.621673822
0.999999821 -0.000565909 -0.000220174 0.043623168 0.000565870 0.999999821 -0.000175465 -0.057539552 0.000220274 0.000175340 0.999999940 1.790406704
0.999995410 -0.002928407 -0.000902455 0.039823167 0.002929886 0.999994338 0.001641339 -0.084187999 0.000897644 -0.001643975 0.999998212 2.033510447
0.999995291 -0.002926695 -0.000870100 0.047030859 0.002928007 0.999994576 0.001510112 -0.090035848 0.000865676 -0.001512653 0.999998510 2.261811495
0.999997675 -0.002137596 -0.000341267 0.044844732 0.002138166 0.999996305 0.001677009 -0.091941983 0.000337681 -0.001677735 0.999998569 2.467871428
0.999995887 -0.002702993 -0.000944961 0.054945715 0.002704664 0.999994755 0.001771476 -0.106435895 0.000940168 -0.001774025 0.999997973 2.723306417
0.999997079 -0.002331811 -0.000624354 0.053566262 0.002333086 0.999995172 0.002048789 -0.112507038 0.000619573 -0.002050240 0.999997675 2.954729319
0.999995887 -0.002732091 -0.000902490 0.066767253 0.002733787 0.999994457 0.001883317 -0.115727484 0.000897339 -0.001885776 0.999997795 3.190960407
0.999995589 -0.002891455 -0.000705027 0.062990718 0.002892713 0.999994159 0.001790478 -0.120093256 0.000699846 -0.001792510 0.999998093 3.440889120
0.999994576 -0.003056453 -0.001225527 0.075646296 0.003058633 0.999993742 0.001781427 -0.129295245 0.001220074 -0.001785166 0.999997675 3.694013119
0.999995649 -0.002596377 -0.001437186 0.080808580 0.002599030 0.999994934 0.001846916 -0.134528115 0.001432384 -0.001850643 0.999997258 3.936136246
0.999991775 -0.003688809 -0.001691306 0.090136886 0.003691857 0.999991596 0.001803310 -0.143149838 0.001684640 -0.001809539 0.999996960 4.223960876
0.999994397 -0.003016388 -0.001423823 0.093761712 0.003019319 0.999993324 0.002061033 -0.147616610 0.001417597 -0.002065320 0.999996901 4.480767250
0.999994040 -0.003040405 -0.001635373 0.104247242 0.003044128 0.999992728 0.002278858 -0.160916463 0.001628432 -0.002283823 0.999996066 4.715054035
0.999990642 -0.004003098 -0.001644556 0.098823525 0.004007107 0.999988973 0.002441951 -0.176764548 0.001634763 -0.002448518 0.999995649 4.991378307
0.999989569 -0.004307387 -0.001554572 0.105081163 0.004311105 0.999987900 0.002396049 -0.185407981 0.001544232 -0.002402726 0.999995887 5.250879288
0.999990582 -0.004034609 -0.001607405 0.110580236 0.004038699 0.999988556 0.002549266 -0.190937817 0.001597102 -0.002555734 0.999995470 5.516938210
0.999990821 -0.004031667 -0.001467498 0.112106062 0.004035521 0.999988317 0.002632854 -0.199029699 0.001456867 -0.002638752 0.999995410 5.769650459
0.999992251 -0.003776310 -0.001087677 0.118678659 0.003779424 0.999988675 0.002876152 -0.213149980 0.001076804 -0.002880241 0.999995291 6.051068783
0.999993503 -0.003434632 -0.001053418 0.127274185 0.003437722 0.999989688 0.002945105 -0.225855559 0.001043292 -0.002948707 0.999995112 6.292179585
0.999992311 -0.003819048 -0.000916459 0.115935452 0.003821565 0.999988914 0.002761164 -0.236764073 0.000905903 -0.002764645 0.999995768 6.605154037
0.999993920 -0.003368749 -0.000975339 0.117297791 0.003371379 0.999990702 0.002707579 -0.247422338 0.000966209 -0.002710850 0.999995887 6.889620781
0.999993205 -0.003658987 -0.000531923 0.122322410 0.003660382 0.999989808 0.002646258 -0.250822246 0.000522236 -0.002648187 0.999996364 7.187897205
0.999993026 -0.003681943 -0.000729861 0.141687110 0.003684015 0.999989212 0.002857585 -0.264883280 0.000719331 -0.002860253 0.999995589 7.489262104
0.999993503 -0.003563661 -0.000431141 0.138485193 0.003564910 0.999989331 0.002932948 -0.276011497 0.000420684 -0.002934465 0.999995649 7.805006027
0.999993384 -0.003573864 -0.000632384 0.166099787 0.003575872 0.999988556 0.003203731 -0.291215122 0.000620927 -0.003205971 0.999994695 8.131788254
0.999990940 -0.004196006 -0.000593721 0.130920768 0.004197984 0.999985516 0.003371396 -0.313491374 0.000579566 -0.003373859 0.999994099 8.398162842
0.999991059 -0.004187968 -0.000540513 0.141383499 0.004189737 0.999985754 0.003316466 -0.319562614 0.000526616 -0.003318701 0.999994338 8.727683067
0.999991775 -0.004009160 -0.000545217 0.140206710 0.004010750 0.999987602 0.002946489 -0.324741751 0.000533397 -0.002948652 0.999995530 9.074855804
0.999994218 -0.003412443 -0.000123625 0.139400050 0.003412813 0.999989331 0.003129065 -0.338286579 0.000112946 -0.003129469 0.999995053 9.416474342
0.999989808 -0.004443706 -0.000809568 0.167241856 0.004446589 0.999983668 0.003596821 -0.350117743 0.000793571 -0.003600384 0.999993205 9.754526138
0.999995887 -0.002856057 -0.000218277 0.157631189 0.002856831 0.999989331 0.003634355 -0.354747027 0.000207894 -0.003634963 0.999993443 10.107622147
0.999988973 -0.004653456 -0.000523505 0.157230452 0.004655425 0.999981821 0.003824531 -0.386364132 0.000505699 -0.003826927 0.999992490 10.436851501
0.999988616 -0.004748853 -0.000444516 0.164240986 0.004750571 0.999980927 0.003948064 -0.395475954 0.000425758 -0.003950131 0.999992073 10.795961380
0.999988914 -0.004673331 -0.000540192 0.164248273 0.004675567 0.999980092 0.004214892 -0.404556006 0.000520484 -0.004217371 0.999990940 11.176945686
0.999987245 -0.005042848 -0.000404147 0.170978427 0.005044618 0.999977171 0.004502587 -0.418743402 0.000381432 -0.004504569 0.999989808 11.551247597
0.999985874 -0.005263537 -0.000596090 0.200915217 0.005265772 0.999978840 0.003811145 -0.416898131 0.000576018 -0.003814231 0.999992549 11.946685791
0.999989033 -0.004663215 -0.000407296 0.207757086 0.004665039 0.999978483 0.004597725 -0.430531353 0.000385847 -0.004599575 0.999989331 12.335096359
0.999991357 -0.004135643 -0.000164114 0.210072890 0.004136421 0.999978542 0.005065012 -0.454840690 0.000143164 -0.005065647 0.999987185 12.679307938
0.999985278 -0.005322807 -0.000991062 0.214360222 0.005327933 0.999971986 0.005243624 -0.474687397 0.000963123 -0.005248827 0.999985754 13.038943291
0.999982476 -0.005732254 -0.001389910 0.227791846 0.005739628 0.999969065 0.005360927 -0.487141758 0.001359137 -0.005368812 0.999984682 13.425241470
0.999987602 -0.004942285 -0.000666692 0.237770051 0.004945900 0.999972463 0.005533633 -0.491672516 0.000639325 -0.005536862 0.999984443 13.853199005
0.999992311 -0.003912333 -0.000286894 0.231360048 0.003914091 0.999971747 0.006408021 -0.511827588 0.000261815 -0.006409096 0.999979377 14.267413139
0.999987423 -0.004986269 -0.000427451 0.233479112 0.004988781 0.999968946 0.006091864 -0.526457012 0.000397062 -0.006093921 0.999981344 14.696485519
0.999977767 -0.006631037 -0.000648538 0.247158021 0.006634886 0.999959230 0.006126316 -0.563034892 0.000607887 -0.006130483 0.999981046 15.094383240
0.999972224 -0.007437766 -0.000367561 0.259306908 0.007440012 0.999950886 0.006545185 -0.576871216 0.000318861 -0.006547739 0.999978542 15.512519836
0.999981463 -0.006037008 0.000810780 0.261027962 0.006031715 0.999961436 0.006379182 -0.583199680 -0.000849260 -0.006374173 0.999979317 15.982745171
0.999978483 -0.006570994 -0.000131706 0.281259626 0.006571754 0.999954045 0.006988455 -0.596472085 0.000085779 -0.006989169 0.999975562 16.411203384
0.999976754 -0.006822097 -0.000060529 0.282944232 0.006822346 0.999955833 0.006470268 -0.600625277 0.000016386 -0.006470530 0.999979079 16.857236862
0.999971032 -0.007591829 0.000612443 0.302186072 0.007587597 0.999949157 0.006639114 -0.620029986 -0.000662815 -0.006634274 0.999977767 17.280481339
0.999978662 -0.006436755 0.001140387 0.294786304 0.006428477 0.999953985 0.007119921 -0.656890154 -0.001186163 -0.007112440 0.999973953 17.777664185
0.999978542 -0.006396492 0.001409997 0.303803027 0.006386684 0.999956071 0.006853758 -0.666224957 -0.001453776 -0.006844607 0.999975562 18.247188568
0.999972343 -0.007229515 0.001733184 0.321605772 0.007216599 0.999947011 0.007345993 -0.676293135 -0.001786201 -0.007333283 0.999971509 18.719499588
0.999975979 -0.006687710 0.001809832 0.341640711 0.006673797 0.999948978 0.007586825 -0.694765687 -0.001860478 -0.007574565 0.999969542 19.209407806
0.999977887 -0.006349433 0.001988961 0.348385125 0.006334498 0.999952257 0.007427908 -0.709580839 -0.002036029 -0.007415145 0.999970376 19.677488327
0.999979556 -0.006088962 0.001920358 0.361184746 0.006072986 0.999947786 0.008218038 -0.742917538 -0.001970297 -0.008206208 0.999964416 20.119630814
0.999978662 -0.006328964 0.001568588 0.365809411 0.006316971 0.999951661 0.007536206 -0.748646855 -0.001616210 -0.007526138 0.999970376 20.622640610
0.999982774 -0.005517995 0.001995998 0.369111061 0.005500512 0.999947369 0.008660426 -0.774099350 -0.002043681 -0.008649298 0.999960542 21.123908997
0.999971390 -0.007545162 0.000460668 0.398923278 0.007540901 0.999934256 0.008641630 -0.792108655 -0.000525840 -0.008637909 0.999962628 21.652549744
0.999973774 -0.007222064 0.000523816 0.388559073 0.007216969 0.999932051 0.009152205 -0.818181157 -0.000589878 -0.009148184 0.999957979 22.092136383
0.999976695 -0.006792730 0.000642966 0.385970086 0.006786064 0.999928415 0.009855374 -0.833000839 -0.000709865 -0.009850780 0.999951243 22.635200500
0.999971390 -0.007554674 -0.000215513 0.393258035 0.007556391 0.999925613 0.009577843 -0.840982497 0.000143140 -0.009579198 0.999954045 23.166370392
0.999969542 -0.007767557 -0.000796484 0.387020528 0.007775033 0.999921203 0.009857049 -0.870244265 0.000719857 -0.009862941 0.999951124 23.608209610
0.999957740 -0.009027132 -0.001749174 0.396319032 0.009043889 0.999910891 0.009821976 -0.885835230 0.001660354 -0.009837380 0.999950290 24.144647598
0.999960721 -0.008520956 -0.002441240 0.394461691 0.008544565 0.999915123 0.009829525 -0.892676950 0.002357276 -0.009849996 0.999948800 24.683565140
0.999959648 -0.008485134 -0.002958722 0.431479812 0.008515494 0.999909639 0.010404345 -0.913937926 0.002870173 -0.010429121 0.999941409 25.180566788
0.999954998 -0.008890782 -0.003307492 0.437294453 0.008925460 0.999903738 0.010622283 -0.921006441 0.003212734 -0.010651326 0.999938071 25.717506409
0.999962211 -0.008014343 -0.003384784 0.439503968 0.008049830 0.999911427 0.010604106 -0.932464719 0.003299499 -0.010630952 0.999938011 26.243804932
0.999951482 -0.008850212 -0.004324201 0.473746210 0.008899278 0.999894738 0.011462651 -0.937027931 0.004222298 -0.011500578 0.999924958 26.782806396
0.999940395 -0.009848314 -0.004694717 0.448142111 0.009902222 0.999883652 0.011601277 -0.977016807 0.004579918 -0.011647074 0.999921679 27.334306717
0.999939620 -0.009584338 -0.005374773 0.461137861 0.009645334 0.999888003 0.011439878 -0.993488550 0.005264528 -0.011491030 0.999920130 27.882761002
0.999947011 -0.008900206 -0.005158851 0.460822552 0.008958837 0.999894202 0.011455434 -0.994537592 0.005056350 -0.011501044 0.999921143 28.435319901
0.999941885 -0.009202774 -0.005614848 0.480655223 0.009267294 0.999889970 0.011575018 -1.006643295 0.005507709 -0.011626379 0.999917269 28.961509705
0.999936461 -0.009494422 -0.006080966 0.464280039 0.009570316 0.999875069 0.012575286 -1.029599428 0.005960812 -0.012632683 0.999902427 29.469406128
0.999936163 -0.009552754 -0.006043859 0.472392857 0.009628133 0.999874651 0.012568142 -1.035144091 0.005923043 -0.012625529 0.999902725 30.017711639
0.999936283 -0.009397211 -0.006248379 0.470793992 0.009475447 0.999875605 0.012611560 -1.049040914 0.006129088 -0.012669962 0.999900937 30.546102524
0.999929249 -0.009476269 -0.007188531 0.489724219 0.009569538 0.999868929 0.013053089 -1.091368437 0.007063895 -0.013120955 0.999888897 31.024286270
0.999937713 -0.008741001 -0.006936346 0.496398687 0.008831300 0.999875247 0.013096245 -1.102082014 0.006821007 -0.013156686 0.999890149 31.563701630
0.999923050 -0.010179196 -0.007091861 0.510369182 0.010276203 0.999852180 0.013779065 -1.124137878 0.006950554 -0.013850880 0.999879897 32.129837036
0.999925196 -0.009928258 -0.007141703 0.480340600 0.010021152 0.999864101 0.013091268 -1.087933183 0.007010758 -0.013161857 0.999888778 32.670169830
0.999928594 -0.009142591 -0.007692712 0.472757876 0.009246312 0.999865353 0.013557344 -1.144701958 0.007567727 -0.013627508 0.999878526 33.161750793
0.999928892 -0.009183200 -0.007600414 0.468730628 0.009287586 0.999861419 0.013814717 -1.155556321 0.007472497 -0.013884326 0.999875665 33.727226257
0.999937475 -0.008515115 -0.007247492 0.471251845 0.008617000 0.999862850 0.014144939 -1.174247026 0.007126051 -0.014206508 0.999873698 34.280139923
0.999918282 -0.009723962 -0.008297458 0.499938756 0.009843690 0.999846220 0.014512875 -1.180259705 0.008155060 -0.014593367 0.999860287 34.751213074
0.999924183 -0.008997456 -0.008407818 0.483591408 0.009113814 0.999861717 0.013904827 -1.182765603 0.008281549 -0.013980403 0.999867976 35.284885406
0.999927282 -0.008945040 -0.008089517 0.476826787 0.009055731 0.999864399 0.013751850 -1.192248583 0.007965410 -0.013824106 0.999872744 35.846725464
0.999937236 -0.007844360 -0.007995126 0.484780312 0.007952613 0.999875963 0.013599405 -1.196579337 0.007887456 -0.013662136 0.999875546 36.371273041
0.999929547 -0.008726506 -0.008043581 0.474562109 0.008841900 0.999856889 0.014423897 -1.225516081 0.007916559 -0.014494002 0.999863565 36.830020905
0.999920428 -0.009720199 -0.008035689 0.471981078 0.009839772 0.999839365 0.014977103 -1.246177912 0.007888817 -0.015054982 0.999855518 37.422225952
0.999926269 -0.008642493 -0.008530454 0.485278040 0.008768990 0.999850512 0.014904719 -1.241847396 0.008400365 -0.014978423 0.999852479 37.960693359
0.999905467 -0.010874465 -0.008409094 0.463023305 0.011000033 0.999826491 0.015033390 -1.264316559 0.008244154 -0.015124470 0.999851644 38.395832062
0.999893546 -0.011135394 -0.009420398 0.502214313 0.011287283 0.999804616 0.016227048 -1.304773092 0.009237863 -0.016331650 0.999823928 38.984512329
0.999903858 -0.010935661 -0.008521968 0.483166188 0.011074441 0.999804020 0.016411690 -1.315389395 0.008340824 -0.016504489 0.999828994 39.469577789
0.999884784 -0.011934796 -0.009377609 0.510194063 0.012089475 0.999788880 0.016614776 -1.338378787 0.009177336 -0.016726231 0.999817967 40.078907013
0.999881268 -0.012246409 -0.009359993 0.502921283 0.012406426 0.999774516 0.017233375 -1.364125013 0.009146836 -0.017347453 0.999807656 40.583942413
0.999906600 -0.010116727 -0.009191184 0.532711267 0.010267496 0.999811053 0.016507410 -1.345539570 0.009022447 -0.016600236 0.999821484 41.166637421
0.999886572 -0.011673412 -0.009517771 0.523294449 0.011822330 0.999806106 0.015742952 -1.351776600 0.009332153 -0.015853686 0.999830782 41.758056641
0.999891460 -0.010937170 -0.009866081 0.542231083 0.011102413 0.999796331 0.016852364 -1.360763073 0.009679755 -0.016960071 0.999809325 42.259635925
0.999892354 -0.011486645 -0.009123556 0.521482706 0.011636376 0.999795616 0.016531611 -1.359067798 0.008931799 -0.016635995 0.999821663 42.642814636
0.999892235 -0.011223170 -0.009462679 0.522002339 0.011374893 0.999805093 0.016135402 -1.360438108 0.009279745 -0.016241301 0.999825001 43.176597595
0.999884367 -0.011698339 -0.009722244 0.529025435 0.011860684 0.999788225 0.016811650 -1.376683712 0.009523517 -0.016925016 0.999811411 43.715801239
0.999882042 -0.011738827 -0.009912537 0.546489120 0.011893902 0.999805510 0.015732791 -1.365018964 0.009725926 -0.015848832 0.999827087 44.275695801
0.999877810 -0.011713288 -0.010350562 0.556144953 0.011877668 0.999801993 0.015965071 -1.368285894 0.010161509 -0.016086059 0.999818981 44.784969330
0.999879003 -0.012145783 -0.009721014 0.546810865 0.012308076 0.999782920 0.016813099 -1.407036066 0.009514693 -0.016930712 0.999811411 45.315971375
0.999873698 -0.012275573 -0.010097533 0.560389936 0.012440022 0.999788404 0.016387975 -1.410143018 0.009894223 -0.016511519 0.999814749 45.859058380
0.999887705 -0.011319607 -0.009824463 0.551166832 0.011481347 0.999796808 0.016565746 -1.425326586 0.009634949 -0.016676681 0.999814570 46.415821075
0.999888241 -0.011752138 -0.009241913 0.525493264 0.011904716 0.999790847 0.016631188 -1.421395659 0.009044528 -0.016739350 0.999818981 46.931228638
0.999891162 -0.011184071 -0.009629068 0.565289736 0.011355173 0.999775350 0.017901942 -1.453154802 0.009426688 -0.018009331 0.999793410 47.473762512
0.999872804 -0.012013319 -0.010490585 0.565029860 0.012190325 0.999781668 0.016975090 -1.450994015 0.010284366 -0.017100815 0.999800980 48.036289215
0.999876022 -0.012280807 -0.009869418 0.577717304 0.012457194 0.999760151 0.018013893 -1.475484371 0.009645824 -0.018134603 0.999789000 48.514259338
0.999875844 -0.012487493 -0.009614459 0.584373951 0.012654942 0.999765813 0.017557075 -1.476111770 0.009392962 -0.017676566 0.999799609 49.068969727
0.999856174 -0.013357895 -0.010459132 0.598157585 0.013537580 0.999758720 0.017301690 -1.482489586 0.010225493 -0.017440796 0.999795616 49.621700287
0.999872386 -0.012258530 -0.010247501 0.604617119 0.012435654 0.999771297 0.017403457 -1.477932096 0.010031816 -0.017528670 0.999796033 50.206787109
0.999860585 -0.012473621 -0.011105657 0.634958327 0.012663141 0.999772608 0.017161597 -1.474962115 0.010889065 -0.017299837 0.999791026 50.717872620
0.999882817 -0.011179538 -0.010454842 0.615738034 0.011368800 0.999769330 0.018222155 -1.499570251 0.010248714 -0.018338880 0.999779284 51.106555939
0.999885082 -0.010932322 -0.010504344 0.624888420 0.011111114 0.999791741 0.017115949 -1.497304201 0.010315038 -0.017230697 0.999798357 51.653556824
0.999859273 -0.012680295 -0.010983348 0.660504043 0.012859533 0.999782681 0.016405197 -1.482304811 0.010772938 -0.016544130 0.999805093 52.190345764
0.999867976 -0.012063339 -0.010885141 0.626108348 0.012249299 0.999777317 0.017182231 -1.520294189 0.010675442 -0.017313298 0.999793112 52.719448090
0.999867260 -0.012651823 -0.010268596 0.581487894 0.012840463 0.999746084 0.018517355 -1.570414305 0.010031710 -0.018646749 0.999775827 53.127079010
0.999871790 -0.012660187 -0.009812125 0.573001027 0.012844270 0.999738336 0.018930526 -1.579578161 0.009569893 -0.019054130 0.999772668 53.675418854
0.999869168 -0.012265979 -0.010552686 0.596741259 0.012451718 0.999765515 0.017719094 -1.570474386 0.010332867 -0.017848173 0.999787390 54.239742279
0.999855936 -0.012985994 -0.010939073 0.621586442 0.013166110 0.999776185 0.016557340 -1.546805382 0.010721611 -0.016698979 0.999803126 54.775688171
0.999864578 -0.012818592 -0.010330449 0.582327604 0.013004057 0.999751747 0.018090364 -1.571834803 0.010095992 -0.018222248 0.999782979 55.128173828
0.999864280 -0.012942486 -0.010191759 0.590199053 0.013122445 0.999755561 0.017792813 -1.582425356 0.009958984 -0.017924141 0.999789715 55.677665710
0.999861479 -0.013226883 -0.010103145 0.594571352 0.013404527 0.999753118 0.017722594 -1.579543352 0.009866236 -0.017855568 0.999791861 56.218509674
0.999870360 -0.012981307 -0.009523269 0.585713089 0.013143850 0.999765575 0.017208632 -1.594104052 0.009297642 -0.017331572 0.999806583 56.761730194
0.999862492 -0.013370676 -0.009804478 0.612642348 0.013535859 0.999764204 0.016979462 -1.584877253 0.009575139 -0.017109839 0.999807715 57.301464081
0.999863803 -0.012990174 -0.010172535 0.591708362 0.013174783 0.999745727 0.018296063 -1.610638142 0.009932281 -0.018427594 0.999780774 57.626010895
0.999869466 -0.012578420 -0.010134002 0.593905628 0.012761989 0.999751747 0.018257873 -1.616008997 0.009901835 -0.018384822 0.999781847 58.163627625
0.999847472 -0.013805190 -0.010692377 0.618296683 0.013992230 0.999746799 0.017620346 -1.618702650 0.010446416 -0.017767269 0.999787509 58.718086243
0.999860108 -0.013189519 -0.010278736 0.601925194 0.013369853 0.999754250 0.017677788 -1.615358949 0.010043049 -0.017812744 0.999790788 59.247745514
0.999856353 -0.013652191 -0.010040075 0.622847795 0.013821020 0.999760926 0.016942842 -1.617795944 0.009806368 -0.017079175 0.999805987 59.774696350
0.999851048 -0.013855856 -0.010285323 0.611823022 0.014037583 0.999742746 0.017811704 -1.623985887 0.010035880 -0.017953431 0.999788463 60.094261169
0.999868631 -0.012952900 -0.009751122 0.609853745 0.013126570 0.999752402 0.017961932 -1.633487344 0.009516050 -0.018087568 0.999791086 60.635559082
0.999855995 -0.013553517 -0.010211961 0.636595309 0.013727618 0.999758244 0.017176192 -1.627390504 0.009976695 -0.017313905 0.999800324 61.179698944
0.999855042 -0.013569205 -0.010291724 0.646962523 0.013736580 0.999771655 0.016370535 -1.596234679 0.010067238 -0.016509535 0.999812961 61.710655212
0.999870062 -0.012759062 -0.009848729 0.655631423 0.012918808 0.999783158 0.016330369 -1.610342860 0.009638233 -0.016455479 0.999818087 62.240604401
0.999842942 -0.014203571 -0.010598503 0.621349394 0.014395579 0.999729395 0.018265491 -1.667579293 0.010336201 -0.018415194 0.999776959 62.556495667
0.999835968 -0.014524908 -0.010819593 0.628534377 0.014720172 0.999726176 0.018191559 -1.668799043 0.010552400 -0.018347841 0.999775946 63.108615875
0.999850929 -0.013904046 -0.010231182 0.638770998 0.014080520 0.999749720 0.017383622 -1.666752577 0.009986919 -0.017525090 0.999796569 63.659812927
0.999847710 -0.014258448 -0.010056961 0.664162517 0.014424070 0.999758303 0.016592942 -1.649251938 0.009817943 -0.016735477 0.999811769 64.243049622
0.999827862 -0.014819321 -0.011163593 0.732388318 0.014993400 0.999764681 0.015674524 -1.599156380 0.010928683 -0.015839204 0.999814868 64.714355469
0.999835551 -0.014878719 -0.010370621 0.620953858 0.015062818 0.999726176 0.017905852 -1.684898734 0.010101365 -0.018059120 0.999785841 65.018318176
0.999848485 -0.014211738 -0.010054846 0.617877662 0.014385036 0.999745548 0.017378328 -1.682254672 0.009805311 -0.017520335 0.999798357 65.579421997
0.999850869 -0.014376652 -0.009567638 0.614155948 0.014536368 0.999752581 0.016838728 -1.676841021 0.009323187 -0.016975299 0.999812365 66.085609436
0.999844551 -0.014683967 -0.009762947 0.643818021 0.014841820 0.999756992 0.016297830 -1.668033719 0.009521258 -0.016440198 0.999819517 66.606834412
0.999846339 -0.014507571 -0.009831600 0.625272036 0.014682904 0.999730229 0.018002691 -1.712264299 0.009567770 -0.018144287 0.999789536 66.990661621
0.999864876 -0.013364297 -0.009565972 0.648668349 0.013531622 0.999752760 0.017646095 -1.725722671 0.009327779 -0.017773153 0.999798536 67.498657227
0.999865770 -0.013269486 -0.009609116 0.656632304 0.013437931 0.999753296 0.017682476 -1.729922175 0.009372109 -0.017809231 0.999797463 68.050628662
0.999846816 -0.014510163 -0.009784748 0.654891193 0.014670561 0.999755800 0.016525028 -1.721932411 0.009542578 -0.016666047 0.999815583 68.568183899
0.999841988 -0.014645470 -0.010075821 0.662787318 0.014810435 0.999754190 0.016496975 -1.720974565 0.009831740 -0.016643597 0.999813139 69.088722229
0.999855220 -0.013876154 -0.009839970 0.692932129 0.014049995 0.999742448 0.017823510 -1.729716182 0.009590113 -0.017959181 0.999792755 69.404045105
0.999864101 -0.013477401 -0.009487509 0.698065221 0.013640689 0.999756217 0.017361900 -1.737143159 0.009251203 -0.017488955 0.999804258 69.951515198
0.999864936 -0.013276767 -0.009680111 0.704244673 0.013441239 0.999762952 0.017128618 -1.742259860 0.009450404 -0.017256418 0.999806404 70.516815186
0.999857664 -0.013924611 -0.009527305 0.701347888 0.014079283 0.999767005 0.016364878 -1.735879302 0.009297212 -0.016496684 0.999820709 71.080650330
0.999836564 -0.014729046 -0.010482261 0.740063608 0.014906214 0.999743938 0.017029077 -1.743549705 0.010228755 -0.017182546 0.999800026 71.674270630
0.999842763 -0.014728727 -0.009877780 0.714533389 0.014901147 0.999733925 0.017615298 -1.755367517 0.009615701 -0.017759720 0.999796033 71.892738342
0.999853432 -0.014094373 -0.009726898 0.716099620 0.014255376 0.999759197 0.016686551 -1.751428604 0.009489369 -0.016822763 0.999813497 72.430198669
0.999852180 -0.014121902 -0.009810951 0.696662068 0.014286549 0.999754727 0.016919525 -1.756453872 0.009569610 -0.017057186 0.999808669 72.969413757
0.999830842 -0.014988406 -0.010661804 0.766903400 0.015166355 0.999743581 0.016810061 -1.779073834 0.010407114 -0.016968915 0.999801815 73.469299316
0.999831915 -0.015096263 -0.010404426 0.768156350 0.015271052 0.999740064 0.016929869 -1.767443776 0.010146146 -0.017085912 0.999802470 73.835395813
0.999841332 -0.014588149 -0.010223022 0.767140508 0.014761881 0.999744356 0.017129861 -1.783936143 0.009970516 -0.017278055 0.999800980 74.364273071
0.999831557 -0.015154414 -0.010353029 0.779755831 0.015324745 0.999745190 0.016576037 -1.774171472 0.010099189 -0.016731901 0.999808908 74.858314514
0.999833167 -0.015215625 -0.010098378 0.759153426 0.015376152 0.999753535 0.016013697 -1.769997478 0.009852231 -0.016166300 0.999820769 75.457138062
0.999836028 -0.015105332 -0.009988729 0.769356787 0.015272580 0.999740720 0.016884787 -1.770294309 0.009731089 -0.017034572 0.999807537 75.810523987
0.999847472 -0.014444352 -0.009823017 0.772189856 0.014606898 0.999754071 0.016681923 -1.772582293 0.009579642 -0.016822862 0.999812543 76.369346619
0.999824703 -0.015234545 -0.010888308 0.814723253 0.015404384 0.999758244 0.015688287 -1.773369312 0.010646672 -0.015853262 0.999817610 76.934440613
0.999863505 -0.014278440 -0.008301954 0.767549872 0.014413198 0.999761522 0.016405554 -1.781889915 0.008065728 -0.016522976 0.999830902 77.357574463
0.999872327 -0.014319510 -0.007086320 0.768405199 0.014431850 0.999766827 0.016064430 -1.786592603 0.006854630 -0.016164647 0.999845803 77.911102295
0.999871433 -0.014661124 -0.006495471 0.787023544 0.014763772 0.999762177 0.016047357 -1.799743772 0.006258655 -0.016141189 0.999850094 78.470100403
0.999891698 -0.013838064 -0.005014283 0.817706764 0.013918198 0.999770045 0.016315304 -1.815714121 0.004787358 -0.016383326 0.999854326 78.936721802
0.999894381 -0.014346657 -0.002324004 0.853967488 0.014383174 0.999759674 0.016542986 -1.803372622 0.002086109 -0.016574666 0.999860406 79.296463013
0.999900579 -0.014007141 0.001616347 0.865769684 0.013977571 0.999756932 0.017047506 -1.807232738 -0.001854741 -0.017023217 0.999853373 79.827507019
0.999881327 -0.014901534 0.003907733 0.907684326 0.014836282 0.999758124 0.016226992 -1.799389362 -0.004148596 -0.016167087 0.999860704 80.355575562
0.999849856 -0.015450123 0.007847670 0.928421736 0.015325096 0.999758422 0.015749611 -1.787766695 -0.008089108 -0.015626978 0.999845207 80.901908875
0.999818325 -0.011871206 0.014910482 0.961468220 0.011614853 0.999785185 0.017163245 -1.864585876 -0.015111027 -0.016986944 0.999741495 81.346946716
0.999688148 -0.013795264 0.020814329 0.893733680 0.013448685 0.999770105 0.016700009 -1.829828620 -0.021039920 -0.016414875 0.999643862 81.793220520
0.999549389 -0.013725641 0.026696146 0.929018855 0.013267339 0.999762833 0.017269436 -1.840248466 -0.026926849 -0.016907465 0.999494314 82.311340332
0.999270678 -0.013316825 0.035787560 0.940144300 0.012728749 0.999781013 0.016610334 -1.826291203 -0.036000922 -0.016142689 0.999221325 82.888389587
0.998971879 -0.012992548 0.043430790 1.013328075 0.012274917 0.999784350 0.016749557 -1.849745870 -0.043639049 -0.016199224 0.998916030 83.407028198
0.998643160 -0.014020380 0.050151739 1.047424078 0.013204827 0.999775767 0.016556233 -1.844810963 -0.050372615 -0.015871521 0.998604417 83.914482117
0.998160481 -0.012699711 0.059282809 1.138263226 0.011739727 0.999794662 0.016513599 -1.897720814 -0.059480350 -0.015787259 0.998104572 84.422645569
0.997606218 -0.015857382 0.067309394 1.277583122 0.014831778 0.999766648 0.015709680 -1.808006644 -0.067542791 -0.014673754 0.997608364 84.876892090
0.996906221 -0.014840924 0.077185988 1.235685825 0.013550634 0.999759972 0.017213644 -1.859504104 -0.077422917 -0.016114468 0.996868074 85.307540894
0.996252954 -0.014422180 0.085276864 1.303370476 0.013021765 0.999771416 0.016955508 -1.863388538 -0.085501909 -0.015781518 0.996212959 85.849037170
0.995293915 -0.014704471 0.095779642 1.401194096 0.013124160 0.999767542 0.017108602 -1.866436362 -0.096008927 -0.015771059 0.995255470 86.360954285
0.994205236 -0.014721810 0.106485493 1.477466106 0.012977220 0.999770284 0.017057814 -1.879145265 -0.106712155 -0.015577082 0.994167924 86.883888245
0.993211806 -0.015997486 0.115214236 1.518205643 0.014045077 0.999743998 0.017737856 -1.870812774 -0.115468495 -0.015999256 0.993182302 87.324180603
0.991866469 -0.015369865 0.126351550 1.606075287 0.013200875 0.999751091 0.017985795 -1.874661326 -0.126596540 -0.016171554 0.991822481 87.868675232
0.990187824 -0.015429297 0.138888821 1.691294670 0.013108482 0.999759018 0.017609200 -1.872892737 -0.139127061 -0.015615792 0.990151465 88.414352417
0.988614678 -0.016250074 0.149589494 1.806508064 0.013791633 0.999752462 0.017457390 -1.882324338 -0.149836153 -0.015195547 0.988593996 88.948875427
0.987129390 -0.016233534 0.159098059 1.902971268 0.013559619 0.999748230 0.017877957 -1.894316673 -0.159348205 -0.015490546 0.987100899 89.466285706
0.984992206 -0.015899900 0.171865433 1.985846519 0.012978344 0.999751687 0.018109445 -1.887781739 -0.172110721 -0.015607129 0.984954000 89.987503052
0.982837439 -0.016594369 0.183725908 2.075243950 0.013395612 0.999736547 0.018638028 -1.874936700 -0.183986783 -0.015857030 0.982800722 90.343559265
0.980877519 -0.017270241 0.193858102 2.208955765 0.013952901 0.999732137 0.018464683 -1.878840208 -0.194125056 -0.015406709 0.980855763 90.874282837
0.977986336 -0.015905187 0.208062038 2.338363647 0.012233791 0.999746084 0.018920645 -1.879654527 -0.208310142 -0.015958741 0.977932572 91.422599792
0.974761546 -0.014976219 0.222745702 2.467716217 0.011090389 0.999763846 0.018685875 -1.880790710 -0.222972944 -0.015743935 0.974697471 91.923377991
0.972100556 -0.015990719 0.234019130 2.627948761 0.011882472 0.999749780 0.018954692 -1.898059249 -0.234263644 -0.015645139 0.972047210 92.470588684
0.969065070 -0.014901711 0.246355012 2.710973740 0.010640439 0.999770045 0.018619500 -1.802522063 -0.246575788 -0.015422179 0.969000816 92.867607117
0.965462327 -0.015519835 0.260080069 2.884008408 0.011035487 0.999764323 0.018693598 -1.804248810 -0.260308892 -0.015177854 0.965406120 93.395286560
0.961571217 -0.014198833 0.274188429 3.033481598 0.009484988 0.999783695 0.018510163 -1.802530885 -0.274391949 -0.015198165 0.961497903 93.930732727
0.958673179 -0.016064215 0.284055591 3.242639542 0.011182464 0.999760807 0.018799286 -1.817052722 -0.284289658 -0.014845931 0.958623528 94.450721741
0.954360366 -0.016226474 0.298216552 3.437494278 0.011041247 0.999757290 0.019064028 -1.825634718 -0.298453510 -0.014901269 0.954307914 94.992332458
0.949998736 -0.016312072 0.311827153 3.567098618 0.010724698 0.999749899 0.019624775 -1.820251822 -0.312069356 -0.015299260 0.949936092 95.320930481
0.946250260 -0.016795576 0.322999150 3.781362534 0.011198917 0.999753356 0.019177934 -1.816173196 -0.323241621 -0.014529882 0.946204960 95.845092773
0.941763163 -0.016761003 0.335858852 3.976915359 0.010992141 0.999757648 0.019070357 -1.821244717 -0.336097151 -0.014267953 0.941719294 96.364051819
0.936863065 -0.017565811 0.349255025 4.198593140 0.011740367 0.999754488 0.018789658 -1.826051354 -0.349499315 -0.013502952 0.936839402 96.859550476
0.932249188 -0.018247001 0.361356497 4.432001114 0.012165691 0.999743581 0.019097116 -1.838452697 -0.361612320 -0.013407119 0.932232141 97.449325562
0.927814424 -0.019115502 0.372551888 4.666807175 0.013211778 0.999743521 0.018393463 -1.822631359 -0.372807980 -0.012143648 0.927829087 97.928222656
0.922139704 -0.019024845 0.386389077 4.930852890 0.012765000 0.999742448 0.018760458 -1.825473070 -0.386646509 -0.012367504 0.922145069 98.417037964
0.917155981 -0.021998469 0.397920877 5.122238159 0.015879137 0.999699593 0.018667571 -1.840708733 -0.398212016 -0.010802433 0.917229712 98.837867737
0.911440313 -0.018027874 0.411037147 5.345741272 0.010802319 0.999743700 0.019894995 -1.816898465 -0.411290526 -0.013692944 0.911401451 99.293792725
0.905961573 -0.018535094 0.422953963 5.602951050 0.010736925 0.999725699 0.020812593 -1.830630183 -0.423223734 -0.014314186 0.905912161 99.779609680
0.899259627 -0.017591210 0.437061369 5.862911224 0.009906341 0.999753714 0.019856488 -1.823718667 -0.437303096 -0.013526460 0.899212480 100.306922913
0.893748820 -0.018563267 0.448183388 6.136344910 0.010946614 0.999748409 0.019579198 -1.822824240 -0.448434055 -0.012592795 0.893727243 100.791381836
0.887588441 -0.018145628 0.460279852 6.421421051 0.010019047 0.999747872 0.020092694 -1.838215351 -0.460528463 -0.013222478 0.887546539 101.289497375
0.880291700 -0.018114226 0.474086970 6.698062897 0.009825859 0.999752522 0.019954402 -1.813031912 -0.474331141 -0.012907380 0.880251884 101.838844299
0.872477651 -0.017089428 0.488355041 6.826404572 0.008823725 0.999776304 0.019221880 -1.780995727 -0.488574237 -0.012461551 0.872433364 102.203933716
0.866727829 -0.018010207 0.498456091 7.111011505 0.009098688 0.999752462 0.020302013 -1.785661340 -0.498698413 -0.013061022 0.866677165 102.576141357
0.859675407 -0.018036740 0.510522068 7.427005768 0.009469670 0.999767363 0.019375660 -1.787829399 -0.510752738 -0.011822303 0.859646320 103.033706665
