1.000000000 0.000000000 0.000000000 0.000000000 0.000000000 1.000000000 0.000000000 0.000000000 0.000000000 0.000000000 1.000000000 0.000000000
1.000000000 0.000090849 0.000095934 -0.000862612 -0.000090860 1.000000000 0.000111649 -0.000109025 -0.000095924 -0.000111658 1.000000000 0.000361956
1.000000000 0.000050409 0.000134163 -0.001570944 -0.000050410 1.000000000 0.000005749 0.000290831 -0.000134163 -0.000005756 1.000000000 0.000246405
1.000000000 0.000044515 0.000044952 -0.000702533 -0.000044517 1.000000000 0.000052311 -0.000753516 -0.000044949 -0.000052313 1.000000000 -0.000733852
1.000000000 0.000087285 0.000169414 -0.001972913 -0.000087300 1.000000000 0.000086273 -0.000589169 -0.000169406 -0.000086287 1.000000000 -0.000699774
1.000000000 -0.000114339 -0.000014098 0.000119279 0.000114339 1.000000000 -0.000030631 0.000382302 0.000014102 0.000030630 1.000000000 -0.000272812
1.000000000 0.000063290 0.000125113 -0.001838608 -0.000063298 1.000000000 0.000064952 -0.000366468 -0.000125109 -0.000064959 1.000000000 -0.000356125
1.000000000 0.000056807 0.000087480 -0.001555421 -0.000056804 1.000000000 -0.000033343 -0.000080680 -0.000087481 0.000033338 1.000000000 -0.000638613
1.000000000 0.000081274 0.000153053 -0.001395472 -0.000081276 1.000000000 0.000013315 -0.000855354 -0.000153052 -0.000013327 1.000000000 -0.000711221
1.000000000 0.000128621 0.000145077 -0.001889132 -0.000128638 1.000000000 0.000121190 -0.000707064 -0.000145062 -0.000121208 1.000000000 0.000584738
1.000000000 0.000081019 0.000138445 -0.001558283 -0.000081029 1.000000000 0.000072022 -0.000590764 -0.000138439 -0.000072034 1.000000000 -0.000059981
1.000000000 0.000135781 0.000161976 -0.001609796 -0.000135786 1.000000000 0.000026422 -0.000972058 -0.000161972 -0.000026443 1.000000000 -0.000939990
1.000000000 0.000076071 0.000147211 -0.001104079 -0.000076077 1.000000000 0.000038477 0.000265033 -0.000147208 -0.000038488 1.000000000 0.000224979
1.000000000 0.000155115 0.000119454 -0.001631470 -0.000155104 1.000000000 -0.000097717 0.000876990 -0.000119469 0.000097698 1.000000000 0.000635842
1.000000000 0.000099521 0.000116394 -0.001563740 -0.000099527 1.000000000 0.000046137 -0.000190120 -0.000116390 -0.000046149 1.000000000 -0.000084005
0.999999940 0.000255787 0.000178708 -0.002197605 -0.000255776 0.999999940 -0.000057948 0.001393682 -0.000178723 0.000057903 1.000000000 0.001153164
0.999999940 0.000360645 0.000209786 -0.002754480 -0.000360636 0.999999940 -0.000043437 0.001050636 -0.000209802 0.000043361 1.000000000 0.001834300
0.999999940 0.000240536 0.000253984 -0.002418269 -0.000240535 1.000000000 -0.000005653 0.001337964 -0.000253985 0.000005592 0.999999940 0.002127131
0.999999940 0.000203886 0.000277657 -0.002543557 -0.000203867 1.000000000 -0.000066280 0.000448819 -0.000277671 0.000066224 0.999999940 0.000766002
0.999999940 0.000212811 0.000216940 -0.002540422 -0.000212827 1.000000000 0.000075238 -0.000181992 -0.000216924 -0.000075284 1.000000000 0.001525389
0.999999940 0.000312276 0.000172856 -0.001924926 -0.000312271 0.999999940 -0.000028954 0.001384956 -0.000172866 0.000028900 1.000000000 0.001662575
0.999999940 0.000248819 0.000181585 -0.002405099 -0.000248816 0.999999940 -0.000017687 0.000424134 -0.000181589 0.000017642 1.000000000 0.001749571
1.000000000 0.000149613 0.000163305 -0.002204413 -0.000149623 1.000000000 0.000062664 0.000096851 -0.000163296 -0.000062689 1.000000000 0.000891144
0.999999881 0.000394389 0.000196736 -0.002549086 -0.000394390 0.999999940 0.000004394 0.001394937 -0.000196734 -0.000004472 1.000000000 0.003047650
0.999999940 0.000296923 0.000243616 -0.002123360 -0.000296929 0.999999940 0.000027512 0.001327040 -0.000243608 -0.000027584 0.999999940 0.001976779
0.999999940 0.000217824 0.000209112 -0.001452847 -0.000217815 1.000000000 -0.000041834 0.002064599 -0.000209121 0.000041788 1.000000000 0.003088442
0.999999940 0.000340574 0.000238537 -0.002394126 -0.000340582 0.999999940 0.000035755 0.001246162 -0.000238524 -0.000035836 1.000000000 0.002282430
0.999999940 0.000335882 0.000116428 -0.002179656 -0.000335870 0.999999940 -0.000104311 0.001847831 -0.000116463 0.000104272 1.000000000 0.001002019
0.999999940 0.000300673 0.000126467 -0.001919453 -0.000300664 0.999999940 -0.000077344 0.001453564 -0.000126490 0.000077306 1.000000000 0.000859477
0.999999881 0.000345526 0.000263355 -0.002537415 -0.000345521 0.999999940 -0.000017030 0.000212472 -0.000263361 0.000016939 0.999999940 0.001009887
0.999999940 0.000191337 0.000285260 -0.002924400 -0.000191349 1.000000000 0.000043446 0.000071209 -0.000285252 -0.000043500 0.999999940 0.001789075
0.999999940 0.000314086 0.000186941 -0.001997210 -0.000314075 0.999999940 -0.000062176 0.001518744 -0.000186960 0.000062117 1.000000000 0.002426056
0.999999881 0.000389466 0.000239258 -0.002093693 -0.000389472 0.999999940 0.000025449 -0.000065836 -0.000239248 -0.000025542 1.000000000 -0.000051862
0.999999881 0.000389171 0.000298810 -0.003173966 -0.000389174 0.999999940 0.000008718 0.000668768 -0.000298807 -0.000008834 0.999999940 0.002333698
0.999999881 0.000370182 0.000241738 -0.001803503 -0.000370165 0.999999940 -0.000068071 0.000215012 -0.000241764 0.000067982 0.999999940 0.000963072
0.999999940 0.000346480 0.000219228 -0.003369779 -0.000346482 0.999999940 0.000012364 0.000581591 -0.000219224 -0.000012440 1.000000000 0.000746999
0.999999881 0.000407731 0.000209324 -0.002710227 -0.000407715 0.999999940 -0.000079681 0.002265844 -0.000209356 0.000079596 1.000000000 0.001372545
0.999999881 0.000402911 0.000305781 -0.003392920 -0.000402915 0.999999940 0.000012077 0.000867201 -0.000305776 -0.000012200 0.999999940 0.001892165
0.999999881 0.000396077 0.000186734 -0.001091780 -0.000396082 0.999999940 0.000026851 0.000788522 -0.000186723 -0.000026925 1.000000000 -0.000074362
0.999999940 0.000235492 0.000183626 -0.001453323 -0.000235480 1.000000000 -0.000060626 0.000191608 -0.000183640 0.000060583 1.000000000 0.000214115
0.999999940 0.000549663 0.000210223 -0.001012333 -0.000549545 0.999999702 -0.000560713 -0.002250099 -0.000210531 0.000560597 0.999999821 0.049700741
0.999999881 0.000427904 0.000218552 0.000294185 -0.000427660 0.999999285 -0.001111736 -0.004094938 -0.000219027 0.001111642 0.999999404 0.140447527
0.999999285 0.001027930 0.000571484 -0.000368446 -0.001027209 0.999998689 -0.001261887 -0.008480103 -0.000572780 0.001261299 0.999999046 0.251364827
0.999999166 0.001103101 0.000634575 0.002493982 -0.001102323 0.999998629 -0.001226027 -0.011538529 -0.000635926 0.001225326 0.999999046 0.383369565
0.999999285 0.001084479 0.000501878 0.004745375 -0.001083983 0.999998927 -0.000988201 -0.015010071 -0.000502949 0.000987656 0.999999344 0.527753830
0.999999404 0.000908480 0.000599519 0.009720588 -0.000908225 0.999999523 -0.000425846 -0.024101669 -0.000599906 0.000425301 0.999999702 0.677871406
0.999999642 0.000601713 0.000564411 0.016068710 -0.000601602 0.999999881 -0.000197443 -0.028137561 -0.000564530 0.000197103 0.999999762 0.838560522
0.999999762 0.000591216 0.000599163 0.016952418 -0.000591013 0.999999762 -0.000340079 -0.031526208 -0.000599363 0.000339724 0.999999762 1.017188072
0.999999404 0.000860633 0.000573676 0.021479893 -0.000860570 0.999999583 -0.000110008 -0.036988325 -0.000573771 0.000109514 0.999999881 1.191143990
0.999999523 0.000785674 0.000562928 0.025899960 -0.000785824 0.999999642 0.000265834 -0.045726910 -0.000562719 -0.000266276 0.999999821 1.372334719
0.999999642 0.000855464 0.000262064 0.029411644 -0.000855500 0.999999642 0.000139337 -0.048060793 -0.000261945 -0.000139562 1.000000000 1.565748930
0.999999702 0.000519361 0.000539891 0.033747692 -0.000519621 0.999999762 0.000481308 -0.057113010 -0.000539641 -0.000481588 0.999999702 1.762629032
0.999999344 0.000838673 0.000741549 0.034940477 -0.000839131 0.999999464 0.000618656 -0.062544324 -0.000741030 -0.000619278 0.999999523 1.963658929
0.999999702 0.000391086 0.000617688 0.039664995 -0.000391526 0.999999642 0.000713111 -0.070474461 -0.000617409 -0.000713353 0.999999583 2.174307823
0.999999523 0.000661589 0.000672314 0.043562401 -0.000662078 0.999999523 0.000726755 -0.074122049 -0.000671833 -0.000727200 0.999999464 2.395248175
0.999999225 0.001014396 0.000740235 0.048266947 -0.001014938 0.999999225 0.000732256 -0.079312891 -0.000739491 -0.000733007 0.999999464 2.621004343
0.999999464 0.000623801 0.000808117 0.054064106 -0.000624436 0.999999523 0.000785857 -0.086726986 -0.000807626 -0.000786361 0.999999285 2.848473787
0.999999285 0.000699053 0.000892450 0.058887314 -0.000699765 0.999999464 0.000797581 -0.090269692 -0.000891892 -0.000798205 0.999999225 3.094466925
0.999999225 0.000981295 0.000778783 0.063136049 -0.000982102 0.999998987 0.001036738 -0.103697300 -0.000777765 -0.001037502 0.999999166 3.326864004
0.999999523 0.000644590 0.000755022 0.067879200 -0.000645251 0.999999404 0.000875729 -0.109033041 -0.000754457 -0.000876216 0.999999344 3.579118252
0.999999344 0.000959060 0.000672335 0.071907759 -0.000959545 0.999999344 0.000721359 -0.114577614 -0.000671643 -0.000722003 0.999999464 3.834274769
0.999999225 0.000735187 0.000968948 0.078617662 -0.000736137 0.999999166 0.000980376 -0.120165944 -0.000968226 -0.000981089 0.999999046 4.097558022
0.999999762 0.000505983 0.000559821 0.088732287 -0.000506642 0.999999106 0.001177045 -0.125304729 -0.000559225 -0.001177329 0.999999106 4.358493805
0.999999106 0.000767176 0.001139491 0.088092349 -0.000768367 0.999999166 0.001045103 -0.134539217 -0.001138688 -0.001045978 0.999998808 4.612101078
0.999998450 0.001024746 0.001414838 0.089362383 -0.001026661 0.999998510 0.001353342 -0.145749703 -0.001413449 -0.001354792 0.999998093 4.871374607
0.999998569 0.001086031 0.001249636 0.095712855 -0.001087997 0.999998152 0.001573830 -0.153800681 -0.001247924 -0.001575187 0.999997973 5.133006573
0.999998331 0.001114839 0.001460255 0.096824415 -0.001116896 0.999998331 0.001408133 -0.164081261 -0.001458682 -0.001409762 0.999997914 5.395376682
0.999998331 0.000997573 0.001507390 0.103064671 -0.000999640 0.999998510 0.001370780 -0.169739366 -0.001506021 -0.001372284 0.999997914 5.660010815
0.999997735 0.001292078 0.001691149 0.100830801 -0.001294435 0.999998212 0.001393276 -0.179202542 -0.001689345 -0.001395462 0.999997616 5.928975105
0.999996901 0.001710330 0.001843384 0.104855895 -0.001712778 0.999997675 0.001327654 -0.188339144 -0.001841109 -0.001330807 0.999997437 6.208565235
0.999997199 0.001386241 0.001919004 0.116982967 -0.001388799 0.999998093 0.001331807 -0.190393925 -0.001917155 -0.001334468 0.999997199 6.497482777
0.999996781 0.001833580 0.001749418 0.119273357 -0.001836001 0.999997377 0.001383176 -0.198486179 -0.001746877 -0.001386384 0.999997497 6.785848618
0.999996543 0.001879815 0.001841757 0.130598053 -0.001882079 0.999997437 0.001228019 -0.206579059 -0.001839443 -0.001231481 0.999997497 7.085127831
0.999996543 0.001810682 0.001898770 0.136802614 -0.001813557 0.999997139 0.001513528 -0.221213832 -0.001896024 -0.001516966 0.999997020 7.383236408
0.999996603 0.001653887 0.002000649 0.141328067 -0.001656881 0.999997437 0.001495676 -0.231000036 -0.001998170 -0.001498986 0.999996901 7.690666676
0.999997675 0.001258988 0.001779116 0.152493104 -0.001261918 0.999997854 0.001647115 -0.241538912 -0.001777039 -0.001649357 0.999997079 8.013281822
0.999996185 0.001699596 0.002171834 0.153693274 -0.001703641 0.999996841 0.001861829 -0.252487659 -0.002168663 -0.001865522 0.999995887 8.322355270
0.999997675 0.001010117 0.001908604 0.163897663 -0.001013707 0.999997675 0.001880660 -0.261909217 -0.001906699 -0.001882590 0.999996364 8.644892693
0.999995351 0.001937822 0.002366055 0.168369591 -0.001941653 0.999996781 0.001618131 -0.267778665 -0.002362912 -0.001622718 0.999995887 8.989637375
0.999994874 0.002197026 0.002340687 0.174874365 -0.002201639 0.999995649 0.001970028 -0.282224566 -0.002336349 -0.001975171 0.999995291 9.327561378
0.999993443 0.002581958 0.002528255 0.180108473 -0.002586901 0.999994695 0.001954112 -0.292762101 -0.002523196 -0.001960639 0.999994874 9.659100533
0.999994338 0.002048982 0.002638251 0.187974066 -0.002055770 0.999994576 0.002572761 -0.305386096 -0.002632965 -0.002578171 0.999993205 10.013081551
0.999993980 0.002545298 0.002349822 0.196815670 -0.002549721 0.999994993 0.001881241 -0.309212744 -0.002345023 -0.001887222 0.999995410 10.373679161
0.999993205 0.002692483 0.002495624 0.204334304 -0.002697310 0.999994516 0.001932593 -0.318957299 -0.002490406 -0.001939312 0.999994993 10.740135193
0.999994814 0.002317517 0.002204736 0.217965856 -0.002321752 0.999995470 0.001920311 -0.330868334 -0.002200275 -0.001925420 0.999995649 11.108261108
0.999994755 0.002416495 0.002147234 0.226005971 -0.002420389 0.999995410 0.001812981 -0.338351160 -0.002142843 -0.001818169 0.999996066 11.492533684
0.999993682 0.002807620 0.002155426 0.235413790 -0.002810821 0.999994934 0.001483542 -0.344983220 -0.002151250 -0.001489591 0.999996603 11.872417450
0.999994338 0.002388849 0.002377395 0.243340313 -0.002394503 0.999994278 0.002378284 -0.368989289 -0.002371700 -0.002383963 0.999994278 12.259284973
0.999994636 0.002249256 0.002408959 0.252731234 -0.002256259 0.999993265 0.002908057 -0.384611428 -0.002402402 -0.002913476 0.999992907 12.650447845
0.999994934 0.001933949 0.002529336 0.259114861 -0.001941420 0.999993742 0.002954499 -0.396817237 -0.002523606 -0.002959394 0.999992430 13.044960976
0.999995291 0.001820391 0.002517600 0.272462547 -0.001827076 0.999994814 0.002655462 -0.409248471 -0.002512753 -0.002660049 0.999993324 13.441901207
0.999992192 0.002723597 0.002856970 0.273918241 -0.002732069 0.999991834 0.002965854 -0.420572132 -0.002848869 -0.002973636 0.999991536 13.858557701
0.999991715 0.002750231 0.003001478 0.281001866 -0.002760277 0.999990523 0.003348044 -0.431559771 -0.002992241 -0.003356301 0.999989867 14.282819748
0.999988675 0.003248146 0.003483767 0.287687004 -0.003257200 0.999991298 0.002596540 -0.441190809 -0.003475302 -0.002607858 0.999990582 14.701357841
0.999987304 0.003375798 0.003738237 0.306871831 -0.003388120 0.999988794 0.003294733 -0.457815111 -0.003727072 -0.003307357 0.999987602 15.132958412
0.999984384 0.003607928 0.004277011 0.311699092 -0.003623088 0.999987125 0.003541979 -0.472796500 -0.004264176 -0.003557420 0.999984622 15.575999260
0.999987066 0.003010830 0.004132122 0.326604128 -0.003024469 0.999989986 0.003298579 -0.483502597 -0.004122150 -0.003311033 0.999985993 16.017036438
0.999984920 0.003125689 0.004516791 0.335870892 -0.003140844 0.999989450 0.003352087 -0.495227545 -0.004506265 -0.003366223 0.999984145 16.450672150
0.999983728 0.003390031 0.004575242 0.346458375 -0.003401788 0.999990940 0.002564510 -0.502659321 -0.004566506 -0.002580033 0.999986231 16.898374557
0.999983907 0.003102145 0.004771416 0.361839861 -0.003118896 0.999989092 0.003507336 -0.526772916 -0.004760483 -0.003522161 0.999982476 17.356609344
0.999982119 0.003725959 0.004685443 0.373441756 -0.003742822 0.999986529 0.003595472 -0.541067541 -0.004671983 -0.003612944 0.999982595 17.821928024
0.999983430 0.002616396 0.005123639 0.392130107 -0.002633640 0.999990821 0.003361646 -0.544615746 -0.005114797 -0.003375084 0.999981165 18.291717529
0.999985158 0.001867716 0.005121496 0.403892606 -0.001886597 0.999991477 0.003684413 -0.557921112 -0.005114570 -0.003694021 0.999980032 18.765623093
0.999987304 0.002068404 0.004582090 0.421058953 -0.002083993 0.999992013 0.003400026 -0.566493511 -0.004575022 -0.003409533 0.999983668 19.256942749
0.999978900 0.003108477 0.005694362 0.428276241 -0.003128959 0.999988675 0.003591644 -0.594669044 -0.005683133 -0.003609386 0.999977291 19.712068558
0.999983370 0.002987805 0.004936164 0.441785544 -0.003007211 0.999987781 0.003929016 -0.607029498 -0.004924365 -0.003943795 0.999980032 20.198041916
0.999980927 0.002878051 0.005451872 0.457132727 -0.002894888 0.999991000 0.003082957 -0.613645852 -0.005442949 -0.003098681 0.999980390 20.680278778
0.999982059 0.003257649 0.005013466 0.472627103 -0.003274477 0.999988914 0.003352226 -0.626820087 -0.005002490 -0.003368582 0.999981761 21.180049896
0.999987543 0.002639450 0.004240053 0.485253155 -0.002654804 0.999989867 0.003619652 -0.648292601 -0.004230455 -0.003630863 0.999984443 21.702772141
0.999989808 0.002503561 0.003733967 0.497758299 -0.002516102 0.999991119 0.003357534 -0.657700241 -0.003725528 -0.003366895 0.999987304 22.216075897
0.999993563 0.002250597 0.002789637 0.513988733 -0.002259295 0.999992609 0.003118556 -0.669863403 -0.002782597 -0.003124839 0.999991179 22.731998444
0.999992728 0.002399642 0.002943882 0.513518095 -0.002409894 0.999991000 0.003483920 -0.686840475 -0.002935496 -0.003490990 0.999989569 23.225555420
0.999994814 0.002438947 0.002115915 0.527939141 -0.002446645 0.999990284 0.003643262 -0.702579379 -0.002107009 -0.003648420 0.999991119 23.762086868
0.999997616 0.000963902 0.001934725 0.532843530 -0.000970421 0.999993801 0.003371699 -0.720236897 -0.001931463 -0.003373568 0.999992430 24.283496857
0.999996722 0.002288303 0.001155192 0.548839450 -0.002292196 0.999991655 0.003379761 -0.731183708 -0.001147448 -0.003382398 0.999993622 24.818922043
0.999996960 0.002460010 0.000204058 0.563268125 -0.002460743 0.999990225 0.003676091 -0.744027793 -0.000195013 -0.003676581 0.999993205 25.361658096
0.999996305 0.002671257 -0.000462343 0.574020028 -0.002669562 0.999989867 0.003629425 -0.758026302 0.000472033 -0.003628177 0.999993324 25.890281677
0.999996483 0.002509681 -0.000774029 0.583180606 -0.002507128 0.999991477 0.003282244 -0.771471977 0.000782260 -0.003280291 0.999994338 26.439765930
0.999996066 0.002638714 -0.000923333 0.591536105 -0.002635285 0.999989688 0.003694914 -0.780020595 0.000933073 -0.003692467 0.999992669 26.999294281
0.999995530 0.002498460 -0.001617094 0.605347633 -0.002492085 0.999989152 0.003932805 -0.801700771 0.001626902 -0.003928757 0.999990940 27.542860031
0.999993920 0.002809774 -0.002113642 0.613338888 -0.002802122 0.999989510 0.003614673 -0.813507438 0.002123776 -0.003608728 0.999991298 28.101898193
0.999993324 0.003090736 -0.001999955 0.624088407 -0.003083755 0.999989152 0.003484393 -0.823697925 0.002010703 -0.003478203 0.999991953 28.649894714
0.999992251 0.003387306 -0.002078182 0.626855433 -0.003379637 0.999987483 0.003683010 -0.842283726 0.002090632 -0.003675957 0.999991000 29.193206787
0.999991655 0.003130815 -0.002620464 0.636658072 -0.003122069 0.999989569 0.003334970 -0.850304902 0.002630878 -0.003326761 0.999991000 29.740932465
0.999991179 0.003056291 -0.002888595 0.643254697 -0.003045726 0.999988675 0.003654715 -0.864641786 0.002899734 -0.003645884 0.999989092 30.283174515
0.999988258 0.003105908 -0.003701336 0.658638835 -0.003092875 0.999989033 0.003521659 -0.877977669 0.003712232 -0.003510170 0.999986947 30.820842743
0.999987483 0.002803419 -0.004147928 0.669046342 -0.002788018 0.999989152 0.003714272 -0.892913163 0.004158295 -0.003702661 0.999984503 31.358785629
0.999983668 0.003777675 -0.004295889 0.673740685 -0.003761069 0.999985456 0.003867038 -0.906320393 0.004310435 -0.003850818 0.999983311 31.908918381
0.999983847 0.002676402 -0.005006125 0.688668728 -0.002658009 0.999989688 0.003677100 -0.924320996 0.005015914 -0.003663735 0.999980688 32.459613800
0.999979556 0.003301923 -0.005477907 0.694012165 -0.003278964 0.999985814 0.004194982 -0.944060266 0.005491681 -0.004176935 0.999976158 32.991565704
0.999981999 0.002603040 -0.005393126 0.697853744 -0.002584626 0.999990821 0.003418599 -0.945127249 0.005401975 -0.003404599 0.999979615 33.557502747
0.999981225 0.002725111 -0.005493207 0.706764817 -0.002705712 0.999990106 0.003535800 -0.959043682 0.005502788 -0.003520870 0.999978602 34.104141235
0.999979913 0.003089488 -0.005534892 0.713128805 -0.003069939 0.999989152 0.003537099 -0.970443308 0.005545759 -0.003520037 0.999978423 34.633846283
0.999976754 0.003187558 -0.006026748 0.724293709 -0.003166549 0.999988914 0.003492303 -0.991082609 0.006037814 -0.003473138 0.999975681 35.155052185
0.999978006 0.003160333 -0.005831993 0.721746266 -0.003141375 0.999989748 0.003257214 -0.998532474 0.005842227 -0.003238822 0.999977708 35.689907074
0.999977827 0.003558440 -0.005630961 0.727029502 -0.003540001 0.999988437 0.003281225 -1.007672548 0.005642571 -0.003261218 0.999978781 36.237457275
0.999978840 0.002405310 -0.006032721 0.735942841 -0.002386477 0.999992251 0.003126998 -1.027001619 0.006040195 -0.003112535 0.999976933 36.797290802
0.999975979 0.002733421 -0.006360000 0.740504980 -0.002713077 0.999991179 0.003205199 -1.036244631 0.006368706 -0.003187867 0.999974668 37.353195190
0.999979019 0.002530220 -0.005960515 0.747733653 -0.002513304 0.999992728 0.002843778 -1.046801567 0.005967668 -0.002828737 0.999978185 37.904186249
0.999972105 0.003016701 -0.006821803 0.755468249 -0.003000421 0.999992549 0.002395487 -1.057952642 0.006828979 -0.002374952 0.999973834 38.429615021
0.999974430 0.003040910 -0.006468543 0.758360147 -0.003027033 0.999993086 0.002154008 -1.068397403 0.006475048 -0.002134372 0.999976754 38.977912903
0.999972165 0.002704362 -0.006954118 0.765334725 -0.002685435 0.999992669 0.002729697 -1.088941574 0.006961451 -0.002710945 0.999972105 39.517910004
0.999971390 0.002761745 -0.007044088 0.770521939 -0.002744840 0.999993324 0.002408515 -1.101666451 0.007050693 -0.002389111 0.999972284 40.073226929
0.999970615 0.002796170 -0.007135948 0.777226090 -0.002778275 0.999992967 0.002516241 -1.119363666 0.007142934 -0.002496341 0.999971390 40.618373871
0.999971628 0.002740880 -0.007009328 0.782088161 -0.002725962 0.999994099 0.002136875 -1.129097581 0.007015144 -0.002117708 0.999973118 41.174808502
0.999971688 0.002964915 -0.006914490 0.787509799 -0.002947115 0.999992371 0.002583025 -1.145228505 0.006922096 -0.002562575 0.999972761 41.725215912
0.999971926 0.003555183 -0.006598632 0.787764907 -0.003541438 0.999991477 0.002093436 -1.162940502 0.006606019 -0.002070009 0.999976039 42.272930145
0.999971330 0.003732258 -0.006590753 0.795865715 -0.003717562 0.999990642 0.002240543 -1.176274538 0.006599053 -0.002215977 0.999975801 42.822422028
0.999969602 0.003672166 -0.006889724 0.803780258 -0.003654363 0.999989867 0.002594781 -1.193243504 0.006899184 -0.002569525 0.999972939 43.364910126
0.999965966 0.003096126 -0.007648028 0.811481833 -0.003083872 0.999993861 0.001613434 -1.197856665 0.007652977 -0.001589793 0.999969423 43.917491913
0.999967873 0.002649364 -0.007560521 0.816866159 -0.002634792 0.999994576 0.001936656 -1.214560747 0.007565613 -0.001916673 0.999969482 44.459423065
0.999967456 0.002369290 -0.007711469 0.825063586 -0.002355282 0.999995708 0.001825008 -1.231293321 0.007715759 -0.001806786 0.999968529 44.997310638
0.999967158 0.002830445 -0.007612939 0.828773081 -0.002818382 0.999994755 0.001594797 -1.242939711 0.007617414 -0.001573288 0.999969721 45.555927277
0.999966681 0.002744957 -0.007692488 0.834857345 -0.002731554 0.999994695 0.001752408 -1.256605506 0.007697258 -0.001731337 0.999968886 46.106922150
0.999968827 0.002656934 -0.007432715 0.837742388 -0.002645920 0.999995410 0.001491300 -1.271130204 0.007436645 -0.001471588 0.999971271 46.660732269
0.999967456 0.003677384 -0.007183702 0.847024083 -0.003662951 0.999991179 0.002021175 -1.288663983 0.007191071 -0.001994796 0.999972165 47.211860657
0.999964535 0.003077473 -0.007841757 0.852352500 -0.003064947 0.999993980 0.001608735 -1.294502378 0.007846660 -0.001584644 0.999967933 47.764186859
0.999964058 0.003635293 -0.007665639 0.858753562 -0.003625419 0.999992549 0.001301688 -1.308972597 0.007670313 -0.001273850 0.999969721 48.307052612
0.999964595 0.002693575 -0.007962912 0.867491722 -0.002683813 0.999995649 0.001236353 -1.322288036 0.007966208 -0.001214939 0.999967456 48.878505707
0.999962807 0.003456860 -0.007905160 0.871551871 -0.003443352 0.999992609 0.001721679 -1.339239478 0.007911055 -0.001694394 0.999967277 49.426616669
0.999963224 0.003362411 -0.007907595 0.886102676 -0.003350417 0.999993265 0.001529621 -1.353933692 0.007912687 -0.001503071 0.999967575 49.972770691
0.999960780 0.003853526 -0.007977698 0.888502479 -0.003841697 0.999991477 0.001497525 -1.367390990 0.007983400 -0.001466818 0.999966979 50.510272980
0.999960542 0.003479115 -0.008176800 0.895996332 -0.003467969 0.999993026 0.001376938 -1.383430839 0.008181536 -0.001348526 0.999965608 51.059597015
0.999951899 0.003148413 -0.009285646 0.924130857 -0.003134609 0.999993920 0.001500809 -1.398009181 0.009290317 -0.001471630 0.999955773 51.606777191
0.999953568 0.003280360 -0.009058033 0.921553850 -0.003265953 0.999993384 0.001604932 -1.410639167 0.009063238 -0.001575274 0.999957681 52.159351349
0.999958634 0.003697098 -0.008313399 0.920961022 -0.003689202 0.999992669 0.000964798 -1.423762202 0.008316909 -0.000934088 0.999964952 52.705223083
0.999953151 0.003200798 -0.009129832 0.933841586 -0.003188467 0.999993980 0.001364837 -1.441360474 0.009134145 -0.001335663 0.999957323 53.244094849
0.999955297 0.004523808 -0.008302805 0.932265162 -0.004514132 0.999989092 0.001183743 -1.456975937 0.008308070 -0.001146210 0.999964774 53.797142029
0.999957621 0.004728464 -0.007897777 0.934885025 -0.004722754 0.999988675 0.000741323 -1.470630169 0.007901194 -0.000703993 0.999968529 54.352626801
0.999958396 0.004271450 -0.008058201 0.938496649 -0.004269083 0.999990940 0.000310812 -1.484752297 0.008059455 -0.000276398 0.999967456 54.886039734
0.999957263 0.005063449 -0.007735552 0.942603230 -0.005056840 0.999986827 0.000873539 -1.503087640 0.007739874 -0.000834384 0.999969721 55.430175781
0.999957204 0.004898140 -0.007841223 0.953507900 -0.004889905 0.999987483 0.001069027 -1.517124295 0.007846360 -0.001030639 0.999968708 55.972190857
0.999953806 0.004898410 -0.008267089 0.958083868 -0.004887668 0.999987185 0.001319034 -1.534597516 0.008273444 -0.001278567 0.999964952 56.517555237
0.999954879 0.005064766 -0.008033190 0.965572417 -0.005056617 0.999986649 0.001034415 -1.549142838 0.008038322 -0.000993747 0.999967217 57.063995361
0.999954224 0.005633754 -0.007728995 0.963573456 -0.005627626 0.999983847 0.000814482 -1.559056640 0.007733459 -0.000770949 0.999969721 57.600063324
0.999954104 0.005368154 -0.007932382 0.973784268 -0.005364033 0.999985576 0.000540623 -1.571798682 0.007935169 -0.000498049 0.999968350 58.136352539
0.999956667 0.004767037 -0.007995976 0.977726102 -0.004762204 0.999988437 0.000623215 -1.586505175 0.007998857 -0.000585109 0.999967813 58.681556702
0.999957442 0.004702849 -0.007937703 0.980154753 -0.004699035 0.999988854 0.000498984 -1.601627827 0.007939962 -0.000461663 0.999968350 59.221149445
0.999957502 0.004600138 -0.007989913 0.983680248 -0.004595384 0.999989271 0.000613273 -1.622699380 0.007992650 -0.000576530 0.999967873 59.749908447
0.999954700 0.004545785 -0.008356011 0.990847886 -0.004539625 0.999989390 0.000756021 -1.637878418 0.008359358 -0.000718053 0.999964714 60.295181274
0.999954760 0.004718401 -0.008260496 0.996922493 -0.004711711 0.999988556 0.000829232 -1.650995016 0.008264317 -0.000790273 0.999965489 60.853664398
0.999955773 0.004524384 -0.008248652 1.004196644 -0.004519731 0.999989569 0.000582655 -1.665497422 0.008251202 -0.000545347 0.999965787 61.398460388
0.999957263 0.004550802 -0.008046269 1.012058258 -0.004543901 0.999989271 0.000875681 -1.682193875 0.008050170 -0.000839082 0.999967217 61.951896667
0.999955773 0.004109096 -0.008449303 1.022511721 -0.004104500 0.999991417 0.000561184 -1.698706985 0.008451537 -0.000526479 0.999964118 62.498100281
0.999955654 0.004981799 -0.007990867 1.023955464 -0.004976115 0.999987364 0.000731157 -1.721484184 0.007994409 -0.000691361 0.999967813 63.032165527
0.999956906 0.005240196 -0.007659099 1.021676898 -0.005235075 0.999986053 0.000688494 -1.727548957 0.007662599 -0.000648368 0.999970436 63.549160004
0.999955356 0.006127229 -0.007194257 1.018605590 -0.006125355 0.999981225 0.000282525 -1.739452481 0.007195853 -0.000238445 0.999974072 64.065841675
0.999958277 0.005725296 -0.007116454 1.016137719 -0.005722095 0.999983430 0.000469952 -1.755328059 0.007119027 -0.000429212 0.999974489 64.574623108
0.999960482 0.005669458 -0.006867619 1.013559103 -0.005666459 0.999983847 0.000455814 -1.766856074 0.006870092 -0.000416881 0.999976337 65.101921082
0.999962747 0.005080009 -0.006979404 1.020512938 -0.005077779 0.999987066 0.000337211 -1.782872558 0.006981025 -0.000301758 0.999975502 65.614425659
0.999964118 0.004699554 -0.007045195 1.029577494 -0.004699700 0.999988914 -0.000004096 -1.795409918 0.007045096 0.000037206 0.999975085 66.156364441
0.999964952 0.005141357 -0.006609740 1.014989257 -0.005142393 0.999986768 -0.000139657 -1.807736397 0.006608934 0.000173642 0.999978125 66.694084167
0.999962807 0.004900826 -0.007088620 1.050099134 -0.004899249 0.999988019 0.000239794 -1.818420410 0.007089709 -0.000205056 0.999974847 67.298736572
0.999961317 0.005361879 -0.006975492 1.021968246 -0.005360812 0.999985635 0.000171485 -1.840093613 0.006976313 -0.000134084 0.999975622 67.747344971
0.999964714 0.005407265 -0.006430524 1.022238493 -0.005409128 0.999985337 -0.000272484 -1.853258133 0.006428957 0.000307258 0.999979258 68.269721985
0.999960721 0.006097429 -0.006449110 1.022653818 -0.006100326 0.999981284 -0.000429453 -1.867131233 0.006446372 0.000468778 0.999979138 68.792411804
0.999957383 0.006074412 -0.006954671 1.028227091 -0.006076896 0.999981403 -0.000336164 -1.883891344 0.006952498 0.000378412 0.999975741 69.314300537
0.999958813 0.006349775 -0.006483089 1.034665108 -0.006352622 0.999979734 -0.000418930 -1.899143934 0.006480298 0.000460097 0.999978900 69.837249756
0.999963224 0.006063226 -0.006059403 1.040897489 -0.006064757 0.999981582 -0.000234345 -1.917290568 0.006057871 0.000271085 0.999981582 70.384529114
0.999960542 0.006565163 -0.005979210 1.040596128 -0.006568890 0.999978244 -0.000603825 -1.930214047 0.005975116 0.000643078 0.999981940 70.906974792
0.999961555 0.005932829 -0.006457413 1.047163606 -0.005937636 0.999982119 -0.000725514 -1.945619345 0.006452993 0.000763828 0.999978900 71.433509827
0.999961793 0.006233429 -0.006125228 1.048056364 -0.006235783 0.999980509 -0.000365102 -1.960793734 0.006122834 0.000403284 0.999981165 71.961067200
0.999960303 0.006799028 -0.005748833 1.048868895 -0.006801296 0.999976814 -0.000375022 -1.980079770 0.005746151 0.000414106 0.999983430 72.495178223
0.999961734 0.006275962 -0.006098321 1.060780883 -0.006278507 0.999980330 -0.000398401 -1.993538857 0.006095702 0.000436675 0.999981344 73.028182983
0.999957681 0.007339526 -0.005550091 1.057242393 -0.007341332 0.999972999 -0.000305138 -2.007852077 0.005547702 0.000345870 0.999984503 73.562614441
0.999959528 0.007150352 -0.005455563 1.064028025 -0.007153526 0.999974251 -0.000562649 -2.023980379 0.005451398 0.000601653 0.999984920 74.094139099
0.999958575 0.006983565 -0.005839880 1.078469038 -0.006984388 0.999975622 -0.000120565 -2.040673733 0.005838895 0.000161348 0.999982953 74.621467590
0.999956965 0.007255812 -0.005774889 1.084009409 -0.007257837 0.999973595 -0.000329712 -2.057606697 0.005772344 0.000371611 0.999983251 75.157218933
0.999955773 0.007402258 -0.005795304 1.092615604 -0.007405857 0.999972403 -0.000599673 -2.070886612 0.005790705 0.000642566 0.999983013 75.691566467
0.999954283 0.007695999 -0.005678335 1.095390320 -0.007699532 0.999970138 -0.000600834 -2.086906672 0.005673542 0.000644527 0.999983668 76.225639343
0.999954164 0.007891852 -0.005418412 1.103092551 -0.007896550 0.999968469 -0.000846212 -2.104670048 0.005411565 0.000888960 0.999984980 76.762550354
0.999954104 0.007600893 -0.005824370 1.107418776 -0.007606132 0.999970615 -0.000877789 -2.122551680 0.005817529 0.000922051 0.999982655 77.295150757
0.999952078 0.007919917 -0.005751241 1.114601254 -0.007922302 0.999968529 -0.000391739 -2.144347906 0.005747959 0.000437283 0.999983370 77.825004578
0.999957740 0.007326035 -0.005550542 1.126387477 -0.007329920 0.999972880 -0.000679925 -2.162622452 0.005545410 0.000720581 0.999984384 78.364654541
0.999951839 0.008317576 -0.005204875 1.131890416 -0.008321805 0.999965072 -0.000791482 -2.176162720 0.005198110 0.000834758 0.999986112 78.914337158
0.999954045 0.007921166 -0.005392644 1.141433358 -0.007925296 0.999968290 -0.000745265 -2.194490671 0.005386569 0.000787969 0.999985158 79.459457397
0.999955654 0.007412959 -0.005812028 1.155622602 -0.007417408 0.999972224 -0.000744549 -2.212078571 0.005806349 0.000787626 0.999982774 80.006286621
0.999964178 0.006891985 -0.004914733 1.163356900 -0.006898093 0.999975562 -0.001226929 -2.225667953 0.004906157 0.001260787 0.999987185 80.555763245
0.999970198 0.006853931 -0.003548732 1.172280908 -0.006859076 0.999975443 -0.001440341 -2.243232012 0.003538774 0.001464639 0.999992609 81.096206665
0.999975145 0.006619042 -0.002416717 1.180502295 -0.006623317 0.999976516 -0.001764884 -2.253385067 0.002404979 0.001780847 0.999995530 81.664497375
0.999977291 0.006636229 -0.001171135 1.186313748 -0.006638252 0.999976456 -0.001730316 -2.270184278 0.001159625 0.001738051 0.999997795 82.211654663
0.999974966 0.006762981 0.002041634 1.205630302 -0.006759521 0.999975741 -0.001696252 -2.288914204 -0.002053056 0.001682409 0.999996424 82.764404297
0.999962866 0.006844693 0.005234358 1.221341133 -0.006836162 0.999975383 -0.001645995 -2.306020975 -0.005245496 0.001610151 0.999984920 83.316902161
0.999943972 0.006512959 0.008345162 1.244736552 -0.006501540 0.999977827 -0.001394802 -2.328108072 -0.008354062 0.001340467 0.999964178 83.870971680
0.999906719 0.006467636 0.012031388 1.273762822 -0.006455284 0.999978602 -0.001065067 -2.353062868 -0.012038017 0.000987302 0.999927044 84.434432983
0.999814749 0.007143617 0.017868925 1.300822854 -0.007116701 0.999973416 -0.001569482 -2.367611885 -0.017879663 0.001442023 0.999839067 84.992263794
0.999694228 0.006888019 0.023749778 1.331190348 -0.006854774 0.999975383 -0.001480882 -2.388512611 -0.023759397 0.001317630 0.999716759 85.546531677
0.999528944 0.007040360 0.029870804 1.358490109 -0.006999622 0.999974370 -0.001468114 -2.405860901 -0.029880377 0.001258338 0.999552667 86.091674805
0.999242604 0.007169669 0.038245596 1.396073103 -0.007117020 0.999973476 -0.001512500 -2.425710678 -0.038255423 0.001239160 0.999267220 86.632209778
0.998897970 0.006119635 0.046533637 1.445055246 -0.006011495 0.999978900 -0.002463515 -2.437366486 -0.046547730 0.002181063 0.998913705 87.184036255
0.998548150 0.005867071 0.053545225 1.486772060 -0.005763911 0.999981225 -0.002080814 -2.456634998 -0.053556424 0.001769163 0.998563230 87.727920532
0.998005807 0.006573380 0.062776834 1.529181004 -0.006448750 0.999976814 -0.002187692 -2.475986242 -0.062789753 0.001778498 0.998025179 88.263237000
0.997358203 0.005738969 0.072413430 1.596262455 -0.005520570 0.999979615 -0.003215798 -2.488355160 -0.072430409 0.002807538 0.997369528 88.821548462
0.996665537 0.005718346 0.081394851 1.660319328 -0.005449423 0.999978960 -0.003525694 -2.495587349 -0.081413299 0.003070383 0.996675670 89.377128601
0.996038914 0.005283027 0.088761047 1.734804153 -0.004980901 0.999981046 -0.003624946 -2.518483639 -0.088778526 0.003168478 0.996046364 89.939125061
0.995119750 0.004873285 0.098554403 1.809727192 -0.004493329 0.999981582 -0.004076880 -2.531535625 -0.098572470 0.003614147 0.995123327 90.482215881
0.994074345 0.004788947 0.108597010 1.897896767 -0.004364955 0.999981821 -0.004141654 -2.544595480 -0.108614892 0.003643091 0.994077206 91.054061890
0.992987573 0.004199277 0.118144207 1.991977692 -0.003756444 0.999985039 -0.003970676 -2.589147806 -0.118159108 0.003499031 0.992988467 91.652076721
0.991515517 0.004621698 0.129906312 2.081171989 -0.004162744 0.999984086 -0.003804272 -2.604763985 -0.129921824 0.003231228 0.991518974 92.193229675
0.989811838 0.004209161 0.142319307 2.199879646 -0.003699321 0.999985695 -0.003846767 -2.622401476 -0.142333478 0.003281090 0.989813328 92.801918030
0.987982750 0.004172955 0.154508173 2.274126053 -0.003629121 0.999986112 -0.003801665 -2.639898777 -0.154521912 0.003195250 0.987984180 93.278366089
0.986598134 0.003349941 0.163134471 2.443463326 -0.002770988 0.999989033 -0.003776344 -2.674013138 -0.163145319 0.003273691 0.986596644 93.953964233
0.984382749 0.002885562 0.176017702 2.573337555 -0.002302226 0.999991298 -0.003518198 -2.698475122 -0.176026285 0.003058021 0.984380722 94.529243469
0.982103109 0.002671593 0.188324854 2.698810577 -0.001912140 0.999989331 -0.004214235 -2.711749315 -0.188334063 0.003778710 0.982097805 95.048980713
0.980178177 0.000950464 0.198115543 2.849906921 0.000106054 0.999985814 -0.005322159 -2.726993561 -0.198117778 0.005237675 0.980164230 95.661422729
0.977320492 0.001025098 0.211762965 2.960308075 -0.000249140 0.999993205 -0.003690926 -2.737686872 -0.211765260 0.003554458 0.977314174 96.102432251
0.974444270 -0.000041895 0.224629372 3.136596680 0.001326834 0.999983609 -0.005569312 -2.767309666 -0.224625468 0.005725030 0.974428296 96.713424683
0.971701682 0.001055762 0.236209005 3.265148163 -0.000070665 0.999991357 -0.004178874 -2.782697678 -0.236211300 0.004043926 0.971693277 97.196304321
0.968949020 0.000546079 0.247259974 3.427413940 0.000494268 0.999991298 -0.004145412 -2.797671556 -0.247260123 0.004138904 0.968940318 97.737052917
0.965409756 0.000932136 0.260735512 3.593709946 -0.000050740 0.999994278 -0.003387132 -2.823518038 -0.260737151 0.003256741 0.965404451 98.253051758
0.962070107 0.000030668 0.272802204 3.777402878 0.001277726 0.999988496 -0.004618472 -2.835309982 -0.272799283 0.004791861 0.962059021 98.807281494
0.958794355 -0.000424752 0.284100771 3.965522766 0.001767681 0.999988437 -0.004470581 -2.857833862 -0.284095526 0.004788567 0.958783984 99.340217590
0.954509437 -0.000873566 0.298179388 4.157142639 0.002416843 0.999985516 -0.004806995 -2.871807814 -0.298170865 0.005308974 0.954497755 99.855445862
0.950064063 -0.001257437 0.312052429 4.359352112 0.002910504 0.999984026 -0.004831715 -2.889806509 -0.312041432 0.005498669 0.950052559 100.382217407
0.946305335 -0.001110920 0.323272735 4.558973312 0.002746246 0.999985635 -0.004602559 -2.907662868 -0.323262990 0.005243212 0.946294725 100.896575928
0.941846132 -0.002464372 0.336035430 4.778476715 0.004236621 0.999980628 -0.004540953 -2.942095995 -0.336017787 0.005700534 0.941838324 101.408973694
0.936946154 -0.002957089 0.349461228 4.999073029 0.004870640 0.999977529 -0.004597089 -2.959363461 -0.349439770 0.006009325 0.936939538 101.917419434
0.932030439 -0.003417267 0.362364084 5.218933105 0.005298072 0.999977171 -0.004196818 -2.976524830 -0.362341434 0.005831393 0.932027102 102.423042297
0.927184820 -0.003254954 0.374590009 5.489118576 0.005222242 0.999977350 -0.004236908 -3.013985157 -0.374567807 0.005884596 0.927180886 103.011947632
0.921330035 -0.003997128 0.388760537 5.726142883 0.006011906 0.999974072 -0.003966261 -3.031276703 -0.388734579 0.005991428 0.921330333 103.509330750
0.915795743 -0.004015414 0.401624143 5.969825745 0.006206583 0.999972045 -0.004154781 -3.032299519 -0.401596278 0.006297644 0.915795147 103.993484497
0.911071777 -0.004789644 0.412219971 6.218788147 0.007162904 0.999965489 -0.004212413 -3.052906752 -0.412185580 0.006790503 0.911074638 104.469642639
0.905262947 -0.004866615 0.424823910 6.482589722 0.007286417 0.999965191 -0.004071516 -3.071326733 -0.424789250 0.006781237 0.905266881 105.010124207
0.898766160 -0.004933378 0.438400596 6.747795105 0.007258578 0.999967098 -0.003628069 -3.090981722 -0.438368231 0.006442950 0.898772418 105.502143860
0.892827094 -0.004981929 0.450372010 7.010375977 0.007402716 0.999966204 -0.003613871 -3.110312700 -0.450338781 0.006560539 0.892833650 105.982147217
0.887136102 -0.005535514 0.461474627 7.284118652 0.008051810 0.999961615 -0.003483941 -3.128403902 -0.461437553 0.006806436 0.887146652 106.455352783
0.879596412 -0.004537561 0.475699008 7.556236267 0.006791245 0.999972403 -0.003018965 -3.149887085 -0.475672185 0.005886059 0.879602909 106.922706604
0.872538984 -0.004913835 0.488519877 7.841567993 0.007108143 0.999971211 -0.002637431 -3.170579910 -0.488492906 0.005773729 0.872548759 107.382675171
