1.000000000 0.000000000 0.000000000 0.000000000 0.000000000 1.000000000 0.000000000 0.000000000 0.000000000 0.000000000 1.000000000 0.000000000
1.000000000 0.000055566 0.000118145 -0.001024969 -0.000055570 1.000000000 0.000035961 0.000288301 -0.000118143 -0.000035967 1.000000000 0.000834424
0.999999940 0.000208083 0.000169295 -0.000930858 -0.000208103 1.000000000 0.000120283 -0.000668020 -0.000169270 -0.000120319 1.000000000 -0.000912267
1.000000000 0.000216317 0.000002923 0.000163445 -0.000216317 0.999999940 0.000142274 -0.001114130 -0.000002893 -0.000142274 1.000000000 -0.000318938
0.999999940 0.000238644 0.000172676 -0.001593279 -0.000238657 0.999999940 0.000073525 0.000419821 -0.000172658 -0.000073566 1.000000000 0.000456175
1.000000000 0.000068239 0.000023196 -0.000579216 -0.000068241 1.000000000 0.000094530 -0.000329073 -0.000023190 -0.000094532 1.000000000 -0.000569613
1.000000000 0.000047563 0.000129571 -0.002038644 -0.000047550 1.000000000 -0.000102571 0.001807570 -0.000129575 0.000102564 1.000000000 0.003508396
1.000000000 -0.000020942 0.000167926 -0.001393454 0.000020920 1.000000000 0.000131912 0.000607865 -0.000167929 -0.000131909 1.000000000 0.002918348
1.000000000 0.000047971 0.000161011 -0.001486082 -0.000047961 1.000000000 -0.000059005 0.001599279 -0.000161014 0.000058997 1.000000000 0.002631791
1.000000000 -0.000032335 0.000205484 -0.001319616 0.000032333 1.000000000 0.000011509 0.000532008 -0.000205485 -0.000011503 1.000000000 0.000610452
0.999999940 -0.000141407 0.000210457 -0.001154806 0.000141414 1.000000000 -0.000032694 0.001758107 -0.000210452 0.000032724 1.000000000 0.002462578
1.000000000 0.000071267 0.000101670 -0.000590625 -0.000071270 1.000000000 0.000034874 0.000011710 -0.000101668 -0.000034882 1.000000000 0.000670235
1.000000000 0.000056747 0.000148455 -0.001238654 -0.000056739 1.000000000 -0.000056126 0.001744510 -0.000148458 0.000056117 1.000000000 0.004007054
0.999999940 0.000059068 0.000258337 -0.002853926 -0.000059109 1.000000000 0.000157359 0.000660177 -0.000258328 -0.000157374 0.999999940 0.004114761
1.000000000 0.000067263 0.000152457 -0.002085134 -0.000067270 1.000000000 0.000042037 0.000884007 -0.000152454 -0.000042047 1.000000000 0.003330905
1.000000000 0.000153445 0.000101188 -0.001101019 -0.000153454 1.000000000 0.000086615 -0.000276815 -0.000101175 -0.000086631 1.000000000 0.001393145
1.000000000 0.000031460 0.000108537 -0.001640571 -0.000031468 1.000000000 0.000078426 0.000378215 -0.000108535 -0.000078430 1.000000000 0.002253646
0.999999881 0.000242869 0.000415070 -0.003773809 -0.000242877 1.000000000 0.000018780 0.001487623 -0.000415066 -0.000018881 0.999999940 0.004343691
0.999999940 0.000278627 0.000278142 -0.003267594 -0.000278638 0.999999940 0.000040580 0.000695317 -0.000278131 -0.000040658 0.999999940 0.003479321
0.999999940 0.000311839 0.000252893 -0.002668996 -0.000311855 0.999999940 0.000066424 0.000651098 -0.000252873 -0.000066503 0.999999940 0.003633703
0.999999940 0.000275057 0.000280002 -0.002699993 -0.000275103 0.999999940 0.000163758 0.000537839 -0.000279957 -0.000163835 0.999999940 0.003881608
0.999999881 0.000412409 0.000319451 -0.003390474 -0.000412428 0.999999940 0.000058944 0.000837285 -0.000319427 -0.000059076 0.999999940 0.003946499
0.999999940 0.000100546 0.000234633 -0.002536330 -0.000100562 1.000000000 0.000067644 0.001119240 -0.000234626 -0.000067668 0.999999940 0.003257126
0.999999940 0.000127830 0.000293198 -0.001155364 -0.000127855 1.000000000 0.000087318 -0.000047824 -0.000293186 -0.000087356 0.999999940 0.001857710
0.999999940 0.000163588 0.000271196 -0.002125969 -0.000163569 1.000000000 -0.000071509 0.000906429 -0.000271208 0.000071465 0.999999940 0.000700420
0.999999940 0.000079311 0.000238828 -0.001597014 -0.000079287 1.000000000 -0.000097978 0.002299960 -0.000238836 0.000097959 0.999999940 0.003214776
1.000000000 0.000038746 0.000210283 -0.002297724 -0.000038737 1.000000000 -0.000039965 0.001710685 -0.000210284 0.000039957 1.000000000 0.002921134
0.999999940 0.000126418 0.000270371 -0.002572848 -0.000126384 1.000000000 -0.000127950 0.002411760 -0.000270387 0.000127916 0.999999940 0.004338154
0.999999881 0.000277302 0.000377128 -0.004175787 -0.000277251 0.999999940 -0.000135588 0.002626976 -0.000377166 0.000135484 0.999999940 0.003458153
0.999999940 0.000203883 0.000339582 -0.003589311 -0.000203906 1.000000000 0.000066863 0.001116420 -0.000339568 -0.000066932 0.999999940 0.002249757
0.999999940 0.000245811 0.000336258 -0.003619174 -0.000245850 0.999999940 0.000117955 0.000353162 -0.000336229 -0.000118038 0.999999940 0.003006845
0.999999940 0.000100021 0.000235100 -0.001451398 -0.000100040 1.000000000 0.000078842 0.000677698 -0.000235092 -0.000078865 0.999999940 0.001680735
0.999999881 0.000373848 0.000396666 -0.004314398 -0.000373867 0.999999940 0.000047044 0.001904299 -0.000396648 -0.000047193 0.999999940 0.004459828
0.999999881 0.000297198 0.000425570 -0.003581884 -0.000297209 0.999999940 0.000027211 0.001946765 -0.000425562 -0.000027338 0.999999881 0.004533202
0.999999940 0.000211590 0.000238940 -0.001039846 -0.000211621 0.999999940 0.000130585 0.000259465 -0.000238912 -0.000130635 0.999999940 0.001549570
0.999999881 0.000347875 0.000372246 -0.002499622 -0.000347922 0.999999940 0.000124039 0.001108407 -0.000372203 -0.000124169 0.999999940 0.002243280
0.999999881 0.000359531 0.000347268 -0.003500432 -0.000359528 0.999999940 -0.000006730 0.003684463 -0.000347271 0.000006605 0.999999940 0.006335180
0.999999940 -0.000089129 0.000263955 -0.002465808 0.000089128 1.000000000 0.000003893 0.002717802 -0.000263956 -0.000003870 0.999999940 0.006095556
0.999999940 0.000193869 0.000367023 -0.003591630 -0.000193898 1.000000000 0.000078154 0.002458960 -0.000367008 -0.000078225 0.999999940 0.006268631
0.999999940 0.000097217 0.000280659 -0.001726140 -0.000097226 1.000000000 0.000031628 0.001925154 -0.000280656 -0.000031656 0.999999940 0.003166599
0.999999881 0.000153601 0.000462239 -0.003091080 -0.000153610 1.000000000 0.000019709 0.001674751 -0.000462236 -0.000019780 0.999999881 0.005342298
0.999999940 -0.000087263 0.000262644 0.000240474 0.000087478 0.999999642 -0.000817159 0.000533152 -0.000262572 0.000817182 0.999999642 0.052864484
0.999999821 0.000320689 0.000465029 -0.002198448 -0.000320153 0.999999285 -0.001151802 -0.005312545 -0.000465398 0.001151653 0.999999225 0.130776942
0.999999940 0.000289625 0.000089965 0.002763308 -0.000289475 0.999998569 -0.001667656 -0.002875185 -0.000090448 0.001667630 0.999998629 0.256301910
0.999999881 0.000430488 0.000126486 0.005517168 -0.000430323 0.999999046 -0.001308497 -0.011314591 -0.000127050 0.001308442 0.999999166 0.385318726
1.000000000 0.000118538 0.000150911 0.008855208 -0.000118377 0.999999404 -0.001065059 -0.016465388 -0.000151037 0.001065041 0.999999404 0.524222195
0.999999881 0.000423872 0.000148573 0.012759889 -0.000423741 0.999999523 -0.000877296 -0.024902401 -0.000148945 0.000877233 0.999999583 0.667792797
0.999999821 0.000420585 0.000396959 0.015902128 -0.000420248 0.999999523 -0.000849841 -0.026962165 -0.000397316 0.000849674 0.999999583 0.835269868
0.999999940 0.000262938 0.000226298 0.016713146 -0.000262766 0.999999702 -0.000760610 -0.026738144 -0.000226498 0.000760550 0.999999702 1.013673425
0.999999940 0.000304188 0.000237666 0.020609248 -0.000304080 0.999999821 -0.000456229 -0.032320619 -0.000237805 0.000456157 0.999999881 1.195194364
0.999999821 0.000438453 0.000418587 0.018183487 -0.000438236 0.999999762 -0.000519029 -0.035617333 -0.000418815 0.000518845 0.999999762 1.369847536
0.999999940 0.000311773 0.000008554 0.036402959 -0.000311771 0.999999940 -0.000135749 -0.048516385 -0.000008596 0.000135747 1.000000000 1.571313500
0.999999702 0.000613176 0.000467573 0.036077708 -0.000613211 0.999999821 0.000074130 -0.054702744 -0.000467527 -0.000074417 0.999999881 1.756618857
0.999999881 0.000475904 -0.000224919 0.041890595 -0.000476027 0.999999762 -0.000550580 -0.051545531 0.000224657 0.000550687 0.999999821 1.960686684
0.999999583 0.000828752 0.000387104 0.043753296 -0.000828659 0.999999642 -0.000240970 -0.065776512 -0.000387303 0.000240649 0.999999881 2.155862331
0.999998987 0.001202776 0.000784794 0.031642511 -0.001202154 0.999998987 -0.000791825 -0.061122507 -0.000785745 0.000790881 0.999999404 2.382632971
0.999998510 0.001570116 0.000756038 0.041991226 -0.001569564 0.999998569 -0.000730534 -0.069676310 -0.000757183 0.000729346 0.999999464 2.598976612
0.999998569 0.001541939 0.000858130 0.042779997 -0.001541561 0.999998629 -0.000440379 -0.078975275 -0.000858808 0.000439056 0.999999523 2.831333160
0.999998987 0.001328097 0.000549825 0.051092420 -0.001327991 0.999999166 -0.000193658 -0.086807340 -0.000550081 0.000192927 0.999999881 3.066581249
0.999999046 0.001262498 0.000537226 0.051234670 -0.001262143 0.999998927 -0.000660124 -0.086398840 -0.000538059 0.000659445 0.999999642 3.308886528
0.999998271 0.001633824 0.000912670 0.056402471 -0.001633669 0.999998689 -0.000170858 -0.098921970 -0.000912948 0.000169367 0.999999583 3.556088686
0.999999106 0.001222695 0.000586522 0.063113108 -0.001222340 0.999999046 -0.000605150 -0.099116385 -0.000587262 0.000604433 0.999999642 3.804692030
0.999998569 0.001407640 0.000980713 0.061953343 -0.001406834 0.999998689 -0.000821479 -0.102907375 -0.000981868 0.000820098 0.999999166 4.075896263
0.999998510 0.001466539 0.000956099 0.068879940 -0.001466408 0.999998927 -0.000137633 -0.115288883 -0.000956300 0.000136231 0.999999523 4.320157528
0.999998629 0.001362292 0.001027037 0.071051374 -0.001361886 0.999998987 -0.000396138 -0.120274298 -0.001027576 0.000394739 0.999999404 4.575930119
0.999998093 0.001686979 0.000889477 0.082335956 -0.001686452 0.999998391 -0.000592622 -0.124675214 -0.000890475 0.000591121 0.999999344 4.837349415
0.999998450 0.001528186 0.000786506 0.087110959 -0.001527872 0.999998689 -0.000400662 -0.131466031 -0.000787117 0.000399460 0.999999523 5.100246429
0.999998510 0.001432264 0.000879766 0.091532417 -0.001431548 0.999998629 -0.000814334 -0.137219056 -0.000880931 0.000813074 0.999999285 5.359759331
0.999998689 0.001360970 0.000851467 0.099225126 -0.001360530 0.999998868 -0.000517462 -0.147754878 -0.000852171 0.000516303 0.999999523 5.633532047
0.999998927 0.001337324 0.000667722 0.105745934 -0.001337137 0.999999046 -0.000280007 -0.157783821 -0.000668096 0.000279114 0.999999762 5.899992466
0.999999285 0.000851209 0.000783189 0.114154041 -0.000850917 0.999999523 -0.000372665 -0.165690526 -0.000783506 0.000371998 0.999999642 6.179603100
0.999998748 0.001323013 0.000844268 0.118326880 -0.001322739 0.999999046 -0.000324214 -0.175833017 -0.000844697 0.000323097 0.999999583 6.459130764
0.999998689 0.001331687 0.000946493 0.122207627 -0.001331140 0.999998987 -0.000578597 -0.182108879 -0.000947263 0.000577336 0.999999404 6.752644539
0.999998689 0.001280706 0.000976146 0.132040724 -0.001280346 0.999999106 -0.000369017 -0.191069081 -0.000976618 0.000367767 0.999999464 7.043309689
0.999998391 0.001436458 0.000994310 0.138215587 -0.001436229 0.999998868 -0.000230139 -0.208781570 -0.000994640 0.000228711 0.999999404 7.337604523
0.999998927 0.001051570 0.000945139 0.140335858 -0.001051191 0.999999344 -0.000402307 -0.216811180 -0.000945561 0.000401314 0.999999404 7.668578148
0.999998510 0.001450995 0.000897273 0.149620295 -0.001451216 0.999998868 0.000246006 -0.234390706 -0.000896915 -0.000247308 0.999999523 7.976128578
0.999998748 0.001292070 0.000869749 0.157866627 -0.001292040 0.999999166 -0.000035854 -0.237519503 -0.000869795 0.000034731 0.999999642 8.295849800
0.999997556 0.001749170 0.001310803 0.161490932 -0.001749518 0.999998391 0.000264351 -0.253636599 -0.001310338 -0.000266643 0.999999106 8.616085052
0.999997377 0.001516768 0.001685083 0.160018712 -0.001517039 0.999998748 0.000159804 -0.256839514 -0.001684838 -0.000162359 0.999998569 8.955225945
0.999997616 0.001357105 0.001725938 0.171129867 -0.001357805 0.999998927 0.000403985 -0.273235857 -0.001725388 -0.000406327 0.999998391 9.287380219
0.999996960 0.001699627 0.001796515 0.177397430 -0.001701070 0.999998152 0.000801996 -0.286822766 -0.001795148 -0.000805050 0.999998033 9.626792908
0.999996483 0.001692878 0.002033211 0.183076933 -0.001694229 0.999998331 0.000662875 -0.289776862 -0.002032085 -0.000666317 0.999997735 9.976376534
0.999996305 0.001800148 0.002038438 0.184366673 -0.001800571 0.999998331 0.000205566 -0.295991868 -0.002038064 -0.000209236 0.999997914 10.326089859
0.999996364 0.001641589 0.002130365 0.186619252 -0.001643212 0.999998331 0.000760761 -0.314291388 -0.002129113 -0.000764259 0.999997437 10.693726540
0.999995947 0.001504627 0.002449357 0.194725305 -0.001506177 0.999998629 0.000631148 -0.320452482 -0.002448404 -0.000634835 0.999996781 11.065323830
0.999993563 0.002301974 0.002777169 0.197927624 -0.002303889 0.999997079 0.000686215 -0.334443063 -0.002775582 -0.000692609 0.999995887 11.443006516
0.999996245 0.001331875 0.002399863 0.205452263 -0.001333676 0.999998808 0.000748892 -0.343401134 -0.002398861 -0.000752090 0.999996841 11.829177856
0.999994814 0.001742055 0.002730833 0.211123511 -0.001743228 0.999998391 0.000427432 -0.352650613 -0.002730084 -0.000432190 0.999996245 12.217870712
0.999994755 0.001653765 0.002787755 0.223619729 -0.001654889 0.999998569 0.000400675 -0.364960939 -0.002787089 -0.000405286 0.999996006 12.606596947
0.999994814 0.001470663 0.002872372 0.228453994 -0.001471744 0.999998868 0.000374149 -0.372521579 -0.002871818 -0.000378375 0.999995768 13.010306358
0.999993622 0.001987454 0.002967945 0.236735731 -0.001988562 0.999997973 0.000370397 -0.385036498 -0.002967203 -0.000376297 0.999995470 13.405748367
0.999993384 0.001469432 0.003337324 0.244202837 -0.001471498 0.999998689 0.000616831 -0.392426223 -0.003336413 -0.000621737 0.999994218 13.823675156
0.999992788 0.001481548 0.003495242 0.254080594 -0.001483079 0.999998808 0.000435244 -0.405068904 -0.003494593 -0.000440425 0.999993801 14.226059914
0.999991596 0.001689280 0.003746764 0.263602227 -0.001690603 0.999998569 0.000350114 -0.414126247 -0.003746167 -0.000356446 0.999992907 14.655339241
0.999990642 0.001732812 0.003980761 0.276253939 -0.001735966 0.999998152 0.000788845 -0.430886000 -0.003979388 -0.000795748 0.999991834 15.076516151
0.999991238 0.001722621 0.003807683 0.290647775 -0.001725073 0.999998271 0.000641004 -0.444515526 -0.003806572 -0.000647567 0.999992549 15.509786606
0.999989748 0.001542835 0.004255201 0.301644266 -0.001545107 0.999998689 0.000530485 -0.456735164 -0.004254377 -0.000537055 0.999990821 15.948423386
0.999989033 0.001554531 0.004414232 0.313891530 -0.001557359 0.999998569 0.000637531 -0.469886720 -0.004413236 -0.000644399 0.999990046 16.390438080
0.999987364 0.001599156 0.004783775 0.322559595 -0.001600657 0.999998629 0.000309930 -0.479749203 -0.004783271 -0.000317584 0.999988496 16.840068817
0.999985278 0.001642432 0.005166254 0.333086461 -0.001644918 0.999998450 0.000476896 -0.493602693 -0.005165463 -0.000485387 0.999986470 17.303617477
0.999981523 0.002198232 0.005662685 0.341968894 -0.002203249 0.999997199 0.000879760 -0.508797288 -0.005660736 -0.000892220 0.999983549 17.765531540
0.999978840 0.001899810 0.006213164 0.351728946 -0.001903018 0.999998033 0.000510436 -0.518825173 -0.006212182 -0.000522249 0.999980509 18.226640701
0.999976754 0.001743777 0.006594328 0.363168389 -0.001748424 0.999998212 0.000698978 -0.530614257 -0.006593098 -0.000710492 0.999978006 18.698505402
0.999975741 0.002206785 0.006593350 0.376352251 -0.002209889 0.999997437 0.000463639 -0.543555319 -0.006592310 -0.000478198 0.999978125 19.167678833
0.999975324 0.001777538 0.006802283 0.395188481 -0.001783277 0.999998093 0.000837683 -0.558142066 -0.006800781 -0.000849792 0.999976516 19.646354675
0.999975920 0.002160231 0.006599152 0.400985539 -0.002164648 0.999997437 0.000662203 -0.568206191 -0.006597704 -0.000676472 0.999977946 20.135904312
0.999977827 0.001857888 0.006397737 0.417247653 -0.001861475 0.999998093 0.000554755 -0.581995547 -0.006396695 -0.000566652 0.999979317 20.636251450
0.999977827 0.002153079 0.006290548 0.432826340 -0.002154623 0.999997675 0.000238745 -0.586502552 -0.006290019 -0.000252294 0.999980211 21.132043839
0.999981582 0.002087214 0.005695018 0.443582594 -0.002087490 0.999997854 0.000042577 -0.595068514 -0.005694916 -0.000054465 0.999983788 21.646659851
0.999981761 0.002349021 0.005563659 0.450283170 -0.002353120 0.999996960 0.000730235 -0.623372376 -0.005561927 -0.000743314 0.999984264 22.146326065
0.999979794 0.002950481 0.005622887 0.462047815 -0.002954860 0.999995410 0.000770490 -0.636784852 -0.005620589 -0.000787089 0.999983907 22.653921127
0.999979973 0.003380010 0.005354991 0.469633788 -0.003383419 0.999994040 0.000627625 -0.651394308 -0.005352838 -0.000645730 0.999985516 23.172958374
0.999989152 0.002357312 0.004006164 0.483489275 -0.002360096 0.999996960 0.000690415 -0.665824354 -0.004004523 -0.000699862 0.999991715 23.695512772
0.999992013 0.001951485 0.003502505 0.493381321 -0.001952127 0.999998033 0.000179741 -0.676299751 -0.003502147 -0.000186577 0.999993861 24.226127625
0.999991953 0.002128219 0.003380054 0.502732873 -0.002130789 0.999997377 0.000756890 -0.693219841 -0.003378434 -0.000764087 0.999993980 24.749765396
0.999992907 0.002798870 0.002486845 0.508476138 -0.002801038 0.999995649 0.000868601 -0.713895082 -0.002484403 -0.000875561 0.999996543 25.288991928
0.999992251 0.003031213 0.002489825 0.516450942 -0.003033935 0.999994755 0.001090072 -0.726472676 -0.002486508 -0.001097617 0.999996305 25.830509186
0.999992847 0.002965532 0.002350089 0.525742531 -0.002968691 0.999994636 0.001341909 -0.744029582 -0.002346097 -0.001348876 0.999996364 26.393936157
0.999997377 0.001934629 0.001219879 0.536410749 -0.001936283 0.999997199 0.001356159 -0.754878998 -0.001217252 -0.001358518 0.999998271 26.931175232
0.999998271 0.001670701 0.000849743 0.551678956 -0.001671760 0.999997795 0.001248086 -0.777650952 -0.000847656 -0.001249505 0.999998808 27.469253540
0.999995589 0.002856415 0.000778434 0.559697270 -0.002857427 0.999995053 0.001302846 -0.792522490 -0.000774709 -0.001305064 0.999998808 28.030437469
0.999993920 0.003377051 0.000886466 0.572323143 -0.003377993 0.999993682 0.001062522 -0.805185676 -0.000882873 -0.001065509 0.999999046 28.584575653
0.999995291 0.003060372 -0.000006539 0.578612745 -0.003060360 0.999994338 0.001375380 -0.819675922 0.000010749 -0.001375353 0.999999046 29.112367630
0.999991953 0.004014421 -0.000125325 0.589282393 -0.004014228 0.999990821 0.001510281 -0.830671310 0.000131387 -0.001509766 0.999998868 29.670091629
0.999994695 0.003162126 -0.000729283 0.599316835 -0.003161032 0.999993801 0.001497952 -0.848301888 0.000734014 -0.001495639 0.999998569 30.214593887
0.999994099 0.003236977 -0.001162963 0.613598883 -0.003235156 0.999993563 0.001563462 -0.864983261 0.001168017 -0.001559690 0.999998093 30.761642456
0.999993742 0.003330762 -0.001216210 0.622583568 -0.003328833 0.999993145 0.001583942 -0.878926456 0.001221477 -0.001579883 0.999998033 31.307096481
0.999992907 0.003694405 -0.000842869 0.627196610 -0.003693148 0.999992132 0.001485953 -0.893390477 0.000848352 -0.001482830 0.999998569 31.848348618
0.999994814 0.003249518 -0.000203680 0.640737534 -0.003249223 0.999993682 0.001431807 -0.907553017 0.000208332 -0.001431138 0.999998987 32.387020111
0.999993563 0.003361658 -0.001362704 0.638639629 -0.003359032 0.999992430 0.001924443 -0.922289550 0.001369163 -0.001919853 0.999997199 32.940292358
0.999994338 0.002459749 -0.002323678 0.656278133 -0.002455915 0.999995589 0.001651361 -0.937384725 0.002327730 -0.001645645 0.999995947 33.483394623
0.999991775 0.003591411 -0.001891439 0.660110116 -0.003588702 0.999992549 0.001433474 -0.947736025 0.001896573 -0.001426675 0.999997199 34.037635803
0.999991775 0.003440354 -0.002162049 0.672755361 -0.003436690 0.999992728 0.001695741 -0.967714965 0.002167867 -0.001688297 0.999996245 34.573482513
0.999990702 0.004138050 -0.001233051 0.677736819 -0.004135692 0.999989748 0.001907954 -0.981921911 0.001240933 -0.001902837 0.999997377 35.106159210
0.999992430 0.003301387 -0.002055184 0.681015909 -0.003298588 0.999993742 0.001363166 -0.986124575 0.002059672 -0.001356376 0.999996901 35.664859772
0.999990165 0.004135503 -0.001593696 0.687046587 -0.004133206 0.999990404 0.001441082 -1.004243255 0.001599640 -0.001434481 0.999997675 36.208885193
0.999990046 0.003706895 -0.002487672 0.704375684 -0.003703816 0.999992371 0.001241370 -1.015244961 0.002492254 -0.001232144 0.999996126 36.755599976
0.999988556 0.004459927 -0.001754746 0.706941247 -0.004458966 0.999989867 0.000550944 -1.022383571 0.001757185 -0.000543113 0.999998331 37.303642273
0.999990106 0.003864861 -0.002206145 0.716095209 -0.003862402 0.999991953 0.001117577 -1.039832830 0.002210446 -0.001109045 0.999996841 37.846031189
0.999990344 0.003677266 -0.002407256 0.720455110 -0.003674249 0.999992490 0.001255868 -1.059686542 0.002411856 -0.001247011 0.999996305 38.394584656
0.999989390 0.004181595 -0.001932310 0.723199189 -0.004179946 0.999990880 0.000856363 -1.073138714 0.001935873 -0.000848277 0.999997795 38.940448761
0.999988616 0.003993871 -0.002577509 0.740829706 -0.003991653 0.999991655 0.000865081 -1.087989807 0.002580943 -0.000854783 0.999996305 39.482517242
0.999988914 0.003951851 -0.002543924 0.759520710 -0.003948164 0.999991179 0.001452479 -1.110015392 0.002549642 -0.001442419 0.999995708 40.006938934
0.999989152 0.003496900 -0.003117420 0.763008416 -0.003493287 0.999993205 0.001163883 -1.115236878 0.003121470 -0.001152980 0.999994457 40.583225250
0.999988437 0.003532361 -0.003277641 0.776255906 -0.003529549 0.999993384 0.000863135 -1.126875877 0.003280668 -0.000851556 0.999994218 41.128910065
0.999987602 0.004066048 -0.002887273 0.782683969 -0.004062423 0.999991000 0.001260197 -1.142613053 0.002892371 -0.001248452 0.999995053 41.675445557
0.999985158 0.004611062 -0.002884627 0.786460876 -0.004609845 0.999989271 0.000428167 -1.145932436 0.002886570 -0.000414863 0.999995768 42.224746704
0.999986112 0.003784910 -0.003661569 0.802062392 -0.003780395 0.999992013 0.001239052 -1.172783971 0.003666230 -0.001225193 0.999992549 42.765522003
0.999984920 0.004205004 -0.003537497 0.810862005 -0.004199271 0.999989808 0.001626433 -1.189036489 0.003544300 -0.001611554 0.999992490 43.307941437
0.999984562 0.004521034 -0.003227689 0.822144628 -0.004517158 0.999989092 0.001206997 -1.202960014 0.003233110 -0.001192398 0.999994099 43.859489441
0.999986947 0.003608976 -0.003615081 0.821894288 -0.003603920 0.999992549 0.001404112 -1.215669632 0.003620121 -0.001391065 0.999992490 44.402275085
0.999985397 0.004034832 -0.003603110 0.830980301 -0.004031299 0.999991477 0.000987071 -1.225734353 0.003607061 -0.000972532 0.999993086 44.957275391
0.999986768 0.004363426 -0.002731244 0.835327387 -0.004359941 0.999989748 0.001280695 -1.234873652 0.002736804 -0.001268770 0.999995470 45.493091583
0.999988437 0.003695912 -0.003079600 0.838575006 -0.003691973 0.999992371 0.001283450 -1.256211996 0.003084320 -0.001272066 0.999994457 46.050807953
0.999989748 0.003348647 -0.003070452 0.849290252 -0.003346120 0.999994040 0.000827866 -1.270166278 0.003073206 -0.000817583 0.999994934 46.595130920
0.999987543 0.003878562 -0.003148007 0.862496555 -0.003874317 0.999991596 0.001353565 -1.289012790 0.003153230 -0.001341351 0.999994159 47.112167358
0.999989688 0.003368018 -0.003048045 0.855319798 -0.003365053 0.999993801 0.000977667 -1.291016579 0.003051319 -0.000967400 0.999994874 47.683940887
0.999988735 0.003681897 -0.002973091 0.860626638 -0.003679640 0.999992847 0.000764499 -1.302896023 0.002975885 -0.000753550 0.999995232 48.237419128
0.999991119 0.002949580 -0.003038364 0.875889301 -0.002946782 0.999995291 0.000924873 -1.319912314 0.003041077 -0.000915912 0.999994934 48.772495270
0.999991179 0.003127154 -0.002800188 0.870119691 -0.003125258 0.999994874 0.000681505 -1.331596017 0.002802305 -0.000672748 0.999995768 49.326442719
0.999991655 0.003112361 -0.002647177 0.883036792 -0.003111265 0.999995053 0.000417656 -1.345321894 0.002648464 -0.000409416 0.999996364 49.873435974
0.999990165 0.003798498 -0.002289686 0.889844537 -0.003797219 0.999992609 0.000562819 -1.363411069 0.002291807 -0.000554119 0.999997199 50.418369293
0.999991357 0.003272345 -0.002555475 0.894334853 -0.003270566 0.999994397 0.000699704 -1.384527326 0.002557751 -0.000691340 0.999996483 50.976402283
0.999991179 0.003401317 -0.002466853 0.907193542 -0.003398959 0.999993801 0.000959339 -1.401031375 0.002470101 -0.000950946 0.999996483 51.528484344
0.999991298 0.003288272 -0.002547601 0.923184454 -0.003285820 0.999994099 0.000965990 -1.416116595 0.002550762 -0.000957610 0.999996305 52.070617676
0.999991477 0.003003272 -0.002840503 0.929482698 -0.003000702 0.999995112 0.000908912 -1.434569597 0.002843219 -0.000900380 0.999995530 52.605583191
0.999991953 0.003144813 -0.002484054 0.935742497 -0.003142656 0.999994755 0.000871867 -1.446017623 0.002486783 -0.000864053 0.999996543 53.149188995
0.999992013 0.003319130 -0.002229857 0.940643787 -0.003318220 0.999994516 0.000410872 -1.459020019 0.002231208 -0.000403470 0.999997437 53.710781097
0.999990761 0.003414483 -0.002610633 0.953999043 -0.003411998 0.999993742 0.000955652 -1.480253935 0.002613880 -0.000946736 0.999996126 54.244709015
0.999993980 0.002554849 -0.002328029 0.963953555 -0.002552488 0.999996245 0.001016264 -1.493524671 0.002330617 -0.001010315 0.999996722 54.793766022
0.999994040 0.002892014 -0.001928038 0.967255414 -0.002890307 0.999995470 0.000887885 -1.509394050 0.001930597 -0.000882307 0.999997735 55.322063446
0.999991179 0.003375442 -0.002541965 0.976616621 -0.003372929 0.999993920 0.000993009 -1.524824142 0.002545301 -0.000984427 0.999996305 55.871944427
0.999989629 0.003562903 -0.002842566 0.984757364 -0.003557638 0.999991953 0.001854747 -1.541063428 0.002849152 -0.001844615 0.999994218 56.419593811
0.999990821 0.003447208 -0.002580454 1.004085422 -0.003442834 0.999992669 0.001697584 -1.561395645 0.002586287 -0.001688684 0.999995172 56.949699402
0.999991536 0.003324027 -0.002428250 1.006884456 -0.003321581 0.999994099 0.001010563 -1.569203734 0.002431595 -0.001002489 0.999996543 57.508380890
0.999991059 0.003231434 -0.002728023 1.017323613 -0.003227874 0.999993920 0.001308312 -1.589466691 0.002732234 -0.001299494 0.999995470 58.047557831
0.999991477 0.003411005 -0.002339900 1.028118849 -0.003408244 0.999993503 0.001183062 -1.602289915 0.002343921 -0.001175076 0.999996603 58.587310791
0.999991238 0.003462823 -0.002326793 1.027989149 -0.003462005 0.999993920 0.000355457 -1.602878690 0.002328009 -0.000347399 0.999997258 59.155757904
0.999992013 0.003366941 -0.002157099 1.040138960 -0.003365966 0.999994218 0.000455614 -1.621538281 0.002158620 -0.000448349 0.999997616 59.696018219
0.999992430 0.003505149 -0.001687597 1.047800303 -0.003504056 0.999993622 0.000650601 -1.633444309 0.001689866 -0.000644682 0.999998391 60.242553711
0.999990404 0.003882154 -0.002044228 1.043838382 -0.003882429 0.999992430 -0.000130710 -1.638125420 0.002043705 0.000138645 0.999997854 60.781417847
0.999988437 0.004552165 -0.001576563 1.053988338 -0.004552147 0.999989569 0.000015233 -1.660328746 0.001576617 -0.000008056 0.999998689 61.324035645
0.999988914 0.004358956 -0.001784311 1.065630913 -0.004359936 0.999990344 -0.000545349 -1.664553285 0.001781916 0.000553122 0.999998271 61.862766266
0.999989867 0.003950364 -0.002145331 1.077045321 -0.003951671 0.999992013 -0.000605187 -1.679871798 0.002142924 0.000613659 0.999997497 62.406906128
0.999989033 0.004169106 -0.002130908 1.090057135 -0.004169780 0.999991298 -0.000312221 -1.700721860 0.002129588 0.000321103 0.999997675 62.950645447
0.999989569 0.004180400 -0.001816337 1.093570471 -0.004180814 0.999991238 -0.000223612 -1.713109016 0.001815386 0.000231204 0.999998331 63.495056152
0.999985695 0.004861359 -0.002218116 1.106820941 -0.004859692 0.999988019 0.000757217 -1.733278155 0.002221770 -0.000746427 0.999997258 64.048568726
0.999986947 0.004782673 -0.001770283 1.109560728 -0.004782038 0.999988496 0.000362711 -1.744429469 0.001771997 -0.000354241 0.999998391 64.597038269
0.999985933 0.005006559 -0.001743938 1.125592589 -0.005005029 0.999987006 0.000880819 -1.761208296 0.001748325 -0.000872078 0.999998033 65.124893188
0.999984503 0.005350705 -0.001517605 1.125390053 -0.005349833 0.999985456 0.000578403 -1.765785217 0.001520678 -0.000570275 0.999998629 65.658897400
0.999989390 0.004055027 -0.002145329 1.143082142 -0.004057354 0.999991179 -0.001081051 -1.785358429 0.002140926 0.001089744 0.999997079 66.213790894
0.999990165 0.004036974 -0.001792105 1.150523067 -0.004039883 0.999990463 -0.001622569 -1.796546578 0.001785538 0.001629793 0.999997079 66.769149780
0.999988258 0.004442458 -0.001925350 1.162005782 -0.004445366 0.999989033 -0.001508568 -1.817155838 0.001918628 0.001517110 0.999996960 67.308731079
0.999988735 0.004161118 -0.002295031 1.181658864 -0.004162815 0.999991059 -0.000735215 -1.844492197 0.002291952 0.000744761 0.999997079 67.842109680
0.999987960 0.004605662 -0.001750912 1.166853309 -0.004608833 0.999987721 -0.001811608 -1.848904490 0.001742547 0.001819656 0.999996781 68.392242432
0.999988854 0.004313261 -0.001944156 1.174115539 -0.004317773 0.999987960 -0.002322610 -1.861701012 0.001934115 0.002330978 0.999995410 68.940139771
0.999989808 0.003973705 -0.002112119 1.197665930 -0.003977138 0.999990761 -0.001624073 -1.889022350 0.002105646 0.001632457 0.999996483 69.477333069
0.999981284 0.005786288 -0.002002281 1.206159711 -0.005785339 0.999983072 0.000478947 -1.893324137 0.002005019 -0.000467354 0.999997795 70.013679504
0.999982953 0.005630864 -0.001594001 1.208600283 -0.005630186 0.999983966 0.000429424 -1.903999805 0.001596394 -0.000420442 0.999998569 70.569862366
0.999987245 0.004582930 -0.002136197 1.225229025 -0.004591955 0.999980450 -0.004238734 -1.903834224 0.002116730 0.004248490 0.999988675 71.091018677
0.999986351 0.004688544 -0.002329273 1.241660833 -0.004699326 0.999978185 -0.004644611 -1.918283582 0.002307446 0.004655493 0.999986470 71.641784668
0.999979019 0.006102132 -0.002174722 1.246504188 -0.006100988 0.999981225 0.000532663 -1.952992797 0.002177932 -0.000519384 0.999997497 72.200942993
0.999981225 0.005691220 -0.002281998 1.258438826 -0.005690114 0.999983668 0.000491070 -1.970785737 0.002284755 -0.000478075 0.999997258 72.744285583
0.999990404 0.004015220 -0.001767604 1.262560248 -0.004030108 0.999955714 -0.008501803 -1.949854493 0.001733389 0.008508844 0.999962270 73.245521545
0.999989450 0.004248480 -0.001781410 1.268244624 -0.004263684 0.999953687 -0.008619573 -1.967852235 0.001744708 0.008627077 0.999961257 73.790878296
0.999997854 0.001406831 -0.001537737 1.284152985 -0.001429264 0.999891162 -0.014685401 -1.957988024 0.001516910 0.014687567 0.999890983 74.289787292
0.999998391 0.001224891 -0.001337927 1.297152281 -0.001244148 0.999894321 -0.014488153 -1.979991198 0.001320039 0.014489794 0.999894202 74.837524414
0.999980569 0.005813547 -0.002260488 1.301230669 -0.005812245 0.999982953 0.000581391 -2.046499252 0.002263830 -0.000568241 0.999997258 75.450553894
0.999983013 0.005402124 -0.002145896 1.314978719 -0.005401013 0.999985278 0.000523272 -2.063201666 0.002148690 -0.000511673 0.999997556 75.991668701
0.999777377 -0.020525755 -0.004893512 1.344482303 0.020312479 0.998983383 -0.040243644 -1.925267458 0.005714569 0.040135287 0.999177873 76.330833435
0.999781430 -0.020442296 -0.004399900 1.347003698 0.020248670 0.998982906 -0.040287718 -1.961505771 0.005218999 0.040189814 0.999178469 76.876930237
0.999780893 -0.020414809 -0.004618588 1.364603043 0.020211916 0.998979867 -0.040379923 -1.999758363 0.005438225 0.040277723 0.999173760 77.424758911
0.999983311 0.005152953 -0.002585933 1.348076701 -0.005151053 0.999986410 0.000741325 -2.123403072 0.002589718 -0.000727992 0.999996364 78.175216675
0.999982059 0.005394838 -0.002622201 1.361114860 -0.005394076 0.999985456 0.000297854 -2.135355473 0.002623770 -0.000283705 0.999996483 78.725914001
0.999981105 0.005416574 -0.002876193 1.373702884 -0.005415152 0.999985158 0.000502250 -2.151274443 0.002878871 -0.000486665 0.999995649 79.249519348
0.998199046 -0.059573218 -0.007043880 1.416045189 0.058125582 0.989547253 -0.131975293 -1.524223328 0.014832446 0.131328180 0.991227984 79.202476501
0.999293268 0.037476316 0.002922965 1.418180346 -0.037544455 0.991224945 0.126741931 -2.838384628 0.001852505 -0.126762107 0.991931379 80.950279236
0.999272466 0.037862249 0.004559315 1.424272656 -0.038134642 0.991155803 0.127105653 -2.783627510 0.000293514 -0.127187043 0.991878688 81.495033264
0.999982357 0.005923958 0.000192419 1.406402946 -0.005924096 0.999982178 0.000719948 -2.215602398 -0.000188151 -0.000721075 0.999999702 81.425354004
0.999980271 0.006021904 0.001752032 1.416587591 -0.006022834 0.999981701 0.000526452 -2.229760647 -0.001748829 -0.000536994 0.999998331 81.966979980
0.999883473 0.015231115 0.000992971 1.474014401 -0.015262686 0.997065246 0.075018927 -2.594134331 0.000152565 -0.075025335 0.997181594 82.827484131
0.999875844 0.015212188 0.004091240 1.491539598 -0.015476453 0.997058928 0.075059153 -2.570145130 -0.002937393 -0.075113147 0.997170687 83.379356384
0.999857485 0.014882581 0.007970295 1.514450073 -0.015441088 0.997039378 0.075325482 -2.553591728 -0.006825660 -0.075437807 0.997127116 83.908462524
0.999898553 0.006011827 0.012912582 1.484807134 -0.006020331 0.999981701 0.000619882 -2.290716887 -0.012908617 -0.000697557 0.999916434 84.140647888
0.999837816 0.005912347 0.017007373 1.519018769 -0.005931350 0.999981761 0.001067147 -2.314430952 -0.017000755 -0.001167851 0.999854743 84.679466248
0.999710262 0.005823507 0.023356799 1.544214487 -0.005847668 0.999982357 0.000966276 -2.326486111 -0.023350764 -0.001102579 0.999726653 85.235435486
0.999613166 0.005758488 0.027209571 1.597153187 -0.006360251 0.999735892 0.022081297 -2.456708908 -0.027075227 -0.022245813 0.999385834 85.869995117
0.999438584 0.005370218 0.033070192 1.633806467 -0.006094745 0.999742806 0.021847086 -2.457512379 -0.032944363 -0.022036375 0.999214172 86.413604736
0.999149442 0.004602470 0.040978745 1.672549963 -0.005510017 0.999741375 0.022061452 -2.465420723 -0.040866613 -0.022268480 0.998916447 86.962089539
0.998703003 0.009212948 0.050072726 1.703308105 -0.009872029 0.999867618 0.012931127 -2.452898026 -0.049946964 -0.013408676 0.998661876 87.465698242
0.998315871 0.009563207 0.057220146 1.745515823 -0.010335564 0.999859273 0.013217304 -2.460475922 -0.057085693 -0.013786446 0.998274148 88.016921997
0.997773528 0.008754630 0.066115409 1.801565170 -0.009617276 0.999872565 0.012740615 -2.463333130 -0.065995447 -0.013348099 0.997730613 88.558364868
0.997013927 0.005650396 0.077015042 1.857495308 -0.005679915 0.999983847 0.000164241 -2.421375990 -0.077012882 -0.000601189 0.997029901 89.050193787
0.996297479 0.005322772 0.085807957 1.919471741 -0.005311154 0.999985814 -0.000363694 -2.429719210 -0.085808679 -0.000093392 0.996311605 89.599273682
0.995616436 0.004812798 0.093406908 1.996471882 -0.004808185 0.999988377 -0.000274428 -2.446091413 -0.093407139 -0.000175892 0.995627999 90.150665283
0.994523287 0.005164994 0.104387000 2.059390068 -0.005163406 0.999986589 -0.000285452 -2.460611105 -0.104387060 -0.000255103 0.994536698 90.688362122
0.993293107 0.006126045 0.115460634 2.130143166 -0.006196595 0.999980807 0.000252114 -2.476158142 -0.115456879 -0.000965886 0.993312001 91.235557556
0.992251396 0.005713631 0.124115050 2.220788002 -0.005780107 0.999983311 0.000175515 -2.497540236 -0.124111980 -0.000891554 0.992267787 91.772987366
0.990712821 0.006124278 0.135832816 2.309095383 -0.006147894 0.999981046 -0.000245630 -2.494086027 -0.135831714 -0.000591737 0.990731716 92.339691162
0.989059329 0.004493214 0.147449791 2.421005249 -0.004526695 0.999989688 -0.000108494 -2.526095390 -0.147448748 -0.000560153 0.989069641 92.877815247
0.987388194 0.004539655 0.158252701 2.528478622 -0.004632876 0.999989271 0.000220164 -2.546769142 -0.158249989 -0.000950553 0.987398684 93.417549133
0.985736072 0.003866607 0.168253988 2.642062187 -0.003930623 0.999992132 0.000047422 -2.561425686 -0.168252483 -0.000708088 0.985743642 93.942001343
0.983387947 0.003826902 0.181475520 2.754162788 -0.003879649 0.999992430 -0.000064319 -2.577198029 -0.181474358 -0.000640811 0.983395457 94.474426270
0.980906367 0.003295051 0.194452554 2.887917519 -0.003301434 0.999994457 -0.000291255 -2.591169834 -0.194452450 -0.000356278 0.980911911 95.062812805
0.978784144 0.002858212 0.204873994 3.014547348 -0.002862094 0.999995887 -0.000277383 -2.603865862 -0.204873934 -0.000314871 0.978788376 95.599357605
0.975999177 0.003437522 0.217747182 3.166824341 -0.003523133 0.999993801 0.000004933 -2.622045755 -0.217745826 -0.000771967 0.976005316 96.134651184
0.972899079 0.003024606 0.231210366 3.303903580 -0.003146002 0.999995053 0.000156358 -2.639423132 -0.231208757 -0.000879509 0.972903788 96.661582947
0.970221162 0.002712080 0.242205694 3.457820892 -0.002815110 0.999996066 0.000079314 -2.656555891 -0.242204532 -0.000758788 0.970224977 97.190208435
0.967064917 0.002429093 0.254518151 3.611890793 -0.002431179 0.999997020 -0.000306374 -2.664817095 -0.254518181 -0.000322495 0.967068017 97.716506958
0.963384330 0.002314887 0.268114388 3.789758682 -0.002448645 0.999996960 0.000164505 -2.685799122 -0.268113196 -0.000814999 0.963387072 98.259437561
0.959813178 0.002005218 0.280632734 3.965629578 -0.002087541 0.999997795 -0.000005579 -2.696588516 -0.280632138 -0.000580478 0.959815204 98.787216187
0.956459284 0.001448246 0.291862279 4.142089844 -0.001515944 0.999998748 0.000005805 -2.707582951 -0.291861951 -0.000447999 0.956460357 99.280433655
0.952283323 0.001267587 0.305212528 4.334821701 -0.001412472 0.999998927 0.000253885 -2.725847006 -0.305211902 -0.000672875 0.952284157 99.818496704
0.947863400 0.000869565 0.318675518 4.531402588 -0.000990263 0.999999464 0.000216740 -2.743695974 -0.318675190 -0.000521012 0.947863758 100.317886353
0.943874538 0.000783580 0.330303073 4.728355408 -0.000859197 0.999999642 0.000082939 -2.748625994 -0.330302894 -0.000362080 0.943874955 100.826957703
0.939234257 0.000314547 0.343276739 4.946460724 -0.000360509 0.999999940 0.000070076 -2.772494793 -0.343276709 -0.000189572 0.939234316 101.352531433
0.934146345 0.000354265 0.356890082 5.172048569 -0.000212071 0.999999940 -0.000437556 -2.785586596 -0.356890202 0.000333055 0.934146285 101.856704712
0.929241538 -0.000031805 0.369472802 5.389360428 -0.000081649 0.999999940 0.000291431 -2.799773216 -0.369472802 -0.000300977 0.929241538 102.368934631
0.924583852 -0.000549785 0.380978048 5.619674683 0.000480341 0.999999762 0.000277362 -2.822875023 -0.380978137 -0.000073445 0.924584031 102.862983704
0.918676257 -0.001337649 0.395008773 5.862140656 0.001365735 0.999998987 0.000210069 -2.833610296 -0.395008713 0.000346492 0.918677330 103.361526489
0.912782013 -0.000835111 0.408446163 6.102401733 0.000557014 0.999999523 0.000799809 -2.857651234 -0.408446699 -0.000502541 0.912782073 103.849685669
0.907674849 -0.001172471 0.419672489 6.353935242 0.001063241 0.999999285 0.000494180 -2.868333817 -0.419672847 -0.000002342 0.907675445 104.361785889
0.901783347 -0.001155584 0.432186872 6.617828369 0.001102869 0.999999285 0.000372604 -2.883785725 -0.432186991 0.000140637 0.901784003 104.843139648
0.894864619 -0.002685756 0.446329474 6.878574371 0.003059943 0.999995291 -0.000117609 -2.896408081 -0.446327060 0.001470987 0.894868672 105.310951233
0.889015734 -0.002684732 0.457868725 7.158424377 0.002695187 0.999996185 0.000630436 -2.914358139 -0.457868665 0.000673574 0.889019608 105.805908203
0.883208334 -0.002858306 0.468972176 7.430683136 0.002688634 0.999995828 0.001031341 -2.928787947 -0.468973160 0.000350005 0.883212388 106.288002014
0.876075029 -0.003235479 0.482163966 7.720985413 0.003256373 0.999994457 0.000793576 -2.942887545 -0.482163817 0.000874874 0.876080632 106.757995605
