1.000000000 0.000000000 0.000000000 0.000000000 0.000000000 1.000000000 0.000000000 0.000000000 0.000000000 0.000000000 1.000000000 0.000000000
1.000000000 0.000058096 -0.000025675 0.000259700 -0.000058095 1.000000000 0.000018554 0.000521451 0.000025676 -0.000018552 1.000000000 0.002359853
1.000000000 0.000026538 -0.000040328 0.000963940 -0.000026535 1.000000000 0.000056843 -0.001093154 0.000040329 -0.000056842 1.000000000 0.001090586
1.000000000 -0.000037421 -0.000037516 0.000594505 0.000037419 1.000000000 -0.000040376 0.000415319 0.000037517 0.000040375 1.000000000 -0.001635480
1.000000000 -0.000171453 -0.000117893 0.001185755 0.000171460 1.000000000 0.000061842 -0.000905940 0.000117882 -0.000061863 1.000000000 0.000214070
1.000000000 -0.000148161 -0.000110897 -0.000795716 0.000148165 1.000000000 0.000040207 -0.000151143 0.000110891 -0.000040224 1.000000000 -0.000618282
1.000000000 -0.000128039 -0.000060155 0.000845099 0.000128043 1.000000000 0.000062955 -0.000765006 0.000060147 -0.000062962 1.000000000 0.001127606
1.000000000 -0.000154953 -0.000061135 0.000074646 0.000154958 1.000000000 0.000083379 -0.000845828 0.000061122 -0.000083388 1.000000000 -0.000482147
1.000000000 -0.000047974 -0.000094696 0.000667756 0.000047980 1.000000000 0.000059957 -0.000043897 0.000094693 -0.000059962 1.000000000 -0.001876180
1.000000000 -0.000040656 -0.000012818 -0.000324526 0.000040657 1.000000000 0.000044685 0.000658237 0.000012816 -0.000044686 1.000000000 0.002695593
1.000000000 -0.000046578 -0.000059606 0.000717752 0.000046580 1.000000000 0.000023011 0.000626706 0.000059605 -0.000023014 1.000000000 0.000056789
1.000000000 -0.000105717 -0.000131677 0.001105631 0.000105724 1.000000000 0.000053953 0.000148785 0.000131671 -0.000053967 1.000000000 -0.000463950
1.000000000 -0.000096386 -0.000044459 -0.000344555 0.000096385 1.000000000 -0.000013373 0.001448691 0.000044460 0.000013368 1.000000000 0.002440610
0.999999940 -0.000216329 -0.000130360 0.000942861 0.000216343 1.000000000 0.000109122 0.000091165 0.000130337 -0.000109150 1.000000000 -0.001582290
1.000000000 -0.000119584 -0.000145814 0.001298107 0.000119591 1.000000000 0.000049192 -0.000395121 0.000145808 -0.000049210 1.000000000 -0.002056544
1.000000000 -0.000147167 -0.000170169 0.003461942 0.000147190 1.000000000 0.000135639 -0.000547371 0.000170149 -0.000135665 1.000000000 -0.004553054
1.000000000 -0.000129344 -0.000079031 0.001517464 0.000129350 1.000000000 0.000075164 -0.000397595 0.000079022 -0.000075174 1.000000000 -0.003136522
1.000000000 -0.000071809 -0.000081605 0.002019443 0.000071812 1.000000000 0.000045594 -0.000373069 0.000081601 -0.000045600 1.000000000 -0.000415444
1.000000000 -0.000022184 -0.000123232 0.002105124 0.000022200 1.000000000 0.000130695 -0.000658884 0.000123229 -0.000130698 1.000000000 -0.003388782
0.999999940 -0.000225784 -0.000148650 0.001942294 0.000225798 0.999999940 0.000093490 -0.000878893 0.000148628 -0.000093523 1.000000000 -0.004566192
1.000000000 -0.000194476 -0.000105221 0.000952303 0.000194486 1.000000000 0.000094657 0.000311099 0.000105203 -0.000094678 1.000000000 0.001031001
1.000000000 -0.000202892 -0.000109929 0.000079806 0.000202904 1.000000000 0.000109038 -0.001524442 0.000109907 -0.000109060 1.000000000 -0.002985946
1.000000000 -0.000065132 -0.000155473 0.003147167 0.000065150 1.000000000 0.000110547 -0.000602103 0.000155466 -0.000110557 1.000000000 -0.001638620
1.000000000 -0.000112159 -0.000149078 0.003108509 0.000112172 1.000000000 0.000087669 -0.001005557 0.000149068 -0.000087685 1.000000000 -0.001206081
0.999999940 -0.000199795 -0.000190834 0.002774351 0.000199821 1.000000000 0.000135363 -0.001294309 0.000190807 -0.000135401 1.000000000 -0.005095507
0.999999940 -0.000160505 -0.000188205 0.002555055 0.000160522 1.000000000 0.000090862 0.000302759 0.000188191 -0.000090892 1.000000000 -0.001270134
1.000000000 -0.000157179 -0.000140818 0.003083888 0.000157188 1.000000000 0.000064784 0.000281707 0.000140807 -0.000064807 1.000000000 -0.002999664
0.999999940 -0.000234540 -0.000160164 0.003440264 0.000234557 0.999999940 0.000106708 -0.000709934 0.000160139 -0.000106746 1.000000000 -0.003977732
0.999999940 -0.000237004 -0.000118465 0.000410121 0.000237014 0.999999940 0.000079036 -0.000928527 0.000118446 -0.000079064 1.000000000 -0.002934219
1.000000000 -0.000044203 -0.000187882 0.002554495 0.000044232 1.000000000 0.000156043 -0.001191136 0.000187875 -0.000156051 0.999999940 -0.003253854
0.999999940 -0.000214516 -0.000186764 0.003562806 0.000214536 1.000000000 0.000106331 -0.000729493 0.000186741 -0.000106371 1.000000000 -0.003414193
0.999999940 -0.000172630 -0.000202948 0.002845667 0.000172654 1.000000000 0.000121774 -0.000452462 0.000202927 -0.000121809 1.000000000 -0.002986046
1.000000000 -0.000178477 -0.000151905 0.002449382 0.000178494 1.000000000 0.000108712 -0.000477834 0.000151886 -0.000108739 1.000000000 -0.004714608
1.000000000 -0.000101682 -0.000144128 0.002873380 0.000101691 1.000000000 0.000064656 -0.001055845 0.000144121 -0.000064671 1.000000000 -0.003162365
1.000000000 -0.000121069 -0.000138229 0.002564443 0.000121082 1.000000000 0.000090389 -0.000579991 0.000138218 -0.000090405 1.000000000 -0.001293737
0.999999940 -0.000206313 -0.000157706 0.002174999 0.000206337 0.999999940 0.000147946 -0.001646432 0.000157675 -0.000147979 1.000000000 -0.005088375
0.999999940 -0.000195737 -0.000223384 0.003182428 0.000195756 1.000000000 0.000087085 0.000219882 0.000223367 -0.000087128 1.000000000 -0.002543571
0.999999940 -0.000217729 -0.000205592 0.004112506 0.000217758 0.999999940 0.000137135 0.000398712 0.000205562 -0.000137180 0.999999940 -0.004419399
1.000000000 -0.000150547 -0.000117396 0.000973466 0.000150558 1.000000000 0.000091728 -0.000240301 0.000117382 -0.000091746 1.000000000 -0.003098048
1.000000000 -0.000152387 -0.000183611 0.002424435 0.000152415 1.000000000 0.000153036 -0.000779350 0.000183588 -0.000153064 1.000000000 -0.004674420
0.999999940 -0.000179266 -0.000204650 0.005018055 0.000179281 1.000000000 0.000076841 -0.001875725 0.000204637 -0.000076878 1.000000000 -0.001745944
1.000000000 -0.000221823 -0.000008279 0.000704531 0.000221818 0.999999821 -0.000535671 -0.002471721 0.000008398 0.000535669 0.999999881 0.050601434
1.000000000 -0.000052669 -0.000162229 0.003611295 0.000052490 0.999999404 -0.001103733 -0.004612609 0.000162287 0.001103724 0.999999404 0.141364917
1.000000000 -0.000142674 -0.000074645 0.004004937 0.000142565 0.999998927 -0.001463215 -0.007979617 0.000074854 0.001463204 0.999998927 0.258698165
1.000000000 -0.000141114 -0.000041161 0.006172103 0.000141058 0.999999046 -0.001374333 -0.011242610 0.000041355 0.001374327 0.999999046 0.393306345
1.000000000 -0.000051987 -0.000156374 0.010250068 0.000051806 0.999999344 -0.001153576 -0.018713543 0.000156434 0.001153568 0.999999344 0.528490841
1.000000000 0.000074209 -0.000068481 0.011837498 -0.000074285 0.999999404 -0.001112956 -0.020745644 0.000068399 0.001112961 0.999999404 0.686048150
1.000000000 0.000021491 0.000082465 0.015884606 -0.000021416 0.999999583 -0.000911490 -0.024351962 -0.000082485 0.000911488 0.999999583 0.846717894
0.999999940 0.000302548 0.000207883 0.010944145 -0.000302381 0.999999642 -0.000802806 -0.025777321 -0.000208126 0.000802743 0.999999642 1.028011799
1.000000000 0.000067407 -0.000200459 0.025486819 -0.000067521 0.999999821 -0.000570645 -0.037512694 0.000200421 0.000570658 0.999999821 1.187711596
1.000000000 0.000005949 -0.000015290 0.027735310 -0.000005953 0.999999940 -0.000291619 -0.040928371 0.000015288 0.000291619 0.999999940 1.365775466
1.000000000 0.000164375 -0.000112148 0.030728571 -0.000164411 0.999999940 -0.000316716 -0.049096324 0.000112096 0.000316735 0.999999940 1.573580980
0.999999464 0.001007922 0.000155550 0.035913043 -0.001007843 0.999999344 -0.000505940 -0.049155742 -0.000156060 0.000505783 0.999999881 1.770677686
0.999999702 0.000790822 -0.000119355 0.044456534 -0.000790842 0.999999702 -0.000162192 -0.055175886 0.000119227 0.000162286 1.000000000 1.976718545
0.999999225 0.001175784 0.000087632 0.041687842 -0.001175757 0.999999225 -0.000309829 -0.058342304 -0.000087996 0.000309725 1.000000000 2.188100338
0.999999285 0.001143593 -0.000262990 0.044082150 -0.001143676 0.999999285 -0.000317138 -0.072258271 0.000262627 0.000317439 0.999999940 2.393663168
0.999999106 0.001283224 -0.000308438 0.050158203 -0.001283364 0.999999046 -0.000455362 -0.077983484 0.000307854 0.000455757 0.999999881 2.622956514
0.999999523 0.000948228 -0.000184790 0.053170208 -0.000948303 0.999999523 -0.000403644 -0.084761307 0.000184407 0.000403820 0.999999940 2.853762627
0.999999642 0.000729296 -0.000250199 0.060191687 -0.000729353 0.999999702 -0.000226732 -0.091906153 0.000250034 0.000226914 1.000000000 3.079333067
0.999999404 0.001087540 0.000045760 0.056062009 -0.001087527 0.999999344 -0.000278145 -0.097522900 -0.000046063 0.000278095 1.000000000 3.319303513
0.999999821 0.000581818 0.000105903 0.067288168 -0.000581864 0.999999702 0.000433613 -0.116070300 -0.000105651 -0.000433675 0.999999821 3.558110714
0.999999702 0.000760703 0.000077224 0.073755652 -0.000760750 0.999999583 0.000607242 -0.123087391 -0.000076762 -0.000607300 0.999999821 3.802672148
0.999999881 0.000434913 0.000091351 0.076830335 -0.000434963 0.999999702 0.000541501 -0.131955937 -0.000091115 -0.000541541 0.999999821 4.068200111
0.999999464 0.000945969 0.000420610 0.071430311 -0.000946590 0.999998450 0.001478648 -0.141983539 -0.000419211 -0.001479045 0.999998808 4.319176197
0.999999702 0.000664301 0.000274703 0.076897085 -0.000664719 0.999998629 0.001523869 -0.150530994 -0.000273690 -0.001524052 0.999998748 4.576561928
0.999999583 0.000841542 0.000482144 0.081809796 -0.000842380 0.999998212 0.001740338 -0.158043414 -0.000480678 -0.001740743 0.999998331 4.829819679
0.999999821 0.000588640 0.000259868 0.087729976 -0.000589165 0.999997795 0.002023801 -0.167744637 -0.000258676 -0.002023954 0.999997914 5.095581532
0.999999523 0.000909310 0.000414203 0.093114384 -0.000909872 0.999998689 0.001358214 -0.173694208 -0.000412967 -0.001358591 0.999998987 5.374238014
0.999999464 0.000997443 0.000378583 0.098888293 -0.000997970 0.999998569 0.001392132 -0.182494313 -0.000377194 -0.001392509 0.999998927 5.642992496
0.999999285 0.001184680 0.000332791 0.104442783 -0.001185192 0.999998152 0.001542760 -0.187896341 -0.000330963 -0.001543153 0.999998689 5.920001984
0.999999523 0.000880954 0.000366730 0.108109400 -0.000881479 0.999998510 0.001436044 -0.200664371 -0.000365465 -0.001436366 0.999998868 6.197354794
0.999999166 0.001119861 0.000689824 0.113570236 -0.001121100 0.999997795 0.001797527 -0.209252641 -0.000687809 -0.001798299 0.999998152 6.472930908
0.999999166 0.001135687 0.000637451 0.115244716 -0.001136747 0.999997914 0.001664531 -0.226245791 -0.000635559 -0.001665254 0.999998391 6.744766235
0.999999583 0.000875444 0.000344551 0.126131892 -0.000876030 0.999998152 0.001704813 -0.235690832 -0.000343058 -0.001705114 0.999998450 7.039360046
0.999999642 0.000743777 0.000341072 0.134624794 -0.000744436 0.999997795 0.001936954 -0.247924417 -0.000339631 -0.001937207 0.999998033 7.324839592
0.999999583 0.000869122 0.000386364 0.145340964 -0.000869886 0.999997675 0.001981300 -0.257451147 -0.000384641 -0.001981635 0.999997914 7.627004147
0.999999642 0.000589504 0.000628808 0.148568332 -0.000590860 0.999997437 0.002157938 -0.270013869 -0.000627534 -0.002158308 0.999997437 7.969926357
0.999999464 0.000596499 0.000857863 0.154265344 -0.000598798 0.999996364 0.002682569 -0.289668083 -0.000856260 -0.002683081 0.999996006 8.270839691
0.999999166 0.000853178 0.000896985 0.167658344 -0.000855708 0.999995649 0.002823970 -0.302660257 -0.000894572 -0.002824735 0.999995589 8.589640617
0.999999285 0.000838110 0.000948790 0.171659306 -0.000840825 0.999995649 0.002864975 -0.306841224 -0.000946384 -0.002865771 0.999995351 8.925739288
0.999998569 0.001277138 0.001071651 0.176824272 -0.001280350 0.999994755 0.003001303 -0.320529610 -0.001067812 -0.003002671 0.999994874 9.261577606
0.999998212 0.001629924 0.000964196 0.176785409 -0.001632383 0.999995410 0.002555023 -0.323559999 -0.000960027 -0.002556592 0.999996245 9.607098579
0.999998033 0.001775851 0.000835482 0.187424600 -0.001778058 0.999994934 0.002648035 -0.332321733 -0.000830775 -0.002649516 0.999996126 9.952554703
0.999998927 0.001189731 0.000897996 0.192234084 -0.001192064 0.999995947 0.002601583 -0.342862874 -0.000894897 -0.002602651 0.999996185 10.316370964
0.999998212 0.001597635 0.001022282 0.201641202 -0.001600372 0.999995172 0.002682598 -0.354149789 -0.001017991 -0.002684229 0.999995887 10.682757378
0.999998033 0.001600836 0.001193743 0.212475508 -0.001604194 0.999994755 0.002817593 -0.378466815 -0.001189226 -0.002819503 0.999995291 11.065894127
0.999998212 0.001473922 0.001206822 0.223492995 -0.001477502 0.999994516 0.002971252 -0.390117943 -0.001202436 -0.002973030 0.999994814 11.442832947
0.999997437 0.001819206 0.001393587 0.229375318 -0.001823418 0.999993801 0.003026557 -0.398502439 -0.001388072 -0.003029090 0.999994457 11.831979752
0.999997616 0.001742617 0.001324713 0.240763947 -0.001746967 0.999993086 0.003289185 -0.412745327 -0.001318972 -0.003291491 0.999993682 12.195169449
0.999997854 0.001699494 0.001196855 0.256404698 -0.001702872 0.999994576 0.002826444 -0.419230670 -0.001192044 -0.002828476 0.999995291 12.555384636
0.999997437 0.001836783 0.001337614 0.263279796 -0.001840605 0.999994218 0.002861749 -0.429932714 -0.001332350 -0.002864203 0.999994993 12.957710266
0.999998212 0.001666366 0.000898298 0.281642973 -0.001669105 0.999993980 0.003057469 -0.447240472 -0.000893198 -0.003058963 0.999994934 13.332434654
0.999996960 0.001978252 0.001487232 0.281295836 -0.001982796 0.999993384 0.003059911 -0.453240752 -0.001481169 -0.003062850 0.999994218 13.765375137
0.999995887 0.002339669 0.001666720 0.291887432 -0.002345462 0.999991238 0.003482481 -0.468561232 -0.001658558 -0.003486376 0.999992490 14.174492836
0.999997020 0.001729014 0.001717887 0.294676572 -0.001734733 0.999992967 0.003333420 -0.485838473 -0.001712112 -0.003336390 0.999992967 14.515541077
0.999997675 0.001217403 0.001772506 0.305076450 -0.001223840 0.999992669 0.003634679 -0.498437136 -0.001768068 -0.003636839 0.999991834 14.935939789
0.999995947 0.001759789 0.002240438 0.313039750 -0.001768141 0.999991477 0.003731373 -0.513547242 -0.002233853 -0.003735319 0.999990582 15.373479843
0.999995172 0.001448937 0.002719184 0.325842291 -0.001459184 0.999991834 0.003769983 -0.522338688 -0.002713699 -0.003773933 0.999989212 15.774252892
0.999994993 0.001528808 0.002753768 0.338483870 -0.001539703 0.999991000 0.003958900 -0.536606252 -0.002747691 -0.003963120 0.999988377 16.215152740
0.999994874 0.001325173 0.002885172 0.354740679 -0.001336736 0.999991119 0.004009640 -0.549435854 -0.002879833 -0.004013476 0.999987841 16.653818130
0.999990642 0.002412940 0.003597324 0.347018063 -0.002427642 0.999988675 0.004088316 -0.566035986 -0.003587418 -0.004097011 0.999985099 17.091953278
0.999990344 0.002069069 0.003873712 0.358566463 -0.002085457 0.999988854 0.004231269 -0.576807380 -0.003864914 -0.004239307 0.999983549 17.559076309
0.999989331 0.002064757 0.004146875 0.375047773 -0.002082162 0.999988973 0.004197044 -0.590072811 -0.004138163 -0.004205633 0.999982536 18.023269653
0.999989092 0.001762559 0.004322232 0.386344761 -0.001780444 0.999989867 0.004137559 -0.598953843 -0.004314895 -0.004145210 0.999982059 18.495115280
0.999988794 0.002170731 0.004213532 0.412811339 -0.002191619 0.999985278 0.004959285 -0.640851438 -0.004202705 -0.004968464 0.999978840 18.904125214
0.999989688 0.002150605 0.003997141 0.430963755 -0.002171135 0.999984443 0.005139090 -0.651806474 -0.003986026 -0.005147716 0.999978781 19.387435913
0.999987781 0.002842923 0.004056978 0.442984253 -0.002863250 0.999983370 0.005013219 -0.665702581 -0.004042659 -0.005024774 0.999979258 19.858781815
0.999987602 0.002626312 0.004222493 0.446891159 -0.002647360 0.999984086 0.004986902 -0.670155168 -0.004209329 -0.004998018 0.999978662 20.378168106
0.999992788 0.001683811 0.003439188 0.498009950 -0.001701645 0.999985099 0.005188914 -0.703643620 -0.003430399 -0.005194730 0.999980628 20.772119522
0.999994338 0.001669830 0.002918623 0.506226301 -0.001685312 0.999984503 0.005310062 -0.712002397 -0.002909711 -0.005314951 0.999981642 21.283807755
0.999995768 0.001617462 0.002410897 0.508732319 -0.001630502 0.999983907 0.005416552 -0.729820490 -0.002402097 -0.005420460 0.999982476 21.777578354
0.999995291 0.001967313 0.002383989 0.520466685 -0.001979798 0.999984264 0.005246038 -0.734820724 -0.002373631 -0.005250731 0.999983430 22.281538010
0.999997675 0.000877277 0.001978238 0.516977131 -0.000888745 0.999982715 0.005803499 -0.756500602 -0.001973113 -0.005805244 0.999981225 22.712846756
0.999998868 0.000812696 0.001273850 0.526748478 -0.000820002 0.999983132 0.005745417 -0.771843791 -0.001269159 -0.005746454 0.999982715 23.237417221
0.999999821 -0.000265910 0.000565263 0.538963139 0.000262476 0.999981523 0.006067472 -0.803945601 -0.000566866 -0.006067323 0.999981403 23.738012314
0.999999106 0.001178836 0.000491693 0.545125067 -0.001181615 0.999983072 0.005690420 -0.799395621 -0.000484977 -0.005690997 0.999983668 24.259992599
0.999999046 0.001261081 -0.000447910 0.560162544 -0.001258441 0.999982059 0.005846736 -0.810850382 0.000455275 -0.005846167 0.999982834 24.789876938
0.999998391 0.000944077 -0.001545393 0.577935219 -0.000934546 0.999980688 0.006156703 -0.821671963 0.001551176 -0.006155248 0.999979854 25.308084488
0.999998748 0.000725899 -0.001409659 0.559089005 -0.000716222 0.999976277 0.006853203 -0.870072603 0.001414601 -0.006852185 0.999975502 25.860939026
0.999998629 0.000585945 -0.001545450 0.563374043 -0.000574451 0.999972284 0.007427439 -0.885098517 0.001549759 -0.007426541 0.999971271 26.406400681
0.999996424 0.000502034 -0.002635560 0.586848021 -0.000482568 0.999972582 0.007381546 -0.892953396 0.002639194 -0.007380248 0.999969184 26.967903137
0.999995232 0.001645390 -0.002613192 0.584500372 -0.001626894 0.999973655 0.007064435 -0.912534833 0.002624747 -0.007060149 0.999971628 27.421844482
0.999995232 0.001749338 -0.002525058 0.587756991 -0.001731546 0.999973774 0.007031238 -0.923203111 0.002537292 -0.007026833 0.999972105 27.966547012
0.999993384 0.001248263 -0.003411341 0.609642804 -0.001222606 0.999971032 0.007512865 -0.942407966 0.003420621 -0.007508645 0.999965966 28.513471603
0.999993086 0.000881676 -0.003596778 0.610765636 -0.000853785 0.999969721 0.007748752 -0.973702967 0.003603501 -0.007745630 0.999963462 28.954267502
0.999992609 0.000852238 -0.003739194 0.618428111 -0.000823603 0.999970317 0.007652921 -0.986992419 0.003745606 -0.007649786 0.999963701 29.485631943
0.999990821 0.001242739 -0.004098672 0.615453064 -0.001210156 0.999967754 0.007942562 -1.006936908 0.004108411 -0.007937529 0.999960065 30.065202713
0.999990463 0.000984686 -0.004254665 0.624590814 -0.000950985 0.999968290 0.007915735 -1.018006086 0.004262324 -0.007911615 0.999959588 30.608602524
0.999987483 0.000397082 -0.004990858 0.649073124 -0.000356887 0.999967456 0.008051833 -1.034728169 0.004993894 -0.008049951 0.999955118 31.135663986
0.999987662 0.000306848 -0.004960179 0.635673881 -0.000262652 0.999960303 0.008908335 -1.068544626 0.004962716 -0.008906923 0.999948025 31.641378403
0.999986351 0.000125906 -0.005229102 0.659183025 -0.000077145 0.999956548 0.009324037 -1.086810946 0.005230048 -0.009323506 0.999942839 32.166561127
0.999984920 0.000279722 -0.005485706 0.667320967 -0.000227279 0.999954283 0.009558174 -1.100250721 0.005488128 -0.009556782 0.999939322 32.733581543
0.999985695 0.000552176 -0.005318790 0.658818722 -0.000503170 0.999957502 0.009210662 -1.106727242 0.005323650 -0.009207854 0.999943495 33.290134430
0.999985397 0.000727952 -0.005344813 0.651845694 -0.000676817 0.999954045 0.009562798 -1.157328486 0.005351529 -0.009559039 0.999939978 33.758850098
0.999983728 0.000517267 -0.005682100 0.665396571 -0.000463046 0.999954402 0.009539567 -1.164697886 0.005686776 -0.009536782 0.999938309 34.306659698
0.999982953 0.000425444 -0.005827886 0.679036498 -0.000368495 0.999952197 0.009769491 -1.176436901 0.005831764 -0.009767178 0.999935329 34.844772339
0.999984860 0.000517318 -0.005475122 0.688414693 -0.000465033 0.999954343 0.009546513 -1.183380961 0.005479810 -0.009543822 0.999939442 35.372222900
0.999983132 0.000517743 -0.005773728 0.655250847 -0.000459042 0.999948263 0.010163618 -1.218185186 0.005778691 -0.010160797 0.999931693 35.881595612
0.999982774 0.000403079 -0.005840924 0.661376774 -0.000342748 0.999946654 0.010326291 -1.226005077 0.005844773 -0.010324112 0.999929667 36.423473358
0.999979913 0.000243694 -0.006329325 0.669947386 -0.000176405 0.999943554 0.010629598 -1.243973017 0.006331558 -0.010628269 0.999923468 36.975566864
0.999983728 0.000942857 -0.005619085 0.675411105 -0.000885871 0.999948323 0.010135311 -1.250174761 0.005628351 -0.010130169 0.999932826 37.491779327
0.999982357 0.001097839 -0.005837536 0.682679713 -0.001037616 0.999946415 0.010309485 -1.261506200 0.005848541 -0.010303247 0.999929845 38.037597656
0.999979913 0.001333053 -0.006193384 0.697718203 -0.001263201 0.999935687 0.011268830 -1.319866180 0.006208009 -0.011260781 0.999917328 38.576843262
0.999975026 0.001184896 -0.006957465 0.714070976 -0.001106623 0.999936163 0.011243302 -1.332811832 0.006970343 -0.011235324 0.999912560 39.114894867
0.999975741 0.001695877 -0.006750366 0.732124269 -0.001617545 0.999931395 0.011592575 -1.353364229 0.006769563 -0.011581374 0.999910057 39.649318695
0.999977350 0.001024050 -0.006643224 0.727706254 -0.000947856 0.999933839 0.011462446 -1.358158946 0.006654523 -0.011455892 0.999912322 40.245994568
0.999979854 0.001800964 -0.006099797 0.719149053 -0.001728464 0.999927938 0.011870275 -1.367782116 0.006120736 -0.011859492 0.999910951 40.756675720
0.999973774 0.001257351 -0.007129869 0.750313163 -0.001173387 0.999930084 0.011768381 -1.372148275 0.007144168 -0.011759708 0.999905288 41.339031219
0.999972761 0.000209573 -0.007381625 0.762661755 -0.000121771 0.999929249 0.011893103 -1.412601471 0.007383595 -0.011891880 0.999902010 41.865150452
0.999971330 0.000722144 -0.007539367 0.772053003 -0.000631212 0.999927104 0.012056283 -1.420709968 0.007547525 -0.012051179 0.999898911 42.415016174
0.999971986 0.000718273 -0.007450074 0.779026508 -0.000627508 0.999925673 0.012178306 -1.430236340 0.007458268 -0.012173289 0.999898136 42.976036072
0.999969482 -0.000494909 -0.007812036 0.785237312 0.000591082 0.999924004 0.012313439 -1.446517706 0.007805348 -0.012317677 0.999893665 43.464420319
0.999968767 -0.000206843 -0.007903944 0.792024851 0.000303325 0.999925435 0.012207583 -1.456581235 0.007900828 -0.012209598 0.999894261 43.998485565
0.999969304 0.000184151 -0.007832333 0.794705272 -0.000089096 0.999926388 0.012134768 -1.468975306 0.007833990 -0.012133696 0.999895692 44.550579071
0.999968290 0.000144622 -0.007962746 0.817703009 -0.000047186 0.999925137 0.012235288 -1.480709314 0.007963918 -0.012234522 0.999893486 45.056335449
0.999968231 0.000156727 -0.007971881 0.818787336 -0.000058517 0.999924123 0.012318265 -1.488686323 0.007973205 -0.012317406 0.999892354 45.602634430
0.999968946 0.000241807 -0.007868868 0.822934031 -0.000141735 0.999919116 0.012715420 -1.505782723 0.007871307 -0.012713910 0.999888182 46.104442596
0.999969840 0.000311536 -0.007753570 0.829086065 -0.000213741 0.999920428 0.012610468 -1.511728287 0.007756881 -0.012608430 0.999890447 46.660964966
0.999970734 0.000537614 -0.007634006 0.826716423 -0.000442160 0.999921739 0.012500001 -1.519655943 0.007640130 -0.012496259 0.999892712 47.210601807
0.999969602 -0.000001244 -0.007795354 0.833074808 0.000100625 0.999918759 0.012748383 -1.536769390 0.007794707 -0.012748781 0.999888301 47.670619965
0.999966562 -0.000185310 -0.008175607 0.842521131 0.000289805 0.999918282 0.012782014 -1.550199032 0.008172571 -0.012783958 0.999884844 48.223972321
0.999970257 0.000168779 -0.007705802 0.843150139 -0.000069945 0.999917865 0.012824450 -1.552038670 0.007707333 -0.012823531 0.999888062 48.744354248
0.999967575 0.000243898 -0.008049665 0.860076666 -0.000143225 0.999921799 0.012504648 -1.556206465 0.008052086 -0.012503088 0.999889433 49.313571930
0.999966741 -0.000575089 -0.008134474 0.849208355 0.000680316 0.999916017 0.012939073 -1.578957796 0.008126352 -0.012944178 0.999883175 49.779201508
0.999970675 -0.000326690 -0.007648640 0.854449034 0.000427068 0.999913752 0.013125612 -1.586344242 0.007643694 -0.013128494 0.999884605 50.330276489
0.999966323 -0.000284826 -0.008202311 0.865275621 0.000392652 0.999913514 0.013147221 -1.597493052 0.008197857 -0.013150000 0.999879897 50.834232330
0.999967158 -0.000798387 -0.008061140 0.878878236 0.000901579 0.999917567 0.012805590 -1.603339434 0.008050251 -0.012812437 0.999885499 51.425388336
0.999966860 -0.000049247 -0.008136787 0.878973365 0.000156016 0.999913812 0.013121631 -1.616070628 0.008135440 -0.013122467 0.999880791 51.890419006
0.999966204 -0.000263207 -0.008218298 0.887524605 0.000370777 0.999914229 0.013090400 -1.623566151 0.008214148 -0.013093004 0.999880552 52.420276642
0.999964178 -0.000179821 -0.008459840 0.894593239 0.000291903 0.999912202 0.013249374 -1.637703657 0.008456714 -0.013251369 0.999876440 52.966556549
0.999966860 -0.000027935 -0.008143645 0.891513050 0.000133578 0.999915838 0.012972179 -1.638170004 0.008142597 -0.012972835 0.999882698 53.478733063
0.999968410 0.000137204 -0.007952760 0.897807479 -0.000036237 0.999919415 0.012694564 -1.645092726 0.007953861 -0.012693874 0.999887824 54.033477783
0.999966085 -0.000231688 -0.008224805 0.907998443 0.000338546 0.999915540 0.012993095 -1.655310631 0.008221098 -0.012995442 0.999881744 54.517196655
0.999969304 0.000113765 -0.007842934 0.900431871 -0.000014485 0.999919891 0.012657304 -1.650624037 0.007843745 -0.012656802 0.999889076 55.155647278
0.999965370 -0.000154183 -0.008311831 0.922371387 0.000265668 0.999909997 0.013413359 -1.680732489 0.008309014 -0.013415104 0.999875486 55.568267822
0.999963880 -0.000080803 -0.008501390 0.930110157 0.000192286 0.999913931 0.013113464 -1.682391644 0.008499600 -0.013114626 0.999877870 56.114227295
0.999963820 -0.000022536 -0.008495820 0.937118769 0.000135709 0.999911308 0.013320717 -1.693294287 0.008494765 -0.013321391 0.999875188 56.655933380
0.999966264 -0.000548623 -0.008198250 0.942566633 0.000659323 0.999908566 0.013506337 -1.708901763 0.008190091 -0.013511286 0.999875188 57.136997223
0.999965489 -0.000379137 -0.008298576 0.944679737 0.000481110 0.999924362 0.012289464 -1.652882099 0.008293289 -0.012293033 0.999890029 57.796279907
0.999965966 -0.000494209 -0.008228825 0.946824193 0.000606139 0.999907196 0.013605346 -1.721552849 0.008221338 -0.013609870 0.999873579 58.177070618
0.999965787 -0.000357306 -0.008263427 0.954137444 0.000471595 0.999904156 0.013832932 -1.730846882 0.008257694 -0.013836357 0.999870121 58.724365234
0.999968827 0.000075138 -0.007891797 0.956345737 0.000032921 0.999906242 0.013691650 -1.736613512 0.007892086 -0.013691482 0.999875069 59.269004822
0.999966741 -0.000530421 -0.008141062 0.973488808 0.000641172 0.999907196 0.013607427 -1.757250071 0.008133089 -0.013612195 0.999874294 59.743976593
0.999965370 -0.000132956 -0.008324837 0.989730418 0.000247731 0.999904871 0.013787540 -1.770820618 0.008322214 -0.013789125 0.999870300 60.283706665
0.999964416 -0.000471252 -0.008426264 0.994855106 0.000589060 0.999902010 0.013984054 -1.779833317 0.008418849 -0.013988521 0.999866724 60.832359314
0.999965668 -0.000077350 -0.008297387 1.006057262 0.000193153 0.999902546 0.013956621 -1.795017481 0.008295498 -0.013957744 0.999868214 61.375568390
0.999962568 -0.000790442 -0.008616539 1.014371157 0.000908300 0.999905944 0.013682801 -1.805821419 0.008604912 -0.013690117 0.999869287 61.897891998
0.999966621 0.000289057 -0.008159435 1.002828479 -0.000170457 0.999894321 0.014532249 -1.852313042 0.008162773 -0.014530372 0.999861121 62.407749176
0.999968350 0.000288164 -0.007955795 1.002172828 -0.000175045 0.999898851 0.014215490 -1.855619192 0.007959086 -0.014213645 0.999867320 62.940002441
0.999964058 0.000165619 -0.008480221 1.009042501 -0.000043398 0.999896169 0.014410649 -1.868111849 0.008481726 -0.014409763 0.999860227 63.492469788
0.999970138 0.001070328 -0.007650007 1.000037074 -0.000960128 0.999895930 0.014394379 -1.873006940 0.007664618 -0.014386606 0.999867082 64.034729004
0.999969780 0.000703474 -0.007744096 1.015978813 -0.000587468 0.999887764 0.014972038 -1.911445379 0.007753759 -0.014967037 0.999857903 64.495132446
0.999968469 0.000563216 -0.007920999 1.020365715 -0.000446289 0.999890983 0.014755800 -1.912722826 0.007928447 -0.014751799 0.999859750 65.055007935
0.999969602 0.001300542 -0.007688383 1.025756717 -0.001188325 0.999892950 0.014582339 -1.922776222 0.007706525 -0.014572758 0.999864101 65.588890076
0.999968112 0.000292563 -0.007972258 1.039744616 -0.000174091 0.999889672 0.014857117 -1.937844515 0.007975724 -0.014855256 0.999857783 66.114685059
0.999969065 0.001040345 -0.007794674 1.050367355 -0.000922093 0.999884665 0.015159113 -1.959867358 0.007809546 -0.015151457 0.999854684 66.586311340
0.999968231 0.000711864 -0.007942071 1.065101027 -0.000588880 0.999880016 0.015476795 -1.970181465 0.007952137 -0.015471624 0.999848664 67.119056702
0.999968886 0.001181252 -0.007799524 1.052401543 -0.001064218 0.999886990 0.014992327 -1.964703798 0.007816353 -0.014983560 0.999857128 67.702888489
0.999967277 0.001333227 -0.007981267 1.075251937 -0.001215356 0.999890327 0.014755192 -1.977917075 0.008000064 -0.014745010 0.999859214 68.181274414
0.999969304 0.000767311 -0.007791233 1.063014150 -0.000648592 0.999883950 0.015228554 -1.989329100 0.007802012 -0.015223037 0.999853611 68.686515808
0.999971271 0.000846723 -0.007530837 1.061448216 -0.000734163 0.999888241 0.014936783 -1.991811037 0.007542642 -0.014930828 0.999860048 69.246726990
0.999972641 0.000557059 -0.007377516 1.070305109 -0.000445113 0.999884903 0.015166911 -2.003336906 0.007385116 -0.015163215 0.999857724 69.776359558
0.999971151 0.000522797 -0.007570535 1.078324080 -0.000407951 0.999884963 0.015163711 -2.006922960 0.007577590 -0.015160186 0.999856293 70.303558350
0.999966800 0.000217410 -0.008151646 1.094171286 -0.000099133 0.999894738 0.014507198 -2.011483669 0.008153944 -0.014505908 0.999861419 70.892425537
0.999970734 0.001017222 -0.007572805 1.087944150 -0.000900890 0.999881804 0.015349406 -2.033563852 0.007587524 -0.015342135 0.999853492 71.340530396
0.999969006 0.000633487 -0.007841741 1.096609116 -0.000511566 0.999879122 0.015539968 -2.036796093 0.007850638 -0.015535475 0.999848485 71.885040283
0.999971330 0.001325152 -0.007452772 1.103338718 -0.001209546 0.999879241 0.015494967 -2.049969673 0.007472404 -0.015485508 0.999852180 72.419990540
0.999969244 0.000798092 -0.007799311 1.105865717 -0.000680393 0.999886036 0.015081974 -2.051571369 0.007810459 -0.015076202 0.999855876 72.954330444
0.999971688 0.001199754 -0.007423492 1.100711465 -0.001089978 0.999890268 0.014773929 -2.051975727 0.007440402 -0.014765419 0.999863327 73.489868164
0.999973416 0.001939908 -0.007024100 1.107558250 -0.001830326 0.999876976 0.015573830 -2.080619812 0.007053447 -0.015560562 0.999854028 74.005752563
0.999973357 0.001997866 -0.007014682 1.114276648 -0.001887787 0.999875426 0.015664212 -2.084859371 0.007045103 -0.015650554 0.999852657 74.550430298
0.999972105 0.001555102 -0.007304926 1.122388244 -0.001443250 0.999881983 0.015292183 -2.082960129 0.007327845 -0.015281213 0.999856353 75.099304199
0.999971867 0.001300232 -0.007393030 1.137048841 -0.001184224 0.999876499 0.015674353 -2.108415604 0.007412496 -0.015665157 0.999849737 75.603012085
0.999972105 0.001898903 -0.007224614 1.128046036 -0.001785009 0.999874651 0.015738623 -2.113761187 0.007253593 -0.015725290 0.999850035 76.126678467
0.999974668 0.001267884 -0.007006616 1.136972904 -0.001160892 0.999882996 0.015253177 -2.116128922 0.007025136 -0.015244656 0.999859154 76.686119080
0.999973178 0.001586224 -0.007147157 1.144888401 -0.001474846 0.999877810 0.015561975 -2.125033855 0.007170969 -0.015551016 0.999853313 77.180114746
0.999974191 0.001549933 -0.007004126 1.143927813 -0.001440968 0.999878287 0.015535556 -2.136288881 0.007027352 -0.015525063 0.999854743 77.718894958
0.999975085 0.002102314 -0.006737024 1.149971008 -0.001998430 0.999879599 0.015389660 -2.145207882 0.006768565 -0.015375815 0.999858856 78.240280151
0.999976575 0.001600995 -0.006652973 1.163755059 -0.001497567 0.999878407 0.015522110 -2.149236679 0.006677017 -0.015511787 0.999857306 78.776145935
0.999985337 0.001668714 -0.005142549 1.151805639 -0.001591818 0.999887347 0.014920984 -2.153256893 0.005166869 -0.014912582 0.999875426 79.342430115
0.999989510 0.001948507 -0.004147086 1.170089841 -0.001884936 0.999881506 0.015278169 -2.160614491 0.004176365 -0.015270193 0.999874651 79.881950378
0.999995589 0.001631122 -0.002479956 1.183798194 -0.001593409 0.999884188 0.015133855 -2.160626888 0.002504354 -0.015129837 0.999882400 80.412918091
0.999997973 0.001695657 0.001115115 1.200964570 -0.001712335 0.999884069 0.015129548 -2.168327808 -0.001089331 -0.015131427 0.999884903 80.957366943
0.999986410 0.001741554 0.004909929 1.222203255 -0.001816818 0.999880254 0.015366336 -2.175036430 -0.004882580 -0.015375050 0.999869823 81.503776550
0.999968588 0.001589270 0.007763779 1.231373787 -0.001702850 0.999891222 0.014644758 -2.170835018 -0.007739661 -0.014657515 0.999862611 82.089233398
0.999913633 0.002425775 0.012909535 1.270155072 -0.002612066 0.999892414 0.014433249 -2.142368317 -0.012873136 -0.014465725 0.999812543 82.734695435
0.999829412 0.001630437 0.018398279 1.297618389 -0.001898399 0.999892235 0.014556479 -2.180098534 -0.018372562 -0.014588924 0.999724686 83.137733459
0.999707401 0.001792171 0.024125837 1.333144665 -0.002145545 0.999890625 0.014629213 -2.193144321 -0.024096981 -0.014676694 0.999601901 83.675621033
0.999558508 0.001589801 0.029667322 1.378938437 -0.002021721 0.999892294 0.014534478 -2.192933798 -0.029641021 -0.014588041 0.999454081 84.252365112
0.999300122 0.001122034 0.037391100 1.393118143 -0.001662708 0.999894381 0.014432006 -2.193683624 -0.037370957 -0.014484075 0.999196470 84.825927734
0.998981059 0.000408339 0.045126680 1.472283602 -0.001051969 0.999898016 0.014239904 -2.204374790 -0.045116272 -0.014272868 0.998879731 85.376480103
0.998657584 0.000035337 0.051796228 1.524525881 -0.000788079 0.999894381 0.014512400 -2.214478493 -0.051790245 -0.014533740 0.998552144 85.906303406
0.998181522 0.000169614 0.060278866 1.596010923 -0.001023820 0.999899507 0.014140308 -2.225484371 -0.060270414 -0.014176311 0.998081386 86.431221008
0.997495532 0.000002953 0.070728742 1.641069412 -0.001012295 0.999898195 0.014234769 -2.227470875 -0.070721507 -0.014270717 0.997394025 87.046371460
0.996867716 -0.000445694 0.079086132 1.719812393 -0.000668881 0.999900818 0.014066135 -2.245151997 -0.079084560 -0.014074973 0.996768534 87.585891724
0.996204257 -0.000594077 0.087045491 1.776051998 -0.000588702 0.999907851 0.013561754 -2.245581627 -0.087045535 -0.013561521 0.996112049 88.147407532
0.995232046 -0.000539139 0.097534612 1.849586010 -0.000792655 0.999906898 0.013615315 -2.250819445 -0.097532883 -0.013627710 0.995139062 88.685989380
0.994173050 -0.001440516 0.107786104 1.950355053 -0.000046063 0.999904931 0.013788171 -2.256532192 -0.107795715 -0.013712792 0.994078457 89.261634827
0.993113995 -0.001784623 0.117138483 2.037917137 0.000247797 0.999913752 0.013132993 -2.256373882 -0.117151804 -0.013013533 0.993028760 89.822273254
0.991784811 -0.001795334 0.127905682 2.136513710 0.000087210 0.999910772 0.013358908 -2.264248610 -0.127918229 -0.013238006 0.991696358 90.397613525
0.990136087 -0.001589999 0.140100166 2.228460312 -0.000369508 0.999902487 0.013959348 -2.280570507 -0.140108690 -0.013873423 0.990038872 90.930290222
0.988588691 -0.002358668 0.150620982 2.341189384 0.000362535 0.999911785 0.013278773 -2.288260460 -0.150638998 -0.013072642 0.988502383 91.487693787
0.986982346 -0.003766234 0.160784274 2.457185745 0.001683059 0.999912858 0.013090552 -2.291234016 -0.160819605 -0.012649537 0.986902714 92.041183472
0.984859705 -0.004331830 0.173299447 2.587191582 0.002099464 0.999912441 0.013062788 -2.303759575 -0.173340887 -0.012501179 0.984782577 92.559791565
0.982534170 -0.004487042 0.186028093 2.701899529 0.002062957 0.999910474 0.013222273 -2.307170391 -0.186070770 -0.012607569 0.982455373 93.116409302
0.980546534 -0.005967795 0.196196690 2.828352928 0.003484353 0.999909341 0.013000657 -2.317800283 -0.196256533 -0.012064128 0.980478346 93.643531799
0.977910399 -0.004990839 0.208964974 2.968412399 0.002204360 0.999905527 0.013565436 -2.327638865 -0.209012941 -0.012805147 0.977829099 94.168098450
0.974992752 -0.004533748 0.222190306 3.164295197 0.001644819 0.999911666 0.013185370 -2.310981989 -0.222230494 -0.012490178 0.974914074 94.727081299
0.972461820 -0.005659764 0.232993573 3.294036865 0.002701298 0.999911666 0.013014754 -2.311590672 -0.233046636 -0.012026967 0.972391129 95.203117371
0.969363093 -0.004932477 0.245582804 3.445493698 0.001859043 0.999917030 0.012745113 -2.315712214 -0.245625257 -0.011898093 0.969291806 95.738891602
0.965803564 -0.004824519 0.259230226 3.614625931 0.001414559 0.999910057 0.013339107 -2.333850861 -0.259271264 -0.012516260 0.965723395 96.243286133
0.962277591 -0.004596894 0.272030830 3.776819229 0.001130336 0.999916196 0.012898581 -2.331972837 -0.272067338 -0.012104529 0.962202013 96.790222168
0.958823144 -0.004857966 0.283962280 3.984146118 0.001203347 0.999914229 0.013043110 -2.352517605 -0.284001350 -0.012164332 0.958746731 97.407989502
0.954533517 -0.004981448 0.298061967 4.170110703 0.001002518 0.999908328 0.013500731 -2.364161015 -0.298101902 -0.012588088 0.954451025 97.941825867
0.950128555 -0.005832189 0.311803877 4.369348526 0.001697904 0.999906957 0.013529081 -2.376179218 -0.311853707 -0.012324953 0.950050175 98.504554749
0.946481586 -0.007227861 0.322676837 4.596601486 0.002986994 0.999902427 0.013636002 -2.383442402 -0.322743952 -0.011942393 0.946410954 98.998756409
0.942277789 -0.008299374 0.334729046 4.843410492 0.004089739 0.999903440 0.013279103 -2.380985498 -0.334806889 -0.011143652 0.942220867 99.562606812
0.936820388 -0.006330865 0.349753499 5.010513306 0.001855571 0.999912024 0.013129167 -2.390252352 -0.349805772 -0.011650681 0.936749876 100.049438477
0.932429790 -0.008227311 0.361257553 5.273904800 0.003580703 0.999902010 0.013529824 -2.396440506 -0.361333460 -0.011322055 0.932367861 100.557319641
0.928122640 -0.009153794 0.372161925 5.472354889 0.004419386 0.999898136 0.013572392 -2.404026031 -0.372248322 -0.010952116 0.928068578 101.035957336
0.922699034 -0.009411834 0.385406196 5.698757172 0.004566757 0.999898672 0.013484834 -2.407485008 -0.385494053 -0.010682386 0.922648489 101.526062012
0.917283654 -0.009684857 0.398116708 5.945331573 0.004446174 0.999890983 0.014079786 -2.414694309 -0.398209661 -0.011145062 0.917226732 102.028755188
0.912006736 -0.009661254 0.410061240 6.194908142 0.004446657 0.999896705 0.013668383 -2.414928198 -0.410150886 -0.010642255 0.911955476 102.552635193
0.905797422 -0.009928747 0.423594713 6.442230225 0.004585048 0.999896586 0.013632364 -2.425247192 -0.423686236 -0.010405959 0.905749261 103.025230408
0.898833394 -0.010921971 0.438154250 6.717224121 0.005508478 0.999891996 0.013624392 -2.421596527 -0.438255757 -0.009832498 0.898796558 103.548263550
0.892953992 -0.011388393 0.450003773 6.989288330 0.005848386 0.999889076 0.013699416 -2.431604385 -0.450109899 -0.009601151 0.892921567 104.020057678
0.887485504 -0.011945265 0.460680842 7.271175385 0.006253614 0.999884129 0.013879217 -2.444639206 -0.460793257 -0.009436686 0.887457311 104.500915527
0.880097389 -0.011982081 0.474641949 7.541469574 0.006285130 0.999887884 0.013587526 -2.444656134 -0.474751621 -0.008975160 0.880074084 104.965858459
