1.000000000 0.000000000 0.000000000 0.000000000 0.000000000 1.000000000 0.000000000 0.000000000 0.000000000 0.000000000 1.000000000 0.000000000
1.000000000 0.000011726 -0.000022898 0.000407894 -0.000011725 1.000000000 0.000035940 -0.001002910 0.000022898 -0.000035940 1.000000000 -0.001607042
1.000000000 -0.000020803 -0.000004806 0.000931062 0.000020803 1.000000000 -0.000007227 -0.000489666 0.000004806 0.000007227 1.000000000 -0.002605260
1.000000000 -0.000158051 -0.000111470 0.001755658 0.000158058 1.000000000 0.000062760 -0.001719989 0.000111461 -0.000062778 1.000000000 -0.004176965
1.000000000 -0.000149702 -0.000084015 -0.000351750 0.000149702 1.000000000 -0.000005405 0.000187945 0.000084016 0.000005393 1.000000000 -0.003020369
1.000000000 -0.000169581 -0.000046111 0.000816759 0.000169584 1.000000000 0.000060623 -0.000658401 0.000046101 -0.000060631 1.000000000 -0.001278392
1.000000000 -0.000189693 -0.000007902 0.000073848 0.000189694 1.000000000 0.000041868 -0.000692952 0.000007894 -0.000041870 1.000000000 -0.003867175
1.000000000 -0.000087932 -0.000047466 0.000113170 0.000087934 1.000000000 0.000040958 0.000385690 0.000047463 -0.000040963 1.000000000 -0.003961374
1.000000000 -0.000063639 -0.000030951 0.000361547 0.000063638 1.000000000 -0.000009992 0.000508178 0.000030952 0.000009990 1.000000000 -0.000536285
1.000000000 -0.000082476 -0.000071614 -0.000262060 0.000082476 1.000000000 -0.000000857 0.001323067 0.000071614 0.000000851 1.000000000 -0.001693657
1.000000000 -0.000148051 -0.000127876 0.000937521 0.000148056 1.000000000 0.000040214 -0.000417482 0.000127870 -0.000040233 1.000000000 -0.002922920
1.000000000 -0.000195868 -0.000103480 0.000166003 0.000195869 1.000000000 0.000005487 0.000430071 0.000103479 -0.000005508 1.000000000 -0.000417580
1.000000000 -0.000218123 -0.000063546 -0.000793973 0.000218126 1.000000000 0.000040108 0.001006054 0.000063537 -0.000040121 1.000000000 -0.000658679
1.000000000 -0.000181837 -0.000051204 0.000343867 0.000181838 1.000000000 0.000026015 -0.000009548 0.000051199 -0.000026024 1.000000000 -0.003474206
1.000000000 -0.000147231 -0.000091590 0.001324399 0.000147242 1.000000000 0.000119466 -0.000495839 0.000091573 -0.000119480 1.000000000 -0.003919419
1.000000000 -0.000095764 -0.000044695 0.001925036 0.000095769 1.000000000 0.000102629 -0.001237047 0.000044685 -0.000102633 1.000000000 -0.007250278
1.000000000 -0.000121075 -0.000088837 0.001087740 0.000121076 1.000000000 0.000019835 0.000801018 0.000088835 -0.000019846 1.000000000 -0.002231979
1.000000000 -0.000087613 -0.000093642 0.000994550 0.000087620 1.000000000 0.000067889 -0.000139197 0.000093636 -0.000067897 1.000000000 -0.004353200
0.999999940 -0.000269146 -0.000135201 0.000843574 0.000269155 0.999999940 0.000067161 -0.000599234 0.000135182 -0.000067198 1.000000000 -0.003817866
0.999999940 -0.000270162 -0.000122992 0.000913456 0.000270168 0.999999940 0.000043265 0.000597310 0.000122980 -0.000043299 1.000000000 -0.000461671
0.999999940 -0.000258256 -0.000100518 0.000080029 0.000258261 0.999999940 0.000056049 -0.000940330 0.000100504 -0.000056075 1.000000000 -0.003399998
1.000000000 -0.000168066 -0.000114554 0.002994327 0.000168076 1.000000000 0.000085502 -0.000074783 0.000114540 -0.000085522 1.000000000 -0.002122263
1.000000000 -0.000160961 -0.000116264 0.002562532 0.000160971 1.000000000 0.000086195 -0.000993680 0.000116250 -0.000086214 1.000000000 -0.002492961
0.999999940 -0.000238672 -0.000160436 0.001554501 0.000238687 0.999999940 0.000090688 -0.000550965 0.000160415 -0.000090726 1.000000000 -0.004384738
0.999999940 -0.000230639 -0.000184491 0.002620559 0.000230654 0.999999940 0.000080797 -0.000629529 0.000184472 -0.000080839 1.000000000 -0.004095078
0.999999940 -0.000270200 -0.000141916 0.001548955 0.000270208 0.999999940 0.000061700 0.000254203 0.000141900 -0.000061739 1.000000000 -0.003274732
0.999999940 -0.000269361 -0.000154234 0.002745362 0.000269371 0.999999940 0.000065950 -0.000269060 0.000154217 -0.000065991 1.000000000 -0.004273583
0.999999940 -0.000369581 -0.000128793 0.000970145 0.000369590 0.999999940 0.000070624 -0.000671769 0.000128767 -0.000070672 1.000000000 -0.004670130
0.999999940 -0.000206759 -0.000146094 0.001570220 0.000206773 1.000000000 0.000099495 -0.000222078 0.000146073 -0.000099525 1.000000000 -0.002240082
0.999999940 -0.000209682 -0.000129076 0.002702039 0.000209697 1.000000000 0.000114609 -0.001156732 0.000129052 -0.000114636 1.000000000 -0.004177148
0.999999940 -0.000261279 -0.000150632 0.000607481 0.000261290 0.999999940 0.000072673 0.000609640 0.000150613 -0.000072713 1.000000000 -0.001252931
0.999999940 -0.000282595 -0.000153674 0.000564187 0.000282610 0.999999940 0.000097367 0.000215482 0.000153647 -0.000097411 1.000000000 -0.003620584
0.999999940 -0.000204799 -0.000154580 0.001536077 0.000204801 1.000000000 0.000015289 0.000222738 0.000154577 -0.000015320 1.000000000 -0.002209505
0.999999940 -0.000295527 -0.000162007 0.002036194 0.000295534 0.999999940 0.000041391 0.000031572 0.000161994 -0.000041439 1.000000000 -0.001831757
0.999999940 -0.000285590 -0.000098824 0.000817404 0.000285598 0.999999940 0.000085648 -0.000813753 0.000098799 -0.000085676 1.000000000 -0.005630446
0.999999940 -0.000306834 -0.000198146 0.002941285 0.000306840 0.999999940 0.000032015 0.000220258 0.000198136 -0.000032076 1.000000000 -0.003308177
1.000000000 -0.000192498 -0.000144433 0.002861326 0.000192514 1.000000000 0.000108718 -0.000400773 0.000144412 -0.000108745 1.000000000 -0.006785471
0.999999940 -0.000316726 -0.000149518 0.000854874 0.000316736 0.999999940 0.000065319 0.000010291 0.000149497 -0.000065366 1.000000000 -0.003842360
0.999999940 -0.000259618 -0.000154485 0.001309712 0.000259639 0.999999940 0.000138300 -0.000485047 0.000154449 -0.000138340 1.000000000 -0.003623372
0.999999940 -0.000282619 -0.000168933 0.002481567 0.000282624 0.999999940 0.000028017 -0.000789169 0.000168925 -0.000028065 1.000000000 0.001089139
0.999999940 -0.000247876 -0.000101399 0.001458026 0.000247821 0.999999821 -0.000540617 -0.000688266 0.000101533 0.000540591 0.999999821 0.048804484
1.000000000 -0.000123551 -0.000149084 0.001914664 0.000123385 0.999999404 -0.001111706 -0.003240613 0.000149221 0.001111687 0.999999344 0.140583143
0.999999940 -0.000199811 -0.000145664 0.005279212 0.000199605 0.999998987 -0.001416560 -0.007502339 0.000145947 0.001416531 0.999998987 0.254084975
1.000000000 -0.000199240 -0.000083274 0.006066829 0.000199124 0.999998987 -0.001399906 -0.012537224 0.000083553 0.001399889 0.999999046 0.389509320
0.999999940 -0.000123904 -0.000213387 0.011245763 0.000123661 0.999999344 -0.001138514 -0.019353624 0.000213528 0.001138488 0.999999344 0.523959219
1.000000000 -0.000152969 -0.000087295 0.012392193 0.000152876 0.999999404 -0.001060506 -0.022220524 0.000087457 0.001060492 0.999999464 0.684944868
1.000000000 -0.000125509 -0.000121608 0.020106150 0.000125394 0.999999523 -0.000939546 -0.025534892 0.000121725 0.000939531 0.999999523 0.844848692
0.999999940 0.000308414 0.000069838 0.017129352 -0.000308358 0.999999642 -0.000808832 -0.025788918 -0.000070088 0.000808810 0.999999642 1.021946907
1.000000000 -0.000094910 -0.000199516 0.027803008 0.000094797 0.999999821 -0.000570225 -0.037759811 0.000199571 0.000570206 0.999999821 1.181087613
1.000000000 0.000238941 -0.000004288 0.024528313 -0.000238941 0.999999940 -0.000100248 -0.052553684 0.000004264 0.000100249 1.000000000 1.360656381
1.000000000 0.000207051 -0.000058219 0.028781267 -0.000207051 0.999999881 -0.000000626 -0.058088828 0.000058219 0.000000638 1.000000000 1.552006721
1.000000000 -0.000235491 0.000093462 0.033174753 0.000235490 0.999999940 0.000006613 -0.064485088 -0.000093464 -0.000006591 0.999999940 1.755772591
1.000000000 -0.000041599 0.000031891 0.037145618 0.000041583 0.999999881 0.000481865 -0.074365981 -0.000031911 -0.000481864 0.999999881 1.942509770
0.999999881 0.000208028 0.000349071 0.036815114 -0.000208167 0.999999881 0.000400341 -0.080477878 -0.000348988 -0.000400414 0.999999821 2.153327465
0.999999821 0.000426185 0.000110536 0.047109902 -0.000426256 0.999999642 0.000638767 -0.086760722 -0.000110263 -0.000638814 0.999999762 2.369881392
0.999999940 0.000098882 0.000052197 0.052620903 -0.000098919 0.999999642 0.000704050 -0.091423109 -0.000052127 -0.000704055 0.999999702 2.594021797
0.999999881 0.000179969 0.000188406 0.054131426 -0.000180060 0.999999821 0.000486092 -0.099783964 -0.000188318 -0.000486126 0.999999881 2.823549747
0.999999821 0.000477565 0.000208336 0.053937908 -0.000477713 0.999999583 0.000712654 -0.102626570 -0.000207995 -0.000712754 0.999999702 3.048244238
0.999999940 0.000412281 -0.000010263 0.059399635 -0.000412276 0.999999762 0.000555165 -0.110199556 0.000010492 -0.000555161 0.999999881 3.288617134
0.999999881 0.000449627 0.000140017 0.063311592 -0.000449738 0.999999583 0.000790752 -0.120717578 -0.000139661 -0.000790815 0.999999583 3.518287897
0.999999702 0.000693784 0.000227074 0.073393665 -0.000693977 0.999999344 0.000854458 -0.128215700 -0.000226481 -0.000854615 0.999999523 3.783800125
0.999999821 0.000122964 0.000619345 0.064529777 -0.000123842 0.999998987 0.001418639 -0.138879508 -0.000619170 -0.001418715 0.999998748 4.032942295
0.999999285 0.000771473 0.000939628 0.067556225 -0.000772860 0.999998629 0.001475864 -0.142419189 -0.000938488 -0.001476589 0.999998450 4.291087151
0.999999642 0.000403896 0.000626729 0.076192677 -0.000404688 0.999999106 0.001263726 -0.149703816 -0.000626218 -0.001263979 0.999998987 4.532610416
0.999999464 0.000609433 0.000807236 0.077281944 -0.000610660 0.999998689 0.001520879 -0.159656763 -0.000806308 -0.001521371 0.999998510 4.786245823
0.999999642 0.000462417 0.000668953 0.088882282 -0.000463584 0.999998391 0.001746172 -0.168609783 -0.000668144 -0.001746482 0.999998212 5.055147171
0.999999821 0.000021096 0.000634753 0.085073374 -0.000022316 0.999998152 0.001922358 -0.181120634 -0.000634712 -0.001922371 0.999997973 5.295119762
0.999999762 0.000226281 0.000612300 0.092749171 -0.000227411 0.999998271 0.001845678 -0.191428408 -0.000611882 -0.001845817 0.999998152 5.563698769
0.999999702 0.000437272 0.000757190 0.094051361 -0.000438640 0.999998271 0.001808416 -0.193793938 -0.000756398 -0.001808748 0.999998093 5.842488289
0.999999821 -0.000149915 0.000607896 0.102128081 0.000148640 0.999997735 0.002096273 -0.209927022 -0.000608209 -0.002096182 0.999997675 6.110839844
0.999999404 0.000771025 0.000779503 0.101494551 -0.000773074 0.999996245 0.002632328 -0.222092792 -0.000777471 -0.002632929 0.999996185 6.385787010
0.999999702 0.000477023 0.000587773 0.115709864 -0.000478650 0.999996066 0.002771084 -0.235538483 -0.000586449 -0.002771365 0.999995947 6.659749031
0.999999344 0.000685364 0.000873469 0.120646916 -0.000687655 0.999996245 0.002625850 -0.244618416 -0.000871666 -0.002626449 0.999996185 6.955924034
0.999999642 0.000320755 0.000777420 0.117051721 -0.000322800 0.999996424 0.002631427 -0.252949029 -0.000776574 -0.002631677 0.999996185 7.252682686
0.999999821 0.000218636 0.000621456 0.127882659 -0.000220196 0.999996841 0.002511253 -0.262960881 -0.000620905 -0.002511389 0.999996603 7.556249619
0.999999464 0.000261295 0.000942170 0.133508086 -0.000263856 0.999996245 0.002719082 -0.274046630 -0.000941456 -0.002719329 0.999995887 7.858858109
0.999999404 0.000427228 0.000941050 0.138930023 -0.000429875 0.999995947 0.002813905 -0.280691057 -0.000939844 -0.002814308 0.999995649 8.175230026
0.999999523 0.000202692 0.000935402 0.150055006 -0.000205149 0.999996483 0.002626438 -0.286722422 -0.000934866 -0.002626628 0.999996126 8.505242348
0.999999225 0.000579048 0.001086474 0.152554035 -0.000582155 0.999995649 0.002861939 -0.298532873 -0.001084812 -0.002862569 0.999995351 8.837704659
0.999999166 0.000414949 0.001220956 0.161333427 -0.000418395 0.999995887 0.002823103 -0.305939049 -0.001219780 -0.002823612 0.999995291 9.165347099
0.999998629 0.000698836 0.001454924 0.158125207 -0.000703358 0.999994874 0.003109640 -0.329065859 -0.001452744 -0.003110659 0.999994099 9.494318962
0.999998331 0.001060788 0.001446563 0.170379430 -0.001065512 0.999994099 0.003268921 -0.338116378 -0.001443087 -0.003270457 0.999993622 9.838937759
0.999998391 0.000937863 0.001485805 0.175273553 -0.000942811 0.999993980 0.003333467 -0.346851856 -0.001482670 -0.003334862 0.999993384 10.201786995
0.999998510 0.000647496 0.001592178 0.186796635 -0.000652965 0.999993920 0.003436843 -0.358553857 -0.001589943 -0.003437878 0.999992847 10.562403679
0.999999166 0.000127513 0.001301052 0.191403091 -0.000132143 0.999993622 0.003559071 -0.382872492 -0.001300590 -0.003559240 0.999992847 10.911396027
0.999999046 0.000174189 0.001341001 0.201159045 -0.000179006 0.999993503 0.003592967 -0.393412858 -0.001340366 -0.003593204 0.999992669 11.284004211
0.999999046 0.000417863 0.001313197 0.207470879 -0.000422413 0.999993861 0.003466718 -0.399052262 -0.001311741 -0.003467269 0.999993145 11.683272362
0.999999344 -0.000108858 0.001113757 0.221195221 0.000104935 0.999993861 0.003521007 -0.414639533 -0.001114134 -0.003520888 0.999993205 12.048050880
0.999999285 0.000168116 0.001191695 0.233968377 -0.000173159 0.999991000 0.004232246 -0.436849505 -0.001190972 -0.004232449 0.999990344 12.392032623
0.999999225 0.000159752 0.001260628 0.241972283 -0.000165121 0.999990880 0.004260285 -0.446573317 -0.001259936 -0.004260490 0.999990165 12.794125557
0.999999404 0.000156452 0.001085911 0.257095903 -0.000161283 0.999990046 0.004450083 -0.462988257 -0.001085204 -0.004450256 0.999989569 13.179017067
0.999999225 0.000118286 0.001241811 0.263581336 -0.000123893 0.999989808 0.004516055 -0.471918464 -0.001241264 -0.004516206 0.999989092 13.591834068
0.999998450 0.000355317 0.001714539 0.264348418 -0.000363892 0.999987423 0.005003443 -0.492590547 -0.001712739 -0.005004060 0.999985933 13.963300705
0.999998748 0.000005148 0.001530863 0.278264374 -0.000012787 0.999987543 0.004990244 -0.504442751 -0.001530818 -0.004990258 0.999986291 14.387681007
0.999997854 0.000378612 0.002026349 0.287020981 -0.000389484 0.999985516 0.005367704 -0.519074023 -0.002024288 -0.005368482 0.999983430 14.810747147
0.999997973 -0.000495967 0.001963374 0.305225313 0.000485451 0.999985576 0.005353107 -0.529717565 -0.001966000 -0.005352143 0.999983668 15.214384079
0.999997377 -0.000072845 0.002341806 0.315528631 0.000060368 0.999985754 0.005327400 -0.539817929 -0.002342160 -0.005327244 0.999983013 15.652610779
0.999996781 -0.000332874 0.002525015 0.322057337 0.000319080 0.999985039 0.005461297 -0.551456034 -0.002526795 -0.005460474 0.999981880 16.090730667
0.999995887 -0.001029366 0.002665442 0.330343902 0.001014661 0.999984264 0.005512417 -0.564509332 -0.002671075 -0.005509690 0.999981225 16.533201218
0.999995708 -0.000110708 0.002905426 0.345382154 0.000094504 0.999984443 0.005576468 -0.580768585 -0.002905998 -0.005576169 0.999980211 16.986574173
0.999994814 -0.000430545 0.003163772 0.352470219 0.000412419 0.999983490 0.005727869 -0.592109442 -0.003166186 -0.005726534 0.999978602 17.452602386
0.999994338 -0.000715145 0.003267428 0.367145509 0.000696939 0.999984264 0.005569706 -0.604902029 -0.003271360 -0.005567397 0.999979138 17.921123505
0.999993145 -0.000389353 0.003660418 0.371346891 0.000367188 0.999981582 0.006054122 -0.617775619 -0.003662708 -0.006052738 0.999974906 18.347808838
0.999993026 -0.000766843 0.003648386 0.383451223 0.000744481 0.999980927 0.006126642 -0.629542232 -0.003653014 -0.006123882 0.999974549 18.813201904
0.999993265 -0.000341319 0.003643132 0.400496602 0.000319397 0.999981821 0.006016152 -0.638953567 -0.003645120 -0.006014947 0.999975264 19.302505493
0.999992609 0.000087204 0.003879702 0.407233119 -0.000112895 0.999978065 0.006622316 -0.663368285 -0.003879040 -0.006622704 0.999970555 19.737203598
0.999991894 -0.000236770 0.004029011 0.420059681 0.000209505 0.999977112 0.006766097 -0.675164700 -0.004030522 -0.006765198 0.999969006 20.232219696
0.999992788 -0.000014504 0.003799127 0.426204026 -0.000011458 0.999976695 0.006833283 -0.684964180 -0.003799138 -0.006833277 0.999969482 20.735315323
0.999996483 -0.001119462 0.002410397 0.420978546 0.001104297 0.999979675 0.006283653 -0.706391275 -0.002417383 -0.006280969 0.999977350 21.206188202
0.999997258 -0.001315754 0.001943607 0.427743137 0.001303907 0.999980688 0.006084090 -0.717417419 -0.001951575 -0.006081538 0.999979675 21.703071594
0.999997675 -0.000954129 0.001934219 0.436734140 0.000942080 0.999980211 0.006220731 -0.728285193 -0.001940116 -0.006218895 0.999978781 22.215557098
0.999997556 -0.001586458 0.001621429 0.442118376 0.001575452 0.999975801 0.006766989 -0.754034340 -0.001632127 -0.006764418 0.999975801 22.657388687
0.999998093 -0.001629952 0.001107515 0.450000376 0.001622336 0.999975204 0.006842828 -0.768561363 -0.001118642 -0.006841018 0.999976039 23.183773041
0.999996066 -0.002802356 0.000106848 0.469346941 0.002801540 0.999971628 0.006995948 -0.791001499 -0.000126450 -0.006995621 0.999975443 23.694282532
0.999999762 -0.000615184 0.000365686 0.462570488 0.000612681 0.999976635 0.006805689 -0.797404051 -0.000369864 -0.006805462 0.999976695 24.213642120
0.999999285 -0.001004092 -0.000657656 0.479916066 0.001008722 0.999974489 0.007077493 -0.810811698 0.000650533 -0.007078151 0.999974668 24.742725372
0.999999464 -0.000135486 -0.001012913 0.488392949 0.000142553 0.999975622 0.006979434 -0.813928783 0.001011943 -0.006979574 0.999975085 25.271343231
0.999998748 -0.000663511 -0.001533611 0.496184587 0.000675137 0.999970973 0.007592693 -0.834388494 0.001528529 -0.007593718 0.999970019 25.751163483
0.999997020 -0.001459957 -0.002013107 0.506721199 0.001476068 0.999966741 0.008024893 -0.847964406 0.002001324 -0.008027839 0.999965847 26.299903870
0.999995828 -0.001215098 -0.002660205 0.525785506 0.001236946 0.999965429 0.008226888 -0.862623513 0.002650117 -0.008230143 0.999962628 26.864316940
0.999995291 -0.000782328 -0.002967364 0.523808360 0.000805489 0.999969304 0.007812116 -0.869841099 0.002961161 -0.007814471 0.999965072 27.342510223
0.999993801 -0.000945632 -0.003389178 0.531162322 0.000972764 0.999967515 0.008012909 -0.879999161 0.003381490 -0.008016157 0.999962151 27.871360779
0.999992311 -0.001052381 -0.003785174 0.514973581 0.001081611 0.999969542 0.007728468 -0.887190402 0.003776925 -0.007732502 0.999962986 28.348552704
0.999989271 -0.001739479 -0.004304582 0.526994407 0.001772926 0.999968171 0.007778500 -0.901000202 0.004290915 -0.007786048 0.999960542 28.876682281
0.999988854 -0.001681075 -0.004412220 0.535514057 0.001717841 0.999963701 0.008342149 -0.917115450 0.004398036 -0.008349635 0.999955475 29.352130890
0.999988556 -0.001430235 -0.004578108 0.549946725 0.001467229 0.999966264 0.008087569 -0.929819465 0.004566387 -0.008094193 0.999956787 29.892250061
0.999987721 -0.001031599 -0.004851857 0.543290377 0.001071727 0.999965191 0.008275323 -0.936610162 0.004843152 -0.008280422 0.999953926 30.378837585
0.999984384 -0.001104046 -0.005473870 0.560173631 0.001148797 0.999965906 0.008178871 -0.948682070 0.005464653 -0.008185031 0.999951601 30.923017502
0.999981165 -0.001499729 -0.005951453 0.579741716 0.001549023 0.999964476 0.008286685 -0.973793864 0.005938814 -0.008295747 0.999947906 31.437108994
0.999983132 -0.001287724 -0.005679597 0.569399118 0.001333587 0.999966502 0.008078639 -0.969038725 0.005669004 -0.008086077 0.999951184 31.987369537
0.999984741 -0.000511368 -0.005512035 0.566174328 0.000556831 0.999965847 0.008249454 -0.993675590 0.005507628 -0.008252396 0.999950767 32.520767212
0.999989152 -0.000374676 -0.004641058 0.526189089 0.000416466 0.999959350 0.009006804 -1.013850570 0.004637495 -0.009008640 0.999948680 33.018623352
0.999981463 -0.001464757 -0.005929986 0.549852729 0.001518646 0.999957502 0.009093044 -1.056286097 0.005916416 -0.009101880 0.999941051 33.512012482
0.999977052 -0.002278718 -0.006376087 0.565512419 0.002336383 0.999956310 0.009051168 -1.064284325 0.006355183 -0.009065857 0.999938667 34.059917450
0.999980211 -0.001319929 -0.006161579 0.574791610 0.001376013 0.999957740 0.009106847 -1.077741385 0.006149298 -0.009115145 0.999939561 34.598766327
0.999978125 -0.001850833 -0.006362422 0.590381622 0.001907877 0.999957919 0.008971336 -1.085470200 0.006345550 -0.008983278 0.999939561 35.136905670
0.999978542 -0.001561744 -0.006371986 0.603960156 0.001620155 0.999956787 0.009172028 -1.103703260 0.006357385 -0.009182155 0.999937654 35.710231781
0.999978364 -0.001171103 -0.006474496 0.585313559 0.001231541 0.999955654 0.009338672 -1.139031649 0.006463272 -0.009346444 0.999935448 36.187473297
0.999976754 -0.000960673 -0.006754655 0.592697561 0.001022684 0.999957263 0.009183014 -1.148046732 0.006745546 -0.009189709 0.999935031 36.736240387
0.999978602 -0.000773833 -0.006489061 0.602212548 0.000830708 0.999961257 0.008766677 -1.149972081 0.006482024 -0.008771882 0.999940515 37.295410156
0.999977052 -0.000813774 -0.006727672 0.598501503 0.000877135 0.999955297 0.009420355 -1.180728436 0.006719705 -0.009426041 0.999933064 37.825744629
0.999975860 -0.000422934 -0.006936604 0.622454226 0.000486167 0.999958336 0.009116729 -1.183882236 0.006932458 -0.009119881 0.999934435 38.344734192
0.999972165 -0.000835210 -0.007410818 0.556685925 0.000906273 0.999953568 0.009590966 -1.216253519 0.007402462 -0.009597415 0.999926567 39.025299072
0.999969363 -0.001165710 -0.007739792 0.574168563 0.001242053 0.999950528 0.009866200 -1.234574318 0.007727908 -0.009875511 0.999921381 39.549499512
0.999970853 -0.000894759 -0.007579619 0.571151733 0.000967132 0.999953866 0.009550085 -1.243498325 0.007570724 -0.009557138 0.999925673 40.125110626
0.999971628 -0.000349760 -0.007525875 0.580672264 0.000420427 0.999955714 0.009390341 -1.247917175 0.007522258 -0.009393238 0.999927580 40.667175293
0.999967873 -0.000862868 -0.007963304 0.588440299 0.000939288 0.999953508 0.009597799 -1.254589319 0.007954652 -0.009604969 0.999922276 41.237907410
0.999968171 -0.001143558 -0.007914498 0.600902379 0.001223280 0.999948502 0.010075408 -1.283449411 0.007902569 -0.010084768 0.999917924 41.694290161
0.999970376 -0.000802899 -0.007666533 0.606921494 0.000880315 0.999948621 0.010099913 -1.292869925 0.007658030 -0.010106362 0.999919653 42.242702484
0.999969423 -0.000525285 -0.007804581 0.614979863 0.000601639 0.999951959 0.009784067 -1.301945090 0.007799067 -0.009788463 0.999921679 42.715351105
0.999966979 -0.000916095 -0.008076328 0.629328787 0.000997020 0.999949276 0.010021635 -1.319466352 0.008066738 -0.010029357 0.999917150 43.264232635
0.999969482 -0.000214943 -0.007806721 0.630930305 0.000293228 0.999949694 0.010028117 -1.333648324 0.007804173 -0.010030100 0.999919236 43.802959442
0.999970436 0.000277238 -0.007675274 0.637370467 -0.000201806 0.999951661 0.009827034 -1.344288826 0.007677628 -0.009825193 0.999922216 44.362216949
0.999969900 -0.000011621 -0.007750166 0.649200380 0.000089764 0.999949157 0.010082459 -1.357270241 0.007749654 -0.010082851 0.999919116 44.879776001
0.999972343 -0.000082948 -0.007434113 0.577475190 0.000156620 0.999950826 0.009909993 -1.387717724 0.007432927 -0.009910882 0.999923289 45.511562347
0.999960899 -0.000473952 -0.008836582 0.687881589 0.000554774 0.999958038 0.009146161 -1.347614050 0.008831878 -0.009150706 0.999919057 45.980495453
0.999971628 -0.000343134 -0.007523255 0.584904909 0.000420459 0.999947071 0.010278968 -1.417162776 0.007519330 -0.010281842 0.999918938 46.607196808
0.999970734 0.000042313 -0.007654098 0.628065705 0.000036031 0.999947727 0.010235192 -1.425097227 0.007654131 -0.010235169 0.999918342 47.059959412
0.999970973 -0.000484660 -0.007591630 0.621059299 0.000563359 0.999946117 0.010367802 -1.428972006 0.007586197 -0.010371779 0.999917388 47.636066437
0.999970317 -0.000221077 -0.007716415 0.637898386 0.000300641 0.999946773 0.010311258 -1.432952762 0.007713726 -0.010313271 0.999917090 48.095401764
0.999970794 0.000119500 -0.007643152 0.656463265 -0.000037589 0.999942601 0.010716113 -1.467527509 0.007643994 -0.010715514 0.999913335 48.639259338
0.999970019 0.000182760 -0.007746989 0.657444239 -0.000096788 0.999938428 0.011096421 -1.479690909 0.007748540 -0.011095339 0.999908388 49.178977966
0.999969602 -0.000016223 -0.007789104 0.664385736 0.000099811 0.999942362 0.010731151 -1.492737293 0.007788481 -0.010731602 0.999912083 49.702400208
0.999972343 0.000108521 -0.007432163 0.674557328 -0.000026838 0.999939620 0.010989633 -1.494804502 0.007432907 -0.010989131 0.999911964 50.266357422
0.999967217 0.000125007 -0.008097137 0.680359185 -0.000038915 0.999943435 0.010631699 -1.494992971 0.008098009 -0.010631035 0.999910712 50.761951447
0.999969125 0.000181753 -0.007859399 0.681318760 -0.000098336 0.999943614 0.010612769 -1.498458624 0.007860885 -0.010611667 0.999912798 51.281044006
0.999968410 -0.000132149 -0.007945084 0.688459873 0.000216469 0.999943614 0.010612815 -1.512954950 0.007943233 -0.010614199 0.999912143 51.824676514
0.999966383 -0.000470806 -0.008188226 0.698399961 0.000555151 0.999946713 0.010301492 -1.524208188 0.008182939 -0.010305690 0.999913454 52.371864319
0.999968171 -0.000564431 -0.007959000 0.704529524 0.000647369 0.999945462 0.010421903 -1.541858912 0.007952683 -0.010426723 0.999914050 52.901550293
0.999973476 0.002134517 -0.006957508 0.703257799 -0.002063269 0.999945521 0.010231574 -1.502350807 0.006978968 -0.010216946 0.999923468 53.396011353
0.999970853 0.000592708 -0.007609356 0.728489816 -0.000515067 0.999947846 0.010201289 -1.538811922 0.007615006 -0.010197073 0.999918997 54.003253937
0.999971032 0.000854916 -0.007561688 0.695429206 -0.000773487 0.999941707 0.010765009 -1.564862967 0.007570452 -0.010758849 0.999913394 54.492053986
0.999970615 0.000595349 -0.007637270 0.702534437 -0.000514005 0.999943197 0.010648400 -1.567010164 0.007643175 -0.010644163 0.999914050 55.042407990
0.999970734 0.000397882 -0.007636837 0.705409825 -0.000317069 0.999943972 0.010580314 -1.581074953 0.007640618 -0.010577585 0.999914885 55.594558716
0.999977171 0.002439119 -0.006297966 0.721027732 -0.002374115 0.999944031 0.010308408 -1.554415464 0.006322756 -0.010293221 0.999927104 56.164466858
0.999975264 0.000919269 -0.006981089 0.700573325 -0.000844919 0.999942958 0.010645590 -1.602989554 0.006990477 -0.010639429 0.999918938 56.705451965
0.999972403 0.000918826 -0.007390843 0.737741411 -0.000840255 0.999943197 0.010626924 -1.611802816 0.007400187 -0.010620419 0.999916196 57.088268280
0.999967337 -0.000068426 -0.008084207 0.767280817 0.000155104 0.999942601 0.010721850 -1.606252551 0.008083007 -0.010722755 0.999909878 57.777492523
0.999973595 0.001239096 -0.007158349 0.738800526 -0.001158495 0.999936044 0.011252882 -1.684722185 0.007171832 -0.011244292 0.999911010 58.116756439
0.999974847 0.001241247 -0.006975412 0.746725559 -0.001160271 0.999932051 0.011600910 -1.695426106 0.006989337 -0.011592525 0.999908268 58.656772614
0.999974072 0.000854076 -0.007156579 0.761325717 -0.000769726 0.999930322 0.011780842 -1.706633806 0.007166141 -0.011775028 0.999904990 59.183536530
0.999972105 0.000951882 -0.007397240 0.790798426 -0.000864844 0.999930501 0.011760565 -1.723541260 0.007407920 -0.011753842 0.999903440 59.703098297
0.999969602 0.001157014 -0.007717077 0.805266023 -0.001067705 0.999932587 0.011566981 -1.723443031 0.007729939 -0.011558388 0.999903321 60.227729797
0.999967158 0.000799374 -0.008063992 0.798041821 -0.000703553 0.999929309 0.011878512 -1.750025272 0.008072915 -0.011872448 0.999896824 60.691497803
0.999965370 0.000635225 -0.008300710 0.817065656 -0.000540953 0.999935448 0.011354420 -1.755880594 0.008307386 -0.011349536 0.999901056 61.248802185
0.999965191 0.000935743 -0.008286174 0.848173380 -0.000835931 0.999927163 0.012041015 -1.772621512 0.008296837 -0.012033670 0.999893129 61.806858063
0.999973834 0.001729736 -0.007023563 0.811154544 -0.001646128 0.999927938 0.011892397 -1.812953949 0.007043627 -0.011880523 0.999904633 62.261695862
0.999974906 0.001810319 -0.006848006 0.812754691 -0.001728307 0.999926984 0.011962978 -1.823498845 0.006869162 -0.011950845 0.999905050 62.786205292
0.999971867 0.001958610 -0.007236129 0.817265153 -0.001875318 0.999932110 0.011499587 -1.829553962 0.007258161 -0.011485692 0.999907732 63.345256805
0.999975801 0.002806923 -0.006358360 0.806295276 -0.002730980 0.999925196 0.011921107 -1.840023637 0.006391346 -0.011903455 0.999908745 63.891231537
0.999972045 0.001575644 -0.007306863 0.858860195 -0.001487936 0.999926984 0.011993437 -1.872320294 0.007325227 -0.011982229 0.999901295 64.341285706
0.999973893 0.001909120 -0.006966517 0.826900840 -0.001832627 0.999938130 0.010969900 -1.838823080 0.006987029 -0.010956848 0.999915600 65.010131836
0.999970973 0.001603390 -0.007448287 0.871435046 -0.001513010 0.999925375 0.012124140 -1.891476393 0.007467171 -0.012112517 0.999898672 65.431907654
0.999970078 0.001563780 -0.007570580 0.881485820 -0.001467821 0.999918759 0.012664270 -1.914996743 0.007589769 -0.012652778 0.999891102 65.938865662
0.999968886 0.000622062 -0.007861542 0.888963401 -0.000523846 0.999921858 0.012489214 -1.919591308 0.007868697 -0.012484705 0.999891043 66.482185364
0.999972582 0.002267447 -0.007060750 0.866827488 -0.002183092 0.999926448 0.011931892 -1.889232039 0.007087286 -0.011916150 0.999903917 67.060325623
0.999974728 0.001383729 -0.006968301 0.856824279 -0.001297340 0.999922395 0.012386721 -1.899876118 0.006984901 -0.012377366 0.999899030 67.625167847
0.999971449 0.003040284 -0.006915770 0.863564193 -0.002953297 0.999916852 0.012553744 -2.000377417 0.006953362 -0.012532962 0.999897301 68.035789490
0.999971628 0.003646126 -0.006579560 0.875421226 -0.003563369 0.999914944 0.012546189 -2.015961170 0.006624745 -0.012522390 0.999899685 68.566871643
0.999972820 0.003217034 -0.006640231 0.882038176 -0.003136071 0.999921083 0.012167355 -2.016771078 0.006678850 -0.012146200 0.999903917 69.111412048
0.999973953 0.002887829 -0.006617871 0.879740417 -0.002805287 0.999918580 0.012448023 -2.022873878 0.006653280 -0.012429133 0.999900639 69.630607605
0.999972284 0.003309238 -0.006669329 0.880969584 -0.003225358 0.999916077 0.012548788 -2.028000355 0.006710296 -0.012526928 0.999899030 70.219306946
0.999973893 0.002423807 -0.006805532 0.895242453 -0.002338932 0.999919713 0.012451738 -2.037583828 0.006835167 -0.012435496 0.999899328 70.738624573
0.999975204 0.003339247 -0.006204219 0.893633366 -0.003262296 0.999918103 0.012372004 -2.053349972 0.006245025 -0.012351454 0.999904215 71.242820740
0.999971747 0.002988470 -0.006893673 0.912901759 -0.002900767 0.999915123 0.012697334 -2.062706947 0.006931034 -0.012676978 0.999895632 71.784446716
0.999972463 0.003364543 -0.006616788 0.927740932 -0.003279724 0.999912858 0.012788179 -2.083141088 0.006659237 -0.012766127 0.999896348 72.316207886
0.999972880 0.002924998 -0.006763705 0.934071600 -0.002839336 0.999916077 0.012640001 -2.091489077 0.006800109 -0.012620454 0.999897242 72.849983215
0.999974310 0.003660789 -0.006170011 0.923732400 -0.003583521 0.999915600 0.012488177 -2.094666958 0.006215207 -0.012465746 0.999903023 73.381423950
0.999974251 0.003010407 -0.006504437 0.950350285 -0.002926175 0.999912202 0.012920899 -2.127742052 0.006542764 -0.012901535 0.999895394 73.903434753
0.999971688 0.003864235 -0.006464053 0.955973387 -0.003781846 0.999912083 0.012709720 -2.112063408 0.006512599 -0.012684913 0.999898374 74.438079834
0.999972701 0.003196619 -0.006657311 0.964858294 -0.003111563 0.999913931 0.012747677 -2.142255783 0.006697487 -0.012726614 0.999896646 74.985336304
0.999973536 0.002128645 -0.006964099 0.980203807 -0.002036131 0.999909937 0.013264780 -2.160944939 0.006991707 -0.013250246 0.999887764 75.511764526
0.999971211 0.003007339 -0.006958124 0.991551459 -0.002915886 0.999909699 0.013116342 -2.161981821 0.006996941 -0.013095676 0.999889791 76.044487000
0.999974370 0.001876471 -0.006895999 0.980905592 -0.001786902 0.999914289 0.012971864 -2.165265799 0.006919750 -0.012959211 0.999892056 76.606964111
0.999973953 0.002942799 -0.006587240 1.002821684 -0.002856934 0.999911308 0.013006635 -2.173619986 0.006624932 -0.012987477 0.999893665 77.117713928
0.999973416 0.002768126 -0.006747898 1.009971380 -0.002682257 0.999915838 0.012701324 -2.185804605 0.006782489 -0.012682890 0.999896526 77.653335571
0.999973774 0.003266548 -0.006457307 1.014769316 -0.003186408 0.999918282 0.012382233 -2.187416077 0.006497226 -0.012361333 0.999902487 78.191955566
0.999976397 0.002773029 -0.006285674 1.021348834 -0.002694726 0.999919116 0.012431750 -2.192652702 0.006319640 -0.012414521 0.999902964 78.735671997
0.999983966 0.002840342 -0.004888489 1.031918049 -0.002781030 0.999922931 0.012097240 -2.196125984 0.004922473 -0.012083452 0.999914885 79.281417847
0.999989033 0.002880405 -0.003688253 1.041803122 -0.002834950 0.999920666 0.012270899 -2.209902287 0.003723306 -0.012260309 0.999917924 79.802803040
0.999993563 0.002970349 -0.001998125 1.054983497 -0.002945862 0.999921858 0.012148011 -2.208361864 0.002034054 -0.012142048 0.999924242 80.362846375
0.999993324 0.003333862 0.001488411 1.082753181 -0.003351541 0.999921858 0.012037515 -2.218250513 -0.001448164 -0.012042422 0.999926448 80.917144775
0.999978244 0.003510661 0.005586238 1.102216721 -0.003579857 0.999916375 0.012425318 -2.234392881 -0.005542149 -0.012445044 0.999907196 81.449874878
0.999959826 0.003308334 0.008331257 1.125560641 -0.003410337 0.999919176 0.012259187 -2.247782707 -0.008290025 -0.012287107 0.999890089 82.030967712
0.999887824 0.004924087 0.014145964 1.146074057 -0.005095180 0.999913990 0.012084338 -2.256130457 -0.014085243 -0.012155058 0.999826908 82.548347473
0.999823332 0.002724099 0.018598089 1.212845087 -0.002940112 0.999928415 0.011597324 -2.229980469 -0.018565163 -0.011649956 0.999759793 83.092102051
0.999709427 0.002217809 0.024004469 1.248934031 -0.002502447 0.999926805 0.011834146 -2.244302750 -0.023976469 -0.011890777 0.999641836 83.633552551
0.999543726 0.002366042 0.030112125 1.247354388 -0.002720983 0.999927163 0.011751816 -2.259682178 -0.030082127 -0.011828389 0.999477386 84.188568115
0.999283433 0.002355936 0.037779056 1.320128083 -0.002784347 0.999932349 0.011291305 -2.254324198 -0.037749894 -0.011388404 0.999222398 84.729034424
0.998983383 0.001371827 0.045058757 1.380459547 -0.001881735 0.999934793 0.011276030 -2.263935566 -0.045040347 -0.011349358 0.998920619 85.318031311
0.998673141 0.000633848 0.051491588 1.428700924 -0.001208497 0.999937415 0.011129675 -2.266318798 -0.051481299 -0.011177137 0.998611391 85.873947144
0.998109043 0.002331141 0.061423849 1.463067293 -0.002994533 0.999938130 0.010710394 -2.246118307 -0.061395086 -0.010874077 0.998054326 86.465614319
0.997460067 0.001443508 0.071214743 1.533854961 -0.002247522 0.999934733 0.011211160 -2.276330471 -0.071193904 -0.011342742 0.997398019 86.925964355
0.996842861 0.001476971 0.079385467 1.615110397 -0.002353672 0.999937236 0.010951164 -2.284678936 -0.079364292 -0.011103436 0.996783972 87.514762878
0.996122360 0.001453312 0.087966435 1.674029350 -0.002421477 0.999937654 0.010900356 -2.293716431 -0.087945096 -0.011071097 0.996063769 88.086135864
0.995173872 0.001331492 0.098118275 1.777822495 -0.002412523 0.999937713 0.010899817 -2.282329559 -0.098097630 -0.011083925 0.995115042 88.607711792
0.994096816 0.000317668 0.108496025 1.854986668 -0.001498901 0.999940515 0.010805961 -2.311070442 -0.108486108 -0.010904798 0.994038165 89.156669617
0.993101776 -0.000136256 0.117256604 1.966053009 -0.001115682 0.999943018 0.010611202 -2.307861805 -0.117251381 -0.010668823 0.993044972 89.728576660
0.991721511 -0.000089990 0.128407568 2.058665276 -0.001254748 0.999945223 0.010391482 -2.313340187 -0.128401473 -0.010466576 0.991667032 90.266029358
0.990055621 -0.000412365 0.140675738 2.146434784 -0.001115664 0.999941230 0.010783029 -2.321965933 -0.140671924 -0.010832746 0.989996970 90.817581177
0.988485217 -0.000565587 0.151316538 2.254444122 -0.001060702 0.999942541 0.010666664 -2.337714434 -0.151313886 -0.010704339 0.988427937 91.359970093
0.986898661 -0.001146932 0.161336958 2.376394272 -0.000571523 0.999943554 0.010604532 -2.346848488 -0.161340028 -0.010557807 0.986842334 91.899971008
0.984741032 -0.001466244 0.174019754 2.501313210 -0.000370161 0.999944508 0.010519932 -2.360998631 -0.174025536 -0.010423824 0.984685898 92.423400879
0.982335329 -0.000985783 0.187126249 2.621145248 -0.000991572 0.999944627 0.010473063 -2.358187914 -0.187126175 -0.010473609 0.982280016 92.974922180
0.980385244 -0.001066802 0.197087735 2.754231453 -0.000977687 0.999946654 0.010275912 -2.361045361 -0.197088152 -0.010267040 0.980332017 93.500053406
0.977627456 -0.001177966 0.210340291 2.886049271 -0.001048082 0.999944627 0.010471295 -2.373950481 -0.210340932 -0.010457478 0.977572262 94.041976929
0.974548697 -0.000907558 0.224174052 3.024414062 -0.001536215 0.999941289 0.010726579 -2.382419586 -0.224170625 -0.010797953 0.974490106 94.562301636
0.971973896 -0.001712536 0.235082656 3.175174713 -0.000673584 0.999949098 0.010069458 -2.388405800 -0.235087916 -0.009945598 0.971923232 95.074157715
0.969054639 -0.002499612 0.246833563 3.336956024 0.000072767 0.999951601 0.009840537 -2.393415451 -0.246846229 -0.009518057 0.969007909 95.595481873
0.965344965 -0.002465850 0.260965258 3.497333527 0.000001386 0.999955475 0.009443410 -2.395476818 -0.260976881 -0.009115786 0.965302050 96.137992859
0.961955428 -0.002697421 0.273193002 3.678325653 -0.000033416 0.999950111 0.009990848 -2.413913965 -0.273206383 -0.009619880 0.961907327 96.635360718
0.958778977 -0.003591325 0.284130096 3.862085342 0.000793907 0.999950111 0.009960106 -2.419664383 -0.284151584 -0.009323967 0.958734155 97.156265259
0.954554200 -0.003781127 0.298013777 4.050403595 0.000723194 0.999945939 0.010370644 -2.430902243 -0.298036903 -0.009683819 0.954505265 97.679931641
0.950108945 -0.003703904 0.311896175 4.252195358 0.000684498 0.999951780 0.009789724 -2.437155247 -0.311917424 -0.009087811 0.950065732 98.199768066
0.946361542 -0.004911719 0.323072255 4.448282242 0.001813913 0.999949455 0.009888972 -2.443709850 -0.323104501 -0.008772518 0.946322620 98.703933716
0.941951096 -0.004638651 0.335718036 4.661567688 0.001370394 0.999949276 0.009971377 -2.457538605 -0.335747242 -0.008932484 0.941909730 99.215660095
0.936786473 -0.005293333 0.349861860 4.870306015 0.001945762 0.999948859 0.009919054 -2.461779356 -0.349896550 -0.008611286 0.936748683 99.726333618
0.932192385 -0.006023252 0.361913025 5.102771759 0.002592767 0.999947011 0.009963653 -2.475076199 -0.361953855 -0.008349685 0.932158589 100.254730225
0.927782893 -0.005245419 0.373083502 5.307165146 0.001592837 0.999947727 0.010097844 -2.483079433 -0.373116910 -0.008774348 0.927742779 100.733192444
0.922380567 -0.006251836 0.386231899 5.548574448 0.002602669 0.999946833 0.009970317 -2.489099503 -0.386273652 -0.008191192 0.922347844 101.242607117
0.916644394 -0.006263989 0.399654567 5.787006378 0.002504351 0.999947548 0.009928726 -2.494860649 -0.399695873 -0.008100236 0.916612029 101.745796204
0.911670148 -0.006753617 0.410867155 6.038379669 0.003057164 0.999948680 0.009653105 -2.505079031 -0.410911292 -0.007544361 0.911644101 102.245315552
0.905165017 -0.006492886 0.425010741 6.292297363 0.002612165 0.999949336 0.009712973 -2.502596378 -0.425052315 -0.007681645 0.905136168 102.743858337
0.898515224 -0.007028840 0.438886344 6.562812805 0.003028734 0.999947369 0.009813715 -2.513698101 -0.438932240 -0.007488501 0.898489118 103.224060059
0.892547667 -0.007772291 0.450886011 6.837776184 0.003694042 0.999943912 0.009924340 -2.522672653 -0.450937837 -0.007192355 0.892526388 103.714363098
0.887094259 -0.008527923 0.461509556 7.113407135 0.004375936 0.999939859 0.010065969 -2.530447721 -0.461567611 -0.006909928 0.887078106 104.184242249
0.880096316 -0.008830730 0.474713355 7.395732880 0.004881641 0.999942422 0.009550838 -2.535166264 -0.474770397 -0.006088276 0.880088627 104.656219482
0.873287618 -0.009277258 0.487116665 7.677261353 0.005111665 0.999938130 0.009880035 -2.544808626 -0.487178236 -0.006138134 0.873281002 105.111183167
