1.000000000 0.000000000 0.000000000 0.000000000 0.000000000 1.000000000 0.000000000 0.000000000 0.000000000 0.000000000 1.000000000 0.000000000
0.999999940 -0.000319891 0.000046080 0.000274052 0.000319890 0.999999940 0.000012793 0.000294170 -0.000046084 -0.000012778 1.000000000 -0.000109515
1.000000000 -0.000118755 0.000135226 -0.000634800 0.000118731 1.000000000 0.000177079 -0.000419001 -0.000135247 -0.000177063 1.000000000 0.000298832
1.000000000 -0.000098608 0.000015985 0.000277527 0.000098606 1.000000000 0.000098352 0.000120115 -0.000015995 -0.000098350 1.000000000 0.000035004
1.000000000 -0.000038400 0.000043381 0.000372562 0.000038397 1.000000000 0.000057269 -0.000745160 -0.000043383 -0.000057268 1.000000000 -0.000689456
0.999999940 -0.000294105 0.000070470 0.000099029 0.000294105 0.999999940 -0.000005081 0.000175600 -0.000070468 0.000005102 1.000000000 -0.000811988
0.999999881 -0.000418146 0.000104291 -0.000197028 0.000418141 0.999999940 0.000041765 -0.000067393 -0.000104308 -0.000041721 1.000000000 0.000124522
0.999999940 -0.000321623 0.000096283 0.000512730 0.000321606 0.999999940 0.000174309 -0.000665237 -0.000096339 -0.000174278 1.000000000 0.001300322
1.000000000 -0.000120962 0.000118807 -0.000023831 0.000120963 1.000000000 -0.000008331 0.000821270 -0.000118806 0.000008345 1.000000000 0.000947752
1.000000000 -0.000006809 0.000151256 -0.000801237 0.000006807 1.000000000 0.000011883 -0.000112374 -0.000151256 -0.000011882 1.000000000 -0.000506144
1.000000000 -0.000190789 0.000066562 0.001113841 0.000190785 1.000000000 0.000048472 0.000402605 -0.000066572 -0.000048459 1.000000000 -0.000718914
1.000000000 -0.000065709 -0.000015366 0.001090362 0.000065709 1.000000000 -0.000024823 -0.000231818 0.000015368 0.000024822 1.000000000 -0.002130831
1.000000000 0.000017072 0.000047855 0.000662479 -0.000017066 1.000000000 -0.000124425 0.001948263 -0.000047857 0.000124424 1.000000000 0.000773091
1.000000000 -0.000064966 0.000076098 -0.000563875 0.000064964 1.000000000 0.000024279 0.000649092 -0.000076100 -0.000024274 1.000000000 -0.000074090
1.000000000 0.000131005 0.000124002 -0.000755452 -0.000130988 1.000000000 -0.000138486 0.001261492 -0.000124020 0.000138470 1.000000000 -0.000076950
1.000000000 -0.000125273 0.000021282 0.000551845 0.000125270 1.000000000 0.000114337 0.000137980 -0.000021297 -0.000114335 1.000000000 -0.000063554
0.999999940 -0.000400153 0.000013649 0.000108154 0.000400151 0.999999881 0.000157612 -0.000382895 -0.000013712 -0.000157607 1.000000000 -0.000690200
0.999999940 -0.000279845 0.000034097 0.000155685 0.000279842 0.999999940 0.000093084 -0.000917697 -0.000034123 -0.000093075 1.000000000 -0.001649610
1.000000000 0.000063946 0.000109040 -0.000238434 -0.000063954 1.000000000 0.000074448 -0.000222378 -0.000109035 -0.000074455 1.000000000 -0.001215775
1.000000000 0.000232038 0.000000507 -0.000179789 -0.000232038 0.999999940 0.000120707 -0.000098174 -0.000000479 -0.000120707 1.000000000 -0.000332638
1.000000000 -0.000144893 -0.000037150 0.000704216 0.000144897 1.000000000 0.000122630 0.000182128 0.000037132 -0.000122636 1.000000000 -0.000638515
1.000000000 -0.000040745 0.000076301 -0.000306291 0.000040736 1.000000000 0.000115903 -0.000255441 -0.000076306 -0.000115900 1.000000000 -0.000655798
1.000000000 -0.000151856 0.000031112 0.000451491 0.000151851 1.000000000 0.000152153 -0.000509460 -0.000031135 -0.000152149 1.000000000 -0.001493011
0.999999940 -0.000239230 0.000101316 0.000826933 0.000239230 1.000000000 0.000005332 0.000861750 -0.000101317 -0.000005308 1.000000000 0.000721729
1.000000000 0.000118539 0.000118830 0.000085352 -0.000118551 1.000000000 0.000097716 0.000318770 -0.000118819 -0.000097731 1.000000000 0.000574035
1.000000000 -0.000100744 0.000006965 0.001786376 0.000100743 1.000000000 0.000102934 0.000542208 -0.000006975 -0.000102933 1.000000000 -0.001270553
0.999999940 -0.000235751 0.000076722 0.000401550 0.000235749 1.000000000 0.000030678 0.000117203 -0.000076730 -0.000030660 1.000000000 -0.001926303
1.000000000 -0.000213048 0.000000301 -0.000059110 0.000213048 1.000000000 0.000013380 -0.000067088 -0.000000304 -0.000013380 1.000000000 -0.001930367
0.999999940 0.000203784 0.000173973 -0.001229883 -0.000203810 0.999999940 0.000147701 0.000527852 -0.000173943 -0.000147737 1.000000000 0.001215369
1.000000000 -0.000020511 -0.000005872 0.000449513 0.000020511 1.000000000 0.000144148 -0.000137756 0.000005869 -0.000144149 1.000000000 -0.000981812
0.999999940 -0.000209937 0.000202694 -0.000820395 0.000209931 1.000000000 0.000029374 0.000429825 -0.000202700 -0.000029332 1.000000000 -0.000172881
1.000000000 -0.000140445 0.000183279 -0.000932349 0.000140417 1.000000000 0.000153539 -0.000528484 -0.000183301 -0.000153513 1.000000000 -0.001024715
1.000000000 0.000015769 0.000101920 -0.000462546 -0.000015788 1.000000000 0.000183929 -0.001289784 -0.000101917 -0.000183931 1.000000000 -0.002095925
1.000000000 -0.000084952 0.000143238 -0.000318676 0.000084961 1.000000000 -0.000065289 0.000809263 -0.000143232 0.000065301 1.000000000 -0.000993365
1.000000000 -0.000144927 0.000112559 -0.000209046 0.000144925 1.000000000 0.000017548 0.000358278 -0.000112562 -0.000017532 1.000000000 -0.000719037
1.000000000 0.000105232 0.000089557 0.000080738 -0.000105247 1.000000000 0.000169610 -0.000000772 -0.000089540 -0.000169619 1.000000000 -0.001109350
0.999999940 -0.000218383 0.000129815 0.000548610 0.000218385 1.000000000 -0.000019675 0.001660612 -0.000129811 0.000019704 1.000000000 -0.000115020
1.000000000 -0.000120807 0.000101771 -0.000449943 0.000120793 1.000000000 0.000136005 0.000801478 -0.000101787 -0.000135992 1.000000000 0.001003372
1.000000000 0.000005356 0.000142805 -0.000414875 -0.000005365 1.000000000 0.000061110 0.000173658 -0.000142805 -0.000061111 1.000000000 -0.000825156
1.000000000 0.000094448 0.000204135 -0.001109125 -0.000094469 1.000000000 0.000102162 -0.000046231 -0.000204126 -0.000102181 1.000000000 -0.000485370
0.999999940 -0.000004469 0.000302141 -0.000784327 0.000004522 1.000000000 -0.000173776 0.001407140 -0.000302140 0.000173777 0.999999940 0.002193225
0.999999762 -0.000230885 0.000667663 -0.009273330 0.000231339 0.999999762 -0.000680066 -0.001209229 -0.000667506 0.000680220 0.999999523 0.046969000
0.999999881 -0.000190045 0.000448825 -0.007186155 0.000190613 0.999999166 -0.001265369 -0.003264976 -0.000448584 0.001265454 0.999999106 0.134945154
0.999999762 0.000476935 0.000358954 -0.004865559 -0.000476406 0.999998808 -0.001474284 -0.005970762 -0.000359657 0.001474113 0.999998868 0.254354894
0.999999940 -0.000311086 0.000207361 0.004456001 0.000311449 0.999998331 -0.001750441 -0.007705320 -0.000206816 0.001750505 0.999998391 0.385313958
1.000000000 -0.000106929 0.000230152 0.006868028 0.000107350 0.999998271 -0.001829324 -0.010954862 -0.000229956 0.001829349 0.999998331 0.522649586
1.000000000 -0.000174584 0.000124512 0.010689017 0.000174810 0.999998331 -0.001819055 -0.017324187 -0.000124194 0.001819077 0.999998331 0.672985196
0.999999642 -0.000809251 0.000115445 0.004417664 0.000809363 0.999999166 -0.000979717 -0.028480297 -0.000114652 0.000979810 0.999999523 0.845716298
0.999999940 -0.000271393 -0.000090816 0.015010653 0.000271289 0.999999225 -0.001144544 -0.029222365 0.000091127 0.001144519 0.999999344 1.004420280
0.999999583 -0.000816567 -0.000406802 0.026884615 0.000816302 0.999999464 -0.000650564 -0.033119280 0.000407333 0.000650232 0.999999702 1.205426574
0.999999106 -0.001194477 -0.000527434 0.033583593 0.001194177 0.999999166 -0.000569411 -0.037585847 0.000528114 0.000568781 0.999999702 1.390161872
0.999999523 -0.000392430 0.000895193 0.013009520 0.000393243 0.999999523 -0.000909053 -0.043627311 -0.000894836 0.000909404 0.999999166 1.566890001
0.999999702 -0.000336360 0.000710643 0.019255724 0.000336934 0.999999642 -0.000808644 -0.046671811 -0.000710371 0.000808883 0.999999344 1.768039465
0.999999940 0.000394883 -0.000131660 0.036190640 -0.000394995 0.999999583 -0.000850360 -0.052602842 0.000131324 0.000850413 0.999999642 1.964599848
0.999999821 0.000390446 0.000450900 0.036798265 -0.000390159 0.999999702 -0.000637148 -0.061330777 -0.000451149 0.000636971 0.999999702 2.168618202
0.999999285 0.000713508 0.000962201 0.018472018 -0.000712801 0.999999404 -0.000735023 -0.062185571 -0.000962725 0.000734336 0.999999285 2.385379314
0.999999523 0.000716131 0.000692071 0.040004440 -0.000715910 0.999999702 -0.000319754 -0.072142929 -0.000692300 0.000319258 0.999999702 2.604764223
0.999999702 0.000449808 0.000631835 0.045543898 -0.000449768 0.999999821 -0.000063967 -0.078481309 -0.000631864 0.000063682 0.999999762 2.840998173
0.999999762 0.000593640 0.000315250 0.047141626 -0.000593647 0.999999821 0.000019221 -0.091246516 -0.000315238 -0.000019408 0.999999940 3.075704575
1.000000000 -0.000128211 0.000106573 0.060006659 0.000128296 0.999999702 -0.000795503 -0.087730132 -0.000106471 0.000795517 0.999999702 3.329203367
0.999999940 0.000013826 0.000277094 0.064501330 -0.000013695 0.999999821 -0.000472437 -0.101850554 -0.000277101 0.000472433 0.999999821 3.571599245
0.999999762 -0.000643281 -0.000066497 0.070680141 0.000643229 0.999999404 -0.000769292 -0.105304599 0.000066991 0.000769249 0.999999642 3.824201345
0.999999821 0.000048395 0.000544179 0.067627899 -0.000047942 0.999999583 -0.000833232 -0.109920196 -0.000544219 0.000833206 0.999999523 4.092289448
0.999999225 0.000916654 0.000873517 0.071675077 -0.000916458 0.999999583 -0.000224986 -0.120016344 -0.000873723 0.000224185 0.999999583 4.339613914
0.999999821 0.000443237 0.000197274 0.087435417 -0.000443167 0.999999821 -0.000353531 -0.124909543 -0.000197430 0.000353444 0.999999940 4.585169315
0.999999881 0.000278763 0.000265614 0.091705680 -0.000278685 0.999999881 -0.000293355 -0.133465141 -0.000265695 0.000293281 0.999999940 4.839984894
0.999999523 0.000706145 0.000674553 0.094765842 -0.000706021 0.999999762 -0.000183099 -0.140870050 -0.000674682 0.000182623 0.999999762 5.115450859
0.999999702 0.000410368 0.000623839 0.103678085 -0.000410054 0.999999821 -0.000503000 -0.144806996 -0.000624045 0.000502744 0.999999762 5.390416622
0.999999583 0.000476971 0.000753429 0.106859639 -0.000476941 0.999999881 -0.000039014 -0.155374303 -0.000753447 0.000038655 0.999999642 5.654349327
0.999999881 -0.000328454 0.000198408 0.117383599 0.000328367 0.999999821 0.000438969 -0.169351816 -0.000198553 -0.000438904 0.999999821 5.920874596
0.999999881 0.000163787 0.000420384 0.125408083 -0.000163872 0.999999940 0.000201029 -0.176724091 -0.000420352 -0.000201098 0.999999821 6.191618919
0.999999881 0.000168039 0.000479575 0.128243595 -0.000168048 0.999999940 0.000020374 -0.181399837 -0.000479572 -0.000020455 0.999999821 6.471585274
0.999999821 0.000347931 0.000492048 0.139687538 -0.000348007 0.999999881 0.000153115 -0.192095503 -0.000491995 -0.000153286 0.999999881 6.769822598
0.999999821 0.000323018 0.000551555 0.143572599 -0.000323062 0.999999940 0.000079210 -0.203559890 -0.000551529 -0.000079388 0.999999762 7.054037094
0.999999702 0.000517636 0.000541189 0.147864521 -0.000517716 0.999999881 0.000148722 -0.209952042 -0.000541112 -0.000149003 0.999999821 7.356997013
0.999999285 0.000764057 0.000929516 0.153124645 -0.000764495 0.999999523 0.000471227 -0.225070715 -0.000929156 -0.000471937 0.999999464 7.658234119
0.999999285 0.000574794 0.001075300 0.159432665 -0.000575362 0.999999642 0.000528218 -0.234697834 -0.001074996 -0.000528836 0.999999225 7.966487408
0.999998748 0.000704401 0.001401197 0.160918579 -0.000704842 0.999999642 0.000314290 -0.241777614 -0.001400975 -0.000315278 0.999998927 8.287067413
0.999998569 0.000796272 0.001451519 0.166648731 -0.000796952 0.999999583 0.000467972 -0.256674945 -0.001451146 -0.000469128 0.999998808 8.605844498
0.999998510 0.000836978 0.001515783 0.170520931 -0.000837962 0.999999464 0.000648853 -0.262411594 -0.001515239 -0.000650122 0.999998629 8.965699196
0.999998391 0.001039880 0.001470354 0.182821333 -0.001040537 0.999999344 0.000446049 -0.270023376 -0.001469888 -0.000447578 0.999998748 9.295702934
0.999997854 0.000980460 0.001813822 0.188494146 -0.000981210 0.999999344 0.000412993 -0.280516952 -0.001813416 -0.000414772 0.999998271 9.635740280
0.999999464 0.000300649 0.000970729 0.203296348 -0.000301175 0.999999821 0.000541942 -0.289118439 -0.000970566 -0.000542234 0.999999404 9.986932755
0.999998868 0.000689797 0.001287157 0.209278852 -0.000690712 0.999999523 0.000710352 -0.304105014 -0.001286666 -0.000711240 0.999998868 10.340833664
0.999999464 0.000159897 0.001030697 0.218314633 -0.000160604 0.999999762 0.000685465 -0.312879235 -0.001030587 -0.000685630 0.999999166 10.691949844
0.999998987 0.000500253 0.001334814 0.220912725 -0.000501112 0.999999642 0.000644203 -0.319489837 -0.001334492 -0.000644871 0.999998927 11.060199738
0.999998868 0.000746543 0.001328527 0.232888728 -0.000747830 0.999999225 0.000968141 -0.338304132 -0.001327803 -0.000969133 0.999998629 11.423415184
0.999998093 0.000944784 0.001710777 0.237241060 -0.000946794 0.999998868 0.001174459 -0.350747645 -0.001709666 -0.001176077 0.999997854 11.800774574
0.999997199 0.001059774 0.002122876 0.235495821 -0.001062404 0.999998629 0.001237950 -0.362250805 -0.002121562 -0.001240202 0.999996901 12.182893753
0.999998271 0.000018845 0.001853100 0.250088185 -0.000020682 0.999999464 0.000991335 -0.372266263 -0.001853081 -0.000991371 0.999997795 12.577557564
0.999998331 0.000051549 0.001826336 0.257023185 -0.000053221 0.999999583 0.000915472 -0.376614749 -0.001826288 -0.000915568 0.999997854 12.972272873
0.999996781 0.000917824 0.002354954 0.261298984 -0.000919834 0.999999225 0.000852482 -0.391348720 -0.002354170 -0.000854645 0.999996841 13.370721817
0.999998212 -0.000082116 0.001885500 0.276580751 0.000080367 0.999999583 0.000927766 -0.401704013 -0.001885575 -0.000927613 0.999997795 13.790239334
0.999996006 0.001085301 0.002596607 0.276672006 -0.001087871 0.999998868 0.000988808 -0.413755119 -0.002595532 -0.000991629 0.999996126 14.201304436
0.999996483 0.000371938 0.002619003 0.289642245 -0.000375898 0.999998808 0.001511524 -0.428208679 -0.002618438 -0.001512503 0.999995410 14.618608475
0.999995530 0.000993629 0.002801402 0.300743014 -0.000996019 0.999999106 0.000852033 -0.433938891 -0.002800553 -0.000854819 0.999995708 15.065287590
0.999996424 0.000503865 0.002624153 0.316091895 -0.000507835 0.999998748 0.001512341 -0.452851623 -0.002623388 -0.001513668 0.999995410 15.500188828
0.999994457 -0.000134899 0.003319712 0.320680648 0.000130038 0.999998868 0.001464557 -0.462657303 -0.003319906 -0.001464117 0.999993443 15.949582100
0.999993861 0.000160686 0.003501073 0.331409514 -0.000165340 0.999999046 0.001329215 -0.472857773 -0.003500857 -0.001329786 0.999992967 16.408710480
0.999992549 -0.000466968 0.003838021 0.337933898 0.000463167 0.999999404 0.000991390 -0.483140767 -0.003838481 -0.000989605 0.999992132 16.854719162
0.999992609 0.000190180 0.003833408 0.352523535 -0.000195705 0.999998927 0.001440821 -0.501869500 -0.003833130 -0.001441561 0.999991596 17.299589157
0.999992430 0.000125280 0.003925241 0.364307672 -0.000131098 0.999998808 0.001482268 -0.512253106 -0.003925053 -0.001482771 0.999991119 17.757358551
0.999994397 0.000152848 0.003377537 0.381301701 -0.000156910 0.999999225 0.001202390 -0.527504325 -0.003377352 -0.001202913 0.999993563 18.225349426
0.999992490 -0.000598037 0.003830209 0.393881261 0.000591814 0.999998510 0.001625816 -0.537302315 -0.003831176 -0.001623537 0.999991357 18.703573227
0.999992371 -0.000178821 0.003891328 0.407881618 0.000171577 0.999998271 0.001861894 -0.555715084 -0.003891654 -0.001861212 0.999990761 19.169336319
0.999992549 -0.001073737 0.003715844 0.418939799 0.001065357 0.999996901 0.002256217 -0.575490177 -0.003718255 -0.002252241 0.999990523 19.684169769
0.999994516 -0.001032198 0.003149284 0.440287977 0.001025150 0.999996960 0.002238790 -0.589875400 -0.003151585 -0.002235550 0.999992490 20.170005798
0.999993324 -0.001182680 0.003457958 0.442998230 0.001174460 0.999996483 0.002378056 -0.606547058 -0.003460759 -0.002373978 0.999991179 20.674932480
0.999995530 -0.001253154 0.002724588 0.462127864 0.001247289 0.999996901 0.002153136 -0.615961432 -0.002727278 -0.002149728 0.999993980 21.180631638
0.999997556 -0.001206684 0.001832703 0.475825906 0.001203369 0.999997616 0.001808933 -0.623245358 -0.001834881 -0.001806724 0.999996662 21.684612274
0.999997735 -0.001673022 0.001259224 0.486152351 0.001669874 0.999995470 0.002496958 -0.647325635 -0.001263396 -0.002494850 0.999996066 22.195707321
0.999998808 -0.001260685 0.000862563 0.494990826 0.001259131 0.999997616 0.001798908 -0.651211560 -0.000864829 -0.001797820 0.999997973 22.720920563
0.999998629 -0.001591464 -0.000500751 0.513658881 0.001592725 0.999995470 0.002526799 -0.671320319 0.000496727 -0.002527593 0.999996662 23.228595734
0.999997437 -0.001666918 -0.001532461 0.527797282 0.001669356 0.999997258 0.001591327 -0.669783771 0.001529804 -0.001593882 0.999997497 23.743288040
0.999992073 -0.003178943 -0.002398661 0.534624934 0.003182912 0.999993563 0.001652707 -0.691748738 0.002393392 -0.001660329 0.999995768 24.269594193
0.999996066 -0.002014957 -0.001917547 0.521479428 0.002019423 0.999995232 0.002329963 -0.703878284 0.001912843 -0.002333826 0.999995470 24.820425034
0.999993324 -0.001958906 -0.003090065 0.541122675 0.001965540 0.999995768 0.002145525 -0.723095536 0.003085849 -0.002151585 0.999992907 25.326951981
0.999990702 -0.002424986 -0.003567124 0.546191931 0.002431625 0.999995291 0.001857916 -0.740092278 0.003562602 -0.001866572 0.999991894 25.892150879
0.999992847 -0.001505319 -0.003476382 0.550112784 0.001510399 0.999997795 0.001459080 -0.753492296 0.003474178 -0.001464321 0.999992847 26.439392090
0.999991417 -0.001572001 -0.003833519 0.563801706 0.001584033 0.999993801 0.003137690 -0.772788167 0.003828563 -0.003143735 0.999987721 26.997444153
0.999984980 -0.002362409 -0.004950403 0.574075878 0.002375628 0.999993622 0.002666057 -0.783793449 0.004944075 -0.002677778 0.999984145 27.548322678
0.999984205 -0.001754439 -0.005337963 0.590889335 0.001769609 0.999994397 0.002838443 -0.803034782 0.005332953 -0.002847845 0.999981701 28.093742371
0.999978900 -0.001884086 -0.006220101 0.601720095 0.001898671 0.999995470 0.002339774 -0.814198375 0.006215665 -0.002351535 0.999977946 28.613557816
0.999977708 -0.002150473 -0.006307306 0.608694553 0.002164064 0.999995351 0.002148831 -0.829020679 0.006302656 -0.002162434 0.999977767 29.169729233
0.999980807 -0.001615157 -0.005982230 0.600344658 0.001632476 0.999994457 0.002891327 -0.842605054 0.005977528 -0.002901037 0.999977946 29.707162857
0.999979794 -0.000339882 -0.006351630 0.604722440 0.000360264 0.999994814 0.003207945 -0.864732504 0.006350506 -0.003210168 0.999974608 30.258388519
0.999979377 -0.000754989 -0.006364300 0.612434864 0.000776358 0.999993980 0.003355826 -0.880843163 0.006361729 -0.003360699 0.999974132 30.820207596
0.999972880 -0.001253008 -0.007253197 0.624395370 0.001278069 0.999993205 0.003451636 -0.895930767 0.007248823 -0.003460813 0.999967754 31.338500977
0.999977171 -0.001063906 -0.006675521 0.622251272 0.001085393 0.999994218 0.003216097 -0.912812948 0.006672061 -0.003223269 0.999972522 31.881763458
0.999974847 -0.001613211 -0.006910753 0.632194042 0.001632382 0.999994814 0.002769361 -0.924612164 0.006906249 -0.002780572 0.999972284 32.427833557
0.999974072 -0.000981163 -0.007135727 0.633031368 0.001003233 0.999994695 0.003090095 -0.937004745 0.007132658 -0.003097174 0.999969780 32.978267670
0.999966979 -0.001890894 -0.007898894 0.642278969 0.001912991 0.999994278 0.002790821 -0.952640414 0.007893572 -0.002805840 0.999964833 33.522026062
0.999958694 -0.001811714 -0.008909671 0.653104365 0.001834983 0.999994934 0.002604237 -0.966945767 0.008904906 -0.002620479 0.999956846 34.065135956
0.999956548 -0.002174275 -0.009055607 0.663102150 0.002200260 0.999993622 0.002860600 -0.982786536 0.009049328 -0.002880401 0.999954879 34.615715027
0.999957740 -0.002133598 -0.008933041 0.669807792 0.002159393 0.999993443 0.002878900 -0.999220431 0.008926841 -0.002898068 0.999955893 35.167537689
0.999958277 -0.002263267 -0.008852433 0.673958898 0.002285357 0.999994218 0.002486035 -1.011336327 0.008846757 -0.002506161 0.999957681 35.709594727
0.999948978 -0.002499815 -0.009789742 0.685940385 0.002528407 0.999992549 0.002909313 -1.030922651 0.009782398 -0.002933917 0.999947846 36.266422272
0.999958515 -0.002554566 -0.008741166 0.685112298 0.002581265 0.999992013 0.003044618 -1.045496106 0.008733318 -0.003067055 0.999957144 36.821819305
0.999950886 -0.002487964 -0.009595913 0.694307327 0.002515388 0.999992728 0.002846854 -1.054205060 0.009588762 -0.002870850 0.999949932 37.372673035
0.999950528 -0.001632033 -0.009811519 0.700739264 0.001659325 0.999994755 0.002774222 -1.070493340 0.009806940 -0.002790364 0.999948025 37.933879852
0.999955535 -0.001921650 -0.009243954 0.701683700 0.001953464 0.999992132 0.003433814 -1.096438646 0.009237285 -0.003451719 0.999951363 38.465736389
0.999955356 -0.001422878 -0.009340204 0.701907337 0.001454224 0.999993265 0.003350073 -1.110833049 0.009335376 -0.003363506 0.999950707 39.000049591
0.999950886 -0.001508477 -0.009797337 0.714378357 0.001535579 0.999994993 0.002759311 -1.117143393 0.009793124 -0.002774220 0.999948204 39.555347443
0.999953389 -0.002237653 -0.009389549 0.727676332 0.002271970 0.999990702 0.003645728 -1.141637206 0.009381305 -0.003666891 0.999949217 40.089599609
0.999946952 -0.002355747 -0.010019748 0.737561285 0.002391873 0.999990702 0.003595080 -1.157661319 0.010011187 -0.003618856 0.999943316 40.625679016
0.999957561 -0.001098518 -0.009148434 0.728763282 0.001123909 0.999995470 0.002770801 -1.157992482 0.009145349 -0.002780966 0.999954343 41.195175171
0.999946535 -0.001652064 -0.010199078 0.745292485 0.001686871 0.999992728 0.003405025 -1.175080299 0.010193381 -0.003422049 0.999942124 41.742160797
0.999946773 -0.002088445 -0.010100710 0.741885543 0.002119186 0.999993145 0.003033802 -1.194207907 0.010094304 -0.003055046 0.999944329 42.293098450
0.999934435 -0.002687774 -0.011125870 0.749644518 0.002716125 0.999993086 0.002533949 -1.197014332 0.011118981 -0.002564002 0.999934912 42.853504181
0.999933064 -0.002058464 -0.011380799 0.757780313 0.002089363 0.999994159 0.002703815 -1.207976580 0.011375165 -0.002727413 0.999931574 43.419864655
0.999933124 -0.002243589 -0.011343765 0.753975749 0.002280299 0.999992192 0.003224259 -1.230414152 0.011336442 -0.003249911 0.999930441 43.952846527
0.999926209 -0.003240454 -0.011710109 0.763490021 0.003279947 0.999988973 0.003354905 -1.244469285 0.011699109 -0.003393066 0.999925733 44.493103027
0.999920666 -0.003159421 -0.012195556 0.770044804 0.003199778 0.999989450 0.003291067 -1.257505774 0.012185033 -0.003329829 0.999920130 45.050224304
0.999925971 -0.002947074 -0.011805084 0.771239638 0.002977980 0.999992311 0.002601296 -1.258577466 0.011797324 -0.002636258 0.999926925 45.612342834
0.999927759 -0.002655587 -0.011720820 0.775441170 0.002686454 0.999992907 0.002618579 -1.270775676 0.011713783 -0.002649877 0.999927878 46.163162231
0.999924541 -0.003077649 -0.011894255 0.776642799 0.003112807 0.999990821 0.002938519 -1.290587783 0.011885102 -0.002975321 0.999924958 46.700084686
0.999931633 -0.002658078 -0.011389388 0.774678290 0.002687836 0.999993026 0.002598229 -1.300698400 0.011382402 -0.002628664 0.999931753 47.258686066
0.999931872 -0.002614512 -0.011377960 0.776034474 0.002639645 0.999994099 0.002194390 -1.305822849 0.011372155 -0.002224275 0.999932826 47.826915741
0.999928474 -0.002427587 -0.011713646 0.784024000 0.002457025 0.999993861 0.002499376 -1.325206757 0.011707505 -0.002527978 0.999928296 48.379093170
0.999926805 -0.002696568 -0.011795647 0.793618739 0.002722827 0.999993801 0.002210624 -1.334816694 0.011789614 -0.002242579 0.999927998 48.931095123
0.999931216 -0.002754866 -0.011394602 0.795106113 0.002778269 0.999993980 0.002038577 -1.352168202 0.011388920 -0.002070094 0.999933004 49.472152710
0.999932706 -0.002600617 -0.011302755 0.799761355 0.002624833 0.999994218 0.002128232 -1.363382697 0.011297158 -0.002157757 0.999933779 50.026229858
0.999935508 -0.002065267 -0.011168991 0.803340793 0.002088633 0.999995589 0.002080737 -1.372698188 0.011164643 -0.002103931 0.999935448 50.556495667
0.999943435 -0.001994487 -0.010449356 0.797148943 0.002019766 0.999995053 0.002409253 -1.396995425 0.010444500 -0.002430222 0.999942482 51.084186554
0.999947786 -0.001876548 -0.010047433 0.808197081 0.001899386 0.999995649 0.002263968 -1.405588388 0.010043141 -0.002282933 0.999946952 51.627593994
0.999953568 -0.001337238 -0.009545323 0.800300658 0.001360824 0.999996066 0.002464832 -1.418332815 0.009541988 -0.002477707 0.999951363 52.175430298
0.999961078 -0.001110514 -0.008752026 0.805917501 0.001129798 0.999996960 0.002198715 -1.431946993 0.008749557 -0.002208518 0.999959290 52.719047546
0.999959290 -0.000946133 -0.008963964 0.813298464 0.000964276 0.999997497 0.002019839 -1.440570354 0.008962031 -0.002028401 0.999957740 53.251411438
0.999967337 0.000343000 -0.008069439 0.813403010 -0.000322530 0.999996722 0.002537963 -1.470556617 0.008070283 -0.002535278 0.999964178 53.777118683
0.999972761 0.000173640 -0.007366753 0.814133763 -0.000159091 0.999997973 0.001975486 -1.480529547 0.007367081 -0.001974260 0.999970913 54.318794250
0.999974012 0.000309905 -0.007190441 0.825142503 -0.000296057 0.999998093 0.001926942 -1.489910245 0.007191025 -0.001924763 0.999972284 54.853195190
0.999978364 0.000172302 -0.006575983 0.830186248 -0.000164511 0.999999285 0.001185265 -1.505514026 0.006576183 -0.001184157 0.999977648 55.408287048
0.999975801 0.000614135 -0.006920396 0.842145979 -0.000605358 0.999998987 0.001270230 -1.511248469 0.006921170 -0.001266010 0.999975264 55.957317352
0.999978662 0.000035702 -0.006528251 0.842303455 -0.000025179 0.999998689 0.001612085 -1.527548432 0.006528301 -0.001611886 0.999977350 56.508441925
0.999979973 0.001582249 -0.006127241 0.852665544 -0.001575862 0.999998212 0.001047139 -1.535907507 0.006128887 -0.001037462 0.999980688 57.061950684
0.999983072 0.001405800 -0.005668543 0.851483226 -0.001401636 0.999998748 0.000738534 -1.542973280 0.005669574 -0.000730576 0.999983609 57.622093201
0.999983191 0.002068439 -0.005413694 0.857307673 -0.002066516 0.999997795 0.000360798 -1.554296494 0.005414428 -0.000349605 0.999985278 58.190860748
0.999985516 0.001762267 -0.005069902 0.865029573 -0.001761041 0.999998331 0.000246392 -1.564198136 0.005070328 -0.000237460 0.999987125 58.752319336
0.999986708 0.001719155 -0.004856433 0.868485689 -0.001719746 0.999998510 -0.000117461 -1.578149796 0.004856224 0.000125811 0.999988198 59.286037445
0.999986172 0.001975235 -0.004874377 0.881132782 -0.001974462 0.999998033 0.000163176 -1.600901484 0.004874690 -0.000153550 0.999988079 59.827884674
0.999987602 0.002594699 -0.004229713 0.887285590 -0.002592738 0.999996483 0.000468829 -1.617055655 0.004230914 -0.000457857 0.999990940 60.385448456
0.999987245 0.002472891 -0.004399042 0.905967832 -0.002472268 0.999996960 0.000147116 -1.632534504 0.004399393 -0.000136238 0.999990225 60.920776367
0.999988735 0.002341483 -0.004108548 0.915095925 -0.002339987 0.999997318 0.000368661 -1.643168211 0.004109399 -0.000359043 0.999991477 61.479213715
0.999988616 0.002366422 -0.004150382 0.923869133 -0.002365930 0.999997199 0.000123536 -1.649229288 0.004150663 -0.000113715 0.999991357 62.044960022
0.999989808 0.002686843 -0.003607109 0.931647718 -0.002689185 0.999996185 -0.000644791 -1.653635859 0.003605362 0.000654485 0.999993265 62.615295410
0.999988019 0.003192032 -0.003690302 0.941244245 -0.003193317 0.999994814 -0.000342447 -1.680101037 0.003689190 0.000354227 0.999993145 63.158962250
0.999989569 0.002773715 -0.003631265 0.946502805 -0.002774992 0.999996006 -0.000346799 -1.694437265 0.003630289 0.000356872 0.999993324 63.702449799
0.999986887 0.003801447 -0.003460279 0.952625573 -0.003799921 0.999992669 0.000447607 -1.720543981 0.003461956 -0.000434453 0.999993920 64.259407043
0.999988973 0.003024373 -0.003598856 0.965404928 -0.003024524 0.999995530 -0.000036642 -1.730063200 0.003598728 0.000047527 0.999993503 64.804359436
0.999987125 0.004047779 -0.003035333 0.964796424 -0.004047013 0.999991894 0.000258334 -1.745403051 0.003036354 -0.000246046 0.999995291 65.359497070
0.999990702 0.003157829 -0.002928506 0.975877285 -0.003156435 0.999994874 0.000480436 -1.766774654 0.002930009 -0.000471188 0.999995530 65.894500732
0.999990702 0.003470405 -0.002537807 0.975047469 -0.003469997 0.999993920 0.000165099 -1.777428627 0.002538365 -0.000156292 0.999996722 66.435615540
0.999991596 0.003502696 -0.002134160 0.981779575 -0.003503254 0.999993801 -0.000257862 -1.792473197 0.002133243 0.000265336 0.999997675 66.979064941
0.999990046 0.004174264 -0.001665243 0.991514981 -0.004174082 0.999991298 0.000112956 -1.809909344 0.001665701 -0.000106004 0.999998629 67.519851685
0.999991477 0.003762270 -0.001714217 1.003687739 -0.003761387 0.999992788 0.000518291 -1.825373292 0.001716155 -0.000511839 0.999998331 68.082672119
0.999991000 0.004056274 -0.001232432 1.009813190 -0.004055902 0.999991655 0.000304941 -1.845211864 0.001233658 -0.000299939 0.999999106 68.637145996
0.999987602 0.004953695 -0.000368297 1.011475563 -0.004953828 0.999987662 -0.000359992 -1.856971622 0.000366509 0.000361812 0.999999881 69.172218323
0.999986172 0.005235849 -0.000476493 1.022217870 -0.005235760 0.999986291 0.000189307 -1.877056956 0.000477477 -0.000186809 0.999999881 69.714233398
0.999986529 0.005191160 -0.000026774 1.029962659 -0.005191170 0.999986410 -0.000346016 -1.886182785 0.000024978 0.000346150 0.999999940 70.256721497
0.999990225 0.004316892 -0.000911926 1.048635125 -0.004317911 0.999990046 -0.001119362 -1.891062737 0.000907085 0.001123289 0.999998927 70.803077698
0.999988198 0.004788716 -0.000720701 1.058160186 -0.004789448 0.999987960 -0.001017396 -1.910073400 0.000715820 0.001020836 0.999999225 71.350036621
0.999989390 0.004606570 0.000045564 1.063048601 -0.004606504 0.999988496 -0.001330407 -1.926513433 -0.000051692 0.001330183 0.999999046 71.893455505
0.999984026 0.005641425 -0.000320714 1.077116370 -0.005641673 0.999983728 -0.000773844 -1.943453908 0.000316343 0.000775641 0.999999642 72.450225830
0.999982238 0.005943600 -0.000167651 1.087580085 -0.005943695 0.999982297 -0.000576666 -1.962154388 0.000164220 0.000577653 0.999999762 72.990295410
0.999984145 0.005626838 0.000559103 1.089092612 -0.005626692 0.999984145 -0.000263730 -1.982768893 -0.000560578 0.000260580 0.999999821 73.546585083
0.999982059 0.005968146 0.000425819 1.103895068 -0.005968179 0.999982119 0.000074008 -2.000482321 -0.000425370 -0.000076548 0.999999881 74.094886780
0.999982655 0.005856355 0.000578305 1.118162632 -0.005855766 0.999982357 -0.001014636 -2.006827116 -0.000584237 0.001011232 0.999999344 74.654243469
0.999981642 0.006032266 0.000618274 1.126246214 -0.006032075 0.999981761 -0.000308573 -2.028501987 -0.000620124 0.000304838 0.999999702 75.185195923
0.999987960 0.004906855 0.000238434 1.137137413 -0.004906506 0.999986887 -0.001440709 -2.033736229 -0.000245500 0.001439522 0.999998927 75.734504700
0.999984264 0.005433157 -0.001402172 1.159870625 -0.005435881 0.999983251 -0.001946894 -2.049801350 0.001391571 0.001954485 0.999997139 76.256896973
0.999982119 0.005966192 -0.000366133 1.161209702 -0.005966607 0.999981523 -0.001144911 -2.071869373 0.000359295 0.001147075 0.999999225 76.797164917
0.999984503 0.005562789 -0.000037562 1.169165373 -0.005562852 0.999982476 -0.001990260 -2.081016541 0.000026490 0.001990438 0.999998033 77.359169006
0.999982953 0.005837351 0.000006031 1.186151505 -0.005837331 0.999981463 -0.001718889 -2.101825476 -0.000016064 0.001718825 0.999998510 77.885749817
0.999986172 0.005262488 0.000029729 1.193267941 -0.005262427 0.999984503 -0.001796872 -2.119297266 -0.000039184 0.001796691 0.999998331 78.416641235
0.999980807 0.006194923 0.000171821 1.202860355 -0.006194575 0.999978900 -0.001958453 -2.134132147 -0.000183950 0.001957351 0.999998093 78.950164795
0.999976158 0.006875305 0.000554057 1.214034677 -0.006873739 0.999972522 -0.002779809 -2.137616873 -0.000573154 0.002775934 0.999995947 79.506240845
0.999978483 0.006506447 0.000827569 1.226898670 -0.006505036 0.999977529 -0.001696528 -2.168533087 -0.000838589 0.001691109 0.999998212 80.067771912
0.999974072 0.007134083 0.000964362 1.241106868 -0.007131955 0.999972165 -0.002192370 -2.174762249 -0.000979976 0.002185436 0.999997139 80.609977722
0.999973893 0.006738215 0.002576755 1.253668427 -0.006733510 0.999975801 -0.001829787 -2.201601744 -0.002589022 0.001812389 0.999994993 81.158012390
0.999969184 0.007055756 0.003449606 1.269846916 -0.007048768 0.999973059 -0.002034035 -2.217100620 -0.003463865 0.002009657 0.999991953 81.703384399
0.999964774 0.007222377 0.004279527 1.287060976 -0.007212985 0.999971569 -0.002205745 -2.235790968 -0.004295336 0.002174799 0.999988377 82.236053467
0.999949217 0.007725813 0.006468037 1.305370092 -0.007715081 0.999968827 -0.001682183 -2.255283594 -0.006480830 0.001632196 0.999977648 82.781295776
0.999945045 0.006460866 0.008258700 1.339526892 -0.006445569 0.999977469 -0.001877450 -2.275488138 -0.008270645 0.001824115 0.999964058 83.309242249
0.999908924 0.006404094 0.011877604 1.363818049 -0.006381263 0.999977708 -0.001958984 -2.288422108 -0.011889883 0.001883012 0.999927521 83.839965820
0.999829292 0.007367752 0.016944110 1.373659492 -0.007336333 0.999971271 -0.001915657 -2.313055515 -0.016957738 0.001791022 0.999854624 84.405952454
0.999733686 0.008323645 0.021524621 1.399267673 -0.008269908 0.999962449 -0.002584358 -2.321444273 -0.021545321 0.002405663 0.999764979 84.943122864
0.999583364 0.008417711 0.027609468 1.428053856 -0.008353923 0.999962091 -0.002424962 -2.336974144 -0.027628835 0.002193304 0.999615967 85.492996216
0.999372542 0.008678610 0.034337375 1.450163841 -0.008614263 0.999960780 -0.002021470 -2.362965107 -0.034353577 0.001724411 0.999408185 86.043655396
0.999148428 0.009091531 0.040246177 1.486929297 -0.008999723 0.999956489 -0.002461706 -2.370658875 -0.040266812 0.002097405 0.999186754 86.597686768
0.998800993 0.008306421 0.048244160 1.531385183 -0.008178660 0.999962628 -0.002844999 -2.383671045 -0.048265964 0.002447015 0.998831630 87.157768250
0.998312294 0.008948338 0.057379019 1.574348927 -0.008807538 0.999957561 -0.002706318 -2.402688265 -0.057400800 0.002196383 0.998348713 87.712646484
0.997887909 0.008987982 0.064334795 1.620016575 -0.008829620 0.999957263 -0.002745401 -2.415751457 -0.064356737 0.002171550 0.997924566 88.269248962
0.997214258 0.008977796 0.074047633 1.674196720 -0.008786922 0.999957144 -0.002903116 -2.431738853 -0.074070528 0.002244378 0.997250617 88.809020996
0.996443152 0.008938360 0.083792262 1.745421886 -0.008695751 0.999956906 -0.003259880 -2.442359686 -0.083817787 0.002519648 0.996477902 89.344375610
0.995675385 0.007932225 0.092560813 1.811101913 -0.007584729 0.999962807 -0.004105402 -2.447991371 -0.092589930 0.003385599 0.995698571 89.893165588
0.994884729 0.008349358 0.100671306 1.878590107 -0.007964421 0.999959350 -0.004225033 -2.470242262 -0.100702472 0.003401632 0.994910777 90.439460754
0.993710399 0.008611319 0.111649029 1.958729744 -0.008229337 0.999958575 -0.003881676 -2.481654406 -0.111677833 0.002938465 0.993740141 90.972915649
0.992429495 0.008744936 0.122504063 2.037970543 -0.008292856 0.999956787 -0.004199740 -2.494719505 -0.122535482 0.003152038 0.992459118 91.519973755
0.991209626 0.008496822 0.132026926 2.124714851 -0.007999090 0.999958754 -0.004299859 -2.506751060 -0.132058039 0.003205966 0.991236806 92.067466736
0.989630401 0.008892732 0.143362716 2.217672348 -0.008380694 0.999956191 -0.004175106 -2.528330564 -0.143393561 0.002930334 0.989661336 92.593627930
0.987873852 0.008104926 0.155046418 2.323166847 -0.007437774 0.999960423 -0.004882560 -2.541406155 -0.155079842 0.003670153 0.987895131 93.130744934
0.986104965 0.007864383 0.165937245 2.433184624 -0.007196257 0.999963403 -0.004627231 -2.565188885 -0.165967554 0.003368808 0.986125410 93.670753479
0.984326184 0.007939440 0.176178545 2.550042152 -0.007245292 0.999963164 -0.004582955 -2.580599785 -0.176208422 0.003234657 0.984347582 94.208297729
0.981903255 0.007847683 0.189221099 2.670469284 -0.007104118 0.999964178 -0.004607554 -2.597058296 -0.189250499 0.003179923 0.981923699 94.732925415
0.979458094 0.007805530 0.201496273 2.804996490 -0.006969838 0.999963939 -0.004856583 -2.613280773 -0.201526895 0.003352423 0.979477227 95.271118164
0.977252603 0.006863357 0.211967498 2.934076309 -0.005899770 0.999969184 -0.005178062 -2.629254818 -0.211996511 0.003809715 0.977262974 95.791015625
0.974378109 0.006906509 0.224809796 3.080474854 -0.005936577 0.999969900 -0.004990128 -2.650307894 -0.224837467 0.003527671 0.974389851 96.311370850
0.971069872 0.007439289 0.238679498 3.227712631 -0.006470487 0.999967337 -0.004842272 -2.668994427 -0.238707736 0.003157811 0.971086323 96.854293823
0.968313694 0.007324182 0.249629587 3.375747681 -0.006291728 0.999968052 -0.004933640 -2.690538883 -0.249657810 0.003206710 0.968328834 97.364334106
0.965179622 0.006732354 0.261501312 3.539806366 -0.005526734 0.999970436 -0.005345535 -2.698384285 -0.261529565 0.003714154 0.965188324 97.877914429
0.961280942 0.007191540 0.275476277 3.715147018 -0.006006564 0.999968827 -0.005144977 -2.715787411 -0.275504678 0.003291103 0.961294115 98.410560608
0.957532585 0.007045454 0.288238823 3.891223907 -0.005734552 0.999968946 -0.005392113 -2.736721516 -0.288267851 0.003510204 0.957543373 98.924026489
0.954066932 0.006857147 0.299515009 4.068315506 -0.005333967 0.999968350 -0.005902769 -2.744549513 -0.299546003 0.004034034 0.954073310 99.438484192
0.949736536 0.006058771 0.312991530 4.271980286 -0.004483642 0.999973357 -0.005752009 -2.764867783 -0.313018024 0.004059551 0.949738503 99.967796326
0.945291460 0.005786833 0.326175630 4.477895737 -0.004109428 0.999974549 -0.005831457 -2.782380581 -0.326201141 0.004172031 0.945291221 100.475990295
0.941241682 0.005150342 0.337694526 4.667558670 -0.003463136 0.999978304 -0.005598501 -2.798542023 -0.337716043 0.004100060 0.941239119 100.976280212
0.936478794 0.005434935 0.350682229 4.881273270 -0.003386547 0.999973416 -0.006454167 -2.811334848 -0.350708067 0.004856588 0.936472297 101.497756958
0.931063175 0.004615459 0.364828706 5.103345871 -0.002516041 0.999977350 -0.006229667 -2.827623606 -0.364849210 0.004882290 0.931053817 101.999198914
0.926478922 0.004095567 0.376324415 5.338665009 -0.001519850 0.999973357 -0.007141046 -2.836721420 -0.376343608 0.006044071 0.926460445 102.499107361
0.921636522 0.003816338 0.388035506 5.561523438 -0.000999200 0.999971688 -0.007461510 -2.848023415 -0.388052970 0.006489074 0.921614230 102.987480164
0.915781081 0.003470090 0.401663005 5.806365967 -0.000757719 0.999975801 -0.006911520 -2.873589754 -0.401677340 0.006025090 0.915761471 103.462799072
0.909934342 0.003451278 0.414737940 6.045135498 -0.000766124 0.999977648 -0.006640529 -2.893108845 -0.414751649 0.005724704 0.909916639 103.933364868
0.904918313 0.002836849 0.425575882 6.293457031 0.000081956 0.999976695 -0.006840018 -2.909400463 -0.425585330 0.006224535 0.904896915 104.415588379
0.898644328 0.002612150 0.438670069 6.556446075 0.000224263 0.999979377 -0.006413998 -2.934278250 -0.438677758 0.005862281 0.898625314 104.890258789
0.891902387 0.002040669 0.452223390 6.824592590 0.000997250 0.999978483 -0.006479267 -2.957727432 -0.452226818 0.006229854 0.891881168 105.360023499
0.885775805 0.001363096 0.464111358 7.096427917 0.001756398 0.999978662 -0.006289099 -2.976222277 -0.464110106 0.006385895 0.885754526 105.842071533
0.880082905 0.001229567 0.474818438 7.374011993 0.001963042 0.999978662 -0.006228024 -2.993218899 -0.474815995 0.006413266 0.880061805 106.319931030
0.872903585 0.001135260 0.487891406 7.670688629 0.002174437 0.999978244 -0.006217179 -3.014731169 -0.487887830 0.006487888 0.872882187 106.791328430
