1.000000000 0.000000000 0.000000000 0.000000000 0.000000000 1.000000000 0.000000000 0.000000000 0.000000000 0.000000000 1.000000000 0.000000000
1.000000000 0.000052930 -0.000068389 0.000517968 -0.000052916 1.000000000 0.000205079 -0.000832298 0.000068400 -0.000205075 1.000000000 0.000391575
1.000000000 0.000172724 -0.000111562 0.000959032 -0.000172712 1.000000000 0.000109677 -0.000266069 0.000111581 -0.000109658 1.000000000 -0.000037736
0.999999940 0.000319841 -0.000007562 -0.000113779 -0.000319840 0.999999940 0.000098102 -0.000138059 0.000007593 -0.000098100 1.000000000 0.000824045
1.000000000 -0.000026121 -0.000051186 -0.000023836 0.000026123 1.000000000 0.000046408 0.000159421 0.000051185 -0.000046409 1.000000000 -0.000247483
1.000000000 -0.000071685 -0.000000157 -0.000189434 0.000071685 1.000000000 0.000036750 -0.000073165 0.000000154 -0.000036750 1.000000000 -0.000910315
1.000000000 -0.000069107 -0.000058168 0.001194344 0.000069109 1.000000000 0.000032244 -0.000160535 0.000058166 -0.000032248 1.000000000 -0.000277581
1.000000000 0.000056135 0.000026433 0.000864659 -0.000056136 1.000000000 0.000047251 0.000870983 -0.000026431 -0.000047252 1.000000000 0.002156688
1.000000000 0.000173831 0.000022631 0.000411549 -0.000173832 1.000000000 0.000023149 -0.000098671 -0.000022627 -0.000023153 1.000000000 -0.001830547
1.000000000 -0.000021376 -0.000029457 0.001152360 0.000021377 1.000000000 0.000020579 0.000922506 0.000029457 -0.000020579 1.000000000 0.000423859
1.000000000 0.000100146 -0.000137745 0.001582168 -0.000100134 1.000000000 0.000086728 -0.000814965 0.000137754 -0.000086714 1.000000000 -0.001635817
1.000000000 0.000223072 -0.000070316 0.000839823 -0.000223073 1.000000000 -0.000007615 0.001046055 0.000070315 0.000007631 1.000000000 0.000822406
1.000000000 -0.000192758 -0.000090751 0.001191958 0.000192765 1.000000000 0.000076706 -0.000220619 0.000090737 -0.000076723 1.000000000 -0.000365349
1.000000000 -0.000032621 -0.000024453 0.001122122 0.000032621 1.000000000 -0.000010130 0.000404012 0.000024453 0.000010129 1.000000000 -0.001268346
1.000000000 -0.000090136 -0.000060114 0.000738124 0.000090141 1.000000000 0.000080541 0.000633598 0.000060106 -0.000080546 1.000000000 0.000320509
1.000000000 -0.000076360 -0.000134497 0.000721237 0.000076375 1.000000000 0.000116208 -0.000047587 0.000134488 -0.000116218 1.000000000 -0.000571316
1.000000000 0.000080150 0.000077919 -0.000404885 -0.000080159 1.000000000 0.000121737 -0.000305139 -0.000077909 -0.000121743 1.000000000 -0.000340938
1.000000000 0.000054206 -0.000076328 0.000410933 -0.000054198 1.000000000 0.000113303 -0.000263559 0.000076334 -0.000113299 1.000000000 -0.000616929
1.000000000 0.000049779 0.000005136 0.000467212 -0.000049780 1.000000000 0.000050346 -0.000058612 -0.000005134 -0.000050346 1.000000000 -0.000769739
1.000000000 -0.000134538 -0.000106726 0.001201341 0.000134551 1.000000000 0.000121087 -0.000658278 0.000106709 -0.000121101 1.000000000 -0.000683092
1.000000000 0.000169296 -0.000005514 0.000769063 -0.000169295 1.000000000 0.000032114 -0.000862055 0.000005520 -0.000032113 1.000000000 -0.001833887
1.000000000 0.000102508 -0.000015823 0.000536368 -0.000102506 1.000000000 0.000096457 0.000244009 0.000015833 -0.000096456 1.000000000 -0.000622337
1.000000000 -0.000073671 0.000107393 0.000518301 0.000073655 1.000000000 0.000152043 -0.000482839 -0.000107405 -0.000152035 1.000000000 0.000688926
0.999999940 0.000277645 -0.000064907 0.001080717 -0.000277635 0.999999940 0.000157981 -0.000078354 0.000064951 -0.000157963 1.000000000 0.000124137
1.000000000 0.000076866 -0.000031530 0.001027975 -0.000076868 1.000000000 -0.000052788 0.001017586 0.000031526 0.000052791 1.000000000 -0.000782079
1.000000000 0.000103868 -0.000059309 0.000975920 -0.000103879 1.000000000 -0.000179658 0.001866503 0.000059291 0.000179664 1.000000000 -0.002039678
1.000000000 0.000113320 -0.000064194 0.000494790 -0.000113325 1.000000000 -0.000071188 0.000843706 0.000064185 0.000071196 1.000000000 -0.001105100
1.000000000 -0.000032093 -0.000013370 0.000814770 0.000032096 1.000000000 0.000172496 -0.000562862 0.000013364 -0.000172497 1.000000000 0.000368776
1.000000000 0.000093434 -0.000044511 0.000049404 -0.000093424 1.000000000 0.000214942 -0.000692366 0.000044531 -0.000214938 1.000000000 -0.000323035
1.000000000 -0.000085810 -0.000066905 0.001138814 0.000085817 1.000000000 0.000096322 0.000793007 0.000066897 -0.000096328 1.000000000 0.000958185
1.000000000 0.000013092 0.000017040 -0.000055939 -0.000013094 1.000000000 0.000157530 0.000293011 -0.000017038 -0.000157530 1.000000000 0.000155292
1.000000000 -0.000198174 -0.000076428 0.000784336 0.000198175 1.000000000 0.000020235 0.000380591 0.000076424 -0.000020250 1.000000000 -0.000449495
1.000000000 -0.000147242 -0.000058109 0.000623433 0.000147244 1.000000000 0.000037923 0.000285199 0.000058103 -0.000037932 1.000000000 0.000167286
1.000000000 -0.000136603 -0.000011968 0.001317583 0.000136604 1.000000000 0.000093751 0.000424248 0.000011955 -0.000093752 1.000000000 0.000789948
1.000000000 0.000110880 0.000029763 0.000118104 -0.000110881 1.000000000 0.000047436 0.000334495 -0.000029757 -0.000047440 1.000000000 -0.000580964
1.000000000 0.000107039 -0.000020343 -0.000297624 -0.000107036 1.000000000 0.000119571 0.000673441 0.000020356 -0.000119569 1.000000000 0.003313577
1.000000000 -0.000174387 -0.000062347 0.001515153 0.000174391 1.000000000 0.000063643 0.000301928 0.000062336 -0.000063654 1.000000000 0.001272540
1.000000000 -0.000051323 0.000008446 0.000596715 0.000051322 1.000000000 0.000155595 -0.000324180 -0.000008454 -0.000155594 1.000000000 -0.000664494
1.000000000 -0.000032456 -0.000000675 0.000850321 0.000032456 1.000000000 0.000068387 0.000330767 0.000000673 -0.000068387 1.000000000 -0.000281954
1.000000000 -0.000112261 0.000073162 0.000463816 0.000112269 1.000000000 -0.000112179 0.001174481 -0.000073150 0.000112187 1.000000000 0.001957826
1.000000000 -0.000119207 0.000042283 0.000440666 0.000119230 0.999999821 -0.000542031 -0.001766871 -0.000042219 0.000542036 0.999999881 0.051486526
1.000000000 0.000212765 -0.000002712 0.001859790 -0.000212768 0.999999464 -0.001032874 -0.003785713 0.000002493 0.001032874 0.999999464 0.139544040
1.000000000 0.000194856 -0.000061926 0.004160307 -0.000194939 0.999999046 -0.001345616 -0.007265826 0.000061664 0.001345628 0.999999106 0.253637820
0.999998808 0.001300077 -0.000961664 -0.002609699 -0.001301374 0.999998271 -0.001349133 -0.016558699 0.000959909 0.001350382 0.999998629 0.374263376
0.999998331 0.001658039 -0.000759876 -0.003443093 -0.001659121 0.999997616 -0.001425526 -0.019720856 0.000757511 0.001426784 0.999998748 0.518388450
0.999998927 0.001189167 -0.000828254 0.000104578 -0.001190227 0.999998450 -0.001279683 -0.024553966 0.000826731 0.001280668 0.999998868 0.662867665
0.999999166 0.001015457 -0.000694908 0.005209808 -0.001015976 0.999999046 -0.000746023 -0.029593032 0.000694150 0.000746728 0.999999464 0.826445580
0.999999285 0.001018601 -0.000547418 0.007308440 -0.001019005 0.999999166 -0.000736852 -0.034946758 0.000546667 0.000737409 0.999999642 0.993036747
0.999997437 0.002153162 -0.000664061 0.007073238 -0.002153667 0.999997318 -0.000760156 -0.040141575 0.000662423 0.000761584 0.999999404 1.174824834
0.999997079 0.002255874 -0.000871107 0.010820089 -0.002256339 0.999997258 -0.000533116 -0.045357205 0.000869902 0.000535080 0.999999404 1.361929536
0.999997377 0.002180262 -0.000686137 0.012847796 -0.002180604 0.999997437 -0.000498322 -0.052995313 0.000685049 0.000499817 0.999999583 1.541347861
0.999997020 0.002153127 -0.001073077 0.025921986 -0.002153837 0.999997437 -0.000660757 -0.046162736 0.001071651 0.000663066 0.999999225 1.760829329
0.999996781 0.002065483 -0.001426097 0.030904807 -0.002066445 0.999997616 -0.000673301 -0.051297650 0.001424703 0.000676246 0.999998808 1.960151196
0.999997556 0.002025608 -0.000900906 0.031338394 -0.002025810 0.999997973 -0.000222761 -0.060347293 0.000900453 0.000224585 0.999999583 2.179285049
0.999995530 0.002984442 -0.000102009 0.019405745 -0.002984504 0.999995351 -0.000613167 -0.069141589 0.000100179 0.000613469 0.999999821 2.379842758
0.999995112 0.003118923 -0.000104355 0.025435742 -0.003119020 0.999994695 -0.000946612 -0.073446296 0.000101402 0.000946932 0.999999583 2.600000858
0.999996066 0.002799796 0.000013760 0.024955168 -0.002799791 0.999995947 -0.000371594 -0.083926603 -0.000014801 0.000371554 0.999999940 2.829966068
0.999994218 0.003375679 0.000415547 0.027012754 -0.003375159 0.999993563 -0.001246657 -0.078307733 -0.000419752 0.001245247 0.999999106 3.082545757
0.999996781 0.002529684 -0.000014090 0.031099373 -0.002529690 0.999996722 -0.000433690 -0.100661509 0.000012992 0.000433725 0.999999881 3.311993122
0.999997258 0.002343528 0.000207608 0.036368184 -0.002343516 0.999997318 -0.000056577 -0.109525643 -0.000207740 0.000056090 0.999999940 3.562004328
0.999996483 0.002632165 0.000372713 0.040146366 -0.002632024 0.999996483 -0.000379941 -0.114433266 -0.000373712 0.000378958 0.999999762 3.814647198
0.999997556 0.002188496 0.000050692 0.049605720 -0.002188480 0.999997556 -0.000310296 -0.117623672 -0.000051371 0.000310184 0.999999940 4.076696873
0.999997318 0.002305764 0.000089477 0.046269301 -0.002305811 0.999997199 0.000532459 -0.138717145 -0.000088249 -0.000532664 0.999999881 4.324666977
0.999998391 0.001760913 -0.000040852 0.053887986 -0.001760895 0.999998331 0.000440405 -0.144400388 0.000041627 -0.000440333 0.999999940 4.579177856
0.999998927 0.001419294 0.000190519 0.059766911 -0.001419433 0.999998689 0.000733009 -0.151343733 -0.000189478 -0.000733278 0.999999762 4.843070984
0.999997616 0.002072763 0.000577146 0.063841112 -0.002073206 0.999997556 0.000768139 -0.165255934 -0.000575552 -0.000769334 0.999999523 5.112267494
0.999998450 0.001693692 0.000382829 0.070492767 -0.001694077 0.999998093 0.001005798 -0.173611104 -0.000381125 -0.001006445 0.999999404 5.381894588
0.999997497 0.002191599 0.000477069 0.075805224 -0.002191806 0.999997497 0.000434574 -0.174911782 -0.000476116 -0.000435619 0.999999821 5.656551838
0.999998271 0.001849259 0.000364001 0.082115561 -0.001849533 0.999998033 0.000752809 -0.185557753 -0.000362608 -0.000753481 0.999999642 5.926476479
0.999998331 0.001737660 0.000643100 0.087732933 -0.001738057 0.999998331 0.000616747 -0.193569317 -0.000642027 -0.000617864 0.999999583 6.203966141
0.999997199 0.002325289 0.000415501 0.091339752 -0.002325486 0.999997139 0.000474864 -0.200708479 -0.000414395 -0.000475829 0.999999762 6.479596615
0.999997675 0.002088887 0.000503975 0.099720508 -0.002088958 0.999997854 0.000140267 -0.204647973 -0.000503681 -0.000141319 0.999999881 6.771705151
0.999997854 0.001844462 0.000945330 0.102285706 -0.001844683 0.999998331 0.000233414 -0.212805867 -0.000944898 -0.000235157 0.999999523 7.072921276
0.999998629 0.001552059 0.000587377 0.107190713 -0.001552500 0.999998510 0.000751367 -0.233569443 -0.000586210 -0.000752277 0.999999523 7.386240005
0.999998093 0.001556181 0.001161370 0.106535584 -0.001557000 0.999998510 0.000705054 -0.241575465 -0.001160271 -0.000706861 0.999999046 7.693690300
0.999997735 0.001615118 0.001364055 0.109118201 -0.001616340 0.999998271 0.000895170 -0.249762759 -0.001362607 -0.000897372 0.999998689 8.004423141
0.999997795 0.001676888 0.001271343 0.116756156 -0.001679055 0.999997139 0.001705057 -0.268839628 -0.001268480 -0.001707187 0.999997735 8.319528580
0.999998212 0.001397146 0.001255899 0.124532044 -0.001399252 0.999997616 0.001677752 -0.281074286 -0.001253552 -0.001679506 0.999997795 8.642844200
0.999996245 0.001815732 0.002026840 0.121334419 -0.001819192 0.999996901 0.001706532 -0.287784904 -0.002023735 -0.001710213 0.999996483 8.981408119
0.999997795 0.001244824 0.001706724 0.134996071 -0.001247623 0.999997795 0.001639906 -0.294885516 -0.001704679 -0.001642032 0.999997199 9.321324348
0.999997616 0.001327608 0.001740696 0.138235077 -0.001330258 0.999997973 0.001522449 -0.303635925 -0.001738672 -0.001524761 0.999997318 9.678972244
0.999997675 0.001370258 0.001681105 0.145443067 -0.001372427 0.999998212 0.001289624 -0.312952518 -0.001679335 -0.001291928 0.999997735 10.023013115
0.999997914 0.001274071 0.001602387 0.158654094 -0.001277044 0.999997437 0.001855626 -0.327804416 -0.001600019 -0.001857668 0.999997020 10.377558708
0.999997139 0.001541337 0.001864502 0.162801117 -0.001545807 0.999995887 0.002398725 -0.344669878 -0.001860798 -0.002401600 0.999995410 10.725296974
0.999995947 0.001675884 0.002284999 0.170877159 -0.001680199 0.999996781 0.001888207 -0.348075807 -0.002281827 -0.001892039 0.999995649 11.087162018
0.999994814 0.001763471 0.002695912 0.167792708 -0.001768881 0.999996424 0.002005664 -0.357953608 -0.002692365 -0.002010423 0.999994278 11.493157387
0.999995470 0.001291695 0.002726166 0.178680599 -0.001297548 0.999996841 0.002146041 -0.369251788 -0.002723386 -0.002149568 0.999993920 11.872931480
0.999996960 0.000948293 0.002259740 0.193675041 -0.000953286 0.999997020 0.002209537 -0.384947419 -0.002257638 -0.002211685 0.999994993 12.258008003
0.999997139 0.000798967 0.002259214 0.206915423 -0.000804010 0.999997139 0.002231963 -0.394409060 -0.002257425 -0.002233772 0.999994934 12.639638901
0.999997139 0.000814737 0.002257597 0.212385684 -0.000819692 0.999997258 0.002194875 -0.402171046 -0.002255803 -0.002196720 0.999994993 13.046653748
0.999996722 0.000641555 0.002476791 0.220739856 -0.000648252 0.999996066 0.002703908 -0.418628395 -0.002475048 -0.002705505 0.999993265 13.447036743
0.999995589 0.000788320 0.002834955 0.227700770 -0.000794795 0.999997079 0.002283609 -0.424519777 -0.002833146 -0.002285852 0.999993384 13.862535477
0.999996006 0.000857689 0.002702176 0.237048253 -0.000863955 0.999996960 0.002318443 -0.434723556 -0.002700179 -0.002320769 0.999993622 14.274831772
0.999994576 0.001400394 0.002979584 0.245462447 -0.001408245 0.999995589 0.002634425 -0.450556695 -0.002975882 -0.002638607 0.999992073 14.705363274
0.999993682 0.000802087 0.003454906 0.252662092 -0.000811393 0.999996066 0.002692854 -0.459459096 -0.003452732 -0.002695639 0.999990404 15.127757072
0.999992907 0.001131228 0.003584461 0.265189201 -0.001140765 0.999995768 0.002659692 -0.470127910 -0.003581438 -0.002663763 0.999990046 15.572838783
0.999989688 0.001283908 0.004357766 0.270875931 -0.001297071 0.999994516 0.003019121 -0.485262126 -0.004353866 -0.003024742 0.999985933 16.021089554
0.999989748 0.000692229 0.004469706 0.286410123 -0.000706904 0.999994338 0.003282285 -0.497696131 -0.004467408 -0.003285411 0.999984622 16.466888428
0.999989927 0.001041041 0.004366814 0.296708107 -0.001056069 0.999993503 0.003440639 -0.512469530 -0.004363203 -0.003445216 0.999984562 16.912456512
0.999986172 0.001480058 0.005039151 0.298676074 -0.001492338 0.999995947 0.002433970 -0.516346753 -0.005035528 -0.002441457 0.999984324 17.387018204
0.999984384 0.001161610 0.005462066 0.313536197 -0.001179560 0.999993920 0.003284093 -0.534282029 -0.005458218 -0.003290486 0.999979675 17.818647385
0.999981046 0.001381849 0.005992874 0.320203751 -0.001401625 0.999993563 0.003296907 -0.546648860 -0.005988279 -0.003305245 0.999976635 18.282548904
0.999982536 0.000581020 0.005874372 0.345059931 -0.000603260 0.999992669 0.003784955 -0.565067530 -0.005872129 -0.003788433 0.999975502 18.730895996
0.999983191 0.000604129 0.005768409 0.357825100 -0.000623769 0.999994040 0.003403656 -0.575171173 -0.005766319 -0.003407197 0.999977589 19.190868378
0.999981165 0.001037177 0.006047262 0.380768836 -0.001058054 0.999993443 0.003450032 -0.590003669 -0.006043644 -0.003456366 0.999975741 19.680694580
0.999982536 0.001116022 0.005798132 0.385090947 -0.001137144 0.999992728 0.003640936 -0.600048780 -0.005794027 -0.003647466 0.999976516 20.183637619
0.999981225 0.000998525 0.006043024 0.398109019 -0.001019414 0.999993503 0.003454690 -0.613579392 -0.006039535 -0.003460786 0.999975801 20.676206589
0.999985039 0.001139879 0.005370824 0.419045597 -0.001157952 0.999993682 0.003363181 -0.622712970 -0.005366956 -0.003369350 0.999979973 21.172842026
0.999986947 0.001323423 0.004936920 0.425250411 -0.001342828 0.999991357 0.003929313 -0.640112340 -0.004931679 -0.003935891 0.999980092 21.667402267
0.999990821 0.001704528 0.003925490 0.443248808 -0.001721045 0.999989629 0.004208285 -0.656596303 -0.003918277 -0.004215003 0.999983430 22.176525116
0.999990940 0.001220117 0.004081136 0.449534535 -0.001237737 0.999989927 0.004317633 -0.669201136 -0.004075827 -0.004322646 0.999982357 22.681409836
0.999992967 0.001367365 0.003516039 0.461775064 -0.001383214 0.999988914 0.004508852 -0.685811460 -0.003509835 -0.004513684 0.999983728 23.200689316
0.999995947 0.001603519 0.002376149 0.479193598 -0.001613117 0.999990523 0.004042892 -0.698676825 -0.002369644 -0.004046708 0.999989033 23.721591949
0.999996543 0.000351239 0.002610394 0.479901969 -0.000359727 0.999994636 0.003252051 -0.703264594 -0.002609238 -0.003252979 0.999991238 24.272829056
0.999995470 0.001578552 0.002573249 0.488067240 -0.001589104 0.999990344 0.004103942 -0.719414771 -0.002566746 -0.004108012 0.999988258 24.810132980
0.999996543 0.001871032 0.001830368 0.496615708 -0.001877580 0.999991775 0.003582099 -0.732919693 -0.001823651 -0.003585523 0.999991894 25.352159500
0.999996722 0.001833243 0.001767493 0.500920951 -0.001840560 0.999989748 0.004146773 -0.748472810 -0.001759872 -0.004150013 0.999989867 25.890171051
0.999997020 0.002160153 0.001171901 0.511929810 -0.002165010 0.999988973 0.004158963 -0.757706881 -0.001162904 -0.004161488 0.999990702 26.428947449
0.999998271 0.001593090 0.000982997 0.516163826 -0.001596917 0.999991059 0.003904844 -0.774231434 -0.000976767 -0.003906407 0.999991894 26.995155334
0.999999344 0.000973852 0.000668459 0.530725241 -0.000976338 0.999992609 0.003728844 -0.781994283 -0.000664823 -0.003729495 0.999992847 27.547349930
0.999999523 0.000926456 0.000292621 0.538290024 -0.000927510 0.999993026 0.003622103 -0.797630072 -0.000289263 -0.003622373 0.999993443 28.121440887
0.999998212 0.001741771 -0.000755152 0.554305136 -0.001738439 0.999988854 0.004391654 -0.817380309 0.000762793 -0.004390333 0.999990046 28.620733261
0.999998987 0.001160496 -0.000918418 0.564402461 -0.001156521 0.999990046 0.004317776 -0.827930927 0.000923420 -0.004316709 0.999990225 29.169754028
0.999997616 0.001635572 -0.001446174 0.587262869 -0.001631259 0.999994218 0.002978353 -0.824925005 0.001451036 -0.002975987 0.999994457 29.721984863
0.999997139 0.002013610 -0.001307962 0.583958864 -0.002007653 0.999987662 0.004539686 -0.856615722 0.001317087 -0.004537047 0.999988854 30.250732422
0.999997675 0.001774514 -0.001272871 0.599965930 -0.001768965 0.999988973 0.004347330 -0.874433279 0.001280572 -0.004345069 0.999989688 30.779243469
0.999995351 0.002493217 -0.001733840 0.605067372 -0.002486224 0.999988794 0.004023693 -0.879950523 0.001743852 -0.004019364 0.999990344 31.336574554
0.999995410 0.002287869 -0.002001996 0.613948822 -0.002279637 0.999989033 0.004104641 -0.891459703 0.002011365 -0.004100059 0.999989569 31.884973526
0.999995887 0.001540347 -0.002417126 0.632529080 -0.001531728 0.999992490 0.003563623 -0.897706747 0.002422597 -0.003559907 0.999990702 32.438373566
0.999995887 0.001692753 -0.002318732 0.632774651 -0.001683016 0.999989808 0.004194996 -0.913689852 0.002325810 -0.004191077 0.999988496 32.975337982
0.999994397 0.001751563 -0.002852870 0.642172635 -0.001739647 0.999989808 0.004174310 -0.927739084 0.002860152 -0.004169323 0.999987245 33.530460358
0.999993443 0.002096552 -0.002940879 0.653780937 -0.002085857 0.999991357 0.003634762 -0.936952770 0.002948474 -0.003628605 0.999989092 34.063564301
0.999993801 0.002100885 -0.002813183 0.656044841 -0.002090397 0.999991000 0.003725961 -0.951485991 0.002820984 -0.003720058 0.999989033 34.597743988
0.999992847 0.002163942 -0.003081344 0.674232960 -0.002151677 0.999989867 0.003978030 -0.963157177 0.003089921 -0.003971373 0.999987304 35.152660370
0.999993622 0.001762236 -0.003083779 0.681624711 -0.001749982 0.999990523 0.003971658 -0.982393503 0.003090749 -0.003966236 0.999987364 35.694976807
0.999994636 0.001106448 -0.003071964 0.689642489 -0.001096406 0.999994040 0.003268732 -0.991533637 0.003075563 -0.003265346 0.999989927 36.252620697
0.999992847 0.002090051 -0.003160706 0.702087998 -0.002078114 0.999990702 0.003775249 -1.007399797 0.003168567 -0.003768655 0.999987900 36.807205200
0.999991536 0.002429061 -0.003332480 0.715186656 -0.002416542 0.999989927 0.003755567 -1.024015427 0.003341570 -0.003747482 0.999987423 37.338680267
0.999992132 0.002133742 -0.003325687 0.711348236 -0.002120662 0.999989986 0.003931770 -1.035966873 0.003334044 -0.003924686 0.999986768 37.900600433
0.999992013 0.002258827 -0.003310950 0.718922257 -0.002245992 0.999989986 0.003875086 -1.047973871 0.003319670 -0.003867619 0.999987066 38.449085236
0.999988675 0.002394520 -0.004092186 0.739116669 -0.002379888 0.999990702 0.003576516 -1.055287242 0.004100713 -0.003566736 0.999985218 39.009124756
0.999985516 0.002810639 -0.004587366 0.745076537 -0.002792346 0.999988079 0.003989198 -1.070951700 0.004598524 -0.003976331 0.999981523 39.546184540
0.999988317 0.003095888 -0.003697438 0.748742640 -0.003081793 0.999988019 0.003811684 -1.078836918 0.003709194 -0.003800246 0.999985874 40.076690674
0.999989033 0.003241953 -0.003353790 0.753445089 -0.003230528 0.999989092 0.003406461 -1.091266394 0.003364797 -0.003395590 0.999988496 40.622676849
0.999989688 0.003163681 -0.003265672 0.755228162 -0.003152930 0.999989629 0.003292075 -1.104714394 0.003276055 -0.003281744 0.999989271 41.176837921
0.999989212 0.002845607 -0.003662584 0.766637146 -0.002833527 0.999990582 0.003299325 -1.115443707 0.003671939 -0.003288912 0.999987900 41.725872040
0.999988079 0.002521031 -0.004183560 0.782482386 -0.002507596 0.999991715 0.003213563 -1.132612824 0.004191627 -0.003203035 0.999986112 42.258186340
0.999987066 0.003135040 -0.004018619 0.790024281 -0.003123327 0.999990880 0.002917574 -1.140177250 0.004027730 -0.002904985 0.999987721 42.816722870
0.999985635 0.003338180 -0.004185624 0.798539400 -0.003326510 0.999990642 0.002792039 -1.152807117 0.004194906 -0.002778076 0.999987423 43.359188080
0.999987900 0.002599928 -0.004171904 0.806671143 -0.002586751 0.999991596 0.003160988 -1.169629335 0.004180087 -0.003150159 0.999986231 43.938121796
0.999987245 0.002325498 -0.004481017 0.815913320 -0.002308328 0.999989986 0.003833028 -1.189403772 0.004489884 -0.003822635 0.999982595 44.476730347
0.999988973 0.002041034 -0.004228761 0.827133358 -0.002024255 0.999990046 0.003968338 -1.203399181 0.004236819 -0.003959734 0.999983132 45.028659821
0.999987602 0.002048188 -0.004534647 0.834570289 -0.002032750 0.999992073 0.003406462 -1.207385063 0.004541590 -0.003397201 0.999983907 45.582450867
0.999985635 0.002024295 -0.004964400 0.850518823 -0.002009696 0.999993622 0.002943889 -1.208752751 0.004970327 -0.002933869 0.999983370 46.134254456
0.999987125 0.002816192 -0.004222273 0.847713411 -0.002801465 0.999989986 0.003489722 -1.235321522 0.004232060 -0.003477848 0.999984980 46.668983459
0.999988317 0.003438418 -0.003412413 0.846138835 -0.003425397 0.999986947 0.003813998 -1.247576833 0.003425483 -0.003802265 0.999986827 47.219409943
0.999988616 0.002383791 -0.004127356 0.858019948 -0.002370643 0.999992132 0.003187650 -1.257148266 0.004134923 -0.003177830 0.999986410 47.760555267
0.999988198 0.002529660 -0.004151136 0.868032873 -0.002515234 0.999990821 0.003477020 -1.273497701 0.004159893 -0.003466538 0.999985278 48.315853119
0.999989271 0.002666156 -0.003810074 0.878465354 -0.002655160 0.999992371 0.002888062 -1.278816938 0.003817745 -0.002877914 0.999988496 48.867988586
0.999988139 0.002468921 -0.004205300 0.886418343 -0.002456529 0.999992609 0.002949373 -1.293894291 0.004212552 -0.002939007 0.999986768 49.413784027
0.999988079 0.003005133 -0.003864947 0.894660830 -0.002992661 0.999990284 0.003228794 -1.309572220 0.003874612 -0.003217189 0.999987304 49.946170807
0.999987781 0.002406702 -0.004311875 0.905432582 -0.002392273 0.999991477 0.003348237 -1.323983908 0.004319897 -0.003337881 0.999985099 50.507347107
0.999988496 0.002490181 -0.004101293 0.907537580 -0.002478623 0.999992967 0.002820994 -1.336025357 0.004108288 -0.002810796 0.999987602 51.062675476
0.999988139 0.002453275 -0.004209296 0.925024748 -0.002439835 0.999991894 0.003195164 -1.347965002 0.004217101 -0.003184855 0.999985993 51.618129730
0.999988139 0.002030680 -0.004428446 0.932169557 -0.002016433 0.999992728 0.003219219 -1.361786366 0.004434952 -0.003210251 0.999985039 52.160041809
0.999990344 0.001299254 -0.004213649 0.944355249 -0.001286757 0.999994814 0.002967298 -1.374855161 0.004217483 -0.002961848 0.999986768 52.714290619
0.999988079 0.002358838 -0.004255932 0.945296228 -0.002348267 0.999994278 0.002487317 -1.382485151 0.004261773 -0.002477294 0.999987781 53.263477325
0.999987841 0.002206739 -0.004405682 0.956483662 -0.002194752 0.999993861 0.002723855 -1.399591446 0.004411665 -0.002714153 0.999986589 53.818267822
0.999986708 0.002000680 -0.004751227 0.969014585 -0.001989339 0.999995172 0.002390329 -1.412455559 0.004755986 -0.002380845 0.999985874 54.362064362
0.999987721 0.002023424 -0.004527500 0.972687244 -0.002011022 0.999994218 0.002742196 -1.424829721 0.004533023 -0.002733057 0.999985993 54.897033691
0.999988019 0.001682674 -0.004604869 0.983025610 -0.001669542 0.999994576 0.002854153 -1.442887545 0.004609647 -0.002846430 0.999985337 55.442901611
0.999988914 0.001621878 -0.004415729 0.990315795 -0.001610288 0.999995232 0.002626925 -1.453282356 0.004419969 -0.002619786 0.999986827 56.001476288
0.999988735 0.001721830 -0.004429680 0.996280789 -0.001710202 0.999995112 0.002627392 -1.470591426 0.004434181 -0.002619787 0.999986708 56.534236908
0.999988496 0.001326946 -0.004598515 1.010220170 -0.001314672 0.999995589 0.002671000 -1.491246700 0.004602038 -0.002664924 0.999985874 57.067794800
0.999988735 0.001863640 -0.004369701 1.015930891 -0.001851311 0.999994278 0.002823993 -1.498982906 0.004374941 -0.002815871 0.999986470 57.631267548
0.999988079 0.001785456 -0.004553184 1.024413943 -0.001773604 0.999994934 0.002605628 -1.513452768 0.004557814 -0.002597520 0.999986291 58.181346893
0.999988139 0.002594137 -0.004127253 1.027799845 -0.002584596 0.999993920 0.002315102 -1.523302674 0.004133234 -0.002304407 0.999988794 58.727188110
0.999989510 0.001726920 -0.004248851 1.030438662 -0.001718246 0.999996364 0.002044412 -1.532393813 0.004252364 -0.002037089 0.999988914 59.289722443
0.999989927 0.001274824 -0.004313078 1.039512634 -0.001267363 0.999997675 0.001732047 -1.546996713 0.004315276 -0.001726564 0.999989212 59.830074310
0.999988794 0.002141761 -0.004222148 1.053374529 -0.002133254 0.999995708 0.002018306 -1.559385657 0.004226453 -0.002009277 0.999988973 60.381156921
0.999989331 0.002589504 -0.003832404 1.047827244 -0.002580942 0.999994099 0.002237352 -1.574514627 0.003838177 -0.002227437 0.999990165 60.931865692
0.999989212 0.003486593 -0.003088308 1.059118032 -0.003480295 0.999991775 0.002042089 -1.591723561 0.003095403 -0.002031319 0.999993145 61.473369598
0.999987662 0.002574614 -0.004243238 1.076709032 -0.002567043 0.999995112 0.001788660 -1.604119420 0.004247823 -0.001777745 0.999989390 62.015518188
0.999987662 0.003055230 -0.003912269 1.078480601 -0.003045873 0.999992609 0.002395306 -1.625784397 0.003919558 -0.002383360 0.999989450 62.568077087
0.999988198 0.003092690 -0.003726460 1.083889365 -0.003086182 0.999993682 0.001750861 -1.634867430 0.003731851 -0.001739340 0.999991477 63.123847961
0.999989808 0.002837640 -0.003499133 1.089164495 -0.002830799 0.999994099 0.001958570 -1.646614313 0.003504670 -0.001948645 0.999991953 63.677700043
0.999988735 0.003473161 -0.003229192 1.089045525 -0.003468712 0.999993026 0.001382343 -1.657191634 0.003233971 -0.001371127 0.999993801 64.210723877
0.999990642 0.003450490 -0.002575863 1.097719312 -0.003446969 0.999993086 0.001369925 -1.671124816 0.002580573 -0.001361033 0.999995768 64.757026672
0.999988377 0.003718400 -0.003072681 1.101226926 -0.003713602 0.999991894 0.001565425 -1.682349324 0.003078478 -0.001553996 0.999994040 65.289329529
0.999988377 0.003897211 -0.002834753 1.107904911 -0.003892533 0.999991179 0.001653810 -1.699268937 0.002841174 -0.001642756 0.999994636 65.833961487
0.999987364 0.004663339 -0.001864380 1.105857730 -0.004660890 0.999988317 0.001315430 -1.710535169 0.001870492 -0.001306724 0.999997437 66.385162354
0.999991834 0.003308835 -0.002316768 1.112018824 -0.003306755 0.999994040 0.000901448 -1.713798642 0.002319737 -0.000893780 0.999996841 66.952247620
0.999991953 0.003040942 -0.002657848 1.127254009 -0.003037687 0.999994636 0.001228041 -1.731401205 0.002661567 -0.001219958 0.999995708 67.485420227
0.999990463 0.003531219 -0.002588705 1.132138491 -0.003526957 0.999992371 0.001649166 -1.749889374 0.002594509 -0.001640020 0.999995232 68.034965515
0.999990642 0.003314915 -0.002778795 1.147263408 -0.003312421 0.999994218 0.000901187 -1.761190295 0.002781766 -0.000891974 0.999995708 68.575294495
0.999989569 0.003754926 -0.002603211 1.154402018 -0.003752623 0.999992549 0.000888670 -1.777056217 0.002606530 -0.000878892 0.999996245 69.128112793
0.999989927 0.003629125 -0.002622726 1.163371682 -0.003626746 0.999993026 0.000911173 -1.786450863 0.002626015 -0.000901652 0.999996126 69.662002563
0.999991000 0.003584089 -0.002271997 1.172075510 -0.003582648 0.999993384 0.000638002 -1.799917698 0.002274269 -0.000629856 0.999997199 70.208175659
0.999992669 0.002698137 -0.002698893 1.190782666 -0.002697525 0.999996364 0.000230064 -1.810942888 0.002699505 -0.000222782 0.999996305 70.753837585
0.999991655 0.003402024 -0.002249163 1.198105812 -0.003401817 0.999994278 0.000095917 -1.825583935 0.002249477 -0.000088265 0.999997437 71.297897339
0.999992728 0.002742513 -0.002659381 1.205205441 -0.002742157 0.999996245 0.000137920 -1.841288447 0.002659749 -0.000130626 0.999996424 71.840675354
0.999991953 0.003222850 -0.002441021 1.206427336 -0.003222286 0.999994755 0.000235226 -1.853977323 0.002441766 -0.000227358 0.999997020 72.383476257
0.999989927 0.003524822 -0.002814668 1.223121405 -0.003525379 0.999993742 -0.000193106 -1.866850019 0.002813969 0.000203027 0.999996006 72.935234070
0.999991357 0.003397764 -0.002359400 1.227808237 -0.003396375 0.999994040 0.000592686 -1.890239120 0.002361400 -0.000584668 0.999997020 73.462318420
0.999990761 0.003026997 -0.003036074 1.236927032 -0.003026133 0.999995410 0.000289073 -1.901085138 0.003036935 -0.000279883 0.999995351 74.006546021
0.999993384 0.002760033 -0.002368122 1.245396614 -0.002760492 0.999996126 -0.000190445 -1.909089327 0.002367587 0.000196981 0.999997199 74.546096802
0.999992788 0.002553893 -0.002790672 1.259158850 -0.002552883 0.999996603 0.000365595 -1.928957582 0.002791596 -0.000358468 0.999996066 75.084106445
0.999994218 0.002024761 -0.002728191 1.269287825 -0.002025225 0.999997914 -0.000166883 -1.940400958 0.002727847 0.000172407 0.999996245 75.635009766
0.999993622 0.001823947 -0.003073927 1.286521435 -0.001825538 0.999998152 -0.000514699 -1.951920867 0.003072983 0.000520307 0.999995172 76.170715332
0.999992788 0.001760282 -0.003358415 1.296454906 -0.001761244 0.999998331 -0.000283536 -1.967677116 0.003357910 0.000289449 0.999994338 76.710838318
0.999993443 0.002084767 -0.003009908 1.303830743 -0.002086709 0.999997735 -0.000642117 -1.982130289 0.003008562 0.000648393 0.999995291 77.256942749
0.999992788 0.001439860 -0.003527610 1.319319606 -0.001444716 0.999998033 -0.001374681 -1.990638971 0.003525623 0.001379767 0.999992847 77.801574707
0.999991894 0.001621194 -0.003678594 1.322988868 -0.001624109 0.999998331 -0.000789533 -2.010252476 0.003677308 0.000795502 0.999992907 78.330024719
0.999992013 0.002176490 -0.003354186 1.330482841 -0.002177976 0.999997556 -0.000439454 -2.031430244 0.003353221 0.000446756 0.999994278 78.863456726
0.999991477 0.001938131 -0.003650804 1.346264362 -0.001940275 0.999997914 -0.000583603 -2.040822268 0.003649664 0.000590682 0.999993145 79.408988953
0.999991059 0.002580070 -0.003327935 1.357096434 -0.002582206 0.999996483 -0.000637841 -2.051607609 0.003326277 0.000646429 0.999994278 79.951148987
0.999992251 0.002614569 -0.002948407 1.356949329 -0.002617256 0.999996185 -0.000907545 -2.066481352 0.002946023 0.000915255 0.999995232 80.492889404
0.999995112 0.002369659 -0.001999967 1.368512511 -0.002370744 0.999996960 -0.000539307 -2.088704824 0.001998683 0.000544046 0.999997854 81.020545959
0.999994278 0.003248538 -0.000964973 1.381189108 -0.003248944 0.999994636 -0.000419138 -2.102099895 0.000963606 0.000422270 0.999999464 81.562088013
0.999996245 0.002730936 0.000217961 1.389586210 -0.002730933 0.999996245 -0.000013724 -2.125982523 -0.000217998 0.000013129 1.000000000 82.096084595
0.999997497 0.001729749 0.001402930 1.412297606 -0.001728506 0.999998093 -0.000886439 -2.126832962 -0.001404461 0.000884012 0.999998629 82.658447266
0.999989033 0.001239064 0.004491471 1.433293343 -0.001230062 0.999997199 -0.002006281 -2.139995337 -0.004493944 0.002000735 0.999987900 83.201637268
0.999966085 0.002460915 0.007860580 1.451330781 -0.002453948 0.999996603 -0.000895950 -2.150548458 -0.007862759 0.000876630 0.999968708 83.716491699
0.999934435 0.002300460 0.011215738 1.469197989 -0.002287883 0.999996722 -0.001134243 -2.165790319 -0.011218312 0.001108509 0.999936461 84.253837585
0.999859989 0.003411398 0.016380986 1.489258766 -0.003396589 0.999993742 -0.000931728 -2.183565140 -0.016384063 0.000875958 0.999865413 84.795227051
0.999747276 0.003189614 0.022250054 1.521703839 -0.003166578 0.999994397 -0.001070439 -2.195405245 -0.022253342 0.000999712 0.999751866 85.327713013
0.999607980 0.002630100 0.027873665 1.551986217 -0.002591719 0.999995649 -0.001413027 -2.209483862 -0.027877256 0.001340232 0.999610484 85.876861572
0.999444723 0.002179177 0.033249646 1.589315414 -0.002130687 0.999996543 -0.001493737 -2.223712206 -0.033252791 0.001422063 0.999445975 86.407310486
0.999159992 0.001791977 0.040940754 1.628839016 -0.001720300 0.999996841 -0.001785908 -2.232337475 -0.040943824 0.001713977 0.999159992 86.964027405
0.998787999 0.002180671 0.049171001 1.666964531 -0.002118782 0.999996901 -0.001310718 -2.254225731 -0.049173705 0.001204947 0.998789489 87.500144958
0.998400331 0.001874063 0.056508005 1.710858345 -0.001822893 0.999997854 -0.000957066 -2.268882275 -0.056509677 0.000852527 0.998401642 88.036186218
0.997911155 0.001544400 0.064583451 1.767663002 -0.001467663 0.999998152 -0.001235616 -2.280756474 -0.064585239 0.001138248 0.997911572 88.584388733
0.997154593 0.001888848 0.075360097 1.820206165 -0.001723783 0.999995947 -0.002255328 -2.285679102 -0.075364053 0.002119006 0.997153819 89.126380920
0.996475756 0.001976447 0.083859034 1.884062767 -0.001781155 0.999995530 -0.002403561 -2.301920414 -0.083863415 0.002245724 0.996474802 89.677185059
0.995807230 0.001695024 0.091462016 1.950528622 -0.001531100 0.999997079 -0.001862397 -2.335604668 -0.091464907 0.001714550 0.995806754 90.218727112
0.994707167 0.001194699 0.102743663 2.014590740 -0.001063982 0.999998569 -0.001327069 -2.354223251 -0.102745101 0.001210727 0.994706988 90.750137329
0.993581712 0.001405082 0.113108233 2.092128754 -0.001309847 0.999998689 -0.000916292 -2.370554924 -0.113109380 0.000762256 0.993582249 91.293754578
0.992471814 0.001178364 0.122467548 2.194433212 -0.000974549 0.999998033 -0.001724124 -2.384420872 -0.122469328 0.001591794 0.992471039 91.859176636
0.991033435 0.000590084 0.133612677 2.283146858 -0.000435401 0.999999166 -0.001186904 -2.402794838 -0.133613259 0.001118087 0.991032898 92.401397705
0.989393175 -0.000177725 0.145262033 2.407680511 0.000438839 0.999998331 -0.001765492 -2.414497375 -0.145261511 0.001810513 0.989391625 92.976600647
0.987734199 0.000170020 0.156144530 2.504727364 0.000075191 0.999998748 -0.001564504 -2.434733868 -0.156144574 0.001557055 0.987733006 93.525154114
0.986012518 -0.000381084 0.166670859 2.608453751 0.000672098 0.999998331 -0.001689638 -2.449642658 -0.166669935 0.001778024 0.986011147 94.059989929
0.983739376 -0.000427134 0.179601520 2.724180222 0.000768725 0.999998033 -0.001832349 -2.462050438 -0.179600403 0.001940618 0.983737648 94.585006714
0.981432796 -0.001565974 0.191800490 2.854004860 0.001969258 0.999996305 -0.001912016 -2.479995251 -0.191796750 0.002254219 0.981432021 95.110267639
0.979248881 -0.001421434 0.202656388 2.969787598 0.001886622 0.999996126 -0.002102295 -2.489616394 -0.202652588 0.002441006 0.979247630 95.687057495
0.976667881 -0.001870355 0.214747548 3.117824554 0.002255518 0.999996305 -0.001548530 -2.508281231 -0.214743882 0.001996766 0.976668358 96.195632935
0.973329902 -0.001331030 0.229405716 3.253404617 0.001827476 0.999996364 -0.001951614 -2.518145084 -0.229402333 0.002318798 0.973328888 96.751136780
0.970643163 -0.001123352 0.240521431 3.396492004 0.001530785 0.999997735 -0.001507129 -2.535960674 -0.240519211 0.001831071 0.970642567 97.285667419
0.967672408 -0.002257154 0.252199978 3.566390991 0.002734497 0.999995053 -0.001542251 -2.561611176 -0.252195269 0.002182034 0.967673838 97.815055847
0.963936031 -0.002065070 0.266125888 3.736339569 0.002539890 0.999995649 -0.001440030 -2.579380989 -0.266121745 0.002064028 0.963937223 98.353607178
0.960272372 -0.001946222 0.279057533 3.897100449 0.002347346 0.999996543 -0.001103271 -2.600049496 -0.279054463 0.001714486 0.960273802 98.873207092
0.956996143 -0.002288233 0.290091306 4.082626343 0.002900118 0.999994457 -0.001679411 -2.599857569 -0.290085793 0.002448489 0.956997514 99.393173218
0.953269303 -0.003358161 0.302103251 4.306591034 0.004089801 0.999990046 -0.001789303 -2.622402906 -0.302094162 0.002941230 0.953273535 99.977264404
0.949048936 -0.003641936 0.315107912 4.507125854 0.004281651 0.999989986 -0.001337942 -2.647399664 -0.315099865 0.002618955 0.949054837 100.485588074
0.945107937 -0.004477748 0.326727599 4.698789597 0.005175916 0.999985814 -0.001267460 -2.648156166 -0.326717287 0.002889001 0.945117712 100.981513977
0.940403283 -0.004687518 0.340028852 4.892242432 0.005406735 0.999984682 -0.001167738 -2.677538872 -0.340018183 0.002936590 0.940414310 101.476394653
0.934859872 -0.004936666 0.354982555 5.130929947 0.005871631 0.999981523 -0.001556632 -2.693845034 -0.354968309 0.003539559 0.934871614 102.024841309
0.930107713 -0.003931780 0.367265940 5.347391129 0.004640815 0.999988675 -0.001047530 -2.712077379 -0.367257684 0.002678729 0.930115402 102.528602600
0.925439119 -0.005016471 0.378863186 5.547170639 0.006019092 0.999980748 -0.001462080 -2.732554436 -0.378848583 0.003633478 0.925451517 103.004493713
0.919386744 -0.005823585 0.393311739 5.804744720 0.006861277 0.999975681 -0.001232416 -2.738772392 -0.393295050 0.003831689 0.919404328 103.526199341
0.913574517 -0.006512961 0.406619191 6.046749115 0.007633608 0.999970198 -0.001133993 -2.749585629 -0.406599700 0.004139959 0.913597047 104.009780884
0.908581436 -0.006888079 0.417651117 6.292098999 0.008109346 0.999966443 -0.001149651 -2.765153408 -0.417629182 0.004431429 0.908606768 104.493057251
0.902349651 -0.007322304 0.430942565 6.562835693 0.008569110 0.999962807 -0.000952101 -2.780915737 -0.430919617 0.004551923 0.902378798 105.002113342
0.895512521 -0.007275184 0.444976866 6.827564240 0.008590862 0.999962628 -0.000940077 -2.794197083 -0.444953501 0.004664586 0.895541549 105.501785278
0.889613330 -0.008606078 0.456633508 7.092494965 0.009831494 0.999951601 -0.000307830 -2.819478273 -0.456608802 0.004763239 0.889654875 105.965805054
0.883889616 -0.008187942 0.467623889 7.353553772 0.009517932 0.999954581 -0.000481653 -2.824543715 -0.467598736 0.004876542 0.883927405 106.443130493
0.876500905 -0.007585573 0.481340408 7.637905121 0.008859048 0.999960721 -0.000373309 -2.838113308 -0.481318712 0.004591424 0.876533628 106.916618347
0.869768500 -0.008418472 0.493388146 7.951042175 0.009590567 0.999953985 0.000155072 -2.863136053 -0.493366748 0.004596995 0.869809270 107.390518188
