1.000000000 0.000000000 0.000000000 0.000000000 0.000000000 1.000000000 0.000000000 0.000000000 0.000000000 0.000000000 1.000000000 0.000000000
1.000000000 0.000041684 -0.000021564 0.000443591 -0.000041683 1.000000000 0.000013526 -0.000358452 0.000021564 -0.000013525 1.000000000 0.001361112
1.000000000 0.000009650 -0.000013064 0.001064695 -0.000009649 1.000000000 0.000048206 -0.000770618 0.000013065 -0.000048206 1.000000000 0.001006582
1.000000000 -0.000019772 -0.000058182 0.001530353 0.000019770 1.000000000 -0.000029430 -0.000817084 0.000058183 0.000029428 1.000000000 -0.000870674
1.000000000 -0.000059065 -0.000085650 0.001291410 0.000059072 1.000000000 0.000074486 -0.000891141 0.000085646 -0.000074491 1.000000000 -0.000145390
1.000000000 -0.000022895 -0.000070633 -0.000679144 0.000022893 1.000000000 -0.000027555 0.001140111 0.000070633 0.000027553 1.000000000 0.001878760
1.000000000 -0.000116307 -0.000085224 0.001084454 0.000116315 1.000000000 0.000095292 -0.000652305 0.000085213 -0.000095302 1.000000000 0.000210868
1.000000000 -0.000039878 -0.000021097 -0.000229008 0.000039880 1.000000000 0.000073769 -0.001151027 0.000021094 -0.000073770 1.000000000 -0.001024266
1.000000000 0.000052292 -0.000046302 0.001110908 -0.000052289 1.000000000 0.000063981 -0.000667699 0.000046305 -0.000063979 1.000000000 -0.001823029
1.000000000 0.000034902 -0.000008165 -0.000014151 -0.000034902 1.000000000 0.000053373 0.000211575 0.000008167 -0.000053372 1.000000000 0.001782866
1.000000000 0.000048493 0.000002334 -0.000162497 -0.000048493 1.000000000 0.000012919 -0.000251233 -0.000002334 -0.000012919 1.000000000 0.000249528
1.000000000 -0.000056350 -0.000102942 0.001218863 0.000056359 1.000000000 0.000087747 -0.000792213 0.000102937 -0.000087753 1.000000000 -0.000888958
1.000000000 -0.000041654 -0.000037815 0.000390524 0.000041654 1.000000000 0.000007422 0.000390270 0.000037815 -0.000007423 1.000000000 0.001752925
1.000000000 -0.000130855 -0.000112978 0.000711302 0.000130869 1.000000000 0.000127330 -0.000187505 0.000112961 -0.000127345 1.000000000 0.000047164
1.000000000 -0.000011484 -0.000092342 0.001299213 0.000011489 1.000000000 0.000045355 -0.000411718 0.000092341 -0.000045356 1.000000000 -0.003599585
1.000000000 -0.000033519 -0.000126739 0.003032597 0.000033533 1.000000000 0.000108101 -0.000816586 0.000126735 -0.000108105 1.000000000 -0.002572557
1.000000000 -0.000063419 -0.000090136 0.002629068 0.000063430 1.000000000 0.000119274 -0.001626831 0.000090128 -0.000119279 1.000000000 -0.003042297
1.000000000 -0.000053538 -0.000090402 0.002813981 0.000053545 1.000000000 0.000074376 -0.000809065 0.000090398 -0.000074381 1.000000000 -0.001304153
1.000000000 0.000058202 -0.000066722 0.001910767 -0.000058194 1.000000000 0.000129202 -0.001315658 0.000066730 -0.000129198 1.000000000 -0.002781882
1.000000000 -0.000093234 -0.000092346 0.002564015 0.000093243 1.000000000 0.000098746 -0.001599715 0.000092337 -0.000098755 1.000000000 -0.004141845
1.000000000 -0.000077828 -0.000107237 0.001395027 0.000077835 1.000000000 0.000071862 0.000183758 0.000107231 -0.000071871 1.000000000 0.001575886
1.000000000 -0.000100211 -0.000088030 0.001185338 0.000100222 1.000000000 0.000124860 -0.001719809 0.000088017 -0.000124869 1.000000000 -0.005399245
1.000000000 0.000041582 -0.000109846 0.003255119 -0.000041568 1.000000000 0.000126379 -0.001073703 0.000109851 -0.000126374 1.000000000 -0.002207702
1.000000000 -0.000071802 -0.000152584 0.003142369 0.000071817 1.000000000 0.000097887 -0.001315893 0.000152577 -0.000097898 1.000000000 -0.002163019
1.000000000 -0.000094104 -0.000112202 0.002341576 0.000094113 1.000000000 0.000083008 -0.001322488 0.000112195 -0.000083018 1.000000000 -0.003176091
1.000000000 -0.000037632 -0.000136186 0.002903547 0.000037641 1.000000000 0.000066446 -0.000455526 0.000136184 -0.000066451 1.000000000 -0.001238815
1.000000000 -0.000041651 -0.000081745 0.003190344 0.000041655 1.000000000 0.000057887 -0.000458755 0.000081742 -0.000057891 1.000000000 -0.001518617
1.000000000 -0.000168603 -0.000168648 0.002376267 0.000168625 1.000000000 0.000130837 -0.000770872 0.000168626 -0.000130866 1.000000000 -0.003608740
1.000000000 -0.000168003 -0.000105815 0.001656443 0.000168013 1.000000000 0.000088038 -0.001668861 0.000105800 -0.000088056 1.000000000 -0.001358103
1.000000000 -0.000058807 -0.000180671 0.004300405 0.000058844 1.000000000 0.000204699 -0.002675000 0.000180659 -0.000204710 0.999999940 -0.004827983
1.000000000 -0.000158125 -0.000175992 0.004404146 0.000158143 1.000000000 0.000102826 -0.001240116 0.000175975 -0.000102854 1.000000000 -0.002435480
1.000000000 -0.000103287 -0.000160262 0.003111872 0.000103303 1.000000000 0.000102739 -0.000606920 0.000160252 -0.000102756 1.000000000 -0.002233594
1.000000000 -0.000074731 -0.000127792 0.003462392 0.000074745 1.000000000 0.000103768 -0.001200005 0.000127784 -0.000103778 1.000000000 -0.005074779
1.000000000 -0.000005261 -0.000087818 0.002627897 0.000005267 1.000000000 0.000063397 -0.000604934 0.000087818 -0.000063397 1.000000000 -0.003201256
1.000000000 -0.000027688 -0.000105453 0.002124756 0.000027697 1.000000000 0.000086882 -0.000497245 0.000105451 -0.000086885 1.000000000 -0.001486342
1.000000000 -0.000166747 -0.000121369 0.002456401 0.000166767 1.000000000 0.000163237 -0.002847360 0.000121342 -0.000163257 1.000000000 -0.004141215
1.000000000 -0.000114182 -0.000173228 0.003407385 0.000114199 1.000000000 0.000096840 -0.000613211 0.000173217 -0.000096859 1.000000000 -0.002874020
1.000000000 -0.000077491 -0.000163216 0.005309237 0.000077516 1.000000000 0.000157415 -0.001455879 0.000163203 -0.000157428 1.000000000 -0.005722993
1.000000000 -0.000098937 -0.000099036 0.001798658 0.000098947 1.000000000 0.000100618 -0.000847930 0.000099026 -0.000100628 1.000000000 -0.002888137
0.999999940 -0.000172606 -0.000180100 0.003090342 0.000172638 0.999999940 0.000175819 -0.001843141 0.000180070 -0.000175850 0.999999940 -0.004879651
1.000000000 -0.000042577 -0.000187821 0.004629802 0.000042586 1.000000000 0.000048319 -0.001700647 0.000187819 -0.000048327 1.000000000 -0.002297467
1.000000000 -0.000228293 -0.000039487 0.002240602 0.000228272 0.999999821 -0.000522224 -0.003017415 0.000039606 0.000522215 0.999999881 0.049926117
1.000000000 0.000054592 -0.000110656 0.004141539 -0.000054717 0.999999344 -0.001131764 -0.005890843 0.000110594 0.001131770 0.999999344 0.137905836
1.000000000 -0.000002425 0.000015831 0.004863816 0.000002448 0.999998927 -0.001455886 -0.009090748 -0.000015828 0.001455886 0.999998927 0.254810929
1.000000000 0.000016622 -0.000006526 0.008233239 -0.000016632 0.999998927 -0.001448757 -0.012129106 0.000006502 0.001448757 0.999998927 0.387451887
1.000000000 0.000069082 -0.000016357 0.010613839 -0.000069102 0.999999285 -0.001210189 -0.016708210 0.000016273 0.001210190 0.999999285 0.526779771
1.000000000 0.000203595 0.000038612 0.014802492 -0.000203555 0.999999464 -0.001041418 -0.023700804 -0.000038824 0.001041410 0.999999464 0.679771781
1.000000000 0.000022736 0.000120361 0.014637190 -0.000022631 0.999999642 -0.000873191 -0.029278155 -0.000120381 0.000873189 0.999999583 0.843594551
0.999999881 0.000437088 0.000284990 0.014258234 -0.000436881 0.999999642 -0.000725506 -0.027643370 -0.000285307 0.000725382 0.999999702 1.021564484
0.999999940 0.000314569 0.000055765 0.023810098 -0.000314537 0.999999762 -0.000582284 -0.035793386 -0.000055949 0.000582266 0.999999821 1.188528776
1.000000000 -0.000037257 0.000000106 0.027857292 0.000037257 0.999999940 0.000104640 -0.050445851 -0.000000110 -0.000104640 1.000000000 1.359697700
0.999999940 0.000069960 -0.000177165 0.031464759 -0.000069950 0.999999940 0.000051937 -0.053652670 0.000177169 -0.000051924 1.000000000 1.555244923
1.000000000 -0.000315037 0.000112675 0.035263881 0.000315008 0.999999940 0.000256652 -0.063222438 -0.000112756 -0.000256617 1.000000000 1.749838710
1.000000000 -0.000352562 -0.000118178 0.040941410 0.000352614 0.999999881 0.000442428 -0.067598306 0.000118022 -0.000442470 0.999999940 1.955358624
0.999999940 -0.000141640 0.000245506 0.039258473 0.000141531 0.999999881 0.000442620 -0.074616328 -0.000245569 -0.000442585 0.999999881 2.178124905
0.999999940 0.000072627 0.000318073 0.044437360 -0.000072829 0.999999821 0.000636253 -0.078131504 -0.000318026 -0.000636276 0.999999762 2.392244101
1.000000000 -0.000098282 0.000094703 0.055977602 0.000098218 0.999999762 0.000675232 -0.086498819 -0.000094770 -0.000675222 0.999999821 2.611864805
0.999999821 0.000133466 0.000446499 0.052663580 -0.000133807 0.999999642 0.000764696 -0.093779691 -0.000446397 -0.000764755 0.999999583 2.849987268
0.999999881 -0.000184038 0.000254329 0.060166836 0.000183794 0.999999464 0.000960618 -0.098009825 -0.000254505 -0.000960571 0.999999523 3.090420961
1.000000000 -0.000122069 0.000203759 0.065719828 0.000121871 0.999999523 0.000971305 -0.106447540 -0.000203877 -0.000971280 0.999999523 3.320297956
0.999999821 -0.000378189 0.000399937 0.069248788 0.000377748 0.999999344 0.001102755 -0.119873688 -0.000400354 -0.001102604 0.999999285 3.555116892
1.000000000 -0.000095477 0.000286561 0.075415462 0.000095181 0.999999523 0.001033031 -0.123665042 -0.000286659 -0.001033003 0.999999404 3.809277296
0.999999881 -0.000112214 0.000423847 0.082301483 0.000111662 0.999999166 0.001304389 -0.135319293 -0.000423993 -0.001304342 0.999999046 4.061166286
0.999999702 -0.000287715 0.000720468 0.079999752 0.000286494 0.999998510 0.001693624 -0.144518405 -0.000720955 -0.001693417 0.999998331 4.323896885
0.999999762 -0.000461463 0.000565006 0.085256875 0.000460435 0.999998152 0.001818294 -0.153085262 -0.000565844 -0.001818033 0.999998212 4.579551220
0.999999642 -0.000193778 0.000843897 0.093636677 0.000192085 0.999997914 0.002006712 -0.159807339 -0.000844284 -0.002006549 0.999997616 4.840892315
0.999999642 -0.000598212 0.000623375 0.102668703 0.000596783 0.999997199 0.002288954 -0.175789937 -0.000624743 -0.002288581 0.999997199 5.092888832
0.999999762 -0.000326513 0.000611025 0.106646165 0.000325141 0.999997437 0.002245183 -0.181544542 -0.000611757 -0.002244984 0.999997318 5.358674526
0.999999762 -0.000300355 0.000597309 0.110854171 0.000299010 0.999997377 0.002250261 -0.189513460 -0.000597984 -0.002250082 0.999997258 5.635557652
0.999999821 -0.000099300 0.000542161 0.115313493 0.000098050 0.999997318 0.002306236 -0.196042046 -0.000542388 -0.002306182 0.999997139 5.914290905
0.999999583 -0.000506674 0.000755711 0.117967799 0.000504761 0.999996662 0.002529330 -0.214528039 -0.000756990 -0.002528947 0.999996543 6.174463749
0.999999642 -0.000006676 0.000842598 0.124901041 0.000004405 0.999996364 0.002696038 -0.224536657 -0.000842613 -0.002696034 0.999996006 6.453937531
0.999999464 0.000090336 0.001047553 0.129367083 -0.000093060 0.999996603 0.002600396 -0.232706651 -0.001047314 -0.002600492 0.999996066 6.740246773
0.999999404 0.000071340 0.001131393 0.135711327 -0.000074329 0.999996543 0.002641946 -0.240846634 -0.001131201 -0.002642028 0.999995828 7.048149586
0.999999583 -0.000152994 0.000964559 0.143438131 0.000150375 0.999996305 0.002715026 -0.247628465 -0.000964971 -0.002714880 0.999995828 7.347500324
0.999999404 0.000216693 0.001109078 0.154889971 -0.000220094 0.999995232 0.003067690 -0.268966585 -0.001108408 -0.003067932 0.999994695 7.628321648
0.999999166 -0.000155956 0.001247983 0.153974175 0.000152022 0.999994993 0.003151657 -0.278991073 -0.001248469 -0.003151465 0.999994278 7.969303608
0.999999106 -0.000618373 0.001151478 0.161877304 0.000614771 0.999994874 0.003126085 -0.285188377 -0.001153405 -0.003125375 0.999994457 8.294450760
0.999998927 -0.000047389 0.001446902 0.167564318 0.000042685 0.999994695 0.003251130 -0.294993937 -0.001447049 -0.003251066 0.999993682 8.619342804
0.999998927 0.000208815 0.001449161 0.169717550 -0.000213565 0.999994576 0.003278673 -0.307292581 -0.001448468 -0.003278979 0.999993563 8.954120636
0.999998808 0.000077367 0.001544595 0.175656229 -0.000082499 0.999994457 0.003322853 -0.319054812 -0.001544330 -0.003322976 0.999993265 9.298606873
0.999998510 0.000381163 0.001672117 0.182099596 -0.000387032 0.999993742 0.003511062 -0.329554409 -0.001670769 -0.003511704 0.999992371 9.618662834
0.999998510 0.000617285 0.001617899 0.191248477 -0.000623076 0.999993324 0.003581490 -0.338314682 -0.001615677 -0.003582493 0.999992251 9.956542015
0.999998808 0.000125570 0.001526062 0.204415366 -0.000130886 0.999993920 0.003483615 -0.347987384 -0.001525615 -0.003483810 0.999992788 10.324863434
0.999998748 0.000234291 0.001550986 0.211664394 -0.000239772 0.999993742 0.003534740 -0.358033627 -0.001550148 -0.003535107 0.999992490 10.691866875
0.999998629 0.000053637 0.001647766 0.219776511 -0.000059617 0.999993443 0.003629186 -0.365661114 -0.001647560 -0.003629279 0.999992073 11.056950569
0.999998569 0.000062371 0.001706070 0.226210818 -0.000068335 0.999993861 0.003495995 -0.376820028 -0.001705842 -0.003496107 0.999992430 11.432201385
0.999998450 0.000327137 0.001780860 0.234063581 -0.000333510 0.999993563 0.003579480 -0.385131091 -0.001779678 -0.003580068 0.999992013 11.808431625
0.999998569 -0.000308273 0.001681635 0.250204444 0.000301870 0.999992669 0.003806499 -0.400537908 -0.001682796 -0.003805986 0.999991298 12.204181671
0.999998510 0.000070489 0.001722621 0.259471387 -0.000076766 0.999993324 0.003643900 -0.411334366 -0.001722354 -0.003644026 0.999991894 12.576441765
0.999998748 -0.000321558 0.001498264 0.269500762 0.000315895 0.999992907 0.003778543 -0.422915965 -0.001499469 -0.003778065 0.999991775 12.971913338
0.999998510 0.000349160 0.001678718 0.278432429 -0.000356074 0.999991536 0.004119718 -0.435345829 -0.001677265 -0.004120309 0.999990106 13.369206429
0.999997735 0.000409284 0.002108793 0.286651313 -0.000417911 0.999991596 0.004092493 -0.443133026 -0.002107101 -0.004093364 0.999989390 13.779470444
0.999997675 0.000269818 0.002131225 0.292939067 -0.000278689 0.999991417 0.004163115 -0.456235141 -0.002130084 -0.004163700 0.999989092 14.172848701
0.999997079 0.000289899 0.002387310 0.301246703 -0.000299566 0.999991775 0.004050110 -0.468509585 -0.002386116 -0.004050813 0.999989033 14.600191116
0.999996781 -0.000096693 0.002520224 0.315998584 0.000085790 0.999990702 0.004326177 -0.483788431 -0.002520618 -0.004325947 0.999987543 15.016407013
0.999997258 -0.000324294 0.002325509 0.327214926 0.000314010 0.999990106 0.004421185 -0.497420073 -0.002326920 -0.004420443 0.999987543 15.425498962
0.999995589 0.000058732 0.002976517 0.333415627 -0.000072176 0.999989748 0.004516622 -0.507409871 -0.002976221 -0.004516817 0.999985456 15.869930267
0.999993980 0.000623376 0.003432557 0.342625856 -0.000640010 0.999988019 0.004846877 -0.519578993 -0.003429494 -0.004849044 0.999982357 16.314996719
0.999994993 0.000029083 0.003155265 0.355127990 -0.000044431 0.999988198 0.004864242 -0.540420175 -0.003155087 -0.004864358 0.999983191 16.739446640
0.999994516 0.000244165 0.003284573 0.368923217 -0.000260915 0.999987006 0.005100095 -0.554062426 -0.003283284 -0.005100925 0.999981642 17.197132111
0.999992669 0.000456220 0.003801643 0.380514652 -0.000477133 0.999984801 0.005502198 -0.566781461 -0.003799075 -0.005503972 0.999977648 17.661403656
0.999991953 0.000102157 0.004009135 0.388692677 -0.000124497 0.999984443 0.005572263 -0.587019622 -0.004008503 -0.005572718 0.999976456 18.102581024
0.999988616 0.000672363 0.004732410 0.396656185 -0.000698077 0.999984980 0.005434074 -0.593788624 -0.004728686 -0.005437315 0.999974072 18.577486038
0.999989927 0.000360588 0.004490122 0.414725542 -0.000384650 0.999985456 0.005359156 -0.608001828 -0.004488125 -0.005360829 0.999975622 19.044507980
0.999990821 0.000018116 0.004270543 0.431337029 -0.000041889 0.999984503 0.005566619 -0.621816516 -0.004270377 -0.005566747 0.999975443 19.511634827
0.999990463 0.000226368 0.004350481 0.446117073 -0.000254027 0.999979734 0.006358353 -0.651356339 -0.004348954 -0.006359398 0.999970317 19.971155167
0.999991119 -0.000248710 0.004208264 0.459776580 0.000222699 0.999980867 0.006180288 -0.660064280 -0.004209721 -0.006179295 0.999972045 20.463857651
0.999992728 -0.000297277 0.003801537 0.467577904 0.000274192 0.999981582 0.006071563 -0.667273462 -0.003803272 -0.006070477 0.999974430 20.966634750
0.999993920 0.000323237 0.003465520 0.479494184 -0.000345962 0.999978423 0.006558904 -0.692340732 -0.003463325 -0.006560065 0.999972403 21.443084717
0.999995530 -0.000027479 0.002989200 0.486178160 0.000008476 0.999979734 0.006357107 -0.704028130 -0.002989314 -0.006357054 0.999975324 21.944217682
0.999996245 -0.000110786 0.002719827 0.504462719 0.000092442 0.999977231 0.006743500 -0.715203464 -0.002720512 -0.006743224 0.999973476 22.434011459
0.999996960 0.000092191 0.002482851 0.507904112 -0.000108417 0.999978542 0.006535897 -0.725982785 -0.002482195 -0.006536147 0.999975502 22.961761475
0.999998510 -0.000131717 0.001730929 0.530877233 0.000119931 0.999976814 0.006806946 -0.746278167 -0.001731785 -0.006806728 0.999975264 23.452196121
0.999998629 -0.001181033 0.001203239 0.542011559 0.001173050 0.999977410 0.006613292 -0.760652781 -0.001211023 -0.006611872 0.999977350 23.970134735
0.999999702 -0.000000602 0.000739762 0.546324849 -0.000004175 0.999979138 0.006456760 -0.764165580 -0.000739750 -0.006456761 0.999978840 24.497083664
0.999999940 -0.000367803 0.000093790 0.563500583 0.000367136 0.999975324 0.007011687 -0.780674040 -0.000096366 -0.007011652 0.999975443 25.024723053
0.999999523 0.000351402 -0.000894297 0.566996574 -0.000345304 0.999976695 0.006810267 -0.791042149 0.000896669 -0.006809955 0.999976337 25.556631088
0.999999464 0.000306910 -0.000956423 0.575870633 -0.000300574 0.999978006 0.006617494 -0.801372170 0.000958433 -0.006617203 0.999977589 26.108659744
0.999998629 -0.000662987 -0.001500014 0.583477616 0.000674250 0.999971509 0.007520507 -0.817462146 0.001494986 -0.007521508 0.999970615 26.652276993
0.999997377 -0.000745826 -0.002169397 0.604162097 0.000762489 0.999970198 0.007690122 -0.838673711 0.002163597 -0.007691755 0.999968112 27.199544907
0.999997079 0.000327000 -0.002384180 0.597611725 -0.000309529 0.999973059 0.007324360 -0.843279183 0.002386511 -0.007323600 0.999970317 27.724714279
0.999995470 0.000386132 -0.002973706 0.609242082 -0.000363865 0.999971926 0.007484651 -0.855957627 0.002976512 -0.007483535 0.999967635 28.264234543
0.999995172 0.000881698 -0.002983554 0.616298020 -0.000858939 0.999970555 0.007620532 -0.869993329 0.002990185 -0.007617933 0.999966502 28.822572708
0.999993682 0.000093206 -0.003555832 0.632869422 -0.000066598 0.999971986 0.007482319 -0.881933331 0.003556430 -0.007482034 0.999965608 29.320739746
0.999992788 0.000064307 -0.003802231 0.634560049 -0.000035228 0.999970675 0.007647488 -0.892612636 0.003802611 -0.007647298 0.999963522 29.860033035
0.999991655 0.000594320 -0.004054200 0.646288276 -0.000563012 0.999970078 0.007719105 -0.907266378 0.004058667 -0.007716757 0.999961972 30.408782959
0.999991834 0.000362277 -0.004022451 0.647045135 -0.000331404 0.999970496 0.007673225 -0.917560756 0.004025112 -0.007671828 0.999962449 30.925754547
0.999989271 0.000239606 -0.004630780 0.668506205 -0.000203905 0.999970257 0.007708369 -0.942552447 0.004632489 -0.007707342 0.999959528 31.446353912
0.999985814 -0.000087956 -0.005339460 0.681290507 0.000129385 0.999969900 0.007759182 -0.956879556 0.005338617 -0.007759763 0.999955595 32.000278473
0.999986172 -0.000438598 -0.005243601 0.681170881 0.000480810 0.999967456 0.008051641 -0.959879637 0.005239898 -0.008054052 0.999953866 32.529972076
0.999983311 0.000143242 -0.005772877 0.700595558 -0.000099680 0.999971509 0.007545549 -0.964275479 0.005773794 -0.007544848 0.999954879 33.114673615
0.999980509 -0.001260880 -0.006113782 0.701305389 0.001312939 0.999962807 0.008518311 -0.988651574 0.006102813 -0.008526172 0.999945045 33.605262756
0.999981999 -0.000800475 -0.005946839 0.713099658 0.000849857 0.999965131 0.008306036 -0.997687638 0.005939983 -0.008310940 0.999947846 34.150478363
0.999980867 -0.000773289 -0.006158174 0.727706432 0.000826619 0.999962091 0.008662086 -1.014833212 0.006151242 -0.008667009 0.999943554 34.696750641
0.999981880 -0.000500529 -0.006015584 0.711027265 0.000553000 0.999961734 0.008724118 -1.021445632 0.006010988 -0.008727286 0.999943852 35.239170074
0.999984205 0.000194330 -0.005618203 0.717641592 -0.000148546 0.999966800 0.008148444 -1.036198616 0.005619600 -0.008147481 0.999951005 35.816986084
0.999984264 0.000507751 -0.005586574 0.728785515 -0.000462354 0.999966919 0.008124381 -1.050938845 0.005590513 -0.008121672 0.999951363 36.355487823
0.999981761 0.000778447 -0.005985974 0.733862221 -0.000728165 0.999964416 0.008397642 -1.070091009 0.005992298 -0.008393130 0.999946833 36.885192871
0.999979973 0.000908426 -0.006259303 0.744525790 -0.000856353 0.999964952 0.008316967 -1.085367203 0.006266639 -0.008311439 0.999945879 37.425861359
0.999979496 0.000941562 -0.006328191 0.759105265 -0.000887776 0.999963462 0.008496778 -1.096707463 0.006335961 -0.008490984 0.999943912 37.990379333
0.999976754 0.001171298 -0.006718218 0.763121724 -0.001113216 0.999961972 0.008642736 -1.129098892 0.006728086 -0.008635057 0.999940097 38.496425629
0.999974668 0.001274530 -0.007010709 0.773816705 -0.001216099 0.999964535 0.008332552 -1.139678717 0.007021081 -0.008323814 0.999940693 39.038482666
0.999972701 0.001127784 -0.007301592 0.781826437 -0.001065473 0.999963045 0.008532163 -1.155267358 0.007310944 -0.008524150 0.999936938 39.585765839
0.999973118 0.001833559 -0.007098244 0.784426093 -0.001775657 0.999965191 0.008155106 -1.157727003 0.007112949 -0.008142283 0.999941528 40.125568390
0.999973416 0.001793450 -0.007075269 0.794807076 -0.001736749 0.999966443 0.008012022 -1.168400288 0.007089399 -0.007999521 0.999942899 40.657974243
0.999976218 0.001097609 -0.006808244 0.774277985 -0.001038834 0.999962151 0.008630376 -1.189817190 0.006817460 -0.008623095 0.999939561 41.239356995
0.999972939 0.001211807 -0.007259779 0.791223049 -0.001149987 0.999963105 0.008513466 -1.205121994 0.007269828 -0.008504886 0.999937356 41.780574799
0.999975741 0.001018966 -0.006884153 0.802089691 -0.000958045 0.999960363 0.008846983 -1.216559529 0.006892896 -0.008840174 0.999937117 42.328929901
0.999971628 0.000322856 -0.007530430 0.812915385 -0.000256732 0.999961376 0.008780248 -1.221652627 0.007532975 -0.008778065 0.999933064 42.857055664
0.999971569 0.000936463 -0.007482658 0.804375887 -0.000871695 0.999962151 0.008654241 -1.235570908 0.007490479 -0.008647473 0.999934554 43.403110504
0.999972582 0.000812980 -0.007357809 0.807855606 -0.000749523 0.999962568 0.008623196 -1.246434808 0.007364544 -0.008617445 0.999935746 43.942504883
0.999972820 0.001057478 -0.007312234 0.812254310 -0.000995293 0.999963343 0.008502796 -1.258826137 0.007320958 -0.008495287 0.999937117 44.476222992
0.999972165 0.001318442 -0.007348563 0.817287207 -0.001256707 0.999963939 0.008399297 -1.270080090 0.007359372 -0.008389825 0.999937713 45.024997711
0.999972582 0.001511160 -0.007245375 0.828897536 -0.001449877 0.999963224 0.008456024 -1.277073145 0.007257888 -0.008445288 0.999938011 45.546684265
0.999971390 0.000871697 -0.007512654 0.842170656 -0.000809364 0.999965250 0.008296140 -1.291242242 0.007519625 -0.008289822 0.999937356 46.084682465
0.999970913 0.001323320 -0.007510228 0.861645341 -0.001254896 0.999957860 0.009108171 -1.316614270 0.007521964 -0.009098482 0.999930322 46.611228943
0.999972165 0.001016153 -0.007394677 0.860228419 -0.000946733 0.999955595 0.009385274 -1.329928994 0.007403886 -0.009378013 0.999928594 47.159706116
0.999971569 0.001407563 -0.007404557 0.853229642 -0.001340170 0.999957681 0.009098602 -1.339963675 0.007417051 -0.009088419 0.999931216 47.667610168
0.999970913 0.001346786 -0.007501645 0.880514026 -0.001282078 0.999962032 0.008623912 -1.333853841 0.007512975 -0.008614046 0.999934614 48.226123810
0.999971569 0.001234753 -0.007436447 0.861030459 -0.001165847 0.999956429 0.009263135 -1.369241953 0.007447560 -0.009254202 0.999929428 48.749755859
0.999971509 0.001793410 -0.007325008 0.865807891 -0.001725233 0.999955177 0.009303189 -1.382088661 0.007341363 -0.009290287 0.999929845 49.307533264
0.999969900 0.001568037 -0.007592319 0.870949864 -0.001497017 0.999955237 0.009350765 -1.395991445 0.007606640 -0.009339120 0.999927461 49.838130951
0.999972761 0.001344212 -0.007253898 0.872933805 -0.001279542 0.999959409 0.008912467 -1.401661634 0.007265585 -0.008902944 0.999933958 50.375885010
0.999974847 0.001713338 -0.006878467 0.883634627 -0.001649413 0.999955475 0.009288459 -1.410048246 0.006894074 -0.009276879 0.999933183 50.929431915
0.999972224 0.001428958 -0.007306168 0.887868762 -0.001359413 0.999953806 0.009514739 -1.425296545 0.007319427 -0.009504544 0.999927998 51.451087952
0.999972343 0.001625638 -0.007255407 0.893206358 -0.001559347 0.999957085 0.009133074 -1.432738423 0.007269942 -0.009121509 0.999931991 52.003833771
0.999972403 0.001820091 -0.007199960 0.900904536 -0.001753662 0.999955893 0.009221984 -1.443467379 0.007216427 -0.009209104 0.999931574 52.547786713
0.999972045 0.001941391 -0.007218718 0.907003760 -0.001875630 0.999956727 0.009105445 -1.455519438 0.007236083 -0.009091651 0.999932528 53.096874237
0.999972641 0.001992105 -0.007125462 0.920168161 -0.001926541 0.999955833 0.009196418 -1.465702772 0.007143468 -0.009182440 0.999932289 53.586631775
0.999972880 0.002280382 -0.007002027 0.931998968 -0.002211262 0.999949038 0.009863229 -1.482787848 0.007024161 -0.009847477 0.999926865 54.192028046
0.999973297 0.002713757 -0.006789414 0.915830553 -0.002651365 0.999954283 0.009181798 -1.481773853 0.006814022 -0.009163548 0.999934733 54.681774139
0.999974191 0.002456544 -0.006748522 0.924694300 -0.002393136 0.999953091 0.009387726 -1.492954135 0.006771268 -0.009371334 0.999933183 55.222671509
0.999974370 0.002589319 -0.006671811 0.930855274 -0.002525914 0.999951780 0.009494320 -1.501494408 0.006696073 -0.009477225 0.999932647 55.768238068
0.999974251 0.002334774 -0.006784210 0.937523961 -0.002267889 0.999948919 0.009849958 -1.518357396 0.006806861 -0.009834319 0.999928474 56.316318512
0.999975264 0.002671692 -0.006496399 0.931598961 -0.002609099 0.999950290 0.009624402 -1.520214438 0.006521790 -0.009607215 0.999932528 56.816879272
0.999973536 0.001861990 -0.007025522 0.954059958 -0.001796426 0.999954939 0.009327065 -1.520911932 0.007042572 -0.009314200 0.999931812 57.463386536
0.999973834 0.002646303 -0.006726690 0.950769961 -0.002582714 0.999952078 0.009444327 -1.542544603 0.006751361 -0.009426709 0.999932766 57.922031403
0.999974728 0.002710574 -0.006559393 0.961482763 -0.002649422 0.999953091 0.009313638 -1.560137510 0.006584330 -0.009296026 0.999935031 58.476127625
0.999972045 0.003135105 -0.006793968 0.969120860 -0.003074062 0.999954998 0.008976735 -1.550893307 0.006821805 -0.008955598 0.999936581 59.036014557
0.999973476 0.003513926 -0.006372778 0.975973248 -0.003453632 0.999949396 0.009447617 -1.593103409 0.006405654 -0.009425357 0.999935091 59.577579498
0.999974310 0.003703418 -0.006129269 0.982168972 -0.003643957 0.999946415 0.009683998 -1.599379778 0.006164805 -0.009661415 0.999934375 60.139339447
0.999975026 0.003445019 -0.006170470 0.995426655 -0.003388164 0.999951959 0.009200981 -1.612246037 0.006201872 -0.009179845 0.999938667 60.686492920
0.999974370 0.004031593 -0.005908748 1.012386084 -0.003973241 0.999943554 0.009854252 -1.624632120 0.005948143 -0.009830524 0.999934018 61.227134705
0.999972761 0.003413195 -0.006536069 1.009708285 -0.003349952 0.999947727 0.009662679 -1.631910801 0.006568708 -0.009640521 0.999931991 61.776508331
0.999974489 0.003688619 -0.006118021 1.010551333 -0.003631494 0.999949992 0.009322221 -1.642988920 0.006152102 -0.009299766 0.999937832 62.286701202
0.999973714 0.003525158 -0.006330888 1.012500286 -0.003466380 0.999950945 0.009271323 -1.637797117 0.006363261 -0.009249134 0.999936938 62.872848511
0.999973416 0.003537380 -0.006379346 0.989900112 -0.003472297 0.999942124 0.010184482 -1.695177674 0.006415003 -0.010162062 0.999927759 63.224533081
0.999968112 0.002985444 -0.007409002 1.112235188 -0.002924229 0.999961555 0.008259343 -1.627324343 0.007433376 -0.008237413 0.999938428 64.046302795
0.999972284 0.004063132 -0.006245293 0.993160546 -0.004000697 0.999942183 0.009977320 -1.712750554 0.006285472 -0.009952060 0.999930680 64.316436768
0.999968827 0.005611167 -0.005569678 0.982872486 -0.005555228 0.999934435 0.010008696 -1.722581267 0.005625473 -0.009977439 0.999934435 64.864120483
0.999973714 0.004526091 -0.005664063 0.978539050 -0.004467748 0.999937296 0.010271120 -1.746143222 0.005710196 -0.010245542 0.999931216 65.372833252
0.999974012 0.004283139 -0.005805642 1.021262646 -0.004228563 0.999947071 0.009380506 -1.723679304 0.005845513 -0.009355714 0.999939084 65.993698120
0.999971986 0.004474720 -0.005992400 0.995394230 -0.004414891 0.999940753 0.009960257 -1.763052583 0.006036614 -0.009933522 0.999932408 66.465469360
0.999975443 0.003813419 -0.005891195 1.005140066 -0.003754406 0.999943018 0.009996015 -1.775002956 0.005928979 -0.009973651 0.999932706 67.000419617
0.999971688 0.004201715 -0.006229518 1.029509306 -0.004138808 0.999940634 0.010077076 -1.788026214 0.006271488 -0.010051009 0.999929845 67.459579468
0.999968827 0.005346821 -0.005815979 1.036557198 -0.005295032 0.999946535 0.008883873 -1.774446011 0.005863168 -0.008852802 0.999943674 68.098243713
0.999970675 0.004735041 -0.006000710 1.038166761 -0.004675138 0.999939442 0.009957905 -1.802905083 0.006047497 -0.009929562 0.999932408 68.570915222
0.999971211 0.004184115 -0.006324426 1.060182571 -0.004122591 0.999944329 0.009710157 -1.811754942 0.006364703 -0.009683806 0.999932885 69.082427979
0.999975741 0.003014609 -0.006277405 1.053917646 -0.002948848 0.999940932 0.010458919 -1.829002380 0.006308564 -0.010440152 0.999925613 69.473625183
0.999968112 0.005410643 -0.005872617 1.057613850 -0.005357165 0.999944448 0.009084146 -1.815524340 0.005921442 -0.009052395 0.999941468 70.163558960
0.999973357 0.002659376 -0.006792443 1.078188181 -0.002590895 0.999945879 0.010070883 -1.845689774 0.006818858 -0.010053016 0.999926269 70.549659729
0.999975920 0.003200563 -0.006154349 1.089718342 -0.003137146 0.999942183 0.010286721 -1.868341684 0.006186916 -0.010267167 0.999928117 71.153297424
0.999969721 0.001417612 -0.007658387 1.099687576 -0.001344117 0.999953032 0.009593427 -1.864359140 0.007671627 -0.009582842 0.999924660 71.629814148
0.999975562 0.004277322 -0.005540115 1.092132807 -0.004223850 0.999944687 0.009627748 -1.878678560 0.005580990 -0.009604112 0.999938309 72.281242371
0.999978304 0.003836051 -0.005355633 1.074344158 -0.003783735 0.999945343 0.009744589 -1.893862963 0.005392721 -0.009724113 0.999938190 72.859527588
0.999974728 0.003037070 -0.006439569 1.120221972 -0.002974637 0.999948680 0.009682667 -1.900401592 0.006468646 -0.009663267 0.999932408 73.361465454
0.999977469 0.003762776 -0.005553904 1.111541033 -0.003708526 0.999945641 0.009746077 -1.911535978 0.005590274 -0.009725261 0.999936998 74.013107300
0.999975681 0.003975871 -0.005722596 1.116806746 -0.003921632 0.999947608 0.009458298 -1.922386408 0.005759902 -0.009435626 0.999938846 74.563041687
0.999976158 0.003600139 -0.005891195 1.133294344 -0.003544955 0.999949992 0.009351007 -1.934972525 0.005924566 -0.009329901 0.999938846 75.073356628
0.999977291 0.003443011 -0.005792474 1.129780293 -0.003389078 0.999951065 0.009295084 -1.941441059 0.005824195 -0.009275240 0.999940038 75.599555969
0.999974668 0.003448207 -0.006213424 1.147468448 -0.003395868 0.999958873 0.008414314 -1.934386253 0.006242182 -0.008393003 0.999945283 76.216453552
0.999976158 0.003529404 -0.005930917 1.152205706 -0.003474688 0.999951541 0.009210634 -1.969118118 0.005963138 -0.009189806 0.999940038 76.670837402
0.999974787 0.003621169 -0.006103625 1.176082134 -0.003564256 0.999950290 0.009309822 -1.959570885 0.006137034 -0.009287831 0.999937952 77.283050537
0.999976397 0.003178254 -0.006084889 1.184674025 -0.003126828 0.999959469 0.008442366 -1.978102326 0.006111476 -0.008423140 0.999945879 77.809173584
0.999977350 0.002549472 -0.006217388 1.218151331 -0.002496277 0.999960363 0.008548765 -1.951376796 0.006238936 -0.008533053 0.999944150 78.461433411
0.999976218 0.003421999 -0.005986138 1.217994332 -0.003370934 0.999958158 0.008519826 -1.966206431 0.006015042 -0.008499445 0.999945700 78.965904236
0.999976695 0.003526334 -0.005845452 1.231987238 -0.003476645 0.999957860 0.008489059 -1.980050206 0.005875141 -0.008468538 0.999946892 79.516632080
0.999977529 0.003741322 -0.005565393 1.248631597 -0.003694663 0.999958158 0.008370575 -1.990234494 0.005596478 -0.008349826 0.999949455 80.063056946
0.999984205 0.003754810 -0.004181233 1.253167152 -0.003721287 0.999961078 0.007996897 -1.999832153 0.004211096 -0.007981211 0.999959290 80.631416321
0.999989152 0.003398876 -0.003158557 1.268616199 -0.003373452 0.999962151 0.008020043 -2.009948015 0.003185697 -0.008009301 0.999962866 81.166702271
0.999994159 0.002825763 -0.001914453 1.291951418 -0.002811029 0.999966741 0.007655933 -2.011957169 0.001936024 -0.007650507 0.999968886 81.731620789
0.999991417 0.003462591 0.002263561 1.301823854 -0.003479476 0.999965787 0.007498757 -2.024288893 -0.002237519 -0.007506568 0.999969363 82.272888184
0.999983072 0.002414187 0.005298754 1.330854058 -0.002456154 0.999965549 0.007927904 -2.036146402 -0.005279433 -0.007940784 0.999954522 82.808364868
0.999967515 0.001336253 0.007951626 1.365792990 -0.001398396 0.999968529 0.007814677 -2.050093412 -0.007940933 -0.007825542 0.999937832 83.348785400
0.999907434 0.003134070 0.013239576 1.374429941 -0.003234821 0.999966025 0.007595322 -2.055784941 -0.013215318 -0.007637449 0.999883473 83.896736145
0.999807298 0.003276872 0.019355839 1.402365208 -0.003423442 0.999965668 0.007544139 -2.069252491 -0.019330449 -0.007608949 0.999784172 84.451400757
0.999671698 0.003532579 0.025380392 1.431037068 -0.003718611 0.999966502 0.007286274 -2.081680298 -0.025353804 -0.007378262 0.999651313 84.999404907
0.999519765 0.003331005 0.030807195 1.465440392 -0.003562226 0.999966025 0.007453579 -2.090256453 -0.030781318 -0.007559743 0.999497533 85.554206848
0.999239743 0.003261219 0.038849749 1.500591993 -0.003547302 0.999967098 0.007297166 -2.096148491 -0.038824663 -0.007429429 0.999218404 86.119636536
0.998924196 0.002171155 0.046321668 1.554139376 -0.002506529 0.999971092 0.007183259 -2.111207962 -0.046304733 -0.007291637 0.998900712 86.661041260
0.998587549 0.002076562 0.053090155 1.603732586 -0.002463175 0.999970913 0.007217809 -2.116643429 -0.053073622 -0.007338385 0.998563647 87.216331482
0.998084962 0.001646698 0.061834902 1.657993793 -0.002073429 0.999974489 0.006837611 -2.124501705 -0.061822068 -0.006952727 0.998062968 87.766845703
0.997428477 0.001081324 0.071660459 1.721021652 -0.001570539 0.999975801 0.006770860 -2.136653423 -0.071651421 -0.006865995 0.997406125 88.307601929
0.996777177 0.001168974 0.080211654 1.786615849 -0.001714583 0.999975801 0.006733570 -2.146727800 -0.080201834 -0.006849399 0.996755123 88.847267151
0.996107697 0.000705266 0.088141635 1.855131149 -0.001276633 0.999978542 0.006426161 -2.159330130 -0.088135220 -0.006513672 0.996087193 89.390899658
0.995114565 0.001205577 0.098719917 1.928853512 -0.001889346 0.999974847 0.006833163 -2.172317505 -0.098709196 -0.006986297 0.995091796 89.943382263
0.994017243 0.000522541 0.109221905 2.018058300 -0.001225142 0.999978900 0.006365782 -2.186651945 -0.109216265 -0.006461509 0.993997037 90.476882935
0.992978156 -0.000341974 0.118298523 2.107742310 -0.000412102 0.999979734 0.006349829 -2.197973251 -0.118298315 -0.006353992 0.992957771 91.026641846
0.991614938 -0.000411868 0.129227877 2.203472137 -0.000407513 0.999979973 0.006314080 -2.209349632 -0.129227892 -0.006313798 0.991594851 91.566780090
0.989940643 -0.000160368 0.141483337 2.302138329 -0.000766925 0.999978602 0.006499531 -2.222948790 -0.141481325 -0.006542658 0.989919245 92.112899780
0.988317370 -0.000181257 0.152409419 2.406520844 -0.000785772 0.999979913 0.006284683 -2.233864307 -0.152407512 -0.006331021 0.988297403 92.671417236
0.986702859 -0.000887470 0.162532091 2.523644447 -0.000159547 0.999979317 0.006428740 -2.244697571 -0.162534416 -0.006369187 0.986682296 93.214263916
0.984587967 -0.001784841 0.174881071 2.651951790 0.000725386 0.999981046 0.006121880 -2.255157232 -0.174888700 -0.005900674 0.984570503 93.745124817
0.982218742 -0.001710062 0.187732413 2.772908211 0.000546622 0.999980330 0.006248928 -2.268760920 -0.187739432 -0.006035195 0.982200325 94.288558960
0.980209351 -0.001764401 0.197955534 2.900634766 0.000520935 0.999979794 0.006333443 -2.279462576 -0.197962716 -0.006104979 0.980190516 94.825103760
0.977431297 -0.002194093 0.211242303 3.032489777 0.000864369 0.999979258 0.006386918 -2.293286562 -0.211251929 -0.006060181 0.977412820 95.345413208
0.974539876 -0.002254284 0.224203035 3.199602127 0.000834338 0.999979019 0.006427834 -2.304182529 -0.224212795 -0.006077120 0.974521220 95.920677185
0.971841216 -0.002386505 0.235624686 3.351026535 0.000892204 0.999978840 0.006448276 -2.317883968 -0.235635117 -0.006056475 0.971822739 96.469116211
0.968808472 -0.003140711 0.247790962 3.506755829 0.001621272 0.999978602 0.006335750 -2.327851057 -0.247805566 -0.005736392 0.968792856 96.990005493
0.965147436 -0.002360350 0.261696160 3.682487488 0.000677431 0.999978483 0.006520837 -2.341013432 -0.261705995 -0.006116288 0.965128303 97.541557312
0.961767435 -0.002742871 0.273853600 3.839570999 0.000987792 0.999978125 0.006546508 -2.345843554 -0.273865581 -0.006025709 0.961749077 98.067253113
0.958498359 -0.003349814 0.285078257 4.037300110 0.001494081 0.999976277 0.006726786 -2.362690926 -0.285094053 -0.006021683 0.958480656 98.591850281
0.954255402 -0.003624355 0.298970699 4.226066589 0.001746956 0.999977052 0.006546559 -2.372407436 -0.298987508 -0.005724802 0.954239845 99.114593506
0.949757278 -0.003520631 0.312967569 4.420272827 0.001533314 0.999976993 0.006595810 -2.383069038 -0.312983662 -0.005784541 0.949740887 99.629486084
0.945848703 -0.003656635 0.324587286 4.612520218 0.001645840 0.999977708 0.006469253 -2.394198179 -0.324603736 -0.005584717 0.945833564 100.132980347
0.941586852 -0.004785231 0.336736172 4.833501816 0.002539149 0.999971509 0.007110210 -2.413475037 -0.336760640 -0.005839856 0.941572189 100.645172119
0.936491609 -0.005076834 0.350653291 5.048622131 0.002813207 0.999971926 0.006964564 -2.421669006 -0.350678712 -0.005535796 0.936479449 101.160194397
0.931821108 -0.005674267 0.362873495 5.272678375 0.003406130 0.999970376 0.006889993 -2.431904793 -0.362901837 -0.005184246 0.931812942 101.671958923
0.927649558 -0.006054295 0.373402715 5.500064850 0.003774784 0.999969542 0.006835602 -2.446151257 -0.373432785 -0.004931528 0.927644134 102.172149658
0.922123611 -0.006263803 0.386844724 5.734886169 0.003892712 0.999968529 0.006912446 -2.451900482 -0.386875868 -0.004868254 0.922118962 102.674690247
0.916429102 -0.006514694 0.400144070 5.978359222 0.004098850 0.999967754 0.006892962 -2.460140944 -0.400176108 -0.004676780 0.916426301 103.180694580
0.911572874 -0.007217478 0.411075354 6.228008270 0.004813762 0.999964654 0.006882260 -2.472307682 -0.411110550 -0.004294862 0.911575317 103.678390503
0.905084014 -0.007477513 0.425167054 6.492881775 0.005034836 0.999963701 0.006868577 -2.479566813 -0.425202936 -0.004075992 0.905088842 104.181114197
0.898263454 -0.007881553 0.439386636 6.758106232 0.005375402 0.999961436 0.006947689 -2.487499952 -0.439424455 -0.003878975 0.898271203 104.679718018
0.892284751 -0.008520585 0.451392591 7.031745911 0.006028360 0.999957621 0.006958932 -2.497494698 -0.451432765 -0.003488193 0.892298341 105.170082092
0.886706948 -0.009093991 0.462242514 7.309158325 0.006459957 0.999952614 0.007280748 -2.509853601 -0.462286830 -0.003469823 0.886723638 105.647712708
0.879553616 -0.009300137 0.475708902 7.594722748 0.006816581 0.999952674 0.006945739 -2.517565012 -0.475750983 -0.002866441 0.879575372 106.133979797
