1.000000000 0.000000000 0.000000000 0.000000000 0.000000000 1.000000000 0.000000000 0.000000000 0.000000000 0.000000000 1.000000000 0.000000000
1.000000000 0.000041684 -0.000021564 0.000443591 -0.000041683 1.000000000 0.000013526 -0.000358452 0.000021564 -0.000013525 1.000000000 0.001361112
1.000000000 0.000029364 -0.000000455 0.000905748 -0.000029364 1.000000000 0.000044198 -0.000689513 0.000000456 -0.000044198 1.000000000 0.001124679
1.000000000 -0.000024057 -0.000058875 0.001603349 0.000024055 1.000000000 -0.000034384 -0.000850247 0.000058876 0.000034382 1.000000000 -0.001034076
1.000000000 -0.000063844 -0.000084947 0.001325976 0.000063850 1.000000000 0.000071688 -0.000860109 0.000084943 -0.000071693 1.000000000 -0.000176052
1.000000000 -0.000066410 -0.000056231 -0.000822356 0.000066411 1.000000000 0.000011228 0.000999282 0.000056231 -0.000011231 1.000000000 0.002310704
1.000000000 -0.000081687 -0.000067079 0.000651500 0.000081694 1.000000000 0.000101816 -0.000355357 0.000067071 -0.000101822 1.000000000 0.000978643
1.000000000 -0.000045559 -0.000015368 -0.000286528 0.000045560 1.000000000 0.000075837 -0.001045956 0.000015364 -0.000075837 1.000000000 -0.000835595
1.000000000 0.000030811 -0.000047945 0.001137320 -0.000030807 1.000000000 0.000074378 -0.000619625 0.000047948 -0.000074376 1.000000000 -0.001734041
1.000000000 0.000035428 -0.000003698 -0.000025172 -0.000035428 1.000000000 0.000067200 0.000104074 0.000003700 -0.000067199 1.000000000 0.001752313
1.000000000 0.000028043 0.000001624 0.000120962 -0.000028043 1.000000000 0.000007537 0.000108541 -0.000001624 -0.000007537 1.000000000 -0.000056624
1.000000000 -0.000056743 -0.000082640 0.001039946 0.000056751 1.000000000 0.000101299 -0.000907704 0.000082635 -0.000101304 1.000000000 -0.000612430
1.000000000 -0.000013638 -0.000030173 0.000477214 0.000013638 1.000000000 0.000002441 0.000243365 0.000030173 -0.000002441 1.000000000 0.001262538
1.000000000 -0.000116284 -0.000110103 0.000615750 0.000116299 1.000000000 0.000135690 -0.000626374 0.000110088 -0.000135703 1.000000000 -0.000024468
1.000000000 -0.000002050 -0.000080549 0.001228297 0.000002055 1.000000000 0.000063600 -0.000585373 0.000080549 -0.000063600 1.000000000 -0.003500327
1.000000000 -0.000038636 -0.000114066 0.003053366 0.000038649 1.000000000 0.000117017 -0.000681782 0.000114061 -0.000117021 1.000000000 -0.002227046
1.000000000 -0.000079355 -0.000079791 0.002456198 0.000079366 1.000000000 0.000135632 -0.001644847 0.000079780 -0.000135638 1.000000000 -0.002607165
1.000000000 -0.000056579 -0.000077784 0.002717094 0.000056584 1.000000000 0.000070114 -0.000857452 0.000077780 -0.000070118 1.000000000 -0.001157922
1.000000000 0.000073165 -0.000063551 0.001760865 -0.000073156 1.000000000 0.000136515 -0.001298534 0.000063561 -0.000136510 1.000000000 -0.002472610
1.000000000 -0.000080065 -0.000097977 0.002590684 0.000080074 1.000000000 0.000082689 -0.001600707 0.000097970 -0.000082697 1.000000000 -0.004200161
1.000000000 -0.000066666 -0.000098146 0.001253975 0.000066674 1.000000000 0.000083469 0.000147603 0.000098141 -0.000083475 1.000000000 0.001606802
1.000000000 -0.000107232 -0.000088636 0.001099459 0.000107244 1.000000000 0.000138273 -0.002151540 0.000088621 -0.000138282 1.000000000 -0.005215685
1.000000000 0.000029600 -0.000118886 0.003317563 -0.000029584 1.000000000 0.000129190 -0.001094378 0.000118890 -0.000129186 1.000000000 -0.002277426
1.000000000 -0.000042700 -0.000142540 0.002702419 0.000042712 1.000000000 0.000084668 -0.000980899 0.000142536 -0.000084674 1.000000000 -0.002383708
1.000000000 -0.000088009 -0.000106640 0.002252691 0.000088018 1.000000000 0.000087682 -0.001274185 0.000106633 -0.000087691 1.000000000 -0.003026935
1.000000000 -0.000048449 -0.000137764 0.002924858 0.000048460 1.000000000 0.000078872 -0.000484217 0.000137760 -0.000078879 1.000000000 -0.001185670
1.000000000 -0.000028880 -0.000080671 0.003123113 0.000028884 1.000000000 0.000049547 -0.000432093 0.000080669 -0.000049549 1.000000000 -0.001431422
1.000000000 -0.000163673 -0.000170258 0.002451775 0.000163695 1.000000000 0.000129723 -0.000788939 0.000170237 -0.000129751 1.000000000 -0.003725435
1.000000000 -0.000152431 -0.000105711 0.001699043 0.000152439 1.000000000 0.000070203 -0.000960753 0.000105700 -0.000070219 1.000000000 -0.001229733
1.000000000 -0.000050658 -0.000180235 0.004508134 0.000050692 1.000000000 0.000189254 -0.002430179 0.000180225 -0.000189263 0.999999940 -0.004864400
1.000000000 -0.000155766 -0.000163283 0.004222742 0.000155784 1.000000000 0.000114167 -0.001387654 0.000163265 -0.000114193 1.000000000 -0.003078030
1.000000000 -0.000078232 -0.000163512 0.003343986 0.000078249 1.000000000 0.000104669 -0.000882333 0.000163504 -0.000104682 1.000000000 -0.003230868
1.000000000 -0.000106729 -0.000121775 0.003178588 0.000106746 1.000000000 0.000133129 -0.001258305 0.000121761 -0.000133142 1.000000000 -0.005085331
1.000000000 0.000000248 -0.000073027 0.002113977 -0.000000243 1.000000000 0.000063451 -0.000280273 0.000073027 -0.000063451 1.000000000 -0.001925384
1.000000000 -0.000041100 -0.000094345 0.001988242 0.000041109 1.000000000 0.000099268 -0.000670628 0.000094341 -0.000099272 1.000000000 -0.001417735
1.000000000 -0.000156974 -0.000115930 0.002479238 0.000156992 1.000000000 0.000161785 -0.002222640 0.000115905 -0.000161803 1.000000000 -0.004217161
1.000000000 -0.000125978 -0.000151369 0.003268957 0.000125993 1.000000000 0.000101434 -0.000727828 0.000151356 -0.000101453 1.000000000 -0.002885863
1.000000000 -0.000078164 -0.000163531 0.005287582 0.000078189 1.000000000 0.000157022 -0.001440660 0.000163518 -0.000157034 1.000000000 -0.005668010
1.000000000 -0.000075719 -0.000093831 0.001737210 0.000075727 1.000000000 0.000087471 -0.000758812 0.000093825 -0.000087478 1.000000000 -0.002898656
0.999999940 -0.000177354 -0.000181349 0.003176051 0.000177386 0.999999940 0.000174755 -0.001939867 0.000181318 -0.000174787 0.999999940 -0.005077744
1.000000000 -0.000062944 -0.000190873 0.004711030 0.000062955 1.000000000 0.000061900 -0.001772094 0.000190869 -0.000061912 1.000000000 -0.002245534
1.000000000 -0.000216205 -0.000047892 0.002327741 0.000216180 0.999999821 -0.000517148 -0.003072756 0.000048003 0.000517137 0.999999881 0.049832761
1.000000000 0.000028920 -0.000108533 0.004068601 -0.000029043 0.999999344 -0.001138072 -0.005826024 0.000108500 0.001138075 0.999999344 0.138042852
1.000000000 -0.000015698 0.000018209 0.005068618 0.000015724 0.999998927 -0.001463595 -0.009160755 -0.000018186 0.001463595 0.999998927 0.254679173
1.000000000 0.000033365 0.000002009 0.008404261 -0.000033362 0.999998927 -0.001455955 -0.011953264 -0.000002057 0.001455955 0.999998927 0.387764215
1.000000000 0.000051228 -0.000014786 0.010344950 -0.000051246 0.999999285 -0.001193229 -0.017100727 0.000014724 0.001193230 0.999999285 0.526291192
1.000000000 0.000198009 0.000064970 0.014477864 -0.000197943 0.999999464 -0.001009851 -0.023933079 -0.000065170 0.001009838 0.999999464 0.680219948
1.000000000 0.000000512 0.000118779 0.014618395 -0.000000411 0.999999642 -0.000851620 -0.029482078 -0.000118779 0.000851620 0.999999642 0.843470395
0.999999881 0.000402237 0.000280550 0.014411576 -0.000402039 0.999999642 -0.000706490 -0.028094320 -0.000280834 0.000706377 0.999999702 1.021117926
0.999999940 0.000296723 0.000037909 0.024831539 -0.000296702 0.999999821 -0.000557285 -0.036542270 -0.000038074 0.000557274 0.999999821 1.188980460
0.999999881 0.000430579 -0.000154283 0.009258056 -0.000430606 0.999999821 -0.000176025 -0.028528713 0.000154207 0.000176091 0.999999940 1.359749556
0.999999762 0.000516174 -0.000346226 0.014919392 -0.000516241 0.999999762 -0.000195205 -0.033006761 0.000346126 0.000195384 0.999999881 1.551740885
0.999999762 0.000605023 0.000233898 0.004327781 -0.000605061 0.999999821 0.000161503 -0.039606385 -0.000233801 -0.000161645 0.999999940 1.734740973
0.999999762 0.000677408 -0.000009238 0.014250066 -0.000677406 0.999999762 0.000285080 -0.046184469 0.000009431 -0.000285074 1.000000000 1.935459018
0.999999762 0.000560633 0.000209004 0.014735183 -0.000560685 0.999999821 0.000247679 -0.050557192 -0.000208866 -0.000247796 0.999999940 2.149902344
0.999999404 0.001021178 0.000238660 0.017549718 -0.001021277 0.999999404 0.000416177 -0.057559054 -0.000238235 -0.000416420 0.999999881 2.366471767
1.000000000 0.000103684 0.000203941 0.028582830 -0.000103814 0.999999762 0.000639554 -0.067120999 -0.000203875 -0.000639576 0.999999762 2.591671944
1.000000000 -0.000366677 0.000046114 0.032453235 0.000366649 0.999999702 0.000606655 -0.071984820 -0.000046336 -0.000606638 0.999999821 2.824479818
0.999999940 -0.000252092 0.000278992 0.036298681 0.000251875 0.999999642 0.000776233 -0.077503920 -0.000279188 -0.000776163 0.999999642 3.055835485
1.000000000 -0.000322990 0.000182327 0.041001186 0.000322860 0.999999702 0.000710656 -0.086417481 -0.000182557 -0.000710597 0.999999702 3.295104265
0.999999762 -0.000497451 0.000453739 0.041424267 0.000496964 0.999999285 0.001073226 -0.101517893 -0.000454272 -0.001073001 0.999999344 3.524311066
1.000000000 -0.000164898 0.000383812 0.044858929 0.000164410 0.999999166 0.001272469 -0.105662957 -0.000384021 -0.001272406 0.999999166 3.772898674
0.999999583 -0.000793457 0.000456122 0.055352293 0.000792886 0.999998987 0.001248624 -0.114947185 -0.000457112 -0.001248262 0.999999106 4.034411907
0.999999642 0.000166868 0.000858356 0.051322456 -0.000168320 0.999998569 0.001692760 -0.125517622 -0.000858072 -0.001692904 0.999998152 4.294349194
0.999999702 0.000103711 0.000737472 0.058419317 -0.000105006 0.999998391 0.001756839 -0.132525325 -0.000737288 -0.001756916 0.999998212 4.547760963
0.999999464 0.000163876 0.000965859 0.063178167 -0.000165758 0.999998093 0.001949256 -0.141102463 -0.000965538 -0.001949415 0.999997675 4.804236412
0.999999642 -0.000163803 0.000844704 0.072398089 0.000161815 0.999997199 0.002353526 -0.157785758 -0.000845087 -0.002353389 0.999996901 5.059241772
0.999999821 -0.000000700 0.000666559 0.078043319 -0.000000750 0.999997616 0.002175427 -0.162115157 -0.000666559 -0.002175427 0.999997437 5.327665329
0.999999464 0.000439156 0.001041127 0.083112858 -0.000441583 0.999997258 0.002332263 -0.172878578 -0.001040099 -0.002332721 0.999996781 5.591423988
0.999999106 0.000736383 0.001106347 0.083953135 -0.000738926 0.999997079 0.002299866 -0.181938902 -0.001104650 -0.002300682 0.999996722 5.869558811
0.999999523 0.000432885 0.000971066 0.092233621 -0.000435110 0.999997318 0.002292089 -0.193049312 -0.000970072 -0.002292511 0.999996901 6.141345978
0.999999344 0.000356121 0.001078188 0.095101006 -0.000358745 0.999997020 0.002434880 -0.199624643 -0.001077318 -0.002435266 0.999996424 6.437067986
0.999999046 0.000786793 0.001070102 0.102088727 -0.000789365 0.999996781 0.002405054 -0.209618405 -0.001068207 -0.002405897 0.999996543 6.712562084
0.999999285 0.000389730 0.001254326 0.111843385 -0.000392916 0.999996722 0.002540355 -0.221232772 -0.001253332 -0.002540845 0.999996006 7.004568100
0.999999285 0.000168426 0.001216511 0.118804641 -0.000171574 0.999996603 0.002588399 -0.230039880 -0.001216071 -0.002588605 0.999995947 7.316322803
0.999999046 0.000328210 0.001334040 0.126335233 -0.000331508 0.999996901 0.002472556 -0.239922568 -0.001333224 -0.002472996 0.999996066 7.617774010
0.999999464 -0.000208599 0.001117903 0.137291342 0.000205629 0.999996483 0.002656468 -0.250226319 -0.001118453 -0.002656236 0.999995887 7.940588474
0.999999225 -0.000066906 0.001241178 0.133164912 0.000063328 0.999995768 0.002882464 -0.265614629 -0.001241366 -0.002882383 0.999995053 8.254459381
0.999999344 -0.000172642 0.001169086 0.148737267 0.000168968 0.999994993 0.003142327 -0.276307553 -0.001169623 -0.003142127 0.999994338 8.570170403
0.999998748 0.000333469 0.001532793 0.145463169 -0.000338155 0.999995232 0.003058304 -0.281256914 -0.001531766 -0.003058819 0.999994099 8.922224045
0.999998689 0.000193397 0.001585446 0.156697750 -0.000198392 0.999994993 0.003150917 -0.294847161 -0.001584828 -0.003151227 0.999993742 9.275816917
0.999998629 0.000714844 0.001503636 0.166908756 -0.000719896 0.999994099 0.003362014 -0.309571624 -0.001501224 -0.003363091 0.999993145 9.587022781
0.999997854 0.001067917 0.001763373 0.170964658 -0.001073669 0.999994159 0.003264060 -0.315554231 -0.001759877 -0.003265946 0.999993086 9.934690475
0.999998212 0.000881301 0.001693732 0.178296566 -0.000886860 0.999994159 0.003284407 -0.328506082 -0.001690828 -0.003285903 0.999993205 10.298346519
0.999998569 0.000528910 0.001598137 0.191072762 -0.000534293 0.999994159 0.003369619 -0.344887227 -0.001596345 -0.003370468 0.999993026 10.666050911
0.999998510 0.000318390 0.001714938 0.199348569 -0.000324200 0.999994218 0.003388412 -0.353348315 -0.001713850 -0.003388963 0.999992788 11.028811455
0.999998152 0.000332020 0.001878122 0.204128236 -0.000338842 0.999993324 0.003633217 -0.371967524 -0.001876903 -0.003633847 0.999991655 11.402417183
0.999997795 0.000668905 0.001964902 0.212520078 -0.000676258 0.999992728 0.003743649 -0.379722804 -0.001962384 -0.003744970 0.999991119 11.786289215
0.999998093 0.000458803 0.001857619 0.226782382 -0.000466142 0.999992013 0.003952456 -0.396889269 -0.001855791 -0.003953315 0.999990463 12.165651321
0.999996006 0.001540813 0.002427901 0.228408352 -0.001550458 0.999990880 0.003975510 -0.403558493 -0.002421753 -0.003979258 0.999989092 12.567679405
0.999995947 0.001413150 0.002481102 0.235518768 -0.001423060 0.999990940 0.003997321 -0.411676407 -0.002475431 -0.004000834 0.999988914 12.971373558
0.999994934 0.001851526 0.002607289 0.246099561 -0.001862384 0.999989569 0.004168288 -0.424110860 -0.002599544 -0.004173121 0.999987900 13.367370605
0.999994218 0.001745496 0.002929107 0.258450508 -0.001757641 0.999989808 0.004148813 -0.430860311 -0.002921836 -0.004153938 0.999987066 13.774522781
0.999996841 0.000868442 0.002355704 0.286247045 -0.000880496 0.999986529 0.005121064 -0.479687959 -0.002351225 -0.005123122 0.999984086 14.159631729
0.999997318 0.000366516 0.002303641 0.300967962 -0.000378152 0.999987125 0.005052696 -0.492403090 -0.002301760 -0.005053553 0.999984562 14.580871582
0.999996662 0.000092277 0.002577306 0.312431008 -0.000105968 0.999985933 0.005312644 -0.508026361 -0.002576780 -0.005312899 0.999982536 15.002016068
0.999996364 0.000398462 0.002645233 0.320031971 -0.000411585 0.999987602 0.004962569 -0.517237604 -0.002643223 -0.004963641 0.999984205 15.434568405
0.999994695 0.000586503 0.003199835 0.329079926 -0.000603206 0.999986172 0.005221246 -0.529389441 -0.003196728 -0.005223148 0.999981344 15.879818916
0.999992847 0.000881265 0.003697891 0.337534785 -0.000900981 0.999985397 0.005333430 -0.540769637 -0.003693138 -0.005336722 0.999978960 16.316287994
0.999994457 0.000184293 0.003321025 0.358407855 -0.000202478 0.999984980 0.005476435 -0.564250052 -0.003319965 -0.005477076 0.999979496 16.764814377
0.999994040 0.000257361 0.003445965 0.370659590 -0.000276610 0.999984324 0.005586862 -0.575184345 -0.003444473 -0.005587782 0.999978423 17.226684570
0.999991536 0.000699887 0.004061508 0.379582703 -0.000724008 0.999982059 0.005940554 -0.585832536 -0.004057277 -0.005943443 0.999974132 17.694290161
0.999991119 0.000139208 0.004216074 0.390153974 -0.000163468 0.999983430 0.005754227 -0.599680781 -0.004215203 -0.005754865 0.999974489 18.156272888
0.999987543 0.000797495 0.004926107 0.399371803 -0.000826637 0.999982119 0.005916599 -0.608628273 -0.004921303 -0.005920597 0.999970317 18.629776001
0.999989569 0.000212538 0.004566169 0.417757660 -0.000239142 0.999983013 0.005826539 -0.623440385 -0.004564854 -0.005827570 0.999972582 19.093585968
0.999989986 0.000012439 0.004471655 0.432484478 -0.000039335 0.999981821 0.006014879 -0.635102272 -0.004471500 -0.006014995 0.999971926 19.568212509
0.999990523 0.000086721 0.004356002 0.461004376 -0.000114827 0.999979138 0.006452330 -0.678326249 -0.004355352 -0.006452770 0.999969721 20.030889511
0.999991894 -0.000336149 0.004032610 0.473332942 0.000310292 0.999979377 0.006410804 -0.688813984 -0.004034682 -0.006409500 0.999971330 20.528551102
0.999993086 -0.000224675 0.003732848 0.484291136 0.000201209 0.999980211 0.006285719 -0.697307110 -0.003734187 -0.006284924 0.999973297 21.023693085
0.999993980 0.000078264 0.003450605 0.487879962 -0.000100247 0.999979675 0.006371183 -0.708183885 -0.003450037 -0.006371490 0.999973774 21.523433685
0.999995947 -0.000138464 0.002829238 0.496772408 0.000120418 0.999979615 0.006377569 -0.723087490 -0.002830064 -0.006377202 0.999975681 22.020303726
0.999996066 -0.000008253 0.002782324 0.513774455 -0.000010799 0.999976575 0.006847261 -0.736466408 -0.002782315 -0.006847266 0.999972641 22.502077103
0.999996781 0.000253448 0.002517514 0.525589108 -0.000270491 0.999977052 0.006771889 -0.751199424 -0.002515740 -0.006772547 0.999973893 23.019308090
0.999998510 -0.000642985 0.001556425 0.539195776 0.000631797 0.999974012 0.007178315 -0.766534328 -0.001561000 -0.007177322 0.999972939 23.505075455
0.999997973 -0.001671420 0.001146244 0.547929704 0.001663109 0.999972641 0.007213676 -0.784134030 -0.001158269 -0.007211754 0.999973297 24.022325516
0.999999344 -0.000924704 0.000537291 0.558943987 0.000920787 0.999973357 0.007244009 -0.786630094 -0.000543976 -0.007243510 0.999973595 24.526796341
0.999999642 0.000411577 0.000769129 0.553608298 -0.000417405 0.999971092 0.007592612 -0.802693903 -0.000765982 -0.007592930 0.999970853 25.063499451
0.999999523 0.000981330 0.000205364 0.561071217 -0.000982872 0.999970257 0.007645445 -0.810285151 -0.000197855 -0.007645643 0.999970794 25.607481003
0.999999642 0.000815737 -0.000087007 0.571847975 -0.000815069 0.999972105 0.007422402 -0.821793675 0.000093060 -0.007422328 0.999972463 26.152734756
0.999996305 -0.002066481 -0.001821734 0.597540259 0.002081583 0.999963164 0.008327085 -0.836434662 0.001804459 -0.008330845 0.999963641 26.660903931
0.999993384 -0.002579221 -0.002560997 0.616929114 0.002602167 0.999956131 0.008997256 -0.860870242 0.002537679 -0.009003861 0.999956250 27.203666687
0.999996006 -0.000739697 -0.002729744 0.614723980 0.000762639 0.999964297 0.008412829 -0.868951321 0.002723424 -0.008414877 0.999960899 27.721900940
0.999994338 -0.000819094 -0.003286666 0.627277911 0.000847454 0.999962330 0.008636585 -0.880025268 0.003279468 -0.008639321 0.999957323 28.264743805
0.999993145 -0.000819241 -0.003590068 0.641009271 0.000849453 0.999964178 0.008422277 -0.892736256 0.003583039 -0.008425268 0.999958038 28.798563004
0.999990404 -0.001434722 -0.004136217 0.650806010 0.001469278 0.999963999 0.008363833 -0.904582798 0.004124068 -0.008369830 0.999956429 29.347206116
0.999991894 -0.000977694 -0.003905196 0.649852931 0.001012096 0.999960542 0.008816914 -0.913695455 0.003896422 -0.008820796 0.999953508 29.849447250
0.999992907 -0.000623539 -0.003729019 0.660390198 0.000657355 0.999958575 0.009073813 -0.928940415 0.003723207 -0.009076200 0.999951899 30.402603149
0.999988914 -0.001344621 -0.004514001 0.675834954 0.001383156 0.999962509 0.008544509 -0.942284703 0.004502343 -0.008550658 0.999953330 30.950235367
0.999989331 -0.001119770 -0.004466602 0.687484682 0.001158879 0.999960959 0.008762822 -0.947106361 0.004456615 -0.008767906 0.999951601 31.507928848
0.999984145 -0.001548412 -0.005416272 0.710087538 0.001595356 0.999961019 0.008673688 -0.977976799 0.005402631 -0.008682190 0.999947727 32.013984680
0.999984086 -0.001940182 -0.005298222 0.698954940 0.001988095 0.999957025 0.009052938 -0.981402755 0.005280430 -0.009063325 0.999944985 32.538784027
0.999982297 -0.001981833 -0.005629289 0.708261669 0.002033186 0.999956250 0.009131501 -0.997070551 0.005610947 -0.009142785 0.999942482 33.080459595
0.999977946 -0.002477444 -0.006150940 0.716549873 0.002535958 0.999951422 0.009523486 -1.010277987 0.006127046 -0.009538874 0.999935746 33.616024017
0.999982119 -0.001885159 -0.005680200 0.721747518 0.001938764 0.999953508 0.009446518 -1.015785813 0.005662127 -0.009457362 0.999939203 34.173019409
0.999977052 -0.002615622 -0.006257751 0.736065805 0.002678496 0.999945819 0.010060169 -1.040136576 0.006231099 -0.010076699 0.999929845 34.710956573
0.999982536 -0.001299928 -0.005756322 0.727329195 0.001355482 0.999952376 0.009657580 -1.030826330 0.005743494 -0.009665214 0.999936759 35.281982422
0.999980748 -0.001320385 -0.006062969 0.728811860 0.001381881 0.999947548 0.010149903 -1.060757756 0.006049249 -0.010158085 0.999930084 35.791103363
0.999980211 -0.000940744 -0.006213111 0.740306735 0.001003649 0.999948323 0.010129170 -1.074243307 0.006203260 -0.010135207 0.999929368 36.329929352
0.999977529 -0.002104162 -0.006387820 0.747719407 0.002169076 0.999945939 0.010172200 -1.086278439 0.006366072 -0.010185825 0.999927819 36.882858276
0.999976575 -0.001738991 -0.006629921 0.754894316 0.001806960 0.999945700 0.010259676 -1.099978209 0.006611722 -0.010271416 0.999925375 37.424209595
0.999979198 -0.001594264 -0.006259406 0.761357844 0.001658856 0.999945343 0.010327645 -1.108325243 0.006242599 -0.010337811 0.999927044 37.984584808
0.999972582 -0.002548022 -0.006940109 0.728202939 0.002624440 0.999935806 0.011024311 -1.182948589 0.006911573 -0.011042224 0.999915123 38.598663330
0.999967813 -0.003074394 -0.007405152 0.745162606 0.003154998 0.999935687 0.010897943 -1.195364594 0.007371171 -0.010920956 0.999913156 39.132793427
0.999964535 -0.003167473 -0.007801111 0.754378200 0.003255820 0.999930441 0.011338307 -1.215051413 0.007764655 -0.011363304 0.999905288 39.673278809
0.999968767 -0.002831838 -0.007375954 0.762433052 0.002916067 0.999930382 0.011433718 -1.224898219 0.007343063 -0.011454872 0.999907434 40.218990326
0.999965906 -0.002798614 -0.007759440 0.773313165 0.002887499 0.999930084 0.011467579 -1.238430738 0.007726804 -0.011489595 0.999904156 40.727210999
0.999972880 -0.002549779 -0.006910149 0.732760310 0.002630084 0.999928772 0.011637161 -1.265481591 0.006879985 -0.011655018 0.999908388 41.355213165
0.999965966 -0.003038022 -0.007667012 0.753258288 0.003128066 0.999925911 0.011759789 -1.278910160 0.007630717 -0.011783370 0.999901414 41.897789001
0.999968469 -0.002839505 -0.007419105 0.763516188 0.002926700 0.999926448 0.011768403 -1.288012624 0.007385143 -0.011789745 0.999903202 42.447914124
0.999964952 -0.003216774 -0.007733636 0.764805675 0.003307777 0.999925137 0.011783388 -1.295332313 0.007695151 -0.011808554 0.999900639 42.992168427
0.999970019 -0.001870386 -0.007515016 0.780336738 0.001962821 0.999922276 0.012311512 -1.347234249 0.007491404 -0.012325894 0.999895930 43.587642670
0.999972045 -0.002071101 -0.007180823 0.782901645 0.002160194 0.999920487 0.012421716 -1.360681534 0.007154524 -0.012436882 0.999897063 44.114116669
0.999974728 -0.001175696 -0.007010275 0.783252001 0.001262234 0.999922872 0.012352752 -1.373012304 0.006995211 -0.012361289 0.999899149 44.671550751
0.999975920 -0.000504845 -0.006916364 0.790244043 0.000588263 0.999927044 0.012064250 -1.383099318 0.006909768 -0.012068029 0.999903321 45.222869873
0.999974906 -0.001686985 -0.006880659 0.814027905 0.001775097 0.999916255 0.012819708 -1.403099775 0.006858456 -0.012831602 0.999894142 45.786319733
0.999973357 -0.001365307 -0.007161984 0.816819429 0.001454119 0.999921918 0.012409910 -1.402412891 0.007144481 -0.012419993 0.999897361 46.283889771
0.999972999 -0.001870994 -0.007108463 0.847612560 0.001966781 0.999906957 0.013492086 -1.437166452 0.007082559 -0.013505703 0.999883652 46.844600677
0.999974132 -0.001366608 -0.007063359 0.817029357 0.001461364 0.999908745 0.013427380 -1.417362452 0.007044366 -0.013437357 0.999884903 47.275081635
0.999974072 -0.001241320 -0.007095638 0.823599696 0.001334074 0.999913514 0.013082251 -1.420675278 0.007078786 -0.013091379 0.999889255 47.818107605
0.999977350 -0.000538082 -0.006711700 0.797472239 0.000626930 0.999912143 0.013242726 -1.444264174 0.006703984 -0.013246631 0.999889791 48.272487640
0.999980271 -0.000955276 -0.006207946 0.833945453 0.001036862 0.999912918 0.013152179 -1.441308975 0.006194841 -0.013158356 0.999894261 48.927314758
0.999978364 -0.000900611 -0.006503235 0.808569610 0.000989678 0.999905586 0.013705535 -1.464447379 0.006490277 -0.013711677 0.999884844 49.341457367
0.999978304 -0.000591474 -0.006557752 0.812604070 0.000683172 0.999901891 0.013989729 -1.471550941 0.006548835 -0.013993904 0.999880612 49.886779785
0.999971688 -0.002265109 -0.007176494 0.839283943 0.002364590 0.999900818 0.013884094 -1.478425503 0.007144333 -0.013900671 0.999877810 50.385990143
0.999982059 -0.000585277 -0.005963549 0.818297863 0.000666505 0.999906898 0.013627890 -1.484535336 0.005955018 -0.013631622 0.999889314 50.980628967
0.999976099 -0.000943717 -0.006850048 0.796539485 0.001040943 0.999898553 0.014203764 -1.495365143 0.006835949 -0.014210556 0.999875605 51.516407013
0.999976337 -0.000805791 -0.006849846 0.818238378 0.000902707 0.999899387 0.014157224 -1.506622553 0.006837750 -0.014163073 0.999876320 52.012966156
0.999978304 -0.000735503 -0.006535496 0.818253279 0.000829056 0.999897063 0.014323403 -1.516475201 0.006524289 -0.014328511 0.999876082 52.543251038
0.999980092 -0.000281592 -0.006295779 0.823311508 0.000372717 0.999895096 0.014477449 -1.526450396 0.006291042 -0.014479508 0.999875367 53.091331482
0.999978006 -0.000856436 -0.006579735 0.842745900 0.000950084 0.999898136 0.014242855 -1.542548060 0.006566868 -0.014248793 0.999876916 53.621566772
0.999980271 0.000097768 -0.006278480 0.838133335 -0.000007548 0.999896765 0.014368020 -1.539904594 0.006279237 -0.014367690 0.999877036 54.210086823
0.999978304 -0.001321333 -0.006446105 0.809872687 0.001415155 0.999892831 0.014572172 -1.592057109 0.006426159 -0.014580977 0.999873042 54.773689270
0.999982059 0.000532137 -0.005960039 0.836565733 -0.000445388 0.999894023 0.014546984 -1.544420719 0.005967148 -0.014544070 0.999876440 55.262184143
0.999980152 0.000175185 -0.006286128 0.848326087 -0.000082629 0.999891579 0.014721162 -1.549024582 0.006288025 -0.014720351 0.999871910 55.811473846
0.999980986 -0.000080084 -0.006164274 0.855674386 0.000172277 0.999888122 0.014956926 -1.562730312 0.006162386 -0.014957703 0.999869227 56.360633850
0.999982297 -0.000064333 -0.005953253 0.816573381 0.000154239 0.999885917 0.015102638 -1.615262747 0.005951602 -0.015103289 0.999868214 56.863559723
0.999979317 -0.001156341 -0.006325455 0.844204545 0.001247178 0.999895930 0.014375568 -1.611040354 0.006308173 -0.014383161 0.999876618 57.574470520
0.999978006 -0.000502432 -0.006631900 0.841971993 0.000604131 0.999882102 0.015341829 -1.635079145 0.006623411 -0.015345496 0.999860287 57.980106354
0.999983609 -0.000643018 -0.005686799 0.818494916 0.000729158 0.999884784 0.015158360 -1.649655581 0.005676397 -0.015162259 0.999868929 58.458541870
0.999978542 -0.000574928 -0.006522653 0.850596428 0.000675621 0.999880552 0.015445788 -1.638908744 0.006512993 -0.015449866 0.999859393 59.071620941
0.999985337 0.000437087 -0.005402805 0.857955992 -0.000351710 0.999875247 0.015793176 -1.649938345 0.005409035 -0.015791046 0.999860704 59.453330994
0.999986410 0.000683953 -0.005161755 0.866961658 -0.000601536 0.999872625 0.015951585 -1.653302312 0.005172009 -0.015948266 0.999859452 60.014362335
0.999986887 0.000598608 -0.005090307 0.880245209 -0.000519210 0.999878466 0.015584892 -1.665238142 0.005099018 -0.015582046 0.999865651 60.556884766
0.999987185 0.000702613 -0.005029994 0.888446450 -0.000621279 0.999869347 0.016153069 -1.667537212 0.005040686 -0.016149739 0.999856889 61.120124817
0.999983490 -0.000070992 -0.005752950 0.901365161 0.000162102 0.999874592 0.015838301 -1.673233032 0.005751104 -0.015838971 0.999857962 61.673103333
0.999984026 0.000590738 -0.005621736 0.928794622 -0.000502350 0.999876499 0.015711064 -1.681476355 0.005630323 -0.015707992 0.999860823 62.215084076
0.999987900 0.001021485 -0.004821437 0.888116598 -0.000943763 0.999870062 0.016094916 -1.674454212 0.004837251 -0.016090171 0.999858856 62.775207520
0.999984503 0.000592969 -0.005532461 0.906342268 -0.000509516 0.999886274 0.015073454 -1.707187533 0.005540770 -0.015070402 0.999871135 63.685874939
0.999969602 -0.001319107 -0.007679155 1.183518410 0.001440390 0.999873996 0.015809841 -1.578177333 0.007657333 -0.015820425 0.999845445 63.438247681
0.999978602 0.002863579 -0.005895484 0.999182940 -0.002776528 0.999887824 0.014721349 -1.659560680 0.005936979 -0.014704663 0.999874234 65.161117554
0.999964893 -0.001354164 -0.008272905 1.200479269 0.001495497 0.999852657 0.017101631 -1.597205162 0.008248528 -0.017113404 0.999819517 64.557167053
0.999976695 -0.000204201 -0.006828127 1.149043560 0.000315240 0.999867678 0.016264865 -1.677202702 0.006823901 -0.016266640 0.999844372 65.431594849
0.999973714 -0.001566133 -0.007078368 1.201876402 0.001684348 0.999858677 0.016725887 -1.588760734 0.007051173 -0.016737370 0.999835014 65.783325195
0.999981165 0.000936391 -0.006058075 1.158530593 -0.000837576 0.999866903 0.016293207 -1.690766335 0.006072523 -0.016287826 0.999848843 66.533622742
0.999981642 0.000471928 -0.006040336 1.167604089 -0.000373934 0.999868512 0.016214043 -1.698189735 0.006047192 -0.016211487 0.999850273 67.072074890
0.999981225 0.001647529 -0.005904878 1.176575422 -0.001550432 0.999864161 0.016410571 -1.708271384 0.005931112 -0.016401106 0.999847889 67.600219727
0.999977648 -0.000295479 -0.006680821 1.201212168 0.000407935 0.999858141 0.016837645 -1.724020243 0.006674896 -0.016839994 0.999835908 68.209152222
0.999969125 -0.001643541 -0.007677363 1.218647838 0.001771604 0.999858856 0.016703635 -1.747486591 0.007648828 -0.016716715 0.999831021 68.823837280
0.999972701 -0.000643335 -0.007358425 1.216335058 0.000765405 0.999861956 0.016598379 -1.808939457 0.007346732 -0.016603565 0.999835074 69.477851868
0.999969959 -0.000386578 -0.007750686 1.225440741 0.000515197 0.999862134 0.016599420 -1.816854596 0.007743200 -0.016602915 0.999832094 70.020019531
0.999965668 -0.001000418 -0.008235894 1.238335609 0.001135078 0.999865472 0.016362084 -1.821458817 0.008218418 -0.016370870 0.999832094 70.560317993
0.999978900 -0.000246223 -0.006492709 1.146305919 0.000359308 0.999848187 0.017421940 -1.860602856 0.006487432 -0.017423907 0.999827087 70.775894165
0.999974310 -0.000277625 -0.007166997 1.247509718 0.000397851 0.999859214 0.016778963 -1.817028165 0.007161329 -0.016781382 0.999833465 71.700653076
0.999978364 -0.000357298 -0.006565203 1.165648341 0.000471795 0.999847710 0.017446822 -1.875948191 0.006557969 -0.017449545 0.999826193 71.869834900
0.999981523 -0.000001065 -0.006075719 1.178516388 0.000107111 0.999847531 0.017453745 -1.867099643 0.006074772 -0.017454071 0.999829352 72.627822876
0.999977469 -0.001214360 -0.006601586 1.187948585 0.001333027 0.999837160 0.018000977 -1.893246770 0.006578651 -0.018009370 0.999816120 72.971588135
0.999979496 -0.000272138 -0.006398011 1.218716979 0.000386400 0.999840260 0.017864544 -1.895068169 0.006392126 -0.017866651 0.999819934 73.862709045
0.999980450 -0.000161511 -0.006251707 1.220516324 0.000273047 0.999840736 0.017844157 -1.898867607 0.006247829 -0.017845517 0.999821246 74.403854370
0.999976039 -0.000981037 -0.006846866 1.250418425 0.001100781 0.999846101 0.017507009 -1.910439372 0.006828636 -0.017514123 0.999823272 74.945487976
0.999980330 -0.000603756 -0.006245567 1.239333749 0.000716464 0.999836624 0.018059531 -1.912854791 0.006233642 -0.018063648 0.999817371 75.482864380
0.999971986 -0.001688224 -0.007288320 1.277170062 0.001815888 0.999844432 0.017545262 -1.924071074 0.007257565 -0.017558007 0.999819458 76.021194458
0.999983370 0.000129200 -0.005770532 1.206581950 -0.000025011 0.999837041 0.018051628 -1.932074189 0.005771922 -0.018051187 0.999820411 76.374443054
0.999974251 -0.001551980 -0.007024994 1.291864157 0.001677252 0.999839008 0.017861603 -1.930431604 0.006996143 -0.017872924 0.999815702 77.090965271
0.999981523 -0.000145254 -0.006079711 1.217933655 0.000256137 0.999833524 0.018241484 -1.950524807 0.006076050 -0.018242702 0.999815106 77.444450378
0.999984205 -0.000023212 -0.005621464 1.222487330 0.000124465 0.999837756 0.018012211 -1.953606844 0.005620134 -0.018012624 0.999821901 77.997749329
0.999979317 -0.001279865 -0.006303410 1.250439048 0.001396022 0.999828577 0.018457923 -1.970567942 0.006278704 -0.018466339 0.999809742 78.552490234
0.999980390 -0.001319851 -0.006117019 1.259038091 0.001429252 0.999838471 0.017915005 -1.957331419 0.006092386 -0.017923402 0.999820828 79.168090820
0.999981880 -0.001213346 -0.005881317 1.244069099 0.001321194 0.999830425 0.018368250 -1.984995484 0.005858030 -0.018375689 0.999813974 79.678619385
0.999984741 -0.001114334 -0.005413027 1.266091824 0.001211229 0.999838471 0.017930327 -1.971969366 0.005392174 -0.017936606 0.999824584 80.324317932
0.999989867 -0.000773933 -0.004433499 1.276304364 0.000852768 0.999841094 0.017807638 -1.984463215 0.004419012 -0.017811239 0.999831617 80.867446899
0.999994099 -0.001084833 -0.003240764 1.294322491 0.001142214 0.999841690 0.017756682 -1.987151623 0.003220988 -0.017760279 0.999837101 81.453292847
0.999997497 -0.001416820 -0.001734235 1.304863691 0.001447097 0.999844313 0.017583281 -1.992874503 0.001709053 -0.017585739 0.999843895 82.048484802
0.999997497 -0.001512298 0.001663921 1.317188501 0.001483031 0.999846578 0.017452583 -1.997933269 -0.001690059 -0.017450066 0.999846280 82.594779968
0.999984086 -0.001535886 0.005423571 1.349533319 0.001440375 0.999844611 0.017570440 -2.000351667 -0.005449714 -0.017562350 0.999830842 83.107955933
0.999961972 -0.001860108 0.008526851 1.361658812 0.001705061 0.999833703 0.018154807 -2.008689880 -0.008559204 -0.018139578 0.999798834 83.695274353
0.999905109 -0.000474170 0.013766688 1.377689600 0.000235917 0.999850273 0.017302914 -2.012101173 -0.013772834 -0.017298026 0.999755442 84.315551758
0.999805570 -0.001394559 0.019667942 1.398869038 0.001047251 0.999843538 0.017657870 -2.013542414 -0.019689489 -0.017633844 0.999650598 84.845848083
0.999678791 -0.001636972 0.025292847 1.431460738 0.001197465 0.999848247 0.017382106 -2.019140244 -0.025317462 -0.017346235 0.999528944 85.387573242
0.999511242 -0.000148636 0.031259961 1.474990845 -0.000402346 0.999844670 0.017618755 -2.036885738 -0.031257723 -0.017622722 0.999355972 85.978485107
0.999227166 -0.000569011 0.039301753 1.495873213 -0.000107600 0.999851823 0.017211543 -2.018522978 -0.039305728 -0.017202469 0.999079049 86.519439697
0.998866379 0.000172536 0.047600742 1.546187878 -0.000994051 0.999850988 0.017235305 -2.038335800 -0.047590677 -0.017263088 0.998717725 87.139328003
0.998537481 -0.000083999 0.054064129 1.615593672 -0.000876757 0.999842048 0.017746696 -2.054583549 -0.054057080 -0.017768143 0.998379707 87.663543701
0.998036146 -0.001296137 0.062626466 1.669113874 0.000194671 0.999845207 0.017590780 -2.053701639 -0.062639579 -0.017544044 0.997881949 88.229682922
0.997368813 -0.001384137 0.072481059 1.731175900 0.000117544 0.999847293 0.017476164 -2.061006784 -0.072494164 -0.017421659 0.997216642 88.780532837
0.996707678 -0.001746932 0.081059322 1.796811104 0.000333162 0.999847651 0.017451424 -2.061828613 -0.081077464 -0.017366964 0.996556461 89.345230103
0.996017575 -0.001369643 0.089145578 1.851295948 -0.000168295 0.999851346 0.017242176 -2.058886766 -0.089155950 -0.017188516 0.995869339 89.930503845
0.995036960 -0.001229608 0.099497743 1.947599888 -0.000516422 0.999846339 0.017520782 -2.079564333 -0.099503994 -0.017485211 0.994883537 90.477111816
0.993907988 -0.002705166 0.110179231 2.032916069 0.000784711 0.999847054 0.017469918 -2.079595804 -0.110209651 -0.017277034 0.993758202 91.051727295
0.992878020 -0.002637904 0.119106159 2.127130508 0.000630951 0.999857187 0.016884683 -2.079381466 -0.119133696 -0.016689278 0.992738068 91.610694885
0.991510153 -0.002693240 0.130002171 2.226396561 0.000495534 0.999856472 0.016934536 -2.086083889 -0.130029127 -0.016726341 0.991369128 92.149726868
0.989854097 -0.003150598 0.142052338 2.332012177 0.000666144 0.999846041 0.017533874 -2.100675583 -0.142085686 -0.017261352 0.989703774 92.693138123
0.988261044 -0.003948193 0.152723312 2.442797661 0.001374998 0.999855340 0.016950682 -2.097294807 -0.152768150 -0.016541706 0.988123536 93.276557922
0.986623645 -0.004219221 0.162960157 2.559865952 0.001452661 0.999852836 0.017092342 -2.104235649 -0.163008302 -0.016626982 0.986484587 93.832054138
0.984425902 -0.004581180 0.175740391 2.684391975 0.001645211 0.999856710 0.016848348 -2.109187126 -0.175792381 -0.016296821 0.984292388 94.363372803
0.982198179 -0.005396141 0.187770203 2.812264442 0.002207955 0.999849856 0.017184202 -2.118159294 -0.187834755 -0.016463701 0.982062638 94.916023254
0.980125010 -0.005423357 0.198306456 2.938412666 0.002055987 0.999850273 0.017182594 -2.123650551 -0.198369965 -0.016433377 0.979989409 95.458778381
0.977307081 -0.005560833 0.211754337 3.075286865 0.001959199 0.999849856 0.017214574 -2.128323078 -0.211818278 -0.016409054 0.977171302 96.005805969
0.974359989 -0.005824454 0.224919334 3.231971741 0.002018466 0.999850869 0.017147817 -2.131460667 -0.224985689 -0.016254153 0.974226475 96.556678772
0.971694291 -0.006150180 0.236161530 3.384557724 0.002049513 0.999842942 0.017605385 -2.141159058 -0.236232698 -0.016623037 0.971554339 97.111701965
0.968775451 -0.006816773 0.247845665 3.557209015 0.002626071 0.999848008 0.017235180 -2.148011208 -0.247925460 -0.016046161 0.968646228 97.628089905
0.964928508 -0.006588554 0.262430131 3.726842880 0.002082256 0.999845624 0.017445819 -2.153310776 -0.262504578 -0.016287519 0.964793265 98.187400818
0.961524844 -0.006888936 0.274631500 3.905605316 0.002235854 0.999848664 0.017252449 -2.154111147 -0.274708867 -0.015974618 0.961394727 98.726074219
0.958300233 -0.007323134 0.285669357 4.093265533 0.002335027 0.999838829 0.017797839 -2.163188457 -0.285753667 -0.016388627 0.958162963 99.262100220
0.954041064 -0.007384046 0.299584538 4.282051086 0.002024456 0.999832273 0.018196510 -2.170227051 -0.299668670 -0.016753724 0.953896165 99.787681580
0.949561536 -0.007854397 0.313482434 4.485895157 0.002532338 0.999845743 0.017380796 -2.167243481 -0.313570589 -0.015710292 0.949434876 100.339157104
0.945852339 -0.008783662 0.324478358 4.687437057 0.003237084 0.999839365 0.017629664 -2.171092510 -0.324581146 -0.015624699 0.945728779 100.838211060
0.941394746 -0.009353147 0.337177187 4.901111603 0.003696915 0.999841452 0.017413428 -2.172929764 -0.337286592 -0.015146394 0.941280127 101.365478516
0.936242521 -0.009577862 0.351223975 5.119321823 0.003612394 0.999837935 0.017636133 -2.178874016 -0.351335913 -0.015242940 0.936125398 101.884468079
0.931639194 -0.010376637 0.363236487 5.348344803 0.004255342 0.999835134 0.017648239 -2.181161404 -0.363359749 -0.014896095 0.931529820 102.396850586
0.927354455 -0.011057600 0.374020606 5.576505661 0.004944261 0.999838114 0.017300462 -2.182989836 -0.374151438 -0.014194404 0.927258909 102.901504517
0.921829164 -0.010424568 0.387456268 5.814804077 0.004021893 0.999841690 0.017332077 -2.185947180 -0.387575597 -0.014418900 0.921725273 103.411125183
0.916210771 -0.011383843 0.400534928 6.058811188 0.004824325 0.999837220 0.017381487 -2.188523769 -0.400667608 -0.013992797 0.916116774 103.912895203
0.911342025 -0.012405870 0.411462992 6.319358826 0.005743228 0.999831617 0.017424984 -2.195126057 -0.411609948 -0.013516993 0.911259890 104.417640686
0.904907703 -0.011790953 0.425444454 6.571956635 0.004862563 0.999837279 0.017367397 -2.198956966 -0.425580055 -0.013647141 0.904817879 104.906051636
0.898393571 -0.013019197 0.438998193 6.866374969 0.005900546 0.999828100 0.017576257 -2.205466747 -0.439151615 -0.013200066 0.898316026 105.420333862
0.892233253 -0.012898826 0.451390684 7.114566803 0.005513035 0.999828577 0.017673608 -2.215888262 -0.451541305 -0.013280445 0.892151475 105.862922668
0.886833310 -0.014204475 0.461871177 7.423660278 0.006870364 0.999822259 0.017557021 -2.209068537 -0.462038428 -0.012396931 0.886773229 106.411758423
0.879634738 -0.014764912 0.475420594 7.708015442 0.007327201 0.999820113 0.017493976 -2.213862181 -0.475593328 -0.011904804 0.879584670 106.888977051
