1.000000000 0.000000000 0.000000000 0.000000000 0.000000000 1.000000000 0.000000000 0.000000000 0.000000000 0.000000000 1.000000000 0.000000000
1.000000000 0.000175046 0.000083224 -0.000690350 -0.000175043 1.000000000 -0.000037888 -0.000632437 -0.000083231 0.000037874 1.000000000 -0.000191722
1.000000000 0.000036951 0.000042719 0.002937118 -0.000036951 1.000000000 0.000000723 0.000777772 -0.000042719 -0.000000725 1.000000000 -0.003742104
1.000000000 0.000068893 0.000045376 -0.000359485 -0.000068893 1.000000000 0.000005039 0.000690493 -0.000045376 -0.000005042 1.000000000 0.002949513
1.000000000 0.000028873 0.000056784 -0.000363873 -0.000028875 1.000000000 0.000025096 0.000298737 -0.000056783 -0.000025098 1.000000000 0.000520533
1.000000000 0.000053619 0.000073247 -0.000243549 -0.000053626 1.000000000 0.000098684 0.000376968 -0.000073242 -0.000098688 1.000000000 -0.004138991
1.000000000 0.000113485 0.000111554 -0.001681592 -0.000113489 1.000000000 0.000033462 0.001198554 -0.000111550 -0.000033475 1.000000000 -0.000742876
1.000000000 0.000095505 0.000050880 -0.000184035 -0.000095504 1.000000000 -0.000016216 0.000198257 -0.000050882 0.000016211 1.000000000 -0.000626141
1.000000000 0.000004345 0.000033200 0.000068306 -0.000004346 1.000000000 0.000033242 0.000114839 -0.000033200 -0.000033243 1.000000000 -0.001819076
1.000000000 0.000049579 0.000047509 -0.000024213 -0.000049581 1.000000000 0.000051064 0.000781327 -0.000047506 -0.000051067 1.000000000 -0.008947640
1.000000000 0.000026771 0.000099303 -0.000473525 -0.000026773 1.000000000 0.000020274 -0.000216212 -0.000099302 -0.000020276 1.000000000 0.000910082
1.000000000 -0.000200006 0.000022778 -0.000128872 0.000200006 1.000000000 -0.000012273 -0.000016941 -0.000022775 0.000012278 1.000000000 -0.000927257
1.000000000 0.000027202 0.000058788 0.000680036 -0.000027204 1.000000000 0.000040726 -0.000022013 -0.000058786 -0.000040728 1.000000000 -0.001195510
1.000000000 -0.000213766 0.000000760 -0.000510654 0.000213766 1.000000000 0.000100512 0.000382099 -0.000000782 -0.000100511 1.000000000 -0.002672748
1.000000000 -0.000123913 -0.000001041 -0.000412988 0.000123913 1.000000000 -0.000016249 0.000259136 0.000001043 0.000016249 1.000000000 -0.002292795
1.000000000 -0.000057022 0.000037635 -0.000395589 0.000057023 1.000000000 -0.000023825 -0.000164578 -0.000037634 0.000023827 1.000000000 -0.003331797
1.000000000 0.000087920 0.000042961 -0.000300124 -0.000087922 1.000000000 0.000035739 0.000376998 -0.000042958 -0.000035742 1.000000000 -0.008508459
1.000000000 -0.000078482 0.000007565 0.000110166 0.000078482 1.000000000 0.000030009 0.000388076 -0.000007567 -0.000030008 1.000000000 -0.004008341
1.000000000 -0.000076254 0.000013659 -0.000023315 0.000076254 1.000000000 0.000024668 0.000422524 -0.000013661 -0.000024667 1.000000000 -0.007086352
1.000000000 -0.000174106 -0.000071962 0.002703951 0.000174110 1.000000000 0.000055104 -0.001764747 0.000071952 -0.000055116 1.000000000 -0.004028406
1.000000000 0.000008446 0.000118148 -0.001161604 -0.000008451 1.000000000 0.000039447 -0.001987193 -0.000118148 -0.000039448 1.000000000 -0.000226766
1.000000000 -0.000039559 0.000042976 -0.000512363 0.000039558 1.000000000 0.000027004 -0.000941724 -0.000042977 -0.000027002 1.000000000 -0.004300881
1.000000000 -0.000032040 0.000025625 0.000474652 0.000032039 1.000000000 0.000035058 0.001141461 -0.000025626 -0.000035057 1.000000000 -0.007066201
1.000000000 0.000074675 0.000058604 0.001161993 -0.000074677 1.000000000 0.000037237 0.000437660 -0.000058601 -0.000037241 1.000000000 -0.008006726
1.000000000 0.000014268 0.000075023 0.000223186 -0.000014272 1.000000000 0.000056820 0.000853625 -0.000075023 -0.000056821 1.000000000 -0.002942180
1.000000000 -0.000022499 0.000055177 -0.001509730 0.000022501 1.000000000 -0.000038438 0.000958317 -0.000055176 0.000038440 1.000000000 -0.002395020
1.000000000 -0.000133370 0.000016305 -0.000877076 0.000133369 1.000000000 0.000057428 -0.000087114 -0.000016312 -0.000057426 1.000000000 -0.000926458
1.000000000 -0.000124027 0.000028775 -0.004074559 0.000124027 1.000000000 0.000025570 0.001626018 -0.000028779 -0.000025566 1.000000000 -0.002665630
1.000000000 -0.000046668 0.000062479 0.000564003 0.000046665 1.000000000 0.000061551 -0.000295953 -0.000062482 -0.000061548 1.000000000 -0.000263051
1.000000000 -0.000024608 0.000081522 -0.000548803 0.000024600 1.000000000 0.000094813 -0.000700598 -0.000081524 -0.000094810 1.000000000 -0.000634048
1.000000000 -0.000085305 0.000072126 0.001139546 0.000085300 1.000000000 0.000074552 0.000226505 -0.000072132 -0.000074546 1.000000000 -0.003806933
1.000000000 -0.000079597 0.000036855 -0.000029587 0.000079594 1.000000000 0.000105333 -0.001929282 -0.000036863 -0.000105330 1.000000000 -0.005002161
1.000000000 0.000028540 0.000052821 -0.003874779 -0.000028539 1.000000000 -0.000035362 0.001871438 -0.000052822 0.000035361 1.000000000 -0.003921512
1.000000000 0.000027447 -0.000031408 -0.001125094 -0.000027447 1.000000000 -0.000000406 0.002061430 0.000031408 0.000000406 1.000000000 -0.003043215
1.000000000 -0.000012620 -0.000001665 -0.001160944 0.000012620 1.000000000 -0.000030165 0.002122862 0.000001665 0.000030165 1.000000000 -0.001152768
1.000000000 -0.000029893 0.000037288 -0.000693077 0.000029893 1.000000000 -0.000004007 -0.000000205 -0.000037288 0.000004008 1.000000000 -0.004573073
1.000000000 -0.000078754 0.000056337 -0.002921390 0.000078750 1.000000000 0.000071739 0.000293387 -0.000056343 -0.000071735 1.000000000 -0.002896269
1.000000000 0.000085579 0.000069021 -0.000409005 -0.000085582 1.000000000 0.000048265 0.000534412 -0.000069017 -0.000048271 1.000000000 -0.003210710
1.000000000 -0.000160956 -0.000028946 0.000569895 0.000160958 1.000000000 0.000055483 -0.001646721 0.000028937 -0.000055488 1.000000000 -0.000675103
1.000000000 0.000058944 0.000088153 0.003001871 -0.000058891 0.999999821 -0.000597994 -0.005781174 -0.000088188 0.000597989 0.999999821 0.044611983
1.000000000 -0.000018400 -0.000027760 0.003655331 0.000018366 0.999999225 -0.001223186 -0.003550685 0.000027783 0.001223185 0.999999225 0.143254787
1.000000000 -0.000063350 -0.000053654 0.008422786 0.000063275 0.999999046 -0.001398962 -0.011001525 0.000053742 0.001398958 0.999999046 0.259647787
1.000000000 0.000050173 0.000175649 -0.001659603 -0.000049951 0.999999166 -0.001268227 -0.016480526 -0.000175713 0.001268218 0.999999166 0.393499851
0.999999940 0.000355132 -0.000032122 0.009340991 -0.000355167 0.999999344 -0.001090132 -0.020503776 0.000031734 0.001090143 0.999999404 0.534152091
0.999999940 0.000279519 0.000105455 0.012353396 -0.000279391 0.999999225 -0.001215750 -0.016196949 -0.000105795 0.001215720 0.999999285 0.700641096
1.000000000 0.000199493 0.000118164 0.019268498 -0.000199417 0.999999762 -0.000643884 -0.037042189 -0.000118292 0.000643860 0.999999762 0.865028143
1.000000000 -0.000024693 0.000083512 0.014682708 0.000024751 0.999999762 -0.000697850 -0.032904573 -0.000083495 0.000697852 0.999999762 1.030866981
0.999999881 0.000165722 0.000445304 0.013364786 -0.000165493 0.999999881 -0.000513318 -0.040962584 -0.000445389 0.000513244 0.999999762 1.201201558
1.000000000 0.000043835 0.000035733 0.025591392 -0.000043825 0.999999940 -0.000283794 -0.053475324 -0.000035746 0.000283793 0.999999940 1.426458240
0.999999940 -0.000258641 -0.000119553 0.039824259 0.000258594 0.999999881 -0.000399877 -0.058232833 0.000119657 0.000399846 0.999999940 1.625449300
0.999999940 0.000296156 0.000240668 0.034015901 -0.000296093 0.999999940 -0.000263505 -0.055038419 -0.000240746 0.000263433 0.999999940 1.813421011
0.999999702 0.000419580 0.000635832 0.026616717 -0.000419568 0.999999940 -0.000019193 -0.070461981 -0.000635840 0.000018926 0.999999821 2.009625673
0.999999523 0.000615143 0.000785376 0.029975340 -0.000615152 0.999999821 0.000011483 -0.083210699 -0.000785369 -0.000011966 0.999999702 2.226778507
0.999999523 0.000443538 0.000844133 0.031237621 -0.000443772 0.999999881 0.000277248 -0.092565969 -0.000844010 -0.000277623 0.999999583 2.448829889
0.999996126 0.002809799 -0.000335251 0.098697968 -0.002809039 0.999993503 0.002247704 -0.191779554 0.000341565 -0.002246754 0.999997437 2.559261799
0.999995172 0.003099748 0.000029878 0.104106687 -0.003099807 0.999992669 0.002214653 -0.197471455 -0.000023013 -0.002214735 0.999997556 2.793948889
0.999996006 0.002778578 -0.000341615 0.109384157 -0.002777728 0.999993026 0.002464782 -0.205342114 0.000348461 -0.002463823 0.999996901 3.021187782
0.999996603 0.002557915 -0.000386181 0.109982274 -0.002557039 0.999994159 0.002252515 -0.212516651 0.000391940 -0.002251520 0.999997437 3.273925781
0.999995828 0.002855627 -0.000279593 0.113054752 -0.002854918 0.999992728 0.002501098 -0.215725943 0.000286733 -0.002500289 0.999996781 3.512587547
0.999994993 0.003169271 -0.000052912 0.122392476 -0.003169114 0.999991179 0.002745008 -0.224415869 0.000061611 -0.002744827 0.999996305 3.753310919
0.999996364 0.002678193 -0.000267990 0.125698149 -0.002677378 0.999991894 0.002995176 -0.241835847 0.000276010 -0.002994448 0.999995410 4.013499737
0.999995351 0.003058217 0.000015454 0.120460853 -0.003058252 0.999989569 0.003400470 -0.257454455 -0.000005055 -0.003400501 0.999994218 4.237983227
0.999994755 0.003255309 -0.000019109 0.128906846 -0.003255229 0.999989271 0.003300930 -0.258594424 0.000029854 -0.003300850 0.999994576 4.507562160
0.999996543 0.002660488 -0.000123694 0.138220549 -0.002660060 0.999990880 0.003337990 -0.271721512 0.000132573 -0.003337649 0.999994457 4.763817787
0.999996185 0.002772889 0.000057938 0.147832990 -0.002773077 0.999989927 0.003529512 -0.279309034 -0.000048151 -0.003529659 0.999993801 5.043614864
0.999995828 0.002901271 0.000109826 0.139383122 -0.002901660 0.999988914 0.003719820 -0.294197321 -0.000099033 -0.003720123 0.999993145 5.264631271
0.999992371 0.003875679 0.000463159 0.134518608 -0.003877476 0.999984682 0.003942961 -0.312535703 -0.000447870 -0.003944727 0.999992132 5.514979362
0.999993205 0.003669670 0.000211264 0.142298475 -0.003670489 0.999985158 0.004016462 -0.321632624 -0.000196522 -0.004017211 0.999991953 5.782393932
0.999993622 0.003570351 0.000372439 0.143303677 -0.003571765 0.999986112 0.003869211 -0.329142183 -0.000358619 -0.003870516 0.999992490 6.064912319
0.999988794 0.004653524 0.000900865 0.146219358 -0.004657180 0.999980628 0.004099681 -0.339867353 -0.000881770 -0.004103830 0.999991179 6.335800171
0.999987423 0.004892290 0.001069435 0.148992568 -0.004896635 0.999979496 0.004099292 -0.347597480 -0.001049358 -0.004104477 0.999991059 6.622804642
0.999993145 0.003676258 0.000497429 0.166203007 -0.003678283 0.999984682 0.004134006 -0.357528687 -0.000482224 -0.004135807 0.999991357 6.943645000
0.999995947 0.002876734 -0.000094090 0.185919851 -0.002876280 0.999985516 0.004520488 -0.373865962 0.000107093 -0.004520198 0.999989808 7.232063293
0.999994457 0.003331086 0.000276359 0.188508824 -0.003332316 0.999983966 0.004580306 -0.382498920 -0.000261097 -0.004581202 0.999989510 7.541763306
0.999994338 0.003343221 0.000201974 0.198833197 -0.003344154 0.999982834 0.004807940 -0.390819818 -0.000185897 -0.004808588 0.999988496 7.863788128
0.999992371 0.003878879 0.000505920 0.198697716 -0.003881205 0.999981523 0.004681260 -0.408569783 -0.000487753 -0.004683188 0.999988914 8.177558899
0.999992251 0.003930916 0.000446248 0.207509801 -0.003932897 0.999981999 0.004529256 -0.410646915 -0.000428436 -0.004530975 0.999989629 8.512613297
0.999994040 0.003451773 0.000407906 0.217010111 -0.003453644 0.999983072 0.004677182 -0.423707217 -0.000391755 -0.004678563 0.999988973 8.835566521
0.999994218 0.003386325 0.000368345 0.231985003 -0.003388029 0.999983072 0.004728322 -0.432528406 -0.000352327 -0.004729542 0.999988735 9.168047905
0.999992490 0.003835074 0.000642085 0.227078423 -0.003838077 0.999981344 0.004743308 -0.436168045 -0.000623883 -0.004745736 0.999988556 9.506547928
0.999994099 0.003397642 0.000614048 0.229538932 -0.003400618 0.999982119 0.004910994 -0.447322458 -0.000597351 -0.004913053 0.999987721 9.865144730
0.999994755 0.003212580 0.000272985 0.241709992 -0.003213806 0.999984145 0.004618214 -0.469457537 -0.000258144 -0.004619067 0.999989271 10.228344917
0.999995410 0.003046301 -0.000081349 0.254070550 -0.003045862 0.999983072 0.004948400 -0.480018884 0.000096422 -0.004948129 0.999987721 10.584365845
0.999996066 0.002831388 0.000095996 0.253158003 -0.002831836 0.999983191 0.005041061 -0.488421679 -0.000081721 -0.005041312 0.999987304 10.963524818
0.999997020 0.002461086 -0.000063819 0.259461105 -0.002460691 0.999981403 0.005576275 -0.504148543 0.000077542 -0.005576101 0.999984443 11.328022957
0.999996781 0.002502662 0.000324749 0.272957265 -0.002504473 0.999980569 0.005699208 -0.516717732 -0.000310480 -0.005700003 0.999983728 11.679101944
0.999996424 0.002658330 0.000239736 0.271200418 -0.002659672 0.999979734 0.005781845 -0.537269413 -0.000224361 -0.005782462 0.999983251 12.058105469
0.999995828 0.002840735 0.000521795 0.280383676 -0.002843678 0.999979556 0.005728563 -0.547008336 -0.000505510 -0.005730023 0.999983490 12.446418762
0.999996006 0.002758296 0.000614315 0.283226430 -0.002762015 0.999977350 0.006137313 -0.559036076 -0.000597372 -0.006138985 0.999980986 12.851647377
0.999997318 0.002296607 0.000151947 0.306514174 -0.002297492 0.999978662 0.006108274 -0.568152249 -0.000137916 -0.006108607 0.999981344 13.220843315
0.999997139 0.002334165 0.000413938 0.306635618 -0.002336876 0.999974966 0.006672520 -0.608088315 -0.000398353 -0.006673468 0.999977648 13.664919853
0.999997437 0.002225365 0.000466490 0.316657573 -0.002228602 0.999972641 0.007058947 -0.616267085 -0.000450768 -0.007059969 0.999974906 14.081880569
0.999997556 0.002095501 0.000705606 0.328006595 -0.002100627 0.999970853 0.007343792 -0.636880040 -0.000690196 -0.007345256 0.999972820 14.507648468
0.999996781 0.002337586 0.000971418 0.335482389 -0.002344994 0.999967694 0.007695097 -0.649087787 -0.000953399 -0.007697350 0.999969900 14.879079819
0.999996841 0.002183703 0.001259162 0.347352982 -0.002193380 0.999967694 0.007735757 -0.655027211 -0.001242229 -0.007738494 0.999969304 15.312109947
0.999997199 0.001891616 0.001407281 0.357608408 -0.001902870 0.999965847 0.008038986 -0.667530060 -0.001392027 -0.008041642 0.999966681 15.724895477
0.999998391 0.001135782 0.001373134 0.368816257 -0.001146665 0.999967754 0.007951658 -0.705931783 -0.001364058 -0.007953221 0.999967396 16.203359604
0.999998868 0.000635982 0.001365107 0.378157079 -0.000646965 0.999967396 0.008059976 -0.716885209 -0.001359936 -0.008060850 0.999966562 16.651458740
0.999997854 0.000941144 0.001864931 0.386789352 -0.000956063 0.999967456 0.008015236 -0.737674415 -0.001857327 -0.008017002 0.999966145 17.110385895
0.999996364 0.001506634 0.002228406 0.395239741 -0.001525141 0.999964118 0.008326521 -0.736998141 -0.002215781 -0.008329890 0.999962807 17.561090469
0.999996901 0.000923512 0.002348536 0.410282493 -0.000942829 0.999965549 0.008237591 -0.748665035 -0.002340848 -0.008239780 0.999963284 18.024015427
0.999996483 0.000603176 0.002576429 0.420888484 -0.000624866 0.999964237 0.008425699 -0.756855071 -0.002571255 -0.008427280 0.999961197 18.490697861
0.999994040 0.001615417 0.003047147 0.430690885 -0.001642610 0.999958634 0.008942919 -0.776765704 -0.003032575 -0.008947870 0.999955416 18.954509735
0.999996722 0.000220735 0.002548436 0.443011016 -0.000243927 0.999958634 0.009103767 -0.797663927 -0.002546321 -0.009104360 0.999955297 19.414613724
0.999996364 0.000498975 0.002636843 0.458702773 -0.000523318 0.999957204 0.009239471 -0.811519206 -0.002632120 -0.009240819 0.999953747 19.888481140
0.999996126 0.000768618 0.002654098 0.470493674 -0.000793690 0.999955058 0.009458133 -0.822135448 -0.002646708 -0.009460205 0.999951661 20.374742508
0.999996781 0.000032188 0.002525283 0.482512593 -0.000056355 0.999954164 0.009570653 -0.832144737 -0.002524859 -0.009570765 0.999951005 20.879056931
0.999998212 0.000196802 0.001884776 0.473698348 -0.000216140 0.999947309 0.010265514 -0.873891771 -0.001882658 -0.010265904 0.999945521 21.387123108
0.999998748 -0.000055217 0.001605371 0.482004911 0.000038816 0.999947846 0.010214488 -0.885523617 -0.001605852 -0.010214412 0.999946594 21.892061234
0.999999285 0.000050090 0.001224925 0.491400927 -0.000062654 0.999947429 0.010258731 -0.903065681 -0.001224347 -0.010258800 0.999946594 22.418888092
0.999999583 -0.000491356 0.000701075 0.501770735 0.000483984 0.999944985 0.010478036 -0.904225409 -0.000706185 -0.010477695 0.999944806 22.923126221
0.999999881 -0.000191416 -0.000169775 0.528840423 0.000193179 0.999945402 0.010447333 -0.929604113 0.000167766 -0.010447367 0.999945402 23.432451248
0.999998152 -0.001656002 -0.000959100 0.533274889 0.001666204 0.999941111 0.010735973 -0.956672430 0.000941264 -0.010737553 0.999941826 23.920703888
0.999997318 -0.001449158 -0.001819102 0.544387281 0.001469127 0.999938250 0.011024560 -0.967083573 0.001803014 -0.011027202 0.999937475 24.451765060
0.999995172 -0.001812059 -0.002522861 0.560893178 0.001841277 0.999930799 0.011627988 -0.975114346 0.002501616 -0.011632578 0.999929130 24.995147705
0.999994636 -0.001531038 -0.002889268 0.557183504 0.001564299 0.999932170 0.011545184 -0.990892649 0.002871396 -0.011549642 0.999929190 25.513282776
0.999993503 -0.001565801 -0.003234222 0.578932106 0.001603663 0.999929786 0.011737371 -1.007040381 0.003215617 -0.011742481 0.999925852 26.023426056
0.999992013 -0.002028528 -0.003421885 0.575107872 0.002070189 0.999923229 0.012215508 -1.039924145 0.003396843 -0.012222495 0.999919534 26.556526184
0.999990284 -0.002127776 -0.003851884 0.587300897 0.002177117 0.999915004 0.012851149 -1.059683323 0.003824212 -0.012859410 0.999909997 27.091138840
0.999991000 -0.001065220 -0.004079411 0.593415022 0.001114264 0.999926865 0.012039173 -1.059250116 0.004066288 -0.012043612 0.999919116 27.714839935
0.999981940 -0.002949587 -0.005229321 0.618896127 0.003015417 0.999915719 0.012625713 -1.071902037 0.005191640 -0.012641253 0.999906600 28.252031326
0.999987662 -0.000669795 -0.004910178 0.604503751 0.000731334 0.999921083 0.012541953 -1.091412783 0.004901391 -0.012545390 0.999909282 28.815471649
0.999984801 -0.001943385 -0.005164753 0.571337581 0.002009503 0.999915719 0.012827428 -1.111135006 0.005139389 -0.012837611 0.999904394 29.285600662
0.999981940 -0.002042390 -0.005668029 0.571603417 0.002116596 0.999911726 0.013116932 -1.129061103 0.005640738 -0.013128689 0.999897957 29.815168381
0.999979258 -0.002695780 -0.005858394 0.590377927 0.002774163 0.999906242 0.013412783 -1.133533716 0.005821686 -0.013428756 0.999892890 30.379684448
0.999981046 -0.001856863 -0.005887021 0.590982497 0.001936291 0.999906838 0.013515176 -1.150040627 0.005861376 -0.013526316 0.999891281 30.888006210
0.999978483 -0.001776256 -0.006319005 0.585154116 0.001862008 0.999905944 0.013590621 -1.169419765 0.006294270 -0.013602093 0.999887645 31.470489502
0.999976277 -0.002563657 -0.006388681 0.573269784 0.002654084 0.999895871 0.014186230 -1.228959203 0.006351647 -0.014202851 0.999878943 32.018699646
0.999977410 -0.002053376 -0.006399419 0.577937365 0.002144247 0.999896646 0.014225403 -1.235030890 0.006369547 -0.014238805 0.999878347 32.568862915
0.999977231 -0.002089914 -0.006408794 0.576645553 0.002181224 0.999895751 0.014273885 -1.239049911 0.006378296 -0.014287540 0.999877572 33.099178314
0.999976397 -0.002374527 -0.006436053 0.571082950 0.002469247 0.999888182 0.014749294 -1.260850430 0.006400311 -0.014764841 0.999870479 33.610622406
0.999974132 -0.002114778 -0.006874060 0.592103601 0.002217219 0.999886155 0.014929208 -1.278254032 0.006841706 -0.014944063 0.999864876 34.174640656
0.999969423 -0.003008342 -0.007220135 0.589744866 0.003115415 0.999884665 0.014864651 -1.269418955 0.007174584 -0.014886692 0.999863386 34.661293030
0.999967575 -0.003817956 -0.007097335 0.562581182 0.003927067 0.999873400 0.015423777 -1.273465633 0.007037549 -0.015451148 0.999855757 35.228500366
0.999956071 -0.004735497 -0.008089503 0.589362979 0.004867211 0.999854565 0.016340606 -1.357334733 0.008010946 -0.016379260 0.999833763 35.888134003
0.999959171 -0.004246636 -0.007976316 0.591784239 0.004374643 0.999860764 0.016099943 -1.363812327 0.007906835 -0.016134178 0.999838591 36.447597504
0.999954820 -0.004162170 -0.008551335 0.602171361 0.004298700 0.999862552 0.016010143 -1.372266293 0.008483523 -0.016046181 0.999835253 36.945819855
0.999949932 -0.004910805 -0.008718576 0.592480659 0.005051972 0.999855340 0.016243886 -1.369123578 0.008637544 -0.016287122 0.999830067 37.514377594
0.999953806 -0.004164076 -0.008669232 0.605613470 0.004303744 0.999860227 0.016154744 -1.371683598 0.008600752 -0.016191307 0.999831915 38.032524109
0.999943674 -0.005467496 -0.009099146 0.619919538 0.005621035 0.999840796 0.016934974 -1.400684953 0.009005105 -0.016985167 0.999815166 38.536003113
0.999935448 -0.006275047 -0.009481695 0.631906390 0.006436676 0.999832869 0.017113214 -1.413870931 0.009372723 -0.017173139 0.999808550 39.067123413
0.999940634 -0.005887551 -0.009177263 0.635823488 0.006047629 0.999828339 0.017513866 -1.424962282 0.009072574 -0.017568327 0.999804437 39.589488983
0.999940991 -0.005770337 -0.009205678 0.626011848 0.005929605 0.999831617 0.017368622 -1.417809963 0.009103905 -0.017422182 0.999806762 40.089153290
0.999931693 -0.006543051 -0.009681007 0.642962098 0.006716208 0.999816120 0.017963164 -1.450594068 0.009561692 -0.018026959 0.999791682 40.722274780
0.999932647 -0.006340176 -0.009720077 0.628548265 0.006509485 0.999825895 0.017486956 -1.439541459 0.009607514 -0.017549051 0.999799728 41.286163330
0.999929130 -0.006905088 -0.009699099 0.635528922 0.007073547 0.999822795 0.017443040 -1.439466000 0.009576934 -0.017510409 0.999800742 41.838832855
0.999931514 -0.006588075 -0.009669604 0.634045124 0.006756144 0.999824882 0.017452626 -1.436009645 0.009552930 -0.017516760 0.999800920 42.341362000
0.999922931 -0.006855322 -0.010351041 0.699200153 0.007048763 0.999799013 0.018768726 -1.503101826 0.010220294 -0.018840242 0.999770224 42.798141479
0.999921560 -0.006923885 -0.010433458 0.706377566 0.007125271 0.999786615 0.019390047 -1.516294241 0.010296977 -0.019462867 0.999757528 43.322315216
0.999910116 -0.007389401 -0.011186029 0.726505041 0.007602690 0.999787807 0.019146560 -1.510330796 0.011042173 -0.019229883 0.999754131 43.901386261
0.999915540 -0.006992345 -0.010952072 0.725391150 0.007196662 0.999798715 0.018728679 -1.515619874 0.010818911 -0.018805917 0.999764562 44.416637421
0.999918640 -0.007072134 -0.010616449 0.731728435 0.007272129 0.999794543 0.018919276 -1.514879942 0.010480470 -0.018994939 0.999764621 44.920722961
0.999921083 -0.007026057 -0.010414222 0.726803064 0.007231500 0.999777377 0.019822696 -1.560657978 0.010272629 -0.019896442 0.999749243 45.439235687
0.999915481 -0.007585145 -0.010566417 0.740267158 0.007795732 0.999768972 0.020033380 -1.571074724 0.010412022 -0.020114057 0.999743462 45.982524872
0.999922752 -0.006787148 -0.010416596 0.744219959 0.006995821 0.999772906 0.020128673 -1.589108586 0.010277617 -0.020199988 0.999743164 46.537822723
0.999929070 -0.006369797 -0.010056777 0.712749600 0.006568426 0.999781549 0.019842844 -1.581136346 0.009928185 -0.019907495 0.999752522 47.045570374
0.999934852 -0.005796760 -0.009831795 0.732247770 0.005998112 0.999770284 0.020575391 -1.624870062 0.009710265 -0.020633020 0.999739945 47.552333832
0.999928296 -0.006389765 -0.010133987 0.745486498 0.006600606 0.999759555 0.020910218 -1.635277271 0.009997941 -0.020975605 0.999730051 48.096744537
0.999922872 -0.006905808 -0.010323640 0.750395238 0.007122147 0.999752700 0.021067854 -1.646344900 0.010175597 -0.021139754 0.999724805 48.632156372
0.999933004 -0.005681594 -0.010086960 0.760075450 0.005886384 0.999774694 0.020390173 -1.644204497 0.009968841 -0.020448182 0.999741256 49.176788330
0.999930978 -0.006304495 -0.009909016 0.753295183 0.006510156 0.999761164 0.020861536 -1.661134005 0.009775127 -0.020924607 0.999733269 49.661346436
0.999937475 -0.005594743 -0.009678986 0.750715911 0.005796302 0.999764264 0.020923113 -1.667681694 0.009559643 -0.020977907 0.999734282 50.205905914
0.999935627 -0.005686045 -0.009811282 0.765754223 0.005889490 0.999765575 0.020832924 -1.671320081 0.009690524 -0.020889370 0.999734819 50.737751007
0.999928236 -0.006555059 -0.010029900 0.759797990 0.006764670 0.999756336 0.021009373 -1.682835102 0.009889739 -0.021075713 0.999728978 51.255413055
0.999921322 -0.007065420 -0.010371851 0.770303667 0.007284142 0.999748647 0.021204030 -1.689575434 0.010219429 -0.021277910 0.999721467 51.801525116
0.999926627 -0.006438979 -0.010261991 0.780346394 0.006659166 0.999745131 0.021568820 -1.696460962 0.010120494 -0.021635573 0.999714732 52.337940216
0.999931753 -0.006048840 -0.010000301 0.778248191 0.006257679 0.999760091 0.020985488 -1.700419545 0.009870965 -0.021046633 0.999729753 52.867004395
0.999929309 -0.006380212 -0.010035898 0.782510877 0.006593595 0.999749780 0.021374607 -1.716511250 0.009897013 -0.021439267 0.999721289 53.354446411
0.999926031 -0.006551840 -0.010249999 0.787716210 0.006774390 0.999738693 0.021830296 -1.723694921 0.010104293 -0.021898117 0.999709129 53.903633118
0.999914229 -0.007333462 -0.010856382 0.810687900 0.007567315 0.999736726 0.021658620 -1.729280233 0.010694691 -0.021738915 0.999706566 54.459487915
0.999926150 -0.006433535 -0.010314171 0.812560618 0.006647079 0.999761462 0.020805081 -1.713760376 0.010177861 -0.020872103 0.999730349 55.028137207
0.999927461 -0.006499021 -0.010133459 0.792040706 0.006715113 0.999747574 0.021438386 -1.736477613 0.009991574 -0.021504881 0.999718785 55.416728973
0.999929130 -0.006459479 -0.009995547 0.796762764 0.006670804 0.999751806 0.021255026 -1.743394136 0.009855771 -0.021320194 0.999724090 55.959915161
0.999929965 -0.006465373 -0.009906871 0.806421578 0.006671370 0.999759197 0.020903300 -1.739819169 0.009769337 -0.020967927 0.999732435 56.480003357
0.999929488 -0.006303001 -0.010064129 0.801112890 0.006517274 0.999749601 0.021401864 -1.751997471 0.009926713 -0.021465944 0.999720275 57.037590027
0.999929607 -0.006312962 -0.010040430 0.828888059 0.006531005 0.999740243 0.021834267 -1.771109700 0.009899981 -0.021898301 0.999711156 57.444583893
0.999933243 -0.006204201 -0.009742947 0.830036283 0.006418776 0.999734044 0.022149013 -1.775897861 0.009602940 -0.022210075 0.999707222 57.985687256
0.999931097 -0.006268233 -0.009929037 0.836805761 0.006483770 0.999740720 0.021826563 -1.774939418 0.009789649 -0.021889433 0.999712467 58.525711060
0.999930143 -0.006212999 -0.010048380 0.858680248 0.006426038 0.999752283 0.021309827 -1.772742271 0.009913494 -0.021372911 0.999722362 59.053680420
0.999929845 -0.006196752 -0.010086032 0.854491115 0.006418398 0.999735296 0.022093616 -1.788926005 0.009946451 -0.022156805 0.999705017 59.490554810
0.999932706 -0.006298304 -0.009741452 0.862906814 0.006509853 0.999740243 0.021839241 -1.796752334 0.009601370 -0.021901185 0.999714077 60.037509918
0.999930620 -0.006096702 -0.010077493 0.884193003 0.006320065 0.999731779 0.022283394 -1.805403590 0.009938935 -0.022345539 0.999700904 60.573066711
0.999930620 -0.005953978 -0.010157287 0.882053077 0.006176089 0.999739408 0.021977773 -1.801691055 0.010023784 -0.022038981 0.999706864 61.106842041
0.999925494 -0.006575913 -0.010286863 0.885031879 0.006800716 0.999735355 0.021973167 -1.818930268 0.010139648 -0.022041481 0.999705613 61.568737030
0.999924183 -0.006517929 -0.010447307 0.892304718 0.006745907 0.999736607 0.021937041 -1.823152304 0.010301571 -0.022005854 0.999704778 62.091613770
0.999929130 -0.006185769 -0.010169634 0.896113694 0.006406376 0.999741614 0.021805117 -1.832323551 0.010032128 -0.021868723 0.999710500 62.623905182
0.999928653 -0.006194824 -0.010213098 0.895334065 0.006413149 0.999748588 0.021484533 -1.822690487 0.010077437 -0.021548500 0.999716997 63.181186676
0.999922872 -0.006637264 -0.010495599 0.894242108 0.006870659 0.999726355 0.022360113 -1.841430545 0.010344314 -0.022430498 0.999694824 63.613441467
0.999923289 -0.006349762 -0.010629976 0.908550322 0.006586315 0.999728143 0.022368388 -1.844757438 0.010485051 -0.022436684 0.999693274 64.150711060
0.999917626 -0.007018258 -0.010742316 0.906047940 0.007256260 0.999725401 0.022279313 -1.856079817 0.010583005 -0.022355428 0.999694049 64.706390381
0.999925494 -0.006611085 -0.010261156 0.899900258 0.006833910 0.999738276 0.021834526 -1.847040653 0.010114120 -0.021903025 0.999708951 65.236976624
0.999936879 -0.005649457 -0.009707547 0.899689734 0.005867913 0.999726832 0.022624601 -1.877756715 0.009577079 -0.022680134 0.999696910 65.633743286
0.999938846 -0.005262406 -0.009725181 0.899816751 0.005479538 0.999733210 0.022436742 -1.880404115 0.009604515 -0.022488661 0.999700963 66.193832397
0.999938130 -0.005348416 -0.009752228 0.909386694 0.005566368 0.999732316 0.022460617 -1.890589952 0.009629484 -0.022513514 0.999700189 66.728256226
0.999931991 -0.006100207 -0.009932946 0.889806151 0.006315747 0.999742150 0.021814743 -1.879637003 0.009797310 -0.021875998 0.999712706 67.294944763
0.999939919 -0.005096364 -0.009704579 0.937297642 0.005316114 0.999726892 0.022754425 -1.896903396 0.009585965 -0.022804648 0.999693990 67.672470093
0.999942780 -0.004466916 -0.009720257 0.961489022 0.004691574 0.999719620 0.023213567 -1.913495779 0.009613838 -0.023257844 0.999683321 68.165069580
0.999934733 -0.005667376 -0.009917626 0.959395945 0.005894060 0.999718606 0.022978740 -1.906732440 0.009784605 -0.023035696 0.999686837 68.730186462
0.999933898 -0.005400310 -0.010147803 0.972693324 0.005626319 0.999733746 0.022376720 -1.909005880 0.010024257 -0.022432337 0.999698102 69.285522461
0.999937117 -0.005280824 -0.009900844 0.983859479 0.005500464 0.999736488 0.022289492 -1.902147770 0.009780527 -0.022342548 0.999702573 69.774368286
0.999944389 -0.004889396 -0.009338938 0.965271413 0.005097527 0.999736369 0.022394253 -1.924521089 0.009226979 -0.022440612 0.999705613 70.253334045
0.999948680 -0.004332309 -0.009158698 0.966256201 0.004534324 0.999744356 0.022152709 -1.930812716 0.009060383 -0.022193100 0.999712646 70.804893494
0.999949872 -0.004105605 -0.009134575 0.968355536 0.004306830 0.999746084 0.022119418 -1.939458847 0.009041440 -0.022157649 0.999713659 71.356491089
0.999949574 -0.004107363 -0.009167721 0.973552525 0.004310316 0.999743640 0.022229014 -1.942559719 0.009074068 -0.022267407 0.999710917 71.933815002
0.999943674 -0.004979821 -0.009368970 1.007537127 0.005178775 0.999759078 0.021332288 -1.936269641 0.009260481 -0.021379607 0.999728501 72.523788452
0.999946535 -0.004697585 -0.009210029 1.023735285 0.004904574 0.999732912 0.022581914 -1.986111999 0.009101488 -0.022625878 0.999702692 72.775733948
0.999947667 -0.004502305 -0.009180547 1.034823656 0.004707769 0.999736190 0.022482956 -1.995883226 0.009076898 -0.022525001 0.999705076 73.312286377
0.999946892 -0.004624825 -0.009212820 1.038470387 0.004833721 0.999728799 0.022782702 -1.989612937 0.009104954 -0.022826025 0.999697983 73.787925720
0.999938369 -0.005128383 -0.009850557 1.098042488 0.005350424 0.999729097 0.022648429 -2.017716408 0.009731741 -0.022699736 0.999695063 74.303977966
0.999943256 -0.004986581 -0.009413296 1.055603623 0.005192685 0.999744534 0.021999050 -1.982536077 0.009301193 -0.022046681 0.999713659 74.919982910
0.999939322 -0.005393140 -0.009609859 1.064802170 0.005602936 0.999743640 0.021939900 -1.984949708 0.009489071 -0.021992413 0.999713063 75.460800171
0.999943972 -0.004757095 -0.009455223 1.051913500 0.004964171 0.999745727 0.021999311 -1.985791326 0.009348166 -0.022045014 0.999713242 75.988067627
0.999939561 -0.005130920 -0.009721315 1.103007674 0.005340713 0.999750793 0.021679055 -2.000601292 0.009607658 -0.021729659 0.999717653 76.527999878
0.999939620 -0.004849120 -0.009851594 1.148159385 0.005060979 0.999754012 0.021595234 -1.994316101 0.009744451 -0.021643789 0.999718249 76.957458496
0.999937356 -0.005171971 -0.009924127 1.099795103 0.005390632 0.999740481 0.022134434 -2.001675606 0.009807070 -0.022186546 0.999705732 77.538345337
0.999942601 -0.005043077 -0.009445622 1.105291843 0.005248702 0.999747038 0.021872580 -2.003091812 0.009332925 -0.021920901 0.999716163 78.094810486
0.999946535 -0.005364650 -0.008834003 1.139507174 0.005554589 0.999750853 0.021618711 -2.019303799 0.008715826 -0.021666629 0.999727249 78.655555725
0.999957502 -0.005472729 -0.007410937 1.151647806 0.005629912 0.999756038 0.021357782 -2.031955719 0.007292244 -0.021398596 0.999744475 79.179885864
0.999961078 -0.005916641 -0.006544600 1.145252943 0.006056038 0.999750733 0.021488793 -2.029135227 0.006415829 -0.021527588 0.999747694 79.768218994
0.999974489 -0.005192620 -0.004903626 1.135470152 0.005296164 0.999758124 0.021344168 -2.021987677 0.004791606 -0.021369589 0.999760151 80.242279053
0.999981463 -0.005648582 -0.002262996 1.147714853 0.005694629 0.999765635 0.020886524 -2.029939890 0.002144486 -0.020899026 0.999779284 80.784889221
0.999987364 -0.004858838 0.001303735 1.167135239 0.004830202 0.999764979 0.021135736 -2.049484730 -0.001406124 -0.021129172 0.999775767 81.349456787
0.999972284 -0.005556006 0.004937029 1.149288297 0.005451152 0.999764562 0.021003895 -2.035300970 -0.005052566 -0.020976404 0.999767184 81.952743530
0.999947548 -0.005018892 0.008930416 1.160642743 0.004832813 0.999773264 0.020737596 -2.030417442 -0.009032472 -0.020693347 0.999745190 82.452613831
0.999880314 -0.004386047 0.014835173 1.185328364 0.004069863 0.999765337 0.021276582 -2.036352158 -0.014925011 -0.021213662 0.999663532 83.004966736
0.999779105 -0.004690062 0.020491028 1.223625422 0.004257849 0.999768555 0.021085760 -2.041464567 -0.020585183 -0.020993855 0.999567688 83.522895813
0.999648392 -0.006108934 0.025800068 1.265308380 0.005570955 0.999766588 0.020872502 -2.050195932 -0.025921557 -0.020721434 0.999449253 84.026748657
0.999390364 -0.006135249 0.034370143 1.274496794 0.005421563 0.999768496 0.020819552 -2.041579247 -0.034489922 -0.020620521 0.999192178 84.582717896
0.999099970 -0.007438792 0.041759551 1.336467981 0.006571156 0.999760628 0.020875880 -2.071798801 -0.041904841 -0.020582689 0.998909593 85.161842346
0.998796344 -0.007918428 0.048404638 1.385673285 0.006909251 0.999756098 0.020980610 -2.079285622 -0.048558958 -0.020620920 0.998607457 85.706916809
0.998344243 -0.008474929 0.056893755 1.441518068 0.007293519 0.999754190 0.020940822 -2.082718372 -0.057057239 -0.020491194 0.998160601 86.216972351
0.997708142 -0.009667895 0.066970184 1.492365360 0.008325838 0.999759495 0.020289822 -2.086429596 -0.067150243 -0.019685734 0.997548699 86.793174744
0.997082293 -0.009975543 0.075679064 1.548401833 0.008430277 0.999749959 0.020710727 -2.087198257 -0.075866759 -0.020012300 0.996917188 87.311561584
0.996346891 -0.009125563 0.084908135 1.562054634 0.007396079 0.999759138 0.020661211 -2.138825655 -0.085076235 -0.019957747 0.996174455 87.950996399
0.995444357 -0.009707682 0.094848499 1.653173447 0.007781594 0.999756396 0.020655820 -2.148406029 -0.095025919 -0.019823648 0.995277286 88.466613770
0.994355261 -0.008958979 0.105721980 1.721432686 0.006769861 0.999755561 0.021047102 -2.157940626 -0.105884694 -0.020212578 0.994172931 89.028785706
0.993345857 -0.009332270 0.114790827 1.809951782 0.006957944 0.999753892 0.021067267 -2.162525177 -0.114959180 -0.020128373 0.993166208 89.575050354
0.992098927 -0.010623579 0.125007257 1.953387260 0.008045867 0.999744833 0.021107355 -2.198079109 -0.125199601 -0.019934790 0.991931260 90.207290649
0.990502179 -0.010802328 0.137071609 2.053270340 0.007988220 0.999746144 0.021063721 -2.203986645 -0.137264371 -0.019768706 0.990337133 90.746131897
0.988949120 -0.010988792 0.147846907 2.158825874 0.007954338 0.999745727 0.021099953 -2.208122253 -0.148041174 -0.019690763 0.988785148 91.284317017
0.987522900 -0.012345652 0.156990677 2.284047127 0.009129523 0.999733746 0.021190763 -2.209306240 -0.157210499 -0.019493114 0.987372696 91.856384277
0.985512555 -0.012456723 0.169144392 2.398774147 0.009020233 0.999737263 0.021070154 -2.211496353 -0.169362426 -0.019239180 0.985365987 92.394714355
0.983303368 -0.012737883 0.181527421 2.522995949 0.009041321 0.999734759 0.021176660 -2.217732906 -0.181749046 -0.019181835 0.983157814 92.925537109
0.981314301 -0.013458573 0.191940382 2.659913063 0.009595755 0.999732673 0.021040492 -2.216924429 -0.192172229 -0.018805524 0.981181026 93.517387390
0.978591084 -0.012868438 0.205411583 2.800342560 0.008677739 0.999735713 0.021289345 -2.222148657 -0.205631256 -0.019051056 0.978444159 94.066741943
0.975586057 -0.013412296 0.219207630 2.944034576 0.008883580 0.999726534 0.021632159 -2.232809305 -0.219437763 -0.019156689 0.975438416 94.611885071
0.972984672 -0.013852893 0.230453610 3.093267441 0.009044485 0.999719024 0.021908343 -2.242064953 -0.230692342 -0.019232150 0.972836673 95.150878906
0.970005572 -0.014203302 0.242667213 3.240062714 0.009150370 0.999717474 0.021936953 -2.244756699 -0.242910206 -0.019058470 0.969861507 95.643928528
0.966335654 -0.014170283 0.256894052 3.356645584 0.008743495 0.999714077 0.022254623 -2.231735468 -0.257135928 -0.019259287 0.966183305 96.157981873
0.962914884 -0.015172571 0.269378424 3.537340164 0.009500421 0.999705136 0.022347743 -2.258723021 -0.269638121 -0.018959764 0.962775052 96.701065063
0.959827960 -0.015583197 0.280155987 3.723058701 0.009487871 0.999688208 0.023100032 -2.276103973 -0.280428648 -0.019513972 0.959676504 97.216239929
0.955726862 -0.015627662 0.293839931 3.910741806 0.009184193 0.999686420 0.023295615 -2.277905226 -0.294111878 -0.019565560 0.955570638 97.752723694
0.951204121 -0.015234148 0.308186442 4.106086731 0.008311735 0.999683142 0.023762126 -2.281079292 -0.308450758 -0.020041065 0.951029122 98.276916504
0.947411418 -0.016929021 0.319569975 4.320352554 0.009781773 0.999665082 0.023957161 -2.319840670 -0.319868535 -0.019571329 0.947259784 98.936050415
0.943007350 -0.016718399 0.332351774 4.519901276 0.009101720 0.999659300 0.024461178 -2.331629276 -0.332647532 -0.020042097 0.942838311 99.437652588
0.937974334 -0.017290004 0.346273392 4.740795135 0.009307391 0.999651551 0.024702683 -2.331147194 -0.346579880 -0.019947579 0.937808394 99.967102051
0.933492422 -0.018641802 0.358112097 4.951013565 0.010567053 0.999644160 0.024492070 -2.331559181 -0.358441204 -0.019078972 0.933357358 100.466773987
0.929021180 -0.020142835 0.369477928 5.224260330 0.011909310 0.999627650 0.024551759 -2.347348213 -0.369834900 -0.018408880 0.928915083 101.024520874
0.923161209 -0.019792682 0.383903295 5.457735062 0.011100546 0.999629796 0.024844177 -2.345696688 -0.384252876 -0.018673638 0.923038960 101.535217285
0.917817712 -0.020497397 0.396472782 5.708641052 0.011495270 0.999619663 0.025068657 -2.351943493 -0.396835804 -0.018450895 0.917704105 102.019096375
0.913270175 -0.022020366 0.406758666 5.961414337 0.012694801 0.999591470 0.025611220 -2.363761187 -0.407156408 -0.018226244 0.913176477 102.495620728
0.907592475 -0.021999355 0.419275403 6.218578339 0.012358379 0.999593437 0.025696808 -2.366761684 -0.419670284 -0.018140666 0.907495320 103.050880432
0.900976598 -0.020833716 0.433367431 6.502052307 0.010809400 0.999614298 0.025582604 -2.369827271 -0.433733255 -0.018364882 0.900854170 103.549926758
0.895308495 -0.021444555 0.444930226 6.775371552 0.011127845 0.999605536 0.025786620 -2.369829893 -0.445307732 -0.018135861 0.895193875 104.045471191
0.889773965 -0.023298385 0.455806434 7.064823151 0.012531582 0.999566793 0.026629757 -2.403309345 -0.456229419 -0.017982492 0.889680505 104.533416748
0.882559836 -0.023015501 0.469636589 7.349113464 0.011885298 0.999574125 0.026650853 -2.405461311 -0.470050037 -0.017939201 0.882457495 105.016578674
0.875694335 -0.023575533 0.482289970 7.650405884 0.011883937 0.999557018 0.027283160 -2.418778896 -0.482719600 -0.018160207 0.875586689 105.491561890
0.869803786 -0.024360362 0.492796153 7.939117432 0.012392915 0.999543905 0.027536444 -2.414572001 -0.493242174 -0.017844116 0.869709134 105.965751648
