1.000000000 0.000000000 0.000000000 0.000000000 0.000000000 1.000000000 0.000000000 0.000000000 0.000000000 0.000000000 1.000000000 0.000000000
1.000000000 0.000056751 -0.000008795 -0.000064908 -0.000056752 1.000000000 -0.000034868 0.000243894 0.000008793 0.000034868 1.000000000 -0.000542054
1.000000000 0.000045368 0.000049699 -0.000727973 -0.000045371 1.000000000 0.000052771 -0.000614827 -0.000049697 -0.000052773 1.000000000 -0.000894326
1.000000000 -0.000148082 0.000086419 -0.000188141 0.000148085 1.000000000 -0.000026819 0.000510644 -0.000086415 0.000026832 1.000000000 0.000406203
1.000000000 -0.000086639 0.000056310 -0.000322370 0.000086637 1.000000000 0.000018629 -0.000028437 -0.000056312 -0.000018624 1.000000000 -0.000365992
1.000000000 -0.000020910 0.000152525 -0.001146640 0.000020916 1.000000000 -0.000038706 0.000793273 -0.000152525 0.000038709 1.000000000 -0.000015221
1.000000000 -0.000119482 0.000089689 0.000569583 0.000119484 1.000000000 -0.000029896 0.000239772 -0.000089686 0.000029907 1.000000000 0.000070914
1.000000000 -0.000001703 0.000094724 -0.000653767 0.000001698 1.000000000 0.000059639 -0.000399350 -0.000094724 -0.000059639 1.000000000 -0.000601588
1.000000000 0.000008037 0.000042663 -0.000833524 -0.000008034 1.000000000 -0.000070452 0.000415503 -0.000042664 0.000070452 1.000000000 0.000152851
1.000000000 -0.000030506 0.000099469 -0.000400193 0.000030501 1.000000000 0.000047845 -0.001078955 -0.000099471 -0.000047842 1.000000000 -0.000264812
1.000000000 0.000033402 0.000094562 -0.001118082 -0.000033408 1.000000000 0.000059953 -0.000767247 -0.000094560 -0.000059957 1.000000000 -0.000305374
1.000000000 0.000005307 0.000099332 -0.001005233 -0.000005307 1.000000000 -0.000001473 -0.000126733 -0.000099332 0.000001473 1.000000000 -0.001285338
1.000000000 0.000048208 0.000043278 -0.000817913 -0.000048204 1.000000000 -0.000078115 -0.000477521 -0.000043282 0.000078113 1.000000000 -0.001463189
1.000000000 -0.000015533 0.000085272 -0.001627861 0.000015536 1.000000000 -0.000044010 0.001454812 -0.000085272 0.000044012 1.000000000 0.000850297
1.000000000 -0.000006317 0.000097798 -0.001989356 0.000006326 1.000000000 -0.000092840 0.001172790 -0.000097797 0.000092841 1.000000000 -0.000259687
1.000000000 0.000090787 0.000026559 -0.000302362 -0.000090784 1.000000000 -0.000112348 0.002426576 -0.000026569 0.000112345 1.000000000 0.001992794
1.000000000 0.000075336 0.000136409 -0.001284050 -0.000075314 1.000000000 -0.000157410 0.002690213 -0.000136421 0.000157399 1.000000000 0.003124528
1.000000000 0.000124814 0.000087197 -0.001226178 -0.000124803 1.000000000 -0.000129304 0.001458226 -0.000087213 0.000129293 1.000000000 0.001425920
0.999999940 0.000202138 0.000202436 -0.002328370 -0.000202117 1.000000000 -0.000106516 0.002491719 -0.000202458 0.000106475 1.000000000 0.002608144
1.000000000 0.000138533 0.000174736 -0.001675386 -0.000138510 1.000000000 -0.000133045 0.002209544 -0.000174754 0.000133021 1.000000000 0.002012902
1.000000000 0.000115560 0.000183177 -0.001865506 -0.000115541 1.000000000 -0.000101767 0.001698843 -0.000183188 0.000101746 1.000000000 0.002339176
1.000000000 0.000165658 0.000145264 -0.002219283 -0.000165646 1.000000000 -0.000083007 0.002594119 -0.000145278 0.000082983 1.000000000 0.002493104
1.000000000 0.000192513 0.000076913 -0.000873012 -0.000192505 1.000000000 -0.000095073 0.002338666 -0.000076932 0.000095058 1.000000000 0.003142962
1.000000000 0.000139890 0.000087551 -0.001521443 -0.000139884 1.000000000 -0.000066203 0.002961047 -0.000087560 0.000066191 1.000000000 0.003571686
0.999999940 0.000354749 0.000081122 -0.002000736 -0.000354739 0.999999940 -0.000127858 0.003683185 -0.000081167 0.000127829 1.000000000 0.004517573
0.999999940 0.000332703 0.000153949 -0.002079295 -0.000332691 0.999999940 -0.000080160 0.002186409 -0.000153975 0.000080109 1.000000000 0.002006378
0.999999940 0.000165083 0.000191571 -0.001861019 -0.000165065 1.000000000 -0.000096740 0.002954054 -0.000191587 0.000096708 1.000000000 0.003124782
0.999999940 0.000201390 0.000190781 -0.001931412 -0.000201382 1.000000000 -0.000040475 0.001601482 -0.000190789 0.000040436 1.000000000 0.002549685
1.000000000 0.000084340 0.000096791 -0.001661199 -0.000084330 1.000000000 -0.000101440 0.003052677 -0.000096799 0.000101431 1.000000000 0.003168966
0.999999940 0.000187468 0.000198644 -0.002500655 -0.000187442 1.000000000 -0.000129638 0.002865535 -0.000198669 0.000129600 1.000000000 0.003327136
0.999999940 0.000164522 0.000252150 -0.001805803 -0.000164508 1.000000000 -0.000055662 0.001786232 -0.000252159 0.000055621 0.999999940 0.003001371
0.999999940 0.000109253 0.000219345 -0.001508008 -0.000109231 1.000000000 -0.000096900 0.003624154 -0.000219356 0.000096876 1.000000000 0.004485289
1.000000000 0.000188955 0.000099554 -0.000644622 -0.000188932 0.999999940 -0.000222957 0.004332376 -0.000099596 0.000222938 0.999999940 0.004503601
1.000000000 0.000105793 0.000158561 -0.001322176 -0.000105776 1.000000000 -0.000104827 0.002231875 -0.000158572 0.000104811 1.000000000 0.002710398
0.999999940 0.000288311 0.000204136 -0.002339998 -0.000288286 0.999999940 -0.000120590 0.001667306 -0.000204171 0.000120531 1.000000000 0.001444860
0.999999940 0.000259037 0.000246196 -0.002104934 -0.000259004 0.999999940 -0.000134217 0.002402062 -0.000246231 0.000134153 0.999999940 0.002248636
1.000000000 0.000119776 0.000170700 -0.001797498 -0.000119760 1.000000000 -0.000095965 0.002655008 -0.000170712 0.000095945 1.000000000 0.002422978
0.999999940 0.000222696 0.000167276 -0.002325564 -0.000222678 0.999999940 -0.000103049 0.003598427 -0.000167299 0.000103012 1.000000000 0.004151621
0.999999940 0.000266235 0.000229430 -0.001836020 -0.000266201 0.999999940 -0.000146999 0.003285566 -0.000229469 0.000146938 0.999999940 0.002558469
0.999999940 0.000249265 0.000160502 -0.000913004 -0.000249239 0.999999940 -0.000160651 0.004202952 -0.000160542 0.000160611 1.000000000 0.003293809
1.000000000 0.000064312 0.000084168 -0.000017289 -0.000064299 1.000000000 -0.000146078 0.002066551 -0.000084178 0.000146072 1.000000000 0.003983247
0.999999821 0.000598882 0.000032152 0.000817555 -0.000598865 0.999999642 -0.000546518 -0.001716098 -0.000032479 0.000546499 0.999999821 0.051328875
0.999999702 0.000698297 -0.000013110 0.002523484 -0.000698312 0.999999046 -0.001214157 -0.001728306 0.000012262 0.001214166 0.999999225 0.141861886
0.999999464 0.000941226 0.000347932 0.001735861 -0.000940869 0.999999046 -0.001024207 -0.009201769 -0.000348896 0.001023879 0.999999404 0.256088316
0.999999464 0.001003813 0.000395758 0.004599061 -0.001003419 0.999998987 -0.000995258 -0.011761755 -0.000396757 0.000994860 0.999999404 0.388321906
0.999999523 0.000878233 0.000371120 0.006697460 -0.000877970 0.999999285 -0.000708283 -0.017703027 -0.000371742 0.000707957 0.999999702 0.532859743
0.999999762 0.000513743 0.000273927 0.011836010 -0.000513570 0.999999583 -0.000630679 -0.023078574 -0.000274251 0.000630539 0.999999821 0.685288489
0.999999821 0.000530907 0.000337118 0.015574011 -0.000530801 0.999999821 -0.000314744 -0.027463485 -0.000337285 0.000314565 0.999999881 0.846008420
0.999999821 0.000519289 0.000405204 0.016557969 -0.000519225 0.999999881 -0.000158930 -0.032051031 -0.000405287 0.000158719 0.999999821 1.017404675
0.999999881 0.000477770 0.000138769 0.022234717 -0.000477742 0.999999881 -0.000202850 -0.035449196 -0.000138866 0.000202784 0.999999940 1.189248323
0.999999642 0.000642259 0.000381990 0.023652535 -0.000642363 0.999999762 0.000272147 -0.042957786 -0.000381816 -0.000272393 0.999999881 1.374108315
0.999999702 0.000766861 0.000213524 0.029830392 -0.000766870 0.999999642 0.000040337 -0.044050355 -0.000213493 -0.000040501 1.000000000 1.569943666
1.000000000 0.000258319 0.000304429 0.033030812 -0.000258373 1.000000000 0.000174805 -0.051923562 -0.000304384 -0.000174883 1.000000000 1.767188430
0.999999702 0.000676989 0.000298208 0.036258865 -0.000677127 0.999999642 0.000464082 -0.057687912 -0.000297893 -0.000464284 0.999999821 1.959475279
0.999999940 -0.000093377 0.000324094 0.040879920 0.000093132 0.999999702 0.000756633 -0.067205541 -0.000324165 -0.000756603 0.999999642 2.169332504
0.999999881 0.000150999 0.000419970 0.045984052 -0.000151330 0.999999702 0.000789195 -0.073048629 -0.000419851 -0.000789258 0.999999523 2.382579803
0.999999881 0.000319162 0.000446299 0.050060805 -0.000319414 0.999999881 0.000565057 -0.077625915 -0.000446119 -0.000565199 0.999999702 2.607970953
0.999999762 0.000323794 0.000626554 0.054242346 -0.000324412 0.999999464 0.000986011 -0.089476161 -0.000626235 -0.000986214 0.999999344 2.832504988
0.999999762 0.000319079 0.000594267 0.059709460 -0.000319773 0.999999285 0.001169132 -0.094540216 -0.000593893 -0.001169322 0.999999106 3.072233438
0.999999583 0.000559597 0.000685038 0.063317977 -0.000560419 0.999999106 0.001200619 -0.102264546 -0.000684366 -0.001201002 0.999999046 3.308676720
0.999999642 0.000330578 0.000778130 0.068074465 -0.000331539 0.999999166 0.001235508 -0.107947960 -0.000777721 -0.001235766 0.999998927 3.559420109
0.999999404 0.000656557 0.000834040 0.073067851 -0.000657656 0.999998868 0.001318359 -0.112701885 -0.000833173 -0.001318907 0.999998808 3.808419466
0.999999285 0.000665127 0.000966919 0.076082923 -0.000666440 0.999998868 0.001358738 -0.121432155 -0.000966014 -0.001359382 0.999998629 4.069356441
0.999998629 0.001136386 0.001196134 0.080412254 -0.001137765 0.999998748 0.001152365 -0.125255793 -0.001194823 -0.001153724 0.999998689 4.326372147
0.999998927 0.000891937 0.001157998 0.084635839 -0.000893757 0.999998391 0.001572060 -0.136682361 -0.001156594 -0.001573093 0.999998033 4.574273586
0.999998689 0.001037401 0.001256575 0.089913383 -0.001039510 0.999998152 0.001678591 -0.143813565 -0.001254831 -0.001679896 0.999997795 4.827829838
0.999998033 0.001406274 0.001383036 0.091145664 -0.001408627 0.999997556 0.001702055 -0.149788171 -0.001380639 -0.001704000 0.999997616 5.085028648
0.999998093 0.001445984 0.001306813 0.099162042 -0.001447843 0.999997854 0.001422442 -0.155048370 -0.001304753 -0.001424332 0.999998152 5.347600460
0.999997973 0.001517012 0.001313203 0.103298470 -0.001519060 0.999997616 0.001559954 -0.163864419 -0.001310833 -0.001561946 0.999997914 5.610106945
0.999998808 0.001147485 0.001016199 0.111253545 -0.001149136 0.999998033 0.001625846 -0.167928845 -0.001014332 -0.001627012 0.999998152 5.876262665
0.999997914 0.001594512 0.001246474 0.114997387 -0.001596396 0.999997616 0.001511830 -0.177536070 -0.001244061 -0.001513817 0.999998093 6.154272079
0.999998689 0.000841076 0.001322370 0.124812342 -0.000843414 0.999998033 0.001768962 -0.183067560 -0.001320880 -0.001770076 0.999997556 6.445653915
0.999998868 0.000998529 0.001107274 0.125756711 -0.001000265 0.999998271 0.001568370 -0.191728070 -0.001105706 -0.001569476 0.999998152 6.728624821
0.999998748 0.000954356 0.001268450 0.130899251 -0.000956595 0.999997973 0.001766007 -0.200479060 -0.001266762 -0.001767218 0.999997616 7.020206928
0.999998510 0.001127610 0.001307476 0.133569732 -0.001130356 0.999997199 0.002101536 -0.212594718 -0.001305103 -0.002103011 0.999996901 7.315507889
0.999997079 0.001627540 0.001778262 0.136994824 -0.001630994 0.999996901 0.001942615 -0.224690899 -0.001775094 -0.001945511 0.999996543 7.617361069
0.999996305 0.001889726 0.001940461 0.143091545 -0.001893444 0.999996424 0.001916373 -0.230640173 -0.001936832 -0.001920040 0.999996305 7.922233105
0.999996960 0.001524952 0.001902414 0.146680251 -0.001528275 0.999997258 0.001746957 -0.236341909 -0.001899745 -0.001749859 0.999996662 8.254008293
0.999997437 0.001307490 0.001832646 0.155454516 -0.001310548 0.999997735 0.001668277 -0.243044257 -0.001830461 -0.001670675 0.999996960 8.574265480
0.999996364 0.001705707 0.002085669 0.165044829 -0.001709579 0.999996841 0.001856261 -0.256651253 -0.002082496 -0.001859820 0.999996066 8.915898323
0.999997258 0.001566751 0.001781049 0.175711900 -0.001570315 0.999996781 0.002001277 -0.267789215 -0.001777908 -0.002004069 0.999996364 9.251580238
0.999995112 0.002145835 0.002275793 0.173834503 -0.002150954 0.999995172 0.002249478 -0.283225089 -0.002270955 -0.002254362 0.999994874 9.588194847
0.999997079 0.001566754 0.001836024 0.189972118 -0.001571798 0.999994993 0.002749206 -0.292967260 -0.001831707 -0.002752084 0.999994516 9.924850464
0.999998093 0.001380677 0.001377015 0.200717747 -0.001384419 0.999995291 0.002720081 -0.310720980 -0.001373254 -0.002721982 0.999995291 10.302372932
0.999997318 0.001694434 0.001573884 0.207870722 -0.001698664 0.999994934 0.002690156 -0.320175290 -0.001569318 -0.002692821 0.999995172 10.663140297
0.999997914 0.001484904 0.001390760 0.214987189 -0.001488537 0.999995410 0.002615248 -0.326929867 -0.001386870 -0.002617312 0.999995649 11.030880928
0.999998152 0.001503913 0.001196149 0.227316201 -0.001507283 0.999994874 0.002821374 -0.339673072 -0.001191900 -0.002823172 0.999995291 11.417338371
0.999996305 0.002129705 0.001692101 0.230658188 -0.002134402 0.999993801 0.002778790 -0.346893191 -0.001686173 -0.002782391 0.999994695 11.793311119
0.999996841 0.001947101 0.001592202 0.236255258 -0.001952021 0.999993324 0.003094446 -0.360023707 -0.001586166 -0.003097545 0.999993861 12.178963661
0.999996126 0.002216037 0.001698235 0.248511404 -0.002221266 0.999992847 0.003083397 -0.371894598 -0.001691390 -0.003087158 0.999993801 12.568197250
0.999995887 0.001977768 0.002071895 0.247130290 -0.001983756 0.999993861 0.002892078 -0.375511289 -0.002066163 -0.002896176 0.999993622 12.976202011
0.999996305 0.001797747 0.002012189 0.257919222 -0.001803883 0.999993682 0.003052135 -0.392952621 -0.002006689 -0.003055753 0.999993324 13.373113632
0.999994814 0.002209898 0.002332691 0.264329970 -0.002217606 0.999992192 0.003307234 -0.404537380 -0.002325364 -0.003312390 0.999991775 13.785186768
0.999995172 0.002117978 0.002259280 0.277491063 -0.002125676 0.999991953 0.003410445 -0.413324505 -0.002252039 -0.003415231 0.999991596 14.194430351
0.999995589 0.001970452 0.002200002 0.287579805 -0.001978285 0.999991715 0.003564059 -0.428246796 -0.002192961 -0.003568396 0.999991179 14.611585617
0.999994695 0.001718573 0.002772452 0.296651214 -0.001726832 0.999994040 0.002979595 -0.428861499 -0.002767315 -0.002984366 0.999991715 15.052962303
0.999994278 0.001852462 0.002838895 0.308178157 -0.001861830 0.999992847 0.003300881 -0.449926138 -0.002832760 -0.003306147 0.999990463 15.488409042
0.999991953 0.001771554 0.003602120 0.315558523 -0.001782932 0.999993503 0.003157915 -0.460732996 -0.003596501 -0.003164312 0.999988496 15.930504799
0.999989390 0.002253432 0.004011936 0.320973992 -0.002265760 0.999992669 0.003070842 -0.466135412 -0.004004987 -0.003079900 0.999987185 16.386953354
0.999988079 0.002463863 0.004218819 0.330927074 -0.002476410 0.999992490 0.002971598 -0.477774531 -0.004211466 -0.002982010 0.999986708 16.832906723
0.999988675 0.002458384 0.004078800 0.346291006 -0.002469613 0.999993145 0.002750124 -0.487118155 -0.004072012 -0.002760166 0.999987900 17.293987274
0.999985516 0.002454917 0.004774485 0.354334861 -0.002470668 0.999991655 0.003295869 -0.501450717 -0.004766354 -0.003307618 0.999983132 17.730676651
0.999987543 0.001890890 0.004634706 0.370201290 -0.001904891 0.999993622 0.003018346 -0.514624894 -0.004628969 -0.003027137 0.999984682 18.217239380
0.999982059 0.002637044 0.005375314 0.377355278 -0.002652843 0.999992192 0.002934267 -0.525887907 -0.005367533 -0.002948474 0.999981225 18.671867371
0.999987066 0.002165423 0.004582381 0.402023673 -0.002176322 0.999994814 0.002374972 -0.522398889 -0.004577214 -0.002384914 0.999986708 19.150070190
0.999981344 0.002837436 0.005401662 0.406398445 -0.002852250 0.999992132 0.002736766 -0.548443139 -0.005393854 -0.002752122 0.999981642 19.637805939
0.999978542 0.003446054 0.005581912 0.414312601 -0.003463625 0.999989033 0.003141328 -0.561042488 -0.005571025 -0.003160594 0.999979436 20.130155563
0.999981105 0.002708520 0.005523464 0.434057862 -0.002726261 0.999991119 0.003207130 -0.584996402 -0.005514729 -0.003222127 0.999979615 20.605550766
0.999983788 0.002563081 0.005104758 0.445169300 -0.002579439 0.999991536 0.003200583 -0.594301224 -0.005096512 -0.003213699 0.999981880 21.122064590
0.999985337 0.002819648 0.004616586 0.460184693 -0.002832131 0.999992311 0.002699592 -0.606577933 -0.004608939 -0.002712627 0.999985635 21.628929138
0.999987066 0.002879389 0.004181559 0.473186582 -0.002892072 0.999991238 0.003030125 -0.620955408 -0.004172797 -0.003042179 0.999986708 22.146764755
0.999987245 0.002992163 0.004076148 0.485969901 -0.003004940 0.999990702 0.003132087 -0.638081491 -0.004066738 -0.003144296 0.999986768 22.645933151
0.999988377 0.002975353 0.003818163 0.495514899 -0.002988435 0.999989748 0.003425065 -0.654575825 -0.003807934 -0.003436436 0.999986827 23.171943665
0.999991179 0.002797478 0.003140462 0.496904075 -0.002807813 0.999990642 0.003291284 -0.677814603 -0.003131225 -0.003300073 0.999989569 23.679254532
0.999996185 0.001313606 0.002433895 0.512558579 -0.001320170 0.999995470 0.002697232 -0.689357758 -0.002430342 -0.002700434 0.999993384 24.216432571
0.999996662 0.002030045 0.001609721 0.525159717 -0.002035183 0.999992788 0.003195684 -0.706127048 -0.001603222 -0.003198949 0.999993622 24.745410919
0.999995708 0.002656192 0.001238226 0.533208907 -0.002660617 0.999990165 0.003585632 -0.724982798 -0.001228690 -0.003588911 0.999992788 25.289081573
0.999995112 0.002977084 0.000902585 0.538552344 -0.002980116 0.999989867 0.003377359 -0.734698892 -0.000892522 -0.003380032 0.999993801 25.836765289
0.999994755 0.003133621 0.000787848 0.545037866 -0.003136100 0.999990165 0.003165441 -0.750379264 -0.000777921 -0.003167896 0.999994636 26.384082794
0.999995947 0.002776552 0.000672275 0.559082627 -0.002778779 0.999990582 0.003335440 -0.756900132 -0.000663008 -0.003337295 0.999994218 26.945571899
0.999995172 0.003096297 0.000097116 0.571070850 -0.003096632 0.999988377 0.003672728 -0.777563035 -0.000085743 -0.003673011 0.999993265 27.493450165
0.999993682 0.003550085 -0.000175813 0.580540419 -0.003549481 0.999988139 0.003330605 -0.791444719 0.000187635 -0.003329960 0.999994457 28.050165176
0.999992073 0.003956448 -0.000382391 0.589341819 -0.003955154 0.999986649 0.003325651 -0.801021218 0.000395544 -0.003324113 0.999994397 28.601594925
0.999991715 0.004026256 -0.000567241 0.599927068 -0.004024282 0.999985993 0.003439222 -0.818399847 0.000581080 -0.003436910 0.999993920 29.151334763
0.999992490 0.003708177 -0.001113661 0.609289348 -0.003704769 0.999988496 0.003046529 -0.826542556 0.001124945 -0.003042381 0.999994695 29.693557739
0.999991000 0.004093280 -0.001102820 0.611036301 -0.004089774 0.999986589 0.003163711 -0.840062916 0.001115755 -0.003159172 0.999994397 30.242568970
0.999989927 0.004178311 -0.001644143 0.625308990 -0.004173215 0.999986470 0.003090671 -0.854819715 0.001657035 -0.003083779 0.999993801 30.776832581
0.999989688 0.004194510 -0.001712941 0.634337783 -0.004188716 0.999985516 0.003372382 -0.871030629 0.001727061 -0.003365173 0.999992847 31.319290161
0.999982178 0.005655875 -0.001931925 0.637819529 -0.005650294 0.999979854 0.002882341 -0.877650023 0.001948188 -0.002871373 0.999993980 31.871044159
0.999987423 0.004141884 -0.002798602 0.657626033 -0.004133959 0.999987423 0.002831357 -0.895792782 0.002810294 -0.002819752 0.999992073 32.408443451
0.999986768 0.003872630 -0.003366925 0.659670234 -0.003860380 0.999985993 0.003637236 -0.921504200 0.003380963 -0.003624190 0.999987781 32.953739166
0.999986768 0.003918016 -0.003334798 0.667994976 -0.003907998 0.999987841 0.003005459 -0.926499009 0.003346534 -0.002992386 0.999989867 33.493999481
0.999985337 0.003672961 -0.003982544 0.682745755 -0.003660066 0.999988079 0.003240309 -0.942464590 0.003994399 -0.003225685 0.999986827 34.043224335
0.999981403 0.004380297 -0.004249603 0.687219918 -0.004367651 0.999985933 0.002980654 -0.954443038 0.004262601 -0.002962037 0.999986529 34.582767487
0.999979734 0.003665466 -0.005216862 0.705791295 -0.003647620 0.999987483 0.003426253 -0.979685485 0.005229356 -0.003407154 0.999980569 35.096168518
0.999981463 0.003427399 -0.005029654 0.717628598 -0.003412107 0.999989510 0.003046007 -0.982007146 0.005040042 -0.003028789 0.999982715 35.669845581
0.999978900 0.004399376 -0.004781882 0.712974310 -0.004386533 0.999986887 0.002692998 -0.997201383 0.004793667 -0.002671966 0.999984920 36.206996918
0.999975860 0.004862489 -0.004967864 0.720162213 -0.004849998 0.999985099 0.002523313 -1.012644410 0.004980060 -0.002499158 0.999984443 36.754814148
0.999979019 0.003871203 -0.005182984 0.731522262 -0.003858536 0.999989569 0.002451910 -1.024001360 0.005192422 -0.002431860 0.999983549 37.313831329
0.999978840 0.004063403 -0.005076333 0.741063118 -0.004049424 0.999988019 0.002761147 -1.043686152 0.005087492 -0.002740532 0.999983370 37.848018646
0.999975920 0.004322176 -0.005432150 0.746652484 -0.004310474 0.999988377 0.002164252 -1.051273704 0.005441441 -0.002140784 0.999982893 38.388782501
0.999981046 0.003887810 -0.004782418 0.748054624 -0.003873124 0.999987781 0.003076190 -1.066254735 0.004794319 -0.003057608 0.999983788 38.948390961
0.999975622 0.004348706 -0.005458153 0.759264112 -0.004337311 0.999988377 0.002097654 -1.078476310 0.005467210 -0.002073930 0.999982893 39.494140625
0.999974132 0.003659432 -0.006189800 0.773708940 -0.003640935 0.999988914 0.002996866 -1.094977975 0.006200698 -0.002974252 0.999976337 40.037345886
0.999975204 0.004171637 -0.005665128 0.775182366 -0.004159613 0.999989092 0.002132536 -1.110380769 0.005673962 -0.002108918 0.999981701 40.589679718
0.999974430 0.003969493 -0.005952089 0.787462831 -0.003957009 0.999989986 0.002107693 -1.122603178 0.005960397 -0.002084086 0.999980092 41.142971039
0.999973536 0.004699605 -0.005557189 0.782300472 -0.004686950 0.999986351 0.002288018 -1.145226002 0.005567866 -0.002261911 0.999981940 41.671695709
0.999970853 0.005209003 -0.005596093 0.789262056 -0.005199165 0.999984980 0.001771111 -1.154522061 0.005605235 -0.001741965 0.999982774 42.226486206
0.999971926 0.004808375 -0.005753242 0.798627794 -0.004795542 0.999985993 0.002242316 -1.175705075 0.005763944 -0.002214664 0.999980927 42.762275696
0.999972641 0.004363306 -0.005973165 0.796215475 -0.004348729 0.999987662 0.002451170 -1.191937447 0.005983787 -0.002425127 0.999979138 43.305252075
0.999972522 0.004549080 -0.005857438 0.804813266 -0.004537208 0.999987662 0.002038648 -1.203190804 0.005866640 -0.002012015 0.999980748 43.859683990
0.999973774 0.004723322 -0.005484692 0.810066700 -0.004710881 0.999986291 0.002279049 -1.217273116 0.005495381 -0.002253151 0.999982357 44.384452820
0.999969602 0.004570415 -0.006328166 0.832710743 -0.004556915 0.999987304 0.002146288 -1.230661511 0.006337896 -0.002117386 0.999977648 44.955093384
0.999975562 0.004724091 -0.005148914 0.823886514 -0.004712568 0.999986351 0.002247736 -1.248985767 0.005159463 -0.002223416 0.999984205 45.473571777
0.999971211 0.005336653 -0.005405061 0.837276638 -0.005321087 0.999981701 0.002890217 -1.264516473 0.005420386 -0.002861373 0.999981225 46.024295807
0.999972701 0.005217248 -0.005230266 0.837765098 -0.005209097 0.999985218 0.001570635 -1.275557756 0.005238382 -0.001543347 0.999985099 46.560867310
0.999970198 0.005278836 -0.005638618 0.858949542 -0.005263052 0.999982119 0.002810600 -1.290195107 0.005653355 -0.002780841 0.999980152 47.108753204
0.999970555 0.004596688 -0.006146226 0.859880507 -0.004583401 0.999987125 0.002174176 -1.308250666 0.006156141 -0.002145941 0.999978721 47.631511688
0.999971867 0.005069240 -0.005552346 0.861110091 -0.005058052 0.999985158 0.002027427 -1.324208975 0.005562542 -0.001999286 0.999982536 48.170730591
0.999971747 0.004892393 -0.005708564 0.870942473 -0.004879178 0.999985337 0.002326447 -1.339905739 0.005719864 -0.002298528 0.999980986 48.707279205
0.999971569 0.005092955 -0.005548719 0.875038445 -0.005079973 0.999984324 0.002351233 -1.356220007 0.005560608 -0.002322979 0.999981821 49.252502441
0.999970198 0.005587625 -0.005325233 0.884339809 -0.005575009 0.999981582 0.002381067 -1.371069908 0.005338441 -0.002351308 0.999983013 49.794441223
0.999970078 0.005570300 -0.005365899 0.890431345 -0.005556677 0.999981284 0.002550238 -1.387087703 0.005380005 -0.002520345 0.999982357 50.324653625
0.999971330 0.005189197 -0.005518637 0.898415446 -0.005175593 0.999983549 0.002476606 -1.403507590 0.005531398 -0.002447972 0.999981701 50.858661652
0.999970853 0.004418532 -0.006223578 0.917513013 -0.004405522 0.999988019 0.002102702 -1.415147901 0.006232793 -0.002075223 0.999978423 51.409572601
0.999969780 0.004845992 -0.006079001 0.920211911 -0.004834781 0.999986589 0.001857511 -1.427694082 0.006087922 -0.001828064 0.999979734 51.953247070
0.999967933 0.005928883 -0.005383362 0.921380579 -0.005917333 0.999980152 0.002158916 -1.443891883 0.005396056 -0.002126992 0.999983191 52.477180481
0.999968171 0.005517904 -0.005766619 0.930876195 -0.005504084 0.999981940 0.002409835 -1.455001354 0.005779813 -0.002378018 0.999980450 53.005943298
0.999966979 0.005870757 -0.005617441 0.937736392 -0.005859498 0.999980807 0.002018249 -1.468252420 0.005629182 -0.001985267 0.999982178 53.534385681
0.999967754 0.006029472 -0.005308874 0.943138361 -0.006020014 0.999980271 0.001795867 -1.481293797 0.005319597 -0.001763849 0.999984324 54.063980103
0.999966443 0.006398831 -0.005110611 0.947905898 -0.006390893 0.999978364 0.001567801 -1.493507981 0.005120532 -0.001535086 0.999985635 54.584236145
0.999965072 0.006296587 -0.005498205 0.957067072 -0.006288908 0.999979258 0.001412729 -1.506146550 0.005506987 -0.001378102 0.999983847 55.136581421
0.999969423 0.005938707 -0.005115777 0.970823288 -0.005929127 0.999980628 0.001885891 -1.520283461 0.005126878 -0.001855501 0.999985158 55.638011932
0.999968410 0.005830414 -0.005403633 0.979696393 -0.005820197 0.999981225 0.001904598 -1.535162210 0.005414636 -0.001873087 0.999983549 56.163116455
0.999967873 0.006046311 -0.005264923 0.992551684 -0.006036757 0.999980092 0.001828700 -1.552073956 0.005275875 -0.001796858 0.999984443 56.687263489
0.999966085 0.006715127 -0.004767257 0.994189084 -0.006706251 0.999975741 0.001875553 -1.563861012 0.004779736 -0.001843519 0.999986887 57.215560913
0.999967158 0.006477483 -0.004878894 1.006056309 -0.006467926 0.999977171 0.001972058 -1.581088185 0.004891556 -0.001940437 0.999986172 57.767127991
0.999968946 0.005915931 -0.005206485 1.019772649 -0.005910316 0.999981940 0.001093238 -1.584466219 0.005212857 -0.001062432 0.999985874 58.273544312
0.999969721 0.006009030 -0.004943682 1.020674706 -0.006002812 0.999981225 0.001271405 -1.599742651 0.004951228 -0.001241691 0.999987066 58.810146332
0.999971449 0.005485907 -0.005192192 1.036371469 -0.005476660 0.999983311 0.001793581 -1.624605060 0.005201945 -0.001765094 0.999984920 59.315490723
0.999969363 0.005487435 -0.005575047 1.057530522 -0.005480574 0.999984205 0.001245093 -1.631508231 0.005581792 -0.001214501 0.999983609 59.858886719
0.999968529 0.005508229 -0.005716444 1.065320134 -0.005501083 0.999984026 0.001265017 -1.641121626 0.005723321 -0.001233530 0.999982834 60.419651031
0.999960542 0.007078478 -0.005367682 1.072176576 -0.007073017 0.999974430 0.001035794 -1.661702633 0.005374877 -0.000997788 0.999985039 60.947799683
0.999966562 0.006762580 -0.004603693 1.078160048 -0.006756662 0.999976337 0.001300258 -1.678650379 0.004612376 -0.001269108 0.999988556 61.487674713
0.999966085 0.006850946 -0.004576141 1.086688399 -0.006845969 0.999975920 0.001102610 -1.693372130 0.004583584 -0.001071244 0.999988914 62.028854370
0.999964058 0.007361356 -0.004203533 1.096032619 -0.007356169 0.999972165 0.001248440 -1.715450764 0.004212607 -0.001217473 0.999990404 62.557987213
0.999959648 0.007944749 -0.004186642 1.101856589 -0.007939390 0.999967635 0.001295049 -1.728718281 0.004196794 -0.001261757 0.999990404 63.086742401
0.999961019 0.007790941 -0.004161903 1.108806610 -0.007786263 0.999969065 0.001138701 -1.746195674 0.004170646 -0.001106251 0.999990702 63.620761871
0.999960005 0.008035974 -0.003931424 1.115745306 -0.008030283 0.999966681 0.001461507 -1.765268803 0.003943038 -0.001429878 0.999991179 64.128662109
0.999958217 0.008231591 -0.004005271 1.116960526 -0.008226407 0.999965250 0.001309647 -1.774520874 0.004015912 -0.001276642 0.999991119 64.661758423
0.999961317 0.007849448 -0.003961309 1.123236656 -0.007844117 0.999968410 0.001359420 -1.792504668 0.003971854 -0.001328295 0.999991238 65.188835144
0.999960542 0.008207798 -0.003372723 1.128005505 -0.008202027 0.999964893 0.001721820 -1.808848858 0.003386737 -0.001694089 0.999992788 65.714920044
0.999958158 0.008516601 -0.003344050 1.128500700 -0.008513032 0.999963164 0.001080682 -1.816826940 0.003353131 -0.001052169 0.999993801 66.266571045
0.999957204 0.008389041 -0.003896751 1.143770337 -0.008388000 0.999964833 0.000283598 -1.826993704 0.003898992 -0.000250900 0.999992311 66.826309204
0.999960065 0.008242015 -0.003459594 1.146924973 -0.008237137 0.999965012 0.001422096 -1.855546951 0.003471195 -0.001393542 0.999993026 67.333671570
0.999958575 0.008441286 -0.003399216 1.152570248 -0.008437068 0.999963641 0.001253455 -1.869168282 0.003409673 -0.001224724 0.999993443 67.867729187
0.999956131 0.008713886 -0.003424387 1.153434515 -0.008710167 0.999961376 0.001098864 -1.888028741 0.003433830 -0.001068989 0.999993563 68.399467468
0.999950767 0.009277507 -0.003512966 1.158089042 -0.009273028 0.999956131 0.001289220 -1.906561255 0.003524773 -0.001256581 0.999993026 68.936943054
0.999951303 0.009176134 -0.003629616 1.172887325 -0.009171621 0.999957144 0.001258699 -1.930115700 0.003641011 -0.001225349 0.999992549 69.483146667
0.999954343 0.009043205 -0.003093971 1.181100130 -0.009039554 0.999958456 0.001192607 -1.954180598 0.003104627 -0.001164585 0.999994516 70.037445068
0.999954224 0.009006257 -0.003247991 1.190465808 -0.009002511 0.999958873 0.001166210 -1.969445586 0.003258359 -0.001136917 0.999994099 70.593215942
0.999960423 0.008229638 -0.003372818 1.190470576 -0.008226266 0.999965668 0.001012485 -1.984198332 0.003381034 -0.000984699 0.999993801 71.127357483
0.999959290 0.008405491 -0.003289786 1.199452639 -0.008400534 0.999963522 0.001517183 -2.005764961 0.003302419 -0.001489485 0.999993443 71.645011902
0.999958336 0.008441940 -0.003464865 1.205737352 -0.008438945 0.999963999 0.000878668 -2.019304514 0.003472158 -0.000849392 0.999993622 72.175666809
0.999958336 0.008360962 -0.003667154 1.217438221 -0.008356690 0.999964416 0.001178742 -2.036846161 0.003676879 -0.001148048 0.999992609 72.697669983
0.999957800 0.008436801 -0.003634083 1.221230268 -0.008431952 0.999963522 0.001347388 -2.054280043 0.003645319 -0.001316689 0.999992490 73.228363037
0.999955177 0.008857400 -0.003352273 1.229508042 -0.008854050 0.999960303 0.001012288 -2.069771767 0.003361106 -0.000982562 0.999993861 73.749961853
0.999957800 0.008485604 -0.003523762 1.241921425 -0.008479975 0.999962747 0.001609356 -2.088549137 0.003537287 -0.001579406 0.999992430 74.269187927
0.999950588 0.009383542 -0.003276580 1.247283101 -0.009379101 0.999955058 0.001368152 -2.103354692 0.003289272 -0.001337353 0.999993622 74.807525635
0.999953270 0.009119765 -0.003183656 1.250777602 -0.009116328 0.999957860 0.001092496 -2.114387274 0.003193486 -0.001063421 0.999994338 75.353263855
0.999951959 0.009280358 -0.003147392 1.255333304 -0.009277167 0.999956548 0.001026906 -2.131191969 0.003156785 -0.000997658 0.999994516 75.867591858
0.999953151 0.009059803 -0.003388963 1.265849590 -0.009057279 0.999958634 0.000760460 -2.147494316 0.003395711 -0.000729730 0.999993920 76.401428223
0.999953091 0.009069605 -0.003406511 1.277152300 -0.009066638 0.999958456 0.000885983 -2.162843227 0.003414405 -0.000855056 0.999993801 76.928749084
0.999949336 0.009406076 -0.003589529 1.281629205 -0.009400939 0.999954700 0.001445287 -2.179000139 0.003602962 -0.001411469 0.999992490 77.453895569
0.999958217 0.008361099 -0.003671343 1.292489052 -0.008357111 0.999964476 0.001100556 -2.196676731 0.003680415 -0.001069828 0.999992669 77.970314026
0.999954700 0.008852466 -0.003495671 1.299288750 -0.008848588 0.999960244 0.001123487 -2.209459066 0.003505477 -0.001092504 0.999993265 78.501853943
0.999952495 0.009055386 -0.003602582 1.308976293 -0.009050677 0.999958098 0.001321322 -2.224834919 0.003614396 -0.001288653 0.999992549 79.037734985
0.999952734 0.009156178 -0.003246898 1.320433140 -0.009153119 0.999957681 0.000955181 -2.240194082 0.003255507 -0.000925417 0.999994278 79.558540344
0.999950886 0.009764354 -0.001693333 1.322989464 -0.009763059 0.999951959 0.000770732 -2.252984047 0.001700778 -0.000754162 0.999998271 80.084228516
0.999950588 0.009940136 -0.000157200 1.332852960 -0.009940038 0.999950349 0.000635416 -2.269689560 0.000163509 -0.000633822 0.999999762 80.601394653
0.999951720 0.009819527 0.000396034 1.351093054 -0.009819928 0.999951243 0.001027885 -2.286116123 -0.000385922 -0.001031725 0.999999404 81.139839172
0.999950111 0.009886621 0.001412933 1.362771749 -0.009888133 0.999950647 0.001069415 -2.302615404 -0.001402291 -0.001083333 0.999998391 81.667861938
0.999937832 0.010149064 0.004615023 1.380673289 -0.010153112 0.999948084 0.000854642 -2.316673279 -0.004606108 -0.000901446 0.999988973 82.203163147
0.999899387 0.011242349 0.008647277 1.394433379 -0.011251557 0.999936163 0.001016975 -2.330255270 -0.008635293 -0.001114169 0.999962032 82.734634399
0.999873042 0.010614473 0.011881738 1.417961240 -0.010624494 0.999943256 0.000780545 -2.347024202 -0.011872779 -0.000906684 0.999929130 83.255638123
0.999810398 0.011018674 0.016053993 1.441563010 -0.011035256 0.999938667 0.000944538 -2.368548870 -0.016042605 -0.001121519 0.999870658 83.783927917
0.999698639 0.010998736 0.021945985 1.475537896 -0.011023061 0.999938726 0.000987602 -2.384154558 -0.021933779 -0.001229216 0.999758601 84.304702759
0.999524534 0.011621546 0.028558031 1.499817967 -0.011635269 0.999932170 0.000314330 -2.393589497 -0.028552448 -0.000646461 0.999592066 84.830009460
0.999338806 0.011282662 0.034564190 1.530864835 -0.011319773 0.999935508 0.000878177 -2.412711620 -0.034552053 -0.001268855 0.999402106 85.354537964
0.999025226 0.011422412 0.042640146 1.575256348 -0.011462966 0.999934077 0.000706696 -2.429195166 -0.042629272 -0.001194790 0.999090195 85.866874695
0.998642325 0.011170142 0.050879970 1.623308182 -0.011174650 0.999937534 -0.000195882 -2.439033747 -0.050878972 -0.000372950 0.998704851 86.400856018
0.998281181 0.010563755 0.057646494 1.669001102 -0.010577683 0.999944031 -0.000063545 -2.455102682 -0.057643943 -0.000546330 0.998337030 86.933097839
0.997708678 0.010629712 0.066815898 1.714056492 -0.010647930 0.999943316 -0.000083408 -2.475670099 -0.066813007 -0.000628235 0.997765243 87.435317993
0.997028530 0.010194862 0.076356106 1.794095039 -0.010223729 0.999947727 -0.000012869 -2.493604422 -0.076352246 -0.000767813 0.997080564 87.980178833
0.996324599 0.010346004 0.085031033 1.849157333 -0.010355586 0.999946296 -0.000328392 -2.512978554 -0.085029885 -0.000553361 0.996378243 88.445617676
0.995670795 0.010262610 0.092381485 1.905152798 -0.010267494 0.999947131 -0.000422421 -2.530230045 -0.092380941 -0.000527935 0.995723724 88.954833984
0.994681835 0.010525579 0.102456182 1.983770370 -0.010511042 0.999944508 -0.000681785 -2.543838263 -0.102457687 -0.000398762 0.994737327 89.487098694
0.993607819 0.009608761 0.112476729 2.066097260 -0.009660816 0.999953330 -0.000082251 -2.573115826 -0.112472273 -0.001004891 0.993654370 89.969810486
0.992508531 0.009337681 0.121817917 2.151432991 -0.009301382 0.999956310 -0.000866657 -2.585648537 -0.121820696 -0.000272911 0.992552042 90.527549744
0.991018176 0.009155343 0.133413836 2.243552208 -0.009141827 0.999957979 -0.000713902 -2.601890087 -0.133414745 -0.000512156 0.991060197 91.062950134
0.989317358 0.008404261 0.145535201 2.362033844 -0.008375287 0.999964595 -0.000811812 -2.622922182 -0.145536840 -0.000415759 0.989352763 91.628730774
0.987613976 0.008088169 0.156694949 2.453353882 -0.007949775 0.999967217 -0.001509916 -2.628246546 -0.156702027 0.000245524 0.987645864 92.155372620
0.985815883 0.008994308 0.167589262 2.577044487 -0.008862804 0.999959469 -0.001532621 -2.641805649 -0.167596266 0.000025572 0.985855639 92.896003723
0.983500242 0.008412265 0.180711195 2.694808960 -0.008186646 0.999964476 -0.001994334 -2.655735970 -0.180721566 0.000482009 0.983534157 93.436210632
0.981179416 0.008579382 0.192907333 2.853575706 -0.008398922 0.999963105 -0.001753258 -2.675435066 -0.192915305 0.000100047 0.981215358 94.126098633
0.979214728 0.007934907 0.202671066 2.957552910 -0.007761998 0.999968469 -0.001647972 -2.689526320 -0.202677757 0.000040586 0.979245424 94.502281189
0.976272106 0.007488810 0.216417551 3.149223328 -0.007010835 0.999970973 -0.002976239 -2.687886238 -0.216433525 0.001388351 0.976296365 95.393569946
0.973137975 0.006977815 0.230116740 3.294742584 -0.006304412 0.999973357 -0.003661476 -2.700000763 -0.230136186 0.002112370 0.973156035 95.926124573
0.970534325 0.006281220 0.240880981 3.451297760 -0.005461135 0.999976754 -0.004071952 -2.714711189 -0.240900949 0.002636485 0.970546126 96.445846558
0.967265666 0.007912985 0.253642529 3.525259018 -0.007586114 0.999968588 -0.002266771 -2.770579815 -0.253652513 0.000268409 0.967295349 96.945587158
0.963373721 0.009395315 0.267997593 3.646345139 -0.009692173 0.999953032 -0.000215255 -2.849932194 -0.267987072 -0.002390108 0.963419497 97.267837524
0.959225476 0.011272879 0.282417506 3.919246674 -0.010062764 0.999932945 -0.005735012 -2.719834328 -0.282463193 0.002659268 0.959274471 98.704017639
0.955758214 0.011279120 0.293937206 4.103359222 -0.010020315 0.999933124 -0.005788205 -2.737207174 -0.293982804 0.002586781 0.955807209 99.216522217
0.952146649 0.006118251 0.305580080 4.358951569 -0.005017872 0.999977767 -0.004386299 -2.835291386 -0.305600047 0.002643038 0.952156425 99.471206665
0.947535634 0.005504164 0.319602877 4.562093735 -0.004224027 0.999980032 -0.004698456 -2.850126028 -0.319622308 0.003101944 0.947539985 99.993392944
0.943497181 0.007772982 0.331289232 4.747369766 -0.006921406 0.999969006 -0.003750242 -2.872442961 -0.331308067 0.001245355 0.943521798 100.490859985
0.938887298 0.005518556 0.344180465 4.969619751 -0.004211038 0.999980748 -0.004546329 -2.881304026 -0.344198972 0.002819134 0.938892603 101.012145996
0.933272839 0.007377747 0.359092474 5.181514740 -0.006368828 0.999971747 -0.003992523 -2.911933422 -0.359111786 0.001439115 0.933293462 101.545608521
0.928647339 0.006341328 0.370909393 5.406766891 -0.005167043 0.999978006 -0.004159579 -2.919848442 -0.370927572 0.001946277 0.928659678 102.017982483
0.923659325 0.006154309 0.383165330 5.634082794 -0.004659199 0.999977410 -0.004829922 -2.940490484 -0.383186400 0.002675959 0.923667192 102.552032471
0.918210089 0.003920776 0.396074265 5.894527435 -0.002273688 0.999986708 -0.004627925 -2.958832741 -0.396087140 0.003348859 0.918206811 103.009262085
0.912496686 0.004482701 0.409059525 6.143970490 -0.003234233 0.999987721 -0.003743756 -2.978630781 -0.409071326 0.002093171 0.912500024 103.505065918
0.907449067 0.003489138 0.420147598 6.397754669 -0.001497276 0.999985993 -0.005070567 -2.992529392 -0.420159370 0.003972204 0.907441616 104.014991760
0.901715100 0.003931993 0.432312965 6.664535522 -0.001862204 0.999984622 -0.005210935 -3.000123501 -0.432326823 0.003893723 0.901708543 104.506164551
0.894858956 0.003125473 0.446338087 6.928775787 -0.001151792 0.999988258 -0.004693180 -3.031114578 -0.446347505 0.003685646 0.894852102 105.025802612
0.888841867 0.002963602 0.458204538 7.210247040 -0.000576255 0.999985516 -0.005349923 -3.039461136 -0.458213747 0.004491193 0.888830721 105.506774902
0.882960618 0.002391910 0.469440967 7.473815918 -0.000121633 0.999988139 -0.004866394 -3.063918829 -0.469447047 0.004239735 0.882950425 105.977890015
0.875469983 0.002119388 0.483267754 7.760215759 0.000149676 0.999989092 -0.004656636 -3.088186502 -0.483272463 0.004149077 0.875460207 106.443252563
