1.000000000 0.000000000 0.000000000 0.000000000 0.000000000 1.000000000 0.000000000 0.000000000 0.000000000 0.000000000 1.000000000 0.000000000
1.000000000 0.000162725 0.000124923 -0.003259495 -0.000162709 1.000000000 -0.000126538 0.002935326 -0.000124944 0.000126517 1.000000000 0.004470577
1.000000000 0.000115730 0.000036514 0.000023629 -0.000115728 1.000000000 -0.000055816 0.001700215 -0.000036520 0.000055812 1.000000000 0.004425062
0.999999940 0.000308439 0.000098868 -0.000156825 -0.000308436 0.999999940 -0.000033793 0.001617348 -0.000098878 0.000033763 1.000000000 -0.001514088
1.000000000 0.000201833 -0.000010004 0.003303578 -0.000201833 1.000000000 -0.000021207 0.001006047 0.000010000 0.000021209 1.000000000 -0.000726974
1.000000000 0.000045508 -0.000095194 0.003230353 -0.000045508 1.000000000 0.000004829 -0.000004774 0.000095194 -0.000004825 1.000000000 0.000208136
1.000000000 0.000154254 0.000104147 -0.002643425 -0.000154244 1.000000000 -0.000090443 0.001818358 -0.000104161 0.000090427 1.000000000 -0.000062328
1.000000000 0.000055772 -0.000006004 0.000519793 -0.000055772 1.000000000 0.000012038 0.000905039 0.000006005 -0.000012038 1.000000000 -0.001775117
1.000000000 0.000081989 0.000179146 -0.005427255 -0.000081976 1.000000000 -0.000071967 0.002004541 -0.000179152 0.000071952 1.000000000 0.005144003
0.999999940 0.000216758 0.000222078 -0.004307922 -0.000216724 0.999999940 -0.000154558 0.001147187 -0.000222111 0.000154510 0.999999940 0.000347514
1.000000000 0.000213211 0.000057939 0.000685316 -0.000213212 1.000000000 0.000017797 0.001110490 -0.000057935 -0.000017809 1.000000000 -0.002547816
1.000000000 0.000144596 0.000183634 -0.003367270 -0.000144585 1.000000000 -0.000058598 0.001353771 -0.000183642 0.000058572 1.000000000 -0.002318294
1.000000000 0.000057260 0.000085719 -0.003304310 -0.000057259 1.000000000 -0.000016472 0.000672985 -0.000085720 0.000016467 1.000000000 -0.004786304
1.000000000 -0.000047539 0.000118405 -0.002250846 0.000047540 1.000000000 -0.000007914 -0.000312415 -0.000118404 0.000007920 1.000000000 0.000250388
1.000000000 0.000083589 0.000055023 -0.000204159 -0.000083587 1.000000000 -0.000043589 0.000337606 -0.000055027 0.000043584 1.000000000 -0.003135389
1.000000000 -0.000129812 -0.000100592 0.001976241 0.000129808 1.000000000 -0.000032505 0.000501090 0.000100596 0.000032492 1.000000000 -0.005463074
1.000000000 0.000026249 0.000064431 -0.002721595 -0.000026245 1.000000000 -0.000050079 0.000380031 -0.000064432 0.000050077 1.000000000 -0.002556435
1.000000000 0.000078212 0.000190918 -0.004000873 -0.000078232 1.000000000 0.000105764 -0.002054906 -0.000190910 -0.000105779 1.000000000 -0.003675434
1.000000000 0.000090909 0.000013030 0.000422214 -0.000090909 1.000000000 0.000055517 0.000650245 -0.000013025 -0.000055518 1.000000000 -0.005911534
1.000000000 -0.000059115 0.000023294 -0.001178135 0.000059114 1.000000000 0.000041842 -0.001137296 -0.000023297 -0.000041841 1.000000000 -0.006991719
1.000000000 0.000056185 0.000071569 -0.000873626 -0.000056186 1.000000000 0.000011204 -0.000389822 -0.000071568 -0.000011208 1.000000000 -0.006969761
1.000000000 -0.000093751 0.000025729 -0.000152139 0.000093749 1.000000000 0.000067540 -0.001859826 -0.000025735 -0.000067538 1.000000000 -0.004729122
1.000000000 0.000136025 0.000153276 -0.005695503 -0.000136004 1.000000000 -0.000135367 0.002139762 -0.000153295 0.000135346 1.000000000 0.003405013
1.000000000 -0.000000940 -0.000024991 0.000728876 0.000000939 1.000000000 -0.000036992 -0.000071538 0.000024991 0.000036992 1.000000000 -0.000853357
1.000000000 -0.000017582 0.000062080 -0.003059246 0.000017578 1.000000000 0.000070884 0.000430569 -0.000062081 -0.000070883 1.000000000 -0.000504865
1.000000000 -0.000014278 -0.000090210 0.003777778 0.000014271 1.000000000 -0.000075606 0.001933668 0.000090211 0.000075605 1.000000000 -0.006750590
1.000000000 -0.000035025 0.000056999 -0.002814839 0.000035032 1.000000000 -0.000106987 0.002540689 -0.000056995 0.000106989 1.000000000 0.000007869
0.999999940 0.000334455 0.000181097 -0.004783113 -0.000334433 0.999999940 -0.000124335 0.002135895 -0.000181138 0.000124274 1.000000000 -0.000615020
1.000000000 0.000060150 0.000100913 -0.003041076 -0.000060151 1.000000000 0.000014646 0.000943493 -0.000100912 -0.000014652 1.000000000 0.000294451
1.000000000 -0.000019833 0.000022577 -0.003895244 0.000019833 1.000000000 -0.000039663 0.002975273 -0.000022576 0.000039663 1.000000000 -0.001402624
1.000000000 0.000056589 0.000079162 -0.003840110 -0.000056586 1.000000000 -0.000030260 0.001289389 -0.000079164 0.000030255 1.000000000 -0.000223922
1.000000000 -0.000030754 0.000103372 -0.003654910 0.000030742 1.000000000 0.000111966 0.000460788 -0.000103376 -0.000111963 1.000000000 0.002631293
1.000000000 -0.000136810 0.000054023 -0.003912439 0.000136808 1.000000000 0.000036560 0.000129753 -0.000054028 -0.000036553 1.000000000 -0.004459178
1.000000000 -0.000052830 0.000015977 -0.002123658 0.000052829 1.000000000 0.000062194 0.000238088 -0.000015980 -0.000062193 1.000000000 -0.006339770
0.999999940 0.000280787 0.000180159 -0.004560182 -0.000280783 0.999999940 -0.000020698 0.001049110 -0.000180165 0.000020648 1.000000000 -0.001598970
1.000000000 0.000089641 0.000175003 -0.004499168 -0.000089642 1.000000000 0.000006758 0.001080085 -0.000175002 -0.000006774 1.000000000 0.000061909
1.000000000 0.000098558 0.000093009 -0.006360544 -0.000098552 1.000000000 -0.000061997 0.002772493 -0.000093015 0.000061988 1.000000000 0.001631344
1.000000000 0.000106301 0.000069872 -0.004155424 -0.000106295 1.000000000 -0.000077004 0.002311226 -0.000069880 0.000076997 1.000000000 -0.001314727
1.000000000 -0.000106675 0.000054104 -0.003164064 0.000106673 1.000000000 0.000036179 0.001063691 -0.000054108 -0.000036173 1.000000000 0.000740747
1.000000000 -0.000079547 -0.000004888 -0.000223829 0.000079547 1.000000000 0.000100729 -0.000397544 0.000004880 -0.000100729 1.000000000 -0.006429584
1.000000000 -0.000187682 -0.000038736 -0.002748162 0.000187683 1.000000000 0.000026759 -0.000818846 0.000038731 -0.000026767 1.000000000 -0.000942838
1.000000000 0.000164629 0.000092503 0.001973123 -0.000164583 0.999999881 -0.000501502 -0.005142698 -0.000092586 0.000501487 0.999999881 0.051516596
1.000000000 0.000041772 0.000022067 0.003101968 -0.000041744 0.999999166 -0.001285108 -0.003382607 -0.000022121 0.001285107 0.999999166 0.148456424
1.000000000 0.000009335 -0.000075269 0.004885131 -0.000009448 0.999998868 -0.001502675 -0.010388950 0.000075255 0.001502676 0.999998868 0.261150867
1.000000000 0.000010079 0.000080458 0.002286229 -0.000009967 0.999999046 -0.001383963 -0.016196011 -0.000080472 0.001383963 0.999999046 0.391977340
1.000000000 -0.000012152 -0.000114937 0.005378433 0.000012023 0.999999344 -0.001124099 -0.020357544 0.000114951 0.001124098 0.999999344 0.533677816
0.999999940 -0.000121103 -0.000221899 0.017327899 0.000120895 0.999999523 -0.000939192 -0.028758664 0.000222013 0.000939165 0.999999523 0.691392720
0.999999881 -0.000446705 -0.000141727 0.021914864 0.000446630 0.999999762 -0.000526191 -0.032618303 0.000141962 0.000526127 0.999999881 0.851140559
0.999999881 -0.000230827 -0.000451138 0.029452637 0.000230561 0.999999821 -0.000588387 -0.038313411 0.000451273 0.000588283 0.999999702 1.036931992
1.000000000 -0.000020873 0.000047416 0.017224774 0.000020899 0.999999821 -0.000556989 -0.045738928 -0.000047405 0.000556990 0.999999821 1.210944176
0.999999762 -0.000565752 -0.000414335 0.039561592 0.000565580 0.999999762 -0.000415985 -0.050150018 0.000414571 0.000415750 0.999999821 1.420413256
0.999999344 -0.000690815 -0.000904613 0.046204697 0.000690781 0.999999762 -0.000038143 -0.061159838 0.000904639 0.000037518 0.999999583 1.606701732
0.999999642 -0.000798343 -0.000247997 0.037301399 0.000798394 0.999999642 0.000204173 -0.062559880 0.000247834 -0.000204371 0.999999940 1.799159646
0.999999464 -0.000993812 -0.000141835 0.048415069 0.000993884 0.999999404 0.000510441 -0.072824903 0.000141328 -0.000510582 0.999999821 1.999747396
0.999999762 -0.000652666 -0.000259667 0.042853169 0.000652762 0.999999702 0.000372942 -0.080572508 0.000259423 -0.000373111 0.999999881 2.219560146
0.999999702 -0.000704848 -0.000223525 0.052775286 0.000704963 0.999999583 0.000513550 -0.086856648 0.000223163 -0.000513708 0.999999821 2.433413029
0.999999881 -0.000421563 -0.000468119 0.063415155 0.000421809 0.999999762 0.000524545 -0.086959280 0.000467898 -0.000524742 0.999999762 2.671856642
0.999999821 -0.000526154 0.000212025 0.056717653 0.000525941 0.999999344 0.001004879 -0.103074282 -0.000212554 -0.001004767 0.999999464 2.891624212
0.999999464 -0.000951024 -0.000143909 0.058849756 0.000951164 0.999998987 0.000974219 -0.112265304 0.000142982 -0.000974355 0.999999523 3.135284185
0.999999881 -0.000579829 0.000080253 0.058801740 0.000579766 0.999999523 0.000788680 -0.116458930 -0.000080710 -0.000788633 0.999999762 3.390127420
0.999999642 -0.000836884 -0.000067427 0.070046134 0.000836955 0.999999046 0.001071203 -0.126967832 0.000066530 -0.001071259 0.999999464 3.641958714
1.000000000 0.000055866 -0.000071496 0.071499638 -0.000055798 0.999999523 0.000944333 -0.133566767 0.000071549 -0.000944329 0.999999583 3.866569042
0.999999583 -0.000873010 -0.000006996 0.085845903 0.000873018 0.999998808 0.001193972 -0.139572889 0.000005953 -0.001193978 0.999999285 4.149126530
0.999999642 -0.000647614 0.000528528 0.064769298 0.000646794 0.999998510 0.001550020 -0.159680218 -0.000529531 -0.001549677 0.999998689 4.407579899
0.999999821 -0.000148447 0.000429461 0.076120898 0.000147929 0.999999166 0.001205760 -0.163971543 -0.000429640 -0.001205696 0.999999225 4.671538353
0.999999404 -0.000772491 0.000710701 0.080300003 0.000771436 0.999998629 0.001482654 -0.172318488 -0.000711845 -0.001482105 0.999998689 4.938337803
0.999999762 -0.000214976 0.000687421 0.098482363 0.000214154 0.999999285 0.001196335 -0.178707585 -0.000687678 -0.001196188 0.999999106 5.212266445
0.999999523 -0.000654720 0.000625258 0.085311852 0.000653580 0.999998093 0.001821712 -0.191336632 -0.000626449 -0.001821302 0.999998152 5.469253063
0.999999583 -0.000541770 0.000702818 0.079434574 0.000540389 0.999997914 0.001963344 -0.216957524 -0.000703880 -0.001962964 0.999997854 5.713014603
0.999999821 -0.000067485 0.000641431 0.087664850 0.000066205 0.999997973 0.001996144 -0.224259958 -0.000641564 -0.001996101 0.999997854 5.986951828
0.999999344 -0.000492190 0.000977764 0.087068297 0.000490535 0.999998450 0.001691483 -0.230545610 -0.000978595 -0.001691003 0.999998152 6.275943756
0.999998927 0.000584888 0.001325084 0.093644783 -0.000588024 0.999997079 0.002367843 -0.246517554 -0.001323696 -0.002368620 0.999996364 6.532688141
0.999999583 -0.000265021 0.000795143 0.103135191 0.000263260 0.999997437 0.002214407 -0.254770041 -0.000795728 -0.002214197 0.999997258 6.835008144
0.999999404 -0.000673512 0.000858402 0.117366835 0.000671462 0.999996901 0.002385909 -0.267440319 -0.000860006 -0.002385330 0.999996841 7.124739647
0.999999583 -0.000390365 0.000758144 0.125910059 0.000388472 0.999996781 0.002494640 -0.274675936 -0.000759115 -0.002494345 0.999996662 7.420834064
0.999999225 -0.000209364 0.001155544 0.128015772 0.000206504 0.999996841 0.002474078 -0.286288887 -0.001156058 -0.002473838 0.999996364 7.733407021
0.999999642 -0.000601366 0.000585114 0.136621132 0.000599940 0.999996841 0.002434932 -0.294355690 -0.000586576 -0.002434581 0.999996841 8.088104248
0.999999762 -0.000397810 0.000602802 0.145391434 0.000396555 0.999997795 0.002079084 -0.301352948 -0.000603628 -0.002078844 0.999997616 8.405019760
0.999999523 -0.000682525 0.000608071 0.154147848 0.000681623 0.999998629 0.001482389 -0.297401011 -0.000609082 -0.001481974 0.999998748 8.732330322
0.999998987 -0.001083732 0.000937043 0.152186766 0.001081605 0.999996841 0.002267417 -0.313113749 -0.000939498 -0.002266401 0.999996960 9.078870773
0.999998868 -0.001268913 0.000836995 0.154703125 0.001266838 0.999996126 0.002475697 -0.332587719 -0.000840134 -0.002474634 0.999996603 9.400242805
0.999998331 -0.001736558 0.000659235 0.163012013 0.001735111 0.999996066 0.002189616 -0.337362319 -0.000663035 -0.002188469 0.999997377 9.748013496
0.999998271 -0.001735008 0.000706343 0.167987585 0.001733192 0.999995172 0.002564117 -0.343786597 -0.000710788 -0.002562888 0.999996483 10.095555305
0.999998391 -0.001533064 0.000952309 0.175822884 0.001530666 0.999995649 0.002514103 -0.358088434 -0.000956159 -0.002512641 0.999996424 10.456485748
0.999997675 -0.002044586 0.000617013 0.192245886 0.002042675 0.999993205 0.003081841 -0.373627633 -0.000623310 -0.003080573 0.999995112 10.823948860
0.999996901 -0.002271559 0.001086955 0.187909096 0.002268538 0.999993622 0.002772841 -0.377152741 -0.001093247 -0.002770367 0.999995589 11.193094254
0.999998808 -0.001482650 0.000666126 0.209026605 0.001480427 0.999993384 0.003326076 -0.410507053 -0.000671053 -0.003325085 0.999994218 11.560755730
0.999998808 -0.001528467 0.000348082 0.221144259 0.001527431 0.999994457 0.002955887 -0.412362725 -0.000352598 -0.002955351 0.999995589 11.956701279
0.999998569 -0.001484252 0.000784872 0.236746714 0.001481482 0.999992669 0.003518489 -0.426225871 -0.000790088 -0.003517322 0.999993443 12.322544098
0.999997854 -0.001828603 0.000952896 0.235907823 0.001825132 0.999991655 0.003630328 -0.435123801 -0.000959526 -0.003628581 0.999992907 12.694235802
0.999998689 -0.000721285 0.001409997 0.234400198 0.000716216 0.999993205 0.003592273 -0.449836403 -0.001412579 -0.003591259 0.999992549 13.051756859
0.999997079 -0.002362039 0.000559563 0.258073300 0.002359699 0.999988616 0.004145344 -0.472058803 -0.000569347 -0.004144011 0.999991238 13.499205589
0.999997318 -0.002082932 0.001064168 0.263883799 0.002078990 0.999991059 0.003692002 -0.479282498 -0.001071849 -0.003689779 0.999992609 13.919045448
0.999998271 -0.000946893 0.001589723 0.267176390 0.000939823 0.999989688 0.004441888 -0.497666568 -0.001593912 -0.004440385 0.999988914 14.321788788
0.999996126 -0.002500506 0.001253966 0.289999068 0.002494980 0.999987245 0.004389264 -0.507395387 -0.001264926 -0.004386118 0.999989569 14.760994911
0.999995470 -0.002685257 0.001381224 0.293854684 0.002678521 0.999984741 0.004855399 -0.537033081 -0.001394241 -0.004851678 0.999987245 15.154269218
0.999993980 -0.003027007 0.001722029 0.304644406 0.003018191 0.999982417 0.005099601 -0.551537275 -0.001737435 -0.005094373 0.999985456 15.579080582
0.999994397 -0.001869673 0.002817086 0.314195454 0.001855895 0.999986410 0.004885685 -0.555699170 -0.002826182 -0.004880429 0.999984026 16.052186966
0.999994934 -0.002022781 0.002451846 0.327804744 0.002010752 0.999985993 0.004898733 -0.563812315 -0.002461721 -0.004893780 0.999985039 16.488159180
0.999992728 -0.002882459 0.002472719 0.329426497 0.002870272 0.999983788 0.004917914 -0.595308900 -0.002486855 -0.004910781 0.999984801 16.910446167
0.999993086 -0.001940164 0.003163293 0.343770117 0.001924062 0.999985158 0.005085561 -0.606190205 -0.003173113 -0.005079439 0.999982059 17.377922058
0.999992907 -0.002193311 0.003036365 0.358229101 0.002178709 0.999986112 0.004803780 -0.610483050 -0.003046860 -0.004797130 0.999983847 17.834335327
0.999990582 -0.002611495 0.003453761 0.364111125 0.002593142 0.999982536 0.005307793 -0.634529054 -0.003467562 -0.005298786 0.999979973 18.288883209
0.999984920 -0.003865556 0.003924633 0.381267399 0.003844364 0.999978065 0.005393088 -0.636977315 -0.003945395 -0.005377918 0.999977767 18.777675629
0.999989092 -0.002962780 0.003601445 0.384711415 0.002943612 0.999981523 0.005315906 -0.654494643 -0.003617128 -0.005305246 0.999979377 19.267992020
0.999990642 -0.002244807 0.003711905 0.400753349 0.002224762 0.999982953 0.005395785 -0.669201791 -0.003723954 -0.005387475 0.999978542 19.742145538
0.999990940 -0.002508038 0.003455565 0.412530154 0.002487134 0.999978662 0.006040365 -0.677882671 -0.003470641 -0.006031715 0.999975801 20.222017288
0.999990165 -0.002367148 0.003732965 0.414599121 0.002345702 0.999980748 0.005738890 -0.694042325 -0.003746479 -0.005730079 0.999976516 20.734590530
0.999989986 -0.002775152 0.003488178 0.430721253 0.002755557 0.999980390 0.005609837 -0.709688544 -0.003503679 -0.005600170 0.999978185 21.225135803
0.999991894 -0.002995551 0.002687496 0.443904370 0.002979832 0.999978602 0.005834252 -0.721216559 -0.002704915 -0.005826197 0.999979377 21.741132736
0.999992847 -0.002423958 0.002900047 0.441954285 0.002406033 0.999978065 0.006168548 -0.745745420 -0.002914936 -0.006161527 0.999976754 22.213521957
0.999992967 -0.002514351 0.002754162 0.450285763 0.002497491 0.999978185 0.006108076 -0.752098680 -0.002769460 -0.006101156 0.999977529 22.740711212
0.999994755 -0.001970159 0.002542439 0.445516378 0.001955469 0.999981403 0.005767453 -0.771003127 -0.002553754 -0.005762452 0.999980152 23.264116287
0.999995589 -0.002005029 0.002183493 0.444728971 0.001993346 0.999983788 0.005339534 -0.780689716 -0.002194163 -0.005335157 0.999983370 23.813297272
0.999988675 -0.004748780 0.000536638 0.472278386 0.004745546 0.999971509 0.005874948 -0.808662534 -0.000564522 -0.005872333 0.999982536 24.294761658
0.999989450 -0.004591478 -0.000236368 0.481554478 0.004592879 0.999969542 0.006316380 -0.817996442 0.000207359 -0.006317398 0.999979973 24.833539963
0.999992073 -0.003962062 -0.000459211 0.501459599 0.003965240 0.999966741 0.007140975 -0.836387515 0.000430902 -0.007142739 0.999974370 25.351680756
0.999993145 -0.003460191 -0.001318405 0.493578047 0.003468491 0.999973834 0.006345699 -0.849649966 0.001296413 -0.006350227 0.999979019 25.878210068
0.999982893 -0.005462542 -0.002076985 0.511762917 0.005476740 0.999961197 0.006892911 -0.862707973 0.002039251 -0.006904168 0.999974072 26.433916092
0.999984205 -0.005159192 -0.002207326 0.519959092 0.005175469 0.999958992 0.007433170 -0.871819973 0.002168886 -0.007444477 0.999970019 26.978630066
0.999991775 -0.003462092 -0.002112417 0.528638959 0.003477382 0.999967456 0.007277823 -0.899090469 0.002087152 -0.007285108 0.999971211 27.510421753
0.999989390 -0.003778482 -0.002648222 0.544077277 0.003798682 0.999963343 0.007664436 -0.919920206 0.002619165 -0.007674413 0.999967098 28.053348541
0.999990523 -0.003339524 -0.002806572 0.540805519 0.003360782 0.999965429 0.007603989 -0.925052762 0.002781081 -0.007613349 0.999967158 28.592119217
0.999989033 -0.003386297 -0.003220731 0.550440192 0.003412036 0.999961972 0.008020171 -0.940444648 0.003193450 -0.008031072 0.999962628 29.181688309
0.999988496 -0.003949778 -0.002723617 0.559561372 0.003970553 0.999962747 0.007664884 -0.956103683 0.002693241 -0.007675609 0.999966919 29.676853180
0.999989331 -0.003541332 -0.002973685 0.567839861 0.003564792 0.999962330 0.007921489 -0.965342283 0.002945521 -0.007932005 0.999964237 30.219749451
0.999985993 -0.003701618 -0.003765143 0.576549232 0.003731632 0.999961078 0.007995968 -0.985489964 0.003735398 -0.008009907 0.999960959 30.778882980
0.999988973 -0.003336304 -0.003294464 0.578201711 0.003364539 0.999957323 0.008602296 -1.005650282 0.003265623 -0.008613286 0.999957621 31.277725220
0.999984920 -0.003906603 -0.003849152 0.611230195 0.003941422 0.999951005 0.009080309 -1.022262931 0.003813491 -0.009095343 0.999951422 31.821474075
0.999979079 -0.005239842 -0.003785028 0.619318664 0.005272139 0.999949336 0.008574200 -1.059722424 0.003739909 -0.008593978 0.999956012 32.349021912
0.999981046 -0.004739638 -0.003932981 0.623111367 0.004772947 0.999952435 0.008503739 -1.062773943 0.003892489 -0.008522349 0.999956071 32.891624451
0.999984562 -0.004161706 -0.003690745 0.618513107 0.004192295 0.999956608 0.008319265 -1.074115157 0.003655963 -0.008334610 0.999958575 33.434925079
0.999985218 -0.004070265 -0.003619018 0.611477435 0.004100989 0.999955177 0.008523068 -1.094844580 0.003584164 -0.008537781 0.999957144 33.940795898
0.999984622 -0.003992479 -0.003872804 0.619512558 0.004027325 0.999951005 0.009031763 -1.109761119 0.003836556 -0.009047220 0.999951780 34.491676331
0.999974012 -0.005994018 -0.003983696 0.669614255 0.006030674 0.999938965 0.009254195 -1.134732723 0.003927981 -0.009277980 0.999949217 35.014404297
0.999970973 -0.006206676 -0.004399394 0.683790922 0.006249376 0.999932766 0.009759455 -1.145847440 0.004338525 -0.009786665 0.999942660 35.557632446
0.999973595 -0.005860504 -0.004293719 0.691744447 0.005901218 0.999937177 0.009531723 -1.162993670 0.004237588 -0.009556812 0.999945343 36.095619202
0.999978662 -0.004903405 -0.004328813 0.710207641 0.004941743 0.999948204 0.008890440 -1.173047900 0.004284995 -0.008911641 0.999951065 36.686092377
0.999973595 -0.005777787 -0.004395720 0.702451289 0.005823695 0.999927878 0.010503801 -1.232763171 0.004334713 -0.010529124 0.999935091 37.205059052
0.999966621 -0.006729295 -0.004629959 0.711400032 0.006774882 0.999927998 0.009901944 -1.189732671 0.004562992 -0.009932982 0.999940157 37.766933441
0.999971807 -0.005527381 -0.005095940 0.746200204 0.005576263 0.999938130 0.009628366 -1.204599738 0.005042404 -0.009656511 0.999940693 38.311244965
0.999966085 -0.006941894 -0.004431287 0.722605765 0.006984384 0.999929011 0.009646121 -1.231625557 0.004364010 -0.009676745 0.999943674 38.865283966
0.999969304 -0.006439316 -0.004475677 0.730075717 0.006481216 0.999934673 0.009410975 -1.245938659 0.004414784 -0.009439693 0.999945700 39.414905548
0.999961019 -0.007291986 -0.004972700 0.751048088 0.007344849 0.999915779 0.010696742 -1.278834343 0.004894282 -0.010732848 0.999930441 39.971408844
0.999965847 -0.006549437 -0.005037242 0.773011506 0.006601826 0.999923527 0.010455114 -1.287060738 0.004968381 -0.010488013 0.999932647 40.515373230
0.999950707 -0.008295470 -0.005466467 0.767816901 0.008352997 0.999909043 0.010586126 -1.310418248 0.005378153 -0.010631265 0.999929011 41.099105835
0.999966443 -0.006645170 -0.004789073 0.778049469 0.006693833 0.999925315 0.010217736 -1.310003877 0.004720817 -0.010249448 0.999936342 41.643001556
0.999971509 -0.006427167 -0.003958652 0.753729165 0.006465847 0.999930680 0.009836973 -1.288759232 0.003895153 -0.009862289 0.999943793 42.177577972
0.999948382 -0.008845344 -0.004994644 0.796273649 0.008899312 0.999901116 0.010888249 -1.345231652 0.004897840 -0.010932134 0.999928236 42.693267822
0.999937952 -0.009766125 -0.005361087 0.809295654 0.009826275 0.999887705 0.011310381 -1.359146714 0.005250027 -0.011362359 0.999921679 43.248714447
0.999938846 -0.009701152 -0.005304256 0.818813443 0.009762849 0.999883533 0.011731861 -1.374113321 0.005189827 -0.011782931 0.999917150 43.789718628
0.999943137 -0.009359819 -0.005097620 0.839562118 0.009416416 0.999893069 0.011194577 -1.364882588 0.004992295 -0.011241945 0.999924362 44.318096161
0.999940097 -0.009802337 -0.004869604 0.814850509 0.009856234 0.999889016 0.011170364 -1.395363092 0.004759570 -0.011217690 0.999925733 44.862453461
0.999934256 -0.010182519 -0.005286678 0.840500176 0.010240494 0.999886334 0.011057636 -1.398656607 0.005173483 -0.011111044 0.999924839 45.425327301
0.999922156 -0.011195944 -0.005506079 0.847599626 0.011260254 0.999866962 0.011791115 -1.415779471 0.005373335 -0.011852195 0.999915302 45.937171936
0.999942482 -0.009511781 -0.004951787 0.843600571 0.009567507 0.999889731 0.011354203 -1.439135551 0.004843242 -0.011400926 0.999923289 46.486858368
0.999948740 -0.009014603 -0.004599439 0.847097695 0.009065682 0.999896049 0.011208483 -1.449797034 0.004497921 -0.011249606 0.999926627 47.046031952
0.999937952 -0.009689838 -0.005480391 0.872202456 0.009752488 0.999886036 0.011523025 -1.458511233 0.005368109 -0.011575758 0.999918640 47.593219757
0.999940217 -0.009619852 -0.005195227 0.873115063 0.009679719 0.999885559 0.011623698 -1.477802753 0.005082814 -0.011673293 0.999918878 48.101016998
0.999934733 -0.010064089 -0.005406331 0.887418747 0.010126067 0.999881923 0.011561597 -1.488539457 0.005289335 -0.011615586 0.999918520 48.647052765
0.999933898 -0.010053631 -0.005572909 0.894987464 0.010119427 0.999877930 0.011906651 -1.500100613 0.005452523 -0.011962259 0.999913573 49.190040588
0.999932230 -0.010099625 -0.005766390 0.912618339 0.010166733 0.999879539 0.011729662 -1.508677483 0.005647229 -0.011787495 0.999914587 49.744525909
0.999929965 -0.010400904 -0.005649822 0.913819790 0.010468261 0.999872804 0.012025947 -1.526735306 0.005524022 -0.012084247 0.999911666 50.248085022
0.999935269 -0.010070018 -0.005288314 0.913645625 0.010133715 0.999874651 0.012159448 -1.538158655 0.005165203 -0.012212252 0.999912024 50.791229248
0.999940038 -0.009936690 -0.004608420 0.916042328 0.009993164 0.999873161 0.012397679 -1.551376820 0.004484644 -0.012442988 0.999912500 51.304943085
0.999939203 -0.009789206 -0.005077740 0.928846419 0.009851060 0.999875784 0.012302775 -1.558522940 0.004956675 -0.012352048 0.999911427 51.873203278
0.999937296 -0.009770873 -0.005479229 0.946513772 0.009836598 0.999878407 0.012099470 -1.568884730 0.005360340 -0.012152608 0.999911845 52.416725159
0.999926746 -0.010780064 -0.005514491 0.956866860 0.010846971 0.999866068 0.012249982 -1.572413683 0.005381697 -0.012308903 0.999909759 52.921508789
0.999940276 -0.009774222 -0.004888777 0.941608787 0.009834002 0.999875247 0.012357159 -1.586639881 0.004767386 -0.012404498 0.999911726 53.488822937
0.999932826 -0.010376650 -0.005152420 0.943225682 0.010442869 0.999861002 0.012996036 -1.623034954 0.005016851 -0.013048970 0.999902189 54.038707733
0.999940097 -0.009780215 -0.004910311 0.946031809 0.009842643 0.999868929 0.012854558 -1.629398227 0.004783947 -0.012902117 0.999905288 54.592826843
0.999931216 -0.010477297 -0.005276189 0.956194401 0.010544688 0.999860942 0.012910620 -1.643013954 0.005140188 -0.012965368 0.999902725 55.127449036
0.999931693 -0.010521092 -0.005078575 0.962305248 0.010584523 0.999864161 0.012629332 -1.641639113 0.004945011 -0.012682224 0.999907315 55.687122345
0.999932408 -0.010357455 -0.005282674 0.975718737 0.010426473 0.999858320 0.013208824 -1.654391766 0.005145117 -0.013263012 0.999898732 56.162338257
0.999939799 -0.009948868 -0.004626929 0.972459435 0.010008684 0.999864280 0.013089378 -1.672076702 0.004496078 -0.013134900 0.999903619 56.696449280
0.999943316 -0.009593673 -0.004626640 0.984387219 0.009652469 0.999870718 0.012857437 -1.677189112 0.004502692 -0.012901368 0.999906600 57.244094849
0.999942064 -0.009692585 -0.004673438 0.995792270 0.009750404 0.999874175 0.012512200 -1.684553623 0.004551575 -0.012557044 0.999910712 57.817249298
0.999932587 -0.010663317 -0.004599206 0.983588457 0.010722580 0.999857247 0.013059554 -1.702878714 0.004459291 -0.013107989 0.999904096 58.320838928
0.999931753 -0.010623663 -0.004851226 0.993449330 0.010689507 0.999848306 0.013754851 -1.712852001 0.004704363 -0.013805769 0.999893606 58.858776093
0.999922454 -0.011300516 -0.005233920 1.000670552 0.011367844 0.999850631 0.013017644 -1.717607737 0.005086033 -0.013076133 0.999901533 59.405696869
0.999920964 -0.011535306 -0.005005757 1.009366989 0.011599828 0.999847412 0.013057483 -1.730428219 0.004854372 -0.013114517 0.999902189 59.913074493
0.999921679 -0.011372879 -0.005229399 1.024393320 0.011441467 0.999846339 0.013278404 -1.739315271 0.005077582 -0.013337195 0.999898136 60.463367462
0.999930143 -0.010926560 -0.004519172 1.023508549 0.010984563 0.999854922 0.013015148 -1.748795271 0.004376306 -0.013063881 0.999905050 61.003334045
0.999932170 -0.010587896 -0.004860580 1.037384272 0.010652734 0.999851882 0.013513352 -1.770663738 0.004716782 -0.013564214 0.999896765 61.515987396
0.999916255 -0.011863654 -0.005161162 1.050381899 0.011932951 0.999836147 0.013609663 -1.779206038 0.004998855 -0.013670115 0.999894083 62.078029633
0.999919176 -0.011749528 -0.004849511 1.060351729 0.011810954 0.999847829 0.012838141 -1.774894476 0.004697930 -0.012894382 0.999905884 62.637504578
0.999926567 -0.011036002 -0.005007712 1.073751092 0.011103852 0.999844134 0.013729965 -1.790961266 0.004855406 -0.013784564 0.999893188 63.146835327
0.999926686 -0.011219460 -0.004549365 1.074632645 0.011280726 0.999842882 0.013672482 -1.827760935 0.004395253 -0.013722802 0.999896228 63.766132355
0.999910951 -0.012346378 -0.005056217 1.073730826 0.012416126 0.999824822 0.014003867 -1.826353312 0.004882433 -0.014065402 0.999889135 64.270973206
0.999908507 -0.012567302 -0.004999296 1.075755119 0.012636907 0.999820054 0.014143758 -1.835901499 0.004820648 -0.014205641 0.999887407 64.817848206
0.999913871 -0.012154012 -0.004934427 1.089859724 0.012222764 0.999825180 0.014151042 -1.848489523 0.004761572 -0.014210139 0.999887645 65.343299866
0.999918222 -0.011912044 -0.004642369 1.097853065 0.011977228 0.999826312 0.014275524 -1.856997609 0.004471512 -0.014329960 0.999887288 65.904785156
0.999910951 -0.012403382 -0.004921889 1.121289253 0.012469185 0.999830127 0.013571536 -1.844469309 0.004752720 -0.013631700 0.999895751 66.449386597
0.999905705 -0.012915155 -0.004669470 1.117095232 0.012977573 0.999823391 0.013593782 -1.864124537 0.004493081 -0.013653096 0.999896705 66.942039490
0.999904633 -0.012843216 -0.005078939 1.121832132 0.012914361 0.999815285 0.014232764 -1.878704548 0.004895206 -0.014296997 0.999885798 67.498542786
0.999903977 -0.013037122 -0.004705266 1.136520863 0.013102050 0.999815643 0.014042652 -1.890499949 0.004521322 -0.014102953 0.999890327 68.033775330
0.999911964 -0.012636442 -0.004045918 1.141698480 0.012690989 0.999824941 0.013752965 -1.889075041 0.003871422 -0.013803101 0.999897242 68.557998657
0.999909699 -0.013096376 -0.002985906 1.151276231 0.013135239 0.999824047 0.013390104 -1.903524399 0.002810020 -0.013428118 0.999905884 69.087318420
0.999914050 -0.012680751 -0.003326504 1.159989357 0.012723885 0.999830842 0.013282999 -1.911739349 0.003157504 -0.013324184 0.999906182 69.644271851
0.999912202 -0.012837715 -0.003279177 1.187604070 0.012881391 0.999823689 0.013664147 -1.926621437 0.003103184 -0.013705187 0.999901295 70.159606934
0.999909401 -0.013087773 -0.003111159 1.198773980 0.013127142 0.999829412 0.012989591 -1.925812244 0.002940622 -0.013029255 0.999910772 70.715721130
0.999909282 -0.013180055 -0.002776087 1.191265821 0.013215855 0.999824226 0.013298552 -1.935048223 0.002600323 -0.013334033 0.999907732 71.201812744
0.999901235 -0.013934374 -0.001812169 1.190455914 0.013957728 0.999810278 0.013586183 -1.994940758 0.001622510 -0.013610139 0.999906063 71.753143311
0.999898314 -0.014105241 -0.002096835 1.200452685 0.014132562 0.999807000 0.013642280 -2.001987934 0.001904003 -0.013670527 0.999904752 72.321266174
0.999918997 -0.012642614 -0.001499874 1.204917669 0.012661873 0.999827147 0.013612001 -2.014382362 0.001327523 -0.013629890 0.999906242 72.874725342
0.999894023 -0.014378508 -0.002275090 1.217111349 0.014407766 0.999806285 0.013414687 -2.012671947 0.002081766 -0.013446046 0.999907374 73.449066162
0.999901533 -0.013880218 -0.002091466 1.245626807 0.013907754 0.999808311 0.013783392 -2.026317120 0.001899748 -0.013811122 0.999902844 74.052619934
0.999893248 -0.014544507 -0.001402148 1.288000107 0.014562814 0.999794900 0.014074082 -2.075648546 0.001197158 -0.014093000 0.999899924 74.427925110
0.999890864 -0.014709495 -0.001350308 1.298253775 0.014726876 0.999794662 0.013919287 -2.087507963 0.001145285 -0.013937654 0.999902189 74.971046448
0.999886811 -0.014936428 -0.001784778 1.303800702 0.014960565 0.999784648 0.014376369 -2.095063210 0.001569664 -0.014401443 0.999895096 75.541618347
0.999913931 -0.013003686 -0.001734284 1.391434908 0.013028054 0.999804497 0.014870696 -2.143612385 0.001540570 -0.014892010 0.999887943 75.947631836
0.999903381 -0.013817561 -0.001461652 1.387703657 0.013837177 0.999800682 0.014391322 -2.124633789 0.001262508 -0.014410159 0.999895334 76.438240051
0.999894917 -0.014362394 -0.001939236 1.406393528 0.014388457 0.999796093 0.014170428 -2.134341002 0.001735319 -0.014196844 0.999897718 76.977058411
0.999902904 -0.013877982 -0.001236506 1.385740757 0.013894774 0.999793887 0.014802102 -2.144947290 0.001030827 -0.014817846 0.999889731 77.532936096
0.999906838 -0.013606866 -0.001061863 1.407122612 0.013621335 0.999793530 0.015075327 -2.165310383 0.000856518 -0.015088388 0.999885917 78.041526794
0.999898016 -0.014224432 -0.001200741 1.418508053 0.014240512 0.999791086 0.014656524 -2.163872719 0.000992010 -0.014672129 0.999891937 78.586456299
0.999896169 -0.014339459 -0.001401016 1.431933403 0.014358645 0.999787271 0.014808428 -2.176240921 0.001188372 -0.014827006 0.999889314 79.118423462
0.999910414 -0.013374573 -0.000532249 1.435022116 0.013380960 0.999802113 0.014716071 -2.185648441 0.000335323 -0.014721878 0.999891579 79.599884033
0.999907672 -0.013565708 0.000788909 1.452099442 0.013552450 0.999797046 0.014904453 -2.192618847 -0.000990938 -0.014892383 0.999888599 80.146141052
0.999912322 -0.012966646 0.002687417 1.447942615 0.012925832 0.999808550 0.014686377 -2.195042610 -0.002877335 -0.014650351 0.999888480 80.717224121
0.999909341 -0.012874730 0.003939230 1.467303038 0.012815842 0.999810874 0.014625788 -2.213337898 -0.004126790 -0.014573978 0.999885201 81.203392029
0.999906480 -0.012598461 0.005316864 1.475168586 0.012518086 0.999810815 0.014888896 -2.220552921 -0.005503435 -0.014820946 0.999874949 81.757270813
0.999893546 -0.011900743 0.008447212 1.490192294 0.011774261 0.999820173 0.014868302 -2.233513594 -0.008622637 -0.014767259 0.999853730 82.313674927
0.999857426 -0.011875448 0.011998074 1.502539277 0.011687008 0.999809086 0.015655760 -2.275552273 -0.012181705 -0.015513309 0.999805450 82.832534790
0.999803066 -0.012881999 0.015091416 1.531417131 0.012661227 0.999812722 0.014634281 -2.250063658 -0.015277108 -0.014440329 0.999779046 83.369926453
0.999722600 -0.012868905 0.019723587 1.562579870 0.012574276 0.999808490 0.014989895 -2.271331072 -0.019912714 -0.014737727 0.999693155 83.917747498
0.999592364 -0.012434166 0.025698349 1.584268332 0.012062858 0.999821305 0.014553566 -2.263215065 -0.025874721 -0.014237639 0.999563813 84.445922852
0.999435842 -0.012849884 0.031026555 1.632607222 0.012379126 0.999805987 0.015317507 -2.275734901 -0.031217365 -0.014924788 0.999401152 84.948577881
0.999171674 -0.013359454 0.038436070 1.654189229 0.012793675 0.999806702 0.014928499 -2.298122406 -0.038628072 -0.014424396 0.999149561 85.522567749
0.998810828 -0.013269330 0.046912037 1.704558372 0.012557525 0.999802053 0.015435499 -2.308598518 -0.047107570 -0.014828047 0.998779714 86.067779541
0.998406351 -0.013603535 0.054768175 1.757066965 0.012787481 0.999802232 0.015223169 -2.320199013 -0.054964431 -0.014498560 0.998383105 86.591949463
0.997948945 -0.012269457 0.062827736 1.799464464 0.011331712 0.999819279 0.015260334 -2.321223259 -0.063003615 -0.014517087 0.997907758 87.156509399
0.997403264 -0.014583975 0.070527479 1.877441406 0.013601554 0.999803841 0.014389903 -2.327130318 -0.070723519 -0.013393251 0.997406006 87.693466187
0.996522069 -0.011249149 0.082567394 1.917557240 0.009976713 0.999825180 0.015807349 -2.342285395 -0.082730770 -0.014928617 0.996460140 88.212867737
0.995680690 -0.013501064 0.091856025 2.014166832 0.012102871 0.999802530 0.015761629 -2.385449409 -0.092050679 -0.014581828 0.995647550 88.825637817
0.994958937 -0.014533573 0.099224120 2.086208344 0.013059393 0.999794722 0.015490489 -2.378804207 -0.099428900 -0.014116594 0.994944513 89.395843506
0.993805647 -0.013957845 0.110251673 2.178477764 0.012279563 0.999798477 0.015886668 -2.393861294 -0.110451184 -0.014434419 0.993776679 89.912918091
0.992665172 -0.014426987 0.120031908 2.270898819 0.012613869 0.999794722 0.015851429 -2.408279419 -0.120235950 -0.014221095 0.992643476 90.455795288
0.991470158 -0.015036564 0.129463583 2.375768661 0.013085296 0.999787748 0.015909445 -2.426225185 -0.129675344 -0.014079669 0.991456568 90.961318970
0.989888251 -0.014900221 0.141064584 2.470360756 0.012760720 0.999789536 0.016059306 -2.427308083 -0.141274199 -0.014096830 0.989870191 91.510803223
0.988062501 -0.014831042 0.153338209 2.574903488 0.012469928 0.999788582 0.016348425 -2.436332226 -0.153548270 -0.014241152 0.988038540 92.052520752
0.986397564 -0.015745636 0.163621068 2.700200081 0.013167708 0.999771714 0.016828179 -2.459193230 -0.163848698 -0.014444762 0.986379683 92.536178589
0.984696448 -0.014942792 0.173636496 2.770619392 0.012145426 0.999778926 0.017161900 -2.444913864 -0.173854560 -0.014790371 0.984660268 93.092903137
0.982363880 -0.014474430 0.186417669 2.879522324 0.011526006 0.999790907 0.016890399 -2.457154512 -0.186623186 -0.014443869 0.982325375 93.635887146
0.980076909 -0.015479002 0.198013976 3.037494659 0.012319412 0.999776661 0.017178426 -2.460587502 -0.198235631 -0.014396763 0.980048597 94.175254822
0.977996230 -0.017561166 0.207882136 3.183946609 0.014365641 0.999754488 0.016871622 -2.462140560 -0.208127379 -0.013514022 0.978008389 94.701889038
0.975097179 -0.016532090 0.221161142 3.327878952 0.012972409 0.999762058 0.017538330 -2.473413944 -0.221398443 -0.014232584 0.975079536 95.244285583
0.971681416 -0.015619575 0.235777661 3.458129883 0.011746403 0.999772072 0.017822951 -2.470633984 -0.236002341 -0.014548692 0.971643567 95.744689941
0.968927920 -0.016623650 0.246783927 3.617811203 0.012560236 0.999758482 0.018030636 -2.478373766 -0.247024089 -0.014370724 0.968902826 96.280982971
0.965641856 -0.016840402 0.259330124 3.799461365 0.012453456 0.999750376 0.018550165 -2.496156454 -0.259577781 -0.014683262 0.965610564 96.783111572
0.961726964 -0.015824633 0.273552209 3.965219498 0.011204644 0.999767125 0.018443052 -2.490229130 -0.273780406 -0.014672124 0.961680293 97.334579468
0.958068788 -0.016234953 0.286078095 4.150712967 0.011567513 0.999771118 0.017997758 -2.490988016 -0.286304832 -0.013933876 0.958037257 97.856155396
0.954805911 -0.017830050 0.296694726 4.353197098 0.013017723 0.999749839 0.018187687 -2.503054142 -0.296944827 -0.013503421 0.954799056 98.367897034
0.949919403 -0.014642048 0.312151819 4.512783051 0.009079456 0.999773264 0.019266184 -2.514867306 -0.312363118 -0.015467154 0.949836791 98.937301636
0.945514500 -0.016935004 0.325139612 4.738868713 0.011211431 0.999747574 0.019469062 -2.510284185 -0.325387210 -0.014762999 0.945465624 99.440132141
0.941641688 -0.016491696 0.336212635 4.952255249 0.010502031 0.999752164 0.019625859 -2.515876293 -0.336452931 -0.014949614 0.941581607 99.965316772
0.936944187 -0.016876796 0.349071234 5.147352219 0.010631870 0.999747455 0.019798435 -2.525656700 -0.349317223 -0.014838753 0.936887026 100.445510864
0.931727886 -0.017258679 0.362746835 5.392002106 0.010792572 0.999744833 0.019844513 -2.539366245 -0.362996757 -0.014574716 0.931676447 100.970108032
0.926468194 -0.016457351 0.376013011 5.601737976 0.009531643 0.999749064 0.020271791 -2.546531439 -0.376252264 -0.015197151 0.926392615 101.542800903
0.921787024 -0.017461322 0.387303293 5.855775833 0.010514337 0.999743700 0.020048548 -2.528570175 -0.387554049 -0.014408257 0.921734393 102.023277283
0.915738344 -0.017779464 0.401381701 6.106662750 0.010581231 0.999741077 0.020143474 -2.529242992 -0.401635885 -0.014199039 0.915689468 102.536102295
0.909934521 -0.018057780 0.414358735 6.347705841 0.010594038 0.999737680 0.020304054 -2.541448355 -0.414616704 -0.014085627 0.909887195 102.999900818
0.905284584 -0.019817153 0.424343288 6.614921570 0.012297568 0.999715269 0.020452090 -2.537736893 -0.424627751 -0.013296569 0.905270457 103.485466003
0.899408579 -0.018951179 0.436698079 6.860504150 0.010832475 0.999719203 0.021074146 -2.565201521 -0.436974823 -0.014223746 0.899361312 103.957618713
0.891707182 -0.020427288 0.452151418 7.124034882 0.012433168 0.999709547 0.020644873 -2.537320614 -0.452441841 -0.012787512 0.891702235 104.501998901
0.885698080 -0.021082548 0.463782787 7.405551910 0.013073204 0.999704897 0.020478148 -2.538961887 -0.464077681 -0.012074331 0.885712266 104.979255676
0.879661381 -0.021259187 0.475125134 7.678672791 0.013045882 0.999703228 0.020577563 -2.535805941 -0.475421488 -0.011902860 0.879677653 105.476982117
0.871812761 -0.020149710 0.489424586 7.939785004 0.011686982 0.999724865 0.020340828 -2.524068832 -0.489699751 -0.012013498 0.871808410 105.949218750
