1.000000000 0.000000000 0.000000000 0.000000000 0.000000000 1.000000000 0.000000000 0.000000000 0.000000000 0.000000000 1.000000000 0.000000000
1.000000000 -0.000073467 0.000031249 0.000069286 0.000073463 1.000000000 0.000132247 -0.000595570 -0.000031259 -0.000132244 1.000000000 0.000679615
1.000000000 -0.000051896 -0.000125202 0.001050595 0.000051902 1.000000000 0.000044933 -0.000525707 0.000125200 -0.000044939 1.000000000 -0.000067895
1.000000000 -0.000040384 -0.000010702 0.000185777 0.000040384 1.000000000 -0.000018355 0.000629360 0.000010703 0.000018355 1.000000000 0.001028004
1.000000000 0.000087243 -0.000060431 -0.000330624 -0.000087239 1.000000000 0.000073696 -0.000422359 0.000060438 -0.000073691 1.000000000 0.000189723
0.999999940 0.000252006 0.000102785 -0.001267341 -0.000252008 0.999999940 0.000022451 0.000508101 -0.000102779 -0.000022477 1.000000000 0.000640923
1.000000000 -0.000190807 -0.000060177 0.000582674 0.000190809 1.000000000 0.000032282 -0.000255071 0.000060170 -0.000032293 1.000000000 -0.000259943
1.000000000 -0.000161575 0.000061607 0.000335578 0.000161582 1.000000000 -0.000114198 0.001476220 -0.000061589 0.000114208 1.000000000 0.001047335
1.000000000 0.000003570 -0.000005660 0.000324965 -0.000003571 1.000000000 -0.000139610 0.001272736 0.000005660 0.000139610 1.000000000 -0.000435512
0.999999940 -0.000251540 -0.000108269 0.001742113 0.000251533 0.999999940 -0.000058258 0.001155116 0.000108283 0.000058231 1.000000000 0.001114240
1.000000000 0.000041793 0.000022269 0.000472977 -0.000041791 1.000000000 -0.000095234 0.001117040 -0.000022273 0.000095233 1.000000000 0.000565018
1.000000000 -0.000123863 0.000008279 0.000665259 0.000123864 1.000000000 -0.000067282 0.000811028 -0.000008271 0.000067283 1.000000000 0.000588259
1.000000000 -0.000140842 -0.000105976 0.001050015 0.000140848 1.000000000 0.000060859 0.000470133 0.000105968 -0.000060874 1.000000000 0.000150653
1.000000000 0.000009879 -0.000033694 0.000435982 -0.000009878 1.000000000 0.000037689 0.000008731 0.000033694 -0.000037689 1.000000000 -0.000092385
1.000000000 -0.000019831 -0.000079887 0.000485912 0.000019833 1.000000000 0.000023801 0.000940263 0.000079886 -0.000023802 1.000000000 0.000476600
1.000000000 -0.000074708 -0.000098166 0.000468016 0.000074707 1.000000000 -0.000004425 0.000348844 0.000098166 0.000004418 1.000000000 -0.000925323
1.000000000 -0.000031382 0.000041671 0.000252427 0.000031380 1.000000000 0.000043833 0.000272598 -0.000041673 -0.000043832 1.000000000 0.000274528
1.000000000 -0.000094720 -0.000088903 0.000627628 0.000094716 1.000000000 -0.000041920 0.000971084 0.000088907 0.000041912 1.000000000 -0.000200971
1.000000000 0.000027461 -0.000024055 0.000496346 -0.000027459 1.000000000 0.000060558 0.000845156 0.000024057 -0.000060557 1.000000000 0.000768096
1.000000000 -0.000079259 -0.000114461 0.001377928 0.000079262 1.000000000 0.000026884 0.000832076 0.000114459 -0.000026893 1.000000000 0.000727674
1.000000000 -0.000104524 -0.000109665 0.000673375 0.000104501 1.000000000 -0.000205148 0.002315011 0.000109687 0.000205136 1.000000000 0.000405030
1.000000000 -0.000144123 0.000019061 0.000353865 0.000144125 1.000000000 -0.000154294 0.002065540 -0.000019039 0.000154297 1.000000000 0.000164786
1.000000000 -0.000182452 -0.000059834 0.001165168 0.000182447 1.000000000 -0.000072607 0.001487196 0.000059847 0.000072596 1.000000000 0.001153568
1.000000000 -0.000100994 0.000083652 0.000009889 0.000101004 1.000000000 -0.000127800 0.001915622 -0.000083639 0.000127809 1.000000000 0.001672497
0.999999940 -0.000238655 -0.000090820 0.001803282 0.000238650 0.999999940 -0.000054589 0.001139446 0.000090833 0.000054567 1.000000000 0.000883223
1.000000000 -0.000125167 -0.000091031 0.001112848 0.000125157 1.000000000 -0.000111501 0.001615264 0.000091045 0.000111490 1.000000000 -0.001014875
1.000000000 -0.000080404 -0.000063682 0.000965598 0.000080396 1.000000000 -0.000130386 0.001467895 0.000063693 0.000130380 1.000000000 0.000467015
1.000000000 -0.000129354 -0.000086420 0.001240313 0.000129350 1.000000000 -0.000046918 0.000794667 0.000086426 0.000046906 1.000000000 0.000731722
1.000000000 -0.000044772 -0.000006055 0.000172193 0.000044771 1.000000000 -0.000053014 0.001564211 0.000006057 0.000053013 1.000000000 0.002823549
1.000000000 -0.000137626 -0.000056320 0.000668917 0.000137618 1.000000000 -0.000147769 0.002247362 0.000056340 0.000147762 1.000000000 0.001166549
1.000000000 -0.000115354 -0.000080721 0.001253460 0.000115360 1.000000000 0.000070290 0.000909501 0.000080712 -0.000070299 1.000000000 0.000278584
1.000000000 -0.000148232 -0.000059637 0.000341756 0.000148233 1.000000000 0.000022757 0.000561882 0.000059633 -0.000022766 1.000000000 0.000188898
1.000000000 -0.000163657 -0.000020473 0.000344212 0.000163655 1.000000000 -0.000087454 0.001383414 0.000020487 0.000087451 1.000000000 0.000685970
1.000000000 -0.000146970 -0.000006381 0.000775937 0.000146969 1.000000000 -0.000045961 0.001006576 0.000006387 0.000045960 1.000000000 0.001037923
1.000000000 -0.000086521 -0.000006983 0.000802668 0.000086520 1.000000000 -0.000117781 0.001820762 0.000006993 0.000117780 1.000000000 0.001942568
1.000000000 -0.000079972 -0.000048123 0.000528007 0.000079963 1.000000000 -0.000172632 0.001645271 0.000048137 0.000172628 1.000000000 -0.000136259
0.999999940 -0.000270692 -0.000154728 0.001604205 0.000270695 0.999999940 0.000019934 0.000633749 0.000154723 -0.000019976 1.000000000 0.001343107
1.000000000 -0.000157913 -0.000130341 0.001388781 0.000157905 1.000000000 -0.000063777 0.001553503 0.000130351 0.000063757 1.000000000 0.001012457
1.000000000 -0.000184611 -0.000092218 0.001333844 0.000184607 1.000000000 -0.000045367 0.001131743 0.000092226 0.000045350 1.000000000 0.000182150
0.999999881 -0.000444321 -0.000074349 0.002092227 0.000444315 0.999999881 -0.000082975 0.001185148 0.000074386 0.000082941 1.000000000 0.002801595
0.999999940 -0.000220116 0.000204053 0.000501234 0.000220261 0.999999702 -0.000709249 -0.000767975 -0.000203897 0.000709294 0.999999702 0.051479105
1.000000000 -0.000159493 0.000099915 0.002420823 0.000159619 0.999999166 -0.001268046 -0.003580737 -0.000099712 0.001268062 0.999999166 0.136682600
0.999999940 0.000050613 -0.000276707 0.006841290 -0.000051008 0.999998987 -0.001427528 -0.006381762 0.000276635 0.001427541 0.999998927 0.251743883
1.000000000 -0.000138445 -0.000147958 0.007312671 0.000138227 0.999998927 -0.001471368 -0.010840178 0.000148161 0.001471348 0.999998927 0.383915126
1.000000000 -0.000198739 -0.000133283 0.009227797 0.000198573 0.999999225 -0.001244748 -0.017060529 0.000133530 0.001244721 0.999999225 0.525710702
1.000000000 0.000153905 -0.000163063 0.012424883 -0.000154134 0.999998987 -0.001407933 -0.016611962 0.000162846 0.001407958 0.999998987 0.688276231
0.999999821 -0.000547203 -0.000090171 0.018716432 0.000547113 0.999999344 -0.000992494 -0.023904232 0.000090714 0.000992444 0.999999523 0.848483026
1.000000000 0.000044051 0.000046426 0.018474212 -0.000044002 0.999999464 -0.001050475 -0.026410034 -0.000046472 0.001050473 0.999999464 1.013103008
0.999999940 0.000302392 0.000021840 0.017283525 -0.000302374 0.999999642 -0.000823898 -0.033576261 -0.000022089 0.000823891 0.999999642 1.184180856
0.999999940 0.000336052 0.000020751 0.021022506 -0.000336036 0.999999642 -0.000800258 -0.035790298 -0.000021020 0.000800251 0.999999702 1.373757958
0.999999762 -0.000663984 -0.000231854 0.036669247 0.000663882 0.999999702 -0.000440809 -0.047616381 0.000232147 0.000440655 0.999999881 1.572415352
1.000000000 -0.000120301 0.000206947 0.027982816 0.000120313 1.000000000 -0.000054822 -0.054392271 -0.000206941 0.000054846 1.000000000 1.750032306
0.999999762 -0.000527656 -0.000441102 0.044027295 0.000527499 0.999999821 -0.000354805 -0.051520959 0.000441290 0.000354572 0.999999821 1.953128457
0.999999702 0.000409276 0.000655005 0.019914180 -0.000409277 0.999999940 0.000001301 -0.072799511 -0.000655005 -0.000001569 0.999999762 2.155207157
0.999999583 0.000660779 0.000634575 0.023629334 -0.000660690 0.999999821 -0.000140501 -0.076779544 -0.000634668 0.000140082 0.999999762 2.374464989
0.999999881 0.000312007 0.000303515 0.031879123 -0.000311954 1.000000000 -0.000173581 -0.083192922 -0.000303569 0.000173486 0.999999940 2.596495152
0.999999523 0.000645711 0.000771008 0.037161805 -0.000645977 0.999999762 0.000345102 -0.096276216 -0.000770785 -0.000345600 0.999999642 2.816797733
0.999999642 0.000374144 0.000771831 0.042337134 -0.000374484 0.999999881 0.000440759 -0.103284195 -0.000771666 -0.000441048 0.999999583 3.048888922
0.999999881 0.000273029 0.000404877 0.048112303 -0.000273136 0.999999940 0.000266453 -0.107795499 -0.000404804 -0.000266563 0.999999881 3.293113947
0.999999404 0.000470907 0.000899159 0.047274251 -0.000471137 0.999999881 0.000256188 -0.112453535 -0.000899038 -0.000256612 0.999999523 3.525074959
0.999999642 0.000184701 0.000754811 0.054278068 -0.000184921 0.999999940 0.000290390 -0.118998885 -0.000754758 -0.000290530 0.999999702 3.781967402
0.999999464 0.000611878 0.000811062 0.059701812 -0.000612089 0.999999821 0.000259427 -0.124193601 -0.000810903 -0.000259924 0.999999642 4.045639992
0.999999583 0.000533467 0.000700317 0.061724000 -0.000533848 0.999999702 0.000543755 -0.132546574 -0.000700026 -0.000544129 0.999999583 4.285427570
0.999999464 0.000317551 0.000914461 0.068355203 -0.000317914 0.999999881 0.000397602 -0.140857026 -0.000914335 -0.000397892 0.999999523 4.539319992
0.999998987 0.000719819 0.001237866 0.072380804 -0.000720127 0.999999762 0.000248650 -0.145788014 -0.001237687 -0.000249541 0.999999106 4.798354626
0.999999166 0.000550865 0.001085209 0.078842849 -0.000551561 0.999999642 0.000641277 -0.153211266 -0.001084855 -0.000641875 0.999999225 5.048960686
0.999999821 0.000191110 0.000744534 0.081273958 -0.000191785 0.999999583 0.000907268 -0.167523518 -0.000744360 -0.000907411 0.999999225 5.312475681
0.999999344 0.000454091 0.001074038 0.086114958 -0.000454990 0.999999523 0.000837377 -0.172897875 -0.001073658 -0.000837865 0.999999046 5.588013649
0.999999225 0.000483543 0.001170112 0.091054052 -0.000484472 0.999999642 0.000793840 -0.180391684 -0.001169728 -0.000794407 0.999998927 5.851997852
0.999999821 -0.000053441 0.000605162 0.101693198 0.000052782 0.999999344 0.001090035 -0.192023948 -0.000605220 -0.001090003 0.999999225 6.119882107
0.999999881 -0.000002772 0.000545319 0.107502572 0.000002085 0.999999166 0.001258201 -0.201803654 -0.000545322 -0.001258200 0.999999106 6.397021770
0.999999642 -0.000204268 0.000788571 0.111564733 0.000203409 0.999999344 0.001089329 -0.208508044 -0.000788793 -0.001089169 0.999999106 6.688977242
0.999999523 0.000087255 0.000950426 0.111987203 -0.000088299 0.999999404 0.001098233 -0.214259699 -0.000950329 -0.001098317 0.999998868 6.966773987
0.999999464 -0.000044702 0.000971618 0.118388817 0.000043928 0.999999642 0.000796951 -0.218648210 -0.000971653 -0.000796908 0.999999166 7.270336151
0.999999344 -0.000054607 0.001127508 0.128684312 0.000053578 0.999999523 0.000912583 -0.226121500 -0.001127557 -0.000912522 0.999998927 7.577547073
0.999999583 -0.000037376 0.000927994 0.136194184 0.000036087 0.999999046 0.001388692 -0.244013980 -0.000928044 -0.001388658 0.999998629 7.867533684
0.999998391 0.000864672 0.001543241 0.136932179 -0.000866612 0.999998868 0.001257101 -0.248900324 -0.001542153 -0.001258436 0.999997973 8.193175316
0.999998748 0.000475876 0.001504524 0.144648939 -0.000478281 0.999998569 0.001598645 -0.263816237 -0.001503761 -0.001599363 0.999997616 8.509676933
0.999999166 0.000000125 0.001245697 0.154389068 -0.000002212 0.999998569 0.001675312 -0.270178288 -0.001245695 -0.001675314 0.999997735 8.819618225
0.999998629 0.000018964 0.001617980 0.158852249 -0.000021672 0.999998569 0.001673462 -0.279445231 -0.001617946 -0.001673495 0.999997199 9.159485817
0.999998629 0.000457617 0.001575642 0.164607868 -0.000459647 0.999999046 0.001288289 -0.287205249 -0.001575051 -0.001289011 0.999997854 9.501102448
0.999999166 -0.000242282 0.001253742 0.175413594 0.000240164 0.999998569 0.001689515 -0.300283015 -0.001254150 -0.001689212 0.999997795 9.832802773
0.999998868 0.000276882 0.001423549 0.181834266 -0.000279779 0.999997854 0.002035167 -0.313457906 -0.001422982 -0.002035563 0.999996901 10.178622246
0.999999344 -0.000104458 0.001136073 0.197323605 0.000101967 0.999997675 0.002191877 -0.324670047 -0.001136299 -0.002191759 0.999996960 10.527850151
0.999999285 -0.000118030 0.001171818 0.197497234 0.000115977 0.999998391 0.001751722 -0.327638239 -0.001172023 -0.001751584 0.999997795 10.912143707
0.999998689 0.000197067 0.001615317 0.202214926 -0.000199585 0.999998808 0.001558506 -0.338230282 -0.001615008 -0.001558827 0.999997497 11.285449028
0.999998331 0.000464838 0.001721954 0.216747999 -0.000468625 0.999997437 0.002199919 -0.355408102 -0.001720927 -0.002200723 0.999996126 11.647167206
0.999998868 0.000022110 0.001504152 0.222242683 -0.000025347 0.999997675 0.002151762 -0.367573380 -0.001504100 -0.002151798 0.999996483 12.022167206
0.999998629 -0.000010433 0.001666833 0.230616093 0.000007620 0.999998569 0.001687434 -0.374639392 -0.001666848 -0.001687418 0.999997139 12.412477493
0.999998569 0.000537735 0.001600679 0.242816120 -0.000541229 0.999997437 0.002183231 -0.387146801 -0.001599501 -0.002184093 0.999996305 12.814914703
0.999998748 0.000305966 0.001556646 0.244974822 -0.000309236 0.999997735 0.002100616 -0.397130698 -0.001556000 -0.002101094 0.999996603 13.191975594
0.999998808 -0.000413412 0.001532263 0.256034762 0.000410009 0.999997437 0.002220549 -0.407806575 -0.001533177 -0.002219918 0.999996364 13.605825424
0.999997556 0.000652901 0.002132951 0.261339456 -0.000657392 0.999997556 0.002105438 -0.417304605 -0.002131571 -0.002106835 0.999995589 14.022267342
0.999998271 -0.000259905 0.001852348 0.276650757 0.000256320 0.999998033 0.001935486 -0.426509321 -0.001852848 -0.001935007 0.999996364 14.444375992
0.999997854 -0.000459438 0.002035878 0.287273109 0.000455215 0.999997735 0.002074467 -0.436523259 -0.002036827 -0.002073536 0.999995768 14.874074936
0.999997556 -0.000374442 0.002244966 0.296250999 0.000369842 0.999997854 0.002049302 -0.449121892 -0.002245729 -0.002048467 0.999995351 15.304496765
0.999996841 -0.000438810 0.002510084 0.306640655 0.000433757 0.999997914 0.002013385 -0.462704837 -0.002510962 -0.002012290 0.999994814 15.740949631
0.999995828 -0.000215371 0.002885210 0.314866781 0.000209095 0.999997616 0.002175155 -0.474659592 -0.002885671 -0.002174543 0.999993443 16.183761597
0.999995172 0.000290466 0.003100939 0.323545963 -0.000296879 0.999997854 0.002067753 -0.490140378 -0.003100332 -0.002068663 0.999992967 16.621917725
0.999992609 -0.000359204 0.003812810 0.332683444 0.000350090 0.999997020 0.002390691 -0.502375782 -0.003813658 -0.002389338 0.999989808 17.080127716
0.999993026 0.000349476 0.003716725 0.343724579 -0.000359104 0.999996543 0.002590136 -0.514480054 -0.003715808 -0.002591452 0.999989748 17.540412903
0.999991477 0.000534585 0.004088716 0.351180375 -0.000543959 0.999997199 0.002291753 -0.523034811 -0.004087480 -0.002293958 0.999989092 18.015226364
0.999989450 0.000362265 0.004575275 0.365651578 -0.000372472 0.999997497 0.002230401 -0.534628034 -0.004574456 -0.002232081 0.999987066 18.478309631
0.999990523 0.000493849 0.004325491 0.382841676 -0.000505131 0.999996483 0.002607709 -0.556029558 -0.004324188 -0.002609869 0.999987185 18.933963776
0.999990106 0.000263035 0.004445719 0.398534089 -0.000274257 0.999996781 0.002523873 -0.567340255 -0.004445041 -0.002525068 0.999986947 19.406682968
0.999988973 0.000386133 0.004691440 0.412004471 -0.000400277 0.999995351 0.003014273 -0.581054032 -0.004690254 -0.003016118 0.999984503 19.897430420
0.999992073 -0.000006233 0.003973438 0.421484351 -0.000003473 0.999997020 0.002442771 -0.587928951 -0.003973441 -0.002442766 0.999989152 20.383733749
0.999991477 0.000503647 0.004091239 0.429756582 -0.000513676 0.999996901 0.002450711 -0.597520232 -0.004089991 -0.002452792 0.999988675 20.889854431
0.999993742 0.000288947 0.003520584 0.438573956 -0.000295770 0.999998093 0.001937735 -0.602338135 -0.003520017 -0.001938764 0.999992013 21.404060364
0.999993265 0.000633699 0.003615274 0.446340680 -0.000644674 0.999995232 0.003035406 -0.636792004 -0.003613333 -0.003037716 0.999988914 21.876075745
0.999997735 0.000144291 0.002127129 0.464907289 -0.000150136 0.999996185 0.002748324 -0.641861618 -0.002126725 -0.002748637 0.999993980 22.400672913
0.999998450 0.000338502 0.001753883 0.472119004 -0.000342613 0.999997199 0.002344258 -0.653110147 -0.001753085 -0.002344856 0.999995768 22.931226730
0.999996305 0.001764388 0.002046933 0.479482472 -0.001768524 0.999996364 0.002020874 -0.667378187 -0.002043360 -0.002024487 0.999995887 23.451179504
0.999999464 -0.000940939 0.000400133 0.493052155 0.000939902 0.999996245 0.002584919 -0.687373161 -0.000402563 -0.002584542 0.999996603 23.957727432
1.000000000 -0.000000213 -0.000279624 0.503225684 0.000001081 0.999995172 0.003104293 -0.702500820 0.000279622 -0.003104293 0.999995172 24.490276337
0.999999583 0.000822956 -0.000437355 0.514545679 -0.000821586 0.999994874 0.003124249 -0.713795900 0.000439924 -0.003123888 0.999995053 25.033411026
0.999999583 0.000524494 -0.000734770 0.518124104 -0.000522222 0.999995172 0.003090190 -0.725547075 0.000736387 -0.003089805 0.999994993 25.549377441
0.999998868 0.000801853 -0.001291316 0.527112067 -0.000797876 0.999994993 0.003077667 -0.738351882 0.001293778 -0.003076633 0.999994457 26.089227676
0.999996781 -0.000470761 -0.002501163 0.532623291 0.000480789 0.999991834 0.004010306 -0.765232921 0.002499255 -0.004011496 0.999988794 26.651773453
0.999997020 -0.000097689 -0.002481360 0.539343178 0.000107216 0.999992609 0.003839778 -0.779068887 0.002480967 -0.003840031 0.999989569 27.200256348
0.999995470 0.000183826 -0.003020951 0.553264737 -0.000172583 0.999993026 0.003721625 -0.796354532 0.003021614 -0.003721087 0.999988556 27.735750198
0.999995828 0.000029245 -0.002906865 0.556646883 -0.000016883 0.999990940 0.004252638 -0.813699484 0.002906963 -0.004252570 0.999986768 28.284845352
0.999991357 -0.000146469 -0.004159312 0.567195058 0.000162488 0.999992490 0.003851350 -0.821454942 0.004158718 -0.003851993 0.999983847 28.825159073
0.999988556 -0.000305015 -0.004779449 0.580366850 0.000323634 0.999992371 0.003895188 -0.833623350 0.004778224 -0.003896690 0.999980927 29.377172470
0.999987245 0.000208317 -0.005047693 0.580732524 -0.000189299 0.999992847 0.003767977 -0.843852639 0.005048442 -0.003766974 0.999980092 29.942502975
0.999986827 0.000085135 -0.005122737 0.589001477 -0.000065921 0.999992967 0.003750823 -0.861091673 0.005123020 -0.003750436 0.999979854 30.464994431
0.999985337 0.000580676 -0.005373970 0.597478151 -0.000561882 0.999993682 0.003498054 -0.872334242 0.005375967 -0.003494983 0.999979436 31.010673523
0.999984384 0.000765464 -0.005525561 0.606449366 -0.000744233 0.999992311 0.003843433 -0.891516149 0.005528460 -0.003839262 0.999977350 31.541551590
0.999983311 0.000024904 -0.005782253 0.609980583 -0.000002736 0.999992788 0.003833759 -0.906850696 0.005782306 -0.003833680 0.999975920 32.089035034
0.999981046 -0.000421321 -0.006139860 0.616315007 0.000444139 0.999993145 0.003715453 -0.915591955 0.006138251 -0.003718110 0.999974251 32.640014648
0.999981880 0.000518736 -0.006013973 0.621198773 -0.000497296 0.999993563 0.003566096 -0.930872381 0.006015785 -0.003563041 0.999975562 33.188919067
0.999982059 0.000315874 -0.005984727 0.631823301 -0.000293952 0.999993265 0.003663562 -0.941238761 0.005985844 -0.003661736 0.999975383 33.714683533
0.999976933 0.000231943 -0.006792034 0.635206461 -0.000205041 0.999992192 0.003961253 -0.953912199 0.006792899 -0.003959769 0.999969065 34.239055634
0.999978006 -0.000027353 -0.006629525 0.644331276 0.000051635 0.999993265 0.003662585 -0.964585423 0.006629382 -0.003662847 0.999971271 34.802352905
0.999977171 -0.000143068 -0.006756912 0.658287406 0.000168463 0.999992847 0.003757946 -0.977442265 0.006756328 -0.003758998 0.999970078 35.346328735
0.999976575 0.000436823 -0.006824688 0.657887638 -0.000414649 0.999994516 0.003250004 -0.986809254 0.006826071 -0.003247098 0.999971449 35.886604309
0.999973297 -0.000303393 -0.007298979 0.663361192 0.000330027 0.999993265 0.003648063 -0.998727620 0.007297823 -0.003650375 0.999966681 36.413105011
0.999975145 -0.000316000 -0.007056586 0.675129294 0.000344964 0.999991477 0.004103674 -1.019589901 0.007055230 -0.004106006 0.999966681 36.933704376
0.999965191 -0.000225643 -0.008340230 0.686079264 0.000258680 0.999992132 0.003960341 -1.035752416 0.008339272 -0.003962361 0.999957323 37.526462555
0.999967575 -0.000483918 -0.008043149 0.690863192 0.000515583 0.999992192 0.003935354 -1.048182964 0.008041182 -0.003939374 0.999959886 38.070133209
0.999969542 0.000233022 -0.007795655 0.690345287 -0.000199856 0.999990880 0.004255032 -1.064893246 0.007796576 -0.004253345 0.999960542 38.611770630
0.999968290 0.000629089 -0.007930789 0.690809846 -0.000597208 0.999991834 0.004021665 -1.080419540 0.007933254 -0.004016802 0.999960482 39.150924683
0.999971986 0.000032560 -0.007479917 0.667346776 -0.000003224 0.999992371 0.003922096 -1.076781631 0.007479988 -0.003921962 0.999964297 39.650981903
0.999963343 -0.001277615 -0.008464810 0.695328712 0.001314865 0.999989390 0.004396463 -1.112375975 0.008459103 -0.004407431 0.999954522 40.255039215
0.999959648 -0.001947009 -0.008763807 0.708797932 0.001981200 0.999990404 0.003894362 -1.123828769 0.008756140 -0.003911568 0.999954104 40.796875000
0.999958992 -0.001454743 -0.008938512 0.712317944 0.001494909 0.999988735 0.004488564 -1.133722186 0.008931883 -0.004501741 0.999950051 41.353240967
0.999957621 -0.001264753 -0.009114945 0.707068563 0.001297968 0.999992490 0.003639056 -1.131777763 0.009110275 -0.003650732 0.999951899 41.914058685
0.999962330 -0.000494408 -0.008664905 0.704957843 0.000531144 0.999990880 0.004237757 -1.153396726 0.008662730 -0.004242199 0.999953508 42.421527863
0.999961436 -0.000040544 -0.008790463 0.709711194 0.000077993 0.999990940 0.004259881 -1.162769318 0.008790210 -0.004260402 0.999952316 42.980365753
0.999960363 -0.000809500 -0.008871505 0.719987988 0.000846276 0.999991119 0.004142444 -1.180867553 0.008868073 -0.004149788 0.999952137 43.521900177
0.999952793 -0.001603297 -0.009588523 0.741737008 0.001645189 0.999989152 0.004362660 -1.191558719 0.009581423 -0.004378228 0.999944568 44.058799744
0.999954998 -0.000246571 -0.009483017 0.748263121 0.000286303 0.999991119 0.004188707 -1.210108757 0.009481899 -0.004191233 0.999946296 44.618316650
0.999955535 -0.000982201 -0.009374125 0.739053249 0.001020373 0.999991179 0.004068140 -1.212084413 0.009370046 -0.004077525 0.999947786 45.156768799
0.999951541 -0.001728724 -0.009693991 0.750362396 0.001767468 0.999990404 0.003989587 -1.225473404 0.009687002 -0.004006528 0.999945045 45.701683044
0.999948204 -0.002753894 -0.009801095 0.761675239 0.002788106 0.999989986 0.003478748 -1.234100938 0.009791417 -0.003505895 0.999945879 46.239959717
0.999946356 -0.002201333 -0.010121779 0.770147026 0.002243831 0.999988735 0.004189162 -1.257501960 0.010112444 -0.004211649 0.999939978 46.804157257
0.999954760 -0.001880608 -0.009316138 0.747671068 0.001924849 0.999986887 0.004742117 -1.267843485 0.009307099 -0.004759836 0.999945283 47.313888550
0.999955416 -0.000597189 -0.009427479 0.754392982 0.000639140 0.999989927 0.004447556 -1.281220317 0.009424728 -0.004453383 0.999945641 47.868160248
0.999959290 -0.000799880 -0.008980752 0.753892601 0.000837159 0.999991000 0.004148030 -1.287469029 0.008977355 -0.004155379 0.999951065 48.410614014
0.999959409 -0.000566985 -0.008988674 0.751996875 0.000604774 0.999991059 0.004202078 -1.305230379 0.008986211 -0.004207343 0.999950767 48.957473755
0.999953330 -0.002037575 -0.009445386 0.771244884 0.002083056 0.999986291 0.004807879 -1.322144270 0.009435460 -0.004827329 0.999943852 49.488769531
0.999956429 -0.001845720 -0.009153122 0.774250507 0.001890687 0.999986231 0.004906559 -1.334501863 0.009143939 -0.004923651 0.999946058 50.041133881
0.999956131 -0.001754515 -0.009208220 0.771858871 0.001798608 0.999987006 0.004782434 -1.346542478 0.009199709 -0.004798785 0.999946237 50.576370239
0.999962568 -0.002061400 -0.008402322 0.771883249 0.002104085 0.999984980 0.005074573 -1.367864251 0.008391735 -0.005092062 0.999951839 51.133926392
0.999949038 -0.002885476 -0.009673169 0.785561085 0.002939210 0.999980271 0.005545294 -1.376184821 0.009656977 -0.005573442 0.999937832 51.649124146
0.999952614 -0.002434171 -0.009427342 0.792080522 0.002473706 0.999988317 0.004184303 -1.387114525 0.009417045 -0.004207426 0.999946833 52.204471588
0.999952734 -0.002834086 -0.009302056 0.801399469 0.002872511 0.999987364 0.004120064 -1.397406101 0.009290262 -0.004146589 0.999948263 52.748790741
0.999956191 -0.002060415 -0.009137957 0.798137367 0.002097241 0.999989748 0.004022307 -1.408761621 0.009129576 -0.004041295 0.999950171 53.297428131
0.999962270 -0.001454248 -0.008569790 0.797608912 0.001491421 0.999989569 0.004332908 -1.432857394 0.008563399 -0.004345526 0.999953926 53.822639465
0.999956250 -0.001993485 -0.009140033 0.800839067 0.002036901 0.999986649 0.004743270 -1.450671554 0.009130456 -0.004761679 0.999946952 54.371978760
0.999961138 -0.001929081 -0.008604984 0.801007807 0.001967449 0.999988139 0.004452575 -1.460978985 0.008596293 -0.004469332 0.999953032 54.927665710
0.999962211 -0.001672228 -0.008535950 0.804692328 0.001713865 0.999986589 0.004872842 -1.476058245 0.008527689 -0.004887288 0.999951661 55.465728760
0.999960303 -0.002220414 -0.008634328 0.812328935 0.002263441 0.999985039 0.004976716 -1.486453533 0.008623150 -0.004996062 0.999950290 56.023521423
0.999958515 -0.002044977 -0.008866888 0.816340506 0.002081380 0.999989450 0.004098263 -1.492578745 0.008858413 -0.004116549 0.999952316 56.532180786
0.999954045 -0.001787290 -0.009409506 0.829491377 0.001829664 0.999988317 0.004496704 -1.508301139 0.009401357 -0.004513714 0.999945700 57.077880859
0.999949992 -0.002776749 -0.009607769 0.839668870 0.002822488 0.999984741 0.004750350 -1.524872065 0.009594433 -0.004777229 0.999942601 57.631202698
0.999955118 -0.001896041 -0.009283406 0.841142774 0.001934435 0.999989629 0.004128567 -1.529920340 0.009275479 -0.004146340 0.999948382 58.129749298
0.999956191 -0.002329017 -0.009070276 0.845451713 0.002364986 0.999989390 0.003956850 -1.536876202 0.009060964 -0.003978128 0.999951005 58.680526733
0.999959469 -0.002083022 -0.008763023 0.846790254 0.002118054 0.999989867 0.003990286 -1.552645206 0.008754621 -0.004008685 0.999953628 59.219043732
0.999956608 -0.002181723 -0.009055897 0.859689653 0.002217754 0.999989688 0.003970657 -1.567625403 0.009047139 -0.003990569 0.999951065 59.753570557
0.999953687 -0.001916671 -0.009431177 0.860366404 0.001956526 0.999989212 0.004218419 -1.583941936 0.009422990 -0.004236676 0.999946654 60.269050598
0.999957025 -0.001798275 -0.009095886 0.866761982 0.001836274 0.999989569 0.004170976 -1.599261880 0.009088290 -0.004187500 0.999949932 60.807571411
0.999953330 -0.002253288 -0.009390020 0.883051455 0.002291184 0.999989271 0.004026887 -1.613537192 0.009380844 -0.004048213 0.999947846 61.352611542
0.999951243 -0.002148809 -0.009634670 0.877983451 0.002184361 0.999990821 0.003681008 -1.614649057 0.009626672 -0.003701875 0.999946773 61.879966736
0.999957383 -0.001547051 -0.009111582 0.880075157 0.001585445 0.999989927 0.004207990 -1.633964181 0.009104980 -0.004222256 0.999949634 62.422218323
0.999964297 -0.001392083 -0.008330466 0.874755204 0.001425852 0.999990761 0.004049060 -1.640399694 0.008324753 -0.004060794 0.999957085 62.962131500
0.999957144 -0.001537302 -0.009130864 0.886083126 0.001572129 0.999991536 0.003808244 -1.658383608 0.009124934 -0.003822436 0.999951005 63.491428375
0.999955595 -0.002012459 -0.009207176 0.892648578 0.002042938 0.999992490 0.003302128 -1.661942363 0.009200463 -0.003320791 0.999952137 64.053771973
0.999956667 -0.001681869 -0.009155499 0.899185956 0.001712547 0.999992967 0.003343849 -1.665796995 0.009149810 -0.003359384 0.999952495 64.575584412
0.999962568 -0.001565013 -0.008503444 0.888545394 0.001599497 0.999990523 0.004050145 -1.701579690 0.008497023 -0.004063596 0.999955654 65.103538513
0.999966860 -0.000137508 -0.008146282 0.889618933 0.000169113 0.999992490 0.003879224 -1.711732745 0.008145687 -0.003880473 0.999959350 65.661911011
0.999965549 -0.000782191 -0.008274822 0.901476741 0.000814643 0.999992013 0.003919152 -1.721473455 0.008271690 -0.003925757 0.999958158 66.196197510
0.999955177 -0.001557913 -0.009337254 0.928124666 0.001595620 0.999990582 0.004032289 -1.746501088 0.009330885 -0.004047007 0.999948263 66.729919434
0.999957204 -0.001588086 -0.009114865 0.930973172 0.001627463 0.999989331 0.004314213 -1.758020520 0.009107918 -0.004328863 0.999949157 67.279640198
0.999962389 -0.000993001 -0.008610564 0.929767966 0.001028261 0.999991059 0.004091534 -1.774448633 0.008606424 -0.004100234 0.999954581 67.822250366
0.999958813 -0.000919935 -0.009024409 0.939338565 0.000959780 0.999989808 0.004411961 -1.791597366 0.009020258 -0.004420442 0.999949515 68.317611694
0.999958038 -0.001649013 -0.009012667 0.947531641 0.001684726 0.999990761 0.003956376 -1.799826384 0.009006059 -0.003971394 0.999951601 68.862831116
0.999956310 -0.001094553 -0.009278717 0.971955717 0.001134360 0.999990165 0.004286041 -1.809267759 0.009273935 -0.004296379 0.999947727 69.421028137
0.999957681 -0.001530071 -0.009070842 0.951870561 0.001568508 0.999989748 0.004231815 -1.828023434 0.009064276 -0.004245864 0.999949932 69.916351318
0.999957025 -0.001137809 -0.009202116 0.955990255 0.001171597 0.999992490 0.003667213 -1.836302400 0.009197875 -0.003677837 0.999950945 70.469062805
0.999960065 -0.001209205 -0.008850861 0.960462868 0.001247591 0.999989808 0.004332688 -1.857684374 0.008845531 -0.004343557 0.999951482 70.997207642
0.999950707 -0.001345670 -0.009834124 0.980003476 0.001388909 0.999989390 0.004391329 -1.872906923 0.009828111 -0.004404771 0.999942124 71.532409668
0.999960482 0.000017167 -0.008891980 0.965525925 0.000018869 0.999991715 0.004052472 -1.880476952 0.008891977 -0.004052479 0.999952197 72.034385681
0.999957681 -0.001260415 -0.009106584 0.974492610 0.001297433 0.999990880 0.004060208 -1.898307681 0.009101383 -0.004071852 0.999950230 72.568206787
0.999953032 -0.001825833 -0.009521177 0.983043075 0.001865158 0.999989688 0.004123043 -1.912463903 0.009513551 -0.004140608 0.999946177 73.106895447
0.999958634 -0.000970363 -0.009044342 0.976267695 0.001010467 0.999989688 0.004430631 -1.920949340 0.009039949 -0.004439586 0.999949276 73.605812073
0.999949455 -0.002391508 -0.009768818 0.996891141 0.002429385 0.999989629 0.003867358 -1.928853512 0.009759466 -0.003890895 0.999944806 74.139472961
0.999965847 -0.000255639 -0.008268064 0.986668825 0.000294105 0.999989212 0.004651533 -1.953564525 0.008266785 -0.004653805 0.999954998 74.678565979
0.999957383 -0.001308508 -0.009139539 1.002015352 0.001354414 0.999986470 0.005018455 -1.972355127 0.009132851 -0.005030620 0.999945641 75.181701660
0.999954283 -0.001645523 -0.009418806 1.009088755 0.001684247 0.999990165 0.004104854 -1.976665735 0.009411961 -0.004120529 0.999947190 75.735366821
0.999951959 -0.001746476 -0.009647422 1.022222996 0.001792538 0.999987006 0.004767928 -2.000550032 0.009638970 -0.004784993 0.999942064 76.265510559
0.999962568 -0.000354207 -0.008645821 1.007161975 0.000398324 0.999986887 0.005101553 -2.013586283 0.008643900 -0.005104806 0.999949574 76.797660828
0.999957800 -0.001396540 -0.009081367 1.016822815 0.001445769 0.999984205 0.005416588 -2.028162479 0.009073661 -0.005429489 0.999944091 77.329185486
0.999957085 -0.000929041 -0.009223637 1.033319592 0.000984519 0.999981463 0.006012051 -2.053745747 0.009217881 -0.006020874 0.999939382 77.866096497
0.999957800 -0.001226734 -0.009104746 1.038202286 0.001276159 0.999984384 0.005424729 -2.055498838 0.009097951 -0.005436118 0.999943852 78.394760132
0.999962866 0.000196802 -0.008616193 1.033203363 -0.000147601 0.999983549 0.005710545 -2.071148634 0.008617177 -0.005709062 0.999946594 78.944389343
0.999964237 -0.000600378 -0.008439353 1.038927555 0.000645289 0.999985635 0.005319947 -2.080192566 0.008436037 -0.005325202 0.999950230 79.496620178
0.999970198 -0.000779561 -0.007684184 1.049552917 0.000821139 0.999985039 0.005409156 -2.090594530 0.007679854 -0.005415304 0.999955773 80.001396179
0.999978006 0.000170295 -0.006628213 1.058886647 -0.000135364 0.999986172 0.005270181 -2.105851412 0.006629020 -0.005269168 0.999964118 80.540939331
0.999988079 -0.000740175 -0.004840516 1.050506592 0.000766075 0.999985397 0.005350986 -2.116019487 0.004836484 -0.005354630 0.999973953 81.037361145
0.999990582 -0.000447361 -0.004311532 1.080315590 0.000470090 0.999985993 0.005271957 -2.123448133 0.004309113 -0.005273934 0.999976754 81.595138550
0.999999762 -0.000333823 -0.000611297 1.093095064 0.000336663 0.999989152 0.004650551 -2.129976511 0.000609737 -0.004650756 0.999989033 82.149894714
0.999995947 -0.000394219 0.002798394 1.107079029 0.000379941 0.999986887 0.005101044 -2.148184299 -0.002800368 -0.005099960 0.999983072 82.660972595
0.999980330 -0.000593997 0.006240672 1.118943810 0.000564632 0.999988794 0.004706019 -2.160173655 -0.006243397 -0.004702402 0.999969423 83.211166382
0.999943733 -0.000463125 0.010596475 1.145600080 0.000414647 0.999989450 0.004576649 -2.178997755 -0.010598484 -0.004571998 0.999933422 83.741897583
0.999869525 -0.001414886 0.016091652 1.173730373 0.001332816 0.999986053 0.005109729 -2.183737516 -0.016098654 -0.005087615 0.999857485 84.234542847
0.999764621 -0.001214020 0.021665929 1.199809074 0.001097282 0.999984860 0.005399170 -2.202281713 -0.021672156 -0.005374126 0.999750733 84.786575317
0.999629557 -0.001292054 0.027185485 1.235417366 0.001140122 0.999983668 0.005603471 -2.217551231 -0.027192276 -0.005570401 0.999614775 85.315986633
0.999381840 -0.001469767 0.035125539 1.287732720 0.001270696 0.999982953 0.005689084 -2.229203224 -0.035133306 -0.005640933 0.999366701 85.842239380
0.999034226 -0.000861466 0.043928582 1.297516584 0.000633906 0.999986291 0.005193878 -2.238033056 -0.043932453 -0.005161016 0.999021173 86.389694214
0.998694479 -0.000397811 0.051079348 1.340286016 0.000142227 0.999987483 0.005007208 -2.252172470 -0.051080704 -0.004993407 0.998681962 86.932662964
0.998241782 -0.001709853 0.059248719 1.391529799 0.001436058 0.999988139 0.004663387 -2.247335434 -0.059255995 -0.004570104 0.998232305 87.489418030
0.997557580 -0.002343531 0.069809482 1.441231251 0.002044685 0.999988437 0.004352025 -2.255506039 -0.069818884 -0.004198658 0.997550845 88.022239685
0.996893287 -0.001477725 0.078750089 1.489750862 0.001083993 0.999986708 0.005042279 -2.279572487 -0.078756489 -0.004941250 0.996881664 88.543449402
0.996243894 -0.001880186 0.086570621 1.556881905 0.001446574 0.999986172 0.005071224 -2.295202255 -0.086578943 -0.004926946 0.996232808 89.091087341
0.995260417 -0.002390208 0.097216263 1.632960320 0.001887591 0.999984384 0.005261734 -2.306962729 -0.097227328 -0.005053292 0.995249391 89.621841431
0.994139731 -0.001866476 0.108086497 1.704155922 0.001308963 0.999985456 0.005228742 -2.319981098 -0.108094692 -0.005056619 0.994127750 90.189071655
0.993110538 -0.002150752 0.117161743 1.785698891 0.001593355 0.999986947 0.004850960 -2.329785109 -0.117170654 -0.004630860 0.993101001 90.733612061
0.991619945 -0.001640440 0.129179388 1.867233276 0.000957460 0.999985158 0.005348987 -2.344156504 -0.129186273 -0.005180477 0.991606832 91.269493103
0.990098894 -0.002755453 0.140344650 1.968740463 0.002070605 0.999985337 0.005025546 -2.351040125 -0.140356451 -0.004685189 0.990090072 91.776344299
0.988530517 -0.002800103 0.150995687 2.072900772 0.002004382 0.999983251 0.005421768 -2.365649462 -0.151008338 -0.005056930 0.988519609 92.324195862
0.986903727 -0.003582158 0.161270171 2.181940079 0.002713430 0.999980628 0.005606698 -2.379252434 -0.161287144 -0.005095677 0.986894310 92.843215942
0.984604299 -0.003175609 0.174769163 2.277745247 0.002217924 0.999981463 0.005674752 -2.389984369 -0.174783945 -0.005199760 0.984593093 93.361427307
0.982306898 -0.003348840 0.187248081 2.403182030 0.002288943 0.999980211 0.005876314 -2.403065205 -0.187264025 -0.005343744 0.982295156 93.894897461
0.980219722 -0.002909539 0.197891027 2.525853157 0.001785409 0.999981284 0.005858734 -2.414861679 -0.197904348 -0.005389530 0.980206609 94.414001465
0.977558374 -0.003478148 0.210636005 2.663518906 0.002339031 0.999981225 0.005656885 -2.423220158 -0.210651726 -0.005037251 0.977548182 94.963417053
0.974557221 -0.003423769 0.224112853 2.812015533 0.002216880 0.999981701 0.005636580 -2.432672262 -0.224128053 -0.004996339 0.974546850 95.490882874
0.972036541 -0.003939810 0.234796748 2.958633423 0.002553811 0.999977529 0.006206746 -2.457653046 -0.234815896 -0.005433558 0.972024679 95.976387024
0.969054341 -0.004817325 0.246800497 3.101861954 0.003409560 0.999975383 0.006131098 -2.464221239 -0.246823922 -0.005099887 0.969046831 96.515571594
0.965514839 -0.003818012 0.260320097 3.267614365 0.002185113 0.999976099 0.006561768 -2.477229595 -0.260338902 -0.005766655 0.965499997 97.038055420
0.961931705 -0.004160050 0.273258448 3.430555344 0.002464201 0.999975502 0.006548947 -2.485424995 -0.273279011 -0.005626276 0.961918294 97.571937561
0.958536565 -0.004766374 0.284929663 3.585327148 0.003035232 0.999974132 0.006516944 -2.499687433 -0.284953386 -0.005381901 0.958526254 98.065750122
0.954338670 -0.005094055 0.298683494 3.765476227 0.003328755 0.999973774 0.006418709 -2.508507490 -0.298708379 -0.005131378 0.954330683 98.582771301
0.950166345 -0.005752427 0.311690152 3.973806381 0.003876359 0.999970436 0.006638230 -2.524892807 -0.311719179 -0.005099199 0.950160563 99.092880249
0.946090400 -0.005116678 0.323861986 4.140573502 0.003100847 0.999972463 0.006740083 -2.524045706 -0.323887587 -0.005372481 0.946080267 99.584945679
0.941528678 -0.005809266 0.336883128 4.345916748 0.003762920 0.999970317 0.006726953 -2.537241459 -0.336912245 -0.005065953 0.941522419 100.117652893
0.936441123 -0.006817396 0.350758821 4.562057495 0.004837824 0.999967098 0.006519678 -2.546852589 -0.350791782 -0.004408384 0.936443090 100.620056152
0.931969225 -0.007112002 0.362467766 4.779985428 0.004762775 0.999961495 0.007374363 -2.566701889 -0.362506241 -0.005146326 0.931967139 101.112579346
0.927148581 -0.007317218 0.374622464 4.998170853 0.005025173 0.999962211 0.007094766 -2.577815294 -0.374660254 -0.004695360 0.927150190 101.595779419
0.921216071 -0.006923608 0.388989657 5.209598541 0.004567517 0.999965310 0.006981409 -2.585823536 -0.389024466 -0.004654670 0.921215653 102.087959290
0.915467680 -0.008182796 0.402308255 5.449123383 0.006013680 0.999959826 0.006654440 -2.592308283 -0.402346522 -0.003672572 0.915480077 102.574966431
0.910751402 -0.008487111 0.412867844 5.696002960 0.006115098 0.999956310 0.007066200 -2.610873699 -0.412909806 -0.003910825 0.910763502 103.048896790
0.904310226 -0.008865972 0.426783711 5.957866669 0.006525886 0.999954581 0.006945307 -2.627726793 -0.426825911 -0.003495570 0.904327095 103.567527771
0.897773623 -0.008095604 0.440382689 6.202072144 0.005442251 0.999958634 0.007287661 -2.623284340 -0.440423518 -0.004145996 0.897780597 104.049926758
0.892085433 -0.008960536 0.451777846 6.474529266 0.006366996 0.999953330 0.007260681 -2.638350487 -0.451821834 -0.003600680 0.892100930 104.522262573
0.886503577 -0.009588080 0.462622255 6.743640900 0.006872707 0.999947786 0.007554546 -2.647962570 -0.462670535 -0.003517666 0.886523306 104.979354858
0.879024506 -0.009024461 0.476691127 7.002452850 0.006100374 0.999951839 0.007681387 -2.654991150 -0.476737559 -0.003844133 0.879037261 105.476242065
0.872420073 -0.009612473 0.488662213 7.296890259 0.006758549 0.999948263 0.007603781 -2.664692402 -0.488710016 -0.003331044 0.872439981 105.938751221
0.866455555 -0.010022736 0.499153584 7.583881378 0.007232300 0.999945581 0.007524183 -2.674062967 -0.499201804 -0.002909343 0.866480887 106.392784119
