1.000000000 0.000000000 0.000000000 0.000000000 0.000000000 1.000000000 0.000000000 0.000000000 0.000000000 0.000000000 1.000000000 0.000000000
0.999999940 -0.000352368 0.000020923 0.000507131 0.000352369 0.999999940 -0.000017059 0.000493266 -0.000020917 0.000017067 1.000000000 0.000948717
1.000000000 -0.000191162 0.000093122 -0.000478958 0.000191149 1.000000000 0.000146245 -0.000286867 -0.000093150 -0.000146227 1.000000000 0.000903738
1.000000000 0.000097289 0.000029554 0.000334854 -0.000097293 1.000000000 0.000115463 -0.000319955 -0.000029542 -0.000115465 1.000000000 0.000040639
1.000000000 0.000059194 0.000058074 -0.000155225 -0.000059193 1.000000000 -0.000013129 0.000686233 -0.000058075 0.000013125 1.000000000 -0.000044880
0.999999940 -0.000297604 0.000078386 -0.000067982 0.000297610 0.999999940 -0.000074122 0.000882824 -0.000078364 0.000074145 1.000000000 -0.000985325
0.999999881 -0.000415438 0.000120769 0.000146791 0.000415440 0.999999940 -0.000022868 0.000276593 -0.000120760 0.000022918 1.000000000 -0.001277671
0.999999940 -0.000308329 0.000143316 -0.000318238 0.000308329 0.999999940 -0.000001086 0.001656657 -0.000143316 0.000001130 1.000000000 0.003424806
1.000000000 -0.000154034 0.000169481 -0.001058748 0.000154025 1.000000000 0.000052987 0.001176481 -0.000169489 -0.000052961 1.000000000 0.002924455
1.000000000 0.000010182 0.000145398 -0.000687086 -0.000010164 1.000000000 -0.000124113 0.001001226 -0.000145399 0.000124111 1.000000000 -0.000474844
1.000000000 -0.000087397 0.000112656 0.000603886 0.000087398 1.000000000 -0.000009196 0.000963882 -0.000112655 0.000009206 1.000000000 0.000788369
1.000000000 -0.000003779 0.000005391 0.000308875 0.000003779 1.000000000 0.000015907 -0.000791005 -0.000005391 -0.000015907 1.000000000 -0.002202310
1.000000000 -0.000109585 0.000074487 0.000384398 0.000109590 1.000000000 -0.000061581 0.001147216 -0.000074480 0.000061589 1.000000000 0.000587931
0.999999940 -0.000254882 0.000100139 -0.001063624 0.000254879 0.999999940 0.000025905 0.001056805 -0.000100146 -0.000025880 1.000000000 0.000324902
1.000000000 0.000006470 0.000155776 -0.000496950 -0.000006456 1.000000000 -0.000086676 0.001125814 -0.000155776 0.000086675 1.000000000 0.000203685
1.000000000 -0.000202562 -0.000082247 0.001083121 0.000202572 1.000000000 0.000114731 0.000057376 0.000082224 -0.000114748 1.000000000 -0.000260211
0.999999881 -0.000458209 -0.000022331 0.000357026 0.000458213 0.999999881 0.000189979 -0.000250206 0.000022243 -0.000189990 1.000000000 -0.000760571
0.999999940 -0.000328782 0.000101138 -0.000644206 0.000328776 0.999999940 0.000056784 0.000630776 -0.000101157 -0.000056751 1.000000000 0.000657511
1.000000000 -0.000126454 0.000107279 -0.000829113 0.000126450 1.000000000 0.000037235 0.000337574 -0.000107284 -0.000037221 1.000000000 -0.000243150
0.999999940 0.000244266 -0.000038271 -0.000073259 -0.000244263 0.999999940 0.000073099 0.000372309 0.000038289 -0.000073089 1.000000000 -0.000757802
1.000000000 -0.000183041 -0.000017681 -0.000013912 0.000183044 1.000000000 0.000152464 0.000168944 0.000017653 -0.000152467 1.000000000 -0.001247575
0.999999940 0.000200581 0.000186042 -0.002315930 -0.000200611 0.999999940 0.000157897 0.000061503 -0.000186010 -0.000157935 1.000000000 0.000188463
1.000000000 -0.000184767 0.000073117 -0.000949858 0.000184756 1.000000000 0.000155049 -0.000321131 -0.000073146 -0.000155035 1.000000000 -0.000470385
1.000000000 -0.000162547 0.000070823 0.000592554 0.000162540 1.000000000 0.000098122 -0.000333183 -0.000070839 -0.000098110 1.000000000 0.000099880
0.999999940 0.000207714 0.000129045 -0.000969925 -0.000207719 1.000000000 0.000038116 0.000356610 -0.000129037 -0.000038142 1.000000000 -0.000434069
1.000000000 -0.000120233 0.000071088 0.000094507 0.000120227 1.000000000 0.000088077 0.001416629 -0.000071099 -0.000088069 1.000000000 0.000759823
1.000000000 -0.000129545 0.000025985 -0.000147049 0.000129543 1.000000000 0.000065417 -0.000209178 -0.000025994 -0.000065414 1.000000000 -0.001905591
1.000000000 -0.000159187 0.000017264 -0.000198374 0.000159184 1.000000000 0.000183634 -0.000856294 -0.000017293 -0.000183631 1.000000000 -0.001999653
0.999999940 0.000275997 0.000159556 -0.001287638 -0.000276022 0.999999940 0.000161647 0.000206007 -0.000159512 -0.000161691 1.000000000 -0.000278335
1.000000000 0.000110448 0.000086059 -0.000425306 -0.000110472 0.999999940 0.000280406 -0.000640343 -0.000086028 -0.000280415 0.999999940 -0.000606175
1.000000000 -0.000196758 0.000104646 -0.000373301 0.000196745 1.000000000 0.000119087 -0.000181228 -0.000104669 -0.000119066 1.000000000 -0.001121289
1.000000000 -0.000179559 0.000049406 -0.000182279 0.000179549 0.999999940 0.000204137 -0.000203451 -0.000049442 -0.000204128 1.000000000 0.000264718
1.000000000 0.000089113 0.000079123 -0.000469727 -0.000089133 0.999999940 0.000245598 -0.001842319 -0.000079101 -0.000245605 0.999999940 -0.002915416
1.000000000 0.000119673 0.000165034 -0.000857062 -0.000119677 1.000000000 0.000023848 0.000312189 -0.000165031 -0.000023868 1.000000000 -0.000664852
1.000000000 -0.000052716 0.000089278 0.000390520 0.000052709 1.000000000 0.000077633 -0.000025740 -0.000089282 -0.000077628 1.000000000 -0.000673702
1.000000000 0.000155016 0.000112449 -0.000374985 -0.000155029 1.000000000 0.000115918 0.000091018 -0.000112431 -0.000115935 1.000000000 0.000034979
1.000000000 -0.000077481 0.000114705 0.000317480 0.000077479 1.000000000 0.000012237 0.001894344 -0.000114706 -0.000012228 1.000000000 0.000291631
1.000000000 -0.000149132 0.000124312 -0.000784946 0.000149104 0.999999940 0.000227560 0.000163059 -0.000124346 -0.000227542 0.999999940 0.002131093
1.000000000 -0.000061843 0.000091910 -0.000076256 0.000061834 1.000000000 0.000096682 -0.000412457 -0.000091916 -0.000096677 1.000000000 -0.001292974
1.000000000 0.000045554 0.000156805 -0.000689692 -0.000045559 1.000000000 0.000033932 0.000646791 -0.000156803 -0.000033939 1.000000000 -0.000437347
0.999999940 -0.000063340 0.000316854 -0.001193992 0.000063386 1.000000000 -0.000146026 0.001193182 -0.000316844 0.000146046 0.999999940 0.001570866
1.000000000 -0.000057278 0.000141273 0.001032399 0.000057351 0.999999881 -0.000520015 -0.003029763 -0.000141244 0.000520023 0.999999881 0.049250279
0.999999881 0.000194702 -0.000461933 0.005363610 -0.000195177 0.999999464 -0.001029953 -0.003777892 0.000461733 0.001030043 0.999999344 0.139145777
0.999999642 0.000503314 -0.000710595 0.008512060 -0.000504284 0.999998987 -0.001364198 -0.005847552 0.000709908 0.001364556 0.999998808 0.254552871
0.999999821 0.000221879 -0.000601925 0.011343395 -0.000222611 0.999999225 -0.001216040 -0.011990171 0.000601655 0.001216174 0.999999106 0.378746659
0.999999881 0.000264509 -0.000373248 0.012089388 -0.000265011 0.999999046 -0.001344366 -0.014382132 0.000372892 0.001344465 0.999999046 0.518552184
0.999999821 0.000519132 -0.000399758 0.015042976 -0.000519704 0.999998927 -0.001432099 -0.019766077 0.000399014 0.001432307 0.999998927 0.670568883
0.999999821 -0.000111859 -0.000599202 0.019290160 0.000111381 0.999999642 -0.000798625 -0.023928218 0.000599292 0.000798558 0.999999523 0.834622204
0.999999702 -0.000256939 -0.000770508 0.025155412 0.000256369 0.999999702 -0.000739771 -0.027955726 0.000770698 0.000739574 0.999999464 1.003950357
0.999999881 -0.000211820 -0.000384410 0.025060605 0.000211615 0.999999881 -0.000533184 -0.034422103 0.000384523 0.000533102 0.999999881 1.182097673
0.999999583 -0.000765962 -0.000541275 0.030098625 0.000765808 0.999999702 -0.000284130 -0.039997451 0.000541493 0.000283716 0.999999821 1.363742828
0.999999762 -0.000053079 -0.000578468 0.038679909 0.000052774 0.999999940 -0.000527857 -0.043964066 0.000578496 0.000527827 0.999999762 1.560865402
0.999999762 0.000207278 -0.000663624 0.036520761 -0.000207467 0.999999940 -0.000284622 -0.050389696 0.000663565 0.000284760 0.999999762 1.757235646
0.999999583 0.000478177 -0.000843403 0.039604142 -0.000478242 0.999999940 -0.000076878 -0.057400204 0.000843366 0.000077281 0.999999702 1.958650827
0.999999821 -0.000249931 -0.000535926 0.044316377 0.000250007 0.999999940 0.000142724 -0.062203828 0.000535890 -0.000142858 0.999999821 2.170957565
0.999999821 0.000318344 -0.000454768 0.045802861 -0.000318265 0.999999940 0.000173752 -0.072351605 0.000454824 -0.000173607 0.999999881 2.383510590
0.999999940 0.000340674 -0.000230659 0.051362060 -0.000340699 1.000000000 -0.000107203 -0.077945761 0.000230623 0.000107281 0.999999940 2.602212429
0.999999940 0.000123316 -0.000276622 0.053945035 -0.000123184 0.999999881 0.000475995 -0.086163253 0.000276681 -0.000475961 0.999999821 2.838103294
0.999999583 0.000835450 -0.000206259 0.059164751 -0.000835497 0.999999642 -0.000228807 -0.087058328 0.000206067 0.000228979 1.000000000 3.078032732
0.999999404 0.000746445 -0.000773060 0.066320702 -0.000746170 0.999999642 0.000355803 -0.104563810 0.000773326 -0.000355226 0.999999642 3.298539639
0.999999583 0.000314506 -0.000848397 0.074106440 -0.000313743 0.999999583 0.000898671 -0.113526203 0.000848680 -0.000898404 0.999999285 3.550420761
0.999999464 0.000783725 -0.000616236 0.075308621 -0.000783526 0.999999642 0.000323574 -0.115071476 0.000616489 -0.000323091 0.999999762 3.810775280
0.999999821 0.000243468 -0.000448167 0.081791684 -0.000243199 0.999999762 0.000599856 -0.122107975 0.000448313 -0.000599747 0.999999762 4.067301273
0.999999225 0.000252704 -0.001166157 0.089321829 -0.000251634 0.999999523 0.000917742 -0.135837480 0.001166389 -0.000917448 0.999998868 4.316272259
0.999998748 -0.000314076 -0.001525608 0.098694101 0.000314763 0.999999821 0.000450152 -0.138495058 0.001525466 -0.000450632 0.999998689 4.576223373
0.999998510 -0.000896619 -0.001485298 0.107675165 0.000898313 0.999999046 0.001140194 -0.150907487 0.001484274 -0.001141527 0.999998271 4.834102154
0.999999106 -0.000689219 -0.001218979 0.110843077 0.000690608 0.999999225 0.001138935 -0.156324372 0.001218193 -0.001139776 0.999998629 5.097082615
0.999999642 -0.000084965 -0.000875616 0.102989167 0.000085670 0.999999702 0.000805131 -0.165820584 0.000875547 -0.000805205 0.999999285 5.351038933
0.999999702 -0.000086562 -0.000811255 0.106110215 0.000087141 0.999999762 0.000713613 -0.170287982 0.000811193 -0.000713684 0.999999404 5.615003586
0.999999583 -0.000332598 -0.000956013 0.113457985 0.000333495 0.999999583 0.000938933 -0.180708691 0.000955700 -0.000939251 0.999999106 5.887777328
0.999999583 -0.000352693 -0.000899548 0.125893414 0.000353558 0.999999583 0.000961259 -0.191575453 0.000899209 -0.000961576 0.999999106 6.155212402
0.999999821 -0.000135610 -0.000679226 0.122076683 0.000136040 0.999999762 0.000632771 -0.195702836 0.000679140 -0.000632863 0.999999523 6.445821285
0.999999821 0.000105409 -0.000585174 0.130512074 -0.000104535 0.999998868 0.001493495 -0.218780816 0.000585331 -0.001493433 0.999998689 6.704720020
0.999999583 0.000836042 -0.000363712 0.132892728 -0.000835328 0.999997735 0.001958810 -0.231709495 0.000365349 -0.001958505 0.999998033 6.995158672
0.999999464 -0.000459025 -0.000937564 0.146932140 0.000460561 0.999998569 0.001639557 -0.233460888 0.000936810 -0.001639988 0.999998212 7.316206932
0.999999642 -0.000386931 -0.000761330 0.152818203 0.000388135 0.999998748 0.001582863 -0.241988838 0.000760717 -0.001583158 0.999998450 7.625523567
0.999999464 -0.000593193 -0.000812247 0.161466628 0.000594712 0.999998093 0.001870547 -0.255145818 0.000811136 -0.001871029 0.999997973 7.940351486
0.999999940 -0.000288336 -0.000087107 0.154840678 0.000288509 0.999997914 0.001990184 -0.263705730 0.000086533 -0.001990209 0.999997973 8.254455566
0.999999881 -0.000305009 -0.000079633 0.161862999 0.000305173 0.999997795 0.002071479 -0.273293614 0.000079001 -0.002071504 0.999997795 8.571359634
0.999999940 -0.000329806 0.000197184 0.166021332 0.000329368 0.999997497 0.002216412 -0.282199860 -0.000197915 -0.002216348 0.999997437 8.908036232
0.999999583 -0.000826515 0.000161818 0.170555085 0.000826143 0.999996960 0.002285094 -0.293011039 -0.000163706 -0.002284959 0.999997377 9.239285469
1.000000000 -0.000226184 0.000088297 0.178513929 0.000225983 0.999997377 0.002268691 -0.299600095 -0.000088810 -0.002268671 0.999997437 9.584685326
1.000000000 -0.000054233 -0.000101174 0.185645238 0.000054439 0.999997914 0.002033831 -0.305672348 0.000101063 -0.002033836 0.999997914 9.931745529
0.999999881 -0.000457669 -0.000121531 0.192355782 0.000457907 0.999997973 0.001964704 -0.316632599 0.000120631 -0.001964760 0.999998033 10.287159920
1.000000000 -0.000280603 0.000150899 0.195104182 0.000280325 0.999998271 0.001844961 -0.327842504 -0.000151417 -0.001844919 0.999998331 10.644439697
0.999999940 0.000038814 0.000287266 0.203960001 -0.000039448 0.999997616 0.002208603 -0.339918017 -0.000287179 -0.002208614 0.999997497 11.004694939
0.999999762 0.000176469 0.000557610 0.211012140 -0.000177843 0.999996960 0.002465436 -0.353237092 -0.000557173 -0.002465535 0.999996722 11.384620667
0.999999702 -0.000618771 -0.000104342 0.232916087 0.000619005 0.999997199 0.002267789 -0.359813005 0.000102939 -0.002267854 0.999997377 11.756840706
0.999999940 -0.000351439 0.000045968 0.235860974 0.000351302 0.999995530 0.002947021 -0.380102247 -0.000047004 -0.002947004 0.999995649 12.137569427
0.999999285 -0.001151380 -0.000243599 0.248587996 0.001151988 0.999996185 0.002511710 -0.386836350 0.000240706 -0.002511990 0.999996841 12.519598961
0.999999762 -0.000691617 -0.000016991 0.250617564 0.000691664 0.999995530 0.002916728 -0.399810314 0.000014973 -0.002916739 0.999995768 12.916992188
0.999999881 -0.000429552 0.000215077 0.258827150 0.000428869 0.999994814 0.003164160 -0.415232003 -0.000216435 -0.003164068 0.999994934 13.319176674
0.999999523 -0.000932861 0.000277875 0.266642094 0.000932066 0.999995530 0.002848311 -0.422165990 -0.000280531 -0.002848051 0.999995887 13.736785889
0.999999583 -0.000058732 0.000899996 0.267764777 0.000056164 0.999996066 0.002853847 -0.429166079 -0.000900160 -0.002853795 0.999995530 14.153108597
0.999999821 -0.000167417 0.000587766 0.279215008 0.000165814 0.999996305 0.002726511 -0.441907942 -0.000588221 -0.002726413 0.999996126 14.581131935
0.999999285 -0.000376917 0.001056484 0.288635314 0.000373999 0.999996126 0.002759832 -0.453023076 -0.001057520 -0.002759435 0.999995589 14.991718292
0.999998689 -0.000014142 0.001591615 0.295444429 0.000009039 0.999994874 0.003206031 -0.465847433 -0.001591652 -0.003206013 0.999993563 15.426114082
0.999997973 0.000378376 0.001985709 0.302601039 -0.000384386 0.999995291 0.003026771 -0.475497812 -0.001984555 -0.003027528 0.999993443 15.873861313
0.999997020 -0.000465069 0.002419827 0.310805976 0.000458382 0.999996006 0.002763574 -0.485034317 -0.002421102 -0.002762456 0.999993265 16.316799164
0.999997377 -0.000061148 0.002279022 0.321253687 0.000054175 0.999995291 0.003059658 -0.498619944 -0.002279198 -0.003059526 0.999992728 16.763469696
0.999996364 -0.000190949 0.002709547 0.326562911 0.000183201 0.999995887 0.002859696 -0.505643249 -0.002710082 -0.002859190 0.999992311 17.223295212
0.999996305 -0.000607486 0.002642358 0.341001838 0.000599011 0.999994636 0.003207077 -0.518346548 -0.002644293 -0.003205482 0.999991357 17.671575546
0.999994457 -0.000912910 0.003210616 0.347242981 0.000902979 0.999994814 0.003093028 -0.532038808 -0.003213424 -0.003090112 0.999990046 18.131841660
0.999993801 -0.000482177 0.003474592 0.362432122 0.000472556 0.999996126 0.002769120 -0.536567748 -0.003475913 -0.002767461 0.999990165 18.613681793
0.999992728 0.000282398 0.003809741 0.368136317 -0.000294656 0.999994755 0.003217271 -0.558930516 -0.003808812 -0.003218370 0.999987543 19.060413361
0.999992967 -0.000361094 0.003739496 0.389158964 0.000350319 0.999995768 0.002881524 -0.569086909 -0.003740521 -0.002880194 0.999988854 19.543170929
0.999992549 0.000238009 0.003863969 0.388937473 -0.000249157 0.999995828 0.002885014 -0.577396691 -0.003863266 -0.002885955 0.999988317 20.041576385
0.999993384 0.000087751 0.003633258 0.407076687 -0.000102794 0.999991417 0.004140416 -0.607652605 -0.003632863 -0.004140763 0.999984801 20.517229080
0.999994040 0.000463922 0.003415589 0.417209268 -0.000476482 0.999993086 0.003677322 -0.613913894 -0.003413859 -0.003678928 0.999987304 21.025651932
0.999996603 0.000340705 0.002571394 0.430130363 -0.000350380 0.999992847 0.003763119 -0.626720786 -0.002570093 -0.003764007 0.999989629 21.526382446
0.999997973 0.000425353 0.001986339 0.444934189 -0.000433625 0.999991238 0.004165844 -0.641760647 -0.001984550 -0.004166696 0.999989390 22.036157608
0.999998569 0.000392507 0.001644252 0.451896995 -0.000398722 0.999992728 0.003780884 -0.648369014 -0.001642757 -0.003781534 0.999991417 22.543943405
0.999999583 0.000592990 0.000752158 0.464338273 -0.000595847 0.999992609 0.003804426 -0.663764775 -0.000749897 -0.003804873 0.999992430 23.063196182
1.000000000 0.000116210 -0.000112258 0.477080822 -0.000115785 0.999992847 0.003785635 -0.676483929 0.000112697 -0.003785622 0.999992788 23.582710266
0.999999285 -0.000654794 -0.000975611 0.484520376 0.000658249 0.999993443 0.003545659 -0.691598177 0.000973283 -0.003546298 0.999993265 24.101352692
0.999998331 0.000693385 -0.001714048 0.489210606 -0.000685401 0.999988973 0.004654079 -0.710584223 0.001717256 -0.004652896 0.999987721 24.629365921
0.999997973 0.001419181 -0.001432513 0.497869372 -0.001413284 0.999990523 0.004109515 -0.720797181 0.001438332 -0.004107481 0.999990523 25.160297394
0.999997795 0.001858283 -0.001078748 0.501184225 -0.001854335 0.999991655 0.003649310 -0.728131175 0.001085521 -0.003647302 0.999992728 25.708631516
0.999995708 0.001570084 -0.002457028 0.511452794 -0.001561951 0.999993265 0.003308366 -0.737085104 0.002462206 -0.003304514 0.999991536 26.255016327
0.999995410 0.000847124 -0.002901081 0.514143407 -0.000833736 0.999989033 0.004612797 -0.766243637 0.002904957 -0.004610357 0.999985099 26.813251495
0.999994755 0.000478930 -0.003190140 0.525068939 -0.000461711 0.999985337 0.005395948 -0.782970190 0.003192678 -0.005394447 0.999980330 27.364480972
0.999989688 -0.000347285 -0.004518453 0.542949796 0.000368448 0.999988973 0.004683740 -0.796001911 0.004516777 -0.004685357 0.999978840 27.929935455
0.999990284 0.001332242 -0.004183056 0.540379226 -0.001314358 0.999989986 0.004275268 -0.807708383 0.004188711 -0.004269729 0.999982119 28.449548721
0.999988675 0.000420898 -0.004705029 0.551946938 -0.000398357 0.999988437 0.004790727 -0.823049009 0.004706990 -0.004788799 0.999977469 28.994295120
0.999989092 0.001482453 -0.004412659 0.557234526 -0.001463308 0.999989450 0.004338768 -0.827545524 0.004419045 -0.004332264 0.999980867 29.562200546
0.999983728 0.000987275 -0.005620490 0.573449194 -0.000953229 0.999981225 0.006056919 -0.879897833 0.005626365 -0.006051463 0.999965847 30.056669235
0.999983847 0.001226502 -0.005561915 0.582547724 -0.001194024 0.999982238 0.005839092 -0.897657394 0.005568977 -0.005832356 0.999967515 30.589677811
0.999983311 0.001798892 -0.005481631 0.578326702 -0.001771868 0.999986291 0.004930695 -0.888364732 0.005490425 -0.004920901 0.999972761 31.139839172
0.999984622 0.001443476 -0.005357200 0.576891422 -0.001416780 0.999986649 0.004983615 -0.900504589 0.005364322 -0.004975949 0.999973178 31.691560745
0.999978423 0.000738496 -0.006527278 0.612494409 -0.000706315 0.999987543 0.004931142 -0.913837433 0.006530838 -0.004926426 0.999966562 32.213432312
0.999979138 0.001437640 -0.006301487 0.605145097 -0.001410551 0.999989808 0.004301128 -0.919236958 0.006307606 -0.004292150 0.999970913 32.769309998
0.999974430 0.001185458 -0.007053244 0.618880451 -0.001147181 0.999984622 0.005428415 -0.940850616 0.007059570 -0.005420185 0.999960363 33.293865204
0.999972641 0.000832230 -0.007350464 0.630522966 -0.000793434 0.999985695 0.005279295 -0.951215506 0.007354751 -0.005273318 0.999959052 33.843719482
0.999971151 0.000427600 -0.007577400 0.637017727 -0.000386995 0.999985516 0.005359317 -0.964148521 0.007579584 -0.005356231 0.999956906 34.388984680
0.999970496 0.000676327 -0.007640394 0.646382391 -0.000633909 0.999984384 0.005552847 -0.977731943 0.007644030 -0.005547841 0.999955416 34.931762695
0.999968529 0.000474859 -0.007915433 0.650998712 -0.000429740 0.999983609 0.005700795 -0.987224281 0.007918010 -0.005697214 0.999952435 35.482234955
0.999965012 0.000172063 -0.008363972 0.663098931 -0.000129067 0.999986708 0.005140860 -0.997924745 0.008364748 -0.005139600 0.999951780 36.010807037
0.999969125 0.001243761 -0.007757762 0.659738898 -0.001199231 0.999982774 0.005742087 -1.011468887 0.007764771 -0.005732607 0.999953389 36.569297791
0.999969363 0.000593295 -0.007806446 0.661478698 -0.000547833 0.999982893 0.005824540 -1.031195521 0.007809767 -0.005820086 0.999952495 37.074329376
0.999970019 0.001809729 -0.007533696 0.659435630 -0.001771234 0.999985397 0.005113224 -1.036496639 0.007542840 -0.005099726 0.999958456 37.631580353
0.999966860 0.000654896 -0.008113113 0.674033403 -0.000612217 0.999985993 0.005261860 -1.050696373 0.008116446 -0.005256718 0.999953210 38.179458618
0.999965549 -0.000132018 -0.008296609 0.682545066 0.000179721 0.999983490 0.005749146 -1.066129565 0.008295712 -0.005750438 0.999949098 38.721893311
0.999962986 0.001083334 -0.008536770 0.687265635 -0.001034933 0.999983370 0.005672054 -1.073246121 0.008542773 -0.005663009 0.999947429 39.265937805
0.999963939 0.001210918 -0.008406065 0.695727110 -0.001159536 0.999980688 0.006114651 -1.092690349 0.008413306 -0.006104683 0.999945998 39.807857513
0.999959588 0.000344615 -0.008983779 0.701996565 -0.000291516 0.999982476 0.005911236 -1.098293185 0.008985658 -0.005908379 0.999942183 40.334278107
0.999960005 0.000161196 -0.008945313 0.710202217 -0.000106724 0.999981463 0.006089629 -1.117999077 0.008946130 -0.006088431 0.999941409 40.874332428
0.999961615 0.000535505 -0.008742866 0.709529042 -0.000481682 0.999980867 0.006157230 -1.128754854 0.008745998 -0.006152782 0.999942780 41.422599792
0.999960959 -0.000112865 -0.008846576 0.712404251 0.000166339 0.999981701 0.006044155 -1.141889095 0.008845734 -0.006045391 0.999942541 41.963600159
0.999960840 0.000582061 -0.008829485 0.720597863 -0.000533122 0.999984503 0.005544014 -1.147100806 0.008832576 -0.005539091 0.999945581 42.506160736
0.999961138 0.000718299 -0.008791130 0.722692728 -0.000673317 0.999986708 0.005118639 -1.151798368 0.008794690 -0.005112521 0.999948263 43.066047668
0.999953747 -0.000257774 -0.009612655 0.738814116 0.000310457 0.999984920 0.005479438 -1.169637680 0.009611102 -0.005482168 0.999938786 43.607860565
0.999952078 -0.000050063 -0.009789528 0.745258570 0.000109550 0.999981523 0.006076115 -1.185572386 0.009789044 -0.006076896 0.999933541 44.135082245
0.999951899 -0.000184056 -0.009803434 0.748302937 0.000244410 0.999981046 0.006155583 -1.200353026 0.009802114 -0.006157683 0.999933004 44.674076080
0.999951899 -0.000858160 -0.009772076 0.755833387 0.000913098 0.999983728 0.005618830 -1.198039532 0.009767097 -0.005627485 0.999936402 45.212215424
0.999959171 -0.000401890 -0.009036642 0.757667959 0.000446833 0.999987483 0.004971959 -1.202031970 0.009034531 -0.004975793 0.999946833 45.764598846
0.999941170 -0.001763698 -0.010695564 0.785803318 0.001821117 0.999983907 0.005361182 -1.218236685 0.010685937 -0.005380344 0.999928415 46.305896759
0.999944568 -0.000947167 -0.010479752 0.786430240 0.001003747 0.999984920 0.005395060 -1.227253914 0.010474483 -0.005405280 0.999930561 46.855781555
0.999941289 -0.001813114 -0.010683632 0.782043815 0.001880731 0.999978185 0.006322416 -1.248561740 0.010671939 -0.006342137 0.999922931 47.383052826
0.999949753 -0.001643870 -0.009883237 0.773301959 0.001704926 0.999979496 0.006172563 -1.263773918 0.009872886 -0.006189104 0.999932110 47.940876007
0.999950469 -0.001475391 -0.009845993 0.782800913 0.001536871 0.999979377 0.006239560 -1.272754788 0.009836583 -0.006254383 0.999932051 48.487865448
0.999944746 -0.001643093 -0.010379286 0.794888675 0.001701525 0.999982715 0.005623358 -1.279483318 0.010369866 -0.005640709 0.999930322 49.012393951
0.999946237 -0.001427780 -0.010274470 0.798153102 0.001491383 0.999979794 0.006185351 -1.294777036 0.010265430 -0.006200341 0.999928057 49.553634644
0.999947250 -0.002037743 -0.010065554 0.796812594 0.002103791 0.999976277 0.006555564 -1.316631794 0.010051956 -0.006576394 0.999927878 50.107650757
0.999944270 -0.001897918 -0.010397768 0.806839466 0.001962832 0.999978602 0.006236367 -1.326679587 0.010385710 -0.006256428 0.999926507 50.647483826
0.999942303 -0.002270198 -0.010501685 0.817388058 0.002338298 0.999976218 0.006476915 -1.340627193 0.010486733 -0.006501097 0.999923885 51.200660706
0.999943316 -0.001912369 -0.010474746 0.819756806 0.001983010 0.999975324 0.006737737 -1.353476167 0.010461604 -0.006758126 0.999922395 51.732276917
0.999944568 -0.002077856 -0.010325961 0.825965643 0.002138505 0.999980569 0.005865898 -1.362518191 0.010313572 -0.005887654 0.999929488 52.281272888
0.999946475 -0.002149557 -0.010121151 0.829127848 0.002217866 0.999974728 0.006742794 -1.382654428 0.010106402 -0.006764881 0.999926031 52.815673828
0.999948442 -0.002099328 -0.009934271 0.828748643 0.002170805 0.999971747 0.007189703 -1.397199154 0.009918896 -0.007210898 0.999924719 53.343524933
0.999947548 -0.001285173 -0.010163257 0.833635569 0.001345533 0.999981463 0.005934514 -1.398937345 0.010155441 -0.005947876 0.999930739 53.908126831
0.999952018 -0.000836508 -0.009760391 0.826725841 0.000900422 0.999978125 0.006545835 -1.430042267 0.009754703 -0.006554310 0.999930859 54.430831909
0.999949098 -0.001398828 -0.009989801 0.832634211 0.001461067 0.999979615 0.006225682 -1.441708088 0.009980889 -0.006239960 0.999930739 54.977993011
0.999946237 -0.001467331 -0.010266327 0.850491464 0.001523986 0.999983668 0.005512843 -1.431881428 0.010258070 -0.005528193 0.999932110 55.501823425
0.999949515 -0.001272151 -0.009968578 0.845543623 0.001328125 0.999983490 0.005610382 -1.445562601 0.009961275 -0.005623339 0.999934554 56.039440155
0.999953449 -0.001070139 -0.009587225 0.851780474 0.001120717 0.999985516 0.005271774 -1.458736300 0.009581444 -0.005282273 0.999940157 56.601253510
0.999956012 -0.000574479 -0.009359250 0.846523821 0.000634389 0.999979317 0.006399469 -1.477717876 0.009355380 -0.006405125 0.999935746 57.146663666
0.999955535 -0.000815033 -0.009394353 0.852801800 0.000874940 0.999979317 0.006374589 -1.492288828 0.009388964 -0.006382525 0.999935567 57.692893982
0.999959826 -0.000611739 -0.008941596 0.839307308 0.000664688 0.999982178 0.005919827 -1.506599069 0.008937816 -0.005925532 0.999942482 58.216144562
0.999959171 -0.000709889 -0.009006774 0.848894715 0.000761141 0.999983490 0.005688219 -1.515653491 0.009002589 -0.005694842 0.999943197 58.770416260
0.999956667 -0.000816147 -0.009279912 0.858098567 0.000872405 0.999981344 0.006059926 -1.533367276 0.009274793 -0.006067759 0.999938548 59.311141968
0.999949634 -0.001492382 -0.009918397 0.883168876 0.001544059 0.999985278 0.005204606 -1.521270275 0.009910483 -0.005219660 0.999937296 59.810634613
0.999949157 -0.002180037 -0.009849570 0.886825383 0.002234895 0.999982059 0.005562016 -1.535910130 0.009837270 -0.005583747 0.999936044 60.357234955
0.999956489 -0.001526546 -0.009205473 0.897946417 0.001576078 0.999984324 0.005375880 -1.548108697 0.009197121 -0.005390156 0.999943256 60.921817780
0.999958515 0.001079448 -0.009044096 0.866155386 -0.001020511 0.999978244 0.006518775 -1.578595877 0.009050936 -0.006509275 0.999937832 61.420131683
0.999961913 0.001172962 -0.008647409 0.869427621 -0.001123905 0.999983191 0.005675750 -1.585992575 0.008653922 -0.005665815 0.999946475 61.962047577
0.999960482 -0.000247712 -0.008879063 0.873012066 0.000285178 0.999991059 0.004218593 -1.567653179 0.008877941 -0.004220957 0.999951661 62.502895355
0.999951065 0.000306410 -0.009897710 0.894687891 -0.000263058 0.999990344 0.004381017 -1.577900171 0.009898957 -0.004378198 0.999941349 63.061248779
0.999950886 -0.000366875 -0.009896982 0.899430513 0.000417312 0.999986947 0.005094695 -1.601038933 0.009894981 -0.005098575 0.999938071 63.587875366
0.999956071 -0.000871472 -0.009328650 0.907768607 0.000917845 0.999987245 0.004967846 -1.610938072 0.009324203 -0.004976190 0.999944150 64.127822876
0.999953151 -0.000302796 -0.009676001 0.905673921 0.000345477 0.999990225 0.004409684 -1.619727492 0.009674572 -0.004412821 0.999943435 64.667251587
0.999955773 0.000222379 -0.009400953 0.905349314 -0.000170021 0.999984443 0.005569865 -1.647367835 0.009402048 -0.005568021 0.999940276 65.210456848
0.999956250 0.000543025 -0.009336477 0.909200490 -0.000495520 0.999986947 0.005089726 -1.653844595 0.009339119 -0.005084876 0.999943435 65.763549805
0.999956310 0.000603593 -0.009330441 0.918456435 -0.000553720 0.999985516 0.005346794 -1.665762544 0.009333535 -0.005341394 0.999942183 66.283920288
0.999950647 0.000013208 -0.009927166 0.931724846 0.000032552 0.999989390 0.004609342 -1.678213596 0.009927120 -0.004609439 0.999940097 66.820579529
0.999957800 0.001094020 -0.009122539 0.914648056 -0.001049225 0.999987364 0.004913660 -1.686723471 0.009127800 -0.004903880 0.999946237 67.363838196
0.999952793 -0.000384894 -0.009707936 0.942499280 0.000433243 0.999987602 0.004978790 -1.702245712 0.009705898 -0.004982762 0.999940455 67.880729675
0.999952435 0.000433156 -0.009745070 0.950230896 -0.000386761 0.999988556 0.004762220 -1.707566261 0.009747021 -0.004758225 0.999941170 68.413108826
0.999950409 0.000231278 -0.009958054 0.954937279 -0.000186990 0.999990106 0.004448206 -1.721550941 0.009958985 -0.004446123 0.999940455 68.951049805
0.999955416 0.000394057 -0.009431227 0.958255649 -0.000349761 0.999988914 0.004697927 -1.737082243 0.009432972 -0.004694420 0.999944508 69.498275757
0.999952257 -0.000078090 -0.009769131 0.966276586 0.000119037 0.999991179 0.004190908 -1.744809866 0.009768719 -0.004191873 0.999943435 70.026435852
0.999953151 -0.000015310 -0.009677872 0.972888410 0.000054898 0.999991596 0.004090262 -1.756824970 0.009677729 -0.004090602 0.999944746 70.571884155
0.999953330 0.000196731 -0.009672710 0.980624378 -0.000150611 0.999988616 0.004768519 -1.774450779 0.009673540 -0.004766838 0.999941826 71.114730835
0.999951124 -0.000074380 -0.009884490 0.979004264 0.000117513 0.999990582 0.004363220 -1.778129458 0.009884071 -0.004364168 0.999941647 71.663833618
0.999956131 0.000721125 -0.009337191 0.983521283 -0.000671291 0.999985516 0.005339162 -1.804162264 0.009340907 -0.005332661 0.999942064 72.188774109
0.999948502 0.000101840 -0.010147557 0.995344281 -0.000058875 0.999991179 0.004234233 -1.810905576 0.010147898 -0.004233418 0.999939561 72.724525452
0.999946296 -0.000257069 -0.010357965 0.997768581 0.000302304 0.999990404 0.004365756 -1.820702553 0.010356745 -0.004368654 0.999936759 73.258377075
0.999939680 -0.000463691 -0.010965692 1.009314060 0.000513014 0.999989688 0.004495533 -1.838444710 0.010963497 -0.004500887 0.999929726 73.815147400
0.999944091 -0.000729869 -0.010549754 1.014277816 0.000778171 0.999989212 0.004575108 -1.850016594 0.010546302 -0.004583061 0.999933898 74.353492737
0.999940217 -0.000919147 -0.010894141 1.024418831 0.000967126 0.999989867 0.004399640 -1.862468719 0.010889987 -0.004409913 0.999930978 74.899131775
0.999950111 -0.000601867 -0.009965562 1.024827600 0.000645278 0.999990284 0.004353483 -1.871831417 0.009962845 -0.004359697 0.999940872 75.442298889
0.999947786 -0.000688326 -0.010191019 1.025357962 0.000735979 0.999988794 0.004672962 -1.888998389 0.010187687 -0.004680220 0.999937177 75.983757019
0.999946237 -0.000187351 -0.010365712 1.034725308 0.000232164 0.999990642 0.004322199 -1.900886536 0.010364806 -0.004324374 0.999936938 76.526969910
0.999946713 -0.000178304 -0.010318102 1.042839289 0.000218498 0.999992430 0.003894455 -1.910993814 0.010317330 -0.003896502 0.999939203 77.069053650
0.999943018 -0.000680550 -0.010656293 1.039067030 0.000730448 0.999988735 0.004679319 -1.925161004 0.010652989 -0.004686836 0.999932289 77.573135376
0.999945760 -0.001071763 -0.010359764 1.047308087 0.001117915 0.999989450 0.004450232 -1.938905835 0.010354886 -0.004461573 0.999936461 78.127555847
0.999945998 -0.001136406 -0.010327225 1.050253153 0.001183591 0.999988914 0.004564008 -1.954614401 0.010321923 -0.004575986 0.999936283 78.664382935
0.999946058 -0.001018909 -0.010338455 1.053180218 0.001062132 0.999990642 0.004176149 -1.962184668 0.010334104 -0.004186903 0.999937832 79.220451355
0.999949872 -0.001061424 -0.009956515 1.055660248 0.001108251 0.999988317 0.004698785 -1.981820822 0.009951413 -0.004709585 0.999939382 79.758949280
0.999957681 -0.001188816 -0.009124746 1.065824270 0.001227991 0.999990046 0.004288829 -1.991455197 0.009119556 -0.004299853 0.999949157 80.308387756
0.999970436 -0.000819915 -0.007648692 1.074165821 0.000853077 0.999990225 0.004333292 -2.004383564 0.007645065 -0.004339688 0.999961376 80.859275818
0.999978840 -0.000155585 -0.006493490 1.072446346 0.000185607 0.999989271 0.004622932 -2.015711069 0.006492701 -0.004624040 0.999968231 81.384803772
0.999984682 -0.000868677 -0.005462757 1.086934328 0.000892955 0.999989748 0.004443442 -2.028939724 0.005458842 -0.004448250 0.999975145 81.929824829
0.999998212 0.000124119 -0.001894920 1.100329518 -0.000116371 0.999991655 0.004088424 -2.038691044 0.001895412 -0.004088196 0.999989867 82.466827393
0.999998510 -0.000374566 0.001676597 1.117833853 0.000367979 0.999992192 0.003927676 -2.044502974 -0.001678055 -0.003927052 0.999990880 82.999206543
0.999989271 -0.001094809 0.004505834 1.134347320 0.001077467 0.999991953 0.003849377 -2.058286190 -0.004510012 -0.003844480 0.999982357 83.545715332
0.999954641 -0.000318969 0.009513181 1.148231864 0.000277756 0.999990582 0.004333113 -2.073529243 -0.009514472 -0.004330274 0.999945283 84.090255737
0.999879003 -0.000155518 0.015562213 1.171540737 0.000092336 0.999991894 0.004060613 -2.085847616 -0.015562716 -0.004058684 0.999870777 84.635772705
0.999773860 -0.000236079 0.021264119 1.197751760 0.000134135 0.999988496 0.004795423 -2.110975742 -0.021265008 -0.004791485 0.999762475 85.178886414
0.999648273 -0.001318071 0.026488669 1.235021353 0.001215085 0.999991655 0.003903677 -2.111729860 -0.026493590 -0.003870117 0.999641478 85.722511292
0.999403715 -0.000873276 0.034517698 1.272500873 0.000748170 0.999993205 0.003637146 -2.115883589 -0.034520634 -0.003609152 0.999397457 86.278190613
0.999093771 -0.000952362 0.042555485 1.313436747 0.000780405 0.999991477 0.004057196 -2.134303331 -0.042558983 -0.004020310 0.999085784 86.832603455
0.998749077 -0.000535766 0.049999326 1.347703218 0.000328324 0.999991238 0.004157007 -2.149424553 -0.050001118 -0.004135390 0.998740733 87.368949890
0.998258352 -0.000685088 0.058990613 1.393015146 0.000446837 0.999991655 0.004051892 -2.161652327 -0.058992900 -0.004018476 0.998250365 87.915107727
0.997631669 -0.000615141 0.068779014 1.456289768 0.000351160 0.999992549 0.003850125 -2.169756413 -0.068780877 -0.003816855 0.997624516 88.455711365
0.997061253 -0.000852309 0.076604292 1.513968468 0.000545035 0.999991775 0.004032003 -2.182547808 -0.076607101 -0.003978402 0.997053504 89.009651184
0.996336937 -0.001249223 0.085504957 1.575006008 0.000906437 0.999991417 0.004047662 -2.204512119 -0.085509263 -0.003955330 0.996329546 89.570808411
0.995340705 -0.001057367 0.096414633 1.648908615 0.000662395 0.999991238 0.004128515 -2.216517687 -0.096418157 -0.004045415 0.995332718 90.124649048
0.994257152 -0.001401746 0.107008226 1.728879929 0.000952942 0.999990463 0.004245128 -2.229459286 -0.107013159 -0.004118777 0.994248986 90.675704956
0.993247271 -0.001574326 0.116005264 1.807801247 0.001126023 0.999991655 0.003929930 -2.238291740 -0.116010472 -0.003772769 0.993240833 91.220085144
0.991865695 -0.001813206 0.127275869 1.899830818 0.001300607 0.999990821 0.004110449 -2.248520613 -0.127282128 -0.003911478 0.991858840 91.766098022
0.990260661 -0.002015926 0.139211357 1.991281509 0.001478513 0.999991059 0.003963722 -2.261908770 -0.139218092 -0.003719293 0.990254760 92.300346375
0.988672495 -0.002536189 0.150067180 2.093087196 0.001898209 0.999988496 0.004394385 -2.278569221 -0.150076598 -0.004059749 0.988666058 92.848182678
0.987044752 -0.002641145 0.160422906 2.200295448 0.002011649 0.999989629 0.004086260 -2.285507202 -0.160432056 -0.003710607 0.987039924 93.395545959
0.984833956 -0.002659799 0.173478976 2.316469193 0.001919378 0.999988317 0.004435690 -2.300182343 -0.173488781 -0.004035447 0.984827578 93.927459717
0.982623577 -0.003029913 0.185584843 2.446557045 0.002291178 0.999988556 0.004194915 -2.308482170 -0.185595453 -0.003696815 0.982619286 94.487876892
0.980610013 -0.003525131 0.195937634 2.573562622 0.002776253 0.999987721 0.004096539 -2.317572594 -0.195949689 -0.003473134 0.980607748 95.021972656
0.977865875 -0.003907037 0.209196091 2.711639404 0.003165677 0.999987483 0.003878564 -2.326020718 -0.209208652 -0.003130467 0.977866054 95.583778381
0.974948227 -0.003319394 0.222407013 2.842590332 0.002398600 0.999987423 0.004410119 -2.334937811 -0.222418830 -0.003766172 0.974944055 96.061248779
0.972353697 -0.003369680 0.233488739 2.978199005 0.002284311 0.999985278 0.004918748 -2.360076189 -0.233501881 -0.004249402 0.972347081 96.582000732
0.969439626 -0.004080908 0.245296180 3.142244339 0.003151896 0.999986291 0.004179758 -2.356567383 -0.245309874 -0.003278874 0.969439149 97.098587036
0.965703130 -0.002846884 0.259633034 3.300382614 0.001717985 0.999988079 0.004574867 -2.376378298 -0.259642988 -0.003971917 0.965696454 97.647125244
0.962256372 -0.002807655 0.272129864 3.471858978 0.001665534 0.999988794 0.004427860 -2.385432482 -0.272139251 -0.003807495 0.962250292 98.186546326
0.959103942 -0.003557083 0.283031762 3.644893646 0.002504004 0.999988556 0.004082379 -2.398106337 -0.283043057 -0.003206714 0.959101856 98.696983337
0.954817832 -0.004615248 0.297155857 3.821357727 0.003425955 0.999983907 0.004522917 -2.411635876 -0.297172010 -0.003300519 0.954818249 99.240959167
0.950591207 -0.004704488 0.310409546 4.018777847 0.003488580 0.999983966 0.004472150 -2.428295612 -0.310425609 -0.003168300 0.950592339 99.754547119
0.946656942 -0.005632590 0.322193623 4.209468842 0.004446346 0.999980271 0.004417574 -2.431395054 -0.322212160 -0.002749342 0.946663499 100.272285461
0.942052007 -0.005404458 0.335423559 4.421281815 0.004239310 0.999982119 0.004205764 -2.445572615 -0.335440308 -0.002540084 0.942058027 100.801643372
0.937011540 -0.006622401 0.349235624 4.633144379 0.005601435 0.999976575 0.003933264 -2.445747852 -0.349253446 -0.001729293 0.937026680 101.298690796
0.932183623 -0.006513510 0.361927122 4.853925705 0.005267801 0.999976337 0.004428508 -2.467582226 -0.361947417 -0.002221624 0.932195842 101.821166992
0.927522063 -0.006814105 0.373706311 5.070362091 0.005828512 0.999975979 0.003767309 -2.472245932 -0.373723000 -0.001316110 0.927539408 102.317420959
0.921918452 -0.006793891 0.387324393 5.311111450 0.005479710 0.999974847 0.004497196 -2.489428520 -0.387345225 -0.002023622 0.921932518 102.828628540
0.916321933 -0.008155940 0.400359184 5.553688049 0.007010143 0.999966025 0.004326402 -2.494789600 -0.400380909 -0.001157802 0.916348100 103.318244934
0.911412120 -0.007418964 0.411427885 5.798973083 0.006137663 0.999971330 0.004435312 -2.512799740 -0.411449045 -0.001517192 0.911431491 103.815811157
0.905183733 -0.007892911 0.424947381 6.052734375 0.006811649 0.999968529 0.004063726 -2.522237062 -0.424966127 -0.000783827 0.905208945 104.300781250
0.898514211 -0.008100001 0.438869685 6.311584473 0.006634071 0.999966145 0.004873702 -2.536072969 -0.438894302 -0.001467598 0.898537517 104.786392212
0.892717004 -0.008992744 0.450528026 6.579113007 0.007305024 0.999958277 0.005484784 -2.555360079 -0.450558543 -0.001605242 0.892745495 105.258163452
0.887161553 -0.008902336 0.461373061 6.858356476 0.007096556 0.999958813 0.005648747 -2.565149307 -0.461404413 -0.001737192 0.887188315 105.746025085
0.880264640 -0.009707012 0.474383771 7.140026093 0.008196579 0.999952614 0.005251853 -2.573438644 -0.474412262 -0.000734696 0.880302489 106.218254089
