1.000000000 0.000000000 0.000000000 0.000000000 0.000000000 1.000000000 0.000000000 0.000000000 0.000000000 0.000000000 1.000000000 0.000000000
1.000000000 0.000041605 0.000004595 0.000198056 -0.000041605 1.000000000 0.000018158 0.000156528 -0.000004595 -0.000018158 1.000000000 0.000179114
1.000000000 0.000074980 0.000110009 -0.000982664 -0.000074986 1.000000000 0.000050300 0.000063332 -0.000110005 -0.000050308 1.000000000 0.000308015
1.000000000 -0.000051604 -0.000005104 0.000605660 0.000051604 1.000000000 0.000001402 0.000094326 0.000005104 -0.000001402 1.000000000 -0.000091146
1.000000000 0.000061383 0.000094654 -0.000579493 -0.000061391 1.000000000 0.000082477 -0.000036329 -0.000094649 -0.000082483 1.000000000 0.000527028
1.000000000 0.000096957 0.000023545 -0.000265799 -0.000096956 1.000000000 -0.000022025 0.000129094 -0.000023547 0.000022023 1.000000000 -0.000141300
1.000000000 0.000014689 0.000040582 0.000295917 -0.000014689 1.000000000 -0.000015111 0.000163441 -0.000040582 0.000015111 1.000000000 0.000066663
1.000000000 0.000117172 0.000023511 -0.000411370 -0.000117173 1.000000000 0.000076980 0.000027668 -0.000023502 -0.000076983 1.000000000 -0.000278609
1.000000000 0.000152156 0.000072008 -0.000075567 -0.000152158 1.000000000 0.000025507 0.000514397 -0.000072004 -0.000025518 1.000000000 0.000979234
1.000000000 0.000183150 0.000091324 -0.001229359 -0.000183149 1.000000000 -0.000011545 0.000050068 -0.000091326 0.000011528 1.000000000 -0.000455667
1.000000000 0.000108334 0.000068970 -0.000767624 -0.000108332 1.000000000 -0.000034675 0.000585938 -0.000068974 0.000034668 1.000000000 0.000099069
1.000000000 0.000055702 0.000102344 -0.001395253 -0.000055699 1.000000000 -0.000023761 0.000738555 -0.000102345 0.000023756 1.000000000 0.000687041
1.000000000 0.000096510 0.000122389 -0.000728304 -0.000096514 1.000000000 0.000033205 0.000496533 -0.000122386 -0.000033217 1.000000000 0.000986780
1.000000000 0.000139868 0.000136445 -0.001003571 -0.000139872 1.000000000 0.000024774 0.000569271 -0.000136441 -0.000024793 1.000000000 0.000359724
1.000000000 0.000160491 0.000114961 -0.001645289 -0.000160489 1.000000000 -0.000023622 0.000799740 -0.000114964 0.000023604 1.000000000 0.000831664
1.000000000 0.000272171 0.000145417 -0.001671360 -0.000272172 1.000000000 0.000010765 0.000913377 -0.000145414 -0.000010805 1.000000000 0.000423919
1.000000000 0.000218849 0.000181277 -0.001811546 -0.000218844 1.000000000 -0.000030966 0.000885205 -0.000181284 0.000030926 1.000000000 0.001039499
1.000000000 0.000173812 0.000173150 -0.001732890 -0.000173817 1.000000000 0.000027571 0.000655374 -0.000173146 -0.000027601 1.000000000 0.001027041
1.000000000 0.000148442 0.000079066 -0.000818861 -0.000148447 1.000000000 0.000060529 0.000699463 -0.000079057 -0.000060541 1.000000000 0.000502351
1.000000000 0.000167452 0.000138826 -0.001790504 -0.000167444 1.000000000 -0.000054931 0.001142668 -0.000138835 0.000054908 1.000000000 0.001080909
1.000000000 0.000190355 0.000125928 -0.001423768 -0.000190357 1.000000000 0.000016140 0.001031320 -0.000125925 -0.000016164 1.000000000 0.001468395
1.000000000 0.000286319 0.000142005 -0.002032264 -0.000286317 1.000000000 -0.000020011 0.001497283 -0.000142011 0.000019970 1.000000000 0.001635345
1.000000000 0.000292717 0.000177687 -0.001771858 -0.000292715 1.000000000 -0.000012096 0.000766915 -0.000177690 0.000012044 1.000000000 0.000712870
1.000000000 0.000222621 0.000174655 -0.001304849 -0.000222622 1.000000000 0.000004077 0.001408856 -0.000174654 -0.000004116 1.000000000 0.001379174
1.000000000 0.000176975 0.000191705 -0.001572476 -0.000176976 1.000000000 0.000007968 0.000910003 -0.000191704 -0.000008001 1.000000000 0.000664554
1.000000000 0.000215464 0.000094996 -0.001289687 -0.000215462 1.000000000 -0.000015848 0.001422914 -0.000094999 0.000015827 1.000000000 0.001151446
1.000000000 0.000227969 0.000131978 -0.001438511 -0.000227978 1.000000000 0.000064197 0.000886151 -0.000131963 -0.000064227 1.000000000 0.001070045
1.000000000 0.000179058 0.000217362 -0.001894520 -0.000179069 1.000000000 0.000050624 0.000257670 -0.000217353 -0.000050663 1.000000000 0.001028894
1.000000000 0.000038385 0.000215272 -0.001569642 -0.000038387 1.000000000 0.000011070 0.001123575 -0.000215271 -0.000011078 1.000000000 0.002363954
1.000000000 0.000251035 0.000162378 -0.001460876 -0.000251031 1.000000000 -0.000020303 0.001139658 -0.000162383 0.000020262 1.000000000 0.001513850
1.000000000 0.000256191 0.000196674 -0.001754579 -0.000256204 1.000000000 0.000068602 0.000275471 -0.000196657 -0.000068652 1.000000000 0.000254953
1.000000000 0.000221881 0.000204811 -0.001991472 -0.000221879 1.000000000 -0.000009468 0.000979366 -0.000204813 0.000009423 1.000000000 0.000979468
1.000000000 0.000191759 0.000164248 -0.000994352 -0.000191767 1.000000000 0.000051665 0.000220099 -0.000164238 -0.000051696 1.000000000 0.000428028
1.000000000 0.000185209 0.000147556 -0.001391247 -0.000185210 1.000000000 0.000006633 0.001105153 -0.000147554 -0.000006660 1.000000000 0.001339771
1.000000000 0.000133651 0.000138386 -0.001397884 -0.000133656 1.000000000 0.000039314 0.000999863 -0.000138381 -0.000039333 1.000000000 0.000927639
1.000000000 0.000176525 0.000170661 -0.001731701 -0.000176532 1.000000000 0.000043772 0.000767530 -0.000170653 -0.000043802 1.000000000 0.000657973
1.000000000 0.000180551 0.000157601 -0.000693354 -0.000180551 1.000000000 0.000003825 0.001595690 -0.000157601 -0.000003854 1.000000000 0.001637862
1.000000000 0.000120948 0.000139487 -0.000305331 -0.000120938 1.000000000 -0.000077791 0.001222178 -0.000139496 0.000077774 1.000000000 0.001676751
0.999999881 0.000435035 0.000295061 -0.001841695 -0.000434849 0.999999702 -0.000631079 -0.002425476 -0.000295336 0.000630950 0.999999762 0.048174642
1.000000000 -0.000011363 0.000459051 -0.002408858 0.000011754 0.999999642 -0.000852537 -0.006773380 -0.000459041 0.000852542 0.999999464 0.143372118
0.999999940 0.000077078 0.000392563 0.000619034 -0.000076623 0.999999344 -0.001157596 -0.009949247 -0.000392652 0.001157566 0.999999225 0.255160213
0.999999940 0.000001908 0.000349806 0.004782174 -0.000001530 0.999999464 -0.001079355 -0.013622470 -0.000349807 0.001079354 0.999999344 0.383819759
1.000000000 0.000091159 0.000216156 0.006978111 -0.000090979 0.999999583 -0.000835149 -0.020932907 -0.000216232 0.000835130 0.999999642 0.524983525
0.999999881 -0.000346161 0.000273888 0.012700676 0.000346404 0.999999523 -0.000885267 -0.025942350 -0.000273582 0.000885362 0.999999583 0.671709061
0.999999881 -0.000307095 0.000214634 0.016904598 0.000307251 0.999999642 -0.000726204 -0.028909659 -0.000214411 0.000726269 0.999999762 0.838386774
0.999999940 -0.000171910 0.000307658 0.017565969 0.000172090 0.999999821 -0.000585981 -0.029262206 -0.000307557 0.000586034 0.999999762 1.019704819
0.999999940 -0.000158300 0.000329313 0.020031400 0.000158481 0.999999821 -0.000549414 -0.033725977 -0.000329226 0.000549466 0.999999762 1.197952867
0.999999642 0.000668536 0.000486870 0.018568235 -0.000668592 0.999999702 0.000115899 -0.045476675 -0.000486792 -0.000116224 0.999999821 1.372945189
0.999999881 -0.000027722 0.000504953 0.024762159 0.000027683 1.000000000 0.000078266 -0.051901627 -0.000504955 -0.000078252 0.999999881 1.564019561
0.999999762 0.000108664 0.000615891 0.029208280 -0.000108798 0.999999940 0.000216864 -0.059218436 -0.000615868 -0.000216931 0.999999821 1.759936571
0.999999344 0.000709546 0.000901532 0.030227385 -0.000709897 0.999999642 0.000388932 -0.067410856 -0.000901256 -0.000389572 0.999999523 1.955947638
0.999999344 0.000266109 0.001005260 0.035377238 -0.000266655 0.999999762 0.000542963 -0.073078267 -0.001005115 -0.000543231 0.999999344 2.163332939
0.999999821 -0.000081035 0.000585933 0.043546341 0.000080628 0.999999762 0.000694495 -0.074788734 -0.000585990 -0.000694447 0.999999583 2.396906853
0.999999404 0.000587121 0.000898067 0.043852497 -0.000587568 0.999999702 0.000498269 -0.081916392 -0.000897775 -0.000498797 0.999999464 2.621102810
0.999998868 0.001245661 0.000968022 0.048498191 -0.001246095 0.999999106 0.000448365 -0.089822225 -0.000967463 -0.000449571 0.999999344 2.845964432
0.999998689 0.001327599 0.000903393 0.055315737 -0.001328052 0.999998987 0.000500178 -0.093252756 -0.000902728 -0.000501377 0.999999404 3.082931757
0.999998927 0.001025560 0.001022097 0.055781823 -0.001026109 0.999999285 0.000536431 -0.103961676 -0.001021546 -0.000537479 0.999999344 3.304278612
0.999998629 0.001373508 0.000941418 0.061738394 -0.001373720 0.999999046 0.000223736 -0.109614737 -0.000941110 -0.000225029 0.999999523 3.562972546
0.999999523 0.000369823 0.000870392 0.067518048 -0.000370342 0.999999702 0.000596197 -0.117483087 -0.000870171 -0.000596519 0.999999464 3.815681219
0.999998450 0.001214396 0.001246148 0.067293577 -0.001215535 0.999998868 0.000914013 -0.130478576 -0.001245036 -0.000915527 0.999998808 4.069820881
0.999997318 0.001656251 0.001572935 0.072359569 -0.001657347 0.999998391 0.000695561 -0.134497106 -0.001571781 -0.000698166 0.999998510 4.333292484
0.999997616 0.001461758 0.001575322 0.075919248 -0.001463171 0.999998569 0.000895998 -0.142972320 -0.001574009 -0.000898301 0.999998391 4.593650818
0.999998212 0.001295421 0.001369733 0.090472616 -0.001296672 0.999998689 0.000912774 -0.150295660 -0.001368548 -0.000914548 0.999998569 4.849985600
0.999997437 0.001662542 0.001524042 0.096885636 -0.001663683 0.999998331 0.000747559 -0.154666588 -0.001522797 -0.000750093 0.999998569 5.117359638
0.999997377 0.001654471 0.001669351 0.101644546 -0.001655998 0.999998212 0.000913498 -0.170263276 -0.001667836 -0.000916260 0.999998212 5.374512196
0.999997079 0.001361030 0.001991986 0.104312226 -0.001362835 0.999998689 0.000905354 -0.174216732 -0.001990751 -0.000908066 0.999997616 5.648353100
0.999998033 0.001252252 0.001491726 0.114183694 -0.001254044 0.999998450 0.001200748 -0.181152314 -0.001490220 -0.001202617 0.999998152 5.924836159
0.999997914 0.001252020 0.001605590 0.118575528 -0.001253719 0.999998629 0.001057397 -0.191917181 -0.001604264 -0.001059408 0.999998093 6.200591087
0.999997020 0.001371881 0.002015411 0.112258449 -0.001373920 0.999998569 0.001010738 -0.199373379 -0.002014021 -0.001013504 0.999997437 6.473707676
0.999996960 0.001625047 0.001859948 0.121356368 -0.001627380 0.999997914 0.001253500 -0.215082362 -0.001857907 -0.001256523 0.999997497 6.756170273
0.999995887 0.001943522 0.002106217 0.129866153 -0.001946133 0.999997258 0.001237994 -0.225385755 -0.002103805 -0.001242087 0.999997020 7.054803371
0.999996364 0.001954675 0.001922228 0.136148483 -0.001957315 0.999997139 0.001372592 -0.231381804 -0.001919540 -0.001376349 0.999997199 7.358853817
0.999995708 0.002037479 0.002122154 0.140972838 -0.002040573 0.999996841 0.001456841 -0.242706969 -0.002119179 -0.001461165 0.999996662 7.662882328
0.999996781 0.001833773 0.001702671 0.145763233 -0.001835360 0.999997854 0.000931053 -0.245554999 -0.001700960 -0.000934175 0.999998093 7.984105110
0.999996781 0.001851957 0.001733493 0.154597834 -0.001853291 0.999997973 0.000768122 -0.254602015 -0.001732067 -0.000771332 0.999998152 8.289771080
0.999995351 0.002128007 0.002192290 0.158638582 -0.002129246 0.999997616 0.000562892 -0.263215810 -0.002191087 -0.000567557 0.999997437 8.618227959
0.999996245 0.002069203 0.001856090 0.164329201 -0.002070862 0.999997437 0.000892353 -0.272790223 -0.001854239 -0.000896194 0.999997854 8.972748756
0.999997616 0.001610245 0.001447810 0.180575445 -0.001611424 0.999998331 0.000813508 -0.280596703 -0.001446497 -0.000815839 0.999998689 9.312502861
0.999998271 0.001537692 0.001024183 0.190623686 -0.001538975 0.999998033 0.001253445 -0.296139687 -0.001022253 -0.001255019 0.999998689 9.660911560
0.999998093 0.001637267 0.000975184 0.196882725 -0.001638786 0.999997377 0.001559240 -0.305724949 -0.000972628 -0.001560835 0.999998271 10.016921043
0.999997914 0.001653570 0.001209338 0.202455580 -0.001655321 0.999997556 0.001448373 -0.320289969 -0.001206940 -0.001450372 0.999998212 10.369472504
0.999997199 0.002090173 0.001068266 0.213643491 -0.002092201 0.999996006 0.001900982 -0.324379116 -0.001064288 -0.001903212 0.999997675 10.753293991
0.999997318 0.001814225 0.001428044 0.211192042 -0.001816210 0.999997377 0.001390025 -0.330131382 -0.001425518 -0.001392615 0.999998033 11.112751961
0.999996483 0.002131180 0.001535111 0.218941107 -0.002132549 0.999997318 0.000890159 -0.336452931 -0.001533210 -0.000893429 0.999998450 11.497107506
0.999995530 0.002322233 0.001874758 0.223097026 -0.002325369 0.999995828 0.001672444 -0.355150759 -0.001870867 -0.001676797 0.999996781 11.870601654
0.999995530 0.002281357 0.001925883 0.229440540 -0.002284559 0.999996006 0.001662358 -0.367001206 -0.001922083 -0.001666750 0.999996781 12.260447502
0.999994576 0.002570878 0.002052887 0.238984659 -0.002574776 0.999994814 0.001898362 -0.381502390 -0.002047996 -0.001903637 0.999996126 12.646420479
0.999995708 0.001769257 0.002347717 0.248329282 -0.001774850 0.999995589 0.002382195 -0.394011080 -0.002343492 -0.002386351 0.999994397 13.048842430
0.999996424 0.001692239 0.002038789 0.265507698 -0.001696089 0.999996781 0.001887850 -0.401290298 -0.002035588 -0.001891302 0.999996126 13.449426651
0.999993145 0.002528520 0.002699876 0.268356740 -0.002533983 0.999994755 0.002021921 -0.414884925 -0.002694749 -0.002028749 0.999994338 13.865524292
0.999992907 0.002427535 0.002874448 0.274505615 -0.002433388 0.999994993 0.002034709 -0.417896330 -0.002869494 -0.002041689 0.999993801 14.294974327
0.999992192 0.002504660 0.003065126 0.286407948 -0.002510879 0.999994934 0.002026712 -0.434897840 -0.003060034 -0.002034392 0.999993265 14.708842278
0.999993384 0.002169567 0.002927991 0.299748570 -0.002175626 0.999995470 0.002067604 -0.444654018 -0.002923493 -0.002073960 0.999993503 15.141139984
0.999992192 0.002517627 0.003036865 0.317485422 -0.002524583 0.999994159 0.002288966 -0.461379409 -0.003031085 -0.002296615 0.999992788 15.556947708
0.999991238 0.002178929 0.003575907 0.318821341 -0.002187354 0.999994814 0.002354201 -0.468495935 -0.003570759 -0.002362002 0.999990821 16.015972137
0.999990225 0.002569839 0.003636317 0.336726665 -0.002578810 0.999993622 0.002464503 -0.485217184 -0.003629961 -0.002473856 0.999990344 16.451677322
0.999987483 0.002965742 0.004028646 0.343955547 -0.002975706 0.999992549 0.002469589 -0.498055547 -0.004021292 -0.002481546 0.999988854 16.894529343
0.999990344 0.002347881 0.003712722 0.362737566 -0.002358004 0.999993503 0.002724579 -0.513615370 -0.003706301 -0.002733307 0.999989390 17.367694855
0.999987900 0.002673444 0.004112880 0.366073370 -0.002685126 0.999992371 0.002837226 -0.529226899 -0.004105263 -0.002848235 0.999987543 17.815986633
0.999985218 0.002893571 0.004606520 0.374571472 -0.002903696 0.999993443 0.002192868 -0.536442220 -0.004600145 -0.002206211 0.999987006 18.287652969
0.999983788 0.002306768 0.005203670 0.379270613 -0.002323197 0.999992311 0.003153445 -0.563717723 -0.005196355 -0.003165483 0.999981463 18.754779816
0.999987364 0.002090003 0.004565439 0.410282761 -0.002102091 0.999994278 0.002644369 -0.555193722 -0.004559886 -0.002653933 0.999986112 19.263341904
0.999985695 0.002208245 0.004874463 0.411872059 -0.002220796 0.999994218 0.002571022 -0.572573960 -0.004868757 -0.002581810 0.999984801 19.732009888
0.999985099 0.002310961 0.004948141 0.421934932 -0.002327070 0.999992073 0.003252481 -0.590766132 -0.004940585 -0.003263947 0.999982417 20.215147018
0.999982774 0.002641180 0.005242749 0.428310931 -0.002658648 0.999990940 0.003327684 -0.615276873 -0.005233911 -0.003341566 0.999980748 20.726806641
0.999984264 0.002533945 0.005001142 0.443531871 -0.002549865 0.999991655 0.003179389 -0.617204130 -0.004993044 -0.003192091 0.999982417 21.199831009
0.999989390 0.002349947 0.003956658 0.468524545 -0.002362902 0.999991834 0.003272801 -0.637908280 -0.003948935 -0.003282116 0.999986827 21.708671570
0.999990880 0.002590447 0.003394123 0.482167065 -0.002600067 0.999992609 0.002832752 -0.646254301 -0.003386760 -0.002841552 0.999990284 22.223686218
0.999990165 0.002977727 0.003266489 0.487857729 -0.002988356 0.999990225 0.003254096 -0.669157147 -0.003256767 -0.003263826 0.999989390 22.698266983
0.999994397 0.002372158 0.002337263 0.509337008 -0.002379658 0.999992013 0.003211024 -0.687325239 -0.002329628 -0.003216568 0.999992132 23.207809448
0.999995470 0.001984776 0.002253240 0.511529267 -0.001993448 0.999990582 0.003852967 -0.706725121 -0.002245572 -0.003857441 0.999990046 23.706277847
0.999998212 0.000870786 0.001681848 0.522271514 -0.000876317 0.999994099 0.003290533 -0.719459116 -0.001678973 -0.003292000 0.999993205 24.227094650
0.999994755 0.002685558 0.001806506 0.524607122 -0.002691835 0.999990344 0.003481573 -0.733525634 -0.001797139 -0.003486418 0.999992311 24.756925583
0.999994934 0.003068539 0.000771206 0.540287971 -0.003071326 0.999988794 0.003638955 -0.751153946 -0.000760031 -0.003641306 0.999993086 25.301975250
0.999994338 0.003357131 -0.000107168 0.560046673 -0.003356710 0.999987483 0.003710980 -0.758203745 0.000119625 -0.003710599 0.999993086 25.851442337
0.999991953 0.003969598 -0.000422709 0.567306519 -0.003968134 0.999986351 0.003410214 -0.767765999 0.000436240 -0.003408510 0.999994099 26.413988113
0.999994636 0.003261189 -0.000285229 0.570450664 -0.003259933 0.999985456 0.004297167 -0.790220916 0.000299238 -0.004296215 0.999990642 26.959070206
0.999994695 0.002950042 -0.001345888 0.585750580 -0.002944233 0.999986410 0.004297793 -0.814573586 0.001358549 -0.004293808 0.999989867 27.502046585
0.999993324 0.003215244 -0.001730040 0.598477721 -0.003208390 0.999987006 0.003949878 -0.826029301 0.001742718 -0.003944302 0.999990642 28.059146881
0.999991357 0.003960879 -0.001224993 0.602499306 -0.003955903 0.999984026 0.004037383 -0.836086154 0.001240965 -0.004032502 0.999991119 28.596937180
0.999991000 0.003860682 -0.001762091 0.617089927 -0.003853228 0.999983668 0.004213913 -0.851495147 0.001778331 -0.004207086 0.999989510 29.155658722
0.999990046 0.004198094 -0.001589483 0.619623661 -0.004191749 0.999983311 0.003975474 -0.862751186 0.001606146 -0.003968771 0.999990821 29.704061508
0.999991357 0.003437256 -0.002304398 0.633100927 -0.003427703 0.999985576 0.004137221 -0.875794411 0.002318585 -0.004129286 0.999988794 30.239627838
0.999991000 0.003423388 -0.002485894 0.635621905 -0.003412566 0.999984741 0.004344640 -0.893771291 0.002500730 -0.004336119 0.999987423 30.770866394
0.999989927 0.003546021 -0.002747489 0.648338914 -0.003534447 0.999984920 0.004205599 -0.905135810 0.002762360 -0.004195846 0.999987364 31.319564819
0.999987125 0.004120529 -0.002968854 0.654427648 -0.004108784 0.999983728 0.003951497 -0.914666533 0.002985088 -0.003939247 0.999987781 31.876264572
0.999986708 0.003642669 -0.003626707 0.664847851 -0.003629643 0.999986887 0.003591582 -0.919863582 0.003639743 -0.003578371 0.999986947 32.376407623
0.999983490 0.004393334 -0.003697156 0.685834885 -0.004380261 0.999984145 0.003536701 -0.918412149 0.003712635 -0.003520448 0.999986827 32.976409912
0.999983251 0.004624644 -0.003462493 0.671168029 -0.004610979 0.999981523 0.003943695 -0.951217949 0.003480667 -0.003927663 0.999986231 33.509765625
0.999984622 0.003586795 -0.004212900 0.702803493 -0.003568298 0.999984026 0.004389698 -0.977685750 0.004228576 -0.004374598 0.999981463 34.016517639
0.999982119 0.003914923 -0.004522309 0.710886717 -0.003894521 0.999982238 0.004511269 -0.991352022 0.004539890 -0.004493576 0.999979615 34.558403015
0.999981523 0.004273047 -0.004332597 0.717927217 -0.004251564 0.999978721 0.004955597 -1.012970448 0.004353680 -0.004937085 0.999978364 35.089797974
0.999980748 0.004499672 -0.004274309 0.730080307 -0.004479324 0.999978662 0.004758341 -1.021316051 0.004295629 -0.004739104 0.999979556 35.641063690
0.999983191 0.003810976 -0.004367546 0.721258163 -0.003791437 0.999982834 0.004473376 -1.025896907 0.004384518 -0.004456741 0.999980390 36.220069885
0.999980807 0.004531571 -0.004229571 0.728767037 -0.004516416 0.999983311 0.003585882 -1.043621421 0.004245751 -0.003566711 0.999984622 36.824237823
0.999977827 0.004635610 -0.004778415 0.735803783 -0.004618848 0.999983191 0.003512903 -1.053829670 0.004794619 -0.003490755 0.999982357 37.383769989
0.999981582 0.004051407 -0.004522354 0.744860768 -0.004032465 0.999983072 0.004189718 -1.064803839 0.004539252 -0.004171405 0.999980986 37.865264893
0.999977171 0.004847207 -0.004707075 0.760104001 -0.004830481 0.999981999 0.003558439 -1.088520527 0.004724239 -0.003535620 0.999982595 38.451438904
0.999980628 0.003843599 -0.004886081 0.759929299 -0.003822015 0.999982893 0.004419098 -1.092118502 0.004902983 -0.004400337 0.999978304 38.961490631
0.999979973 0.003842580 -0.005017881 0.765520692 -0.003821125 0.999983549 0.004278533 -1.102266192 0.005034239 -0.004259274 0.999978185 39.501552582
0.999981105 0.003760645 -0.004851517 0.772824109 -0.003740477 0.999984264 0.004159473 -1.115971923 0.004867083 -0.004141247 0.999979556 40.031314850
0.999979019 0.004070092 -0.005023996 0.787802279 -0.004050002 0.999983788 0.004002340 -1.131065011 0.005040204 -0.003981910 0.999979317 40.568210602
0.999979377 0.003881982 -0.005105569 0.797285855 -0.003862742 0.999985456 0.003772704 -1.139669895 0.005120140 -0.003752906 0.999979913 41.121421814
0.999978542 0.003903698 -0.005265403 0.798349619 -0.003882440 0.999984324 0.004041674 -1.158608198 0.005281097 -0.004021144 0.999977887 41.655879974
0.999975979 0.004242999 -0.005471049 0.812689304 -0.004223501 0.999984682 0.003570484 -1.162187219 0.005486115 -0.003547291 0.999978662 42.199790955
0.999978364 0.004036083 -0.005199823 0.814621925 -0.004015375 0.999983966 0.003986720 -1.181055546 0.005215830 -0.003965755 0.999978542 42.737579346
0.999978781 0.004069351 -0.005099767 0.821591973 -0.004047733 0.999982774 0.004242248 -1.196051359 0.005116943 -0.004221515 0.999978006 43.283504486
0.999977410 0.004488326 -0.005032866 0.833379209 -0.004469939 0.999983311 0.003658794 -1.204617977 0.005049204 -0.003636214 0.999980628 43.822380066
0.999979138 0.004175474 -0.004938731 0.843609035 -0.004155936 0.999983549 0.003959672 -1.221544981 0.004955184 -0.003939064 0.999979973 44.365852356
0.999976575 0.005028239 -0.004626493 0.843551755 -0.005011364 0.999980688 0.003651829 -1.227893114 0.004644767 -0.003628559 0.999982595 44.886459351
0.999979675 0.005356462 -0.003466101 0.841157436 -0.005346850 0.999981880 0.002775985 -1.226768732 0.003480908 -0.002757396 0.999990106 45.433071136
0.999974668 0.005803214 -0.004109962 0.861105561 -0.005787584 0.999975979 0.003804740 -1.254659534 0.004131943 -0.003780857 0.999984324 45.993587494
0.999975324 0.005586531 -0.004254542 0.880276978 -0.005575391 0.999980986 0.002625908 -1.263232470 0.004269130 -0.002602122 0.999987423 46.550323486
0.999974787 0.005441971 -0.004557309 0.890625060 -0.005427028 0.999979854 0.003285067 -1.280491829 0.004575095 -0.003260252 0.999984145 47.095710754
0.999974012 0.005839448 -0.004251898 0.906850576 -0.005825358 0.999977469 0.003318804 -1.295319796 0.004271183 -0.003293948 0.999985397 47.659980774
0.999968588 0.006441525 -0.004624719 0.914898694 -0.006429251 0.999975741 0.002663872 -1.308452010 0.004641767 -0.002634055 0.999985754 48.197952271
0.999974608 0.005552011 -0.004461336 0.936102271 -0.005535618 0.999978006 0.003677971 -1.327201962 0.004481658 -0.003653181 0.999983311 48.752059937
0.999973178 0.006203800 -0.003868531 0.931780577 -0.006190454 0.999974847 0.003452680 -1.332781553 0.003889853 -0.003428640 0.999986589 49.305042267
0.999975860 0.005666313 -0.004008184 0.953700006 -0.005653044 0.999978542 0.003314322 -1.350592375 0.004026878 -0.003291585 0.999986470 49.843238831
0.999967873 0.006691684 -0.004409600 0.953053951 -0.006679297 0.999973714 0.002818258 -1.357124686 0.004428342 -0.002788714 0.999986291 50.369125366
0.999967754 0.006931461 -0.004062930 0.958072543 -0.006919750 0.999971867 0.002889885 -1.372948766 0.004082846 -0.002861677 0.999987602 50.904994965
0.999969542 0.006424942 -0.004437268 0.976590514 -0.006411330 0.999974728 0.003075162 -1.398174405 0.004456914 -0.003046620 0.999985456 51.462860107
0.999970913 0.006477980 -0.004004709 0.983897448 -0.006466550 0.999975026 0.002860618 -1.393837929 0.004023140 -0.002834638 0.999987900 52.020931244
0.999961734 0.007834395 -0.003871882 0.980230927 -0.007822563 0.999964714 0.003062041 -1.424181938 0.003895736 -0.003031637 0.999987841 52.546577454
0.999961317 0.007796302 -0.004058037 1.000955820 -0.007783167 0.999964476 0.003242200 -1.435196042 0.004083169 -0.003210491 0.999986470 53.084995270
0.999961197 0.007917788 -0.003848196 1.001912832 -0.007905731 0.999963760 0.003138386 -1.451314449 0.003872906 -0.003107842 0.999987602 53.618255615
0.999965608 0.007492280 -0.003533556 1.011175156 -0.007482866 0.999968410 0.002670132 -1.460849404 0.003553450 -0.002643600 0.999990106 54.178066254
0.999961078 0.008155203 -0.003340205 1.012832165 -0.008145353 0.999962449 0.002951416 -1.480239034 0.003364149 -0.002924095 0.999990046 54.712112427
0.999963701 0.007768787 -0.003497077 1.020406723 -0.007758936 0.999965906 0.002821591 -1.493997216 0.003518878 -0.002794354 0.999989927 55.265533447
0.999964535 0.007640484 -0.003520264 1.032961607 -0.007631870 0.999967813 0.002453791 -1.501339197 0.003538899 -0.002426838 0.999990821 55.824882507
0.999962628 0.008019765 -0.003221722 1.034517050 -0.008010368 0.999963641 0.002919409 -1.520295024 0.003245018 -0.002893494 0.999990523 56.368846893
0.999960005 0.008403040 -0.003057514 1.040803552 -0.008394994 0.999961257 0.002634831 -1.535222411 0.003079536 -0.002609058 0.999991775 56.931324005
0.999957681 0.008743103 -0.002855146 1.051608920 -0.008735729 0.999958515 0.002584718 -1.546624541 0.002877626 -0.002559667 0.999992609 57.470684052
0.999959886 0.008354618 -0.003230423 1.061567545 -0.008346162 0.999961674 0.002622838 -1.561756611 0.003252211 -0.002595771 0.999991298 58.017078400
0.999960780 0.008412789 -0.002763252 1.071701884 -0.008406032 0.999961615 0.002448394 -1.578592062 0.002783744 -0.002425070 0.999993205 58.554637909
0.999960899 0.008298007 -0.003057962 1.083033442 -0.008291176 0.999963105 0.002240330 -1.589411616 0.003076439 -0.002214888 0.999992847 59.092411041
0.999963522 0.008134399 -0.002587087 1.081313729 -0.008129382 0.999965012 0.001943714 -1.597998738 0.002602808 -0.001922612 0.999994695 59.640247345
0.999960601 0.008502664 -0.002534790 1.086017847 -0.008498767 0.999962687 0.001543754 -1.606847048 0.002547822 -0.001522151 0.999995589 60.175411224
0.999961555 0.008358953 -0.002620789 1.096055150 -0.008355044 0.999963939 0.001498593 -1.616391301 0.002633222 -0.001476639 0.999995470 60.730476379
0.999955535 0.009127310 -0.002352652 1.101638317 -0.009123480 0.999956965 0.001633550 -1.634263039 0.002367461 -0.001612013 0.999995887 61.255794525
0.999958158 0.008829891 -0.002390287 1.114290833 -0.008826064 0.999959707 0.001607167 -1.645707011 0.002404382 -0.001586003 0.999995768 61.798477173
0.999953926 0.009330997 -0.002222655 1.117545366 -0.009327538 0.999955297 0.001559959 -1.662276506 0.002237112 -0.001539156 0.999996305 62.331192017
0.999955475 0.009220568 -0.001973209 1.126532674 -0.009217503 0.999956310 0.001557771 -1.678143978 0.001987486 -0.001539514 0.999996841 62.871311188
0.999954462 0.009416750 -0.001551281 1.132005334 -0.009414224 0.999954343 0.001626192 -1.692505479 0.001566524 -0.001611514 0.999997497 63.413272858
0.999951601 0.009701448 -0.001638299 1.142246604 -0.009698723 0.999951601 0.001664092 -1.712440252 0.001654364 -0.001648122 0.999997258 63.943237305
0.999952555 0.009632981 -0.001441221 1.149764895 -0.009630466 0.999952137 0.001740862 -1.725562453 0.001457922 -0.001726900 0.999997437 64.479377747
0.999950469 0.009828073 -0.001562851 1.160282016 -0.009825314 0.999950171 0.001762964 -1.738615632 0.001580100 -0.001747521 0.999997199 65.012435913
0.999945343 0.010375711 -0.001228808 1.165611982 -0.010373816 0.999944985 0.001539433 -1.752057672 0.001244713 -0.001526602 0.999997973 65.541542053
0.999949157 0.009966600 -0.001542701 1.180416107 -0.009964049 0.999948919 0.001652661 -1.767906785 0.001559093 -0.001637205 0.999997437 66.061058044
0.999947309 0.010183487 -0.001257357 1.183112502 -0.010181787 0.999947250 0.001349960 -1.779017925 0.001271038 -0.001337087 0.999998212 66.607620239
0.999943078 0.010586297 -0.001268383 1.194395304 -0.010584882 0.999943376 0.001118258 -1.794641614 0.001280150 -0.001104769 0.999998569 67.134231567
0.999945700 0.010315246 -0.001495508 1.207046151 -0.010313660 0.999946177 0.001063857 -1.809046030 0.001506401 -0.001048375 0.999998271 67.668205261
0.999938190 0.011081931 -0.000928843 1.212455034 -0.011080903 0.999937952 0.001104994 -1.827135921 0.000941031 -0.001094633 0.999998927 68.205329895
0.999944985 0.010433784 -0.001069891 1.219106078 -0.010432595 0.999944985 0.001109877 -1.839296103 0.001081412 -0.001098654 0.999998808 68.736282349
0.999942183 0.010650828 -0.001482392 1.228715539 -0.010648626 0.999942183 0.001485244 -1.856881142 0.001498125 -0.001469373 0.999997795 69.254570007
0.999935031 0.011339387 -0.001192283 1.239830971 -0.011338278 0.999935269 0.000932914 -1.869317055 0.001202785 -0.000919335 0.999998868 69.803604126
0.999940634 0.010851198 -0.000978297 1.246387362 -0.010849661 0.999939919 0.001563162 -1.890951157 0.000995200 -0.001552454 0.999998271 70.324874878
0.999941647 0.010753489 -0.001075186 1.261235833 -0.010752342 0.999941647 0.001066948 -1.903606415 0.001086597 -0.001055324 0.999998868 70.898635864
0.999933243 0.011528812 -0.000685396 1.261551499 -0.011527756 0.999932408 0.001527351 -1.922361374 0.000702959 -0.001519348 0.999998569 71.360397339
0.999934435 0.011441254 -0.000678305 1.272485733 -0.011440088 0.999933124 0.001697626 -1.939757109 0.000697682 -0.001689755 0.999998331 71.885589600
0.999928236 0.011961317 -0.000565349 1.278456569 -0.011960652 0.999927819 0.001163421 -1.951575756 0.000579224 -0.001156575 0.999999106 72.418197632
0.999927461 0.012031606 -0.000456170 1.287752748 -0.012031046 0.999926865 0.001210391 -1.967911839 0.000470700 -0.001204815 0.999999166 72.942771912
0.999926329 0.012128009 -0.000392459 1.294043303 -0.012127505 0.999925673 0.001267125 -1.983518004 0.000407797 -0.001262272 0.999999106 73.476501465
0.999926686 0.012104230 -0.000375996 1.305308223 -0.012103761 0.999925971 0.001225216 -2.000948906 0.000390798 -0.001220575 0.999999166 74.001136780
0.999925792 0.012179327 -0.000291548 1.316228032 -0.012178903 0.999924958 0.001406297 -2.013215065 0.000308654 -0.001402642 0.999998987 74.533554077
0.999925673 0.012187195 -0.000154207 1.327594995 -0.012186944 0.999924481 0.001532747 -2.029833317 0.000172876 -0.001530754 0.999998748 75.065422058
0.999926567 0.012107501 -0.000505033 1.341237426 -0.012106914 0.999926031 0.001150137 -2.042384624 0.000518921 -0.001143938 0.999999225 75.593574524
0.999920547 0.012606885 -0.000132252 1.345890045 -0.012606712 0.999919772 0.001223025 -2.059456825 0.000147660 -0.001221261 0.999999225 76.110336304
0.999924004 0.012318701 -0.000278242 1.360376000 -0.012318425 0.999923587 0.000969732 -2.073966026 0.000290167 -0.000966231 0.999999464 76.634994507
0.999926388 0.012127489 -0.000153092 1.372945428 -0.012127377 0.999926209 0.000716423 -2.086484194 0.000161769 -0.000714514 0.999999642 77.155014038
0.999923229 0.012389150 -0.000143910 1.379617333 -0.012388986 0.999922693 0.001077783 -2.100822926 0.000157251 -0.001075917 0.999999344 77.682075500
0.999925315 0.012217809 0.000359726 1.380828857 -0.012218148 0.999924898 0.000957415 -2.121925592 -0.000348002 -0.000961739 0.999999464 78.173851013
0.999914587 0.013055759 0.000471490 1.398696423 -0.013056280 0.999914110 0.001122128 -2.133801460 -0.000456799 -0.001128188 0.999999285 78.759414673
0.999920487 0.012598034 0.000587283 1.405433178 -0.012598795 0.999919772 0.001310756 -2.157406330 -0.000570723 -0.001318051 0.999998987 79.237449646
0.999922574 0.012439192 0.000401402 1.422549129 -0.012439611 0.999922037 0.001060432 -2.174749374 -0.000388180 -0.001065343 0.999999344 79.777320862
0.999922395 0.012405118 0.001160423 1.436333537 -0.012406628 0.999922097 0.001303737 -2.189164877 -0.001144160 -0.001318033 0.999998391 80.324600220
0.999920428 0.012369923 0.002471693 1.446798563 -0.012372221 0.999923050 0.000917397 -2.201853991 -0.002460154 -0.000947905 0.999996483 80.858428955
0.999911249 0.012710113 0.003994710 1.455757856 -0.012714457 0.999918580 0.001063823 -2.220462561 -0.003980864 -0.001114520 0.999991417 81.382797241
0.999910116 0.012414843 0.005064518 1.469655752 -0.012420903 0.999922156 0.001166999 -2.236472607 -0.005049636 -0.001229800 0.999986410 81.912872314
0.999893010 0.012175396 0.008102924 1.493136644 -0.012183431 0.999925315 0.000942758 -2.249443293 -0.008090840 -0.001041379 0.999966741 82.453041077
0.999845743 0.012847158 0.011975072 1.514382958 -0.012858806 0.999916911 0.000896208 -2.262870789 -0.011962564 -0.001050055 0.999927878 82.995079041
0.999806046 0.012688086 0.015061758 1.543303370 -0.012702440 0.999918938 0.000857670 -2.285379887 -0.015049657 -0.001048825 0.999886215 83.519844055
0.999725997 0.012928026 0.019512810 1.569491982 -0.012948874 0.999915719 0.000942593 -2.303045511 -0.019498976 -0.001195004 0.999809265 84.056953430
0.999593377 0.012879953 0.025438195 1.605029225 -0.012909574 0.999916196 0.001000508 -2.320652246 -0.025423175 -0.001328497 0.999675870 84.583709717
0.999429345 0.012998391 0.031177165 1.651822686 -0.013034956 0.999914587 0.000969840 -2.342256784 -0.031161895 -0.001375680 0.999513388 85.100952148
0.999231398 0.012819214 0.037043083 1.686206341 -0.012858317 0.999916852 0.000817599 -2.353847504 -0.037029523 -0.001293283 0.999313354 85.656295776
0.998897851 0.013160440 0.045054752 1.741060734 -0.013215162 0.999912202 0.000916934 -2.378214359 -0.045038734 -0.001511329 0.998984039 86.181526184
0.998490095 0.012749956 0.053431649 1.788314104 -0.012786285 0.999918222 0.000338073 -2.391816378 -0.053422969 -0.001020755 0.998571396 86.738418579
0.998082697 0.012653537 0.060587455 1.848926067 -0.012710952 0.999918997 0.000562291 -2.411524296 -0.060575444 -0.001331337 0.998162746 87.319625854
0.997579515 0.012862240 0.068335265 1.989042282 -0.013073504 0.999911010 0.002645256 -2.511295557 -0.068295166 -0.003532235 0.997658908 87.587379456
0.996751368 0.012438520 0.079572804 2.011024475 -0.012471552 0.999922156 -0.000081869 -2.451851130 -0.079567626 -0.000910793 0.996829033 88.587585449
0.995956957 0.012046981 0.089020036 2.095688820 -0.012009098 0.999927402 -0.000961150 -2.458361626 -0.089025147 -0.000111786 0.996029317 89.334350586
0.995178282 0.011681064 0.097383238 2.158050060 -0.011508092 0.999931037 -0.002337716 -2.438776255 -0.097403802 0.001205749 0.995244205 90.200965881
0.994091332 0.012152749 0.107864551 2.248651028 -0.012002915 0.999926031 -0.002038253 -2.477276564 -0.107881330 0.000731521 0.994163513 90.721565247
0.992896318 0.012162986 0.118359558 2.324791908 -0.012029021 0.999925971 -0.001846195 -2.501193762 -0.118373238 0.000409330 0.992969036 91.244827271
0.991708994 0.010589464 0.128066957 2.407017708 -0.010369249 0.999943495 -0.002386132 -2.522843122 -0.128084973 0.001038390 0.991762638 91.805747986
0.990199506 0.010319038 0.139278665 2.505280495 -0.010027226 0.999945819 -0.002796739 -2.537861109 -0.139299959 0.001372751 0.990249276 92.341705322
0.988315225 0.011439240 0.151993677 2.601272583 -0.011258209 0.999934494 -0.002051599 -2.557744503 -0.152007177 0.000316451 0.988379359 92.847747803
0.986635923 0.009719155 0.162650406 2.711634636 -0.009340201 0.999951601 -0.003094417 -2.571488857 -0.162672579 0.001533876 0.986678898 93.378082275
0.984845877 0.010492045 0.173113614 2.830299377 -0.010248875 0.999944866 -0.002298516 -2.585083961 -0.173128143 0.000489464 0.984899163 93.924034119
0.982538998 0.010511353 0.185759485 2.948367119 -0.010262227 0.999944687 -0.002302624 -2.604292393 -0.185773432 0.000356112 0.982592583 94.455505371
0.980113029 0.009720856 0.198201776 3.088694572 -0.009364621 0.999952435 -0.002734621 -2.621029854 -0.198218927 0.000824153 0.980157435 94.967292786
0.977895856 0.009011262 0.208898351 3.217176437 -0.008652567 0.999959052 -0.002630876 -2.639518023 -0.208913490 0.000765216 0.977933824 95.506538391
0.975014627 0.009043434 0.221956700 3.361894608 -0.008719919 0.999959052 -0.002437482 -2.664754391 -0.221969619 0.000441135 0.975053489 96.027366638
0.972174227 0.007948264 0.234124169 3.534114838 -0.007547232 0.999968112 -0.002608828 -2.680797100 -0.234137475 0.000769246 0.972203195 96.491882324
0.969620287 0.006435220 0.244530767 3.692251205 -0.005775877 0.999977529 -0.003413352 -2.696119785 -0.244547248 0.001897275 0.969635546 97.007774353
0.966517687 0.007482946 0.256490946 3.845157623 -0.006917579 0.999971390 -0.003106421 -2.719876289 -0.256506830 0.001228114 0.966541648 97.509918213
0.962923646 0.007959343 0.269657075 4.011541367 -0.007558947 0.999968231 -0.002523218 -2.737400532 -0.269668579 0.000391343 0.962953150 98.062461853
0.959436476 0.007513874 0.281824708 4.189205170 -0.007025850 0.999971509 -0.002742139 -2.768306971 -0.281837225 0.000650850 0.959461987 98.523902893
0.955969691 0.007078687 0.293379962 4.372688293 -0.006379847 0.999974012 -0.003338887 -2.782147884 -0.293395936 0.001320156 0.955990195 99.047348022
0.951677561 0.007279071 0.307012886 4.574447632 -0.006999210 0.999973476 -0.002012576 -2.829319954 -0.307019323 -0.000233524 0.951703250 99.572296143
0.947447121 0.005422187 0.319866449 4.785299301 -0.004776343 0.999984682 -0.002803580 -2.824601650 -0.319876671 0.001128452 0.947458506 100.086044312
0.943504274 0.004991023 0.331322849 4.989564896 -0.004131307 0.999986112 -0.003299039 -2.837976933 -0.331334680 0.001743861 0.943511665 100.590141296
0.938780546 0.004793995 0.344482452 5.196924210 -0.004075551 0.999987781 -0.002809686 -2.861742735 -0.344491661 0.001233722 0.938788533 101.079040527
0.933690071 0.003676129 0.358063251 5.415466309 -0.002925998 0.999992251 -0.002636757 -2.881313801 -0.358070076 0.001414223 0.933693647 101.551719666
0.928736269 0.004861127 0.370709360 5.643457413 -0.004406885 0.999988139 -0.002072337 -2.917810202 -0.370714962 0.000290981 0.928746641 102.076927185
0.923377573 0.006266318 0.383841872 5.854158401 -0.005887545 0.999980271 -0.002161745 -2.929884195 -0.383847862 -0.000263779 0.923396289 102.583984375
0.918076098 0.003578668 0.396388054 6.114131927 -0.002814943 0.999992847 -0.002508428 -2.928879261 -0.396394253 0.001187118 0.918079615 103.058677673
0.912343562 0.002992351 0.409414470 6.362106323 -0.002223618 0.999994755 -0.002353685 -2.945632458 -0.409419328 0.001236988 0.912345469 103.552429199
0.907289267 0.002061499 0.420502037 6.598445892 -0.001104832 0.999996245 -0.002518628 -2.967241526 -0.420505643 0.001820540 0.907288194 104.010780334
0.901564181 0.002124670 0.432640225 6.875892639 -0.001054325 0.999995708 -0.002713849 -2.987168074 -0.432644159 0.001990565 0.901562572 104.485771179
0.894965589 0.002397088 0.446128786 7.132583618 -0.001500390 0.999996185 -0.002363177 -2.994823694 -0.446132720 0.001445594 0.894965589 105.004028320
0.889124095 0.002433218 0.457659781 7.418151855 -0.001185689 0.999994755 -0.003013111 -3.022181749 -0.457664698 0.002136386 0.889122367 105.451988220
0.883136809 0.001961624 0.469111472 7.675930023 -0.001074027 0.999997020 -0.002159627 -3.048451185 -0.469114363 0.001403408 0.883136213 105.886367798
0.875820577 0.000868670 0.482636034 7.962150574 0.000389390 0.999996781 -0.002506449 -3.066301107 -0.482636601 0.002383133 0.875817478 106.352287292
0.868656218 0.001273303 0.495413691 8.256511688 0.000065834 0.999996305 -0.002685606 -3.071823120 -0.495415360 0.002365484 0.868652940 106.839019775
0.862659514 0.000287950 0.505784988 8.539428711 0.000979190 0.999997079 -0.002239402 -3.104381084 -0.505784094 0.002427101 0.862656713 107.253356934
0.854657233 0.000123161 0.519192576 8.840015411 0.001272893 0.999996483 -0.002332560 -3.122248650 -0.519191086 0.002654416 0.854654074 107.708618164
