1.000000000 0.000000000 0.000000000 0.000000000 0.000000000 1.000000000 0.000000000 0.000000000 0.000000000 0.000000000 1.000000000 0.000000000
1.000000000 -0.000021330 -0.000129580 0.004431095 0.000021336 1.000000000 0.000049719 -0.000977306 0.000129579 -0.000049721 1.000000000 -0.002299422
1.000000000 -0.000100592 -0.000089957 0.002155256 0.000100592 1.000000000 0.000003504 -0.000492297 0.000089957 -0.000003513 1.000000000 -0.000052598
1.000000000 -0.000115226 -0.000102370 0.004327949 0.000115220 1.000000000 -0.000059768 0.000624994 0.000102377 0.000059756 1.000000000 -0.000006557
1.000000000 -0.000038283 -0.000078849 0.004289085 0.000038281 1.000000000 -0.000034513 0.000183892 0.000078850 0.000034510 1.000000000 -0.004405334
1.000000000 -0.000114591 0.000021781 -0.002357547 0.000114591 1.000000000 0.000025385 0.000912675 -0.000021783 -0.000025383 1.000000000 -0.003264714
1.000000000 -0.000113691 -0.000127983 0.003813915 0.000113687 1.000000000 -0.000032389 -0.001131092 0.000127987 0.000032374 1.000000000 -0.003537168
1.000000000 -0.000106258 -0.000067663 0.003284018 0.000106258 1.000000000 -0.000005506 -0.001064943 0.000067664 0.000005499 1.000000000 0.000549029
1.000000000 -0.000054148 -0.000034385 0.001337661 0.000054150 1.000000000 0.000042712 -0.000264616 0.000034383 -0.000042714 1.000000000 -0.005773699
1.000000000 -0.000158059 -0.000105142 0.003642560 0.000158060 1.000000000 0.000007662 -0.001097124 0.000105141 -0.000007679 1.000000000 -0.001158232
0.999999940 -0.000255593 -0.000243425 0.007799598 0.000255594 0.999999940 0.000004036 -0.001031575 0.000243423 -0.000004098 1.000000000 -0.000026080
1.000000000 -0.000103990 -0.000110237 0.004329287 0.000103991 1.000000000 0.000009449 -0.000848796 0.000110236 -0.000009460 1.000000000 0.001182746
0.999999881 -0.000414500 -0.000147631 0.003969273 0.000414513 0.999999881 0.000091774 -0.000998816 0.000147593 -0.000091835 1.000000000 0.000535542
0.999999881 -0.000416585 -0.000198107 0.003903449 0.000416562 0.999999881 -0.000114919 -0.000450698 0.000198155 0.000114836 1.000000000 0.001218748
1.000000000 -0.000113558 0.000023243 -0.000427385 0.000113557 1.000000000 0.000027761 -0.000712165 -0.000023247 -0.000027759 1.000000000 -0.003622696
1.000000000 0.000016508 -0.000127276 0.001441463 -0.000016507 1.000000000 0.000004226 0.002085625 0.000127276 -0.000004224 1.000000000 -0.003226233
1.000000000 -0.000207254 -0.000033421 0.000914836 0.000207253 1.000000000 -0.000020528 0.001561555 0.000033425 0.000020521 1.000000000 -0.003681166
0.999999940 -0.000196143 -0.000152447 0.002149191 0.000196134 1.000000000 -0.000060021 -0.000159263 0.000152459 0.000059991 1.000000000 -0.005720086
1.000000000 -0.000223550 -0.000086213 0.002883033 0.000223553 1.000000000 0.000043024 -0.001216591 0.000086203 -0.000043043 1.000000000 -0.002689712
0.999999940 -0.000288995 -0.000162116 0.006301844 0.000289000 0.999999940 0.000032053 -0.000874539 0.000162106 -0.000032099 1.000000000 0.000194844
0.999999940 -0.000354443 -0.000158107 0.005967374 0.000354454 0.999999940 0.000070852 -0.002023803 0.000158082 -0.000070908 1.000000000 -0.003630373
0.999999940 -0.000248649 -0.000020496 0.000854850 0.000248650 0.999999940 0.000078628 0.000548122 0.000020476 -0.000078633 1.000000000 -0.005354946
0.999999940 -0.000249231 -0.000199820 0.008711881 0.000249226 0.999999940 -0.000021869 -0.001467424 0.000199826 0.000021820 1.000000000 0.000959026
1.000000000 -0.000168839 -0.000021310 0.001762244 0.000168839 1.000000000 -0.000008672 0.000707264 0.000021312 0.000008668 1.000000000 -0.008793968
1.000000000 -0.000134656 -0.000018102 -0.000188214 0.000134654 1.000000000 -0.000071589 0.000574753 0.000018112 0.000071586 1.000000000 -0.002425927
0.999999940 -0.000337670 -0.000144541 0.004872993 0.000337686 0.999999940 0.000114666 -0.001109220 0.000144503 -0.000114715 1.000000000 0.000131673
0.999999881 -0.000417190 -0.000252506 0.006479149 0.000417197 0.999999940 0.000027146 0.000438244 0.000252494 -0.000027251 0.999999940 -0.000056771
1.000000000 -0.000162949 -0.000160573 0.004518201 0.000162953 1.000000000 0.000025579 -0.000263007 0.000160569 -0.000025605 1.000000000 0.000572987
1.000000000 -0.000186793 -0.000091464 0.003486305 0.000186805 1.000000000 0.000136731 -0.000967361 0.000091439 -0.000136748 1.000000000 0.004455707
0.999999940 -0.000256031 -0.000047192 -0.001734814 0.000256036 0.999999940 0.000122468 -0.000689469 0.000047161 -0.000122480 1.000000000 -0.002548824
0.999999940 -0.000373037 -0.000117400 0.003395104 0.000373060 0.999999940 0.000196675 -0.003512405 0.000117327 -0.000196719 1.000000000 -0.008487147
1.000000000 0.000023733 0.000019146 -0.000213916 -0.000023734 1.000000000 0.000041508 0.000344558 -0.000019145 -0.000041509 1.000000000 -0.001473859
1.000000000 -0.000086960 0.000047853 -0.000850408 0.000086961 1.000000000 -0.000019228 0.001689180 -0.000047851 0.000019233 1.000000000 -0.002653472
0.999999940 -0.000321080 -0.000180453 0.003873979 0.000321076 0.999999940 -0.000026689 0.001143447 0.000180462 0.000026631 1.000000000 0.001980853
0.999999940 -0.000274300 -0.000125273 0.004018493 0.000274306 0.999999940 0.000049512 0.000325342 0.000125259 -0.000049547 1.000000000 0.001522397
0.999999940 -0.000269341 -0.000177036 0.007523506 0.000269348 0.999999940 0.000038248 0.000343691 0.000177025 -0.000038295 1.000000000 0.004115883
0.999999881 -0.000314803 -0.000282517 0.007817664 0.000314857 0.999999940 0.000190826 -0.002165550 0.000282457 -0.000190915 0.999999940 -0.000915651
0.999999881 -0.000410803 -0.000214128 0.002817390 0.000410809 0.999999940 0.000030463 -0.000381232 0.000214115 -0.000030551 1.000000000 -0.004602553
0.999999940 -0.000201329 -0.000195836 0.010278428 0.000201213 0.999999821 -0.000595105 -0.004446869 0.000195956 0.000595066 0.999999821 0.054383203
1.000000000 -0.000139711 -0.000143066 0.006795377 0.000139537 0.999999225 -0.001216077 -0.004225325 0.000143236 0.001216057 0.999999225 0.145037502
1.000000000 -0.000173416 -0.000058190 0.005373721 0.000173341 0.999999166 -0.001291201 -0.011860518 0.000058414 0.001291191 0.999999166 0.264473557
1.000000000 -0.000100298 0.000135717 0.002100529 0.000100456 0.999999285 -0.001166808 -0.017967725 -0.000135600 0.001166822 0.999999285 0.388349324
0.999999940 -0.000302335 -0.000246165 0.011748959 0.000302068 0.999999344 -0.001081959 -0.021349939 0.000246492 0.001081885 0.999999404 0.541786909
1.000000000 -0.000220663 -0.000092480 0.011605702 0.000220574 0.999999523 -0.000966500 -0.030014504 0.000092693 0.000966479 0.999999523 0.695728123
0.999999881 -0.000452870 0.000079277 0.018077875 0.000452943 0.999999464 -0.000931993 -0.027773557 -0.000078855 0.000932029 0.999999583 0.868832469
1.000000000 -0.000120347 -0.000046095 0.016940543 0.000120317 0.999999762 -0.000664657 -0.034490872 0.000046175 0.000664651 0.999999762 1.032528162
0.999999940 0.000076957 0.000241976 0.018277001 -0.000076758 0.999999642 -0.000822129 -0.029141685 -0.000242040 0.000822111 0.999999642 1.213451147
0.999999940 -0.000216574 0.000116915 0.031750858 0.000216645 0.999999821 -0.000604368 -0.044032916 -0.000116784 0.000604394 0.999999821 1.413722873
0.999999881 -0.000170929 -0.000457492 0.042630956 0.000170784 0.999999940 -0.000316332 -0.055010799 0.000457546 0.000316254 0.999999821 1.613466620
0.999999881 -0.000482902 0.000004128 0.040233929 0.000482901 0.999999881 0.000021491 -0.059132271 -0.000004138 -0.000021489 1.000000000 1.788860202
0.999998450 0.001766826 -0.000014122 0.058700778 -0.001766825 0.999998450 0.000087288 -0.068091966 0.000014276 -0.000087263 1.000000000 1.957914829
0.999998808 0.001545062 -0.000142056 0.064399175 -0.001545060 0.999998808 0.000010849 -0.073837876 0.000142072 -0.000010630 1.000000000 2.186718464
0.999997437 0.002253408 0.000381678 0.062778220 -0.002253386 0.999997497 -0.000058859 -0.072720878 -0.000381810 0.000057999 0.999999940 2.391457081
0.999997914 0.002017135 0.000272337 0.071623236 -0.002017150 0.999997914 0.000055054 -0.088147908 -0.000272226 -0.000055603 0.999999881 2.626614571
0.999998391 0.001765615 0.000400949 0.077029154 -0.001765652 0.999998510 0.000090768 -0.095375970 -0.000400788 -0.000091476 0.999999821 2.862743855
0.999998391 0.001783152 0.000173986 0.086933635 -0.001783170 0.999998450 0.000103358 -0.100591324 -0.000173802 -0.000103668 0.999999940 3.107167482
0.999997735 0.002040128 0.000541739 0.083725184 -0.002040214 0.999997914 0.000158040 -0.105888404 -0.000541415 -0.000159145 0.999999821 3.342338085
0.999997616 0.002091837 0.000595790 0.091240302 -0.002092019 0.999997795 0.000305457 -0.120806038 -0.000595150 -0.000306703 0.999999762 3.574198008
0.999997437 0.002194171 0.000489144 0.102790885 -0.002194417 0.999997497 0.000503283 -0.130277991 -0.000488039 -0.000504356 0.999999702 3.823370218
0.999997675 0.002030232 0.000693529 0.101023436 -0.002030675 0.999997675 0.000639796 -0.132073939 -0.000692229 -0.000641203 0.999999523 4.095185280
0.999996901 0.002369825 0.000769827 0.106032528 -0.002370527 0.999996722 0.000912501 -0.142379552 -0.000767662 -0.000914323 0.999999285 4.337913990
0.999997616 0.002139413 0.000455216 0.117949329 -0.002139754 0.999997497 0.000749350 -0.149869278 -0.000453612 -0.000750322 0.999999642 4.598824024
0.999997616 0.001997633 0.000938288 0.123680368 -0.001998507 0.999997616 0.000931469 -0.158679709 -0.000936425 -0.000933342 0.999999106 4.864812851
0.999997139 0.002259592 0.000793309 0.138133496 -0.002260206 0.999997079 0.000773951 -0.163885817 -0.000791558 -0.000775741 0.999999404 5.142105103
0.999998033 0.001849027 0.000661958 0.129520327 -0.001849550 0.999997973 0.000790747 -0.174342513 -0.000660494 -0.000791970 0.999999464 5.393742085
0.999998212 0.001697993 0.000915431 0.134496465 -0.001698448 0.999998450 0.000496855 -0.178378671 -0.000914586 -0.000498409 0.999999464 5.656559944
0.999997973 0.001783818 0.001054241 0.135170266 -0.001784702 0.999998033 0.000838539 -0.190889165 -0.001052743 -0.000840419 0.999999106 5.914129734
0.999996901 0.002247572 0.001134930 0.144205868 -0.002248391 0.999997199 0.000720492 -0.196288213 -0.001133307 -0.000723041 0.999999166 6.192482471
0.999996424 0.002309399 0.001287065 0.138120428 -0.002310669 0.999996841 0.000985932 -0.218153030 -0.001284784 -0.000988903 0.999998689 6.511137009
0.999996722 0.002340237 0.001025685 0.142637685 -0.002341003 0.999996960 0.000746216 -0.226174697 -0.001023935 -0.000748615 0.999999225 6.802681446
0.999996960 0.001994347 0.001384948 0.149674043 -0.001995271 0.999997735 0.000666035 -0.234650284 -0.001383617 -0.000668797 0.999998808 7.105849266
0.999998331 0.001668344 0.000745440 0.167553782 -0.001669171 0.999997973 0.001111064 -0.246669024 -0.000743585 -0.001112306 0.999999166 7.395943642
0.999997497 0.001822846 0.001306192 0.161970869 -0.001824026 0.999997914 0.000902982 -0.251505196 -0.001304543 -0.000905362 0.999998748 7.730641365
0.999998152 0.001766152 0.000779618 0.186472416 -0.001767180 0.999997556 0.001319599 -0.269749433 -0.000777285 -0.001320974 0.999998748 7.994899750
0.999996543 0.002267116 0.001380862 0.188007325 -0.002268677 0.999996841 0.001129876 -0.273806632 -0.001378295 -0.001133005 0.999998331 8.321885109
0.999996662 0.002132382 0.001455407 0.193764955 -0.002133595 0.999997318 0.000832200 -0.279171646 -0.001453628 -0.000835302 0.999998569 8.639516830
0.999996603 0.002085134 0.001582900 0.193543375 -0.002086864 0.999997318 0.001092036 -0.287805706 -0.001580618 -0.001095335 0.999998152 8.984099388
0.999998271 0.001299994 0.001321798 0.201251328 -0.001301570 0.999998450 0.001191865 -0.304304540 -0.001320247 -0.001193583 0.999998391 9.312679291
0.999999404 0.000517534 0.000983996 0.220887616 -0.000518339 0.999999583 0.000817634 -0.307203770 -0.000983573 -0.000818144 0.999999166 9.654114723
0.999999344 0.000634357 0.000924623 0.219130665 -0.000635554 0.999998987 0.001295153 -0.317500919 -0.000923800 -0.001295740 0.999998689 9.999237061
0.999999404 0.000623377 0.000934189 0.224327266 -0.000624585 0.999998987 0.001293420 -0.332263380 -0.000933382 -0.001294002 0.999998748 10.364068031
0.999998629 0.000971629 0.001315919 0.232202023 -0.000973931 0.999997973 0.001749718 -0.347605735 -0.001314217 -0.001750998 0.999997556 10.717700958
0.999996960 0.002045281 0.001360896 0.240965828 -0.002047365 0.999996722 0.001531950 -0.359386861 -0.001357758 -0.001534732 0.999997914 11.079796791
0.999996066 0.002411581 0.001352665 0.246395022 -0.002413840 0.999995649 0.001670833 -0.375210464 -0.001348630 -0.001674092 0.999997735 11.460184097
0.999997556 0.001672721 0.001467331 0.260754764 -0.001675052 0.999997377 0.001588827 -0.376317620 -0.001464670 -0.001591281 0.999997675 11.843216896
0.999993086 0.002898884 0.002334121 0.260818750 -0.002903461 0.999993920 0.001960066 -0.392408907 -0.002328424 -0.001966829 0.999995410 12.208263397
0.999992251 0.003104052 0.002400200 0.267208070 -0.003108103 0.999993801 0.001686046 -0.398546159 -0.002394951 -0.001693492 0.999995649 12.600620270
0.999998987 0.000648391 0.001220886 0.294413656 -0.000650706 0.999997914 0.001896140 -0.427116990 -0.001219654 -0.001896933 0.999997437 12.966673851
0.999998331 0.001382899 0.001181042 0.303947926 -0.001385293 0.999996960 0.002028693 -0.446196705 -0.001178233 -0.002030326 0.999997199 13.349030495
0.999996781 0.001663799 0.001891578 0.313973457 -0.001667738 0.999996424 0.002082729 -0.449831963 -0.001888106 -0.002085876 0.999996006 13.767242432
0.999994040 0.002349718 0.002526206 0.305048704 -0.002356293 0.999993742 0.002603106 -0.462692112 -0.002520074 -0.002609043 0.999993384 14.176380157
0.999998212 0.000766076 0.001708720 0.321958184 -0.000769599 0.999997556 0.002062040 -0.487879157 -0.001707136 -0.002063351 0.999996424 14.620150566
0.999997675 0.000245272 0.002155934 0.334048122 -0.000250980 0.999996483 0.002647532 -0.499047101 -0.002155278 -0.002648067 0.999994159 15.044447899
0.999996960 0.000438893 0.002434382 0.346083730 -0.000445259 0.999996483 0.002614813 -0.511385322 -0.002433226 -0.002615889 0.999993622 15.479084969
0.999995410 0.001229064 0.002782808 0.362012565 -0.001237610 0.999994516 0.003071495 -0.526957870 -0.002779017 -0.003074925 0.999991477 15.924925804
0.999994457 0.000998404 0.003167794 0.363166749 -0.001006885 0.999995887 0.002676898 -0.544888079 -0.003165108 -0.002680072 0.999991417 16.426498413
0.999994099 0.000767733 0.003349991 0.384359956 -0.000778788 0.999994278 0.003299831 -0.599104583 -0.003347438 -0.003302421 0.999988914 16.797065735
0.999991477 0.001265828 0.003954211 0.397079170 -0.001280450 0.999992371 0.003697595 -0.611389518 -0.003949500 -0.003702626 0.999985337 17.268375397
0.999990880 0.001464634 0.004006867 0.410992771 -0.001478934 0.999992609 0.003568235 -0.618027508 -0.004001610 -0.003574128 0.999985576 17.721517563
0.999988735 0.001157775 0.004588075 0.421973467 -0.001177971 0.999989629 0.004401710 -0.639250755 -0.004582931 -0.004407065 0.999979734 18.189500809
0.999985695 0.001283449 0.005188140 0.431328624 -0.001304973 0.999990582 0.004147287 -0.644565761 -0.005182768 -0.004153999 0.999977946 18.671916962
0.999986172 0.001078973 0.005147323 0.459293991 -0.001103256 0.999988258 0.004717127 -0.669311762 -0.005142173 -0.004722741 0.999975622 19.125423431
0.999986827 0.001657413 0.004863178 0.463070929 -0.001677421 0.999990225 0.004112919 -0.679396868 -0.004856313 -0.004121023 0.999979734 19.560659409
0.999989152 0.001368063 0.004454233 0.474592000 -0.001387460 0.999989510 0.004354582 -0.689378440 -0.004448229 -0.004360714 0.999980628 20.049333572
0.999987602 0.001559236 0.004740427 0.489125580 -0.001581946 0.999987185 0.004790729 -0.709748328 -0.004732897 -0.004798167 0.999977291 20.534093857
0.999986470 0.001765280 0.004898722 0.501181662 -0.001789600 0.999986053 0.004964632 -0.738940835 -0.004889890 -0.004973332 0.999975681 21.042579651
0.999992490 0.000630855 0.003802859 0.527603567 -0.000650305 0.999986708 0.005115550 -0.760169983 -0.003799581 -0.005117984 0.999979615 21.534900665
0.999994874 0.000911609 0.003058955 0.539558172 -0.000926424 0.999987781 0.004845265 -0.770764112 -0.003054501 -0.004848074 0.999983609 22.046546936
0.999993145 0.001198241 0.003494062 0.549168110 -0.001216319 0.999985874 0.005176289 -0.790692747 -0.003487810 -0.005180503 0.999980450 22.556018829
0.999996722 0.000344912 0.002511678 0.560288787 -0.000357927 0.999986529 0.005183094 -0.800614119 -0.002509857 -0.005183977 0.999983430 23.063819885
0.999999285 -0.000235407 0.001170865 0.583689332 0.000229094 0.999985456 0.005388978 -0.832564771 -0.001172117 -0.005388706 0.999984741 23.586229324
0.999998629 -0.001382490 0.000823692 0.588080823 0.001378308 0.999986291 0.005056500 -0.844976366 -0.000830672 -0.005055358 0.999986887 24.107805252
0.999999762 -0.000574592 0.000436555 0.596686065 0.000572264 0.999985635 0.005315010 -0.857222199 -0.000439602 -0.005314759 0.999985695 24.639812469
1.000000000 -0.000084086 -0.000205724 0.607623458 0.000085204 0.999985218 0.005440225 -0.869059086 0.000205264 -0.005440242 0.999985158 25.174636841
0.999999762 -0.000069512 -0.000689508 0.610600471 0.000073220 0.999985516 0.005379227 -0.876675189 0.000689124 -0.005379276 0.999985218 25.728294373
0.999999225 -0.000667440 -0.001030311 0.621139288 0.000672619 0.999987125 0.005034666 -0.886068523 0.001026937 -0.005035356 0.999986708 26.277683258
0.999999046 -0.000465386 -0.001314441 0.631604016 0.000473824 0.999979198 0.006426856 -0.909280658 0.001311423 -0.006427472 0.999978483 26.821058273
0.999998987 -0.000189717 -0.001455260 0.639810324 0.000198799 0.999980450 0.006243573 -0.923024535 0.001454047 -0.006243855 0.999979496 27.358896255
0.999998927 0.000457456 -0.001398863 0.653166831 -0.000448357 0.999978781 0.006497641 -0.941925645 0.001401805 -0.006497006 0.999977946 27.903741837
0.999997854 0.001330712 -0.001578689 0.653694272 -0.001320804 0.999979496 0.006260975 -0.943420410 0.001586988 -0.006258877 0.999979138 28.460533142
0.999997914 0.000605993 -0.001963204 0.654037535 -0.000592506 0.999976277 0.006863326 -0.977674484 0.001967317 -0.006862149 0.999974549 28.986360550
0.999998391 0.000892337 -0.001595945 0.661261380 -0.000882001 0.999978662 0.006465122 -0.987738729 0.001601680 -0.006463704 0.999977827 29.537109375
0.999995887 0.001142284 -0.002613310 0.667903483 -0.001124482 0.999976218 0.006803491 -1.008774757 0.002621019 -0.006800525 0.999973416 30.074804306
0.999994814 0.000944194 -0.003079128 0.683197677 -0.000922657 0.999975145 0.006988229 -1.026893258 0.003085650 -0.006985352 0.999970794 30.618625641
0.999995351 0.000956525 -0.002871588 0.684767783 -0.000935057 0.999971688 0.007467939 -1.045822501 0.002878650 -0.007465220 0.999967992 31.142816544
0.999994218 0.001394231 -0.003087441 0.704112887 -0.001369881 0.999968112 0.007874836 -1.064996004 0.003098322 -0.007870562 0.999964237 31.687576294
0.999994040 0.000511024 -0.003386962 0.720754802 -0.000482736 0.999965012 0.008347750 -1.086935759 0.003391109 -0.008346064 0.999959409 32.243099213
0.999992967 0.000731610 -0.003712239 0.727406740 -0.000704480 0.999973059 0.007304130 -1.074418068 0.003717483 -0.007301461 0.999966443 32.751762390
0.999993265 0.001026258 -0.003538709 0.719911575 -0.000999703 0.999971449 0.007497706 -1.092991829 0.003546302 -0.007494118 0.999965608 33.295581818
0.999992907 0.000334929 -0.003749158 0.730475724 -0.000304484 0.999966979 0.008118134 -1.116371512 0.003751753 -0.008116936 0.999960005 33.832042694
0.999991417 0.001340743 -0.003927109 0.741067886 -0.001309739 0.999967992 0.007886805 -1.126127005 0.003937559 -0.007881590 0.999961197 34.379722595
0.999990702 0.001040018 -0.004206205 0.760244727 -0.001005756 0.999966443 0.008139611 -1.137085557 0.004214529 -0.008135304 0.999958038 34.914329529
0.999991238 0.001793774 -0.003799036 0.751763105 -0.001763368 0.999966443 0.007991991 -1.149222612 0.003813243 -0.007985221 0.999960840 35.471199036
0.999990761 0.001152549 -0.004147934 0.756541669 -0.001119217 0.999967098 0.008029318 -1.175618887 0.004157052 -0.008024601 0.999959111 35.997303009
0.999990165 0.001577462 -0.004151758 0.764121056 -0.001546101 0.999970376 0.007546148 -1.181347728 0.004163539 -0.007539654 0.999962866 36.556896210
0.999991477 0.001129434 -0.003973273 0.774987757 -0.001096580 0.999965250 0.008261276 -1.199949861 0.003982466 -0.008256849 0.999957979 37.070167542
0.999990702 0.002578424 -0.003461044 0.782933712 -0.002553351 0.999970675 0.007229059 -1.200072527 0.003479582 -0.007220156 0.999967933 37.654041290
0.999990046 0.000979489 -0.004357518 0.786023915 -0.000941339 0.999961317 0.008748528 -1.256900787 0.004365918 -0.008744339 0.999952257 38.222705841
0.999989569 0.001237387 -0.004395962 0.791947007 -0.001199855 0.999962866 0.008530275 -1.264884830 0.004406353 -0.008524911 0.999953985 38.780162811
0.999990523 -0.000004364 -0.004356029 0.773045540 0.000045895 0.999954581 0.009534027 -1.284055471 0.004355789 -0.009534135 0.999945104 39.256263733
0.999990404 0.000768345 -0.004312556 0.801006734 -0.000728276 0.999956608 0.009285158 -1.282247186 0.004319503 -0.009281930 0.999947608 39.788776398
0.999989033 0.000567382 -0.004647662 0.846833825 -0.000521469 0.999951184 0.009874146 -1.319947720 0.004653037 -0.009871614 0.999940515 40.392509460
0.999987721 0.000258249 -0.004964507 0.856259167 -0.000208992 0.999950767 0.009919778 -1.336756706 0.004966825 -0.009918618 0.999938488 40.923259735
0.999986708 0.000658171 -0.005136067 0.858705282 -0.000606348 0.999948978 0.010085030 -1.361923695 0.005142441 -0.010081785 0.999935925 41.497245789
0.999985874 0.001280547 -0.005158092 0.865699768 -0.001230144 0.999951601 0.009763073 -1.365177751 0.005170344 -0.009756590 0.999939024 42.053539276
0.999986410 0.000246706 -0.005195459 0.874059081 -0.000192808 0.999946177 0.010372180 -1.388482213 0.005197738 -0.010371037 0.999932706 42.578926086
0.999985695 -0.000100224 -0.005348241 0.880538762 0.000157847 0.999941885 0.010774818 -1.398108482 0.005346850 -0.010775508 0.999927640 43.109432220
0.999985933 0.000094621 -0.005321926 0.884261549 -0.000038281 0.999943972 0.010585465 -1.418306708 0.005322628 -0.010585109 0.999929786 43.673789978
0.999987125 0.000319967 -0.005063208 0.887954116 -0.000266127 0.999943435 0.010630627 -1.428224087 0.005066324 -0.010629143 0.999930680 44.219631195
0.999986708 0.000047019 -0.005155907 0.898960829 0.000006369 0.999946356 0.010354217 -1.431947589 0.005156118 -0.010354111 0.999933124 44.774902344
0.999987364 0.000309830 -0.005017630 0.907906771 -0.000257653 0.999945879 0.010396070 -1.445944309 0.005020581 -0.010394644 0.999933302 45.320980072
0.999988556 0.000095491 -0.004772508 0.906835258 -0.000043732 0.999941170 0.010844151 -1.462473392 0.004773263 -0.010843820 0.999929786 45.832897186
0.999987185 0.000273074 -0.005041126 0.934923410 -0.000219402 0.999943316 0.010644402 -1.471447587 0.005043748 -0.010643161 0.999930620 46.382808685
0.999988079 0.000704971 -0.004835957 0.934138775 -0.000653432 0.999943078 0.010650725 -1.484625340 0.004843191 -0.010647440 0.999931574 46.962047577
0.999988258 -0.000036750 -0.004833985 0.940482378 0.000088980 0.999941587 0.010804917 -1.499555349 0.004833305 -0.010805218 0.999929965 47.500247955
0.999985278 0.000183789 -0.005417294 0.957148015 -0.000123534 0.999938190 0.011120969 -1.512261152 0.005419004 -0.011120138 0.999923468 48.044948578
0.999989927 0.000049028 -0.004492432 0.959118724 0.000001730 0.999936163 0.011297870 -1.529225707 0.004492699 -0.011297764 0.999926090 48.589126587
0.999988198 0.000199031 -0.004854243 0.963780701 -0.000145722 0.999939799 0.010979893 -1.534104824 0.004856135 -0.010979058 0.999927938 49.132125854
0.999988377 0.000956180 -0.004714298 0.974110723 -0.000903022 0.999936104 0.011264964 -1.547432780 0.004724769 -0.011260577 0.999925435 49.674045563
0.999987900 0.000934177 -0.004827257 0.988353908 -0.000880733 0.999938428 0.011061560 -1.551948309 0.004837293 -0.011057177 0.999927163 50.229553223
0.999989569 0.000867526 -0.004474531 0.982470751 -0.000816148 0.999933839 0.011471255 -1.570543289 0.004484186 -0.011467486 0.999924123 50.770977020
0.999989092 0.000900212 -0.004593286 0.992295682 -0.000846997 0.999932587 0.011574246 -1.578724623 0.004603396 -0.011570228 0.999922395 51.316604614
0.999988079 -0.000213443 -0.004893811 0.999359846 0.000268637 0.999936461 0.011280246 -1.585204601 0.004891093 -0.011281425 0.999924362 51.864372253
0.999987721 -0.000010168 -0.004958489 1.011481524 0.000066762 0.999934793 0.011413528 -1.604062319 0.004958051 -0.011413718 0.999922574 52.395694733
0.999988794 0.000197047 -0.004745156 1.018509030 -0.000141546 0.999931574 0.011693886 -1.610965252 0.004747136 -0.011693082 0.999920368 52.941135406
0.999992430 0.000536502 -0.003855441 1.005512238 -0.000492866 0.999935925 0.011310004 -1.626983762 0.003861262 -0.011308019 0.999928594 53.489486694
0.999991715 0.000622726 -0.004007298 0.999651432 -0.000575875 0.999931574 0.011682115 -1.643667579 0.004014298 -0.011679715 0.999923766 54.011734009
0.999988854 0.000146493 -0.004724691 1.029130936 -0.000090136 0.999928892 0.011926227 -1.656320572 0.004726101 -0.011925668 0.999917686 54.556541443
0.999987602 0.000212766 -0.004988821 1.036982298 -0.000157838 0.999939501 0.011008033 -1.660021544 0.004990859 -0.011007106 0.999926984 55.109344482
0.999990284 0.000795860 -0.004337450 1.038406610 -0.000746764 0.999935806 0.011309137 -1.669672012 0.004346171 -0.011305789 0.999926627 55.668727875
0.999991834 0.000015073 -0.004052160 1.042655349 0.000032850 0.999930024 0.011826087 -1.683485508 0.004052055 -0.011826122 0.999921858 56.187953949
0.999992430 0.000025478 -0.003871681 1.063112020 0.000023441 0.999920189 0.012634660 -1.727243662 0.003871694 -0.012634657 0.999912620 56.644462585
0.999990940 -0.000154792 -0.004261045 1.085929632 0.000206398 0.999926567 0.012113350 -1.727313399 0.004258858 -0.012114121 0.999917507 57.174480438
0.999994457 0.000934022 -0.003180162 1.073753476 -0.000895240 0.999925375 0.012174620 -1.748799205 0.003191296 -0.012171707 0.999920785 57.744968414
0.999995351 0.000367411 -0.003024961 1.082854867 -0.000333057 0.999935508 0.011349589 -1.741996527 0.003028937 -0.011348529 0.999930978 58.328304291
0.999992311 -0.000377963 -0.003895515 1.104937673 0.000426601 0.999921858 0.012492487 -1.755733252 0.003890489 -0.012494055 0.999914289 58.801578522
0.999991000 -0.000724230 -0.004178731 1.117689490 0.000775028 0.999925673 0.012167739 -1.765212536 0.004169608 -0.012170868 0.999917209 59.341480255
0.999994516 -0.000471910 -0.003264414 1.123974919 0.000509980 0.999931753 0.011671341 -1.774971962 0.003258684 -0.011672943 0.999926567 59.876346588
0.999992907 -0.000160344 -0.003752102 1.137732387 0.000207835 0.999919832 0.012660366 -1.786483049 0.003749771 -0.012661057 0.999912798 60.376148224
0.999992013 -0.000607665 -0.003938764 1.153723240 0.000654543 0.999928832 0.011911326 -1.794147968 0.003931245 -0.011913809 0.999921262 60.928604126
0.999990702 0.000035002 -0.004305910 1.209039688 0.000022195 0.999911785 0.013282658 -1.831905127 0.004305995 -0.013282630 0.999902546 61.400730133
0.999986708 -0.000976580 -0.005062424 1.253000498 0.001039180 0.999922812 0.012377721 -1.842662811 0.005049946 -0.012382817 0.999910593 61.927577972
0.999992609 -0.000134382 -0.003840800 1.220472217 0.000181993 0.999922991 0.012398608 -1.829917312 0.003838840 -0.012399213 0.999915779 62.461467743
0.999993384 0.000298860 -0.003624126 1.219634295 -0.000252632 0.999918640 0.012749498 -1.840703726 0.003627641 -0.012748499 0.999912202 62.994674683
0.999993205 0.000560955 -0.003650062 1.229055762 -0.000517344 0.999928534 0.011938076 -1.844846964 0.003656498 -0.011936107 0.999922037 63.515388489
0.999992907 -0.000294255 -0.003751814 1.235921144 0.000341760 0.999919713 0.012667693 -1.869258165 0.003747783 -0.012668886 0.999912679 64.091384888
0.999994218 -0.000114336 -0.003406455 1.227305770 0.000158753 0.999915004 0.013041763 -1.885605216 0.003404673 -0.013042228 0.999909103 64.613754272
0.999993563 0.000217301 -0.003575375 1.255527139 -0.000173496 0.999924958 0.012247740 -1.889204264 0.003577768 -0.012247041 0.999918520 65.176071167
0.999996305 0.000378037 -0.002667627 1.263883233 -0.000345143 0.999924064 0.012320459 -1.894055843 0.002672082 -0.012319494 0.999920547 65.727714539
0.999993563 -0.000787070 -0.003506421 1.295627356 0.000829048 0.999927819 0.011986147 -1.887585640 0.003496733 -0.011988976 0.999921978 66.219749451
0.999992371 -0.000857693 -0.003832763 1.305657864 0.000903824 0.999926984 0.012050293 -1.897174358 0.003822148 -0.012053664 0.999920070 66.767845154
0.999993324 -0.000201856 -0.003667394 1.313832641 0.000244132 0.999933541 0.011530958 -1.902668715 0.003664823 -0.011531777 0.999926805 67.322090149
0.999994993 -0.000404249 -0.003119816 1.312630892 0.000440500 0.999932289 0.011627402 -1.921806335 0.003114905 -0.011628721 0.999927521 67.808464050
0.999996603 -0.000165909 -0.002610426 1.314785004 0.000194026 0.999941885 0.010774406 -1.923177958 0.002608487 -0.010774875 0.999938548 68.347976685
0.999996364 0.000021735 -0.002701245 1.320714235 0.000010165 0.999930322 0.011808622 -1.952602148 0.002701314 -0.011808606 0.999926686 68.888626099
0.999996722 0.000230365 -0.002531224 1.348660946 -0.000203199 0.999942482 0.010727633 -1.930340528 0.002533549 -0.010727083 0.999939203 69.420799255
0.999998033 -0.000163853 -0.001977355 1.338518381 0.000186878 0.999932051 0.011649869 -1.975675821 0.001975311 -0.011650218 0.999930143 69.916862488
0.999997377 -0.000131763 -0.002303589 1.344310641 0.000157326 0.999938309 0.011100604 -1.980427980 0.002301983 -0.011100937 0.999935746 70.465621948
0.999997616 0.001630715 -0.001422522 1.357311368 -0.001614234 0.999932468 0.011511059 -2.005420208 0.001441198 -0.011508736 0.999932766 70.989364624
0.999996483 0.002112136 -0.001574859 1.397673845 -0.002092967 0.999924839 0.012075595 -2.028340816 0.001600246 -0.012072256 0.999925792 71.514373779
0.999997735 0.000441554 -0.002058563 1.417309403 -0.000416101 0.999923646 0.012348526 -2.053077221 0.002063858 -0.012347644 0.999921620 71.942871094
0.999998510 0.000889634 -0.001500315 1.426567197 -0.000870793 0.999921262 0.012512422 -2.069266081 0.001511328 -0.012511097 0.999920547 72.486366272
0.999998271 0.001213407 -0.001363956 1.433156490 -0.001196830 0.999926209 0.012089119 -2.072933674 0.001378524 -0.012087467 0.999925911 73.017112732
0.999998748 0.000481976 -0.001523403 1.447106838 -0.000463313 0.999925196 0.012227423 -2.088242054 0.001529183 -0.012226703 0.999924004 73.552482605
0.999997556 0.000123981 -0.002200430 1.477835894 -0.000096872 0.999924183 0.012315600 -2.103606224 0.002201791 -0.012315358 0.999921679 74.100219727
0.999998510 0.001537394 -0.000670196 1.450899243 -0.001529204 0.999926150 0.012054631 -2.110968113 0.000688680 -0.012053591 0.999927104 74.583015442
0.999998629 0.000921667 -0.001366518 1.471455097 -0.000905236 0.999927819 0.011975789 -2.120337963 0.001377457 -0.011974536 0.999927342 75.135162354
0.999998331 0.001595591 -0.000796370 1.501212478 -0.001585136 0.999914765 0.012961067 -2.150231838 0.000816983 -0.012959784 0.999915659 75.593200684
0.999999166 0.000562961 -0.001138084 1.517511964 -0.000548694 0.999921799 0.012497503 -2.155286312 0.001145031 -0.012496867 0.999921203 76.142044067
0.999998271 0.001830421 -0.000299987 1.518205047 -0.001826477 0.999918282 0.012656748 -2.170889139 0.000323129 -0.012656179 0.999919832 76.652969360
0.999997795 0.002039388 -0.000020287 1.520459056 -0.002038968 0.999917567 0.012673957 -2.172509193 0.000046133 -0.012673889 0.999919653 77.224205017
0.999996364 0.002680676 -0.000029062 1.529087782 -0.002680114 0.999920428 0.012329022 -2.189757109 0.000062110 -0.012328899 0.999924004 77.707038879
0.999997318 0.002332071 -0.000020465 1.537194729 -0.002331653 0.999924362 0.012079977 -2.191719532 0.000048635 -0.012079896 0.999927044 78.256599426
0.999994874 0.003238806 -0.000016774 1.556946754 -0.003238345 0.999916792 0.012475113 -2.214817047 0.000057177 -0.012474991 0.999922156 78.747230530
0.999996424 0.002694650 -0.000096116 1.571836472 -0.002693265 0.999920666 0.012301657 -2.220594645 0.000129257 -0.012301355 0.999924302 79.302871704
0.999994278 0.003023232 0.001508228 1.587767363 -0.003041660 0.999918878 0.012368712 -2.238017082 -0.001470713 -0.012373229 0.999922395 79.820533752
0.999985695 0.004096938 0.003427137 1.593667388 -0.004138797 0.999915838 0.012297379 -2.254832029 -0.003376467 -0.012311388 0.999918520 80.365509033
0.999977410 0.004395640 0.005083086 1.592862964 -0.004455266 0.999920666 0.011778982 -2.258269310 -0.005030907 -0.011801362 0.999917746 80.908432007
0.999976099 0.003529581 0.005933635 1.607002497 -0.003600533 0.999921560 0.011989728 -2.263950825 -0.005890851 -0.012010805 0.999910533 81.439460754
0.999954760 0.003413108 0.008879865 1.627842426 -0.003520688 0.999920189 0.012127640 -2.275074959 -0.008837763 -0.012158354 0.999887049 81.994735718
0.999899745 0.005232151 0.013157766 1.641274571 -0.005391051 0.999912620 0.012070338 -2.294746876 -0.013093462 -0.012140064 0.999840498 82.550888062
0.999861419 0.004356917 0.016062131 1.651240587 -0.004542071 0.999923468 0.011509040 -2.287485838 -0.016010756 -0.011580401 0.999804735 83.105789185
0.999788940 0.003894062 0.020170795 1.676493168 -0.004125890 0.999925733 0.011464579 -2.305593014 -0.020124650 -0.011545382 0.999730825 83.576263428
0.999637127 0.004481526 0.026561741 1.702488899 -0.004779196 0.999926448 0.011153868 -2.314599037 -0.026509795 -0.011276767 0.999584973 84.120445251
0.999459624 0.004576613 0.032550227 1.742369890 -0.004942443 0.999925494 0.011167390 -2.326675892 -0.032496691 -0.011322235 0.999407709 84.682815552
0.999256670 0.003996252 0.038344022 1.770050764 -0.004428648 0.999927521 0.011198436 -2.329676151 -0.038296491 -0.011359924 0.999201894 85.212882996
0.998905241 0.003375141 0.046659838 1.799568415 -0.003898357 0.999930501 0.011127031 -2.347073555 -0.046619043 -0.011296747 0.998848855 85.650199890
0.998454154 0.003917568 0.055443425 1.868587017 -0.004557208 0.999924481 0.011415073 -2.366517067 -0.055394515 -0.011650095 0.998396575 86.170669556
0.998054683 0.003450168 0.062248051 1.893553734 -0.004137999 0.999931812 0.010924328 -2.374384880 -0.062206119 -0.011160661 0.998000920 86.705329895
0.997500360 0.000789554 0.070656724 1.961626530 -0.001498137 0.999949098 0.009976117 -2.380434990 -0.070645250 -0.010057034 0.997450829 87.257339478
0.996744037 0.000721974 0.080626413 2.025122643 -0.001536061 0.999948502 0.010035464 -2.392257452 -0.080614991 -0.010126638 0.996693850 87.793006897
0.995956898 0.000747961 0.089829937 2.073571682 -0.001695397 0.999943733 0.010471163 -2.411869049 -0.089817040 -0.010581125 0.995902121 88.302001953
0.995153964 0.003053268 0.098281644 2.163097382 -0.004091023 0.999937952 0.010359179 -2.407851934 -0.098243907 -0.010711048 0.995104671 88.809211731
0.994078219 0.003373803 0.108614922 2.247778416 -0.004517466 0.999936879 0.010285174 -2.419157267 -0.108573355 -0.010714929 0.994030714 89.344818115
0.992923081 0.001999939 0.118742466 2.340929985 -0.003107962 0.999953270 0.009146871 -2.422809839 -0.118718617 -0.009451187 0.992883027 89.880714417
0.991763711 0.000889496 0.128077745 2.416996956 -0.002224761 0.999944746 0.010282733 -2.449466228 -0.128061533 -0.010482986 0.991710782 90.320564270
0.990257144 0.001369439 0.139243901 2.514338493 -0.002818418 0.999943912 0.010209397 -2.453233242 -0.139222130 -0.010502378 0.990205526 90.871009827
0.988526046 0.000151297 0.151050508 2.618174553 -0.001713155 0.999946415 0.010209889 -2.473683119 -0.151040867 -0.010351518 0.988473296 91.374420166
0.986764371 -0.000161923 0.162160560 2.732030869 -0.001443725 0.999951065 0.009783698 -2.484538317 -0.162154227 -0.009888323 0.986715913 91.918518066
0.985088229 0.000186269 0.172049940 2.841477394 -0.001919681 0.999949038 0.009908735 -2.492012501 -0.172039345 -0.010091256 0.985038340 92.435585022
0.982907772 -0.000362787 0.184098780 2.970464706 -0.001457186 0.999951422 0.009750462 -2.501470327 -0.184093386 -0.009852071 0.982859373 92.968963623
0.980454504 -0.000556288 0.196745351 3.098212242 -0.001311105 0.999955297 0.009361040 -2.513613939 -0.196741730 -0.009436027 0.980409920 93.500389099
0.978227496 0.000077781 0.207535341 3.224323273 -0.002133502 0.999950886 0.009681585 -2.524491310 -0.207524419 -0.009913567 0.978179634 93.974693298
0.975269496 0.000396892 0.221018806 3.363935471 -0.002592119 0.999950230 0.009642360 -2.534615517 -0.221003979 -0.009976806 0.975221932 94.520645142
0.972072184 0.000736319 0.234680966 3.514968872 -0.003046180 0.999950528 0.009480220 -2.541804075 -0.234662354 -0.009930337 0.972026229 95.018562317
0.969292760 0.000055944 0.245909438 3.672657013 -0.002637426 0.999944866 0.010168369 -2.557614803 -0.245895326 -0.010504696 0.969239473 95.553924561
0.966078520 0.000100685 0.258248299 3.843294144 -0.002483449 0.999957323 0.008900443 -2.557691574 -0.258236378 -0.009239875 0.966037512 96.064361572
0.962349772 0.000329494 0.271813989 4.019119263 -0.002989620 0.999951661 0.009372519 -2.578566551 -0.271797717 -0.009832260 0.962304175 96.555366516
0.958798826 -0.000120133 0.284085959 4.210624695 -0.002451672 0.999959111 0.008697326 -2.575698614 -0.284075379 -0.009035470 0.958759308 97.062515259
0.955495000 -0.000770396 0.295006543 4.404472351 -0.001822020 0.999962151 0.008512689 -2.589421511 -0.295001894 -0.008671338 0.955457270 97.578971863
0.950971544 -0.000226055 0.309278369 4.596767426 -0.002671069 0.999956429 0.008943902 -2.592399120 -0.309266925 -0.009331499 0.950929463 98.107460022
0.946611106 -0.001619706 0.322373629 4.798604965 -0.001447926 0.999955893 0.009275752 -2.624749422 -0.322374552 -0.009247304 0.946566999 98.563491821
0.942748129 -0.002009125 0.333499610 5.008285522 -0.000944378 0.999961734 0.008693739 -2.626631737 -0.333504379 -0.008510957 0.942710161 99.091705322
0.938341916 -0.002356991 0.345700353 5.205280304 -0.000590985 0.999964356 0.008421898 -2.647780895 -0.345707893 -0.008106926 0.938307285 99.556129456
0.933310568 -0.004287313 0.359044582 5.447967529 0.001008888 0.999956071 0.009317838 -2.666069031 -0.359068781 -0.008334203 0.933273852 100.032478333
0.928294122 -0.004327523 0.371821404 5.633436203 0.000976555 0.999957144 0.009200139 -2.679157495 -0.371845305 -0.008177330 0.928258598 100.511520386
0.923526943 -0.003894065 0.383513510 5.862102509 0.000483523 0.999959528 0.008988893 -2.691641331 -0.383532941 -0.008116047 0.923491478 101.008460999
0.917394102 -0.003867066 0.397961169 6.079130173 0.000364699 0.999960482 0.008876098 -2.699254513 -0.397979796 -0.007997744 0.917359293 101.468025208
0.911605060 -0.003903878 0.411048651 6.327499390 0.000274072 0.999960482 0.008889162 -2.714644909 -0.411067158 -0.007990749 0.911569953 101.955299377
0.906717777 -0.004365291 0.421715379 6.579666138 0.000721346 0.999961019 0.008799922 -2.729818106 -0.421737373 -0.007674844 0.906685531 102.430114746
0.900941610 -0.004209880 0.433919966 6.795234680 0.000353062 0.999959707 0.008968526 -2.729510546 -0.433940262 -0.007926918 0.900906801 102.865196228
0.894265532 -0.004309594 0.447516173 7.064075470 0.000587408 0.999964058 0.008455873 -2.740674019 -0.447536528 -0.007298921 0.894235909 103.347213745
0.888232172 -0.004351200 0.459374249 7.307868958 0.000528432 0.999964178 0.008449915 -2.733403921 -0.459394604 -0.007262738 0.888202608 103.819801331
0.882297695 -0.004628384 0.470669180 7.581394196 0.000678644 0.999963224 0.008561103 -2.745872736 -0.470691562 -0.007234023 0.882268250 104.293289185
0.874646187 -0.004545094 0.484740764 7.843349457 0.000353345 0.999961734 0.008738420 -2.764093161 -0.484761924 -0.007471744 0.874614239 104.714630127
0.867570579 -0.004632556 0.497292340 8.129703522 0.000276906 0.999960959 0.008832108 -2.778022289 -0.497313827 -0.007524773 0.867538095 105.154876709
0.861457109 -0.005558970 0.507799864 8.425106049 0.001064244 0.999957621 0.009141271 -2.790472984 -0.507829189 -0.007334390 0.861426532 105.606269836
0.854463577 -0.005543646 0.519481719 8.729667664 0.001002985 0.999958754 0.009021308 -2.800424814 -0.519510329 -0.007187345 0.854433954 106.035720825
