1.000000000 0.000000000 0.000000000 0.000000000 0.000000000 1.000000000 0.000000000 0.000000000 0.000000000 0.000000000 1.000000000 0.000000000
1.000000000 0.000130402 0.000014621 -0.000035598 -0.000130401 1.000000000 -0.000035038 0.000450594 -0.000014626 0.000035037 1.000000000 0.000170819
1.000000000 0.000060097 0.000053314 -0.000627233 -0.000060099 1.000000000 0.000042664 -0.000511104 -0.000053311 -0.000042667 1.000000000 -0.000679976
1.000000000 -0.000087235 0.000079115 -0.000226326 0.000087238 1.000000000 -0.000035730 0.000518683 -0.000079112 0.000035737 1.000000000 0.000273554
1.000000000 -0.000100202 0.000034325 -0.000244963 0.000100201 1.000000000 0.000015467 -0.000118357 -0.000034326 -0.000015464 1.000000000 -0.000565384
1.000000000 0.000050097 0.000151982 -0.001191717 -0.000050097 1.000000000 0.000000062 0.000359702 -0.000151982 -0.000000070 1.000000000 -0.000001246
1.000000000 -0.000069162 0.000110542 -0.000276774 0.000069164 1.000000000 -0.000013030 0.000246372 -0.000110541 0.000013038 1.000000000 -0.000112182
1.000000000 0.000051874 0.000076275 -0.000772827 -0.000051878 1.000000000 0.000053280 -0.000303161 -0.000076272 -0.000053284 1.000000000 -0.000755977
1.000000000 0.000035379 0.000039136 -0.000993396 -0.000035376 1.000000000 -0.000081761 0.000522426 -0.000039139 0.000081759 1.000000000 0.000022450
1.000000000 -0.000011813 0.000093753 -0.000441442 0.000011808 1.000000000 0.000052937 -0.000984499 -0.000093753 -0.000052936 1.000000000 -0.000303090
1.000000000 0.000109589 0.000107598 -0.001282380 -0.000109597 1.000000000 0.000075284 -0.000662843 -0.000107589 -0.000075296 1.000000000 -0.000311784
1.000000000 0.000048021 0.000094314 -0.001219693 -0.000048019 1.000000000 -0.000022131 0.000188207 -0.000094315 0.000022126 1.000000000 -0.001120844
1.000000000 0.000056583 0.000058706 -0.001020543 -0.000056577 1.000000000 -0.000089476 -0.000370169 -0.000058712 0.000089472 1.000000000 -0.001331290
1.000000000 0.000015157 0.000083692 -0.001569183 -0.000015150 1.000000000 -0.000079051 0.001431967 -0.000083693 0.000079049 1.000000000 0.000494332
1.000000000 0.000006995 0.000083649 -0.001981632 -0.000006988 1.000000000 -0.000085614 0.001042845 -0.000083650 0.000085613 1.000000000 -0.000406870
1.000000000 0.000104194 0.000042517 -0.000405553 -0.000104190 1.000000000 -0.000096773 0.002183288 -0.000042527 0.000096768 1.000000000 0.001761546
1.000000000 0.000105995 0.000118694 -0.001010545 -0.000105979 1.000000000 -0.000138252 0.002040821 -0.000118708 0.000138240 1.000000000 0.002151122
1.000000000 0.000150641 0.000113643 -0.001640543 -0.000150626 1.000000000 -0.000129492 0.001600508 -0.000113663 0.000129475 1.000000000 0.001203424
0.999999940 0.000224150 0.000168179 -0.002083234 -0.000224132 0.999999940 -0.000106466 0.002311888 -0.000168203 0.000106429 1.000000000 0.002201146
0.999999940 0.000186858 0.000172814 -0.001831979 -0.000186834 1.000000000 -0.000135603 0.002315499 -0.000172839 0.000135571 1.000000000 0.002061976
1.000000000 0.000134607 0.000167869 -0.002021171 -0.000134591 1.000000000 -0.000094581 0.001684893 -0.000167882 0.000094558 1.000000000 0.001934207
1.000000000 0.000198814 0.000124990 -0.001897839 -0.000198806 1.000000000 -0.000066109 0.002150544 -0.000125003 0.000066084 1.000000000 0.001612748
1.000000000 0.000100432 0.000072418 -0.000585726 -0.000100422 1.000000000 -0.000136794 0.002315670 -0.000072431 0.000136786 1.000000000 0.002766968
1.000000000 0.000118965 0.000109023 -0.001654747 -0.000118951 1.000000000 -0.000128847 0.002761203 -0.000109038 0.000128834 1.000000000 0.003407889
0.999999940 0.000276407 0.000076208 -0.001581326 -0.000276400 0.999999940 -0.000091608 0.002573645 -0.000076233 0.000091587 1.000000000 0.003448103
0.999999940 0.000320653 0.000139227 -0.001887065 -0.000320648 0.999999940 -0.000037744 0.001382472 -0.000139239 0.000037699 1.000000000 0.001536864
1.000000000 0.000120009 0.000189487 -0.001970307 -0.000119997 1.000000000 -0.000062877 0.002865733 -0.000189495 0.000062855 1.000000000 0.002893300
1.000000000 0.000159250 0.000165785 -0.001623534 -0.000159246 1.000000000 -0.000027536 0.001362281 -0.000165789 0.000027510 1.000000000 0.002164572
1.000000000 0.000150413 0.000100837 -0.001651749 -0.000150406 1.000000000 -0.000065029 0.002644722 -0.000100847 0.000065014 1.000000000 0.002627963
1.000000000 0.000142636 0.000153434 -0.002078280 -0.000142620 1.000000000 -0.000105423 0.002520856 -0.000153449 0.000105401 1.000000000 0.002779703
1.000000000 0.000128765 0.000203522 -0.001328135 -0.000128757 1.000000000 -0.000040204 0.001460297 -0.000203528 0.000040178 1.000000000 0.002494145
1.000000000 0.000084088 0.000196829 -0.001174710 -0.000084065 1.000000000 -0.000117523 0.003485415 -0.000196839 0.000117507 1.000000000 0.003883645
1.000000000 0.000156118 0.000068312 -0.000286030 -0.000156103 0.999999940 -0.000224139 0.003926022 -0.000068347 0.000224129 1.000000000 0.003749257
1.000000000 0.000162048 0.000159028 -0.001179400 -0.000162036 1.000000000 -0.000076200 0.001730704 -0.000159040 0.000076175 1.000000000 0.001943446
0.999999940 0.000276317 0.000229512 -0.002922846 -0.000276288 0.999999940 -0.000126724 0.002064359 -0.000229547 0.000126660 0.999999940 0.001583348
0.999999940 0.000269498 0.000212829 -0.001441578 -0.000269475 0.999999940 -0.000106450 0.001725509 -0.000212858 0.000106393 1.000000000 0.001560429
1.000000000 0.000101654 0.000116539 -0.001239275 -0.000101653 1.000000000 -0.000014718 0.001850254 -0.000116540 0.000014706 1.000000000 0.001874235
0.999999940 0.000211680 0.000146027 -0.001879140 -0.000211667 1.000000000 -0.000088473 0.002883863 -0.000146046 0.000088442 1.000000000 0.003040704
0.999999940 0.000277329 0.000223854 -0.001877244 -0.000277307 0.999999940 -0.000096020 0.002811649 -0.000223880 0.000095958 1.000000000 0.001807591
1.000000000 0.000167045 0.000109146 -0.000458136 -0.000167031 1.000000000 -0.000133985 0.003767070 -0.000109168 0.000133966 1.000000000 0.003002621
1.000000000 0.000040677 0.000080647 0.000354338 -0.000040666 1.000000000 -0.000140269 0.001534773 -0.000080653 0.000140266 1.000000000 0.003229227
0.999999881 0.000413152 0.000207050 0.000347252 -0.000413011 0.999999702 -0.000683568 -0.001225772 -0.000207332 0.000683483 0.999999762 0.051473960
1.000000000 0.000197388 0.000053823 0.002381115 -0.000197323 0.999999225 -0.001206350 -0.003158761 -0.000054061 0.001206340 0.999999285 0.140560612
0.999998629 0.001598437 0.000468245 -0.006268741 -0.001598030 0.999998331 -0.000868321 -0.015116596 -0.000469632 0.000867571 0.999999523 0.246625423
0.999998093 0.001903402 0.000530571 -0.003569804 -0.001903066 0.999997914 -0.000633096 -0.019009199 -0.000531775 0.000632085 0.999999702 0.377962559
0.999998212 0.001844467 0.000352134 0.001021187 -0.001844131 0.999997854 -0.000952693 -0.020736551 -0.000353890 0.000952042 0.999999404 0.520910919
0.999998987 0.001366545 0.000299954 0.005735504 -0.001366325 0.999998808 -0.000731406 -0.027126437 -0.000300953 0.000730996 0.999999702 0.672431290
0.999998927 0.001400379 0.000304178 0.011451477 -0.001400214 0.999998927 -0.000540764 -0.029432664 -0.000304935 0.000540338 0.999999821 0.837458789
0.999999046 0.001345547 0.000327865 0.015594915 -0.001345443 0.999999046 -0.000316068 -0.037678845 -0.000328290 0.000315626 0.999999881 1.003476381
0.999999464 0.001057053 0.000258939 0.019058187 -0.001056928 0.999999344 -0.000484432 -0.040017676 -0.000259451 0.000484158 0.999999821 1.183319569
0.999999344 0.001165394 0.000223953 0.025476465 -0.001165392 0.999999344 -0.000009439 -0.046867486 -0.000223964 0.000009178 0.999999940 1.367042422
0.999998748 0.001549525 0.000312122 0.023590285 -0.001549555 0.999998808 0.000097117 -0.051385071 -0.000311971 -0.000097600 0.999999940 1.556950212
0.999998748 0.001496021 0.000409030 0.030111622 -0.001496075 0.999998868 0.000130618 -0.056336958 -0.000408834 -0.000131229 0.999999881 1.760332227
0.999998629 0.001574014 0.000400152 0.033185408 -0.001574193 0.999998629 0.000448447 -0.065226205 -0.000399446 -0.000449077 0.999999821 1.961910963
0.999998808 0.001434839 0.000610488 0.033599190 -0.001435240 0.999998748 0.000657249 -0.076479219 -0.000609544 -0.000658125 0.999999583 2.165148497
0.999998808 0.001400457 0.000752653 0.036809005 -0.001401008 0.999998748 0.000732287 -0.080409490 -0.000751627 -0.000733340 0.999999464 2.386703253
0.999997973 0.001912206 0.000734731 0.044090200 -0.001912608 0.999998033 0.000546086 -0.084383979 -0.000733685 -0.000547490 0.999999583 2.615061283
0.999998450 0.001518082 0.000889798 0.048522271 -0.001518926 0.999998391 0.000949522 -0.096191473 -0.000888355 -0.000950872 0.999999166 2.831233740
0.999998212 0.001708111 0.000812793 0.052645352 -0.001708796 0.999998212 0.000842162 -0.099577531 -0.000811353 -0.000843550 0.999999344 3.071316481
0.999997377 0.002125304 0.000826981 0.059933346 -0.002126082 0.999997318 0.000940545 -0.109249756 -0.000824980 -0.000942301 0.999999225 3.307958364
0.999997318 0.001996898 0.001161736 0.061617158 -0.001998323 0.999997318 0.001226824 -0.118075535 -0.001159283 -0.001229143 0.999998569 3.556741714
0.999997377 0.002010533 0.001068396 0.066743985 -0.002011676 0.999997377 0.001070010 -0.123476036 -0.001066242 -0.001072156 0.999998868 3.817996502
0.999997914 0.001766796 0.001027983 0.074105799 -0.001768047 0.999997616 0.001217269 -0.128629655 -0.001025830 -0.001219084 0.999998748 4.072229385
0.999996960 0.002143276 0.001303092 0.080654413 -0.002144743 0.999997079 0.001125085 -0.134555027 -0.001300676 -0.001127876 0.999998569 4.329702854
0.999995887 0.002396527 0.001631640 0.083769940 -0.002398618 0.999996305 0.001280819 -0.145697847 -0.001628564 -0.001284727 0.999997854 4.578014851
0.999996185 0.002320420 0.001443543 0.085566707 -0.002322133 0.999996603 0.001185799 -0.153686941 -0.001440787 -0.001189147 0.999998271 4.846985817
0.999995589 0.002564226 0.001424924 0.093237825 -0.002566186 0.999995768 0.001375549 -0.159633294 -0.001421391 -0.001379200 0.999998093 5.111929893
0.999995649 0.002556261 0.001474842 0.095519565 -0.002558087 0.999995887 0.001237498 -0.167673543 -0.001471673 -0.001241265 0.999998152 5.374897957
0.999996603 0.002171248 0.001389286 0.101557679 -0.002173315 0.999996543 0.001487869 -0.175289005 -0.001386050 -0.001490883 0.999997973 5.646162510
0.999996245 0.002140762 0.001723229 0.099386029 -0.002143408 0.999996483 0.001535117 -0.185162544 -0.001719936 -0.001538804 0.999997318 5.912468433
0.999994636 0.002587055 0.002045409 0.104521491 -0.002590004 0.999995589 0.001440678 -0.194489866 -0.002041673 -0.001445967 0.999996841 6.192046165
0.999993920 0.002880253 0.001963666 0.117131427 -0.002882708 0.999994993 0.001248313 -0.194030493 -0.001960061 -0.001253966 0.999997258 6.488417149
0.999993563 0.002973636 0.002006001 0.117746167 -0.002976736 0.999994397 0.001544139 -0.210557431 -0.002001398 -0.001550100 0.999996781 6.774466991
0.999993622 0.002959277 0.001993658 0.125209734 -0.002962148 0.999994576 0.001438551 -0.216783047 -0.001989390 -0.001444447 0.999996960 7.075881004
0.999993622 0.002877674 0.002109484 0.128828719 -0.002880995 0.999994636 0.001573085 -0.229756176 -0.002104946 -0.001579152 0.999996543 7.376985550
0.999993801 0.002817247 0.002100343 0.135809138 -0.002820832 0.999994576 0.001705919 -0.239941448 -0.002095525 -0.001711833 0.999996364 7.685202122
0.999994397 0.002583541 0.002091150 0.146544516 -0.002586840 0.999995410 0.001576394 -0.244857877 -0.002087068 -0.001581795 0.999996603 8.005208969
0.999992192 0.002983213 0.002603014 0.142556265 -0.002987968 0.999993801 0.001824481 -0.261827946 -0.002597555 -0.001832244 0.999994934 8.321529388
0.999993861 0.002604706 0.002346426 0.154563040 -0.002608506 0.999995232 0.001617897 -0.269065738 -0.002342201 -0.001624008 0.999995947 8.646650314
0.999992669 0.002908269 0.002513081 0.161116943 -0.002912529 0.999994338 0.001693256 -0.274783075 -0.002508142 -0.001700563 0.999995410 8.991124153
0.999992430 0.003309282 0.002086830 0.168876082 -0.003313177 0.999992788 0.001865617 -0.293090314 -0.002080641 -0.001872517 0.999996066 9.313146591
0.999987781 0.003879529 0.003038284 0.166696683 -0.003886122 0.999990046 0.002166952 -0.306961924 -0.003029847 -0.002178733 0.999993026 9.663882256
0.999989808 0.003540880 0.002807653 0.177849188 -0.003548099 0.999990404 0.002570410 -0.318246841 -0.002798525 -0.002580346 0.999992788 10.017886162
0.999991298 0.003387561 0.002434687 0.187725648 -0.003392651 0.999992073 0.002089507 -0.325003982 -0.002427589 -0.002097749 0.999994874 10.366965294
0.999992192 0.003180287 0.002340009 0.196129382 -0.003184568 0.999993265 0.001828006 -0.333807498 -0.002334180 -0.001835444 0.999995589 10.729876518
0.999992430 0.003152391 0.002297283 0.206058919 -0.003156837 0.999993086 0.001934130 -0.340846449 -0.002291170 -0.001941367 0.999995530 11.095248222
0.999987304 0.004142289 0.002863621 0.205290794 -0.004149705 0.999988019 0.002588479 -0.355918348 -0.002852864 -0.002600329 0.999992549 11.484158516
0.999984264 0.004794376 0.002899850 0.215575993 -0.004801780 0.999985337 0.002552279 -0.362163931 -0.002887571 -0.002566164 0.999992549 11.862562180
0.999987066 0.003878420 0.003269213 0.219787836 -0.003888429 0.999987781 0.003060924 -0.386361063 -0.003257301 -0.003073596 0.999989927 12.239684105
0.999985337 0.004169900 0.003444765 0.230365828 -0.004181749 0.999985456 0.003439482 -0.397184014 -0.003430373 -0.003453837 0.999988139 12.629820824
0.999988675 0.003608473 0.003103034 0.239365384 -0.003618436 0.999988317 0.003210946 -0.406736642 -0.003091411 -0.003222138 0.999990046 13.026477814
0.999989331 0.003463091 0.003055366 0.254640549 -0.003471420 0.999990225 0.002724774 -0.419541240 -0.003045901 -0.002735351 0.999991655 13.416068077
0.999981463 0.004678741 0.003900908 0.253447801 -0.004690903 0.999984145 0.003114382 -0.432245016 -0.003886275 -0.003132623 0.999987543 13.838665009
0.999978423 0.005079031 0.004170444 0.259486079 -0.005092089 0.999982119 0.003126337 -0.439922273 -0.004154490 -0.003147505 0.999986470 14.259758949
0.999978781 0.004682003 0.004534543 0.265864700 -0.004698082 0.999982715 0.003541945 -0.454564810 -0.004517882 -0.003563174 0.999983430 14.669450760
0.999979854 0.004389689 0.004589524 0.275823712 -0.004404660 0.999984920 0.003257035 -0.466764778 -0.004575158 -0.003277184 0.999984145 15.083830833
0.999979019 0.004327689 0.004828294 0.286727071 -0.004344082 0.999984801 0.003389808 -0.481561154 -0.004813550 -0.003410711 0.999982595 15.512697220
0.999976814 0.004237697 0.005325970 0.299378008 -0.004258418 0.999983370 0.003885254 -0.492088050 -0.005309417 -0.003907844 0.999978185 15.962639809
0.999971688 0.004887259 0.005720552 0.306932867 -0.004907530 0.999981701 0.003534978 -0.506327510 -0.005703171 -0.003562951 0.999977350 16.391515732
0.999967635 0.005272388 0.006077440 0.316508889 -0.005293202 0.999980152 0.003413788 -0.516704381 -0.006059321 -0.003445847 0.999975681 16.843408585
0.999966323 0.005012063 0.006497336 0.323957682 -0.005036813 0.999980032 0.003798480 -0.530372679 -0.006478169 -0.003831078 0.999971628 17.293184280
0.999961674 0.005409930 0.006878894 0.334911555 -0.005440455 0.999975383 0.004426562 -0.544335067 -0.006854778 -0.004463817 0.999966502 17.758722305
0.999964237 0.004774811 0.006987786 0.347225189 -0.004803790 0.999979913 0.004136096 -0.552942395 -0.006967896 -0.004169516 0.999966979 18.225862503
0.999963403 0.004430357 0.007315955 0.361596048 -0.004458614 0.999982595 0.003850450 -0.556495965 -0.007298768 -0.003882928 0.999965847 18.686437607
0.999968529 0.004271708 0.006685116 0.381115556 -0.004295769 0.999984324 0.003588877 -0.564811289 -0.006669681 -0.003617482 0.999971211 19.160203934
0.999957800 0.005419881 0.007418396 0.390524805 -0.005443477 0.999980092 0.003164176 -0.581556976 -0.007401099 -0.003204424 0.999967456 19.655929565
0.999955654 0.005732414 0.007480004 0.400372803 -0.005760990 0.999976158 0.003804304 -0.596646369 -0.007458018 -0.003847228 0.999964774 20.139385223
0.999960601 0.005153608 0.007232880 0.417594314 -0.005181389 0.999979198 0.003827580 -0.610171020 -0.007213003 -0.003864906 0.999966502 20.630805969
0.999962330 0.005296167 0.006872766 0.432107002 -0.005324360 0.999977469 0.004090340 -0.631306469 -0.006850948 -0.004126779 0.999967992 21.108240128
0.999966800 0.005178458 0.006289725 0.446737200 -0.005200628 0.999980330 0.003513573 -0.639723003 -0.006271407 -0.003546167 0.999974012 21.604787827
0.999967217 0.005297916 0.006116233 0.456432432 -0.005321240 0.999978602 0.003803378 -0.650972128 -0.006095952 -0.003835798 0.999974072 22.125669479
0.999955654 0.006213677 0.007074543 0.449759245 -0.006244136 0.999971211 0.004291382 -0.670281410 -0.007047674 -0.004335366 0.999965727 22.614761353
0.999952078 0.007122692 0.006701339 0.458488822 -0.007151563 0.999965131 0.004294323 -0.684797168 -0.006670517 -0.004342043 0.999968350 23.138370514
0.999963582 0.005771126 0.006290250 0.467437685 -0.005800765 0.999972105 0.004703927 -0.713759720 -0.006262927 -0.004740244 0.999969125 23.629390717
0.999973953 0.004753795 0.005435324 0.482131451 -0.004777163 0.999979377 0.004294724 -0.726392508 -0.005414796 -0.004320577 0.999976039 24.161859512
0.999971092 0.005409946 0.005345222 0.491847456 -0.005435946 0.999973416 0.004861911 -0.739294708 -0.005318776 -0.004890826 0.999973893 24.702859879
0.999968946 0.006405645 0.004578867 0.501171470 -0.006429315 0.999965966 0.005173636 -0.762738585 -0.004545570 -0.005202915 0.999976158 25.235370636
0.999959230 0.007732476 0.004660403 0.503119230 -0.007756482 0.999956667 0.005155320 -0.771484733 -0.004620337 -0.005191258 0.999975860 25.789947510
0.999970257 0.006812470 0.003608092 0.525514126 -0.006832576 0.999961138 0.005590057 -0.800699830 -0.003569870 -0.005614544 0.999977887 26.325071335
0.999977410 0.006043610 0.002943342 0.540071249 -0.006062308 0.999961257 0.006385614 -0.811005294 -0.002904636 -0.006403313 0.999975383 26.885255814
0.999966919 0.007357665 0.003447686 0.538950741 -0.007378533 0.999954283 0.006079684 -0.822036624 -0.003402795 -0.006104923 0.999975562 27.423904419
0.999966800 0.007532237 0.003080470 0.553249002 -0.007550740 0.999953151 0.006039614 -0.838094831 -0.003034835 -0.006062674 0.999976993 27.973985672
0.999961257 0.008171214 0.003244484 0.564059913 -0.008191559 0.999946535 0.006307613 -0.848430037 -0.003192769 -0.006333947 0.999974906 28.525737762
0.999963284 0.008098635 0.002810366 0.575488448 -0.008115599 0.999948561 0.006078792 -0.861204207 -0.002760992 -0.006101377 0.999977589 29.061021805
0.999959946 0.008614057 0.002447695 0.583550870 -0.008628252 0.999945700 0.005848937 -0.870154560 -0.002397178 -0.005869823 0.999979913 29.612636566
0.999961436 0.008447826 0.002390575 0.584624827 -0.008461813 0.999946773 0.005902827 -0.884416759 -0.002340582 -0.005922828 0.999979675 30.160593033
0.999962747 0.008383043 0.002034178 0.601088166 -0.008394962 0.999947190 0.005923807 -0.899373412 -0.001984410 -0.005940663 0.999980390 30.694272995
0.999959409 0.008772532 0.002057528 0.609453857 -0.008784849 0.999943018 0.006055523 -0.914820015 -0.002004288 -0.006073351 0.999979556 31.241098404
0.999955714 0.009212824 0.001911217 0.618109643 -0.009224471 0.999938309 0.006177299 -0.928009927 -0.001854189 -0.006194655 0.999979138 31.788856506
0.999959707 0.008872785 0.001348172 0.635101020 -0.008880804 0.999942183 0.006062447 -0.940897644 -0.001294303 -0.006074175 0.999980688 32.341594696
0.999954879 0.009316311 0.001868645 0.636080742 -0.009327093 0.999939501 0.005846114 -0.952715099 -0.001814068 -0.005863279 0.999981165 32.884292603
0.999961674 0.008694707 0.001013024 0.652006686 -0.008700465 0.999945104 0.005825779 -0.964366794 -0.000962315 -0.005834369 0.999982476 33.437419891
0.999954641 0.009470686 0.001016277 0.662341475 -0.009476094 0.999940157 0.005455099 -0.972862601 -0.000964553 -0.005464480 0.999984562 33.992084503
0.999957144 0.009251478 0.000301936 0.675553203 -0.009252993 0.999942124 0.005481431 -0.983341336 -0.000251206 -0.005483990 0.999984980 34.529777527
0.999951482 0.009796314 0.001014538 0.678226948 -0.009802129 0.999934494 0.005895820 -1.003685236 -0.000956714 -0.005905478 0.999982119 35.038150787
0.999955952 0.009378182 0.000559129 0.691160858 -0.009381435 0.999937236 0.006124655 -1.017295241 -0.000501656 -0.006129629 0.999981105 35.575668335
0.999957323 0.009217792 0.000639613 0.704148650 -0.009221489 0.999939203 0.006038819 -1.030180097 -0.000583910 -0.006044459 0.999981582 36.129619598
0.999952495 0.009710446 0.000812752 0.723002613 -0.009715182 0.999934494 0.006039643 -1.044424057 -0.000754052 -0.006047253 0.999981463 36.637401581
0.999954879 0.009433561 0.001041510 0.717162669 -0.009439738 0.999936879 0.006093917 -1.048824191 -0.000983957 -0.006103474 0.999980867 37.238147736
0.999954402 0.009498131 0.000955374 0.727117062 -0.009503555 0.999937832 0.005841580 -1.058291793 -0.000899830 -0.005850393 0.999982476 37.792877197
0.999956608 0.009285496 0.000656587 0.735615551 -0.009289318 0.999938369 0.006079613 -1.072924972 -0.000600094 -0.006085449 0.999981284 38.340282440
0.999943554 0.010394960 0.002194477 0.719929516 -0.010407697 0.999928594 0.005875560 -1.092959881 -0.002133244 -0.005898068 0.999980330 38.862972260
0.999953747 0.009567562 0.000920097 0.749388576 -0.009572809 0.999936879 0.005877560 -1.102734566 -0.000863805 -0.005886096 0.999982238 39.413818359
0.999951959 0.009757140 0.000905752 0.761631191 -0.009761965 0.999937296 0.005484814 -1.113692999 -0.000852179 -0.005493392 0.999984503 39.967403412
0.999954283 0.009530245 0.000775654 0.780111909 -0.009534692 0.999936819 0.005949773 -1.128692389 -0.000718902 -0.005956898 0.999981940 40.479862213
0.999950707 0.009873851 0.000995656 0.792894661 -0.009879194 0.999935985 0.005512281 -1.136093497 -0.000941165 -0.005521846 0.999984324 41.031028748
0.999953568 0.009621214 0.000393375 0.807235003 -0.009623350 0.999936581 0.005842439 -1.148041368 -0.000337138 -0.005845954 0.999982834 41.587150574
0.999947667 0.010177206 0.001016972 0.808635294 -0.010182709 0.999932706 0.005562650 -1.161064982 -0.000960292 -0.005572715 0.999983966 42.137699127
0.999949574 0.010022989 0.000470451 0.825323880 -0.010025550 0.999932945 0.005796677 -1.171871543 -0.000412319 -0.005801102 0.999983013 42.693267822
0.999952793 0.009708134 0.000198191 0.841470540 -0.009709151 0.999934793 0.006009414 -1.188133478 -0.000139838 -0.006011055 0.999981940 43.232223511
0.999947190 0.010261655 0.000404390 0.852308333 -0.010263683 0.999932885 0.005382016 -1.193831086 -0.000349134 -0.005385883 0.999985397 43.782436371
0.999945164 0.010369739 0.001339733 0.829294801 -0.010376886 0.999931335 0.005443597 -1.203565359 -0.001283192 -0.005457202 0.999984324 44.285934448
0.999946415 0.010251154 0.001368476 0.840983272 -0.010259160 0.999929547 0.005977381 -1.216210842 -0.001307105 -0.005991100 0.999981284 44.848209381
0.999946058 0.010344695 0.000864088 0.853157461 -0.010349819 0.999927521 0.006150467 -1.232848287 -0.000800400 -0.006159078 0.999980807 45.381103516
0.999938607 0.010919239 0.001837179 0.864723682 -0.010930456 0.999920964 0.006209888 -1.240013599 -0.001769226 -0.006229588 0.999979079 45.901741028
0.999932647 0.011469999 0.001736322 0.872070551 -0.011479418 0.999918878 0.005514727 -1.259801388 -0.001672927 -0.005534288 0.999983311 46.465694427
0.999924123 0.012191555 0.001748312 0.887587905 -0.012201010 0.999910355 0.005502166 -1.266266346 -0.001681075 -0.005523080 0.999983370 47.018226624
0.999936163 0.011271444 0.000744587 0.913960516 -0.011275680 0.999918640 0.005955205 -1.282441616 -0.000677402 -0.005963222 0.999981999 47.596576691
0.999927819 0.011816997 0.002184762 0.897389650 -0.011828648 0.999915481 0.005399180 -1.293722391 -0.002120775 -0.005424632 0.999983013 48.103408813
0.999935806 0.011157218 0.002008001 0.907328784 -0.011168244 0.999922216 0.005566128 -1.306301117 -0.001945742 -0.005588196 0.999982476 48.647731781
0.999929309 0.011660842 0.002326564 0.915779054 -0.011672797 0.999918461 0.005192952 -1.313031673 -0.002265820 -0.005219743 0.999983788 49.199672699
0.999930799 0.011444502 0.002742230 0.935495913 -0.011460297 0.999917507 0.005815186 -1.329722285 -0.002675452 -0.005846211 0.999979317 49.726833344
0.999922276 0.012094098 0.003003077 0.928495884 -0.012109974 0.999912500 0.005325705 -1.336434960 -0.002938404 -0.005361659 0.999981284 50.253002167
0.999916255 0.012497506 0.003327308 0.937345386 -0.012513957 0.999909282 0.004970358 -1.352085114 -0.003264889 -0.005011579 0.999982119 50.785278320
0.999922276 0.012130653 0.002866617 0.953143358 -0.012144920 0.999913633 0.005013138 -1.361562371 -0.002805557 -0.005047563 0.999983251 51.321544647
0.999921739 0.012242010 0.002567678 0.961635590 -0.012254072 0.999913692 0.004736390 -1.371253848 -0.002509473 -0.004767484 0.999985456 51.865848541
0.999916255 0.012398312 0.003717884 0.960248351 -0.012417742 0.999909103 0.005249292 -1.386196971 -0.003652464 -0.005295021 0.999979317 52.402664185
0.999910235 0.012911659 0.003575313 0.978300452 -0.012929780 0.999903440 0.005093019 -1.397073627 -0.003509209 -0.005138789 0.999980628 52.938381195
0.999912143 0.012828959 0.003316024 0.993857145 -0.012845440 0.999904931 0.004997138 -1.412746072 -0.003251601 -0.005039295 0.999981999 53.476642609
0.999914587 0.012589684 0.003505902 1.006379008 -0.012606614 0.999908745 0.004849662 -1.428283691 -0.003444526 -0.004893445 0.999982119 54.022708893
0.999908209 0.012983590 0.003869012 1.012166977 -0.013000802 0.999905646 0.004457686 -1.441143274 -0.003810770 -0.004507577 0.999982595 54.562812805
0.999906003 0.013181465 0.003771182 1.025214911 -0.013196004 0.999905467 0.003857003 -1.452147126 -0.003719985 -0.003906404 0.999985456 55.112075806
0.999914646 0.012481610 0.003888601 1.041437387 -0.012500176 0.999910414 0.004787277 -1.466549873 -0.003828500 -0.004835477 0.999980986 55.645030975
0.999901712 0.013405159 0.004105227 1.044234753 -0.013425394 0.999897599 0.004941643 -1.475146174 -0.004038563 -0.004996271 0.999979377 56.184349060
0.999900639 0.013396750 0.004352435 1.057647228 -0.013418946 0.999896884 0.005111763 -1.498710632 -0.004283505 -0.005169659 0.999977469 56.735122681
0.999891758 0.014072742 0.004266881 1.072820425 -0.014093562 0.999888718 0.004889476 -1.512399673 -0.004197598 -0.004949082 0.999978960 57.270000458
0.999897897 0.013473489 0.004764664 1.077470064 -0.013495039 0.999898672 0.004519841 -1.514872551 -0.004703283 -0.004583677 0.999978423 57.759109497
0.999893904 0.013580304 0.005278794 1.092370272 -0.013603213 0.999898136 0.004328845 -1.527289271 -0.005219469 -0.004400194 0.999976695 58.302230835
0.999889314 0.013946136 0.005190471 1.101902604 -0.013968920 0.999892831 0.004379738 -1.531606436 -0.005128834 -0.004451758 0.999976933 58.844863892
0.999899507 0.013275778 0.004963302 1.095872402 -0.013298358 0.999901175 0.004544245 -1.554510474 -0.004902483 -0.004609792 0.999977350 59.318157196
0.999894083 0.013718635 0.004858450 1.111388326 -0.013739537 0.999896288 0.004294850 -1.565057755 -0.004799027 -0.004361149 0.999978960 59.866916656
0.999881625 0.014073770 0.006207952 1.118914843 -0.014106416 0.999886692 0.005246583 -1.577163696 -0.006133410 -0.005333534 0.999966979 60.420646667
0.999889076 0.013649601 0.005946911 1.122820973 -0.013676470 0.999896288 0.004500879 -1.584178209 -0.005884859 -0.004581712 0.999972105 60.915271759
0.999885082 0.013841410 0.006175072 1.137626171 -0.013869955 0.999893129 0.004603777 -1.594186425 -0.006110691 -0.004688896 0.999970257 61.444602966
0.999882758 0.013860049 0.006502153 1.145292759 -0.013889026 0.999893665 0.004433163 -1.610381722 -0.006440017 -0.004522951 0.999968946 61.984912872
0.999871075 0.014556750 0.006769868 1.156091213 -0.014584977 0.999885082 0.004138638 -1.617557287 -0.006708845 -0.004236844 0.999968469 62.494331360
0.999867678 0.014821540 0.006707223 1.170651197 -0.014851287 0.999879956 0.004406954 -1.632680058 -0.006641100 -0.004505981 0.999967813 63.029773712
0.999856532 0.015437403 0.006968698 1.180371404 -0.015467906 0.999870837 0.004344555 -1.650930524 -0.006900731 -0.004451722 0.999966264 63.563819885
0.999854386 0.015524599 0.007084302 1.193353057 -0.015556002 0.999869287 0.004399764 -1.662965536 -0.007015072 -0.004509326 0.999965250 64.076576233
0.999851167 0.015644809 0.007270788 1.206282735 -0.015676195 0.999867976 0.004279769 -1.676083446 -0.007202873 -0.004393111 0.999964416 64.622367859
0.999858439 0.015101760 0.007438621 1.215577126 -0.015133494 0.999876559 0.004228144 -1.684389114 -0.007373852 -0.004340117 0.999963403 65.129180908
0.999852479 0.015506607 0.007390827 1.226793647 -0.015538598 0.999870121 0.004291273 -1.696746349 -0.007323325 -0.004405483 0.999963462 65.668556213
0.999853671 0.015283402 0.007684107 1.237188339 -0.015313422 0.999875307 0.003863257 -1.702248096 -0.007624104 -0.003980362 0.999962926 66.192993164
0.999839187 0.015874125 0.008342967 1.247419953 -0.015903147 0.999867737 0.003423841 -1.713429928 -0.008287513 -0.003555970 0.999959290 66.751556396
0.999851584 0.015367339 0.007778377 1.263792634 -0.015395018 0.999875307 0.003511292 -1.726199865 -0.007723449 -0.003630520 0.999963522 67.242538452
0.999846876 0.015551651 0.008018831 1.277136564 -0.015575825 0.999874294 0.002961087 -1.738457322 -0.007971771 -0.003085534 0.999963462 67.782180786
0.999836147 0.016089264 0.008296350 1.286096334 -0.016115811 0.999865174 0.003142821 -1.750190258 -0.008244664 -0.003276009 0.999960661 68.306884766
0.999848962 0.015713386 0.007422219 1.305689573 -0.015737465 0.999871075 0.003196588 -1.766015053 -0.007371031 -0.003312912 0.999967396 68.850700378
0.999800742 0.017748713 0.009128914 1.306315184 -0.017777637 0.999837101 0.003096499 -1.781172037 -0.009072469 -0.003258173 0.999953568 69.407554626
0.999841690 0.015900271 0.007982824 1.328198552 -0.015927611 0.999867439 0.003372718 -1.788600087 -0.007928139 -0.003499331 0.999962509 69.978363037
0.999808013 0.017405588 0.009002777 1.324994802 -0.017440019 0.999840856 0.003759823 -1.800969720 -0.008935903 -0.003916109 0.999952435 70.379470825
0.999840140 0.015845984 0.008283018 1.357375026 -0.015872454 0.999869108 0.003139201 -1.819956064 -0.008232191 -0.003270172 0.999960721 70.894020081
0.999829412 0.016339069 0.008618682 1.371470928 -0.016367480 0.999860823 0.003236343 -1.838094473 -0.008564603 -0.003376857 0.999957621 71.438148499
0.999837101 0.015844841 0.008639957 1.382026196 -0.015871605 0.999869347 0.003037578 -1.844738960 -0.008590699 -0.003174213 0.999957979 71.958015442
0.999830067 0.016240653 0.008722496 1.398078442 -0.016267791 0.999863029 0.003049034 -1.858458161 -0.008671783 -0.003190412 0.999957323 72.477226257
0.999815762 0.016895005 0.009121450 1.407109737 -0.016923012 0.999852240 0.003001862 -1.871600509 -0.009069386 -0.003155671 0.999953926 73.029991150
0.999830067 0.016065912 0.009043203 1.423712850 -0.016093392 0.999866068 0.002974205 -1.883463979 -0.008994210 -0.003119235 0.999954641 73.530174255
0.999821603 0.016447712 0.009284657 1.438240528 -0.016475989 0.999859869 0.002977154 -1.886752605 -0.009234390 -0.003129596 0.999952435 74.089836121
0.999813020 0.016807543 0.009553715 1.451202869 -0.016837757 0.999853432 0.003090642 -1.910436034 -0.009500368 -0.003250927 0.999949574 74.585693359
0.999808311 0.017134424 0.009472118 1.468688965 -0.017164094 0.999848008 0.003059683 -1.923798442 -0.009418251 -0.003221677 0.999950469 75.138084412
0.999792814 0.017614312 0.010196860 1.472663641 -0.017645018 0.999840021 0.002929058 -1.938397169 -0.010143635 -0.003108375 0.999943733 75.636650085
0.999790490 0.017623743 0.010409641 1.490166664 -0.017653942 0.999840319 0.002816250 -1.954901576 -0.010358345 -0.002999431 0.999941826 76.175498962
0.999786317 0.017981229 0.010195757 1.509591579 -0.018006532 0.999835014 0.002395450 -1.966521859 -0.010151002 -0.002578529 0.999945104 76.716285706
0.999787092 0.017764939 0.010497274 1.511131287 -0.017798118 0.999836862 0.003075722 -1.978860736 -0.010440922 -0.003261900 0.999940157 77.206932068
0.999787569 0.017642459 0.010649126 1.530851007 -0.017673997 0.999839604 0.002874884 -1.991629124 -0.010596699 -0.003062486 0.999939084 77.725814819
0.999778867 0.018037321 0.010810861 1.549514294 -0.018071514 0.999831855 0.003073601 -2.002970934 -0.010753607 -0.003268289 0.999936819 78.275428772
0.999776840 0.018378278 0.010409431 1.574353814 -0.018407928 0.999826729 0.002760010 -2.007726908 -0.010356904 -0.002951010 0.999941945 78.836921692
0.999784827 0.017662305 0.010878093 1.579246521 -0.017695077 0.999839067 0.002923665 -2.033514261 -0.010824704 -0.003115524 0.999936581 79.318023682
0.999768496 0.017972382 0.011830891 1.594792247 -0.018006010 0.999834061 0.002742260 -2.046262980 -0.011779645 -0.002954652 0.999926209 79.854217529
0.999748170 0.017826892 0.013634167 1.611245871 -0.017861882 0.999837399 0.002448800 -2.059064627 -0.013588299 -0.002691715 0.999904037 80.404853821
0.999737203 0.018015318 0.014177027 1.629588842 -0.018056817 0.999833047 0.002804693 -2.077934742 -0.014124133 -0.003059947 0.999895573 80.926826477
0.999706626 0.018492468 0.015640283 1.644131780 -0.018536080 0.999824703 0.002648031 -2.090994358 -0.015588571 -0.002937164 0.999874115 81.475349426
0.999644458 0.018617388 0.019088767 1.667775631 -0.018672630 0.999821901 0.002719944 -2.108352423 -0.019034730 -0.003075415 0.999814034 82.012001038
0.999557614 0.018866761 0.022995178 1.693175077 -0.018933857 0.999817133 0.002703615 -2.123255253 -0.022939963 -0.003137806 0.999731898 82.555541992
0.999497592 0.018371969 0.025824737 1.723580837 -0.018439952 0.999827206 0.002396727 -2.127905607 -0.025776237 -0.002871730 0.999663591 83.079368591
0.999378026 0.018455483 0.030048169 1.754879713 -0.018543907 0.999824464 0.002666641 -2.141786575 -0.029993681 -0.003222193 0.999544919 83.626296997
0.999197841 0.018090691 0.035726715 1.787152052 -0.018193165 0.999831259 0.002545188 -2.157347202 -0.035674643 -0.003193128 0.999358356 84.161010742
0.998962224 0.018029371 0.041826352 1.820348024 -0.018122906 0.999834061 0.001858099 -2.161502838 -0.041785911 -0.002614186 0.999123156 84.680091858
0.998638749 0.018941844 0.048597924 1.854197979 -0.019065296 0.999816120 0.002077890 -2.176963568 -0.048549630 -0.003001596 0.998816252 85.223014832
0.998238623 0.018306395 0.056431804 1.905052185 -0.018429251 0.999828815 0.001657349 -2.188712835 -0.056391805 -0.002694426 0.998405039 85.781669617
0.997728229 0.018098915 0.064890608 1.959810257 -0.018216986 0.999833226 0.001228184 -2.202686548 -0.064857565 -0.002407505 0.997891605 86.321464539
0.997222483 0.017649839 0.072359227 2.014755726 -0.017784180 0.999841154 0.001212668 -2.215801239 -0.072326340 -0.002496150 0.997377872 86.864944458
0.996510684 0.018438095 0.081403568 2.066578388 -0.018590771 0.999826670 0.001117922 -2.229103327 -0.081368826 -0.002627376 0.996680558 87.410781860
0.995678604 0.017634073 0.091176949 2.142376900 -0.017735695 0.999842703 0.000304423 -2.242113113 -0.091157228 -0.001920195 0.995834708 87.918853760
0.994756222 0.017928118 0.100691430 2.215215683 -0.018014310 0.999837816 -0.000053284 -2.247230530 -0.100676045 -0.001760882 0.994917631 88.505500793
0.993923962 0.018651491 0.108478099 2.288917065 -0.018827891 0.999822557 0.000602020 -2.270464897 -0.108447611 -0.002640775 0.994098663 89.060852051
0.993017495 0.017074391 0.116724543 2.382603645 -0.017196286 0.999852121 0.000037229 -2.281752110 -0.116706654 -0.002044198 0.993164301 89.546264648
0.991730928 0.017574145 0.127125025 2.474787712 -0.017716939 0.999843061 -0.000007443 -2.291916847 -0.127105206 -0.002244886 0.991886675 90.098548889
0.990557253 0.015758488 0.136190891 2.579036713 -0.015843982 0.999874353 -0.000456251 -2.314010859 -0.136181012 -0.001705863 0.990682483 90.620056152
0.988909066 0.015974389 0.147660479 2.675977707 -0.016076935 0.999870658 -0.000499119 -2.328750849 -0.147649378 -0.001880345 0.989037991 91.153419495
0.986888468 0.016229695 0.160585776 2.775367737 -0.016313178 0.999866545 -0.000798597 -2.340421438 -0.160577312 -0.001831539 0.987021565 91.706291199
0.985119820 0.015393333 0.171178013 2.892689705 -0.015404405 0.999880493 -0.001263651 -2.352946281 -0.171177015 -0.001392048 0.985239327 92.246139526
0.983223617 0.015497811 0.181744859 3.001651764 -0.015516733 0.999878764 -0.001317847 -2.368489981 -0.181743234 -0.001524348 0.983344793 92.771385193
0.980801225 0.014902514 0.194440261 3.130030632 -0.014794007 0.999888599 -0.002010243 -2.382717133 -0.194448575 -0.000904902 0.980912268 93.305274963
0.978421330 0.014139223 0.206135496 3.275305748 -0.014033656 0.999899566 -0.001974309 -2.404144526 -0.206142679 -0.000961128 0.978521466 93.825004578
0.976302803 0.013341779 0.215997323 3.424823761 -0.013178682 0.999910891 -0.002195406 -2.414410830 -0.216007352 -0.000703179 0.976391435 94.342521667
0.973341882 0.013592079 0.228956178 3.577873230 -0.013414556 0.999907374 -0.002331765 -2.428582668 -0.228966609 -0.000801741 0.973433971 94.873908997
0.970280886 0.012888856 0.241637707 3.734785080 -0.012794264 0.999916315 -0.001960557 -2.451637983 -0.241642684 -0.001189286 0.970364511 95.405700684
0.967435896 0.012388070 0.252812892 3.889614105 -0.012070655 0.999923229 -0.002806556 -2.461056471 -0.252828270 -0.000336454 0.967511177 95.916587830
0.964389205 0.012437710 0.264194399 4.055027008 -0.012075638 0.999922574 -0.002994481 -2.454583883 -0.264211148 -0.000302471 0.964464784 96.398406982
0.960774660 0.012642826 0.277041852 4.231912613 -0.012275142 0.999920011 -0.003061515 -2.473088741 -0.277058423 -0.000459301 0.960852981 96.909461975
0.956909835 0.012356936 0.290122420 4.408485413 -0.011810578 0.999923706 -0.003634088 -2.487654924 -0.290145159 0.000050980 0.956982613 97.451576233
0.953466117 0.011972244 0.301262319 4.607370377 -0.011343093 0.999928236 -0.003837619 -2.498796225 -0.301286578 0.000241794 0.953533590 97.966156006
0.948729396 0.012531159 0.315840930 4.756437302 -0.012146910 0.999921083 -0.003185287 -2.536203384 -0.315855950 -0.000814515 0.948806822 98.473617554
0.944059134 0.011203751 0.329586029 4.969266891 -0.010597043 0.999937177 -0.003637330 -2.550732374 -0.329606056 -0.000058783 0.944118619 98.993957520
0.940132201 0.010952939 0.340633899 5.177917480 -0.010108673 0.999939859 -0.004253229 -2.559006929 -0.340659976 0.000555242 0.940186381 99.497406006
0.935296595 0.009849763 0.353727818 5.389492035 -0.008798047 0.999950767 -0.004581200 -2.570393801 -0.353755563 0.001172669 0.935337126 100.018974304
0.929548025 0.010042151 0.368564248 5.609436035 -0.009271896 0.999949515 -0.003860845 -2.606671095 -0.368584484 0.000171551 0.929594278 100.539329529
0.924676538 0.010011941 0.380621970 5.845699310 -0.009154409 0.999949872 -0.004063273 -2.622371197 -0.380643517 0.000272845 0.924721897 101.048278809
0.919914186 0.009340742 0.392008513 6.084522247 -0.008321718 0.999956071 -0.004298537 -2.634931803 -0.392031431 0.000692101 0.919951677 101.551445007
0.913944542 0.009021281 0.405738682 6.323795319 -0.008264343 0.999959350 -0.003617507 -2.676582098 -0.405754805 -0.000046963 0.913981974 101.955871582
0.908009589 0.007813171 0.418876469 6.575710297 -0.006573048 0.999968708 -0.004403533 -2.673927069 -0.418897748 0.001245155 0.908032537 102.480598450
0.902910829 0.008751426 0.429738820 6.883808136 -0.007442295 0.999961138 -0.004726953 -2.693217754 -0.429763436 0.001069775 0.902940869 103.079902649
0.896920085 0.008833189 0.442104459 7.142024994 -0.007674953 0.999960840 -0.004408511 -2.714223862 -0.442126036 0.000560951 0.896952748 103.561141968
0.890330613 0.007809899 0.455247819 7.419456482 -0.006320134 0.999968529 -0.004794407 -2.729432344 -0.455271006 0.001391380 0.890351892 104.049186707
0.884522557 0.007200362 0.466441900 7.713096619 -0.005387509 0.999971867 -0.005219914 -2.742938280 -0.466466308 0.002104172 0.884536445 104.555816650
0.878321648 0.006066490 0.478031725 7.980052948 -0.004246738 0.999979019 -0.004887461 -2.756788731 -0.478051275 0.002262687 0.878328979 105.022277832
0.870854378 0.005336827 0.491512120 8.273593903 -0.003205853 0.999981463 -0.005177690 -2.775089502 -0.491530597 0.002933298 0.870855331 105.485084534
