1.000000000 0.000000000 0.000000000 0.000000000 0.000000000 1.000000000 0.000000000 0.000000000 0.000000000 0.000000000 1.000000000 0.000000000
1.000000000 -0.000067795 0.000142562 -0.001154697 0.000067792 1.000000000 0.000016665 0.000859584 -0.000142563 -0.000016655 1.000000000 0.001999985
1.000000000 0.000158625 0.000122794 -0.001880920 -0.000158637 1.000000000 0.000099154 0.000945245 -0.000122778 -0.000099173 1.000000000 0.002480854
1.000000000 0.000116388 -0.000075546 0.000641201 -0.000116379 1.000000000 0.000126887 -0.000691231 0.000075561 -0.000126878 1.000000000 -0.000692875
0.999999940 0.000261556 0.000169655 -0.001627004 -0.000261569 0.999999940 0.000074973 -0.000397717 -0.000169635 -0.000075018 1.000000000 0.000371676
1.000000000 0.000012390 0.000040259 -0.000730369 -0.000012391 1.000000000 0.000031117 -0.000035751 -0.000040258 -0.000031117 1.000000000 -0.001438022
1.000000000 -0.000085440 0.000057526 -0.000416851 0.000085433 1.000000000 0.000116059 -0.001034689 -0.000057536 -0.000116054 1.000000000 -0.001370438
1.000000000 -0.000098758 0.000219535 -0.002383437 0.000098750 1.000000000 0.000039671 0.001524594 -0.000219539 -0.000039650 1.000000000 0.003813141
0.999999940 0.000132039 0.000226381 -0.001738413 -0.000132059 1.000000000 0.000086481 0.000734070 -0.000226369 -0.000086511 1.000000000 0.002580807
1.000000000 0.000012484 0.000204439 -0.001653815 -0.000012487 1.000000000 0.000017223 0.000923289 -0.000204438 -0.000017225 1.000000000 0.001876529
0.999999940 -0.000073717 0.000248797 -0.001903682 0.000073733 1.000000000 -0.000064735 0.002530938 -0.000248792 0.000064754 0.999999940 0.003689174
1.000000000 0.000078765 0.000097858 -0.000370259 -0.000078786 1.000000000 0.000205151 -0.000588462 -0.000097842 -0.000205159 1.000000000 0.000660838
1.000000000 -0.000030063 0.000216388 -0.002341644 0.000030090 1.000000000 -0.000126874 0.002655684 -0.000216384 0.000126881 0.999999940 0.004371067
0.999999940 -0.000197687 0.000199977 -0.002496148 0.000197652 0.999999940 0.000172599 0.000572749 -0.000200011 -0.000172559 0.999999940 0.002211815
1.000000000 0.000005383 0.000212234 -0.001972901 -0.000005425 1.000000000 0.000200890 -0.000760513 -0.000212233 -0.000200891 0.999999940 0.000475884
1.000000000 0.000108332 0.000083561 -0.000112256 -0.000108356 0.999999940 0.000295681 -0.001871660 -0.000083529 -0.000295690 0.999999940 -0.001439946
1.000000000 -0.000022010 0.000069251 -0.002099062 0.000022005 1.000000000 0.000082464 0.000749558 -0.000069253 -0.000082463 1.000000000 0.003307603
0.999999940 0.000111155 0.000298001 -0.002856064 -0.000111185 1.000000000 0.000098403 0.000888605 -0.000297990 -0.000098436 0.999999940 0.000982862
0.999999940 0.000131193 0.000245604 -0.003432133 -0.000131211 1.000000000 0.000070644 0.000998028 -0.000245595 -0.000070677 0.999999940 0.003456122
0.999999940 0.000311645 0.000113984 -0.002216435 -0.000311666 0.999999940 0.000181262 0.000893856 -0.000113928 -0.000181298 1.000000000 0.003005567
0.999999940 0.000310188 0.000230527 -0.002718185 -0.000310256 0.999999881 0.000294982 -0.000454511 -0.000230435 -0.000295053 0.999999940 0.003186762
0.999999940 0.000242037 0.000109212 -0.002084348 -0.000242051 0.999999940 0.000129466 0.000620924 -0.000109180 -0.000129492 1.000000000 0.003154963
0.999999940 0.000115715 0.000244797 -0.001911660 -0.000115779 0.999999940 0.000259865 -0.000868521 -0.000244767 -0.000259893 0.999999940 0.000285185
0.999999940 0.000151880 0.000198295 -0.002534553 -0.000151940 0.999999940 0.000306246 -0.000136103 -0.000198248 -0.000306276 0.999999940 0.005131125
0.999999881 0.000299422 0.000306810 -0.003170261 -0.000299486 0.999999940 0.000208769 0.000493503 -0.000306747 -0.000208861 0.999999940 0.001853271
0.999999940 0.000168685 0.000234294 -0.002496429 -0.000168693 1.000000000 0.000034839 0.002043345 -0.000234288 -0.000034879 1.000000000 0.005042351
1.000000000 -0.000146712 0.000087065 -0.000699566 0.000146712 1.000000000 -0.000004626 0.001140463 -0.000087065 0.000004638 1.000000000 0.001460099
0.999999940 0.000176040 0.000246600 -0.001686966 -0.000176041 1.000000000 0.000004266 0.001091301 -0.000246599 -0.000004309 0.999999940 0.002099617
0.999999940 0.000329928 0.000258514 -0.003479583 -0.000329920 0.999999940 -0.000032914 0.002357474 -0.000258524 0.000032829 0.999999940 0.005206171
1.000000000 0.000016319 0.000224096 -0.003184300 -0.000016367 1.000000000 0.000214193 -0.000000830 -0.000224092 -0.000214197 0.999999940 0.002534104
1.000000000 0.000109619 0.000216632 -0.001994462 -0.000109619 1.000000000 0.000001444 0.001539619 -0.000216632 -0.000001467 1.000000000 0.003488945
0.999999940 -0.000035869 0.000249578 -0.002297388 0.000035838 1.000000000 0.000123951 0.000941897 -0.000249582 -0.000123942 0.999999940 0.003198536
0.999999940 0.000100933 0.000248641 -0.002887576 -0.000100953 1.000000000 0.000079362 0.000479945 -0.000248633 -0.000079387 0.999999940 0.002048698
0.999999940 -0.000043995 0.000347345 -0.002416924 0.000043998 1.000000000 -0.000009617 0.001893027 -0.000347344 0.000009632 0.999999940 0.004001664
1.000000000 -0.000088487 0.000190199 -0.001656040 0.000088474 1.000000000 0.000068279 0.000856961 -0.000190205 -0.000068262 1.000000000 0.002876770
0.999999940 0.000261105 0.000225701 -0.001302997 -0.000261134 0.999999940 0.000127894 0.000239476 -0.000225668 -0.000127953 0.999999940 0.000590892
0.999999940 0.000254020 0.000111723 -0.000056661 -0.000254044 0.999999940 0.000220196 -0.000214250 -0.000111667 -0.000220225 0.999999940 -0.000624767
0.999999940 0.000026753 0.000255269 -0.002010171 -0.000026797 1.000000000 0.000170111 0.000533335 -0.000255264 -0.000170118 0.999999940 0.003234972
0.999999940 0.000169725 0.000286374 -0.002340576 -0.000169804 0.999999940 0.000276132 -0.000548745 -0.000286327 -0.000276181 0.999999940 0.001821685
1.000000000 -0.000083579 0.000198649 -0.000805017 0.000083547 1.000000000 0.000160449 0.000325975 -0.000198662 -0.000160433 0.999999940 0.001828513
0.999999940 -0.000076773 0.000360344 -0.001752705 0.000076719 1.000000000 0.000150458 0.000238837 -0.000360356 -0.000150430 0.999999940 0.002504457
0.999999940 -0.000158671 0.000252503 0.000640927 0.000158814 0.999999821 -0.000566349 0.000055609 -0.000252413 0.000566389 0.999999821 0.051685199
0.999999940 0.000280703 0.000221010 -0.001254029 -0.000280481 0.999999464 -0.001000149 -0.004261210 -0.000221290 0.001000087 0.999999464 0.137932479
0.999999821 0.000543115 0.000207379 0.000700245 -0.000542831 0.999998927 -0.001366143 -0.005736500 -0.000208120 0.001366031 0.999999046 0.254745066
0.999998689 0.001575126 0.000186827 0.004890564 -0.001575112 0.999998748 -0.000072441 -0.024351545 -0.000186940 0.000072146 0.999999940 0.372265160
0.999998987 0.001386672 0.000326081 0.006603702 -0.001386680 0.999998987 0.000023537 -0.029031202 -0.000326048 -0.000023989 0.999999940 0.509987175
0.999998212 0.001852489 0.000402455 0.009905220 -0.001852577 0.999998271 0.000219149 -0.035718009 -0.000402048 -0.000219895 0.999999940 0.657491803
0.999999106 0.001287828 0.000067267 0.014112191 -0.001287833 0.999999166 0.000069560 -0.034993540 -0.000067177 -0.000069646 0.999999940 0.823081017
0.999998868 0.001471501 0.000275775 0.016278137 -0.001471531 0.999998927 0.000108523 -0.038627911 -0.000275615 -0.000108929 1.000000000 0.989148617
0.999998927 0.001479791 0.000162026 0.023171237 -0.001479878 0.999998748 0.000533979 -0.048358813 -0.000161236 -0.000534218 0.999999821 1.164972782
0.999999404 0.001102603 -0.000027324 0.027419444 -0.001102582 0.999999106 0.000764592 -0.052518707 0.000028167 -0.000764562 0.999999702 1.353787422
0.999999285 0.001198290 0.000132904 0.030445635 -0.001198370 0.999999046 0.000602785 -0.057400346 -0.000132181 -0.000602944 0.999999821 1.537606716
0.999999404 0.001114427 0.000016562 0.035673104 -0.001114437 0.999999225 0.000635476 -0.058686446 -0.000015854 -0.000635494 0.999999821 1.737222195
0.999999285 0.001203715 -0.000056259 0.037554733 -0.001203674 0.999998987 0.000722004 -0.065833233 0.000057128 -0.000721936 0.999999762 1.934803009
0.999998689 0.001560809 0.000355443 0.036054406 -0.001561133 0.999998391 0.000915535 -0.072424427 -0.000354013 -0.000916088 0.999999523 2.160281181
0.999998808 0.001509507 0.000399109 0.042406179 -0.001509758 0.999998629 0.000628003 -0.078403845 -0.000398160 -0.000628605 0.999999762 2.375543833
0.999999046 0.001392084 0.000131671 0.048399981 -0.001392211 0.999998569 0.000968179 -0.086296961 -0.000130323 -0.000968361 0.999999583 2.599959850
0.999998629 0.001627642 0.000388877 0.049847163 -0.001628019 0.999998212 0.000971048 -0.091035962 -0.000387296 -0.000971680 0.999999464 2.836323261
0.999998152 0.001881726 0.000311432 0.050151609 -0.001882107 0.999997497 0.001230086 -0.100304253 -0.000309117 -0.001230670 0.999999166 3.063678741
0.999998808 0.001499507 -0.000121152 0.060881853 -0.001499369 0.999998271 0.001123513 -0.104441047 0.000122836 -0.001123330 0.999999285 3.302834511
0.999998689 0.001567422 0.000109931 0.066555537 -0.001567548 0.999998152 0.001154377 -0.113431536 -0.000108122 -0.001154548 0.999999285 3.548828602
0.999997973 0.002007609 0.000049946 0.073484853 -0.002007647 0.999997735 0.000752519 -0.115686692 -0.000048435 -0.000752618 0.999999642 3.809231043
0.999998450 0.001662009 0.000493458 0.074995264 -0.001662398 0.999998331 0.000788171 -0.120892711 -0.000492147 -0.000788990 0.999999523 4.076724052
0.999997675 0.002011125 0.000805601 0.068812191 -0.002012659 0.999996066 0.001907901 -0.138837561 -0.000801761 -0.001909518 0.999997854 4.303344727
0.999998808 0.001482588 0.000417734 0.081419893 -0.001483290 0.999997377 0.001684201 -0.143947005 -0.000415236 -0.001684818 0.999998510 4.566715717
0.999998927 0.001378135 0.000601922 0.086615130 -0.001379159 0.999997616 0.001704424 -0.150167599 -0.000599572 -0.001705252 0.999998391 4.820350647
0.999998510 0.001550935 0.000762582 0.092562854 -0.001552588 0.999996483 0.002172729 -0.159708992 -0.000759209 -0.002173910 0.999997377 5.080817223
0.999998748 0.001468185 0.000542286 0.098404810 -0.001469197 0.999997139 0.001869615 -0.169394746 -0.000539540 -0.001870409 0.999998093 5.352298737
0.999997735 0.001881238 0.001004426 0.099614054 -0.001882868 0.999996901 0.001624845 -0.173615679 -0.001001366 -0.001626732 0.999998152 5.620204449
0.999998629 0.001496345 0.000631216 0.109044276 -0.001497530 0.999997139 0.001881284 -0.180657312 -0.000628399 -0.001882227 0.999998033 5.892114162
0.999998569 0.001541450 0.000645370 0.121704377 -0.001542816 0.999996603 0.002120542 -0.193740904 -0.000642099 -0.002121535 0.999997497 6.165594101
0.999997437 0.002140623 0.000712089 0.119461641 -0.002142094 0.999995530 0.002071118 -0.202227116 -0.000707653 -0.002072638 0.999997616 6.453723431
0.999998271 0.001686519 0.000698292 0.124583133 -0.001688188 0.999995708 0.002397193 -0.212718964 -0.000694246 -0.002398368 0.999996901 6.744518280
0.999997616 0.001994593 0.000844787 0.127100810 -0.001996553 0.999995291 0.002324478 -0.221028477 -0.000840147 -0.002326159 0.999996960 7.053919792
0.999998152 0.001830548 0.000570729 0.144047141 -0.001832125 0.999994516 0.002775671 -0.233364299 -0.000565645 -0.002776711 0.999996006 7.327922821
0.999997914 0.001699753 0.001125734 0.139466733 -0.001702621 0.999995291 0.002551542 -0.250340343 -0.001121392 -0.002553454 0.999996126 7.635228157
0.999996185 0.002385369 0.001372457 0.144451991 -0.002389536 0.999992490 0.003042152 -0.260984182 -0.001365190 -0.003045420 0.999994457 7.950549603
0.999997258 0.002188380 0.000845768 0.152912125 -0.002191025 0.999992669 0.003138907 -0.268376470 -0.000838893 -0.003140752 0.999994695 8.272409439
0.999997556 0.001986809 0.000996932 0.158860788 -0.001989444 0.999994516 0.002648837 -0.277745247 -0.000991664 -0.002650814 0.999996006 8.596504211
0.999996424 0.002161938 0.001578452 0.158726752 -0.002165994 0.999994338 0.002572557 -0.282385409 -0.001572882 -0.002575967 0.999995530 8.938632965
0.999996722 0.002251035 0.001225284 0.169257015 -0.002254408 0.999993622 0.002758052 -0.295106709 -0.001219068 -0.002760805 0.999995470 9.270089149
0.999997318 0.001942235 0.001199261 0.177084967 -0.001946049 0.999993026 0.003187367 -0.311749339 -0.001193062 -0.003189693 0.999994159 9.627567291
0.999997139 0.002146520 0.000932377 0.190883487 -0.002149518 0.999992490 0.003227229 -0.320926517 -0.000925442 -0.003229225 0.999994338 9.970961571
0.999997973 0.001752779 0.000968244 0.198952913 -0.001755693 0.999993861 0.003016701 -0.329089880 -0.000962950 -0.003018395 0.999994993 10.329132080
0.999996722 0.002003775 0.001588980 0.197638094 -0.002008986 0.999992728 0.003284848 -0.341976047 -0.001582385 -0.003288030 0.999993324 10.678342819
0.999994636 0.002525377 0.002087904 0.197961450 -0.002531878 0.999991953 0.003116877 -0.347415179 -0.002080015 -0.003122146 0.999992967 11.051180840
0.999996901 0.001986991 0.001572579 0.213920712 -0.001992393 0.999992013 0.003441124 -0.364651471 -0.001565729 -0.003444246 0.999992847 11.423478127
0.999997258 0.002008155 0.001177760 0.226669282 -0.002012125 0.999992251 0.003380028 -0.370670021 -0.001170963 -0.003382389 0.999993622 11.805428505
0.999996901 0.001781324 0.001740887 0.228699505 -0.001787633 0.999991834 0.003628945 -0.386904925 -0.001734409 -0.003632046 0.999991894 12.177463531
0.999997258 0.001861814 0.001428663 0.242282301 -0.001867016 0.999991655 0.003648791 -0.398601443 -0.001421858 -0.003651448 0.999992311 12.565466881
0.999997258 0.001628717 0.001652645 0.242061749 -0.001634848 0.999991715 0.003715260 -0.403393328 -0.001646580 -0.003717952 0.999991715 12.973063469
0.999997318 0.001648450 0.001623656 0.254980803 -0.001654819 0.999990880 0.003928760 -0.419454515 -0.001617164 -0.003931436 0.999990940 13.376498222
0.999996543 0.001950244 0.001825850 0.266725838 -0.001958467 0.999987960 0.004512749 -0.443149835 -0.001817027 -0.004516309 0.999988139 13.781687737
0.999996006 0.001736720 0.002230883 0.270022839 -0.001745714 0.999990284 0.004035807 -0.439372927 -0.002223852 -0.004039685 0.999989331 14.203966141
0.999995887 0.001327108 0.002545150 0.282689899 -0.001337235 0.999991179 0.003980985 -0.450267792 -0.002539844 -0.003984372 0.999988794 14.622816086
0.999996543 0.001218952 0.002323086 0.292028844 -0.001229387 0.999989092 0.004495473 -0.466716290 -0.002317580 -0.004498314 0.999987125 15.058336258
0.999995649 0.001564773 0.002510797 0.300953835 -0.001575186 0.999990106 0.004150396 -0.476258159 -0.002504277 -0.004154332 0.999988258 15.502304077
0.999994099 0.001713178 0.002974790 0.310552597 -0.001726692 0.999988198 0.004546398 -0.491924763 -0.002966965 -0.004551508 0.999985218 15.938261032
0.999994516 0.001366121 0.003020913 0.323429793 -0.001380163 0.999988258 0.004651134 -0.500355721 -0.003014523 -0.004655278 0.999984622 16.386901855
0.999992490 0.001847884 0.003411870 0.329465270 -0.001861556 0.999990225 0.004008424 -0.508041918 -0.003404429 -0.004014746 0.999986112 16.831277847
0.999989390 0.001880191 0.004211382 0.336753637 -0.001899350 0.999987781 0.004549775 -0.522153735 -0.004202776 -0.004557726 0.999980807 17.295263290
0.999988973 0.001839223 0.004319163 0.348795593 -0.001859069 0.999987721 0.004595379 -0.537665069 -0.004310658 -0.004603358 0.999980032 17.736200333
0.999988019 0.001699474 0.004578487 0.360973835 -0.001720741 0.999987721 0.004645028 -0.549079835 -0.004570537 -0.004652850 0.999978721 18.205810547
0.999987185 0.001688347 0.004778049 0.378756583 -0.001712215 0.999986053 0.004995561 -0.559343219 -0.004769550 -0.005003678 0.999976099 18.664310455
0.999986112 0.002344835 0.004715985 0.389559776 -0.002367818 0.999985337 0.004873693 -0.577399611 -0.004704488 -0.004884792 0.999976993 19.141456604
0.999986410 0.002340891 0.004657089 0.405603170 -0.002362273 0.999986649 0.004591061 -0.586925030 -0.004646279 -0.004602000 0.999978602 19.621408463
0.999985218 0.002636067 0.004747122 0.410317034 -0.002657844 0.999985933 0.004586904 -0.595172048 -0.004734963 -0.004599454 0.999978185 20.127410889
0.999988019 0.001935594 0.004482624 0.425374240 -0.001960367 0.999982774 0.005528584 -0.625716388 -0.004471845 -0.005537306 0.999974668 20.611696243
0.999986708 0.002749582 0.004366374 0.431661099 -0.002772396 0.999982417 0.005227440 -0.631258905 -0.004351925 -0.005239476 0.999976814 21.121717453
0.999989212 0.002238204 0.004062658 0.448198408 -0.002258559 0.999984860 0.005012572 -0.640666366 -0.004051378 -0.005021694 0.999979138 21.608839035
0.999991953 0.002099590 0.003418517 0.453876078 -0.002120670 0.999978602 0.006174415 -0.673194885 -0.003405480 -0.006181615 0.999975085 22.116174698
0.999993622 0.002024022 0.002964770 0.467358232 -0.002041886 0.999979734 0.006034879 -0.678344965 -0.002952496 -0.006040894 0.999977350 22.630094528
0.999989808 0.003059139 0.003314348 0.469445437 -0.003077613 0.999979615 0.005583080 -0.692955673 -0.003297202 -0.005593224 0.999978900 23.142755508
0.999994755 0.002630104 0.001898057 0.482054114 -0.002642609 0.999974608 0.006615860 -0.716473162 -0.001880607 -0.006620842 0.999976277 23.661775589
0.999997675 0.001450167 0.001625682 0.484110057 -0.001459638 0.999981821 0.005840110 -0.723768294 -0.001617184 -0.005842470 0.999981642 24.185470581
0.999997020 0.002263924 0.000891382 0.498958617 -0.002269672 0.999976218 0.006501859 -0.733436465 -0.000876642 -0.006503862 0.999978542 24.723129272
0.999997199 0.002340072 0.000375244 0.507001460 -0.002342763 0.999970317 0.007339024 -0.763172865 -0.000358059 -0.007339882 0.999972999 25.248569489
0.999994874 0.003162067 0.000524588 0.511291504 -0.003166013 0.999965429 0.007699478 -0.776499033 -0.000500224 -0.007701099 0.999970257 25.789949417
0.999997020 0.002435229 -0.000231278 0.519637406 -0.002433728 0.999977231 0.006286671 -0.777536035 0.000246582 -0.006286089 0.999980211 26.355401993
0.999997795 0.001620886 -0.001321236 0.534382641 -0.001610414 0.999967575 0.007888738 -0.801714301 0.001333980 -0.007886591 0.999967992 26.874446869
0.999996543 0.002148989 -0.001484956 0.538117945 -0.002138036 0.999970794 0.007338380 -0.812764585 0.001500682 -0.007335180 0.999971926 27.431837082
0.999991834 0.003439629 -0.002096030 0.544818640 -0.003425307 0.999971032 0.006798756 -0.823969722 0.002119354 -0.006791521 0.999974668 28.008878708
0.999994814 0.002441408 -0.002059613 0.555759609 -0.002425117 0.999966025 0.007875320 -0.842835546 0.002078770 -0.007870284 0.999966860 28.509809494
0.999995947 0.001968897 -0.002032232 0.561583698 -0.001953205 0.999968469 0.007694814 -0.850991428 0.002047319 -0.007690814 0.999968290 29.059501648
0.999993384 0.002879273 -0.002224352 0.562858522 -0.002860479 0.999960601 0.008406663 -0.875064969 0.002248470 -0.008400246 0.999962211 29.607557297
0.999994516 0.002465083 -0.002200738 0.564635754 -0.002446026 0.999959767 0.008620421 -0.886539996 0.002221900 -0.008614991 0.999960423 30.140586853
0.999993443 0.002717145 -0.002403859 0.576230288 -0.002695540 0.999956369 0.008945823 -0.904706717 0.002428061 -0.008939284 0.999957085 30.681770325
0.999990940 0.003089881 -0.002931463 0.589600146 -0.003064721 0.999958754 0.008549053 -0.910183549 0.002957758 -0.008539991 0.999959171 31.233869553
0.999989271 0.003088435 -0.003437813 0.599936783 -0.003058167 0.999956846 0.008775095 -0.919000626 0.003464766 -0.008764488 0.999955595 31.784616470
0.999991417 0.002728767 -0.003121377 0.608657479 -0.002700971 0.999956965 0.008874946 -0.934374511 0.003145460 -0.008866440 0.999955773 32.317058563
0.999990165 0.002882737 -0.003352603 0.613299489 -0.002853116 0.999957085 0.008806569 -0.942747235 0.003377846 -0.008796916 0.999955595 32.864639282
0.999987900 0.003201174 -0.003746035 0.621322274 -0.003168909 0.999958098 0.008587612 -0.952225089 0.003773368 -0.008575637 0.999956131 33.411514282
0.999988735 0.003031940 -0.003634755 0.624542892 -0.003001133 0.999959767 0.008451451 -0.956997752 0.003660233 -0.008440447 0.999957681 33.966972351
0.999988616 0.002864372 -0.003822856 0.632309139 -0.002831299 0.999958694 0.008628977 -0.969572484 0.003847415 -0.008618054 0.999955416 34.505001068
0.999990940 0.002548587 -0.003422555 0.634962201 -0.002519609 0.999961197 0.008444411 -0.977366567 0.003443943 -0.008435710 0.999958396 35.079929352
0.999988735 0.002961462 -0.003710909 0.646514475 -0.002929363 0.999958515 0.008625718 -0.990610838 0.003736300 -0.008614751 0.999955833 35.582321167
0.999987781 0.003597547 -0.003378733 0.648226321 -0.003568418 0.999956787 0.008587865 -0.996487379 0.003409483 -0.008575704 0.999957383 36.137439728
0.999988079 0.002964807 -0.003879007 0.663625360 -0.002931365 0.999958754 0.008598641 -1.013608694 0.003904340 -0.008587168 0.999955535 36.690948486
0.999986827 0.003305958 -0.003929659 0.672764182 -0.003272005 0.999957561 0.008615312 -1.023126125 0.003957974 -0.008602339 0.999955177 37.231414795
0.999986768 0.003565005 -0.003713914 0.670028925 -0.003533639 0.999958277 0.008417973 -1.033010721 0.003743769 -0.008404737 0.999957681 37.784523010
0.999987304 0.003525013 -0.003602730 0.675299108 -0.003495547 0.999960601 0.008152826 -1.038730383 0.003631327 -0.008140130 0.999960244 38.337360382
0.999986112 0.003652672 -0.003815022 0.699643612 -0.003619436 0.999955773 0.008682782 -1.057198286 0.003846568 -0.008668853 0.999954998 38.851161957
0.999984622 0.003856185 -0.003963447 0.691755593 -0.003822309 0.999956429 0.008519781 -1.064503312 0.003996127 -0.008504502 0.999955833 39.406955719
0.999983788 0.003466550 -0.004507517 0.711555243 -0.003425214 0.999952316 0.009146309 -1.083927274 0.004539008 -0.009130721 0.999947965 39.935272217
0.999984264 0.003848815 -0.004078335 0.716837406 -0.003812579 0.999953568 0.008856278 -1.092469215 0.004112232 -0.008840590 0.999952435 40.487071991
0.999986172 0.003280278 -0.004094391 0.713496566 -0.003245628 0.999959052 0.008441086 -1.094260931 0.004121912 -0.008427680 0.999956012 41.046733856
0.999985218 0.003680427 -0.004008379 0.721798897 -0.003648794 0.999962389 0.007870681 -1.095371008 0.004037196 -0.007855939 0.999961019 41.594734192
0.999986410 0.003338505 -0.004010931 0.737698972 -0.003304039 0.999957800 0.008569210 -1.116779327 0.004039371 -0.008555841 0.999955237 42.133506775
0.999984503 0.003420019 -0.004396879 0.732130527 -0.003384116 0.999961078 0.008147280 -1.116265535 0.004424572 -0.008132274 0.999957144 42.686504364
0.999985099 0.003052172 -0.004528341 0.742132843 -0.003014673 0.999961317 0.008264762 -1.127846837 0.004553390 -0.008250987 0.999955595 43.230701447
0.999984801 0.003603834 -0.004167391 0.745085597 -0.003570799 0.999962389 0.007907562 -1.136751056 0.004195732 -0.007892561 0.999960065 43.792839050
0.999985516 0.003418876 -0.004159700 0.752810776 -0.003383343 0.999957979 0.008519580 -1.152883053 0.004188653 -0.008505383 0.999955058 44.332248688
0.999983907 0.003659654 -0.004333166 0.766644418 -0.003624129 0.999960005 0.008178052 -1.160062313 0.004362922 -0.008162217 0.999957204 44.890331268
0.999985874 0.003531622 -0.003980936 0.779990554 -0.003501393 0.999965131 0.007575184 -1.162588239 0.004007550 -0.007561137 0.999963343 45.427135468
0.999985874 0.003345999 -0.004161401 0.776086569 -0.003311744 0.999960780 0.008211616 -1.179527879 0.004188715 -0.008197718 0.999957621 45.975154877
0.999986291 0.002773549 -0.004427990 0.793225884 -0.002737576 0.999963343 0.008109593 -1.190780878 0.004450320 -0.008097361 0.999957323 46.512928009
0.999985039 0.003690503 -0.004053736 0.801193357 -0.003657379 0.999960124 0.008148582 -1.202806354 0.004083647 -0.008133632 0.999958575 47.045772552
0.999985397 0.002885545 -0.004600142 0.800984204 -0.002846439 0.999959946 0.008485203 -1.215438008 0.004624443 -0.008471984 0.999953389 47.600566864
0.999984503 0.003099748 -0.004619889 0.811698675 -0.003060692 0.999959767 0.008437091 -1.227397323 0.004645855 -0.008422820 0.999953687 48.140129089
0.999984980 0.003146016 -0.004490444 0.822249234 -0.003105002 0.999953628 0.009111685 -1.238139749 0.004518901 -0.009097605 0.999948323 48.705238342
0.999986470 0.002705328 -0.004435857 0.817356348 -0.002668254 0.999961615 0.008342519 -1.242652178 0.004458256 -0.008330571 0.999955356 49.232006073
0.999985814 0.002942382 -0.004432562 0.827523828 -0.002907485 0.999964833 0.007858575 -1.248597264 0.004455529 -0.007845576 0.999959290 49.782630920
0.999988139 0.002751205 -0.004027424 0.834017754 -0.002717872 0.999962211 0.008258628 -1.261543393 0.004049994 -0.008247583 0.999957800 50.333438873
0.999986827 0.002841050 -0.004263521 0.837744653 -0.002808868 0.999967575 0.007535341 -1.268455029 0.004284792 -0.007523266 0.999962449 50.866092682
0.999988198 0.002777877 -0.003983235 0.848447919 -0.002745537 0.999963343 0.008101635 -1.285958409 0.004005595 -0.008090603 0.999959171 51.415210724
0.999985695 0.003172114 -0.004310920 0.853549123 -0.003137037 0.999962032 0.008119572 -1.296401620 0.004336514 -0.008105931 0.999957740 51.964900970
0.999987483 0.002543581 -0.004291913 0.868309259 -0.002507997 0.999962568 0.008276427 -1.309230208 0.004312805 -0.008265560 0.999956548 52.510562897
0.999987066 0.003133480 -0.004008483 0.869556725 -0.003104761 0.999969602 0.007150976 -1.305977583 0.004030769 -0.007138438 0.999966383 53.053062439
0.999989331 0.002830706 -0.003650050 0.867139578 -0.002803437 0.999968290 0.007454604 -1.318992138 0.003671035 -0.007444291 0.999965549 53.605976105
0.999987602 0.003857197 -0.003146020 0.874350786 -0.003832787 0.999962866 0.007728173 -1.332572579 0.003175713 -0.007716020 0.999965191 54.150043488
0.999988377 0.003438820 -0.003357432 0.880863667 -0.003414620 0.999968290 0.007187263 -1.338040113 0.003382040 -0.007175715 0.999968469 54.682209015
0.999985754 0.004550025 -0.002792071 0.884522140 -0.004530929 0.999966502 0.006808161 -1.347838402 0.002822954 -0.006795413 0.999972939 55.234878540
0.999986947 0.003759774 -0.003444791 0.897026539 -0.003735277 0.999967992 0.007090094 -1.361860871 0.003471337 -0.007077136 0.999968886 55.770515442
0.999989271 0.003135502 -0.003409554 0.897132039 -0.003111937 0.999971390 0.006894828 -1.366585255 0.003431076 -0.006884143 0.999970436 56.321887970
0.999989510 0.002892634 -0.003531366 0.915300310 -0.002867910 0.999971509 0.006986209 -1.385950565 0.003551474 -0.006976008 0.999969363 56.852169037
0.999988556 0.003213153 -0.003552816 0.926948190 -0.003186677 0.999967277 0.007432562 -1.396550417 0.003576582 -0.007421155 0.999966085 57.401767731
0.999988317 0.003249387 -0.003567073 0.930981874 -0.003223698 0.999969006 0.007184113 -1.406825423 0.003590306 -0.007172531 0.999967813 57.958148956
0.999989033 0.003125722 -0.003492469 0.940260649 -0.003101506 0.999971271 0.006917818 -1.415103078 0.003513992 -0.006906910 0.999969959 58.474822998
0.999988794 0.003242791 -0.003466405 0.950139344 -0.003219935 0.999973238 0.006578924 -1.421255112 0.003487646 -0.006567689 0.999972343 59.022525787
0.999988079 0.003841853 -0.003005149 0.947129369 -0.003822558 0.999972224 0.006399907 -1.430105686 0.003029652 -0.006388344 0.999975026 59.559635162
0.999985993 0.004330073 -0.003028339 0.954303682 -0.004309688 0.999968231 0.006705363 -1.441005707 0.003057278 -0.006692220 0.999972880 60.097255707
0.999984324 0.004624387 -0.003173850 0.964754641 -0.004601733 0.999964118 0.007108164 -1.453570962 0.003206607 -0.007093449 0.999969661 60.651363373
0.999985039 0.004697206 -0.002807403 0.960572004 -0.004678709 0.999967635 0.006559585 -1.461797237 0.002838123 -0.006546353 0.999974549 61.171100616
0.999985278 0.004238042 -0.003408341 0.981990695 -0.004215603 0.999969602 0.006564382 -1.476327658 0.003436057 -0.006549918 0.999972641 61.701469421
0.999985874 0.004539665 -0.002762569 0.987137556 -0.004521902 0.999969244 0.006402594 -1.476424694 0.002791550 -0.006390011 0.999975681 62.260662079
0.999986112 0.004754954 -0.002239092 0.993450880 -0.004740385 0.999967873 0.006466853 -1.491437674 0.002269770 -0.006456150 0.999976575 62.807563782
0.999982893 0.005235538 -0.002585159 1.001825571 -0.005219799 0.999968052 0.006058441 -1.493321419 0.002616795 -0.006044845 0.999978304 63.363334656
0.999984562 0.004465606 -0.003291590 1.023266792 -0.004445317 0.999971211 0.006145325 -1.508724689 0.003318938 -0.006130599 0.999975681 63.893398285
0.999984264 0.004684646 -0.003077574 1.028248191 -0.004665995 0.999970853 0.006039777 -1.521211028 0.003105779 -0.006025322 0.999977052 64.439949036
0.999983132 0.004799049 -0.003272348 1.043623328 -0.004778285 0.999968588 0.006323725 -1.527158737 0.003302593 -0.006307983 0.999974668 64.980117798
0.999979973 0.005341342 -0.003397731 1.048632264 -0.005319572 0.999965489 0.006384427 -1.551917791 0.003431715 -0.006366225 0.999973774 65.513092041
0.999981761 0.005377644 -0.002761722 1.056153655 -0.005360285 0.999966085 0.006255243 -1.560066700 0.002795266 -0.006240326 0.999976575 66.066352844
0.999979138 0.005890353 -0.002662205 1.060854793 -0.005873537 0.999963045 0.006281192 -1.568760991 0.002699106 -0.006265425 0.999976695 66.623268127
0.999979615 0.005575402 -0.003114915 1.071584582 -0.005555173 0.999963641 0.006465373 -1.583474636 0.003150848 -0.006447937 0.999974251 67.123138428
0.999980092 0.005707675 -0.002701214 1.073500156 -0.005688764 0.999959588 0.006957679 -1.599039316 0.002740816 -0.006942173 0.999972165 67.667175293
0.999976397 0.006124216 -0.003137101 1.091291070 -0.006102488 0.999957621 0.006889621 -1.618029356 0.003179162 -0.006870314 0.999971390 68.199432373
0.999970675 0.007257855 -0.002463942 1.084362030 -0.007241391 0.999951780 0.006626740 -1.629895210 0.002511920 -0.006608703 0.999974966 68.762084961
0.999983191 0.005329334 -0.002295668 1.089166284 -0.005315918 0.999969006 0.005810636 -1.621997118 0.002326564 -0.005798334 0.999980509 69.283416748
0.999980330 0.006108497 -0.001457992 1.092301011 -0.006100356 0.999966085 0.005524377 -1.630857229 0.001491688 -0.005515374 0.999983668 69.832054138
0.999981821 0.005794378 -0.001706433 1.109431148 -0.005784844 0.999967873 0.005540141 -1.648653030 0.001738479 -0.005530168 0.999983251 70.359954834
0.999981940 0.005446159 -0.002517978 1.121176362 -0.005431123 0.999967635 0.005940208 -1.666202784 0.002550248 -0.005926426 0.999979198 70.901031494
0.999980152 0.005545356 -0.002964400 1.137519121 -0.005528105 0.999967992 0.005796669 -1.681103468 0.002996449 -0.005780167 0.999978781 71.442131042
0.999980032 0.005824850 -0.002458013 1.142070174 -0.005809307 0.999963403 0.006284280 -1.691560388 0.002494529 -0.006269875 0.999977231 71.983299255
0.999978781 0.006084408 -0.002310325 1.150065899 -0.006069781 0.999961853 0.006286433 -1.705970645 0.002348486 -0.006272277 0.999977589 72.525604248
0.999980986 0.005861160 -0.001883978 1.155674934 -0.005848756 0.999961615 0.006523483 -1.722503424 0.001922140 -0.006512341 0.999976873 73.067153931
0.999978304 0.006089160 -0.002496573 1.165959477 -0.006074583 0.999964714 0.005805684 -1.726239204 0.002531837 -0.005790394 0.999979973 73.612487793
0.999979973 0.005840180 -0.002432424 1.179887533 -0.005825564 0.999965191 0.005973034 -1.741566777 0.002467222 -0.005958744 0.999979198 74.143035889
0.999978840 0.006026584 -0.002438534 1.192027330 -0.006012204 0.999964774 0.005862058 -1.750751734 0.002473776 -0.005847274 0.999979794 74.674461365
0.999981642 0.005659521 -0.002123137 1.197714210 -0.005646247 0.999964774 0.006206172 -1.768516302 0.002158186 -0.006194070 0.999978483 75.229011536
0.999980450 0.005830703 -0.002255805 1.210986495 -0.005816087 0.999962330 0.006432542 -1.781975508 0.002293227 -0.006419296 0.999976695 75.777824402
0.999979138 0.006051151 -0.002234222 1.216441870 -0.006036944 0.999961793 0.006311165 -1.792878151 0.002272326 -0.006297546 0.999977589 76.325767517
0.999982059 0.005558729 -0.002224036 1.230510116 -0.005545664 0.999967694 0.005838089 -1.800387859 0.002256418 -0.005825651 0.999980509 76.849296570
0.999983490 0.005325099 -0.002170038 1.241438985 -0.005313455 0.999971688 0.005336281 -1.808160305 0.002198393 -0.005324664 0.999983430 77.393394470
0.999983668 0.005073105 -0.002641321 1.249652505 -0.005056435 0.999967635 0.006280313 -1.827569366 0.002673096 -0.006266857 0.999976754 77.907417297
0.999982059 0.005456086 -0.002467490 1.263742924 -0.005441573 0.999968112 0.005850015 -1.836380243 0.002499328 -0.005836484 0.999979854 78.457557678
0.999982238 0.005456082 -0.002400534 1.275315166 -0.005442157 0.999968588 0.005769709 -1.844659328 0.002431937 -0.005756543 0.999980509 79.005912781
0.999983191 0.005184454 -0.002592901 1.287081599 -0.005169567 0.999970257 0.005715624 -1.860126138 0.002622457 -0.005702124 0.999980330 79.546119690
0.999983966 0.005013315 -0.002618255 1.300664425 -0.004998281 0.999971151 0.005717414 -1.872394323 0.002646843 -0.005704236 0.999980211 80.075088501
0.999982297 0.005812421 -0.001208251 1.304826856 -0.005805323 0.999966264 0.005797786 -1.882780790 0.001241910 -0.005790669 0.999982476 80.633277893
0.999982119 0.005966383 -0.000418504 1.321835279 -0.005963916 0.999966085 0.005665064 -1.893182635 0.000452290 -0.005662466 0.999983847 81.173377991
0.999983430 0.005683044 0.000948883 1.329051375 -0.005688530 0.999966502 0.005883309 -1.910296917 -0.000915416 -0.005888609 0.999982238 81.711265564
0.999975562 0.006480020 0.002620304 1.340122342 -0.006495725 0.999960661 0.006030423 -1.924260855 -0.002581123 -0.006047296 0.999978364 82.244552612
0.999962687 0.006347596 0.005857717 1.356840253 -0.006381266 0.999963105 0.005747180 -1.937214851 -0.005821020 -0.005784345 0.999966323 82.790924072
0.999931872 0.006006269 0.010005829 1.378880978 -0.006062461 0.999965906 0.005595072 -1.945513487 -0.009971883 -0.005655351 0.999934256 83.338684082
0.999906540 0.005875965 0.012337683 1.396763682 -0.005953052 0.999962926 0.006220768 -1.969524860 -0.012300673 -0.006293634 0.999904513 83.876609802
0.999829710 0.006592831 0.017228641 1.419395685 -0.006699875 0.999958575 0.006162931 -1.982666016 -0.017187295 -0.006277313 0.999832511 84.416267395
0.999714196 0.006645816 0.022964360 1.449757814 -0.006804608 0.999953449 0.006843504 -1.999532223 -0.022917809 -0.006997811 0.999712884 84.960502625
0.999561310 0.006809384 0.028824726 1.473976135 -0.006991517 0.999956191 0.006222620 -2.010762691 -0.028781094 -0.006421419 0.999565065 85.514831543
0.999373674 0.006741723 0.034741249 1.507970929 -0.006967413 0.999955356 0.006379363 -2.021788359 -0.034696691 -0.006617424 0.999375999 86.058761597
0.999060214 0.006569271 0.042841826 1.537163019 -0.006848157 0.999956250 0.006366147 -2.035348892 -0.042798128 -0.006653552 0.999061584 86.603782654
0.998686433 0.006278544 0.050852284 1.591702700 -0.006615364 0.999957323 0.006457882 -2.054234266 -0.050809566 -0.006785805 0.998685360 87.135635376
0.998297274 0.006268751 0.057993729 1.633740187 -0.006651738 0.999957442 0.006413257 -2.057583332 -0.057951048 -0.006788096 0.998296320 87.696754456
0.997719586 0.006930734 0.067140184 1.686590672 -0.007376096 0.999952316 0.006387692 -2.070060730 -0.067092724 -0.006868357 0.997723103 88.243019104
0.997013807 0.006666640 0.076935425 1.753920078 -0.007155539 0.999955833 0.006080753 -2.081163406 -0.076891497 -0.006613108 0.997017562 88.789367676
0.996270597 0.006636173 0.086028889 1.811749935 -0.007163490 0.999957323 0.005822269 -2.088517189 -0.085986592 -0.006416821 0.996275663 89.340255737
0.995609283 0.006220436 0.093399622 1.875509739 -0.006786496 0.999960423 0.005744210 -2.100753784 -0.093360186 -0.006352845 0.995612264 89.899757385
0.994589388 0.005660339 0.103729688 1.949236870 -0.006339066 0.999960542 0.006214726 -2.115192175 -0.103690416 -0.006838650 0.994586110 90.426193237
0.993377745 0.006031495 0.114735477 2.042020798 -0.006804062 0.999956727 0.006343028 -2.133240223 -0.114692241 -0.007081689 0.993375838 90.989128113
0.992287219 0.005979172 0.123815432 2.124820709 -0.006789016 0.999958217 0.006119850 -2.140473366 -0.123773672 -0.006913234 0.992286384 91.541328430
0.990840077 0.005407014 0.134931788 2.216465950 -0.006243218 0.999963820 0.005774858 -2.147708416 -0.134895697 -0.006564371 0.990838051 92.071304321
0.989127755 0.005441207 0.146957666 2.326122284 -0.006287051 0.999966204 0.005291824 -2.156301498 -0.146923885 -0.006158221 0.989128590 92.622940063
0.987462223 0.005076282 0.157773241 2.429946899 -0.006045291 0.999965668 0.005662495 -2.174773216 -0.157739103 -0.006545286 0.987459123 93.167884827
0.985733032 0.004812825 0.168247461 2.540464401 -0.005793985 0.999968886 0.005341214 -2.181269646 -0.168216512 -0.006239834 0.985730231 93.689575195
0.983459413 0.004403529 0.181074962 2.662227631 -0.005343009 0.999974668 0.004700900 -2.185136080 -0.181049675 -0.005590630 0.983458042 94.229766846
0.981010199 0.005660017 0.193873554 2.777318954 -0.006834117 0.999962151 0.005387710 -2.201840878 -0.193835691 -0.006610354 0.981011748 94.776733398
0.978893042 0.005756838 0.204292402 2.904933929 -0.006922802 0.999963582 0.004993110 -2.210594654 -0.204256192 -0.006301996 0.978897214 95.308525085
0.976140141 0.006162398 0.217053890 3.056207657 -0.007452412 0.999959052 0.005125235 -2.226868868 -0.217013448 -0.006620522 0.976146162 95.843360901
0.972892404 0.004599494 0.231212378 3.172517776 -0.006037273 0.999966562 0.005511282 -2.236505985 -0.231179297 -0.006757776 0.972887695 96.358627319
0.970031738 0.004929021 0.242928192 3.320156097 -0.006533890 0.999961793 0.005801092 -2.250524998 -0.242890328 -0.007214510 0.970026910 96.893898010
0.967077792 0.004866320 0.254434198 3.478130341 -0.006533410 0.999962389 0.005707484 -2.260975838 -0.254396856 -0.007181905 0.967073202 97.414237976
0.963253200 0.005064280 0.268547177 3.629468918 -0.006809572 0.999961317 0.005567953 -2.272284746 -0.268508613 -0.007192042 0.963250458 97.940208435
0.959724844 0.003905870 0.280914396 3.809141159 -0.005633098 0.999969840 0.005341386 -2.284670353 -0.280885130 -0.006708680 0.959717989 98.462715149
0.956516504 0.002616077 0.291666538 3.995613098 -0.004219945 0.999979258 0.004870027 -2.290132046 -0.291647732 -0.005889078 0.956507683 99.008705139
0.952208757 0.003016147 0.305432916 4.176994324 -0.004730406 0.999976993 0.004872615 -2.298180580 -0.305411190 -0.006084569 0.952201188 99.525848389
0.947729766 0.002432222 0.319064736 4.383462906 -0.004152565 0.999980211 0.004711696 -2.313314915 -0.319046944 -0.005790351 0.947721183 100.049972534
0.943810701 0.001762502 0.330481917 4.585981369 -0.003483170 0.999983251 0.004614415 -2.321563959 -0.330468208 -0.005506258 0.943801045 100.566833496
0.939142466 0.001582612 0.343524247 4.797121048 -0.003285936 0.999984980 0.004376326 -2.331946373 -0.343512177 -0.005238792 0.939133584 101.081893921
0.933829546 0.001199123 0.357716322 5.015092850 -0.003049299 0.999984801 0.004608178 -2.345930576 -0.357705384 -0.005394036 0.933818877 101.580177307
0.928913176 0.001469156 0.370294839 5.229221344 -0.003425582 0.999983430 0.004625870 -2.357989073 -0.370281935 -0.005565507 0.928902686 102.089370728
0.924257994 -0.000210923 0.381768703 5.456317902 -0.001410189 0.999991119 0.003966535 -2.366563797 -0.381766230 -0.004204467 0.924249411 102.583641052
0.918360412 -0.000232737 0.395745069 5.694316864 -0.001499322 0.999990582 0.004067398 -2.378741026 -0.395742238 -0.004328687 0.918351412 103.083114624
0.912335038 -0.000786727 0.409443676 5.934703827 -0.000942938 0.999991477 0.004022520 -2.386980295 -0.409443349 -0.004055965 0.912326515 103.602554321
0.907132685 -0.000509794 0.420844167 6.183067322 -0.001615010 0.999987662 0.004692513 -2.411924362 -0.420841336 -0.004936399 0.907120824 104.076919556
0.901008189 -0.001538690 0.433799148 6.456024170 -0.000397750 0.999990404 0.004373110 -2.416880131 -0.433801651 -0.004112752 0.900999069 104.579040527
0.894628227 -0.001181609 0.446809947 6.709331512 -0.001051800 0.999988139 0.004750486 -2.445517778 -0.446810335 -0.004719873 0.894616306 105.034111023
0.888965905 -0.002077019 0.457968682 6.988071442 -0.000190310 0.999987960 0.004904643 -2.462338209 -0.457973361 -0.004447217 0.888954759 105.505043030
0.882981837 -0.002575164 0.469400138 7.254417419 0.000255730 0.999987423 0.005004956 -2.468600988 -0.469407082 -0.004299245 0.882971466 105.985107422
0.875261366 -0.002363921 0.483644485 7.531135559 0.000433616 0.999991477 0.004102959 -2.470118046 -0.483650059 -0.003381446 0.875254929 106.497650146
