1.000000000 0.000000000 0.000000000 0.000000000 0.000000000 1.000000000 0.000000000 0.000000000 0.000000000 0.000000000 1.000000000 0.000000000
1.000000000 0.000032598 -0.000043676 0.000315781 -0.000032592 1.000000000 0.000124222 -0.000308209 0.000043680 -0.000124220 1.000000000 -0.000057812
0.999999940 0.000218334 -0.000111630 0.000918244 -0.000218321 0.999999940 0.000115719 -0.000428030 0.000111656 -0.000115695 1.000000000 -0.001033030
0.999999940 0.000284582 0.000026165 -0.000440188 -0.000284585 0.999999940 0.000090119 -0.000298721 -0.000026139 -0.000090127 1.000000000 0.000651025
1.000000000 0.000091290 0.000047333 -0.000755167 -0.000091287 1.000000000 -0.000057262 0.000722738 -0.000047338 0.000057258 1.000000000 -0.000421268
1.000000000 0.000064731 0.000004170 -0.000591009 -0.000064731 1.000000000 0.000048725 -0.000375127 -0.000004167 -0.000048725 1.000000000 -0.000740839
1.000000000 0.000068812 -0.000002802 0.000588948 -0.000068811 1.000000000 0.000082173 -0.000634428 0.000002807 -0.000082173 1.000000000 -0.000955460
1.000000000 0.000193083 0.000082590 -0.000183234 -0.000193094 1.000000000 0.000126676 -0.000307745 -0.000082566 -0.000126692 1.000000000 0.000626209
1.000000000 -0.000017500 0.000144001 -0.000253423 0.000017498 1.000000000 0.000017402 -0.000136828 -0.000144001 -0.000017400 1.000000000 -0.001151311
1.000000000 -0.000040576 0.000012259 0.000759321 0.000040574 1.000000000 0.000096952 0.000129195 -0.000012263 -0.000096952 1.000000000 0.000004443
1.000000000 0.000128373 -0.000026330 0.000406095 -0.000128372 1.000000000 0.000033317 -0.000220089 0.000026334 -0.000033313 1.000000000 -0.000931180
1.000000000 0.000219255 0.000019868 0.000171073 -0.000219254 1.000000000 -0.000074801 0.001675924 -0.000019884 0.000074796 1.000000000 0.001524566
1.000000000 -0.000107294 -0.000040749 0.000487374 0.000107296 1.000000000 0.000057356 0.000268386 0.000040743 -0.000057360 1.000000000 0.000674037
1.000000000 0.000044535 0.000010532 0.000434699 -0.000044536 1.000000000 0.000054404 -0.000257657 -0.000010529 -0.000054404 1.000000000 -0.001179547
1.000000000 0.000041772 -0.000025681 0.000582666 -0.000041771 1.000000000 0.000055834 0.000364137 0.000025684 -0.000055833 1.000000000 0.000439780
1.000000000 -0.000019815 -0.000100594 0.000675641 0.000019828 1.000000000 0.000127373 -0.000734332 0.000100592 -0.000127375 1.000000000 -0.000620386
0.999999940 0.000242916 0.000188473 -0.001343441 -0.000242935 0.999999940 0.000103607 -0.000205073 -0.000188448 -0.000103653 1.000000000 -0.000304561
1.000000000 0.000159867 -0.000012238 -0.000102588 -0.000159866 1.000000000 0.000048965 -0.000039067 0.000012246 -0.000048963 1.000000000 -0.000764843
1.000000000 -0.000002917 0.000105356 -0.000216436 0.000002909 1.000000000 0.000079284 -0.000381194 -0.000105357 -0.000079284 1.000000000 0.000070471
1.000000000 0.000054950 0.000015215 0.000253197 -0.000054951 1.000000000 0.000043780 -0.000342418 -0.000015212 -0.000043780 1.000000000 -0.000445929
0.999999940 0.000270076 0.000074590 -0.000538306 -0.000270077 0.999999940 0.000019821 -0.000405883 -0.000074585 -0.000019841 1.000000000 -0.001058299
0.999999940 0.000249989 -0.000022988 0.000173408 -0.000249987 0.999999940 0.000070540 -0.000066264 0.000023005 -0.000070534 1.000000000 -0.000531077
1.000000000 0.000022200 0.000110166 0.000471948 -0.000022206 1.000000000 0.000061095 -0.000301925 -0.000110164 -0.000061097 1.000000000 0.000426197
0.999999940 0.000333996 0.000059390 0.000210339 -0.000334004 0.999999940 0.000125097 0.000104748 -0.000059349 -0.000125116 1.000000000 0.000803592
1.000000000 0.000179574 0.000010169 0.000512302 -0.000179573 1.000000000 -0.000087154 0.001055616 -0.000010185 0.000087152 1.000000000 -0.000485453
1.000000000 0.000183740 -0.000018979 0.000648717 -0.000183744 0.999999940 -0.000220120 0.001973033 0.000018938 0.000220124 1.000000000 -0.001433169
1.000000000 0.000129458 -0.000065446 0.000723753 -0.000129456 1.000000000 0.000030375 0.000154269 0.000065450 -0.000030366 1.000000000 -0.001314585
1.000000000 0.000054984 0.000020695 0.000695205 -0.000054989 1.000000000 0.000214871 -0.000153965 -0.000020683 -0.000214872 1.000000000 0.001388090
1.000000000 -0.000051243 -0.000049958 0.000528180 0.000051255 1.000000000 0.000234215 -0.000614051 0.000049946 -0.000234218 1.000000000 0.000580840
1.000000000 -0.000076774 -0.000039611 0.000963639 0.000076780 1.000000000 0.000146146 0.000163171 0.000039600 -0.000146149 1.000000000 0.001736477
1.000000000 0.000063894 0.000061925 -0.000322550 -0.000063905 1.000000000 0.000176457 -0.000554096 -0.000061913 -0.000176461 1.000000000 0.000112381
1.000000000 -0.000087622 -0.000054803 0.000719684 0.000087620 1.000000000 -0.000030336 0.000625141 0.000054806 0.000030331 1.000000000 -0.000650570
1.000000000 -0.000097708 -0.000021857 0.000450645 0.000097708 1.000000000 -0.000013800 0.000341489 0.000021859 0.000013798 1.000000000 -0.000063053
1.000000000 -0.000063651 -0.000015807 0.000622634 0.000063652 1.000000000 0.000092950 -0.000202529 0.000015801 -0.000092951 1.000000000 -0.000241198
1.000000000 0.000151317 0.000071643 -0.000542117 -0.000151319 1.000000000 0.000035388 -0.000206025 -0.000071638 -0.000035399 1.000000000 -0.000823789
1.000000000 0.000135480 0.000003473 -0.000378095 -0.000135480 1.000000000 0.000051522 0.000426220 -0.000003466 -0.000051523 1.000000000 0.001612331
1.000000000 -0.000147671 -0.000068812 0.001046424 0.000147675 1.000000000 0.000050826 0.000025445 0.000068805 -0.000050836 1.000000000 0.000249883
1.000000000 0.000106005 0.000037617 -0.000293850 -0.000106010 1.000000000 0.000152771 -0.000162387 -0.000037601 -0.000152775 1.000000000 0.000197627
1.000000000 -0.000128871 0.000012670 0.000942967 0.000128870 1.000000000 0.000064201 0.000389551 -0.000012678 -0.000064199 1.000000000 -0.000767466
1.000000000 -0.000043563 0.000153584 -0.000281879 0.000043562 1.000000000 0.000004665 0.000578768 -0.000153584 -0.000004659 1.000000000 0.002086553
1.000000000 0.000092174 0.000161535 -0.000602925 -0.000092090 0.999999881 -0.000521475 -0.002592617 -0.000161583 0.000521460 0.999999762 0.050819334
1.000000000 0.000255360 -0.000058112 0.001204759 -0.000255430 0.999999285 -0.001192900 -0.004374988 0.000057807 0.001192914 0.999999225 0.137288168
1.000000000 0.000361414 -0.000182681 0.003675626 -0.000361669 0.999999046 -0.001395377 -0.007962672 0.000182177 0.001395443 0.999998927 0.254444540
0.999999881 0.000670992 0.000058246 0.001075560 -0.000670915 0.999998927 -0.001324794 -0.013199274 -0.000059135 0.001324755 0.999999106 0.377845317
0.999999583 0.000908382 0.000070929 0.003417103 -0.000908276 0.999998450 -0.001483123 -0.017052388 -0.000072276 0.001483058 0.999998808 0.517298520
0.999999404 0.001123375 0.000191787 0.006372861 -0.001123102 0.999998391 -0.001417561 -0.020336475 -0.000193379 0.001417345 0.999998987 0.671879649
0.999999940 -0.000001431 -0.000195429 0.016765095 0.000001298 0.999999762 -0.000683621 -0.028596424 0.000195430 0.000683620 0.999999702 0.837751448
0.999999940 -0.000058744 -0.000054291 0.016152792 0.000058692 0.999999523 -0.000944800 -0.028926158 0.000054347 0.000944796 0.999999464 1.006435871
0.999999642 -0.000428264 -0.000610135 0.032317813 0.000428010 0.999999821 -0.000416270 -0.041779734 0.000610313 0.000416009 0.999999702 1.173106074
0.999999404 -0.000866354 -0.000569426 0.038509630 0.000866243 0.999999642 -0.000195225 -0.048067078 0.000569595 0.000194731 0.999999821 1.359062910
0.999999762 0.000550112 0.000448267 0.027803207 -0.000550091 0.999999762 -0.000045665 -0.049471546 -0.000448292 0.000045419 0.999999821 1.558393478
0.999999702 0.000669476 0.000250917 0.033197824 -0.000669463 0.999999702 -0.000051126 -0.049331591 -0.000250951 0.000050958 0.999999881 1.767035842
0.999999821 0.000582334 -0.000008657 0.036440153 -0.000582333 0.999999821 0.000127309 -0.059338789 0.000008731 -0.000127304 1.000000000 1.960185051
0.999999464 0.000767399 0.000583603 0.037002835 -0.000767613 0.999999583 0.000365464 -0.067595646 -0.000583323 -0.000365912 0.999999821 2.166802645
0.999999762 0.000330196 0.000635630 0.036052197 -0.000329958 0.999999881 -0.000375064 -0.064303443 -0.000635753 0.000374854 0.999999702 2.392666340
0.999999940 0.000226989 0.000353038 0.045150924 -0.000226901 0.999999940 -0.000248318 -0.071789056 -0.000353094 0.000248238 0.999999881 2.611474276
0.999999940 0.000356191 0.000174952 0.051479671 -0.000356165 0.999999940 -0.000148176 -0.078345336 -0.000175005 0.000148114 0.999999940 2.844260693
0.999999881 0.000219746 0.000465503 0.052858733 -0.000219884 0.999999940 0.000295336 -0.090868503 -0.000465438 -0.000295438 0.999999821 3.062583685
0.999999881 0.000457190 0.000194850 0.061169758 -0.000457200 0.999999881 0.000052064 -0.097919814 -0.000194826 -0.000052153 1.000000000 3.317950010
0.999999344 0.000503688 0.001042466 0.057560630 -0.000503628 0.999999821 -0.000058372 -0.098469935 -0.001042495 0.000057847 0.999999404 3.546106815
0.999999762 0.000050748 0.000803727 0.063367598 -0.000050595 1.000000000 -0.000191197 -0.102989517 -0.000803737 0.000191156 0.999999642 3.800329924
1.000000000 0.000013101 0.000237623 0.076153181 -0.000013055 0.999999940 -0.000192367 -0.111191161 -0.000237626 0.000192364 0.999999940 4.081488132
0.999999106 0.001393109 0.000298021 0.075898737 -0.001393331 0.999998689 0.000745903 -0.130309552 -0.000296981 -0.000746318 0.999999702 4.319467545
0.999999642 0.000938761 0.000186252 0.084772289 -0.000938823 0.999999464 0.000333384 -0.133852854 -0.000185939 -0.000333559 0.999999940 4.578653812
0.999999762 0.000394148 0.000494160 0.090544797 -0.000393873 0.999999762 -0.000555460 -0.126469016 -0.000494379 0.000555265 0.999999642 4.849962234
0.999999523 0.000786018 0.000581148 0.098477408 -0.000786005 0.999999702 -0.000022020 -0.135458738 -0.000581165 0.000021563 0.999999821 5.110238075
1.000000000 0.000080009 0.000050482 0.100480303 -0.000080023 0.999999881 0.000270985 -0.149432749 -0.000050460 -0.000270989 0.999999940 5.366213799
0.999998629 0.001425302 0.000869658 0.097331725 -0.001425628 0.999998927 0.000373619 -0.163519859 -0.000869124 -0.000374858 0.999999523 5.632574558
0.999999344 0.001018377 0.000583054 0.102652662 -0.001018885 0.999999166 0.000871194 -0.173916355 -0.000582167 -0.000871787 0.999999404 5.901385307
0.999999523 0.000966739 0.000205245 0.121848181 -0.000966861 0.999999464 0.000597952 -0.180420563 -0.000204667 -0.000598150 0.999999821 6.184226990
0.999999642 0.000845213 0.000228747 0.127461687 -0.000845393 0.999999344 0.000783564 -0.187131673 -0.000228084 -0.000783757 0.999999642 6.469079971
0.999999166 0.000932066 0.000795313 0.118868753 -0.000932017 0.999999523 -0.000062300 -0.188928515 -0.000795371 0.000061559 0.999999702 6.738432407
0.999998987 0.000824747 0.001180451 0.122948125 -0.000825358 0.999999464 0.000517332 -0.203937978 -0.001180024 -0.000518306 0.999999166 7.043892860
0.999998152 0.001308744 0.001424920 0.123546317 -0.001309037 0.999999106 0.000204517 -0.203803316 -0.001424651 -0.000206382 0.999998987 7.340896130
0.999998450 0.000950139 0.001456789 0.127451524 -0.000950616 0.999999464 0.000326149 -0.218896106 -0.001456478 -0.000327533 0.999998868 7.636157990
0.999998748 0.000807725 0.001341041 0.138340920 -0.000808987 0.999999166 0.000940442 -0.234909639 -0.001340280 -0.000941525 0.999998569 7.944250107
0.999997735 0.001390903 0.001616698 0.140366971 -0.001392116 0.999998689 0.000749507 -0.242615402 -0.001615654 -0.000751755 0.999998391 8.272473335
0.999997854 0.000973504 0.001828371 0.144208804 -0.000974050 0.999999464 0.000297962 -0.248004034 -0.001828080 -0.000299742 0.999998212 8.586449623
0.999997914 0.001028516 0.001778079 0.151626304 -0.001028930 0.999999404 0.000231823 -0.251667321 -0.001777840 -0.000233652 0.999998331 8.933713913
0.999996662 0.001767833 0.001885715 0.161684439 -0.001768218 0.999998391 0.000202823 -0.267149478 -0.001885353 -0.000206157 0.999998212 9.255299568
0.999998093 0.001058978 0.001588325 0.172862574 -0.001059920 0.999999225 0.000591962 -0.276701778 -0.001587696 -0.000593644 0.999998569 9.610033035
0.999997139 0.001265136 0.002037476 0.176560536 -0.001266330 0.999999046 0.000584823 -0.286824077 -0.002036734 -0.000587401 0.999997735 9.938170433
0.999998033 0.000591214 0.001901982 0.187573686 -0.000591743 0.999999702 0.000277539 -0.295616508 -0.001901817 -0.000278664 0.999998093 10.298070908
0.999997616 0.000971368 0.001946463 0.192404702 -0.000973260 0.999999046 0.000971228 -0.313345879 -0.001945517 -0.000973121 0.999997616 10.655768394
0.999997914 0.000879913 0.001805479 0.204273984 -0.000882050 0.999998927 0.001182993 -0.325425565 -0.001804436 -0.001184583 0.999997675 11.021715164
0.999996781 0.001081447 0.002282756 0.210275084 -0.001084298 0.999998569 0.001247959 -0.338994175 -0.002281403 -0.001250430 0.999996603 11.390492439
0.999997377 0.001451595 0.001768949 0.223307326 -0.001453719 0.999998212 0.001200053 -0.347373545 -0.001767204 -0.001202621 0.999997735 11.764798164
0.999998212 0.000420019 0.001859762 0.231884852 -0.000423320 0.999998331 0.001774961 -0.368353337 -0.001859014 -0.001775745 0.999996722 12.144186020
0.999996722 0.001212790 0.002260350 0.240360960 -0.001215413 0.999998569 0.001159180 -0.372171164 -0.002258941 -0.001161924 0.999996781 12.521871567
0.999997199 0.001389777 0.001913530 0.245627686 -0.001392257 0.999998212 0.001295153 -0.379228055 -0.001911727 -0.001297813 0.999997318 12.922786713
0.999997616 0.000528539 0.002114936 0.256292284 -0.000532000 0.999998510 0.001636243 -0.393970400 -0.002114069 -0.001637365 0.999996424 13.323357582
0.999996960 0.000746884 0.002343101 0.264198869 -0.000750767 0.999998331 0.001656718 -0.408226281 -0.002341860 -0.001658472 0.999995887 13.732507706
0.999996066 0.001032642 0.002600987 0.267314345 -0.001036910 0.999998093 0.001640075 -0.418213189 -0.002599288 -0.001642766 0.999995291 14.140175819
0.999995708 0.000296825 0.002905946 0.279644549 -0.000301389 0.999998748 0.001570478 -0.428667158 -0.002905476 -0.001571347 0.999994516 14.558865547
0.999995470 0.001027315 0.002832486 0.289965242 -0.001032942 0.999997437 0.001986076 -0.447751522 -0.002830438 -0.001988993 0.999993980 14.977152824
0.999995351 0.000940254 0.002903272 0.302716970 -0.000945277 0.999998033 0.001729239 -0.452655911 -0.002901641 -0.001731975 0.999994278 15.437060356
0.999993622 0.000691959 0.003486095 0.310702622 -0.000698469 0.999997973 0.001866548 -0.469750017 -0.003484797 -0.001868972 0.999992192 15.869210243
0.999991238 0.000818237 0.004103734 0.316604316 -0.000827489 0.999997079 0.002253332 -0.485125482 -0.004101879 -0.002256708 0.999988973 16.315435410
0.999990344 0.000831776 0.004308614 0.330670834 -0.000838777 0.999998331 0.001623454 -0.493268073 -0.004307257 -0.001627052 0.999989390 16.769107819
0.999989748 0.000984316 0.004401679 0.340869695 -0.000993706 0.999997258 0.002131693 -0.510507226 -0.004399569 -0.002136045 0.999988019 17.212749481
0.999988854 0.000633728 0.004662356 0.351957917 -0.000644459 0.999997139 0.002300493 -0.527875006 -0.004660885 -0.002303473 0.999986410 17.667299271
0.999986112 0.001031871 0.005164944 0.361913532 -0.001045729 0.999995828 0.002681121 -0.542266071 -0.005162156 -0.002686485 0.999983013 18.141420364
0.999984443 0.000803589 0.005515233 0.368450522 -0.000818981 0.999995768 0.002789147 -0.563170314 -0.005512969 -0.002793621 0.999980867 18.629308701
0.999984980 0.000519918 0.005465870 0.382084012 -0.000536865 0.999994993 0.003099623 -0.581591904 -0.005464232 -0.003102511 0.999980271 19.090291977
0.999984801 0.000685313 0.005470811 0.402206838 -0.000698479 0.999996781 0.002405056 -0.593263984 -0.005469145 -0.002408841 0.999982119 19.621400833
0.999986112 0.000967135 0.005184091 0.417686701 -0.000984141 0.999994159 0.003278906 -0.608855665 -0.005180890 -0.003283962 0.999981165 20.093111038
0.999985576 0.000690506 0.005328812 0.425119638 -0.000707151 0.999994874 0.003122410 -0.622692823 -0.005326629 -0.003126133 0.999980927 20.585937500
0.999986529 0.000629201 0.005154278 0.437761724 -0.000646329 0.999994278 0.003321933 -0.633814037 -0.005152158 -0.003325219 0.999981225 21.079977036
0.999990940 0.000670994 0.004208985 0.456846595 -0.000685663 0.999993682 0.003484577 -0.645500958 -0.004206621 -0.003487431 0.999985039 21.584375381
0.999992907 0.000664780 0.003711405 0.468890876 -0.000677778 0.999993563 0.003502124 -0.662464857 -0.003709054 -0.003504614 0.999987006 22.094102859
0.999994397 0.001025867 0.003228893 0.477170229 -0.001036210 0.999994457 0.003203085 -0.670052588 -0.003225588 -0.003206413 0.999989629 22.607179642
0.999994874 0.001389749 0.002866575 0.488760352 -0.001399028 0.999993801 0.003237501 -0.686823308 -0.002862058 -0.003241496 0.999990582 23.114931107
0.999996841 0.001284685 0.002145184 0.504971683 -0.001291567 0.999993980 0.003209780 -0.701547146 -0.002141048 -0.003212541 0.999992549 23.616632462
0.999999523 0.000009689 0.000959213 0.516143680 -0.000012837 0.999994636 0.003281183 -0.719615281 -0.000959177 -0.003281194 0.999994159 24.156864166
0.999998271 0.001681674 0.000816311 0.522481084 -0.001684358 0.999993145 0.003298769 -0.730327010 -0.000810758 -0.003300138 0.999994159 24.675746918
0.999998987 0.001442142 -0.000005446 0.532841027 -0.001442113 0.999992430 0.003613241 -0.742107987 0.000010657 -0.003613230 0.999993384 25.205574036
0.999999523 0.000879936 -0.000316064 0.537578166 -0.000878870 0.999993920 0.003355945 -0.753457904 0.000319015 -0.003355665 0.999994338 25.747215271
0.999998331 0.001662481 -0.000777725 0.542248607 -0.001659722 0.999992371 0.003534999 -0.765392900 0.000783596 -0.003533703 0.999993443 26.298585892
0.999998748 0.000942563 -0.001292276 0.562117279 -0.000937271 0.999991179 0.004089360 -0.788773298 0.001296120 -0.004088143 0.999990821 26.876604080
0.999998033 -0.000512139 -0.001924740 0.574089229 0.000520875 0.999989569 0.004540960 -0.812783480 0.001922394 -0.004541954 0.999987781 27.396488190
0.999997556 0.000825819 -0.002013845 0.577374041 -0.000816846 0.999989748 0.004452119 -0.827272296 0.002017501 -0.004450463 0.999988079 27.952915192
0.999995768 0.001111462 -0.002678311 0.580210567 -0.001099081 0.999988675 0.004619700 -0.840452552 0.002683415 -0.004616736 0.999985754 28.520269394
0.999995112 0.001275590 -0.002860869 0.589993954 -0.001260544 0.999985337 0.005255193 -0.861799777 0.002867531 -0.005251560 0.999982119 29.049896240
0.999994695 0.000760517 -0.003170167 0.599700987 -0.000743672 0.999985576 0.005311351 -0.876294672 0.003174160 -0.005308965 0.999980867 29.604026794
0.999992907 0.000613708 -0.003719070 0.606365204 -0.000591443 0.999981880 0.005984963 -0.893541157 0.003722675 -0.005982722 0.999975085 30.152479172
0.999993622 0.001212311 -0.003366204 0.605852783 -0.001191562 0.999980330 0.006159029 -0.914658070 0.003373604 -0.006154978 0.999975383 30.692720413
0.999988854 0.000693946 -0.004673838 0.631665230 -0.000666251 0.999982178 0.005924596 -0.918857336 0.004677867 -0.005921415 0.999971509 31.262054443
0.999988854 0.001008005 -0.004623557 0.632496655 -0.000978874 0.999979734 0.006298535 -0.933219552 0.004629812 -0.006293938 0.999969482 31.805362701
0.999988794 0.000038056 -0.004719172 0.636985123 -0.000010984 0.999983549 0.005736467 -0.945754647 0.004719312 -0.005736353 0.999972403 32.340148926
0.999988735 0.000346300 -0.004720092 0.637509048 -0.000319263 0.999983490 0.005727510 -0.953304410 0.004721997 -0.005725938 0.999972463 32.898056030
0.999988019 0.000063652 -0.004896308 0.648503542 -0.000033570 0.999981105 0.006143670 -0.981405973 0.004896607 -0.006143432 0.999969125 33.448375702
0.999987841 0.000374626 -0.004919076 0.655613184 -0.000347037 0.999984205 0.005608227 -0.981609821 0.004921101 -0.005606452 0.999972105 34.007286072
0.999987245 -0.000355814 -0.005041583 0.665452838 0.000388183 0.999979258 0.006420830 -1.005851150 0.005039195 -0.006422705 0.999966621 34.543228149
0.999982715 -0.000448668 -0.005865668 0.688169181 0.000482998 0.999982774 0.005852459 -1.023940802 0.005862941 -0.005855190 0.999965668 35.101551056
0.999986053 0.000935071 -0.005193025 0.677717805 -0.000904466 0.999982238 0.005892822 -1.025779605 0.005198442 -0.005888043 0.999969125 35.642597198
0.999986529 -0.000315626 -0.005180452 0.679620981 0.000347791 0.999980628 0.006209196 -1.044836402 0.005178392 -0.006210913 0.999967277 36.203193665
0.999984384 -0.000751804 -0.005540899 0.696622252 0.000784785 0.999981999 0.005952536 -1.060991764 0.005536325 -0.005956790 0.999966860 36.737945557
0.999982595 -0.000254414 -0.005895263 0.707957208 0.000288997 0.999982893 0.005866138 -1.069460988 0.005893669 -0.005867740 0.999965429 37.275501251
0.999982655 0.000662725 -0.005849313 0.707988620 -0.000628971 0.999983072 0.005770442 -1.078829408 0.005853038 -0.005766661 0.999966264 37.830718994
0.999980748 -0.000038807 -0.006197682 0.716096222 0.000073990 0.999983847 0.005676684 -1.092529058 0.006197362 -0.005677033 0.999964654 38.380809784
0.999983191 0.000733062 -0.005748439 0.725591183 -0.000697914 0.999981046 0.006113898 -1.109831810 0.005752812 -0.006109784 0.999964774 38.918693542
0.999985754 0.000590513 -0.005305915 0.731027722 -0.000558404 0.999981523 0.006051069 -1.124715090 0.005309390 -0.006048020 0.999967635 39.463695526
0.999983251 0.000274034 -0.005782622 0.747871161 -0.000237191 0.999979675 0.006371053 -1.139462709 0.005784251 -0.006369574 0.999962986 40.009532928
0.999983191 0.000900947 -0.005720973 0.754927278 -0.000865975 0.999981046 0.006112512 -1.150940061 0.005726370 -0.006107457 0.999964893 40.556198120
0.999977708 0.000392870 -0.006665730 0.764362574 -0.000354576 0.999983370 0.005745138 -1.161107063 0.006667878 -0.005742645 0.999961257 41.099929810
0.999979496 0.000871225 -0.006344923 0.766952157 -0.000835122 0.999983430 0.005690461 -1.169220090 0.006349775 -0.005685044 0.999963701 41.646419525
0.999973059 0.000056097 -0.007332799 0.779401064 -0.000015490 0.999984622 0.005537659 -1.184712410 0.007332998 -0.005537396 0.999957800 42.198066711
0.999974251 0.000434691 -0.007155258 0.780935645 -0.000393917 0.999983668 0.005698826 -1.192669272 0.007157618 -0.005695859 0.999958158 42.740222931
0.999974549 0.000477805 -0.007121520 0.779324651 -0.000442657 0.999987721 0.004936195 -1.191772938 0.007123791 -0.004932916 0.999962449 43.305904388
0.999972403 0.000195784 -0.007417855 0.783465862 -0.000156410 0.999985874 0.005308220 -1.212455750 0.007418788 -0.005306913 0.999958336 43.832965851
0.999967337 -0.000003865 -0.008095382 0.801047802 0.000049864 0.999983847 0.005681935 -1.227719307 0.008095228 -0.005682153 0.999951065 44.368804932
0.999967337 0.000560721 -0.008081000 0.798915148 -0.000516542 0.999984920 0.005468071 -1.232736945 0.008083945 -0.005463718 0.999952376 44.918743134
0.999968886 -0.000009370 -0.007889555 0.802213192 0.000052571 0.999984980 0.005475481 -1.251541376 0.007889386 -0.005475725 0.999953806 45.451824188
0.999971628 0.000281651 -0.007530482 0.803337634 -0.000240519 0.999984980 0.005462363 -1.261961222 0.007531908 -0.005460397 0.999956727 46.010902405
0.999971747 0.000241470 -0.007509078 0.810742378 -0.000203480 0.999987185 0.005059571 -1.275053144 0.007510205 -0.005057902 0.999958992 46.565086365
0.999967396 0.000034397 -0.008072802 0.817046046 0.000008467 0.999985874 0.005309615 -1.281289816 0.008072871 -0.005309510 0.999953330 47.126159668
0.999964178 -0.000555145 -0.008446982 0.823188424 0.000601067 0.999984980 0.005434928 -1.295665383 0.008443839 -0.005439811 0.999949574 47.681427002
0.999964178 0.000233260 -0.008462627 0.834121108 -0.000188743 0.999986172 0.005260818 -1.308736324 0.008463738 -0.005259032 0.999950349 48.238361359
0.999961674 0.000112056 -0.008751088 0.845407426 -0.000064469 0.999985218 0.005437905 -1.322631121 0.008751568 -0.005437132 0.999946952 48.801200867
0.999968827 0.000090468 -0.007896593 0.840811253 -0.000049433 0.999986410 0.005196536 -1.335288167 0.007896956 -0.005195983 0.999955297 49.344539642
0.999966383 -0.000125294 -0.008198389 0.853559971 0.000166500 0.999987364 0.005025605 -1.349729657 0.008197654 -0.005026801 0.999953747 49.899929047
0.999965072 -0.000355916 -0.008353829 0.858452082 0.000400618 0.999985635 0.005350053 -1.362374663 0.008351805 -0.005353213 0.999950767 50.449253082
0.999966085 -0.000171794 -0.008235409 0.878263474 0.000218561 0.999983847 0.005678206 -1.382185459 0.008234302 -0.005679813 0.999949932 50.975234985
0.999968708 -0.000452948 -0.007901121 0.877155423 0.000488822 0.999989569 0.004539088 -1.375802040 0.007898982 -0.004542808 0.999958456 51.539867401
0.999963284 0.000166072 -0.008564604 0.893340945 -0.000118450 0.999984562 0.005560556 -1.404618382 0.008565394 -0.005559339 0.999947846 52.074642181
0.999969780 -0.000025418 -0.007772274 0.892805398 0.000057144 0.999991596 0.004081630 -1.397618651 0.007772105 -0.004081951 0.999961436 52.643692017
0.999973297 0.000291146 -0.007300370 0.879283965 -0.000262867 0.999992490 0.003874260 -1.408887982 0.007301443 -0.003872238 0.999965847 53.153247833
0.999973536 -0.000211764 -0.007262893 0.887940764 0.000242280 0.999991059 0.004201001 -1.428282022 0.007261939 -0.004202649 0.999964774 53.701438904
0.999971628 0.000199865 -0.007533904 0.895096064 -0.000168847 0.999991477 0.004117449 -1.440085411 0.007534663 -0.004116061 0.999963164 54.242218018
0.999971747 0.000282016 -0.007512232 0.903443992 -0.000248211 0.999989867 0.004500519 -1.458865643 0.007513425 -0.004498528 0.999961674 54.780693054
0.999965608 -0.000023146 -0.008283414 0.921448946 0.000061458 0.999989271 0.004624950 -1.471382260 0.008283217 -0.004625300 0.999954998 55.348186493
0.999971271 0.000542881 -0.007563328 0.918862939 -0.000511919 0.999991477 0.004095094 -1.480505347 0.007565485 -0.004091105 0.999962986 55.892574310
0.999972522 -0.000060526 -0.007412205 0.918963313 0.000090591 0.999991715 0.004055933 -1.488100410 0.007411899 -0.004056492 0.999964297 56.431365967
0.999973834 0.000916951 -0.007169392 0.927186787 -0.000888300 0.999991536 0.003998514 -1.503674150 0.007173000 -0.003992041 0.999966323 56.970146179
0.999973834 0.000159622 -0.007229633 0.931637526 -0.000135368 0.999994338 0.003355199 -1.502448916 0.007230128 -0.003354133 0.999968231 57.523017883
0.999976575 0.000417090 -0.006825536 0.938292861 -0.000394072 0.999994218 0.003373285 -1.517059803 0.006826903 -0.003370516 0.999971032 58.066020966
0.999975443 0.000431177 -0.006998215 0.939833522 -0.000413427 0.999996841 0.002537612 -1.519720197 0.006999286 -0.002534657 0.999972284 58.634395599
0.999976695 0.000835391 -0.006778632 0.939872026 -0.000816244 0.999995649 0.002826807 -1.531096339 0.006780963 -0.002821208 0.999973059 59.171772003
0.999976397 0.000890321 -0.006813291 0.945498228 -0.000868441 0.999994457 0.003213686 -1.558332086 0.006816114 -0.003207693 0.999971628 59.711158752
0.999978304 0.001364068 -0.006433334 0.957345843 -0.001343016 0.999993742 0.003275462 -1.568190455 0.006437762 -0.003266751 0.999973953 60.265171051
0.999978960 0.001247623 -0.006365560 0.965617776 -0.001227697 0.999994338 0.003133135 -1.586138964 0.006369433 -0.003125254 0.999974847 60.820003510
0.999977648 0.001555202 -0.006504233 0.978864312 -0.001533749 0.999993384 0.003301989 -1.599437237 0.006509325 -0.003291939 0.999973416 61.367767334
0.999975383 0.001913093 -0.006750013 0.995596886 -0.001892014 0.999993324 0.003127833 -1.608362079 0.006755952 -0.003114985 0.999972343 61.910751343
0.999976277 0.001554607 -0.006705512 1.000436425 -0.001536136 0.999994993 0.002758814 -1.616728067 0.006709768 -0.002748448 0.999973714 62.472000122
0.999976814 0.001531838 -0.006637325 1.013642788 -0.001507753 0.999992371 0.003632201 -1.638926148 0.006642838 -0.003622110 0.999971390 63.016677856
0.999978542 0.001633387 -0.006341726 1.019294262 -0.001615372 0.999994636 0.002844732 -1.644095898 0.006346338 -0.002834426 0.999975860 63.566398621
0.999976814 0.002318536 -0.006393897 1.021345496 -0.002301145 0.999993622 0.002725891 -1.653787136 0.006400177 -0.002711115 0.999975860 64.127746582
0.999980688 0.001170079 -0.006103260 1.031111240 -0.001151861 0.999994874 0.002987661 -1.672207236 0.006106725 -0.002980573 0.999976933 64.677215576
0.999978304 0.002049985 -0.006249866 1.040555358 -0.002031193 0.999993324 0.003011512 -1.682626843 0.006255998 -0.002998752 0.999975920 65.210861206
0.999977827 0.001971306 -0.006361111 1.056969404 -0.001955261 0.999994814 0.002527631 -1.693040609 0.006366060 -0.002515138 0.999976575 65.762290955
0.999981523 0.002061895 -0.005710389 1.051437140 -0.002045688 0.999993861 0.002842432 -1.710673332 0.005716214 -0.002830698 0.999979675 66.303009033
0.999981046 0.002146364 -0.005766302 1.063248277 -0.002132658 0.999994814 0.002382014 -1.724411607 0.005771386 -0.002369672 0.999980450 66.841842651
0.999981046 0.001250926 -0.006028498 1.073167324 -0.001235002 0.999995768 0.002644425 -1.735883117 0.006031780 -0.002636930 0.999978304 67.386825562
0.999977171 0.001598894 -0.006554050 1.085946798 -0.001582389 0.999995589 0.002522743 -1.753524780 0.006558054 -0.002512315 0.999975324 67.914619446
0.999978960 0.001981596 -0.006169428 1.090936422 -0.001960860 0.999992430 0.003365357 -1.779463291 0.006176050 -0.003353188 0.999975264 68.457298279
0.999980152 0.002312246 -0.005860137 1.087909579 -0.002294718 0.999992907 0.002996041 -1.789550900 0.005867023 -0.002982534 0.999978364 69.026527405
0.999980986 0.002054222 -0.005805092 1.091128707 -0.002041573 0.999995649 0.002183923 -1.794793129 0.005809551 -0.002172031 0.999980748 69.575424194
0.999980271 0.002709037 -0.005672549 1.097752094 -0.002695274 0.999993503 0.002432496 -1.810377955 0.005679101 -0.002417159 0.999980927 70.121543884
0.999980032 0.001902533 -0.006029883 1.107859731 -0.001889918 0.999995947 0.002097138 -1.821890950 0.006033850 -0.002085699 0.999979615 70.660079956
0.999984324 0.001700989 -0.005337484 1.114506006 -0.001692312 0.999997258 0.001629688 -1.829828739 0.005340242 -0.001620630 0.999984443 71.212013245
0.999977052 0.001963761 -0.006487652 1.140795946 -0.001951805 0.999996364 0.001848710 -1.846050978 0.006491258 -0.001836005 0.999977231 71.764907837
0.999977767 0.002134347 -0.006303661 1.143929839 -0.002119693 0.999995053 0.002330500 -1.864446878 0.006308604 -0.002317087 0.999977410 72.316474915
0.999978364 0.002406258 -0.006118277 1.161088943 -0.002393434 0.999994874 0.002102454 -1.874405742 0.006123304 -0.002087766 0.999979079 72.892707825
0.999980688 0.001713456 -0.005972721 1.160118818 -0.001699965 0.999995947 0.002263185 -1.903172135 0.005976575 -0.002252988 0.999979615 73.401031494
0.999975383 0.001944873 -0.006763467 1.170604944 -0.001926909 0.999994576 0.002661660 -1.913521051 0.006768608 -0.002648561 0.999973536 73.957176208
0.999977112 0.002278689 -0.006365199 1.178148627 -0.002264752 0.999994993 0.002195928 -1.927306414 0.006370171 -0.002181462 0.999977350 74.487701416
0.999975145 0.000931853 -0.006989356 1.193029881 -0.000918605 0.999997735 0.001898348 -1.929856181 0.006991110 -0.001891880 0.999973774 75.045242310
0.999977052 0.001938589 -0.006489854 1.198519111 -0.001926004 0.999996245 0.001944894 -1.955385208 0.006493601 -0.001932350 0.999977052 75.578735352
0.999975145 0.000807646 -0.007001207 1.209918261 -0.000784085 0.999994040 0.003367467 -2.001052856 0.007003883 -0.003361894 0.999969840 76.121139526
0.999976814 0.001948429 -0.006515839 1.209835172 -0.001934947 0.999995887 0.002074881 -1.972727060 0.006519857 -0.002062225 0.999976575 76.649337769
0.999976575 0.002626077 -0.006325103 1.210067034 -0.002620475 0.999996185 0.000893597 -1.987867594 0.006327426 -0.000877001 0.999979615 77.235351562
0.999980688 0.003421787 -0.005193187 1.208164096 -0.003407501 0.999990523 0.002757248 -2.016864777 0.005202572 -0.002739499 0.999982715 77.783599854
0.999976039 0.002467310 -0.006470288 1.220259666 -0.002452843 0.999994457 0.002242891 -2.024230957 0.006475787 -0.002226967 0.999976516 78.325279236
0.999983370 0.002797697 -0.005045666 1.214020014 -0.002785212 0.999992967 0.002479713 -2.042981148 0.005052569 -0.002465618 0.999984205 78.881629944
0.999978602 0.002058767 -0.006227843 1.237242460 -0.002043427 0.999994874 0.002468563 -2.056092024 0.006232894 -0.002455784 0.999977589 79.425605774
0.999976218 0.003749812 -0.005783101 1.239530325 -0.003736668 0.999990404 0.002281975 -2.066461325 0.005791602 -0.002260312 0.999980628 79.976188660
0.999980092 0.003638076 -0.005150707 1.227789402 -0.003626833 0.999991000 0.002190416 -2.085257292 0.005158630 -0.002171692 0.999984324 80.515357971
0.999985456 0.003284532 -0.004281559 1.248958826 -0.003275654 0.999992490 0.002078992 -2.098762989 0.004288357 -0.002064937 0.999988675 81.045661926
0.999990582 0.003607949 -0.002421480 1.247158051 -0.003602216 0.999990702 0.002367864 -2.121161938 0.002430001 -0.002359119 0.999994278 81.596313477
0.999992788 0.003613550 -0.001161371 1.259346724 -0.003610266 0.999989510 0.002818342 -2.145699263 0.001171543 -0.002814129 0.999995351 82.118766785
0.999993086 0.003701390 -0.000389057 1.280848026 -0.003700431 0.999990165 0.002437524 -2.152891874 0.000398076 -0.002436067 0.999996960 82.682121277
0.999980569 0.005387710 0.003143836 1.287847161 -0.005396532 0.999981463 0.002804387 -2.163987160 -0.003128668 -0.002821298 0.999991059 83.261253357
0.999964058 0.004872534 0.006935138 1.312205195 -0.004896269 0.999982178 0.003409597 -2.192914248 -0.006918400 -0.003443430 0.999970138 83.791755676
0.999942720 0.004244666 0.009818280 1.348231792 -0.004271744 0.999987245 0.002738757 -2.199214458 -0.009806530 -0.002780541 0.999948025 84.362182617
0.999877393 0.005237716 0.014756521 1.355220675 -0.005277490 0.999982536 0.002657744 -2.206131220 -0.014742346 -0.002735295 0.999887526 84.887702942
0.999793947 0.003942547 0.019908711 1.394122243 -0.003994456 0.999988735 0.002568230 -2.215349436 -0.019898366 -0.002647226 0.999798417 85.449546814
0.999657989 0.004856573 0.025697015 1.423545957 -0.004924873 0.999984503 0.002595275 -2.235240221 -0.025684012 -0.002720942 0.999666333 85.983047485
0.999489009 0.004308122 0.031673148 1.456468463 -0.004382311 0.999987781 0.002273266 -2.236043930 -0.031662960 -0.002410905 0.999495685 86.517158508
0.999219596 0.004135395 0.039282028 1.510556459 -0.004230103 0.999988317 0.002328171 -2.255117655 -0.039271943 -0.002492521 0.999225378 87.039794922
0.998833716 0.005035635 0.048019126 1.542666197 -0.005178889 0.999982476 0.002859325 -2.283277988 -0.048003878 -0.003104676 0.998842299 87.598800659
0.998457074 0.004219297 0.055367231 1.578102350 -0.004342274 0.999988377 0.002101022 -2.274951696 -0.055357728 -0.002338200 0.998463869 88.143615723
0.997901797 0.005047248 0.064548001 1.615326881 -0.005223297 0.999983072 0.002558955 -2.301341534 -0.064534009 -0.002890739 0.997911274 88.684738159
0.997232974 0.004839865 0.074180886 1.708335400 -0.005014822 0.999985039 0.002172450 -2.304508686 -0.074169278 -0.002538443 0.997242391 89.225517273
0.996586382 0.003782140 0.082469739 1.769155025 -0.003924633 0.999991000 0.001565781 -2.314789295 -0.082463078 -0.001884099 0.996592283 89.792190552
0.995892704 0.003491925 0.090473585 1.834524632 -0.003623054 0.999992549 0.001285169 -2.321795702 -0.090468444 -0.001607682 0.995898008 90.349075317
0.994775891 0.005011355 0.101959497 1.896795273 -0.005210981 0.999984980 0.001691645 -2.339503050 -0.101949491 -0.002214117 0.994787037 90.914131165
0.993672073 0.003208418 0.112273686 1.986060143 -0.003381585 0.999993384 0.001351963 -2.348961592 -0.112268612 -0.001723071 0.993676424 91.411537170
0.992603540 0.003501166 0.121351488 2.068152428 -0.003655160 0.999992788 0.001046408 -2.361272097 -0.121346951 -0.001482227 0.992609024 91.960449219
0.991217136 0.003603144 0.132194877 2.161043167 -0.003864467 0.999991059 0.001720294 -2.377795935 -0.132187501 -0.002216048 0.991222203 92.509559631
0.989576221 0.003109988 0.143975958 2.269692421 -0.003310587 0.999993861 0.001153738 -2.386781693 -0.143971473 -0.001618357 0.989580512 93.049049377
0.987922668 0.002499982 0.154927358 2.374459267 -0.002761661 0.999995112 0.001473838 -2.408326149 -0.154922903 -0.001883895 0.987924755 93.583572388
0.986288071 0.001680573 0.165023968 2.487396240 -0.001885503 0.999997616 0.001085180 -2.413116932 -0.165021703 -0.001381453 0.986288965 94.132179260
0.984027326 0.002151110 0.178004503 2.607145309 -0.002370117 0.999996662 0.001017710 -2.426460981 -0.178001732 -0.001423346 0.984029174 94.640464783
0.981718779 0.002145500 0.190324932 2.730874062 -0.002434676 0.999996185 0.001285568 -2.440086842 -0.190321445 -0.001725446 0.981720328 95.176475525
0.979647875 0.001602749 0.200717077 2.855203629 -0.001823828 0.999997914 0.000916532 -2.452005386 -0.200715214 -0.001263953 0.979648829 95.699821472
0.976906657 0.001645485 0.213660210 2.996269226 -0.001912693 0.999997735 0.001043907 -2.464334011 -0.213657990 -0.001428466 0.976907492 96.226509094
0.973882079 0.001775691 0.227047205 3.141101837 -0.002123934 0.999997020 0.001289494 -2.477757931 -0.227044269 -0.001738048 0.973882914 96.752700806
0.971250594 0.001544880 0.238054141 3.286052704 -0.002021499 0.999996364 0.001758039 -2.500980377 -0.238050595 -0.002188723 0.971250296 97.271820068
0.968311667 0.000681987 0.249743879 3.461215973 -0.001063185 0.999998450 0.001391459 -2.516628742 -0.249742553 -0.001612889 0.968310952 97.802215576
0.964597940 0.001246078 0.263722032 3.622449875 -0.001766593 0.999996960 0.001736592 -2.530466080 -0.263718992 -0.002141003 0.964597166 98.325828552
0.961039722 0.000841909 0.276408702 3.792690277 -0.001266549 0.999998271 0.001357759 -2.543209791 -0.276407093 -0.001654945 0.961039245 98.839439392
0.957845867 0.000332995 0.287282437 3.971260071 -0.000834294 0.999998450 0.001622553 -2.559146404 -0.287281483 -0.001793834 0.957844555 99.355331421
0.953620076 0.000168437 0.301012754 4.156932831 -0.000605322 0.999998868 0.001358116 -2.571497440 -0.301012248 -0.001477336 0.953619123 99.870689392
0.949186206 -0.000008202 0.314715296 4.351282120 -0.000462415 0.999998868 0.001420710 -2.585810900 -0.314714998 -0.001494047 0.949185073 100.382125854
0.945427120 -0.000791865 0.325832695 4.549530029 0.000450049 0.999999225 0.001124430 -2.587368727 -0.325833380 -0.000916426 0.945426702 100.893020630
0.940649688 -0.000483647 0.339378744 4.760385513 0.000178756 0.999999583 0.000929640 -2.599850178 -0.339379042 -0.000813800 0.940649331 101.424140930
0.935523093 -0.000763299 0.353264570 4.970821381 0.000420703 0.999999344 0.001046584 -2.619505644 -0.353265136 -0.000830485 0.935522795 101.922470093
0.930879354 -0.001003471 0.365325272 5.190372467 0.000665295 0.999999225 0.001051558 -2.637306213 -0.365326017 -0.000735825 0.930879354 102.422248840
0.926230133 -0.002119330 0.376952589 5.415113449 0.001755548 0.999997616 0.001308606 -2.650238991 -0.376954526 -0.000550312 0.926231623 102.909965515
0.920561731 -0.002144637 0.390591204 5.655815125 0.001738374 0.999997437 0.001393661 -2.667315006 -0.390593231 -0.000603957 0.920563161 103.390640259
0.914768219 -0.002432419 0.403971702 5.897945404 0.001906615 0.999996722 0.001703834 -2.677342653 -0.403974533 -0.000788394 0.914769888 103.890609741
0.909725904 -0.002905342 0.415199131 6.138217926 0.002776499 0.999995649 0.000913964 -2.686981440 -0.415200025 0.000321343 0.909730077 104.375312805
0.903403282 -0.003074705 0.428780854 6.395656586 0.002872280 0.999995291 0.001119135 -2.699486971 -0.428782284 0.000220549 0.903407812 104.862510681
0.897160053 -0.003112441 0.441694587 6.663276672 0.002694331 0.999995112 0.001573891 -2.722117424 -0.441697329 -0.000221961 0.897164106 105.339019775
0.891272485 -0.004044705 0.453449875 6.930522919 0.003754897 0.999991715 0.001539386 -2.734892130 -0.453452319 0.000330645 0.891280472 105.816589355
0.885804653 -0.004139426 0.464039952 7.202301025 0.003578974 0.999991417 0.002088439 -2.752439022 -0.464044601 -0.000189161 0.885811865 106.285690308
0.878293872 -0.004018107 0.478104323 7.481567383 0.003698071 0.999991834 0.001610698 -2.767003536 -0.478106946 0.000353398 0.878301501 106.771438599
0.871554852 -0.004946926 0.490273178 7.774791718 0.004733054 0.999987423 0.001676101 -2.784043550 -0.490275264 0.000859676 0.871567190 107.227210999
