1.000000000 0.000000000 0.000000000 0.000000000 0.000000000 1.000000000 0.000000000 0.000000000 0.000000000 0.000000000 1.000000000 0.000000000
1.000000000 0.000035701 0.000135390 -0.003357146 -0.000035673 1.000000000 -0.000205043 0.004455166 -0.000135397 0.000205038 0.999999940 0.004136473
1.000000000 0.000026299 0.000054541 -0.002112133 -0.000026291 1.000000000 -0.000144078 0.002141614 -0.000054545 0.000144077 1.000000000 0.000600135
0.999999940 0.000322767 0.000138247 -0.000303601 -0.000322748 0.999999940 -0.000136831 0.003454807 -0.000138291 0.000136787 1.000000000 -0.002048850
1.000000000 0.000225900 0.000061511 0.002605791 -0.000225895 1.000000000 -0.000077224 0.001934183 -0.000061528 0.000077210 1.000000000 -0.001433723
1.000000000 0.000137449 0.000059157 0.000254569 -0.000137445 1.000000000 -0.000067698 0.002161179 -0.000059167 0.000067690 1.000000000 -0.001321446
1.000000000 0.000117772 0.000128291 -0.002306924 -0.000117756 1.000000000 -0.000123320 0.002309037 -0.000128305 0.000123305 1.000000000 -0.000878145
1.000000000 0.000009105 -0.000017276 0.000850403 -0.000009105 1.000000000 -0.000027388 0.001782251 0.000017275 0.000027388 1.000000000 -0.002445763
1.000000000 0.000039845 0.000148882 -0.005538491 -0.000039822 1.000000000 -0.000153334 0.003486264 -0.000148889 0.000153328 1.000000000 0.004108602
0.999999940 0.000201521 0.000230593 -0.004785941 -0.000201495 1.000000000 -0.000112863 0.001830802 -0.000230616 0.000112817 0.999999940 -0.001492164
1.000000000 0.000156100 0.000183555 -0.003712725 -0.000156070 1.000000000 -0.000161603 0.001973757 -0.000183580 0.000161575 0.999999940 -0.000845955
1.000000000 0.000149624 0.000135874 -0.002301299 -0.000149606 1.000000000 -0.000129301 0.002877188 -0.000135893 0.000129281 1.000000000 -0.002762140
1.000000000 0.000074828 0.000157289 -0.005178601 -0.000074821 1.000000000 -0.000046117 0.000543074 -0.000157293 0.000046105 1.000000000 -0.003155540
1.000000000 -0.000009801 0.000093666 -0.003038135 0.000009808 1.000000000 -0.000076572 0.000247512 -0.000093665 0.000076573 1.000000000 -0.001922864
1.000000000 0.000070240 0.000078802 -0.000912739 -0.000070231 1.000000000 -0.000108141 0.002268948 -0.000078810 0.000108135 1.000000000 -0.003690526
1.000000000 -0.000173285 -0.000133932 0.002547102 0.000173282 1.000000000 -0.000023919 0.000953536 0.000133936 0.000023896 1.000000000 -0.006684694
0.999999940 -0.000254539 -0.000006645 -0.002440459 0.000254538 0.999999940 -0.000122092 0.000746202 0.000006676 0.000122090 1.000000000 -0.004956016
1.000000000 -0.000067212 0.000057619 0.000154584 0.000067215 1.000000000 -0.000042312 0.000446708 -0.000057616 0.000042316 1.000000000 -0.006529159
1.000000000 0.000099993 0.000005055 0.000217989 -0.000099993 1.000000000 -0.000003537 0.002247851 -0.000005056 0.000003537 1.000000000 -0.007761292
1.000000000 -0.000096251 -0.000000052 -0.001905723 0.000096251 1.000000000 -0.000036086 -0.000339651 0.000000055 0.000036086 1.000000000 -0.007332282
1.000000000 -0.000042563 0.000024229 -0.000477775 0.000042565 1.000000000 -0.000078935 0.001036210 -0.000024226 0.000078936 1.000000000 -0.007942650
1.000000000 -0.000125757 0.000014626 0.000270612 0.000125758 1.000000000 -0.000016841 -0.000568869 -0.000014624 0.000016843 1.000000000 -0.004142450
1.000000000 0.000094128 0.000156437 -0.006497578 -0.000094092 0.999999940 -0.000228657 0.003645055 -0.000156459 0.000228642 0.999999940 0.003876732
1.000000000 -0.000137390 -0.000103840 0.000835343 0.000137377 1.000000000 -0.000119029 0.000762630 0.000103856 0.000119015 1.000000000 0.000339305
1.000000000 -0.000090904 -0.000013507 -0.000651474 0.000090904 1.000000000 -0.000009704 0.002058706 0.000013508 0.000009703 1.000000000 -0.000011918
1.000000000 0.000007630 -0.000046521 0.002314130 -0.000007637 1.000000000 -0.000147706 0.003356985 0.000046520 0.000147706 1.000000000 -0.006819760
1.000000000 -0.000059413 0.000116390 -0.003143072 0.000059433 1.000000000 -0.000169874 0.003475468 -0.000116379 0.000169881 1.000000000 -0.001223266
0.999999940 0.000273291 0.000218481 -0.005398117 -0.000273246 0.999999940 -0.000208734 0.003108153 -0.000218538 0.000208674 0.999999940 0.000089566
1.000000000 -0.000000126 0.000109711 -0.003492094 0.000000129 1.000000000 -0.000022574 0.002167918 -0.000109711 0.000022574 1.000000000 -0.001151353
1.000000000 -0.000201787 0.000016071 -0.004661927 0.000201790 0.999999940 -0.000150445 0.005839708 -0.000016040 0.000150448 1.000000000 0.002506985
1.000000000 -0.000074760 0.000031150 -0.003526010 0.000074763 1.000000000 -0.000096965 0.002430772 -0.000031143 0.000096968 1.000000000 0.000446825
1.000000000 -0.000116702 0.000089342 -0.003661953 0.000116702 1.000000000 -0.000001870 0.001348618 -0.000089342 0.000001881 1.000000000 0.000722053
1.000000000 -0.000182825 0.000072707 -0.004898148 0.000182827 1.000000000 -0.000037844 0.002003165 -0.000072700 0.000037857 1.000000000 -0.001397547
1.000000000 -0.000126225 -0.000000117 -0.002682343 0.000126225 1.000000000 -0.000007654 0.001771631 0.000000118 0.000007654 1.000000000 -0.002887302
1.000000000 0.000091509 0.000045812 -0.003652140 -0.000091503 1.000000000 -0.000142413 0.001390130 -0.000045825 0.000142409 1.000000000 -0.000339213
1.000000000 0.000071953 0.000094142 -0.004458045 -0.000071944 1.000000000 -0.000090103 0.002349310 -0.000094148 0.000090096 1.000000000 0.000218582
0.999999940 -0.000184957 -0.000180515 0.003401655 0.000184979 1.000000000 0.000124534 -0.000492650 0.000180492 -0.000124567 1.000000000 -0.013229012
1.000000000 -0.000041326 0.000076734 -0.003703128 0.000041345 0.999999940 -0.000254880 0.004391136 -0.000076724 0.000254883 0.999999940 0.000589885
1.000000000 -0.000135286 0.000049444 -0.002854319 0.000135287 1.000000000 -0.000021911 0.001633066 -0.000049441 0.000021918 1.000000000 -0.000613889
1.000000000 -0.000049602 -0.000043445 0.000952591 0.000049608 1.000000000 0.000140839 -0.000967445 0.000043438 -0.000140842 1.000000000 -0.008482264
0.999999940 -0.000257776 -0.000130680 0.000144546 0.000257775 0.999999940 -0.000008646 -0.000971050 0.000130683 0.000008612 1.000000000 -0.000733668
1.000000000 0.000023828 0.000063421 0.002269930 -0.000023786 0.999999762 -0.000663082 -0.003416334 -0.000063437 0.000663080 0.999999762 0.049047977
1.000000000 0.000020382 -0.000020290 0.000260558 -0.000020413 0.999998808 -0.001526095 0.000902859 0.000020259 0.001526095 0.999998808 0.148131832
1.000000000 -0.000095062 -0.000112262 0.005327248 0.000094892 0.999998868 -0.001511935 -0.008256295 0.000112406 0.001511925 0.999998868 0.263679683
1.000000000 -0.000229733 -0.000004719 0.003452037 0.000229727 0.999999046 -0.001369764 -0.012557212 0.000005034 0.001369763 0.999999046 0.393373042
1.000000000 0.000030361 -0.000124891 0.004692215 -0.000030507 0.999999285 -0.001172166 -0.018141033 0.000124856 0.001172170 0.999999285 0.537913382
1.000000000 -0.000129518 0.000080443 0.006772715 0.000129593 0.999999583 -0.000930317 -0.032221023 -0.000080323 0.000930328 0.999999583 0.679398537
0.999999940 -0.000331204 -0.000089801 0.019717067 0.000331146 0.999999762 -0.000642236 -0.030994073 0.000090014 0.000642206 0.999999762 0.849762976
0.999999881 -0.000407671 -0.000316097 0.026603833 0.000407497 0.999999762 -0.000550654 -0.037105896 0.000316321 0.000550525 0.999999821 1.033451796
1.000000000 -0.000165219 0.000125096 0.011205456 0.000165319 0.999999642 -0.000796914 -0.037810817 -0.000124965 0.000796935 0.999999702 1.218658686
1.000000000 -0.000130088 -0.000131014 0.030344350 0.000130008 0.999999821 -0.000613326 -0.046841592 0.000131094 0.000613309 0.999999821 1.416885138
0.999999523 -0.000586876 -0.000784321 0.044164684 0.000586699 0.999999821 -0.000226613 -0.057466120 0.000784454 0.000226153 0.999999642 1.610844731
0.999998987 -0.001427340 0.000008569 0.017583979 0.001427327 0.999997973 0.001376169 -0.096492693 -0.000010534 -0.001376156 0.999998987 1.781449318
0.999998569 -0.001697185 -0.000032003 0.023633622 0.001697231 0.999997437 0.001494450 -0.101448350 0.000029467 -0.001494503 0.999998808 1.989943504
0.999999166 -0.001205671 0.000309316 0.024856046 0.001205261 0.999998331 0.001320824 -0.106867582 -0.000310908 -0.001320451 0.999999106 2.203451157
0.999999464 -0.001053735 0.000158403 0.031019794 0.001053498 0.999998331 0.001490719 -0.112598673 -0.000159974 -0.001490552 0.999998927 2.423104525
0.999999523 -0.000916118 0.000382364 0.025990104 0.000915477 0.999998212 0.001671496 -0.119480088 -0.000383894 -0.001671145 0.999998569 2.660441637
0.999999583 -0.000327754 0.000849947 0.027644832 0.000326207 0.999998271 0.001818845 -0.128103033 -0.000850542 -0.001818567 0.999997973 2.890122175
0.999999046 -0.000230242 0.001375098 0.031693935 0.000227945 0.999998569 0.001670050 -0.134626091 -0.001375480 -0.001669735 0.999997675 3.117253542
0.999998331 0.000228954 0.001786928 0.026298385 -0.000231482 0.999998927 0.001414350 -0.137033343 -0.001786602 -0.001414761 0.999997437 3.377751350
0.999998391 0.000155556 0.001771393 0.032428388 -0.000158452 0.999998569 0.001634778 -0.144107103 -0.001771136 -0.001635056 0.999997139 3.614188194
0.999998927 -0.000532739 0.001362137 0.059138011 0.000530232 0.999998152 0.001839850 -0.163345709 -0.001363115 -0.001839126 0.999997377 3.905367136
0.999998271 -0.001241783 0.001386638 0.064050756 0.001238772 0.999996960 0.002169828 -0.178906679 -0.001389328 -0.002168107 0.999996662 4.174088001
0.999998510 -0.000711046 0.001545303 0.071003452 0.000707425 0.999996960 0.002342795 -0.181333050 -0.001546965 -0.002341698 0.999996006 4.430291653
0.999997675 0.000043815 0.002122694 0.059160244 -0.000048716 0.999997318 0.002308747 -0.189626142 -0.002122587 -0.002308846 0.999995053 4.667459011
0.999997795 -0.000146230 0.002053260 0.074394926 0.000141207 0.999997020 0.002446616 -0.199928418 -0.002053612 -0.002446320 0.999994874 4.997323513
0.999997437 -0.000494793 0.002200783 0.076631300 0.000489458 0.999997020 0.002423669 -0.207743585 -0.002201976 -0.002422585 0.999994636 5.262624264
0.999997973 -0.000017662 0.001992545 0.085973322 0.000012841 0.999997020 0.002419243 -0.214346781 -0.001992581 -0.002419212 0.999995053 5.525195599
0.999997377 -0.000327653 0.002235229 0.094308071 0.000322260 0.999996960 0.002412610 -0.227291271 -0.002236012 -0.002411883 0.999994576 5.840583801
0.999997497 -0.000261369 0.002198525 0.100038499 0.000256072 0.999997020 0.002409214 -0.231967106 -0.002199148 -0.002408645 0.999994695 6.114495754
0.999997556 -0.000011204 0.002205103 0.107260436 0.000006017 0.999997199 0.002352230 -0.243072420 -0.002205123 -0.002352210 0.999994814 6.393264294
0.999997377 -0.000696003 0.002169977 0.113464169 0.000690366 0.999996424 0.002597291 -0.250246674 -0.002171777 -0.002595786 0.999994278 6.671493530
0.999997735 -0.000797208 0.001978295 0.120698705 0.000792873 0.999997258 0.002190838 -0.254864782 -0.001980036 -0.002189264 0.999995708 6.950538158
0.999998510 -0.001369773 0.001155645 0.143358037 0.001366387 0.999994755 0.002926477 -0.278307736 -0.001159647 -0.002924893 0.999994993 7.523881435
0.999998629 -0.001301491 0.001041859 0.158169627 0.001298339 0.999994576 0.003020003 -0.294165701 -0.001045784 -0.003018646 0.999994934 7.814093113
0.999997079 -0.002228865 0.000889171 0.166759551 0.002225623 0.999990880 0.003630572 -0.309721470 -0.000897255 -0.003628583 0.999993086 8.135990143
0.999998152 -0.001642660 0.001068558 0.173766255 0.001638609 0.999991477 0.003781101 -0.313502759 -0.001074760 -0.003779343 0.999992311 8.452052116
0.999998033 -0.001594350 0.001217559 0.169571832 0.001590325 0.999993324 0.003299788 -0.303775728 -0.001222812 -0.003297845 0.999993801 8.766349792
0.999997795 -0.001598382 0.001340429 0.186012015 0.001593475 0.999992073 0.003653236 -0.329651445 -0.001346258 -0.003651093 0.999992430 9.296771049
0.999997437 -0.001609288 0.001559574 0.188243970 0.001603520 0.999991953 0.003692967 -0.336437345 -0.001565504 -0.003690457 0.999992013 9.629914284
0.999997437 -0.001510853 0.001635883 0.201029927 0.001504839 0.999992132 0.003671186 -0.348635256 -0.001641417 -0.003668715 0.999991953 9.959801674
0.999996901 -0.002166747 0.001196571 0.215144694 0.002162197 0.999990523 0.003791442 -0.359131992 -0.001204775 -0.003788843 0.999992132 10.296442032
0.999997735 -0.001686566 0.001309210 0.223167554 0.001681532 0.999991298 0.003836392 -0.364489049 -0.001315669 -0.003834182 0.999991775 10.628498077
0.999998212 -0.000940088 0.001612308 0.270295292 0.000934763 0.999994099 0.003300305 -0.376021653 -0.001615401 -0.003298793 0.999993265 11.132708549
0.999998569 -0.000937124 0.001381094 0.281621724 0.000931849 0.999992251 0.003814824 -0.388789892 -0.001384659 -0.003813532 0.999991775 11.492795944
0.999997973 -0.000702100 0.001882830 0.278861701 0.000695063 0.999992788 0.003735743 -0.396603554 -0.001885440 -0.003734426 0.999991238 11.863000870
0.999998212 -0.000824239 0.001675215 0.289029151 0.000817096 0.999990582 0.004259914 -0.411810964 -0.001678710 -0.004258538 0.999989510 12.238739967
0.999997497 -0.001354331 0.001756197 0.312757552 0.001347807 0.999992192 0.003710795 -0.410500199 -0.001761209 -0.003708419 0.999991596 12.628170013
0.999998212 -0.000685151 0.001767810 0.308646590 0.000677202 0.999989629 0.004493380 -0.425341517 -0.001770871 -0.004492174 0.999988377 12.992556572
0.999997914 0.000001741 0.002036405 0.320087701 -0.000010339 0.999991059 0.004222270 -0.442209840 -0.002036379 -0.004222282 0.999988973 13.379878998
0.999998569 -0.001015321 0.001325320 0.358924478 0.001010568 0.999993026 0.003581967 -0.421029478 -0.001328948 -0.003580623 0.999992669 13.807454109
0.999998152 -0.000134524 0.001911585 0.373542100 0.000125404 0.999988616 0.004769964 -0.482680351 -0.001912205 -0.004769716 0.999986708 14.606823921
0.999996901 0.000899003 0.002312429 0.377615094 -0.000909155 0.999989927 0.004393113 -0.489723027 -0.002308457 -0.004395202 0.999987602 15.024149895
0.999996543 0.001188419 0.002350929 0.387951553 -0.001199606 0.999987960 0.004763075 -0.494089335 -0.002345241 -0.004765880 0.999985874 15.463050842
0.999997079 -0.000496232 0.002351873 0.404079765 0.000483904 0.999986172 0.005239246 -0.521362782 -0.002354440 -0.005238093 0.999983430 15.877244949
0.999996841 -0.000352375 0.002492943 0.410083592 0.000337838 0.999983013 0.005829391 -0.538265347 -0.002494955 -0.005828531 0.999979913 16.233280182
0.999996305 -0.000931002 0.002530304 0.415068150 0.000915946 0.999981940 0.005945129 -0.542646646 -0.002535793 -0.005942791 0.999979138 16.651365280
0.999995053 0.000190223 0.003150713 0.431549281 -0.000208108 0.999983907 0.005677211 -0.547111988 -0.003149582 -0.005677839 0.999978900 17.086853027
0.999994755 -0.001875025 0.002631505 0.397407293 0.001858333 0.999978244 0.006331353 -0.606111646 -0.002643319 -0.006326428 0.999976516 17.376268387
0.999993861 -0.002091335 0.002779681 0.411041826 0.002074279 0.999979079 0.006124598 -0.613482833 -0.002792432 -0.006118795 0.999977350 17.832460403
0.999993861 -0.002195751 0.002718328 0.432829380 0.002178110 0.999976695 0.006475540 -0.622784257 -0.002732483 -0.006469580 0.999975383 18.329618454
0.999992907 -0.001485290 0.003417027 0.431165934 0.001463113 0.999977946 0.006483335 -0.635334074 -0.003426581 -0.006478291 0.999973118 18.760921478
0.999991834 -0.001999847 0.003487607 0.449980408 0.001976763 0.999976218 0.006609640 -0.637043118 -0.003500743 -0.006602692 0.999972105 19.218858719
0.999988437 -0.003433068 0.003358871 0.472950548 0.003409382 0.999969482 0.007032220 -0.659119248 -0.003382911 -0.007020688 0.999969602 19.680341721
0.999990582 -0.001936041 0.003858043 0.496898353 0.001907159 0.999970257 0.007475884 -0.678326249 -0.003872402 -0.007468456 0.999964595 20.162082672
0.999989808 -0.002300906 0.003876531 0.478783965 0.002271775 0.999969304 0.007502593 -0.685558677 -0.003893675 -0.007493710 0.999964356 20.568662643
0.999991894 -0.001934021 0.003535410 0.490682840 0.001907957 0.999971032 0.007360835 -0.726500571 -0.003549544 -0.007354030 0.999966681 21.011329651
0.999992251 -0.001730053 0.003545358 0.492798924 0.001705231 0.999974072 0.006992190 -0.736145258 -0.003557363 -0.006986089 0.999969304 21.511459351
0.999991655 -0.001794334 0.003660842 0.497593015 0.001764662 0.999965727 0.008092631 -0.758380830 -0.003675237 -0.008086104 0.999960542 22.023767471
0.999994278 -0.001802269 0.002859059 0.524307370 0.001781324 0.999971688 0.007311499 -0.775661170 -0.002872156 -0.007306364 0.999969184 22.542238235
0.999993980 -0.001634873 0.003082615 0.501105070 0.001611777 0.999970794 0.007479799 -0.786934972 -0.003094753 -0.007474785 0.999967277 23.024309158
0.999996662 -0.000382544 0.002551897 0.564864993 0.000361649 0.999966443 0.008183826 -0.810503364 -0.002554942 -0.008182877 0.999963284 23.505451202
0.999996006 -0.001866779 0.002129913 0.538565755 0.001848195 0.999960423 0.008693931 -0.836722970 -0.002146058 -0.008689959 0.999959946 23.958600998
0.999997795 -0.001614983 0.001317366 0.548395276 0.001602476 0.999954164 0.009440493 -0.857977152 -0.001332552 -0.009438362 0.999954581 24.486032486
0.999997497 -0.001963034 0.001055982 0.552500486 0.001953348 0.999956667 0.009096554 -0.870986462 -0.001073793 -0.009094468 0.999958098 25.032478333
0.999999642 -0.000426319 0.000754621 0.554804564 0.000419386 0.999957919 0.009163168 -0.877040327 -0.000758496 -0.009162849 0.999957740 25.603443146
0.999999940 -0.000176320 0.000212959 0.575987458 0.000174169 0.999949336 0.010061733 -0.896923423 -0.000214722 -0.010061696 0.999949336 26.148353577
0.999998271 -0.001752968 -0.000485730 0.549089968 0.001757432 0.999954760 0.009347467 -0.928492308 0.000469322 -0.009348305 0.999956191 26.636327744
0.999994695 -0.002999194 -0.001166041 0.563215494 0.003009997 0.999951422 0.009375742 -0.938425362 0.001137865 -0.009379202 0.999955356 27.188789368
0.999988973 -0.004274883 -0.001939160 0.583993793 0.004295933 0.999930441 0.010983442 -0.941814899 0.001892072 -0.010991651 0.999937892 27.749897003
0.999997914 -0.001792073 -0.001010358 0.555430055 0.001803440 0.999933839 0.011364484 -0.998399854 0.000989925 -0.011366283 0.999934912 28.347473145
0.999998331 -0.000972472 -0.001552308 0.560729444 0.000989832 0.999936521 0.011221948 -1.023529887 0.001541297 -0.011223466 0.999935806 28.807716370
0.999997318 -0.001226846 -0.001985250 0.567083359 0.001248390 0.999939919 0.010887701 -1.029133320 0.001971773 -0.010890150 0.999938786 29.364793777
0.999997556 -0.001176407 -0.001885978 0.562470794 0.001198379 0.999930918 0.011691951 -1.047533274 0.001872093 -0.011694185 0.999929845 29.918998718
0.999993503 -0.002042614 -0.002965057 0.593996882 0.002078519 0.999923885 0.012156970 -1.057488322 0.002940000 -0.012163053 0.999921679 30.490520477
0.999997675 -0.000534828 -0.002056653 0.569526970 0.000558971 0.999930680 0.011755862 -1.076491356 0.002050223 -0.011756986 0.999928713 31.056371689
0.999992967 -0.001375876 -0.003466915 0.601528943 0.001414545 0.999936521 0.011176058 -1.087711811 0.003451318 -0.011180887 0.999931455 31.496412277
0.999992490 -0.000809851 -0.003777977 0.619967878 0.000854307 0.999930263 0.011780495 -1.100121737 0.003768173 -0.011783637 0.999923408 32.035591125
0.999989510 -0.001698941 -0.004239351 0.627868056 0.001752809 0.999917328 0.012735442 -1.124955177 0.004217363 -0.012742739 0.999909878 32.584785461
0.999988675 -0.001913042 -0.004354966 0.617278934 0.001966568 0.999922097 0.012319727 -1.146604061 0.004331058 -0.012328151 0.999914646 33.097717285
0.999987304 -0.002134127 -0.004564526 0.621358693 0.002188417 0.999926448 0.011922349 -1.142826080 0.004538747 -0.011932186 0.999918580 33.642570496
0.999990761 -0.001023042 -0.004183182 0.618644357 0.001073614 0.999926090 0.012105150 -1.153978109 0.004170489 -0.012109531 0.999917984 34.222896576
0.999987543 -0.001634972 -0.004714787 0.612423182 0.001693525 0.999921143 0.012441820 -1.162313342 0.004694073 -0.012449650 0.999911487 34.715908051
0.999991298 0.000040266 -0.004173544 0.624141574 0.000012915 0.999918818 0.012741649 -1.164475441 0.004173719 -0.012741592 0.999910116 35.329601288
0.999978721 -0.003242966 -0.005652853 0.645027518 0.003316803 0.999908805 0.013101893 -1.222079992 0.005609847 -0.013120367 0.999898136 35.773815155
0.999976158 -0.003297396 -0.006073255 0.655993640 0.003376702 0.999908566 0.013094445 -1.224943399 0.006029521 -0.013114640 0.999895811 36.315353394
0.999979198 -0.002551072 -0.005930398 0.654490948 0.002628347 0.999911308 0.013059180 -1.240808129 0.005896556 -0.013074496 0.999897182 36.857772827
0.999983013 -0.001611629 -0.005612512 0.657155514 0.001682335 0.999919057 0.012616157 -1.238554955 0.005591724 -0.012625384 0.999904692 37.442306519
0.999984205 -0.000634413 -0.005588265 0.671622872 0.000707791 0.999913454 0.013138512 -1.254272461 0.005579446 -0.013142258 0.999898076 37.942310333
0.999984324 -0.002014333 -0.005231649 0.664748847 0.002079799 0.999919236 0.012538173 -1.252938628 0.005205971 -0.012548856 0.999907672 38.537197113
0.999974668 -0.002444356 -0.006677643 0.688239992 0.002534123 0.999906123 0.013467806 -1.286112309 0.006644096 -0.013484389 0.999886990 39.105243683
0.999969125 -0.003873820 -0.006837123 0.686348200 0.003970622 0.999891281 0.014201957 -1.313948870 0.006781364 -0.014228666 0.999875784 39.459869385
0.999963880 -0.003541124 -0.007734296 0.727369189 0.003650710 0.999892414 0.014201014 -1.341508389 0.007683177 -0.014228736 0.999869287 40.040870667
0.999976337 -0.002725240 -0.006309496 0.674911261 0.002810232 0.999904931 0.013500945 -1.310526371 0.006272102 -0.013518358 0.999888957 40.533653259
0.999969900 -0.004026271 -0.006635945 0.697163582 0.004128506 0.999871850 0.015465306 -1.358145714 0.006572828 -0.015492236 0.999858379 41.075748444
0.999958038 -0.005075914 -0.007633746 0.716489077 0.005201248 0.999850512 0.016489103 -1.406393290 0.007548909 -0.016528115 0.999834895 41.629936218
0.999961555 -0.003554814 -0.008016853 0.762645781 0.003670836 0.999888062 0.014504245 -1.378415465 0.007964395 -0.014533115 0.999862671 42.266597748
0.999962151 -0.003994109 -0.007726066 0.760124445 0.004110253 0.999877930 0.015075870 -1.392950535 0.007664908 -0.015107056 0.999856532 42.808799744
0.999965787 -0.003866591 -0.007311364 0.747755766 0.003973487 0.999884605 0.014662905 -1.378726959 0.007253825 -0.014691455 0.999865770 43.123905182
0.999958515 -0.004886426 -0.007692698 0.758512259 0.005001963 0.999873877 0.015072141 -1.389011145 0.007618080 -0.015109994 0.999856830 43.680229187
0.999961793 -0.003751423 -0.007905041 0.764047027 0.003863811 0.999890924 0.014250174 -1.386587858 0.007850723 -0.014280174 0.999867201 44.235694885
0.999960542 -0.003730129 -0.008068936 0.787978530 0.003841680 0.999896646 0.013853778 -1.376841068 0.008016426 -0.013884230 0.999871433 44.768543243
0.999965489 -0.003755502 -0.007412967 0.761309385 0.003865560 0.999881685 0.014888589 -1.414682388 0.007356176 -0.014916731 0.999861598 45.235912323
0.999966621 -0.003737648 -0.007265308 0.767469764 0.003843296 0.999886334 0.014582256 -1.426348925 0.007209978 -0.014609694 0.999867201 45.789287567
0.999960363 -0.004891847 -0.007446175 0.772989810 0.005003247 0.999874771 0.015016383 -1.428415298 0.007371786 -0.015053042 0.999859452 46.315803528
0.999962866 -0.004029268 -0.007628684 0.772806764 0.004144092 0.999877512 0.015096132 -1.442761540 0.007566922 -0.015127186 0.999856889 46.843250275
0.999966919 -0.003202421 -0.007479257 0.804614782 0.003315735 0.999879181 0.015187441 -1.456327438 0.007429719 -0.015211741 0.999856710 47.323814392
0.999961734 -0.003684324 -0.007936682 0.819490194 0.003800165 0.999885738 0.014630428 -1.456346273 0.007881872 -0.014660029 0.999861479 47.866920471
0.999962568 -0.003355330 -0.007978183 0.814319313 0.003473453 0.999883950 0.014838278 -1.465002060 0.007927470 -0.014865437 0.999858022 48.434589386
0.999961376 -0.003803759 -0.007928936 0.813774586 0.003919838 0.999884665 0.014676158 -1.470672131 0.007872196 -0.014706671 0.999860883 48.959762573
0.999974191 -0.002491900 -0.006749927 0.806084692 0.002599143 0.999869764 0.015926031 -1.495176315 0.006709362 -0.015943164 0.999850392 49.519550323
0.999969482 -0.002642079 -0.007340389 0.841480732 0.002757830 0.999871314 0.015804075 -1.499294758 0.007297689 -0.015823839 0.999848127 49.872646332
0.999960482 -0.003295697 -0.008252069 0.852272272 0.003418399 0.999883175 0.014899611 -1.498445272 0.008202001 -0.014927234 0.999854922 50.420913696
0.999971330 -0.002011701 -0.007297850 0.841824532 0.002124700 0.999877393 0.015509287 -1.508265257 0.007265757 -0.015524350 0.999853075 50.971797943
0.999964178 -0.002934498 -0.007940176 0.863591909 0.003058219 0.999873519 0.015614630 -1.517477274 0.007893350 -0.015638353 0.999846578 51.433612823
0.999962747 -0.002895915 -0.008137723 0.863993466 0.003021954 0.999875009 0.015518907 -1.517112255 0.008091765 -0.015542919 0.999846458 51.966064453
0.999961972 -0.002899550 -0.008223229 0.877912641 0.003024598 0.999879420 0.015235335 -1.522584200 0.008178059 -0.015259626 0.999850154 52.508388519
0.999960303 -0.003615709 -0.008133065 0.887423277 0.003744609 0.999866724 0.015889963 -1.535798073 0.008074527 -0.015919788 0.999840677 53.067672729
0.999965072 -0.002521273 -0.007969788 0.888387799 0.002646366 0.999872863 0.015724536 -1.538007259 0.007929127 -0.015745077 0.999844611 53.512828827
0.999965370 -0.002644314 -0.007886066 0.897867680 0.002766664 0.999875367 0.015544322 -1.545139074 0.007843976 -0.015565602 0.999848127 54.037269592
0.999964893 -0.002794282 -0.007907597 0.890009642 0.002915085 0.999878645 0.015306685 -1.547378540 0.007863865 -0.015329198 0.999851644 54.593303680
0.999960184 -0.002649471 -0.008521261 0.919212580 0.002770631 0.999894857 0.014238266 -1.536945343 0.008482640 -0.014261311 0.999862313 55.203281403
0.999962986 -0.002139982 -0.008330157 0.927937329 0.002262887 0.999888301 0.014772932 -1.543272734 0.008297612 -0.014791237 0.999856174 55.666088104
0.999963105 -0.003277184 -0.007937612 0.886407375 0.003401858 0.999870181 0.015744386 -1.581245899 0.007884987 -0.015770806 0.999844551 55.994445801
0.999967456 -0.003085333 -0.007441538 0.889602661 0.003203158 0.999868810 0.015873851 -1.595245004 0.007391587 -0.015897172 0.999846339 56.540336609
0.999968648 -0.003103895 -0.007281560 0.898631096 0.003216866 0.999873877 0.015554551 -1.592583656 0.007232361 -0.015577488 0.999852538 57.093479156
0.999970257 -0.002960201 -0.007124332 0.890952706 0.003069641 0.999876678 0.015399793 -1.612940550 0.007077868 -0.015421202 0.999856055 57.651615143
0.999972224 -0.002781167 -0.006903361 0.886982679 0.002889359 0.999872327 0.015712131 -1.620863914 0.006858784 -0.015731644 0.999852717 58.221462250
0.999964058 -0.003255697 -0.007820363 0.922753811 0.003379936 0.999867439 0.015926294 -1.626710534 0.007767475 -0.015952155 0.999842584 58.504295349
0.999967039 -0.002514049 -0.007715706 0.929989338 0.002637118 0.999868751 0.015981827 -1.640330434 0.007674514 -0.016001647 0.999842465 59.045875549
0.999958336 -0.003759809 -0.008312787 0.951058269 0.003887181 0.999874473 0.015359799 -1.636599064 0.008253994 -0.015391472 0.999847472 59.602519989
0.999966025 -0.002524337 -0.007844198 0.936529815 0.002649504 0.999868631 0.015987530 -1.644067287 0.007802812 -0.016007772 0.999841392 60.132785797
0.999964297 -0.003047096 -0.007871275 0.964016199 0.003170705 0.999871075 0.015739320 -1.655015588 0.007822302 -0.015763715 0.999845088 60.663471222
0.999968886 -0.002801656 -0.007377470 0.929536939 0.002919672 0.999867141 0.016034845 -1.655043006 0.007331565 -0.016055888 0.999844134 61.016555786
0.999973476 -0.002084533 -0.006984061 0.925776660 0.002195786 0.999870121 0.015959864 -1.663371086 0.006949886 -0.015974775 0.999848247 61.566757202
0.999972522 -0.002304951 -0.007053470 0.956597328 0.002413075 0.999879122 0.015359300 -1.660841346 0.007017215 -0.015375899 0.999857068 62.091194153
0.999967873 -0.002078980 -0.007733228 0.997089863 0.002199627 0.999875426 0.015625371 -1.653635740 0.007699779 -0.015641881 0.999847949 62.612682343
0.999967754 -0.002608250 -0.007592293 0.980480909 0.002727814 0.999871731 0.015780630 -1.683779359 0.007550159 -0.015800830 0.999846578 63.125118256
0.999965012 -0.003245738 -0.007709361 0.945675373 0.003372407 0.999858618 0.016474783 -1.702805996 0.007654796 -0.016500205 0.999834538 63.506759644
0.999964237 -0.003314327 -0.007772859 0.947606444 0.003442429 0.999857545 0.016525581 -1.711723447 0.007716978 -0.016551748 0.999833226 64.043395996
0.999969125 -0.002637180 -0.007402825 0.968457639 0.002752974 0.999873400 0.015675616 -1.701746583 0.007360549 -0.015695510 0.999849737 64.606262207
0.999961138 -0.004084486 -0.007813768 1.000654459 0.004204696 0.999872148 0.015430340 -1.689413428 0.007749744 -0.015462592 0.999850392 65.198387146
0.999966085 -0.003234871 -0.007570009 0.971929073 0.003358744 0.999859750 0.016408542 -1.719596148 0.007515870 -0.016433414 0.999836683 65.468498230
0.999966323 -0.003290945 -0.007501706 0.977984905 0.003408302 0.999871194 0.015685353 -1.723302841 0.007449120 -0.015710399 0.999848843 66.021865845
0.999967992 -0.002885926 -0.007446712 0.983589172 0.003002946 0.999871433 0.015751362 -1.729315877 0.007400296 -0.015773224 0.999848247 66.569274902
0.999971509 -0.002198060 -0.007218496 0.992024660 0.002308972 0.999878883 0.015392796 -1.738073349 0.007183786 -0.015409025 0.999855459 67.106552124
0.999962628 -0.003661023 -0.007829364 0.997648001 0.003782728 0.999871373 0.015586825 -1.743317723 0.007771295 -0.015615861 0.999847889 67.372344971
0.999970257 -0.002520072 -0.007280398 0.981632113 0.002635989 0.999869227 0.015956253 -1.761481166 0.007239235 -0.015974969 0.999846220 67.932922363
0.999969065 -0.002103845 -0.007584283 1.029690504 0.002222110 0.999875546 0.015618887 -1.766091347 0.007550481 -0.015635256 0.999849260 68.406990051
0.999971747 -0.002350145 -0.007127893 1.024270535 0.002465433 0.999865592 0.016208746 -1.781805396 0.007088841 -0.016225861 0.999843180 68.940307617
0.999965668 -0.002779536 -0.007800611 1.037658930 0.002901239 0.999873638 0.015634075 -1.781504869 0.007756169 -0.015656171 0.999847353 69.470985413
0.999960959 -0.003926240 -0.007908777 1.046716452 0.004049642 0.999869347 0.015648035 -1.768667221 0.007846305 -0.015679454 0.999846280 69.788665771
0.999964058 -0.003924217 -0.007511493 1.054643393 0.004046067 0.999859393 0.016275903 -1.776485562 0.007446567 -0.016305711 0.999839306 70.308181763
0.999962032 -0.003455616 -0.007990496 1.072398782 0.003577102 0.999877453 0.015240035 -1.796172857 0.007936852 -0.015268043 0.999851942 70.874465942
0.999971390 -0.001161445 -0.007466688 1.116067171 0.001276824 0.999879599 0.015466441 -1.821758986 0.007447823 -0.015475535 0.999852479 71.290382385
0.999952137 -0.004426720 -0.008719880 1.165985346 0.004549852 0.999889493 0.014151949 -1.788420677 0.008656270 -0.014190949 0.999861777 71.820838928
0.999963284 -0.003775351 -0.007688305 1.101284981 0.003893075 0.999874532 0.015355133 -1.782481432 0.007629369 -0.015384503 0.999852479 72.053359985
0.999962449 -0.004063802 -0.007666018 1.107097149 0.004180723 0.999874294 0.015297881 -1.790418267 0.007602887 -0.015329354 0.999853611 72.605232239
0.999964118 -0.003639047 -0.007655938 1.116398692 0.003750665 0.999886155 0.014615816 -1.772358537 0.007601878 -0.014644005 0.999863923 73.119346619
0.999953985 -0.004639083 -0.008406378 1.104666948 0.004760278 0.999884188 0.014454955 -1.778708100 0.008338347 -0.014494305 0.999860168 73.655731201
0.999952972 -0.005016800 -0.008294986 1.132454872 0.005143420 0.999869525 0.015314544 -1.803327084 0.008217075 -0.015356491 0.999848247 73.932373047
0.999954641 -0.004786799 -0.008228044 1.134481430 0.004912181 0.999871135 0.015286385 -1.809991002 0.008153812 -0.015326111 0.999849319 74.477172852
0.999953032 -0.005039725 -0.008271100 1.138993144 0.005162867 0.999875128 0.014935020 -1.819747686 0.008194800 -0.014977020 0.999854207 74.976943970
0.999958932 -0.004598602 -0.007806132 1.111547828 0.004708342 0.999889553 0.014098542 -1.797043324 0.007740435 -0.014134718 0.999870121 75.516761780
0.999952137 -0.005192600 -0.008291014 1.147254467 0.005316865 0.999872744 0.015036886 -1.812624216 0.008211877 -0.015080247 0.999852538 75.874114990
0.999951065 -0.005463363 -0.008246604 1.154530048 0.005584012 0.999876618 0.014678715 -1.813961148 0.008165392 -0.014724044 0.999858260 76.411148071
0.999945045 -0.005750444 -0.008771766 1.156802893 0.005875219 0.999880970 0.014265731 -1.814177990 0.008688687 -0.014316482 0.999859750 76.947082520
0.999940515 -0.006580168 -0.008697265 1.165858746 0.006702275 0.999878287 0.014085922 -1.820876718 0.008603520 -0.014143375 0.999862909 77.465141296
0.999965012 -0.005017024 -0.006689498 1.159991264 0.005117830 0.999872327 0.015138327 -1.838239312 0.006612696 -0.015172036 0.999863029 77.811553955
0.999980569 -0.004302722 -0.004503916 1.145332456 0.004367939 0.999884307 0.014571712 -1.845501661 0.004440698 -0.014591103 0.999883652 78.362304688
0.999976099 -0.005535495 -0.004140217 1.170841336 0.005593275 0.999885261 0.014076950 -1.851847887 0.004061819 -0.014099771 0.999892354 78.894958496
0.999984562 -0.004613407 -0.003073053 1.185533166 0.004660361 0.999869704 0.015451238 -1.861872554 0.003001369 -0.015465323 0.999875903 79.255020142
0.999989927 -0.004437098 -0.000635949 1.200482965 0.004446399 0.999870598 0.015458209 -1.878764033 0.000567277 -0.015460881 0.999880314 79.790290833
0.999984801 -0.004645301 0.002958726 1.215562463 0.004600292 0.999876261 0.015041539 -1.892383575 -0.003028232 -0.015027699 0.999882460 80.358314514
0.999965549 -0.004545064 0.006940772 1.178643346 0.004442368 0.999881446 0.014740498 -1.859705925 -0.007006947 -0.014709158 0.999867201 80.858665466
0.999936998 -0.004882257 0.010105923 1.241420507 0.004725187 0.999868572 0.015508274 -1.888596535 -0.010180309 -0.015459546 0.999828637 81.158470154
0.999857366 -0.004028748 0.016398935 1.258886099 0.003786870 0.999884009 0.014754046 -1.885843992 -0.016456474 -0.014689840 0.999756694 81.714057922
0.999746382 -0.005021939 0.021953519 1.303837061 0.004695225 0.999877751 0.014908420 -1.898746848 -0.022025708 -0.014801562 0.999647856 82.245452881
0.999590933 -0.004388086 0.028261593 1.322975993 0.003967942 0.999881029 0.014905240 -1.897260666 -0.028323639 -0.014787003 0.999489367 82.789749146
0.999310136 -0.004240993 0.036896028 1.341708064 0.003709747 0.999888599 0.014455017 -1.892453671 -0.036953222 -0.014308169 0.999214590 83.325492859
0.999013960 -0.005680291 0.044031970 1.396356106 0.005009864 0.999870002 0.015321332 -1.902740598 -0.044113278 -0.015085627 0.998912632 83.663482666
0.998656034 -0.005039054 0.051581990 1.443958521 0.004262870 0.999876142 0.015146559 -1.902242780 -0.051651936 -0.014906314 0.998553872 84.186752319
0.998165846 -0.005618680 0.060276791 1.497608185 0.004690020 0.999868333 0.015537023 -1.923367381 -0.060356155 -0.015225825 0.998060763 84.724716187
0.997502148 -0.005955757 0.070384294 1.553346634 0.004936416 0.999880552 0.014647577 -1.915499091 -0.070463121 -0.014263542 0.997412384 85.328796387
0.996859372 -0.006433307 0.078928798 1.623079300 0.005244539 0.999869764 0.015259328 -1.969299078 -0.079016700 -0.014797459 0.996763468 85.867095947
0.996216416 -0.006500300 0.086663790 1.646099091 0.005214007 0.999872983 0.015060442 -1.931368828 -0.086750679 -0.014551596 0.996123791 86.130073547
0.995201468 -0.005881104 0.097671151 1.720491409 0.004425160 0.999875903 0.015116536 -1.934579492 -0.097747937 -0.014611786 0.995104015 86.675361633
0.994213820 -0.007117352 0.107183538 1.808480263 0.005565784 0.999875486 0.014768005 -1.945299029 -0.107275300 -0.014085994 0.994129539 87.218322754
0.993287206 -0.008615276 0.115353286 1.912152290 0.006880460 0.999857366 0.015428900 -1.961046815 -0.115469746 -0.014531645 0.993204713 87.731056213
0.991810143 -0.007448089 0.127503961 2.007366180 0.005548306 0.999868333 0.015248477 -1.964737296 -0.127600759 -0.014416164 0.991720855 88.323585510
0.990204692 -0.008251177 0.139378741 2.053709030 0.006186954 0.999864757 0.015236974 -1.965682507 -0.139485627 -0.014225394 0.990121901 88.660484314
0.988611460 -0.009252021 0.150205582 2.162937164 0.007106191 0.999864995 0.014816432 -1.969470263 -0.150322363 -0.013580305 0.988543749 89.209678650
0.987023830 -0.008882390 0.160328358 2.271386147 0.006465012 0.999857545 0.015593034 -1.980602503 -0.160444006 -0.014354170 0.986940563 89.759735107
0.984958529 -0.008588974 0.172577560 2.384600639 0.005968128 0.999858916 0.015699634 -1.982566833 -0.172688052 -0.014433524 0.984870791 90.319198608
0.982825100 -0.009401615 0.184299678 2.517614365 0.006604596 0.999853611 0.015784491 -1.989090443 -0.184421062 -0.014296169 0.982743382 90.889205933
0.980781555 -0.008886286 0.194906682 2.703948021 0.006032696 0.999865770 0.015229529 -1.999113202 -0.195015863 -0.013761029 0.980703533 91.405311584
0.977979064 -0.009353495 0.208493248 2.719015121 0.006264811 0.999860823 0.015469747 -1.986924171 -0.208608910 -0.013822920 0.977901459 91.775421143
0.974897146 -0.009411043 0.222456828 2.862905502 0.006123602 0.999861717 0.015463050 -1.991886020 -0.222571582 -0.013712647 0.974819958 92.297691345
0.972274899 -0.010426272 0.233608514 3.013576508 0.007085588 0.999860346 0.015135054 -1.994803786 -0.233733684 -0.013060179 0.972212970 92.831245422
0.969449043 -0.010336628 0.245075047 3.221967697 0.006852853 0.999863029 0.015063639 -1.998952508 -0.245197207 -0.012923966 0.969387114 93.320236206
0.965421438 -0.009880762 0.260506600 3.294168472 0.005897737 0.999853551 0.016066816 -2.005013466 -0.260627151 -0.013974849 0.965338349 93.812149048
0.961919844 -0.010177569 0.273142189 3.470176697 0.006160383 0.999860048 0.015560941 -2.010460854 -0.273262262 -0.013285716 0.961847782 94.326347351
0.958850861 -0.011496093 0.283677399 3.661931992 0.007406756 0.999852657 0.015483875 -2.012368202 -0.283813566 -0.012745598 0.958794773 94.841979980
0.954661489 -0.011400874 0.297475070 3.832942963 0.006940572 0.999847174 0.016045829 -2.025577784 -0.297612488 -0.013253690 0.954594672 95.346252441
0.950070262 -0.011374023 0.311828762 4.043878555 0.006724583 0.999849677 0.015981486 -2.027063131 -0.311963648 -0.013086614 0.950003803 95.932571411
0.946361423 -0.012270942 0.322876841 4.227081299 0.007585049 0.999846995 0.015767213 -2.024618149 -0.323020875 -0.012472445 0.946309566 96.359878540
0.941976070 -0.012496701 0.335447192 4.392103195 0.007383390 0.999836326 0.016514311 -2.024738789 -0.335598648 -0.013079348 0.941914260 96.818954468
0.936777174 -0.012664337 0.349697202 4.611331940 0.007118541 0.999827743 0.017139601 -2.031611681 -0.349853992 -0.013566651 0.936706007 97.340927124
0.932110727 -0.013923287 0.361905724 4.834091187 0.008161097 0.999814570 0.017445594 -2.045747280 -0.362081438 -0.013307679 0.932051420 97.848358154
0.927555323 -0.013171232 0.373453796 5.073146820 0.007225910 0.999823928 0.017315352 -2.050273895 -0.373616070 -0.013362403 0.927487254 98.375160217
0.922138989 -0.015182904 0.386560708 5.322673798 0.008713535 0.999791205 0.018482592 -2.081159592 -0.386760592 -0.013675207 0.922078788 98.804054260
0.916498065 -0.014818240 0.399764419 5.558296204 0.008424483 0.999807000 0.017746339 -2.092742920 -0.399950266 -0.012896679 0.916446030 99.334701538
0.911918700 -0.014976640 0.410097390 5.809467316 0.008704267 0.999814928 0.017157592 -2.093844652 -0.410278499 -0.012076734 0.911880314 99.820907593
0.906528413 -0.016449464 0.421824038 6.067901611 0.009990110 0.999796569 0.017518679 -2.094333172 -0.422026426 -0.011667112 0.906508505 100.327911377
0.900012732 -0.016957166 0.435533494 6.331199646 0.010006389 0.999783456 0.018247996 -2.129138947 -0.435748637 -0.012065314 0.899987638 100.781417847
0.893991947 -0.016493177 0.447779536 6.599460602 0.009515470 0.999795794 0.017828092 -2.129696608 -0.447982192 -0.011677338 0.893966198 101.287216187
0.888193786 -0.016126040 0.459185988 6.888729095 0.008969152 0.999802053 0.017762953 -2.129100323 -0.459381551 -0.011658437 0.888162553 101.790611267
0.880898118 -0.015168341 0.473062694 7.094112396 0.007607122 0.999811053 0.017892709 -2.103089094 -0.473244667 -0.012163008 0.880847037 102.180694580
