1.000000000 0.000000000 0.000000000 0.000000000 0.000000000 1.000000000 0.000000000 0.000000000 0.000000000 0.000000000 1.000000000 0.000000000
1.000000000 0.000110458 -0.000002987 0.001408559 -0.000110458 1.000000000 0.000068203 -0.001482272 0.000002995 -0.000068202 1.000000000 0.000671362
1.000000000 0.000080059 0.000018549 0.000292745 -0.000080061 1.000000000 0.000096444 -0.002044897 -0.000018541 -0.000096446 1.000000000 -0.001019628
1.000000000 -0.000035288 -0.000094399 0.001040251 0.000035290 1.000000000 0.000014136 -0.001162803 0.000094399 -0.000014139 1.000000000 -0.003878561
0.999999940 -0.000187901 -0.000172596 0.002765552 0.000187924 1.000000000 0.000134756 -0.002090432 0.000172570 -0.000134789 1.000000000 0.000074964
1.000000000 -0.000161049 -0.000105369 0.000751739 0.000161065 1.000000000 0.000152754 -0.001539804 0.000105344 -0.000152771 1.000000000 -0.000653817
1.000000000 -0.000109467 -0.000022777 0.000819928 0.000109469 1.000000000 0.000067373 -0.001034000 0.000022770 -0.000067375 1.000000000 -0.001307012
1.000000000 -0.000065432 -0.000044627 -0.000016405 0.000065433 1.000000000 0.000016875 -0.000994361 0.000044626 -0.000016878 1.000000000 -0.001807644
1.000000000 -0.000055546 -0.000089107 0.002285091 0.000055550 1.000000000 0.000049379 0.000024314 0.000089105 -0.000049384 1.000000000 -0.001949890
1.000000000 0.000102723 0.000070365 -0.000743306 -0.000102728 1.000000000 0.000069548 0.000477935 -0.000070358 -0.000069556 1.000000000 0.002672563
1.000000000 -0.000014629 0.000044873 -0.001218164 0.000014624 1.000000000 0.000118349 -0.000908172 -0.000044875 -0.000118348 1.000000000 -0.002294328
1.000000000 -0.000112440 -0.000099910 0.001111408 0.000112452 1.000000000 0.000120537 -0.000732424 0.000099897 -0.000120548 1.000000000 -0.000547520
1.000000000 -0.000175530 -0.000037955 -0.000538383 0.000175533 1.000000000 0.000088913 0.000685016 0.000037939 -0.000088919 1.000000000 0.000865937
1.000000000 -0.000127189 -0.000028248 0.000513607 0.000127193 1.000000000 0.000133098 -0.000082934 0.000028231 -0.000133101 1.000000000 -0.001593745
1.000000000 -0.000074506 -0.000147182 0.001114395 0.000074507 1.000000000 0.000009193 -0.000252594 0.000147181 -0.000009204 1.000000000 -0.003058996
1.000000000 -0.000089639 -0.000160749 0.002971580 0.000089665 1.000000000 0.000161346 -0.001868353 0.000160734 -0.000161361 1.000000000 -0.009857877
1.000000000 -0.000171135 -0.000109699 0.001907431 0.000171142 1.000000000 0.000056896 -0.000931808 0.000109689 -0.000056915 1.000000000 -0.005997044
1.000000000 -0.000083734 -0.000103920 0.001132719 0.000083740 1.000000000 0.000050701 -0.000082299 0.000103916 -0.000050709 1.000000000 -0.004817602
1.000000000 -0.000036433 -0.000132266 0.001708161 0.000036453 1.000000000 0.000147111 -0.001511524 0.000132261 -0.000147116 1.000000000 -0.004775088
0.999999940 -0.000208743 -0.000174092 0.002155223 0.000208762 1.000000000 0.000108990 -0.000453768 0.000174069 -0.000109026 1.000000000 -0.007350583
1.000000000 -0.000050855 -0.000048506 0.000444519 0.000050858 1.000000000 0.000070239 0.000223051 0.000048502 -0.000070241 1.000000000 -0.000148402
1.000000000 -0.000102585 -0.000115256 -0.000181728 0.000102599 1.000000000 0.000124792 -0.002876346 0.000115243 -0.000124804 1.000000000 -0.002824232
1.000000000 -0.000081293 -0.000146452 0.002430374 0.000081312 1.000000000 0.000130650 -0.001220861 0.000146442 -0.000130662 1.000000000 -0.006585781
1.000000000 -0.000025680 -0.000091650 0.000415679 0.000025683 1.000000000 0.000040273 0.000028001 0.000091649 -0.000040276 1.000000000 -0.003239873
1.000000000 -0.000144423 -0.000064769 0.000503444 0.000144429 1.000000000 0.000100326 -0.001160332 0.000064754 -0.000100335 1.000000000 -0.004351206
1.000000000 -0.000108895 -0.000151405 0.001753910 0.000108918 1.000000000 0.000146971 -0.000329053 0.000151389 -0.000146988 1.000000000 -0.002966301
1.000000000 -0.000144148 -0.000096260 0.002423007 0.000144161 1.000000000 0.000131023 -0.000266068 0.000096241 -0.000131037 1.000000000 -0.004280121
0.999999940 -0.000189467 -0.000159071 0.003240622 0.000189487 1.000000000 0.000128618 -0.001303413 0.000159046 -0.000128649 1.000000000 -0.007356553
0.999999940 -0.000237773 -0.000152306 0.001213524 0.000237790 0.999999940 0.000115739 -0.001853897 0.000152279 -0.000115775 1.000000000 -0.001959331
1.000000000 -0.000007987 -0.000123676 0.003376727 0.000008009 1.000000000 0.000182223 -0.002242723 0.000123674 -0.000182224 1.000000000 -0.007640064
0.999999940 -0.000198171 -0.000146203 0.001961554 0.000198191 1.000000000 0.000135064 -0.000382481 0.000146176 -0.000135093 1.000000000 -0.003513140
1.000000000 -0.000158528 -0.000086913 0.000263643 0.000158537 1.000000000 0.000100904 -0.000345081 0.000086897 -0.000100918 1.000000000 -0.005023057
0.999999940 -0.000364939 -0.000092910 0.002077451 0.000364948 0.999999940 0.000101831 -0.001083532 0.000092873 -0.000101865 1.000000000 -0.005580667
1.000000000 -0.000091728 -0.000084222 0.001451143 0.000091736 1.000000000 0.000093501 0.000039614 0.000084214 -0.000093509 1.000000000 -0.003087261
1.000000000 -0.000023800 -0.000059971 0.000711048 0.000023807 1.000000000 0.000112190 -0.000263680 0.000059968 -0.000112191 1.000000000 -0.004189892
0.999999940 -0.000255490 -0.000205035 0.001952416 0.000255526 0.999999940 0.000175164 -0.002009934 0.000204990 -0.000175216 0.999999940 -0.005447250
1.000000000 -0.000161959 -0.000127474 0.003237541 0.000161975 1.000000000 0.000122346 -0.001110086 0.000127454 -0.000122367 1.000000000 -0.006456961
1.000000000 -0.000122943 -0.000120123 0.002759464 0.000122967 1.000000000 0.000200883 -0.001018612 0.000120098 -0.000200897 1.000000000 -0.006788462
0.999999940 -0.000220839 -0.000116118 0.000842300 0.000220861 0.999999940 0.000186588 -0.001243276 0.000116077 -0.000186614 1.000000000 -0.004771090
1.000000000 -0.000203877 -0.000132008 0.002005782 0.000203897 0.999999940 0.000152589 -0.001503624 0.000131977 -0.000152616 1.000000000 -0.004000206
1.000000000 -0.000155705 -0.000161928 0.002256679 0.000155725 1.000000000 0.000123296 -0.000912342 0.000161908 -0.000123321 1.000000000 -0.006509102
0.999999940 -0.000233170 -0.000108924 0.002511754 0.000233120 0.999999881 -0.000456608 -0.004127123 0.000109031 0.000456582 0.999999881 0.050461926
1.000000000 0.000093414 -0.000127441 0.004681120 -0.000093536 0.999999523 -0.000957237 -0.007567430 0.000127351 0.000957249 0.999999523 0.140395522
1.000000000 -0.000065569 -0.000111799 0.005227230 0.000065421 0.999999106 -0.001319963 -0.009693814 0.000111885 0.001319956 0.999999106 0.257012159
1.000000000 -0.000122272 -0.000071565 0.005244994 0.000122176 0.999999106 -0.001330647 -0.015372882 0.000071728 0.001330638 0.999999106 0.384496838
1.000000000 -0.000113291 -0.000143032 0.005179392 0.000113126 0.999999344 -0.001151702 -0.015958929 0.000143163 0.001151686 0.999999344 0.524372280
1.000000000 0.000147346 -0.000114335 0.009860102 -0.000147469 0.999999404 -0.001082531 -0.020162554 0.000114176 0.001082547 0.999999404 0.682910562
1.000000000 0.000057882 0.000189713 0.008404642 -0.000057734 0.999999702 -0.000777609 -0.031104319 -0.000189758 0.000777598 0.999999702 0.842678368
0.999999940 0.000291372 0.000236363 0.012557467 -0.000291230 0.999999762 -0.000597732 -0.028029175 -0.000236537 0.000597663 0.999999821 1.019078374
0.999999940 0.000307392 -0.000043972 0.023520960 -0.000307410 0.999999881 -0.000405187 -0.040954698 0.000043848 0.000405200 0.999999940 1.193145633
1.000000000 0.000118277 0.000190407 0.028032346 -0.000118263 1.000000000 -0.000073952 -0.046728760 -0.000190415 0.000073930 1.000000000 1.370269179
0.999999881 0.000456704 -0.000045996 0.032125596 -0.000456718 0.999999821 -0.000310720 -0.045243494 0.000045854 0.000310741 0.999999940 1.579275489
0.999999940 -0.000096772 -0.000224432 0.036353968 0.000096796 1.000000000 0.000106422 -0.056973118 0.000224422 -0.000106444 0.999999940 1.777991295
1.000000000 -0.000175708 -0.000043201 0.045686878 0.000175710 1.000000000 0.000054161 -0.058139097 0.000043191 -0.000054168 1.000000000 1.979880571
0.999999881 0.000138392 0.000475051 0.035479918 -0.000138454 1.000000000 0.000130075 -0.069416791 -0.000475033 -0.000130141 0.999999881 2.170359373
0.999999464 0.000893044 0.000518988 0.033216700 -0.000893180 0.999999583 0.000260914 -0.069381610 -0.000518755 -0.000261377 0.999999821 2.413066387
0.999995887 -0.000979191 0.002701648 -0.000439129 0.000977387 0.999999285 0.000668954 -0.088971786 -0.002702301 -0.000666311 0.999996126 2.629446983
0.999996126 -0.001610701 0.002284266 0.010285492 0.001608656 0.999998271 0.000896748 -0.097591348 -0.002285706 -0.000893070 0.999997020 2.855129957
0.999996305 -0.001068264 0.002503385 0.009083588 0.001065896 0.999998987 0.000947316 -0.101812705 -0.002504394 -0.000944644 0.999996364 3.080643654
0.999996781 -0.001098693 0.002254930 0.015271204 0.001097434 0.999999166 0.000559485 -0.106756896 -0.002255543 -0.000557009 0.999997377 3.314292192
0.999996841 -0.001362949 0.002108615 0.023204438 0.001360898 0.999998629 0.000973744 -0.122034058 -0.002109939 -0.000970872 0.999997318 3.541169643
0.999996364 -0.000936304 0.002518259 0.025485508 0.000933216 0.999998808 0.001227056 -0.127956867 -0.002519404 -0.001224701 0.999996066 3.804566383
0.999996126 -0.001175727 0.002507413 0.029589355 0.001172086 0.999998271 0.001453073 -0.133788839 -0.002509117 -0.001450128 0.999995828 4.068690300
0.999996066 -0.000860190 0.002667607 0.033537555 0.000855645 0.999998152 0.001704850 -0.140959203 -0.002669069 -0.001702561 0.999994993 4.320309639
0.999995291 -0.000233774 0.003060634 0.036478486 0.000227427 0.999997795 0.002073990 -0.151030615 -0.003061112 -0.002073284 0.999993145 4.548709393
0.999995291 -0.000602736 0.003018254 0.048381679 0.000596453 0.999997675 0.002082270 -0.158754840 -0.003019502 -0.002080459 0.999993265 4.809417248
0.999995351 -0.000761539 0.002969834 0.051600844 0.000754098 0.999996543 0.002505681 -0.167523861 -0.002971732 -0.002503430 0.999992430 5.069410324
0.999994934 -0.000490314 0.003148574 0.045861207 0.000482971 0.999997139 0.002332529 -0.173658982 -0.003149709 -0.002330996 0.999992192 5.328980923
0.999993920 -0.000634066 0.003431302 0.055018000 0.000625675 0.999996841 0.002445995 -0.189395323 -0.003432842 -0.002443834 0.999991059 5.557570934
0.999994993 -0.000684251 0.003089968 0.061162353 0.000676688 0.999996781 0.002448008 -0.193781197 -0.003091633 -0.002445904 0.999992251 5.824970722
0.999994814 -0.001008085 0.003054146 0.064540163 0.001000270 0.999996185 0.002559415 -0.206927314 -0.003056715 -0.002556347 0.999992013 6.104486465
0.999993861 -0.000467766 0.003468979 0.069656625 0.000458246 0.999996185 0.002744543 -0.211444467 -0.003470249 -0.002742937 0.999990225 6.384658813
0.999992967 -0.000309736 0.003718352 0.076007053 0.000299035 0.999995768 0.002878162 -0.225744799 -0.003719228 -0.002877031 0.999988973 6.673877716
0.999994040 -0.000384720 0.003431543 0.085156463 0.000374636 0.999995589 0.002938608 -0.236327231 -0.003432658 -0.002937304 0.999989808 6.959561348
0.999993682 -0.000426571 0.003521345 0.102085359 0.000415748 0.999995172 0.003073638 -0.248644933 -0.003522639 -0.003072154 0.999989092 7.238329887
0.999994338 -0.000526675 0.003317488 0.102189243 0.000516434 0.999995112 0.003087081 -0.269459754 -0.003319097 -0.003085350 0.999989748 7.479337215
0.999994516 -0.000740629 0.003224696 0.111903012 0.000730492 0.999994814 0.003143375 -0.277355790 -0.003227008 -0.003141003 0.999989867 7.786256790
0.999994695 -0.001068622 0.003065313 0.118036605 0.001058791 0.999994338 0.003206980 -0.285695285 -0.003068722 -0.003203718 0.999990165 8.112071037
0.999993622 -0.000390407 0.003526862 0.119356506 0.000379686 0.999995291 0.003039904 -0.289846957 -0.003528032 -0.003038546 0.999989212 8.447691917
0.999992371 0.000112413 0.003888042 0.116990544 -0.000126511 0.999993443 0.003626080 -0.303616494 -0.003887608 -0.003626544 0.999985814 8.790406227
0.999993384 0.000015139 0.003615424 0.120871380 -0.000027772 0.999993861 0.003494102 -0.314881086 -0.003615349 -0.003494180 0.999987304 9.113330841
0.999992967 -0.000296613 0.003734107 0.127273694 0.000283821 0.999994099 0.003425812 -0.317592978 -0.003735101 -0.003424729 0.999987185 9.484607697
0.999993861 -0.000491911 0.003440246 0.145413443 0.000479341 0.999993205 0.003653683 -0.326770574 -0.003442020 -0.003652012 0.999987423 9.803347588
0.999993742 -0.000627585 0.003478473 0.145218521 0.000615127 0.999993384 0.003581414 -0.349227130 -0.003480698 -0.003579253 0.999987543 10.053818703
0.999992311 -0.000774819 0.003841544 0.153309360 0.000759325 0.999991536 0.004033238 -0.360984832 -0.003844636 -0.004030290 0.999984562 10.407724380
0.999993920 -0.001135845 0.003298477 0.164359063 0.001122528 0.999991238 0.004036515 -0.365325361 -0.003303033 -0.004032788 0.999986410 10.779528618
0.999993742 -0.000937925 0.003404619 0.176165313 0.000923388 0.999990404 0.004268704 -0.383232206 -0.003408590 -0.004265533 0.999985099 11.139727592
0.999993563 -0.000856321 0.003473425 0.182949767 0.000841708 0.999990702 0.004206476 -0.382317603 -0.003476996 -0.004203525 0.999985158 11.523862839
0.999992907 -0.001203563 0.003567163 0.192286938 0.001189060 0.999991000 0.004064968 -0.397093296 -0.003572023 -0.004060698 0.999985397 11.876524925
0.999992907 -0.000188163 0.003778414 0.193521231 0.000171116 0.999989748 0.004511781 -0.417299986 -0.003779224 -0.004511101 0.999982715 12.243228912
0.999993205 -0.000770479 0.003618749 0.210859492 0.000754352 0.999989748 0.004455906 -0.423251390 -0.003622145 -0.004453145 0.999983490 12.642561913
0.999992311 -0.001933142 0.003413552 0.201815695 0.001917699 0.999988079 0.004521346 -0.450287819 -0.003422251 -0.004514765 0.999983966 12.884204865
0.999990880 -0.001673077 0.003945007 0.209849328 0.001654133 0.999987125 0.004800259 -0.461307734 -0.003952988 -0.004793689 0.999980688 13.295832634
0.999991000 -0.001757957 0.003863815 0.222439498 0.001738028 0.999985218 0.005155296 -0.470704198 -0.003872820 -0.005148534 0.999979258 13.709302902
0.999988675 -0.002692268 0.003928180 0.237502679 0.002671584 0.999982655 0.005261262 -0.482403427 -0.003942277 -0.005250709 0.999978423 14.130050659
0.999987483 -0.002730853 0.004196489 0.241896793 0.002709473 0.999983311 0.005091889 -0.492398262 -0.004210324 -0.005080455 0.999978244 14.546831131
0.999987185 -0.002915945 0.004137118 0.263599187 0.002895399 0.999983549 0.004963453 -0.512697041 -0.004151522 -0.004951411 0.999979138 14.981472969
0.999986291 -0.003431188 0.003955308 0.277857244 0.003407383 0.999976158 0.006009527 -0.542698741 -0.003975833 -0.005995968 0.999974132 15.307221413
0.999985635 -0.003156550 0.004351373 0.283978224 0.003128942 0.999975026 0.006337066 -0.556021810 -0.004371267 -0.006323359 0.999970436 15.745079994
0.999983788 -0.003702873 0.004324716 0.301252365 0.003675521 0.999973357 0.006315460 -0.566374481 -0.004347985 -0.006299462 0.999970734 16.197328568
0.999984324 -0.002308345 0.005120630 0.304913998 0.002276937 0.999978602 0.006130948 -0.581104815 -0.005134673 -0.006119192 0.999968052 16.649408340
0.999982774 -0.002763076 0.005187851 0.310414672 0.002730617 0.999976754 0.006253506 -0.590863943 -0.005205010 -0.006239232 0.999967039 17.102199554
0.999981761 -0.002223615 0.005634162 0.327626407 0.002187871 0.999977529 0.006342185 -0.602891028 -0.005648138 -0.006329743 0.999963999 17.568925858
0.999977767 -0.004020796 0.005324497 0.345341057 0.003986331 0.999971151 0.006467855 -0.629374206 -0.005350349 -0.006446486 0.999964893 17.911127090
0.999975562 -0.004694578 0.005176276 0.360486329 0.004661235 0.999968469 0.006434827 -0.640535474 -0.005206321 -0.006410542 0.999965906 18.382112503
0.999978602 -0.003618523 0.005450330 0.376802713 0.003581293 0.999970317 0.006825105 -0.651715755 -0.005474865 -0.006805439 0.999961853 18.860048294
0.999979138 -0.002552692 0.005938454 0.372749895 0.002510578 0.999971747 0.007088358 -0.669112921 -0.005956381 -0.007073300 0.999957204 19.361202240
0.999979079 -0.003902655 0.005172094 0.386939764 0.003868136 0.999970257 0.006667412 -0.674117446 -0.005197961 -0.006647265 0.999964356 19.852411270
0.999979317 -0.004699981 0.004387624 0.410323203 0.004668567 0.999963582 0.007142767 -0.717318177 -0.004421036 -0.007122137 0.999964833 20.238187790
0.999982357 -0.004015325 0.004381934 0.412312508 0.003985326 0.999968708 0.006833342 -0.719535947 -0.004409235 -0.006815757 0.999967158 20.743078232
0.999984741 -0.004273717 0.003494917 0.418937385 0.004250916 0.999969780 0.006505614 -0.735020399 -0.003522614 -0.006490659 0.999972761 21.247520447
0.999983668 -0.004748958 0.003165375 0.422919393 0.004726810 0.999964535 0.006967966 -0.742881417 -0.003198353 -0.006952892 0.999970734 21.766586304
0.999988735 -0.002908715 0.003751890 0.415703744 0.002883376 0.999973059 0.006741419 -0.751968265 -0.003771398 -0.006730524 0.999970317 22.272756577
0.999980032 -0.006126806 0.001535334 0.462400198 0.006115498 0.999954939 0.007264439 -0.783348083 -0.001579773 -0.007254906 0.999972463 22.639753342
0.999972880 -0.007259733 0.001246948 0.470149964 0.007250323 0.999946415 0.007391722 -0.798125029 -0.001300544 -0.007382480 0.999971986 23.174114227
0.999979794 -0.006351983 0.000197636 0.482153684 0.006350439 0.999955177 0.007025462 -0.800790310 -0.000242253 -0.007024066 0.999975324 23.706846237
0.999981046 -0.006147167 0.000080913 0.495852083 0.006146500 0.999959409 0.006587949 -0.805097461 -0.000121407 -0.006587327 0.999978304 24.255153656
0.999976337 -0.006833859 -0.000745743 0.516651154 0.006838905 0.999952257 0.006988187 -0.814870119 0.000697952 -0.006993122 0.999975264 24.767616272
0.999984324 -0.005523973 -0.000893721 0.489332557 0.005530604 0.999955773 0.007595112 -0.853085756 0.000851726 -0.007599935 0.999970734 25.049631119
0.999980688 -0.006075846 -0.001322252 0.493355334 0.006086355 0.999948740 0.008094624 -0.865696788 0.001273003 -0.008102515 0.999966323 25.589210510
0.999977171 -0.006366884 -0.002279498 0.512837827 0.006384441 0.999949336 0.007779438 -0.874135137 0.002229852 -0.007793813 0.999967098 26.168729782
0.999972820 -0.006929577 -0.002524478 0.523124099 0.006950652 0.999940276 0.008438012 -0.902167380 0.002465855 -0.008455330 0.999961197 26.712270737
0.999981761 -0.005472874 -0.002577420 0.519256830 0.005493281 0.999953091 0.007978310 -0.899849236 0.002533635 -0.007992323 0.999964833 27.304679871
0.999988496 -0.004273042 -0.002171430 0.499895215 0.004290330 0.999958634 0.008020589 -0.907700241 0.002137068 -0.008029815 0.999965489 27.897192001
0.999968588 -0.007238786 -0.003222100 0.516246080 0.007271391 0.999921203 0.010224842 -0.958446503 0.003147832 -0.010247952 0.999942541 28.023527145
0.999966800 -0.007162083 -0.003889364 0.524456501 0.007201725 0.999921143 0.010275431 -0.969119430 0.003815465 -0.010303102 0.999939620 28.578483582
0.999953628 -0.008465625 -0.004577860 0.551782012 0.008508182 0.999920011 0.009357803 -0.972200632 0.004498274 -0.009396321 0.999945700 29.131135941
0.999960303 -0.007818199 -0.004258369 0.553861260 0.007856277 0.999928594 0.008999791 -0.977776110 0.004187703 -0.009032891 0.999950409 29.662647247
0.999952793 -0.008410393 -0.004860569 0.569742322 0.008453210 0.999925017 0.008856799 -0.983611822 0.004785715 -0.008897468 0.999948978 30.258790970
0.999965549 -0.006978071 -0.004496084 0.548247933 0.007018502 0.999934494 0.009040309 -1.008305430 0.004432706 -0.009071553 0.999949038 30.806509018
0.999930620 -0.009954599 -0.006299530 0.602887154 0.010025399 0.999885738 0.011308890 -1.062596202 0.006186235 -0.011371260 0.999916196 31.021228790
0.999933660 -0.009598644 -0.006367338 0.607361436 0.009672348 0.999885380 0.011647345 -1.075195789 0.006254810 -0.011708159 0.999911845 31.567459106
0.999920368 -0.010241061 -0.007382079 0.619702935 0.010324619 0.999882102 0.011371212 -1.082276583 0.007264755 -0.011446522 0.999908149 32.117767334
0.999933362 -0.009450483 -0.006635600 0.621903181 0.009525255 0.999890506 0.011328695 -1.084430456 0.006527812 -0.011391147 0.999913812 32.683063507
0.999913216 -0.010398276 -0.008090127 0.644609451 0.010490551 0.999879420 0.011448349 -1.104806662 0.007970110 -0.011532228 0.999901652 33.240089417
0.999912739 -0.010381527 -0.008176264 0.641607583 0.010473812 0.999881029 0.011326177 -1.098731518 0.008057709 -0.011410826 0.999902368 33.795768738
0.999934673 -0.008576714 -0.007547471 0.644986987 0.008660140 0.999900997 0.011091235 -1.102784157 0.007451597 -0.011155874 0.999909937 34.305870056
0.999936163 -0.007944156 -0.008022779 0.657110631 0.008030798 0.999909222 0.010825867 -1.116044641 0.007936047 -0.010889606 0.999909222 34.881824493
0.999933243 -0.008185511 -0.008159198 0.707810402 0.008270007 0.999912024 0.010376546 -1.120138049 0.008073542 -0.010443328 0.999912858 35.331462860
0.999952018 -0.006488612 -0.007333462 0.664442122 0.006577240 0.999904811 0.012126599 -1.248893976 0.007254081 -0.012174249 0.999899507 35.465389252
0.999953747 -0.006465971 -0.007120645 0.668114901 0.006551282 0.999906242 0.012023291 -1.252597690 0.007042236 -0.012069384 0.999902308 36.025730133
0.999949813 -0.006696408 -0.007455085 0.673426807 0.006783516 0.999908209 0.011721029 -1.259851217 0.007375911 -0.011771012 0.999903500 36.567687988
0.999955058 -0.005903191 -0.007406957 0.679740667 0.005986707 0.999918103 0.011304313 -1.263471484 0.007339619 -0.011348150 0.999908626 37.131755829
0.999950945 -0.005923231 -0.007939261 0.699922085 0.006016559 0.999912500 0.011783428 -1.278769255 0.007868771 -0.011830618 0.999898970 37.692924500
0.999956846 -0.004892827 -0.007895364 0.695659757 0.004976196 0.999931633 0.010574484 -1.268774509 0.007843086 -0.010613316 0.999912918 38.261337280
0.999944270 -0.006186210 -0.008558327 0.706690669 0.006281667 0.999917865 0.011172152 -1.297933578 0.008488511 -0.011225287 0.999900877 38.818443298
0.999942780 -0.006283341 -0.008662806 0.708360910 0.006375285 0.999923229 0.010627299 -1.295284390 0.008595367 -0.010681918 0.999905944 39.380519867
0.999957323 -0.005532464 -0.007401995 0.694805622 0.005605954 0.999934793 0.009944700 -1.287996650 0.007346494 -0.009985769 0.999923170 39.852806091
0.999946952 -0.006548714 -0.007945938 0.670916378 0.006636763 0.999916315 0.011105776 -1.341747999 0.007872545 -0.011157922 0.999906719 40.253448486
0.999932885 -0.007977292 -0.008397887 0.695722938 0.008064847 0.999912918 0.010444244 -1.326892376 0.008313839 -0.010511270 0.999910176 40.850288391
0.999922633 -0.008484923 -0.009094935 0.670670390 0.008618500 0.999854088 0.014749816 -1.468428493 0.008968457 -0.014827060 0.999849856 40.720916748
0.999923468 -0.008313438 -0.009156615 0.673411012 0.008446898 0.999857247 0.014634628 -1.477694511 0.009033642 -0.014710854 0.999850988 41.266399384
0.999917328 -0.008482723 -0.009663369 0.682920694 0.008619945 0.999861360 0.014248271 -1.471936941 0.009541164 -0.014330392 0.999851763 41.815605164
0.999906242 -0.008709854 -0.010563931 0.699612260 0.008859078 0.999860466 0.014162386 -1.492103338 0.010439105 -0.014254645 0.999843895 42.385009766
0.999914587 -0.008543224 -0.009890796 0.682488322 0.008681736 0.999863625 0.014046990 -1.495191336 0.009769441 -0.014131661 0.999852419 42.876796722
0.999920785 -0.008840336 -0.008952920 0.690946162 0.008978082 0.999840140 0.015464149 -1.523206711 0.008814781 -0.015543306 0.999840260 43.158973694
0.999925673 -0.008634022 -0.008605765 0.692155957 0.008765062 0.999844372 0.015307403 -1.525669098 0.008472263 -0.015381694 0.999845803 43.718444824
0.999923468 -0.008394819 -0.009080301 0.701327622 0.008531808 0.999848783 0.015154440 -1.529701471 0.008951711 -0.015230751 0.999843895 44.270965576
0.999927938 -0.008363461 -0.008605519 0.707687259 0.008484535 0.999864221 0.014130278 -1.523306608 0.008486173 -0.014202273 0.999863088 44.790145874
0.999928772 -0.008091507 -0.008777940 0.703604877 0.008216951 0.999863207 0.014349997 -1.540620208 0.008660627 -0.014421101 0.999858439 45.359169006
0.999926925 -0.008344998 -0.008738993 0.685553074 0.008473424 0.999855101 0.014763450 -1.565162420 0.008614526 -0.014836421 0.999852836 45.905670166
0.999918699 -0.008676872 -0.009345196 0.719328284 0.008823470 0.999836862 0.015761770 -1.574173212 0.009206907 -0.015842946 0.999832094 46.168052673
0.999923348 -0.008610705 -0.008896243 0.715145171 0.008749973 0.999837935 0.015736211 -1.576396823 0.008759301 -0.015812848 0.999836564 46.711223602
0.999919713 -0.008842279 -0.009081692 0.717860878 0.008973921 0.999853790 0.014558223 -1.575164437 0.008951638 -0.014638553 0.999852717 47.257900238
0.999920070 -0.008720959 -0.009152649 0.724810719 0.008850898 0.999859273 0.014253733 -1.577061415 0.009027055 -0.014333602 0.999856472 47.828536987
0.999908686 -0.009280563 -0.009822818 0.752056241 0.009426353 0.999844491 0.014901253 -1.586220264 0.009683000 -0.014992486 0.999840736 48.340930939
0.999907970 -0.009313857 -0.009856934 0.755489290 0.009455530 0.999851227 0.014425298 -1.585136890 0.009721113 -0.014517174 0.999847293 48.907463074
0.999909043 -0.009435932 -0.009639760 0.727980494 0.009590905 0.999823391 0.016158583 -1.632484674 0.009485588 -0.016249567 0.999822915 49.112197876
0.999908328 -0.009282731 -0.009868354 0.733457088 0.009438248 0.999830127 0.015831059 -1.637945652 0.009719721 -0.015922748 0.999825954 49.647583008
0.999904215 -0.009441323 -0.010121723 0.742955804 0.009596439 0.999835491 0.015387622 -1.640828133 0.009974779 -0.015483282 0.999830365 50.191902161
0.999907434 -0.009551892 -0.009682523 0.738370061 0.009696256 0.999840856 0.014974167 -1.650006771 0.009537950 -0.015066667 0.999840975 50.720500946
0.999898195 -0.010154033 -0.010030527 0.761762798 0.010302199 0.999836922 0.014831973 -1.668052435 0.009878285 -0.014933799 0.999839604 51.282726288
0.999895751 -0.010260128 -0.010154060 0.770223737 0.010405218 0.999843001 0.014340709 -1.657824993 0.010005329 -0.014444873 0.999845564 51.825698853
0.999889374 -0.010894370 -0.010118356 0.756986141 0.011067113 0.999791205 0.017176196 -1.708357573 0.009929116 -0.017286280 0.999801219 52.014606476
0.999901772 -0.010140408 -0.009668010 0.759718537 0.010304436 0.999801159 0.017070010 -1.717851043 0.009492992 -0.017167957 0.999807477 52.558788300
0.999907553 -0.009956882 -0.009250581 0.762741446 0.010104278 0.999820471 0.016026050 -1.707846880 0.009089352 -0.016118040 0.999828815 53.125053406
0.999912381 -0.009715525 -0.008979362 0.761985421 0.009861493 0.999817491 0.016357334 -1.721938372 0.008818804 -0.016444452 0.999825835 53.658252716
0.999909878 -0.009689506 -0.009281754 0.766199291 0.009833508 0.999830067 0.015596636 -1.715368748 0.009129052 -0.015686505 0.999835253 54.229896545
0.999893308 -0.010879229 -0.009747089 0.766128480 0.011047978 0.999787033 0.017429546 -1.736009717 0.009555395 -0.017535372 0.999800563 54.446811676
0.999896526 -0.010621331 -0.009695001 0.768085361 0.010788992 0.999790251 0.017408490 -1.748728156 0.009508065 -0.017511291 0.999801457 54.986713409
0.999892831 -0.010797333 -0.009891496 0.782091379 0.010970577 0.999784350 0.017630706 -1.752641201 0.009698999 -0.017737331 0.999795616 55.541725159
0.999892473 -0.010871392 -0.009843123 0.792451918 0.011032497 0.999803543 0.016463611 -1.740471959 0.009662207 -0.016570438 0.999815941 56.095092773
0.999892294 -0.011168065 -0.009525099 0.765993357 0.011337753 0.999774575 0.017950838 -1.785522342 0.009322475 -0.018056899 0.999793410 56.361309052
0.999890327 -0.011223027 -0.009669524 0.785505533 0.011399844 0.999765158 0.018429270 -1.792006016 0.009460420 -0.018537477 0.999783397 56.892181396
0.999883294 -0.011518384 -0.010040136 0.795661509 0.011698793 0.999767780 0.018099235 -1.797856927 0.009829330 -0.018214580 0.999785721 57.436740875
0.999893963 -0.011126840 -0.009402154 0.791722357 0.011284922 0.999792993 0.016931154 -1.799684405 0.009211818 -0.017035460 0.999812424 57.973110199
0.999880552 -0.011884708 -0.009880857 0.784071863 0.012062714 0.999762416 0.018155159 -1.814369678 0.009662738 -0.018272180 0.999786377 58.317554474
0.999882817 -0.011854618 -0.009686644 0.790245950 0.012028078 0.999764740 0.018049471 -1.822961092 0.009470395 -0.018163865 0.999790132 58.877937317
0.999882817 -0.011621839 -0.009961479 0.802730381 0.011798538 0.999770820 0.017866926 -1.813926339 0.009751549 -0.017982362 0.999790788 59.404865265
0.999876618 -0.011713609 -0.010468630 0.825989842 0.011892697 0.999781132 0.017211763 -1.815759778 0.010264727 -0.017334137 0.999797106 59.951049805
0.999890387 -0.010997167 -0.009912810 0.805860937 0.011166606 0.999789655 0.017202772 -1.827453256 0.009721545 -0.017311579 0.999802887 60.523014069
0.999882162 -0.011736613 -0.009889739 0.809959531 0.011915397 0.999763072 0.018217081 -1.841332674 0.009673589 -0.018332776 0.999785125 60.802070618
0.999889553 -0.011188345 -0.009782424 0.808731735 0.011362241 0.999775171 0.017905304 -1.844978094 0.009579894 -0.018014479 0.999791801 61.356712341
0.999893069 -0.010922879 -0.009719213 0.818586290 0.011087677 0.999792874 0.017066579 -1.846607327 0.009530784 -0.017172515 0.999807119 61.888828278
0.999882996 -0.011287024 -0.010324373 0.831456661 0.011462200 0.999788702 0.017068496 -1.847357392 0.010129538 -0.017184839 0.999801040 62.445739746
0.999876857 -0.012034496 -0.010074052 0.827197611 0.012215620 0.999761224 0.018114956 -1.857941747 0.009853643 -0.018235788 0.999785185 62.751480103
0.999882579 -0.011878925 -0.009684078 0.827678800 0.012050944 0.999767125 0.017902644 -1.860598564 0.009469158 -0.018017245 0.999792874 63.306644440
0.999889076 -0.011520347 -0.009446511 0.815536916 0.011683997 0.999779344 0.017455576 -1.863849759 0.009243334 -0.017564010 0.999803066 63.860847473
0.999864221 -0.012584736 -0.010639319 0.849411666 0.012773762 0.999758363 0.017889544 -1.871391892 0.010411614 -0.018023022 0.999783397 64.365753174
0.999892831 -0.011220918 -0.009406206 0.819788814 0.011395745 0.999759376 0.018743582 -1.886637926 0.009193624 -0.018848764 0.999780059 64.729896545
0.999887943 -0.011580587 -0.009496247 0.819823444 0.011748002 0.999773145 0.017767571 -1.880606651 0.009288336 -0.017877141 0.999797046 65.296691895
0.999891877 -0.011380191 -0.009311888 0.831400096 0.011534309 0.999794543 0.016667999 -1.873323917 0.009120290 -0.016773602 0.999817669 65.835983276
0.999879003 -0.012153539 -0.009705801 0.850628614 0.012320804 0.999773324 0.017363919 -1.884560227 0.009492569 -0.017481400 0.999802113 66.366180420
0.999869466 -0.012563979 -0.010164021 0.852790356 0.012743415 0.999760628 0.017786337 -1.924226880 0.009938119 -0.017913541 0.999790013 66.877746582
0.999921501 -0.009239633 -0.008464116 0.829363644 0.009397067 0.999779999 0.018753262 -1.935910940 0.008288981 -0.018831326 0.999788344 67.228874207
0.999913812 -0.009594899 -0.008966965 0.841612220 0.009762765 0.999774337 0.018868206 -1.934757829 0.008783902 -0.018954121 0.999781787 67.781410217
0.999905646 -0.010041582 -0.009371450 0.853584051 0.010211851 0.999780357 0.018301535 -1.934607625 0.009185615 -0.018395510 0.999788582 68.345062256
0.999909639 -0.010146907 -0.008816935 0.857277513 0.010309325 0.999774337 0.018575238 -1.943069339 0.008626463 -0.018664457 0.999788582 68.852401733
0.999923468 -0.009357356 -0.008084253 0.835598111 0.009510357 0.999772370 0.019099319 -1.950526595 0.007903695 -0.019174740 0.999784887 69.248695374
0.999917150 -0.009715868 -0.008442580 0.847222269 0.009880973 0.999756336 0.019739604 -1.959481478 0.008248737 -0.019821389 0.999769449 69.780189514
0.999923229 -0.009456742 -0.008003780 0.837147176 0.009604890 0.999779403 0.018678304 -1.961223722 0.007825379 -0.018753745 0.999793470 70.298530579
0.999901712 -0.010750266 -0.009001506 0.857149482 0.010908829 0.999782860 0.017755251 -1.956579685 0.008808679 -0.017851701 0.999801755 70.833358765
0.999919713 -0.009747815 -0.008093532 0.839819729 0.009893059 0.999787152 0.018103806 -1.972188711 0.007915339 -0.018182423 0.999803364 71.407623291
0.999950469 -0.007075305 -0.007004173 0.791862249 0.007201685 0.999808669 0.018185642 -1.988054276 0.006874166 -0.018235181 0.999810040 71.834701538
0.999937177 -0.008732088 -0.007024081 0.810411870 0.008859547 0.999792755 0.018324312 -1.992306232 0.006862615 -0.018385392 0.999807358 72.277214050
0.999926031 -0.009553633 -0.007530489 0.828052044 0.009691002 0.999783337 0.018421499 -1.994614363 0.007352864 -0.018493114 0.999801874 72.822120667
0.999943137 -0.008223164 -0.006784321 0.819878638 0.008346375 0.999797046 0.018337568 -2.003258228 0.006632150 -0.018393151 0.999808848 73.372001648
0.999943137 -0.008102278 -0.006936668 0.826318920 0.008226033 0.999804080 0.018002236 -2.007372379 0.006789450 -0.018058274 0.999813795 73.922920227
0.999946237 -0.008193810 -0.006347800 0.826177359 0.008311233 0.999790609 0.018698107 -2.015664339 0.006193263 -0.018749863 0.999804974 74.371208191
0.999946773 -0.008780511 -0.005411579 0.839619040 0.008878605 0.999791622 0.018377470 -2.016844034 0.005249087 -0.018424539 0.999816418 74.923019409
0.999953866 -0.008642020 -0.004201320 0.849400878 0.008716097 0.999800980 0.017945599 -2.018901348 0.004045398 -0.017981390 0.999830186 75.459526062
0.999964774 -0.008152886 -0.002013579 0.851003528 0.008187860 0.999804080 0.018018993 -2.028809309 0.001866279 -0.018034844 0.999835670 75.975898743
0.999973536 -0.006979243 0.002037446 0.851272583 0.006939381 0.999796212 0.018956438 -2.049815655 -0.002169333 -0.018941799 0.999818146 76.422210693
0.999955833 -0.007555428 0.005598241 0.874590039 0.007448124 0.999792814 0.018946478 -2.054702282 -0.005740230 -0.018903947 0.999804735 76.966094971
0.999931216 -0.008020997 0.008556048 0.890589297 0.007859352 0.999793053 0.018761670 -2.055915594 -0.008704766 -0.018693134 0.999787331 77.528633118
0.999878824 -0.006635640 0.014084568 0.909337819 0.006377038 0.999811649 0.018326901 -2.044192076 -0.014203526 -0.018234862 0.999732792 78.052879333
0.999774456 -0.006647229 0.020174455 0.934650838 0.006280495 0.999814808 0.018187439 -2.055793285 -0.020291612 -0.018056629 0.999631047 78.592826843
0.999640346 -0.007500512 0.025746306 0.934495091 0.007030079 0.999807596 0.018314002 -2.065033913 -0.025878713 -0.018126417 0.999500751 79.043609619
0.999468267 -0.007185616 0.031806640 0.962900519 0.006595166 0.999804676 0.018629920 -2.066639423 -0.031934299 -0.018410241 0.999320388 79.595886230
0.999209762 -0.007172258 0.039095152 1.009449720 0.006469791 0.999815941 0.018065134 -2.068013191 -0.039217521 -0.017797921 0.999072254 80.148323059
0.998846114 -0.006697088 0.047554273 1.055762291 0.005843237 0.999819696 0.018071678 -2.075138569 -0.047666725 -0.017772956 0.998705208 80.688735962
0.998534739 -0.008840851 0.053386629 1.120178938 0.007903433 0.999811232 0.017744716 -2.064306021 -0.053533435 -0.017296778 0.998416245 81.243362427
0.998010099 -0.008182499 0.062520958 1.170189142 0.007055433 0.999808967 0.018226573 -2.080451012 -0.062658161 -0.017749192 0.997877300 81.809661865
0.997289836 -0.007352349 0.073204927 1.169842243 0.005998427 0.999807179 0.018697668 -2.098171234 -0.073328294 -0.018207880 0.997141659 82.295478821
0.996569514 -0.006134067 0.082532793 1.230970860 0.004607436 0.999814987 0.018675022 -2.100108862 -0.082632080 -0.018230692 0.996413410 82.843719482
0.995956898 -0.007603349 0.089509740 1.308779240 0.006013397 0.999819458 0.018019196 -2.103597641 -0.089630581 -0.017408084 0.995822906 83.399711609
0.994930506 -0.007551279 0.100281321 1.383514881 0.005773209 0.999821126 0.018009223 -2.098952770 -0.100399360 -0.017338982 0.994796216 83.927589417
0.993837595 -0.007454739 0.110595465 1.474439621 0.005424245 0.999811351 0.018649185 -2.123862028 -0.110713631 -0.017934361 0.993690550 84.425506592
0.992771626 -0.008787340 0.119696297 1.512716293 0.006654137 0.999812007 0.018209832 -2.104455233 -0.119833812 -0.017281728 0.992643476 84.934890747
0.991305232 -0.007690879 0.131357133 1.605473518 0.005296022 0.999813497 0.018571284 -2.105239391 -0.131475464 -0.017714137 0.991161168 85.491386414
0.989554703 -0.007958523 0.143937916 1.698253632 0.005351729 0.999814749 0.018488662 -2.111253738 -0.144058391 -0.017525228 0.989413977 86.042915344
0.987978399 -0.008706495 0.154346332 1.797283173 0.005978752 0.999817789 0.018128263 -2.105502844 -0.154476017 -0.016987534 0.987850487 86.569488525
0.986357749 -0.009051234 0.164366677 1.908678055 0.006164577 0.999817848 0.018063923 -2.107354641 -0.164500192 -0.016804239 0.986233890 87.110252380
0.984130323 -0.009040244 0.177217022 2.027418137 0.005956980 0.999821603 0.017922591 -2.110479355 -0.177347407 -0.016582483 0.984008610 87.655517578
0.981831849 -0.009255735 0.189527497 2.147458076 0.005885381 0.999814510 0.018338053 -2.126672506 -0.189662039 -0.016889442 0.981704175 88.187286377
0.979768097 -0.010480014 0.199861243 2.259575844 0.006948186 0.999807179 0.018364653 -2.121693134 -0.200015157 -0.016604427 0.979652107 88.671875000
0.977007627 -0.010695904 0.212935567 2.401813507 0.006908130 0.999804556 0.018524468 -2.125513554 -0.213092074 -0.016627559 0.976890624 89.210540771
0.973959148 -0.010288781 0.226489976 2.547864914 0.006285661 0.999811172 0.018388720 -2.127193928 -0.226636380 -0.016486226 0.973839879 89.749160767
0.971343458 -0.010761520 0.237436607 2.704711914 0.006466490 0.999801159 0.018860606 -2.135663033 -0.237592369 -0.016784742 0.971219957 90.275016785
0.968425155 -0.011964057 0.249017164 2.899024963 0.007585282 0.999799430 0.018536393 -2.143132687 -0.249188960 -0.016062243 0.968321681 90.846092224
0.964468896 -0.010324365 0.263994306 2.960195541 0.005458325 0.999801457 0.019159241 -2.117197514 -0.264139682 -0.017037524 0.964333951 91.230819702
0.961144090 -0.010735333 0.275838375 3.135295868 0.005605905 0.999796510 0.019377530 -2.124521494 -0.275990278 -0.017078273 0.961008668 91.757812500
0.957809567 -0.011655969 0.287167042 3.322937012 0.006442737 0.999796987 0.019092325 -2.121763706 -0.287331253 -0.016436672 0.957690179 92.287628174
0.953580022 -0.012597421 0.300875992 3.516746521 0.007074813 0.999786019 0.019437654 -2.129599810 -0.301056474 -0.016406717 0.953465164 92.808700562
0.949250698 -0.013177232 0.314244211 3.725730896 0.007575156 0.999789953 0.019041693 -2.133892059 -0.314429164 -0.015694890 0.949151158 93.349487305
0.945386827 -0.012674155 0.325703859 3.874855042 0.006571282 0.999781728 0.019830853 -2.153737068 -0.325884104 -0.016607538 0.945263743 93.771408081
0.941172063 -0.013275295 0.337666541 4.099418640 0.006939446 0.999776661 0.019963825 -2.155431271 -0.337856084 -0.016446179 0.941054106 94.191909790
0.935008466 -0.011725330 0.354431540 4.271659851 0.005987724 0.999832749 0.017280620 -2.028385639 -0.354574859 -0.014035287 0.934922278 95.115211487
0.930253804 -0.012341968 0.366709173 4.493240356 0.006469856 0.999830544 0.017237823 -2.028958797 -0.366859794 -0.013662994 0.930175900 95.626045227
0.925814211 -0.011470230 0.377804905 4.716215134 0.005502179 0.999842465 0.016872276 -2.034863949 -0.377938926 -0.013541841 0.925731421 96.144889832
0.920583963 -0.013382304 0.390315413 4.964399338 0.006813504 0.999810994 0.018209303 -2.055618525 -0.390485287 -0.014103776 0.920501173 96.603431702
0.915097833 -0.013455502 0.403007179 5.231626511 0.007246057 0.999830425 0.016928652 -2.045262814 -0.403166592 -0.012571163 0.915040195 97.107299805
0.909893274 -0.013799501 0.414612859 5.458282471 0.007296340 0.999824405 0.017264746 -2.052569866 -0.414778233 -0.012683921 0.909834146 97.588485718
0.903549671 -0.013764629 0.428262383 5.719192505 0.007143403 0.999828935 0.017063964 -2.051283360 -0.428424001 -0.012358889 0.903493226 98.085037231
0.895076573 -0.008835695 0.445824951 5.856758118 0.001304968 0.999851286 0.017195839 -2.025896311 -0.445910573 -0.014809806 0.894954979 98.608093262
0.889051437 -0.009253384 0.457713664 6.128482819 0.001686359 0.999855161 0.016938062 -2.031130314 -0.457804084 -0.014286942 0.888938308 99.087577820
0.883207858 -0.009730141 0.468880951 6.410354614 0.001974574 0.999853075 0.017029380 -2.036567688 -0.468977779 -0.014114643 0.883097172 99.574302673
0.876220703 -0.010273016 0.481800675 6.671669006 0.002207036 0.999847829 0.017305089 -2.030911207 -0.481905133 -0.014099726 0.876109958 99.986801147
