1.000000000 0.000000000 0.000000000 0.000000000 0.000000000 1.000000000 0.000000000 0.000000000 0.000000000 0.000000000 1.000000000 0.000000000
1.000000000 -0.000097995 0.000077911 -0.001105138 0.000097989 1.000000000 0.000073391 -0.000642751 -0.000077918 -0.000073383 1.000000000 -0.000026606
1.000000000 -0.000095116 -0.000014554 -0.000135206 0.000095117 1.000000000 0.000042559 -0.000760807 0.000014550 -0.000042560 1.000000000 -0.000681462
1.000000000 0.000028530 0.000168660 -0.001846484 -0.000028546 1.000000000 0.000092359 -0.000675655 -0.000168658 -0.000092364 1.000000000 -0.000764123
1.000000000 -0.000170796 -0.000000145 -0.000035793 0.000170796 1.000000000 -0.000016915 0.000135146 0.000000148 0.000016915 1.000000000 -0.000227127
1.000000000 0.000035469 0.000113967 -0.001579573 -0.000035474 1.000000000 0.000044612 -0.000500746 -0.000113966 -0.000044616 1.000000000 -0.000315074
1.000000000 0.000076986 0.000070081 -0.001325962 -0.000076983 1.000000000 -0.000039002 -0.000101685 -0.000070084 0.000038997 1.000000000 -0.000383647
1.000000000 0.000088300 0.000163647 -0.001367229 -0.000088302 1.000000000 0.000012980 -0.000959646 -0.000163646 -0.000012994 1.000000000 -0.000394185
1.000000000 0.000119481 0.000161030 -0.001845296 -0.000119501 1.000000000 0.000120707 -0.000813325 -0.000161015 -0.000120727 1.000000000 0.000848343
1.000000000 0.000046069 0.000167243 -0.001440873 -0.000046085 1.000000000 0.000092107 -0.000564202 -0.000167238 -0.000092114 1.000000000 0.000429458
1.000000000 0.000095510 0.000165390 -0.001562904 -0.000095516 1.000000000 0.000031081 -0.001108675 -0.000165387 -0.000031097 1.000000000 -0.000588374
1.000000000 0.000026901 0.000116131 -0.000862996 -0.000026902 1.000000000 0.000011725 0.000023866 -0.000116130 -0.000011729 1.000000000 0.000378606
1.000000000 0.000154018 0.000131336 -0.001706106 -0.000154007 1.000000000 -0.000085804 0.000858145 -0.000131349 0.000085784 1.000000000 0.000842521
1.000000000 0.000105102 0.000136471 -0.001733589 -0.000105107 1.000000000 0.000039193 -0.000060178 -0.000136466 -0.000039208 1.000000000 0.000110011
0.999999940 0.000262598 0.000194420 -0.002351225 -0.000262587 0.999999940 -0.000059476 0.001399738 -0.000194435 0.000059425 1.000000000 0.001309824
0.999999940 0.000347401 0.000210639 -0.002670902 -0.000347393 0.999999940 -0.000042561 0.000801225 -0.000210654 0.000042488 1.000000000 0.002042226
0.999999940 0.000237168 0.000270320 -0.002524466 -0.000237163 1.000000000 -0.000018031 0.001421209 -0.000270324 0.000017967 0.999999940 0.002326272
0.999999940 0.000204938 0.000286657 -0.002486665 -0.000204922 1.000000000 -0.000057521 0.000642578 -0.000286668 0.000057463 0.999999940 0.000996496
0.999999940 0.000209976 0.000238405 -0.002677827 -0.000209980 1.000000000 0.000014476 0.000254073 -0.000238402 -0.000014526 1.000000000 0.001841915
0.999999940 0.000275347 0.000192465 -0.002101006 -0.000275334 0.999999940 -0.000070258 0.001616368 -0.000192484 0.000070205 1.000000000 0.001890942
0.999999940 0.000260692 0.000200724 -0.002527387 -0.000260687 0.999999940 -0.000022040 0.000617048 -0.000200730 0.000021988 1.000000000 0.002128578
0.999999940 0.000159118 0.000210946 -0.002547992 -0.000159119 1.000000000 0.000007617 0.000597479 -0.000210945 -0.000007651 1.000000000 0.001061624
0.999999881 0.000383074 0.000200303 -0.002684051 -0.000383074 0.999999940 0.000001135 0.001160807 -0.000200303 -0.000001212 1.000000000 0.003023206
0.999999940 0.000273699 0.000249874 -0.002118104 -0.000273708 0.999999940 0.000039084 0.000766099 -0.000249864 -0.000039153 0.999999940 0.001847155
0.999999940 0.000224262 0.000242721 -0.002218756 -0.000224252 1.000000000 -0.000041341 0.002053632 -0.000242731 0.000041287 0.999999940 0.003061452
0.999999940 0.000322760 0.000241222 -0.002404317 -0.000322771 0.999999940 0.000043517 0.001279726 -0.000241208 -0.000043595 0.999999940 0.002465075
0.999999940 0.000331835 0.000132467 -0.002294854 -0.000331821 0.999999940 -0.000103800 0.001912933 -0.000132502 0.000103756 1.000000000 0.001230067
0.999999940 0.000265878 0.000141825 -0.001842543 -0.000265862 0.999999940 -0.000113199 0.001771074 -0.000141855 0.000113162 1.000000000 0.000623623
0.999999881 0.000334221 0.000275439 -0.002537516 -0.000334220 0.999999940 -0.000001832 0.000060286 -0.000275439 0.000001740 0.999999940 0.001131260
0.999999940 0.000202838 0.000319971 -0.003115984 -0.000202839 1.000000000 0.000002469 0.000490485 -0.000319970 -0.000002534 0.999999940 0.001851622
0.999999940 0.000330761 0.000202671 -0.002239222 -0.000330746 0.999999940 -0.000075306 0.001365891 -0.000202696 0.000075239 1.000000000 0.002427496
0.999999881 0.000399216 0.000235544 -0.002043019 -0.000399211 0.999999940 -0.000018672 0.000356856 -0.000235552 0.000018578 1.000000000 0.000003107
0.999999881 0.000386780 0.000301307 -0.003168921 -0.000386775 0.999999940 -0.000017462 0.001147645 -0.000301313 0.000017345 0.999999940 0.002451915
0.999999881 0.000400044 0.000257508 -0.001836436 -0.000400024 0.999999940 -0.000077936 0.000610479 -0.000257539 0.000077833 0.999999940 0.001204976
0.999999940 0.000320275 0.000218342 -0.003096787 -0.000320274 0.999999940 -0.000007712 0.001225645 -0.000218344 0.000007642 1.000000000 0.000925390
0.999999940 0.000367278 0.000191106 -0.002362120 -0.000367264 0.999999940 -0.000076955 0.001915349 -0.000191135 0.000076884 1.000000000 0.001393486
0.999999881 0.000419876 0.000297843 -0.003329836 -0.000419871 0.999999940 -0.000015234 0.001001941 -0.000297849 0.000015109 0.999999940 0.001783980
0.999999881 0.000376348 0.000199540 -0.001289066 -0.000376351 0.999999940 0.000015491 0.001075928 -0.000199534 -0.000015566 1.000000000 0.000249337
0.999999940 0.000222977 0.000186431 -0.001474455 -0.000222963 1.000000000 -0.000073886 0.000323821 -0.000186448 0.000073844 1.000000000 0.000296000
0.999999881 0.000456085 0.000236863 -0.000849203 -0.000455942 0.999999702 -0.000600764 -0.002251912 -0.000237136 0.000600656 0.999999821 0.049532272
0.999999940 0.000387443 0.000282634 0.000052397 -0.000387112 0.999999225 -0.001169560 -0.003875588 -0.000283086 0.001169450 0.999999344 0.140534714
0.999999523 0.000871541 0.000229055 -0.002637450 -0.000871391 0.999999344 -0.000656590 -0.021996805 -0.000229627 0.000656390 0.999999762 0.243248820
0.999999464 0.000978928 0.000292076 0.000006195 -0.000978752 0.999999344 -0.000603597 -0.024618233 -0.000292667 0.000603311 0.999999762 0.375046462
0.999999166 0.001086096 0.000656706 0.007773003 -0.001085888 0.999999344 -0.000316305 -0.024430027 -0.000657049 0.000315592 0.999999762 0.522073507
0.999999344 0.000878651 0.000719432 0.010646381 -0.000878503 0.999999642 -0.000206635 -0.029497841 -0.000719613 0.000206003 0.999999762 0.672815561
0.999999702 0.000708072 0.000373166 0.018787861 -0.000708083 0.999999762 0.000029416 -0.035285570 -0.000373145 -0.000029680 0.999999940 0.837894619
0.999999285 0.001078952 0.000557767 0.018314129 -0.001078950 0.999999404 -0.000004215 -0.038283508 -0.000557771 0.000003613 0.999999881 1.006045938
0.999999702 0.000787677 0.000259194 0.024519125 -0.000787687 0.999999702 0.000038491 -0.043505676 -0.000259163 -0.000038695 1.000000000 1.179126382
0.999998987 0.001312782 0.000532992 0.022315888 -0.001312949 0.999999106 0.000313000 -0.046610430 -0.000532581 -0.000313700 0.999999821 1.367757440
0.999998331 0.001774180 0.000470434 0.025591586 -0.001774307 0.999998391 0.000270324 -0.050301995 -0.000469953 -0.000271158 0.999999881 1.556483626
0.999999344 0.000918976 0.000661228 0.030968608 -0.000919509 0.999999225 0.000805703 -0.066256464 -0.000660487 -0.000806311 0.999999464 1.748607039
0.999999285 0.000907072 0.000762281 0.034628205 -0.000907692 0.999999285 0.000813067 -0.065638483 -0.000761543 -0.000813758 0.999999404 1.950793743
0.999999344 0.000863380 0.000719340 0.037514962 -0.000864054 0.999999166 0.000937322 -0.072675996 -0.000718530 -0.000937943 0.999999285 2.154904604
0.999999523 0.000617065 0.000718689 0.044605475 -0.000617744 0.999999285 0.000943932 -0.078267857 -0.000718106 -0.000944375 0.999999225 2.371839523
0.999999166 0.000992360 0.000781065 0.048245832 -0.000992953 0.999999225 0.000759470 -0.082646653 -0.000780310 -0.000760244 0.999999404 2.596217632
0.999999106 0.001182350 0.000567617 0.056510761 -0.001182994 0.999998629 0.001134181 -0.096880049 -0.000566275 -0.001134851 0.999999225 2.819251537
0.999999285 0.001040259 0.000421985 0.061796088 -0.001040770 0.999998689 0.001211918 -0.100786470 -0.000420723 -0.001212357 0.999999225 3.060204268
0.999999225 0.000914359 0.000844134 0.066562727 -0.000915504 0.999998689 0.001356913 -0.108869001 -0.000842892 -0.001357685 0.999998748 3.296888828
0.999999046 0.000987793 0.000994830 0.071185224 -0.000989214 0.999998629 0.001428730 -0.116251566 -0.000993417 -0.001429713 0.999998450 3.540332079
0.999998510 0.001340476 0.001117590 0.076720633 -0.001342027 0.999998152 0.001388078 -0.120386615 -0.001115727 -0.001389576 0.999998391 3.801357508
0.999998271 0.001484298 0.001077888 0.081904627 -0.001485810 0.999997914 0.001403850 -0.128581896 -0.001075802 -0.001405449 0.999998450 4.053385258
0.999997616 0.001796238 0.001168363 0.087040216 -0.001797723 0.999997556 0.001271615 -0.132553324 -0.001166076 -0.001273712 0.999998510 4.311083317
0.999998689 0.001167468 0.001214174 0.092758335 -0.001169357 0.999998093 0.001556140 -0.141433477 -0.001212355 -0.001557557 0.999998093 4.570834160
0.999998569 0.001482108 0.000841623 0.101707153 -0.001483057 0.999998271 0.001127443 -0.144226387 -0.000839950 -0.001128690 0.999998987 4.820898056
0.999998569 0.001597416 0.000646632 0.109037295 -0.001598226 0.999997973 0.001253998 -0.151328936 -0.000644628 -0.001255029 0.999998927 5.079987526
0.999998033 0.001514547 0.001259856 0.106538199 -0.001516052 0.999998152 0.001194346 -0.159260780 -0.001258044 -0.001196254 0.999998510 5.335468769
0.999998093 0.001376489 0.001376121 0.105527624 -0.001378464 0.999997973 0.001435517 -0.171340242 -0.001374142 -0.001437412 0.999998033 5.605413437
0.999997497 0.001544557 0.001577342 0.104087979 -0.001547198 0.999997318 0.001674303 -0.179230779 -0.001574752 -0.001676740 0.999997377 5.873713970
0.999997437 0.001809949 0.001297399 0.110729963 -0.001811810 0.999997258 0.001434643 -0.186773553 -0.001294798 -0.001436990 0.999998152 6.153607368
0.999996424 0.002074227 0.001642559 0.114267364 -0.002076837 0.999996543 0.001588710 -0.193706959 -0.001639258 -0.001592116 0.999997437 6.440787315
0.999996901 0.001742391 0.001833334 0.122512557 -0.001745330 0.999997199 0.001602369 -0.201988876 -0.001830537 -0.001605564 0.999997020 6.728590012
0.999996066 0.002087799 0.001825599 0.128970325 -0.002089869 0.999997199 0.001132341 -0.203029931 -0.001823230 -0.001136152 0.999997675 7.033186436
0.999997020 0.001572709 0.001860625 0.134135351 -0.001575352 0.999997675 0.001420079 -0.214536652 -0.001858388 -0.001423006 0.999997199 7.330677509
0.999997318 0.001358497 0.001901325 0.139824539 -0.001360975 0.999998212 0.001302606 -0.223769680 -0.001899552 -0.001305190 0.999997318 7.632983208
0.999996483 0.001866868 0.001844481 0.151997000 -0.001869404 0.999997318 0.001374140 -0.231535435 -0.001841910 -0.001377583 0.999997318 7.953644276
0.999996305 0.001677216 0.002102221 0.153457567 -0.001680772 0.999997139 0.001690961 -0.246047616 -0.002099379 -0.001694488 0.999996305 8.271398544
0.999996543 0.001310667 0.002281223 0.161945626 -0.001314116 0.999997914 0.001510701 -0.253745884 -0.002279238 -0.001513693 0.999996245 8.596237183
0.999994636 0.001999394 0.002569441 0.163739964 -0.002003041 0.999996960 0.001417779 -0.259504646 -0.002566598 -0.001422919 0.999995708 8.923520088
0.999995708 0.001900917 0.002192062 0.173828632 -0.001903957 0.999997139 0.001385374 -0.272583216 -0.002189422 -0.001389542 0.999996662 9.262748718
0.999995530 0.002057654 0.002214195 0.186045572 -0.002061883 0.999996066 0.001909318 -0.285365939 -0.002210257 -0.001913875 0.999995708 9.603318214
0.999996126 0.001792664 0.002126663 0.194350332 -0.001797473 0.999995887 0.002261380 -0.295612961 -0.002122600 -0.002265194 0.999995172 9.958141327
0.999994278 0.002591533 0.002145163 0.194773853 -0.002595247 0.999995053 0.001730529 -0.303323925 -0.002140668 -0.001736087 0.999996185 10.307948112
0.999994636 0.002416358 0.002195216 0.207551584 -0.002420228 0.999995530 0.001762112 -0.311960638 -0.002190948 -0.001767416 0.999996006 10.661705017
0.999996006 0.001995090 0.002013927 0.212502599 -0.001998800 0.999996364 0.001842086 -0.320574254 -0.002010245 -0.001846104 0.999996305 11.026151657
0.999996126 0.002031992 0.001912556 0.226809025 -0.002035886 0.999995828 0.002036248 -0.333083183 -0.001908410 -0.002040134 0.999996126 11.404690742
0.999993384 0.002877273 0.002212334 0.228064507 -0.002881578 0.999993920 0.001944829 -0.340594351 -0.002206725 -0.001951191 0.999995649 11.773451805
0.999995053 0.002243778 0.002171869 0.241627336 -0.002248766 0.999994814 0.002297063 -0.359603047 -0.002166704 -0.002301936 0.999994993 12.155168533
0.999994636 0.002244770 0.002368509 0.252514631 -0.002250607 0.999994457 0.002464537 -0.372969151 -0.002362963 -0.002469854 0.999994099 12.543820381
0.999993265 0.002562878 0.002630891 0.252652079 -0.002569084 0.999993920 0.002358368 -0.374935120 -0.002624830 -0.002365111 0.999993742 12.950532913
0.999994636 0.002036538 0.002541102 0.265646458 -0.002042217 0.999995410 0.002234285 -0.387869060 -0.002536539 -0.002239463 0.999994278 13.347414970
0.999993145 0.002211240 0.002942814 0.271637261 -0.002218241 0.999994695 0.002378081 -0.398925960 -0.002937540 -0.002384593 0.999992847 13.756456375
0.999992013 0.002712466 0.002926301 0.281222194 -0.002719987 0.999993026 0.002569368 -0.408642858 -0.002919312 -0.002577307 0.999992430 14.167723656
0.999991000 0.002849827 0.003144282 0.289202482 -0.002858040 0.999992490 0.002610902 -0.421019167 -0.003136818 -0.002619865 0.999991715 14.587724686
0.999992371 0.002324283 0.003121810 0.304711789 -0.002331845 0.999994338 0.002420826 -0.432066828 -0.003116165 -0.002428088 0.999992192 15.019698143
0.999993026 0.002070315 0.003082342 0.321456879 -0.002077637 0.999995053 0.002374096 -0.445839405 -0.003077411 -0.002380484 0.999992430 15.446189880
0.999991536 0.001970864 0.003578211 0.328997910 -0.001978590 0.999995708 0.002157002 -0.457962036 -0.003573945 -0.002164064 0.999991298 15.883179665
0.999988675 0.002701685 0.003915824 0.340271890 -0.002711653 0.999993086 0.002542351 -0.465536624 -0.003908928 -0.002552940 0.999989092 16.321041107
0.999988079 0.002765017 0.004015556 0.350087315 -0.002775343 0.999992847 0.002568184 -0.478535891 -0.004008426 -0.002579298 0.999988616 16.772418976
0.999985814 0.003036042 0.004365337 0.364132881 -0.003047622 0.999991834 0.002648687 -0.500439167 -0.004357261 -0.002661953 0.999986947 17.213527679
0.999985039 0.002886103 0.004648096 0.377468705 -0.002900480 0.999991000 0.003089379 -0.514565229 -0.004639138 -0.003102815 0.999984443 17.672496796
0.999982476 0.002804838 0.005200259 0.388938129 -0.002818712 0.999992430 0.002662749 -0.524023354 -0.005192751 -0.002677361 0.999982953 18.139366150
0.999985039 0.002631070 0.004795547 0.405982882 -0.002641290 0.999994278 0.002126111 -0.530032873 -0.004789925 -0.002138746 0.999986231 18.613372803
0.999984086 0.002569560 0.005027796 0.418678999 -0.002582726 0.999993205 0.002613936 -0.552164972 -0.005021046 -0.002626880 0.999983966 19.067054749
0.999980628 0.003315610 0.005265447 0.429378152 -0.003327411 0.999991953 0.002234077 -0.563674629 -0.005257998 -0.002251554 0.999983609 19.542146683
0.999981463 0.003381050 0.005058209 0.438967645 -0.003394244 0.999990821 0.002602180 -0.575526357 -0.005049365 -0.002619300 0.999983847 20.031597137
0.999978781 0.003301484 0.005614433 0.445128530 -0.003317985 0.999990344 0.002932393 -0.602724969 -0.005604696 -0.002950960 0.999979913 20.503389359
0.999984443 0.002990906 0.004700390 0.463496566 -0.003004205 0.999991417 0.002824877 -0.614568770 -0.004691901 -0.002838954 0.999984920 21.013053894
0.999989390 0.002701261 0.003730413 0.476827174 -0.002711653 0.999992430 0.002783467 -0.624519587 -0.003722865 -0.002793553 0.999989152 21.521234512
0.999984443 0.003462943 0.004376868 0.479959488 -0.003475848 0.999989569 0.002944325 -0.640946031 -0.004366626 -0.002959493 0.999986112 22.021015167
0.999986291 0.003412919 0.003961145 0.491043746 -0.003425819 0.999988854 0.003254530 -0.655888617 -0.003949993 -0.003268056 0.999986827 22.523303986
0.999990344 0.003316356 0.002878269 0.507647991 -0.003324934 0.999989986 0.002980656 -0.670260429 -0.002868356 -0.002990197 0.999991357 23.059394836
0.999994338 0.002642057 0.002085159 0.520834386 -0.002647918 0.999992549 0.002812791 -0.686307073 -0.002077712 -0.002818296 0.999993861 23.589817047
0.999997556 0.001379168 0.001735611 0.526876211 -0.001384405 0.999994516 0.003019701 -0.705146611 -0.001731437 -0.003022096 0.999993920 24.113550186
0.999995649 0.002538383 0.001595280 0.537402987 -0.002543366 0.999991894 0.003129288 -0.719083488 -0.001587324 -0.003133331 0.999993861 24.654972076
0.999995470 0.002837915 0.001008780 0.552231908 -0.002841035 0.999991119 0.003104256 -0.732857764 -0.000999962 -0.003107108 0.999994636 25.192161560
0.999993801 0.003441456 0.000659396 0.554164112 -0.003443410 0.999989569 0.002984944 -0.743249774 -0.000649117 -0.002987196 0.999995351 25.735084534
0.999994993 0.003170860 0.000095551 0.567982733 -0.003171124 0.999990761 0.002908220 -0.759746790 -0.000086328 -0.002908508 0.999995768 26.286464691
0.999994636 0.003260064 0.000242003 0.580500364 -0.003260775 0.999990106 0.002997134 -0.762005568 -0.000232230 -0.002997907 0.999995410 26.866027832
0.999996126 0.002671102 -0.000762730 0.596307814 -0.002668568 0.999991119 0.003303142 -0.791523814 0.000771547 -0.003301094 0.999994278 27.398061752
0.999995708 0.002640962 -0.001237724 0.605726898 -0.002637176 0.999991834 0.003051433 -0.803499579 0.001245773 -0.003048155 0.999994636 27.956151962
0.999992967 0.003756976 -0.000080146 0.607036471 -0.003756675 0.999986887 0.003470910 -0.816964030 0.000093185 -0.003470584 0.999993980 28.520732880
0.999992430 0.003864468 -0.000238634 0.618012846 -0.003863513 0.999985039 0.003876862 -0.844220519 0.000253612 -0.003875911 0.999992430 29.066337585
0.999990880 0.004239131 -0.000501131 0.625710547 -0.004237297 0.999984503 0.003604351 -0.856090128 0.000516402 -0.003602195 0.999993384 29.614507675
0.999992013 0.003843149 -0.001090948 0.644378483 -0.003838800 0.999984801 0.003960365 -0.869237900 0.001106152 -0.003956146 0.999991477 30.151121140
0.999988019 0.004608036 -0.001596492 0.654505074 -0.004603106 0.999984622 0.003077612 -0.871590912 0.001610649 -0.003070226 0.999993920 30.707988739
0.999987960 0.004355394 -0.002273273 0.686937332 -0.004347096 0.999983847 0.003642059 -0.899584115 0.002289099 -0.003632133 0.999990761 31.236228943
0.999980271 0.005588753 -0.002864994 0.692044318 -0.005578507 0.999978006 0.003572078 -0.908824921 0.002884894 -0.003556025 0.999989510 31.786119461
0.999986768 0.004019463 -0.003193640 0.713297725 -0.004006017 0.999983132 0.004205423 -0.933923185 0.003210490 -0.004192573 0.999986053 32.302249908
0.999985635 0.004539559 -0.002879331 0.709476233 -0.004529092 0.999983191 0.003631311 -0.933121443 0.002895767 -0.003618218 0.999989271 32.903148651
0.999985337 0.004068680 -0.003572732 0.752372563 -0.004053801 0.999983072 0.004161824 -0.925565124 0.003589605 -0.004147280 0.999984980 33.422718048
0.999987483 0.003928565 -0.003085966 0.732707083 -0.003916102 0.999984145 0.004034570 -0.965412498 0.003101768 -0.004022435 0.999987066 33.972805023
0.999983490 0.004494682 -0.003576922 0.751285613 -0.004479584 0.999981046 0.004218215 -0.961267054 0.003595813 -0.004202122 0.999984622 34.490280151
0.999980748 0.004316709 -0.004436477 0.766636074 -0.004298297 0.999982119 0.004151455 -0.982339382 0.004454318 -0.004132306 0.999981523 35.007881165
0.999985635 0.004030845 -0.003524709 0.747224808 -0.004016704 0.999983907 0.004009697 -1.007960081 0.003540814 -0.003995481 0.999985754 35.574634552
0.999978065 0.004054365 -0.005235357 0.796924889 -0.004033264 0.999983728 0.004034809 -0.998504162 0.005251630 -0.004013604 0.999978065 36.132820129
0.999979794 0.005178320 -0.003691272 0.792174697 -0.005162115 0.999977052 0.004386150 -1.037975788 0.003713899 -0.004367006 0.999983490 36.708446503
0.999984801 0.004359496 -0.003382237 0.776125908 -0.004348210 0.999984920 0.003337421 -1.046372652 0.003396736 -0.003322664 0.999988735 37.267532349
0.999977291 0.005806471 -0.003420804 0.771996975 -0.005790764 0.999972701 0.004584009 -1.067126632 0.003447328 -0.004564096 0.999983668 37.769512177
0.999974430 0.005549216 -0.004514795 0.785364032 -0.005530195 0.999975860 0.004214573 -1.077450871 0.004538074 -0.004189497 0.999980986 38.322463989
0.999981523 0.003933494 -0.004621999 0.825507998 -0.003916139 0.999985278 0.003757947 -1.089590073 0.004636712 -0.003739777 0.999982238 38.865139008
0.999977529 0.004205572 -0.005225890 0.830047429 -0.004185186 0.999983609 0.003905876 -1.090726733 0.005242231 -0.003883916 0.999978721 39.410362244
0.999978065 0.003637322 -0.005551949 0.860307336 -0.003618894 0.999987841 0.003325751 -1.111646891 0.005563980 -0.003305586 0.999979079 39.928455353
0.999978781 0.004016826 -0.005133227 0.836224318 -0.003998912 0.999985874 0.003495246 -1.116352320 0.005147194 -0.003474645 0.999980688 40.456153870
0.999980927 0.003974597 -0.004729754 0.844186962 -0.003960719 0.999987781 0.002940238 -1.125034928 0.004741383 -0.002921449 0.999984443 41.014827728
0.999978721 0.004789573 -0.004415521 0.847287595 -0.004773556 0.999981940 0.003630931 -1.110972881 0.004432833 -0.003609775 0.999983609 41.531032562
0.999980032 0.003982337 -0.004901378 0.859220922 -0.003966456 0.999986827 0.003245647 -1.149411082 0.004914240 -0.003226141 0.999982715 42.114063263
0.999976277 0.004707521 -0.005032785 0.875858307 -0.004689511 0.999982595 0.003584682 -1.137466669 0.005049572 -0.003560995 0.999980867 42.617370605
0.999976397 0.005025486 -0.004686899 0.868197322 -0.005007328 0.999979913 0.003878312 -1.182340860 0.004706295 -0.003854752 0.999981523 43.159645081
0.999974966 0.004707162 -0.005284511 0.895776749 -0.004689678 0.999983490 0.003316123 -1.147085786 0.005300034 -0.003291257 0.999980569 43.726566315
0.999988735 0.002414982 -0.004069529 0.863760173 -0.002402481 0.999992371 0.003074323 -1.229716301 0.004076923 -0.003064512 0.999987006 44.289833069
0.999981403 0.002705018 -0.005451330 0.889067590 -0.002683753 0.999988735 0.003904323 -1.247166872 0.005461829 -0.003889620 0.999977529 44.809913635
0.999977529 0.004131365 -0.005278267 0.890306592 -0.004111106 0.999984145 0.003843375 -1.282278419 0.005294061 -0.003821589 0.999978662 45.379993439
0.999974728 0.004625649 -0.005404959 0.895786762 -0.004609082 0.999984682 0.003073886 -1.288641930 0.005419095 -0.003048896 0.999980688 45.923961639
0.999985933 0.002041847 -0.004895164 0.895506680 -0.002030808 0.999995530 0.002258953 -1.280471802 0.004899753 -0.002248981 0.999985456 46.508529663
0.999979913 0.002990797 -0.005584389 0.904263020 -0.002977292 0.999992609 0.002425224 -1.298407316 0.005591603 -0.002408549 0.999981463 47.025783539
0.999973357 0.005192997 -0.005114000 0.912717402 -0.005172661 0.999978721 0.003981735 -1.319077253 0.005134568 -0.003955176 0.999979019 47.591709137
0.999985158 0.002042672 -0.005050485 0.915939212 -0.002032047 0.999995708 0.002108145 -1.320167065 0.005054772 -0.002097851 0.999985039 48.155364990
0.999983907 0.003023541 -0.004799983 0.921731114 -0.003014565 0.999993682 0.001876200 -1.334279180 0.004805626 -0.001861700 0.999986708 48.677665710
0.999985099 0.002685582 -0.004749176 0.927558661 -0.002676325 0.999994516 0.001954576 -1.350920439 0.004754397 -0.001941837 0.999986827 49.228237152
0.999984384 0.002261351 -0.005102970 0.934638441 -0.002253709 0.999996305 0.001502621 -1.358867764 0.005106353 -0.001491097 0.999985874 49.791004181
0.999978781 0.002618037 -0.005951217 0.959967256 -0.002607265 0.999994934 0.001817229 -1.379839301 0.005955942 -0.001801674 0.999980628 50.296024323
0.999982297 0.002785184 -0.005250256 0.956534624 -0.002773269 0.999993622 0.002275376 -1.403459549 0.005256558 -0.002260776 0.999983609 50.817424774
0.999981880 0.002916882 -0.005261410 0.956733704 -0.002907337 0.999994099 0.001820791 -1.431138873 0.005266690 -0.001805461 0.999984503 51.383930206
0.999985337 0.003204842 -0.004388794 0.937735736 -0.003194453 0.999992073 0.002372262 -1.449709773 0.004396362 -0.002358207 0.999987543 51.955997467
0.999982774 0.003536285 -0.004712211 0.978345335 -0.003526143 0.999991477 0.002158978 -1.450241566 0.004719806 -0.002142325 0.999986589 52.511726379
0.999983311 0.003710634 -0.004431305 0.983968556 -0.003702573 0.999991477 0.001825974 -1.472432137 0.004438042 -0.001809536 0.999988496 52.990684509
0.999981701 0.004787435 -0.003694799 0.970852256 -0.004780780 0.999986947 0.001807911 -1.484339714 0.003703406 -0.001790214 0.999991536 53.587539673
0.999982119 0.004032509 -0.004402159 1.004124880 -0.004025417 0.999990582 0.001618262 -1.508544564 0.004408643 -0.001600513 0.999988973 54.143188477
0.999983072 0.004037898 -0.004168161 1.003324389 -0.004030338 0.999990225 0.001820742 -1.516095042 0.004175471 -0.001803913 0.999989629 54.692684174
0.999983430 0.003606454 -0.004475773 1.014294267 -0.003599613 0.999992371 0.001535236 -1.533603311 0.004481276 -0.001519099 0.999988735 55.238471985
0.999981880 0.004453687 -0.004035578 1.025130153 -0.004447434 0.999988914 0.001557283 -1.548541784 0.004042468 -0.001539307 0.999990642 55.781593323
0.999982178 0.003937390 -0.004470893 1.041807652 -0.003929744 0.999990821 0.001717824 -1.562890410 0.004477614 -0.001700224 0.999988556 56.322399139
0.999982655 0.004063089 -0.004260580 1.048998833 -0.004057550 0.999990940 0.001308008 -1.575307012 0.004265855 -0.001290697 0.999990046 56.873809814
0.999983311 0.004063594 -0.004112942 1.051534534 -0.004058735 0.999991000 0.001189210 -1.582659721 0.004117737 -0.001172497 0.999990821 57.414997101
0.999982655 0.004104388 -0.004229791 1.064269781 -0.004098136 0.999990642 0.001485768 -1.608586550 0.004235849 -0.001468408 0.999989867 57.963516235
0.999983370 0.004389616 -0.003737117 1.070580125 -0.004384926 0.999989510 0.001262143 -1.616117239 0.003742619 -0.001245735 0.999992192 58.505779266
0.999982476 0.004581976 -0.003744172 1.077450037 -0.004576705 0.999988556 0.001414714 -1.629855871 0.003750612 -0.001397553 0.999992013 59.053142548
0.999984562 0.004217385 -0.003610302 1.089241624 -0.004212768 0.999990284 0.001284888 -1.652231574 0.003615686 -0.001269659 0.999992669 59.596485138
0.999985814 0.003750952 -0.003785572 1.102077246 -0.003746884 0.999992371 0.001081026 -1.660749912 0.003789598 -0.001066827 0.999992251 60.142131805
0.999983072 0.004497308 -0.003686412 1.106805801 -0.004493298 0.999989331 0.001095084 -1.674091816 0.003691298 -0.001078501 0.999992609 60.693721771
0.999982178 0.004836371 -0.003481414 1.116649866 -0.004832965 0.999987960 0.000985986 -1.690206289 0.003486141 -0.000969143 0.999993443 61.226696014
0.999983966 0.004615865 -0.003286735 1.126398802 -0.004611893 0.999988556 0.001214774 -1.705665350 0.003292305 -0.001199597 0.999993861 61.766254425
0.999983788 0.004794645 -0.003078640 1.134562016 -0.004791916 0.999988139 0.000893159 -1.723549247 0.003082885 -0.000878392 0.999994814 62.303127289
0.999982059 0.005312068 -0.002754095 1.139783502 -0.005309857 0.999985516 0.000808956 -1.737419009 0.002758353 -0.000794318 0.999995887 62.862575531
0.999979615 0.005756640 -0.002751943 1.148722887 -0.005753931 0.999982893 0.000991832 -1.749186397 0.002757606 -0.000975977 0.999995708 63.415203094
0.999979317 0.005828796 -0.002715847 1.156540155 -0.005826815 0.999982715 0.000737382 -1.765440822 0.002720099 -0.000721541 0.999996066 63.957481384
0.999981403 0.005587819 -0.002431684 1.165637732 -0.005585997 0.999984026 0.000755993 -1.782499075 0.002435870 -0.000742395 0.999996722 64.481765747
0.999980152 0.005875234 -0.002275830 1.170102358 -0.005873722 0.999982536 0.000670842 -1.795164704 0.002279731 -0.000657461 0.999997199 65.020317078
0.999980688 0.005776824 -0.002300826 1.183548570 -0.005775360 0.999983132 0.000642955 -1.808890104 0.002304501 -0.000629655 0.999997139 65.555953979
0.999980032 0.005987930 -0.002063789 1.190254211 -0.005986967 0.999982059 0.000473127 -1.828218102 0.002066586 -0.000460761 0.999997795 66.084449768
0.999981344 0.005810149 -0.001840665 1.203528404 -0.005809778 0.999983072 0.000206358 -1.838404059 0.001841834 -0.000195660 0.999998271 66.657920837
0.999982417 0.005555120 -0.002058342 1.219115376 -0.005553864 0.999984384 0.000616034 -1.860939622 0.002061731 -0.000604591 0.999997675 67.202194214
0.999983370 0.005433916 -0.001892676 1.230403185 -0.005433633 0.999985218 0.000154623 -1.871756792 0.001893489 -0.000144337 0.999998212 67.760177612
0.999981463 0.005842320 -0.001698465 1.237526894 -0.005841992 0.999982893 0.000197329 -1.890461087 0.001699589 -0.000187403 0.999998510 68.300781250
0.999981582 0.005782990 -0.001809113 1.250830889 -0.005783281 0.999983191 -0.000155589 -1.903259039 0.001808183 0.000166048 0.999998271 68.855789185
0.999978602 0.006334086 -0.001652164 1.254546762 -0.006334480 0.999979854 -0.000234886 -1.916540980 0.001650643 0.000245346 0.999998629 69.404991150
0.999978781 0.006308271 -0.001631722 1.269461155 -0.006309296 0.999979913 -0.000623242 -1.932348967 0.001627757 0.000633524 0.999998450 69.957504272
0.999981582 0.005895979 -0.001429377 1.280226350 -0.005896959 0.999982297 -0.000682921 -1.948103070 0.001425325 0.000691338 0.999998689 70.503341675
0.999980628 0.006046210 -0.001492450 1.290772319 -0.006047487 0.999981284 -0.000852383 -1.964041471 0.001487268 0.000861392 0.999998510 71.053886414
0.999981046 0.005904232 -0.001735404 1.309000492 -0.005905787 0.999982178 -0.000892421 -1.976504087 0.001730104 0.000902653 0.999998093 71.636856079
0.999984205 0.005284594 -0.001888175 1.321714044 -0.005286949 0.999985218 -0.001244090 -1.989035249 0.001881573 0.001254053 0.999997377 72.202758789
0.999984801 0.005267336 -0.001635652 1.318037271 -0.005269108 0.999985516 -0.001082419 -2.006760120 0.001629927 0.001091021 0.999998033 72.768981934
0.999987841 0.004181785 -0.002657664 1.349690318 -0.004184715 0.999990642 -0.001097037 -2.022121668 0.002653051 0.001108145 0.999995887 73.320533752
0.999981761 0.005549046 -0.002379161 1.351120472 -0.005551718 0.999983966 -0.001118655 -2.036812782 0.002372916 0.001131843 0.999996543 73.874221802
0.999982059 0.005694957 -0.001817146 1.361567974 -0.005697227 0.999982953 -0.001246394 -2.049877167 0.001810016 0.001256724 0.999997556 74.414237976
0.999982297 0.005656385 -0.001803144 1.380786180 -0.005658672 0.999983191 -0.001265763 -2.063492537 0.001795954 0.001275944 0.999997556 74.956184387
0.999980986 0.005993425 -0.001461458 1.387559891 -0.005995953 0.999980450 -0.001730470 -2.078321695 0.001451059 0.001739199 0.999997437 75.521362305
0.999983966 0.005341914 -0.001892470 1.387853026 -0.005343989 0.999985099 -0.001093243 -2.106139898 0.001886602 0.001103338 0.999997616 76.031433105
0.999980748 0.005868236 -0.001981946 1.396258116 -0.005870950 0.999981761 -0.001366884 -2.122714281 0.001973889 0.001378494 0.999997079 76.603889465
0.999985933 0.004966128 -0.001849788 1.387413979 -0.004969732 0.999985695 -0.001948658 -2.137082100 0.001840084 0.001957823 0.999996364 77.165885925
0.999980986 0.006062981 -0.001052169 1.387755394 -0.006064599 0.999980450 -0.001541045 -2.157882690 0.001042805 0.001547397 0.999998212 77.680923462
0.999980509 0.006197470 -0.000790611 1.389148951 -0.006198967 0.999978900 -0.001906336 -2.170917749 0.000778780 0.001911200 0.999997854 78.255340576
0.999981582 0.005993078 -0.000900373 1.397733688 -0.005994687 0.999980330 -0.001795866 -2.189151049 0.000889592 0.001801230 0.999997914 78.800163269
0.999980509 0.006231733 -0.000437186 1.401297212 -0.006232555 0.999978721 -0.001903295 -2.200381994 0.000425317 0.001905983 0.999998093 79.420677185
0.999982119 0.005959960 -0.000447788 1.421055079 -0.005960479 0.999981582 -0.001166784 -2.230713129 0.000440827 0.001169432 0.999999225 79.955604553
0.999978721 0.006474272 -0.000774989 1.428829670 -0.006476214 0.999975741 -0.002529715 -2.216969013 0.000758591 0.002534681 0.999996424 80.440483093
0.999973536 0.007243514 0.000658750 1.449624658 -0.007241914 0.999970913 -0.002399237 -2.227973223 -0.000676110 0.002394403 0.999996901 80.979072571
0.999974370 0.006883867 0.001925440 1.458214521 -0.006878495 0.999972463 -0.002783181 -2.250892639 -0.001944546 0.002769866 0.999994278 81.563171387
0.999974191 0.006618074 0.002786153 1.479681492 -0.006610976 0.999974906 -0.002548737 -2.269487143 -0.002802951 0.002530253 0.999992847 82.114875793
0.999969780 0.006546626 0.004181169 1.478657603 -0.006535455 0.999975026 -0.002680254 -2.278358221 -0.004198610 0.002652847 0.999987662 82.609008789
0.999949753 0.006496139 0.007649472 1.505329609 -0.006476730 0.999975681 -0.002559156 -2.302984476 -0.007665912 0.002509483 0.999967456 83.173095703
0.999921203 0.005517113 0.011275902 1.520431280 -0.005484645 0.999980748 -0.002908266 -2.305216551 -0.011291731 0.002846193 0.999932110 83.676673889
0.999875546 0.006011333 0.014583641 1.537149787 -0.005975389 0.999979019 -0.002507039 -2.321367264 -0.014598405 0.002419584 0.999890447 84.213775635
0.999801993 0.006629332 0.018762648 1.558543444 -0.006576724 0.999974191 -0.002864127 -2.331765413 -0.018781152 0.002740162 0.999819875 84.759948730
0.999612391 0.008292763 0.026575528 1.548602581 -0.008209391 0.999960959 -0.003244735 -2.346545219 -0.026601400 0.003025308 0.999641538 85.311416626
0.999479055 0.006868362 0.031534925 1.619261861 -0.006774144 0.999972224 -0.003093622 -2.365448475 -0.031555299 0.002878388 0.999497890 85.825950623
0.999257207 0.007383130 0.037822884 1.638244748 -0.007288605 0.999969900 -0.002636385 -2.385900021 -0.037841212 0.002358750 0.999280989 86.331535339
0.998943329 0.006214794 0.045536388 1.685852766 -0.006052574 0.999974787 -0.003699428 -2.390767336 -0.045558237 0.003419907 0.998955786 86.870742798
0.998510063 0.006648281 0.054161843 1.728874683 -0.006454853 0.999972105 -0.003745447 -2.413516045 -0.054185241 0.003390259 0.998525143 87.401412964
0.998074055 0.006509313 0.061690386 1.772852182 -0.006283073 0.999972761 -0.003860600 -2.426703453 -0.061713833 0.003465559 0.998087883 87.936256409
0.997479320 0.006410741 0.070667431 1.829756260 -0.006138425 0.999972880 -0.004069967 -2.441048384 -0.070691623 0.003625921 0.997491539 88.480873108
0.996716499 0.005771043 0.080764510 1.901756763 -0.005434994 0.999975562 -0.004380059 -2.458001852 -0.080787838 0.003926722 0.996723592 88.978469849
0.995984197 0.005081050 0.089384280 1.962699890 -0.004668706 0.999977410 -0.004821629 -2.466910839 -0.089406773 0.004384958 0.995985568 89.505699158
0.995298684 0.004678254 0.096739240 2.025863171 -0.004233674 0.999979615 -0.004800422 -2.492306232 -0.096759707 0.004368293 0.995298207 90.032424927
0.994256496 0.004633346 0.106922880 2.105251312 -0.004122151 0.999978960 -0.005001492 -2.504647017 -0.106943794 0.004532014 0.994254768 90.544685364
0.993039429 0.005113933 0.117671132 2.184905052 -0.004578446 0.999977827 -0.004820582 -2.519495964 -0.117693186 0.004248276 0.993040919 91.075088501
0.991929591 0.004335181 0.126716003 2.278878212 -0.003757100 0.999981344 -0.004800664 -2.539335251 -0.126734480 0.004285835 0.991927385 91.588058472
0.990358293 0.004526673 0.138455361 2.378884315 -0.003880446 0.999980271 -0.004936982 -2.555646181 -0.138474971 0.004352113 0.990356386 92.096725464
0.988528073 0.004085845 0.150981531 2.481315613 -0.003330195 0.999980569 -0.005257422 -2.576557159 -0.151000068 0.004694311 0.988522589 92.623023987
0.986910224 0.003228322 0.161237940 2.596522331 -0.002444153 0.999984205 -0.005061540 -2.596041918 -0.161251739 0.004601195 0.986902535 93.169448853
0.984998465 0.003702985 0.172522962 2.700705528 -0.002922819 0.999984324 -0.004775913 -2.614664316 -0.172537938 0.004200015 0.984993875 93.701263428
0.982701361 0.003745727 0.185159415 2.819832802 -0.002879413 0.999983609 -0.004947430 -2.637246609 -0.185174942 0.004328696 0.982696056 94.218231201
0.980255485 0.003334565 0.197707117 2.947625160 -0.002420539 0.999985218 -0.004864617 -2.654522657 -0.197720394 0.004290009 0.980249047 94.752014160
0.978105664 0.003013829 0.208087012 3.072402954 -0.001997244 0.999985158 -0.005095305 -2.669489622 -0.208099276 0.004568147 0.978097022 95.280395508
0.975186229 0.003363738 0.221360460 3.218070984 -0.002313460 0.999984860 -0.005003747 -2.689417839 -0.221373916 0.004367476 0.975179255 95.818420410
0.972153425 0.002237276 0.234334528 3.380090714 -0.001123820 0.999987423 -0.004885005 -2.711083651 -0.234342486 0.004485625 0.972143888 96.368820190
0.969322741 0.002867659 0.245774925 3.532581329 -0.001809387 0.999988079 -0.004531567 -2.738306999 -0.245784968 0.003947849 0.969316363 96.864974976
0.966712117 0.001382890 0.255862772 3.703260422 -0.000184220 0.999988914 -0.004708725 -2.756201744 -0.255866438 0.004504846 0.966701627 97.361900330
0.962929428 0.001901316 0.269746661 3.869934082 -0.000849261 0.999991596 -0.004016810 -2.779814959 -0.269752026 0.003638820 0.962922931 97.879821777
0.959521830 0.001217055 0.281631410 4.053733826 0.000081343 0.999989450 -0.004598538 -2.795683622 -0.281633973 0.004435307 0.959511638 98.405807495
0.955970109 0.000881888 0.293462634 4.226924896 0.000421455 0.999990344 -0.004377999 -2.812356472 -0.293463677 0.004308918 0.955960512 98.915527344
0.951625884 0.000356867 0.307258815 4.414848328 0.000982959 0.999990702 -0.004205816 -2.835898876 -0.307257414 0.004304387 0.951616704 99.404510498
0.947150409 0.000422991 0.320789576 4.622461319 0.000986988 0.999990582 -0.004232724 -2.854168653 -0.320788324 0.004325641 0.947141051 99.905952454
0.943279862 0.000163086 0.331998527 4.832422256 0.001513630 0.999987483 -0.004791772 -2.868576527 -0.331995070 0.005022504 0.943267763 100.419517517
0.938585043 -0.000342613 0.345047653 5.034120560 0.001711395 0.999991834 -0.003662333 -2.919273376 -0.345043570 0.004027925 0.938578010 100.909980774
0.933135509 0.000126029 0.359524935 5.239320755 0.000968810 0.999995530 -0.002865058 -2.938335180 -0.359523624 0.003021799 0.933131099 101.409568787
0.928391099 -0.001091506 0.371603012 5.468202591 0.002542583 0.999991000 -0.003414978 -2.948868752 -0.371595919 0.004115267 0.928385496 101.899208069
0.923649669 -0.001469505 0.383235097 5.728321075 0.003109166 0.999988616 -0.003659094 -2.974662781 -0.383225232 0.004571263 0.923643708 102.426597595
0.917438984 -0.001794381 0.397872269 5.963153839 0.003403934 0.999988616 -0.003339117 -2.992139101 -0.397861719 0.004417767 0.917434752 102.920028687
0.911912262 -0.002326278 0.410378635 6.245113373 0.004018796 0.999986529 -0.003261724 -3.019812822 -0.410365582 0.004623634 0.911909401 103.444030762
0.906885266 -0.002959627 0.421367049 6.495429993 0.004813828 0.999982834 -0.003336790 -3.032868862 -0.421349972 0.005054474 0.906884134 103.925292969
0.901074767 -0.002350640 0.433657438 6.738975525 0.003981467 0.999988019 -0.002852455 -3.059074640 -0.433645546 0.004296868 0.901073277 104.402420044
0.894385278 -0.002171285 0.447292387 7.005413055 0.003705050 0.999989927 -0.002554211 -3.068831921 -0.447282314 0.003941688 0.894384146 104.891433716
0.888243198 -0.002915459 0.459364086 7.284206390 0.004567196 0.999986470 -0.002484656 -3.104328871 -0.459350675 0.004304985 0.888244569 105.385856628
0.882507563 -0.003203887 0.470287085 7.558158875 0.004834078 0.999985754 -0.002258767 -3.118252754 -0.470273197 0.004266783 0.882510543 105.849395752
0.874874890 -0.003633723 0.484335363 7.836009979 0.005202906 0.999984682 -0.001895846 -3.138150215 -0.484321058 0.004178578 0.874880373 106.316223145
0.868011951 -0.004021737 0.496526986 8.129409790 0.005832749 0.999980807 -0.002097039 -3.152651310 -0.496509045 0.004716373 0.868018746 106.769218445
0.861286581 -0.003357561 0.508108377 8.427333832 0.005133187 0.999984622 -0.002093324 -3.162199974 -0.508093536 0.004411167 0.861290634 107.258285522
