1.000000000 0.000000000 0.000000000 0.000000000 0.000000000 1.000000000 0.000000000 0.000000000 0.000000000 0.000000000 1.000000000 0.000000000
1.000000000 0.000114978 0.000040043 -0.001491976 -0.000114976 1.000000000 -0.000049729 0.001481814 -0.000040049 0.000049725 1.000000000 0.003452145
1.000000000 0.000117959 0.000018810 -0.000148590 -0.000117959 1.000000000 0.000013618 0.000575757 -0.000018808 -0.000013620 1.000000000 0.003730720
0.999999940 0.000254778 0.000122408 -0.002390666 -0.000254780 0.999999940 0.000013835 0.000680507 -0.000122404 -0.000013866 1.000000000 -0.002494429
1.000000000 0.000132549 0.000041828 -0.000228058 -0.000132548 1.000000000 -0.000024344 0.000664237 -0.000041831 0.000024339 1.000000000 -0.001710540
1.000000000 0.000039856 0.000000626 -0.000128897 -0.000039856 1.000000000 0.000044644 0.000485729 -0.000000624 -0.000044644 1.000000000 0.000392968
1.000000000 0.000015710 0.000039664 -0.001849783 -0.000015709 1.000000000 -0.000037606 0.000978674 -0.000039664 0.000037606 1.000000000 0.001094323
1.000000000 0.000021164 0.000047529 -0.000234091 -0.000021168 1.000000000 0.000069589 0.000706392 -0.000047527 -0.000069590 1.000000000 -0.000051844
1.000000000 -0.000011536 0.000075995 -0.001703126 0.000011536 1.000000000 0.000010076 0.000756702 -0.000075995 -0.000010075 1.000000000 0.002420132
1.000000000 0.000149280 0.000107329 -0.000862735 -0.000149277 1.000000000 -0.000023668 0.000404706 -0.000107333 0.000023652 1.000000000 -0.001579186
1.000000000 0.000167638 0.000111702 -0.000559373 -0.000167643 1.000000000 0.000046389 0.000196977 -0.000111694 -0.000046408 1.000000000 -0.001144990
1.000000000 0.000065153 0.000052303 -0.001837088 -0.000065152 1.000000000 -0.000028073 0.000898308 -0.000052305 0.000028070 1.000000000 -0.002690334
1.000000000 0.000090566 0.000102312 -0.002025857 -0.000090569 1.000000000 0.000034546 0.000700928 -0.000102308 -0.000034556 1.000000000 -0.004318603
1.000000000 -0.000121469 0.000064066 -0.001076802 0.000121467 1.000000000 0.000025799 -0.000281399 -0.000064070 -0.000025792 1.000000000 -0.000406354
1.000000000 0.000064345 0.000067314 -0.000223422 -0.000064344 1.000000000 -0.000018814 0.000757805 -0.000067315 0.000018809 1.000000000 -0.002165826
1.000000000 -0.000011873 0.000050304 -0.000072372 0.000011873 1.000000000 0.000015636 0.000785531 -0.000050304 -0.000015635 1.000000000 -0.003163756
1.000000000 -0.000070389 0.000048088 -0.001799552 0.000070387 1.000000000 0.000034145 0.000236026 -0.000048090 -0.000034141 1.000000000 -0.002251600
1.000000000 0.000066830 0.000127238 -0.001638282 -0.000066837 1.000000000 0.000060190 -0.000925378 -0.000127234 -0.000060199 1.000000000 -0.004095817
1.000000000 0.000101947 0.000064946 0.000016440 -0.000101949 1.000000000 0.000045024 0.001336878 -0.000064941 -0.000045031 1.000000000 -0.004585028
1.000000000 -0.000106040 -0.000004076 -0.000617973 0.000106040 1.000000000 0.000009132 0.000544123 0.000004075 -0.000009133 1.000000000 -0.005849330
1.000000000 0.000049124 0.000057813 -0.000477107 -0.000049126 1.000000000 0.000023435 0.000221921 -0.000057811 -0.000023437 1.000000000 -0.006622788
1.000000000 -0.000063621 0.000008781 -0.000116177 0.000063620 1.000000000 0.000039148 -0.001360139 -0.000008784 -0.000039148 1.000000000 -0.004326344
1.000000000 0.000087645 0.000149459 -0.005426305 -0.000087630 1.000000000 -0.000100051 0.002409320 -0.000149468 0.000100038 1.000000000 0.004350921
1.000000000 0.000016863 0.000029767 0.000388247 -0.000016863 1.000000000 -0.000001773 -0.000057639 -0.000029767 0.000001772 1.000000000 -0.001165272
1.000000000 -0.000040001 0.000103092 -0.002445259 0.000040001 1.000000000 0.000000693 0.001323219 -0.000103092 -0.000000689 1.000000000 0.001306915
1.000000000 -0.000021693 -0.000016193 0.000724997 0.000021693 1.000000000 0.000006290 0.000749920 0.000016193 -0.000006290 1.000000000 -0.003659814
1.000000000 -0.000111273 0.000090760 -0.002684720 0.000111277 1.000000000 -0.000045416 0.001993226 -0.000090754 0.000045427 1.000000000 0.000773010
1.000000000 0.000141921 0.000148914 -0.004316176 -0.000141913 1.000000000 -0.000053498 0.001928905 -0.000148922 0.000053476 1.000000000 0.000056969
1.000000000 -0.000077052 0.000066033 -0.001928537 0.000077047 1.000000000 0.000080180 0.000018143 -0.000066040 -0.000080175 1.000000000 -0.000098519
1.000000000 -0.000053209 0.000079442 -0.004352360 0.000053214 1.000000000 -0.000059411 0.003943486 -0.000079439 0.000059415 1.000000000 0.002199939
1.000000000 -0.000012718 0.000027006 -0.001681912 0.000012719 1.000000000 -0.000037671 0.000815857 -0.000027006 0.000037671 1.000000000 0.001711208
1.000000000 -0.000068598 0.000072172 -0.003223392 0.000068596 1.000000000 0.000023008 0.000854753 -0.000072174 -0.000023003 1.000000000 0.003070414
1.000000000 -0.000127366 0.000026216 -0.002644464 0.000127366 1.000000000 -0.000017165 0.000691551 -0.000026214 0.000017169 1.000000000 -0.000762555
1.000000000 -0.000016765 0.000034558 -0.000716362 0.000016764 1.000000000 0.000034329 -0.000737181 -0.000034558 -0.000034328 1.000000000 -0.001892911
0.999999940 0.000201487 0.000171254 -0.004173558 -0.000201482 1.000000000 -0.000029022 0.000976041 -0.000171259 0.000028988 1.000000000 0.000470500
1.000000000 -0.000014701 0.000014998 -0.000830617 0.000014701 1.000000000 0.000034053 0.000371269 -0.000014998 -0.000034052 1.000000000 -0.001546737
1.000000000 0.000021239 0.000032272 -0.002219428 -0.000021239 1.000000000 -0.000012195 0.001451767 -0.000032272 0.000012195 1.000000000 -0.002628170
1.000000000 -0.000080718 0.000024731 -0.000655945 0.000080721 1.000000000 -0.000085065 0.001204301 -0.000024724 0.000085067 1.000000000 -0.003057831
1.000000000 -0.000026224 0.000104920 -0.003418864 0.000026227 1.000000000 -0.000034597 0.001194656 -0.000104919 0.000034600 1.000000000 0.000938454
1.000000000 -0.000062777 0.000001807 -0.000254888 0.000062777 1.000000000 0.000019129 0.000345205 -0.000001808 -0.000019129 1.000000000 -0.001634153
1.000000000 -0.000165939 -0.000027955 0.001008875 0.000165940 1.000000000 0.000050832 -0.000889350 0.000027947 -0.000050837 1.000000000 -0.000845248
1.000000000 0.000031576 0.000102018 0.002484738 -0.000031533 0.999999881 -0.000429615 -0.005875159 -0.000102032 0.000429612 0.999999881 0.048175134
1.000000000 -0.000045480 0.000082675 0.003064701 0.000045580 0.999999285 -0.001212139 -0.002811610 -0.000082619 0.001212142 0.999999285 0.146776423
1.000000000 -0.000068186 0.000010593 0.005597232 0.000068201 0.999998987 -0.001403262 -0.010743848 -0.000010497 0.001403263 0.999998987 0.260594428
1.000000000 -0.000005296 0.000098268 0.006155558 0.000005420 0.999999225 -0.001267775 -0.015565545 -0.000098261 0.001267775 0.999999166 0.391414165
1.000000000 0.000141385 0.000030402 0.007322256 -0.000141356 0.999999523 -0.000952263 -0.023786221 -0.000030536 0.000952258 0.999999523 0.532603920
1.000000000 0.000144029 0.000046559 0.007583317 -0.000143993 0.999999702 -0.000771529 -0.031706043 -0.000046670 0.000771522 0.999999702 0.684570730
1.000000000 -0.000010026 -0.000016172 0.017003629 0.000010017 0.999999821 -0.000564517 -0.035581745 0.000016178 0.000564516 0.999999821 0.852590024
1.000000000 0.000038560 -0.000131725 0.023325806 -0.000038629 0.999999881 -0.000525652 -0.037626270 0.000131705 0.000525657 0.999999881 1.029934287
0.999999702 0.000620528 0.000357925 0.017189166 -0.000620323 0.999999642 -0.000571847 -0.038479075 -0.000358279 0.000571625 0.999999762 1.192971945
1.000000000 0.000162681 0.000014733 0.033960816 -0.000162676 0.999999881 -0.000319658 -0.047755342 -0.000014785 0.000319655 0.999999940 1.387355447
0.999999762 0.000550166 0.000266445 0.031808693 -0.000550173 0.999999762 0.000025893 -0.056588683 -0.000266430 -0.000026039 0.999999940 1.580443382
0.999999642 0.000664481 0.000601332 0.028507205 -0.000664429 0.999999762 -0.000086310 -0.056530703 -0.000601389 0.000085910 0.999999821 1.779084444
0.999999881 0.000342641 0.000406204 0.036104701 -0.000342761 0.999999881 0.000295396 -0.066040970 -0.000406103 -0.000295535 0.999999821 1.981379867
0.999999881 0.000376128 0.000345193 0.042039115 -0.000376150 0.999999940 0.000064225 -0.069908075 -0.000345169 -0.000064355 1.000000000 2.202132702
0.999999464 0.000970160 0.000399390 0.050269488 -0.000970281 0.999999404 0.000302922 -0.072241694 -0.000399096 -0.000303309 0.999999821 2.391340971
0.999999642 0.000834025 0.000312778 0.057338230 -0.000834155 0.999999523 0.000418743 -0.081452258 -0.000312429 -0.000419004 0.999999881 2.619222403
0.999999225 0.001110846 0.000516955 0.060357805 -0.001111030 0.999999344 0.000356743 -0.090981379 -0.000516558 -0.000357317 0.999999821 2.855689526
0.999999344 0.001051741 0.000443608 0.070841834 -0.001051926 0.999999404 0.000416348 -0.095311582 -0.000443170 -0.000416815 0.999999821 3.094403744
0.999999762 0.000604111 0.000560327 0.066259786 -0.000604370 0.999999702 0.000461604 -0.104945257 -0.000560048 -0.000461942 0.999999702 3.341317892
0.999999642 0.000793529 0.000307707 0.072931327 -0.000793715 0.999999523 0.000603148 -0.110756695 -0.000307228 -0.000603392 0.999999762 3.581298590
0.999999940 0.000309752 0.000104518 0.089129239 -0.000309832 0.999999642 0.000762612 -0.117816404 -0.000104282 -0.000762645 0.999999762 3.848545551
0.999999344 0.000915825 0.000674615 0.082010314 -0.000916283 0.999999344 0.000678375 -0.126297504 -0.000673993 -0.000678992 0.999999523 4.105022907
0.999998748 0.001292473 0.000913469 0.080875754 -0.001293144 0.999998868 0.000735219 -0.134157613 -0.000912518 -0.000736399 0.999999285 4.355879307
0.999999583 0.000740634 0.000494311 0.092824735 -0.000741033 0.999999344 0.000807595 -0.141776025 -0.000493712 -0.000807960 0.999999523 4.621013641
0.999999404 0.000749020 0.000823443 0.098406591 -0.000749994 0.999998987 0.001182729 -0.156506106 -0.000822556 -0.001183346 0.999998987 4.872598171
0.999999166 0.000976276 0.000878073 0.105115116 -0.000977344 0.999998808 0.001215755 -0.162982777 -0.000876885 -0.001216612 0.999998927 5.134661674
0.999999523 0.000638766 0.000720094 0.102900952 -0.000639421 0.999999404 0.000910407 -0.164204895 -0.000719512 -0.000910868 0.999999344 5.425219536
0.999999285 0.000564667 0.001020628 0.107219428 -0.000565620 0.999999404 0.000933980 -0.170997664 -0.001020100 -0.000934557 0.999999046 5.700151920
0.999999404 0.000940198 0.000603180 0.119740158 -0.000940748 0.999999166 0.000912571 -0.186419517 -0.000602322 -0.000913138 0.999999404 5.943598270
0.999999702 0.000536617 0.000539423 0.126242638 -0.000537110 0.999999464 0.000915006 -0.199136481 -0.000538931 -0.000915296 0.999999404 6.205900669
0.999999046 0.001133547 0.000891229 0.131320253 -0.001134316 0.999999046 0.000861902 -0.200367808 -0.000890251 -0.000862912 0.999999225 6.502500057
0.999998569 0.001317812 0.000975910 0.128574401 -0.001318969 0.999998450 0.001185546 -0.211963356 -0.000974346 -0.001186832 0.999998808 6.793805122
0.999999464 0.000349646 0.000901436 0.137942374 -0.000350790 0.999999046 0.001269205 -0.219070747 -0.000900991 -0.001269521 0.999998808 7.090304375
0.999999404 0.000775923 0.000752067 0.148442537 -0.000776919 0.999998808 0.001323878 -0.236620650 -0.000751039 -0.001324462 0.999998868 7.390677452
0.999999285 0.000757947 0.000918263 0.158470303 -0.000759170 0.999998808 0.001332207 -0.252624273 -0.000917252 -0.001332903 0.999998748 7.687575340
0.999999285 0.000809545 0.000864070 0.168608665 -0.000811161 0.999998033 0.001871910 -0.265125304 -0.000862553 -0.001872610 0.999997854 7.996503353
0.999999404 0.001004865 0.000466937 0.180638537 -0.001005725 0.999997795 0.001846257 -0.276468813 -0.000465081 -0.001846725 0.999998212 8.310026169
0.999998748 0.001304138 0.000876453 0.180431694 -0.001305361 0.999998152 0.001396306 -0.277328491 -0.000874630 -0.001397448 0.999998629 8.648269653
0.999999166 0.001010146 0.000747140 0.186028764 -0.001011315 0.999998212 0.001566852 -0.286707193 -0.000745556 -0.001567607 0.999998510 8.981071472
0.999998569 0.001053208 0.001270361 0.186750904 -0.001054952 0.999998450 0.001373434 -0.291748881 -0.001268913 -0.001374772 0.999998271 9.333575249
0.999999464 0.000574778 0.000854833 0.202315703 -0.000576347 0.999998152 0.001837205 -0.309975564 -0.000853775 -0.001837697 0.999997973 9.661381721
0.999999523 0.000446926 0.000862336 0.211654156 -0.000448685 0.999997795 0.002041174 -0.323220849 -0.000861422 -0.002041560 0.999997497 10.001415253
0.999999106 0.000680271 0.001132811 0.222625777 -0.000682352 0.999998033 0.001837321 -0.334897995 -0.001131559 -0.001838092 0.999997616 10.350523949
0.999998748 0.001335160 0.000778004 0.232545570 -0.001336863 0.999996662 0.002191699 -0.348168790 -0.000775075 -0.002192736 0.999997318 10.703651428
0.999999523 0.000769851 0.000553366 0.243740901 -0.000770982 0.999997616 0.002046378 -0.353512287 -0.000551789 -0.002046804 0.999997735 11.096806526
0.999999762 0.000359919 0.000433105 0.250161618 -0.000360867 0.999997556 0.002189792 -0.364408016 -0.000432316 -0.002189948 0.999997497 11.479001999
0.999999464 0.000640388 0.000797613 0.258237988 -0.000642274 0.999997020 0.002366323 -0.383070588 -0.000796095 -0.002366833 0.999996901 11.860091209
0.999999702 -0.000015495 0.000784219 0.263780981 0.000013662 0.999997258 0.002336993 -0.390884995 -0.000784253 -0.002336981 0.999996960 12.240409851
0.999999583 0.000175305 0.000870912 0.273518473 -0.000177312 0.999997377 0.002305216 -0.410218447 -0.000870505 -0.002305369 0.999996960 12.629564285
0.999999106 0.000466914 0.001274914 0.278438807 -0.000470328 0.999996424 0.002679071 -0.415499061 -0.001273658 -0.002679668 0.999995589 13.024918556
0.999999881 0.000267449 0.000651056 0.297294557 -0.000269277 0.999996126 0.002809061 -0.438695818 -0.000650302 -0.002809235 0.999995828 13.408752441
0.999999404 0.000847757 0.000746443 0.301237762 -0.000850046 0.999994993 0.003071493 -0.452498913 -0.000743835 -0.003072126 0.999994993 13.830316544
0.999998212 0.001551038 0.001070071 0.309160978 -0.001554632 0.999993205 0.003365202 -0.468416750 -0.001064844 -0.003366859 0.999993742 14.233839035
0.999998927 0.000630851 0.001275898 0.321241796 -0.000634915 0.999994695 0.003187327 -0.486151606 -0.001273880 -0.003188134 0.999994099 14.642149925
0.999998927 0.000661073 0.001253549 0.336625069 -0.000665072 0.999994695 0.003192644 -0.502263606 -0.001251431 -0.003193474 0.999994099 15.045166969
0.999998212 0.000419886 0.001839560 0.344568163 -0.000425945 0.999994457 0.003294398 -0.510439694 -0.001838167 -0.003295175 0.999992907 15.480903625
0.999996960 0.000920694 0.002270872 0.358868003 -0.000929194 0.999992490 0.003744975 -0.541604877 -0.002267407 -0.003747075 0.999990344 15.913814545
0.999997675 0.000340446 0.002146268 0.374570459 -0.000348465 0.999992847 0.003737115 -0.552793026 -0.002144981 -0.003737854 0.999990702 16.358572006
0.999997199 0.000781110 0.002245374 0.384534419 -0.000790209 0.999991417 0.004054358 -0.573541939 -0.002242187 -0.004056121 0.999989271 16.783639908
0.999995530 0.000791376 0.002877111 0.399603367 -0.000803256 0.999991119 0.004130199 -0.583088994 -0.002873818 -0.004132492 0.999987304 17.241447449
0.999994576 0.001264849 0.003020982 0.408861786 -0.001277393 0.999990582 0.004154058 -0.593474150 -0.003015699 -0.004157895 0.999986827 17.706270218
0.999994099 0.000908993 0.003309971 0.417860478 -0.000922273 0.999991596 0.004012569 -0.604669571 -0.003306296 -0.004015598 0.999986470 18.181686401
0.999992073 0.001121069 0.003806617 0.427714497 -0.001135948 0.999991715 0.003908719 -0.615733564 -0.003802204 -0.003913013 0.999985099 18.642274857
0.999991238 0.001349485 0.003953077 0.438011348 -0.001365007 0.999991417 0.003926406 -0.629983783 -0.003947746 -0.003931768 0.999984503 19.100349426
0.999991357 0.001607689 0.003834313 0.454649627 -0.001623546 0.999990046 0.004136153 -0.642784595 -0.003827624 -0.004142342 0.999984086 19.554119110
0.999992967 0.000744055 0.003685573 0.464889169 -0.000759356 0.999991059 0.004151907 -0.648477197 -0.003682450 -0.004154676 0.999984562 20.052864075
0.999993324 0.000901227 0.003534489 0.473995835 -0.000916216 0.999990582 0.004241286 -0.664661169 -0.003530634 -0.004244497 0.999984741 20.552280426
0.999993503 0.000859795 0.003506500 0.492279023 -0.000877988 0.999986112 0.005190046 -0.699077487 -0.003501988 -0.005193090 0.999980390 21.000791550
0.999995649 0.000675387 0.002892481 0.504559457 -0.000689496 0.999987900 0.004879622 -0.700666904 -0.002889150 -0.004881594 0.999983847 21.508686066
0.999995589 0.000861080 0.002855127 0.505766034 -0.000874903 0.999987841 0.004843972 -0.719926357 -0.002850921 -0.004846447 0.999984145 22.041580200
0.999997139 0.000475963 0.002345424 0.523233891 -0.000489416 0.999983430 0.005738574 -0.754555285 -0.002342654 -0.005739706 0.999980748 22.480598450
0.999999166 0.000126109 0.001268864 0.529959500 -0.000133589 0.999982655 0.005897100 -0.771604359 -0.001268098 -0.005897264 0.999981761 22.992580414
0.999999702 -0.000464941 0.000790124 0.542965412 0.000460407 0.999983430 0.005729681 -0.780722678 -0.000792775 -0.005729315 0.999983191 23.511672974
0.999998868 -0.001508416 0.000175326 0.554993927 0.001507416 0.999983490 0.005569682 -0.793582618 -0.000183725 -0.005569412 0.999984503 24.032958984
1.000000000 -0.000037048 0.000220129 0.555981278 0.000035778 0.999983311 0.005765223 -0.805957198 -0.000220339 -0.005765215 0.999983370 24.552875519
0.999999762 0.000206246 -0.000523035 0.567523003 -0.000203188 0.999982953 0.005840049 -0.814232230 0.000524231 -0.005839941 0.999982834 25.079961777
0.999998987 -0.000102756 -0.001419855 0.577994466 0.000111344 0.999981701 0.006050176 -0.829275370 0.001419207 -0.006050327 0.999980688 25.605216980
0.999998808 0.000376420 -0.001512919 0.585095644 -0.000367364 0.999982059 0.005980988 -0.840389431 0.001515143 -0.005980426 0.999980927 26.153083801
0.999997616 -0.000537869 -0.002096193 0.599566162 0.000551661 0.999978185 0.006584913 -0.851936281 0.002092605 -0.006586054 0.999976099 26.700950623
0.999996960 -0.000254561 -0.002442908 0.607614517 0.000270793 0.999978006 0.006646833 -0.869760036 0.002441162 -0.006647476 0.999974906 27.232454300
0.999996364 0.000007888 -0.002692799 0.616910040 0.000010291 0.999977231 0.006750927 -0.887900233 0.002692791 -0.006750931 0.999973536 27.761018753
0.999994755 -0.000295681 -0.003220779 0.625736713 0.000318199 0.999975443 0.006993158 -0.901952744 0.003218632 -0.006994147 0.999970376 28.295711517
0.999992430 -0.000480148 -0.003859712 0.639577746 0.000507399 0.999974906 0.007062357 -0.915304542 0.003856224 -0.007064262 0.999967575 28.833185196
0.999991119 -0.000525143 -0.004187010 0.650489926 0.000556029 0.999972582 0.007378862 -0.930764616 0.004183020 -0.007381125 0.999963999 29.374448776
0.999990165 -0.000031193 -0.004432166 0.656071246 0.000065588 0.999969840 0.007760408 -0.947995067 0.004431791 -0.007760623 0.999960065 29.901676178
0.999991775 0.000240816 -0.004042345 0.657546520 -0.000210853 0.999972522 0.007411163 -0.962780237 0.004044019 -0.007410250 0.999964356 30.437114716
0.999991000 0.000657434 -0.004188056 0.671087265 -0.000625847 0.999971390 0.007539222 -0.972503126 0.004192892 -0.007536532 0.999962807 30.982086182
0.999989092 0.000753398 -0.004602061 0.687440813 -0.000718879 0.999971747 0.007497804 -0.988875866 0.004607580 -0.007494414 0.999961257 31.508882523
0.999986887 0.000428983 -0.005096723 0.707163095 -0.000389142 0.999969363 0.007815568 -1.003996730 0.005099921 -0.007813482 0.999956429 32.045215607
0.999986887 0.000322831 -0.005108966 0.697653413 -0.000284099 0.999971211 0.007580057 -1.007371426 0.005111266 -0.007578506 0.999958217 32.565029144
0.999987721 0.001410346 -0.004751879 0.690172374 -0.001375477 0.999972165 0.007333196 -1.017037868 0.004762090 -0.007326569 0.999961853 33.083835602
0.999985754 -0.000116420 -0.005334774 0.702939034 0.000162253 0.999963105 0.008591741 -1.061835170 0.005333578 -0.008592485 0.999948800 33.628726959
0.999984622 0.000503713 -0.005518440 0.705089569 -0.000456264 0.999962926 0.008596114 -1.076265574 0.005522566 -0.008593464 0.999947786 34.177463531
0.999985218 0.000048317 -0.005420196 0.700846910 -0.000002905 0.999964893 0.008378012 -1.080373168 0.005420411 -0.008377873 0.999950171 34.681476593
0.999981821 -0.000042666 -0.006017020 0.719566464 0.000094386 0.999963045 0.008595644 -1.104932070 0.006016432 -0.008596055 0.999944925 35.243877411
0.999982297 -0.000516397 -0.005920468 0.710877657 0.000568875 0.999960542 0.008865613 -1.117544651 0.005915656 -0.008868825 0.999943197 35.793159485
0.999981880 0.000348967 -0.006016964 0.721748710 -0.000300050 0.999966979 0.008128881 -1.125941038 0.006019602 -0.008126927 0.999948859 36.346549988
0.999981225 -0.000061927 -0.006132455 0.727500081 0.000113553 0.999964535 0.008418463 -1.130569696 0.006131717 -0.008419001 0.999945760 36.868072510
0.999978781 0.000144976 -0.006508575 0.752636433 -0.000091171 0.999965787 0.008266253 -1.145441175 0.006509552 -0.008265484 0.999944687 37.414337158
0.999979556 -0.000065887 -0.006400324 0.734001935 0.000121722 0.999961913 0.008723547 -1.164627194 0.006399506 -0.008724147 0.999941468 37.916759491
0.999979019 0.000161181 -0.006488102 0.697109818 -0.000106025 0.999963760 0.008500492 -1.181512237 0.006489236 -0.008499624 0.999942839 38.396553040
0.999971569 -0.000224359 -0.007537341 0.783631563 0.000292495 0.999959171 0.009039917 -1.175324321 0.007535004 -0.009041863 0.999930680 38.875789642
0.999976873 0.001665371 -0.006577379 0.783339620 -0.001603142 0.999954045 0.009455091 -1.236520052 0.006592821 -0.009444328 0.999933600 39.378982544
0.999974787 -0.000569697 -0.007076500 0.801910996 0.000640335 0.999949932 0.009983928 -1.244952679 0.007070458 -0.009988206 0.999925137 40.022800446
0.999977231 0.000841866 -0.006693908 0.813410044 -0.000781985 0.999959707 0.008943219 -1.238872170 0.006701167 -0.008937779 0.999937594 40.576839447
0.999975085 -0.000138182 -0.007060013 0.816901922 0.000206457 0.999953151 0.009670838 -1.262594938 0.007058346 -0.009672056 0.999928296 41.118862152
0.999978840 0.000718168 -0.006470494 0.822412491 -0.000659882 0.999959290 0.009005689 -1.255773306 0.006476697 -0.009001228 0.999938548 41.667686462
0.999975443 0.000076098 -0.007003941 0.836702824 -0.000007199 0.999951720 0.009836704 -1.285729885 0.007004351 -0.009836412 0.999927044 42.188087463
0.999972880 0.000016566 -0.007365900 0.846182704 0.000056071 0.999951363 0.009860972 -1.298372388 0.007365706 -0.009861119 0.999924242 42.744087219
0.999975204 0.000188246 -0.007033694 0.846396446 -0.000120731 0.999953926 0.009598127 -1.308970690 0.007035177 -0.009597038 0.999929190 43.278244019
0.999977827 0.000251595 -0.006654912 0.847938538 -0.000189542 0.999956489 0.009323437 -1.314936161 0.006656969 -0.009321967 0.999934316 43.811321259
0.999978065 0.000261625 -0.006617258 0.857710838 -0.000199327 0.999955595 0.009413389 -1.330065489 0.006619426 -0.009411865 0.999933720 44.348167419
0.999976397 0.000462932 -0.006854352 0.871256948 -0.000399948 0.999957740 0.009187372 -1.341197848 0.006858315 -0.009184414 0.999934316 44.904766083
0.999976754 0.000615949 -0.006794310 0.874965906 -0.000552407 0.999956131 0.009350147 -1.346117735 0.006799771 -0.009346176 0.999933183 45.441093445
0.999974310 0.000183073 -0.007162209 0.887702465 -0.000115070 0.999954879 0.009493971 -1.362982631 0.007163624 -0.009492904 0.999929309 45.981231689
0.999976158 0.000511720 -0.006881551 0.892264187 -0.000444499 0.999952257 0.009766226 -1.378362417 0.006886221 -0.009762933 0.999928653 46.544803619
0.999971509 0.000021483 -0.007542974 0.898176670 0.000051640 0.999953032 0.009693929 -1.384551406 0.007542827 -0.009694044 0.999924541 47.067909241
0.999970019 0.000534333 -0.007717924 0.921888411 -0.000461550 0.999955416 0.009429109 -1.392581940 0.007722618 -0.009425263 0.999925792 47.619827271
0.999971211 0.000160671 -0.007584581 0.914923787 -0.000084710 0.999949813 0.010014392 -1.413379073 0.007585807 -0.010013463 0.999921083 48.133155823
0.999966264 -0.000560574 -0.008190106 0.929745674 0.000639393 0.999953628 0.009624197 -1.421396136 0.008184329 -0.009629111 0.999920130 48.679786682
0.999971867 0.000334427 -0.007496181 0.935443282 -0.000258146 0.999948204 0.010174655 -1.436031699 0.007499197 -0.010172431 0.999920130 49.213569641
0.999970317 0.000261078 -0.007702598 0.942638218 -0.000187709 0.999954641 0.009524341 -1.436533570 0.007704735 -0.009522612 0.999924958 49.738399506
0.999971867 0.000223173 -0.007498937 0.947267294 -0.000147440 0.999948978 0.010098260 -1.455747604 0.007500808 -0.010096870 0.999920905 50.269496918
0.999971449 0.000262700 -0.007543153 0.949137807 -0.000187635 0.999950409 0.009950501 -1.460339665 0.007545393 -0.009948803 0.999922037 50.804141998
0.999972761 0.000541070 -0.007364040 0.958101451 -0.000469005 0.999951959 0.009784231 -1.465278387 0.007368981 -0.009780509 0.999925017 51.353343964
0.999971151 0.000715356 -0.007563001 0.966263771 -0.000642359 0.999953210 0.009649954 -1.476598024 0.007569551 -0.009644816 0.999924839 51.896018982
0.999973834 0.000474127 -0.007218661 0.970742643 -0.000401798 0.999949753 0.010017973 -1.499009609 0.007223049 -0.010014812 0.999923766 52.407341003
0.999975681 0.001176188 -0.006874298 0.959829211 -0.001111203 0.999954700 0.009449499 -1.495577931 0.006885101 -0.009441631 0.999931693 52.915714264
0.999971807 0.000666033 -0.007475418 0.977869749 -0.000598127 0.999958575 0.009082358 -1.497808695 0.007481157 -0.009077631 0.999930799 53.444911957
0.999974966 0.000442209 -0.007061234 0.968199730 -0.000371399 0.999949694 0.010026100 -1.535583496 0.007065312 -0.010023225 0.999924839 53.997314453
0.999981284 0.001851315 -0.005829873 0.938426375 -0.001792676 0.999947846 0.010047681 -1.555828094 0.005848171 -0.010037041 0.999932468 54.384635925
0.999973595 0.001031787 -0.007183705 1.027109265 -0.000969181 0.999961555 0.008713039 -1.538097620 0.007192418 -0.008705848 0.999936223 55.144824982
0.999980569 0.002408032 -0.005744952 0.948290348 -0.002346803 0.999940515 0.010640990 -1.577827454 0.005770235 -0.010627301 0.999926805 55.481418610
0.999980152 0.001883787 -0.006009711 0.979814708 -0.001823205 0.999947608 0.010070269 -1.581686020 0.006028367 -0.010059112 0.999931216 55.970645905
0.999979854 0.002032063 -0.006012244 0.961065769 -0.001970647 0.999945998 0.010203525 -1.585383892 0.006032653 -0.010191472 0.999929845 56.399528503
0.999981582 0.003161184 -0.005181963 0.959839761 -0.003111704 0.999949753 0.009528600 -1.593218565 0.005211824 -0.009512300 0.999941170 57.022464752
0.999981225 0.001815446 -0.005851684 0.965356350 -0.001755652 0.999946356 0.010207412 -1.610813498 0.005869902 -0.010196947 0.999930799 57.401679993
0.999980211 0.001624483 -0.006082248 0.979895234 -0.001559618 0.999942005 0.010654138 -1.625042439 0.006099202 -0.010644440 0.999924719 57.925251007
0.999979973 0.001121142 -0.006230940 0.990383863 -0.001055116 0.999943376 0.010589793 -1.634416342 0.006242460 -0.010583006 0.999924481 58.453109741
0.999982119 0.001326321 -0.005838526 0.995484412 -0.001261854 0.999938369 0.011031530 -1.649230957 0.005852797 -0.011023965 0.999922156 58.994937897
0.999977350 0.001112162 -0.006629507 1.002614498 -0.001040456 0.999941051 0.010809823 -1.651471376 0.006641137 -0.010802680 0.999919534 59.487102509
0.999984145 0.001622809 -0.005398298 1.022499800 -0.001564288 0.999940217 0.010827063 -1.672287464 0.005415545 -0.010818448 0.999926865 60.077159882
0.999979198 0.001636785 -0.006240795 1.032970905 -0.001568513 0.999939024 0.010928934 -1.675272226 0.006258303 -0.010918918 0.999920785 60.567356110
0.999978781 0.001545304 -0.006320399 1.051832199 -0.001479962 0.999945521 0.010329917 -1.683169723 0.006336018 -0.010320344 0.999926627 61.075408936
0.999980807 0.001825558 -0.005923771 1.072283268 -0.001767733 0.999950886 0.009752189 -1.665694475 0.005941282 -0.009741529 0.999934852 61.615566254
0.999973178 0.002183428 -0.006992649 1.128761411 -0.002113973 0.999948502 0.009924531 -1.672311664 0.007013959 -0.009909481 0.999926209 62.088745117
0.999972522 0.001654437 -0.007223148 1.132714629 -0.001577955 0.999942839 0.010581345 -1.717550278 0.007240241 -0.010569657 0.999917865 62.477054596
0.999971628 0.001986166 -0.007263057 1.155942798 -0.001897399 0.999923766 0.012208360 -1.747991562 0.007286751 -0.012194233 0.999899089 63.026554108
0.999965668 0.004195797 -0.007147970 1.246077657 -0.004106437 0.999913812 0.012470527 -1.774513245 0.007199677 -0.012440747 0.999896646 63.444114685
0.999969304 0.004314207 -0.006535849 1.270116091 -0.004232516 0.999913394 0.012461756 -1.821173429 0.006589045 -0.012433709 0.999900937 63.773246765
0.999969184 0.002153361 -0.007553566 1.258609056 -0.002050102 0.999904692 0.013651302 -1.909752488 0.007582241 -0.013635397 0.999878228 64.380065918
0.999969661 0.003825101 -0.006776359 1.380397797 -0.003742247 0.999918580 0.012197645 -1.794716716 0.006822465 -0.012171918 0.999902666 64.428077698
0.999970555 0.002944905 -0.007076271 1.392090917 -0.002864908 0.999932170 0.011288594 -1.797807932 0.007109035 -0.011267988 0.999911308 64.979446411
0.999968708 0.003790598 -0.006934578 1.395302773 -0.003704363 0.999916136 0.012406326 -1.810359716 0.006981025 -0.012380249 0.999898970 65.536575317
0.999970734 0.005097954 -0.005705519 1.317930579 -0.005027117 0.999910951 0.012361651 -1.883558989 0.005768030 -0.012332607 0.999907315 65.941886902
0.999970913 0.004736350 -0.005971414 1.426700592 -0.004661738 0.999911606 0.012447445 -1.848111153 0.006029841 -0.012419244 0.999904692 66.631233215
0.999971330 0.005374607 -0.005346052 1.326160550 -0.005304528 0.999900877 0.013037461 -1.910610437 0.005415594 -0.013008728 0.999900699 67.035034180
0.999973178 0.004992636 -0.005384470 1.215412855 -0.004920009 0.999897778 0.013418457 -1.955818295 0.005450915 -0.013391603 0.999895394 66.927215576
0.999972105 0.003453755 -0.006625221 1.313097119 -0.003366702 0.999908447 0.013106082 -1.929933786 0.006669879 -0.013083411 0.999892116 67.530624390
0.999969304 0.005597312 -0.005503073 1.229306817 -0.005519453 0.999885798 0.014063043 -1.978080750 0.005581162 -0.014032236 0.999885917 68.025939941
0.999972045 0.003765499 -0.006462262 1.315262675 -0.003676200 0.999898314 0.013775180 -2.086939335 0.006513474 -0.013751039 0.999884248 68.610885620
0.999974668 0.003724728 -0.006057994 1.281897426 -0.003638906 0.999893725 0.014116641 -2.121432781 0.006109931 -0.014094239 0.999881983 69.084983826
0.999975085 0.003704545 -0.006003798 1.288703203 -0.003619558 0.999893963 0.014105216 -2.132853985 0.006055415 -0.014083133 0.999882460 69.626655579
0.999973834 0.003547141 -0.006303285 1.304053426 -0.003457301 0.999893069 0.014207095 -2.140746832 0.006353005 -0.014184930 0.999879181 70.171463013
0.999971867 0.005196781 -0.005407520 1.295674562 -0.005118318 0.999882817 0.014424017 -2.180790901 0.005481845 -0.014395931 0.999881327 70.778808594
0.999973893 0.004368783 -0.005740114 1.329718947 -0.004288235 0.999893129 0.013970616 -2.143899441 0.005800535 -0.013945639 0.999885917 71.450599670
0.999975026 0.004581115 -0.005363888 1.335595369 -0.004505092 0.999890387 0.014100499 -2.155512810 0.005427896 -0.014075984 0.999886215 71.999717712
0.999973416 0.004587211 -0.005665067 1.319833398 -0.004506681 0.999889791 0.014146823 -2.232152462 0.005729337 -0.014120916 0.999883890 72.563301086
0.999970257 0.005927380 -0.004918434 1.318449259 -0.005856643 0.999880970 0.014273942 -2.245011568 0.005002456 -0.014244713 0.999886036 73.174034119
0.999967575 0.006690742 -0.004475422 1.327944279 -0.006625495 0.999873817 0.014438425 -2.255717278 0.004571462 -0.014408306 0.999885738 73.703926086
0.999975681 0.004540853 -0.005291358 1.358553052 -0.004464184 0.999886096 0.014412149 -2.244335651 0.005356196 -0.014388175 0.999882102 74.138481140
0.999968290 0.006670613 -0.004336304 1.324993014 -0.006607063 0.999872923 0.014508042 -2.275920630 0.004432530 -0.014478933 0.999885380 74.725486755
0.999972582 0.005134174 -0.005325199 1.366628528 -0.005060708 0.999893069 0.013718790 -2.220145226 0.005395066 -0.013691468 0.999891698 75.263877869
0.999971330 0.005389636 -0.005303627 1.390742183 -0.005316307 0.999891400 0.013744527 -2.236986637 0.005377130 -0.013715940 0.999891400 75.804786682
0.999972641 0.004905363 -0.005538488 1.401508093 -0.004826185 0.999887228 0.014219953 -2.248919964 0.005607616 -0.014192835 0.999883533 76.327873230
0.999968112 0.005944137 -0.005323515 1.413033485 -0.005869879 0.999886751 0.013857586 -2.266714811 0.005405283 -0.013825897 0.999889791 76.873092651
0.999968708 0.005784038 -0.005395809 1.433801293 -0.005710687 0.999892414 0.013511654 -2.272035599 0.005473380 -0.013480416 0.999894142 77.430534363
0.999978423 0.004709251 -0.004578079 1.453863978 -0.004645686 0.999894023 0.013797388 -2.287462711 0.004642568 -0.013775823 0.999894321 77.951210022
0.999982774 0.005093939 -0.002890681 1.462805152 -0.005052851 0.999888480 0.014047788 -2.303267002 0.002961917 -0.014032940 0.999897063 78.518310547
0.999984145 0.005384514 -0.001635941 1.485011935 -0.005361150 0.999888122 0.013964594 -2.316009283 0.001710951 -0.013955601 0.999901175 79.024360657
0.999986231 0.005228661 -0.000411556 1.484704018 -0.005222269 0.999884903 0.014244000 -2.321232319 0.000485985 -0.014241655 0.999898493 79.587936401
0.999976516 0.006095677 0.003126832 1.496487260 -0.006139194 0.999881744 0.014101575 -2.332781792 -0.003040504 -0.014120442 0.999895692 80.134422302
0.999966562 0.005503794 0.006048675 1.537358522 -0.005588592 0.999885023 0.014092886 -2.316473484 -0.005970416 -0.014126217 0.999882400 80.700347900
0.999954820 0.004754276 0.008242174 1.575968027 -0.004866193 0.999895513 0.013612136 -2.327564955 -0.008176598 -0.013651627 0.999873400 81.268074036
0.999905765 0.005335434 0.012649018 1.589397907 -0.005504927 0.999895036 0.013402950 -2.314992428 -0.012576180 -0.013471317 0.999830127 81.772026062
0.999824107 0.005059931 0.018059393 1.626285791 -0.005314112 0.999887109 0.014054608 -2.358183146 -0.017986238 -0.014148104 0.999738097 82.219123840
0.999703169 0.004442131 0.023954118 1.650295973 -0.004776176 0.999891877 0.013906048 -2.345435619 -0.023889754 -0.014016331 0.999616265 82.746086121
0.999529362 0.005315162 0.030212186 1.788308620 -0.005737646 0.999886692 0.013914378 -2.353161812 -0.030134812 -0.014081175 0.999446630 83.632720947
0.999300003 0.005169729 0.037050609 1.807677746 -0.005705001 0.999880672 0.014355940 -2.429497480 -0.036971975 -0.014557264 0.999210238 83.967910767
0.998941243 0.004511338 0.045780901 1.900940418 -0.005142296 0.999893248 0.013673744 -2.388913631 -0.045714326 -0.013894686 0.998857915 84.753082275
0.998549342 0.005106429 0.053601831 1.946389198 -0.005872262 0.999882698 0.014139685 -2.411914587 -0.053523339 -0.014433935 0.998462200 85.369705200
0.998071313 0.004434975 0.061919022 2.047321558 -0.005262412 0.999898911 0.013206542 -2.404655933 -0.061854195 -0.013506914 0.997993827 85.926361084
0.997366905 0.005005025 0.072347693 2.104084969 -0.006021194 0.999886155 0.013834361 -2.427472591 -0.072270229 -0.014233551 0.997283459 86.474967957
0.996686876 0.004708220 0.081196889 2.167152882 -0.005816877 0.999893010 0.013422795 -2.429876804 -0.081124991 -0.013850635 0.996607721 87.032531738
0.996024191 0.004251806 0.088981844 2.239951611 -0.005447323 0.999898016 0.013196983 -2.440679550 -0.088916667 -0.013629227 0.995945811 87.588783264
0.995010495 0.004263691 0.099678986 2.321738720 -0.005587425 0.999899745 0.013004571 -2.455189943 -0.099613540 -0.013496633 0.994934678 88.112236023
0.993894279 0.004281180 0.110252857 2.406924725 -0.005741897 0.999899864 0.012934705 -2.460568190 -0.110186443 -0.013488792 0.993819356 88.651771545
0.992851555 0.003519237 0.119303763 2.496099472 -0.005111557 0.999902010 0.013043405 -2.480584621 -0.119246140 -0.013559993 0.992772102 89.190879822
0.991489887 0.003763216 0.130129188 2.591822624 -0.005498271 0.999900699 0.012976618 -2.480997324 -0.130067453 -0.013581670 0.991412103 89.739730835
0.989865243 0.003104455 0.141975865 2.705851555 -0.004943526 0.999908328 0.012602526 -2.496993065 -0.141923741 -0.013176664 0.989789844 90.291007996
0.988198996 0.003244117 0.153140679 2.809168816 -0.005226236 0.999907613 0.012542359 -2.504585743 -0.153085828 -0.013194698 0.988124788 90.850334167
0.986604631 0.003074557 0.163100645 2.915568352 -0.005247534 0.999903083 0.012893769 -2.517278194 -0.163045198 -0.013576929 0.986525178 91.424461365
0.984550357 0.003057333 0.175074682 3.049091339 -0.005326478 0.999907792 0.012492592 -2.526612759 -0.175020322 -0.013232118 0.984475911 91.954536438
0.982415617 0.001513582 0.186701074 3.189811707 -0.003838680 0.999919534 0.012092698 -2.537433863 -0.186667725 -0.012596739 0.982342482 92.473808289
0.980153620 0.002060131 0.198228806 3.312135696 -0.004505544 0.999919236 0.011886067 -2.535783291 -0.198188305 -0.012543297 0.980083823 93.052085876
0.977483034 0.001867948 0.211005837 3.459005356 -0.004457815 0.999920428 0.011798910 -2.552112103 -0.210967004 -0.012473858 0.977413535 93.591873169
0.974516332 0.001034319 0.224314183 3.613864899 -0.003756441 0.999924421 0.011708897 -2.558540344 -0.224285111 -0.012253134 0.974446535 94.140998840
0.971634746 0.001897180 0.236479282 3.756332397 -0.004771719 0.999921560 0.011583833 -2.574812412 -0.236438751 -0.012383665 0.971567512 94.656661987
0.968802154 0.000801293 0.247834146 3.959119797 -0.003979466 0.999916077 0.012323117 -2.599033833 -0.247803465 -0.012924909 0.968724072 95.207908630
0.965134621 0.000367362 0.261753827 4.137203217 -0.003635103 0.999921381 0.011999940 -2.602012157 -0.261728853 -0.012533059 0.965060055 95.756591797
0.961675048 -0.000133314 0.274191707 4.318027496 -0.003316246 0.999921083 0.012117265 -2.622724056 -0.274171680 -0.012562157 0.961598694 96.288948059
0.958441198 -0.000558340 0.285289586 4.511192322 -0.003037342 0.999921441 0.012161019 -2.637477160 -0.285273910 -0.012522141 0.958364248 96.799468994
0.954175413 -0.000663151 0.299247056 4.710330963 -0.003031183 0.999924839 0.011881093 -2.640028000 -0.299232483 -0.012243718 0.954101682 97.343589783
0.949865401 -0.001274473 0.312656492 4.923267365 -0.002590416 0.999925256 0.011945769 -2.652205944 -0.312648416 -0.012156784 0.949791133 97.872848511
0.945975482 -0.001840414 0.324232966 5.127414703 -0.002171475 0.999925435 0.012011234 -2.660743475 -0.324230969 -0.012066397 0.945900977 98.397438049
0.941377640 -0.001387568 0.337351531 5.339923859 -0.002852769 0.999923050 0.012073445 -2.671893120 -0.337342322 -0.012328059 0.941301227 98.944122314
0.936137736 -0.001789374 0.351628989 5.561136246 -0.002660218 0.999922395 0.012170687 -2.681463480 -0.351623416 -0.012328849 0.936060309 99.471229553
0.931404829 -0.001902594 0.363980025 5.792749405 -0.002836992 0.999917984 0.012486473 -2.695683956 -0.363973945 -0.012662566 0.931323051 99.995826721
0.926758587 -0.002533262 0.375648916 6.018342972 -0.002400638 0.999916852 0.012665721 -2.709294796 -0.375649840 -0.012639860 0.926675498 100.506500244
0.921004534 -0.002819709 0.389541715 6.264497757 -0.002034314 0.999925315 0.012047776 -2.704656124 -0.389546603 -0.011888507 0.920930028 101.028144836
0.915657640 -0.003094740 0.401947170 6.514225006 -0.001951342 0.999924362 0.012144057 -2.715651512 -0.401954353 -0.011904133 0.915582299 101.522239685
0.910902679 -0.003876402 0.412603050 6.768154144 -0.001082353 0.999929905 0.011783838 -2.720700264 -0.412619829 -0.011180513 0.910834730 102.035537720
0.905547082 -0.004097058 0.424225897 7.030971527 -0.001081020 0.999927819 0.011964561 -2.736354351 -0.424244314 -0.011293070 0.905477345 102.510902405
0.898650944 -0.003949692 0.438646704 7.295585632 -0.001371954 0.999929249 0.011814342 -2.741812706 -0.438662291 -0.011218772 0.898581922 103.018035889
0.892656207 -0.004422467 0.450716406 7.566017151 -0.001130854 0.999926746 0.012051051 -2.751289368 -0.450736731 -0.011267140 0.892585814 103.510040283
0.887079060 -0.005134621 0.461588830 7.839046478 -0.000423385 0.999928653 0.011936664 -2.756854534 -0.461617172 -0.010784198 0.887013674 103.985031128
0.879908442 -0.005122271 0.475115716 8.126964569 -0.000555597 0.999930024 0.011809307 -2.768653870 -0.475142986 -0.010655083 0.879844069 104.461227417
