1.000000000 0.000000000 0.000000000 0.000000000 0.000000000 1.000000000 0.000000000 0.000000000 0.000000000 0.000000000 1.000000000 0.000000000
1.000000000 0.000086339 0.000018794 -0.001311533 -0.000086338 1.000000000 -0.000063679 0.001389043 -0.000018800 0.000063677 1.000000000 0.003056986
1.000000000 0.000085799 -0.000006159 0.000145953 -0.000085799 1.000000000 -0.000011059 0.000620009 0.000006158 0.000011060 1.000000000 0.002926453
1.000000000 0.000210019 0.000063774 -0.000055892 -0.000210019 1.000000000 0.000004148 0.000655512 -0.000063773 -0.000004161 1.000000000 -0.002982672
1.000000000 0.000063137 -0.000032336 0.003523253 -0.000063140 1.000000000 -0.000085594 0.001910264 0.000032330 0.000085597 1.000000000 -0.001416616
1.000000000 0.000001447 -0.000016756 0.001192905 -0.000001447 1.000000000 0.000017191 0.000584202 0.000016756 -0.000017191 1.000000000 0.000372537
1.000000000 0.000031805 0.000009164 -0.000447292 -0.000031804 1.000000000 -0.000051384 0.001118222 -0.000009165 0.000051384 1.000000000 -0.001724592
1.000000000 0.000047124 0.000037146 0.000106219 -0.000047125 1.000000000 0.000035125 0.000983416 -0.000037145 -0.000035126 1.000000000 -0.000305213
1.000000000 -0.000075426 0.000067629 -0.001809372 0.000075428 1.000000000 -0.000032403 0.001123991 -0.000067626 0.000032408 1.000000000 0.003472202
1.000000000 0.000129391 0.000084210 -0.001521159 -0.000129388 1.000000000 -0.000034475 0.000618648 -0.000084214 0.000034464 1.000000000 -0.001090570
1.000000000 0.000156404 0.000060087 0.000217542 -0.000156405 1.000000000 0.000014597 0.001691734 -0.000060085 -0.000014606 1.000000000 -0.001917965
1.000000000 0.000095309 0.000018788 -0.000060628 -0.000095308 1.000000000 -0.000004560 0.000766550 -0.000018788 0.000004558 1.000000000 -0.006369950
1.000000000 0.000105181 0.000143609 -0.003696257 -0.000105181 1.000000000 0.000004647 0.001760404 -0.000143609 -0.000004662 1.000000000 -0.003609549
1.000000000 -0.000103345 0.000066250 -0.000834138 0.000103344 1.000000000 0.000013038 -0.000170321 -0.000066251 -0.000013031 1.000000000 -0.000252971
1.000000000 0.000071969 0.000060730 -0.000025757 -0.000071969 1.000000000 -0.000000895 0.000840390 -0.000060731 0.000000891 1.000000000 -0.002309402
1.000000000 -0.000010225 0.000010433 0.000805228 0.000010225 1.000000000 0.000007611 0.000725071 -0.000010433 -0.000007611 1.000000000 -0.003194410
1.000000000 -0.000048547 -0.000028050 0.000837078 0.000048548 1.000000000 0.000031206 0.000183211 0.000028049 -0.000031208 1.000000000 -0.005405975
1.000000000 0.000021520 0.000053485 -0.000594356 -0.000021521 1.000000000 0.000014218 -0.000489904 -0.000053485 -0.000014219 1.000000000 -0.003367329
1.000000000 0.000028083 -0.000019621 0.000853406 -0.000028082 1.000000000 0.000018051 0.000854076 0.000019621 -0.000018050 1.000000000 -0.005644704
1.000000000 -0.000100397 -0.000017189 -0.000720764 0.000100398 1.000000000 0.000026270 0.000030169 0.000017186 -0.000026272 1.000000000 -0.005591441
1.000000000 0.000055952 0.000056197 -0.000532687 -0.000055954 1.000000000 0.000040297 -0.000520464 -0.000056195 -0.000040300 1.000000000 -0.007277107
1.000000000 -0.000047949 0.000015337 -0.000052731 0.000047948 1.000000000 0.000021046 -0.001113746 -0.000015338 -0.000021045 1.000000000 -0.004573276
1.000000000 0.000080189 0.000145803 -0.004942408 -0.000080170 1.000000000 -0.000131676 0.002674886 -0.000145813 0.000131664 1.000000000 0.002394472
1.000000000 -0.000034635 0.000004234 0.000968797 0.000034635 1.000000000 -0.000024607 -0.000045646 -0.000004233 0.000024607 1.000000000 -0.002065506
1.000000000 -0.000049018 0.000042307 -0.001741945 0.000049017 1.000000000 0.000012668 0.001098823 -0.000042308 -0.000012666 1.000000000 0.000143743
1.000000000 -0.000002824 -0.000016962 0.001112969 0.000002823 1.000000000 -0.000020522 0.000948784 0.000016963 0.000020522 1.000000000 -0.005231125
1.000000000 -0.000108929 0.000032769 -0.001640463 0.000108930 1.000000000 -0.000030454 0.002242596 -0.000032766 0.000030457 1.000000000 -0.001605753
1.000000000 0.000075571 0.000056349 -0.000532584 -0.000075569 1.000000000 -0.000037620 0.000579559 -0.000056352 0.000037616 1.000000000 -0.005466473
1.000000000 -0.000092441 0.000047354 -0.001991603 0.000092437 1.000000000 0.000081464 -0.000146639 -0.000047362 -0.000081460 1.000000000 -0.002066086
1.000000000 -0.000056572 0.000068402 -0.004343852 0.000056578 1.000000000 -0.000078805 0.003987102 -0.000068397 0.000078809 1.000000000 0.001570198
1.000000000 -0.000052932 0.000036352 -0.000781632 0.000052933 1.000000000 -0.000017768 0.000825422 -0.000036351 0.000017770 1.000000000 -0.001563639
1.000000000 -0.000000281 0.000081813 -0.002882950 0.000000279 1.000000000 0.000027002 0.000184164 -0.000081813 -0.000027002 1.000000000 0.000889127
1.000000000 -0.000134455 0.000059342 -0.003405239 0.000134453 1.000000000 0.000031566 0.000954455 -0.000059346 -0.000031558 1.000000000 -0.000867260
1.000000000 -0.000026277 0.000033568 -0.000741484 0.000026275 1.000000000 0.000056460 -0.000841578 -0.000033570 -0.000056459 1.000000000 -0.003516969
0.999999940 0.000236319 0.000140564 -0.003086162 -0.000236316 1.000000000 -0.000022848 0.000717993 -0.000140570 0.000022815 1.000000000 -0.000647135
1.000000000 0.000002976 0.000054650 -0.001142407 -0.000002978 1.000000000 0.000034256 0.000443124 -0.000054649 -0.000034256 1.000000000 -0.001285385
1.000000000 -0.000009223 -0.000020510 0.000425998 0.000009225 1.000000000 0.000082387 -0.000018727 0.000020509 -0.000082387 1.000000000 -0.007047545
1.000000000 -0.000024531 -0.000002450 0.000123184 0.000024531 1.000000000 -0.000074433 0.001081058 0.000002452 0.000074433 1.000000000 -0.005088534
1.000000000 -0.000054837 0.000102956 -0.003656989 0.000054836 1.000000000 0.000003245 0.000466330 -0.000102956 -0.000003240 1.000000000 0.000476095
1.000000000 -0.000032219 -0.000004250 0.000448010 0.000032219 1.000000000 0.000073526 0.000201825 0.000004248 -0.000073527 1.000000000 -0.005930775
1.000000000 -0.000210709 -0.000005466 -0.000259451 0.000210709 1.000000000 0.000017501 -0.000333427 0.000005462 -0.000017502 1.000000000 0.001375299
1.000000000 -0.000088796 0.000050567 0.002116263 0.000088820 0.999999881 -0.000461499 -0.005461277 -0.000050526 0.000461503 0.999999881 0.049143337
1.000000000 -0.000009666 0.000061482 0.004096930 0.000009740 0.999999285 -0.001208153 -0.003230573 -0.000061470 0.001208154 0.999999285 0.144903019
1.000000000 -0.000079376 0.000009455 0.005930653 0.000079389 0.999998987 -0.001404476 -0.011366133 -0.000009343 0.001404476 0.999998987 0.258117944
1.000000000 -0.000064800 0.000119910 0.004812531 0.000064962 0.999999106 -0.001352636 -0.015546670 -0.000119822 0.001352644 0.999999106 0.386718333
1.000000000 0.000054383 -0.000022862 0.007591586 -0.000054406 0.999999523 -0.000997889 -0.023135301 0.000022807 0.000997890 0.999999523 0.531448543
1.000000000 0.000113601 -0.000077557 0.015875677 -0.000113674 0.999999523 -0.000939683 -0.027123461 0.000077450 0.000939691 0.999999583 0.690208077
1.000000000 -0.000165085 -0.000058369 0.018012378 0.000165052 0.999999821 -0.000565406 -0.034830816 0.000058463 0.000565396 0.999999821 0.849358618
1.000000000 -0.000005813 -0.000097449 0.023421714 0.000005755 0.999999821 -0.000587556 -0.036559530 0.000097452 0.000587556 0.999999821 1.025017738
0.999999762 0.000581326 0.000361540 0.003819822 -0.000581127 0.999999702 -0.000549963 -0.040329244 -0.000361859 0.000549752 0.999999762 1.217990398
0.999999881 0.000370585 -0.000023293 0.020819837 -0.000370593 0.999999881 -0.000339741 -0.043554228 0.000023167 0.000339750 0.999999881 1.405340433
0.999999881 0.000521396 0.000446945 0.013505788 -0.000521439 0.999999881 0.000097701 -0.060494054 -0.000446894 -0.000097934 0.999999881 1.593796253
0.999999464 0.000737418 0.000746952 0.012853539 -0.000737493 0.999999762 0.000099928 -0.065022700 -0.000746878 -0.000100478 0.999999762 1.795801401
0.999999344 0.000746234 0.000834063 0.013533000 -0.000746637 0.999999583 0.000483100 -0.074896149 -0.000833702 -0.000483723 0.999999523 1.993964195
0.999999702 0.000343110 0.000703836 0.017935948 -0.000343415 0.999999762 0.000432955 -0.079126835 -0.000703687 -0.000433197 0.999999583 2.202658892
0.999999642 0.000667837 0.000563581 0.028800560 -0.000668122 0.999999762 0.000504873 -0.085212439 -0.000563244 -0.000505249 0.999999702 2.415583372
0.999999344 0.001071455 0.000533932 0.032979120 -0.001071810 0.999999225 0.000665906 -0.092448346 -0.000533218 -0.000666478 0.999999642 2.637900829
0.999999642 0.000542663 0.000609924 0.040140197 -0.000543119 0.999999523 0.000746431 -0.099765524 -0.000609519 -0.000746762 0.999999583 2.878306150
0.999999464 0.000756109 0.000772691 0.040764190 -0.000756812 0.999999344 0.000910366 -0.108816519 -0.000772002 -0.000910950 0.999999285 3.111229658
0.999999464 0.000466005 0.000843609 0.043598946 -0.000466592 0.999999642 0.000695811 -0.118212454 -0.000843284 -0.000696204 0.999999404 3.359411955
0.999999106 0.000984706 0.000914245 0.050563641 -0.000985428 0.999999225 0.000790244 -0.124589875 -0.000913466 -0.000791144 0.999999285 3.599892139
0.999999523 0.000281224 0.000928978 0.052006565 -0.000282200 0.999999404 0.001050939 -0.135218307 -0.000928682 -0.001051201 0.999998987 3.858682394
0.999999344 0.000253818 0.001083059 0.058678791 -0.000254999 0.999999464 0.001090432 -0.140209347 -0.001082781 -0.001090708 0.999998808 4.124308109
0.999998987 0.000827010 0.001210857 0.062680691 -0.000828481 0.999998987 0.001214736 -0.147502288 -0.001209851 -0.001215738 0.999998510 4.373417377
0.999999285 0.000478452 0.001035259 0.067226470 -0.000479679 0.999999166 0.001185650 -0.154628664 -0.001034691 -0.001186146 0.999998748 4.644166470
0.999999046 0.000442392 0.001296001 0.072967306 -0.000444085 0.999999046 0.001306160 -0.164948016 -0.001295422 -0.001306735 0.999998331 4.903363705
0.999998868 0.000606243 0.001379599 0.076312251 -0.000608076 0.999998927 0.001329254 -0.174438342 -0.001378792 -0.001330092 0.999998212 5.158734322
0.999998987 0.000498238 0.001362648 0.078972913 -0.000500081 0.999998987 0.001352903 -0.179265022 -0.001361972 -0.001353583 0.999998152 5.424420834
0.999998987 0.000177751 0.001354218 0.085360870 -0.000180154 0.999998391 0.001774251 -0.196147263 -0.001353901 -0.001774493 0.999997497 5.689431190
0.999999106 0.000560554 0.001233253 0.094147116 -0.000562531 0.999998569 0.001602763 -0.202653781 -0.001232353 -0.001603456 0.999997914 5.960363388
0.999999046 0.000216842 0.001337740 0.098333441 -0.000219222 0.999998331 0.001778841 -0.218037084 -0.001337352 -0.001779133 0.999997497 6.219310284
0.999997437 0.001279054 0.001855204 0.099571213 -0.001282318 0.999997675 0.001758943 -0.222700253 -0.001852950 -0.001761317 0.999996722 6.505846500
0.999998927 0.000473082 0.001398434 0.106410921 -0.000474968 0.999998927 0.001348642 -0.225756064 -0.001397796 -0.001349305 0.999998093 6.811611652
0.999998271 0.000883405 0.001672920 0.116250493 -0.000885958 0.999998391 0.001525819 -0.239286363 -0.001671570 -0.001527298 0.999997497 7.101972580
0.999999344 0.000119774 0.001138421 0.125784189 -0.000121803 0.999998331 0.001781893 -0.247524381 -0.001138205 -0.001782030 0.999997735 7.401885986
0.999999166 0.000366877 0.001267086 0.134418517 -0.000369104 0.999998331 0.001757758 -0.259090483 -0.001266439 -0.001758224 0.999997616 7.703682423
0.999998927 0.000511233 0.001335492 0.142279699 -0.000513631 0.999998271 0.001796057 -0.267399639 -0.001334572 -0.001796741 0.999997437 8.025013924
0.999999225 0.000200162 0.001195973 0.154429674 -0.000202465 0.999998212 0.001925397 -0.276307404 -0.001195585 -0.001925638 0.999997377 8.340716362
0.999998927 0.000614141 0.001326562 0.158548012 -0.000616366 0.999998331 0.001677180 -0.283007383 -0.001325530 -0.001677996 0.999997675 8.677508354
0.999999106 0.000423024 0.001292465 0.160835326 -0.000425783 0.999997556 0.002134852 -0.293618143 -0.001291559 -0.002135400 0.999996901 9.016411781
0.999998987 0.000372447 0.001326320 0.165862978 -0.000374619 0.999998510 0.001637282 -0.297316223 -0.001325708 -0.001637777 0.999997735 9.361089706
0.999999225 -0.000072024 0.001252424 0.177629650 0.000069375 0.999997675 0.002115032 -0.316208929 -0.001252573 -0.002114943 0.999996960 9.718063354
0.999999046 0.000206682 0.001389539 0.185223356 -0.000209535 0.999997735 0.002053479 -0.324519813 -0.001389112 -0.002053768 0.999996901 10.061944962
0.999998927 0.000377672 0.001468493 0.186911985 -0.000380658 0.999997854 0.002033677 -0.331368953 -0.001467721 -0.002034234 0.999996781 10.417437553
0.999998987 0.000142711 0.001397687 0.197945043 -0.000146278 0.999996662 0.002552208 -0.359245509 -0.001397318 -0.002552409 0.999995768 10.792014122
0.999998808 -0.000103865 0.001504436 0.204120517 0.000099745 0.999996245 0.002738365 -0.370509803 -0.001504714 -0.002738212 0.999995172 11.169804573
0.999998510 0.000230397 0.001680574 0.207000107 -0.000234871 0.999996424 0.002662184 -0.380859196 -0.001679955 -0.002662575 0.999994993 11.549954414
0.999999225 0.000034611 0.001247823 0.226456985 -0.000038201 0.999995828 0.002877065 -0.394446611 -0.001247718 -0.002877111 0.999995112 11.918961525
0.999999225 -0.000149134 0.001271100 0.235549018 0.000145036 0.999994755 0.003223672 -0.405931115 -0.001271574 -0.003223485 0.999994040 12.300321579
0.999998212 0.000111525 0.001877123 0.242434502 -0.000117380 0.999995112 0.003119179 -0.416329443 -0.001876766 -0.003119394 0.999993443 12.695422173
0.999998033 0.000530139 0.001917971 0.243948027 -0.000536389 0.999994636 0.003259659 -0.428640515 -0.001916232 -0.003260681 0.999992907 13.079850197
0.999998510 -0.000248896 0.001661676 0.254167944 0.000242968 0.999993622 0.003566560 -0.461716175 -0.001662553 -0.003566151 0.999992251 13.495452881
0.999997675 0.000556724 0.002068481 0.259142697 -0.000564064 0.999993563 0.003549663 -0.474456072 -0.002066492 -0.003550822 0.999991596 13.910682678
0.999998093 0.000261808 0.001912625 0.272669971 -0.000268858 0.999993145 0.003686882 -0.478836924 -0.001911646 -0.003687389 0.999991357 14.342043877
0.999997437 -0.000137647 0.002259423 0.277085930 0.000128848 0.999992430 0.003894367 -0.503995061 -0.002259942 -0.003894066 0.999989867 14.745872498
0.999996841 0.000008434 0.002486974 0.290772736 -0.000018412 0.999991894 0.004012374 -0.520505428 -0.002486920 -0.004012407 0.999988914 15.147494316
0.999996126 -0.000681885 0.002695135 0.303777963 0.000670537 0.999990940 0.004209240 -0.529519379 -0.002697981 -0.004207417 0.999987543 15.571907997
0.999995291 -0.000247720 0.003058218 0.325399101 0.000234426 0.999990523 0.004346607 -0.558967948 -0.003059266 -0.004345869 0.999985874 16.036409378
0.999994397 -0.000505531 0.003292986 0.340015978 0.000490429 0.999989450 0.004585472 -0.570382416 -0.003295269 -0.004583832 0.999984086 16.478683472
0.999994338 -0.000049258 0.003351143 0.349608094 0.000032657 0.999987781 0.004953565 -0.586190224 -0.003351345 -0.004953427 0.999982178 16.915353775
0.999991655 0.000383061 0.004068337 0.359485269 -0.000400616 0.999990702 0.004315055 -0.601396859 -0.004066647 -0.004316649 0.999982417 17.397920609
0.999992847 0.000121569 0.003777733 0.370136350 -0.000138067 0.999990463 0.004367200 -0.611229956 -0.003777166 -0.004367691 0.999983370 17.853502274
0.999990165 0.000078330 0.004439455 0.381013811 -0.000096816 0.999991357 0.004163963 -0.624176562 -0.004439090 -0.004164352 0.999981523 18.338718414
0.999987304 0.000490895 0.005011791 0.388660789 -0.000517260 0.999986053 0.005260682 -0.645695925 -0.005009138 -0.005263207 0.999973595 18.803455353
0.999988317 0.000131798 0.004821023 0.404372036 -0.000156793 0.999986529 0.005184614 -0.655815303 -0.004820275 -0.005185310 0.999974966 19.272346497
0.999988854 -0.000562842 0.004686952 0.426954001 0.000538393 0.999986231 0.005216018 -0.665509880 -0.004689823 -0.005213437 0.999975443 19.751014709
0.999987364 -0.000086538 0.005025949 0.437681377 0.000055692 0.999981165 0.006137010 -0.712216020 -0.005026385 -0.006136652 0.999968529 20.210899353
0.999987721 -0.000716304 0.004911023 0.455940664 0.000686857 0.999981821 0.005995296 -0.727213085 -0.004915229 -0.005991848 0.999969959 20.691408157
0.999988496 -0.000171414 0.004792474 0.461450011 0.000141832 0.999980927 0.006172335 -0.742557049 -0.004793440 -0.006171584 0.999969482 21.207393646
0.999993980 -0.000823988 0.003360864 0.487380743 0.000803167 0.999980509 0.006191715 -0.750758350 -0.003365900 -0.006188978 0.999975204 21.757310867
0.999994397 -0.000544759 0.003307426 0.492676407 0.000525245 0.999982536 0.005897949 -0.759637952 -0.003310581 -0.005896179 0.999977171 22.258197784
0.999994576 -0.001254883 0.003065526 0.501205504 0.001235440 0.999979198 0.006336361 -0.775312841 -0.003073414 -0.006332537 0.999975324 22.781133652
0.999996424 -0.000950666 0.002509835 0.521088481 0.000934727 0.999979436 0.006344217 -0.793831468 -0.002515814 -0.006341849 0.999976754 23.274768829
0.999997795 -0.000712797 0.001986369 0.528583527 0.000700917 0.999981880 0.005975141 -0.807371616 -0.001990592 -0.005973735 0.999980211 23.806554794
0.999997318 -0.001926317 0.001298950 0.546328485 0.001918361 0.999979556 0.006098749 -0.824885488 -0.001310671 -0.006096240 0.999980569 24.308467865
0.999999106 -0.001085065 0.000801073 0.555855036 0.001079957 0.999979258 0.006349026 -0.838539481 -0.000807946 -0.006348156 0.999979496 24.831842422
0.999999464 -0.001042716 0.000015948 0.568367183 0.001042588 0.999977529 0.006626558 -0.853688359 -0.000022857 -0.006626538 0.999978065 25.362186432
0.999999642 -0.000732681 -0.000406321 0.573295772 0.000735327 0.999978304 0.006548379 -0.863348067 0.000401514 -0.006548676 0.999978423 25.889207840
0.999999702 -0.000614758 -0.000520390 0.579173863 0.000618201 0.999977767 0.006642923 -0.880164325 0.000516294 -0.006643242 0.999977827 26.420871735
0.999999285 -0.000789641 -0.000928578 0.592580378 0.000796209 0.999974489 0.007094525 -0.889607549 0.000922952 -0.007095260 0.999974370 26.967105865
0.999997973 -0.001378231 -0.001551314 0.605691373 0.001389553 0.999972165 0.007320500 -0.909850001 0.001541181 -0.007322639 0.999971986 27.493122101
0.999997735 -0.001266584 -0.001761304 0.619853079 0.001279076 0.999973893 0.007109497 -0.922564089 0.001752253 -0.007111732 0.999973178 28.044143677
0.999996126 -0.001235749 -0.002483742 0.636832416 0.001255116 0.999968708 0.007811002 -0.939848840 0.002474012 -0.007814089 0.999966383 28.570114136
0.999995470 -0.001287059 -0.002698900 0.648364723 0.001305305 0.999976218 0.006769778 -0.938490272 0.002690123 -0.006773271 0.999973416 29.150568008
0.999993861 -0.001589025 -0.003097590 0.656134903 0.001613873 0.999966383 0.008035746 -0.972250402 0.003084717 -0.008040697 0.999962926 29.636255264
0.999992788 -0.001693342 -0.003387286 0.663344443 0.001721107 0.999964833 0.008210865 -0.983938754 0.003373264 -0.008216636 0.999960482 30.182102203
0.999992073 -0.001689199 -0.003606867 0.674829066 0.001718357 0.999965727 0.008096208 -0.998086095 0.003593067 -0.008102342 0.999960661 30.708206177
0.999992251 -0.001385330 -0.003676996 0.685284078 0.001415179 0.999965966 0.008127799 -1.009688616 0.003665612 -0.008132940 0.999960184 31.248300552
0.999990404 -0.001721233 -0.004025362 0.696936369 0.001754519 0.999964118 0.008280068 -1.027012467 0.004010967 -0.008287050 0.999957621 31.777666092
0.999991119 -0.001572463 -0.003890511 0.703922391 0.001603284 0.999967158 0.007931552 -1.036225915 0.003877912 -0.007937720 0.999961019 32.329490662
0.999990702 -0.001037075 -0.004175403 0.707732737 0.001070346 0.999967635 0.007973863 -1.043595433 0.004166999 -0.007978258 0.999959469 32.846229553
0.999990940 -0.000843794 -0.004153057 0.716185987 0.000875684 0.999970138 0.007682770 -1.046982884 0.004146450 -0.007686337 0.999961793 33.451797485
0.999988973 -0.000946407 -0.004580718 0.725043714 0.000982331 0.999968648 0.007846615 -1.067703605 0.004573147 -0.007851030 0.999958694 33.898269653
0.999987483 -0.000662404 -0.004941904 0.729714751 0.000703377 0.999965310 0.008293957 -1.084699750 0.004936240 -0.008297331 0.999953330 34.446598053
0.999987960 -0.000614596 -0.004853342 0.729014039 0.000653253 0.999967933 0.007967497 -1.094224930 0.004848290 -0.007970573 0.999956429 34.986431122
0.999984503 -0.002431109 -0.005009153 0.746888936 0.002477023 0.999954820 0.009180305 -1.126382589 0.004986607 -0.009192570 0.999945343 35.468181610
0.999986649 -0.001537493 -0.004937725 0.743183017 0.001580713 0.999960363 0.008761032 -1.132264376 0.004924058 -0.008768720 0.999949455 36.013011932
0.999988019 -0.000999524 -0.004806244 0.751995385 0.001039478 0.999964833 0.008317566 -1.145398855 0.004797761 -0.008322462 0.999953866 36.563991547
0.999987900 -0.000986659 -0.004827266 0.757316947 0.001026916 0.999964654 0.008344258 -1.156104326 0.004818862 -0.008349115 0.999953568 37.089530945
0.999984682 -0.001105381 -0.005436682 0.782926977 0.001154620 0.999958277 0.009061913 -1.178456426 0.005426438 -0.009068051 0.999944210 37.617816925
0.999981821 -0.001233515 -0.005921355 0.793947399 0.001285753 0.999960244 0.008826249 -1.178004384 0.005910232 -0.008833702 0.999943554 38.172981262
0.999984384 -0.000532065 -0.005582140 0.825857103 0.000578646 0.999965012 0.008346390 -1.177054882 0.005577504 -0.008349488 0.999949634 38.674415588
0.999984026 -0.000379646 -0.005645053 0.833348751 0.000428949 0.999961793 0.008735119 -1.213157892 0.005641521 -0.008737402 0.999945939 39.271175385
0.999982357 -0.001130183 -0.005816383 0.862244666 0.001184743 0.999955237 0.009385654 -1.236127138 0.005805515 -0.009392380 0.999939024 39.720397949
0.999981165 -0.000871143 -0.006071556 0.876632214 0.000929141 0.999953866 0.009556144 -1.252287507 0.006062951 -0.009561607 0.999935865 40.252784729
0.999985456 -0.000350732 -0.005378538 0.861552954 0.000397908 0.999961436 0.008772570 -1.257792473 0.005375254 -0.008774581 0.999947071 40.812713623
0.999980271 -0.001305680 -0.006133483 0.890349030 0.001364680 0.999952734 0.009624921 -1.275456905 0.006120627 -0.009633101 0.999934793 41.307361603
0.999981701 -0.001230344 -0.005921344 0.900586128 0.001287202 0.999953032 0.009608013 -1.286099792 0.005909245 -0.009615458 0.999936283 41.850475311
0.999981344 -0.001040960 -0.006021741 0.907948613 0.001099808 0.999951601 0.009777525 -1.304438233 0.006011272 -0.009783968 0.999934018 42.368381500
0.999979854 -0.001275496 -0.006212113 0.916125655 0.001337977 0.999948442 0.010064169 -1.317486882 0.006198957 -0.010072278 0.999930024 42.905326843
0.999981880 -0.000913194 -0.005942114 0.921304345 0.000970692 0.999952793 0.009680667 -1.324213147 0.005932991 -0.009686259 0.999935508 43.437862396
0.999982059 -0.001166615 -0.005867584 0.927066684 0.001224556 0.999950409 0.009880887 -1.336890697 0.005855766 -0.009887894 0.999933958 43.963676453
0.999983430 -0.001018234 -0.005664753 0.933682024 0.001073767 0.999951303 0.009808750 -1.343348503 0.005654490 -0.009814669 0.999935865 44.494121552
0.999983311 -0.000866439 -0.005715739 0.943434834 0.000921771 0.999952674 0.009685112 -1.357530355 0.005707077 -0.009690219 0.999936759 45.027973175
0.999983549 -0.001059170 -0.005645780 0.949398100 0.001114529 0.999951243 0.009811196 -1.364835024 0.005635113 -0.009817325 0.999935925 45.564571381
0.999982774 -0.000697727 -0.005830437 0.960271120 0.000754294 0.999952614 0.009705597 -1.379714012 0.005823390 -0.009709827 0.999935925 46.103309631
0.999982715 -0.000648650 -0.005835230 0.967088521 0.000705858 0.999951661 0.009807145 -1.394492745 0.005828586 -0.009811096 0.999934852 46.644920349
0.999979794 -0.000747433 -0.006314243 0.978993773 0.000807602 0.999954224 0.009531875 -1.398707747 0.006306829 -0.009536780 0.999934614 47.194576263
0.999977767 -0.000820412 -0.006607018 0.992141843 0.000884007 0.999953210 0.009628209 -1.412707090 0.006598810 -0.009633836 0.999931872 47.722434998
0.999980807 -0.001038749 -0.006096990 0.988487184 0.001098864 0.999950767 0.009864624 -1.427158594 0.006086443 -0.009871134 0.999932706 48.222469330
0.999977887 -0.001401240 -0.006509183 1.010795355 0.001462285 0.999954879 0.009382989 -1.421694160 0.006495742 -0.009392301 0.999934852 48.816162109
0.999980271 -0.000575320 -0.006257587 1.010462523 0.000637994 0.999949574 0.010018361 -1.449232101 0.006251508 -0.010022154 0.999930263 49.282878876
0.999979794 -0.000960071 -0.006272930 1.016222119 0.001022161 0.999950409 0.009902433 -1.458147049 0.006263112 -0.009908646 0.999931216 49.819034576
0.999982715 -0.000646209 -0.005845699 1.016757011 0.000705735 0.999947846 0.010186415 -1.474055529 0.005838812 -0.010190362 0.999930978 50.348030090
0.999982357 -0.000754571 -0.005895171 1.026293278 0.000814584 0.999947727 0.010184249 -1.481809616 0.005887180 -0.010188871 0.999930680 50.879165649
0.999980927 -0.000596992 -0.006144980 1.034471512 0.000659441 0.999948084 0.010165595 -1.491030097 0.006138590 -0.010169455 0.999929428 51.417518616
0.999984384 -0.000151802 -0.005578181 1.041350365 0.000210349 0.999944866 0.010496624 -1.507300377 0.005576280 -0.010497633 0.999929368 51.949203491
0.999983311 -0.000183620 -0.005772969 1.045856357 0.000242267 0.999948323 0.010159680 -1.512374520 0.005770805 -0.010160909 0.999931693 52.429737091
0.999983966 -0.000469112 -0.005642476 1.044667959 0.000526077 0.999948800 0.010098468 -1.526482940 0.005637451 -0.010101276 0.999933064 52.955463409
0.999982536 -0.000808299 -0.005851822 1.067828774 0.000867124 0.999949038 0.010056768 -1.540753126 0.005843395 -0.010061667 0.999932289 53.475028992
0.999986708 -0.000038290 -0.005157833 1.033971906 0.000092300 0.999945164 0.010471459 -1.561555982 0.005157148 -0.010471798 0.999931931 53.988197327
0.999984741 -0.000428608 -0.005508706 1.076490521 0.000486951 0.999943733 0.010594206 -1.577388525 0.005503856 -0.010596724 0.999928713 54.480857849
0.999985695 -0.000170005 -0.005346017 1.078304291 0.000226537 0.999943972 0.010575477 -1.583073616 0.005343921 -0.010576537 0.999929726 55.003143311
0.999982059 -0.000506854 -0.005955795 1.093509197 0.000568660 0.999945998 0.010380326 -1.589017868 0.005950212 -0.010383528 0.999928355 55.551109314
0.999983251 -0.000263969 -0.005786025 1.096744895 0.000324635 0.999944985 0.010486465 -1.600281119 0.005782939 -0.010488166 0.999928236 56.050899506
0.999983549 -0.000451341 -0.005702706 1.110288143 0.000511979 0.999943256 0.010636313 -1.613301277 0.005697582 -0.010639059 0.999927104 56.546661377
0.999985635 -0.000681223 -0.005328910 1.121157527 0.000736641 0.999945581 0.010404424 -1.607339025 0.005321534 -0.010408198 0.999931693 57.123043060
0.999983966 -0.001100353 -0.005551321 1.123470068 0.001159752 0.999942005 0.010708178 -1.640166044 0.005539216 -0.010714447 0.999927282 57.587909698
0.999983668 -0.001320231 -0.005577864 1.133569360 0.001378187 0.999945104 0.010399297 -1.646374702 0.005563828 -0.010406816 0.999930382 58.108104706
0.999981940 -0.001638400 -0.005785233 1.143515468 0.001699087 0.999943435 0.010500716 -1.654367566 0.005767701 -0.010510355 0.999928117 58.624393463
0.999983966 -0.001633361 -0.005412830 1.139273643 0.001691479 0.999940813 0.010749949 -1.670883179 0.005394949 -0.010758935 0.999927521 59.120014191
0.999981105 -0.002108777 -0.005763310 1.150413394 0.002170883 0.999939442 0.010791230 -1.682549000 0.005740205 -0.010803539 0.999925077 59.646942139
0.999983430 -0.001729570 -0.005479750 1.163587093 0.001788389 0.999940634 0.010747121 -1.698875189 0.005460838 -0.010756744 0.999927163 60.192180634
0.999980390 -0.001639340 -0.006028505 1.212409496 0.001709451 0.999930799 0.011643147 -1.732832909 0.006009002 -0.011653226 0.999913931 60.678981781
0.999978125 -0.001890841 -0.006345169 1.203393698 0.001964624 0.999930382 0.011642268 -1.737848163 0.006322713 -0.011654479 0.999912024 61.219161987
0.999976754 -0.001555876 -0.006632919 1.295622706 0.001632077 0.999932587 0.011498463 -1.734012842 0.006614582 -0.011509023 0.999911904 61.664756775
0.999980986 -0.001129751 -0.006056764 1.283249617 0.001205007 0.999921918 0.012435943 -1.762413502 0.006042243 -0.012443006 0.999904275 62.151000977
0.999969542 -0.002961872 -0.007209212 1.284213781 0.003047040 0.999925375 0.011831707 -1.770213723 0.007173631 -0.011853315 0.999903977 62.715007782
0.999978364 -0.001557964 -0.006399146 1.287874222 0.001636077 0.999924064 0.012219850 -1.786344647 0.006379622 -0.012230054 0.999904871 63.344940186
0.999975085 -0.003004782 -0.006374744 1.233278394 0.003083739 0.999918163 0.012412448 -1.865089536 0.006336926 -0.012431797 0.999902666 63.689361572
0.999981821 -0.001924990 -0.005698463 1.243822336 0.001993085 0.999926448 0.011968365 -1.873313904 0.005675006 -0.011979504 0.999912202 64.230422974
0.999980509 -0.002506741 -0.005712063 1.255686522 0.002576698 0.999921322 0.012272916 -1.883497000 0.005680850 -0.012287395 0.999908447 64.770469666
0.999980807 -0.001906960 -0.005882619 1.266153932 0.001979184 0.999922454 0.012296279 -1.867624044 0.005858716 -0.012307687 0.999907136 65.282760620
0.999981880 -0.002670014 -0.005390128 1.244528055 0.002735962 0.999921024 0.012264824 -1.874518514 0.005356956 -0.012279350 0.999910235 65.823036194
0.999983191 -0.002399915 -0.005272316 1.226295233 0.002467929 0.999913335 0.012931877 -1.922786474 0.005240825 -0.012944670 0.999902487 66.363365173
0.999979138 -0.003270318 -0.005565288 1.359232903 0.003340326 0.999914825 0.012616930 -1.889548063 0.005523553 -0.012635257 0.999904871 66.294990540
0.999982357 -0.002623566 -0.005321776 1.371678948 0.002692415 0.999912262 0.012971579 -1.910948038 0.005287276 -0.012985680 0.999901712 66.832427979
0.999980688 -0.002869967 -0.005518751 1.380579472 0.002944456 0.999904037 0.013537084 -1.919295430 0.005479370 -0.013553072 0.999893129 67.386764526
0.999972820 -0.004297211 -0.005993252 1.390458465 0.004373355 0.999909103 0.012750167 -1.922311425 0.005937917 -0.012776031 0.999900699 67.945526123
0.999983370 -0.002116393 -0.005354911 1.471793056 0.002186587 0.999911308 0.013136683 -1.930513382 0.005326632 -0.013148175 0.999899328 68.022636414
0.999973714 -0.003656411 -0.006259303 1.377883315 0.003731785 0.999920189 0.012072811 -1.878318071 0.006214659 -0.012095852 0.999907494 69.086654663
0.999977469 -0.003257936 -0.005856750 1.506509423 0.003334314 0.999908805 0.013078845 -1.958106995 0.005813607 -0.013098078 0.999897301 69.129226685
0.999981463 -0.003125578 -0.005223140 1.465774536 0.003194103 0.999908268 0.013162907 -1.971711636 0.005181519 -0.013179346 0.999899745 69.516609192
0.999979913 -0.002755038 -0.005695995 1.516631365 0.002829242 0.999910712 0.013060776 -1.964623451 0.005659502 -0.013076629 0.999898434 70.280540466
0.999985754 -0.002277926 -0.004826187 1.481852531 0.002340430 0.999912918 0.012985190 -1.993671179 0.004796186 -0.012996302 0.999904037 70.612976074
0.999980271 -0.003312939 -0.005341840 1.511091590 0.003385371 0.999901652 0.013607791 -2.014261961 0.005296234 -0.013625605 0.999893069 70.916122437
0.999980509 -0.003513304 -0.005151180 1.541480660 0.003583393 0.999900222 0.013660931 -2.034568787 0.005102672 -0.013679123 0.999893427 71.456115723
0.999984205 -0.003083155 -0.004692028 1.546532393 0.003147961 0.999898911 0.013867763 -2.047054291 0.004648797 -0.013882317 0.999892831 72.005538940
0.999976635 -0.004214716 -0.005377944 1.559151173 0.004288931 0.999894679 0.013863862 -2.071782112 0.005318943 -0.013886604 0.999889433 72.579147339
0.999983668 -0.003416531 -0.004581577 1.549478292 0.003479815 0.999897599 0.013876624 -2.081120014 0.004533698 -0.013892340 0.999893248 73.164772034
0.999985933 -0.003028420 -0.004361779 1.562889457 0.003089091 0.999897659 0.013970734 -2.090194702 0.004319023 -0.013984011 0.999892950 73.696060181
0.999980092 -0.004116307 -0.004781708 1.557377815 0.004181440 0.999897540 0.013692273 -2.100867748 0.004724856 -0.013711995 0.999894738 74.254913330
0.999984741 -0.003148905 -0.004528044 1.568631768 0.003213234 0.999893010 0.014270380 -2.119451046 0.004482622 -0.014284712 0.999887884 74.699485779
0.999981344 -0.004066616 -0.004562999 1.569187045 0.004130846 0.999891222 0.014156273 -2.120176792 0.004504938 -0.014174857 0.999889374 75.309829712
0.999985874 -0.003497117 -0.004015893 1.580106497 0.003552198 0.999898612 0.013791655 -2.132238865 0.003967256 -0.013805725 0.999896824 75.865104675
0.999984205 -0.003813490 -0.004118822 1.588145733 0.003871471 0.999892235 0.014162222 -2.139988422 0.004064368 -0.014177943 0.999891222 76.406372070
0.999983132 -0.003685125 -0.004489298 1.590860486 0.003747128 0.999896586 0.013881970 -2.149153709 0.004437676 -0.013898557 0.999893546 76.968193054
0.999985993 -0.003419556 -0.004042856 1.601209044 0.003474424 0.999900877 0.013643350 -2.153128147 0.003995801 -0.013657206 0.999898732 77.513031006
0.999990106 -0.003599098 -0.002606329 1.615370035 0.003634388 0.999900043 0.013664324 -2.162240982 0.002556890 -0.013673661 0.999903262 78.047660828
0.999995589 -0.002758288 -0.001026727 1.627756715 0.002771728 0.999907315 0.013327765 -2.178894281 0.000989870 -0.013330553 0.999910653 78.586395264
0.999994397 -0.003240847 -0.000830107 1.681160927 0.003251941 0.999900460 0.013730551 -2.230185032 0.000785525 -0.013733174 0.999905407 79.029159546
0.999993443 -0.003259621 0.001561210 1.637039304 0.003237969 0.999901235 0.013675881 -2.204894543 -0.001605634 -0.013670734 0.999905288 79.712326050
0.999983191 -0.003100364 0.004895089 1.652406454 0.003033453 0.999902725 0.013617679 -2.220693111 -0.004936832 -0.013602600 0.999895334 80.256866455
0.999961138 -0.002064905 0.008587803 1.677915812 0.001948773 0.999906778 0.013509344 -2.220983982 -0.008614900 -0.013492080 0.999871850 80.843933105
0.999936521 -0.002524579 0.010979688 1.706069708 0.002377034 0.999906898 0.013430385 -2.225891590 -0.011012572 -0.013403432 0.999849558 81.388298035
0.999888122 -0.002642184 0.014723497 1.743221402 0.002448740 0.999910593 0.013141017 -2.242320538 -0.014756903 -0.013103493 0.999805272 81.874946594
0.999778807 -0.002085271 0.020929992 1.781705499 0.001802834 0.999907136 0.013504161 -2.257412910 -0.020956209 -0.013463440 0.999689698 82.411613464
0.999646485 -0.003024538 0.026417825 1.855103254 0.002677980 0.999909997 0.013143905 -2.234718800 -0.026455201 -0.013068512 0.999564588 83.027259827
0.999477923 -0.003115678 0.032159604 1.892562866 0.002664878 0.999897659 0.014050941 -2.294893503 -0.032200094 -0.013957903 0.999383986 83.492744446
0.999179482 -0.003616392 0.040342983 1.961361766 0.003072522 0.999903679 0.013535015 -2.337548494 -0.040388048 -0.013399955 0.999094188 84.223190308
0.998793781 -0.003500092 0.048977185 2.007735252 0.002844346 0.999905407 0.013452115 -2.354021311 -0.049019650 -0.013296578 0.998709261 84.767013550
0.998432934 -0.003683477 0.055839717 2.059717894 0.002921400 0.999901533 0.013723084 -2.366577148 -0.055884771 -0.013538447 0.998345375 85.287773132
0.997892082 -0.004091345 0.064765818 2.119952917 0.003232343 0.999905407 0.013362445 -2.374277592 -0.064814366 -0.013124934 0.997811019 85.835739136
0.997191608 -0.004231227 0.074772701 2.185449600 0.003227315 0.999903023 0.013541912 -2.392449379 -0.074822761 -0.013262567 0.997108638 86.361923218
0.996474445 -0.004554097 0.083772913 2.250211239 0.003453006 0.999905825 0.013283947 -2.395180225 -0.083825521 -0.012947846 0.996396244 86.964103699
0.995768189 -0.004952438 0.091766305 2.326694489 0.003790600 0.999910474 0.012830805 -2.407094002 -0.091821641 -0.012428655 0.995698035 87.514808655
0.994738460 -0.004810270 0.102333538 2.412619114 0.003480403 0.999907196 0.013170004 -2.418032169 -0.102387391 -0.012744549 0.994662941 88.065422058
0.993615210 -0.005317067 0.112696216 2.503978729 0.003869751 0.999907255 0.013057490 -2.424397469 -0.112755202 -0.012538015 0.993543684 88.627761841
0.992547691 -0.005907834 0.121713728 2.593771935 0.004371380 0.999907374 0.012886670 -2.436199427 -0.121778592 -0.012258576 0.992481530 89.181564331
0.991069257 -0.005203716 0.133246481 2.683570862 0.003523858 0.999911368 0.012839865 -2.434307098 -0.133301482 -0.012255652 0.990999758 89.770881653
0.989382923 -0.005497646 0.145228371 2.786540985 0.003749577 0.999917269 0.012307675 -2.439046383 -0.145284012 -0.011632457 0.989321649 90.301597595
0.987766802 -0.006379699 0.155808553 2.909555435 0.004499277 0.999912739 0.012418493 -2.457073927 -0.155874178 -0.011565546 0.987709224 90.867240906
0.986175120 -0.006331388 0.165585577 3.017785072 0.004295998 0.999910712 0.012647340 -2.463687420 -0.165650874 -0.011761137 0.986114323 91.435714722
0.984100401 -0.006445928 0.177496135 3.144603729 0.004307224 0.999913454 0.012431985 -2.474913120 -0.177560911 -0.011469806 0.984042943 91.984230042
0.981727183 -0.006574583 0.190180361 3.274352074 0.004247312 0.999911010 0.012642194 -2.485447884 -0.190246567 -0.011603429 0.981667757 92.540176392
0.979545951 -0.006886080 0.201102808 3.408141136 0.004443639 0.999910831 0.012594139 -2.492887974 -0.201171592 -0.011442909 0.979489207 93.097198486
0.976809740 -0.007050425 0.213992953 3.555932999 0.004466467 0.999911189 0.012556068 -2.503339767 -0.214062512 -0.011309097 0.976754427 93.648223877
0.973794162 -0.007307677 0.227313802 3.706912994 0.004547848 0.999909461 0.012662441 -2.515623331 -0.227385744 -0.011296825 0.973739207 94.186775208
0.970903695 -0.007270248 0.239360169 3.859516144 0.004399724 0.999911845 0.012524636 -2.531222582 -0.239430144 -0.011107097 0.970850050 94.715896606
0.967992127 -0.008382960 0.250840575 4.051431656 0.005339209 0.999903679 0.012812283 -2.539875507 -0.250923812 -0.011062899 0.967943609 95.298698425
0.964229584 -0.008687820 0.264926046 4.240270615 0.005417657 0.999899805 0.013071900 -2.559520245 -0.265013009 -0.011169033 0.964180112 95.824272156
0.960766494 -0.008675288 0.277222782 4.425388336 0.005249445 0.999900460 0.013097528 -2.574941158 -0.277308851 -0.011128403 0.960716307 96.361213684
0.957340002 -0.008786663 0.288830012 4.609401703 0.005179144 0.999898791 0.013251987 -2.583695412 -0.288917214 -0.011190766 0.957288623 96.905067444
0.952934563 -0.008449564 0.303058296 4.807046890 0.004744603 0.999904871 0.012959429 -2.584913015 -0.303138882 -0.010911597 0.952883899 97.458587646
0.948426783 -0.008742237 0.316875547 5.017738342 0.004637511 0.999895334 0.013705639 -2.604525566 -0.316962093 -0.011529281 0.948368132 97.996971130
0.944441855 -0.009408488 0.328543782 5.219968796 0.005271730 0.999895215 0.013479669 -2.609055042 -0.328636199 -0.010998767 0.944392562 98.541610718
0.939902067 -0.008883520 0.341328561 5.437973022 0.004427720 0.999894500 0.013831130 -2.629073620 -0.341415495 -0.011488599 0.939842284 99.061576843
0.934601963 -0.009481007 0.355568975 5.665739059 0.004864683 0.999891818 0.013874779 -2.635463238 -0.355662078 -0.011237666 0.934547067 99.595214844
0.930045187 -0.010265999 0.367301673 5.894111633 0.005397163 0.999883413 0.014280351 -2.649973392 -0.367405534 -0.011298983 0.929992199 100.103904724
0.925298452 -0.010641373 0.379090339 6.115343094 0.005741019 0.999884725 0.014054669 -2.657134056 -0.379196167 -0.010828400 0.925252855 100.622421265
0.919294894 -0.010638019 0.393425584 6.365915298 0.005650867 0.999888361 0.013832394 -2.661223888 -0.393528819 -0.010492854 0.919252396 101.153060913
0.914030373 -0.012309389 0.405458987 6.621463776 0.007160012 0.999873340 0.014214416 -2.670485973 -0.405582547 -0.010089317 0.914002717 101.645652771
0.909175217 -0.012902335 0.416213810 6.872985840 0.007748745 0.999871016 0.014068979 -2.678017139 -0.416341662 -0.009566032 0.909157872 102.153083801
0.903555155 -0.013151120 0.428270102 7.132770538 0.007488829 0.999860883 0.014903499 -2.694060326 -0.428406566 -0.010258889 0.903527856 102.631248474
0.896985710 -0.013424270 0.441855550 7.426864624 0.007596883 0.999859273 0.014955308 -2.730266094 -0.441994071 -0.010057974 0.896961570 103.115463257
0.890989542 -0.014049338 0.453806400 7.701534271 0.008038259 0.999852598 0.015172246 -2.737561703 -0.453952640 -0.009870499 0.890971124 103.611740112
0.885348976 -0.014951547 0.464686602 7.980678558 0.008869111 0.999844015 0.015272563 -2.752097607 -0.464842469 -0.009400194 0.885343492 104.070411682
0.878002584 -0.014566394 0.478434205 8.273818970 0.008474064 0.999853253 0.014890253 -2.758232594 -0.478580862 -0.009019396 0.877997160 104.563034058
