1.000000000 0.000000000 0.000000000 0.000000000 0.000000000 1.000000000 0.000000000 0.000000000 0.000000000 0.000000000 1.000000000 0.000000000
1.000000000 0.000059758 0.000039208 -0.000654476 -0.000059761 1.000000000 0.000069217 0.000011554 -0.000039204 -0.000069219 1.000000000 -0.000095963
1.000000000 -0.000016783 0.000083810 -0.001037506 0.000016784 1.000000000 -0.000019436 0.000313309 -0.000083810 0.000019437 1.000000000 -0.000162401
1.000000000 0.000065393 0.000050089 -0.000284090 -0.000065395 1.000000000 0.000031201 -0.000110177 -0.000050087 -0.000031204 1.000000000 0.000219818
1.000000000 0.000077378 0.000187621 -0.001583052 -0.000077388 1.000000000 0.000056786 -0.000582175 -0.000187616 -0.000056801 1.000000000 -0.000120252
1.000000000 -0.000135244 -0.000004315 0.000024225 0.000135244 1.000000000 -0.000027858 0.000289355 0.000004319 0.000027857 1.000000000 0.000008710
1.000000000 0.000063859 0.000155709 -0.001762788 -0.000063868 1.000000000 0.000052546 -0.000367035 -0.000155706 -0.000052556 1.000000000 -0.000039527
1.000000000 0.000022329 0.000086489 -0.001066518 -0.000022327 1.000000000 -0.000024027 -0.000200339 -0.000086490 0.000024025 1.000000000 -0.000719288
1.000000000 0.000064780 0.000152062 -0.001240488 -0.000064781 1.000000000 0.000008293 -0.001007734 -0.000152062 -0.000008303 1.000000000 -0.000813472
1.000000000 0.000103041 0.000141610 -0.001534101 -0.000103060 1.000000000 0.000132724 -0.001033874 -0.000141596 -0.000132739 1.000000000 0.000714024
1.000000000 0.000057248 0.000143677 -0.001316345 -0.000057256 1.000000000 0.000054925 -0.000202232 -0.000143674 -0.000054933 1.000000000 -0.000427566
1.000000000 0.000111335 0.000136596 -0.001404505 -0.000111345 1.000000000 0.000072668 -0.001170137 -0.000136588 -0.000072683 1.000000000 -0.000856703
1.000000000 0.000051931 0.000137908 -0.000913987 -0.000051937 1.000000000 0.000044115 -0.000163945 -0.000137906 -0.000044122 1.000000000 0.000077730
1.000000000 0.000142781 0.000111832 -0.001343652 -0.000142769 1.000000000 -0.000110952 0.000929538 -0.000111848 0.000110936 1.000000000 0.000174875
1.000000000 0.000113625 0.000095812 -0.001097791 -0.000113626 1.000000000 0.000008490 0.000407405 -0.000095811 -0.000008501 1.000000000 0.000077014
0.999999940 0.000261559 0.000197053 -0.001931715 -0.000261545 0.999999940 -0.000070793 0.001466429 -0.000197071 0.000070741 1.000000000 0.001368338
0.999999881 0.000383206 0.000205444 -0.002684941 -0.000383200 0.999999940 -0.000028673 0.000860450 -0.000205455 0.000028594 1.000000000 0.002059597
0.999999940 0.000231117 0.000246401 -0.002187973 -0.000231118 1.000000000 0.000004498 0.001266132 -0.000246400 -0.000004555 0.999999940 0.002125838
0.999999940 0.000193372 0.000253517 -0.002140745 -0.000193352 1.000000000 -0.000079387 0.000854723 -0.000253533 0.000079338 0.999999940 0.000825013
0.999999940 0.000253033 0.000242728 -0.002491500 -0.000253035 0.999999940 0.000005346 0.000301274 -0.000242726 -0.000005407 1.000000000 0.001483251
0.999999940 0.000360658 0.000208265 -0.002276130 -0.000360641 0.999999940 -0.000084698 0.001488001 -0.000208296 0.000084623 1.000000000 0.001288575
0.999999940 0.000291928 0.000197363 -0.002223027 -0.000291918 0.999999940 -0.000049825 0.000745877 -0.000197378 0.000049768 1.000000000 0.001815466
0.999999940 0.000179964 0.000193539 -0.002302922 -0.000179963 1.000000000 -0.000001784 0.000457403 -0.000193539 0.000001749 1.000000000 0.000744563
0.999999940 0.000379774 0.000176990 -0.002140008 -0.000379774 0.999999940 0.000000752 0.001492218 -0.000176990 -0.000000820 1.000000000 0.002383855
0.999999881 0.000350350 0.000249326 -0.002155624 -0.000350357 0.999999940 0.000026456 0.000933419 -0.000249316 -0.000026543 0.999999940 0.001973613
0.999999940 0.000310317 0.000282737 -0.002529792 -0.000310300 0.999999940 -0.000057964 0.002486798 -0.000282755 0.000057876 0.999999940 0.002689752
0.999999940 0.000346961 0.000234772 -0.002087096 -0.000346973 0.999999940 0.000053256 0.001252053 -0.000234753 -0.000053337 1.000000000 0.002279524
0.999999881 0.000418538 0.000160379 -0.002183991 -0.000418519 0.999999881 -0.000120387 0.002132149 -0.000160429 0.000120319 1.000000000 0.001104864
0.999999881 0.000420076 0.000153788 -0.001981013 -0.000420059 0.999999881 -0.000111835 0.002157134 -0.000153835 0.000111770 1.000000000 0.000495123
0.999999881 0.000411369 0.000272853 -0.002399078 -0.000411360 0.999999940 -0.000036236 0.000558810 -0.000272868 0.000036124 0.999999940 0.001033575
0.999999881 0.000382389 0.000319869 -0.002760437 -0.000382380 0.999999940 -0.000028974 0.001834144 -0.000319880 0.000028851 0.999999940 0.002361242
0.999999881 0.000381766 0.000208136 -0.001739392 -0.000381749 0.999999940 -0.000084276 0.002190641 -0.000208168 0.000084196 1.000000000 0.002645095
0.999999881 0.000471194 0.000265056 -0.002329400 -0.000471196 0.999999881 0.000006239 0.000259708 -0.000265053 -0.000006364 0.999999940 0.000295810
0.999999821 0.000520798 0.000336436 -0.003458925 -0.000520796 0.999999881 -0.000007152 0.000890578 -0.000336439 0.000006977 0.999999940 0.002624919
0.999999881 0.000415939 0.000224198 -0.001604617 -0.000415914 0.999999881 -0.000114995 0.001580526 -0.000224246 0.000114902 0.999999940 0.001896851
0.999999881 0.000388197 0.000257553 -0.003107514 -0.000388187 0.999999940 -0.000038145 0.001577834 -0.000257567 0.000038045 0.999999940 0.002017864
0.999999881 0.000458575 0.000205289 -0.002468173 -0.000458557 0.999999881 -0.000087601 0.002782594 -0.000205329 0.000087507 1.000000000 0.001970353
0.999999821 0.000525532 0.000321737 -0.003183298 -0.000525518 0.999999881 -0.000042999 0.002053220 -0.000321759 0.000042830 0.999999940 0.002456083
0.999999881 0.000447500 0.000217326 -0.001362393 -0.000447497 0.999999881 -0.000016272 0.001928207 -0.000217333 0.000016174 1.000000000 0.001063691
0.999999940 0.000326919 0.000225585 -0.001606717 -0.000326901 0.999999940 -0.000081157 0.000718040 -0.000225611 0.000081083 1.000000000 0.000563113
0.999996901 0.002338871 -0.000824805 -0.002490818 -0.002339334 0.999997020 -0.000560946 -0.003817259 0.000823490 0.000562874 0.999999464 0.053874079
0.999997258 0.002159536 -0.000914258 -0.000236084 -0.002160586 0.999996901 -0.001149439 -0.005243060 0.000911773 0.001151411 0.999998927 0.145480528
0.999995828 0.002784145 -0.000788835 -0.000122363 -0.002785084 0.999995410 -0.001192194 -0.011935513 0.000785512 0.001194386 0.999998987 0.256217420
0.999995828 0.002811344 -0.000736857 0.002930795 -0.002812193 0.999995410 -0.001153289 -0.015137371 0.000733611 0.001155356 0.999999046 0.388127625
0.999995708 0.002805676 -0.000869626 0.005010691 -0.002806492 0.999995589 -0.000938473 -0.018540133 0.000866989 0.000940910 0.999999225 0.530250609
0.999994993 0.003117226 -0.000587724 0.008884969 -0.003117722 0.999994695 -0.000843968 -0.022188524 0.000585090 0.000845796 0.999999464 0.687377572
0.999995768 0.002853159 -0.000726002 0.016820516 -0.002853516 0.999995828 -0.000490027 -0.027726887 0.000724601 0.000492097 0.999999642 0.849135756
0.999996006 0.002735925 -0.000706203 0.011891059 -0.002736310 0.999996126 -0.000544361 -0.028036466 0.000704711 0.000546291 0.999999583 1.019841194
0.999995768 0.002829786 -0.000729499 0.016241476 -0.002830041 0.999996006 -0.000349386 -0.033502199 0.000728507 0.000351449 0.999999702 1.194554687
0.999995947 0.002815460 -0.000405740 0.016245497 -0.002815310 0.999995947 0.000368953 -0.051075187 0.000406777 -0.000367809 0.999999821 1.369185686
0.999994874 0.003110970 -0.000748461 0.019010898 -0.003110802 0.999995112 0.000226104 -0.053402130 0.000749161 -0.000223774 0.999999762 1.561957240
0.999998093 0.001911322 -0.000206791 0.022386793 -0.001911207 0.999998033 0.000553018 -0.057580132 0.000207847 -0.000552622 0.999999821 1.785084963
0.999996841 0.002487099 0.000030895 0.023322806 -0.002487130 0.999996305 0.001058239 -0.071040355 -0.000028263 -0.001058313 0.999999464 1.957624555
0.999997616 0.002182544 0.000141421 0.024025438 -0.002182684 0.999997139 0.000991526 -0.077263504 -0.000139256 -0.000991832 0.999999523 2.169315815
0.999998689 0.001697789 0.000106614 0.031004019 -0.001697897 0.999998033 0.001019174 -0.081460498 -0.000104884 -0.001019353 0.999999404 2.391380787
0.999997854 0.002066450 0.000327637 0.033131968 -0.002066754 0.999997437 0.000929115 -0.087041453 -0.000325716 -0.000929791 0.999999464 2.614924431
0.999997139 0.002369468 0.000329904 0.039399806 -0.002369850 0.999996543 0.001161719 -0.094023354 -0.000327151 -0.001162498 0.999999285 2.847901583
0.999997139 0.002324300 0.000541351 0.044165354 -0.002324963 0.999996603 0.001227285 -0.097615704 -0.000538497 -0.001228541 0.999999166 3.090866327
0.999997079 0.002383846 0.000396763 0.052493922 -0.002384240 0.999996662 0.000995700 -0.104310974 -0.000394388 -0.000996643 0.999999404 3.328458309
0.999997675 0.002060142 0.000594646 0.054809600 -0.002060781 0.999997318 0.001077280 -0.113407463 -0.000592425 -0.001078503 0.999999166 3.579904556
0.999996960 0.002352044 0.000699698 0.058670800 -0.002352750 0.999996722 0.001008853 -0.119100869 -0.000697322 -0.001010496 0.999999166 3.836587191
0.999996483 0.002457017 0.000974082 0.059244327 -0.002457878 0.999996543 0.000883009 -0.120753296 -0.000971909 -0.000885400 0.999999106 4.095866680
0.999996185 0.002633662 0.000821843 0.066345982 -0.002634376 0.999996126 0.000867882 -0.125318453 -0.000819554 -0.000870043 0.999999285 4.354692459
0.999996722 0.002293979 0.001159268 0.068680182 -0.002294958 0.999997079 0.000843932 -0.133004263 -0.001157329 -0.000846590 0.999998927 4.611881256
0.999997973 0.001718011 0.000975905 0.078096330 -0.001718955 0.999998033 0.000967792 -0.139664859 -0.000974240 -0.000969468 0.999998987 4.868814468
0.999997973 0.001802014 0.000805687 0.084673196 -0.001802809 0.999997854 0.000986908 -0.147339672 -0.000803907 -0.000988358 0.999999166 5.126833439
0.999997556 0.001873419 0.001146148 0.086839564 -0.001874491 0.999997795 0.000935812 -0.154097155 -0.001144392 -0.000937959 0.999998927 5.399216175
0.999997497 0.001807136 0.001308271 0.087665357 -0.001808679 0.999997675 0.001179778 -0.164058104 -0.001306136 -0.001182142 0.999998450 5.667141438
0.999996781 0.002017798 0.001550477 0.088725761 -0.002019195 0.999997556 0.000899543 -0.170577049 -0.001548658 -0.000902671 0.999998331 5.935577393
0.999995887 0.002319530 0.001745796 0.091811270 -0.002321081 0.999996960 0.000887324 -0.180022493 -0.001743733 -0.000891373 0.999998033 6.214590549
0.999997318 0.001746416 0.001508300 0.111010954 -0.001747936 0.999997973 0.001006665 -0.181711033 -0.001506539 -0.001009299 0.999998331 6.507659912
0.999996841 0.001994651 0.001509820 0.114056617 -0.001996040 0.999997556 0.000918560 -0.190756902 -0.001507985 -0.000921571 0.999998450 6.796690464
0.999997258 0.002022966 0.001182887 0.122666001 -0.002024001 0.999997497 0.000873731 -0.200840592 -0.001181116 -0.000876123 0.999998927 7.101450920
0.999996841 0.001987208 0.001541745 0.129720330 -0.001989134 0.999997258 0.001249017 -0.214939877 -0.001539259 -0.001252080 0.999997973 7.399103642
0.999997139 0.001836480 0.001489009 0.134110987 -0.001838338 0.999997556 0.001247868 -0.225694120 -0.001486714 -0.001250602 0.999998093 7.702555180
0.999997020 0.001728723 0.001724425 0.138980076 -0.001730669 0.999997854 0.001127859 -0.229536548 -0.001722472 -0.001130840 0.999997854 8.023887634
0.999995291 0.002229045 0.002102022 0.141195416 -0.002231306 0.999996960 0.001073943 -0.236322701 -0.002099622 -0.001078628 0.999997199 8.343541145
0.999997199 0.001628838 0.001718630 0.156572282 -0.001630728 0.999998093 0.001099189 -0.245996207 -0.001716836 -0.001101988 0.999997914 8.670242310
0.999995649 0.002218589 0.001940897 0.161947981 -0.002220767 0.999996901 0.001120565 -0.257609367 -0.001938405 -0.001124870 0.999997497 9.001455307
0.999994099 0.002880856 0.001856012 0.167559415 -0.002882817 0.999995291 0.001054822 -0.269040257 -0.001852965 -0.001060167 0.999997735 9.337987900
0.999992847 0.003073566 0.002189740 0.171189666 -0.003075779 0.999994695 0.001008333 -0.279906064 -0.002186629 -0.001015060 0.999997079 9.684546471
0.999992251 0.003109952 0.002419905 0.177284643 -0.003112708 0.999994516 0.001136260 -0.289645344 -0.002416358 -0.001143784 0.999996424 10.037256241
0.999994695 0.002626948 0.001922178 0.191831529 -0.002629479 0.999995649 0.001315236 -0.304711044 -0.001918715 -0.001320284 0.999997258 10.399972916
0.999995112 0.002456557 0.001934869 0.200707510 -0.002458786 0.999996305 0.001150210 -0.311105639 -0.001932037 -0.001154962 0.999997437 10.758629799
0.999995172 0.002541962 0.001773834 0.208426028 -0.002544056 0.999996006 0.001179103 -0.320281088 -0.001770830 -0.001183610 0.999997735 11.127442360
0.999996305 0.002233466 0.001620976 0.221048385 -0.002235227 0.999996841 0.001085123 -0.326308519 -0.001618547 -0.001088742 0.999998093 11.506460190
0.999993980 0.002878435 0.001947995 0.226833060 -0.002880206 0.999995470 0.000907119 -0.333002239 -0.001945375 -0.000912724 0.999997675 11.890574455
0.999994457 0.002623429 0.002050692 0.232565165 -0.002626157 0.999995649 0.001329128 -0.350374371 -0.002047196 -0.001334506 0.999997020 12.267318726
0.999993443 0.002588426 0.002520100 0.242672861 -0.002592808 0.999995232 0.001737109 -0.365287930 -0.002515592 -0.001743632 0.999995351 12.655797958
0.999993443 0.002783286 0.002307232 0.249953151 -0.002786859 0.999994934 0.001546394 -0.372486085 -0.002302917 -0.001552814 0.999996126 13.064628601
0.999994993 0.002047000 0.002385159 0.265583158 -0.002051251 0.999996364 0.001781286 -0.385818630 -0.002381504 -0.001786169 0.999995589 13.464139938
0.999993980 0.002312161 0.002625525 0.268371969 -0.002316922 0.999995589 0.001811788 -0.398324579 -0.002621325 -0.001817860 0.999994874 13.870188713
0.999991894 0.002837229 0.002867081 0.276007473 -0.002842543 0.999994159 0.001851053 -0.406453311 -0.002861813 -0.001859188 0.999994099 14.287113190
0.999988973 0.003219912 0.003434958 0.282050222 -0.003225667 0.999993443 0.001671180 -0.418812335 -0.003429554 -0.001682242 0.999992669 14.706654549
0.999990106 0.002671744 0.003550767 0.299591750 -0.002678260 0.999994755 0.001831597 -0.430388302 -0.003545855 -0.001841089 0.999992013 15.147752762
0.999988139 0.003065848 0.003789142 0.308901936 -0.003072514 0.999993742 0.001754615 -0.443073243 -0.003783739 -0.001766237 0.999991298 15.592437744
0.999986291 0.003136344 0.004180091 0.319577128 -0.003143379 0.999993622 0.001677500 -0.453862369 -0.004174803 -0.001690617 0.999989867 16.036045074
0.999980152 0.003958731 0.004895519 0.325941771 -0.003969208 0.999989867 0.002132510 -0.466733873 -0.004887028 -0.002151899 0.999985754 16.475236893
0.999977767 0.004376570 0.005010121 0.330173671 -0.004384743 0.999989033 0.001621538 -0.478249431 -0.005002969 -0.001643470 0.999986172 16.916374207
0.999979734 0.003575014 0.005255574 0.346779257 -0.003586804 0.999991059 0.002235595 -0.497912705 -0.005247535 -0.002254400 0.999983668 17.369869232
0.999980390 0.003542681 0.005168589 0.360022426 -0.003556827 0.999989867 0.002730314 -0.512559116 -0.005158864 -0.002748644 0.999982893 17.832912445
0.999975026 0.003747701 0.005982070 0.370016217 -0.003760540 0.999990642 0.002136466 -0.523616850 -0.005974008 -0.002158909 0.999979854 18.297336578
0.999973655 0.003340102 0.006438361 0.376833439 -0.003356038 0.999991357 0.002465886 -0.535820961 -0.006430069 -0.002487428 0.999976277 18.762489319
0.999973774 0.003299830 0.006449771 0.395562202 -0.003315096 0.999991715 0.002357605 -0.550649762 -0.006441938 -0.002378925 0.999976397 19.245679855
0.999970496 0.003965414 0.006582676 0.406578183 -0.003978320 0.999990165 0.001948647 -0.558958292 -0.006574886 -0.001974778 0.999976397 19.722375870
0.999970973 0.004059216 0.006454062 0.416830659 -0.004074150 0.999988973 0.002302511 -0.571922123 -0.006444646 -0.002328740 0.999976575 20.209745407
0.999973655 0.003162997 0.006536493 0.440655351 -0.003181999 0.999990761 0.002898673 -0.595110178 -0.006527264 -0.002919396 0.999974430 20.688352585
0.999977171 0.003428012 0.005828423 0.451374650 -0.003443959 0.999990344 0.002728322 -0.602546275 -0.005819013 -0.002748332 0.999979317 21.198469162
0.999981701 0.003111036 0.005183181 0.470126808 -0.003123694 0.999992073 0.002435579 -0.614394128 -0.005175563 -0.002451725 0.999983609 21.694601059
0.999981940 0.002913930 0.005253225 0.479408771 -0.002927696 0.999992251 0.002614734 -0.631945193 -0.005245566 -0.002630066 0.999982774 22.206623077
0.999984503 0.002857482 0.004771270 0.492715210 -0.002869860 0.999992490 0.002589342 -0.644670665 -0.004763836 -0.002602995 0.999985337 22.727968216
0.999989629 0.002364072 0.003886456 0.503950179 -0.002375342 0.999992907 0.002898029 -0.666059792 -0.003879577 -0.002907231 0.999988258 23.210950851
0.999991059 0.002735422 0.003203907 0.518067718 -0.002744014 0.999992669 0.002680566 -0.678083181 -0.003196550 -0.002689334 0.999991238 23.745565414
0.999996781 0.000807889 0.002384464 0.527489543 -0.000813858 0.999996543 0.002503807 -0.697375536 -0.002382432 -0.002505740 0.999994040 24.266599655
0.999996483 0.001841617 0.001923550 0.538345575 -0.001847562 0.999993503 0.003093524 -0.711308479 -0.001917840 -0.003097067 0.999993384 24.797140121
0.999997139 0.002034440 0.001203084 0.549568117 -0.002038646 0.999991775 0.003505680 -0.728783667 -0.001195941 -0.003508123 0.999993145 25.327405930
0.999997079 0.002329123 0.000494896 0.557671487 -0.002330765 0.999991655 0.003342824 -0.737621546 -0.000487106 -0.003343967 0.999994278 25.872392654
0.999997437 0.002267472 0.000171519 0.566092074 -0.002268062 0.999991238 0.003521407 -0.756205499 -0.000163533 -0.003521787 0.999993742 26.413505554
0.999997854 0.002057740 0.000042637 0.575028062 -0.002057883 0.999991119 0.003684389 -0.767933667 -0.000035055 -0.003684468 0.999993205 26.963453293
0.999997973 0.001912274 -0.000656585 0.585350513 -0.001909762 0.999990940 0.003805919 -0.785447896 0.000663857 -0.003804658 0.999992490 27.516494751
0.999996960 0.002306835 -0.000768326 0.593806386 -0.002303919 0.999990225 0.003773540 -0.801659226 0.000777023 -0.003771759 0.999992609 28.065713882
0.999995947 0.002741748 -0.000765208 0.599252284 -0.002738871 0.999989212 0.003736398 -0.812945664 0.000775444 -0.003734287 0.999992728 28.614355087
0.999994874 0.003031144 -0.001030154 0.611929655 -0.003027042 0.999987543 0.003961473 -0.830136299 0.001042149 -0.003958335 0.999991596 29.166936874
0.999995291 0.002708786 -0.001436863 0.620542526 -0.002703082 0.999988496 0.003957338 -0.842455506 0.001447566 -0.003953435 0.999991119 29.712301254
0.999995172 0.002457156 -0.001872438 0.627424479 -0.002449934 0.999989510 0.003849533 -0.853639364 0.001881878 -0.003844928 0.999990821 30.257665634
0.999993980 0.002644433 -0.002236756 0.640713096 -0.002635613 0.999988794 0.003936404 -0.869468987 0.002247141 -0.003930485 0.999989748 30.804063797
0.999993801 0.002320330 -0.002644622 0.651576698 -0.002309825 0.999989450 0.003968333 -0.881630898 0.002653802 -0.003962201 0.999988556 31.354152679
0.999990046 0.003067240 -0.003258624 0.660619855 -0.003054636 0.999987900 0.003865565 -0.891319215 0.003270441 -0.003855573 0.999987185 31.906906128
0.999991477 0.002747448 -0.003080522 0.670446754 -0.002735341 0.999988556 0.003927805 -0.908230782 0.003091277 -0.003919345 0.999987543 32.461082458
0.999986172 0.003637393 -0.003804708 0.674531400 -0.003621189 0.999984384 0.004257369 -0.926625252 0.003820135 -0.004243533 0.999983728 33.002456665
0.999991357 0.002389087 -0.003381006 0.688183248 -0.002375204 0.999988854 0.004103777 -0.938420236 0.003390772 -0.004095711 0.999985814 33.551673889
0.999990582 0.002592596 -0.003483730 0.701268792 -0.002577888 0.999987781 0.004219995 -0.952791452 0.003494628 -0.004210975 0.999985039 34.100337982
0.999989212 0.003054586 -0.003535663 0.702970028 -0.003039901 0.999986887 0.004151535 -0.963811576 0.003548297 -0.004140743 0.999985099 34.645904541
0.999986708 0.002773098 -0.004344276 0.716397107 -0.002754872 0.999987423 0.004195626 -0.983480573 0.004355856 -0.004183603 0.999981761 35.168605804
0.999987364 0.002885259 -0.004099019 0.726204336 -0.002869277 0.999988258 0.003899500 -0.988195956 0.004110222 -0.003887691 0.999983966 35.712944031
0.999985933 0.003504638 -0.003960743 0.728895605 -0.003488727 0.999985754 0.004016993 -1.003462076 0.003974765 -0.004003119 0.999984086 36.261692047
0.999987781 0.002699066 -0.004147293 0.745409250 -0.002683966 0.999989748 0.003641980 -1.016681075 0.004157082 -0.003630804 0.999984682 36.821926117
0.999986589 0.002563763 -0.004504227 0.751968205 -0.002546977 0.999989808 0.003728393 -1.027026057 0.004513740 -0.003716870 0.999982893 37.373027802
0.999985814 0.002495783 -0.004713636 0.763019264 -0.002477063 0.999989033 0.003973076 -1.041483879 0.004723500 -0.003961343 0.999980986 37.925651550
0.999985039 0.002599891 -0.004816276 0.771925092 -0.002584866 0.999991775 0.003123025 -1.052544117 0.004824356 -0.003110528 0.999983549 38.463832855
0.999984264 0.002450132 -0.005063054 0.796583533 -0.002437939 0.999994159 0.002413037 -1.052342892 0.005068936 -0.002400655 0.999984264 39.074127197
0.999984086 0.002142069 -0.005221072 0.797520339 -0.002126337 0.999993205 0.003016661 -1.081650972 0.005227498 -0.003005512 0.999981821 39.546947479
0.999982953 0.001881828 -0.005525624 0.802805305 -0.001866325 0.999994278 0.002809463 -1.096033216 0.005530881 -0.002799102 0.999980807 40.093975067
0.999980032 0.001949601 -0.006015654 0.812944770 -0.001930491 0.999993086 0.003180841 -1.111717463 0.006021814 -0.003169165 0.999976873 40.646282196
0.999982238 0.002217266 -0.005529595 0.814363003 -0.002201797 0.999993563 0.002802144 -1.126884460 0.005535773 -0.002789919 0.999980807 41.187873840
0.999982536 0.002817565 -0.005194167 0.815994978 -0.002802598 0.999991894 0.002886590 -1.137101650 0.005202258 -0.002871983 0.999982417 41.732719421
0.999983132 0.002071888 -0.005430687 0.827159762 -0.002056284 0.999993742 0.002877127 -1.155548334 0.005436614 -0.002865912 0.999981105 42.296218872
0.999982417 0.003025732 -0.005093393 0.835809827 -0.003011361 0.999991477 0.002826848 -1.161633611 0.005101903 -0.002811461 0.999983072 42.871898651
0.999980569 0.001974092 -0.005914027 0.849961281 -0.001956342 0.999993563 0.003005564 -1.183371782 0.005919923 -0.002993936 0.999978006 43.384277344
0.999983251 0.002312172 -0.005306442 0.857898593 -0.002297486 0.999993503 0.002772105 -1.198880672 0.005312818 -0.002759867 0.999982059 43.965770721
0.999986172 0.002419366 -0.004668249 0.859954596 -0.002405071 0.999992371 0.003065384 -1.214467287 0.004675630 -0.003054114 0.999984384 44.504604340
0.999983847 0.002413449 -0.005145455 0.873366475 -0.002399137 0.999993205 0.002785837 -1.228626013 0.005152142 -0.002773447 0.999982893 45.057804108
0.999985874 0.002456446 -0.004709030 0.878909647 -0.002444527 0.999993801 0.002535265 -1.240020275 0.004715228 -0.002523718 0.999985695 45.615779877
0.999986172 0.002996285 -0.004323664 0.881791234 -0.002986625 0.999993086 0.002239076 -1.251100540 0.004330344 -0.002226132 0.999988139 46.165176392
0.999985039 0.003225653 -0.004442069 0.890392363 -0.003214426 0.999991655 0.002532486 -1.266937375 0.004450201 -0.002518169 0.999986887 46.710346222
0.999985337 0.003292552 -0.004298474 0.901700974 -0.003281631 0.999991357 0.002545596 -1.276635647 0.004306817 -0.002531453 0.999987483 47.274177551
0.999983549 0.003517594 -0.004532650 0.906170011 -0.003507776 0.999991417 0.002172178 -1.284791589 0.004540253 -0.002156243 0.999987364 47.823474884
0.999982834 0.003601314 -0.004616228 0.914412439 -0.003593450 0.999992073 0.001710893 -1.296822429 0.004622353 -0.001694275 0.999987841 48.369758606
0.999986172 0.003371537 -0.004035319 0.918898642 -0.003362661 0.999991894 0.002204362 -1.315131903 0.004042718 -0.002190762 0.999989450 48.898525238
0.999985218 0.003308488 -0.004321177 0.927368462 -0.003299790 0.999992490 0.002018629 -1.328170180 0.004327824 -0.002004340 0.999988616 49.453838348
0.999983609 0.004025412 -0.004078086 0.935909033 -0.004016927 0.999989748 0.002087173 -1.341974854 0.004086445 -0.002070757 0.999989510 50.000770569
0.999984086 0.004043433 -0.003929438 0.940700948 -0.004034446 0.999989152 0.002292533 -1.356436968 0.003938664 -0.002276643 0.999989629 50.532585144
0.999982953 0.004461732 -0.003765701 0.945092738 -0.004454576 0.999988258 0.001906182 -1.372331381 0.003774160 -0.001889375 0.999991059 51.065921783
0.999982178 0.004454453 -0.003965070 0.960453093 -0.004445957 0.999987721 0.002148954 -1.385860920 0.003974593 -0.002131287 0.999989808 51.611579895
0.999981165 0.004810064 -0.003813580 0.962204635 -0.004802187 0.999986291 0.002071529 -1.394640088 0.003823493 -0.002053176 0.999990582 52.153926849
0.999981403 0.004988170 -0.003510076 0.971271992 -0.004981725 0.999985874 0.001842484 -1.411173344 0.003519217 -0.001824964 0.999992132 52.688056946
0.999982655 0.004557635 -0.003708113 0.981464505 -0.004550256 0.999987662 0.001996125 -1.423725486 0.003717164 -0.001979218 0.999991119 53.227260590
0.999980986 0.005030556 -0.003565955 0.989019573 -0.005024385 0.999985814 0.001737509 -1.438010216 0.003574646 -0.001719559 0.999992132 53.761714935
0.999980569 0.005346062 -0.003214889 0.995700061 -0.005341717 0.999984801 0.001358164 -1.450169206 0.003222102 -0.001340965 0.999993861 54.308464050
0.999981701 0.005370879 -0.002759039 0.998551786 -0.005367116 0.999984682 0.001369703 -1.466371655 0.002766353 -0.001354870 0.999995172 54.842540741
0.999981403 0.005102446 -0.003321733 1.011607885 -0.005097363 0.999985814 0.001537333 -1.480787158 0.003329530 -0.001520372 0.999993265 55.392379761
0.999980092 0.005554798 -0.003001321 1.022542119 -0.005551470 0.999983966 0.001116014 -1.491800904 0.003007472 -0.001099330 0.999994874 55.946369171
0.999980032 0.005476187 -0.003146288 1.028260708 -0.005471319 0.999983847 0.001553621 -1.507683396 0.003154745 -0.001536375 0.999993861 56.488704681
0.999979138 0.005814643 -0.002807417 1.038749218 -0.005810340 0.999981880 0.001538616 -1.527127385 0.002816313 -0.001522272 0.999994874 57.031303406
0.999977767 0.006097845 -0.002670950 1.044205189 -0.006094197 0.999980628 0.001371721 -1.537896276 0.002679262 -0.001355414 0.999995410 57.574325562
0.999977887 0.005924886 -0.003018893 1.057253599 -0.005920995 0.999981582 0.001295460 -1.554424286 0.003026513 -0.001277557 0.999994516 58.116756439
0.999979079 0.005854742 -0.002735650 1.061026454 -0.005851380 0.999982119 0.001234757 -1.566067576 0.002742829 -0.001218724 0.999995410 58.658370972
0.999978721 0.005801157 -0.002987967 1.071591854 -0.005798389 0.999982774 0.000933998 -1.577268600 0.002993334 -0.000916652 0.999995112 59.186523438
0.999979079 0.005870269 -0.002701736 1.081710577 -0.005867653 0.999982297 0.000974379 -1.594392896 0.002707408 -0.000958506 0.999995887 59.722595215
0.999978423 0.005935145 -0.002814577 1.088994384 -0.005932485 0.999982059 0.000952710 -1.609887481 0.002820181 -0.000935993 0.999995530 60.259372711
0.999977648 0.006129708 -0.002673440 1.095614672 -0.006126415 0.999980450 0.001238240 -1.622815251 0.002680978 -0.001221834 0.999995589 60.806972504
0.999973595 0.006826679 -0.002489845 1.102970839 -0.006824316 0.999976277 0.000957103 -1.638876796 0.002496319 -0.000940086 0.999996364 61.341461182
0.999975145 0.006731962 -0.002092806 1.113013983 -0.006729453 0.999976635 0.001203738 -1.653751969 0.002100861 -0.001189625 0.999997020 61.880615234
0.999973238 0.007056715 -0.001933591 1.118819118 -0.007054639 0.999974549 0.001078177 -1.671813965 0.001941151 -0.001064507 0.999997556 62.415348053
0.999973834 0.007052794 -0.001615016 1.129507899 -0.007051413 0.999974728 0.000859183 -1.688161373 0.001621034 -0.000847772 0.999998331 62.954135895
0.999969363 0.007647498 -0.001652182 1.139091015 -0.007645870 0.999970257 0.000989538 -1.700371027 0.001659701 -0.000976876 0.999998152 63.488479614
0.999970496 0.007444594 -0.001895756 1.150211692 -0.007443190 0.999972045 0.000747013 -1.717791319 0.001901264 -0.000732880 0.999997854 64.030097961
0.999969602 0.007623564 -0.001640786 1.157711744 -0.007622174 0.999970555 0.000850599 -1.733957767 0.001647222 -0.000838067 0.999998271 64.562446594
0.999967754 0.007901545 -0.001433272 1.163913727 -0.007900359 0.999968469 0.000831172 -1.746236920 0.001439795 -0.000819822 0.999998629 65.099647522
0.999972343 0.007276352 -0.001543040 1.176185369 -0.007274942 0.999973059 0.000916472 -1.763249636 0.001549666 -0.000905221 0.999998391 65.634040833
0.999972641 0.007207559 -0.001665659 1.188741922 -0.007206121 0.999973655 0.000868216 -1.777745843 0.001671872 -0.000856189 0.999998271 66.177200317
0.999968529 0.007796980 -0.001447021 1.192562222 -0.007796301 0.999969482 0.000473900 -1.794119120 0.001450671 -0.000462603 0.999998868 66.722969055
0.999971151 0.007420235 -0.001616584 1.204727769 -0.007419222 0.999972284 0.000631830 -1.811049461 0.001621227 -0.000619818 0.999998510 67.262031555
0.999970198 0.007517715 -0.001748224 1.215661168 -0.007516429 0.999971449 0.000740596 -1.825498104 0.001753741 -0.000727433 0.999998212 67.807510376
0.999974728 0.006904321 -0.001680992 1.227948785 -0.006903292 0.999975920 0.000617860 -1.842065811 0.001685217 -0.000606239 0.999998391 68.341362000
0.999967992 0.007800367 -0.001787606 1.233223081 -0.007799678 0.999969482 0.000393516 -1.854978323 0.001790623 -0.000379561 0.999998331 68.885009766
0.999971628 0.007247112 -0.002068275 1.242195368 -0.007245862 0.999973536 0.000612070 -1.872523069 0.002072657 -0.000597066 0.999997675 69.424835205
0.999968767 0.007739436 -0.001674406 1.252727389 -0.007739069 0.999969959 0.000225327 -1.888466120 0.001676099 -0.000212361 0.999998569 69.959724426
0.999968410 0.007789898 -0.001581046 1.260361552 -0.007789412 0.999969602 0.000313180 -1.904296994 0.001583438 -0.000300855 0.999998689 70.513900757
0.999971449 0.007283506 -0.002009108 1.278988123 -0.007283117 0.999973476 0.000200782 -1.918450236 0.002010518 -0.000186144 0.999997914 71.038047791
0.999970913 0.007395796 -0.001925546 1.285944462 -0.007395725 0.999972641 0.000044113 -1.932671070 0.001925819 -0.000029871 0.999998152 71.573654175
0.999973059 0.007055053 -0.002019427 1.297932625 -0.007054789 0.999975085 0.000136995 -1.946477890 0.002020343 -0.000122745 0.999997973 72.107673645
0.999968290 0.007790644 -0.001657260 1.300001025 -0.007790956 0.999969661 -0.000181844 -1.961465359 0.001655793 0.000194749 0.999998629 72.642494202
0.999970376 0.007461472 -0.001899477 1.315702558 -0.007461028 0.999972105 0.000240444 -1.979349375 0.001901218 -0.000226265 0.999998152 73.174835205
0.999968529 0.007773517 -0.001586859 1.322943568 -0.007773032 0.999969661 0.000311110 -1.995591998 0.001589229 -0.000298766 0.999998689 73.707565308
0.999965191 0.008244914 -0.001271897 1.333072066 -0.008244838 0.999966025 0.000063448 -2.013515472 0.001272376 -0.000052959 0.999999166 74.238029480
0.999963641 0.008423591 -0.001339686 1.345586896 -0.008422878 0.999964297 0.000535531 -2.027276754 0.001344149 -0.000524228 0.999998927 74.784034729
0.999963820 0.008401738 -0.001324880 1.355751395 -0.008401272 0.999964654 0.000356615 -2.044105768 0.001327829 -0.000345471 0.999999046 75.325302124
0.999961436 0.008737859 -0.000869679 1.362718821 -0.008737952 0.999961734 -0.000103455 -2.058813334 0.000868742 0.000111050 0.999999642 75.863967896
0.999958754 0.009051488 -0.000772139 1.368322849 -0.009051485 0.999959052 0.000006794 -2.073828220 0.000772169 0.000000195 0.999999702 76.403656006
0.999958515 0.009066681 -0.000794519 1.381467819 -0.009066898 0.999958873 -0.000268632 -2.089611769 0.000792051 0.000275825 0.999999642 76.947784424
0.999957263 0.009198654 -0.000834746 1.389738560 -0.009199006 0.999957621 -0.000415759 -2.104148626 0.000830886 0.000423420 0.999999523 77.483863831
0.999956369 0.009281819 -0.001062855 1.398668766 -0.009281881 0.999956906 -0.000053589 -2.120175838 0.001062311 0.000063452 0.999999404 78.021469116
0.999958515 0.009077672 -0.000722943 1.411128163 -0.009078071 0.999958634 -0.000548161 -2.136622429 0.000717938 0.000554701 0.999999583 78.547042847
0.999956012 0.009366931 -0.000519140 1.419749737 -0.009367227 0.999955952 -0.000569684 -2.150352001 0.000513782 0.000574522 0.999999642 79.074333191
0.999956310 0.009331127 -0.000596188 1.430898309 -0.009331362 0.999956369 -0.000393875 -2.168319941 0.000592487 0.000399421 0.999999762 79.619895935
0.999953926 0.009590995 -0.000339683 1.445037007 -0.009591169 0.999953985 -0.000517823 -2.185926437 0.000334701 0.000521057 0.999999762 80.161224365
0.999953449 0.009614958 0.000771799 1.451818109 -0.009614261 0.999953389 -0.000902599 -2.198999405 -0.000780442 0.000895137 0.999999285 80.704368591
0.999953330 0.009495781 0.001780453 1.468897581 -0.009494431 0.999954641 -0.000763478 -2.215590954 -0.001787622 0.000746538 0.999998152 81.250495911
0.999953330 0.009191438 0.002968718 1.480909109 -0.009187927 0.999957204 -0.001193536 -2.226147652 -0.002979561 0.001166204 0.999994874 81.805892944
0.999944210 0.009573007 0.004461077 1.487402439 -0.009567087 0.999953330 -0.001346599 -2.239050388 -0.004473760 0.001303843 0.999989092 82.352005005
0.999928057 0.009371228 0.007481752 1.510432959 -0.009362636 0.999955416 -0.001182511 -2.260296822 -0.007492500 0.001112377 0.999971330 82.895416260
0.999896228 0.009092852 0.011168584 1.530004501 -0.009082480 0.999958217 -0.000978762 -2.274184227 -0.011177019 0.000877222 0.999937177 83.434700012
0.999845505 0.009939295 0.014496447 1.548587441 -0.009922704 0.999950051 -0.001216006 -2.293257952 -0.014507811 0.001071975 0.999894202 83.975479126
0.999780118 0.009619817 0.018628612 1.575528860 -0.009602956 0.999953389 -0.000994350 -2.311076880 -0.018637307 0.000815241 0.999825954 84.526481628
0.999650359 0.009706032 0.024593988 1.605890989 -0.009682792 0.999952555 -0.001063788 -2.327631235 -0.024603145 0.000825277 0.999696970 85.069824219
0.999474704 0.010333762 0.030717805 1.637791157 -0.010298035 0.999946058 -0.001321082 -2.341571808 -0.030729800 0.001004055 0.999527216 85.616142273
0.999265671 0.010041309 0.036977205 1.669764042 -0.009994197 0.999948919 -0.001458726 -2.356857300 -0.036989968 0.001088097 0.999315023 86.162322998
0.998928547 0.010220936 0.045136835 1.712495089 -0.010152452 0.999946952 -0.001746282 -2.370415926 -0.045152288 0.001286161 0.998979270 86.727348328
0.998536944 0.009322578 0.053263772 1.764915228 -0.009208228 0.999954700 -0.002391858 -2.386367321 -0.053283658 0.001897894 0.998577595 87.274345398
0.998113394 0.009858079 0.060600661 1.808844805 -0.009718006 0.999949396 -0.002605737 -2.401833534 -0.060623273 0.002011903 0.998158693 87.822761536
0.997511566 0.009619834 0.069842711 1.862382889 -0.009432334 0.999950945 -0.003013914 -2.414685488 -0.069868274 0.002347634 0.997553468 88.373001099
0.996758163 0.008969813 0.079954289 1.933878422 -0.008757181 0.999957144 -0.003009682 -2.438706398 -0.079977855 0.002299750 0.996793985 88.903594971
0.996006191 0.008818973 0.088848710 1.998324871 -0.008543576 0.999957442 -0.003479422 -2.448364496 -0.088875622 0.002706441 0.996039033 89.465705872
0.995307207 0.008123043 0.096423335 2.070182323 -0.007782061 0.999962091 -0.003911837 -2.465447187 -0.096451454 0.003143108 0.995332658 90.024818420
0.994276285 0.008752213 0.106479667 2.147738934 -0.008406644 0.999957860 -0.003693816 -2.481144428 -0.106507502 0.002777538 0.994307995 90.563789368
0.993094087 0.008451803 0.117015623 2.240231514 -0.008015257 0.999958992 -0.004200724 -2.496771812 -0.117046334 0.003233803 0.993121207 91.127357483
0.991945505 0.008066050 0.126407936 2.332483292 -0.007571562 0.999961674 -0.004391843 -2.517130375 -0.126438513 0.003399364 0.991968632 91.674980164
0.990396261 0.008257082 0.138010517 2.434686661 -0.007753154 0.999961197 -0.004188569 -2.535964012 -0.138039753 0.003078327 0.990421832 92.227661133
0.988524377 0.007507711 0.150874898 2.539646149 -0.006844528 0.999964595 -0.004914423 -2.552538633 -0.150906458 0.003825360 0.988540590 92.788436890
0.986841917 0.006866715 0.161542028 2.650540352 -0.006153394 0.999968946 -0.004915591 -2.569098473 -0.161570787 0.003856879 0.986853540 93.336891174
0.984987199 0.007868743 0.172447473 2.776369095 -0.007101608 0.999962091 -0.005065017 -2.596653223 -0.172480747 0.003764322 0.985005677 93.896804810
0.982741475 0.006053691 0.184885174 2.886493683 -0.005217002 0.999973774 -0.005011586 -2.594122171 -0.184910685 0.003960546 0.982747316 94.449920654
0.980274320 0.006702478 0.197528541 3.052893639 -0.005922836 0.999972105 -0.004537512 -2.645915508 -0.197553501 0.003278077 0.980286598 95.005393982
0.978150606 0.005542754 0.207823470 3.190120697 -0.004640137 0.999977529 -0.004830429 -2.664014578 -0.207845598 0.003760558 0.978154421 95.563102722
0.975202441 0.005091538 0.221256375 3.334600449 -0.004212283 0.999981284 -0.004445583 -2.688810110 -0.221274883 0.003403349 0.975205541 96.092971802
0.972115874 0.003448900 0.234475359 3.515909195 -0.002244530 0.999982893 -0.005403114 -2.712638855 -0.234489992 0.004726165 0.972107053 96.728904724
0.969488680 0.003170755 0.245115370 3.699300766 -0.002187952 0.999988496 -0.004281754 -2.757651806 -0.245126098 0.003614812 0.969484448 97.166503906
0.966703057 0.004275224 0.255865484 3.848133087 -0.003275129 0.999985218 -0.004334643 -2.765346289 -0.255880237 0.003352321 0.966702819 97.749313354
0.963059187 0.004378763 0.269254059 4.017763138 -0.003501069 0.999986887 -0.003739844 -2.786918402 -0.269266933 0.002659015 0.963061929 98.263153076
0.959432721 0.002001949 0.281930268 4.194818497 -0.000638588 0.999987662 -0.004927604 -2.793485641 -0.281936675 0.004547668 0.959422231 98.807380676
0.956015587 0.002425985 0.293305755 4.376020432 -0.001064288 0.999987900 -0.004802087 -2.815704107 -0.293313861 0.004278710 0.956006646 99.320571899
0.951625168 0.001583684 0.307257533 4.566946030 -0.000423117 0.999992549 -0.003843756 -2.838362932 -0.307261378 0.003527808 0.951618552 99.822669983
0.947033763 0.001082193 0.321132183 4.768318176 0.000450924 0.999988854 -0.004699690 -2.851899862 -0.321133673 0.004595572 0.947022736 100.330131531
0.942960203 0.000846661 0.332904607 4.974510193 0.000827559 0.999987721 -0.004887305 -2.865415335 -0.332904637 0.004884032 0.942947865 100.852554321
0.938143849 0.001111427 0.346243948 5.183420181 0.000462006 0.999989927 -0.004461723 -2.887763262 -0.346245378 0.004345704 0.938133895 101.369735718
0.933056056 0.000372501 0.359730899 5.416444778 0.001211348 0.999990463 -0.004177439 -2.916031599 -0.359728992 0.004333544 0.933046758 101.884063721
0.928027570 0.001079336 0.372509778 5.641405106 0.000532550 0.999990880 -0.004224177 -2.929197311 -0.372510970 0.004118533 0.928018630 102.391838074
0.923483014 -0.000522249 0.383638859 5.890457153 0.002537012 0.999985456 -0.004745726 -2.942766190 -0.383630842 0.005355895 0.923470914 102.916862488
0.917714298 -0.000385948 0.397240996 6.131828308 0.002243121 0.999988616 -0.004210543 -2.959969044 -0.397234797 0.004755136 0.917704582 103.411605835
0.911461413 -0.001077322 0.411384374 6.381538391 0.003294508 0.999983609 -0.004680567 -2.975584745 -0.411372662 0.005621464 0.911449909 103.919639587
0.906790793 -0.001940067 0.421576500 6.637958527 0.004350103 0.999979198 -0.004755023 -2.993414164 -0.421558529 0.006145711 0.906780362 104.401695251
0.900712729 -0.002048872 0.434410363 6.890964508 0.004502339 0.999979138 -0.004618868 -3.011300802 -0.434391856 0.006116136 0.900703251 104.898612976
0.894107640 -0.002065990 0.447847456 7.161159515 0.004539207 0.999979734 -0.004449261 -3.029423237 -0.447829247 0.006010990 0.894098997 105.387145996
0.888054669 -0.003282349 0.459726006 7.432685852 0.005956483 0.999972701 -0.004366565 -3.052516460 -0.459699094 0.006616099 0.888050079 105.846092224
0.882371008 -0.003543430 0.470541000 7.713066101 0.006105443 0.999973655 -0.003918743 -3.072102547 -0.470514774 0.006330647 0.882369459 106.321144104
0.874904752 -0.003478714 0.484282523 7.968757629 0.006034163 0.999974906 -0.003718267 -3.085009575 -0.484257370 0.006175369 0.874903798 106.743255615
0.868058741 -0.003640190 0.496448219 8.258937836 0.006477781 0.999971092 -0.003994395 -3.101891756 -0.496419340 0.006683252 0.868057132 107.193519592
