1.000000000 0.000000000 0.000000000 0.000000000 0.000000000 1.000000000 0.000000000 0.000000000 0.000000000 0.000000000 1.000000000 0.000000000
1.000000000 0.000046222 0.000016567 0.000195074 -0.000046221 1.000000000 -0.000030813 0.000658217 -0.000016568 0.000030813 1.000000000 0.000299138
1.000000000 0.000045494 0.000037956 -0.000094845 -0.000045496 1.000000000 0.000048926 -0.000046919 -0.000037953 -0.000048927 1.000000000 0.000129040
1.000000000 -0.000161133 0.000052302 0.000027590 0.000161133 1.000000000 -0.000004119 0.000506467 -0.000052301 0.000004127 1.000000000 0.000331089
1.000000000 -0.000100472 0.000037401 -0.000058999 0.000100470 1.000000000 0.000049269 -0.000214982 -0.000037406 -0.000049265 1.000000000 -0.000322631
1.000000000 0.000006965 0.000141523 -0.000728009 -0.000006965 1.000000000 -0.000002929 0.000622668 -0.000141523 0.000002928 1.000000000 0.000067840
1.000000000 -0.000133248 0.000064841 0.000219066 0.000133248 1.000000000 -0.000002280 0.000490563 -0.000064841 0.000002289 1.000000000 -0.000009402
1.000000000 -0.000008861 0.000075066 -0.000447355 0.000008854 1.000000000 0.000098736 -0.000263360 -0.000075067 -0.000098736 1.000000000 -0.000127535
1.000000000 -0.000041992 -0.000014577 -0.000534889 0.000041991 1.000000000 -0.000054643 -0.000189479 0.000014579 0.000054642 1.000000000 -0.001182585
1.000000000 -0.000102640 0.000062947 -0.000561827 0.000102635 1.000000000 0.000078801 -0.001264787 -0.000062955 -0.000078795 1.000000000 -0.001062262
1.000000000 0.000045101 0.000065561 -0.001104613 -0.000045106 1.000000000 0.000085786 -0.001016083 -0.000065557 -0.000085789 1.000000000 -0.000751006
1.000000000 -0.000053772 0.000074970 -0.001005497 0.000053767 1.000000000 0.000062829 -0.000425388 -0.000074973 -0.000062825 1.000000000 -0.001436295
1.000000000 0.000015758 -0.000014285 -0.000637606 -0.000015759 1.000000000 -0.000031579 -0.000244665 0.000014284 0.000031579 1.000000000 -0.001082038
1.000000000 -0.000013564 0.000057883 -0.001129808 0.000013565 1.000000000 -0.000007719 0.000976410 -0.000057883 0.000007720 1.000000000 0.000931464
1.000000000 0.000062830 0.000088681 -0.000654775 -0.000062822 1.000000000 -0.000088821 0.001459696 -0.000088686 0.000088816 1.000000000 0.000550807
1.000000000 -0.000068429 -0.000046383 0.000730160 0.000068425 1.000000000 -0.000074844 0.001557056 0.000046388 0.000074841 1.000000000 0.001448007
1.000000000 0.000025099 0.000085313 -0.000718461 -0.000025086 1.000000000 -0.000153005 0.002646554 -0.000085317 0.000153003 1.000000000 0.003119755
1.000000000 0.000117698 0.000090135 -0.001503959 -0.000117686 1.000000000 -0.000137869 0.001705808 -0.000090152 0.000137858 1.000000000 0.001669315
1.000000000 0.000115394 0.000149879 -0.001490291 -0.000115381 1.000000000 -0.000092039 0.002227905 -0.000149889 0.000092022 1.000000000 0.002336242
1.000000000 0.000052797 0.000122746 -0.001096639 -0.000052787 1.000000000 -0.000081632 0.001169536 -0.000122751 0.000081626 1.000000000 0.001518056
1.000000000 0.000056092 0.000133909 -0.001533618 -0.000056082 1.000000000 -0.000078666 0.001227778 -0.000133914 0.000078658 1.000000000 0.001703880
1.000000000 0.000154064 0.000072091 -0.001129170 -0.000154059 1.000000000 -0.000069736 0.001819090 -0.000072101 0.000069725 1.000000000 0.001231726
1.000000000 0.000051107 -0.000013903 -0.000211804 -0.000051108 1.000000000 -0.000084827 0.001850356 0.000013898 0.000084827 1.000000000 0.002792620
1.000000000 0.000017799 0.000037699 -0.000812879 -0.000017796 1.000000000 -0.000067957 0.002009631 -0.000037700 0.000067956 1.000000000 0.002728200
0.999999940 0.000329782 0.000038350 -0.000698027 -0.000329781 0.999999940 -0.000039601 0.002011770 -0.000038363 0.000039588 1.000000000 0.003237522
0.999999940 0.000260499 0.000096923 -0.001437485 -0.000260495 0.999999940 -0.000042690 0.001641457 -0.000096934 0.000042665 1.000000000 0.002323289
1.000000000 0.000083969 0.000155598 -0.001494234 -0.000083959 1.000000000 -0.000059104 0.002687522 -0.000155603 0.000059091 1.000000000 0.003554345
1.000000000 0.000154665 0.000158720 -0.001606614 -0.000154662 1.000000000 -0.000017820 0.001637814 -0.000158723 0.000017795 1.000000000 0.002610095
1.000000000 0.000098295 0.000075085 -0.001123304 -0.000098286 1.000000000 -0.000112956 0.002893540 -0.000075096 0.000112949 1.000000000 0.002957303
1.000000000 0.000048586 0.000109500 -0.001442307 -0.000048578 1.000000000 -0.000074695 0.001601050 -0.000109504 0.000074689 1.000000000 0.002458014
1.000000000 0.000059567 0.000159443 -0.001736842 -0.000059564 1.000000000 -0.000018768 0.001384572 -0.000159444 0.000018758 1.000000000 0.003034592
1.000000000 0.000082668 0.000141980 -0.000702970 -0.000082657 1.000000000 -0.000076222 0.002781198 -0.000141986 0.000076210 1.000000000 0.004280352
1.000000000 0.000138606 0.000055473 -0.000166868 -0.000138595 0.999999940 -0.000211574 0.003824408 -0.000055503 0.000211566 1.000000000 0.004491512
1.000000000 0.000095146 0.000166082 -0.001342588 -0.000095133 1.000000000 -0.000081008 0.001999680 -0.000166090 0.000080993 1.000000000 0.002989576
0.999999940 0.000190849 0.000168527 -0.002437829 -0.000190822 0.999999940 -0.000161033 0.002554765 -0.000168558 0.000161001 1.000000000 0.002960584
1.000000000 0.000161779 0.000179310 -0.001565923 -0.000161758 1.000000000 -0.000113642 0.001968226 -0.000179329 0.000113613 1.000000000 0.002851410
1.000000000 0.000100862 0.000093495 -0.001186306 -0.000100856 1.000000000 -0.000068413 0.002212977 -0.000093502 0.000068403 1.000000000 0.002529126
1.000000000 0.000167222 0.000116716 -0.001613088 -0.000167214 1.000000000 -0.000068805 0.003018289 -0.000116728 0.000068785 1.000000000 0.003732490
0.999999940 0.000232532 0.000177869 -0.001789599 -0.000232519 1.000000000 -0.000071742 0.002851614 -0.000177886 0.000071701 1.000000000 0.003206863
1.000000000 0.000176214 0.000086061 -0.000332544 -0.000176206 1.000000000 -0.000089146 0.003291125 -0.000086077 0.000089131 1.000000000 0.003842999
1.000000000 0.000072348 0.000119178 -0.000845261 -0.000072333 1.000000000 -0.000125475 0.002373067 -0.000119187 0.000125466 1.000000000 0.004678067
0.999998927 0.000800869 -0.001201251 -0.003254624 -0.000800657 0.999999583 0.000177028 -0.006247732 0.001201392 -0.000176067 0.999999285 0.077681139
0.999999046 0.000686330 -0.001201288 -0.001070661 -0.000686886 0.999999583 -0.000462435 -0.006933880 0.001200970 0.000463260 0.999999166 0.167868361
0.999998569 0.001546753 -0.000645652 -0.008808037 -0.001547157 0.999998629 -0.000625156 -0.014680360 0.000644684 0.000626154 0.999999523 0.271419704
0.999998689 0.001483073 -0.000621391 -0.005426397 -0.001483435 0.999998748 -0.000582328 -0.017795246 0.000620527 0.000583249 0.999999642 0.403675646
0.999998629 0.001496505 -0.000669116 -0.004288964 -0.001496713 0.999998868 -0.000310470 -0.021432500 0.000668651 0.000311471 0.999999762 0.546427369
0.999998868 0.001427338 -0.000453233 0.000299015 -0.001427233 0.999998868 0.000232223 -0.031715017 0.000453564 -0.000231576 0.999999881 0.709877610
0.999999225 0.001174263 -0.000481448 0.005898823 -0.001174071 0.999999166 0.000398644 -0.035242915 0.000481915 -0.000398079 0.999999821 0.871339023
0.999998331 0.001609733 -0.000840284 0.009692748 -0.001609556 0.999998689 0.000211521 -0.032869413 0.000840623 -0.000210168 0.999999642 1.032793045
0.999998152 0.001698277 -0.000910269 0.014646566 -0.001698075 0.999998569 0.000222373 -0.036369305 0.000910645 -0.000220827 0.999999583 1.211088300
0.999998093 0.001929234 -0.000336238 0.011788475 -0.001929128 0.999998093 0.000312648 -0.044404771 0.000336840 -0.000311999 0.999999821 1.402475595
0.999997497 0.002171851 -0.000502659 0.015836420 -0.002171759 0.999997616 0.000182808 -0.046402954 0.000503055 -0.000181716 0.999999881 1.596088529
0.999998868 0.001449078 -0.000108056 0.012834445 -0.001449033 0.999998808 0.000408124 -0.051738650 0.000108647 -0.000407966 0.999999940 1.794407725
0.999998689 0.001526184 -0.000433792 0.020969596 -0.001525736 0.999998271 0.001031802 -0.064663984 0.000435366 -0.001031138 0.999999344 1.987988234
0.999999404 0.001020863 0.000090940 0.020131649 -0.001020973 0.999998748 0.001223632 -0.071689382 -0.000089690 -0.001223725 0.999999166 2.196912766
0.999998510 0.001714026 -0.000193859 0.028215786 -0.001713813 0.999997914 0.001093217 -0.074478872 0.000195732 -0.001092883 0.999999344 2.416673899
0.999997914 0.002031129 -0.000082279 0.030709518 -0.002031055 0.999997497 0.000889753 -0.079044700 0.000084087 -0.000889584 0.999999583 2.640751839
0.999999523 0.000912428 0.000043252 0.035616025 -0.000912470 0.999999106 0.000975478 -0.085791983 -0.000042362 -0.000975517 0.999999523 2.861181021
0.999999583 0.000835585 0.000120614 0.041586656 -0.000835709 0.999999106 0.001029147 -0.088995367 -0.000119754 -0.001029247 0.999999464 3.104526281
0.999998689 0.001601748 0.000277401 0.042207316 -0.001602013 0.999998271 0.000959047 -0.098562315 -0.000275865 -0.000959490 0.999999523 3.327561378
0.999999046 0.001361841 0.000011992 0.055652510 -0.001361852 0.999998629 0.000965143 -0.101465613 -0.000010678 -0.000965159 0.999999523 3.587983608
0.999998331 0.001803905 0.000096316 0.058034703 -0.001803984 0.999998033 0.000835488 -0.106926315 -0.000094809 -0.000835661 0.999999642 3.853230715
0.999998271 0.001821297 0.000434087 0.051608659 -0.001821843 0.999997556 0.001261751 -0.121567301 -0.000431787 -0.001262540 0.999999106 4.107876778
0.999997079 0.002339944 0.000544946 0.056039996 -0.002340608 0.999996543 0.001220972 -0.125848144 -0.000542088 -0.001222244 0.999999106 4.365898132
0.999998331 0.001692221 0.000763536 0.058498167 -0.001693151 0.999997854 0.001219088 -0.133313194 -0.000761471 -0.001220379 0.999998927 4.625374794
0.999998569 0.001536334 0.000741286 0.072237186 -0.001537198 0.999998152 0.001166047 -0.133447334 -0.000739493 -0.001167185 0.999999046 4.897171497
0.999997973 0.001785132 0.000865344 0.077466980 -0.001786513 0.999997199 0.001598058 -0.141510114 -0.000862489 -0.001599601 0.999998331 5.157716274
0.999996781 0.002244958 0.001190107 0.076301634 -0.002246282 0.999996841 0.001112351 -0.148518980 -0.001187606 -0.001115020 0.999998689 5.420074463
0.999997616 0.001931841 0.001008276 0.081853949 -0.001932840 0.999997556 0.000990877 -0.155124038 -0.001006359 -0.000992823 0.999998987 5.686143875
0.999998093 0.001765500 0.000827009 0.088049024 -0.001766536 0.999997616 0.001254223 -0.164379030 -0.000824793 -0.001255682 0.999998868 5.954909801
0.999998033 0.001812136 0.000799962 0.094288699 -0.001813154 0.999997616 0.001273225 -0.174241096 -0.000797652 -0.001274673 0.999998808 6.235992908
0.999997735 0.001738383 0.001229407 0.101365894 -0.001739343 0.999998152 0.000780164 -0.171133399 -0.001228048 -0.000782300 0.999998927 6.526339531
0.999996901 0.002162573 0.001238121 0.105301097 -0.002164098 0.999996901 0.001231191 -0.184045687 -0.001235455 -0.001233866 0.999998391 6.815842628
0.999995291 0.002609390 0.001692844 0.106602773 -0.002611099 0.999996185 0.001008530 -0.191518098 -0.001690205 -0.001012946 0.999998033 7.116453648
0.999995828 0.002462947 0.001501065 0.114005089 -0.002464607 0.999996305 0.001104804 -0.200442865 -0.001498339 -0.001108499 0.999998271 7.417201996
0.999995828 0.002400358 0.001588674 0.119057313 -0.002401870 0.999996662 0.000950562 -0.213142335 -0.001586388 -0.000954374 0.999998271 7.731319904
0.999995351 0.002478794 0.001785438 0.123689950 -0.002480579 0.999996424 0.000998467 -0.222990662 -0.001782957 -0.001002891 0.999997914 8.042846680
0.999996364 0.002172423 0.001581514 0.135636985 -0.002174456 0.999996781 0.001285118 -0.230409771 -0.001578716 -0.001288552 0.999997914 8.372124672
0.999997497 0.001763007 0.001361274 0.145129755 -0.001764564 0.999997735 0.001143435 -0.238420948 -0.001359255 -0.001145834 0.999998391 8.694441795
0.999995589 0.002280168 0.001909564 0.149544060 -0.002282423 0.999996722 0.001179465 -0.245320857 -0.001906868 -0.001183818 0.999997497 9.041729927
0.999996424 0.002228261 0.001487287 0.159799069 -0.002230320 0.999996543 0.001384021 -0.259959221 -0.001484198 -0.001387333 0.999997914 9.380216599
0.999994934 0.002593723 0.001836795 0.165394977 -0.002595860 0.999995887 0.001162301 -0.269727200 -0.001833773 -0.001167064 0.999997556 9.708493233
0.999995112 0.002497337 0.001861220 0.172038153 -0.002500718 0.999995172 0.001816447 -0.284118712 -0.001856675 -0.001821092 0.999996543 10.071764946
0.999994576 0.002648836 0.001928393 0.176820666 -0.002651296 0.999995649 0.001274786 -0.288427651 -0.001925008 -0.001279892 0.999997318 10.417704582
0.999992073 0.003264415 0.002256103 0.181176826 -0.003267406 0.999993801 0.001323566 -0.299820483 -0.002251767 -0.001330927 0.999996603 10.778465271
0.999992728 0.003074100 0.002219487 0.187012017 -0.003076947 0.999994457 0.001280425 -0.308438450 -0.002215538 -0.001287245 0.999996722 11.146129608
0.999993682 0.002857376 0.002090523 0.201642483 -0.002860169 0.999994934 0.001333907 -0.319206446 -0.002086701 -0.001339878 0.999996901 11.533401489
0.999993265 0.003051682 0.002052686 0.209982604 -0.003054667 0.999994278 0.001452140 -0.331052750 -0.002048243 -0.001458400 0.999996841 11.904263496
0.999992728 0.003024918 0.002285106 0.216681823 -0.003028392 0.999994278 0.001518401 -0.343486905 -0.002280500 -0.001525310 0.999996245 12.282118797
0.999993324 0.002652799 0.002515871 0.228125662 -0.002657312 0.999994934 0.001792048 -0.360304087 -0.002511105 -0.001798721 0.999995232 12.664034843
0.999991059 0.003467631 0.002425116 0.238230914 -0.003472938 0.999991536 0.002187821 -0.370205462 -0.002417510 -0.002196224 0.999994695 13.068536758
0.999992847 0.002850468 0.002480185 0.243899018 -0.002854584 0.999994516 0.001657445 -0.377566934 -0.002475447 -0.001664513 0.999995530 13.487065315
0.999989033 0.003534366 0.003078190 0.249083132 -0.003539823 0.999992132 0.001768846 -0.388282120 -0.003071915 -0.001779723 0.999993682 13.890072823
0.999986053 0.004085749 0.003353178 0.258813709 -0.004092287 0.999989748 0.001945214 -0.398484766 -0.003345196 -0.001958909 0.999992430 14.294625282
0.999984980 0.004110467 0.003616070 0.266085178 -0.004117535 0.999989629 0.001949595 -0.411565900 -0.003608018 -0.001964455 0.999991536 14.712632179
0.999985397 0.004017516 0.003595933 0.274630398 -0.004022831 0.999990761 0.001471973 -0.416913390 -0.003589987 -0.001486418 0.999992430 15.147574425
0.999983907 0.004143930 0.003869356 0.296623856 -0.004152299 0.999988973 0.002157196 -0.437810510 -0.003860374 -0.002173228 0.999990106 15.583423615
0.999982953 0.003931194 0.004329454 0.305477023 -0.003939540 0.999990344 0.001920939 -0.446767241 -0.004321862 -0.001937962 0.999988735 16.029928207
0.999982059 0.003906106 0.004569703 0.329689026 -0.003918461 0.999988675 0.002697807 -0.475893259 -0.004559115 -0.002715665 0.999985874 16.457748413
0.999976993 0.004527175 0.005048720 0.332295746 -0.004538997 0.999986947 0.002332659 -0.487474501 -0.005038095 -0.002355521 0.999984562 16.900505066
0.999975801 0.004469465 0.005315855 0.333006591 -0.004482088 0.999987185 0.002365239 -0.490694284 -0.005305214 -0.002389008 0.999983072 17.351833344
0.999976516 0.004006383 0.005564744 0.344336718 -0.004021203 0.999988377 0.002654709 -0.503855586 -0.005554043 -0.002677024 0.999980927 17.819276810
0.999976933 0.003395908 0.005885219 0.359418213 -0.003408602 0.999991894 0.002148153 -0.512425840 -0.005877876 -0.002168164 0.999980390 18.288522720
0.999970376 0.004552664 0.006202585 0.375240922 -0.004565327 0.999987662 0.002029241 -0.520445287 -0.006193270 -0.002057498 0.999978721 18.771595001
0.999967635 0.004820589 0.006444573 0.386776298 -0.004833566 0.999986351 0.001999731 -0.532234132 -0.006434845 -0.002030816 0.999977291 19.243331909
0.999964654 0.005274637 0.006551830 0.399845243 -0.005291491 0.999982655 0.002557725 -0.560151696 -0.006538226 -0.002592304 0.999975264 19.726383209
0.999961376 0.005433223 0.006920780 0.404580891 -0.005451895 0.999981523 0.002682027 -0.573661625 -0.006906079 -0.002719655 0.999972463 20.213659286
0.999967456 0.004715027 0.006545604 0.425101280 -0.004733135 0.999984980 0.002753600 -0.586669326 -0.006532524 -0.002784492 0.999974787 20.713378906
0.999973118 0.004543054 0.005758377 0.440482914 -0.004555496 0.999987304 0.002149327 -0.595908225 -0.005748539 -0.002175501 0.999981105 21.215269089
0.999971688 0.005057866 0.005567317 0.455781668 -0.005071979 0.999983966 0.002523474 -0.613792360 -0.005554464 -0.002551640 0.999981344 21.713518143
0.999970675 0.005263949 0.005559654 0.464968204 -0.005278727 0.999982536 0.002647025 -0.628769159 -0.005545623 -0.002676296 0.999980986 22.242929459
0.999976218 0.004567906 0.005172278 0.479686886 -0.004580866 0.999986351 0.002496621 -0.641094506 -0.005160803 -0.002520255 0.999983490 22.763328552
0.999972522 0.005359187 0.005122199 0.486239403 -0.005372462 0.999982178 0.002581347 -0.658323169 -0.005108274 -0.002608795 0.999983549 23.276691437
0.999979079 0.004945665 0.004163981 0.505082548 -0.004958857 0.999982715 0.003163774 -0.676080763 -0.004148263 -0.003184356 0.999986291 23.804698944
0.999985158 0.003924541 0.003783294 0.510299385 -0.003935874 0.999987841 0.002992650 -0.694346547 -0.003771503 -0.003007496 0.999988437 24.325063705
0.999979317 0.005502784 0.003316172 0.517346263 -0.005511159 0.999981642 0.002521844 -0.697827220 -0.003302234 -0.002540068 0.999991298 24.870544434
0.999976993 0.006143005 0.002846257 0.528063774 -0.006151086 0.999977052 0.002839322 -0.717200279 -0.002828750 -0.002856764 0.999991894 25.405937195
0.999980330 0.005909124 0.002070060 0.545707345 -0.005915492 0.999977708 0.003083732 -0.734335363 -0.002051791 -0.003095917 0.999993086 25.932392120
0.999979734 0.006139540 0.001668923 0.555123448 -0.006144706 0.999976277 0.003107572 -0.750527620 -0.001649805 -0.003117765 0.999993742 26.475872040
0.999980152 0.006110227 0.001480219 0.563804984 -0.006115418 0.999975085 0.003528379 -0.764879107 -0.001458623 -0.003537362 0.999992669 27.032285690
0.999980450 0.006152645 0.001102282 0.574834049 -0.006156674 0.999974251 0.003691149 -0.782378793 -0.001079544 -0.003697864 0.999992609 27.587965012
0.999976933 0.006744074 0.000803260 0.586257517 -0.006746804 0.999971330 0.003445753 -0.797394872 -0.000779999 -0.003451093 0.999993742 28.137796402
0.999977171 0.006749764 0.000383668 0.602060378 -0.006751093 0.999970853 0.003571887 -0.811287165 -0.000359547 -0.003574395 0.999993563 28.680879593
0.999975622 0.006960642 0.000496497 0.601973534 -0.006962501 0.999968350 0.003847719 -0.831980884 -0.000469699 -0.003851082 0.999992490 29.216991425
0.999978721 0.006523956 -0.000422566 0.620444000 -0.006522340 0.999971926 0.003719765 -0.840302169 0.000446821 -0.003716930 0.999992967 29.761861801
0.999976456 0.006818854 -0.000720346 0.626494050 -0.006816385 0.999971092 0.003375589 -0.851609051 0.000743342 -0.003370600 0.999994040 30.309209824
0.999975860 0.006916197 -0.000640754 0.635500014 -0.006913879 0.999969780 0.003553379 -0.865834057 0.000665311 -0.003548863 0.999993503 30.862695694
0.999974132 0.007136641 -0.000921462 0.646661460 -0.007133203 0.999967813 0.003680574 -0.882608235 0.000947699 -0.003673906 0.999992728 31.406951904
0.999962389 0.008605619 -0.001101807 0.651719749 -0.008601652 0.999956727 0.003556021 -0.889980078 0.001132361 -0.003546410 0.999993026 31.960592270
0.999971449 0.007432816 -0.001357842 0.665746927 -0.007427858 0.999965847 0.003620667 -0.911102414 0.001384707 -0.003610478 0.999992549 32.496170044
0.999971569 0.007112393 -0.002510675 0.676973224 -0.007104717 0.999970138 0.003052889 -0.898703635 0.002532314 -0.003034964 0.999992132 33.105209351
0.999970853 0.007452054 -0.001677432 0.682579637 -0.007446428 0.999966741 0.003335661 -0.929839015 0.001702234 -0.003323073 0.999992967 33.610691071
0.999969065 0.007647069 -0.001845628 0.688825369 -0.007639871 0.999963284 0.003876969 -0.955745518 0.001875207 -0.003862748 0.999990761 34.142883301
0.999970138 0.007464007 -0.001975919 0.692919731 -0.007456165 0.999964356 0.003946831 -0.967680454 0.002005309 -0.003931980 0.999990225 34.689857483
0.999971867 0.006996968 -0.002713697 0.708524525 -0.006986035 0.999967515 0.004017721 -0.988180399 0.002741721 -0.003998651 0.999988258 35.210739136
0.999964535 0.008269085 -0.001655042 0.703439355 -0.008262459 0.999957979 0.003970098 -0.992471337 0.001687801 -0.003956283 0.999990761 35.805522919
0.999964535 0.007797408 -0.003211898 0.737561941 -0.007783748 0.999960721 0.004243658 -1.005223751 0.003244862 -0.004218506 0.999985874 36.343513489
0.999971449 0.007319898 -0.001883499 0.731041372 -0.007313337 0.999967277 0.003466586 -1.016388774 0.001908812 -0.003452712 0.999992192 36.931060791
0.999969780 0.007418088 -0.002322013 0.739099085 -0.007408663 0.999964416 0.004041559 -1.035132527 0.002351910 -0.004024234 0.999989152 37.470066071
0.999970853 0.007245761 -0.002396953 0.749092877 -0.007237313 0.999967635 0.003514346 -1.045884132 0.002422339 -0.003496896 0.999990940 38.020103455
0.999965608 0.007877930 -0.002578006 0.761188865 -0.007868632 0.999962568 0.003597730 -1.063238502 0.002606252 -0.003577321 0.999990225 38.586898804
0.999969482 0.007315120 -0.002713219 0.770768464 -0.007305915 0.999967515 0.003387741 -1.074738145 0.002737912 -0.003367815 0.999990642 39.132572174
0.999967158 0.007574114 -0.002877704 0.775525212 -0.007563657 0.999964833 0.003627537 -1.091907501 0.002905078 -0.003605652 0.999989271 39.661663055
0.999965310 0.007824422 -0.002836942 0.777554750 -0.007812726 0.999961019 0.004109326 -1.112873316 0.002868985 -0.004087019 0.999987543 40.207302094
0.999963880 0.007815029 -0.003321720 0.790658712 -0.007801123 0.999960840 0.004178285 -1.128347278 0.003354243 -0.004152221 0.999985695 40.755100250
0.999968112 0.007372762 -0.003074186 0.802830815 -0.007361531 0.999966264 0.003648584 -1.136144042 0.003100983 -0.003625836 0.999988616 41.353382111
0.999969661 0.007167608 -0.003064604 0.804528594 -0.007155252 0.999966264 0.004024189 -1.153749347 0.003093345 -0.004002139 0.999987185 41.898937225
0.999964595 0.007940901 -0.002787063 0.807302237 -0.007930839 0.999962151 0.003602721 -1.160176754 0.002815566 -0.003580490 0.999989569 42.413921356
0.999966621 0.007711742 -0.002711169 0.815084100 -0.007701159 0.999962807 0.003892827 -1.172929168 0.002741088 -0.003871818 0.999988735 42.967597961
0.999965549 0.007893517 -0.002575820 0.826452076 -0.007883642 0.999961615 0.003821928 -1.192362070 0.002605889 -0.003801490 0.999989390 43.509185791
0.999957502 0.008703248 -0.003044004 0.850785255 -0.008694799 0.999958336 0.002777272 -1.197676301 0.003068049 -0.002750687 0.999991536 44.111328125
0.999956369 0.009031718 -0.002403864 0.852834165 -0.009024205 0.999954402 0.003118229 -1.211935639 0.002431916 -0.003096400 0.999992251 44.657695770
0.999955833 0.008932752 -0.002928445 0.871914446 -0.008924389 0.999956012 0.002855909 -1.225689411 0.002953828 -0.002829648 0.999991655 45.196846008
0.999954104 0.009121406 -0.002928968 0.886143684 -0.009114825 0.999955893 0.002252456 -1.233377337 0.002949385 -0.002225655 0.999993205 45.791927338
0.999962091 0.008248788 -0.002772325 0.896092176 -0.008241580 0.999962628 0.002600447 -1.253036499 0.002793671 -0.002577500 0.999992788 46.307125092
0.999955654 0.009039283 -0.002652940 0.894917727 -0.009031856 0.999955297 0.002799244 -1.272642016 0.002678124 -0.002775159 0.999992549 46.840923309
0.999947727 0.009811000 -0.002882189 0.906198502 -0.009803565 0.999948621 0.002582224 -1.283484459 0.002907375 -0.002553833 0.999992490 47.393947601
0.999948442 0.009570972 -0.003396502 0.920931816 -0.009561824 0.999950647 0.002699996 -1.298075080 0.003422176 -0.002667380 0.999990582 47.945148468
0.999951720 0.009275949 -0.003245546 0.929275990 -0.009268370 0.999954283 0.002342585 -1.310387254 0.003267128 -0.002312391 0.999992013 48.503013611
0.999947369 0.009804888 -0.003028754 0.938552678 -0.009797261 0.999948740 0.002522981 -1.326205492 0.003053336 -0.002493174 0.999992251 49.040615082
0.999949694 0.009575703 -0.002973205 0.944099784 -0.009568465 0.999951243 0.002439430 -1.340254188 0.002996419 -0.002410858 0.999992609 49.588470459
0.999944329 0.010173782 -0.002797716 0.956729114 -0.010165889 0.999944270 0.002821305 -1.359321117 0.002826264 -0.002792707 0.999992132 50.140071869
0.999946773 0.009882966 -0.002956627 0.964537144 -0.009874848 0.999947488 0.002747882 -1.372371793 0.002983629 -0.002718539 0.999991775 50.680355072
0.999944568 0.010190096 -0.002627897 0.966731668 -0.010182740 0.999944329 0.002797143 -1.392566919 0.002656254 -0.002770229 0.999992609 51.202812195
0.999944925 0.010089734 -0.002886634 0.980098248 -0.010081160 0.999944746 0.002970161 -1.407767773 0.002916443 -0.002940896 0.999991417 51.757083893
0.999941289 0.010361850 -0.003178042 0.992989004 -0.010351914 0.999941468 0.003127402 -1.421278596 0.003210262 -0.003094319 0.999990046 52.300006866
0.999941647 0.010433736 -0.002799252 0.999886215 -0.010426084 0.999941885 0.002735476 -1.432727218 0.002827631 -0.002706131 0.999992311 52.849491119
0.999943674 0.010200534 -0.002938298 1.005444050 -0.010192335 0.999944150 0.002792111 -1.447525144 0.002966615 -0.002762005 0.999991775 53.384616852
0.999941647 0.010432267 -0.002793669 1.018623710 -0.010424137 0.999941409 0.002908555 -1.462082267 0.002823848 -0.002879264 0.999991894 53.928874969
0.999940991 0.010601863 -0.002369933 1.021540642 -0.010596118 0.999940872 0.002424996 -1.478541493 0.002395503 -0.002399741 0.999994218 54.469467163
0.999939680 0.010712121 -0.002425037 1.027866364 -0.010705698 0.999939203 0.002646721 -1.491742611 0.002453241 -0.002620600 0.999993503 55.017253876
0.999940157 0.010645030 -0.002520045 1.037707925 -0.010639312 0.999940813 0.002271695 -1.502408147 0.002544079 -0.002244747 0.999994218 55.567390442
0.999941885 0.010517109 -0.002373518 1.050059557 -0.010512024 0.999942422 0.002145458 -1.513813376 0.002395946 -0.002120383 0.999994874 56.114444733
0.999939561 0.010687212 -0.002582416 1.058304787 -0.010680816 0.999939859 0.002478030 -1.531453133 0.002608745 -0.002450298 0.999993563 56.644515991
0.999939799 0.010710024 -0.002397928 1.068864942 -0.010704641 0.999940157 0.002247392 -1.546043158 0.002421854 -0.002221588 0.999994576 57.177467346
0.999937892 0.010911557 -0.002266134 1.073724031 -0.010906707 0.999938190 0.002142130 -1.556891799 0.002289369 -0.002117281 0.999995112 57.728569031
0.999935925 0.011124963 -0.002096846 1.083017230 -0.011120725 0.999936044 0.002022248 -1.574218512 0.002119210 -0.001998800 0.999995708 58.262615204
0.999938250 0.010947155 -0.001907889 1.089863658 -0.010943091 0.999937773 0.002128392 -1.587533593 0.001931070 -0.002107382 0.999995887 58.805557251
0.999933720 0.011319165 -0.002118593 1.101135850 -0.011314808 0.999933839 0.002058033 -1.599708200 0.002141747 -0.002033925 0.999995649 59.326519012
0.999935448 0.011152824 -0.002141955 1.111594439 -0.011148419 0.999935746 0.002057303 -1.619866729 0.002164762 -0.002033291 0.999995589 59.867748260
0.999936402 0.011094557 -0.002035378 1.116466165 -0.011090449 0.999936402 0.002018436 -1.635344625 0.002057642 -0.001995734 0.999995887 60.412887573
0.999930322 0.011622886 -0.002075647 1.127249122 -0.011618161 0.999929845 0.002274923 -1.646304250 0.002101943 -0.002250650 0.999995172 60.970005035
0.999932706 0.011402462 -0.002130870 1.135492086 -0.011398527 0.999933302 0.001850513 -1.659162402 0.002151828 -0.001826100 0.999996006 61.510864258
0.999938369 0.010910496 -0.002017464 1.143923283 -0.010906498 0.999938488 0.001982989 -1.672959447 0.002038976 -0.001960863 0.999996006 62.053234100
0.999929488 0.011732463 -0.001818296 1.149712443 -0.011729347 0.999929667 0.001715140 -1.686536908 0.001838290 -0.001693691 0.999996901 62.598705292
0.999932706 0.011499670 -0.001488325 1.160359144 -0.011497496 0.999932826 0.001460767 -1.705541849 0.001505023 -0.001443557 0.999997854 63.126770020
0.999928415 0.011844270 -0.001698903 1.171797514 -0.011841618 0.999928653 0.001561175 -1.718029857 0.001717273 -0.001540946 0.999997318 63.670566559
0.999924242 0.012192184 -0.001679401 1.175765395 -0.012189551 0.999924481 0.001569126 -1.737640381 0.001698405 -0.001548536 0.999997377 64.210578918
0.999922991 0.012306721 -0.001670302 1.184917092 -0.012303396 0.999922335 0.001988077 -1.754734278 0.001694639 -0.001967374 0.999996543 64.725723267
0.999924600 0.012222683 -0.001187038 1.188680768 -0.012220735 0.999924004 0.001636568 -1.765428185 0.001206951 -0.001621938 0.999997973 65.266609192
0.999922872 0.012360562 -0.001201367 1.194604039 -0.012358635 0.999922335 0.001599830 -1.778449535 0.001221048 -0.001584860 0.999997973 65.801193237
0.999923229 0.012370836 -0.000594320 1.203282118 -0.012370113 0.999922752 0.001206389 -1.790054679 0.000609198 -0.001198944 0.999999106 66.340423584
0.999924242 0.012258598 -0.001109458 1.214618325 -0.012257012 0.999923885 0.001427129 -1.807077169 0.001126868 -0.001413423 0.999998331 66.887451172
0.999918878 0.012697308 -0.001025378 1.221257925 -0.012695783 0.999918282 0.001481186 -1.826707602 0.001044101 -0.001468048 0.999998391 67.420196533
0.999920428 0.012565513 -0.001093674 1.232500434 -0.012564014 0.999920130 0.001369479 -1.838643432 0.001110795 -0.001355629 0.999998391 67.958961487
0.999920368 0.012566818 -0.001121704 1.242616892 -0.012565615 0.999920487 0.001073971 -1.854982853 0.001135111 -0.001059791 0.999998808 68.500015259
0.999915957 0.012913697 -0.001076131 1.253036499 -0.012912660 0.999916136 0.000966465 -1.871513605 0.001088521 -0.000952488 0.999998868 69.038505554
0.999918699 0.012676105 -0.001375953 1.257560253 -0.012674288 0.999918818 0.001321098 -1.889840126 0.001392587 -0.001303551 0.999998152 69.554031372
0.999918461 0.012711655 -0.001212340 1.274650455 -0.012710406 0.999918699 0.001033103 -1.904415607 0.001225374 -0.001017610 0.999998689 70.095077515
0.999926209 0.012048481 -0.001497462 1.285347700 -0.012047390 0.999927163 0.000734630 -1.916792512 0.001506204 -0.000716535 0.999998569 70.647476196
0.999918461 0.012702751 -0.001312987 1.289463043 -0.012701331 0.999918759 0.001083983 -1.938393831 0.001326650 -0.001067218 0.999998510 71.164978027
0.999919057 0.012667532 -0.001200288 1.301285148 -0.012666554 0.999919355 0.000819342 -1.951307654 0.001210571 -0.000804073 0.999998927 71.701599121
0.999922454 0.012408810 -0.001036582 1.307230592 -0.012407850 0.999922574 0.000927381 -1.967240810 0.001048010 -0.000914447 0.999999046 72.234436035
0.999917805 0.012784787 -0.000906841 1.316923141 -0.012784313 0.999918103 0.000525817 -1.982812166 0.000913489 -0.000514180 0.999999464 72.766250610
0.999920726 0.012556309 -0.000965613 1.329330921 -0.012555512 0.999920845 0.000829654 -2.000077724 0.000975954 -0.000817464 0.999999166 73.301986694
0.999914408 0.013047852 -0.000941952 1.334691525 -0.013046852 0.999914289 0.001058781 -2.016448259 0.000955686 -0.001046400 0.999998987 73.836547852
0.999910593 0.013371548 -0.000542612 1.343145370 -0.013371146 0.999910355 0.000739493 -2.034444809 0.000552452 -0.000732172 0.999999523 74.366676331
0.999910176 0.013400124 -0.000210032 1.351278186 -0.013399907 0.999909639 0.000996753 -2.049067497 0.000223369 -0.000993849 0.999999464 74.908248901
0.999913871 0.013110129 -0.000602282 1.362119317 -0.013109370 0.999913216 0.001247684 -2.067103863 0.000618588 -0.001239682 0.999998987 75.452934265
0.999908984 0.013489061 -0.000226682 1.368448019 -0.013488929 0.999908864 0.000574219 -2.080456972 0.000234407 -0.000571109 0.999999821 75.993629456
0.999904335 0.013832618 -0.000198830 1.374030352 -0.013832512 0.999904156 0.000538121 -2.097668648 0.000206255 -0.000535319 0.999999762 76.536743164
0.999900520 0.014104345 0.000065807 1.384181261 -0.014104373 0.999900401 0.000451233 -2.114348888 -0.000059436 -0.000452116 0.999999881 77.085273743
0.999900758 0.014081766 -0.000054255 1.391474247 -0.014081753 0.999900937 0.000223606 -2.129359722 0.000057399 -0.000222820 1.000000000 77.625381470
0.999904692 0.013803770 -0.000296398 1.399294496 -0.013803557 0.999904454 0.000705509 -2.151297331 0.000306108 -0.000701350 0.999999642 78.143753052
0.999909222 0.013465773 -0.000400313 1.415036082 -0.013465570 0.999909222 0.000504954 -2.165926695 0.000407076 -0.000499518 0.999999821 78.694297791
0.999901295 0.014039742 0.000015469 1.422358513 -0.014039744 0.999901354 0.000179181 -2.175989628 -0.000012951 -0.000179381 0.999999940 79.240173340
0.999899209 0.014191552 0.000028922 1.434054017 -0.014191565 0.999899089 0.000541269 -2.198126078 -0.000021237 -0.000541625 0.999999881 79.774513245
0.999899685 0.014158638 -0.000052846 1.452881575 -0.014158613 0.999899626 0.000473577 -2.215244532 0.000059546 -0.000472782 0.999999821 80.296607971
0.999902308 0.013942849 0.001003338 1.460810065 -0.013943320 0.999902606 0.000463116 -2.226069212 -0.000996783 -0.000477061 0.999999404 80.843650818
0.999894261 0.014389765 0.002074715 1.480319262 -0.014391439 0.999896109 0.000794366 -2.246978760 -0.002063068 -0.000824140 0.999997497 81.384971619
0.999913812 0.012888759 0.002495361 1.522539854 -0.012889490 0.999916911 0.000276764 -2.248942375 -0.002491587 -0.000308904 0.999996841 81.907814026
0.999903619 0.013298581 0.003984847 1.513069868 -0.013298653 0.999911487 -0.000008277 -2.263643026 -0.003984605 -0.000044716 0.999992013 82.474967957
0.999873757 0.014012040 0.007486707 1.531671405 -0.014015304 0.999901593 0.000383828 -2.298057556 -0.007480592 -0.000488708 0.999971926 83.018463135
0.999838531 0.013836927 0.011461497 1.537998199 -0.013843536 0.999904037 0.000497554 -2.314655542 -0.011453516 -0.000656141 0.999934196 83.535377502
0.999801636 0.013976014 0.014198074 1.572318792 -0.013980025 0.999902248 0.000183154 -2.324540138 -0.014194125 -0.000381607 0.999899149 84.130218506
0.999730170 0.014198634 0.018382885 1.610680103 -0.014215408 0.999898791 0.000782222 -2.351962805 -0.018369915 -0.001043331 0.999830723 84.672271729
0.999625742 0.013102734 0.024014458 1.639553785 -0.013103166 0.999914289 -0.000139430 -2.354122400 -0.024014222 -0.000175288 0.999711573 85.248382568
0.999442697 0.013839722 0.030376842 1.672656655 -0.013852890 0.999904037 0.000223069 -2.387419224 -0.030370841 -0.000643751 0.999538481 85.804672241
0.999272346 0.012897369 0.035894517 1.704805493 -0.012905275 0.999916673 -0.000011527 -2.387270689 -0.035891682 -0.000451710 0.999355495 86.394836426
0.998889863 0.013883497 0.045013800 1.738580942 -0.013884213 0.999903560 -0.000296762 -2.400236845 -0.045013577 -0.000328549 0.998986304 86.933944702
0.998499930 0.013923495 0.052952539 1.804063797 -0.013910726 0.999903083 -0.000609727 -2.425524712 -0.052955888 -0.000127796 0.998596847 87.488845825
0.998126030 0.013749176 0.059626140 1.843192577 -0.013771476 0.999905169 -0.000036950 -2.453844070 -0.059620995 -0.000784260 0.998220742 88.017707825
0.997479320 0.014687792 0.069421291 1.896075726 -0.014713982 0.999891758 -0.000134112 -2.477600336 -0.069415726 -0.000887690 0.997587442 88.582084656
0.996797204 0.013255193 0.078864634 1.972286701 -0.013221098 0.999912143 -0.000954497 -2.483781815 -0.078870334 -0.000091238 0.996884823 89.122955322
0.996159673 0.011233319 0.086830623 2.052540779 -0.011045790 0.999935508 -0.002639870 -2.490543365 -0.086854674 0.001670619 0.996219575 89.701972961
0.995470941 0.011432515 0.094376348 2.125301361 -0.011303618 0.999934316 -0.001900275 -2.510627747 -0.094391875 0.000824875 0.995534778 90.254226685
0.994438827 0.013004529 0.104509912 2.195389271 -0.012894048 0.999915302 -0.001732730 -2.525862217 -0.104523599 0.000375538 0.994522333 90.759368896
0.993277729 0.012708779 0.115055911 2.283987999 -0.012598610 0.999919236 -0.001684677 -2.544449091 -0.115068011 0.000223807 0.993357599 91.310241699
0.992219627 0.011740745 0.123945177 2.373440742 -0.011519276 0.999930501 -0.002503350 -2.557755470 -0.123965971 0.001056114 0.992285907 91.847167969
0.990681708 0.011400281 0.135719374 2.472028732 -0.011169566 0.999934554 -0.002461322 -2.573817968 -0.135738567 0.000922460 0.990744174 92.387031555
0.988936186 0.011910083 0.147862256 2.577726364 -0.011660404 0.999928772 -0.002555347 -2.593630075 -0.147882149 0.000802941 0.989004672 92.937217712
0.987401187 0.010776374 0.157869250 2.690289497 -0.010499384 0.999941587 -0.002588456 -2.609217167 -0.157887921 0.000898315 0.987456620 93.485939026
0.985520124 0.010996156 0.169201612 2.797776222 -0.010707208 0.999939263 -0.002620079 -2.624281645 -0.169220135 0.000770464 0.985578001 94.016136169
0.983221233 0.010526271 0.182113290 2.917859077 -0.010273309 0.999944568 -0.002332341 -2.641385078 -0.182127714 0.000422301 0.983274877 94.552970886
0.980895638 0.010512058 0.194250390 3.050575256 -0.010196087 0.999944568 -0.002626388 -2.665813208 -0.194267228 0.000595619 0.980948448 95.062721252
0.979012549 0.007419129 0.203664541 3.188547134 -0.006830439 0.999970198 -0.003593274 -2.687042236 -0.203685164 0.002126742 0.979034066 95.566513062
0.976111174 0.007622349 0.217137709 3.330257416 -0.007005837 0.999968946 -0.003608934 -2.704305410 -0.217158496 0.002001490 0.976134241 96.105926514
0.973083258 0.007016970 0.230347008 3.474483490 -0.006428452 0.999973893 -0.003305312 -2.717882872 -0.230364189 0.001735570 0.973102868 96.595176697
0.970470786 0.006681839 0.241126046 3.628055573 -0.006190737 0.999976873 -0.002794204 -2.737787485 -0.241139159 0.001218945 0.970489800 97.118194580
0.967732966 0.005831939 0.251910567 3.803443909 -0.004964612 0.999979377 -0.004078436 -2.751968861 -0.251929194 0.002696199 0.967741907 97.671234131
0.964206278 0.005681273 0.265092373 3.973630905 -0.004844887 0.999980927 -0.003808846 -2.775592566 -0.265108973 0.002388171 0.964215517 98.177688599
0.960602283 0.004796903 0.277885348 4.143857956 -0.003831566 0.999984562 -0.004016831 -2.797715187 -0.277900338 0.002793841 0.960605919 98.702339172
0.957392693 0.004937238 0.288747013 4.328035355 -0.004100269 0.999985456 -0.003503411 -2.814320087 -0.288760096 0.002170200 0.957399011 99.222610474
0.952958286 0.004857422 0.303062469 4.515497208 -0.003940219 0.999985635 -0.003637829 -2.830291986 -0.303075790 0.002272567 0.952963769 99.753303528
0.948459566 0.003871476 0.316874623 4.713960648 -0.002905757 0.999989510 -0.003520138 -2.853590012 -0.316884935 0.002417948 0.948460877 100.257377625
0.944648802 0.003808211 0.328061044 4.919868469 -0.002754144 0.999989390 -0.003677583 -2.868614674 -0.328071594 0.002570497 0.944649279 100.772842407
0.939801037 0.004231542 0.341695905 5.129510880 -0.002973409 0.999986649 -0.004205709 -2.880357742 -0.341709137 0.002936528 0.939801097 101.307037354
0.934732318 0.003511831 0.355335236 5.359210968 -0.002136810 0.999988616 -0.004262019 -2.895078182 -0.355346203 0.003224563 0.934729159 101.819259644
0.930007398 0.002729910 0.367530704 5.571825027 -0.001331745 0.999990821 -0.004057763 -2.918501377 -0.367538452 0.003284292 0.930002570 102.315116882
0.925064921 0.003377183 0.379794002 5.810810089 -0.002153598 0.999991000 -0.003646542 -2.947473049 -0.379802972 0.002555364 0.925063908 102.824317932
0.918862939 0.004497923 0.394551247 6.042324066 -0.003365712 0.999988019 -0.003561617 -2.963232994 -0.394562542 0.001944692 0.918866992 103.325622559
0.913397849 0.002412247 0.407060921 6.304512024 -0.001055993 0.999993145 -0.003556440 -2.985592842 -0.407066703 0.002818591 0.913394094 103.823860168
0.908555150 0.002416060 0.417758048 6.553726196 -0.001045608 0.999993324 -0.003509332 -3.001084566 -0.417763799 0.002751610 0.908551514 104.301734924
0.902614534 0.002403447 0.430443078 6.815814972 -0.001099348 0.999994040 -0.003278356 -3.028874159 -0.430448383 0.002485886 0.902611792 104.797653198
0.896032691 0.002456277 0.443981141 7.086406708 -0.001139978 0.999994159 -0.003231680 -3.037675381 -0.443986505 0.002389563 0.896030307 105.285537720
0.890085042 0.001557020 0.455791801 7.362560272 -0.000096296 0.999994814 -0.003228010 -3.081956625 -0.455794454 0.002829313 0.890080571 105.783882141
0.884282827 0.001173287 0.466950178 7.638320923 0.000134727 0.999996126 -0.002767789 -3.095192909 -0.466951579 0.002510420 0.884279251 106.256370544
0.876931727 0.001476825 0.480612665 7.956920624 -0.000098601 0.999995768 -0.002892876 -3.116402388 -0.480614960 0.002489465 0.876928210 106.776161194
