1.000000000 0.000000000 0.000000000 0.000000000 0.000000000 1.000000000 0.000000000 0.000000000 0.000000000 0.000000000 1.000000000 0.000000000
1.000000000 0.000084027 -0.000010964 -0.000101478 -0.000084027 1.000000000 -0.000038410 0.000160544 0.000010961 0.000038411 1.000000000 -0.000548461
1.000000000 0.000048638 0.000046855 -0.000714199 -0.000048640 1.000000000 0.000043722 -0.000564503 -0.000046853 -0.000043725 1.000000000 -0.000900835
1.000000000 -0.000082950 0.000091057 -0.000310542 0.000082954 1.000000000 -0.000046291 0.000582079 -0.000091053 0.000046299 1.000000000 0.000326412
1.000000000 -0.000104829 0.000042685 -0.000290788 0.000104828 1.000000000 0.000021703 -0.000103671 -0.000042688 -0.000021699 1.000000000 -0.000557191
1.000000000 0.000009580 0.000138837 -0.001116446 -0.000009576 1.000000000 -0.000023804 0.000726846 -0.000138837 0.000023803 1.000000000 0.000010555
1.000000000 -0.000110829 0.000081962 0.000306273 0.000110830 1.000000000 -0.000006040 0.000095764 -0.000081961 0.000006050 1.000000000 0.000042518
1.000000000 0.000008296 0.000078175 -0.000540818 -0.000008300 1.000000000 0.000058841 -0.000384117 -0.000078175 -0.000058842 1.000000000 -0.000613894
1.000000000 0.000004559 0.000017947 -0.000679558 -0.000004558 1.000000000 -0.000073437 0.000475835 -0.000017947 0.000073437 1.000000000 0.000172610
1.000000000 -0.000034835 0.000083119 -0.000491932 0.000034830 1.000000000 0.000058897 -0.001108934 -0.000083121 -0.000058894 1.000000000 -0.000356321
1.000000000 0.000048811 0.000087173 -0.001099280 -0.000048818 1.000000000 0.000072736 -0.000801626 -0.000087170 -0.000072740 1.000000000 -0.000245913
1.000000000 0.000012289 0.000086000 -0.001051908 -0.000012289 1.000000000 0.000002038 -0.000130398 -0.000086000 -0.000002039 1.000000000 -0.001299168
1.000000000 0.000058795 0.000034999 -0.000795509 -0.000058793 1.000000000 -0.000073550 -0.000488848 -0.000035004 0.000073548 1.000000000 -0.001364503
1.000000000 0.000029207 0.000080044 -0.001573905 -0.000029203 1.000000000 -0.000045536 0.001584485 -0.000080046 0.000045534 1.000000000 0.000922384
1.000000000 0.000006477 0.000096023 -0.002002244 -0.000006468 1.000000000 -0.000094826 0.001173037 -0.000096023 0.000094826 1.000000000 -0.000329282
1.000000000 0.000145452 0.000044418 -0.000517243 -0.000145447 1.000000000 -0.000115283 0.002462500 -0.000044435 0.000115277 1.000000000 0.001986321
1.000000000 0.000139025 0.000139933 -0.001258182 -0.000139003 1.000000000 -0.000160795 0.002426610 -0.000139955 0.000160775 1.000000000 0.002593757
1.000000000 0.000125619 0.000092608 -0.001314832 -0.000125607 1.000000000 -0.000131540 0.001528120 -0.000092624 0.000131528 1.000000000 0.001541484
0.999999940 0.000221695 0.000172871 -0.002199678 -0.000221673 0.999999940 -0.000123235 0.002568346 -0.000172899 0.000123196 1.000000000 0.002536389
1.000000000 0.000175991 0.000164173 -0.001679807 -0.000175969 1.000000000 -0.000137370 0.002218852 -0.000164198 0.000137341 1.000000000 0.001920798
1.000000000 0.000116132 0.000166196 -0.002131571 -0.000116114 1.000000000 -0.000108289 0.002076125 -0.000166209 0.000108270 1.000000000 0.002644463
0.999999940 0.000223630 0.000145101 -0.002188467 -0.000223619 1.000000000 -0.000077627 0.002310599 -0.000145118 0.000077594 1.000000000 0.001970486
1.000000000 0.000204442 0.000097573 -0.001023789 -0.000204430 1.000000000 -0.000116308 0.002444965 -0.000097597 0.000116288 1.000000000 0.003096905
1.000000000 0.000190793 0.000113656 -0.001773154 -0.000190781 1.000000000 -0.000101565 0.003139947 -0.000113676 0.000101543 1.000000000 0.003487774
0.999999940 0.000342614 0.000085632 -0.002000774 -0.000342607 0.999999940 -0.000077254 0.003435966 -0.000085659 0.000077224 1.000000000 0.004563860
0.999999940 0.000348555 0.000140328 -0.002016230 -0.000348546 0.999999940 -0.000059147 0.002055968 -0.000140349 0.000059098 1.000000000 0.001959803
1.000000000 0.000147331 0.000180519 -0.001774693 -0.000147318 1.000000000 -0.000077078 0.002799161 -0.000180530 0.000077051 1.000000000 0.003060100
0.999999940 0.000212915 0.000204683 -0.002022191 -0.000212907 1.000000000 -0.000042107 0.001571861 -0.000204692 0.000042064 1.000000000 0.002423622
1.000000000 0.000176813 0.000108877 -0.001770088 -0.000176804 1.000000000 -0.000076084 0.002659370 -0.000108890 0.000076065 1.000000000 0.002676049
0.999999940 0.000180875 0.000195788 -0.002471987 -0.000180845 1.000000000 -0.000150509 0.002970086 -0.000195815 0.000150473 0.999999940 0.003257013
0.999999940 0.000114704 0.000233681 -0.001726140 -0.000114696 1.000000000 -0.000036026 0.001900146 -0.000233685 0.000035999 1.000000000 0.003272600
1.000000000 0.000084766 0.000218257 -0.001419902 -0.000084745 1.000000000 -0.000095401 0.003603008 -0.000218265 0.000095383 1.000000000 0.004280341
0.999999940 0.000244080 0.000092970 -0.000582338 -0.000244060 0.999999940 -0.000214711 0.003997764 -0.000093023 0.000214688 1.000000000 0.003902981
1.000000000 0.000154770 0.000167336 -0.001309429 -0.000154755 1.000000000 -0.000090317 0.001816338 -0.000167350 0.000090291 1.000000000 0.002159744
0.999999940 0.000232649 0.000193986 -0.002826991 -0.000232623 0.999999940 -0.000131034 0.002506990 -0.000194017 0.000130988 1.000000000 0.002637772
0.999999940 0.000259253 0.000228580 -0.001655918 -0.000259228 0.999999940 -0.000111666 0.001973603 -0.000228609 0.000111607 0.999999940 0.002023325
1.000000000 0.000102690 0.000145443 -0.001635490 -0.000102678 1.000000000 -0.000081639 0.002682410 -0.000145451 0.000081624 1.000000000 0.002518052
0.999999940 0.000199360 0.000146291 -0.002226955 -0.000199345 1.000000000 -0.000103536 0.003611128 -0.000146311 0.000103507 1.000000000 0.004233298
0.999999940 0.000308304 0.000211500 -0.001688307 -0.000308282 0.999999940 -0.000104150 0.002770983 -0.000211533 0.000104085 1.000000000 0.002099636
0.999999940 0.000233147 0.000107893 -0.000594791 -0.000233134 0.999999940 -0.000124433 0.004005828 -0.000107922 0.000124408 1.000000000 0.003328896
1.000000000 0.000064680 0.000077149 -0.000007955 -0.000064671 1.000000000 -0.000118431 0.001955657 -0.000077157 0.000118426 1.000000000 0.004196840
0.999999881 0.000430726 0.000250386 0.000173921 -0.000430561 0.999999702 -0.000657199 -0.001227607 -0.000250669 0.000657091 0.999999762 0.051646154
0.999999881 0.000384277 0.000155877 0.002355609 -0.000384081 0.999999106 -0.001254308 -0.001390364 -0.000156359 0.001254248 0.999999225 0.142746717
0.999999940 0.000154861 0.000289433 0.002802430 -0.000154473 0.999999106 -0.001339209 -0.006964236 -0.000289640 0.001339165 0.999999046 0.251033336
0.999999881 0.000196537 0.000326138 0.006223808 -0.000196111 0.999999166 -0.001305909 -0.009872178 -0.000326394 0.001305845 0.999999106 0.383527070
0.999999940 0.000257264 0.000277572 0.007448650 -0.000256954 0.999999404 -0.001116262 -0.012899635 -0.000277859 0.001116190 0.999999344 0.526290238
0.999999940 -0.000162523 0.000315379 0.007885512 0.000162590 0.999999940 -0.000210634 -0.028929545 -0.000315345 0.000210685 0.999999940 0.663011253
0.999999940 -0.000240878 0.000395125 0.013961660 0.000240887 1.000000000 -0.000021087 -0.031882748 -0.000395120 0.000021182 0.999999940 0.825554669
0.999999881 -0.000420177 0.000321216 0.021243546 0.000420342 0.999999762 -0.000513130 -0.030427620 -0.000321000 0.000513265 0.999999821 1.012969851
0.999999940 -0.000431962 0.000227866 0.026096879 0.000432075 0.999999762 -0.000492268 -0.035274487 -0.000227653 0.000492366 0.999999881 1.189699769
0.999999821 0.000566479 0.000114214 0.025887560 -0.000566470 0.999999762 -0.000072096 -0.045171183 -0.000114255 0.000072032 0.999999940 1.372403860
0.999999702 0.000811917 -0.000090269 0.028413715 -0.000811928 0.999999702 -0.000127764 -0.047393173 0.000090165 0.000127837 0.999999940 1.565866113
0.999999940 0.000277564 0.000043643 0.032953784 -0.000277566 0.999999940 0.000041686 -0.055934668 -0.000043632 -0.000041699 1.000000000 1.764222145
0.999999881 -0.000153250 0.000448296 0.037408508 0.000153055 0.999999881 0.000435208 -0.064515486 -0.000448363 -0.000435140 0.999999821 1.972164273
0.999999881 -0.000187975 0.000504244 0.040686492 0.000187561 0.999999642 0.000822439 -0.077660233 -0.000504398 -0.000822345 0.999999523 2.190484285
0.999999821 -0.000093701 0.000591430 0.044374250 0.000093226 0.999999642 0.000803878 -0.081547566 -0.000591505 -0.000803823 0.999999523 2.410621405
0.999999940 0.000077910 0.000439633 0.049683742 -0.000078239 0.999999702 0.000749133 -0.087546207 -0.000439575 -0.000749168 0.999999642 2.637784481
0.999999642 -0.000027766 0.000805338 0.053025477 0.000027294 0.999999821 0.000586311 -0.092824206 -0.000805354 -0.000586289 0.999999464 2.857479334
0.999999285 0.000206269 0.001163581 0.055045549 -0.000206912 0.999999821 0.000552264 -0.096179724 -0.001163467 -0.000552505 0.999999106 3.101062536
0.999999464 0.000190880 0.000968925 0.061805267 -0.000191872 0.999999464 0.001023035 -0.106432088 -0.000968729 -0.001023221 0.999998927 3.346484423
0.999999523 -0.000319938 0.000942783 0.065971389 0.000319484 0.999999821 0.000481754 -0.110019587 -0.000942937 -0.000481452 0.999999404 3.593886375
0.999999404 0.000157643 0.001139476 0.069018096 -0.000158124 0.999999881 0.000421704 -0.114645682 -0.001139410 -0.000421884 0.999999285 3.854559660
0.999999285 0.000365241 0.001139976 0.072765060 -0.000366133 0.999999642 0.000782878 -0.124560401 -0.001139690 -0.000783295 0.999999046 4.115933418
0.999998629 0.000585085 0.001606561 0.077884711 -0.000586205 0.999999583 0.000696752 -0.128162578 -0.001606153 -0.000697693 0.999998450 4.375672817
0.999998331 0.000496826 0.001703092 0.080536142 -0.000498371 0.999999404 0.000906613 -0.135587245 -0.001702641 -0.000907461 0.999998212 4.640914440
0.999999285 0.000403578 0.001218515 0.092471167 -0.000404765 0.999999464 0.000973379 -0.143844530 -0.001218122 -0.000973872 0.999998808 4.893927574
0.999998868 0.000808787 0.001295000 0.096221186 -0.000810473 0.999998808 0.001302016 -0.152983308 -0.001293946 -0.001303064 0.999998391 5.153901577
0.999998748 0.000504613 0.001500981 0.099418096 -0.000506270 0.999999225 0.001104297 -0.163001627 -0.001500423 -0.001105055 0.999998212 5.413112640
0.999998569 0.000797158 0.001556093 0.102705956 -0.000799011 0.999998987 0.001190891 -0.168395415 -0.001555142 -0.001192133 0.999998093 5.681927681
0.999998629 0.000593246 0.001549237 0.106045142 -0.000594976 0.999999225 0.001116144 -0.172336534 -0.001548574 -0.001117064 0.999998152 5.958048344
0.999998271 0.000903781 0.001666175 0.112758607 -0.000905812 0.999998868 0.001218505 -0.182401389 -0.001665071 -0.001220012 0.999997854 6.239992619
0.999998033 0.000950347 0.001748363 0.122994401 -0.000952075 0.999999106 0.000987960 -0.184728295 -0.001747422 -0.000989623 0.999997973 6.531023979
0.999998808 0.000711185 0.001332292 0.133147120 -0.000712795 0.999998987 0.001208209 -0.198400915 -0.001331431 -0.001209157 0.999998391 6.817368031
0.999998510 0.000958427 0.001433437 0.139349982 -0.000960077 0.999998868 0.001150781 -0.207964510 -0.001432332 -0.001152155 0.999998331 7.117468357
0.999998689 0.000955327 0.001319850 0.143915311 -0.000957266 0.999998450 0.001469398 -0.223398954 -0.001318444 -0.001470659 0.999998093 7.411893845
0.999998450 0.000946059 0.001504163 0.149620816 -0.000947742 0.999998927 0.001118498 -0.225608006 -0.001503103 -0.001119922 0.999998271 7.740837097
0.999998093 0.001015698 0.001688448 0.160029858 -0.001017519 0.999998868 0.001078187 -0.231813699 -0.001687351 -0.001079902 0.999998033 8.061855316
0.999997675 0.001351644 0.001760388 0.161570162 -0.001353824 0.999998391 0.001237636 -0.241751760 -0.001758712 -0.001240016 0.999997675 8.377719879
0.999998212 0.000961309 0.001630249 0.166736871 -0.000963343 0.999998748 0.001247497 -0.257232368 -0.001629048 -0.001249065 0.999997854 8.702302933
0.999998152 0.001038975 0.001635624 0.176210701 -0.001041295 0.999998450 0.001418145 -0.267358154 -0.001634148 -0.001419845 0.999997675 9.038392067
0.999998450 0.000767125 0.001574545 0.184991747 -0.000769586 0.999998510 0.001563214 -0.277867705 -0.001573343 -0.001564423 0.999997556 9.388559341
0.999997377 0.001509243 0.001726615 0.189146757 -0.001511564 0.999998033 0.001343306 -0.287440449 -0.001724584 -0.001345913 0.999997616 9.730377197
0.999997139 0.001385709 0.001917803 0.198189497 -0.001388624 0.999997914 0.001519413 -0.295578092 -0.001915693 -0.001522072 0.999997020 10.080965996
0.999997318 0.001504487 0.001764639 0.199536204 -0.001507061 0.999997795 0.001458295 -0.303910196 -0.001762442 -0.001460950 0.999997377 10.448791504
0.999996960 0.001347421 0.002076399 0.201279014 -0.001350617 0.999997914 0.001538598 -0.312860072 -0.002074322 -0.001541398 0.999996603 10.804673195
0.999997616 0.001194121 0.001846761 0.208474562 -0.001196921 0.999998152 0.001515808 -0.321758091 -0.001844947 -0.001518015 0.999997139 11.175580978
0.999997854 0.001021958 0.001808707 0.236725673 -0.001025221 0.999997854 0.001803999 -0.337853342 -0.001806859 -0.001805850 0.999996722 11.538113594
0.999997616 0.001168188 0.001816474 0.235777795 -0.001171353 0.999997795 0.001742339 -0.347473592 -0.001814435 -0.001744463 0.999996781 11.939687729
0.999997556 0.001305509 0.001797737 0.241370216 -0.001308826 0.999997437 0.001845464 -0.355667382 -0.001795323 -0.001847812 0.999996662 12.313796043
0.999996424 0.001420889 0.002259751 0.250654697 -0.001425634 0.999996781 0.002099750 -0.370041668 -0.002256760 -0.002102964 0.999995232 12.698740005
0.999996662 0.001410778 0.002172074 0.263786614 -0.001414071 0.999997854 0.001515354 -0.373273015 -0.002169932 -0.001518421 0.999996483 13.097923279
0.999996722 0.000937437 0.002381026 0.275650024 -0.000941444 0.999998152 0.001682283 -0.384880632 -0.002379444 -0.001684519 0.999995708 13.497406960
0.999996006 0.001445250 0.002418523 0.280921042 -0.001449473 0.999997556 0.001745203 -0.397059917 -0.002415995 -0.001748702 0.999995530 13.910489082
0.999993563 0.002143354 0.002872358 0.290506572 -0.002148700 0.999995887 0.001859586 -0.406804860 -0.002868361 -0.001865746 0.999994159 14.330654144
0.999992311 0.002573763 0.002947868 0.298771620 -0.002579053 0.999995053 0.001792020 -0.421038598 -0.002943241 -0.001799609 0.999994040 14.746341705
0.999993563 0.001762521 0.003154618 0.312707722 -0.001768719 0.999996483 0.001963028 -0.433030754 -0.003151148 -0.001968595 0.999993086 15.169535637
0.999995530 0.000855842 0.002840756 0.325795114 -0.000860639 0.999998212 0.001687592 -0.439987063 -0.002839306 -0.001690030 0.999994516 15.623609543
0.999992549 0.001126357 0.003674877 0.332887709 -0.001131625 0.999998331 0.001431853 -0.449723691 -0.003673258 -0.001436001 0.999992132 16.071596146
0.999986649 0.002515463 0.004507288 0.338268161 -0.002525693 0.999994218 0.002265378 -0.473345101 -0.004501563 -0.002276732 0.999987304 16.488601685
0.999984384 0.002837079 0.004795076 0.345385790 -0.002848402 0.999993145 0.002355995 -0.490724951 -0.004788359 -0.002369617 0.999985814 16.923686981
0.999988019 0.001868512 0.004521872 0.370395869 -0.001879674 0.999995172 0.002465457 -0.504817963 -0.004517244 -0.002473927 0.999986649 17.402164459
0.999989808 0.001540493 0.004238926 0.385406077 -0.001550994 0.999995708 0.002475013 -0.516125679 -0.004235095 -0.002481563 0.999987900 17.861938477
0.999984980 0.001597903 0.005244576 0.385209113 -0.001605872 0.999997556 0.001515676 -0.493746012 -0.005242141 -0.001524075 0.999985099 18.351156235
0.999984205 0.001420250 0.005441050 0.395832658 -0.001429686 0.999997497 0.001730740 -0.505738318 -0.005438579 -0.001738491 0.999983728 18.808403015
0.999985039 0.001755667 0.005181963 0.418727785 -0.001764999 0.999996841 0.001796849 -0.522417605 -0.005178791 -0.001805968 0.999984920 19.298969269
0.999981582 0.002396964 0.005564226 0.424057424 -0.002406834 0.999995530 0.001767769 -0.540408075 -0.005559963 -0.001781129 0.999982953 19.769706726
0.999981284 0.002529732 0.005574356 0.432485104 -0.002541787 0.999994457 0.002156643 -0.555593252 -0.005568870 -0.002170772 0.999982178 20.259038925
0.999981284 0.002477065 0.005586388 0.449498862 -0.002489528 0.999994397 0.002225200 -0.570584536 -0.005580843 -0.002239065 0.999981880 20.743436813
0.999984264 0.002104261 0.005189455 0.460560918 -0.002116405 0.999995053 0.002335542 -0.584046125 -0.005184515 -0.002346488 0.999983788 21.212018967
0.999987364 0.001823176 0.004690709 0.486722946 -0.001833627 0.999995768 0.002224856 -0.603287041 -0.004686633 -0.002233429 0.999986529 21.682186127
0.999987364 0.002174067 0.004535436 0.497179240 -0.002184060 0.999995112 0.002199777 -0.615115464 -0.004530632 -0.002209655 0.999987245 22.192722321
0.999985933 0.002911829 0.004426676 0.496892840 -0.002922436 0.999992847 0.002391641 -0.628844976 -0.004419681 -0.002404544 0.999987304 22.712247849
0.999985993 0.003268571 0.004169519 0.505988121 -0.003278515 0.999991775 0.002380410 -0.643556118 -0.004161704 -0.002394046 0.999988496 23.218198776
0.999990582 0.002972462 0.003203622 0.523520231 -0.002982591 0.999990523 0.003161212 -0.671841800 -0.003194196 -0.003170737 0.999989808 23.739837646
0.999994338 0.001950374 0.002753728 0.530845463 -0.001958037 0.999994159 0.002782758 -0.688957989 -0.002748285 -0.002788133 0.999992311 24.264057159
0.999993622 0.002758078 0.002256089 0.546242893 -0.002764744 0.999991834 0.002956950 -0.697993636 -0.002247915 -0.002963168 0.999993086 24.798000336
0.999997020 0.002239667 0.000984756 0.564107597 -0.002242677 0.999992728 0.003066052 -0.718246877 -0.000977882 -0.003068251 0.999994814 25.345758438
0.999996662 0.002296010 0.001173234 0.564316928 -0.002299900 0.999991834 0.003324667 -0.732658327 -0.001165591 -0.003327354 0.999993801 25.885688782
0.999997497 0.002167792 0.000505793 0.575475931 -0.002169389 0.999992549 0.003177792 -0.755068362 -0.000498901 -0.003178882 0.999994814 26.408889771
0.999995828 0.002897488 0.000400595 0.593737125 -0.002898974 0.999988735 0.003761248 -0.758888364 -0.000389693 -0.003762393 0.999992788 26.990846634
0.999995351 0.002952455 0.000738876 0.590213239 -0.002955389 0.999987543 0.004001458 -0.787257791 -0.000727053 -0.004003623 0.999991715 27.518791199
0.999996722 0.002523537 -0.000356170 0.597961664 -0.002522123 0.999989271 0.003916364 -0.809251308 0.000366050 -0.003915453 0.999992192 28.051061630
0.999994934 0.003135567 -0.000522862 0.606808484 -0.003133463 0.999987185 0.003976298 -0.816645920 0.000535324 -0.003974640 0.999991953 28.607753754
0.999993026 0.003734905 0.000018160 0.615958393 -0.003734947 0.999985337 0.003927010 -0.832568288 -0.000003493 -0.003927050 0.999992311 29.156110764
0.999994040 0.003246124 -0.001178855 0.658937275 -0.003242495 0.999990046 0.003067076 -0.838238060 0.001188799 -0.003063235 0.999994516 29.700372696
0.999992013 0.003874003 -0.000964834 0.663983226 -0.003870087 0.999984384 0.004028874 -0.863996804 0.000980426 -0.004025108 0.999991417 30.261098862
0.999988377 0.004569109 -0.001542450 0.679172754 -0.004562711 0.999981105 0.004125912 -0.875961006 0.001561272 -0.004118827 0.999990225 30.813283920
0.999993145 0.002871936 -0.002344801 0.702510297 -0.002863079 0.999988794 0.003772331 -0.886009455 0.002355609 -0.003765592 0.999990106 31.363779068
0.999989092 0.003868821 -0.002609791 0.708875716 -0.003859473 0.999986112 0.003577572 -0.894601524 0.002623596 -0.003567460 0.999990225 31.917942047
0.999989510 0.003622415 -0.002786979 0.732811570 -0.003610972 0.999985039 0.004100041 -0.928671718 0.002801789 -0.004089934 0.999987662 32.435581207
0.999988735 0.003052700 -0.003644621 0.725984812 -0.003040216 0.999989510 0.003426250 -0.917433739 0.003655042 -0.003415131 0.999987543 33.038585663
0.999990523 0.002833498 -0.003301288 0.756446004 -0.002818680 0.999986112 0.004484668 -0.954635024 0.003313949 -0.004475321 0.999984503 33.567325592
0.999989271 0.003232794 -0.003324287 0.766126871 -0.003217808 0.999984741 0.004503278 -0.966635048 0.003338794 -0.004492533 0.999984324 34.120986938
0.999987185 0.003450241 -0.003698041 0.771906614 -0.003434003 0.999984503 0.004388390 -0.970759630 0.003713126 -0.004375635 0.999983549 34.649719238
0.999988616 0.002915522 -0.003769635 0.781622827 -0.002897794 0.999984741 0.004699783 -0.990493596 0.003783280 -0.004688806 0.999981940 35.186073303
0.999985695 0.001901436 -0.005007022 0.808282375 -0.001876994 0.999986351 0.004881517 -1.003208518 0.005016236 -0.004872049 0.999975562 35.722511292
0.999981642 0.002493470 -0.005521338 0.805756867 -0.002469142 0.999987185 0.004408702 -1.022400260 0.005532259 -0.004394988 0.999975026 36.351284027
0.999979615 0.003132677 -0.005562867 0.813422143 -0.003110384 0.999987066 0.004011596 -1.033910275 0.005575362 -0.003994211 0.999976456 36.902889252
0.999983609 0.002163320 -0.005300277 0.825077891 -0.002144933 0.999991655 0.003472255 -1.036008358 0.005307745 -0.003460830 0.999979854 37.447559357
0.999981165 0.002586822 -0.005559500 0.828414202 -0.002557289 0.999982655 0.005312739 -1.061499476 0.005573147 -0.005298422 0.999970436 38.015129089
0.999985516 0.002363437 -0.004839273 0.829050660 -0.002344447 0.999989569 0.003925811 -1.071215272 0.004848500 -0.003914409 0.999980569 38.515613556
0.999985635 0.003027422 -0.004425339 0.831234157 -0.003011822 0.999989271 0.003527595 -1.081393719 0.004435970 -0.003514216 0.999983966 39.064998627
0.999985039 0.001782452 -0.005174908 0.844160914 -0.001764741 0.999992490 0.003425205 -1.093443871 0.005180976 -0.003416021 0.999980748 39.620624542
0.999985039 0.001795218 -0.005175374 0.850628197 -0.001779909 0.999993980 0.002960931 -1.104973078 0.005180658 -0.002951675 0.999982238 40.168247223
0.999984920 0.001948591 -0.005134264 0.861867905 -0.001932227 0.999993026 0.003190193 -1.122009993 0.005140444 -0.003180223 0.999981701 40.708671570
0.999983370 0.002099328 -0.005373386 0.872485042 -0.002082732 0.999992967 0.003092338 -1.131687641 0.005379840 -0.003081095 0.999980807 41.266315460
0.999982893 0.002622689 -0.005233294 0.874125540 -0.002607247 0.999992192 0.002955517 -1.136567235 0.005241006 -0.002941822 0.999981880 41.801517487
0.999981642 0.003016076 -0.005253606 0.884525418 -0.003003943 0.999992788 0.002315750 -1.142461658 0.005260554 -0.002299926 0.999983490 42.361011505
0.999983311 0.003012161 -0.004943635 0.891801357 -0.002999610 0.999992251 0.002544172 -1.157609701 0.004951260 -0.002529301 0.999984562 42.894744873
0.999986589 0.002812941 -0.004354692 0.881682932 -0.002798536 0.999990702 0.003310652 -1.185925007 0.004363964 -0.003298421 0.999984980 43.429874420
0.999986172 0.002334374 -0.004723380 0.896068573 -0.002319246 0.999992192 0.003205954 -1.201066732 0.004730827 -0.003194955 0.999983668 43.976074219
0.999988556 0.002796367 -0.003885043 0.884016216 -0.002786842 0.999993086 0.002455061 -1.193085909 0.003891880 -0.002444206 0.999989450 44.512634277
0.999987304 0.003255933 -0.003854431 0.887804449 -0.003247118 0.999992073 0.002291071 -1.209131479 0.003861860 -0.002278526 0.999989986 45.052745819
0.999984801 0.003729615 -0.004061166 0.910943568 -0.003719247 0.999989808 0.002557351 -1.236722708 0.004070662 -0.002542208 0.999988496 45.597560883
0.999986589 0.003732955 -0.003583850 0.917489290 -0.003723617 0.999989688 0.002608621 -1.250607729 0.003593551 -0.002595241 0.999990106 46.139461517
0.999985278 0.003948644 -0.003722812 0.923400879 -0.003939854 0.999989450 0.002365478 -1.263749003 0.003732113 -0.002350776 0.999990284 46.671283722
0.999984384 0.003805141 -0.004090486 0.937781572 -0.003796260 0.999990404 0.002176828 -1.272140861 0.004098730 -0.002161265 0.999989331 47.217010498
0.999985278 0.003787739 -0.003870714 0.934929371 -0.003776520 0.999988675 0.002901407 -1.293602705 0.003881659 -0.002886747 0.999988317 47.745468140
0.999985695 0.003901714 -0.003676440 0.940065801 -0.003891737 0.999988794 0.002716880 -1.309418321 0.003686999 -0.002702533 0.999989569 48.276905060
0.999986708 0.003890492 -0.003382655 0.948227823 -0.003880447 0.999988019 0.002970916 -1.324404716 0.003394172 -0.002957750 0.999989867 48.814834595
0.999987483 0.003722944 -0.003330358 0.958492339 -0.003713015 0.999988616 0.002982611 -1.333953977 0.003341425 -0.002970208 0.999989986 49.371368408
0.999983728 0.005012500 -0.002715877 0.964368701 -0.005005426 0.999984086 0.002605670 -1.346578956 0.002728895 -0.002592034 0.999992907 49.868534088
0.999983847 0.004907927 -0.002865365 0.975344896 -0.004900160 0.999984264 0.002711653 -1.359871626 0.002878628 -0.002697568 0.999992192 50.397102356
0.999983609 0.005018533 -0.002763153 0.982523441 -0.005011666 0.999984324 0.002486758 -1.376689434 0.002775589 -0.002472869 0.999993086 50.926883698
0.999979138 0.005995756 -0.002414515 0.988198817 -0.005989682 0.999978900 0.002515736 -1.387528062 0.002429547 -0.002501221 0.999993920 51.497882843
0.999978423 0.006069690 -0.002523659 0.993391156 -0.006063150 0.999978185 0.002591471 -1.396259069 0.002539333 -0.002576114 0.999993443 52.025085449
0.999976933 0.006393786 -0.002257138 0.994062304 -0.006387613 0.999975860 0.002731045 -1.416598082 0.002274544 -0.002716564 0.999993742 52.560958862
0.999980450 0.005788693 -0.002349156 1.008134365 -0.005782090 0.999979317 0.002808421 -1.426661968 0.002365364 -0.002794783 0.999993324 53.100055695
0.999983072 0.005170489 -0.002640100 1.018036842 -0.005163691 0.999983370 0.002575020 -1.449438214 0.002653370 -0.002561343 0.999993145 53.653892517
0.999978781 0.006210915 -0.002027800 1.024093032 -0.006206774 0.999978602 0.002042731 -1.451065421 0.002040443 -0.002030101 0.999995887 54.179882050
0.999977648 0.006460766 -0.001724920 1.030595064 -0.006457256 0.999977052 0.002032205 -1.462329865 0.001738010 -0.002021022 0.999996364 54.694084167
0.999977529 0.006543536 -0.001474679 1.038444519 -0.006540135 0.999975979 0.002299245 -1.477651954 0.001489688 -0.002289549 0.999996245 55.244232178
0.999974370 0.006983826 -0.001574561 1.061761618 -0.006980664 0.999973595 0.002005085 -1.479397178 0.001588524 -0.001994042 0.999996722 55.774696350
0.999977112 0.006408408 -0.002163469 1.076354504 -0.006404058 0.999977469 0.002011854 -1.489930272 0.002176312 -0.001997953 0.999995649 56.322586060
0.999977529 0.006432463 -0.001887858 1.091940761 -0.006429209 0.999977827 0.001724898 -1.503977418 0.001898911 -0.001712722 0.999996722 56.869579315
0.999975204 0.006727886 -0.002074046 1.105267286 -0.006724460 0.999976039 0.001654920 -1.515233278 0.002085131 -0.001640933 0.999996483 57.407413483
0.999973357 0.006992351 -0.002106522 1.120591402 -0.006988943 0.999974251 0.001620395 -1.527250648 0.002117798 -0.001605630 0.999996424 57.930229187
0.999975622 0.006663710 -0.002089300 1.136280656 -0.006660792 0.999976814 0.001400322 -1.537433624 0.002098584 -0.001386372 0.999996781 58.468452454
0.999973536 0.006929927 -0.002183390 1.142006874 -0.006927140 0.999975085 0.001281386 -1.547661901 0.002192216 -0.001266227 0.999996722 59.008319855
0.999976575 0.006601688 -0.001823715 1.160338044 -0.006599211 0.999977291 0.001360284 -1.564781308 0.001832654 -0.001348217 0.999997437 59.558994293
0.999977171 0.006384297 -0.002277482 1.179842830 -0.006381439 0.999978840 0.001259879 -1.578800321 0.002285478 -0.001245316 0.999996603 60.105941772
0.999977469 0.006295899 -0.002324623 1.185568810 -0.006293046 0.999979556 0.001232369 -1.591889143 0.002332333 -0.001217712 0.999996543 60.649742126
0.999975145 0.006565546 -0.002561373 1.221223593 -0.006563130 0.999978006 0.000949760 -1.596531987 0.002567553 -0.000932926 0.999996245 61.245246887
0.999974132 0.006843411 -0.002227285 1.235574126 -0.006841055 0.999976039 0.001063181 -1.608234286 0.002234507 -0.001047917 0.999996901 61.812679291
0.999975324 0.006556724 -0.002498782 1.256918430 -0.006554592 0.999978125 0.000860376 -1.621356845 0.002504369 -0.000843976 0.999996483 62.370506287
0.999974668 0.006799885 -0.002091239 1.270259976 -0.006798932 0.999976754 0.000462270 -1.633144021 0.002094334 -0.000448040 0.999997735 62.918586731
0.999979317 0.005838508 -0.002677227 1.299180865 -0.005839414 0.999982893 -0.000330139 -1.624574542 0.002675254 0.000345766 0.999996364 63.564804077
0.999974191 0.006906675 -0.001958496 1.293068171 -0.006905790 0.999976039 0.000458611 -1.665277600 0.001961616 -0.000445074 0.999997973 64.037773132
0.999973297 0.007102985 -0.001720457 1.304247499 -0.007102491 0.999974668 0.000293168 -1.678837419 0.001722496 -0.000280941 0.999998450 64.547470093
0.999970138 0.007615323 -0.001296454 1.306276798 -0.007614699 0.999970853 0.000484613 -1.694812179 0.001300107 -0.000474726 0.999999046 65.062316895
0.999972463 0.007305956 -0.001284440 1.320022464 -0.007305598 0.999973238 0.000283987 -1.709361196 0.001286481 -0.000274595 0.999999106 65.571350098
0.999974430 0.007004135 -0.001448184 1.337141156 -0.007003854 0.999975383 0.000199888 -1.721446395 0.001449549 -0.000189740 0.999998868 66.094444275
0.999972880 0.007243253 -0.001338439 1.342753530 -0.007243332 0.999973774 -0.000052902 -1.735641837 0.001338021 0.000062595 0.999999106 66.619621277
0.999972165 0.007356345 -0.001231396 1.355773807 -0.007356394 0.999972939 -0.000035961 -1.754204631 0.001231099 0.000045018 0.999999166 67.135765076
0.999973476 0.007135165 -0.001457652 1.372962236 -0.007135206 0.999974549 -0.000022631 -1.771756172 0.001457453 0.000033031 0.999998927 67.644615173
0.999974847 0.006968386 -0.001332954 1.384220123 -0.006968970 0.999975681 -0.000434487 -1.786747217 0.001329894 0.000443765 0.999999046 68.188484192
0.999972701 0.007256469 -0.001356373 1.400838494 -0.007256856 0.999973774 -0.000281366 -1.805313468 0.001354295 0.000291202 0.999999046 68.673561096
0.999973178 0.007097390 -0.001766835 1.416114450 -0.007097152 0.999974906 0.000140949 -1.822657228 0.001767791 -0.000128406 0.999998450 69.180717468
0.999973357 0.007088428 -0.001728982 1.430162072 -0.007088577 0.999974847 -0.000081051 -1.838182569 0.001728364 0.000093305 0.999998510 69.693641663
0.999973595 0.007175057 -0.001170237 1.434431911 -0.007175245 0.999974251 -0.000156603 -1.851290464 0.001169084 0.000164995 0.999999344 70.254783630
0.999974012 0.007073145 -0.001341422 1.451291323 -0.007072820 0.999974966 0.000247021 -1.880520582 0.001343135 -0.000237527 0.999998987 70.719230652
0.999971271 0.007504647 -0.001044463 1.457954049 -0.007504600 0.999971986 0.000048326 -1.898165226 0.001044796 -0.000040486 0.999999464 71.245361328
0.999973655 0.007212865 -0.000796055 1.465213418 -0.007212919 0.999974012 -0.000062192 -1.911166549 0.000795586 0.000067933 0.999999702 71.761894226
0.999969542 0.007786116 -0.000459069 1.472579002 -0.007786317 0.999969602 -0.000437261 -1.922752142 0.000455651 0.000440822 0.999999821 72.268882751
0.999967873 0.007999916 -0.000448840 1.483091116 -0.008000057 0.999967873 -0.000322061 -1.941161752 0.000446250 0.000325642 0.999999821 72.812072754
0.999963760 0.008486781 -0.000685676 1.490808845 -0.008486748 0.999963880 0.000049456 -1.957175612 0.000686071 -0.000043635 0.999999762 73.364707947
0.999968052 0.007972371 -0.000559854 1.505195498 -0.007972525 0.999968171 -0.000276205 -1.972631812 0.000557634 0.000280659 0.999999821 73.848403931
0.999965429 0.008282912 -0.000661337 1.515083671 -0.008282996 0.999965608 -0.000123717 -1.987271547 0.000660289 0.000129190 0.999999762 74.378532410
0.999960542 0.008895816 0.000012056 1.522382140 -0.008895817 0.999960363 -0.000092264 -2.007194757 -0.000012877 0.000092153 1.000000000 74.913803101
0.999955356 0.009447644 0.000244253 1.532809496 -0.009447538 0.999955297 -0.000430713 -2.021330118 -0.000248311 0.000428386 0.999999821 75.456512451
0.999956429 0.009328419 0.000372500 1.540423274 -0.009328372 0.999956489 -0.000128461 -2.041094303 -0.000373682 0.000124980 0.999999940 75.994857788
0.999958098 0.009150513 0.000271547 1.557046771 -0.009150396 0.999958038 -0.000428643 -2.057369471 -0.000275458 0.000426140 0.999999881 76.540481567
0.999954283 0.009550473 0.000404625 1.568688035 -0.009550247 0.999954164 -0.000558465 -2.073678017 -0.000409940 0.000554576 0.999999762 77.082054138
0.999955475 0.009433837 0.000065410 1.582162023 -0.009433820 0.999955416 -0.000263487 -2.096257687 -0.000067893 0.000262859 0.999999940 77.628807068
0.999958813 0.009051292 0.000602938 1.585335493 -0.009050930 0.999958873 -0.000599321 -2.108139038 -0.000608337 0.000593840 0.999999642 78.144996643
0.999951541 0.009772199 0.001206701 1.591338158 -0.009771266 0.999951959 -0.000777149 -2.117490053 -0.001214237 0.000765321 0.999998987 78.683448792
0.999955058 0.009449315 0.000803341 1.608582139 -0.009448682 0.999954998 -0.000791758 -2.133589029 -0.000810786 0.000784132 0.999999344 79.199501038
0.999954760 0.009477526 0.000807502 1.621829510 -0.009476885 0.999954700 -0.000795284 -2.153356791 -0.000815003 0.000787595 0.999999344 79.710769653
0.999952734 0.009511989 0.002063887 1.628627062 -0.009509801 0.999954224 -0.001066840 -2.164200068 -0.002073940 0.001047163 0.999997318 80.253280640
0.999949276 0.009571962 0.003133730 1.640774727 -0.009567999 0.999953389 -0.001277095 -2.179741144 -0.003145809 0.001247047 0.999994278 80.795677185
0.999947190 0.009351752 0.004256836 1.651574731 -0.009345876 0.999955297 -0.001398235 -2.191012144 -0.004269721 0.001358377 0.999989986 81.342086792
0.999944091 0.009068450 0.005428268 1.664002776 -0.009060190 0.999957740 -0.001544226 -2.207884789 -0.005442042 0.001494959 0.999984086 81.888259888
0.999919593 0.009209340 0.008717793 1.684980154 -0.009196562 0.999956548 -0.001504577 -2.227733612 -0.008731271 0.001424283 0.999960840 82.435592651
0.999869943 0.009944296 0.012689841 1.702300668 -0.009927887 0.999949753 -0.001355506 -2.244168282 -0.012702683 0.001229347 0.999918580 82.993881226
0.999814153 0.010276401 0.016312992 1.713816404 -0.010249891 0.999945998 -0.001707882 -2.253422022 -0.016329663 0.001540358 0.999865472 83.547744751
0.999737382 0.010156077 0.020544009 1.736313581 -0.010126142 0.999947608 -0.001560487 -2.272730112 -0.020558780 0.001352046 0.999787748 84.104698181
0.999578893 0.010798094 0.026934067 1.763971806 -0.010764569 0.999941111 -0.001389383 -2.288592577 -0.026947480 0.001098864 0.999636233 84.650436401
0.999418855 0.010628551 0.032387648 1.801443100 -0.010580602 0.999942660 -0.001651424 -2.304549456 -0.032403342 0.001307784 0.999473989 85.210662842
0.999181032 0.011575145 0.038770225 1.826930881 -0.011530259 0.999932587 -0.001381131 -2.323618174 -0.038783595 0.000932970 0.999247193 85.757553101
0.998846471 0.011289214 0.046671890 1.871549606 -0.011216666 0.999935448 -0.001816043 -2.335017443 -0.046689380 0.001290445 0.998908639 86.327217102
0.998401046 0.011433952 0.055358052 1.915394545 -0.011318857 0.999933004 -0.002392235 -2.347280025 -0.055381700 0.001761821 0.998463631 86.889953613
0.997981131 0.011125382 0.062529057 1.966846466 -0.011019431 0.999937177 -0.002039047 -2.363111019 -0.062547818 0.001345896 0.998041093 87.445579529
0.997354209 0.011604172 0.071763113 2.020215988 -0.011487147 0.999931931 -0.002043193 -2.386968374 -0.071781926 0.001213433 0.997419596 87.982032776
0.996562600 0.011319378 0.082064420 2.077587128 -0.011163937 0.999934912 -0.002352728 -2.407922506 -0.082085714 0.001428479 0.996624231 88.537086487
0.995825112 0.010489674 0.090677179 2.152130604 -0.010311215 0.999943852 -0.002436325 -2.418646336 -0.090697646 0.001491161 0.995877385 89.089210510
0.995147169 0.010414488 0.097844958 2.215505123 -0.010193435 0.999944210 -0.002758846 -2.436894178 -0.097868204 0.001748080 0.995197952 89.644721985
0.994151592 0.010189823 0.107510999 2.298889637 -0.009919289 0.999946117 -0.003050814 -2.451758862 -0.107536279 0.001966539 0.994199276 90.173469543
0.992909372 0.010576732 0.118402183 2.380767822 -0.010347347 0.999943137 -0.002551937 -2.476328373 -0.118422449 0.001308694 0.992962420 90.740905762
0.991773009 0.009828493 0.127630517 2.473278046 -0.009492420 0.999949634 -0.003241175 -2.495086193 -0.127655953 0.002002988 0.991816401 91.289611816
0.990174830 0.009806070 0.139490157 2.566429138 -0.009459994 0.999950230 -0.003143842 -2.511997461 -0.139514044 0.001793377 0.990218461 91.828460693
0.988375604 0.009785064 0.151716396 2.672953606 -0.009434544 0.999950886 -0.003030071 -2.532257080 -0.151738629 0.001563474 0.988419414 92.399528503
0.986615419 0.009200616 0.162804663 2.782029152 -0.008739763 0.999955475 -0.003546737 -2.545970678 -0.162830055 0.002076391 0.986651957 92.911842346
0.984903038 0.008980021 0.172873497 2.902959824 -0.008448984 0.999957025 -0.003807442 -2.559020996 -0.172900230 0.002289355 0.984936595 93.520462036
0.982551217 0.008678002 0.185789451 3.022975922 -0.008114902 0.999959886 -0.003791106 -2.577880383 -0.185814872 0.002217292 0.982582271 94.059127808
0.980155051 0.008376919 0.198055014 3.155449867 -0.007809803 0.999962866 -0.003644386 -2.602057457 -0.198078170 0.002025292 0.980184138 94.579841614
0.978002727 0.009002613 0.208397880 3.281877518 -0.008540621 0.999958634 -0.003116594 -2.624963760 -0.208417311 0.001268190 0.978039205 95.107810974
0.975196540 0.007721660 0.221205682 3.423601151 -0.007039449 0.999967754 -0.003872252 -2.637231827 -0.221228421 0.002219041 0.975219488 95.634414673
0.972086608 0.007255723 0.234509796 3.573831558 -0.006409206 0.999969900 -0.004371675 -2.650271177 -0.234534413 0.002746625 0.972103894 96.164779663
0.969522774 0.006333505 0.244919062 3.735218048 -0.005412336 0.999975562 -0.004433979 -2.665412664 -0.244941145 0.002973259 0.969533384 96.682418823
0.966356754 0.007118076 0.257107019 3.894062042 -0.006383173 0.999972761 -0.003692860 -2.703584194 -0.257126242 0.001927461 0.966375887 97.294166565
0.962831795 0.008224942 0.269976825 4.064659119 -0.007741880 0.999965906 -0.002854079 -2.727272511 -0.269991040 0.000657870 0.962862611 97.802009583
0.959083974 0.007264621 0.283028573 4.251132965 -0.006398252 0.999971569 -0.003985299 -2.745684624 -0.283049554 0.002011348 0.959103167 98.374618530
0.955686033 0.006409728 0.294318289 4.437246323 -0.005517844 0.999977350 -0.003860644 -2.761170626 -0.294336379 0.002065562 0.955699682 98.899414062
0.951062858 0.006970260 0.308918595 4.623056412 -0.006006647 0.999973655 -0.004070255 -2.780554295 -0.308938801 0.002015503 0.951079905 99.439338684
0.946593761 0.006389237 0.322365403 4.835422516 -0.005272947 0.999976695 -0.004335916 -2.794994354 -0.322385609 0.002404534 0.946605384 99.971733093
0.942585886 0.005965031 0.333910674 5.044660568 -0.004650843 0.999977946 -0.004735039 -2.807868481 -0.333931535 0.002910214 0.942592859 100.484878540
0.938158870 0.005353384 0.346163481 5.256694794 -0.004146613 0.999982476 -0.004226636 -2.837468624 -0.346180022 0.002529849 0.938164771 100.940261841
0.932382047 0.005365390 0.361434311 5.482391357 -0.004021476 0.999981940 -0.004470361 -2.855879307 -0.361451745 0.002714586 0.932386816 101.565841675
0.927704275 0.004972645 0.373282701 5.714988708 -0.003777970 0.999985099 -0.003931957 -2.875566006 -0.373296708 0.002237443 0.927709281 102.073204041
0.922962904 0.003690390 0.384871155 5.950952530 -0.002256591 0.999988794 -0.004176981 -2.878436565 -0.384882152 0.002986703 0.922960877 102.563423157
0.916626453 0.003734053 0.399727345 6.213024139 -0.001921714 0.999985993 -0.004934628 -2.905195475 -0.399740189 0.003755050 0.916620791 103.153327942
0.910720289 0.004587955 0.412998140 6.462467194 -0.002755719 0.999983549 -0.005031958 -2.921201468 -0.413014472 0.003444599 0.910717964 103.645278931
0.905858338 0.003775627 0.423563808 6.705844879 -0.001770963 0.999985337 -0.005126337 -2.945031881 -0.423576951 0.003893619 0.905851781 104.103805542
0.899514377 0.001579813 0.436888248 6.993404388 0.000849896 0.999985158 -0.005365864 -2.964011192 -0.436890304 0.005197981 0.899499714 104.714675903
0.892816901 0.001841806 0.450415909 7.261589050 0.000902370 0.999982357 -0.005877733 -2.976227760 -0.450418711 0.005654182 0.892799497 105.197463989
0.886814475 0.001549066 0.462123156 7.539451599 0.001373054 0.999981105 -0.005986891 -2.994263172 -0.462123692 0.005943781 0.886795461 105.679138184
0.880943596 0.001411205 0.473219037 7.796855927 0.000952071 0.999988198 -0.004754478 -3.032916784 -0.473220140 0.004638965 0.880931973 106.087402344
0.873435616 0.000925435 0.486938775 8.081695557 0.001710626 0.999986172 -0.004968887 -3.042912483 -0.486936659 0.005172972 0.873421967 106.546348572
