1.000000000 0.000000000 0.000000000 0.000000000 0.000000000 1.000000000 0.000000000 0.000000000 0.000000000 0.000000000 1.000000000 0.000000000
1.000000000 0.000084473 0.000111818 -0.003224019 -0.000084455 1.000000000 -0.000160650 0.004119108 -0.000111831 0.000160640 1.000000000 0.003848528
1.000000000 0.000080715 0.000072379 -0.002344693 -0.000080704 1.000000000 -0.000158161 0.002783892 -0.000072391 0.000158156 1.000000000 0.001002389
0.999999940 0.000303733 0.000136989 -0.000809232 -0.000303715 0.999999940 -0.000134847 0.003305863 -0.000137030 0.000134806 1.000000000 -0.001990791
1.000000000 0.000205156 0.000046769 0.002135131 -0.000205153 1.000000000 -0.000067626 0.002013677 -0.000046783 0.000067616 1.000000000 -0.001409021
1.000000000 0.000086646 0.000009516 0.001012210 -0.000086647 1.000000000 0.000034643 0.001528790 -0.000009513 -0.000034644 1.000000000 -0.003144883
1.000000000 0.000027004 0.000103081 -0.002550798 -0.000026993 1.000000000 -0.000101929 0.001382662 -0.000103084 0.000101926 1.000000000 -0.001952982
1.000000000 0.000020870 -0.000007209 0.000343428 -0.000020870 1.000000000 -0.000017958 0.001691648 0.000007209 0.000017958 1.000000000 -0.002699526
1.000000000 -0.000003315 0.000119705 -0.005285732 0.000003335 1.000000000 -0.000168223 0.003953802 -0.000119704 0.000168223 1.000000000 0.003972866
0.999999940 0.000179547 0.000237275 -0.005401161 -0.000179510 1.000000000 -0.000155714 0.003205582 -0.000237303 0.000155671 0.999999940 -0.000914440
1.000000000 0.000195231 0.000110095 0.000586701 -0.000195215 0.999999940 -0.000147784 0.002738745 -0.000110124 0.000147763 1.000000000 -0.003851917
0.999999940 0.000205920 0.000155827 -0.002257458 -0.000205905 1.000000000 -0.000096865 0.003419016 -0.000155847 0.000096833 1.000000000 -0.002664336
1.000000000 0.000072273 0.000185469 -0.004693526 -0.000072264 1.000000000 -0.000046528 0.000602048 -0.000185473 0.000046514 1.000000000 -0.003916386
1.000000000 -0.000017153 0.000121016 -0.002773845 0.000017159 1.000000000 -0.000044080 0.000170291 -0.000121015 0.000044083 1.000000000 -0.002052381
1.000000000 0.000064880 0.000062777 -0.000585526 -0.000064874 1.000000000 -0.000093162 0.002271195 -0.000062783 0.000093158 1.000000000 -0.004121512
1.000000000 -0.000156238 -0.000081076 0.002063690 0.000156241 1.000000000 0.000040938 0.000383108 0.000081070 -0.000040951 1.000000000 -0.006955124
0.999999940 -0.000304798 -0.000101892 0.002115654 0.000304796 0.999999940 -0.000028447 -0.001000837 0.000101901 0.000028416 1.000000000 -0.009212131
1.000000000 -0.000037623 0.000137948 -0.003739167 0.000037628 1.000000000 -0.000039287 0.000236244 -0.000137946 0.000039293 1.000000000 -0.002777753
1.000000000 0.000089069 -0.000016192 0.000161303 -0.000089068 1.000000000 0.000049061 0.001448254 0.000016197 -0.000049059 1.000000000 -0.007751082
1.000000000 -0.000089231 -0.000021771 -0.001519571 0.000089231 1.000000000 -0.000033704 -0.000233459 0.000021774 0.000033702 1.000000000 -0.006939276
1.000000000 0.000000843 0.000040428 -0.000959537 -0.000000839 1.000000000 -0.000093177 0.001696621 -0.000040429 0.000093177 1.000000000 -0.007358661
1.000000000 -0.000126454 0.000049273 -0.000998311 0.000126454 1.000000000 0.000008340 -0.000761748 -0.000049274 -0.000008333 1.000000000 -0.005431083
1.000000000 0.000146562 0.000189266 -0.006819753 -0.000146524 0.999999940 -0.000202714 0.003218315 -0.000189295 0.000202687 0.999999940 0.002768215
1.000000000 -0.000091829 -0.000072044 0.000503937 0.000091822 1.000000000 -0.000096425 0.000154112 0.000072053 0.000096418 1.000000000 -0.000257838
1.000000000 -0.000053216 0.000034054 -0.001060658 0.000053215 1.000000000 0.000009791 0.001944085 -0.000034055 -0.000009789 1.000000000 -0.000168576
1.000000000 0.000079509 -0.000018916 0.001935866 -0.000079510 1.000000000 -0.000094109 0.003232724 0.000018909 0.000094111 1.000000000 -0.006276567
1.000000000 -0.000083182 0.000108604 -0.003314340 0.000083198 1.000000000 -0.000140580 0.003443749 -0.000108593 0.000140589 1.000000000 -0.001258938
0.999999940 0.000229822 0.000251048 -0.005810503 -0.000229764 0.999999940 -0.000232256 0.003462017 -0.000251102 0.000232199 0.999999940 0.001225597
1.000000000 0.000049731 0.000157511 -0.005170221 -0.000049728 1.000000000 -0.000018191 0.001905396 -0.000157511 0.000018183 1.000000000 -0.000250117
1.000000000 -0.000135868 0.000073276 -0.005011620 0.000135877 1.000000000 -0.000123427 0.005830675 -0.000073259 0.000123437 1.000000000 0.003167447
1.000000000 -0.000112882 0.000042671 -0.002439236 0.000112884 1.000000000 -0.000051263 0.002057687 -0.000042665 0.000051268 1.000000000 -0.001813400
1.000000000 -0.000148952 0.000111773 -0.004373810 0.000148946 1.000000000 0.000055166 0.001597543 -0.000111781 -0.000055149 1.000000000 0.002072800
1.000000000 -0.000186445 0.000088296 -0.003894675 0.000186438 1.000000000 0.000080234 0.000500984 -0.000088311 -0.000080218 1.000000000 -0.004854924
1.000000000 -0.000177013 0.000001061 -0.001673712 0.000177013 1.000000000 0.000053747 0.001471360 -0.000001070 -0.000053747 1.000000000 -0.005109563
1.000000000 0.000060184 0.000064237 -0.003294743 -0.000060179 1.000000000 -0.000078489 0.000728936 -0.000064242 0.000078485 1.000000000 -0.001876197
1.000000000 0.000028467 0.000107903 -0.004090494 -0.000028457 1.000000000 -0.000093562 0.002572414 -0.000107906 0.000093559 1.000000000 -0.000325782
1.000000000 -0.000171113 -0.000135498 0.002229841 0.000171129 1.000000000 0.000115744 -0.000018423 0.000135478 -0.000115768 1.000000000 -0.011468248
1.000000000 -0.000004235 0.000077788 -0.003481194 0.000004252 1.000000000 -0.000222722 0.004157224 -0.000077787 0.000222722 1.000000000 0.000551267
1.000000000 -0.000157851 0.000113085 -0.003527160 0.000157848 1.000000000 0.000025851 0.001690259 -0.000113089 -0.000025833 1.000000000 -0.000011749
1.000000000 -0.000031654 -0.000045949 0.001168033 0.000031664 1.000000000 0.000227393 -0.001758864 0.000045942 -0.000227395 1.000000000 -0.008889292
0.999999940 -0.000282825 -0.000153370 0.000358055 0.000282831 0.999999940 0.000039663 -0.001009989 0.000153359 -0.000039707 1.000000000 -0.000778660
1.000000000 0.000096407 0.000074723 0.002420143 -0.000096365 0.999999821 -0.000564249 -0.004880445 -0.000074778 0.000564242 0.999999821 0.048712172
1.000000000 0.000041908 -0.000021098 0.000905351 -0.000041938 0.999998987 -0.001435704 -0.000134392 0.000021038 0.001435704 0.999998987 0.149272069
1.000000000 -0.000061709 -0.000068871 0.004243797 0.000061611 0.999998987 -0.001417021 -0.009835784 0.000068958 0.001417017 0.999998987 0.263522118
1.000000000 -0.000224457 0.000033969 0.001686319 0.000224504 0.999998987 -0.001385025 -0.010186723 -0.000033658 0.001385033 0.999999046 0.391957670
1.000000000 0.000031876 -0.000155239 0.007227113 -0.000032056 0.999999344 -0.001159815 -0.018296348 0.000155202 0.001159820 0.999999344 0.534762681
1.000000000 -0.000027261 0.000009118 0.008061824 0.000027268 0.999999642 -0.000848228 -0.033411872 -0.000009095 0.000848228 0.999999642 0.679806709
0.999999881 -0.000475574 -0.000113084 0.016772749 0.000475521 0.999999762 -0.000472459 -0.033547509 0.000113309 0.000472405 0.999999881 0.852745175
0.999999940 -0.000177304 -0.000271327 0.026248677 0.000177161 0.999999821 -0.000526570 -0.036830429 0.000271420 0.000526522 0.999999821 1.028989553
1.000000000 -0.000067228 0.000003450 0.024208689 0.000067230 0.999999821 -0.000631899 -0.035898156 -0.000003407 0.000631899 0.999999821 1.208940029
0.999999762 -0.000545504 -0.000371510 0.039714303 0.000545322 0.999999762 -0.000488738 -0.046437826 0.000371777 0.000488536 0.999999821 1.415909171
0.999999464 -0.000648499 -0.000799936 0.044168819 0.000648406 0.999999762 -0.000116626 -0.061920896 0.000800011 0.000116107 0.999999702 1.610499501
0.999995887 -0.001106121 0.002654631 -0.016942652 0.001101542 0.999997854 0.001725515 -0.086868890 -0.002656534 -0.001722583 0.999994993 1.683516502
0.999995053 -0.001556855 0.002735363 -0.010350281 0.001551598 0.999996960 0.001922920 -0.092937648 -0.002738348 -0.001918666 0.999994457 1.889427185
0.999995470 -0.000847346 0.002927767 -0.009627338 0.000841007 0.999997318 0.002165519 -0.100442722 -0.002929595 -0.002163047 0.999993384 2.068826914
0.999995887 -0.000549852 0.002836040 -0.002378719 0.000543226 0.999997199 0.002336397 -0.103804432 -0.002837317 -0.002334847 0.999993265 2.276056767
0.999995649 -0.000314347 0.002957004 -0.005331625 0.000307464 0.999997318 0.002327687 -0.110704616 -0.002957728 -0.002326767 0.999992967 2.515916348
0.999993503 0.000160809 0.003598226 -0.006039171 -0.000169870 0.999996841 0.002518201 -0.119477980 -0.003597809 -0.002518796 0.999990404 2.746537924
0.999995351 -0.001000318 0.002887965 0.012050660 0.000992909 0.999996245 0.002565664 -0.131509483 -0.002890521 -0.002562785 0.999992490 2.938354492
0.999994576 -0.000739147 0.003223034 0.008729290 0.000731951 0.999997199 0.002233111 -0.132911429 -0.003224676 -0.002230739 0.999992311 3.200634241
0.999993682 -0.000509578 0.003533053 0.010855093 0.000500819 0.999996841 0.002479757 -0.142030999 -0.003534305 -0.002477971 0.999990702 3.434208632
0.999994397 -0.000454522 0.003318565 0.029506553 0.000446628 0.999997139 0.002378999 -0.148326054 -0.003319636 -0.002377504 0.999991715 3.697542429
0.999994755 -0.001405640 0.002926728 0.034236033 0.001397059 0.999994695 0.002931919 -0.166397214 -0.002930834 -0.002927814 0.999991417 3.923974037
0.999995112 -0.000947136 0.003015530 0.036123954 0.000937082 0.999994099 0.003333530 -0.176181108 -0.003018669 -0.003330688 0.999989867 4.177377701
0.999993980 -0.000950805 0.003364559 0.037695520 0.000939323 0.999993801 0.003412647 -0.187840134 -0.003367783 -0.003409466 0.999988556 4.425650597
0.999994218 -0.000860405 0.003314718 0.046812411 0.000848895 0.999993622 0.003472138 -0.191778332 -0.003317685 -0.003469304 0.999988437 4.703801155
0.999993443 -0.001240459 0.003406996 0.054613210 0.001229066 0.999993682 0.003344148 -0.196987927 -0.003411123 -0.003339938 0.999988616 4.898558140
0.999994278 -0.001753208 0.002877461 0.064251967 0.001742594 0.999991655 0.003687294 -0.209701315 -0.002883901 -0.003682258 0.999989092 5.164388657
0.999993026 -0.000832626 0.003637576 0.053383641 0.000820290 0.999993920 0.003391423 -0.215664253 -0.003640377 -0.003388416 0.999987602 5.422090530
0.999994338 -0.001333584 0.003088378 0.064685412 0.001322109 0.999992192 0.003714447 -0.232191503 -0.003093308 -0.003710343 0.999988258 5.690897942
0.999993563 -0.002011684 0.002987947 0.086365178 0.002000764 0.999991417 0.003652977 -0.228658527 -0.002995270 -0.003646975 0.999988854 5.982171535
0.999993682 -0.001727469 0.003099652 0.088312738 0.001716160 0.999991834 0.003647565 -0.240220621 -0.003105928 -0.003642223 0.999988496 6.248153687
0.999993980 -0.001005410 0.003303423 0.089276522 0.000994118 0.999993742 0.003418292 -0.247201651 -0.003306839 -0.003414988 0.999988675 6.534666538
0.999993861 -0.001515876 0.003147529 0.095924556 0.001505894 0.999993861 0.003171249 -0.243713632 -0.003152317 -0.003166490 0.999990106 6.836194992
0.999994338 -0.001719382 0.002869025 0.113927618 0.001709794 0.999993026 0.003341107 -0.260376692 -0.002874749 -0.003336183 0.999990344 7.127199650
0.999993861 -0.001138094 0.003311257 0.110285960 0.001125886 0.999992669 0.003686344 -0.273258686 -0.003315428 -0.003682593 0.999987781 7.456570625
0.999994099 -0.000925951 0.003292918 0.118868187 0.000913177 0.999992073 0.003878623 -0.283487141 -0.003296483 -0.003875593 0.999987125 7.763766289
0.999991357 -0.002621957 0.003229660 0.111960135 0.002606094 0.999984682 0.004906090 -0.315964937 -0.003242474 -0.004897631 0.999982774 8.027854919
0.999992192 -0.002367829 0.003178930 0.126043394 0.002352610 0.999985754 0.004782879 -0.322059423 -0.003190210 -0.004775363 0.999983549 8.355530739
0.999992192 -0.002424521 0.003138603 0.124847054 0.002410564 0.999987245 0.004442966 -0.324132293 -0.003149335 -0.004435365 0.999985218 8.705609322
0.999991715 -0.002573938 0.003153926 0.134325773 0.002559593 0.999986410 0.004543886 -0.335815281 -0.003165579 -0.004535776 0.999984741 9.047184944
0.999990702 -0.003275672 0.002806432 0.152365863 0.003262538 0.999983728 0.004671835 -0.343124211 -0.002821690 -0.004662636 0.999985099 9.400600433
0.999992013 -0.002218126 0.003337700 0.140191987 0.002200692 0.999983966 0.005218003 -0.351608604 -0.003349221 -0.005210617 0.999980748 9.747067451
0.999992192 -0.001894749 0.003450860 0.151813656 0.001876674 0.999984562 0.005233474 -0.375244260 -0.003460722 -0.005226957 0.999980330 10.040048599
0.999992311 -0.001726830 0.003503386 0.159788221 0.001709047 0.999985695 0.005072405 -0.382177263 -0.003512094 -0.005066379 0.999980986 10.400910378
0.999991655 -0.001586426 0.003760499 0.160885230 0.001566708 0.999985039 0.005240645 -0.393650502 -0.003768757 -0.005234709 0.999979198 10.774215698
0.999990404 -0.002469271 0.003614059 0.177350879 0.002448346 0.999980330 0.005782891 -0.405757189 -0.003628267 -0.005773987 0.999976695 11.151420593
0.999990642 -0.002345358 0.003637298 0.204932690 0.002325771 0.999982774 0.005380115 -0.402660191 -0.003649853 -0.005371605 0.999978840 11.543402672
0.999990106 -0.002641108 0.003575150 0.211781263 0.002621838 0.999982059 0.005383984 -0.410835832 -0.003589306 -0.005374557 0.999979138 11.973118782
0.999991298 -0.001949649 0.003688644 0.202401072 0.001928295 0.999981403 0.005783644 -0.444024026 -0.003699851 -0.005776481 0.999976456 12.251361847
0.999991119 -0.002092181 0.003663059 0.214938775 0.002071185 0.999981463 0.005726376 -0.449257731 -0.003674972 -0.005718739 0.999976814 12.656344414
0.999991298 -0.002521631 0.003327852 0.232203335 0.002501413 0.999978542 0.006065852 -0.464258760 -0.003343076 -0.006057475 0.999976039 13.049327850
0.999989748 -0.001688842 0.004211667 0.234596208 0.001661593 0.999977708 0.006464964 -0.470356554 -0.004222491 -0.006457899 0.999970317 13.472640038
0.999988914 -0.001366942 0.004500576 0.238658607 0.001335438 0.999974668 0.006995538 -0.493056178 -0.004510024 -0.006989451 0.999965429 13.878039360
0.999988019 -0.003091613 0.003792762 0.254902959 0.003063936 0.999968827 0.007281237 -0.519873917 -0.003815154 -0.007269529 0.999966264 14.299652100
0.999987781 -0.003320904 0.003664434 0.279854894 0.003293161 0.999966085 0.007551289 -0.569081426 -0.003689387 -0.007539129 0.999964774 14.612230301
0.999984205 -0.004346429 0.003567929 0.298047662 0.004319357 0.999962032 0.007560584 -0.578291237 -0.003600655 -0.007545053 0.999965072 15.054089546
0.999983311 -0.003020783 0.004937523 0.298736632 0.002982904 0.999966264 0.007661049 -0.590004921 -0.004960498 -0.007646193 0.999958515 15.504054070
0.999984264 -0.003032395 0.004722729 0.317370415 0.002994194 0.999962926 0.008075066 -0.598451495 -0.004747041 -0.008060798 0.999956310 15.937057495
0.999984443 -0.002713799 0.004864933 0.316286594 0.002674633 0.999964178 0.008039266 -0.610052526 -0.004886575 -0.008026129 0.999955893 16.381988525
0.999979734 -0.004122297 0.004873172 0.339072943 0.004082673 0.999958694 0.008113254 -0.629946351 -0.004906417 -0.008093193 0.999955237 16.797855377
0.999985397 -0.002632382 0.004732914 0.363088429 0.002592046 0.999960423 0.008508429 -0.630419970 -0.004755125 -0.008496036 0.999952614 17.267087936
0.999979198 -0.002804583 0.005809190 0.334470749 0.002753490 0.999957561 0.008784678 -0.666826487 -0.005833581 -0.008768499 0.999944568 17.613952637
0.999976754 -0.003564954 0.005817465 0.355421036 0.003511793 0.999952197 0.009122944 -0.673594356 -0.005849710 -0.009102302 0.999941528 18.087789536
0.999976516 -0.003096306 0.006103730 0.365282983 0.003039785 0.999952674 0.009247752 -0.685306668 -0.006132075 -0.009228982 0.999938607 18.554412842
0.999978244 -0.002264461 0.006195089 0.383021742 0.002206694 0.999954164 0.009315721 -0.695734978 -0.006215900 -0.009301848 0.999937475 19.026784897
0.999975860 -0.001035074 0.006873263 0.380212486 0.000967808 0.999951661 0.009782689 -0.717320442 -0.006883056 -0.009775802 0.999928534 19.533138275
0.999976099 -0.001051675 0.006835612 0.394491434 0.000984572 0.999951422 0.009812716 -0.720859587 -0.006845600 -0.009805751 0.999928474 20.020923615
0.999976397 -0.002638183 0.006340349 0.415862828 0.002575424 0.999947786 0.009886218 -0.757453561 -0.006366100 -0.009869656 0.999931037 20.443738937
0.999978662 -0.002271459 0.006121857 0.424185336 0.002214247 0.999953926 0.009336204 -0.755642176 -0.006142781 -0.009322449 0.999937654 20.951614380
0.999980450 -0.002321186 0.005793684 0.429065734 0.002264432 0.999949574 0.009783256 -0.775647342 -0.005816101 -0.009769944 0.999935389 21.466756821
0.999979734 -0.002748634 0.005723722 0.420426309 0.002685749 0.999936342 0.010965674 -0.808688283 -0.005753497 -0.010950081 0.999923587 21.978963852
0.999981940 -0.004203180 0.004297879 0.443897158 0.004158788 0.999938428 0.010286107 -0.812263906 -0.004340848 -0.010268047 0.999937832 22.424047470
0.999984205 -0.004402458 0.003490998 0.458550096 0.004365353 0.999934614 0.010566015 -0.825864613 -0.003537286 -0.010550609 0.999938071 22.958307266
0.999988079 -0.003019233 0.003839612 0.458894074 0.002979865 0.999943435 0.010217904 -0.831439853 -0.003870245 -0.010206342 0.999940455 23.516244888
0.999990284 -0.003568606 0.002578633 0.463558674 0.003540526 0.999935269 0.010813293 -0.852076530 -0.002617055 -0.010804058 0.999938190 23.994289398
0.999994516 -0.002408659 0.002251049 0.475033939 0.002384213 0.999938846 0.010799904 -0.852842093 -0.002276924 -0.010794478 0.999939203 24.537429810
0.999994874 -0.002970483 0.001246423 0.482227743 0.002957534 0.999942958 0.010265172 -0.853938580 -0.001276845 -0.010261433 0.999946535 25.086864471
0.999991119 -0.004105834 0.000877040 0.476882786 0.004096089 0.999932885 0.010837329 -0.878259301 -0.000921477 -0.010833642 0.999940813 25.569210052
0.999990046 -0.004423604 0.000492167 0.486499101 0.004417652 0.999924123 0.011499026 -0.884865224 -0.000542997 -0.011496736 0.999933720 26.112907410
0.999992311 -0.003933821 0.000227688 0.503771961 0.003930927 0.999925494 0.011555410 -0.907361150 -0.000273129 -0.011554425 0.999933183 26.666790009
0.999993801 -0.003459208 -0.000697117 0.538285434 0.003467920 0.999910653 0.012909388 -0.937267542 0.000652398 -0.012911725 0.999916375 27.203639984
0.999993920 -0.003453958 -0.000521543 0.529776514 0.003460192 0.999916315 0.012466630 -0.934824765 0.000478440 -0.012468361 0.999922097 27.664733887
0.999995172 -0.003031985 -0.000659777 0.535072565 0.003040118 0.999914765 0.012696842 -0.950795054 0.000621225 -0.012698785 0.999919176 28.216087341
0.999991953 -0.003782608 -0.001305901 0.551058114 0.003799065 0.999910474 0.012838465 -0.960929692 0.001257221 -0.012843324 0.999916732 28.823747635
0.999990582 -0.004051504 -0.001572975 0.567652047 0.004070741 0.999914527 0.012425503 -0.959804416 0.001522499 -0.012431787 0.999921560 29.335014343
0.999985158 -0.004821348 -0.002507008 0.607367218 0.004854319 0.999899566 0.013316352 -0.986594617 0.002442553 -0.013328327 0.999908209 29.775310516
0.999987125 -0.004366699 -0.002570950 0.622027099 0.004400254 0.999903321 0.013193901 -0.999097168 0.002513087 -0.013205045 0.999909699 30.319021225
0.999986351 -0.004284319 -0.002956565 0.624671519 0.004324731 0.999895394 0.013800593 -1.014500976 0.002897129 -0.013813193 0.999900401 30.852388382
0.999975860 -0.005890034 -0.003673759 0.672296703 0.005940498 0.999886036 0.013880075 -1.024993300 0.003591586 -0.013901565 0.999896944 31.419458389
0.999977410 -0.005601570 -0.003718239 0.649469435 0.005654362 0.999881089 0.014342713 -1.063938856 0.003637456 -0.014363411 0.999890149 31.900903702
0.999975801 -0.005673573 -0.004031435 0.659890056 0.005732206 0.999875724 0.014684226 -1.078406930 0.003947622 -0.014706980 0.999884009 32.437835693
0.999975681 -0.005865370 -0.003778830 0.649220884 0.005921123 0.999871194 0.014915561 -1.098041773 0.003690858 -0.014937573 0.999881566 32.955745697
0.999983370 -0.004802042 -0.003215935 0.656715333 0.004852249 0.999863505 0.015790541 -1.103149533 0.003139669 -0.015805878 0.999870121 33.554607391
0.999969363 -0.006610811 -0.004194585 0.634788752 0.006675492 0.999856055 0.015598273 -1.140218258 0.004090865 -0.015625795 0.999869466 34.039554596
0.999964416 -0.006792614 -0.004998244 0.651105523 0.006865990 0.999866724 0.014812730 -1.134722471 0.004896959 -0.014846522 0.999877691 34.586990356
0.999966502 -0.006870787 -0.004451382 0.648404956 0.006943219 0.999840260 0.016466092 -1.166576385 0.004337534 -0.016496446 0.999854505 35.119983673
0.999970376 -0.006250446 -0.004489300 0.665820539 0.006320608 0.999855340 0.015788410 -1.173697233 0.004389967 -0.015816318 0.999865234 35.715518951
0.999977589 -0.005389977 -0.003995337 0.669263184 0.005458205 0.999836028 0.017267346 -1.210332394 0.003901610 -0.017288765 0.999842823 36.197467804
0.999964535 -0.007082789 -0.004555554 0.669507682 0.007154700 0.999846935 0.015967784 -1.175490141 0.004441761 -0.015999811 0.999862134 36.769382477
0.999977171 -0.004666496 -0.004894586 0.713198066 0.004745159 0.999857783 0.016184891 -1.219359159 0.004818362 -0.016207747 0.999856949 37.400737762
0.999956727 -0.007689578 -0.005228759 0.645954967 0.007774944 0.999833524 0.016506793 -1.225813866 0.005100960 -0.016546734 0.999850094 37.820301056
0.999957979 -0.007442048 -0.005353040 0.670857430 0.007528895 0.999837339 0.016390884 -1.245978713 0.005230188 -0.016430501 0.999851286 38.399898529
0.999959171 -0.007125058 -0.005553243 0.670793891 0.007219703 0.999825776 0.017213643 -1.261579990 0.005429628 -0.017253034 0.999836385 38.909820557
0.999944329 -0.008721618 -0.005938404 0.695145488 0.008830497 0.999788642 0.018561715 -1.305563807 0.005775262 -0.018613122 0.999810100 39.495330811
0.999957144 -0.007417997 -0.005537275 0.673159480 0.007503863 0.999849319 0.015650626 -1.249803305 0.005420345 -0.015691509 0.999862194 40.038341522
0.999959588 -0.006697828 -0.005993978 0.717514575 0.006792163 0.999851167 0.015858777 -1.254503369 0.005886864 -0.015898850 0.999856293 40.602519989
0.999943078 -0.008738673 -0.006123293 0.711212039 0.008848310 0.999796748 0.018112270 -1.306632161 0.005963773 -0.018165421 0.999817193 41.160678864
0.999947548 -0.008473813 -0.005755488 0.699368358 0.008575731 0.999802589 0.017920438 -1.298219323 0.005602499 -0.017968860 0.999822795 41.725837708
0.999934137 -0.009857579 -0.005876313 0.663715839 0.009960415 0.999793112 0.017735496 -1.292232752 0.005700268 -0.017792860 0.999825358 42.115562439
0.999937296 -0.009677514 -0.005636215 0.660511613 0.009780001 0.999781907 0.018448997 -1.300446272 0.005456447 -0.018502962 0.999813795 42.652755737
0.999933362 -0.009674584 -0.006297634 0.685339570 0.009784393 0.999796450 0.017645776 -1.296417475 0.006125637 -0.017706219 0.999824345 43.223590851
0.999932826 -0.009386363 -0.006798400 0.694896460 0.009509308 0.999787569 0.018283723 -1.302235126 0.006625338 -0.018347140 0.999809682 43.755077362
0.999951839 -0.008434603 -0.005019556 0.663833380 0.008522808 0.999804914 0.017818149 -1.331128120 0.004868286 -0.017860072 0.999828637 44.226493835
0.999950409 -0.008489635 -0.005213630 0.667170525 0.008581352 0.999804199 0.017828869 -1.340989113 0.005061251 -0.017872725 0.999827385 44.752147675
0.999952912 -0.008112255 -0.005324733 0.691214144 0.008202048 0.999820769 0.017063623 -1.331521034 0.005185354 -0.017106494 0.999840200 45.315727234
0.999945939 -0.008337258 -0.006205907 0.740371466 0.008443432 0.999814987 0.017283516 -1.331089258 0.006060661 -0.017334983 0.999831319 45.851821899
0.999937236 -0.009149348 -0.006473891 0.733553529 0.009260789 0.999805689 0.017398436 -1.348924398 0.006313451 -0.017457297 0.999827623 46.436077118
0.999948084 -0.007989377 -0.006320950 0.749508142 0.008099631 0.999812007 0.017613480 -1.354405880 0.006179041 -0.017663764 0.999824882 46.963768005
0.999958158 -0.007708459 -0.004952068 0.701302826 0.007794351 0.999815345 0.017565968 -1.375144243 0.004815745 -0.017603830 0.999833465 47.322349548
0.999957144 -0.007661979 -0.005209729 0.717262149 0.007755611 0.999804437 0.018196410 -1.387305975 0.005069288 -0.018236034 0.999820888 47.863109589
0.999951959 -0.008348007 -0.005153331 0.738258839 0.008434972 0.999818385 0.017090885 -1.380511522 0.005009721 -0.017133532 0.999840677 48.426544189
0.999947429 -0.008663815 -0.005483304 0.744742751 0.008756392 0.999815643 0.017091034 -1.388999104 0.005334219 -0.017138150 0.999838948 48.974781036
0.999962926 -0.007407290 -0.004394635 0.728927553 0.007484240 0.999814272 0.017759958 -1.399265289 0.004262264 -0.017792191 0.999832630 49.532817841
0.999957383 -0.007705057 -0.005086036 0.731278539 0.007796012 0.999805570 0.018112523 -1.412434936 0.004945490 -0.018151402 0.999823034 49.939613342
0.999959409 -0.007089041 -0.005562053 0.734701097 0.007189163 0.999808669 0.018192306 -1.416245937 0.005432022 -0.018231552 0.999819040 50.491573334
0.999956131 -0.007584879 -0.005491631 0.744690418 0.007681639 0.999811769 0.017818391 -1.424706221 0.005355448 -0.017859796 0.999826133 51.043422699
0.999959171 -0.007559470 -0.004938982 0.748214066 0.007646287 0.999812305 0.017802356 -1.426449656 0.004803480 -0.017839395 0.999829352 51.567638397
0.999959588 -0.007741390 -0.004577049 0.719596267 0.007825914 0.999793649 0.018746296 -1.457093239 0.004430984 -0.018781357 0.999813795 51.962291718
0.999965429 -0.007099328 -0.004317391 0.729683518 0.007179035 0.999798715 0.018735468 -1.461210728 0.004183514 -0.018765816 0.999815106 52.499149323
0.999966025 -0.007131340 -0.004150540 0.699151456 0.007206655 0.999804318 0.018422768 -1.460619211 0.004018348 -0.018452054 0.999821723 52.991237640
0.999958813 -0.007752430 -0.004721956 0.723423600 0.007841008 0.999787986 0.019038245 -1.496842384 0.004573363 -0.019074487 0.999807537 53.500396729
0.999966562 -0.006755912 -0.004623368 0.746100485 0.006836349 0.999821544 0.017608644 -1.459306002 0.004503580 -0.017639663 0.999834239 54.087669373
0.999956608 -0.007683047 -0.005269215 0.740178287 0.007782255 0.999787807 0.019073078 -1.504656076 0.005121558 -0.019113261 0.999804139 54.539791107
0.999967515 -0.007078090 -0.003850676 0.718010128 0.007149520 0.999796510 0.018863967 -1.506598949 0.003716372 -0.018890884 0.999814630 54.956363678
0.999966860 -0.007217143 -0.003776157 0.729467869 0.007286048 0.999801159 0.018563610 -1.501127958 0.003641429 -0.018590508 0.999820530 55.495841980
0.999965608 -0.007302875 -0.003935606 0.744115591 0.007371140 0.999817669 0.017619617 -1.506498575 0.003806214 -0.017648019 0.999836981 56.066619873
0.999968171 -0.007172282 -0.003487625 0.743053198 0.007232822 0.999817729 0.017667085 -1.510675550 0.003360278 -0.017691748 0.999837756 56.634193420
0.999959528 -0.007952948 -0.004195830 0.801496744 0.008024627 0.999817252 0.017352693 -1.493559122 0.004057058 -0.017385662 0.999840558 57.121257782
0.999963343 -0.007661115 -0.003809784 0.742687345 0.007731041 0.999795496 0.018691691 -1.527665973 0.003665803 -0.018720463 0.999818027 57.477493286
0.999967575 -0.007367847 -0.003255489 0.756949425 0.007427136 0.999799550 0.018591741 -1.536088467 0.003117856 -0.018615317 0.999821842 58.027046204
0.999966681 -0.007277832 -0.003707550 0.758645594 0.007345798 0.999798834 0.018660491 -1.529369831 0.003570998 -0.018687103 0.999818981 58.564964294
0.999962568 -0.007811453 -0.003724150 0.778852701 0.007877759 0.999804437 0.018134652 -1.535995603 0.003581765 -0.018163309 0.999828637 59.119461060
0.999963343 -0.007632001 -0.003886761 0.780300140 0.007703633 0.999794304 0.018760396 -1.544822693 0.003742783 -0.018789651 0.999816477 59.509693146
0.999964714 -0.007555529 -0.003679990 0.786266327 0.007622899 0.999796987 0.018650806 -1.548804402 0.003538325 -0.018678201 0.999819279 60.041835785
0.999961555 -0.007830621 -0.003935896 0.802874207 0.007899930 0.999808252 0.017913595 -1.550993681 0.003794868 -0.017944003 0.999831796 60.598472595
0.999961197 -0.007578454 -0.004490457 0.844567299 0.007657487 0.999811172 0.017852420 -1.528440833 0.004354317 -0.017886112 0.999830544 61.076824188
0.999961436 -0.008003786 -0.003651727 0.774223328 0.008072454 0.999783218 0.019193415 -1.584763288 0.003497314 -0.019222151 0.999809146 61.560874939
0.999971390 -0.006882710 -0.003166730 0.774744987 0.006942429 0.999790668 0.019250374 -1.587773561 0.003033574 -0.019271806 0.999809682 62.105693817
0.999958098 -0.008280501 -0.003921280 0.800624013 0.008354745 0.999778509 0.019311460 -1.589202881 0.003760504 -0.019343413 0.999805868 62.645587921
0.999969721 -0.007063013 -0.003259297 0.793171942 0.007124585 0.999788582 0.019282904 -1.612920284 0.003122412 -0.019305538 0.999808788 63.164100647
0.999954879 -0.008696400 -0.003805760 0.784208059 0.008767635 0.999778748 0.019119078 -1.599211931 0.003638651 -0.019151585 0.999809921 63.566600800
0.999959111 -0.008276487 -0.003643279 0.807120264 0.008345709 0.999776721 0.019413605 -1.614812374 0.003481789 -0.019443218 0.999804914 64.088020325
0.999957263 -0.008468980 -0.003722423 0.811451435 0.008536015 0.999794662 0.018377157 -1.607584357 0.003566023 -0.018408144 0.999824166 64.645133972
0.999957681 -0.008659967 -0.003108702 0.821583509 0.008713240 0.999808013 0.017552519 -1.592071772 0.002956100 -0.017578861 0.999841094 65.187568665
0.999963284 -0.007960407 -0.003160385 0.836501241 0.008013988 0.999817848 0.017319547 -1.581730008 0.003021939 -0.017344236 0.999845088 65.708984375
0.999955952 -0.008595788 -0.003770902 0.822621107 0.008665709 0.999783158 0.018935299 -1.622300744 0.003607319 -0.018967144 0.999813557 66.051757812
0.999959111 -0.008287827 -0.003621280 0.819616795 0.008353775 0.999792159 0.018592359 -1.628512621 0.003466436 -0.018621849 0.999820530 66.611595154
0.999963999 -0.007407857 -0.004139384 0.859056175 0.007480412 0.999813616 0.017796297 -1.631168723 0.004006780 -0.017826620 0.999833047 67.111106873
0.999955356 -0.008459509 -0.004205634 0.867332518 0.008535276 0.999795437 0.018336106 -1.634667158 0.004049659 -0.018371185 0.999822974 67.644248962
0.999960244 -0.007889159 -0.004157323 0.879816890 0.007962822 0.999806046 0.018010546 -1.633039355 0.004014429 -0.018042933 0.999829113 68.137290955
0.999968410 -0.007376637 -0.002954222 0.856800437 0.007430949 0.999795377 0.018816058 -1.662230253 0.002814818 -0.018837417 0.999818623 68.489196777
0.999966443 -0.007542673 -0.003186395 0.886565328 0.007603440 0.999780774 0.019509519 -1.676904798 0.003038542 -0.019533092 0.999804616 69.012840271
0.999955297 -0.008664116 -0.003783823 0.910523593 0.008733514 0.999786556 0.018726079 -1.687943339 0.003620771 -0.018758291 0.999817491 69.550025940
0.999975860 -0.006316085 -0.002898991 0.924694359 0.006369006 0.999806285 0.018624095 -1.699083805 0.002780800 -0.018642111 0.999822319 70.037078857
0.999967813 -0.006933994 -0.004039388 0.973874211 0.007007021 0.999807000 0.018354284 -1.693026423 0.003911342 -0.018382000 0.999823332 70.533401489
0.999958336 -0.008541436 -0.003201917 0.876143813 0.008600948 0.999781370 0.019058209 -1.671424389 0.003038434 -0.019084956 0.999813199 71.087249756
0.999953091 -0.009082807 -0.003329856 0.886406541 0.009144298 0.999778807 0.018941673 -1.677797675 0.003157075 -0.018971238 0.999814987 71.644378662
0.999959528 -0.008514647 -0.002928039 0.880684137 0.008563590 0.999816537 0.017130474 -1.654749393 0.002781641 -0.017154850 0.999848962 72.126594543
0.999954581 -0.008861683 -0.003521898 0.904131532 0.008922548 0.999804139 0.017659429 -1.672905922 0.003364715 -0.017690048 0.999837875 72.592605591
0.999963641 -0.008049992 -0.002826150 0.945748210 0.008098964 0.999809384 0.017766796 -1.694131970 0.002682588 -0.017789038 0.999838173 73.034896851
0.999956429 -0.009024667 -0.002375721 0.847664833 0.009066938 0.999789059 0.018427735 -1.668412089 0.002208918 -0.018448472 0.999827325 73.579383850
0.999958158 -0.008841870 -0.002342585 0.847207665 0.008884629 0.999781549 0.018918710 -1.687336445 0.002174799 -0.018938735 0.999818385 74.105316162
0.999948084 -0.009614874 -0.003358697 0.884481549 0.009676176 0.999777555 0.018739114 -1.681867838 0.003177777 -0.018770639 0.999818861 74.583541870
0.999956608 -0.009002694 -0.002395027 0.859757900 0.009043499 0.999804020 0.017610604 -1.668413877 0.002236015 -0.017631497 0.999842107 75.198654175
0.999957979 -0.008916055 -0.002103550 0.848282993 0.008953968 0.999783874 0.018761069 -1.677842259 0.001935819 -0.018779114 0.999821901 75.585693359
0.999964952 -0.008154315 -0.001889159 0.854557037 0.008188509 0.999788523 0.018860493 -1.683852196 0.001734965 -0.018875301 0.999820352 76.141700745
0.999953032 -0.009378749 -0.002444365 0.898341179 0.009420949 0.999795973 0.017865684 -1.685230970 0.002276309 -0.017887872 0.999837458 76.697906494
0.999963999 -0.008482450 -0.000248312 0.857313931 0.008485604 0.999790788 0.018612066 -1.696035504 0.000090385 -0.018613504 0.999826729 77.120574951
0.999963582 -0.008476584 0.000965229 0.868240178 0.008457820 0.999801815 0.018019559 -1.701377273 -0.001117782 -0.018010743 0.999837101 77.666130066
0.999958992 -0.008946342 0.001410241 0.892144620 0.008919508 0.999798059 0.018006468 -1.716165662 -0.001571047 -0.017993152 0.999836802 78.226669312
0.999957144 -0.008771433 0.002967145 0.917093933 0.008716115 0.999796867 0.018169431 -1.713236451 -0.003125915 -0.018142790 0.999830484 78.678924561
0.999943078 -0.008963610 0.005784210 0.902512789 0.008857444 0.999796391 0.018126462 -1.708211303 -0.005945511 -0.018074194 0.999818981 79.162849426
0.999913156 -0.008875768 0.009748239 0.919209838 0.008701153 0.999803424 0.017811297 -1.706015229 -0.009904413 -0.017724924 0.999793828 79.697662354
0.999881029 -0.009061657 0.012478485 0.948474348 0.008847758 0.999814689 0.017091271 -1.697695971 -0.012631048 -0.016978830 0.999776065 80.213706970
0.999826372 -0.008262368 0.016704302 0.971308291 0.007976895 0.999822199 0.017084872 -1.704707503 -0.016842494 -0.016948655 0.999714494 80.756683350
0.999700129 -0.007100882 0.023435997 0.966192424 0.006672901 0.999810457 0.018289661 -1.726438284 -0.023561427 -0.018127793 0.999558032 81.155937195
0.999534249 -0.007626370 0.029547155 0.988215446 0.007097743 0.999813557 0.017954687 -1.727047682 -0.029678576 -0.017736608 0.999402225 81.709167480
0.999355972 -0.007150849 0.035164587 1.036360741 0.006506116 0.999809265 0.018415118 -1.733312726 -0.035289567 -0.018174475 0.999211848 82.241928101
0.999037445 -0.006952312 0.043310642 1.096043825 0.006154817 0.999809504 0.018519599 -1.740848899 -0.043431148 -0.018235199 0.998889923 82.790687561
0.998638451 -0.006500252 0.051760152 1.133934498 0.005522793 0.999804139 0.019005070 -1.755559444 -0.051873550 -0.018693332 0.998478711 83.289436340
0.998230696 -0.007682183 0.058961831 1.126416683 0.006599146 0.999806285 0.018541239 -1.736626506 -0.059092853 -0.018119335 0.998088002 83.765747070
0.997639120 -0.008054098 0.068201989 1.186156273 0.006833229 0.999812543 0.018115209 -1.737961888 -0.068335116 -0.017606400 0.997506976 84.314727783
0.996953905 -0.007767266 0.077606142 1.257400036 0.006355181 0.999810040 0.018425979 -1.749893308 -0.077734515 -0.017876647 0.996813893 84.874046326
0.996212184 -0.008276498 0.086560562 1.290702820 0.006680836 0.999802649 0.018707525 -1.773182392 -0.086698338 -0.018058363 0.996070921 85.384849548
0.995500088 -0.007660349 0.094450429 1.384943008 0.005920783 0.999807954 0.018684264 -1.785521865 -0.094575405 -0.018040966 0.995354235 85.874465942
0.994484067 -0.008213738 0.104565740 1.465029240 0.006320437 0.999810278 0.018424826 -1.783713102 -0.104697235 -0.017662289 0.994347394 86.402412415
0.993182719 -0.007157379 0.116347261 1.438913345 0.004927464 0.999798834 0.019442372 -1.745733976 -0.116462991 -0.018736534 0.993018270 86.860343933
0.992004633 -0.007032571 0.126004353 1.521779060 0.004702811 0.999812603 0.018777467 -1.750511050 -0.126112789 -0.018034764 0.991851985 87.403495789
0.990561485 -0.007014628 0.136889219 1.620818138 0.004412498 0.999804020 0.019303212 -1.748098969 -0.136997789 -0.018516997 0.990398288 87.946014404
0.988716125 -0.005018139 0.149716765 1.709527016 0.002063917 0.999800205 0.019880932 -1.769403100 -0.149786621 -0.019347595 0.988529027 88.491088867
0.987189472 -0.007512833 0.159374759 1.830017090 0.004467961 0.999800682 0.019454844 -1.768447399 -0.159489170 -0.018493542 0.987026453 89.042938232
0.985419810 -0.005565037 0.170049459 1.894473076 0.002171863 0.999795079 0.020133546 -1.761936307 -0.170126632 -0.019470673 0.985229850 89.536781311
0.983170748 -0.005891248 0.182593971 2.016796112 0.002266783 0.999796391 0.020052208 -1.765863419 -0.182674929 -0.019300845 0.982983887 90.076393127
0.980818152 -0.006135479 0.194828555 2.156986237 0.002245225 0.999793887 0.020182135 -1.780857205 -0.194912195 -0.019357571 0.980629742 90.611083984
0.978592157 -0.006882241 0.205693871 2.297714233 0.002837350 0.999796867 0.019953120 -1.781745315 -0.205789372 -0.018942347 0.978412986 91.167961121
0.975811541 -0.006869865 0.218505532 2.465002060 0.002499772 0.999791503 0.020270083 -1.806164265 -0.218599200 -0.019233566 0.975625157 91.663818359
0.972429335 -0.005956523 0.233121738 2.522714615 0.001448907 0.999808908 0.019502359 -1.730587602 -0.233193308 -0.018626895 0.972252011 92.291801453
0.969614744 -0.007032631 0.244535670 2.676921844 0.002406886 0.999812603 0.019210126 -1.734019518 -0.244624898 -0.018037854 0.969449997 92.835151672
0.966387033 -0.006291436 0.257014841 2.853860855 0.001257592 0.999804318 0.019745495 -1.749402642 -0.257088780 -0.018758567 0.966205716 93.340026855
0.962625504 -0.005853709 0.270772696 3.040115356 0.000479730 0.999801815 0.019908756 -1.763895273 -0.270835578 -0.019034777 0.962437391 93.910102844
0.958920479 -0.006663100 0.283596665 3.179628372 0.001149888 0.999807298 0.019602355 -1.745750070 -0.283672601 -0.018470997 0.958743274 94.444717407
0.955603302 -0.007789657 0.294553012 3.372781754 0.002236037 0.999813437 0.019186495 -1.743869424 -0.294647515 -0.017676048 0.955442488 94.967681885
0.951137841 -0.008053753 0.308661193 3.556215286 0.002117538 0.999806404 0.019562300 -1.750000358 -0.308758944 -0.017952846 0.950970888 95.500968933
0.946609199 -0.008291437 0.322276652 3.780790329 0.002204663 0.999812305 0.019247212 -1.748035073 -0.322375774 -0.017509079 0.946449876 96.041976929
0.942391336 -0.007642705 0.334425181 3.963710785 0.001236763 0.999811649 0.019363826 -1.757451057 -0.334510207 -0.017834699 0.942223370 96.576820374
0.938090205 -0.007494337 0.346309960 4.173982620 0.000792344 0.999809742 0.019490110 -1.757403374 -0.346390188 -0.018009083 0.937917650 97.042175293
0.932671010 -0.007006402 0.360659927 4.399330139 -0.000394304 0.999790967 0.020442231 -1.765071988 -0.360727757 -0.019208085 0.932473302 97.565284729
0.927934527 -0.008355875 0.372649431 4.627767563 0.000937282 0.999797940 0.020084418 -1.775774717 -0.372741967 -0.018287752 0.927754760 98.070587158
0.923246682 -0.008631468 0.384110540 4.864971161 0.001122097 0.999803960 0.019769838 -1.782742620 -0.384205878 -0.017821427 0.923075497 98.556808472
0.917547405 -0.009789101 0.397505790 5.118286133 0.001798881 0.999788940 0.020468820 -1.802674890 -0.397622257 -0.018066049 0.917371333 99.021171570
0.911805451 -0.011081117 0.410472602 5.355720520 0.002800625 0.999780416 0.020768883 -1.821853042 -0.410612613 -0.017787606 0.911636412 99.493080139
0.906661034 -0.009823911 0.421745420 5.615051270 0.001064064 0.999778867 0.021000810 -1.818343759 -0.421858460 -0.018591851 0.906471074 100.024353027
0.900339782 -0.007790457 0.435117930 5.802963257 -0.000940526 0.999802589 0.019846838 -1.749598861 -0.435186595 -0.018278133 0.900154710 100.613189697
0.893509865 -0.007275851 0.448984623 6.071357727 -0.001873135 0.999799609 0.019929541 -1.758266449 -0.449039608 -0.018648246 0.893317103 101.098999023
0.887728333 -0.009385075 0.460272104 6.341964722 0.000481980 0.999810636 0.019456817 -1.757410407 -0.460367531 -0.017050525 0.887564600 101.579879761
0.881970167 -0.009318060 0.471213102 6.627532959 0.000029420 0.999805629 0.019715711 -1.760267496 -0.471305221 -0.017374808 0.881798983 102.065902710
0.874043643 -0.009434380 0.485755891 6.877601624 0.000031859 0.999812603 0.019361088 -1.749329329 -0.485847563 -0.016906960 0.873879969 102.531929016
