1.000000000 0.000000000 0.000000000 0.000000000 0.000000000 1.000000000 0.000000000 0.000000000 0.000000000 0.000000000 1.000000000 0.000000000
1.000000000 0.000090677 0.000095849 -0.000857801 -0.000090688 1.000000000 0.000112136 -0.000114704 -0.000095839 -0.000112144 1.000000000 0.000353867
1.000000000 0.000050437 0.000134147 -0.001570939 -0.000050438 1.000000000 0.000005756 0.000290849 -0.000134147 -0.000005762 1.000000000 0.000246520
1.000000000 0.000018821 0.000041437 -0.000630565 -0.000018824 1.000000000 0.000064330 -0.000825003 -0.000041436 -0.000064331 1.000000000 -0.000723522
1.000000000 0.000087245 0.000169601 -0.001973496 -0.000087260 1.000000000 0.000086220 -0.000588938 -0.000169594 -0.000086235 1.000000000 -0.000699697
1.000000000 -0.000114366 -0.000014055 0.000119016 0.000114365 1.000000000 -0.000030638 0.000382281 0.000014059 0.000030636 1.000000000 -0.000272837
1.000000000 0.000063314 0.000125103 -0.001838639 -0.000063322 1.000000000 0.000064958 -0.000366459 -0.000125099 -0.000064966 1.000000000 -0.000356039
1.000000000 0.000056807 0.000087481 -0.001555421 -0.000056805 1.000000000 -0.000033342 -0.000080680 -0.000087483 0.000033337 1.000000000 -0.000638612
1.000000000 0.000070591 0.000138740 -0.001352484 -0.000070593 1.000000000 0.000016436 -0.000927481 -0.000138739 -0.000016446 1.000000000 -0.000871198
1.000000000 0.000128401 0.000144322 -0.001883690 -0.000128419 1.000000000 0.000120201 -0.000701278 -0.000144306 -0.000120219 1.000000000 0.000584173
1.000000000 0.000083325 0.000142258 -0.001560007 -0.000083335 1.000000000 0.000069213 -0.000575096 -0.000142252 -0.000069225 1.000000000 -0.000033278
1.000000000 0.000135781 0.000161976 -0.001609796 -0.000135786 1.000000000 0.000026422 -0.000972058 -0.000161972 -0.000026443 1.000000000 -0.000939986
1.000000000 0.000074092 0.000147285 -0.001094599 -0.000074099 1.000000000 0.000041567 0.000282092 -0.000147282 -0.000041578 1.000000000 0.000237777
1.000000000 0.000149938 0.000112831 -0.001579814 -0.000149927 1.000000000 -0.000098378 0.000874972 -0.000112846 0.000098361 1.000000000 0.000624799
1.000000000 0.000097148 0.000115674 -0.001549487 -0.000097154 1.000000000 0.000048627 -0.000169145 -0.000115669 -0.000048638 1.000000000 -0.000072082
0.999999940 0.000258523 0.000188593 -0.002287457 -0.000258511 0.999999940 -0.000060163 0.001399212 -0.000188609 0.000060114 1.000000000 0.001148117
0.999999940 0.000356710 0.000206665 -0.002668784 -0.000356701 0.999999940 -0.000043197 0.001021943 -0.000206680 0.000043123 1.000000000 0.001877988
0.999999940 0.000240536 0.000253983 -0.002418269 -0.000240535 1.000000000 -0.000005653 0.001337964 -0.000253985 0.000005592 0.999999940 0.002127130
0.999999940 0.000203886 0.000277657 -0.002543561 -0.000203868 1.000000000 -0.000066281 0.000448822 -0.000277671 0.000066224 0.999999940 0.000765993
0.999999940 0.000212499 0.000215977 -0.002526675 -0.000212514 1.000000000 0.000070483 -0.000119982 -0.000215962 -0.000070529 1.000000000 0.001663764
0.999999940 0.000302528 0.000170470 -0.001941637 -0.000302523 0.999999940 -0.000031882 0.001304429 -0.000170480 0.000031830 1.000000000 0.001595984
0.999999940 0.000271593 0.000185583 -0.002483780 -0.000271587 0.999999940 -0.000033123 0.000462643 -0.000185592 0.000033073 1.000000000 0.001718691
1.000000000 0.000149615 0.000163306 -0.002204433 -0.000149625 1.000000000 0.000062665 0.000096851 -0.000163297 -0.000062689 1.000000000 0.000891144
0.999999881 0.000394389 0.000196736 -0.002549085 -0.000394390 0.999999940 0.000004394 0.001394933 -0.000196734 -0.000004472 1.000000000 0.003047659
0.999999940 0.000296923 0.000243616 -0.002123361 -0.000296930 0.999999940 0.000027512 0.001327040 -0.000243608 -0.000027584 0.999999940 0.001976783
0.999999940 0.000217824 0.000209112 -0.001452846 -0.000217815 1.000000000 -0.000041834 0.002064600 -0.000209121 0.000041788 1.000000000 0.003088442
0.999999940 0.000337239 0.000242044 -0.002414281 -0.000337247 0.999999940 0.000035493 0.001246185 -0.000242032 -0.000035574 0.999999940 0.002285618
0.999999940 0.000341074 0.000123753 -0.002237685 -0.000341060 0.999999940 -0.000113584 0.001918249 -0.000123791 0.000113542 1.000000000 0.001036002
0.999999940 0.000328528 0.000129310 -0.001949025 -0.000328517 0.999999940 -0.000085287 0.001397205 -0.000129338 0.000085245 1.000000000 0.000740274
0.999999881 0.000345524 0.000263354 -0.002537403 -0.000345520 0.999999940 -0.000017030 0.000212465 -0.000263360 0.000016939 0.999999940 0.001009886
0.999999940 0.000205520 0.000288744 -0.002922779 -0.000205535 1.000000000 0.000050330 0.000131255 -0.000288733 -0.000050389 0.999999940 0.001857484
0.999999940 0.000312175 0.000187089 -0.001987514 -0.000312164 0.999999940 -0.000059177 0.001537743 -0.000187108 0.000059119 1.000000000 0.002437269
0.999999881 0.000415948 0.000244811 -0.002182422 -0.000415950 0.999999940 0.000007154 0.000031463 -0.000244808 -0.000007256 0.999999940 -0.000063882
0.999999881 0.000388571 0.000299521 -0.003177846 -0.000388574 0.999999940 0.000008410 0.000670344 -0.000299517 -0.000008527 0.999999940 0.002333626
0.999999881 0.000361447 0.000233071 -0.001729497 -0.000361432 0.999999940 -0.000065217 0.000227807 -0.000233095 0.000065132 1.000000000 0.000958565
0.999999940 0.000337461 0.000220871 -0.003282993 -0.000337464 0.999999940 0.000014518 0.000808147 -0.000220866 -0.000014593 1.000000000 0.000906829
0.999999881 0.000407766 0.000208974 -0.002708950 -0.000407749 0.999999940 -0.000079535 0.002264654 -0.000209006 0.000079450 1.000000000 0.001372927
0.999999881 0.000403115 0.000306227 -0.003406030 -0.000403118 0.999999940 0.000011360 0.000884055 -0.000306223 -0.000011483 0.999999940 0.001929352
0.999999940 0.000377787 0.000172807 -0.001050083 -0.000377791 0.999999940 0.000026562 0.000684094 -0.000172797 -0.000026627 1.000000000 -0.000182216
0.999999940 0.000247507 0.000182667 -0.001703538 -0.000247495 0.999999940 -0.000068397 0.000443083 -0.000182684 0.000068352 1.000000000 0.000008830
0.999999881 0.000483664 0.000250329 -0.000980250 -0.000483517 0.999999702 -0.000585580 -0.002160810 -0.000250612 0.000585459 0.999999821 0.049725480
0.999999702 0.000168937 0.000688858 -0.011572937 -0.000168469 0.999999762 -0.000678944 -0.003654849 -0.000688972 0.000678827 0.999999464 0.134604439
0.999999702 0.000163003 0.000670426 -0.010456261 -0.000162476 0.999999702 -0.000786119 -0.008159504 -0.000670554 0.000786009 0.999999404 0.247952268
0.999999523 0.000692700 0.000752999 -0.007870533 -0.000692240 0.999999583 -0.000611224 -0.012015948 -0.000753422 0.000610702 0.999999464 0.381176949
0.999999881 0.000381947 0.000269834 0.007846213 -0.000381792 0.999999762 -0.000571601 -0.025829192 -0.000270052 0.000571498 0.999999821 0.517052233
0.999999940 -0.000005460 0.000271831 0.011788196 0.000005586 0.999999881 -0.000466211 -0.030183446 -0.000271829 0.000466212 0.999999881 0.668436050
1.000000000 0.000095493 0.000292615 0.015545466 -0.000095454 1.000000000 -0.000130660 -0.033729304 -0.000292627 0.000130632 0.999999940 0.833058476
0.999999762 0.000655367 0.000289442 0.012127982 -0.000655307 0.999999762 -0.000208231 -0.036921374 -0.000289579 0.000208041 0.999999881 1.011749268
0.999999940 0.000471850 0.000051995 0.016865967 -0.000471834 0.999999821 -0.000297400 -0.039909240 -0.000052135 0.000297376 1.000000000 1.187495112
0.999999583 0.000709227 0.000610079 0.019930257 -0.000709365 0.999999702 0.000226601 -0.048604362 -0.000609918 -0.000227033 0.999999762 1.373176217
0.999999404 0.001057410 0.000304961 0.023510138 -0.001057398 0.999999404 -0.000040675 -0.050254684 -0.000305004 0.000040352 0.999999940 1.565617800
0.999999821 0.000419909 0.000441256 0.028020775 -0.000420078 0.999999762 0.000382864 -0.058041438 -0.000441095 -0.000383049 0.999999762 1.765602231
0.999999583 0.000629327 0.000652394 0.027241830 -0.000629753 0.999999583 0.000653808 -0.066628732 -0.000651983 -0.000654219 0.999999583 1.960134387
0.999999821 -0.000323687 0.000451108 0.035461199 0.000323248 0.999999464 0.000971541 -0.077003188 -0.000451422 -0.000971395 0.999999404 2.166233778
0.999999821 -0.000272252 0.000352506 0.041376557 0.000271887 0.999999404 0.001034865 -0.080747955 -0.000352787 -0.001034769 0.999999404 2.389386654
0.999999583 0.000998314 0.000134499 0.045260143 -0.000998400 0.999999404 0.000643249 -0.084409006 -0.000133857 -0.000643383 0.999999762 2.611699581
0.999999404 0.001036593 0.000158568 0.049414370 -0.001036712 0.999999166 0.000753193 -0.092112504 -0.000157787 -0.000753357 0.999999702 2.839395285
0.999999940 -0.000003186 0.000405891 0.057205703 0.000002791 0.999999464 0.000973855 -0.099628404 -0.000405894 -0.000973854 0.999999404 3.082161188
0.999999940 0.000173537 0.000269976 0.063885964 -0.000173870 0.999999225 0.001232700 -0.109391987 -0.000269762 -0.001232747 0.999999166 3.317278147
0.999999762 -0.000129807 0.000546257 0.063677013 0.000129115 0.999999166 0.001265798 -0.116058618 -0.000546421 -0.001265728 0.999998987 3.570179224
0.999999702 -0.000242885 0.000743678 0.066942297 0.000241837 0.999998987 0.001408208 -0.121396922 -0.000744019 -0.001408028 0.999998748 3.826804161
1.000000000 0.000212363 0.000218351 0.071089797 -0.000212680 0.999998868 0.001454968 -0.134394214 -0.000218042 -0.001455015 0.999998868 4.070082664
0.999999881 0.000189744 0.000417923 0.076321617 -0.000190386 0.999998808 0.001537414 -0.138516247 -0.000417631 -0.001537493 0.999998689 4.329272270
0.999999821 0.000152870 0.000417434 0.079475477 -0.000153461 0.999998987 0.001418015 -0.145635679 -0.000417217 -0.001418079 0.999998868 4.587399483
0.999999642 0.000740509 0.000264457 0.089216486 -0.000740857 0.999998808 0.001316225 -0.151879564 -0.000263482 -0.001316420 0.999999106 4.847637653
0.999999166 0.001253698 0.000196301 0.094606817 -0.001253988 0.999998093 0.001480021 -0.158809602 -0.000194445 -0.001480266 0.999998927 5.105886459
0.999999881 0.000085639 0.000534056 0.099016167 -0.000086425 0.999998927 0.001471757 -0.164691642 -0.000533929 -0.001471803 0.999998748 5.375994205
0.999999344 0.000749482 0.000846707 0.102633670 -0.000750850 0.999998391 0.001615986 -0.177165315 -0.000845494 -0.001616620 0.999998331 5.636380196
0.999999464 0.000660139 0.000772414 0.103743121 -0.000661448 0.999998331 0.001695894 -0.185874343 -0.000771293 -0.001696404 0.999998271 5.907661438
0.999999046 0.000995125 0.000963633 0.106376566 -0.000996585 0.999998331 0.001516566 -0.193895131 -0.000962122 -0.001517525 0.999998450 6.182140350
0.999999404 0.000446693 0.001023004 0.118896261 -0.000448298 0.999998689 0.001569533 -0.195704862 -0.001022301 -0.001569990 0.999998212 6.475718975
0.999999225 0.000878437 0.000949256 0.120762482 -0.000879671 0.999998808 0.001300410 -0.201977834 -0.000948113 -0.001301244 0.999998689 6.764687061
0.999999166 0.000882860 0.000929578 0.131375328 -0.000883996 0.999998868 0.001223433 -0.203277215 -0.000928497 -0.001224254 0.999998808 7.068494320
0.999999762 0.000427620 0.000477706 0.147624597 -0.000428389 0.999998629 0.001612133 -0.224806517 -0.000477016 -0.001612337 0.999998569 7.363736153
0.999999702 0.000325190 0.000665653 0.151008397 -0.000326185 0.999998868 0.001495111 -0.234951481 -0.000665166 -0.001495327 0.999998629 7.668769360
0.999999702 0.000288616 0.000745962 0.157584608 -0.000289966 0.999998331 0.001810694 -0.246262297 -0.000745438 -0.001810910 0.999998033 7.988939762
0.999999344 0.000674214 0.000946061 0.160023972 -0.000676200 0.999997556 0.002100053 -0.262015581 -0.000944643 -0.002100691 0.999997318 8.299133301
0.999999225 0.000568686 0.001114912 0.167461783 -0.000570893 0.999997854 0.001980484 -0.269032329 -0.001113783 -0.001981119 0.999997437 8.626912117
0.999998987 0.000681521 0.001215742 0.168828174 -0.000683793 0.999997973 0.001869157 -0.277387500 -0.001214466 -0.001869987 0.999997497 8.965143204
0.999998868 0.000995375 0.001128002 0.177291140 -0.000997467 0.999997675 0.001855294 -0.288550735 -0.001126153 -0.001856417 0.999997616 9.304618835
0.999997199 0.001968316 0.001311889 0.185925499 -0.001970893 0.999996126 0.001966257 -0.294642150 -0.001308014 -0.001968837 0.999997199 9.638576508
0.999997973 0.001492843 0.001418506 0.194570467 -0.001495935 0.999996603 0.002181038 -0.303979754 -0.001415246 -0.002183155 0.999996603 9.991596222
0.999998629 0.000686970 0.001525277 0.193526641 -0.000689786 0.999998033 0.001846378 -0.318391949 -0.001524005 -0.001847428 0.999997139 10.364804268
0.999998868 0.000708924 0.001319287 0.207485139 -0.000711733 0.999997497 0.002129850 -0.320555449 -0.001317774 -0.002130787 0.999996841 10.721072197
0.999999285 0.000474023 0.001114583 0.214487508 -0.000476203 0.999997973 0.001956738 -0.327146381 -0.001113653 -0.001957268 0.999997437 11.097055435
0.999999404 -0.000278423 0.000979979 0.229243264 0.000276421 0.999997854 0.002042546 -0.340122402 -0.000980545 -0.002042274 0.999997437 11.474014282
0.999999106 0.000373786 0.001215631 0.235398024 -0.000376422 0.999997556 0.002168794 -0.349931479 -0.001214817 -0.002169250 0.999996960 11.850859642
0.999998569 0.001083447 0.001303765 0.238453433 -0.001086724 0.999996245 0.002515879 -0.373034626 -0.001301034 -0.002517293 0.999996006 12.246953011
0.999998629 0.001072999 0.001264798 0.248708472 -0.001076862 0.999994695 0.003057232 -0.387182415 -0.001261511 -0.003058590 0.999994576 12.637986183
0.999997377 0.001112941 0.002003166 0.248587847 -0.001118590 0.999995410 0.002821159 -0.393624067 -0.002000017 -0.002823392 0.999994040 13.054087639
0.999996960 0.000919335 0.002280186 0.259698987 -0.000927062 0.999993801 0.003389771 -0.415479690 -0.002277055 -0.003391874 0.999991655 13.442735672
0.999996960 0.000843406 0.002304650 0.265829593 -0.000850689 0.999994576 0.003160882 -0.430382043 -0.002301972 -0.003162834 0.999992311 13.867012978
0.999996722 0.001225025 0.002256009 0.276131481 -0.001231598 0.999995112 0.002914691 -0.427617490 -0.002252428 -0.002917459 0.999993205 14.275711060
0.999996305 0.001201689 0.002437236 0.285257995 -0.001208540 0.999995291 0.002811223 -0.442476422 -0.002433847 -0.002814158 0.999993086 14.691576004
0.999992788 0.002107355 0.003156114 0.291800141 -0.002117350 0.999992728 0.003166782 -0.466447473 -0.003149418 -0.003173442 0.999989986 15.134964943
0.999990165 0.002718043 0.003490801 0.295885026 -0.002729199 0.999991119 0.003194819 -0.484687746 -0.003482086 -0.003204315 0.999988854 15.570514679
0.999989212 0.002065230 0.004166444 0.302131653 -0.002078955 0.999992430 0.003292603 -0.488882124 -0.004159613 -0.003301229 0.999985814 16.003953934
0.999986827 0.002670053 0.004375243 0.316588521 -0.002686186 0.999989629 0.003685812 -0.505783916 -0.004365357 -0.003697517 0.999983609 16.446350098
0.999984384 0.003118943 0.004640628 0.325650662 -0.003133483 0.999990225 0.003129245 -0.513854444 -0.004630824 -0.003143737 0.999984324 16.892488480
0.999985993 0.002142967 0.004844212 0.334795594 -0.002157572 0.999993086 0.003011662 -0.522206128 -0.004837725 -0.003022072 0.999983668 17.360013962
0.999984205 0.002482634 0.005038393 0.345717371 -0.002499550 0.999991298 0.003353954 -0.537251770 -0.005030022 -0.003366495 0.999981642 17.826482773
0.999980390 0.002318524 0.005813666 0.354453295 -0.002337828 0.999991715 0.003315735 -0.547268629 -0.005805931 -0.003329261 0.999977589 18.287599564
0.999981821 0.001302141 0.005879241 0.370652676 -0.001323364 0.999992669 0.003607360 -0.558843076 -0.005874500 -0.003615075 0.999976158 18.754375458
0.999981225 0.002320823 0.005670976 0.387083620 -0.002340459 0.999991238 0.003458361 -0.569733977 -0.005662901 -0.003471569 0.999977887 19.241283417
0.999975562 0.002816534 0.006401137 0.389532119 -0.002842561 0.999987662 0.004060782 -0.594196022 -0.006389621 -0.004078877 0.999971271 19.703617096
0.999979675 0.002528529 0.005860307 0.401056707 -0.002552470 0.999988377 0.004081612 -0.606560409 -0.005849919 -0.004096487 0.999974549 20.188953400
0.999972463 0.002971638 0.006803990 0.411669850 -0.002998278 0.999987841 0.003908689 -0.620402753 -0.006792292 -0.003928982 0.999969125 20.663391113
0.999976456 0.002868955 0.006239772 0.425037742 -0.002899218 0.999984086 0.004846358 -0.636685848 -0.006225768 -0.004864333 0.999968767 21.167291641
0.999979675 0.002994201 0.005630635 0.441121072 -0.003015118 0.999988556 0.003710426 -0.641643107 -0.005619460 -0.003727328 0.999977291 21.681854248
0.999980450 0.003344025 0.005281084 0.454010010 -0.003362545 0.999988198 0.003501912 -0.651137710 -0.005269312 -0.003519602 0.999979913 22.199893951
0.999985218 0.002799805 0.004690355 0.465408146 -0.002816878 0.999989331 0.003637336 -0.663767636 -0.004680122 -0.003650494 0.999982297 22.710538864
0.999986053 0.002977587 0.004359104 0.473674119 -0.002994021 0.999988437 0.003768597 -0.681446970 -0.004347832 -0.003781596 0.999983370 23.226264954
0.999992490 0.002474193 0.002983036 0.491533458 -0.002486478 0.999988496 0.004121661 -0.695072353 -0.002972803 -0.004129047 0.999987006 23.753089905
0.999994636 0.001783132 0.002756536 0.503113389 -0.001791971 0.999993265 0.003207436 -0.705820978 -0.002750798 -0.003212359 0.999991059 24.284759521
0.999992788 0.002759651 0.002615198 0.505166352 -0.002768718 0.999990165 0.003469704 -0.725276470 -0.002605597 -0.003476920 0.999990582 24.814184189
0.999993920 0.002929776 0.001858637 0.512529016 -0.002936554 0.999989033 0.003654681 -0.737814188 -0.001847909 -0.003660118 0.999991536 25.360191345
0.999993742 0.003246164 0.001382721 0.520089567 -0.003251228 0.999987960 0.003676511 -0.752412736 -0.001370770 -0.003680984 0.999992251 25.899768829
0.999993682 0.003410091 0.001139798 0.530094326 -0.003414366 0.999987066 0.003769908 -0.768887997 -0.001126928 -0.003773775 0.999992192 26.438137054
0.999992967 0.003584629 0.001198096 0.538740754 -0.003589424 0.999985456 0.004023314 -0.776150227 -0.001183656 -0.004027585 0.999991179 26.999147415
0.999993980 0.003435017 0.000459720 0.551762938 -0.003436935 0.999985218 0.004238809 -0.797901630 -0.000445153 -0.004240364 0.999990940 27.537370682
0.999991715 0.004043226 0.000294719 0.560353220 -0.004044475 0.999982357 0.004371494 -0.810747266 -0.000277039 -0.004372650 0.999990463 28.097854614
0.999990821 0.004284094 0.000010407 0.570690930 -0.004284100 0.999981940 0.004201954 -0.823220372 0.000007595 -0.004201960 0.999991179 28.633838654
0.999991298 0.004158691 -0.000245493 0.577039897 -0.004157546 0.999981284 0.004488337 -0.844407082 0.000264154 -0.004487278 0.999989867 29.176015854
0.999990642 0.004297409 -0.000522234 0.586822331 -0.004295114 0.999981463 0.004320897 -0.855244279 0.000540793 -0.004318613 0.999990523 29.731592178
0.999990761 0.004205950 -0.000871618 0.595715940 -0.004202309 0.999982536 0.004138197 -0.863201857 0.000889008 -0.004134496 0.999991059 30.278587341
0.999989808 0.004412632 -0.000927071 0.608943582 -0.004408695 0.999981463 0.004204941 -0.882526219 0.000945608 -0.004200811 0.999990702 30.813505173
0.999989688 0.004455836 -0.000812455 0.619148552 -0.004452553 0.999982119 0.003999515 -0.894224644 0.000830261 -0.003995857 0.999991655 31.364662170
0.999983132 0.005740025 -0.000820461 0.624437630 -0.005736897 0.999976456 0.003765990 -0.904100895 0.000842058 -0.003761220 0.999992609 31.912441254
0.999988198 0.004674100 -0.001324963 0.645357490 -0.004668042 0.999978721 0.004538940 -0.929128528 0.001346150 -0.004532701 0.999988794 32.450824738
0.999985993 0.004786862 -0.002264712 0.655304670 -0.004777117 0.999979317 0.004288951 -0.943797946 0.002285196 -0.004278072 0.999988198 32.987663269
0.999988139 0.004518462 -0.001829242 0.666437745 -0.004510486 0.999980390 0.004340942 -0.953429520 0.001848821 -0.004332640 0.999988914 33.522106171
0.999987781 0.004549659 -0.001924320 0.677118719 -0.004540795 0.999979138 0.004586512 -0.970152497 0.001945148 -0.004577719 0.999987602 34.065414429
0.999987066 0.004610138 -0.002113962 0.685119331 -0.004600787 0.999979734 0.004406394 -0.980783582 0.002134233 -0.004396612 0.999988079 34.600547791
0.999986053 0.004688313 -0.002397295 0.697746336 -0.004678091 0.999980032 0.004251887 -0.999743342 0.002417181 -0.004240612 0.999988079 35.126415253
0.999987006 0.004159288 -0.002940744 0.715219498 -0.004147381 0.999983311 0.004043330 -1.007973194 0.002957512 -0.004031081 0.999987543 35.676765442
0.999984920 0.004815520 -0.002610029 0.709767163 -0.004804064 0.999978900 0.004377942 -1.023486853 0.002631056 -0.004365337 0.999987006 36.216426849
0.999985695 0.004809944 -0.002351445 0.716800809 -0.004799516 0.999978721 0.004420511 -1.041441798 0.002372658 -0.004409162 0.999987483 36.769397736
0.999987364 0.004035315 -0.002992768 0.734307766 -0.004021641 0.999981523 0.004560777 -1.054909229 0.003011116 -0.004548683 0.999985099 37.300739288
0.999986827 0.004022321 -0.003191473 0.748063743 -0.004008945 0.999983311 0.004186533 -1.064822078 0.003208259 -0.004173684 0.999986112 37.848239899
0.999983549 0.004578965 -0.003458326 0.763535380 -0.004562851 0.999978781 0.004653226 -1.076053023 0.003479560 -0.004637369 0.999983191 38.363780975
0.999984860 0.004520991 -0.003127066 0.769718647 -0.004506637 0.999979317 0.004582184 -1.087738514 0.003147718 -0.004568023 0.999984622 38.910285950
0.999985456 0.004462937 -0.003072825 0.761009991 -0.004449874 0.999981105 0.004244967 -1.101587772 0.003091712 -0.004231231 0.999986291 39.459407806
0.999985516 0.003935260 -0.003672337 0.813524127 -0.003918121 0.999981403 0.004662869 -1.128794432 0.003690619 -0.004648412 0.999982357 39.987880707
0.999984741 0.004147264 -0.003655701 0.822962701 -0.004130262 0.999980628 0.004646164 -1.143448830 0.003674900 -0.004630994 0.999982476 40.536312103
0.999983966 0.004714385 -0.003144566 0.797597528 -0.004703247 0.999982595 0.003539773 -1.150269389 0.003161200 -0.003524926 0.999988794 41.101696014
0.999982655 0.005007675 -0.003108741 0.803693593 -0.004995093 0.999979258 0.004041398 -1.162969112 0.003128915 -0.004025799 0.999986947 41.642646790
0.999987960 0.004152904 -0.002581852 0.819773436 -0.004142192 0.999982834 0.004139789 -1.172191858 0.002599000 -0.004129046 0.999988079 42.182456970
0.999989033 0.003853672 -0.002646653 0.832261205 -0.003841058 0.999981284 0.004754860 -1.186065197 0.002664928 -0.004744643 0.999985158 42.735939026
0.999989629 0.003713734 -0.002612344 0.848528504 -0.003700004 0.999979436 0.005240666 -1.209865451 0.002631752 -0.005230946 0.999982893 43.261943817
0.999984682 0.005289622 -0.001611016 0.841382504 -0.005282705 0.999976933 0.004268441 -1.225655198 0.001633557 -0.004259867 0.999989450 43.792182922
0.999984443 0.005451209 -0.001203454 0.848984361 -0.005445939 0.999975741 0.004339489 -1.239235759 0.001227081 -0.004332868 0.999989748 44.334403992
0.999981880 0.005560401 -0.002347530 0.869111776 -0.005550528 0.999975801 0.004192057 -1.247001648 0.002370782 -0.004178951 0.999988437 44.909908295
0.999981046 0.005890013 -0.001793458 0.874617934 -0.005882318 0.999973595 0.004265908 -1.269557595 0.001818537 -0.004255278 0.999989271 45.428947449
0.999979854 0.006214833 -0.001248629 0.880242646 -0.006209351 0.999971271 0.004347869 -1.281427622 0.001275614 -0.004340028 0.999989808 45.976181030
0.999979198 0.006246110 -0.001600738 0.888983369 -0.006240129 0.999973655 0.003714777 -1.287031412 0.001623898 -0.003704711 0.999991834 46.539161682
0.999985814 0.005139222 -0.001412249 0.915316641 -0.005133026 0.999977350 0.004356495 -1.313275218 0.001434607 -0.004349183 0.999989510 47.066539764
0.999976933 0.006442736 -0.002145788 0.918639779 -0.006434038 0.999971151 0.004035905 -1.314642429 0.002171728 -0.004022006 0.999989569 47.629722595
0.999981821 0.005875005 -0.001267609 0.918487906 -0.005870321 0.999976039 0.003666424 -1.332347512 0.001289119 -0.003658916 0.999992490 48.174629211
0.999979138 0.006176089 -0.001880353 0.933346093 -0.006168593 0.999973118 0.003966978 -1.340072274 0.001904802 -0.003955296 0.999990344 48.713706970
0.999980509 0.005882103 -0.002116994 0.946934819 -0.005875245 0.999977529 0.003231515 -1.347096562 0.002135954 -0.003219013 0.999992490 49.262939453
0.999976397 0.006581900 -0.001975176 0.957578063 -0.006574903 0.999972165 0.003527530 -1.364393353 0.001998339 -0.003514461 0.999991834 49.790164948
0.999978721 0.006193258 -0.002014242 0.957689703 -0.006185559 0.999973595 0.003807251 -1.378923774 0.002037768 -0.003794711 0.999990702 50.304214478
0.999977708 0.006490821 -0.001527125 0.958198249 -0.006484322 0.999970019 0.004223051 -1.399629951 0.001554490 -0.004213054 0.999989927 50.828704834
0.999978662 0.006064369 -0.002415325 0.983645916 -0.006055360 0.999974668 0.003719524 -1.408955336 0.002437821 -0.003704818 0.999990165 51.385848999
0.999977350 0.006134754 -0.002766229 0.994557202 -0.006124571 0.999974608 0.003674477 -1.418983102 0.002788701 -0.003657453 0.999989450 51.932590485
0.999979317 0.006014571 -0.002290846 0.997392595 -0.006005816 0.999974728 0.003809205 -1.434562564 0.002313699 -0.003795368 0.999990106 52.466724396
0.999979734 0.005923048 -0.002340443 1.011517882 -0.005914288 0.999975562 0.003731759 -1.448275685 0.002362490 -0.003717841 0.999990225 52.991214752
0.999978960 0.006042229 -0.002353017 1.020354629 -0.006033169 0.999974430 0.003838926 -1.460322499 0.002376153 -0.003824649 0.999989867 53.540744781
0.999979079 0.006084297 -0.002202264 1.027527213 -0.006076252 0.999974906 0.003642166 -1.475508928 0.002224368 -0.003628710 0.999990880 54.061485291
0.999976873 0.006535460 -0.001844032 1.032617331 -0.006528696 0.999972045 0.003649978 -1.487637281 0.001867834 -0.003637855 0.999991655 54.588813782
0.999976814 0.006602689 -0.001638879 1.037906885 -0.006596849 0.999971986 0.003542635 -1.499332547 0.001662223 -0.003531741 0.999992371 55.137798309
0.999980152 0.005975419 -0.001964116 1.056477904 -0.005968985 0.999976873 0.003266238 -1.509592414 0.001983589 -0.003254450 0.999992728 55.664485931
0.999979138 0.006100571 -0.002097734 1.062356353 -0.006093028 0.999974966 0.003582876 -1.524649620 0.002119540 -0.003570021 0.999991357 56.201667786
0.999979019 0.006182727 -0.001927584 1.076608300 -0.006175895 0.999974608 0.003530340 -1.540628433 0.001949361 -0.003518361 0.999991894 56.730495453
0.999977887 0.006428054 -0.001659566 1.080051661 -0.006422527 0.999973893 0.003314515 -1.545353651 0.001680829 -0.003303783 0.999993145 57.261734009
0.999979198 0.006207088 -0.001769863 1.093614578 -0.006200972 0.999974787 0.003440615 -1.565513730 0.001791176 -0.003429568 0.999992490 57.786621094
0.999977589 0.006512010 -0.001561001 1.104370952 -0.006506661 0.999972999 0.003408169 -1.578563333 0.001583153 -0.003397936 0.999992967 58.315837860
0.999976277 0.006747182 -0.001387831 1.110413790 -0.006742185 0.999970913 0.003574107 -1.591382980 0.001411906 -0.003564665 0.999992669 58.833702087
0.999978185 0.006423599 -0.001546603 1.125506639 -0.006418436 0.999973893 0.003321077 -1.605173469 0.001567895 -0.003311078 0.999993205 59.361728668
0.999979675 0.006137925 -0.001707862 1.137232065 -0.006132089 0.999975383 0.003402224 -1.620472789 0.001728701 -0.003391682 0.999992728 59.882720947
0.999976158 0.006728608 -0.001569170 1.145924211 -0.006723440 0.999971986 0.003275390 -1.628142118 0.001591164 -0.003264762 0.999993384 60.423183441
0.999975026 0.006904206 -0.001516625 1.155946255 -0.006899569 0.999971688 0.003041467 -1.643075347 0.001537581 -0.003030927 0.999994218 60.947654724
0.999977708 0.006526226 -0.001406500 1.172358871 -0.006521231 0.999972463 0.003526310 -1.658960938 0.001429475 -0.003517060 0.999992788 61.469894409
0.999973357 0.007229453 -0.001008819 1.177834034 -0.007225796 0.999967396 0.003582791 -1.680984855 0.001034688 -0.003575406 0.999993086 61.996452332
0.999975502 0.006944692 -0.000905699 1.190592527 -0.006941688 0.999970496 0.003279078 -1.686950684 0.000928444 -0.003272711 0.999994218 62.517852783
0.999975860 0.006822473 -0.001330672 1.208337307 -0.006817522 0.999969900 0.003690725 -1.700739741 0.001355812 -0.003681564 0.999992311 63.044158936
0.999975562 0.006876181 -0.001259987 1.219733357 -0.006871521 0.999969661 0.003665804 -1.719532728 0.001285155 -0.003657056 0.999992490 63.568950653
0.999974370 0.007062736 -0.001257277 1.234434962 -0.007057898 0.999967813 0.003811263 -1.731252074 0.001284155 -0.003802291 0.999991894 64.088973999
0.999974847 0.006993854 -0.001177917 1.241006017 -0.006989118 0.999967754 0.003978434 -1.745589137 0.001205704 -0.003970101 0.999991357 64.609786987
0.999977648 0.006559561 -0.001304333 1.260709047 -0.006554395 0.999970794 0.003926669 -1.758469462 0.001330051 -0.003918032 0.999991417 65.132217407
0.999977946 0.006541232 -0.001171875 1.271128893 -0.006536862 0.999971807 0.003694595 -1.769879103 0.001196009 -0.003686852 0.999992490 65.673431396
0.999974370 0.007001386 -0.001453228 1.288046956 -0.006995615 0.999967754 0.003939610 -1.786147594 0.001480763 -0.003929344 0.999991179 66.177619934
0.999973774 0.007102505 -0.001411724 1.302374125 -0.007097063 0.999967515 0.003821965 -1.800871253 0.001438824 -0.003811847 0.999991715 66.697998047
0.999975383 0.006866371 -0.001432023 1.318279266 -0.006860845 0.999969125 0.003828987 -1.809430599 0.001458269 -0.003819067 0.999991655 67.228752136
0.999978781 0.006326149 -0.001562868 1.336383104 -0.006320003 0.999972343 0.003905061 -1.826947093 0.001587528 -0.003895101 0.999991179 67.752212524
0.999974608 0.006959595 -0.001511775 1.353726864 -0.006953452 0.999967635 0.004030748 -1.846366644 0.001539778 -0.004020133 0.999990761 68.254264832
0.999975681 0.006692770 -0.001966441 1.367477775 -0.006684626 0.999969184 0.004119661 -1.858967781 0.001993952 -0.004106416 0.999989569 68.781028748
0.999975026 0.006781671 -0.001997323 1.388224840 -0.006774177 0.999970078 0.003733573 -1.873031855 0.002022584 -0.003719950 0.999991059 69.309616089
0.999977112 0.006447066 -0.002045305 1.396485925 -0.006439995 0.999973297 0.003444216 -1.884976268 0.002067456 -0.003430966 0.999992013 69.863739014
0.999979317 0.005997247 -0.002311184 1.421553612 -0.005988157 0.999974370 0.003920335 -1.901457071 0.002334637 -0.003906413 0.999989629 70.396644592
0.999980927 0.005734084 -0.002265826 1.432015419 -0.005725479 0.999976456 0.003785938 -1.910422921 0.002287483 -0.003772893 0.999990284 70.948066711
0.999980509 0.005609957 -0.002708254 1.443368912 -0.005598343 0.999975145 0.004277117 -1.929554105 0.002732181 -0.004261871 0.999987185 71.479408264
0.999978006 0.006203693 -0.002346198 1.447588563 -0.006194493 0.999973178 0.003909330 -1.942565918 0.002370388 -0.003894712 0.999989629 72.013549805
0.999980569 0.005642919 -0.002640284 1.463189125 -0.005632549 0.999976397 0.003918393 -1.956344366 0.002662333 -0.003903445 0.999988854 72.539215088
0.999974370 0.006602635 -0.002764520 1.469427586 -0.006592145 0.999971092 0.003786237 -1.967315197 0.002789439 -0.003767916 0.999989033 73.092597961
0.999979496 0.005962845 -0.002329016 1.479010344 -0.005953609 0.999974608 0.003952296 -1.986528277 0.002352523 -0.003938349 0.999989390 73.605636597
0.999977946 0.006284574 -0.002151684 1.485335112 -0.006275320 0.999971151 0.004279727 -1.998084188 0.002178518 -0.004266130 0.999988556 74.146148682
0.999979854 0.005835251 -0.002509121 1.498930573 -0.005824084 0.999973118 0.004435026 -2.014879704 0.002534933 -0.004420323 0.999987006 74.682098389
0.999976397 0.006476431 -0.002298835 1.507147431 -0.006466998 0.999970734 0.004087277 -2.025316715 0.002325238 -0.004072313 0.999989033 75.217033386
0.999975204 0.006733464 -0.002058488 1.513167977 -0.006724919 0.999968886 0.004129652 -2.040083647 0.002086230 -0.004115706 0.999989331 75.757392883
0.999974489 0.006831977 -0.002091415 1.522749543 -0.006823814 0.999969184 0.003885000 -2.052850246 0.002117894 -0.003870629 0.999990284 76.308158875
0.999974310 0.006875691 -0.001997977 1.528313994 -0.006867667 0.999968410 0.003995750 -2.067549706 0.002025387 -0.003981926 0.999990046 76.845336914
0.999975979 0.006518019 -0.002331604 1.534140110 -0.006508184 0.999969959 0.004201144 -2.080265284 0.002358917 -0.004185869 0.999988437 77.377395630
0.999976695 0.006475206 -0.002166818 1.545767546 -0.006466948 0.999971867 0.003796289 -2.092674017 0.002191339 -0.003782187 0.999990463 77.922584534
0.999975502 0.006809676 -0.001662303 1.554376483 -0.006803418 0.999969840 0.003741879 -2.103248596 0.001687735 -0.003730477 0.999991655 78.474822998
0.999974251 0.006949062 -0.001741676 1.556663513 -0.006942108 0.999968052 0.003967431 -2.120270491 0.001769191 -0.003955239 0.999990642 79.016365051
0.999973953 0.007010331 -0.001716899 1.568729758 -0.007003354 0.999967337 0.004036206 -2.134585381 0.001745138 -0.004024077 0.999990404 79.541450500
0.999973774 0.007221012 -0.000599182 1.575122952 -0.007218813 0.999967515 0.003593738 -2.140517235 0.000625113 -0.003589319 0.999993324 80.091522217
0.999973118 0.007313144 0.000545950 1.588747382 -0.007315204 0.999965727 0.003870930 -2.161115170 -0.000517622 -0.003874819 0.999992371 80.625137329
0.999973774 0.007037466 0.001703362 1.606833816 -0.007043660 0.999968469 0.003657069 -2.174381733 -0.001677572 -0.003668972 0.999991834 81.181175232
0.999964178 0.007662844 0.003581473 1.609382987 -0.007675543 0.999964237 0.003545710 -2.182220697 -0.003554174 -0.003573073 0.999987245 81.737297058
0.999953210 0.007550737 0.006049122 1.626011014 -0.007575577 0.999962926 0.004094114 -2.212493896 -0.006017984 -0.004139748 0.999973297 82.260917664
0.999922872 0.007168184 0.010133804 1.633932233 -0.007205949 0.999967217 0.003695108 -2.213043928 -0.010106985 -0.003767848 0.999941766 82.815521240
0.999886990 0.007215007 0.013187076 1.648602009 -0.007268583 0.999965489 0.004019315 -2.225186348 -0.013157624 -0.004114713 0.999904990 83.359001160
0.999812067 0.007502340 0.017874565 1.664035797 -0.007569508 0.999964476 0.003693065 -2.239817142 -0.017846221 -0.003827672 0.999833345 83.899902344
0.999689698 0.007766263 0.023668060 1.697531700 -0.007857744 0.999962032 0.003774681 -2.243494034 -0.023637846 -0.003959486 0.999712765 84.448905945
0.999530613 0.007798030 0.029624835 1.720494747 -0.007907094 0.999962389 0.003566153 -2.260286570 -0.029595913 -0.003798726 0.999554753 84.981445312
0.999340594 0.007745674 0.035473462 1.756039858 -0.007880985 0.999962151 0.003676146 -2.270260572 -0.035443649 -0.003953287 0.999363780 85.534400940
0.999014616 0.007832194 0.043685272 1.797332287 -0.007984806 0.999962628 0.003320083 -2.279081821 -0.043657634 -0.003665629 0.999039948 86.094177246
0.998615026 0.007393591 0.052089814 1.846646070 -0.007573549 0.999966025 0.003258254 -2.294007778 -0.052063953 -0.003648247 0.998637080 86.625556946
0.998247921 0.006696921 0.058790084 1.896362305 -0.006903195 0.999970734 0.003306261 -2.306703091 -0.058766223 -0.003706308 0.998264849 87.171714783
0.997652769 0.007514800 0.068062454 1.945626259 -0.007751823 0.999964774 0.003219009 -2.321336031 -0.068035878 -0.003739062 0.997675896 87.717674255
0.996941745 0.006373317 0.077887148 2.019404411 -0.006606733 0.999974310 0.002739521 -2.331904411 -0.077867687 -0.003245722 0.996958435 88.236770630
0.996225834 0.006437983 0.086560294 2.076667786 -0.006683468 0.999974370 0.002546509 -2.341863155 -0.086541668 -0.003115421 0.996243358 88.796432495
0.995600581 0.005755561 0.093522027 2.143594265 -0.005990693 0.999979556 0.002233631 -2.358069658 -0.093507260 -0.002784066 0.995614707 89.329788208
0.994600713 0.005558494 0.103626586 2.220406532 -0.005837314 0.999980032 0.002387541 -2.373428822 -0.103611246 -0.002979551 0.994613349 89.851318359
0.993482947 0.004940541 0.113873810 2.309972763 -0.005209787 0.999984264 0.002066946 -2.383689880 -0.113861792 -0.002646734 0.993493199 90.405494690
0.992381275 0.004382165 0.123126492 2.398661613 -0.004629000 0.999987781 0.001718730 -2.397824526 -0.123117447 -0.002275589 0.992389500 90.945297241
0.990823328 0.004888696 0.135074914 2.489747047 -0.005210534 0.999984384 0.002029245 -2.411531925 -0.135062888 -0.002714436 0.990833402 91.488655090
0.989015222 0.004619585 0.147741690 2.588062286 -0.004918915 0.999986470 0.001660733 -2.422886610 -0.147731990 -0.002369219 0.989024580 92.032501221
0.987468958 0.004045155 0.157762244 2.697819710 -0.004358688 0.999989152 0.001641446 -2.435770512 -0.157753885 -0.002308513 0.987475753 92.577056885
0.985589147 0.004514054 0.169096708 2.808672905 -0.004857007 0.999986887 0.001614568 -2.451358080 -0.169087172 -0.002412605 0.985598147 93.151771545
0.983303666 0.003996673 0.181928471 2.927982330 -0.004442391 0.999987960 0.002042528 -2.470924854 -0.181918129 -0.002816622 0.983309627 93.673606873
0.980976522 0.003248859 0.194099963 3.054621696 -0.003647255 0.999991894 0.001695197 -2.480568409 -0.194092914 -0.002370880 0.980980277 94.204635620
0.978895783 0.002988415 0.204338104 3.177268982 -0.003392315 0.999992847 0.001626364 -2.495039701 -0.204331800 -0.002285220 0.978899002 94.729988098
0.976013899 0.003685580 0.217677057 3.319820404 -0.004119303 0.999990344 0.001538755 -2.510314703 -0.217669308 -0.002398524 0.976019621 95.266448975
0.972898781 0.002875379 0.231213421 3.466238022 -0.003452188 0.999991834 0.002090161 -2.529527903 -0.231205508 -0.002831707 0.972900808 95.782440186
0.970286787 0.002270622 0.241947025 3.604265213 -0.002622986 0.999995887 0.001134283 -2.526418924 -0.241943493 -0.001735203 0.970288813 96.318733215
0.967438340 0.001869685 0.253099829 3.756418228 -0.002300054 0.999996364 0.001404517 -2.543815136 -0.253096312 -0.001940926 0.967439055 96.828842163
0.963766873 0.002240404 0.266736597 3.921667099 -0.002830870 0.999994278 0.001829175 -2.562972069 -0.266730964 -0.002517994 0.963767886 97.348609924
0.960145772 0.002160114 0.279491574 4.092302322 -0.002807951 0.999994159 0.001917561 -2.582594633 -0.279485822 -0.002625936 0.960146308 97.873115540
0.956861556 0.001526189 0.290540189 4.264360428 -0.002002675 0.999997079 0.001342662 -2.591384888 -0.290537357 -0.001866599 0.956861854 98.378906250
0.952392519 0.001783827 0.304869324 4.445501328 -0.002348074 0.999996126 0.001484141 -2.606120110 -0.304865599 -0.002129341 0.952392936 98.896049500
0.947768331 0.001139927 0.318957567 4.642467499 -0.001644038 0.999997795 0.001311279 -2.622396231 -0.318955362 -0.001767167 0.947768092 99.415252686
0.943895996 0.001119408 0.330240935 4.849716187 -0.001544459 0.999998271 0.001024716 -2.633682489 -0.330239207 -0.001477269 0.943896055 99.933052063
0.939059854 0.001337630 0.343751401 5.056423187 -0.001963759 0.999996960 0.001473333 -2.651296139 -0.343748361 -0.002058592 0.939059556 100.451576233
0.933720231 0.000741856 0.358002812 5.261842728 -0.001422683 0.999997616 0.001638351 -2.677033424 -0.358000755 -0.002039086 0.933719099 100.977149963
0.929017425 0.000118805 0.370036006 5.488080978 -0.000966564 0.999997318 0.002105608 -2.693001270 -0.370034784 -0.002313809 0.929015040 101.479385376
0.924279094 -0.000409808 0.381717145 5.753582001 -0.000378658 0.999997914 0.001990460 -2.716733217 -0.381717175 -0.001984281 0.924277067 102.058395386
0.918265820 -0.000619548 0.395964146 5.987579346 -0.000264264 0.999997616 0.002177499 -2.731014252 -0.395964503 -0.002104162 0.918263435 102.550582886
0.912581623 -0.000432379 0.408894390 6.271175385 -0.000428088 0.999997795 0.002012850 -2.749957085 -0.408894360 -0.002011932 0.912579477 103.120216370
0.907623529 -0.000980488 0.419783920 6.513458252 0.000085442 0.999997616 0.002150955 -2.763318539 -0.419785082 -0.001916390 0.907621443 103.597595215
0.901722491 -0.001249666 0.432313502 6.790496826 0.000529618 0.999998271 0.001785960 -2.782510996 -0.432315022 -0.001381479 0.901721537 104.132888794
0.894937515 -0.001176820 0.446190029 7.049942017 0.000384964 0.999998212 0.001865347 -2.790749311 -0.446191430 -0.001497603 0.894936323 104.612442017
0.889004767 -0.004050190 0.457880318 7.344631195 0.003133289 0.999991298 0.002761957 -2.835072517 -0.457887560 -0.001020722 0.889009535 105.133819580
0.883202314 -0.005128820 0.468964219 7.618404388 0.003867500 0.999985933 0.003652650 -2.854369640 -0.468976319 -0.001412309 0.883209586 105.597656250
0.875444949 -0.002663912 0.483310372 7.896053314 0.001510320 0.999994993 0.002776055 -2.856533527 -0.483315349 -0.001700330 0.875444591 106.075027466
0.868285656 -0.002592447 0.496057659 8.180587769 0.001445199 0.999995351 0.002696437 -2.871818542 -0.496062368 -0.001624376 0.868285298 106.523002625
