1.000000000 0.000000000 0.000000000 0.000000000 0.000000000 1.000000000 0.000000000 0.000000000 0.000000000 0.000000000 1.000000000 0.000000000
1.000000000 0.000022694 -0.000021273 0.000444024 -0.000022695 1.000000000 -0.000038031 0.000772573 0.000021272 0.000038031 1.000000000 0.000389149
1.000000000 -0.000000051 0.000044742 -0.000089109 0.000000050 1.000000000 0.000043008 0.000027388 -0.000044742 -0.000043008 1.000000000 0.000100690
1.000000000 -0.000089626 0.000013537 0.000178011 0.000089626 1.000000000 -0.000028033 0.000751148 -0.000013534 0.000028034 1.000000000 0.000047185
1.000000000 -0.000119285 0.000040317 -0.000138061 0.000119284 1.000000000 0.000015043 -0.000104287 -0.000040319 -0.000015038 1.000000000 -0.000614445
1.000000000 0.000027332 0.000119999 -0.000474362 -0.000027329 1.000000000 -0.000028274 0.000830479 -0.000120000 0.000028270 1.000000000 0.000066099
1.000000000 -0.000088099 0.000073819 0.000134997 0.000088099 1.000000000 -0.000007106 0.000510482 -0.000073818 0.000007113 1.000000000 0.000256365
1.000000000 0.000012397 0.000056703 -0.000472823 -0.000012401 1.000000000 0.000087925 -0.000087601 -0.000056702 -0.000087926 1.000000000 -0.000109752
1.000000000 -0.000034780 -0.000001652 -0.000722429 0.000034779 1.000000000 -0.000083456 -0.000086193 0.000001655 0.000083456 1.000000000 -0.001090383
1.000000000 -0.000046214 0.000080987 -0.000088754 0.000046211 1.000000000 0.000040928 -0.000724893 -0.000080989 -0.000040925 1.000000000 -0.000410949
1.000000000 0.000072012 0.000053050 -0.000834898 -0.000072015 1.000000000 0.000056892 -0.000903906 -0.000053046 -0.000056896 1.000000000 -0.000640207
1.000000000 -0.000043620 0.000071417 -0.001121618 0.000043617 1.000000000 0.000037836 -0.000453321 -0.000071418 -0.000037833 1.000000000 -0.001077247
1.000000000 0.000053408 0.000033274 -0.000812222 -0.000053406 1.000000000 -0.000075491 -0.000338749 -0.000033278 0.000075489 1.000000000 -0.001540909
1.000000000 0.000045481 0.000071927 -0.000997534 -0.000045479 1.000000000 -0.000028268 0.000501681 -0.000071929 0.000028265 1.000000000 0.000307617
1.000000000 0.000034210 0.000050837 -0.001010063 -0.000034204 1.000000000 -0.000121755 0.001338357 -0.000050841 0.000121754 1.000000000 0.000961941
1.000000000 0.000002033 -0.000033920 0.000322246 -0.000002036 1.000000000 -0.000082175 0.001308987 0.000033919 0.000082175 1.000000000 0.001318735
1.000000000 0.000101926 0.000110054 -0.001039859 -0.000101908 1.000000000 -0.000158016 0.002313592 -0.000110070 0.000158005 1.000000000 0.002540893
1.000000000 0.000169531 0.000089400 -0.001389534 -0.000169516 1.000000000 -0.000165583 0.001917979 -0.000089428 0.000165567 1.000000000 0.001651738
0.999999940 0.000199288 0.000161793 -0.001510191 -0.000199272 1.000000000 -0.000098258 0.002045914 -0.000161812 0.000098225 1.000000000 0.002378325
1.000000000 0.000091274 0.000150011 -0.001393447 -0.000091260 1.000000000 -0.000091983 0.000981016 -0.000150019 0.000091969 1.000000000 0.001279823
1.000000000 0.000026686 0.000075563 -0.001057263 -0.000026684 1.000000000 -0.000026057 0.000307838 -0.000075564 0.000026055 1.000000000 0.000699505
1.000000000 0.000141829 0.000056162 -0.000768663 -0.000141828 1.000000000 -0.000018638 0.001268564 -0.000056164 0.000018630 1.000000000 0.000863609
1.000000000 0.000097525 0.000006579 -0.000581312 -0.000097525 1.000000000 -0.000084598 0.001370683 -0.000006588 0.000084598 1.000000000 0.002171695
1.000000000 0.000106805 0.000086087 -0.001226684 -0.000106799 1.000000000 -0.000071671 0.001698392 -0.000086095 0.000071662 1.000000000 0.002474804
0.999999940 0.000336130 0.000037769 -0.001103104 -0.000336128 0.999999940 -0.000067384 0.002369543 -0.000037791 0.000067371 1.000000000 0.003688088
0.999999940 0.000228581 0.000098712 -0.001403633 -0.000228574 1.000000000 -0.000064845 0.002148926 -0.000098727 0.000064822 1.000000000 0.001756224
1.000000000 0.000049013 0.000101309 -0.000475764 -0.000049005 1.000000000 -0.000071629 0.002441181 -0.000101313 0.000071624 1.000000000 0.002976415
1.000000000 0.000140612 0.000172890 -0.001785622 -0.000140608 1.000000000 -0.000022321 0.001466775 -0.000172893 0.000022297 1.000000000 0.002298052
1.000000000 0.000150895 0.000077397 -0.001312242 -0.000150890 1.000000000 -0.000071289 0.002242065 -0.000077408 0.000071277 1.000000000 0.002181579
1.000000000 0.000024502 0.000085387 -0.001518111 -0.000024495 1.000000000 -0.000072134 0.001068344 -0.000085389 0.000072132 1.000000000 0.001651854
1.000000000 0.000128367 0.000197334 -0.001904550 -0.000128365 1.000000000 -0.000010685 0.000962959 -0.000197335 0.000010660 1.000000000 0.001919180
1.000000000 0.000107539 0.000186553 -0.001383688 -0.000107526 1.000000000 -0.000073565 0.002106938 -0.000186561 0.000073545 1.000000000 0.003728275
1.000000000 0.000207047 0.000098821 -0.000895307 -0.000207026 0.999999940 -0.000211566 0.003328567 -0.000098865 0.000211545 1.000000000 0.003798614
1.000000000 0.000108074 0.000125560 -0.000858577 -0.000108062 1.000000000 -0.000089214 0.001606594 -0.000125569 0.000089200 1.000000000 0.001877421
0.999999940 0.000204140 0.000184860 -0.002502243 -0.000204112 0.999999940 -0.000152406 0.002099606 -0.000184892 0.000152368 1.000000000 0.002563827
1.000000000 0.000155752 0.000174752 -0.001633180 -0.000155738 1.000000000 -0.000080154 0.001055909 -0.000174764 0.000080126 1.000000000 0.001557324
1.000000000 0.000102613 0.000048027 -0.001972897 -0.000102614 1.000000000 0.000023006 0.000567500 -0.000048024 -0.000023011 1.000000000 0.000384419
1.000000000 0.000147795 0.000091079 -0.001551033 -0.000147792 1.000000000 -0.000035771 0.001971727 -0.000091084 0.000035757 1.000000000 0.002439949
1.000000000 0.000156599 0.000159963 -0.002041389 -0.000156589 1.000000000 -0.000059592 0.001650042 -0.000159972 0.000059567 1.000000000 0.001326869
1.000000000 0.000185936 0.000123309 -0.000874650 -0.000185924 1.000000000 -0.000095763 0.002897622 -0.000123327 0.000095740 1.000000000 0.003220377
1.000000000 0.000011239 0.000071168 0.000272271 -0.000011232 1.000000000 -0.000097687 0.000880657 -0.000071169 0.000097686 1.000000000 0.002611320
0.999999762 0.000531152 0.000143989 0.000002626 -0.000531062 0.999999583 -0.000621924 -0.001669751 -0.000144319 0.000621847 0.999999821 0.052738741
0.999999821 0.000488109 0.000205637 0.001252807 -0.000487853 0.999999046 -0.001241321 -0.002415594 -0.000206242 0.001241220 0.999999225 0.142377883
0.999998927 0.001412284 0.000224231 0.000711645 -0.001411994 0.999998152 -0.001288288 -0.006151709 -0.000226050 0.001287970 0.999999166 0.252552718
0.999998808 0.001526462 0.000131835 0.003479452 -0.001526292 0.999997973 -0.001282721 -0.008993026 -0.000133793 0.001282518 0.999999166 0.384803146
0.999999583 0.000841291 0.000379068 0.003315171 -0.000841038 0.999999404 -0.000668834 -0.016980626 -0.000379630 0.000668515 0.999999702 0.523250997
0.999999642 0.000667643 0.000395520 0.007327454 -0.000667424 0.999999523 -0.000554660 -0.022673907 -0.000395890 0.000554396 0.999999762 0.674750984
0.999999821 0.000606360 0.000026194 0.016412225 -0.000606345 0.999999583 -0.000573157 -0.025806041 -0.000026541 0.000573141 0.999999762 0.845945001
0.999999881 0.000525696 0.000045592 0.017517800 -0.000525673 0.999999762 -0.000497386 -0.029982174 -0.000045854 0.000497362 0.999999881 1.016370773
0.999999821 0.000654944 -0.000132001 0.023039861 -0.000654999 0.999999702 -0.000417293 -0.034114953 0.000131728 0.000417380 0.999999940 1.187155366
0.999999344 0.001146845 -0.000018723 0.022193843 -0.001146849 0.999999285 -0.000238770 -0.040629998 0.000018450 0.000238791 1.000000000 1.365910888
0.999999702 0.000689699 0.000206455 0.025093686 -0.000689806 0.999999642 0.000518881 -0.056369778 -0.000206097 -0.000519023 0.999999821 1.549373150
0.999999881 0.000415519 0.000112312 0.033370674 -0.000415521 0.999999940 0.000022231 -0.051096492 -0.000112303 -0.000022277 0.999999940 1.756158948
0.999999583 0.000872261 0.000345313 0.034162715 -0.000872373 0.999999583 0.000325499 -0.059637249 -0.000345029 -0.000325800 0.999999881 1.948407650
0.999999821 0.000488434 0.000420327 0.037366044 -0.000488603 0.999999821 0.000402545 -0.067590803 -0.000420131 -0.000402750 0.999999821 2.157106638
0.999999702 0.000677628 0.000418825 0.040818375 -0.000677743 0.999999702 0.000274998 -0.068184704 -0.000418639 -0.000275282 0.999999821 2.378774166
0.999999642 0.000662919 0.000321263 0.045143198 -0.000663093 0.999999583 0.000543694 -0.075978659 -0.000320903 -0.000543907 0.999999821 2.602477789
0.999999821 0.000364251 0.000363182 0.050136875 -0.000364539 0.999999583 0.000792726 -0.083699457 -0.000362894 -0.000792858 0.999999642 2.824258089
0.999999762 0.000615325 0.000335099 0.058886167 -0.000615602 0.999999464 0.000827285 -0.092668958 -0.000334590 -0.000827492 0.999999583 3.056405544
0.999999762 0.000571977 0.000302576 0.062034238 -0.000572267 0.999999404 0.000959810 -0.102325559 -0.000302027 -0.000959983 0.999999523 3.289563179
0.999999583 0.000519854 0.000666508 0.063755080 -0.000520570 0.999999285 0.001074854 -0.107656002 -0.000665949 -0.001075201 0.999999166 3.536505938
0.999999702 0.000683943 0.000281382 0.073965564 -0.000684263 0.999999106 0.001141120 -0.115997329 -0.000280602 -0.001141312 0.999999285 3.787473679
0.999999404 0.000936634 0.000511204 0.080147780 -0.000936965 0.999999285 0.000648123 -0.113817692 -0.000510596 -0.000648602 0.999999642 4.043717384
0.999999642 0.000749039 0.000389154 0.087481588 -0.000749314 0.999999464 0.000705799 -0.121632680 -0.000388625 -0.000706090 0.999999702 4.301764965
0.999999464 0.000853253 0.000602993 0.089393288 -0.000853763 0.999999225 0.000845445 -0.129592046 -0.000602271 -0.000845959 0.999999464 4.558593750
0.999999285 0.001036920 0.000614659 0.101035565 -0.001037387 0.999999166 0.000760656 -0.136983946 -0.000613869 -0.000761293 0.999999523 4.806077957
0.999999344 0.001005696 0.000580560 0.108880214 -0.001006080 0.999999285 0.000661003 -0.141084239 -0.000579895 -0.000661587 0.999999642 5.069388390
0.999999046 0.001124457 0.000764985 0.108164698 -0.001125298 0.999998748 0.001099399 -0.157180429 -0.000763748 -0.001100259 0.999999106 5.310971737
0.999999166 0.000987705 0.000851737 0.108331457 -0.000988551 0.999999046 0.000993569 -0.162378713 -0.000850754 -0.000994410 0.999999166 5.577108383
0.999998987 0.000963073 0.001018586 0.107729025 -0.000964371 0.999998868 0.001274221 -0.170404270 -0.001017357 -0.001275202 0.999998689 5.834105015
0.999998569 0.001179216 0.001252600 0.111862160 -0.001180787 0.999998569 0.001254344 -0.180316865 -0.001251119 -0.001255821 0.999998391 6.111765862
0.999998629 0.001007186 0.001321605 0.118232392 -0.001008521 0.999998987 0.001009845 -0.181394681 -0.001320587 -0.001011177 0.999998629 6.399396420
0.999999166 0.000811407 0.000987456 0.125471637 -0.000812552 0.999998987 0.001159529 -0.190065756 -0.000986514 -0.001160330 0.999998868 6.683763504
0.999998629 0.001121470 0.001216176 0.125178903 -0.001122760 0.999998808 0.001061030 -0.199734926 -0.001214985 -0.001062394 0.999998629 6.974502087
0.999999166 0.000821133 0.001016396 0.135154292 -0.000822319 0.999998987 0.001166193 -0.210552976 -0.001015437 -0.001167028 0.999998808 7.284981728
0.999997973 0.001429415 0.001416335 0.139037028 -0.001430626 0.999998629 0.000853987 -0.218643039 -0.001415113 -0.000856011 0.999998629 7.592143536
0.999997795 0.001573315 0.001371834 0.147469819 -0.001574389 0.999998450 0.000782571 -0.221615627 -0.001370600 -0.000784729 0.999998748 7.910712242
0.999996960 0.001847096 0.001601436 0.148737580 -0.001848809 0.999997675 0.001068646 -0.237552196 -0.001599458 -0.001071604 0.999998152 8.223210335
0.999997258 0.001688585 0.001590665 0.156853959 -0.001690485 0.999997914 0.001193799 -0.245846823 -0.001588646 -0.001196485 0.999998033 8.549142838
0.999997258 0.001619656 0.001685640 0.163846016 -0.001621608 0.999998033 0.001157147 -0.256502688 -0.001683763 -0.001159877 0.999997914 8.876235008
0.999996960 0.001966557 0.001512296 0.171258241 -0.001968281 0.999997437 0.001139199 -0.270163327 -0.001510052 -0.001142172 0.999998212 9.205002785
0.999997377 0.001641770 0.001612233 0.168101847 -0.001643874 0.999997735 0.001304394 -0.283267170 -0.001610088 -0.001307041 0.999997854 9.561384201
0.999997795 0.001484052 0.001468906 0.180917591 -0.001486185 0.999997854 0.001452735 -0.292820841 -0.001466747 -0.001454915 0.999997795 9.906329155
0.999997199 0.001837920 0.001475852 0.192087308 -0.001840062 0.999997377 0.001451201 -0.303129584 -0.001473180 -0.001453913 0.999997854 10.256901741
0.999996543 0.002085151 0.001593161 0.196946964 -0.002087174 0.999997020 0.001269256 -0.310220689 -0.001590510 -0.001272577 0.999997854 10.606820107
0.999997079 0.001949472 0.001445796 0.208232462 -0.001952084 0.999996483 0.001807263 -0.326413989 -0.001442267 -0.001810080 0.999997318 10.963655472
0.999996066 0.002125579 0.001832968 0.207847789 -0.002128789 0.999996185 0.001750896 -0.332843572 -0.001829240 -0.001754791 0.999996781 11.349284172
0.999995530 0.002377558 0.001795438 0.215097085 -0.002380459 0.999995887 0.001615640 -0.342898220 -0.001791589 -0.001619906 0.999997079 11.726895332
0.999995470 0.002370020 0.001859983 0.221849978 -0.002373565 0.999995351 0.001906085 -0.356733620 -0.001855458 -0.001910491 0.999996483 12.103321075
0.999995768 0.002088882 0.002006369 0.234176964 -0.002093482 0.999995232 0.002293247 -0.372442842 -0.002001570 -0.002297438 0.999995410 12.488682747
0.999993265 0.002797461 0.002372844 0.238333523 -0.002802233 0.999994040 0.002009929 -0.377448052 -0.002367207 -0.002016565 0.999995172 12.876225471
0.999992967 0.002711834 0.002556223 0.245137930 -0.002716177 0.999994874 0.001697161 -0.382805437 -0.002551608 -0.001704093 0.999995291 13.300891876
0.999993443 0.002560626 0.002565764 0.258230150 -0.002565840 0.999994576 0.002030881 -0.395374686 -0.002560550 -0.002037451 0.999994636 13.679105759
0.999993443 0.002773696 0.002328325 0.267105579 -0.002778625 0.999993920 0.002116511 -0.405121982 -0.002322440 -0.002122966 0.999995053 14.100868225
0.999991238 0.003204794 0.002683034 0.273444384 -0.003209490 0.999993384 0.001747628 -0.416135758 -0.002677415 -0.001756224 0.999994874 14.522163391
0.999991953 0.002450790 0.003176646 0.281929463 -0.002455132 0.999996066 0.001363422 -0.424519807 -0.003173292 -0.001371210 0.999994040 14.950960159
0.999987662 0.003131395 0.003845680 0.279009402 -0.003138327 0.999993443 0.001797860 -0.441856712 -0.003840025 -0.001809907 0.999991000 15.374770164
0.999986708 0.002783899 0.004318270 0.287931502 -0.002790144 0.999995053 0.001440736 -0.449225157 -0.004314237 -0.001452766 0.999989629 15.822671890
0.999983788 0.002612624 0.005054777 0.297488660 -0.002620260 0.999995410 0.001504717 -0.458457857 -0.005050823 -0.001517937 0.999986112 16.243890762
0.999983490 0.002581364 0.005125818 0.310204327 -0.002590195 0.999995172 0.001716951 -0.476456374 -0.005121361 -0.001730199 0.999985397 16.691875458
0.999985337 0.002090990 0.004992146 0.324715793 -0.002100467 0.999996006 0.001893833 -0.487934113 -0.004988166 -0.001904291 0.999985695 17.157285690
0.999981701 0.002946205 0.005282961 0.333844841 -0.002958388 0.999992907 0.002299915 -0.511889994 -0.005276149 -0.002315502 0.999983370 17.596839905
0.999980748 0.002492912 0.005679294 0.347410232 -0.002505235 0.999994516 0.002163672 -0.522727549 -0.005673869 -0.002177858 0.999981523 18.056079865
0.999979198 0.002784035 0.005813777 0.363934815 -0.002796285 0.999993861 0.002100065 -0.533646286 -0.005807895 -0.002116278 0.999980807 18.536087036
0.999980688 0.002660167 0.005619339 0.383403540 -0.002669731 0.999994934 0.001695197 -0.544991493 -0.005614800 -0.001710166 0.999982774 19.020290375
0.999979198 0.002646645 0.005876470 0.392586797 -0.002660347 0.999993742 0.002325141 -0.562622428 -0.005870280 -0.002340726 0.999980032 19.488031387
0.999981463 0.002648859 0.005481510 0.398948133 -0.002662675 0.999993265 0.002514788 -0.575747371 -0.005474812 -0.002529337 0.999981821 19.976409912
0.999976099 0.002800549 0.006309850 0.414162338 -0.002816089 0.999993026 0.002455224 -0.594214916 -0.006302929 -0.002472934 0.999977052 20.450126648
0.999980330 0.002977233 0.005517492 0.432997942 -0.002990355 0.999992728 0.002371406 -0.602312982 -0.005510391 -0.002387858 0.999981880 20.948938370
0.999978542 0.003408901 0.005578599 0.432925880 -0.003423862 0.999990523 0.002674555 -0.618549526 -0.005569430 -0.002693598 0.999980807 21.441751480
0.999982059 0.003364889 0.004946383 0.447192788 -0.003374295 0.999992490 0.001894497 -0.625648856 -0.004939971 -0.001911153 0.999985993 21.962141037
0.999983668 0.003569330 0.004458616 0.457961023 -0.003579817 0.999990821 0.002346255 -0.640033722 -0.004450200 -0.002362178 0.999987304 22.467996597
0.999987245 0.003238435 0.003860663 0.469851315 -0.003245782 0.999992907 0.001898260 -0.653060257 -0.003854489 -0.001910767 0.999990702 22.971906662
0.999986947 0.003787251 0.003431027 0.473170280 -0.003795095 0.999990165 0.002282562 -0.670859277 -0.003422349 -0.002295554 0.999991477 23.479080200
0.999992609 0.002743762 0.002701890 0.486814260 -0.002749095 0.999994278 0.001972112 -0.687441289 -0.002696463 -0.001979525 0.999994338 23.997831345
0.999992251 0.003348638 0.002134618 0.497751504 -0.003352847 0.999992430 0.001971080 -0.698241174 -0.002128002 -0.001978222 0.999995768 24.529138565
0.999991655 0.003761440 0.001571018 0.508368611 -0.003764346 0.999991179 0.001851060 -0.708371878 -0.001564042 -0.001856959 0.999997079 25.074602127
0.999989510 0.004304755 0.001514915 0.513590813 -0.004308003 0.999988437 0.002146824 -0.725178361 -0.001505656 -0.002153329 0.999996483 25.613210678
0.999987483 0.004767512 0.001503857 0.522898853 -0.004770793 0.999986231 0.002185324 -0.743028402 -0.001493418 -0.002192471 0.999996483 26.167486191
0.999988616 0.004554882 0.001364351 0.533709109 -0.004558774 0.999985516 0.002863630 -0.759530425 -0.001351287 -0.002869817 0.999994934 26.705383301
0.999989867 0.004448350 0.000709054 0.542099893 -0.004450421 0.999985754 0.002945941 -0.781284869 -0.000695939 -0.002949067 0.999995410 27.254314423
0.999987721 0.004924167 0.000581531 0.551434755 -0.004925733 0.999984086 0.002724302 -0.794138134 -0.000568107 -0.002727133 0.999996126 27.811559677
0.999985576 0.005338704 0.000567246 0.561322451 -0.005340166 0.999982357 0.002607703 -0.805447757 -0.000553314 -0.002610695 0.999996424 28.360027313
0.999983966 0.005625937 0.000539677 0.569570601 -0.005627386 0.999980450 0.002724935 -0.821246147 -0.000524336 -0.002727929 0.999996126 28.905195236
0.999985516 0.005369590 0.000316521 0.575622857 -0.005370369 0.999982417 0.002513771 -0.831922472 -0.000303017 -0.002515435 0.999996781 29.453010559
0.999986112 0.005270197 -0.000026257 0.584449649 -0.005270099 0.999981999 0.002872725 -0.845893681 0.000041397 -0.002872546 0.999995887 29.996963501
0.999984324 0.005587918 -0.000381796 0.597511768 -0.005586853 0.999980688 0.002730902 -0.858694077 0.000397049 -0.002728726 0.999996126 30.546169281
0.999985218 0.005423787 -0.000613513 0.610568941 -0.005421976 0.999981165 0.002915877 -0.877403021 0.000629317 -0.002912508 0.999995589 31.081958771
0.999976337 0.006888593 -0.000174429 0.610471129 -0.006888116 0.999972999 0.002593761 -0.888187587 0.000192292 -0.002592498 0.999996662 31.628278732
0.999983907 0.005432389 -0.001635729 0.636990130 -0.005428113 0.999981999 0.002607689 -0.903064430 0.001649865 -0.002598768 0.999995291 32.187770844
0.999983549 0.005284150 -0.002238188 0.646935225 -0.005278122 0.999982476 0.002690694 -0.915500402 0.002252366 -0.002678836 0.999993861 32.734447479
0.999984205 0.004992082 -0.002585486 0.655578673 -0.004985312 0.999984145 0.002618288 -0.934530556 0.002598514 -0.002605357 0.999993205 33.262802124
0.999982476 0.005114959 -0.002967633 0.668458223 -0.005107246 0.999983490 0.002600812 -0.947818696 0.002980887 -0.002585610 0.999992192 33.802249908
0.999981105 0.004995824 -0.003574399 0.677395701 -0.004986427 0.999984086 0.002632921 -0.960004568 0.003587494 -0.002615048 0.999990106 34.339805603
0.999980032 0.005010677 -0.003854366 0.689129233 -0.005000850 0.999984205 0.002555026 -0.978101790 0.003867108 -0.002535700 0.999989331 34.864227295
0.999978542 0.004814498 -0.004436160 0.702526748 -0.004803777 0.999985516 0.002424197 -0.985727906 0.004447768 -0.002402835 0.999987245 35.422954559
0.999978840 0.005065158 -0.004072282 0.701955616 -0.005054335 0.999983609 0.002663368 -1.012784958 0.004085706 -0.002642729 0.999988198 35.962505341
0.999981046 0.004333031 -0.004363786 0.701182127 -0.004321750 0.999987304 0.002591370 -1.022600889 0.004374960 -0.002572462 0.999987066 36.477813721
0.999979496 0.004485571 -0.004572336 0.706686378 -0.004475296 0.999987423 0.002254881 -1.032598019 0.004582392 -0.002234372 0.999987006 37.035690308
0.999980032 0.004741401 -0.004184874 0.710706174 -0.004732660 0.999986589 0.002096512 -1.049540758 0.004194759 -0.002076665 0.999989033 37.589950562
0.999977887 0.004364291 -0.005022143 0.726227760 -0.004353228 0.999988019 0.002211752 -1.063880563 0.005031735 -0.002189840 0.999984920 38.130374908
0.999979258 0.004593456 -0.004522861 0.730686963 -0.004583465 0.999987066 0.002217142 -1.076961040 0.004532987 -0.002196365 0.999987304 38.683589935
0.999978662 0.004270216 -0.004944084 0.745455801 -0.004260796 0.999989092 0.001914226 -1.092202187 0.004952204 -0.001893119 0.999985933 39.215507507
0.999976635 0.004514687 -0.005121789 0.753008306 -0.004505507 0.999988198 0.001802419 -1.105558515 0.005129865 -0.001779300 0.999985278 39.770359039
0.999976635 0.004308821 -0.005312128 0.764241159 -0.004300493 0.999989510 0.001578239 -1.119719744 0.005318871 -0.001555357 0.999984562 40.316616058
0.999977946 0.004220472 -0.005137210 0.769807339 -0.004214575 0.999990463 0.001158248 -1.127853632 0.005142049 -0.001136571 0.999986112 40.876815796
0.999976218 0.003706693 -0.005835818 0.785549045 -0.003698245 0.999992013 0.001457908 -1.146277428 0.005841176 -0.001436291 0.999981880 41.446590424
0.999975264 0.004494574 -0.005399037 0.788693249 -0.004488676 0.999989331 0.001104055 -1.158410549 0.005403941 -0.001079793 0.999984801 42.003074646
0.999974728 0.003845957 -0.005971103 0.805308819 -0.003839074 0.999991953 0.001163881 -1.172358274 0.005975531 -0.001140928 0.999981523 42.547695160
0.999973297 0.003834729 -0.006218956 0.820064306 -0.003826528 0.999991894 0.001330104 -1.192649603 0.006224006 -0.001306272 0.999979794 43.135139465
0.999970078 0.003596015 -0.006851422 0.838531137 -0.003586920 0.999992669 0.001339417 -1.206793785 0.006856190 -0.001314802 0.999975622 43.689289093
0.999973357 0.004137257 -0.006004876 0.839120209 -0.004127551 0.999990106 0.001627911 -1.222213745 0.006011549 -0.001603082 0.999980628 44.234840393
0.999974906 0.004249634 -0.005667598 0.840441942 -0.004241165 0.999989867 0.001505658 -1.234884262 0.005673937 -0.001481583 0.999982834 44.779037476
0.999974012 0.004761986 -0.005412879 0.848408937 -0.004752976 0.999987304 0.001676174 -1.249956131 0.005420792 -0.001650404 0.999983966 45.333267212
0.999974251 0.005269793 -0.004895891 0.853724241 -0.005263498 0.999985278 0.001297810 -1.259426832 0.004902658 -0.001272007 0.999987185 45.893386841
0.999975681 0.005267956 -0.004598355 0.855702221 -0.005264935 0.999985933 0.000668985 -1.272706270 0.004601815 -0.000644759 0.999989212 46.429450989
0.999968946 0.005955494 -0.005161221 0.869328916 -0.005953122 0.999982178 0.000474863 -1.287453294 0.005163956 -0.000444123 0.999986529 46.967750549
0.999972582 0.004953328 -0.005494108 0.879611552 -0.004948580 0.999987364 0.000877499 -1.301281214 0.005498386 -0.000850287 0.999984503 47.521080017
0.999969125 0.005553935 -0.005547376 0.885483027 -0.005552088 0.999984443 0.000348292 -1.314103603 0.005549225 -0.000317482 0.999984503 48.079658508
0.999967635 0.005900944 -0.005486500 0.892891288 -0.005899154 0.999982476 0.000342597 -1.327866435 0.005488426 -0.000310220 0.999984920 48.614913940
0.999968410 0.005853210 -0.005368764 0.893229008 -0.005853951 0.999982834 -0.000122309 -1.335628629 0.005367957 0.000153734 0.999985576 49.168556213
0.999967635 0.006295625 -0.004997112 0.896524489 -0.006295247 0.999980152 0.000091517 -1.351276278 0.004997589 -0.000060056 0.999987483 49.714992523
0.999965727 0.006529508 -0.005089910 0.899939299 -0.006529414 0.999978662 0.000034996 -1.366165638 0.005090030 -0.000001761 0.999987066 50.262447357
0.999966383 0.006599384 -0.004861647 0.904333413 -0.006599958 0.999978185 -0.000102014 -1.383219481 0.004860870 0.000134097 0.999988198 50.802722931
0.999967337 0.006332060 -0.005021545 0.915920913 -0.006330410 0.999979913 0.000344479 -1.402501941 0.005023627 -0.000312679 0.999987304 51.342784882
0.999963939 0.006984149 -0.004828320 0.915892720 -0.006982513 0.999975562 0.000355712 -1.413877010 0.004830687 -0.000321986 0.999988198 51.878898621
0.999964595 0.007035487 -0.004618900 0.920785785 -0.007034900 0.999975264 0.000143077 -1.430846810 0.004619792 -0.000110579 0.999989331 52.420707703
0.999963284 0.006942143 -0.005009610 0.932072759 -0.006941188 0.999975860 0.000208271 -1.444793582 0.005010934 -0.000173491 0.999987423 52.961791992
0.999963760 0.007002641 -0.004827805 0.935862601 -0.007002134 0.999975502 0.000122034 -1.461540937 0.004828539 -0.000088224 0.999988258 53.506656647
0.999961913 0.007478301 -0.004502425 0.939735174 -0.007479855 0.999972105 -0.000328381 -1.476249099 0.004499842 0.000362046 0.999989808 54.050956726
0.999961674 0.007679897 -0.004198501 0.940505862 -0.007681407 0.999970376 -0.000343272 -1.492658973 0.004195741 0.000375509 0.999991059 54.582901001
0.999961853 0.007666864 -0.004185518 0.947300434 -0.007668730 0.999970496 -0.000430007 -1.507786751 0.004182096 0.000462089 0.999991119 55.140914917
0.999961734 0.007722937 -0.004106157 0.953917921 -0.007725294 0.999970019 -0.000558331 -1.519845366 0.004101721 0.000590031 0.999991417 55.684604645
0.999962986 0.007412868 -0.004354334 0.959731340 -0.007413542 0.999972522 -0.000138860 -1.535947442 0.004353184 0.000171135 0.999990523 56.219493866
0.999962151 0.007606938 -0.004224655 0.968849242 -0.007608176 0.999971032 -0.000277413 -1.553852916 0.004222423 0.000309545 0.999991000 56.753173828
0.999960244 0.008074800 -0.003786083 0.968017101 -0.008077030 0.999967217 -0.000573909 -1.566667199 0.003781324 0.000604466 0.999992609 57.287010193
0.999962151 0.007859838 -0.003729655 0.977345943 -0.007862397 0.999968827 -0.000672312 -1.582643032 0.003724254 0.000701610 0.999992847 57.825115204
0.999961495 0.007969931 -0.003663246 0.983258724 -0.007972149 0.999968052 -0.000592190 -1.599118233 0.003658408 0.000621372 0.999993086 58.365245819
0.999959409 0.008138846 -0.003859083 0.991468191 -0.008140324 0.999966800 -0.000367350 -1.615502000 0.003855965 0.000398749 0.999992490 58.898433685
0.999960601 0.008051684 -0.003738550 0.999950469 -0.008054070 0.999967396 -0.000624075 -1.632731318 0.003733404 0.000654161 0.999992788 59.429847717
0.999959886 0.008006006 -0.003995449 1.007521749 -0.008008371 0.999967754 -0.000577178 -1.649822712 0.003990699 0.000609152 0.999991834 59.966167450
0.999959111 0.008098247 -0.004026387 1.012312770 -0.008101043 0.999966979 -0.000678271 -1.661139607 0.004020761 0.000710861 0.999991655 60.509674072
0.999957263 0.008463278 -0.003710702 1.019622564 -0.008466048 0.999963820 -0.000731797 -1.679726481 0.003704375 0.000763181 0.999992847 61.048755646
0.999959409 0.008265524 -0.003586009 1.027933121 -0.008267119 0.999965727 -0.000429428 -1.692695260 0.003582336 0.000459056 0.999993443 61.596397400
0.999959469 0.008366998 -0.003330561 1.031935573 -0.008368949 0.999964833 -0.000572426 -1.711627007 0.003325654 0.000600276 0.999994278 62.121543884
0.999958456 0.008644605 -0.002888869 1.039354086 -0.008646213 0.999962449 -0.000545558 -1.729813099 0.002884045 0.000570513 0.999995589 62.656593323
0.999954581 0.009085299 -0.002858150 1.047171116 -0.009087306 0.999958456 -0.000689612 -1.742707372 0.002851765 0.000715554 0.999995649 63.195209503
0.999955475 0.008956972 -0.002950046 1.055658102 -0.008959177 0.999959588 -0.000735517 -1.761096716 0.002943340 0.000761914 0.999995351 63.728862762
0.999955535 0.008998971 -0.002827994 1.063152790 -0.009001547 0.999959052 -0.000900045 -1.774078727 0.002819777 0.000925460 0.999995530 64.256706238
0.999956012 0.009008037 -0.002620765 1.068164825 -0.009010856 0.999958813 -0.001066506 -1.785291195 0.002611051 0.001090075 0.999996006 64.793106079
0.999956906 0.008896351 -0.002626090 1.079486847 -0.008898736 0.999959946 -0.000897948 -1.804181099 0.002617995 0.000921278 0.999996126 65.323348999
0.999957442 0.008888833 -0.002511229 1.087769747 -0.008890890 0.999960124 -0.000807867 -1.821002722 0.002503947 0.000830159 0.999996543 65.859268188
0.999956787 0.009045971 -0.002110832 1.088815093 -0.009049356 0.999957800 -0.001600360 -1.829026937 0.002096266 0.001619393 0.999996424 66.412361145
0.999956965 0.009060687 -0.001987741 1.099020362 -0.009063801 0.999957681 -0.001560984 -1.849358916 0.001973513 0.001578933 0.999996781 66.946029663
0.999956131 0.009085084 -0.002291134 1.110438108 -0.009089557 0.999956787 -0.001949568 -1.862288713 0.002273324 0.001970307 0.999995470 67.481971741
0.999958217 0.008854817 -0.002247007 1.118169308 -0.008858874 0.999959052 -0.001802417 -1.882925391 0.002230954 0.001822248 0.999995828 68.014236450
0.999957383 0.008962872 -0.002207133 1.121579647 -0.008967642 0.999957442 -0.002160532 -1.893885612 0.002187674 0.002180232 0.999995232 68.558303833
0.999954402 0.009299830 -0.002178322 1.127036572 -0.009303816 0.999954998 -0.001827421 -1.913273931 0.002161229 0.001847604 0.999995947 69.089096069
0.999953806 0.009344837 -0.002218380 1.140175581 -0.009350286 0.999953270 -0.002459044 -1.928991079 0.002195298 0.002479674 0.999994516 69.625068665
0.999953210 0.009417245 -0.002210392 1.151973963 -0.009422169 0.999953151 -0.002228807 -1.946720839 0.002189299 0.002249529 0.999994993 70.159416199
0.999959230 0.008745979 -0.002235474 1.163880706 -0.008750846 0.999959290 -0.002176928 -1.965402484 0.002216344 0.002196401 0.999995112 70.712478638
0.999957979 0.008874636 -0.002288130 1.172714233 -0.008880401 0.999957383 -0.002521401 -1.978820443 0.002265656 0.002541615 0.999994159 71.230056763
0.999956667 0.009066887 -0.002106745 1.181834459 -0.009071659 0.999956250 -0.002267971 -1.996660709 0.002086090 0.002286984 0.999995232 71.756294250
0.999955535 0.009218563 -0.001976168 1.187003732 -0.009223804 0.999953926 -0.002658698 -2.011501312 0.001951567 0.002676807 0.999994516 72.299148560
0.999956131 0.009090029 -0.002255467 1.199307680 -0.009095618 0.999955535 -0.002480180 -2.028654099 0.002232820 0.002500586 0.999994397 72.835876465
0.999954581 0.009279151 -0.002172273 1.204758167 -0.009284074 0.999954343 -0.002266020 -2.046017408 0.002151147 0.002286084 0.999995053 73.372200012
0.999956667 0.009108705 -0.001889782 1.216109753 -0.009112927 0.999955893 -0.002238442 -2.065559626 0.001869310 0.002255567 0.999995649 73.900070190
0.999952137 0.009630217 -0.001734855 1.225838423 -0.009633945 0.999951303 -0.002152335 -2.079155445 0.001714043 0.002168945 0.999996126 74.441238403
0.999951363 0.009713091 -0.001710603 1.231007457 -0.009717248 0.999949813 -0.002439359 -2.097033024 0.001686823 0.002455863 0.999995589 74.975601196
0.999951482 0.009711889 -0.001652675 1.242286921 -0.009716341 0.999949157 -0.002707327 -2.112477303 0.001626297 0.002723253 0.999994993 75.510993958
0.999944746 0.010421309 -0.001361364 1.244919062 -0.010425314 0.999941170 -0.002970046 -2.125576735 0.001330334 0.002984075 0.999994636 76.053367615
0.999947488 0.010129377 -0.001525011 1.260385275 -0.010133793 0.999944389 -0.002916600 -2.143511295 0.001495383 0.002931901 0.999994576 76.597030640
0.999949038 0.010011866 -0.001400267 1.267323613 -0.010015909 0.999945581 -0.002908600 -2.160511255 0.001371070 0.002922476 0.999994814 77.129241943
0.999941230 0.010753588 -0.001347926 1.269616842 -0.010757247 0.999938369 -0.002738006 -2.177679062 0.001318399 0.002752345 0.999995351 77.667098999
0.999942601 0.010629230 -0.001288412 1.281466365 -0.010632915 0.999939263 -0.002888451 -2.197033644 0.001257632 0.002901985 0.999994993 78.192558289
0.999941111 0.010804764 -0.001041597 1.288477063 -0.010807899 0.999936938 -0.003052207 -2.211593151 0.001008553 0.003063285 0.999994814 78.735382080
0.999944270 0.010498106 -0.001106524 1.299749613 -0.010500929 0.999941528 -0.002576732 -2.231522322 0.001079408 0.002588208 0.999996006 79.268684387
0.999937594 0.011154940 -0.000606486 1.309875250 -0.011156665 0.999933481 -0.002918440 -2.246823311 0.000573890 0.002925024 0.999995470 79.800964355
0.999943256 0.010650389 -0.000191106 1.323805213 -0.010650920 0.999938607 -0.003040871 -2.259068251 0.000158707 0.003042734 0.999995351 80.344314575
0.999942422 0.010637507 0.001508053 1.329843998 -0.010632380 0.999937713 -0.003370313 -2.275773764 -0.001543812 0.003354084 0.999993205 80.873352051
0.999943316 0.010344347 0.002518188 1.344160676 -0.010335077 0.999939859 -0.003667704 -2.288359404 -0.002555976 0.003641470 0.999990106 81.407264709
0.999942780 0.010047483 0.003697826 1.353210688 -0.010033969 0.999942958 -0.003655039 -2.305274487 -0.003734339 0.003617726 0.999986470 81.941734314
0.999918640 0.010606139 0.007088060 1.372197986 -0.010580223 0.999937236 -0.003683836 -2.321384907 -0.007126686 0.003608543 0.999968112 82.476356506
0.999887645 0.010291396 0.010897232 1.388834953 -0.010255956 0.999941945 -0.003303028 -2.337131023 -0.010930592 0.003190895 0.999935150 83.005416870
0.999858439 0.009741326 0.013719753 1.413988352 -0.009691279 0.999946177 -0.003709395 -2.352366686 -0.013755150 0.003575908 0.999898970 83.538818359
0.999803126 0.009302130 0.017525122 1.440427184 -0.009241747 0.999951065 -0.003523227 -2.373191357 -0.017557038 0.003360568 0.999840200 84.080474854
0.999687374 0.009655113 0.023060435 1.471971989 -0.009572936 0.999947369 -0.003671297 -2.389192581 -0.023094669 0.003449394 0.999727249 84.614463806
0.999524534 0.009838492 0.029217871 1.499670744 -0.009719151 0.999943852 -0.004223711 -2.400584221 -0.029257786 0.003937730 0.999564171 85.156982422
0.999320626 0.010031353 0.035461225 1.528234124 -0.009892477 0.999942720 -0.004089538 -2.420797586 -0.035500214 0.003735960 0.999362707 85.686187744
0.998999357 0.009973489 0.043598324 1.566679955 -0.009802067 0.999943376 -0.004143914 -2.441555738 -0.043637183 0.003712412 0.999040663 86.229911804
0.998639524 0.009255544 0.051316515 1.618356228 -0.009017030 0.999947369 -0.004877452 -2.448301554 -0.051358961 0.004408094 0.998670518 86.785446167
0.998242259 0.009391045 0.058516368 1.663050175 -0.009118534 0.999946296 -0.004922265 -2.464355946 -0.058559444 0.004380028 0.998274326 87.325538635
0.997662544 0.009374506 0.067686252 1.716000557 -0.009059874 0.999946713 -0.004953870 -2.483746290 -0.067729086 0.004329061 0.997694314 87.853210449
0.996930659 0.008904744 0.077781297 1.781970978 -0.008542941 0.999951065 -0.004983056 -2.500445127 -0.077821866 0.004303280 0.996958017 88.408866882
0.996198475 0.009119817 0.086633541 1.842792511 -0.008696063 0.999948263 -0.005267486 -2.513059139 -0.086677097 0.004494091 0.996226430 88.979530334
0.995564103 0.008253591 0.093724146 1.913948059 -0.007741813 0.999953032 -0.005822795 -2.532479048 -0.093767814 0.005071370 0.995581090 89.509361267
0.994582713 0.007838174 0.103652306 1.989845753 -0.007270754 0.999956429 -0.005850961 -2.552795410 -0.103693664 0.005065634 0.994596362 90.054992676
0.993461907 0.007820332 0.113896832 2.075867653 -0.007167172 0.999955416 -0.006143051 -2.566419125 -0.113939814 0.005286569 0.993473589 90.598503113
0.992369413 0.006644255 0.123121001 2.160428047 -0.005952360 0.999964297 -0.005986624 -2.594836473 -0.123156376 0.005208082 0.992373586 91.116004944
0.990890026 0.007081758 0.134486690 2.256106377 -0.006342331 0.999962330 -0.005925773 -2.612793922 -0.134523556 0.005018831 0.990897596 91.654655457
0.989061832 0.007117203 0.147329673 2.359539032 -0.006282466 0.999961495 -0.006130339 -2.634404421 -0.147367612 0.005137691 0.989068389 92.203102112
0.987525463 0.006507796 0.157324791 2.469656944 -0.005614685 0.999965549 -0.006120631 -2.651507139 -0.157359183 0.005160950 0.987527907 92.748107910
0.985628307 0.006799049 0.168791533 2.581432343 -0.005834127 0.999963701 -0.006211942 -2.669644594 -0.168827638 0.005137913 0.985632181 93.331924438
0.983369887 0.006468066 0.181499615 2.704366684 -0.005446749 0.999966383 -0.006124976 -2.693465233 -0.181533158 0.005034533 0.983371913 93.865829468
0.981040597 0.005930466 0.193711683 2.836526871 -0.004829806 0.999969423 -0.006153726 -2.713529110 -0.193742275 0.005101466 0.981039226 94.398292542
0.978987932 0.005134280 0.203853488 2.966075897 -0.003887648 0.999971211 -0.006515328 -2.728185654 -0.203881040 0.005585917 0.978979826 94.937210083
0.976034820 0.005904167 0.217534155 3.106996536 -0.004631303 0.999969065 -0.006360708 -2.750231266 -0.217564940 0.005200806 0.976032078 95.477363586
0.973075092 0.004673955 0.230441049 3.254308701 -0.003240103 0.999972939 -0.006600236 -2.765210152 -0.230465665 0.005675873 0.973063886 96.022567749
0.970191240 0.004892648 0.242290959 3.396242142 -0.003348419 0.999971449 -0.006784820 -2.777030945 -0.242317230 0.005771281 0.970179856 96.575569153
0.967686534 0.003924245 0.252125442 3.584901810 -0.002392505 0.999976754 -0.006381580 -2.816667557 -0.252144605 0.005572157 0.967673540 97.063896179
0.964094758 0.004152056 0.265525967 3.749786377 -0.002662734 0.999978662 -0.005968676 -2.839199305 -0.265545130 0.005047344 0.964085221 97.581474304
0.960503399 0.003967420 0.278240144 3.920877457 -0.002256824 0.999976575 -0.006467936 -2.855914593 -0.278259277 0.005584535 0.960489810 98.106246948
0.957191944 0.002485828 0.289443225 4.121232986 -0.000751759 0.999981046 -0.006102073 -2.878191471 -0.289452910 0.005623264 0.957175732 98.687644958
0.952830136 0.002840528 0.303490669 4.310573578 -0.001025832 0.999980569 -0.006138671 -2.894842625 -0.303502202 0.005537780 0.952814639 99.214736938
0.948321521 0.002278739 0.317302912 4.515205383 -0.000399967 0.999981999 -0.005986081 -2.917377949 -0.317310810 0.005549818 0.948305309 99.727455139
0.944404900 0.001852433 0.328779697 4.719038010 0.000212181 0.999980509 -0.006243641 -2.933846474 -0.328784853 0.005966285 0.944386065 100.240112305
0.939911366 0.001164542 0.341416597 4.945198059 0.000951913 0.999981344 -0.006031438 -2.957719326 -0.341417193 0.005994017 0.939892709 100.815032959
0.934515119 0.001249125 0.355921328 5.159263611 0.000859473 0.999983013 -0.005766143 -2.975640535 -0.355922431 0.005694453 0.934498072 101.321563721
0.929653347 0.000709924 0.368434966 5.389562607 0.001639633 0.999980211 -0.006064027 -3.002191544 -0.368432045 0.006241541 0.929633737 101.873756409
0.925241709 -0.000217182 0.379378080 5.625129700 0.002654430 0.999979079 -0.005901269 -3.019429207 -0.379368812 0.006467133 0.925222874 102.377586365
0.918986738 -0.000396899 0.394288242 5.869716644 0.003118416 0.999975562 -0.006261645 -3.041474819 -0.394276172 0.006983924 0.918965459 102.908363342
0.913319349 -0.001377826 0.407241553 6.125473022 0.004296657 0.999971211 -0.006252884 -3.063906193 -0.407221228 0.007460659 0.913299024 103.414878845
0.908497512 -0.002332747 0.417883605 6.372783661 0.005346411 0.999967456 -0.006041229 -3.083595991 -0.417855918 0.007722619 0.908480406 103.894195557
0.902558982 -0.001843685 0.430562347 6.653152466 0.005116148 0.999966145 -0.006442743 -3.100501060 -0.430535853 0.008017777 0.902537823 104.454544067
0.895658195 -0.001057958 0.444741875 6.919223785 0.004404344 0.999969184 -0.006491094 -3.109505892 -0.444721311 0.007772598 0.895635188 104.945251465
0.889748693 -0.002265154 0.456444919 7.208797455 0.005711039 0.999964595 -0.006170109 -3.144478798 -0.456414878 0.008096622 0.889730215 105.481109619
0.884086967 -0.003135000 0.467311800 7.487106323 0.006545422 0.999962509 -0.005674671 -3.163129568 -0.467276424 0.008075656 0.884074330 105.951103210
0.876432061 -0.003144716 0.481515139 7.788700104 0.006838673 0.999959111 -0.005916833 -3.189490318 -0.481476814 0.008478628 0.876417816 106.482192993
