1.000000000 0.000000000 0.000000000 0.000000000 0.000000000 1.000000000 0.000000000 0.000000000 0.000000000 0.000000000 1.000000000 0.000000000
1.000000000 -0.000142092 0.000010796 -0.001120955 0.000142093 1.000000000 -0.000088338 0.001522265 -0.000010784 0.000088340 1.000000000 0.002499562
1.000000000 -0.000085979 0.000012657 -0.000661678 0.000085979 1.000000000 -0.000040433 0.000658217 -0.000012654 0.000040434 1.000000000 0.000107882
0.999999940 0.000214531 0.000141395 -0.000325738 -0.000214515 1.000000000 -0.000113635 0.002822812 -0.000141419 0.000113605 1.000000000 -0.004434140
1.000000000 0.000059959 0.000052005 0.000891070 -0.000059960 1.000000000 0.000022391 0.000774687 -0.000052004 -0.000022394 1.000000000 -0.003366767
1.000000000 0.000012684 0.000012794 0.000824057 -0.000012684 1.000000000 0.000003395 0.002148863 -0.000012794 -0.000003396 1.000000000 -0.001293122
1.000000000 -0.000070668 0.000064363 -0.000267292 0.000070674 1.000000000 -0.000102221 0.000747313 -0.000064356 0.000102226 1.000000000 -0.003961037
1.000000000 0.000096302 0.000021561 0.000054150 -0.000096303 1.000000000 0.000048675 0.001109112 -0.000021556 -0.000048677 1.000000000 -0.001405216
0.999999940 0.000077796 0.000265854 -0.010857370 -0.000077782 1.000000000 -0.000050414 0.002956183 -0.000265858 0.000050394 0.999999940 -0.002963863
1.000000000 -0.000003248 0.000060628 -0.000162707 0.000003249 1.000000000 -0.000018727 0.000286413 -0.000060628 0.000018727 1.000000000 -0.006301416
1.000000000 -0.000015720 0.000068858 -0.000413859 0.000015724 1.000000000 -0.000064533 0.001177653 -0.000068857 0.000064534 1.000000000 -0.005402142
1.000000000 0.000011822 0.000006769 0.000248162 -0.000011822 1.000000000 0.000034181 0.000488183 -0.000006768 -0.000034182 1.000000000 -0.009066341
1.000000000 0.000057207 0.000151702 -0.005328671 -0.000057203 1.000000000 -0.000025078 0.000988774 -0.000151704 0.000025070 1.000000000 -0.000903802
1.000000000 -0.000182793 0.000072169 -0.001047096 0.000182797 1.000000000 -0.000056302 -0.000281062 -0.000072159 0.000056315 1.000000000 -0.002204147
1.000000000 0.000003309 0.000009843 0.000523037 -0.000003309 1.000000000 0.000018483 0.000480885 -0.000009843 -0.000018483 1.000000000 -0.005383469
1.000000000 -0.000056615 -0.000019829 0.000430257 0.000056615 1.000000000 0.000043762 0.000791362 0.000019826 -0.000043763 1.000000000 -0.004551459
1.000000000 -0.000190166 -0.000018274 -0.002045024 0.000190165 1.000000000 -0.000043605 0.000475946 0.000018282 0.000043602 1.000000000 -0.003803638
1.000000000 -0.000042174 0.000094640 -0.002771353 0.000042179 1.000000000 -0.000052328 0.001061191 -0.000094637 0.000052332 1.000000000 -0.002733861
1.000000000 0.000079754 0.000014244 -0.000350296 -0.000079755 1.000000000 0.000055371 0.001062880 -0.000014240 -0.000055372 1.000000000 -0.005867091
1.000000000 -0.000147753 -0.000057552 -0.000612505 0.000147751 1.000000000 -0.000035081 0.000395428 0.000057557 0.000035072 1.000000000 -0.004042237
1.000000000 -0.000137627 0.000042847 -0.001437019 0.000137629 1.000000000 -0.000039620 0.000654110 -0.000042841 0.000039626 1.000000000 -0.005473320
1.000000000 -0.000063180 0.000066650 -0.000878733 0.000063176 1.000000000 0.000053505 -0.000743092 -0.000066654 -0.000053501 1.000000000 -0.001614934
1.000000000 -0.000003736 0.000146305 -0.004625889 0.000003747 1.000000000 -0.000075086 0.002668927 -0.000146305 0.000075086 1.000000000 0.002447296
1.000000000 -0.000226590 -0.000079946 0.000580387 0.000226583 1.000000000 -0.000087482 0.000558039 0.000079966 0.000087464 1.000000000 0.001048679
1.000000000 -0.000117030 -0.000011472 0.000632107 0.000117030 1.000000000 -0.000035341 0.001690821 0.000011476 0.000035340 1.000000000 -0.003926416
1.000000000 0.000033110 0.000028328 0.000863348 -0.000033111 1.000000000 0.000030346 0.001405266 -0.000028327 -0.000030347 1.000000000 -0.008863106
1.000000000 -0.000104843 0.000044316 -0.002450687 0.000104843 1.000000000 -0.000017403 0.003001197 -0.000044314 0.000017407 1.000000000 -0.000561628
1.000000000 -0.000007397 0.000051639 -0.000907759 0.000007399 1.000000000 -0.000023283 0.000351992 -0.000051639 0.000023284 1.000000000 -0.005966922
1.000000000 0.000082167 0.000106135 -0.003842198 -0.000082172 1.000000000 0.000046580 0.002208486 -0.000106131 -0.000046589 1.000000000 0.000685201
1.000000000 -0.000130491 0.000039590 -0.004614623 0.000130492 1.000000000 -0.000024982 0.004877739 -0.000039587 0.000024988 1.000000000 0.001989064
1.000000000 -0.000206647 -0.000033861 -0.001363133 0.000206646 1.000000000 -0.000035129 0.000596312 0.000033868 0.000035122 1.000000000 -0.000393157
1.000000000 -0.000041878 0.000059410 -0.002921577 0.000041876 1.000000000 0.000036282 0.000329948 -0.000059411 -0.000036279 1.000000000 -0.001741045
0.999999940 -0.000340548 -0.000094722 -0.002194865 0.000340554 0.999999940 0.000055895 0.001151373 0.000094703 -0.000055927 1.000000000 0.000101913
1.000000000 -0.000190868 -0.000053661 -0.001145259 0.000190878 0.999999940 0.000186185 -0.000576871 0.000053626 -0.000186195 1.000000000 -0.002924045
1.000000000 -0.000042632 0.000041383 -0.002750918 0.000042632 1.000000000 -0.000003289 0.002203488 -0.000041383 0.000003291 1.000000000 -0.000335667
0.999999940 -0.000251632 0.000003513 -0.002172185 0.000251631 0.999999940 0.000047636 0.001236688 -0.000003525 -0.000047635 1.000000000 0.001935678
1.000000000 -0.000014098 0.000134698 -0.006666428 0.000014107 1.000000000 -0.000073157 0.004869440 -0.000134697 0.000073159 1.000000000 0.002789402
0.999999940 -0.000313620 -0.000052520 -0.001778052 0.000313619 0.999999940 -0.000011520 0.001589802 0.000052524 0.000011503 1.000000000 -0.001115761
1.000000000 -0.000071103 0.000121972 -0.005322638 0.000071109 1.000000000 -0.000043797 0.002467392 -0.000121969 0.000043806 1.000000000 0.001345000
1.000000000 -0.000128158 -0.000019165 -0.000493030 0.000128160 1.000000000 0.000085496 0.000551837 0.000019154 -0.000085499 1.000000000 -0.005624891
1.000000000 -0.000169965 0.000090793 -0.004215889 0.000169969 1.000000000 -0.000038418 0.001525247 -0.000090786 0.000038433 1.000000000 0.006186893
1.000000000 -0.000069676 0.000014278 0.004123397 0.000069683 0.999999821 -0.000548925 -0.005230219 -0.000014239 0.000548926 0.999999821 0.045850202
1.000000000 -0.000171648 -0.000015299 0.002132935 0.000171628 0.999999166 -0.001285577 -0.002157797 0.000015520 0.001285575 0.999999166 0.144786969
1.000000000 -0.000170488 -0.000075278 0.008513308 0.000170379 0.999998927 -0.001449705 -0.010752769 0.000075525 0.001449692 0.999998927 0.260401726
1.000000000 -0.000141220 -0.000038090 0.007047128 0.000141170 0.999999166 -0.001305207 -0.014898471 0.000038274 0.001305202 0.999999166 0.391128659
1.000000000 -0.000050465 -0.000131843 0.009102600 0.000050323 0.999999404 -0.001075998 -0.020622890 0.000131898 0.001075992 0.999999404 0.538369060
1.000000000 0.000104685 0.000086665 0.013555082 -0.000104587 0.999999344 -0.001136203 -0.026890006 -0.000086784 0.001136194 0.999999344 0.696453512
1.000000000 -0.000090748 0.000035204 0.016203295 0.000090769 0.999999821 -0.000608863 -0.034744348 -0.000035148 0.000608867 0.999999821 0.851987064
0.999999940 -0.000178827 -0.000216198 0.023144115 0.000178703 0.999999821 -0.000573449 -0.038122389 0.000216300 0.000573411 0.999999821 1.031280518
1.000000000 -0.000224355 -0.000051162 0.019032056 0.000224322 0.999999762 -0.000640237 -0.044245526 0.000051306 0.000640225 0.999999821 1.214623809
0.999999881 -0.000489126 -0.000233508 0.030879971 0.000489052 0.999999821 -0.000317416 -0.047240648 0.000233663 0.000317302 0.999999940 1.408236027
0.999999523 -0.000693415 -0.000728870 0.048809379 0.000693255 0.999999762 -0.000219458 -0.060767099 0.000729022 0.000218953 0.999999702 1.597717047
0.999999881 -0.000419696 -0.000199504 0.046793576 0.000419635 0.999999881 -0.000303157 -0.058775395 0.000199631 0.000303073 0.999999940 1.813930750
1.000000000 -0.000001494 0.000075492 0.054407749 0.000001509 1.000000000 -0.000191205 -0.057101995 -0.000075492 0.000191205 1.000000000 1.960479617
0.999996126 0.000709631 0.002682899 -0.010324123 -0.000711550 0.999999464 0.000714521 -0.093659386 -0.002682390 -0.000716428 0.999996126 2.075621128
0.999996483 0.000643861 0.002549391 -0.005379939 -0.000646602 0.999999225 0.001074297 -0.099458449 -0.002548697 -0.001075942 0.999996185 2.295970917
0.999996245 0.000289437 0.002733494 -0.008214055 -0.000292786 0.999999225 0.001224641 -0.115638562 -0.002733137 -0.001225437 0.999995530 2.511404753
0.999995828 0.000594243 0.002854819 -0.007828342 -0.000597731 0.999999166 0.001221202 -0.124868073 -0.002854091 -0.001222903 0.999995232 2.726644993
0.999996006 0.000302191 0.002819611 0.004679003 -0.000305965 0.999999106 0.001338157 -0.129624531 -0.002819204 -0.001339014 0.999995172 2.970769644
0.999995232 0.000615809 0.003036133 -0.000488177 -0.000619466 0.999999046 0.001203574 -0.131313786 -0.003035390 -0.001205449 0.999994695 3.220798731
0.999997199 0.000195395 0.002336009 0.013438092 -0.000198641 0.999998987 0.001389209 -0.150196820 -0.002335735 -0.001389669 0.999996305 3.476306677
0.999996543 0.000925132 0.002499932 0.021733489 -0.000928893 0.999998450 0.001503754 -0.153441384 -0.002498538 -0.001506071 0.999995768 3.726640224
0.999996901 -0.000013530 0.002500379 0.023126930 0.000009024 0.999998331 0.001802125 -0.170687705 -0.002500399 -0.001802097 0.999995232 3.986876249
0.999996245 0.000502130 0.002701548 0.022628341 -0.000507052 0.999998212 0.001821398 -0.173869208 -0.002700628 -0.001822761 0.999994755 4.250161171
0.999998391 -0.000436239 0.001702736 0.036434632 0.000431606 0.999996185 0.002720234 -0.192382216 -0.001703916 -0.002719495 0.999994874 4.519000530
0.999998152 -0.000038054 0.001920258 0.043351680 0.000032898 0.999996424 0.002685145 -0.198947892 -0.001920353 -0.002685077 0.999994576 4.778384209
0.999998093 -0.000124779 0.001929939 0.058877844 0.000119610 0.999996364 0.002678376 -0.201247156 -0.001930266 -0.002678140 0.999994516 5.047560692
0.999998212 -0.000119844 0.001891165 0.050682530 0.000114361 0.999995768 0.002899388 -0.212932408 -0.001891504 -0.002899166 0.999994040 5.315247536
0.999995589 0.000313873 0.002944472 0.028210297 -0.000322161 0.999996006 0.002814580 -0.238559097 -0.002943577 -0.002815516 0.999991715 5.517970562
0.999994755 0.000530924 0.003180986 0.027240930 -0.000539351 0.999996364 0.002648858 -0.247890756 -0.003179568 -0.002650559 0.999991477 5.788908482
0.999995470 0.000491059 0.002959868 0.043102290 -0.000498613 0.999996603 0.002551729 -0.253945351 -0.002958605 -0.002553193 0.999992430 6.067574501
0.999993622 0.000971452 0.003453595 0.044535391 -0.000981610 0.999995232 0.002940808 -0.263200849 -0.003450722 -0.002944180 0.999989748 6.345240116
0.999995232 0.000451446 0.003046594 0.053194221 -0.000461009 0.999994993 0.003138996 -0.286144167 -0.003045161 -0.003140386 0.999990404 6.643970490
0.999995112 0.000835616 0.003007009 0.065783776 -0.000844446 0.999995351 0.002936469 -0.294331521 -0.003004541 -0.002938994 0.999991119 6.933785915
0.999996006 0.000086576 0.002805165 0.079343997 -0.000096584 0.999993622 0.003567841 -0.306010634 -0.002804839 -0.003568098 0.999989688 7.233675957
0.999996066 0.000098725 0.002800275 0.081891969 -0.000108148 0.999994397 0.003365125 -0.322440475 -0.002799927 -0.003365415 0.999990404 7.518415928
0.999995589 0.000318170 0.002934683 0.098835930 -0.000328825 0.999993384 0.003630965 -0.333351552 -0.002933508 -0.003631915 0.999989152 7.842748642
0.999996364 0.000011067 0.002704054 0.093238801 -0.000020687 0.999993622 0.003557654 -0.340684891 -0.002703998 -0.003557697 0.999989927 8.170299530
0.999996364 -0.000398773 0.002687443 0.104684815 0.000388981 0.999993324 0.003642979 -0.349114597 -0.002688877 -0.003641920 0.999989748 8.497052193
0.999996305 -0.000218847 0.002736192 0.108429745 0.000208948 0.999993384 0.003617510 -0.356488943 -0.002736965 -0.003616924 0.999989688 8.840690613
0.999995589 -0.000067152 0.002988107 0.120394856 0.000056353 0.999993503 0.003614144 -0.371022999 -0.002988330 -0.003613959 0.999988973 9.177527428
0.999996245 -0.000087025 0.002757041 0.131408900 0.000077330 0.999993801 0.003516095 -0.378006965 -0.002757330 -0.003515868 0.999989986 9.508343697
0.999996006 -0.000258469 0.002829196 0.139737412 0.000248235 0.999993384 0.003617111 -0.380441070 -0.002830112 -0.003616394 0.999989450 9.872799873
0.999996305 -0.000857507 0.002569688 0.126163855 0.000847532 0.999992132 0.003880613 -0.420239121 -0.002572995 -0.003878422 0.999989152 10.199464798
0.999996364 -0.000771606 0.002569722 0.135385498 0.000761361 0.999991775 0.003985365 -0.428970605 -0.002572776 -0.003983395 0.999988735 10.560126305
0.999996006 -0.000600053 0.002769374 0.135822639 0.000588856 0.999991655 0.004042369 -0.436186790 -0.002771776 -0.004040723 0.999988019 10.935645103
0.999996305 -0.000942157 0.002591206 0.144911781 0.000930384 0.999989271 0.004540903 -0.450943530 -0.002595457 -0.004538474 0.999986351 11.313222885
0.999996364 -0.000846595 0.002547915 0.158301160 0.000835084 0.999989510 0.004515630 -0.465496242 -0.002551711 -0.004513486 0.999986589 11.646908760
0.999995589 -0.000796315 0.002859883 0.163700297 0.000783681 0.999989986 0.004416062 -0.466113240 -0.002863371 -0.004413801 0.999986172 12.061145782
0.999994576 -0.000177226 0.003298808 0.172756687 0.000161201 0.999988198 0.004857357 -0.487882197 -0.003299630 -0.004856799 0.999982774 12.429547310
0.999995053 -0.001832763 0.002526974 0.169550702 0.001819150 0.999983847 0.005379111 -0.521667004 -0.002536792 -0.005374487 0.999982357 12.800333977
0.999994636 -0.002067647 0.002512779 0.182324499 0.002054434 0.999984145 0.005249314 -0.536338687 -0.002523593 -0.005244123 0.999983072 13.183139801
0.999995172 -0.001638136 0.002647469 0.200998947 0.001624247 0.999985039 0.005239833 -0.535487056 -0.002656012 -0.005235508 0.999982774 13.615205765
0.999994338 -0.001499002 0.003006124 0.199387774 0.001482409 0.999983728 0.005514132 -0.554995656 -0.003014341 -0.005509644 0.999980330 14.016900063
0.999992549 -0.002804808 0.002654209 0.201372534 0.002788705 0.999977827 0.006051497 -0.594396472 -0.002671123 -0.006044050 0.999978185 14.408905983
0.999992967 -0.002502126 0.002819021 0.214616016 0.002484388 0.999977291 0.006278161 -0.604469597 -0.002834665 -0.006271113 0.999976337 14.831763268
0.999991298 -0.002952383 0.002933869 0.227898419 0.002932698 0.999973297 0.006691474 -0.617192864 -0.002953546 -0.006682811 0.999973297 15.241918564
0.999991834 -0.001716216 0.003661044 0.240222767 0.001691985 0.999976695 0.006611692 -0.632678747 -0.003672306 -0.006605443 0.999971390 15.700584412
0.999990523 -0.002181325 0.003784365 0.242033750 0.002156199 0.999975681 0.006631086 -0.637468576 -0.003798737 -0.006622862 0.999970913 16.163131714
0.999989629 -0.001975735 0.004099383 0.242980257 0.001946828 0.999973297 0.007043538 -0.671372414 -0.004113190 -0.007035484 0.999966800 16.543840408
0.999987185 -0.002190752 0.004560339 0.254542649 0.002158301 0.999972403 0.007108747 -0.684033811 -0.004575787 -0.007098814 0.999964356 17.011117935
0.999987125 -0.001513213 0.004844638 0.266233236 0.001477339 0.999971569 0.007400014 -0.693295479 -0.004855698 -0.007392761 0.999960899 17.473342896
0.999985218 -0.002032008 0.005048450 0.276656151 0.001993120 0.999968410 0.007696143 -0.709169209 -0.005063930 -0.007685966 0.999957681 17.928359985
0.999984145 -0.002452813 0.005091288 0.284591407 0.002415659 0.999970496 0.007291033 -0.718941271 -0.005109023 -0.007278617 0.999960482 18.359886169
0.999983370 -0.003489006 0.004585339 0.307690084 0.003455314 0.999967098 0.007335269 -0.729695618 -0.004610782 -0.007319304 0.999962568 18.835468292
0.999983907 -0.003313761 0.004620197 0.321352482 0.003280501 0.999968767 0.007187873 -0.737399340 -0.004643871 -0.007172599 0.999963582 19.306619644
0.999985039 -0.002400552 0.004918056 0.340347826 0.002363034 0.999968112 0.007620246 -0.760413289 -0.004936193 -0.007608510 0.999958932 19.796367645
0.999984443 -0.001452513 0.005398730 0.349400371 0.001411103 0.999969602 0.007666230 -0.778952420 -0.005409702 -0.007658493 0.999956071 20.270038605
0.999984920 -0.002697143 0.004765893 0.365734071 0.002658223 0.999963224 0.008153842 -0.797835290 -0.004787708 -0.008141050 0.999955416 20.657707214
0.999986768 -0.002879412 0.004265070 0.375257015 0.002846063 0.999965549 0.007804798 -0.795158684 -0.004287396 -0.007792557 0.999960482 21.172351837
0.999991953 -0.001431960 0.003743209 0.394385666 0.001405098 0.999973357 0.007168991 -0.795666158 -0.003753375 -0.007163673 0.999967396 21.685892105
0.999991715 -0.002072757 0.003498913 0.399008811 0.002044459 0.999965310 0.008071934 -0.813973784 -0.003515523 -0.008064713 0.999961376 22.200471878
0.999989092 -0.003636023 0.002905821 0.389693707 0.003611092 0.999957025 0.008539232 -0.840879858 -0.002936744 -0.008528646 0.999959290 22.621751785
0.999991298 -0.003692011 0.001947474 0.400187433 0.003674911 0.999955356 0.008712372 -0.854779959 -0.001979552 -0.008705138 0.999960124 23.155462265
0.999992132 -0.003434748 0.001958828 0.393516898 0.003418402 0.999959767 0.008288250 -0.868835032 -0.001987218 -0.008281489 0.999963701 23.702749252
0.999996364 -0.001361594 0.002324076 0.383558899 0.001340904 0.999959648 0.008881104 -0.886505961 -0.002336075 -0.008877954 0.999957800 24.231321335
0.999997437 -0.002062412 0.001066405 0.405732960 0.002053357 0.999962509 0.008424010 -0.898479283 -0.001083739 -0.008421798 0.999963939 24.611532211
0.999995589 -0.002995380 0.000018791 0.415242702 0.002995095 0.999956012 0.008887350 -0.915708363 -0.000045411 -0.008887253 0.999960482 25.137151718
0.999995351 -0.003047805 -0.000287236 0.423848271 0.003050261 0.999955058 0.008974859 -0.924581885 0.000259869 -0.008975691 0.999959648 25.695499420
0.999995410 -0.002956367 -0.000565702 0.434960812 0.002961544 0.999951601 0.009380307 -0.942015588 0.000537943 -0.009381940 0.999955833 26.207469940
0.999995112 -0.002947856 -0.001035500 0.444582313 0.002957469 0.999951303 0.009407819 -0.958813846 0.001007716 -0.009410836 0.999955177 26.755956650
0.999997377 -0.001930612 -0.001192495 0.465211987 0.001941259 0.999957681 0.008993126 -0.966398597 0.001175083 -0.008995416 0.999958873 27.333557129
0.999994695 -0.002617186 -0.001898977 0.461628616 0.002634822 0.999952853 0.009344705 -0.974129796 0.001874431 -0.009349660 0.999954522 27.852319717
0.999993503 -0.002769609 -0.002318249 0.467075765 0.002792423 0.999947071 0.009896114 -0.992110133 0.002290718 -0.009902521 0.999948323 28.277553558
0.999992132 -0.002658118 -0.002949153 0.481677473 0.002687719 0.999945521 0.010078989 -1.002200842 0.002922201 -0.010086834 0.999944866 28.838199615
0.999992371 -0.002069685 -0.003332463 0.491001904 0.002102493 0.999949098 0.009871604 -1.007763505 0.003311862 -0.009878534 0.999945760 29.376871109
0.999991477 -0.002458026 -0.003328923 0.533713579 0.002491684 0.999945402 0.010144694 -1.027286053 0.003303805 -0.010152902 0.999942958 29.905662537
0.999992490 -0.001986801 -0.003333901 0.498623788 0.002021879 0.999942303 0.010551686 -1.070486307 0.003312744 -0.010558348 0.999938786 30.368568420
0.999993026 -0.001746772 -0.003308653 0.507433295 0.001784206 0.999934077 0.011345185 -1.093136549 0.003288617 -0.011351010 0.999930203 30.910217285
0.999994516 -0.001581653 -0.002903052 0.500604749 0.001614125 0.999935746 0.011217494 -1.088816404 0.002885123 -0.011222119 0.999932826 31.412218094
0.999991477 -0.001697875 -0.003758170 0.536550224 0.001737829 0.999941766 0.010653863 -1.091535926 0.003739863 -0.010660303 0.999936163 31.962982178
0.999989390 -0.002284645 -0.003996566 0.516279697 0.002327344 0.999939919 0.010711927 -1.119882584 0.003971852 -0.010721116 0.999934614 32.439250946
0.999990463 -0.001804182 -0.003972573 0.525496125 0.001847562 0.999938428 0.010943474 -1.134086728 0.003952584 -0.010950712 0.999932170 33.007286072
0.999988198 -0.001427483 -0.004643616 0.564070642 0.001477753 0.999940157 0.010840261 -1.132537365 0.004627864 -0.010846998 0.999930441 33.582870483
0.999986172 -0.002534464 -0.004591226 0.541195452 0.002584996 0.999935806 0.011034084 -1.150477171 0.004562966 -0.011045801 0.999928534 34.040023804
0.999988079 -0.001905926 -0.004493873 0.539401889 0.001957872 0.999931037 0.011583525 -1.160698652 0.004471485 -0.011592185 0.999922812 34.605300903
0.999982178 -0.003333084 -0.004949498 0.542959571 0.003393637 0.999918878 0.012276640 -1.207839251 0.004908178 -0.012293220 0.999912322 35.046508789
0.999979734 -0.003341876 -0.005412845 0.552273035 0.003410089 0.999914169 0.012642113 -1.227513671 0.005370133 -0.012660314 0.999905407 35.609176636
0.999974132 -0.004230843 -0.005822302 0.571973860 0.004306347 0.999906063 0.013017127 -1.231374621 0.005766681 -0.013041864 0.999898314 36.118732452
0.999977648 -0.003489444 -0.005707290 0.565766752 0.003558411 0.999920249 0.012118921 -1.235440731 0.005664546 -0.012138959 0.999910295 36.708694458
0.999977469 -0.003198615 -0.005907265 0.584519565 0.003272670 0.999915659 0.012569458 -1.241800547 0.005866562 -0.012588507 0.999903560 37.257205963
0.999974787 -0.004202066 -0.005728287 0.570521355 0.004276780 0.999905109 0.013093716 -1.269930601 0.005672722 -0.013117883 0.999897838 37.608917236
0.999973834 -0.004339146 -0.005786751 0.582317948 0.004415140 0.999903321 0.013185016 -1.279350638 0.005728980 -0.013210219 0.999896288 38.176681519
0.999975085 -0.003890978 -0.005898302 0.572967052 0.003965090 0.999912739 0.012605788 -1.275452971 0.005848738 -0.012628861 0.999903142 38.689109802
0.999973536 -0.004134584 -0.005998328 0.596560359 0.004214771 0.999901116 0.013417533 -1.309450984 0.005942259 -0.013442458 0.999891996 39.236701965
0.999970019 -0.004297158 -0.006433213 0.624781251 0.004384201 0.999898195 0.013577946 -1.320667982 0.006374210 -0.013605745 0.999887109 39.810081482
0.999968708 -0.004149178 -0.006736439 0.637591660 0.004236920 0.999905646 0.013063379 -1.316558957 0.006681602 -0.013091513 0.999891937 40.345039368
0.999969065 -0.004628226 -0.006366972 0.612307370 0.004716310 0.999892354 0.013889710 -1.332281590 0.006302002 -0.013919310 0.999883235 40.879631042
0.999966562 -0.004634105 -0.006725134 0.641108036 0.004732215 0.999881506 0.014646759 -1.367248058 0.006656461 -0.014678096 0.999870062 41.222614288
0.999960959 -0.004793887 -0.007416128 0.657155752 0.004902028 0.999880910 0.014633021 -1.371114731 0.007345096 -0.014668806 0.999865353 41.787120819
0.999962926 -0.004322859 -0.007443612 0.666396856 0.004432295 0.999881387 0.014748798 -1.377826929 0.007378973 -0.014781244 0.999863505 42.316665649
0.999963462 -0.004561394 -0.007223845 0.671929061 0.004667074 0.999881327 0.014680585 -1.375396013 0.007156026 -0.014713763 0.999866128 42.840686798
0.999965250 -0.004526068 -0.006989483 0.666880846 0.004628388 0.999881327 0.014693101 -1.399537086 0.006922153 -0.014724944 0.999867618 43.274860382
0.999964833 -0.004645272 -0.006983693 0.679979324 0.004746853 0.999882102 0.014600046 -1.405415773 0.006915048 -0.014632682 0.999869049 43.829933167
0.999966741 -0.004810305 -0.006571743 0.680942953 0.004908526 0.999875307 0.015012646 -1.415437937 0.006498707 -0.015044407 0.999865711 44.357398987
0.999959052 -0.005449027 -0.007226031 0.697927475 0.005549873 0.999886453 0.014010128 -1.410867810 0.007148867 -0.014049659 0.999875724 44.901077271
0.999963403 -0.004238628 -0.007419795 0.724404335 0.004350989 0.999875128 0.015193442 -1.453932285 0.007354469 -0.015225169 0.999857068 45.328811646
0.999964833 -0.004360670 -0.007151608 0.720304847 0.004468112 0.999876380 0.015077051 -1.458638430 0.007084978 -0.015108478 0.999860764 45.861644745
0.999966323 -0.003846207 -0.007242842 0.728448570 0.003954516 0.999879777 0.014999431 -1.464372396 0.007184281 -0.015027571 0.999861240 46.424247742
0.999956727 -0.004771287 -0.007983464 0.746747732 0.004886410 0.999883473 0.014463303 -1.462273121 0.007913527 -0.014501688 0.999863505 46.973667145
0.999954045 -0.004996067 -0.008180204 0.759611189 0.005111615 0.999886632 0.014165892 -1.467814922 0.008108504 -0.014207057 0.999866128 47.556198120
0.999956429 -0.005154849 -0.007773486 0.761223614 0.005270047 0.999875486 0.014872395 -1.485332966 0.007695852 -0.014912714 0.999859154 47.882465363
0.999953270 -0.005065012 -0.008234203 0.771262050 0.005184867 0.999879956 0.014600179 -1.489020348 0.008159263 -0.014642191 0.999859452 48.422557831
0.999960065 -0.004564383 -0.007671873 0.758964419 0.004681141 0.999872506 0.015270653 -1.505702019 0.007601194 -0.015305960 0.999853909 48.975822449
0.999961376 -0.004407363 -0.007596672 0.770821691 0.004512298 0.999893844 0.013851974 -1.498434782 0.007534814 -0.013885720 0.999875188 49.515018463
0.999961019 -0.004304588 -0.007726582 0.773822188 0.004422633 0.999872684 0.015326273 -1.516277313 0.007659627 -0.015359844 0.999852717 49.944053650
0.999960721 -0.004195154 -0.007810546 0.782230854 0.004312962 0.999876261 0.015127970 -1.525240898 0.007746114 -0.015161061 0.999855101 50.488765717
0.999964774 -0.003705197 -0.007532137 0.784285665 0.003817460 0.999880970 0.014945067 -1.528807640 0.007475866 -0.014973293 0.999859989 51.028259277
0.999965131 -0.003658436 -0.007506287 0.806132555 0.003766724 0.999888241 0.014463288 -1.542476416 0.007452536 -0.014491059 0.999867201 51.533840179
0.999963760 -0.004155219 -0.007422123 0.784585118 0.004269291 0.999871969 0.015420025 -1.556906819 0.007357099 -0.015451155 0.999853551 51.976123810
0.999963462 -0.004160057 -0.007471051 0.793666601 0.004272144 0.999877632 0.015050037 -1.559032440 0.007407526 -0.015081404 0.999858856 52.529102325
0.999963105 -0.004029921 -0.007587623 0.794701934 0.004143598 0.999878466 0.015026170 -1.572224379 0.007526149 -0.015057054 0.999858320 53.080280304
0.999967158 -0.003592395 -0.007257807 0.815860987 0.003692521 0.999897599 0.013829847 -1.548309803 0.007207382 -0.013856193 0.999877989 53.617500305
0.999970198 -0.003009124 -0.007098352 0.803066313 0.003110506 0.999892771 0.014314905 -1.558153391 0.007054516 -0.014336560 0.999872327 54.102550507
0.999963462 -0.004262581 -0.007412883 0.804534554 0.004373013 0.999878764 0.014945327 -1.591716290 0.007348278 -0.014977197 0.999860823 54.501892090
0.999961674 -0.004260106 -0.007648569 0.816378653 0.004374640 0.999877632 0.015020779 -1.596390009 0.007583643 -0.015053664 0.999857903 55.048439026
0.999965131 -0.003896253 -0.007393556 0.814663172 0.004008967 0.999875069 0.015291827 -1.611298800 0.007333050 -0.015320932 0.999855757 55.606922150
0.999970138 -0.003475715 -0.006908343 0.821316719 0.003578007 0.999883354 0.014850156 -1.611068010 0.006855922 -0.014874429 0.999865890 56.187473297
0.999961495 -0.004545769 -0.007503785 0.838636398 0.004661645 0.999869049 0.015497791 -1.617527008 0.007432353 -0.015532173 0.999851704 56.504547119
0.999960423 -0.004560147 -0.007630523 0.847272336 0.004677416 0.999870181 0.015421836 -1.628404975 0.007559207 -0.015456919 0.999851942 57.050487518
0.999963880 -0.004276176 -0.007334688 0.861790776 0.004390456 0.999868155 0.015636155 -1.638895988 0.007266858 -0.015667796 0.999850869 57.602352142
0.999960721 -0.004508597 -0.007630639 0.852947950 0.004627828 0.999866307 0.015680458 -1.643065453 0.007558922 -0.015715158 0.999847949 58.042709351
0.999965966 -0.003989371 -0.007231207 0.856596231 0.004099371 0.999875188 0.015261313 -1.654443383 0.007169421 -0.015290437 0.999857366 58.589199066
0.999956667 -0.004600748 -0.008095583 0.925341845 0.004731131 0.999858260 0.016160730 -1.686540484 0.008020080 -0.016198331 0.999836624 59.076480865
0.999954700 -0.004990384 -0.008103748 0.928836346 0.005117853 0.999862373 0.015785836 -1.676028013 0.008023854 -0.015826600 0.999842525 59.632392883
0.999958456 -0.004889394 -0.007695927 0.902313173 0.005010691 0.999862254 0.015821634 -1.686070204 0.007617509 -0.015859541 0.999845147 60.041027069
0.999964952 -0.003878539 -0.007421006 0.904908419 0.003996223 0.999865413 0.015909690 -1.697574496 0.007358301 -0.015938791 0.999845862 60.548789978
0.999967039 -0.003864576 -0.007145710 0.906141400 0.003977382 0.999866664 0.015840344 -1.706482887 0.007083540 -0.015868247 0.999848962 61.097103119
0.999965727 -0.004115059 -0.007185150 0.889786482 0.004227845 0.999866903 0.015753258 -1.719907284 0.007119370 -0.015783094 0.999850094 61.653759003
0.999964356 -0.004037260 -0.007432533 0.899840593 0.004161890 0.999849677 0.016829688 -1.735901594 0.007363470 -0.016860019 0.999830663 62.061611176
0.999966502 -0.003660960 -0.007325497 0.910557270 0.003781638 0.999856234 0.016528241 -1.748749495 0.007263935 -0.016555388 0.999836445 62.588832855
0.999967933 -0.003886569 -0.007010775 0.910025239 0.004003685 0.999851465 0.016769208 -1.760753393 0.006944558 -0.016796738 0.999834776 63.130493164
0.999972045 -0.003371809 -0.006675811 0.916088223 0.003480464 0.999860585 0.016331771 -1.760154724 0.006619813 -0.016354550 0.999844313 63.669059753
0.999968648 -0.003640489 -0.007030568 0.924506843 0.003762418 0.999841392 0.017408017 -1.781919122 0.006966077 -0.017433925 0.999823749 64.047279358
0.999971390 -0.003047928 -0.006918150 0.923124671 0.003167941 0.999843419 0.017403474 -1.789027452 0.006864023 -0.017424893 0.999824643 64.608863831
0.999969840 -0.003620104 -0.006856835 0.909301877 0.003738590 0.999842465 0.017346635 -1.802605271 0.006792958 -0.017371746 0.999826014 65.154838562
0.999969840 -0.003439856 -0.006951923 0.928687811 0.003558127 0.999847889 0.017072450 -1.795026422 0.006892138 -0.017096674 0.999830067 65.683082581
0.999973357 -0.002974503 -0.006657224 0.905147076 0.003088734 0.999847054 0.017214946 -1.812526464 0.006605000 -0.017235052 0.999829590 66.221618652
0.999972641 -0.002993595 -0.006755202 0.936713696 0.003108601 0.999849260 0.017079039 -1.810072303 0.006703055 -0.017099569 0.999831319 66.534019470
0.999969959 -0.003293461 -0.007010382 0.953685522 0.003410488 0.999853849 0.016747441 -1.813496113 0.006954201 -0.016770843 0.999835134 67.085884094
0.999977112 -0.002351366 -0.006327632 0.946469903 0.002459438 0.999850273 0.017125940 -1.831928372 0.006286417 -0.017141113 0.999833286 67.637229919
0.999974787 -0.002373353 -0.006681065 0.952387333 0.002484855 0.999856889 0.016730757 -1.837858677 0.006640403 -0.016746936 0.999837637 68.169120789
0.999975801 -0.002468631 -0.006493000 0.964225650 0.002581303 0.999845266 0.017402137 -1.841907501 0.006449035 -0.017418478 0.999827504 68.477241516
0.999977529 -0.002062433 -0.006375222 0.968172908 0.002170519 0.999853253 0.016993934 -1.849011898 0.006339235 -0.017007390 0.999835253 69.031539917
0.999977708 -0.001863973 -0.006411003 0.976165652 0.001973236 0.999852180 0.017079040 -1.861279249 0.006378221 -0.017091313 0.999833584 69.579528809
0.999977171 -0.001979193 -0.006454407 0.974480867 0.002088897 0.999852717 0.017034506 -1.866050720 0.006419742 -0.017047601 0.999834061 70.129692078
0.999980330 -0.001503142 -0.006085530 0.975320220 0.001613547 0.999833465 0.018178212 -1.899912000 0.006057191 -0.018187676 0.999816179 70.491394043
0.999982297 -0.001517939 -0.005756922 0.981396794 0.001622744 0.999832273 0.018244341 -1.907738924 0.005728262 -0.018253360 0.999816954 71.046775818
0.999982417 -0.001274285 -0.005794622 1.003783464 0.001380555 0.999830306 0.018372623 -1.919111609 0.005770226 -0.018380301 0.999814391 71.589065552
0.999975979 -0.002274573 -0.006543730 1.014682293 0.002389789 0.999841332 0.017653396 -1.908365846 0.006502540 -0.017668610 0.999822736 71.968437195
0.999973297 -0.002565726 -0.006831153 1.036039352 0.002684152 0.999845326 0.017383814 -1.918463588 0.006785494 -0.017401688 0.999825537 72.496917725
0.999970734 -0.003344921 -0.006866652 1.060618997 0.003463201 0.999844551 0.017286288 -1.937453747 0.006807763 -0.017309565 0.999826968 73.075851440
0.999974489 -0.003118554 -0.006422234 1.051663995 0.003228436 0.999847353 0.017170822 -1.937150717 0.006367707 -0.017191116 0.999831915 73.610534668
0.999977827 -0.001851637 -0.006398770 1.057173252 0.001967389 0.999833703 0.018131040 -1.965994835 0.006364135 -0.018143227 0.999815106 74.062042236
0.999980867 -0.000372719 -0.006161391 1.099624276 0.000486651 0.999828756 0.018500149 -1.978311896 0.006153440 -0.018502794 0.999809861 74.376907349
0.999976933 -0.001103773 -0.006692493 1.114976168 0.001224982 0.999834836 0.018134158 -1.975177646 0.006671372 -0.018141940 0.999813139 74.921783447
0.999973118 -0.001541955 -0.007162489 1.134789824 0.001671194 0.999835253 0.018073117 -1.986722350 0.007133439 -0.018084597 0.999810994 75.484634399
0.999980628 -0.000749501 -0.006189085 1.112361193 0.000858962 0.999842942 0.017702319 -1.981555223 0.006174846 -0.017707290 0.999824166 75.983612061
0.999989331 -0.000891227 -0.004532328 1.112470150 0.000972549 0.999837995 0.017972389 -1.977107882 0.004515575 -0.017976608 0.999828160 76.435203552
0.999995470 -0.000727597 -0.002882924 1.113739967 0.000778033 0.999845982 0.017532399 -1.982593656 0.002869723 -0.017534565 0.999842107 76.991462708
0.999998391 -0.000090574 -0.001825163 1.131320238 0.000122645 0.999845445 0.017579392 -2.002628326 0.001823290 -0.017579589 0.999843776 77.562316895
0.999999583 -0.000437182 -0.000794084 1.128478765 0.000451374 0.999838531 0.017959939 -2.019342899 0.000786104 -0.017960291 0.999838352 78.152030945
0.999996483 0.000495922 0.002604714 1.090140939 -0.000544808 0.999823093 0.018801406 -2.037117958 -0.002594929 -0.018802758 0.999819875 78.513130188
0.999978304 0.001304545 0.006451511 1.107986212 -0.001430519 0.999807656 0.019560350 -2.041743755 -0.006424753 -0.019569155 0.999787867 79.053962708
0.999955475 0.000993846 0.009385787 1.122976065 -0.001174669 0.999813437 0.019279888 -2.041634798 -0.009364875 -0.019290050 0.999770105 79.575386047
0.999909580 0.001327293 0.013377706 1.148707509 -0.001579483 0.999820888 0.018858593 -2.039855003 -0.013350279 -0.018878017 0.999732673 80.099884033
0.999796510 0.002642605 0.019999085 1.170501351 -0.003024106 0.999813557 0.019069804 -2.049021721 -0.019944962 -0.019126402 0.999618113 80.627334595
0.999661267 0.001564008 0.025978655 1.132514477 -0.002058476 0.999816954 0.019017797 -2.044507027 -0.025944158 -0.019064831 0.999481559 81.064056396
0.999482632 0.001850224 0.032112312 1.165942073 -0.002447831 0.999824286 0.018580563 -2.046710730 -0.032072295 -0.018649556 0.999311566 81.606704712
0.999161065 0.002404360 0.040882368 1.192399502 -0.003168146 0.999821424 0.018628024 -2.043575525 -0.040830281 -0.018741921 0.998990297 82.164154053
0.998825073 0.001716374 0.048429534 1.249459743 -0.002619095 0.999823928 0.018582597 -2.056594610 -0.048389114 -0.018687606 0.998653650 82.665061951
0.998465061 0.001943893 0.055349775 1.298303604 -0.003002304 0.999814153 0.019045502 -2.071997881 -0.055302463 -0.019182447 0.998285353 83.219703674
0.997959316 0.001890389 0.063823611 1.364834070 -0.003101894 0.999816775 0.018888343 -2.115514517 -0.063776210 -0.019047771 0.997782409 83.809356689
0.997235775 0.000452597 0.074299149 1.301819801 -0.001897858 0.999810338 0.019382464 -2.124666214 -0.074276298 -0.019469898 0.997047603 84.140876770
0.996493757 0.000627124 0.083664328 1.358047485 -0.002280255 0.999804020 0.019664995 -2.134177923 -0.083635598 -0.019786827 0.996299863 84.684448242
0.995777547 0.000536316 0.091797784 1.441646099 -0.002330641 0.999808252 0.019440409 -2.140327930 -0.091769762 -0.019572269 0.995587945 85.239814758
0.994838953 0.000441045 0.101465225 1.542481422 -0.002434207 0.999806523 0.019520819 -2.153057337 -0.101436980 -0.019667061 0.994647503 85.682662964
0.993747950 -0.000058956 0.111646898 1.565958977 -0.002225260 0.999790728 0.020334562 -2.187090397 -0.111624740 -0.020455873 0.993539870 85.993614197
0.992656350 -0.000669283 0.120966621 1.649729729 -0.001800556 0.999792159 0.020307072 -2.193727493 -0.120955057 -0.020375749 0.992448866 86.542121887
0.991300285 -0.000910760 0.131616786 1.749129295 -0.001722587 0.999800563 0.019892445 -2.191576004 -0.131608680 -0.019946104 0.991101027 87.070648193
0.989545405 -0.000096445 0.144222468 1.791356087 -0.002791115 0.999799669 0.019819103 -2.166463375 -0.144195497 -0.020014441 0.989346802 87.677429199
0.987900436 -0.000082939 0.155089885 1.902061462 -0.003010989 0.999801099 0.019714244 -2.176490545 -0.155060679 -0.019942682 0.987703681 88.217910767
0.986270666 0.000390770 0.165135860 1.980031013 -0.003746513 0.999792755 0.020010106 -2.169225931 -0.165093824 -0.020354070 0.986067832 88.754524231
0.984159291 -0.000091259 0.177286446 2.104701996 -0.003462432 0.999799192 0.019735435 -2.174135685 -0.177252680 -0.020036653 0.983961463 89.290405273
0.981781065 0.000420746 0.190014869 2.227195740 -0.004227477 0.999798357 0.019628968 -2.180066586 -0.189968303 -0.020074632 0.981585026 89.833221436
0.979794025 -0.001125728 0.200006127 2.356485367 -0.002913851 0.999797642 0.019901760 -2.181823492 -0.199988037 -0.020082416 0.979592502 90.359436035
0.976921201 -0.000595197 0.213599086 2.499553680 -0.003735037 0.999795496 0.019868590 -2.186564445 -0.213567227 -0.020207848 0.976719260 90.914337158
0.973757088 -0.000520467 0.227589473 2.639455795 -0.004143185 0.999791086 0.020013288 -2.194778442 -0.227552339 -0.020431027 0.973551512 91.411529541
0.971142113 -0.002293285 0.238490418 2.776723862 -0.002376635 0.999810994 0.019291770 -2.180588245 -0.238489598 -0.019301854 0.970953166 91.970565796
0.968015492 -0.002063544 0.250881940 2.940406799 -0.002900905 0.999807179 0.019416573 -2.188221455 -0.250873655 -0.019523326 0.967822909 92.499732971
0.964506805 -0.003655156 0.264032811 3.127624512 -0.001581369 0.999806285 0.019617593 -2.221211910 -0.264053434 -0.019338837 0.964314163 92.935203552
0.960949659 -0.002644783 0.276710540 3.304952621 -0.002897094 0.999803364 0.019616978 -2.215862274 -0.276707977 -0.019652585 0.960753024 93.486633301
0.957843781 -0.003745110 0.287265271 3.501764297 -0.002051906 0.999800324 0.019876286 -2.230801582 -0.287282318 -0.019627819 0.957644880 93.981559753
0.953155935 -0.002094703 0.302471995 3.668622971 -0.004221743 0.999786496 0.020227442 -2.235418320 -0.302449822 -0.020556863 0.952943623 94.542037964
0.949122548 -0.004087894 0.314880371 3.900905609 -0.002109028 0.999810874 0.019337013 -2.222417355 -0.314899802 -0.019017290 0.948934436 95.096603394
0.945035934 -0.003025874 0.326952308 4.075092316 -0.003550607 0.999803305 0.019515777 -2.231769085 -0.326947033 -0.019603994 0.944839299 95.626388550
0.940352738 -0.003784622 0.340179771 4.276023865 -0.003073776 0.999802768 0.019619953 -2.233653069 -0.340186864 -0.019495314 0.940155685 96.139350891
0.935123622 -0.004065537 0.354298264 4.494400024 -0.003134124 0.999800146 0.019744717 -2.240887165 -0.354307652 -0.019574165 0.934924006 96.660102844
0.930891812 -0.005956105 0.365246385 4.735265732 -0.001265068 0.999808490 0.019528203 -2.240353584 -0.365292817 -0.018640708 0.930706024 97.163314819
0.925893426 -0.004384912 0.377759337 4.953622818 -0.003159079 0.999807835 0.019348402 -2.247654915 -0.377771586 -0.019107930 0.925701737 97.674987793
0.919974148 -0.004114808 0.391957700 5.185625076 -0.003974657 0.999795675 0.019824957 -2.265264511 -0.391959220 -0.019796349 0.919769585 98.176750183
0.914091825 -0.003433577 0.405492991 5.421272278 -0.005076848 0.999788940 0.019910473 -2.277432919 -0.405475736 -0.020258624 0.913881361 98.662811279
0.909312427 -0.004230512 0.416092604 5.672847748 -0.004422426 0.999793589 0.019829733 -2.279900789 -0.416090578 -0.019871563 0.909106016 99.158012390
0.903762996 -0.004083422 0.428013682 5.933269501 -0.004801407 0.999794841 0.019676751 -2.292304993 -0.428006232 -0.019838190 0.903557956 99.633911133
0.897839367 -0.007166139 0.440264821 6.198017120 -0.001604509 0.999807596 0.019545859 -2.291310549 -0.440320224 -0.018255444 0.897655189 100.131935120
0.892116249 -0.007874052 0.451737344 6.473278046 -0.000860012 0.999816775 0.019125804 -2.287903309 -0.451805115 -0.017450940 0.891945958 100.624694824
0.886233211 -0.008800887 0.463155657 6.745147705 -0.000269877 0.999809504 0.019514780 -2.298602104 -0.463239223 -0.017419647 0.886062026 101.114761353
0.878855944 -0.008114697 0.477018207 7.037563324 -0.001181162 0.999815285 0.019184321 -2.307201862 -0.477085739 -0.017423689 0.878684103 101.588439941
