1.000000000 0.000000000 0.000000000 0.000000000 0.000000000 1.000000000 0.000000000 0.000000000 0.000000000 0.000000000 1.000000000 0.000000000
1.000000000 -0.000070159 -0.000209122 0.004868116 0.000070192 1.000000000 0.000159678 -0.004024459 0.000209111 -0.000159693 0.999999940 -0.003921755
1.000000000 0.000037164 0.000005461 0.000648985 -0.000037164 1.000000000 0.000071264 -0.002724802 -0.000005458 -0.000071265 1.000000000 -0.003162876
1.000000000 -0.000110232 -0.000150800 0.006453981 0.000110261 1.000000000 0.000187212 -0.003024336 0.000150780 -0.000187229 1.000000000 -0.004520210
1.000000000 -0.000042895 -0.000052943 0.000902564 0.000042897 1.000000000 0.000041391 -0.000472064 0.000052941 -0.000041394 1.000000000 0.000129119
1.000000000 -0.000026528 0.000061409 -0.000622756 0.000026528 1.000000000 -0.000001894 -0.001699694 -0.000061409 0.000001896 1.000000000 -0.001535347
1.000000000 -0.000105824 -0.000147074 0.005005752 0.000105849 1.000000000 0.000171196 -0.003233770 0.000147056 -0.000171212 1.000000000 -0.007207689
1.000000000 -0.000115644 -0.000058224 -0.000523599 0.000115646 1.000000000 0.000042889 0.000380029 0.000058219 -0.000042896 1.000000000 0.000503326
1.000000000 0.000005071 -0.000089992 0.002604074 -0.000005063 1.000000000 0.000087072 -0.003393125 0.000089992 -0.000087071 1.000000000 -0.009064388
1.000000000 0.000025670 0.000037573 0.000658126 -0.000025674 1.000000000 0.000099602 -0.002667279 -0.000037571 -0.000099603 1.000000000 -0.005693758
1.000000000 0.000109306 0.000083692 -0.001057336 -0.000109310 1.000000000 0.000045663 -0.001167614 -0.000083687 -0.000045672 1.000000000 -0.005095746
1.000000000 -0.000112288 -0.000025188 -0.000469673 0.000112290 1.000000000 0.000093515 -0.004062041 0.000025178 -0.000093518 1.000000000 -0.008613818
1.000000000 -0.000066073 -0.000006621 0.000303605 0.000066073 1.000000000 0.000061660 -0.001844562 0.000006617 -0.000061660 1.000000000 -0.006252764
1.000000000 -0.000079291 -0.000016525 0.000602491 0.000079293 1.000000000 0.000102236 -0.002380755 0.000016517 -0.000102238 1.000000000 -0.005973706
0.999999940 -0.000232340 -0.000080970 0.001444445 0.000232356 0.999999940 0.000195021 -0.002579077 0.000080925 -0.000195040 1.000000000 -0.008143681
0.999999940 -0.000242918 -0.000095889 -0.000955909 0.000242931 0.999999940 0.000138976 -0.002864180 0.000095855 -0.000138999 1.000000000 -0.009565063
1.000000000 -0.000168242 0.000023741 0.000018412 0.000168241 1.000000000 0.000052515 -0.001159357 -0.000023750 -0.000052511 1.000000000 -0.008025109
1.000000000 0.000050864 0.000001952 0.002019691 -0.000050865 1.000000000 0.000184183 -0.003740576 -0.000001943 -0.000184183 1.000000000 -0.011604635
1.000000000 -0.000218431 -0.000069793 0.001864985 0.000218442 0.999999940 0.000156426 -0.004818220 0.000069759 -0.000156441 1.000000000 -0.010226015
1.000000000 -0.000223143 -0.000048429 0.002390756 0.000223149 0.999999940 0.000127365 -0.005558181 0.000048401 -0.000127376 1.000000000 -0.012308331
1.000000000 -0.000056339 -0.000032873 0.002934781 0.000056347 0.999999940 0.000245249 -0.005771649 0.000032859 -0.000245251 0.999999940 -0.014022979
1.000000000 0.000031414 0.000051752 -0.000531644 -0.000031420 1.000000000 0.000115314 -0.001156181 -0.000051748 -0.000115316 1.000000000 -0.006889320
0.999999940 -0.000210984 -0.000154473 0.004714599 0.000211011 0.999999940 0.000170740 -0.003518044 0.000154437 -0.000170772 1.000000000 -0.012811265
1.000000000 -0.000203677 -0.000098776 0.003062565 0.000203703 0.999999940 0.000262774 -0.004577307 0.000098723 -0.000262794 0.999999940 -0.010418153
1.000000000 -0.000079965 -0.000136905 0.006001624 0.000079993 1.000000000 0.000204031 -0.003652401 0.000136888 -0.000204042 0.999999940 -0.015826613
1.000000000 -0.000083178 -0.000045025 0.000836177 0.000083188 1.000000000 0.000203483 -0.003206702 0.000045008 -0.000203487 1.000000000 -0.013685486
1.000000000 -0.000087567 -0.000019738 -0.001541717 0.000087571 1.000000000 0.000205805 -0.004858356 0.000019720 -0.000205807 1.000000000 -0.015329539
1.000000000 -0.000078025 -0.000002575 -0.001200044 0.000078025 1.000000000 0.000193245 -0.003249994 0.000002560 -0.000193245 1.000000000 -0.009566484
0.999999940 -0.000248730 -0.000152653 -0.000146582 0.000248750 0.999999940 0.000134869 0.000306063 0.000152619 -0.000134907 1.000000000 -0.007395319
1.000000000 -0.000130378 -0.000108129 0.001745622 0.000130400 1.000000000 0.000201013 -0.002464855 0.000108103 -0.000201027 1.000000000 -0.009572588
1.000000000 -0.000140141 0.000022039 -0.001265909 0.000140139 1.000000000 0.000124588 -0.001633646 -0.000022056 -0.000124585 1.000000000 -0.003088892
0.999999940 -0.000241744 -0.000089540 -0.001753258 0.000241764 0.999999940 0.000233113 -0.002977062 0.000089483 -0.000233135 0.999999940 -0.009650941
0.999999940 -0.000191632 -0.000157442 0.002244631 0.000191673 0.999999940 0.000260969 -0.003620128 0.000157392 -0.000260999 0.999999940 -0.014236237
1.000000000 -0.000023464 -0.000120884 -0.000089344 0.000023475 1.000000000 0.000088897 -0.000997167 0.000120882 -0.000088900 1.000000000 -0.005734124
1.000000000 -0.000094767 -0.000072786 -0.001034864 0.000094772 1.000000000 0.000072402 -0.000663225 0.000072779 -0.000072409 1.000000000 -0.007065873
1.000000000 -0.000167015 -0.000064324 -0.001802476 0.000167015 1.000000000 -0.000008240 0.000391211 0.000064325 0.000008229 1.000000000 -0.010840396
0.999999940 -0.000261066 -0.000202394 0.003639994 0.000261081 0.999999940 0.000072574 -0.001100116 0.000202375 -0.000072627 1.000000000 -0.009753999
1.000000000 -0.000213454 -0.000043644 0.000728813 0.000213455 1.000000000 0.000038511 0.000175051 0.000043636 -0.000038520 1.000000000 -0.008466201
1.000000000 -0.000069145 -0.000101708 0.002228115 0.000069182 0.999999940 0.000365987 -0.003616611 0.000101683 -0.000365994 0.999999940 -0.018459342
0.999999940 -0.000255120 -0.000236423 0.004648529 0.000255163 0.999999940 0.000181760 -0.006067264 0.000236376 -0.000181821 0.999999940 -0.006553117
1.000000000 -0.000053481 -0.000180225 0.008498405 0.000053404 0.999999881 -0.000428674 -0.008902084 0.000180248 0.000428664 0.999999881 0.041538943
1.000000000 -0.000028449 -0.000181149 0.007827100 0.000028217 0.999999166 -0.001281771 -0.003512005 0.000181185 0.001281766 0.999999166 0.143693030
1.000000000 -0.000050361 -0.000048270 0.004706836 0.000050294 0.999999046 -0.001390283 -0.010519987 0.000048340 0.001390281 0.999999046 0.263984114
0.999999940 -0.000306095 0.000203035 0.001600064 0.000306338 0.999999225 -0.001193816 -0.016992977 -0.000202669 0.001193878 0.999999285 0.384359717
1.000000000 0.000132641 -0.000015343 0.005773454 -0.000132658 0.999999344 -0.001123914 -0.021735851 0.000015194 0.001123916 0.999999344 0.534407318
1.000000000 0.000114354 0.000062535 0.015746336 -0.000114282 0.999999344 -0.001156803 -0.027101465 -0.000062668 0.001156796 0.999999344 0.681625068
0.999999940 0.000098295 0.000256194 0.026689557 -0.000098110 0.999999762 -0.000722754 -0.035939611 -0.000256265 0.000722729 0.999999702 0.852973938
1.000000000 -0.000051232 0.000174478 0.022441046 0.000051333 0.999999821 -0.000577678 -0.038648851 -0.000174448 0.000577687 0.999999821 1.022919655
0.999999821 0.000198505 0.000592540 0.009509541 -0.000198106 0.999999762 -0.000674434 -0.039176889 -0.000592674 0.000674316 0.999999583 1.194080591
0.999999940 0.000143760 0.000283973 0.031902485 -0.000143646 0.999999881 -0.000403979 -0.054197833 -0.000284031 0.000403938 0.999999881 1.418888092
0.999999821 0.000277831 0.000565550 0.028690699 -0.000277517 0.999999821 -0.000555771 -0.058493957 -0.000565705 0.000555614 0.999999702 1.608063936
0.999999523 0.000618554 0.000776690 0.034585364 -0.000618433 0.999999821 -0.000156187 -0.069463380 -0.000776787 0.000155707 0.999999702 1.803850889
0.999998808 -0.001096969 0.001090421 0.010843167 0.001094614 0.999997020 0.002158011 -0.085286252 -0.001092785 -0.002156815 0.999997079 1.842015743
0.999998510 -0.000783722 0.001519176 0.016070213 0.000780607 0.999997616 0.002049685 -0.091279022 -0.001520778 -0.002048496 0.999996781 2.067467928
0.999998629 -0.000075593 0.001642104 0.013795845 0.000072180 0.999997854 0.002077883 -0.092118979 -0.001642257 -0.002077762 0.999996543 2.278738022
0.999999046 -0.000600012 0.001237534 0.021590007 0.000597128 0.999997079 0.002329567 -0.107807614 -0.001238929 -0.002328826 0.999996543 2.508468390
0.999998748 -0.000307122 0.001536204 0.023764813 0.000303085 0.999996483 0.002627539 -0.113257810 -0.001537006 -0.002627070 0.999995410 2.746217966
0.999998868 -0.000130637 0.001537863 0.033004403 0.000126781 0.999996841 0.002507234 -0.117653482 -0.001538186 -0.002507036 0.999995708 2.971721411
0.999998629 -0.000508622 0.001581873 0.026762115 0.000504672 0.999996722 0.002496062 -0.122749142 -0.001583137 -0.002495261 0.999995589 3.227286100
0.999998569 -0.000377985 0.001601402 0.038604654 0.000374161 0.999997079 0.002387265 -0.135382846 -0.001602300 -0.002386663 0.999995887 3.433136463
0.999998689 0.000046182 0.001558004 0.039785728 -0.000049965 0.999997020 0.002428675 -0.140861720 -0.001557887 -0.002428750 0.999995887 3.681957483
0.999999046 -0.000841656 0.001082290 0.060006954 0.000838862 0.999996305 0.002579380 -0.148676187 -0.001084457 -0.002578470 0.999996066 3.954022884
0.999998569 0.000191093 0.001632830 0.052049033 -0.000195569 0.999996245 0.002741419 -0.153340727 -0.001632300 -0.002741734 0.999994934 4.215343952
0.999998510 -0.000518054 0.001645579 0.055172272 0.000513438 0.999995947 0.002804200 -0.171418637 -0.001647026 -0.002803351 0.999994695 4.436065674
0.999997914 -0.000595888 0.001936253 0.060508396 0.000589952 0.999995112 0.003064832 -0.179488137 -0.001938069 -0.003063683 0.999993443 4.696734905
0.999997497 -0.000252927 0.002222712 0.062461689 0.000246771 0.999996126 0.002769302 -0.183499262 -0.002223403 -0.002768747 0.999993682 4.962607384
0.999997675 -0.000400433 0.002147688 0.059136081 0.000393942 0.999995351 0.003021933 -0.193117633 -0.002148888 -0.003021080 0.999993145 5.245770931
0.999996960 0.000094146 0.002462061 0.060581177 -0.000101848 0.999995112 0.003128437 -0.216025651 -0.002461755 -0.003128679 0.999992073 5.459900856
0.999995947 0.000279681 0.002858072 0.060311005 -0.000288315 0.999995410 0.003021012 -0.221614748 -0.002857214 -0.003021824 0.999991298 5.737716198
0.999995232 0.000473719 0.003052086 0.066866539 -0.000482856 0.999995410 0.002993806 -0.232126549 -0.003050654 -0.002995266 0.999990880 6.015675545
0.999994397 0.000641584 0.003292315 0.067962542 -0.000651121 0.999995589 0.002896464 -0.239325002 -0.003290442 -0.002898591 0.999990404 6.296407700
0.999996185 -0.000089523 0.002773197 0.084951751 0.000080515 0.999994695 0.003248134 -0.254162133 -0.002773473 -0.003247898 0.999990880 6.580920696
0.999997377 -0.000640207 0.002201334 0.101926349 0.000632412 0.999993563 0.003539635 -0.264580131 -0.002203587 -0.003538234 0.999991298 6.886901379
0.999997616 -0.000935986 0.001950523 0.116569556 0.000928892 0.999992967 0.003634692 -0.279363722 -0.001953911 -0.003632871 0.999991477 7.188893318
0.999997497 -0.000497243 0.002190951 0.122383080 0.000489316 0.999993384 0.003617161 -0.289374381 -0.002192735 -0.003616080 0.999991059 7.517175198
0.999997377 -0.000493685 0.002236403 0.123637646 0.000484816 0.999992132 0.003964464 -0.291162372 -0.002238343 -0.003963369 0.999989629 7.829181194
0.999996603 -0.000176795 0.002601258 0.121372089 0.000167661 0.999993861 0.003511092 -0.285307556 -0.002601863 -0.003510644 0.999990463 8.141861916
0.999996543 -0.001085692 0.002370329 0.139683276 0.001075912 0.999990880 0.004123107 -0.301867783 -0.002374784 -0.004120542 0.999988735 8.471047401
0.999996603 -0.001084724 0.002337264 0.146359533 0.001074902 0.999990582 0.004199712 -0.308501124 -0.002341798 -0.004197185 0.999988496 8.776884079
0.999997079 -0.000299944 0.002394927 0.132350311 0.000289049 0.999989629 0.004548232 -0.346708715 -0.002396267 -0.004547527 0.999986708 9.092237473
0.999997020 -0.000933767 0.002269765 0.143902048 0.000923524 0.999989450 0.004509450 -0.349641383 -0.002273951 -0.004507340 0.999987245 9.439635277
0.999997616 -0.000981350 0.001974123 0.158273131 0.000972092 0.999988616 0.004685107 -0.354802281 -0.001978698 -0.004683176 0.999987006 9.791598320
0.999996901 -0.001099194 0.002229938 0.164725915 0.001087683 0.999986172 0.005157005 -0.368607521 -0.002235575 -0.005154563 0.999984145 10.155242920
0.999996483 -0.000561269 0.002586888 0.167180985 0.000547443 0.999985576 0.005342093 -0.377564520 -0.002589849 -0.005340658 0.999982357 10.526952744
0.999997199 -0.001045538 0.002110532 0.201814294 0.001034870 0.999986768 0.005049300 -0.367408961 -0.002115784 -0.005047103 0.999984980 10.917899132
0.999997020 -0.001071182 0.002162473 0.185061991 0.001059014 0.999983609 0.005620287 -0.423792452 -0.002168457 -0.005617980 0.999981880 11.209454536
0.999997318 -0.001417307 0.001844607 0.199099898 0.001407521 0.999985039 0.005295889 -0.426248521 -0.001852085 -0.005293278 0.999984264 11.600090027
0.999996722 -0.001220350 0.002220965 0.207503021 0.001207574 0.999982715 0.005744521 -0.434359640 -0.002227936 -0.005741820 0.999981046 11.983345032
0.999995291 0.000141926 0.003074575 0.199031413 -0.000160355 0.999982059 0.005994822 -0.448843300 -0.003073668 -0.005995287 0.999977350 12.358503342
0.999995947 -0.000324792 0.002803273 0.220639601 0.000307407 0.999980688 0.006199670 -0.460410684 -0.002805233 -0.006198783 0.999976873 12.748917580
0.999995887 -0.001120704 0.002643312 0.219028294 0.001104837 0.999981523 0.005996344 -0.493813634 -0.002649982 -0.005993399 0.999978542 13.127848625
0.999993205 0.000404149 0.003671185 0.218924582 -0.000426817 0.999980807 0.006175819 -0.505616903 -0.003668618 -0.006177343 0.999974191 13.541128159
0.999994934 -0.000053273 0.003187319 0.235094547 0.000031807 0.999977350 0.006734494 -0.510278821 -0.003187606 -0.006734358 0.999972284 13.976841927
0.999995053 -0.001313205 0.002843132 0.254759818 0.001294217 0.999976933 0.006670012 -0.526976287 -0.002851825 -0.006666301 0.999973655 14.409952164
0.999993384 -0.001643940 0.003227552 0.269261003 0.001621035 0.999973476 0.007086575 -0.543415546 -0.003239117 -0.007081296 0.999969721 14.892069817
0.999992311 -0.002929551 0.002609105 0.279558837 0.002910308 0.999968767 0.007348952 -0.578894854 -0.002630553 -0.007341303 0.999969602 15.257076263
0.999992490 -0.001797451 0.003457149 0.288052946 0.001772864 0.999973238 0.007101716 -0.585208654 -0.003469822 -0.007095533 0.999968827 15.695642471
0.999989808 -0.003345717 0.003043862 0.296697289 0.003321301 0.999962568 0.007991407 -0.609963715 -0.003070485 -0.007981216 0.999963462 16.115095139
0.999988258 -0.003038264 0.003773561 0.302476794 0.003009479 0.999966502 0.007610389 -0.606037021 -0.003796557 -0.007598944 0.999963939 16.580287933
0.999987125 -0.004185545 0.002857293 0.338210464 0.004163798 0.999962628 0.007574659 -0.615547299 -0.002888890 -0.007562664 0.999967217 17.103919983
0.999990284 -0.002965724 0.003234558 0.334935129 0.002943069 0.999971271 0.006986337 -0.618145227 -0.003255184 -0.006976751 0.999970376 17.515178680
0.999989629 -0.003049372 0.003361125 0.346067011 0.003024815 0.999968827 0.007287481 -0.628431916 -0.003383243 -0.007277239 0.999967813 17.985832214
0.999986112 -0.003689983 0.003739819 0.362169862 0.003661620 0.999964714 0.007562757 -0.637338281 -0.003767594 -0.007548959 0.999964416 18.455184937
0.999988019 -0.003560266 0.003350396 0.396339417 0.003533917 0.999963045 0.007837432 -0.657760024 -0.003378175 -0.007825498 0.999963760 18.925514221
0.999985933 -0.003672097 0.003831381 0.378118515 0.003643138 0.999964952 0.007538192 -0.650356054 -0.003858927 -0.007524128 0.999964297 19.409288406
0.999989033 -0.003051498 0.003534894 0.391285747 0.003024206 0.999965727 0.007700623 -0.674710751 -0.003558272 -0.007689848 0.999964118 19.871002197
0.999988377 -0.002601657 0.004057869 0.390492439 0.002571663 0.999969542 0.007379525 -0.680804789 -0.004076944 -0.007369004 0.999964535 20.378793716
0.999988496 -0.002476643 0.004100421 0.390234709 0.002440406 0.999958098 0.008819059 -0.709775448 -0.004122091 -0.008808950 0.999952674 20.888288498
0.999990404 -0.003139436 0.003035344 0.413840413 0.003112724 0.999956727 0.008765358 -0.734168649 -0.003062730 -0.008755825 0.999956965 21.400613785
0.999990165 -0.003461424 0.002755409 0.392279565 0.003438892 0.999960899 0.008140435 -0.746079445 -0.002783478 -0.008130879 0.999963045 21.869472504
0.999991298 -0.003232876 0.002633730 0.394906372 0.003209826 0.999956906 0.008709466 -0.764077067 -0.002661773 -0.008700937 0.999958575 22.408657074
0.999992073 -0.003222964 0.002367025 0.393422514 0.003200820 0.999951661 0.009300396 -0.779588878 -0.002396885 -0.009292743 0.999953985 22.936033249
0.999995053 -0.002345894 0.002081070 0.377801359 0.002326397 0.999953806 0.009322459 -0.801857352 -0.002102843 -0.009317571 0.999954402 23.443939209
0.999982655 -0.005885953 0.000224036 0.399415165 0.005883696 0.999942124 0.009010528 -0.828737795 -0.000277059 -0.009009053 0.999959350 23.935565948
0.999984801 -0.005476236 -0.000590845 0.407914847 0.005481402 0.999943376 0.009127560 -0.832864642 0.000540827 -0.009130659 0.999958098 24.479917526
0.999989688 -0.004472923 -0.000800246 0.429647207 0.004480427 0.999943554 0.009635535 -0.843921423 0.000757102 -0.009639019 0.999953210 25.015888214
0.999990225 -0.004350765 -0.000815433 0.405133367 0.004358667 0.999941051 0.009954381 -0.877496600 0.000772076 -0.009957837 0.999950111 25.503190994
0.999982476 -0.005736168 -0.001447012 0.428175837 0.005750685 0.999931157 0.010236360 -0.891907811 0.001388195 -0.010244503 0.999946535 26.011339188
0.999973536 -0.006687155 -0.002857726 0.458850443 0.006717206 0.999920845 0.010639095 -0.885796309 0.002786355 -0.010658010 0.999939322 26.522558212
0.999965429 -0.007482900 -0.003637290 0.472157478 0.007520769 0.999916434 0.010511359 -0.901682079 0.003558331 -0.010538351 0.999938130 27.050968170
0.999981940 -0.005042020 -0.003276307 0.473462671 0.005076874 0.999929667 0.010718076 -0.921376348 0.003222035 -0.010734516 0.999937177 27.600601196
0.999963164 -0.007049783 -0.004899310 0.482642144 0.007102914 0.999915242 0.010912971 -0.929327726 0.004821961 -0.010947369 0.999928415 28.221191406
0.999960482 -0.007256554 -0.005132674 0.491074562 0.007316013 0.999905169 0.011662144 -0.947201788 0.005047562 -0.011699232 0.999918818 28.776905060
0.999959052 -0.007604787 -0.004903700 0.434153169 0.007664795 0.999894440 0.012336746 -1.025902033 0.004809364 -0.012373828 0.999911904 29.348051071
0.999963820 -0.006876907 -0.004997753 0.439743757 0.006936363 0.999904156 0.011978284 -1.029473782 0.004914900 -0.012012520 0.999915779 29.891746521
0.999951601 -0.007956889 -0.005789541 0.438466012 0.008024878 0.999897957 0.011816312 -1.039942741 0.005694929 -0.011862202 0.999913454 30.487869263
0.999951184 -0.007466812 -0.006477293 0.500547945 0.007551838 0.999884248 0.013203178 -1.074899673 0.006377957 -0.013251447 0.999891877 30.993858337
0.999944627 -0.007938580 -0.006916287 0.529846489 0.008028381 0.999882579 0.013054447 -1.094116688 0.006811840 -0.013109252 0.999890864 31.604616165
0.999955475 -0.007000183 -0.006315703 0.472248793 0.007076942 0.999900341 0.012214416 -1.081251979 0.006229571 -0.012258571 0.999905467 32.006401062
0.999956071 -0.006912530 -0.006315443 0.477036417 0.006988328 0.999902844 0.012059739 -1.082163692 0.006231466 -0.012103345 0.999907374 32.568225861
0.999955595 -0.006475416 -0.006829464 0.492384136 0.006554812 0.999910414 0.011667932 -1.079818249 0.006753298 -0.011712181 0.999908626 33.152313232
0.999944270 -0.007603283 -0.007317477 0.474693030 0.007688874 0.999901593 0.011740607 -1.086996555 0.007227490 -0.011796218 0.999904335 33.645244598
0.999947846 -0.006905234 -0.007525363 0.488424867 0.006993228 0.999906778 0.011730071 -1.094793916 0.007443663 -0.011782086 0.999902844 34.223056793
0.999944031 -0.007156206 -0.007787058 0.515743613 0.007248297 0.999903440 0.011862835 -1.082369089 0.007701413 -0.011918615 0.999899328 34.728370667
0.999942601 -0.007340882 -0.007801287 0.475595951 0.007430320 0.999906301 0.011498053 -1.105820656 0.007716150 -0.011555359 0.999903440 35.289482117
0.999944687 -0.007258612 -0.007603145 0.470314592 0.007349683 0.999900818 0.012019514 -1.127682090 0.007515145 -0.012074729 0.999898851 35.846599579
0.999949574 -0.006420300 -0.007717596 0.473242909 0.006509526 0.999911666 0.011592379 -1.124467850 0.007642486 -0.011642033 0.999903023 36.392742157
0.999951005 -0.006383528 -0.007561085 0.461289614 0.006472671 0.999909103 0.011824516 -1.146132469 0.007484916 -0.011872877 0.999901474 36.898197174
0.999946058 -0.006790148 -0.007861243 0.467386127 0.006881636 0.999908209 0.011669756 -1.159700871 0.007781283 -0.011723226 0.999900997 37.539165497
0.999943256 -0.006488444 -0.008442007 0.507048726 0.006583665 0.999914408 0.011301015 -1.145094752 0.008367960 -0.011355953 0.999900520 38.071559906
0.999945879 -0.006186478 -0.008364489 0.530897260 0.006276596 0.999922097 0.010790874 -1.128856182 0.008297080 -0.010842792 0.999906838 38.704284668
0.999943137 -0.006731032 -0.008273152 0.501978934 0.006839661 0.999889731 0.013172813 -1.222442627 0.008183574 -0.013228648 0.999879003 39.200748444
0.999933600 -0.008064959 -0.008221596 0.452744961 0.008179094 0.999869347 0.013944543 -1.261353970 0.008108058 -0.014010864 0.999868929 39.589141846
0.999946415 -0.006989479 -0.007636648 0.448949337 0.007095493 0.999877691 0.013944485 -1.280594110 0.007538249 -0.013997925 0.999873638 40.112846375
0.999943614 -0.006930571 -0.008043963 0.453502327 0.007031860 0.999895453 0.012632783 -1.267767429 0.007955572 -0.012688635 0.999887824 40.711997986
0.999935985 -0.007014918 -0.008876257 0.491176128 0.007132750 0.999885976 0.013313807 -1.293421268 0.008781848 -0.013376266 0.999871969 41.259540558
0.999936461 -0.007344575 -0.008538608 0.485627681 0.007464379 0.999872983 0.014084599 -1.309380770 0.008434080 -0.014147441 0.999864340 41.762195587
0.999931216 -0.007539880 -0.008984383 0.514132261 0.007662761 0.999876499 0.013721992 -1.314097524 0.008879812 -0.013789892 0.999865472 42.345027924
0.999926269 -0.008099855 -0.009050622 0.493715972 0.008228979 0.999863625 0.014321705 -1.307561636 0.008933385 -0.014395128 0.999856412 42.852123260
0.999928594 -0.008167388 -0.008719389 0.469371587 0.008291281 0.999863803 0.014268690 -1.336226225 0.008601663 -0.014339967 0.999860168 43.258632660
0.999933183 -0.008220751 -0.008131304 0.463858694 0.008336755 0.999862373 0.014336695 -1.345525503 0.008012326 -0.014403526 0.999864161 43.798015594
0.999936283 -0.007669543 -0.008281900 0.473417252 0.007776591 0.999885619 0.012971696 -1.336410642 0.008181463 -0.013035276 0.999881625 44.348224640
0.999932468 -0.007535757 -0.008845591 0.482693851 0.007649114 0.999888182 0.012851981 -1.336516619 0.008747751 -0.012918775 0.999878287 44.856540680
0.999930859 -0.007426795 -0.009123722 0.493006468 0.007549041 0.999881148 0.013438134 -1.360195637 0.009022836 -0.013506079 0.999868035 45.378959656
0.999956012 -0.005563164 -0.007562480 0.481031179 0.005655498 0.999909103 0.012243435 -1.368392825 0.007493680 -0.012285665 0.999896467 45.882976532
0.999972522 -0.003290782 -0.006649287 0.547466218 0.003376409 0.999911010 0.012907742 -1.394415617 0.006606219 -0.012929835 0.999894559 46.248699188
0.999963880 -0.004432315 -0.007242893 0.437947929 0.004541685 0.999874830 0.015154439 -1.502618074 0.007174818 -0.015186789 0.999858916 47.042469025
0.999963641 -0.004253833 -0.007390291 0.444667786 0.004361517 0.999883652 0.014616568 -1.505130291 0.007327255 -0.014648267 0.999865890 47.593978882
0.999967337 -0.004289131 -0.006857544 0.444039494 0.004391461 0.999878109 0.014977413 -1.518506169 0.006792468 -0.015007038 0.999864340 48.141983032
0.999972999 -0.003502867 -0.006462704 0.447353184 0.003599719 0.999880493 0.015036118 -1.528442264 0.006409262 -0.015058977 0.999866068 48.664573669
0.999965549 -0.003750222 -0.007403398 0.485022217 0.003859862 0.999882221 0.014851131 -1.535006166 0.007346832 -0.014879197 0.999862313 49.210010529
0.999957621 -0.005103003 -0.007665624 0.465161651 0.005220592 0.999867797 0.015398788 -1.558096170 0.007586029 -0.015438155 0.999852002 49.597587585
0.999966264 -0.003672178 -0.007363867 0.461811721 0.003784364 0.999876082 0.015278802 -1.558214188 0.007306849 -0.015306151 0.999856174 50.156078339
0.999963880 -0.004303935 -0.007339215 0.475373596 0.004413343 0.999878407 0.014956617 -1.565202117 0.007273952 -0.014988466 0.999861181 50.701972961
0.999953687 -0.005175259 -0.008121454 0.500146806 0.005295253 0.999876142 0.014823641 -1.563879728 0.008043732 -0.014865959 0.999857128 51.226158142
0.999959946 -0.004827322 -0.007536902 0.468710274 0.004943521 0.999868035 0.015475672 -1.596706867 0.007461199 -0.015512311 0.999851823 51.647785187
0.999962151 -0.004553016 -0.007407440 0.481573403 0.004663839 0.999876320 0.015013255 -1.591850042 0.007338169 -0.015047235 0.999859750 52.196086884
0.999963999 -0.004560082 -0.007161152 0.464765817 0.004665392 0.999880254 0.014758389 -1.605895281 0.007092994 -0.014791268 0.999865472 52.734115601
0.999964595 -0.004554679 -0.007075785 0.481689155 0.004662469 0.999872148 0.015292489 -1.625332832 0.007005227 -0.015324937 0.999858022 53.287090302
0.999969661 -0.003980448 -0.006693872 0.450493664 0.004078056 0.999884605 0.014631617 -1.619567633 0.006634859 -0.014658473 0.999870539 53.779472351
0.999971986 -0.003778970 -0.006471914 0.464375794 0.003871091 0.999890506 0.014281036 -1.603767395 0.006417238 -0.014305690 0.999877095 54.420207977
0.999968767 -0.003642255 -0.007016206 0.474736691 0.003748580 0.999877453 0.015201092 -1.629391313 0.006959981 -0.015226918 0.999859869 54.748790741
0.999974489 -0.002799422 -0.006567545 0.480834395 0.002900561 0.999876618 0.015441260 -1.636913657 0.006523508 -0.015459917 0.999859273 55.312049866
0.999971211 -0.003644436 -0.006655761 0.479822338 0.003745407 0.999877155 0.015221444 -1.645112753 0.006599470 -0.015245933 0.999861956 55.833683014
0.999973536 -0.003549408 -0.006366410 0.457108796 0.003648183 0.999872148 0.015571048 -1.671227813 0.006310328 -0.015593860 0.999858499 56.320735931
0.999972641 -0.003734581 -0.006389017 0.445149153 0.003833435 0.999872029 0.015530919 -1.688695669 0.006330196 -0.015554988 0.999858975 56.849277496
0.999963403 -0.004766343 -0.007107344 0.474138618 0.004877699 0.999864340 0.015733646 -1.689684391 0.007031387 -0.015767736 0.999850929 57.300739288
0.999965489 -0.004548082 -0.006956511 0.478620827 0.004662151 0.999853492 0.016470205 -1.700063944 0.006880583 -0.016502066 0.999840200 57.834285736
0.999965250 -0.005084302 -0.006606585 0.484146059 0.005183157 0.999873579 0.015033083 -1.696576357 0.006529317 -0.015066802 0.999865115 58.376422882
0.999960899 -0.005496030 -0.006933888 0.491629064 0.005604350 0.999861002 0.015700508 -1.715530634 0.006846635 -0.015738752 0.999852657 58.900787354
0.999963760 -0.004662650 -0.007119421 0.497006983 0.004771529 0.999870777 0.015353682 -1.714594483 0.007046912 -0.015387095 0.999856710 59.437526703
0.999967158 -0.004035830 -0.007028529 0.494367868 0.004149152 0.999860346 0.016183889 -1.719754934 0.006962231 -0.016212521 0.999844313 59.871166229
0.999963522 -0.004045927 -0.007523915 0.529207289 0.004168496 0.999857605 0.016346725 -1.735145569 0.007456707 -0.016377492 0.999837995 60.381256104
0.999965787 -0.004386402 -0.007012600 0.511330247 0.004498922 0.999860108 0.016110878 -1.731560826 0.006940951 -0.016141877 0.999845624 60.900405884
0.999963701 -0.004627953 -0.007157588 0.522520602 0.004741271 0.999862313 0.015896818 -1.720917940 0.007083035 -0.015930174 0.999848068 61.479995728
0.999967039 -0.003946703 -0.007086054 0.519774675 0.004063750 0.999854267 0.016580286 -1.753161907 0.007019584 -0.016608536 0.999837399 61.899185181
0.999968469 -0.004149718 -0.006776037 0.522289634 0.004260418 0.999856293 0.016405154 -1.764503598 0.006706987 -0.016433503 0.999842465 62.443164825
0.999968410 -0.004042553 -0.006841878 0.514897406 0.004152970 0.999860168 0.016202003 -1.765698910 0.006775423 -0.016229905 0.999845266 62.996738434
0.999958277 -0.005080828 -0.007593082 0.535469711 0.005203769 0.999854207 0.016260061 -1.782483220 0.007509362 -0.016298898 0.999838948 63.602344513
0.999968231 -0.003704907 -0.007051235 0.555968881 0.003817383 0.999864638 0.016005311 -1.776176453 0.006990982 -0.016031722 0.999847054 64.121665955
0.999961197 -0.004547115 -0.007541059 0.589575946 0.004662117 0.999872029 0.015303330 -1.734925508 0.007470510 -0.015337896 0.999854386 64.590454102
0.999953568 -0.006007157 -0.007530257 0.543617308 0.006125601 0.999856293 0.015806131 -1.782637715 0.007434225 -0.015851526 0.999846637 64.947143555
0.999959230 -0.005602717 -0.007077174 0.543524742 0.005709509 0.999868751 0.015160550 -1.787452936 0.006991304 -0.015200337 0.999859929 65.503860474
0.999953985 -0.005599258 -0.007802903 0.556319535 0.005723867 0.999854982 0.016039599 -1.803057432 0.007711962 -0.016083522 0.999840915 66.040786743
0.999952137 -0.006291339 -0.007486471 0.548843145 0.006412689 0.999846578 0.016297141 -1.824442744 0.007382792 -0.016344370 0.999839127 66.561027527
0.999951482 -0.006237801 -0.007626406 0.577726364 0.006352750 0.999865174 0.015142330 -1.799015045 0.007530923 -0.015190043 0.999856293 67.096260071
0.999953568 -0.006014167 -0.007526049 0.546399534 0.006135434 0.999850035 0.016195025 -1.833244681 0.007427522 -0.016240450 0.999840498 67.509025574
0.999960423 -0.004791223 -0.007499692 0.564105093 0.004908110 0.999865532 0.015645472 -1.838487506 0.007423724 -0.015681664 0.999849498 68.046119690
0.999956846 -0.005409440 -0.007555446 0.569669843 0.005527191 0.999862254 0.015652031 -1.844570994 0.007469737 -0.015693117 0.999848902 68.592521667
0.999956250 -0.005477323 -0.007578721 0.585313857 0.005588871 0.999875188 0.014776582 -1.841333032 0.007496838 -0.014818293 0.999862015 69.105186462
0.999955177 -0.005656925 -0.007596652 0.591934144 0.005771576 0.999868512 0.015156281 -1.846498251 0.007509915 -0.015199446 0.999856234 69.626892090
0.999946177 -0.006928451 -0.007725729 0.572446287 0.007051045 0.999847770 0.015955511 -1.856812835 0.007614008 -0.016009124 0.999842882 70.048660278
0.999947190 -0.006998150 -0.007527407 0.579710126 0.007115469 0.999851823 0.015673328 -1.866558671 0.007416607 -0.015726060 0.999848843 70.596191406
0.999942780 -0.006808430 -0.008259078 0.594914556 0.006933840 0.999859631 0.015252093 -1.871890426 0.008154077 -0.015308486 0.999849558 71.164329529
0.999941468 -0.007372946 -0.007929552 0.588061988 0.007490664 0.999860644 0.014919704 -1.872698069 0.007818445 -0.014978224 0.999857306 71.724227905
0.999934494 -0.007967750 -0.008220402 0.627012134 0.008091575 0.999852657 0.015141509 -1.873734832 0.008098546 -0.015207031 0.999851584 72.335456848
0.999945641 -0.007378183 -0.007365733 0.594716191 0.007485054 0.999865532 0.014588660 -1.868650794 0.007257106 -0.014643000 0.999866486 72.950416565
0.999953806 -0.005182354 -0.008104614 0.768674076 0.005311933 0.999857068 0.016049284 -1.974637270 0.008020283 -0.016091591 0.999838412 73.008148193
0.999947846 -0.006456880 -0.007915144 0.646630526 0.006585381 0.999845088 0.016317608 -1.907553673 0.007808557 -0.016368879 0.999835551 73.425567627
0.999948859 -0.006545771 -0.007700637 0.657870352 0.006669884 0.999846399 0.016203336 -1.916515708 0.007593391 -0.016253870 0.999839127 73.964485168
0.999942899 -0.006997976 -0.008088893 0.675898314 0.007125621 0.999848843 0.015860725 -1.930296063 0.007976677 -0.015917458 0.999841452 74.551414490
0.999942601 -0.007406285 -0.007746231 0.668380499 0.007524826 0.999853253 0.015387522 -1.921038628 0.007631129 -0.015444927 0.999851525 75.103843689
0.999936819 -0.007946593 -0.007945097 0.651302874 0.008060100 0.999864399 0.014358108 -1.908561110 0.007829921 -0.014421241 0.999865413 75.727081299
0.999945223 -0.007032785 -0.007747054 0.649337590 0.007150436 0.999857843 0.015265061 -1.907562375 0.007638596 -0.015319618 0.999853492 75.961288452
0.999941051 -0.007383794 -0.007958727 0.658470571 0.007509249 0.999846160 0.015850302 -1.914327860 0.007840469 -0.015909130 0.999842763 76.504104614
0.999933660 -0.008064241 -0.008226515 0.663648844 0.008186674 0.999854565 0.014959130 -1.914737821 0.008104686 -0.015025485 0.999854267 77.030899048
0.999942064 -0.007624550 -0.007601387 0.666921020 0.007732235 0.999868691 0.014239225 -1.919410944 0.007491820 -0.014297174 0.999869764 77.563407898
0.999953508 -0.007526834 -0.006027594 0.653124809 0.007614207 0.999864280 0.014606025 -1.902482629 0.005916837 -0.014651238 0.999875188 78.033271790
0.999965608 -0.007241482 -0.004052893 0.648890376 0.007298512 0.999872029 0.014238024 -1.914852858 0.003949270 -0.014267113 0.999890447 78.585487366
0.999965727 -0.007661731 -0.003111849 0.673316121 0.007704671 0.999871910 0.014029434 -1.927520394 0.003003960 -0.014052928 0.999896705 79.145111084
0.999983490 -0.005653507 -0.001093566 0.641736448 0.005668129 0.999887824 0.013865003 -1.946284175 0.001015057 -0.013870970 0.999903321 79.712440491
0.999980211 -0.005963190 0.001990201 0.641739190 0.005934903 0.999885440 0.013928572 -1.956659555 -0.002073032 -0.013916486 0.999900997 80.244514465
0.999968648 -0.006799844 0.004046587 0.716323376 0.006738603 0.999865353 0.014959826 -1.923836946 -0.004147767 -0.014932089 0.999879837 80.494194031
0.999954224 -0.006288658 0.007220181 0.744376183 0.006181859 0.999872565 0.014720068 -1.932292223 -0.007311831 -0.014674759 0.999865592 81.061538696
0.999905527 -0.006809971 0.011938473 0.763501406 0.006645103 0.999882758 0.013795475 -1.918300986 -0.012031020 -0.013714841 0.999833584 81.581626892
0.999828935 -0.006331814 0.017377093 0.781336904 0.006090155 0.999884486 0.013924593 -1.933481097 -0.017463259 -0.013816381 0.999751985 82.163711548
0.999706447 -0.006257534 0.023407403 0.829455733 0.005935186 0.999887049 0.013815423 -1.929159880 -0.023491208 -0.013672440 0.999630511 82.636535645
0.999554992 -0.006620185 0.029084019 0.783057451 0.006190243 0.999870598 0.014847980 -1.961623549 -0.029178550 -0.014661336 0.999466658 83.073089600
0.999267340 -0.006646592 0.037690900 0.821563005 0.006089166 0.999870658 0.014884946 -1.961634994 -0.037784964 -0.014644534 0.999178529 83.629829407
0.998917341 -0.006322877 0.046089858 0.864376307 0.005658536 0.999878466 0.014530307 -1.974184990 -0.046176128 -0.014253775 0.998831511 84.165802002
0.998572469 -0.006815309 0.052978210 0.907271624 0.006060658 0.999878109 0.014392188 -1.975087047 -0.053069830 -0.014050559 0.998491943 84.722839355
0.998053908 -0.006513194 0.062015787 0.957813740 0.005689606 0.999893308 0.013447639 -1.983545423 -0.062096760 -0.013068623 0.997984529 85.286743164
0.997363806 -0.007604288 0.072163813 1.012982845 0.006627405 0.999883294 0.013766841 -1.985801101 -0.072260074 -0.013252290 0.997297704 85.787940979
0.996735752 -0.007880534 0.080347337 1.064233303 0.006695670 0.999864995 0.015005555 -2.000648499 -0.080454744 -0.014418596 0.996653974 86.090347290
0.995994508 -0.007353017 0.089111798 1.119722843 0.006049462 0.999870837 0.014889583 -2.013001919 -0.089209780 -0.014290864 0.995910406 86.628280640
0.995013416 -0.007139710 0.099485546 1.212016106 0.005689096 0.999873519 0.014857214 -2.014588833 -0.099579029 -0.014217146 0.994928062 87.159736633
0.993869305 -0.007168002 0.110329062 1.294128418 0.005540827 0.999871373 0.015047928 -2.027554989 -0.110422738 -0.014344358 0.993781209 87.697753906
0.992932320 -0.008128989 0.118402570 1.401511192 0.006410894 0.999868691 0.014884274 -2.029387236 -0.118508026 -0.014020014 0.992854118 88.206657410
0.991469085 -0.007528727 0.130124435 1.405919075 0.005662272 0.999875784 0.014707647 -1.992181540 -0.130219027 -0.013845378 0.991388559 88.746231079
0.989772141 -0.007997910 0.142432839 1.505422592 0.005950865 0.999872863 0.014792189 -1.999686480 -0.142533049 -0.013793298 0.989693940 89.292060852
0.988125265 -0.008308894 0.153425261 1.616591454 0.006210711 0.999880552 0.014149834 -2.003753662 -0.153524473 -0.013028928 0.988058984 89.831031799
0.986541688 -0.007591232 0.163333356 1.719749451 0.005297505 0.999881268 0.014474199 -2.013453960 -0.163423836 -0.013414145 0.986464679 90.374320984
0.984521508 -0.008432480 0.175061122 1.838152885 0.005967704 0.999875605 0.014601178 -2.022493362 -0.175162449 -0.013330460 0.984449267 90.874984741
0.982300222 -0.009233131 0.187085584 1.937606812 0.006577337 0.999868631 0.014811403 -2.011964798 -0.187197775 -0.013318719 0.982231975 91.335479736
0.980252802 -0.009501843 0.197520137 2.070607185 0.006763814 0.999871433 0.014532065 -2.018446922 -0.197632864 -0.012909109 0.980191112 91.864524841
0.977488160 -0.009685770 0.210767984 2.207653046 0.006766438 0.999871016 0.014567707 -2.021642447 -0.210881934 -0.012813614 0.977427542 92.408172607
0.974383712 -0.009565049 0.224688083 2.340885162 0.006471616 0.999873996 0.014500128 -2.027653456 -0.224798426 -0.012674594 0.974322855 92.902954102
0.971628129 -0.009843423 0.236308798 2.502460480 0.006464567 0.999865651 0.015069034 -2.048930168 -0.236425340 -0.013113865 0.971561134 93.463272095
0.968456924 -0.009148235 0.249012992 2.618764877 0.005740952 0.999879658 0.014405963 -1.964120388 -0.249114811 -0.012521981 0.968393028 93.918960571
0.964724422 -0.009209348 0.263100535 2.788324356 0.005496339 0.999874711 0.014845055 -1.975476265 -0.263204277 -0.012875297 0.964654207 94.447799683
0.961047530 -0.008464525 0.276253194 2.954309464 0.004758026 0.999889493 0.014084548 -1.972429752 -0.276341885 -0.012221501 0.960981727 94.974494934
0.958121419 -0.010968636 0.286151886 3.150684357 0.006928419 0.999861538 0.015127800 -1.998614788 -0.286278248 -0.012511690 0.958064854 95.448036194
0.953520119 -0.010453914 0.301147729 3.337171555 0.006401482 0.999875188 0.014440311 -1.994982600 -0.301261157 -0.011841337 0.953468204 96.087745667
0.949212849 -0.010281652 0.314466387 3.474145889 0.005902951 0.999871910 0.014873374 -1.985725641 -0.314579070 -0.012261721 0.949152052 96.431732178
0.945237637 -0.010452377 0.326215506 3.683429718 0.005961640 0.999873221 0.014762900 -1.989522457 -0.326328397 -0.012009669 0.945180178 96.957763672
0.940887809 -0.010238412 0.338563591 3.878002167 0.005645648 0.999878228 0.014547467 -1.994874239 -0.338671297 -0.011776123 0.940831006 97.453956604
0.935795009 -0.010568271 0.352386117 4.099884033 0.005646064 0.999871671 0.014993090 -2.011821270 -0.352499306 -0.012040865 0.935734570 97.978210449
0.930975974 -0.011715125 0.364892423 4.325500488 0.006467897 0.999857366 0.015599112 -2.033887625 -0.365023136 -0.012162311 0.930918932 98.542358398
0.926605284 -0.012498642 0.375827581 4.570322037 0.007460944 0.999861777 0.014856719 -2.022110701 -0.375961274 -0.010962286 0.926570535 99.023307800
0.920770407 -0.010985400 0.389950156 4.828954697 0.005532128 0.999870598 0.015104902 -2.035325050 -0.390065610 -0.011750893 0.920711994 99.506851196
0.915167034 -0.011763940 0.402903110 5.091819763 0.006272103 0.999868572 0.014947447 -1.998546720 -0.403026074 -0.011152360 0.915120542 100.041572571
0.910379291 -0.012358377 0.413590103 5.343860626 0.006794277 0.999865592 0.014921409 -2.000896931 -0.413718969 -0.010774095 0.910340905 100.542022705
0.905054510 -0.013368695 0.425085545 5.609130859 0.007895816 0.999861777 0.014634004 -2.002410889 -0.425222456 -0.009888173 0.905034840 101.055641174
0.898489416 -0.013091280 0.438799798 5.878944397 0.007441832 0.999865830 0.014592339 -2.020702362 -0.438931942 -0.009845590 0.898466349 101.559112549
0.892496705 -0.013378769 0.450855464 6.137672424 0.007581741 0.999863803 0.014661610 -2.026782990 -0.450990260 -0.009667168 0.892476499 102.053863525
0.886701941 -0.013167058 0.462154031 6.434909821 0.007298253 0.999868512 0.014484243 -2.040882587 -0.462283969 -0.009470291 0.886681378 102.519783020
0.879161417 -0.012554620 0.476358712 6.631443024 0.006729919 0.999880314 0.013931585 -2.004669905 -0.476476580 -0.009042257 0.879140615 102.937889099
0.871832550 -0.014517272 0.489588857 6.911334991 0.007923209 0.999847889 0.015538245 -2.034015179 -0.489739925 -0.009667633 0.871814907 103.425788879
