1.000000000 0.000000000 0.000000000 0.000000000 0.000000000 1.000000000 0.000000000 0.000000000 0.000000000 0.000000000 1.000000000 0.000000000
1.000000000 -0.000009615 0.000159297 -0.001806984 0.000009604 1.000000000 0.000070842 0.000703829 -0.000159298 -0.000070840 1.000000000 0.002484845
0.999999940 0.000228623 0.000147903 -0.002137066 -0.000228655 0.999999940 0.000214650 0.000482123 -0.000147854 -0.000214684 0.999999940 0.002735857
1.000000000 0.000128775 -0.000120352 0.000862381 -0.000128755 1.000000000 0.000166540 -0.000695966 0.000120373 -0.000166524 1.000000000 -0.000253545
0.999999940 0.000212685 0.000182097 -0.001650337 -0.000212699 1.000000000 0.000074925 -0.000329586 -0.000182082 -0.000074964 1.000000000 0.000532238
1.000000000 0.000107510 0.000018746 -0.000745361 -0.000107512 1.000000000 0.000097596 -0.000342457 -0.000018736 -0.000097598 1.000000000 -0.000953480
1.000000000 -0.000088242 0.000109355 -0.000410759 0.000088231 1.000000000 0.000100648 -0.000592601 -0.000109363 -0.000100638 1.000000000 -0.000545888
1.000000000 -0.000095794 0.000199456 -0.002154732 0.000095767 1.000000000 0.000133935 0.000840262 -0.000199469 -0.000133915 1.000000000 0.003988611
1.000000000 -0.000019776 0.000160641 -0.001126820 0.000019766 1.000000000 0.000061948 0.000857124 -0.000160643 -0.000061944 1.000000000 0.002886607
1.000000000 -0.000089230 0.000190246 -0.001344536 0.000089219 1.000000000 0.000054967 0.000591081 -0.000190251 -0.000054950 1.000000000 0.002043400
1.000000000 -0.000108159 0.000187077 -0.001216022 0.000108168 1.000000000 -0.000046206 0.002006847 -0.000187072 0.000046226 1.000000000 0.003757947
1.000000000 0.000032713 0.000078046 -0.000074186 -0.000032728 1.000000000 0.000188844 -0.000643579 -0.000078040 -0.000188847 1.000000000 0.000694203
0.999999940 0.000005083 0.000272252 -0.002952873 -0.000005074 1.000000000 -0.000034316 0.002495782 -0.000272252 0.000034315 0.999999940 0.005594606
0.999999940 -0.000334805 0.000149991 -0.001754939 0.000334773 0.999999940 0.000214184 -0.000102527 -0.000150062 -0.000214134 0.999999940 0.002361056
1.000000000 0.000005095 0.000236856 -0.002876340 -0.000005130 1.000000000 0.000147640 0.000278959 -0.000236855 -0.000147642 0.999999940 0.002600444
1.000000000 0.000052300 0.000139297 -0.000129244 -0.000052331 1.000000000 0.000224900 -0.001519126 -0.000139285 -0.000224907 0.999999940 -0.001886140
1.000000000 -0.000017649 0.000079514 -0.002319461 0.000017641 1.000000000 0.000094186 0.000862725 -0.000079516 -0.000094184 1.000000000 0.003589631
0.999999940 0.000166001 0.000301999 -0.002402823 -0.000166050 1.000000000 0.000160525 0.000733020 -0.000301972 -0.000160575 0.999999940 0.002311245
0.999999940 0.000076500 0.000295589 -0.003683534 -0.000076544 1.000000000 0.000148052 0.000569079 -0.000295577 -0.000148075 0.999999940 0.003546816
0.999999940 0.000332997 0.000203758 -0.002479892 -0.000333037 0.999999940 0.000198960 0.000394973 -0.000203692 -0.000199028 0.999999940 0.003596985
0.999999940 0.000270730 0.000213519 -0.001939913 -0.000270805 0.999999881 0.000351998 -0.001227431 -0.000213424 -0.000352056 0.999999940 0.001219384
1.000000000 0.000193162 0.000143206 -0.002190378 -0.000193187 0.999999940 0.000173121 0.000362299 -0.000143172 -0.000173148 1.000000000 0.002944976
1.000000000 0.000040748 0.000209732 -0.001597266 -0.000040810 0.999999940 0.000294435 -0.001169316 -0.000209720 -0.000294444 0.999999940 0.000031357
0.999999940 0.000121883 0.000269351 -0.001919529 -0.000121969 0.999999940 0.000319338 -0.001144009 -0.000269312 -0.000319370 0.999999940 0.002749787
0.999999940 0.000207569 0.000359281 -0.003161481 -0.000207648 0.999999940 0.000220362 0.000479528 -0.000359235 -0.000220437 0.999999940 0.001929026
1.000000000 0.000018610 0.000193340 -0.001948886 -0.000018625 1.000000000 0.000076128 0.001899889 -0.000193339 -0.000076132 1.000000000 0.004624251
0.999999940 -0.000237766 0.000061074 -0.000082275 0.000237765 1.000000000 0.000013738 0.000928591 -0.000061077 -0.000013724 1.000000000 0.000411749
1.000000000 0.000016989 0.000237551 -0.000900672 -0.000017006 1.000000000 0.000070691 0.000468795 -0.000237550 -0.000070695 0.999999940 0.001757375
0.999999940 0.000328794 0.000227487 -0.003195801 -0.000328794 0.999999940 -0.000001192 0.002108058 -0.000227488 0.000001117 1.000000000 0.005021863
1.000000000 -0.000075607 0.000196656 -0.002395263 0.000075563 1.000000000 0.000225065 0.000420735 -0.000196673 -0.000225050 0.999999940 0.003357323
1.000000000 0.000034372 0.000173495 -0.001511492 -0.000034374 1.000000000 0.000011675 0.001547273 -0.000173494 -0.000011681 1.000000000 0.003174042
1.000000000 -0.000105660 0.000166376 -0.001938405 0.000105640 1.000000000 0.000121869 0.001122968 -0.000166389 -0.000121851 1.000000000 0.003674215
1.000000000 0.000012964 0.000232914 -0.002812075 -0.000012974 1.000000000 0.000042320 0.001334816 -0.000232913 -0.000042323 1.000000000 0.002883364
0.999999940 -0.000127220 0.000352853 -0.002396122 0.000127240 1.000000000 -0.000055856 0.002270090 -0.000352845 0.000055901 0.999999940 0.004161681
0.999999940 -0.000164062 0.000186383 -0.001861748 0.000164041 1.000000000 0.000112767 0.000475590 -0.000186402 -0.000112737 1.000000000 0.001737425
0.999999881 0.000360351 0.000231808 -0.001767599 -0.000360399 0.999999940 0.000205324 0.000262413 -0.000231734 -0.000205408 0.999999940 0.001334817
1.000000000 0.000072769 0.000076229 0.000575242 -0.000072781 1.000000000 0.000166927 0.001258935 -0.000076216 -0.000166932 1.000000000 0.001016954
1.000000000 -0.000094392 0.000181467 -0.001586574 0.000094359 1.000000000 0.000179395 0.000997988 -0.000181484 -0.000179378 0.999999940 0.003776490
0.999999940 0.000060990 0.000256348 -0.003131919 -0.000061045 1.000000000 0.000217413 0.001169920 -0.000256335 -0.000217429 0.999999940 0.004922867
1.000000000 -0.000063714 0.000188093 -0.000934184 0.000063675 1.000000000 0.000205082 0.000029997 -0.000188106 -0.000205070 0.999999940 0.001526456
0.999999940 -0.000106524 0.000350897 -0.001620804 0.000106465 1.000000000 0.000169426 -0.000070282 -0.000350915 -0.000169389 0.999999940 0.002777743
0.999999940 -0.000209924 0.000219525 0.000609551 0.000210064 0.999999762 -0.000634648 0.000434580 -0.000219392 0.000634694 0.999999762 0.051419284
0.999999940 0.000212450 0.000212974 -0.001421212 -0.000212220 0.999999404 -0.001081177 -0.003580092 -0.000213204 0.001081131 0.999999404 0.138684258
0.999999881 0.000438970 0.000192795 0.001223394 -0.000438703 0.999998927 -0.001380518 -0.005420549 -0.000193400 0.001380433 0.999999046 0.253748000
0.999999523 0.000898099 -0.000055452 0.006634558 -0.000898222 0.999997020 -0.002258228 -0.004022391 0.000053423 0.002258277 0.999997377 0.378758222
0.999999702 0.000622564 0.000146829 0.008486535 -0.000622252 0.999997437 -0.002117140 -0.009315071 -0.000148147 0.002117048 0.999997735 0.515249193
0.999999881 0.000460802 0.000028517 0.012295743 -0.000460747 0.999998033 -0.001885156 -0.018133949 -0.000029386 0.001885143 0.999998212 0.658066571
0.999999821 0.000604072 0.000257339 0.017216554 -0.000603686 0.999998689 -0.001497456 -0.022585867 -0.000258243 0.001497300 0.999998868 0.821796298
0.999999881 0.000418100 0.000198017 0.020436645 -0.000417746 0.999998212 -0.001783639 -0.023313044 -0.000198763 0.001783555 0.999998391 0.990651131
0.999999762 0.000685849 0.000245771 0.019880265 -0.000685434 0.999998331 -0.001684478 -0.026869873 -0.000246925 0.001684309 0.999998569 1.177860856
0.999999762 0.000555806 0.000397336 0.020715224 -0.000555131 0.999998391 -0.001698505 -0.027996002 -0.000398279 0.001698284 0.999998510 1.381835341
0.999999940 0.000196064 0.000173655 0.032829091 -0.000195873 0.999999404 -0.001098532 -0.044965021 -0.000173870 0.001098498 0.999999404 1.536500692
0.999999762 0.000627847 0.000434707 0.034175403 -0.000627068 0.999998212 -0.001789140 -0.037408307 -0.000435829 0.001788867 0.999998331 1.754476786
0.999999762 0.000548540 0.000011300 0.037489679 -0.000548526 0.999999166 -0.001185509 -0.049786463 -0.000011951 0.001185503 0.999999225 1.951197028
0.999999762 0.000438683 0.000435637 0.043726970 -0.000438249 0.999999464 -0.000997791 -0.058366913 -0.000436074 0.000997600 0.999999404 2.153439045
0.999999821 0.000551390 0.000269089 0.043601811 -0.000550999 0.999998808 -0.001449489 -0.058616687 -0.000269888 0.001449340 0.999998927 2.384230375
0.999999881 0.000415224 0.000056145 0.055816703 -0.000415147 0.999998987 -0.001361174 -0.070675440 -0.000056711 0.001361150 0.999999046 2.602453232
0.999999583 0.000563586 0.000608885 0.051629540 -0.000562978 0.999999285 -0.000998620 -0.080803782 -0.000609448 0.000998277 0.999999344 2.817231178
0.999999583 0.000680371 0.000506661 0.058192998 -0.000679853 0.999999225 -0.001020030 -0.086207941 -0.000507355 0.001019685 0.999999404 3.053457737
1.000000000 0.000006278 -0.000067378 0.069081925 -0.000006349 0.999999464 -0.001054725 -0.092369288 0.000067372 0.001054725 0.999999464 3.296090841
0.999999762 0.000472360 0.000505107 0.067240946 -0.000471796 0.999999285 -0.001116719 -0.097221822 -0.000505634 0.001116481 0.999999166 3.534791231
0.999999762 0.000458306 0.000394332 0.071490221 -0.000457842 0.999999166 -0.001175021 -0.103884973 -0.000394870 0.001174840 0.999999225 3.790191650
0.999999702 0.000010396 0.000714069 0.074671954 -0.000009460 0.999999166 -0.001311288 -0.109342203 -0.000714082 0.001311281 0.999998868 4.047611713
0.999999583 0.000817695 0.000407383 0.078219011 -0.000817276 0.999999106 -0.001026941 -0.112942427 -0.000408223 0.001026608 0.999999344 4.297735214
0.999999762 0.000661237 0.000260302 0.087139674 -0.000660838 0.999998569 -0.001530840 -0.118026592 -0.000261314 0.001530667 0.999998808 4.555397511
0.999999821 0.000438684 0.000263279 0.093533732 -0.000438290 0.999998808 -0.001493529 -0.123531751 -0.000263934 0.001493413 0.999998868 4.818814754
0.999999464 0.000998168 0.000469986 0.092949294 -0.000997662 0.999998987 -0.001074998 -0.131314844 -0.000471059 0.001074528 0.999999344 5.076961517
0.999999821 0.000294069 0.000499358 0.096906111 -0.000293546 0.999999404 -0.001047263 -0.143098801 -0.000499666 0.001047116 0.999999344 5.328566074
0.999999702 0.000442094 0.000599831 0.101868846 -0.000441265 0.999998927 -0.001381483 -0.147829726 -0.000600441 0.001381218 0.999998868 5.598770618
0.999999821 0.000342838 0.000345299 0.109145403 -0.000342445 0.999999285 -0.001136912 -0.155955404 -0.000345689 0.001136794 0.999999344 5.870625496
0.999999762 0.000436687 0.000474526 0.119333498 -0.000436385 0.999999702 -0.000636333 -0.170010895 -0.000474804 0.000636126 0.999999702 6.145030499
0.999999702 0.000437496 0.000580165 0.118696384 -0.000436665 0.999998868 -0.001430897 -0.170857280 -0.000580790 0.001430643 0.999998868 6.421656609
0.999999642 0.000335861 0.000790110 0.119048357 -0.000335074 0.999999464 -0.000995075 -0.186868504 -0.000790443 0.000994810 0.999999166 6.718189240
0.999999404 0.000159489 0.001100529 0.124093421 -0.000158366 0.999999464 -0.001020707 -0.192516536 -0.001100692 0.001020532 0.999998868 7.016987324
0.999999523 -0.000016106 0.000958587 0.141988322 0.000016680 0.999999881 -0.000599575 -0.206715807 -0.000958577 0.000599591 0.999999285 7.305992603
0.999999762 0.000014884 0.000723499 0.149978071 -0.000014370 0.999999821 -0.000709963 -0.213560492 -0.000723509 0.000709952 0.999999464 7.632614613
0.999999046 0.000188433 0.001381698 0.147816584 -0.000187881 0.999999940 -0.000399554 -0.228876635 -0.001381773 0.000399294 0.999998927 7.937902451
0.999999225 0.000360681 0.001115483 0.146502301 -0.000361204 0.999999762 0.000469001 -0.258014649 -0.001115313 -0.000469403 0.999999285 8.229354858
0.999999106 0.000134600 0.001269149 0.153903097 -0.000135400 0.999999702 0.000629877 -0.269811749 -0.001269064 -0.000630049 0.999998987 8.547286987
0.999999225 0.000241930 0.001148063 0.158696637 -0.000242011 0.999999940 0.000069884 -0.273571700 -0.001148046 -0.000070162 0.999999285 8.901618958
0.999999464 0.000144540 0.000971923 0.169351310 -0.000145044 0.999999762 0.000517480 -0.290928513 -0.000971848 -0.000517620 0.999999464 9.231530190
0.999999106 0.000655890 0.001088100 0.168577671 -0.000656237 0.999999642 0.000318548 -0.296618879 -0.001087890 -0.000319261 0.999999404 9.592193604
0.999998808 0.000641116 0.001343025 0.174355879 -0.000641208 0.999999702 0.000067896 -0.303807855 -0.001342982 -0.000068757 0.999999106 9.937063217
0.999999166 0.000099286 0.001245610 0.179897636 -0.000099494 1.000000000 0.000167245 -0.320157617 -0.001245593 -0.000167369 0.999999166 10.289250374
0.999998748 0.000434042 0.001466618 0.186045423 -0.000434950 0.999999642 0.000618785 -0.334379554 -0.001466349 -0.000619422 0.999998689 10.644922256
0.999997854 0.000530594 0.001992166 0.183733523 -0.000531219 0.999999821 0.000312951 -0.340136349 -0.001991999 -0.000314008 0.999997973 11.012497902
0.999997497 0.000573640 0.002154030 0.191513419 -0.000574758 0.999999702 0.000518412 -0.354623318 -0.002153732 -0.000519649 0.999997556 11.393332481
0.999997258 0.000849584 0.002142539 0.202434078 -0.000851015 0.999999464 0.000667024 -0.364611089 -0.002141971 -0.000668845 0.999997497 11.776203156
0.999996364 -0.000143303 0.002690540 0.207144216 0.000142438 0.999999940 0.000321626 -0.372509241 -0.002690586 -0.000321242 0.999996305 12.168626785
0.999997139 0.000209064 0.002377744 0.216489792 -0.000210553 0.999999762 0.000626114 -0.390024751 -0.002377612 -0.000626613 0.999996960 12.543590546
0.999997377 0.000296644 0.002280545 0.221653104 -0.000298592 0.999999583 0.000853919 -0.400034457 -0.002280290 -0.000854597 0.999997020 12.943027496
0.999997795 0.000192645 0.002130493 0.231427729 -0.000194302 0.999999702 0.000777656 -0.411209106 -0.002130343 -0.000778069 0.999997437 13.341401100
0.999997139 0.000045457 0.002360357 0.242069751 -0.000047173 0.999999762 0.000726804 -0.423813641 -0.002360324 -0.000726913 0.999996901 13.745872498
0.999996364 0.000270842 0.002658451 0.246577710 -0.000272050 0.999999881 0.000454013 -0.431646615 -0.002658329 -0.000454735 0.999996424 14.163934708
0.999995708 0.000109344 0.002908257 0.259221911 -0.000111120 0.999999762 0.000610603 -0.448440582 -0.002908190 -0.000610923 0.999995589 14.592848778
0.999994695 -0.000146320 0.003256286 0.267737687 0.000142623 0.999999344 0.001135535 -0.464576185 -0.003256451 -0.001135065 0.999994040 15.020087242
0.999994814 0.000383871 0.003199568 0.284562230 -0.000388463 0.999998868 0.001434710 -0.480571121 -0.003199013 -0.001435945 0.999993801 15.440493584
0.999991000 0.000853924 0.004157409 0.283782244 -0.000857130 0.999999285 0.000769465 -0.485260963 -0.004156749 -0.000773021 0.999991000 15.905727386
0.999993086 0.000063950 0.003706304 0.300558984 -0.000066803 0.999999642 0.000769570 -0.494426578 -0.003706253 -0.000769812 0.999992788 16.350299835
0.999990165 0.000076832 0.004439359 0.304483414 -0.000080155 0.999999642 0.000748420 -0.509363532 -0.004439300 -0.000748769 0.999989867 16.790557861
0.999989033 0.000132601 0.004701061 0.317277580 -0.000138722 0.999999106 0.001301921 -0.526294947 -0.004700884 -0.001302559 0.999988139 17.244335175
0.999984801 0.000778100 0.005464763 0.326840013 -0.000785372 0.999998808 0.001328681 -0.537528872 -0.005463723 -0.001332953 0.999984205 17.703319550
0.999985158 0.000195399 0.005445166 0.341912895 -0.000202867 0.999998987 0.001370952 -0.554561913 -0.005444893 -0.001372036 0.999984264 18.159393311
0.999984264 0.000656447 0.005562291 0.357812434 -0.000664985 0.999998510 0.001533287 -0.565667748 -0.005561278 -0.001536962 0.999983430 18.636045456
0.999978244 0.001090179 0.006506823 0.366516799 -0.001100714 0.999998093 0.001615729 -0.581663132 -0.006505049 -0.001622856 0.999977529 19.097370148
0.999980688 0.000479416 0.006199646 0.377222836 -0.000488847 0.999998689 0.001519798 -0.594361424 -0.006198910 -0.001522800 0.999979615 19.575374603
0.999981284 0.000322619 0.006110158 0.390128732 -0.000332006 0.999998808 0.001535403 -0.606927633 -0.006109655 -0.001537403 0.999980152 20.060293198
0.999981046 0.000569952 0.006136045 0.403752238 -0.000583737 0.999997377 0.002244895 -0.627677798 -0.006134749 -0.002248434 0.999978602 20.534826279
0.999980628 0.000971789 0.006137143 0.408083081 -0.000981457 0.999998271 0.001572513 -0.628793538 -0.006135605 -0.001578506 0.999979854 21.049491882
0.999981046 0.001457501 0.005979603 0.415065557 -0.001462642 0.999998569 0.000855445 -0.632933080 -0.005978348 -0.000864175 0.999981701 21.553810120
0.999978840 0.001706674 0.006275387 0.410257041 -0.001712411 0.999998152 0.000908881 -0.647067606 -0.006273823 -0.000919609 0.999979854 22.074369431
0.999986231 0.001385724 0.005061169 0.426835209 -0.001396129 0.999996841 0.002052739 -0.677212954 -0.005058308 -0.002059777 0.999985099 22.594839096
0.999988735 0.001846592 0.004361976 0.440916896 -0.001855347 0.999996305 0.002003850 -0.692015409 -0.004358259 -0.002011921 0.999988496 23.120809555
0.999987066 0.002271076 0.004546202 0.447932661 -0.002279209 0.999995768 0.001784453 -0.711244643 -0.004542130 -0.001794792 0.999988079 23.639913559
0.999993742 0.000254918 0.003529935 0.456389666 -0.000261383 0.999998271 0.001831359 -0.728817940 -0.003529462 -0.001832270 0.999992073 24.139781952
0.999994874 0.000834697 0.003086821 0.467193514 -0.000842998 0.999996006 0.002688587 -0.744496167 -0.003084564 -0.002691175 0.999991596 24.673383713
0.999996006 0.001780770 0.002177290 0.482771128 -0.001786245 0.999995232 0.002515226 -0.758138120 -0.002172801 -0.002519105 0.999994457 25.217927933
0.999997437 0.001316237 0.001857214 0.495119005 -0.001321960 0.999994397 0.003083443 -0.776620150 -0.001853146 -0.003085890 0.999993563 25.747529984
0.999998093 0.001377588 0.001320503 0.498323053 -0.001380879 0.999995887 0.002493941 -0.782847643 -0.001317061 -0.002495760 0.999995947 26.306463242
0.999999106 0.000983160 0.000766192 0.514944971 -0.000985199 0.999995947 0.002665222 -0.795254588 -0.000763568 -0.002665975 0.999996066 26.848842621
0.999999464 0.000819407 0.000469575 0.531587183 -0.000820773 0.999995410 0.002917203 -0.814853489 -0.000467182 -0.002917587 0.999995649 27.403915405
0.999998629 0.001623739 0.000298676 0.527572751 -0.001624507 0.999995351 0.002587845 -0.828015387 -0.000294473 -0.002588327 0.999996543 27.968160629
0.999997854 0.002051181 0.000166592 0.532411635 -0.002051645 0.999993920 0.002829456 -0.840263963 -0.000160788 -0.002829792 0.999996006 28.511219025
0.999998152 0.001808671 -0.000547468 0.547698259 -0.001806984 0.999993682 0.003066763 -0.860812843 0.000553012 -0.003065768 0.999995172 29.045902252
0.999997914 0.001978206 -0.000474477 0.559369743 -0.001976767 0.999993503 0.003016631 -0.872547567 0.000480441 -0.003015687 0.999995291 29.607759476
0.999997377 0.002192987 -0.000652311 0.565167844 -0.002190968 0.999992847 0.003078909 -0.884933472 0.000659058 -0.003077472 0.999995053 30.158458710
0.999996960 0.002253773 -0.000940179 0.577154040 -0.002251239 0.999993861 0.002687147 -0.898074269 0.000946230 -0.002685023 0.999995947 30.711488724
0.999997139 0.002079854 -0.001186231 0.589385509 -0.002076445 0.999993682 0.002868603 -0.911822498 0.001192190 -0.002866132 0.999995112 31.255054474
0.999995768 0.002619235 -0.001222122 0.593230784 -0.002615645 0.999992251 0.002929887 -0.923539042 0.001229787 -0.002926678 0.999994874 31.813516617
0.999997854 0.001591320 -0.001305781 0.605491698 -0.001587900 0.999995291 0.002616417 -0.935023427 0.001309938 -0.002614338 0.999995649 32.354293823
0.999995947 0.002429672 -0.001468364 0.609252810 -0.002425799 0.999993563 0.002634281 -0.947464347 0.001474755 -0.002630708 0.999995470 32.899311066
0.999995410 0.002730144 -0.001347773 0.615258396 -0.002726468 0.999992549 0.002721722 -0.964355648 0.001355193 -0.002718035 0.999995410 33.445194244
0.999994993 0.002465514 -0.001977623 0.630139947 -0.002460456 0.999993622 0.002556074 -0.973699152 0.001983912 -0.002551196 0.999994695 33.983612061
0.999995112 0.002177360 -0.002237974 0.640553296 -0.002171417 0.999994099 0.002654316 -0.990366340 0.002243740 -0.002649443 0.999993980 34.524494171
0.999995470 0.002307429 -0.001917979 0.647870898 -0.002302348 0.999993742 0.002646866 -1.004907608 0.001924074 -0.002642438 0.999994636 35.086368561
0.999995530 0.002092048 -0.002146785 0.654366374 -0.002087004 0.999994993 0.002349074 -1.012900710 0.002151689 -0.002344583 0.999994874 35.612232208
0.999995053 0.002395142 -0.002043087 0.659647107 -0.002390256 0.999994159 0.002390185 -1.025341868 0.002048800 -0.002385290 0.999995053 36.161926270
0.999994516 0.002714800 -0.001902112 0.669113159 -0.002709996 0.999993145 0.002523614 -1.042136550 0.001908951 -0.002518445 0.999994993 36.720619202
0.999993324 0.003080812 -0.001968596 0.678026378 -0.003075795 0.999992013 0.002546482 -1.054759860 0.001976426 -0.002540410 0.999994814 37.262268066
0.999993443 0.002883612 -0.002188830 0.682964921 -0.002878678 0.999993265 0.002254377 -1.068661690 0.002195316 -0.002248062 0.999995053 37.818496704
0.999993801 0.002832556 -0.002091748 0.693945408 -0.002827078 0.999992609 0.002617191 -1.082824826 0.002099146 -0.002611261 0.999994397 38.361576080
0.999992013 0.003122375 -0.002495582 0.710982680 -0.003116956 0.999992788 0.002172147 -1.099542141 0.002502346 -0.002164351 0.999994516 38.890880585
0.999993324 0.002559658 -0.002612573 0.714117050 -0.002552836 0.999993324 0.002611052 -1.114807487 0.002619238 -0.002604365 0.999993205 39.442913055
0.999992609 0.002653157 -0.002797805 0.731268644 -0.002645049 0.999992251 0.002897789 -1.134184480 0.002805472 -0.002890368 0.999991894 39.980091095
0.999992669 0.002778803 -0.002648428 0.744318604 -0.002771758 0.999992669 0.002660264 -1.149420738 0.002655801 -0.002652904 0.999992967 40.515399933
0.999991238 0.003093034 -0.002791522 0.740084171 -0.003085852 0.999991953 0.002572904 -1.151933670 0.002799458 -0.002564268 0.999992728 41.085350037
0.999990344 0.003705228 -0.002341458 0.746114373 -0.003700759 0.999991417 0.001909777 -1.153688073 0.002348514 -0.001901094 0.999995470 41.633628845
0.999991059 0.002903183 -0.003041467 0.769193292 -0.002896017 0.999993086 0.002357518 -1.177442431 0.003048290 -0.002348689 0.999992609 42.165161133
0.999989033 0.003729314 -0.002837949 0.770218194 -0.003724043 0.999991298 0.001860136 -1.182049632 0.002844861 -0.001849547 0.999994218 42.727603912
0.999989927 0.003439256 -0.002868841 0.768640399 -0.003429755 0.999988556 0.003310342 -1.215641975 0.002880194 -0.003300470 0.999990404 43.276592255
0.999990940 0.003627123 -0.002211523 0.771174490 -0.003618912 0.999986529 0.003705620 -1.231132865 0.002224935 -0.003697584 0.999990702 43.831863403
0.999991834 0.003245901 -0.002390115 0.773445785 -0.003237792 0.999988973 0.003388389 -1.241352081 0.002401087 -0.003380622 0.999991417 44.368701935
0.999989510 0.003604642 -0.002821884 0.783105671 -0.003595740 0.999988437 0.003153707 -1.247823954 0.002833220 -0.003143527 0.999991059 44.927078247
0.999990761 0.003438547 -0.002577843 0.793462634 -0.003430887 0.999989688 0.002970267 -1.262703180 0.002588029 -0.002961396 0.999992251 45.474544525
0.999992311 0.002997663 -0.002527205 0.805784225 -0.002990621 0.999991655 0.002785826 -1.273385882 0.002535535 -0.002778247 0.999992907 46.028705597
0.999992192 0.003064828 -0.002484520 0.809372902 -0.003057848 0.999991357 0.002808354 -1.290359855 0.002493105 -0.002800736 0.999992907 46.569000244
0.999990225 0.003437043 -0.002792230 0.827463984 -0.003428307 0.999989212 0.003127374 -1.309910893 0.002802949 -0.003117772 0.999991179 47.120441437
0.999992311 0.003054891 -0.002461330 0.823788106 -0.003047916 0.999991357 0.002832657 -1.314067721 0.002469962 -0.002825133 0.999992967 47.670276642
0.999993443 0.002693122 -0.002393767 0.824203551 -0.002687134 0.999993265 0.002501442 -1.323390484 0.002400486 -0.002494994 0.999993980 48.206527710
0.999991953 0.003236249 -0.002375237 0.837617517 -0.003229603 0.999990880 0.002796521 -1.337056279 0.002384265 -0.002788828 0.999993205 48.752502441
0.999990880 0.003005457 -0.003035651 0.856726885 -0.003000044 0.999993920 0.001786160 -1.338917375 0.003041001 -0.001777037 0.999993742 49.297515869
0.999993563 0.002682660 -0.002379593 0.855163217 -0.002676160 0.999992669 0.002730573 -1.366551399 0.002386902 -0.002724188 0.999993443 49.851791382
0.999994278 0.002568189 -0.002186767 0.860357761 -0.002562085 0.999992728 0.002789896 -1.376389027 0.002193916 -0.002784277 0.999993742 50.394340515
0.999992788 0.003079360 -0.002187535 0.860309958 -0.003074753 0.999992967 0.002106195 -1.388044596 0.002194006 -0.002099453 0.999995410 50.943508148
0.999993980 0.003095797 -0.001519501 0.869500458 -0.003092504 0.999992788 0.002164572 -1.404706836 0.001526192 -0.002159860 0.999996543 51.489017487
0.999992669 0.002915599 -0.002539677 0.881719172 -0.002909944 0.999993265 0.002227530 -1.414387465 0.002546155 -0.002220124 0.999994218 52.031040192
0.999994397 0.002411830 -0.002314985 0.890266001 -0.002407076 0.999994993 0.002053713 -1.431832314 0.002319927 -0.002048129 0.999995232 52.579170227
0.999994516 0.002422822 -0.002261946 0.895065606 -0.002418540 0.999995291 0.001893533 -1.440503359 0.002266523 -0.001888052 0.999995589 53.135990143
0.999994338 0.002750879 -0.001952543 0.899949968 -0.002746317 0.999993503 0.002334825 -1.458828211 0.001958953 -0.002329450 0.999995291 53.681053162
0.999995112 0.002733866 -0.001521174 0.908576429 -0.002730306 0.999993563 0.002338110 -1.475611329 0.001527557 -0.002333945 0.999996066 54.225727081
0.999996066 0.002354987 -0.001533026 0.910201073 -0.002352180 0.999995530 0.001830651 -1.481113553 0.001537331 -0.001827038 0.999997139 54.750766754
0.999992549 0.001618116 -0.003503342 0.931725264 -0.001608708 0.999995112 0.002686549 -1.504995108 0.003507672 -0.002680893 0.999990225 55.300926208
0.999993443 0.003251638 -0.001576821 0.928285480 -0.003249216 0.999993563 0.001536109 -1.499934435 0.001581805 -0.001530976 0.999997556 55.835659027
0.999994099 0.003133624 -0.001408290 0.935030580 -0.003131452 0.999993920 0.001541263 -1.515257597 0.001413111 -0.001536844 0.999997735 56.376884460
0.999993503 0.003343357 -0.001353014 0.953330755 -0.003341020 0.999992907 0.001725381 -1.541938543 0.001358773 -0.001720849 0.999997556 56.901935577
0.999995112 0.002919160 -0.001238607 0.958232224 -0.002917520 0.999994874 0.001323342 -1.541094065 0.001242464 -0.001319722 0.999998271 57.475078583
0.999995828 0.002665864 -0.001075009 0.964392543 -0.002664759 0.999995887 0.001027506 -1.553931832 0.001077744 -0.001024637 0.999998868 58.032855988
0.999993145 0.003282320 -0.001664967 0.986615598 -0.003280757 0.999994159 0.000941645 -1.570172906 0.001668048 -0.000936176 0.999998152 58.549987793
0.999993503 0.003278730 -0.001503330 0.994189322 -0.003277103 0.999994040 0.001083013 -1.581760406 0.001506872 -0.001078080 0.999998271 59.097320557
0.999994874 0.002944792 -0.001249981 0.995366633 -0.002943949 0.999995410 0.000675008 -1.592875957 0.001251963 -0.000671325 0.999998987 59.626480103
0.999992907 0.003449335 -0.001557104 1.011518478 -0.003447608 0.999993384 0.001110272 -1.610000253 0.001560924 -0.001104896 0.999998152 60.180278778
0.999993086 0.003511445 -0.001219936 1.011570215 -0.003510054 0.999993145 0.001141283 -1.625811577 0.001223935 -0.001136994 0.999998629 60.705608368
0.999993086 0.003553963 -0.001085556 1.026597619 -0.003552844 0.999993145 0.001031791 -1.642457843 0.001089216 -0.001027927 0.999998808 61.239398956
0.999994397 0.003219106 -0.000963259 1.043326139 -0.003218093 0.999994278 0.001052298 -1.657637358 0.000966641 -0.001049191 0.999998987 61.770072937
0.999992967 0.003638097 -0.000886208 1.039254069 -0.003637156 0.999992788 0.001059968 -1.667122602 0.000890058 -0.001056737 0.999999046 62.326263428
0.999993742 0.003529392 -0.000356170 1.048571467 -0.003529149 0.999993622 0.000676768 -1.681736231 0.000358557 -0.000675507 0.999999762 62.872005463
0.999992132 0.003885790 -0.000729842 1.055265427 -0.003885039 0.999991953 0.001026899 -1.695214987 0.000733827 -0.001024055 0.999999225 63.420104980
0.999991238 0.004168790 -0.000300357 1.062056541 -0.004168582 0.999991119 0.000690376 -1.710144997 0.000303233 -0.000689118 0.999999762 63.969543457
0.999989867 0.004347972 -0.001134974 1.089447141 -0.004346950 0.999990106 0.000901051 -1.726052642 0.001138880 -0.000896107 0.999998927 64.493171692
0.999987125 0.005036246 -0.000537664 1.094617367 -0.005035627 0.999986649 0.001144891 -1.740738153 0.000543423 -0.001142168 0.999999225 65.030921936
0.999987841 0.004919696 -0.000287340 1.096875191 -0.004919278 0.999986887 0.001438224 -1.759678960 0.000294412 -0.001436793 0.999998868 65.555137634
0.999993086 0.003702060 0.000070092 1.093197584 -0.003702089 0.999993086 0.000409664 -1.754623294 -0.000068575 -0.000409920 0.999999940 66.117599487
0.999994755 0.003256425 0.000140468 1.101726770 -0.003256432 0.999994814 0.000044716 -1.764738321 -0.000140322 -0.000045173 0.999999940 66.670440674
0.999992669 0.003763228 -0.000674935 1.124234915 -0.003762705 0.999992609 0.000774874 -1.791279674 0.000677846 -0.000772329 0.999999464 67.172256470
0.999993742 0.003546961 0.000262126 1.119387269 -0.003547006 0.999993682 0.000165705 -1.798527837 -0.000261537 -0.000166634 1.000000000 67.740051270
0.999991655 0.004079201 -0.000200155 1.137989163 -0.004078972 0.999991000 0.001134468 -1.828415871 0.000204781 -0.001133642 0.999999344 68.265388489
0.999991059 0.004217756 -0.000298956 1.144819736 -0.004217589 0.999991059 0.000556523 -1.841943622 0.000301301 -0.000555257 0.999999821 68.801445007
0.999989986 0.004479029 -0.000112001 1.155996203 -0.004479021 0.999989986 0.000081230 -1.841139436 0.000112364 -0.000080727 1.000000000 69.343902588
0.999987841 0.004890007 0.000750995 1.160115957 -0.004889959 0.999988019 -0.000065328 -1.853222132 -0.000751306 0.000061655 0.999999762 69.893180847
0.999989629 0.004508188 0.000651811 1.176417947 -0.004508391 0.999989808 0.000311419 -1.875240922 -0.000650400 -0.000314355 0.999999702 70.426368713
0.999986410 0.005210303 0.000162883 1.189029694 -0.005210249 0.999986291 -0.000345964 -1.881918311 -0.000164683 0.000345110 0.999999881 70.964637756
0.999983490 0.005711892 0.000437086 1.192909479 -0.005711522 0.999983251 -0.000843685 -1.893647432 -0.000441898 0.000841175 0.999999523 71.508666992
0.999984980 0.005406810 0.000822842 1.199723363 -0.005407406 0.999985099 0.000725992 -1.925558567 -0.000818904 -0.000730430 0.999999404 72.038665771
0.999985695 0.005315387 0.000505040 1.208495617 -0.005315328 0.999985874 -0.000116977 -1.933396220 -0.000505655 0.000114291 0.999999940 72.593902588
0.999985397 0.005293883 0.001067074 1.217442632 -0.005294672 0.999985695 0.000737522 -1.959189892 -0.001063155 -0.000743161 0.999999166 73.120620728
0.999982715 0.005828007 0.000812016 1.227671742 -0.005828510 0.999982834 0.000619599 -1.970434308 -0.000808392 -0.000624321 0.999999523 73.659896851
0.999988973 0.004643435 0.000627320 1.245903134 -0.004643711 0.999989033 0.000441520 -1.986566424 -0.000625264 -0.000444428 0.999999702 74.192977905
0.999987662 0.004924923 0.000658304 1.257602692 -0.004925169 0.999987781 0.000371746 -1.996268153 -0.000656465 -0.000374984 0.999999642 74.738433838
0.999990821 0.004193784 0.000825302 1.266314626 -0.004194063 0.999991059 0.000335581 -2.011530399 -0.000823887 -0.000339040 0.999999583 75.282341003
0.999989867 0.004418431 0.000829578 1.279011250 -0.004418759 0.999990106 0.000393110 -2.029319048 -0.000827833 -0.000396772 0.999999583 75.825149536
0.999990284 0.004186866 0.001313240 1.284597754 -0.004186735 0.999991179 -0.000102207 -2.039494038 -0.001313656 0.000096708 0.999999225 76.376441956
0.999988914 0.004622892 0.001038624 1.300934553 -0.004623122 0.999989212 0.000217525 -2.060826302 -0.001037608 -0.000222324 0.999999464 76.922409058
0.999989688 0.004162308 -0.001872120 1.327567339 -0.004161200 0.999991119 0.000594816 -2.081338406 0.001874579 -0.000587020 0.999998093 77.441162109
0.999991477 0.004103618 0.000480303 1.323913693 -0.004103757 0.999991477 0.000289518 -2.091439247 -0.000479111 -0.000291486 0.999999762 77.977462769
0.999989748 0.004402661 0.001031651 1.328126669 -0.004402956 0.999990284 0.000282597 -2.105846643 -0.001030397 -0.000287136 0.999999404 78.522636414
0.999989927 0.004281295 0.001329138 1.342720389 -0.004281699 0.999990761 0.000301111 -2.121693373 -0.001327836 -0.000306799 0.999999046 79.066688538
0.999991536 0.004049739 0.000717074 1.358314514 -0.004049701 0.999991775 -0.000054025 -2.134319067 -0.000717287 0.000051120 0.999999762 79.611587524
0.999992430 0.003804398 0.000806037 1.370270610 -0.003804260 0.999992728 -0.000173473 -2.148243666 -0.000806691 0.000170405 0.999999642 80.150909424
0.999989212 0.004273210 0.001795146 1.384468794 -0.004273579 0.999990821 0.000199952 -2.165212393 -0.001794275 -0.000207621 0.999998391 80.695144653
0.999987841 0.003910263 0.002996468 1.397296906 -0.003910412 0.999992371 0.000043531 -2.180876017 -0.002996275 -0.000055248 0.999995530 81.234321594
0.999980628 0.004519028 0.004267309 1.409000635 -0.004519024 0.999989748 -0.000011093 -2.197923660 -0.004267315 -0.000008191 0.999990880 81.759208679
0.999974072 0.004220895 0.005836145 1.424118161 -0.004223412 0.999991000 0.000418936 -2.216090202 -0.005834325 -0.000443573 0.999982834 82.308792114
0.999947608 0.004723727 0.009080640 1.440855861 -0.004725283 0.999988794 0.000150076 -2.229547262 -0.009079830 -0.000192977 0.999958754 82.856201172
0.999897897 0.005345955 0.013252792 1.461579084 -0.005352112 0.999985576 0.000429188 -2.243301630 -0.013250306 -0.000500074 0.999912083 83.402282715
0.999860406 0.004617932 0.016059069 1.477477193 -0.004623749 0.999989212 0.000325129 -2.261597872 -0.016057393 -0.000399337 0.999871016 83.933036804
0.999768674 0.004592772 0.021011887 1.501789689 -0.004599948 0.999989390 0.000293270 -2.275106668 -0.021010319 -0.000389856 0.999779165 84.474365234
0.999624074 0.004806686 0.026993228 1.529121041 -0.004818206 0.999988258 0.000361822 -2.291097879 -0.026991175 -0.000491745 0.999635518 85.018989563
0.999457300 0.005187429 0.032530613 1.564449191 -0.005201654 0.999986410 0.000352690 -2.309298754 -0.032528333 -0.000521712 0.999470651 85.562866211
0.999229491 0.004959309 0.038933609 1.592988133 -0.004959213 0.999987662 -0.000099046 -2.319488049 -0.038933612 -0.000094111 0.999241769 86.108276367
0.998908579 0.004409342 0.046499640 1.640376806 -0.004434318 0.999990046 0.000433967 -2.337849617 -0.046497267 -0.000639687 0.998918235 86.640510559
0.998676300 0.003687506 0.051303916 1.708338499 -0.003728660 0.999992788 0.000706433 -2.363319397 -0.051300943 -0.000896792 0.998682857 87.176918030
0.998100996 0.004354208 0.061444115 1.736230850 -0.004423817 0.999989629 0.000996909 -2.374107122 -0.061439134 -0.001266834 0.998110056 87.729797363
0.997465551 0.004225812 0.071025446 1.787275314 -0.004245720 0.999991000 0.000129322 -2.379783869 -0.071024261 -0.000430548 0.997474492 88.278388977
0.996718347 0.004499067 0.080822662 1.852910042 -0.004499718 0.999989986 -0.000174080 -2.394996166 -0.080822609 -0.000190170 0.996728480 88.802719116
0.995996475 0.004435582 0.089283027 1.919260502 -0.004395175 0.999990165 -0.000649163 -2.404909611 -0.089285024 0.000254150 0.996006072 89.353904724
0.995223522 0.004604136 0.097513847 1.986872196 -0.004557667 0.999989450 -0.000699278 -2.423239946 -0.097516030 0.000251503 0.995233893 89.906990051
0.994099677 0.003514862 0.108413488 2.046814442 -0.003560555 0.999993563 0.000227893 -2.444322586 -0.108411998 -0.000612561 0.994105875 90.406913757
0.992883146 0.003655963 0.119036779 2.127235413 -0.003757716 0.999992669 0.000630364 -2.462262630 -0.119033612 -0.001073185 0.992889762 90.949882507
0.991752625 0.003407604 0.128121108 2.219877243 -0.003404133 0.999994159 -0.000246067 -2.470884800 -0.128121167 -0.000192104 0.991758525 91.492980957
0.990257859 0.003051416 0.139211878 2.319073677 -0.003110259 0.999995112 0.000205140 -2.486274958 -0.139210597 -0.000636126 0.990262568 92.050552368
0.988544703 0.002725997 0.150903419 2.425584793 -0.002721862 0.999996245 -0.000233962 -2.500233889 -0.150903478 -0.000179457 0.988548458 92.596710205
0.986853242 0.002718843 0.161595836 2.533894539 -0.002823881 0.999995947 0.000420335 -2.522367716 -0.161594048 -0.000871136 0.986856937 93.149856567
0.984969020 0.002382691 0.172714636 2.632873535 -0.002345184 0.999997139 -0.000421227 -2.521353483 -0.172715157 0.000009847 0.984971821 93.674797058
0.982680738 0.001573768 0.185299933 2.768166542 -0.001531460 0.999998748 -0.000371455 -2.540246010 -0.185300231 0.000081242 0.982681990 94.187065125
0.980276287 0.001676272 0.197624922 2.888252258 -0.001681780 0.999998569 -0.000139964 -2.558093786 -0.197624847 -0.000195158 0.980277836 94.718292236
0.978141427 0.001077326 0.207937971 3.018955231 -0.000994798 0.999999344 -0.000501458 -2.566061497 -0.207938403 0.000283640 0.978141844 95.254646301
0.975274742 0.001237268 0.220992044 3.165866852 -0.001269007 0.999999106 0.000001649 -2.589036703 -0.220991850 -0.000282048 0.975275636 95.775451660
0.972211659 0.000684611 0.234102368 3.322469711 -0.000691400 0.999999702 -0.000053068 -2.604135275 -0.234102309 -0.000110265 0.972211957 96.303855896
0.969470680 0.000521319 0.245206892 3.480777740 -0.000660734 0.999999583 0.000486295 -2.624503851 -0.245206550 -0.000633465 0.969470739 96.816055298
0.966243744 0.000891166 0.257628053 3.605312347 -0.000908332 0.999999583 -0.000052384 -2.630294085 -0.257627964 -0.000183396 0.966244280 97.327552795
0.962391555 0.001314380 0.271662951 3.768360138 -0.001409159 0.999998987 0.000153808 -2.647668362 -0.271662414 -0.000530840 0.962392449 97.851844788
0.958723187 0.001081040 0.284338951 3.937301636 -0.001237998 0.999999106 0.000372296 -2.666431189 -0.284338266 -0.000708940 0.958723843 98.368217468
0.955272257 0.001321848 0.295724899 4.111505508 -0.001325578 0.999999106 -0.000187874 -2.669327259 -0.295724899 -0.000212536 0.955273211 98.888595581
0.950967252 -0.000130995 0.309291631 4.303771973 0.000097437 1.000000000 0.000123944 -2.689259052 -0.309291631 -0.000087730 0.950967371 99.414161682
0.946819305 -0.001332646 0.321763128 4.512346268 0.001361312 0.999999106 0.000135901 -2.704971790 -0.321763068 0.000309346 0.946820259 99.904380798
0.942356229 -0.001012007 0.334609777 4.691581726 0.001111630 0.999999404 -0.000106227 -2.712537766 -0.334609479 0.000472066 0.942356765 100.420310974
0.937691748 -0.000958854 0.347466856 4.903553009 0.001204031 0.999999106 -0.000489709 -2.727191687 -0.347466081 0.000877557 0.937692106 100.932090759
0.932381630 -0.002146030 0.361468852 5.125663757 0.002335514 0.999997199 -0.000087328 -2.743479490 -0.361467659 0.000925638 0.932384193 101.440834045
0.927711546 -0.002067409 0.373292059 5.352161407 0.002294802 0.999997377 -0.000164778 -2.762413740 -0.373290718 0.001009497 0.927713931 101.937515259
0.922914267 -0.002689997 0.384996086 5.582084656 0.003111738 0.999995053 -0.000472431 -2.768426895 -0.384992927 0.001634020 0.922918081 102.449882507
0.917077184 -0.003419231 0.398694992 5.824245453 0.003554876 0.999993563 0.000399088 -2.791106224 -0.398693830 0.001051317 0.917083502 102.932998657
0.910938263 -0.003646788 0.412526816 6.052173615 0.004102819 0.999991477 -0.000219759 -2.796749115 -0.412522584 0.001892709 0.910945415 103.417274475
0.905867875 -0.003979962 0.423541665 6.304920197 0.004785105 0.999988198 -0.000837597 -2.809330463 -0.423533291 0.002785444 0.905876160 103.895515442
0.899752736 -0.004266550 0.436379164 6.582695007 0.004830896 0.999988317 -0.000183584 -2.833909750 -0.436373264 0.002273283 0.899762809 104.389228821
0.892732203 -0.004234172 0.450567782 6.818416595 0.004791028 0.999988496 -0.000095393 -2.838751316 -0.450562149 0.002243843 0.892742217 104.872482300
0.886895597 -0.005181030 0.461940825 7.099239349 0.005842102 0.999982953 -0.000000851 -2.855777979 -0.461932898 0.002699460 0.886910737 105.346023560
0.881020308 -0.005607918 0.473045260 7.367366791 0.006169265 0.999980867 0.000364791 -2.869398832 -0.473038256 0.002596953 0.881038070 105.819419861
0.873311162 -0.005717625 0.487129271 7.632564545 0.006434725 0.999979377 0.000201156 -2.880844355 -0.487120301 0.002958871 0.873329818 106.293426514
