1.000000000 0.000000000 0.000000000 0.000000000 0.000000000 1.000000000 0.000000000 0.000000000 0.000000000 0.000000000 1.000000000 0.000000000
1.000000000 0.000063275 0.000000030 0.000221071 -0.000063275 1.000000000 -0.000050095 0.000820328 -0.000000033 0.000050095 1.000000000 0.000443291
1.000000000 0.000023496 0.000071729 -0.000342672 -0.000023499 1.000000000 0.000044742 -0.000023422 -0.000071728 -0.000044744 1.000000000 0.000311053
1.000000000 -0.000047612 0.000055365 -0.000273971 0.000047614 1.000000000 -0.000028225 0.000733502 -0.000055363 0.000028228 1.000000000 0.000461023
1.000000000 -0.000062634 0.000087242 -0.000287221 0.000062633 1.000000000 0.000016507 0.000041046 -0.000087244 -0.000016502 1.000000000 0.000065426
1.000000000 0.000047611 0.000110390 -0.000528120 -0.000047605 1.000000000 -0.000052734 0.000913893 -0.000110393 0.000052728 1.000000000 0.000219590
1.000000000 -0.000108847 0.000067771 0.000006548 0.000108849 1.000000000 -0.000037628 0.000417997 -0.000067767 0.000037635 1.000000000 0.000647353
1.000000000 0.000003975 0.000057965 -0.000373306 -0.000003977 1.000000000 0.000027064 -0.000138738 -0.000057965 -0.000027064 1.000000000 0.000080513
1.000000000 0.000026273 -0.000011936 -0.000672967 -0.000026274 1.000000000 -0.000076099 -0.000101678 0.000011934 0.000076100 1.000000000 -0.000650116
1.000000000 -0.000018733 0.000100508 -0.000101381 0.000018733 1.000000000 0.000003894 -0.000593417 -0.000100508 -0.000003892 1.000000000 0.000422058
1.000000000 0.000041999 0.000082307 -0.001013520 -0.000042001 1.000000000 0.000025626 -0.000486788 -0.000082306 -0.000025629 1.000000000 0.000526796
1.000000000 0.000034592 0.000116346 -0.000358804 -0.000034590 1.000000000 -0.000014032 0.000279319 -0.000116347 0.000014028 1.000000000 0.001099109
1.000000000 0.000060962 0.000024489 -0.001118361 -0.000060959 1.000000000 -0.000117026 -0.000187682 -0.000024496 0.000117025 1.000000000 -0.001059702
1.000000000 -0.000001660 0.000071252 -0.000820031 0.000001664 1.000000000 -0.000061032 0.000509301 -0.000071252 0.000061032 1.000000000 0.000788928
1.000000000 0.000024946 0.000067510 -0.000977834 -0.000024936 1.000000000 -0.000138601 0.001236867 -0.000067514 0.000138600 1.000000000 0.001164628
1.000000000 -0.000025244 0.000000805 0.000823914 0.000025244 1.000000000 -0.000076032 0.000912983 -0.000000803 0.000076032 1.000000000 0.002182919
1.000000000 0.000102105 0.000096549 -0.000841471 -0.000102093 1.000000000 -0.000129224 0.001622673 -0.000096562 0.000129214 1.000000000 0.002114821
1.000000000 0.000152160 0.000074915 -0.001028230 -0.000152150 1.000000000 -0.000134543 0.000964252 -0.000074935 0.000134532 1.000000000 0.001566628
1.000000000 0.000160351 0.000134931 -0.001016255 -0.000160340 1.000000000 -0.000082503 0.001406909 -0.000134944 0.000082481 1.000000000 0.002411124
1.000000000 0.000102157 0.000128038 -0.000823606 -0.000102147 1.000000000 -0.000079276 0.000505410 -0.000128046 0.000079263 1.000000000 0.001232178
1.000000000 -0.000002041 0.000108953 -0.001165507 0.000002048 1.000000000 -0.000065629 0.000392338 -0.000108953 0.000065629 1.000000000 0.000864586
1.000000000 0.000146830 0.000117803 -0.001249320 -0.000146826 1.000000000 -0.000039239 0.001094547 -0.000117809 0.000039222 1.000000000 0.000783416
1.000000000 0.000085686 0.000035081 -0.000586941 -0.000085682 1.000000000 -0.000102404 0.001482038 -0.000035090 0.000102401 1.000000000 0.002526244
1.000000000 0.000066773 0.000058775 -0.000966727 -0.000066769 1.000000000 -0.000061498 0.001689785 -0.000058779 0.000061494 1.000000000 0.002446346
0.999999940 0.000325086 0.000045826 -0.001109705 -0.000325084 0.999999940 -0.000057212 0.001846444 -0.000045845 0.000057197 1.000000000 0.003413896
0.999999940 0.000244311 0.000105365 -0.001440250 -0.000244304 0.999999940 -0.000058405 0.001572716 -0.000105379 0.000058379 1.000000000 0.001547643
1.000000000 0.000069809 0.000145574 -0.000783424 -0.000069797 1.000000000 -0.000077184 0.002391710 -0.000145579 0.000077173 1.000000000 0.003072235
1.000000000 0.000123297 0.000175975 -0.001889798 -0.000123290 1.000000000 -0.000041706 0.001599232 -0.000175980 0.000041684 1.000000000 0.002540033
1.000000000 0.000155996 0.000097818 -0.001490486 -0.000155986 1.000000000 -0.000101459 0.002385390 -0.000097833 0.000101444 1.000000000 0.002331864
1.000000000 0.000022103 0.000064054 -0.001115319 -0.000022101 1.000000000 -0.000038075 0.000975570 -0.000064055 0.000038073 1.000000000 0.001446767
1.000000000 0.000056725 0.000155035 -0.001469648 -0.000056726 1.000000000 0.000009446 0.000720721 -0.000155035 -0.000009455 1.000000000 0.002414136
1.000000000 0.000065993 0.000192079 -0.001253403 -0.000065981 1.000000000 -0.000061868 0.002159769 -0.000192083 0.000061855 1.000000000 0.003747249
1.000000000 0.000196099 0.000095882 -0.000619695 -0.000196080 0.999999940 -0.000202522 0.003228850 -0.000095921 0.000202503 1.000000000 0.003948784
1.000000000 0.000153005 0.000171719 -0.001466363 -0.000152990 1.000000000 -0.000089931 0.001603724 -0.000171732 0.000089904 1.000000000 0.001717283
0.999999940 0.000229345 0.000212612 -0.002665608 -0.000229314 0.999999940 -0.000146214 0.002011569 -0.000212645 0.000146165 0.999999940 0.002578238
0.999999940 0.000196428 0.000235238 -0.001980859 -0.000196410 1.000000000 -0.000079355 0.001022273 -0.000235253 0.000079309 0.999999940 0.001484449
1.000000000 0.000154656 0.000098103 -0.002080321 -0.000154657 1.000000000 0.000009234 0.000852990 -0.000098101 -0.000009249 1.000000000 0.000620548
1.000000000 0.000152494 0.000093764 -0.001687881 -0.000152488 1.000000000 -0.000063211 0.002040692 -0.000093774 0.000063197 1.000000000 0.001887986
0.999999940 0.000193417 0.000194712 -0.002031919 -0.000193400 1.000000000 -0.000088434 0.001980113 -0.000194729 0.000088397 1.000000000 0.001489528
1.000000000 0.000193267 0.000117976 -0.000809223 -0.000193254 1.000000000 -0.000104921 0.002975731 -0.000117996 0.000104898 1.000000000 0.002910657
1.000000000 -0.000027234 0.000036268 0.000106537 0.000027239 1.000000000 -0.000134192 0.001196010 -0.000036264 0.000134193 1.000000000 0.002623956
0.999999583 0.000820147 -0.000162800 0.000034151 -0.000820263 0.999999404 -0.000712486 -0.001402042 0.000162216 0.000712619 0.999999702 0.053327855
0.999999642 0.000772028 -0.000159137 0.001572562 -0.000772246 0.999998748 -0.001374840 -0.002015367 0.000158075 0.001374963 0.999999046 0.142880201
0.999999762 0.000629584 0.000168787 0.001985056 -0.000629398 0.999999166 -0.001102777 -0.008255844 -0.000169481 0.001102670 0.999999404 0.254909247
0.999999762 0.000630730 0.000177234 0.005208067 -0.000630544 0.999999225 -0.001044073 -0.011312523 -0.000177892 0.001043961 0.999999464 0.387040466
0.999999821 0.000544009 0.000159178 0.007541136 -0.000543841 0.999999285 -0.001051659 -0.015575683 -0.000159750 0.001051573 0.999999464 0.527159035
0.999999940 0.000365039 0.000194986 0.011523851 -0.000364858 0.999999523 -0.000925662 -0.021697879 -0.000195324 0.000925591 0.999999583 0.678388178
0.999999881 0.000472375 0.000186482 0.014675895 -0.000472258 0.999999821 -0.000628223 -0.026463754 -0.000186778 0.000628135 0.999999762 0.840339720
0.999999881 0.000519947 0.000239613 0.015305275 -0.000519843 0.999999762 -0.000430554 -0.032936115 -0.000239837 0.000430430 0.999999881 1.008737564
0.999999940 0.000351019 -0.000024474 0.022117898 -0.000351032 0.999999762 -0.000521444 -0.035477921 0.000024291 0.000521453 0.999999821 1.180902839
0.999999762 0.000690992 0.000047612 0.025823494 -0.000690975 0.999999702 -0.000362760 -0.037717488 -0.000047862 0.000362727 0.999999940 1.370612621
0.999999762 0.000558801 0.000059655 0.029167388 -0.000558793 0.999999762 -0.000130196 -0.045557469 -0.000059728 0.000130163 1.000000000 1.560586095
0.999999940 0.000380278 -0.000048230 0.035090771 -0.000380291 0.999999881 -0.000264571 -0.048590705 0.000048130 0.000264590 0.999999940 1.757272124
0.999999821 0.000563963 0.000108561 0.037775412 -0.000563989 0.999999821 0.000246427 -0.057742037 -0.000108422 -0.000246489 0.999999940 1.949095249
1.000000000 0.000062244 0.000154641 0.042226903 -0.000062260 1.000000000 0.000104869 -0.063387387 -0.000154635 -0.000104878 1.000000000 2.155272961
0.999999523 0.000842248 0.000430090 0.044006232 -0.000842269 0.999999583 0.000048182 -0.066653922 -0.000430049 -0.000048544 0.999999821 2.373218060
0.999999642 0.000660069 0.000501534 0.047973052 -0.000660045 0.999999702 -0.000047001 -0.073919892 -0.000501564 0.000046670 0.999999881 2.592274904
0.999999940 0.000245470 0.000303860 0.055942841 -0.000245499 0.999999881 0.000097121 -0.083134785 -0.000303836 -0.000097196 0.999999940 2.813323975
0.999999940 0.000103171 0.000435487 0.060582183 -0.000103177 1.000000000 0.000012378 -0.087065615 -0.000435486 -0.000012423 0.999999821 3.046949863
0.999999940 0.000219503 0.000167060 0.067697719 -0.000219614 0.999999702 0.000661234 -0.097698547 -0.000166914 -0.000661270 0.999999762 3.289047003
0.999999762 0.000457861 0.000520219 0.070266284 -0.000458234 0.999999583 0.000717125 -0.104669571 -0.000519890 -0.000717363 0.999999583 3.537002325
0.999999464 0.000803303 0.000640460 0.075005494 -0.000803713 0.999999404 0.000639303 -0.109892726 -0.000639946 -0.000639817 0.999999583 3.784214973
0.999999523 0.000712634 0.000563830 0.078466482 -0.000712957 0.999999523 0.000572916 -0.115490928 -0.000563421 -0.000573318 0.999999702 4.045564175
0.999999106 0.001033991 0.000833122 0.083604455 -0.001034490 0.999999285 0.000598639 -0.120121688 -0.000832503 -0.000599501 0.999999523 4.305918694
0.999999762 0.000380187 0.000560978 0.090005569 -0.000380557 0.999999702 0.000659017 -0.129733384 -0.000560727 -0.000659230 0.999999642 4.558324814
0.999999106 0.000966776 0.000897975 0.092546314 -0.000967473 0.999999225 0.000775839 -0.139619559 -0.000897224 -0.000776707 0.999999285 4.802227020
0.999998569 0.001472540 0.000787036 0.099084720 -0.001473031 0.999998748 0.000624228 -0.145428807 -0.000786116 -0.000625386 0.999999464 5.060130119
0.999999046 0.001037711 0.001048632 0.101934001 -0.001038365 0.999999225 0.000623336 -0.153290540 -0.001047984 -0.000624424 0.999999285 5.321920395
0.999999046 0.000942784 0.000924566 0.106662847 -0.000943559 0.999999225 0.000838979 -0.162906557 -0.000923774 -0.000839851 0.999999225 5.586017609
0.999998808 0.000985207 0.001175359 0.105187096 -0.000986235 0.999999046 0.000873970 -0.171512887 -0.001174497 -0.000875128 0.999998927 5.844244480
0.999998450 0.001254431 0.001256125 0.114274219 -0.001255189 0.999999046 0.000602530 -0.177669317 -0.001255368 -0.000604105 0.999999046 6.126696110
0.999997377 0.001644645 0.001572973 0.120245181 -0.001645974 0.999998331 0.000843852 -0.183854416 -0.001571582 -0.000846439 0.999998450 6.416675091
0.999998450 0.001194877 0.001231559 0.129761428 -0.001196130 0.999998689 0.001017367 -0.196365297 -0.001230341 -0.001018838 0.999998748 6.695419788
0.999998569 0.001127265 0.001248268 0.135954916 -0.001128285 0.999999046 0.000816890 -0.202701643 -0.001247346 -0.000818297 0.999998868 6.996150494
0.999997914 0.001478926 0.001375443 0.138310239 -0.001480077 0.999998569 0.000835827 -0.211418703 -0.001374205 -0.000837861 0.999998689 7.294059753
0.999998450 0.001111094 0.001315501 0.143747181 -0.001112217 0.999998987 0.000853349 -0.222572774 -0.001314551 -0.000854811 0.999998748 7.594024658
0.999998152 0.001299362 0.001371867 0.152581468 -0.001300116 0.999998927 0.000548506 -0.226713747 -0.001371153 -0.000550289 0.999998927 7.911624432
0.999997258 0.001400243 0.001852858 0.153708100 -0.001402089 0.999998510 0.000995729 -0.243262500 -0.001851460 -0.000998324 0.999997795 8.215629578
0.999997616 0.001437409 0.001648531 0.163366511 -0.001439214 0.999998331 0.001093871 -0.251573265 -0.001646956 -0.001096241 0.999998093 8.533125877
0.999997199 0.001516497 0.001791383 0.167759746 -0.001518064 0.999998450 0.000873868 -0.258135319 -0.001790055 -0.000876585 0.999998033 8.880565643
0.999996901 0.001807680 0.001777422 0.175070226 -0.001809416 0.999997914 0.000975714 -0.272451103 -0.001775655 -0.000978927 0.999997973 9.218223572
0.999995828 0.002135621 0.001970034 0.182021484 -0.002138089 0.999996901 0.001251463 -0.284089774 -0.001967355 -0.001255670 0.999997377 9.562668800
0.999996543 0.001956536 0.001756071 0.191189319 -0.001958747 0.999997318 0.001258178 -0.291523367 -0.001753605 -0.001261614 0.999997675 9.914517403
0.999996543 0.001992822 0.001683739 0.198406428 -0.001995096 0.999997079 0.001349735 -0.302957207 -0.001681045 -0.001353090 0.999997616 10.270552635
0.999996245 0.002001736 0.001868592 0.206320509 -0.002004109 0.999997139 0.001268375 -0.312360346 -0.001866048 -0.001272116 0.999997437 10.623148918
0.999996543 0.001946504 0.001754838 0.215032831 -0.001948664 0.999997318 0.001230615 -0.320919186 -0.001752438 -0.001234031 0.999997616 10.992698669
0.999996960 0.001886614 0.001600328 0.224351585 -0.001888638 0.999997437 0.001264340 -0.331843525 -0.001597938 -0.001267358 0.999997914 11.364208221
0.999995589 0.002263356 0.001886259 0.231446803 -0.002265556 0.999996781 0.001165030 -0.341235280 -0.001883616 -0.001169299 0.999997497 11.744498253
0.999994755 0.002527756 0.002029292 0.235332191 -0.002530353 0.999996006 0.001278261 -0.354452342 -0.002026052 -0.001283389 0.999997139 12.126422882
0.999994576 0.002334437 0.002327557 0.248268604 -0.002338230 0.999995947 0.001628363 -0.369666696 -0.002323746 -0.001633796 0.999996006 12.514028549
0.999993324 0.002580029 0.002597461 0.251250863 -0.002584305 0.999995291 0.001644602 -0.378653228 -0.002593206 -0.001651303 0.999995232 12.923680305
0.999993384 0.002254121 0.002865184 0.258764118 -0.002258295 0.999996364 0.001454512 -0.391471505 -0.002861895 -0.001460973 0.999994814 13.319108963
0.999992669 0.002297354 0.003055349 0.269242585 -0.002302306 0.999996066 0.001618289 -0.402305841 -0.003051619 -0.001625312 0.999994040 13.720575333
0.999991059 0.002782841 0.003178887 0.278792232 -0.002788279 0.999994636 0.001707521 -0.412309706 -0.003174118 -0.001716370 0.999993443 14.134319305
0.999989271 0.003015876 0.003514843 0.283511728 -0.003021449 0.999994159 0.001581262 -0.426257432 -0.003510054 -0.001591865 0.999992549 14.552423477
0.999988675 0.002892915 0.003810219 0.300424010 -0.002898843 0.999994576 0.001551339 -0.437021196 -0.003805711 -0.001562366 0.999991536 14.996543884
0.999987066 0.002971837 0.004133792 0.311984271 -0.002978515 0.999994218 0.001610259 -0.451359510 -0.004128983 -0.001622551 0.999990106 15.431403160
0.999984443 0.002960015 0.004728457 0.318749368 -0.002968744 0.999993920 0.001839985 -0.464101553 -0.004722982 -0.001853994 0.999987125 15.870587349
0.999981821 0.003236749 0.005082590 0.330274820 -0.003246361 0.999993086 0.001884201 -0.474861175 -0.005076456 -0.001900667 0.999985278 16.311943054
0.999981284 0.003321989 0.005139956 0.340143442 -0.003329035 0.999993563 0.001362777 -0.484741658 -0.005135395 -0.001379863 0.999985874 16.757246017
0.999976039 0.003748216 0.005809227 0.348431200 -0.003759100 0.999991119 0.001863758 -0.503149986 -0.005802189 -0.001885551 0.999981403 17.194549561
0.999976337 0.003499492 0.005916598 0.360821784 -0.003510978 0.999991894 0.001932080 -0.515109956 -0.005909789 -0.001952807 0.999980628 17.654533386
0.999977946 0.003134280 0.005854074 0.377365053 -0.003145056 0.999993384 0.001832444 -0.527507246 -0.005848292 -0.001850815 0.999981105 18.121482849
0.999976635 0.003165118 0.006056130 0.395021021 -0.003175365 0.999993563 0.001683052 -0.535799265 -0.006050765 -0.001702243 0.999980271 18.587511063
0.999970734 0.004009001 0.006519554 0.403861582 -0.004016859 0.999991179 0.001192539 -0.536360204 -0.006514717 -0.001218693 0.999978065 19.095741272
0.999972165 0.003810798 0.006410080 0.422830462 -0.003819161 0.999991894 0.001293162 -0.560086966 -0.006405099 -0.001317607 0.999978542 19.544830322
0.999973476 0.003700166 0.006275356 0.434310615 -0.003710024 0.999991894 0.001560070 -0.576462805 -0.006269533 -0.001583310 0.999979079 20.028863907
0.999972403 0.003806870 0.006370207 0.447618902 -0.003815989 0.999991715 0.001419958 -0.589345992 -0.006364748 -0.001444228 0.999978721 20.527341843
0.999979496 0.003313006 0.005476512 0.465020537 -0.003318648 0.999994040 0.001021369 -0.592869401 -0.005473097 -0.001039523 0.999984443 21.037397385
0.999978542 0.003356321 0.005642143 0.470158488 -0.003363001 0.999993682 0.001174702 -0.608125210 -0.005638164 -0.001193651 0.999983370 21.543058395
0.999978960 0.003707470 0.005320380 0.481076121 -0.003712606 0.999992669 0.000955824 -0.619300425 -0.005316798 -0.000975557 0.999985397 22.054975510
0.999984503 0.003266165 0.004500914 0.498707414 -0.003271543 0.999993920 0.001187881 -0.634117603 -0.004497007 -0.001202587 0.999989152 22.563663483
0.999986649 0.003355303 0.003923225 0.504992187 -0.003359637 0.999993682 0.001098944 -0.648678720 -0.003919513 -0.001112110 0.999991655 23.070362091
0.999990284 0.003031217 0.003194807 0.515044093 -0.003035962 0.999994278 0.001481450 -0.668590248 -0.003190298 -0.001491135 0.999993801 23.585542679
0.999993265 0.002325956 0.002837386 0.522398293 -0.002328170 0.999997079 0.000777225 -0.682770371 -0.002835569 -0.000783826 0.999995708 24.112968445
0.999995887 0.002183402 0.001850776 0.538219452 -0.002185932 0.999996662 0.001365944 -0.702523172 -0.001847787 -0.001369984 0.999997377 24.634208679
0.999996662 0.002315657 0.001121877 0.547749639 -0.002317480 0.999995947 0.001626118 -0.718588293 -0.001118107 -0.001628713 0.999998033 25.176021576
0.999994755 0.003151534 0.000744969 0.553795278 -0.003152916 0.999993265 0.001862982 -0.735862970 -0.000739093 -0.001865321 0.999997973 25.719631195
0.999994934 0.003149349 0.000289707 0.563784897 -0.003149847 0.999993503 0.001735024 -0.751698732 -0.000284241 -0.001735928 0.999998450 26.272258759
0.999996483 0.002620456 -0.000106891 0.577292562 -0.002620251 0.999994814 0.001867999 -0.760061741 0.000111786 -0.001867713 0.999998271 26.840312958
0.999996185 0.002713429 -0.000518049 0.588303387 -0.002712196 0.999993443 0.002367284 -0.783769786 0.000524469 -0.002365870 0.999997020 27.388854980
0.999995351 0.002929228 -0.000836000 0.598170638 -0.002927762 0.999994099 0.001750085 -0.795390606 0.000841122 -0.001747629 0.999998093 27.945583344
0.999993742 0.003370780 -0.001087018 0.604962111 -0.003368880 0.999992788 0.001745427 -0.805266380 0.001092893 -0.001741754 0.999997854 28.500560760
0.999993980 0.003268133 -0.001174379 0.615731835 -0.003265961 0.999992967 0.001846364 -0.821730793 0.001180405 -0.001842518 0.999997616 29.058256149
0.999993443 0.003112222 -0.001848985 0.625610769 -0.003109542 0.999994040 0.001450633 -0.832659125 0.001853489 -0.001444874 0.999997199 29.613012314
0.999992549 0.003240502 -0.002093888 0.633417010 -0.003237748 0.999993861 0.001317595 -0.844187498 0.002098145 -0.001310806 0.999996960 30.170616150
0.999991536 0.003054963 -0.002765058 0.647152305 -0.003050921 0.999994278 0.001464903 -0.861648142 0.002769518 -0.001456454 0.999995112 30.722402573
0.999991000 0.003151474 -0.002818458 0.658313990 -0.003147069 0.999993801 0.001565862 -0.874199450 0.002823375 -0.001556978 0.999994814 31.272546768
0.999985814 0.004401207 -0.002979872 0.662141204 -0.004396691 0.999989152 0.001520423 -0.884830892 0.002986531 -0.001507301 0.999994457 31.822446823
0.999987841 0.003269549 -0.003684615 0.681268334 -0.003264000 0.999993503 0.001510945 -0.900673926 0.003689531 -0.001498900 0.999992013 32.372215271
0.999987543 0.003241479 -0.003795550 0.685173452 -0.003236598 0.999993920 0.001291476 -0.911486387 0.003799712 -0.001279175 0.999991953 32.919582367
0.999987602 0.003029502 -0.003956427 0.691676855 -0.003024943 0.999994755 0.001157857 -0.929581344 0.003959914 -0.001145875 0.999991417 33.451007843
0.999985635 0.003407482 -0.004116648 0.703539848 -0.003402257 0.999993503 0.001275557 -0.943847537 0.004120967 -0.001261533 0.999990702 34.003742218
0.999984086 0.003689382 -0.004274474 0.707956076 -0.003684320 0.999992609 0.001191340 -0.955181777 0.004278838 -0.001175573 0.999990165 34.543727875
0.999981225 0.003381967 -0.005117489 0.722677529 -0.003375180 0.999993384 0.001334509 -0.979212224 0.005121969 -0.001317212 0.999986053 35.061504364
0.999982715 0.003673491 -0.004594784 0.719746470 -0.003668390 0.999992669 0.001118079 -0.991172850 0.004598859 -0.001101204 0.999988794 35.593795776
0.999983430 0.004257556 -0.003876950 0.729283094 -0.004251887 0.999989808 0.001469459 -1.005345821 0.003883168 -0.001452951 0.999991417 36.156795502
0.999982238 0.003637382 -0.004727738 0.736129820 -0.003632239 0.999992788 0.001096136 -1.023751378 0.004731692 -0.001078944 0.999988198 36.697063446
0.999980092 0.004158793 -0.004772437 0.739764214 -0.004154862 0.999991000 0.000833138 -1.035480976 0.004775861 -0.000813292 0.999988258 37.247169495
0.999980152 0.004178071 -0.004713075 0.747472823 -0.004177016 0.999991179 0.000233796 -1.047032595 0.004714012 -0.000214105 0.999988854 37.790557861
0.999978185 0.004313090 -0.004999598 0.761063218 -0.004312160 0.999990702 0.000196562 -1.061615944 0.005000398 -0.000174999 0.999987483 38.321632385
0.999975801 0.004583237 -0.005232873 0.771946549 -0.004582146 0.999989450 0.000220142 -1.067204237 0.005233827 -0.000196159 0.999986291 38.885044098
0.999977887 0.004276130 -0.005090440 0.780776024 -0.004273979 0.999990761 0.000433737 -1.093045115 0.005092247 -0.000411971 0.999986947 39.407218933
0.999977589 0.004491030 -0.004964909 0.785189509 -0.004488759 0.999989808 0.000468303 -1.108358383 0.004966960 -0.000446006 0.999987543 39.958072662
0.999977708 0.004472088 -0.004954435 0.794362843 -0.004469919 0.999989927 0.000448551 -1.124457717 0.004956391 -0.000426395 0.999987602 40.505218506
0.999976873 0.004309617 -0.005266706 0.807659268 -0.004309161 0.999990761 0.000097877 -1.136917114 0.005267079 -0.000075180 0.999986112 41.058753967
0.999976516 0.004092025 -0.005501787 0.812821150 -0.004090055 0.999991536 0.000369211 -1.152748466 0.005503251 -0.000346699 0.999984741 41.600490570
0.999975085 0.004850180 -0.005129126 0.824388504 -0.004848386 0.999988258 0.000362301 -1.163975835 0.005130824 -0.000337424 0.999986768 42.176811218
0.999976933 0.004521959 -0.005075443 0.829717696 -0.004519132 0.999989688 0.000568267 -1.190562487 0.005077960 -0.000545317 0.999986947 42.649044037
0.999974430 0.004750677 -0.005350614 0.827409804 -0.004750487 0.999988735 0.000048050 -1.195253253 0.005350781 -0.000022631 0.999985635 43.240364075
0.999973178 0.004676744 -0.005647214 0.841769516 -0.004678180 0.999989092 -0.000241012 -1.213737249 0.005646026 0.000267424 0.999984026 43.800861359
0.999975801 0.004145668 -0.005591089 0.847615242 -0.004145533 0.999991417 0.000035661 -1.225559115 0.005591189 -0.000012482 0.999984384 44.343505859
0.999974787 0.004097983 -0.005802784 0.853418469 -0.004097803 0.999991536 0.000042775 -1.242627621 0.005802909 -0.000018995 0.999983191 44.893783569
0.999974728 0.004200666 -0.005733754 0.862841487 -0.004202251 0.999991119 -0.000264374 -1.256057858 0.005732592 0.000288462 0.999983549 45.448356628
0.999975741 0.003982608 -0.005710584 0.869205117 -0.003982507 0.999992013 0.000029149 -1.270328641 0.005710655 -0.000006406 0.999983728 45.995159149
0.999973536 0.003979574 -0.006090950 0.877232075 -0.003982973 0.999991894 -0.000546244 -1.279790282 0.006088726 0.000570490 0.999981225 46.562412262
0.999973297 0.003782471 -0.006240230 0.888241410 -0.003784188 0.999992728 -0.000263403 -1.291581631 0.006239190 0.000287011 0.999980509 47.112789154
0.999968588 0.003415501 -0.007141827 0.899746239 -0.003415565 0.999994099 0.000003175 -1.308663845 0.007141797 0.000021219 0.999974489 47.669509888
0.999970317 0.004327549 -0.006378443 0.899859786 -0.004331383 0.999990404 -0.000587278 -1.320686460 0.006375842 0.000614888 0.999979496 48.216369629
0.999968469 0.004364315 -0.006653974 0.908109963 -0.004369512 0.999990165 -0.000766514 -1.334708571 0.006650562 0.000795564 0.999977589 48.762966156
0.999971509 0.004090538 -0.006334454 0.913315892 -0.004095166 0.999991357 -0.000717697 -1.349814177 0.006331466 0.000743617 0.999979615 49.312297821
0.999971032 0.004539255 -0.006107961 0.924932241 -0.004543555 0.999989450 -0.000690459 -1.366022825 0.006104762 0.000718191 0.999981105 49.855632782
0.999970973 0.004967104 -0.005779708 0.925770938 -0.004969876 0.999987543 -0.000465388 -1.382304788 0.005777325 0.000494098 0.999983191 50.391647339
0.999970078 0.005009540 -0.005888978 0.934405625 -0.005012157 0.999987364 -0.000429665 -1.403195977 0.005886751 0.000459168 0.999982595 50.922100067
0.999971211 0.005262986 -0.005467420 0.943152547 -0.005264001 0.999986112 -0.000171211 -1.419759274 0.005466442 0.000199986 0.999984980 51.466949463
0.999970734 0.005142208 -0.005686473 0.950805306 -0.005144577 0.999986708 -0.000401808 -1.430427432 0.005684330 0.000431050 0.999983728 52.009532928
0.999968708 0.006009168 -0.005133284 0.950231910 -0.006012956 0.999981642 -0.000722676 -1.445738316 0.005128847 0.000753519 0.999986589 52.544948578
0.999970496 0.005757928 -0.005079496 0.959431112 -0.005760561 0.999983251 -0.000504161 -1.459209442 0.005076508 0.000533407 0.999986947 53.092758179
0.999969602 0.005874524 -0.005130092 0.969949603 -0.005877215 0.999982595 -0.000509735 -1.478679657 0.005127006 0.000539871 0.999986708 53.629768372
0.999970138 0.006189093 -0.004623124 0.974073529 -0.006193869 0.999980271 -0.001019176 -1.491106987 0.004616725 0.001047781 0.999988794 54.192798615
0.999970436 0.006256512 -0.004462455 0.982369304 -0.006263530 0.999979079 -0.001560960 -1.502370238 0.004452596 0.001588864 0.999988854 54.742553711
0.999971271 0.006224063 -0.004323702 0.985565364 -0.006230036 0.999979675 -0.001369067 -1.518916726 0.004315094 0.001395964 0.999989629 55.293323517
0.999972463 0.005981658 -0.004379343 0.992717385 -0.005987421 0.999981225 -0.001303406 -1.532141328 0.004371463 0.001329591 0.999989569 55.840908051
0.999972463 0.005886056 -0.004503646 1.002544999 -0.005889831 0.999982297 -0.000825572 -1.552094936 0.004498705 0.000852075 0.999989510 56.371829987
0.999971807 0.006271780 -0.004135773 1.009702444 -0.006276226 0.999979734 -0.001062904 -1.569228172 0.004129024 0.001088831 0.999990821 56.924240112
0.999969244 0.006234725 -0.004745983 1.021253705 -0.006240109 0.999979854 -0.001120789 -1.582335711 0.004738898 0.001150370 0.999988139 57.473926544
0.999971330 0.006687562 -0.003557298 1.013105273 -0.006691960 0.999976873 -0.001225628 -1.599112511 0.003549020 0.001249398 0.999992847 57.986713409
0.999972582 0.006603623 -0.003359657 1.021266699 -0.006606872 0.999977708 -0.000957399 -1.618170023 0.003353260 0.000979569 0.999993920 58.509723663
0.999971211 0.006863311 -0.003243924 1.026604891 -0.006866137 0.999976039 -0.000860351 -1.633262038 0.003237942 0.000882599 0.999994397 59.029453278
0.999971390 0.007061728 -0.002697044 1.031635761 -0.007064790 0.999974370 -0.001127715 -1.653794765 0.002689012 0.001146737 0.999995708 59.553207397
0.999969900 0.007274793 -0.002678483 1.040451288 -0.007277307 0.999972999 -0.000929868 -1.671757460 0.002671646 0.000949332 0.999996006 60.083621979
0.999969065 0.007281296 -0.002956058 1.048748732 -0.007284583 0.999972880 -0.001102356 -1.686808348 0.002947952 0.001123855 0.999995053 60.619747162
0.999969125 0.007186720 -0.003160545 1.059741735 -0.007189759 0.999973714 -0.000951147 -1.707500815 0.003153626 0.000973841 0.999994576 61.142356873
0.999969661 0.007252806 -0.002828036 1.067536592 -0.007255761 0.999973118 -0.001036231 -1.722500563 0.002820444 0.001056720 0.999995470 61.675876617
0.999966919 0.007650108 -0.002771586 1.072361946 -0.007653361 0.999970019 -0.001165954 -1.743609548 0.002762582 0.001187127 0.999995410 62.206565857
0.999967694 0.007697058 -0.002314999 1.080167294 -0.007699803 0.999969661 -0.001178258 -1.766384482 0.002305859 0.001196045 0.999996603 62.737220764
0.999963582 0.008212285 -0.002287606 1.090561032 -0.008214883 0.999965608 -0.001128954 -1.786144137 0.002278255 0.001147705 0.999996722 63.268146515
0.999966621 0.007913411 -0.002046193 1.098674536 -0.007916273 0.999967635 -0.001393625 -1.808006644 0.002035098 0.001409777 0.999996960 63.803367615
0.999963462 0.008426855 -0.001389530 1.105121732 -0.008428756 0.999963641 -0.001369174 -1.826767206 0.001377941 0.001380836 0.999998093 64.327514648
0.999962151 0.008589767 -0.001316801 1.113118529 -0.008591189 0.999962449 -0.001077967 -1.853153944 0.001307492 0.001089239 0.999998569 64.851219177
0.999964893 0.008231496 -0.001582165 1.132906437 -0.008233900 0.999964893 -0.001519578 -1.871055961 0.001569600 0.001532552 0.999997556 65.378288269
0.999968886 0.007722989 -0.001611660 1.142157674 -0.007724440 0.999969780 -0.000895906 -1.906579971 0.001604692 0.000908327 0.999998271 65.904319763
0.999969423 0.007445503 -0.002396442 1.164581776 -0.007447066 0.999972165 -0.000644660 -1.936964869 0.002391577 0.000662487 0.999996901 66.465194702
0.999967456 0.007931351 -0.001450731 1.157245636 -0.007932957 0.999968052 -0.001104509 -1.951161504 0.001441925 0.001115981 0.999998271 66.992149353
0.999963522 0.008380915 -0.001642039 1.164592743 -0.008381980 0.999964654 -0.000643130 -1.976709127 0.001636592 0.000656870 0.999998450 67.516990662
0.999962449 0.008570822 -0.001258721 1.165768027 -0.008571924 0.999962866 -0.000871426 -1.999147892 0.001251206 0.000882183 0.999998808 68.034683228
0.999962330 0.008624897 -0.000909200 1.164320111 -0.008625506 0.999962509 -0.000669016 -2.023133993 0.000903396 0.000676834 0.999999344 68.569908142
0.999960721 0.008799709 -0.001082746 1.162818313 -0.008800293 0.999961138 -0.000534295 -2.044781685 0.001078004 0.000543803 0.999999285 69.088066101
0.999954104 0.009579713 -0.000545095 1.167123437 -0.009580106 0.999953866 -0.000724868 -2.065281391 0.000538126 0.000730057 0.999999583 69.619094849
0.999955416 0.009437006 -0.000277336 1.173728108 -0.009437012 0.999955475 -0.000021537 -2.083159447 0.000277121 0.000024153 1.000000000 70.177711487
0.999956369 0.009326284 -0.000334282 1.171328783 -0.009326482 0.999956310 -0.000593319 -2.119382620 0.000328734 0.000596410 0.999999762 70.664901733
0.999951065 0.009891065 -0.000221314 1.168639302 -0.009891115 0.999951065 -0.000219962 -2.150186777 0.000219128 0.000222140 0.999999940 71.187416077
0.999951422 0.009849248 -0.000169970 1.169770479 -0.009849299 0.999951422 -0.000287586 -2.180076838 0.000167130 0.000289247 0.999999940 71.703170776
0.999949157 0.010083254 0.000108068 1.185287833 -0.010083241 0.999949157 -0.000116336 -2.179393291 -0.000109236 0.000115240 1.000000000 72.296279907
0.999939919 0.010902172 0.001157135 1.165984750 -0.010902912 0.999940336 0.000635632 -2.249976397 -0.001150136 -0.000648210 0.999999106 72.761360168
0.999935091 0.011324765 0.001194419 1.166312099 -0.011326154 0.999935269 0.001164261 -2.277493715 -0.001181157 -0.001177715 0.999998569 73.306831360
0.999930501 0.011723628 0.001251695 1.176513314 -0.011726285 0.999928951 0.002136448 -2.324433804 -0.001226559 -0.002150977 0.999996960 73.819427490
0.999935329 0.011351218 0.000666287 1.194236040 -0.011353102 0.999931335 0.002896430 -2.350984812 -0.000633365 -0.002903807 0.999995589 74.384651184
0.999934316 0.011408898 0.001068851 1.201084137 -0.011411660 0.999931455 0.002615261 -2.371028662 -0.001038939 -0.002627286 0.999996006 74.924926758
0.999926627 0.012030698 0.001397493 1.206728697 -0.012033595 0.999925435 0.002083091 -2.394091368 -0.001372328 -0.002099755 0.999996781 75.454826355
0.999925256 0.012091607 0.001799101 1.209542990 -0.012095449 0.999924541 0.002139685 -2.417912006 -0.001773093 -0.002161286 0.999996066 76.004287720
0.999920726 0.012324397 0.002583499 1.209888577 -0.012329707 0.999921799 0.002049290 -2.444776058 -0.002558040 -0.002080981 0.999994576 76.561622620
0.999913931 0.012742955 0.003127863 1.201287031 -0.012751457 0.999915004 0.002714115 -2.485780478 -0.003093010 -0.002753766 0.999991417 77.075439453
0.999915719 0.012750888 0.002434222 1.236505270 -0.012753672 0.999917984 0.001131702 -2.435847521 -0.002419593 -0.001162651 0.999996424 78.096290588
0.999922156 0.012175755 0.002727595 1.261523843 -0.012178022 0.999925435 0.000816085 -2.462532043 -0.002717455 -0.000849238 0.999995947 78.600059509
0.999911010 0.013021050 0.002919428 1.259225845 -0.013022230 0.999915123 0.000384875 -2.460838318 -0.002914169 -0.000422858 0.999995708 79.187042236
0.999926269 0.011939064 0.002206862 1.303706169 -0.011939652 0.999928713 0.000253870 -2.464247704 -0.002203673 -0.000280200 0.999997556 79.759613037
0.999918103 0.012479331 0.002810240 1.316296220 -0.012479292 0.999922156 -0.000031409 -2.476123095 -0.002810413 -0.000003663 0.999996066 80.310668945
0.999924183 0.011742741 0.003699313 1.336166620 -0.011742836 0.999931037 0.000004147 -2.488487482 -0.003699010 -0.000047587 0.999993145 80.853889465
0.999916315 0.011993754 0.004837368 1.354244351 -0.011993357 0.999927998 -0.000110781 -2.495836258 -0.004838348 0.000052755 0.999988258 81.418434143
0.999913692 0.011685786 0.005997770 1.381190062 -0.011681796 0.999931514 -0.000699734 -2.500453949 -0.006005536 0.000629609 0.999981761 81.989913940
0.999897122 0.012144120 0.007623109 1.395315886 -0.012136546 0.999925733 -0.001039050 -2.502364635 -0.007635162 0.000946425 0.999970317 82.556427002
0.999862134 0.012542462 0.010877496 1.426447868 -0.012528281 0.999920607 -0.001370781 -2.497671366 -0.010893825 0.001234316 0.999939919 83.134582520
0.999808192 0.012331122 0.015212302 1.450244427 -0.012312619 0.999923289 -0.001309341 -2.504860401 -0.015227281 0.001121786 0.999883413 83.687080383
0.999755919 0.012284540 0.018359713 1.474862218 -0.012260234 0.999923825 -0.001435861 -2.516271353 -0.018375952 0.001210417 0.999830365 84.237228394
0.999679744 0.011925030 0.022321081 1.509316325 -0.011888189 0.999927700 -0.001782408 -2.526118279 -0.022340722 0.001516481 0.999749243 84.789962769
0.999495924 0.012713924 0.029090416 1.535255194 -0.012666038 0.999918103 -0.001829771 -2.538355112 -0.029111298 0.001460388 0.999575138 85.338005066
0.999304652 0.012469281 0.035139386 1.573198438 -0.012402141 0.999920845 -0.002128017 -2.547133446 -0.035163138 0.001690733 0.999380171 85.892807007
0.999054790 0.013009556 0.041478563 1.609877825 -0.012933795 0.999914110 -0.002094350 -2.559519529 -0.041502252 0.001555895 0.999137223 86.433647156
0.998683333 0.012635282 0.049718335 1.656750441 -0.012520684 0.999918163 -0.002615725 -2.565574884 -0.049747318 0.001989773 0.998759866 86.991615295
0.998202384 0.012875095 0.058534510 1.708055973 -0.012706921 0.999913931 -0.003244373 -2.573721886 -0.058571253 0.002494747 0.998280048 87.556747437
0.997738957 0.012724415 0.065992340 1.760718822 -0.012521201 0.999915481 -0.003492054 -2.582952499 -0.066031180 0.002657855 0.997814119 88.114746094
0.997096717 0.012531172 0.075107537 1.826060772 -0.012271835 0.999916971 -0.003913353 -2.588732481 -0.075150348 0.002980284 0.997167766 88.682495117
0.996392965 0.009910481 0.084278122 1.918428898 -0.009474317 0.999939561 -0.005573691 -2.575584412 -0.084328264 0.004755109 0.996426702 89.243400574
0.995531917 0.011667605 0.093702212 1.966221809 -0.011284349 0.999925673 -0.004618968 -2.610126972 -0.093749143 0.003540962 0.995589554 89.759407043
0.994802177 0.011147421 0.101214185 2.036602974 -0.010733115 0.999931633 -0.004637034 -2.637370348 -0.101258963 0.003526588 0.994853854 90.269409180
0.993733168 0.011106786 0.111226305 2.117798328 -0.010620770 0.999931276 -0.004961187 -2.646748543 -0.111273766 0.003748787 0.993782699 90.809532166
0.992530584 0.011281111 0.121473417 2.210372925 -0.010757684 0.999929786 -0.004963963 -2.659636021 -0.121520907 0.003620113 0.992582262 91.345878601
0.991346419 0.011037411 0.130806684 2.300603867 -0.010465811 0.999932468 -0.005056485 -2.678978920 -0.130853683 0.003643730 0.991394997 91.876609802
0.989777148 0.010436432 0.142240092 2.401860237 -0.009784438 0.999938190 -0.005282463 -2.690806150 -0.142286465 0.003836722 0.989818096 92.404655457
0.987863481 0.010548235 0.154965997 2.502195358 -0.009748044 0.999934971 -0.005922664 -2.707124233 -0.155018404 0.004340169 0.987901986 92.944923401
0.986126125 0.008946430 0.165756315 2.615135193 -0.007949342 0.999946058 -0.006677843 -2.712031603 -0.165807083 0.005267541 0.986144125 93.484169006
0.984281600 0.009711984 0.176338941 2.729003906 -0.008761580 0.999942601 -0.006167462 -2.740096569 -0.176388711 0.004525512 0.984310210 94.008033752
0.981847405 0.009303214 0.189443886 2.849088669 -0.008312610 0.999947309 -0.006022935 -2.760623455 -0.189489901 0.004338830 0.981873095 94.545082092
0.979488313 0.008720891 0.201312289 2.983706474 -0.007555745 0.999949992 -0.006555439 -2.777391195 -0.201359347 0.004899912 0.979505181 95.050140381
0.977304339 0.007869795 0.211693466 3.113616943 -0.006500082 0.999953210 -0.007165395 -2.790800333 -0.211739928 0.005626747 0.977309823 95.584014893
0.974389255 0.008056534 0.224723533 3.261920929 -0.006554989 0.999950886 -0.007427027 -2.813377619 -0.224772364 0.005763755 0.974394262 96.113182068
0.971251905 0.007906305 0.237922788 3.404647827 -0.006507564 0.999956727 -0.006663840 -2.833451033 -0.237965152 0.004923970 0.971261203 96.627227783
0.968550801 0.006723014 0.248724908 3.567899704 -0.005035340 0.999959826 -0.007420897 -2.846119881 -0.248764813 0.005935102 0.968545735 97.180831909
0.965934217 0.005777402 0.258723229 3.739009857 -0.004245991 0.999969959 -0.006477488 -2.886292934 -0.258752942 0.005158290 0.965929687 97.621017456
0.962290585 0.005695648 0.271963865 3.912656784 -0.004069045 0.999970317 -0.006544528 -2.905076027 -0.271993011 0.005191104 0.962285340 98.131622314
0.958603621 0.005303606 0.284694493 4.087713242 -0.003576869 0.999971926 -0.006584804 -2.930189133 -0.284721494 0.005293901 0.958595693 98.653381348
0.955111444 0.005528143 0.296195179 4.268728256 -0.003760449 0.999971569 -0.006537376 -2.949863911 -0.296222836 0.005130095 0.955105066 99.163238525
0.950764179 0.005031249 0.309874296 4.465866089 -0.003248280 0.999975026 -0.006269553 -2.973086357 -0.309898078 0.004954307 0.950756848 99.669677734
0.946141899 0.004383289 0.323722601 4.668622971 -0.002466256 0.999976933 -0.006331834 -2.993680954 -0.323742867 0.005192430 0.946130872 100.178169250
0.942185879 0.004202269 0.335064471 4.880807877 -0.001943187 0.999973059 -0.007077180 -3.005697250 -0.335085183 0.006016925 0.942168713 100.700187683
0.937340915 0.004226854 0.348387867 5.081357956 -0.002216139 0.999978483 -0.006169802 -3.037281513 -0.348406494 0.005011132 0.937330067 101.181137085
0.931945443 0.004436606 0.362571418 5.304582596 -0.002168612 0.999975443 -0.006662050 -3.048124313 -0.362592012 0.005422390 0.931932211 101.714523315
0.927106380 0.003449888 0.374782473 5.525962830 -0.001433028 0.999982953 -0.005659973 -3.089756489 -0.374795616 0.004710324 0.927095473 102.151870728
0.922044873 0.003092479 0.387070686 5.757368088 -0.000813789 0.999981344 -0.006050759 -3.098455429 -0.387082160 0.005264078 0.922030270 102.685546875
0.916002810 0.002692035 0.401163071 5.987117767 -0.000590203 0.999985397 -0.005362825 -3.135166407 -0.401171744 0.004675593 0.915990949 103.134429932
0.910217881 0.002640527 0.414121240 6.242221832 -0.000500340 0.999985933 -0.005276402 -3.154666901 -0.414129317 0.004595474 0.910206437 103.633216858
0.905204594 0.001696408 0.424972773 6.490688324 0.000839111 0.999983013 -0.005779066 -3.170481920 -0.424975306 0.005587835 0.905187726 104.111396790
0.899345279 0.001770234 0.437235445 6.765056610 0.000648148 0.999985337 -0.005381803 -3.191440582 -0.437238514 0.005123493 0.899330974 104.633789062
0.892398477 0.001361085 0.451246142 7.028526306 0.000825932 0.999988914 -0.004649635 -3.210933924 -0.451247424 0.004522027 0.892387390 105.106597900
0.886418760 0.001276550 0.462882429 7.309246063 0.001378783 0.999984503 -0.005398151 -3.230807304 -0.462882191 0.005423237 0.886403143 105.610527039
0.880522728 0.000746305 0.474003196 7.591159821 0.002177147 0.999981940 -0.005618778 -3.242525816 -0.473998815 0.005979437 0.880505145 106.088073730
0.872853756 0.001084531 0.487980515 7.872455597 0.001715226 0.999984562 -0.005290490 -3.267677069 -0.487978697 0.005454822 0.872838438 106.558868408
