1.000000000 0.000000000 0.000000000 0.000000000 0.000000000 1.000000000 0.000000000 0.000000000 0.000000000 0.000000000 1.000000000 0.000000000
1.000000000 0.000092260 0.000018693 -0.000378334 -0.000092263 1.000000000 0.000121959 -0.000237837 -0.000018682 -0.000121961 1.000000000 -0.000070931
1.000000000 0.000084964 -0.000011748 -0.000551583 -0.000084964 1.000000000 -0.000005343 0.000398483 0.000011748 0.000005344 1.000000000 -0.000280845
1.000000000 0.000079398 0.000086722 -0.000735147 -0.000079402 1.000000000 0.000052059 -0.000385351 -0.000086718 -0.000052066 1.000000000 0.000083430
0.999999940 0.000107373 0.000262794 -0.001754039 -0.000107379 1.000000000 0.000023646 0.000331513 -0.000262792 -0.000023674 0.999999940 0.000742651
1.000000000 -0.000102406 0.000054403 -0.000433417 0.000102404 1.000000000 0.000039915 -0.000001734 -0.000054407 -0.000039909 1.000000000 0.000259481
1.000000000 0.000130149 0.000181349 -0.002174265 -0.000130166 1.000000000 0.000090297 -0.000453365 -0.000181338 -0.000090320 1.000000000 -0.000951066
1.000000000 0.000169544 0.000123687 -0.001498671 -0.000169540 1.000000000 -0.000035906 -0.000163450 -0.000123693 0.000035885 1.000000000 -0.001027418
1.000000000 0.000113943 0.000170505 -0.001838019 -0.000113946 1.000000000 0.000018369 -0.000950483 -0.000170503 -0.000018388 1.000000000 -0.001713148
1.000000000 0.000140900 0.000115090 -0.001913696 -0.000140914 1.000000000 0.000121542 -0.000923687 -0.000115073 -0.000121558 1.000000000 0.000121806
1.000000000 0.000047290 0.000135869 -0.001132563 -0.000047307 1.000000000 0.000127295 -0.001222448 -0.000135863 -0.000127301 1.000000000 -0.000869357
0.999999940 0.000178752 0.000173006 -0.001463060 -0.000178750 1.000000000 -0.000011609 -0.000681543 -0.000173008 0.000011578 1.000000000 -0.000000126
1.000000000 0.000025185 0.000122626 -0.001101004 -0.000025193 1.000000000 0.000064037 0.000507217 -0.000122624 -0.000064040 1.000000000 0.000121964
0.999999940 0.000203662 0.000221003 -0.002782411 -0.000203641 1.000000000 -0.000093976 0.000949438 -0.000221022 0.000093931 1.000000000 -0.000160380
0.999999940 0.000250095 0.000125190 -0.001769454 -0.000250096 0.999999940 0.000004871 0.001084772 -0.000125189 -0.000004902 1.000000000 0.001485393
0.999999940 0.000353532 0.000214832 -0.002493850 -0.000353530 0.999999940 -0.000009671 0.000931444 -0.000214835 0.000009595 1.000000000 0.001691185
0.999999881 0.000413941 0.000284680 -0.002932972 -0.000413925 0.999999940 -0.000056563 0.001074584 -0.000284704 0.000056445 0.999999940 0.000594135
0.999999940 0.000263684 0.000257732 -0.002342415 -0.000263685 0.999999940 0.000004464 0.001591565 -0.000257731 -0.000004532 0.999999940 0.002334108
0.999999940 0.000234255 0.000302601 -0.002659069 -0.000234239 1.000000000 -0.000054227 0.001404823 -0.000302614 0.000054156 0.999999940 0.001464796
0.999999940 0.000323873 0.000263578 -0.002804754 -0.000323876 0.999999940 0.000013528 0.001262275 -0.000263574 -0.000013614 0.999999940 0.002344534
0.999999881 0.000406606 0.000247560 -0.003203277 -0.000406580 0.999999940 -0.000104948 0.002227303 -0.000247603 0.000104847 0.999999940 0.002450365
0.999999940 0.000261220 0.000162929 -0.001919524 -0.000261213 0.999999940 -0.000046065 0.001445742 -0.000162941 0.000046023 1.000000000 0.002218146
0.999999940 0.000283971 0.000201811 -0.002721247 -0.000283974 0.999999940 0.000016891 0.001344449 -0.000201806 -0.000016948 1.000000000 0.001553074
0.999999821 0.000506455 0.000237349 -0.003120382 -0.000506455 0.999999881 -0.000000210 0.001439301 -0.000237349 0.000000090 1.000000000 0.002876645
0.999999881 0.000353180 0.000238364 -0.002161217 -0.000353176 0.999999940 -0.000018895 0.001819697 -0.000238370 0.000018811 1.000000000 0.001629346
0.999999940 0.000353462 0.000227712 -0.002934590 -0.000353448 0.999999940 -0.000063354 0.002814461 -0.000227734 0.000063273 1.000000000 0.004075441
0.999999881 0.000377839 0.000260280 -0.002950306 -0.000377857 0.999999940 0.000068186 0.001012207 -0.000260254 -0.000068285 0.999999940 0.002316795
0.999999881 0.000389709 0.000178842 -0.002541308 -0.000389693 0.999999940 -0.000089277 0.001955981 -0.000178877 0.000089207 1.000000000 0.001615933
0.999999940 0.000349669 0.000187665 -0.002558151 -0.000349651 0.999999940 -0.000095662 0.002907414 -0.000187698 0.000095596 1.000000000 0.002770396
0.999999881 0.000384193 0.000285940 -0.002304109 -0.000384180 0.999999940 -0.000044516 0.001714481 -0.000285958 0.000044406 0.999999940 0.002727003
0.999999881 0.000389425 0.000307642 -0.002973044 -0.000389406 0.999999940 -0.000063277 0.002106617 -0.000307667 0.000063157 0.999999940 0.002629963
0.999999940 0.000292768 0.000166173 -0.001671555 -0.000292750 0.999999940 -0.000107714 0.001993325 -0.000166205 0.000107665 1.000000000 0.002713935
0.999999821 0.000527028 0.000330313 -0.002258557 -0.000527042 0.999999881 0.000041416 0.000510546 -0.000330291 -0.000041590 0.999999940 0.000926683
0.999999821 0.000482288 0.000294047 -0.003171404 -0.000482235 0.999999881 -0.000178450 0.001924334 -0.000294133 0.000178308 0.999999940 0.002258771
0.999999821 0.000543721 0.000276844 -0.002353147 -0.000543678 0.999999821 -0.000156014 0.001931488 -0.000276929 0.000155863 0.999999940 0.002429729
0.999999881 0.000388011 0.000283770 -0.003411974 -0.000387989 0.999999940 -0.000078544 0.002170284 -0.000283800 0.000078434 0.999999940 0.002475844
0.999999821 0.000497103 0.000262485 -0.003353334 -0.000497068 0.999999881 -0.000132399 0.003330587 -0.000262551 0.000132269 0.999999940 0.002947043
0.999999821 0.000540782 0.000322095 -0.003263208 -0.000540769 0.999999881 -0.000039517 0.001237878 -0.000322116 0.000039343 0.999999940 0.002664880
0.999999881 0.000401743 0.000212434 -0.001236532 -0.000401736 0.999999940 -0.000034968 0.001871824 -0.000212449 0.000034883 1.000000000 0.000816444
0.999999940 0.000260228 0.000178672 -0.001998058 -0.000260202 0.999999940 -0.000147164 0.001294327 -0.000178710 0.000147117 1.000000000 0.001528962
0.999999821 0.000433392 0.000351334 -0.002407346 -0.000433171 0.999999702 -0.000630738 0.000113135 -0.000351607 0.000630586 0.999999762 0.050165322
0.999999881 0.000366549 0.000354304 -0.002880647 -0.000366117 0.999999166 -0.001218828 -0.003854058 -0.000354751 0.001218698 0.999999166 0.137693599
0.999999881 0.000329868 0.000317995 0.002096639 -0.000329415 0.999998927 -0.001421615 -0.007208554 -0.000318463 0.001421510 0.999998927 0.251506150
0.999999583 0.000801566 0.000385094 0.002382884 -0.000801188 0.999999225 -0.000981169 -0.013001541 -0.000385880 0.000980860 0.999999464 0.382447898
0.999999464 0.000877484 0.000541207 0.001987138 -0.000876979 0.999999166 -0.000931143 -0.013642460 -0.000542023 0.000930668 0.999999404 0.533562362
0.999999940 0.000108976 0.000306104 0.010945566 -0.000108738 0.999999702 -0.000775901 -0.019092012 -0.000306189 0.000775868 0.999999642 0.694772184
0.999999225 0.000929804 0.000809049 0.005509344 -0.000929338 0.999999404 -0.000576551 -0.021095747 -0.000809584 0.000575799 0.999999523 0.845876396
0.999997020 0.000429636 0.002409309 -0.009817179 -0.000428217 0.999999762 -0.000589267 -0.030577011 -0.002409562 0.000588234 0.999996841 1.013349056
0.999996960 0.000631887 0.002383210 -0.005995063 -0.000631351 0.999999762 -0.000225745 -0.038344432 -0.002383352 0.000224240 0.999997139 1.186118841
0.999996305 0.000435080 0.002688108 -0.003330660 -0.000435225 0.999999881 0.000053279 -0.044951830 -0.002688084 -0.000054449 0.999996424 1.366537452
0.999996364 0.000634282 0.002609613 0.000773858 -0.000634564 0.999999821 0.000107390 -0.049010482 -0.002609544 -0.000109046 0.999996603 1.563843727
0.999996185 0.000622754 0.002680048 0.007002369 -0.000623370 0.999999821 0.000229146 -0.053178962 -0.002679904 -0.000230816 0.999996424 1.765240788
0.999995828 0.000374992 0.002867457 0.010641556 -0.000376023 0.999999940 0.000358924 -0.060531430 -0.002867321 -0.000360001 0.999995828 1.966119647
0.999996066 0.000228765 0.002787025 0.009954743 -0.000230990 0.999999583 0.000798150 -0.071536414 -0.002786842 -0.000798790 0.999995768 2.175901890
0.999995232 0.000313022 0.003069379 0.015834659 -0.000315408 0.999999642 0.000777117 -0.074702024 -0.003069134 -0.000778081 0.999994993 2.396025658
0.999995708 0.000344855 0.002906135 0.022888934 -0.000346079 0.999999821 0.000420402 -0.078549348 -0.002905989 -0.000421406 0.999995649 2.624806643
0.999995232 0.000870003 0.002948996 0.028400958 -0.000871394 0.999999464 0.000470446 -0.087697871 -0.002948585 -0.000473014 0.999995530 2.855697155
0.999995470 -0.000205863 0.002998407 0.029858995 0.000202932 0.999999523 0.000977587 -0.097244367 -0.002998607 -0.000976974 0.999995053 3.088792801
0.999995530 0.000375866 0.002967681 0.035026468 -0.000379074 0.999999344 0.001080356 -0.104093388 -0.002967273 -0.001081476 0.999995053 3.329252720
0.999995232 -0.000003529 0.003101166 0.038067892 -0.000000247 0.999999344 0.001217649 -0.112885088 -0.003101168 -0.001217644 0.999994457 3.578188658
0.999995232 0.000156018 0.003078916 0.046547443 -0.000160085 0.999999166 0.001320495 -0.119384721 -0.003078707 -0.001320982 0.999994397 3.836408377
0.999996305 0.000301497 0.002702493 0.053711087 -0.000304211 0.999999464 0.001004113 -0.122878544 -0.002702188 -0.001004931 0.999995768 4.086170197
0.999995351 0.000080833 0.003043832 0.059663400 -0.000083381 0.999999642 0.000836781 -0.125333741 -0.003043763 -0.000837031 0.999994993 4.347957611
0.999995053 0.000391832 0.003132866 0.062096708 -0.000393885 0.999999762 0.000654620 -0.131527022 -0.003132608 -0.000655851 0.999994814 4.606747150
0.999994695 0.000668412 0.003191403 0.072270453 -0.000670095 0.999999642 0.000526306 -0.136993140 -0.003191050 -0.000528442 0.999994755 4.875760078
0.999993086 0.001418309 0.003437370 0.074520834 -0.001421293 0.999998569 0.000865985 -0.143894628 -0.003436137 -0.000870865 0.999993682 5.135701656
0.999995530 0.000401362 0.002943406 0.079044528 -0.000404935 0.999999166 0.001213543 -0.160460085 -0.002942916 -0.001214730 0.999994934 5.390436172
0.999995112 0.000646004 0.003038818 0.085082114 -0.000649136 0.999999225 0.001029793 -0.166838914 -0.003038151 -0.001031760 0.999994874 5.658863068
0.999995649 0.000492808 0.002895972 0.088402651 -0.000495684 0.999999344 0.000992483 -0.173172683 -0.002895482 -0.000993915 0.999995291 5.937013149
0.999993205 0.000637775 0.003625532 0.092158437 -0.000641731 0.999999225 0.001089956 -0.182998464 -0.003624834 -0.001092275 0.999992847 6.219356537
0.999994278 0.000149108 0.003373550 0.096978150 -0.000154661 0.999998569 0.001645669 -0.192544058 -0.003373300 -0.001646181 0.999992907 6.488460541
0.999994457 0.000371477 0.003278828 0.102843463 -0.000376635 0.999998689 0.001572452 -0.199047267 -0.003278239 -0.001573678 0.999993384 6.780908108
0.999993622 0.000953411 0.003430937 0.101946555 -0.000959029 0.999998212 0.001636132 -0.209564984 -0.003429371 -0.001639412 0.999992788 7.080978394
0.999994397 0.000427104 0.003311557 0.108152665 -0.000433162 0.999998271 0.001828722 -0.219594255 -0.003310770 -0.001830146 0.999992907 7.373693466
0.999994934 0.000330426 0.003154124 0.120805234 -0.000337568 0.999997437 0.002264069 -0.235354453 -0.003153368 -0.002265122 0.999992490 7.660723209
0.999994338 0.000338986 0.003352552 0.126469404 -0.000346642 0.999997377 0.002283210 -0.242594600 -0.003351769 -0.002284359 0.999991775 8.007023811
0.999992073 0.001143425 0.003797473 0.120936856 -0.001152168 0.999996662 0.002300608 -0.256457418 -0.003794830 -0.002304965 0.999990165 8.316141129
0.999993205 0.000832127 0.003599559 0.130323991 -0.000841362 0.999996364 0.002564675 -0.265801042 -0.003597412 -0.002567686 0.999990225 8.641293526
0.999991357 0.001256221 0.003965105 0.133104950 -0.001266218 0.999996066 0.002519824 -0.270273179 -0.003961924 -0.002524823 0.999989033 8.984560966
0.999991059 0.001330668 0.004020841 0.140041068 -0.001341919 0.999995112 0.002796916 -0.284509987 -0.004017100 -0.002802286 0.999988079 9.325077057
0.999985635 0.002756211 0.004600284 0.132135510 -0.002767481 0.999993145 0.002445422 -0.290842533 -0.004593513 -0.002458119 0.999986410 9.640735626
0.999992430 0.000819222 0.003808927 0.158069059 -0.000828474 0.999996662 0.002428079 -0.314326108 -0.003806926 -0.002431217 0.999989808 9.990903854
0.999991596 0.000820003 0.004015750 0.164766043 -0.000830302 0.999996305 0.002563766 -0.323847950 -0.004013632 -0.002567079 0.999988616 10.349131584
0.999991596 0.001181875 0.003918652 0.172771156 -0.001192508 0.999995649 0.002712243 -0.338330925 -0.003915430 -0.002716893 0.999988616 10.699760437
0.999991536 0.000582950 0.004073373 0.184523046 -0.000592438 0.999997079 0.002328404 -0.337483585 -0.004072003 -0.002330797 0.999988973 11.090742111
0.999992549 0.000359437 0.003870400 0.189901561 -0.000369705 0.999996424 0.002652467 -0.353790939 -0.003869433 -0.002653878 0.999988973 11.448193550
0.999992192 0.000894589 0.003858359 0.203074783 -0.000903637 0.999996901 0.002344043 -0.357651591 -0.003856250 -0.002347511 0.999989808 11.832015991
0.999990106 0.001196227 0.004275534 0.204762638 -0.001208309 0.999995291 0.002824448 -0.374641985 -0.004272135 -0.002829586 0.999986827 12.214139938
0.999988139 0.000742957 0.004815214 0.215126112 -0.000757060 0.999995470 0.002927643 -0.390544504 -0.004813017 -0.002931254 0.999984086 12.576431274
0.999988079 0.000811085 0.004812350 0.214513034 -0.000828979 0.999992669 0.003717571 -0.410131454 -0.004809299 -0.003721517 0.999981523 12.977584839
0.999987841 0.001123440 0.004800186 0.226565942 -0.001139841 0.999993563 0.003415279 -0.423364073 -0.004796317 -0.003420709 0.999982655 13.360261917
0.999987066 0.000971300 0.004996299 0.235672981 -0.000991659 0.999991238 0.004074117 -0.437289923 -0.004992298 -0.004079018 0.999979258 13.778401375
0.999986410 0.001301682 0.005033523 0.245322883 -0.001322435 0.999990642 0.004121780 -0.440376371 -0.005028110 -0.004128381 0.999978900 14.209156036
0.999986172 0.001077031 0.005144348 0.251807690 -0.001094575 0.999993503 0.003408832 -0.450103551 -0.005140644 -0.003414416 0.999980986 14.600265503
0.999987125 0.001386967 0.004881430 0.260659724 -0.001409458 0.999988317 0.004607165 -0.467850924 -0.004874983 -0.004613986 0.999977529 15.028452873
0.999983728 0.001178783 0.005577863 0.273598373 -0.001199084 0.999992609 0.003637592 -0.475753397 -0.005573534 -0.003644221 0.999977887 15.470318794
0.999981165 0.001107678 0.006025122 0.285833955 -0.001133744 0.999989927 0.004324537 -0.492146254 -0.006020271 -0.004331287 0.999972522 15.916281700
0.999979496 0.001374276 0.006247519 0.289961517 -0.001404243 0.999987543 0.004794962 -0.517938852 -0.006240850 -0.004803637 0.999969006 16.340606689
0.999976933 0.001592355 0.006603008 0.297441214 -0.001622988 0.999988019 0.004636449 -0.528333306 -0.006595544 -0.004647058 0.999967456 16.790000916
0.999976277 0.000941629 0.006830601 0.315601707 -0.000973055 0.999988973 0.004598673 -0.535744488 -0.006826194 -0.004605211 0.999966145 17.246694565
0.999971867 0.001111506 0.007419587 0.322018147 -0.001146089 0.999988496 0.004658459 -0.550934196 -0.007414324 -0.004666831 0.999961615 17.711616516
0.999973357 0.001007822 0.007227396 0.324584424 -0.001043014 0.999987602 0.004867227 -0.568747640 -0.007222401 -0.004874635 0.999962032 18.160070419
0.999969780 0.001345985 0.007653587 0.333916634 -0.001379908 0.999989212 0.004428697 -0.571804166 -0.007647544 -0.004439125 0.999960840 18.634014130
0.999972165 0.000499731 0.007440577 0.352131665 -0.000531697 0.999990642 0.004294828 -0.583968401 -0.007438361 -0.004298665 0.999963105 19.120470047
0.999966860 0.001536799 0.007992945 0.361001253 -0.001575107 0.999987245 0.004788591 -0.603536546 -0.007985484 -0.004801021 0.999956608 19.578155518
0.999965489 0.001111913 0.008239877 0.369180948 -0.001156016 0.999985039 0.005349637 -0.617525101 -0.008233806 -0.005358978 0.999951780 20.068702698
0.999969542 0.001297991 0.007691459 0.395333707 -0.001337971 0.999985576 0.005195130 -0.628281951 -0.007684604 -0.005205262 0.999956965 20.558582306
0.999973953 0.000880825 0.007159767 0.407415688 -0.000919234 0.999985218 0.005363087 -0.643241465 -0.007154936 -0.005369527 0.999960005 21.028318405
0.999978185 0.000533684 0.006577844 0.421358764 -0.000567773 0.999986410 0.005181636 -0.649008214 -0.006574989 -0.005185258 0.999964952 21.542322159
0.999977112 0.000759900 0.006724982 0.427225411 -0.000799148 0.999982655 0.005835386 -0.667656481 -0.006720431 -0.005840627 0.999960423 22.050292969
0.999979138 0.001064331 0.006367036 0.427643210 -0.001097047 0.999986172 0.005137067 -0.680966318 -0.006361481 -0.005143945 0.999966562 22.555471420
0.999983668 0.000579225 0.005687290 0.442507267 -0.000611581 0.999983609 0.005689015 -0.700188279 -0.005683902 -0.005692400 0.999967694 23.070053101
0.999980390 0.001882123 0.005951595 0.435772836 -0.001913821 0.999984026 0.005324739 -0.710022092 -0.005941477 -0.005336026 0.999968112 23.586008072
0.999991119 -0.001042698 0.004077774 0.463075250 0.001020150 0.999984324 0.005527559 -0.734556854 -0.004083473 -0.005523351 0.999976337 24.127779007
0.999992609 0.000072248 0.003841621 0.472247064 -0.000093876 0.999984205 0.005629955 -0.743194759 -0.003841153 -0.005630274 0.999976814 24.675786972
0.999994874 0.000881861 0.003081080 0.477929026 -0.000899276 0.999983609 0.005655224 -0.752763748 -0.003076042 -0.005657966 0.999979258 25.202999115
0.999996483 0.000507662 0.002612543 0.471274674 -0.000524913 0.999978006 0.006606439 -0.785038590 -0.002609132 -0.006607787 0.999974787 25.721088409
0.999996543 0.001118840 0.002400774 0.482094765 -0.001133787 0.999979973 0.006233637 -0.791693509 -0.002393751 -0.006236338 0.999977767 26.286891937
0.999997199 0.000540532 0.002333076 0.489283770 -0.000554979 0.999980748 0.006195940 -0.799662411 -0.002329682 -0.006197218 0.999978125 26.836730957
0.999998868 0.000146989 0.001546793 0.498505265 -0.000156402 0.999981463 0.006086934 -0.805977464 -0.001545869 -0.006087169 0.999980271 27.413068771
0.999998331 0.000874998 0.001591946 0.507972419 -0.000885462 0.999977946 0.006584806 -0.838524520 -0.001586149 -0.006586205 0.999977052 27.926773071
0.999997616 0.001389117 0.001655214 0.515535593 -0.001400072 0.999976993 0.006635456 -0.845245123 -0.001645958 -0.006637758 0.999976635 28.484569550
0.999998868 0.000854919 0.001215293 0.524427593 -0.000863670 0.999973595 0.007218525 -0.863605857 -0.001209090 -0.007219567 0.999973178 29.032169342
0.999998033 0.001511586 0.001250307 0.534760177 -0.001521070 0.999969780 0.007620032 -0.875848770 -0.001238751 -0.007621920 0.999970198 29.589344025
0.999997139 0.001818629 0.001516720 0.538191497 -0.001830219 0.999968886 0.007675164 -0.883328140 -0.001502715 -0.007677919 0.999969363 30.136981964
0.999997675 0.001716072 0.001289948 0.539281487 -0.001725527 0.999971390 0.007365359 -0.903562307 -0.001277272 -0.007367569 0.999971986 30.645622253
0.999996901 0.002099543 0.001332327 0.547539175 -0.002109935 0.999966919 0.007846948 -0.916544557 -0.001315807 -0.007849735 0.999968350 31.195976257
0.999996245 0.002450079 0.001233723 0.551810920 -0.002458977 0.999970615 0.007262727 -0.922929347 -0.001215892 -0.007265733 0.999972880 31.739028931
0.999996841 0.002365133 0.000875545 0.568003058 -0.002371192 0.999972880 0.006987252 -0.932363510 -0.000858995 -0.006989306 0.999975204 32.281818390
0.999995530 0.002934373 0.000540146 0.576328754 -0.002938180 0.999969840 0.007187868 -0.944583774 -0.000519038 -0.007189424 0.999973953 32.827465057
0.999997377 0.002282508 0.000096767 0.584667146 -0.002283181 0.999968410 0.007612960 -0.964524806 -0.000079387 -0.007613161 0.999971032 33.345184326
0.999996722 0.002546774 0.000028219 0.595648050 -0.002546912 0.999970019 0.007312517 -0.971003771 -0.000009595 -0.007312565 0.999973238 33.904235840
0.999996543 0.002512162 -0.000665855 0.612474740 -0.002507005 0.999967635 0.007636148 -0.985243678 0.000685017 -0.007634453 0.999970615 34.437580109
0.999993861 0.003267285 0.001223111 0.595473707 -0.003277075 0.999961913 0.008088224 -1.005235791 -0.001196638 -0.008092183 0.999966562 34.961196899
0.999997795 0.002024932 -0.000524584 0.622209251 -0.002020843 0.999968469 0.007681418 -1.007310987 0.000540122 -0.007680343 0.999970376 35.478534698
0.999998033 0.001977219 -0.000326208 0.633560658 -0.001974812 0.999971986 0.007222224 -1.010490656 0.000340479 -0.007221565 0.999973893 36.027347565
0.999997139 0.002382071 -0.000139084 0.637959361 -0.002380975 0.999969721 0.007418279 -1.029018164 0.000156750 -0.007417927 0.999972463 36.607971191
0.999995708 0.002948238 0.000133097 0.637641013 -0.002949116 0.999969959 0.007173291 -1.039776921 -0.000111944 -0.007173653 0.999974191 37.112010956
0.999994278 0.003328095 0.000465850 0.613589823 -0.003331677 0.999963164 0.007912799 -1.066285133 -0.000439498 -0.007914307 0.999968588 37.603794098
0.999994040 0.003347984 0.000782587 0.622080266 -0.003354043 0.999963403 0.007873632 -1.080173016 -0.000756198 -0.007876209 0.999968767 38.144203186
0.999991894 0.003864926 0.001116973 0.630095959 -0.003872520 0.999968827 0.006877975 -1.073393941 -0.001090355 -0.006882245 0.999975681 38.728748322
0.999995887 0.002873946 0.000065429 0.645206153 -0.002874362 0.999966860 0.007615045 -1.090181470 -0.000043542 -0.007615202 0.999970973 39.212093353
0.999994278 0.003365949 -0.000029365 0.654834569 -0.003365649 0.999968231 0.007223451 -1.099170685 0.000053678 -0.007223311 0.999973953 39.760955811
0.999995053 0.003146433 -0.000093392 0.674847662 -0.003145655 0.999967635 0.007395724 -1.114398956 0.000116659 -0.007395394 0.999972701 40.293064117
0.999994338 0.003374538 -0.000110621 0.691646278 -0.003373614 0.999966204 0.007498358 -1.120727777 0.000135921 -0.007497944 0.999971926 40.856994629
0.999994099 0.003417003 0.000418671 0.658784688 -0.003420206 0.999962926 0.007905921 -1.137504339 -0.000391641 -0.007907306 0.999968648 41.335014343
0.999992490 0.003795484 0.000833895 0.665152252 -0.003801434 0.999966443 0.007253779 -1.142947793 -0.000806335 -0.007256893 0.999973357 41.886150360
0.999994516 0.003247594 0.000721090 0.689510167 -0.003252795 0.999967933 0.007332833 -1.152914643 -0.000697253 -0.007335139 0.999972880 42.422153473
0.999991536 0.004089180 0.000451781 0.694631875 -0.004092250 0.999967039 0.007014037 -1.151019335 -0.000423084 -0.007015827 0.999975324 42.953128815
0.999995053 0.003048685 0.000702078 0.672387064 -0.003054557 0.999958992 0.008520636 -1.194687128 -0.000676072 -0.008522738 0.999963462 43.424785614
0.999994159 0.003228670 0.001154435 0.678129494 -0.003238610 0.999956787 0.008713945 -1.206690073 -0.001126250 -0.008717631 0.999961376 43.966426849
0.999993205 0.003432766 0.001339599 0.681253433 -0.003444462 0.999955118 0.008827350 -1.211753607 -0.001309237 -0.008831903 0.999960184 44.503723145
0.999990046 0.004246293 0.001340425 0.700135171 -0.004257927 0.999952316 0.008797847 -1.221964359 -0.001303003 -0.008803468 0.999960482 45.058628082
0.999994457 0.003122466 0.001094931 0.688765526 -0.003131633 0.999959230 0.008471492 -1.236830473 -0.001068434 -0.008474874 0.999963522 45.558097839
0.999996364 0.002583893 0.000678916 0.699878216 -0.002589796 0.999957502 0.008842010 -1.250381827 -0.000656040 -0.008843738 0.999960661 46.102745056
0.999990702 0.004055369 0.001421524 0.707070947 -0.004067529 0.999954283 0.008658756 -1.262753129 -0.001386344 -0.008664457 0.999961495 46.635406494
0.999994040 0.003172485 0.001359045 0.694615483 -0.003182914 0.999964952 0.007740899 -1.250261068 -0.001334439 -0.007745179 0.999969125 47.143161774
0.999997020 0.002307513 0.000827445 0.705784142 -0.002314239 0.999963462 0.008221606 -1.264910340 -0.000808443 -0.008223496 0.999965906 47.685733795
0.999990165 0.003937020 0.002066480 0.713473558 -0.003950563 0.999970436 0.006591292 -1.259944081 -0.002040469 -0.006599390 0.999976158 48.251274109
0.999995649 0.002358259 0.001756032 0.721618354 -0.002370905 0.999971032 0.007235076 -1.278651834 -0.001738919 -0.007239208 0.999972343 48.785079956
0.999991298 0.003898689 0.001502019 0.765314221 -0.003910616 0.999960124 0.008021115 -1.306770921 -0.001470687 -0.008026920 0.999966681 49.364421844
0.999992967 0.003421762 0.001536890 0.771928072 -0.003434266 0.999960363 0.008209353 -1.317004442 -0.001508739 -0.008214572 0.999965072 49.904628754
0.999988198 0.004488338 0.001844429 0.778716564 -0.004503126 0.999957025 0.008093185 -1.330290675 -0.001808025 -0.008101394 0.999965549 50.439857483
0.999991417 0.003790057 0.001690963 0.791924417 -0.003801116 0.999971092 0.006585838 -1.329674721 -0.001665953 -0.006592210 0.999976814 51.008392334
0.999989569 0.004265185 0.001595293 0.795241892 -0.004277460 0.999960661 0.007771631 -1.339737058 -0.001562082 -0.007778373 0.999968529 51.479526520
0.999988616 0.004337609 0.001958175 0.806694150 -0.004351642 0.999964476 0.007219539 -1.346067786 -0.001926790 -0.007227978 0.999971986 52.034500122
0.999989748 0.004186855 0.001692915 0.816215336 -0.004199177 0.999964237 0.007341893 -1.355466366 -0.001662114 -0.007348928 0.999971628 52.540153503
0.999986351 0.004932652 0.001712296 0.823233008 -0.004944783 0.999962151 0.007154679 -1.367553830 -0.001676940 -0.007163048 0.999972999 53.087055206
0.999988139 0.004511117 0.001797343 0.830179274 -0.004523726 0.999964774 0.007073921 -1.381833076 -0.001765368 -0.007081970 0.999973297 53.600105286
0.999985456 0.004896389 0.002272657 0.837501705 -0.004912715 0.999961793 0.007234846 -1.394310832 -0.002237146 -0.007245906 0.999971271 54.131858826
0.999984503 0.005216225 0.001967668 0.852601945 -0.005229321 0.999963880 0.006710083 -1.398796678 -0.001932595 -0.006720269 0.999975502 54.699214935
0.999986708 0.004708440 0.002093682 0.856006682 -0.004722915 0.999964535 0.006962792 -1.409444928 -0.002060824 -0.006972586 0.999973595 55.174896240
0.999988735 0.004470965 0.001595537 0.864320993 -0.004481487 0.999967754 0.006654192 -1.417238116 -0.001565736 -0.006661268 0.999976635 55.724948883
0.999985933 0.004824096 0.002208273 0.873914719 -0.004838590 0.999966443 0.006606494 -1.427812696 -0.002176329 -0.006617086 0.999975741 56.239353180
0.999982238 0.005514655 0.002261205 0.881940484 -0.005529778 0.999961972 0.006737972 -1.441189766 -0.002223961 -0.006750356 0.999974728 56.773624420
0.999982655 0.005545474 0.001981518 0.892112076 -0.005556819 0.999967933 0.005766815 -1.448916674 -0.001949475 -0.005777726 0.999981403 57.325023651
0.999979556 0.005756908 0.002769000 0.891396105 -0.005775720 0.999959886 0.006834233 -1.464492679 -0.002729545 -0.006850086 0.999972820 57.809268951
0.999981284 0.005435110 0.002800525 0.904670715 -0.005452862 0.999964714 0.006370667 -1.467819095 -0.002765801 -0.006385818 0.999975801 58.362533569
0.999979258 0.005677883 0.003050299 0.911808431 -0.005695102 0.999967694 0.005665811 -1.480688214 -0.003018031 -0.005683064 0.999979317 58.893760681
0.999983728 0.005082360 0.002586537 0.936458588 -0.005095864 0.999973238 0.005240929 -1.488896608 -0.002559832 -0.005254025 0.999982893 59.431640625
0.999977648 0.005808124 0.003300606 0.922070622 -0.005827955 0.999964833 0.006030995 -1.495942831 -0.003265461 -0.006050098 0.999976337 59.905956268
0.999976814 0.005881092 0.003424943 0.937077343 -0.005900735 0.999966025 0.005753677 -1.506964564 -0.003390989 -0.005773753 0.999977589 60.461772919
0.999975741 0.006100834 0.003365918 0.944926739 -0.006121060 0.999963105 0.006031346 -1.516715884 -0.003328997 -0.006051803 0.999976158 60.953094482
0.999969602 0.006775673 0.003876717 0.949110627 -0.006797663 0.999960721 0.005687198 -1.530857921 -0.003838030 -0.005713376 0.999976337 61.496719360
0.999975681 0.006023524 0.003520196 0.958954573 -0.006043180 0.999966085 0.005599755 -1.539176941 -0.003486347 -0.005620891 0.999978065 62.006793976
0.999976993 0.005855068 0.003446182 0.971769273 -0.005876723 0.999962926 0.006307286 -1.551787138 -0.003409124 -0.006327392 0.999974191 62.554805756
0.999980628 0.005490604 0.002920636 1.000317097 -0.005506638 0.999969721 0.005510003 -1.563675761 -0.002890293 -0.005525979 0.999980569 63.096305847
0.999973774 0.006266740 0.003621415 0.989006400 -0.006287097 0.999964237 0.005638122 -1.574946642 -0.003585953 -0.005660742 0.999977529 63.574367523
0.999969304 0.006843469 0.003815875 1.002501011 -0.006862290 0.999964178 0.004941305 -1.579493403 -0.003781923 -0.004967338 0.999980450 64.119041443
0.999967098 0.006464337 0.004919994 1.006532907 -0.006488441 0.999966919 0.004899193 -1.593899965 -0.004888162 -0.004930954 0.999975860 64.670104980
0.999974668 0.005836883 0.004077652 1.017091513 -0.005857853 0.999969542 0.005149776 -1.605469346 -0.004047469 -0.005173532 0.999978423 65.148902893
0.999972522 0.005882600 0.004503786 1.020883799 -0.005901107 0.999974191 0.004107176 -1.608529568 -0.004479508 -0.004133640 0.999981463 65.697120667
0.999971390 0.005877971 0.004760061 1.041517973 -0.005900264 0.999971628 0.004683129 -1.632718444 -0.004732398 -0.004711080 0.999977767 66.239364624
0.999969125 0.006379096 0.004584719 1.042782545 -0.006402185 0.999966800 0.005038738 -1.642155647 -0.004552424 -0.005067934 0.999976754 66.724922180
0.999972880 0.006137270 0.004066620 1.058976650 -0.006155140 0.999971449 0.004396109 -1.650864244 -0.004039523 -0.004421022 0.999982059 67.264907837
0.999961853 0.007114545 0.005069239 1.060390592 -0.007135029 0.999966383 0.004034552 -1.660799623 -0.005040365 -0.004070567 0.999979079 67.817817688
0.999960423 0.007390306 0.004936419 1.057594061 -0.007413706 0.999961257 0.004739136 -1.671655297 -0.004901204 -0.004775546 0.999976575 68.287956238
0.999946356 0.008660615 0.005676965 1.058474302 -0.008686502 0.999951899 0.004551058 -1.684008837 -0.005637277 -0.004600126 0.999973536 68.814346313
0.999950230 0.008175563 0.005716541 1.081428647 -0.008199031 0.999958098 0.004094081 -1.696564317 -0.005682830 -0.004140749 0.999975264 69.376228333
0.999952674 0.008051508 0.005462938 1.085930109 -0.008074660 0.999958396 0.004229396 -1.700766802 -0.005428657 -0.004273307 0.999976158 69.864395142
0.999955952 0.007569258 0.005550255 1.099274397 -0.007590968 0.999963582 0.003900825 -1.710057735 -0.005520526 -0.003942786 0.999976993 70.415328979
0.999954402 0.007831000 0.005463254 1.110310078 -0.007852389 0.999961555 0.003904434 -1.722101808 -0.005432468 -0.003947156 0.999977469 70.916229248
0.999952376 0.008019710 0.005546215 1.126008511 -0.008039368 0.999961436 0.003530804 -1.734599590 -0.005517685 -0.003575224 0.999978423 71.470298767
0.999947071 0.008618582 0.005607919 1.137590885 -0.008638212 0.999956608 0.003485308 -1.748546958 -0.005577637 -0.003533566 0.999978244 72.002822876
0.999951780 0.008012635 0.005657620 1.141669273 -0.008036417 0.999958932 0.004193347 -1.757450461 -0.005623787 -0.004238612 0.999975145 72.503906250
0.999949455 0.008060011 0.006005312 1.155536771 -0.008082965 0.999960124 0.003807669 -1.770405173 -0.005974383 -0.003856017 0.999974668 73.066055298
0.999945104 0.008480575 0.006143634 1.168241620 -0.008505149 0.999955893 0.003984775 -1.775503397 -0.006109570 -0.004036809 0.999973178 73.562667847
0.999944627 0.008388599 0.006350190 1.180682063 -0.008411403 0.999958098 0.003572862 -1.786135197 -0.006319954 -0.003626079 0.999973416 74.115501404
0.999947131 0.008365496 0.005979439 1.201710939 -0.008388964 0.999957144 0.003909790 -1.801528811 -0.005946476 -0.003959745 0.999974489 74.620864868
0.999934971 0.009615680 0.006128551 1.211132765 -0.009635249 0.999948502 0.003171304 -1.808050394 -0.006097742 -0.003230148 0.999976158 75.170959473
0.999949634 0.007804261 0.006309151 1.230863929 -0.007826575 0.999963045 0.003519606 -1.823012710 -0.006281450 -0.003568807 0.999973953 75.727088928
0.999934733 0.009308332 0.006626548 1.223353386 -0.009328172 0.999952078 0.002969215 -1.832903385 -0.006598592 -0.003030835 0.999973655 76.213569641
0.999929070 0.009800056 0.006787554 1.237555504 -0.009817475 0.999948561 0.002537340 -1.839121699 -0.006762340 -0.002603796 0.999973774 76.775917053
0.999930382 0.009385371 0.007151160 1.249822974 -0.009405592 0.999951839 0.002799128 -1.856175542 -0.007124545 -0.002866195 0.999970496 77.294448853
0.999930501 0.009604568 0.006836237 1.264186025 -0.009625000 0.999949276 0.002962116 -1.867124796 -0.006807440 -0.003027709 0.999972224 77.800132751
0.999930561 0.009872790 0.006440171 1.278004050 -0.009894012 0.999945700 0.003271111 -1.884610176 -0.006407526 -0.003334603 0.999973893 78.354515076
0.999925971 0.009771948 0.007246148 1.297427416 -0.009800284 0.999944389 0.003885660 -1.904254436 -0.007207775 -0.003956387 0.999966145 78.910995483
0.999913752 0.010372429 0.008057908 1.299812794 -0.010396968 0.999941409 0.003009364 -1.905664206 -0.008026221 -0.003092882 0.999962986 79.387931824
0.999903440 0.010207579 0.009426236 1.314079285 -0.010237758 0.999942660 0.003159251 -1.924839139 -0.009393445 -0.003255449 0.999950528 79.927986145
0.999889970 0.009732716 0.011195447 1.324285030 -0.009770681 0.999946713 0.003341364 -1.940186858 -0.011162329 -0.003450383 0.999931753 80.475624084
0.999877989 0.009905434 0.012079627 1.341436267 -0.009938940 0.999946892 0.002716608 -1.947269201 -0.012052077 -0.002836335 0.999923348 80.958374023
0.999822438 0.010778065 0.015456429 1.363708615 -0.010822714 0.999937415 0.002808152 -1.961258531 -0.015425196 -0.002974933 0.999876559 81.518493652
0.999756277 0.010470355 0.019432873 1.391951442 -0.010519278 0.999941766 0.002417095 -1.967251897 -0.019406432 -0.002620926 0.999808252 82.061317444
0.999684274 0.009722583 0.023168195 1.410709620 -0.009797728 0.999947011 0.003132128 -1.997086048 -0.023136519 -0.003358135 0.999726593 82.545791626
0.999615312 0.009587320 0.026024457 1.445988297 -0.009651298 0.999950826 0.002333699 -1.986028433 -0.026000796 -0.002583971 0.999658585 83.049041748
0.999418318 0.010453217 0.032460392 1.472978354 -0.010511706 0.999943435 0.001631646 -1.994720936 -0.032441501 -0.001971911 0.999471605 83.602027893
0.999217212 0.010045621 0.038261622 1.509185195 -0.010121877 0.999947071 0.001799846 -2.005561113 -0.038241524 -0.002185716 0.999266148 84.154136658
0.998943210 0.010318104 0.044787653 1.543605566 -0.010394664 0.999944925 0.001476883 -2.018454552 -0.044769943 -0.001940876 0.998995483 84.697380066
0.998572350 0.010073530 0.052459866 1.595274448 -0.010177843 0.999946713 0.001721676 -2.030431986 -0.052439734 -0.002253146 0.998621523 85.236808777
0.998078108 0.009970505 0.061160412 1.647776604 -0.010073374 0.999948382 0.001373861 -2.039779663 -0.061143551 -0.001987313 0.998126984 85.802207947
0.997640431 0.009485716 0.067997403 1.692998886 -0.009604308 0.999952853 0.001417354 -2.055535316 -0.067980766 -0.002067077 0.997684598 86.319610596
0.996965468 0.010084976 0.077189401 1.750723362 -0.010194633 0.999947429 0.001026676 -2.065699100 -0.077174999 -0.001810478 0.997015953 86.868644714
0.996117473 0.009702978 0.087498322 1.820467472 -0.009770701 0.999952137 0.000345731 -2.080364704 -0.087490782 -0.001199309 0.996164560 87.408882141
0.995288789 0.009761866 0.096462019 1.880884647 -0.009935652 0.999949753 0.001321407 -2.094560146 -0.096444279 -0.002273594 0.995335758 87.919219971
0.994582415 0.008728919 0.103583470 1.954421520 -0.008826587 0.999960780 0.000484556 -2.103413820 -0.103575192 -0.001396219 0.994620621 88.463989258
0.993476748 0.009141080 0.113668650 2.036617279 -0.009242678 0.999957204 0.000366822 -2.116037130 -0.113660455 -0.001415032 0.993518651 88.992477417
0.992164135 0.009757330 0.124559775 2.098392487 -0.009885767 0.999951065 0.000413080 -2.124706984 -0.124549642 -0.001641212 0.992211998 89.526657104
0.990859866 0.009200255 0.134580761 2.188716888 -0.009307003 0.999956667 0.000164086 -2.139073610 -0.134573415 -0.001415130 0.990902543 90.076026917
0.989287436 0.009028225 0.145701334 2.293968201 -0.009146609 0.999958158 0.000142616 -2.158251286 -0.145693958 -0.001473762 0.989328563 90.605911255
0.987272143 0.009409601 0.158761814 2.394192696 -0.009448546 0.999955297 -0.000509523 -2.171453953 -0.158759505 -0.000997031 0.987316728 91.142837524
0.985582352 0.008659890 0.168974355 2.477155685 -0.008835700 0.999960899 0.000288568 -2.173438072 -0.168965235 -0.001777414 0.985620379 91.587234497
0.983687282 0.008846151 0.179669023 2.592440605 -0.009015054 0.999959290 0.000123563 -2.184017658 -0.179660603 -0.001741273 0.983727098 92.130653381
0.981287360 0.008257953 0.192371741 2.718420982 -0.008394361 0.999964714 -0.000105934 -2.199661970 -0.192365855 -0.001510886 0.981322110 92.646362305
0.978915930 0.007580811 0.204122722 2.848638535 -0.007619000 0.999970913 -0.000598809 -2.209280252 -0.204121277 -0.000969027 0.978945136 93.153488159
0.976700306 0.007311643 0.214483365 2.981647491 -0.007387644 0.999972641 -0.000447257 -2.227710485 -0.214480728 -0.001147690 0.976727545 93.687484741
0.973726869 0.006970169 0.227611944 3.121480942 -0.007040559 0.999975145 -0.000502666 -2.246464014 -0.227609783 -0.001113056 0.973751724 94.199485779
0.970572174 0.005526166 0.240746886 3.279880524 -0.005374041 0.999984682 -0.001288430 -2.252988815 -0.240750298 -0.000043269 0.970587075 94.747123718
0.967698932 0.006374155 0.252027929 3.433902740 -0.006258283 0.999979556 -0.001261336 -2.268043756 -0.252030820 -0.000356668 0.967719078 95.257011414
0.964695036 0.006522352 0.263288468 3.519699097 -0.006341451 0.999978721 -0.001536899 -2.236053944 -0.263292879 -0.000186992 0.964715838 95.697242737
0.960911214 0.005648145 0.276799172 3.695074081 -0.005454456 0.999984086 -0.001469679 -2.253026962 -0.276803046 -0.000097558 0.960926652 96.211631775
0.957213819 0.005580823 0.289327860 3.872587204 -0.005265698 0.999984384 -0.001867557 -2.267442942 -0.289333701 0.000264138 0.957228184 96.734329224
0.953530371 0.006275957 0.301231265 4.058986664 -0.005910862 0.999980211 -0.002123440 -2.272836447 -0.301238626 0.000244229 0.953548729 97.307319641
0.949192226 0.005538184 0.314648092 4.206510544 -0.005342359 0.999984622 -0.001484749 -2.295490742 -0.314651430 -0.000271650 0.949207246 97.686378479
0.944441259 0.004575611 0.328648478 4.418165207 -0.004176456 0.999989390 -0.001920423 -2.309611082 -0.328653812 0.000441140 0.944450319 98.209846497
0.940583766 0.004557051 0.339531094 4.637083054 -0.004024140 0.999989390 -0.002273610 -2.319466352 -0.339537829 0.000772200 0.940592051 98.726783752
0.935283601 0.005227024 0.353860736 4.840740204 -0.004902908 0.999986351 -0.001812417 -2.337127924 -0.353865355 -0.000039823 0.935296357 99.245399475
0.930007041 0.004360673 0.367515802 5.005228043 -0.003932493 0.999990582 -0.001913889 -2.349510193 -0.367520630 0.000334677 0.930015326 99.659675598
0.925284863 0.003370804 0.379258096 5.244373322 -0.002663843 0.999993682 -0.002388799 -2.360731125 -0.379263729 0.001200035 0.925287843 100.164352417
0.920242488 0.002974409 0.391337335 5.471656799 -0.002253800 0.999994814 -0.002300700 -2.377183437 -0.391342163 0.001235205 0.920244455 100.676261902
0.914176226 0.002770173 0.405307651 5.706947327 -0.001751711 0.999994278 -0.002883698 -2.376398325 -0.405313343 0.001926226 0.914175749 101.188041687
0.907861352 0.003051104 0.419259399 5.914829254 -0.002234481 0.999994457 -0.002438796 -2.384985447 -0.419264525 0.001277262 0.907863200 101.634498596
0.902775109 0.002852723 0.430103421 6.169067383 -0.001910117 0.999994695 -0.002623325 -2.400619984 -0.430108607 0.001546725 0.902775764 102.112007141
0.896802306 0.002259676 0.442425787 6.433090210 -0.001360392 0.999996305 -0.002349921 -2.421212673 -0.442429453 0.001505542 0.896802068 102.606674194
0.890168309 0.002735961 0.455623507 6.714744568 -0.001805898 0.999995291 -0.002476597 -2.440580130 -0.455628216 0.001381778 0.890169084 103.102203369
0.883884072 0.002642983 0.467698425 7.011726379 -0.001554511 0.999995053 -0.002713206 -2.454705954 -0.467703342 0.001671118 0.883883893 103.619415283
0.877635479 0.002539441 0.479321986 7.186237335 -0.001337514 0.999995053 -0.002848978 -2.449503660 -0.479326844 0.001859265 0.877634525 103.997817993
0.870047510 0.002379770 0.492962241 7.483722687 -0.001233259 0.999995649 -0.002650845 -2.467552900 -0.492966443 0.001698410 0.870046675 104.474708557
0.862455726 0.002342078 0.506127000 7.781478882 -0.000987089 0.999995232 -0.002945399 -2.482769012 -0.506131411 0.002040684 0.862453938 104.943984985
