1.000000000 0.000000000 0.000000000 0.000000000 0.000000000 1.000000000 0.000000000 0.000000000 0.000000000 0.000000000 1.000000000 0.000000000
1.000000000 0.000177042 0.000091208 -0.002985636 -0.000177032 1.000000000 -0.000107229 0.003095132 -0.000091227 0.000107212 1.000000000 0.004038516
1.000000000 0.000136750 0.000019667 -0.000000954 -0.000136749 1.000000000 -0.000031268 0.001453650 -0.000019671 0.000031265 1.000000000 0.003562831
0.999999940 0.000270347 0.000099037 -0.000555081 -0.000270344 0.999999940 -0.000032200 0.001257697 -0.000099045 0.000032173 1.000000000 -0.001682381
1.000000000 0.000118770 -0.000024314 0.002663871 -0.000118771 1.000000000 -0.000055162 0.001609895 0.000024307 0.000055165 1.000000000 -0.000472289
1.000000000 0.000013237 -0.000024925 0.000427040 -0.000013236 1.000000000 0.000033303 0.001665901 0.000024926 -0.000033302 1.000000000 -0.000041478
1.000000000 0.000059686 0.000040637 -0.001538298 -0.000059685 1.000000000 -0.000045569 0.001862696 -0.000040640 0.000045566 1.000000000 -0.001006198
1.000000000 0.000038109 0.000029265 0.000566026 -0.000038111 1.000000000 0.000044676 0.001374194 -0.000029264 -0.000044677 1.000000000 -0.000533297
1.000000000 0.000084762 0.000150908 -0.003760983 -0.000084754 1.000000000 -0.000057062 0.002447050 -0.000150913 0.000057049 1.000000000 0.002936698
1.000000000 0.000117415 0.000141698 -0.003273891 -0.000117404 1.000000000 -0.000071158 0.001196519 -0.000141707 0.000071141 1.000000000 -0.001271701
1.000000000 0.000157344 0.000088776 0.000300800 -0.000157346 1.000000000 0.000018512 0.001678331 -0.000088773 -0.000018526 1.000000000 -0.002242088
1.000000000 0.000102528 0.000075649 -0.002402692 -0.000102523 1.000000000 -0.000067447 0.001862444 -0.000075656 0.000067439 1.000000000 -0.003402586
1.000000000 0.000110006 0.000131794 -0.003447984 -0.000110006 1.000000000 -0.000003783 0.001673382 -0.000131795 0.000003768 1.000000000 -0.003945390
1.000000000 -0.000069170 0.000071222 -0.001560431 0.000069169 1.000000000 0.000013198 -0.000117988 -0.000071223 -0.000013193 1.000000000 -0.000432454
1.000000000 0.000066507 0.000067499 -0.000270927 -0.000066504 1.000000000 -0.000044720 0.001553813 -0.000067502 0.000044716 1.000000000 -0.002172469
1.000000000 -0.000062006 0.000016277 0.000340703 0.000062005 1.000000000 0.000011034 0.001615514 -0.000016278 -0.000011033 1.000000000 -0.003347932
1.000000000 -0.000022690 0.000077973 -0.002912994 0.000022689 1.000000000 0.000011294 0.000810874 -0.000077974 -0.000011292 1.000000000 -0.002599454
1.000000000 0.000083547 0.000193090 -0.004407420 -0.000083555 1.000000000 0.000042852 -0.000936024 -0.000193086 -0.000042868 1.000000000 -0.002534653
1.000000000 0.000049746 0.000018093 0.000472578 -0.000049747 1.000000000 0.000024742 0.001301162 -0.000018092 -0.000024743 1.000000000 -0.004843331
1.000000000 -0.000114401 -0.000006398 -0.000281030 0.000114401 1.000000000 -0.000007307 0.000703790 0.000006399 0.000007306 1.000000000 -0.005748730
1.000000000 -0.000022028 0.000037242 0.000060305 0.000022028 1.000000000 -0.000016676 0.000523617 -0.000037242 0.000016677 1.000000000 -0.006617851
1.000000000 -0.000071921 0.000012355 0.000029222 0.000071921 1.000000000 0.000038956 -0.001201881 -0.000012358 -0.000038955 1.000000000 -0.004629091
1.000000000 0.000029674 0.000113290 -0.002759868 -0.000029669 1.000000000 -0.000038222 0.001142764 -0.000113291 0.000038219 1.000000000 0.001163303
1.000000000 -0.000006749 0.000011551 0.000966675 0.000006749 1.000000000 -0.000015974 -0.000013647 -0.000011551 0.000015974 1.000000000 -0.001724294
1.000000000 -0.000030479 0.000115195 -0.002733803 0.000030471 1.000000000 0.000068696 0.000505316 -0.000115197 -0.000068692 1.000000000 0.000126234
1.000000000 -0.000070596 -0.000095828 0.003248067 0.000070593 1.000000000 -0.000036590 0.001308145 0.000095830 0.000036583 1.000000000 -0.005805240
1.000000000 -0.000109417 0.000089170 -0.002471703 0.000109420 1.000000000 -0.000032710 0.001924801 -0.000089167 0.000032719 1.000000000 0.000349141
1.000000000 0.000121979 0.000091835 -0.002324067 -0.000121973 1.000000000 -0.000065219 0.001512538 -0.000091843 0.000065207 1.000000000 -0.002736021
1.000000000 -0.000057271 0.000074371 -0.002780381 0.000057266 1.000000000 0.000064206 0.000197264 -0.000074374 -0.000064202 1.000000000 -0.000395103
1.000000000 -0.000142653 0.000069418 -0.003727160 0.000142656 1.000000000 -0.000043676 0.003747398 -0.000069412 0.000043686 1.000000000 0.000032031
1.000000000 -0.000041193 0.000066247 -0.003030959 0.000041195 1.000000000 -0.000038687 0.001858787 -0.000066246 0.000038690 1.000000000 0.000429143
1.000000000 -0.000060452 0.000079324 -0.003057023 0.000060451 1.000000000 0.000017818 0.001161034 -0.000079325 -0.000017813 1.000000000 0.002788327
1.000000000 -0.000144681 0.000028845 -0.002515899 0.000144681 1.000000000 -0.000004440 0.000745499 -0.000028844 0.000004444 1.000000000 -0.002240653
1.000000000 -0.000045237 0.000034360 -0.001766207 0.000045238 1.000000000 -0.000045039 0.001973034 -0.000034358 0.000045040 1.000000000 -0.001652463
0.999999940 0.000199445 0.000173743 -0.004319809 -0.000199438 1.000000000 -0.000041211 0.001271644 -0.000173751 0.000041176 1.000000000 0.000361902
1.000000000 -0.000005754 0.000099401 -0.003608908 0.000005755 1.000000000 -0.000012072 0.001570754 -0.000099400 0.000012073 1.000000000 0.000143620
1.000000000 0.000012319 0.000075344 -0.004541233 -0.000012315 1.000000000 -0.000057846 0.002302103 -0.000075345 0.000057845 1.000000000 -0.000479887
1.000000000 -0.000037584 0.000017749 0.000182995 0.000037586 1.000000000 -0.000090002 0.002128281 -0.000017746 0.000090003 1.000000000 -0.005329591
1.000000000 -0.000034586 0.000027113 0.000551510 0.000034585 1.000000000 0.000027332 -0.000158160 -0.000027114 -0.000027331 1.000000000 -0.004051361
1.000000000 -0.000060819 -0.000000664 0.000861648 0.000060819 1.000000000 -0.000012278 0.001693208 0.000000665 0.000012278 1.000000000 -0.003023231
0.999999940 -0.000256115 -0.000050428 0.001307936 0.000256117 0.999999940 0.000030390 -0.000358352 0.000050420 -0.000030403 1.000000000 -0.001379387
1.000000000 0.000011213 0.000113939 0.002614066 -0.000011159 0.999999881 -0.000470737 -0.005375479 -0.000113944 0.000470736 0.999999881 0.048738506
1.000000000 -0.000002430 0.000079368 0.003387338 0.000002529 0.999999225 -0.001253439 -0.002707603 -0.000079365 0.001253440 0.999999225 0.144147336
1.000000000 -0.000083577 0.000033993 0.004801892 0.000083625 0.999998987 -0.001414394 -0.010688555 -0.000033875 0.001414397 0.999998987 0.259778887
1.000000000 0.000002484 0.000151875 0.004934438 -0.000002275 0.999999046 -0.001375283 -0.014162946 -0.000151878 0.001375283 0.999999046 0.389875591
1.000000000 0.000050023 0.000061140 0.006916658 -0.000049962 0.999999523 -0.001003224 -0.022883598 -0.000061190 0.001003221 0.999999523 0.531037211
1.000000000 0.000017659 0.000060799 0.007454039 -0.000017609 0.999999642 -0.000821588 -0.032552537 -0.000060814 0.000821587 0.999999642 0.683599234
1.000000000 0.000091067 0.000184645 0.005816383 -0.000090956 0.999999821 -0.000602753 -0.038766481 -0.000184700 0.000602736 0.999999821 0.863699198
1.000000000 0.000032218 -0.000136775 0.022107230 -0.000032293 0.999999821 -0.000550903 -0.035664055 0.000136757 0.000550907 0.999999821 1.026479483
0.999999940 0.000005974 0.000321665 -0.022195503 -0.000006054 0.999999940 0.000249197 -0.056857001 -0.000321663 -0.000249199 0.999999940 1.220154881
1.000000000 -0.000259281 0.000042090 -0.006801516 0.000259264 0.999999881 0.000421923 -0.062749319 -0.000042199 -0.000421912 1.000000000 1.406288028
0.999999702 0.000751999 0.000024263 0.026458852 -0.000751991 0.999999642 -0.000316315 -0.051520463 -0.000024501 0.000316297 0.999999940 1.588708758
0.999999642 0.000730494 0.000301621 0.028470078 -0.000730424 0.999999583 -0.000231715 -0.056203436 -0.000301790 0.000231495 0.999999940 1.782734871
0.999999762 0.000448993 0.000473629 0.028715156 -0.000449031 0.999999881 0.000080222 -0.065127157 -0.000473593 -0.000080435 0.999999881 1.991991401
0.999999642 0.000614043 0.000540159 0.030946437 -0.000613943 0.999999821 -0.000184923 -0.069165103 -0.000540272 0.000184591 0.999999881 2.216185570
0.999999583 0.000674529 0.000644267 0.033459160 -0.000674632 0.999999881 0.000159122 -0.075254753 -0.000644159 -0.000159557 0.999999702 2.414671898
0.999999464 0.000788979 0.000655243 0.037071396 -0.000789091 0.999999702 0.000172192 -0.083286203 -0.000655106 -0.000172709 0.999999762 2.648149490
0.999999702 0.000541788 0.000598472 0.044304550 -0.000541942 0.999999881 0.000257051 -0.088497162 -0.000598333 -0.000257375 0.999999762 2.876686811
0.999999523 0.000813452 0.000488221 0.033321381 -0.000813463 0.999999642 0.000021145 -0.087201931 -0.000488204 -0.000021542 0.999999881 3.138044357
0.999999464 0.000802770 0.000622514 0.039522089 -0.000802783 0.999999642 0.000020163 -0.096300878 -0.000622498 -0.000020663 0.999999821 3.390399456
0.999999821 0.000343619 0.000454075 0.045987964 -0.000343791 0.999999881 0.000377103 -0.109928571 -0.000453946 -0.000377259 0.999999821 3.633518219
0.999999702 0.000573735 0.000469825 0.051148981 -0.000573939 0.999999762 0.000435009 -0.118288681 -0.000469575 -0.000435278 0.999999821 3.876915216
0.999999344 0.000950996 0.000624606 0.063571587 -0.000951088 0.999999523 0.000146315 -0.111945964 -0.000624467 -0.000146909 0.999999821 4.137559891
0.999999404 0.000908259 0.000593572 0.069192111 -0.000908565 0.999999464 0.000515589 -0.121198975 -0.000593103 -0.000516128 0.999999702 4.382858276
0.999999940 0.000182263 0.000181668 0.070919506 -0.000182410 0.999999583 0.000809527 -0.144641221 -0.000181521 -0.000809561 0.999999642 4.650663853
0.999999762 0.000062016 0.000588288 0.076324195 -0.000062688 0.999999344 0.001143337 -0.153892428 -0.000588217 -0.001143374 0.999999106 4.905925751
0.999999702 0.000257488 0.000660999 0.077070460 -0.000258263 0.999999225 0.001172589 -0.166288733 -0.000660696 -0.001172759 0.999999106 5.150013924
0.999999583 0.000528880 0.000781897 0.086131409 -0.000529671 0.999999344 0.001011170 -0.162156463 -0.000781361 -0.001011584 0.999999166 5.441557407
0.999999523 0.000529055 0.000798555 0.090837806 -0.000529708 0.999999523 0.000817905 -0.174798638 -0.000798122 -0.000818328 0.999999344 5.697359562
0.999999344 0.000810612 0.000729470 0.095871113 -0.000811352 0.999999166 0.001014825 -0.183458075 -0.000728646 -0.001015416 0.999999225 5.980258465
0.999999583 0.000477027 0.000785337 0.102806568 -0.000477974 0.999999225 0.001205926 -0.197265312 -0.000784762 -0.001206301 0.999998987 6.232702255
0.999999285 0.000707562 0.000879226 0.104346186 -0.000708520 0.999999166 0.001089760 -0.198968083 -0.000878454 -0.001090382 0.999999046 6.532180786
0.999999583 0.000426298 0.000720485 0.111417703 -0.000426951 0.999999464 0.000906987 -0.207416952 -0.000720098 -0.000907294 0.999999344 6.828009129
0.999999881 -0.000004803 0.000446053 0.126578256 0.000004360 0.999999523 0.000992888 -0.219113201 -0.000446057 -0.000992885 0.999999404 7.116562366
0.999999404 0.000734628 0.000772187 0.131241545 -0.000735772 0.999998629 0.001482876 -0.232045636 -0.000771097 -0.001483444 0.999998689 7.412612438
0.999999225 0.000836499 0.000859191 0.136363462 -0.000837659 0.999998748 0.001350762 -0.241768226 -0.000858061 -0.001351480 0.999998748 7.730724335
0.999999285 0.000910100 0.000753269 0.151501447 -0.000910881 0.999999166 0.001037897 -0.260143548 -0.000752323 -0.001038583 0.999999166 8.049694061
0.999999046 0.001130633 0.000823507 0.160892010 -0.001131458 0.999998927 0.001002099 -0.271087110 -0.000822373 -0.001003030 0.999999166 8.359895706
0.999998689 0.001210069 0.001067012 0.159959182 -0.001211609 0.999998152 0.001443329 -0.276910812 -0.001065264 -0.001444620 0.999998391 8.709424973
0.999998868 0.001037260 0.001118271 0.164752141 -0.001038891 0.999998450 0.001459091 -0.284632117 -0.001116756 -0.001460251 0.999998331 9.048393250
0.999999404 0.000419525 0.001029857 0.173249975 -0.000421040 0.999998808 0.001472033 -0.292008102 -0.001029238 -0.001472466 0.999998391 9.387162209
0.999999166 0.000687037 0.001072930 0.179898202 -0.000688916 0.999998331 0.001751775 -0.307251275 -0.001071724 -0.001752513 0.999997914 9.727790833
0.999998927 0.000810503 0.001233625 0.186152264 -0.000812484 0.999998391 0.001605614 -0.313978791 -0.001232322 -0.001606614 0.999997914 10.078465462
0.999999285 0.000422799 0.001092959 0.198215216 -0.000424186 0.999999106 0.001269056 -0.324893117 -0.001092421 -0.001269519 0.999998629 10.434538841
0.999998927 0.000856836 0.001140656 0.210000247 -0.000858590 0.999998450 0.001538031 -0.340170890 -0.001139337 -0.001539009 0.999998152 10.780547142
0.999999583 0.000069868 0.000814554 0.226670638 -0.000071442 0.999998093 0.001932096 -0.357805550 -0.000814418 -0.001932153 0.999997795 11.164896965
0.999999285 0.000419468 0.001130754 0.228626788 -0.000421588 0.999998271 0.001875140 -0.367396325 -0.001129966 -0.001875615 0.999997616 11.552483559
0.999999285 0.000622222 0.001152615 0.240770504 -0.000624992 0.999996901 0.002404122 -0.380238950 -0.001151116 -0.002404841 0.999996364 11.930944443
0.999999344 0.000184412 0.001129097 0.250421435 -0.000187220 0.999996901 0.002486769 -0.390304744 -0.001128635 -0.002486979 0.999996185 12.309911728
0.999998450 0.000819625 0.001641373 0.254370958 -0.000823639 0.999996662 0.002446280 -0.408614755 -0.001639362 -0.002447627 0.999995589 12.699436188
0.999998212 0.000778293 0.001733871 0.262074351 -0.000783216 0.999995589 0.002840618 -0.413166106 -0.001731653 -0.002841971 0.999994457 13.105747223
0.999999464 -0.000285804 0.001017490 0.281134397 0.000283231 0.999996901 0.002527695 -0.437180161 -0.001018209 -0.002527406 0.999996245 13.520248413
0.999998510 0.000516748 0.001683608 0.284291476 -0.000521705 0.999995589 0.002944798 -0.451774776 -0.001682078 -0.002945672 0.999994278 13.936889648
0.999997973 0.000874792 0.001831393 0.294643164 -0.000880115 0.999995410 0.002907744 -0.461556733 -0.001828842 -0.002909350 0.999994040 14.359836578
0.999998987 0.000284448 0.001491079 0.316386163 -0.000288856 0.999995589 0.002956818 -0.495565712 -0.001490232 -0.002957245 0.999994516 14.761234283
0.999998689 0.000279993 0.001600891 0.331931859 -0.000285156 0.999994755 0.003225941 -0.510225892 -0.001599979 -0.003226393 0.999993503 15.172044754
0.999998569 -0.000111934 0.001711039 0.338862330 0.000105788 0.999993563 0.003592070 -0.518428624 -0.001711430 -0.003591883 0.999992073 15.603765488
0.999997079 0.000540792 0.002359832 0.355026662 -0.000549277 0.999993324 0.003596643 -0.545302451 -0.002357871 -0.003597929 0.999990761 16.034658432
0.999996543 0.000103148 0.002631774 0.369719326 -0.000113585 0.999992132 0.003966033 -0.556242287 -0.002631344 -0.003966318 0.999988675 16.486246109
0.999997020 0.000146357 0.002469710 0.382182032 -0.000155090 0.999993742 0.003536369 -0.567395747 -0.002469177 -0.003536741 0.999990702 16.924320221
0.999995172 -0.000670554 0.003033662 0.400759637 0.000657865 0.999991059 0.004181644 -0.598770261 -0.003036438 -0.004179629 0.999986649 17.383945465
0.999994218 -0.000022926 0.003404908 0.404447526 0.000008624 0.999991179 0.004200738 -0.608655691 -0.003404975 -0.004200684 0.999985397 17.834920883
0.999993026 -0.000202156 0.003732098 0.415155530 0.000186867 0.999991536 0.004096642 -0.622574747 -0.003732895 -0.004095915 0.999984741 18.301826477
0.999991834 -0.000316281 0.004034829 0.429698795 0.000298245 0.999989986 0.004470068 -0.637189329 -0.004036202 -0.004468828 0.999981880 18.761486053
0.999990821 0.000021327 0.004284959 0.438987792 -0.000039209 0.999991298 0.004173201 -0.643390298 -0.004284834 -0.004173330 0.999982178 19.236850739
0.999990940 -0.000096532 0.004270131 0.449892998 0.000077030 0.999989510 0.004567008 -0.664749622 -0.004270527 -0.004566638 0.999980509 19.721168518
0.999991894 -0.000185021 0.004008624 0.481260002 0.000165730 0.999988377 0.004812188 -0.679444015 -0.004009468 -0.004811483 0.999980390 20.187475204
0.999989986 0.000504437 0.004442223 0.491813660 -0.000523722 0.999990463 0.004341335 -0.691518664 -0.004439991 -0.004343617 0.999980748 20.672565460
0.999990523 0.000545154 0.004306623 0.495284796 -0.000567296 0.999986589 0.005141807 -0.712690353 -0.004303762 -0.005144202 0.999977469 21.188184738
0.999992192 0.000926552 0.003839268 0.500809193 -0.000946135 0.999986470 0.005102224 -0.715599000 -0.003834490 -0.005105816 0.999979615 21.707365036
0.999992549 0.001011971 0.003718625 0.509895980 -0.001031084 0.999986291 0.005141638 -0.729255378 -0.003713371 -0.005145434 0.999979854 22.197202682
0.999994397 0.000750870 0.003253598 0.533030629 -0.000768554 0.999984920 0.005437353 -0.759003520 -0.003249466 -0.005439824 0.999979913 22.718187332
0.999997020 0.000802955 0.002300585 0.540976107 -0.000815689 0.999984264 0.005539284 -0.774268985 -0.002296101 -0.005541144 0.999982059 23.225559235
0.999998152 0.000056314 0.001891114 0.551902235 -0.000066516 0.999985456 0.005394748 -0.785768986 -0.001890783 -0.005394864 0.999983668 23.732892990
0.999998987 -0.000775225 0.001212540 0.567525446 0.000768922 0.999986231 0.005189278 -0.797628343 -0.001216547 -0.005188339 0.999985814 24.250820160
0.999999583 0.000254659 0.000894655 0.572401166 -0.000259451 0.999985576 0.005359577 -0.809755921 -0.000893277 -0.005359807 0.999985218 24.774560928
0.999999881 0.000329015 0.000051621 0.588548779 -0.000329289 0.999985218 0.005414093 -0.822795391 -0.000049839 -0.005414111 0.999985337 25.293100357
0.999999762 -0.000036072 -0.000869897 0.594936013 0.000040788 0.999985218 0.005420979 -0.833096802 0.000869689 -0.005421012 0.999984920 25.820261002
0.999999225 0.000355530 -0.001122517 0.604335546 -0.000349291 0.999984503 0.005553871 -0.847451806 0.001124474 -0.005553475 0.999983966 26.352741241
0.999999166 -0.000082579 -0.001302166 0.614323139 0.000090204 0.999982834 0.005856161 -0.855948091 0.001301660 -0.005856273 0.999981999 26.898981094
0.999998510 0.000029526 -0.001735694 0.624195695 -0.000018909 0.999981225 0.006116440 -0.874153256 0.001735842 -0.006116397 0.999979734 27.425619125
0.999997914 0.000612367 -0.001948295 0.635088205 -0.000600434 0.999981046 0.006119363 -0.890099287 0.001952005 -0.006118181 0.999979317 27.963006973
0.999996662 0.000338676 -0.002550079 0.642648220 -0.000322355 0.999979496 0.006397683 -0.906338692 0.002552195 -0.006396838 0.999976277 28.503734589
0.999994576 0.000005364 -0.003295657 0.662098706 0.000015922 0.999979079 0.006458548 -0.920035005 0.003295624 -0.006458566 0.999973714 29.046712875
0.999993622 -0.000081461 -0.003571196 0.669128537 0.000104558 0.999979019 0.006467727 -0.931852579 0.003570595 -0.006468059 0.999972761 29.588125229
0.999993682 0.000253350 -0.003549008 0.676158071 -0.000229033 0.999976456 0.006850469 -0.947403371 0.003550661 -0.006849612 0.999970257 30.127532959
0.999993086 0.000592993 -0.003669199 0.681868613 -0.000569177 0.999978781 0.006488590 -0.957818985 0.003672969 -0.006486456 0.999972165 30.672544479
0.999993980 0.000960067 -0.003333399 0.684300184 -0.000937650 0.999976993 0.006720000 -0.974615991 0.003339774 -0.006716833 0.999971867 31.207832336
0.999991596 0.000961696 -0.003979183 0.688187599 -0.000933045 0.999973774 0.007195813 -0.998524845 0.003985999 -0.007192040 0.999966204 31.727645874
0.999991298 0.001242243 -0.003977567 0.695406318 -0.001214962 0.999975801 0.006853833 -1.007838011 0.003985985 -0.006848940 0.999968648 32.279563904
0.999992013 0.001040439 -0.003859781 0.687075138 -0.001013948 0.999975979 0.006859060 -1.019396067 0.003866825 -0.006855093 0.999969006 32.798099518
0.999990702 0.001459036 -0.004052098 0.680845559 -0.001431156 0.999975264 0.006874900 -1.041519403 0.004062030 -0.006869037 0.999968112 33.332828522
0.999990106 0.001433124 -0.004192110 0.695864618 -0.001405506 0.999977291 0.006583626 -1.042511106 0.004201450 -0.006577670 0.999969482 33.886573792
0.999989450 0.001759340 -0.004227770 0.697544575 -0.001730449 0.999975145 0.006827478 -1.059260249 0.004239677 -0.006820090 0.999967813 34.433578491
0.999989629 0.001521923 -0.004297148 0.706835747 -0.001493560 0.999977112 0.006595873 -1.066269279 0.004307089 -0.006589387 0.999968946 34.923141479
0.999985337 0.000923977 -0.005330476 0.742473006 -0.000884261 0.999971867 0.007448152 -1.094495296 0.005337209 -0.007443330 0.999958038 35.471096039
0.999985754 0.000116174 -0.005330296 0.738971949 -0.000073637 0.999968171 0.007979726 -1.136168242 0.005331054 -0.007979221 0.999953926 36.008586884
0.999985337 0.000663322 -0.005381228 0.752804756 -0.000621834 0.999970078 0.007707740 -1.147983551 0.005386180 -0.007704280 0.999955833 36.565155029
0.999985933 0.000610965 -0.005279485 0.756383777 -0.000568567 0.999967635 0.008028544 -1.157786608 0.005284220 -0.008025429 0.999953806 37.088336945
0.999986947 0.000757623 -0.005045774 0.731078029 -0.000715531 0.999965072 0.008338555 -1.177428246 0.005051914 -0.008334836 0.999952495 37.619052887
0.999985397 0.000057708 -0.005396686 0.753256440 -0.000008259 0.999958098 0.009162375 -1.193550706 0.005396989 -0.009162197 0.999943495 38.161609650
0.999979377 -0.000923233 -0.006361345 0.752154171 0.000981176 0.999958038 0.009111455 -1.218073964 0.006352667 -0.009117507 0.999938250 38.694225311
0.999981582 0.000097894 -0.006060630 0.743440270 -0.000047033 0.999964714 0.008391674 -1.193167567 0.006061238 -0.008391233 0.999946475 39.264797211
0.999980807 0.000863969 -0.006132198 0.803593755 -0.000814135 0.999966681 0.008124464 -1.218495607 0.006139013 -0.008119316 0.999948204 39.851158142
0.999978364 -0.000235501 -0.006568581 0.790363193 0.000292302 0.999962509 0.008647785 -1.241469860 0.006566298 -0.008649518 0.999940991 40.502635956
0.999976575 -0.000234740 -0.006837502 0.825758338 0.000294832 0.999961317 0.008788903 -1.265839696 0.006835173 -0.008790713 0.999938011 40.919052124
0.999977410 -0.000160072 -0.006722393 0.827662051 0.000216953 0.999964178 0.008461548 -1.272274733 0.006720797 -0.008462815 0.999941587 41.454780579
0.999971688 -0.000406245 -0.007515277 0.852879286 0.000468910 0.999965131 0.008338464 -1.283949852 0.007511628 -0.008341752 0.999936998 41.974552155
0.999977291 0.000366613 -0.006720839 0.839969099 -0.000312614 0.999967694 0.008033958 -1.279994369 0.006723565 -0.008031673 0.999945164 42.502952576
0.999973178 -0.000751630 -0.007282484 0.852203488 0.000819744 0.999955893 0.009354725 -1.320348978 0.007275132 -0.009360446 0.999929726 43.046104431
0.999979317 0.000531526 -0.006411951 0.836640239 -0.000472524 0.999957561 0.009199862 -1.332682610 0.006416571 -0.009196643 0.999937117 43.571075439
0.999978542 -0.000111787 -0.006537372 0.858407736 0.000169469 0.999961078 0.008823574 -1.347615600 0.006536131 -0.008824493 0.999939680 44.072296143
0.999978364 0.000262840 -0.006570966 0.867369652 -0.000205597 0.999962032 0.008710714 -1.347448587 0.006573005 -0.008709175 0.999940455 44.619094849
0.999976695 0.000280744 -0.006825649 0.881232142 -0.000220390 0.999960899 0.008841434 -1.362520456 0.006827864 -0.008839724 0.999937594 45.163646698
0.999977291 0.000019594 -0.006742340 0.892462730 0.000041766 0.999958515 0.009100458 -1.376855850 0.006742237 -0.009100531 0.999935865 45.683158875
0.999977589 0.000087582 -0.006708234 0.901700377 -0.000028106 0.999960721 0.008865599 -1.388498783 0.006708750 -0.008865211 0.999938190 46.230461121
0.999976218 0.000295344 -0.006894180 0.903790712 -0.000234116 0.999960542 0.008880231 -1.403119326 0.006896532 -0.008878404 0.999936819 46.797740936
0.999974132 -0.000440068 -0.007171386 0.909911215 0.000503344 0.999960959 0.008823955 -1.401264787 0.007167224 -0.008827337 0.999935329 47.298503876
0.999976635 0.001133281 -0.006740944 0.924673796 -0.001071398 0.999957383 0.009176740 -1.419949770 0.006751059 -0.009169303 0.999935150 47.850708008
0.999978900 0.000538750 -0.006465378 0.918424845 -0.000477711 0.999955356 0.009438881 -1.436830163 0.006470174 -0.009435594 0.999934554 48.358966827
0.999974787 0.000073942 -0.007103213 0.933843374 -0.000004586 0.999952316 0.009763645 -1.447336793 0.007103596 -0.009763367 0.999927104 48.860141754
0.999974906 0.000217236 -0.007070958 0.950379133 -0.000153415 0.999959290 0.009025132 -1.447975874 0.007072632 -0.009023821 0.999934256 49.433059692
0.999976039 -0.000159123 -0.006914703 0.946981192 0.000223602 0.999956429 0.009325194 -1.475036979 0.006912918 -0.009326518 0.999932528 49.953472137
0.999977946 0.000392884 -0.006622361 0.946828783 -0.000329171 0.999953687 0.009619157 -1.484374881 0.006625831 -0.009616764 0.999931753 50.468349457
0.999973953 -0.000424120 -0.007203447 0.960375726 0.000492588 0.999954641 0.009505651 -1.494376898 0.007199090 -0.009508952 0.999928832 51.006294250
0.999978900 -0.000026534 -0.006486558 0.962516606 0.000087447 0.999955893 0.009390599 -1.500924468 0.006486021 -0.009390970 0.999934793 51.552928925
0.999975443 0.000078606 -0.007005701 0.975636721 -0.000013682 0.999957085 0.009267007 -1.517105103 0.007006127 -0.009266685 0.999932468 52.090751648
0.999974847 -0.000057384 -0.007088822 1.006399870 0.000124780 0.999954820 0.009507271 -1.549294710 0.007087958 -0.009507917 0.999929667 52.637691498
0.999975681 -0.000203679 -0.006972448 1.009929895 0.000268580 0.999956727 0.009308550 -1.561038017 0.006970251 -0.009310197 0.999932349 53.179553986
0.999985039 0.000663674 -0.005430708 0.967354476 -0.000614093 0.999958217 0.009126435 -1.561918259 0.005436537 -0.009122963 0.999943614 53.666122437
0.999981821 0.001356065 -0.005871827 0.975462198 -0.001299841 0.999953389 0.009568477 -1.593256950 0.005884529 -0.009560672 0.999936998 54.235248566
0.999976635 0.001277359 -0.006710499 1.033982635 -0.001213315 0.999953747 0.009539155 -1.590506077 0.006722373 -0.009530792 0.999931931 54.773742676
0.999977231 0.001669390 -0.006531984 1.011123896 -0.001618472 0.999968350 0.007792810 -1.538300633 0.006544786 -0.007782061 0.999948263 55.513580322
0.999971151 0.001108816 -0.007529358 1.052156568 -0.001031724 0.999947131 0.010234998 -1.616279125 0.007540310 -0.010226933 0.999919236 55.875324249
0.999974847 0.001391424 -0.006963958 1.076354265 -0.001318925 0.999945045 0.010404325 -1.627059460 0.006978051 -0.010394879 0.999921620 56.366867065
0.999977410 0.000141897 -0.006719699 1.088660121 -0.000080961 0.999958873 0.009067622 -1.604938269 0.006720710 -0.009066873 0.999936283 56.868766785
0.999970913 0.001307551 -0.007523715 1.090387344 -0.001239058 0.999957740 0.009101086 -1.607761621 0.007535299 -0.009091498 0.999930322 57.572914124
0.999980450 0.000237489 -0.006244292 1.089343309 -0.000181166 0.999959290 0.009018913 -1.638940573 0.006246180 -0.009017605 0.999939859 57.962982178
0.999977291 0.000287726 -0.006735440 1.100555420 -0.000224450 0.999955833 0.009393356 -1.649446726 0.006737845 -0.009391631 0.999933183 58.497150421
0.999976754 -0.000180820 -0.006809193 1.109547138 0.000243489 0.999957621 0.009203904 -1.658531666 0.006807240 -0.009205350 0.999934375 59.037014008
0.999979913 0.000066616 -0.006346179 1.113019943 -0.000006867 0.999955654 0.009414440 -1.669873357 0.006346525 -0.009414208 0.999935448 59.588504791
0.999979794 0.000098298 -0.006360061 1.125807285 -0.000035954 0.999951959 0.009801745 -1.682567358 0.006360719 -0.009801318 0.999931753 60.107738495
0.999981999 0.000356131 -0.005991261 1.145326257 -0.000301150 0.999957740 0.009175253 -1.688224316 0.005994275 -0.009173284 0.999939919 60.689521790
0.999979377 -0.000064964 -0.006412955 1.154900193 0.000127028 0.999953091 0.009678018 -1.701831102 0.006412025 -0.009678634 0.999932647 61.202816010
0.999974608 -0.000325742 -0.007129742 1.199046493 0.000396598 0.999950469 0.009938907 -1.737825632 0.007126153 -0.009941481 0.999925196 61.727844238
0.999970555 -0.001078838 -0.007602609 1.223882198 0.001149275 0.999956429 0.009266581 -1.721445084 0.007592280 -0.009275045 0.999928176 62.101387024
0.999962986 0.000015047 -0.008605784 1.301845074 0.000046774 0.999974191 0.007183372 -1.648430824 0.008605670 -0.007183508 0.999937117 62.810138702
0.999959648 -0.001356915 -0.008889282 1.262032986 0.001429962 0.999965191 0.008216122 -1.707499743 0.008877825 -0.008228501 0.999926746 63.371051788
0.999960244 -0.000731757 -0.008888574 1.314598799 0.000816072 0.999954581 0.009485870 -1.740919113 0.008881229 -0.009492746 0.999915540 63.832599640
0.999968410 -0.000030661 -0.007946390 1.287085772 0.000107274 0.999953449 0.009640927 -1.748822451 0.007945724 -0.009641474 0.999921978 64.291160583
0.999984980 0.000979518 -0.005381706 1.241802216 -0.000931429 0.999959707 0.008930838 -1.784963489 0.005390237 -0.008925696 0.999945581 64.890808105
0.999982715 0.000642077 -0.005844721 1.270208359 -0.000589587 0.999959528 0.008977965 -1.792457819 0.005850250 -0.008974365 0.999942541 65.452285767
0.999982297 0.000615351 -0.005914206 1.270893574 -0.000562667 0.999960244 0.008905602 -1.804326415 0.005919450 -0.008902117 0.999942839 65.978240967
0.999982655 -0.000288504 -0.005885123 1.273451567 0.000338035 0.999964535 0.008417112 -1.823250175 0.005882484 -0.008418953 0.999947250 66.466453552
0.999987066 0.002260274 -0.004551476 1.241383553 -0.002219941 0.999958456 0.008847356 -1.811672211 0.004571283 -0.008837139 0.999950528 67.042411804
0.999987364 0.000751149 -0.004964527 1.282927513 -0.000709746 0.999965012 0.008336386 -1.833449125 0.004970613 -0.008332757 0.999952853 67.445991516
0.999987125 0.000615540 -0.005042363 1.303598642 -0.000573608 0.999965310 0.008313157 -1.853325129 0.005047304 -0.008310157 0.999952734 67.973152161
0.999985278 0.000386575 -0.005425377 1.315928936 -0.000341234 0.999965012 0.008355611 -1.854256988 0.005428417 -0.008353635 0.999950290 68.525413513
0.999985397 0.000649099 -0.005367410 1.313107729 -0.000600239 0.999958515 0.009099823 -1.861910939 0.005373091 -0.009096469 0.999944210 68.699691772
0.999984503 0.001409816 -0.005382563 1.368636608 -0.001361047 0.999958038 0.009053654 -1.885889769 0.005395103 -0.009046186 0.999944508 69.265296936
0.999981880 0.000806414 -0.005955926 1.378430247 -0.000754592 0.999961853 0.008698073 -1.895040035 0.005962713 -0.008693420 0.999944389 69.797897339
0.999984026 0.000947001 -0.005565849 1.376171708 -0.000899388 0.999963045 0.008550681 -1.896124601 0.005573738 -0.008545537 0.999947965 70.247154236
0.999984801 0.001190299 -0.005380297 1.407106757 -0.001142444 0.999959826 0.008888849 -1.923961759 0.005390661 -0.008882567 0.999945998 70.886779785
0.999985874 0.000307461 -0.005323999 1.364880085 -0.000259544 0.999959469 0.008998654 -1.901447773 0.005326551 -0.008997143 0.999945283 71.212425232
0.999984622 0.001300618 -0.005407215 1.381393433 -0.001251122 0.999957383 0.009146897 -1.919184327 0.005418880 -0.009139990 0.999943495 71.747489929
0.999984562 0.001867316 -0.005230160 1.405200601 -0.001816796 0.999951780 0.009647677 -1.945252180 0.005247923 -0.009638025 0.999939799 72.260131836
0.999986708 0.001933294 -0.004779554 1.393367290 -0.001886440 0.999950230 0.009788078 -1.963629961 0.004798240 -0.009778933 0.999940693 72.829620361
0.999987543 0.001459908 -0.004772562 1.413131237 -0.001412159 0.999949038 0.009992899 -1.995791554 0.004786908 -0.009986033 0.999938667 73.369178772
0.999987543 0.002050947 -0.004554891 1.415498018 -0.002005451 0.999948204 0.009970668 -2.008604050 0.004575103 -0.009961410 0.999939859 73.893714905
0.999986947 0.001503067 -0.004883905 1.435486555 -0.001453903 0.999948323 0.010054476 -2.022661924 0.004898767 -0.010047244 0.999937534 74.444023132
0.999987423 0.001717331 -0.004717058 1.462725401 -0.001670482 0.999949336 0.009917825 -2.036228180 0.004733854 -0.009909823 0.999939620 74.959869385
0.999988079 0.001730488 -0.004566733 1.476084709 -0.001685497 0.999950111 0.009837357 -2.047308445 0.004583529 -0.009829543 0.999941170 75.507507324
0.999987185 0.001233516 -0.004896963 1.490365982 -0.001185901 0.999952018 0.009714552 -2.057962656 0.004908712 -0.009708622 0.999940813 76.050506592
0.999984622 0.001406107 -0.005360984 1.512789249 -0.001354422 0.999952674 0.009632398 -2.068295002 0.005374277 -0.009624990 0.999939203 76.609756470
0.999986708 0.001149278 -0.005026490 1.529860973 -0.001100949 0.999953270 0.009606972 -2.081928968 0.005037294 -0.009601311 0.999941230 77.163497925
0.999985576 0.000529204 -0.005340386 1.551114321 -0.000477134 0.999952376 0.009746753 -2.092151880 0.005345291 -0.009744065 0.999938250 77.702407837
0.999984443 0.001601739 -0.005340096 1.553850889 -0.001551197 0.999954104 0.009455519 -2.100356817 0.005354994 -0.009447088 0.999940991 78.256530762
0.999985039 0.001321887 -0.005308169 1.570710182 -0.001273390 0.999957502 0.009129289 -2.110972643 0.005320012 -0.009122396 0.999944150 78.822059631
0.999990702 0.000729049 -0.004252323 1.589703918 -0.000691053 0.999959826 0.008929824 -2.124885559 0.004258662 -0.008926799 0.999951065 79.361335754
0.999995351 0.001453517 -0.002677229 1.604736447 -0.001428089 0.999954104 0.009475627 -2.147737026 0.002690879 -0.009471761 0.999951482 79.915916443
0.999997675 0.001627316 -0.001406873 1.622486711 -0.001613825 0.999953151 0.009537876 -2.167386055 0.001422328 -0.009535582 0.999953508 80.443008423
0.999999344 0.001130470 -0.000200073 1.629308105 -0.001128523 0.999954402 0.009480586 -2.172096968 0.000210781 -0.009480355 0.999954998 81.007446289
0.999992549 0.001795228 0.003399330 1.642915487 -0.001826829 0.999954879 0.009315979 -2.188784838 -0.003382453 -0.009322121 0.999950767 81.558364868
0.999979556 0.001400317 0.006239364 1.679318666 -0.001462851 0.999948621 0.010029230 -2.199178696 -0.006225000 -0.010038152 0.999930263 82.130691528
0.999960423 0.000401644 0.008884727 1.703999162 -0.000488293 0.999952316 0.009752557 -2.213576794 -0.008880386 -0.009756509 0.999912977 82.689224243
0.999911845 0.000828056 0.013247697 1.737616897 -0.000952140 0.999955714 0.009362893 -2.213974476 -0.013239356 -0.009374679 0.999868393 83.227012634
0.999823391 0.000774742 0.018772002 1.766041398 -0.000954924 0.999953568 0.009591377 -2.220411062 -0.018763699 -0.009607609 0.999777794 83.742973328
0.999712825 -0.000835655 0.023946462 1.813609362 0.000624873 0.999960959 0.008808351 -2.204251766 -0.023952890 -0.008790858 0.999674439 84.290733337
0.999537289 -0.000046364 0.030417640 1.830586433 -0.000228017 0.999959350 0.009016932 -2.242346048 -0.030416820 -0.009019693 0.999496579 85.115783691
0.999293506 -0.001304499 0.037560333 1.844173670 0.000978708 0.999961734 0.008690898 -2.232216358 -0.037570238 -0.008647997 0.999256670 85.527679443
0.998906970 -0.000364468 0.046740279 1.922731638 -0.000052330 0.999960184 0.008915792 -2.261231422 -0.046741668 -0.008908494 0.998867273 86.274726868
0.998558342 -0.001941244 0.053642448 1.968731642 0.001501840 0.999965012 0.008230429 -2.257293463 -0.053656552 -0.008138002 0.998526216 86.869644165
0.998046339 -0.001863344 0.062452134 2.026601553 0.001378908 0.999968648 0.007799121 -2.268191338 -0.062464714 -0.007697769 0.998017490 87.430442810
0.997344196 -0.001977219 0.072805844 2.088281631 0.001388430 0.999965906 0.008136830 -2.286429167 -0.072819449 -0.008014134 0.997312963 87.994216919
0.996657550 -0.002320486 0.081659824 2.151305676 0.001684523 0.999967694 0.007855984 -2.294610500 -0.081675403 -0.007692168 0.996629298 88.549674988
0.996020138 -0.004483280 0.089015640 2.216477394 0.003816138 0.999963284 0.007663434 -2.290410995 -0.089046739 -0.007293238 0.996000767 89.147247314
0.994961381 -0.002768172 0.100220889 2.297046185 0.002032315 0.999970257 0.007443703 -2.310498953 -0.100238502 -0.007202516 0.994937479 89.640068054
0.993844628 -0.003163428 0.110737547 2.373683929 0.002362518 0.999970078 0.007362972 -2.317615032 -0.110757537 -0.007056032 0.993822336 90.165100098
0.992773235 -0.002907958 0.119971238 2.462850571 0.002023937 0.999969900 0.007489799 -2.337904453 -0.119989417 -0.007192856 0.992749095 90.683753967
0.991411626 -0.003026928 0.130743459 2.557689667 0.002039332 0.999968350 0.007686925 -2.353839636 -0.130762607 -0.007354278 0.991386354 91.197387695
0.989697039 -0.002795494 0.143150285 2.648851395 0.001630994 0.999964595 0.008251503 -2.369746923 -0.143168315 -0.007933010 0.989666581 91.715728760
0.988122642 -0.003893036 0.153618157 2.758333206 0.002808653 0.999969602 0.007275341 -2.371381760 -0.153641805 -0.006757468 0.988103509 92.256958008
0.986631453 -0.004439177 0.162907675 2.871015549 0.003217669 0.999964654 0.007761256 -2.384240627 -0.162936360 -0.007133316 0.986610889 92.790283203
0.984560788 -0.004656151 0.174980775 2.986598969 0.003415088 0.999966860 0.007393015 -2.394906998 -0.175009400 -0.006681297 0.984544039 93.314384460
0.982273579 -0.004946523 0.187388197 3.116687775 0.003616202 0.999965787 0.007440463 -2.405392647 -0.187418565 -0.006630935 0.982257783 93.842704773
0.980127513 -0.005399840 0.198295653 3.247394562 0.003991578 0.999963880 0.007500875 -2.416224480 -0.198329017 -0.006560302 0.980113566 94.372512817
0.977494240 -0.005546100 0.210889161 3.388326645 0.004091703 0.999964893 0.007332233 -2.428323507 -0.210922360 -0.006304320 0.977482617 94.896926880
0.974341273 -0.005906144 0.224998146 3.527986526 0.004317605 0.999962151 0.007551615 -2.439150095 -0.225034237 -0.006386397 0.974329948 95.421325684
0.971589625 -0.005739723 0.236602247 3.682426453 0.004027350 0.999962091 0.007720021 -2.459871769 -0.236637607 -0.006547812 0.971575916 95.941139221
0.968581736 -0.006245917 0.248617038 3.864095688 0.004517341 0.999961436 0.007522669 -2.466787338 -0.248654425 -0.006163233 0.968572676 96.543617249
0.964938521 -0.006833958 0.262386978 4.044071198 0.004862464 0.999954820 0.008162264 -2.490571260 -0.262430906 -0.006600236 0.964928210 97.038223267
0.961500525 -0.007282591 0.274706662 4.226213455 0.005185210 0.999951601 0.008360400 -2.512660027 -0.274754256 -0.006614117 0.961491764 97.544509888
0.958306193 -0.007667609 0.285640448 4.414466858 0.005546244 0.999950647 0.008234935 -2.524095774 -0.285689443 -0.006307359 0.958301485 98.064170837
0.953967690 -0.007061369 0.299826294 4.610284805 0.004707856 0.999952197 0.008571259 -2.531864643 -0.299872428 -0.006765165 0.953955293 98.605354309
0.949469328 -0.007324941 0.313774407 4.804967880 0.005014766 0.999953985 0.008169050 -2.532249212 -0.313819826 -0.006182757 0.949462414 99.128639221
0.945670843 -0.007915234 0.325029224 5.006107330 0.005472281 0.999949455 0.008429574 -2.544595480 -0.325079590 -0.006192953 0.945666373 99.642166138
0.941172183 -0.008317244 0.337824970 5.213083267 0.005599891 0.999943674 0.009017431 -2.560840607 -0.337880939 -0.006595172 0.941165745 100.152946472
0.936124206 -0.008740742 0.351561069 5.434814453 0.006106868 0.999944448 0.008600122 -2.562639236 -0.351616710 -0.005903845 0.936125398 100.673828125
0.931120634 -0.008400033 0.364614427 5.645448685 0.005447162 0.999943495 0.009126335 -2.580972672 -0.364670426 -0.006511605 0.931113899 101.181838989
0.926488578 -0.008851777 0.376218766 5.867069244 0.005721148 0.999939024 0.009437754 -2.599259138 -0.376279384 -0.006591567 0.926482797 101.682029724
0.920605361 -0.009300629 0.390383512 6.110551834 0.006063225 0.999936283 0.009524478 -2.605101824 -0.390447229 -0.006401302 0.920603037 102.198883057
0.915439188 -0.011820958 0.402282953 6.368251801 0.008550019 0.999914169 0.009925658 -2.616007566 -0.402365834 -0.005646809 0.915461600 102.697616577
0.910677612 -0.011512369 0.412957340 6.613655090 0.008049057 0.999916315 0.010125284 -2.624860764 -0.413039356 -0.005896952 0.910694063 103.200775146
0.905273795 -0.011881392 0.424662352 6.877586365 0.008390869 0.999913871 0.010088801 -2.639548302 -0.424745619 -0.005569841 0.905295610 103.674331665
0.898560584 -0.011599497 0.438696057 7.135585785 0.007999405 0.999917388 0.010053858 -2.656682968 -0.438776463 -0.005524694 0.898579180 104.146965027
0.892925978 -0.012200966 0.450038046 7.417331696 0.008593168 0.999912500 0.010058781 -2.664652348 -0.450121313 -0.005114497 0.892952681 104.624427795
0.887270153 -0.013089281 0.461064249 7.691764832 0.009302039 0.999901772 0.010485679 -2.675981045 -0.461156160 -0.005014793 0.887304783 105.110298157
0.880113363 -0.013397926 0.474574536 7.975849152 0.009640332 0.999899924 0.010350328 -2.686548233 -0.474665791 -0.004534405 0.880154431 105.571182251
