1.000000000 0.000000000 0.000000000 0.000000000 0.000000000 1.000000000 0.000000000 0.000000000 0.000000000 0.000000000 1.000000000 0.000000000
1.000000000 0.000022688 -0.000021277 0.000444024 -0.000022689 1.000000000 -0.000038032 0.000772561 0.000021276 0.000038033 1.000000000 0.000389112
1.000000000 0.000027268 0.000032976 -0.000053827 -0.000027269 1.000000000 0.000036382 0.000068339 -0.000032975 -0.000036383 1.000000000 0.000081469
1.000000000 -0.000137120 0.000050975 -0.000012775 0.000137121 1.000000000 -0.000025251 0.000766265 -0.000050971 0.000025258 1.000000000 0.000144253
1.000000000 -0.000122149 0.000044565 -0.000148594 0.000122146 1.000000000 0.000056509 -0.000229452 -0.000044572 -0.000056503 1.000000000 -0.000520888
1.000000000 0.000034647 0.000116203 -0.000464251 -0.000034644 1.000000000 -0.000025584 0.000819639 -0.000116204 0.000025580 1.000000000 0.000058539
1.000000000 -0.000078318 0.000071627 0.000139660 0.000078319 1.000000000 -0.000003806 0.000491494 -0.000071627 0.000003811 1.000000000 0.000224473
1.000000000 0.000008461 0.000066714 -0.000541729 -0.000008467 1.000000000 0.000092039 -0.000106437 -0.000066713 -0.000092039 1.000000000 -0.000095801
1.000000000 -0.000034966 -0.000002032 -0.000720122 0.000034966 1.000000000 -0.000083498 -0.000085479 0.000002035 0.000083498 1.000000000 -0.001089257
1.000000000 -0.000048538 0.000078807 -0.000086747 0.000048535 1.000000000 0.000040839 -0.000729286 -0.000078809 -0.000040835 1.000000000 -0.000421618
1.000000000 0.000072025 0.000053060 -0.000834139 -0.000072028 1.000000000 0.000056691 -0.000900450 -0.000053056 -0.000056695 1.000000000 -0.000636313
1.000000000 -0.000030345 0.000077334 -0.001069690 0.000030342 1.000000000 0.000039105 -0.000369755 -0.000077335 -0.000039102 1.000000000 -0.000961732
1.000000000 0.000053411 0.000033278 -0.000812273 -0.000053408 1.000000000 -0.000075493 -0.000338728 -0.000033282 0.000075491 1.000000000 -0.001540961
1.000000000 0.000042954 0.000069551 -0.000992715 -0.000042952 1.000000000 -0.000028480 0.000497183 -0.000069552 0.000028477 1.000000000 0.000294593
1.000000000 0.000029750 0.000048467 -0.000984649 -0.000029744 1.000000000 -0.000116548 0.001258769 -0.000048471 0.000116547 1.000000000 0.000901369
1.000000000 -0.000009597 -0.000039078 0.000371106 0.000009594 1.000000000 -0.000079268 0.001295742 0.000039079 0.000079267 1.000000000 0.001332724
1.000000000 0.000090002 0.000109252 -0.001020628 -0.000089984 1.000000000 -0.000159479 0.002324886 -0.000109266 0.000159469 1.000000000 0.002553018
1.000000000 0.000169243 0.000079400 -0.001304660 -0.000169230 1.000000000 -0.000167114 0.001875763 -0.000079428 0.000167101 1.000000000 0.001594192
0.999999940 0.000188343 0.000157824 -0.001550775 -0.000188327 1.000000000 -0.000100844 0.001954140 -0.000157843 0.000100814 1.000000000 0.002277962
1.000000000 0.000091261 0.000150002 -0.001393346 -0.000091247 1.000000000 -0.000091972 0.000980919 -0.000150011 0.000091958 1.000000000 0.001279899
1.000000000 0.000026685 0.000075564 -0.001057256 -0.000026683 1.000000000 -0.000026059 0.000307853 -0.000075565 0.000026057 1.000000000 0.000699545
1.000000000 0.000149833 0.000055310 -0.000758073 -0.000149832 1.000000000 -0.000013336 0.001339379 -0.000055312 0.000013328 1.000000000 0.000906396
1.000000000 0.000077676 0.000002997 -0.000521914 -0.000077676 1.000000000 -0.000073170 0.001317751 -0.000003002 0.000073170 1.000000000 0.002190197
1.000000000 0.000106805 0.000086088 -0.001226683 -0.000106799 1.000000000 -0.000071671 0.001698392 -0.000086095 0.000071662 1.000000000 0.002474821
0.999999940 0.000362316 0.000048291 -0.001214697 -0.000362312 0.999999940 -0.000070740 0.002368326 -0.000048317 0.000070722 1.000000000 0.003647430
0.999999940 0.000238260 0.000106142 -0.001519078 -0.000238253 0.999999940 -0.000065250 0.002204144 -0.000106157 0.000065224 1.000000000 0.001894726
1.000000000 0.000057282 0.000112605 -0.000548987 -0.000057275 1.000000000 -0.000065347 0.002415812 -0.000112609 0.000065341 1.000000000 0.002990235
1.000000000 0.000140605 0.000172872 -0.001785496 -0.000140601 1.000000000 -0.000022323 0.001466688 -0.000172875 0.000022299 1.000000000 0.002297795
1.000000000 0.000121448 0.000066835 -0.001243547 -0.000121443 1.000000000 -0.000067745 0.002280203 -0.000066843 0.000067737 1.000000000 0.002277375
1.000000000 0.000043973 0.000088828 -0.001575448 -0.000043965 1.000000000 -0.000083551 0.001120990 -0.000088832 0.000083547 1.000000000 0.001634233
0.999999940 0.000140792 0.000202636 -0.001836824 -0.000140791 1.000000000 -0.000005993 0.001072071 -0.000202637 0.000005965 1.000000000 0.002026736
1.000000000 0.000113069 0.000188812 -0.001378467 -0.000113055 1.000000000 -0.000072733 0.002095221 -0.000188821 0.000072711 1.000000000 0.003743566
1.000000000 0.000206757 0.000098585 -0.000893254 -0.000206736 0.999999940 -0.000211718 0.003331127 -0.000098629 0.000211698 1.000000000 0.003801477
1.000000000 0.000108074 0.000125560 -0.000858577 -0.000108062 1.000000000 -0.000089214 0.001606594 -0.000125569 0.000089200 1.000000000 0.001877421
0.999999940 0.000230188 0.000187173 -0.002571100 -0.000230157 0.999999940 -0.000163561 0.002157874 -0.000187211 0.000163518 0.999999940 0.002559755
1.000000000 0.000148166 0.000187492 -0.001781298 -0.000148147 1.000000000 -0.000102822 0.001078160 -0.000187507 0.000102794 1.000000000 0.001467190
1.000000000 0.000110449 0.000046737 -0.002109533 -0.000110450 1.000000000 0.000014960 0.000502425 -0.000046736 -0.000014965 1.000000000 0.000315894
1.000000000 0.000127685 0.000081936 -0.001458768 -0.000127682 1.000000000 -0.000036943 0.001810122 -0.000081941 0.000036932 1.000000000 0.002207245
1.000000000 0.000130587 0.000156934 -0.001971448 -0.000130579 1.000000000 -0.000047879 0.001592544 -0.000156940 0.000047859 1.000000000 0.001334648
1.000000000 0.000182977 0.000119122 -0.000870542 -0.000182966 1.000000000 -0.000093221 0.002887440 -0.000119139 0.000093199 1.000000000 0.003199069
1.000000000 -0.000004864 0.000057421 0.000284876 0.000004870 1.000000000 -0.000099640 0.000792948 -0.000057420 0.000099640 1.000000000 0.002519613
0.999999821 0.000516470 0.000159979 -0.000006714 -0.000516370 0.999999583 -0.000624206 -0.001672176 -0.000160301 0.000624124 0.999999821 0.052727852
0.999999881 0.000422271 0.000196809 0.001478223 -0.000422022 0.999999046 -0.001265135 -0.002405199 -0.000197343 0.001265052 0.999999225 0.142315075
0.999999464 0.000877578 0.000536587 0.002165361 -0.000876916 0.999998987 -0.001232708 -0.007513226 -0.000537668 0.001232237 0.999999046 0.261430293
0.999999404 0.000916822 0.000586710 0.004876554 -0.000916107 0.999998808 -0.001217792 -0.009856898 -0.000587826 0.001217254 0.999999106 0.393901229
0.999999464 0.000895742 0.000543109 0.006693587 -0.000895217 0.999999166 -0.000964868 -0.013855085 -0.000543973 0.000964381 0.999999404 0.538028955
0.999999821 0.000406100 0.000502153 0.012557878 -0.000405936 0.999999881 -0.000327123 -0.024328306 -0.000502286 0.000326919 0.999999821 0.690458119
0.999999881 0.000061403 0.000473825 0.017990926 -0.000061306 1.000000000 -0.000204561 -0.026645683 -0.000473837 0.000204532 0.999999881 0.851101577
0.999999523 0.000955390 0.000129929 0.017804461 -0.000955340 0.999999464 -0.000383739 -0.027514653 -0.000130295 0.000383614 0.999999940 1.029123425
0.999999404 0.001047462 0.000057724 0.022122664 -0.001047446 0.999999404 -0.000279164 -0.033122055 -0.000058017 0.000279103 1.000000000 1.203978181
0.999999464 0.000823114 0.000549337 0.025066674 -0.000823136 0.999999583 0.000039316 -0.042357761 -0.000549304 -0.000039768 0.999999821 1.385198474
0.999999583 0.000871412 0.000383187 0.029876528 -0.000871389 0.999999583 -0.000060009 -0.044463895 -0.000383239 0.000059675 0.999999940 1.579684258
0.999999523 0.000680761 0.000676973 0.030875059 -0.000681052 0.999999642 0.000429305 -0.053308718 -0.000676681 -0.000429766 0.999999642 1.776802659
0.999999344 0.000795492 0.000781619 0.032605756 -0.000796164 0.999999225 0.000859977 -0.062944144 -0.000780934 -0.000860599 0.999999344 1.972526193
0.999999642 0.000461377 0.000603351 0.038504533 -0.000461787 0.999999642 0.000679557 -0.067281060 -0.000603037 -0.000679836 0.999999583 2.189350367
0.999999464 0.000696104 0.000663266 0.042445727 -0.000696667 0.999999404 0.000849195 -0.073668249 -0.000662675 -0.000849657 0.999999404 2.408038616
0.999999166 0.001032908 0.000758894 0.046439502 -0.001033468 0.999999285 0.000738350 -0.077981621 -0.000758131 -0.000739134 0.999999464 2.634683847
0.999999285 0.000772700 0.000896257 0.052674726 -0.000773321 0.999999464 0.000692080 -0.085720986 -0.000895722 -0.000692773 0.999999285 2.859819174
0.999999225 0.000853572 0.000907793 0.056551579 -0.000854337 0.999999285 0.000842393 -0.089678884 -0.000907073 -0.000843168 0.999999166 3.104849815
0.999999285 0.001006128 0.000669119 0.064354382 -0.001006708 0.999999046 0.000867049 -0.097488336 -0.000668246 -0.000867722 0.999999404 3.337326527
0.999999702 0.000790517 -0.000106615 0.076858267 -0.000790420 0.999999285 0.000902637 -0.107681781 0.000107328 -0.000902553 0.999999583 3.586297035
0.999999464 0.001121754 -0.000217040 0.081022173 -0.001121582 0.999999106 0.000789373 -0.113486759 0.000217925 -0.000789129 0.999999702 3.847862482
0.999998748 0.001015154 0.001166996 0.074105173 -0.001016412 0.999998927 0.001077715 -0.120876722 -0.001165901 -0.001078900 0.999998748 4.102415562
0.999998510 0.001311996 0.001117045 0.079873540 -0.001313235 0.999998569 0.001109374 -0.125961199 -0.001115588 -0.001110839 0.999998748 4.359054089
0.999998510 0.001034066 0.001373521 0.081475809 -0.001035504 0.999998987 0.001046664 -0.131546125 -0.001372437 -0.001048085 0.999998569 4.624372482
0.999997735 0.001467948 0.001513546 0.087990299 -0.001469875 0.999998033 0.001272516 -0.142950594 -0.001511675 -0.001274738 0.999998033 4.876689434
0.999997139 0.001618008 0.001723846 0.091606334 -0.001620691 0.999997437 0.001555946 -0.151004925 -0.001721324 -0.001558735 0.999997318 5.128389835
0.999998152 0.001575157 0.001107146 0.101139672 -0.001576397 0.999998152 0.001120444 -0.156862527 -0.001105379 -0.001122187 0.999998748 5.391605377
0.999998212 0.001566291 0.001046189 0.107052170 -0.001567891 0.999997616 0.001529869 -0.168143168 -0.001043790 -0.001531506 0.999998271 5.661793709
0.999996781 0.002191728 0.001296690 0.106143445 -0.002193502 0.999996662 0.001368659 -0.171769813 -0.001293686 -0.001371499 0.999998152 5.930130959
0.999996483 0.002346649 0.001206343 0.111130849 -0.002348248 0.999996364 0.001326096 -0.182593122 -0.001203227 -0.001328924 0.999998331 6.205718517
0.999996960 0.002148369 0.001204261 0.122875273 -0.002150127 0.999996603 0.001460070 -0.191128731 -0.001201120 -0.001462655 0.999998212 6.492750168
0.999995768 0.002513503 0.001430308 0.122333884 -0.002515994 0.999995291 0.001742614 -0.202544451 -0.001425921 -0.001746205 0.999997497 6.769369602
0.999995649 0.002447210 0.001720843 0.133828998 -0.002449586 0.999996066 0.001379489 -0.206858546 -0.001717460 -0.001383698 0.999997556 7.075827122
0.999996126 0.002242364 0.001666688 0.142116040 -0.002244537 0.999996603 0.001303502 -0.214548990 -0.001663759 -0.001307238 0.999997675 7.383758545
0.999996006 0.002184226 0.001795094 0.145461753 -0.002186480 0.999996781 0.001254434 -0.224561051 -0.001792349 -0.001258355 0.999997497 7.684780121
0.999996662 0.002200297 0.001422383 0.158214360 -0.002202555 0.999996305 0.001587629 -0.237146154 -0.001418884 -0.001590757 0.999997735 8.002405167
0.999994218 0.002724002 0.002031831 0.161090016 -0.002727424 0.999994874 0.001683510 -0.249521539 -0.002027235 -0.001689042 0.999996543 8.314764023
0.999994814 0.002531518 0.002017358 0.169868618 -0.002535272 0.999995112 0.001860866 -0.262605697 -0.002012637 -0.001865971 0.999996245 8.634943962
0.999992907 0.003017612 0.002231851 0.173278704 -0.003020336 0.999994636 0.001218107 -0.259313315 -0.002228162 -0.001224840 0.999996781 8.975828171
0.999993742 0.002868254 0.002091350 0.183580920 -0.002871056 0.999995053 0.001337949 -0.273825496 -0.002087502 -0.001343945 0.999996960 9.310120583
0.999992013 0.003143173 0.002454953 0.187037334 -0.003146184 0.999994278 0.001223077 -0.282718778 -0.002451095 -0.001230791 0.999996245 9.640471458
0.999991775 0.003025142 0.002698544 0.194973558 -0.003030137 0.999993622 0.001848691 -0.295058370 -0.002692934 -0.001856853 0.999994636 9.987060547
0.999990165 0.003688815 0.002432954 0.194045201 -0.003693002 0.999991715 0.001718340 -0.306640476 -0.002426595 -0.001727308 0.999995589 10.356409073
0.999989271 0.003855515 0.002559765 0.200894997 -0.003860328 0.999990761 0.001877866 -0.319830507 -0.002552501 -0.001887728 0.999994934 10.708860397
0.999990523 0.003689199 0.002332567 0.209103465 -0.003693417 0.999991536 0.001806401 -0.328092217 -0.002325883 -0.001814998 0.999995649 11.076643944
0.999988258 0.004050945 0.002650408 0.223256752 -0.004055716 0.999990165 0.001797103 -0.337455958 -0.002643101 -0.001807832 0.999994874 11.460774422
0.999987066 0.003993347 0.003146763 0.221767589 -0.004000531 0.999989390 0.002279972 -0.356774509 -0.003137625 -0.002292531 0.999992371 11.827299118
0.999988079 0.003774381 0.003127659 0.234985977 -0.003781651 0.999990106 0.002321494 -0.362783313 -0.003118866 -0.002333294 0.999992371 12.229435921
0.999987364 0.003862952 0.003201591 0.246197551 -0.003872507 0.999988019 0.002983864 -0.380841434 -0.003190026 -0.002996224 0.999990404 12.613470078
0.999987245 0.003754074 0.003370744 0.253747463 -0.003761188 0.999990702 0.002106701 -0.382406861 -0.003362803 -0.002119353 0.999992073 13.012924194
0.999986529 0.003742320 0.003592559 0.264206469 -0.003750325 0.999990523 0.002224301 -0.396206141 -0.003584201 -0.002237744 0.999991059 13.406521797
0.999984324 0.004177893 0.003722742 0.269615442 -0.004185923 0.999988914 0.002152188 -0.405199498 -0.003713710 -0.002167738 0.999990702 13.818297386
0.999985099 0.003958407 0.003787654 0.282850087 -0.003967832 0.999989033 0.002484077 -0.415561825 -0.003777779 -0.002499069 0.999989748 14.233869553
0.999981523 0.004386494 0.004215375 0.288600504 -0.004397568 0.999986887 0.002621359 -0.430231094 -0.004203821 -0.002639848 0.999987721 14.647862434
0.999983549 0.003815530 0.004315845 0.300914615 -0.003825939 0.999989927 0.002406255 -0.437737405 -0.004306620 -0.002422727 0.999987781 15.079226494
0.999979377 0.004220806 0.004829183 0.308649540 -0.004234482 0.999987066 0.002825338 -0.459592551 -0.004817196 -0.002845730 0.999984324 15.525938034
0.999976337 0.004355200 0.005321218 0.317956358 -0.004368410 0.999987483 0.002473149 -0.468833745 -0.005310379 -0.002496336 0.999982834 15.973739624
0.999979079 0.003881512 0.005170920 0.330000848 -0.003894241 0.999989390 0.002453640 -0.479572147 -0.005161342 -0.002473725 0.999983609 16.401082993
0.999978721 0.003609466 0.005436277 0.339153677 -0.003621059 0.999991179 0.002123895 -0.491685033 -0.005428562 -0.002143535 0.999982953 16.847272873
0.999974608 0.004257499 0.005712838 0.353205144 -0.004271798 0.999987781 0.002493032 -0.506424963 -0.005702154 -0.002517373 0.999980569 17.303386688
0.999976695 0.003539394 0.005835255 0.369304180 -0.003556261 0.999989450 0.002882550 -0.516590416 -0.005824991 -0.002903235 0.999978781 17.769336700
0.999977112 0.003347720 0.005872029 0.384369195 -0.003361658 0.999991536 0.002365312 -0.526164591 -0.005864060 -0.002384998 0.999979973 18.233882904
0.999973774 0.003676116 0.006229066 0.394351751 -0.003695201 0.999988437 0.003055433 -0.544821620 -0.006217763 -0.003078372 0.999975860 18.693742752
0.999971151 0.004074720 0.006399555 0.401041180 -0.004094305 0.999986887 0.003050414 -0.557205081 -0.006387041 -0.003076528 0.999974847 19.159158707
0.999972463 0.003826635 0.006354798 0.427852422 -0.003841836 0.999989808 0.002381665 -0.565420508 -0.006345620 -0.002406014 0.999976993 19.650953293
0.999972045 0.003953578 0.006331795 0.434929848 -0.003969104 0.999989212 0.002441313 -0.579865098 -0.006322074 -0.002466377 0.999976933 20.139196396
0.999972880 0.003987532 0.006212678 0.453765094 -0.004003725 0.999988616 0.002596158 -0.596395016 -0.006202256 -0.002620962 0.999977291 20.637836456
0.999980450 0.003278741 0.005319880 0.470981777 -0.003293277 0.999990821 0.002726136 -0.611804843 -0.005310894 -0.002743602 0.999982119 21.134279251
0.999980092 0.003702350 0.005102201 0.476151377 -0.003717250 0.999988854 0.002913817 -0.622974634 -0.005091356 -0.002932725 0.999982715 21.649143219
0.999983907 0.003365749 0.004577944 0.491080314 -0.003380144 0.999989390 0.003140505 -0.637002170 -0.004567324 -0.003155929 0.999984562 22.165220261
0.999986112 0.002960838 0.004356462 0.505844057 -0.002972890 0.999991715 0.002762467 -0.652582705 -0.004348247 -0.002775380 0.999986708 22.663557053
0.999987006 0.003255769 0.003926372 0.509376168 -0.003267207 0.999990344 0.002910424 -0.669098616 -0.003916859 -0.002923214 0.999988079 23.182645798
0.999991298 0.002778628 0.003109746 0.524501562 -0.002787839 0.999991655 0.002961984 -0.688704908 -0.003101490 -0.002970628 0.999990761 23.715164185
0.999994576 0.001776632 0.002742601 0.530176878 -0.001784632 0.999994159 0.002917277 -0.708565414 -0.002737402 -0.002922156 0.999992013 24.233081818
0.999994934 0.002299618 0.002183833 0.536942124 -0.002307008 0.999991596 0.003387679 -0.726707220 -0.002176024 -0.003392700 0.999991834 24.776018143
0.999995410 0.002453311 0.001789157 0.541209698 -0.002459779 0.999990344 0.003622581 -0.742740512 -0.001780253 -0.003626965 0.999991834 25.325351715
0.999995053 0.002882596 0.001246218 0.549338102 -0.002887063 0.999989390 0.003597688 -0.755446672 -0.001235834 -0.003601268 0.999992728 25.871862411
0.999994993 0.002964853 0.001045418 0.557332754 -0.002968412 0.999989748 0.003419282 -0.770526767 -0.001035269 -0.003422369 0.999993563 26.413404465
0.999994814 0.003101625 0.000846523 0.569353402 -0.003104687 0.999988675 0.003640132 -0.781237960 -0.000835223 -0.003642742 0.999992967 26.970884323
0.999995589 0.002927563 0.000406878 0.576936722 -0.002928993 0.999989390 0.003559974 -0.797980666 -0.000396452 -0.003561150 0.999993563 27.513275146
0.999995470 0.003007114 -0.000043763 0.594940007 -0.003006935 0.999989033 0.003621324 -0.815143585 0.000054652 -0.003621176 0.999993443 28.065561295
0.999992847 0.003760833 0.000018591 0.602868736 -0.003760876 0.999985695 0.003794835 -0.827917993 -0.000004319 -0.003794878 0.999992788 28.608804703
0.999992311 0.003958153 -0.000056136 0.610000074 -0.003957915 0.999985158 0.003741055 -0.843378603 0.000070943 -0.003740804 0.999993026 29.157861710
0.999992013 0.003969479 -0.000231425 0.616575241 -0.003968567 0.999984801 0.003816342 -0.859662175 0.000246570 -0.003815393 0.999992669 29.701612473
0.999992073 0.003904077 -0.000734172 0.626812100 -0.003901162 0.999984682 0.003931069 -0.872827172 0.000749508 -0.003928174 0.999992013 30.250444412
0.999991834 0.003887186 -0.001108502 0.644204974 -0.003882858 0.999984860 0.003879664 -0.890076995 0.001123567 -0.003875328 0.999991834 30.792266846
0.999992371 0.003645539 -0.001408846 0.657337368 -0.003639716 0.999984920 0.004113790 -0.907815099 0.001423822 -0.004108631 0.999990523 31.341299057
0.999989033 0.004388678 -0.001604138 0.666908681 -0.004381836 0.999981463 0.004244240 -0.918972373 0.001622734 -0.004237164 0.999989688 31.890415192
0.999991357 0.003630556 -0.002022082 0.679007113 -0.003622137 0.999984801 0.004152190 -0.938878298 0.002037126 -0.004144830 0.999989331 32.447689056
0.999988794 0.004264758 -0.002042139 0.676749647 -0.004256326 0.999982476 0.004115949 -0.955773354 0.002059657 -0.004107210 0.999989450 32.986701965
0.999991894 0.003331454 -0.002267029 0.694287241 -0.003322706 0.999987066 0.003851009 -0.967691243 0.002279829 -0.003843444 0.999989986 33.542320251
0.999991000 0.003468331 -0.002434672 0.706052363 -0.003457989 0.999985039 0.004239129 -0.982232690 0.002449339 -0.004230672 0.999988079 34.096717834
0.999990165 0.003523345 -0.002694721 0.713260472 -0.003511708 0.999984562 0.004310919 -0.994652271 0.002709868 -0.004301414 0.999987066 34.637485504
0.999989152 0.003197232 -0.003374493 0.728056252 -0.003183220 0.999986410 0.004149298 -1.013786554 0.003387712 -0.004138512 0.999985695 35.162502289
0.999988735 0.003333359 -0.003383231 0.735385776 -0.003320282 0.999987125 0.003863594 -1.015058279 0.003396065 -0.003852318 0.999986827 35.726425171
0.999985874 0.004047060 -0.003427910 0.742177308 -0.004033354 0.999983847 0.003996047 -1.031527758 0.003444027 -0.003982164 0.999986172 36.274909973
0.999986708 0.003089110 -0.004109254 0.762515903 -0.003073298 0.999987841 0.003848688 -1.047444582 0.004121093 -0.003836008 0.999984145 36.812946320
0.999985158 0.003624339 -0.004053512 0.763252616 -0.003610056 0.999987245 0.003525320 -1.057150841 0.004066236 -0.003510634 0.999985576 37.365516663
0.999984860 0.003251537 -0.004429962 0.795270801 -0.003235385 0.999988139 0.003648655 -1.069471002 0.004441773 -0.003634268 0.999983549 37.913761139
0.999984086 0.002694553 -0.004947601 0.806549013 -0.002674637 0.999988377 0.004027458 -1.085206628 0.004958395 -0.004014161 0.999979675 38.463520050
0.999983549 0.002838236 -0.004989244 0.814851940 -0.002819940 0.999989331 0.003670476 -1.092536449 0.004999609 -0.003656346 0.999980807 39.016796112
0.999984264 0.003020089 -0.004732159 0.825209141 -0.003004162 0.999989808 0.003369046 -1.107218623 0.004742286 -0.003354777 0.999983132 39.590255737
0.999983013 0.002651869 -0.005191786 0.836061001 -0.002635167 0.999991357 0.003221143 -1.118737459 0.005200282 -0.003207406 0.999981284 40.133960724
0.999982536 0.003051542 -0.005064528 0.844964385 -0.003037493 0.999991536 0.002779143 -1.135751605 0.005072965 -0.002763711 0.999983311 40.678874969
0.999984324 0.003183706 -0.004607583 0.847305357 -0.003173622 0.999992549 0.002194199 -1.142379999 0.004614535 -0.002179542 0.999986947 41.233173370
0.999984145 0.002271033 -0.005141352 0.871706605 -0.002253862 0.999991894 0.003343218 -1.168061972 0.005148903 -0.003331578 0.999981165 41.792606354
0.999984682 0.003054799 -0.004619332 0.872611165 -0.003041158 0.999991059 0.002957074 -1.176442623 0.004628323 -0.002942982 0.999984980 42.345287323
0.999982178 0.001707329 -0.005707582 0.898190618 -0.001689029 0.999993443 0.003209614 -1.190066457 0.005713025 -0.003199917 0.999978602 42.875652313
0.999986589 0.002619690 -0.004468158 0.891451120 -0.002604249 0.999990582 0.003457936 -1.206686497 0.004477175 -0.003446253 0.999984026 43.442756653
0.999987125 0.002532141 -0.004398794 0.903457344 -0.002522490 0.999994397 0.002198475 -1.211540461 0.004404336 -0.002187351 0.999987841 43.990306854
0.999987543 0.002893850 -0.004059161 0.911879182 -0.002884445 0.999993145 0.002321193 -1.224701524 0.004065850 -0.002309456 0.999989092 44.535709381
0.999985099 0.002382926 -0.004917142 0.934001982 -0.002372383 0.999994814 0.002148811 -1.237051606 0.004922237 -0.002137114 0.999985576 45.042118073
0.999985874 0.002476733 -0.004697604 0.939973533 -0.002466555 0.999994576 0.002171150 -1.253729820 0.004702956 -0.002159533 0.999986589 45.585933685
0.999985635 0.003329783 -0.004174770 0.944813371 -0.003322504 0.999992967 0.001749203 -1.265659809 0.004180565 -0.001735307 0.999989748 46.128635406
0.999985695 0.002504775 -0.004732023 0.957153738 -0.002497680 0.999995768 0.001504548 -1.277451277 0.004735771 -0.001492707 0.999987662 46.691513062
0.999985397 0.003860558 -0.003778707 0.956083655 -0.003852980 0.999990523 0.002010972 -1.291374922 0.003786433 -0.001996383 0.999990821 47.242099762
0.999986827 0.002517071 -0.004467839 0.968690515 -0.002510523 0.999995768 0.001470468 -1.303410649 0.004471521 -0.001459232 0.999988914 47.794795990
0.999986708 0.002772236 -0.004339538 0.975954056 -0.002770581 0.999996126 0.000387225 -1.311398387 0.004340594 -0.000375197 0.999990463 48.342819214
0.999988437 0.002561649 -0.004065105 0.987188339 -0.002557661 0.999996245 0.000985721 -1.327071071 0.004067615 -0.000975312 0.999991179 48.891044617
0.999985814 0.003201341 -0.004288071 0.999644697 -0.003193255 0.999993086 0.001891270 -1.351298809 0.004294096 -0.001877550 0.999989033 49.433059692
0.999987781 0.003665665 -0.003313393 0.999115288 -0.003663547 0.999993086 0.000645088 -1.354312778 0.003315734 -0.000632941 0.999994218 49.997535706
0.999983966 0.003899757 -0.004104084 1.015515804 -0.003892230 0.999990702 0.001840357 -1.377926707 0.004111223 -0.001824354 0.999989808 50.516681671
0.999983549 0.004161785 -0.003927079 1.018558025 -0.004155041 0.999989867 0.001724289 -1.395689607 0.003934216 -0.001707944 0.999990821 51.049160004
0.999983549 0.004167272 -0.003943755 1.032680035 -0.004159262 0.999989271 0.002036796 -1.411034465 0.003952201 -0.002020360 0.999990106 51.588443756
0.999987245 0.003959631 -0.003127500 1.030637741 -0.003955956 0.999991477 0.001180454 -1.415334105 0.003132147 -0.001168067 0.999994397 52.134529114
0.999983728 0.004359787 -0.003656110 1.047836065 -0.004351589 0.999988019 0.002246761 -1.442772746 0.003665862 -0.002230814 0.999990821 52.661148071
0.999982595 0.004537239 -0.003762291 1.053380489 -0.004529710 0.999987662 0.002006951 -1.453172684 0.003771349 -0.001989874 0.999990821 53.193477631
0.999981940 0.004682530 -0.003764749 1.062084913 -0.004675034 0.999987066 0.001997653 -1.469601631 0.003774054 -0.001980017 0.999990940 53.724418640
0.999981761 0.005116500 -0.003205177 1.062787890 -0.005111448 0.999985695 0.001582164 -1.485439181 0.003213227 -0.001565752 0.999993622 54.253841400
0.999982178 0.005043868 -0.003187814 1.072619796 -0.005037598 0.999985337 0.001972181 -1.502464056 0.003197715 -0.001956087 0.999992907 54.775447845
0.999981582 0.004969427 -0.003465901 1.084186912 -0.004962712 0.999985754 0.001943724 -1.515748978 0.003475511 -0.001926488 0.999992013 55.326873779
0.999982238 0.004869701 -0.003429980 1.095198750 -0.004864101 0.999986827 0.001639556 -1.529022217 0.003437920 -0.001622844 0.999992788 55.838691711
0.999982297 0.004690732 -0.003664269 1.100884199 -0.004683095 0.999986827 0.002090151 -1.543550134 0.003674026 -0.002072954 0.999991119 56.366847992
0.999981582 0.005050450 -0.003373496 1.109396577 -0.005044919 0.999985933 0.001645970 -1.559389234 0.003381761 -0.001628921 0.999992967 56.900833130
0.999981344 0.005230908 -0.003161015 1.115768552 -0.005225108 0.999984682 0.001840559 -1.572145820 0.003170594 -0.001824008 0.999993265 57.420810699
0.999980211 0.005315447 -0.003365412 1.124130249 -0.005309226 0.999984205 0.001854327 -1.589141130 0.003375216 -0.001836422 0.999992549 57.946044922
0.999982178 0.005044092 -0.003200666 1.133910060 -0.005038179 0.999985576 0.001853404 -1.607829094 0.003209968 -0.001837245 0.999993145 58.470779419
0.999982059 0.005028912 -0.003253280 1.138520002 -0.005023901 0.999986172 0.001546123 -1.616328239 0.003261011 -0.001529751 0.999993503 58.987144470
0.999981046 0.005237939 -0.003231728 1.148063421 -0.005233387 0.999985278 0.001415027 -1.632588863 0.003239094 -0.001398087 0.999993801 59.506999969
0.999981284 0.005027695 -0.003464423 1.155309916 -0.005023012 0.999986470 0.001359450 -1.647396207 0.003471212 -0.001342023 0.999993086 60.033020020
0.999979854 0.005551768 -0.003082689 1.158143163 -0.005547112 0.999983490 0.001516852 -1.658127427 0.003091059 -0.001499722 0.999994099 60.570945740
0.999980628 0.005417790 -0.003069835 1.168479204 -0.005414256 0.999984682 0.001157708 -1.673239112 0.003076060 -0.001141064 0.999994636 61.090515137
0.999980867 0.005537721 -0.002750951 1.178425550 -0.005533395 0.999983430 0.001577541 -1.687508464 0.002759641 -0.001562289 0.999994993 61.611705780
0.999981582 0.005312496 -0.002911899 1.184945345 -0.005309206 0.999985278 0.001136555 -1.701620817 0.002917895 -0.001121074 0.999995112 62.129215240
0.999981821 0.005412157 -0.002652396 1.192606211 -0.005409060 0.999984622 0.001173198 -1.722903013 0.002658705 -0.001158830 0.999995768 62.645240784
0.999980092 0.005651896 -0.002788150 1.201909065 -0.005648250 0.999983191 0.001314164 -1.736410618 0.002795530 -0.001298390 0.999995172 63.164409637
0.999977112 0.006240007 -0.002607499 1.205538034 -0.006236248 0.999979496 0.001446998 -1.757884145 0.002616475 -0.001430703 0.999995530 63.685184479
0.999980628 0.005552016 -0.002797944 1.216501236 -0.005548857 0.999983907 0.001136278 -1.770527124 0.002804209 -0.001120730 0.999995410 64.199020386
0.999980807 0.005402757 -0.003033499 1.225048900 -0.005399886 0.999984980 0.000953503 -1.782557845 0.003038605 -0.000937105 0.999994874 64.725181580
0.999980748 0.005535781 -0.002782572 1.230577230 -0.005533314 0.999984205 0.000893061 -1.798387885 0.002787472 -0.000877647 0.999995708 65.239265442
0.999980628 0.005736024 -0.002392964 1.237967253 -0.005734864 0.999983430 0.000491008 -1.810925484 0.002395740 -0.000477275 0.999997020 65.777786255
0.999980450 0.005754025 -0.002414100 1.241741300 -0.005752982 0.999983370 0.000439727 -1.826303005 0.002416591 -0.000425830 0.999996901 66.277572632
0.999981046 0.005648118 -0.002442035 1.248887181 -0.005647025 0.999983966 0.000454381 -1.847742558 0.002444563 -0.000440582 0.999996901 66.791770935
0.999979436 0.005879389 -0.002541293 1.259069443 -0.005877787 0.999982536 0.000637312 -1.864039302 0.002544996 -0.000622362 0.999996543 67.307136536
0.999982238 0.005385832 -0.002549992 1.266559124 -0.005385123 0.999985397 0.000285188 -1.880741239 0.002551491 -0.000271451 0.999996722 67.835411072
0.999980867 0.005741847 -0.002269119 1.269093037 -0.005741500 0.999983609 0.000158997 -1.894920588 0.002269994 -0.000145966 0.999997377 68.354263306
0.999980628 0.005617836 -0.002685974 1.279192328 -0.005617236 0.999984205 0.000230348 -1.912650108 0.002687226 -0.000215256 0.999996305 68.869049072
0.999979734 0.005864886 -0.002456282 1.290867805 -0.005865027 0.999982893 -0.000050384 -1.930040359 0.002455945 0.000064789 0.999996960 69.378570557
0.999979913 0.005816423 -0.002518808 1.302127719 -0.005816713 0.999983072 -0.000107676 -1.946933389 0.002518140 0.000122325 0.999996841 69.898086548
0.999979675 0.005949046 -0.002285111 1.310248256 -0.005949371 0.999982297 -0.000135803 -1.964166403 0.002284262 0.000149395 0.999997437 70.448455811
0.999982893 0.005165053 -0.002712725 1.318100929 -0.005165018 0.999986649 0.000020026 -1.986318827 0.002712792 -0.000006014 0.999996305 70.945716858
0.999983847 0.004967236 -0.002764002 1.324833989 -0.004968024 0.999987602 -0.000277633 -1.999580741 0.002762588 0.000291360 0.999996066 71.462554932
0.999980688 0.005648369 -0.002581980 1.325477123 -0.005650003 0.999983788 -0.000625373 -2.015589476 0.002578406 0.000639949 0.999996424 71.983238220
0.999981165 0.005614277 -0.002449099 1.333052754 -0.005615701 0.999984086 -0.000575186 -2.034326792 0.002445831 0.000588929 0.999996841 72.493904114
0.999979675 0.005939493 -0.002359952 1.332437158 -0.005940042 0.999982297 -0.000224101 -2.054794550 0.002358580 0.000238115 0.999997139 73.002769470
0.999980509 0.005779576 -0.002368560 1.344620109 -0.005779854 0.999983251 -0.000110843 -2.073296070 0.002367879 0.000124531 0.999997199 73.512626648
0.999979973 0.005878091 -0.002357294 1.348004937 -0.005878888 0.999982774 -0.000331422 -2.087264061 0.002355305 0.000345274 0.999997139 74.028388977
0.999980509 0.005769923 -0.002364033 1.354087591 -0.005770363 0.999983311 -0.000178746 -2.109631538 0.002362962 0.000192383 0.999997199 74.526023865
0.999980450 0.005852708 -0.002190208 1.359086871 -0.005854293 0.999982595 -0.000718474 -2.125841856 0.002185965 0.000731282 0.999997318 75.042823792
0.999980330 0.005927196 -0.002107177 1.360952020 -0.005927919 0.999982297 -0.000335985 -2.151080608 0.002105148 0.000348469 0.999997735 75.546089172
0.999981284 0.005764014 -0.002038375 1.366639376 -0.005765044 0.999983191 -0.000499341 -2.172627687 0.002035463 0.000511083 0.999997795 76.069404602
0.999980271 0.006020762 -0.001795435 1.365683675 -0.006022205 0.999981523 -0.000799096 -2.194068670 0.001790590 0.000809892 0.999998093 76.579360962
0.999977827 0.006427866 -0.001727176 1.364294648 -0.006428209 0.999979317 -0.000193146 -2.212908268 0.001725900 0.000204245 0.999998510 77.093627930
0.999978602 0.006397150 -0.001324400 1.370878100 -0.006397677 0.999979377 -0.000394721 -2.235087156 0.001321848 0.000403185 0.999999046 77.608535767
0.999974072 0.007154422 -0.000801246 1.366812825 -0.007154891 0.999974251 -0.000583655 -2.252552509 0.000797049 0.000589373 0.999999523 78.137756348
0.999974906 0.007063842 -0.000579705 1.368028760 -0.007063900 0.999975026 -0.000100328 -2.274329901 0.000578982 0.000104420 0.999999762 78.668601990
0.999975145 0.007014890 -0.000685831 1.385177612 -0.007015112 0.999975324 -0.000319708 -2.286942959 0.000683572 0.000324512 0.999999642 79.202171326
0.999970317 0.007687327 0.000507976 1.379197240 -0.007687088 0.999970317 -0.000471755 -2.301727057 -0.000511586 0.000467836 0.999999762 79.747428894
0.999972999 0.007130201 0.001762913 1.386220932 -0.007129652 0.999974489 -0.000317891 -2.325434923 -0.001765134 0.000305315 0.999998331 80.291748047
0.999957740 0.008345422 0.003852894 1.365355492 -0.008347939 0.999964952 0.000637119 -2.386163473 -0.003847442 -0.000669256 0.999992371 80.767433167
0.999968469 0.006738126 0.004203503 1.388843536 -0.006736928 0.999977231 -0.000298637 -2.384778738 -0.004205419 0.000270308 0.999991119 81.367523193
0.999933064 0.008412669 0.007942274 1.398883581 -0.008409926 0.999964535 -0.000378802 -2.402460575 -0.007945179 0.000311984 0.999968410 81.932441711
0.999901056 0.008080730 0.011526551 1.395392060 -0.008082415 0.999967277 0.000099445 -2.431138992 -0.011525372 -0.000192598 0.999933541 82.467338562
0.999860823 0.007318880 0.014992990 1.427088380 -0.007323144 0.999973297 0.000229433 -2.461530924 -0.014990910 -0.000339197 0.999887586 83.033683777
0.999786258 0.007540099 0.019251635 1.438954592 -0.007535010 0.999971569 -0.000336876 -2.474119902 -0.019253626 0.000191743 0.999814630 83.618194580
0.999614179 0.009376073 0.026143756 1.451766729 -0.009373144 0.999956012 -0.000234598 -2.494749784 -0.026144801 -0.000010541 0.999658287 84.201751709
0.998723328 0.013626246 0.048640329 0.670384169 -0.014868928 0.999569952 0.025278624 -3.645918369 -0.048274953 -0.025969587 0.998496413 83.014366150
0.999129891 0.010297789 0.040414721 1.394502878 -0.010338061 0.999946237 0.000787577 -2.619178772 -0.040404435 -0.001204701 0.999182701 85.609512329
0.998754084 0.010815435 0.048716396 1.427277565 -0.010827159 0.999941349 -0.000023299 -2.617622614 -0.048713792 -0.000504189 0.998812675 86.355522156
0.998207152 0.011897407 0.058659911 1.460132360 -0.011921843 0.999929070 0.000066621 -2.640301228 -0.058654945 -0.000765838 0.998277962 86.940315247
0.997818291 0.010826721 0.065125041 1.525080204 -0.010821760 0.999941289 -0.000428922 -2.642868996 -0.065125860 -0.000276780 0.997877002 87.539451599
0.997171879 0.011257909 0.074306250 1.583013535 -0.011241530 0.999936581 -0.000638685 -2.656315565 -0.074308716 -0.000198438 0.997235179 88.149505615
0.996418536 0.010992525 0.083840445 1.670608521 -0.010930634 0.999939561 -0.001197197 -2.661146402 -0.083848558 0.000276480 0.996478438 88.688697815
0.995711327 0.009398625 0.092036158 1.763257980 -0.009222388 0.999954760 -0.002339993 -2.663180828 -0.092053987 0.001481164 0.995752931 89.254814148
0.994971812 0.008765214 0.099770553 1.822118282 -0.008661694 0.999961376 -0.001470710 -2.693034887 -0.099779598 0.000599133 0.995009303 89.758270264
0.993947566 0.008793120 0.109502986 1.943336487 -0.008532786 0.999959528 -0.002845795 -2.682776928 -0.109523565 0.001894206 0.993982375 90.305305481
0.992874265 0.008322980 0.118875474 2.098575592 -0.008003513 0.999962986 -0.003164590 -2.696568012 -0.118897423 0.002190617 0.992904127 90.890602112
0.991765857 0.006197557 0.127914414 2.219176292 -0.005670959 0.999973893 -0.004480576 -2.689050436 -0.127938837 0.003718285 0.991775095 91.509010315
0.990248263 0.006135566 0.139178902 2.354182243 -0.005579694 0.999974847 -0.004383771 -2.702162743 -0.139202282 0.003564446 0.990257502 92.084053040
0.988691926 0.001838766 0.149949118 2.570538521 -0.000753936 0.999973059 -0.007291179 -2.667978525 -0.149958447 0.007095677 0.988666832 92.715820312
0.987097681 0.000666512 0.160117596 2.681138039 0.000518846 0.999972761 -0.007361122 -2.685972691 -0.160118133 0.007349224 0.987070501 93.257591248
0.984966695 0.005325385 0.172662303 2.757580757 -0.004363798 0.999972701 -0.005948284 -2.717413902 -0.172689304 0.005105398 0.984963119 93.818634033
0.982788146 0.005245000 0.184661731 2.896566391 -0.004216149 0.999973357 -0.005963766 -2.732093334 -0.184688091 0.005082557 0.982783973 94.358535767
0.980541170 0.001115097 0.196309984 3.053607941 0.000294098 0.999974370 -0.007149128 -2.746739864 -0.196312919 0.007067749 0.980515838 94.877258301
0.978318930 0.001296278 0.207099721 3.178998947 0.000200553 0.999974012 -0.007206432 -2.764527798 -0.207103670 0.007091723 0.978293300 95.404273987
0.975409865 0.001863264 0.220390663 3.321846008 -0.000323471 0.999975264 -0.007022539 -2.784852028 -0.220398352 0.006778563 0.975386441 95.946258545
0.972554088 0.000121277 0.232676968 3.488182068 0.001742129 0.999968052 -0.007803040 -2.786783934 -0.232670456 0.007994232 0.972522736 96.431961060
0.969675660 0.000149981 0.244395643 3.637493134 0.001758532 0.999969661 -0.007590890 -2.798820257 -0.244389370 0.007790478 0.969645858 96.950744629
0.966929436 0.000223430 0.255044520 3.791242599 0.001705865 0.999971509 -0.007343321 -2.833166838 -0.255038917 0.007535542 0.966901422 97.471755981
0.963273346 0.000404175 0.268522203 3.953563690 0.001372343 0.999978364 -0.006428171 -2.856949329 -0.268519044 0.006560592 0.963252008 97.977790833
0.959929645 -0.000892784 0.280239522 4.133810043 0.002816350 0.999975204 -0.006461385 -2.878343105 -0.280226827 0.006991729 0.959908307 98.504707336
0.956246257 -0.000829884 0.292561620 4.315485001 0.003045300 0.999969959 -0.007117131 -2.894155264 -0.292546868 0.007696669 0.956220210 99.030715942
0.951864779 -0.000698036 0.306517422 4.500913620 0.002943403 0.999972105 -0.006863249 -2.913553715 -0.306504041 0.007435089 0.951840341 99.539306641
0.947149217 -0.000979542 0.320791692 4.693048477 0.003512413 0.999966979 -0.007317112 -2.928748608 -0.320773959 0.008057150 0.947121441 100.047470093
0.943188131 -0.000430383 0.332258970 4.895469666 0.003078417 0.999967515 -0.007443461 -2.945679426 -0.332245022 0.008043416 0.943158746 100.559875488
0.938737810 -0.001739483 0.344627649 5.117815018 0.004393599 0.999966383 -0.006920551 -2.963006258 -0.344603986 0.008010739 0.938713968 101.063270569
0.933329344 -0.001888386 0.359016240 5.334415436 0.004753544 0.999963522 -0.007098020 -2.978019476 -0.358989805 0.008331390 0.933304310 101.568344116
0.928333282 -0.002787106 0.371738315 5.550851822 0.005811590 0.999958515 -0.007015965 -2.993553162 -0.371703327 0.008673546 0.928311050 102.068443298
0.923657298 -0.002819968 0.383209080 5.785245895 0.005892137 0.999959230 -0.006843425 -3.024649620 -0.383174151 0.008578900 0.923636258 102.579719543
0.917712033 -0.002059219 0.397240877 6.018932343 0.004911437 0.999969006 -0.006162833 -3.048245668 -0.397215843 0.007606731 0.917693675 103.063713074
0.911821365 -0.003294303 0.410573959 6.284439087 0.006685416 0.999954343 -0.006823988 -3.061974525 -0.410532743 0.008967116 0.911801755 103.586029053
0.906847060 -0.003481074 0.421445608 6.533603668 0.006878458 0.999954939 -0.006541276 -3.079425335 -0.421403855 0.008830832 0.906830072 104.066123962
0.901048124 -0.003767114 0.433702767 6.776908875 0.007407240 0.999950111 -0.006703562 -3.099590778 -0.433655947 0.009252772 0.901031017 104.573898315
0.894373059 -0.003192009 0.447310448 7.042507172 0.006794513 0.999956131 -0.006449572 -3.112204313 -0.447270215 0.008807580 0.894355476 105.061080933
0.888381004 -0.004723806 0.459082723 7.326934814 0.008528123 0.999944448 -0.006213870 -3.144013405 -0.459027797 0.009435397 0.888371944 105.553833008
0.882619739 -0.005464718 0.470055968 7.605564117 0.009288715 0.999939978 -0.005816357 -3.158496857 -0.469996005 0.009499847 0.882617533 106.026229858
0.874914706 -0.004715871 0.484254122 7.900394440 0.008404289 0.999949872 -0.005446317 -3.188217163 -0.484204024 0.008834874 0.874910474 106.521804810
