1.000000000 0.000000000 0.000000000 0.000000000 0.000000000 1.000000000 0.000000000 0.000000000 0.000000000 0.000000000 1.000000000 0.000000000
1.000000000 0.000080884 0.000024784 -0.001479236 -0.000080882 1.000000000 -0.000071488 0.001551939 -0.000024789 0.000071486 1.000000000 0.003537541
1.000000000 0.000118180 -0.000000451 -0.000374128 -0.000118180 1.000000000 -0.000039759 0.000908808 0.000000447 0.000039759 1.000000000 0.002597603
0.999999940 0.000246378 0.000060691 -0.000433657 -0.000246375 0.999999940 -0.000038172 0.001256151 -0.000060701 0.000038157 1.000000000 -0.001925489
1.000000000 0.000099257 0.000015484 0.001158135 -0.000099256 1.000000000 -0.000075764 0.001233851 -0.000015492 0.000075763 1.000000000 -0.001606795
1.000000000 0.000003043 -0.000017327 0.000822229 -0.000003042 1.000000000 0.000025833 0.000693633 0.000017327 -0.000025833 1.000000000 -0.002378468
1.000000000 0.000025709 0.000021955 -0.000469055 -0.000025708 1.000000000 -0.000055602 0.000575631 -0.000021957 0.000055602 1.000000000 -0.001331789
1.000000000 0.000041586 0.000024006 0.000286684 -0.000041586 1.000000000 0.000011515 0.001013726 -0.000024005 -0.000011516 1.000000000 -0.000439600
1.000000000 -0.000078193 0.000057040 -0.001846624 0.000078195 1.000000000 -0.000039317 0.001184158 -0.000057037 0.000039321 1.000000000 0.002905520
1.000000000 0.000122740 0.000062193 -0.001748832 -0.000122737 1.000000000 -0.000045300 0.000625542 -0.000062198 0.000045292 1.000000000 0.000084554
1.000000000 0.000182068 0.000098923 -0.001519468 -0.000182067 1.000000000 -0.000012073 0.002171204 -0.000098925 0.000012055 1.000000000 0.000420460
1.000000000 0.000074293 0.000010205 -0.000727154 -0.000074292 1.000000000 -0.000031049 0.000656275 -0.000010208 0.000031048 1.000000000 -0.003427763
1.000000000 0.000090665 0.000066721 -0.001506428 -0.000090667 1.000000000 0.000026538 0.000588576 -0.000066719 -0.000026544 1.000000000 -0.004090943
1.000000000 -0.000058022 0.000047206 -0.000532221 0.000058022 1.000000000 0.000005672 -0.000043099 -0.000047206 -0.000005669 1.000000000 -0.000529095
1.000000000 0.000087693 0.000063296 -0.000107872 -0.000087693 1.000000000 -0.000008646 0.000291065 -0.000063297 0.000008641 1.000000000 -0.002238492
1.000000000 -0.000003346 -0.000002619 0.000359837 0.000003346 1.000000000 0.000014392 0.000232205 0.000002619 -0.000014392 1.000000000 -0.002135204
1.000000000 -0.000021861 0.000030812 -0.001510448 0.000021861 1.000000000 -0.000008165 0.000428651 -0.000030811 0.000008165 1.000000000 -0.002591650
1.000000000 0.000058901 0.000065883 -0.000780025 -0.000058903 1.000000000 0.000018930 0.000073262 -0.000065882 -0.000018934 1.000000000 -0.004517239
1.000000000 0.000024121 -0.000019498 0.000801274 -0.000024122 1.000000000 -0.000015568 0.000822728 0.000019498 0.000015569 1.000000000 -0.005422120
1.000000000 -0.000120352 -0.000030430 -0.000247312 0.000120353 1.000000000 0.000027285 -0.000232672 0.000030427 -0.000027288 1.000000000 -0.004863913
1.000000000 0.000076864 0.000049433 -0.000595047 -0.000076866 1.000000000 0.000045841 -0.000033462 -0.000049429 -0.000045845 1.000000000 -0.006175012
1.000000000 -0.000100712 0.000009692 0.000380851 0.000100712 1.000000000 0.000020203 -0.001570466 -0.000009694 -0.000020202 1.000000000 -0.004014317
0.999999940 0.000160854 0.000224676 -0.007749139 -0.000160821 1.000000000 -0.000149718 0.003465406 -0.000224700 0.000149682 0.999999940 0.004755218
1.000000000 0.000026884 0.000018005 0.000698113 -0.000026884 1.000000000 -0.000019006 -0.000040057 -0.000018006 0.000019005 1.000000000 -0.001356238
1.000000000 -0.000034682 0.000059088 -0.001548336 0.000034682 1.000000000 -0.000002508 0.001465823 -0.000059088 0.000002510 1.000000000 0.000761658
1.000000000 0.000017670 -0.000029425 0.001123902 -0.000017670 1.000000000 -0.000014851 0.000993309 0.000029425 0.000014851 1.000000000 -0.004886891
1.000000000 -0.000111952 0.000040365 -0.001844317 0.000111952 1.000000000 -0.000000283 0.000892358 -0.000040365 0.000000287 1.000000000 -0.001464154
1.000000000 0.000106741 0.000055503 -0.000887637 -0.000106740 1.000000000 -0.000017427 0.000831694 -0.000055505 0.000017421 1.000000000 -0.004291541
1.000000000 -0.000105511 0.000037064 -0.001793026 0.000105509 1.000000000 0.000057837 -0.000310635 -0.000037071 -0.000057833 1.000000000 -0.000952981
1.000000000 -0.000089475 0.000032884 -0.003452641 0.000089477 1.000000000 -0.000086222 0.003630616 -0.000032876 0.000086225 1.000000000 0.004020198
1.000000000 -0.000035568 0.000047888 -0.001365401 0.000035571 1.000000000 -0.000063808 0.000914297 -0.000047886 0.000063810 1.000000000 0.001146240
1.000000000 -0.000002400 0.000049785 -0.002903917 0.000002397 1.000000000 0.000063967 0.000544979 -0.000049785 -0.000063967 1.000000000 0.002350778
1.000000000 -0.000111966 0.000038309 -0.003641167 0.000111967 1.000000000 -0.000027676 0.001530057 -0.000038306 0.000027680 1.000000000 -0.000665817
1.000000000 -0.000089174 0.000009451 -0.000581037 0.000089174 1.000000000 0.000085794 -0.001494800 -0.000009458 -0.000085793 1.000000000 -0.003132088
1.000000000 0.000196410 0.000120427 -0.003071169 -0.000196407 1.000000000 -0.000020680 0.000752847 -0.000120431 0.000020657 1.000000000 -0.000089603
1.000000000 -0.000027140 0.000014974 -0.000880038 0.000027140 1.000000000 0.000001333 0.000664447 -0.000014974 -0.000001333 1.000000000 -0.001118527
1.000000000 0.000019630 -0.000033259 -0.000014536 -0.000019628 1.000000000 0.000047988 0.000293142 0.000033260 -0.000047987 1.000000000 -0.006490570
1.000000000 -0.000090990 -0.000024500 -0.000300724 0.000090988 1.000000000 -0.000074390 0.000595751 0.000024507 0.000074388 1.000000000 -0.003226830
1.000000000 -0.000059178 0.000103244 -0.002828029 0.000059181 1.000000000 -0.000021001 0.000534007 -0.000103243 0.000021007 1.000000000 0.001001805
1.000000000 -0.000013195 -0.000003742 0.000690081 0.000013195 1.000000000 0.000048452 0.000659868 0.000003741 -0.000048452 1.000000000 -0.005331268
1.000000000 -0.000142242 -0.000020654 -0.000384284 0.000142242 1.000000000 0.000004693 0.000305778 0.000020653 -0.000004696 1.000000000 -0.000886433
1.000000000 -0.000035630 0.000043620 0.002025888 0.000035651 0.999999881 -0.000484459 -0.005109377 -0.000043603 0.000484460 0.999999881 0.050061811
1.000000000 -0.000049779 0.000076833 0.003964330 0.000049871 0.999999285 -0.001190544 -0.003320854 -0.000076774 0.001190548 0.999999285 0.144801736
1.000000000 -0.000033206 0.000008632 0.005103685 0.000033218 0.999999046 -0.001383823 -0.011505851 -0.000008586 0.001383823 0.999999046 0.259358615
1.000000000 -0.000022738 0.000076197 0.005905207 0.000022835 0.999999225 -0.001266030 -0.016154557 -0.000076168 0.001266032 0.999999225 0.389412105
1.000000000 0.000134821 0.000005384 0.008016921 -0.000134816 0.999999464 -0.001043145 -0.022102302 -0.000005525 0.001043144 0.999999464 0.532877445
1.000000000 0.000061718 0.000099230 0.007342508 -0.000061638 0.999999702 -0.000801564 -0.032373399 -0.000099280 0.000801558 0.999999702 0.684082985
1.000000000 -0.000089815 -0.000068127 0.018882338 0.000089774 0.999999821 -0.000601357 -0.035557520 0.000068181 0.000601351 0.999999821 0.848749161
1.000000000 0.000056119 -0.000045553 0.021430634 -0.000056145 0.999999821 -0.000566108 -0.037284143 0.000045521 0.000566111 0.999999821 1.025943875
0.999999940 0.000219862 0.000292623 0.015614728 -0.000219766 1.000000000 -0.000330910 -0.044408500 -0.000292696 0.000330846 0.999999821 1.189225435
1.000000000 -0.000023314 -0.000040551 0.032592732 0.000023310 1.000000119 -0.000110722 -0.049481481 0.000040554 0.000110721 0.999999940 1.383468986
0.999999702 0.000712438 0.000094767 0.026802119 -0.000712457 0.999999642 0.000193195 -0.063776381 -0.000094630 -0.000193263 1.000000000 1.573129773
0.999999404 0.000983231 0.000500571 0.029083205 -0.000983292 0.999999464 0.000122460 -0.067086414 -0.000500450 -0.000122952 0.999999940 1.767003179
0.999999821 0.000522592 0.000335891 0.028253296 -0.000522643 0.999999881 0.000151201 -0.070727237 -0.000335812 -0.000151376 0.999999940 1.979663134
0.999999821 0.000547587 0.000337148 0.031721599 -0.000547615 0.999999881 0.000082329 -0.076229498 -0.000337102 -0.000082514 0.999999940 2.197193146
0.999999583 0.000732511 0.000385803 0.040822335 -0.000732689 0.999999642 0.000461995 -0.085184209 -0.000385464 -0.000462278 0.999999821 2.410672188
0.999999583 0.000831053 0.000403109 0.047999442 -0.000831321 0.999999464 0.000664210 -0.095970146 -0.000402557 -0.000664544 0.999999702 2.637675524
0.999999821 0.000540193 0.000271716 0.054275338 -0.000540364 0.999999642 0.000627537 -0.100825630 -0.000271377 -0.000627683 0.999999702 2.872786045
0.999999523 0.000799101 0.000600331 0.054400571 -0.000799548 0.999999404 0.000745283 -0.108498462 -0.000599734 -0.000745762 0.999999523 3.111770630
0.999999881 0.000597783 0.000335939 0.061343007 -0.000598023 0.999999523 0.000713809 -0.116898417 -0.000335512 -0.000714010 0.999999702 3.360490084
0.999999583 0.000716565 0.000602384 0.062819451 -0.000717085 0.999999285 0.000863429 -0.124520168 -0.000601765 -0.000863861 0.999999404 3.604531527
0.999999404 0.000972515 0.000557202 0.071659476 -0.000973017 0.999999046 0.000901604 -0.133417770 -0.000556324 -0.000902145 0.999999404 3.854691505
0.999999702 0.000302799 0.000575676 0.072548009 -0.000303402 0.999999344 0.001046930 -0.141502112 -0.000575359 -0.001047104 0.999999285 4.111974716
0.999999583 0.000669516 0.000623832 0.078499518 -0.000670371 0.999998808 0.001370993 -0.152736068 -0.000622913 -0.001371411 0.999998868 4.363493919
0.999999225 0.001109201 0.000516668 0.085345156 -0.001109820 0.999998689 0.001198476 -0.153963193 -0.000515338 -0.001199048 0.999999166 4.637267113
0.999999046 0.000882861 0.001036533 0.085959159 -0.000884225 0.999998689 0.001315903 -0.162643626 -0.001035370 -0.001316819 0.999998510 4.889157772
0.999998271 0.001480894 0.001107502 0.090574242 -0.001482191 0.999998152 0.001170649 -0.172491997 -0.001105766 -0.001172288 0.999998689 5.153866291
0.999999642 0.000398070 0.000733424 0.101377986 -0.000399224 0.999998629 0.001574136 -0.181827515 -0.000732796 -0.001574428 0.999998450 5.415883541
0.999999821 -0.000013341 0.000613003 0.103606075 0.000012212 0.999998331 0.001842504 -0.193571240 -0.000613026 -0.001842496 0.999998093 5.675124168
0.999999583 0.000619389 0.000629040 0.110519968 -0.000620584 0.999997914 0.001901700 -0.208040506 -0.000627860 -0.001902090 0.999997973 5.948103428
0.999999702 0.000555593 0.000555977 0.116379552 -0.000556575 0.999998271 0.001768590 -0.221002206 -0.000554994 -0.001768898 0.999998271 6.207199574
0.999998868 0.001007770 0.001106619 0.120877109 -0.001009897 0.999997616 0.001923172 -0.228630334 -0.001104678 -0.001924288 0.999997497 6.498526573
0.999998629 0.001267249 0.001056472 0.123216763 -0.001268991 0.999997854 0.001650171 -0.233559743 -0.001054378 -0.001651509 0.999998033 6.782304764
0.999999404 0.000637376 0.000897196 0.138307258 -0.000639149 0.999997854 0.001976764 -0.248118594 -0.000895934 -0.001977337 0.999997675 7.067836285
0.999999642 0.000461265 0.000585411 0.155167013 -0.000462427 0.999997914 0.001987664 -0.258590877 -0.000584493 -0.001987934 0.999997795 7.363067627
0.999999642 0.000462409 0.000585774 0.168095052 -0.000463661 0.999997616 0.002138914 -0.272500634 -0.000584784 -0.002139185 0.999997497 7.659326077
0.999999583 0.000409850 0.000801888 0.163401753 -0.000411709 0.999997199 0.002318706 -0.280160010 -0.000800935 -0.002319036 0.999997020 7.989081383
0.999999702 0.000219862 0.000627772 0.176053330 -0.000221239 0.999997556 0.002195339 -0.289718091 -0.000627288 -0.002195477 0.999997377 8.302920341
0.999999464 0.000646921 0.000725916 0.185297683 -0.000648551 0.999997258 0.002248546 -0.293699533 -0.000724459 -0.002249015 0.999997258 8.632788658
0.999999344 0.000704018 0.000842193 0.186344385 -0.000706199 0.999996305 0.002591641 -0.308101505 -0.000840365 -0.002592234 0.999996305 8.978935242
0.999999106 0.000724586 0.001046032 0.176874712 -0.000727571 0.999995649 0.002856227 -0.330046356 -0.001043958 -0.002856986 0.999995351 9.322199821
0.999999166 0.000772323 0.000926661 0.189254090 -0.000775096 0.999995172 0.002996637 -0.339033186 -0.000924343 -0.002997353 0.999994993 9.662100792
0.999999225 0.000504096 0.001121053 0.191871300 -0.000506980 0.999996543 0.002574287 -0.343165457 -0.001119751 -0.002574853 0.999996066 10.008888245
0.999999821 -0.000050731 0.000601507 0.204907224 0.000049299 0.999997139 0.002381271 -0.353297263 -0.000601626 -0.002381240 0.999997020 10.363298416
0.999999523 0.000429527 0.000856179 0.216026694 -0.000431907 0.999996066 0.002781253 -0.366697699 -0.000854981 -0.002781621 0.999995768 10.721869469
0.999999464 0.000275223 0.001013563 0.223253086 -0.000278288 0.999995351 0.003025510 -0.373821586 -0.001012726 -0.003025791 0.999994934 11.111428261
0.999998808 0.001090618 0.001066801 0.230647966 -0.001094168 0.999993801 0.003332766 -0.401119202 -0.001063160 -0.003333930 0.999993801 11.465961456
0.999998808 0.001032414 0.001125451 0.237911820 -0.001035954 0.999994516 0.003149734 -0.406865478 -0.001122193 -0.003150896 0.999994338 11.850049019
0.999997795 0.001488392 0.001494934 0.246837065 -0.001493505 0.999993086 0.003424931 -0.421562850 -0.001489826 -0.003427156 0.999992967 12.212061882
0.999997139 0.001277946 0.001989252 0.252218783 -0.001284605 0.999993563 0.003349873 -0.430637687 -0.001984958 -0.003352419 0.999992430 12.626782417
0.999998450 0.000936661 0.001504894 0.263845563 -0.000942145 0.999992907 0.003647712 -0.451481789 -0.001501466 -0.003649124 0.999992192 13.019927025
0.999999344 0.000619420 0.001049386 0.280038059 -0.000623371 0.999992728 0.003769092 -0.469195008 -0.001047044 -0.003769744 0.999992311 13.412437439
0.999996722 0.001821932 0.001835432 0.288162351 -0.001828828 0.999991298 0.003763146 -0.475829899 -0.001828560 -0.003766490 0.999991238 13.824184418
0.999995887 0.001961687 0.002095307 0.289185911 -0.001970594 0.999989033 0.004257313 -0.488670051 -0.002086933 -0.004261424 0.999988735 14.216267586
0.999997556 0.000893702 0.002002022 0.301631272 -0.000902719 0.999989450 0.004507254 -0.533373535 -0.001997972 -0.004509050 0.999987841 14.629652023
0.999997497 0.000512263 0.002181065 0.314214468 -0.000523078 0.999987543 0.004960805 -0.547814727 -0.002178497 -0.004961934 0.999985337 15.038006783
0.999996543 0.000407342 0.002591949 0.327186495 -0.000419954 0.999988079 0.004867100 -0.557591200 -0.002589935 -0.004868172 0.999984801 15.466384888
0.999997199 0.000455428 0.002365048 0.339430124 -0.000466650 0.999988616 0.004746405 -0.568751335 -0.002362861 -0.004747496 0.999985933 15.897375107
0.999996483 -0.000427482 0.002626815 0.353019089 0.000414293 0.999987304 0.005019500 -0.580264926 -0.002628928 -0.005018394 0.999983966 16.341119766
0.999996364 0.000047397 0.002693921 0.363399357 -0.000060266 0.999988616 0.004777357 -0.591331303 -0.002693664 -0.004777502 0.999984980 16.766273499
0.999994218 0.001000970 0.003256115 0.392065704 -0.001017513 0.999986589 0.005082813 -0.618953645 -0.003250983 -0.005086095 0.999981761 17.211252213
0.999995112 0.000906303 0.003007945 0.405704319 -0.000921507 0.999986827 0.005056992 -0.629182994 -0.003003323 -0.005059738 0.999982655 17.667287827
0.999993443 0.000174951 0.003612884 0.415169537 -0.000195384 0.999983966 0.005656173 -0.647013128 -0.003611837 -0.005656842 0.999977469 18.134496689
0.999990225 0.000753402 0.004362675 0.426541686 -0.000778311 0.999983370 0.005710741 -0.658784330 -0.004358300 -0.005714080 0.999974132 18.599658966
0.999990284 0.000311797 0.004383406 0.434166014 -0.000337780 0.999982357 0.005928043 -0.672115505 -0.004381480 -0.005929466 0.999972761 19.059556961
0.999993563 -0.000717112 0.003511199 0.462781191 0.000695865 0.999981463 0.006048695 -0.689642131 -0.003515471 -0.006046213 0.999975562 19.530092239
0.999990880 0.000878644 0.004177373 0.467494875 -0.000902793 0.999982834 0.005782634 -0.682126045 -0.004172220 -0.005786353 0.999974549 20.020051956
0.999995768 -0.000392062 0.002882987 0.477216899 0.000375237 0.999982834 0.005834255 -0.707699597 -0.002885226 -0.005833150 0.999978840 20.508916855
0.999996483 -0.000812728 0.002515466 0.492704988 0.000797727 0.999981880 0.005958405 -0.726471782 -0.002520263 -0.005956379 0.999979138 20.998409271
0.999998510 -0.001082062 0.001330543 0.528466284 0.001073411 0.999978364 0.006484814 -0.746150255 -0.001337532 -0.006483376 0.999978065 21.514280319
0.999997020 -0.000035853 0.002440537 0.503364146 0.000020928 0.999981225 0.006115458 -0.758514643 -0.002440711 -0.006115390 0.999978304 21.948911667
0.999997437 -0.000583084 0.002160819 0.517483950 0.000569843 0.999981046 0.006123562 -0.767383039 -0.002164349 -0.006122315 0.999978900 22.486013412
0.999998569 -0.000217106 0.001707623 0.521608114 0.000205537 0.999976993 0.006772142 -0.784006238 -0.001709054 -0.006771781 0.999975622 22.986587524
0.999999523 -0.000789288 0.000416436 0.536242485 0.000786387 0.999975741 0.006920700 -0.804095387 -0.000421888 -0.006920370 0.999975979 23.470001221
0.999998391 -0.001789088 -0.000183838 0.544516087 0.001790221 0.999978125 0.006363331 -0.810719848 0.000172449 -0.006363649 0.999979734 23.988550186
0.999999464 -0.000748552 -0.000599812 0.552956045 0.000752610 0.999976635 0.006793947 -0.825159788 0.000594712 -0.006794395 0.999976754 24.510164261
0.999998987 -0.000718643 -0.001174171 0.562027037 0.000726839 0.999975264 0.006994662 -0.838489771 0.001169116 -0.006995510 0.999974847 25.049234390
0.999996841 -0.001322225 -0.002137861 0.565407157 0.001337396 0.999973953 0.007110824 -0.853566885 0.002128403 -0.007113663 0.999972403 25.568653107
0.999996185 -0.001019220 -0.002574567 0.574048102 0.001037685 0.999973655 0.007180973 -0.863531530 0.002567180 -0.007183617 0.999970913 26.107374191
0.999993920 -0.001916269 -0.002920454 0.594361305 0.001938988 0.999967754 0.007796475 -0.873157144 0.002905420 -0.007802089 0.999965370 26.657974243
0.999992430 -0.001892144 -0.003400268 0.593796194 0.001919547 0.999965549 0.008073830 -0.890997171 0.003384874 -0.008080297 0.999961555 27.165786743
0.999995768 -0.000258971 -0.002869554 0.602080941 0.000281921 0.999968052 0.008000183 -0.912107050 0.002867391 -0.008000961 0.999963820 27.684488297
0.999992251 -0.001114383 -0.003777866 0.612634182 0.001146864 0.999962330 0.008606366 -0.926108778 0.003768133 -0.008610631 0.999955833 28.221994400
0.999990344 -0.001170541 -0.004234603 0.627516031 0.001206300 0.999963582 0.008451722 -0.940338314 0.004224556 -0.008456748 0.999955356 28.766822815
0.999987125 -0.001653099 -0.004802892 0.639018595 0.001695190 0.999960065 0.008772762 -0.955525637 0.004788197 -0.008780791 0.999949932 29.294855118
0.999985635 -0.001419654 -0.005158842 0.643213511 0.001464255 0.999961436 0.008652010 -0.969184279 0.005146361 -0.008659439 0.999949276 29.831985474
0.999982536 -0.001932942 -0.005585520 0.657296002 0.001979601 0.999963105 0.008360172 -0.979857683 0.005569154 -0.008371084 0.999949396 30.357753754
0.999979138 -0.002377358 -0.006005292 0.659250915 0.002432609 0.999954641 0.009209893 -1.005563498 0.005983125 -0.009224311 0.999939501 30.882776260
0.999980330 -0.001460380 -0.006085912 0.669124067 0.001515973 0.999957085 0.009140060 -1.023735523 0.006072304 -0.009149107 0.999939680 31.417013168
0.999982178 -0.001449468 -0.005777218 0.676866829 0.001501664 0.999957979 0.009040781 -1.033537865 0.005763871 -0.009049296 0.999942422 31.967973709
0.999978185 -0.001098937 -0.006509845 0.691732883 0.001154029 0.999963522 0.008465085 -1.024491429 0.006500304 -0.008472414 0.999942899 32.471191406
0.999975145 -0.001616761 -0.006845993 0.690152586 0.001678384 0.999957979 0.009005195 -1.050166607 0.006831146 -0.009016462 0.999935985 33.047286987
0.999979138 -0.000292342 -0.006452641 0.698325872 0.000351068 0.999958515 0.009101774 -1.082072973 0.006449713 -0.009103850 0.999937773 33.509967804
0.999974787 -0.000412087 -0.007093199 0.704419076 0.000481915 0.999951363 0.009845519 -1.102588177 0.007088797 -0.009848691 0.999926388 34.051578522
0.999974370 -0.000643383 -0.007133667 0.702369988 0.000711390 0.999954343 0.009534754 -1.102823019 0.007127206 -0.009539585 0.999929130 34.570705414
0.999975741 -0.001300670 -0.006842652 0.706633329 0.001368114 0.999950469 0.009860970 -1.129636288 0.006829487 -0.009870091 0.999927878 35.081443787
0.999972641 -0.001424663 -0.007262525 0.710166216 0.001498547 0.999947071 0.010178057 -1.147590160 0.007247639 -0.010188662 0.999921739 35.651576996
0.999975443 -0.000657934 -0.006981603 0.716575205 0.000727205 0.999950469 0.009924038 -1.155324101 0.006974727 -0.009928873 0.999926388 36.204490662
0.999969721 -0.001364297 -0.007664597 0.735036016 0.001443082 0.999946058 0.010282897 -1.175759792 0.007650154 -0.010293647 0.999917686 36.710170746
0.999970973 -0.001418093 -0.007497307 0.721162260 0.001499565 0.999939740 0.010872433 -1.189942598 0.007481437 -0.010883360 0.999912739 37.160945892
0.999970496 -0.001265347 -0.007584407 0.752854824 0.001342900 0.999946773 0.010229004 -1.172588587 0.007571060 -0.010238888 0.999918818 37.664474487
0.999967873 -0.001914607 -0.007784651 0.736556530 0.002004633 0.999931037 0.011573169 -1.225071907 0.007761956 -0.011588402 0.999902666 38.170310974
0.999968588 -0.002216580 -0.007613994 0.726698279 0.002308449 0.999924421 0.012078316 -1.251774788 0.007586646 -0.012095515 0.999898016 38.682159424
0.999961317 -0.002934963 -0.008299009 0.760067105 0.003031634 0.999927402 0.011660154 -1.243226767 0.008264185 -0.011684863 0.999897540 39.380676270
0.999970019 -0.000804536 -0.007703704 0.797543764 0.000884992 0.999945045 0.010446050 -1.241974831 0.007694876 -0.010452555 0.999915779 39.854305267
0.999969780 -0.000854141 -0.007727836 0.792949080 0.000937353 0.999941528 0.010770646 -1.269517899 0.007718185 -0.010777565 0.999912202 40.366645813
0.999962807 -0.000916663 -0.008576716 0.816473186 0.001010174 0.999940038 0.010904949 -1.272541523 0.008566204 -0.010913209 0.999903738 40.915447235
0.999969661 0.000333417 -0.007779079 0.827979088 -0.000258706 0.999953806 0.009603193 -1.267824411 0.007781921 -0.009600890 0.999923646 41.491962433
0.999969006 -0.000513940 -0.007845715 0.828463912 0.000596794 0.999944150 0.010561785 -1.291714311 0.007839846 -0.010566141 0.999913454 42.000473022
0.999956429 -0.001880618 -0.009141295 0.848115206 0.001978970 0.999940157 0.010761903 -1.302482605 0.009120510 -0.010779523 0.999900222 42.534278870
0.999961317 -0.001247922 -0.008706879 0.841363966 0.001344795 0.999937177 0.011128990 -1.322667003 0.008692443 -0.011140268 0.999900162 43.052890778
0.999956071 -0.002361793 -0.009065730 0.855211735 0.002462037 0.999935806 0.011062329 -1.333487511 0.009039020 -0.011084165 0.999897718 43.584239960
0.999961197 -0.001665168 -0.008646112 0.862166226 0.001754299 0.999945283 0.010311615 -1.325886369 0.008628466 -0.010326383 0.999909401 44.125579834
0.999958158 -0.002150754 -0.008888588 0.870764792 0.002249015 0.999936283 0.011059592 -1.357360840 0.008864236 -0.011079120 0.999899328 44.648433685
0.999955118 -0.002557405 -0.009115700 0.877691746 0.002659119 0.999934196 0.011163437 -1.362819314 0.009086549 -0.011187175 0.999896169 45.184059143
0.999959648 -0.001444592 -0.008867644 0.884971261 0.001538009 0.999943256 0.010536862 -1.372821212 0.008851919 -0.010550073 0.999905169 45.718891144
0.999956250 -0.002204122 -0.009092879 0.897948623 0.002306331 0.999934077 0.011245410 -1.386095524 0.009067493 -0.011265891 0.999895394 46.289031982
0.999953628 -0.001490917 -0.009518043 0.903896391 0.001592635 0.999941587 0.010688263 -1.387261629 0.009501552 -0.010702925 0.999897540 46.834461212
0.999957621 -0.001088742 -0.009135271 0.902609348 0.001188606 0.999939442 0.010933373 -1.406519413 0.009122816 -0.010943770 0.999898434 47.275691986
0.999952376 -0.002134515 -0.009519676 0.946261168 0.002235244 0.999941528 0.010583126 -1.407457232 0.009496531 -0.010603900 0.999898672 47.912914276
0.999953747 -0.001038874 -0.009560911 0.927460432 0.001143222 0.999939799 0.010914996 -1.424304843 0.009548994 -0.010925421 0.999894738 48.325298309
0.999958217 -0.000237222 -0.009137530 0.930125713 0.000339629 0.999937117 0.011207424 -1.437927723 0.009134298 -0.011210059 0.999895394 48.865657806
0.999949157 -0.001434161 -0.009981320 0.939018726 0.001548511 0.999933183 0.011458116 -1.454790592 0.009964220 -0.011472989 0.999884546 49.388706207
0.999951780 -0.001484202 -0.009705960 0.934690714 0.001597866 0.999930143 0.011713440 -1.473566055 0.009687896 -0.011728383 0.999884307 49.919925690
0.999951184 -0.001770240 -0.009723857 0.941434801 0.001880847 0.999933481 0.011377535 -1.475410819 0.009703069 -0.011395270 0.999888003 50.440666199
0.999949098 -0.001999774 -0.009900792 0.947868824 0.002112063 0.999933422 0.011344015 -1.485564709 0.009877449 -0.011364348 0.999886572 50.973289490
0.999951661 -0.001527183 -0.009715445 0.950824916 0.001637230 0.999934494 0.011329154 -1.500831604 0.009697509 -0.011344516 0.999888599 51.507949829
0.999949694 -0.001794233 -0.009862376 0.963282943 0.001908310 0.999931276 0.011569701 -1.507228732 0.009840941 -0.011587942 0.999884427 52.005718231
0.999953628 -0.001677503 -0.009487526 0.946450412 0.001783676 0.999935687 0.011193372 -1.515444875 0.009468141 -0.011209776 0.999892235 52.550849915
0.999938965 -0.002771236 -0.010696923 0.988211036 0.002893997 0.999929965 0.011478015 -1.525049448 0.010664365 -0.011508273 0.999876916 53.091247559
0.999954939 -0.001510613 -0.009367006 0.934771895 0.001620735 0.999929547 0.011759882 -1.537916899 0.009348582 -0.011774534 0.999886990 53.563812256
0.999951243 -0.002526463 -0.009545042 0.986844301 0.002644365 0.999920130 0.012359783 -1.631569386 0.009513053 -0.012384421 0.999878049 54.039604187
0.999955535 -0.001189150 -0.009345568 0.948320746 0.001303193 0.999924600 0.012206271 -1.574248314 0.009330350 -0.012217908 0.999881804 54.582889557
0.999954522 -0.001304996 -0.009443483 0.959089398 0.001413202 0.999933362 0.011460618 -1.575199127 0.009427899 -0.011473442 0.999889731 55.132034302
0.999955714 -0.001514726 -0.009282524 0.959798098 0.001621588 0.999932349 0.011515521 -1.588298321 0.009264454 -0.011530065 0.999890566 55.635513306
0.999956906 -0.001640401 -0.009148119 0.970037818 0.001751698 0.999924362 0.012171424 -1.601297140 0.009127462 -0.012186921 0.999884069 56.134635925
0.999958277 -0.001917504 -0.008933023 0.974304199 0.002029515 0.999919236 0.012546783 -1.690932512 0.008908244 -0.012564392 0.999881387 56.553710938
0.999967039 0.000647630 -0.008086592 0.926526606 -0.000549912 0.999926805 0.012080420 -1.679609418 0.008093826 -0.012075576 0.999894261 57.021686554
0.999964893 -0.000907258 -0.008329934 0.927314937 0.001007554 0.999926984 0.012044148 -1.686288476 0.008318399 -0.012052120 0.999892771 57.552906036
0.999968886 -0.000700587 -0.007860760 0.970551252 0.000799582 0.999920309 0.012597459 -1.730165243 0.007851310 -0.012603353 0.999889731 58.128269196
0.999970973 -0.000518633 -0.007603004 0.978291869 0.000616943 0.999916077 0.012933835 -1.747794747 0.007595659 -0.012938150 0.999887466 58.656871796
0.999967635 -0.000219034 -0.008033005 0.977083266 0.000319286 0.999922037 0.012480757 -1.712904692 0.008029646 -0.012482920 0.999889791 58.896118164
0.999966085 -0.000792392 -0.008210694 0.994998455 0.000892707 0.999924898 0.012221054 -1.733422756 0.008200394 -0.012227969 0.999891579 59.377277374
0.999963522 -0.000618197 -0.008518594 1.021321535 0.000727042 0.999918044 0.012780096 -1.756450534 0.008509996 -0.012785826 0.999882042 59.900608063
0.999958515 -0.000728708 -0.009085662 1.064975262 0.000850368 0.999909878 0.013393629 -1.788811326 0.009075083 -0.013400801 0.999869049 60.387866974
0.999957204 -0.000420571 -0.009231831 1.113510609 0.000543245 0.999911547 0.013289613 -1.763910294 0.009225423 -0.013294060 0.999869049 60.913467407
0.999959767 0.000594964 -0.008945412 1.146449327 -0.000471312 0.999904394 0.013818795 -1.772260547 0.008952779 -0.013814023 0.999864459 61.437538147
0.999959111 0.001752698 -0.008870572 1.186110497 -0.001623833 0.999893308 0.014513686 -1.802102208 0.008895064 -0.014498686 0.999855280 62.008190155
0.999955833 0.001798393 -0.009217304 1.218172789 -0.001668305 0.999899149 0.014101719 -1.794738293 0.009241734 -0.014085719 0.999858081 62.569156647
0.999961317 -0.000620586 -0.008763283 1.069086313 0.000737264 0.999911070 0.013317426 -1.808053851 0.008754238 -0.013323372 0.999872863 63.080535889
0.999957740 -0.000454981 -0.009181871 1.156929493 0.000580633 0.999906182 0.013686846 -1.744546652 0.009174783 -0.013691598 0.999864101 62.949008942
0.999956667 -0.000867672 -0.009269980 1.177217603 0.000989629 0.999912918 0.013159681 -1.742059827 0.009257754 -0.013168285 0.999870360 63.506523132
0.999951482 -0.000866767 -0.009816774 1.195235491 0.000995605 0.999913394 0.013127027 -1.745025873 0.009804545 -0.013136164 0.999865592 64.067565918
0.999953866 -0.000874695 -0.009562110 1.214277983 0.000997216 0.999917448 0.012815882 -1.741095304 0.009550110 -0.012824828 0.999872088 64.604766846
0.999953389 -0.000881110 -0.009613192 1.180454135 0.001004853 0.999916613 0.012874944 -1.773784876 0.009601047 -0.012884004 0.999870837 65.085029602
0.999955714 -0.000931271 -0.009365402 1.212086916 0.001067062 0.999894202 0.014504611 -1.832814693 0.009350902 -0.014513964 0.999850869 65.094505310
0.999949932 -0.001517800 -0.009893811 1.231430769 0.001662005 0.999892235 0.014583386 -1.850488424 0.009870612 -0.014599097 0.999844670 65.617721558
0.999950409 -0.001379774 -0.009869358 1.233091593 0.001527098 0.999887288 0.014935465 -1.854885578 0.009847637 -0.014949794 0.999839723 66.162216187
0.999953091 -0.000208533 -0.009689886 1.261774063 0.000349642 0.999893904 0.014563005 -1.858646154 0.009685821 -0.014565711 0.999846995 66.614883423
0.999938488 -0.002718565 -0.010753105 1.318708658 0.002870697 0.999895573 0.014157690 -1.858729601 0.010713491 -0.014187687 0.999841928 67.210746765
0.999937594 -0.001893093 -0.011007544 1.290257931 0.002050852 0.999895155 0.014338360 -1.861348867 0.010979245 -0.014360040 0.999836564 67.706245422
0.999962866 0.000378951 -0.008610159 1.199851036 -0.000249241 0.999886513 0.015060908 -1.892303109 0.008614889 -0.015058205 0.999849498 68.134689331
0.999961555 -0.000263637 -0.008764468 1.219085693 0.000397953 0.999882519 0.015326842 -1.909259200 0.008759398 -0.015329741 0.999844074 68.652458191
0.999960184 -0.000137119 -0.008915167 1.234018564 0.000273860 0.999882281 0.015338579 -1.924389839 0.008912015 -0.015340409 0.999842525 69.162796021
0.999964356 0.000782436 -0.008405480 1.231390953 -0.000652664 0.999880731 0.015430720 -1.931654096 0.008416550 -0.015424686 0.999845564 69.719902039
0.999957323 -0.000241439 -0.009237773 1.264461279 0.000382470 0.999883294 0.015268124 -1.930131793 0.009233006 -0.015271004 0.999840677 70.192329407
0.999961376 -0.000277655 -0.008786651 1.251230359 0.000411861 0.999883235 0.015275725 -1.943745732 0.008781384 -0.015278756 0.999844730 70.773300171
0.999964654 -0.000208566 -0.008407669 1.254544377 0.000339463 0.999878705 0.015570366 -1.955661297 0.008403401 -0.015572669 0.999843419 71.318885803
0.999960303 0.000006312 -0.008912885 1.269761324 0.000130721 0.999881804 0.015373998 -1.969394684 0.008911928 -0.015374553 0.999842107 71.838058472
0.999954462 -0.001008924 -0.009496490 1.290290594 0.001154986 0.999880910 0.015387738 -1.988404989 0.009479837 -0.015398008 0.999836504 72.375587463
0.999962747 -0.000259143 -0.008626505 1.257522345 0.000388767 0.999886990 0.015027990 -1.960760236 0.008621636 -0.015030784 0.999849856 73.020179749
0.999959350 -0.000383045 -0.009009682 1.268809438 0.000516472 0.999890089 0.014811656 -1.971509576 0.009003019 -0.014815709 0.999849737 73.577278137
0.999962091 0.000193165 -0.008703082 1.280233622 -0.000066808 0.999894619 0.014516549 -1.978478670 0.008704970 -0.014515418 0.999856770 74.097549438
0.999958038 -0.000192386 -0.009154840 1.280864477 0.000333180 0.999881685 0.015380106 -2.028281927 0.009150799 -0.015382513 0.999839783 74.799095154
0.999963582 0.000174388 -0.008533582 1.285054564 -0.000045620 0.999886155 0.015087404 -2.037142038 0.008535242 -0.015086467 0.999849737 75.352302551
0.999963224 -0.000108060 -0.008573726 1.295735240 0.000236323 0.999888003 0.014960373 -2.039897919 0.008571148 -0.014961850 0.999851227 75.888923645
0.999963284 0.000145313 -0.008569798 1.303744197 -0.000014270 0.999883115 0.015289321 -2.064844608 0.008571018 -0.015288637 0.999846399 76.442413330
0.999964058 0.000666178 -0.008447304 1.302754402 -0.000539791 0.999887943 0.014955255 -2.080448151 0.008456321 -0.014950157 0.999852419 77.035606384
0.999975383 0.000745693 -0.006996626 1.315098524 -0.000640983 0.999887943 0.014956049 -2.086239338 0.007006994 -0.014951196 0.999863684 77.556663513
0.999984086 0.001493162 -0.005435690 1.321438193 -0.001411729 0.999887168 0.014954204 -2.108084917 0.005457406 -0.014946293 0.999873400 78.168609619
0.999989271 0.000919686 -0.004544579 1.328963280 -0.000850679 0.999884605 0.015163104 -2.121793985 0.004558001 -0.015159074 0.999874711 78.664039612
0.999993145 0.000395495 -0.003685456 1.342282414 -0.000338961 0.999882460 0.015327788 -2.140596628 0.003691085 -0.015326432 0.999875724 79.207054138
0.999999464 0.001008034 -0.000344427 1.356079817 -0.001002647 0.999882519 0.015297710 -2.153072596 0.000359807 -0.015297357 0.999882936 79.753654480
0.999993026 0.001747826 0.003328895 1.382625341 -0.001799422 0.999877334 0.015559931 -2.162867069 -0.003301291 -0.015565814 0.999873400 80.304450989
0.999980867 0.001430104 0.006013758 1.413153410 -0.001521140 0.999883950 0.015160747 -2.171590805 -0.005991379 -0.015169607 0.999866962 80.872299194
0.999940991 0.001818796 0.010712923 1.434790611 -0.001978221 0.999887228 0.014889875 -2.172940493 -0.010684632 -0.014910189 0.999831736 81.377937317
0.999856234 0.002133287 0.016821019 1.453393698 -0.002397247 0.999874055 0.015687773 -2.189598083 -0.016785434 -0.015725842 0.999735475 81.897659302
0.999754727 0.001427635 0.022100486 1.488153577 -0.001778926 0.999872267 0.015883675 -2.206148148 -0.022074988 -0.015919095 0.999629557 82.331924438
0.999612033 0.002343292 0.027753433 1.592634678 -0.002812584 0.999853551 0.016882388 -2.288630486 -0.027709808 -0.016953900 0.999472260 82.797348022
0.999381602 0.001600330 0.035123698 1.708224654 -0.002169245 0.999866962 0.016165340 -2.303803921 -0.035093170 -0.016231542 0.999252200 83.642562866
0.999058843 0.001347645 0.043353714 1.758986354 -0.002035167 0.999872804 0.015818220 -2.303850412 -0.043326877 -0.015891565 0.998934567 84.184768677
0.998729765 0.000859622 0.050379176 1.802339792 -0.001679323 0.999866784 0.016230563 -2.318933487 -0.050358508 -0.016294552 0.998598278 84.731597900
0.998268723 0.000662335 0.058814332 1.866910219 -0.001584874 0.999876380 0.015640348 -2.323817015 -0.058796708 -0.015706483 0.998146355 85.315322876
0.997619212 0.000654488 0.068959624 1.929493666 -0.001759254 0.999871075 0.015960975 -2.336470604 -0.068940274 -0.016044294 0.997491717 85.856445312
0.996958315 0.000919068 0.077931114 1.986393929 -0.002166222 0.999870956 0.015920257 -2.343340397 -0.077906422 -0.016040649 0.996831656 86.402938843
0.996287346 0.000193546 0.086089879 2.061790466 -0.001520502 0.999881029 0.015348311 -2.353629112 -0.086076654 -0.015422228 0.996169150 86.975021362
0.995344043 -0.000677092 0.096383445 2.141991615 -0.000785047 0.999885142 0.015131289 -2.353242397 -0.096382625 -0.015136503 0.995229244 87.536277771
0.994231045 -0.000542662 0.107258402 2.220853329 -0.001110935 0.999881446 0.015356591 -2.362475395 -0.107254036 -0.015387156 0.994112551 88.103347778
0.993229091 -0.001516404 0.116163306 2.307281494 -0.000273483 0.999881506 0.015390875 -2.375864744 -0.116172902 -0.015318432 0.993110895 88.644958496
0.991913021 -0.000923229 0.126915947 2.401950836 -0.000990683 0.999886692 0.015016199 -2.375211716 -0.126915440 -0.015020498 0.991799831 89.198028564
0.990211248 -0.000419038 0.139575899 2.495942116 -0.001693472 0.999885738 0.015016099 -2.382390499 -0.139566272 -0.015105478 0.990097523 89.762069702
0.988586128 -0.000965530 0.150653556 2.600524902 -0.001257997 0.999891639 0.014663201 -2.387931585 -0.150651380 -0.014685359 0.988477826 90.325424194
0.987037003 -0.000970766 0.160489872 2.703907013 -0.001393975 0.999892116 0.014621273 -2.391651630 -0.160486758 -0.014655456 0.986929178 90.878555298
0.984980345 -0.001374107 0.172661021 2.823947906 -0.001089308 0.999898970 0.014171782 -2.396011829 -0.172663063 -0.014147010 0.984879375 91.425735474
0.982711911 -0.001955736 0.185130835 2.951339722 -0.000733006 0.999895215 0.014453912 -2.407942533 -0.185139716 -0.014339733 0.982607603 91.957489014
0.980710030 -0.002672605 0.195449725 3.088238716 -0.000111421 0.999898672 0.014231822 -2.420146942 -0.195467979 -0.013979067 0.980610430 92.488616943
0.977941155 -0.001943199 0.208871514 3.220705986 -0.001140219 0.999892175 0.014640850 -2.439382076 -0.208877459 -0.014556049 0.977833509 93.011436462
0.974964499 -0.002495239 0.222346336 3.366561890 -0.000816116 0.999890089 0.014799655 -2.451392651 -0.222358838 -0.014610601 0.974855363 93.530158997
0.972247720 -0.002042001 0.233944833 3.515138626 -0.001515771 0.999885917 0.015026931 -2.466955662 -0.233948812 -0.014964507 0.972133815 94.064346313
0.969394088 -0.003094811 0.245490462 3.698503494 -0.000632692 0.999885738 0.015103580 -2.489653587 -0.245509148 -0.014796642 0.969281256 94.575195312
0.965708256 -0.003713672 0.259603173 3.877727509 -0.000276829 0.999882400 0.015333289 -2.500252247 -0.259629577 -0.014879351 0.965593636 95.130935669
0.962240279 -0.004372845 0.272166371 4.053398132 0.000220804 0.999883115 0.015284281 -2.507728815 -0.272201478 -0.014647054 0.962128818 95.658119202
0.959084332 -0.005090181 0.283074707 4.232246399 0.000751990 0.999880552 0.015431792 -2.517460823 -0.283119470 -0.014587522 0.958973706 96.183685303
0.954745173 -0.004571778 0.297389925 4.419044495 -0.000109454 0.999876380 0.015722502 -2.530561447 -0.297425091 -0.015043534 0.954626560 96.709320068
0.950369298 -0.004979389 0.311084241 4.619846344 0.000259126 0.999884248 0.015213068 -2.534664154 -0.311124027 -0.014377424 0.950260580 97.229972839
0.946503401 -0.005350378 0.322649419 4.818317413 0.000459670 0.999883890 0.015232245 -2.541076183 -0.322693527 -0.014269061 0.946395934 97.743095398
0.942012310 -0.005106117 0.335539430 5.021551132 -0.000061638 0.999881566 0.015388884 -2.548803329 -0.335578293 -0.014517196 0.941900551 98.259757996
0.936977148 -0.005016733 0.349354565 5.246778488 -0.000450387 0.999878764 0.015566213 -2.558869839 -0.349390239 -0.014742532 0.936861217 98.762687683
0.932556927 -0.006309267 0.360967785 5.482395172 0.000609012 0.999873221 0.015903173 -2.573802948 -0.361022353 -0.014610776 0.932442665 99.273506165
0.927888215 -0.005894004 0.372811854 5.707609177 0.000047901 0.999876916 0.015688427 -2.591722965 -0.372858495 -0.014539247 0.927774310 99.779693604
0.921995938 -0.006236401 0.387149245 5.961034775 0.000152662 0.999876022 0.015742967 -2.593347549 -0.387199402 -0.014455846 0.921882808 100.310714722
0.916645885 -0.006777868 0.399642855 6.200197220 0.000508019 0.999875188 0.015792469 -2.605699062 -0.399699986 -0.014273076 0.916534901 100.791999817
0.911775768 -0.007645967 0.410616994 6.446567535 0.001228209 0.999872983 0.015891068 -2.609977007 -0.410686344 -0.013984771 0.911669374 101.331604004
0.906420231 -0.008185030 0.422297716 6.703754425 0.001534612 0.999869406 0.016085712 -2.623443365 -0.422374219 -0.013932348 0.906314492 101.804382324
0.899848104 -0.008051513 0.436129004 6.979911804 0.001243653 0.999872863 0.015892984 -2.638167620 -0.436201543 -0.013758879 0.899743795 102.285156250
0.894391239 -0.010054217 0.447172523 7.243709564 0.002987024 0.999859273 0.016506458 -2.660540581 -0.447275549 -0.013427516 0.894295394 102.718986511
0.888424873 -0.009384714 0.458926082 7.503528595 0.002277206 0.999868810 0.016038217 -2.653074741 -0.459016353 -0.013203684 0.888329625 103.214828491
0.881413221 -0.009432466 0.472251773 7.788745880 0.002163449 0.999870718 0.015932925 -2.666951180 -0.472341120 -0.013021796 0.881319642 103.670631409
