1.000000000 0.000000000 0.000000000 0.000000000 0.000000000 1.000000000 0.000000000 0.000000000 0.000000000 0.000000000 1.000000000 0.000000000
1.000000000 -0.000023201 -0.000132489 0.003899814 0.000023206 1.000000000 0.000040410 -0.000387631 0.000132488 -0.000040413 1.000000000 -0.000803872
1.000000000 0.000098689 -0.000030871 0.000767553 -0.000098688 1.000000000 0.000031438 -0.000566166 0.000030874 -0.000031435 1.000000000 -0.002777666
1.000000000 -0.000163456 -0.000147735 0.006213000 0.000163474 1.000000000 0.000118713 -0.001659698 0.000147716 -0.000118737 1.000000000 -0.002866894
1.000000000 -0.000140509 -0.000167878 0.003941093 0.000140521 1.000000000 0.000072321 -0.001398960 0.000167868 -0.000072345 1.000000000 -0.003076547
1.000000000 0.000023919 0.000012414 -0.000690759 -0.000023918 1.000000000 -0.000057141 -0.000268987 -0.000012415 0.000057141 1.000000000 -0.002260251
1.000000000 -0.000043758 -0.000099065 0.003160280 0.000043771 1.000000000 0.000131388 -0.002371244 0.000099059 -0.000131392 1.000000000 -0.005589902
1.000000000 -0.000076789 -0.000056268 -0.001057127 0.000076793 1.000000000 0.000067273 0.000071801 0.000056262 -0.000067278 1.000000000 0.002832650
1.000000000 -0.000011439 -0.000084976 0.002390383 0.000011443 1.000000000 0.000046596 -0.003101633 0.000084976 -0.000046597 1.000000000 -0.007379051
1.000000000 -0.000078428 -0.000050281 0.001804406 0.000078433 1.000000000 0.000105770 -0.000817255 0.000050273 -0.000105774 1.000000000 -0.006036155
1.000000000 -0.000047402 0.000013123 0.000249531 0.000047402 1.000000000 0.000056418 -0.001078459 -0.000013126 -0.000056418 1.000000000 -0.002697362
0.999999940 -0.000235567 -0.000134619 0.001401004 0.000235581 0.999999940 0.000101062 -0.003086225 0.000134595 -0.000101093 1.000000000 -0.008518131
1.000000000 -0.000038770 0.000049565 0.000030679 0.000038766 1.000000000 0.000073874 -0.001738511 -0.000049568 -0.000073872 1.000000000 -0.004115767
1.000000000 -0.000109857 -0.000017646 0.001679436 0.000109859 1.000000000 0.000140556 -0.002707946 0.000017631 -0.000140558 1.000000000 -0.006777281
1.000000000 -0.000165259 -0.000080742 0.001710399 0.000165270 1.000000000 0.000132626 -0.001983881 0.000080720 -0.000132639 1.000000000 -0.006387247
1.000000000 -0.000131168 -0.000093849 0.000951130 0.000131179 1.000000000 0.000116874 -0.001578906 0.000093834 -0.000116886 1.000000000 -0.006016681
0.999999940 -0.000254079 -0.000060631 0.001244910 0.000254084 0.999999940 0.000083128 -0.001878398 0.000060610 -0.000083144 1.000000000 -0.007088356
1.000000000 -0.000074822 -0.000088734 0.002906642 0.000074837 1.000000000 0.000171409 -0.003072188 0.000088721 -0.000171416 1.000000000 -0.009947329
0.999999940 -0.000372087 -0.000109837 0.003621194 0.000372109 0.999999881 0.000203073 -0.004444818 0.000109761 -0.000203114 1.000000000 -0.009995435
1.000000000 -0.000114777 -0.000040139 0.001583044 0.000114781 1.000000000 0.000095258 -0.003413685 0.000040128 -0.000095262 1.000000000 -0.006154819
1.000000000 -0.000081822 -0.000055149 0.003247883 0.000081837 0.999999940 0.000282739 -0.005907696 0.000055125 -0.000282744 0.999999940 -0.008834618
1.000000000 0.000000397 0.000023175 0.000006647 -0.000000401 1.000000000 0.000135650 -0.001444975 -0.000023175 -0.000135650 1.000000000 -0.005381528
0.999999940 -0.000230669 -0.000193827 0.005698492 0.000230727 0.999999940 0.000296046 -0.004063942 0.000193759 -0.000296091 0.999999940 -0.013534763
0.999999940 -0.000374081 -0.000107080 0.001096496 0.000374113 0.999999881 0.000300003 -0.003789964 0.000106967 -0.000300043 0.999999940 -0.006750492
0.999999940 -0.000260375 -0.000199541 0.005670271 0.000260424 0.999999940 0.000245204 -0.003698749 0.000199477 -0.000245256 0.999999940 -0.011648078
1.000000000 -0.000201438 -0.000106954 0.002729418 0.000201468 0.999999940 0.000281685 -0.003763939 0.000106897 -0.000281706 0.999999940 -0.011141370
1.000000000 -0.000086869 -0.000115267 0.001850959 0.000086895 1.000000000 0.000222161 -0.005109050 0.000115247 -0.000222171 0.999999940 -0.011397516
0.999999940 -0.000222529 -0.000105064 0.002706875 0.000222555 0.999999940 0.000244811 -0.004078005 0.000105010 -0.000244835 0.999999940 -0.006427804
1.000000000 -0.000178689 -0.000077192 -0.000645296 0.000178699 1.000000000 0.000129404 0.000650099 0.000077169 -0.000129418 1.000000000 -0.006041151
1.000000000 -0.000033191 -0.000016260 -0.001132005 0.000033194 1.000000000 0.000194921 -0.001128170 0.000016253 -0.000194921 1.000000000 -0.002974785
1.000000000 -0.000119266 -0.000074239 -0.000807112 0.000119282 0.999999940 0.000215100 -0.001507299 0.000074213 -0.000215109 1.000000000 -0.001798753
0.999999940 -0.000304761 -0.000196902 -0.001282562 0.000304809 0.999999940 0.000241670 -0.003025364 0.000196829 -0.000241730 0.999999940 -0.009891410
0.999999940 -0.000362518 -0.000170012 0.002834100 0.000362561 0.999999881 0.000255695 -0.004025128 0.000169920 -0.000255757 0.999999940 -0.008540960
1.000000000 -0.000145289 -0.000158172 0.000813278 0.000145311 1.000000000 0.000135826 -0.001627059 0.000158152 -0.000135849 1.000000000 -0.003547555
0.999999940 -0.000226328 -0.000134272 0.001199659 0.000226347 0.999999940 0.000136723 -0.002624933 0.000134241 -0.000136754 1.000000000 -0.003083327
0.999999940 -0.000247668 -0.000071501 -0.000617656 0.000247666 0.999999940 -0.000022242 -0.000408431 0.000071506 0.000022225 1.000000000 -0.006178488
0.999999940 -0.000258397 -0.000111862 0.002627869 0.000258417 0.999999940 0.000171820 -0.001969174 0.000111817 -0.000171849 1.000000000 -0.008390858
0.999999940 -0.000244364 -0.000187141 0.001584764 0.000244395 0.999999940 0.000166652 -0.001351703 0.000187100 -0.000166698 0.999999940 -0.007547422
0.999999940 -0.000234360 -0.000128347 0.000446590 0.000234398 0.999999940 0.000290576 -0.002691719 0.000128279 -0.000290606 0.999999940 -0.009564591
0.999999940 -0.000286433 -0.000171015 0.002978870 0.000286475 0.999999940 0.000247907 -0.005301963 0.000170944 -0.000247956 0.999999940 -0.008293219
0.999999940 -0.000196934 -0.000172085 0.008012183 0.000196870 0.999999940 -0.000372360 -0.009384250 0.000172158 0.000372326 0.999999940 0.043504979
0.999999940 -0.000229622 -0.000203203 0.006548244 0.000229411 0.999999404 -0.001039166 -0.007534904 0.000203441 0.001039120 0.999999464 0.140012369
0.999999940 -0.000204958 -0.000145539 0.003574695 0.000204776 0.999999166 -0.001254534 -0.013630694 0.000145796 0.001254504 0.999999225 0.260909021
0.999999881 -0.000439337 -0.000005306 0.001988500 0.000439329 0.999999106 -0.001270566 -0.018934874 0.000005864 0.001270564 0.999999166 0.394498378
0.999999940 -0.000155757 -0.000250683 0.014590137 0.000155497 0.999999464 -0.001035169 -0.023414411 0.000250844 0.001035130 0.999999404 0.530057430
1.000000000 -0.000130028 -0.000114620 0.015811412 0.000129909 0.999999464 -0.001030637 -0.028578628 0.000114754 0.001030622 0.999999464 0.689883351
0.999999881 -0.000364164 0.000372232 0.010270369 0.000364476 0.999999583 -0.000839579 -0.031543508 -0.000371926 0.000839714 0.999999583 0.869156897
0.999999821 -0.000459384 -0.000319819 0.027652562 0.000459238 0.999999762 -0.000456113 -0.039401691 0.000320028 0.000455966 0.999999821 1.026259899
1.000000000 -0.000137928 0.000200489 0.024357066 0.000138052 0.999999821 -0.000619015 -0.040374432 -0.000200404 0.000619043 0.999999762 1.203329802
0.999999881 -0.000435058 -0.000068222 0.043376796 0.000435045 0.999999881 -0.000195497 -0.055816203 0.000068308 0.000195468 1.000000000 1.412158370
1.000000000 0.000001200 0.000139505 0.039431762 -0.000001153 0.999999940 -0.000334956 -0.061918732 -0.000139506 0.000334956 0.999999940 1.605287433
0.999998093 0.000657024 0.001846392 -0.022851665 -0.000659369 0.999998987 0.001269588 -0.089382969 -0.001845556 -0.001270803 0.999997497 1.748987198
0.999998689 0.000185292 0.001637136 -0.010537069 -0.000187937 0.999998748 0.001615375 -0.097643293 -0.001636834 -0.001615681 0.999997377 1.951305270
0.999997139 0.001009281 0.002165038 -0.017707884 -0.001011500 0.999998987 0.001024113 -0.104401678 -0.002164002 -0.001026300 0.999997079 2.167173624
0.999997318 0.000978530 0.002117779 -0.008382684 -0.000981402 0.999998629 0.001355589 -0.110149167 -0.002116450 -0.001357664 0.999996781 2.381895304
0.999997258 0.001175535 0.001992991 0.000910776 -0.001178083 0.999998510 0.001277583 -0.111940600 -0.001991486 -0.001279927 0.999997199 2.627243280
0.999995589 0.001471919 0.002578306 0.000243032 -0.001475846 0.999997735 0.001521841 -0.121494152 -0.002576060 -0.001525640 0.999995470 2.862707138
0.999997139 0.000508019 0.002312277 0.007583076 -0.000511631 0.999998629 0.001561880 -0.136519775 -0.002311480 -0.001563059 0.999996066 3.077322245
0.999996543 0.000795793 0.002486931 0.011431758 -0.000799238 0.999998748 0.001384543 -0.142660826 -0.002485826 -0.001386526 0.999995947 3.324643850
0.999996483 0.000816295 0.002515530 0.015179051 -0.000820063 0.999998510 0.001497237 -0.148383737 -0.002514304 -0.001499295 0.999995768 3.583261251
0.999996185 0.000942117 0.002600611 0.016535753 -0.000947313 0.999997556 0.001997385 -0.165044025 -0.002598724 -0.001999841 0.999994576 3.789730787
0.999996603 0.000399934 0.002609049 0.025824890 -0.000405478 0.999997675 0.002124854 -0.172497049 -0.002608193 -0.002125904 0.999994338 4.062748432
0.999995708 0.000990089 0.002729536 0.030184973 -0.000996187 0.999997020 0.002233817 -0.176726013 -0.002727316 -0.002236527 0.999993801 4.307091713
0.999996185 0.001108515 0.002540514 0.040744513 -0.001113913 0.999997079 0.002124649 -0.182034388 -0.002538152 -0.002127471 0.999994516 4.571858883
0.999994636 0.001050174 0.003092236 0.043259628 -0.001057125 0.999996901 0.002246847 -0.190178692 -0.003089867 -0.002250104 0.999992728 4.839384079
0.999994934 0.001194247 0.002942918 0.062591724 -0.001200994 0.999996722 0.002291675 -0.196967334 -0.002940171 -0.002295198 0.999993026 5.108563900
0.999994397 0.001367580 0.003047577 0.044319626 -0.001375562 0.999995649 0.002618457 -0.215483561 -0.003043982 -0.002622634 0.999991953 5.317940712
0.999993742 0.001114658 0.003336013 0.045494907 -0.001123358 0.999995947 0.002607120 -0.222420245 -0.003333093 -0.002610851 0.999991119 5.582572937
0.999994576 0.000977532 0.003151686 0.050606173 -0.000985877 0.999996066 0.002647396 -0.228731900 -0.003149086 -0.002650489 0.999991536 5.850161552
0.999992609 0.001766729 0.003423521 0.055939462 -0.001774569 0.999995828 0.002288280 -0.236229911 -0.003419464 -0.002294338 0.999991536 6.132204533
0.999993861 0.001237332 0.003274947 0.063613802 -0.001244965 0.999996483 0.002329556 -0.248426542 -0.003272053 -0.002333619 0.999991953 6.425038815
0.999993920 0.001038519 0.003337046 0.067199506 -0.001045532 0.999997258 0.002100523 -0.253853798 -0.003334855 -0.002103999 0.999992311 6.719868660
0.999993503 0.000959894 0.003471524 0.072441094 -0.000967474 0.999997139 0.002182425 -0.261683762 -0.003469420 -0.002185769 0.999991655 7.024906635
0.999994338 0.000951720 0.003216175 0.086769745 -0.000959500 0.999996603 0.002418353 -0.270614088 -0.003213863 -0.002421425 0.999991953 7.317272186
0.999994457 0.000836951 0.003217128 0.093467049 -0.000845136 0.999996364 0.002543465 -0.290630996 -0.003214987 -0.002546170 0.999991596 7.614921093
0.999993742 0.001536845 0.003162657 0.108896717 -0.001547324 0.999993324 0.003313597 -0.309716195 -0.003157543 -0.003318470 0.999989510 7.922335148
0.999993324 0.000946087 0.003519460 0.100543424 -0.000955407 0.999996006 0.002647351 -0.306774676 -0.003516941 -0.002650696 0.999990284 8.245203018
0.999993026 0.001400871 0.003458665 0.119171962 -0.001410899 0.999994814 0.002898658 -0.324248552 -0.003454586 -0.002903518 0.999989808 8.563040733
0.999994993 0.000801794 0.003060051 0.128252149 -0.000811685 0.999994457 0.003232339 -0.333187431 -0.003057442 -0.003234806 0.999990106 8.896410942
0.999994099 0.000403680 0.003426233 0.138594925 -0.000415262 0.999994218 0.003380276 -0.345132321 -0.003424849 -0.003381679 0.999988377 9.230031013
0.999995291 0.000317734 0.003046819 0.151807100 -0.000327635 0.999994695 0.003249473 -0.351913393 -0.003045769 -0.003250455 0.999990106 9.570270538
0.999993503 0.001103030 0.003441898 0.144195110 -0.001114301 0.999994040 0.003274262 -0.355929524 -0.003438266 -0.003278076 0.999988735 9.929464340
0.999993622 0.000800573 0.003477016 0.163789868 -0.000810630 0.999995410 0.002892029 -0.377378017 -0.003474685 -0.002894829 0.999989688 10.254104614
0.999992490 0.001409056 0.003621557 0.171978325 -0.001419929 0.999994516 0.003001299 -0.384703398 -0.003617309 -0.003006418 0.999988854 10.619876862
0.999992967 0.000884490 0.003630606 0.180281252 -0.000895412 0.999995053 0.003007854 -0.394644916 -0.003627928 -0.003011083 0.999988854 10.997954369
0.999991000 0.001269871 0.004059587 0.187321112 -0.001284460 0.999992728 0.003593154 -0.406445503 -0.004054994 -0.003598335 0.999985278 11.376455307
0.999994397 0.001005129 0.003184711 0.212288201 -0.001014381 0.999995291 0.002904871 -0.427255094 -0.003181776 -0.002908085 0.999990702 11.732864380
0.999992609 0.001482995 0.003545319 0.216491431 -0.001491612 0.999995947 0.002428974 -0.433336288 -0.003541703 -0.002434244 0.999990761 12.121808052
0.999992192 0.001299666 0.003734477 0.227905512 -0.001310063 0.999995351 0.002782940 -0.449685961 -0.003730842 -0.002787811 0.999989212 12.506545067
0.999993145 0.001321086 0.003449958 0.251553953 -0.001330728 0.999995291 0.002794152 -0.450039804 -0.003446250 -0.002798724 0.999990106 12.900788307
0.999995112 0.000904942 0.002982149 0.269753635 -0.000913418 0.999995589 0.002842288 -0.468112200 -0.002979564 -0.002844998 0.999991536 13.276559830
0.999994338 0.000893838 0.003247734 0.279741883 -0.000905538 0.999993086 0.003602911 -0.486357838 -0.003244491 -0.003605832 0.999988258 13.657992363
0.999994397 0.000718807 0.003266849 0.291563064 -0.000731984 0.999991596 0.004034289 -0.497225583 -0.003263921 -0.004036658 0.999986529 14.078061104
0.999995053 -0.000737270 0.003066254 0.306134433 0.000724741 0.999991417 0.004085223 -0.514867961 -0.003069240 -0.004082981 0.999987006 14.501996040
0.999994278 -0.000459312 0.003340723 0.307789713 0.000445235 0.999991059 0.004213481 -0.521107078 -0.003342628 -0.004211970 0.999985516 14.900115013
0.999990225 0.000515747 0.004384885 0.307422012 -0.000534741 0.999990582 0.004331778 -0.562916875 -0.004382609 -0.004334081 0.999980927 15.316819191
0.999987602 0.001270767 0.004804088 0.320752919 -0.001289593 0.999991477 0.003917750 -0.568512499 -0.004799069 -0.003923897 0.999980748 15.759313583
0.999984801 0.001639606 0.005256033 0.325336337 -0.001661439 0.999989986 0.004152242 -0.581065476 -0.005249172 -0.004160911 0.999977589 16.191230774
0.999985635 0.000745979 0.005315414 0.338637769 -0.000766341 0.999992430 0.003829780 -0.587395728 -0.005312517 -0.003833798 0.999978542 16.642957687
0.999985754 0.000844548 0.005266489 0.369561940 -0.000868814 0.999988973 0.004606914 -0.624144912 -0.005262540 -0.004611424 0.999975443 17.058715820
0.999985278 0.001539596 0.005197046 0.381818235 -0.001564173 0.999987662 0.004728258 -0.637346983 -0.005189703 -0.004736318 0.999975264 17.511243820
0.999983668 0.001111557 0.005601891 0.395345598 -0.001141693 0.999984920 0.005379342 -0.661194503 -0.005595827 -0.005385650 0.999969840 17.983119965
0.999981403 0.000225654 0.006104012 0.407189310 -0.000256140 0.999987483 0.004994164 -0.657510102 -0.006102809 -0.004995634 0.999968827 18.468000412
0.999978602 0.000728445 0.006502087 0.416635275 -0.000764918 0.999983966 0.005608800 -0.685628653 -0.006497897 -0.005613653 0.999963105 18.912614822
0.999979436 0.000891845 0.006340662 0.431253314 -0.000921454 0.999988616 0.004668338 -0.692349732 -0.006336426 -0.004674084 0.999968946 19.397615433
0.999980628 0.000617750 0.006181078 0.443519145 -0.000646754 0.999988794 0.004691516 -0.701485574 -0.006178110 -0.004695423 0.999969840 19.888454437
0.999979496 0.000458261 0.006389412 0.460819900 -0.000491097 0.999986708 0.005138494 -0.720642030 -0.006386972 -0.005141526 0.999966323 20.375476837
0.999983907 0.000685353 0.005634075 0.491070032 -0.000714639 0.999986231 0.005197540 -0.732634068 -0.005630436 -0.005201482 0.999970615 20.821338654
0.999985039 0.000365763 0.005468052 0.503023863 -0.000393599 0.999987006 0.005090327 -0.740366101 -0.005466118 -0.005092402 0.999972045 21.344682693
0.999983490 0.001487103 0.005554559 0.504693449 -0.001518070 0.999983251 0.005575087 -0.760577142 -0.005546175 -0.005583427 0.999969065 21.851840973
0.999984741 0.001708317 0.005241946 0.519388139 -0.001737000 0.999983490 0.005472105 -0.762233913 -0.005232511 -0.005481126 0.999971271 22.337617874
0.999988377 0.001059106 0.004697572 0.519252241 -0.001086825 0.999981940 0.005902192 -0.794318438 -0.004691236 -0.005907229 0.999971569 22.824903488
0.999990642 0.001446565 0.004057196 0.528039694 -0.001468188 0.999984741 0.005331539 -0.807067573 -0.004049422 -0.005337446 0.999977589 23.358453751
0.999994814 -0.000909474 0.003063388 0.547489166 0.000892180 0.999983668 0.005641938 -0.824448824 -0.003068469 -0.005639175 0.999979377 23.863943100
0.999996245 0.000331915 0.002730483 0.551924646 -0.000348255 0.999981999 0.005985819 -0.835683823 -0.002728448 -0.005986748 0.999978364 24.386562347
0.999997914 0.000668866 0.001913254 0.570557535 -0.000679692 0.999983668 0.005663632 -0.843719065 -0.001909435 -0.005664920 0.999982119 24.919904709
0.999998033 0.000914421 0.001776327 0.568659544 -0.000924827 0.999982357 0.005866071 -0.854086757 -0.001770932 -0.005867701 0.999981225 25.447469711
0.999998391 0.000807525 0.001577329 0.579563737 -0.000816665 0.999982774 0.005802954 -0.867923498 -0.001572616 -0.005804232 0.999981940 25.987089157
0.999997795 0.001263335 0.001652894 0.593412459 -0.001274181 0.999977589 0.006577138 -0.875976443 -0.001644547 -0.006579229 0.999977052 26.544626236
0.999999702 0.000497733 0.000567222 0.608390331 -0.000501522 0.999977350 0.006699596 -0.900903821 -0.000563874 -0.006699880 0.999977350 27.070648193
0.999999821 0.000615096 0.000301537 0.625654817 -0.000617115 0.999977052 0.006741138 -0.919364333 -0.000297383 -0.006741323 0.999977231 27.614980698
0.999999702 0.000794883 -0.000049649 0.628553033 -0.000794536 0.999977708 0.006635241 -0.919989526 0.000054922 -0.006635201 0.999978006 28.165349960
0.999999285 0.001144822 -0.000114211 0.637262225 -0.001143995 0.999974847 0.007000151 -0.942941666 0.000122222 -0.007000015 0.999975443 28.707485199
0.999999106 0.001211028 -0.000579410 0.649681687 -0.001207135 0.999976993 0.006674075 -0.952155530 0.000587479 -0.006673369 0.999977529 29.263660431
0.999998450 0.001434573 -0.000936496 0.660093427 -0.001427705 0.999972403 0.007292959 -0.975232422 0.000946932 -0.007291611 0.999972939 29.784486771
0.999997854 0.001687743 -0.001162168 0.672767460 -0.001679287 0.999972403 0.007238687 -0.987442851 0.001174353 -0.007236720 0.999973118 30.331390381
0.999996960 0.002152998 -0.001207655 0.680216849 -0.002144540 0.999973416 0.006961431 -1.005986452 0.001222611 -0.006958820 0.999975026 30.861192703
0.999995887 0.002458344 -0.001452440 0.694459617 -0.002447999 0.999971926 0.007082140 -1.022846103 0.001469810 -0.007078557 0.999973834 31.403444290
0.999995530 0.002336554 -0.001841026 0.724461496 -0.002324466 0.999975860 0.006540539 -1.032803535 0.001856263 -0.006536231 0.999976873 31.961484909
0.999997199 0.001415073 -0.001857346 0.708293855 -0.001401485 0.999972403 0.007296443 -1.045210361 0.001867619 -0.007293821 0.999971569 32.501594543
0.999997079 0.002072547 -0.001229868 0.701984704 -0.002063674 0.999972165 0.007172000 -1.055880547 0.001244698 -0.007169442 0.999973476 33.058609009
0.999996781 0.001377346 -0.002120167 0.718261838 -0.001361559 0.999971509 0.007429739 -1.076638818 0.002130341 -0.007426829 0.999970078 33.586051941
0.999993920 0.002500564 -0.002409514 0.756372452 -0.002484093 0.999973595 0.006814446 -1.067112684 0.002426491 -0.006808421 0.999973834 34.151466370
0.999995470 0.001010154 -0.002832805 0.764560938 -0.000987688 0.999968112 0.007921172 -1.119429827 0.002840716 -0.007918338 0.999964595 34.661468506
0.999994755 0.000493771 -0.003209083 0.778231084 -0.000467611 0.999966681 0.008147581 -1.127590895 0.003213000 -0.008146036 0.999961674 35.205871582
0.999993145 -0.000301979 -0.003693061 0.786729813 0.000333875 0.999962687 0.008639104 -1.150480986 0.003690314 -0.008640277 0.999955893 35.741268158
0.999993801 0.001635691 -0.003106421 0.803267717 -0.001612434 0.999970794 0.007474549 -1.155666351 0.003118557 -0.007469496 0.999967158 36.342815399
0.999992609 0.001696929 -0.003447879 0.806009769 -0.001670701 0.999969721 0.007595452 -1.187600493 0.003460663 -0.007589634 0.999965191 36.909385681
0.999994218 0.000771725 -0.003311950 0.810089350 -0.000744177 0.999965191 0.008310865 -1.184081674 0.003318248 -0.008308352 0.999960005 37.376232147
0.999992788 0.001533282 -0.003472035 0.822259545 -0.001503991 0.999963284 0.008423286 -1.196432590 0.003484823 -0.008418003 0.999958515 37.924762726
0.999991834 0.000928027 -0.003949598 0.834496200 -0.000895369 0.999965489 0.008262491 -1.200206637 0.003957130 -0.008258887 0.999958098 38.484516144
0.999990761 0.001603589 -0.003982564 0.858747959 -0.001572788 0.999968946 0.007725229 -1.202951074 0.003994829 -0.007718893 0.999962270 39.058193207
0.999989688 0.001294777 -0.004336555 0.892849803 -0.001258076 0.999963403 0.008455351 -1.240537286 0.004347344 -0.008449807 0.999954939 39.589191437
0.999988556 0.002083328 -0.004303628 0.893070281 -0.002051770 0.999971092 0.007324483 -1.216259837 0.004318764 -0.007315569 0.999963939 40.142520905
0.999988079 0.001794068 -0.004543864 0.893293142 -0.001761633 0.999973059 0.007132354 -1.234539509 0.004556538 -0.007124263 0.999964297 40.730026245
0.999991953 0.001077826 -0.003862690 0.878082514 -0.001042604 0.999957979 0.009108975 -1.299183726 0.003872345 -0.009104874 0.999951065 41.192253113
0.999991238 0.001037851 -0.004061909 0.890816808 -0.000999201 0.999954343 0.009505625 -1.314373493 0.004071590 -0.009501482 0.999946594 41.728431702
0.999990821 0.000935103 -0.004180054 0.897781730 -0.000895681 0.999955177 0.009422970 -1.327608705 0.004188679 -0.009419142 0.999946892 42.278564453
0.999989927 0.000804349 -0.004419659 0.909972310 -0.000760267 0.999950051 0.009966775 -1.344713449 0.004427456 -0.009963316 0.999940574 42.820751190
0.999991059 0.000749899 -0.004142542 0.908485293 -0.000710197 0.999953866 0.009577232 -1.353348613 0.004149533 -0.009574206 0.999945581 43.365528107
0.999991298 0.000486194 -0.004169537 0.918554425 -0.000445558 0.999952555 0.009741261 -1.364922762 0.004174076 -0.009739320 0.999943793 43.905250549
0.999990940 0.000563046 -0.004213688 0.934106708 -0.000523772 0.999956608 0.009315807 -1.367352247 0.004218750 -0.009313517 0.999947727 44.467037201
0.999990821 0.000444419 -0.004258377 0.948249519 -0.000405410 0.999958038 0.009156894 -1.380020022 0.004262267 -0.009155083 0.999949038 45.020656586
0.999991417 0.000700802 -0.004080932 0.951575518 -0.000661944 0.999954522 0.009515620 -1.391538978 0.004087415 -0.009512835 0.999946415 45.562911987
0.999985099 -0.000239764 -0.005458001 0.975599051 0.000289694 0.999958038 0.009149036 -1.402927160 0.005455580 -0.009150480 0.999943256 46.104644775
0.999989986 0.001113226 -0.004329650 0.970761657 -0.001072105 0.999954402 0.009488475 -1.420890689 0.004340016 -0.009483738 0.999945581 46.689907074
0.999990940 0.000401900 -0.004241122 0.974405944 -0.000360927 0.999953330 0.009657147 -1.427039862 0.004244804 -0.009655531 0.999944389 47.203731537
0.999989688 0.000734030 -0.004476188 0.987379134 -0.000690048 0.999951601 0.009819323 -1.437618732 0.004483180 -0.009816133 0.999941766 47.755508423
0.999992907 0.000929141 -0.003647520 0.993373573 -0.000894200 0.999953866 0.009569348 -1.453058004 0.003656243 -0.009566018 0.999947488 48.285900116
0.999992073 0.000430332 -0.003958143 0.998055458 -0.000391243 0.999951184 0.009871131 -1.464581966 0.003962197 -0.009869506 0.999943376 48.810905457
0.999991417 0.000973288 -0.004012384 1.009503603 -0.000933321 0.999950051 0.009950696 -1.475577235 0.004021868 -0.009946868 0.999942422 49.359382629
0.999989867 0.000490985 -0.004487647 1.028393984 -0.000445503 0.999948561 0.010130275 -1.482905746 0.004492390 -0.010128174 0.999938607 49.914482117
0.999992490 0.001601252 -0.003530576 1.024823189 -0.001564919 0.999946058 0.010270135 -1.497622490 0.003546831 -0.010264534 0.999941051 50.459587097
0.999991894 0.001777934 -0.003610992 1.033425927 -0.001740167 0.999944031 0.010435210 -1.507582903 0.003629343 -0.010428839 0.999939024 51.002109528
0.999991477 0.001346281 -0.003909073 1.045172811 -0.001305713 0.999945462 0.010361991 -1.516463995 0.003922810 -0.010356798 0.999938726 51.534538269
0.999991596 0.001235968 -0.003911411 1.054163218 -0.001195327 0.999945402 0.010375443 -1.532135129 0.003924023 -0.010370680 0.999938488 52.090084076
0.999992311 0.001230790 -0.003696434 1.066826582 -0.001192991 0.999947131 0.010210754 -1.538672090 0.003708806 -0.010206269 0.999941051 52.631862640
0.999991238 0.001424908 -0.003928093 1.078386903 -0.001385289 0.999948323 0.010070597 -1.543480992 0.003942240 -0.010065067 0.999941647 53.212970734
0.999992907 0.001705963 -0.003358455 1.071030140 -0.001669723 0.999940693 0.010764131 -1.574849129 0.003376618 -0.010758447 0.999936402 53.721202850
0.999992132 0.001416833 -0.003702269 1.077341914 -0.001376565 0.999940097 0.010856496 -1.586105824 0.003717429 -0.010851316 0.999934196 54.267337799
0.999992609 0.001510662 -0.003536359 1.089575171 -0.001475859 0.999950647 0.009823624 -1.584740877 0.003551024 -0.009818332 0.999945521 54.784088135
0.999992728 0.001659088 -0.003429209 1.094233274 -0.001623267 0.999944389 0.010422500 -1.599990845 0.003446309 -0.010416858 0.999939740 55.370819092
0.999992669 0.001351616 -0.003575889 1.108635068 -0.001311787 0.999937356 0.011117270 -1.628713369 0.003590690 -0.011112497 0.999931753 55.865428925
0.999993861 0.001471690 -0.003169924 1.109518528 -0.001437928 0.999942482 0.010626867 -1.648849010 0.003185381 -0.010622244 0.999938488 56.391765594
0.999992311 0.001095354 -0.003755811 1.133037925 -0.001055602 0.999943614 0.010569818 -1.648727655 0.003767177 -0.010565771 0.999937057 56.959129333
0.999991834 0.000839731 -0.003940051 1.153144002 -0.000795196 0.999936044 0.011291227 -1.670482874 0.003949280 -0.011288002 0.999928415 57.496845245
0.999992013 0.000948686 -0.003880162 1.159950495 -0.000904218 0.999934137 0.011446095 -1.683216691 0.003890766 -0.011442494 0.999926925 58.032672882
0.999993443 0.001466133 -0.003289101 1.175502300 -0.001428923 0.999935269 0.011287091 -1.683237314 0.003305435 -0.011282319 0.999930859 58.568672180
0.999993205 0.001326067 -0.003417859 1.189892411 -0.001288716 0.999939680 0.010907210 -1.692021608 0.003432117 -0.010902734 0.999934673 59.120395660
0.999993265 0.001258423 -0.003427134 1.199351072 -0.001220478 0.999938190 0.011051579 -1.705721736 0.003440830 -0.011047322 0.999933064 59.671672821
0.999993980 0.001131671 -0.003267592 1.205399513 -0.001095413 0.999938011 0.011076529 -1.707015514 0.003279924 -0.011072884 0.999933302 60.192569733
0.999993443 0.000914728 -0.003505395 1.223366737 -0.000877834 0.999944389 0.010511976 -1.716977119 0.003514817 -0.010508829 0.999938607 60.748760223
0.999991238 0.001136009 -0.004037241 1.271908998 -0.001090255 0.999935389 0.011317234 -1.750689030 0.004049836 -0.011312735 0.999927759 61.204605103
0.999993384 0.001072664 -0.003479638 1.262208700 -0.001034095 0.999938250 0.011066999 -1.736535430 0.003491294 -0.011063328 0.999932706 61.794719696
0.999993324 0.001294215 -0.003421816 1.272835493 -0.001258166 0.999943912 0.010516480 -1.737165451 0.003435235 -0.010512103 0.999938905 62.346065521
0.999992549 0.001414368 -0.003613315 1.304450989 -0.001374213 0.999937534 0.011091511 -1.748106599 0.003628776 -0.011086460 0.999931991 62.870285034
0.999993265 0.001521183 -0.003336763 1.293259740 -0.001483992 0.999937057 0.011120103 -1.773762703 0.003353469 -0.011115080 0.999932528 63.425296783
0.999991477 0.001513488 -0.003843569 1.304135203 -0.001470464 0.999936461 0.011172081 -1.780303121 0.003860235 -0.011166334 0.999930143 63.976287842
0.999992907 0.001940118 -0.003202102 1.293856382 -0.001903054 0.999931633 0.011537642 -1.801119566 0.003224267 -0.011531469 0.999928296 64.514213562
0.999994338 0.001088041 -0.003174162 1.325955391 -0.001050488 0.999929726 0.011808572 -1.803571701 0.003186788 -0.011805173 0.999925256 65.003829956
0.999995232 0.001170336 -0.002851653 1.342798591 -0.001137080 0.999931633 0.011635584 -1.806717515 0.002865075 -0.011632287 0.999928176 65.548202515
0.999995887 0.000261870 -0.002846776 1.349712610 -0.000226571 0.999923110 0.012393007 -1.827966690 0.002849802 -0.012392309 0.999919176 66.075744629
0.999995470 0.000581707 -0.002989970 1.378574371 -0.000545600 0.999927104 0.012062703 -1.822015047 0.002996770 -0.012061016 0.999922752 66.609100342
0.999992132 0.002533109 -0.003090519 1.397081614 -0.002497679 0.999931633 0.011414566 -1.830641747 0.003119222 -0.011406754 0.999929965 67.159011841
0.999992728 0.002129718 -0.003184471 1.408018947 -0.002092596 0.999930322 0.011615363 -1.844328880 0.003208986 -0.011608615 0.999927402 67.702835083
0.999991953 0.001672726 -0.003648855 1.424880981 -0.001631401 0.999934733 0.011299099 -1.852248192 0.003667518 -0.011293055 0.999929368 68.247436523
0.999996960 0.000877908 -0.002294283 1.436829567 -0.000850435 0.999928236 0.011948354 -1.852036834 0.002304608 -0.011946366 0.999925911 68.693389893
0.999996066 0.000155167 -0.002793610 1.460887909 -0.000122010 0.999929607 0.011864924 -1.864643812 0.002795254 -0.011864539 0.999925733 69.210372925
0.999996543 -0.000185239 -0.002603875 1.469449162 0.000215921 0.999930501 0.011787636 -1.870013237 0.002601511 -0.011788161 0.999927104 69.781242371
0.999995828 0.000032586 -0.002859383 1.481105447 -0.000000167 0.999935746 0.011336901 -1.873315811 0.002859570 -0.011336855 0.999931693 70.317230225
0.999997199 0.000987947 -0.002133059 1.492634058 -0.000962732 0.999930024 0.011789933 -1.895609021 0.002144557 -0.011787846 0.999928176 70.856979370
0.999997556 0.001729974 -0.001407455 1.515701890 -0.001712329 0.999921083 0.012442637 -1.918494701 0.001428869 -0.012440196 0.999921560 71.377487183
0.999995291 -0.000063139 -0.003068415 1.548217773 0.000100492 0.999925971 0.012174687 -1.931964993 0.003067419 -0.012174938 0.999921143 71.926994324
0.999997437 0.001115979 -0.001950976 1.521745443 -0.001093284 0.999932170 0.011595399 -1.926309586 0.001963784 -0.011593237 0.999930859 72.426071167
0.999997616 0.001076236 -0.001927659 1.529526472 -0.001053795 0.999932110 0.011604768 -1.930621624 0.001940017 -0.011602710 0.999930799 72.988044739
0.999997497 0.001404227 -0.001708597 1.540849447 -0.001383912 0.999929011 0.011833553 -1.947750211 0.001725092 -0.011831160 0.999928534 73.501495361
0.999998271 0.001101561 -0.001458335 1.548957825 -0.001083572 0.999923944 0.012279541 -1.964390159 0.001471752 -0.012277941 0.999923527 74.054931641
0.999997795 0.001545035 -0.001403626 1.562558055 -0.001528427 0.999929845 0.011756897 -1.969415069 0.001421693 -0.011754728 0.999929905 74.542221069
0.999997139 0.000817393 -0.002238400 1.588390589 -0.000790975 0.999930382 0.011777914 -1.985456705 0.002247872 -0.011776111 0.999928117 75.082473755
0.999997318 0.000911766 -0.002068035 1.609555483 -0.000887415 0.999930561 0.011745643 -1.988773823 0.002078602 -0.011743779 0.999928892 75.655136108
0.999997854 0.001360586 -0.001525114 1.620683908 -0.001342311 0.999928057 0.011920757 -2.018191576 0.001541222 -0.011918685 0.999927700 76.070625305
0.999997854 0.001319158 -0.001581249 1.638602376 -0.001299904 0.999925792 0.012116507 -2.030028105 0.001597115 -0.012114428 0.999925256 76.610313416
0.999997556 0.001566097 -0.001507315 1.631147981 -0.001547963 0.999927282 0.011957323 -2.034771919 0.001525931 -0.011954961 0.999927282 77.168975830
0.999997735 0.001845518 -0.001042355 1.633850098 -0.001833351 0.999931514 0.011555539 -2.029157162 0.001063609 -0.011553601 0.999932706 77.621040344
0.999998033 0.001812883 -0.000813197 1.638339281 -0.001803101 0.999927878 0.011873331 -2.031951666 0.000834662 -0.011871841 0.999929130 78.175491333
0.999997377 0.001986800 -0.001136618 1.652952433 -0.001973492 0.999930799 0.011592583 -2.048388720 0.001159571 -0.011590309 0.999932170 78.665969849
0.999998450 0.001726552 -0.000392016 1.661759853 -0.001722059 0.999935985 0.011187404 -2.054540634 0.000411307 -0.011186711 0.999937356 79.218078613
0.999998152 0.001826007 0.000482649 1.677871704 -0.001831475 0.999931216 0.011582926 -2.064959288 -0.000461466 -0.011583790 0.999932766 79.732582092
0.999991953 0.003040599 0.002598691 1.678324819 -0.003070167 0.999929726 0.011451221 -2.079264402 -0.002563690 -0.011459107 0.999931037 80.291831970
0.999988019 0.002966081 0.003897402 1.692376614 -0.003012321 0.999924481 0.011912523 -2.107441425 -0.003861774 -0.011924121 0.999921441 80.760276794
0.999983609 0.002873542 0.004959571 1.699807882 -0.002934363 0.999920070 0.012299900 -2.113553286 -0.004923830 -0.012314253 0.999912024 81.320281982
0.999963224 0.002814574 0.008099222 1.709095240 -0.002911581 0.999923885 0.011990618 -2.134699821 -0.008064857 -0.012013759 0.999895334 81.847816467
0.999928892 0.003304765 0.011457362 1.739336491 -0.003444849 0.999919236 0.012228449 -2.117349863 -0.011416026 -0.012267048 0.999859512 82.355499268
0.999889553 0.003233029 0.014506324 1.770252347 -0.003398899 0.999928892 0.011424274 -2.124861956 -0.014468359 -0.011472317 0.999829471 82.928321838
0.999825060 0.003094905 0.018447045 1.793956399 -0.003303305 0.999930859 0.011277466 -2.112387896 -0.018410871 -0.011336429 0.999766111 83.441085815
0.999669135 0.003268233 0.025514385 1.797833085 -0.003556087 0.999930441 0.011244782 -2.131887436 -0.025475863 -0.011331793 0.999611199 83.934867859
0.999494314 0.003154826 0.031640835 1.823701620 -0.003509069 0.999931753 0.011146473 -2.137735605 -0.031603508 -0.011251866 0.999437153 84.495658875
0.999262512 0.003504752 0.038236767 1.856764317 -0.003937867 0.999928832 0.011257758 -2.153709412 -0.038194589 -0.011400026 0.999205351 84.999710083
0.998924375 0.003639183 0.046226963 1.901142120 -0.004152864 0.999930620 0.011020969 -2.153869152 -0.046183653 -0.011201087 0.998870134 85.589965820
0.998439968 0.005130546 0.055601463 1.937063932 -0.005779038 0.999917090 0.011508705 -2.196938753 -0.055537816 -0.011812073 0.998386741 86.049697876
0.998001039 0.005511642 0.062956072 1.988409519 -0.006245945 0.999914646 0.011472875 -2.202358246 -0.062887460 -0.011843163 0.997950435 86.582489014
0.997421324 0.005385891 0.071566135 2.049993515 -0.006211554 0.999916673 0.011319512 -2.223160744 -0.071499199 -0.011734859 0.997371554 87.096221924
0.996651709 0.004838087 0.081620395 2.119464874 -0.005748938 0.999923766 0.010928279 -2.233632565 -0.081561290 -0.011360917 0.996603608 87.662483215
0.995839357 0.005057943 0.090985522 2.163670063 -0.006144239 0.999913096 0.011663084 -2.254543543 -0.090918630 -0.012173596 0.995783865 88.168594360
0.995046854 0.004949721 0.099283695 2.240196705 -0.006112676 0.999916136 0.011412675 -2.266424656 -0.099218890 -0.011963037 0.994993687 88.685134888
0.994068265 0.002903322 0.108718902 2.336065769 -0.004160460 0.999927044 0.011338150 -2.279920340 -0.108678050 -0.011723217 0.994007885 89.225830078
0.992913663 0.002160589 0.118817873 2.433228493 -0.003508721 0.999931753 0.011138177 -2.291927338 -0.118785709 -0.011476147 0.992853582 89.754981995
0.991715550 0.002148709 0.128435761 2.520430565 -0.003623479 0.999930203 0.011249998 -2.303262711 -0.128402606 -0.011622181 0.991654038 90.300521851
0.990237594 0.001763770 0.139377996 2.598944664 -0.003398508 0.999928176 0.011491672 -2.350115061 -0.139347747 -0.011853165 0.990172505 90.734657288
0.988430560 0.001934658 0.151661664 2.702005386 -0.003665326 0.999931335 0.011132641 -2.356983900 -0.151629716 -0.011559733 0.988369823 91.280738831
0.986612260 0.001323131 0.163077831 2.810130119 -0.003155289 0.999934733 0.010976368 -2.376358509 -0.163052648 -0.011343976 0.986552119 91.836250305
0.984944582 0.001674355 0.172862858 2.923655510 -0.003690084 0.999928892 0.011340159 -2.386992931 -0.172831565 -0.011807307 0.984880626 92.370201111
0.982894003 -0.000957663 0.184169695 3.072318077 -0.001134811 0.999935985 0.011255926 -2.431173325 -0.184168711 -0.011272380 0.982829928 93.001045227
0.980454028 -0.000556116 0.196748003 3.196418762 -0.001718637 0.999933660 0.011390831 -2.443468094 -0.196741313 -0.011506325 0.980387866 93.526687622
0.978095710 -0.000021675 0.208156064 3.320908546 -0.002417880 0.999931335 0.011465396 -2.451724052 -0.208142042 -0.011717549 0.978028476 94.080772400
0.974974215 -0.006076844 0.222234890 3.438400269 0.003684163 0.999930620 0.011179429 -2.507803917 -0.222287461 -0.010080907 0.974929035 94.725440979
0.971864223 -0.007016083 0.235437512 3.592697144 0.004496942 0.999926746 0.011235054 -2.515813351 -0.235499084 -0.009860200 0.971824527 95.240592957
0.968968391 -0.006759171 0.247092158 3.749305725 0.004075265 0.999927044 0.011371764 -2.526362896 -0.247151002 -0.010011915 0.968925238 95.765342712
0.965705693 -0.005969211 0.259570599 3.889734268 0.003035638 0.999926925 0.011701023 -2.545898914 -0.259621471 -0.010511782 0.965653241 96.232215881
0.961760283 -0.005608596 0.273835152 4.062618256 0.002338126 0.999922037 0.012268120 -2.567055702 -0.273882598 -0.011158728 0.961698413 96.733634949
0.958032012 -0.006026243 0.286597878 4.234399796 0.002783788 0.999927461 0.011719723 -2.575800419 -0.286647707 -0.010430046 0.957979262 97.208267212
0.954862952 -0.007469468 0.296952546 4.436340332 0.004323609 0.999927402 0.011249172 -2.590474606 -0.297014952 -0.009457511 0.954825997 97.705764771
0.950230300 -0.005822427 0.311493635 4.627454758 0.002248527 0.999927461 0.011831339 -2.596959829 -0.311539948 -0.010542093 0.950174570 98.257751465
0.945643127 -0.007718739 0.325114429 4.810728073 0.003926424 0.999916375 0.012319042 -2.613038063 -0.325182289 -0.010372881 0.945594430 98.656600952
0.941840053 -0.008311271 0.335958660 5.027545929 0.004372009 0.999912500 0.012480141 -2.619966507 -0.336032957 -0.010285484 0.941794038 99.184898376
0.937050521 -0.007432335 0.349114597 5.227680206 0.003209380 0.999914587 0.012673062 -2.636013269 -0.349178940 -0.010754858 0.936994374 99.670219421
0.931949437 -0.008461275 0.362489581 5.459671021 0.003997114 0.999906659 0.013063486 -2.651060104 -0.362566262 -0.010725597 0.931896210 100.191680908
0.926857889 -0.008728775 0.375310838 5.644905090 0.004506352 0.999916255 0.012126746 -2.640320778 -0.375385284 -0.009548483 0.926819682 100.650878906
0.922105312 -0.009345611 0.386826247 5.879817963 0.005246564 0.999918282 0.011651140 -2.645947456 -0.386903554 -0.008714070 0.922078967 101.151725769
0.916182816 -0.009479767 0.400648475 6.104602814 0.004893965 0.999910235 0.012467664 -2.658939362 -0.400730789 -0.009461897 0.916146994 101.626510620
0.910573900 -0.010316774 0.413217455 6.361545563 0.005744193 0.999907672 0.012306618 -2.667809486 -0.413306355 -0.008832483 0.910549223 102.116333008
0.905589342 -0.010506839 0.424025536 6.613105774 0.005650843 0.999903262 0.012707912 -2.676895618 -0.424117982 -0.009112047 0.905561090 102.609077454
0.899867594 -0.010797965 0.436029732 6.880588531 0.005789828 0.999901116 0.012812935 -2.678418636 -0.436124980 -0.009005406 0.899841011 103.105094910
0.892855644 -0.010570111 0.450218976 7.088447571 0.005449073 0.999904811 0.012669102 -2.697211027 -0.450310051 -0.008858403 0.892828286 103.523376465
0.886934221 -0.011244155 0.461758912 7.368835449 0.005858034 0.999897063 0.013096241 -2.708153248 -0.461858630 -0.008910505 0.886908710 104.001289368
0.880545020 -0.011041108 0.473833889 7.610816956 0.005686410 0.999902725 0.012732089 -2.709446430 -0.473928392 -0.008516764 0.880522192 104.497306824
0.873010337 -0.010865643 0.487580657 7.891323090 0.005186095 0.999902010 0.012996954 -2.716006756 -0.487674206 -0.008817836 0.872981191 104.955001831
0.865785480 -0.011288129 0.500288248 8.200500488 0.005568243 0.999900997 0.012924768 -2.727024078 -0.500384629 -0.008404347 0.865762472 105.407485962
