1.000000000 0.000000000 0.000000000 0.000000000 0.000000000 1.000000000 0.000000000 0.000000000 0.000000000 0.000000000 1.000000000 0.000000000
1.000000000 -0.000019136 -0.000080429 0.000607935 0.000019132 1.000000000 -0.000049770 0.000568300 0.000080430 0.000049768 1.000000000 -0.000248652
1.000000000 -0.000048777 0.000052492 0.000276706 0.000048775 1.000000000 0.000026627 0.000389655 -0.000052493 -0.000026625 1.000000000 0.000431826
1.000000000 -0.000048424 0.000019336 0.000356834 0.000048424 1.000000000 -0.000006194 0.000598376 -0.000019335 0.000006195 1.000000000 -0.000167154
1.000000000 -0.000168166 0.000001978 0.000277562 0.000168166 1.000000000 0.000066969 -0.000609426 -0.000001989 -0.000066969 1.000000000 -0.001151728
1.000000000 0.000027314 0.000182811 -0.000086572 -0.000027295 1.000000000 -0.000103118 0.001182016 -0.000182813 0.000103113 1.000000000 0.000468826
1.000000000 -0.000113156 0.000038169 0.001444252 0.000113157 1.000000000 -0.000011102 0.000764309 -0.000038168 0.000011106 1.000000000 0.000495606
1.000000000 -0.000037016 0.000015630 0.000061527 0.000037014 1.000000000 0.000119237 -0.000745072 -0.000015634 -0.000119236 1.000000000 -0.001378590
1.000000000 -0.000005469 -0.000064307 0.000323218 0.000005465 1.000000000 -0.000071775 -0.000596082 0.000064308 0.000071774 1.000000000 -0.002149993
1.000000000 -0.000017824 0.000022774 0.000000834 0.000017823 1.000000000 0.000053986 -0.001389224 -0.000022775 -0.000053986 1.000000000 -0.002223459
1.000000000 0.000026207 0.000026319 0.000292351 -0.000026209 1.000000000 0.000061361 -0.000719201 -0.000026318 -0.000061361 1.000000000 0.000160266
1.000000000 -0.000075153 0.000019977 -0.000099156 0.000075151 1.000000000 0.000090982 -0.001313697 -0.000019983 -0.000090980 1.000000000 -0.002061764
1.000000000 0.000085563 0.000024619 -0.000415309 -0.000085560 1.000000000 -0.000099259 -0.000652943 -0.000024628 0.000099257 1.000000000 -0.001103567
1.000000000 -0.000087656 -0.000007190 0.000511987 0.000087656 1.000000000 0.000024231 0.000442329 0.000007188 -0.000024232 1.000000000 0.000024344
1.000000000 0.000001411 0.000036102 -0.001560276 -0.000001407 1.000000000 -0.000120324 0.000633309 -0.000036102 0.000120324 1.000000000 -0.001064858
1.000000000 0.000165243 -0.000039741 0.000353649 -0.000165248 1.000000000 -0.000133474 0.002116543 0.000039719 0.000133481 1.000000000 0.002317193
1.000000000 0.000191753 0.000095845 -0.001210815 -0.000191740 1.000000000 -0.000137067 0.002338832 -0.000095871 0.000137048 1.000000000 0.002736356
1.000000000 0.000201515 0.000022641 -0.001234941 -0.000201512 1.000000000 -0.000133319 0.001470264 -0.000022668 0.000133315 1.000000000 -0.000235753
0.999999940 0.000294481 0.000167998 -0.002261989 -0.000294464 0.999999940 -0.000099455 0.002269563 -0.000168027 0.000099406 1.000000000 0.002455366
1.000000000 0.000151937 0.000178524 -0.001437091 -0.000151917 1.000000000 -0.000112853 0.001755354 -0.000178541 0.000112826 1.000000000 0.002139690
1.000000000 0.000197224 0.000121604 -0.001598243 -0.000197218 1.000000000 -0.000052767 0.001601512 -0.000121614 0.000052743 1.000000000 0.001879916
0.999999940 0.000237677 0.000077618 -0.002048654 -0.000237670 0.999999940 -0.000082209 0.002321751 -0.000077637 0.000082191 1.000000000 0.002289287
1.000000000 0.000150856 -0.000020880 -0.000424503 -0.000150858 1.000000000 -0.000099361 0.002295469 0.000020865 0.000099364 1.000000000 0.002940561
1.000000000 0.000146540 0.000076209 -0.001419730 -0.000146536 1.000000000 -0.000053822 0.002743624 -0.000076217 0.000053811 1.000000000 0.003238253
0.999999881 0.000481008 0.000055180 -0.001714020 -0.000481006 0.999999881 -0.000038108 0.002258399 -0.000055199 0.000038082 1.000000000 0.003632693
0.999999940 0.000392790 0.000082990 -0.001501721 -0.000392783 0.999999940 -0.000082643 0.002225613 -0.000083022 0.000082610 1.000000000 0.001612656
0.999999940 0.000252299 0.000112456 -0.002032938 -0.000252289 0.999999940 -0.000092344 0.002969566 -0.000112479 0.000092316 1.000000000 0.003803177
0.999999940 0.000292332 0.000193430 -0.002553700 -0.000292335 0.999999940 0.000013158 0.001675935 -0.000193426 -0.000013215 1.000000000 0.002538353
0.999999940 0.000237320 0.000078463 -0.001531942 -0.000237315 0.999999940 -0.000060668 0.002363744 -0.000078477 0.000060649 1.000000000 0.002344369
0.999999940 0.000219639 0.000149357 -0.002104327 -0.000219617 0.999999940 -0.000148478 0.002993885 -0.000149389 0.000148445 1.000000000 0.003283649
0.999999940 0.000299316 0.000144345 -0.001339736 -0.000299310 0.999999940 -0.000044818 0.002095315 -0.000144359 0.000044775 1.000000000 0.002720694
1.000000000 0.000176549 0.000148583 -0.000989932 -0.000176528 1.000000000 -0.000137784 0.003888136 -0.000148607 0.000137757 1.000000000 0.004126690
1.000000000 0.000228795 0.000074936 -0.000422299 -0.000228781 0.999999940 -0.000190461 0.003615292 -0.000074979 0.000190444 1.000000000 0.004005839
0.999999940 0.000328447 0.000212343 -0.001307648 -0.000328428 0.999999940 -0.000089155 0.002259384 -0.000212373 0.000089086 1.000000000 0.001543441
0.999999881 0.000430497 0.000195315 -0.002674610 -0.000430456 0.999999881 -0.000209026 0.002623657 -0.000195405 0.000208942 0.999999940 0.002100371
0.999999881 0.000393572 0.000181088 -0.001673975 -0.000393542 0.999999881 -0.000166791 0.002201055 -0.000181154 0.000166719 0.999999940 0.002640942
1.000000000 0.000173345 0.000085491 -0.000651884 -0.000173337 1.000000000 -0.000091722 0.002603166 -0.000085507 0.000091707 1.000000000 0.002337369
0.999999940 0.000331508 0.000165500 -0.002260092 -0.000331491 0.999999940 -0.000106836 0.003157422 -0.000165536 0.000106781 1.000000000 0.003708904
0.999999881 0.000403000 0.000198652 -0.002043879 -0.000402991 0.999999940 -0.000041779 0.001896668 -0.000198669 0.000041699 1.000000000 0.002878630
1.000000000 0.000185708 0.000072630 0.000139306 -0.000185703 1.000000000 -0.000063842 0.003256498 -0.000072642 0.000063829 1.000000000 0.003414458
1.000000000 0.000135921 0.000058127 -0.000374789 -0.000135912 1.000000000 -0.000141970 0.002041102 -0.000058147 0.000141962 1.000000000 0.004511391
0.999999940 0.000381019 0.000113047 0.001473672 -0.000380948 0.999999702 -0.000629519 -0.000438784 -0.000113287 0.000629476 0.999999821 0.052769117
0.999999940 0.000414390 0.000068960 0.000308038 -0.000414310 0.999999225 -0.001153805 -0.002906200 -0.000069438 0.001153777 0.999999344 0.138569981
1.000000000 0.000163796 0.000142362 0.002913940 -0.000163590 0.999998927 -0.001449757 -0.008301434 -0.000142599 0.001449733 0.999998927 0.250878990
0.999999881 0.000524123 0.000042105 0.008361073 -0.000524077 0.999999285 -0.001080698 -0.012013273 -0.000042671 0.001080676 0.999999404 0.382770360
0.999999881 0.000268810 0.000350707 0.006654477 -0.000268467 0.999999464 -0.000977854 -0.013527503 -0.000350970 0.000977760 0.999999464 0.536079586
0.999999940 -0.000272426 -0.000045451 0.013216859 0.000272380 0.999999464 -0.001017806 -0.022332469 0.000045728 0.001017794 0.999999464 0.682202458
0.999999762 0.000442970 0.000494302 0.013866387 -0.000442780 0.999999821 -0.000383040 -0.026014922 -0.000494471 0.000382821 0.999999821 0.842808902
0.999999285 -0.000864459 0.000821053 0.004144000 0.000864403 0.999999583 0.000069299 -0.035638776 -0.000821113 -0.000068590 0.999999583 1.039797544
0.999999702 -0.000549255 0.000617009 0.008880449 0.000549327 0.999999881 -0.000115919 -0.037812456 -0.000616946 0.000116258 0.999999762 1.218094707
0.999999285 -0.000674265 0.001008209 0.011507330 0.000673937 0.999999702 0.000325290 -0.041949049 -0.001008428 -0.000324611 0.999999464 1.404348373
0.999999523 -0.000336087 0.000946677 0.015058850 0.000335547 0.999999821 0.000570336 -0.046145171 -0.000946868 -0.000570018 0.999999464 1.597774744
0.999999046 -0.000835709 0.001144795 0.019381069 0.000835017 0.999999404 0.000604847 -0.053495608 -0.001145300 -0.000603891 0.999999166 1.800344944
0.999999285 -0.000656039 0.001003853 0.019631112 0.000654964 0.999999225 0.001071061 -0.062219255 -0.001004555 -0.001070403 0.999998927 1.988837600
0.999999166 -0.000971630 0.000878656 0.025991807 0.000970621 0.999998927 0.001148547 -0.069083706 -0.000879771 -0.001147693 0.999998987 2.198347807
0.999998629 -0.001397500 0.000926449 0.035312220 0.001396133 0.999998033 0.001474519 -0.075225443 -0.000928508 -0.001473224 0.999998510 2.418405533
0.999999106 -0.001188825 0.000665437 0.042609505 0.001187816 0.999998152 0.001515725 -0.082945041 -0.000667238 -0.001514934 0.999998629 2.645964384
0.999999046 -0.000852295 0.001092245 0.035898723 0.000850774 0.999998689 0.001391964 -0.090732880 -0.001093430 -0.001391034 0.999998450 2.890983343
0.999998629 -0.000726743 0.001475722 0.035827681 0.000724635 0.999998748 0.001428186 -0.095819294 -0.001476759 -0.001427115 0.999997854 3.131866932
0.999999285 -0.000650836 0.000979712 0.050056424 0.000649233 0.999998450 0.001635896 -0.100931689 -0.000980775 -0.001635259 0.999998212 3.366938114
0.999998093 -0.000439581 0.001907028 0.041896462 0.000437157 0.999999106 0.001270958 -0.107741430 -0.001907585 -0.001270122 0.999997377 3.631729364
0.999998152 0.000024040 0.001948527 0.043771558 -0.000026653 0.999999046 0.001341393 -0.114614777 -0.001948494 -0.001341443 0.999997199 3.888520241
0.999997854 -0.000058588 0.002081920 0.051773161 0.000055700 0.999999106 0.001387101 -0.117441572 -0.002082000 -0.001386982 0.999996901 4.150129795
0.999997616 -0.000074589 0.002171505 0.051872209 0.000070960 0.999998629 0.001671120 -0.125505880 -0.002171627 -0.001670963 0.999996245 4.405169964
0.999996901 -0.000161530 0.002470468 0.056144994 0.000158142 0.999999046 0.001371429 -0.131967351 -0.002470687 -0.001371034 0.999996006 4.663274765
0.999997258 -0.000067122 0.002349745 0.065485239 0.000063390 0.999998748 0.001588108 -0.141114384 -0.002349849 -0.001587955 0.999995947 4.922864437
0.999997437 0.000424383 0.002217868 0.072463408 -0.000427962 0.999998689 0.001613504 -0.140761688 -0.002217180 -0.001614449 0.999996245 5.192415237
0.999996424 0.000328054 0.002644886 0.072318070 -0.000332162 0.999998748 0.001552682 -0.152571768 -0.002644373 -0.001553556 0.999995291 5.468077183
0.999996543 0.000207600 0.002624052 0.077494286 -0.000211470 0.999998927 0.001474802 -0.160086274 -0.002623742 -0.001475352 0.999995470 5.738894939
0.999996185 0.000228900 0.002760881 0.079876028 -0.000232346 0.999999285 0.001248279 -0.164864600 -0.002760593 -0.001248916 0.999995410 6.014564991
0.999996126 0.000206835 0.002790615 0.082522713 -0.000211041 0.999998868 0.001506910 -0.174821347 -0.002790300 -0.001507493 0.999994993 6.297969818
0.999996781 0.000202772 0.002524894 0.094437331 -0.000206585 0.999998808 0.001509970 -0.178418025 -0.002524585 -0.001510487 0.999995649 6.580342293
0.999995589 0.000971347 0.002800106 0.095419392 -0.000974949 0.999998808 0.001285200 -0.184221774 -0.002798853 -0.001287924 0.999995232 6.876521587
0.999996305 0.000708412 0.002617574 0.098887317 -0.000712147 0.999998748 0.001426091 -0.191447735 -0.002616561 -0.001427950 0.999995470 7.168540955
0.999997079 0.000332226 0.002375687 0.106462292 -0.000335691 0.999998927 0.001458033 -0.198711455 -0.002375200 -0.001458827 0.999996066 7.467127323
0.999996722 -0.000082363 0.002558382 0.115969799 0.000076942 0.999997675 0.002119042 -0.217670500 -0.002558551 -0.002118838 0.999994457 7.753383160
0.999996126 0.000322007 0.002748706 0.123196565 -0.000327634 0.999997854 0.002047101 -0.222878397 -0.002748041 -0.002047993 0.999994099 8.106539726
0.999995828 0.000459225 0.002832701 0.128249049 -0.000464255 0.999998331 0.001775395 -0.232027158 -0.002831881 -0.001776703 0.999994338 8.402379036
0.999996364 0.000551239 0.002631397 0.138406336 -0.000556742 0.999997735 0.002090858 -0.240977556 -0.002630238 -0.002092316 0.999994338 8.732021332
0.999995887 0.000236716 0.002869959 0.142105252 -0.000242845 0.999997675 0.002135430 -0.245371610 -0.002869447 -0.002136118 0.999993622 9.078895569
0.999996245 0.000736370 0.002639883 0.150618494 -0.000742965 0.999996543 0.002497960 -0.262924910 -0.002638035 -0.002499912 0.999993384 9.419111252
0.999994397 0.001274216 0.003101477 0.146936804 -0.001280778 0.999996901 0.002114594 -0.275873840 -0.003098773 -0.002118554 0.999992907 9.737524986
0.999995649 0.000893092 0.002823384 0.162677571 -0.000898475 0.999997735 0.001906027 -0.285230398 -0.002821675 -0.001908556 0.999994218 10.092921257
0.999995112 0.000449823 0.003107907 0.166065633 -0.000455512 0.999998212 0.001829860 -0.292579830 -0.003107078 -0.001831267 0.999993503 10.453794479
0.999994934 0.000412908 0.003135700 0.177930981 -0.000417097 0.999999046 0.001335625 -0.298603386 -0.003135145 -0.001336926 0.999994218 10.813042641
0.999997854 -0.000403864 0.002042603 0.200170115 0.000401102 0.999998987 0.001352420 -0.299972177 -0.002043148 -0.001351598 0.999996960 11.184829712
0.999997377 -0.000166306 0.002306158 0.205252066 0.000163163 0.999999046 0.001363101 -0.310445160 -0.002306382 -0.001362721 0.999996483 11.564640999
0.999997199 0.000474357 0.002327886 0.213073134 -0.000477257 0.999999046 0.001245365 -0.315785736 -0.002327293 -0.001246472 0.999996543 11.949793816
0.999995470 0.000858815 0.002878981 0.216388017 -0.000863297 0.999998331 0.001555863 -0.329380125 -0.002877641 -0.001558341 0.999994695 12.339465141
0.999996245 0.000470728 0.002719363 0.228668988 -0.000476878 0.999997318 0.002261593 -0.356895119 -0.002718292 -0.002262881 0.999993801 12.691549301
0.999997020 -0.000355661 0.002455581 0.241578892 0.000350617 0.999997795 0.002054387 -0.365250260 -0.002456306 -0.002053519 0.999994874 13.131868362
0.999996960 -0.000439287 0.002437763 0.257231772 0.000434000 0.999997616 0.002168582 -0.376391828 -0.002438709 -0.002167517 0.999994695 13.537501335
0.999996722 0.000000899 0.002553607 0.257340342 -0.000006876 0.999997258 0.002340375 -0.390068918 -0.002553598 -0.002340385 0.999994040 13.939289093
0.999996960 -0.000142997 0.002453951 0.265318274 0.000136216 0.999996185 0.002763058 -0.398880363 -0.002454337 -0.002762715 0.999993205 14.367715836
0.999995172 -0.000104725 0.003076857 0.269201279 0.000098367 0.999997854 0.002066097 -0.403887331 -0.003077069 -0.002065784 0.999993145 14.767578125
0.999995947 0.000039358 0.002832809 0.278990239 -0.000046520 0.999996781 0.002527984 -0.418398798 -0.002832701 -0.002528105 0.999992847 15.193106651
0.999993742 0.000722462 0.003423857 0.284840971 -0.000730317 0.999997020 0.002293556 -0.426991045 -0.003422190 -0.002296042 0.999991477 15.651894569
0.999991834 -0.001012852 0.003898833 0.303450376 0.001002976 0.999996305 0.002534391 -0.441262066 -0.003901385 -0.002530460 0.999989152 16.091659546
0.999990106 0.000354390 0.004435410 0.296549261 -0.000368273 0.999995053 0.003129542 -0.463630915 -0.004434279 -0.003131145 0.999985278 16.517894745
0.999989331 0.000581326 0.004580184 0.304553956 -0.000594453 0.999995768 0.002865085 -0.474431306 -0.004578498 -0.002867777 0.999985456 16.968147278
0.999989569 0.000094190 0.004574510 0.323741734 -0.000106202 0.999996543 0.002625628 -0.479530007 -0.004574246 -0.002626087 0.999986112 17.431844711
0.999985337 0.000458189 0.005395001 0.329575628 -0.000475683 0.999994576 0.003241782 -0.499274611 -0.005393486 -0.003244300 0.999980271 17.892539978
0.999986708 0.000076540 0.005151821 0.337710321 -0.000090229 0.999996483 0.002656986 -0.507892489 -0.005151601 -0.002657416 0.999983191 18.336757660
0.999986351 0.000234904 0.005224091 0.349524260 -0.000248422 0.999996662 0.002587090 -0.514097154 -0.005223465 -0.002588352 0.999983013 18.814155579
0.999985993 0.000058851 0.005276260 0.362473369 -0.000071455 0.999997199 0.002388666 -0.529567659 -0.005276104 -0.002389010 0.999983191 19.303850174
0.999983311 0.000401883 0.005762556 0.371878207 -0.000415548 0.999997079 0.002370086 -0.537924469 -0.005761587 -0.002372441 0.999980569 19.759325027
0.999980867 0.000245497 0.006172776 0.377855569 -0.000263043 0.999995947 0.002841969 -0.554354072 -0.006172054 -0.002843538 0.999976933 20.246202469
0.999984086 0.000258919 0.005626807 0.403709203 -0.000271485 0.999997437 0.002232510 -0.559618354 -0.005626215 -0.002234002 0.999981642 20.740938187
0.999986589 -0.000373406 0.005160004 0.406781137 0.000363945 0.999998271 0.001834647 -0.562107682 -0.005160679 -0.001832744 0.999984920 21.206428528
0.999989271 -0.000600735 0.004593123 0.418951392 0.000592251 0.999998212 0.001848341 -0.570957005 -0.004594224 -0.001845600 0.999987721 21.723510742
0.999990940 -0.000539761 0.004213755 0.425195336 0.000530879 0.999997735 0.002108735 -0.587349653 -0.004214884 -0.002106479 0.999988854 22.224847794
0.999990284 -0.000231626 0.004406179 0.424697757 0.000221924 0.999997556 0.002202274 -0.605087459 -0.004406679 -0.002201275 0.999987841 22.713434219
0.999991417 0.000362325 0.004128241 0.432127208 -0.000372209 0.999997079 0.002393429 -0.620724916 -0.004127361 -0.002394946 0.999988556 23.237888336
0.999995172 0.000166035 0.003123457 0.433490902 -0.000174254 0.999996483 0.002631271 -0.639752090 -0.003123010 -0.002631802 0.999991596 23.748094559
0.999997139 -0.000970720 0.002175445 0.452938288 0.000965240 0.999996364 0.002518344 -0.654260635 -0.002177882 -0.002516237 0.999994457 24.296064377
0.999998391 -0.000148069 0.001730694 0.463009298 0.000143935 0.999997079 0.002388247 -0.664693594 -0.001731042 -0.002387994 0.999995649 24.837301254
0.999998808 0.000741141 0.001329375 0.464441955 -0.000745261 0.999994874 0.003101035 -0.677567124 -0.001327070 -0.003102022 0.999994278 25.373723984
0.999999523 0.000373068 0.000920113 0.459098607 -0.000375600 0.999996066 0.002753835 -0.698385179 -0.000919081 -0.002754179 0.999995708 25.903736115
0.999999583 0.000473165 0.000815113 0.468057543 -0.000474968 0.999997377 0.002214253 -0.704898894 -0.000814064 -0.002214640 0.999997199 26.471763611
0.999999940 0.000394965 -0.000088365 0.478926897 -0.000394739 0.999996722 0.002531360 -0.717886746 0.000089365 -0.002531325 0.999996841 27.023401260
0.999999940 0.000331138 -0.000193211 0.487391740 -0.000330525 0.999994874 0.003161875 -0.746900380 0.000194257 -0.003161811 0.999994993 27.574319839
0.999999702 0.000764714 -0.000272789 0.497289270 -0.000763786 0.999993980 0.003386395 -0.763904452 0.000275376 -0.003386185 0.999994218 28.113573074
0.999999225 0.001227754 0.000088365 0.502371669 -0.001227999 0.999995291 0.002829765 -0.770075262 -0.000084891 -0.002829871 0.999996006 28.680873871
0.999999285 0.000670958 -0.000908860 0.514467955 -0.000668023 0.999994576 0.003225113 -0.785819292 0.000911019 -0.003224504 0.999994397 29.220762253
0.999998868 0.001127010 -0.000995548 0.520794928 -0.001124072 0.999995053 0.002947135 -0.798406065 0.000998864 -0.002946014 0.999995232 29.775094986
0.999998569 0.000975909 -0.001370694 0.530369163 -0.000972360 0.999996245 0.002587873 -0.803994298 0.001373214 -0.002586536 0.999995649 30.327573776
0.999997735 0.002041643 -0.000619595 0.528183103 -0.002039833 0.999993742 0.002909158 -0.817847073 0.000625531 -0.002907888 0.999995649 30.865819931
0.999997735 0.001344602 -0.001643763 0.542067647 -0.001338994 0.999993265 0.003407531 -0.841160774 0.001648334 -0.003405322 0.999992788 31.399162292
0.999995887 0.002218383 -0.001823474 0.547930360 -0.002211961 0.999991357 0.003516397 -0.856115043 0.001831260 -0.003512349 0.999992132 31.942428589
0.999996066 0.001587343 -0.002312498 0.558641136 -0.001580410 0.999994397 0.002996736 -0.864056826 0.002317242 -0.002993070 0.999992847 32.478504181
0.999994159 0.002030561 -0.002754283 0.561922312 -0.002019289 0.999989629 0.004089430 -0.886081100 0.002762558 -0.004083844 0.999987841 33.028491974
0.999995112 0.001346741 -0.002806769 0.572662592 -0.001338165 0.999994397 0.003054273 -0.890835166 0.002810867 -0.003050502 0.999991417 33.565666199
0.999996006 0.001171523 -0.002567844 0.582448483 -0.001162931 0.999993742 0.003344820 -0.906661272 0.002571746 -0.003341821 0.999991119 34.110969543
0.999992430 0.001166636 -0.003710475 0.600348234 -0.001154770 0.999994278 0.003198517 -0.916142941 0.003714185 -0.003194208 0.999988079 34.658245087
0.999994516 0.001470990 -0.002959540 0.589795709 -0.001461381 0.999993682 0.003246474 -0.936070263 0.002964297 -0.003242131 0.999990344 35.183681488
0.999993145 0.001268289 -0.003465985 0.604819477 -0.001257316 0.999994159 0.003166452 -0.946486592 0.003469981 -0.003162073 0.999988973 35.725173950
0.999994338 0.001081689 -0.003180966 0.610893965 -0.001070554 0.999993265 0.003500761 -0.966440141 0.003184731 -0.003497336 0.999988794 36.284240723
0.999993920 0.000804609 -0.003389128 0.608269215 -0.000794203 0.999994934 0.003070169 -0.975405216 0.003391582 -0.003067458 0.999989510 36.862102509
0.999993086 0.001084470 -0.003566765 0.615959167 -0.001074127 0.999995232 0.002900431 -0.988403976 0.003569894 -0.002896579 0.999989450 37.406066895
0.999991536 0.000787378 -0.004028504 0.627201319 -0.000776758 0.999996185 0.002636952 -0.996998310 0.004030565 -0.002633800 0.999988437 37.970123291
0.999989986 0.001394809 -0.004235927 0.623029530 -0.001381626 0.999994159 0.003113428 -1.019565463 0.004240246 -0.003107543 0.999986172 38.477416992
0.999989390 0.001321347 -0.004407912 0.633494675 -0.001310312 0.999996066 0.002505293 -1.027062893 0.004411205 -0.002499491 0.999987185 39.028030396
0.999992013 0.001297261 -0.003783788 0.628699660 -0.001284417 0.999993384 0.003394756 -1.044036508 0.003788167 -0.003389869 0.999987066 39.557586670
0.999990702 0.001219364 -0.004140509 0.637105763 -0.001207807 0.999995351 0.002792589 -1.054106593 0.004143896 -0.002787562 0.999987602 40.109790802
0.999989688 0.001682078 -0.004232924 0.653687239 -0.001669412 0.999994159 0.002993943 -1.071585655 0.004237935 -0.002986845 0.999986529 40.645069122
0.999990880 0.002023106 -0.003763137 0.647156954 -0.002011707 0.999993384 0.003030398 -1.082596302 0.003769243 -0.003022801 0.999988258 41.187992096
0.999988079 0.002894563 -0.003938943 0.658946574 -0.002882834 0.999991417 0.002980097 -1.088348269 0.003947535 -0.002968706 0.999987721 41.731281281
0.999987364 0.002859761 -0.004128735 0.668308914 -0.002851247 0.999993801 0.002066208 -1.092052937 0.004134618 -0.002054411 0.999989271 42.275154114
0.999987304 0.003644016 -0.003482382 0.672451317 -0.003637543 0.999991655 0.001863135 -1.101118803 0.003489141 -0.001850444 0.999992192 42.810127258
0.999989450 0.002873224 -0.003563657 0.661356568 -0.002863599 0.999992251 0.002703124 -1.130494714 0.003571396 -0.002692891 0.999989986 43.303192139
0.999988735 0.003000719 -0.003676836 0.671421885 -0.002989490 0.999990880 0.003055672 -1.150848150 0.003685972 -0.003044646 0.999988556 43.855197906
0.999987841 0.004106225 -0.002720438 0.669035912 -0.004099573 0.999988675 0.002445909 -1.158196568 0.002730450 -0.002434727 0.999993265 44.414501190
0.999984920 0.002817551 -0.004714390 0.701085746 -0.002803325 0.999991536 0.003021308 -1.173776507 0.004722863 -0.003008046 0.999984324 44.930347443
0.999989927 0.002761515 -0.003544061 0.689078331 -0.002751870 0.999992490 0.002723226 -1.187744975 0.003551555 -0.002713445 0.999989986 45.433757782
0.999991953 0.002690443 -0.002964726 0.696935415 -0.002682343 0.999992609 0.002732700 -1.197863936 0.002972056 -0.002724726 0.999991894 45.980255127
0.999988914 0.003462834 -0.003203990 0.705434501 -0.003460401 0.999993682 0.000764207 -1.197398305 0.003206616 -0.000753111 0.999994576 46.543193817
0.999988973 0.003482211 -0.003158964 0.703673303 -0.003472867 0.999989569 0.002958595 -1.226094842 0.003169233 -0.002947592 0.999990642 47.029411316
0.999985337 0.003742570 -0.003943424 0.713260055 -0.003732583 0.999989808 0.002537006 -1.234527588 0.003952879 -0.002522250 0.999988973 47.574382782
0.999989271 0.003100445 -0.003436765 0.724244118 -0.003089386 0.999989986 0.003219004 -1.256280899 0.003446711 -0.003208353 0.999988914 48.136913300
0.999992371 0.002182099 -0.003243374 0.723959684 -0.002170789 0.999991536 0.003486486 -1.271111846 0.003250954 -0.003479418 0.999988616 48.629249573
0.999990761 0.001576912 -0.003988777 0.736015975 -0.001563050 0.999992788 0.003476381 -1.283359170 0.003994230 -0.003470115 0.999985993 49.176536560
0.999991775 0.002489753 -0.003201022 0.743476629 -0.002479165 0.999991417 0.003306954 -1.297331810 0.003209228 -0.003298991 0.999989390 49.715877533
0.999991536 0.002897759 -0.002910698 0.730952084 -0.002886965 0.999988973 0.003706214 -1.308203340 0.002921406 -0.003697780 0.999988914 50.242076874
0.999992371 0.003391232 -0.001916870 0.735738754 -0.003385264 0.999989450 0.003107918 -1.320238829 0.001927389 -0.003101405 0.999993324 50.776382446
0.999991357 0.002855954 -0.003018706 0.748755813 -0.002844428 0.999988675 0.003815391 -1.335866690 0.003029569 -0.003806772 0.999988139 51.338249207
0.999992192 0.002635503 -0.002979814 0.754884422 -0.002625211 0.999990523 0.003452434 -1.343057871 0.002988886 -0.003444585 0.999989629 51.832412720
0.999991238 0.002672905 -0.003231486 0.766415298 -0.002664403 0.999992967 0.002632464 -1.354392052 0.003238500 -0.002623831 0.999991417 52.379203796
0.999993443 0.002454755 -0.002655760 0.764324665 -0.002444712 0.999989986 0.003779027 -1.371965766 0.002665010 -0.003772509 0.999989331 52.908821106
0.999991775 0.003130986 -0.002561846 0.769146025 -0.003121814 0.999988735 0.003576473 -1.385377407 0.002573015 -0.003568445 0.999990344 53.459270477
0.999993682 0.002552416 -0.002475188 0.776381314 -0.002543658 0.999990523 0.003535212 -1.403381824 0.002484187 -0.003528895 0.999990702 53.975044250
0.999991953 0.003339826 -0.002212090 0.779131889 -0.003332122 0.999988377 0.003476655 -1.414655089 0.002223676 -0.003469256 0.999991536 54.515117645
0.999991417 0.003498378 -0.002203928 0.786941350 -0.003491541 0.999989092 0.003098101 -1.425801277 0.002214743 -0.003090379 0.999992788 55.067283630
0.999993861 0.002690240 -0.002237573 0.792738616 -0.002682933 0.999991059 0.003261704 -1.440419436 0.002246328 -0.003255679 0.999992132 55.567649841
0.999993801 0.003103465 -0.001640002 0.796098113 -0.003098074 0.999989748 0.003279116 -1.450588584 0.001650162 -0.003274014 0.999993205 56.116279602
0.999993801 0.002834403 -0.002057494 0.807563066 -0.002827637 0.999990582 0.003284059 -1.467283130 0.002066782 -0.003278221 0.999992490 56.647998810
0.999990702 0.003728960 -0.002161258 0.815938473 -0.003721004 0.999986351 0.003673771 -1.482561111 0.002174928 -0.003665695 0.999990940 57.181472778
0.999993920 0.003021850 -0.001745093 0.822607160 -0.003016571 0.999990880 0.003019717 -1.494628191 0.001754202 -0.003014435 0.999993920 57.725414276
0.999994099 0.003084188 -0.001518774 0.823984742 -0.003079517 0.999990582 0.003067660 -1.500143886 0.001528221 -0.003062963 0.999994159 58.237251282
0.999993265 0.003507419 -0.001071481 0.828091621 -0.003504466 0.999990165 0.002745292 -1.506536961 0.001081099 -0.002741517 0.999995649 58.789913177
0.999993443 0.003487543 -0.000920897 0.836900651 -0.003485827 0.999992192 0.001857657 -1.521017551 0.000927369 -0.001854434 0.999997914 59.315517426
0.999992669 0.003542390 -0.001428586 0.842648268 -0.003539240 0.999991298 0.002200815 -1.531933665 0.001436370 -0.002195743 0.999996543 59.825187683
0.999992132 0.003694009 -0.001459725 0.853075862 -0.003690773 0.999990761 0.002212592 -1.536946654 0.001467885 -0.002207187 0.999996483 60.389503479
0.999994338 0.003362239 -0.000387709 0.859917164 -0.003361324 0.999991655 0.002330188 -1.557500601 0.000395540 -0.002328872 0.999997199 60.929119110
0.999992132 0.003877427 -0.000737500 0.864440084 -0.003875642 0.999989569 0.002409091 -1.564721823 0.000746834 -0.002406213 0.999996841 61.429740906
0.999990880 0.004212549 -0.000623062 0.872164130 -0.004210961 0.999987900 0.002532553 -1.580663919 0.000633723 -0.002529906 0.999996603 61.976699829
0.999994338 0.003290065 -0.000726698 0.888957620 -0.003289052 0.999993622 0.001390085 -1.590417981 0.000731267 -0.001387687 0.999998748 62.521259308
0.999991238 0.004177249 -0.000135661 0.879881501 -0.004176935 0.999988794 0.002228050 -1.605168462 0.000144967 -0.002227464 0.999997437 63.031547546
0.999987423 0.005002706 -0.000222047 0.888872862 -0.005002219 0.999985158 0.002146533 -1.620927095 0.000232782 -0.002145395 0.999997675 63.589210510
0.999992192 0.003934083 -0.000130514 0.903354347 -0.003933800 0.999990106 0.002099054 -1.636145473 0.000138771 -0.002098523 0.999997735 64.106018066
0.999984503 0.005546722 0.000050268 0.904162228 -0.005546751 0.999984503 0.000567952 -1.639713407 -0.000047117 -0.000568222 0.999999821 64.640083313
0.999991477 0.004055765 0.000780803 0.892425001 -0.004057510 0.999989271 0.002247040 -1.659752607 -0.000771681 -0.002250188 0.999997199 65.144004822
0.999989331 0.004413773 0.001359855 0.900767505 -0.004416850 0.999987721 0.002268894 -1.674108505 -0.001349824 -0.002274876 0.999996543 65.690162659
0.999988198 0.004651504 0.001431732 0.906728268 -0.004653471 0.999988258 0.001372827 -1.682525396 -0.001425330 -0.001379473 0.999997973 66.243537903
0.999991894 0.003949489 0.000819578 0.909168601 -0.003950756 0.999990940 0.001550899 -1.696567535 -0.000813446 -0.001554125 0.999998450 66.735595703
0.999988377 0.004555393 0.001602769 0.917314410 -0.004558681 0.999987543 0.002052951 -1.713522673 -0.001593397 -0.002060233 0.999996603 67.281066895
0.999985158 0.005181123 0.001681053 0.926572263 -0.005184300 0.999984741 0.001890387 -1.731582761 -0.001671233 -0.001899075 0.999996722 67.818077087
0.999984384 0.005313610 0.001758571 0.937019527 -0.005316856 0.999984145 0.001846762 -1.739610910 -0.001748730 -0.001856083 0.999996662 68.394775391
0.999987423 0.004812840 0.001369042 0.936745346 -0.004814855 0.999987304 0.001472497 -1.744626760 -0.001361938 -0.001479070 0.999997914 68.855102539
0.999988556 0.004463757 0.001699937 0.944753826 -0.004466273 0.999988854 0.001478127 -1.758697271 -0.001693321 -0.001485703 0.999997437 69.397949219
0.999978483 0.006109080 0.002385343 0.953013837 -0.006111737 0.999980688 0.001108339 -1.772255421 -0.002378526 -0.001122893 0.999996543 69.969085693
0.999980927 0.005772468 0.002197345 0.964060545 -0.005774754 0.999982774 0.001036819 -1.783272982 -0.002191322 -0.001049489 0.999997079 70.540679932
0.999983966 0.005298940 0.001998140 0.970772624 -0.005301773 0.999984920 0.001414924 -1.803246498 -0.001990613 -0.001425495 0.999997020 70.972709656
0.999985933 0.005079921 0.001484751 0.988333404 -0.005081840 0.999986231 0.001293127 -1.815650940 -0.001478162 -0.001300654 0.999998093 71.529174805
0.999972880 0.006959154 0.002396679 0.985857964 -0.006963422 0.999974191 0.001777377 -1.835503340 -0.002384248 -0.001794019 0.999995530 72.092712402
0.999969602 0.007285349 0.002797953 0.987119019 -0.007288354 0.999972880 0.001064804 -1.852280498 -0.002790120 -0.001085164 0.999995530 72.636283875
0.999984920 0.005061868 0.002118913 1.007756829 -0.005064968 0.999986053 0.001460248 -1.849234223 -0.002111492 -0.001470958 0.999996603 73.086143494
0.999983788 0.005347543 0.001963255 1.022605777 -0.005350030 0.999984980 0.001263537 -1.863691092 -0.001956469 -0.001274020 0.999997199 73.645637512
0.999978423 0.005860614 0.002968316 1.028027892 -0.005866129 0.999981046 0.001852538 -1.875337601 -0.002957403 -0.001869911 0.999993861 74.208244324
0.999977589 0.006185973 0.002558419 1.038592577 -0.006188697 0.999980211 0.001058803 -1.880112648 -0.002551817 -0.001074613 0.999996185 74.703125000
0.999985099 0.004882279 0.002448655 1.057683825 -0.004881700 0.999988019 -0.000242135 -1.885849357 -0.002449807 0.000230177 0.999997020 75.249244690
0.999975920 0.006332597 0.002841708 1.055385947 -0.006334716 0.999979675 0.000737491 -1.910367131 -0.002836980 -0.000755474 0.999995708 75.768386841
0.999979138 0.005671483 0.003087065 1.076280236 -0.005673881 0.999983549 0.000768359 -1.915584326 -0.003082658 -0.000785860 0.999994934 76.328086853
0.999966025 0.007500844 0.003405520 1.083522797 -0.007503310 0.999971569 0.000712697 -1.926283956 -0.003400077 -0.000738226 0.999993980 76.873229980
0.999975562 0.006147565 0.003309944 1.097255349 -0.006149154 0.999980986 0.000469852 -1.942061305 -0.003306992 -0.000490194 0.999994397 77.380012512
0.999975026 0.006099956 0.003547281 1.105297685 -0.006101038 0.999981284 0.000293138 -1.947498322 -0.003545427 -0.000314774 0.999993682 77.869361877
0.999966919 0.007188751 0.003812128 1.119311810 -0.007188400 0.999974191 -0.000105716 -1.955760121 -0.003812790 0.000078309 0.999992788 78.421081543
0.999956787 0.008461838 0.003860888 1.127560377 -0.008458762 0.999963939 -0.000811943 -1.963141680 -0.003867620 0.000779249 0.999992311 78.995994568
0.999971032 0.006772069 0.003475979 1.135283113 -0.006771186 0.999977052 -0.000266229 -1.991998434 -0.003477702 0.000242686 0.999993920 79.480155945
0.999955714 0.007961759 0.005017268 1.140254974 -0.007959264 0.999968231 -0.000516574 -2.005546331 -0.005021222 0.000476617 0.999987245 80.034500122
0.999957442 0.007100845 0.005889358 1.165036440 -0.007098499 0.999974728 -0.000419320 -2.025309324 -0.005892186 0.000377497 0.999982595 80.573234558
0.999947309 0.007244922 0.007275533 1.158229589 -0.007243447 0.999973714 -0.000228941 -2.033883572 -0.007276999 0.000176229 0.999973536 81.117004395
0.999934673 0.007466141 0.008660481 1.169163227 -0.007463021 0.999972045 -0.000392447 -2.049937248 -0.008663169 0.000327788 0.999962449 81.664093018
0.999900818 0.007980858 0.011605915 1.189791203 -0.007976973 0.999968171 -0.000381042 -2.060023069 -0.011608586 0.000288425 0.999932587 82.235656738
0.999858558 0.007278894 0.015160544 1.216496944 -0.007268718 0.999973297 -0.000726264 -2.064736605 -0.015165426 0.000615962 0.999884784 82.758842468
0.999800980 0.006628296 0.018815173 1.242794275 -0.006609617 0.999977529 -0.001054751 -2.081276417 -0.018821744 0.000930180 0.999822378 83.304138184
0.999733150 0.005687318 0.022386836 1.281934738 -0.005664908 0.999983370 -0.001064325 -2.101272106 -0.022392517 0.000937222 0.999748826 83.857604980
0.999561787 0.007283747 0.028690668 1.289979100 -0.007262964 0.999973297 -0.000828497 -2.105332851 -0.028695939 0.000619754 0.999588013 84.349594116
0.999351919 0.008308620 0.035024397 1.317546010 -0.008268956 0.999964952 -0.001277189 -2.120229006 -0.035033781 0.000986746 0.999385655 84.907569885
0.999121189 0.007510090 0.041236602 1.352594137 -0.007468808 0.999971449 -0.001155062 -2.131330729 -0.041244097 0.000846058 0.999148786 85.459297180
0.998763442 0.007277131 0.049178377 1.393604040 -0.007230553 0.999973238 -0.001124975 -2.145682573 -0.049185246 0.000767997 0.998789310 85.982269287
0.998305857 0.007521488 0.057696190 1.446548223 -0.007440473 0.999971092 -0.001618883 -2.155678034 -0.057706695 0.001186853 0.998332918 86.540077209
0.997916400 0.006112011 0.064230166 1.500053406 -0.006027745 0.999980807 -0.001505640 -2.176990509 -0.064238131 0.001115340 0.997933924 87.076911926
0.997214198 0.007332937 0.074229799 1.529044151 -0.007245818 0.999972701 -0.001442880 -2.194731712 -0.074238352 0.000901005 0.997240126 87.623138428
0.996412337 0.007103761 0.084331356 1.600044727 -0.006942945 0.999973476 -0.002200094 -2.207361221 -0.084344745 0.001606693 0.996435344 88.153152466
0.995614111 0.006533539 0.093326710 1.667690277 -0.006346901 0.999977231 -0.002296535 -2.214503527 -0.093339577 0.001694127 0.995632946 88.735092163
0.994946003 0.006316888 0.100212730 1.735249996 -0.006128806 0.999978840 -0.002184615 -2.239913464 -0.100224406 0.001559391 0.994963586 89.260650635
0.993832886 0.007043115 0.110665128 1.815555573 -0.006814322 0.999973774 -0.002445539 -2.252223969 -0.110679455 0.001676349 0.993854761 89.808670044
0.992579639 0.006636754 0.121414959 1.896457672 -0.006409032 0.999976933 -0.002266002 -2.269440174 -0.121427201 0.001471035 0.992599249 90.358421326
0.991471171 0.005482652 0.130210519 1.997887611 -0.005145914 0.999982476 -0.002922406 -2.270305157 -0.130224243 0.002227429 0.991482079 90.872955322
0.989878416 0.006049557 0.141788825 2.090350151 -0.005834760 0.999981046 -0.001930632 -2.291550159 -0.141797826 0.001083787 0.989895046 91.408546448
0.988038957 0.005410899 0.154109329 2.203245163 -0.004984573 0.999982476 -0.003152645 -2.304896116 -0.154123709 0.002346767 0.988048732 91.945861816
0.986248076 0.005120289 0.165191904 2.294061661 -0.004736259 0.999985099 -0.002718582 -2.315142155 -0.165203378 0.001898805 0.986257672 92.451049805
0.984493136 0.004737176 0.175358847 2.411180496 -0.004275175 0.999986291 -0.003012284 -2.330547333 -0.175370738 0.002215883 0.984499931 92.994140625
0.982236385 0.003724265 0.187610611 2.543464661 -0.003116497 0.999988914 -0.003534382 -2.343510389 -0.187621698 0.002886911 0.982237101 93.515502930
0.979771018 0.003504338 0.200091004 2.653132439 -0.002881894 0.999990046 -0.003401974 -2.356184006 -0.200100958 0.002756514 0.979771435 93.985374451
0.977578223 0.003556169 0.210542217 2.781827927 -0.003012815 0.999991179 -0.002901434 -2.375725985 -0.210550681 0.002202054 0.977580428 94.516616821
0.974717140 0.002947869 0.223422900 2.927280426 -0.002168848 0.999990642 -0.003732061 -2.390413761 -0.223431841 0.003153133 0.974714518 95.040588379
0.971599460 0.001985434 0.236623466 3.082363129 -0.001084081 0.999991596 -0.003939273 -2.405845404 -0.236629292 0.003570876 0.971593440 95.565269470
0.968880475 0.001791633 0.247522563 3.237577438 -0.000648446 0.999988675 -0.004699960 -2.414641619 -0.247528195 0.004393195 0.968870699 96.102325439
0.966178298 0.001012071 0.257872850 3.384061813 -0.000036981 0.999992788 -0.003786098 -2.432513714 -0.257874846 0.003648509 0.966171384 96.482231140
0.962555289 0.000995587 0.271083653 3.555900574 -0.000130329 0.999994814 -0.003209827 -2.450842381 -0.271085411 0.003054305 0.962550402 97.000976562
0.958840132 0.000059329 0.283946395 3.729780197 0.001154894 0.999991000 -0.004108830 -2.461920977 -0.283944011 0.004267640 0.958831370 97.540092468
0.955284595 0.000362834 0.295687646 3.924839020 0.000750031 0.999993026 -0.003650223 -2.480191469 -0.295686901 0.003708776 0.955277741 98.071601868
0.950907409 0.000565184 0.309475005 4.085453033 0.000602902 0.999993026 -0.003678758 -2.499840260 -0.309474915 0.003684743 0.950900495 98.512901306
0.946263313 -0.000110778 0.323397219 4.294195175 0.001377700 0.999992192 -0.003688621 -2.516180992 -0.323394328 0.003935951 0.946256220 99.038337708
0.942441821 -0.000437276 0.334369957 4.508583069 0.001899124 0.999989986 -0.004045048 -2.527998447 -0.334364831 0.004447232 0.942433298 99.551002502
0.937704146 -0.001065631 0.347433418 4.722892761 0.002607853 0.999988675 -0.003971337 -2.543792725 -0.347425193 0.004629995 0.937696338 100.043708801
0.932216823 -0.001454515 0.361897320 4.929151535 0.002959127 0.999989092 -0.003603365 -2.570042610 -0.361888140 0.004430017 0.932211101 100.555984497
0.927409410 -0.001776975 0.374043435 5.100004196 0.003381705 0.999987662 -0.003633995 -2.568919182 -0.374032408 0.004635108 0.927404046 100.951866150
0.922575474 -0.002490346 0.385808706 5.331142426 0.004079259 0.999986231 -0.003299855 -2.588862658 -0.385795176 0.004618179 0.922572970 101.459403992
0.916490197 -0.002841272 0.400046945 5.574039459 0.004458277 0.999985218 -0.003111479 -2.602707148 -0.400032163 0.004635161 0.916489363 101.956596375
0.910534799 -0.002761981 0.413423091 5.815750122 0.004549704 0.999984026 -0.003339744 -2.609914541 -0.413407296 0.004921907 0.910533011 102.457305908
0.905856073 -0.003211938 0.423573196 6.090976715 0.005114832 0.999981284 -0.003355795 -2.615494251 -0.423554450 0.005206374 0.905855715 102.941635132
0.899781466 -0.002292330 0.436334878 6.287425995 0.004189426 0.999985516 -0.003385636 -2.634330750 -0.436320752 0.004874326 0.899778008 103.370239258
0.893157899 -0.001952013 0.449739009 6.556118011 0.003931217 0.999986231 -0.003466924 -2.651563644 -0.449726075 0.004864533 0.893153250 103.859275818
0.887199402 -0.002846895 0.461377472 6.836647034 0.004988397 0.999981761 -0.003422059 -2.667303801 -0.461359292 0.005337583 0.887197375 104.344261169
0.881573498 -0.002946278 0.472037524 7.109909058 0.005015156 0.999982595 -0.003124757 -2.690787077 -0.472020149 0.005122046 0.881572902 104.737617493
0.873669624 -0.002348130 0.486514062 7.383213043 0.004277375 0.999986827 -0.002854825 -2.709845304 -0.486500949 0.004575176 0.873668075 105.255867004
