1.000000000 0.000000000 0.000000000 0.000000000 0.000000000 1.000000000 0.000000000 0.000000000 0.000000000 0.000000000 1.000000000 0.000000000
1.000000000 0.000030541 -0.000092300 0.000913053 -0.000030546 1.000000000 -0.000050899 -0.000071296 0.000092299 0.000050902 1.000000000 -0.002066337
1.000000000 0.000126868 -0.000029915 0.000486710 -0.000126866 1.000000000 0.000057870 -0.000592720 0.000029923 -0.000057866 1.000000000 -0.001096053
1.000000000 0.000028706 -0.000068303 0.000716477 -0.000028698 1.000000000 0.000103540 -0.000898897 0.000068306 -0.000103538 1.000000000 -0.002060466
1.000000000 -0.000105848 -0.000026350 0.000458796 0.000105846 1.000000000 -0.000090903 0.000523326 0.000026360 0.000090901 1.000000000 -0.000101385
1.000000000 -0.000182381 0.000087510 0.000256926 0.000182379 1.000000000 0.000027309 -0.000300730 -0.000087515 -0.000027293 1.000000000 0.000178007
1.000000000 -0.000055689 0.000011238 0.001134051 0.000055689 1.000000000 -0.000010403 0.000086819 -0.000011237 0.000010403 1.000000000 -0.000309336
0.999999940 -0.000320192 0.000021892 0.001240992 0.000320191 0.999999940 0.000051621 -0.000558928 -0.000021909 -0.000051614 1.000000000 -0.001807443
1.000000000 -0.000131813 -0.000021775 0.001356488 0.000131814 1.000000000 0.000054168 0.000455317 0.000021768 -0.000054170 1.000000000 0.001183044
1.000000000 -0.000111895 -0.000190764 0.002131987 0.000111908 1.000000000 0.000070854 -0.000760899 0.000190756 -0.000070876 1.000000000 -0.001847901
1.000000000 0.000068253 0.000046612 -0.000684760 -0.000068249 1.000000000 -0.000076502 0.001524227 -0.000046618 0.000076499 1.000000000 0.001373616
1.000000000 0.000105785 0.000058781 -0.000770002 -0.000105791 1.000000000 0.000119088 -0.000386511 -0.000058769 -0.000119094 1.000000000 0.000298556
1.000000000 -0.000032953 0.000177928 -0.001290294 0.000032934 1.000000000 0.000102032 0.000139285 -0.000177931 -0.000102026 1.000000000 0.001570570
1.000000000 0.000061080 0.000057895 -0.000180955 -0.000061090 1.000000000 0.000165423 -0.001096252 -0.000057885 -0.000165427 1.000000000 -0.001733036
1.000000000 -0.000072499 0.000087191 -0.000020637 0.000072484 1.000000000 0.000173698 -0.001429338 -0.000087204 -0.000173692 1.000000000 -0.001384301
0.999999940 0.000228269 0.000312810 -0.001262168 -0.000228301 0.999999940 0.000102989 0.000048014 -0.000312787 -0.000103061 0.999999940 0.000858465
1.000000000 0.000044477 0.000066077 -0.000125185 -0.000044491 1.000000000 0.000218740 -0.000834058 -0.000066068 -0.000218743 1.000000000 -0.000182234
1.000000000 0.000167802 -0.000000502 -0.000072232 -0.000167802 0.999999940 0.000183764 -0.001038315 0.000000533 -0.000183764 1.000000000 -0.001689222
1.000000000 0.000004408 0.000146966 -0.000823253 -0.000004416 1.000000000 0.000055051 0.000225902 -0.000146966 -0.000055052 1.000000000 0.000477697
1.000000000 0.000181483 0.000152343 -0.000847078 -0.000181481 1.000000000 -0.000014443 0.000551842 -0.000152346 0.000014416 1.000000000 0.000205168
1.000000000 -0.000083986 -0.000096725 0.000745214 0.000083989 1.000000000 0.000030392 0.000244499 0.000096723 -0.000030400 1.000000000 -0.000180618
1.000000000 -0.000045772 0.000049623 0.000285986 0.000045765 1.000000000 0.000132927 -0.000863491 -0.000049629 -0.000132924 1.000000000 -0.000621454
0.999999940 0.000166124 0.000232859 -0.001473374 -0.000166161 1.000000000 0.000159668 0.000400824 -0.000232832 -0.000159707 0.999999940 0.000236564
1.000000000 0.000106350 0.000085279 0.000121313 -0.000106366 1.000000000 0.000190566 -0.000699041 -0.000085258 -0.000190575 1.000000000 -0.000924926
1.000000000 0.000235574 0.000056855 0.000462503 -0.000235582 0.999999940 0.000141408 -0.000770405 -0.000056822 -0.000141422 1.000000000 -0.002620391
0.999999940 0.000252993 0.000025525 -0.000227285 -0.000252991 0.999999940 -0.000060474 0.001065132 -0.000025540 0.000060468 1.000000000 0.000711313
0.999999881 0.000478679 0.000214160 -0.002026652 -0.000478675 0.999999881 -0.000017607 0.001091369 -0.000214169 0.000017505 1.000000000 0.001856717
1.000000000 0.000092664 0.000037702 -0.001149094 -0.000092667 1.000000000 0.000084451 0.001409145 -0.000037694 -0.000084454 1.000000000 0.002828872
1.000000000 0.000161153 -0.000054491 0.000791959 -0.000161153 1.000000000 0.000001241 0.001029455 0.000054491 -0.000001233 1.000000000 0.000386331
1.000000000 0.000190465 0.000017416 0.000188420 -0.000190467 1.000000000 0.000150795 -0.000640574 -0.000017387 -0.000150798 1.000000000 -0.002051092
1.000000000 0.000000283 -0.000043186 0.000736191 -0.000000283 1.000000000 0.000015238 0.000555763 0.000043186 -0.000015238 1.000000000 0.000352480
1.000000000 0.000073650 0.000017311 0.001582182 -0.000073651 1.000000000 0.000064921 -0.000383978 -0.000017306 -0.000064922 1.000000000 -0.001881671
1.000000000 0.000078478 -0.000115594 0.001160609 -0.000078458 1.000000000 0.000180308 -0.000559843 0.000115608 -0.000180299 1.000000000 0.000049306
1.000000000 0.000063331 -0.000064325 0.000990440 -0.000063321 1.000000000 0.000154373 -0.000316986 0.000064335 -0.000154369 1.000000000 -0.000373631
1.000000000 0.000210795 0.000032371 0.000454577 -0.000210796 1.000000000 0.000051852 0.000939506 -0.000032360 -0.000051858 1.000000000 -0.001278199
1.000000000 0.000047710 0.000084833 -0.001358877 -0.000047705 1.000000000 -0.000065577 0.002648450 -0.000084836 0.000065573 1.000000000 0.003420593
1.000000000 -0.000019700 0.000040185 0.000468493 0.000019694 1.000000000 0.000154198 -0.000180356 -0.000040188 -0.000154197 1.000000000 -0.001283292
1.000000000 -0.000102907 -0.000001026 0.000490817 0.000102907 1.000000000 -0.000036216 0.001423872 0.000001030 0.000036216 1.000000000 0.000546279
1.000000000 -0.000040987 0.000128471 0.000337140 0.000040972 1.000000000 0.000118797 -0.000335972 -0.000128476 -0.000118792 1.000000000 0.001694886
0.999999940 -0.000365770 0.000145428 0.001568381 0.000365862 0.999999702 -0.000637464 -0.002341547 -0.000145195 0.000637517 0.999999762 0.051833753
0.999999940 0.000234397 0.000230785 0.000813489 -0.000234146 0.999999404 -0.001089202 -0.007217404 -0.000231041 0.001089148 0.999999404 0.134138361
0.999999940 0.000321349 -0.000175007 0.005690692 -0.000321607 0.999998868 -0.001475743 -0.007422259 0.000174532 0.001475799 0.999998868 0.251915425
0.999999762 0.000681723 0.000103179 0.004887873 -0.000681609 0.999999166 -0.001106259 -0.013483360 -0.000103933 0.001106188 0.999999404 0.382394850
0.999999940 0.000363241 -0.000149479 0.010096928 -0.000363412 0.999999285 -0.001147655 -0.016076557 0.000149063 0.001147709 0.999999344 0.521702886
0.999999881 0.000494345 0.000032923 0.015162461 -0.000494315 0.999999464 -0.000911977 -0.024808042 -0.000033373 0.000911961 0.999999583 0.674892843
0.999999285 0.000994005 0.000619779 0.015876349 -0.000993390 0.999998987 -0.000991641 -0.024379553 -0.000620764 0.000991024 0.999999344 0.833236575
0.999999821 0.000456369 0.000387957 0.017233398 -0.000455930 0.999999285 -0.001130984 -0.026096506 -0.000388473 0.001130807 0.999999285 1.013037205
0.999999702 0.000649346 0.000368129 0.022662573 -0.000649284 0.999999762 -0.000168933 -0.040219847 -0.000368238 0.000168694 0.999999940 1.178958774
0.999999762 0.000612214 0.000375662 0.023544207 -0.000612045 0.999999702 -0.000451912 -0.041318353 -0.000375939 0.000451682 0.999999821 1.363157392
1.000000000 0.000137579 -0.000036945 0.038812507 -0.000137583 1.000000000 -0.000113574 -0.059336476 0.000036929 0.000113579 1.000000000 1.548765063
0.999999940 0.000222102 0.000168072 0.040544942 -0.000222126 0.999999940 0.000140427 -0.062534623 -0.000168041 -0.000140464 1.000000000 1.748710394
0.999999940 0.000295471 -0.000018883 0.045492936 -0.000295469 0.999999940 0.000137679 -0.061892077 0.000018924 -0.000137673 1.000000000 1.945741296
0.999998808 0.001491362 0.000335945 0.043924294 -0.001491531 0.999998748 0.000504289 -0.082644232 -0.000335193 -0.000504790 0.999999821 2.142205238
0.999998093 0.001926456 0.000269387 0.050318725 -0.001926601 0.999997973 0.000538094 -0.088813931 -0.000268350 -0.000538612 0.999999821 2.357493877
0.999998450 0.001741168 0.000128856 0.058224350 -0.001741253 0.999998271 0.000660066 -0.096777923 -0.000127706 -0.000660289 0.999999762 2.580183268
0.999998391 0.001748692 -0.000074939 0.064072728 -0.001748624 0.999998033 0.000899549 -0.106411010 0.000076512 -0.000899417 0.999999642 2.806027889
0.999999225 0.001200819 -0.000215751 0.068906881 -0.001200608 0.999998868 0.000975355 -0.111831330 0.000216922 -0.000975095 0.999999523 3.044137478
0.999998927 0.001443890 0.000092435 0.069010295 -0.001443944 0.999998748 0.000587206 -0.110133737 -0.000091587 -0.000587339 0.999999762 3.288263559
0.999999106 0.001297000 0.000424465 0.075285226 -0.001297352 0.999998868 0.000831412 -0.120245852 -0.000423387 -0.000831962 0.999999523 3.536044359
0.999999285 0.001205764 -0.000134940 0.081799284 -0.001205676 0.999999106 0.000644963 -0.122822315 0.000135718 -0.000644800 0.999999821 3.789083958
0.999999166 0.001271654 -0.000096447 0.086152487 -0.001271603 0.999999046 0.000534627 -0.128794283 0.000097127 -0.000534504 0.999999881 4.048352718
0.999998450 0.001727036 0.000321197 0.083547950 -0.001727270 0.999998271 0.000727525 -0.134668097 -0.000319940 -0.000728079 0.999999702 4.296191216
0.999998510 0.001702269 -0.000024407 0.093839802 -0.001702256 0.999998391 0.000533126 -0.136943772 0.000025315 -0.000533083 0.999999881 4.561051369
0.999999523 0.000930094 -0.000237085 0.104491591 -0.000929829 0.999998927 0.001115238 -0.151375517 0.000238122 -0.001115017 0.999999344 4.810814381
0.999999225 0.001064708 -0.000492139 0.109612942 -0.001064219 0.999998927 0.000993596 -0.156516805 0.000493197 -0.000993072 0.999999344 5.076817036
0.999999106 0.001316103 0.000247937 0.106838994 -0.001316382 0.999998510 0.001127342 -0.171913683 -0.000246453 -0.001127668 0.999999344 5.334768772
0.999998927 0.001393874 0.000216663 0.113308676 -0.001394071 0.999998569 0.000913248 -0.176446900 -0.000215390 -0.000913549 0.999999583 5.604381561
0.999999404 0.001106692 0.000144619 0.119386949 -0.001106852 0.999998808 0.001103814 -0.185960919 -0.000143397 -0.001103974 0.999999404 5.873894691
0.999999166 0.001283593 0.000284289 0.128361493 -0.001283951 0.999998391 0.001260166 -0.198121145 -0.000282670 -0.001260530 0.999999166 6.144676685
0.999998927 0.001406462 0.000202454 0.129807368 -0.001406732 0.999998093 0.001342272 -0.205662951 -0.000200565 -0.001342556 0.999999046 6.442683697
0.999999225 0.001214795 0.000234609 0.133775905 -0.001215092 0.999998510 0.001271961 -0.215670779 -0.000233063 -0.001272246 0.999999166 6.731254101
0.999998868 0.001460936 0.000285186 0.148040622 -0.001461433 0.999997437 0.001750010 -0.232022464 -0.000282629 -0.001750425 0.999998510 7.009475708
0.999999106 0.001261565 0.000177665 0.152363300 -0.001261883 0.999997556 0.001800689 -0.237900078 -0.000175393 -0.001800912 0.999998450 7.308671951
0.999998987 0.001314647 0.000513615 0.151785567 -0.001315356 0.999998152 0.001381781 -0.242247239 -0.000511797 -0.001382456 0.999998927 7.623195171
0.999998629 0.001607092 0.000417606 0.162066966 -0.001607911 0.999996722 0.001967491 -0.257548988 -0.000414442 -0.001968160 0.999997973 7.932991505
0.999998868 0.001418784 0.000510479 0.162579328 -0.001419570 0.999997735 0.001543895 -0.257735938 -0.000508288 -0.001544618 0.999998689 8.266274452
0.999998748 0.001310376 0.000904831 0.168253720 -0.001312371 0.999996603 0.002207455 -0.275869131 -0.000901936 -0.002208639 0.999997139 8.570413589
0.999998450 0.001100364 0.001393602 0.164321631 -0.001103277 0.999997199 0.002091822 -0.287878841 -0.001391296 -0.002093356 0.999996841 8.916379929
0.999998748 0.001094111 0.001179157 0.177173585 -0.001096928 0.999996543 0.002391235 -0.305104762 -0.001176536 -0.002392525 0.999996483 9.243400574
0.999998629 0.001325797 0.001029073 0.182111442 -0.001328390 0.999995947 0.002523183 -0.313633889 -0.001025724 -0.002524546 0.999996305 9.595232964
0.999998689 0.000982998 0.001284069 0.191399574 -0.000986377 0.999996006 0.002633787 -0.322018385 -0.001281475 -0.002635050 0.999995768 9.933129311
0.999998093 0.001147270 0.001575922 0.187591150 -0.001150999 0.999996483 0.002367285 -0.328953505 -0.001573200 -0.002369095 0.999995947 10.286599159
0.999997079 0.001450788 0.001904230 0.190282434 -0.001455966 0.999995232 0.002720825 -0.346000969 -0.001900273 -0.002723590 0.999994457 10.640219688
0.999996006 0.001699637 0.002254778 0.196094021 -0.001704782 0.999996006 0.002281972 -0.349499971 -0.002250890 -0.002285806 0.999994874 11.012832642
0.999994338 0.001891124 0.002791357 0.198120087 -0.001897656 0.999995410 0.002339103 -0.358496308 -0.002786921 -0.002344387 0.999993384 11.386829376
0.999997020 0.001592014 0.001920686 0.222128555 -0.001598463 0.999993026 0.003360378 -0.388400316 -0.001915324 -0.003363437 0.999992490 11.752836227
0.999997139 0.001295523 0.002031474 0.230159432 -0.001302788 0.999992788 0.003579234 -0.402088434 -0.002026822 -0.003581870 0.999991536 12.135721207
0.999995410 0.002061637 0.002223390 0.237709954 -0.002068524 0.999993086 0.003099484 -0.405194461 -0.002216985 -0.003104068 0.999992728 12.539469719
0.999995291 0.001747329 0.002493959 0.241104782 -0.001755476 0.999993145 0.003268299 -0.416836649 -0.002488231 -0.003272662 0.999991477 12.907122612
0.999994278 0.002054380 0.002677908 0.248654023 -0.002063069 0.999992669 0.003246203 -0.426958680 -0.002671219 -0.003251709 0.999991179 13.304062843
0.999995708 0.000759913 0.002794544 0.263381362 -0.000769953 0.999993265 0.003593374 -0.438701630 -0.002791794 -0.003595510 0.999989629 13.710691452
0.999993742 0.001386467 0.003256145 0.260035157 -0.001397498 0.999993265 0.003388275 -0.448335797 -0.003251425 -0.003392804 0.999988973 14.137589455
0.999993622 0.001377761 0.003286792 0.273626924 -0.001390270 0.999991775 0.003806445 -0.461554885 -0.003281520 -0.003810990 0.999987423 14.558501244
0.999991059 0.001527582 0.003947849 0.279115111 -0.001544051 0.999990106 0.004172058 -0.476241648 -0.003941437 -0.004178116 0.999983549 14.979067802
0.999992430 0.001329828 0.003655482 0.296221405 -0.001343385 0.999992192 0.003708822 -0.486991793 -0.003650521 -0.003713705 0.999986470 15.417426109
0.999990582 0.001087150 0.004185687 0.306911469 -0.001102613 0.999992549 0.003693664 -0.498044223 -0.004181640 -0.003698245 0.999984384 15.860939026
0.999990225 0.001124410 0.004280425 0.318981588 -0.001139573 0.999993086 0.003541510 -0.507662535 -0.004276413 -0.003546353 0.999984562 16.294647217
0.999987543 0.001721272 0.004691065 0.326264262 -0.001734701 0.999994457 0.002860192 -0.514106393 -0.004686115 -0.002868294 0.999984920 16.747657776
0.999985814 0.001596627 0.005077461 0.337683618 -0.001615138 0.999992192 0.003643738 -0.533690453 -0.005071603 -0.003651888 0.999980390 17.194814682
0.999983490 0.001563644 0.005528263 0.349540353 -0.001586562 0.999990225 0.004143657 -0.547540367 -0.005521731 -0.004152360 0.999976099 17.658565521
0.999981403 0.001773156 0.005827611 0.356567949 -0.001792500 0.999992907 0.003315797 -0.550104439 -0.005821691 -0.003326182 0.999977529 18.122177124
0.999979079 0.001883218 0.006200167 0.366615295 -0.001905546 0.999991715 0.003597283 -0.560833216 -0.006193340 -0.003609022 0.999974370 18.594200134
0.999976814 0.002029971 0.006493490 0.389574647 -0.002059829 0.999987364 0.004594958 -0.588268399 -0.006484081 -0.004608227 0.999968410 19.034898758
0.999977529 0.001958390 0.006408335 0.395374954 -0.001984344 0.999989867 0.004046031 -0.598515689 -0.006400346 -0.004058657 0.999971271 19.540025711
0.999972641 0.001733996 0.007183504 0.400008321 -0.001766402 0.999988317 0.004507272 -0.610483170 -0.007175605 -0.004519838 0.999963999 20.023860931
0.999977350 0.002367793 0.006286990 0.425167918 -0.002399813 0.999984145 0.005090362 -0.635299265 -0.006274839 -0.005105335 0.999967277 20.488323212
0.999977529 0.002338837 0.006286000 0.427784353 -0.002365426 0.999988258 0.004225741 -0.636511505 -0.006276044 -0.004240515 0.999971330 21.009239197
0.999983191 0.001694669 0.005533154 0.439100504 -0.001714838 0.999991834 0.003642502 -0.638956249 -0.005526935 -0.003651929 0.999978125 21.524675369
0.999972880 0.003110633 0.006685847 0.427784890 -0.003140618 0.999984980 0.004479071 -0.660842955 -0.006671814 -0.004499947 0.999967635 22.016839981
0.999985337 0.002307143 0.004901515 0.463197112 -0.002328485 0.999987841 0.004352839 -0.670341611 -0.004891414 -0.004364189 0.999978483 22.539913177
0.999987662 0.002199040 0.004447073 0.474066257 -0.002218748 0.999987721 0.004431633 -0.686077833 -0.004437273 -0.004441446 0.999980330 23.052507401
0.999987304 0.002829085 0.004167194 0.482398540 -0.002846976 0.999986768 0.004293744 -0.700560510 -0.004154993 -0.004305555 0.999982178 23.591959000
0.999992430 0.001840745 0.003431085 0.493097186 -0.001854783 0.999989927 0.004092817 -0.717102766 -0.003423519 -0.004099150 0.999985695 24.103958130
0.999989271 0.003141388 0.003409576 0.499385864 -0.003155954 0.999985874 0.004275042 -0.725727737 -0.003396098 -0.004285756 0.999985039 24.644279480
0.999989808 0.003403888 0.002953176 0.510668576 -0.003415616 0.999986291 0.003975324 -0.737193167 -0.002939604 -0.003985371 0.999987781 25.183246613
0.999992549 0.003148723 0.002226386 0.509825587 -0.003159423 0.999983311 0.004818786 -0.758765101 -0.002211176 -0.004825784 0.999985933 25.718194962
0.999992192 0.003346665 0.002103610 0.518879175 -0.003356038 0.999984324 0.004468588 -0.771158814 -0.002088623 -0.004475613 0.999987841 26.274118423
0.999994099 0.002646773 0.002169456 0.526826501 -0.002658395 0.999981999 0.005371919 -0.784946084 -0.002155198 -0.005377654 0.999983251 26.824159622
0.999998093 0.001929557 0.000327913 0.555273771 -0.001931378 0.999982178 0.005645170 -0.801923811 -0.000317014 -0.005645792 0.999984026 27.366231918
0.999994338 0.003277701 0.000785549 0.557982326 -0.003281669 0.999981582 0.005105956 -0.812433004 -0.000768799 -0.005108505 0.999986708 27.917999268
0.999994218 0.003302862 0.000842010 0.569893956 -0.003307625 0.999978185 0.005719471 -0.825726211 -0.000823102 -0.005722222 0.999983311 28.473449707
0.999996305 0.002699504 -0.000271200 0.578246593 -0.002697845 0.999978721 0.005943575 -0.847466946 0.000287237 -0.005942822 0.999982297 29.006254196
0.999996603 0.002548223 -0.000477596 0.590096831 -0.002545263 0.999978244 0.006098983 -0.855881333 0.000493126 -0.006097747 0.999981344 29.563179016
0.999996245 0.002637122 -0.000751715 0.593312740 -0.002632490 0.999977946 0.006098403 -0.871016860 0.000767780 -0.006096401 0.999981105 30.096080780
0.999996603 0.002602101 -0.000436655 0.603035033 -0.002599524 0.999979854 0.005802235 -0.882993042 0.000451745 -0.005801080 0.999983013 30.646184921
0.999994695 0.003016608 -0.001230514 0.617498040 -0.003009025 0.999976754 0.006118611 -0.900316536 0.001248943 -0.006114875 0.999980509 31.194229126
0.999994934 0.002864647 -0.001357912 0.629141986 -0.002856390 0.999977708 0.006044124 -0.909278929 0.001375195 -0.006040215 0.999980807 31.738084793
0.999994755 0.002876150 -0.001503295 0.639183223 -0.002866772 0.999976635 0.006204271 -0.927526712 0.001521104 -0.006199929 0.999979556 32.298633575
0.999994338 0.003059788 -0.001398405 0.644997776 -0.003050709 0.999974549 0.006449172 -0.937627196 0.001418102 -0.006444870 0.999978185 32.844337463
0.999994338 0.002885790 -0.001734328 0.652414680 -0.002875380 0.999978006 0.005975553 -0.946952820 0.001751533 -0.005970532 0.999980628 33.393180847
0.999993443 0.003315673 -0.001432361 0.656893969 -0.003307072 0.999976695 0.005966099 -0.955030024 0.001452108 -0.005961322 0.999981225 33.954357147
0.999994278 0.002647585 -0.002160812 0.668504059 -0.002633621 0.999975741 0.006440369 -0.973189592 0.002177811 -0.006434640 0.999976933 34.475547791
0.999993920 0.003213589 -0.001379261 0.667852581 -0.003204944 0.999975502 0.006224669 -0.981386781 0.001399231 -0.006220212 0.999979675 35.036178589
0.999993920 0.003108106 -0.001612647 0.684579968 -0.003097966 0.999975741 0.006252439 -0.994775355 0.001632041 -0.006247405 0.999979138 35.580570221
0.999992192 0.002899263 -0.002679990 0.701178610 -0.002882569 0.999976575 0.006212272 -1.007524133 0.002697940 -0.006204498 0.999977052 36.134380341
0.999992490 0.002898940 -0.002576962 0.710166752 -0.002883853 0.999978840 0.005838730 -1.016129375 0.002593833 -0.005831254 0.999979675 36.682773590
0.999992728 0.002961922 -0.002421775 0.720304370 -0.002946828 0.999976397 0.006212859 -1.032037020 0.002440120 -0.006205677 0.999977767 37.216510773
0.999989927 0.003385425 -0.002955031 0.730381668 -0.003367050 0.999975085 0.006200962 -1.047196150 0.002975951 -0.006190950 0.999976397 37.773094177
0.999991417 0.002468841 -0.003338673 0.741724193 -0.002449559 0.999980390 0.005767304 -1.057592392 0.003352846 -0.005759077 0.999977827 38.323177338
0.999992073 0.002985122 -0.002654808 0.745267153 -0.002969868 0.999979138 0.005731220 -1.068062544 0.002671861 -0.005723290 0.999980092 38.881973267
0.999989748 0.003292596 -0.003118858 0.759441674 -0.003275180 0.999979079 0.005572827 -1.077573895 0.003137142 -0.005562555 0.999979615 39.425102234
0.999989271 0.003166329 -0.003375513 0.765370488 -0.003143986 0.999973238 0.006603926 -1.096223712 0.003396333 -0.006593243 0.999972522 39.971103668
0.999987721 0.003247025 -0.003748509 0.784918308 -0.003219515 0.999968052 0.007321781 -1.119295716 0.003772162 -0.007309622 0.999966204 40.494491577
0.999988258 0.003335564 -0.003494730 0.798573017 -0.003313300 0.999974251 0.006357499 -1.118391275 0.003515846 -0.006345847 0.999973714 41.063365936
0.999986708 0.003457540 -0.003823158 0.796366096 -0.003433438 0.999974310 0.006292779 -1.129633904 0.003844818 -0.006279568 0.999972880 41.613880157
0.999985814 0.003498355 -0.004023752 0.812367022 -0.003471332 0.999971569 0.006703277 -1.149179935 0.004047088 -0.006689214 0.999969423 42.145080566
0.999986887 0.003524204 -0.003694913 0.817571163 -0.003501145 0.999974489 0.006228624 -1.153095007 0.003716769 -0.006215606 0.999973774 42.705379486
0.999985874 0.003844626 -0.003655345 0.809621930 -0.003820126 0.999970376 0.006686028 -1.166886806 0.003680943 -0.006671971 0.999970973 43.262702942
0.999987304 0.003703885 -0.003405858 0.815544903 -0.003681877 0.999972463 0.006445709 -1.178496361 0.003429638 -0.006433087 0.999973416 43.814125061
0.999990165 0.003070153 -0.003213191 0.822625756 -0.003049429 0.999974668 0.006435033 -1.191962242 0.003232866 -0.006425172 0.999974072 44.348461151
0.999986649 0.003678846 -0.003632055 0.830083907 -0.003655900 0.999973357 0.006304158 -1.201928020 0.003655151 -0.006290795 0.999973536 44.914493561
0.999982655 0.005242939 -0.002663891 0.830022812 -0.005226902 0.999968410 0.005991608 -1.208945036 0.002695220 -0.005977580 0.999978542 45.464382172
0.999986112 0.004145422 -0.003239325 0.849887013 -0.004124517 0.999970794 0.006433963 -1.226078510 0.003265901 -0.006420513 0.999974072 46.019283295
0.999986947 0.004009848 -0.003155307 0.859588385 -0.003988671 0.999969602 0.006689413 -1.239807963 0.003182034 -0.006676741 0.999972641 46.567943573
0.999985993 0.003915389 -0.003558599 0.869158983 -0.003894261 0.999974847 0.005925146 -1.240764737 0.003581710 -0.005911205 0.999976099 47.110881805
0.999987960 0.003701639 -0.003215557 0.873668849 -0.003681963 0.999974549 0.006103604 -1.253971815 0.003238069 -0.006091691 0.999976218 47.654106140
0.999989212 0.003482943 -0.003082468 0.880321443 -0.003465961 0.999978840 0.005497255 -1.261217475 0.003101550 -0.005486512 0.999980152 48.202148438
0.999988914 0.003098396 -0.003537593 0.890898645 -0.003078137 0.999979019 0.005717866 -1.265586615 0.003555235 -0.005706914 0.999977410 48.763599396
0.999990165 0.002859162 -0.003375382 0.897571921 -0.002839450 0.999978960 0.005830329 -1.279239058 0.003391981 -0.005820688 0.999977350 49.309890747
0.999991536 0.003118633 -0.002672864 0.898470879 -0.003105458 0.999983072 0.004919463 -1.281040668 0.002688161 -0.004911121 0.999984324 49.875087738
0.999989986 0.002856373 -0.003442613 0.912972152 -0.002837029 0.999980152 0.005610736 -1.295904994 0.003458571 -0.005600912 0.999978364 50.413810730
0.999988377 0.003655435 -0.003155856 0.917675257 -0.003639762 0.999980986 0.004957909 -1.306637526 0.003173920 -0.004946364 0.999982774 50.967300415
0.999990284 0.003367886 -0.002814429 0.921666861 -0.003352848 0.999980152 0.005330953 -1.321573019 0.002832327 -0.005321466 0.999981880 51.506099701
0.999988556 0.003261550 -0.003494226 0.937972724 -0.003242670 0.999980211 0.005395135 -1.331482530 0.003511753 -0.005383743 0.999979317 52.062221527
0.999990761 0.002808662 -0.003251597 0.945208132 -0.002793698 0.999985516 0.004597418 -1.338157892 0.003264463 -0.004588291 0.999984145 52.618125916
0.999991834 0.003763731 -0.001479911 0.928315878 -0.003756087 0.999979854 0.005134910 -1.357225180 0.001499207 -0.005129310 0.999985695 53.144107819
0.999990046 0.002984314 -0.003308893 0.958225846 -0.002968668 0.999984443 0.004723738 -1.363176584 0.003322939 -0.004713868 0.999983311 53.722774506
0.999992371 0.002508259 -0.002984733 0.968460619 -0.002495611 0.999987960 0.004233682 -1.373889804 0.002995316 -0.004226201 0.999986529 54.270065308
0.999991596 0.002942730 -0.002850260 0.978810251 -0.002929876 0.999985516 0.004503456 -1.391580939 0.002863472 -0.004495067 0.999985754 54.800006866
0.999989986 0.002883615 -0.003425402 0.996684730 -0.002867611 0.999984920 0.004667691 -1.398658276 0.003438811 -0.004657822 0.999983191 55.335872650
0.999989629 0.003770354 -0.002548383 0.997017741 -0.003758005 0.999981284 0.004833373 -1.409873962 0.002566559 -0.004823747 0.999985039 55.887416840
0.999991119 0.003017711 -0.002936088 1.007458568 -0.003004438 0.999985337 0.004514818 -1.421373248 0.002949670 -0.004505957 0.999985456 56.448463440
0.999988496 0.004308788 -0.002081425 1.008710146 -0.004299059 0.999979794 0.004656294 -1.434456468 0.002101446 -0.004647292 0.999987006 56.998203278
0.999991000 0.003230826 -0.002798875 1.017202735 -0.003217078 0.999982834 0.004902898 -1.449957371 0.002814668 -0.004893850 0.999984026 57.527561188
0.999990821 0.003290009 -0.002748977 1.023409247 -0.003276235 0.999982178 0.004999938 -1.462809205 0.002765378 -0.004990886 0.999983668 58.083484650
0.999992728 0.003148549 -0.002164388 1.033011198 -0.003139084 0.999985516 0.004362294 -1.470290661 0.002178091 -0.004355467 0.999988139 58.637119293
0.999989033 0.004074685 -0.002297088 1.035327315 -0.004064467 0.999981880 0.004435358 -1.479784012 0.002315118 -0.004425973 0.999987543 59.180751801
0.999989986 0.003746173 -0.002448752 1.045565367 -0.003737671 0.999987006 0.003466961 -1.482472420 0.002461708 -0.003457774 0.999991000 59.722316742
0.999990880 0.003616696 -0.002246870 1.056511164 -0.003609039 0.999987721 0.003402215 -1.493613720 0.002259147 -0.003394075 0.999991715 60.272632599
0.999989867 0.003954531 -0.002148258 1.073058128 -0.003945093 0.999982655 0.004379612 -1.513710737 0.002165539 -0.004371094 0.999988139 60.828487396
0.999988139 0.003909905 -0.002910168 1.075539589 -0.003900887 0.999987602 0.003097697 -1.511495352 0.002922244 -0.003086308 0.999990940 61.352298737
0.999988973 0.004041690 -0.002364018 1.083791614 -0.004034086 0.999986649 0.003213077 -1.525731921 0.002376972 -0.003203505 0.999992013 61.901981354
0.999987125 0.004246003 -0.002793590 1.101590276 -0.004236856 0.999985635 0.003271730 -1.541018724 0.002807441 -0.003259852 0.999990761 62.449745178
0.999987245 0.004177701 -0.002841257 1.105163217 -0.004168776 0.999986351 0.003139741 -1.552939773 0.002854336 -0.003127856 0.999991000 62.996906281
0.999989510 0.003641116 -0.002793648 1.114900470 -0.003632750 0.999989033 0.002993636 -1.563113928 0.002804518 -0.002983456 0.999991596 63.552040100
0.999987721 0.004182675 -0.002669121 1.120314121 -0.004173616 0.999985635 0.003390755 -1.587463856 0.002683266 -0.003379574 0.999990642 64.097709656
0.999988079 0.004239015 -0.002424378 1.126514792 -0.004232526 0.999987483 0.002675484 -1.584933877 0.002435689 -0.002665191 0.999993503 64.634101868
0.999985039 0.004776911 -0.002676202 1.139856815 -0.004767369 0.999982238 0.003560411 -1.604746938 0.002693163 -0.003547599 0.999990046 65.176185608
0.999985456 0.004880348 -0.002270718 1.147801280 -0.004873794 0.999983966 0.002882983 -1.614618659 0.002284752 -0.002871874 0.999993265 65.736640930
0.999986410 0.004725102 -0.002180576 1.165679216 -0.004720094 0.999986231 0.002296303 -1.615445375 0.002191396 -0.002285980 0.999994993 66.280166626
0.999987662 0.004197948 -0.002665192 1.162864089 -0.004192339 0.999988973 0.002106597 -1.621100664 0.002674006 -0.002095398 0.999994218 66.809211731
0.999985278 0.004725139 -0.002680789 1.174791455 -0.004720244 0.999987245 0.001829089 -1.633084893 0.002689397 -0.001816408 0.999994695 67.362976074
0.999986291 0.004918498 -0.001781156 1.161570549 -0.004914234 0.999984980 0.002390786 -1.649898052 0.001792888 -0.002382000 0.999995530 67.914138794
0.999986410 0.004754710 -0.002143761 1.186219811 -0.004748161 0.999984086 0.003049774 -1.682156086 0.002158228 -0.003039554 0.999993026 68.435112000
0.999985814 0.005015211 -0.001820336 1.188764930 -0.005010619 0.999984264 0.002518605 -1.694579720 0.001832939 -0.002509448 0.999995172 68.979515076
0.999986589 0.004564506 -0.002442846 1.218076229 -0.004555583 0.999983013 0.003646097 -1.722071171 0.002459446 -0.003634919 0.999990344 69.510154724
0.999984860 0.005218172 -0.001695533 1.206249475 -0.005214147 0.999983549 0.002370517 -1.710675836 0.001707875 -0.002361640 0.999995768 70.044204712
0.999984860 0.005301190 -0.001450859 1.210210919 -0.005297875 0.999983430 0.002279324 -1.721858978 0.001462918 -0.002271603 0.999996424 70.605010986
0.999985218 0.005308886 -0.001166918 1.218626380 -0.005306772 0.999984264 0.001807598 -1.729904294 0.001176496 -0.001801379 0.999997675 71.136375427
0.999982178 0.005774352 -0.001531987 1.225204945 -0.005770266 0.999979734 0.002658073 -1.759448290 0.001547304 -0.002649186 0.999995291 71.664840698
0.999980330 0.005944842 -0.001990738 1.243713617 -0.005939679 0.999978960 0.002589969 -1.774978042 0.002006093 -0.002578094 0.999994695 72.205947876
0.999979317 0.005900776 -0.002565004 1.260744572 -0.005893770 0.999978900 0.002730305 -1.798448563 0.002581060 -0.002715131 0.999993026 72.749740601
0.999979854 0.006156398 -0.001564201 1.247313023 -0.006151868 0.999976933 0.002884475 -1.816767216 0.001581923 -0.002874793 0.999994636 73.281776428
0.999981046 0.005710796 -0.002306754 1.269287825 -0.005703439 0.999978662 0.003183754 -1.826931596 0.002324887 -0.003170538 0.999992251 73.809257507
0.999981046 0.005796682 -0.002080986 1.273440957 -0.005788573 0.999975741 0.003881658 -1.844149232 0.002103436 -0.003869538 0.999990225 74.367233276
0.999980032 0.005599875 -0.002931181 1.295196652 -0.005588929 0.999977469 0.003729153 -1.855923414 0.002951997 -0.003712696 0.999988794 74.891174316
0.999982655 0.005422524 -0.002288175 1.295424938 -0.005414960 0.999979913 0.003298818 -1.867225647 0.002306018 -0.003286371 0.999991894 75.428024292
0.999986827 0.004231682 -0.002899895 1.313581944 -0.004221832 0.999985397 0.003394085 -1.884140015 0.002914215 -0.003381797 0.999990046 75.963294983
0.999985456 0.004833278 -0.002380593 1.323435783 -0.004824722 0.999981999 0.003586540 -1.900851965 0.002397885 -0.003575003 0.999990821 76.504638672
0.999985099 0.004982160 -0.002199786 1.336282492 -0.004974136 0.999981046 0.003637531 -1.910655618 0.002217867 -0.003626535 0.999991000 77.049072266
0.999987006 0.004599232 -0.002195142 1.330167890 -0.004592925 0.999985337 0.002869335 -1.914757252 0.002208306 -0.002859216 0.999993503 77.606582642
0.999987841 0.004284089 -0.002450096 1.347641826 -0.004277569 0.999987245 0.002660373 -1.929721594 0.002461463 -0.002649860 0.999993503 78.151763916
0.999988377 0.004433056 -0.001890035 1.356843233 -0.004428090 0.999986768 0.002624090 -1.945069194 0.001901643 -0.002615690 0.999994755 78.707099915
0.999986827 0.004784651 -0.001880187 1.367130280 -0.004779337 0.999984562 0.002820819 -1.956143975 0.001893655 -0.002811795 0.999994278 79.243438721
0.999985933 0.004843690 -0.002174901 1.360792994 -0.004836994 0.999983549 0.003073546 -1.976688385 0.002189753 -0.003062983 0.999992907 79.779685974
0.999987841 0.004402423 -0.002239038 1.373526335 -0.004395963 0.999986231 0.002882412 -1.991510272 0.002251697 -0.002872535 0.999993384 80.328094482
0.999990404 0.004308933 -0.000790358 1.389449596 -0.004306642 0.999986589 0.002878779 -2.003458977 0.000802752 -0.002875348 0.999995589 80.875122070
0.999986172 0.005242377 -0.000144349 1.404541373 -0.005241933 0.999981999 0.002923564 -2.014961958 0.000159672 -0.002922767 0.999995708 81.412666321
0.999980986 0.005882352 0.001848182 1.409052730 -0.005888206 0.999977589 0.003178273 -2.031650782 -0.001829445 -0.003189095 0.999993265 81.963218689
0.999983311 0.005069546 0.002766772 1.421279669 -0.005077433 0.999983072 0.002851148 -2.041359901 -0.002752270 -0.002865148 0.999992132 82.505004883
0.999968946 0.004703935 0.006314124 1.439462423 -0.004720590 0.999985456 0.002625467 -2.054116964 -0.006301681 -0.002655192 0.999976635 83.061584473
0.999938667 0.005079234 0.009828965 1.456008196 -0.005106525 0.999983191 0.002753486 -2.069625139 -0.009814816 -0.002803510 0.999947846 83.602783203
0.999896526 0.005521254 0.013277240 1.474523783 -0.005559472 0.999980569 0.002843349 -2.084585190 -0.013261282 -0.002916869 0.999907792 84.145149231
0.999818742 0.005611564 0.018192178 1.485552669 -0.005667856 0.999979317 0.003044246 -2.105963469 -0.018174713 -0.003146805 0.999829888 84.683181763
0.999693573 0.005210379 0.024199957 1.515282035 -0.005278989 0.999982297 0.002772130 -2.116139412 -0.024185086 -0.002899032 0.999703228 85.233551025
0.999564886 0.004983665 0.029072199 1.557210803 -0.005084239 0.999981344 0.003386529 -2.140635729 -0.029054783 -0.003532865 0.999571562 85.760192871
0.999379575 0.004813092 0.034889199 1.579738617 -0.004909923 0.999984324 0.002690235 -2.143566608 -0.034875706 -0.002859869 0.999387503 86.333328247
0.999024808 0.004806077 0.043886486 1.611701488 -0.004919713 0.999984801 0.002481708 -2.154431105 -0.043873884 -0.002695197 0.999033451 86.894195557
0.998656631 0.004244905 0.051640600 1.668032885 -0.004405523 0.999985874 0.002996865 -2.172280312 -0.051627144 -0.003220343 0.998661160 87.442146301
0.998256505 0.005399544 0.058778152 1.703190088 -0.005602592 0.999978960 0.003290245 -2.186711788 -0.058759142 -0.003613818 0.998265684 87.993209839
0.997723937 0.005454418 0.067209713 1.767497063 -0.005680486 0.999978840 0.003172980 -2.212585211 -0.067190990 -0.003547542 0.997733772 88.544487000
0.996973336 0.005678335 0.077536717 1.827605724 -0.005931679 0.999977767 0.003037479 -2.224834442 -0.077517763 -0.003488209 0.996984839 89.076225281
0.996303141 0.004451602 0.085792273 1.901247978 -0.004719870 0.999984682 0.002924370 -2.240986347 -0.085777931 -0.003318488 0.996308744 89.630035400
0.995527565 0.005276813 0.094324283 1.959819317 -0.005552194 0.999981046 0.002657318 -2.249584436 -0.094308473 -0.003169140 0.995537996 90.205513000
0.994468451 0.004797392 0.104925714 2.045510292 -0.005091663 0.999983847 0.002536886 -2.259274721 -0.104911834 -0.003057100 0.994476795 90.754798889
0.993264318 0.005159824 0.115755312 2.116682053 -0.005516883 0.999980986 0.002764439 -2.272197008 -0.115738839 -0.003384427 0.993273914 91.292106628
0.992172360 0.004634399 0.124789760 2.197010040 -0.005042715 0.999983013 0.002956368 -2.287541628 -0.124773942 -0.003562506 0.992178798 91.828681946
0.990727067 0.004467221 0.135793641 2.288559914 -0.004862370 0.999984920 0.002578383 -2.289314508 -0.135780066 -0.003214753 0.990733802 92.374732971
0.988955617 0.004015053 0.148157015 2.383319855 -0.004476637 0.999986172 0.002782185 -2.306134224 -0.148143768 -0.003414703 0.988960028 92.907012939
0.987381995 0.004151979 0.158301964 2.505658150 -0.004712991 0.999983907 0.003168703 -2.330756664 -0.158286244 -0.003874796 0.987385571 93.440544128
0.985634208 0.003240505 0.168862969 2.618743896 -0.003798828 0.999988317 0.002983413 -2.344978809 -0.168851361 -0.003582036 0.985635042 93.979171753
0.983293116 0.002915681 0.182005852 2.741330147 -0.003509336 0.999989510 0.002939772 -2.357836485 -0.181995362 -0.003529377 0.983293056 94.512199402
0.981017113 0.003049269 0.193897411 2.870616913 -0.003735448 0.999987960 0.003173360 -2.375770569 -0.193885401 -0.003837414 0.981016755 95.040245056
0.978959799 0.002250633 0.204041228 2.998752594 -0.002920585 0.999991298 0.002982344 -2.386217117 -0.204032719 -0.003515515 0.978957772 95.570861816
0.975923300 0.002365267 0.218101114 3.129074097 -0.003016838 0.999991953 0.002654521 -2.395993471 -0.218093038 -0.003248584 0.975922585 96.155471802
0.972913802 0.002625861 0.231152952 3.282423019 -0.003303313 0.999991357 0.002543771 -2.408912182 -0.231144249 -0.003238441 0.972914040 96.686576843
0.970277250 0.002061167 0.241987318 3.434114456 -0.002839084 0.999991953 0.002866048 -2.426904440 -0.241979450 -0.003467883 0.970275223 97.207366943
0.967284083 0.002161409 0.253686488 3.586639404 -0.003115604 0.999989510 0.003359611 -2.447675705 -0.253676564 -0.004040085 0.967280686 97.712318420
0.963253856 0.002116343 0.268584341 3.731838226 -0.002994815 0.999991417 0.002861082 -2.454324484 -0.268576086 -0.003560308 0.963251829 98.270339966
0.959775031 0.001658803 0.280765176 3.902887344 -0.002458472 0.999993920 0.002495992 -2.465958595 -0.280759364 -0.003085844 0.959773183 98.795478821
0.956351221 0.001393422 0.292216271 4.086008072 -0.002292275 0.999993622 0.002733615 -2.481857300 -0.292210668 -0.003284135 0.956348300 99.333984375
0.952091694 0.001149951 0.305811018 4.262245178 -0.002375333 0.999990582 0.003634907 -2.505558014 -0.305803984 -0.004187167 0.952085316 99.812644958
0.948016226 0.000365495 0.318222046 4.472644806 -0.001453261 0.999993861 0.003180866 -2.515348911 -0.318218976 -0.003477971 0.948010862 100.285530090
0.943729222 0.000037917 0.330719233 4.676273346 -0.001065837 0.999995172 0.002926787 -2.518735647 -0.330717474 -0.003114587 0.943724632 100.859329224
0.938874066 0.000547650 0.344260454 4.883689880 -0.001610869 0.999994814 0.002802401 -2.532516956 -0.344257116 -0.003185660 0.938870013 101.382881165
0.933889449 -0.000364919 0.357561678 5.103410721 -0.000529919 0.999996960 0.002404630 -2.547311306 -0.357561469 -0.002435137 0.933886409 101.872932434
0.929122090 0.000433981 0.369772911 5.320039749 -0.001561960 0.999994993 0.002751074 -2.564378500 -0.369769871 -0.003133654 0.929118097 102.382919312
0.924422920 -0.001410071 0.381366372 5.566692352 0.000500205 0.999996781 0.002484922 -2.575945854 -0.381368667 -0.002106358 0.924420655 102.899223328
0.918550313 -0.001640431 0.395300865 5.803104401 0.000519925 0.999995470 0.002941673 -2.592306614 -0.395303905 -0.002496548 0.918547034 103.379951477
0.912648499 -0.002061072 0.408740103 6.049247742 0.000752714 0.999994099 0.003361786 -2.607721567 -0.408744633 -0.002760464 0.912644625 103.884368896
0.907369554 -0.002206453 0.420327961 6.302616119 0.000833178 0.999993682 0.003450731 -2.627384663 -0.420332938 -0.002780880 0.907365680 104.392654419
0.901527226 -0.002927547 0.432712466 6.583515167 0.001925832 0.999994397 0.002753191 -2.639122486 -0.432718068 -0.001648745 0.901527822 104.884216309
0.894599855 -0.003485543 0.446854323 6.835979462 0.002326437 0.999992371 0.003142603 -2.652577162 -0.446861863 -0.001771793 0.894601226 105.373153687
0.888587713 -0.004339938 0.458686084 7.116630554 0.003132492 0.999989390 0.003393163 -2.669896603 -0.458695948 -0.001578293 0.888591945 105.851173401
0.883069575 -0.004840349 0.469217241 7.387268066 0.003673729 0.999987423 0.003401687 -2.681725979 -0.469227791 -0.001280149 0.883076191 106.319595337
0.875711143 -0.004965408 0.482809812 7.664104462 0.003672235 0.999986827 0.003623629 -2.697065592 -0.482821375 -0.001400261 0.875717819 106.790969849
0.868459284 -0.004821920 0.495736986 7.949428558 0.003752020 0.999987900 0.003153661 -2.698478222 -0.495746285 -0.000878811 0.868466973 107.278213501
0.862628520 -0.004906027 0.505814135 8.246379852 0.003896142 0.999987721 0.003054568 -2.710661650 -0.505822897 -0.000664233 0.862637162 107.749298096
