1.000000000 0.000000000 0.000000000 0.000000000 0.000000000 1.000000000 0.000000000 0.000000000 0.000000000 0.000000000 1.000000000 0.000000000
1.000000000 -0.000028370 -0.000134065 0.003919822 0.000028376 1.000000000 0.000047950 -0.000478019 0.000134064 -0.000047954 1.000000000 -0.000811613
1.000000000 0.000119474 -0.000015660 0.000603299 -0.000119474 1.000000000 0.000029287 -0.000675834 0.000015664 -0.000029285 1.000000000 -0.002808761
1.000000000 -0.000169180 -0.000145332 0.006162242 0.000169198 1.000000000 0.000126053 -0.001734973 0.000145311 -0.000126078 1.000000000 -0.002814835
1.000000000 -0.000139056 -0.000167064 0.003931256 0.000139069 1.000000000 0.000076407 -0.001453428 0.000167054 -0.000076430 1.000000000 -0.003091051
1.000000000 0.000049108 0.000012460 -0.000771435 -0.000049107 1.000000000 -0.000059243 -0.000567371 -0.000012463 0.000059242 1.000000000 -0.002389710
1.000000000 -0.000085341 -0.000104510 0.003300534 0.000085357 1.000000000 0.000155705 -0.002314892 0.000104496 -0.000155714 1.000000000 -0.005634599
1.000000000 -0.000082629 -0.000051621 -0.001111467 0.000082632 1.000000000 0.000063754 0.000105652 0.000051616 -0.000063758 1.000000000 0.002858851
1.000000000 -0.000009543 -0.000079960 0.002362664 0.000009547 1.000000000 0.000048040 -0.003103355 0.000079960 -0.000048040 1.000000000 -0.007352814
1.000000000 -0.000076914 -0.000051784 0.001812831 0.000076919 1.000000000 0.000098672 -0.000736474 0.000051776 -0.000098676 1.000000000 -0.005975154
1.000000000 -0.000018193 0.000023489 0.000075018 0.000018192 1.000000000 0.000065976 -0.001091427 -0.000023490 -0.000065975 1.000000000 -0.002475486
0.999999940 -0.000229831 -0.000126872 0.001329886 0.000229846 0.999999940 0.000113133 -0.003167324 0.000126846 -0.000113162 1.000000000 -0.008410244
1.000000000 -0.000035782 0.000052209 0.000009204 0.000035778 1.000000000 0.000073351 -0.001739548 -0.000052211 -0.000073349 1.000000000 -0.004128646
1.000000000 -0.000098805 -0.000014665 0.001625393 0.000098807 1.000000000 0.000135076 -0.002620978 0.000014652 -0.000135078 1.000000000 -0.006721645
1.000000000 -0.000213362 -0.000088876 0.001870867 0.000213375 0.999999940 0.000140365 -0.001682373 0.000088846 -0.000140384 1.000000000 -0.006282203
1.000000000 -0.000096249 -0.000078597 0.000759385 0.000096259 1.000000000 0.000125490 -0.001565468 0.000078585 -0.000125498 1.000000000 -0.005976454
0.999999940 -0.000240983 -0.000047486 0.001132331 0.000240987 0.999999940 0.000083536 -0.001875145 0.000047466 -0.000083548 1.000000000 -0.007075255
1.000000000 -0.000029220 -0.000075909 0.002691558 0.000029233 1.000000000 0.000162633 -0.003263310 0.000075904 -0.000162635 1.000000000 -0.009935756
0.999999940 -0.000328066 -0.000062484 0.003349660 0.000328079 0.999999940 0.000200557 -0.004204376 0.000062419 -0.000200578 1.000000000 -0.009241084
1.000000000 -0.000137782 -0.000065796 0.001846727 0.000137789 1.000000000 0.000104908 -0.003588220 0.000065781 -0.000104917 1.000000000 -0.006327085
1.000000000 -0.000084021 -0.000058970 0.003285281 0.000084038 0.999999940 0.000296058 -0.006049543 0.000058945 -0.000296063 0.999999940 -0.008880663
1.000000000 -0.000005656 0.000018036 0.000055495 0.000005653 1.000000000 0.000134615 -0.001448307 -0.000018037 -0.000134615 1.000000000 -0.005419904
0.999999940 -0.000270217 -0.000206557 0.005864133 0.000270281 0.999999940 0.000306596 -0.003864448 0.000206474 -0.000306652 0.999999940 -0.013439867
0.999999940 -0.000384521 -0.000103503 0.001061506 0.000384553 0.999999881 0.000303708 -0.003817155 0.000103386 -0.000303748 0.999999940 -0.006764837
0.999999940 -0.000255325 -0.000193663 0.005598521 0.000255372 0.999999940 0.000241682 -0.003651873 0.000193602 -0.000241731 0.999999940 -0.011595004
1.000000000 -0.000204027 -0.000108617 0.002737934 0.000204057 0.999999940 0.000281816 -0.003774360 0.000108559 -0.000281838 0.999999940 -0.011136875
1.000000000 -0.000102148 -0.000102219 0.001769099 0.000102170 1.000000000 0.000213268 -0.005076389 0.000102197 -0.000213278 1.000000000 -0.011149962
0.999999940 -0.000227491 -0.000094409 0.002599944 0.000227515 0.999999940 0.000256597 -0.004202199 0.000094351 -0.000256618 0.999999940 -0.006454510
1.000000000 -0.000187155 -0.000096781 -0.000418707 0.000187169 1.000000000 0.000143969 0.000438650 0.000096754 -0.000143987 1.000000000 -0.006083360
1.000000000 -0.000072418 -0.000027409 -0.000973594 0.000072424 1.000000000 0.000231450 -0.001592806 0.000027392 -0.000231452 1.000000000 -0.003147117
1.000000000 -0.000127207 -0.000080160 -0.000758207 0.000127224 0.999999940 0.000214167 -0.001515257 0.000080133 -0.000214177 1.000000000 -0.001808585
0.999999940 -0.000314371 -0.000189205 -0.001417793 0.000314420 0.999999940 0.000256277 -0.003216251 0.000189125 -0.000256336 0.999999940 -0.009921952
0.999999940 -0.000364516 -0.000171124 0.002844899 0.000364560 0.999999881 0.000254742 -0.004023094 0.000171031 -0.000254805 0.999999940 -0.008544949
1.000000000 -0.000135160 -0.000148832 0.000758016 0.000135183 1.000000000 0.000150908 -0.001731300 0.000148812 -0.000150929 1.000000000 -0.003412161
1.000000000 -0.000203755 -0.000104138 0.000975275 0.000203769 0.999999940 0.000138139 -0.002670745 0.000104110 -0.000138161 1.000000000 -0.003548665
0.999999940 -0.000241456 -0.000067243 -0.000562288 0.000241455 1.000000000 -0.000022943 -0.000345130 0.000067248 0.000022927 1.000000000 -0.006045857
0.999999940 -0.000244572 -0.000106323 0.002534972 0.000244590 0.999999940 0.000172303 -0.001874181 0.000106281 -0.000172329 1.000000000 -0.008428475
0.999999940 -0.000234428 -0.000148743 0.001249733 0.000234452 0.999999940 0.000161038 -0.001305057 0.000148705 -0.000161073 1.000000000 -0.007733217
0.999999940 -0.000231370 -0.000121810 0.000377429 0.000231405 0.999999940 0.000287131 -0.002618596 0.000121743 -0.000287159 0.999999940 -0.009440216
0.999999940 -0.000272522 -0.000165693 0.002900112 0.000272565 0.999999940 0.000257008 -0.005296759 0.000165623 -0.000257054 0.999999940 -0.008234705
0.999999940 -0.000195309 -0.000165491 0.007740310 0.000195243 0.999999881 -0.000399736 -0.009098585 0.000165570 0.000399704 0.999999881 0.043972012
0.999999940 -0.000259569 -0.000180209 0.006296604 0.000259379 0.999999404 -0.001053083 -0.007327975 0.000180482 0.001053036 0.999999404 0.140186369
0.999999940 -0.000281220 -0.000121565 0.003347210 0.000281064 0.999999166 -0.001282949 -0.013565323 0.000121925 0.001282915 0.999999166 0.261058092
0.999999940 -0.000422424 0.000011390 0.001912422 0.000422438 0.999999106 -0.001269578 -0.018299632 -0.000010854 0.001269583 0.999999166 0.395053267
0.999999940 -0.000270443 -0.000275448 0.016648231 0.000270158 0.999999404 -0.001032546 -0.022611078 0.000275727 0.001032471 0.999999404 0.529981136
1.000000000 -0.000125389 -0.000091064 0.014134130 0.000125299 0.999999523 -0.000988102 -0.029307406 0.000091188 0.000988091 0.999999523 0.691457152
0.999999881 -0.000297517 0.000385908 0.010379688 0.000297845 0.999999583 -0.000850633 -0.030978609 -0.000385655 0.000850748 0.999999583 0.868952274
0.999999881 -0.000463949 -0.000245848 0.022941796 0.000463843 0.999999821 -0.000430717 -0.041295648 0.000246047 0.000430603 0.999999881 1.028392911
0.999999940 -0.000087320 0.000237985 0.023631785 0.000087474 0.999999762 -0.000646859 -0.039496642 -0.000237929 0.000646879 0.999999762 1.204379201
0.999999940 -0.000397129 -0.000074411 0.043552373 0.000397113 0.999999881 -0.000209641 -0.055550091 0.000074494 0.000209612 1.000000000 1.412512898
1.000000000 -0.000231762 -0.000043865 0.041498974 0.000231750 0.999999940 -0.000275789 -0.063509233 0.000043929 0.000275779 0.999999940 1.603574395
0.999998033 0.000508561 0.001926181 -0.002422994 -0.000507201 0.999999642 -0.000706352 -0.076144159 -0.001926540 0.000705373 0.999997914 1.751005411
0.999998629 -0.000052021 0.001687415 0.010341295 0.000052625 1.000000000 -0.000358208 -0.084508635 -0.001687396 0.000358296 0.999998510 1.953274608
0.999997199 0.000781126 0.002201321 0.004749828 -0.000779552 0.999999464 -0.000715660 -0.090538606 -0.002201878 0.000713942 0.999997318 2.176217079
0.999997556 0.000734266 0.002100655 0.015119376 -0.000733172 0.999999642 -0.000521577 -0.098976947 -0.002101037 0.000520036 0.999997675 2.403787374
0.999997020 0.001258709 0.002082165 0.021179508 -0.001257510 0.999999106 -0.000577400 -0.096900128 -0.002082890 0.000574780 0.999997675 2.652017832
0.999995828 0.001337604 0.002585345 0.019990722 -0.001337094 0.999999106 -0.000199079 -0.109008297 -0.002585609 0.000195621 0.999996662 2.872772932
0.999997139 0.000930271 0.002215194 0.030056478 -0.000929559 0.999999523 -0.000322337 -0.117397323 -0.002215493 0.000320277 0.999997497 3.082502604
0.999996066 0.001389935 0.002451760 0.029064678 -0.001388821 0.999998927 -0.000455987 -0.124472484 -0.002452391 0.000452580 0.999996901 3.328499556
0.999996483 0.001147186 0.002413419 0.036924809 -0.001146503 0.999999285 -0.000284214 -0.132348910 -0.002413744 0.000281446 0.999997079 3.590436459
0.999996305 0.001526264 0.002271505 0.048201028 -0.001525343 0.999998808 -0.000407114 -0.134682655 -0.002272124 0.000403647 0.999997258 3.827085018
0.999997556 0.000668182 0.002118654 0.061504818 -0.000667625 0.999999702 -0.000263932 -0.144183367 -0.002118830 0.000262516 0.999997675 4.110498428
0.999995708 0.000949420 0.002768754 0.040218558 -0.000949829 0.999999464 0.000146783 -0.168296263 -0.002768614 -0.000149412 0.999996126 4.297058105
0.999995947 0.001322989 0.002529908 0.052647464 -0.001322575 0.999999046 -0.000165003 -0.171573311 -0.002530124 0.000161657 0.999996841 4.565277100
0.999995112 0.000809542 0.003000213 0.054723050 -0.000809225 0.999999702 -0.000107080 -0.178814977 -0.003000298 0.000104651 0.999995530 4.834495068
0.999994814 0.001294445 0.002938819 0.074326031 -0.001294265 0.999999225 -0.000063311 -0.189200819 -0.002938899 0.000059507 0.999995768 5.104656696
0.999995470 0.000913631 0.002871105 0.064058721 -0.000915372 0.999999464 0.000604786 -0.203979060 -0.002870551 -0.000607411 0.999995708 5.363615513
0.999994636 0.001216812 0.003037702 0.054987513 -0.001218957 0.999998987 0.000704402 -0.226939380 -0.003036842 -0.000708101 0.999995112 5.576846123
0.999992967 0.002125262 0.003079108 0.060690582 -0.002127185 0.999997497 0.000621384 -0.233155042 -0.003077780 -0.000627929 0.999995053 5.848536015
0.999993503 0.001426655 0.003314595 0.068220720 -0.001428281 0.999998927 0.000488232 -0.242260829 -0.003313895 -0.000492963 0.999994338 6.126268387
0.999992251 0.001848761 0.003459797 0.073114946 -0.001852279 0.999997735 0.001013763 -0.256795138 -0.003457915 -0.001020163 0.999993503 6.399551392
0.999994218 0.001428573 0.003093672 0.080963857 -0.001430999 0.999998689 0.000782259 -0.269387782 -0.003092550 -0.000786682 0.999994934 6.640766144
0.999993563 0.001448533 0.003299228 0.093399614 -0.001451546 0.999998569 0.000911040 -0.281457275 -0.003297903 -0.000915823 0.999994218 6.933369160
0.999993384 0.001633194 0.003258956 0.103590041 -0.001636543 0.999998212 0.001025398 -0.289314538 -0.003257276 -0.001030724 0.999994159 7.228913307
0.999992788 0.001564710 0.003479543 0.107537933 -0.001568503 0.999998212 0.001087349 -0.300959736 -0.003477835 -0.001092799 0.999993324 7.538744450
0.999994397 0.001200028 0.003132187 0.110849164 -0.001203774 0.999998569 0.001194422 -0.309118569 -0.003130749 -0.001198186 0.999994397 7.860234737
0.999994457 0.001054837 0.003178374 0.118294753 -0.001056953 0.999999225 0.000663970 -0.313048542 -0.003177671 -0.000667326 0.999994695 8.180194855
0.999993324 0.001223002 0.003449897 0.127851427 -0.001224825 0.999999106 0.000526617 -0.312123299 -0.003449250 -0.000530839 0.999993920 8.512925148
0.999991775 0.001420093 0.003809645 0.123030797 -0.001423326 0.999998689 0.000846168 -0.326192945 -0.003808438 -0.000851584 0.999992371 8.852103233
0.999994874 0.000676659 0.003129593 0.144492924 -0.000680136 0.999999166 0.001110097 -0.343233496 -0.003128839 -0.001112220 0.999994457 9.158189774
0.999995589 0.000159641 0.002930611 0.155002549 -0.000162899 0.999999344 0.001111405 -0.350369364 -0.002930431 -0.001111877 0.999995053 9.510206223
0.999995470 0.000303605 0.003004773 0.157165676 -0.000306886 0.999999404 0.001091584 -0.353879899 -0.003004439 -0.001092502 0.999994874 9.858954430
0.999994099 0.000601364 0.003404049 0.162719175 -0.000605715 0.999998987 0.001277401 -0.371907353 -0.003403277 -0.001279455 0.999993384 10.213122368
0.999995828 -0.000123581 0.002908995 0.180327684 0.000118714 0.999998629 0.001673133 -0.387170166 -0.002909197 -0.001672780 0.999994397 10.584184647
0.999995351 0.000272973 0.003016142 0.192532316 -0.000278784 0.999998093 0.001926181 -0.408361197 -0.003015611 -0.001927014 0.999993563 10.864627838
0.999994755 0.001076522 0.003061300 0.195039913 -0.001082148 0.999997735 0.001836872 -0.420628905 -0.003059315 -0.001840175 0.999993682 11.250117302
0.999996006 0.000316351 0.002820236 0.210311443 -0.000321385 0.999998391 0.001784528 -0.425366819 -0.002819667 -0.001785427 0.999994457 11.635358810
0.999993205 0.001436118 0.003398465 0.213075817 -0.001444151 0.999996185 0.002362450 -0.443866283 -0.003395059 -0.002367342 0.999991536 11.979550362
0.999993443 0.000946259 0.003490407 0.215925962 -0.000954666 0.999996662 0.002407803 -0.455641210 -0.003488117 -0.002411119 0.999991000 12.360155106
0.999994755 0.000172833 0.003228305 0.233298913 -0.000180562 0.999997139 0.002394214 -0.471317887 -0.003227882 -0.002394785 0.999991894 12.722562790
0.999995291 0.000106941 0.003055970 0.247262463 -0.000115485 0.999996126 0.002795860 -0.493439347 -0.003055659 -0.002796200 0.999991417 13.108011246
0.999993861 0.000307490 0.003505134 0.256738394 -0.000317492 0.999995947 0.002853257 -0.494848698 -0.003504243 -0.002854352 0.999989808 13.521153450
0.999990463 0.001327620 0.004157314 0.249540925 -0.001340761 0.999994040 0.003159842 -0.506212056 -0.004153095 -0.003165385 0.999986351 13.937801361
0.999992251 -0.000057367 0.003942375 0.273970634 0.000044105 0.999994457 0.003363772 -0.547750115 -0.003942546 -0.003363573 0.999986589 14.336358070
0.999990404 -0.000073209 0.004399556 0.284810007 0.000057955 0.999993980 0.003467008 -0.552275360 -0.004399783 -0.003466719 0.999984324 14.769311905
0.999989152 -0.000323017 0.004656821 0.300258636 0.000304185 0.999991834 0.004044048 -0.571626246 -0.004658089 -0.004042588 0.999980986 15.179793358
0.999986947 0.000373748 0.005109028 0.319442749 -0.000392042 0.999993503 0.003580292 -0.575530946 -0.005107658 -0.003582247 0.999980628 15.650770187
0.999987066 -0.000584162 0.005047357 0.317110360 0.000564488 0.999992251 0.003898413 -0.608924150 -0.005049595 -0.003895514 0.999979675 16.041368484
0.999985397 -0.000957951 0.005311041 0.331984550 0.000940429 0.999994099 0.003300565 -0.618812203 -0.005314172 -0.003295522 0.999980450 16.490055084
0.999981999 -0.000291854 0.005997222 0.338813514 0.000269207 0.999992847 0.003776748 -0.628892362 -0.005998282 -0.003775066 0.999974906 16.960897446
0.999982297 -0.000787676 0.005888773 0.355567485 0.000764695 0.999992073 0.003903893 -0.638870656 -0.005891800 -0.003899321 0.999975026 17.416975021
0.999981523 -0.000505402 0.006047758 0.374515712 0.000478584 0.999990106 0.004435068 -0.656153202 -0.006049938 -0.004432092 0.999971867 17.867378235
0.999978065 -0.001447805 0.006460305 0.382704139 0.001421034 0.999990404 0.004146585 -0.660651386 -0.006466246 -0.004137314 0.999970555 18.369543076
0.999976695 0.000492670 0.006799747 0.389086336 -0.000521425 0.999990880 0.004227805 -0.695952058 -0.006797602 -0.004231253 0.999967933 18.790674210
0.999975681 0.000768050 0.006937859 0.406491220 -0.000797067 0.999990940 0.004180658 -0.709141731 -0.006934586 -0.004186086 0.999967217 19.268587112
0.999977052 0.001095010 0.006686654 0.418112874 -0.001123789 0.999990165 0.004301712 -0.711065769 -0.006681878 -0.004309128 0.999968410 19.740982056
0.999976158 0.000361495 0.006894429 0.428664088 -0.000393964 0.999988854 0.004708549 -0.748935103 -0.006892651 -0.004711154 0.999965131 20.223638535
0.999975562 0.000153933 0.006991496 0.443050802 -0.000190166 0.999986649 0.005182051 -0.765973032 -0.006990605 -0.005183254 0.999962091 20.721111298
0.999981105 0.000211741 0.006138371 0.456445992 -0.000240855 0.999988735 0.004742565 -0.768680751 -0.006137298 -0.004743954 0.999969900 21.231420517
0.999981880 0.001068628 0.005941747 0.466173410 -0.001097024 0.999987960 0.004777769 -0.788942754 -0.005936570 -0.004784201 0.999970913 21.673822403
0.999981105 0.001212731 0.006021775 0.473059475 -0.001240931 0.999988258 0.004681440 -0.794357479 -0.006016028 -0.004688825 0.999970913 22.207025528
0.999982953 0.001534519 0.005638060 0.474158317 -0.001561265 0.999987543 0.004742514 -0.816204131 -0.005630712 -0.004751236 0.999972820 22.729330063
0.999982655 0.002334727 0.005412585 0.471138239 -0.002359239 0.999987006 0.004526683 -0.825828552 -0.005401946 -0.004539375 0.999975085 23.271755219
0.999993145 -0.000714926 0.003629679 0.510636389 0.000697077 0.999987602 0.004916315 -0.851552486 -0.003633148 -0.004913751 0.999981344 23.738496780
0.999995530 -0.000031725 0.002996174 0.520100594 0.000016199 0.999986708 0.005182032 -0.863467515 -0.002996298 -0.005181962 0.999982059 24.263975143
0.999998271 0.000170013 0.001882019 0.536541939 -0.000180011 0.999985933 0.005313762 -0.875181437 -0.001881089 -0.005314091 0.999984145 24.792049408
0.999997854 0.000651936 0.001956106 0.538875043 -0.000661809 0.999987006 0.005051040 -0.884250641 -0.001952788 -0.005052324 0.999985337 25.332578659
0.999998212 -0.000372179 0.001862020 0.549375057 0.000362698 0.999986947 0.005089500 -0.895948231 -0.001863890 -0.005088815 0.999985337 25.882076263
0.999999404 -0.000202483 0.001067554 0.565397739 0.000196195 0.999982655 0.005887248 -0.913986444 -0.001068728 -0.005887035 0.999982119 26.402122498
0.999999642 -0.000039810 0.000914019 0.576211929 0.000034076 0.999980390 0.006272724 -0.934333205 -0.000914251 -0.006272689 0.999979973 26.939960480
0.999998271 0.001705222 0.000719590 0.582482100 -0.001709483 0.999980748 0.005962988 -0.950198114 -0.000709408 -0.005964210 0.999981999 27.513084412
0.999999940 0.000039980 0.000398838 0.584694684 -0.000042528 0.999979556 0.006389984 -0.968996346 -0.000398575 -0.006389999 0.999979436 27.997657776
0.999999881 0.000433570 0.000451948 0.596379399 -0.000436422 0.999979854 0.006327933 -0.984707475 -0.000449196 -0.006328129 0.999979854 28.543937683
0.999999821 0.000673594 0.000065901 0.587783813 -0.000674009 0.999978542 0.006514744 -0.999096274 -0.000061511 -0.006514786 0.999978721 29.115802765
0.999999583 0.000216075 -0.000816978 0.611862600 -0.000210537 0.999977052 0.006773576 -1.014523029 0.000818423 -0.006773401 0.999976754 29.596384048
0.999999702 0.000282905 -0.000751768 0.625392020 -0.000277715 0.999976218 0.006894595 -1.029745579 0.000753701 -0.006894384 0.999975979 30.140028000
0.999999166 0.000097128 -0.001239333 0.641597807 -0.000089155 0.999979377 0.006431362 -1.035078526 0.001239932 -0.006431247 0.999978602 30.693141937
0.999998271 0.001710765 -0.000748350 0.637421489 -0.001705773 0.999976695 0.006620486 -1.054087043 0.000759658 -0.006619198 0.999977827 31.207778931
0.999998510 0.000560799 -0.001645459 0.665406704 -0.000549464 0.999976158 0.006881292 -1.075186253 0.001649278 -0.006880377 0.999974966 31.734481812
0.999997973 0.000887475 -0.001816364 0.670280814 -0.000875648 0.999978483 0.006501930 -1.074175596 0.001822095 -0.006500327 0.999977231 32.286022186
0.999998391 0.001094713 -0.001461374 0.666584849 -0.001084315 0.999974191 0.007096641 -1.091910005 0.001469105 -0.007095044 0.999973714 32.825778961
0.999998033 0.001633485 -0.001180931 0.661513448 -0.001625438 0.999975622 0.006783307 -1.107686877 0.001191983 -0.006781374 0.999976277 33.333389282
0.999997675 0.000723972 -0.002018241 0.685812175 -0.000708054 0.999968708 0.007876727 -1.136913538 0.002023881 -0.007875281 0.999966919 33.865882874
0.999996960 0.000113360 -0.002467697 0.708021760 -0.000096026 0.999975324 0.007023503 -1.135562658 0.002468433 -0.007023246 0.999972343 34.407115936
0.999996781 0.000362638 -0.002492055 0.711681604 -0.000343610 0.999970794 0.007631431 -1.154013395 0.002494749 -0.007630550 0.999967754 34.944755554
0.999996305 0.001557515 -0.002237668 0.701697409 -0.001540295 0.999969304 0.007676390 -1.180138111 0.002249555 -0.007672914 0.999967992 35.488796234
0.999994099 0.003027288 -0.001638756 0.718569577 -0.003015440 0.999969602 0.007184472 -1.185262918 0.001660456 -0.007179490 0.999972820 36.004547119
0.999994755 0.000130425 -0.003232081 0.756277621 -0.000102942 0.999963880 0.008502086 -1.221995592 0.003233073 -0.008501708 0.999958575 36.541973114
0.999994338 -0.000092657 -0.003343579 0.770184815 0.000119992 0.999966562 0.008175991 -1.226423502 0.003342710 -0.008176346 0.999960899 37.108879089
0.999993145 -0.000276747 -0.003720603 0.780365050 0.000307653 0.999965549 0.008308783 -1.243488908 0.003718175 -0.008309869 0.999958575 37.647277832
0.999995112 -0.000414091 -0.003105304 0.758520246 0.000440083 0.999964833 0.008374224 -1.265679598 0.003101727 -0.008375552 0.999960065 38.149780273
0.999991298 -0.000315922 -0.004147662 0.802259743 0.000349428 0.999967337 0.008080045 -1.266033888 0.004144974 -0.008081423 0.999958813 38.728988647
0.999991894 -0.000554470 -0.003966571 0.809522867 0.000592393 0.999954045 0.009565940 -1.306050420 0.003961084 -0.009568214 0.999946296 39.214874268
0.999992311 -0.000663561 -0.003859666 0.816862226 0.000699402 0.999956608 0.009292258 -1.310762048 0.003853332 -0.009294887 0.999949276 39.776103973
0.999993920 0.000288041 -0.003484252 0.826402247 -0.000256941 0.999960124 0.008923052 -1.321126938 0.003486683 -0.008922103 0.999954045 40.309391022
0.999991298 0.000463575 -0.004140180 0.850331187 -0.000427152 0.999961197 0.008793884 -1.333273411 0.004144096 -0.008792039 0.999952734 40.870414734
0.999992549 0.000879987 -0.003741341 0.843614399 -0.000845540 0.999957323 0.009198862 -1.346980572 0.003749277 -0.009195631 0.999950647 41.401683807
0.999992251 -0.000155934 -0.003927018 0.852100968 0.000192982 0.999955475 0.009435284 -1.361446142 0.003925371 -0.009435971 0.999947786 41.890277863
0.999992371 -0.000427620 -0.003869028 0.860061407 0.000464309 0.999954879 0.009486573 -1.367172956 0.003864797 -0.009488298 0.999947548 42.452194214
0.999992907 0.000345727 -0.003748747 0.864871562 -0.000310711 0.999956310 0.009337208 -1.385101318 0.003751811 -0.009335977 0.999949396 42.961158752
0.999993086 0.000153491 -0.003713030 0.872870147 -0.000118608 0.999955893 0.009393048 -1.396617413 0.003714307 -0.009392545 0.999948978 43.491806030
0.999992728 0.000300148 -0.003793760 0.884015262 -0.000265612 0.999958634 0.009100652 -1.401848555 0.003796335 -0.009099580 0.999951422 44.052104950
0.999993145 0.000228479 -0.003694657 0.899731398 -0.000195896 0.999961078 0.008817157 -1.412221313 0.003696528 -0.008816374 0.999954283 44.575351715
0.999992907 0.000419737 -0.003729859 0.907672346 -0.000387440 0.999962449 0.008655665 -1.418865323 0.003733352 -0.008654159 0.999955595 45.104469299
0.999993026 0.000372822 -0.003710911 0.920443892 -0.000341314 0.999963999 0.008487709 -1.431886435 0.003713942 -0.008486382 0.999957085 45.659496307
0.999992371 0.000496989 -0.003879118 0.937161982 -0.000460807 0.999956369 0.009322659 -1.457674265 0.003883582 -0.009320802 0.999949038 46.173946381
0.999991417 0.000399093 -0.004140098 0.949491978 -0.000359997 0.999955416 0.009439846 -1.467132211 0.004143680 -0.009438275 0.999946892 46.717895508
0.999992788 0.000692326 -0.003744884 0.950362861 -0.000658214 0.999958277 0.009102726 -1.474096417 0.003751031 -0.009100196 0.999951541 47.259426117
0.999993443 0.001000204 -0.003497601 0.942549884 -0.000968950 0.999959707 0.008926089 -1.482162356 0.003506389 -0.008922642 0.999954045 47.796241760
0.999993324 0.000463657 -0.003625312 0.975268364 -0.000428043 0.999951661 0.009818196 -1.512060165 0.003629689 -0.009816578 0.999945223 48.302745819
0.999994159 0.000905056 -0.003324897 0.985060155 -0.000872117 0.999950647 0.009894981 -1.523232460 0.003333689 -0.009892024 0.999945521 48.851562500
0.999992132 0.000582988 -0.003924696 1.007040262 -0.000547047 0.999957979 0.009152644 -1.527264833 0.003929866 -0.009150425 0.999950409 49.401203156
0.999994218 0.001969223 -0.002759619 0.995637894 -0.001941469 0.999947846 0.010023998 -1.543733120 0.002779214 -0.010018582 0.999945879 49.914642334
0.999992788 0.002094259 -0.003175443 1.008438945 -0.002062961 0.999949515 0.009827778 -1.550227284 0.003195865 -0.009821153 0.999946654 50.453342438
0.999993980 0.001926227 -0.002866242 1.018600345 -0.001897568 0.999948442 0.009967959 -1.558363199 0.002885295 -0.009962462 0.999946117 50.994338989
0.999993384 0.002668962 -0.002477152 1.044633150 -0.002645822 0.999953270 0.009298145 -1.554031134 0.002501853 -0.009291530 0.999953687 51.512336731
0.999995112 0.001231626 -0.002857027 1.036836505 -0.001202406 0.999947131 0.010206708 -1.584304929 0.002869446 -0.010203223 0.999943793 52.024822235
0.999994159 0.001493396 -0.003077136 1.044209003 -0.001464692 0.999955595 0.009309442 -1.587537646 0.003090902 -0.009304881 0.999951899 52.564216614
0.999994576 0.001466241 -0.002949281 1.046458483 -0.001437077 0.999950230 0.009866619 -1.609661579 0.002963602 -0.009862326 0.999946952 53.065982819
0.999995828 0.001724992 -0.002283824 1.004963517 -0.001701775 0.999947250 0.010128824 -1.628536701 0.002301175 -0.010124896 0.999946117 53.579948425
0.999996185 0.001694388 -0.002168979 1.044711947 -0.001673701 0.999953449 0.009504141 -1.631536961 0.002184983 -0.009500477 0.999952495 54.130615234
0.999995768 0.001339507 -0.002584808 1.080464602 -0.001312891 0.999946356 0.010271740 -1.639686227 0.002598429 -0.010268301 0.999943912 54.687034607
0.999996662 0.001099480 -0.002330761 1.087894797 -0.001076150 0.999949574 0.009987472 -1.647374392 0.002341624 -0.009984930 0.999947429 55.247577667
0.999996901 0.001917790 -0.001597538 1.077684641 -0.001900482 0.999940276 0.010765895 -1.668633819 0.001618089 -0.010762826 0.999940813 55.760829926
0.999996901 0.001913454 -0.001594003 1.080023527 -0.001897001 0.999945521 0.010260369 -1.674550056 0.001613549 -0.010257312 0.999946117 56.299129486
0.999996841 0.001413980 -0.002072207 1.104886770 -0.001392493 0.999945641 0.010334121 -1.687613487 0.002086707 -0.010331200 0.999944448 56.813728333
0.999996662 0.001090772 -0.002341177 1.117677927 -0.001066833 0.999947488 0.010202238 -1.699490309 0.002352182 -0.010199708 0.999945223 57.344314575
0.999996960 0.001943751 -0.001522741 1.120192647 -0.001928107 0.999946058 0.010208838 -1.707794189 0.001542502 -0.010205871 0.999946654 57.876571655
0.999997139 0.001793861 -0.001602173 1.133575916 -0.001777636 0.999947786 0.010071683 -1.717258930 0.001620156 -0.010068805 0.999947965 58.411041260
0.999997795 0.001309085 -0.001643132 1.153762102 -0.001293000 0.999951661 0.009752154 -1.731087923 0.001655819 -0.009750010 0.999951065 58.934516907
0.999996424 0.001670732 -0.002092959 1.174164414 -0.001647522 0.999937654 0.011042609 -1.754385948 0.002111278 -0.011039121 0.999936819 59.441047668
0.999997079 0.001502487 -0.001854606 1.187661052 -0.001482960 0.999943852 0.010485874 -1.765125632 0.001870257 -0.010483094 0.999943376 59.990852356
0.999994934 0.001192323 -0.002933057 1.231410980 -0.001158811 0.999934375 0.011400952 -1.795657277 0.002946458 -0.011397497 0.999930739 60.459274292
0.999995232 0.001233962 -0.002816357 1.232200742 -0.001204202 0.999943614 0.010544202 -1.796070337 0.002829209 -0.010540759 0.999940455 61.038478851
0.999996245 0.001573048 -0.002246796 1.260956287 -0.001547911 0.999936700 0.011146251 -1.803086996 0.002264186 -0.011142733 0.999935269 61.583606720
0.999995589 0.001990612 -0.002229538 1.265944123 -0.001964565 0.999930561 0.011624368 -1.814701796 0.002252522 -0.011619937 0.999929845 62.116325378
0.999995708 0.001719561 -0.002347008 1.269034863 -0.001692780 0.999933898 0.011365377 -1.826208353 0.002366395 -0.011361358 0.999932647 62.640991211
0.999996603 0.001795879 -0.001951804 1.282528043 -0.001773110 0.999931097 0.011605574 -1.842090130 0.001972510 -0.011602071 0.999930739 63.159793854
0.999996603 0.001662379 -0.002006866 1.275553823 -0.001639105 0.999931991 0.011543696 -1.851172447 0.002025918 -0.011540368 0.999931335 63.696510315
0.999995708 0.002374412 -0.001746747 1.288795590 -0.002354012 0.999930084 0.011589579 -1.867899656 0.001774143 -0.011585419 0.999931276 64.215652466
0.999996901 0.002143824 -0.001321853 1.291089296 -0.002128072 0.999928117 0.011805244 -1.888055086 0.001347066 -0.011802395 0.999929428 64.742088318
0.999997079 0.001587362 -0.001787765 1.357696652 -0.001567438 0.999937356 0.011091298 -1.853592992 0.001805259 -0.011088465 0.999936879 65.241424561
0.999996901 0.001644674 -0.001819793 1.366520882 -0.001624167 0.999935746 0.011212991 -1.864265919 0.001838118 -0.011210002 0.999935448 65.788345337
0.999994934 0.002128450 -0.002342702 1.378654838 -0.002103872 0.999943256 0.010444065 -1.871192217 0.002364798 -0.010439085 0.999942720 66.344718933
0.999996841 0.001880157 -0.001639902 1.375324726 -0.001862301 0.999939620 0.010822513 -1.896180868 0.001660151 -0.010819425 0.999940038 66.854019165
0.999997616 0.001579277 -0.001453432 1.423288822 -0.001563945 0.999943733 0.010490368 -1.879781127 0.001469917 -0.010488072 0.999943912 67.365165710
0.999997377 0.001922702 -0.001206904 1.427629232 -0.001909404 0.999938548 0.010924010 -1.894453049 0.001227833 -0.010921678 0.999939620 67.897682190
0.999996006 0.002648768 -0.000978862 1.456349611 -0.002638024 0.999937952 0.010819133 -1.915756941 0.001007459 -0.010816509 0.999940991 68.381919861
0.999997497 0.001956120 -0.001097395 1.451128244 -0.001944018 0.999938369 0.010922953 -1.910371542 0.001118694 -0.010920791 0.999939740 68.926574707
0.999996722 0.002161924 -0.001392681 1.481928825 -0.002147251 0.999943078 0.010453053 -1.914086342 0.001415201 -0.010450026 0.999944389 69.459030151
0.999995649 0.002832636 -0.000896988 1.499569893 -0.002822678 0.999936521 0.010915146 -1.932019711 0.000927849 -0.010912567 0.999940038 69.994148254
0.999994218 0.003376343 -0.000490967 1.490442753 -0.003371028 0.999939740 0.010450642 -1.936752796 0.000526222 -0.010448927 0.999945223 70.582077026
0.999993742 0.003524168 -0.000472065 1.493373752 -0.003519381 0.999945939 0.009783099 -1.945310831 0.000506516 -0.009781375 0.999952018 71.139106750
0.999992669 0.003782371 -0.000574153 1.520236254 -0.003776358 0.999941528 0.010136019 -1.955700636 0.000612458 -0.010133778 0.999948442 71.567268372
0.999998987 0.001115566 -0.000912688 1.529176950 -0.001106180 0.999947190 0.010220095 -1.956607103 0.000924041 -0.010219074 0.999947369 72.139839172
0.999998987 0.001297634 -0.000744529 1.539068460 -0.001289954 0.999946952 0.010224409 -1.969449520 0.000757756 -0.010223436 0.999947488 72.694236755
0.999999106 -0.000197758 -0.001393989 1.568653345 0.000211358 0.999952316 0.009763137 -1.984087825 0.001391994 -0.009763423 0.999951422 73.231307983
0.999998271 0.001851484 0.000045244 1.551315188 -0.001851826 0.999954581 0.009353830 -1.982217550 -0.000027923 -0.009353898 0.999956250 73.738624573
0.999999881 0.000417032 0.000182399 1.558784246 -0.000418719 0.999956250 0.009346318 -1.985603213 -0.000178493 -0.009346393 0.999956250 74.342536926
0.999999881 -0.000133421 0.000238708 1.577066422 0.000131379 0.999963522 0.008533821 -1.990486503 -0.000239837 -0.008533789 0.999963522 74.880378723
0.999999642 -0.000762816 -0.000058502 1.600066304 0.000763297 0.999961734 0.008717752 -1.998730659 0.000051850 -0.008717796 0.999962032 75.442855835
0.999997556 0.000263358 0.002165684 1.556380272 -0.000282955 0.999958992 0.009053889 -2.013994932 -0.002163211 -0.009054481 0.999956608 75.935668945
0.999998331 0.000370116 0.001775377 1.571217775 -0.000386943 0.999954879 0.009487409 -2.026307821 -0.001771785 -0.009488082 0.999953389 76.489593506
0.999992073 -0.000378303 0.003959568 1.489026904 0.000346416 0.999967515 0.008050723 -1.991199255 -0.003962485 -0.008049290 0.999959767 76.895935059
0.999991596 -0.000701960 0.004040975 1.502090812 0.000670038 0.999968529 0.007895473 -1.995689631 -0.004046391 -0.007892700 0.999960661 77.442527771
0.999990225 -0.000847260 0.004336590 1.499321938 0.000813444 0.999969304 0.007793650 -2.005915880 -0.004343060 -0.007790044 0.999960244 77.933616638
0.999988914 -0.000648803 0.004662221 1.516378403 0.000613741 0.999971569 0.007518012 -2.014031410 -0.004666967 -0.007515066 0.999960840 78.495796204
0.999976218 -0.001626244 0.006698173 1.521023273 0.001575436 0.999970019 0.007583660 -2.025159597 -0.006710305 -0.007572929 0.999948800 79.006866455
0.999961793 -0.000452047 0.008724855 1.524094820 0.000387642 0.999972761 0.007382055 -2.039104939 -0.008727955 -0.007378391 0.999934673 79.556228638
0.999949813 -0.000250483 0.010006398 1.527848482 0.000177300 0.999973238 0.007313783 -2.047869921 -0.010007961 -0.007311641 0.999923229 80.103599548
0.999936700 -0.001970604 0.011075191 1.567521572 0.001880264 0.999964952 0.008161454 -2.068662405 -0.011090886 -0.008140114 0.999905348 80.567535400
0.999900877 -0.002153507 0.013912564 1.593089342 0.002042358 0.999965966 0.007998398 -2.078543186 -0.013929314 -0.007969192 0.999871194 81.124336243
0.999848723 -0.001053849 0.017362252 1.616119623 0.000907354 0.999963880 0.008443295 -2.102961779 -0.017370526 -0.008426263 0.999813616 81.676742554
0.999778867 -0.002416836 0.020887246 1.642993927 0.002245822 0.999963820 0.008207079 -2.080609798 -0.020906324 -0.008158356 0.999748170 82.181472778
0.999692440 -0.002940807 0.024623999 1.688059330 0.002744672 0.999964297 0.007995233 -2.095668554 -0.024646629 -0.007925188 0.999664843 82.718391418
0.999507427 -0.001561760 0.031343516 1.702906370 0.001318651 0.999968886 0.007775470 -2.098806858 -0.031354684 -0.007730310 0.999478400 83.257835388
0.999313772 -0.001997968 0.036987141 1.753493428 0.001737240 0.999973416 0.007079953 -2.089390755 -0.037000306 -0.007010840 0.999290705 83.788757324
0.999048948 -0.004423844 0.043376923 1.719950438 0.004092480 0.999961793 0.007725015 -2.089882851 -0.043409437 -0.007540148 0.999028921 84.256813049
0.998660445 -0.004472382 0.051549450 1.780786037 0.004079957 0.999961913 0.007715337 -2.101118326 -0.051581994 -0.007494681 0.998640656 84.786102295
0.998170257 -0.003915610 0.060337223 1.826290607 0.003416282 0.999959111 0.008376552 -2.132622480 -0.060367551 -0.008155097 0.998142898 85.296554565
0.997743547 -0.003948591 0.067022346 1.886748791 0.003419288 0.999962091 0.008010282 -2.126335382 -0.067051433 -0.007763039 0.997719347 85.891685486
0.997145593 -0.007335456 0.075145192 1.930004120 0.006857607 0.999954581 0.006615060 -2.126804590 -0.075190306 -0.006080861 0.997150660 86.482414246
0.996319592 -0.007387840 0.085397705 1.998762608 0.006832138 0.999953568 0.006797646 -2.142824650 -0.085443959 -0.006189179 0.996323824 87.022048950
0.995498955 -0.007395178 0.094482355 2.039187908 0.006734252 0.999950528 0.007312155 -2.151913643 -0.094531760 -0.006642977 0.995499671 87.542526245
0.994755149 -0.009037960 0.101885051 2.128527164 0.008427133 0.999943912 0.006424084 -2.160097122 -0.101937383 -0.005531792 0.994775414 88.086471558
0.993508756 -0.006646595 0.113561459 2.173199654 0.005770718 0.999951005 0.008039799 -2.268591881 -0.113609336 -0.007332280 0.993498385 88.569747925
0.992248416 -0.006545046 0.124097966 2.268052101 0.005538335 0.999948859 0.008455485 -2.285267115 -0.124146968 -0.007702646 0.992233932 89.102127075
0.991171837 -0.009339819 0.132253826 2.366385460 0.008416438 0.999936163 0.007539179 -2.310079336 -0.132315800 -0.006359516 0.991187155 89.625495911
0.989576221 -0.008923294 0.143733546 2.463445663 0.007941160 0.999941051 0.007405257 -2.312116146 -0.143791154 -0.006186656 0.989588737 90.172584534
0.987784326 -0.008615529 0.155588746 2.556624413 0.007414968 0.999938130 0.008294987 -2.330440283 -0.155650556 -0.007039970 0.987787068 90.708099365
0.985990882 -0.008982921 0.166557521 2.672419548 0.007777969 0.999938667 0.007885351 -2.339801788 -0.166618139 -0.006479404 0.986000240 91.251724243
0.984268665 -0.009854454 0.176403195 2.785911560 0.008534653 0.999929667 0.008238897 -2.340459585 -0.176471993 -0.006603746 0.984283447 91.808517456
0.982107222 -0.010819788 0.188011423 2.920681953 0.009421363 0.999920964 0.008330044 -2.351631403 -0.188086659 -0.006409673 0.982131481 92.336875916
0.979535162 -0.010179812 0.201015621 3.051061630 0.008714996 0.999928713 0.008170705 -2.362398863 -0.201084465 -0.006251642 0.979553998 92.892555237
0.977263212 -0.011567077 0.211714581 3.212228775 0.010048811 0.999915481 0.008245858 -2.376132488 -0.211792096 -0.005930892 0.977296770 93.462509155
0.974307001 -0.011126011 0.224949464 3.358171463 0.009473879 0.999919593 0.008422569 -2.386505127 -0.225025088 -0.006075023 0.974334002 94.006546021
0.971072018 -0.011496197 0.238509819 3.496080399 0.009784347 0.999917209 0.008359988 -2.390159369 -0.238586143 -0.005784485 0.971104085 94.497024536
0.968210101 -0.011460005 0.249875471 3.650247574 0.009527922 0.999914646 0.008940437 -2.406532764 -0.249956578 -0.006275427 0.968236685 95.028694153
0.965008974 -0.011642247 0.261957854 3.837072372 0.009607799 0.999912977 0.009045805 -2.427651882 -0.262040377 -0.006212446 0.965036869 95.535858154
0.961060047 -0.012590939 0.276052564 3.985233307 0.010530094 0.999904513 0.008946430 -2.418939590 -0.276138902 -0.005691195 0.961100876 96.067405701
0.957261801 -0.012831661 0.288938075 4.170681000 0.010773879 0.999904037 0.008711232 -2.427238941 -0.289022148 -0.005225945 0.957308114 96.587501526
0.954172075 -0.013471813 0.298955083 4.377677917 0.011255351 0.999894917 0.009134671 -2.446427107 -0.299046785 -0.005351203 0.954223454 97.124671936
0.949628949 -0.012897266 0.313110858 4.564031601 0.010427987 0.999899983 0.009559735 -2.460139751 -0.313202858 -0.005813086 0.949668527 97.656318665
0.945054710 -0.014330806 0.326597929 4.776849747 0.011555111 0.999878705 0.010437475 -2.494790077 -0.326707989 -0.006090108 0.945105731 98.205314636
0.941189587 -0.015563574 0.337520123 4.989965439 0.012896298 0.999865353 0.010143444 -2.496298075 -0.337632596 -0.005194144 0.941263616 98.735069275
0.936394393 -0.014475838 0.350650966 5.182640076 0.011328780 0.999875128 0.011024708 -2.522787094 -0.350766718 -0.006351027 0.936441302 99.201904297
0.931162834 -0.015779803 0.364261925 5.384965897 0.012553050 0.999858201 0.011224427 -2.535212040 -0.364387393 -0.005879171 0.931228936 99.669013977
0.926173270 -0.015697828 0.376771390 5.635688782 0.012754348 0.999865472 0.010305936 -2.505979061 -0.376882523 -0.004739609 0.926248968 100.211570740
0.921174169 -0.014171452 0.388892531 5.859149933 0.010787853 0.999882519 0.010882947 -2.523746967 -0.389001131 -0.005829773 0.921218932 100.706626892
0.915262997 -0.015677482 0.402551740 6.103191376 0.012350249 0.999864757 0.010859811 -2.522715092 -0.402667552 -0.004967968 0.915332794 101.197135925
0.909552336 -0.015709016 0.415292442 6.359703064 0.012358511 0.999865770 0.010754338 -2.533883095 -0.415405542 -0.004649238 0.909624338 101.685493469
0.904604614 -0.016813386 0.425919920 6.609951019 0.013360877 0.999849200 0.011092553 -2.543060780 -0.426042169 -0.004343712 0.904692888 102.167709351
0.898709893 -0.016278191 0.438241422 6.873687744 0.012573286 0.999856472 0.011354737 -2.552892923 -0.438363343 -0.004694480 0.898785591 102.663955688
0.892097890 -0.018520022 0.451462537 7.137138367 0.014680197 0.999820173 0.012006572 -2.585087538 -0.451603681 -0.004083480 0.892209291 103.162940979
0.885825157 -0.017977031 0.463670969 7.411170959 0.014112132 0.999830782 0.011803864 -2.584669352 -0.463804662 -0.003912773 0.885928929 103.663185120
0.879769444 -0.018628271 0.475035489 7.676551819 0.014502405 0.999818563 0.012348801 -2.591009855 -0.475179285 -0.003974942 0.879880011 104.128814697
0.872303367 -0.018163167 0.488627583 7.963123322 0.013866970 0.999826729 0.012409893 -2.600602388 -0.488768399 -0.004049407 0.872404218 104.598167419
0.864903808 -0.018888818 0.501582026 8.264266968 0.014185903 0.999812365 0.013189930 -2.620801926 -0.501736999 -0.004292627 0.865009546 105.062026978
