1.000000000 0.000000000 0.000000000 0.000000000 0.000000000 1.000000000 0.000000000 0.000000000 0.000000000 0.000000000 1.000000000 0.000000000
1.000000000 -0.000053644 -0.000016288 0.000455099 0.000053645 1.000000000 0.000038284 -0.000204428 0.000016286 -0.000038285 1.000000000 -0.000689206
1.000000000 -0.000011289 0.000045359 -0.000077923 0.000011289 1.000000000 0.000000729 0.000366679 -0.000045359 -0.000000729 1.000000000 0.000278390
1.000000000 -0.000111996 0.000045253 -0.000179736 0.000111993 1.000000000 0.000063815 0.000216912 -0.000045260 -0.000063810 1.000000000 -0.000283833
1.000000000 -0.000091364 -0.000027344 0.000574797 0.000091363 1.000000000 -0.000048276 -0.000048262 0.000027349 0.000048274 1.000000000 -0.000405214
1.000000000 -0.000062162 0.000047015 0.000879153 0.000062157 1.000000000 0.000112232 -0.001061822 -0.000047022 -0.000112229 1.000000000 -0.000440005
1.000000000 0.000065459 0.000162345 -0.000593905 -0.000065444 1.000000000 -0.000086576 0.000896595 -0.000162351 0.000086566 1.000000000 0.000462615
1.000000000 -0.000020043 0.000131341 -0.000043141 0.000020036 1.000000000 0.000054901 -0.000427751 -0.000131342 -0.000054898 1.000000000 -0.000856893
1.000000000 -0.000191400 0.000065794 0.000976622 0.000191404 1.000000000 -0.000048430 0.000797339 -0.000065785 0.000048442 1.000000000 0.000438296
1.000000000 0.000009042 0.000011795 0.000889104 -0.000009040 1.000000000 -0.000126364 0.000169838 -0.000011796 0.000126364 1.000000000 -0.001345553
1.000000000 -0.000066983 0.000009789 0.001100902 0.000066983 1.000000000 -0.000087780 0.000812762 -0.000009784 0.000087781 1.000000000 0.000463906
1.000000000 -0.000062429 0.000111193 -0.000082432 0.000062435 1.000000000 -0.000052234 0.000400864 -0.000111190 0.000052241 1.000000000 -0.000112739
1.000000000 -0.000025002 0.000100269 -0.000084668 0.000024992 1.000000000 0.000094427 -0.000549894 -0.000100271 -0.000094425 1.000000000 -0.000026121
1.000000000 0.000008735 -0.000004857 0.001184828 -0.000008735 1.000000000 -0.000026194 0.000168572 0.000004857 0.000026194 1.000000000 -0.000564828
0.999999940 -0.000332662 -0.000104188 0.001432034 0.000332659 0.999999940 -0.000033047 0.000085810 0.000104199 0.000033012 1.000000000 -0.001100713
1.000000000 -0.000065808 0.000064761 0.000671887 0.000065794 1.000000000 0.000217535 -0.001333704 -0.000064775 -0.000217531 1.000000000 -0.000974007
1.000000000 0.000104067 -0.000171649 0.001318928 -0.000104059 1.000000000 0.000047117 -0.000157503 0.000171654 -0.000047099 1.000000000 -0.001178038
1.000000000 0.000071646 -0.000071072 0.000702058 -0.000071643 1.000000000 0.000042504 -0.000106204 0.000071075 -0.000042499 1.000000000 -0.000484016
1.000000000 -0.000027332 -0.000103835 0.001465273 0.000027329 1.000000000 -0.000027195 0.001002694 0.000103836 0.000027192 1.000000000 -0.000015357
1.000000000 0.000093496 -0.000131211 0.001041924 -0.000093493 1.000000000 0.000021533 0.000287179 0.000131213 -0.000021520 1.000000000 -0.001015567
1.000000000 0.000001982 0.000011710 0.000147945 -0.000001983 1.000000000 0.000093981 -0.000761107 -0.000011710 -0.000093981 1.000000000 -0.001247222
1.000000000 -0.000063662 -0.000104484 0.002305251 0.000063648 1.000000000 -0.000128625 0.000536847 0.000104492 0.000128618 1.000000000 -0.000365480
1.000000000 0.000056728 0.000000666 0.001272884 -0.000056728 1.000000000 0.000098820 0.000144150 -0.000000661 -0.000098820 1.000000000 0.000642788
1.000000000 0.000141082 -0.000058474 0.001448157 -0.000141085 1.000000000 -0.000052108 0.000745714 0.000058466 0.000052116 1.000000000 -0.001295186
1.000000000 -0.000107398 -0.000133549 0.001524901 0.000107401 1.000000000 0.000025233 -0.000337271 0.000133547 -0.000025248 1.000000000 -0.002174143
1.000000000 -0.000008500 -0.000103883 0.000803498 0.000008503 1.000000000 0.000031768 -0.000247995 0.000103882 -0.000031769 1.000000000 -0.001345481
0.999999940 0.000246590 0.000061565 -0.000433604 -0.000246589 0.999999940 -0.000013588 0.000487501 -0.000061568 0.000013573 1.000000000 0.001037638
1.000000000 -0.000092888 0.000009446 0.000103062 0.000092886 1.000000000 0.000176106 -0.000455876 -0.000009462 -0.000176105 1.000000000 0.000244303
1.000000000 0.000069578 0.000035827 -0.000125084 -0.000069580 1.000000000 0.000054511 -0.000341577 -0.000035823 -0.000054514 1.000000000 -0.000938139
1.000000000 -0.000089189 0.000092416 0.000215146 0.000089175 1.000000000 0.000146588 -0.001390055 -0.000092429 -0.000146580 1.000000000 -0.001247246
1.000000000 -0.000173613 0.000138833 -0.000202597 0.000173597 1.000000000 0.000116593 -0.000878683 -0.000138853 -0.000116569 1.000000000 -0.000986599
1.000000000 -0.000000373 0.000017688 0.000688314 0.000000372 1.000000000 0.000057340 -0.000591287 -0.000017688 -0.000057340 1.000000000 -0.000911114
1.000000000 -0.000097902 -0.000124355 0.001302434 0.000097914 1.000000000 0.000095052 -0.000650065 0.000124345 -0.000095064 1.000000000 -0.000391325
1.000000000 0.000117132 0.000061297 0.000078997 -0.000117129 1.000000000 -0.000057306 0.000665969 -0.000061304 0.000057298 1.000000000 0.000646389
1.000000000 -0.000000049 -0.000086304 0.001609912 0.000000051 1.000000000 0.000027557 0.000263532 0.000086304 -0.000027557 1.000000000 -0.000349947
1.000000000 -0.000051819 0.000072536 -0.000026632 0.000051823 1.000000000 -0.000058016 0.000748217 -0.000072533 0.000058020 1.000000000 0.000041719
1.000000000 -0.000206280 -0.000118924 0.001521439 0.000206276 1.000000000 -0.000032636 0.000374875 0.000118931 0.000032611 1.000000000 0.000225193
1.000000000 -0.000195522 -0.000071150 0.001766138 0.000195522 1.000000000 0.000000043 0.000687168 0.000071150 -0.000000057 1.000000000 -0.000027579
0.999999940 -0.000291786 0.000137683 0.000802981 0.000291806 0.999999940 -0.000151880 0.001212469 -0.000137638 0.000151920 1.000000000 0.002257743
0.999999940 -0.000277638 0.000024449 0.002474471 0.000277655 0.999999702 -0.000709078 -0.001783575 -0.000024252 0.000709085 0.999999762 0.050022107
0.999965370 0.008318900 0.000006640 0.051052794 -0.008318612 0.999936759 -0.007562984 0.120149679 -0.000069555 0.007562668 0.999971330 0.267380357
0.999961734 0.008745851 -0.000086719 0.053735375 -0.008746260 0.999931335 -0.007800943 0.115671583 0.000018487 0.007801403 0.999969542 0.382381320
0.999969840 0.007757239 0.000386307 0.043850925 -0.007753752 0.999935150 -0.008331877 0.111086883 -0.000450914 0.008328631 0.999965131 0.500655830
0.999969900 0.007755905 0.000280605 0.047328196 -0.007753320 0.999935687 -0.008270876 0.106394477 -0.000344735 0.008268451 0.999965727 0.640197754
0.999966681 0.008159708 0.000327979 0.048282493 -0.008156667 0.999931514 -0.008399046 0.101994462 -0.000396490 0.008396091 0.999964654 0.793616533
0.999985278 0.004792357 -0.002518918 0.104842238 -0.004811925 0.999957860 -0.007820612 0.099426962 0.002481332 0.007832618 0.999966264 0.957602501
0.999986291 0.004482351 -0.002735264 0.107894428 -0.004503579 0.999959469 -0.007804639 0.094583035 0.002700170 0.007816850 0.999965847 1.124821782
0.999975502 0.006747256 -0.001815151 0.112812832 -0.006762745 0.999939561 -0.008667306 0.112861753 0.001756560 0.008679370 0.999960721 1.261501312
0.999978185 0.006325947 -0.001885129 0.117569782 -0.006341306 0.999945819 -0.008256213 0.105007693 0.001832799 0.008267987 0.999964178 1.446631789
0.999977350 0.006293397 -0.002379487 0.127936065 -0.006315872 0.999934494 -0.009558801 0.131408960 0.002319173 0.009573613 0.999951482 1.620884776
0.999977827 0.006250376 -0.002311117 0.132962614 -0.006271920 0.999935865 -0.009435243 0.126828164 0.002251994 0.009449529 0.999952853 1.820471883
0.999976993 0.006388885 -0.002329138 0.119327925 -0.006404878 0.999955535 -0.006924215 0.068864942 0.002284796 0.006938973 0.999973297 1.988320351
0.999957383 0.009103220 -0.001538628 0.119764857 -0.009117489 0.999912918 -0.009535960 0.111707360 0.001451686 0.009549581 0.999953330 2.206559896
0.999976456 0.006438991 -0.002383782 0.131965518 -0.006460392 0.999937892 -0.009082009 0.101952046 0.002325156 0.009097196 0.999955833 2.411665440
0.999976218 0.006587043 -0.002043623 0.125296399 -0.006606267 0.999932587 -0.009547295 0.105933033 0.001980597 0.009560568 0.999952316 2.618945360
0.999974191 0.006870345 -0.002101394 0.130052477 -0.006889439 0.999933779 -0.009218327 0.094441302 0.002037921 0.009232566 0.999955297 2.848007917
0.999966621 0.007153381 -0.003948210 0.168204084 -0.007185347 0.999941051 -0.008142573 0.056965604 0.003889730 0.008170670 0.999959052 3.033500910
0.999975979 0.006138457 -0.003192488 0.150711298 -0.006167899 0.999937773 -0.009296021 0.063929722 0.003135226 0.009315490 0.999951720 3.283876896
0.999974608 0.006552516 -0.002803637 0.174438775 -0.006570960 0.999956489 -0.006620605 0.049314559 0.002760133 0.006638860 0.999974132 3.531518221
0.999976456 0.006170931 -0.002966617 0.179660231 -0.006190689 0.999958336 -0.006697876 0.041844703 0.002925161 0.006716083 0.999973178 3.788870096
0.999975741 0.006597163 -0.002234054 0.151095405 -0.006615099 0.999945164 -0.008118748 0.037469603 0.002180371 0.008133329 0.999964535 4.001641750
0.999967396 0.007504530 -0.002966809 0.150310367 -0.007532907 0.999924779 -0.009672216 0.036712822 0.002894000 0.009694248 0.999948800 4.243737221
0.999969006 0.007333549 -0.002850967 0.156408310 -0.007361752 0.999922693 -0.010011329 0.029596385 0.002777328 0.010032007 0.999945819 4.502814770
0.999971271 0.007041589 -0.002801559 0.160879254 -0.007068988 0.999926031 -0.009893463 0.019705880 0.002731687 0.009912983 0.999947071 4.759845257
0.999973595 0.006346575 -0.003533040 0.164142221 -0.006376967 0.999942124 -0.008658196 -0.004166204 0.003477886 0.008680496 0.999956250 4.937376499
0.999973834 0.006204172 -0.003721760 0.171076447 -0.006237019 0.999941111 -0.008879978 -0.010372240 0.003666448 0.008902957 0.999953687 5.202792645
0.999983728 0.004665805 -0.003277665 0.164542764 -0.004693720 0.999952316 -0.008561140 -0.026502479 0.003237564 0.008576386 0.999957979 5.441479683
0.999985516 0.004011698 -0.003560445 0.172108918 -0.004039874 0.999960303 -0.007941902 -0.041492574 0.003528443 0.007956171 0.999962091 5.712907314
0.999974847 0.006116921 -0.003586412 0.172598004 -0.006147827 0.999943614 -0.008671273 -0.049502540 0.003533168 0.008693106 0.999955893 5.944947720
0.999974072 0.006435595 -0.003219300 0.171099037 -0.006463632 0.999940634 -0.008776163 -0.057012953 0.003162629 0.008796745 0.999956310 6.225551605
0.999979913 0.004902726 -0.004017535 0.165277794 -0.004931170 0.999962628 -0.007100864 -0.095408484 0.003982571 0.007120532 0.999966741 6.441181660
0.999980211 0.005282857 -0.003423100 0.167986289 -0.005305368 0.999964118 -0.006600983 -0.110240296 0.003388105 0.006619013 0.999972343 6.693463326
0.999981582 0.003515751 -0.004940420 0.183673307 -0.003545745 0.999975264 -0.006075608 -0.127769202 0.004918938 0.006093014 0.999969363 6.973631859
0.999979258 0.005803145 -0.002777187 0.170877352 -0.005821495 0.999960899 -0.006645890 -0.127281189 0.002738511 0.006661919 0.999974072 7.290133953
0.999977529 0.006082725 -0.002795353 0.169433475 -0.006101861 0.999957681 -0.006889057 -0.146934479 0.002753330 0.006905960 0.999972284 7.576447487
0.999980867 0.003628979 -0.004994546 0.185526162 -0.003661097 0.999972582 -0.006436734 -0.164393649 0.004971050 0.006454897 0.999966800 7.868555546
0.999983311 0.004966317 -0.002996253 0.160666332 -0.004979211 0.999978244 -0.004311136 -0.205992445 0.002974778 0.004325982 0.999986231 8.109080315
0.999985874 0.004070729 -0.003419524 0.162755072 -0.004089690 0.999976158 -0.005556033 -0.210798487 0.003396826 0.005569939 0.999978721 8.434929848
0.999984562 0.004191683 -0.003653835 0.158981144 -0.004214700 0.999971151 -0.006314409 -0.222393930 0.003627262 0.006329711 0.999973416 8.740630150
0.999983668 0.004757041 -0.003159062 0.144176990 -0.004775260 0.999971867 -0.005784786 -0.244970620 0.003131455 0.005799777 0.999978304 9.044562340
0.999980271 0.004881813 -0.003943061 0.143425018 -0.004908311 0.999965250 -0.006738764 -0.253398567 0.003910027 0.006757985 0.999969542 9.363988876
0.999980867 0.005323071 -0.003147990 0.126399711 -0.005341820 0.999967992 -0.005977683 -0.284373313 0.003116069 0.005994386 0.999977112 9.677654266
0.999984145 0.002728833 -0.004913868 0.141513929 -0.002759186 0.999977112 -0.006180782 -0.301315427 0.004896889 0.006194243 0.999968827 10.000872612
0.999987066 0.001588939 -0.004835990 0.114987329 -0.001611357 0.999987960 -0.004635300 -0.343751609 0.004828566 0.004643033 0.999977589 10.312129021
0.999986529 0.002893330 -0.004292863 0.115738049 -0.002916372 0.999981344 -0.005371132 -0.368709862 0.004277242 0.005383580 0.999976337 10.640509605
0.999981105 0.004197086 -0.004492512 0.114069052 -0.004217900 0.999980390 -0.004633667 -0.395377249 0.004472975 0.004652529 0.999979198 10.978612900
0.999978185 0.004346700 -0.004961584 0.119466297 -0.004371641 0.999977827 -0.005027083 -0.407654583 0.004939622 0.005048664 0.999975026 11.310510635
0.999980152 0.002234400 -0.005886760 0.134918466 -0.002256054 0.999990642 -0.003674296 -0.440207988 0.005878495 0.003687504 0.999975920 11.610280037
0.999954402 0.007937804 -0.005293558 0.115105733 -0.007966765 0.999953270 -0.005472902 -0.450711548 0.005249868 0.005514826 0.999971032 11.966849327
0.999951720 0.008290094 -0.005269340 0.103112072 -0.008318737 0.999950528 -0.005437245 -0.469657838 0.005224004 0.005480816 0.999971330 12.327931404
0.999960124 0.007652043 -0.004600911 0.083604500 -0.007673556 0.999959648 -0.004676379 -0.509826422 0.004564941 0.004711498 0.999978483 12.690377235
0.999960124 0.007323183 -0.005108616 0.079076536 -0.007353059 0.999955952 -0.005854239 -0.533625007 0.005065519 0.005891571 0.999969780 13.048592567
0.999955058 0.007071535 -0.006306997 0.075163335 -0.007108636 0.999957442 -0.005879781 -0.563102782 0.006265149 0.005924351 0.999962807 13.425312996
0.999971807 0.004129742 -0.006266980 0.066144042 -0.004139471 0.999990225 -0.001540285 -0.682168603 0.006260558 0.001566184 0.999979198 13.810568810
0.999966204 0.007454613 -0.003464741 -0.025875818 -0.007450714 0.999971569 0.001136981 -0.786705256 0.003473118 -0.001111128 0.999993265 14.230704308
0.999946058 0.010252142 0.001683202 -0.176151276 -0.010255978 0.999944806 0.002286930 -0.833723128 -0.001659662 -0.002304070 0.999995947 14.649926186
0.999950707 0.009804145 0.001594483 -0.167383328 -0.009808830 0.999947548 0.002958675 -0.851508260 -0.001565392 -0.002974169 0.999994338 15.096266747
0.999915063 0.012144651 0.004713117 -0.327019423 -0.012166565 0.999915183 0.004649350 -0.994154394 -0.004656251 -0.004706298 0.999978065 15.524858475
0.999764681 0.014003936 0.016565919 -0.745847702 -0.014126833 0.999873519 0.007325135 -1.125042200 -0.016461240 -0.007557437 0.999835968 16.103181839
0.999829292 0.013031021 0.013100456 -0.662174821 -0.013118982 0.999891818 0.006651007 -1.088899612 -0.013012369 -0.006821736 0.999892056 16.555339813
0.999839365 0.012566181 0.012780841 -0.643173397 -0.012646394 0.999900758 0.006214662 -1.099878192 -0.012701480 -0.006375296 0.999898970 17.022886276
0.999700665 0.014615652 0.019620810 -0.879640579 -0.014855070 0.999816298 0.012112433 -1.373788714 -0.019440174 -0.012400276 0.999734104 17.391223907
0.999697626 0.014545491 0.019827647 -0.862795591 -0.014794973 0.999812543 0.012494398 -1.387256145 -0.019642193 -0.012783970 0.999725342 17.861156464
0.999700725 0.014735101 0.019527018 -0.925006986 -0.014978523 0.999811292 0.012378954 -1.423853159 -0.019340929 -0.012667739 0.999732614 18.384931564
0.999728799 0.015590671 0.017298389 -0.874318063 -0.015848041 0.999764264 0.014842222 -1.536107540 -0.017062910 -0.015112342 0.999740183 18.681385040
0.999619603 0.018629579 0.020337263 -0.935530782 -0.018931529 0.999711990 0.014756966 -1.522192359 -0.020056488 -0.015136370 0.999684274 19.229000092
0.999503493 0.022401731 0.022158071 -0.987933397 -0.022750948 0.999618888 0.015635725 -1.625013590 -0.021799359 -0.016132079 0.999632180 19.663372040
0.999667108 0.018792771 0.017678974 -0.948623300 -0.019018671 0.999738634 0.012697811 -1.562990546 -0.017435724 -0.013029817 0.999763072 20.286687851
0.999669909 0.017956778 0.018376015 -0.962115765 -0.018265486 0.999692440 0.016771704 -1.733918548 -0.018069202 -0.017101815 0.999690413 20.892951965
0.999782085 0.013646336 0.015798252 -0.931911409 -0.013909845 0.999763906 0.016691653 -1.755365014 -0.015566742 -0.016907766 0.999735892 21.520917892
0.997958004 0.034917824 0.053483944 -2.004990816 -0.037834879 0.997794747 0.054536019 -2.808337450 -0.051461719 -0.056448217 0.997078359 21.797893524
0.999614358 0.019266123 0.019996647 -1.082169533 -0.019633980 0.999638557 0.018365677 -1.887127280 -0.019635582 -0.018751210 0.999631345 22.822462082
0.999587297 0.021565180 0.018979711 -1.067145705 -0.021878807 0.999624848 0.016474605 -1.886470914 -0.018617315 -0.016883057 0.999684155 23.454576492
0.999562025 0.024391109 0.016757658 -1.047766685 -0.024650322 0.999576867 0.015439820 -1.915737629 -0.016373973 -0.015846137 0.999740362 24.130483627
0.999611318 0.024007652 0.014172686 -1.000706315 -0.024204222 0.999610901 0.013864979 -1.911762953 -0.013834306 -0.014202628 0.999803424 24.737823486
0.999765635 0.018343160 0.011496151 -0.935856581 -0.018500062 0.999735057 0.013693861 -1.937808156 -0.011241917 -0.013903331 0.999840140 25.375936508
0.999755800 0.018917905 0.011423363 -0.924921155 -0.019076230 0.999721229 0.013913566 -1.945719004 -0.011156965 -0.014128083 0.999837935 25.933406830
0.999607861 0.024414603 0.013712515 -1.019406796 -0.024625296 0.999577940 0.015412268 -1.970936060 -0.013330444 -0.015743900 0.999787211 26.363374710
0.999640465 0.023623366 0.012686097 -1.009199142 -0.023812460 0.999604404 0.014967288 -1.988239646 -0.012327502 -0.015263993 0.999807417 26.896484375
0.999583483 0.025276991 0.013926990 -1.019083738 -0.025519740 0.999520421 0.017537082 -2.033186436 -0.013477027 -0.017885190 0.999749184 27.405281067
0.999588609 0.025090665 0.013893578 -1.025146484 -0.025335552 0.999521613 0.017739784 -2.065018177 -0.013441829 -0.018084489 0.999746084 27.953851700
0.999549150 0.026724743 0.013685902 -1.026636362 -0.026945055 0.999506056 0.016174544 -2.062191010 -0.013246882 -0.016536020 0.999775469 28.481779099
0.999617457 0.024579428 0.012674100 -1.019943714 -0.024797944 0.999541342 0.017382490 -2.081274986 -0.012241035 -0.017690135 0.999768496 29.001199722
0.999627352 0.024777731 0.011454699 -1.012000442 -0.024966013 0.999550462 0.016596945 -2.088508129 -0.011038315 -0.016876737 0.999796629 29.550973892
0.999595344 0.025478117 0.012648713 -1.019664049 -0.025693826 0.999521971 0.017194761 -2.127427101 -0.012204576 -0.017512796 0.999772131 30.090482712
0.999646723 0.023704739 0.012023413 -1.009166479 -0.023934867 0.999525845 0.019371463 -2.164634705 -0.011558516 -0.019652398 0.999740064 30.628017426
0.999639153 0.024285335 0.011478780 -1.026076555 -0.024479430 0.999554396 0.017082322 -2.179026604 -0.011058818 -0.017357154 0.999788105 31.172632217
0.999614656 0.025119683 0.011812770 -1.032028794 -0.025344245 0.999493182 0.019261101 -2.221037865 -0.011322951 -0.019553063 0.999744713 31.700485229
0.999582946 0.026387949 0.011729872 -1.025150895 -0.026599236 0.999479771 0.018237140 -2.216800213 -0.011242529 -0.018541537 0.999764860 32.257453918
0.999552548 0.027486861 0.011793675 -1.019533992 -0.027702985 0.999443650 0.018571353 -2.229743004 -0.011276645 -0.018889764 0.999758005 32.824722290
0.999646902 0.024406966 0.010505941 -1.014778137 -0.024567336 0.999579310 0.015416237 -2.250294924 -0.010125257 -0.015668895 0.999825954 33.327644348
0.999508560 0.027875450 0.014340574 -1.128635406 -0.028208205 0.999324620 0.023549797 -2.445569038 -0.013674428 -0.023942746 0.999619782 33.865623474
0.999429345 0.031038037 0.013326696 -1.103970528 -0.031309009 0.999296844 0.020630106 -2.366610289 -0.012677008 -0.021035582 0.999698281 34.415500641
0.999202669 0.036147024 0.016953105 -1.172435045 -0.036513913 0.999094129 0.021855678 -2.406943560 -0.016147731 -0.022457277 0.999617398 35.016242981
0.999535143 0.026065663 0.015812403 -1.252730846 -0.026574822 0.999105513 0.032893330 -2.774555683 -0.014940873 -0.033298254 0.999333739 35.352378845
0.999119163 0.037891746 0.018026218 -1.240482211 -0.038399383 0.998850167 0.028702082 -2.762555838 -0.016917918 -0.029369000 0.999425411 35.993541718
0.999163985 0.034259539 0.022308381 -1.391774893 -0.034914706 0.998949707 0.029673260 -2.796682596 -0.021268357 -0.030427342 0.999310672 36.584159851
0.999092400 0.036418058 0.022097349 -1.430683136 -0.037085112 0.998844504 0.030567974 -2.837268829 -0.020958591 -0.031359710 0.999288380 37.133075714
0.999066532 0.036046121 0.023804119 -1.421712756 -0.036793660 0.998818338 0.031750362 -2.826083660 -0.022631511 -0.032596562 0.999212325 37.744579315
0.998927712 0.039741307 0.023750879 -1.433068514 -0.040448841 0.998728395 0.030091247 -2.845040798 -0.022524813 -0.031019676 0.999264896 38.336669922
0.998885930 0.040752269 0.023794556 -1.424485207 -0.041432023 0.998725832 0.028809583 -2.822962284 -0.022590185 -0.029763341 0.999301672 38.914901733
0.998920858 0.040060814 0.023500198 -1.418464422 -0.040806979 0.998648643 0.032181155 -2.940655231 -0.022179238 -0.033105399 0.999205768 39.535530090
0.998674452 0.034623612 0.038086653 -2.047620296 -0.036311511 0.998346746 0.044556409 -3.351725578 -0.036480982 -0.045880333 0.998280585 39.839996338
0.998770297 0.028873553 0.040299423 -2.177654743 -0.030808635 0.998359859 0.048252635 -3.530231476 -0.038840100 -0.049434867 0.998021841 40.350101471
0.998434722 0.035714187 0.043041807 -2.206529617 -0.037967276 0.997887313 0.052718658 -3.589103222 -0.041068073 -0.054270316 0.997681379 41.007751465
0.998630702 0.030380348 0.042588457 -2.201285362 -0.032533474 0.998178303 0.050810061 -3.545176268 -0.040967248 -0.052126039 0.997799814 41.518684387
0.998725116 0.030377939 0.040315181 -2.227807045 -0.032283202 0.998350322 0.047481351 -3.509659767 -0.038806286 -0.048722323 0.998058200 42.005458832
0.998605669 0.031220943 0.042566340 -2.219474554 -0.033278063 0.998268247 0.048507478 -3.491523504 -0.040978178 -0.049856368 0.997915328 42.660488129
0.998084486 0.033586890 0.051954307 -2.453740835 -0.036297593 0.997979879 0.052142583 -3.558207989 -0.050098039 -0.053928524 0.997287273 43.269790649
0.998091877 0.035934296 0.050213214 -2.418230057 -0.038517542 0.997931898 0.051461879 -3.551203966 -0.048260123 -0.053297773 0.997411788 43.763042450
0.998090863 0.037104391 0.049374990 -2.377286673 -0.039716553 0.997803330 0.053019650 -3.597228765 -0.047299270 -0.054879434 0.997372031 44.342781067
0.997784019 0.034659352 0.056795493 -2.543889046 -0.037947852 0.997601867 0.057883613 -3.717204571 -0.054653082 -0.059910610 0.996706486 44.959701538
0.995405138 0.050702173 0.081229083 -3.037142992 -0.057718854 0.994578421 0.086500317 -4.392454147 -0.076402955 -0.090791307 0.992934763 45.532875061
0.996162057 0.046704955 0.074025393 -2.847610474 -0.053076461 0.994829834 0.086582102 -4.297742844 -0.069598861 -0.090178810 0.993490696 46.059612274
0.997854054 0.044061080 0.048433594 -2.049273968 -0.046702292 0.997403085 0.054825921 -3.647536039 -0.045892131 -0.056970231 0.997320473 47.193416595
0.998184919 0.041433148 0.043704607 -1.891130924 -0.043556340 0.997858226 0.048801932 -3.491363525 -0.041588988 -0.050616968 0.997851789 47.847389221
0.998291492 0.039995022 0.042600032 -1.835339546 -0.041993059 0.998007596 0.047088291 -3.421257019 -0.040631868 -0.048796743 0.997981846 48.410156250
0.998322964 0.040026434 0.041822456 -1.772636414 -0.041936200 0.998068571 0.045830593 -3.388185978 -0.039907243 -0.047507610 0.998073339 48.967556000
0.998351514 0.039782744 0.041373953 -1.727035046 -0.041640338 0.998116553 0.045049347 -3.349626541 -0.039503846 -0.046697903 0.998127639 49.550441742
0.998358905 0.040132862 0.040851880 -1.668668747 -0.041972537 0.998094976 0.045218121 -3.338645220 -0.038959324 -0.046858571 0.998141468 50.101730347
0.998430073 0.038593158 0.040594552 -1.632569075 -0.040387247 0.998199582 0.044345066 -3.319633961 -0.038810048 -0.045914952 0.998191178 50.636810303
0.998416424 0.039248701 0.040300611 -1.585590839 -0.040999848 0.998208046 0.043586317 -3.303072453 -0.038517687 -0.045169614 0.998236477 51.222816467
0.998444557 0.040160608 0.038673297 -1.516240358 -0.041750781 0.998277068 0.041228015 -3.250694752 -0.036950924 -0.042778529 0.998401046 51.797546387
0.998474061 0.039912134 0.038165808 -1.474451065 -0.041486405 0.998281538 0.041386511 -3.230814457 -0.036448400 -0.042906720 0.998413920 52.345619202
0.998489618 0.039098166 0.038600452 -1.425568104 -0.040644098 0.998368204 0.040111866 -3.193348169 -0.036969170 -0.041620158 0.998449326 52.882728577
0.998431087 0.042009655 0.037020680 -1.361966133 -0.043409780 0.998339534 0.037864536 -3.138305902 -0.035368536 -0.039412189 0.998596907 53.421054840
0.998511851 0.040715355 0.036281530 -1.292703748 -0.042082861 0.998400450 0.037760656 -3.095865726 -0.034686055 -0.039231304 0.998627901 53.985336304
0.998521149 0.040345106 0.036438152 -1.274284244 -0.041738980 0.998392701 0.038338814 -3.108474016 -0.034832802 -0.039803009 0.998600245 54.485656738
0.998639882 0.039847784 0.033623867 -1.187382698 -0.041045863 0.998518229 0.035727281 -3.036041737 -0.032150399 -0.037058812 0.998795688 55.064716339
0.998664916 0.039807025 0.032921221 -1.140889406 -0.040903721 0.998606741 0.033338502 -3.011457443 -0.031548247 -0.034640592 0.998901784 55.639724731
0.998694181 0.039581940 0.032298323 -1.090573430 -0.040628169 0.998648703 0.032406144 -2.971315145 -0.030971985 -0.033676054 0.998952746 56.162212372
0.998859942 0.036978856 0.030186892 -1.032895446 -0.037947368 0.998761833 0.032167606 -2.969027042 -0.028959993 -0.033276450 0.999026537 56.697296143
0.998812318 0.037858870 0.030675000 -1.001972079 -0.038827091 0.998745918 0.031608012 -2.957177877 -0.029439891 -0.032761492 0.999029458 57.216808319
0.998897552 0.035856996 0.030298445 -0.940614820 -0.036794201 0.998843014 0.030962570 -2.914284468 -0.029153168 -0.032043237 0.999061227 57.768428802
0.998871446 0.036828596 0.029989731 -0.907485485 -0.037713755 0.998852909 0.029504964 -2.896992207 -0.028868701 -0.030602692 0.999114633 58.310615540
0.998920977 0.036097918 0.029220922 -0.866048932 -0.036972515 0.998867035 0.029965049 -2.897484779 -0.028106136 -0.031013090 0.999123752 58.872627258
0.999023795 0.034297187 0.027839595 -0.805442691 -0.035129398 0.998933136 0.029975906 -2.887684345 -0.026781801 -0.030924633 0.999162853 59.407955170
0.999001205 0.034832347 0.027988523 -0.783592343 -0.035649210 0.998936594 0.029236743 -2.870390177 -0.026940377 -0.030205309 0.999180615 59.956836700
0.998993576 0.035849877 0.026955009 -0.727382302 -0.036598410 0.998943031 0.027809078 -2.843742847 -0.025929566 -0.028767601 0.999249756 60.516128540
0.999003112 0.035525367 0.027032191 -0.702613950 -0.036280382 0.998950243 0.027972158 -2.838528633 -0.026010089 -0.028925015 0.999243140 61.060314178
0.998981535 0.035282705 0.028124185 -0.678200006 -0.036083423 0.998942494 0.028490629 -2.847085953 -0.027089220 -0.029476430 0.999198258 61.602432251
0.998992622 0.035350326 0.027642760 -0.648822427 -0.036136549 0.998940885 0.028479472 -2.840882778 -0.026606727 -0.029449694 0.999212086 62.154411316
0.999056876 0.034743715 0.026041778 -0.598560810 -0.035430495 0.999023616 0.026391823 -2.808946133 -0.025099400 -0.027289607 0.999312401 62.705757141
0.999011815 0.035310611 0.026991753 -0.575838804 -0.036032803 0.998992503 0.026755221 -2.811413765 -0.026019812 -0.027701374 0.999277532 63.264961243
0.999022424 0.034724761 0.027353486 -0.552387238 -0.035450283 0.999019980 0.026501302 -2.804686069 -0.026406426 -0.027445087 0.999274492 63.805233002
0.999020338 0.034560207 0.027644167 -0.526756763 -0.035329137 0.998988211 0.027827876 -2.815184593 -0.026654463 -0.028777255 0.999230385 64.356437683
0.999029279 0.034437753 0.027468698 -0.498682022 -0.035154980 0.999041736 0.026069395 -2.797867775 -0.026544608 -0.027009750 0.999282598 64.907569885
0.999077260 0.035209347 0.024592498 -0.425854087 -0.035777558 0.999093652 0.023060424 -2.753748417 -0.023758268 -0.023919009 0.999431491 65.408126831
0.999056220 0.035097133 0.025590336 -0.411207318 -0.035705503 0.999080896 0.023717156 -2.764859676 -0.024734411 -0.024608487 0.999391139 65.956604004
0.999055386 0.034794144 0.026031610 -0.384387374 -0.035421487 0.999083281 0.024039228 -2.758783817 -0.025171321 -0.024938598 0.999372065 66.514015198
0.999066055 0.034683250 0.025770450 -0.356879115 -0.035284132 0.999107063 0.023239588 -2.756239414 -0.024941415 -0.024127170 0.999397695 67.048377991
0.999081731 0.034383543 0.025560198 -0.326667309 -0.035000954 0.999096334 0.024113664 -2.760967731 -0.024707986 -0.024986155 0.999382436 67.585494995
0.999117970 0.033617169 0.025163129 -0.295590758 -0.034219142 0.999128878 0.023887061 -2.758161068 -0.024338193 -0.024727052 0.999397933 68.133644104
0.999138355 0.033842299 0.024026014 -0.256705880 -0.034396596 0.999142468 0.023044834 -2.751644611 -0.023225524 -0.023851391 0.999445617 68.694999695
0.999129474 0.034184489 0.023911573 -0.223822594 -0.034716479 0.999150753 0.022198698 -2.738977432 -0.023132412 -0.023009500 0.999467611 69.243721008
0.999159157 0.032993488 0.024338268 -0.215532899 -0.033559788 0.999166489 0.023238420 -2.749882936 -0.023551265 -0.024035668 0.999433637 69.815864563
0.999186754 0.032816052 0.023426943 -0.158686519 -0.033368785 0.999164283 0.023606468 -2.754103661 -0.022632694 -0.024369003 0.999446750 70.362876892
0.999251604 0.031546742 0.022383584 -0.121384740 -0.032070395 0.999210835 0.023434399 -2.748257160 -0.021626642 -0.024134712 0.999474704 70.909729004
0.999307573 0.030328270 0.021549955 -0.086757421 -0.030829316 0.999252737 0.023311550 -2.756132126 -0.020826854 -0.023959780 0.999495924 71.441444397
0.999409556 0.028072726 0.019809498 -0.033373475 -0.028494393 0.999366224 0.021334929 -2.733572721 -0.019198013 -0.021886792 0.999576092 71.981872559
0.999326110 0.029925235 0.021254865 -0.026071548 -0.030392148 0.999296010 0.021994943 -2.741274357 -0.020581698 -0.022626102 0.999532104 72.521499634
0.999430358 0.027211344 0.019962057 0.016835093 -0.027642945 0.999382854 0.021673512 -2.748075008 -0.019359972 -0.022212977 0.999565780 73.063621521
0.999428868 0.027259629 0.019971885 0.040031075 -0.027678151 0.999396563 0.020987641 -2.737599134 -0.019387716 -0.021528440 0.999580204 73.621765137
0.999451458 0.026826365 0.019419782 0.065627933 -0.027245676 0.999394059 0.021659443 -2.737113953 -0.018826971 -0.022176668 0.999576807 74.140449524
0.999461949 0.026721040 0.019016992 0.092375159 -0.027120940 0.999409616 0.021090979 -2.746245623 -0.018442191 -0.021595392 0.999596596 74.663276672
0.999485791 0.026146075 0.018557461 0.121468902 -0.026538998 0.999421835 0.021252764 -2.746274948 -0.017991055 -0.021734335 0.999601901 75.192237854
0.999503672 0.025562163 0.018411011 0.140876412 -0.025941219 0.999450207 0.020652894 -2.747168064 -0.017872954 -0.021120250 0.999617159 75.754562378
0.999553859 0.024392223 0.017235778 0.191890240 -0.024723729 0.999508202 0.019289698 -2.730677128 -0.016756784 -0.019707227 0.999665320 76.335968018
0.999528468 0.025295351 0.017401842 0.212983966 -0.025645806 0.999466598 0.020219697 -2.735774517 -0.016881093 -0.020656448 0.999644101 76.841484070
0.999510467 0.025868479 0.017598500 0.230437160 -0.026203204 0.999474823 0.019062892 -2.727213144 -0.017096130 -0.019514695 0.999663413 77.400131226
0.999562085 0.024322780 0.016861981 0.266189456 -0.024652144 0.999503791 0.019608080 -2.742687702 -0.016376693 -0.020015175 0.999665558 77.922424316
0.999537110 0.024742860 0.017702736 0.274324179 -0.025091728 0.999489784 0.019763952 -2.745852232 -0.017204687 -0.020198995 0.999647915 78.476280212
0.999584854 0.023611905 0.016509468 0.315404177 -0.023922684 0.999535501 0.018887430 -2.741952181 -0.016055832 -0.019274544 0.999685228 79.015197754
0.999612987 0.022804813 0.015930684 0.342779100 -0.023090439 0.999571681 0.017981566 -2.741040230 -0.015513794 -0.018342456 0.999711394 79.572189331
0.999570191 0.024021108 0.016805524 0.351296186 -0.024349028 0.999511600 0.019588064 -2.755171537 -0.016326793 -0.019988844 0.999666810 80.116485596
0.999546170 0.024349848 0.017734453 0.370038748 -0.024726082 0.999467015 0.021313928 -2.773931980 -0.017206009 -0.021742759 0.999615550 80.676498413
0.999536991 0.024422774 0.018146137 0.402727008 -0.024755435 0.999525249 0.018339558 -2.753984451 -0.017689621 -0.018780282 0.999667048 81.226394653
0.999547005 0.023893295 0.018301481 0.439693332 -0.024235800 0.999530971 0.018727375 -2.756119728 -0.017845437 -0.019162444 0.999657094 81.766426086
0.999542713 0.023251897 0.019328605 0.462356091 -0.023620097 0.999539614 0.019044669 -2.763330936 -0.018876879 -0.019492505 0.999631763 82.328033447
0.999508083 0.023499643 0.020770581 0.480005741 -0.023881225 0.999547064 0.018318396 -2.765697002 -0.020330695 -0.018805414 0.999616444 82.866523743
0.999454498 0.023162719 0.023541912 0.525514960 -0.023585809 0.999562323 0.017855849 -2.767399311 -0.023118019 -0.018401364 0.999563396 83.420608521
0.999432147 0.021786790 0.025703860 0.581403136 -0.022258347 0.999586523 0.018204523 -2.773100376 -0.025296614 -0.018766312 0.999503851 83.962188721
0.999320805 0.020898605 0.030351117 0.600437641 -0.021435786 0.999617279 0.017482616 -2.777577639 -0.029974144 -0.018121341 0.999386311 84.499061584
0.999196768 0.020183142 0.034615517 0.629182577 -0.020813949 0.999622047 0.017960804 -2.776997566 -0.034239929 -0.018666867 0.999239266 85.045829773
0.998979807 0.020174973 0.040400930 0.671750069 -0.020913800 0.999620080 0.017948980 -2.781176567 -0.040023461 -0.018775603 0.999022305 85.578086853
0.998803377 0.016832260 0.045916691 0.736020327 -0.017605757 0.999708891 0.016493557 -2.752082348 -0.045625702 -0.017282220 0.998809099 86.109519958
0.998552918 0.017574521 0.050824676 0.799702644 -0.018476507 0.999679029 0.017331904 -2.759684086 -0.050503764 -0.018245883 0.998557210 86.656318665
0.998228014 0.014951741 0.057595938 0.892152786 -0.015826365 0.999765813 0.014759396 -2.735169888 -0.057361778 -0.015644778 0.998230815 87.248771667
0.997620821 0.015785664 0.067107268 0.925815582 -0.016858766 0.999738395 0.015454669 -2.752955437 -0.066845745 -0.016549245 0.997626066 87.800849915
0.997166991 0.015841100 0.073533989 0.993262768 -0.016946372 0.999752223 0.014431183 -2.735264540 -0.073287174 -0.015636433 0.997188270 88.315612793
0.996474206 0.014349539 0.082663782 1.061560631 -0.015601578 0.999772847 0.014520152 -2.731724262 -0.082436651 -0.015758643 0.996471703 88.876083374
0.995663762 0.014145698 0.091943614 1.135594368 -0.015541514 0.999774337 0.014482977 -2.746420860 -0.091717996 -0.015849117 0.995658875 89.402969360
0.994825482 0.013228494 0.100733578 1.213001251 -0.014627186 0.999806404 0.013159121 -2.732805014 -0.100539975 -0.014564476 0.994826555 89.946228027
0.993956864 0.012961859 0.109003171 1.302617073 -0.014408291 0.999818146 0.012492468 -2.733224630 -0.108821407 -0.013987524 0.993962884 90.512260437
0.992767274 0.013417238 0.119302504 1.386798859 -0.015126063 0.999795318 0.013429447 -2.748233318 -0.119097896 -0.015136893 0.992767096 91.031105042
0.991508663 0.012874337 0.129401401 1.482834816 -0.014406997 0.999836624 0.010915106 -2.715106964 -0.129239723 -0.012686709 0.991532207 91.577072144
0.990221202 0.012115857 0.138978750 1.572116852 -0.013816685 0.999840856 0.011279751 -2.726490498 -0.138819993 -0.013089674 0.990231097 92.128425598
0.988740802 0.012152753 0.149144053 1.686017036 -0.013815441 0.999853313 0.010117203 -2.717381001 -0.148999229 -0.012063782 0.988763690 92.683090210
0.986959517 0.011346604 0.160568327 1.816600800 -0.013347341 0.999846101 0.011387224 -2.752390385 -0.160414398 -0.013381890 0.986959040 93.139556885
0.984916568 0.010825997 0.172691464 1.893856049 -0.012727143 0.999869943 0.009905433 -2.737220526 -0.172561795 -0.011953894 0.984926105 93.713157654
0.983218312 0.009975495 0.182159916 2.036526680 -0.011975963 0.999879420 0.009885238 -2.750641823 -0.182039306 -0.011900888 0.983219206 94.271446228
0.980690598 0.010381633 0.195289925 2.162046432 -0.012438644 0.999879301 0.009309652 -2.753484249 -0.195169672 -0.011559030 0.980701387 94.788482666
0.978202760 0.009956503 0.207413182 2.292505264 -0.012174677 0.999881506 0.009420712 -2.761805534 -0.207294807 -0.011740554 0.978208065 95.292640686
0.975770295 0.009160591 0.218605518 2.405220032 -0.011614404 0.999883056 0.009942428 -2.773514271 -0.218488857 -0.012240497 0.975762665 95.815940857
0.972953141 0.008773436 0.230835944 2.567018509 -0.011234237 0.999893129 0.009348137 -2.782965899 -0.230729267 -0.011688564 0.972947776 96.323104858
0.969720185 0.008737604 0.244062334 2.723590851 -0.011465434 0.999886632 0.009758363 -2.800583124 -0.243949443 -0.012261162 0.969710469 96.852638245
0.966989338 0.008604254 0.254671007 2.874116898 -0.011575644 0.999881327 0.010171138 -2.821081161 -0.254553258 -0.012783365 0.966974258 97.355278015
0.963706434 0.008036492 0.266843259 3.051456451 -0.010976924 0.999894440 0.009529524 -2.824671268 -0.266738504 -0.012112784 0.963692844 97.878990173
0.959831119 0.007962463 0.280465066 3.230295181 -0.010899635 0.999900877 0.008914254 -2.823447227 -0.280366272 -0.011613145 0.959822834 98.395606995
0.956021011 0.007504080 0.293202072 3.402477264 -0.010469921 0.999908626 0.008547251 -2.827987671 -0.293111116 -0.011241154 0.956012309 98.903327942
0.952409744 0.008223652 0.304709733 3.587776184 -0.011011292 0.999911785 0.007431126 -2.823512793 -0.304621726 -0.010432725 0.952416301 99.430541992
0.947696745 0.007141429 0.319092274 3.753370285 -0.010303064 0.999913096 0.008221358 -2.844321728 -0.319005907 -0.011078983 0.947687984 99.934104919
0.943356454 0.007212206 0.331702590 3.979944229 -0.010527325 0.999910951 0.008198476 -2.867661238 -0.331613928 -0.011226026 0.943348408 100.428489685
0.939579904 0.005522002 0.342285126 4.188194275 -0.009059290 0.999920726 0.008736463 -2.877596140 -0.342209756 -0.011309466 0.939555466 100.923667908
0.934615791 0.006434982 0.355600864 4.402835846 -0.010004743 0.999916255 0.008200616 -2.887050390 -0.355518281 -0.011222120 0.934601963 101.442840576
0.929634392 0.004629879 0.368454099 4.651620865 -0.008296153 0.999930501 0.008366932 -2.899534702 -0.368389845 -0.010834939 0.929608285 101.885520935
0.924897492 0.004517954 0.380189687 4.882965088 -0.007981530 0.999939740 0.007534175 -2.902842522 -0.380132705 -0.010002836 0.924877822 102.387619019
0.919977129 0.002670156 0.391963035 5.121044159 -0.006037323 0.999954700 0.007358256 -2.912159681 -0.391925573 -0.009135834 0.919951558 102.877891541
0.914136589 0.003252244 0.405393362 5.373313904 -0.006882251 0.999948144 0.007497017 -2.928271055 -0.405347973 -0.009643315 0.914111614 103.365325928
0.908232689 0.002820472 0.418455869 5.629974365 -0.006184479 0.999958515 0.006683121 -2.928016186 -0.418419659 -0.008657761 0.908212543 103.861633301
0.903152823 0.002880617 0.429309398 5.872486115 -0.005949941 0.999965370 0.005807444 -2.926825047 -0.429277807 -0.007799375 0.903138816 104.331199646
0.897000074 0.002110518 0.442025334 6.153800964 -0.005104897 0.999971390 0.005584828 -2.938323021 -0.442000896 -0.007266085 0.896985173 104.822921753
0.890015364 0.001369930 0.455928385 6.425453186 -0.004815869 0.999967933 0.006396423 -2.961171865 -0.455905080 -0.007888606 0.889993489 105.312248230
0.883755028 0.000528294 0.467949510 6.705821991 -0.003703049 0.999975920 0.005864538 -2.973519325 -0.467935175 -0.006915655 0.883735716 105.786109924
0.878159463 0.000285484 0.478367984 6.984870911 -0.003520150 0.999976575 0.005865308 -2.983191967 -0.478355080 -0.006834602 0.878139913 106.259521484
0.871250689 -0.001064474 0.490836948 7.295509338 -0.002558404 0.999974191 0.006709884 -3.008172274 -0.490831465 -0.007101751 0.871225595 106.714408875
0.864050567 -0.001784326 0.503401756 7.596611023 -0.001819823 0.999976099 0.006668039 -3.020462513 -0.503401637 -0.006677625 0.864026785 107.181274414
0.858194351 -0.001319526 0.513323188 7.884098053 -0.001882383 0.999981880 0.005717555 -3.013142586 -0.513321400 -0.005873044 0.858176351 107.652572632
