1.000000000 0.000000000 0.000000000 0.000000000 0.000000000 1.000000000 0.000000000 0.000000000 0.000000000 0.000000000 1.000000000 0.000000000
1.000000000 0.000063110 0.000052415 -0.000496138 -0.000063117 1.000000000 0.000137401 -0.000355487 -0.000052406 -0.000137404 1.000000000 0.000115287
1.000000000 0.000002862 0.000061741 -0.000804890 -0.000002862 1.000000000 0.000005376 0.000513752 -0.000061741 -0.000005376 1.000000000 -0.000037999
1.000000000 0.000027819 0.000004868 -0.000260933 -0.000027820 1.000000000 0.000047924 -0.000711463 -0.000004867 -0.000047925 1.000000000 -0.000342587
1.000000000 0.000089270 0.000172606 -0.001311418 -0.000089285 1.000000000 0.000090892 -0.000422207 -0.000172598 -0.000090907 1.000000000 0.000315886
1.000000000 -0.000108191 0.000002647 -0.000165564 0.000108191 1.000000000 0.000019860 -0.000142291 -0.000002649 -0.000019860 1.000000000 0.000025548
1.000000000 0.000020829 0.000092703 -0.001351994 -0.000020840 1.000000000 0.000114902 -0.000964921 -0.000092700 -0.000114904 1.000000000 -0.000884100
1.000000000 0.000052562 0.000039937 -0.000725610 -0.000052562 1.000000000 -0.000006722 -0.000303594 -0.000039937 0.000006720 1.000000000 -0.000527192
1.000000000 0.000037427 0.000162515 -0.001315470 -0.000037436 1.000000000 0.000052275 -0.001234289 -0.000162513 -0.000052281 1.000000000 -0.000365432
1.000000000 0.000091668 0.000189747 -0.002010828 -0.000091701 1.000000000 0.000172964 -0.001102616 -0.000189731 -0.000172981 0.999999940 0.000611363
1.000000000 0.000107849 0.000174040 -0.001359154 -0.000107867 1.000000000 0.000099852 -0.000772928 -0.000174030 -0.000099871 1.000000000 -0.000201468
1.000000000 0.000127188 0.000174915 -0.001415592 -0.000127201 1.000000000 0.000077034 -0.001334871 -0.000174905 -0.000077056 1.000000000 -0.000296622
1.000000000 0.000081130 0.000120260 -0.001012420 -0.000081135 1.000000000 0.000041527 -0.000124555 -0.000120257 -0.000041537 1.000000000 0.000214556
1.000000000 0.000143612 0.000133163 -0.001601779 -0.000143603 1.000000000 -0.000069856 0.000708537 -0.000133173 0.000069837 1.000000000 -0.000013566
1.000000000 0.000117911 0.000081446 -0.000410524 -0.000117909 1.000000000 -0.000014953 0.001288324 -0.000081448 0.000014943 1.000000000 0.001291586
0.999999940 0.000224366 0.000162679 -0.001460205 -0.000224361 1.000000000 -0.000031236 0.000825132 -0.000162686 0.000031199 1.000000000 0.001657938
0.999999940 0.000304727 0.000159083 -0.001712731 -0.000304731 0.999999940 0.000024390 0.000349861 -0.000159076 -0.000024439 1.000000000 0.001888367
0.999999940 0.000214281 0.000246770 -0.001946103 -0.000214283 1.000000000 0.000008321 0.001393971 -0.000246768 -0.000008374 0.999999940 0.002699867
0.999999940 0.000240025 0.000261322 -0.002068250 -0.000240004 0.999999940 -0.000082055 0.001408145 -0.000261341 0.000081992 0.999999940 0.001519730
0.999999940 0.000258437 0.000272251 -0.002699480 -0.000258443 0.999999940 0.000024744 0.000654246 -0.000272244 -0.000024814 0.999999940 0.002528413
0.999999940 0.000248979 0.000191546 -0.002269080 -0.000248969 0.999999940 -0.000049348 0.001768995 -0.000191558 0.000049301 1.000000000 0.002468278
0.999999940 0.000313792 0.000184811 -0.001950703 -0.000313785 0.999999940 -0.000038539 0.001482665 -0.000184823 0.000038481 1.000000000 0.003003466
0.999999940 0.000221737 0.000198031 -0.002484651 -0.000221736 1.000000000 -0.000005360 0.001215404 -0.000198032 0.000005316 1.000000000 0.002209489
0.999999881 0.000390547 0.000203041 -0.002855988 -0.000390545 0.999999940 -0.000010162 0.001684828 -0.000203045 0.000010082 1.000000000 0.003287442
0.999999940 0.000322696 0.000247363 -0.002339407 -0.000322703 0.999999940 0.000028603 0.000836651 -0.000247354 -0.000028683 0.999999940 0.002369830
0.999999940 0.000289072 0.000253120 -0.002690834 -0.000289058 0.999999940 -0.000056622 0.002648151 -0.000253137 0.000056548 0.999999940 0.003653558
0.999999881 0.000352855 0.000249401 -0.002692174 -0.000352873 0.999999940 0.000071452 0.000885117 -0.000249376 -0.000071540 0.999999940 0.002734664
0.999999940 0.000297971 0.000151270 -0.002248624 -0.000297964 0.999999940 -0.000047966 0.001672615 -0.000151285 0.000047921 1.000000000 0.001782092
0.999999940 0.000347513 0.000174140 -0.002257401 -0.000347489 0.999999940 -0.000139368 0.003160039 -0.000174189 0.000139307 1.000000000 0.002863312
0.999999881 0.000385768 0.000250133 -0.001832316 -0.000385750 0.999999940 -0.000073711 0.001575965 -0.000250161 0.000073615 0.999999940 0.002622770
0.999999881 0.000359187 0.000328419 -0.002874256 -0.000359170 0.999999940 -0.000052694 0.002403413 -0.000328438 0.000052576 0.999999940 0.002691457
0.999999881 0.000370800 0.000211260 -0.002071850 -0.000370785 0.999999940 -0.000071679 0.002051269 -0.000211286 0.000071600 1.000000000 0.002789929
0.999999881 0.000376786 0.000203262 -0.001696435 -0.000376794 0.999999940 0.000036299 0.000067352 -0.000203248 -0.000036375 1.000000000 0.001502202
0.999999821 0.000472986 0.000333342 -0.003592555 -0.000472987 0.999999881 0.000002518 0.000692954 -0.000333341 -0.000002676 0.999999940 0.002528467
0.999999881 0.000432651 0.000263775 -0.002317203 -0.000432623 0.999999881 -0.000106222 0.001621834 -0.000263821 0.000106108 0.999999940 0.002576757
0.999999881 0.000340780 0.000261316 -0.003300015 -0.000340768 0.999999940 -0.000043471 0.001525704 -0.000261331 0.000043381 0.999999940 0.002799483
0.999999881 0.000424131 0.000238621 -0.002940442 -0.000424110 0.999999881 -0.000087626 0.002868673 -0.000238659 0.000087524 0.999999940 0.003470449
0.999999821 0.000467802 0.000319918 -0.003053315 -0.000467789 0.999999881 -0.000040181 0.001893903 -0.000319937 0.000040032 0.999999940 0.002763409
0.999999881 0.000430325 0.000238266 -0.001577554 -0.000430320 0.999999881 -0.000020992 0.001811682 -0.000238275 0.000020889 1.000000000 0.001515739
0.999999940 0.000263986 0.000227836 -0.001316326 -0.000263962 0.999999940 -0.000106674 0.001171005 -0.000227864 0.000106613 0.999999940 0.001842067
0.999999881 0.000370738 0.000287683 -0.000628628 -0.000370600 0.999999821 -0.000477217 -0.003247703 -0.000287860 0.000477111 0.999999821 0.048131544
0.999999821 0.000491169 0.000288481 0.000673708 -0.000490842 0.999999225 -0.001129508 -0.004256988 -0.000289035 0.001129367 0.999999344 0.138541684
0.999997318 0.001448325 -0.001816834 0.009639707 -0.001450095 0.999998569 -0.000973299 -0.009983833 0.001815422 0.000975931 0.999997854 0.252332240
0.999996901 0.001763310 -0.001767027 0.011839345 -0.001764434 0.999998331 -0.000634950 -0.015112163 0.001765904 0.000638066 0.999998212 0.384446979
0.999996901 0.001776133 -0.001752811 0.012603998 -0.001776857 0.999998331 -0.000411333 -0.017990587 0.001752077 0.000414446 0.999998331 0.530941248
0.999997914 0.000860248 -0.001850318 0.021143558 -0.000860313 0.999999642 -0.000034295 -0.027926283 0.001850288 0.000035886 0.999998271 0.684034109
0.999998152 0.000670635 -0.001806035 0.024965808 -0.000670209 0.999999762 0.000236511 -0.032217842 0.001806193 -0.000235300 0.999998391 0.844184577
0.999998212 0.000778179 -0.001732048 0.025936667 -0.000777784 0.999999642 0.000229021 -0.035721570 0.001732225 -0.000227673 0.999998510 1.020488262
0.999997675 0.001414418 -0.001617076 0.026229993 -0.001414013 0.999998987 0.000251615 -0.040968485 0.001617431 -0.000249328 0.999998689 1.192328572
0.999997914 0.001437921 -0.001397490 0.026727870 -0.001437061 0.999998748 0.000615760 -0.048480518 0.001398374 -0.000613751 0.999998748 1.374784470
0.999997675 0.001531477 -0.001542470 0.030987430 -0.001530764 0.999998748 0.000463269 -0.050995667 0.001543178 -0.000460907 0.999998689 1.567165494
0.999998510 0.000838476 -0.001455397 0.035505891 -0.000837531 0.999999344 0.000650001 -0.056031160 0.001455941 -0.000648781 0.999998689 1.768751860
0.999998987 0.001078171 -0.000948086 0.033284891 -0.001076966 0.999998629 0.001270895 -0.066615678 0.000949455 -0.001269873 0.999998689 1.968393326
0.999999046 0.000299560 -0.001340576 0.041162401 -0.000297951 0.999999225 0.001200344 -0.073401257 0.001340935 -0.001199943 0.999998331 2.179780006
0.999998748 0.001121533 -0.001099944 0.041450903 -0.001120192 0.999998629 0.001218372 -0.077693187 0.001101309 -0.001217138 0.999998629 2.399535418
0.999998391 0.001397071 -0.001102180 0.049240250 -0.001395724 0.999998271 0.001222515 -0.084861249 0.001103886 -0.001220974 0.999998629 2.619554758
0.999998629 0.001457349 -0.000755489 0.048846699 -0.001456287 0.999997973 0.001403948 -0.092109412 0.000757534 -0.001402846 0.999998748 2.851813793
0.999998629 0.001403418 -0.000832019 0.053356271 -0.001402457 0.999998331 0.001155584 -0.093424030 0.000833639 -0.001154416 0.999998987 3.094452381
0.999998808 0.001529365 -0.000304346 0.048575938 -0.001528921 0.999997735 0.001455005 -0.104300730 0.000306571 -0.001454537 0.999998868 3.331132889
0.999999046 0.001393227 -0.000130044 0.051091168 -0.001393000 0.999997497 0.001730667 -0.113541797 0.000132455 -0.001730484 0.999998450 3.583689690
0.999998569 0.001693441 0.000110416 0.054056942 -0.001693638 0.999996960 0.001811560 -0.118767969 -0.000107348 -0.001811744 0.999998331 3.848548174
0.999998510 0.001705723 0.000234231 0.057736848 -0.001706022 0.999997675 0.001283801 -0.120496534 -0.000232040 -0.001284198 0.999999166 4.104166031
0.999997973 0.002037526 0.000203351 0.064511500 -0.002037782 0.999997139 0.001264888 -0.124376319 -0.000200774 -0.001265300 0.999999225 4.360785484
0.999998331 0.001689833 0.000632832 0.066321485 -0.001690762 0.999997497 0.001470801 -0.132190987 -0.000630345 -0.001471869 0.999998748 4.624982834
0.999999166 0.001297968 0.000154271 0.077782847 -0.001298231 0.999997616 0.001715818 -0.141187996 -0.000152043 -0.001716017 0.999998510 4.882851124
0.999998689 0.001620001 0.000273208 0.081692971 -0.001620469 0.999997199 0.001720079 -0.147844836 -0.000270420 -0.001720519 0.999998510 5.141639709
0.999998093 0.001900292 0.000426309 0.079264402 -0.001900951 0.999997020 0.001550923 -0.152678579 -0.000423361 -0.001551730 0.999998689 5.412507057
0.999997616 0.002113237 0.000544179 0.080996476 -0.002114020 0.999996662 0.001441579 -0.158791065 -0.000541131 -0.001442726 0.999998808 5.685413837
0.999999166 0.001226704 0.000430312 0.085044838 -0.001227432 0.999997795 0.001695947 -0.169150352 -0.000428230 -0.001696473 0.999998450 5.952530861
0.999998629 0.001465562 0.000764162 0.089678310 -0.001466782 0.999997616 0.001597979 -0.176554501 -0.000761818 -0.001599098 0.999998391 6.234943390
0.999998868 0.001125227 0.000932178 0.098660469 -0.001126723 0.999998093 0.001606976 -0.180563211 -0.000930368 -0.001608025 0.999998271 6.527350426
0.999999166 0.001031320 0.000729240 0.103358805 -0.001032526 0.999998093 0.001654524 -0.188690349 -0.000727532 -0.001655276 0.999998391 6.818628788
0.999998391 0.001679437 0.000658133 0.110167973 -0.001680296 0.999997735 0.001306820 -0.194612905 -0.000655937 -0.001307924 0.999998927 7.116987705
0.999998152 0.001856649 0.000601768 0.117488772 -0.001857636 0.999997020 0.001643163 -0.203200936 -0.000598716 -0.001644278 0.999998510 7.423748016
0.999998987 0.001404092 0.000565569 0.119105771 -0.001404948 0.999997854 0.001514619 -0.216812253 -0.000563442 -0.001515412 0.999998689 7.737791538
0.999998987 0.001289506 0.000712138 0.126706839 -0.001290553 0.999998093 0.001472610 -0.222878903 -0.000710237 -0.001473527 0.999998629 8.056674957
0.999998331 0.001436651 0.001129302 0.127557620 -0.001438435 0.999997735 0.001580881 -0.234921187 -0.001127028 -0.001582503 0.999998093 8.368573189
0.999998093 0.001508985 0.001259671 0.133003742 -0.001510792 0.999997854 0.001434715 -0.243851781 -0.001257503 -0.001436615 0.999998152 8.689270973
0.999997973 0.001361276 0.001495988 0.139639184 -0.001363619 0.999997854 0.001566183 -0.247139648 -0.001493853 -0.001568219 0.999997675 9.037173271
0.999997973 0.001598427 0.001289348 0.148634478 -0.001600381 0.999997556 0.001515349 -0.259104729 -0.001286923 -0.001517409 0.999998093 9.383755684
0.999996126 0.002104809 0.001776342 0.148057342 -0.002107794 0.999996305 0.001680300 -0.273692846 -0.001772799 -0.001684037 0.999997020 9.702950478
0.999996126 0.001963956 0.001930603 0.154556245 -0.001968018 0.999995828 0.002104297 -0.284589767 -0.001926462 -0.002108088 0.999995887 10.057390213
0.999996901 0.001986776 0.001449042 0.166366309 -0.001989218 0.999996603 0.001686042 -0.291918397 -0.001445687 -0.001688919 0.999997497 10.419549942
0.999995887 0.002286984 0.001681141 0.173095480 -0.002289664 0.999996066 0.001593769 -0.299496412 -0.001677490 -0.001597612 0.999997318 10.778475761
0.999996841 0.002038294 0.001483789 0.179650426 -0.002040357 0.999996960 0.001389909 -0.306186259 -0.001480952 -0.001392932 0.999997973 11.150699615
0.999997556 0.001567003 0.001546979 0.187360823 -0.001570008 0.999996901 0.001943170 -0.323745310 -0.001543930 -0.001945594 0.999996901 11.523605347
0.999995291 0.002341493 0.001981647 0.192771301 -0.002345246 0.999995470 0.001893649 -0.334651381 -0.001977203 -0.001898288 0.999996185 11.901826859
0.999994576 0.002275595 0.002369252 0.198426381 -0.002280315 0.999995351 0.001991308 -0.344807833 -0.002364711 -0.001996700 0.999995232 12.293464661
0.999995947 0.001808897 0.002230189 0.212030947 -0.001814543 0.999995172 0.002532036 -0.361080706 -0.002225598 -0.002536072 0.999994338 12.679903984
0.999993145 0.002539798 0.002686425 0.209653586 -0.002545343 0.999994636 0.002062444 -0.365552902 -0.002681173 -0.002069267 0.999994278 13.076453209
0.999993265 0.002493827 0.002721157 0.226671696 -0.002499064 0.999994993 0.001922679 -0.375529528 -0.002716349 -0.001929466 0.999994457 13.483899117
0.999993026 0.002501667 0.002771628 0.230250984 -0.002507760 0.999994576 0.002197076 -0.390421510 -0.002766116 -0.002204011 0.999993742 13.886277199
0.999988437 0.003231093 0.003558733 0.233013868 -0.003240168 0.999991536 0.002547255 -0.404646665 -0.003550472 -0.002558757 0.999990344 14.300437927
0.999986708 0.003700462 0.003586054 0.245592937 -0.003708215 0.999990821 0.002157742 -0.405218154 -0.003578038 -0.002171011 0.999991238 14.725903511
0.999988377 0.003449670 0.003380887 0.255766094 -0.003457563 0.999991357 0.002331688 -0.416912943 -0.003372815 -0.002343351 0.999991536 15.158086777
0.999987185 0.002921080 0.004130670 0.262478232 -0.002931283 0.999992609 0.002466140 -0.438676775 -0.004123435 -0.002478216 0.999988437 15.585421562
0.999985874 0.002633507 0.004619527 0.270438403 -0.002644594 0.999993622 0.002395657 -0.449960083 -0.004613188 -0.002407840 0.999986529 16.028568268
0.999983847 0.002968506 0.004833020 0.280038297 -0.002978299 0.999993443 0.002020255 -0.458737791 -0.004826991 -0.002034616 0.999986231 16.462066650
0.999979138 0.003815962 0.005211950 0.289906353 -0.003826134 0.999990821 0.001942884 -0.472263813 -0.005204489 -0.001962785 0.999984562 16.904232025
0.999981642 0.003137887 0.005184356 0.300351977 -0.003151258 0.999991834 0.002573012 -0.495087117 -0.005176239 -0.002589302 0.999983251 17.356143951
0.999981761 0.003369312 0.005004574 0.315396905 -0.003381914 0.999991179 0.002511802 -0.502887130 -0.004996067 -0.002528682 0.999984264 17.824356079
0.999974191 0.003365335 0.006347491 0.322264522 -0.003381530 0.999991000 0.002542281 -0.518236458 -0.006338879 -0.002563679 0.999976635 18.279926300
0.999974370 0.003109455 0.006440646 0.335805863 -0.003127852 0.999991059 0.002848196 -0.528261483 -0.006431732 -0.002868269 0.999975204 18.738862991
0.999970675 0.003559802 0.006784547 0.351226687 -0.003578892 0.999989629 0.002803612 -0.542622209 -0.006774497 -0.002827811 0.999973059 19.230785370
0.999972701 0.003082543 0.006704542 0.360495776 -0.003099773 0.999991834 0.002560997 -0.557661474 -0.006696593 -0.002581710 0.999974251 19.704961777
0.999973238 0.003618381 0.006353138 0.371847451 -0.003636156 0.999989390 0.002788570 -0.574002624 -0.006342981 -0.002811597 0.999975920 20.187332153
0.999973536 0.003089569 0.006590480 0.388738692 -0.003106560 0.999991834 0.002569401 -0.584891558 -0.006582488 -0.002589807 0.999974966 20.679819107
0.999975145 0.003264271 0.006248888 0.400960892 -0.003283980 0.999989748 0.003146305 -0.605219066 -0.006238552 -0.003166748 0.999975502 21.176748276
0.999980509 0.002580829 0.005687685 0.413949639 -0.002599167 0.999991417 0.003219051 -0.616958797 -0.005679329 -0.003233772 0.999978662 21.671953201
0.999980092 0.002870751 0.005619855 0.424190551 -0.002888100 0.999991059 0.003081396 -0.627517879 -0.005610960 -0.003097565 0.999979496 22.187364578
0.999982119 0.002908270 0.005210027 0.430218756 -0.002923429 0.999991536 0.002904271 -0.640133917 -0.005201536 -0.002919450 0.999982178 22.699069977
0.999984264 0.002910700 0.004794104 0.438901812 -0.002924488 0.999991596 0.002871583 -0.656987071 -0.004785706 -0.002885558 0.999984324 23.195253372
0.999986529 0.002948112 0.004264966 0.451925665 -0.002963568 0.999989033 0.003621946 -0.681867063 -0.004254241 -0.003634537 0.999984324 23.726554871
0.999990404 0.001822255 0.003981285 0.460887760 -0.001835598 0.999992728 0.003350428 -0.697904766 -0.003975151 -0.003357704 0.999986470 24.253360748
0.999990702 0.003088936 0.003007980 0.470994651 -0.003099433 0.999989092 0.003491315 -0.712940872 -0.002997163 -0.003500605 0.999989390 24.764867783
0.999992132 0.003128951 0.002412274 0.485159993 -0.003137264 0.999989271 0.003450668 -0.726091087 -0.002401451 -0.003458210 0.999991119 25.300556183
0.999991834 0.003473269 0.002038115 0.490359247 -0.003480180 0.999988139 0.003397091 -0.738161743 -0.002026292 -0.003404155 0.999992132 25.839807510
0.999992371 0.003464224 0.001768652 0.499966085 -0.003469993 0.999988616 0.003269185 -0.752048552 -0.001757306 -0.003275298 0.999993086 26.391870499
0.999991775 0.003604122 0.001935654 0.505806983 -0.003611284 0.999986589 0.003708946 -0.766533077 -0.001922261 -0.003715906 0.999991238 26.940523148
0.999993563 0.003454084 0.000955290 0.522882283 -0.003457705 0.999986768 0.003815704 -0.784236729 -0.000942097 -0.003818983 0.999992251 27.487459183
0.999992311 0.003853315 0.000705723 0.532481611 -0.003855700 0.999986768 0.003409877 -0.793531656 -0.000692574 -0.003412572 0.999993920 28.046867371
0.999990284 0.004273825 0.001035823 0.536781251 -0.004277634 0.999983907 0.003704086 -0.811142623 -0.001019976 -0.003708481 0.999992609 28.589218140
0.999989629 0.004473108 0.000844989 0.545052350 -0.004476427 0.999982119 0.003966471 -0.827844203 -0.000827232 -0.003970212 0.999991775 29.134284973
0.999988914 0.004653974 0.000692554 0.550919294 -0.004656547 0.999982059 0.003761093 -0.842405379 -0.000675038 -0.003764276 0.999992728 29.678981781
0.999990880 0.004263775 0.000141007 0.565094590 -0.004264254 0.999984443 0.003588751 -0.848474979 -0.000125703 -0.003589320 0.999993563 30.217899323
0.999990165 0.004410457 -0.000341610 0.573883414 -0.004409069 0.999982417 0.003961116 -0.870516300 0.000359074 -0.003959571 0.999992132 30.767074585
0.999989152 0.004651060 -0.000150583 0.592002690 -0.004650451 0.999981880 0.003820872 -0.884446800 0.000168351 -0.003820131 0.999992609 31.297298431
0.999984920 0.005490427 -0.000012316 0.597963393 -0.005490345 0.999978185 0.003678798 -0.895353556 0.000032514 -0.003678674 0.999993145 31.849061966
0.999988317 0.004815453 -0.000279604 0.609633803 -0.004814435 0.999982178 0.003534828 -0.910664797 0.000296621 -0.003533441 0.999993742 32.391216278
0.999988437 0.004731347 -0.000879231 0.616774857 -0.004727822 0.999980986 0.003968825 -0.928192139 0.000897992 -0.003964622 0.999991715 32.936077118
0.999988794 0.004679726 -0.000840503 0.632305920 -0.004676509 0.999981880 0.003790761 -0.945471466 0.000858227 -0.003786789 0.999992490 33.483486176
0.999989212 0.004468210 -0.001292043 0.648712158 -0.004463206 0.999982655 0.003849738 -0.960218668 0.001309221 -0.003843930 0.999991834 34.031879425
0.999987960 0.004782884 -0.001093598 0.657138586 -0.004778978 0.999982297 0.003547488 -0.973272562 0.001110546 -0.003542217 0.999993086 34.572429657
0.999991596 0.003729509 -0.001696146 0.674066663 -0.003723576 0.999986947 0.003487794 -0.993361592 0.001709132 -0.003481449 0.999992430 35.099552155
0.999991179 0.003340395 -0.002546591 0.693017602 -0.003331927 0.999988914 0.003322483 -0.998782694 0.002557662 -0.003313968 0.999991238 35.657371521
0.999987185 0.004765639 -0.001700013 0.678320467 -0.004758982 0.999981046 0.003899348 -1.015118599 0.001718563 -0.003891208 0.999990940 36.207466125
0.999987185 0.004677189 -0.001928810 0.689900815 -0.004669961 0.999982119 0.003735419 -1.028634667 0.001946247 -0.003726364 0.999991119 36.754661560
0.999988317 0.004285143 -0.002203044 0.697302699 -0.004276156 0.999982536 0.004068329 -1.044761896 0.002220439 -0.004058861 0.999989212 37.306594849
0.999987304 0.004790689 -0.001566310 0.710128963 -0.004785287 0.999982655 0.003434636 -1.047319412 0.001582737 -0.003427097 0.999992847 37.861888885
0.999983132 0.004851853 -0.003174047 0.721755505 -0.004839033 0.999980211 0.004034091 -1.070181608 0.003193556 -0.004018664 0.999986768 38.399353027
0.999985933 0.004800189 -0.002251160 0.728319287 -0.004792182 0.999982238 0.003549070 -1.089809060 0.002268155 -0.003538231 0.999991179 38.942558289
0.999985158 0.004972171 -0.002236915 0.740246058 -0.004964736 0.999982238 0.003317127 -1.101648569 0.002253368 -0.003305973 0.999991953 39.490463257
0.999986887 0.004472502 -0.002490896 0.748128057 -0.004463422 0.999983430 0.003639095 -1.118973136 0.002507131 -0.003627929 0.999990225 40.034229279
0.999986947 0.004392780 -0.002621440 0.760186851 -0.004384370 0.999985337 0.003205546 -1.131707430 0.002635482 -0.003194011 0.999991417 40.583213806
0.999985993 0.004804338 -0.002231194 0.758418798 -0.004796221 0.999982059 0.003629347 -1.149141073 0.002248590 -0.003618596 0.999990940 41.108474731
0.999982357 0.005486392 -0.002270458 0.761304259 -0.005477732 0.999977827 0.003803112 -1.160688758 0.002291272 -0.003790608 0.999990225 41.658828735
0.999984801 0.004977370 -0.002378437 0.785992861 -0.004969154 0.999981701 0.003448137 -1.169709206 0.002395555 -0.003436266 0.999991238 42.202072144
0.999984801 0.004803977 -0.002724716 0.790347099 -0.004795195 0.999983370 0.003220491 -1.182634473 0.002740142 -0.003207377 0.999991059 42.765254974
0.999986947 0.004094799 -0.003062735 0.816559970 -0.004082061 0.999983072 0.004153518 -1.209997416 0.003079691 -0.004140961 0.999986708 43.279758453
0.999981880 0.005439899 -0.002559564 0.832558513 -0.005431930 0.999980390 0.003110306 -1.208103657 0.002576434 -0.003096347 0.999991894 43.862831116
0.999982178 0.005402239 -0.002546036 0.837710977 -0.005392903 0.999978721 0.003659664 -1.226555109 0.002565753 -0.003645868 0.999990106 44.403484344
0.999981225 0.005624400 -0.002422821 0.854716480 -0.005616735 0.999979258 0.003159207 -1.236641765 0.002440539 -0.003145541 0.999992073 44.944904327
0.999978602 0.006161707 -0.002185902 0.860307455 -0.006155902 0.999977529 0.002652806 -1.248483181 0.002202198 -0.002639294 0.999994040 45.496490479
0.999981880 0.005361522 -0.002729896 0.885831296 -0.005353873 0.999981761 0.002801288 -1.257899165 0.002744864 -0.002786622 0.999992371 46.071758270
0.999981701 0.004832097 -0.003639029 0.911245823 -0.004824183 0.999985993 0.002180385 -1.268225193 0.003649514 -0.002162790 0.999990940 46.597469330
0.999978244 0.005387598 -0.003818636 0.923798323 -0.005377212 0.999981880 0.002725041 -1.280870676 0.003833249 -0.002704448 0.999988973 47.141906738
0.999978602 0.005882304 -0.002871024 0.904685259 -0.005875381 0.999979854 0.002413853 -1.289746523 0.002885166 -0.002396932 0.999992967 47.747814178
0.999976277 0.006186727 -0.003026593 0.911793292 -0.006179197 0.999977887 0.002490668 -1.305833220 0.003041935 -0.002471907 0.999992311 48.287448883
0.999984145 0.005079253 -0.002439782 0.929442644 -0.005071029 0.999981403 0.003365417 -1.332587838 0.002456829 -0.003352991 0.999991357 48.769844055
0.999978721 0.005862988 -0.002857311 0.961874068 -0.005855449 0.999979377 0.002639759 -1.334020734 0.002872729 -0.002622972 0.999992430 49.324897766
0.999973774 0.006705106 -0.002725716 0.976264656 -0.006697696 0.999973893 0.002718520 -1.349483371 0.002743874 -0.002700192 0.999992609 49.871006012
0.999973834 0.006960353 -0.001934272 0.959381580 -0.006955459 0.999972641 0.002524978 -1.359814405 0.001951793 -0.002511458 0.999994934 50.398845673
0.999972522 0.007074212 -0.002227421 0.970558763 -0.007069538 0.999972820 0.002099334 -1.376498103 0.002242211 -0.002083530 0.999995351 50.922279358
0.999972701 0.007203423 -0.001648154 0.978065789 -0.007199885 0.999971807 0.002142351 -1.387307644 0.001663540 -0.002130426 0.999996305 51.468029022
0.999974549 0.006875983 -0.001875126 0.982228816 -0.006872123 0.999974251 0.002057206 -1.392579794 0.001889223 -0.002044268 0.999996066 52.007659912
0.999973476 0.007155134 -0.001365600 0.988975167 -0.007152424 0.999972463 0.001979303 -1.410762548 0.001379725 -0.001969483 0.999997079 52.559280396
0.999969900 0.007623751 -0.001392599 0.994778037 -0.007620491 0.999968231 0.002330806 -1.429440618 0.001410324 -0.002320124 0.999996305 53.095630646
0.999964178 0.008346757 -0.001356701 1.000677228 -0.008343752 0.999962807 0.002205781 -1.444516540 0.001375061 -0.002194382 0.999996662 53.643314362
0.999968052 0.007926898 -0.000988124 1.017851830 -0.007925455 0.999967515 0.001456183 -1.449712038 0.000999635 -0.001448306 0.999998450 54.197349548
0.999964774 0.008370578 -0.000464647 1.018814564 -0.008369832 0.999963701 0.001586125 -1.466011643 0.000477908 -0.001582180 0.999998629 54.723991394
0.999964058 0.008449006 -0.000559886 1.028692842 -0.008448067 0.999962926 0.001656859 -1.480970383 0.000573864 -0.001652070 0.999998450 55.274013519
0.999979854 0.006295652 -0.000775393 1.052888155 -0.006295111 0.999979913 0.000700248 -1.477631927 0.000779787 -0.000695352 0.999999464 55.818504333
0.999963343 0.008542230 -0.000550736 1.055129170 -0.008541511 0.999962687 0.001298445 -1.501441956 0.000561808 -0.001293693 0.999998987 56.354995728
0.999963224 0.008581659 -0.000370242 1.065734506 -0.008581213 0.999962449 0.001193053 -1.517462492 0.000380467 -0.001189832 0.999999225 56.913116455
0.999964893 0.008362196 -0.000549342 1.085316658 -0.008361576 0.999964416 0.001119491 -1.526775599 0.000558683 -0.001114858 0.999999166 57.436691284
0.999966621 0.008151888 -0.000596302 1.099121094 -0.008151382 0.999966383 0.000842702 -1.543243527 0.000603151 -0.000837813 0.999999523 57.980491638
0.999960423 0.008907424 0.000018308 1.096282601 -0.008907442 0.999959350 0.001397801 -1.565876961 -0.000005857 -0.001397909 0.999999046 58.483249664
0.999962628 0.008641299 0.000253440 1.101780176 -0.008641724 0.999961138 0.001728691 -1.582445621 -0.000238492 -0.001730817 0.999998510 59.006179810
0.999956965 0.009277655 0.000204153 1.112288594 -0.009277935 0.999955893 0.001412910 -1.593827486 -0.000191035 -0.001414743 0.999998987 59.547714233
0.999965906 0.008244406 0.000233307 1.124421954 -0.008244471 0.999965966 0.000279781 -1.594952703 -0.000230993 -0.000281695 0.999999881 60.111904144
0.999971151 0.007577663 -0.000251471 1.139493823 -0.007577568 0.999971271 0.000379719 -1.605805039 0.000254341 -0.000377803 0.999999821 60.669776917
0.999957383 0.009220821 0.000216970 1.135275245 -0.009221083 0.999956667 0.001244547 -1.644472957 -0.000205485 -0.001246494 0.999999225 61.176082611
0.999958336 0.009119597 0.000350822 1.150752306 -0.009120020 0.999957681 0.001223417 -1.651486158 -0.000339651 -0.001226566 0.999999106 61.731170654
0.999956727 0.009305815 -0.000039255 1.161943913 -0.009305781 0.999956429 0.000809439 -1.666107774 0.000046785 -0.000809038 0.999999642 62.279953003
0.999947369 0.010202777 0.001022397 1.162384510 -0.010203566 0.999947667 0.000769322 -1.681747913 -0.001014494 -0.000779714 0.999999106 62.796596527
0.999941051 0.010844422 0.000719477 1.178005457 -0.010845074 0.999940753 0.000907728 -1.697967172 -0.000709591 -0.000915477 0.999999344 63.320423126
0.999945760 0.010391788 0.000576882 1.186737776 -0.010392238 0.999945700 0.000785058 -1.718546629 -0.000568692 -0.000791011 0.999999523 63.863380432
0.999946296 0.010328269 0.000876084 1.196958423 -0.010328965 0.999946296 0.000794930 -1.730399013 -0.000867827 -0.000803937 0.999999225 64.378974915
0.999949992 0.009965960 0.000779723 1.211012006 -0.009966413 0.999950171 0.000579399 -1.739568830 -0.000773910 -0.000587141 0.999999404 64.924339294
0.999949694 0.009961237 0.001186571 1.205580950 -0.009961941 0.999950171 0.000587975 -1.755629778 -0.001180654 -0.000599766 0.999999106 65.442619324
0.999948084 0.010143242 0.000993883 1.220764041 -0.010143935 0.999948323 0.000694118 -1.770899415 -0.000986791 -0.000704164 0.999999285 65.969688416
0.999945462 0.010394402 0.001001673 1.231410027 -0.010395040 0.999945760 0.000633319 -1.787463665 -0.000995035 -0.000643697 0.999999285 66.512504578
0.999945402 0.010372720 0.001254270 1.239967227 -0.010373341 0.999946058 0.000488636 -1.805679440 -0.001249134 -0.000501621 0.999999106 67.044158936
0.999940753 0.010830217 0.001115950 1.253389478 -0.010830870 0.999941170 0.000579366 -1.819169283 -0.001109609 -0.000591418 0.999999225 67.578407288
0.999935687 0.011289135 0.001171166 1.261667967 -0.011289320 0.999936283 0.000152727 -1.834843159 -0.001169367 -0.000165938 0.999999285 68.119522095
0.999945104 0.010426966 0.000966560 1.279208064 -0.010427850 0.999945223 0.000912330 -1.857260942 -0.000956994 -0.000922360 0.999999106 68.646179199
0.999942482 0.010694552 0.000785662 1.286740422 -0.010695330 0.999942243 0.000991368 -1.870108843 -0.000775014 -0.000999714 0.999999225 69.167953491
0.999938726 0.011007170 0.001186730 1.294623256 -0.011007885 0.999939203 0.000598304 -1.885910869 -0.001180072 -0.000611330 0.999999106 69.703529358
0.999941409 0.010749242 0.001314350 1.303011060 -0.010749904 0.999942064 0.000496380 -1.898456216 -0.001308938 -0.000510480 0.999998987 70.262016296
0.999937356 0.011096388 0.001475448 1.320615888 -0.011097244 0.999938250 0.000573261 -1.915689707 -0.001468996 -0.000589598 0.999998748 70.783653259
0.999938726 0.010993871 0.001316642 1.333373427 -0.010994819 0.999939322 0.000717621 -1.932718992 -0.001308673 -0.000732054 0.999998868 71.315299988
0.999944985 0.010416766 0.001209841 1.344269037 -0.010417717 0.999945402 0.000782175 -1.949015737 -0.001201628 -0.000794735 0.999998927 71.844436646
0.999936044 0.011221314 0.001415732 1.347651839 -0.011222110 0.999936819 0.000553699 -1.961063981 -0.001409430 -0.000569551 0.999998868 72.391029358
0.999938726 0.010992184 0.001305188 1.365400553 -0.010993286 0.999939203 0.000838731 -1.980905890 -0.001295889 -0.000853028 0.999998808 72.918174744
0.999942005 0.010703807 0.001179413 1.375433564 -0.010705110 0.999942064 0.001102767 -1.999130487 -0.001167541 -0.001115329 0.999998689 73.459274292
0.999941289 0.010769218 0.001165478 1.386925459 -0.010770241 0.999941528 0.000874792 -2.014450312 -0.001155989 -0.000887293 0.999998927 73.995788574
0.999935329 0.011296489 0.001321035 1.400309324 -0.011297957 0.999935567 0.001108936 -2.030398846 -0.001308423 -0.001123789 0.999998510 74.534660339
0.999940157 0.010894075 0.000997302 1.413715720 -0.010894934 0.999940276 0.000857774 -2.044591904 -0.000987898 -0.000868588 0.999999046 75.075973511
0.999935329 0.011289306 0.001369469 1.422284603 -0.011289908 0.999936163 0.000432427 -2.059767008 -0.001364500 -0.000447860 0.999998987 75.616836548
0.999935389 0.011291653 0.001303400 1.429682255 -0.011292726 0.999935925 0.000818902 -2.079360008 -0.001294070 -0.000833568 0.999998748 76.166099548
0.999927163 0.011933240 0.001771215 1.439817667 -0.011934545 0.999928534 0.000728517 -2.097911835 -0.001762395 -0.000749602 0.999998152 76.720397949
0.999925613 0.012056693 0.001860010 1.450644732 -0.012057991 0.999926984 0.000688661 -2.114936352 -0.001851571 -0.000711038 0.999998033 77.261672974
0.999931097 0.011654030 0.001421528 1.461875081 -0.011654939 0.999931812 0.000633229 -2.127430916 -0.001414051 -0.000649753 0.999998808 77.811286926
0.999934435 0.011384620 0.001213303 1.482033372 -0.011385220 0.999935091 0.000487387 -2.145556211 -0.001207675 -0.000501169 0.999999166 78.334930420
0.999925673 0.012065301 0.001677354 1.492759109 -0.012065006 0.999927163 -0.000184981 -2.152834177 -0.001679464 0.000164730 0.999998629 78.888244629
0.999940753 0.010847521 0.000906940 1.511859894 -0.010847918 0.999941051 0.000435492 -2.173324108 -0.000902162 -0.000445305 0.999999523 79.439300537
0.999942243 0.010709369 0.000842024 1.530380011 -0.010709723 0.999942541 0.000417596 -2.191318274 -0.000837503 -0.000426590 0.999999583 79.971664429
0.999936819 0.011047978 0.002087638 1.535037756 -0.011049216 0.999938786 0.000582166 -2.205461264 -0.002081078 -0.000605196 0.999997675 80.527481079
0.999934196 0.010936386 0.003469561 1.547578812 -0.010938258 0.999940038 0.000520950 -2.222444534 -0.003463655 -0.000558867 0.999993861 81.078575134
0.999936163 0.010609986 0.003887993 1.569277167 -0.010610402 0.999943733 0.000085565 -2.229584932 -0.003886866 -0.000126812 0.999992430 81.657615662
0.999931931 0.010403683 0.005282143 1.576632380 -0.010405917 0.999945879 0.000395429 -2.249372244 -0.005277743 -0.000450367 0.999985993 82.199447632
0.999904692 0.010912028 0.008453721 1.594598413 -0.010915323 0.999940395 0.000343554 -2.272030592 -0.008449468 -0.000435796 0.999964178 82.765953064
0.999863029 0.010866100 0.012485887 1.607995272 -0.010872265 0.999940813 0.000426196 -2.283519745 -0.012480518 -0.000561887 0.999921918 83.312591553
0.999819815 0.010992547 0.015472999 1.635056019 -0.011000491 0.999939382 0.000428127 -2.303381205 -0.015467354 -0.000598260 0.999880195 83.863822937
0.999745667 0.011024668 0.019679552 1.659805179 -0.011037381 0.999938965 0.000537588 -2.318546057 -0.019672418 -0.000754661 0.999806166 84.414520264
0.999620855 0.010895567 0.025285946 1.693035603 -0.010911158 0.999940336 0.000478721 -2.335154057 -0.025279222 -0.000754438 0.999680161 84.960586548
0.999444485 0.010966224 0.031469293 1.727736712 -0.010983690 0.999939620 0.000382186 -2.352584362 -0.031463191 -0.000727622 0.999504745 85.510818481
0.999222100 0.010781975 0.037931804 1.760969043 -0.010810975 0.999941409 0.000559517 -2.369573355 -0.037923541 -0.000969161 0.999280214 86.055946350
0.998886168 0.011061301 0.045870546 1.799290419 -0.011081740 0.999938488 0.000191285 -2.383652210 -0.045865610 -0.000699398 0.998947322 86.615684509
0.998488009 0.010425326 0.053974263 1.851035118 -0.010424813 0.999945641 -0.000291076 -2.395831108 -0.053974368 -0.000272036 0.998542428 87.178115845
0.998088598 0.010618193 0.060880199 1.900429010 -0.010644406 0.999943376 0.000106235 -2.412695169 -0.060875624 -0.000754066 0.998145163 87.731781006
0.997483969 0.010391242 0.070126757 1.952950954 -0.010378425 0.999945998 -0.000547124 -2.430188179 -0.070128657 -0.000182058 0.997537911 88.291198730
0.996746242 0.010241466 0.079950847 2.020316124 -0.010251588 0.999947429 -0.000283867 -2.453438997 -0.079949558 -0.000536680 0.996798754 88.809616089
0.995996416 0.010012631 0.088830702 2.100390911 -0.009970987 0.999949872 -0.000912570 -2.462129593 -0.088835396 0.000023187 0.996046245 89.413238525
0.995316744 0.009627665 0.096186742 2.169781685 -0.009576153 0.999953628 -0.000997178 -2.480463982 -0.096191898 0.000071408 0.995362818 89.965217590
0.994306386 0.009604136 0.106125608 2.254182816 -0.009564195 0.999953866 -0.000885317 -2.500420094 -0.106129214 -0.000134729 0.994352400 90.497390747
0.993119597 0.009866768 0.116688319 2.333767891 -0.009817937 0.999951303 -0.000993258 -2.517165899 -0.116692424 -0.000159215 0.993168116 91.053268433
0.992006302 0.009262186 0.125847697 2.427668571 -0.009183761 0.999957025 -0.001203358 -2.532263756 -0.125853419 0.000037983 0.992048860 91.607391357
0.990442038 0.008926358 0.137640610 2.521111488 -0.008847653 0.999960184 -0.001183645 -2.547252655 -0.137645692 -0.000045465 0.990481555 92.145507812
0.988582313 0.009199400 0.150400311 2.626861572 -0.009077404 0.999957621 -0.001497667 -2.564066410 -0.150407732 0.000115323 0.988624036 92.709732056
0.986971200 0.008659402 0.160664007 2.742494583 -0.008617553 0.999962449 -0.000957281 -2.580635786 -0.160666272 -0.000439721 0.987008691 93.250373840
0.985156596 0.009052507 0.171419218 2.865612984 -0.008878958 0.999958992 -0.001779110 -2.597310066 -0.171428263 0.000230678 0.985196590 93.845649719
0.982813060 0.008224954 0.184420139 2.988798141 -0.007978387 0.999966025 -0.002079010 -2.612963676 -0.184430957 0.000571903 0.982845306 94.378868103
0.980462313 0.008804620 0.196509898 3.122886658 -0.008641772 0.999961257 -0.001686157 -2.637749910 -0.196517155 -0.000044981 0.980500400 94.928039551
0.978323102 0.008449761 0.206911907 3.251680374 -0.008290896 0.999964237 -0.001634918 -2.655982256 -0.206918374 -0.000116007 0.978358209 95.462463379
0.975536048 0.008421087 0.219678015 3.405778885 -0.008230628 0.999964535 -0.001782215 -2.672454834 -0.219685182 -0.000069473 0.975570917 96.035690308
0.972419202 0.007946665 0.233104691 3.556688309 -0.007705592 0.999968350 -0.001944831 -2.686872959 -0.233112782 0.000094981 0.972449720 96.569419861
0.969892859 0.006578091 0.243443191 3.721132278 -0.006076977 0.999977589 -0.002809392 -2.700972319 -0.243456200 0.001245411 0.969911098 97.086067200
0.967000484 0.006505679 0.254691452 3.882129669 -0.006225873 0.999978781 -0.001904734 -2.734094620 -0.254698455 0.000256202 0.967020512 97.639091492
0.963382185 0.006675249 0.268049002 4.050846100 -0.006403571 0.999977648 -0.001887770 -2.752779722 -0.268055618 0.000102173 0.963403463 98.149978638
0.959881127 0.005483538 0.280353665 4.243282318 -0.005108771 0.999984801 -0.002067542 -2.768832684 -0.280360758 0.000552332 0.959894538 98.705360413
0.956649959 0.004959749 0.291198105 4.429159164 -0.004564811 0.999987543 -0.002035592 -2.784770727 -0.291204631 0.000618084 0.956660628 99.229858398
0.952063322 0.005025409 0.305859804 4.620101929 -0.004679143 0.999987304 -0.001865252 -2.806751013 -0.305865228 0.000344676 0.952074766 99.759330750
0.947575271 0.004275706 0.319504023 4.836153030 -0.003877945 0.999990702 -0.001881109 -2.822906971 -0.319509029 0.000543474 0.947583079 100.295608521
0.943610430 0.003840078 0.331035823 5.040563583 -0.003285626 0.999992132 -0.002234492 -2.834190845 -0.331041843 0.001020830 0.943615496 100.812271118
0.939043343 0.003931650 0.343776435 5.254259109 -0.003639722 0.999992251 -0.001494469 -2.868963003 -0.343779653 0.000152120 0.939050317 101.283569336
0.933810234 0.002914318 0.357756853 5.462137222 -0.002382042 0.999995291 -0.001928485 -2.882356644 -0.357760727 0.000948648 0.933812797 101.771133423
0.929295182 0.002363032 0.369330376 5.727848053 -0.001474362 0.999995291 -0.002688389 -2.891835690 -0.369334966 0.001953780 0.929294348 102.306465149
0.924182177 0.002236908 0.381945312 5.983186722 -0.001615884 0.999996781 -0.001946693 -2.932757616 -0.381948471 0.001181919 0.924182892 102.943176270
0.917971790 0.002682275 0.396636665 6.217590332 -0.002203738 0.999996126 -0.001662216 -2.949854851 -0.396639675 0.000651783 0.917974234 103.443679810
0.912479043 0.000213225 0.409123331 6.498691559 0.000587205 0.999998152 -0.001830833 -2.971049309 -0.409123033 0.001910836 0.912477255 103.985481262
0.907513320 -0.000209944 0.420023382 6.744258881 0.000786202 0.999998987 -0.001198849 -2.990859985 -0.420022696 0.001418194 0.907512605 104.461654663
0.901755273 -0.000586723 0.432246745 7.007446289 0.001334937 0.999998093 -0.001427573 -3.003431320 -0.432245106 0.001864344 0.901754200 104.978347778
0.895239055 -0.001424227 0.445583910 7.282413483 0.002255715 0.999996543 -0.001335736 -3.027476072 -0.445580482 0.002200914 0.895239174 105.458747864
0.889375687 -0.001432658 0.457174718 7.558963776 0.002531923 0.999995112 -0.001791831 -3.038631439 -0.457169980 0.002751142 0.889375031 105.942016602
0.883407474 -0.001733618 0.468602419 7.839160919 0.002903239 0.999994218 -0.001773648 -3.050525665 -0.468596697 0.002927319 0.883407354 106.433288574
0.875827789 -0.001776183 0.482620418 8.126392365 0.002726359 0.999995410 -0.001267344 -3.078444481 -0.482616007 0.002425772 0.875828683 106.892410278
0.868798137 -0.002116327 0.495161921 8.415225983 0.003197064 0.999993980 -0.001335500 -3.097881556 -0.495156080 0.002743345 0.868799627 107.346839905
