1.000000000 0.000000000 0.000000000 0.000000000 0.000000000 1.000000000 0.000000000 0.000000000 0.000000000 0.000000000 1.000000000 0.000000000
1.000000000 -0.000018002 0.000046032 -0.000487145 0.000017999 1.000000000 0.000057550 -0.000307538 -0.000046033 -0.000057549 1.000000000 -0.000451603
1.000000000 -0.000073525 0.000063678 -0.000416469 0.000073525 1.000000000 0.000004538 0.000115506 -0.000063678 -0.000004533 1.000000000 -0.000282712
1.000000000 0.000022758 0.000026419 -0.000279150 -0.000022756 1.000000000 -0.000052529 -0.000096460 -0.000026420 0.000052528 1.000000000 -0.000696388
1.000000000 0.000074887 0.000085071 -0.001240999 -0.000074891 1.000000000 0.000038914 -0.000103139 -0.000085069 -0.000038920 1.000000000 0.000260189
1.000000000 -0.000029294 -0.000015804 -0.000015065 0.000029294 1.000000000 -0.000013513 -0.000391762 0.000015804 0.000013512 1.000000000 -0.000296292
1.000000000 0.000085524 0.000038037 0.000215503 -0.000085525 1.000000000 0.000029212 0.000069240 -0.000038034 -0.000029215 1.000000000 0.000873412
1.000000000 0.000097060 -0.000039464 -0.000193946 -0.000097062 1.000000000 -0.000058773 0.000244814 0.000039458 0.000058777 1.000000000 0.000069049
1.000000000 0.000100915 0.000046371 -0.000296418 -0.000100912 1.000000000 -0.000079965 0.000051971 -0.000046379 0.000079960 1.000000000 0.000241230
1.000000000 0.000178700 0.000041682 -0.000246955 -0.000178702 1.000000000 0.000058006 0.000077216 -0.000041671 -0.000058013 1.000000000 0.000874595
1.000000000 0.000088291 0.000029832 0.000520063 -0.000088290 1.000000000 -0.000018783 0.000473048 -0.000029834 0.000018780 1.000000000 0.001885827
1.000000000 0.000023874 0.000053429 -0.000431897 -0.000023876 1.000000000 0.000041039 -0.000768605 -0.000053428 -0.000041040 1.000000000 -0.000108734
1.000000000 0.000176901 0.000044449 -0.000402138 -0.000176898 1.000000000 -0.000065637 0.000741472 -0.000044460 0.000065629 1.000000000 0.000852092
1.000000000 0.000163953 0.000088660 -0.001563885 -0.000163946 1.000000000 -0.000078340 0.000732704 -0.000088673 0.000078325 1.000000000 0.000055348
1.000000000 0.000052848 0.000067510 0.000052667 -0.000052847 1.000000000 -0.000017980 0.000874594 -0.000067511 0.000017976 1.000000000 0.002209885
1.000000000 0.000092294 0.000069603 -0.000605219 -0.000092290 1.000000000 -0.000056513 0.000788054 -0.000069608 0.000056507 1.000000000 0.001163776
1.000000000 0.000182448 0.000094716 -0.001230823 -0.000182439 1.000000000 -0.000092926 0.001100303 -0.000094733 0.000092909 1.000000000 0.002361549
1.000000000 0.000176233 0.000158071 -0.001754726 -0.000176231 1.000000000 -0.000016804 0.001106935 -0.000158074 0.000016776 1.000000000 0.001633540
0.999999940 0.000195700 0.000167943 -0.001654534 -0.000195679 1.000000000 -0.000126898 0.001223768 -0.000167967 0.000126865 1.000000000 0.001131113
0.999999940 0.000230647 0.000157437 -0.002063185 -0.000230640 1.000000000 -0.000043966 0.000684734 -0.000157447 0.000043930 1.000000000 0.001434562
0.999999940 0.000210354 0.000124173 -0.001868953 -0.000210346 1.000000000 -0.000068174 0.001201203 -0.000124187 0.000068148 1.000000000 0.001518546
1.000000000 0.000202372 0.000135522 -0.001936936 -0.000202357 1.000000000 -0.000108530 0.001058762 -0.000135544 0.000108503 1.000000000 0.001619235
0.999999940 0.000280414 0.000176307 -0.002242510 -0.000280402 0.999999940 -0.000067442 0.001433790 -0.000176326 0.000067392 1.000000000 0.002174557
0.999999940 0.000363032 0.000149104 -0.002302884 -0.000363025 0.999999940 -0.000047823 0.001434229 -0.000149121 0.000047769 1.000000000 0.001759681
0.999999940 0.000268936 0.000159966 -0.001374490 -0.000268932 0.999999940 -0.000024885 0.000920931 -0.000159972 0.000024842 1.000000000 0.001652069
0.999999940 0.000218226 0.000219506 -0.002328844 -0.000218209 1.000000000 -0.000078768 0.002332207 -0.000219523 0.000078720 1.000000000 0.002464457
0.999999940 0.000287233 0.000204798 -0.002165204 -0.000287231 0.999999940 -0.000009064 0.001077529 -0.000204801 0.000009005 1.000000000 0.001738106
0.999999940 0.000291219 0.000113257 -0.002078666 -0.000291201 0.999999940 -0.000153378 0.002176880 -0.000113302 0.000153345 1.000000000 0.001146963
0.999999940 0.000358262 0.000149264 -0.001893339 -0.000358240 0.999999940 -0.000142110 0.002479145 -0.000149315 0.000142056 1.000000000 0.000684183
0.999999881 0.000349695 0.000239265 -0.001865793 -0.000349676 0.999999940 -0.000077713 0.000859857 -0.000239292 0.000077630 0.999999940 0.001385406
0.999999940 0.000298429 0.000278711 -0.002278497 -0.000298410 0.999999940 -0.000067455 0.001832616 -0.000278731 0.000067372 0.999999940 0.002690753
0.999999940 0.000217296 0.000157964 -0.001152709 -0.000217287 1.000000000 -0.000057486 0.001295093 -0.000157976 0.000057451 1.000000000 0.002567466
1.000000000 0.000179626 0.000163318 -0.001554738 -0.000179622 1.000000000 -0.000022940 0.000433263 -0.000163322 0.000022910 1.000000000 0.001017208
0.999999881 0.000377293 0.000257789 -0.002661070 -0.000377274 0.999999940 -0.000072525 0.001339037 -0.000257817 0.000072428 0.999999940 0.001687636
0.999999940 0.000290105 0.000158469 -0.001286016 -0.000290099 0.999999940 -0.000039773 0.000812319 -0.000158481 0.000039727 1.000000000 0.001732118
0.999999940 0.000302836 0.000208137 -0.002337526 -0.000302819 0.999999940 -0.000082323 0.001502795 -0.000208162 0.000082260 1.000000000 0.001098875
0.999999940 0.000361224 0.000169195 -0.002359004 -0.000361215 0.999999940 -0.000053354 0.001547723 -0.000169214 0.000053293 1.000000000 0.001979902
0.999999881 0.000395736 0.000192683 -0.002020546 -0.000395723 0.999999940 -0.000068696 0.001745939 -0.000192711 0.000068620 1.000000000 0.002087731
0.999999940 0.000273255 0.000127378 -0.000483758 -0.000273248 0.999999940 -0.000049183 0.001834143 -0.000127392 0.000049148 1.000000000 0.001898357
1.000000000 0.000157491 0.000168173 -0.000624914 -0.000157464 1.000000000 -0.000159297 0.001111127 -0.000168198 0.000159270 1.000000000 0.001624908
0.999999881 0.000388748 0.000249268 -0.001488264 -0.000388564 0.999999642 -0.000738169 -0.002426053 -0.000249555 0.000738072 0.999999702 0.048201583
0.999999762 0.000533171 0.000269142 -0.000126093 -0.000532807 0.999998868 -0.001350423 -0.003053315 -0.000269862 0.001350280 0.999999046 0.140384331
0.999999940 0.000342114 0.000176874 0.002989810 -0.000341881 0.999999046 -0.001318029 -0.008315501 -0.000177324 0.001317968 0.999999106 0.250957638
0.999999940 0.000331793 0.000197490 0.005955971 -0.000331539 0.999999046 -0.001288894 -0.011781693 -0.000197917 0.001288829 0.999999166 0.379091859
0.999999762 0.000645621 0.000330471 0.006650483 -0.000645245 0.999999106 -0.001137443 -0.016580034 -0.000331205 0.001137230 0.999999225 0.525105059
0.999999881 0.000399415 0.000267614 0.010798852 -0.000399164 0.999999464 -0.000936547 -0.021059627 -0.000267988 0.000936440 0.999999464 0.677488983
0.999999702 0.000663939 0.000327760 0.013692886 -0.000663670 0.999999404 -0.000818980 -0.025567824 -0.000328303 0.000818762 0.999999583 0.838271022
0.999999702 0.000478468 0.000508679 0.015880918 -0.000478117 0.999999642 -0.000690780 -0.030284267 -0.000509010 0.000690537 0.999999583 1.008808970
0.999999762 0.000513634 0.000419519 0.019263510 -0.000513366 0.999999583 -0.000639462 -0.035366248 -0.000419848 0.000639246 0.999999702 1.188314199
0.999999642 0.000651238 0.000562345 0.022079336 -0.000650992 0.999999702 -0.000436670 -0.039038911 -0.000562629 0.000436303 0.999999702 1.373214841
0.999999702 0.000673399 0.000605193 0.023620365 -0.000673179 0.999999702 -0.000363267 -0.045074273 -0.000605437 0.000362859 0.999999762 1.563767910
0.999999821 0.000503230 0.000442566 0.029409688 -0.000503178 0.999999821 -0.000118391 -0.051453482 -0.000442625 0.000118169 0.999999881 1.766721606
0.999999464 0.000766104 0.000655721 0.031141395 -0.000766091 0.999999702 -0.000019881 -0.056291826 -0.000655736 0.000019379 0.999999762 1.962096572
0.999999702 0.000390404 0.000621991 0.036336258 -0.000390443 0.999999940 0.000063065 -0.063895985 -0.000621966 -0.000063308 0.999999762 2.171976805
0.999999583 0.000607202 0.000699554 0.041190431 -0.000607135 0.999999821 -0.000095388 -0.068339735 -0.000699611 0.000094964 0.999999762 2.389028311
0.999999464 0.000658150 0.000778008 0.044613048 -0.000657934 0.999999702 -0.000278264 -0.074640498 -0.000778191 0.000277752 0.999999642 2.613510132
0.999999404 0.000604654 0.000896001 0.048553746 -0.000604490 0.999999821 -0.000183211 -0.081787445 -0.000896112 0.000182670 0.999999583 2.841270447
0.999999285 0.000594959 0.000942959 0.053572308 -0.000594922 0.999999762 -0.000040019 -0.086881049 -0.000942982 0.000039457 0.999999583 3.077822924
0.999999523 0.000615946 0.000640308 0.058978885 -0.000615901 0.999999821 -0.000069384 -0.096963361 -0.000640351 0.000068990 0.999999821 3.314985275
0.999998689 0.001064330 0.001147951 0.060499135 -0.001064251 0.999999404 -0.000068586 -0.103650138 -0.001148024 0.000067364 0.999999285 3.564136982
0.999999046 0.000941041 0.001146983 0.065812483 -0.000941214 0.999999523 0.000149924 -0.111391194 -0.001146842 -0.000151003 0.999999344 3.820672750
0.999998689 0.000953501 0.001244057 0.072042570 -0.000953783 0.999999464 0.000225676 -0.117505446 -0.001243841 -0.000226862 0.999999225 4.080652714
0.999998689 0.001008081 0.001258947 0.078597449 -0.001008217 0.999999464 0.000107261 -0.122999370 -0.001258839 -0.000108530 0.999999225 4.335632324
0.999998271 0.001135443 0.001569394 0.080799684 -0.001135786 0.999999344 0.000217467 -0.131555930 -0.001569147 -0.000219249 0.999998748 4.592366695
0.999997437 0.001224956 0.001861667 0.086400919 -0.001225195 0.999999225 0.000127472 -0.138935834 -0.001861509 -0.000129752 0.999998271 4.848248959
0.999997556 0.001435282 0.001687086 0.094815150 -0.001435423 0.999998987 0.000082620 -0.145835117 -0.001686965 -0.000085041 0.999998569 5.111904621
0.999997318 0.001431442 0.001813859 0.099708587 -0.001431393 0.999998987 -0.000028953 -0.151688308 -0.001813898 0.000026357 0.999998331 5.377717495
0.999997377 0.001326112 0.001819446 0.106266931 -0.001326071 0.999999046 -0.000023898 -0.161115155 -0.001819476 0.000021485 0.999998331 5.647855759
0.999997735 0.001246473 0.001734911 0.110096522 -0.001246643 0.999999225 0.000096880 -0.170034587 -0.001734789 -0.000099043 0.999998450 5.919589520
0.999997854 0.001307379 0.001559479 0.117435202 -0.001307732 0.999999046 0.000225486 -0.180331245 -0.001559182 -0.000227525 0.999998748 6.195907116
0.999997854 0.001279136 0.001629773 0.125062019 -0.001279708 0.999999106 0.000350400 -0.185788199 -0.001629323 -0.000352485 0.999998629 6.489572525
0.999997020 0.001842728 0.001616166 0.127504572 -0.001843097 0.999998271 0.000226950 -0.192785487 -0.001615744 -0.000229928 0.999998689 6.784594536
0.999997914 0.001582132 0.001383786 0.137117580 -0.001582088 0.999998748 -0.000033178 -0.201120615 -0.001383837 0.000030989 0.999999046 7.086246967
0.999997318 0.001774012 0.001476466 0.140088215 -0.001774296 0.999998391 0.000191114 -0.211725414 -0.001476125 -0.000193733 0.999998808 7.384213448
0.999998212 0.001404672 0.001266394 0.147524193 -0.001404833 0.999998927 0.000126310 -0.224198222 -0.001266215 -0.000128089 0.999999106 7.685868740
0.999997735 0.001429661 0.001557060 0.152427137 -0.001430425 0.999998808 0.000489659 -0.235153601 -0.001556358 -0.000491885 0.999998689 7.990382195
0.999997318 0.001588678 0.001679860 0.156478450 -0.001589592 0.999998569 0.000542855 -0.244633764 -0.001678995 -0.000545524 0.999998450 8.305074692
0.999996185 0.001802416 0.002098896 0.160982549 -0.001803502 0.999998212 0.000515849 -0.254905134 -0.002097963 -0.000519633 0.999997675 8.632058144
0.999995828 0.001834645 0.002197491 0.169621348 -0.001835518 0.999998212 0.000395040 -0.261504710 -0.002196762 -0.000399072 0.999997497 8.971287727
0.999996901 0.001535906 0.001893279 0.178971648 -0.001536381 0.999998748 0.000249672 -0.273396075 -0.001892893 -0.000252580 0.999998152 9.309052467
0.999997377 0.001671679 0.001511289 0.190725371 -0.001672891 0.999998212 0.000800902 -0.289129257 -0.001509947 -0.000803428 0.999998510 9.642886162
0.999996364 0.001876630 0.001931164 0.194369942 -0.001878374 0.999997854 0.000901585 -0.299749434 -0.001929467 -0.000905209 0.999997675 9.992927551
0.999996305 0.002074932 0.001748831 0.201703653 -0.002075714 0.999997675 0.000444945 -0.306399971 -0.001747904 -0.000448573 0.999998391 10.356556892
0.999997795 0.001581450 0.001390838 0.212717056 -0.001582165 0.999998629 0.000513093 -0.315917373 -0.001390024 -0.000515293 0.999998927 10.724412918
0.999998629 0.001394280 0.000906174 0.221273392 -0.001395019 0.999998689 0.000815958 -0.326952636 -0.000905035 -0.000817221 0.999999285 11.092741013
0.999998033 0.001694620 0.001037375 0.228449747 -0.001695056 0.999998450 0.000420042 -0.337102413 -0.001036662 -0.000421800 0.999999344 11.468828201
0.999997735 0.001958270 0.000832556 0.238543674 -0.001958575 0.999997973 0.000365705 -0.346345901 -0.000831838 -0.000367334 0.999999523 11.848511696
0.999998271 0.001764381 0.000746710 0.248817876 -0.001764875 0.999998212 0.000660866 -0.361372650 -0.000745543 -0.000662182 0.999999523 12.224597931
0.999997854 0.001844496 0.000964217 0.259183705 -0.001845590 0.999997735 0.001134219 -0.375258684 -0.000962123 -0.001135997 0.999998987 12.614050865
0.999997497 0.001839713 0.001252645 0.266713083 -0.001841056 0.999997735 0.001071410 -0.384991646 -0.001250671 -0.001073714 0.999998629 13.015055656
0.999997497 0.001867107 0.001231925 0.279762298 -0.001868436 0.999997616 0.001077875 -0.397968590 -0.001229909 -0.001080174 0.999998689 13.411776543
0.999995351 0.002545228 0.001667258 0.284970790 -0.002546901 0.999996185 0.001001797 -0.407646418 -0.001664702 -0.001006038 0.999998033 13.828240395
0.999995172 0.002379692 0.001982086 0.291462123 -0.002381673 0.999996603 0.000997477 -0.418400645 -0.001979705 -0.001002193 0.999997556 14.253684044
0.999994040 0.002544161 0.002309687 0.301802337 -0.002547055 0.999995947 0.001250988 -0.436315477 -0.002306495 -0.001256863 0.999996543 14.662896156
0.999993324 0.002883869 0.002240534 0.314036995 -0.002886169 0.999995291 0.001023836 -0.443125606 -0.002237571 -0.001030296 0.999996960 15.104311943
0.999993920 0.002826337 0.002014215 0.322183043 -0.002828391 0.999995410 0.001017263 -0.454853743 -0.002011331 -0.001022954 0.999997437 15.544692993
0.999994278 0.002204536 0.002562659 0.330863476 -0.002207243 0.999997020 0.001053972 -0.465492010 -0.002560328 -0.001059623 0.999996185 15.991217613
0.999992609 0.002622459 0.002805511 0.344042957 -0.002625862 0.999995768 0.001210037 -0.477082253 -0.002802326 -0.001217395 0.999995351 16.436536789
0.999990523 0.002749803 0.003369135 0.350064605 -0.002753556 0.999995589 0.001109815 -0.488873094 -0.003366069 -0.001119082 0.999993682 16.880607605
0.999988496 0.003127873 0.003633807 0.361880183 -0.003132344 0.999994338 0.001225385 -0.504771411 -0.003629954 -0.001236753 0.999992669 17.337585449
0.999989271 0.002905041 0.003601706 0.372372925 -0.002908606 0.999995410 0.000985015 -0.516083598 -0.003598827 -0.000995481 0.999993026 17.798006058
0.999986887 0.002946380 0.004185401 0.384366572 -0.002949683 0.999995351 0.000783274 -0.527023554 -0.004183074 -0.000795610 0.999990940 18.265277863
0.999990106 0.002277283 0.003801502 0.406420022 -0.002283019 0.999996245 0.001505456 -0.550581813 -0.003798060 -0.001514120 0.999991655 18.717590332
0.999988794 0.002251278 0.004165106 0.416387230 -0.002257596 0.999996305 0.001512789 -0.563495278 -0.004161685 -0.001522175 0.999990165 19.197847366
0.999986112 0.003146086 0.004233200 0.429967940 -0.003151539 0.999994159 0.001281868 -0.569157720 -0.004229142 -0.001295192 0.999990225 19.688985825
0.999985516 0.003048931 0.004450664 0.437145382 -0.003055837 0.999994099 0.001545646 -0.584441483 -0.004445925 -0.001559224 0.999988914 20.179094315
0.999985158 0.003161810 0.004442083 0.450915605 -0.003169196 0.999993563 0.001656677 -0.597704828 -0.004436816 -0.001670730 0.999988735 20.682212830
0.999987066 0.003222809 0.003951855 0.463152260 -0.003229294 0.999993503 0.001635761 -0.605841875 -0.003946557 -0.001648501 0.999990821 21.188932419
0.999989212 0.002670909 0.003793848 0.471656054 -0.002676897 0.999995112 0.001574133 -0.611467957 -0.003789626 -0.001584272 0.999991536 21.697782516
0.999991655 0.002558182 0.003182565 0.487319440 -0.002560679 0.999996305 0.000780759 -0.620574594 -0.003180557 -0.000788902 0.999994576 22.211708069
0.999989331 0.003255796 0.003275091 0.502273262 -0.003259922 0.999993861 0.001255251 -0.642647326 -0.003270984 -0.001265914 0.999993861 22.681213379
0.999993384 0.002648330 0.002467842 0.512921631 -0.002652640 0.999994993 0.001744743 -0.662160516 -0.002463209 -0.001751278 0.999995470 23.203184128
0.999989331 0.003675338 0.002803471 0.507247865 -0.003679833 0.999992073 0.001599829 -0.674437106 -0.002797569 -0.001610129 0.999994814 23.699594498
0.999994159 0.002543570 0.002288480 0.518656552 -0.002546528 0.999995947 0.001290413 -0.689451814 -0.002285189 -0.001296233 0.999996603 24.228763580
0.999996066 0.002146427 0.001821609 0.531302631 -0.002148973 0.999996722 0.001396699 -0.704157591 -0.001818605 -0.001400608 0.999997377 24.759630203
0.999992549 0.003199882 0.002170200 0.538551033 -0.003203702 0.999993324 0.001759435 -0.717286527 -0.002164556 -0.001766375 0.999996066 25.304124832
0.999992788 0.003707376 0.000809669 0.550679684 -0.003709016 0.999991059 0.002033435 -0.730990410 -0.000802123 -0.002036423 0.999997616 25.848814011
0.999991953 0.003952234 0.000668142 0.556933045 -0.003953193 0.999991179 0.001439780 -0.743116915 -0.000662446 -0.001442410 0.999998689 26.400100708
0.999993742 0.003517858 0.000215594 0.570954800 -0.003518165 0.999992907 0.001439315 -0.751651645 -0.000210529 -0.001440064 0.999998868 26.950737000
0.999994576 0.003215030 -0.000635785 0.586148322 -0.003213827 0.999993086 0.001884585 -0.774691582 0.000641839 -0.001882532 0.999998033 27.494863510
0.999992669 0.003816854 -0.000250895 0.590748429 -0.003816488 0.999991655 0.001449052 -0.789786816 0.000256423 -0.001448084 0.999998927 28.038791656
0.999991536 0.004139718 -0.000269342 0.598010778 -0.004139356 0.999990523 0.001330019 -0.800205410 0.000274845 -0.001328893 0.999999046 28.593574524
0.999989808 0.004510399 -0.000145760 0.608615041 -0.004510209 0.999989033 0.001281591 -0.819594383 0.000151539 -0.001280920 0.999999166 29.134654999
0.999990523 0.004327926 -0.000444801 0.612878501 -0.004327209 0.999989271 0.001600904 -0.836298585 0.000451725 -0.001598964 0.999998629 29.683490753
0.999989510 0.004526599 -0.000707032 0.622385979 -0.004525512 0.999988616 0.001531084 -0.848483562 0.000713955 -0.001527868 0.999998569 30.232744217
0.999988317 0.004727288 -0.000989063 0.638283670 -0.004725687 0.999987543 0.001614706 -0.867133915 0.000996684 -0.001610013 0.999998212 30.769470215
0.999989152 0.004531090 -0.001013291 0.650351286 -0.004529469 0.999988496 0.001595348 -0.882134259 0.001020508 -0.001590741 0.999998212 31.309009552
0.999983728 0.005496855 -0.001504845 0.659631968 -0.005494300 0.999983490 0.001697075 -0.897015095 0.001514148 -0.001688780 0.999997437 31.851497650
0.999985695 0.004984261 -0.001937971 0.675704479 -0.004981856 0.999986827 0.001244142 -0.911499500 0.001944147 -0.001234469 0.999997377 32.394584656
0.999984086 0.005081437 -0.002453173 0.684485912 -0.005077400 0.999985695 0.001649302 -0.924523652 0.002461519 -0.001636820 0.999995649 32.945125580
0.999983907 0.004912410 -0.002828048 0.696404696 -0.004907662 0.999986529 0.001682958 -0.945255041 0.002836278 -0.001669052 0.999994516 33.462574005
0.999981403 0.004953096 -0.003552499 0.714110374 -0.004946845 0.999986172 0.001766801 -0.958418012 0.003561201 -0.001749195 0.999992132 34.020137787
0.999981463 0.004337123 -0.004253413 0.725104868 -0.004329126 0.999988794 0.001887546 -0.974015415 0.004261551 -0.001869097 0.999989152 34.567417145
0.999980271 0.004557543 -0.004316408 0.734966755 -0.004549438 0.999987841 0.001885782 -0.995508432 0.004324951 -0.001866108 0.999988914 35.098049164
0.999980509 0.004851780 -0.003937617 0.737050831 -0.004844552 0.999986529 0.001843242 -1.004440308 0.003946507 -0.001824130 0.999990523 35.638813019
0.999980330 0.004373722 -0.004498573 0.752011538 -0.004365210 0.999988675 0.001900258 -1.020346403 0.004506832 -0.001880583 0.999988079 36.224361420
0.999978304 0.005316366 -0.003875318 0.753892422 -0.005311494 0.999985099 0.001266539 -1.029508233 0.003881994 -0.001245928 0.999991715 36.780097961
0.999979496 0.004289151 -0.004760082 0.775046527 -0.004281304 0.999989569 0.001657261 -1.044097900 0.004767141 -0.001636848 0.999987304 37.330718994
0.999977350 0.004601936 -0.004905608 0.786402225 -0.004594686 0.999988317 0.001488096 -1.059189081 0.004912399 -0.001465522 0.999986887 37.875846863
0.999974191 0.004779864 -0.005358051 0.795332611 -0.004772279 0.999987602 0.001427431 -1.072473288 0.005364807 -0.001401825 0.999984622 38.427883148
0.999975562 0.004406364 -0.005426920 0.803228974 -0.004396539 0.999988616 0.001821055 -1.085431814 0.005434882 -0.001797151 0.999983549 38.987972260
0.999975681 0.004624238 -0.005223097 0.808855712 -0.004614796 0.999987721 0.001818222 -1.096968174 0.005231441 -0.001794075 0.999984682 39.538234711
0.999978125 0.004442366 -0.004902812 0.814938366 -0.004433746 0.999988616 0.001767715 -1.114181399 0.004910608 -0.001745939 0.999986410 40.092235565
0.999978006 0.004639740 -0.004736054 0.821794927 -0.004631883 0.999987900 0.001668621 -1.132445574 0.004743737 -0.001646647 0.999987364 40.633106232
0.999976575 0.004705264 -0.004970736 0.831168354 -0.004696456 0.999987483 0.001782076 -1.143061876 0.004979058 -0.001758689 0.999985993 41.191757202
0.999978065 0.004480310 -0.004877763 0.839759707 -0.004470764 0.999988079 0.001966178 -1.157457113 0.004886515 -0.001944328 0.999986172 41.739437103
0.999977112 0.005022165 -0.004530149 0.848725080 -0.005016496 0.999986589 0.001261978 -1.166505098 0.004536424 -0.001239224 0.999988914 42.295009613
0.999975324 0.005194804 -0.004732985 0.862241507 -0.005188052 0.999985516 0.001437810 -1.181813955 0.004740385 -0.001413220 0.999987781 42.839500427
0.999974668 0.005245181 -0.004822198 0.873301387 -0.005238503 0.999985337 0.001396410 -1.196357965 0.004829452 -0.001371113 0.999987423 43.388721466
0.999975085 0.005091462 -0.004885753 0.887806654 -0.005083635 0.999985754 0.001613445 -1.217059135 0.004893898 -0.001588568 0.999986768 43.924701691
0.999971449 0.004498220 -0.006068814 0.901056111 -0.004484923 0.999987543 0.002202776 -1.235722303 0.006078647 -0.002175495 0.999979138 44.464126587
0.999973893 0.004968692 -0.005245495 0.890414238 -0.004955999 0.999984741 0.002430034 -1.248720884 0.005257490 -0.002403974 0.999983251 45.029853821
0.999973714 0.004782241 -0.005444761 0.901429176 -0.004771328 0.999986589 0.002015464 -1.259052038 0.005454327 -0.001989432 0.999983132 45.583450317
0.999972939 0.005405437 -0.004992265 0.907559156 -0.005396358 0.999983728 0.001830243 -1.272920966 0.005002078 -0.001803254 0.999985874 46.134845734
0.999976933 0.004195655 -0.005343762 0.917043149 -0.004184191 0.999988914 0.002154708 -1.291061759 0.005352744 -0.002132299 0.999983430 46.690616608
0.999976158 0.005113667 -0.004647544 0.920026779 -0.005103373 0.999984443 0.002224081 -1.301533580 0.004658844 -0.002200309 0.999986708 47.244186401
0.999978542 0.004255588 -0.004982654 0.923249066 -0.004243305 0.999987960 0.002472793 -1.317830801 0.004993117 -0.002451597 0.999984503 47.795146942
0.999979079 0.004575707 -0.004578662 0.926803589 -0.004566701 0.999987543 0.001975517 -1.341512918 0.004587644 -0.001954566 0.999987543 48.337615967
0.999977648 0.004644518 -0.004795481 0.937620223 -0.004633150 0.999986410 0.002378993 -1.359680772 0.004806465 -0.002356722 0.999985695 48.884479523
0.999978185 0.004573638 -0.004752574 0.944262028 -0.004563387 0.999987245 0.002165388 -1.371563554 0.004762416 -0.002143653 0.999986410 49.437561035
0.999975860 0.004795656 -0.005025752 0.952600479 -0.004786679 0.999986947 0.001796522 -1.387717366 0.005034300 -0.001772422 0.999985754 49.982154846
0.999976218 0.004567564 -0.005160786 0.960354447 -0.004557658 0.999987781 0.001929648 -1.402436137 0.005169535 -0.001906081 0.999984741 50.517658234
0.999975979 0.004675479 -0.005136156 0.967256665 -0.004666032 0.999987423 0.001849767 -1.419720411 0.005144739 -0.001825757 0.999985039 51.055278778
0.999976873 0.004658799 -0.004956108 0.975244820 -0.004650849 0.999987900 0.001614401 -1.433874369 0.004963570 -0.001591314 0.999986351 51.604991913
0.999975860 0.004873370 -0.004949019 0.980206728 -0.004864579 0.999986589 0.001786854 -1.448649764 0.004957662 -0.001762736 0.999986172 52.147075653
0.999975443 0.005240773 -0.004653847 0.987221360 -0.005232940 0.999984860 0.001693740 -1.466079354 0.004662653 -0.001669345 0.999987721 52.682723999
0.999976575 0.004653375 -0.005011970 1.001405597 -0.004643816 0.999987364 0.001916993 -1.481618047 0.005020827 -0.001893673 0.999985576 53.216461182
0.999976099 0.004710095 -0.005060385 1.010703683 -0.004701218 0.999987364 0.001764693 -1.499116063 0.005068633 -0.001740861 0.999985635 53.753986359
0.999977589 0.004669216 -0.004792905 1.018412232 -0.004660877 0.999987602 0.001749373 -1.515142441 0.004801014 -0.001726995 0.999987006 54.300205231
0.999976397 0.004897553 -0.004815782 1.022952676 -0.004888848 0.999986351 0.001817715 -1.531329632 0.004824617 -0.001794129 0.999986768 54.835201263
0.999975324 0.004683558 -0.005232211 1.032074451 -0.004675080 0.999987721 0.001631340 -1.546753526 0.005239784 -0.001606839 0.999984920 55.384307861
0.999974728 0.004560032 -0.005451435 1.043202877 -0.004550592 0.999988139 0.001742822 -1.561328292 0.005459317 -0.001717970 0.999983609 55.927764893
0.999974251 0.004515809 -0.005578415 1.049028397 -0.004504563 0.999987721 0.002026780 -1.576978326 0.005587499 -0.002001600 0.999982357 56.464832306
0.999973714 0.004676575 -0.005527141 1.060308695 -0.004666070 0.999987304 0.001912058 -1.592473507 0.005536012 -0.001886218 0.999982893 57.000194550
0.999974847 0.004735024 -0.005299791 1.070173144 -0.004725771 0.999987304 0.001757106 -1.607506514 0.005308045 -0.001732016 0.999984324 57.532768250
0.999974251 0.004893461 -0.005235435 1.076047063 -0.004884608 0.999986649 0.001702374 -1.622416854 0.005243697 -0.001676757 0.999984860 58.065841675
0.999976337 0.004693950 -0.005033628 1.087462664 -0.004686428 0.999987900 0.001505153 -1.638371944 0.005040632 -0.001481527 0.999986172 58.600902557
0.999975979 0.004876629 -0.004926182 1.090109825 -0.004868677 0.999986827 0.001625106 -1.650461674 0.004934043 -0.001601083 0.999986470 59.123039246
0.999977291 0.004810853 -0.004713832 1.096445084 -0.004804104 0.999987364 0.001442124 -1.667668581 0.004720711 -0.001419446 0.999987841 59.651493073
0.999977767 0.004439277 -0.004967656 1.104974866 -0.004430160 0.999988496 0.001844372 -1.684319019 0.004975784 -0.001822324 0.999985874 60.183650970
0.999978244 0.004434468 -0.004869445 1.111150622 -0.004426478 0.999988854 0.001649984 -1.696846128 0.004876709 -0.001628394 0.999986768 60.715538025
0.999977946 0.004694848 -0.004695912 1.116715908 -0.004686525 0.999987423 0.001782210 -1.712828636 0.004704222 -0.001760163 0.999987364 61.253589630
0.999978065 0.004990192 -0.004361795 1.123807311 -0.004982898 0.999986172 0.001681663 -1.723669767 0.004370129 -0.001659892 0.999989092 61.789096832
0.999980092 0.004696711 -0.004193981 1.128432393 -0.004690359 0.999987781 0.001523182 -1.739773989 0.004201083 -0.001503480 0.999990046 62.323360443
0.999981046 0.004994746 -0.003594987 1.136816144 -0.004990292 0.999986768 0.001246960 -1.755493641 0.003601168 -0.001228996 0.999992728 62.859939575
0.999978364 0.005742992 -0.003207444 1.139100552 -0.005739794 0.999982953 0.001005678 -1.765094399 0.003213165 -0.000987247 0.999994338 63.403465271
0.999976397 0.006160455 -0.003030011 1.146539211 -0.006156676 0.999980390 0.001254887 -1.788137555 0.003037683 -0.001236202 0.999994636 63.936023712
0.999977827 0.005877686 -0.003136520 1.157181740 -0.005874291 0.999982297 0.001090604 -1.800014496 0.003142874 -0.001072155 0.999994457 64.466835022
0.999977171 0.006151950 -0.002786767 1.158836007 -0.006149414 0.999980807 0.000917294 -1.810486913 0.002792357 -0.000900136 0.999995649 65.003593445
0.999978542 0.006101597 -0.002384227 1.164133787 -0.006099095 0.999980807 0.001055242 -1.828739643 0.002390620 -0.001040678 0.999996603 65.530883789
0.999976575 0.006519835 -0.002092603 1.169552803 -0.006517399 0.999978065 0.001168342 -1.844320416 0.002100176 -0.001154676 0.999997139 66.060035706
0.999975622 0.006801945 -0.001581525 1.170526385 -0.006800762 0.999976575 0.000754322 -1.855927587 0.001586619 -0.000743548 0.999998450 66.600875854
0.999973953 0.007040208 -0.001563790 1.179347992 -0.007038792 0.999974787 0.000909063 -1.878190875 0.001570151 -0.000898032 0.999998331 67.126060486
0.999973297 0.007163004 -0.001421527 1.189069390 -0.007161478 0.999973714 0.001075446 -1.896065354 0.001429193 -0.001065237 0.999998331 67.651634216
0.999971151 0.007515523 -0.001063781 1.188999772 -0.007513746 0.999970317 0.001664318 -1.923614502 0.001076259 -0.001656277 0.999998033 68.192649841
0.999974132 0.007061905 -0.001368981 1.206153631 -0.007060178 0.999974310 0.001261486 -1.928929090 0.001377855 -0.001251788 0.999998271 68.732032776
0.999971986 0.007341655 -0.001458261 1.213473916 -0.007339493 0.999971926 0.001483214 -1.944511175 0.001469108 -0.001472469 0.999997854 69.259162903
0.999972582 0.007331234 -0.001031577 1.223177791 -0.007330394 0.999972761 0.000817486 -1.956173778 0.001037542 -0.000809902 0.999999106 69.794868469
0.999969840 0.007744091 -0.000569289 1.230865717 -0.007743386 0.999969184 0.001232015 -1.975135088 0.000578813 -0.001227570 0.999999046 70.348579407
0.999974906 0.007030362 -0.000857410 1.244480729 -0.007029196 0.999974370 0.001355201 -1.991111875 0.000866915 -0.001349140 0.999998689 70.865379333
0.999972701 0.007341103 -0.000829343 1.251536489 -0.007340254 0.999972522 0.001020139 -2.004693031 0.000836809 -0.001014024 0.999999166 71.408920288
0.999976397 0.006748443 -0.001276650 1.264164090 -0.006746717 0.999976337 0.001351450 -2.022346497 0.001285739 -0.001342805 0.999998212 71.938026428
0.999974072 0.007187972 -0.000482690 1.262593865 -0.007187529 0.999973774 0.000911296 -2.037238836 0.000489228 -0.000907803 0.999999464 72.482421875
0.999970675 0.007641495 -0.000307512 1.270402431 -0.007641190 0.999970317 0.000982396 -2.052276850 0.000315011 -0.000980017 0.999999464 73.020164490
0.999967575 0.008048894 -0.000105171 1.274412274 -0.008048790 0.999967158 0.000938689 -2.066964626 0.000112722 -0.000937812 0.999999523 73.565536499
0.999970198 0.007719294 -0.000137533 1.287031651 -0.007719217 0.999970019 0.000549752 -2.080228806 0.000141772 -0.000548674 0.999999762 74.112335205
0.999966502 0.008181491 0.000188641 1.293525577 -0.008181678 0.999966025 0.001012913 -2.097567081 -0.000180348 -0.001014423 0.999999464 74.655143738
0.999962926 0.008598979 0.000341768 1.302487016 -0.008599324 0.999962509 0.001019196 -2.116944075 -0.000332991 -0.001022097 0.999999404 75.207023621
0.999962926 0.008597023 0.000434248 1.314749479 -0.008597265 0.999962807 0.000561197 -2.129634380 -0.000429407 -0.000564910 0.999999762 75.751510620
0.999957085 0.009212568 0.000907919 1.317549109 -0.009213128 0.999957383 0.000617123 -2.146094322 -0.000902195 -0.000625462 0.999999344 76.303405762
0.999955535 0.009359591 0.001131574 1.327042818 -0.009360166 0.999956071 0.000504405 -2.162835836 -0.001126803 -0.000514975 0.999999225 76.864189148
0.999954820 0.009400031 0.001417563 1.333124518 -0.009400625 0.999955714 0.000413213 -2.175093889 -0.001413615 -0.000426520 0.999998927 77.405075073
0.999956787 0.009187275 0.001416484 1.339253902 -0.009188183 0.999957502 0.000635206 -2.190713406 -0.001410588 -0.000648193 0.999998808 77.947654724
0.999955535 0.009276989 0.001680980 1.346481800 -0.009277695 0.999956906 0.000411527 -2.207354069 -0.001677090 -0.000427104 0.999998510 78.483825684
0.999952257 0.009580673 0.001884737 1.355190754 -0.009580844 0.999954104 0.000082183 -2.218241930 -0.001883863 -0.000100237 0.999998212 79.038063049
0.999953687 0.009458379 0.001770220 1.370652676 -0.009458472 0.999955237 0.000044398 -2.234070778 -0.001769721 -0.000061140 0.999998450 79.586738586
0.999952316 0.009553189 0.002031750 1.382250309 -0.009552193 0.999954224 -0.000500484 -2.245087862 -0.002036439 0.000481052 0.999997795 80.148307800
0.999951184 0.009433849 0.002941016 1.397367954 -0.009433000 0.999955475 -0.000302301 -2.260190248 -0.002943737 0.000274544 0.999995649 80.699073792
0.999948025 0.009294253 0.004191539 1.407684565 -0.009291119 0.999956489 -0.000766820 -2.273775339 -0.004198484 0.000727836 0.999990940 81.254837036
0.999943435 0.009185882 0.005366900 1.423939824 -0.009180895 0.999957383 -0.000953155 -2.285013676 -0.005375426 0.000903828 0.999985158 81.831359863
0.999939740 0.008911574 0.006401696 1.438441992 -0.008908026 0.999960065 -0.000582537 -2.303529263 -0.006406632 0.000525475 0.999979317 82.378639221
0.999903738 0.009589826 0.010024632 1.452301025 -0.009581562 0.999953687 -0.000872224 -2.323642492 -0.010032533 0.000776089 0.999949396 82.919883728
0.999859333 0.009601391 0.013750104 1.474595666 -0.009592588 0.999953747 -0.000705963 -2.337577343 -0.013756247 0.000573965 0.999905229 83.472145081
0.999808073 0.009410447 0.017178122 1.490998268 -0.009394446 0.999955356 -0.001011964 -2.355862141 -0.017186878 0.000850391 0.999851882 84.023887634
0.999718249 0.009915558 0.021567473 1.514196396 -0.009893683 0.999950409 -0.001120629 -2.367501020 -0.021577515 0.000906931 0.999766767 84.595901489
0.999573112 0.009708350 0.027555838 1.550513744 -0.009682287 0.999952555 -0.001079115 -2.385641575 -0.027565006 0.000811850 0.999619663 85.133476257
0.999380052 0.009846848 0.033801693 1.577644110 -0.009810398 0.999951065 -0.001243997 -2.402858973 -0.033812288 0.000911618 0.999427795 85.676162720
0.999155343 0.009715372 0.039926816 1.620119452 -0.009671585 0.999952376 -0.001289716 -2.420623779 -0.039937444 0.000902471 0.999201715 86.217636108
0.998793244 0.009887049 0.048107058 1.662128448 -0.009846533 0.999950945 -0.001079133 -2.437530518 -0.048115358 0.000604144 0.998841703 86.781311035
0.998356402 0.009805870 0.056465134 1.716398716 -0.009729034 0.999951363 -0.001635510 -2.450253248 -0.056478422 0.001083471 0.998403251 87.327308655
0.997916818 0.009445129 0.063817300 1.764564276 -0.009371935 0.999955058 -0.001446189 -2.468214750 -0.063828088 0.000845084 0.997960567 87.871231079
0.997299016 0.009578586 0.072821006 1.823316574 -0.009463245 0.999953389 -0.001928785 -2.479507208 -0.072836071 0.001234452 0.997343123 88.423957825
0.996505797 0.009467880 0.082984947 1.892941952 -0.009340796 0.999954522 -0.001919555 -2.498780012 -0.082999349 0.001137702 0.996548951 88.972862244
0.995747387 0.009367902 0.091648445 1.962772369 -0.009205924 0.999955177 -0.002189963 -2.510240316 -0.091664866 0.001336941 0.995788932 89.550422668
0.995051384 0.008888649 0.098963238 2.037692547 -0.008679866 0.999959052 -0.002540096 -2.521464586 -0.098981768 0.001668538 0.995087862 90.121299744
0.993992984 0.008333527 0.109125681 2.126636028 -0.008048609 0.999962926 -0.003051128 -2.537489891 -0.109147072 0.002154491 0.994023263 90.678405762
0.992735505 0.008475147 0.120018296 2.206105232 -0.008168353 0.999961972 -0.003047961 -2.547754765 -0.120039590 0.002045467 0.992766917 91.263458252
0.991556883 0.008197889 0.129413918 2.299523354 -0.007869570 0.999964416 -0.003048132 -2.574644089 -0.129434317 0.002003964 0.991585970 91.824768066
0.989950597 0.008386237 0.141164824 2.392004013 -0.008094170 0.999963760 -0.002643028 -2.593251705 -0.141181886 0.001473854 0.989982545 92.359489441
0.988071859 0.008131745 0.153778687 2.515830040 -0.007755470 0.999965310 -0.003046594 -2.613054037 -0.153798088 0.001817628 0.988100648 92.949760437
0.986217260 0.008375606 0.165243313 2.587733269 -0.008136625 0.999964595 -0.002123098 -2.640699625 -0.165255234 0.000749313 0.986250520 93.367240906
0.984443665 0.008005848 0.175518021 2.751257896 -0.007540829 0.999966085 -0.003316214 -2.640462875 -0.175538644 0.001941074 0.984470606 94.132835388
0.981964350 0.006857460 0.188941792 2.871532440 -0.006172589 0.999972045 -0.004212969 -2.652715445 -0.188965365 0.002970726 0.981979251 94.670158386
0.979573309 0.007079756 0.200962439 3.008753777 -0.006331828 0.999970436 -0.004364278 -2.668821812 -0.200987414 0.003002670 0.979589224 95.195594788
0.977485001 0.006864551 0.210893124 3.139726639 -0.006125846 0.999972582 -0.004155851 -2.688765764 -0.210915849 0.002770384 0.977500319 95.716217041
0.974583209 0.006892145 0.223920137 3.286722183 -0.006060744 0.999971926 -0.004400020 -2.710468054 -0.223944172 0.002931062 0.974597573 96.240234375
0.971364379 0.005948531 0.237520128 3.436801910 -0.005063703 0.999977708 -0.004335207 -2.727383852 -0.237540603 0.003008335 0.971372962 96.737701416
0.968813777 0.006009876 0.247716933 3.592288971 -0.005130855 0.999978006 -0.004193900 -2.748802423 -0.247736692 0.002792109 0.968823433 97.242134094
0.965881288 0.005054379 0.258935809 3.764659882 -0.004095781 0.999982595 -0.004241414 -2.773624182 -0.258952796 0.003036159 0.965885162 97.744216919
0.962286592 0.005146276 0.271988869 3.938314438 -0.004174496 0.999982595 -0.004151369 -2.789791584 -0.272005558 0.002859391 0.962291420 98.261489868
0.958655119 0.004226522 0.284539223 4.114892960 -0.002990170 0.999984086 -0.004779350 -2.809382915 -0.284554929 0.003730929 0.958652437 98.780761719
0.955285788 0.003957591 0.295657277 4.306253433 -0.002839789 0.999987125 -0.004210041 -2.830276966 -0.295670182 0.003182188 0.955284774 99.285049438
0.951295376 0.003466408 0.308261245 4.511224747 -0.002349324 0.999989271 -0.003994891 -2.847884417 -0.308271706 0.003076117 0.951293349 99.809997559
0.946588993 0.003516408 0.322423518 4.711572647 -0.002261839 0.999988317 -0.004265622 -2.863394976 -0.322434753 0.003308522 0.946585894 100.326805115
0.942756236 0.002769962 0.333471030 4.922477722 -0.001443023 0.999990046 -0.004226800 -2.880245686 -0.333479375 0.003503635 0.942750871 100.841903687
0.938089490 0.002460021 0.346384555 5.136667252 -0.001260079 0.999992371 -0.003689357 -2.914032936 -0.346390963 0.003024475 0.938085377 101.297271729
0.932823837 0.002317331 0.360325277 5.359622955 -0.001218029 0.999993861 -0.003277899 -2.940892696 -0.360330731 0.002618815 0.932820976 101.778427124
0.927853942 0.001671390 0.372940183 5.586021423 -0.000455608 0.999994278 -0.003348107 -2.954095364 -0.372943580 0.002936639 0.927849352 102.292198181
0.923168123 0.000867007 0.384395599 5.822126389 0.000642096 0.999992549 -0.003797555 -2.969333172 -0.384396017 0.003752600 0.923160672 102.799003601
0.917627335 0.000140787 0.397441864 6.044368744 0.001041480 0.999995589 -0.002758834 -3.020533800 -0.397440523 0.002945509 0.917623222 103.140869141
0.912061632 -0.000507616 0.410052776 6.293354034 0.001679907 0.999995470 -0.002498616 -3.036820889 -0.410049647 0.002967742 0.912058353 103.631584167
0.907154679 -0.000820094 0.420796692 6.541812897 0.002203913 0.999993682 -0.002802305 -3.052731037 -0.420791715 0.003469523 0.907150686 104.114105225
0.901250660 -0.001027602 0.433296949 6.804573059 0.002552480 0.999992490 -0.002937546 -3.067804575 -0.433290660 0.003753447 0.901246369 104.608062744
0.894562304 -0.001792484 0.446939617 7.072235107 0.003169308 0.999992251 -0.002332918 -3.109537840 -0.446931988 0.003503430 0.894561112 105.030998230
0.888676405 -0.002009974 0.458530486 7.346878052 0.003576706 0.999990404 -0.002548531 -3.120068312 -0.458520949 0.003904847 0.888675034 105.519218445
0.882799566 -0.001636084 0.469747037 7.636878967 0.003053585 0.999992847 -0.002255747 -3.136779547 -0.469739974 0.003425784 0.882798195 106.028221130
0.875393033 -0.001896973 0.483408064 7.904750824 0.003479623 0.999991119 -0.002377044 -3.155459166 -0.483399183 0.003762926 0.875391841 106.449424744
0.868085921 -0.002398597 0.496408254 8.192691803 0.004175431 0.999988198 -0.002469870 -3.171452522 -0.496396422 0.004216777 0.868085861 106.907508850
