1.000000000 0.000000000 0.000000000 0.000000000 0.000000000 1.000000000 0.000000000 0.000000000 0.000000000 0.000000000 1.000000000 0.000000000
1.000000000 0.000050065 -0.000025391 0.000065396 -0.000050066 1.000000000 -0.000033141 0.000219432 0.000025389 0.000033142 1.000000000 -0.000645857
1.000000000 0.000051664 0.000020330 -0.000169953 -0.000051665 1.000000000 0.000055791 -0.000378006 -0.000020327 -0.000055793 1.000000000 -0.000244697
1.000000000 -0.000097877 0.000093316 -0.000257293 0.000097877 1.000000000 -0.000007431 0.000363981 -0.000093315 0.000007440 1.000000000 0.000170177
1.000000000 -0.000073163 0.000049790 -0.000176211 0.000073161 1.000000000 0.000038110 -0.000502247 -0.000049793 -0.000038106 1.000000000 -0.000916822
1.000000000 0.000011146 0.000140102 -0.000731552 -0.000011150 1.000000000 0.000023227 -0.000029195 -0.000140101 -0.000023228 1.000000000 -0.000321612
1.000000000 -0.000125143 0.000079150 0.000326732 0.000125145 1.000000000 -0.000033131 0.000205307 -0.000079146 0.000033141 1.000000000 -0.000118487
1.000000000 0.000018207 0.000065902 -0.000474471 -0.000018214 1.000000000 0.000111208 -0.000651087 -0.000065900 -0.000111210 1.000000000 -0.000731110
1.000000000 -0.000004472 0.000013571 -0.000359654 0.000004473 1.000000000 -0.000043998 0.000013339 -0.000013571 0.000043998 1.000000000 -0.000042298
1.000000000 -0.000126375 0.000036308 0.000034489 0.000126372 1.000000000 0.000087905 -0.001779716 -0.000036319 -0.000087901 1.000000000 -0.001427023
1.000000000 0.000028144 0.000049954 -0.000937888 -0.000028148 1.000000000 0.000083882 -0.000958215 -0.000049952 -0.000083883 1.000000000 -0.000418286
1.000000000 -0.000036635 0.000059599 -0.000708713 0.000036632 1.000000000 0.000046075 -0.000368276 -0.000059601 -0.000046073 1.000000000 -0.001597888
1.000000000 0.000014405 -0.000006634 -0.000342265 -0.000014405 1.000000000 -0.000017195 -0.001036515 0.000006634 0.000017195 1.000000000 -0.001208795
1.000000000 -0.000038948 0.000061420 -0.001158466 0.000038950 1.000000000 -0.000021464 0.001004882 -0.000061419 0.000021466 1.000000000 0.000680781
1.000000000 -0.000075379 0.000049806 -0.001632900 0.000075383 1.000000000 -0.000090418 0.000826544 -0.000049800 0.000090422 1.000000000 -0.000423866
1.000000000 0.000059858 0.000001523 0.000098485 -0.000059858 1.000000000 -0.000109310 0.002394618 -0.000001530 0.000109309 1.000000000 0.002122067
1.000000000 0.000048339 0.000117296 -0.001103946 -0.000048323 1.000000000 -0.000131762 0.002441134 -0.000117302 0.000131757 1.000000000 0.003117625
1.000000000 0.000095229 0.000099992 -0.001521521 -0.000095217 1.000000000 -0.000121162 0.001650643 -0.000100004 0.000121152 1.000000000 0.001385377
1.000000000 0.000150734 0.000134894 -0.001631346 -0.000150723 1.000000000 -0.000082410 0.002224995 -0.000134906 0.000082390 1.000000000 0.002721337
1.000000000 0.000056261 0.000134820 -0.001143164 -0.000056249 1.000000000 -0.000087097 0.001905440 -0.000134825 0.000087090 1.000000000 0.002242042
1.000000000 0.000105373 0.000151842 -0.001724401 -0.000105359 1.000000000 -0.000091940 0.001775170 -0.000151852 0.000091924 1.000000000 0.002151274
1.000000000 0.000147529 0.000091675 -0.001514992 -0.000147522 1.000000000 -0.000075472 0.002220719 -0.000091686 0.000075459 1.000000000 0.002103780
1.000000000 0.000128212 0.000033859 -0.000556957 -0.000128209 1.000000000 -0.000087648 0.002304056 -0.000033870 0.000087644 1.000000000 0.003472080
1.000000000 0.000063804 0.000034699 -0.000973864 -0.000063801 1.000000000 -0.000091695 0.002538622 -0.000034704 0.000091693 1.000000000 0.003668037
0.999999940 0.000359442 0.000030276 -0.001382582 -0.000359439 0.999999940 -0.000077642 0.003168263 -0.000030304 0.000077631 1.000000000 0.004311098
0.999999940 0.000248071 0.000072853 -0.001286141 -0.000248067 0.999999940 -0.000053193 0.002149362 -0.000072866 0.000053175 1.000000000 0.002019213
1.000000000 0.000102732 0.000148073 -0.001774667 -0.000102721 1.000000000 -0.000074515 0.003151814 -0.000148080 0.000074500 1.000000000 0.003936598
1.000000000 0.000141664 0.000155326 -0.001817937 -0.000141665 1.000000000 0.000006308 0.001678787 -0.000155325 -0.000006330 1.000000000 0.003070007
1.000000000 0.000106959 0.000075436 -0.001275883 -0.000106951 1.000000000 -0.000106915 0.002813592 -0.000075448 0.000106907 1.000000000 0.002921547
1.000000000 0.000130018 0.000160260 -0.002036049 -0.000130003 1.000000000 -0.000095533 0.002660800 -0.000160273 0.000095512 1.000000000 0.003517750
1.000000000 0.000110395 0.000198959 -0.001462203 -0.000110391 1.000000000 -0.000021575 0.001795665 -0.000198962 0.000021553 1.000000000 0.003534154
1.000000000 0.000096433 0.000176734 -0.001030174 -0.000096419 1.000000000 -0.000075663 0.003277992 -0.000176741 0.000075645 1.000000000 0.004210356
1.000000000 0.000146481 0.000061277 -0.000341225 -0.000146468 0.999999940 -0.000208653 0.004254892 -0.000061307 0.000208644 1.000000000 0.004305464
1.000000000 0.000092152 0.000126201 -0.000720841 -0.000092145 1.000000000 -0.000054758 0.001826294 -0.000126206 0.000054747 1.000000000 0.002370920
1.000000000 0.000196598 0.000142210 -0.002101406 -0.000196582 1.000000000 -0.000110242 0.002035364 -0.000142232 0.000110214 1.000000000 0.002344739
0.999999940 0.000182540 0.000162781 -0.001323045 -0.000182524 1.000000000 -0.000095735 0.002173265 -0.000162799 0.000095705 1.000000000 0.002500707
1.000000000 0.000154049 0.000122833 -0.001309509 -0.000154039 1.000000000 -0.000084217 0.002247642 -0.000122846 0.000084198 1.000000000 0.002394292
1.000000000 0.000188389 0.000141401 -0.001848461 -0.000188382 1.000000000 -0.000049660 0.002977484 -0.000141410 0.000049633 1.000000000 0.004171169
0.999999940 0.000231017 0.000164459 -0.001435738 -0.000231007 1.000000000 -0.000057621 0.002828120 -0.000164472 0.000057583 1.000000000 0.002685012
1.000000000 0.000145382 0.000088013 -0.000358013 -0.000145369 1.000000000 -0.000141627 0.004180401 -0.000088033 0.000141614 1.000000000 0.003720331
1.000000000 0.000080885 0.000118513 -0.000322969 -0.000080872 1.000000000 -0.000105127 0.001854164 -0.000118522 0.000105117 1.000000000 0.004224284
0.999999881 0.000470739 0.000178721 0.000589358 -0.000470640 0.999999762 -0.000550536 -0.001652108 -0.000178980 0.000550452 0.999999821 0.051638275
0.999999940 0.000384037 0.000128085 0.001668083 -0.000383892 0.999999285 -0.001130200 -0.003986960 -0.000128519 0.001130151 0.999999344 0.138988301
0.999997795 0.002103462 -0.000005969 -0.002397935 -0.002103469 0.999996543 -0.001567251 -0.007205044 0.000002672 0.001567260 0.999998748 0.248554394
0.999997556 0.002205750 0.000043352 0.000466910 -0.002205686 0.999996543 -0.001419896 -0.010399390 -0.000046484 0.001419796 0.999998987 0.380286187
0.999997556 0.002217107 0.000140098 0.001705596 -0.002216944 0.999996901 -0.001152885 -0.013947867 -0.000142654 0.001152572 0.999999285 0.526878357
0.999998331 0.001810449 -0.000069383 0.008671570 -0.001810509 0.999997973 -0.000874300 -0.025614191 0.000067800 0.000874424 0.999999642 0.675497711
0.999998689 0.001619658 -0.000001891 0.012332561 -0.001619658 0.999998569 -0.000500208 -0.029801317 0.000001081 0.000500210 0.999999940 0.836929500
0.999998152 0.001913283 0.000145302 0.013596926 -0.001913225 0.999998093 -0.000396941 -0.033338081 -0.000146061 0.000396663 0.999999940 1.014165044
0.999997616 0.002140504 0.000122146 0.012165839 -0.002140433 0.999997556 -0.000579284 -0.037266288 -0.000123386 0.000579021 0.999999762 1.187155366
0.999997795 0.002091377 0.000249964 0.013772241 -0.002091336 0.999997795 -0.000161420 -0.044795699 -0.000250301 0.000160897 0.999999940 1.372538805
0.999997675 0.002143412 0.000046259 0.018639315 -0.002143397 0.999997616 -0.000333215 -0.046211980 -0.000046973 0.000333115 0.999999940 1.572908521
0.999998212 0.001867450 0.000061258 0.026324743 -0.001867441 0.999998212 -0.000136641 -0.052306712 -0.000061513 0.000136526 0.999999940 1.777156591
0.999997795 0.002006714 0.000531185 0.020064849 -0.002006820 0.999997973 0.000199225 -0.062142845 -0.000530784 -0.000200290 0.999999821 1.985891461
0.999999225 0.001194871 0.000266223 0.029057480 -0.001194947 0.999999225 0.000282659 -0.069190077 -0.000265885 -0.000282977 0.999999881 2.197019100
0.999998033 0.001907705 0.000575809 0.027634779 -0.001907837 0.999998152 0.000229000 -0.075241722 -0.000575371 -0.000230098 0.999999762 2.421879768
0.999997437 0.002224106 0.000493546 0.035203956 -0.002224165 0.999997556 0.000120478 -0.081744358 -0.000493277 -0.000121575 0.999999881 2.642546654
0.999998212 0.001722589 0.000787139 0.037591983 -0.001722787 0.999998450 0.000251178 -0.087891117 -0.000786706 -0.000252534 0.999999702 2.881050110
0.999998391 0.001633037 0.000736854 0.044482764 -0.001633149 0.999998629 0.000151243 -0.090794794 -0.000736606 -0.000152447 0.999999762 3.128403902
0.999996662 0.002516911 0.000614701 0.043848891 -0.002517134 0.999996781 0.000362787 -0.100144044 -0.000613786 -0.000364333 0.999999762 3.366394043
0.999997258 0.002216902 0.000833671 0.047025397 -0.002217206 0.999997497 0.000364605 -0.106921732 -0.000832860 -0.000366453 0.999999583 3.615331173
0.999996841 0.002348343 0.000870193 0.052977800 -0.002348710 0.999997079 0.000420264 -0.114611067 -0.000869204 -0.000422306 0.999999523 3.880362272
0.999997497 0.002092646 0.000705211 0.060106110 -0.002092962 0.999997675 0.000446439 -0.119117036 -0.000704275 -0.000447914 0.999999583 4.135410309
0.999996841 0.002351614 0.000874557 0.067580782 -0.002352008 0.999997139 0.000449822 -0.126431629 -0.000873496 -0.000451877 0.999999523 4.392932892
0.999996662 0.002248492 0.001291423 0.066260345 -0.002249254 0.999997258 0.000588491 -0.132851496 -0.001290096 -0.000591394 0.999998987 4.659006596
0.999995947 0.002549945 0.001333380 0.072050810 -0.002550734 0.999996603 0.000590534 -0.138015136 -0.001331870 -0.000593932 0.999998927 4.919536591
0.999993861 0.003158696 0.001578870 0.075826660 -0.003160210 0.999994636 0.000957205 -0.147692546 -0.001575838 -0.000962188 0.999998271 5.183375835
0.999993563 0.003112245 0.001800979 0.077826083 -0.003113172 0.999995053 0.000511671 -0.154337719 -0.001799378 -0.000517275 0.999998271 5.457822800
0.999994636 0.002799842 0.001718938 0.085167676 -0.002801202 0.999995828 0.000789381 -0.163525879 -0.001716721 -0.000794192 0.999998212 5.726199627
0.999994814 0.002669819 0.001797809 0.087988250 -0.002671022 0.999996245 0.000666933 -0.170837238 -0.001796022 -0.000671731 0.999998212 6.002938271
0.999993563 0.002883570 0.002174998 0.089789115 -0.002885199 0.999995589 0.000746257 -0.179794893 -0.002172836 -0.000752527 0.999997437 6.291286469
0.999994159 0.002857003 0.001881009 0.102949940 -0.002858207 0.999995708 0.000637682 -0.183933467 -0.001879179 -0.000643055 0.999997973 6.585017681
0.999993861 0.003030176 0.001789330 0.106620178 -0.003031025 0.999995351 0.000472182 -0.189245224 -0.001787891 -0.000477603 0.999998331 6.881028175
0.999993026 0.003144598 0.002009400 0.107682392 -0.003145966 0.999994814 0.000678006 -0.202244803 -0.002007258 -0.000684322 0.999997675 7.180623531
0.999993086 0.003126218 0.002001079 0.113784008 -0.003127638 0.999994874 0.000707340 -0.213418663 -0.001998857 -0.000713594 0.999997735 7.475028038
0.999993920 0.002817911 0.002030451 0.118697315 -0.002820229 0.999995291 0.001139302 -0.228990868 -0.002027231 -0.001145021 0.999997199 7.776188850
0.999992132 0.003217849 0.002306080 0.126553506 -0.003220626 0.999994099 0.001201682 -0.237288445 -0.002302199 -0.001209099 0.999996603 8.123975754
0.999988139 0.003994922 0.002765471 0.126150429 -0.003998615 0.999991119 0.001331432 -0.246333107 -0.002760127 -0.001342474 0.999995291 8.440258026
0.999991298 0.003182638 0.002690120 0.133978292 -0.003185440 0.999994397 0.001038106 -0.254002422 -0.002686801 -0.001046666 0.999995828 8.775106430
0.999988139 0.004023619 0.002731605 0.140474439 -0.004027233 0.999991000 0.001318884 -0.262536198 -0.002726273 -0.001329869 0.999995410 9.112088203
0.999989092 0.003940933 0.002505368 0.150558755 -0.003943468 0.999991715 0.001007481 -0.275075376 -0.002501377 -0.001017349 0.999996364 9.446716309
0.999985337 0.004712340 0.002636446 0.155372083 -0.004714459 0.999988556 0.000797850 -0.284328610 -0.002632656 -0.000810267 0.999996245 9.791138649
0.999987125 0.004265757 0.002725700 0.161484718 -0.004268897 0.999990225 0.001147288 -0.294018209 -0.002720780 -0.001158910 0.999995589 10.142310143
0.999987364 0.004188527 0.002781218 0.168473765 -0.004190763 0.999990821 0.000798373 -0.302420139 -0.002777849 -0.000810018 0.999995828 10.509677887
0.999987066 0.004210968 0.002824388 0.176843196 -0.004212378 0.999990940 0.000493781 -0.310640126 -0.002822284 -0.000505672 0.999995887 10.873478889
0.999987781 0.004159351 0.002670408 0.185562983 -0.004161088 0.999991119 0.000645055 -0.316694647 -0.002667701 -0.000656159 0.999996245 11.241531372
0.999989927 0.003697038 0.002552093 0.196378231 -0.003699527 0.999992669 0.000971266 -0.332095563 -0.002548483 -0.000980698 0.999996245 11.616078377
0.999986887 0.004413451 0.002625289 0.204452693 -0.004416323 0.999989688 0.001089116 -0.338443190 -0.002620455 -0.001100695 0.999995947 11.999038696
0.999986172 0.004226252 0.003110479 0.207927972 -0.004229940 0.999990284 0.001180069 -0.358730823 -0.003105461 -0.001193210 0.999994457 12.379103661
0.999985456 0.004260218 0.003281115 0.217985854 -0.004265616 0.999989510 0.001640364 -0.371507347 -0.003274092 -0.001654337 0.999993265 12.769980431
0.999986053 0.004075912 0.003348203 0.224112362 -0.004081180 0.999990404 0.001568030 -0.381210655 -0.003341780 -0.001581673 0.999993145 13.168515205
0.999989033 0.003503145 0.003120812 0.238090023 -0.003506520 0.999993205 0.001076489 -0.392958969 -0.003117020 -0.001087421 0.999994516 13.561403275
0.999984384 0.004255550 0.003619034 0.243133694 -0.004260864 0.999989867 0.001462016 -0.403580219 -0.003612775 -0.001477414 0.999992311 13.982933044
0.999981999 0.004618275 0.003838900 0.246083349 -0.004624947 0.999987841 0.001730900 -0.416062593 -0.003830860 -0.001748623 0.999991119 14.409874916
0.999976993 0.005007719 0.004570539 0.257508993 -0.005013987 0.999986529 0.001361149 -0.425104529 -0.004563661 -0.001384034 0.999988675 14.814819336
0.999982953 0.004285846 0.003961704 0.278679281 -0.004291144 0.999989927 0.001329750 -0.436909854 -0.003955965 -0.001346728 0.999991298 15.255035400
0.999981225 0.004266656 0.004398577 0.286521107 -0.004271375 0.999990284 0.001063968 -0.447304010 -0.004393995 -0.001082736 0.999989808 15.708031654
0.999977171 0.004659029 0.004894043 0.295803130 -0.004667273 0.999987721 0.001674423 -0.462964714 -0.004886182 -0.001697226 0.999986649 16.151762009
0.999972939 0.005151852 0.005264568 0.308532834 -0.005160136 0.999985456 0.001561043 -0.472524762 -0.005256449 -0.001588166 0.999985039 16.590524673
0.999972284 0.004945258 0.005570117 0.317867041 -0.004953801 0.999986589 0.001520864 -0.483136714 -0.005562521 -0.001548415 0.999983430 17.048410416
0.999973357 0.004701177 0.005584573 0.329933435 -0.004712087 0.999987125 0.001941999 -0.510616243 -0.005575371 -0.001968263 0.999982536 17.497230530
0.999969602 0.005090663 0.005899691 0.341450661 -0.005102797 0.999984860 0.002043477 -0.521272480 -0.005889200 -0.002073520 0.999980509 17.964300156
0.999972463 0.004553189 0.005870529 0.355532914 -0.004564981 0.999987602 0.001996695 -0.530726969 -0.005861365 -0.002023439 0.999980807 18.434476852
0.999966979 0.004635748 0.006669578 0.363588512 -0.004649470 0.999987125 0.002043339 -0.545160830 -0.006660019 -0.002074281 0.999975622 18.911420822
0.999967396 0.004788669 0.006493008 0.379656434 -0.004798661 0.999987304 0.001524153 -0.551002204 -0.006485626 -0.001555261 0.999977767 19.389356613
0.999963403 0.005159630 0.006834423 0.393280029 -0.005169696 0.999985516 0.001455722 -0.566046476 -0.006826812 -0.001491001 0.999975622 19.883651733
0.999962986 0.005047298 0.006967660 0.396732092 -0.005065932 0.999983609 0.002659427 -0.592824042 -0.006954124 -0.002694626 0.999972105 20.354379654
0.999965310 0.004774510 0.006819175 0.413157552 -0.004790714 0.999985695 0.002362027 -0.605702519 -0.006807800 -0.002394614 0.999973893 20.848060608
0.999976695 0.004182654 0.005397462 0.432448179 -0.004197490 0.999987364 0.002740252 -0.612644017 -0.005385934 -0.002762844 0.999981642 21.368761063
0.999972284 0.004980850 0.005529133 0.441270053 -0.004995393 0.999984086 0.002619614 -0.634909987 -0.005515997 -0.002647161 0.999981284 21.853431702
0.999974012 0.005101468 0.005080507 0.455150753 -0.005114727 0.999983549 0.002600298 -0.646840632 -0.005067158 -0.002626215 0.999983668 22.369670868
0.999975860 0.005132412 0.004676791 0.463386714 -0.005141467 0.999984980 0.001926348 -0.652253151 -0.004666833 -0.001950346 0.999987185 22.884502411
0.999977887 0.004796276 0.004601159 0.469231904 -0.004806772 0.999985874 0.002272880 -0.676503539 -0.004590192 -0.002294947 0.999986827 23.413471222
0.999983847 0.004538181 0.003426774 0.487383604 -0.004546738 0.999986529 0.002493530 -0.692473650 -0.003415411 -0.002509070 0.999991000 23.937158585
0.999988616 0.003646588 0.003043790 0.494791240 -0.003654083 0.999990284 0.002460521 -0.709826052 -0.003034787 -0.002471616 0.999992311 24.458000183
0.999980092 0.005375535 0.003303795 0.489846885 -0.005383121 0.999982893 0.002291414 -0.720046937 -0.003291421 -0.002309153 0.999991894 24.991491318
0.999972939 0.006594340 0.003272308 0.498214245 -0.006601823 0.999975622 0.002281361 -0.727670670 -0.003257184 -0.002302903 0.999992013 25.541154861
0.999978006 0.006252015 0.002199576 0.515830636 -0.006256509 0.999978364 0.002042349 -0.734164476 -0.002186759 -0.002056066 0.999995410 26.112951279
0.999979079 0.006223538 0.001735374 0.520415485 -0.006227769 0.999977648 0.002444107 -0.762816787 -0.001720124 -0.002454863 0.999995530 26.627700806
0.999988973 0.004635748 0.000732560 0.537652969 -0.004637890 0.999984860 0.002949771 -0.772316217 -0.000718875 -0.002953135 0.999995410 27.194684982
0.999982238 0.005892143 0.000890923 0.542999864 -0.005894540 0.999979079 0.002713329 -0.790135145 -0.000874917 -0.002718532 0.999995947 27.722478867
0.999974668 0.007017643 0.001183704 0.549761117 -0.007020616 0.999972224 0.002526607 -0.805921733 -0.001165940 -0.002534853 0.999996126 28.272470474
0.999977350 0.006710046 0.000337675 0.565748096 -0.006710786 0.999974966 0.002244743 -0.815447569 -0.000322605 -0.002246958 0.999997437 28.821437836
0.999977767 0.006619922 0.000713181 0.570276618 -0.006622029 0.999973536 0.002993348 -0.834683001 -0.000693347 -0.002998004 0.999995291 29.345228195
0.999977052 0.006777432 0.000118888 0.578948915 -0.006777685 0.999974370 0.002272845 -0.842602372 -0.000103481 -0.002273598 0.999997437 29.896808624
0.999973953 0.007211979 0.000112255 0.586739480 -0.007212230 0.999971032 0.002427760 -0.852252841 -0.000094742 -0.002428507 0.999997020 30.436225891
0.999975324 0.007022433 -0.000036709 0.599538743 -0.007022306 0.999971628 0.002726593 -0.872995377 0.000055855 -0.002726268 0.999996305 30.970754623
0.999973297 0.007301219 -0.000321419 0.611821592 -0.007300519 0.999971092 0.002128753 -0.874304712 0.000336952 -0.002126350 0.999997675 31.529087067
0.999967158 0.008087506 -0.000566839 0.619840205 -0.008086383 0.999965370 0.001954543 -0.887747407 0.000582626 -0.001949895 0.999997973 32.068733215
0.999970794 0.007636051 -0.000375560 0.625501275 -0.007635340 0.999969125 0.001860161 -0.903241575 0.000389753 -0.001857239 0.999998212 32.624347687
0.999968946 0.007846382 -0.000774495 0.635453105 -0.007844606 0.999966681 0.002270391 -0.918012142 0.000792283 -0.002264244 0.999997139 33.165618896
0.999972284 0.007412468 -0.000705462 0.635702729 -0.007410588 0.999969184 0.002630000 -0.941698551 0.000724935 -0.002624699 0.999996305 33.705509186
0.999971092 0.007534913 -0.001011559 0.648135722 -0.007532284 0.999968231 0.002577503 -0.952503383 0.001030948 -0.002569809 0.999996126 34.253036499
0.999970019 0.007560051 -0.001679726 0.661047161 -0.007555788 0.999968171 0.002529676 -0.965215743 0.001698797 -0.002516908 0.999995410 34.799732208
0.999969602 0.007637934 -0.001561452 0.666075289 -0.007634458 0.999968350 0.002220048 -0.981386960 0.001578359 -0.002208060 0.999996305 35.323295593
0.999972641 0.007227490 -0.001613468 0.688358665 -0.007223987 0.999971569 0.002166509 -0.985767484 0.001629080 -0.002154794 0.999996424 35.873245239
0.999973655 0.006982275 -0.001985610 0.694256306 -0.006977472 0.999972761 0.002414859 -1.008468032 0.002002417 -0.002400941 0.999995053 36.417987823
0.999973118 0.007112109 -0.001818096 0.703895330 -0.007108273 0.999972522 0.002107688 -1.019538403 0.001833036 -0.002094707 0.999996066 36.970092773
0.999977887 0.006250432 -0.002281685 0.716493189 -0.006245854 0.999978602 0.002007649 -1.030996680 0.002294184 -0.001993353 0.999995410 37.513545990
0.999971688 0.007279361 -0.001866763 0.718605101 -0.007274640 0.999970376 0.002523439 -1.055602431 0.001885077 -0.002509787 0.999995053 38.032058716
0.999971449 0.007086032 -0.002635567 0.733419657 -0.007079067 0.999971449 0.002642586 -1.069489241 0.002654217 -0.002623853 0.999993026 38.579746246
0.999974608 0.006695535 -0.002459885 0.740544319 -0.006690646 0.999975681 0.001990762 -1.075297117 0.002473154 -0.001974253 0.999994993 39.142288208
0.999973714 0.006749827 -0.002639794 0.753804505 -0.006742657 0.999973595 0.002715721 -1.096574306 0.002658056 -0.002697850 0.999992847 39.672779083
0.999972403 0.006811924 -0.002968544 0.764895976 -0.006805355 0.999974430 0.002217423 -1.108879924 0.002983573 -0.002197160 0.999993205 40.221187592
0.999973357 0.006597626 -0.003118290 0.788435817 -0.006589034 0.999974489 0.002757755 -1.133804083 0.003136405 -0.002737135 0.999991417 40.743614197
0.999976814 0.006237248 -0.002709068 0.784945190 -0.006230862 0.999977767 0.002358774 -1.141105294 0.002723720 -0.002341840 0.999993563 41.313488007
0.999973357 0.006685007 -0.002935770 0.793953359 -0.006676403 0.999973357 0.002930852 -1.155973792 0.002955285 -0.002911174 0.999991417 41.860675812
0.999974489 0.006579829 -0.002754772 0.801218212 -0.006573180 0.999975502 0.002416025 -1.169311047 0.002770602 -0.002397856 0.999993265 42.385192871
0.999976456 0.006386809 -0.002500968 0.813704252 -0.006380421 0.999976397 0.002553825 -1.183540821 0.002517219 -0.002537807 0.999993622 42.935077667
0.999978840 0.005861099 -0.002843230 0.828547716 -0.005851424 0.999977171 0.003399749 -1.209907770 0.002863092 -0.003383039 0.999990225 43.465473175
0.999975026 0.006421236 -0.002961732 0.834326863 -0.006412514 0.999975204 0.002945323 -1.218400955 0.002980571 -0.002926257 0.999991238 44.011741638
0.999974191 0.006464635 -0.003127455 0.841075242 -0.006456788 0.999975920 0.002512348 -1.227578759 0.003143621 -0.002492090 0.999991953 44.545238495
0.999973357 0.006406213 -0.003508407 0.851809442 -0.006397419 0.999976337 0.002511768 -1.238633633 0.003524415 -0.002489257 0.999990702 45.105163574
0.999974668 0.005981374 -0.003861123 0.863610506 -0.005969742 0.999977648 0.003017101 -1.254332304 0.003879083 -0.002993975 0.999987960 45.654636383
0.999975920 0.006285722 -0.002939759 0.869240224 -0.006279029 0.999977708 0.002280246 -1.264985323 0.002954026 -0.002261733 0.999993086 46.170696259
0.999976993 0.005934265 -0.003283921 0.877172947 -0.005927974 0.999980688 0.001921760 -1.277544737 0.003295261 -0.001902249 0.999992728 46.716106415
0.999974608 0.006171928 -0.003566717 0.888841808 -0.006164429 0.999978840 0.002109511 -1.292852521 0.003579661 -0.002087470 0.999991417 47.267250061
0.999976397 0.005978237 -0.003382606 0.891456127 -0.005969482 0.999978781 0.002592369 -1.306622028 0.003398031 -0.002572116 0.999990880 47.791660309
0.999972522 0.006640817 -0.003294116 0.895793378 -0.006633755 0.999975622 0.002149964 -1.319368601 0.003308313 -0.002128053 0.999992251 48.332668304
0.999978364 0.005903420 -0.002900947 0.906475484 -0.005896765 0.999980092 0.002297490 -1.330572367 0.002914452 -0.002280334 0.999993086 48.879573822
0.999980807 0.005375026 -0.003078812 0.919156551 -0.005367959 0.999982953 0.002299044 -1.343055010 0.003091117 -0.002282473 0.999992549 49.433502197
0.999978006 0.005940943 -0.002948583 0.924178243 -0.005933232 0.999979019 0.002616997 -1.357605934 0.002964067 -0.002599445 0.999992192 49.977619171
0.999975085 0.006613693 -0.002464257 0.927510321 -0.006607032 0.999974549 0.002701698 -1.376422644 0.002482061 -0.002685349 0.999993324 50.511840820
0.999976814 0.006422217 -0.002260210 0.936996996 -0.006416382 0.999976099 0.002579474 -1.390483737 0.002276722 -0.002564912 0.999994099 51.051651001
0.999979496 0.005989809 -0.002277304 0.952772975 -0.005983473 0.999978185 0.002779473 -1.401576281 0.002293902 -0.002765790 0.999993563 51.597713470
0.999970615 0.007221171 -0.002572291 0.952834904 -0.007214632 0.999970734 0.002542296 -1.414148569 0.002590573 -0.002523663 0.999993443 52.121669769
0.999971330 0.007186775 -0.002357606 0.961160660 -0.007180686 0.999970913 0.002581022 -1.431042552 0.002376087 -0.002564019 0.999993801 52.661838531
0.999972343 0.007063725 -0.002332612 0.967234671 -0.007057423 0.999971390 0.002698948 -1.443379283 0.002351609 -0.002682411 0.999993563 53.203815460
0.999969959 0.007399859 -0.002310284 0.975009143 -0.007393797 0.999969184 0.002621928 -1.459579587 0.002329615 -0.002604768 0.999993801 53.750091553
0.999971569 0.007143837 -0.002425022 0.991788745 -0.007138395 0.999971986 0.002245278 -1.474960923 0.002440994 -0.002227903 0.999994516 54.283946991
0.999969244 0.007563428 -0.002049332 0.994380295 -0.007559021 0.999969125 0.002149429 -1.488794684 0.002065525 -0.002133872 0.999995589 54.821048737
0.999968350 0.007653317 -0.002205201 1.004972219 -0.007649313 0.999969125 0.001818678 -1.501059651 0.002219052 -0.001801752 0.999996006 55.371490479
0.999970853 0.007355684 -0.002012275 1.011757135 -0.007351988 0.999971211 0.001838098 -1.513246655 0.002025738 -0.001823251 0.999996305 55.898086548
0.999971151 0.007321465 -0.001990431 1.018241882 -0.007316251 0.999969721 0.002614114 -1.528802633 0.002009510 -0.002599476 0.999994636 56.449413300
0.999972820 0.007042617 -0.002169659 1.033411145 -0.007038387 0.999973357 0.001950653 -1.542576909 0.002183339 -0.001935330 0.999995708 56.982925415
0.999968290 0.007617152 -0.002299215 1.045065999 -0.007611170 0.999967694 0.002599059 -1.561203480 0.002318937 -0.002581477 0.999993980 57.522083282
0.999970794 0.007161032 -0.002659499 1.064538717 -0.007156362 0.999972880 0.001761668 -1.574490309 0.002672042 -0.001742584 0.999994934 58.070793152
0.999969423 0.007625266 -0.001704905 1.059664011 -0.007622287 0.999969363 0.001746598 -1.582239985 0.001718172 -0.001733549 0.999997020 58.585487366
0.999968588 0.007507061 -0.002550263 1.072751284 -0.007503193 0.999970615 0.001523287 -1.593086958 0.002561624 -0.001504104 0.999995530 59.132545471
0.999971628 0.007424125 -0.001274367 1.080089450 -0.007422721 0.999971807 0.001103074 -1.610557556 0.001282521 -0.001093583 0.999998510 59.679058075
0.999969125 0.007662844 -0.001733474 1.089293242 -0.007659966 0.999969304 0.001661763 -1.622989774 0.001746156 -0.001648433 0.999997139 60.194034576
0.999964297 0.008315830 -0.001470517 1.095849752 -0.008313442 0.999964118 0.001623194 -1.633005857 0.001483964 -0.001610911 0.999997675 60.754547119
0.999968231 0.007815875 -0.001573274 1.106193185 -0.007813251 0.999968112 0.001667471 -1.650026679 0.001586257 -0.001655126 0.999997377 61.280406952
0.999969602 0.007658815 -0.001492696 1.124605775 -0.007656010 0.999968946 0.001875521 -1.662906647 0.001507013 -0.001864036 0.999997139 61.812717438
0.999968767 0.007761344 -0.001470605 1.120285392 -0.007759003 0.999968588 0.001590936 -1.679200888 0.001482907 -0.001579475 0.999997675 62.350910187
0.999963522 0.008459553 -0.001196598 1.130131006 -0.008458466 0.999963820 0.000911249 -1.689370871 0.001204263 -0.000901094 0.999998868 62.897544861
0.999963820 0.008424402 -0.001137185 1.138492703 -0.008422445 0.999963045 0.001716348 -1.709162951 0.001151603 -0.001706709 0.999997854 63.438407898
0.999958456 0.009071738 -0.000931813 1.147476673 -0.009070358 0.999957800 0.001474272 -1.725187540 0.000945148 -0.001465759 0.999998450 63.986919403
0.999967337 0.008005550 -0.001086604 1.159548402 -0.008003548 0.999966264 0.001834570 -1.742690206 0.001101255 -0.001825813 0.999997735 64.511581421
0.999966621 0.008081852 -0.001137650 1.166545033 -0.008079632 0.999965489 0.001941748 -1.755767822 0.001153304 -0.001932492 0.999997497 65.057235718
0.999968648 0.007889822 -0.000709997 1.174503684 -0.007888547 0.999967396 0.001782170 -1.772781014 0.000724035 -0.001776514 0.999998093 65.581687927
0.999964654 0.008414385 -0.000106479 1.179319382 -0.008414184 0.999963105 0.001767100 -1.782813430 0.000121344 -0.001766142 0.999998391 66.127189636
0.999967635 0.008009549 -0.000661383 1.193888307 -0.008008535 0.999966800 0.001520547 -1.798525572 0.000673540 -0.001515201 0.999998629 66.665046692
0.999961257 0.008800116 -0.000050843 1.199012399 -0.008800033 0.999960303 0.001452854 -1.814774990 0.000063626 -0.001452351 0.999998987 67.207435608
0.999964356 0.008417109 -0.000521985 1.211066008 -0.008416269 0.999963224 0.001595216 -1.832957029 0.000535393 -0.001590766 0.999998569 67.737091064
0.999960721 0.008849073 -0.000299931 1.220908761 -0.008848689 0.999960065 0.001258394 -1.843070030 0.000311054 -0.001255691 0.999999166 68.282073975
0.999959469 0.008995410 -0.000433436 1.234101653 -0.008994809 0.999958634 0.001371711 -1.863278389 0.000445757 -0.001367756 0.999998987 68.829879761
0.999960840 0.008809699 -0.000898912 1.245449305 -0.008808339 0.999960124 0.001505036 -1.878432512 0.000912136 -0.001497059 0.999998569 69.378944397
0.999965847 0.008196581 -0.001071868 1.257915497 -0.008194880 0.999965191 0.001581817 -1.895830512 0.001084795 -0.001572979 0.999998212 69.930892944
0.999967337 0.008081140 -0.000201125 1.263623953 -0.008080874 0.999966562 0.001290227 -1.907011271 0.000211545 -0.001288559 0.999999166 70.489883423
0.999969244 0.007833487 -0.000385953 1.273901343 -0.007832877 0.999968112 0.001563593 -1.923037887 0.000398189 -0.001560522 0.999998689 70.935684204
0.999968529 0.007889249 -0.000913411 1.283873916 -0.007887856 0.999967754 0.001520228 -1.937586069 0.000925375 -0.001512975 0.999998450 71.484436035
0.999970973 0.007580795 -0.000791133 1.295593381 -0.007579680 0.999970317 0.001403826 -1.952488899 0.000801753 -0.001397789 0.999998629 71.994171143
0.999968529 0.007897705 -0.000833277 1.306346297 -0.007896468 0.999967754 0.001476741 -1.970526338 0.000844913 -0.001470115 0.999998569 72.536163330
0.999970913 0.007584690 -0.000708236 1.316650629 -0.007583558 0.999969959 0.001587643 -1.985706091 0.000720257 -0.001582226 0.999998450 73.059280396
0.999967992 0.007980860 -0.000428169 1.322747469 -0.007980352 0.999967456 0.001175847 -1.996257067 0.000437539 -0.001172393 0.999999166 73.604415894
0.999967575 0.008042831 -0.000363482 1.334849596 -0.008042313 0.999966621 0.001407856 -2.013677835 0.000374794 -0.001404887 0.999998927 74.127609253
0.999973834 0.007213965 -0.000571024 1.347315192 -0.007213403 0.999973536 0.000980890 -2.017378807 0.000578085 -0.000976745 0.999999344 74.690917969
0.999964833 0.008378812 -0.000163088 1.353045464 -0.008378549 0.999963641 0.001552937 -2.042325974 0.000176094 -0.001551517 0.999998808 75.209228516
0.999962866 0.008607264 -0.000138406 1.365524888 -0.008607118 0.999962389 0.001019333 -2.055449724 0.000147174 -0.001018104 0.999999464 75.744949341
0.999960482 0.008874397 0.000005545 1.373653173 -0.008874398 0.999960184 0.000884892 -2.069298506 0.000002308 -0.000884906 0.999999642 76.283592224
0.999966621 0.008156374 -0.000532009 1.389342785 -0.008155635 0.999965727 0.001376242 -2.085124731 0.000543216 -0.001371857 0.999998868 76.828956604
0.999962628 0.008646418 -0.000318464 1.398884416 -0.008646155 0.999962330 0.000817096 -2.100413084 0.000325516 -0.000814312 0.999999642 77.366111755
0.999965608 0.008275398 -0.000446214 1.407427311 -0.008274866 0.999965072 0.001183363 -2.108751059 0.000455991 -0.001179630 0.999999225 77.904251099
0.999968886 0.007872625 -0.000360963 1.423012972 -0.007872241 0.999968410 0.001054047 -2.125268221 0.000369251 -0.001051173 0.999999404 78.439178467
0.999964833 0.008370266 -0.000115950 1.434881568 -0.008370151 0.999964535 0.000957383 -2.138693810 0.000123960 -0.000956379 0.999999583 78.982658386
0.999965072 0.008346825 -0.000232503 1.444294214 -0.008346627 0.999964833 0.000841574 -2.152121067 0.000239521 -0.000839604 0.999999702 79.539642334
0.999962509 0.008641338 0.000455021 1.445531607 -0.008641830 0.999962032 0.001093265 -2.173940182 -0.000445556 -0.001097157 0.999999225 80.038764954
0.999953687 0.009500570 0.001540516 1.455439329 -0.009502337 0.999954164 0.001144950 -2.187881470 -0.001529568 -0.001159535 0.999998093 80.584686279
0.999950767 0.009503512 0.002863213 1.468258023 -0.009505505 0.999954522 0.000683399 -2.203933477 -0.002856588 -0.000710582 0.999995589 81.132209778
0.999958098 0.008586887 0.003174202 1.485117674 -0.008589712 0.999962747 0.000877476 -2.218186617 -0.003166549 -0.000904705 0.999994576 81.675071716
0.999947250 0.009214922 0.004537215 1.492523193 -0.009220585 0.999956787 0.001228796 -2.234928370 -0.004525695 -0.001270567 0.999988973 82.224205017
0.999926448 0.009303477 0.007776124 1.511260748 -0.009312075 0.999956191 0.001070417 -2.248522520 -0.007765823 -0.001142750 0.999969184 82.759452820
0.999896526 0.008813312 0.011366090 1.533508897 -0.008823324 0.999960721 0.000830981 -2.263064384 -0.011358319 -0.000931181 0.999935031 83.297363281
0.999865592 0.008456683 0.014047086 1.562491179 -0.008468578 0.999963939 0.000787474 -2.283455610 -0.014039919 -0.000906328 0.999901056 83.830024719
0.999794304 0.008160397 0.018567523 1.583598375 -0.008183124 0.999965787 0.001148273 -2.285180092 -0.018557519 -0.001299977 0.999826908 84.336853027
0.999659181 0.008465738 0.024692910 1.610243201 -0.008505126 0.999962628 0.001490428 -2.297330856 -0.024679370 -0.001699936 0.999693930 84.891632080
0.999495387 0.008612950 0.030573623 1.647620320 -0.008636304 0.999962509 0.000631828 -2.309308052 -0.030567039 -0.000895553 0.999532342 85.443847656
0.999299645 0.008229666 0.036504216 1.680414915 -0.008268402 0.999965429 0.000910281 -2.325114727 -0.036495462 -0.001211476 0.999333084 85.983322144
0.998974681 0.008607112 0.044449028 1.733641624 -0.008664529 0.999961853 0.001099273 -2.344954252 -0.044437878 -0.001483276 0.999010980 86.549758911
0.998569846 0.008154592 0.052835599 1.784800053 -0.008190664 0.999966323 0.000466209 -2.355744600 -0.052830022 -0.000898301 0.998603106 87.102485657
0.998157322 0.007697144 0.060187068 1.834069967 -0.007731879 0.999969959 0.000344216 -2.369455338 -0.060182612 -0.000808941 0.998187065 87.644737244
0.997584403 0.008002981 0.069000989 1.886376858 -0.008031801 0.999967694 0.000140288 -2.380019903 -0.068997644 -0.000694151 0.997616529 88.197616577
0.996842086 0.008229980 0.078982025 1.958535671 -0.008287999 0.999965608 0.000406788 -2.403414011 -0.078975961 -0.001060106 0.996875942 88.715675354
0.996110559 0.007896096 0.087756880 2.026663780 -0.007929397 0.999968529 0.000030872 -2.406714916 -0.087753884 -0.000726611 0.996141970 89.287292480
0.995516717 0.006281857 0.094375640 2.095710278 -0.006267970 0.999980211 -0.000443563 -2.419836521 -0.094376557 -0.000149970 0.995536506 89.840446472
0.994460046 0.006833544 0.104892962 2.173324585 -0.006853574 0.999976456 -0.000169467 -2.442461014 -0.104891658 -0.000550363 0.994483531 90.381004333
0.993222117 0.008517621 0.115920231 2.253761292 -0.008625610 0.999962747 0.000429977 -2.455456972 -0.115912244 -0.001426945 0.993258476 90.936897278
0.992209911 0.006454189 0.124410674 2.354605675 -0.006469389 0.999979019 -0.000281819 -2.473699808 -0.124409899 -0.000525238 0.992230773 91.471748352
0.990653634 0.006450836 0.136248708 2.445644379 -0.006461419 0.999979019 -0.000364564 -2.488307953 -0.136248216 -0.000519204 0.990674555 92.009475708
0.988869727 0.006280161 0.148650825 2.545234680 -0.006330778 0.999979973 -0.000132653 -2.506290913 -0.148648635 -0.000809899 0.988889754 92.561256409
0.987128317 0.006238740 0.159808666 2.647513390 -0.006310330 0.999980032 -0.000059517 -2.521901131 -0.159805834 -0.000949695 0.987148046 93.098388672
0.985446572 0.005496585 0.169897407 2.769264221 -0.005531120 0.999984682 -0.000270046 -2.536199093 -0.169896305 -0.000673607 0.985461712 93.636009216
0.983020604 0.005722155 0.183406666 2.883131027 -0.005821391 0.999983132 0.000002654 -2.554646254 -0.183403537 -0.001070291 0.983037174 94.175903320
0.980798602 0.004579270 0.194969833 3.025455475 -0.004606127 0.999989331 -0.000315633 -2.569981337 -0.194969177 -0.000588483 0.980809212 94.698013306
0.978742599 0.004510545 0.205043226 3.149320602 -0.004648835 0.999989271 0.000192718 -2.586935520 -0.205040112 -0.001141833 0.978752971 95.210182190
0.975953281 0.003799053 0.217946574 3.291236877 -0.003795759 0.999992847 -0.000433783 -2.591920614 -0.217946634 -0.000403921 0.975960612 95.744239807
0.972871304 0.003182231 0.231325030 3.439075470 -0.003056519 0.999994993 -0.000901832 -2.601480007 -0.231326744 0.000170317 0.972876072 96.278915405
0.970110536 0.003173810 0.242642254 3.590026855 -0.003117097 0.999994993 -0.000617632 -2.618631601 -0.242642984 -0.000157168 0.970115602 96.806434631
0.967344761 0.003002640 0.253446341 3.752601624 -0.002939647 0.999995470 -0.000627250 -2.633939743 -0.253447056 -0.000138276 0.967349231 97.333305359
0.963748455 0.003082009 0.266794622 3.922506332 -0.003212768 0.999994874 0.000053622 -2.654755116 -0.266793013 -0.000908827 0.963753402 97.850570679
0.960130513 0.003128994 0.279534608 4.093065262 -0.003221559 0.999994755 -0.000128289 -2.666519403 -0.279533535 -0.000777363 0.960135639 98.387893677
0.956758440 0.002575252 0.290872633 4.286508560 -0.002523069 0.999996662 -0.000554455 -2.682739258 -0.290873200 -0.000203413 0.956761599 98.924743652
0.952316284 0.002668252 0.305101007 4.478237152 -0.002606648 0.999996364 -0.000609272 -2.695488930 -0.305101573 -0.000215072 0.952319801 99.456153870
0.947883427 0.001811912 0.318612188 4.682651520 -0.001781161 0.999998331 -0.000387857 -2.713980436 -0.318612367 -0.000199856 0.947885096 99.956245422
0.943909287 0.001968015 0.330199093 4.881479263 -0.002048990 0.999997914 -0.000102816 -2.732886791 -0.330198616 -0.000579526 0.943911374 100.464195251
0.939337552 0.001773947 0.342989743 5.098995209 -0.001913036 0.999998212 0.000067182 -2.754301071 -0.342988998 -0.000719259 0.939339221 100.961463928
0.933913231 0.001064851 0.357498169 5.311979294 -0.000950665 0.999999404 -0.000495141 -2.759837151 -0.357498497 0.000122558 0.933913708 101.469528198
0.929147065 0.000550611 0.369709998 5.535209656 -0.000484960 0.999999762 -0.000270513 -2.782832861 -0.369710088 0.000072051 0.929147184 101.975234985
0.924448609 -0.000277090 0.381306469 5.762283325 0.000232341 0.999999940 0.000163393 -2.800068855 -0.381306469 -0.000062455 0.924448729 102.469238281
0.918255925 -0.000458418 0.395987242 5.994243622 0.000356652 0.999999881 0.000330619 -2.807604790 -0.395987332 -0.000162364 0.918255985 102.974037170
0.912637472 -0.000023848 0.408769846 6.246353149 0.000062849 0.999999940 -0.000081979 -2.811219931 -0.408769816 0.000100507 0.912637532 103.474784851
0.907571912 0.000224290 0.419896483 6.501396179 -0.000095393 0.999999940 -0.000327972 -2.830932856 -0.419896543 0.000257603 0.907571971 103.955520630
0.901789248 0.000049414 0.432176083 6.770603180 -0.000049060 1.000000000 -0.000011967 -2.857482433 -0.432176083 -0.000010410 0.901789248 104.484207153
0.895387232 0.000194334 0.445288390 7.037372589 -0.000406149 0.999999821 0.000380263 -2.877149343 -0.445288241 -0.000521336 0.895387173 104.967697144
0.889212906 -0.000016210 0.457493573 7.310409546 -0.000167392 0.999999940 0.000360787 -2.891445637 -0.457493514 -0.000397397 0.889212847 105.456169128
0.883243918 0.000023427 0.468913704 7.577739716 -0.000300404 0.999999821 0.000515878 -2.914186954 -0.468913645 -0.000596510 0.883243799 105.922485352
0.875857830 -0.001448976 0.482566983 7.890670776 0.001498542 0.999998808 0.000282789 -2.922119379 -0.482566804 0.000475464 0.875859022 106.446716309
