1.000000000 0.000000000 0.000000000 0.000000000 0.000000000 1.000000000 0.000000000 0.000000000 0.000000000 0.000000000 1.000000000 0.000000000
1.000000000 -0.000141509 0.000108109 -0.000774628 0.000141509 1.000000000 -0.000002469 0.000727779 -0.000108108 0.000002484 1.000000000 0.001557173
1.000000000 0.000088763 0.000138445 -0.001834443 -0.000088767 1.000000000 0.000025126 0.001399470 -0.000138442 -0.000025138 1.000000000 0.003033596
1.000000000 0.000025054 -0.000044534 0.000281612 -0.000025050 1.000000000 0.000103096 -0.000449353 0.000044537 -0.000103095 1.000000000 0.000074231
1.000000000 -0.000022122 0.000067737 -0.000556473 0.000022121 1.000000000 0.000016631 -0.000375434 -0.000067737 -0.000016629 1.000000000 0.000739982
1.000000000 -0.000189147 -0.000052250 -0.000012802 0.000189152 1.000000000 0.000105610 -0.001169762 0.000052230 -0.000105620 1.000000000 -0.000555709
1.000000000 -0.000112665 0.000099930 -0.001806602 0.000112675 1.000000000 -0.000099214 0.000740126 -0.000099919 0.000099225 1.000000000 0.002979849
0.999999940 -0.000240682 0.000119269 -0.001199334 0.000240680 1.000000000 0.000016352 0.000919813 -0.000119273 -0.000016324 1.000000000 0.004421232
1.000000000 -0.000017936 0.000176683 -0.001541868 0.000017941 1.000000000 -0.000026944 0.001700974 -0.000176683 0.000026947 1.000000000 0.003951560
1.000000000 -0.000144139 0.000107320 -0.000262718 0.000144145 1.000000000 -0.000055563 0.000318771 -0.000107312 0.000055579 1.000000000 0.001627516
1.000000000 -0.000119205 0.000184436 -0.000943558 0.000119195 1.000000000 0.000053302 0.000983525 -0.000184443 -0.000053280 1.000000000 0.003750612
1.000000000 0.000060437 0.000098974 -0.000491259 -0.000060459 1.000000000 0.000218722 -0.001342246 -0.000098961 -0.000218728 1.000000000 0.000908325
1.000000000 0.000046995 0.000161163 -0.001260512 -0.000047020 1.000000000 0.000152723 -0.000179800 -0.000161156 -0.000152731 1.000000000 0.003391851
1.000000000 -0.000171927 0.000105771 -0.001393827 0.000171915 1.000000000 0.000107559 0.001235384 -0.000105789 -0.000107540 1.000000000 0.002646176
1.000000000 0.000039906 0.000187067 -0.002039026 -0.000039920 1.000000000 0.000078491 0.000395391 -0.000187064 -0.000078499 1.000000000 0.002598053
1.000000000 -0.000016256 0.000099383 -0.000220577 0.000016235 1.000000000 0.000203385 -0.000944207 -0.000099386 -0.000203383 1.000000000 0.000394436
1.000000000 -0.000091450 0.000012442 -0.000603439 0.000091448 1.000000000 0.000131029 -0.000785663 -0.000012454 -0.000131027 1.000000000 0.000376941
1.000000000 0.000029383 0.000228155 -0.002286342 -0.000029397 1.000000000 0.000062460 0.000759907 -0.000228154 -0.000062467 1.000000000 0.003066160
1.000000000 0.000030258 0.000219607 -0.001736755 -0.000030298 1.000000000 0.000184217 -0.001656891 -0.000219602 -0.000184223 0.999999940 -0.000188024
1.000000000 0.000121442 0.000104255 -0.001707512 -0.000121447 1.000000000 0.000050973 0.000933732 -0.000104249 -0.000050985 1.000000000 0.002525633
1.000000000 0.000170753 0.000148550 -0.001958045 -0.000170788 0.999999940 0.000238442 -0.000422729 -0.000148509 -0.000238467 0.999999940 0.004014153
0.999999940 0.000241733 0.000244650 -0.002545522 -0.000241743 0.999999940 0.000040527 0.000602719 -0.000244640 -0.000040586 0.999999940 0.003362268
1.000000000 -0.000119594 0.000065272 -0.001578115 0.000119587 1.000000000 0.000102720 0.001061617 -0.000065284 -0.000102712 1.000000000 0.004190405
0.999999940 0.000133390 0.000280611 -0.002574913 -0.000133432 1.000000000 0.000150700 0.000573976 -0.000280591 -0.000150737 0.999999940 0.004659716
1.000000000 0.000000283 0.000230119 -0.002356843 -0.000000296 1.000000000 0.000056970 0.000641646 -0.000230119 -0.000056970 1.000000000 0.002222744
1.000000000 -0.000017230 0.000048859 -0.001044441 0.000017231 1.000000000 -0.000030645 0.002031744 -0.000048858 0.000030646 1.000000000 0.005869561
1.000000000 -0.000055481 0.000132554 -0.001071616 0.000055487 1.000000000 -0.000044974 0.000620563 -0.000132551 0.000044982 1.000000000 0.001724542
1.000000000 0.000086135 0.000171111 -0.001269065 -0.000086128 1.000000000 -0.000044553 0.000669481 -0.000171115 0.000044538 1.000000000 0.002843008
0.999999940 0.000234962 0.000243810 -0.003869385 -0.000234952 1.000000000 -0.000039227 0.001781669 -0.000243819 0.000039170 0.999999940 0.005794867
1.000000000 -0.000150199 0.000152778 -0.002635837 0.000150189 1.000000000 0.000068987 0.000439323 -0.000152788 -0.000068964 1.000000000 0.003371178
1.000000000 0.000040640 0.000153201 -0.001815700 -0.000040645 1.000000000 0.000031746 0.000309539 -0.000153199 -0.000031752 1.000000000 0.002485783
1.000000000 -0.000181600 0.000140361 -0.001538581 0.000181596 1.000000000 0.000025037 0.001066288 -0.000140365 -0.000025011 1.000000000 0.004053995
1.000000000 -0.000029105 0.000199219 -0.002824096 0.000029119 1.000000000 -0.000072832 0.002008634 -0.000199217 0.000072838 1.000000000 0.003876560
0.999999940 -0.000150829 0.000337324 -0.002154566 0.000150870 1.000000000 -0.000121012 0.002139691 -0.000337305 0.000121062 0.999999940 0.004590339
1.000000000 -0.000026338 0.000166222 -0.000938091 0.000026329 1.000000000 0.000055291 -0.000276274 -0.000166223 -0.000055286 1.000000000 0.001179244
0.999999940 0.000225088 0.000184887 -0.002079268 -0.000225073 1.000000000 -0.000083340 0.002646544 -0.000184906 0.000083299 1.000000000 0.004083123
1.000000000 -0.000124768 0.000081329 -0.001146390 0.000124778 1.000000000 -0.000127190 0.003560328 -0.000081314 0.000127200 1.000000000 0.004103962
1.000000000 -0.000131026 0.000077449 -0.001414327 0.000131020 1.000000000 0.000076439 0.000976566 -0.000077459 -0.000076428 1.000000000 0.004001800
0.999999940 0.000095557 0.000248436 -0.002260759 -0.000095592 1.000000000 0.000142753 0.000619697 -0.000248422 -0.000142777 0.999999940 0.003420233
1.000000000 -0.000190229 0.000143909 -0.000385723 0.000190206 0.999999940 0.000158723 0.000225535 -0.000143939 -0.000158695 1.000000000 0.002309745
0.999999940 -0.000228120 0.000309037 -0.001914009 0.000228153 0.999999940 -0.000104932 0.002005158 -0.000309013 0.000105003 0.999999940 0.004093829
0.999999940 -0.000227641 0.000259719 0.000062052 0.000227857 0.999999642 -0.000834010 0.002702427 -0.000259529 0.000834069 0.999999642 0.054570049
0.999999940 0.000243789 0.000230135 0.000872701 -0.000243547 0.999999404 -0.001051121 -0.006731256 -0.000230391 0.001051065 0.999999404 0.133168638
0.999999940 0.000284412 0.000158213 0.001929785 -0.000284184 0.999998927 -0.001435324 -0.005579148 -0.000158621 0.001435279 0.999998987 0.253052562
1.000000000 0.000062411 -0.000109075 0.006945078 -0.000062530 0.999999404 -0.001093352 -0.012685426 0.000109006 0.001093358 0.999999404 0.386823058
1.000000000 0.000102118 0.000055340 0.007655474 -0.000102066 0.999999523 -0.000950092 -0.018743683 -0.000055437 0.000950087 0.999999523 0.524533033
0.999999940 0.000349745 0.000144816 0.010391268 -0.000349626 0.999999583 -0.000826033 -0.025942165 -0.000145105 0.000825983 0.999999642 0.669630229
0.999999881 0.000440050 0.000226208 0.017069921 -0.000439823 0.999999404 -0.001003402 -0.024844749 -0.000226650 0.001003302 0.999999464 0.836972475
1.000000000 -0.000182700 -0.000084241 0.020559009 0.000182638 0.999999702 -0.000738390 -0.028776068 0.000084376 0.000738375 0.999999702 1.008878589
0.999999940 0.000151202 0.000211619 0.019514507 -0.000151112 0.999999881 -0.000426395 -0.035852175 -0.000211683 0.000426363 0.999999881 1.183841348
0.999999940 0.000040572 0.000360045 0.019393697 -0.000040408 0.999999881 -0.000454597 -0.038116198 -0.000360064 0.000454582 0.999999821 1.376354575
0.999999940 -0.000249032 0.000151144 0.033893213 0.000249073 0.999999940 -0.000274307 -0.048665091 -0.000151076 0.000274345 0.999999940 1.562047362
0.999999881 0.000269301 0.000354046 0.035699803 -0.000269205 0.999999940 -0.000271757 -0.052229095 -0.000354120 0.000271661 0.999999881 1.755056858
0.999999702 0.000516738 0.000523488 0.037416097 -0.000516855 0.999999821 0.000222871 -0.077533215 -0.000523373 -0.000223141 0.999999821 1.944394827
0.999999285 0.000806859 0.000875494 0.037978388 -0.000806988 0.999999642 0.000146092 -0.084203370 -0.000875375 -0.000146798 0.999999583 2.152735233
0.999999046 0.001109949 0.000788366 0.043048281 -0.001109755 0.999999344 -0.000246582 -0.086365923 -0.000788639 0.000245706 0.999999583 2.378425360
0.999999464 0.000759966 0.000697593 0.047492407 -0.000760180 0.999999583 0.000305683 -0.096384101 -0.000697360 -0.000306213 0.999999702 2.598430395
0.999999821 0.000412716 0.000352310 0.056865249 -0.000412908 0.999999762 0.000545298 -0.106585570 -0.000352085 -0.000545443 0.999999762 2.824007273
0.999999762 0.000259960 0.000642058 0.058371037 -0.000260285 0.999999762 0.000507289 -0.108473077 -0.000641926 -0.000507456 0.999999642 3.057089567
0.999999702 0.000305663 0.000668472 0.064006992 -0.000305850 0.999999940 0.000278628 -0.113624088 -0.000668387 -0.000278832 0.999999762 3.313170671
0.999999762 0.000396243 0.000545798 0.073142156 -0.000396551 0.999999821 0.000564785 -0.124123089 -0.000545574 -0.000565002 0.999999642 3.555198908
0.999999762 0.000386509 0.000478792 0.079121687 -0.000386722 0.999999821 0.000443453 -0.129755989 -0.000478621 -0.000443639 0.999999762 3.820343733
0.999999642 0.000385096 0.000788669 0.080575645 -0.000385166 0.999999940 0.000088926 -0.131083325 -0.000788635 -0.000089230 0.999999702 4.085150719
0.999999225 0.000838191 0.000938401 0.080192238 -0.000838936 0.999999344 0.000793972 -0.142610148 -0.000937735 -0.000794759 0.999999166 4.322512627
0.999999762 0.000245616 0.000715796 0.090091109 -0.000246183 0.999999702 0.000792106 -0.149823189 -0.000715601 -0.000792282 0.999999464 4.585984707
0.999999642 0.000282435 0.000827644 0.095551252 -0.000283222 0.999999523 0.000950561 -0.156940699 -0.000827375 -0.000950795 0.999999225 4.841403008
0.999999642 0.000307239 0.000731190 0.099764362 -0.000307867 0.999999523 0.000858748 -0.163271740 -0.000730926 -0.000858972 0.999999344 5.103192329
0.999999702 0.000218399 0.000760070 0.105666079 -0.000219075 0.999999583 0.000889246 -0.176111355 -0.000759875 -0.000889413 0.999999344 5.352992535
0.999999344 0.000502071 0.001074486 0.109176412 -0.000502603 0.999999762 0.000495229 -0.178041816 -0.001074237 -0.000495769 0.999999344 5.624800682
0.999999702 0.000127978 0.000773734 0.116228677 -0.000128751 0.999999464 0.000999067 -0.187864408 -0.000773606 -0.000999166 0.999999225 5.894425869
0.999999940 -0.000120712 0.000460532 0.127754778 0.000120304 0.999999642 0.000884703 -0.196644247 -0.000460639 -0.000884647 0.999999583 6.177234650
0.999999285 0.000428495 0.001097683 0.128022879 -0.000429852 0.999999166 0.001235856 -0.211689249 -0.001097152 -0.001236327 0.999998569 6.452326775
0.999999464 0.000191047 0.001021563 0.132939324 -0.000192319 0.999999225 0.001245432 -0.219144657 -0.001021324 -0.001245627 0.999998629 6.742754936
0.999999285 0.000287767 0.001129278 0.139275268 -0.000289221 0.999999166 0.001287274 -0.227272555 -0.001128907 -0.001287599 0.999998510 7.047904015
0.999999225 0.000345170 0.001135837 0.147477061 -0.000346371 0.999999464 0.001056914 -0.233878806 -0.001135471 -0.001057306 0.999998808 7.346709728
0.999998987 0.000414942 0.001299192 0.154653236 -0.000416203 0.999999523 0.000970123 -0.243273214 -0.001298788 -0.000970663 0.999998689 7.673122883
0.999998868 0.000577635 0.001398991 0.154442057 -0.000579212 0.999999225 0.001126796 -0.253164440 -0.001398339 -0.001127605 0.999998391 7.958847046
0.999997795 0.001148119 0.001774694 0.156995669 -0.001150313 0.999998629 0.001235949 -0.260582536 -0.001773272 -0.001237988 0.999997675 8.282713890
0.999998093 0.000900308 0.001749513 0.166709676 -0.000902160 0.999999046 0.001058084 -0.268428773 -0.001748558 -0.001059661 0.999997914 8.615850449
0.999996603 0.001454654 0.002180300 0.163931817 -0.001456479 0.999998569 0.000835651 -0.274142802 -0.002179081 -0.000838823 0.999997318 8.955139160
0.999997735 0.001142999 0.001874502 0.177288949 -0.001144846 0.999998987 0.000984724 -0.289110124 -0.001873375 -0.000986868 0.999997795 9.294066429
0.999997914 0.000268012 0.002024050 0.177827805 -0.000270862 0.999998987 0.001408097 -0.306834012 -0.002023670 -0.001408642 0.999996960 9.627343178
0.999997258 0.000235219 0.002313496 0.184917837 -0.000238544 0.999998927 0.001436669 -0.314608365 -0.002313155 -0.001437217 0.999996245 9.976490021
0.999997139 0.000616429 0.002278206 0.191515639 -0.000620433 0.999998331 0.001757213 -0.329467535 -0.002277119 -0.001758622 0.999995828 10.337197304
0.999997735 -0.000046638 0.002091360 0.207521051 0.000042634 0.999998152 0.001914566 -0.340528190 -0.002091445 -0.001914472 0.999995947 10.690688133
0.999997616 0.000547953 0.002119531 0.207112283 -0.000551248 0.999998629 0.001554423 -0.345840663 -0.002118676 -0.001555588 0.999996543 11.068038940
0.999997258 0.000664094 0.002248383 0.213632405 -0.000667373 0.999998748 0.001457893 -0.354244143 -0.002247412 -0.001459389 0.999996424 11.447345734
0.999996901 0.001101828 0.002232199 0.220146060 -0.001105641 0.999997973 0.001707644 -0.363860339 -0.002230313 -0.001710107 0.999996066 11.820627213
0.999997139 0.000343725 0.002365465 0.229882836 -0.000346780 0.999999106 0.001291555 -0.374387205 -0.002365019 -0.001292372 0.999996364 12.204841614
0.999997199 0.000420474 0.002349376 0.242159471 -0.000423594 0.999999046 0.001327781 -0.386248767 -0.002348815 -0.001328773 0.999996364 12.596233368
0.999997318 0.000709654 0.002243797 0.248296425 -0.000713006 0.999998689 0.001493544 -0.395826161 -0.002242734 -0.001495140 0.999996364 12.998121262
0.999995768 0.000957737 0.002731896 0.251525640 -0.000961212 0.999998748 0.001271114 -0.406787843 -0.002730676 -0.001273735 0.999995410 13.393379211
0.999995530 0.000551368 0.002959889 0.260509193 -0.000555172 0.999999106 0.001284556 -0.413885921 -0.002959179 -0.001286193 0.999994755 13.812038422
0.999996781 0.000277160 0.002522840 0.282037467 -0.000282041 0.999998093 0.001934287 -0.432788163 -0.002522299 -0.001934992 0.999994874 14.216951370
0.999994338 0.000690659 0.003278778 0.279929370 -0.000695482 0.999998629 0.001470068 -0.438888222 -0.003277760 -0.001472339 0.999993563 14.649962425
0.999992967 0.001055880 0.003611583 0.289114147 -0.001059821 0.999998868 0.001089619 -0.444600224 -0.003610428 -0.001093439 0.999992907 15.081944466
0.999991119 0.001523461 0.003942166 0.305879831 -0.001529760 0.999997556 0.001595448 -0.465268940 -0.003939725 -0.001601465 0.999990940 15.515437126
0.999991596 0.000908960 0.003990360 0.312880963 -0.000913724 0.999998868 0.001192150 -0.475219667 -0.003989271 -0.001195787 0.999991357 15.956388474
0.999990582 0.000563077 0.004296698 0.325093180 -0.000570159 0.999998510 0.001647155 -0.485936761 -0.004295764 -0.001649590 0.999989450 16.405443192
0.999988437 0.000108690 0.004797128 0.334120929 -0.000114152 0.999999285 0.001138416 -0.493559629 -0.004797001 -0.001138951 0.999987900 16.854442596
0.999987662 0.000660346 0.004919547 0.343508184 -0.000666753 0.999999046 0.001300836 -0.512333453 -0.004918682 -0.001304101 0.999987066 17.300014496
0.999987721 0.000576875 0.004916691 0.357028186 -0.000585700 0.999998212 0.001793531 -0.527995288 -0.004915649 -0.001796389 0.999986231 17.758142471
0.999982297 0.000587283 0.005918858 0.364698917 -0.000594975 0.999998927 0.001297942 -0.536820412 -0.005918091 -0.001301441 0.999981701 18.225908279
0.999984264 0.000792668 0.005542921 0.383634984 -0.000801400 0.999998450 0.001573312 -0.546609223 -0.005541666 -0.001577730 0.999983430 18.684976578
0.999985278 0.000453484 0.005406266 0.401011705 -0.000461100 0.999998927 0.001407618 -0.557879627 -0.005405623 -0.001410090 0.999984384 19.155071259
0.999982178 0.000980281 0.005893645 0.414864093 -0.000988154 0.999998629 0.001333044 -0.570299685 -0.005892332 -0.001338844 0.999981821 19.641483307
0.999982357 0.001126079 0.005835208 0.415818214 -0.001135714 0.999997973 0.001648251 -0.591440439 -0.005833341 -0.001654849 0.999981642 20.142530441
0.999981940 0.001216648 0.005875928 0.426583827 -0.001224089 0.999998510 0.001262976 -0.599648356 -0.005874382 -0.001270146 0.999981999 20.642318726
0.999980092 0.001455419 0.006141679 0.439252198 -0.001463226 0.999998093 0.001266822 -0.609285116 -0.006139823 -0.001275783 0.999980390 21.145599365
0.999987304 0.001177025 0.004897832 0.451240450 -0.001187326 0.999997079 0.002100629 -0.635331929 -0.004895345 -0.002106418 0.999985754 21.646711349
0.999988258 0.001177643 0.004690658 0.459724665 -0.001189086 0.999996305 0.002437439 -0.655398011 -0.004687770 -0.002442988 0.999985993 22.150751114
0.999988616 0.001435933 0.004554781 0.469090998 -0.001445481 0.999996781 0.002093629 -0.658189297 -0.004551760 -0.002100189 0.999987423 22.669658661
0.999992907 0.001448170 0.003481528 0.486733705 -0.001454766 0.999997079 0.001892635 -0.677029133 -0.003478778 -0.001897686 0.999992132 23.208045959
0.999996960 0.001012822 0.002273757 0.505674422 -0.001018038 0.999996841 0.002293913 -0.698086798 -0.002271427 -0.002296221 0.999994814 23.720359802
0.999997258 0.000299204 0.002332601 0.507830679 -0.000302953 0.999998689 0.001606854 -0.706997812 -0.002332118 -0.001607556 0.999995947 24.258525848
0.999996841 0.001365820 0.002125962 0.517478168 -0.001369947 0.999997258 0.001941277 -0.716380417 -0.002123305 -0.001944183 0.999995887 24.799528122
0.999997854 0.001798272 0.000969524 0.531081676 -0.001800267 0.999996245 0.002061086 -0.734934151 -0.000965814 -0.002062828 0.999997318 25.343679428
0.999998450 0.001609202 0.000717984 0.541248381 -0.001610554 0.999996901 0.001887163 -0.745097280 -0.000714945 -0.001888317 0.999997914 25.882919312
0.999998152 0.001865814 0.000623568 0.546594679 -0.001866769 0.999997079 0.001532779 -0.758095801 -0.000620706 -0.001533940 0.999998569 26.453365326
0.999999225 0.001224340 -0.000225880 0.554295778 -0.001223645 0.999994576 0.003052409 -0.781203866 0.000229616 -0.003052130 0.999995291 26.991451263
0.999999344 0.001104552 -0.000252170 0.560625672 -0.001103809 0.999995053 0.002928843 -0.793994188 0.000255404 -0.002928563 0.999995649 27.549787521
0.999997497 0.002122266 -0.000820119 0.570540607 -0.002120123 0.999994397 0.002605385 -0.809971869 0.000825644 -0.002603639 0.999996305 28.108655930
0.999997735 0.001853753 -0.001064331 0.574723840 -0.001850511 0.999993682 0.003038899 -0.827135861 0.001069958 -0.003036923 0.999994814 28.632995605
0.999996483 0.002339862 -0.001334279 0.586730421 -0.002335674 0.999992371 0.003132287 -0.845057607 0.001341598 -0.003129160 0.999994159 29.168521881
0.999995768 0.002623236 -0.001238764 0.595108688 -0.002619461 0.999991953 0.003039676 -0.852995992 0.001246728 -0.003036419 0.999994636 29.733581543
0.999995112 0.002143232 -0.002258392 0.607523561 -0.002135591 0.999992013 0.003380714 -0.870206714 0.002265619 -0.003375875 0.999991655 30.257932663
0.999994874 0.002295798 -0.002250006 0.618643165 -0.002288157 0.999991655 0.003392512 -0.884699821 0.002257776 -0.003387345 0.999991715 30.807271957
0.999992788 0.002695599 -0.002678758 0.631126344 -0.002686541 0.999990702 0.003379401 -0.901079118 0.002687843 -0.003372180 0.999990642 31.343597412
0.999992728 0.002276604 -0.003060275 0.636846483 -0.002266682 0.999992192 0.003241891 -0.908469379 0.003067632 -0.003234932 0.999990046 31.915079117
0.999992669 0.002224045 -0.003115245 0.646490574 -0.002213083 0.999991357 0.003518027 -0.924024343 0.003123042 -0.003511108 0.999988914 32.461330414
0.999992311 0.002301174 -0.003149662 0.647834718 -0.002291215 0.999992371 0.003161774 -0.932187974 0.003156914 -0.003154533 0.999990046 33.024002075
0.999992132 0.002383013 -0.003168997 0.655868948 -0.002373552 0.999992669 0.002985993 -0.945971668 0.003176089 -0.002978448 0.999990523 33.569950104
0.999990940 0.002501360 -0.003431872 0.661495507 -0.002492012 0.999993205 0.002725239 -0.951606154 0.003438665 -0.002716663 0.999990404 34.125316620
0.999991536 0.002263853 -0.003430289 0.672949553 -0.002253767 0.999993145 0.002941144 -0.972290754 0.003436924 -0.002933388 0.999989808 34.661510468
0.999989510 0.002685744 -0.003697348 0.681519270 -0.002674332 0.999991655 0.003088006 -0.986097157 0.003705611 -0.003078087 0.999988377 35.204322815
0.999989808 0.002779161 -0.003550006 0.690637350 -0.002767553 0.999990880 0.003270658 -0.998342097 0.003559063 -0.003260800 0.999988377 35.755718231
0.999988675 0.002443792 -0.004081071 0.701277971 -0.002430198 0.999991536 0.003332530 -1.019158602 0.004089180 -0.003322574 0.999986172 36.281711578
0.999987900 0.002603301 -0.004165771 0.707500935 -0.002590461 0.999991894 0.003084641 -1.027958870 0.004173767 -0.003073813 0.999986589 36.840293884
0.999987900 0.002349638 -0.004314858 0.716600895 -0.002334683 0.999991238 0.003467749 -1.041214824 0.004322968 -0.003457634 0.999984682 37.385040283
0.999984920 0.002766543 -0.004746902 0.726181507 -0.002752269 0.999991775 0.003011143 -1.054551363 0.004755192 -0.002998033 0.999984205 37.943004608
0.999985695 0.002606017 -0.004660551 0.732539892 -0.002591880 0.999992013 0.003036900 -1.064648032 0.004668427 -0.003024777 0.999984562 38.491516113
0.999986529 0.002302853 -0.004658215 0.748213768 -0.002289134 0.999993026 0.002948425 -1.084728956 0.004664971 -0.002937722 0.999984801 39.034381866
0.999984562 0.002727844 -0.004845326 0.748125553 -0.002712133 0.999991059 0.003246291 -1.103299141 0.004854138 -0.003233099 0.999983013 39.571926117
0.999985814 0.002915108 -0.004477766 0.761638880 -0.002897004 0.999987602 0.004044218 -1.123729467 0.004489500 -0.004031187 0.999981761 40.112270355
0.999984384 0.003001725 -0.004724072 0.765328646 -0.002984824 0.999989152 0.003580679 -1.128456831 0.004734769 -0.003566523 0.999982536 40.679805756
0.999982595 0.002778103 -0.005205738 0.778766334 -0.002761641 0.999991179 0.003166797 -1.142782331 0.005214490 -0.003152366 0.999981463 41.218112946
0.999979854 0.003706116 -0.005148048 0.784973264 -0.003688852 0.999987602 0.003358949 -1.152718067 0.005160433 -0.003339891 0.999981105 41.771057129
0.999979675 0.002982790 -0.005640802 0.806574106 -0.002964005 0.999990046 0.003335567 -1.172827005 0.005650695 -0.003318780 0.999978542 42.307476044
0.999978602 0.003371773 -0.005606418 0.802350461 -0.003355949 0.999990344 0.002829329 -1.170814872 0.005615904 -0.002810453 0.999980271 42.863063812
0.999978483 0.003691131 -0.005435133 0.809121847 -0.003672255 0.999987185 0.003478875 -1.190669537 0.005447905 -0.003458841 0.999979138 43.402935028
0.999976635 0.004121152 -0.005459121 0.816932321 -0.004102411 0.999985635 0.003439810 -1.204427719 0.005473218 -0.003417334 0.999979198 43.957241058
0.999979019 0.003374381 -0.005530677 0.820832372 -0.003356158 0.999988914 0.003300869 -1.218382478 0.005541754 -0.003282238 0.999979258 44.493824005
0.999980330 0.003675974 -0.005095689 0.826817870 -0.003663073 0.999990046 0.002538779 -1.224068999 0.005104970 -0.002520063 0.999983847 45.050067902
0.999979138 0.004122525 -0.004987678 0.838954747 -0.004107726 0.999987125 0.002973765 -1.234141946 0.004999873 -0.002953215 0.999983191 45.573219299
0.999980628 0.003017102 -0.005447126 0.843133330 -0.003000733 0.999990940 0.003010590 -1.253163695 0.005456160 -0.002994186 0.999980628 46.132385254
0.999980271 0.002679635 -0.005685798 0.858839869 -0.002664392 0.999992847 0.002686616 -1.265374064 0.005692957 -0.002671414 0.999980271 46.678024292
0.999981701 0.003226456 -0.005124473 0.858669102 -0.003212923 0.999991298 0.002646736 -1.277051210 0.005132968 -0.002630223 0.999983370 47.213470459
0.999982595 0.002730446 -0.005227511 0.849829078 -0.002716509 0.999992728 0.002671431 -1.284477472 0.005234767 -0.002657183 0.999982774 47.765701294
0.999982774 0.003554609 -0.004676083 0.852446020 -0.003542293 0.999990165 0.002639374 -1.298027396 0.004685420 -0.002622764 0.999985635 48.310840607
0.999985218 0.003312277 -0.004303418 0.863204241 -0.003302130 0.999991715 0.002362767 -1.304912448 0.004311209 -0.002348521 0.999987960 48.870338440
0.999984503 0.002426063 -0.004998434 0.865007460 -0.002414220 0.999994218 0.002374239 -1.320583344 0.005004165 -0.002362135 0.999984682 49.403617859
0.999984384 0.002680658 -0.004917462 0.877656341 -0.002670635 0.999994397 0.002043797 -1.328718543 0.004922913 -0.002030632 0.999985814 49.960296631
0.999984503 0.002683304 -0.004882601 0.884665787 -0.002671377 0.999993443 0.002447694 -1.347728372 0.004889137 -0.002434613 0.999985099 50.501808167
0.999983490 0.002526299 -0.005166190 0.890148759 -0.002514308 0.999994159 0.002326204 -1.366579056 0.005172036 -0.002313176 0.999983966 51.045257568
0.999986768 0.002147076 -0.004676845 0.898731351 -0.002136059 0.999994934 0.002359345 -1.380004644 0.004681887 -0.002349324 0.999986291 51.603927612
0.999981463 0.002636099 -0.005476073 0.910818994 -0.002624803 0.999994338 0.002068646 -1.392649174 0.005481496 -0.002054234 0.999982834 52.140167236
0.999981463 0.001887079 -0.005778339 0.922018766 -0.001876017 0.999996305 0.001919195 -1.408374667 0.005781940 -0.001908319 0.999981403 52.686336517
0.999982774 0.002687275 -0.005237357 0.927682281 -0.002674905 0.999993622 0.002367492 -1.423569679 0.005243686 -0.002353441 0.999983490 53.219947815
0.999986291 0.002387920 -0.004662429 0.931017518 -0.002376348 0.999994040 0.002485903 -1.440768719 0.004668337 -0.002474789 0.999986112 53.767036438
0.999982238 0.002779913 -0.005270269 0.939744473 -0.002768360 0.999993742 0.002198422 -1.450384855 0.005276348 -0.002183793 0.999983668 54.301418304
0.999985039 0.002526275 -0.004853280 0.939623117 -0.002517490 0.999995232 0.001815475 -1.458675981 0.004857843 -0.001803230 0.999986529 54.852916718
0.999983311 0.002869236 -0.005012621 0.951137543 -0.002858588 0.999993622 0.002130157 -1.479501724 0.005018700 -0.002115793 0.999985158 55.391799927
0.999985158 0.002814904 -0.004673050 0.956656039 -0.002806152 0.999994338 0.001878130 -1.490677118 0.004678310 -0.001864989 0.999987364 55.938236237
0.999983668 0.002709047 -0.005029161 0.965206206 -0.002699364 0.999994516 0.001931083 -1.498965025 0.005034363 -0.001917476 0.999985516 56.481189728
0.999982953 0.002795323 -0.005131685 0.976640344 -0.002783465 0.999993443 0.002316295 -1.517993093 0.005138126 -0.002301971 0.999984145 56.997459412
0.999982357 0.002701727 -0.005296083 0.987139702 -0.002689716 0.999993801 0.002273878 -1.528222799 0.005302194 -0.002259593 0.999983311 57.550079346
0.999984503 0.003277143 -0.004491722 0.983238459 -0.003264921 0.999990940 0.002725819 -1.548375726 0.004500614 -0.002711112 0.999986172 58.107437134
0.999980807 0.003283544 -0.005240758 1.003272414 -0.003273816 0.999993026 0.001863961 -1.554072380 0.005246841 -0.001846768 0.999984503 58.603755951
0.999981225 0.003053369 -0.005323057 1.011926174 -0.003045747 0.999994338 0.001439596 -1.562214613 0.005327423 -0.001423356 0.999984801 59.149223328
0.999982953 0.003850472 -0.004393024 1.010831714 -0.003842930 0.999991179 0.001723957 -1.580999851 0.004399623 -0.001707046 0.999988854 59.677299500
0.999980032 0.003910752 -0.004952201 1.028754354 -0.003901348 0.999990642 0.001907249 -1.595347166 0.004959614 -0.001887890 0.999985874 60.224388123
0.999979854 0.003817538 -0.005055298 1.028934360 -0.003807647 0.999990761 0.001964434 -1.607967734 0.005062750 -0.001945146 0.999985278 60.770614624
0.999982357 0.003666713 -0.004670388 1.042763114 -0.003657959 0.999991596 0.001881472 -1.626253247 0.004677248 -0.001864355 0.999987304 61.314197540
0.999981463 0.003781670 -0.004756386 1.050836802 -0.003773134 0.999991238 0.001802271 -1.635237813 0.004763160 -0.001784292 0.999987066 61.869823456
0.999981284 0.003260783 -0.005169170 1.060313106 -0.003249561 0.999992311 0.002177710 -1.653147459 0.005176231 -0.002160871 0.999984264 62.400741577
0.999980569 0.003868272 -0.004893358 1.055379391 -0.003858999 0.999990761 0.001902961 -1.665858388 0.004900674 -0.001884041 0.999986231 62.935424805
0.999979734 0.004042795 -0.004929033 1.063558459 -0.004034329 0.999990404 0.001726426 -1.675602555 0.004935966 -0.001706505 0.999986351 63.489242554
0.999979794 0.004008747 -0.004926567 1.066895962 -0.003998369 0.999989688 0.002114683 -1.697431922 0.004934995 -0.002094943 0.999985635 64.009338379
0.999980390 0.003825718 -0.004960767 1.073645115 -0.003817339 0.999991179 0.001697414 -1.708922625 0.004967219 -0.001678444 0.999986291 64.556556702
0.999977827 0.004123538 -0.005243137 1.090349674 -0.004111428 0.999988854 0.002318294 -1.726694703 0.005252639 -0.002296686 0.999983549 65.090499878
0.999979556 0.004199790 -0.004819404 1.087593317 -0.004188438 0.999988437 0.002363101 -1.743431211 0.004829274 -0.002342867 0.999985576 65.624176025
0.999979675 0.004551374 -0.004447188 1.091690063 -0.004540715 0.999986768 0.002404123 -1.755951405 0.004458072 -0.002383881 0.999987185 66.172416687
0.999981165 0.004492422 -0.004174944 1.097920656 -0.004485616 0.999988616 0.001638172 -1.760764480 0.004182256 -0.001619414 0.999989986 66.732894897
0.999980628 0.004423969 -0.004383123 1.102486134 -0.004414455 0.999987841 0.002177631 -1.784499288 0.004392704 -0.002158240 0.999988019 67.243339539
0.999981701 0.004485286 -0.004063525 1.107451916 -0.004475745 0.999987245 0.002354009 -1.796998262 0.004074031 -0.002335778 0.999988914 67.788391113
0.999977887 0.004871260 -0.004520514 1.119095445 -0.004859351 0.999984741 0.002641572 -1.826582074 0.004533312 -0.002619547 0.999986291 68.314697266
0.999978542 0.005087015 -0.004124680 1.118931532 -0.005077266 0.999984264 0.002370721 -1.831464291 0.004136676 -0.002349728 0.999988616 68.849479675
0.999980390 0.004458861 -0.004380171 1.131999612 -0.004450342 0.999988198 0.001952578 -1.835699201 0.004388826 -0.001933047 0.999988496 69.400512695
0.999982476 0.004309296 -0.004054839 1.147053719 -0.004299294 0.999987721 0.002472117 -1.855742455 0.004065442 -0.002454641 0.999988675 69.929718018
0.999981105 0.004913487 -0.003686227 1.124562025 -0.004905902 0.999985814 0.002064164 -1.864019752 0.003696317 -0.002046041 0.999991059 70.452407837
0.999979258 0.005098004 -0.003927274 1.136731505 -0.005090729 0.999985337 0.001860206 -1.880755901 0.003936700 -0.001840175 0.999990582 71.001716614
0.999980986 0.004772741 -0.003902927 1.142587900 -0.004765040 0.999986708 0.001980118 -1.896109223 0.003912325 -0.001961483 0.999990404 71.539886475
0.999978125 0.005355609 -0.003886874 1.150126219 -0.005346831 0.999983132 0.002264828 -1.913313627 0.003898937 -0.002243996 0.999989867 72.051826477
0.999981523 0.004727695 -0.003820997 1.160815239 -0.004721244 0.999987423 0.001695462 -1.926775575 0.003828965 -0.001677391 0.999991238 72.594726562
0.999975979 0.005507222 -0.004213291 1.169691563 -0.005498594 0.999982774 0.002056663 -1.946602941 0.004224544 -0.002033447 0.999988973 73.125396729
0.999979138 0.005320491 -0.003670766 1.167007685 -0.005315265 0.999984801 0.001432047 -1.950323701 0.003678330 -0.001412506 0.999992192 73.684486389
0.999983668 0.004537629 -0.003482147 1.171762466 -0.004530972 0.999987841 0.001917540 -1.963100553 0.003490807 -0.001901731 0.999992073 74.206939697
0.999986053 0.003908174 -0.003548499 1.187469721 -0.003900073 0.999989748 0.002287152 -1.980415106 0.003557401 -0.002273281 0.999991059 74.743911743
0.999983668 0.004657275 -0.003313394 1.192326665 -0.004646553 0.999983966 0.003236410 -2.002750874 0.003328414 -0.003220961 0.999989271 75.275909424
0.999983966 0.003995547 -0.004016121 1.211788893 -0.003984718 0.999988437 0.002700726 -2.015198946 0.004026866 -0.002684679 0.999988317 75.812675476
0.999983668 0.004481381 -0.003542126 1.215405941 -0.004473525 0.999987602 0.002222522 -2.021929026 0.003552042 -0.002206640 0.999991298 76.369560242
0.999983490 0.004158933 -0.003963274 1.231082439 -0.004147599 0.999987364 0.002863615 -2.045154572 0.003975134 -0.002847129 0.999988079 76.904663086
0.999982119 0.004254366 -0.004181531 1.245312572 -0.004244768 0.999988258 0.002301567 -2.052115679 0.004191274 -0.002283776 0.999988616 77.444923401
0.999979615 0.004601660 -0.004401258 1.256301165 -0.004589444 0.999985576 0.002781514 -2.068284035 0.004413994 -0.002761258 0.999986470 77.986595154
0.999980986 0.004666311 -0.004025276 1.259644747 -0.004656974 0.999986410 0.002325696 -2.080399036 0.004036075 -0.002306906 0.999989212 78.543640137
0.999983609 0.004093619 -0.004000457 1.262953520 -0.004083701 0.999988496 0.002484155 -2.096318483 0.004010579 -0.002467777 0.999988914 79.060867310
0.999983072 0.004553800 -0.003604488 1.266121030 -0.004547013 0.999987841 0.001889024 -2.106232643 0.003613047 -0.001872602 0.999991715 79.613365173
0.999981999 0.005203580 -0.002984505 1.272306681 -0.005195993 0.999983191 0.002544473 -2.123305559 0.002997695 -0.002528919 0.999992371 80.159492493
0.999988198 0.003914675 -0.002886797 1.287108660 -0.003908304 0.999989927 0.002208834 -2.136255980 0.002895415 -0.002197525 0.999993384 80.709808350
0.999989927 0.004137447 -0.001771088 1.300249815 -0.004133742 0.999989271 0.002090259 -2.149432182 0.001779718 -0.002082916 0.999996245 81.255531311
0.999991775 0.004042023 -0.000215399 1.305476546 -0.004041621 0.999990165 0.001833856 -2.164023161 0.000222810 -0.001832970 0.999998271 81.776763916
0.999987781 0.004751457 0.001381274 1.313114285 -0.004753929 0.999987125 0.001791163 -2.177891493 -0.001372746 -0.001797708 0.999997437 82.327125549
0.999981105 0.004384329 0.004313705 1.342187524 -0.004392166 0.999988854 0.001809007 -2.192348480 -0.004305725 -0.001827920 0.999989033 82.881126404
0.999963880 0.003964853 0.007527381 1.369067669 -0.003979648 0.999990225 0.001951581 -2.206377745 -0.007519570 -0.001981466 0.999969721 83.423744202
0.999927580 0.004345902 0.011214823 1.374598265 -0.004367414 0.999988616 0.001894456 -2.218241453 -0.011206463 -0.001943299 0.999935269 83.974769592
0.999864340 0.004331462 0.015888857 1.401032567 -0.004364009 0.999988437 0.002014321 -2.233240128 -0.015879948 -0.002083387 0.999871731 84.527008057
0.999753356 0.004538988 0.021739634 1.423807740 -0.004591669 0.999986589 0.002373912 -2.248945713 -0.021728572 -0.002473147 0.999760866 85.057556152
0.999612391 0.004314262 0.027501734 1.455460429 -0.004393484 0.999986351 0.002820828 -2.269799709 -0.027489191 -0.002940563 0.999617815 85.597816467
0.999453604 0.003833204 0.032830566 1.490850091 -0.003903353 0.999990165 0.002072848 -2.272925854 -0.032822300 -0.002199865 0.999458790 86.136169434
0.999145329 0.004199390 0.041120827 1.525197983 -0.004277629 0.999989152 0.001814840 -2.285054445 -0.041112762 -0.001989188 0.999152601 86.689636230
0.998790622 0.003738548 0.049024094 1.577079058 -0.003849396 0.999990165 0.002166865 -2.308026314 -0.049015515 -0.002352958 0.998795271 87.232742310
0.998416245 0.003333957 0.056161687 1.622315407 -0.003464312 0.999991536 0.002223867 -2.322050333 -0.056153797 -0.002414906 0.998419285 87.775390625
0.997858882 0.003396803 0.065316580 1.673208237 -0.003536539 0.999991655 0.002023856 -2.331126690 -0.065309167 -0.002250517 0.997862577 88.319374084
0.997160614 0.003511243 0.075222425 1.731956005 -0.003678073 0.999991059 0.002079418 -2.350679398 -0.075214453 -0.002350187 0.997164607 88.855690002
0.996492386 0.002867473 0.083635084 1.791124821 -0.003031345 0.999993742 0.001832451 -2.356981277 -0.083629303 -0.002079550 0.996494770 89.409889221
0.995771408 0.003095391 0.091813371 1.857481480 -0.003275539 0.999992907 0.001811495 -2.377638817 -0.091807120 -0.002104573 0.995774567 89.970870972
0.994720519 0.002737583 0.102583885 1.935340405 -0.002904399 0.999994636 0.001476815 -2.385855198 -0.102579288 -0.001766963 0.994723201 90.510887146
0.993566930 0.003065304 0.113204554 2.015510559 -0.003336504 0.999992013 0.002206275 -2.410380840 -0.113196865 -0.002569790 0.993569255 91.074920654
0.992466927 0.002779550 0.122481555 2.097408295 -0.003027318 0.999993742 0.001836843 -2.420326948 -0.122475676 -0.002193796 0.992469132 91.626724243
0.991032839 0.002609131 0.133592784 2.191209793 -0.002913513 0.999993503 0.002082997 -2.437303543 -0.133586511 -0.002453543 0.991034091 92.178215027
0.989333391 0.001637311 0.145659417 2.297602654 -0.001890519 0.999996841 0.001599945 -2.450300932 -0.145656347 -0.001858250 0.989333510 92.712059021
0.987738609 0.001940754 0.156105399 2.406435013 -0.002326043 0.999994695 0.002285496 -2.468813658 -0.156100139 -0.002620580 0.987737715 93.235176086
0.985979080 0.002212749 0.166854396 2.503700256 -0.002636391 0.999993980 0.002317535 -2.483725548 -0.166848212 -0.002724934 0.985978842 93.804313660
0.983732164 0.001430529 0.179635823 2.630831718 -0.001843757 0.999996066 0.002133426 -2.500159264 -0.179632053 -0.002429925 0.983730853 94.341583252
0.981311321 0.001895876 0.192417145 2.744318962 -0.002333644 0.999995232 0.002048491 -2.507812500 -0.192412332 -0.002459241 0.981311142 94.864967346
0.979206264 0.001704585 0.202860147 2.868711472 -0.002238519 0.999994636 0.002402625 -2.521548510 -0.202854931 -0.002806772 0.979204774 95.425735474
0.976498067 0.001633267 0.215519696 3.017377853 -0.002193608 0.999994874 0.002360784 -2.540410519 -0.215514719 -0.002778067 0.976496637 95.952369690
0.973442018 0.000818782 0.228932679 3.167545319 -0.001345392 0.999996841 0.002144216 -2.543817043 -0.228930205 -0.002395274 0.973439872 96.488510132
0.970767915 0.000972384 0.240017921 3.303522110 -0.001633320 0.999995410 0.002554788 -2.567394972 -0.240014300 -0.002872133 0.970765054 97.004226685
0.967783809 0.000815107 0.251781225 3.470809937 -0.001600496 0.999994457 0.002914560 -2.592197895 -0.251777440 -0.003223639 0.967779756 97.521835327
0.963919580 0.000847260 0.266192317 3.616069794 -0.001543136 0.999995887 0.002405038 -2.589955568 -0.266189188 -0.002729034 0.963916957 98.059036255
0.960424721 0.000277046 0.278539598 3.792789459 -0.000948687 0.999997020 0.002276507 -2.600421906 -0.278538138 -0.002450660 0.960422099 98.586601257
0.957190573 0.000134686 0.289458543 3.973157883 -0.000853178 0.999996901 0.002356013 -2.616053820 -0.289457291 -0.002502114 0.957187653 99.105491638
0.952743113 -0.000350434 0.303777069 4.152376175 -0.000539100 0.999995828 0.002844379 -2.643578768 -0.303776681 -0.002873729 0.952739060 99.639945984
0.948392987 -0.000685509 0.317096710 4.349803925 -0.000193252 0.999996245 0.002739809 -2.656816721 -0.317097366 -0.002659695 0.948389351 100.148803711
0.944541216 -0.001318003 0.328389943 4.549282074 0.000495577 0.999996603 0.002588096 -2.658401012 -0.328392178 -0.002281821 0.944538832 100.653289795
0.939693391 -0.001807678 0.342013210 4.749839783 0.000853530 0.999995291 0.002940273 -2.686068535 -0.342016906 -0.002471036 0.939690530 101.189926147
0.934552908 -0.002277320 0.355816901 4.970090866 0.001421112 0.999995351 0.002667678 -2.699619293 -0.355821431 -0.001987430 0.934551895 101.689949036
0.929849267 -0.002302445 0.367933512 5.187486649 0.001232096 0.999994218 0.003143961 -2.713422060 -0.367938548 -0.002470080 0.929846764 102.202415466
0.925105631 -0.002938190 0.379698366 5.403692245 0.002012216 0.999993980 0.002835568 -2.727216721 -0.379704326 -0.001859165 0.925106049 102.691528320
0.918957412 -0.004090693 0.394335359 5.653167725 0.003258340 0.999990940 0.002780322 -2.739136696 -0.394343048 -0.001270119 0.918962419 103.219734192
0.913044751 -0.004491308 0.407834709 5.891174316 0.003669682 0.999989331 0.002796909 -2.749888897 -0.407842875 -0.001057079 0.913051605 103.713638306
0.908398390 -0.005024305 0.418075383 6.143535614 0.004548739 0.999987483 0.002134005 -2.760212183 -0.418080807 -0.000036811 0.908409953 104.188407898
0.901880145 -0.005202391 0.431955189 6.407592773 0.004494400 0.999986351 0.002659789 -2.782046795 -0.431963176 -0.000457432 0.901891172 104.694122314
0.895010948 -0.005967761 0.446004301 6.664222717 0.005115778 0.999982059 0.003114268 -2.796971560 -0.446014822 -0.000505645 0.895025432 105.203094482
0.889242947 -0.006583774 0.457387954 6.942050934 0.005378056 0.999977827 0.003938078 -2.820383549 -0.457403719 -0.001042050 0.889258623 105.666748047
0.883516967 -0.006907709 0.468348384 7.215129852 0.005655266 0.999975681 0.004080337 -2.828566074 -0.468365103 -0.000956411 0.883534551 106.153831482
0.876412809 -0.007150518 0.481507480 7.493541718 0.005833395 0.999973953 0.004232270 -2.845932484 -0.481525213 -0.000900392 0.876431763 106.616744995
