1.000000000 0.000000000 0.000000000 0.000000000 0.000000000 1.000000000 0.000000000 0.000000000 0.000000000 0.000000000 1.000000000 0.000000000
1.000000000 -0.000029607 -0.000018713 0.000304249 0.000029607 1.000000000 -0.000015398 0.000121159 0.000018714 0.000015398 1.000000000 0.000348603
1.000000000 -0.000031689 -0.000005842 0.000176281 0.000031689 1.000000000 -0.000044037 0.000597591 0.000005843 0.000044036 1.000000000 0.000012256
1.000000000 0.000001977 0.000067813 -0.000848608 -0.000001975 1.000000000 -0.000029033 0.000373785 -0.000067813 0.000029033 1.000000000 0.000086946
1.000000000 -0.000031575 -0.000022339 0.000275673 0.000031574 1.000000000 -0.000011500 0.000152145 0.000022339 0.000011499 1.000000000 0.000019015
1.000000000 0.000132168 0.000024120 -0.000037676 -0.000132168 1.000000000 0.000011751 0.000699883 -0.000024118 -0.000011754 1.000000000 0.000359558
1.000000000 0.000061367 -0.000019315 -0.000043925 -0.000061370 1.000000000 -0.000145437 0.000797640 0.000019306 0.000145438 1.000000000 -0.000715812
1.000000000 0.000106014 0.000059360 -0.000135424 -0.000106011 1.000000000 -0.000060017 0.000685960 -0.000059367 0.000060011 1.000000000 0.000456861
1.000000000 0.000221861 0.000053451 -0.001362389 -0.000221861 1.000000000 0.000002324 0.000246011 -0.000053451 -0.000002336 1.000000000 -0.000303372
1.000000000 0.000059005 0.000021125 0.001064017 -0.000059009 1.000000000 0.000215432 0.001132702 -0.000021112 -0.000215433 1.000000000 0.001195762
1.000000000 0.000038564 -0.000013288 0.000846832 -0.000038562 1.000000000 0.000195858 0.000487191 0.000013296 -0.000195857 1.000000000 -0.000351815
1.000000000 -0.000030622 -0.000024599 0.000975944 0.000030628 1.000000000 0.000243216 0.000656331 0.000024591 -0.000243216 1.000000000 0.000472050
1.000000000 -0.000006264 0.000040013 0.000315170 0.000006255 1.000000000 0.000229421 0.000812522 -0.000040014 -0.000229421 1.000000000 0.000370305
1.000000000 -0.000097688 0.000005163 0.001652961 0.000097687 1.000000000 0.000269879 0.000950723 -0.000005189 -0.000269878 1.000000000 0.001766268
1.000000000 0.000008323 0.000089719 0.000764314 -0.000008343 1.000000000 0.000216451 0.001228132 -0.000089717 -0.000216452 1.000000000 0.001083406
1.000000000 0.000085317 0.000048729 0.000303694 -0.000085327 1.000000000 0.000202057 0.001061410 -0.000048712 -0.000202061 1.000000000 0.000747971
1.000000000 0.000081092 0.000069625 -0.000012161 -0.000081106 1.000000000 0.000199213 0.001932307 -0.000069609 -0.000199218 1.000000000 0.001710517
1.000000000 0.000035239 0.000080276 0.000656619 -0.000035256 1.000000000 0.000217807 0.001390358 -0.000080268 -0.000217809 1.000000000 0.001874730
1.000000000 0.000099149 0.000110846 -0.000182762 -0.000099178 1.000000000 0.000262173 0.000890179 -0.000110820 -0.000262184 1.000000000 0.001211528
1.000000000 0.000037470 0.000037318 0.000405097 -0.000037480 1.000000000 0.000273691 0.001311816 -0.000037308 -0.000273693 1.000000000 0.001122739
1.000000000 0.000070742 0.000050518 0.000159646 -0.000070751 1.000000000 0.000180746 0.001485658 -0.000050505 -0.000180749 1.000000000 0.001800177
1.000000000 0.000060706 0.000017216 0.000265673 -0.000060710 1.000000000 0.000219923 0.001455092 -0.000017202 -0.000219924 1.000000000 0.002625834
1.000000000 0.000198633 0.000061928 -0.000330027 -0.000198645 1.000000000 0.000186866 0.002024462 -0.000061891 -0.000186878 1.000000000 0.002146409
1.000000000 0.000186682 0.000102344 -0.000172970 -0.000186702 1.000000000 0.000203402 0.001230592 -0.000102306 -0.000203421 1.000000000 0.001132165
1.000000000 0.000033426 0.000085393 -0.000120707 -0.000033447 1.000000000 0.000242877 0.001816530 -0.000085385 -0.000242880 1.000000000 0.001801311
1.000000000 0.000114098 0.000096448 0.000038654 -0.000114124 1.000000000 0.000270085 0.000997699 -0.000096417 -0.000270096 1.000000000 0.001291268
1.000000000 0.000061738 0.000052718 0.000161206 -0.000061749 1.000000000 0.000211586 0.001852017 -0.000052705 -0.000211590 1.000000000 0.001806051
1.000000000 0.000091454 0.000065670 0.000291268 -0.000091469 1.000000000 0.000232556 0.001476862 -0.000065649 -0.000232562 1.000000000 0.001396637
1.000000000 0.000142160 0.000121299 -0.000210572 -0.000142189 1.000000000 0.000236399 0.001055058 -0.000121266 -0.000236416 1.000000000 0.001187655
1.000000000 -0.000007659 0.000120876 0.000083488 0.000007636 1.000000000 0.000187366 0.001733928 -0.000120877 -0.000187365 1.000000000 0.002872773
1.000000000 0.000121862 0.000084729 0.000001400 -0.000121878 1.000000000 0.000193921 0.001747316 -0.000084706 -0.000193932 1.000000000 0.001297539
1.000000000 0.000044853 0.000110315 0.000130270 -0.000044883 1.000000000 0.000275675 0.000769721 -0.000110302 -0.000275680 1.000000000 0.000766256
1.000000000 0.000116920 0.000113198 -0.000248558 -0.000116947 1.000000000 0.000232306 0.001289456 -0.000113170 -0.000232319 1.000000000 0.000955976
1.000000000 0.000127571 0.000115498 0.000277138 -0.000127598 1.000000000 0.000232635 0.000903810 -0.000115469 -0.000232650 1.000000000 0.000744035
1.000000000 0.000029261 0.000071046 0.000329453 -0.000029280 1.000000000 0.000264958 0.001231759 -0.000071038 -0.000264960 1.000000000 0.001264737
1.000000000 0.000067424 0.000024388 0.000596317 -0.000067430 1.000000000 0.000241470 0.001539124 -0.000024372 -0.000241472 1.000000000 0.001387083
1.000000000 0.000182033 0.000109229 -0.000201993 -0.000182062 1.000000000 0.000261410 0.001051549 -0.000109181 -0.000261430 1.000000000 0.001176107
1.000000000 0.000131598 0.000039710 0.001201993 -0.000131607 1.000000000 0.000239279 0.001813048 -0.000039678 -0.000239284 1.000000000 0.001688779
1.000000000 0.000015924 0.000048013 0.001054259 -0.000015932 1.000000000 0.000170615 0.001349090 -0.000048010 -0.000170616 1.000000000 0.001660222
1.000000000 0.000161702 0.000120228 0.001974344 -0.000161648 0.999999881 -0.000452292 -0.001390356 -0.000120301 0.000452273 0.999999940 0.049668342
1.000000000 0.000115767 0.000159266 0.002867698 -0.000115615 0.999999523 -0.000952056 -0.002932739 -0.000159376 0.000952038 0.999999523 0.142906219
0.999999940 0.000094580 0.000013210 0.005770231 -0.000094565 0.999999344 -0.001126248 -0.007101307 -0.000013316 0.001126247 0.999999344 0.257025450
1.000000000 0.000046579 -0.000030900 0.009951272 -0.000046613 0.999999285 -0.001109608 -0.010344933 0.000030849 0.001109609 0.999999344 0.385637194
1.000000000 -0.000066131 -0.000054020 0.010985742 0.000066078 0.999999464 -0.000980029 -0.014390570 0.000054085 0.000980025 0.999999523 0.528973997
0.999999881 -0.000454949 -0.000079502 0.018424032 0.000454903 0.999999702 -0.000583728 -0.021455390 0.000079767 0.000583692 0.999999821 0.681886375
0.999999881 -0.000513475 0.000006939 0.022484120 0.000513477 0.999999821 -0.000256954 -0.025770277 -0.000006807 0.000256957 0.999999940 0.846427798
1.000000000 -0.000110922 -0.000025628 0.024328385 0.000110917 1.000000000 -0.000191821 -0.032750662 0.000025649 0.000191818 0.999999940 1.010787487
1.000000000 -0.000330276 0.000106569 0.028730497 0.000330297 1.000000000 -0.000200178 -0.036859050 -0.000106503 0.000200213 1.000000000 1.189121723
1.000000000 -0.000213903 0.000104027 0.032685962 0.000213884 0.999999940 0.000179411 -0.042602967 -0.000104066 -0.000179389 1.000000000 1.373963475
1.000000000 -0.000104692 0.000081364 0.035865325 0.000104692 1.000000000 0.000000642 -0.045224577 -0.000081365 -0.000000633 1.000000000 1.563997507
1.000000000 -0.000341332 0.000011900 0.038148254 0.000341328 0.999999881 0.000343301 -0.054562349 -0.000012018 -0.000343296 0.999999940 1.761094689
1.000000000 0.000050190 0.000099442 0.040430374 -0.000050268 0.999999642 0.000782916 -0.062431172 -0.000099403 -0.000782921 0.999999642 1.966105223
0.999999881 -0.000225643 0.000358436 0.039649002 0.000225384 0.999999702 0.000722064 -0.070024617 -0.000358599 -0.000721983 0.999999702 2.176566839
0.999999881 -0.000044340 0.000443146 0.043409046 0.000043968 0.999999642 0.000839931 -0.073984943 -0.000443183 -0.000839911 0.999999583 2.394550800
0.999999642 0.000257577 0.000712498 0.046806980 -0.000258113 0.999999702 0.000752233 -0.080188140 -0.000712304 -0.000752417 0.999999523 2.621451139
0.999999762 0.000057198 0.000553967 0.054713503 -0.000057611 0.999999702 0.000745278 -0.088900529 -0.000553924 -0.000745310 0.999999523 2.848863840
0.999999702 -0.000364146 0.000514630 0.060397416 0.000363616 0.999999285 0.001029933 -0.092663206 -0.000515005 -0.001029745 0.999999344 3.084524155
0.999999523 0.000610352 0.000698299 0.063101619 -0.000610942 0.999999464 0.000844792 -0.103630662 -0.000697783 -0.000845218 0.999999344 3.329123974
0.999999762 0.000050349 0.000704733 0.069109283 -0.000050996 0.999999583 0.000916852 -0.109675147 -0.000704687 -0.000916888 0.999999344 3.583450794
0.999999821 0.000103523 0.000539536 0.076293953 -0.000103962 0.999999642 0.000812920 -0.113947287 -0.000539451 -0.000812976 0.999999523 3.840257406
0.999999821 -0.000077375 0.000561603 0.082554035 0.000076966 0.999999702 0.000729066 -0.120545298 -0.000561660 -0.000729023 0.999999583 4.096717834
0.999999702 0.000357437 0.000697992 0.087081589 -0.000358220 0.999999285 0.001121695 -0.130277649 -0.000697591 -0.001121945 0.999999106 4.357057571
0.999999642 0.000408366 0.000771868 0.088947713 -0.000409244 0.999999285 0.001137049 -0.137032792 -0.000771403 -0.001137364 0.999998987 4.606690407
0.999999642 0.000177714 0.000825019 0.095458202 -0.000178599 0.999999404 0.001073519 -0.146483526 -0.000824828 -0.001073666 0.999999106 4.874367237
0.999998927 0.000840771 0.001161683 0.099732041 -0.000842367 0.999998689 0.001374314 -0.155054420 -0.001160526 -0.001375291 0.999998450 5.135507584
0.999998331 0.001265511 0.001265494 0.101035699 -0.001266887 0.999998569 0.001086678 -0.161135033 -0.001264116 -0.001088279 0.999998629 5.397742271
0.999999046 0.000644985 0.001234891 0.108337604 -0.000646679 0.999998868 0.001371999 -0.170966014 -0.001234005 -0.001372796 0.999998271 5.664709091
0.999999225 0.000379143 0.001166698 0.113832340 -0.000381096 0.999998510 0.001674172 -0.179000974 -0.001166061 -0.001674616 0.999997914 5.940791130
0.999998391 0.001152687 0.001325210 0.114594012 -0.001154508 0.999998391 0.001374655 -0.183020845 -0.001323622 -0.001376183 0.999998093 6.227168560
0.999998510 0.001088778 0.001340890 0.121404879 -0.001090900 0.999998152 0.001582699 -0.193554655 -0.001339163 -0.001584160 0.999997795 6.508355618
0.999998033 0.001324664 0.001428884 0.125915423 -0.001326653 0.999998093 0.001391881 -0.200914338 -0.001427037 -0.001393773 0.999998033 6.800501347
0.999998450 0.001150595 0.001346705 0.134818926 -0.001152437 0.999998391 0.001367454 -0.207079783 -0.001345130 -0.001369004 0.999998152 7.105762482
0.999998569 0.001013014 0.001342632 0.142055199 -0.001015067 0.999998450 0.001528680 -0.220560730 -0.001341081 -0.001530041 0.999997914 7.407173634
0.999998450 0.000977075 0.001425300 0.148677573 -0.000979611 0.999997973 0.001779435 -0.231970444 -0.001423558 -0.001780828 0.999997437 7.714197159
0.999998152 0.001284633 0.001444327 0.154991120 -0.001287204 0.999997556 0.001781096 -0.243068486 -0.001442035 -0.001782952 0.999997377 8.035459518
0.999998093 0.001338189 0.001434507 0.159708306 -0.001340733 0.999997556 0.001774048 -0.252358556 -0.001432130 -0.001775968 0.999997318 8.352583885
0.999997556 0.001455669 0.001648376 0.167540208 -0.001458575 0.999997377 0.001763501 -0.260340899 -0.001645804 -0.001765901 0.999997020 8.682376862
0.999996901 0.001696369 0.001833740 0.176075235 -0.001699719 0.999996960 0.001827335 -0.266634971 -0.001830634 -0.001830446 0.999996662 9.029392242
0.999996960 0.001806237 0.001672278 0.181721911 -0.001809116 0.999996901 0.001721791 -0.280238837 -0.001669163 -0.001724811 0.999997139 9.355395317
0.999996543 0.002169472 0.001463018 0.191175148 -0.002172015 0.999996185 0.001738930 -0.293757498 -0.001459240 -0.001742102 0.999997437 9.691118240
0.999996245 0.002100654 0.001734398 0.197373703 -0.002104127 0.999995828 0.002003212 -0.300941169 -0.001730183 -0.002006853 0.999996543 10.044224739
0.999996424 0.002153455 0.001550222 0.207217127 -0.002156226 0.999996066 0.001788738 -0.312469482 -0.001546363 -0.001792074 0.999997139 10.413719177
0.999997020 0.001687351 0.001794116 0.215083286 -0.001690642 0.999996901 0.001834600 -0.322891533 -0.001791015 -0.001837628 0.999996662 10.775661469
0.999995291 0.002279264 0.002039001 0.221607924 -0.002283216 0.999995470 0.001937859 -0.329708815 -0.002034575 -0.001942505 0.999996006 11.152951241
0.999997675 0.001344856 0.001685112 0.228356048 -0.001348262 0.999997020 0.002021755 -0.342666239 -0.001682389 -0.002024022 0.999996543 11.517821312
0.999997497 0.001371157 0.001753949 0.237832010 -0.001374482 0.999997199 0.001896266 -0.350101382 -0.001751345 -0.001898673 0.999996662 11.898286819
0.999996722 0.001887435 0.001679446 0.247199550 -0.001890815 0.999996185 0.002013495 -0.361728638 -0.001675639 -0.002016664 0.999996483 12.285700798
0.999996662 0.001740461 0.001912935 0.258578777 -0.001745236 0.999995410 0.002497140 -0.375119179 -0.001908580 -0.002500470 0.999995053 12.673550606
0.999996543 0.001790525 0.001937492 0.265584677 -0.001794937 0.999995768 0.002277717 -0.385902047 -0.001933405 -0.002281186 0.999995530 13.064708710
0.999997497 0.001643251 0.001502286 0.280300736 -0.001646582 0.999996126 0.002218860 -0.398715973 -0.001498634 -0.002221328 0.999996364 13.461760521
0.999996185 0.002000245 0.001942892 0.283616781 -0.002005236 0.999994755 0.002569909 -0.409981936 -0.001937741 -0.002573795 0.999994874 13.874039650
0.999996483 0.001551888 0.002128719 0.297300309 -0.001557624 0.999995172 0.002695488 -0.419370085 -0.002124526 -0.002698794 0.999994099 14.303629875
0.999996424 0.001306512 0.002308509 0.308532089 -0.001312468 0.999995768 0.002580059 -0.435709774 -0.002305129 -0.002583080 0.999994040 14.720417023
0.999994516 0.001834277 0.002746666 0.311938643 -0.001840509 0.999995649 0.002268200 -0.438906014 -0.002742493 -0.002273243 0.999993682 15.169162750
0.999994874 0.001536585 0.002811866 0.325111449 -0.001543732 0.999995589 0.002541188 -0.452880204 -0.002807949 -0.002545516 0.999992847 15.604407310
0.999992311 0.001578774 0.003593606 0.329631597 -0.001587708 0.999995649 0.002484583 -0.462479651 -0.003589667 -0.002490270 0.999990463 16.049648285
0.999990523 0.001857697 0.003936545 0.338040233 -0.001867565 0.999995053 0.002504932 -0.474123776 -0.003931873 -0.002512260 0.999989092 16.489774704
0.999987841 0.002227444 0.004423746 0.345038265 -0.002237465 0.999994814 0.002261773 -0.485867441 -0.004418687 -0.002271643 0.999987662 16.937108994
0.999989212 0.002053773 0.004195777 0.361676216 -0.002063086 0.999995410 0.002216295 -0.495363861 -0.004191206 -0.002224927 0.999988735 17.388853073
0.999986172 0.001775253 0.004943875 0.364850551 -0.001787108 0.999995589 0.002394604 -0.511821270 -0.004939603 -0.002403406 0.999984860 17.846805573
0.999984741 0.002417441 0.004974910 0.381898791 -0.002426987 0.999995172 0.001913770 -0.518079996 -0.004970260 -0.001925815 0.999985754 18.319263458
0.999981582 0.002825513 0.005369037 0.397998691 -0.002837223 0.999993563 0.002174483 -0.527799308 -0.005362858 -0.002189676 0.999983191 18.781850815
0.999983490 0.002009380 0.005388705 0.407167822 -0.002022569 0.999994993 0.002443087 -0.547455490 -0.005383769 -0.002453947 0.999982417 19.270063400
0.999982357 0.002164888 0.005538221 0.423445761 -0.002176835 0.999995351 0.002152062 -0.555056334 -0.005533536 -0.002164081 0.999982297 19.756872177
0.999980867 0.002595030 0.005625880 0.428216904 -0.002610215 0.999993026 0.002693513 -0.569042027 -0.005618851 -0.002708146 0.999980509 20.251390457
0.999982178 0.002711686 0.005319067 0.446229279 -0.002726499 0.999992490 0.002779406 -0.586595476 -0.005311490 -0.002793859 0.999981999 20.731916428
0.999985158 0.002532149 0.004825047 0.454952717 -0.002541172 0.999995053 0.001864536 -0.585649967 -0.004820302 -0.001876769 0.999986589 21.240119934
0.999990761 0.002192389 0.003715585 0.485699445 -0.002200804 0.999995112 0.002262154 -0.601678789 -0.003710607 -0.002270311 0.999990523 21.725824356
0.999988019 0.002642509 0.004130158 0.483161926 -0.002649958 0.999994934 0.001799244 -0.598365843 -0.004125382 -0.001810167 0.999989808 22.275842667
0.999988854 0.001441429 0.004489809 0.469495475 -0.001457428 0.999992609 0.003562241 -0.652617276 -0.004484641 -0.003568745 0.999983549 22.759975433
0.999988735 0.002290088 0.004155911 0.481924444 -0.002306017 0.999989986 0.003832078 -0.669569850 -0.004147094 -0.003841618 0.999984026 23.285852432
0.999989748 0.002902921 0.003486704 0.480944097 -0.002916962 0.999987543 0.004028672 -0.687633216 -0.003474966 -0.004038801 0.999985814 23.789113998
0.999995768 0.001190964 0.002643798 0.499986529 -0.001199934 0.999993503 0.003393621 -0.702372313 -0.002639739 -0.003396779 0.999990702 24.359912872
0.999995053 0.002204772 0.002232883 0.541536868 -0.002213119 0.999990523 0.003742735 -0.720988154 -0.002224610 -0.003747659 0.999990523 24.896415710
0.999994695 0.002659454 0.001832460 0.552365363 -0.002666980 0.999987960 0.004117001 -0.731154442 -0.001821489 -0.004121867 0.999989867 25.442836761
0.999998569 0.001476696 0.000731669 0.575564206 -0.001479794 0.999989808 0.004251410 -0.742320001 -0.000725383 -0.004252487 0.999990702 26.001230240
0.999995649 0.002892231 0.000587449 0.575712144 -0.002894521 0.999988019 0.003935652 -0.756849289 -0.000576059 -0.003937335 0.999992192 26.533817291
0.999996781 0.002406564 0.000820404 0.591798186 -0.002410193 0.999987185 0.004451941 -0.778938293 -0.000809679 -0.004453904 0.999989748 27.059232712
0.999998391 0.001797473 0.000234853 0.609052062 -0.001798546 0.999987602 0.004651639 -0.795048118 -0.000226489 -0.004652054 0.999989152 27.611696243
0.999994814 0.003227615 0.000185060 0.618194103 -0.003228414 0.999984741 0.004486827 -0.806677938 -0.000170575 -0.004487401 0.999989927 28.157430649
0.999995351 0.002950678 0.000646655 0.618162155 -0.002953607 0.999985158 0.004576045 -0.827092350 -0.000633143 -0.004577935 0.999989271 28.692985535
0.999994934 0.003136911 0.000352448 0.630715907 -0.003138582 0.999983311 0.004847737 -0.841438770 -0.000337235 -0.004848819 0.999988198 29.240480423
0.999996901 0.002463359 0.000289992 0.639109433 -0.002464651 0.999986589 0.004542365 -0.851339638 -0.000278798 -0.004543066 0.999989629 29.792097092
0.999994934 0.003187440 0.000053936 0.649745762 -0.003187649 0.999984980 0.004464386 -0.856892467 -0.000039705 -0.004464535 0.999990046 30.335262299
0.999992669 0.003827628 0.000322440 0.665284634 -0.003829120 0.999981344 0.004760965 -0.882596433 -0.000304211 -0.004762163 0.999988616 30.868021011
0.999993265 0.003645618 0.000060495 0.667762697 -0.003645855 0.999983013 0.004575675 -0.888732791 -0.000043813 -0.004575865 0.999989510 31.398126602
0.999993920 0.003466820 -0.000335733 0.677677274 -0.003465376 0.999985158 0.004211066 -0.897831142 0.000350327 -0.004209876 0.999991059 31.942642212
0.999992371 0.003907562 -0.000108233 0.681923211 -0.003907088 0.999984026 0.004086410 -0.906506419 0.000124199 -0.004085957 0.999991596 32.505596161
0.999991715 0.003888784 -0.001150328 0.698696554 -0.003883843 0.999983311 0.004267615 -0.916649818 0.001166905 -0.004263111 0.999990225 33.047977448
0.999992132 0.003925603 -0.000532480 0.697212756 -0.003923450 0.999984384 0.003985388 -0.932841599 0.000548116 -0.003983268 0.999991894 33.611152649
0.999992132 0.003937651 -0.000469704 0.707185090 -0.003935830 0.999984920 0.003819084 -0.941767991 0.000484734 -0.003817205 0.999992609 34.166351318
0.999991000 0.004028358 -0.001283651 0.728196323 -0.004023222 0.999983907 0.003978900 -0.959350824 0.001299659 -0.003973700 0.999991238 34.697216034
0.999989450 0.004488767 -0.000977352 0.728306651 -0.004485063 0.999982893 0.003759957 -0.973256350 0.000994212 -0.003755534 0.999992430 35.246536255
0.999992669 0.003184816 -0.002085318 0.752339363 -0.003175620 0.999985278 0.004398298 -0.991079628 0.002099295 -0.004391645 0.999988139 35.786163330
0.999991536 0.003160293 -0.002643807 0.776289225 -0.003150128 0.999987662 0.003840643 -0.989560246 0.002655912 -0.003832282 0.999989152 36.350151062
0.999993622 0.002388411 -0.002664556 0.791881859 -0.002377705 0.999989152 0.004013533 -1.009453058 0.002674113 -0.004007172 0.999988377 36.911808014
0.999993801 0.003243873 -0.001349618 0.779954195 -0.003238824 0.999987721 0.003727405 -1.026278496 0.001361694 -0.003723010 0.999992132 37.429664612
0.999987960 0.004272222 -0.002392857 0.816150308 -0.004264090 0.999985099 0.003393511 -1.035982490 0.002407319 -0.003383266 0.999991357 37.997314453
0.999993443 0.002971548 -0.002069104 0.802669108 -0.002964429 0.999989629 0.003435425 -1.048459530 0.002079292 -0.003429268 0.999992013 38.538745880
0.999993801 0.002301753 -0.002620985 0.813477635 -0.002293320 0.999992132 0.003215628 -1.061620712 0.002628367 -0.003209598 0.999991357 39.087909698
0.999992430 0.003606043 -0.001466963 0.807110727 -0.003601241 0.999988198 0.003263515 -1.065202713 0.001478714 -0.003258208 0.999993622 39.520042419
0.999992907 0.003506362 -0.001361123 0.816338718 -0.003501879 0.999988616 0.003282975 -1.077512026 0.001372619 -0.003278186 0.999993682 40.064319611
0.999992788 0.003541024 -0.001338948 0.826175034 -0.003536632 0.999988377 0.003268434 -1.092607379 0.001350507 -0.003263675 0.999993742 40.594455719
0.999993145 0.003302972 -0.001630258 0.841027737 -0.003298139 0.999990165 0.002957931 -1.100867033 0.001640013 -0.002952534 0.999994278 41.145862579
0.999991953 0.003758165 -0.001400968 0.844767332 -0.003753935 0.999988437 0.003010150 -1.114542603 0.001412265 -0.003004867 0.999994516 41.673549652
0.999991775 0.003861049 -0.001240281 0.846691251 -0.003857723 0.999989092 0.002673253 -1.127124190 0.001250588 -0.002668447 0.999995649 42.159587860
0.999989212 0.004446806 -0.001294777 0.854651392 -0.004444579 0.999988616 0.001718187 -1.124290943 0.001302403 -0.001712414 0.999997675 42.718837738
0.999990642 0.004154386 -0.001253553 0.866158068 -0.004150859 0.999987483 0.002803095 -1.159820557 0.001265182 -0.002797865 0.999995291 43.240089417
0.999991477 0.003868943 -0.001424513 0.878082156 -0.003865384 0.999989390 0.002492180 -1.166845322 0.001434140 -0.002486652 0.999995887 43.733032227
0.999991536 0.003885205 -0.001330968 0.884621561 -0.003881756 0.999989152 0.002584216 -1.181455135 0.001340994 -0.002579028 0.999995768 44.262489319
0.999989927 0.004243358 -0.001498857 0.893786907 -0.004239542 0.999987841 0.002539122 -1.198308706 0.001509614 -0.002532741 0.999995649 44.795799255
0.999989748 0.004344312 -0.001307631 0.908177555 -0.004341072 0.999987543 0.002469597 -1.214840889 0.001318344 -0.002463896 0.999996066 45.330974579
0.999986053 0.005241031 -0.000657905 0.910622895 -0.005239656 0.999984205 0.002075110 -1.224572301 0.000668770 -0.002071633 0.999997616 45.863834381
0.999988973 0.004669956 -0.000500639 0.898212016 -0.004668586 0.999985456 0.002703989 -1.231758237 0.000513260 -0.002701622 0.999996245 46.250896454
0.999983549 0.005683545 -0.000841930 0.940315843 -0.005682187 0.999982595 0.001605594 -1.230976105 0.000851041 -0.001600784 0.999998271 46.939758301
0.999990404 0.004276061 -0.000922581 0.921970427 -0.004272923 0.999985099 0.003378608 -1.265758514 0.000937014 -0.003374633 0.999993920 47.330959320
0.999987602 0.004851003 -0.001107211 0.917523146 -0.004848222 0.999985099 0.002501001 -1.254794121 0.001119327 -0.002495603 0.999996185 47.706542969
0.999984920 0.005500828 0.000060684 0.942743599 -0.005500993 0.999979913 0.003165825 -1.293167591 -0.000043268 -0.003166110 0.999994993 48.327930450
0.999987960 0.004821139 -0.000828627 0.945749104 -0.004818277 0.999982536 0.003420397 -1.299287319 0.000845102 -0.003416364 0.999993801 48.743736267
0.999985397 0.005403095 -0.000247919 0.933372557 -0.005402442 0.999982059 0.002571042 -1.284712672 0.000261806 -0.002569664 0.999996603 49.158515930
0.999980390 0.006266492 -0.000014191 0.953345835 -0.006266402 0.999974012 0.003574327 -1.324438095 0.000036589 -0.003574168 0.999993563 49.774742126
0.999987125 0.005082830 0.000164252 0.953907549 -0.005083140 0.999985158 0.001937829 -1.316301823 -0.000154400 -0.001938639 0.999998093 50.202342987
0.999986649 0.005162686 -0.000300843 0.970135927 -0.005161922 0.999983549 0.002488463 -1.320167303 0.000313686 -0.002486877 0.999996841 50.635791779
0.999982953 0.005820994 0.000342981 0.976217628 -0.005821488 0.999981999 0.001459094 -1.342790723 -0.000334481 -0.001461066 0.999998808 51.269500732
0.999982595 0.005893753 0.000224285 0.982501268 -0.005894380 0.999978423 0.002908492 -1.348634005 -0.000207137 -0.002909763 0.999995768 51.640605927
0.999983668 0.005721087 0.000008126 0.997372031 -0.005721085 0.999979317 0.002946093 -1.358884096 0.000008729 -0.002946091 0.999995708 52.191596985
0.999984622 0.005537157 0.000227934 0.995243073 -0.005537794 0.999980509 0.002886227 -1.375283599 -0.000211948 -0.002887445 0.999995828 52.701587677
0.999983132 0.005785902 0.000361251 1.006300926 -0.005786745 0.999980450 0.002376957 -1.384203911 -0.000347491 -0.002379007 0.999997139 53.220233917
0.999980628 0.006178538 0.000737205 1.011808634 -0.006180039 0.999978781 0.002051868 -1.392633557 -0.000724512 -0.002056385 0.999997616 53.750373840
0.999980271 0.006241967 0.000624606 1.023342490 -0.006243212 0.999978423 0.002010641 -1.406380296 -0.000612042 -0.002014501 0.999997795 54.298255920
0.999981344 0.006061706 0.000782620 1.033135056 -0.006063184 0.999979734 0.001901636 -1.413867116 -0.000771076 -0.001906347 0.999997854 54.795944214
0.999984086 0.005640248 0.000087034 1.062506437 -0.005640439 0.999981225 0.002377845 -1.434650898 -0.000073621 -0.002378298 0.999997139 55.395076752
0.999982357 0.005929133 0.000307448 1.060751200 -0.005929833 0.999979675 0.002333695 -1.446228862 -0.000293605 -0.002335477 0.999997258 55.818767548
0.999978542 0.006528046 0.000498315 1.071962953 -0.006529324 0.999975264 0.002608763 -1.462271929 -0.000481274 -0.002611961 0.999996483 56.355285645
0.999983072 0.005790618 0.000576208 1.066766381 -0.005791700 0.999981403 0.001893363 -1.463397861 -0.000565232 -0.001896668 0.999998033 56.867538452
0.999981523 0.006056961 0.000569469 1.101695180 -0.006058137 0.999979436 0.002086252 -1.483155131 -0.000556821 -0.002089664 0.999997675 57.480651855
0.999981165 0.006114091 0.000559308 1.088110328 -0.006115286 0.999979079 0.002160752 -1.491132736 -0.000546084 -0.002164132 0.999997556 57.943012238
0.999982476 0.005828687 0.001008239 1.081799030 -0.005830666 0.999980986 0.001971277 -1.499684095 -0.000996729 -0.001977121 0.999997497 58.427680969
0.999981523 0.006069185 0.000050972 1.147419095 -0.006069267 0.999979913 0.001811547 -1.538223863 -0.000039976 -0.001811823 0.999998391 59.097034454
0.999978840 0.006264304 0.001771522 1.103043556 -0.006266276 0.999979675 0.001109666 -1.519016266 -0.001764535 -0.001120743 0.999997854 59.511440277
0.999977648 0.006452501 0.001749722 1.088230729 -0.006455158 0.999978006 0.001517054 -1.536831379 -0.001739895 -0.001528314 0.999997318 59.994518280
0.999978721 0.006283157 0.001759454 1.102902055 -0.006286227 0.999978662 0.001745259 -1.553682685 -0.001748451 -0.001756283 0.999996960 60.536857605
0.999981284 0.005837095 0.001790908 1.116431713 -0.005839854 0.999981761 0.001540702 -1.563300610 -0.001781882 -0.001551132 0.999997199 61.063354492
0.999978662 0.006232707 0.001952124 1.122791290 -0.006235068 0.999979854 0.001205418 -1.575272202 -0.001944573 -0.001217564 0.999997318 61.583591461
0.999974191 0.006794713 0.002329427 1.129497528 -0.006798570 0.999975443 0.001651654 -1.589112282 -0.002318148 -0.001667448 0.999995887 62.100158691
0.999971330 0.007089818 0.002649490 1.131630301 -0.007093591 0.999973834 0.001417292 -1.602397680 -0.002639373 -0.001436046 0.999995470 62.636859894
0.999973476 0.006857287 0.002465101 1.144838929 -0.006860162 0.999975801 0.001159898 -1.612030625 -0.002457088 -0.001176778 0.999996305 63.167549133
0.999972761 0.006956194 0.002496489 1.157085061 -0.006959247 0.999975085 0.001216510 -1.626048565 -0.002487964 -0.001233850 0.999996185 63.708675385
0.999969006 0.007347406 0.002822061 1.163056374 -0.007350370 0.999972463 0.001041190 -1.636686802 -0.002814333 -0.001061901 0.999995470 64.217712402
0.999969482 0.007249538 0.002919489 1.188017249 -0.007251629 0.999973476 0.000706486 -1.642901778 -0.002914290 -0.000727636 0.999995530 64.807022095
0.999971628 0.006982821 0.002810847 1.190093875 -0.006986417 0.999974787 0.001271292 -1.663561463 -0.002801900 -0.001290894 0.999995172 65.263984680
0.999970376 0.007030154 0.003151389 1.201260924 -0.007033200 0.999974847 0.000956088 -1.675312281 -0.003144588 -0.000978224 0.999994576 65.820785522
0.999971330 0.007038061 0.002802479 1.214172840 -0.007041337 0.999974489 0.001160781 -1.688831329 -0.002794239 -0.001180481 0.999995410 66.324035645
0.999973595 0.006738235 0.002723306 1.237126708 -0.006741157 0.999976695 0.001065462 -1.700736761 -0.002716063 -0.001083793 0.999995708 66.911315918
0.999969125 0.007134027 0.003303031 1.225020528 -0.007135701 0.999974430 0.000495464 -1.707296371 -0.003299411 -0.000519018 0.999994397 67.367744446
0.999970078 0.006878825 0.003546774 1.237310529 -0.006881680 0.999975979 0.000793772 -1.723555088 -0.003541229 -0.000818157 0.999993384 67.912666321
0.999965906 0.007537567 0.003365283 1.247042179 -0.007540451 0.999971151 0.000844499 -1.737378001 -0.003358821 -0.000869846 0.999993980 68.443260193
0.999967635 0.007287688 0.003420267 1.260124683 -0.007289843 0.999973297 0.000617635 -1.747092962 -0.003415674 -0.000642548 0.999993861 69.022956848
0.999966562 0.007333426 0.003597153 1.266371846 -0.007335059 0.999972999 0.000440493 -1.765590310 -0.003593825 -0.000466864 0.999993443 69.555953979
0.999966979 0.007334879 0.003477715 1.275381684 -0.007337416 0.999972820 0.000717509 -1.778666973 -0.003472357 -0.000743003 0.999993682 69.983963013
0.999976337 0.005956412 0.003450535 1.296748281 -0.005958499 0.999982119 0.000594921 -1.790048957 -0.003446929 -0.000615467 0.999993861 70.665069580
0.999967158 0.007364623 0.003388730 1.294798613 -0.007366920 0.999972641 0.000666207 -1.810663462 -0.003383731 -0.000691149 0.999994040 71.033966064
0.999969661 0.007105186 0.003216624 1.310292244 -0.007107076 0.999974549 0.000576309 -1.826755047 -0.003212447 -0.000599152 0.999994636 71.579833984
0.999964416 0.007662532 0.003522043 1.310130358 -0.007666427 0.999970019 0.001093518 -1.845775485 -0.003513558 -0.001120481 0.999993205 72.071945190
0.999964416 0.007640978 0.003574660 1.322071552 -0.007644252 0.999970376 0.000903773 -1.857191324 -0.003567649 -0.000931067 0.999993145 72.605819702
0.999961019 0.008068481 0.003593311 1.338130832 -0.008070746 0.999967217 0.000616435 -1.867119193 -0.003588221 -0.000645412 0.999993324 73.166542053
0.999959648 0.008046549 0.004018807 1.337149501 -0.008051734 0.999966800 0.001275604 -1.885109067 -0.004008410 -0.001307910 0.999991119 73.650482178
0.999958336 0.007956071 0.004458938 1.361851454 -0.007962996 0.999967039 0.001537709 -1.902642608 -0.004446558 -0.001573151 0.999988854 74.248329163
0.999955833 0.008359284 0.004289262 1.358210087 -0.008363498 0.999964476 0.000965429 -1.908067465 -0.004281041 -0.001001259 0.999990284 74.698852539
0.999955297 0.008275365 0.004577267 1.371505141 -0.008278777 0.999965429 0.000727061 -1.923524618 -0.004571092 -0.000764922 0.999989271 75.230239868
0.999951541 0.008818173 0.004380875 1.384403944 -0.008820044 0.999961019 0.000408206 -1.936855435 -0.004377105 -0.000446826 0.999990344 75.780563354
0.999955535 0.008041674 0.004927919 1.378607750 -0.008047276 0.999966979 0.001117858 -1.956732750 -0.004918767 -0.001157464 0.999987245 76.236015320
0.999962091 0.007422607 0.004535172 1.416140795 -0.007427114 0.999971926 0.000977841 -1.972863436 -0.004527787 -0.001011488 0.999989212 76.819801331
0.999955714 0.007904221 0.005096016 1.402202249 -0.007909042 0.999968231 0.000926543 -1.985043168 -0.005088531 -0.000966806 0.999986589 77.288032532
0.999961317 0.007336714 0.004847997 1.420332551 -0.007340988 0.999972641 0.000864563 -2.006649971 -0.004841521 -0.000900118 0.999987900 77.831649780
0.999953389 0.007975645 0.005435572 1.431164980 -0.007980965 0.999967694 0.000957900 -2.016511202 -0.005427756 -0.001001236 0.999984741 78.368873596
0.999942482 0.008587665 0.006424586 1.444584250 -0.008593740 0.999962568 0.000918764 -2.031697989 -0.006416456 -0.000973922 0.999978900 78.903640747
0.999921739 0.009589964 0.008037546 1.454583645 -0.009594471 0.999953806 0.000522419 -2.043946505 -0.008032165 -0.000599494 0.999967575 79.459640503
0.999915957 0.009201889 0.009134040 1.469898939 -0.009207581 0.999957442 0.000581509 -2.065223694 -0.009128301 -0.000665562 0.999958098 79.960533142
0.999915004 0.008350534 0.010013438 1.487986922 -0.008358634 0.999964714 0.000767258 -2.090725422 -0.010006679 -0.000850892 0.999949574 80.482536316
0.999876618 0.008808547 0.013004711 1.510840416 -0.008817104 0.999960899 0.000600579 -2.100486040 -0.012998913 -0.000715169 0.999915242 81.036628723
0.999823749 0.008770843 0.016596207 1.532969475 -0.008779774 0.999961376 0.000465437 -2.115591288 -0.016591482 -0.000611066 0.999862194 81.575927734
0.999763668 0.008398472 0.020056451 1.554262042 -0.008413991 0.999964356 0.000689395 -2.129323721 -0.020049950 -0.000857987 0.999798536 82.113174438
0.999661088 0.008983286 0.024431102 1.583247066 -0.008995858 0.999959409 0.000404701 -2.141340733 -0.024426475 -0.000624343 0.999701440 82.685241699
0.999511778 0.008572106 0.030045033 1.611232996 -0.008585319 0.999962986 0.000310736 -2.153991222 -0.030041261 -0.000568531 0.999548376 83.188270569
0.999311507 0.007851675 0.036260251 1.633064508 -0.007856232 0.999969065 -0.000016829 -2.160362482 -0.036259267 -0.000268052 0.999342322 83.731018066
0.999081135 0.008151008 0.042075656 1.680784225 -0.008192071 0.999966145 0.000803550 -2.186302900 -0.042067673 -0.001147498 0.999114037 84.285026550
0.998698592 0.008181561 0.050340787 1.712070704 -0.008205044 0.999966264 0.000259857 -2.195941448 -0.050336957 -0.000672567 0.998732090 84.809600830
0.998249114 0.007529168 0.058668494 1.766943216 -0.007519750 0.999971628 -0.000381302 -2.206417322 -0.058669705 -0.000060538 0.998277426 85.353797913
0.997798383 0.007142093 0.065934561 1.821181536 -0.007134940 0.999974430 -0.000344000 -2.222022295 -0.065935336 -0.000127196 0.997823834 85.903167725
0.997190118 0.006460680 0.074632287 1.873174191 -0.006453656 0.999979079 -0.000335260 -2.235624790 -0.074632905 -0.000147333 0.997211039 86.413848877
0.996339381 0.007127427 0.085187644 1.940776348 -0.007090670 0.999974549 -0.000734025 -2.258629560 -0.085190713 0.000127300 0.996364653 86.963226318
0.995564699 0.007068628 0.093813658 2.007001400 -0.007049659 0.999974966 -0.000533615 -2.267088175 -0.093815096 -0.000130106 0.995589674 87.501174927
0.994843841 0.006795362 0.101190351 2.085648060 -0.006735294 0.999976933 -0.000935257 -2.287230730 -0.101194367 0.000248888 0.994866669 88.045013428
0.993893981 0.005464024 0.110204116 2.171465874 -0.005389584 0.999984980 -0.000973340 -2.297710657 -0.110207781 0.000373442 0.993908525 88.584869385
0.992701530 0.004369041 0.120518126 2.247912407 -0.004156907 0.999989331 -0.002011538 -2.308512688 -0.120525628 0.001495873 0.992709041 89.068115234
0.991524100 0.004965106 0.129827976 2.357208252 -0.004883643 0.999987602 -0.000945831 -2.333381891 -0.129831076 0.000303781 0.991536021 89.660446167
0.989963531 0.004002773 0.141267359 2.453481674 -0.003841027 0.999991596 -0.001417618 -2.346074581 -0.141271874 0.000860779 0.989970446 90.193939209
0.988134027 0.004046325 0.153540716 2.557890892 -0.003901009 0.999991596 -0.001247689 -2.362842798 -0.153544471 0.000633921 0.988141477 90.725448608
0.986426651 0.003447523 0.164166376 2.669604301 -0.003239288 0.999993563 -0.001536141 -2.376669645 -0.164170608 0.000983508 0.986431599 91.263084412
0.984649837 0.003377978 0.174508870 2.784068108 -0.003202483 0.999993980 -0.001287238 -2.391473532 -0.174512193 0.000708616 0.984654784 91.805366516
0.982239246 0.003713877 0.187596053 2.900970459 -0.003540460 0.999992907 -0.001259472 -2.412099600 -0.187599421 0.000572926 0.982245386 92.318527222
0.979795396 0.002899076 0.199981228 3.020545959 -0.002663689 0.999995410 -0.001446097 -2.421372414 -0.199984536 0.000884191 0.979798615 92.862655640
0.977561593 0.002910407 0.210630074 3.147733688 -0.002663735 0.999995410 -0.001454828 -2.434677601 -0.210633337 0.000861121 0.977564752 93.396743774
0.974751651 0.002653395 0.223276094 3.295457840 -0.002489733 0.999996424 -0.001014506 -2.462718010 -0.223277986 0.000432994 0.974754751 93.914123535
0.971690655 0.002154310 0.236246675 3.448553085 -0.001967463 0.999997497 -0.001026632 -2.474984646 -0.236248299 0.000532762 0.971692622 94.446975708
0.968905628 0.001606820 0.247425377 3.597167969 -0.001340696 0.999998331 -0.001244048 -2.491282463 -0.247426972 0.000873643 0.968906164 94.968170166
0.966227710 0.000498043 0.257689297 3.781764984 -0.000104153 0.999998748 -0.001542192 -2.509716988 -0.257689774 0.001463269 0.966226518 95.395759583
0.962702990 0.000559608 0.270559579 4.046981812 -0.000231730 0.999999344 -0.001243797 -2.547899961 -0.270560086 0.001134710 0.962702394 96.056121826
0.959623814 0.000327868 0.281286478 4.357887268 -0.000237706 0.999999881 -0.000354653 -2.655904531 -0.281286597 0.000273470 0.959623754 96.449607849
0.955651879 -0.001399765 0.294495404 4.413059235 0.001909449 0.999997199 -0.001443171 -2.570603371 -0.294492543 0.001941493 0.955651820 97.109527588
0.951232076 -0.000797016 0.308475286 4.611009598 0.001188233 0.999998748 -0.001080381 -2.572365522 -0.308474034 0.001394234 0.951231658 97.648948669
0.946598053 -0.001188239 0.322413683 4.813739777 0.001694984 0.999997735 -0.001290986 -2.588794708 -0.322411388 0.001768531 0.946597993 98.197593689
0.942588925 -0.000399272 0.333954901 5.016235352 0.000700999 0.999999523 -0.000782988 -2.614967108 -0.333954394 0.000972139 0.942588687 98.674560547
0.937576473 -0.000708071 0.347778857 5.231855392 0.001306517 0.999998033 -0.001486259 -2.654277325 -0.347777098 0.001847861 0.937575400 99.356109619
0.932145059 -0.000761924 0.362084448 5.446277618 0.001401194 0.999997854 -0.001502944 -2.671246529 -0.362082481 0.001908312 0.932144105 99.860893250
0.927130818 -0.001158859 0.374736071 5.670400620 0.001890069 0.999996901 -0.001583741 -2.685923576 -0.374733061 0.002176612 0.927130163 100.368515015
0.922450125 -0.002508873 0.386108339 5.908039093 0.003604787 0.999991298 -0.002114394 -2.693347216 -0.386099637 0.003342262 0.922451019 100.868263245
0.916545033 -0.001933852 0.399926871 6.141157150 0.002439048 0.999996662 -0.000754265 -2.729386806 -0.399924159 0.001666759 0.916546643 101.321617126
0.910172164 -0.002938042 0.414219767 6.397998810 0.003710016 0.999992490 -0.001059179 -2.749274254 -0.414213538 0.002500797 0.910176277 101.988655090
0.905513704 -0.003963417 0.424298525 6.655895233 0.005187223 0.999984980 -0.001729309 -2.761243105 -0.424285322 0.003766844 0.905520678 102.467155457
0.899675667 -0.004092876 0.436539829 6.914649963 0.005220964 0.999985337 -0.001384427 -2.781133652 -0.436527759 0.003524694 0.899683774 102.951881409
0.893163562 -0.005059496 0.449703544 7.193138123 0.006268498 0.999979615 -0.001199460 -2.802732706 -0.449688315 0.003890279 0.893177032 103.422172546
0.887341857 -0.005214483 0.461082727 7.482452393 0.006527425 0.999977827 -0.001252898 -2.832165480 -0.461066067 0.004121433 0.887356162 103.863815308
0.881113529 -0.003971186 0.472888231 7.729999542 0.004813496 0.999988198 -0.000571162 -2.839166880 -0.472880483 0.002779504 0.881122231 104.386169434
0.874154687 -0.004127706 0.485630035 7.959159851 0.004889417 0.999988019 -0.000301567 -2.829273462 -0.485623002 0.002638064 0.874164343 104.566406250
0.865912020 -0.004890446 0.500172377 8.323787689 0.005954702 0.999982119 -0.000531596 -2.870031357 -0.500160933 0.003438693 0.865925610 105.373153687
0.859697044 -0.004956978 0.510780215 8.618053436 0.006221267 0.999980330 -0.000766521 -2.886310101 -0.510766506 0.003836677 0.859710932 105.824783325
0.851931274 -0.004452231 0.523634732 8.926330566 0.005649261 0.999983788 -0.000688691 -2.898211718 -0.523623228 0.003544867 0.851942539 106.276847839
