1.000000000 0.000000000 0.000000000 0.000000000 0.000000000 1.000000000 0.000000000 0.000000000 0.000000000 0.000000000 1.000000000 0.000000000
1.000000000 -0.000038875 -0.000006947 0.000131027 0.000038875 1.000000000 -0.000035258 0.000282285 0.000006949 0.000035258 1.000000000 0.000348172
1.000000000 0.000013786 0.000010394 0.000053506 -0.000013786 1.000000000 -0.000012074 0.000434257 -0.000010395 0.000012073 1.000000000 0.000468426
1.000000000 0.000006407 0.000112992 -0.000815785 -0.000006404 1.000000000 -0.000029642 0.000807144 -0.000112992 0.000029641 1.000000000 0.000505946
1.000000000 -0.000037850 0.000020267 0.000452344 0.000037850 1.000000000 0.000011933 0.000317994 -0.000020267 -0.000011932 1.000000000 0.000380234
1.000000000 0.000083630 0.000064482 -0.000334049 -0.000083630 1.000000000 -0.000003886 0.000706440 -0.000064482 0.000003881 1.000000000 0.000644862
1.000000000 0.000060883 -0.000008629 0.000268678 -0.000060884 1.000000000 -0.000169641 0.001390161 0.000008619 0.000169642 1.000000000 -0.000424003
1.000000000 0.000060722 0.000102570 -0.000558843 -0.000060719 1.000000000 -0.000026442 0.000329272 -0.000102572 0.000026436 1.000000000 0.000126022
1.000000000 0.000213593 0.000082757 -0.001550767 -0.000213593 1.000000000 0.000001912 0.000357343 -0.000082757 -0.000001929 1.000000000 0.000143990
1.000000000 0.000168006 0.000107439 -0.000608650 -0.000167992 1.000000000 -0.000133146 0.001775358 -0.000107462 0.000133128 1.000000000 0.001511445
1.000000000 0.000184984 0.000033143 -0.000441428 -0.000184980 1.000000000 -0.000119221 0.000654355 -0.000033165 0.000119215 1.000000000 -0.000234692
1.000000000 0.000084208 0.000059009 -0.000956469 -0.000084207 1.000000000 -0.000024091 0.000839897 -0.000059011 0.000024086 1.000000000 0.000254026
1.000000000 0.000170232 0.000101727 -0.001502534 -0.000170222 1.000000000 -0.000101524 0.001720724 -0.000101745 0.000101506 1.000000000 0.000766887
1.000000000 0.000175082 0.000052860 -0.000344496 -0.000175081 1.000000000 -0.000020052 0.000818494 -0.000052864 0.000020043 1.000000000 0.000238869
0.999999940 0.000189780 0.000154393 -0.001496982 -0.000189759 1.000000000 -0.000133445 0.001949902 -0.000154418 0.000133416 1.000000000 0.001333702
0.999999940 0.000286655 0.000155145 -0.002033482 -0.000286628 0.999999940 -0.000172808 0.002330410 -0.000155194 0.000172764 1.000000000 0.001896026
0.999999940 0.000286404 0.000148915 -0.001928381 -0.000286377 0.999999940 -0.000177757 0.003092830 -0.000148966 0.000177714 1.000000000 0.002671870
0.999999940 0.000194155 0.000166458 -0.001470073 -0.000194127 0.999999940 -0.000167865 0.002289024 -0.000166490 0.000167832 1.000000000 0.002475584
0.999999940 0.000192243 0.000187477 -0.001909711 -0.000192228 1.000000000 -0.000081395 0.001948447 -0.000187492 0.000081359 1.000000000 0.001664976
1.000000000 0.000203472 0.000116267 -0.001653837 -0.000203469 1.000000000 -0.000031542 0.001773722 -0.000116273 0.000031518 1.000000000 0.001729266
0.999999940 0.000236769 0.000175319 -0.001839063 -0.000236745 0.999999940 -0.000140742 0.002404439 -0.000175352 0.000140701 1.000000000 0.002365403
0.999999940 0.000223914 0.000114659 -0.001733759 -0.000223905 1.000000000 -0.000084730 0.001857089 -0.000114678 0.000084704 1.000000000 0.001900243
0.999999940 0.000368056 0.000164932 -0.002661451 -0.000368030 0.999999940 -0.000160604 0.002812577 -0.000164991 0.000160543 1.000000000 0.002542067
0.999999940 0.000303423 0.000213157 -0.002121140 -0.000303378 0.999999940 -0.000211241 0.002599845 -0.000213221 0.000211177 0.999999940 0.001867494
1.000000000 0.000166624 0.000151488 -0.001099357 -0.000166607 1.000000000 -0.000113809 0.002801903 -0.000151507 0.000113784 1.000000000 0.003037678
0.999999940 0.000260290 0.000143233 -0.001408328 -0.000260278 0.999999940 -0.000088217 0.001757708 -0.000143256 0.000088180 1.000000000 0.001808571
1.000000000 0.000202156 0.000125111 -0.001373943 -0.000202143 1.000000000 -0.000110760 0.002395544 -0.000125134 0.000110735 1.000000000 0.002019041
1.000000000 0.000175246 0.000129923 -0.001435238 -0.000175227 1.000000000 -0.000144962 0.002451013 -0.000129949 0.000144939 1.000000000 0.001746780
0.999999940 0.000244896 0.000200589 -0.001228505 -0.000244873 0.999999940 -0.000116750 0.001978688 -0.000200617 0.000116701 1.000000000 0.002264103
1.000000000 0.000101116 0.000190618 -0.001427703 -0.000101089 1.000000000 -0.000142297 0.002188196 -0.000190632 0.000142278 1.000000000 0.002769283
0.999999940 0.000274172 0.000163742 -0.001520067 -0.000274139 0.999999940 -0.000201814 0.002575332 -0.000163797 0.000201769 0.999999940 0.002647162
0.999999940 0.000187642 0.000200776 -0.001802882 -0.000187619 1.000000000 -0.000114682 0.001625145 -0.000200797 0.000114644 1.000000000 0.001295065
0.999999940 0.000284625 0.000165190 -0.001954225 -0.000284597 0.999999940 -0.000172032 0.001916525 -0.000165239 0.000171985 1.000000000 0.001453058
0.999999940 0.000254816 0.000183963 -0.001054065 -0.000254785 0.999999940 -0.000166702 0.001456369 -0.000184005 0.000166655 0.999999940 0.001018335
0.999999940 0.000192610 0.000203272 -0.001675620 -0.000192582 1.000000000 -0.000135474 0.002363407 -0.000203298 0.000135435 0.999999940 0.002827779
1.000000000 0.000168845 0.000106094 -0.001100024 -0.000168830 1.000000000 -0.000139977 0.003032342 -0.000106118 0.000139959 1.000000000 0.002979102
0.999999881 0.000400314 0.000222015 -0.002346758 -0.000400286 0.999999940 -0.000123638 0.002532673 -0.000222065 0.000123550 0.999999940 0.002595222
0.999999940 0.000260648 0.000116056 -0.000301923 -0.000260635 0.999999940 -0.000108361 0.002525689 -0.000116085 0.000108331 1.000000000 0.001847167
1.000000000 0.000184493 0.000137707 -0.000708190 -0.000184464 0.999999940 -0.000210929 0.002099603 -0.000137746 0.000210904 0.999999940 0.003091809
0.999999881 0.000392166 0.000243764 -0.000717422 -0.000392004 0.999999702 -0.000665037 -0.001454797 -0.000244025 0.000664942 0.999999762 0.049046516
0.999999642 0.000801294 0.000272231 0.001649140 -0.000800953 0.999998927 -0.001250055 -0.001270984 -0.000273232 0.001249837 0.999999166 0.137017906
0.999999642 0.000739329 0.000180598 0.005155472 -0.000739071 0.999998689 -0.001427960 -0.005669731 -0.000181653 0.001427827 0.999998927 0.249765992
0.999999762 0.000555036 -0.000063507 0.011943922 -0.000555127 0.999998748 -0.001439215 -0.010867208 0.000062709 0.001439250 0.999998987 0.375006348
0.999999821 0.000512207 -0.000005604 0.013006312 -0.000512214 0.999998927 -0.001348844 -0.014189186 0.000004913 0.001348846 0.999999106 0.518040538
0.999999940 0.000357926 -0.000039352 0.017831504 -0.000357976 0.999999166 -0.001268730 -0.018443078 0.000038898 0.001268744 0.999999225 0.670306623
0.999999762 0.000634165 0.000033460 0.019920848 -0.000634129 0.999999225 -0.001075106 -0.020528480 -0.000034142 0.001075085 0.999999464 0.834858060
1.000000000 0.000190172 0.000033062 0.024254253 -0.000190159 0.999999881 -0.000372023 -0.031554021 -0.000033133 0.000372017 0.999999881 0.998741508
1.000000000 0.000311126 -0.000018735 0.026536485 -0.000311133 0.999999881 -0.000359067 -0.035842009 0.000018623 0.000359073 0.999999940 1.172596693
0.999999702 0.000659776 0.000058631 0.030490093 -0.000659773 0.999999762 -0.000057443 -0.043473374 -0.000058669 0.000057404 1.000000000 1.360679269
0.999999821 0.000464200 -0.000103674 0.034917619 -0.000464222 0.999999881 -0.000214684 -0.044942863 0.000103574 0.000214732 1.000000000 1.553899169
0.999999881 0.000217877 -0.000077615 0.037072964 -0.000217869 0.999999881 0.000108783 -0.054532364 0.000077638 -0.000108766 1.000000000 1.752027988
0.999999642 0.000721505 0.000414938 0.037364196 -0.000721615 0.999999702 0.000264577 -0.063183829 -0.000414747 -0.000264877 0.999999821 1.950928450
0.999999762 0.000507060 0.000448204 0.041958231 -0.000507186 0.999999881 0.000280354 -0.069733150 -0.000448062 -0.000280581 0.999999821 2.160873890
0.999999940 0.000352858 0.000095621 0.051108353 -0.000352907 0.999999821 0.000520551 -0.076368541 -0.000095438 -0.000520585 0.999999821 2.380811453
0.999999523 0.000940831 0.000262713 0.055075537 -0.000940940 0.999999523 0.000413753 -0.082838118 -0.000262324 -0.000414000 0.999999881 2.603203535
0.999999166 0.001126574 0.000570811 0.055006724 -0.001126875 0.999999225 0.000526590 -0.089428701 -0.000570217 -0.000527233 0.999999702 2.840695620
0.999999583 0.000787470 0.000490706 0.063887663 -0.000787644 0.999999642 0.000354261 -0.090207823 -0.000490427 -0.000354648 0.999999821 3.074197769
0.999999702 0.000570674 0.000453931 0.066422820 -0.000571035 0.999999464 0.000794003 -0.104915172 -0.000453477 -0.000794262 0.999999583 3.310138464
0.999999464 0.000848428 0.000737288 0.068769641 -0.000849108 0.999999225 0.000922869 -0.113788128 -0.000736505 -0.000923495 0.999999285 3.557586193
0.999999344 0.000921157 0.000811845 0.073311999 -0.000921916 0.999999166 0.000934472 -0.119657278 -0.000810984 -0.000935219 0.999999225 3.811225414
0.999999166 0.000908912 0.000883693 0.074313544 -0.000909770 0.999999106 0.000970926 -0.126624137 -0.000882810 -0.000971729 0.999999106 4.064294338
0.999999106 0.000812972 0.001064805 0.080149084 -0.000813861 0.999999285 0.000834056 -0.129648149 -0.001064126 -0.000834921 0.999999106 4.326448441
0.999998748 0.001055190 0.001219869 0.083056502 -0.001056342 0.999998987 0.000943815 -0.138432711 -0.001218872 -0.000945102 0.999998808 4.583793640
0.999999344 0.000870283 0.000707267 0.097055122 -0.000871172 0.999998808 0.001258311 -0.147886038 -0.000706171 -0.001258926 0.999998987 4.835788727
0.999999106 0.001120436 0.000703713 0.102870405 -0.001121402 0.999998450 0.001374400 -0.154263198 -0.000702172 -0.001375187 0.999998868 5.096667767
0.999997675 0.001804232 0.001132693 0.101849616 -0.001805589 0.999997675 0.001198573 -0.161247194 -0.001130527 -0.001200615 0.999998629 5.362393379
0.999995649 0.002616853 0.001363950 0.104689874 -0.002618589 0.999995828 0.001272329 -0.169620946 -0.001360615 -0.001275895 0.999998212 5.631443501
0.999997854 0.001724161 0.001169369 0.107699804 -0.001725537 0.999997795 0.001176234 -0.174583077 -0.001167338 -0.001178250 0.999998629 5.906336308
0.999997497 0.001687768 0.001491370 0.111965448 -0.001689395 0.999997973 0.001089901 -0.183423251 -0.001489527 -0.001092418 0.999998271 6.186146736
0.999997377 0.001918475 0.001225338 0.124217272 -0.001919742 0.999997556 0.001033514 -0.185188964 -0.001223352 -0.001035864 0.999998748 6.482984066
0.999997616 0.001827422 0.001205258 0.123936564 -0.001828988 0.999997497 0.001299426 -0.201278612 -0.001202881 -0.001301627 0.999998450 6.767431736
0.999996185 0.002259331 0.001597310 0.127889127 -0.002261176 0.999996781 0.001154515 -0.206775531 -0.001594697 -0.001158122 0.999998033 7.066884995
0.999996305 0.002277897 0.001485274 0.134962469 -0.002279656 0.999996662 0.001184042 -0.215075344 -0.001482572 -0.001187423 0.999998152 7.368903160
0.999997675 0.001676303 0.001371095 0.140039682 -0.001678543 0.999997199 0.001633777 -0.233460113 -0.001368353 -0.001636075 0.999997735 7.670935631
0.999998271 0.001418482 0.001213049 0.149773836 -0.001421025 0.999996722 0.002098114 -0.244610786 -0.001210069 -0.002099834 0.999997079 7.983858109
0.999994934 0.002576909 0.001872060 0.148577183 -0.002580247 0.999995112 0.001782386 -0.251373231 -0.001867458 -0.001787208 0.999996662 8.307602882
0.999995887 0.002330710 0.001721675 0.157639265 -0.002333496 0.999996066 0.001617789 -0.258065671 -0.001717897 -0.001621800 0.999997199 8.632449150
0.999996662 0.002020041 0.001622868 0.169087604 -0.002023002 0.999996245 0.001824334 -0.265726328 -0.001619177 -0.001827611 0.999997079 8.966849327
0.999995947 0.002381295 0.001547819 0.178799659 -0.002384240 0.999995351 0.001903021 -0.282100618 -0.001543279 -0.001906704 0.999997020 9.302127838
0.999992549 0.003137209 0.002248112 0.167567313 -0.003141120 0.999993503 0.001737951 -0.294070870 -0.002242645 -0.001744999 0.999995947 9.631962776
0.999993145 0.002943438 0.002252788 0.178076118 -0.002947595 0.999993980 0.001844141 -0.304579943 -0.002247346 -0.001850768 0.999995768 9.985981941
0.999992907 0.003053861 0.002217818 0.178417459 -0.003057921 0.999993622 0.001829316 -0.311638892 -0.002212217 -0.001836085 0.999995828 10.340075493
0.999993801 0.002841266 0.002095167 0.188657194 -0.002845396 0.999994040 0.001970592 -0.322801799 -0.002089555 -0.001976541 0.999995828 10.704859734
0.999992788 0.003072086 0.002238718 0.195879743 -0.003076556 0.999993265 0.001995590 -0.329870462 -0.002232573 -0.002002463 0.999995530 11.068927765
0.999995828 0.002255297 0.001771620 0.213226929 -0.002258424 0.999995887 0.001765382 -0.337472379 -0.001767631 -0.001769376 0.999996901 11.455213547
0.999993682 0.003020108 0.001846583 0.221935168 -0.003023541 0.999993742 0.001859154 -0.344830215 -0.001840956 -0.001864726 0.999996603 11.838847160
0.999992371 0.003056976 0.002415488 0.221934438 -0.003061238 0.999993742 0.001762747 -0.358408660 -0.002410084 -0.001770128 0.999995530 12.212634087
0.999992728 0.003150827 0.002177861 0.235002458 -0.003154794 0.999993324 0.001820405 -0.369000167 -0.002172111 -0.001827263 0.999995947 12.601303101
0.999991655 0.003280399 0.002423199 0.232732654 -0.003286136 0.999991775 0.002367480 -0.386979759 -0.002415413 -0.002375423 0.999994278 12.990604401
0.999993682 0.002724379 0.002291776 0.249343917 -0.002729131 0.999994159 0.002072803 -0.399043798 -0.002286115 -0.002079044 0.999995291 13.383028984
0.999988377 0.003696925 0.003142661 0.246171415 -0.003705073 0.999989748 0.002590638 -0.412494183 -0.003133052 -0.002602252 0.999991655 13.799289703
0.999988437 0.003670096 0.003124126 0.255210042 -0.003678895 0.999989271 0.002815253 -0.425134093 -0.003113760 -0.002826713 0.999991119 14.219786644
0.999986947 0.003634619 0.003584649 0.271280974 -0.003644762 0.999989390 0.002826950 -0.437745184 -0.003574337 -0.002839979 0.999989569 14.625742912
0.999986351 0.003770206 0.003618544 0.280740499 -0.003780359 0.999988854 0.002802994 -0.448553503 -0.003607936 -0.002816635 0.999989510 15.044568062
0.999984443 0.003764699 0.004113502 0.282837868 -0.003776193 0.999988914 0.002789993 -0.460512280 -0.004102953 -0.002805484 0.999987662 15.479335785
0.999984205 0.003582579 0.004327517 0.294317961 -0.003594011 0.999990165 0.002636843 -0.472269356 -0.004318028 -0.002652355 0.999987125 15.923787117
0.999981225 0.004005074 0.004627257 0.309309572 -0.004019311 0.999987185 0.003071525 -0.485310137 -0.004614896 -0.003090066 0.999984622 16.373241425
0.999979377 0.003914340 0.005086853 0.313520670 -0.003928504 0.999988437 0.002777295 -0.491830766 -0.005075924 -0.002797222 0.999983191 16.823877335
0.999978721 0.003768560 0.005325342 0.325352162 -0.003783683 0.999988854 0.002832611 -0.507280409 -0.005314608 -0.002852699 0.999981821 17.289756775
0.999980152 0.003058700 0.005507840 0.335663170 -0.003074418 0.999991238 0.002847583 -0.518224120 -0.005499084 -0.002864460 0.999980688 17.722188950
0.999981523 0.002692250 0.005456465 0.351306170 -0.002707213 0.999992549 0.002736876 -0.530105591 -0.005449058 -0.002751598 0.999981344 18.186779022
0.999976397 0.002793919 0.006277326 0.365253389 -0.002810050 0.999992847 0.002562424 -0.538449526 -0.006270122 -0.002580003 0.999976993 18.656419754
0.999970734 0.004266550 0.006351730 0.364921093 -0.004287450 0.999985397 0.003280470 -0.555804908 -0.006337643 -0.003307607 0.999974430 19.130228043
0.999963999 0.004781746 0.007009682 0.373855591 -0.004805147 0.999982893 0.003325222 -0.568771601 -0.006993661 -0.003358784 0.999969900 19.606492996
0.999960899 0.005042541 0.007278675 0.377651274 -0.005065752 0.999982178 0.003173933 -0.578806162 -0.007262542 -0.003210681 0.999968410 20.099918365
0.999963284 0.004753692 0.007132116 0.398523718 -0.004776631 0.999983430 0.003203008 -0.592461169 -0.007116771 -0.003236958 0.999969423 20.593015671
0.999967098 0.005034537 0.006360241 0.424701422 -0.005055820 0.999981701 0.003334678 -0.609642327 -0.006343337 -0.003366725 0.999974191 21.076686859
0.999972045 0.004537185 0.005945649 0.422044098 -0.004560173 0.999982119 0.003858517 -0.632121086 -0.005928037 -0.003885522 0.999974906 21.552436829
0.999974310 0.004420302 0.005652819 0.436292797 -0.004440733 0.999983609 0.003606669 -0.641540110 -0.005636784 -0.003631679 0.999977589 22.066965103
0.999974549 0.004364829 0.005644090 0.448904157 -0.004385944 0.999983430 0.003734381 -0.656660497 -0.005627696 -0.003759041 0.999977112 22.568647385
0.999985158 0.003680861 0.004021488 0.469367325 -0.003697198 0.999984860 0.004062446 -0.670404255 -0.004006474 -0.004077253 0.999983668 23.086616516
0.999980450 0.004367295 0.004477741 0.459794283 -0.004382602 0.999984682 0.003414677 -0.683581650 -0.004462759 -0.003434234 0.999984145 23.624814987
0.999985874 0.003505945 0.003994412 0.471055895 -0.003518613 0.999988794 0.003169021 -0.695794761 -0.003983257 -0.003183032 0.999987006 24.158651352
0.999979317 0.005010500 0.004038438 0.480998069 -0.005023321 0.999982417 0.003170862 -0.710098922 -0.004022479 -0.003191083 0.999986827 24.689289093
0.999981642 0.005188026 0.003130796 0.495332360 -0.005200031 0.999979079 0.003839089 -0.725609720 -0.003110813 -0.003855299 0.999987721 25.211273193
0.999979138 0.005725760 0.002982837 0.505303860 -0.005737112 0.999976277 0.003811410 -0.743214190 -0.002960943 -0.003828444 0.999988317 25.737205505
0.999983072 0.005307110 0.002376706 0.519966006 -0.005316088 0.999978721 0.003787816 -0.752354026 -0.002356553 -0.003800387 0.999990106 26.300954819
0.999975801 0.006448597 0.002565193 0.519525707 -0.006459977 0.999969184 0.004453112 -0.768270135 -0.002536397 -0.004469575 0.999986827 26.858324051
0.999978542 0.006203223 0.002079875 0.536641538 -0.006211021 0.999973655 0.003764252 -0.773757339 -0.002056470 -0.003777090 0.999990761 27.389837265
0.999974251 0.007020085 0.001495691 0.553911865 -0.007026074 0.999967158 0.004036942 -0.805469632 -0.001467302 -0.004047347 0.999990761 27.892789841
0.999974489 0.007061516 0.001085083 0.566643178 -0.007065691 0.999967396 0.003892075 -0.814586818 -0.001057564 -0.003899642 0.999991834 28.448493958
0.999967098 0.007924571 0.001718192 0.568790853 -0.007931422 0.999960482 0.004018101 -0.832620680 -0.001686283 -0.004031597 0.999990463 28.994953156
0.999965549 0.008121992 0.001704170 0.576149940 -0.008129252 0.999957740 0.004297980 -0.846205413 -0.001669190 -0.004311686 0.999989390 29.548690796
0.999970376 0.007548058 0.001499291 0.587967217 -0.007554454 0.999962211 0.004307443 -0.857448101 -0.001466721 -0.004318642 0.999989688 30.092924118
0.999965847 0.008094506 0.001625139 0.588361382 -0.008101033 0.999959111 0.004051444 -0.870713830 -0.001592277 -0.004064471 0.999990463 30.613714218
0.999963224 0.008373514 0.001811480 0.590898395 -0.008380835 0.999956608 0.004072521 -0.886031985 -0.001777300 -0.004087554 0.999990046 31.171291351
0.999961853 0.008642234 0.001189569 0.602870226 -0.008646172 0.999957025 0.003345861 -0.891770601 -0.001160602 -0.003356019 0.999993682 31.726692200
0.999962449 0.008565991 0.001312817 0.616530895 -0.008571072 0.999955535 0.003915419 -0.915971696 -0.001279220 -0.003926524 0.999991477 32.245197296
0.999961734 0.008676698 0.001101026 0.618483424 -0.008680932 0.999954700 0.003900984 -0.922702253 -0.001067128 -0.003910393 0.999991775 32.822399139
0.999960959 0.008772049 0.001004067 0.642857552 -0.008776476 0.999951363 0.004491353 -0.950248480 -0.000964620 -0.004499991 0.999989450 33.333698273
0.999963462 0.008480372 0.001000977 0.647949219 -0.008484422 0.999955535 0.004115344 -0.948151410 -0.000966033 -0.004123687 0.999991059 33.868610382
0.999964237 0.008443132 0.000593305 0.658979237 -0.008446005 0.999951661 0.005020011 -0.968521833 -0.000550892 -0.005024842 0.999987245 34.373756409
0.999955416 0.009426450 0.000547477 0.664261520 -0.009428367 0.999948978 0.003612865 -0.979433239 -0.000513393 -0.003617866 0.999993324 34.929691315
0.999957979 0.009156704 0.000478548 0.686619163 -0.009158231 0.999952614 0.003294825 -0.980709612 -0.000448355 -0.003299070 0.999994457 35.486923218
0.999965906 0.008250006 -0.000477098 0.703068912 -0.008248040 0.999958098 0.003984893 -1.003172636 0.000509954 -0.003980823 0.999992013 36.008316040
0.999962986 0.008560902 0.000882316 0.694780648 -0.008564279 0.999955714 0.003900075 -1.011157036 -0.000848888 -0.003907488 0.999992013 36.536262512
0.999961495 0.008759513 0.000423026 0.703902841 -0.008760946 0.999955416 0.003518857 -1.021885872 -0.000392184 -0.003522428 0.999993742 37.087116241
0.999962986 0.008591460 0.000511114 0.715962946 -0.008593110 0.999957561 0.003322580 -1.033289433 -0.000482546 -0.003326848 0.999994397 37.634738922
0.999965012 0.008344965 0.000707051 0.706652462 -0.008347685 0.999957383 0.003934094 -1.060680747 -0.000674191 -0.003939857 0.999991953 38.098487854
0.999950349 0.009686415 0.002368190 0.679680109 -0.009694238 0.999947488 0.003314079 -1.049681425 -0.002335964 -0.003336872 0.999991715 38.568496704
0.999968350 0.007915600 0.000812895 0.746355116 -0.007919232 0.999958217 0.004566906 -1.095068693 -0.000776711 -0.004573200 0.999989212 39.258171082
0.999968469 0.007888523 0.000960861 0.757293701 -0.007892279 0.999961019 0.003969318 -1.105703115 -0.000929511 -0.003976777 0.999991655 39.813098907
0.999965668 0.008200652 0.001194024 0.740991652 -0.008204973 0.999959648 0.003660271 -1.100938559 -0.001163960 -0.003669942 0.999992609 40.270839691
0.999965727 0.008081194 0.001853035 0.754581869 -0.008086878 0.999962628 0.003081840 -1.111481667 -0.001828061 -0.003096719 0.999993563 40.820510864
0.999963880 0.008419432 0.001206290 0.766022921 -0.008423549 0.999958634 0.003449868 -1.123759985 -0.001177194 -0.003459905 0.999993384 41.368164062
0.999959528 0.008815975 0.001761393 0.775171697 -0.008821762 0.999955535 0.003305567 -1.121438384 -0.001732173 -0.003320972 0.999992907 41.889801025
0.999962509 0.008646722 0.000315453 0.792578101 -0.008647572 0.999958694 0.002802958 -1.141223311 -0.000291204 -0.002805581 0.999996006 42.457351685
0.999957681 0.009132681 0.001054599 0.807491958 -0.009135615 0.999954283 0.002811087 -1.149013877 -0.001028878 -0.002820602 0.999995470 42.970409393
0.999953628 0.009484826 0.001654617 0.814374089 -0.009489911 0.999950171 0.003092955 -1.157931924 -0.001625198 -0.003108514 0.999993801 43.498703003
0.999962091 0.008533040 0.001698166 0.799763024 -0.008538613 0.999958098 0.003301036 -1.174585223 -0.001669927 -0.003315412 0.999993086 43.997253418
0.999954998 0.009320318 0.001746008 0.828251362 -0.009325465 0.999952078 0.002962861 -1.163745046 -0.001718310 -0.002979010 0.999993980 44.558040619
0.999959469 0.008853753 0.001606588 0.822633326 -0.008859270 0.999954700 0.003459943 -1.204128981 -0.001575882 -0.003474036 0.999992728 45.104015350
0.999954224 0.009287456 0.002301722 0.833274901 -0.009295325 0.999950886 0.003430892 -1.217976809 -0.002269745 -0.003452130 0.999991477 45.616615295
0.999958277 0.008993118 0.001598116 0.855012238 -0.008999413 0.999951601 0.003976636 -1.215651274 -0.001562276 -0.003990852 0.999990821 46.114688873
0.999950767 0.009659539 0.002265183 0.852084458 -0.009665712 0.999949574 0.002730081 -1.220947623 -0.002238697 -0.002751841 0.999993682 46.689323425
0.999968529 0.007912572 0.000634633 0.895596802 -0.007914371 0.999964476 0.002886177 -1.230419755 -0.000611774 -0.002891108 0.999995649 47.240749359
0.999966264 0.008191798 0.000665122 0.908725441 -0.008194058 0.999960423 0.003471167 -1.259941220 -0.000636660 -0.003476500 0.999993801 47.705684662
0.999959946 0.008807895 0.001603913 0.904120445 -0.008813194 0.999955654 0.003325959 -1.252057552 -0.001574547 -0.003339961 0.999993205 48.185844421
0.999973416 0.007227613 0.000832801 0.936833978 -0.007230390 0.999968112 0.003383607 -1.275273204 -0.000808319 -0.003389539 0.999993920 48.786075592
0.999953806 0.009462471 0.001674595 0.933076918 -0.009467435 0.999950767 0.002981368 -1.278149009 -0.001646301 -0.002997085 0.999994159 49.276569366
0.999947131 0.010041236 0.002223433 0.932488620 -0.010049065 0.999943197 0.003537895 -1.302130699 -0.002187783 -0.003560050 0.999991298 49.750984192
0.999942780 0.010424878 0.002388862 0.940222919 -0.010432620 0.999940276 0.003251209 -1.312306404 -0.002354826 -0.003275945 0.999991953 50.289432526
0.999942362 0.010495620 0.002296886 0.957742274 -0.010502883 0.999939859 0.003172706 -1.324793339 -0.002263449 -0.003196646 0.999992371 50.827415466
0.999953687 0.009353206 0.002326747 0.942144036 -0.009360729 0.999950886 0.003243039 -1.331766844 -0.002296300 -0.003264669 0.999991953 51.247634888
0.999947011 0.009833149 0.003018304 0.939642727 -0.009842497 0.999946773 0.003098607 -1.352535963 -0.002987675 -0.003128151 0.999990582 51.783195496
0.999947965 0.009702410 0.003141803 0.953908980 -0.009712715 0.999947429 0.003281647 -1.362327814 -0.003109799 -0.003311993 0.999989688 52.331645966
0.999945283 0.009928444 0.003295833 0.956186175 -0.009939337 0.999945104 0.003304217 -1.384594440 -0.003262847 -0.003336794 0.999989092 52.851993561
0.999949515 0.009609468 0.002910131 0.982726216 -0.009617699 0.999949753 0.002828159 -1.395171881 -0.002882807 -0.002856005 0.999991775 53.387199402
0.999950647 0.009570585 0.002666210 0.994328797 -0.009577711 0.999950528 0.002673899 -1.410733938 -0.002640487 -0.002699303 0.999992847 53.916294098
0.999951065 0.009576138 0.002492057 1.008027911 -0.009582280 0.999950945 0.002464472 -1.423393369 -0.002468335 -0.002488231 0.999993801 54.465167999
0.999952078 0.009410079 0.002698347 1.023323298 -0.009418449 0.999950767 0.003106771 -1.440969706 -0.002668979 -0.003132036 0.999991477 54.954372406
0.999958277 0.008978778 0.001689377 1.033124924 -0.008984761 0.999953270 0.003568945 -1.452746391 -0.001657253 -0.003583975 0.999992251 55.499828339
0.999949038 0.009647897 0.002947584 1.033469081 -0.009657490 0.999948084 0.003258717 -1.478689075 -0.002915991 -0.003287017 0.999990344 56.018108368
0.999942720 0.010161241 0.003341876 1.043370485 -0.010171773 0.999943376 0.003150111 -1.491026640 -0.003309678 -0.003183923 0.999989390 56.553310394
0.999949336 0.009569503 0.003131652 1.045361519 -0.009580023 0.999948382 0.003361061 -1.533189178 -0.003099327 -0.003390891 0.999989450 57.118194580
0.999949396 0.009627275 0.002950002 1.060428143 -0.009637359 0.999947727 0.003423121 -1.546781182 -0.002916893 -0.003451378 0.999989808 57.662105560
0.999953926 0.009188156 0.002786994 1.062577367 -0.009198712 0.999950409 0.003798968 -1.563638210 -0.002751951 -0.003824429 0.999988854 58.178272247
0.999950051 0.009427690 0.003296239 1.071323156 -0.009437184 0.999951303 0.002876922 -1.557712436 -0.003268955 -0.002907886 0.999990404 58.649116516
0.999945819 0.009906991 0.003185498 1.084827304 -0.009915045 0.999947667 0.002522479 -1.572525263 -0.003160341 -0.002553927 0.999991715 59.188652039
0.999949396 0.009463385 0.003376317 1.096311808 -0.009472263 0.999951601 0.002623294 -1.581480861 -0.003351328 -0.002655142 0.999990880 59.741401672
0.999951959 0.009191863 0.003398921 1.101716995 -0.009202156 0.999953032 0.003024846 -1.586613059 -0.003370958 -0.003055978 0.999989629 60.235748291
0.999950647 0.009331398 0.003381164 1.118674397 -0.009342067 0.999951363 0.003153931 -1.599488020 -0.003351569 -0.003185363 0.999989212 60.782917023
0.999952197 0.009049390 0.003698770 1.120938659 -0.009060145 0.999954700 0.002901758 -1.612192988 -0.003672343 -0.002935130 0.999988973 61.301761627
0.999947011 0.009480588 0.004013162 1.132847071 -0.009491313 0.999951422 0.002661931 -1.630443573 -0.003987730 -0.002699881 0.999988317 61.824569702
0.999940515 0.010132832 0.004005260 1.142842412 -0.010143916 0.999944687 0.002756507 -1.639730334 -0.003977107 -0.002796973 0.999988198 62.363151550
0.999940455 0.010139331 0.004029949 1.153620481 -0.010148936 0.999945641 0.002369724 -1.650952697 -0.004005703 -0.002410482 0.999989092 62.888553619
0.999941528 0.009962324 0.004200499 1.164563656 -0.009971853 0.999947727 0.002253674 -1.663310051 -0.004177827 -0.002295429 0.999988616 63.408607483
0.999941111 0.009967144 0.004294899 1.172420859 -0.009977542 0.999947309 0.002406058 -1.673352242 -0.004270692 -0.002448769 0.999987900 63.909767151
0.999940515 0.010005225 0.004324708 1.192261219 -0.010015804 0.999946892 0.002431817 -1.691860080 -0.004300146 -0.002474988 0.999987662 64.434051514
0.999941409 0.009974564 0.004205652 1.205659151 -0.009984623 0.999947309 0.002377725 -1.704728842 -0.004181713 -0.002419577 0.999988317 64.974433899
0.999933183 0.010491308 0.004855014 1.218408227 -0.010503684 0.999941587 0.002530535 -1.718816161 -0.004828183 -0.002581361 0.999984980 65.468437195
0.999933720 0.010537169 0.004639582 1.230211854 -0.010546977 0.999942183 0.002094920 -1.736717343 -0.004617239 -0.002143715 0.999987066 66.012573242
0.999943554 0.009611873 0.004507924 1.253151655 -0.009621765 0.999951303 0.002177749 -1.738545775 -0.004486772 -0.002221000 0.999987483 66.523025513
0.999945939 0.009480259 0.004260520 1.272292018 -0.009489646 0.999952555 0.002187658 -1.748687148 -0.004239578 -0.002227971 0.999988556 67.132080078
0.999941409 0.009833402 0.004530053 1.278557658 -0.009843320 0.999949217 0.002171798 -1.771555901 -0.004508466 -0.002216261 0.999987364 67.571678162
0.999945641 0.009584979 0.004109375 1.295245409 -0.009594359 0.999951482 0.002269246 -1.785331726 -0.004087425 -0.002308549 0.999988973 68.120872498
0.999937773 0.010284888 0.004320208 1.304655790 -0.010295116 0.999944270 0.002352072 -1.805268645 -0.004295776 -0.002396403 0.999987900 68.670196533
0.999929667 0.010730626 0.005059469 1.312358975 -0.010742630 0.999939620 0.002351429 -1.818498850 -0.005033931 -0.002405616 0.999984443 69.239326477
0.999920189 0.011167861 0.005920797 1.333780766 -0.011182962 0.999934316 0.002523478 -1.839677334 -0.005892226 -0.002589489 0.999979258 69.748901367
0.999937296 0.009987200 0.005068341 1.304806232 -0.009997222 0.999948025 0.001955810 -1.838047504 -0.005048546 -0.002006357 0.999985158 70.034912109
0.999955833 0.008312552 0.004388088 1.325406790 -0.008320695 0.999963641 0.001840748 -1.853037119 -0.004372627 -0.001877179 0.999988675 70.584815979
0.999937594 0.010165866 0.004652997 1.328069687 -0.010176566 0.999945581 0.002281515 -1.870471478 -0.004629551 -0.002328724 0.999986529 71.143951416
0.999933422 0.010294861 0.005215417 1.335585237 -0.010305934 0.999944687 0.002100608 -1.878534555 -0.005193503 -0.002154218 0.999984205 71.617835999
0.999930918 0.010457456 0.005371504 1.341186762 -0.010470778 0.999942183 0.002457970 -1.892896891 -0.005345488 -0.002514044 0.999982536 72.155235291
0.999932647 0.010335990 0.005273888 1.356566548 -0.010347522 0.999944150 0.002163982 -1.907853961 -0.005251226 -0.002218408 0.999983728 72.691719055
0.999937236 0.010034641 0.004991735 1.372387648 -0.010046093 0.999946952 0.002274277 -1.916678786 -0.004968650 -0.002324282 0.999984920 73.247558594
0.999933302 0.010191033 0.005454290 1.384671211 -0.010202887 0.999945641 0.002149466 -1.937017322 -0.005432088 -0.002204972 0.999982834 73.756561279
0.999929786 0.010271202 0.005907293 1.400241017 -0.010284166 0.999944746 0.002168454 -1.949126959 -0.005884694 -0.002229054 0.999980211 74.305671692
0.999925792 0.010846096 0.005538693 1.409600735 -0.010856218 0.999939442 0.001800832 -1.962156773 -0.005518825 -0.001860828 0.999982953 74.839355469
0.999940276 0.009477409 0.005435529 1.431731105 -0.009488826 0.999952793 0.002078373 -1.977172494 -0.005415575 -0.002129826 0.999983072 75.393569946
0.999917448 0.011318327 0.006087142 1.437368751 -0.011323408 0.999935567 0.000800959 -1.991162419 -0.006077684 -0.000869820 0.999981105 75.942550659
0.999925435 0.010684013 0.005909602 1.420418143 -0.010699008 0.999939620 0.002511533 -2.026419163 -0.005882412 -0.002574572 0.999979377 76.376617432
0.999914110 0.011789254 0.005733204 1.456184268 -0.011803608 0.999927342 0.002476250 -2.044636250 -0.005703593 -0.002543710 0.999980509 76.968978882
0.999897599 0.012311602 0.007294653 1.411607981 -0.012328543 0.999921322 0.002282063 -2.070006609 -0.007265985 -0.002371762 0.999970794 77.446708679
0.999906421 0.011757154 0.006987211 1.428992510 -0.011774428 0.999927640 0.002436591 -2.087332249 -0.006958059 -0.002518634 0.999972641 78.000869751
0.999910057 0.011346063 0.007151436 1.458486915 -0.011360275 0.999933541 0.001949725 -2.079230309 -0.007128839 -0.002030792 0.999972522 78.494712830
0.999897838 0.011700395 0.008210978 1.473809838 -0.011717508 0.999929249 0.002039426 -2.098738670 -0.008186535 -0.002135430 0.999964237 79.041160583
0.999879062 0.011951881 0.009949971 1.485608101 -0.011968896 0.999926925 0.001652256 -2.111301184 -0.009929497 -0.001771146 0.999949157 79.588226318
0.999880731 0.011142348 0.010693317 1.502902508 -0.011161254 0.999936163 0.001709873 -2.131265402 -0.010673583 -0.001829019 0.999941409 80.101554871
0.999866903 0.011167034 0.011904666 1.514157295 -0.011187294 0.999936104 0.001636582 -2.131749630 -0.011885631 -0.001769545 0.999927819 80.563705444
0.999819279 0.011398900 0.015208538 1.539668798 -0.011426874 0.999933183 0.001753714 -2.153029680 -0.015187530 -0.001927184 0.999882817 81.130767822
0.999756932 0.011409330 0.018863246 1.564334393 -0.011444224 0.999933004 0.001742957 -2.166524887 -0.018842096 -0.001958409 0.999820590 81.676155090
0.999694943 0.011199657 0.022012141 1.598083615 -0.011241334 0.999935269 0.001770533 -2.184224606 -0.021990888 -0.002017439 0.999756098 82.222511292
0.999578953 0.011848521 0.026487283 1.623126388 -0.011868803 0.999929428 0.000608603 -2.190626144 -0.026478203 -0.000922719 0.999648929 82.772796631
0.999392271 0.011957440 0.032742001 1.652547240 -0.012014668 0.999926627 0.001551609 -2.208869934 -0.032721050 -0.001944050 0.999462664 83.300598145
0.999184966 0.011823421 0.038595252 1.682723045 -0.011875153 0.999928832 0.001111398 -2.218337297 -0.038579363 -0.001568817 0.999254286 83.838569641
0.998933852 0.012293175 0.044497814 1.724472523 -0.012363174 0.999922693 0.001298229 -2.231228352 -0.044478413 -0.001846979 0.999008596 84.390258789
0.998548627 0.011255247 0.052667029 1.767144442 -0.011342525 0.999934733 0.001358573 -2.249272346 -0.052648306 -0.001953979 0.998611212 84.916854858
0.998059392 0.011031026 0.061284885 1.820218325 -0.011074043 0.999938667 0.000362300 -2.255908728 -0.061277129 -0.001040269 0.998120308 85.478790283
0.997640193 0.010711688 0.067817166 1.882141352 -0.010785070 0.999941528 0.000715984 -2.274327517 -0.067805529 -0.001445707 0.997697473 86.043228149
0.996950805 0.011266010 0.077214785 1.938103199 -0.011363295 0.999935091 0.000820658 -2.290773392 -0.077200517 -0.001695570 0.997014165 86.584449768
0.996158898 0.010671214 0.086911574 2.011552811 -0.010753223 0.999942005 0.000475458 -2.307822943 -0.086901478 -0.001408212 0.996215880 87.131622314
0.995366514 0.010373716 0.095591769 2.086585045 -0.010436511 0.999945521 0.000156963 -2.315871239 -0.095584914 -0.001153880 0.995420575 87.671638489
0.994696736 0.009450345 0.102417074 2.164676666 -0.009492241 0.999954939 -0.000078325 -2.333177805 -0.102413192 -0.000894258 0.994741559 88.230705261
0.993594229 0.009914187 0.112570815 2.243173122 -0.009970449 0.999950290 -0.000063211 -2.361339569 -0.112565853 -0.001059576 0.993643641 88.693267822
0.992363274 0.009674213 0.122969501 2.317285538 -0.009814544 0.999951720 0.000535473 -2.373890877 -0.122958399 -0.001738274 0.992410302 89.178901672
0.991165698 0.008476468 0.132358700 2.409861565 -0.008457070 0.999963939 -0.000708737 -2.383766413 -0.132359937 -0.000416891 0.991201699 89.725173950
0.989575684 0.008793498 0.143744916 2.507692337 -0.008897267 0.999960423 0.000079088 -2.404400349 -0.143738523 -0.001357201 0.989614844 90.253814697
0.987729609 0.008908411 0.155919075 2.603353500 -0.009067665 0.999958873 0.000310132 -2.423304796 -0.155909911 -0.001720149 0.987769783 90.786056519
0.985816240 0.008607255 0.167607367 2.715770721 -0.008753622 0.999961734 0.000134456 -2.439368963 -0.167599797 -0.001599721 0.985853851 91.338623047
0.983934164 0.007805338 0.178360641 2.836646080 -0.007897225 0.999968827 -0.000194805 -2.464034557 -0.178356558 -0.001216878 0.983965158 92.032478333
0.981552482 0.007979286 0.191026241 2.959948540 -0.008268977 0.999965608 0.000719400 -2.483691692 -0.191013917 -0.002285720 0.981584668 92.569778442
0.979063869 0.007843866 0.203402027 3.105443001 -0.007900672 0.999968588 -0.000532721 -2.495548725 -0.203399792 -0.001085445 0.979095280 93.128990173
0.976930201 0.007084216 0.213441297 3.241250992 -0.007141406 0.999974310 -0.000503090 -2.512234688 -0.213439420 -0.001032787 0.976955712 93.660430908
0.973881304 0.006873216 0.226953506 3.386987686 -0.006936036 0.999975801 -0.000520693 -2.526657104 -0.226951584 -0.001067065 0.973905444 94.194076538
0.970730186 0.006680973 0.240079582 3.538761139 -0.006754874 0.999977052 -0.000515077 -2.539484978 -0.240077525 -0.001121707 0.970753133 94.738342285
0.968108535 0.005804007 0.250463754 3.716764450 -0.005774162 0.999982953 -0.000853986 -2.566606998 -0.250464410 -0.000619466 0.968125641 95.173179626
0.964908719 0.005494775 0.262528062 3.853305817 -0.005585081 0.999984264 -0.000402224 -2.595548630 -0.262526155 -0.001078131 0.964924276 95.780113220
0.961262107 0.005652702 0.275578022 4.030523300 -0.005776474 0.999983251 -0.000362521 -2.615586758 -0.275575459 -0.001243392 0.961278558 96.295082092
0.957491517 0.005642293 0.288406223 4.204538345 -0.005847381 0.999982893 -0.000150411 -2.631944418 -0.288402140 -0.001542403 0.957508087 96.817855835
0.953863859 0.006051922 0.300178438 4.395547867 -0.006113375 0.999980986 -0.000734496 -2.634606838 -0.300177217 -0.001134494 0.953882754 97.400138855
0.949355304 0.006253697 0.314142317 4.607913971 -0.006426034 0.999979258 -0.000486966 -2.667151451 -0.314138919 -0.001556385 0.949375689 97.961692810
0.944708645 0.005421367 0.327866167 4.818582535 -0.005327430 0.999985158 -0.001184682 -2.677813768 -0.327867746 -0.000627506 0.944723368 98.484390259
0.940672576 0.005744796 0.339267075 5.024988174 -0.005704456 0.999983132 -0.001116152 -2.688874245 -0.339267820 -0.000885401 0.940689325 98.981559753
0.936028123 0.004198560 0.351900280 5.237070084 -0.003984435 0.999991179 -0.001332704 -2.709587097 -0.351902723 -0.000154675 0.936036527 99.469032288
0.930265546 0.003629924 0.366869032 5.495155334 -0.003391180 0.999993384 -0.001295289 -2.729693174 -0.366871268 -0.000039155 0.930271685 100.118179321
0.925472558 0.003002566 0.378802687 5.729068756 -0.002601276 0.999995410 -0.001571113 -2.743958950 -0.378805637 0.000468652 0.925476134 100.621376038
0.920467854 0.003023326 0.390806496 5.953529358 -0.002659037 0.999995470 -0.001473243 -2.756884813 -0.390809178 0.000316904 0.920471609 101.122924805
0.914696813 0.002192804 0.404134989 6.206584930 -0.001840728 0.999997377 -0.001259705 -2.779429913 -0.404136777 0.000408346 0.914698482 101.591339111
0.908824205 0.000970097 0.417178094 6.508762360 -0.000616447 0.999999285 -0.000982445 -2.795922756 -0.417178839 0.000635702 0.908824205 102.207237244
0.903949380 -0.000007858 0.427639365 6.767055511 0.000802515 0.999998152 -0.001677993 -2.806299448 -0.427638650 0.001860008 0.903947830 102.684875488
0.897822261 0.000443983 0.440357655 7.020488739 0.000145320 0.999999225 -0.001304519 -2.828239202 -0.440357864 0.001235220 0.897821546 103.168205261
0.891528070 -0.000506764 0.452964962 7.310287476 0.001013441 0.999999106 -0.000875891 -2.850883722 -0.452964097 0.001239935 0.891527832 103.661865234
0.885138035 -0.000605409 0.465328097 7.562114716 0.001465365 0.999997795 -0.001486354 -2.857871056 -0.465326160 0.001997504 0.885136962 104.075363159
0.879305542 -0.000733457 0.476257503 7.842628479 0.001616637 0.999997616 -0.001444727 -2.873068333 -0.476255387 0.002040292 0.879304647 104.554656982
0.871787310 -0.000922923 0.489883780 8.117500305 0.001605849 0.999998271 -0.000973777 -2.897695541 -0.489881992 0.001635606 0.871787131 104.992988586
0.864417255 -0.001486296 0.502772927 8.413177490 0.002577588 0.999995589 -0.001475463 -2.897695065 -0.502768517 0.002571357 0.864417255 105.448898315
0.858157635 -0.001866412 0.513382971 8.714393616 0.003039473 0.999994397 -0.001445210 -2.912575483 -0.513377368 0.002800632 0.858158410 105.908462524
