1.000000000 0.000000000 0.000000000 0.000000000 0.000000000 1.000000000 0.000000000 0.000000000 0.000000000 0.000000000 1.000000000 0.000000000
0.999999940 -0.000090406 -0.000248849 0.005203427 0.000090446 1.000000000 0.000159159 -0.003757822 0.000248834 -0.000159181 0.999999940 -0.003369451
1.000000000 0.000037175 0.000005418 0.000649527 -0.000037176 1.000000000 0.000071271 -0.002724900 -0.000005415 -0.000071271 1.000000000 -0.003162966
1.000000000 -0.000116952 -0.000152488 0.006544240 0.000116981 1.000000000 0.000189548 -0.003304217 0.000152466 -0.000189566 1.000000000 -0.004469292
1.000000000 -0.000043267 -0.000053583 0.000915333 0.000043269 1.000000000 0.000041369 -0.000471918 0.000053581 -0.000041371 1.000000000 0.000130680
1.000000000 -0.000029860 0.000061718 -0.000653933 0.000029859 1.000000000 0.000007717 -0.001651369 -0.000061718 -0.000007715 1.000000000 -0.001535113
1.000000000 -0.000101509 -0.000152419 0.005048719 0.000101534 1.000000000 0.000167223 -0.003226764 0.000152402 -0.000167238 1.000000000 -0.007272877
1.000000000 -0.000138138 -0.000065261 -0.000509067 0.000138141 1.000000000 0.000037366 0.000314991 0.000065256 -0.000037375 1.000000000 0.000371664
1.000000000 0.000007061 -0.000086464 0.002563555 -0.000007053 1.000000000 0.000090338 -0.003424183 0.000086465 -0.000090338 1.000000000 -0.009061713
1.000000000 0.000025504 0.000036439 0.000644683 -0.000025508 1.000000000 0.000103759 -0.002694760 -0.000036436 -0.000103760 1.000000000 -0.005618684
1.000000000 0.000110499 0.000086097 -0.001085610 -0.000110503 1.000000000 0.000049702 -0.001205078 -0.000086092 -0.000049712 1.000000000 -0.005082329
1.000000000 -0.000106841 -0.000024211 -0.000484903 0.000106843 1.000000000 0.000090301 -0.003837677 0.000024202 -0.000090304 1.000000000 -0.008581440
1.000000000 -0.000059279 -0.000020392 0.000470121 0.000059280 1.000000000 0.000050976 -0.001723634 0.000020389 -0.000050977 1.000000000 -0.006252404
1.000000000 -0.000068884 -0.000019794 0.000631577 0.000068886 1.000000000 0.000091550 -0.002028724 0.000019788 -0.000091552 1.000000000 -0.005925193
0.999999940 -0.000233976 -0.000084659 0.001239473 0.000233993 0.999999940 0.000190676 -0.002554459 0.000084614 -0.000190696 1.000000000 -0.008341285
0.999999940 -0.000252860 -0.000120447 -0.000745833 0.000252875 0.999999940 0.000127326 -0.002732850 0.000120415 -0.000127356 1.000000000 -0.009409463
1.000000000 -0.000157845 0.000030315 0.000056138 0.000157843 1.000000000 0.000052748 -0.001165043 -0.000030324 -0.000052743 1.000000000 -0.008070838
1.000000000 0.000049363 0.000001473 0.002002963 -0.000049363 1.000000000 0.000185920 -0.003748696 -0.000001463 -0.000185920 1.000000000 -0.011563244
1.000000000 -0.000228477 -0.000069528 0.001423600 0.000228485 0.999999940 0.000112996 -0.003825056 0.000069502 -0.000113012 1.000000000 -0.008654814
0.999999940 -0.000276511 -0.000080975 0.004099845 0.000276525 0.999999940 0.000169806 -0.005725445 0.000080929 -0.000169828 1.000000000 -0.016111832
1.000000000 -0.000047757 -0.000021831 0.001806343 0.000047762 1.000000000 0.000217619 -0.005315408 0.000021821 -0.000217620 1.000000000 -0.011804261
1.000000000 0.000025084 0.000046493 -0.000359916 -0.000025089 1.000000000 0.000119485 -0.001187589 -0.000046490 -0.000119486 1.000000000 -0.007255377
0.999999940 -0.000243025 -0.000180077 0.006051560 0.000243062 0.999999940 0.000200996 -0.003706476 0.000180028 -0.000201040 0.999999940 -0.015693868
1.000000000 -0.000214891 -0.000090025 0.001868460 0.000214911 0.999999940 0.000219877 -0.003404032 0.000089978 -0.000219896 1.000000000 -0.007284665
1.000000000 -0.000074913 -0.000134660 0.005967960 0.000074941 1.000000000 0.000203446 -0.003713802 0.000134645 -0.000203456 1.000000000 -0.015803901
1.000000000 -0.000084526 -0.000043986 0.000733307 0.000084535 1.000000000 0.000205180 -0.003246490 0.000043969 -0.000205183 1.000000000 -0.013816673
1.000000000 -0.000087703 -0.000019289 -0.001547786 0.000087707 1.000000000 0.000204446 -0.004844320 0.000019271 -0.000204448 1.000000000 -0.015329324
1.000000000 -0.000077865 -0.000002536 -0.001200657 0.000077865 1.000000000 0.000192537 -0.003241687 0.000002521 -0.000192538 1.000000000 -0.009563626
0.999999940 -0.000250763 -0.000154044 -0.000139739 0.000250784 0.999999940 0.000132174 0.000327060 0.000154011 -0.000132212 1.000000000 -0.007385113
1.000000000 -0.000123804 -0.000120782 0.001736437 0.000123826 1.000000000 0.000184039 -0.002217372 0.000120759 -0.000184054 1.000000000 -0.009105450
1.000000000 -0.000139625 0.000022984 -0.001275081 0.000139622 1.000000000 0.000123802 -0.001623457 -0.000023001 -0.000123799 1.000000000 -0.003078692
0.999999940 -0.000241887 -0.000089568 -0.001752918 0.000241908 0.999999940 0.000232964 -0.002975614 0.000089512 -0.000232985 0.999999940 -0.009650541
0.999999940 -0.000191094 -0.000154683 0.002221113 0.000191135 0.999999940 0.000261095 -0.003623211 0.000154633 -0.000261125 0.999999940 -0.014216738
1.000000000 -0.000026726 -0.000127356 -0.000159815 0.000026737 1.000000000 0.000087093 -0.001168699 0.000127354 -0.000087096 1.000000000 -0.005708664
1.000000000 -0.000094236 -0.000071464 -0.001046911 0.000094241 1.000000000 0.000071723 -0.000654497 0.000071457 -0.000071730 1.000000000 -0.007056490
1.000000000 -0.000185654 -0.000068433 -0.001747133 0.000185653 1.000000000 -0.000018881 0.000460288 0.000068436 0.000018869 1.000000000 -0.010831598
0.999999940 -0.000269272 -0.000212344 0.003708558 0.000269287 0.999999940 0.000072174 -0.001138253 0.000212324 -0.000072231 1.000000000 -0.009879969
1.000000000 -0.000213454 -0.000043644 0.000728813 0.000213455 1.000000000 0.000038511 0.000175052 0.000043636 -0.000038520 1.000000000 -0.008466207
1.000000000 -0.000073836 -0.000118960 0.002387592 0.000073879 0.999999940 0.000360282 -0.003593821 0.000118934 -0.000360290 0.999999940 -0.018601898
0.999999940 -0.000257025 -0.000237751 0.004653560 0.000257068 0.999999940 0.000180548 -0.006065786 0.000237705 -0.000180609 0.999999940 -0.006555662
1.000000000 -0.000063823 -0.000184425 0.008517062 0.000063744 0.999999881 -0.000427817 -0.009043725 0.000184452 0.000427805 0.999999881 0.041506886
1.000000000 -0.000029832 -0.000191155 0.008142492 0.000029579 0.999999106 -0.001323893 -0.003161449 0.000191194 0.001323888 0.999999106 0.144097880
1.000000000 -0.000063188 -0.000065182 0.004843901 0.000063096 0.999998987 -0.001411223 -0.010346694 0.000065271 0.001411219 0.999998987 0.263944238
0.999999940 -0.000318557 0.000198096 0.001695232 0.000318798 0.999999225 -0.001217223 -0.016531778 -0.000197708 0.001217286 0.999999225 0.384452939
1.000000000 0.000154217 -0.000009808 0.005958186 -0.000154228 0.999999344 -0.001140042 -0.021649972 0.000009632 0.001140044 0.999999344 0.534507513
1.000000000 0.000115148 0.000035615 0.017042546 -0.000115107 0.999999344 -0.001157272 -0.026913017 -0.000035748 0.001157268 0.999999344 0.681072235
1.000000000 0.000056555 0.000169367 0.031452402 -0.000056434 0.999999762 -0.000716505 -0.039303858 -0.000169407 0.000716495 0.999999702 0.857311368
1.000000000 -0.000083051 0.000149189 0.022746542 0.000083135 0.999999821 -0.000564124 -0.038794458 -0.000149142 0.000564136 0.999999821 1.022754431
0.999999821 0.000219167 0.000549958 0.013410105 -0.000218774 0.999999702 -0.000714577 -0.038496803 -0.000550114 0.000714456 0.999999583 1.200717092
0.999999940 -0.000105031 0.000225449 0.035100095 0.000105126 0.999999881 -0.000424662 -0.051624727 -0.000225404 0.000424686 0.999999881 1.420073867
0.999999881 0.000170879 0.000406411 0.034990147 -0.000170597 0.999999762 -0.000694782 -0.056239616 -0.000406530 0.000694713 0.999999702 1.636203408
0.999999821 0.000315553 0.000556042 0.042692818 -0.000315436 0.999999940 -0.000209842 -0.069333240 -0.000556109 0.000209666 0.999999821 1.819666862
0.999997675 -0.001271560 0.001741910 0.004521669 0.001265948 0.999994040 0.003218935 -0.104610391 -0.001745993 -0.003216723 0.999993324 1.860124946
0.999997139 -0.000818766 0.002240842 0.007973928 0.000812058 0.999995232 0.002992717 -0.109474078 -0.002243281 -0.002990889 0.999993086 2.084729910
0.999997258 -0.000288660 0.002317570 0.006519142 0.000281442 0.999995172 0.003114050 -0.110829554 -0.002318458 -0.003113389 0.999992549 2.294487238
0.999997675 -0.001092850 0.001850805 0.016330075 0.001086762 0.999993980 0.003287130 -0.126377270 -0.001854386 -0.003285111 0.999992907 2.546736717
0.999997377 -0.000858444 0.002104254 0.019043531 0.000850990 0.999993265 0.003540761 -0.130839467 -0.002107279 -0.003538961 0.999991536 2.784009933
0.999997437 -0.000797050 0.002083730 0.030254040 0.000789887 0.999993682 0.003435847 -0.135450885 -0.002086455 -0.003434193 0.999991953 3.012903929
0.999997139 -0.000872933 0.002235439 0.025414540 0.000865466 0.999993980 0.003339058 -0.138013303 -0.002238341 -0.003337114 0.999991894 3.276311398
0.999997735 -0.001683486 0.001322322 0.045575101 0.001678631 0.999991894 0.003664302 -0.159135938 -0.001328480 -0.003662074 0.999992430 3.511353493
0.999998391 -0.001294517 0.001279849 0.046427164 0.001289711 0.999992192 0.003748846 -0.164868638 -0.001284692 -0.003747189 0.999992192 3.759393692
0.999997556 -0.002080397 0.000813858 0.066844597 0.002077285 0.999990642 0.003805988 -0.171943903 -0.000821768 -0.003804288 0.999992490 4.032215118
0.999998510 -0.001020349 0.001408393 0.058599211 0.001014703 0.999991536 0.004003733 -0.175977811 -0.001412466 -0.004002298 0.999991000 4.294231415
0.999996781 -0.002468646 0.000539077 0.070733376 0.002466295 0.999987543 0.004319348 -0.199230835 -0.000549733 -0.004318004 0.999990523 4.571245193
0.999996603 -0.002473705 0.000856906 0.076231122 0.002469816 0.999986768 0.004509536 -0.206000701 -0.000868050 -0.004507404 0.999989450 4.833076954
0.999997020 -0.002191118 0.001081259 0.078059830 0.002186534 0.999988675 0.004222135 -0.209594607 -0.001090498 -0.004219758 0.999990523 5.098902702
0.999996543 -0.002424062 0.000995991 0.074010447 0.002419520 0.999986768 0.004537172 -0.220049679 -0.001006976 -0.004534747 0.999989212 5.381438255
0.999996781 -0.002024357 0.001541562 0.066659041 0.002017330 0.999987543 0.004546502 -0.245488390 -0.001550747 -0.004543377 0.999988496 5.647552013
0.999996722 -0.001773316 0.001901013 0.069045462 0.001764506 0.999987721 0.004625999 -0.253396451 -0.001909194 -0.004622629 0.999987543 5.920878887
0.999996483 -0.001678901 0.002096699 0.072654836 0.001669362 0.999988258 0.004543076 -0.261084944 -0.002104301 -0.004539559 0.999987543 6.202131271
0.999996006 -0.001502138 0.002392805 0.070188873 0.001491545 0.999989152 0.004422700 -0.265449762 -0.002399422 -0.004419114 0.999987304 6.491075039
0.999995828 -0.002252808 0.001803617 0.089227535 0.002244485 0.999986887 0.004603522 -0.281883806 -0.001813965 -0.004599456 0.999987781 6.772581100
0.999995589 -0.002115937 0.002095748 0.108972274 0.002105892 0.999986351 0.004783736 -0.284619391 -0.002105841 -0.004779302 0.999986410 7.076547146
0.999994338 -0.003269263 0.000830889 0.116639592 0.003265267 0.999983311 0.004765557 -0.301490426 -0.000846455 -0.004762816 0.999988317 7.517640591
0.999994695 -0.003138816 0.000874692 0.126436681 0.003134467 0.999982893 0.004929422 -0.313711762 -0.000890149 -0.004926654 0.999987483 7.825281143
0.999993563 -0.003552910 0.000451446 0.145111218 0.003550407 0.999978900 0.005428504 -0.325739801 -0.000470723 -0.005426866 0.999985158 8.148641586
0.999993742 -0.003464826 0.000671362 0.137481406 0.003461519 0.999982119 0.004865328 -0.320869029 -0.000688207 -0.004862974 0.999987900 8.464868546
0.999992609 -0.003738214 0.000918036 0.136389434 0.003733336 0.999979258 0.005259527 -0.328845382 -0.000937678 -0.005256061 0.999985754 8.794855118
0.999993324 -0.003517416 0.000962388 0.119220518 0.003512076 0.999978721 0.005494351 -0.347537160 -0.000981693 -0.005490934 0.999984443 9.111084938
0.999993265 -0.003505277 0.001054893 0.119632110 0.003499375 0.999978483 0.005545186 -0.357790917 -0.001074308 -0.005541457 0.999984086 9.554403305
0.999992073 -0.003896993 0.000816335 0.135362521 0.003892445 0.999977231 0.005500712 -0.363160104 -0.000837752 -0.005497491 0.999984562 9.895970345
0.999991655 -0.004028471 0.000731965 0.140233561 0.004024305 0.999976218 0.005605484 -0.367740214 -0.000754529 -0.005602492 0.999984086 10.244169235
0.999989629 -0.004475449 0.000813492 0.151661307 0.004470757 0.999973834 0.005680433 -0.380376369 -0.000838893 -0.005676737 0.999983609 10.612119675
0.999992847 -0.003700533 0.000864458 0.156854391 0.003695208 0.999974728 0.006082938 -0.391322464 -0.000886946 -0.006079700 0.999981165 10.989175797
0.999991179 -0.004150219 0.000642497 0.160363585 0.004146100 0.999971628 0.006284012 -0.404178262 -0.000668558 -0.006281292 0.999980152 11.391732216
0.999986947 -0.005115943 -0.000186308 0.205232248 0.005116976 0.999968648 0.006046833 -0.400906146 0.000155367 -0.006047707 0.999981701 11.722691536
0.999984980 -0.005469647 0.000071069 0.175109282 0.005469119 0.999966800 0.006034054 -0.455196202 -0.000104070 -0.006033574 0.999981821 12.236548424
0.999988019 -0.004901173 0.000149465 0.183572024 0.004900073 0.999966025 0.006640259 -0.468757749 -0.000182005 -0.006639447 0.999977946 12.622296333
0.999990821 -0.004183547 0.000937419 0.185154364 0.004176841 0.999966502 0.007044420 -0.481129378 -0.000966858 -0.007040439 0.999974787 13.016641617
0.999988139 -0.004861285 0.000429799 0.208533689 0.004857981 0.999960959 0.007382032 -0.491056025 -0.000465669 -0.007379856 0.999972641 13.419604301
0.999983549 -0.005731188 0.000243299 0.219143644 0.005729207 0.999955595 0.007482264 -0.497904599 -0.000286171 -0.007480747 0.999971986 13.784973145
0.999992669 -0.003735730 0.000847148 0.218663022 0.003729090 0.999963343 0.007709384 -0.527269363 -0.000875917 -0.007706168 0.999969900 14.227044106
0.999989569 -0.004545573 0.000312561 0.224112734 0.004543172 0.999963045 0.007295003 -0.529088795 -0.000345709 -0.007293507 0.999973357 14.748267174
0.999984682 -0.005528465 0.000232666 0.236663461 0.005526613 0.999957860 0.007324565 -0.544334710 -0.000273150 -0.007323167 0.999973178 15.180362701
0.999985397 -0.005364335 0.000775994 0.240642473 0.005358688 0.999960423 0.007104399 -0.539016008 -0.000814074 -0.007100136 0.999974489 15.630753517
0.999980092 -0.006277447 0.000771378 0.257134497 0.006271227 0.999949694 0.007817729 -0.554775178 -0.000820415 -0.007812736 0.999969125 16.071971893
0.999985397 -0.005139806 0.001729399 0.260486990 0.005125153 0.999951780 0.008373477 -0.589613318 -0.001772354 -0.008364490 0.999963462 16.394166946
0.999985397 -0.005145860 0.001654662 0.283049792 0.005131367 0.999949396 0.008647055 -0.577446222 -0.001699075 -0.008638439 0.999961197 16.998159409
0.999984682 -0.004886295 0.002590723 0.267433167 0.004864282 0.999952495 0.008436382 -0.606181264 -0.002631823 -0.008423651 0.999961019 17.484342575
0.999978721 -0.006315600 0.001718702 0.283491075 0.006301938 0.999949336 0.007842440 -0.631789565 -0.001768145 -0.007831439 0.999967754 17.893434525
0.999980688 -0.005994045 0.001681334 0.294882596 0.005980538 0.999950707 0.007927128 -0.640309393 -0.001728767 -0.007916918 0.999967158 18.349847794
0.999980390 -0.005846120 0.002275624 0.300457180 0.005826776 0.999947608 0.008416492 -0.650840819 -0.002324709 -0.008403066 0.999961913 18.835088730
0.999975920 -0.006559932 0.002282561 0.315888703 0.006540930 0.999944687 0.008235091 -0.658764839 -0.002336456 -0.008219961 0.999963462 19.299518585
0.999976873 -0.006562885 0.001802177 0.342350334 0.006547103 0.999941349 0.008627879 -0.678458333 -0.001858695 -0.008615879 0.999961138 19.752460480
0.999976397 -0.006369558 0.002599832 0.355012000 0.006347903 0.999945819 0.008254361 -0.679527640 -0.002652267 -0.008237662 0.999962509 20.259712219
0.999980688 -0.005654796 0.002582650 0.352685034 0.005630929 0.999942243 0.009156969 -0.727125049 -0.002634282 -0.009142250 0.999954760 20.785776138
0.999980390 -0.005765536 0.002423081 0.355790019 0.005743516 0.999943018 0.008998539 -0.736603796 -0.002474824 -0.008984447 0.999956548 21.287857056
0.999979913 -0.005963751 0.002164735 0.365710825 0.005942937 0.999937296 0.009497828 -0.751120031 -0.002221241 -0.009484772 0.999952614 21.806711197
0.999983668 -0.005225162 0.002309770 0.374316782 0.005202902 0.999941051 0.009540487 -0.777723074 -0.002359485 -0.009528316 0.999951839 22.324304581
0.999980509 -0.005980102 0.001779015 0.362217486 0.005963398 0.999939442 0.009251147 -0.782558322 -0.001834230 -0.009240358 0.999955595 22.822576523
0.999979854 -0.006153145 0.001521055 0.366119057 0.006138097 0.999934077 0.009707196 -0.797920465 -0.001580685 -0.009697665 0.999951780 23.359359741
0.999979973 -0.006264817 0.000831162 0.370396644 0.006256383 0.999932468 0.009790022 -0.806506097 -0.000892438 -0.009784626 0.999951780 23.901170731
0.999980688 -0.006200488 0.000370801 0.373533249 0.006196397 0.999929249 0.010166449 -0.830455422 -0.000433812 -0.010163955 0.999948263 24.355197906
0.999975920 -0.006926880 -0.000014871 0.379388958 0.006926677 0.999924898 0.010103881 -0.841701984 -0.000055119 -0.010103742 0.999948978 24.895734787
0.999982774 -0.005827917 -0.000665614 0.375966847 0.005834472 0.999929845 0.010309688 -0.852531672 0.000605484 -0.010313394 0.999946594 25.432744980
0.999976993 -0.006497012 -0.001954607 0.417919934 0.006516444 0.999927640 0.010104966 -0.866149366 0.001888813 -0.010117470 0.999947011 25.923784256
0.999975681 -0.006583246 -0.002330985 0.420696139 0.006606812 0.999925554 0.010250366 -0.872332931 0.002263331 -0.010265516 0.999944746 26.468097687
0.999974132 -0.006614833 -0.002828557 0.427208543 0.006643265 0.999926209 0.010163549 -0.881043732 0.002761118 -0.010182077 0.999944270 27.009525299
0.999965012 -0.007328778 -0.004045038 0.457436144 0.007373365 0.999910951 0.011120273 -0.881961584 0.003963179 -0.011149709 0.999929905 27.554405212
0.999969363 -0.006966292 -0.003565138 0.432653129 0.007005134 0.999914944 0.011000839 -0.908505440 0.003488199 -0.011025475 0.999933124 28.086900711
0.999970555 -0.006551594 -0.003961003 0.447645664 0.006595399 0.999916136 0.011149383 -0.925955296 0.003887625 -0.011175181 0.999929965 28.635229111
0.999974489 -0.005909373 -0.004003567 0.446502864 0.005953684 0.999920130 0.011147872 -0.928452015 0.003937370 -0.011171424 0.999929845 29.192117691
0.999965668 -0.006791251 -0.004730981 0.468937457 0.006845003 0.999911129 0.011439672 -0.942173004 0.004652870 -0.011471663 0.999923408 29.717643738
0.999955356 -0.007750414 -0.005398367 0.483607322 0.007814691 0.999897540 0.011989202 -0.952771664 0.005304893 -0.012030854 0.999913573 30.278244019
0.999957681 -0.007155437 -0.005777335 0.469930470 0.007222776 0.999905229 0.011720247 -0.965664625 0.005692924 -0.011761477 0.999914646 30.736608505
0.999955952 -0.007364352 -0.005824068 0.481359303 0.007435371 0.999897063 0.012267807 -0.983764529 0.005733124 -0.012310570 0.999907792 31.280750275
0.999955118 -0.007237733 -0.006117372 0.488024771 0.007313341 0.999896049 0.012428876 -0.995963454 0.006026778 -0.012473056 0.999904096 31.843927383
0.999958158 -0.006637355 -0.006296575 0.489872813 0.006715062 0.999900579 0.012401368 -1.012405157 0.006213638 -0.012443130 0.999903262 32.337985992
0.999953508 -0.007012449 -0.006622968 0.498354822 0.007094297 0.999897778 0.012416691 -1.026377559 0.006535219 -0.012463099 0.999900937 32.867992401
0.999949574 -0.007355165 -0.006843707 0.503001571 0.007438188 0.999898076 0.012186117 -1.023836851 0.006753379 -0.012236407 0.999902248 33.388751984
0.999950111 -0.006958609 -0.007178556 0.489712179 0.007048031 0.999896944 0.012507525 -1.053341627 0.007090783 -0.012557494 0.999895990 33.897094727
0.999943852 -0.007723956 -0.007254487 0.494527727 0.007815905 0.999888361 0.012733179 -1.050466537 0.007155326 -0.012789165 0.999892592 34.521282196
0.999943733 -0.007509435 -0.007488268 0.502487719 0.007607254 0.999884963 0.013121253 -1.086293459 0.007388873 -0.013177481 0.999885857 35.056373596
0.999941111 -0.007701551 -0.007657084 0.503604650 0.007802655 0.999881566 0.013263033 -1.092845559 0.007554031 -0.013321997 0.999882758 35.567371368
0.999935627 -0.007813256 -0.008232253 0.516738892 0.007920007 0.999883890 0.013015674 -1.101434588 0.008129602 -0.013080036 0.999881387 36.115230560
0.999941528 -0.007358348 -0.007937390 0.510483027 0.007463119 0.999884307 0.013251914 -1.129522443 0.007838960 -0.013310377 0.999880672 36.670341492
0.999952316 -0.006447284 -0.007330982 0.472226322 0.006544732 0.999889493 0.013347348 -1.143971324 0.007244118 -0.013394692 0.999884069 37.230613708
0.999953210 -0.006173121 -0.007439907 0.470980346 0.006268563 0.999897420 0.012874082 -1.152783513 0.007359672 -0.012920119 0.999889493 37.797576904
0.999944031 -0.007164241 -0.007780980 0.476055384 0.007271093 0.999878466 0.013792166 -1.169903755 0.007681224 -0.013847971 0.999874651 38.303157806
0.999939919 -0.007656998 -0.007840118 0.473030686 0.007766818 0.999870837 0.014074103 -1.190371513 0.007731340 -0.014134153 0.999870241 38.807384491
0.999924541 -0.008981228 -0.008368162 0.500570416 0.009100330 0.999856234 0.014305196 -1.196848631 0.008238479 -0.014380273 0.999862671 39.408203125
0.999927163 -0.008847158 -0.008204120 0.488778621 0.008973064 0.999840617 0.015438941 -1.238578558 0.008066223 -0.015511437 0.999847114 39.929176331
0.999947011 -0.006402624 -0.008073905 0.504452467 0.006517597 0.999876559 0.014295046 -1.217257619 0.007981382 -0.014346908 0.999865234 40.470176697
0.999942243 -0.007254663 -0.007928056 0.501957357 0.007375389 0.999855638 0.015306254 -1.245609522 0.007815870 -0.015363843 0.999851406 40.997608185
0.999944210 -0.006567691 -0.008272943 0.529326677 0.006691210 0.999865115 0.014992498 -1.248677492 0.008173361 -0.015047017 0.999853432 41.552520752
0.999940336 -0.006675357 -0.008636158 0.539545059 0.006803531 0.999865830 0.014898438 -1.265362501 0.008535548 -0.014956308 0.999851763 42.123958588
0.999949396 -0.006106342 -0.007993278 0.514782071 0.006224219 0.999871016 0.014806252 -1.261074066 0.007901835 -0.014855255 0.999858439 42.663383484
0.999925792 -0.007528319 -0.009577423 0.561880469 0.007676844 0.999849379 0.015566837 -1.289007306 0.009458791 -0.015639208 0.999832988 43.229988098
0.999913394 -0.008958468 -0.009639150 0.552905202 0.009123527 0.999810040 0.017218299 -1.309177637 0.009483069 -0.017304752 0.999805272 43.749202728
0.999934793 -0.007313603 -0.008769060 0.531850219 0.007449667 0.999850810 0.015585606 -1.320167780 0.008653766 -0.015649917 0.999840081 44.265926361
0.999935806 -0.006952415 -0.008945508 0.534941852 0.007086914 0.999861002 0.015092564 -1.322912455 0.008839335 -0.015154990 0.999846041 44.805332184
0.999929607 -0.007415176 -0.009263313 0.548138618 0.007555428 0.999855936 0.015198554 -1.328598976 0.009149280 -0.015267473 0.999841511 45.358352661
0.999928594 -0.007265079 -0.009487212 0.571057916 0.007408226 0.999857903 0.015141509 -1.322957277 0.009375861 -0.015210710 0.999840260 45.912441254
0.999926746 -0.007779640 -0.009271309 0.563140154 0.007927521 0.999840200 0.016021930 -1.345334768 0.009145183 -0.016094252 0.999828637 46.398696899
0.999935627 -0.007104037 -0.008838295 0.545231283 0.007241305 0.999852061 0.015597238 -1.381328106 0.008726184 -0.015660234 0.999839246 47.027633667
0.999936163 -0.007387463 -0.008544715 0.542136908 0.007522908 0.999844790 0.015929217 -1.393086314 0.008425712 -0.015992483 0.999836624 47.581516266
0.999927521 -0.007792889 -0.009175725 0.551143169 0.007939979 0.999838769 0.016104549 -1.396981716 0.009048745 -0.016176235 0.999828160 48.134433746
0.999935448 -0.007349147 -0.008663632 0.557526827 0.007485958 0.999846101 0.015866207 -1.410136223 0.008545696 -0.015930036 0.999836624 48.696216583
0.999921739 -0.008071689 -0.009552851 0.599814773 0.008221795 0.999841630 0.015779609 -1.410975814 0.009423972 -0.015856914 0.999829829 49.218132019
0.999935627 -0.007082578 -0.008860704 0.540803552 0.007225574 0.999842465 0.016211698 -1.439358234 0.008744488 -0.016274679 0.999829233 49.741241455
0.999939680 -0.006958431 -0.008511559 0.547326088 0.007096460 0.999842048 0.016295355 -1.446113467 0.008396826 -0.016354775 0.999830961 50.290157318
0.999922633 -0.008247259 -0.009321600 0.565610051 0.008398300 0.999832153 0.016282003 -1.456580639 0.009185755 -0.016359029 0.999823928 50.831462860
0.999934375 -0.007399410 -0.008747822 0.569633961 0.007542506 0.999836326 0.016439663 -1.456988215 0.008624744 -0.016504563 0.999826610 51.407875061
0.999927521 -0.007567522 -0.009362165 0.572544098 0.007721256 0.999834061 0.016495185 -1.472973824 0.009235784 -0.016566275 0.999820113 51.884487152
0.999930084 -0.007360008 -0.009251655 0.561671495 0.007514075 0.999831736 0.016730011 -1.479251385 0.009126968 -0.016798357 0.999817193 52.429458618
0.999928832 -0.007207590 -0.009504101 0.577382982 0.007361457 0.999840736 0.016255103 -1.481733322 0.009385428 -0.016323911 0.999822676 52.977439880
0.999932468 -0.007186266 -0.009133407 0.579367936 0.007335869 0.999837697 0.016453041 -1.491533995 0.009013689 -0.016518928 0.999822915 53.512523651
0.999929070 -0.007321252 -0.009402821 0.586509824 0.007474307 0.999838531 0.016346864 -1.498149872 0.009281624 -0.016415983 0.999822080 54.059459686
0.999935329 -0.006784411 -0.009130584 0.586426020 0.006933216 0.999842107 0.016365543 -1.509484291 0.009018108 -0.016427785 0.999824405 54.565059662
0.999946475 -0.006159046 -0.008311524 0.541425109 0.006296701 0.999841750 0.016638689 -1.516308069 0.008207731 -0.016690131 0.999827027 55.070777893
0.999938071 -0.006408249 -0.009099245 0.585581958 0.006561510 0.999835432 0.016914496 -1.545864463 0.008989354 -0.016973151 0.999815524 55.633651733
0.999930501 -0.007695073 -0.008931573 0.558202088 0.007851358 0.999814332 0.017596744 -1.569883466 0.008794506 -0.017665643 0.999805391 56.194087982
0.999934137 -0.007600871 -0.008593779 0.562862754 0.007749033 0.999819577 0.017340750 -1.571361542 0.008460423 -0.017406201 0.999812663 56.752010345
0.999933422 -0.007679738 -0.008619384 0.563488960 0.007829672 0.999816239 0.017498061 -1.580080390 0.008483420 -0.017564381 0.999809742 57.282421112
0.999932647 -0.007659023 -0.008716671 0.578529060 0.007812024 0.999813616 0.017656239 -1.593817592 0.008579816 -0.017723143 0.999806166 57.855369568
0.999927700 -0.008020229 -0.008957949 0.604793131 0.008173977 0.999817610 0.017260725 -1.602800012 0.008817880 -0.017332699 0.999810874 58.439350128
0.999925554 -0.008240332 -0.008993254 0.586314499 0.008400933 0.999803185 0.017968437 -1.606894135 0.008843416 -0.018042652 0.999798059 58.875839233
0.999913812 -0.008886043 -0.009666244 0.598638892 0.009059401 0.999796152 0.018040961 -1.608190894 0.009503960 -0.018126976 0.999790609 59.417301178
0.999916136 -0.008785849 -0.009517043 0.601426721 0.008955703 0.999798656 0.017954182 -1.618859172 0.009357383 -0.018037910 0.999793589 59.947784424
0.999915540 -0.009079140 -0.009304493 0.612563431 0.009247395 0.999791503 0.018202379 -1.626496911 0.009137291 -0.018286884 0.999791026 60.477378845
0.999919891 -0.008434059 -0.009441345 0.611586809 0.008606871 0.999793291 0.018414952 -1.631994605 0.009284081 -0.018494735 0.999785900 61.028781891
0.999917507 -0.008636264 -0.009508059 0.606243134 0.008815278 0.999781489 0.018949639 -1.653718114 0.009342329 -0.019031892 0.999775350 61.573818207
0.999913454 -0.008655932 -0.009908199 0.630471408 0.008851921 0.999762595 0.019910712 -1.670407772 0.009733499 -0.019996693 0.999752700 62.097511292
0.999918044 -0.008444273 -0.009620730 0.615777791 0.008630529 0.999772906 0.019485990 -1.666858315 0.009453999 -0.019567421 0.999763846 62.633403778
0.999914229 -0.008461498 -0.009989846 0.612432063 0.008657563 0.999767482 0.019749135 -1.677186131 0.009820417 -0.019833930 0.999755025 63.222267151
0.999926150 -0.007727894 -0.009373585 0.603852749 0.007915300 0.999766171 0.020123668 -1.695731521 0.009215878 -0.020196382 0.999753535 63.745956421
0.999922693 -0.008437611 -0.009135664 0.607485712 0.008622618 0.999754608 0.020404804 -1.709511399 0.008961253 -0.020482004 0.999750018 64.290870667
0.999925792 -0.007986597 -0.009196982 0.599305809 0.008171970 0.999760628 0.020297997 -1.726031065 0.009032668 -0.020371648 0.999751687 64.849296570
0.999914408 -0.008732727 -0.009739796 0.627872944 0.008926943 0.999758601 0.020078441 -1.729442000 0.009562103 -0.020163670 0.999750972 65.425765991
0.999923289 -0.008239443 -0.009251433 0.618605435 0.008422278 0.999766469 0.019900855 -1.727738857 0.009085302 -0.019977249 0.999759078 65.970710754
0.999916077 -0.008643498 -0.009644080 0.621164262 0.008842455 0.999744952 0.020781904 -1.757979989 0.009461991 -0.020865444 0.999737501 66.373176575
0.999923825 -0.008337634 -0.009105115 0.630802155 0.008529993 0.999736845 0.021296183 -1.773290396 0.008925158 -0.021372229 0.999731719 66.904487610
0.999929607 -0.008100912 -0.008676934 0.623181403 0.008280521 0.999747932 0.020867756 -1.764372230 0.008505697 -0.020938136 0.999744654 67.468498230
0.999930799 -0.008131828 -0.008499161 0.634075463 0.008312766 0.999734938 0.021475080 -1.770135045 0.008322273 -0.021544250 0.999733269 68.004829407
0.999917626 -0.008424334 -0.009685011 0.659756720 0.008635496 0.999721289 0.021971883 -1.803067684 0.009497211 -0.022053707 0.999711692 68.523674011
0.999914348 -0.008976723 -0.009527139 0.661712229 0.009188039 0.999707401 0.022373442 -1.811157346 0.009323514 -0.022459064 0.999704301 69.073524475
0.999909580 -0.009448200 -0.009565761 0.671263456 0.009658470 0.999707341 0.022179490 -1.810876250 0.009353406 -0.022269877 0.999708295 69.634986877
0.999932826 -0.007361717 -0.008960381 0.672700465 0.007555505 0.999733984 0.021788914 -1.801249266 0.008797594 -0.021855146 0.999722421 70.167381287
0.999928534 -0.007514620 -0.009299358 0.660424471 0.007722392 0.999716878 0.022512242 -1.845559835 0.009127552 -0.022582449 0.999703288 70.683906555
0.999934316 -0.007298860 -0.008837461 0.657249212 0.007493978 0.999724388 0.022250500 -1.852613091 0.008672624 -0.022315266 0.999713361 71.239463806
0.999955118 -0.005124443 -0.007971786 0.714901268 0.005313033 0.999702215 0.023818767 -1.894590616 0.007847355 -0.023860056 0.999684453 71.687149048
0.999947727 -0.005890281 -0.008347562 0.694151580 0.006079506 0.999720991 0.022827191 -1.869476199 0.008210773 -0.022876751 0.999704540 72.295516968
0.999920726 -0.008003971 -0.009721164 0.718692482 0.008224590 0.999704599 0.022871105 -1.877521634 0.009535233 -0.022949241 0.999691069 72.746330261
0.999924839 -0.007685873 -0.009552320 0.728370845 0.007902764 0.999707043 0.022879193 -1.882191539 0.009373674 -0.022952959 0.999692500 73.290191650
0.999944091 -0.006246644 -0.008537259 0.721588790 0.006437759 0.999725103 0.022544896 -1.884617567 0.008394082 -0.022598594 0.999709308 73.840278625
0.999944985 -0.005945435 -0.008642348 0.732602835 0.006143010 0.999716163 0.023017451 -1.887106419 0.008503048 -0.023069274 0.999697685 74.381256104
0.999929011 -0.007714400 -0.009081739 0.718971729 0.007923326 0.999699533 0.023198314 -1.900863767 0.008900050 -0.023268623 0.999689639 74.995544434
0.999930859 -0.007589933 -0.008993256 0.728868663 0.007800010 0.999692023 0.023559058 -1.920058250 0.008811676 -0.023627575 0.999682009 75.373161316
0.999919474 -0.008142409 -0.009732849 0.739586532 0.008372230 0.999681413 0.023810169 -1.925029039 0.009535877 -0.023889741 0.999669135 75.908638000
0.999927819 -0.007687697 -0.009236006 0.754732490 0.007910788 0.999671817 0.024365807 -1.936485648 0.009045659 -0.024437116 0.999660432 76.425262451
0.999930620 -0.007559689 -0.009036563 0.744792938 0.007771355 0.999690771 0.023622349 -1.927922845 0.008855193 -0.023690941 0.999680102 77.013839722
0.999925733 -0.008130587 -0.009072711 0.758045495 0.008344754 0.999681354 0.023822878 -1.941688418 0.008876127 -0.023896825 0.999675035 77.510063171
0.999922872 -0.008215664 -0.009312752 0.746858656 0.008435789 0.999680102 0.023849444 -1.935422778 0.009113833 -0.023926167 0.999672115 78.006927490
0.999915600 -0.008435450 -0.009876811 0.760971069 0.008665160 0.999687433 0.023450293 -1.938445330 0.009675910 -0.023533897 0.999676168 78.560401917
0.999918759 -0.008559211 -0.009442852 0.757856846 0.008778811 0.999686182 0.023464544 -1.930985093 0.009239051 -0.023545533 0.999680102 79.061759949
0.999900460 -0.009544633 -0.010390765 0.794725001 0.009789588 0.999669194 0.023784319 -1.939847469 0.010160314 -0.023883674 0.999663174 79.628387451
0.999940932 -0.006723882 -0.008533673 0.741298437 0.006922508 0.999700725 0.023463488 -1.939782619 0.008373352 -0.023521174 0.999688208 80.169578552
0.999945819 -0.006758487 -0.007909756 0.773717284 0.006943846 0.999696255 0.023646221 -1.955188513 0.007747540 -0.023699867 0.999689043 80.679832458
0.999959290 -0.006958403 -0.005746695 0.765660167 0.007091934 0.999697387 0.023552261 -1.964369178 0.005581070 -0.023592057 0.999706030 81.224731445
0.999961078 -0.007151827 -0.005161673 0.790053964 0.007270659 0.999700129 0.023382924 -1.967374086 0.004992895 -0.023419544 0.999713302 81.801017761
0.999966979 -0.006968558 -0.004177573 0.786775231 0.007063071 0.999709249 0.023053046 -1.943217278 0.004015712 -0.023081789 0.999725521 82.323715210
0.999977469 -0.006617878 -0.001135849 0.824163973 0.006643527 0.999682665 0.024298353 -1.989097118 0.000974685 -0.024305353 0.999704063 82.777267456
0.999973595 -0.006934062 0.002191562 0.848069668 0.006877411 0.999666810 0.024878561 -1.998817921 -0.002363341 -0.024862831 0.999688089 83.332756042
0.999965250 -0.006208548 0.005555475 0.869133472 0.006072523 0.999689281 0.024175674 -1.988054514 -0.005703845 -0.024141099 0.999692261 83.867134094
0.999937236 -0.006522253 0.009101893 0.900750995 0.006300596 0.999687910 0.024172662 -1.976804733 -0.009256712 -0.024113795 0.999666333 84.386459351
0.999868870 -0.005432260 0.015253641 0.934224069 0.005046687 0.999669552 0.025203137 -2.017522573 -0.015385509 -0.025122851 0.999566019 84.882904053
0.999753654 -0.005778507 0.021429665 0.964413166 0.005238212 0.999669075 0.025183434 -2.035888910 -0.021568103 -0.025064975 0.999453127 85.390228271
0.999573171 -0.004581762 0.028849734 0.884558201 0.003857340 0.999677122 0.025115943 -2.027333975 -0.028955497 -0.024993941 0.999268174 86.130409241
0.999306262 -0.005113653 0.036889460 0.927258968 0.004206872 0.999688148 0.024616938 -2.019181967 -0.037003841 -0.024444673 0.999016106 86.689064026
0.998932004 -0.004776257 0.045956813 0.967056036 0.003639259 0.999686003 0.024792513 -2.027252436 -0.046060801 -0.024598783 0.998635769 87.219253540
0.998606741 -0.004631105 0.052564405 1.012090683 0.003319156 0.999681473 0.025018776 -2.028996944 -0.052663527 -0.024809452 0.998304069 87.766494751
0.998105586 -0.004922891 0.061327159 1.053586006 0.003441827 0.999700427 0.024232481 -2.019737244 -0.061428078 -0.023975495 0.997823477 88.372711182
0.997450352 -0.006746596 0.071044587 1.116615772 0.005022257 0.999689102 0.024421951 -2.025074959 -0.071187265 -0.024002884 0.997174144 88.939956665
0.996796072 -0.006230301 0.079742819 1.205211639 0.004256624 0.999680877 0.024896642 -2.052322626 -0.079872504 -0.024477439 0.996504486 89.427360535
0.996107996 -0.005329984 0.087980978 1.332832813 0.003227530 0.999706268 0.024021670 -2.011353731 -0.088083163 -0.023644214 0.995832562 89.926277161
0.995056748 -0.004583377 0.099201269 1.293239594 0.002076373 0.999676228 0.025360396 -2.045130968 -0.099285364 -0.025029058 0.994744182 90.620590210
0.993983388 -0.005505730 0.109391794 1.381284714 0.002756318 0.999676764 0.025268963 -2.045445681 -0.109495550 -0.024815414 0.993677497 91.159957886
0.992770255 -0.004294003 0.119953312 1.453222275 0.001273045 0.999680400 0.025249735 -2.048564911 -0.120023400 -0.024914483 0.992458344 91.716445923
0.991479754 -0.004503020 0.130182534 1.556659698 0.001166318 0.999669194 0.025695836 -2.047425032 -0.130255178 -0.025325071 0.991157115 92.268653870
0.989665210 -0.003530168 0.143353462 1.634725571 -0.000169078 0.999667525 0.025784682 -2.052397251 -0.143396825 -0.025542445 0.989335597 92.867263794
0.987903118 -0.002689382 0.155048922 1.715655327 -0.001345115 0.999663293 0.025910018 -2.044790268 -0.155066386 -0.025805147 0.987567008 93.380401611
0.986439049 -0.004004559 0.164079070 1.801651955 -0.000373861 0.999644935 0.026645239 -2.084751844 -0.164127499 -0.026345253 0.986087322 93.898200989
0.984312654 -0.004064749 0.176386118 1.855195999 -0.000539917 0.999660492 0.026049767 -2.028585911 -0.176432118 -0.025736352 0.983976305 94.401374817
0.982025325 -0.003954136 0.188707411 1.988907814 -0.000961432 0.999662757 0.025949970 -2.032553911 -0.188746408 -0.025664963 0.981690407 94.945075989
0.979780853 -0.002855827 0.200053185 2.102508545 -0.002523437 0.999642193 0.026629020 -2.039891243 -0.200057670 -0.026595425 0.979423106 95.485244751
0.977286160 -0.004102333 0.211884022 2.283800125 -0.001643844 0.999635816 0.026936177 -2.068463326 -0.211917356 -0.026672654 0.976923525 95.961898804
0.974005103 -0.003795804 0.226494238 2.395370483 -0.002479348 0.999621093 0.027414659 -2.064936399 -0.226512492 -0.027263576 0.973626614 96.481826782
0.971274137 -0.004882906 0.237913251 2.548387527 -0.001288373 0.999666929 0.025776798 -2.052525520 -0.237959892 -0.025342857 0.970944345 97.031860352
0.967771590 -0.002969322 0.251812041 2.623182297 -0.003650591 0.999660015 0.025817871 -1.945207834 -0.251803100 -0.025905069 0.967431724 97.625091553
0.964173436 -0.003008473 0.265255511 2.802974701 -0.003773635 0.999678969 0.025054887 -1.939985514 -0.265245706 -0.025158232 0.963852584 98.148185730
0.960327446 -0.002753420 0.278860986 2.970106125 -0.004356465 0.999681234 0.024873232 -1.932838440 -0.278840601 -0.025101295 0.960009396 98.680427551
0.957018971 -0.003524262 0.290004194 3.166517258 -0.003923983 0.999677241 0.025097743 -1.939274788 -0.289999008 -0.025156982 0.956696212 99.229240417
0.953317344 -0.005600118 0.301918209 3.379203796 -0.001978565 0.999690771 0.024790119 -1.946364880 -0.301963657 -0.024230212 0.953011453 99.729598999
0.948196411 -0.002294930 0.317676544 3.560029984 -0.006211953 0.999648809 0.025762916 -1.953460693 -0.317624152 -0.026401697 0.947849095 100.245788574
0.944302440 -0.004778862 0.329043984 3.702274323 -0.003951289 0.999657810 0.025858058 -1.946918964 -0.329054981 -0.025717979 0.943960428 100.767623901
0.939764142 -0.004160020 0.341798127 3.918266296 -0.005024756 0.999649763 0.025982143 -1.955900669 -0.341786504 -0.026134539 0.939414144 101.285804749
0.934359550 -0.003649825 0.356312990 4.131099701 -0.005855829 0.999655247 0.025595516 -1.948082209 -0.356283605 -0.026001919 0.934015930 101.818656921
0.929910421 -0.005856345 0.367739260 4.372943878 -0.003777809 0.999668360 0.025473015 -1.953204870 -0.367766470 -0.025076874 0.929579973 102.337501526
0.925278068 -0.005657129 0.379247159 4.614971161 -0.004072714 0.999682963 0.024848517 -1.945056438 -0.379267424 -0.024536356 0.924961686 102.848190308
0.919427395 -0.005033708 0.393227577 4.895812988 -0.005612106 0.999648333 0.025918471 -1.979995966 -0.393219829 -0.026036985 0.919075787 103.447021484
0.913709342 -0.004200672 0.406346619 5.140365601 -0.006721820 0.999653578 0.025448732 -1.983035564 -0.406312764 -0.025984135 0.913364530 103.941566467
0.908914089 -0.005864412 0.416942179 5.390224457 -0.005170843 0.999665797 0.025332775 -1.982882261 -0.416951358 -0.025181260 0.908580005 104.416488647
0.903414011 -0.006260026 0.428723484 5.643024445 -0.005279791 0.999655187 0.025722178 -1.986874819 -0.428736776 -0.025501346 0.903069496 104.908309937
0.896757841 -0.006611004 0.442472190 5.881664276 -0.005412972 0.999649763 0.025906289 -2.027009726 -0.442488492 -0.025626758 0.896407902 105.318664551
0.890600383 -0.006236763 0.454744160 6.153759003 -0.005766915 0.999670744 0.025004668 -1.982766867 -0.454750359 -0.024891637 0.890271068 105.902618408
0.884591401 -0.007751039 0.466302723 6.408588409 -0.004855053 0.999654651 0.025826780 -1.972286463 -0.466341913 -0.025110072 0.884248137 106.421844482
0.877234995 -0.007728795 0.479999155 6.695522308 -0.005128378 0.999662459 0.025468748 -1.976842165 -0.480033964 -0.024803692 0.876899183 106.899597168
0.870606542 -0.008785980 0.491901547 6.999313354 -0.004530745 0.999655008 0.025873968 -1.991709709 -0.491959095 -0.024754725 0.870266318 107.353652954
