1.000000000 0.000000000 0.000000000 0.000000000 0.000000000 1.000000000 0.000000000 0.000000000 0.000000000 0.000000000 1.000000000 0.000000000
1.000000000 0.000020233 0.000131406 -0.000522733 -0.000020241 1.000000000 0.000059541 -0.000322427 -0.000131405 -0.000059543 1.000000000 -0.000161466
1.000000000 0.000086769 0.000165319 -0.001466597 -0.000086787 1.000000000 0.000111056 0.000690710 -0.000165310 -0.000111070 1.000000000 0.002121410
1.000000000 0.000194226 -0.000009683 0.000318582 -0.000194224 0.999999940 0.000153545 -0.001049468 0.000009713 -0.000153543 1.000000000 -0.000324718
0.999999940 0.000221234 0.000122907 -0.001044173 -0.000221245 1.000000000 0.000089363 -0.000173071 -0.000122887 -0.000089390 1.000000000 0.000351094
1.000000000 0.000033427 0.000022974 -0.000556391 -0.000033428 1.000000000 0.000064577 -0.000170159 -0.000022972 -0.000064578 1.000000000 -0.000569214
1.000000000 -0.000030592 0.000122622 -0.001484996 0.000030604 1.000000000 -0.000098892 0.001909612 -0.000122619 0.000098896 1.000000000 0.003757752
1.000000000 -0.000030866 0.000172069 -0.000943910 0.000030860 1.000000000 0.000037721 0.001198941 -0.000172070 -0.000037716 1.000000000 0.003615569
1.000000000 0.000007531 0.000135682 -0.001218586 -0.000007532 1.000000000 0.000007362 0.000893895 -0.000135682 -0.000007363 1.000000000 0.002568195
1.000000000 -0.000023653 0.000181681 -0.000541593 0.000023653 1.000000000 0.000000471 0.000488705 -0.000181681 -0.000000467 1.000000000 0.000662767
1.000000000 -0.000035660 0.000230192 -0.001092128 0.000035660 1.000000000 -0.000000910 0.001545785 -0.000230192 0.000000919 1.000000000 0.002787500
1.000000000 -0.000010667 0.000087911 -0.000312657 0.000010660 1.000000000 0.000082015 -0.000087866 -0.000087912 -0.000082014 1.000000000 0.000725718
1.000000000 0.000003925 0.000164895 -0.001379440 -0.000003923 1.000000000 -0.000013583 0.001910702 -0.000164895 0.000013582 1.000000000 0.004432848
0.999999940 -0.000054640 0.000273212 -0.002304049 0.000054598 1.000000000 0.000152827 0.001073607 -0.000273220 -0.000152812 0.999999940 0.003973783
1.000000000 -0.000032321 0.000160616 -0.001770532 0.000032306 1.000000000 0.000087749 0.001026523 -0.000160619 -0.000087743 1.000000000 0.003473073
1.000000000 0.000095728 0.000087680 -0.001380788 -0.000095737 1.000000000 0.000101129 0.000076111 -0.000087670 -0.000101137 1.000000000 0.002134786
1.000000000 0.000028840 0.000153431 -0.001133558 -0.000028863 1.000000000 0.000148784 -0.000857506 -0.000153427 -0.000148788 1.000000000 0.000187761
0.999999940 0.000095430 0.000318400 -0.001510086 -0.000095466 1.000000000 0.000113152 -0.000044060 -0.000318389 -0.000113182 0.999999940 0.001033063
0.999999940 0.000121677 0.000278869 -0.003062509 -0.000121707 1.000000000 0.000108385 0.000467905 -0.000278855 -0.000108419 0.999999940 0.003160120
1.000000000 0.000154967 0.000175510 -0.001994801 -0.000154991 1.000000000 0.000137508 0.000571000 -0.000175488 -0.000137536 1.000000000 0.003485979
0.999999881 0.000335032 0.000322707 -0.003208614 -0.000335092 0.999999940 0.000187295 0.000635784 -0.000322644 -0.000187403 0.999999940 0.004099441
0.999999881 0.000396747 0.000321122 -0.003400459 -0.000396756 0.999999940 0.000025582 0.001291423 -0.000321112 -0.000025709 0.999999940 0.003837866
0.999999940 0.000098116 0.000234235 -0.001729713 -0.000098154 1.000000000 0.000162757 -0.000595169 -0.000234219 -0.000162780 0.999999940 0.000359486
0.999999940 0.000161782 0.000340095 -0.001821278 -0.000161840 1.000000000 0.000171475 -0.000590884 -0.000340068 -0.000171530 0.999999940 0.001631303
0.999999940 0.000046196 0.000284015 -0.002559225 -0.000046204 1.000000000 0.000028126 0.001016900 -0.000284014 -0.000028139 0.999999940 0.001735208
1.000000000 0.000041221 0.000161556 -0.000333687 -0.000041226 1.000000000 0.000032739 0.000903424 -0.000161555 -0.000032746 1.000000000 0.001408399
0.999999940 -0.000024082 0.000258972 -0.001837776 0.000024043 1.000000000 0.000149762 -0.000032792 -0.000258976 -0.000149756 0.999999940 0.001428643
0.999999940 0.000098781 0.000267115 -0.000783789 -0.000098804 1.000000000 0.000084797 -0.000019090 -0.000267106 -0.000084823 0.999999940 -0.000044378
0.999999881 0.000284001 0.000374356 -0.003931218 -0.000283971 0.999999940 -0.000079470 0.002439520 -0.000374378 0.000079364 0.999999940 0.004019743
0.999999940 0.000064726 0.000278744 -0.003572382 -0.000064727 1.000000000 0.000004969 0.002358985 -0.000278743 -0.000004987 0.999999940 0.004868496
0.999999940 0.000139049 0.000353634 -0.003036143 -0.000139080 1.000000000 0.000089492 0.001024036 -0.000353621 -0.000089541 0.999999940 0.003320145
1.000000000 -0.000078245 0.000228362 -0.001207409 0.000078222 1.000000000 0.000099588 0.000368614 -0.000228370 -0.000099571 0.999999940 0.001253721
0.999999940 0.000141275 0.000356829 -0.003520219 -0.000141266 1.000000000 -0.000024191 0.001830594 -0.000356832 0.000024140 0.999999940 0.003440877
0.999999881 0.000177431 0.000415414 -0.002976855 -0.000177418 1.000000000 -0.000031977 0.001349119 -0.000415420 0.000031903 0.999999940 0.002537508
0.999999940 0.000156982 0.000260063 -0.000970081 -0.000157006 1.000000000 0.000093604 -0.000149580 -0.000260048 -0.000093645 0.999999940 0.000227633
0.999999940 0.000138550 0.000256703 -0.002468276 -0.000138525 1.000000000 -0.000095243 0.003659273 -0.000256716 0.000095207 0.999999940 0.006352775
0.999999940 0.000145099 0.000304860 -0.003297377 -0.000145070 1.000000000 -0.000095483 0.004539766 -0.000304874 0.000095439 0.999999940 0.007191318
0.999999940 -0.000062486 0.000272022 -0.001318095 0.000062471 1.000000000 0.000057576 0.001243347 -0.000272026 -0.000057559 0.999999940 0.002808139
0.999999940 0.000196221 0.000315147 -0.002128185 -0.000196267 0.999999940 0.000145210 0.000955086 -0.000315119 -0.000145272 0.999999940 0.002911128
0.999999940 -0.000064844 0.000253016 -0.001791843 0.000064832 1.000000000 0.000045464 0.001563310 -0.000253019 -0.000045447 0.999999940 0.003171555
0.999999881 0.000009677 0.000454793 -0.002898899 -0.000009686 1.000000000 0.000018763 0.001484715 -0.000454793 -0.000018767 0.999999881 0.004945581
0.999999940 -0.000229626 0.000246893 -0.000197218 0.000229812 0.999999702 -0.000754826 0.000991275 -0.000246720 0.000754883 0.999999702 0.055027146
0.999999940 0.000200609 0.000355694 -0.001329378 -0.000200218 0.999999404 -0.001098726 -0.005809484 -0.000355914 0.001098655 0.999999344 0.133237123
1.000000000 0.000069666 0.000087771 0.003122394 -0.000069512 0.999998450 -0.001754116 -0.002237354 -0.000087893 0.001754110 0.999998450 0.256835967
1.000000000 0.000038727 0.000098570 0.004846019 -0.000038608 0.999999285 -0.001214071 -0.011461144 -0.000098617 0.001214067 0.999999285 0.387120962
0.999999940 0.000190548 0.000174328 0.008482993 -0.000190394 0.999999583 -0.000884699 -0.017751921 -0.000174497 0.000884665 0.999999583 0.525093019
0.999999940 0.000306052 0.000132195 0.012936368 -0.000305942 0.999999583 -0.000832024 -0.025515823 -0.000132449 0.000831984 0.999999642 0.669408143
0.999999762 0.000491563 0.000437630 0.015715849 -0.000491170 0.999999464 -0.000898149 -0.024065811 -0.000438072 0.000897934 0.999999523 0.842656791
0.999999881 0.000473061 0.000132449 0.017904950 -0.000472991 0.999999762 -0.000532698 -0.028791934 -0.000132701 0.000532635 0.999999821 1.015926361
1.000000000 0.000070289 0.000016934 0.022289541 -0.000070284 0.999999940 -0.000301516 -0.034185212 -0.000016955 0.000301514 0.999999940 1.192293406
0.999999881 0.000301519 0.000356335 0.017733552 -0.000301300 0.999999762 -0.000613198 -0.035270799 -0.000356520 0.000613091 0.999999762 1.371785760
1.000000000 -0.000041655 0.000024562 0.036555640 0.000041656 1.000000000 -0.000029094 -0.050531954 -0.000024560 0.000029095 1.000000000 1.569758654
0.999999821 0.000426691 0.000416897 0.036502607 -0.000426598 0.999999881 -0.000222199 -0.051440764 -0.000416992 0.000222021 0.999999881 1.762076139
0.999999940 0.000317616 0.000054651 0.037788309 -0.000317592 0.999999821 -0.000446117 -0.051608376 -0.000054793 0.000446099 0.999999881 1.959828258
0.999999762 0.000392314 0.000544572 0.037177756 -0.000392206 0.999999881 -0.000197721 -0.061078228 -0.000544650 0.000197507 0.999999821 2.164940119
0.999999881 0.000189825 0.000203961 0.046316598 -0.000189342 0.999997139 -0.002361330 -0.046830021 -0.000204409 0.002361291 0.999997199 2.396066189
1.000000000 0.000339331 0.000022057 0.058092810 -0.000339285 0.999997854 -0.002078733 -0.056939460 -0.000022763 0.002078726 0.999997854 2.609498978
0.999999702 0.000759908 0.000066994 0.059110545 -0.000759765 0.999997497 -0.002105346 -0.064426675 -0.000068594 0.002105295 0.999997795 2.836008310
0.999999702 0.000607424 -0.000283241 0.069018528 -0.000607900 0.999998331 -0.001683558 -0.073746793 0.000282218 0.001683730 0.999998510 3.070526838
0.999999940 0.000268124 -0.000225357 0.069407754 -0.000268637 0.999997318 -0.002279863 -0.073936358 0.000224745 0.002279923 0.999997377 3.309545517
0.999999940 0.000368517 0.000114760 0.074424453 -0.000368272 0.999997675 -0.002129952 -0.083505832 -0.000115545 0.002129910 0.999997675 3.552933216
0.999999940 0.000151712 -0.000105421 0.082014784 -0.000151947 0.999997497 -0.002234804 -0.089687921 0.000105082 0.002234820 0.999997556 3.808896065
0.999999940 0.000226465 0.000020641 0.086831138 -0.000226415 0.999997139 -0.002380361 -0.095427155 -0.000021180 0.002380356 0.999997199 4.072283745
1.000000000 0.000226409 -0.000161131 0.096318819 -0.000226690 0.999998450 -0.001747360 -0.110156305 0.000160735 0.001747396 0.999998450 4.314200401
0.999999940 0.000354405 -0.000001615 0.092822090 -0.000354408 0.999997437 -0.002224743 -0.109343827 0.000000827 0.002224744 0.999997497 4.573053360
0.999999940 0.000349550 0.000053266 0.100474231 -0.000349451 0.999998212 -0.001855471 -0.118224345 -0.000053914 0.001855452 0.999998271 4.830548763
1.000000000 0.000061603 0.000079637 0.102920853 -0.000061441 0.999997914 -0.002038933 -0.123324417 -0.000079762 0.002038928 0.999997914 5.100542068
1.000000000 0.000053457 0.000118689 0.107877143 -0.000053215 0.999997914 -0.002031271 -0.131566077 -0.000118797 0.002031265 0.999997854 5.356218815
0.999999285 0.000982215 0.000581390 0.109298438 -0.000980866 0.999996841 -0.002315103 -0.140297621 -0.000583663 0.002314531 0.999997139 5.625855446
0.999999106 0.001126986 0.000619493 0.111801453 -0.001125753 0.999997437 -0.001988161 -0.148800924 -0.000621732 0.001987462 0.999997854 5.895348072
0.999999464 0.000871302 0.000603503 0.121440575 -0.000870101 0.999997675 -0.001988332 -0.157813817 -0.000605234 0.001987805 0.999997735 6.174174309
0.999998569 0.001661254 0.000385074 0.125503957 -0.001660493 0.999996662 -0.001968887 -0.168372914 -0.000388344 0.001968245 0.999997914 6.449721336
0.999999225 0.000988691 0.000645230 0.129379928 -0.000987323 0.999997258 -0.002116104 -0.179661080 -0.000647321 0.002115465 0.999997556 6.721055508
0.999998927 0.001233101 0.000738024 0.133811250 -0.001231401 0.999996543 -0.002299468 -0.186297357 -0.000740857 0.002298557 0.999997079 7.022228241
0.999998927 0.001263939 0.000672524 0.142593995 -0.001262464 0.999996722 -0.002189300 -0.195680395 -0.000675289 0.002188449 0.999997318 7.316275120
0.999998510 0.001174998 0.001308690 0.140017152 -0.001171459 0.999995649 -0.002701126 -0.199366421 -0.001311858 0.002699588 0.999995470 7.630191803
0.999998629 0.001257590 0.001114391 0.153005794 -0.001255167 0.999996841 -0.002173133 -0.212531433 -0.001117120 0.002171731 0.999996960 7.922610760
0.999998748 0.001315840 0.000813334 0.163768515 -0.001314340 0.999997437 -0.001841875 -0.230834186 -0.000815755 0.001840804 0.999997914 8.248268127
0.999998748 0.001255171 0.000903364 0.173599973 -0.001253238 0.999996901 -0.002136938 -0.240496755 -0.000906043 0.002135803 0.999997318 8.572882652
0.999998033 0.001317204 0.001454326 0.169482306 -0.001313467 0.999995887 -0.002567462 -0.242799804 -0.001457702 0.002565547 0.999995649 8.922745705
0.999997973 0.001396817 0.001449038 0.176240236 -0.001393309 0.999996066 -0.002419146 -0.256211609 -0.001452412 0.002417122 0.999996006 9.250941277
0.999997795 0.001371337 0.001636404 0.178473875 -0.001368014 0.999997139 -0.002029746 -0.264688015 -0.001639183 0.002027503 0.999996603 9.590338707
0.999998569 0.000940734 0.001424631 0.184256688 -0.000938655 0.999998450 -0.001459316 -0.287749529 -0.001426002 0.001457977 0.999997914 9.930515289
0.999998391 0.001018590 0.001493490 0.194323167 -0.001016782 0.999998748 -0.001210924 -0.300261825 -0.001494722 0.001209403 0.999998152 10.284976959
0.999997675 0.001096506 0.001854420 0.198079214 -0.001094041 0.999998510 -0.001329733 -0.311092526 -0.001855875 0.001327701 0.999997377 10.638695717
0.999997139 0.000982320 0.002172652 0.206007421 -0.000978974 0.999998271 -0.001540507 -0.318793297 -0.002174162 0.001538376 0.999996424 11.008778572
0.999996126 0.000957301 0.002611115 0.207844526 -0.000952262 0.999997735 -0.001930473 -0.325766116 -0.002612958 0.001927979 0.999994695 11.389913559
0.999997497 0.000811451 0.002086993 0.219389811 -0.000809194 0.999999106 -0.001081871 -0.345304847 -0.002087869 0.001080179 0.999997199 11.760956764
0.999996960 0.001316859 0.002085269 0.227755338 -0.001314258 0.999998391 -0.001248142 -0.358310223 -0.002086909 0.001245398 0.999997020 12.147385597
0.999996960 0.001153225 0.002170523 0.237794429 -0.001149729 0.999998033 -0.001611302 -0.366599202 -0.002172377 0.001608802 0.999996364 12.535399437
0.999996781 0.001215155 0.002220290 0.245950073 -0.001212536 0.999998569 -0.001180606 -0.379241735 -0.002221721 0.001177910 0.999996901 12.934329033
0.999996662 0.001348354 0.002247272 0.254297227 -0.001345571 0.999998331 -0.001239581 -0.393382400 -0.002248940 0.001236553 0.999996662 13.328023911
0.999995351 0.001455783 0.002710214 0.260478377 -0.001453401 0.999998569 -0.000880833 -0.402915806 -0.002711493 0.000876890 0.999995947 13.748120308
0.999995351 0.001341867 0.002780684 0.269712120 -0.001338186 0.999998212 -0.001325185 -0.412723035 -0.002782458 0.001321458 0.999995172 14.152100563
0.999994874 0.001488164 0.002821324 0.281778485 -0.001484773 0.999998152 -0.001203425 -0.425565541 -0.002823110 0.001199230 0.999995232 14.578170776
0.999994755 0.001131054 0.003048348 0.292336285 -0.001128490 0.999998987 -0.000842619 -0.439501613 -0.003049297 0.000839174 0.999994934 15.002281189
0.999995589 0.001000558 0.002831941 0.308416903 -0.000997202 0.999998808 -0.001186217 -0.453908592 -0.002833124 0.001183387 0.999995291 15.433817863
0.999994099 0.000941808 0.003297261 0.316984355 -0.000937792 0.999998808 -0.001219464 -0.466738820 -0.003298406 0.001216364 0.999993801 15.874766350
0.999994040 0.001067298 0.003264704 0.329728454 -0.001064413 0.999998987 -0.000885369 -0.480525911 -0.003265646 0.000881888 0.999994278 16.319000244
0.999992311 0.000990562 0.003780389 0.337940663 -0.000986203 0.999998808 -0.001154900 -0.492834628 -0.003781530 0.001151163 0.999992192 16.764225006
0.999991298 0.001063610 0.004038312 0.350440085 -0.001060601 0.999999166 -0.000747270 -0.511164606 -0.004039105 0.000742980 0.999991655 17.218399048
0.999990582 0.001167418 0.004174492 0.359976977 -0.001164970 0.999999106 -0.000588810 -0.521714568 -0.004175175 0.000583941 0.999991059 17.679471970
0.999989390 0.001382418 0.004402527 0.369733483 -0.001378880 0.999998689 -0.000806715 -0.533405960 -0.004403637 0.000800636 0.999989986 18.153530121
0.999988437 0.001202248 0.004651327 0.386610299 -0.001198638 0.999998927 -0.000778847 -0.543243289 -0.004652259 0.000773263 0.999988914 18.621252060
0.999986053 0.001574184 0.005035709 0.395946383 -0.001567830 0.999997973 -0.001265473 -0.557220042 -0.005037689 0.001257561 0.999986470 19.088226318
0.999986649 0.001710676 0.004867867 0.414099991 -0.001705314 0.999997914 -0.001105472 -0.571184337 -0.004869747 0.001097157 0.999987543 19.563917160
0.999985158 0.001606333 0.005200427 0.419894665 -0.001602999 0.999998450 -0.000645188 -0.583782136 -0.005201454 0.000636842 0.999986231 20.039892197
0.999986649 0.001409908 0.004963902 0.428903520 -0.001405217 0.999998569 -0.000948297 -0.603667498 -0.004965233 0.000941309 0.999987245 20.541728973
0.999987006 0.001276919 0.004933834 0.438265800 -0.001270973 0.999998510 -0.001207997 -0.611802101 -0.004935368 0.001201711 0.999987125 21.044691086
0.999988377 0.001041669 0.004710596 0.448585510 -0.001035525 0.999998629 -0.001306553 -0.621007085 -0.004711950 0.001301660 0.999988019 21.549901962
0.999989927 0.001554132 0.004214229 0.452748239 -0.001550563 0.999998450 -0.000849980 -0.646948218 -0.004215543 0.000843437 0.999990761 22.048263550
0.999992192 0.001545839 0.003630761 0.469283283 -0.001543275 0.999998569 -0.000708727 -0.660324991 -0.003631851 0.000703119 0.999993205 22.559484482
0.999991655 0.002143797 0.003456910 0.473980963 -0.002140490 0.999997258 -0.000960008 -0.676162601 -0.003458959 0.000952601 0.999993563 23.076536179
0.999995470 0.001671358 0.002489271 0.485699713 -0.001667842 0.999997556 -0.001414123 -0.689636409 -0.002491630 0.001409965 0.999995887 23.607494354
0.999996483 0.001412490 0.002253336 0.494779676 -0.001409542 0.999998093 -0.001309289 -0.708912134 -0.002255182 0.001306109 0.999996603 24.126081467
0.999997973 0.001462670 0.001424838 0.507399797 -0.001461171 0.999998450 -0.001052881 -0.723755598 -0.001426376 0.001050798 0.999998391 24.658758163
0.999996424 0.002547697 0.000805993 0.520861804 -0.002546907 0.999996305 -0.000978056 -0.739242136 -0.000808483 0.000976000 0.999999225 25.200454712
0.999996841 0.002426060 0.000666470 0.527424157 -0.002425238 0.999996305 -0.001231923 -0.750291765 -0.000669456 0.001230303 0.999999046 25.742748260
0.999997795 0.002086238 -0.000178761 0.544255257 -0.002086410 0.999997377 -0.000971248 -0.770631731 0.000176734 0.000971619 0.999999523 26.306226730
0.999998271 0.001674023 -0.000811825 0.549183667 -0.001674174 0.999998510 -0.000185205 -0.788502872 0.000811514 0.000186564 0.999999642 26.842678070
0.999998391 0.001452193 -0.001004412 0.559591532 -0.001452316 0.999998808 -0.000121081 -0.809592366 0.001004235 0.000122539 0.999999523 27.390253067
0.999994516 0.003176292 -0.000937252 0.563598096 -0.003177023 0.999994695 -0.000780019 -0.822210431 0.000934768 0.000782993 0.999999225 27.952241898
0.999995112 0.002723148 -0.001524254 0.580473065 -0.002722978 0.999996245 0.000114296 -0.843329847 0.001524559 -0.000110144 0.999998808 28.476305008
0.999996245 0.002305451 -0.001497017 0.586359680 -0.002305236 0.999997377 0.000145499 -0.855504215 0.001497349 -0.000142047 0.999998868 29.021368027
0.999993920 0.002767443 -0.002120635 0.597983718 -0.002767319 0.999996185 0.000061250 -0.873808682 0.002120797 -0.000055381 0.999997735 29.582481384
0.999992788 0.002824810 -0.002546326 0.603095353 -0.002824318 0.999996126 0.000196671 -0.886909723 0.002546872 -0.000189479 0.999996722 30.129211426
0.999992728 0.002782700 -0.002621218 0.616861582 -0.002781959 0.999996126 0.000286365 -0.907972634 0.002622004 -0.000279071 0.999996543 30.665054321
0.999990284 0.003001360 -0.003221281 0.624414206 -0.003000593 0.999995410 0.000243120 -0.922196925 0.003221996 -0.000233452 0.999994755 31.227981567
0.999989271 0.002953738 -0.003564720 0.633663297 -0.002952546 0.999995708 0.000339522 -0.934970140 0.003565707 -0.000328994 0.999993563 31.784177780
0.999987543 0.002754186 -0.004163507 0.651715696 -0.002752594 0.999996185 0.000387972 -0.956419528 0.004164559 -0.000376507 0.999991298 32.322658539
0.999988258 0.002951261 -0.003849165 0.651932120 -0.002949849 0.999995589 0.000372632 -0.963912904 0.003850247 -0.000361273 0.999992549 32.877666473
0.999984324 0.003451379 -0.004412978 0.660474598 -0.003454662 0.999993801 -0.000736404 -0.975875616 0.004410408 0.000751637 0.999990106 33.413730621
0.999987245 0.003349945 -0.003764927 0.660842299 -0.003349237 0.999994397 0.000194449 -0.991565585 0.003765557 -0.000181837 0.999992907 33.990982056
0.999987066 0.003138968 -0.003988368 0.667013407 -0.003137725 0.999995112 0.000317944 -1.010479212 0.003989346 -0.000305426 0.999991953 34.533599854
0.999986708 0.003009107 -0.004178318 0.676935315 -0.003008247 0.999995470 0.000212178 -1.023203969 0.004178937 -0.000199606 0.999991238 35.087242126
0.999988437 0.002856869 -0.003872544 0.679685652 -0.002857217 0.999995947 -0.000084181 -1.036034703 0.003872287 0.000095244 0.999992430 35.635643005
0.999986470 0.003652958 -0.003714096 0.692240298 -0.003651099 0.999993265 0.000507244 -1.063585758 0.003715924 -0.000493677 0.999992967 36.165622711
0.999984741 0.003229935 -0.004481501 0.702609718 -0.003230129 0.999994755 -0.000036057 -1.065998673 0.004481361 0.000050533 0.999989986 36.736984253
0.999984264 0.003828164 -0.004110422 0.709132671 -0.003828663 0.999992669 -0.000113546 -1.079763412 0.004109957 0.000129282 0.999991596 37.285373688
0.999984086 0.003258519 -0.004605257 0.711800694 -0.003259405 0.999994695 -0.000184857 -1.095170021 0.004604631 0.000199864 0.999989331 37.849746704
0.999986827 0.002698600 -0.004343739 0.717325568 -0.002702577 0.999995887 -0.000909988 -1.105958819 0.004341265 0.000921715 0.999990165 38.400375366
0.999984384 0.002815392 -0.004823519 0.727289319 -0.002816767 0.999996006 -0.000278161 -1.126538277 0.004822717 0.000291744 0.999988377 38.951629639
0.999982715 0.003350081 -0.004831085 0.733818948 -0.003349035 0.999994278 0.000224412 -1.146769762 0.004831810 -0.000208229 0.999988317 39.494091034
0.999982595 0.003351992 -0.004858079 0.749068499 -0.003350017 0.999994218 0.000414659 -1.165901423 0.004859441 -0.000398377 0.999988139 40.033302307
0.999980211 0.003329309 -0.005331874 0.763262928 -0.003325755 0.999994159 0.000675336 -1.187185049 0.005334092 -0.000657590 0.999985635 40.588375092
0.999978960 0.002811461 -0.005844260 0.773289323 -0.002812078 0.999996066 -0.000097257 -1.191490889 0.005843963 0.000113689 0.999982893 41.156566620
0.999977291 0.003197872 -0.005926168 0.783309460 -0.003195305 0.999994874 0.000442611 -1.208417892 0.005927552 -0.000423665 0.999982357 41.705348969
0.999974132 0.003385064 -0.006343436 0.803060532 -0.003379468 0.999993861 0.000892673 -1.233740687 0.006346418 -0.000871212 0.999979496 42.248565674
0.999973416 0.003819492 -0.006215371 0.801731348 -0.003819757 0.999992728 -0.000030756 -1.234550238 0.006215209 0.000054497 0.999980628 42.819168091
0.999971151 0.003736321 -0.006619500 0.816152453 -0.003734565 0.999992967 0.000277668 -1.252853274 0.006620491 -0.000252939 0.999978065 43.355667114
0.999971151 0.004156585 -0.006344477 0.821945310 -0.004155702 0.999991298 0.000152415 -1.267159700 0.006345055 -0.000126045 0.999979913 43.914440155
0.999974072 0.003610712 -0.006233391 0.819064379 -0.003606761 0.999993205 0.000644979 -1.286981821 0.006235678 -0.000622480 0.999980390 44.458946228
0.999975145 0.004064696 -0.005758723 0.823206425 -0.004066012 0.999991655 -0.000216883 -1.293495417 0.005757794 0.000240293 0.999983430 45.017227173
0.999976575 0.004442244 -0.005195916 0.830736220 -0.004442866 0.999990106 -0.000108395 -1.304059267 0.005195383 0.000131477 0.999986529 45.555786133
0.999975979 0.003481784 -0.006014291 0.840934277 -0.003476579 0.999993503 0.000875891 -1.335592508 0.006017303 -0.000854960 0.999981523 46.108386993
0.999973953 0.003136528 -0.006505133 0.857438445 -0.003132994 0.999994934 0.000553389 -1.351538897 0.006506836 -0.000532994 0.999978721 46.647708893
0.999976635 0.003575895 -0.005824249 0.856113970 -0.003575742 0.999993622 0.000036652 -1.357468724 0.005824343 -0.000015826 0.999983013 47.184669495
0.999977410 0.003075766 -0.005978442 0.850686908 -0.003075277 0.999995232 0.000091307 -1.365101457 0.005978694 -0.000072920 0.999982119 47.754631042
0.999977350 0.003617895 -0.005681145 0.854119778 -0.003615586 0.999993265 0.000416774 -1.382453561 0.005682616 -0.000396224 0.999983728 48.306114197
0.999979138 0.002806915 -0.005828219 0.868766189 -0.002808566 0.999996066 -0.000275163 -1.390562057 0.005827423 0.000291526 0.999983013 48.849025726
0.999979734 0.002785497 -0.005728645 0.864375830 -0.002783637 0.999996066 0.000332510 -1.409517169 0.005729548 -0.000316557 0.999983549 49.392230988
0.999978125 0.003083998 -0.005862886 0.879939437 -0.003084333 0.999995232 -0.000048051 -1.423483253 0.005862710 0.000066133 0.999982834 49.940162659
0.999975145 0.003463199 -0.006141813 0.892688096 -0.003458218 0.999993622 0.000821420 -1.447200418 0.006144618 -0.000800160 0.999980867 50.480663300
0.999979377 0.002657716 -0.005841211 0.888857722 -0.002658300 0.999996483 -0.000091968 -1.455765724 0.005840946 0.000107494 0.999982893 51.042392731
0.999980330 0.002990295 -0.005510470 0.896174192 -0.002987546 0.999995470 0.000507076 -1.476059556 0.005511961 -0.000490603 0.999984682 51.594299316
0.999980748 0.002723745 -0.005574005 0.902100921 -0.002722677 0.999996305 0.000199301 -1.490944505 0.005574526 -0.000184121 0.999984503 52.148521423
0.999978185 0.002504662 -0.006112496 0.922947884 -0.002506366 0.999996841 -0.000270990 -1.500821710 0.006111798 0.000286304 0.999981284 52.689697266
0.999981046 0.002671302 -0.005558597 0.924440980 -0.002674392 0.999996364 -0.000548610 -1.511917949 0.005557111 0.000563465 0.999984443 53.227252960
0.999977112 0.002318974 -0.006353837 0.938774109 -0.002320419 0.999997258 -0.000220037 -1.529826641 0.006353310 0.000234776 0.999979734 53.780773163
0.999979019 0.002376694 -0.006028257 0.947332621 -0.002379957 0.999997020 -0.000534111 -1.541595101 0.006026970 0.000548447 0.999981701 54.334121704
0.999976635 0.002533304 -0.006350645 0.955353022 -0.002534329 0.999996722 -0.000153379 -1.560659289 0.006350236 0.000169470 0.999979794 54.872097015
0.999978244 0.002579268 -0.006082846 0.954257607 -0.002583589 0.999996424 -0.000702674 -1.572741866 0.006081012 0.000718375 0.999981225 55.425533295
0.999977112 0.002647867 -0.006212809 0.966703236 -0.002650222 0.999996424 -0.000370885 -1.588903069 0.006211804 0.000387342 0.999980628 55.961994171
0.999976158 0.002615326 -0.006392986 0.972907603 -0.002618553 0.999996424 -0.000496451 -1.600628018 0.006391665 0.000513179 0.999979377 56.503849030
0.999977708 0.002610939 -0.006139819 0.987194419 -0.002613052 0.999996483 -0.000336048 -1.617633581 0.006138920 0.000352084 0.999980986 57.050388336
0.999975085 0.002934336 -0.006423792 0.997069001 -0.002935904 0.999995649 -0.000234822 -1.633995771 0.006423075 0.000253676 0.999979317 57.590396881
0.999975264 0.002697674 -0.006495910 1.003639817 -0.002700521 0.999996245 -0.000429680 -1.651378632 0.006494726 0.000447211 0.999978781 58.137306213
0.999976814 0.002755865 -0.006235021 1.014059663 -0.002758817 0.999996066 -0.000464904 -1.665130734 0.006233716 0.000482094 0.999980390 58.673023224
0.999976575 0.002888540 -0.006207267 1.013457179 -0.002894405 0.999995291 -0.000936251 -1.674921870 0.006204534 0.000954196 0.999980211 59.218383789
0.999975324 0.002579120 -0.006538859 1.024421334 -0.002586991 0.999995887 -0.001195602 -1.692248464 0.006535749 0.001212488 0.999977827 59.761135101
0.999976218 0.002660147 -0.006369765 1.029948235 -0.002666043 0.999996006 -0.000917283 -1.707804799 0.006367300 0.000934243 0.999979258 60.304878235
0.999975979 0.003165692 -0.006181508 1.036787510 -0.003173891 0.999994099 -0.001317074 -1.713882089 0.006177303 0.001336662 0.999979973 60.848865509
0.999976337 0.003467693 -0.005944370 1.045802832 -0.003474752 0.999993265 -0.001177643 -1.735175014 0.005940246 0.001198270 0.999981642 61.394950867
0.999978185 0.003056784 -0.005861284 1.052760839 -0.003064816 0.999994338 -0.001361795 -1.743180871 0.005857089 0.001379729 0.999981880 61.952354431
0.999976456 0.003165674 -0.006083327 1.052932858 -0.003175164 0.999993742 -0.001551080 -1.760425806 0.006078378 0.001570359 0.999980271 62.489356995
0.999977350 0.003282936 -0.005853673 1.060835481 -0.003289533 0.999993980 -0.001117612 -1.783182979 0.005849968 0.001136843 0.999982238 63.034385681
0.999979496 0.004003503 -0.004996037 1.055270433 -0.004006698 0.999991834 -0.000629404 -1.803069592 0.004993476 0.000649409 0.999987304 63.578479767
0.999976337 0.003691794 -0.005790175 1.064625144 -0.003699972 0.999992132 -0.001402396 -1.809215069 0.005784952 0.001423786 0.999982238 64.111137390
0.999979436 0.003580348 -0.005309425 1.064087629 -0.003589227 0.999992192 -0.001663711 -1.822836518 0.005303426 0.001682733 0.999984562 64.659355164
0.999978006 0.004133984 -0.005184365 1.074472547 -0.004139653 0.999990940 -0.001083171 -1.839504600 0.005179839 0.001104608 0.999985993 65.197944641
0.999980390 0.003938497 -0.004860498 1.074858546 -0.003946224 0.999991000 -0.001581229 -1.849131465 0.004854226 0.001600378 0.999986947 65.732818604
0.999976158 0.003768329 -0.005780254 1.095160484 -0.003776505 0.999991834 -0.001404248 -1.869505167 0.005774915 0.001426043 0.999982297 66.287414551
0.999976933 0.004326102 -0.005246663 1.095695257 -0.004334498 0.999989390 -0.001589933 -1.880770922 0.005239730 0.001612638 0.999984920 66.841011047
0.999975681 0.004047561 -0.005678536 1.113405704 -0.004057075 0.999990404 -0.001665011 -1.901977539 0.005671742 0.001688009 0.999982536 67.389747620
0.999973238 0.003878602 -0.006191304 1.124163866 -0.003885277 0.999991894 -0.001066448 -1.923998117 0.006187117 0.001090474 0.999980271 67.924400330
0.999971569 0.004526863 -0.006027168 1.134423852 -0.004530709 0.999989569 -0.000624742 -1.947032094 0.006024276 0.000652032 0.999981642 68.454742432
0.999972939 0.004718983 -0.005646946 1.139412403 -0.004725717 0.999988139 -0.001179756 -1.959454536 0.005641312 0.001206410 0.999983370 69.008567810
0.999974132 0.004214686 -0.005830419 1.132214308 -0.004220804 0.999990523 -0.001037245 -1.971394777 0.005825993 0.001061828 0.999982417 69.546699524
0.999974310 0.004204538 -0.005807512 1.143141985 -0.004215539 0.999989331 -0.001883398 -1.979373097 0.005799531 0.001907832 0.999981344 70.095848083
0.999975741 0.004495549 -0.005326472 1.145746231 -0.004501203 0.999989331 -0.001049924 -2.005862474 0.005321695 0.001073873 0.999985278 70.638824463
0.999973714 0.004387501 -0.005766331 1.154801726 -0.004395926 0.999989212 -0.001449281 -2.014050961 0.005759910 0.001474592 0.999982297 71.184669495
0.999973893 0.004058956 -0.005974614 1.173839211 -0.004067202 0.999990702 -0.001368504 -2.034177303 0.005969005 0.001392768 0.999981165 71.726036072
0.999970555 0.004766714 -0.006009238 1.175857544 -0.004772533 0.999988139 -0.000954259 -2.051743984 0.006004618 0.000982911 0.999981463 72.268333435
0.999973834 0.004870063 -0.005337708 1.171495557 -0.004878036 0.999987006 -0.001481877 -2.064714909 0.005330421 0.001507876 0.999984622 72.821449280
0.999978304 0.004304440 -0.004978851 1.181496143 -0.004310075 0.999990046 -0.001121575 -2.086288214 0.004973973 0.001143011 0.999987006 73.367515564
0.999979436 0.004005481 -0.004997286 1.184661746 -0.004012281 0.999991000 -0.001351499 -2.098426342 0.004991828 0.001371522 0.999986589 73.920738220
0.999975502 0.004416287 -0.005420618 1.194139004 -0.004422070 0.999989629 -0.001055231 -2.116955996 0.005415902 0.001079176 0.999984741 74.440505981
0.999975443 0.004329459 -0.005508556 1.205822110 -0.004333819 0.999990225 -0.000779794 -2.135148525 0.005505127 0.000803648 0.999984503 74.982467651
0.999972165 0.005104982 -0.005427759 1.207421541 -0.005106773 0.999986827 -0.000316303 -2.156401396 0.005426073 0.000344013 0.999985218 75.522926331
0.999976575 0.004110582 -0.005457937 1.221982598 -0.004115143 0.999991119 -0.000824648 -2.171852350 0.005454499 0.000847089 0.999984682 76.086723328
0.999971628 0.004513595 -0.006018286 1.232170820 -0.004517945 0.999989569 -0.000709426 -2.189134359 0.006015021 0.000736596 0.999981582 76.632347107
0.999977171 0.003792824 -0.005591368 1.238918066 -0.003797730 0.999992371 -0.000866863 -2.203954220 0.005588038 0.000888078 0.999983966 77.189170837
0.999975860 0.003394942 -0.006061576 1.249113917 -0.003401069 0.999993682 -0.001000692 -2.214704990 0.006058140 0.001021283 0.999981105 77.741432190
0.999978840 0.003461410 -0.005509788 1.258370996 -0.003464435 0.999993861 -0.000539352 -2.236848831 0.005507888 0.000558429 0.999984622 78.289741516
0.999975920 0.003967029 -0.005697963 1.262111664 -0.003973334 0.999991417 -0.001095726 -2.251047850 0.005693568 0.001118339 0.999983191 78.825683594
0.999977827 0.003735170 -0.005523007 1.275589228 -0.003740905 0.999992371 -0.001028421 -2.266769648 0.005519124 0.001049059 0.999984264 79.373329163
0.999982059 0.003659723 -0.004738528 1.272176027 -0.003667324 0.999992013 -0.001596418 -2.277023315 0.004732647 0.001613767 0.999987602 79.928596497
0.999974549 0.004159492 -0.005796332 1.291520357 -0.004165268 0.999990761 -0.000984874 -2.298835516 0.005792183 0.001008992 0.999982715 80.459243774
0.999979436 0.004261068 -0.004791461 1.303683519 -0.004266244 0.999990284 -0.001070666 -2.312932968 0.004786852 0.001091085 0.999987960 81.012702942
0.999983370 0.004623699 -0.003449338 1.311550498 -0.004627064 0.999988794 -0.000968183 -2.330438852 0.003444823 0.000984127 0.999993622 81.555419922
0.999987900 0.004266234 -0.002455995 1.321779847 -0.004269096 0.999990225 -0.001161236 -2.344403744 0.002451017 0.001171707 0.999996305 82.089828491
0.999989331 0.004447067 -0.001262828 1.334463954 -0.004448481 0.999989510 -0.001118283 -2.361493111 0.001257842 0.001123889 0.999998510 82.632812500
0.999989986 0.004102892 0.001823687 1.353976011 -0.004100699 0.999990940 -0.001204258 -2.377505302 -0.001828611 0.001196768 0.999997616 83.184494019
0.999973714 0.004179963 0.005929943 1.366318345 -0.004174689 0.999991000 -0.000901533 -2.397781134 -0.005933656 0.000876754 0.999981940 83.719879150
0.999951720 0.004734725 0.008610521 1.395313978 -0.004726548 0.999988377 -0.000969701 -2.414104223 -0.008615012 0.000928956 0.999962389 84.275459290
0.999887943 0.005246973 0.014022846 1.412317276 -0.005235122 0.999985933 -0.000881740 -2.432099819 -0.014027277 0.000808230 0.999901295 84.835655212
0.999805808 0.004971279 0.019069748 1.456074238 -0.004953666 0.999987245 -0.000970622 -2.449469805 -0.019074330 0.000875969 0.999817669 85.375427246
0.999694705 0.004040872 0.024376135 1.490630984 -0.004022412 0.999991536 -0.000806266 -2.470140934 -0.024379186 0.000707969 0.999702573 85.916664124
0.999543190 0.003509084 0.030018881 1.527309537 -0.003490006 0.999993622 -0.000687938 -2.487239361 -0.030021107 0.000582858 0.999549091 86.446868896
0.999241948 0.003916203 0.038731609 1.543171167 -0.003877271 0.999991834 -0.001080242 -2.493051291 -0.038735528 0.000929250 0.999249160 87.049423218
0.998877645 0.004583968 0.047142141 1.586708069 -0.004549981 0.999989331 -0.000828228 -2.511556149 -0.047145430 0.000612803 0.998887777 87.601303101
0.998540044 0.003871616 0.053876046 1.630657673 -0.003831706 0.999992311 -0.000844064 -2.526841164 -0.053878903 0.000636394 0.998547196 88.147003174
0.998016000 0.003667431 0.062852412 1.685618401 -0.003598494 0.999992788 -0.001209960 -2.539402008 -0.062856391 0.000981386 0.998022079 88.694664001
0.997317076 0.003733292 0.073107660 1.744547844 -0.003674767 0.999992788 -0.000935017 -2.560074329 -0.073110633 0.000663855 0.997323573 89.234748840
0.996667564 0.002970063 0.081516661 1.802943230 -0.002876066 0.999995053 -0.001270491 -2.566770077 -0.081520028 0.001031810 0.996671200 89.791229248
0.995960295 0.003220842 0.089736998 1.872316360 -0.003115236 0.999994218 -0.001316873 -2.587481260 -0.089740746 0.001032001 0.995964646 90.347709656
0.994982898 0.003013628 0.099999867 1.953398228 -0.002876783 0.999994695 -0.001512619 -2.598624468 -0.100003906 0.001217352 0.994986355 90.895515442
0.993805110 0.003546855 0.111081287 2.029371262 -0.003480143 0.999993563 -0.000794458 -2.623216867 -0.111083418 0.000402957 0.993811071 91.430908203
0.992729723 0.002749783 0.120333530 2.105819702 -0.002631490 0.999995828 -0.001141928 -2.634430170 -0.120336175 0.000816969 0.992732882 91.977325439
0.991308570 0.002796493 0.131527767 2.197170258 -0.002686847 0.999995828 -0.001011099 -2.650254250 -0.131530076 0.000648916 0.991312027 92.497055054
0.989692986 0.002387799 0.143185556 2.297351837 -0.002240644 0.999996901 -0.001188961 -2.663282156 -0.143187910 0.000855878 0.989695132 93.084144592
0.988019705 0.002535625 0.154307008 2.398941040 -0.002419347 0.999996662 -0.000941330 -2.681747675 -0.154308885 0.000556731 0.988022506 93.634315491
0.986355960 0.001934902 0.164614812 2.505403519 -0.001776576 0.999997795 -0.001109026 -2.694414139 -0.164616600 0.000801444 0.986357272 94.174148560
0.984146535 0.001794141 0.177347749 2.632122040 -0.001699190 0.999998331 -0.000687265 -2.718128920 -0.177348703 0.000375022 0.984148085 94.682838440
0.981806219 0.001271517 0.189881995 2.755161285 -0.001097642 0.999998808 -0.001020865 -2.725962877 -0.189883113 0.000793869 0.981806397 95.238388062
0.979816437 0.000763460 0.199898005 2.883819580 -0.000529092 0.999999106 -0.001225855 -2.737020493 -0.199898779 0.001095348 0.979815960 95.778198242
0.977071524 0.001034971 0.212908611 3.025806427 -0.000738021 0.999998629 -0.001474204 -2.745107174 -0.212909862 0.001283271 0.977070987 96.325950623
0.974175632 0.000430614 0.225791544 3.183288574 -0.000324206 0.999999821 -0.000508347 -2.784096718 -0.225791723 0.000422016 0.974175513 96.776176453
0.971323848 0.000348938 0.237760127 3.322801590 -0.000159579 0.999999583 -0.000815671 -2.790502071 -0.237760335 0.000754339 0.971323550 97.396331787
0.968244255 0.000173130 0.250006080 3.481161118 0.000023109 0.999999583 -0.000782000 -2.812501431 -0.250006109 0.000762944 0.968243957 97.923622131
0.964704871 0.000086013 0.263333529 3.649236679 0.000097007 0.999999762 -0.000682009 -2.825650930 -0.263333559 0.000683483 0.964704633 98.435508728
0.960984945 0.000587713 0.276600033 3.807485580 -0.000416167 0.999999702 -0.000678898 -2.839386702 -0.276600331 0.000537299 0.960984886 98.992866516
0.957835853 -0.000841295 0.287315160 3.988285065 0.001087919 0.999999166 -0.000698719 -2.853807211 -0.287314326 0.000981834 0.957835853 99.505386353
0.953631043 -0.000485980 0.300977796 4.176002502 0.000749607 0.999999464 -0.000760416 -2.865303278 -0.300977230 0.000950771 0.953630865 100.026634216
0.949225008 -0.000587351 0.314597428 4.372982025 0.000924735 0.999999106 -0.000923183 -2.876927614 -0.314596683 0.001167228 0.949224710 100.555908203
0.945442140 -0.001783606 0.325785339 4.574008942 0.002286613 0.999996722 -0.001161071 -2.885309219 -0.325782239 0.001842670 0.945442975 101.071960449
0.940703630 -0.001932361 0.339223832 4.775205612 0.002461081 0.999996424 -0.001128439 -2.910735607 -0.339220494 0.001896384 0.940704942 101.587089539
0.935573220 -0.002023739 0.353126943 4.999181747 0.002538435 0.999996245 -0.000994431 -2.925488472 -0.353123665 0.001826752 0.935574889 102.093154907
0.930797100 -0.002194129 0.365529835 5.219097137 0.002613187 0.999996364 -0.000651728 -2.941113710 -0.365527064 0.001561824 0.930799425 102.601661682
0.926311314 -0.003074623 0.376746595 5.446668625 0.003750308 0.999992490 -0.001060004 -2.952363491 -0.376740396 0.002394810 0.926315844 103.098945618
0.920202613 -0.003266687 0.391428739 5.678371429 0.003927415 0.999991834 -0.000887408 -2.966399908 -0.391422659 0.002353898 0.920207977 103.613647461
0.914394915 -0.003411730 0.404808760 5.917251587 0.004060086 0.999991417 -0.000743119 -2.979789972 -0.404802799 0.002323062 0.914400995 104.104522705
0.909594655 -0.004409696 0.415473253 6.162979126 0.005055034 0.999987125 -0.000453441 -3.003978968 -0.415465891 0.002512679 0.909605205 104.576606750
0.903177023 -0.004369535 0.429246038 6.418468475 0.004991859 0.999987483 -0.000323945 -3.017208099 -0.429239243 0.002435315 0.903187573 105.082061768
0.896728039 -0.004085083 0.442563087 6.684780121 0.004386401 0.999990284 0.000342627 -3.045520306 -0.442560196 0.001634016 0.896737337 105.543296814
0.890825510 -0.004859013 0.454319477 6.959449768 0.005582909 0.999984443 -0.000251939 -3.048685551 -0.454311192 0.002760858 0.890838802 106.051414490
0.885233343 -0.005651669 0.465112895 7.223937988 0.006301387 0.999980092 0.000157721 -3.063920259 -0.465104520 0.002791236 0.885251462 106.516044617
0.877795041 -0.005453740 0.479005277 7.519592285 0.006283641 0.999980271 -0.000129678 -3.077041626 -0.478995174 0.003123728 0.877811968 107.032562256
