1.000000000 0.000000000 0.000000000 0.000000000 0.000000000 1.000000000 0.000000000 0.000000000 0.000000000 0.000000000 1.000000000 0.000000000
1.000000000 -0.000049319 -0.000003671 0.000133027 0.000049319 1.000000000 -0.000036511 0.000270213 0.000003672 0.000036511 1.000000000 0.000308371
1.000000000 0.000034255 0.000003971 0.000048747 -0.000034255 1.000000000 -0.000026547 0.000521462 -0.000003972 0.000026546 1.000000000 0.000428255
1.000000000 0.000020308 0.000099205 -0.000703465 -0.000020306 1.000000000 -0.000018415 0.000706957 -0.000099205 0.000018413 1.000000000 0.000391144
1.000000000 -0.000063494 0.000013858 0.000461042 0.000063494 1.000000000 -0.000033605 0.000542093 -0.000013856 0.000033606 1.000000000 0.000495852
1.000000000 0.000078633 0.000029443 -0.000048663 -0.000078634 1.000000000 0.000027746 0.000420563 -0.000029441 -0.000027748 1.000000000 0.000327289
1.000000000 0.000043949 -0.000015660 0.000381514 -0.000043952 1.000000000 -0.000174570 0.001322420 0.000015652 0.000174570 1.000000000 -0.000424219
1.000000000 0.000067506 0.000072322 -0.000339235 -0.000067501 1.000000000 -0.000059487 0.000388154 -0.000072326 0.000059482 1.000000000 0.000057624
1.000000000 0.000163856 0.000029008 -0.000813474 -0.000163856 1.000000000 -0.000024560 0.000538323 -0.000029012 0.000024555 1.000000000 -0.000648156
1.000000000 0.000178275 0.000055323 -0.000246585 -0.000178268 1.000000000 -0.000130491 0.001728260 -0.000055346 0.000130481 1.000000000 0.001381176
1.000000000 0.000182536 0.000016351 -0.000408400 -0.000182534 1.000000000 -0.000128793 0.000564569 -0.000016374 0.000128790 1.000000000 -0.001057441
1.000000000 0.000076770 0.000030976 -0.000654770 -0.000076768 1.000000000 -0.000087902 0.001044063 -0.000030983 0.000087900 1.000000000 0.000134098
1.000000000 0.000167614 0.000101779 -0.001280991 -0.000167604 1.000000000 -0.000097302 0.001513366 -0.000101795 0.000097285 1.000000000 0.000519994
1.000000000 0.000189234 0.000052018 -0.000348646 -0.000189233 1.000000000 -0.000013467 0.000756150 -0.000052021 0.000013458 1.000000000 0.000404001
0.999999940 0.000202090 0.000167280 -0.001551115 -0.000202072 1.000000000 -0.000108251 0.001643872 -0.000167302 0.000108217 1.000000000 0.001520253
0.999999940 0.000249315 0.000139068 -0.001711623 -0.000249293 0.999999940 -0.000164051 0.002180765 -0.000139109 0.000164017 1.000000000 0.001821206
0.999999940 0.000243504 0.000151525 -0.001701761 -0.000243477 0.999999940 -0.000178537 0.003001598 -0.000151568 0.000178501 1.000000000 0.002636673
0.999999940 0.000194791 0.000160828 -0.001366238 -0.000194764 0.999999940 -0.000166737 0.002264462 -0.000160861 0.000166706 1.000000000 0.002534205
0.999999940 0.000255954 0.000181614 -0.001949196 -0.000255942 0.999999940 -0.000062805 0.001741159 -0.000181630 0.000062758 1.000000000 0.001750570
1.000000000 0.000202360 0.000094610 -0.001264194 -0.000202357 1.000000000 -0.000039106 0.001811202 -0.000094617 0.000039087 1.000000000 0.001531754
0.999999940 0.000271359 0.000130865 -0.001459593 -0.000271335 0.999999940 -0.000177283 0.002508363 -0.000130913 0.000177248 1.000000000 0.002128035
1.000000000 0.000209370 0.000090694 -0.001392825 -0.000209362 1.000000000 -0.000091067 0.001665068 -0.000090713 0.000091048 1.000000000 0.001734813
0.999999940 0.000379416 0.000148545 -0.002185950 -0.000379390 0.999999940 -0.000179117 0.003156561 -0.000148613 0.000179061 1.000000000 0.002346152
0.999999940 0.000304118 0.000183069 -0.001782166 -0.000304094 0.999999940 -0.000134313 0.002300615 -0.000183110 0.000134257 1.000000000 0.001969215
1.000000000 0.000151703 0.000125343 -0.000773949 -0.000151693 1.000000000 -0.000087258 0.002464451 -0.000125357 0.000087239 1.000000000 0.002659800
0.999999940 0.000299124 0.000180566 -0.001602015 -0.000299106 0.999999940 -0.000102348 0.001947657 -0.000180596 0.000102294 1.000000000 0.002019109
1.000000000 0.000206872 0.000098841 -0.001104751 -0.000206860 1.000000000 -0.000117782 0.002278094 -0.000098865 0.000117762 1.000000000 0.001909377
1.000000000 0.000208487 0.000098670 -0.001188190 -0.000208478 1.000000000 -0.000090706 0.002027047 -0.000098689 0.000090686 1.000000000 0.001673365
0.999999940 0.000274927 0.000187866 -0.001368052 -0.000274908 0.999999940 -0.000097811 0.001577831 -0.000187893 0.000097760 1.000000000 0.002236473
1.000000000 0.000136859 0.000197071 -0.001373711 -0.000136833 1.000000000 -0.000128815 0.001934008 -0.000197089 0.000128788 1.000000000 0.002404156
0.999999940 0.000264126 0.000137396 -0.001293830 -0.000264108 0.999999940 -0.000133194 0.001999945 -0.000137431 0.000133157 1.000000000 0.002446940
0.999999940 0.000190097 0.000179494 -0.001568333 -0.000190084 1.000000000 -0.000072665 0.001422536 -0.000179507 0.000072631 1.000000000 0.001399048
0.999999940 0.000255947 0.000170585 -0.001760889 -0.000255920 0.999999940 -0.000156382 0.001810381 -0.000170625 0.000156338 1.000000000 0.001602017
0.999999940 0.000280235 0.000168333 -0.000913169 -0.000280211 0.999999940 -0.000143569 0.001442470 -0.000168374 0.000143522 1.000000000 0.001123920
0.999999940 0.000218851 0.000192335 -0.001568531 -0.000218826 0.999999940 -0.000125907 0.002011391 -0.000192363 0.000125865 1.000000000 0.002431243
1.000000000 0.000160715 0.000085149 -0.000847542 -0.000160702 1.000000000 -0.000153892 0.002861809 -0.000085174 0.000153878 1.000000000 0.002721775
0.999999940 0.000376401 0.000190442 -0.001923110 -0.000376375 0.999999940 -0.000134678 0.002309315 -0.000190493 0.000134606 1.000000000 0.002103382
0.999999940 0.000292277 0.000113160 -0.000213417 -0.000292264 0.999999940 -0.000111960 0.002385539 -0.000113193 0.000111927 1.000000000 0.001687705
1.000000000 0.000144583 0.000105483 -0.000392766 -0.000144563 1.000000000 -0.000192866 0.001997788 -0.000105510 0.000192851 1.000000000 0.003032548
0.999999881 0.000439189 0.000218591 -0.000809447 -0.000439030 0.999999642 -0.000725929 -0.001451765 -0.000218909 0.000725833 0.999999702 0.049301706
0.999999881 0.000314753 0.000131390 0.001721104 -0.000314575 0.999999046 -0.001353184 -0.002002608 -0.000131816 0.001353143 0.999999046 0.140628651
0.999999523 0.000938647 -0.000326128 0.002423235 -0.000939039 0.999998808 -0.001205025 -0.009561005 0.000324997 0.001205331 0.999999225 0.252356470
0.999999523 0.000899501 -0.000448435 0.006022806 -0.000900012 0.999998927 -0.001138679 -0.013020134 0.000447410 0.001139082 0.999999285 0.383054733
0.999999940 0.000391261 0.000078131 0.007953112 -0.000391174 0.999999285 -0.001120376 -0.016750900 -0.000078569 0.001120345 0.999999285 0.522288203
1.000000000 0.000245262 0.000139870 0.010698736 -0.000245125 0.999999523 -0.000978551 -0.022238692 -0.000140110 0.000978517 0.999999464 0.672939658
0.999999523 0.000814942 0.000363587 0.013165658 -0.000814731 0.999999523 -0.000580479 -0.026728580 -0.000364060 0.000580183 0.999999762 0.836310029
0.999999523 0.000787358 0.000419628 0.014434356 -0.000787176 0.999999523 -0.000432229 -0.032096971 -0.000419968 0.000431899 0.999999821 1.004098296
1.000000000 0.000482917 0.000073193 0.021795290 -0.000482884 0.999999762 -0.000448255 -0.037985094 -0.000073409 0.000448219 0.999999821 1.176888824
0.999999702 0.000654523 0.000390727 0.023949601 -0.000654383 0.999999702 -0.000358719 -0.042314228 -0.000390961 0.000358463 0.999999881 1.361539483
0.999999821 0.000468843 0.000331559 0.029528182 -0.000468675 0.999999762 -0.000505481 -0.043932050 -0.000331795 0.000505326 0.999999821 1.558787107
0.999999821 0.000507837 0.000338547 0.032011610 -0.000507789 0.999999881 -0.000142885 -0.051824626 -0.000338619 0.000142713 0.999999940 1.753508806
0.999999642 0.000714872 0.000455550 0.035107996 -0.000714902 0.999999762 0.000066796 -0.056952372 -0.000455502 -0.000067122 0.999999881 1.945351839
0.999999702 0.000440687 0.000553701 0.037795011 -0.000440654 0.999999881 -0.000059719 -0.066168733 -0.000553728 0.000059475 0.999999762 2.152256489
0.999999583 0.000778221 0.000292750 0.046987511 -0.000778212 0.999999702 -0.000030762 -0.069553822 -0.000292774 0.000030534 0.999999881 2.367315531
0.999999702 0.000618450 0.000456687 0.050117783 -0.000618456 0.999999821 0.000013868 -0.076669492 -0.000456678 -0.000014150 0.999999821 2.592595577
0.999999762 0.000609625 0.000361477 0.055785429 -0.000609697 0.999999821 0.000198705 -0.083622016 -0.000361356 -0.000198925 0.999999940 2.823787451
0.999999583 0.000620293 0.000654871 0.058184147 -0.000620440 0.999999762 0.000225385 -0.087911911 -0.000654731 -0.000225792 0.999999821 3.056770802
0.999999762 0.000506471 0.000511504 0.065762967 -0.000506564 0.999999821 0.000182234 -0.095761985 -0.000511412 -0.000182493 0.999999881 3.296482086
0.999998927 0.001116416 0.000970921 0.065085053 -0.001116654 0.999999285 0.000243649 -0.103798732 -0.000970648 -0.000244733 0.999999523 3.539735794
0.999998689 0.001278474 0.000975822 0.068135418 -0.001278619 0.999999166 0.000147185 -0.110700145 -0.000975633 -0.000148432 0.999999523 3.789747715
0.999998331 0.001309055 0.001277513 0.071655385 -0.001309901 0.999998868 0.000661346 -0.123443648 -0.001276647 -0.000663018 0.999998927 4.045271397
0.999998391 0.001217577 0.001284080 0.076860406 -0.001217886 0.999999166 0.000240166 -0.126031443 -0.001283787 -0.000241730 0.999999166 4.296082973
0.999997973 0.001494204 0.001285090 0.080679141 -0.001494479 0.999998748 0.000213644 -0.134354845 -0.001284769 -0.000215564 0.999999166 4.552306175
0.999998271 0.001259147 0.001440691 0.088950001 -0.001259923 0.999999046 0.000537827 -0.142383486 -0.001440013 -0.000539641 0.999998808 4.810916901
0.999997675 0.001535033 0.001504071 0.092642337 -0.001535926 0.999998629 0.000592174 -0.151277244 -0.001503160 -0.000594483 0.999998629 5.058877468
0.999997020 0.001803421 0.001635583 0.099462152 -0.001804347 0.999998212 0.000564725 -0.159549251 -0.001634563 -0.000567674 0.999998510 5.329712391
0.999995232 0.002406416 0.001903485 0.104257450 -0.002407663 0.999996901 0.000653006 -0.169570088 -0.001901907 -0.000657586 0.999997973 5.600100517
0.999995232 0.002357228 0.001998216 0.107194521 -0.002358267 0.999997079 0.000517493 -0.172199652 -0.001996990 -0.000522203 0.999997854 5.878895760
0.999994576 0.002528276 0.002076638 0.110786140 -0.002529373 0.999996603 0.000526111 -0.183777571 -0.002075301 -0.000531361 0.999997735 6.153097630
0.999994397 0.002598574 0.002094415 0.118251808 -0.002599778 0.999996483 0.000572193 -0.189546958 -0.002092921 -0.000577635 0.999997675 6.445645809
0.999993861 0.002703761 0.002237712 0.123188756 -0.002705616 0.999995947 0.000826701 -0.201476812 -0.002235467 -0.000832750 0.999997079 6.736116886
0.999993980 0.002511446 0.002401582 0.130080417 -0.002513070 0.999996603 0.000673634 -0.209848017 -0.002399882 -0.000679665 0.999996901 7.036054134
0.999994338 0.002490496 0.002237531 0.136923566 -0.002492195 0.999996603 0.000757014 -0.218505993 -0.002235638 -0.000762586 0.999997199 7.334182739
0.999993324 0.002682318 0.002481621 0.142891228 -0.002684313 0.999996066 0.000800705 -0.228907272 -0.002479463 -0.000807361 0.999996603 7.639970303
0.999993622 0.002683203 0.002346801 0.154257357 -0.002685664 0.999995828 0.001045588 -0.240125611 -0.002343986 -0.001051884 0.999996722 7.947432995
0.999992430 0.002869431 0.002617312 0.157601476 -0.002872296 0.999995291 0.001091476 -0.248424843 -0.002614168 -0.001098986 0.999995947 8.258508682
0.999992073 0.002869646 0.002760692 0.164307147 -0.002871399 0.999995708 0.000631185 -0.255511910 -0.002758869 -0.000639107 0.999995947 8.586198807
0.999992609 0.002991767 0.002416292 0.171502948 -0.002994155 0.999995172 0.000985458 -0.263453931 -0.002413332 -0.000992686 0.999996603 8.938820839
0.999994695 0.002296161 0.002320393 0.183250576 -0.002298698 0.999996781 0.001091083 -0.277567029 -0.002317880 -0.001096412 0.999996722 9.272530556
0.999993384 0.002824741 0.002275766 0.192101806 -0.002827723 0.999995172 0.001307721 -0.289002091 -0.002272060 -0.001314148 0.999996543 9.623030663
0.999993861 0.002942362 0.001878219 0.201447994 -0.002944244 0.999995232 0.000999902 -0.296626687 -0.001875268 -0.001005426 0.999997795 9.974614143
0.999992669 0.003098781 0.002220945 0.204027161 -0.003101750 0.999994278 0.001334135 -0.314545810 -0.002216797 -0.001341014 0.999996603 10.327452660
0.999994278 0.002810517 0.001901968 0.219132274 -0.002812611 0.999995530 0.001099221 -0.313373983 -0.001898870 -0.001104564 0.999997616 10.704593658
0.999993265 0.002832341 0.002296041 0.222117394 -0.002836220 0.999994576 0.001687842 -0.332282752 -0.002291248 -0.001694343 0.999995887 11.077466965
0.999993026 0.002934003 0.002313132 0.231086671 -0.002938123 0.999994040 0.001779698 -0.344849408 -0.002307897 -0.001786482 0.999995768 11.457859039
0.999992132 0.003223180 0.002331961 0.240055561 -0.003226787 0.999993622 0.001544601 -0.351402432 -0.002326967 -0.001552113 0.999996126 11.843623161
0.999988973 0.003710366 0.002871200 0.241499752 -0.003716248 0.999991000 0.002046013 -0.371868610 -0.002863583 -0.002056660 0.999993801 12.208691597
0.999992549 0.002751591 0.002736147 0.264566898 -0.002757134 0.999994159 0.002024175 -0.379107058 -0.002730561 -0.002031704 0.999994218 12.607484818
0.999988973 0.003831853 0.002721797 0.255940080 -0.003837277 0.999990642 0.001990643 -0.388467908 -0.002714143 -0.002001066 0.999994278 13.012177467
0.999991536 0.003169880 0.002624218 0.269099385 -0.003174931 0.999993086 0.001922970 -0.403725684 -0.002618104 -0.001931286 0.999994695 13.411308289
0.999990404 0.003447833 0.002711973 0.277257055 -0.003453808 0.999991536 0.002201406 -0.418381512 -0.002704361 -0.002210751 0.999993920 13.818829536
0.999987721 0.003879655 0.003069096 0.283560991 -0.003885916 0.999990404 0.002036606 -0.426088363 -0.003061165 -0.002048508 0.999993205 14.248153687
0.999985993 0.003792659 0.003691128 0.294422477 -0.003800854 0.999990344 0.002215607 -0.443366379 -0.003682690 -0.002229606 0.999990702 14.664986610
0.999984980 0.004138868 0.003574846 0.304252803 -0.004145753 0.999989510 0.001920521 -0.447955251 -0.003566860 -0.001935313 0.999991715 15.102759361
0.999982655 0.004573047 0.003716189 0.314316392 -0.004581061 0.999987185 0.002151218 -0.466241002 -0.003706304 -0.002168205 0.999990702 15.524333954
0.999984920 0.003632325 0.004105459 0.324933648 -0.003643684 0.999989569 0.002762925 -0.481303275 -0.004095379 -0.002777842 0.999987721 15.960438728
0.999981105 0.004194922 0.004477343 0.336265534 -0.004205678 0.999988198 0.002395475 -0.492497146 -0.004467241 -0.002414260 0.999987125 16.400157928
0.999983668 0.003502178 0.004508838 0.349593222 -0.003511877 0.999991536 0.002144941 -0.501707911 -0.004501287 -0.002160741 0.999987543 16.852149963
0.999981284 0.003443661 0.005057334 0.360999584 -0.003456197 0.999990940 0.002472217 -0.515097678 -0.005048775 -0.002489650 0.999984205 17.315937042
0.999980569 0.003781393 0.004939616 0.373311013 -0.003793823 0.999989629 0.002509588 -0.525653005 -0.004930075 -0.002528280 0.999984622 17.757158279
0.999982178 0.003507598 0.004829527 0.387738377 -0.003516958 0.999991953 0.001931196 -0.534602046 -0.004822714 -0.001948147 0.999986410 18.222938538
0.999978125 0.003543263 0.005569824 0.389403641 -0.003555370 0.999991357 0.002165271 -0.550931036 -0.005562103 -0.002185027 0.999982059 18.680980682
0.999980569 0.003293482 0.005286386 0.403753072 -0.003304068 0.999992609 0.001995169 -0.562185705 -0.005279774 -0.002012598 0.999983966 19.161994934
0.999976456 0.003717719 0.005762065 0.418356568 -0.003730480 0.999990523 0.002205469 -0.576073766 -0.005753811 -0.002226912 0.999980927 19.664022446
0.999977648 0.004338884 0.005085807 0.425454378 -0.004347703 0.999989152 0.001724449 -0.577986419 -0.005078270 -0.001746522 0.999985456 20.154628754
0.999975622 0.003987585 0.005728031 0.443682551 -0.004002184 0.999988735 0.002539418 -0.602162063 -0.005717840 -0.002562281 0.999980390 20.636894226
0.999976695 0.003836747 0.005632744 0.454416782 -0.003848364 0.999990463 0.002052950 -0.615352035 -0.005624813 -0.002074580 0.999981940 21.105478287
0.999981940 0.003462261 0.004912464 0.465477854 -0.003472432 0.999991775 0.002063577 -0.622524559 -0.004905279 -0.002080597 0.999985814 21.614913940
0.999983191 0.003883223 0.004319177 0.479266942 -0.003891387 0.999990642 0.001883343 -0.634891331 -0.004311823 -0.001900119 0.999988914 22.127508163
0.999976337 0.004676514 0.005034624 0.478936285 -0.004685297 0.999987543 0.001734075 -0.654665530 -0.005026450 -0.001757623 0.999985814 22.593814850
0.999982059 0.004580147 0.003876469 0.489080578 -0.004590386 0.999985933 0.002636782 -0.669973731 -0.003864337 -0.002654529 0.999989092 23.118860245
0.999980986 0.004626927 0.004079202 0.494626075 -0.004636645 0.999986351 0.002375653 -0.689944625 -0.004068154 -0.002394522 0.999988854 23.624160767
0.999992430 0.002624588 0.002883822 0.510012150 -0.002631433 0.999993682 0.002372406 -0.706205785 -0.002877578 -0.002379977 0.999993026 24.153589249
0.999987483 0.004137913 0.002803262 0.521365047 -0.004143501 0.999989390 0.001990729 -0.715280294 -0.002794995 -0.002002319 0.999994040 24.693340302
0.999987423 0.004462897 0.002327945 0.531986713 -0.004467643 0.999987900 0.002037514 -0.725032926 -0.002318824 -0.002047888 0.999995172 25.239151001
0.999985456 0.005151309 0.001564559 0.543273091 -0.005154620 0.999984443 0.002119608 -0.737732112 -0.001553616 -0.002127642 0.999996543 25.786237717
0.999986172 0.005010211 0.001553982 0.548857808 -0.005013009 0.999985754 0.001801217 -0.749460816 -0.001544935 -0.001808983 0.999997199 26.326694489
0.999990046 0.004294111 0.001291409 0.561209381 -0.004297183 0.999987841 0.002384925 -0.766071618 -0.001281153 -0.002390450 0.999996245 26.877933502
0.999989271 0.004609721 0.000463239 0.579294026 -0.004610682 0.999987125 0.002093457 -0.783882320 -0.000453583 -0.002095570 0.999997675 27.417531967
0.999987543 0.004995450 0.000237053 0.583991110 -0.004995955 0.999985099 0.002177481 -0.801627398 -0.000226171 -0.002178638 0.999997616 27.963092804
0.999985456 0.005394916 0.000198174 0.592172563 -0.005395392 0.999982297 0.002482548 -0.815665960 -0.000184778 -0.002483581 0.999996901 28.511884689
0.999984264 0.005604133 0.000088999 0.604484618 -0.005604345 0.999980927 0.002596852 -0.831272423 -0.000074444 -0.002597310 0.999996603 29.059242249
0.999984682 0.005526893 -0.000134281 0.613273501 -0.005526537 0.999981523 0.002523557 -0.845422089 0.000148226 -0.002522777 0.999996781 29.609659195
0.999982476 0.005902736 -0.000461066 0.621956766 -0.005901539 0.999979317 0.002555153 -0.857205451 0.000476139 -0.002552387 0.999996603 30.161834717
0.999984443 0.005495593 -0.000877625 0.638205588 -0.005493491 0.999982059 0.002378142 -0.874335110 0.000890678 -0.002373283 0.999996781 30.683797836
0.999983430 0.005667073 -0.000957915 0.646120429 -0.005664727 0.999980986 0.002433411 -0.889335573 0.000971688 -0.002427945 0.999996603 31.232843399
0.999979496 0.006182932 -0.001636680 0.658066750 -0.006179470 0.999978662 0.002111521 -0.898699641 0.001649700 -0.002101364 0.999996424 31.784971237
0.999981225 0.005864746 -0.001788639 0.666320860 -0.005860703 0.999980211 0.002257613 -0.916993678 0.001801844 -0.002247087 0.999995828 32.307437897
0.999981165 0.005587731 -0.002552351 0.675968289 -0.005582413 0.999982238 0.002086076 -0.928668201 0.002563962 -0.002071788 0.999994576 32.855148315
0.999980092 0.005962618 -0.002069389 0.682028890 -0.005958235 0.999980032 0.002118141 -0.947764933 0.002081977 -0.002105769 0.999995589 33.372089386
0.999977410 0.006215632 -0.002575205 0.694496453 -0.006209537 0.999977887 0.002368375 -0.961629331 0.002589869 -0.002352330 0.999993861 33.929576874
0.999979198 0.005951088 -0.002480020 0.702971101 -0.005945590 0.999979794 0.002218252 -0.977318645 0.002493171 -0.002203461 0.999994397 34.453083038
0.999977350 0.006151450 -0.002711876 0.714172363 -0.006145250 0.999978483 0.002288511 -0.992773414 0.002725895 -0.002271795 0.999993682 34.998195648
0.999978185 0.006077724 -0.002584123 0.721087098 -0.006072682 0.999979615 0.001954185 -1.002401233 0.002595947 -0.001938450 0.999994695 35.540557861
0.999977529 0.005802370 -0.003362366 0.736987114 -0.005795510 0.999981105 0.002046004 -1.014112234 0.003374174 -0.002026471 0.999992251 36.097854614
0.999974489 0.006506837 -0.002949647 0.741346896 -0.006501435 0.999977171 0.001837136 -1.032414436 0.002961534 -0.001817912 0.999993920 36.642490387
0.999977112 0.005735496 -0.003595722 0.753094077 -0.005728769 0.999981761 0.001878784 -1.037526488 0.003606433 -0.001858142 0.999991775 37.204956055
0.999977767 0.005576598 -0.003654824 0.770595551 -0.005569484 0.999982595 0.001954029 -1.055633903 0.003665657 -0.001933630 0.999991417 37.736053467
0.999975145 0.006066771 -0.003625512 0.767930269 -0.006061896 0.999980688 0.001354569 -1.060851932 0.003633661 -0.001332558 0.999992490 38.314346313
0.999975204 0.006082961 -0.003553420 0.773733854 -0.006077807 0.999980569 0.001458802 -1.075679421 0.003562224 -0.001437168 0.999992609 38.857341766
0.999974728 0.006169482 -0.003564775 0.785741270 -0.006164900 0.999980152 0.001294461 -1.089005828 0.003572690 -0.001272451 0.999992788 39.404930115
0.999976933 0.005870521 -0.003407878 0.793287814 -0.005865205 0.999981582 0.001567725 -1.106820107 0.003417019 -0.001547701 0.999992907 39.952053070
0.999975801 0.005999210 -0.003515808 0.811872602 -0.005993431 0.999980688 0.001651949 -1.123639822 0.003525650 -0.001630837 0.999992430 40.471855164
0.999976575 0.005945462 -0.003402614 0.822553515 -0.005940876 0.999981403 0.001356244 -1.133126616 0.003410613 -0.001335997 0.999993265 41.033592224
0.999974370 0.006390669 -0.003206275 0.829337001 -0.006385760 0.999978423 0.001539322 -1.152996421 0.003216042 -0.001518808 0.999993622 41.554145813
0.999973893 0.006517553 -0.003127109 0.836672723 -0.006513123 0.999977767 0.001424432 -1.166513443 0.003136323 -0.001404027 0.999994099 42.102855682
0.999970675 0.006941705 -0.003226283 0.852216840 -0.006938281 0.999975383 0.001071319 -1.181832790 0.003233640 -0.001048903 0.999994218 42.645076752
0.999968708 0.007239399 -0.003197074 0.855150521 -0.007234955 0.999972820 0.001398977 -1.196325064 0.003207115 -0.001375803 0.999993861 43.181453705
0.999974072 0.006182994 -0.003698813 0.878152072 -0.006176098 0.999979198 0.001873086 -1.223190427 0.003710317 -0.001850193 0.999991417 43.710067749
0.999968410 0.007066294 -0.003638413 0.884027362 -0.007060641 0.999973774 0.001564300 -1.229218960 0.003649371 -0.001538562 0.999992132 44.261474609
0.999968588 0.006858951 -0.003968729 0.897709846 -0.006852417 0.999975204 0.001657364 -1.248409748 0.003979999 -0.001630117 0.999990702 44.792655945
0.999968529 0.007017899 -0.003684241 0.910418749 -0.007011594 0.999973953 0.001721532 -1.263831139 0.003696226 -0.001695645 0.999991655 45.332950592
0.999960244 0.008069152 -0.003801784 0.920421660 -0.008064101 0.999966562 0.001342005 -1.277029634 0.003812486 -0.001311294 0.999991834 45.871982574
0.999971151 0.006292304 -0.004252535 0.941384196 -0.006288331 0.999979734 0.000947059 -1.283045650 0.004258408 -0.000920291 0.999990463 46.404327393
0.999969482 0.006357776 -0.004537604 0.955252349 -0.006354946 0.999979556 0.000637905 -1.292314291 0.004541567 -0.000609050 0.999989510 46.948566437
0.999964654 0.007624616 -0.003545459 0.942956269 -0.007619020 0.999969661 0.001589200 -1.317081809 0.003557469 -0.001562131 0.999992430 47.483627319
0.999967515 0.006974077 -0.004048328 0.966872871 -0.006970035 0.999975204 0.001011788 -1.328314066 0.004055285 -0.000983538 0.999991357 48.037277222
0.999966264 0.007197187 -0.003953755 0.961876035 -0.007190195 0.999972582 0.001779827 -1.351245642 0.003966457 -0.001751339 0.999990523 48.545902252
0.999963701 0.007655470 -0.003738700 0.969820738 -0.007648471 0.999968946 0.001883181 -1.362323999 0.003753001 -0.001854517 0.999991179 49.102409363
0.999964654 0.007311128 -0.004145614 0.979788065 -0.007303475 0.999971628 0.001858119 -1.379033804 0.004159080 -0.001827777 0.999989629 49.610054016
0.999964178 0.007386072 -0.004113044 0.985525370 -0.007378250 0.999970973 0.001913888 -1.393906355 0.004127059 -0.001883473 0.999989688 50.137989044
0.999964058 0.007272578 -0.004354986 0.992711544 -0.007264767 0.999972045 0.001806922 -1.406381845 0.004368004 -0.001775219 0.999988854 50.698719025
0.999965787 0.007252075 -0.003970432 0.999780655 -0.007245386 0.999972284 0.001696594 -1.423386931 0.003982626 -0.001667769 0.999990702 51.216056824
0.999961078 0.007833079 -0.004065495 1.008495569 -0.007825715 0.999967694 0.001824559 -1.435289502 0.004079655 -0.001792672 0.999990046 51.751033783
0.999960661 0.007952840 -0.003913028 1.016078234 -0.007946936 0.999967277 0.001522234 -1.451006293 0.003925005 -0.001491078 0.999991179 52.289051056
0.999961257 0.007811833 -0.004039160 1.024189234 -0.007803537 0.999967396 0.002065330 -1.469842672 0.004055161 -0.002033730 0.999989629 52.817974091
0.999961257 0.007702378 -0.004257058 1.037201643 -0.007695408 0.999969125 0.001650844 -1.478360415 0.004269642 -0.001618021 0.999989569 53.360290527
0.999958456 0.008245402 -0.003880397 1.041813612 -0.008240687 0.999965310 0.001229511 -1.491642594 0.003890400 -0.001197483 0.999991655 53.896942139
0.999958456 0.008312230 -0.003717451 1.042782903 -0.008307746 0.999964714 0.001220184 -1.506083250 0.003727463 -0.001189249 0.999992371 54.428539276
0.999957144 0.008476487 -0.003726926 1.051339984 -0.008473084 0.999963701 0.000928235 -1.517933011 0.003734660 -0.000896617 0.999992669 54.980804443
0.999957979 0.008340481 -0.003808092 1.062480211 -0.008337596 0.999964893 0.000772867 -1.529174089 0.003814405 -0.000741084 0.999992371 55.494766235
0.999958396 0.008315090 -0.003776345 1.067814827 -0.008311030 0.999964833 0.001089834 -1.543338776 0.003785275 -0.001058403 0.999992192 56.027080536
0.999957263 0.008579237 -0.003448669 1.073313951 -0.008576782 0.999962926 0.000726351 -1.556205034 0.003454773 -0.000696742 0.999993801 56.564331055
0.999957323 0.008526109 -0.003540815 1.082170486 -0.008523685 0.999963343 0.000699572 -1.569762707 0.003546650 -0.000669361 0.999993503 57.096622467
0.999956608 0.008649616 -0.003455263 1.088603377 -0.008647921 0.999962389 0.000504988 -1.582191825 0.003459503 -0.000475085 0.999993861 57.630100250
0.999958575 0.008523024 -0.003189691 1.098914981 -0.008521890 0.999963641 0.000368851 -1.594309449 0.003192719 -0.000341654 0.999994874 58.163501740
0.999955595 0.008943162 -0.002973671 1.103115082 -0.008942995 0.999960005 0.000069578 -1.604381561 0.002974174 -0.000042982 0.999995589 58.698795319
0.999958813 0.008524737 -0.003112834 1.116550446 -0.008523555 0.999963582 0.000393306 -1.626004815 0.003116074 -0.000366757 0.999994993 59.209548950
0.999955714 0.008890691 -0.003072069 1.123979926 -0.008890995 0.999960423 -0.000084545 -1.638114214 0.003071196 0.000111855 0.999995291 59.748134613
0.999957442 0.008674109 -0.003138547 1.132507801 -0.008673618 0.999962330 0.000170685 -1.651181936 0.003139909 -0.000143455 0.999994993 60.293758392
0.999957800 0.008499649 -0.003463157 1.145450473 -0.008500331 0.999963820 -0.000182528 -1.663484216 0.003461480 0.000211959 0.999993980 60.844463348
0.999955773 0.009009317 -0.002694188 1.146031976 -0.009009128 0.999959350 0.000082026 -1.679157019 0.002694818 -0.000057750 0.999996305 61.366886139
0.999955118 0.009005930 -0.002924255 1.153231859 -0.009005969 0.999959469 -0.000000555 -1.696147919 0.002924132 0.000026890 0.999995708 61.902984619
0.999956489 0.008948620 -0.002635597 1.162044048 -0.008948950 0.999960065 -0.000113781 -1.712024808 0.002634473 0.000137362 0.999996543 62.429397583
0.999953747 0.009314684 -0.002378765 1.165951133 -0.009314885 0.999956548 -0.000073447 -1.725605249 0.002377977 0.000095601 0.999997139 62.958812714
0.999953091 0.009432039 -0.002215780 1.170816422 -0.009432204 0.999955535 -0.000063836 -1.744175911 0.002215080 0.000084732 0.999997556 63.493324280
0.999953449 0.009389617 -0.002233921 1.180043578 -0.009390143 0.999955893 -0.000223307 -1.758606315 0.002231725 0.000244273 0.999997437 64.022315979
0.999956846 0.009012208 -0.002247386 1.185707211 -0.009011887 0.999959409 0.000151831 -1.774473667 0.002248663 -0.000131572 0.999997437 64.555397034
0.999956548 0.009078441 -0.002090634 1.193536282 -0.009078836 0.999958754 -0.000179884 -1.787346363 0.002088914 0.000198857 0.999997795 65.080284119
0.999954641 0.009257792 -0.002227707 1.204848647 -0.009257800 0.999957144 0.000005700 -1.804092407 0.002227664 0.000014924 0.999997497 65.607810974
0.999955237 0.009199441 -0.002198770 1.213151455 -0.009200600 0.999957561 -0.000515967 -1.814320803 0.002193930 0.000536174 0.999997377 66.155990601
0.999958217 0.008783592 -0.002510407 1.223662138 -0.008785531 0.999961138 -0.000762836 -1.834306955 0.002503609 0.000784860 0.999996543 66.723037720
0.999951065 0.009661007 -0.002117268 1.231404543 -0.009661935 0.999953151 -0.000428049 -1.848713517 0.002113034 0.000448485 0.999997675 67.203735352
0.999948144 0.009952317 -0.002155569 1.237577319 -0.009953395 0.999950349 -0.000489741 -1.866556168 0.002150588 0.000511171 0.999997556 67.723014832
0.999949455 0.009853801 -0.001962435 1.245960116 -0.009854971 0.999951243 -0.000587365 -1.882219791 0.001956552 0.000606675 0.999997854 68.252952576
0.999950171 0.009760461 -0.002060749 1.251270294 -0.009761540 0.999952197 -0.000514719 -1.898626208 0.002055626 0.000534810 0.999997735 68.770332336
0.999948919 0.009953191 -0.001731949 1.260364652 -0.009954689 0.999950051 -0.000859069 -1.911991119 0.001723312 0.000876267 0.999998152 69.317855835
0.999941230 0.010771343 -0.001235186 1.262540579 -0.010771644 0.999941945 -0.000237649 -1.938814402 0.001232554 0.000250940 0.999999225 69.821731567
0.999938309 0.011059333 -0.001061476 1.271284580 -0.011059377 0.999938905 -0.000037892 -1.954749823 0.001060992 0.000049629 0.999999464 70.369224548
0.999943852 0.010499071 -0.001400144 1.282539487 -0.010499727 0.999944746 -0.000461992 -1.968113542 0.001395217 0.000476668 0.999998927 70.882812500
0.999950588 0.009746862 -0.001932856 1.302354336 -0.009747292 0.999952495 -0.000213032 -1.990926266 0.001930688 0.000231861 0.999998093 71.406959534
0.999941707 0.010707654 -0.001378757 1.297329426 -0.010707931 0.999942660 -0.000192899 -2.006268978 0.001376612 0.000207651 0.999999046 71.944908142
0.999943137 0.010567508 -0.001429745 1.309184074 -0.010567299 0.999944150 0.000153276 -2.027751684 0.001431285 -0.000138158 0.999998987 72.473289490
0.999941766 0.010706795 -0.001345613 1.313125372 -0.010706522 0.999942660 0.000211594 -2.044379473 0.001347801 -0.000197175 0.999999046 73.002914429
0.999944806 0.010429010 -0.001276172 1.324522495 -0.010429239 0.999945581 -0.000173862 -2.059831381 0.001274289 0.000187162 0.999999166 73.533248901
0.999945045 0.010369268 -0.001495356 1.339983582 -0.010368787 0.999946117 0.000328068 -2.074563265 0.001498678 -0.000312545 0.999998808 74.062088013
0.999943912 0.010500512 -0.001397332 1.347207546 -0.010500227 0.999944866 0.000211560 -2.091516018 0.001399476 -0.000196876 0.999998987 74.595443726
0.999945581 0.010311935 -0.001593735 1.358176589 -0.010312288 0.999946952 -0.000213643 -2.104410172 0.001591446 0.000230066 0.999998689 75.123176575
0.999939561 0.010909572 -0.001316767 1.362466455 -0.010909722 0.999940455 -0.000107556 -2.122101545 0.001315515 0.000121915 0.999999106 75.649909973
0.999940515 0.010817157 -0.001407725 1.371169925 -0.010817573 0.999941468 -0.000288658 -2.136271238 0.001404521 0.000303868 0.999998927 76.195144653
0.999937177 0.011130682 -0.001340148 1.380843759 -0.011131478 0.999937892 -0.000585834 -2.152544022 0.001333544 0.000600715 0.999998868 76.724342346
0.999935925 0.011237398 -0.001347762 1.384271741 -0.011237768 0.999936759 -0.000269164 -2.168485880 0.001344651 0.000284292 0.999999046 77.254821777
0.999941051 0.010768095 -0.001376831 1.400740504 -0.010768520 0.999941945 -0.000301398 -2.188079834 0.001373506 0.000316206 0.999998987 77.777259827
0.999936521 0.011174082 -0.001438256 1.411317945 -0.011174913 0.999937415 -0.000571450 -2.200168610 0.001431781 0.000587486 0.999998808 78.326354980
0.999940336 0.010823784 -0.001463355 1.422051311 -0.010824424 0.999941349 -0.000429637 -2.216536522 0.001458618 0.000445451 0.999998808 78.869224548
0.999937117 0.011097956 -0.001619233 1.436871529 -0.011099048 0.999938190 -0.000665490 -2.232766628 0.001611747 0.000683420 0.999998391 79.408813477
0.999938190 0.011108366 -0.000344949 1.443517685 -0.011108590 0.999938071 -0.000658405 -2.243829250 0.000337614 0.000662197 0.999999642 79.958312988
0.999938667 0.011048921 0.000736600 1.454571366 -0.011048436 0.999938726 -0.000657886 -2.261561871 -0.000743824 0.000649707 0.999999523 80.492332458
0.999935210 0.011177269 0.002115574 1.465023279 -0.011175628 0.999937236 -0.000785699 -2.276903152 -0.002124223 0.000762006 0.999997377 81.032730103
0.999930561 0.011283411 0.003384513 1.474459171 -0.011281013 0.999936104 -0.000726644 -2.289780378 -0.003392495 0.000688413 0.999993980 81.560508728
0.999923766 0.010574256 0.006364376 1.500288486 -0.010567830 0.999943614 -0.001042489 -2.302056789 -0.006375041 0.000975152 0.999979198 82.077827454
0.999890089 0.010924552 0.010021709 1.515768766 -0.010915729 0.999939978 -0.000934655 -2.315734625 -0.010031317 0.000825158 0.999949276 82.601341248
0.999852538 0.010917201 0.013254948 1.539893389 -0.010901727 0.999939799 -0.001239126 -2.332170010 -0.013267679 0.001094441 0.999911308 83.141387939
0.999786854 0.011040522 0.017445566 1.564536333 -0.011020570 0.999938428 -0.001239532 -2.352767944 -0.017458180 0.001047008 0.999846995 83.668212891
0.999651790 0.011505988 0.023746727 1.581318140 -0.011471001 0.999932826 -0.001609075 -2.360848427 -0.023763649 0.001336116 0.999716699 84.231971741
0.999492109 0.011009309 0.029905062 1.614142179 -0.010965569 0.999938548 -0.001626182 -2.376056433 -0.029921124 0.001297430 0.999551415 84.758598328
0.999303699 0.010360984 0.035843167 1.649890542 -0.010290233 0.999944746 -0.002157798 -2.389878988 -0.035863537 0.001787461 0.999355078 85.299224854
0.998982608 0.010779027 0.043789845 1.691264153 -0.010700611 0.999940693 -0.002024787 -2.405543327 -0.043809067 0.001554149 0.999038696 85.855873108
0.998589098 0.010815241 0.051987607 1.738092661 -0.010686281 0.999939084 -0.002757946 -2.419055939 -0.052014273 0.002198502 0.998643935 86.409553528
0.998179018 0.010710472 0.059362482 1.787934780 -0.010570338 0.999940515 -0.002674163 -2.432364464 -0.059387594 0.002041811 0.998232901 86.944633484
0.997604251 0.010251677 0.068415269 1.840917587 -0.010091784 0.999945402 -0.002682314 -2.450870514 -0.068439037 0.001985455 0.997653306 87.513404846
0.996846676 0.010724291 0.078623287 1.909824371 -0.010546533 0.999940753 -0.002675806 -2.472651958 -0.078647338 0.001838166 0.996900797 88.037429810
0.996133864 0.010123155 0.087263227 1.971384525 -0.009896977 0.999946415 -0.003024185 -2.484398365 -0.087289169 0.002148851 0.996180713 88.602500916
0.995409727 0.010754937 0.095098779 2.039263248 -0.010529773 0.999940455 -0.002869205 -2.507584095 -0.095123976 0.001854666 0.995463729 89.148986816
0.994406044 0.010455998 0.105106495 2.117783546 -0.010126199 0.999942005 -0.003670932 -2.521125793 -0.105138786 0.002586067 0.994454205 89.689872742
0.993270874 0.010676488 0.115321264 2.202887535 -0.010413036 0.999941587 -0.002886699 -2.544173956 -0.115345351 0.001666429 0.993324041 90.239593506
0.992169797 0.009611831 0.124525383 2.292373657 -0.009211774 0.999950349 -0.003788056 -2.556613445 -0.124555610 0.002611295 0.992209196 90.790000916
0.990590751 0.009807577 0.136505395 2.381299019 -0.009404244 0.999949336 -0.003599289 -2.576302290 -0.136533782 0.002281692 0.990632892 91.324943542
0.988766134 0.010167815 0.149124622 2.476687431 -0.009736445 0.999945998 -0.003622467 -2.601708651 -0.149153426 0.002129829 0.988811731 91.892211914
0.986862421 0.011926063 0.161122411 2.575249672 -0.011688555 0.999928772 -0.002421871 -2.627490282 -0.161139816 0.000506766 0.986931443 92.377708435
0.985252321 0.009915709 0.170820057 2.701904297 -0.009419372 0.999948680 -0.003715861 -2.636072874 -0.170848161 0.002052043 0.985295177 93.014335632
0.982801318 0.009915455 0.184399486 2.815216064 -0.009305976 0.999947965 -0.004170367 -2.653547525 -0.184431240 0.002382625 0.982842505 93.549209595
0.980504990 0.009390278 0.196269199 2.951931000 -0.008808805 0.999953866 -0.003835383 -2.671186209 -0.196296126 0.002031715 0.980542541 94.105621338
0.978241563 0.010366773 0.207209662 3.078184128 -0.009987821 0.999945998 -0.002874919 -2.700392723 -0.207228243 0.000742793 0.978292286 94.602531433
0.975532949 0.009232903 0.219659090 3.229213715 -0.008644704 0.999955952 -0.003638834 -2.712652445 -0.219683021 0.001650915 0.975569844 95.194183350
0.972519934 0.007585709 0.232696190 3.382038116 -0.006562165 0.999965072 -0.005172445 -2.720881939 -0.232727274 0.003503316 0.972535729 95.723678589
0.969694138 0.008122151 0.244186878 3.527116776 -0.007479507 0.999965727 -0.003558904 -2.744200468 -0.244207397 0.001624651 0.969721615 96.211914062
0.966790259 0.008518665 0.255429178 3.687286377 -0.007926226 0.999962986 -0.003348687 -2.788794518 -0.255448282 0.001212888 0.966821909 96.784042358
0.963006437 0.009584767 0.269308001 3.854225159 -0.009335347 0.999953985 -0.002206875 -2.804630756 -0.269316733 -0.000388850 0.963051558 97.213989258
0.959620416 0.008213826 0.281178236 4.025421143 -0.007521766 0.999965429 -0.003540467 -2.824482918 -0.281197667 0.001282548 0.959649026 97.809707642
0.955892742 0.009038184 0.293577135 4.212364197 -0.008339642 0.999958694 -0.003631098 -2.845382452 -0.293597788 0.001022613 0.955928504 98.338294983
0.951732218 0.007807327 0.306830257 4.399900436 -0.007034095 0.999968708 -0.003625812 -2.860197067 -0.306848973 0.001292530 0.951757371 98.869293213
0.947173536 0.007148206 0.320641994 4.606466293 -0.006262599 0.999973238 -0.003793164 -2.875052214 -0.320660472 0.001584733 0.947192907 99.394569397
0.943241358 0.007081625 0.332032919 4.804950714 -0.005976210 0.999972701 -0.004350238 -2.887131214 -0.332054704 0.002119025 0.943257689 99.910011292
0.938557923 0.006323805 0.345064044 5.017728806 -0.005232114 0.999977946 -0.004094958 -2.908818722 -0.345082343 0.002037940 0.938570142 100.413246155
0.933308303 0.006325416 0.359020591 5.235868454 -0.005203941 0.999978125 -0.004090006 -2.931052685 -0.359038591 0.001948915 0.933320642 100.905464172
0.928676784 0.005031141 0.370856047 5.470121384 -0.003749214 0.999984264 -0.004177508 -2.946683884 -0.370871186 0.002489135 0.928680956 101.372879028
0.924041271 0.005287482 0.382256210 5.700571060 -0.004109283 0.999983966 -0.003898559 -2.992181301 -0.382270664 0.002031631 0.924048185 101.789001465
0.917465985 0.005616593 0.397774488 5.915752411 -0.004606534 0.999983251 -0.003494845 -3.016797066 -0.397787541 0.001374039 0.917476535 102.407928467
0.912076235 0.004704637 0.409993619 6.198379517 -0.003524594 0.999987245 -0.003633908 -3.027463913 -0.410005480 0.001869341 0.912081242 102.855979919
0.906643093 0.005294717 0.421865135 6.403427124 -0.004244553 0.999985158 -0.003428450 -3.052057743 -0.421876997 0.001317751 0.906652153 103.370819092
0.900855660 0.003877759 0.434101224 6.670799255 -0.002548683 0.999990106 -0.003643677 -3.073987484 -0.434111089 0.002176042 0.900856733 103.889083862
0.894092500 0.005264302 0.447851181 6.929893494 -0.004311503 0.999985754 -0.003146902 -3.087849855 -0.447861433 0.000882709 0.894102514 104.340011597
0.888544917 0.003770575 0.458774209 7.218193054 -0.002221366 0.999989808 -0.003916424 -3.106831312 -0.458784312 0.002460814 0.888544261 104.854370117
0.882484138 0.003513590 0.470329046 7.475593567 -0.002229539 0.999992073 -0.003287121 -3.138174057 -0.470336884 0.001852215 0.882485032 105.278884888
0.874858201 0.002922426 0.484370261 7.763851166 -0.001444322 0.999993026 -0.003424715 -3.172246933 -0.484376907 0.002296553 0.874856412 105.832931519
0.867601573 0.002398635 0.497254252 8.057025909 -0.000866961 0.999994159 -0.003311071 -3.193961382 -0.497259378 0.002441589 0.867598534 106.314331055
0.861462831 0.002779015 0.507812977 8.352409363 -0.001341585 0.999993920 -0.003196597 -3.204683304 -0.507818758 0.002072475 0.861461401 106.753807068
