1.000000000 0.000000000 0.000000000 0.000000000 0.000000000 1.000000000 0.000000000 0.000000000 0.000000000 0.000000000 1.000000000 0.000000000
1.000000000 -0.000055919 -0.000016707 0.000196964 0.000055919 1.000000000 0.000029306 0.000026846 0.000016705 -0.000029307 1.000000000 0.000449482
1.000000000 0.000015251 -0.000008501 0.000426204 -0.000015252 1.000000000 -0.000082467 0.001049976 0.000008500 0.000082467 1.000000000 0.000598584
1.000000000 -0.000023422 0.000020735 -0.000276879 0.000023423 1.000000000 -0.000040412 0.000932568 -0.000020734 0.000040412 1.000000000 0.000764091
1.000000000 0.000046951 -0.000019639 0.000554042 -0.000046951 1.000000000 -0.000007344 0.000184188 0.000019639 0.000007345 1.000000000 0.000311724
1.000000000 0.000082800 0.000007989 -0.000076326 -0.000082800 1.000000000 -0.000003155 0.000286973 -0.000007989 0.000003154 1.000000000 0.000223251
1.000000000 0.000048623 0.000005717 -0.000074471 -0.000048622 1.000000000 -0.000107897 0.000808253 -0.000005723 0.000107896 1.000000000 0.000082054
1.000000000 0.000041042 0.000018676 -0.000161360 -0.000041040 1.000000000 -0.000097064 0.000674203 -0.000018680 0.000097063 1.000000000 0.000370635
1.000000000 0.000072049 0.000048796 -0.000759354 -0.000072047 1.000000000 -0.000045132 0.000703735 -0.000048799 0.000045129 1.000000000 0.000143789
1.000000000 0.000066553 0.000028552 0.000200492 -0.000066549 1.000000000 -0.000155644 0.001871069 -0.000028562 0.000155642 1.000000000 0.001741407
1.000000000 0.000073377 0.000016373 -0.000340532 -0.000073376 1.000000000 -0.000064975 0.000962794 -0.000016378 0.000064973 1.000000000 0.000018852
1.000000000 -0.000023163 -0.000010236 -0.000051390 0.000023162 1.000000000 -0.000074766 0.001001503 0.000010237 0.000074766 1.000000000 0.000700381
1.000000000 0.000165068 0.000059889 -0.000884238 -0.000165064 1.000000000 -0.000063952 0.000997579 -0.000059899 0.000063942 1.000000000 0.000596139
1.000000000 -0.000019301 0.000036747 0.000155364 0.000019303 1.000000000 -0.000038940 0.000558919 -0.000036746 0.000038941 1.000000000 0.000157193
1.000000000 0.000068165 0.000098405 -0.000658521 -0.000068157 1.000000000 -0.000080462 0.001116934 -0.000098410 0.000080455 1.000000000 0.001131036
1.000000000 0.000072022 0.000100509 -0.001143944 -0.000072012 1.000000000 -0.000099979 0.001285701 -0.000100516 0.000099972 1.000000000 0.001087946
1.000000000 0.000047179 0.000095392 -0.000657569 -0.000047167 1.000000000 -0.000121051 0.001969708 -0.000095398 0.000121047 1.000000000 0.001285374
1.000000000 0.000044339 0.000140973 -0.000939816 -0.000044322 1.000000000 -0.000116819 0.001621146 -0.000140978 0.000116813 1.000000000 0.001984522
1.000000000 0.000062448 0.000109653 -0.001034416 -0.000062443 1.000000000 -0.000041612 0.000764307 -0.000109655 0.000041606 1.000000000 0.000605668
1.000000000 0.000066256 0.000053784 -0.001117377 -0.000066251 1.000000000 -0.000102201 0.001548336 -0.000053791 0.000102198 1.000000000 0.000839087
1.000000000 0.000084043 0.000085526 -0.001044251 -0.000084028 1.000000000 -0.000176946 0.002042254 -0.000085541 0.000176939 1.000000000 0.002019879
1.000000000 0.000068131 0.000024926 -0.000611498 -0.000068129 1.000000000 -0.000075777 0.001055336 -0.000024932 0.000075775 1.000000000 0.001056777
0.999999940 0.000242759 0.000115903 -0.001834995 -0.000242747 0.999999940 -0.000105880 0.002060059 -0.000115928 0.000105852 1.000000000 0.002263397
1.000000000 0.000130369 0.000107830 -0.000759121 -0.000130353 1.000000000 -0.000149635 0.001711409 -0.000107850 0.000149621 1.000000000 0.001640392
1.000000000 0.000106119 0.000123509 -0.001262794 -0.000106113 1.000000000 -0.000045454 0.001625395 -0.000123514 0.000045441 1.000000000 0.001682879
1.000000000 0.000099496 0.000116471 -0.000671202 -0.000099483 1.000000000 -0.000104822 0.002092829 -0.000116481 0.000104810 1.000000000 0.002026057
1.000000000 0.000184563 0.000102464 -0.001160504 -0.000184553 1.000000000 -0.000106026 0.001356398 -0.000102483 0.000106007 1.000000000 0.001324320
1.000000000 0.000104427 0.000082489 -0.000947180 -0.000104423 1.000000000 -0.000047130 0.001304422 -0.000082494 0.000047122 1.000000000 0.001077510
1.000000000 0.000131819 0.000126690 -0.001120509 -0.000131806 1.000000000 -0.000097993 0.001439332 -0.000126703 0.000097976 1.000000000 0.001759554
1.000000000 0.000149880 0.000119608 -0.000590059 -0.000149879 1.000000000 -0.000009522 0.000314918 -0.000119609 0.000009504 1.000000000 0.000179542
1.000000000 0.000172347 0.000098865 -0.001208840 -0.000172342 1.000000000 -0.000041110 0.001204393 -0.000098872 0.000041093 1.000000000 0.001659056
1.000000000 0.000116981 0.000115301 -0.001070589 -0.000116978 1.000000000 -0.000025720 0.000732761 -0.000115304 0.000025706 1.000000000 0.000931658
1.000000000 0.000129069 0.000118038 -0.001449521 -0.000129059 1.000000000 -0.000087385 0.001331854 -0.000118050 0.000087370 1.000000000 0.001010322
1.000000000 0.000145465 0.000167793 -0.001100771 -0.000145442 1.000000000 -0.000133854 0.001361745 -0.000167812 0.000133830 1.000000000 0.000857043
1.000000000 0.000125757 0.000105310 -0.001251760 -0.000125755 1.000000000 -0.000021327 0.000865973 -0.000105313 0.000021314 1.000000000 0.001272601
1.000000000 0.000107133 0.000084315 -0.000693915 -0.000107132 1.000000000 -0.000018119 0.001052739 -0.000084317 0.000018110 1.000000000 0.001156878
0.999999940 0.000236188 0.000128328 -0.001959677 -0.000236176 0.999999940 -0.000093652 0.001838991 -0.000128350 0.000093621 1.000000000 0.001311501
0.999999940 0.000253802 0.000093041 -0.000666531 -0.000253797 0.999999940 -0.000050401 0.001285429 -0.000093054 0.000050377 1.000000000 0.000598658
1.000000000 0.000172231 0.000073379 -0.000402782 -0.000172223 1.000000000 -0.000116402 0.001295301 -0.000073399 0.000116389 1.000000000 0.002227784
1.000000000 0.000107704 0.000139204 0.000317149 -0.000107598 0.999999702 -0.000763904 -0.001467318 -0.000139286 0.000763889 0.999999702 0.049303852
1.000000000 0.000134117 0.000047080 0.001699055 -0.000134050 0.999998987 -0.001425093 -0.002466283 -0.000047271 0.001425087 0.999998987 0.139178142
0.999999940 0.000250665 0.000007615 0.005093930 -0.000250654 0.999999046 -0.001372803 -0.007675061 -0.000007959 0.001372801 0.999999046 0.251106709
0.999999940 0.000156064 -0.000029631 0.009457000 -0.000156104 0.999999046 -0.001367219 -0.010755018 0.000029418 0.001367223 0.999999046 0.381179452
0.999999940 0.000250228 0.000062721 0.009875572 -0.000250153 0.999999285 -0.001192576 -0.015828062 -0.000063020 0.001192560 0.999999285 0.526649594
0.999999940 0.000173070 0.000075535 0.013008462 -0.000172987 0.999999404 -0.001090187 -0.020985145 -0.000075723 0.001090174 0.999999404 0.679946005
0.999999940 0.000134229 0.000150432 0.015985841 -0.000134095 0.999999583 -0.000889552 -0.025163405 -0.000150551 0.000889532 0.999999583 0.842161417
0.999999940 0.000241051 0.000111230 0.019639682 -0.000240974 0.999999642 -0.000695268 -0.030837206 -0.000111397 0.000695240 0.999999762 1.015110016
0.999999940 0.000137129 0.000076168 0.023215976 -0.000137077 0.999999702 -0.000690227 -0.035249867 -0.000076263 0.000690217 0.999999702 1.195129395
0.999999940 0.000323883 0.000211270 0.025527000 -0.000323806 0.999999881 -0.000364397 -0.042129632 -0.000211388 0.000364329 0.999999940 1.375857830
1.000000000 0.000016786 -0.000070697 0.031114860 -0.000016814 0.999999940 -0.000389237 -0.046028227 0.000070690 0.000389238 1.000000000 1.568946719
0.999999940 0.000221362 0.000179511 0.032346331 -0.000221336 0.999999881 -0.000147072 -0.052285261 -0.000179543 0.000147032 0.999999940 1.768727303
0.999999940 0.000258701 0.000267107 0.035009284 -0.000258680 1.000000000 -0.000077094 -0.058431212 -0.000267127 0.000077025 0.999999940 1.971930504
0.999999821 0.000163131 0.000415706 0.039104704 -0.000163085 0.999999940 -0.000110499 -0.065358981 -0.000415724 0.000110431 0.999999881 2.181539536
0.999999821 0.000143654 0.000548454 0.044146702 -0.000143641 1.000000000 -0.000023698 -0.071178600 -0.000548458 0.000023619 0.999999821 2.397848129
0.999999762 0.000295913 0.000676219 0.048025347 -0.000295978 0.999999940 0.000096120 -0.078829624 -0.000676191 -0.000096320 0.999999762 2.621408939
0.999999583 0.000581259 0.000699687 0.052450538 -0.000581227 0.999999821 -0.000046283 -0.084296554 -0.000699714 0.000045877 0.999999702 2.850208998
0.999999762 0.000499264 0.000547964 0.058900140 -0.000499295 0.999999881 0.000056719 -0.089376651 -0.000547936 -0.000056993 0.999999821 3.088996172
0.999999464 0.000487885 0.000918533 0.062499925 -0.000488013 0.999999881 0.000138698 -0.098593049 -0.000918465 -0.000139147 0.999999583 3.329462528
0.999999583 0.000343948 0.000865435 0.067489214 -0.000343817 0.999999940 -0.000151656 -0.104126908 -0.000865487 0.000151359 0.999999583 3.579314947
0.999999166 0.000681980 0.001093021 0.070263796 -0.000682099 0.999999702 0.000108551 -0.112610757 -0.001092947 -0.000109297 0.999999404 3.839498520
0.999998391 0.000984050 0.001479477 0.075118050 -0.000984445 0.999999464 0.000266486 -0.119371273 -0.001479214 -0.000267942 0.999998868 4.099923611
0.999998748 0.000778320 0.001398239 0.081457414 -0.000778864 0.999999642 0.000389013 -0.128638342 -0.001397935 -0.000390102 0.999998927 4.354264736
0.999998391 0.000840801 0.001588397 0.085321650 -0.000841278 0.999999583 0.000300073 -0.134572834 -0.001588144 -0.000301409 0.999998689 4.616707802
0.999998212 0.000695603 0.001770790 0.091302142 -0.000696397 0.999999583 0.000447898 -0.143032953 -0.001770478 -0.000449130 0.999998331 4.876709461
0.999997735 0.000929349 0.001918563 0.097645484 -0.000930292 0.999999464 0.000490442 -0.148135960 -0.001918106 -0.000492226 0.999998033 5.141051292
0.999997675 0.001048819 0.001845477 0.103016421 -0.001049063 0.999999404 0.000131259 -0.154204488 -0.001845338 -0.000133195 0.999998271 5.406208038
0.999997377 0.001038912 0.002013376 0.109054744 -0.001039031 0.999999464 0.000058189 -0.162385121 -0.002013315 -0.000060281 0.999997973 5.675082684
0.999997973 0.000794094 0.001811637 0.115516469 -0.000794799 0.999999583 0.000388624 -0.168553486 -0.001811327 -0.000390064 0.999998271 5.952484131
0.999997318 0.001111256 0.001990441 0.119339041 -0.001112237 0.999999225 0.000491637 -0.178052947 -0.001989893 -0.000493850 0.999997914 6.232506275
0.999997497 0.001083899 0.001931451 0.127003208 -0.001084573 0.999999344 0.000348150 -0.185189679 -0.001931072 -0.000350244 0.999998033 6.521288872
0.999997795 0.001148181 0.001768665 0.133959785 -0.001148501 0.999999344 0.000179643 -0.191717446 -0.001768457 -0.000181674 0.999998391 6.813913822
0.999997377 0.001254354 0.001914857 0.139475018 -0.001254868 0.999999106 0.000267102 -0.201703355 -0.001914520 -0.000269505 0.999998093 7.113586426
0.999997556 0.001124597 0.001893170 0.145479470 -0.001125694 0.999999225 0.000578380 -0.213883057 -0.001892518 -0.000580510 0.999997973 7.410793304
0.999998271 0.000781364 0.001666399 0.153323174 -0.000781842 0.999999583 0.000286428 -0.222221121 -0.001666174 -0.000287730 0.999998569 7.716932297
0.999998569 0.000613529 0.001578279 0.162078783 -0.000614243 0.999999702 0.000451793 -0.230998978 -0.001578001 -0.000452761 0.999998629 8.034666061
0.999998510 0.000884330 0.001497011 0.165996999 -0.000885222 0.999999404 0.000595068 -0.240131885 -0.001496484 -0.000596393 0.999998629 8.355827332
0.999998152 0.000811939 0.001699683 0.172950566 -0.000812948 0.999999523 0.000593459 -0.248871133 -0.001699200 -0.000594840 0.999998391 8.686751366
0.999998450 0.000728140 0.001588721 0.180604219 -0.000729224 0.999999523 0.000681562 -0.258809388 -0.001588223 -0.000682720 0.999998510 9.017486572
0.999998331 0.000850017 0.001599927 0.187891454 -0.000850788 0.999999523 0.000481297 -0.267379373 -0.001599517 -0.000482658 0.999998629 9.360973358
0.999998569 0.000792070 0.001502210 0.195534512 -0.000792691 0.999999523 0.000412965 -0.280049622 -0.001501883 -0.000414156 0.999998808 9.695143700
0.999998391 0.001070620 0.001426049 0.203646928 -0.001071693 0.999999106 0.000751858 -0.289672673 -0.001425243 -0.000753385 0.999998629 10.047829628
0.999998033 0.001044268 0.001646960 0.211082548 -0.001045462 0.999999166 0.000724254 -0.301699817 -0.001646202 -0.000725974 0.999998331 10.403698921
0.999998212 0.000984006 0.001599931 0.218888536 -0.000985186 0.999999166 0.000737163 -0.310615003 -0.001599204 -0.000738738 0.999998391 10.766221046
0.999998093 0.000793782 0.001782255 0.225821689 -0.000795437 0.999999166 0.000928223 -0.320074797 -0.001781517 -0.000929639 0.999997973 11.140234947
0.999997854 0.000949260 0.001840013 0.234582141 -0.000950843 0.999999166 0.000859238 -0.332632363 -0.001839196 -0.000860985 0.999997914 11.512491226
0.999998689 0.000838591 0.001376932 0.246598333 -0.000839780 0.999999285 0.000863373 -0.340933323 -0.001376207 -0.000864528 0.999998689 11.893775940
0.999998331 0.001054832 0.001510013 0.252763242 -0.001056100 0.999999106 0.000839207 -0.352497548 -0.001509127 -0.000840800 0.999998510 12.279208183
0.999998093 0.000927829 0.001710731 0.263162196 -0.000929407 0.999999166 0.000922371 -0.365908742 -0.001709874 -0.000923959 0.999998093 12.666275024
0.999997675 0.000915736 0.001965016 0.270086139 -0.000918622 0.999998510 0.001467927 -0.378727525 -0.001963669 -0.001469728 0.999997020 13.064856529
0.999996603 0.000918354 0.002420107 0.277785122 -0.000921228 0.999998868 0.001186751 -0.390688032 -0.002419014 -0.001188976 0.999996364 13.471123695
0.999995470 0.001365445 0.002688257 0.285648316 -0.001368488 0.999998569 0.001130591 -0.397554606 -0.002686708 -0.001134264 0.999995768 13.890191078
0.999994993 0.001530230 0.002768580 0.294622004 -0.001533488 0.999998152 0.001175051 -0.407584250 -0.002766777 -0.001179291 0.999995530 14.306687355
0.999993265 0.001541704 0.003329249 0.306988120 -0.001545807 0.999997973 0.001230215 -0.421819657 -0.003327346 -0.001235353 0.999993682 14.716890335
0.999992669 0.001574098 0.003490135 0.316651374 -0.001578683 0.999997914 0.001311361 -0.432573646 -0.003488063 -0.001316861 0.999993026 15.148023605
0.999993443 0.001301075 0.003373039 0.325694621 -0.001306578 0.999997735 0.001629857 -0.445955694 -0.003370911 -0.001634253 0.999992967 15.583508492
0.999991894 0.001139108 0.003850537 0.337339967 -0.001145000 0.999998152 0.001528329 -0.459214866 -0.003848789 -0.001532726 0.999991417 16.022531509
0.999989927 0.001349276 0.004281220 0.347463876 -0.001355932 0.999997854 0.001552218 -0.468905926 -0.004279116 -0.001558007 0.999989629 16.465036392
0.999991179 0.001111270 0.004048957 0.359815657 -0.001115888 0.999998689 0.001138544 -0.478583694 -0.004047687 -0.001143052 0.999991119 16.915245056
0.999988735 0.001248505 0.004576938 0.369882315 -0.001255763 0.999997973 0.001583149 -0.491744190 -0.004574952 -0.001588879 0.999988258 17.377828598
0.999989390 0.001219026 0.004435826 0.383581579 -0.001226611 0.999997795 0.001707632 -0.504277468 -0.004433735 -0.001713056 0.999988616 17.841077805
0.999987483 0.001108809 0.004870013 0.395905823 -0.001115671 0.999998391 0.001406451 -0.514767766 -0.004868446 -0.001411867 0.999987125 18.308828354
0.999984622 0.001333950 0.005378097 0.406461537 -0.001343266 0.999997616 0.001728929 -0.527765155 -0.005375778 -0.001736127 0.999984026 18.781425476
0.999984324 0.001100760 0.005492473 0.418068051 -0.001109615 0.999998093 0.001609317 -0.539951742 -0.005490691 -0.001615386 0.999983609 19.261116028
0.999981165 0.001615604 0.005918323 0.430219561 -0.001624385 0.999997616 0.001479129 -0.551180899 -0.005915917 -0.001488715 0.999981344 19.747781754
0.999981701 0.001339182 0.005902568 0.442081213 -0.001349356 0.999997556 0.001719809 -0.566177964 -0.005900252 -0.001727742 0.999981105 20.230394363
0.999979317 0.001496800 0.006253316 0.454159319 -0.001508807 0.999996960 0.001915734 -0.579273224 -0.006250432 -0.001925130 0.999978602 20.721555710
0.999983907 0.001650112 0.005433008 0.467417121 -0.001660226 0.999996901 0.001857620 -0.588864267 -0.005429926 -0.001866610 0.999983490 21.223060608
0.999986351 0.001098339 0.005110340 0.479804814 -0.001107357 0.999997854 0.001762321 -0.601307273 -0.005108393 -0.001767956 0.999985397 21.725685120
0.999984801 0.001549988 0.005286708 0.488674521 -0.001558091 0.999997616 0.001529095 -0.613077700 -0.005284326 -0.001537310 0.999984860 22.238527298
0.999985695 0.001488490 0.005124034 0.499440551 -0.001497377 0.999997377 0.001730946 -0.628082216 -0.005121444 -0.001738594 0.999985397 22.750333786
0.999983311 0.002216397 0.005331462 0.507257342 -0.002224061 0.999996483 0.001431963 -0.640645862 -0.005328269 -0.001443797 0.999984682 23.272447586
0.999988317 0.001673280 0.004529209 0.524544179 -0.001680881 0.999997139 0.001674896 -0.655852437 -0.004526394 -0.001682489 0.999988258 23.794300079
0.999990404 0.001001495 0.004256445 0.532724321 -0.001006800 0.999998748 0.001244403 -0.672672570 -0.004255193 -0.001248676 0.999990165 24.315170288
0.999992251 0.001418888 0.003676946 0.546769917 -0.001424080 0.999997973 0.001409789 -0.686014473 -0.003674938 -0.001415015 0.999992251 24.855213165
0.999992549 0.002154815 0.003193874 0.557411313 -0.002159661 0.999996543 0.001515058 -0.701701939 -0.003190598 -0.001521945 0.999993742 25.383314133
0.999992192 0.002611092 0.002975860 0.566783309 -0.002616303 0.999995053 0.001748852 -0.715894997 -0.002971279 -0.001756624 0.999994040 25.921709061
0.999992430 0.002862276 0.002639691 0.581118345 -0.002866711 0.999994457 0.001678003 -0.730692446 -0.002634874 -0.001685558 0.999995112 26.472774506
0.999995947 0.001956017 0.002053187 0.594994485 -0.001960305 0.999996006 0.002088507 -0.741833150 -0.002049093 -0.002092524 0.999995708 27.028848648
0.999996126 0.002138742 0.001749470 0.606661797 -0.002142461 0.999995410 0.002126935 -0.759445965 -0.001744913 -0.002130675 0.999996185 27.578680038
0.999991536 0.003317397 0.002402791 0.612220287 -0.003322152 0.999992549 0.001977404 -0.773982882 -0.002396213 -0.001985369 0.999995112 28.125236511
0.999990880 0.003506177 0.002442614 0.616912603 -0.003511089 0.999991775 0.002009177 -0.783937275 -0.002435549 -0.002017735 0.999994993 28.673978806
0.999989569 0.003933125 0.002326654 0.630601048 -0.003938705 0.999989390 0.002398422 -0.804622054 -0.002317196 -0.002407562 0.999994397 29.212631226
0.999990463 0.003680574 0.002321008 0.641640663 -0.003686130 0.999990344 0.002393712 -0.820169806 -0.002312175 -0.002402245 0.999994397 29.754091263
0.999990463 0.004045724 0.001649366 0.652994156 -0.004049742 0.999988794 0.002440185 -0.833950937 -0.001639475 -0.002446842 0.999995649 30.302724838
0.999990106 0.004085867 0.001752310 0.664381444 -0.004089771 0.999989152 0.002229713 -0.847257495 -0.001743181 -0.002236857 0.999996006 30.854295731
0.999989271 0.004296284 0.001747717 0.675321102 -0.004299773 0.999988735 0.001998133 -0.859193265 -0.001739112 -0.002005626 0.999996483 31.403089523
0.999986529 0.004912836 0.001687823 0.684079409 -0.004916356 0.999985754 0.002087175 -0.875816524 -0.001677545 -0.002095445 0.999996364 31.946598053
0.999991894 0.003809682 0.001251733 0.702862740 -0.003812519 0.999990165 0.002271615 -0.895249724 -0.001243066 -0.002276369 0.999996662 32.490371704
0.999990642 0.004036767 0.001572284 0.708704889 -0.004040617 0.999988854 0.002452723 -0.906662941 -0.001562366 -0.002459053 0.999995708 33.047370911
0.999990761 0.004026206 0.001469157 0.721697628 -0.004029415 0.999989510 0.002188361 -0.921432018 -0.001460330 -0.002194260 0.999996543 33.591972351
0.999991059 0.004110222 0.001010728 0.736654222 -0.004112811 0.999988377 0.002574106 -0.939115286 -0.001000136 -0.002578239 0.999996126 34.142940521
0.999990463 0.004286843 0.000849918 0.745842457 -0.004288975 0.999987602 0.002521874 -0.950507283 -0.000839097 -0.002525495 0.999996424 34.692584991
0.999992609 0.003817694 0.000274345 0.761541486 -0.003818423 0.999989033 0.002709310 -0.968453050 -0.000263999 -0.002710338 0.999996305 35.234577179
0.999991536 0.004101237 0.000336198 0.773803294 -0.004102068 0.999988377 0.002509530 -0.977819860 -0.000325902 -0.002510888 0.999996781 35.781974792
0.999992490 0.003878610 0.000110167 0.785320461 -0.003878863 0.999989629 0.002394543 -0.992742836 -0.000100878 -0.002394953 0.999997079 36.339496613
0.999993563 0.003561995 0.000089552 0.796835840 -0.003562203 0.999990642 0.002447484 -1.006725073 -0.000080832 -0.002447787 0.999997020 36.893211365
0.999991894 0.004010298 -0.000267034 0.806071341 -0.004009678 0.999989331 0.002281288 -1.018424034 0.000276180 -0.002280200 0.999997377 37.449058533
0.999992251 0.003911885 -0.000167818 0.817016304 -0.003911507 0.999989927 0.002189674 -1.032495260 0.000176382 -0.002189000 0.999997556 38.002868652
0.999993324 0.003627679 -0.000465102 0.829269588 -0.003626687 0.999991179 0.002115466 -1.044376612 0.000472772 -0.002113766 0.999997616 38.551395416
0.999991715 0.004054008 -0.000429651 0.842273235 -0.004053117 0.999989688 0.002054737 -1.056700945 0.000437976 -0.002052978 0.999997735 39.098491669
0.999992847 0.003727021 -0.000669506 0.858500123 -0.003725784 0.999991357 0.001839771 -1.070380807 0.000676357 -0.001837264 0.999998033 39.644374847
0.999992907 0.003746639 -0.000446541 0.869627714 -0.003745744 0.999990940 0.001989394 -1.085713983 0.000453990 -0.001987707 0.999997914 40.188346863
0.999992371 0.003839176 -0.000594062 0.880656660 -0.003837975 0.999990642 0.002010767 -1.099574089 0.000601775 -0.002008472 0.999997795 40.741710663
0.999992728 0.003778926 -0.000470300 0.893217862 -0.003777936 0.999990702 0.002089167 -1.112322688 0.000478191 -0.002087375 0.999997735 41.290988922
0.999992609 0.003781199 -0.000697892 0.903375506 -0.003779853 0.999990940 0.001920832 -1.126371384 0.000705148 -0.001918180 0.999997914 41.836662292
0.999992549 0.003786955 -0.000674325 0.913976789 -0.003785777 0.999991238 0.001740229 -1.139640927 0.000680909 -0.001737663 0.999998271 42.390216827
0.999991477 0.004124080 -0.000484555 0.925986171 -0.004123216 0.999989867 0.001773732 -1.151633263 0.000491865 -0.001771719 0.999998331 42.942329407
0.999991238 0.004184212 -0.000515643 0.938870668 -0.004183425 0.999990106 0.001517172 -1.166135788 0.000521986 -0.001515001 0.999998629 43.487693787
0.999992013 0.003929554 -0.000717299 0.953348219 -0.003928204 0.999990463 0.001875731 -1.184447527 0.000724663 -0.001872899 0.999997973 44.033252716
0.999994159 0.003289617 -0.000900692 0.969843388 -0.003287308 0.999991357 0.002554893 -1.203345895 0.000909089 -0.002551917 0.999996305 44.577045441
0.999992728 0.003779682 -0.000299561 0.977879643 -0.003779087 0.999990940 0.001964797 -1.212046266 0.000306984 -0.001963651 0.999997973 45.129016876
0.999990344 0.004389655 0.000120946 0.986558080 -0.004389816 0.999989390 0.001359315 -1.221938729 -0.000114978 -0.001359833 0.999999046 45.680030823
0.999989927 0.004495747 -0.000149552 0.999029994 -0.004495522 0.999988854 0.001465790 -1.237992764 0.000156141 -0.001465103 0.999998868 46.221519470
0.999989808 0.004467483 0.000580874 1.007028937 -0.004468378 0.999988794 0.001548938 -1.252412438 -0.000573948 -0.001551518 0.999998569 46.770942688
0.999989986 0.004404823 0.000739453 1.018926740 -0.004405951 0.999989092 0.001531369 -1.264958978 -0.000732701 -0.001534611 0.999998510 47.327922821
0.999993920 0.003463584 0.000383344 1.031290650 -0.003464446 0.999991417 0.002270596 -1.283036351 -0.000375476 -0.002271911 0.999997377 47.879207611
0.999989152 0.004491007 0.001228585 1.037926674 -0.004493098 0.999988377 0.001704256 -1.291952491 -0.001220917 -0.001709758 0.999997795 48.434196472
0.999990284 0.004228593 0.001252649 1.054012895 -0.004231068 0.999989092 0.001979113 -1.308279634 -0.001244266 -0.001984394 0.999997199 48.980934143
0.999989808 0.004351188 0.001161046 1.062065482 -0.004353234 0.999988973 0.001763877 -1.322629571 -0.001153358 -0.001768913 0.999997795 49.527362823
0.999989808 0.004316182 0.001275933 1.079383492 -0.004318667 0.999988794 0.001951215 -1.339289904 -0.001267496 -0.001956705 0.999997258 50.074920654
0.999990880 0.003950320 0.001633135 1.091165185 -0.003954144 0.999989450 0.002344722 -1.356159806 -0.001623857 -0.002351159 0.999995887 50.624763489
0.999991119 0.003833069 0.001714393 1.104111671 -0.003836120 0.999991000 0.001780302 -1.369136810 -0.001707553 -0.001786863 0.999996960 51.166217804
0.999988437 0.004390721 0.001976685 1.112155080 -0.004395557 0.999987483 0.002448324 -1.384956360 -0.001965910 -0.002456985 0.999995053 51.714511871
0.999991953 0.003638025 0.001703250 1.127294183 -0.003641520 0.999991238 0.002053577 -1.396546125 -0.001695766 -0.002059763 0.999996424 52.259269714
0.999988317 0.004357609 0.002158848 1.134967208 -0.004361571 0.999988735 0.001833646 -1.411821365 -0.002150835 -0.001843040 0.999996006 52.809440613
0.999989152 0.003969655 0.002401600 1.146891594 -0.003974032 0.999990582 0.001820302 -1.423500419 -0.002394351 -0.001829826 0.999995470 53.355327606
0.999989271 0.003850777 0.002540728 1.158603668 -0.003855468 0.999990880 0.001843986 -1.437889099 -0.002533604 -0.001853763 0.999995053 53.912425995
0.999987245 0.004070987 0.002982415 1.172990322 -0.004075706 0.999990463 0.001578959 -1.450902820 -0.002975957 -0.001591095 0.999994278 54.464828491
0.999988377 0.004022740 0.002655265 1.184494972 -0.004026970 0.999990642 0.001589775 -1.465350628 -0.002648845 -0.001600449 0.999995232 55.012947083
0.999988437 0.004046608 0.002607639 1.194662929 -0.004049516 0.999991179 0.001111088 -1.476024508 -0.002603120 -0.001121635 0.999995947 55.559242249
0.999990761 0.003551619 0.002426316 1.215405464 -0.003554784 0.999992847 0.001301385 -1.491711140 -0.002421677 -0.001309998 0.999996185 56.103126526
0.999991179 0.003493682 0.002322027 1.226012468 -0.003496699 0.999993026 0.001296093 -1.505038738 -0.002317481 -0.001304201 0.999996483 56.652969360
0.999990463 0.003444755 0.002693259 1.239286780 -0.003448516 0.999993086 0.001393172 -1.522195578 -0.002688441 -0.001402446 0.999995410 57.202194214
0.999990106 0.003423178 0.002836522 1.252732992 -0.003426767 0.999993443 0.001261622 -1.537093043 -0.002832184 -0.001271330 0.999995172 57.744190216
0.999989033 0.003428738 0.003198483 1.260862350 -0.003432102 0.999993563 0.001046423 -1.549108267 -0.003194874 -0.001057389 0.999994338 58.297023773
0.999986529 0.003473065 0.003863588 1.274128079 -0.003477046 0.999993384 0.001024654 -1.563414812 -0.003860004 -0.001038074 0.999992013 58.844394684
0.999986947 0.003733976 0.003489719 1.286044836 -0.003737440 0.999992549 0.000986659 -1.576093554 -0.003486009 -0.000999688 0.999993443 59.391159058
0.999987364 0.003188648 0.003884143 1.301766396 -0.003191347 0.999994695 0.000688569 -1.591696978 -0.003881928 -0.000700956 0.999992132 59.934299469
0.999989152 0.002795131 0.003717473 1.317363143 -0.002798249 0.999995708 0.000833937 -1.609256744 -0.003715126 -0.000844331 0.999992728 60.477729797
0.999987960 0.002814831 0.003997436 1.328774810 -0.002818603 0.999995589 0.000938694 -1.625258684 -0.003994776 -0.000949950 0.999991536 61.022537231
0.999989808 0.002616796 0.003677679 1.344542861 -0.002620379 0.999996066 0.000969712 -1.639838696 -0.003675127 -0.000979339 0.999992788 61.568138123
0.999986470 0.003080324 0.004175135 1.358873487 -0.003083781 0.999995053 0.000821725 -1.651284575 -0.004172582 -0.000834589 0.999990940 62.120216370
0.999985456 0.003008604 0.004456439 1.371614575 -0.003011513 0.999995172 0.000645721 -1.667972922 -0.004454474 -0.000659133 0.999989867 62.664463043
0.999983251 0.003181337 0.004832032 1.384002090 -0.003183000 0.999994993 0.000336706 -1.683217287 -0.004830937 -0.000352081 0.999988258 63.206905365
0.999987364 0.003079412 0.003967888 1.396468639 -0.003082203 0.999994993 0.000697684 -1.697585464 -0.003965721 -0.000709905 0.999991894 63.762134552
0.999979973 0.003619229 0.005194708 1.406982899 -0.003620695 0.999993384 0.000272644 -1.714061499 -0.005193687 -0.000291447 0.999986470 64.306365967
0.999974668 0.003820014 0.005994598 1.418256402 -0.003820102 0.999992728 0.000003559 -1.726045132 -0.005994541 -0.000026458 0.999982059 64.856849670
0.999975502 0.003700357 0.005930806 1.435418844 -0.003700565 0.999993145 0.000024158 -1.741945028 -0.005930675 -0.000046105 0.999982417 65.401275635
0.999977529 0.003061208 0.005952116 1.452853680 -0.003060621 0.999995291 -0.000107925 -1.754603505 -0.005952418 0.000089706 0.999982297 65.952186584
0.999974251 0.003090284 0.006476589 1.465318322 -0.003090486 0.999995172 0.000021441 -1.770148396 -0.006476492 -0.000041456 0.999979019 66.496391296
0.999973834 0.002869591 0.006636490 1.476809025 -0.002867637 0.999995828 -0.000304055 -1.782518983 -0.006637335 0.000285016 0.999977946 67.046989441
0.999964476 0.003634199 0.007607082 1.488031864 -0.003631125 0.999993324 -0.000417930 -1.799543619 -0.007608551 0.000390293 0.999970973 67.596748352
0.999965429 0.003624144 0.007478223 1.504927874 -0.003621204 0.999993384 -0.000406731 -1.812223315 -0.007479647 0.000379636 0.999971926 68.146003723
0.999965191 0.003460397 0.007587577 1.518689394 -0.003455193 0.999993801 -0.000698641 -1.829341412 -0.007589947 0.000672400 0.999970973 68.682922363
0.999963224 0.002780701 0.008114018 1.536213636 -0.002774082 0.999995947 -0.000826687 -1.842742443 -0.008116283 0.000804147 0.999966681 69.240592957
0.999964654 0.002995056 0.007847598 1.553066969 -0.002990082 0.999995470 -0.000645539 -1.862577319 -0.007849493 0.000622052 0.999969006 69.777267456
0.999960005 0.003363220 0.008284062 1.566311598 -0.003358886 0.999994218 -0.000537212 -1.880333185 -0.008285821 0.000509365 0.999965549 70.329963684
0.999956131 0.003675329 0.008615145 1.580912352 -0.003672023 0.999993205 -0.000399327 -1.895669103 -0.008616555 0.000367674 0.999962747 70.885604858
0.999954283 0.003504753 0.008898611 1.597172737 -0.003496081 0.999993324 -0.000989906 -1.906493187 -0.008902023 0.000958751 0.999959886 71.437110901
0.999954224 0.003723228 0.008814762 1.614554048 -0.003714277 0.999992549 -0.001031626 -1.921977162 -0.008818538 0.000998838 0.999960601 71.987609863
0.999955416 0.003108299 0.008908970 1.631024122 -0.003103411 0.999994993 -0.000562488 -1.941946268 -0.008910673 0.000534814 0.999960184 72.535179138
0.999956250 0.003145042 0.008812410 1.644036412 -0.003135834 0.999994457 -0.001058346 -1.956461668 -0.008815690 0.001030666 0.999960601 73.086051941
0.999945760 0.003911659 0.009649712 1.657142401 -0.003898815 0.999991477 -0.001349452 -1.971516252 -0.009654909 0.001311756 0.999952495 73.634147644
0.999945760 0.004020687 0.009603854 1.671611428 -0.004011776 0.999991477 -0.000946804 -1.988946676 -0.009607580 0.000908224 0.999953389 74.187858582
0.999945223 0.003880903 0.009714184 1.692907572 -0.003871517 0.999991953 -0.000984988 -2.006478548 -0.009717929 0.000947325 0.999952316 74.740653992
0.999942183 0.003971204 0.009993861 1.710825682 -0.003964852 0.999991953 -0.000655227 -2.021680832 -0.009996383 0.000615565 0.999949813 75.283920288
0.999939799 0.004172352 0.010143165 1.728231788 -0.004164337 0.999991000 -0.000811290 -2.037566185 -0.010146459 0.000769002 0.999948144 75.836494446
0.999942839 0.003999711 0.009910563 1.750260592 -0.003989844 0.999991477 -0.001014971 -2.053989410 -0.009914538 0.000975372 0.999950349 76.379722595
0.999940515 0.004236424 0.010044047 1.762576103 -0.004226545 0.999990702 -0.001004712 -2.067950487 -0.010048208 0.000962201 0.999949038 76.925895691
0.999936998 0.003989173 0.010491614 1.780507565 -0.003976986 0.999991417 -0.001182363 -2.083650589 -0.010496241 0.001140564 0.999944210 77.485214233
0.999929547 0.004234715 0.011083464 1.793028116 -0.004220367 0.999990225 -0.001317414 -2.097769737 -0.011088934 0.001270545 0.999937654 78.026634216
0.999926805 0.003998671 0.011416047 1.810214996 -0.003987906 0.999991596 -0.000965476 -2.117433548 -0.011419811 0.000919879 0.999934316 78.576423645
0.999921381 0.004270283 0.011783132 1.829018831 -0.004254400 0.999989986 -0.001372508 -2.130264282 -0.011788876 0.001322270 0.999929547 79.132110596
0.999912620 0.004480013 0.012430994 1.841898441 -0.004461529 0.999988914 -0.001514136 -2.143959999 -0.012437639 0.001458543 0.999921501 79.675399780
0.999911904 0.004236185 0.012577155 1.860275745 -0.004215105 0.999989688 -0.001702070 -2.160198689 -0.012584236 0.001648906 0.999919474 80.226409912
0.999906182 0.004725031 0.012851208 1.878299475 -0.004700816 0.999987125 -0.001913818 -2.175597191 -0.012860084 0.001853228 0.999915600 80.776046753
0.999903619 0.004113215 0.013259293 1.900510788 -0.004087114 0.999989629 -0.001994999 -2.190859318 -0.013267362 0.001940615 0.999910057 81.323852539
0.999893665 0.003388274 0.014185161 1.925205469 -0.003355953 0.999991715 -0.002301565 -2.207204819 -0.014192844 0.002253715 0.999896705 81.874450684
0.999862373 0.003680633 0.016174562 1.945650339 -0.003643189 0.999990642 -0.002343778 -2.224744797 -0.016183037 0.002284529 0.999866366 82.419273376
0.999831855 0.004373905 0.017809639 1.963285923 -0.004331004 0.999987543 -0.002446737 -2.244532824 -0.017820122 0.002369192 0.999838352 82.965553284
0.999761462 0.004460250 0.021381825 1.987907767 -0.004411574 0.999987543 -0.002323151 -2.263975143 -0.021391923 0.002228269 0.999768674 83.514358521
0.999674022 0.004511504 0.025126509 2.016961813 -0.004452507 0.999987185 -0.002403524 -2.276689291 -0.025137030 0.002290864 0.999681354 84.064506531
0.999594808 0.003432900 0.028255707 2.051774263 -0.003366634 0.999991477 -0.002392464 -2.293538332 -0.028263677 0.002296368 0.999597847 84.618263245
0.999427676 0.004028426 0.033587333 2.080659389 -0.003939151 0.999988556 -0.002723742 -2.308575869 -0.033597920 0.002589877 0.999432087 85.172164917
0.999229729 0.003897666 0.039048322 2.118627548 -0.003800896 0.999989510 -0.002552155 -2.326290846 -0.039057862 0.002401771 0.999234080 85.715507507
0.998956263 0.003668057 0.045529682 2.156473160 -0.003538422 0.999989390 -0.002927483 -2.343541384 -0.045539938 0.002763325 0.998958707 86.261383057
0.998652160 0.003833551 0.051759548 2.196975946 -0.003695421 0.999989271 -0.002764128 -2.358896732 -0.051769588 0.002569129 0.998655736 86.810562134
0.998195469 0.003653637 0.059938710 2.246983528 -0.003479287 0.999989390 -0.003012917 -2.372012854 -0.059949093 0.002798936 0.998197496 87.368888855
0.997651339 0.003130793 0.068424046 2.305540085 -0.002898930 0.999989629 -0.003487649 -2.386448622 -0.068434261 0.003281102 0.997650146 87.914466858
0.997177422 0.002354529 0.075043887 2.367362499 -0.002110420 0.999992251 -0.003332030 -2.403078556 -0.075051159 0.003164251 0.997174621 88.457481384
0.996392488 0.002660285 0.084822781 2.428222656 -0.002384196 0.999991477 -0.003356040 -2.417420626 -0.084830992 0.003141699 0.996390402 89.007316589
0.995518863 0.002311412 0.094534591 2.505432129 -0.001973699 0.999991298 -0.003665721 -2.435767174 -0.094542250 0.003462712 0.995514810 89.539894104
0.994607091 0.002161494 0.103691928 2.576900005 -0.001804925 0.999992132 -0.003532438 -2.450524330 -0.103698783 0.003326232 0.994603217 90.091018677
0.993777215 0.001608266 0.111374095 2.657474518 -0.001208861 0.999992609 -0.003653601 -2.467168331 -0.111379154 0.003496229 0.993771851 90.635986328
0.992620766 0.001703356 0.121248193 2.744405746 -0.001229273 0.999991298 -0.003984704 -2.483108997 -0.121253937 0.003806253 0.992614150 91.176826477
0.991215765 0.001635019 0.132244483 2.835952759 -0.001149840 0.999992251 -0.003745080 -2.501015663 -0.132249609 0.003560122 0.991209984 91.712745667
0.989927471 0.001509771 0.141567484 2.931222916 -0.000996021 0.999992669 -0.003699797 -2.522463083 -0.141572058 0.003521527 0.989921629 92.252159119
0.988224089 0.001686720 0.153004169 3.031116486 -0.001179602 0.999993503 -0.003405129 -2.544925928 -0.153008908 0.003184546 0.988219678 92.779525757
0.986140192 0.001327298 0.165909484 3.141463280 -0.000757893 0.999993622 -0.003495275 -2.562672615 -0.165913045 0.003321089 0.986134768 93.312767029
0.984283328 0.001079826 0.176592782 3.259518623 -0.000493247 0.999994338 -0.003365514 -2.582196236 -0.176595360 0.003225516 0.984278202 93.855331421
0.982377648 0.000873366 0.186904863 3.381279945 -0.000309766 0.999995291 -0.003044617 -2.599827290 -0.186906651 0.002933066 0.982373297 94.384078979
0.979873717 0.000431793 0.199617729 3.514839172 0.000221986 0.999994814 -0.003252763 -2.615866899 -0.199618056 0.003231609 0.979868472 94.919334412
0.977298856 0.000439176 0.211865053 3.654012680 0.000227014 0.999995053 -0.003120067 -2.634890556 -0.211865395 0.003097334 0.977293968 95.439239502
0.974989235 -0.000082879 0.222252160 3.791896820 0.000801971 0.999994755 -0.003145239 -2.648684263 -0.222250730 0.003244814 0.974984169 95.978767395
0.971924067 -0.000178741 0.235294402 3.942438126 0.000888049 0.999995351 -0.002908594 -2.667550325 -0.235292777 0.003035887 0.971919775 96.508224487
0.968741477 -0.000584708 0.248071715 4.103406906 0.001481206 0.999993145 -0.003427241 -2.677332163 -0.248067975 0.003687556 0.968735635 97.037010193
0.965780437 -0.001343757 0.259357482 4.261110306 0.002219381 0.999992788 -0.003083345 -2.700547457 -0.259351462 0.003553448 0.965776443 97.544639587
0.962703109 -0.001693519 0.270554662 4.430101395 0.002571159 0.999992549 -0.002889459 -2.724153996 -0.270547688 0.003477331 0.962700307 98.047523499
0.958918214 -0.001340378 0.283679277 4.610668182 0.002256955 0.999993265 -0.002904222 -2.739541531 -0.283673435 0.003425163 0.958914816 98.564590454
0.955260813 -0.002441492 0.295754701 4.801261902 0.003469110 0.999989569 -0.002949869 -2.758307457 -0.295744479 0.003843900 0.955259383 99.082092285
0.951526165 -0.002179792 0.307559997 4.987932205 0.003046730 0.999992549 -0.002338622 -2.776638031 -0.307552725 0.003162313 0.951525748 99.596191406
0.946924865 -0.002126456 0.321447939 5.188192368 0.003035940 0.999992788 -0.002328114 -2.796256781 -0.321440637 0.003180446 0.946924388 100.093254089
0.942095995 -0.002582090 0.335333228 5.392431259 0.003577568 0.999990821 -0.002350935 -2.809446096 -0.335324079 0.003414485 0.942096591 100.601127625
0.938006222 -0.002841481 0.346606642 5.604837418 0.003864346 0.999989927 -0.002259988 -2.826007605 -0.346596718 0.003459292 0.938007832 101.106323242
0.933143437 -0.002984961 0.359491795 5.823322296 0.003945404 0.999990463 -0.001938003 -2.842829227 -0.359482557 0.003226776 0.933146179 101.615661621
0.927492440 -0.003294805 0.373827398 6.051111221 0.004469302 0.999987423 -0.002275061 -2.857046366 -0.373815149 0.003780850 0.927495480 102.118232727
0.922561526 -0.003761788 0.385831624 6.280277252 0.005035697 0.999984682 -0.002291182 -2.875381947 -0.385817170 0.004056687 0.922566354 102.613174438
0.917682171 -0.004082997 0.397294223 6.518093109 0.005245183 0.999984503 -0.001838626 -2.896410942 -0.397280604 0.003771156 0.917689383 103.104156494
0.911550581 -0.004527549 0.411163062 6.761711121 0.005677708 0.999982655 -0.001576134 -2.915704966 -0.411148787 0.003771189 0.911560416 103.573654175
0.905610085 -0.004526169 0.424087137 7.013595581 0.005674367 0.999982834 -0.001444689 -2.931384087 -0.424073309 0.003714752 0.905620217 104.061485291
0.900432110 -0.005325923 0.434963822 7.271450043 0.006556480 0.999977648 -0.001328526 -2.949914932 -0.434947044 0.004048079 0.900446832 104.539611816
0.894517004 -0.005903493 0.446994990 7.544605255 0.007170442 0.999973655 -0.001142619 -2.969788313 -0.446976423 0.004227244 0.894535720 105.007774353
0.887705445 -0.006202282 0.460370064 7.816913605 0.007341140 0.999972939 -0.000683487 -2.990518332 -0.460353315 0.003986377 0.887726784 105.483673096
0.881524384 -0.006389651 0.472095132 8.106109619 0.007617359 0.999970734 -0.000689320 -3.004648209 -0.472076982 0.004203771 0.881547272 105.955657959
0.875745296 -0.006945055 0.482723415 8.392860413 0.008312962 0.999965131 -0.000694441 -3.018901110 -0.482701868 0.004621014 0.875772595 106.425964355
0.868014574 -0.007018622 0.496489167 8.683929443 0.008551630 0.999963105 -0.000814874 -3.033024788 -0.496465117 0.004953115 0.868042529 106.888908386
0.860456526 -0.007543952 0.509468019 8.984985352 0.009117733 0.999958277 -0.000592333 -3.048208714 -0.509442329 0.005154870 0.860489368 107.352104187
0.853917658 -0.007583353 0.520352900 9.280120850 0.009052294 0.999958932 -0.000282252 -3.065339327 -0.520329416 0.004951407 0.853951275 107.803619385
