1.000000000 0.000000000 0.000000000 0.000000000 0.000000000 1.000000000 0.000000000 0.000000000 0.000000000 0.000000000 1.000000000 0.000000000
1.000000000 0.000015074 0.000060093 -0.000287195 -0.000015077 1.000000000 0.000036290 0.000416690 -0.000060093 -0.000036291 1.000000000 0.001017388
1.000000000 -0.000025565 0.000132277 -0.000560240 0.000025540 1.000000000 0.000192626 -0.000379668 -0.000132282 -0.000192623 1.000000000 0.000064592
1.000000000 -0.000056825 -0.000077643 0.000872455 0.000056836 1.000000000 0.000143632 -0.000590736 0.000077635 -0.000143636 1.000000000 -0.000386873
1.000000000 -0.000062255 0.000046220 0.000267575 0.000062252 1.000000000 0.000065275 -0.000603586 -0.000046224 -0.000065272 1.000000000 -0.000190085
1.000000000 -0.000043656 0.000076196 -0.000247524 0.000043648 1.000000000 0.000106108 -0.000521993 -0.000076201 -0.000106104 1.000000000 -0.000752692
1.000000000 -0.000182002 0.000146355 -0.000708629 0.000182012 1.000000000 -0.000069610 0.000625560 -0.000146343 0.000069637 1.000000000 0.001243308
1.000000000 -0.000156427 0.000138960 -0.000197619 0.000156422 1.000000000 0.000036403 0.000235483 -0.000138965 -0.000036381 1.000000000 0.001276314
0.999999940 -0.000223904 0.000159898 -0.000259847 0.000223899 1.000000000 0.000031195 0.000906275 -0.000159905 -0.000031159 1.000000000 0.001771793
1.000000000 0.000112327 0.000194416 -0.000585922 -0.000112330 1.000000000 0.000017332 -0.000433198 -0.000194414 -0.000017354 1.000000000 -0.000540377
1.000000000 -0.000042931 0.000123051 0.000408021 0.000042930 1.000000000 0.000010655 0.000510618 -0.000123051 -0.000010650 1.000000000 0.001514179
1.000000000 0.000045288 0.000039948 0.000445311 -0.000045291 1.000000000 0.000059832 -0.000034844 -0.000039946 -0.000059834 1.000000000 0.000473594
1.000000000 -0.000056875 0.000145539 0.000103832 0.000056873 1.000000000 0.000009175 0.000801823 -0.000145540 -0.000009167 1.000000000 0.001610311
1.000000000 0.000175659 0.000127292 -0.000895704 -0.000175701 0.999999940 0.000332241 -0.000795528 -0.000127234 -0.000332263 0.999999940 0.000035981
1.000000000 0.000274958 0.000175146 -0.000769436 -0.000275017 0.999999940 0.000339830 -0.000802609 -0.000175053 -0.000339878 0.999999940 0.000659083
1.000000000 0.000144801 0.000059275 0.000417696 -0.000144829 0.999999881 0.000480016 -0.001227113 -0.000059206 -0.000480025 0.999999881 0.001255048
1.000000000 0.000054760 0.000101698 -0.000266384 -0.000054807 0.999999881 0.000463409 -0.002115626 -0.000101673 -0.000463414 0.999999881 -0.000627129
1.000000000 0.000156747 0.000131353 -0.000241202 -0.000156816 0.999999881 0.000527794 -0.002421032 -0.000131271 -0.000527815 0.999999821 -0.000083576
1.000000000 0.000161486 0.000241530 -0.000832518 -0.000161587 0.999999940 0.000418312 -0.001977776 -0.000241463 -0.000418351 0.999999881 0.000035664
0.999999881 0.000444047 0.000045045 0.000022493 -0.000444072 0.999999762 0.000551327 -0.002479382 -0.000044800 -0.000551347 0.999999821 -0.001029100
1.000000000 0.000237790 0.000051967 0.000306090 -0.000237816 0.999999881 0.000494599 -0.002377991 -0.000051849 -0.000494611 0.999999881 -0.000119110
1.000000000 0.000307180 0.000164789 -0.000493627 -0.000307236 0.999999940 0.000339080 -0.001512171 -0.000164685 -0.000339131 0.999999940 -0.000301458
1.000000000 0.000192853 0.000179385 -0.000207432 -0.000192930 0.999999881 0.000428730 -0.002388599 -0.000179302 -0.000428764 0.999999881 -0.001764593
1.000000000 0.000148091 0.000123413 0.000720450 -0.000148128 0.999999940 0.000300865 -0.001178024 -0.000123369 -0.000300884 0.999999940 -0.000739692
1.000000000 0.000284829 0.000187515 -0.000164116 -0.000284878 0.999999940 0.000262427 -0.001015004 -0.000187440 -0.000262481 0.999999940 -0.000821642
1.000000000 0.000024907 0.000126153 0.000808659 -0.000024978 0.999999821 0.000565035 -0.002904631 -0.000126139 -0.000565038 0.999999821 -0.000158485
1.000000000 0.000001607 0.000054435 0.000702694 -0.000001624 1.000000000 0.000306155 -0.001596476 -0.000054434 -0.000306155 0.999999940 -0.001952002
1.000000000 -0.000028808 -0.000023364 0.001002872 0.000028818 0.999999940 0.000440863 -0.002969451 0.000023351 -0.000440864 0.999999940 -0.001828239
1.000000000 0.000281437 0.000199339 -0.000573778 -0.000281553 0.999999821 0.000582300 -0.002400880 -0.000199175 -0.000582356 0.999999821 0.000380944
1.000000000 0.000203635 0.000129658 -0.000210471 -0.000203697 0.999999881 0.000473847 -0.002473741 -0.000129561 -0.000473873 0.999999881 -0.001282387
1.000000000 0.000179097 0.000104955 -0.000040424 -0.000179141 0.999999940 0.000414720 -0.002469971 -0.000104881 -0.000414738 0.999999940 -0.000952800
1.000000000 0.000065997 0.000037796 0.000532078 -0.000066016 0.999999881 0.000481807 -0.001792826 -0.000037764 -0.000481810 0.999999881 -0.000130106
1.000000000 0.000117239 0.000066844 0.000344151 -0.000117270 0.999999881 0.000472420 -0.002078251 -0.000066789 -0.000472428 0.999999881 -0.000871311
1.000000000 0.000204538 0.000208974 -0.000708186 -0.000204628 0.999999881 0.000427820 -0.001590489 -0.000208886 -0.000427863 0.999999881 0.000312382
1.000000000 0.000259150 0.000103144 -0.000567746 -0.000259186 0.999999940 0.000345944 -0.001182070 -0.000103055 -0.000345971 0.999999940 0.000410027
1.000000000 0.000235740 0.000054513 -0.000159610 -0.000235754 0.999999940 0.000257804 -0.000551992 -0.000054452 -0.000257816 1.000000000 -0.000328732
1.000000000 0.000003381 0.000107665 0.000409405 -0.000003417 1.000000000 0.000338186 -0.001404414 -0.000107664 -0.000338186 0.999999940 -0.001828599
1.000000000 0.000229690 0.000061273 -0.000457964 -0.000229720 0.999999881 0.000491182 -0.001780425 -0.000061160 -0.000491196 0.999999881 0.000044962
1.000000000 0.000164782 0.000112315 -0.000148433 -0.000164830 0.999999881 0.000429501 -0.002188394 -0.000112244 -0.000429520 0.999999881 -0.001245985
1.000000000 0.000031128 0.000145390 0.000434841 -0.000031189 0.999999881 0.000422172 -0.001748263 -0.000145376 -0.000422176 0.999999881 -0.000617107
1.000000000 0.000188611 0.000293147 -0.001442941 -0.000188673 1.000000000 0.000210865 -0.000394159 -0.000293107 -0.000210920 0.999999940 0.001672712
0.999999940 0.000088717 0.000269880 0.000417699 -0.000088577 0.999999881 -0.000518851 -0.002418856 -0.000269926 0.000518827 0.999999821 0.050273187
1.000000000 0.000153294 0.000153919 0.001005437 -0.000153165 0.999999583 -0.000840966 -0.007513855 -0.000154048 0.000840942 0.999999642 0.134002268
1.000000000 0.000116731 0.000149106 0.002831560 -0.000116528 0.999999106 -0.001358982 -0.008681553 -0.000149264 0.001358964 0.999999046 0.249161929
0.999999940 -0.000544711 -0.000196889 0.009382991 0.000544515 0.999999404 -0.000992098 -0.015814489 0.000197430 0.000991991 0.999999523 0.378436059
1.000000000 -0.000206277 0.000037547 0.009551178 0.000206325 0.999999225 -0.001278296 -0.017259466 -0.000037284 0.001278304 0.999999166 0.521617711
0.999999940 0.000029088 -0.000141156 0.013608642 -0.000029193 0.999999702 -0.000743233 -0.025722310 0.000141134 0.000743237 0.999999702 0.670445323
0.999999821 -0.000333264 0.000024761 0.016167654 0.000333278 0.999999762 -0.000529820 -0.027497314 -0.000024584 0.000529828 0.999999881 0.839531660
0.999999940 -0.000149745 -0.000023910 0.020564090 0.000149740 0.999999940 -0.000244201 -0.033783950 0.000023947 0.000244197 1.000000000 1.003271937
1.000000000 0.000252147 0.000019737 0.022501640 -0.000252139 0.999999881 -0.000387209 -0.036967076 -0.000019835 0.000387204 0.999999940 1.179053783
0.999999940 -0.000156171 -0.000053291 0.024535296 0.000156155 0.999999940 -0.000299067 -0.043306697 0.000053337 0.000299059 0.999999940 1.367730618
0.999999940 0.000236899 -0.000274759 0.029733926 -0.000236979 0.999999940 -0.000292387 -0.045693245 0.000274690 0.000292452 0.999999940 1.562030196
1.000000000 0.000028752 0.000103895 0.031777248 -0.000028736 1.000000000 -0.000154644 -0.053014126 -0.000103899 0.000154641 0.999999940 1.756054044
1.000000000 -0.000316410 -0.000321106 0.038574837 0.000316360 1.000000000 -0.000156640 -0.055949438 0.000321155 0.000156539 0.999999881 1.957785606
0.999999881 -0.000472689 -0.000231949 0.041579667 0.000472661 0.999999821 -0.000118246 -0.067571051 0.000232005 0.000118136 0.999999940 2.156346798
1.000000000 0.000059973 -0.000025709 0.045305118 -0.000059991 0.999999702 -0.000678283 -0.071164772 0.000025668 0.000678285 0.999999762 2.373891592
0.999999881 -0.000549922 -0.000055344 0.050719187 0.000549919 0.999999821 -0.000055189 -0.079548635 0.000055374 0.000055159 1.000000000 2.603613138
0.999999881 -0.000422748 0.000174631 0.051431701 0.000422694 0.999999881 0.000310142 -0.088923991 -0.000174762 -0.000310069 0.999999940 2.831560612
0.999999762 -0.000640159 0.000026609 0.057323221 0.000640147 0.999999642 0.000418671 -0.096625574 -0.000026877 -0.000418653 0.999999940 3.060966015
0.999999642 -0.000881360 -0.000202471 0.067433529 0.000881397 0.999999642 0.000183443 -0.100140311 0.000202309 -0.000183621 0.999999940 3.316448689
0.999999881 -0.000411106 0.000310388 0.062709451 0.000411024 0.999999881 0.000262822 -0.109580353 -0.000310496 -0.000262695 0.999999940 3.537705421
0.999999583 -0.000903693 0.000150749 0.069238700 0.000903675 0.999999642 0.000125049 -0.111637548 -0.000150862 -0.000124913 0.999999940 3.798962831
0.999999702 -0.000755572 0.000335236 0.075394571 0.000755614 0.999999821 -0.000124206 -0.117645808 -0.000335142 0.000124459 1.000000000 4.061553001
0.999999821 -0.000336941 0.000590834 0.078739807 0.000336493 0.999999702 0.000758060 -0.131085545 -0.000591089 -0.000757862 0.999999523 4.307911396
0.999999821 -0.000626822 0.000012726 0.085987151 0.000626810 0.999999285 0.000970821 -0.142512441 -0.000013334 -0.000970813 0.999999523 4.549622059
1.000000000 -0.000222778 0.000040840 0.092489712 0.000222737 0.999999404 0.001001737 -0.152668700 -0.000041063 -0.001001728 0.999999464 4.806602955
0.999999881 -0.000497064 0.000040264 0.102850616 0.000497028 0.999999404 0.000890371 -0.158844218 -0.000040707 -0.000890350 0.999999583 5.069355965
0.999998808 -0.001474332 -0.000456052 0.108778648 0.001474829 0.999998331 0.001092165 -0.166593850 0.000454441 -0.001092836 0.999999285 5.325707912
0.999999523 -0.001020859 0.000017824 0.108503938 0.001020845 0.999999225 0.000788691 -0.170030743 -0.000018629 -0.000788672 0.999999702 5.599469662
0.999998808 -0.001426316 -0.000602099 0.118266277 0.001427075 0.999998212 0.001261999 -0.182992160 0.000600298 -0.001262857 0.999998987 5.866406441
0.999998987 -0.001309290 -0.000598521 0.129653990 0.001309880 0.999998629 0.000986211 -0.184749797 0.000597229 -0.000986994 0.999999344 6.147341251
0.999999583 -0.000919362 0.000127916 0.127200365 0.000919152 0.999998212 0.001636021 -0.209599420 -0.000129420 -0.001635903 0.999998569 6.433700562
0.999998808 -0.001558434 -0.000144804 0.135930881 0.001558669 0.999997377 0.001634035 -0.217490569 0.000142257 -0.001634258 0.999998629 6.720478058
0.999999523 -0.000756351 0.000492769 0.135112569 0.000755555 0.999998391 0.001613769 -0.222501218 -0.000493989 -0.001613396 0.999998629 7.015841961
0.999999404 -0.001102697 0.000097256 0.145521790 0.001102513 0.999997616 0.001871336 -0.235692471 -0.000099320 -0.001871227 0.999998271 7.305838108
0.999998927 -0.001449681 -0.000276701 0.151317596 0.001450180 0.999997318 0.001811266 -0.247767866 0.000274075 -0.001811665 0.999998331 7.619283676
0.999998927 -0.001484433 0.000135759 0.156182975 0.001484140 0.999996603 0.002130810 -0.256801367 -0.000138922 -0.002130606 0.999997675 7.942495346
0.999999702 -0.000508929 0.000650870 0.157210737 0.000507734 0.999998212 0.001834905 -0.261174709 -0.000651802 -0.001834574 0.999998152 8.251554489
0.999999642 -0.000866871 0.000087910 0.166126773 0.000866689 0.999997556 0.002044741 -0.277555406 -0.000089683 -0.002044664 0.999997914 8.566681862
0.999999404 -0.000994073 0.000456068 0.169227421 0.000992944 0.999996543 0.002467279 -0.285720259 -0.000458520 -0.002466825 0.999996841 8.907912254
0.999999464 -0.000911932 0.000485370 0.182432219 0.000910474 0.999995172 0.002995353 -0.306681961 -0.000488099 -0.002994910 0.999995410 9.229572296
0.999999344 -0.001049176 0.000463197 0.183022082 0.001047923 0.999995887 0.002696545 -0.307160378 -0.000466024 -0.002696058 0.999996245 9.603733063
0.999999523 -0.000829870 0.000561731 0.185189545 0.000828619 0.999997199 0.002223888 -0.315679699 -0.000563575 -0.002223422 0.999997318 9.931489944
0.999998748 -0.001456709 0.000682722 0.194157600 0.001454984 0.999995768 0.002519960 -0.328605682 -0.000686389 -0.002518964 0.999996603 10.280516624
0.999999583 -0.000795029 0.000648498 0.196315184 0.000793337 0.999996305 0.002604828 -0.341624737 -0.000650566 -0.002604312 0.999996364 10.630759239
0.999999344 -0.000708943 0.000881145 0.200605214 0.000706825 0.999996841 0.002401524 -0.345629573 -0.000882844 -0.002400900 0.999996722 11.006022453
0.999999166 -0.000631629 0.001092874 0.203902721 0.000628668 0.999996185 0.002707572 -0.358141869 -0.001094580 -0.002706883 0.999995828 11.377265930
0.999998629 -0.001513935 0.000627018 0.221661776 0.001512173 0.999994934 0.002802004 -0.371603251 -0.000631257 -0.002801052 0.999995887 11.744355202
0.999999166 -0.001069562 0.000675010 0.228378668 0.001067797 0.999996006 0.002609097 -0.382841468 -0.000677798 -0.002608374 0.999996424 12.133871078
0.999998808 -0.001520316 0.000192463 0.242791027 0.001519835 0.999995768 0.002472776 -0.391334534 -0.000196222 -0.002472480 0.999996960 12.536979675
0.999999166 -0.001089529 0.000681271 0.245243236 0.001087573 0.999995291 0.002863796 -0.404240519 -0.000684388 -0.002863053 0.999995589 12.909681320
0.999999344 -0.000810461 0.000755750 0.250905126 0.000808122 0.999994874 0.003089743 -0.416613102 -0.000758250 -0.003089131 0.999994874 13.313025475
0.999999225 -0.001171679 0.000239365 0.267545432 0.001171028 0.999995589 0.002703723 -0.424846828 -0.000242531 -0.002703440 0.999996245 13.719023705
0.999998391 -0.001368017 0.001157120 0.270078540 0.001364380 0.999994099 0.003138216 -0.438448578 -0.001161406 -0.003136632 0.999994338 14.127513885
0.999998152 -0.001389676 0.001344243 0.279552132 0.001385417 0.999994099 0.003164710 -0.450909495 -0.001348633 -0.003162842 0.999994040 14.558893204
0.999997139 -0.001830252 0.001545242 0.288122714 0.001825065 0.999992669 0.003351346 -0.463855118 -0.001551364 -0.003348515 0.999993205 14.970775604
0.999997318 -0.001554782 0.001716841 0.298576534 0.001549343 0.999993801 0.003165122 -0.471804678 -0.001721752 -0.003162453 0.999993443 15.400598526
0.999995828 -0.001337410 0.002541589 0.306562871 0.001329031 0.999993742 0.003295298 -0.485070854 -0.002545979 -0.003291907 0.999991298 15.840492249
0.999994934 -0.001738139 0.002669460 0.318160504 0.001729128 0.999992788 0.003374232 -0.498310924 -0.002675306 -0.003369599 0.999990761 16.268768311
0.999994993 -0.001040731 0.002985754 0.319758147 0.001030576 0.999993682 0.003400694 -0.508817613 -0.002989275 -0.003397600 0.999989748 16.728176117
0.999992788 -0.001587230 0.003451298 0.336688340 0.001575773 0.999993205 0.003320119 -0.521412373 -0.003456543 -0.003314656 0.999988496 17.180276871
0.999992490 -0.001379881 0.003626071 0.346122712 0.001367531 0.999993205 0.003406122 -0.533106208 -0.003630746 -0.003401138 0.999987602 17.647396088
0.999991775 -0.000857408 0.003958019 0.355750889 0.000844751 0.999994576 0.003198156 -0.544220924 -0.003960740 -0.003194786 0.999987006 18.123184204
0.999991000 -0.001288035 0.004034526 0.368928850 0.001272707 0.999991953 0.003799374 -0.561045885 -0.004039388 -0.003794205 0.999984622 18.557243347
0.999990106 -0.001590422 0.004153972 0.382501483 0.001573377 0.999990404 0.004103202 -0.577244878 -0.004160458 -0.004096626 0.999982953 19.022609711
0.999989569 -0.001261705 0.004388412 0.397512227 0.001245968 0.999992788 0.003587003 -0.581117392 -0.004392907 -0.003581498 0.999983966 19.513420105
0.999991834 -0.001447389 0.003779873 0.410183817 0.001432896 0.999991596 0.003834062 -0.599088430 -0.003785391 -0.003828615 0.999985456 20.001249313
0.999991715 -0.001539028 0.003775636 0.424857616 0.001524483 0.999991417 0.003852330 -0.610186577 -0.003781532 -0.003846542 0.999985397 20.497240067
0.999992609 -0.000706435 0.003795426 0.427872926 0.000692290 0.999992847 0.003727084 -0.619220495 -0.003798032 -0.003724430 0.999985814 21.005800247
0.999995649 -0.001023846 0.002810104 0.445263028 0.001010769 0.999988675 0.004651302 -0.648777962 -0.002814834 -0.004648441 0.999985218 21.492630005
0.999996603 -0.001217867 0.002332252 0.461568892 0.001206678 0.999987841 0.004792842 -0.663861632 -0.002338061 -0.004790011 0.999985754 21.996009827
0.999996781 -0.000520513 0.002494319 0.461149067 0.000510282 0.999991477 0.004100665 -0.667543769 -0.002496432 -0.004099379 0.999988496 22.502241135
0.999997377 -0.000381731 0.002284703 0.469890535 0.000371560 0.999990046 0.004450581 -0.683711052 -0.002286379 -0.004449720 0.999987543 23.027235031
0.999999106 -0.000805592 0.001011519 0.485367864 0.000801036 0.999989569 0.004496276 -0.698687613 -0.001015130 -0.004495462 0.999989331 23.540498734
0.999998212 -0.001711073 0.000698259 0.495465189 0.001707903 0.999988377 0.004515315 -0.709849477 -0.000705976 -0.004514115 0.999989569 24.077493668
0.999999225 -0.001327276 0.000115259 0.504778504 0.001326716 0.999987900 0.004732128 -0.725100279 -0.000121538 -0.004731971 0.999988794 24.597766876
0.999999940 -0.000446217 -0.000115875 0.512825727 0.000446752 0.999989033 0.004650622 -0.736878753 0.000113798 -0.004650673 0.999989212 25.144687653
0.999999583 -0.000529652 -0.000788136 0.516969323 0.000533289 0.999989212 0.004621993 -0.746302187 0.000785679 -0.004622411 0.999988973 25.675313950
0.999998748 -0.000729082 -0.001393579 0.524865806 0.000735426 0.999989271 0.004557495 -0.760039747 0.001390241 -0.004558513 0.999988616 26.224027634
0.999994874 -0.002052016 -0.002449074 0.540130615 0.002065294 0.999983072 0.005431744 -0.774106264 0.002437886 -0.005436774 0.999982178 26.779300690
0.999995470 -0.001583083 -0.002569319 0.553536475 0.001598210 0.999981284 0.005896392 -0.790553808 0.002559936 -0.005900471 0.999979317 27.339891434
0.999995291 -0.001185951 -0.002827607 0.551371694 0.001199908 0.999987066 0.004939444 -0.804881871 0.002821713 -0.004942814 0.999983788 27.877912521
0.999995112 -0.000572867 -0.003083072 0.556207955 0.000590603 0.999983191 0.005755088 -0.822358906 0.003079724 -0.005756880 0.999978662 28.423522949
0.999996841 -0.000533407 -0.002438071 0.557565212 0.000546343 0.999985695 0.005308157 -0.831887841 0.002435205 -0.005309472 0.999982893 28.966558456
0.999993563 -0.000874146 -0.003484795 0.577928305 0.000891763 0.999986827 0.005056904 -0.842095733 0.003480329 -0.005059979 0.999981105 29.515363693
0.999993324 -0.000604288 -0.003621880 0.582364082 0.000623339 0.999985993 0.005261067 -0.854011297 0.003618650 -0.005263289 0.999979615 30.064380646
0.999992311 -0.001079086 -0.003780726 0.599851668 0.001097728 0.999987245 0.004932018 -0.870688617 0.003775356 -0.004936130 0.999980688 30.603208542
0.999987900 -0.000520819 -0.004920181 0.607093632 0.000546498 0.999986231 0.005219278 -0.882620096 0.004917396 -0.005221904 0.999974191 31.133628845
0.999986827 -0.000404938 -0.005123002 0.614163518 0.000432193 0.999985754 0.005320198 -0.895727158 0.005120776 -0.005322343 0.999972641 31.675046921
0.999987066 -0.001405628 -0.004897858 0.627697170 0.001429210 0.999987364 0.004814546 -0.899219632 0.004891029 -0.004821485 0.999976397 32.228782654
0.999983549 -0.000933008 -0.005654872 0.632051885 0.000962951 0.999985456 0.005294640 -0.917953968 0.005649850 -0.005299998 0.999970019 32.751426697
0.999982715 -0.001197754 -0.005764705 0.637258470 0.001226109 0.999987125 0.004917788 -0.929504931 0.005758740 -0.004924771 0.999971330 33.305652618
0.999979615 -0.001067927 -0.006297651 0.657301903 0.001096120 0.999989390 0.004475080 -0.941292644 0.006292805 -0.004481891 0.999970198 33.839351654
0.999980330 -0.001103731 -0.006163646 0.661398172 0.001141557 0.999980509 0.006136950 -0.967052102 0.006156752 -0.006143866 0.999962151 34.368694305
0.999975920 -0.000993352 -0.006861483 0.678995252 0.001034537 0.999981463 0.006001553 -0.980055630 0.006855394 -0.006008507 0.999958456 34.915615082
0.999983966 0.000163597 -0.005661633 0.677155018 -0.000129454 0.999981761 0.006030411 -0.979259193 0.005662517 -0.006029581 0.999965787 35.486911774
0.999972880 -0.001687415 -0.007168805 0.687595248 0.001727405 0.999983072 0.005575837 -1.003306389 0.007159274 -0.005588069 0.999958754 35.970359802
0.999979079 -0.000932352 -0.006406949 0.688639462 0.000967527 0.999984443 0.005489143 -1.013909698 0.006401733 -0.005495226 0.999964476 36.524681091
0.999979734 -0.000939526 -0.006299430 0.689893901 0.000978345 0.999980569 0.006162165 -1.035268784 0.006293518 -0.006168203 0.999961197 37.053813934
0.999969900 -0.001416660 -0.007634216 0.712539792 0.001458261 0.999984145 0.005446458 -1.052622437 0.007626380 -0.005457427 0.999956012 37.607109070
0.999970436 -0.001699545 -0.007502274 0.717469096 0.001740683 0.999983549 0.005480424 -1.063404799 0.007492837 -0.005493321 0.999956846 38.153968811
0.999969065 -0.001435511 -0.007730507 0.719002724 0.001477133 0.999984443 0.005381092 -1.063346744 0.007722662 -0.005392345 0.999955654 38.680271149
0.999968648 -0.001614728 -0.007757074 0.727153301 0.001658372 0.999982893 0.005623259 -1.079869747 0.007747861 -0.005635947 0.999954164 39.213535309
0.999968767 -0.001414039 -0.007767710 0.747335196 0.001464071 0.999978125 0.006439151 -1.098150730 0.007758435 -0.006450323 0.999949157 39.720352173
0.999969065 -0.001481156 -0.007723490 0.725019991 0.001530112 0.999978900 0.006336666 -1.108991742 0.007713940 -0.006348289 0.999950051 40.282356262
0.999974787 -0.001337243 -0.006981615 0.731072903 0.001382802 0.999977827 0.006524904 -1.121939182 0.006972735 -0.006534393 0.999954283 40.827445984
0.999976218 -0.001071541 -0.006809085 0.731673121 0.001108043 0.999985099 0.005359327 -1.114254117 0.006803241 -0.005366744 0.999962449 41.373161316
0.999963939 -0.001746927 -0.008313062 0.754953146 0.001793678 0.999982536 0.005619693 -1.131702065 0.008303100 -0.005634401 0.999949634 41.899700165
0.999968946 -0.000526118 -0.007864882 0.754006386 0.000568996 0.999984980 0.005450611 -1.141684771 0.007861897 -0.005454917 0.999954164 42.443618774
0.999968350 -0.000844474 -0.007911163 0.765750766 0.000888653 0.999984026 0.005582469 -1.155200958 0.007906323 -0.005589322 0.999953151 42.977664948
0.999971390 -0.000553685 -0.007544469 0.761221886 0.000594278 0.999985278 0.005379206 -1.156759262 0.007541380 -0.005383535 0.999957085 43.551708221
0.999968290 -0.001011498 -0.007896956 0.772101641 0.001052708 0.999985814 0.005216028 -1.166383028 0.007891567 -0.005224176 0.999955237 44.093051910
0.999970019 0.000061576 -0.007748773 0.783717275 -0.000015825 0.999982536 0.005904093 -1.189778566 0.007749002 -0.005903793 0.999952555 44.612056732
0.999975801 -0.000110594 -0.006952310 0.765681028 0.000149674 0.999984324 0.005620870 -1.196811557 0.006951579 -0.005621775 0.999960005 45.183158875
0.999975026 -0.000859044 -0.007015258 0.770639420 0.000896643 0.999985278 0.005358150 -1.205874562 0.007010552 -0.005364306 0.999960959 45.728290558
0.999969482 -0.001208279 -0.007718662 0.797489405 0.001250508 0.999984264 0.005468575 -1.223222017 0.007711933 -0.005478060 0.999955237 46.250900269
0.999969482 -0.000442690 -0.007801788 0.800895452 0.000483635 0.999986112 0.005247153 -1.224790573 0.007799356 -0.005250766 0.999955773 46.803703308
0.999968946 -0.000710391 -0.007848330 0.805098176 0.000755710 0.999983013 0.005772994 -1.245906711 0.007844096 -0.005778746 0.999952495 47.324501038
0.999967873 -0.000198668 -0.008015008 0.821988642 0.000244264 0.999983728 0.005688128 -1.256259084 0.008013749 -0.005689902 0.999951661 47.876564026
0.999966383 -0.000641118 -0.008175797 0.815161347 0.000683328 0.999986410 0.005161126 -1.258843780 0.008172377 -0.005166539 0.999953270 48.433578491
0.999968529 -0.000245695 -0.007929748 0.815249562 0.000285944 0.999987125 0.005075063 -1.269985437 0.007928399 -0.005077172 0.999955654 48.982139587
0.999962807 -0.001294585 -0.008526906 0.842734456 0.001340551 0.999984562 0.005387268 -1.288051128 0.008519801 -0.005398499 0.999949157 49.497585297
0.999968171 -0.000628316 -0.007948957 0.832779646 0.000671015 0.999985337 0.005370152 -1.294319630 0.007945466 -0.005375315 0.999953985 50.059738159
0.999965072 -0.000817617 -0.008313677 0.838849127 0.000861482 0.999985754 0.005274066 -1.303060293 0.008309246 -0.005281044 0.999951541 50.613166809
0.999974430 0.000085827 -0.007151571 0.840483785 -0.000051333 0.999988317 0.004823285 -1.320652127 0.007151902 -0.004822793 0.999962807 51.165454865
0.999962747 -0.001137329 -0.008553808 0.855492234 0.001184977 0.999983788 0.005567379 -1.345185637 0.008547338 -0.005577308 0.999947906 51.669864655
0.999968708 -0.000926554 -0.007846521 0.860703468 0.000966050 0.999986887 0.005031398 -1.357302666 0.007841757 -0.005038822 0.999956608 52.221359253
0.999965906 -0.001351770 -0.008139070 0.852789879 0.001398053 0.999982893 0.005683468 -1.364386678 0.008131247 -0.005694654 0.999950707 52.768959045
0.999972463 -0.000422037 -0.007407516 0.846731305 0.000461578 0.999985754 0.005337138 -1.375610828 0.007405158 -0.005340411 0.999958336 53.324592590
0.999967277 -0.000615328 -0.008067583 0.860927701 0.000658323 0.999985576 0.005327683 -1.387442112 0.008064188 -0.005332820 0.999953270 53.835830688
0.999966621 -0.000996088 -0.008120821 0.871247888 0.001042641 0.999983013 0.005730267 -1.405811071 0.008114976 -0.005738542 0.999950647 54.376548767
0.999969840 -0.000766178 -0.007729136 0.873258829 0.000803256 0.999988198 0.004795272 -1.409805179 0.007725370 -0.004801336 0.999958634 54.913806915
0.999973714 -0.000322652 -0.007243337 0.874926031 0.000356803 0.999988854 0.004713902 -1.419628620 0.007241734 -0.004716362 0.999962628 55.455200195
0.999965549 -0.001398850 -0.008171912 0.886188984 0.001437422 0.999987841 0.004716057 -1.425930619 0.008165216 -0.004727642 0.999955416 56.012092590
0.999973357 -0.000786827 -0.007251996 0.893736422 0.000821936 0.999987960 0.004839558 -1.444901824 0.007248100 -0.004845390 0.999961913 56.544765472
0.999967039 -0.000841146 -0.008065228 0.901859820 0.000881001 0.999987423 0.004939299 -1.455996871 0.008060972 -0.004946243 0.999955237 57.083499908
0.999966204 -0.001258118 -0.008120186 0.911691189 0.001297254 0.999987602 0.004816107 -1.470045805 0.008114026 -0.004826479 0.999955416 57.626544952
0.999969363 -0.000289807 -0.007814559 0.908075571 0.000322119 0.999991417 0.004133909 -1.471603751 0.007813293 -0.004136299 0.999960899 58.153778076
0.999970019 -0.000136392 -0.007745374 0.909512758 0.000168386 0.999991477 0.004130190 -1.481052876 0.007744744 -0.004131370 0.999961436 58.700458527
0.999976993 -0.000032163 -0.006788099 0.905335069 0.000057616 0.999992967 0.003749616 -1.491626859 0.006787930 -0.003749920 0.999969900 59.246696472
0.999966502 -0.000699180 -0.008146345 0.935278356 0.000729143 0.999992907 0.003675650 -1.498062253 0.008143716 -0.003681467 0.999960065 59.770324707
0.999966443 -0.000585612 -0.008163097 0.944059372 0.000615027 0.999993265 0.003601330 -1.509756804 0.008160933 -0.003606230 0.999960184 60.322097778
0.999971032 -0.000916223 -0.007553099 0.949849129 0.000943916 0.999992847 0.003663691 -1.521508694 0.007549688 -0.003670714 0.999964714 60.860832214
0.999965429 -0.000917757 -0.008266330 0.956378102 0.000947827 0.999992967 0.003634510 -1.530492783 0.008262935 -0.003642219 0.999959230 61.383029938
0.999963701 -0.000589024 -0.008505442 0.965137005 0.000623146 0.999991834 0.004009619 -1.546132565 0.008503010 -0.004014773 0.999955773 61.930484772
0.999971211 0.000240231 -0.007590259 0.966392994 -0.000207634 0.999990761 0.004295024 -1.566328764 0.007591221 -0.004293324 0.999961913 62.480766296
0.999967337 -0.000549167 -0.008054215 0.960061610 0.000577238 0.999993742 0.003483332 -1.566050172 0.008052250 -0.003487868 0.999961495 63.020862579
0.999965250 -0.000275667 -0.008324991 0.970405042 0.000303966 0.999994278 0.003398245 -1.583573341 0.008324005 -0.003400659 0.999959588 63.540607452
0.999965787 -0.000441168 -0.008263951 0.977890491 0.000471857 0.999992967 0.003712103 -1.595257401 0.008262255 -0.003715876 0.999959052 64.098442078
0.999967158 -0.000091174 -0.008105575 0.978174627 0.000118816 0.999994099 0.003409943 -1.602571726 0.008105217 -0.003410794 0.999961317 64.609901428
0.999968588 -0.000129057 -0.007922351 0.980350256 0.000157280 0.999993622 0.003561914 -1.621651530 0.007921842 -0.003563049 0.999962211 65.148666382
0.999975204 0.000110475 -0.007045824 0.978331506 -0.000089292 0.999995470 0.003006699 -1.627307177 0.007046123 -0.003005995 0.999970675 65.704528809
0.999975801 0.000388664 -0.006954547 0.983260036 -0.000363623 0.999993503 0.003601560 -1.645838261 0.006955902 -0.003598944 0.999969244 66.237449646
0.999969423 0.000188927 -0.007818515 0.992657483 -0.000162296 0.999994159 0.003406584 -1.660959959 0.007819113 -0.003405211 0.999963641 66.784446716
0.999971926 0.000014383 -0.007503973 0.995008409 0.000013735 0.999992967 0.003746990 -1.674119473 0.007503975 -0.003746988 0.999964893 67.331260681
0.999969363 -0.000169775 -0.007826923 1.004783154 0.000198180 0.999993384 0.003628482 -1.691017270 0.007826256 -0.003629921 0.999962807 67.863624573
0.999969721 0.000531378 -0.007767063 1.010260105 -0.000503441 0.999993384 0.003598516 -1.706120253 0.007768923 -0.003594497 0.999963343 68.389450073
0.999968946 0.000436931 -0.007868366 1.014731407 -0.000409804 0.999994099 0.003448980 -1.715004802 0.007869826 -0.003445648 0.999963105 68.931159973
0.999971867 0.000964701 -0.007439626 1.017802358 -0.000939624 0.999993861 0.003373518 -1.729224205 0.007442835 -0.003366433 0.999966621 69.481170654
0.999972343 0.000720284 -0.007406026 1.023956299 -0.000699428 0.999995768 0.002818387 -1.735634923 0.007408025 -0.002813129 0.999968588 70.038917542
0.999970198 0.001003239 -0.007655402 1.027725458 -0.000978917 0.999994457 0.003180193 -1.753617287 0.007658549 -0.003172604 0.999965608 70.553733826
0.999970853 0.001291887 -0.007528649 1.036899328 -0.001268178 0.999994218 0.003153142 -1.767337918 0.007532679 -0.003143503 0.999966681 71.100837708
0.999969065 0.002121918 -0.007575170 1.045305967 -0.002099896 0.999993503 0.002913886 -1.780873179 0.007581304 -0.002897889 0.999967098 71.646644592
0.999971330 0.001256847 -0.007462770 1.051290751 -0.001231963 0.999993682 0.003338087 -1.795729160 0.007466918 -0.003328798 0.999966562 72.183555603
0.999972284 0.001296758 -0.007323259 1.058457851 -0.001271821 0.999993384 0.003408835 -1.814980507 0.007327631 -0.003399427 0.999967396 72.715171814
0.999972582 0.000637188 -0.007381044 1.060240269 -0.000610079 0.999993086 0.003674455 -1.825513244 0.007383334 -0.003669851 0.999966025 73.261230469
0.999971569 0.000570899 -0.007525469 1.070107937 -0.000541509 0.999992311 0.003906914 -1.845018864 0.007527640 -0.003902728 0.999964118 73.803428650
0.999968946 0.000562826 -0.007854339 1.082105160 -0.000532640 0.999992490 0.003844766 -1.853771210 0.007856443 -0.003840463 0.999961734 74.326728821
0.999967456 0.000316817 -0.008063048 1.090181112 -0.000289447 0.999994159 0.003395418 -1.865152359 0.008064075 -0.003392974 0.999961674 74.875427246
0.999971807 0.000150343 -0.007500246 1.091471910 -0.000120535 0.999992073 0.003974689 -1.884820938 0.007500784 -0.003973673 0.999963999 75.395141602
0.999972522 0.000658298 -0.007380121 1.096746683 -0.000632537 0.999993742 0.003492372 -1.894518614 0.007382373 -0.003487608 0.999966681 75.942115784
0.999971390 0.000149796 -0.007560617 1.106738448 -0.000120294 0.999992311 0.003902408 -1.912300587 0.007561144 -0.003901386 0.999963820 76.482910156
0.999971092 0.000909857 -0.007561354 1.115818143 -0.000882199 0.999992847 0.003660284 -1.919009447 0.007564630 -0.003653508 0.999964714 77.026916504
0.999968052 0.000717590 -0.007953416 1.123146296 -0.000687230 0.999992430 0.003819330 -1.932963014 0.007956097 -0.003813743 0.999961019 77.568046570
0.999967873 0.000200160 -0.008004535 1.127074957 -0.000168470 0.999992073 0.003959361 -1.954372644 0.008005263 -0.003957885 0.999960124 78.093666077
0.999966443 0.000261973 -0.008180808 1.139084816 -0.000228167 0.999991357 0.004133007 -1.969979286 0.008181820 -0.004131000 0.999958038 78.634841919
0.999968171 0.000419146 -0.007957895 1.143926859 -0.000386567 0.999991417 0.004094995 -1.980465293 0.007959543 -0.004091788 0.999959946 79.199363708
0.999970317 0.000545585 -0.007683404 1.144229412 -0.000514295 0.999991596 0.004073781 -1.993238568 0.007685562 -0.004069709 0.999962211 79.704849243
0.999977946 0.000676702 -0.006610100 1.152075410 -0.000648538 0.999990702 0.004261951 -2.006751060 0.006612923 -0.004257570 0.999969065 80.246734619
0.999981165 0.000692583 -0.006108172 1.166209340 -0.000671145 0.999993622 0.003511089 -2.017827749 0.006110564 -0.003506923 0.999975204 80.787689209
0.999990404 0.000928375 -0.004312309 1.171158671 -0.000911081 0.999991536 0.004010805 -2.031766415 0.004315996 -0.004006837 0.999982655 81.325790405
0.999995351 0.000667995 -0.002967228 1.180918336 -0.000656980 0.999992847 0.003711407 -2.041012287 0.002969687 -0.003709440 0.999988735 81.859924316
0.999999285 0.000966447 0.000564659 1.194981575 -0.000968412 0.999993563 0.003488112 -2.054117680 -0.000561284 -0.003488657 0.999993742 82.409538269
0.999990165 0.000899154 0.004326130 1.215222716 -0.000915517 0.999992430 0.003781738 -2.065166235 -0.004322697 -0.003785661 0.999983490 82.949005127
0.999970615 0.000024151 0.007655020 1.218502402 -0.000043931 0.999996662 0.002583724 -2.059373140 -0.007654933 -0.002583985 0.999967337 83.529808044
0.999925196 0.000544622 0.012218161 1.241143465 -0.000592992 0.999991953 0.003955601 -2.101009130 -0.012215906 -0.003962550 0.999917448 84.037033081
0.999843240 0.000605520 0.017695216 1.272348642 -0.000670484 0.999992967 0.003665610 -2.114614964 -0.017692871 -0.003676899 0.999836624 84.587959290
0.999724865 0.000824180 0.023443274 1.300756097 -0.000906557 0.999993384 0.003503489 -2.132649660 -0.023440234 -0.003523778 0.999718964 85.119506836
0.999570668 0.000649934 0.029289752 1.322259784 -0.000759998 0.999992669 0.003746761 -2.136998177 -0.029287102 -0.003767412 0.999563932 85.663757324
0.999300480 0.000456595 0.037394702 1.358426452 -0.000594920 0.999993026 0.003688003 -2.149286985 -0.037392758 -0.003707670 0.999293745 86.207649231
0.998956800 0.000487562 0.045663327 1.399308920 -0.000661424 0.999992609 0.003792452 -2.164891005 -0.045661137 -0.003818699 0.998949587 86.764251709
0.998612702 0.000054990 0.052655242 1.447309256 -0.000270312 0.999991655 0.004082172 -2.183107376 -0.052654579 -0.004090743 0.998604357 87.310874939
0.998110950 0.000154880 0.061436675 1.497472048 -0.000357478 0.999994516 0.003286702 -2.182504177 -0.061435834 -0.003302455 0.998105526 87.843437195
0.997429371 0.000454170 0.071655251 1.556603432 -0.000721241 0.999992907 0.003701346 -2.198415756 -0.071653076 -0.003743512 0.997422576 88.386558533
0.996792793 -0.000327248 0.080024667 1.618211746 0.000035620 0.999993324 0.003645627 -2.215614080 -0.080025338 -0.003631084 0.996786237 88.924850464
0.996129572 -0.000564103 0.087895446 1.680830479 0.000209074 0.999991775 0.004048373 -2.230595589 -0.087897018 -0.004014328 0.996121526 89.477699280
0.995115638 -0.000206152 0.098715693 1.757067204 -0.000180130 0.999992371 0.003904144 -2.242003679 -0.098715745 -0.003902857 0.995108008 90.029655457
0.993978262 0.000132950 0.109577179 1.832147598 -0.000600168 0.999990821 0.004230859 -2.253305912 -0.109575607 -0.004271147 0.993969262 90.576087952
0.992918432 -0.000390546 0.118796371 1.916730881 -0.000043498 0.999993324 0.003651072 -2.266740084 -0.118797004 -0.003630385 0.992911935 91.131935120
0.991517425 -0.000750625 0.129972681 2.006275177 0.000215752 0.999991477 0.004129305 -2.279927254 -0.129974693 -0.004066236 0.991508901 91.680801392
0.989925981 -0.001232540 0.141580299 2.101828575 0.000687102 0.999992132 0.003901318 -2.293660164 -0.141584009 -0.003764736 0.989919066 92.205513000
0.988282859 -0.001683923 0.152624235 2.212049484 0.001123722 0.999992311 0.003756641 -2.299783230 -0.152629390 -0.003541117 0.988277137 92.773277283
0.986578643 -0.000789757 0.163284689 2.311837196 0.000110252 0.999991298 0.004170496 -2.317277670 -0.163286567 -0.004096520 0.986570120 93.318161011
0.984350622 -0.001532365 0.176214486 2.446860313 0.000724430 0.999988854 0.004649197 -2.340949059 -0.176219702 -0.004448785 0.984340847 93.833374023
0.982121646 -0.002601251 0.188229457 2.563940048 0.001885150 0.999990284 0.003983328 -2.339416504 -0.188237965 -0.003557273 0.982116997 94.361434937
0.980013728 -0.002279454 0.198916644 2.687546730 0.001558609 0.999991655 0.003780361 -2.347965002 -0.198923573 -0.003394773 0.980009079 94.896385193
0.977315605 -0.001200520 0.211784527 2.834621429 0.000277152 0.999990344 0.004389570 -2.368848085 -0.211787730 -0.004231298 0.977306485 95.437225342
0.974362433 -0.002134166 0.224973887 2.973686218 0.001168404 0.999989510 0.004425823 -2.380563259 -0.224980965 -0.004049495 0.974354684 95.963050842
0.971696436 -0.002234057 0.236222371 3.118280411 0.001204136 0.999989092 0.004504139 -2.392829418 -0.236229852 -0.004092212 0.971688628 96.501945496
0.968850493 -0.002782512 0.247630909 3.274765015 0.001757605 0.999988914 0.004359818 -2.406803131 -0.247640297 -0.003788774 0.968844593 97.015571594
0.965036333 -0.002601425 0.262103111 3.427928925 0.001448444 0.999988437 0.004592062 -2.417391300 -0.262112081 -0.004051864 0.965028942 97.527854919
0.961490095 -0.002472137 0.274828345 3.601181030 0.001404003 0.999990702 0.004083198 -2.423242807 -0.274835855 -0.003540094 0.961484611 98.069892883
0.958388209 -0.003262145 0.285449594 3.782302856 0.002025943 0.999987245 0.004625907 -2.443920612 -0.285461009 -0.003855110 0.958382547 98.578453064
0.954030097 -0.003556689 0.299689710 3.951095581 0.002200528 0.999985754 0.004862592 -2.456445217 -0.299702704 -0.003979584 0.954024315 99.096466064
0.949818432 -0.003128986 0.312785894 4.160890579 0.001735452 0.999987304 0.004733532 -2.467016220 -0.312796712 -0.003953171 0.949811876 99.613914490
0.946029544 -0.004327822 0.324051380 4.363555908 0.003027062 0.999985278 0.004518013 -2.475557566 -0.324066192 -0.003293250 0.946028650 100.106323242
0.941025078 -0.002781830 0.338325322 4.556005478 0.001127197 0.999986410 0.005087032 -2.495225430 -0.338334918 -0.004405666 0.941015422 100.645050049
0.936186314 -0.004219671 0.351478755 4.780233383 0.002693510 0.999984682 0.004830956 -2.506451368 -0.351493776 -0.003575963 0.936183333 101.126708984
0.931527674 -0.004352472 0.363644242 5.001224518 0.002728450 0.999983907 0.004979520 -2.517846107 -0.363660097 -0.003646376 0.931524515 101.636398315
0.927135885 -0.005535687 0.374684125 5.224401474 0.003979245 0.999979854 0.004927550 -2.533772469 -0.374703854 -0.003077550 0.927139401 102.124214172
0.920881569 -0.005193960 0.389807612 5.467334747 0.003386599 0.999980032 0.005323652 -2.542238712 -0.389827549 -0.003582331 0.920880914 102.646614075
0.915111244 -0.005557294 0.403163224 5.707004547 0.003701898 0.999978662 0.005381265 -2.553726196 -0.403184533 -0.003431986 0.915112257 103.137962341
0.910461605 -0.006143670 0.413547844 5.957256317 0.004285953 0.999976158 0.005419752 -2.567627668 -0.413571298 -0.003162028 0.910466313 103.613960266
0.904011667 -0.006190423 0.427462965 6.216381073 0.004404513 0.999976873 0.005166641 -2.570661545 -0.427485168 -0.002787938 0.904018104 104.139808655
0.897297740 -0.006211876 0.441382229 6.478538513 0.004124878 0.999975204 0.005687766 -2.588876486 -0.441406697 -0.003282972 0.897301197 104.625244141
0.891888380 -0.007970777 0.452185243 6.751346588 0.006239367 0.999966383 0.005320142 -2.603067875 -0.452212512 -0.001923623 0.891908169 105.069686890
0.886041582 -0.007213802 0.463549674 7.013366699 0.005515760 0.999972165 0.005018683 -2.601494312 -0.463572979 -0.001889933 0.886056721 105.571594238
0.879048944 -0.008025658 0.476664156 7.300205231 0.006308022 0.999966502 0.005203518 -2.615391970 -0.476689935 -0.001567339 0.879070103 106.040931702
