1.000000000 0.000000000 0.000000000 0.000000000 0.000000000 1.000000000 0.000000000 0.000000000 0.000000000 0.000000000 1.000000000 0.000000000
1.000000000 -0.000068717 -0.000203065 0.003628516 0.000068740 1.000000000 0.000114019 -0.003031785 0.000203057 -0.000114033 1.000000000 -0.001665294
1.000000000 0.000063829 0.000080268 -0.001383367 -0.000063835 1.000000000 0.000069366 -0.002785736 -0.000080264 -0.000069371 1.000000000 -0.001233160
1.000000000 -0.000109820 -0.000168548 0.006499455 0.000109846 1.000000000 0.000155660 -0.003030558 0.000168531 -0.000155678 1.000000000 -0.004406088
1.000000000 -0.000024766 -0.000077693 0.001652235 0.000024769 1.000000000 0.000035288 0.000248791 0.000077692 -0.000035290 1.000000000 0.001620114
1.000000000 -0.000032487 0.000055463 -0.000261852 0.000032489 1.000000000 -0.000026694 -0.000997159 -0.000055462 0.000026695 1.000000000 -0.000618905
1.000000000 -0.000068941 -0.000119178 0.004239622 0.000068958 1.000000000 0.000148082 -0.002690670 0.000119168 -0.000148091 1.000000000 -0.006327615
1.000000000 -0.000107263 -0.000096501 -0.000233272 0.000107264 1.000000000 0.000008180 0.000744925 0.000096500 -0.000008191 1.000000000 0.002041213
1.000000000 0.000045540 -0.000091373 0.002283240 -0.000045532 1.000000000 0.000087122 -0.003093161 0.000091377 -0.000087118 1.000000000 -0.008532102
1.000000000 0.000037603 0.000016318 0.000875616 -0.000037604 1.000000000 0.000091133 -0.001825398 -0.000016315 -0.000091133 1.000000000 -0.005922367
1.000000000 0.000142891 0.000104126 -0.001836999 -0.000142892 1.000000000 0.000013364 -0.001218639 -0.000104124 -0.000013379 1.000000000 -0.004239244
1.000000000 -0.000115960 -0.000019355 -0.000415105 0.000115962 1.000000000 0.000092244 -0.003867314 0.000019345 -0.000092247 1.000000000 -0.009352800
1.000000000 -0.000043367 0.000036737 -0.000186423 0.000043365 1.000000000 0.000052876 -0.001755519 -0.000036739 -0.000052875 1.000000000 -0.006452472
1.000000000 -0.000020538 -0.000009575 0.000931861 0.000020539 1.000000000 0.000088626 -0.001889008 0.000009573 -0.000088626 1.000000000 -0.006847650
1.000000000 -0.000161998 -0.000069328 0.000300730 0.000162009 1.000000000 0.000162013 -0.001362680 0.000069302 -0.000162024 1.000000000 -0.008149746
0.999999940 -0.000251603 -0.000074565 -0.001480593 0.000251610 0.999999940 0.000085442 -0.002270441 0.000074543 -0.000085461 1.000000000 -0.008510837
1.000000000 -0.000212591 0.000006918 0.000198935 0.000212590 1.000000000 0.000086967 -0.001467809 -0.000006936 -0.000086966 1.000000000 -0.008803720
1.000000000 0.000050462 0.000008475 0.002199564 -0.000050463 1.000000000 0.000185468 -0.004133367 -0.000008465 -0.000185468 1.000000000 -0.012580065
1.000000000 -0.000222014 -0.000073406 0.002038349 0.000222021 1.000000000 0.000098391 -0.003470837 0.000073384 -0.000098408 1.000000000 -0.008605428
0.999999940 -0.000280120 -0.000110919 0.005740829 0.000280139 0.999999940 0.000179457 -0.005527816 0.000110869 -0.000179488 1.000000000 -0.019709036
1.000000000 -0.000057362 -0.000061005 0.005343022 0.000057379 0.999999940 0.000276805 -0.006342954 0.000060989 -0.000276808 0.999999940 -0.018557308
1.000000000 0.000075604 0.000032812 -0.000374519 -0.000075607 1.000000000 0.000109814 -0.001423669 -0.000032804 -0.000109816 1.000000000 -0.006961153
0.999999940 -0.000220370 -0.000163214 0.004394795 0.000220391 0.999999940 0.000126874 -0.003396860 0.000163186 -0.000126910 1.000000000 -0.012044262
0.999999940 -0.000224477 -0.000101384 0.001336806 0.000224499 0.999999940 0.000221683 -0.003915799 0.000101334 -0.000221706 1.000000000 -0.007432946
1.000000000 0.000007261 -0.000095264 0.005578042 -0.000007240 1.000000000 0.000221044 -0.003517561 0.000095266 -0.000221043 1.000000000 -0.016029341
1.000000000 -0.000031166 -0.000045632 0.000578927 0.000031175 1.000000000 0.000207506 -0.003172463 0.000045626 -0.000207507 1.000000000 -0.013472020
1.000000000 -0.000110563 -0.000004685 -0.001784911 0.000110564 1.000000000 0.000164715 -0.004589488 0.000004667 -0.000164716 1.000000000 -0.012700815
1.000000000 -0.000028967 -0.000006655 -0.001031802 0.000028968 1.000000000 0.000203675 -0.003299833 0.000006649 -0.000203675 1.000000000 -0.010546909
0.999999940 -0.000234841 -0.000115761 -0.000524140 0.000234857 0.999999940 0.000139084 -0.000430935 0.000115729 -0.000139111 1.000000000 -0.007635975
1.000000000 -0.000101049 -0.000098752 0.001281630 0.000101068 1.000000000 0.000194560 -0.002323516 0.000098733 -0.000194570 1.000000000 -0.008510593
1.000000000 -0.000167529 -0.000023078 -0.001024877 0.000167532 1.000000000 0.000146594 -0.001180737 0.000023053 -0.000146598 1.000000000 -0.002321511
0.999999940 -0.000260724 -0.000143854 -0.002550737 0.000260762 0.999999940 0.000269868 -0.003525774 0.000143784 -0.000269906 0.999999940 -0.010215119
0.999999940 -0.000229849 -0.000129595 0.001944871 0.000229889 0.999999940 0.000310767 -0.003824368 0.000129524 -0.000310797 0.999999940 -0.013970525
1.000000000 0.000010631 -0.000060419 -0.000832842 -0.000010625 1.000000000 0.000101211 -0.001376870 0.000060420 -0.000101210 1.000000000 -0.006643728
1.000000000 -0.000132304 -0.000069724 -0.001205537 0.000132311 1.000000000 0.000086916 -0.000941990 0.000069713 -0.000086925 1.000000000 -0.007386417
1.000000000 -0.000195740 -0.000062296 -0.003047016 0.000195742 1.000000000 0.000025387 -0.000696787 0.000062291 -0.000025399 1.000000000 -0.010850297
0.999999940 -0.000271438 -0.000198855 0.004296320 0.000271460 0.999999940 0.000112331 -0.001636614 0.000198824 -0.000112385 1.000000000 -0.012768020
1.000000000 -0.000188567 -0.000034931 -0.000147395 0.000188569 1.000000000 0.000072567 0.000139190 0.000034917 -0.000072573 1.000000000 -0.007153644
1.000000000 -0.000016019 -0.000063574 -0.001065665 0.000016038 0.999999940 0.000304213 -0.003070523 0.000063569 -0.000304214 0.999999940 -0.011790178
0.999999940 -0.000246643 -0.000232805 0.004770110 0.000246686 0.999999940 0.000184622 -0.005363153 0.000232760 -0.000184680 0.999999940 -0.006499733
1.000000000 -0.000094925 -0.000182092 0.007955096 0.000094851 0.999999940 -0.000405544 -0.008809242 0.000182131 0.000405527 0.999999881 0.041650001
1.000000000 -0.000042913 -0.000192137 0.008507077 0.000042680 0.999999285 -0.001215014 -0.004608430 0.000192189 0.001215006 0.999999225 0.144987285
1.000000000 -0.000103605 -0.000008544 0.003241531 0.000103594 0.999999166 -0.001302388 -0.011242876 0.000008679 0.001302387 0.999999166 0.263508588
0.999999940 -0.000401164 0.000083021 0.004017290 0.000401258 0.999999285 -0.001128068 -0.015933022 -0.000082569 0.001128102 0.999999344 0.384987384
1.000000000 0.000147994 -0.000048614 0.006503319 -0.000148045 0.999999464 -0.001050108 -0.021696124 0.000048458 0.001050115 0.999999464 0.530552804
1.000000000 0.000074941 0.000084581 0.012570434 -0.000074844 0.999999344 -0.001141878 -0.026636928 -0.000084667 0.001141872 0.999999344 0.688328862
1.000000000 -0.000084981 0.000113171 0.031910453 0.000085059 0.999999762 -0.000686950 -0.038528904 -0.000113113 0.000686960 0.999999762 0.853355825
0.999999940 -0.000124143 0.000291305 0.018227130 0.000124326 0.999999821 -0.000627015 -0.037742164 -0.000291228 0.000627051 0.999999762 1.023447752
0.999999881 0.000152145 0.000453610 0.016005578 -0.000151798 0.999999702 -0.000763452 -0.033856850 -0.000453726 0.000763383 0.999999583 1.190206170
0.999999940 -0.000293266 0.000020636 0.042183198 0.000293277 0.999999821 -0.000511585 -0.050598145 -0.000020485 0.000511591 0.999999881 1.414024830
0.999999881 0.000341268 0.000424727 0.030558910 -0.000341048 0.999999821 -0.000518270 -0.061530307 -0.000424904 0.000518125 0.999999762 1.604477048
0.999999464 -0.000649304 0.000721790 0.024001451 0.000648922 0.999999642 0.000528615 -0.069827370 -0.000722133 -0.000528147 0.999999583 1.758939862
0.999998808 -0.001362386 0.000665294 0.035564195 0.001361829 0.999998689 0.000836822 -0.078145593 -0.000666433 -0.000835915 0.999999404 1.958062291
0.999999464 -0.000494319 0.000868052 0.035147216 0.000493778 0.999999642 0.000623091 -0.084372416 -0.000868359 -0.000622662 0.999999404 2.180606365
0.999999642 -0.000664964 0.000643827 0.042923220 0.000664417 0.999999464 0.000849472 -0.088842325 -0.000644392 -0.000849044 0.999999464 2.400775433
0.999999702 -0.000190114 0.000833547 0.038743049 0.000189293 0.999999523 0.000984990 -0.098354869 -0.000833734 -0.000984832 0.999999166 2.620163441
0.999998808 0.000168008 0.001562416 0.038020760 -0.000169827 0.999999285 0.001164503 -0.106979750 -0.001562219 -0.001164766 0.999998093 2.855733395
0.999999523 -0.000470954 0.000857190 0.051897734 0.000469902 0.999999166 0.001226572 -0.119360000 -0.000857767 -0.001226168 0.999998868 3.105611324
0.999999285 -0.000045568 0.001167695 0.048367266 0.000044487 0.999999583 0.000925939 -0.120960765 -0.001167736 -0.000925886 0.999998927 3.371266365
0.999998927 0.000010955 0.001469288 0.051355530 -0.000012954 0.999999106 0.001360505 -0.130870670 -0.001469272 -0.001360523 0.999997973 3.597855091
0.999999464 0.000027098 0.000987107 0.072637051 -0.000028186 0.999999404 0.001101996 -0.133267298 -0.000987076 -0.001102023 0.999998927 3.855844498
0.999999285 -0.000696169 0.000903208 0.076048985 0.000694831 0.999998689 0.001480961 -0.153847337 -0.000904237 -0.001480332 0.999998450 4.127959251
0.999999285 -0.000074864 0.001161975 0.073252000 0.000072494 0.999997914 0.002039475 -0.165441036 -0.001162126 -0.002039389 0.999997258 4.379343987
0.999999464 -0.000300586 0.001004277 0.086634323 0.000298616 0.999998033 0.001961171 -0.169951200 -0.001004865 -0.001960870 0.999997616 4.647680759
0.999999344 -0.000343868 0.001074370 0.087598197 0.000341700 0.999997914 0.002017169 -0.181947798 -0.001075061 -0.002016800 0.999997437 4.911253452
0.999999166 -0.000353040 0.001225707 0.086360343 0.000350326 0.999997497 0.002213248 -0.191063419 -0.001226485 -0.002212817 0.999996781 5.138117313
0.999999344 -0.000727971 0.000857359 0.095107928 0.000725819 0.999996603 0.002507349 -0.204886034 -0.000859181 -0.002506725 0.999996543 5.403342724
0.999998987 0.000277283 0.001393211 0.089749634 -0.000280396 0.999997497 0.002234330 -0.208302721 -0.001392587 -0.002234719 0.999996483 5.669987202
0.999998808 0.000322896 0.001486453 0.087539509 -0.000326535 0.999996960 0.002449107 -0.221808448 -0.001485658 -0.002449590 0.999995887 5.942556858
0.999999285 -0.000509556 0.001032225 0.126591116 0.000507058 0.999996960 0.002419163 -0.218786329 -0.001033455 -0.002418638 0.999996543 6.197448254
0.999999046 -0.000488649 0.001307426 0.118556798 0.000485619 0.999997139 0.002317287 -0.235897958 -0.001308554 -0.002316649 0.999996483 6.529070377
0.999998868 0.000361820 0.001506956 0.116978034 -0.000364961 0.999997795 0.002085132 -0.242748305 -0.001506198 -0.002085680 0.999996722 6.819214821
0.999999166 -0.000406155 0.001246416 0.130387977 0.000403631 0.999997854 0.002024479 -0.243184969 -0.001247236 -0.002023974 0.999997199 7.119587421
0.999999046 -0.000339115 0.001343493 0.141131684 0.000336116 0.999997377 0.002231243 -0.257490933 -0.001344246 -0.002230789 0.999996662 7.419833183
0.999998093 0.000115767 0.001980066 0.135078490 -0.000120732 0.999996901 0.002507496 -0.269323051 -0.001979769 -0.002507730 0.999994934 7.744962692
0.999998212 0.000677594 0.001813097 0.147307202 -0.000682470 0.999996185 0.002689950 -0.281662107 -0.001811267 -0.002691182 0.999994695 8.057417870
0.999998093 -0.000524643 0.001870092 0.136049405 0.000518147 0.999993861 0.003472595 -0.319616944 -0.001871902 -0.003471619 0.999992251 8.363170624
0.999997973 0.000172336 0.002001006 0.142935067 -0.000178693 0.999994874 0.003176778 -0.324419290 -0.002000448 -0.003177129 0.999992967 8.695751190
0.999998391 -0.000120080 0.001814854 0.145252317 0.000115144 0.999996364 0.002719891 -0.326177835 -0.001815174 -0.002719678 0.999994695 9.045159340
0.999998152 -0.000308310 0.001902253 0.154613018 0.000302395 0.999995112 0.003108954 -0.339888513 -0.001903202 -0.003108373 0.999993443 9.383963585
0.999998331 -0.000722453 0.001686117 0.172987655 0.000716674 0.999993861 0.003425206 -0.350619555 -0.001688582 -0.003423992 0.999992788 9.730999947
0.999998212 0.000016947 0.001856817 0.176726133 -0.000023944 0.999992907 0.003768106 -0.357219726 -0.001856739 -0.003768143 0.999991238 10.062882423
0.999998391 -0.000798494 0.001589091 0.182172626 0.000792192 0.999991834 0.003962772 -0.390199870 -0.001592242 -0.003961507 0.999990880 10.450949669
0.999998510 -0.000825157 0.001496964 0.193118438 0.000818872 0.999990880 0.004194451 -0.399732322 -0.001500412 -0.004193218 0.999990046 10.807250977
0.999998569 -0.000999540 0.001317266 0.194958553 0.000994377 0.999991834 0.003914479 -0.405571759 -0.001321168 -0.003913165 0.999991417 11.191800117
0.999997318 -0.001618093 0.001650940 0.201261833 0.001610839 0.999989033 0.004385709 -0.417569220 -0.001658019 -0.004383038 0.999989033 11.595764160
0.999997973 -0.001379448 0.001444871 0.231334522 0.001373798 0.999991417 0.003904217 -0.418580532 -0.001450245 -0.003902224 0.999991357 11.947670937
0.999997795 -0.001704936 0.001246907 0.241551444 0.001699906 0.999990463 0.004024024 -0.418952554 -0.001253756 -0.004021896 0.999991119 12.396637917
0.999997973 -0.001259280 0.001579404 0.234024882 0.001252636 0.999990404 0.004200676 -0.466236949 -0.001584679 -0.004198689 0.999989927 12.777807236
0.999997556 -0.001288411 0.001778460 0.243114546 0.001281164 0.999990880 0.004070316 -0.471779048 -0.001783689 -0.004068028 0.999990106 13.181791306
0.999998152 -0.001640616 0.001099392 0.261388898 0.001635886 0.999989510 0.004289481 -0.487334490 -0.001106418 -0.004287675 0.999990165 13.576568604
0.999997973 -0.000939851 0.001860862 0.268827707 0.000931785 0.999990225 0.004330953 -0.490816444 -0.001864914 -0.004329210 0.999988914 14.007011414
0.999997139 -0.000542368 0.002329086 0.265992790 0.000531672 0.999989331 0.004590504 -0.511452496 -0.002331551 -0.004589253 0.999986827 14.414088249
0.999996483 -0.001986931 0.001812070 0.288237333 0.001978122 0.999986291 0.004850172 -0.538138628 -0.001821682 -0.004846570 0.999986589 14.864480019
0.999994457 -0.002998660 0.001413134 0.336038470 0.002989186 0.999973357 0.006659673 -0.630653858 -0.001433066 -0.006655411 0.999976814 15.247240067
0.999991477 -0.003957502 0.001157098 0.352956951 0.003949713 0.999970078 0.006657019 -0.637595296 -0.001183409 -0.006652392 0.999977112 15.693896294
0.999993622 -0.002576713 0.002465538 0.354010731 0.002559298 0.999971867 0.007040826 -0.652145267 -0.002483611 -0.007034471 0.999972105 16.130111694
0.999993265 -0.002636040 0.002541837 0.370457292 0.002617329 0.999969602 0.007336684 -0.663472652 -0.002561099 -0.007329982 0.999969900 16.566644669
0.999993920 -0.002588749 0.002353406 0.373302817 0.002573240 0.999975026 0.006569350 -0.660345972 -0.002370354 -0.006563254 0.999975622 17.020652771
0.999990821 -0.003471653 0.002526736 0.394629031 0.003455284 0.999973059 0.006454139 -0.677868962 -0.002549075 -0.006445347 0.999975979 17.439880371
0.999995708 -0.001405568 0.002551459 0.417266667 0.001387725 0.999974668 0.006981546 -0.677014172 -0.002561208 -0.006977976 0.999972343 17.911035538
0.999990761 -0.002833005 0.003209321 0.407533377 0.002808129 0.999966145 0.007729495 -0.744938254 -0.003231111 -0.007720413 0.999964952 18.401817322
0.999987364 -0.003690210 0.003384881 0.426333368 0.003661963 0.999958694 0.008313777 -0.754502952 -0.003415421 -0.008301278 0.999959767 18.874385834
0.999990165 -0.002748043 0.003463321 0.437568188 0.002720075 0.999963820 0.008054245 -0.762639403 -0.003485329 -0.008044746 0.999961495 19.342905045
0.999990165 -0.002089153 0.003910224 0.450276941 0.002057432 0.999965072 0.008098776 -0.774757326 -0.003927007 -0.008090652 0.999959469 19.815021515
0.999989450 -0.001659348 0.004286454 0.447245419 0.001624319 0.999965310 0.008162564 -0.787630916 -0.004299851 -0.008155514 0.999957442 20.308582306
0.999989569 -0.000931249 0.004464581 0.459820271 0.000892851 0.999962687 0.008594961 -0.799746633 -0.004472417 -0.008590885 0.999953032 20.808982849
0.999990165 -0.002251097 0.003855244 0.514876008 0.002214093 0.999951720 0.009576154 -0.858952880 -0.003876614 -0.009567522 0.999946713 21.375005722
0.999991298 -0.002135580 0.003584180 0.523265243 0.002103367 0.999957621 0.008967385 -0.856533289 -0.003603179 -0.008959767 0.999953330 21.877983093
0.999992073 -0.001986203 0.003449237 0.530130982 0.001955426 0.999958456 0.008903489 -0.869504690 -0.003466779 -0.008896672 0.999954402 22.404851913
0.999993145 -0.002365781 0.002859388 0.540401816 0.002337442 0.999948561 0.009873912 -0.893101811 -0.002882601 -0.009867160 0.999947131 22.901117325
0.999988616 -0.004685592 0.000814439 0.575612724 0.004677988 0.999947608 0.009100411 -0.896018744 -0.000857037 -0.009096498 0.999958277 23.430021286
0.999991417 -0.004133719 0.000097791 0.583751142 0.004132665 0.999950647 0.009037365 -0.906523943 -0.000135144 -0.009036885 0.999959171 23.969476700
0.999996483 -0.002444665 0.000952251 0.572136521 0.002436297 0.999959290 0.008691138 -0.916156232 -0.000973459 -0.008688787 0.999961793 24.521194458
0.999997079 -0.002396663 0.000117381 0.583887994 0.002395563 0.999960005 0.008612364 -0.924919605 -0.000138017 -0.008612057 0.999962926 25.077543259
0.999990404 -0.004189385 -0.001299803 0.594483614 0.004201994 0.999942601 0.009855227 -0.943594098 0.001258442 -0.009860592 0.999950588 25.563631058
0.999985576 -0.005019914 -0.001930943 0.601520538 0.005038348 0.999940634 0.009663154 -0.946983933 0.001882321 -0.009672743 0.999951422 26.105979919
0.999984384 -0.005015709 -0.002469287 0.607815206 0.005039782 0.999938846 0.009841577 -0.956543088 0.002419774 -0.009853867 0.999948561 26.637701035
0.999978244 -0.005704938 -0.003295799 0.635627389 0.005740129 0.999925554 0.010768848 -0.967261374 0.003234118 -0.010787534 0.999936521 27.219196320
0.999975204 -0.005900185 -0.003839988 0.642664433 0.005939477 0.999929249 0.010302481 -0.975835800 0.003778929 -0.010325035 0.999939561 27.769968033
0.999983788 -0.004256551 -0.003777508 0.643223464 0.004298206 0.999929249 0.011088273 -0.995674014 0.003730043 -0.011104331 0.999931395 28.344837189
0.999974847 -0.005354255 -0.004649804 0.651895702 0.005400317 0.999935865 0.009950833 -0.990333796 0.004596226 -0.009975693 0.999939680 28.881277084
0.999964893 -0.005956388 -0.005886768 0.693305612 0.006019444 0.999924064 0.010752558 -1.011738300 0.005822274 -0.010787616 0.999924839 29.521705627
0.999964774 -0.006324954 -0.005518303 0.660868943 0.006385829 0.999918163 0.011084429 -1.056539059 0.005447743 -0.011119281 0.999923348 30.003938675
0.999965787 -0.005910377 -0.005791292 0.673588514 0.005972590 0.999923944 0.010784803 -1.055443168 0.005727110 -0.010819024 0.999925077 30.556121826
0.999964416 -0.006008006 -0.005929711 0.707889438 0.006070915 0.999924779 0.010648800 -1.086344242 0.005865289 -0.010684419 0.999925733 31.072904587
0.999961317 -0.006142953 -0.006294329 0.665149689 0.006219140 0.999906778 0.012156758 -1.126544952 0.006219063 -0.012195434 0.999906242 31.542949677
0.999962568 -0.005864784 -0.006354568 0.676345766 0.005944868 0.999902308 0.012657942 -1.142141938 0.006279709 -0.012695245 0.999899685 32.080772400
0.999958277 -0.006491694 -0.006425093 0.693611562 0.006569536 0.999904394 0.012169322 -1.153932810 0.006345479 -0.012211024 0.999905348 32.647209167
0.999964714 -0.005299407 -0.006512366 0.685190141 0.005376592 0.999914885 0.011892330 -1.131312490 0.006448789 -0.011926927 0.999908149 33.173748016
0.999973118 -0.003756386 -0.006303484 0.677860439 0.003828337 0.999927163 0.011441503 -1.147818565 0.006260046 -0.011465327 0.999914706 33.738899231
0.999949336 -0.006826926 -0.007390846 0.685906172 0.006919207 0.999897480 0.012532986 -1.176045418 0.007304526 -0.012583488 0.999894083 34.286956787
0.999956727 -0.005906567 -0.007195037 0.695947886 0.005999731 0.999897540 0.012996221 -1.194886565 0.007117537 -0.013038825 0.999889612 34.826431274
0.999941707 -0.007499639 -0.007769796 0.689505398 0.007600856 0.999885499 0.013080188 -1.198323488 0.007670810 -0.013138479 0.999884307 35.330101013
0.999942362 -0.007021246 -0.008121196 0.698652267 0.007125981 0.999890864 0.012940339 -1.219773769 0.008029453 -0.012997467 0.999883294 35.906185150
0.999941170 -0.007023572 -0.008264725 0.692192316 0.007129257 0.999892294 0.012828420 -1.233749866 0.008173733 -0.012886587 0.999883592 36.465019226
0.999950945 -0.005544271 -0.008201675 0.698477387 0.005640653 0.999914765 0.011775387 -1.215276241 0.008135689 -0.011821075 0.999897003 37.035602570
0.999950886 -0.005890254 -0.007965867 0.688702464 0.005985275 0.999910593 0.011957800 -1.228884459 0.007894721 -0.012004890 0.999896765 37.491451263
0.999936938 -0.007513585 -0.008343916 0.681596756 0.007618498 0.999891400 0.012613808 -1.253503919 0.008248234 -0.012676585 0.999885619 38.073486328
0.999935150 -0.007450992 -0.008612121 0.715145111 0.007571521 0.999872565 0.014048531 -1.292393923 0.008506348 -0.014112826 0.999864221 38.584125519
0.999930859 -0.007624019 -0.008950653 0.716668189 0.007748649 0.999872267 0.013972892 -1.302935839 0.008842981 -0.014041283 0.999862313 39.133403778
0.999926269 -0.007782048 -0.009325339 0.729999304 0.007909094 0.999875247 0.013665208 -1.304226637 0.009217834 -0.013737954 0.999863088 39.640918732
0.999925554 -0.007716250 -0.009453707 0.727052808 0.007842646 0.999879360 0.013406716 -1.297043443 0.009349118 -0.013479860 0.999865413 40.268451691
0.999929309 -0.007569888 -0.009163853 0.735477746 0.007690019 0.999884009 0.013145746 -1.301030874 0.009063278 -0.013215287 0.999871612 40.822021484
0.999926150 -0.008069101 -0.009081690 0.731057644 0.008187975 0.999880254 0.013129320 -1.316258669 0.008974661 -0.013202711 0.999872506 41.391876221
0.999929070 -0.007612518 -0.009158758 0.755320311 0.007745812 0.999863267 0.014607328 -1.355776668 0.009046308 -0.014677235 0.999851346 41.844863892
0.999913633 -0.008889381 -0.009681382 0.768089056 0.009036460 0.999842763 0.015255559 -1.374324799 0.009544248 -0.015341727 0.999836743 42.380676270
0.999907613 -0.009024946 -0.010157645 0.779811382 0.009177804 0.999843836 0.015103970 -1.373146176 0.010019745 -0.015195799 0.999834359 42.950885773
0.999910593 -0.008612953 -0.010229702 0.773184955 0.008764738 0.999850810 0.014886624 -1.378026009 0.010099957 -0.014974955 0.999836802 43.510181427
0.999919415 -0.007980811 -0.009869421 0.764664173 0.008120453 0.999866366 0.014190669 -1.382769346 0.009754848 -0.014269671 0.999850571 44.075263977
0.999910355 -0.008526245 -0.010329504 0.777014732 0.008674534 0.999858737 0.014397039 -1.401983976 0.010205292 -0.014485350 0.999843001 44.647754669
0.999902964 -0.009411468 -0.010269627 0.784724712 0.009575506 0.999825478 0.016042553 -1.436657429 0.010116853 -0.016139334 0.999818563 45.074901581
0.999898016 -0.009446924 -0.010709696 0.791756868 0.009619590 0.999822736 0.016187191 -1.445566773 0.010554879 -0.016288567 0.999811590 45.622947693
0.999897599 -0.009592333 -0.010611078 0.801710248 0.009762891 0.999822140 0.016140148 -1.449188948 0.010454370 -0.016242094 0.999813437 46.154148102
0.999912024 -0.008439870 -0.010230540 0.794955015 0.008594807 0.999847591 0.015196455 -1.451329231 0.010100723 -0.015283051 0.999832153 46.672969818
0.999916553 -0.008179475 -0.009993919 0.774802685 0.008323041 0.999861538 0.014409127 -1.444508910 0.009874674 -0.014491106 0.999846220 47.282302856
0.999913514 -0.008321917 -0.010174323 0.777743399 0.008476442 0.999847889 0.015240113 -1.490885735 0.010045950 -0.015325040 0.999832034 47.869411469
0.999911606 -0.008570520 -0.010159223 0.761087835 0.008745648 0.999811649 0.017321128 -1.565560579 0.010008859 -0.017408445 0.999798357 48.349483490
0.999911606 -0.008957315 -0.009820184 0.766621113 0.009127974 0.999805689 0.017473649 -1.579154849 0.009661760 -0.017561745 0.999799073 48.882072449
0.999917507 -0.008614814 -0.009525619 0.766039610 0.008786155 0.999797702 0.018094396 -1.592563152 0.009367810 -0.018176600 0.999790847 49.432113647
0.999906659 -0.008715774 -0.010514981 0.786527216 0.008901593 0.999802709 0.017756440 -1.588130355 0.010358145 -0.017848385 0.999787033 49.995075226
0.999888539 -0.010158082 -0.010947082 0.781281352 0.010346888 0.999796271 0.017330883 -1.598694921 0.010768803 -0.017442217 0.999789834 50.562778473
0.999927819 -0.007659310 -0.009250352 0.742313981 0.007825387 0.999806345 0.018052761 -1.609697104 0.009110291 -0.018123848 0.999794185 51.098896027
0.999897480 -0.009422922 -0.010790049 0.782001376 0.009615612 0.999792635 0.017947562 -1.622973204 0.010618695 -0.018049471 0.999780715 51.499362946
0.999888659 -0.009919321 -0.011148165 0.784866095 0.010127571 0.999772251 0.018781628 -1.634622931 0.010959327 -0.018892441 0.999761462 52.043445587
0.999891996 -0.009913379 -0.010849737 0.792830348 0.010106002 0.999789655 0.017845079 -1.635596514 0.010670552 -0.017952798 0.999781907 52.597236633
0.999884188 -0.010658417 -0.010855415 0.799959123 0.010852013 0.999780297 0.017934168 -1.634505510 0.010661881 -0.018049894 0.999780178 53.133853912
0.999881983 -0.010540832 -0.011172417 0.790461779 0.010746606 0.999770701 0.018520927 -1.661797285 0.010974631 -0.018638806 0.999765992 53.571174622
0.999895692 -0.009810423 -0.010595849 0.789904654 0.010006909 0.999775887 0.018652802 -1.666676641 0.010410482 -0.018756887 0.999769866 54.106632233
0.999875426 -0.010756793 -0.011550551 0.789866805 0.010964274 0.999776900 0.018052382 -1.662852764 0.011353789 -0.018176775 0.999770284 54.625316620
0.999877393 -0.010568919 -0.011553460 0.792669475 0.010778895 0.999774992 0.018265639 -1.690521121 0.011357813 -0.018387930 0.999766409 55.119140625
0.999888778 -0.009638605 -0.011376283 0.799830914 0.009849023 0.999778688 0.018587470 -1.678624392 0.011194608 -0.018697448 0.999762475 55.685920715
0.999878109 -0.011223799 -0.010854265 0.745189130 0.011440962 0.999731362 0.020156473 -1.746038318 0.010625117 -0.020278201 0.999737859 56.127819061
0.999884844 -0.010949753 -0.010510352 0.747157633 0.011153904 0.999746323 0.019565795 -1.751180291 0.010293446 -0.019680772 0.999753237 56.666549683
0.999876082 -0.011394382 -0.010858105 0.765424013 0.011605996 0.999739885 0.019629668 -1.746214032 0.010631612 -0.019753255 0.999748349 57.235477448
0.999885082 -0.011138456 -0.010278526 0.753334165 0.011336823 0.999746621 0.019446960 -1.762558341 0.010059314 -0.019561253 0.999758065 57.791332245
0.999893308 -0.010694815 -0.009945915 0.754175484 0.010888905 0.999747217 0.019669615 -1.765099764 0.009733038 -0.019775815 0.999757051 58.393318176
0.999876082 -0.011446463 -0.010807295 0.754538298 0.011670457 0.999713540 0.020895777 -1.802698851 0.010565017 -0.021019317 0.999723196 58.708309174
0.999877930 -0.011223246 -0.010873282 0.759848297 0.011446620 0.999720156 0.020703686 -1.809618592 0.010637878 -0.020825623 0.999726474 59.259006500
0.999872565 -0.011711048 -0.010843362 0.782354057 0.011929814 0.999721944 0.020335009 -1.808211923 0.010602204 -0.020461779 0.999734402 59.815120697
0.999891102 -0.010550934 -0.010319567 0.768958092 0.010765755 0.999721766 0.020987764 -1.811889291 0.010095255 -0.021096576 0.999726474 60.337177277
0.999870658 -0.011200377 -0.011543736 0.840423763 0.011442319 0.999711633 0.021110268 -1.837727308 0.011303966 -0.021239627 0.999710500 60.779655457
0.999870539 -0.011029427 -0.011713858 0.832520664 0.011294683 0.999675691 0.022825170 -1.869443536 0.011458309 -0.022954520 0.999670863 61.204811096
0.999881864 -0.010598662 -0.011127369 0.823131621 0.010849870 0.999682009 0.022763457 -1.871972084 0.010882567 -0.022881500 0.999678910 61.760578156
0.999876797 -0.010819837 -0.011367847 0.842332184 0.011075334 0.999681950 0.022658257 -1.878596902 0.011119074 -0.022781370 0.999678612 62.298698425
0.999877095 -0.010687689 -0.011469934 0.868750095 0.010938792 0.999696851 0.022057517 -1.846996188 0.011230712 -0.022180272 0.999690890 62.803417206
0.999878645 -0.010719502 -0.011303104 0.859988034 0.010977348 0.999675155 0.023002008 -1.893716931 0.011052864 -0.023123296 0.999671459 63.348873138
0.999882638 -0.010557164 -0.011102772 0.863970876 0.010802464 0.999693692 0.022270674 -1.864343286 0.010864255 -0.022387996 0.999690294 63.848648071
0.999858201 -0.011711479 -0.012102022 0.857868493 0.012004247 0.999629915 0.024408907 -1.959358692 0.011811680 -0.024550721 0.999628723 64.319648743
0.999857664 -0.011203166 -0.012613391 0.873759866 0.011510885 0.999631226 0.024593851 -1.967361569 0.012333210 -0.024735544 0.999617934 64.865547180
0.999867499 -0.011711201 -0.011308722 0.872601211 0.011987751 0.999622941 0.024704531 -1.971588254 0.011015138 -0.024836823 0.999630809 65.402404785
0.999856949 -0.011693312 -0.012216189 0.925436914 0.011986616 0.999634802 0.024218772 -1.927428365 0.011928530 -0.024361741 0.999632061 65.863563538
0.999843001 -0.012685664 -0.012372917 0.875578821 0.012996508 0.999593496 0.025374796 -1.986957192 0.012045991 -0.025531612 0.999601543 66.352432251
0.999865294 -0.011425127 -0.011784698 0.876597226 0.011726904 0.999596655 0.025864538 -2.000704288 0.011484439 -0.025999252 0.999596059 66.897857666
0.999851644 -0.012409434 -0.011953910 0.864594340 0.012708215 0.999600351 0.025251452 -1.986787796 0.011635777 -0.025399614 0.999609709 67.472770691
0.999840677 -0.013138495 -0.012084506 0.891480803 0.013443024 0.999585092 0.025473649 -1.983146191 0.011744807 -0.025632041 0.999602437 68.058479309
0.999849021 -0.012557412 -0.012019229 0.869576216 0.012873472 0.999563456 0.026590271 -2.021700621 0.011680078 -0.026740981 0.999574184 68.678024292
0.999879360 -0.010070709 -0.011827159 0.876536429 0.010386396 0.999583066 0.026940843 -2.067120314 0.011550912 -0.027060430 0.999567032 69.007293701
0.999877751 -0.009933525 -0.012072872 0.881996214 0.010249558 0.999598801 0.026403522 -2.061563969 0.011805747 -0.026524037 0.999578416 69.575942993
0.999893367 -0.009291559 -0.011272073 0.888714850 0.009590686 0.999595344 0.026779827 -2.071767092 0.011018685 -0.026885077 0.999577761 70.115921021
0.999881804 -0.009777718 -0.011872134 0.962455869 0.010093997 0.999587655 0.026879491 -2.071603775 0.011604417 -0.026996147 0.999568164 70.564476013
0.999896228 -0.008984301 -0.011271878 0.909302592 0.009290552 0.999580801 0.027417658 -2.093024731 0.011020823 -0.027519528 0.999560535 71.197494507
0.999892592 -0.008525026 -0.011923269 1.009507656 0.008852092 0.999578416 0.027652537 -2.122920990 0.011682501 -0.027755115 0.999546468 71.573921204
0.999875903 -0.010470008 -0.011770932 0.891920328 0.010798350 0.999544322 0.028185634 -2.127753496 0.011470466 -0.028309243 0.999533355 72.087799072
0.999889970 -0.009603600 -0.011304129 0.892388284 0.009909560 0.999577343 0.027328921 -2.117471933 0.011036894 -0.027437935 0.999562562 72.647033691
0.999894023 -0.009333832 -0.011173879 0.899386525 0.009640001 0.999570608 0.027667446 -2.125511646 0.010910840 -0.027772227 0.999554694 73.196746826
0.999861836 -0.011343421 -0.012157234 0.918695986 0.011671565 0.999559999 0.027269589 -2.118514061 0.011842555 -0.027407710 0.999554157 73.784461975
0.999892235 -0.010027116 -0.010726056 0.950963140 0.010324383 0.999553800 0.028027788 -2.146515131 0.010440234 -0.028135506 0.999549568 74.241455078
0.999855757 -0.011793237 -0.012221919 0.910957575 0.012138767 0.999517381 0.028593723 -2.134619474 0.011878806 -0.028737955 0.999516368 74.697738647
0.999857843 -0.011490067 -0.012342555 0.923282206 0.011836246 0.999527931 0.028350694 -2.137145519 0.012010978 -0.028492749 0.999521852 75.233337402
0.999858618 -0.011711475 -0.012065011 0.932817042 0.012051912 0.999520063 0.028541824 -2.144419670 0.011724951 -0.028683200 0.999519765 75.817100525
0.999866962 -0.011227174 -0.011832987 0.924232960 0.011562060 0.999523401 0.028623208 -2.146883726 0.011505987 -0.028756218 0.999520242 76.364486694
0.999871135 -0.010918755 -0.011768098 0.921781421 0.011251139 0.999528766 0.028558539 -2.139743567 0.011450727 -0.028687267 0.999522805 76.911270142
0.999863088 -0.010950537 -0.012404770 0.972319603 0.011308466 0.999510765 0.029161209 -2.185160160 0.012079371 -0.029297499 0.999497771 77.313179016
0.999864519 -0.010861491 -0.012366241 0.971716464 0.011219123 0.999509871 0.029227734 -2.177308083 0.012042724 -0.029362513 0.999496281 77.869567871
0.999862194 -0.011019223 -0.012411000 0.974748075 0.011377926 0.999508500 0.029212262 -2.178759813 0.012083002 -0.029349450 0.999496222 78.390045166
0.999877453 -0.009948635 -0.012087739 0.999298155 0.010296782 0.999523818 0.029089289 -2.197183609 0.011792586 -0.029210191 0.999503672 78.941146851
0.999883473 -0.010745306 -0.010841411 0.981794238 0.011067764 0.999484479 0.030135026 -2.201304436 0.010512011 -0.030251507 0.999487042 79.364654541
0.999912620 -0.010302201 -0.008282985 0.966618359 0.010546484 0.999493897 0.030010331 -2.204901695 0.007969622 -0.030095065 0.999515295 79.923774719
0.999915361 -0.010349361 -0.007883002 0.991754055 0.010581846 0.999492645 0.030044703 -2.212115049 0.007568059 -0.030125581 0.999517441 80.491317749
0.999940991 -0.008812862 -0.006345733 0.967602193 0.009000481 0.999504209 0.030171273 -2.224967718 0.006076692 -0.030226611 0.999524653 81.043548584
0.999940991 -0.010081740 -0.004042487 1.021205783 0.010200917 0.999478638 0.030632107 -2.242107868 0.003731554 -0.030671531 0.999522686 81.475708008
0.999952495 -0.009738483 -0.000395526 1.040954232 0.009745980 0.999498367 0.030133832 -2.224297762 0.000101868 -0.030136254 0.999545872 82.028244019
0.999949515 -0.009602861 0.002939632 1.059197068 0.009508677 0.999488592 0.030532256 -2.234242678 -0.003231327 -0.030502763 0.999529481 82.550376892
0.999930143 -0.009280507 0.007307743 1.079636097 0.009058545 0.999513626 0.029842177 -2.220587254 -0.007581141 -0.029773898 0.999527931 83.088119507
0.999882817 -0.007813148 0.013161745 1.104243398 0.007407372 0.999504268 0.030601529 -2.247605801 -0.013394317 -0.030500453 0.999445021 83.619453430
0.999777675 -0.008584838 0.019257355 1.139780283 0.007985940 0.999488652 0.030963853 -2.256652117 -0.019513326 -0.030803183 0.999334931 84.100219727
0.999657452 -0.009064896 0.024552323 1.126927137 0.008283966 0.999462485 0.031723801 -2.285160542 -0.024826694 -0.031509545 0.999195039 84.651611328
0.999406874 -0.008885230 0.033269897 1.163100362 0.007840917 0.999476552 0.031389084 -2.272306681 -0.033531383 -0.031109605 0.998953283 85.213150024
0.999097526 -0.009529181 0.041392472 1.214318037 0.008192886 0.999443531 0.032334071 -2.286686659 -0.041677553 -0.031965766 0.998619616 85.734390259
0.998763740 -0.009823058 0.048729375 1.240785122 0.008291145 0.999468148 0.031540297 -2.262842178 -0.049013279 -0.031097278 0.998313904 86.305107117
0.998295784 -0.010166119 0.057464346 1.295784235 0.008350771 0.999461114 0.031743202 -2.267552614 -0.057756092 -0.031209229 0.997842789 86.889274597
0.997655451 -0.009467053 0.067777835 1.365675449 0.007292725 0.999453127 0.032256085 -2.277825832 -0.068046138 -0.031686172 0.997178853 87.479057312
0.996977150 -0.008187922 0.077262744 1.336149216 0.005566491 0.999403417 0.034083355 -2.360146523 -0.077495731 -0.033550244 0.996427953 87.991744995
0.996337295 -0.008738448 0.085062519 1.407242775 0.005908058 0.999422252 0.033469282 -2.355687857 -0.085305847 -0.032844134 0.995813370 88.528984070
0.995324135 -0.007114057 0.096328475 1.483907223 0.003795900 0.999394536 0.034585815 -2.366554022 -0.096516162 -0.034058444 0.994748592 89.064193726
0.994233251 -0.006885284 0.107018389 1.577259541 0.003147142 0.999380231 0.035059620 -2.377407789 -0.107193463 -0.034520634 0.993638754 89.585906982
0.993261814 -0.005847321 0.115744606 1.679557800 0.001587951 0.999319255 0.036857776 -2.421336174 -0.115881324 -0.036425624 0.992594898 90.032066345
0.991807401 -0.008039764 0.127488732 1.684701920 0.003740144 0.999417245 0.033929091 -2.302750349 -0.127687201 -0.033174299 0.991259515 90.766143799
0.990220368 -0.008390317 0.139259562 1.787840843 0.003716158 0.999421954 0.033790503 -2.299294472 -0.139462620 -0.032942537 0.989679158 91.311912537
0.988489509 -0.008299196 0.151061669 1.892496109 0.003305212 0.999440610 0.033280354 -2.290544510 -0.151253372 -0.032397989 0.987963974 91.847213745
0.986985803 -0.008034278 0.160606399 1.993081093 0.002652380 0.999428630 0.033696197 -2.291289568 -0.160785392 -0.032831676 0.986443162 92.393379211
0.984863818 -0.007612435 0.173162892 2.100942612 0.001682197 0.999407828 0.034367599 -2.298496962 -0.173321977 -0.033556111 0.984293401 92.903610229
0.982440889 -0.005075850 0.186504632 2.216236115 -0.001570555 0.999369442 0.035471644 -2.299216986 -0.186567098 -0.035141718 0.981813490 93.455238342
0.980481446 -0.007567666 0.196465671 2.325956345 0.000738344 0.999393642 0.034810882 -2.275365829 -0.196609959 -0.033986364 0.979892552 94.079093933
0.977600336 -0.006563349 0.210367620 2.455865860 -0.000856491 0.999381423 0.035160329 -2.274580479 -0.210468218 -0.034552924 0.976989925 94.639854431
0.974543869 -0.007238213 0.224079937 2.604084015 -0.000573589 0.999394894 0.034776967 -2.269005537 -0.224196076 -0.034020204 0.973950028 95.153984070
0.972231507 -0.009806737 0.233815372 2.793107986 0.001581080 0.999374032 0.035341658 -2.293224812 -0.234015599 -0.033990588 0.971638441 95.618423462
0.969138384 -0.008616333 0.246366620 2.994911194 0.000102396 0.999402940 0.034549955 -2.234007359 -0.246517196 -0.033458453 0.968560696 96.184059143
0.965758204 -0.007934242 0.259322405 3.247591019 -0.001118380 0.999395669 0.034742590 -2.217415094 -0.259441346 -0.033842966 0.965165734 96.721641541
0.962236345 -0.008308459 0.272088051 3.420202255 -0.001121570 0.999404728 0.034484159 -2.214349985 -0.272212476 -0.033487089 0.961654246 97.243881226
0.959180057 -0.010102056 0.282615721 3.610082626 0.000345724 0.999402881 0.034550130 -2.212509155 -0.282796025 -0.033042088 0.958610833 97.762298584
0.954773784 -0.008837789 0.297201633 3.784643173 -0.001546989 0.999397039 0.034688510 -2.211938143 -0.297329009 -0.033579454 0.954184473 98.332565308
0.950283468 -0.009388959 0.311244488 3.989700317 -0.001469188 0.999399006 0.034633417 -2.201493263 -0.311382622 -0.033368845 0.949698627 98.844017029
0.946467876 -0.009901504 0.322646141 4.165042877 -0.001222596 0.999412358 0.034256823 -2.181130886 -0.322795749 -0.032817449 0.945899546 99.327842712
0.942250490 -0.012233794 0.334685445 4.437742233 0.001503685 0.999477029 0.032300621 -2.138874531 -0.334905565 -0.029932017 0.941776097 100.011466980
0.937005401 -0.012047576 0.349106938 4.655395508 0.000705905 0.999468327 0.032596707 -2.135742188 -0.349314004 -0.030296851 0.936515749 100.531806946
0.932433546 -0.013424126 0.361092150 4.884737015 0.001773940 0.999467731 0.032575894 -2.129594088 -0.361337274 -0.029734299 0.931961000 101.037170410
0.927658141 -0.012736347 0.373213410 5.102607727 0.000611800 0.999468744 0.032587357 -2.141624689 -0.373430163 -0.030001597 0.927173018 101.566360474
0.922269344 -0.014595322 0.386272281 5.354778290 0.001869313 0.999443591 0.033300847 -2.145511627 -0.386543393 -0.029990282 0.921783507 102.014030457
0.916792989 -0.015693434 0.399054199 5.587833405 0.002337163 0.999421358 0.033934381 -2.177148581 -0.399355829 -0.030178148 0.916299284 102.452621460
0.912085593 -0.015200301 0.409717917 5.862792969 0.001326158 0.999416649 0.034125585 -2.166220665 -0.409997672 -0.030582104 0.911573648 103.032608032
0.906732798 -0.016011097 0.421401650 6.119873047 0.001829769 0.999418974 0.034035653 -2.164762020 -0.421701699 -0.030090174 0.906235158 103.512924194
0.899972916 -0.015023925 0.435686916 6.370658875 -0.000038997 0.999403179 0.034543276 -2.168398380 -0.435945898 -0.031105002 0.899435163 104.022819519
0.894583285 -0.016446335 0.446598709 6.650413513 0.001190557 0.999406755 0.034419108 -2.166423559 -0.446899861 -0.030259050 0.894072115 104.481887817
0.888241231 -0.016193170 0.459091634 6.920997620 0.000452342 0.999408841 0.034376159 -2.160193920 -0.459376961 -0.030326655 0.887723505 104.990028381
0.881300747 -0.016312100 0.472274244 7.190696716 0.000119710 0.999411702 0.034295768 -2.144974232 -0.472555727 -0.030168349 0.880784273 105.450340271
0.874363124 -0.016577616 0.484989017 7.487407684 0.000287720 0.999433815 0.033643357 -2.136095285 -0.485272199 -0.029276967 0.873872876 105.927421570
