1.000000000 0.000000000 0.000000000 0.000000000 0.000000000 1.000000000 0.000000000 0.000000000 0.000000000 0.000000000 1.000000000 0.000000000
1.000000000 0.000041684 -0.000021564 0.000443591 -0.000041683 1.000000000 0.000013526 -0.000358452 0.000021564 -0.000013525 1.000000000 0.001361112
1.000000000 0.000029032 -0.000000912 0.000915896 -0.000029032 1.000000000 0.000044499 -0.000699383 0.000000913 -0.000044499 1.000000000 0.001099284
1.000000000 -0.000024050 -0.000058922 0.001603884 0.000024048 1.000000000 -0.000034374 -0.000850461 0.000058923 0.000034372 1.000000000 -0.001034686
1.000000000 -0.000063374 -0.000084914 0.001263557 0.000063380 1.000000000 0.000074450 -0.000811611 0.000084909 -0.000074455 1.000000000 -0.000029337
1.000000000 -0.000057743 -0.000048063 -0.000947772 0.000057741 1.000000000 -0.000029964 0.001359351 0.000048064 0.000029961 1.000000000 0.002412127
1.000000000 -0.000157235 -0.000086718 0.001083176 0.000157243 1.000000000 0.000092787 -0.000557535 0.000086703 -0.000092801 1.000000000 0.000375535
1.000000000 -0.000061413 -0.000035469 -0.000035375 0.000061416 1.000000000 0.000064649 -0.000639210 0.000035465 -0.000064651 1.000000000 -0.001151306
1.000000000 0.000050447 -0.000050014 0.001180112 -0.000050444 1.000000000 0.000062911 -0.000534920 0.000050017 -0.000062908 1.000000000 -0.001814576
1.000000000 0.000037883 -0.000008170 0.000001244 -0.000037882 1.000000000 0.000051383 0.000449187 0.000008172 -0.000051383 1.000000000 0.001853489
1.000000000 0.000033439 -0.000000754 0.000061653 -0.000033439 1.000000000 0.000015085 -0.000127139 0.000000755 -0.000015085 1.000000000 0.000068883
1.000000000 -0.000052412 -0.000084469 0.001057473 0.000052420 1.000000000 0.000101753 -0.000909781 0.000084464 -0.000101758 1.000000000 -0.000622963
1.000000000 -0.000009499 -0.000027733 0.000275683 0.000009499 1.000000000 -0.000001240 0.000410529 0.000027733 0.000001240 1.000000000 0.001742159
1.000000000 -0.000137521 -0.000110754 0.000718378 0.000137535 1.000000000 0.000126551 -0.000203450 0.000110736 -0.000126566 1.000000000 -0.000059847
1.000000000 -0.000000315 -0.000094495 0.001321709 0.000000320 1.000000000 0.000047664 -0.000468181 0.000094495 -0.000047664 1.000000000 -0.003660600
1.000000000 -0.000040971 -0.000131135 0.003120958 0.000040986 1.000000000 0.000113452 -0.001105044 0.000131131 -0.000113457 1.000000000 -0.002457295
1.000000000 -0.000091269 -0.000101112 0.002748545 0.000091282 1.000000000 0.000127428 -0.001649808 0.000101100 -0.000127437 1.000000000 -0.003007069
1.000000000 -0.000042019 -0.000081096 0.002762767 0.000042024 1.000000000 0.000057962 -0.000726822 0.000081093 -0.000057965 1.000000000 -0.001211968
1.000000000 0.000061481 -0.000060430 0.001711027 -0.000061473 1.000000000 0.000124530 -0.001192397 0.000060437 -0.000124526 1.000000000 -0.002408995
1.000000000 -0.000094980 -0.000092358 0.002569929 0.000094988 1.000000000 0.000094505 -0.001840947 0.000092349 -0.000094514 1.000000000 -0.004077226
1.000000000 -0.000089879 -0.000101680 0.001456188 0.000089888 1.000000000 0.000082837 0.000145655 0.000101672 -0.000082847 1.000000000 0.001753087
1.000000000 -0.000105151 -0.000091798 0.001191768 0.000105162 1.000000000 0.000122389 -0.001679611 0.000091785 -0.000122399 1.000000000 -0.005323264
1.000000000 0.000037479 -0.000129565 0.003852358 -0.000037464 1.000000000 0.000116465 -0.001143859 0.000129570 -0.000116460 1.000000000 -0.001658180
1.000000000 -0.000065207 -0.000153762 0.003085461 0.000065220 1.000000000 0.000088466 -0.001350763 0.000153756 -0.000088476 1.000000000 -0.002289701
1.000000000 -0.000086572 -0.000116546 0.002394147 0.000086581 1.000000000 0.000078616 -0.001136261 0.000116539 -0.000078626 1.000000000 -0.002697328
1.000000000 -0.000038867 -0.000137438 0.002950854 0.000038877 1.000000000 0.000067245 -0.000370494 0.000137436 -0.000067250 1.000000000 -0.001241799
1.000000000 -0.000028129 -0.000081800 0.003266240 0.000028133 1.000000000 0.000049773 -0.000420801 0.000081799 -0.000049776 1.000000000 -0.001394670
1.000000000 -0.000146781 -0.000163926 0.002525039 0.000146803 1.000000000 0.000134668 -0.000619323 0.000163906 -0.000134692 1.000000000 -0.003451957
1.000000000 -0.000162597 -0.000110749 0.001636331 0.000162607 1.000000000 0.000091002 -0.001663847 0.000110735 -0.000091020 1.000000000 -0.001249851
1.000000000 -0.000050220 -0.000168653 0.004143999 0.000050252 1.000000000 0.000192932 -0.002551276 0.000168643 -0.000192940 0.999999940 -0.004768720
1.000000000 -0.000147708 -0.000163640 0.004036495 0.000147726 1.000000000 0.000109159 -0.001398743 0.000163624 -0.000109183 1.000000000 -0.002569827
1.000000000 -0.000082512 -0.000152828 0.002960417 0.000082527 1.000000000 0.000099468 -0.000654300 0.000152820 -0.000099481 1.000000000 -0.002305553
1.000000000 -0.000103164 -0.000125857 0.003308190 0.000103181 1.000000000 0.000134708 -0.001576018 0.000125843 -0.000134721 1.000000000 -0.005229935
1.000000000 -0.000029399 -0.000089220 0.002794941 0.000029405 1.000000000 0.000068902 -0.000583792 0.000089218 -0.000068905 1.000000000 -0.003333227
1.000000000 -0.000031842 -0.000107965 0.002152424 0.000031851 1.000000000 0.000083778 -0.000491624 0.000107963 -0.000083782 1.000000000 -0.001505033
1.000000000 -0.000156995 -0.000129035 0.002527247 0.000157014 1.000000000 0.000148580 -0.002780624 0.000129012 -0.000148600 1.000000000 -0.004374223
1.000000000 -0.000119510 -0.000161708 0.003341125 0.000119526 1.000000000 0.000098511 -0.000637869 0.000161696 -0.000098530 1.000000000 -0.002992327
1.000000000 -0.000066620 -0.000160831 0.005265547 0.000066646 1.000000000 0.000164174 -0.001430708 0.000160820 -0.000164185 1.000000000 -0.005638162
1.000000000 -0.000093815 -0.000099898 0.001816447 0.000093824 1.000000000 0.000088886 -0.000824144 0.000099890 -0.000088895 1.000000000 -0.002971796
0.999999940 -0.000184088 -0.000185733 0.003194885 0.000184120 0.999999940 0.000172723 -0.001909819 0.000185702 -0.000172757 0.999999940 -0.005037239
1.000000000 -0.000041728 -0.000190482 0.004648683 0.000041739 1.000000000 0.000054810 -0.001647490 0.000190479 -0.000054818 1.000000000 -0.002190851
1.000000000 -0.000236713 -0.000049068 0.002285862 0.000236687 0.999999821 -0.000523611 -0.002987676 0.000049192 0.000523599 0.999999881 0.050069995
1.000000000 0.000036660 -0.000104204 0.004033191 -0.000036779 0.999999344 -0.001138148 -0.005691378 0.000104162 0.001138151 0.999999344 0.138220578
1.000000000 -0.000011475 0.000015247 0.004962519 0.000011498 0.999998927 -0.001466672 -0.008890771 -0.000015230 0.001466672 0.999998927 0.255047590
1.000000000 0.000023651 -0.000000299 0.008416152 -0.000023652 0.999998927 -0.001448638 -0.011933072 0.000000265 0.001448638 0.999998927 0.387900859
1.000000000 0.000021577 -0.000000195 0.010082909 -0.000021577 0.999999285 -0.001193677 -0.017107682 0.000000170 0.001193677 0.999999285 0.527185500
1.000000000 0.000169850 0.000063263 0.014575956 -0.000169786 0.999999464 -0.001010616 -0.024021538 -0.000063435 0.001010605 0.999999464 0.679808795
1.000000000 -0.000017568 0.000123598 0.014791519 0.000017674 0.999999642 -0.000862269 -0.028867736 -0.000123583 0.000862271 0.999999642 0.844201803
0.999999881 0.000394945 0.000264249 0.014368420 -0.000394757 0.999999642 -0.000713301 -0.027945053 -0.000264530 0.000713196 0.999999702 1.020987988
0.999999940 0.000273707 0.000033922 0.024569158 -0.000273688 0.999999821 -0.000544901 -0.036390532 -0.000034071 0.000544892 0.999999821 1.188238621
1.000000000 0.000170885 0.000147212 0.029650517 -0.000170871 0.999999940 -0.000094349 -0.048235260 -0.000147228 0.000094324 1.000000000 1.364831090
1.000000000 0.000153576 -0.000037882 0.033337872 -0.000153580 0.999999940 -0.000113186 -0.052963782 0.000037865 0.000113192 1.000000000 1.558796048
0.999999940 0.000083466 0.000234553 0.034269657 -0.000083445 1.000000000 -0.000089865 -0.056441620 -0.000234560 0.000089845 0.999999940 1.755812526
0.999999940 0.000280096 0.000139779 0.039092716 -0.000280084 1.000000000 -0.000085221 -0.059274077 -0.000139803 0.000085182 0.999999940 1.966949224
0.999999940 0.000123221 0.000294298 0.042288572 -0.000123190 1.000000000 -0.000105224 -0.065434478 -0.000294311 0.000105188 0.999999940 2.178978682
0.999999642 0.000646015 0.000374642 0.044060193 -0.000646066 0.999999762 0.000134732 -0.073107481 -0.000374555 -0.000134974 0.999999940 2.391140223
1.000000000 0.000021205 0.000222538 0.055002019 -0.000021328 0.999999821 0.000554047 -0.086600386 -0.000222527 -0.000554052 0.999999821 2.603179455
1.000000000 -0.000100205 0.000184506 0.056986555 0.000100109 0.999999821 0.000521813 -0.092389025 -0.000184558 -0.000521794 0.999999821 2.836792946
0.999999940 -0.000220044 0.000239135 0.061582401 0.000219882 0.999999762 0.000680013 -0.097728454 -0.000239285 -0.000679960 0.999999702 3.065112591
0.999999940 -0.000343929 0.000294110 0.067340262 0.000343739 0.999999762 0.000646136 -0.106965013 -0.000294332 -0.000646034 0.999999762 3.304744482
0.999999821 -0.000122242 0.000421784 0.071960077 0.000121839 0.999999523 0.000955309 -0.117129058 -0.000421901 -0.000955257 0.999999464 3.535086155
0.999999940 0.000151670 0.000339297 0.078689203 -0.000152069 0.999999285 0.001175556 -0.122928485 -0.000339118 -0.001175608 0.999999285 3.786936522
0.999999762 -0.000162234 0.000519056 0.081483640 0.000161657 0.999999285 0.001112146 -0.130426869 -0.000519237 -0.001112062 0.999999285 4.050259590
0.999999702 0.000101919 0.000672225 0.081042320 -0.000102963 0.999998748 0.001553383 -0.141666010 -0.000672066 -0.001553451 0.999998569 4.299428940
0.999999762 0.000189359 0.000667152 0.087143958 -0.000190396 0.999998808 0.001554416 -0.148270980 -0.000666857 -0.001554543 0.999998510 4.551018715
0.999999642 0.000073954 0.000840371 0.093834482 -0.000075445 0.999998391 0.001773652 -0.156148016 -0.000840238 -0.001773715 0.999998033 4.806031227
0.999999762 -0.000215249 0.000658007 0.097175613 0.000213923 0.999997973 0.002013972 -0.169759318 -0.000658439 -0.002013830 0.999997735 5.060582638
0.999999940 -0.000252260 0.000297386 0.104155131 0.000251696 0.999998212 0.001896342 -0.174083576 -0.000297864 -0.001896267 0.999998152 5.329750538
0.999999702 0.000071227 0.000706704 0.111192405 -0.000072652 0.999998033 0.002016095 -0.185310781 -0.000706559 -0.002016146 0.999997675 5.590070248
0.999999821 0.000007053 0.000607718 0.117214195 -0.000008402 0.999997556 0.002221349 -0.197273210 -0.000607701 -0.002221354 0.999997377 5.861769199
0.999999821 -0.000336205 0.000491127 0.127430737 0.000335088 0.999997437 0.002271846 -0.208979949 -0.000491890 -0.002271681 0.999997318 6.131814480
0.999999762 -0.000438557 0.000523217 0.127800807 0.000437311 0.999997079 0.002378716 -0.215920210 -0.000524259 -0.002378487 0.999997020 6.426726818
0.999999762 -0.000098983 0.000559892 0.135041952 0.000097672 0.999997318 0.002342085 -0.224345416 -0.000560123 -0.002342030 0.999997079 6.702685356
0.999999881 0.000419692 -0.000109668 0.152166590 -0.000419541 0.999998927 0.001373609 -0.221720666 0.000110244 -0.001373562 0.999998987 6.990068436
1.000000000 0.000197645 -0.000243931 0.155840278 -0.000197323 0.999999166 0.001319696 -0.228918642 0.000244192 -0.001319648 0.999999106 7.299571514
0.999999881 0.000221060 0.000012315 0.167711392 -0.000221078 0.999998927 0.001452668 -0.240778431 -0.000011994 -0.001452671 0.999998868 7.607971191
0.999999881 -0.000189905 -0.000287972 0.177055389 0.000190344 0.999998808 0.001523902 -0.252186000 0.000287682 -0.001523957 0.999998808 7.918247223
0.999999940 0.000150341 -0.000350854 0.173971534 -0.000149605 0.999997795 0.002096845 -0.266647667 0.000351168 -0.002096793 0.999997735 8.240384102
0.999999940 0.000237127 -0.000342001 0.187962368 -0.000236340 0.999997318 0.002297670 -0.278903842 0.000342545 -0.002297589 0.999997258 8.554111481
0.999999583 0.000931518 0.000101598 0.186328962 -0.000931749 0.999996901 0.002297875 -0.284916610 -0.000099457 -0.002297969 0.999997377 8.892124176
0.999999821 0.000616308 0.000129625 0.194511414 -0.000616614 0.999997020 0.002372483 -0.298324823 -0.000128162 -0.002372562 0.999997139 9.254343033
0.999999881 0.000513117 0.000010061 0.202034339 -0.000513140 0.999996960 0.002417511 -0.318871349 -0.000008820 -0.002417515 0.999997079 9.604425430
0.999999583 0.000829858 0.000232906 0.207201988 -0.000830392 0.999997020 0.002300711 -0.324363559 -0.000230996 -0.002300903 0.999997377 9.954261780
0.999999762 0.000636702 0.000114520 0.213451192 -0.000636972 0.999997020 0.002369757 -0.337321162 -0.000113011 -0.002369830 0.999997139 10.318741798
0.999999821 0.000565774 -0.000231749 0.230483890 -0.000565146 0.999996185 0.002701275 -0.353206873 0.000233276 -0.002701144 0.999996305 10.691851616
1.000000000 0.000361823 -0.000042706 0.237733573 -0.000361703 0.999996066 0.002767095 -0.362380773 0.000043707 -0.002767079 0.999996126 11.055743217
0.999999881 0.000534519 -0.000024709 0.246546358 -0.000534447 0.999995887 0.002820490 -0.373170286 0.000026216 -0.002820476 0.999995947 11.432981491
0.999999940 0.000200189 -0.000242382 0.252697915 -0.000199493 0.999995828 0.002867782 -0.390356123 0.000242955 -0.002867733 0.999995887 11.806563377
1.000000000 -0.000031961 -0.000272766 0.263659060 0.000032805 0.999995172 0.003092675 -0.403718293 0.000272666 -0.003092684 0.999995172 12.193320274
0.999999940 0.000380535 0.000024129 0.270912409 -0.000380613 0.999994576 0.003292366 -0.411346287 -0.000022876 -0.003292375 0.999994576 12.587222099
1.000000000 0.000159355 0.000006720 0.285976648 -0.000159377 0.999994457 0.003336396 -0.424029261 -0.000006189 -0.003336397 0.999994397 12.957982063
0.999999881 0.000264354 -0.000272637 0.282606542 -0.000263370 0.999993443 0.003603682 -0.453860104 0.000273587 -0.003603610 0.999993443 13.350893974
1.000000000 0.000215857 0.000086354 0.291056126 -0.000216171 0.999993205 0.003654042 -0.462629557 -0.000085565 -0.003654060 0.999993384 13.763257027
0.999999166 0.001174569 0.000629216 0.292287678 -0.001177091 0.999991238 0.004022383 -0.475259900 -0.000624486 -0.004023120 0.999991715 14.180474281
0.999999762 0.000500019 0.000469091 0.312841266 -0.000501931 0.999991477 0.004084949 -0.487440199 -0.000467045 -0.004085184 0.999991477 14.591053009
0.999999106 0.000857297 0.001040021 0.317009211 -0.000861973 0.999989510 0.004504676 -0.508448958 -0.001036149 -0.004505569 0.999989331 14.990444183
0.999999702 0.000068308 0.000821944 0.330265582 -0.000071834 0.999990761 0.004289854 -0.519518197 -0.000821644 -0.004289913 0.999990463 15.420825005
0.999995947 0.000413328 0.002796457 0.327392101 -0.000428916 0.999984384 0.005575765 -0.542982578 -0.002794109 -0.005576942 0.999980569 15.852075577
0.999995410 -0.000097955 0.003020772 0.342870235 0.000080204 0.999982834 0.005875906 -0.558002830 -0.003021296 -0.005875638 0.999978185 16.286020279
0.999996662 0.001134779 0.002294522 0.361874849 -0.001146434 0.999986410 0.005084409 -0.578608096 -0.002288721 -0.005087022 0.999984443 16.736413956
0.999996603 0.000996406 0.002416140 0.370896637 -0.001008522 0.999986947 0.005018360 -0.586247981 -0.002411108 -0.005020780 0.999984503 17.203672409
0.999996364 0.000854867 0.002538830 0.388309449 -0.000868185 0.999985874 0.005249283 -0.597602367 -0.002534307 -0.005251468 0.999983072 17.652233124
0.999994576 0.001368696 0.003005075 0.402307212 -0.001385465 0.999983370 0.005585527 -0.616283178 -0.002997379 -0.005589660 0.999979913 18.057489395
0.999992371 0.001760883 0.003478437 0.410658509 -0.001779306 0.999984384 0.005300641 -0.623893082 -0.003469048 -0.005306790 0.999979973 18.527311325
0.999994695 0.001180236 0.003050329 0.428519875 -0.001197842 0.999982536 0.005776318 -0.642154515 -0.003043458 -0.005779942 0.999978662 18.995616913
0.999994457 0.000955963 0.003186927 0.442679614 -0.000974172 0.999983191 0.005716931 -0.656599402 -0.003181408 -0.005720004 0.999978602 19.463861465
0.999994099 0.001414761 0.003139322 0.465972781 -0.001435596 0.999976873 0.006644389 -0.690949559 -0.003129850 -0.006648856 0.999972999 19.856174469
0.999995828 0.000668477 0.002810737 0.480488479 -0.000687145 0.999977708 0.006646127 -0.699156463 -0.002806230 -0.006648032 0.999973953 20.357540131
0.999993622 0.001416413 0.003257865 0.492905855 -0.001439045 0.999974728 0.006955245 -0.721794248 -0.003247932 -0.006959888 0.999970436 20.777427673
0.999995112 0.001529148 0.002707519 0.501320958 -0.001547650 0.999975324 0.006844959 -0.733018994 -0.002696986 -0.006849116 0.999972880 21.280357361
0.999995768 0.001692644 0.002337843 0.504823327 -0.001708732 0.999974668 0.006896554 -0.747452974 -0.002326111 -0.006900520 0.999973416 21.782463074
0.999997973 0.001071099 0.001690025 0.536084473 -0.001083662 0.999971628 0.007450201 -0.759748936 -0.001681997 -0.007452017 0.999970794 22.122180939
0.999998450 0.001128440 0.001295265 0.545260668 -0.001137923 0.999972343 0.007343710 -0.772230089 -0.001286942 -0.007345174 0.999972224 22.644483566
0.999997735 0.001834036 0.001065922 0.534830689 -0.001842437 0.999966741 0.007934449 -0.793953359 -0.001051334 -0.007936395 0.999967933 22.971685410
1.000000000 0.000287816 0.000118579 0.548700273 -0.000288756 0.999967873 0.008005776 -0.817430556 -0.000116272 -0.008005810 0.999967873 23.496397018
0.999999642 0.000803526 -0.000062783 0.538762450 -0.000803017 0.999969840 0.007723547 -0.804263055 0.000068987 -0.007723495 0.999970198 23.918739319
0.999999523 0.000482080 -0.000721128 0.555558443 -0.000476077 0.999965370 0.008302571 -0.825585127 0.000725105 -0.008302226 0.999965250 24.444612503
0.999996185 0.002569944 -0.001134332 0.564696074 -0.002560443 0.999962270 0.008299195 -0.843534529 0.001155618 -0.008296258 0.999964893 24.917337418
0.999996006 0.002603878 -0.001146024 0.575755477 -0.002594523 0.999963939 0.008090112 -0.855543256 0.001167048 -0.008087106 0.999966621 25.465669632
0.999997973 0.000958477 -0.001757742 0.563480854 -0.000942978 0.999960840 0.008797436 -0.869144499 0.001766105 -0.008795762 0.999959707 25.920658112
0.999996543 0.001184290 -0.002320450 0.580443442 -0.001163158 0.999958038 0.009086951 -0.891169965 0.002331114 -0.009084222 0.999956012 26.465147018
0.999993443 0.001787131 -0.003141539 0.622284889 -0.001757985 0.999955595 0.009256178 -0.933734357 0.003157942 -0.009250594 0.999952197 26.959215164
0.999991000 0.001715730 -0.003866374 0.632916570 -0.001680084 0.999956191 0.009203867 -0.941952884 0.003881996 -0.009197289 0.999950171 27.503932953
0.999989510 0.001826009 -0.004185146 0.646940351 -0.001785800 0.999952435 0.009591294 -0.962493896 0.004202460 -0.009583720 0.999945223 28.051170349
0.999989152 0.001273336 -0.004464115 0.639225006 -0.001228889 0.999949813 0.009945258 -0.969976842 0.004476554 -0.009939665 0.999940574 28.559169769
0.999989510 0.001442936 -0.004346105 0.634475231 -0.001399137 0.999948382 0.010064183 -0.977777600 0.004360403 -0.010057998 0.999939859 29.097846985
0.999988496 0.001374660 -0.004587065 0.647465110 -0.001327486 0.999946415 0.010271201 -0.992630243 0.004600939 -0.010264995 0.999936640 29.647628784
0.999987185 0.002069760 -0.004619857 0.659168363 -0.002023806 0.999948680 0.009929566 -1.004412293 0.004640172 -0.009920089 0.999940038 30.180063248
0.999984741 0.001820444 -0.005217731 0.680837452 -0.001769119 0.999950230 0.009824473 -1.022638917 0.005235355 -0.009815095 0.999938071 30.710254669
0.999982357 0.002037555 -0.005570539 0.690529227 -0.001981775 0.999948025 0.010000624 -1.038317561 0.005590626 -0.009989408 0.999934494 31.255453110
0.999983847 0.001844794 -0.005401034 0.704533815 -0.001785467 0.999938190 0.010968688 -1.065461516 0.005420935 -0.010958865 0.999925256 31.753881454
0.999979496 0.001502418 -0.006238398 0.715580761 -0.001432761 0.999936759 0.011155269 -1.081618071 0.006254763 -0.011146101 0.999918342 32.295967102
0.999979913 0.001695439 -0.006113795 0.713683963 -0.001626731 0.999935687 0.011225617 -1.085525990 0.006132433 -0.011215447 0.999918282 32.850811005
0.999976993 0.001041675 -0.006716151 0.734071732 -0.000965371 0.999935091 0.011354547 -1.097864628 0.006727543 -0.011347801 0.999912977 33.384765625
0.999978602 0.001475024 -0.006378795 0.744181871 -0.001402188 0.999933839 0.011407893 -1.108805299 0.006395200 -0.011398704 0.999914587 33.935279846
0.999981523 0.002249928 -0.005650964 0.728901148 -0.002185144 0.999932110 0.011444332 -1.119685411 0.005676330 -0.011431774 0.999918580 34.491546631
0.999979615 0.002382707 -0.005922635 0.701244831 -0.002314922 0.999931991 0.011425632 -1.182299614 0.005949456 -0.011411687 0.999917209 35.125038147
0.999976873 0.002697913 -0.006235482 0.712696791 -0.002627738 0.999933481 0.011235143 -1.192738295 0.006265379 -0.011218498 0.999917388 35.667194366
0.999977589 0.002449530 -0.006227074 0.711558998 -0.002373664 0.999923170 0.012161583 -1.227641225 0.006256388 -0.012146529 0.999906659 36.174720764
0.999976814 0.001589514 -0.006623100 0.723211408 -0.001503849 0.999915421 0.012919299 -1.245312691 0.006643075 -0.012909040 0.999894619 36.713748932
0.999976635 0.002130666 -0.006484724 0.732505500 -0.002049941 0.999920607 0.012429785 -1.249614000 0.006510693 -0.012416203 0.999901712 37.272800446
0.999975741 0.002929991 -0.006322457 0.741317034 -0.002854380 0.999924839 0.011935043 -1.259726644 0.006356950 -0.011916706 0.999908805 37.759117126
0.999973059 0.002316778 -0.006967406 0.758103907 -0.002235265 0.999929309 0.011684285 -1.269759178 0.006993983 -0.011668397 0.999907494 38.296123505
0.999971330 0.002178237 -0.007259420 0.765874624 -0.002091919 0.999927282 0.011876901 -1.286620021 0.007284763 -0.011861373 0.999903142 38.834861755
0.999974132 0.002878901 -0.006583328 0.773581386 -0.002801249 0.999926746 0.011774149 -1.297375917 0.006616742 -0.011755403 0.999909103 39.354969025
0.999972522 0.002822313 -0.006864393 0.775674880 -0.002743903 0.999931157 0.011405573 -1.293277979 0.006896110 -0.011386423 0.999911427 39.924949646
0.999973416 0.000888354 -0.007238642 0.813216925 -0.000793068 0.999913096 0.013155706 -1.346920013 0.007249700 -0.013149617 0.999887288 40.349899292
0.999969602 0.000900251 -0.007749111 0.830543995 -0.000800465 0.999916852 0.012870624 -1.357609749 0.007760054 -0.012864030 0.999887109 40.892074585
0.999971509 0.000958774 -0.007489758 0.839667141 -0.000860697 0.999913931 0.013087050 -1.364945889 0.007501660 -0.013080231 0.999886334 41.440307617
0.999966145 -0.000547729 -0.008210552 0.844255805 0.000664492 0.999898612 0.014225156 -1.378399134 0.008201927 -0.014230130 0.999865115 41.979019165
0.999967158 0.001297767 -0.008003511 0.842311800 -0.001191161 0.999910712 0.013310318 -1.390079141 0.008020070 -0.013300347 0.999879301 42.407161713
0.999966741 0.000929935 -0.008100482 0.865667582 -0.000823770 0.999913812 0.013099502 -1.387873292 0.008111964 -0.013092393 0.999881327 42.954158783
0.999968588 0.001516646 -0.007775208 0.872950673 -0.001414142 0.999912202 0.013171885 -1.397539258 0.007794502 -0.013160475 0.999882996 43.489440918
0.999968648 0.001981278 -0.007665084 0.879451752 -0.001880946 0.999912679 0.013074682 -1.408090949 0.007690320 -0.013059855 0.999885142 44.035152435
0.999964535 0.001717971 -0.008241856 0.904886961 -0.001608437 0.999910474 0.013278238 -1.428316474 0.008263931 -0.013264511 0.999877810 44.646400452
0.999964595 0.000727219 -0.008382754 0.906119108 -0.000613064 0.999907255 0.013612467 -1.427582026 0.008391875 -0.013606847 0.999872148 45.099643707
0.999961197 0.001473435 -0.008681823 0.922768354 -0.001355572 0.999907017 0.013566176 -1.451956630 0.008701007 -0.013553882 0.999870241 45.745594025
0.999954462 -0.000037093 -0.009542167 0.952518582 0.000170370 0.999902427 0.013966731 -1.479466915 0.009540720 -0.013967720 0.999856889 46.346168518
0.999960124 0.001014115 -0.008878801 0.946008265 -0.000888562 0.999899745 0.014133262 -1.475790739 0.008892244 -0.014124809 0.999860644 46.800678253
0.999962032 -0.000027001 -0.008711090 0.896906137 0.000149546 0.999901056 0.014067356 -1.515650511 0.008709849 -0.014068126 0.999863029 47.402885437
0.999963760 -0.000127905 -0.008512176 0.904624224 0.000248549 0.999899507 0.014173535 -1.525210857 0.008509507 -0.014175136 0.999863267 47.954814911
0.999962866 0.001046119 -0.008551188 0.917430758 -0.000921951 0.999894202 0.014511629 -1.533988476 0.008565466 -0.014503205 0.999858081 48.389431000
0.999960065 -0.000335622 -0.008926373 0.927003860 0.000466714 0.999892056 0.014687898 -1.542347908 0.008920479 -0.014691480 0.999852240 49.041374207
0.999960005 0.000452450 -0.008932501 0.921148717 -0.000320293 0.999890566 0.014790870 -1.544548273 0.008938217 -0.014787418 0.999850631 49.474006653
0.999964535 0.002026456 -0.008169818 0.921608567 -0.001907026 0.999891579 0.014599773 -1.554437518 0.008198518 -0.014583674 0.999860048 50.039188385
0.999958694 0.000596762 -0.009070359 0.954132676 -0.000460151 0.999886572 0.015055838 -1.571148872 0.009078315 -0.015051043 0.999845505 50.566879272
0.999956846 0.000435115 -0.009282195 0.960793257 -0.000299426 0.999893248 0.014614532 -1.574978471 0.009287562 -0.014611122 0.999850094 51.114807129
0.999963164 0.002032651 -0.008335202 0.961083651 -0.001910628 0.999891281 0.014621407 -1.574336290 0.008364015 -0.014604946 0.999858379 51.685958862
0.999952018 0.000115844 -0.009793130 0.979379237 0.000030000 0.999889195 0.014890991 -1.589947581 0.009793770 -0.014890570 0.999841213 52.197967529
0.999960840 0.000848505 -0.008819441 0.945068300 -0.000718440 0.999891102 0.014740288 -1.603049994 0.008830989 -0.014733375 0.999852479 52.834403992
0.999964058 0.001275602 -0.008382770 0.945616961 -0.001153090 0.999892712 0.014603387 -1.608581781 0.008400500 -0.014593197 0.999858201 53.382774353
0.999961138 0.001098319 -0.008746428 0.962523103 -0.000969455 0.999891102 0.014723985 -1.598164320 0.008761648 -0.014714937 0.999853253 53.900657654
0.999963284 0.001344222 -0.008463580 0.950868368 -0.001223324 0.999897361 0.014273528 -1.613484859 0.008481898 -0.014262649 0.999862373 54.506900787
0.999962568 0.000656422 -0.008625347 0.937582791 -0.000524060 0.999882221 0.015338955 -1.650783658 0.008634400 -0.015333860 0.999845147 54.872798920
0.999962866 0.000457645 -0.008605429 0.947331607 -0.000325225 0.999881685 0.015382982 -1.658544779 0.008611449 -0.015379613 0.999844670 55.423343658
0.999967635 0.001020300 -0.007984249 0.955794692 -0.000899449 0.999885261 0.015125159 -1.663199067 0.007998764 -0.015117488 0.999853730 55.953685760
0.999966145 0.002660335 -0.007777688 0.967090845 -0.002542983 0.999883294 0.015059422 -1.636816502 0.007816843 -0.015039135 0.999856293 56.591403961
0.999966085 0.000896634 -0.008193516 0.968974769 -0.000772360 0.999884784 0.015157980 -1.668143749 0.008206164 -0.015151137 0.999851525 57.082061768
0.999962926 0.000279272 -0.008608870 1.029219031 -0.000147105 0.999882281 0.015349293 -1.657156110 0.008612144 -0.015347457 0.999845147 57.527725220
0.999958336 -0.000336385 -0.009125607 1.043219328 0.000476268 0.999882400 0.015330892 -1.667735696 0.009119377 -0.015334598 0.999840856 58.067440033
0.999958336 0.000299128 -0.009122273 1.067324519 -0.000154567 0.999874473 0.015843650 -1.731708884 0.009125867 -0.015841579 0.999832869 58.347053528
0.999963582 0.000488807 -0.008522752 1.049495220 -0.000357573 0.999881387 0.015392818 -1.670294046 0.008529265 -0.015389210 0.999845207 59.186302185
0.999955893 0.000030176 -0.009380401 1.095581651 0.000120220 0.999871492 0.016032059 -1.756858706 0.009379679 -0.016032480 0.999827445 59.437778473
0.999957979 0.000922349 -0.009123735 1.109214067 -0.000776091 0.999871373 0.016021134 -1.758045077 0.009137339 -0.016013380 0.999830008 59.960960388
0.999950588 -0.000212894 -0.009946191 1.117180824 0.000369441 0.999876022 0.015740229 -1.766231537 0.009941609 -0.015743125 0.999826610 60.502986908
0.999953270 0.000474772 -0.009655864 1.104564428 -0.000322458 0.999875665 0.015769618 -1.769881368 0.009662150 -0.015765769 0.999828994 61.045104980
0.999946237 -0.000234697 -0.010365769 1.122280121 0.000396039 0.999878764 0.015565596 -1.782424927 0.010360859 -0.015568862 0.999825180 61.573497772
0.999953449 0.001424811 -0.009539327 1.254520893 -0.001269032 0.999866068 0.016316354 -1.791265249 0.009561296 -0.016303489 0.999821365 61.945938110
0.999948323 -0.000095667 -0.010166991 1.128354192 0.000249502 0.999885440 0.015130639 -1.767378926 0.010164380 -0.015132393 0.999833882 62.748043060
0.999949574 0.001127836 -0.009976692 1.261233211 -0.000962375 0.999862194 0.016574027 -1.804117918 0.009994010 -0.016563587 0.999812841 63.037548065
0.999956071 0.002270075 -0.009088199 1.250476122 -0.002122296 0.999865890 0.016237335 -1.806957126 0.009123839 -0.016217334 0.999826849 63.587688446
0.999950945 0.000975799 -0.009850193 1.308951974 -0.000821865 0.999877691 0.015619520 -1.764716387 0.009864229 -0.015610658 0.999829471 64.562881470
0.999953628 0.001709712 -0.009485115 1.238524437 -0.001561804 0.999877453 0.015579200 -1.786509037 0.009510588 -0.015563659 0.999833703 64.866851807
0.999949098 0.000699132 -0.010061803 1.322411537 -0.000538844 0.999873102 0.015924215 -1.780557394 0.010071659 -0.015917987 0.999822557 65.657325745
0.999950409 0.000233376 -0.009946326 1.333068132 -0.000073305 0.999870539 0.016090835 -1.790275216 0.009948792 -0.016089309 0.999821067 66.191696167
0.999954522 0.001627614 -0.009395090 1.261386752 -0.001471922 0.999861896 0.016554790 -1.855426311 0.009420737 -0.016540209 0.999818802 66.296943665
0.999945641 -0.000276124 -0.010416835 1.362248421 0.000439748 0.999876559 0.015708584 -1.799419045 0.010411209 -0.015712311 0.999822378 67.294677734
0.999956548 0.001517088 -0.009197541 1.270916820 -0.001364883 0.999862432 0.016532151 -1.858834147 0.009221355 -0.016518880 0.999820948 67.409103394
0.999952614 0.001226160 -0.009657362 1.284538507 -0.001068242 0.999866009 0.016340254 -1.869797230 0.009676103 -0.016329166 0.999819815 67.914077759
0.999952316 0.001964924 -0.009558286 1.324303150 -0.001811309 0.999869466 0.016053667 -1.820365667 0.009588582 -0.016035590 0.999825418 68.475921631
0.999955297 0.001646645 -0.009306464 1.271435618 -0.001496360 0.999868691 0.016132494 -1.858895779 0.009331807 -0.016117850 0.999826491 69.024604797
0.999952495 0.002200252 -0.009488716 1.343323350 -0.002053096 0.999877930 0.015490435 -1.828549266 0.009521639 -0.015470218 0.999835014 69.566108704
0.999949276 0.001474042 -0.009959918 1.365330219 -0.001315562 0.999872684 0.015899617 -1.867187500 0.009982088 -0.015885709 0.999823987 70.184524536
0.999948263 0.001357667 -0.010073435 1.351446390 -0.001199586 0.999876261 0.015682351 -1.849651098 0.010093479 -0.015669458 0.999826252 70.616661072
0.999953985 0.002330950 -0.009311638 1.364810944 -0.002188286 0.999880552 0.015301919 -1.873852611 0.009346194 -0.015280837 0.999839604 71.305961609
0.999953330 0.001305135 -0.009587853 1.356142759 -0.001162017 0.999888062 0.014917451 -1.817136288 0.009606251 -0.014905611 0.999842763 71.956542969
0.999956131 0.001284466 -0.009278649 1.326171875 -0.001136327 0.999872088 0.015953258 -1.949499011 0.009297954 -0.015942017 0.999829650 72.507530212
0.999957681 0.001475286 -0.009083405 1.327128291 -0.001328786 0.999869287 0.016113233 -1.959865928 0.009105991 -0.016100481 0.999828935 73.050468445
0.999957383 0.001926286 -0.009031394 1.313338757 -0.001785306 0.999876797 0.015592266 -1.950578094 0.009060317 -0.015575476 0.999837637 73.689407349
0.999958038 0.001315137 -0.009067973 1.341842175 -0.001166786 0.999865651 0.016345730 -1.974030495 0.009088253 -0.016334467 0.999825239 74.113418579
0.999957979 0.001963488 -0.008961038 1.329969168 -0.001819795 0.999870062 0.016015381 -1.969924808 0.008991320 -0.015998399 0.999831617 74.758216858
0.999968708 0.004911334 -0.006190082 1.082393408 -0.004805231 0.999843180 0.017040564 -2.120454788 0.006272804 -0.017010285 0.999835610 75.198623657
0.999960184 0.002165622 -0.008653266 1.343671679 -0.002029186 0.999873936 0.015744770 -1.980717063 0.008686272 -0.015726581 0.999838531 75.848777771
0.999964893 0.003729704 -0.007506690 1.199569702 -0.003607116 0.999860942 0.016278213 -2.078143120 0.007566359 -0.016250564 0.999839246 76.628082275
0.999967813 0.003810883 -0.007066689 1.205438495 -0.003697435 0.999865174 0.015998177 -2.082817554 0.007126703 -0.015971530 0.999847054 77.171569824
0.999970615 0.003518480 -0.006813346 1.127454162 -0.003406847 0.999860883 0.016327336 -2.140162706 0.006869847 -0.016303645 0.999843478 77.837265015
0.999977231 0.003899652 -0.005499018 0.959937692 -0.003817339 0.999881685 0.014900318 -2.025406599 0.005556474 -0.014878988 0.999873877 78.924659729
0.999970496 0.003904294 -0.006619212 1.148837447 -0.003793769 0.999854445 0.016628787 -2.185065269 0.006683173 -0.016603183 0.999839842 78.943557739
0.999973178 0.003675899 -0.006331555 1.165852547 -0.003570410 0.999855936 0.016592426 -2.148736477 0.006391635 -0.016569376 0.999842286 79.501373291
0.999980748 0.003962392 -0.004769121 1.170871019 -0.003884682 0.999861240 0.016195055 -2.144140482 0.004832631 -0.016176214 0.999857485 80.049209595
0.999984562 0.004441404 -0.003341675 1.174833775 -0.004386490 0.999858081 0.016264608 -2.158014059 0.003413439 -0.016249698 0.999862134 80.607604980
0.999988675 0.004535645 -0.001455672 1.185791731 -0.004511462 0.999858499 0.016207172 -2.160833836 0.001528976 -0.016200423 0.999867558 81.143501282
0.999985218 0.004951038 0.002216950 1.202423453 -0.004986613 0.999854088 0.016339811 -2.167788267 -0.002135728 -0.016350625 0.999864042 81.708503723
0.999975622 0.003962221 0.005732419 1.222309351 -0.004054174 0.999861896 0.016119223 -2.172140598 -0.005667759 -0.016142072 0.999853671 82.255035400
0.999955714 0.004006617 0.008517253 1.257708788 -0.004143623 0.999861240 0.016129384 -2.189551830 -0.008451452 -0.016163960 0.999833643 82.815704346
0.999899209 0.004737970 0.013381635 1.266328335 -0.004952180 0.999859393 0.016020264 -2.184981823 -0.013303852 -0.016084919 0.999782145 83.355361938
0.999797344 0.004674389 0.019578440 1.315682888 -0.004990246 0.999857664 0.016115278 -2.194201469 -0.019500323 -0.016209714 0.999678433 83.909187317
0.999676645 0.004403070 0.025043923 1.348487258 -0.004804670 0.999860466 0.015998337 -2.201045513 -0.024969980 -0.016113490 0.999558330 84.451858521
0.999518871 0.004929831 0.030621327 1.391202688 -0.005429666 0.999852955 0.016261449 -2.213683128 -0.030536661 -0.016419888 0.999398768 85.009750366
0.999262154 0.003838241 0.038214862 1.432064772 -0.004443791 0.999865711 0.015773626 -2.211122990 -0.038149178 -0.015931804 0.999145150 85.598365784
0.998916745 0.004053269 0.046355959 1.475570440 -0.004785688 0.999865234 0.015699839 -2.222493649 -0.046286076 -0.015904678 0.998801529 86.132034302
0.998585939 0.003434178 0.053049680 1.528312445 -0.004282961 0.999864459 0.015894374 -2.227908611 -0.052987911 -0.016099108 0.998465300 86.684371948
0.998066425 0.003749451 0.062042583 1.576213121 -0.004720212 0.999868631 0.015507533 -2.228748322 -0.061976288 -0.015770404 0.997952998 87.233047485
0.997387350 0.003817101 0.072137982 1.637302876 -0.004938041 0.999869704 0.015366887 -2.235317230 -0.072069928 -0.015682960 0.997276247 87.795211792
0.996723175 0.003304293 0.080821082 1.701169491 -0.004575217 0.999868810 0.015545026 -2.242264032 -0.080759116 -0.015863866 0.996607363 88.343040466
0.996059000 0.003303774 0.088631377 1.770617008 -0.004677099 0.999872148 0.015291600 -2.248333693 -0.088569529 -0.015645875 0.995947123 88.888999939
0.995091140 0.003022097 0.098917447 1.850732327 -0.004584037 0.999868333 0.015566875 -2.254243135 -0.098857403 -0.015943900 0.994973898 89.443038940
0.993964612 0.002426571 0.109673731 1.945761681 -0.004148514 0.999871790 0.015475153 -2.261174202 -0.109622099 -0.015836740 0.993847191 90.017562866
0.992951334 0.001849055 0.118508235 2.042665482 -0.003686744 0.999876320 0.015289504 -2.268415451 -0.118465304 -0.015618641 0.992835343 90.575981140
0.991601586 0.001560112 0.129320696 2.138614655 -0.003573201 0.999875963 0.015336083 -2.274160862 -0.129280746 -0.015669372 0.991484165 91.119316101
0.989887655 0.002171542 0.141836971 2.238190651 -0.004399647 0.999871790 0.015397203 -2.285521269 -0.141785353 -0.015865533 0.989770293 91.649673462
0.988263130 0.001503288 0.152753845 2.346194267 -0.003809304 0.999883175 0.014804748 -2.286979914 -0.152713716 -0.015212872 0.988153398 92.221649170
0.986614168 0.000887771 0.163069636 2.463768959 -0.003351023 0.999884427 0.014831079 -2.294003248 -0.163037613 -0.015179003 0.986503065 92.772354126
0.984469593 0.000401075 0.175554514 2.590570450 -0.002969386 0.999892354 0.014367268 -2.298900604 -0.175529838 -0.014665429 0.984364808 93.302856445
0.982169509 -0.000433300 0.187996969 2.713784218 -0.002308800 0.999894142 0.014366657 -2.298092842 -0.187983260 -0.014544538 0.982064545 93.869186401
0.980208755 -0.000743249 0.197965294 2.842597008 -0.002107379 0.999897122 0.014188567 -2.302571297 -0.197955504 -0.014324945 0.980106354 94.403602600
0.977375329 0.000078258 0.211512282 2.978191376 -0.003170253 0.999892950 0.014279442 -2.306494713 -0.211488560 -0.014626922 0.977271020 94.947944641
0.974517643 -0.001182362 0.224307701 3.136274338 -0.002019645 0.999899328 0.014045091 -2.310948849 -0.224301741 -0.014140210 0.974417090 95.490821838
0.971869528 -0.001391792 0.235515594 3.287782669 -0.001987018 0.999898493 0.014108508 -2.319709539 -0.235511333 -0.014179603 0.971768141 96.025680542
0.968863666 -0.001896419 0.247587502 3.451234818 -0.001583945 0.999902725 0.013857161 -2.328534365 -0.247589737 -0.013817865 0.968766391 96.557891846
0.965062857 -0.001615424 0.262013644 3.613996506 -0.002111281 0.999900639 0.013941185 -2.334081173 -0.262010187 -0.014007304 0.964963436 97.095512390
0.961743832 -0.002080291 0.273942739 3.803882599 -0.001779628 0.999902606 0.013840972 -2.338668346 -0.273944944 -0.013798987 0.961646318 97.659545898
0.958391845 -0.002446050 0.285445511 3.985008240 -0.001531683 0.999904752 0.013711092 -2.343090296 -0.285451859 -0.013577810 0.958296776 98.202415466
0.954071701 -0.002178979 0.299570322 4.175672531 -0.001974117 0.999906063 0.013560165 -2.348702431 -0.299571812 -0.013528757 0.953977823 98.725936890
0.949640334 -0.002521808 0.313331515 4.375427246 -0.001853318 0.999904931 0.013664609 -2.354338169 -0.313336194 -0.013557168 0.949545503 99.278549194
0.945835352 -0.003409397 0.324628741 4.576488495 -0.001080147 0.999906182 0.013648570 -2.355256796 -0.324644834 -0.013259947 0.945742965 99.799148560
0.941313803 -0.003376050 0.337515563 4.779668808 -0.001367499 0.999903619 0.013815567 -2.366910219 -0.337529689 -0.013466340 0.941218495 100.308036804
0.936360180 -0.004114302 0.351016611 5.013891220 -0.000752948 0.999905467 0.013728534 -2.375896454 -0.351039857 -0.013119150 0.936268568 100.830307007
0.931648016 -0.004517448 0.363333970 5.242694855 -0.000442174 0.999907792 0.013565985 -2.377458572 -0.363361776 -0.012799376 0.931560218 101.358879089
0.927432775 -0.004778317 0.373959750 5.469011307 -0.000225596 0.999911010 0.013335972 -2.384483337 -0.373990238 -0.012452580 0.927349031 101.879272461
0.921937823 -0.004854091 0.387307376 5.714994431 -0.000296546 0.999912322 0.013237713 -2.387842178 -0.387337625 -0.012319203 0.921855569 102.396789551
0.916319847 -0.005625448 0.400407523 5.962276459 0.000393228 0.999913454 0.013148200 -2.391750097 -0.400446862 -0.011890506 0.916242778 102.904441833
0.911428154 -0.006278763 0.411411375 6.217613220 0.000923016 0.999912202 0.013215360 -2.399797201 -0.411458254 -0.011665110 0.911353946 103.413345337
0.904978454 -0.005834908 0.425417423 6.470943451 0.000279104 0.999913871 0.013120815 -2.407106876 -0.425457329 -0.011755317 0.904902160 103.903244019
0.898270249 -0.006693702 0.439392507 6.745582581 0.000992373 0.999912322 0.013203908 -2.410133362 -0.439442247 -0.011424636 0.898198187 104.407043457
0.892705679 -0.007569748 0.450576693 7.022789001 0.001803066 0.999911010 0.013226311 -2.423584461 -0.450636595 -0.010994783 0.892639697 104.880676270
0.886750877 -0.008184276 0.462175190 7.310077667 0.002271906 0.999908328 0.013347561 -2.422668934 -0.462242037 -0.010785943 0.886688113 105.383575439
0.879745662 -0.008794642 0.475363195 7.603893280 0.002887518 0.999909282 0.013155336 -2.429253578 -0.475435823 -0.010200729 0.879691184 105.871437073
