1.000000000 0.000000000 0.000000000 0.000000000 0.000000000 1.000000000 0.000000000 0.000000000 0.000000000 0.000000000 1.000000000 0.000000000
1.000000000 0.000051554 -0.000035009 0.000849440 -0.000051553 1.000000000 0.000040791 -0.000004373 0.000035011 -0.000040789 1.000000000 -0.003580734
1.000000000 0.000131416 0.000086493 -0.002122678 -0.000131414 1.000000000 -0.000023599 -0.000397517 -0.000086497 0.000023588 1.000000000 -0.002415816
1.000000000 0.000027380 -0.000051074 0.004202159 -0.000027379 1.000000000 0.000034598 -0.000530919 0.000051075 -0.000034597 1.000000000 -0.003042937
1.000000000 0.000011081 0.000015346 0.000747807 -0.000011081 1.000000000 -0.000000885 -0.000172899 -0.000015346 0.000000885 1.000000000 -0.002266310
1.000000000 0.000009592 0.000027105 -0.000441846 -0.000009592 1.000000000 0.000002139 -0.000172875 -0.000027105 -0.000002139 1.000000000 -0.000898846
1.000000000 -0.000011321 0.000046178 0.000651281 0.000011316 1.000000000 0.000108474 -0.000371338 -0.000046179 -0.000108474 1.000000000 -0.002982326
1.000000000 -0.000081471 0.000051871 -0.000687510 0.000081468 1.000000000 0.000052257 0.000244485 -0.000051875 -0.000052252 1.000000000 0.002651496
1.000000000 0.000052965 0.000006906 0.000282791 -0.000052965 1.000000000 0.000027153 -0.000336612 -0.000006904 -0.000027153 1.000000000 -0.004250023
1.000000000 -0.000059948 0.000060425 0.000168483 0.000059943 1.000000000 0.000072196 -0.000362662 -0.000060430 -0.000072193 1.000000000 -0.004636754
1.000000000 0.000077092 0.000038593 -0.000219996 -0.000077093 1.000000000 0.000036794 -0.000153631 -0.000038590 -0.000036797 1.000000000 -0.002057998
1.000000000 -0.000035532 0.000030436 -0.000320281 0.000035532 1.000000000 0.000004869 -0.000447497 -0.000030436 -0.000004868 1.000000000 -0.006194734
1.000000000 -0.000094504 0.000090443 -0.000161850 0.000094498 1.000000000 0.000071491 -0.000642140 -0.000090449 -0.000071482 1.000000000 -0.002326802
1.000000000 -0.000059085 0.000083424 0.000311513 0.000059078 1.000000000 0.000091645 -0.000819436 -0.000083430 -0.000091640 1.000000000 -0.004675463
1.000000000 -0.000077045 0.000071722 -0.000184772 0.000077037 1.000000000 0.000104203 -0.000406526 -0.000071730 -0.000104197 1.000000000 -0.003694437
1.000000000 -0.000112845 0.000019812 -0.000768706 0.000112844 1.000000000 0.000071319 -0.000227027 -0.000019820 -0.000071317 1.000000000 -0.004129398
1.000000000 -0.000081972 0.000023015 -0.000115414 0.000081971 1.000000000 0.000050636 -0.000278480 -0.000023019 -0.000050635 1.000000000 -0.004821722
1.000000000 0.000078632 0.000033640 0.000819795 -0.000078636 1.000000000 0.000103578 -0.001123738 -0.000033632 -0.000103581 1.000000000 -0.007446160
1.000000000 -0.000173652 -0.000006828 0.002517778 0.000173653 1.000000000 0.000129108 -0.002621569 0.000006805 -0.000129109 1.000000000 -0.007310556
1.000000000 -0.000077528 -0.000005439 0.000621753 0.000077528 1.000000000 0.000095167 -0.002858808 0.000005431 -0.000095168 1.000000000 -0.006522242
1.000000000 -0.000153359 -0.000040801 0.003048132 0.000153364 1.000000000 0.000125100 -0.003767256 0.000040782 -0.000125106 1.000000000 -0.007229853
1.000000000 -0.000058473 0.000106605 -0.001361868 0.000058466 1.000000000 0.000061999 -0.000496054 -0.000106609 -0.000061993 1.000000000 -0.002979502
1.000000000 -0.000067995 0.000024743 -0.000029912 0.000067990 1.000000000 0.000197776 -0.002516366 -0.000024756 -0.000197774 1.000000000 -0.009672998
0.999999940 -0.000253094 0.000015991 -0.000182586 0.000253091 0.999999940 0.000202495 -0.002767548 -0.000016042 -0.000202491 1.000000000 -0.006581734
1.000000000 0.000042490 0.000007948 0.000445630 -0.000042491 1.000000000 0.000120509 -0.000492958 -0.000007943 -0.000120509 1.000000000 -0.006410415
1.000000000 -0.000237955 0.000003860 0.000669134 0.000237954 0.999999940 0.000273332 -0.002527852 -0.000003925 -0.000273331 0.999999940 -0.011179067
1.000000000 -0.000017924 0.000015712 0.000602368 0.000017922 1.000000000 0.000101276 -0.002875909 -0.000015714 -0.000101276 1.000000000 -0.004961568
1.000000000 -0.000073453 0.000034887 -0.000068684 0.000073448 1.000000000 0.000149121 -0.001288517 -0.000034898 -0.000149119 1.000000000 -0.003820378
1.000000000 -0.000196240 0.000025076 -0.001178053 0.000196237 1.000000000 0.000118606 -0.000216649 -0.000025099 -0.000118601 1.000000000 -0.003851163
1.000000000 -0.000115315 0.000024443 -0.000492371 0.000115312 1.000000000 0.000106943 -0.000670054 -0.000024456 -0.000106940 1.000000000 -0.002675174
1.000000000 -0.000120454 0.000062804 -0.001994423 0.000120447 1.000000000 0.000112112 -0.000105734 -0.000062818 -0.000112104 1.000000000 -0.001360551
1.000000000 -0.000026705 0.000041088 -0.001758271 0.000026700 1.000000000 0.000112496 -0.001963728 -0.000041091 -0.000112495 1.000000000 -0.004712989
1.000000000 -0.000160147 0.000000531 0.000229242 0.000160147 1.000000000 0.000161936 -0.002775202 -0.000000557 -0.000161936 1.000000000 -0.005830302
1.000000000 0.000140512 0.000087544 -0.001142729 -0.000140519 1.000000000 0.000081361 -0.000089707 -0.000087532 -0.000081374 1.000000000 -0.001671378
1.000000000 -0.000063154 0.000020586 -0.000149869 0.000063153 1.000000000 0.000056493 -0.000497431 -0.000020590 -0.000056492 1.000000000 -0.002508819
1.000000000 -0.000107667 0.000001501 -0.000384563 0.000107667 1.000000000 0.000029404 -0.000965012 -0.000001505 -0.000029404 1.000000000 -0.004049240
1.000000000 -0.000182355 -0.000026515 0.001473887 0.000182356 1.000000000 0.000071162 -0.001407151 0.000026502 -0.000071166 1.000000000 -0.007922232
1.000000000 -0.000177335 -0.000016814 0.000847724 0.000177336 1.000000000 0.000040600 0.000367473 0.000016806 -0.000040603 1.000000000 -0.004542075
1.000000000 -0.000046890 0.000002738 0.000009919 0.000046890 1.000000000 0.000150721 -0.000520345 -0.000002745 -0.000150721 1.000000000 -0.004238800
1.000000000 -0.000198295 -0.000073690 0.002636063 0.000198306 0.999999940 0.000150721 -0.003575486 0.000073660 -0.000150736 1.000000000 -0.006640437
1.000000000 -0.000193041 -0.000057738 0.002909820 0.000193015 0.999999881 -0.000454258 -0.006656756 0.000057825 0.000454246 0.999999881 0.048122708
0.999999940 -0.000239233 -0.000106483 0.007402477 0.000239119 0.999999404 -0.001074051 -0.006415767 0.000106740 0.001074026 0.999999404 0.141034633
0.999999940 -0.000275798 -0.000085742 0.008318360 0.000275687 0.999999166 -0.001282164 -0.013878920 0.000086096 0.001282141 0.999999166 0.254024148
0.999999940 -0.000343659 0.000040111 0.007219004 0.000343708 0.999999166 -0.001228230 -0.017691914 -0.000039689 0.001228244 0.999999225 0.387183696
1.000000000 0.000062884 -0.000113535 0.014849097 -0.000063000 0.999999464 -0.001017967 -0.022224020 0.000113471 0.001017974 0.999999464 0.531713784
1.000000000 -0.000087564 0.000085313 0.012776289 0.000087646 0.999999523 -0.000959653 -0.029162370 -0.000085229 0.000959660 0.999999523 0.682636857
1.000000000 -0.000035814 0.000222220 0.007904485 0.000035962 0.999999762 -0.000666584 -0.034979269 -0.000222196 0.000666592 0.999999762 0.866177082
1.000000000 -0.000081837 -0.000071299 0.031006418 0.000081797 0.999999821 -0.000563516 -0.040534567 0.000071345 0.000563510 0.999999821 1.023512959
0.999999762 0.000677709 0.000187164 0.016300803 -0.000677650 0.999999642 -0.000312541 -0.046597701 -0.000187376 0.000312414 0.999999940 1.196294785
0.999999762 0.000657608 -0.000128023 0.030862279 -0.000657608 0.999999762 0.000000385 -0.056698393 0.000128024 -0.000000300 1.000000000 1.387451291
0.999999881 -0.000028119 0.000434523 0.022435758 0.000028091 1.000000000 0.000063485 -0.054784175 -0.000434525 -0.000063473 0.999999881 1.554358721
0.999999762 0.000132705 0.000700890 0.023528241 -0.000132746 1.000000000 0.000059063 -0.060428828 -0.000700882 -0.000059156 0.999999702 1.755914330
0.999999762 -0.000021207 0.000738121 0.025107812 0.000020676 0.999999702 0.000718526 -0.071533561 -0.000738136 -0.000718511 0.999999464 1.952058315
0.999999583 -0.000004633 0.000881728 0.026729189 0.000003933 0.999999702 0.000793904 -0.083895817 -0.000881731 -0.000793900 0.999999285 2.165639162
0.999999464 0.000711441 0.000718654 0.037394378 -0.000711930 0.999999523 0.000680891 -0.089145280 -0.000718170 -0.000681402 0.999999523 2.380969763
0.999999166 0.001025610 0.000732119 0.044220053 -0.001026288 0.999999046 0.000924945 -0.098143533 -0.000731169 -0.000925695 0.999999344 2.602106333
0.999999464 0.000544770 0.000855642 0.046844460 -0.000545575 0.999999404 0.000940993 -0.105290890 -0.000855129 -0.000941459 0.999999225 2.837557316
0.999999642 0.000081859 0.000950606 0.052531917 -0.000082529 0.999999762 0.000705076 -0.099243194 -0.000950548 -0.000705154 0.999999225 3.065647364
0.999999523 -0.000006558 0.000931834 0.057649959 0.000006016 0.999999821 0.000581539 -0.105708800 -0.000931838 -0.000581533 0.999999344 3.317676067
0.999999404 0.000768339 0.000797242 0.058369622 -0.000769069 0.999999285 0.000915937 -0.119584374 -0.000796538 -0.000916550 0.999999225 3.547972441
0.999999404 0.000834997 0.000713582 0.070283830 -0.000835693 0.999999106 0.000975461 -0.132163331 -0.000712767 -0.000976056 0.999999285 3.801825047
0.999999344 0.000698822 0.000883754 0.069961399 -0.000699921 0.999998927 0.001243881 -0.140544623 -0.000882883 -0.001244499 0.999998808 4.056838512
0.999999225 0.000751370 0.000947396 0.076235592 -0.000752768 0.999998569 0.001475880 -0.147470295 -0.000946286 -0.001476592 0.999998391 4.307292461
0.999999702 0.000389012 0.000642733 0.083076835 -0.000389866 0.999999046 0.001328505 -0.153787389 -0.000642216 -0.001328755 0.999998868 4.570217609
0.999999106 0.000515849 0.001216070 0.085351229 -0.000517750 0.999998629 0.001563342 -0.163951010 -0.001215262 -0.001563970 0.999998033 4.829889774
0.999999046 0.000585223 0.001216816 0.090497144 -0.000587079 0.999998629 0.001525286 -0.175144479 -0.001215922 -0.001525999 0.999998093 5.094874859
0.999999404 0.000512772 0.000961918 0.094024271 -0.000514621 0.999997973 0.001922293 -0.188778922 -0.000960930 -0.001922787 0.999997616 5.348396301
0.999999285 -0.000007803 0.001166493 0.100215174 0.000005382 0.999997854 0.002075581 -0.195685133 -0.001166506 -0.002075573 0.999997139 5.604401112
0.999999344 0.000545133 0.001012210 0.105769366 -0.000547014 0.999998152 0.001858920 -0.202285290 -0.001011195 -0.001859472 0.999997735 5.875820637
0.999999404 0.000543276 0.000971987 0.111531243 -0.000545140 0.999998033 0.001917993 -0.214313358 -0.000970943 -0.001918521 0.999997675 6.133057117
0.999998748 0.000615230 0.001423243 0.116116919 -0.000618014 0.999997914 0.001957014 -0.221627221 -0.001422037 -0.001957891 0.999997079 6.421107769
0.999998927 0.000748399 0.001361384 0.115507208 -0.000750662 0.999998331 0.001662336 -0.224376813 -0.001360138 -0.001663356 0.999997675 6.723741531
0.999998927 0.000499189 0.001368492 0.130536839 -0.000501952 0.999997854 0.002019800 -0.238684937 -0.001367481 -0.002020485 0.999997020 7.009366035
0.999999166 0.000568581 0.001109643 0.137523323 -0.000570540 0.999998271 0.001766336 -0.247872084 -0.001108636 -0.001766969 0.999997795 7.307750702
0.999999106 0.000516481 0.001193261 0.150431827 -0.000518867 0.999997795 0.002000109 -0.262283891 -0.001192226 -0.002000726 0.999997318 7.606585979
0.999999285 0.000350591 0.001237671 0.152500018 -0.000353266 0.999997616 0.002162538 -0.272314429 -0.001236910 -0.002162974 0.999996841 7.933286190
0.999999166 0.000412894 0.001215814 0.163956240 -0.000415741 0.999997199 0.002342420 -0.284190148 -0.001214843 -0.002342924 0.999996483 8.242510796
0.999998808 0.000597976 0.001468144 0.167901605 -0.000601331 0.999997318 0.002285401 -0.289607853 -0.001466773 -0.002286281 0.999996364 8.577084541
0.999998868 0.000350522 0.001467084 0.171099469 -0.000354453 0.999996364 0.002680172 -0.300564438 -0.001466139 -0.002680689 0.999995291 8.915707588
0.999999046 -0.000196827 0.001339214 0.184123784 0.000193570 0.999997020 0.002430941 -0.305493385 -0.001339689 -0.002430680 0.999996126 9.242151260
0.999999464 -0.000274988 0.001081695 0.195764437 0.000272278 0.999996841 0.002504366 -0.314255178 -0.001082380 -0.002504069 0.999996305 9.582288742
0.999999166 -0.000831274 0.000988798 0.209296942 0.000828929 0.999996841 0.002369720 -0.324571133 -0.000990764 -0.002368899 0.999996722 9.930874825
0.999999344 -0.000519959 0.000981548 0.216949239 0.000517801 0.999997437 0.002198118 -0.334843189 -0.000982688 -0.002197608 0.999997139 10.291837692
0.999999464 -0.000621836 0.000782006 0.233061656 0.000619526 0.999995470 0.002950116 -0.351226866 -0.000783837 -0.002949629 0.999995351 10.646842003
0.999999166 -0.000276728 0.001282334 0.236336455 0.000272951 0.999995649 0.002944474 -0.373370975 -0.001283143 -0.002944122 0.999994814 10.991655350
0.999998927 0.000276823 0.001517286 0.240032971 -0.000281123 0.999995947 0.002834514 -0.384872139 -0.001516495 -0.002834937 0.999994814 11.374707222
0.999999225 0.000030568 0.001352047 0.254763156 -0.000034837 0.999994993 0.003157831 -0.393286705 -0.001351943 -0.003157875 0.999994099 11.750397682
0.999999046 0.000066174 0.001356404 0.261014462 -0.000070189 0.999995589 0.002960224 -0.400662005 -0.001356202 -0.002960316 0.999994636 12.129847527
0.999998450 0.000354995 0.001763346 0.272867411 -0.000360445 0.999995172 0.003091564 -0.417117298 -0.001762240 -0.003092194 0.999993622 12.529150009
0.999998510 0.000090761 0.001726949 0.276495248 -0.000096822 0.999993801 0.003509903 -0.425459862 -0.001726620 -0.003510065 0.999992371 12.904642105
0.999998927 -0.000163859 0.001402717 0.292809397 0.000158174 0.999991775 0.004052296 -0.459793746 -0.001403370 -0.004052070 0.999990821 13.293424606
0.999997795 0.000211503 0.002057507 0.295486301 -0.000219140 0.999993086 0.003712211 -0.469381988 -0.002056708 -0.003712654 0.999991000 13.711281776
0.999997318 0.000554154 0.002251717 0.307659924 -0.000563164 0.999991834 0.004003026 -0.476252764 -0.002249481 -0.004004283 0.999989450 14.126076698
0.999997735 -0.000097854 0.002125622 0.323008657 0.000089326 0.999991894 0.004012097 -0.496803671 -0.002125998 -0.004011898 0.999989688 14.527310371
0.999997437 0.000142379 0.002240394 0.333314031 -0.000151667 0.999991298 0.004146058 -0.511542439 -0.002239785 -0.004146388 0.999988854 14.934368134
0.999996424 0.000327103 0.002647176 0.344893515 -0.000338574 0.999990582 0.004334310 -0.524241090 -0.002645734 -0.004335191 0.999987125 15.361548424
0.999994159 0.000514479 0.003381921 0.358239025 -0.000530255 0.999988973 0.004665301 -0.539422989 -0.003379484 -0.004667068 0.999983370 15.798530579
0.999994874 -0.000140508 0.003200526 0.378871709 0.000124197 0.999987006 0.005095822 -0.575945854 -0.003201200 -0.005095398 0.999981821 16.228506088
0.999994934 -0.000261588 0.003181269 0.391109020 0.000245089 0.999986470 0.005185613 -0.584846258 -0.003182583 -0.005184807 0.999981463 16.679182053
0.999991775 0.000281404 0.004034618 0.397305995 -0.000300571 0.999988616 0.004750707 -0.600360513 -0.004033236 -0.004751880 0.999980509 17.134109497
0.999991536 0.000224139 0.004089235 0.412395239 -0.000246599 0.999984860 0.005492839 -0.620909214 -0.004087942 -0.005493801 0.999976516 17.579757690
0.999990582 -0.000273297 0.004319252 0.426900506 0.000249414 0.999984741 0.005529014 -0.634426713 -0.004320697 -0.005527885 0.999975383 18.044445038
0.999986351 0.000497391 0.005191309 0.430668116 -0.000527211 0.999983370 0.005744527 -0.642201662 -0.005188366 -0.005747185 0.999970019 18.508148193
0.999988377 0.000083220 0.004849442 0.448730201 -0.000111573 0.999982834 0.005846826 -0.661869109 -0.004848872 -0.005847298 0.999971092 18.979827881
0.999989271 -0.000787719 0.004583710 0.470974028 0.000760785 0.999982417 0.005874758 -0.672277510 -0.004588257 -0.005871207 0.999972224 19.458187103
0.999987781 0.000368165 0.004945938 0.476995319 -0.000398131 0.999981523 0.006059166 -0.688039601 -0.004943617 -0.006061061 0.999969363 19.920036316
0.999989271 0.000173280 0.004616274 0.484266520 -0.000203057 0.999979198 0.006450828 -0.719146848 -0.004615060 -0.006451697 0.999968529 20.410606384
0.999989688 -0.000172204 0.004540470 0.499272734 0.000142882 0.999979138 0.006457380 -0.731506467 -0.004541488 -0.006456665 0.999968827 20.897243500
0.999993265 0.000074601 0.003671818 0.505870283 -0.000099413 0.999977231 0.006757536 -0.737021983 -0.003671231 -0.006757855 0.999970436 21.428222656
0.999995470 -0.000527312 0.002951640 0.531149089 0.000507204 0.999976695 0.006809077 -0.755920053 -0.002955162 -0.006807550 0.999972463 21.943710327
0.999994397 -0.000241358 0.003344384 0.534808636 0.000217410 0.999974370 0.007158942 -0.770832300 -0.003346025 -0.007158174 0.999968708 22.386312485
0.999995172 -0.000257096 0.003116033 0.540882885 0.000233840 0.999972165 0.007461559 -0.787245691 -0.003117865 -0.007460793 0.999967277 22.895769119
0.999997079 -0.000046027 0.002394098 0.547248840 0.000030239 0.999978185 0.006593792 -0.792296827 -0.002394349 -0.006593702 0.999975383 23.402248383
0.999997735 -0.001540458 0.001407531 0.561259389 0.001531280 0.999977708 0.006498754 -0.802523911 -0.001417511 -0.006496585 0.999977887 23.919244766
0.999999464 -0.000640755 0.000835246 0.569890499 0.000635039 0.999976456 0.006825860 -0.818880498 -0.000839600 -0.006825326 0.999976337 24.450599670
0.999999523 -0.000923383 0.000290320 0.579506397 0.000921338 0.999975324 0.006964165 -0.830030560 -0.000296743 -0.006963894 0.999975681 24.989404678
0.999999404 -0.000941312 -0.000500308 0.586448669 0.000944962 0.999972582 0.007347294 -0.846817732 0.000493378 -0.007347763 0.999972880 25.510688782
0.999999225 -0.000960738 -0.000803592 0.592355847 0.000966427 0.999974251 0.007109179 -0.855879426 0.000796741 -0.007109949 0.999974430 26.038259506
0.999999404 -0.000564825 -0.000932557 0.604888797 0.000571802 0.999971688 0.007497634 -0.861482382 0.000928296 -0.007498162 0.999971390 26.591848373
0.999998271 -0.001194590 -0.001442959 0.614997208 0.001205503 0.999970496 0.007585702 -0.880380630 0.001433855 -0.007587428 0.999970198 27.122415543
0.999998450 -0.000673991 -0.001638468 0.625922441 0.000687156 0.999967396 0.008047795 -0.900871634 0.001632990 -0.008048908 0.999966264 27.652381897
0.999996424 -0.001040829 -0.002468837 0.638092220 0.001060489 0.999967635 0.007975159 -0.907333732 0.002460457 -0.007977750 0.999965072 28.202199936
0.999993742 -0.001630668 -0.003117186 0.648707151 0.001654760 0.999968648 0.007742050 -0.919760942 0.003104463 -0.007747160 0.999965191 28.741830826
0.999992132 -0.001607886 -0.003616021 0.659944177 0.001634943 0.999970615 0.007492158 -0.929592967 0.003603869 -0.007498011 0.999965370 29.284715652
0.999993265 -0.001334468 -0.003447181 0.657636940 0.001363705 0.999962986 0.008492906 -0.954216361 0.003435721 -0.008497548 0.999957979 29.801795959
0.999992788 -0.001127689 -0.003620755 0.667410851 0.001156786 0.999966919 0.008044172 -0.964935124 0.003611564 -0.008048302 0.999961078 30.335237503
0.999993563 -0.000234314 -0.003579693 0.672014236 0.000264184 0.999965131 0.008345997 -0.979063511 0.003577613 -0.008346889 0.999958754 30.885864258
0.999991596 -0.000372193 -0.004080338 0.681715488 0.000407781 0.999961853 0.008724494 -0.999180675 0.004076935 -0.008726085 0.999953628 31.409740448
0.999991298 -0.000719539 -0.004126810 0.692662001 0.000754557 0.999963641 0.008490141 -1.010194421 0.004120551 -0.008493179 0.999955475 31.951084137
0.999988794 -0.000701092 -0.004682463 0.695919514 0.000739767 0.999965549 0.008262675 -1.005899310 0.004676509 -0.008266047 0.999954820 32.469032288
0.999987960 -0.000426693 -0.004871100 0.692336559 0.000465519 0.999968112 0.007972457 -1.028377175 0.004867543 -0.007974631 0.999956310 32.995464325
0.999987483 0.000071624 -0.004999666 0.696116388 -0.000032494 0.999969423 0.007826209 -1.032243013 0.005000073 -0.007825950 0.999956846 33.549228668
0.999987125 -0.000089381 -0.005079042 0.716154277 0.000130732 0.999966860 0.008141660 -1.044580936 0.005078147 -0.008142220 0.999953926 34.039501190
0.999985814 -0.000431309 -0.005307975 0.714430094 0.000475177 0.999965727 0.008265971 -1.068800926 0.005304227 -0.008268376 0.999951780 34.564048767
0.999987423 -0.000055862 -0.004997801 0.719849229 0.000098665 0.999963343 0.008564502 -1.091843367 0.004997139 -0.008564888 0.999950826 35.103759766
0.999985933 -0.000209150 -0.005295290 0.720995843 0.000252084 0.999967158 0.008108518 -1.102283239 0.005293420 -0.008109739 0.999953151 35.650897980
0.999987841 0.000272245 -0.004911642 0.735295177 -0.000234245 0.999970138 0.007735694 -1.107576609 0.004913601 -0.007734450 0.999958038 36.210300446
0.999982893 -0.000004440 -0.005836098 0.724788547 0.000046799 0.999973655 0.007257881 -1.090058088 0.005835913 -0.007258029 0.999956608 36.727245331
0.999981344 0.000068794 -0.006111858 0.714256525 -0.000021987 0.999970734 0.007658066 -1.121678591 0.006112206 -0.007657788 0.999951959 37.238872528
0.999981880 -0.001568826 -0.005815926 0.685783625 0.001616633 0.999964952 0.008224319 -1.106917024 0.005802819 -0.008233571 0.999949276 37.691944122
0.999981046 -0.002125484 -0.005770483 0.578413010 0.002167352 0.999971330 0.007259091 -1.056450248 0.005754889 -0.007271461 0.999957025 38.128028870
0.999979496 -0.002014059 -0.006072419 0.647921801 0.002063251 0.999965131 0.008105618 -1.107038736 0.006055882 -0.008117981 0.999948680 38.775051117
0.999976218 -0.001706608 -0.006667971 0.789619803 0.001770399 0.999952674 0.009572643 -1.176153183 0.006651319 -0.009584223 0.999931931 39.288982391
0.999982715 -0.000721038 -0.005836357 0.779183269 0.000775281 0.999956489 0.009297109 -1.224355936 0.005829400 -0.009301472 0.999939680 39.855876923
0.999981463 -0.000710152 -0.006048840 0.794410765 0.000764059 0.999960005 0.008914170 -1.236166120 0.006042269 -0.008918624 0.999942005 40.412097931
0.999983549 0.000188418 -0.005730369 0.799661875 -0.000136316 0.999958694 0.009091225 -1.240647316 0.005731845 -0.009090298 0.999942183 40.931282043
0.999986053 0.000790587 -0.005210544 0.807293236 -0.000745775 0.999962807 0.008596586 -1.247364283 0.005217147 -0.008592580 0.999949515 41.523414612
0.999984920 0.000197786 -0.005492017 0.808000267 -0.000145023 0.999953866 0.009605908 -1.273859739 0.005493663 -0.009604964 0.999938786 41.987918854
0.999984443 0.000268993 -0.005557523 0.813033879 -0.000213735 0.999950588 0.009941074 -1.291837573 0.005559923 -0.009939731 0.999935091 42.510238647
0.999984503 0.000522494 -0.005542667 0.824903727 -0.000469399 0.999954045 0.009576277 -1.297007442 0.005547415 -0.009573527 0.999938786 43.048767090
0.999985516 0.000208716 -0.005376493 0.827517390 -0.000155240 0.999950647 0.009944666 -1.312849045 0.005378302 -0.009943688 0.999936104 43.566841125
0.999985397 -0.000299893 -0.005387224 0.835962832 0.000352624 0.999951959 0.009789772 -1.322530508 0.005384030 -0.009791530 0.999937534 44.109062195
0.999986291 0.000169573 -0.005236401 0.840938509 -0.000117964 0.999951363 0.009854444 -1.336144805 0.005237818 -0.009853693 0.999937713 44.637229919
0.999985218 0.000179467 -0.005426791 0.849757552 -0.000126301 0.999951959 0.009795674 -1.344158888 0.005428288 -0.009794843 0.999937296 45.171157837
0.999984801 0.000306377 -0.005500318 0.867278457 -0.000253953 0.999954581 0.009529212 -1.356565952 0.005502987 -0.009527671 0.999939442 45.713283539
0.999985337 -0.000553581 -0.005384650 0.868187547 0.000609389 0.999946058 0.010368271 -1.378882766 0.005378621 -0.010371402 0.999931753 46.215732574
0.999983609 0.000669949 -0.005685908 0.892023087 -0.000614990 0.999953151 0.009662096 -1.381180763 0.005692115 -0.009658442 0.999937117 46.825431824
0.999981105 -0.000466469 -0.006130514 0.887460887 0.000527888 0.999949634 0.010020859 -1.391100645 0.006125532 -0.010023904 0.999931037 47.293243408
0.999986053 -0.000166644 -0.005276187 0.895442486 0.000221418 0.999946058 0.010382465 -1.407575011 0.005274172 -0.010383488 0.999932110 47.762184143
0.999981821 -0.001013406 -0.005947039 0.917184174 0.001078347 0.999939680 0.010926810 -1.411292791 0.005935607 -0.010933023 0.999922574 48.416286469
0.999982715 -0.000756959 -0.005825674 0.925117373 0.000817822 0.999944985 0.010452169 -1.431307435 0.005817443 -0.010456753 0.999928415 48.786026001
0.999982417 -0.000888711 -0.005867497 0.931896210 0.000949889 0.999945104 0.010432079 -1.441173792 0.005857903 -0.010437470 0.999928355 49.290985107
0.999983370 -0.000840741 -0.005709545 0.934598446 0.000902221 0.999941468 0.010773966 -1.459355831 0.005700153 -0.010778937 0.999925673 49.817749023
0.999983251 -0.000846892 -0.005717385 0.942514658 0.000909076 0.999940515 0.010882461 -1.468572140 0.005707828 -0.010887478 0.999924362 50.322505951
0.999983191 -0.000729270 -0.005768619 0.952086091 0.000791515 0.999941409 0.010795283 -1.479158640 0.005760409 -0.010799667 0.999925077 50.868476868
0.999985516 0.000022924 -0.005390400 0.947176933 0.000035288 0.999941647 0.010798959 -1.494340897 0.005390332 -0.010798994 0.999927163 51.394622803
0.999982655 -0.001259892 -0.005743559 0.968353391 0.001323337 0.999938011 0.011055804 -1.500025749 0.005729275 -0.011063213 0.999922395 51.885036469
0.999983907 -0.000358028 -0.005669090 0.961839676 0.000419824 0.999940395 0.010903079 -1.515581608 0.005664849 -0.010905284 0.999924481 52.486129761
0.999985814 -0.001227020 -0.005190727 0.949815035 0.001289268 0.999927163 0.012005910 -1.534012198 0.005175618 -0.012012431 0.999914467 52.926628113
0.999988079 -0.000496834 -0.004855334 0.957449317 0.000555750 0.999926090 0.012140304 -1.544358373 0.004848944 -0.012142857 0.999914527 53.453338623
0.999982893 -0.001353446 -0.005688427 0.997443318 0.001417878 0.999934733 0.011338208 -1.558071613 0.005672711 -0.011346080 0.999919474 53.942089081
0.999985278 -0.000854999 -0.005355558 0.946679533 0.000917701 0.999930918 0.011716271 -1.574163198 0.005345172 -0.011721013 0.999917030 54.593685150
0.999983847 -0.000684662 -0.005647766 1.010999441 0.000744857 0.999942839 0.010662880 -1.568091631 0.005640144 -0.010666913 0.999927163 55.029541016
0.999976575 -0.001485086 -0.006675826 1.047263861 0.001554705 0.999944389 0.010435501 -1.566704750 0.006659956 -0.010445638 0.999923229 55.543056488
0.999983549 -0.001278140 -0.005576427 1.029607415 0.001343247 0.999930799 0.011687351 -1.592531204 0.005561103 -0.011694650 0.999916136 55.910064697
0.999974072 -0.001739140 -0.006974096 1.049843669 0.001818786 0.999933064 0.011430176 -1.590584993 0.006953751 -0.011442565 0.999910355 56.635704041
0.999982476 -0.001892396 -0.005611853 1.048435450 0.001957976 0.999929547 0.011703568 -1.622173071 0.005589308 -0.011714350 0.999915779 56.944175720
0.999981463 -0.002175058 -0.005688094 1.057543755 0.002241591 0.999928772 0.011716696 -1.631605744 0.005662207 -0.011729227 0.999915183 57.472133636
0.999982715 -0.002062348 -0.005506075 1.064840317 0.002125542 0.999931633 0.011496169 -1.638707876 0.005481990 -0.011507676 0.999918759 57.990287781
0.999985337 -0.001655213 -0.005155717 1.069563627 0.001717510 0.999925196 0.012102049 -1.657837391 0.005135302 -0.012110726 0.999913454 58.533786774
0.999982893 -0.001900205 -0.005530293 1.079635024 0.001966982 0.999924839 0.012094559 -1.658722162 0.005506895 -0.012105232 0.999911547 59.010875702
0.999985099 -0.001609863 -0.005222142 1.098555803 0.001673042 0.999925196 0.012116486 -1.684106112 0.005202246 -0.012125045 0.999912977 59.624767303
0.999981761 -0.002137623 -0.005633162 1.111429214 0.002205010 0.999925673 0.011983606 -1.676664829 0.005607126 -0.011995810 0.999912322 60.103759766
0.999978185 -0.002508988 -0.006116115 1.133441925 0.002583838 0.999921441 0.012261063 -1.696741223 0.006084872 -0.012276598 0.999906123 60.627227783
0.999979436 -0.002358429 -0.005964559 1.136203527 0.002432264 0.999920070 0.012402182 -1.709314108 0.005934833 -0.012416436 0.999905288 61.140926361
0.999980867 -0.001048784 -0.006100250 1.237735271 0.001125890 0.999919295 0.012650071 -1.707189083 0.006086491 -0.012656697 0.999901354 61.658744812
0.999966383 -0.003486675 -0.007415793 1.252918124 0.003579279 0.999915242 0.012511069 -1.730199575 0.007371544 -0.012537192 0.999894261 62.274188995
0.999976099 -0.001832056 -0.006669145 1.261621237 0.001921328 0.999908268 0.013404096 -1.751731157 0.006643977 -0.013416589 0.999887943 62.783565521
0.999973953 -0.002130034 -0.006884992 1.214278102 0.002220617 0.999910712 0.013175956 -1.750669479 0.006856312 -0.013190902 0.999889433 63.191112518
0.999974012 -0.003409436 -0.006348209 1.251239181 0.003495063 0.999902427 0.013526451 -1.736819267 0.006301470 -0.013548287 0.999888361 63.238182068
0.999976814 -0.002881686 -0.006170323 1.266263485 0.002963714 0.999906898 0.013326303 -1.738306999 0.006131344 -0.013344280 0.999892175 63.799339294
0.999965668 -0.004276037 -0.007096608 1.276922226 0.004371673 0.999899149 0.013515949 -1.750489473 0.007038098 -0.013546508 0.999883473 64.329277039
0.999963939 -0.004502886 -0.007200571 1.266317368 0.004598470 0.999900758 0.013313430 -1.756683588 0.007139908 -0.013346062 0.999885440 64.820755005
0.999975264 -0.003406083 -0.006141139 1.227274418 0.003491253 0.999897122 0.013911716 -1.789679766 0.006093123 -0.013932814 0.999884427 65.404396057
0.999981046 -0.002602421 -0.005577012 1.248864293 0.002678753 0.999902189 0.013723379 -1.816301227 0.005540753 -0.013738058 0.999890268 65.763656616
0.999978185 -0.002788825 -0.005988511 1.265770316 0.002871725 0.999899626 0.013879538 -1.835130095 0.005949202 -0.013896432 0.999885738 66.295364380
0.999978483 -0.002788893 -0.005945352 1.274066210 0.002875275 0.999889731 0.014570702 -1.852412701 0.005904060 -0.014587482 0.999876142 66.835823059
0.999974132 -0.003381611 -0.006352455 1.285988212 0.003470727 0.999894917 0.014070382 -1.849527121 0.006304208 -0.014092067 0.999880850 67.320755005
0.999972463 -0.003446767 -0.006572627 1.322859287 0.003541772 0.999888599 0.014498189 -1.842255116 0.006521924 -0.014521070 0.999873221 67.615333557
0.999963462 -0.004350791 -0.007356059 1.329370022 0.004453923 0.999891102 0.014062237 -1.846053004 0.007294077 -0.014094487 0.999873996 68.151306152
0.999967337 -0.004088433 -0.006969282 1.398314357 0.004191657 0.999880791 0.014861636 -1.871445656 0.006907688 -0.014890365 0.999865294 68.507698059
0.999965072 -0.003986443 -0.007350225 1.381973267 0.004100581 0.999870181 0.015579293 -1.896055460 0.007287165 -0.015608890 0.999851525 69.213920593
0.999961913 -0.004355754 -0.007557179 1.449090958 0.004471274 0.999872386 0.015337219 -1.931524277 0.007489409 -0.015370427 0.999853790 69.485351562
0.999967694 -0.003351792 -0.007304935 1.458916187 0.003466296 0.999870420 0.015719043 -1.952452421 0.007251304 -0.015743857 0.999849737 70.013580322
0.999970615 -0.003493036 -0.006820037 1.458343744 0.003601448 0.999866247 0.015949057 -1.972859979 0.006763415 -0.015973149 0.999849558 70.519432068
0.999962747 -0.004381455 -0.007433768 1.504642725 0.004497489 0.999867201 0.015664777 -1.993216515 0.007364148 -0.015697626 0.999849677 71.078300476
0.999961436 -0.004993072 -0.007220999 1.483233929 0.005106517 0.999862432 0.015778137 -1.985691905 0.007141226 -0.015814403 0.999849379 71.608039856
0.999962747 -0.004745696 -0.007210951 1.498114824 0.004858647 0.999864459 0.015727762 -2.008366346 0.007135335 -0.015762210 0.999850333 72.062057495
0.999963105 -0.004878750 -0.007072701 1.512633801 0.004990996 0.999860466 0.015940404 -2.020329952 0.006993946 -0.015975116 0.999847949 72.605361938
0.999965489 -0.004220784 -0.007153833 1.506387711 0.004337265 0.999856949 0.016345669 -2.028476715 0.007083821 -0.016376130 0.999840796 73.021682739
0.999966502 -0.004154206 -0.007050029 1.513527870 0.004266311 0.999863505 0.015961491 -2.035367966 0.006982760 -0.015991034 0.999847770 73.575706482
0.999958932 -0.005397168 -0.007282883 1.444504499 0.005513164 0.999856710 0.016002061 -2.070359945 0.007195473 -0.016041556 0.999845386 74.258460999
0.999960601 -0.005056015 -0.007301971 1.449935913 0.005174077 0.999854684 0.016241174 -2.074894905 0.007218793 -0.016278315 0.999841392 74.825553894
0.999967992 -0.004599478 -0.006561827 1.461677313 0.004703968 0.999860942 0.015998231 -2.086610079 0.006487334 -0.016028583 0.999850512 75.347526550
0.999965668 -0.005106722 -0.006529053 1.467388630 0.005212749 0.999853134 0.016326884 -2.105015278 0.006444718 -0.016360359 0.999845326 75.899169922
0.999967039 -0.004638541 -0.006666846 1.494464397 0.004747059 0.999854982 0.016354674 -2.128840446 0.006590017 -0.016385784 0.999843955 76.436622620
0.999967396 -0.004406576 -0.006766565 1.513479114 0.004514249 0.999862134 0.015980517 -2.130885124 0.006695213 -0.016010541 0.999849379 76.983901978
0.999976814 -0.004476678 -0.005133249 1.514849901 0.004559128 0.999858975 0.016164422 -2.143284082 0.005060162 -0.016187450 0.999856174 77.470970154
0.999984622 -0.003975856 -0.003869980 1.536197901 0.004039180 0.999855816 0.016494928 -2.169567585 0.003803841 -0.016510306 0.999856472 77.988212585
0.999989152 -0.003858603 -0.002598798 1.553161740 0.003900119 0.999861658 0.016164130 -2.164583206 0.002536067 -0.016174091 0.999865949 78.543678284
0.999989331 -0.004274740 -0.001735437 1.559168816 0.004303180 0.999850810 0.016728869 -2.173931122 0.001663666 -0.016736157 0.999858558 79.075149536
0.999992073 -0.003672812 0.001521090 1.568249941 0.003647261 0.999857605 0.016473044 -2.184805870 -0.001581377 -0.016467366 0.999863148 79.617012024
0.999979377 -0.004334067 0.004725115 1.616218328 0.004252787 0.999845028 0.017078241 -2.200093269 -0.004798401 -0.017057793 0.999843001 80.146545410
0.999964178 -0.005153568 0.006718538 1.633290768 0.005043547 0.999854565 0.016291069 -2.192912817 -0.006801518 -0.016256597 0.999844670 80.743247986
0.999920249 -0.004047825 0.011963030 1.669363260 0.003845198 0.999849558 0.016912501 -2.211925030 -0.012029689 -0.016865149 0.999785364 81.229949951
0.999842107 -0.004757715 0.017120896 1.703450680 0.004465871 0.999844730 0.017044110 -2.222742081 -0.017199330 -0.016964961 0.999708116 81.755599976
0.999720216 -0.004758385 0.023169413 1.771013379 0.004367101 0.999847412 0.016909359 -2.206308365 -0.023246340 -0.016803445 0.999588549 82.361640930
0.999562919 -0.005574289 0.029033907 1.752624273 0.005074103 0.999837935 0.017272953 -2.243394375 -0.029125487 -0.017118081 0.999429166 82.927886963
0.999236047 -0.004998110 0.038760342 1.697966814 0.004336032 0.999843597 0.017146600 -2.321535587 -0.038839981 -0.016965434 0.999101400 83.856033325
0.998887539 -0.004818666 0.046907403 1.752017021 0.004028035 0.999848425 0.016935095 -2.329811096 -0.046981905 -0.016727312 0.998755634 84.388763428
0.998523235 -0.005255217 0.054073785 1.796073675 0.004327008 0.999841452 0.017268399 -2.339455366 -0.054155972 -0.017008916 0.998387635 84.931076050
0.998006999 -0.005909263 0.062826410 1.852319956 0.004869049 0.999848723 0.016697163 -2.340240955 -0.062915586 -0.016357983 0.997884750 85.479278564
0.997318149 -0.005764739 0.072960466 1.916321278 0.004533398 0.999844670 0.017031172 -2.355304480 -0.073047325 -0.016654735 0.997189343 86.013252258
0.996619463 -0.005300547 0.081985004 1.975787640 0.003896734 0.999843240 0.017273339 -2.364091873 -0.082063712 -0.016895467 0.996483862 86.558540344
0.995928109 -0.006663837 0.089904249 2.038550854 0.005175103 0.999845803 0.016782070 -2.362587452 -0.090002209 -0.016248474 0.995808959 87.123908997
0.994950831 -0.006267460 0.100167468 2.122643471 0.004586675 0.999844968 0.017001247 -2.371564388 -0.100258477 -0.016455974 0.994825244 87.670654297
0.993838131 -0.006858619 0.110628799 2.212331772 0.005001907 0.999842048 0.017052075 -2.381191969 -0.110728286 -0.016393647 0.993715525 88.228950500
0.992784202 -0.007524579 0.119678564 2.297218323 0.005572045 0.999845922 0.016641103 -2.389335632 -0.119785354 -0.015854167 0.992673218 88.785339355
0.991381884 -0.006886394 0.130822510 2.392837524 0.004687065 0.999842584 0.017112022 -2.395658016 -0.130919755 -0.016351379 0.991258085 89.353324890
0.989566445 -0.006318874 0.143938854 2.481932640 0.003971188 0.999854445 0.016591769 -2.394905806 -0.144022733 -0.015847050 0.989447534 89.903518677
0.988039494 -0.007470453 0.154020101 2.609998703 0.004902622 0.999842703 0.017045140 -2.411318779 -0.154123187 -0.016086169 0.987920702 90.478317261
0.986440003 -0.007576846 0.163946912 2.714531898 0.004854192 0.999843657 0.017001186 -2.412563562 -0.164050087 -0.015974822 0.986322641 91.033752441
0.984323144 -0.007756623 0.176203847 2.836876869 0.004854078 0.999845386 0.016897727 -2.419007778 -0.176307619 -0.015777513 0.984208643 91.589668274
0.982012451 -0.007882919 0.188651308 2.958627701 0.004728217 0.999841452 0.017166600 -2.425274611 -0.188756689 -0.015965829 0.981894076 92.123886108
0.979848385 -0.008244979 0.199572355 3.101926804 0.004969393 0.999844551 0.016908390 -2.433491945 -0.199680761 -0.015575905 0.979737222 92.712265015
0.977102399 -0.008041526 0.212617636 3.245584488 0.004500633 0.999843061 0.017132562 -2.447435379 -0.212722078 -0.015783353 0.976985276 93.262710571
0.974055767 -0.008955822 0.226130724 3.397315979 0.005151620 0.999835193 0.017407542 -2.451692104 -0.226249352 -0.015790980 0.973941386 93.808563232
0.971344471 -0.009042910 0.237503976 3.550838470 0.004995615 0.999831975 0.017637298 -2.461548328 -0.237623543 -0.015945414 0.971226454 94.339012146
0.968362927 -0.009973339 0.249346808 3.733554840 0.005833869 0.999832690 0.017334772 -2.468701601 -0.249477983 -0.015331696 0.968259096 94.914779663
0.964659929 -0.009916514 0.263311446 3.907880783 0.005377982 0.999824405 0.017951552 -2.486429214 -0.263443232 -0.015901057 0.964543819 95.429504395
0.961086750 -0.010557373 0.276044965 4.086791992 0.005852554 0.999823332 0.017861923 -2.494852066 -0.276184827 -0.015551290 0.960978746 95.961921692
0.957863510 -0.011343677 0.286999643 4.278869629 0.006403211 0.999814749 0.018146964 -2.508878708 -0.287152350 -0.015544598 0.957758784 96.486618042
0.953544080 -0.011160793 0.301046520 4.472610474 0.005923243 0.999814868 0.018304989 -2.512102127 -0.301195085 -0.015671443 0.953433871 97.025764465
0.949104905 -0.011880016 0.314735770 4.677869797 0.006478305 0.999813259 0.018203229 -2.519296646 -0.314893246 -0.015237820 0.949004710 97.539360046
0.945236683 -0.012880392 0.326131225 4.886320114 0.007245111 0.999802828 0.018487979 -2.527721882 -0.326305032 -0.015112659 0.945143700 98.060531616
0.940781832 -0.012630293 0.338777214 5.102556229 0.006702478 0.999803364 0.018661939 -2.536545753 -0.338946313 -0.015286166 0.940681517 98.583808899
0.935621917 -0.012865138 0.352769107 5.331474304 0.006642855 0.999800384 0.018843396 -2.543810368 -0.352941185 -0.015286900 0.935520649 99.109504700
0.930965304 -0.013663008 0.364851952 5.562013626 0.007290279 0.999795914 0.018838389 -2.548028469 -0.365034908 -0.014878014 0.930874944 99.630775452
0.926307321 -0.013866018 0.376513541 5.780197144 0.007313004 0.999795914 0.018828275 -2.557033539 -0.376697779 -0.014687324 0.926219761 100.138946533
0.920382857 -0.014371881 0.390754044 6.032701492 0.007543069 0.999790847 0.019005209 -2.564653873 -0.390945554 -0.014544588 0.920298815 100.665519714
0.915089846 -0.015548231 0.402950138 6.295364380 0.008557374 0.999780118 0.019143917 -2.573351860 -0.403159261 -0.014070211 0.915021658 101.172676086
0.910184860 -0.015448635 0.413913757 6.546882629 0.008376324 0.999786377 0.018896032 -2.571258783 -0.414117247 -0.013731807 0.910119951 101.699844360
0.904591382 -0.015880141 0.425983936 6.809562683 0.008662124 0.999784231 0.018876381 -2.579938889 -0.426191747 -0.013385482 0.904533744 102.183219910
0.898112655 -0.016139124 0.439469188 7.090950012 0.008491164 0.999776602 0.019363111 -2.594670773 -0.439683467 -0.013658653 0.898048937 102.698600769
0.892034590 -0.016550684 0.451664031 7.363697052 0.008769424 0.999774992 0.019315973 -2.590040207 -0.451882124 -0.013269681 0.891978979 103.216690063
0.886327088 -0.017479314 0.462729752 7.641925812 0.009584626 0.999765873 0.019406801 -2.595643520 -0.462960511 -0.012765684 0.886286974 103.695625305
0.879051149 -0.017015139 0.476423711 7.933322906 0.008854001 0.999773145 0.019369651 -2.602577925 -0.476645231 -0.012808658 0.879002452 104.191062927
0.872040093 -0.017479971 0.489122212 8.232467651 0.009178380 0.999770343 0.019365385 -2.606433153 -0.489348441 -0.012398046 0.872000217 104.668151855
