1.000000000 0.000000000 0.000000000 0.000000000 0.000000000 1.000000000 0.000000000 0.000000000 0.000000000 0.000000000 1.000000000 0.000000000
1.000000000 0.000022716 -0.000021505 0.000445246 -0.000022717 1.000000000 -0.000038053 0.000772868 0.000021504 0.000038054 1.000000000 0.000388903
1.000000000 0.000027248 0.000033095 -0.000054523 -0.000027249 1.000000000 0.000036586 0.000067572 -0.000033094 -0.000036587 1.000000000 0.000081286
1.000000000 -0.000129952 0.000061972 -0.000168706 0.000129954 1.000000000 -0.000028105 0.000841244 -0.000061968 0.000028113 1.000000000 0.000330617
1.000000000 -0.000134186 0.000038682 -0.000108625 0.000134184 1.000000000 0.000031956 -0.000141778 -0.000038686 -0.000031951 1.000000000 -0.000570923
1.000000000 0.000015782 0.000124207 -0.000491548 -0.000015776 1.000000000 -0.000050199 0.000959010 -0.000124208 0.000050197 1.000000000 0.000094933
1.000000000 -0.000107763 0.000059644 0.000240503 0.000107765 1.000000000 -0.000034409 0.000605547 -0.000059641 0.000034416 1.000000000 0.000212494
1.000000000 -0.000006075 0.000072002 -0.000540631 0.000006069 1.000000000 0.000087215 -0.000092287 -0.000072003 -0.000087214 1.000000000 -0.000099398
1.000000000 -0.000047138 -0.000008401 -0.000763584 0.000047138 1.000000000 -0.000093924 0.000045915 0.000008406 0.000093924 1.000000000 -0.000825265
1.000000000 -0.000056120 0.000073727 -0.000115261 0.000056118 1.000000000 0.000033853 -0.000644655 -0.000073729 -0.000033848 1.000000000 -0.000259261
1.000000000 0.000070981 0.000051439 -0.000826324 -0.000070984 1.000000000 0.000053946 -0.000881031 -0.000051435 -0.000053949 1.000000000 -0.000631484
1.000000000 -0.000041048 0.000068397 -0.001108143 0.000041045 1.000000000 0.000036535 -0.000445562 -0.000068398 -0.000036532 1.000000000 -0.001074761
1.000000000 0.000049770 0.000029397 -0.000836473 -0.000049768 1.000000000 -0.000074532 -0.000297459 -0.000029401 0.000074531 1.000000000 -0.001397794
1.000000000 0.000043404 0.000064726 -0.001107904 -0.000043403 1.000000000 -0.000028495 0.000618512 -0.000064727 0.000028492 1.000000000 0.000650312
1.000000000 0.000029390 0.000047302 -0.000958797 -0.000029384 1.000000000 -0.000116117 0.001242470 -0.000047306 0.000116115 1.000000000 0.000868583
1.000000000 -0.000010012 -0.000032504 0.000367619 0.000010010 1.000000000 -0.000080502 0.001264031 0.000032504 0.000080501 1.000000000 0.001236926
1.000000000 0.000091847 0.000107033 -0.001009678 -0.000091831 1.000000000 -0.000156960 0.002308803 -0.000107047 0.000156950 1.000000000 0.002551633
1.000000000 0.000169044 0.000078745 -0.001288853 -0.000169031 1.000000000 -0.000167107 0.001861523 -0.000078774 0.000167093 1.000000000 0.001557260
0.999999940 0.000196471 0.000158203 -0.001487454 -0.000196455 1.000000000 -0.000099196 0.002052230 -0.000158223 0.000099165 1.000000000 0.002384661
1.000000000 0.000101153 0.000153661 -0.001345806 -0.000101140 1.000000000 -0.000089351 0.001065067 -0.000153670 0.000089336 1.000000000 0.001351094
1.000000000 0.000017758 0.000079246 -0.001139129 -0.000017756 1.000000000 -0.000035318 0.000421918 -0.000079246 0.000035317 1.000000000 0.000864388
1.000000000 0.000160518 0.000053234 -0.000796565 -0.000160516 1.000000000 -0.000025367 0.001269591 -0.000053238 0.000025358 1.000000000 0.000925422
1.000000000 0.000118175 0.000015367 -0.000678119 -0.000118174 1.000000000 -0.000083373 0.001534203 -0.000015377 0.000083371 1.000000000 0.002404451
1.000000000 0.000056822 0.000064055 -0.001074562 -0.000056816 1.000000000 -0.000093662 0.001907328 -0.000064061 0.000093658 1.000000000 0.002387830
0.999999940 0.000366383 0.000042418 -0.001084745 -0.000366381 0.999999940 -0.000060127 0.002408402 -0.000042440 0.000060112 1.000000000 0.003578444
0.999999940 0.000269243 0.000109779 -0.001423212 -0.000269237 0.999999940 -0.000056358 0.002109450 -0.000109794 0.000056328 1.000000000 0.001640748
1.000000000 0.000060779 0.000102107 -0.000447108 -0.000060773 1.000000000 -0.000058333 0.002490686 -0.000102111 0.000058327 1.000000000 0.003051381
1.000000000 0.000124588 0.000178943 -0.001685234 -0.000124583 1.000000000 -0.000026237 0.001665692 -0.000178947 0.000026214 1.000000000 0.002451038
1.000000000 0.000134499 0.000054284 -0.001159046 -0.000134495 1.000000000 -0.000068874 0.002450149 -0.000054293 0.000068866 1.000000000 0.002397511
1.000000000 0.000089277 0.000101043 -0.001626291 -0.000089272 1.000000000 -0.000051778 0.001117618 -0.000101047 0.000051769 1.000000000 0.001747059
0.999999940 0.000141287 0.000203658 -0.001944826 -0.000141284 1.000000000 -0.000011021 0.001182174 -0.000203660 0.000010992 1.000000000 0.002236645
1.000000000 0.000115895 0.000191698 -0.001408771 -0.000115881 1.000000000 -0.000068707 0.002234269 -0.000191705 0.000068685 1.000000000 0.003838500
1.000000000 0.000215721 0.000108535 -0.000955663 -0.000215699 0.999999940 -0.000205838 0.003483289 -0.000108579 0.000205815 1.000000000 0.003993332
1.000000000 0.000138112 0.000157699 -0.001014950 -0.000138099 1.000000000 -0.000078063 0.001648507 -0.000157709 0.000078041 1.000000000 0.001861484
0.999999940 0.000261619 0.000220374 -0.002727744 -0.000261585 0.999999940 -0.000152517 0.002203077 -0.000220414 0.000152459 0.999999940 0.002523512
0.999999940 0.000164618 0.000200475 -0.001860420 -0.000164603 1.000000000 -0.000074616 0.001087880 -0.000200487 0.000074583 1.000000000 0.001608444
1.000000000 0.000087236 0.000032608 -0.001877114 -0.000087236 1.000000000 0.000022642 0.000389771 -0.000032606 -0.000022645 1.000000000 0.000095286
1.000000000 0.000153215 0.000095606 -0.001530440 -0.000153213 1.000000000 -0.000021901 0.001831994 -0.000095609 0.000021886 1.000000000 0.002280548
1.000000000 0.000154391 0.000157788 -0.001987403 -0.000154385 1.000000000 -0.000042587 0.001524660 -0.000157794 0.000042563 1.000000000 0.001322863
1.000000000 0.000190612 0.000126544 -0.000836414 -0.000190602 1.000000000 -0.000081557 0.002753909 -0.000126560 0.000081533 1.000000000 0.003067460
1.000000000 -0.000028112 0.000031244 0.000360082 0.000028115 1.000000000 -0.000100541 0.000879340 -0.000031242 0.000100541 1.000000000 0.002762238
0.999999940 0.000400956 0.000108299 0.000327360 -0.000400894 0.999999762 -0.000570027 -0.001785210 -0.000108528 0.000569984 0.999999821 0.053154331
1.000000000 0.000315948 0.000137162 0.001823637 -0.000315782 0.999999285 -0.001210058 -0.002595642 -0.000137544 0.001210015 0.999999285 0.142636299
0.999999642 0.000704714 0.000270602 0.000296771 -0.000704445 0.999999285 -0.000992617 -0.011570741 -0.000271301 0.000992426 0.999999404 0.254157722
0.999999642 0.000694458 0.000293481 0.003408653 -0.000694171 0.999999285 -0.000976285 -0.014281137 -0.000294158 0.000976080 0.999999464 0.386486590
0.999999642 0.000709167 0.000246504 0.004846520 -0.000708979 0.999999464 -0.000764162 -0.017620245 -0.000247046 0.000763987 0.999999702 0.530798852
0.999999940 0.000244578 0.000293568 0.013783447 -0.000244513 0.999999940 -0.000221126 -0.028937967 -0.000293622 0.000221054 0.999999940 0.683114171
1.000000000 -0.000048629 0.000282959 0.019610107 0.000048642 1.000000000 -0.000046310 -0.032628022 -0.000282957 0.000046324 0.999999940 0.844215214
0.999999940 0.000015615 0.000360336 0.019190233 -0.000015707 0.999999881 0.000254930 -0.039449111 -0.000360332 -0.000254936 0.999999881 1.013539672
0.999999940 -0.000016495 0.000311528 0.024460966 0.000016399 0.999999940 0.000308529 -0.044105213 -0.000311533 -0.000308524 0.999999821 1.187619448
0.999999821 0.000391434 0.000486793 0.025402833 -0.000391881 0.999999523 0.000919297 -0.054233201 -0.000486433 -0.000919488 0.999999464 1.378437281
0.999999940 0.000419187 0.000235096 0.031122668 -0.000419381 0.999999583 0.000824265 -0.056302778 -0.000234750 -0.000824364 0.999999642 1.572532058
0.999999762 0.000555361 0.000080549 0.032258634 -0.000555411 0.999999583 0.000623312 -0.059900519 -0.000080203 -0.000623356 0.999999821 1.774901152
0.999999464 0.001042455 0.000136569 0.035812750 -0.001042579 0.999999046 0.000909405 -0.068759091 -0.000135620 -0.000909547 0.999999583 1.969785810
1.000000000 0.000040956 0.000105155 0.043494739 -0.000041062 0.999999464 0.001006306 -0.076020867 -0.000105114 -0.001006310 0.999999464 2.185379028
0.999999881 0.000463657 -0.000114349 0.045587525 -0.000463567 0.999999523 0.000783233 -0.079546101 0.000114712 -0.000783180 0.999999702 2.405597448
0.999999523 0.000936047 -0.000043557 0.047002379 -0.000936015 0.999999285 0.000721951 -0.086407669 0.000044233 -0.000721910 0.999999762 2.621998549
0.999999762 0.000621849 0.000293114 0.053489272 -0.000622050 0.999999583 0.000685343 -0.089435816 -0.000292688 -0.000685525 0.999999702 2.855491161
0.999999642 0.000638413 0.000425908 0.055881523 -0.000638829 0.999999344 0.000976705 -0.096035779 -0.000425284 -0.000976977 0.999999404 3.098248482
0.999999464 0.000890140 0.000367305 0.064313084 -0.000890517 0.999999046 0.001028310 -0.101505280 -0.000366389 -0.001028637 0.999999404 3.338864803
0.999999166 0.001139386 0.000547547 0.067592651 -0.001140055 0.999998569 0.001223136 -0.109609373 -0.000546153 -0.001223759 0.999999106 3.588518620
0.999998748 0.001475286 0.000456106 0.072264113 -0.001475717 0.999998450 0.000945980 -0.114521600 -0.000454710 -0.000946652 0.999999464 3.845806599
0.999999106 0.001109843 0.000615171 0.077125490 -0.001110401 0.999998987 0.000907390 -0.118662566 -0.000614164 -0.000908072 0.999999404 4.107173920
0.999998450 0.001625107 0.000627808 0.082834102 -0.001625680 0.999998271 0.000914513 -0.122663371 -0.000626321 -0.000915532 0.999999404 4.370666504
0.999998450 0.001356424 0.001104360 0.085136250 -0.001357644 0.999998450 0.001104440 -0.134113237 -0.001102860 -0.001105937 0.999998748 4.613484859
0.999997795 0.001818552 0.000962897 0.090337932 -0.001819618 0.999997735 0.001107505 -0.143496856 -0.000960881 -0.001109255 0.999998868 4.877903938
0.999997973 0.001913834 0.000683067 0.098771930 -0.001914850 0.999997139 0.001489692 -0.152279019 -0.000680214 -0.001490996 0.999998629 5.141523361
0.999997914 0.001537537 0.001303745 0.093749851 -0.001539117 0.999998093 0.001211572 -0.162201941 -0.001301879 -0.001213576 0.999998391 5.417857647
0.999998748 0.000927011 0.001280774 0.098510846 -0.000928878 0.999998629 0.001457574 -0.167916000 -0.001279421 -0.001458762 0.999998093 5.687820911
0.999997854 0.001326513 0.001583214 0.097210787 -0.001329007 0.999997795 0.001575505 -0.179872632 -0.001581121 -0.001577606 0.999997437 5.952474117
0.999997258 0.001576158 0.001727021 0.101106733 -0.001578915 0.999997437 0.001596016 -0.189507246 -0.001724501 -0.001598738 0.999997258 6.232741356
0.999997318 0.001554749 0.001704098 0.114618301 -0.001556850 0.999998033 0.001232192 -0.186032400 -0.001702178 -0.001234842 0.999997795 6.522255421
0.999997437 0.001490896 0.001716433 0.117484085 -0.001493093 0.999998093 0.001279642 -0.193974271 -0.001714522 -0.001282201 0.999997735 6.810200214
0.999996960 0.001728987 0.001746640 0.127239004 -0.001731306 0.999997616 0.001326775 -0.199593112 -0.001744342 -0.001329795 0.999997556 7.109902859
0.999997497 0.001649821 0.001506175 0.136169285 -0.001651908 0.999997675 0.001385307 -0.210109904 -0.001503886 -0.001387792 0.999997914 7.416174412
0.999997020 0.001724204 0.001760070 0.140932947 -0.001726551 0.999997616 0.001332866 -0.219414026 -0.001757768 -0.001335901 0.999997616 7.723843575
0.999997079 0.001615836 0.001750062 0.144181684 -0.001619065 0.999997079 0.001845584 -0.232283577 -0.001747075 -0.001848412 0.999996781 8.050557137
0.999995291 0.002182803 0.002172854 0.145300776 -0.002186457 0.999996245 0.001680895 -0.239133686 -0.002169177 -0.001685638 0.999996305 8.372822762
0.999995947 0.001841424 0.002161949 0.156712577 -0.001845020 0.999996960 0.001662612 -0.248447597 -0.002158880 -0.001666594 0.999996364 8.696871758
0.999995053 0.002268973 0.002190952 0.163119048 -0.002272392 0.999996185 0.001559229 -0.257094949 -0.002187407 -0.001564200 0.999996364 9.031371117
0.999994159 0.002685636 0.002115413 0.171433419 -0.002689062 0.999994993 0.001618647 -0.269953102 -0.002111056 -0.001624326 0.999996424 9.371014595
0.999993384 0.002854194 0.002244695 0.174064741 -0.002857985 0.999994516 0.001687426 -0.283463359 -0.002239866 -0.001693830 0.999996066 9.706185341
0.999993503 0.002614074 0.002451882 0.179916561 -0.002618818 0.999994695 0.001933539 -0.292375833 -0.002446815 -0.001939948 0.999995172 10.058154106
0.999993801 0.002920483 0.001971276 0.191273779 -0.002923827 0.999994278 0.001695723 -0.300451666 -0.001966312 -0.001701476 0.999996603 10.419716835
0.999993622 0.002778649 0.002224437 0.198803335 -0.002782256 0.999994814 0.001620035 -0.309503764 -0.002219924 -0.001626214 0.999996185 10.780154228
0.999994278 0.002653547 0.002098435 0.204271719 -0.002656779 0.999995291 0.001538823 -0.318704784 -0.002094342 -0.001544389 0.999996603 11.146979332
0.999994636 0.002611281 0.001984482 0.224230081 -0.002614847 0.999994993 0.001796558 -0.326607704 -0.001979781 -0.001801737 0.999996424 11.515964508
0.999992967 0.002821454 0.002465273 0.223926768 -0.002825665 0.999994576 0.001706242 -0.336324364 -0.002460446 -0.001713196 0.999995530 11.900102615
0.999991298 0.002935594 0.002971241 0.229254395 -0.002941849 0.999993563 0.002103235 -0.350601077 -0.002965047 -0.002111958 0.999993443 12.287741661
0.999991238 0.003204508 0.002687724 0.246820807 -0.003210213 0.999992609 0.002120867 -0.368028283 -0.002680907 -0.002129477 0.999994159 12.665921211
0.999991596 0.003131399 0.002654338 0.253134191 -0.003137939 0.999992013 0.002463345 -0.376929909 -0.002646603 -0.002471653 0.999993384 13.070882797
0.999990463 0.002992759 0.003181306 0.255310714 -0.002999853 0.999993026 0.002227394 -0.386882901 -0.003174618 -0.002236916 0.999992430 13.458922386
0.999983907 0.004238786 0.003775202 0.253500700 -0.004248699 0.999987543 0.002621337 -0.398749381 -0.003764044 -0.002637334 0.999989450 13.857978821
0.999985218 0.004093849 0.003583345 0.272871196 -0.004104298 0.999987304 0.002913540 -0.409379900 -0.003571371 -0.002928204 0.999989271 14.284724236
0.999983788 0.004447198 0.003585138 0.283644140 -0.004457943 0.999985576 0.002994445 -0.422983468 -0.003571769 -0.003010378 0.999989092 14.700570107
0.999986649 0.003672360 0.003631602 0.297631323 -0.003683215 0.999988735 0.002987078 -0.437165737 -0.003620591 -0.003000414 0.999988973 15.136281967
0.999986470 0.003218296 0.004084457 0.300617665 -0.003231550 0.999989510 0.003242665 -0.454445571 -0.004073979 -0.003255821 0.999986410 15.569857597
0.999983966 0.003358077 0.004556104 0.309087217 -0.003373355 0.999988675 0.003349813 -0.465839475 -0.004544802 -0.003365129 0.999984026 16.016227722
0.999980092 0.004227268 0.004690419 0.324942201 -0.004242470 0.999985754 0.003236062 -0.482017010 -0.004676674 -0.003255896 0.999983788 16.433275223
0.999975920 0.004858441 0.004958743 0.328647614 -0.004872533 0.999984086 0.002833744 -0.495716810 -0.004944897 -0.002857837 0.999983788 16.874694824
0.999973118 0.004590616 0.005718139 0.341733098 -0.004608816 0.999984264 0.003173598 -0.499230981 -0.005703480 -0.003199867 0.999978602 17.364482880
0.999972701 0.004416340 0.005923967 0.354033321 -0.004439740 0.999982357 0.003942625 -0.522449493 -0.005906450 -0.003968818 0.999974668 17.820491791
0.999972641 0.004186250 0.006102936 0.368693471 -0.004206547 0.999985576 0.003316667 -0.531550467 -0.006088964 -0.003342248 0.999975920 18.286006927
0.999973059 0.003981262 0.006172007 0.382532269 -0.004000062 0.999987423 0.003036676 -0.540252805 -0.006159839 -0.003061283 0.999976337 18.756959915
0.999971330 0.004237511 0.006278186 0.395442605 -0.004257422 0.999985933 0.003161588 -0.555974483 -0.006264701 -0.003188225 0.999975264 19.216592789
0.999968410 0.004085327 0.006816793 0.410202801 -0.004109949 0.999985158 0.003601997 -0.569522440 -0.006801975 -0.003629900 0.999970257 19.685674667
0.999966621 0.004483854 0.006839629 0.416236937 -0.004510633 0.999982178 0.003904882 -0.581612825 -0.006821998 -0.003935602 0.999968946 20.178485870
0.999972522 0.004001416 0.006234293 0.440191388 -0.004022572 0.999986172 0.003384810 -0.593925059 -0.006220664 -0.003409795 0.999974847 20.634101868
0.999977231 0.003610558 0.005695795 0.453196853 -0.003631195 0.999986827 0.003616967 -0.610987663 -0.005682662 -0.003637568 0.999977231 21.131492615
0.999982059 0.003471914 0.004876183 0.467731088 -0.003489974 0.999987066 0.003699912 -0.620106876 -0.004863274 -0.003716863 0.999981284 21.641517639
0.999982893 0.003241845 0.004865038 0.477195680 -0.003260308 0.999987423 0.003791883 -0.639689088 -0.004852684 -0.003807679 0.999980986 22.133384705
0.999984980 0.003193955 0.004443164 0.490834028 -0.003211272 0.999987245 0.003895939 -0.652464807 -0.004430664 -0.003910148 0.999982536 22.632602692
0.999980271 0.004753994 0.004111708 0.492158920 -0.004768175 0.999982655 0.003446072 -0.663128495 -0.004095254 -0.003465609 0.999985635 23.185626984
0.999985039 0.004341297 0.003308222 0.508672655 -0.004353493 0.999983728 0.003687921 -0.673442125 -0.003292158 -0.003702268 0.999987721 23.709781647
0.999993384 0.002516924 0.002617703 0.520792663 -0.002526362 0.999990284 0.003608004 -0.690164208 -0.002608597 -0.003614594 0.999989986 24.237510681
0.999991834 0.003608206 0.001835820 0.534962654 -0.003614902 0.999986768 0.003657459 -0.704439044 -0.001822599 -0.003664065 0.999991655 24.756956100
0.999989450 0.004163155 0.001951598 0.544877410 -0.004171199 0.999982893 0.004135658 -0.714040399 -0.001934347 -0.004143755 0.999989569 25.282947540
0.999987066 0.004927646 0.001370380 0.550878704 -0.004933266 0.999979317 0.004128652 -0.735588670 -0.001350007 -0.004135358 0.999990523 25.831949234
0.999989927 0.004407996 0.000817844 0.563520670 -0.004411462 0.999981105 0.004284398 -0.759096086 -0.000798943 -0.004287963 0.999990404 26.393499374
0.999994516 0.003292515 0.000375652 0.571375430 -0.003294397 0.999981463 0.005123104 -0.771876335 -0.000358777 -0.005124314 0.999986768 26.934366226
0.999989927 0.004484495 0.000194902 0.579004407 -0.004485363 0.999978781 0.004710531 -0.779244602 -0.000173773 -0.004711358 0.999988854 27.469720840
0.999985993 0.005297783 0.000207307 0.585635245 -0.005298615 0.999976993 0.004245088 -0.787763894 -0.000184812 -0.004246127 0.999991000 28.029947281
0.999986589 0.005163443 -0.000372626 0.608724058 -0.005161756 0.999976993 0.004394535 -0.803637743 0.000395309 -0.004392553 0.999990284 28.560129166
0.999986529 0.005182499 -0.000291462 0.604069591 -0.005180868 0.999972284 0.005342296 -0.826232493 0.000319140 -0.005340714 0.999985695 29.101671219
0.999986887 0.005043446 -0.000829926 0.614172518 -0.005039414 0.999975860 0.004789641 -0.836684108 0.000854062 -0.004785397 0.999988258 29.645477295
0.999984980 0.005295705 -0.001415251 0.629139066 -0.005289178 0.999975562 0.004576687 -0.842134833 0.001439454 -0.004569133 0.999988437 30.173374176
0.999982297 0.005807913 -0.001273051 0.647537053 -0.005801500 0.999970734 0.004984743 -0.863265097 0.001301965 -0.004977270 0.999986768 30.708578110
0.999978602 0.006378846 -0.001460084 0.650025845 -0.006371216 0.999966323 0.005171159 -0.878857136 0.001493021 -0.005161746 0.999985576 31.272888184
0.999975979 0.006674290 -0.001861139 0.658723950 -0.006665556 0.999966919 0.004659872 -0.885598660 0.001892178 -0.004647355 0.999987483 31.822311401
0.999980628 0.005802601 -0.002261676 0.677803755 -0.005791603 0.999971509 0.004839321 -0.914667964 0.002289693 -0.004826128 0.999985695 32.398723602
0.999976277 0.006432305 -0.002469056 0.676291645 -0.006421039 0.999969065 0.004543884 -0.926045120 0.002498207 -0.004527922 0.999986649 32.937927246
0.999982178 0.005678128 -0.001832034 0.689310014 -0.005668489 0.999970198 0.005225040 -0.946720004 0.001861648 -0.005214562 0.999984682 33.502605438
0.999982953 0.005240619 -0.002582472 0.710406363 -0.005226982 0.999972463 0.005259145 -0.962000012 0.002609962 -0.005245557 0.999982834 34.037872314
0.999981821 0.005350316 -0.002761382 0.713921010 -0.005336202 0.999972761 0.005093414 -0.970372856 0.002788558 -0.005078587 0.999983191 34.595233917
0.999980271 0.005440637 -0.003125594 0.725549221 -0.005424229 0.999971569 0.005234498 -0.990248859 0.003153985 -0.005217440 0.999981403 35.123165131
0.999982476 0.005440564 -0.002324953 0.710717857 -0.005426615 0.999967575 0.005964861 -0.995101750 0.002357329 -0.005952141 0.999979496 35.677040100
0.999980390 0.005805974 -0.002341137 0.717100143 -0.005791375 0.999964058 0.006195198 -1.009741306 0.002377021 -0.006181519 0.999978065 36.224864960
0.999983788 0.004673507 -0.003230902 0.756400585 -0.004656846 0.999975860 0.005145162 -1.021359682 0.003254871 -0.005130034 0.999981523 36.749202728
0.999974132 0.005931992 -0.004062314 0.767310143 -0.005907301 0.999964118 0.006062781 -1.054397583 0.004098133 -0.006038627 0.999973357 37.310588837
0.999977767 0.005635445 -0.003572029 0.776560307 -0.005620252 0.999975204 0.004248970 -1.041427493 0.003595885 -0.004228800 0.999984622 37.859477997
0.999976337 0.005159462 -0.004549542 0.791065574 -0.005138426 0.999976158 0.004623441 -1.053979039 0.004573287 -0.004599954 0.999979019 38.410999298
0.999978006 0.005348290 -0.003942877 0.794441998 -0.005330075 0.999975204 0.004615943 -1.064192176 0.003967466 -0.004594825 0.999981642 38.972938538
0.999976873 0.005511164 -0.003988083 0.806075096 -0.005494239 0.999975860 0.004242501 -1.077230334 0.004011369 -0.004220491 0.999983013 39.511646271
0.999972880 0.006111241 -0.004099414 0.817010343 -0.006096384 0.999974847 0.003627029 -1.088653088 0.004121476 -0.003601939 0.999985039 40.057594299
0.999974430 0.005301485 -0.004804113 0.836819828 -0.005281118 0.999977052 0.004242290 -1.103776217 0.004826494 -0.004216811 0.999979377 40.598785400
0.999974608 0.005300540 -0.004767765 0.841912389 -0.005282656 0.999979019 0.003756021 -1.112606764 0.004787574 -0.003730740 0.999981582 41.142059326
0.999967754 0.006729731 -0.004372829 0.842078149 -0.006712485 0.999969661 0.003946629 -1.128136039 0.004399256 -0.003917149 0.999982655 41.679973602
0.999967754 0.007059682 -0.003843759 0.842824757 -0.007046062 0.999968886 0.003545144 -1.138770223 0.003868667 -0.003517946 0.999986291 42.224182129
0.999969363 0.006482841 -0.004384379 0.853033423 -0.006466649 0.999972284 0.003697043 -1.153844476 0.004408225 -0.003668578 0.999983549 42.732875824
0.999966681 0.006935919 -0.004307376 0.860627353 -0.006919967 0.999969184 0.003707400 -1.167992473 0.004332957 -0.003677470 0.999983847 43.316940308
0.999970078 0.006340440 -0.004433387 0.871359706 -0.006325155 0.999974012 0.003453358 -1.173465490 0.004455168 -0.003425213 0.999984145 43.869892120
0.999970376 0.006442675 -0.004216300 0.881889880 -0.006428038 0.999973297 0.003476019 -1.186155081 0.004238582 -0.003448813 0.999985039 44.414943695
0.999960482 0.007428064 -0.004882510 0.898001790 -0.007413700 0.999968112 0.002953560 -1.194090247 0.004904293 -0.002917245 0.999983728 44.917919159
0.999967217 0.006593329 -0.004696797 0.898536921 -0.006580018 0.999974310 0.002844269 -1.207560301 0.004715429 -0.002813270 0.999984920 45.479503632
0.999966025 0.006789951 -0.004674590 0.909189343 -0.006776915 0.999973118 0.002799084 -1.221351624 0.004693470 -0.002767310 0.999985158 46.019599915
0.999970615 0.006156561 -0.004569683 0.909403563 -0.006145339 0.999978006 0.002465582 -1.235480070 0.004584762 -0.002437426 0.999986529 46.559371948
0.999966681 0.007044438 -0.004116081 0.916242599 -0.007033453 0.999971628 0.002677113 -1.232532620 0.004134823 -0.002648073 0.999987900 47.131996155
0.999972224 0.005812691 -0.004655770 0.929943919 -0.005803224 0.999981046 0.002044302 -1.243542910 0.004667564 -0.002017227 0.999987006 47.673709869
0.999972165 0.006045274 -0.004383916 0.935102344 -0.006039430 0.999980807 0.001345004 -1.252478838 0.004391962 -0.001318490 0.999989450 48.223236084
0.999965072 0.006934700 -0.004661836 0.948383987 -0.006927556 0.999974728 0.001546696 -1.269659519 0.004672445 -0.001514348 0.999987960 48.781337738
0.999965668 0.006689173 -0.004883068 0.972130656 -0.006679155 0.999975562 0.002064822 -1.288321257 0.004896761 -0.002032136 0.999985933 49.341182709
0.999965787 0.006953095 -0.004482249 0.971224248 -0.006945093 0.999974251 0.001798267 -1.299972653 0.004494636 -0.001767076 0.999988258 49.908409119
0.999958336 0.007781592 -0.004766717 0.986637056 -0.007774056 0.999968469 0.001597306 -1.306144834 0.004778996 -0.001560183 0.999987364 50.441547394
0.999960244 0.007708901 -0.004470309 0.991840959 -0.007700301 0.999968469 0.001938187 -1.326120615 0.004485108 -0.001903688 0.999988139 50.967628479
0.999960482 0.007294839 -0.005084918 1.017772913 -0.007282337 0.999970436 0.002472592 -1.353012085 0.005102804 -0.002435464 0.999983966 51.510128021
0.999965787 0.006510855 -0.005093772 1.014106631 -0.006499307 0.999976277 0.002280362 -1.355696797 0.005108498 -0.002247178 0.999984443 52.040351868
0.999960899 0.007107445 -0.005256779 1.029474258 -0.007096140 0.999972463 0.002166403 -1.369164824 0.005272032 -0.002129016 0.999983788 52.593914032
0.999964833 0.006750307 -0.004968694 1.021434784 -0.006738685 0.999974549 0.002352162 -1.392035723 0.004984444 -0.002318597 0.999984860 53.153392792
0.999956310 0.008057268 -0.004736613 1.034311771 -0.008049336 0.999966145 0.001691756 -1.399588346 0.004750084 -0.001653555 0.999987364 53.754241943
0.999957323 0.007503740 -0.005382299 1.045085311 -0.007492940 0.999969840 0.002023688 -1.422343373 0.005397323 -0.001983272 0.999983490 54.266536713
0.999955773 0.008053930 -0.004860725 1.038923144 -0.008045022 0.999965847 0.001849853 -1.431583405 0.004875458 -0.001810666 0.999986470 54.822845459
0.999962747 0.006913703 -0.005162423 1.053476214 -0.006901988 0.999973595 0.002283989 -1.452489495 0.005178078 -0.002248273 0.999984086 55.367202759
0.999967515 0.006185705 -0.005168640 1.063347578 -0.006176055 0.999979138 0.001880862 -1.462455273 0.005180165 -0.001848879 0.999984860 55.915439606
0.999962449 0.006512543 -0.005710254 1.072019339 -0.006500453 0.999976575 0.002133002 -1.473475456 0.005724011 -0.002095802 0.999981344 56.432319641
0.999960840 0.007390983 -0.004861834 1.073267102 -0.007380393 0.999970376 0.002192813 -1.492252350 0.004877895 -0.002156844 0.999985754 56.976581573
0.999959350 0.007272503 -0.005313587 1.092684507 -0.007262407 0.999971747 0.001916618 -1.503727436 0.005327375 -0.001877951 0.999984026 57.524040222
0.999968886 0.005965150 -0.005164328 1.102852106 -0.005954486 0.999980092 0.002078348 -1.515409708 0.005176622 -0.002047533 0.999984503 58.062572479
0.999965072 0.006738784 -0.004937004 1.099414587 -0.006729317 0.999975443 0.001931884 -1.537794471 0.004949902 -0.001898594 0.999985933 58.605762482
0.999964237 0.007249402 -0.004352455 1.098440170 -0.007240253 0.999971569 0.002114604 -1.552940845 0.004367661 -0.002083015 0.999988258 59.147502899
0.999958038 0.007825797 -0.004764906 1.108159661 -0.007817275 0.999967813 0.001804202 -1.569948554 0.004778873 -0.001766877 0.999987006 59.687892914
0.999965429 0.006748096 -0.004859018 1.116884947 -0.006742523 0.999976575 0.001162119 -1.578260183 0.004866746 -0.001129317 0.999987543 60.236732483
0.999960542 0.007475208 -0.004804073 1.128839493 -0.007467889 0.999970913 0.001539385 -1.592633963 0.004815441 -0.001503448 0.999987245 60.786048889
0.999961197 0.007611340 -0.004433163 1.138500214 -0.007607232 0.999970615 0.000942401 -1.603354096 0.004440206 -0.000908641 0.999989748 61.324932098
0.999957085 0.008439070 -0.003816308 1.145470142 -0.008432368 0.999962807 0.001768509 -1.625249982 0.003831092 -0.001736253 0.999991119 61.873035431
0.999957502 0.008469866 -0.003647965 1.152478099 -0.008464389 0.999962986 0.001514393 -1.644100547 0.003660658 -0.001483450 0.999992192 62.405792236
0.999959648 0.008191531 -0.003695026 1.159902453 -0.008186813 0.999965668 0.001291395 -1.661857605 0.003705478 -0.001261092 0.999992311 62.955780029
0.999958396 0.008206664 -0.003968139 1.169628143 -0.008202363 0.999965727 0.001098235 -1.667721391 0.003977015 -0.001065642 0.999991536 63.501838684
0.999954522 0.008791926 -0.003702221 1.176824808 -0.008788195 0.999960840 0.001023173 -1.678640604 0.003711072 -0.000990591 0.999992609 64.054237366
0.999958158 0.008312790 -0.003822984 1.180989742 -0.008308244 0.999964774 0.001203433 -1.692000628 0.003832853 -0.001171621 0.999991953 64.591308594
0.999960124 0.008031006 -0.003901643 1.192422152 -0.008028409 0.999967456 0.000680996 -1.704132318 0.003906985 -0.000649645 0.999992132 65.127342224
0.999963701 0.007612634 -0.003806771 1.205880523 -0.007610423 0.999970794 0.000594776 -1.725464344 0.003811187 -0.000565784 0.999992549 65.657020569
0.999962687 0.007718810 -0.003874965 1.215460062 -0.007715853 0.999969900 0.000777314 -1.741031289 0.003880848 -0.000747387 0.999992192 66.198387146
0.999954462 0.009050610 -0.003013872 1.210311413 -0.009048326 0.999958694 0.000770249 -1.753313541 0.003020720 -0.000742944 0.999995172 66.746772766
0.999955356 0.008949358 -0.003023543 1.223172665 -0.008946903 0.999959648 0.000823722 -1.776443243 0.003030793 -0.000796633 0.999995112 67.285064697
0.999960363 0.008263460 -0.003310744 1.232921720 -0.008260935 0.999965489 0.000776051 -1.786759973 0.003317045 -0.000748670 0.999994218 67.827651978
0.999959707 0.008387970 -0.003188676 1.243821025 -0.008386596 0.999964714 0.000445164 -1.804246068 0.003192296 -0.000418404 0.999994814 68.354248047
0.999959171 0.008399785 -0.003313848 1.248056173 -0.008398117 0.999964535 0.000516781 -1.819932222 0.003318072 -0.000488930 0.999994397 68.891784668
0.999958634 0.008361405 -0.003614692 1.253442287 -0.008359821 0.999964893 0.000453535 -1.834549785 0.003618358 -0.000423298 0.999993324 69.425872803
0.999953508 0.008919426 -0.003670233 1.267883539 -0.008920184 0.999960184 -0.000190327 -1.848435521 0.003668390 0.000223057 0.999993205 69.963470459
0.999954522 0.008789791 -0.003712952 1.274954319 -0.008789601 0.999961376 0.000067465 -1.865452766 0.003713402 -0.000034827 0.999993086 70.513977051
0.999959469 0.008298298 -0.003494472 1.272000313 -0.008300294 0.999965370 -0.000557590 -1.904303789 0.003489724 0.000586573 0.999993742 71.097023010
0.999954581 0.008832174 -0.003578155 1.303371787 -0.008832389 0.999961019 -0.000044345 -1.905140758 0.003577623 0.000075947 0.999993622 71.611206055
0.999961853 0.008147902 -0.003154603 1.320752978 -0.008150445 0.999966383 -0.000794558 -1.902213454 0.003148024 0.000820239 0.999994695 72.185966492
0.999953568 0.008999511 -0.003439985 1.311711073 -0.009002035 0.999959230 -0.000718397 -1.934682488 0.003433380 0.000749330 0.999993801 72.741386414
0.999956250 0.008691636 -0.003457279 1.333772302 -0.008695320 0.999961615 -0.001053152 -1.948859692 0.003447992 0.001083168 0.999993443 73.237190247
0.999955833 0.008772922 -0.003358542 1.320836663 -0.008774974 0.999961257 -0.000596398 -1.968222499 0.003353180 0.000625843 0.999994099 73.828788757
0.999958098 0.008542128 -0.003296583 1.356365323 -0.008543951 0.999963462 -0.000539645 -1.988918066 0.003291852 0.000567788 0.999994397 74.354637146
0.999960184 0.008303443 -0.003274921 1.356868863 -0.008308034 0.999964476 -0.001390600 -1.994897723 0.003263258 0.001417753 0.999993682 74.902542114
0.999947667 0.009963368 -0.002314823 1.348724484 -0.009965312 0.999949992 -0.000829596 -2.013576508 0.002306442 0.000852621 0.999996960 75.476615906
0.999933600 0.011318688 -0.002162158 1.360226870 -0.011321813 0.999934793 -0.001437976 -2.034732819 0.002145740 0.001462360 0.999996543 76.028526306
0.999943137 0.010438054 -0.002171947 1.374876618 -0.010440278 0.999944925 -0.001015661 -2.046146154 0.002161226 0.001038279 0.999997079 76.556945801
0.999945581 0.010262576 -0.001860266 1.384064674 -0.010265291 0.999946237 -0.001455811 -2.072272062 0.001845226 0.001474827 0.999997199 77.115356445
0.999934852 0.011346904 -0.001249975 1.379578710 -0.011348194 0.999935031 -0.001030266 -2.093761444 0.001238204 0.001044384 0.999998689 77.652549744
0.999942064 0.010713113 -0.001063961 1.341432571 -0.010714656 0.999941528 -0.001458003 -2.086584568 0.001048279 0.001469319 0.999998391 78.281501770
0.999931812 0.011652913 -0.000673589 1.380792737 -0.011653231 0.999931991 -0.000469295 -2.141471624 0.000668074 0.000477113 0.999999642 78.705291748
0.999932051 0.011624548 -0.000784354 1.389576912 -0.011625877 0.999930918 -0.001712318 -2.131349325 0.000764395 0.001721320 0.999998152 79.274749756
0.999921143 0.012552828 -0.000280150 1.393466473 -0.012553249 0.999920011 -0.001556285 -2.152481318 0.000260592 0.001559679 0.999998748 79.801887512
0.999936819 0.011236328 -0.000384742 1.410939336 -0.011237086 0.999934793 -0.002022887 -2.162083626 0.000361987 0.002027083 0.999997795 80.339981079
0.999933779 0.011493419 0.000595968 1.419448256 -0.011492679 0.999933124 -0.001229729 -2.190875292 -0.000610062 0.001222798 0.999999046 80.878189087
0.999924362 0.012133910 0.002011853 1.426643133 -0.012130915 0.999925256 -0.001493253 -2.207328796 -0.002029821 0.001468735 0.999996841 81.422348022
0.999921978 0.011929812 0.003708060 1.434637189 -0.011921074 0.999926150 -0.002369683 -2.204798460 -0.003736056 0.002325294 0.999990344 81.964279175
0.999915659 0.012082639 0.004753988 1.452261686 -0.012072777 0.999924898 -0.002097888 -2.231166601 -0.004778978 0.002040318 0.999986470 82.513954163
0.999890983 0.012547079 0.007781206 1.474322081 -0.012531009 0.999919236 -0.002110706 -2.251891136 -0.007807061 0.002012970 0.999967515 83.028694153
0.999850452 0.012192487 0.012265825 1.479464173 -0.012175419 0.999924779 -0.001465516 -2.276683569 -0.012282772 0.001315955 0.999923646 83.546020508
0.999801755 0.012557523 0.015453754 1.504343271 -0.012530610 0.999919772 -0.001837120 -2.287921429 -0.015475584 0.001643111 0.999878883 84.064910889
0.999723017 0.012957653 0.019646702 1.533554077 -0.012928886 0.999915123 -0.001590476 -2.305250168 -0.019665649 0.001336026 0.999805748 84.611892700
0.999615073 0.012384214 0.024826709 1.571716070 -0.012346447 0.999922335 -0.001673981 -2.320872545 -0.024845518 0.001366815 0.999690354 85.140098572
0.999442637 0.012426337 0.030984376 1.598434806 -0.012372769 0.999921620 -0.001919948 -2.340872049 -0.031005800 0.001535515 0.999518037 85.670700073
0.999216199 0.012975283 0.037397936 1.629499197 -0.012917089 0.999914944 -0.001797323 -2.356105328 -0.037418067 0.001312842 0.999298811 86.228294373
0.998893142 0.013090895 0.045179095 1.666615009 -0.013017881 0.999913454 -0.001909902 -2.371174335 -0.045200191 0.001319651 0.998977005 86.771759033
0.998494208 0.012396217 0.053438298 1.716839552 -0.012271159 0.999921143 -0.002667726 -2.382842541 -0.053467162 0.002007959 0.998567581 87.308830261
0.998085499 0.012261385 0.060621463 1.766720295 -0.012130231 0.999923170 -0.002531029 -2.399961948 -0.060647853 0.001790830 0.998157620 87.840164185
0.997496665 0.012375898 0.069621608 1.821188450 -0.012205975 0.999921322 -0.002865556 -2.415006161 -0.069651596 0.002008583 0.997569323 88.381431580
0.996717155 0.012612224 0.079974033 1.883814812 -0.012412990 0.999918520 -0.002987890 -2.432657480 -0.080005184 0.001985364 0.996792495 88.880516052
0.995982707 0.013609834 0.088505432 1.946020126 -0.013376425 0.999905288 -0.003229799 -2.445736885 -0.088541016 0.002032937 0.996070385 89.428092957
0.995331049 0.011728357 0.095804773 2.012835026 -0.011447099 0.999928415 -0.003484848 -2.463564396 -0.095838785 0.002371891 0.995394051 89.953773499
0.994317710 0.011768949 0.105799980 2.097926617 -0.011493389 0.999928772 -0.003213899 -2.482228756 -0.105830267 0.001979636 0.994382262 90.483909607
0.993109167 0.011603341 0.116616882 2.184571266 -0.011271437 0.999930322 -0.003505189 -2.491212368 -0.116649434 0.002166595 0.993170798 91.033531189
0.992021978 0.010626134 0.125616193 2.274100304 -0.010203490 0.999939859 -0.004007537 -2.508241415 -0.125651211 0.002693841 0.992070794 91.550354004
0.990488827 0.011287495 0.137128815 2.368214607 -0.010846362 0.999933302 -0.003963730 -2.523356438 -0.137164429 0.002438682 0.990545273 92.076416016
0.988679349 0.010808638 0.149654016 2.471595764 -0.010298646 0.999938250 -0.004182388 -2.543242693 -0.149689972 0.002593806 0.988729596 92.601104736
0.987056732 0.009805310 0.160071477 2.582336426 -0.009232303 0.999948025 -0.004323026 -2.559289217 -0.160105526 0.002789243 0.987095952 93.143997192
0.985214233 0.010311998 0.171016470 2.691977501 -0.009702562 0.999943256 -0.004399056 -2.572813749 -0.171052098 0.002674715 0.985258341 93.684883118
0.982862055 0.010185670 0.184060872 2.811611176 -0.009561993 0.999945164 -0.004275709 -2.594293356 -0.184094310 0.002442444 0.982905507 94.212425232
0.980527461 0.009660391 0.196144179 2.942870140 -0.008970005 0.999950051 -0.004407847 -2.611020803 -0.196176931 0.002562601 0.980565190 94.735893250
0.978376746 0.009395062 0.206617251 3.066473007 -0.008652081 0.999952555 -0.004499226 -2.630859375 -0.206649691 0.002614269 0.978411496 95.250595093
0.975606561 0.009667893 0.219313860 3.213285446 -0.008925505 0.999950528 -0.004375619 -2.650922298 -0.219345301 0.002311395 0.975644588 95.787597656
0.972436488 0.009279715 0.232982889 3.350322723 -0.008348709 0.999952674 -0.004981859 -2.663275957 -0.233018115 0.002899435 0.972468019 96.299713135
0.969579399 0.009349899 0.244598314 3.499691010 -0.008262249 0.999950826 -0.005472376 -2.675442219 -0.244637489 0.003284971 0.969609022 96.826919556
0.966983676 0.008308088 0.254702479 3.671594620 -0.007182208 0.999959886 -0.005350067 -2.701051235 -0.254736722 0.003344102 0.967004597 97.324035645
0.963383317 0.008093359 0.268005580 3.840839386 -0.006898108 0.999961615 -0.005401107 -2.716802597 -0.268038958 0.003354606 0.963402212 97.821334839
0.959904253 0.007214628 0.280235171 4.013029099 -0.005895964 0.999967217 -0.005548304 -2.736988783 -0.280266017 0.003673585 0.959915340 98.334823608
0.956503749 0.006909192 0.291638345 4.197076797 -0.005501775 0.999968886 -0.005645725 -2.751134634 -0.291668355 0.003795629 0.956511974 98.858589172
0.952101648 0.006578418 0.305710971 4.382736206 -0.005193105 0.999972224 -0.005344496 -2.776162624 -0.305737704 0.003500913 0.952109337 99.314605713
0.947551787 0.006459388 0.319536895 4.583616257 -0.004808275 0.999970675 -0.005955832 -2.794101715 -0.319566071 0.004107038 0.947555125 99.830360413
0.943590343 0.006283813 0.331055462 4.792516708 -0.004429362 0.999969900 -0.006355795 -2.807749987 -0.331085503 0.004530903 0.943589807 100.346351624
0.938866436 0.006927374 0.344211996 5.000911713 -0.005096538 0.999967694 -0.006223437 -2.827124596 -0.344244003 0.004088687 0.938871384 100.866416931
0.933550179 0.005185915 0.358409166 5.213871002 -0.003427771 0.999978781 -0.005540620 -2.865535975 -0.358430266 0.003943902 0.933548152 101.399955750
0.928566813 0.005068792 0.371130794 5.442300797 -0.003423157 0.999981225 -0.005092725 -2.883471966 -0.371149570 0.003458497 0.928566575 101.914031982
0.923877478 0.004792649 0.382658422 5.681674957 -0.002752043 0.999978900 -0.005879913 -2.900169134 -0.382678539 0.004379226 0.923871160 102.417984009
0.917983115 0.004692366 0.396591663 5.923782349 -0.002711251 0.999980867 -0.005555828 -2.919915199 -0.396610111 0.004024896 0.917978346 102.917259216
0.911867440 0.004706480 0.410457671 6.185115814 -0.002503915 0.999979436 -0.005903517 -2.933982849 -0.410477042 0.004355474 0.911860526 103.487586975
0.906938970 0.005140594 0.421230584 6.435436249 -0.002901145 0.999978065 -0.005957116 -2.949709654 -0.421251923 0.004180689 0.906934023 103.970649719
0.900900185 0.004622975 0.434001774 6.701515198 -0.002475235 0.999981761 -0.005513690 -2.975568771 -0.434019297 0.003893028 0.900895178 104.492118835
0.894279897 0.005393486 0.447475642 6.970397949 -0.003312484 0.999979794 -0.005432899 -2.990534544 -0.447495878 0.003376276 0.894279599 104.971191406
0.888001025 0.004811089 0.459816247 7.239200592 -0.002233700 0.999978602 -0.006149105 -3.008441448 -0.459835947 0.004433320 0.887992918 105.462730408
0.882352293 0.004559586 0.470567435 7.524250031 -0.002079527 0.999981105 -0.005790083 -3.025011063 -0.470584929 0.004130335 0.882345080 105.935379028
0.874567151 0.004815134 0.484880507 7.801792145 -0.002352302 0.999981046 -0.005687580 -3.049376011 -0.484898716 0.003833585 0.874561906 106.421264648
