1.000000000 0.000000000 0.000000000 0.000000000 0.000000000 1.000000000 0.000000000 0.000000000 0.000000000 0.000000000 1.000000000 0.000000000
1.000000000 -0.000013434 -0.000039954 0.000229482 0.000013431 1.000000000 -0.000065289 0.000599312 0.000039955 0.000065288 1.000000000 0.000050252
1.000000000 -0.000139195 -0.000085342 0.000245018 0.000139196 1.000000000 0.000005990 -0.000014019 0.000085341 -0.000006002 1.000000000 -0.000585488
1.000000000 -0.000018807 -0.000086687 -0.001646544 0.000018802 1.000000000 -0.000054599 0.001515184 0.000086688 0.000054597 1.000000000 -0.000018365
1.000000000 0.000014865 -0.000020760 -0.000707392 -0.000014865 1.000000000 -0.000017859 0.000449195 0.000020760 0.000017859 1.000000000 -0.000013187
1.000000000 -0.000116746 -0.000043222 -0.000428828 0.000116744 1.000000000 -0.000044193 -0.000226352 0.000043228 0.000044188 1.000000000 -0.001610719
1.000000000 0.000072643 -0.000042206 -0.000200012 -0.000072645 1.000000000 -0.000033705 0.000819832 0.000042204 0.000033708 1.000000000 -0.001946563
1.000000000 0.000024251 -0.000004773 -0.000512459 -0.000024251 1.000000000 -0.000026457 0.000975119 0.000004773 0.000026457 1.000000000 0.000724091
1.000000000 0.000052973 0.000045211 -0.001502839 -0.000052971 1.000000000 -0.000044379 0.001805241 -0.000045213 0.000044377 1.000000000 0.001513633
1.000000000 -0.000002723 -0.000024396 -0.000790949 0.000002723 1.000000000 -0.000017073 0.001472556 0.000024396 0.000017073 1.000000000 0.002080350
1.000000000 -0.000067739 -0.000045023 -0.000399460 0.000067737 1.000000000 -0.000042474 0.001695050 0.000045026 0.000042471 1.000000000 0.001120409
1.000000000 -0.000008880 -0.000032407 -0.002029434 0.000008882 1.000000000 0.000040772 0.001346035 0.000032406 -0.000040773 1.000000000 0.001563350
1.000000000 -0.000046774 -0.000043460 -0.001076465 0.000046772 1.000000000 -0.000047946 0.001330041 0.000043462 0.000047944 1.000000000 -0.000746975
1.000000000 -0.000000976 -0.000042758 0.000641377 0.000000978 1.000000000 0.000051783 0.000210443 0.000042758 -0.000051783 1.000000000 -0.002499894
1.000000000 -0.000072527 -0.000062344 0.000722189 0.000072530 1.000000000 0.000052751 0.000092901 0.000062340 -0.000052755 1.000000000 -0.002794607
1.000000000 0.000024397 -0.000006253 -0.000378209 -0.000024397 1.000000000 -0.000030047 0.001777939 0.000006252 0.000030048 1.000000000 0.001071044
1.000000000 -0.000043408 -0.000069327 0.000266982 0.000043411 1.000000000 0.000047270 0.000697082 0.000069325 -0.000047273 1.000000000 -0.001242508
1.000000000 -0.000067128 -0.000069639 0.000177482 0.000067127 1.000000000 -0.000024004 0.000730648 0.000069640 0.000024000 1.000000000 -0.002922087
1.000000000 -0.000029740 -0.000025690 -0.000991286 0.000029741 1.000000000 0.000022455 0.001247484 0.000025690 -0.000022456 1.000000000 0.001620389
1.000000000 -0.000092279 -0.000029681 -0.001312908 0.000092281 1.000000000 0.000063308 -0.000216270 0.000029675 -0.000063311 1.000000000 -0.002394396
1.000000000 -0.000070493 -0.000107555 0.002121228 0.000070498 1.000000000 0.000052865 0.000012465 0.000107551 -0.000052872 1.000000000 -0.001432978
1.000000000 -0.000138948 -0.000123692 0.001078814 0.000138950 1.000000000 0.000022131 0.000484530 0.000123688 -0.000022149 1.000000000 -0.001750803
1.000000000 -0.000082843 -0.000060200 -0.000609017 0.000082843 1.000000000 0.000007747 0.001141282 0.000060200 -0.000007752 1.000000000 -0.000186828
1.000000000 -0.000059807 -0.000072150 0.000286249 0.000059812 1.000000000 0.000056308 0.000748558 0.000072146 -0.000056313 1.000000000 -0.001670136
1.000000000 -0.000120265 -0.000076228 0.001113347 0.000120267 1.000000000 0.000026969 0.001060507 0.000076225 -0.000026978 1.000000000 -0.001798664
1.000000000 -0.000118063 -0.000097398 0.000886781 0.000118068 1.000000000 0.000059844 0.000223662 0.000097391 -0.000059855 1.000000000 -0.002960997
0.999999940 -0.000253340 -0.000064710 -0.000197386 0.000253342 0.999999940 0.000021779 0.000355956 0.000064705 -0.000021796 1.000000000 -0.003131273
1.000000000 -0.000046926 -0.000088593 0.000637523 0.000046933 1.000000000 0.000073603 0.000345437 0.000088589 -0.000073607 1.000000000 -0.001885732
1.000000000 -0.000123640 -0.000104176 0.002109595 0.000123646 1.000000000 0.000051598 -0.000010146 0.000104170 -0.000051611 1.000000000 -0.002588866
1.000000000 -0.000134011 -0.000145997 0.001307188 0.000134020 1.000000000 0.000065139 0.000197981 0.000145989 -0.000065159 1.000000000 -0.003155081
1.000000000 -0.000094166 -0.000075865 0.001340045 0.000094171 1.000000000 0.000055493 0.000760176 0.000075859 -0.000055500 1.000000000 -0.000857801
1.000000000 -0.000184903 -0.000149641 0.002051833 0.000184908 1.000000000 0.000033687 -0.000196886 0.000149635 -0.000033715 1.000000000 -0.005192215
1.000000000 -0.000101735 -0.000090462 0.001182425 0.000101742 1.000000000 0.000081972 -0.000471266 0.000090454 -0.000081981 1.000000000 -0.003321237
1.000000000 -0.000209278 -0.000099843 0.000634107 0.000209283 1.000000000 0.000053670 0.000644399 0.000099832 -0.000053690 1.000000000 -0.003153643
1.000000000 -0.000146236 -0.000097661 0.000059756 0.000146238 1.000000000 0.000018117 0.000557280 0.000097659 -0.000018131 1.000000000 -0.002195696
1.000000000 -0.000145841 -0.000131738 0.002973000 0.000145861 1.000000000 0.000150875 -0.000484297 0.000131716 -0.000150895 1.000000000 -0.005480681
1.000000000 -0.000126766 -0.000100368 -0.000037210 0.000126771 1.000000000 0.000051010 -0.000122675 0.000100362 -0.000051022 1.000000000 -0.002425408
0.999999940 -0.000270880 -0.000118106 0.001958763 0.000270890 0.999999940 0.000081227 0.000364003 0.000118084 -0.000081259 1.000000000 -0.001272475
0.999999940 -0.000194154 -0.000160975 0.002003147 0.000194153 1.000000000 -0.000004114 0.000249616 0.000160976 0.000004083 1.000000000 0.000783347
1.000000000 -0.000182035 -0.000021566 0.000534911 0.000182023 0.999999821 -0.000565366 -0.001747279 0.000021669 0.000565362 0.999999821 0.052441053
1.000000000 0.000049846 -0.000079671 0.001816627 -0.000049937 0.999999344 -0.001141986 -0.004484357 0.000079614 0.001141990 0.999999344 0.141655296
1.000000000 -0.000120651 -0.000000819 0.003244976 0.000120650 0.999998927 -0.001458106 -0.007958247 0.000000995 0.001458106 0.999998927 0.258327335
1.000000000 -0.000010325 -0.000047331 0.005604244 0.000010255 0.999998927 -0.001468100 -0.011236458 0.000047346 0.001468100 0.999998927 0.391400725
1.000000000 0.000104368 -0.000047650 0.009593450 -0.000104425 0.999999285 -0.001192027 -0.017797148 0.000047526 0.001192032 0.999999285 0.527916491
1.000000000 0.000057662 0.000014539 0.012758273 -0.000057648 0.999999523 -0.000979299 -0.023143811 -0.000014595 0.000979298 0.999999523 0.683272779
1.000000000 0.000024328 -0.000010319 0.020270078 -0.000024338 0.999999523 -0.000985051 -0.026459767 0.000010295 0.000985051 0.999999523 0.844835579
0.999999881 0.000462553 0.000119305 0.017487109 -0.000462457 0.999999583 -0.000799976 -0.025706930 -0.000119675 0.000799921 0.999999702 1.022485495
1.000000000 0.000005168 -0.000122769 0.027685184 -0.000005239 0.999999821 -0.000583058 -0.033200324 0.000122765 0.000583058 0.999999821 1.196627021
1.000000000 0.000178099 -0.000042853 0.025251370 -0.000178106 0.999999940 -0.000167764 -0.038181335 0.000042823 0.000167772 1.000000000 1.356895328
1.000000000 0.000093557 -0.000187942 0.031668000 -0.000093572 0.999999940 -0.000077628 -0.043325331 0.000187935 0.000077646 1.000000000 1.542958379
0.999999940 0.000141477 0.000206631 0.028355662 -0.000141492 1.000000000 0.000070976 -0.049796693 -0.000206621 -0.000071005 1.000000000 1.753795266
0.999999940 0.000317949 0.000093533 0.035462208 -0.000317967 1.000000000 0.000194175 -0.056130514 -0.000093472 -0.000194205 1.000000000 1.958106399
0.999999940 0.000039736 0.000276296 0.039462175 -0.000039794 1.000000000 0.000207895 -0.062197838 -0.000276287 -0.000207906 1.000000000 2.166681290
0.999999821 0.000494199 0.000231854 0.041541975 -0.000494309 0.999999821 0.000471631 -0.069182359 -0.000231621 -0.000471745 0.999999881 2.383926153
1.000000000 0.000179546 0.000163427 0.047616195 -0.000179658 0.999999702 0.000684536 -0.080674544 -0.000163304 -0.000684566 0.999999702 2.610880613
1.000000000 -0.000025665 0.000109026 0.051761430 0.000025599 0.999999881 0.000611061 -0.086288750 -0.000109042 -0.000611058 0.999999821 2.845617771
1.000000000 0.000125319 0.000188705 0.054296318 -0.000125462 0.999999702 0.000757924 -0.091082968 -0.000188610 -0.000757948 0.999999702 3.075146675
0.999999940 -0.000226282 0.000178674 0.060040832 0.000226166 0.999999702 0.000646528 -0.099061988 -0.000178821 -0.000646488 0.999999702 3.319983244
0.999999762 -0.000007295 0.000636555 0.064067371 0.000006518 0.999999225 0.001221074 -0.111873962 -0.000636564 -0.001221070 0.999999046 3.536704302
0.999999821 0.000242279 0.000629163 0.069278039 -0.000243179 0.999998987 0.001431005 -0.117469557 -0.000628816 -0.001431157 0.999998808 3.789626360
0.999999762 -0.000015223 0.000701594 0.074561328 0.000014251 0.999998987 0.001384533 -0.125277236 -0.000701614 -0.001384523 0.999998748 4.051862717
0.999999702 -0.000111521 0.000796654 0.070005313 0.000110188 0.999998569 0.001673900 -0.136045292 -0.000796840 -0.001673812 0.999998271 4.302818298
0.999999702 -0.000494914 0.000663172 0.076476976 0.000493737 0.999998212 0.001774268 -0.145864293 -0.000664049 -0.001773940 0.999998152 4.554371357
0.999999762 -0.000243574 0.000874788 0.083061628 0.000241859 0.999998033 0.001960132 -0.150472283 -0.000875264 -0.001959920 0.999997616 4.811178207
0.999999642 -0.000346612 0.000733911 0.088805482 0.000345000 0.999997556 0.002195740 -0.167987525 -0.000734670 -0.002195486 0.999997318 5.068957806
0.999999821 -0.000245850 0.000558753 0.093407206 0.000244689 0.999997854 0.002076803 -0.172670856 -0.000559262 -0.002076666 0.999997675 5.338686466
0.999999583 -0.000100990 0.000793790 0.100710392 0.000099251 0.999997556 0.002189914 -0.182267159 -0.000794009 -0.002189834 0.999997258 5.603974342
0.999999762 0.000061870 0.000668797 0.103891134 -0.000063390 0.999997437 0.002273024 -0.189139277 -0.000668655 -0.002273066 0.999997199 5.881101608
0.999999642 -0.000160652 0.000768453 0.106582552 0.000158887 0.999997318 0.002295238 -0.199842051 -0.000768820 -0.002295116 0.999997079 6.149785519
0.999999344 0.000401390 0.001096625 0.112892225 -0.000404104 0.999996841 0.002476047 -0.211541802 -0.001095628 -0.002476488 0.999996364 6.425516129
0.999999225 0.000374568 0.001120196 0.122311838 -0.000377600 0.999996185 0.002707767 -0.219516456 -0.001119178 -0.002708188 0.999995768 6.704448700
0.999999523 0.000048807 0.000949000 0.132598326 -0.000051011 0.999997318 0.002322391 -0.231812313 -0.000948885 -0.002322439 0.999996841 7.003211975
0.999999642 -0.000079915 0.000731947 0.136684716 0.000078355 0.999997675 0.002130447 -0.236438751 -0.000732115 -0.002130389 0.999997437 7.303771973
0.999999404 -0.000105318 0.000985144 0.146991849 0.000103063 0.999997377 0.002288793 -0.247685656 -0.000985382 -0.002288691 0.999996901 7.610707283
0.999999523 -0.000190264 0.000926878 0.153071254 0.000187848 0.999996543 0.002605977 -0.259805083 -0.000927371 -0.002605803 0.999996126 7.936273098
0.999999106 0.000447842 0.001270974 0.143849045 -0.000451404 0.999995947 0.002803698 -0.268846005 -0.001269713 -0.002804269 0.999995232 8.260346413
0.999999046 0.000635405 0.001226474 0.158484638 -0.000639055 0.999995351 0.002977764 -0.281191915 -0.001224576 -0.002978545 0.999994814 8.576696396
0.999998152 0.001214290 0.001526692 0.155878782 -0.001218572 0.999995291 0.002806912 -0.283939838 -0.001523277 -0.002808767 0.999994874 8.921205521
0.999998391 0.000966438 0.001505304 0.165406764 -0.000970616 0.999995649 0.002776810 -0.297412336 -0.001502614 -0.002778267 0.999995053 9.277429581
0.999999046 0.000454573 0.001302046 0.165414035 -0.000458176 0.999996066 0.002768007 -0.320658833 -0.001300783 -0.002768601 0.999995291 9.567358971
0.999998510 0.000681229 0.001554513 0.174092665 -0.000685665 0.999995649 0.002854931 -0.329653680 -0.001552562 -0.002855993 0.999994695 9.916996956
0.999998868 0.000449470 0.001425547 0.179373458 -0.000453444 0.999996006 0.002788491 -0.339984655 -0.001424288 -0.002789135 0.999995112 10.278389931
0.999998748 0.000443257 0.001526620 0.182447851 -0.000447754 0.999995530 0.002946801 -0.348677218 -0.001525307 -0.002947481 0.999994457 10.643844604
0.999998569 0.000236082 0.001735237 0.189496174 -0.000241367 0.999995351 0.003046154 -0.357014835 -0.001734509 -0.003046568 0.999993861 11.009801865
0.999998748 0.000366041 0.001495303 0.198437512 -0.000370696 0.999995112 0.003113936 -0.370249212 -0.001494156 -0.003114486 0.999994040 11.383142471
0.999998450 0.000689462 0.001601540 0.205693588 -0.000694265 0.999995351 0.003000196 -0.377252102 -0.001599464 -0.003001303 0.999994218 11.764184952
0.999998927 0.000138749 0.001449466 0.222021058 -0.000143832 0.999993861 0.003507043 -0.395823985 -0.001448970 -0.003507247 0.999992847 12.149944305
0.999997318 0.000932881 0.002125973 0.227412194 -0.000940087 0.999993742 0.003390884 -0.409081757 -0.002122796 -0.003392874 0.999991953 12.534901619
0.999997079 0.000787000 0.002285775 0.233653218 -0.000794786 0.999993861 0.003407423 -0.417694479 -0.002283080 -0.003409230 0.999991536 12.937705994
0.999997079 0.001280340 0.002071978 0.250277162 -0.001288548 0.999991298 0.003964844 -0.437346816 -0.002066884 -0.003967503 0.999989986 13.313017845
0.999995828 0.001225864 0.002605031 0.255595982 -0.001236013 0.999991596 0.003897749 -0.441884160 -0.002600231 -0.003900952 0.999989092 13.739103317
0.999997258 0.000814607 0.002201538 0.265001506 -0.000823757 0.999991000 0.004158590 -0.467157155 -0.002198131 -0.004160392 0.999988914 14.127667427
0.999997437 0.000299633 0.002231130 0.277260453 -0.000308710 0.999991655 0.004069012 -0.477220237 -0.002229893 -0.004069690 0.999989212 14.559163094
0.999997139 -0.000144279 0.002398481 0.295813292 0.000134036 0.999990821 0.004270097 -0.495560348 -0.002399075 -0.004269763 0.999988019 14.973629951
0.999997020 0.000553737 0.002384402 0.320036799 -0.000564447 0.999989748 0.004493480 -0.515029550 -0.002381890 -0.004494813 0.999987006 15.426850319
0.999995828 0.000710277 0.002812611 0.331355393 -0.000723003 0.999989569 0.004526010 -0.527578652 -0.002809367 -0.004528025 0.999985754 15.862714767
0.999994695 0.000849200 0.003150831 0.337763846 -0.000863559 0.999989271 0.004558960 -0.533976555 -0.003146926 -0.004561657 0.999984622 16.322042465
0.999993384 0.000518441 0.003592580 0.340788454 -0.000538222 0.999984682 0.005507459 -0.559593678 -0.003589670 -0.005509357 0.999978304 16.721284866
0.999992549 0.000462333 0.003832721 0.352431715 -0.000485199 0.999982059 0.005967167 -0.572347343 -0.003829894 -0.005968982 0.999974787 17.182212830
0.999991596 0.000373370 0.004077975 0.367391348 -0.000396904 0.999983251 0.005771681 -0.594997287 -0.004075752 -0.005773251 0.999975026 17.667627335
0.999989867 0.000095035 0.004506994 0.378797144 -0.000120970 0.999983430 0.005754523 -0.607978761 -0.004506373 -0.005755009 0.999973297 18.124929428
0.999988139 0.000325564 0.004857072 0.393697739 -0.000353571 0.999983251 0.005766355 -0.619813025 -0.004855113 -0.005768003 0.999971569 18.596071243
0.999988735 0.000210968 0.004735385 0.408614188 -0.000239142 0.999982297 0.005949891 -0.631465495 -0.004734045 -0.005950957 0.999971092 19.071525574
0.999990106 -0.000208567 0.004439150 0.429484069 0.000180866 0.999980509 0.006239728 -0.657029748 -0.004440366 -0.006238863 0.999970675 19.587303162
0.999990225 0.000211600 0.004415023 0.441962123 -0.000240161 0.999979079 0.006469400 -0.669934094 -0.004413561 -0.006470397 0.999969363 20.067575455
0.999991119 -0.000650403 0.004145907 0.459426403 0.000625214 0.999981403 0.006074035 -0.679289222 -0.004149781 -0.006071389 0.999972939 20.561288834
0.999993384 -0.000982276 0.003493279 0.475618362 0.000959017 0.999977529 0.006653662 -0.718188286 -0.003499735 -0.006650269 0.999971747 21.055633545
0.999994934 -0.000620229 0.003101022 0.481073767 0.000599059 0.999976575 0.006822987 -0.724235713 -0.003105181 -0.006821095 0.999971926 21.571447372
0.999995232 -0.000257184 0.003081628 0.485168576 0.000236462 0.999977350 0.006722801 -0.740941346 -0.003083288 -0.006722040 0.999972641 22.067543030
0.999996543 -0.000473482 0.002581830 0.500542521 0.000455132 0.999974668 0.007103020 -0.754564643 -0.002585127 -0.007101820 0.999971449 22.567863464
0.999997377 -0.000415381 0.002222246 0.510124028 0.000399661 0.999974906 0.007069851 -0.766412020 -0.002225126 -0.007068945 0.999972522 23.085496902
0.999998629 -0.000343501 0.001698711 0.519059718 0.000331025 0.999972999 0.007339202 -0.785095930 -0.001701187 -0.007338628 0.999971628 23.598949432
0.999998629 -0.001260777 0.001173550 0.526842058 0.001252402 0.999973893 0.007110263 -0.800892770 -0.001182484 -0.007108783 0.999974012 24.116739273
0.999999285 -0.000926709 0.000743880 0.540230811 0.000921413 0.999974430 0.007088199 -0.810142875 -0.000750429 -0.007087508 0.999974608 24.632770538
0.999999762 -0.000636367 0.000199337 0.554945350 0.000634852 0.999971628 0.007508342 -0.823785543 -0.000204109 -0.007508214 0.999971807 25.162830353
0.999999702 -0.000189620 -0.000770557 0.563432455 0.000195595 0.999969780 0.007762115 -0.837955177 0.000769062 -0.007762263 0.999969602 25.697748184
0.999999642 -0.000079936 -0.000879688 0.573259890 0.000086837 0.999969184 0.007847556 -0.852537036 0.000879034 -0.007847629 0.999968827 26.251205444
0.999997735 -0.001635146 -0.001369989 0.578703225 0.001646272 0.999965310 0.008159907 -0.857405603 0.001356599 -0.008162143 0.999965787 26.789052963
0.999996305 -0.001690423 -0.002112032 0.595154762 0.001708295 0.999962509 0.008488909 -0.883895993 0.002097604 -0.008492487 0.999961734 27.326927185
0.999997795 -0.000298183 -0.002077359 0.588662207 0.000315660 0.999964535 0.008417876 -0.891420543 0.002074775 -0.008418513 0.999962389 27.846605301
0.999997318 0.000374103 -0.002283029 0.596552610 -0.000354751 0.999964118 0.008471265 -0.902105272 0.002286116 -0.008470433 0.999961495 28.391113281
0.999996006 0.000933988 -0.002659841 0.606329262 -0.000911714 0.999964654 0.008363372 -0.917206824 0.002667558 -0.008360913 0.999961495 28.952899933
0.999994993 -0.000272949 -0.003146732 0.606779754 0.000300027 0.999963045 0.008608129 -0.933303595 0.003144266 -0.008609031 0.999957979 29.478759766
0.999994457 -0.000192563 -0.003300740 0.607757092 0.000221051 0.999962628 0.008632825 -0.940451741 0.003298955 -0.008633507 0.999957204 30.018064499
0.999993861 0.000066261 -0.003508390 0.619987011 -0.000035188 0.999960780 0.008856078 -0.955193281 0.003508840 -0.008855900 0.999954522 30.567296982
0.999994755 0.000334350 -0.003252849 0.618043661 -0.000305897 0.999961734 0.008743497 -0.973760903 0.003255649 -0.008742454 0.999956489 31.127260208
0.999992728 0.000213853 -0.003829960 0.635112405 -0.000180988 0.999963224 0.008579266 -0.988864899 0.003831653 -0.008578510 0.999955893 31.660085678
0.999990821 0.000092266 -0.004283794 0.655924499 -0.000054679 0.999961555 0.008773463 -1.007171273 0.004284439 -0.008773148 0.999952316 32.202304840
0.999992013 -0.000030330 -0.003985450 0.640522003 0.000065761 0.999960601 0.008890135 -1.007745981 0.003985023 -0.008890327 0.999952555 32.741088867
0.999989808 0.000073308 -0.004509176 0.650404453 -0.000032163 0.999958396 0.009124163 -1.024818897 0.004509659 -0.009123925 0.999948204 33.288780212
0.999990046 0.000335764 -0.004448641 0.647687972 -0.000295667 0.999959350 0.009010941 -1.029361248 0.004451486 -0.009009535 0.999949515 33.844207764
0.999985814 -0.000842778 -0.005257418 0.671597600 0.000891806 0.999956071 0.009330188 -1.053121805 0.005249325 -0.009334742 0.999942660 34.381683350
0.999984145 -0.001460502 -0.005427101 0.678592920 0.001512883 0.999952197 0.009660356 -1.064079881 0.005412733 -0.009668416 0.999938548 34.930847168
0.999985516 -0.000865376 -0.005313201 0.688341856 0.000916281 0.999953687 0.009586005 -1.078651905 0.005304660 -0.009590734 0.999939919 35.471767426
0.999984384 -0.001416518 -0.005405915 0.699089527 0.001467404 0.999954522 0.009420661 -1.075423360 0.005392326 -0.009428445 0.999941051 36.028816223
0.999986887 -0.000202913 -0.005121062 0.683952391 0.000253511 0.999951124 0.009881706 -1.130877972 0.005118807 -0.009882876 0.999938071 36.529201508
0.999984622 -0.000530557 -0.005527359 0.693257868 0.000586572 0.999948502 0.010137415 -1.144815445 0.005521695 -0.010140499 0.999933362 37.069263458
0.999984980 -0.000068085 -0.005486463 0.700462341 0.000124214 0.999947667 0.010230681 -1.164687991 0.005485479 -0.010231208 0.999932647 37.611907959
0.999986053 0.000253520 -0.005292293 0.705312669 -0.000198021 0.999945045 0.010484640 -1.179649353 0.005294660 -0.010483445 0.999931037 38.159568787
0.999985874 0.000797602 -0.005263157 0.704841793 -0.000744195 0.999948263 0.010141406 -1.179425478 0.005270973 -0.010137344 0.999934793 38.717021942
0.999983549 0.000015382 -0.005733464 0.720273733 0.000045243 0.999944031 0.010573645 -1.233758926 0.005733306 -0.010573732 0.999927640 39.282924652
0.999978960 0.000040259 -0.006499263 0.746668696 0.000025958 0.999948084 0.010187985 -1.194030166 0.006499336 -0.010187938 0.999927044 39.893928528
0.999981105 -0.000164625 -0.006139114 0.746286094 0.000231411 0.999940813 0.010879650 -1.263859868 0.006136960 -0.010880866 0.999921978 40.380123138
0.999980032 -0.001019672 -0.006221552 0.754883051 0.001089856 0.999935627 0.011287821 -1.282248378 0.006209642 -0.011294377 0.999916911 40.934715271
0.999981225 0.000416505 -0.006102716 0.751330853 -0.000350919 0.999942243 0.010744186 -1.289245129 0.006106839 -0.010741844 0.999923646 41.506839752
0.999979675 0.000622112 -0.006335881 0.776764512 -0.000557639 0.999948025 0.010172491 -1.274047017 0.006341880 -0.010168752 0.999928117 42.057655334
0.999981761 0.000333937 -0.006029931 0.779862285 -0.000268928 0.999941826 0.010778634 -1.316584826 0.006033180 -0.010776816 0.999923706 42.589355469
0.999979794 0.000421626 -0.006344032 0.782876253 -0.000352417 0.999940515 0.010906456 -1.318378687 0.006348252 -0.010903998 0.999920428 43.143615723
0.999979198 0.001061415 -0.006360853 0.806079507 -0.000990129 0.999936759 0.011199774 -1.351103544 0.006372339 -0.011193241 0.999916971 43.718349457
0.999980450 0.001081298 -0.006162817 0.812483191 -0.001011455 0.999935389 0.011324835 -1.365270257 0.006174664 -0.011318379 0.999916792 44.264053345
0.999977171 0.000459009 -0.006745099 0.827677846 -0.000383158 0.999936759 0.011242309 -1.368322611 0.006749832 -0.011239467 0.999914050 44.807243347
0.999978244 0.001384018 -0.006450436 0.831687808 -0.001313401 0.999939322 0.010939033 -1.377466321 0.006465184 -0.010930321 0.999919355 45.361423492
0.999976754 0.000542532 -0.006796658 0.850056410 -0.000465643 0.999935865 0.011309172 -1.383444071 0.006802358 -0.011305743 0.999912977 45.893543243
0.999976814 0.000999471 -0.006739928 0.858178556 -0.000925532 0.999939501 0.010964550 -1.394781590 0.006750479 -0.010958058 0.999917150 46.415786743
0.999978364 0.002551167 -0.006070073 0.859395146 -0.002486459 0.999940276 0.010643893 -1.409775138 0.006096866 -0.010628569 0.999924898 46.989791870
0.999972999 0.000891910 -0.007291684 0.876988530 -0.000806078 0.999930322 0.011765806 -1.417446852 0.007301670 -0.011759610 0.999904215 47.562793732
0.999977589 0.001463355 -0.006528522 0.878607988 -0.001389370 0.999934912 0.011322711 -1.439959288 0.006544667 -0.011313388 0.999914587 48.072502136
0.999977946 0.001508323 -0.006470359 0.897396326 -0.001435234 0.999935269 0.011285791 -1.462162733 0.006486963 -0.011276256 0.999915361 48.632816315
0.999977112 0.001349011 -0.006623475 0.905728400 -0.001274536 0.999936104 0.011235538 -1.473639131 0.006638208 -0.011226842 0.999914885 49.184822083
0.999977410 0.001965791 -0.006418628 0.900550008 -0.001892578 0.999933302 0.011392564 -1.473501682 0.006440594 -0.011380160 0.999914467 49.709304810
0.999977469 0.001948670 -0.006426871 0.917907119 -0.001871673 0.999926627 0.011964818 -1.497112513 0.006449716 -0.011952518 0.999907732 50.265079498
0.999975979 0.001336072 -0.006798970 0.924187243 -0.001257813 0.999933064 0.011501561 -1.504286528 0.006813883 -0.011492735 0.999910712 50.791835785
0.999977469 0.001995845 -0.006411403 0.924314976 -0.001920601 0.999929428 0.011720653 -1.516127467 0.006434343 -0.011708075 0.999910772 51.336669922
0.999977291 0.001963144 -0.006469075 0.911128819 -0.001887767 0.999930441 0.011637531 -1.500503540 0.006491472 -0.011625053 0.999911368 51.819454193
0.999976873 0.001810680 -0.006545701 0.923240781 -0.001736211 0.999933839 0.011364562 -1.515593529 0.006565845 -0.011352934 0.999913990 52.321166992
0.999977410 0.002060715 -0.006395128 0.923169732 -0.001987108 0.999931872 0.011494962 -1.525278091 0.006418382 -0.011481994 0.999913454 52.818920135
0.999977469 0.002341165 -0.006294034 0.930259645 -0.002270244 0.999934077 0.011251571 -1.534779310 0.006319962 -0.011237028 0.999916852 53.370388031
0.999976516 0.002360282 -0.006420165 0.944513798 -0.002287397 0.999933064 0.011336197 -1.549045801 0.006446491 -0.011321248 0.999915123 53.923152924
0.999979317 0.002215862 -0.006040181 0.920257926 -0.002148810 0.999936223 0.011085046 -1.518298268 0.006064360 -0.011071838 0.999920249 54.494457245
0.999980032 0.003230589 -0.005417421 0.958622992 -0.003171372 0.999935508 0.010904036 -1.541566849 0.005452298 -0.010886637 0.999925852 55.007167816
0.999978781 0.002513236 -0.006013126 0.958673239 -0.002444173 0.999931276 0.011465460 -1.548617959 0.006041529 -0.011450520 0.999916196 55.501789093
0.999978364 0.003150065 -0.005784268 0.960179090 -0.003083879 0.999930084 0.011415958 -1.553117514 0.005819825 -0.011397873 0.999918163 56.048110962
0.999978900 0.002402168 -0.006058206 0.976838768 -0.002332332 0.999931097 0.011508330 -1.570493698 0.006085434 -0.011493956 0.999915421 56.594188690
0.999978542 0.002177677 -0.006164353 0.961631179 -0.002105475 0.999929368 0.011695245 -1.569158077 0.006189388 -0.011682018 0.999912560 57.045703888
0.999979377 0.002955853 -0.005700118 0.987273097 -0.002894141 0.999937475 0.010804299 -1.564038754 0.005731697 -0.010787581 0.999925375 57.718307495
0.999979854 0.002584567 -0.005784200 0.987095475 -0.002517109 0.999929070 0.011639575 -1.569161654 0.005813873 -0.011624780 0.999915540 58.018844604
0.999979556 0.002718952 -0.005785360 0.995995581 -0.002652378 0.999930501 0.011484103 -1.577503443 0.005816183 -0.011468522 0.999917328 58.571254730
0.999979615 0.001717561 -0.006149027 1.027878046 -0.001645610 0.999930263 0.011687087 -1.594009399 0.006168671 -0.011676732 0.999912739 59.007709503
0.999978781 0.002881752 -0.005831412 1.015577316 -0.002818243 0.999936938 0.010869958 -1.584389925 0.005862369 -0.010853294 0.999923944 59.663776398
0.999978542 0.002674925 -0.005977051 1.008142471 -0.002607500 0.999933124 0.011260066 -1.585759640 0.006006771 -0.011244240 0.999918759 60.068454742
0.999978602 0.002720004 -0.005943419 1.020749569 -0.002653818 0.999934614 0.011115620 -1.595527411 0.005973266 -0.011099610 0.999920547 60.617263794
0.999977291 0.002910269 -0.006074543 1.042208910 -0.002840248 0.999929726 0.011503896 -1.611698508 0.006107596 -0.011486381 0.999915421 61.155902863
0.999974132 0.002322261 -0.006817604 1.052953005 -0.002244787 0.999932945 0.011349554 -1.621472239 0.006843505 -0.011333955 0.999912381 61.685756683
0.999973178 0.001764104 -0.007109208 1.079390645 -0.001683524 0.999934435 0.011324781 -1.639039040 0.007128721 -0.011312508 0.999910653 62.196475983
0.999974191 0.000748313 -0.007150604 1.108179688 -0.000662321 0.999927521 0.012020719 -1.670062304 0.007159080 -0.012015673 0.999902129 62.774688721
0.999972939 0.001862346 -0.007108381 1.206608295 -0.001776939 0.999926388 0.012002520 -1.607595205 0.007130210 -0.011989566 0.999902666 62.821414948
0.999975085 0.002106321 -0.006756849 1.193479896 -0.002029177 0.999932945 0.011403689 -1.609527349 0.006780417 -0.011389694 0.999912083 63.448547363
0.999974310 0.002554166 -0.006703849 1.196851730 -0.002478498 0.999933422 0.011271473 -1.615128756 0.006732193 -0.011254569 0.999913931 63.993045807
0.999973416 0.002184005 -0.006958075 1.202591658 -0.002106231 0.999935508 0.011165277 -1.625790000 0.006982010 -0.011150326 0.999913394 64.555313110
0.999973059 0.001747673 -0.007119760 1.221296906 -0.001663398 0.999928713 0.011825707 -1.630986214 0.007139919 -0.011813547 0.999904692 65.020614624
0.999975145 0.001635878 -0.006866211 1.238033056 -0.001559970 0.999937773 0.011046245 -1.641856909 0.006883854 -0.011035260 0.999915361 65.638763428
0.999974906 0.002240962 -0.006720371 1.232391119 -0.002160472 0.999926150 0.011960402 -1.647009969 0.006746676 -0.011945583 0.999905884 66.122177124
0.999975145 0.002256263 -0.006674385 1.246244669 -0.002175372 0.999924421 0.012102248 -1.660619259 0.006701186 -0.012087430 0.999904454 66.648063660
0.999970615 0.001715624 -0.007470381 1.274211764 -0.001628721 0.999931097 0.011623551 -1.671192646 0.007489808 -0.011611045 0.999904454 67.126312256
0.999974072 0.002044454 -0.006899120 1.271607995 -0.001965140 0.999932170 0.011483423 -1.663155794 0.006922128 -0.011469570 0.999910235 67.748886108
0.999970734 0.001989933 -0.007392198 1.286171675 -0.001900256 0.999924719 0.012118565 -1.687836051 0.007415758 -0.012104164 0.999899149 68.232200623
0.999970198 0.001718582 -0.007528656 1.308723927 -0.001628100 0.999926507 0.012008065 -1.705267787 0.007548740 -0.011995450 0.999899507 68.765754700
0.999973655 0.002349007 -0.006858464 1.267664790 -0.002263942 0.999920726 0.012384529 -1.706522465 0.006887012 -0.012368676 0.999899745 68.922111511
0.999970615 0.002431452 -0.007265472 1.284502745 -0.002350579 0.999935389 0.011118981 -1.690009117 0.007292038 -0.011101577 0.999911726 69.848365784
0.999973118 0.001479196 -0.007167974 1.285440922 -0.001393678 0.999927938 0.011920948 -1.720596433 0.007185091 -0.011910640 0.999903262 70.016921997
0.999973476 0.003077864 -0.006598069 1.278523922 -0.002997991 0.999922514 0.012081315 -1.664419889 0.006634742 -0.012061214 0.999905229 70.612442017
0.999969482 0.000837345 -0.007762252 1.303627968 -0.000746919 0.999931872 0.011645119 -1.734421849 0.007771476 -0.011638966 0.999902070 71.077522278
0.999971628 0.004504784 -0.006038069 1.279582739 -0.004434001 0.999921858 0.011685335 -1.675304413 0.006090238 -0.011658231 0.999913454 71.733963013
0.999974787 0.002459616 -0.006657843 1.278569221 -0.002380586 0.999926925 0.011852086 -1.693834901 0.006686509 -0.011835938 0.999907613 72.219779968
0.999976337 0.003130617 -0.006128000 1.293914557 -0.003056852 0.999923170 0.012009990 -1.712306023 0.006165129 -0.011990977 0.999909103 72.788169861
0.999977767 0.002763711 -0.006072766 1.301373959 -0.002691665 0.999926269 0.011840218 -1.719512582 0.006105041 -0.011823609 0.999911487 73.335838318
0.999974728 0.003668368 -0.006092023 1.304073572 -0.003596386 0.999924004 0.011785110 -1.761430860 0.006134792 -0.011762904 0.999912024 73.881607056
0.999976873 0.002661287 -0.006266941 1.315328360 -0.002586712 0.999926090 0.011877854 -1.729832649 0.006298088 -0.011861369 0.999909878 74.376335144
0.999973655 0.004157899 -0.005954862 1.328050733 -0.004085914 0.999918997 0.012050097 -1.785267353 0.006004482 -0.012025449 0.999909759 74.934303284
0.999974966 0.003833349 -0.005942116 1.348263025 -0.003763637 0.999924481 0.011699037 -1.814435959 0.005986514 -0.011676379 0.999913871 75.615623474
0.999973953 0.002862826 -0.006626788 1.351494312 -0.002785844 0.999928892 0.011597167 -1.795606852 0.006659517 -0.011578404 0.999910891 76.048751831
0.999976099 0.004432804 -0.005291041 1.296054959 -0.004364742 0.999908388 0.012806472 -1.955806971 0.005347325 -0.012783075 0.999903977 76.729049683
0.999978662 0.004363039 -0.004858348 1.302849531 -0.004301644 0.999911606 0.012576421 -1.961796522 0.004912789 -0.012555255 0.999909103 77.273208618
0.999979734 0.004053276 -0.004908585 1.281289577 -0.003990880 0.999911964 0.012655227 -1.990151882 0.004959448 -0.012635382 0.999907851 77.979858398
0.999979079 0.003966307 -0.005106779 1.292364120 -0.003901654 0.999912858 0.012608462 -1.994448662 0.005156343 -0.012588272 0.999907434 78.500450134
0.999979496 0.003720233 -0.005214030 1.306741953 -0.003656657 0.999919415 0.012150029 -1.976656914 0.005258812 -0.012130712 0.999912620 79.092361450
0.999982417 0.003678591 -0.004655395 1.325587749 -0.003621706 0.999919415 0.012169072 -1.997554302 0.004699784 -0.012152000 0.999915123 79.633468628
0.999985874 0.004202666 -0.003232619 1.335294843 -0.004163520 0.999919057 0.012022446 -2.006155014 0.003282884 -0.012008816 0.999922514 80.213706970
0.999989867 0.004040343 -0.002030001 1.348424911 -0.004015751 0.999920249 0.011975353 -2.015130520 0.002078223 -0.011967077 0.999926209 80.771842957
0.999992013 0.003934873 -0.000712503 1.368434787 -0.003925836 0.999917030 0.012271030 -2.023596287 0.000760729 -0.012268134 0.999924481 81.323974609
0.999987781 0.004099615 0.002734327 1.383753061 -0.004131756 0.999921262 0.011854720 -2.031220198 -0.002685512 -0.011865874 0.999926090 81.863838196
0.999976695 0.002934038 0.006164758 1.402527094 -0.003006903 0.999925315 0.011843871 -2.033066988 -0.006129547 -0.011862130 0.999910831 82.435501099
0.999944448 0.004244664 0.009645553 1.444255233 -0.004361142 0.999917567 0.012087147 -2.039981127 -0.009593451 -0.012128542 0.999880373 83.037559509
0.999880612 0.005239946 0.014534475 1.466784954 -0.005413035 0.999914646 0.011895319 -2.049585342 -0.014470902 -0.011972574 0.999823630 83.591712952
0.999786139 0.003961095 0.020296002 1.495514989 -0.004206328 0.999918520 0.012054366 -2.054920673 -0.020246599 -0.012137161 0.999721348 84.153846741
0.999642193 0.004764628 0.026320010 1.524400473 -0.005085594 0.999913394 0.012141297 -2.069450378 -0.026259879 -0.012270805 0.999579847 84.703941345
0.999468565 0.004963866 0.032216884 1.549510717 -0.005357261 0.999912024 0.012136014 -2.087388515 -0.032153808 -0.012302159 0.999407232 85.258666992
0.999185622 0.004988931 0.040040035 1.593574405 -0.005475332 0.999912381 0.012047452 -2.092389107 -0.039976422 -0.012256873 0.999125361 85.856758118
0.998821855 0.004915274 0.048276909 1.637791872 -0.005489341 0.999915719 0.011765781 -2.103135347 -0.048215013 -0.012016930 0.998764694 86.416496277
0.998494327 0.004041946 0.054704439 1.685031891 -0.004677431 0.999923050 0.011493672 -2.107591867 -0.054653771 -0.011732244 0.998436391 86.963096619
0.997944713 0.004412001 0.063928321 1.741637468 -0.005160999 0.999919891 0.011555815 -2.117959261 -0.063872203 -0.011862000 0.997887611 87.538459778
0.997258127 0.004300428 0.073876448 1.799578667 -0.005179554 0.999917924 0.011712480 -2.128899574 -0.073819995 -0.012063012 0.997198761 88.094406128
0.996565759 0.004005733 0.082708500 1.862299919 -0.004980708 0.999920487 0.011585126 -2.138264179 -0.082655534 -0.011957284 0.996506453 88.634780884
0.995883465 0.004195803 0.090545982 1.932516575 -0.005244773 0.999921858 0.011350112 -2.145788193 -0.090491280 -0.011778282 0.995827615 89.208915710
0.994894862 0.003218601 0.100865461 2.019495487 -0.004375881 0.999927104 0.011254352 -2.155521870 -0.100821860 -0.011638273 0.994836330 89.759208679
0.993848443 0.002023774 0.110729724 2.112791538 -0.003256420 0.999934733 0.010952303 -2.166522503 -0.110700324 -0.011245512 0.993790150 90.295616150
0.992723882 0.002633732 0.120384306 2.187357903 -0.003985662 0.999931633 0.010990713 -2.170140743 -0.120347112 -0.011390556 0.992666543 90.861457825
0.991312981 0.003411963 0.131479412 2.269262314 -0.004908753 0.999926805 0.011061793 -2.173113346 -0.131432042 -0.011611098 0.991257131 91.401115417
0.989608228 0.002520815 0.143767998 2.390914917 -0.004153098 0.999930263 0.011054617 -2.192930222 -0.143730074 -0.011536823 0.989549696 91.976654053
0.988000512 0.001727178 0.154440954 2.504108429 -0.003445060 0.999935150 0.010856284 -2.202917099 -0.154412195 -0.011258073 0.987942517 92.541557312
0.986297190 0.002041675 0.164965749 2.613654137 -0.003887522 0.999933362 0.010867175 -2.210520267 -0.164932609 -0.011359571 0.986239433 93.104370117
0.984036148 0.002049014 0.177956954 2.738149643 -0.003942401 0.999939382 0.010286618 -2.215977907 -0.177925065 -0.010823983 0.983984530 93.639122009
0.981801748 0.000741848 0.189906985 2.878057480 -0.002813791 0.999939382 0.010640904 -2.233300924 -0.189887598 -0.010981617 0.981744409 94.185554504
0.979737401 0.000748912 0.200285032 3.006837845 -0.002950639 0.999938369 0.010694684 -2.240977526 -0.200264707 -0.011068952 0.979679286 94.730705261
0.976972640 0.000099952 0.213364705 3.147743225 -0.002303156 0.999946594 0.010077455 -2.245728016 -0.213352278 -0.010336811 0.976920605 95.274810791
0.973975718 -0.000651833 0.226651341 3.301727295 -0.001787090 0.999942660 0.010555318 -2.256600618 -0.226645261 -0.010685668 0.973918736 95.816131592
0.971376598 -0.001089303 0.237542331 3.458183289 -0.001449946 0.999943614 0.010514693 -2.270035505 -0.237540439 -0.010558150 0.971320271 96.349639893
0.968285203 -0.001003060 0.249845520 3.618923187 -0.001604191 0.999946296 0.010231606 -2.278805733 -0.249842346 -0.010307913 0.968231797 96.906616211
0.964646578 -0.001554436 0.263541818 3.794061661 -0.001188101 0.999946773 0.010246759 -2.286516190 -0.263543725 -0.010197618 0.964593470 97.429893494
0.961181402 -0.001637004 0.275912374 3.964118958 -0.001280256 0.999945164 0.010392691 -2.296828270 -0.275914282 -0.010342499 0.961126626 97.961257935
0.957850754 -0.002161357 0.287258029 4.160255432 -0.000788384 0.999948144 0.010152543 -2.305200577 -0.287265062 -0.009951091 0.957799435 98.530166626
0.953479648 -0.001814282 0.301451862 4.331850052 -0.001410366 0.999944091 0.010479071 -2.314370632 -0.301454008 -0.010416739 0.953423858 99.024551392
0.949121773 -0.002969253 0.314895302 4.560611725 -0.000261920 0.999947786 0.010218288 -2.328119278 -0.314909190 -0.009780879 0.949071407 99.593338013
0.945225716 -0.003214822 0.326401353 4.764358521 -0.000172178 0.999946475 0.010347372 -2.338174343 -0.326417148 -0.009836801 0.945174575 100.117012024
0.940779805 -0.003271846 0.339002520 4.983684540 -0.000256924 0.999946177 0.010363873 -2.349117279 -0.339018196 -0.009837219 0.940728366 100.648254395
0.935691118 -0.003679387 0.352800876 5.206218719 0.000028385 0.999946535 0.010353236 -2.358570814 -0.352819979 -0.009677417 0.935641170 101.160308838
0.930981994 -0.004318963 0.365039557 5.436235428 0.000548042 0.999945521 0.010433138 -2.367116928 -0.365064681 -0.009513007 0.930933535 101.681137085
0.926802933 -0.005040943 0.375514120 5.667375565 0.001295682 0.999946833 0.010225536 -2.375815153 -0.375545681 -0.008990509 0.926760256 102.193664551
0.921283484 -0.004850112 0.388861269 5.907890320 0.001023348 0.999948978 0.010047467 -2.377593517 -0.388890177 -0.008858628 0.921241462 102.705947876
0.915618539 -0.004981533 0.402017206 6.151802063 0.001125471 0.999951065 0.009827408 -2.384552479 -0.402046502 -0.008545697 0.915579379 103.210441589
0.910808027 -0.005774440 0.412789762 6.405258179 0.002069763 0.999953449 0.009421297 -2.392593861 -0.412824959 -0.007726618 0.910777688 103.705520630
0.904392779 -0.006264062 0.426654905 6.680210114 0.002298813 0.999949276 0.009808194 -2.402204752 -0.426694691 -0.007889660 0.904361308 104.214134216
0.897664785 -0.006786991 0.440626711 6.950569153 0.002749888 0.999948144 0.009800049 -2.409853220 -0.440670401 -0.007585484 0.897636950 104.702239990
0.891792059 -0.007196810 0.452388316 7.223442078 0.003226031 0.999949217 0.009548204 -2.420883179 -0.452434033 -0.007055594 0.891770005 105.182067871
0.886023939 -0.007894677 0.463572532 7.502182007 0.003690898 0.999943435 0.009974726 -2.430412531 -0.463625073 -0.007126844 0.886002839 105.681228638
0.879165053 -0.008116335 0.476448298 7.772609711 0.004102216 0.999946833 0.009464572 -2.441923141 -0.476499707 -0.006366427 0.879151583 106.107452393
0.871798277 -0.008813599 0.489785612 8.095188141 0.004398154 0.999938667 0.010165170 -2.449181080 -0.489845186 -0.006707824 0.871783614 106.665374756
0.865953982 -0.009517808 0.500033081 8.395072937 0.005223628 0.999936461 0.009986900 -2.455196857 -0.500096381 -0.006036211 0.865948677 107.138801575
