1.000000000 0.000000000 0.000000000 0.000000000 0.000000000 1.000000000 0.000000000 0.000000000 0.000000000 0.000000000 1.000000000 0.000000000
1.000000000 0.000049810 0.000018271 0.000308533 -0.000049813 1.000000000 0.000124990 -0.000540325 -0.000018265 -0.000124991 1.000000000 0.000254770
1.000000000 0.000060711 -0.000157660 0.001383719 -0.000060705 1.000000000 0.000039070 0.000112001 0.000157662 -0.000039060 1.000000000 -0.000339109
1.000000000 0.000096134 -0.000034406 0.000414923 -0.000096132 1.000000000 0.000055337 -0.000718280 0.000034412 -0.000055334 1.000000000 0.000135812
0.999999940 0.000288510 0.000055457 -0.001257591 -0.000288514 0.999999940 0.000079249 -0.000464624 -0.000055434 -0.000079265 1.000000000 -0.000374006
1.000000000 0.000118277 0.000045679 -0.001017095 -0.000118277 1.000000000 0.000008319 -0.000477176 -0.000045678 -0.000008325 1.000000000 0.000343903
1.000000000 -0.000099157 0.000002516 0.000493900 0.000099157 1.000000000 0.000014301 -0.000370481 -0.000002518 -0.000014300 1.000000000 -0.000242277
1.000000000 0.000018695 0.000023852 0.001118383 -0.000018697 1.000000000 0.000072710 -0.000698439 -0.000023851 -0.000072711 1.000000000 -0.000092055
1.000000000 -0.000177140 0.000083019 0.000059488 0.000177140 1.000000000 0.000006866 0.000015151 -0.000083021 -0.000006851 1.000000000 0.000142126
1.000000000 -0.000208268 -0.000060648 0.001637642 0.000208270 1.000000000 0.000032823 0.000193451 0.000060641 -0.000032836 1.000000000 -0.000063021
1.000000000 -0.000079097 -0.000119451 0.000658397 0.000079103 1.000000000 0.000051481 -0.001117844 0.000119446 -0.000051490 1.000000000 -0.000955985
1.000000000 0.000137291 0.000098902 -0.000969164 -0.000137283 1.000000000 -0.000088788 0.000940586 -0.000098914 0.000088774 1.000000000 0.001755673
0.999999940 -0.000271497 -0.000008860 0.000244253 0.000271498 0.999999940 0.000166848 -0.001134197 0.000008815 -0.000166851 1.000000000 -0.000110252
1.000000000 0.000041578 0.000139787 -0.001291689 -0.000041591 1.000000000 0.000090021 -0.000379272 -0.000139784 -0.000090026 1.000000000 0.001056553
1.000000000 0.000148736 -0.000000285 -0.000175065 -0.000148736 0.999999940 0.000200730 -0.001545298 0.000000315 -0.000200730 1.000000000 -0.000293585
1.000000000 0.000147418 -0.000008520 -0.000441558 -0.000147418 1.000000000 0.000010727 0.000032777 0.000008522 -0.000010726 1.000000000 0.000792788
0.999999881 0.000306028 0.000298233 -0.002595091 -0.000306038 0.999999940 0.000034442 0.000450983 -0.000298222 -0.000034533 0.999999940 0.001872653
1.000000000 0.000077223 -0.000046518 -0.000096427 -0.000077223 1.000000000 0.000003206 -0.000210287 0.000046518 -0.000003202 1.000000000 0.001398601
1.000000000 -0.000068807 -0.000048040 0.000487570 0.000068816 1.000000000 0.000196957 -0.001789144 0.000048027 -0.000196961 1.000000000 0.000147070
1.000000000 0.000005139 -0.000016704 0.000104124 -0.000005140 1.000000000 -0.000016118 0.000033337 0.000016703 0.000016118 1.000000000 0.000875337
1.000000000 0.000190190 -0.000015210 -0.000820068 -0.000190191 1.000000000 -0.000025412 0.000241335 0.000015205 0.000025415 1.000000000 0.001443736
1.000000000 0.000014413 -0.000091139 0.000064599 -0.000014413 1.000000000 0.000002520 0.000455451 0.000091139 -0.000002519 1.000000000 0.000190191
1.000000000 0.000113179 0.000030024 0.000092140 -0.000113182 1.000000000 0.000084110 -0.000452400 -0.000030015 -0.000084113 1.000000000 0.002462607
0.999999940 0.000251373 0.000192914 -0.000784249 -0.000251391 0.999999940 0.000092671 0.000055242 -0.000192891 -0.000092719 1.000000000 0.000206704
1.000000000 -0.000032428 -0.000047469 0.000559750 0.000032430 1.000000000 0.000056683 0.000376880 0.000047467 -0.000056685 1.000000000 0.000720214
1.000000000 0.000064814 0.000029865 -0.000574482 -0.000064810 1.000000000 -0.000140051 0.001398719 -0.000029874 0.000140049 1.000000000 0.000091870
1.000000000 0.000128304 0.000065043 -0.000752412 -0.000128296 1.000000000 -0.000121643 0.000320597 -0.000065059 0.000121635 1.000000000 -0.001467545
1.000000000 0.000190556 0.000091348 -0.001000889 -0.000190548 1.000000000 -0.000085981 0.000789903 -0.000091364 0.000085963 1.000000000 0.002304080
1.000000000 0.000015296 0.000032925 -0.001696851 -0.000015296 1.000000000 0.000018560 0.001471703 -0.000032925 -0.000018561 1.000000000 0.004314378
1.000000000 0.000081244 0.000009056 -0.000795798 -0.000081242 1.000000000 -0.000206394 0.002139495 -0.000009073 0.000206393 1.000000000 0.001771172
1.000000000 0.000204542 -0.000048594 0.000057092 -0.000204537 1.000000000 0.000091723 0.000373682 0.000048613 -0.000091713 1.000000000 0.000127823
1.000000000 0.000029103 -0.000029668 -0.000423682 -0.000029102 1.000000000 0.000018786 0.000374779 0.000029669 -0.000018785 1.000000000 0.000998364
1.000000000 -0.000000334 0.000051415 -0.000055303 0.000000330 1.000000000 0.000085687 -0.000598784 -0.000051415 -0.000085687 1.000000000 0.000624462
1.000000000 0.000060618 -0.000000413 -0.000606294 -0.000060618 1.000000000 0.000182274 -0.000365081 0.000000424 -0.000182274 1.000000000 0.001192006
1.000000000 0.000047978 0.000039114 -0.001048357 -0.000047978 1.000000000 -0.000002942 0.001657898 -0.000039114 0.000002940 1.000000000 0.002986593
1.000000000 0.000162687 0.000144995 -0.002239966 -0.000162683 1.000000000 -0.000028321 0.002730568 -0.000145000 0.000028298 1.000000000 0.003766453
1.000000000 -0.000084860 0.000059485 -0.000877566 0.000084852 1.000000000 0.000126109 0.000415967 -0.000059495 -0.000126104 1.000000000 0.002183700
1.000000000 -0.000124933 0.000130660 -0.000855698 0.000124901 0.999999940 0.000248218 -0.000677870 -0.000130692 -0.000248202 0.999999940 -0.000345046
1.000000000 -0.000016269 0.000165309 -0.001192867 0.000016263 1.000000000 0.000038058 0.000602441 -0.000165310 -0.000038055 1.000000000 0.000958028
1.000000000 -0.000083935 0.000177142 0.000131520 0.000083911 1.000000000 0.000140227 -0.001826542 -0.000177153 -0.000140212 1.000000000 -0.000035798
0.999999940 -0.000014957 0.000314383 -0.001692029 0.000015132 0.999999821 -0.000555894 -0.002691652 -0.000314375 0.000555898 0.999999821 0.052562788
0.999999940 0.000280547 0.000145596 -0.000570651 -0.000280373 0.999999225 -0.001192265 -0.005638102 -0.000145930 0.001192224 0.999999285 0.136223286
0.999999583 0.000883822 -0.000073411 0.001936021 -0.000883930 0.999998510 -0.001485874 -0.004871954 0.000072098 0.001485939 0.999998868 0.258113623
0.999999583 0.000903045 0.000075292 0.002505924 -0.000902971 0.999999106 -0.000975549 -0.013711450 -0.000076173 0.000975481 0.999999523 0.385042667
0.999999881 0.000494316 -0.000070100 0.007380594 -0.000494378 0.999999464 -0.000892019 -0.018945370 0.000069659 0.000892054 0.999999583 0.526188612
0.999999821 0.000558629 -0.000058771 0.013462598 -0.000558682 0.999999404 -0.000913725 -0.022305841 0.000058261 0.000913758 0.999999583 0.683023274
0.999999821 0.000602847 0.000172024 0.017573869 -0.000602708 0.999999464 -0.000808218 -0.021971505 -0.000172511 0.000808114 0.999999642 0.851387322
0.999999642 0.000661281 0.000501980 0.013540052 -0.000660908 0.999999523 -0.000742348 -0.026920808 -0.000502470 0.000742016 0.999999583 1.018060446
0.999999881 0.000297855 0.000322299 0.016364682 -0.000297840 0.999999940 -0.000045803 -0.036610804 -0.000322312 0.000045707 0.999999940 1.187708378
0.999999881 0.000330474 0.000388673 0.021113927 -0.000330535 0.999999940 0.000156235 -0.041657127 -0.000388622 -0.000156364 0.999999940 1.378150463
0.999999762 0.000553111 0.000423242 0.031272840 -0.000552867 0.999999702 -0.000577146 -0.044185545 -0.000423561 0.000576912 0.999999762 1.568868995
0.999999702 0.000595731 0.000484649 0.028381960 -0.000595703 0.999999821 -0.000058575 -0.054807518 -0.000484683 0.000058286 0.999999881 1.756605387
0.999999881 0.000108938 -0.000424444 0.042925995 -0.000109025 1.000000000 -0.000205527 -0.047618162 0.000424421 0.000205574 0.999999881 1.967619777
0.999998808 0.000919392 0.001243597 0.029096076 -0.000918512 0.999999344 -0.000707766 -0.049091939 -0.001244247 0.000706623 0.999998987 2.176195860
0.999998987 0.001176192 0.000807214 0.034800697 -0.001176262 0.999999285 0.000085977 -0.073990501 -0.000807112 -0.000086926 0.999999642 2.365350962
0.999999464 0.000890752 0.000518270 0.044501349 -0.000890810 0.999999583 0.000111162 -0.079106204 -0.000518171 -0.000111624 0.999999881 2.586000443
0.999998927 0.001143589 0.000869815 0.045968443 -0.001143611 0.999999344 0.000024608 -0.086822949 -0.000869786 -0.000025603 0.999999583 2.811724424
0.999999106 0.001231477 0.000549809 0.053932793 -0.001231591 0.999999225 0.000207541 -0.093122542 -0.000549553 -0.000208218 0.999999881 3.047593117
0.999999404 0.000756965 0.000641817 0.058228504 -0.000757021 0.999999642 0.000087448 -0.097000636 -0.000641751 -0.000087934 0.999999762 3.290255308
0.999998927 0.001174500 0.000853589 0.060821194 -0.001174491 0.999999225 -0.000011598 -0.102963932 -0.000853602 0.000010595 0.999999642 3.530409336
0.999998808 0.001216764 0.000946374 0.064493865 -0.001216452 0.999999166 -0.000330344 -0.106445178 -0.000946775 0.000329193 0.999999464 3.791192055
0.999998629 0.001278196 0.000991996 0.072706968 -0.001277965 0.999999166 -0.000233148 -0.114470437 -0.000992293 0.000231880 0.999999464 4.047039032
0.999998629 0.001290446 0.000984508 0.078147084 -0.001290483 0.999999166 0.000036766 -0.121553063 -0.000984460 -0.000038036 0.999999464 4.297015667
0.999998748 0.001173749 0.001036772 0.076135650 -0.001173984 0.999999285 0.000225559 -0.128954813 -0.001036507 -0.000226776 0.999999464 4.549451828
0.999998868 0.000955093 0.001128132 0.083442196 -0.000955716 0.999999404 0.000551225 -0.139806837 -0.001127605 -0.000552302 0.999999225 4.806119442
0.999999404 0.000870117 0.000645900 0.096846089 -0.000870503 0.999999464 0.000598602 -0.143688083 -0.000645379 -0.000599164 0.999999583 5.068664551
0.999998927 0.000907870 0.001112237 0.097189166 -0.000908365 0.999999464 0.000444338 -0.155322194 -0.001111833 -0.000445348 0.999999344 5.324120045
0.999997318 0.001756922 0.001495079 0.091500036 -0.001757426 0.999998331 0.000335883 -0.158913746 -0.001494487 -0.000338509 0.999998748 5.602008343
0.999998629 0.001216512 0.001141014 0.100718275 -0.001217152 0.999999106 0.000560236 -0.167266563 -0.001140331 -0.000561624 0.999999225 5.868476868
0.999998093 0.001367098 0.001382525 0.106731229 -0.001367941 0.999998748 0.000609351 -0.174428776 -0.001381691 -0.000611241 0.999998808 6.150729656
0.999997675 0.001702240 0.001330580 0.113055758 -0.001703353 0.999998212 0.000835271 -0.183737725 -0.001329156 -0.000837535 0.999998808 6.425848961
0.999997675 0.001401655 0.001643079 0.106929712 -0.001401812 0.999998987 0.000094366 -0.187972039 -0.001642945 -0.000096669 0.999998629 6.715805054
0.999997616 0.001463458 0.001639815 0.114269584 -0.001463078 0.999998927 -0.000232869 -0.193798333 -0.001640154 0.000230469 0.999998689 7.014416695
0.999996901 0.001805231 0.001729295 0.122308083 -0.001805263 0.999998391 0.000016619 -0.202209115 -0.001729262 -0.000019741 0.999998510 7.313358307
0.999997735 0.001414766 0.001611554 0.130576372 -0.001414491 0.999998987 -0.000171884 -0.209834352 -0.001611796 0.000169604 0.999998689 7.631306648
0.999997437 0.001201164 0.001904136 0.131898880 -0.001201727 0.999999166 0.000294953 -0.225958869 -0.001903780 -0.000297241 0.999998093 7.923844337
0.999998093 0.000811701 0.001787219 0.136320263 -0.000811151 0.999999642 -0.000308430 -0.224070176 -0.001787469 0.000306980 0.999998331 8.257000923
0.999996781 0.001135225 0.002246059 0.140678927 -0.001134403 0.999999285 -0.000367308 -0.236016810 -0.002246475 0.000364759 0.999997437 8.571633339
0.999996364 0.001186964 0.002393888 0.143685460 -0.001186848 0.999999344 -0.000049796 -0.248182461 -0.002393945 0.000046954 0.999997139 8.920526505
0.999996781 0.001501009 0.002067280 0.154045567 -0.001500713 0.999998808 -0.000144904 -0.257921934 -0.002067495 0.000141802 0.999997914 9.261250496
0.999998152 0.000587753 0.001834049 0.169858128 -0.000589619 0.999999285 0.001017445 -0.280610353 -0.001833449 -0.001018524 0.999997735 9.594935417
0.999998510 0.000668464 0.001601732 0.184150442 -0.000669848 0.999999404 0.000864272 -0.290800869 -0.001601153 -0.000865344 0.999998331 9.937132835
0.999998569 0.000510217 0.001650366 0.189532697 -0.000511117 0.999999642 0.000545356 -0.301102370 -0.001650087 -0.000546199 0.999998510 10.295789719
0.999995410 0.001413455 0.002658722 0.174870268 -0.001415450 0.999998689 0.000748738 -0.307804167 -0.002657660 -0.000752498 0.999996126 10.639175415
0.999995887 0.001250241 0.002562512 0.193740666 -0.001251350 0.999999046 0.000431148 -0.314923197 -0.002561971 -0.000434353 0.999996662 11.014235497
0.999996126 0.001201196 0.002522336 0.202555552 -0.001203363 0.999998868 0.000857738 -0.331557602 -0.002521303 -0.000860770 0.999996424 11.388175964
0.999996364 0.001572725 0.002236977 0.214649409 -0.001574168 0.999998569 0.000643924 -0.340103090 -0.002235961 -0.000647443 0.999997258 11.770737648
0.999995947 0.000898649 0.002740220 0.219776541 -0.000899952 0.999999523 0.000474371 -0.348029673 -0.002739792 -0.000476835 0.999996066 12.152691841
0.999997139 0.000934492 0.002243764 0.234902501 -0.000934782 0.999999583 0.000127799 -0.357306868 -0.002243643 -0.000129896 0.999997437 12.533813477
0.999996245 0.001036214 0.002541149 0.238857880 -0.001039488 0.999998629 0.001287199 -0.378040969 -0.002539811 -0.001289836 0.999995947 12.921638489
0.999996901 0.000765503 0.002385619 0.250396103 -0.000768799 0.999998748 0.001381171 -0.392710090 -0.002384559 -0.001383000 0.999996245 13.313698769
0.999996543 0.000358852 0.002606176 0.261553586 -0.000362509 0.999998987 0.001402861 -0.400175869 -0.002605670 -0.001403800 0.999995649 13.729798317
0.999994576 0.000747531 0.003190514 0.261293948 -0.000750790 0.999999225 0.001020457 -0.407098323 -0.003189749 -0.001022847 0.999994338 14.160306931
0.999991834 0.000886434 0.003915532 0.271830320 -0.000892665 0.999998331 0.001589811 -0.420539975 -0.003914116 -0.001593294 0.999991059 14.581646919
0.999990642 0.001290678 0.004131794 0.279314101 -0.001297553 0.999997795 0.001661732 -0.434381753 -0.004129640 -0.001667077 0.999990165 15.004363060
0.999993503 0.000792470 0.003511936 0.299009293 -0.000797265 0.999998689 0.001364279 -0.446459681 -0.003510851 -0.001367070 0.999992907 15.436249733
0.999991477 0.001278295 0.003926845 0.308993876 -0.001284082 0.999998093 0.001471544 -0.460778862 -0.003924956 -0.001476574 0.999991179 15.873106003
0.999990404 0.000926242 0.004267041 0.318962306 -0.000931687 0.999998689 0.001274211 -0.469118506 -0.004265856 -0.001278174 0.999990106 16.317110062
0.999988317 0.001330085 0.004649883 0.328318924 -0.001335012 0.999998629 0.001056501 -0.480778873 -0.004648471 -0.001062697 0.999988675 16.763498306
0.999984920 0.000914428 0.005403458 0.335952818 -0.000921154 0.999998808 0.001242337 -0.497763246 -0.005402315 -0.001247295 0.999984622 17.217287064
0.999985039 0.001254565 0.005324532 0.348871410 -0.001261246 0.999998391 0.001251623 -0.504283130 -0.005322954 -0.001258320 0.999985039 17.673748016
0.999982297 0.001481859 0.005754309 0.361212671 -0.001485428 0.999998689 0.000616054 -0.512804329 -0.005753388 -0.000624591 0.999983311 18.137371063
0.999981940 0.001475549 0.005835095 0.373537511 -0.001479562 0.999998689 0.000683466 -0.520719290 -0.005834079 -0.000692087 0.999982715 18.620124817
0.999981284 0.001712957 0.005873467 0.391036749 -0.001717504 0.999998152 0.000769327 -0.535144866 -0.005872139 -0.000779401 0.999982417 19.090564728
0.999982059 0.001651840 0.005757703 0.408205658 -0.001654664 0.999998510 0.000485765 -0.546160161 -0.005756891 -0.000495283 0.999983311 19.573570251
0.999982238 0.001083600 0.005850042 0.417681068 -0.001087543 0.999999106 0.000670923 -0.557059109 -0.005849310 -0.000677273 0.999982655 20.063467026
0.999982178 0.001522998 0.005770006 0.428650379 -0.001525815 0.999998748 0.000483732 -0.574048102 -0.005769261 -0.000492527 0.999983191 20.558238983
0.999980509 0.002007964 0.005910859 0.438159317 -0.002012473 0.999997795 0.000757132 -0.585871994 -0.005909325 -0.000769013 0.999982238 21.056632996
0.999982417 0.001595837 0.005708498 0.447597265 -0.001600362 0.999998450 0.000788187 -0.596159518 -0.005707230 -0.000797309 0.999983370 21.564474106
0.999986827 0.001576511 0.004883735 0.458133787 -0.001579284 0.999998510 0.000563961 -0.608977377 -0.004882839 -0.000571666 0.999987900 22.055528641
0.999989450 0.001305519 0.004394607 0.473946959 -0.001308437 0.999998868 0.000660894 -0.617613077 -0.004393740 -0.000666637 0.999990106 22.565490723
0.999992013 0.001626352 0.003646622 0.488902658 -0.001630462 0.999998033 0.001124398 -0.641025007 -0.003644786 -0.001130335 0.999992728 23.082477570
0.999992669 0.001686709 0.003413681 0.487598628 -0.001688564 0.999998450 0.000540688 -0.653846323 -0.003412764 -0.000546448 0.999994040 23.604787827
0.999993443 0.001277405 0.003370973 0.493366838 -0.001276653 0.999999225 -0.000225194 -0.662422657 -0.003371258 0.000220889 0.999994278 24.133615494
0.999996245 0.001772613 0.002111917 0.508486748 -0.001773529 0.999998331 0.000432020 -0.680237532 -0.002111148 -0.000435764 0.999997735 24.666107178
0.999996960 0.001956476 0.001516108 0.523219287 -0.001957048 0.999997973 0.000375850 -0.690785646 -0.001515369 -0.000378816 0.999998808 25.192983627
0.999995708 0.002381498 0.001706143 0.527845085 -0.002382182 0.999997079 0.000399058 -0.705976725 -0.001705188 -0.000403120 0.999998450 25.724702835
0.999997377 0.002109390 0.000872610 0.542629004 -0.002109760 0.999997735 0.000424414 -0.723441660 -0.000871713 -0.000426254 0.999999583 26.289785385
0.999998391 0.001737384 0.000484147 0.542102575 -0.001737704 0.999998271 0.000661272 -0.733373284 -0.000482997 -0.000662112 0.999999583 26.826032639
0.999997735 0.002025640 0.000676389 0.551355541 -0.002026200 0.999997616 0.000828203 -0.753901124 -0.000674710 -0.000829572 0.999999404 27.367296219
0.999995232 0.003054519 0.000462358 0.558372021 -0.003054826 0.999995112 0.000663209 -0.766137421 -0.000460330 -0.000664618 0.999999642 27.921901703
0.999993145 0.003694609 0.000413948 0.568759024 -0.003694721 0.999993145 0.000270869 -0.778391302 -0.000412944 -0.000272397 0.999999881 28.449611664
0.999996901 0.002354346 -0.000721287 0.576712370 -0.002353803 0.999996960 0.000752430 -0.791755795 0.000723056 -0.000750730 0.999999464 29.004472733
0.999995828 0.002604573 -0.001203858 0.587165534 -0.002604542 0.999996662 0.000026942 -0.796628475 0.001203924 -0.000023806 0.999999285 29.565589905
0.999997020 0.002219365 -0.001009191 0.599351287 -0.002217973 0.999996603 0.001378700 -0.825111032 0.001012247 -0.001376458 0.999998629 30.094360352
0.999995410 0.002573419 -0.001575396 0.605768979 -0.002571648 0.999996066 0.001124624 -0.839859724 0.001578283 -0.001120567 0.999998152 30.643745422
0.999995768 0.002429388 -0.001595141 0.618331492 -0.002427791 0.999996483 0.001002668 -0.852997005 0.001597572 -0.000998791 0.999998271 31.185115814
0.999995530 0.002154097 -0.002084283 0.621414781 -0.002151427 0.999996841 0.001282121 -0.867785275 0.002087038 -0.001277631 0.999996960 31.736236572
0.999994874 0.002773340 -0.001669215 0.629609108 -0.002771574 0.999995589 0.001059099 -0.884183705 0.001672146 -0.001054467 0.999997973 32.289020538
0.999994814 0.002321572 -0.002217111 0.643527269 -0.002318472 0.999996245 0.001399792 -0.896870255 0.002220352 -0.001394645 0.999996543 32.829460144
0.999994040 0.002394412 -0.002486122 0.653034627 -0.002392848 0.999996841 0.000631961 -0.906278789 0.002487628 -0.000626008 0.999996662 33.378959656
0.999993324 0.003091179 -0.001976023 0.663292229 -0.003088584 0.999994338 0.001314674 -0.925090730 0.001980076 -0.001308562 0.999997139 33.918777466
0.999993384 0.002282676 -0.002836644 0.676257432 -0.002279977 0.999996960 0.000954153 -0.930229366 0.002838813 -0.000947679 0.999995530 34.450885773
0.999993384 0.002826982 -0.002280718 0.675604820 -0.002825203 0.999995768 0.000782959 -0.944211960 0.002282922 -0.000776511 0.999997079 35.012214661
0.999992371 0.002695156 -0.002843296 0.693970680 -0.002693501 0.999996245 0.000585883 -0.956478000 0.002844864 -0.000578220 0.999995828 35.549560547
0.999991536 0.002357409 -0.003349122 0.699380994 -0.002356122 0.999997139 0.000388276 -0.967500091 0.003350028 -0.000380382 0.999994338 36.088241577
0.999992132 0.002149649 -0.003320828 0.706951976 -0.002150188 0.999997675 -0.000158458 -0.977076352 0.003320480 0.000165598 0.999994516 36.642017365
0.999991953 0.002290561 -0.003299725 0.718788266 -0.002290000 0.999997377 0.000173653 -0.994879782 0.003300113 -0.000166095 0.999994576 37.171817780
0.999989927 0.002862812 -0.003464486 0.723444343 -0.002861505 0.999995828 0.000382207 -1.014473438 0.003465566 -0.000372289 0.999993920 37.729297638
0.999989569 0.002750778 -0.003646449 0.731816173 -0.002749559 0.999996126 0.000339450 -1.029005408 0.003647369 -0.000329420 0.999993324 38.283695221
0.999991119 0.002658189 -0.003280258 0.739489436 -0.002657474 0.999996483 0.000222209 -1.045060158 0.003280837 -0.000213490 0.999994636 38.826328278
0.999988019 0.002997692 -0.003900387 0.745540679 -0.002995271 0.999995232 0.000626385 -1.063313007 0.003902246 -0.000614695 0.999992192 39.371330261
0.999986231 0.002952455 -0.004347666 0.766400337 -0.002946896 0.999994755 0.001284267 -1.087767720 0.004351435 -0.001271438 0.999989748 39.897872925
0.999985576 0.003373069 -0.004188403 0.778349698 -0.003367793 0.999993443 0.001266220 -1.105182290 0.004192647 -0.001252096 0.999990404 40.440895081
0.999985099 0.003043242 -0.004528100 0.786473095 -0.003040401 0.999995112 0.000634404 -1.110491395 0.004530009 -0.000620628 0.999989569 41.026321411
0.999981880 0.003388452 -0.004968755 0.802021146 -0.003389255 0.999994218 -0.000153185 -1.112654090 0.004968207 0.000170023 0.999987662 41.578807831
0.999981582 0.002887973 -0.005328325 0.813466549 -0.002885521 0.999995768 0.000467881 -1.140333533 0.005329654 -0.000452498 0.999985754 42.106414795
0.999981821 0.003851088 -0.004635310 0.803299129 -0.003846522 0.999992132 0.000993418 -1.159148455 0.004639100 -0.000975571 0.999988675 42.674106598
0.999981761 0.003428712 -0.004969039 0.818379998 -0.003420916 0.999992907 0.001576709 -1.180091023 0.004974410 -0.001559681 0.999986351 43.212169647
0.999980748 0.003779678 -0.004913490 0.826293230 -0.003773127 0.999992013 0.001341934 -1.191898942 0.004918523 -0.001323369 0.999987006 43.766174316
0.999983668 0.003328384 -0.004651090 0.823737860 -0.003320493 0.999993026 0.001703300 -1.214116096 0.004656726 -0.001687828 0.999987721 44.308456421
0.999983609 0.003667066 -0.004416890 0.830479622 -0.003664226 0.999993026 0.000651099 -1.218816996 0.004419247 -0.000634903 0.999989986 44.863422394
0.999985754 0.003456554 -0.004057552 0.843335569 -0.003451651 0.999993324 0.001214791 -1.233948112 0.004061725 -0.001200769 0.999991000 45.387607574
0.999983966 0.003125550 -0.004720648 0.849777102 -0.003119681 0.999994338 0.001250112 -1.253186107 0.004724529 -0.001235365 0.999988079 45.959793091
0.999982297 0.003145563 -0.005053919 0.864778876 -0.003138895 0.999994159 0.001326769 -1.265218973 0.005058062 -0.001310882 0.999986410 46.499168396
0.999981880 0.003743571 -0.004722091 0.869315565 -0.003738817 0.999992490 0.001015153 -1.276131392 0.004725856 -0.000997479 0.999988377 47.035491943
0.999983430 0.002758351 -0.005051189 0.871115208 -0.002752574 0.999995470 0.001150352 -1.292980313 0.005054339 -0.001136429 0.999986589 47.593330383
0.999981701 0.003355690 -0.005026083 0.880168438 -0.003350812 0.999993861 0.000978640 -1.303374648 0.005029337 -0.000961781 0.999986887 48.141777039
0.999983668 0.002585683 -0.005081758 0.895874798 -0.002579937 0.999996006 0.001137048 -1.316786408 0.005084678 -0.001123919 0.999986470 48.698432922
0.999984562 0.002923118 -0.004726954 0.888524950 -0.002917831 0.999995112 0.001124960 -1.332785606 0.004730219 -0.001111150 0.999988198 49.237392426
0.999984086 0.003231904 -0.004624729 0.899414778 -0.003226068 0.999993920 0.001268672 -1.350022435 0.004628801 -0.001253732 0.999988496 49.778915405
0.999987185 0.003413345 -0.003711924 0.904584289 -0.003407740 0.999993086 0.001515173 -1.369252443 0.003717070 -0.001502504 0.999991953 50.330455780
0.999985337 0.002984401 -0.004522027 0.905373693 -0.002979550 0.999994993 0.001079500 -1.379556775 0.004525227 -0.001066011 0.999989152 50.869472504
0.999988317 0.002577312 -0.004083547 0.915570676 -0.002571418 0.999995530 0.001448043 -1.397960782 0.004087261 -0.001437526 0.999990642 51.420185089
0.999984562 0.002898721 -0.004740549 0.926216602 -0.002892131 0.999994814 0.001396188 -1.413940787 0.004744572 -0.001382456 0.999987721 51.969562531
0.999986470 0.002792040 -0.004372634 0.935309947 -0.002787620 0.999995589 0.001016597 -1.426964879 0.004375454 -0.001004395 0.999989867 52.512283325
0.999988079 0.002616099 -0.004128872 0.933200955 -0.002610771 0.999995708 0.001295517 -1.445538282 0.004132244 -0.001284721 0.999990642 53.059028625
0.999987543 0.003009908 -0.003997073 0.940664172 -0.003004667 0.999994695 0.001316661 -1.459451556 0.004001015 -0.001304635 0.999991119 53.602439880
0.999988139 0.003422586 -0.003483385 0.942720771 -0.003418715 0.999993563 0.001116801 -1.470005631 0.003487186 -0.001104879 0.999993324 54.157413483
0.999987185 0.003064144 -0.004009458 0.948790908 -0.003059933 0.999994755 0.001055659 -1.489989996 0.004012671 -0.001043377 0.999991417 54.715713501
0.999987900 0.002160926 -0.004405575 0.957810462 -0.002157675 0.999997437 0.000742310 -1.506443501 0.004407167 -0.000732795 0.999990046 55.258625031
0.999989033 0.002755340 -0.003791655 0.964696884 -0.002752306 0.999995887 0.000805130 -1.513567567 0.003793858 -0.000794686 0.999992490 55.807643890
0.999985754 0.002904519 -0.004477187 0.973355651 -0.002900481 0.999995351 0.000907939 -1.527500510 0.004479803 -0.000894940 0.999989569 56.363796234
0.999989510 0.002543352 -0.003805319 0.990488052 -0.002540497 0.999996483 0.000754989 -1.548071742 0.003807225 -0.000745313 0.999992490 56.894104004
0.999986529 0.003005335 -0.004216560 1.004526258 -0.002999893 0.999994755 0.001296374 -1.562944412 0.004220434 -0.001283708 0.999990284 57.437145233
0.999987364 0.002914300 -0.004089847 0.997699857 -0.002910251 0.999995232 0.000995506 -1.577505469 0.004092728 -0.000983591 0.999991059 57.980911255
0.999986470 0.002686464 -0.004442228 1.016169906 -0.002682804 0.999996066 0.000829774 -1.590626478 0.004444438 -0.000817845 0.999989748 58.516159058
0.999987960 0.003231732 -0.003678888 1.014097095 -0.003230627 0.999994695 0.000306530 -1.595309019 0.003679860 -0.000294641 0.999993205 59.065792084
0.999989092 0.002981884 -0.003600643 1.021471262 -0.002981632 0.999995589 0.000075165 -1.607111692 0.003600851 -0.000064429 0.999993503 59.616931915
0.999985099 0.003515125 -0.004157222 1.033992052 -0.003513864 0.999993801 0.000310259 -1.629411101 0.004158286 -0.000295646 0.999991298 60.178184509
0.999983311 0.003379378 -0.004674538 1.050597906 -0.003375096 0.999993920 0.000923416 -1.646863461 0.004677628 -0.000907624 0.999988616 60.725193024
0.999982297 0.004316397 -0.004089361 1.060180068 -0.004312253 0.999990165 0.001021569 -1.666375756 0.004093730 -0.001003917 0.999991059 61.285060883
0.999982536 0.003793385 -0.004523690 1.060448647 -0.003792303 0.999992788 0.000247696 -1.667644858 0.004524598 -0.000230536 0.999989748 61.806259155
0.999982119 0.003831295 -0.004600788 1.067488909 -0.003831198 0.999992669 0.000029946 -1.683904052 0.004600868 -0.000012319 0.999989450 62.352264404
0.999984086 0.003950212 -0.004037995 1.071200728 -0.003949394 0.999992192 0.000210289 -1.697960854 0.004038794 -0.000194337 0.999991834 62.912704468
0.999982178 0.004051970 -0.004372218 1.080038309 -0.004049923 0.999991715 0.000477057 -1.714667797 0.004374115 -0.000459342 0.999990344 63.442863464
0.999982715 0.004213496 -0.004087540 1.086316705 -0.004213440 0.999991179 0.000022232 -1.729385376 0.004087597 -0.000005009 0.999991715 63.999752045
0.999984026 0.004332140 -0.003614973 1.085867167 -0.004333030 0.999990642 -0.000238453 -1.740537047 0.003613906 0.000254113 0.999993443 64.551010132
0.999981344 0.004461425 -0.004162281 1.097211361 -0.004460130 0.999989986 0.000320275 -1.757074475 0.004163668 -0.000301705 0.999991238 65.063034058
0.999982297 0.004087750 -0.004333802 1.107712030 -0.004086827 0.999991655 0.000221804 -1.773371935 0.004334673 -0.000204088 0.999990582 65.615203857
0.999984622 0.003843528 -0.003987427 1.118880868 -0.003842680 0.999992609 0.000220614 -1.788371563 0.003988246 -0.000205289 0.999992013 66.157890320
0.999983788 0.004133719 -0.003918036 1.113709331 -0.004133745 0.999991477 0.000001466 -1.800295830 0.003918009 0.000014731 0.999992311 66.706550598
0.999980509 0.004366234 -0.004473890 1.131287813 -0.004367583 0.999990463 -0.000291816 -1.812955976 0.004472573 0.000311350 0.999989927 67.253181458
0.999983728 0.004166578 -0.003884618 1.127707243 -0.004166237 0.999991357 0.000095949 -1.826982975 0.003884983 -0.000079763 0.999992430 67.802772522
0.999982715 0.004485833 -0.003786101 1.139503837 -0.004483093 0.999989688 0.000731936 -1.857197046 0.003789345 -0.000714950 0.999992549 68.332572937
0.999984145 0.004207305 -0.003742173 1.144567966 -0.004207089 0.999991179 0.000065378 -1.870343447 0.003742415 -0.000049633 0.999993026 68.878562927
0.999984026 0.004088010 -0.003896264 1.166502357 -0.004086961 0.999991715 0.000276983 -1.890028119 0.003897364 -0.000261055 0.999992371 69.422813416
0.999982893 0.004819859 -0.003341608 1.161015391 -0.004819635 0.999988377 0.000075272 -1.893616676 0.003341930 -0.000059166 0.999994397 69.949859619
0.999983549 0.004294571 -0.003798176 1.174917698 -0.004292005 0.999990582 0.000683574 -1.912480235 0.003801075 -0.000667261 0.999992549 70.497756958
0.999982953 0.004530766 -0.003681117 1.180366397 -0.004530653 0.999989688 0.000038897 -1.921811342 0.003681255 -0.000022218 0.999993205 71.046470642
0.999979675 0.004944079 -0.004020066 1.197453022 -0.004946175 0.999987602 -0.000511963 -1.933411956 0.004017485 0.000531837 0.999991715 71.590438843
0.999979556 0.004962013 -0.004025874 1.198723197 -0.004962454 0.999987662 -0.000099641 -1.949404001 0.004025332 0.000119618 0.999991894 72.141975403
0.999979496 0.004632506 -0.004433201 1.209803104 -0.004634758 0.999989092 -0.000497826 -1.964446545 0.004430844 0.000518363 0.999989986 72.689689636
0.999979556 0.005030461 -0.003941887 1.209952712 -0.005029516 0.999987304 0.000249575 -1.985267162 0.003943092 -0.000229744 0.999992132 73.231224060
0.999980211 0.004731935 -0.004134762 1.215713143 -0.004731491 0.999988735 0.000116988 -1.998788595 0.004135268 -0.000097422 0.999991417 73.777206421
0.999981701 0.004585548 -0.003939808 1.228484750 -0.004585661 0.999989510 -0.000019643 -2.014213324 0.003939676 0.000037709 0.999992251 74.320976257
0.999983609 0.004287225 -0.003783578 1.241634488 -0.004286955 0.999990821 0.000079352 -2.027790070 0.003783882 -0.000063131 0.999992847 74.871391296
0.999982893 0.004314972 -0.003949407 1.241433144 -0.004314980 0.999990761 0.000006452 -2.039807320 0.003949396 0.000010590 0.999992192 75.421623230
0.999982953 0.004058519 -0.004182938 1.259608030 -0.004057468 0.999991655 0.000259848 -2.062406063 0.004183958 -0.000242872 0.999991179 75.946037292
0.999980450 0.004491255 -0.004329155 1.267704964 -0.004491187 0.999989808 0.000025413 -2.076596260 0.004329226 -0.000005970 0.999990582 76.491859436
0.999985993 0.003173352 -0.004235900 1.277818918 -0.003174927 0.999994874 -0.000364936 -2.088907957 0.004234720 0.000378380 0.999990940 77.043220520
0.999981999 0.003875743 -0.004586711 1.295822620 -0.003877178 0.999992430 -0.000304013 -2.100215435 0.004585498 0.000321791 0.999989450 77.593971252
0.999980927 0.003692662 -0.004969610 1.309325218 -0.003693688 0.999993205 -0.000197297 -2.117109776 0.004968848 0.000215649 0.999987662 78.143699646
0.999984384 0.003542556 -0.004342569 1.310793042 -0.003544786 0.999993563 -0.000505816 -2.132242918 0.004340748 0.000521202 0.999990463 78.707672119
0.999980390 0.004007263 -0.004808222 1.320505381 -0.004005781 0.999991953 0.000317786 -2.153046846 0.004809456 -0.000298519 0.999988377 79.218872070
0.999974787 0.005663100 -0.004272873 1.320336938 -0.005661551 0.999983966 0.000374399 -2.165988445 0.004274924 -0.000350199 0.999990821 79.777565002
0.999980211 0.004154344 -0.004707820 1.336866140 -0.004158058 0.999991119 -0.000779451 -2.175386667 0.004704540 0.000799011 0.999988616 80.324851990
0.999984384 0.004304306 -0.003572132 1.343516111 -0.004304688 0.999990702 -0.000099272 -2.194213629 0.003571671 0.000114647 0.999993622 80.855613708
0.999985933 0.004655377 -0.002574491 1.351907015 -0.004655024 0.999989152 0.000143248 -2.211292028 0.002575131 -0.000131262 0.999996662 81.395606995
0.999991059 0.004086811 -0.001116694 1.361002564 -0.004086516 0.999991655 0.000266651 -2.236237049 0.001117773 -0.000262085 0.999999344 81.933395386
0.999990046 0.004460005 0.000153048 1.378707528 -0.004460074 0.999989927 0.000457696 -2.252926588 -0.000151006 -0.000458374 0.999999881 82.506469727
0.999989271 0.003665188 0.002843210 1.402372003 -0.003664001 0.999993145 -0.000422611 -2.260937929 -0.002844740 0.000412189 0.999995887 83.064117432
0.999962032 0.004614785 0.007406859 1.403005481 -0.004613869 0.999989331 -0.000140801 -2.274673223 -0.007407431 0.000106622 0.999972582 83.598899841
0.999931395 0.004777762 0.010686151 1.420244932 -0.004775027 0.999988496 -0.000281449 -2.288471937 -0.010687374 0.000230403 0.999942899 84.150413513
0.999876082 0.004795818 0.014995600 1.446375012 -0.004795545 0.999988496 -0.000054133 -2.308755398 -0.014995687 -0.000017786 0.999887586 84.696449280
0.999773264 0.004484713 0.020819467 1.475553393 -0.004485421 0.999989927 -0.000012678 -2.325773716 -0.020819314 -0.000080709 0.999783278 85.246437073
0.999647021 0.004662350 0.026157368 1.511004925 -0.004688631 0.999988496 0.000943495 -2.351209402 -0.026152667 -0.001065805 0.999657393 85.778366089
0.999484956 0.004491869 0.031775620 1.542195797 -0.004489190 0.999989927 -0.000155655 -2.355897665 -0.031775996 0.000012928 0.999495029 86.368362427
0.999183059 0.004346825 0.040179476 1.572311521 -0.004345705 0.999990582 -0.000115194 -2.369015217 -0.040179603 -0.000059508 0.999192417 86.933784485
0.998832941 0.003748802 0.048152678 1.633157492 -0.003753472 0.999993026 0.000006585 -2.387645721 -0.048152313 -0.000187317 0.998839974 87.495193481
0.998463035 0.004116246 0.055270791 1.665122509 -0.004133740 0.999991417 0.000202204 -2.404603958 -0.055269491 -0.000430368 0.998471320 88.017349243
0.997911930 0.003916641 0.064470097 1.718832254 -0.003929365 0.999992251 0.000070586 -2.417693138 -0.064469323 -0.000323765 0.997919619 88.567527771
0.997204065 0.004286845 0.074602403 1.777658939 -0.004273743 0.999990821 -0.000335255 -2.428941727 -0.074603148 0.000015486 0.997213304 89.121620178
0.996554196 0.003775839 0.082858443 1.839887619 -0.003731421 0.999992788 -0.000690936 -2.439543724 -0.082860440 0.000379376 0.996561110 89.676536560
0.995879591 0.003333294 0.090623014 1.916265488 -0.003298527 0.999994338 -0.000533405 -2.459387541 -0.090624273 0.000232284 0.995885134 90.238685608
0.994789422 0.003134240 0.101902656 1.987668991 -0.003113043 0.999995053 -0.000367043 -2.476761103 -0.101903319 0.000047903 0.994794309 90.765174866
0.993636489 0.003749206 0.112571590 2.063709259 -0.003709528 0.999993026 -0.000561921 -2.487906933 -0.112572908 0.000140758 0.993643463 91.313499451
0.992542088 0.002981213 0.121865883 2.146213531 -0.002944810 0.999995530 -0.000478830 -2.509466648 -0.121866778 0.000116387 0.992546439 91.882324219
0.991142809 0.003405850 0.132756338 2.231829643 -0.003426636 0.999994159 -0.000071896 -2.519065380 -0.132755816 -0.000383648 0.991148710 92.423133850
0.989398122 0.002772039 0.145202130 2.324691772 -0.002733254 0.999996185 -0.000466607 -2.532676697 -0.145202830 0.000064786 0.989401877 92.975051880
0.987796962 0.002333116 0.155729592 2.443924904 -0.002341758 0.999997258 -0.000127962 -2.558571815 -0.155729458 -0.000238281 0.987799704 93.535316467
0.986096740 0.002944247 0.166146263 2.552740097 -0.003001966 0.999995530 0.000096268 -2.574575663 -0.166145220 -0.000593695 0.986101091 94.080825806
0.983910382 0.001732510 0.178654224 2.675461769 -0.001777516 0.999998450 0.000091846 -2.589820623 -0.178653777 -0.000407929 0.983911872 94.594497681
0.981494546 0.002110336 0.191479221 2.803520203 -0.002105147 0.999997735 -0.000230529 -2.601445436 -0.191479310 -0.000176829 0.981496751 95.174095154
0.979366124 0.001581194 0.202087820 2.931200027 -0.001538422 0.999998748 -0.000368719 -2.612024069 -0.202088147 0.000050215 0.979367316 95.711517334
0.976668537 0.001756689 0.214745402 3.078765869 -0.001836529 0.999998331 0.000172272 -2.635165453 -0.214744747 -0.000562639 0.976670086 96.235160828
0.973596573 0.001600749 0.228269935 3.218532562 -0.001619244 0.999998629 -0.000106261 -2.644047022 -0.228269845 -0.000266169 0.973597884 96.774719238
0.970903099 0.001379682 0.239468649 3.361043930 -0.001426462 0.999998927 0.000022032 -2.659684896 -0.239468351 -0.000362984 0.970904112 97.310585022
0.967916787 0.001080849 0.251268655 3.520978928 -0.001055290 0.999999404 -0.000236463 -2.670981646 -0.251268774 -0.000036285 0.967917323 97.825752258
0.964099526 0.000903601 0.265539557 3.685987473 -0.000964324 0.999999523 0.000098306 -2.698427916 -0.265539348 -0.000350843 0.964099944 98.386108398
0.960725725 0.000354919 0.277499318 3.861965179 -0.000424974 0.999999940 0.000192307 -2.714613199 -0.277499229 -0.000302684 0.960725784 98.903503418
0.957260013 0.000649231 0.289227754 4.036682129 -0.000928151 0.999999225 0.000827210 -2.735628128 -0.289227009 -0.001060302 0.957259834 99.446929932
0.952985942 0.000164706 0.303014219 4.225009918 -0.000389699 0.999999702 0.000682054 -2.749389172 -0.303014040 -0.000768072 0.952985704 99.974388123
0.948620200 -0.000748586 0.316415966 4.422624588 0.000634500 0.999999762 0.000463588 -2.764411688 -0.316416264 -0.000239003 0.948620319 100.473571777
0.944865763 -0.001654268 0.327453762 4.620910645 0.001656466 0.999998629 0.000272184 -2.771072865 -0.327453792 0.000285239 0.944867074 100.974296570
0.940139115 -0.002147193 0.340784341 4.821207047 0.002322389 0.999997318 -0.000106172 -2.786444426 -0.340783238 0.000891250 0.940141499 101.483413696
0.934843838 -0.001697796 0.355055153 5.057683945 0.001672870 0.999998510 0.000377183 -2.808972836 -0.355055273 0.000241354 0.934845269 102.052085876
0.929958344 -0.001621183 0.367661506 5.277959824 0.001359706 0.999998569 0.000970215 -2.828396797 -0.367662579 -0.000402348 0.929959118 102.559127808
0.925384939 -0.002701450 0.379019111 5.505058289 0.002903980 0.999995768 0.000037305 -2.831178904 -0.379017681 0.001066143 0.925388873 103.069847107
0.919279814 -0.002473373 0.393596828 5.744636536 0.002621580 0.999996483 0.000161076 -2.848392010 -0.393595874 0.000883772 0.919283152 103.590583801
0.913572550 -0.003097666 0.406663954 5.988304138 0.003113871 0.999994934 0.000621899 -2.864377975 -0.406663865 0.000698149 0.913577557 104.079177856
0.908432245 -0.002986734 0.418021351 6.228511810 0.003127377 0.999995053 0.000348569 -2.877643824 -0.418020338 0.000990659 0.908437192 104.577438354
0.902142465 -0.003814598 0.431421310 6.491073608 0.003969081 0.999991894 0.000542139 -2.892967224 -0.431419909 0.001223260 0.902150333 105.073867798
0.895396531 -0.004014539 0.445251733 6.757625580 0.004030367 0.999991417 0.000911235 -2.911733866 -0.445251524 0.000978611 0.895404994 105.554702759
0.889676630 -0.004867324 0.456565142 7.038208008 0.005134055 0.999986589 0.000656223 -2.927747488 -0.456562191 0.001760205 0.889689624 106.029693604
0.883691728 -0.005416319 0.468037874 7.296184540 0.005783685 0.999983072 0.000652150 -2.928299665 -0.468033433 0.002130684 0.883708179 106.552078247
0.876542389 -0.006159064 0.481285244 7.589000702 0.006641861 0.999977708 0.000700322 -2.942049026 -0.481278807 0.002582768 0.876563787 107.028778076
0.869305968 -0.005479975 0.494243890 7.873332977 0.005895563 0.999982357 0.000717925 -2.960642576 -0.494239151 0.002289750 0.869322896 107.499824524
