1.000000000 0.000000000 0.000000000 0.000000000 0.000000000 1.000000000 0.000000000 0.000000000 0.000000000 0.000000000 1.000000000 0.000000000
1.000000000 0.000053550 -0.000045384 0.000438653 -0.000053550 1.000000000 0.000002405 0.000566927 0.000045384 -0.000002403 1.000000000 0.002209677
1.000000000 -0.000031249 -0.000046279 0.001378490 0.000031252 1.000000000 0.000046435 -0.001236187 0.000046277 -0.000046437 1.000000000 0.000535697
1.000000000 -0.000047975 -0.000073207 0.001518362 0.000047972 1.000000000 -0.000038330 0.000142204 0.000073208 0.000038326 1.000000000 -0.003281876
1.000000000 -0.000138864 -0.000133447 0.001784039 0.000138872 1.000000000 0.000055881 -0.000504055 0.000133439 -0.000055900 1.000000000 -0.000195495
0.999999940 -0.000199640 -0.000161763 0.000968605 0.000199647 1.000000000 0.000046486 0.000341500 0.000161753 -0.000046519 1.000000000 -0.000982187
0.999999940 -0.000268680 -0.000099450 0.002122992 0.000268688 0.999999940 0.000077778 -0.000525317 0.000099429 -0.000077804 1.000000000 0.000655748
1.000000000 -0.000150838 -0.000081403 0.001338203 0.000150843 1.000000000 0.000051925 -0.000768857 0.000081395 -0.000051937 1.000000000 -0.002199773
1.000000000 -0.000046262 -0.000099725 0.001925472 0.000046267 1.000000000 0.000052635 -0.000211945 0.000099723 -0.000052640 1.000000000 -0.003194600
1.000000000 -0.000058886 -0.000025640 -0.000167336 0.000058887 1.000000000 0.000036516 0.000865249 0.000025638 -0.000036517 1.000000000 0.002570622
1.000000000 -0.000088829 -0.000062317 0.001269031 0.000088829 1.000000000 0.000005443 0.000300618 0.000062317 -0.000005449 1.000000000 -0.000436828
1.000000000 -0.000137269 -0.000126100 0.001381082 0.000137273 1.000000000 0.000028427 -0.000237816 0.000126096 -0.000028444 1.000000000 -0.001407152
1.000000000 -0.000146438 -0.000067381 -0.000203756 0.000146436 1.000000000 -0.000021222 0.001235365 0.000067384 0.000021212 1.000000000 0.001416876
0.999999940 -0.000222363 -0.000133422 0.001146017 0.000222374 1.000000000 0.000079147 0.000478215 0.000133405 -0.000079177 1.000000000 -0.001814338
1.000000000 -0.000095819 -0.000128018 0.001424194 0.000095823 1.000000000 0.000031238 -0.000227020 0.000128015 -0.000031251 1.000000000 -0.003400766
0.999999940 -0.000169105 -0.000187844 0.004476732 0.000169133 1.000000000 0.000150825 -0.001235919 0.000187819 -0.000150857 1.000000000 -0.006843528
1.000000000 -0.000174647 -0.000099237 0.001855265 0.000174654 1.000000000 0.000070152 -0.000415491 0.000099225 -0.000070170 1.000000000 -0.003773241
1.000000000 -0.000119535 -0.000097660 0.001910603 0.000119535 1.000000000 0.000009455 0.000515878 0.000097658 -0.000009467 1.000000000 -0.000602318
1.000000000 -0.000014415 -0.000111588 0.001815575 0.000014421 1.000000000 0.000056378 0.000030574 0.000111588 -0.000056379 1.000000000 -0.003335825
0.999999940 -0.000205650 -0.000133440 0.001592379 0.000205656 1.000000000 0.000044108 -0.000403507 0.000133431 -0.000044135 1.000000000 -0.004092691
1.000000000 -0.000201928 -0.000123906 0.001789807 0.000201933 1.000000000 0.000034114 0.000606848 0.000123899 -0.000034139 1.000000000 -0.000218674
1.000000000 -0.000179691 -0.000130179 0.001010409 0.000179701 1.000000000 0.000077276 -0.001272813 0.000130165 -0.000077299 1.000000000 -0.003794306
1.000000000 -0.000120971 -0.000163655 0.003722455 0.000120985 1.000000000 0.000081020 -0.000445571 0.000163645 -0.000081040 1.000000000 -0.003114752
0.999999940 -0.000160643 -0.000202368 0.004312327 0.000160658 1.000000000 0.000072154 -0.000858530 0.000202356 -0.000072187 1.000000000 -0.002950104
0.999999940 -0.000229135 -0.000166670 0.003330792 0.000229150 0.999999940 0.000093291 -0.001096921 0.000166649 -0.000093329 1.000000000 -0.005272778
0.999999940 -0.000206131 -0.000192303 0.003181633 0.000206138 1.000000000 0.000037787 0.000418169 0.000192295 -0.000037827 1.000000000 -0.001778441
0.999999940 -0.000199891 -0.000161458 0.003707886 0.000199901 1.000000000 0.000057240 0.000551650 0.000161447 -0.000057272 1.000000000 -0.002164779
0.999999940 -0.000236100 -0.000169856 0.003993677 0.000236116 0.999999940 0.000096900 -0.001030226 0.000169833 -0.000096940 1.000000000 -0.004686059
0.999999940 -0.000236399 -0.000124477 0.001128784 0.000236409 0.999999940 0.000079823 -0.001028295 0.000124458 -0.000079852 1.000000000 -0.002709300
1.000000000 -0.000113408 -0.000202895 0.003872317 0.000113434 1.000000000 0.000129222 -0.001098689 0.000202880 -0.000129245 1.000000000 -0.004166034
0.999999940 -0.000283235 -0.000217642 0.004737203 0.000283251 0.999999940 0.000075006 -0.000645923 0.000217621 -0.000075068 1.000000000 -0.003911858
0.999999940 -0.000271117 -0.000233115 0.003920583 0.000271136 0.999999940 0.000080939 -0.000243053 0.000233093 -0.000081002 0.999999940 -0.003903335
1.000000000 -0.000178620 -0.000163434 0.002947242 0.000178631 1.000000000 0.000067939 0.000474395 0.000163422 -0.000067968 1.000000000 -0.004645398
1.000000000 -0.000156169 -0.000173908 0.003782701 0.000156177 1.000000000 0.000050484 -0.000674641 0.000173900 -0.000050511 1.000000000 -0.003196148
0.999999940 -0.000174499 -0.000188475 0.003984931 0.000174511 1.000000000 0.000062248 -0.000560237 0.000188464 -0.000062281 1.000000000 -0.002320605
0.999999940 -0.000226692 -0.000144723 0.002352949 0.000226708 0.999999940 0.000110816 -0.001446623 0.000144698 -0.000110849 1.000000000 -0.005242806
0.999999940 -0.000212491 -0.000207337 0.003092926 0.000212504 1.000000000 0.000061343 0.000347859 0.000207324 -0.000061387 1.000000000 -0.002365197
0.999999940 -0.000193813 -0.000207835 0.005472017 0.000193840 1.000000000 0.000127620 -0.000593974 0.000207810 -0.000127660 1.000000000 -0.006364709
0.999999940 -0.000254252 -0.000156382 0.002164023 0.000254263 0.999999940 0.000069623 0.000353828 0.000156364 -0.000069662 1.000000000 -0.003524968
0.999999940 -0.000179172 -0.000210644 0.003287612 0.000179201 1.000000000 0.000133255 -0.001076583 0.000210620 -0.000133293 0.999999940 -0.005048515
0.999999940 -0.000194861 -0.000222503 0.005240997 0.000194867 1.000000000 0.000025738 -0.001596386 0.000222498 -0.000025781 1.000000000 -0.002188022
0.999999940 -0.000248357 -0.000044805 0.002056950 0.000248334 0.999999821 -0.000513895 -0.002714425 0.000044933 0.000513884 0.999999881 0.050779633
1.000000000 -0.000089293 -0.000146296 0.004360113 0.000089131 0.999999404 -0.001104353 -0.005686766 0.000146394 0.001104340 0.999999404 0.140142024
1.000000000 -0.000176453 -0.000096931 0.005079819 0.000176311 0.999998927 -0.001463690 -0.007697374 0.000097189 0.001463673 0.999998927 0.258034617
1.000000000 -0.000172950 -0.000030942 0.006389967 0.000172907 0.999998987 -0.001409609 -0.011430921 0.000031185 0.001409604 0.999998987 0.392606437
1.000000000 -0.000080524 -0.000106045 0.009448669 0.000080403 0.999999344 -0.001137165 -0.019044872 0.000106136 0.001137156 0.999999344 0.527814806
1.000000000 0.000074280 0.000007150 0.011746878 -0.000074272 0.999999404 -0.001104527 -0.020824797 -0.000007232 0.001104526 0.999999404 0.685706079
1.000000000 -0.000006108 0.000144719 0.012954129 0.000006240 0.999999583 -0.000911123 -0.025432775 -0.000144714 0.000911124 0.999999583 0.845742047
0.999999940 0.000353747 0.000204572 0.011839259 -0.000353587 0.999999642 -0.000779350 -0.025283592 -0.000204848 0.000779277 0.999999702 1.027906656
1.000000000 0.000140223 -0.000133506 0.025233416 -0.000140290 0.999999881 -0.000497236 -0.040708955 0.000133436 0.000497255 0.999999881 1.187112451
1.000000000 0.000080232 -0.000039624 0.029675674 -0.000080245 0.999999940 -0.000322412 -0.041394565 0.000039598 0.000322415 0.999999940 1.364950299
0.999999940 0.000179749 -0.000193859 0.029549913 -0.000179833 0.999999881 -0.000435430 -0.044627789 0.000193781 0.000435464 0.999999881 1.577363372
1.000000000 0.000097382 0.000122430 0.034882527 -0.000097353 0.999999940 -0.000241876 -0.057779465 -0.000122454 0.000241864 0.999999940 1.774108529
0.999999702 -0.000568918 0.000480737 0.037593175 0.000568413 0.999999225 0.001050572 -0.092535034 -0.000481334 -0.001050299 0.999999344 1.993845344
0.999999881 -0.000251052 0.000535386 0.035794895 0.000250398 0.999999166 0.001221178 -0.100092486 -0.000535692 -0.001221044 0.999999166 2.205340624
0.999999881 -0.000314312 0.000234399 0.046643175 0.000313995 0.999998987 0.001349718 -0.103849746 -0.000234823 -0.001349645 0.999999106 2.422712326
0.999999642 -0.000420824 0.000594574 0.054352477 0.000420090 0.999999106 0.001233915 -0.110756978 -0.000595093 -0.001233665 0.999999106 2.638396025
0.999999702 -0.000497715 0.000564570 0.055258509 0.000496884 0.999998868 0.001470452 -0.120793365 -0.000565301 -0.001470171 0.999998808 2.868244648
0.999999523 -0.000450291 0.000843511 0.056522328 0.000449162 0.999998987 0.001338245 -0.127542093 -0.000844113 -0.001337865 0.999998748 3.134407043
0.999999404 -0.000840200 0.000730118 0.063168988 0.000839256 0.999998808 0.001291858 -0.133583024 -0.000731202 -0.001291244 0.999998927 3.371038198
0.999999344 -0.000680221 0.000816301 0.068794593 0.000679065 0.999998689 0.001414896 -0.141518191 -0.000817263 -0.001414341 0.999998689 3.611045599
0.999999523 -0.000634577 0.000709453 0.077701733 0.000633365 0.999998331 0.001708241 -0.153005749 -0.000710536 -0.001707791 0.999998331 3.881658554
0.999999404 -0.000912604 0.000704839 0.084095076 0.000911400 0.999998152 0.001706825 -0.160053402 -0.000706395 -0.001706181 0.999998331 4.129469872
0.999999344 -0.000414631 0.001073562 0.079555683 0.000412589 0.999998033 0.001901082 -0.164695203 -0.001074348 -0.001900638 0.999997616 4.380656719
0.999999344 -0.000534946 0.000958947 0.086920492 0.000532458 0.999996483 0.002592945 -0.186748013 -0.000960330 -0.002592433 0.999996126 4.653466225
0.999999285 -0.000353107 0.001137134 0.091841966 0.000350116 0.999996483 0.002628888 -0.195157394 -0.001138058 -0.002628488 0.999995947 4.906334400
0.999999404 -0.000782377 0.000745122 0.102893814 0.000780262 0.999995589 0.002834658 -0.202436820 -0.000747336 -0.002834075 0.999995708 5.173138618
0.999999344 -0.000539245 0.001045643 0.098657608 0.000536312 0.999995887 0.002804046 -0.211205721 -0.001047150 -0.002803484 0.999995530 5.432597160
0.999999344 -0.000470529 0.001043650 0.108022578 0.000467681 0.999996066 0.002727277 -0.218021259 -0.001044929 -0.002726787 0.999995768 5.687839508
0.999998927 -0.000349911 0.001420611 0.098465249 0.000345436 0.999994993 0.003149454 -0.241375834 -0.001421706 -0.003148960 0.999994040 5.981429577
0.999998808 -0.001149221 0.001028204 0.110119320 0.001145842 0.999993980 0.003280802 -0.252297044 -0.001031968 -0.003279620 0.999994099 6.252351284
0.999998629 -0.000390339 0.001624950 0.107164234 0.000384966 0.999994516 0.003305509 -0.258817017 -0.001626231 -0.003304879 0.999993205 6.546155453
0.999998331 -0.000464569 0.001760364 0.116870366 0.000458588 0.999994099 0.003396637 -0.269614339 -0.001761931 -0.003395824 0.999992728 6.817188740
0.999998569 -0.000721622 0.001560318 0.124981731 0.000716044 0.999993443 0.003572701 -0.277942508 -0.001562885 -0.003571579 0.999992371 7.120777607
0.999998689 -0.001063733 0.001239440 0.139048517 0.001059202 0.999992847 0.003650781 -0.287776440 -0.001243314 -0.003649463 0.999992549 7.406091213
0.999998510 -0.000148743 0.001771654 0.133680254 0.000142050 0.999992788 0.003777570 -0.310532391 -0.001772204 -0.003777313 0.999991298 7.708804131
0.999998271 -0.000408628 0.001794449 0.142161399 0.000401739 0.999992490 0.003837716 -0.319257349 -0.001796004 -0.003836988 0.999991059 8.023743629
0.999998212 -0.000529475 0.001809152 0.149783552 0.000522491 0.999992371 0.003858680 -0.329865903 -0.001811181 -0.003857728 0.999990940 8.344095230
0.999998391 -0.000188751 0.001768180 0.156660229 0.000181999 0.999992669 0.003818132 -0.332483381 -0.001768887 -0.003817804 0.999991179 8.667813301
0.999997318 0.000387383 0.002254743 0.144797876 -0.000396130 0.999992371 0.003879859 -0.343643665 -0.002253223 -0.003880742 0.999989867 9.022035599
0.999997914 -0.000066762 0.002005640 0.158431858 0.000058616 0.999991715 0.004061306 -0.355620801 -0.002005895 -0.004061181 0.999989688 9.353627205
0.999997735 -0.000465335 0.002074764 0.162219688 0.000457299 0.999992371 0.003871975 -0.364184052 -0.002076550 -0.003871018 0.999990344 9.669227600
0.999997616 -0.000690307 0.002081419 0.171012938 0.000682219 0.999992132 0.003884258 -0.369931787 -0.002084084 -0.003882828 0.999990284 10.019989967
0.999997616 -0.000385218 0.002156083 0.175724894 0.000376959 0.999992609 0.003829507 -0.380969048 -0.002157542 -0.003828686 0.999990344 10.381736755
0.999997318 -0.000292337 0.002288711 0.186501160 0.000283310 0.999992132 0.003943703 -0.388524413 -0.002289847 -0.003943044 0.999989569 10.738974571
0.999998033 -0.000608039 0.001844144 0.196175694 0.000600260 0.999990940 0.004216272 -0.402002037 -0.001846690 -0.004215157 0.999989390 11.084637642
0.999997437 -0.000322648 0.002244606 0.203594118 0.000312974 0.999990702 0.004308887 -0.413719624 -0.002245975 -0.004308174 0.999988198 11.457622528
0.999997437 -0.000123907 0.002271330 0.211580649 0.000114332 0.999991119 0.004215217 -0.420031905 -0.002271833 -0.004214947 0.999988496 11.853369713
0.999997914 -0.000041903 0.002039655 0.223859653 0.000033017 0.999990463 0.004356502 -0.434565157 -0.002039818 -0.004356426 0.999988377 12.210212708
0.999997675 -0.000070048 0.002129972 0.234053090 0.000060839 0.999990582 0.004323442 -0.442858517 -0.002130255 -0.004323303 0.999988377 12.599940300
0.999997914 -0.000794119 0.001893355 0.248332888 0.000784937 0.999987960 0.004845449 -0.469668090 -0.001897180 -0.004843953 0.999986470 12.968929291
0.999998689 -0.000783672 0.001418150 0.266099989 0.000776657 0.999987483 0.004940912 -0.480102539 -0.001422004 -0.004939803 0.999986768 13.374065399
0.999997914 -0.000794591 0.001907588 0.268770814 0.000785022 0.999987125 0.005012029 -0.491936088 -0.001911546 -0.005010521 0.999985576 13.775680542
0.999997735 -0.000767252 0.001982049 0.280018806 0.000756894 0.999986053 0.005221837 -0.503379345 -0.001986028 -0.005220325 0.999984384 14.171939850
0.999997377 -0.000656031 0.002199308 0.286036342 0.000644304 0.999985635 0.005328576 -0.520170867 -0.002202772 -0.005327146 0.999983370 14.584725380
0.999996245 -0.000897937 0.002598130 0.284319490 0.000882891 0.999982893 0.005786509 -0.544792950 -0.002603281 -0.005784192 0.999979854 14.957718849
0.999995708 -0.001256320 0.002644512 0.298033297 0.001240468 0.999981344 0.005987624 -0.556147695 -0.002651984 -0.005984317 0.999978542 15.388612747
0.999995112 -0.001231281 0.002864940 0.313913941 0.001212976 0.999978900 0.006382546 -0.576499879 -0.002872739 -0.006379040 0.999975502 15.797717094
0.999993205 -0.000735187 0.003617810 0.311465144 0.000711889 0.999979019 0.006437024 -0.586657822 -0.003622467 -0.006434403 0.999972761 16.243602753
0.999992430 -0.001220134 0.003677689 0.323594332 0.001196751 0.999979079 0.006353723 -0.598992527 -0.003685364 -0.006349275 0.999973059 16.685401917
0.999992132 -0.001088934 0.003837461 0.343326628 0.001063591 0.999977648 0.006599780 -0.608279943 -0.003844562 -0.006595646 0.999970913 17.151525497
0.999991238 -0.001178581 0.004001956 0.342407435 0.001150739 0.999975145 0.006952254 -0.627579927 -0.004010050 -0.006947588 0.999967813 17.550975800
0.999989986 -0.001428023 0.004235803 0.357437223 0.001398706 0.999975085 0.006916145 -0.639091671 -0.004245575 -0.006910152 0.999967158 18.012960434
0.999987662 -0.001442713 0.004765739 0.368939519 0.001409111 0.999974132 0.007046613 -0.649818242 -0.004775783 -0.007039811 0.999963820 18.486063004
0.999988496 -0.001549667 0.004536054 0.373307586 0.001516210 0.999971628 0.007369786 -0.672611833 -0.004547346 -0.007362825 0.999962568 18.921398163
0.999989033 -0.001231232 0.004504005 0.388477176 0.001199433 0.999974370 0.007055976 -0.681161344 -0.004512577 -0.007050498 0.999964952 19.394422531
0.999988377 -0.000924858 0.004714708 0.394071043 0.000888781 0.999970376 0.007648217 -0.691337109 -0.004721643 -0.007643939 0.999959648 19.871103287
0.999987125 -0.001385346 0.004862665 0.409097880 0.001347131 0.999968290 0.007853351 -0.704504609 -0.004873391 -0.007846700 0.999957323 20.373439789
0.999990940 -0.002344288 0.003531802 0.439868927 0.002316700 0.999966860 0.007795297 -0.729234278 -0.003549959 -0.007787045 0.999963343 20.788410187
0.999992013 -0.002123510 0.003384830 0.445237368 0.002096781 0.999966741 0.007880866 -0.735989690 -0.003401452 -0.007873707 0.999963284 21.301654816
0.999994397 -0.001758245 0.002832426 0.446522921 0.001735823 0.999967277 0.007899463 -0.753187776 -0.002846224 -0.007894502 0.999964833 21.800962448
0.999994040 -0.002140919 0.002703615 0.461599916 0.002118757 0.999964297 0.008173742 -0.761974156 -0.002721017 -0.008167964 0.999963045 22.288084030
0.999994040 -0.002722484 0.002124010 0.473131806 0.002704440 0.999960601 0.008452060 -0.777661443 -0.002146937 -0.008446265 0.999962032 22.756746292
0.999994695 -0.002891662 0.001487750 0.483478189 0.002879032 0.999960363 0.008422201 -0.793900549 -0.001512045 -0.008417873 0.999963462 23.280351639
0.999989331 -0.004576323 0.000466471 0.501106203 0.004572199 0.999953568 0.008487324 -0.808468938 -0.000505290 -0.008485102 0.999963880 23.812492371
0.999995947 -0.002768562 0.000649052 0.504276931 0.002762813 0.999958336 0.008696953 -0.821770191 -0.000673103 -0.008695124 0.999961972 24.265506744
0.999996305 -0.002732542 -0.000072464 0.517385483 0.002733074 0.999957502 0.008806353 -0.831682563 0.000048397 -0.008806516 0.999961257 24.800397873
0.999995410 -0.002886721 -0.000882606 0.524734914 0.002894620 0.999954581 0.009083554 -0.842069566 0.000856345 -0.009086067 0.999958396 25.332288742
0.999995887 -0.002618072 -0.001100748 0.530482233 0.002628363 0.999951780 0.009454329 -0.860546172 0.001075943 -0.009457185 0.999954700 25.845613480
0.999993443 -0.003319809 -0.001395947 0.538013816 0.003333365 0.999946177 0.009823766 -0.870915115 0.001363259 -0.009828355 0.999950767 26.392206192
0.999991834 -0.003192746 -0.002438443 0.555941284 0.003216796 0.999945581 0.009923626 -0.883456111 0.002406627 -0.009931389 0.999947786 26.955476761
0.999994278 -0.002358986 -0.002406950 0.556716681 0.002382927 0.999947190 0.009992605 -0.899410069 0.002383251 -0.009998282 0.999947131 27.485044479
0.999990582 -0.003175843 -0.002954487 0.559798181 0.003205914 0.999942541 0.010229486 -0.918528676 0.002921831 -0.010238863 0.999943256 28.005104065
0.999990821 -0.002918412 -0.003136960 0.561359584 0.002950830 0.999941766 0.010379449 -0.930065632 0.003106486 -0.010388610 0.999941170 28.561363220
0.999989867 -0.002858553 -0.003479346 0.573158979 0.002894348 0.999942482 0.010326560 -0.942017734 0.003449627 -0.010336525 0.999940574 29.116664886
0.999986768 -0.003228567 -0.003988835 0.578216255 0.003271259 0.999936879 0.010743102 -0.962528288 0.003953898 -0.010756010 0.999934316 29.607957840
0.999984920 -0.003449826 -0.004254322 0.591401339 0.003496422 0.999933422 0.010994316 -0.973510265 0.004216110 -0.011009027 0.999930501 30.162105560
0.999984205 -0.003545538 -0.004359940 0.603792846 0.003593251 0.999933183 0.010984697 -0.982698739 0.004320702 -0.011000191 0.999930143 30.717075348
0.999986649 -0.002485169 -0.004525491 0.620570064 0.002530066 0.999947309 0.009942326 -0.989941955 0.004500545 -0.009953640 0.999940336 31.247875214
0.999982893 -0.002686165 -0.005177209 0.640868366 0.002740014 0.999941885 0.010422505 -1.021296740 0.005148912 -0.010436513 0.999932230 31.772161484
0.999982059 -0.003086703 -0.005129403 0.632639647 0.003141882 0.999936938 0.010784438 -1.028976202 0.005095791 -0.010800363 0.999928713 32.289390564
0.999978364 -0.003667021 -0.005458449 0.641216159 0.003727727 0.999930859 0.011153127 -1.042659760 0.005417174 -0.011173235 0.999922872 32.834922791
0.999975979 -0.004205389 -0.005500992 0.641138315 0.004266728 0.999928355 0.011186816 -1.048453808 0.005453553 -0.011210021 0.999922276 33.387702942
0.999980509 -0.002877938 -0.005534672 0.646167040 0.002937773 0.999937057 0.010833374 -1.056018353 0.005503146 -0.010849423 0.999926031 33.927566528
0.999976218 -0.003339998 -0.006035355 0.661979318 0.003403702 0.999938309 0.010575878 -1.070885539 0.005999659 -0.010596167 0.999925911 34.444107056
0.999979854 -0.002860451 -0.005659070 0.648459435 0.002920554 0.999939203 0.010641141 -1.078189135 0.005628287 -0.010657455 0.999927402 34.951721191
0.999971390 -0.003924755 -0.006466220 0.683097243 0.004000581 0.999922872 0.011755619 -1.131362796 0.006419584 -0.011781154 0.999909937 35.492790222
0.999974906 -0.003326272 -0.006246879 0.684701622 0.003399988 0.999924242 0.011827189 -1.142225623 0.006207066 -0.011848131 0.999910533 36.038429260
0.999977529 -0.002896451 -0.006052332 0.683058798 0.002968838 0.999923766 0.011985443 -1.163261771 0.006017155 -0.012003141 0.999909818 36.554542542
0.999972582 -0.003374581 -0.006584499 0.689559758 0.003452874 0.999923050 0.011915530 -1.164273143 0.006543783 -0.011937940 0.999907315 37.109420776
0.999971807 -0.003448581 -0.006668762 0.706295848 0.003523599 0.999930203 0.011270277 -1.157822132 0.006629432 -0.011293457 0.999914229 37.689182281
0.999971569 -0.002763334 -0.007004438 0.699491143 0.002840742 0.999934673 0.011065663 -1.163545966 0.006973404 -0.011085248 0.999914229 38.210910797
0.999965727 -0.003974431 -0.007262133 0.721815467 0.004060750 0.999920845 0.011910312 -1.186207771 0.007214222 -0.011939393 0.999902725 38.712688446
0.999957263 -0.005116009 -0.007695305 0.708954215 0.005219310 0.999895751 0.013464262 -1.271135807 0.007625619 -0.013503851 0.999879718 39.223949432
0.999956012 -0.005076058 -0.007894052 0.724686503 0.005184098 0.999892414 0.013726590 -1.286262512 0.007823525 -0.013766910 0.999874651 39.750537872
0.999958873 -0.004686407 -0.007759713 0.723895311 0.004791529 0.999896288 0.013584345 -1.289924383 0.007695246 -0.013620966 0.999877572 40.329776764
0.999957621 -0.004487740 -0.008039737 0.735318422 0.004591028 0.999906600 0.012874950 -1.283643484 0.007981207 -0.012911313 0.999884784 40.885944366
0.999956548 -0.004211604 -0.008328016 0.745489240 0.004312579 0.999916971 0.012144138 -1.277807236 0.008276179 -0.012179525 0.999891520 41.446456909
0.999958158 -0.003958477 -0.008238136 0.761525214 0.004058606 0.999917686 0.012173221 -1.278064489 0.008189270 -0.012206148 0.999891937 41.995674133
0.999953926 -0.004753739 -0.008340051 0.755465627 0.004866381 0.999896467 0.013538223 -1.325503707 0.008274830 -0.013578187 0.999873519 42.448192596
0.999948204 -0.005153973 -0.008776546 0.766559303 0.005270834 0.999897063 0.013344422 -1.335998535 0.008706866 -0.013389990 0.999872446 43.003833771
0.999947309 -0.005309796 -0.008786324 0.778376222 0.005425795 0.999897718 0.013231431 -1.345899820 0.008715170 -0.013278409 0.999873817 43.526908875
0.999954998 -0.004497471 -0.008355274 0.767247558 0.004610177 0.999897957 0.013519126 -1.356290340 0.008293619 -0.013557037 0.999873698 44.043678284
0.999955118 -0.004385991 -0.008402967 0.777439177 0.004497884 0.999900877 0.013343599 -1.363094330 0.008343607 -0.013380795 0.999875665 44.607803345
0.999955058 -0.004374346 -0.008421119 0.799864769 0.004484604 0.999903917 0.013118964 -1.368350506 0.008362922 -0.013156138 0.999878466 45.146369934
0.999954581 -0.004324845 -0.008482978 0.785329938 0.004438909 0.999899387 0.013473908 -1.383701801 0.008423851 -0.013510953 0.999873221 45.638027191
0.999955952 -0.003960402 -0.008504028 0.793148994 0.004075225 0.999900162 0.013527554 -1.392465115 0.008449604 -0.013561615 0.999872327 46.196220398
0.999950945 -0.004240368 -0.008936811 0.804894567 0.004361866 0.999897778 0.013619895 -1.402162313 0.008878143 -0.013658211 0.999867260 46.749885559
0.999955893 -0.003987464 -0.008507755 0.809354305 0.004095234 0.999911129 0.012687637 -1.393312931 0.008456407 -0.012721916 0.999883294 47.245067596
0.999955356 -0.004316964 -0.008400659 0.805755198 0.004428676 0.999901414 0.013325275 -1.415976524 0.008342306 -0.013361883 0.999875844 47.735916138
0.999951720 -0.004906971 -0.008516534 0.819917917 0.005020699 0.999897838 0.013384197 -1.426300287 0.008449989 -0.013426309 0.999874055 48.281261444
0.999953449 -0.004526986 -0.008520116 0.823455334 0.004640955 0.999899387 0.013404622 -1.432820082 0.008458578 -0.013443539 0.999873757 48.835754395
0.999964476 -0.002992471 -0.007883513 0.815351248 0.003093185 0.999913394 0.012794362 -1.436139226 0.007844544 -0.012818291 0.999887109 49.365238190
0.999951780 -0.004418595 -0.008761819 0.829290509 0.004536184 0.999899268 0.013446454 -1.458006382 0.008701521 -0.013485553 0.999871194 49.820140839
0.999957919 -0.003473142 -0.008482227 0.830142140 0.003584907 0.999906480 0.013196912 -1.460520267 0.008435600 -0.013226766 0.999876916 50.376167297
0.999948800 -0.004519711 -0.009051911 0.846700549 0.004642243 0.999897242 0.013561669 -1.470599532 0.008989688 -0.013602996 0.999867082 50.878410339
0.999946892 -0.004616346 -0.009208524 0.853026628 0.004737998 0.999901295 0.013233159 -1.483950138 0.009146526 -0.013276088 0.999870062 51.422229767
0.999948382 -0.004645767 -0.009035508 0.863533139 0.004764727 0.999901652 0.013189184 -1.483226538 0.008973346 -0.013231557 0.999872148 51.947338104
0.999946117 -0.004831378 -0.009190167 0.870541751 0.004950542 0.999903381 0.012988214 -1.490391016 0.009126530 -0.013033011 0.999873400 52.496662140
0.999945760 -0.005059066 -0.009108426 0.877306342 0.005178865 0.999899745 0.013177382 -1.505580664 0.009040846 -0.013223837 0.999871671 53.045475006
0.999953270 -0.004108103 -0.008760119 0.881650150 0.004226968 0.999898732 0.013593746 -1.518978596 0.008703386 -0.013630140 0.999869227 53.558589935
0.999949992 -0.004435489 -0.008964193 0.883081913 0.004549264 0.999908805 0.012711753 -1.513965011 0.008906993 -0.012751897 0.999879003 54.049373627
0.999950767 -0.004248639 -0.008972107 0.886382222 0.004362173 0.999910176 0.012672722 -1.518836141 0.008917459 -0.012711236 0.999879420 54.599426270
0.999947548 -0.004572245 -0.009164115 0.893792152 0.004687046 0.999910295 0.012545062 -1.521303654 0.009105934 -0.012587357 0.999879241 55.141513824
0.999942183 -0.005254935 -0.009382596 0.914127231 0.005367019 0.999914110 0.011961026 -1.524680614 0.009318936 -0.012010692 0.999884367 55.701797485
0.999942839 -0.004890635 -0.009506502 0.919852436 0.005011198 0.999906778 0.012700047 -1.544948578 0.009443507 -0.012746959 0.999874175 56.131191254
0.999939024 -0.005324742 -0.009674553 0.928534210 0.005446095 0.999906301 0.012560817 -1.552867889 0.009606763 -0.012612741 0.999874294 56.679306030
0.999934316 -0.005859040 -0.009849777 0.935089111 0.005981345 0.999904811 0.012433877 -1.558129668 0.009775990 -0.012491975 0.999874234 57.224224091
0.999944448 -0.004710321 -0.009432274 0.938157022 0.004829298 0.999908507 0.012630982 -1.567651272 0.009371915 -0.012675830 0.999875784 57.766845703
0.999945164 -0.004537548 -0.009432648 0.941374719 0.004653667 0.999913216 0.012325032 -1.574917555 0.009375904 -0.012368251 0.999879539 58.250034332
0.999946237 -0.004615409 -0.009285054 0.949112296 0.004728068 0.999915004 0.012148139 -1.581005335 0.009228198 -0.012191386 0.999883115 58.797222137
0.999946952 -0.004508227 -0.009259487 0.947508097 0.004623456 0.999911666 0.012461127 -1.588990450 0.009202491 -0.012503278 0.999879479 59.340599060
0.999944389 -0.004828460 -0.009379707 0.965973914 0.004940677 0.999916077 0.011977670 -1.597385645 0.009321088 -0.012023346 0.999884188 59.902767181
0.999944508 -0.004831738 -0.009362894 0.973493695 0.004950040 0.999907792 0.012653606 -1.606160879 0.009300889 -0.012699250 0.999876082 60.359535217
0.999945760 -0.004671133 -0.009314357 0.981407106 0.004788920 0.999908328 0.012663779 -1.616039515 0.009254350 -0.012707697 0.999876380 60.897476196
0.999945998 -0.004706375 -0.009268097 0.991204739 0.004820695 0.999912083 0.012351130 -1.626220226 0.009209153 -0.012395141 0.999880731 61.443313599
0.999943137 -0.004803355 -0.009527049 1.008676529 0.004919796 0.999913037 0.012236635 -1.623170018 0.009467443 -0.012282811 0.999879718 61.988567352
0.999944389 -0.004353859 -0.009600677 1.003338099 0.004472685 0.999913216 0.012390236 -1.646281958 0.009545898 -0.012432490 0.999877095 62.467948914
0.999945045 -0.004224369 -0.009591627 1.001524210 0.004343745 0.999912977 0.012459387 -1.652767181 0.009538158 -0.012500367 0.999876380 63.002323151
0.999938011 -0.004356902 -0.010241895 1.006027937 0.004483085 0.999913931 0.012329896 -1.660484672 0.010187292 -0.012375048 0.999871492 63.565063477
0.999950409 -0.003303644 -0.009390362 0.999051929 0.003413371 0.999925733 0.011693063 -1.669106245 0.009351035 -0.011724535 0.999887526 64.110137939
0.999951065 -0.004123563 -0.008985968 1.006922841 0.004231045 0.999919355 0.011975128 -1.674088717 0.008935860 -0.012012561 0.999887943 64.529701233
0.999951899 -0.003964084 -0.008963294 1.010229349 0.004070752 0.999920726 0.011913937 -1.680445433 0.008915355 -0.011949850 0.999888897 65.087669373
0.999948740 -0.004515775 -0.009057402 1.017561793 0.004623710 0.999918163 0.011931499 -1.690130949 0.009002781 -0.011972766 0.999887824 65.622734070
0.999950409 -0.004463365 -0.008894505 1.015776753 0.004571645 0.999915302 0.012190902 -1.703409791 0.008839338 -0.012230960 0.999886155 66.121162415
0.999955893 -0.003004794 -0.008897267 1.047324777 0.003108939 0.999926567 0.011714621 -1.716244698 0.008861414 -0.011741768 0.999891818 66.592712402
0.999961615 -0.002466846 -0.008403777 1.048102617 0.002564286 0.999929368 0.011603764 -1.721155167 0.008374559 -0.011624869 0.999897361 67.145164490
0.999959052 -0.002708023 -0.008636347 1.045350075 0.002805899 0.999931812 0.011341208 -1.725799322 0.008605044 -0.011364974 0.999898374 67.713775635
0.999957681 -0.002165910 -0.008932754 1.062150717 0.002266386 0.999934137 0.011253369 -1.735346317 0.008907794 -0.011273140 0.999896824 68.208953857
0.999955177 -0.003436666 -0.008820331 1.066657305 0.003540423 0.999924421 0.011774769 -1.737538338 0.008779196 -0.011805469 0.999891758 68.641677856
0.999954522 -0.003674781 -0.008789631 1.067656279 0.003775727 0.999926805 0.011495717 -1.739166021 0.008746741 -0.011528381 0.999895334 69.200607300
0.999952734 -0.004050904 -0.008839436 1.073951244 0.004149625 0.999928951 0.011178654 -1.747616291 0.008793522 -0.011214803 0.999898434 69.745605469
0.999954224 -0.003828796 -0.008772302 1.094792366 0.003926934 0.999929607 0.011197417 -1.758024693 0.008728812 -0.011231351 0.999898791 70.272636414
0.999946833 -0.004497289 -0.009279588 1.102966785 0.004600481 0.999927461 0.011129061 -1.770389080 0.009228865 -0.011171159 0.999894977 70.821807861
0.999956846 -0.003502722 -0.008594476 1.089411616 0.003601614 0.999927163 0.011518054 -1.804270983 0.008553505 -0.011548512 0.999896705 71.282897949
0.999949276 -0.004025002 -0.009222624 1.101637840 0.004130908 0.999925375 0.011493260 -1.806836843 0.009175677 -0.011530776 0.999891400 71.825683594
0.999955595 -0.003532975 -0.008733511 1.100056529 0.003636747 0.999922574 0.011894953 -1.819873810 0.008690812 -0.011926186 0.999891102 72.376342773
0.999953449 -0.003925763 -0.008808610 1.108251095 0.004031265 0.999919832 0.011991479 -1.832388163 0.008760829 -0.012026429 0.999889314 72.864875793
0.999969363 -0.001822994 -0.007607020 1.083046675 0.001912359 0.999928951 0.011756956 -1.832130194 0.007585046 -0.011771144 0.999901950 73.420921326
0.999960721 -0.003106630 -0.008295794 1.108408689 0.003199980 0.999931455 0.011263263 -1.835925102 0.008260234 -0.011289367 0.999902070 73.973731995
0.999958515 -0.003120138 -0.008551331 1.117568016 0.003215920 0.999931991 0.011210072 -1.842861652 0.008515773 -0.011237107 0.999900520 74.511291504
0.999962807 -0.002564616 -0.008228982 1.119123697 0.002655223 0.999935746 0.011018797 -1.849433422 0.008200194 -0.011040238 0.999905407 75.073905945
0.999956131 -0.003696340 -0.008601914 1.130518436 0.003789298 0.999934316 0.010815466 -1.864902496 0.008561374 -0.010847586 0.999904454 75.592674255
0.999964595 -0.002293246 -0.008095906 1.129143834 0.002381965 0.999937057 0.010965923 -1.878105760 0.008070248 -0.010984820 0.999907076 76.118270874
0.999964654 -0.002949277 -0.007863639 1.137905717 0.003030693 0.999941766 0.010361798 -1.883916616 0.007832618 -0.010385267 0.999915361 76.672721863
0.999964714 -0.003030211 -0.007840557 1.149454832 0.003114392 0.999937415 0.010746855 -1.892202854 0.007807500 -0.010770894 0.999911487 77.219306946
0.999962032 -0.002998462 -0.008184564 1.152515411 0.003085282 0.999938846 0.010615724 -1.898347616 0.008152234 -0.010640575 0.999910116 77.737243652
0.999963999 -0.002664962 -0.008049868 1.157458067 0.002750251 0.999940038 0.010602633 -1.910563707 0.008021129 -0.010624392 0.999911308 78.283798218
0.999961853 -0.003183669 -0.008132903 1.168278933 0.003269073 0.999939442 0.010509433 -1.914390087 0.008098951 -0.010535623 0.999911726 78.844337463
0.999971688 -0.002939680 -0.006921177 1.177718878 0.003010371 0.999943256 0.010225522 -1.921052217 0.006890723 -0.010246068 0.999923766 79.392776489
0.999985158 -0.002320378 -0.004920327 1.179709315 0.002369961 0.999946237 0.010095463 -1.930342436 0.004896637 -0.010106976 0.999936938 79.937492371
0.999991000 -0.002530491 -0.003399667 1.194300890 0.002563775 0.999948502 0.009821930 -1.934222698 0.003374639 -0.009830558 0.999945998 80.480278015
0.999996483 -0.002648308 -0.000253247 1.217409849 0.002650660 0.999948621 0.009786999 -1.948336720 0.000227315 -0.009787633 0.999952078 81.011634827
0.999989450 -0.003402849 0.003105185 1.238020658 0.003371346 0.999943316 0.010094915 -1.961953878 -0.003139361 -0.010084338 0.999944210 81.552246094
0.999975145 -0.003287802 0.006248766 1.256521940 0.003226842 0.999947429 0.009740707 -1.966770411 -0.006280462 -0.009720298 0.999933064 82.115150452
0.999930024 -0.002602462 0.011539103 1.268669486 0.002492340 0.999951303 0.009547539 -1.963720560 -0.011563390 -0.009518113 0.999887824 82.653388977
0.999837697 -0.002048815 0.017895754 1.282031894 0.001878979 0.999953032 0.009501966 -1.969579935 -0.017914381 -0.009466798 0.999794662 83.196945190
0.999731362 -0.003489755 0.022912480 1.327625990 0.003268125 0.999947608 0.009703226 -1.989157438 -0.022945140 -0.009625739 0.999690413 83.707969666
0.999591649 -0.003705443 0.028333904 1.357074857 0.003446892 0.999952018 0.009168550 -1.992512941 -0.028366517 -0.009067142 0.999556422 84.261497498
0.999325752 -0.002806820 0.036608133 1.391495943 0.002461386 0.999952018 0.009477658 -1.999416113 -0.036632985 -0.009381159 0.999284685 84.837463379
0.998995185 -0.003382831 0.044687208 1.436022043 0.002971935 0.999952734 0.009258156 -2.008331299 -0.044716418 -0.009116045 0.998958111 85.390251160
0.998689234 -0.003905925 0.051034946 1.487077236 0.003443946 0.999952257 0.009137004 -2.020533085 -0.051068205 -0.008949266 0.998655021 85.927848816
0.998200357 -0.003716167 0.059851374 1.538462877 0.003173325 0.999952912 0.009162337 -2.031343460 -0.059882611 -0.008955918 0.998165190 86.468978882
0.997539639 -0.004416111 0.069965690 1.595926285 0.003763821 0.999948263 0.009452090 -2.042205811 -0.070003822 -0.009165496 0.997504592 87.008132935
0.996948898 -0.004522779 0.077925436 1.670768738 0.003803211 0.999948740 0.009379994 -2.049291372 -0.077963866 -0.009055006 0.996915042 87.546981812
0.996230423 -0.004326082 0.086638682 1.721737862 0.003562444 0.999953389 0.008966736 -2.059988260 -0.086673439 -0.008624289 0.996199429 88.107475281
0.995252848 -0.003991324 0.097240426 1.794362545 0.003144137 0.999955773 0.008863974 -2.065177679 -0.097271495 -0.008516157 0.995221376 88.657264709
0.994204819 -0.005597175 0.107356608 1.888600826 0.004611570 0.999944866 0.009426733 -2.087752581 -0.107403442 -0.008877020 0.994175911 89.182151794
0.993150830 -0.005803089 0.116694838 1.973060608 0.004775339 0.999947309 0.009084809 -2.097097397 -0.116741419 -0.008465327 0.993126273 89.731819153
0.991798937 -0.005504852 0.127690092 2.057044983 0.004320111 0.999945045 0.009553358 -2.105262756 -0.127735674 -0.008923374 0.991768122 90.277656555
0.990211308 -0.006366922 0.139430970 2.156325340 0.005126542 0.999943972 0.009253375 -2.112185240 -0.139482081 -0.008447997 0.990188539 90.807708740
0.988643527 -0.006869429 0.150122374 2.261518478 0.005566689 0.999943137 0.009096351 -2.123072147 -0.150176302 -0.008157366 0.988625586 91.341545105
0.987051845 -0.007169368 0.160241351 2.373278618 0.005785611 0.999941826 0.009100357 -2.132567644 -0.160297304 -0.008055432 0.987035930 91.866127014
0.984912455 -0.007739707 0.172879890 2.498244286 0.006299009 0.999940634 0.008880587 -2.142786980 -0.172938377 -0.007657629 0.984902918 92.392768860
0.982677400 -0.008446567 0.185131326 2.612244606 0.006838726 0.999933124 0.009321710 -2.154099464 -0.185197681 -0.007894172 0.982669592 92.938789368
0.980593801 -0.008085527 0.195883483 2.739550591 0.006423883 0.999937773 0.009116655 -2.161983490 -0.195945010 -0.007681404 0.980584800 93.490196228
0.978031993 -0.008989415 0.208260551 2.878198624 0.007240511 0.999931872 0.009158480 -2.175459623 -0.208328679 -0.007449375 0.978030503 93.981163025
0.974934161 -0.008858535 0.222316891 3.036264420 0.006944192 0.999931753 0.009391105 -2.187435150 -0.222384915 -0.007611897 0.974929214 94.538780212
0.972382784 -0.008655082 0.233231246 3.167795181 0.006662053 0.999934256 0.009331721 -2.194765091 -0.233296663 -0.007520207 0.972376466 95.049804688
0.969441354 -0.009552202 0.245136842 3.325813293 0.007487938 0.999928355 0.009351511 -2.212506056 -0.245208591 -0.007230173 0.969443381 95.542358398
0.965959787 -0.010331333 0.258486003 3.494684219 0.008160491 0.999921858 0.009469830 -2.223970652 -0.258563638 -0.007038102 0.965968609 96.052055359
0.962589264 -0.009607605 0.270794332 3.666494370 0.007257790 0.999926865 0.009677574 -2.239389181 -0.270867497 -0.007350162 0.962588608 96.584121704
0.959525943 -0.011696539 0.281377196 3.878139496 0.009415273 0.999910891 0.009458120 -2.239166737 -0.281462699 -0.006426069 0.959550619 97.135841370
0.955351591 -0.012259329 0.295216978 4.065567017 0.009778249 0.999903321 0.009879102 -2.247369528 -0.295309603 -0.006551310 0.955379069 97.646995544
0.950838923 -0.011178541 0.309484005 4.259311676 0.008592613 0.999915838 0.009717501 -2.255905151 -0.309566617 -0.006580502 0.950854897 98.182159424
0.947032392 -0.011525073 0.320931017 4.456634521 0.008826463 0.999912381 0.009862305 -2.265406609 -0.321016639 -0.006507235 0.947051167 98.687232971
0.942670703 -0.012317217 0.333496898 4.661741257 0.009437288 0.999902844 0.010254266 -2.282789469 -0.333590865 -0.006519090 0.942695439 99.198562622
0.937569618 -0.012678729 0.347566307 4.873340607 0.009620776 0.999898374 0.010522573 -2.292240143 -0.347664416 -0.006521786 0.937596381 99.705375671
0.933004260 -0.013128715 0.359625578 5.091686249 0.010084460 0.999895692 0.010339919 -2.301919460 -0.359723806 -0.006020559 0.933039486 100.208328247
0.928786278 -0.012558215 0.370402873 5.311426163 0.009411591 0.999902666 0.010301312 -2.311136723 -0.370496213 -0.006081636 0.928814054 100.714843750
0.923386514 -0.012805565 0.383657604 5.539497375 0.009438664 0.999898672 0.010657242 -2.319959879 -0.383755177 -0.006219538 0.923413932 101.208335876
0.917501032 -0.012778458 0.397528142 5.778293610 0.009253755 0.999898970 0.010783736 -2.328701019 -0.397625744 -0.006215461 0.917526782 101.699844360
0.912750900 -0.013591622 0.408290386 6.028709412 0.010147193 0.999892354 0.010601035 -2.333951950 -0.408390462 -0.005533104 0.912790656 102.201316833
0.906333148 -0.014251861 0.422323585 6.294170380 0.010386806 0.999880433 0.011451537 -2.348707914 -0.422436208 -0.005992313 0.906372845 102.703727722
0.899282277 -0.013411319 0.437162906 6.549530029 0.009562946 0.999893785 0.011003006 -2.355181217 -0.437263995 -0.005714244 0.899315059 103.186805725
0.893531263 -0.014687546 0.448760659 6.828720093 0.010732065 0.999877870 0.011356426 -2.367432594 -0.448872626 -0.005331194 0.893579781 103.682037354
0.887983263 -0.015032881 0.459629983 7.099334717 0.010889949 0.999872684 0.011663456 -2.373091221 -0.459746808 -0.005351607 0.888033926 104.161537170
0.881049991 -0.015902294 0.472755820 7.379177094 0.011794577 0.999862492 0.011651888 -2.378229141 -0.472876132 -0.004689938 0.881116509 104.627571106
