1.000000000 0.000000000 0.000000000 0.000000000 0.000000000 1.000000000 0.000000000 0.000000000 0.000000000 0.000000000 1.000000000 0.000000000
1.000000000 -0.000028370 -0.000134065 0.003919822 0.000028376 1.000000000 0.000047950 -0.000478019 0.000134064 -0.000047954 1.000000000 -0.000811613
1.000000000 0.000108803 -0.000031266 0.000718705 -0.000108802 1.000000000 0.000034741 -0.000540419 0.000031270 -0.000034738 1.000000000 -0.002831899
1.000000000 -0.000165952 -0.000155942 0.006265541 0.000165971 1.000000000 0.000122220 -0.001691938 0.000155922 -0.000122245 1.000000000 -0.002917776
1.000000000 -0.000148627 -0.000168768 0.003937494 0.000148642 1.000000000 0.000089126 -0.001435991 0.000168755 -0.000089151 1.000000000 -0.002966904
1.000000000 0.000046892 0.000015651 -0.000813172 -0.000046892 1.000000000 -0.000050025 -0.000521900 -0.000015653 0.000050025 1.000000000 -0.002203081
1.000000000 -0.000046437 -0.000091969 0.003131203 0.000046449 1.000000000 0.000132970 -0.002310196 0.000091963 -0.000132974 1.000000000 -0.005626943
1.000000000 -0.000054899 -0.000046805 -0.001221450 0.000054902 1.000000000 0.000056360 -0.000039087 0.000046802 -0.000056362 1.000000000 0.002866179
1.000000000 -0.000013319 -0.000081413 0.002317229 0.000013322 1.000000000 0.000037607 -0.002880624 0.000081412 -0.000037609 1.000000000 -0.007155115
1.000000000 -0.000066462 -0.000032947 0.001615773 0.000066466 1.000000000 0.000114228 -0.000646078 0.000032939 -0.000114231 1.000000000 -0.005671903
1.000000000 -0.000007264 0.000040971 -0.000190105 0.000007262 1.000000000 0.000047537 -0.000665309 -0.000040971 -0.000047537 1.000000000 -0.002105305
0.999999940 -0.000244622 -0.000135419 0.001398604 0.000244635 0.999999940 0.000098685 -0.002934921 0.000135395 -0.000098718 1.000000000 -0.008371604
1.000000000 -0.000025727 0.000042307 0.000067682 0.000025724 1.000000000 0.000067157 -0.001664358 -0.000042308 -0.000067155 1.000000000 -0.004052776
1.000000000 -0.000136784 -0.000019112 0.001745747 0.000136787 1.000000000 0.000145811 -0.002404982 0.000019092 -0.000145813 1.000000000 -0.006635199
1.000000000 -0.000170189 -0.000076527 0.001699626 0.000170198 1.000000000 0.000116048 -0.001405413 0.000076507 -0.000116061 1.000000000 -0.006171991
1.000000000 -0.000096898 -0.000082039 0.000783952 0.000096908 1.000000000 0.000130877 -0.001644820 0.000082027 -0.000130885 1.000000000 -0.006066375
0.999999940 -0.000245721 -0.000049743 0.001161065 0.000245726 0.999999940 0.000090366 -0.001956143 0.000049721 -0.000090378 1.000000000 -0.007100442
1.000000000 -0.000035974 -0.000074455 0.002697869 0.000035986 1.000000000 0.000163724 -0.003332185 0.000074449 -0.000163726 1.000000000 -0.009964413
0.999999940 -0.000369364 -0.000104818 0.003576308 0.000369387 0.999999881 0.000218172 -0.004585389 0.000104738 -0.000218211 1.000000000 -0.009964108
1.000000000 -0.000105955 -0.000048161 0.001690796 0.000105960 1.000000000 0.000112112 -0.003593120 0.000048149 -0.000112117 1.000000000 -0.006230251
1.000000000 -0.000075850 -0.000056500 0.003255301 0.000075867 0.999999940 0.000303865 -0.006103878 0.000056477 -0.000303869 0.999999940 -0.008869759
1.000000000 0.000008010 0.000012617 0.000076553 -0.000008012 1.000000000 0.000134122 -0.001421703 -0.000012616 -0.000134122 1.000000000 -0.005546915
0.999999940 -0.000220115 -0.000196341 0.005671237 0.000220175 0.999999940 0.000305881 -0.004138762 0.000196274 -0.000305924 0.999999940 -0.013544363
0.999999940 -0.000286959 -0.000073157 0.000034076 0.000286978 0.999999940 0.000268584 -0.003981395 0.000073080 -0.000268605 0.999999940 -0.007666390
0.999999940 -0.000196627 -0.000174121 0.005353051 0.000196664 0.999999940 0.000209328 -0.003234668 0.000174080 -0.000209362 0.999999940 -0.011437537
1.000000000 -0.000179829 -0.000108989 0.002733349 0.000179859 0.999999940 0.000270146 -0.003794381 0.000108941 -0.000270166 0.999999940 -0.011227472
1.000000000 -0.000069729 -0.000094499 0.001672287 0.000069747 1.000000000 0.000191538 -0.004814887 0.000094486 -0.000191544 1.000000000 -0.011084059
0.999999940 -0.000215525 -0.000115278 0.002798670 0.000215556 0.999999940 0.000274031 -0.004341822 0.000115219 -0.000274056 0.999999940 -0.006433092
1.000000000 -0.000192651 -0.000094269 -0.000439761 0.000192664 1.000000000 0.000143688 0.000342582 0.000094241 -0.000143706 1.000000000 -0.006249676
1.000000000 -0.000033517 -0.000034692 -0.002216965 0.000033523 1.000000000 0.000170956 -0.000425161 0.000034686 -0.000170957 1.000000000 0.000495412
1.000000000 -0.000138295 -0.000074076 -0.000791099 0.000138310 0.999999940 0.000212199 -0.001510158 0.000074047 -0.000212210 1.000000000 -0.001837836
0.999999940 -0.000316901 -0.000179029 -0.001490500 0.000316946 0.999999940 0.000246322 -0.003105216 0.000178951 -0.000246379 0.999999940 -0.009903604
0.999999940 -0.000355146 -0.000156894 0.002712727 0.000355185 0.999999881 0.000246692 -0.003903233 0.000156806 -0.000246748 0.999999940 -0.008479924
1.000000000 -0.000091817 -0.000151207 0.000686477 0.000091839 1.000000000 0.000141522 -0.001964459 0.000151194 -0.000141536 1.000000000 -0.003673081
1.000000000 -0.000198137 -0.000088336 0.000862096 0.000198149 1.000000000 0.000137969 -0.002652649 0.000088309 -0.000137987 1.000000000 -0.003423934
0.999999940 -0.000293291 -0.000088315 -0.000420834 0.000293292 0.999999940 0.000006438 -0.000875984 0.000088313 -0.000006464 1.000000000 -0.006430652
0.999999940 -0.000254473 -0.000108839 0.002556772 0.000254490 0.999999940 0.000151092 -0.001789750 0.000108801 -0.000151119 1.000000000 -0.008451812
0.999999940 -0.000247380 -0.000181167 0.001519000 0.000247408 0.999999940 0.000154866 -0.001234052 0.000181128 -0.000154910 1.000000000 -0.007326868
0.999999940 -0.000234660 -0.000130811 0.000452685 0.000234697 0.999999940 0.000286677 -0.002683670 0.000130743 -0.000286708 0.999999940 -0.009537893
0.999999940 -0.000333284 -0.000177184 0.003110980 0.000333330 0.999999940 0.000259393 -0.005086855 0.000177097 -0.000259452 0.999999940 -0.008243122
0.999999940 -0.000219461 -0.000172930 0.007907670 0.000219399 0.999999940 -0.000360137 -0.009519156 0.000173009 0.000360099 0.999999940 0.043460812
0.999999940 -0.000223284 -0.000167905 0.006162554 0.000223109 0.999999404 -0.001040585 -0.007338532 0.000168137 0.001040548 0.999999464 0.140293181
0.999999940 -0.000238583 -0.000114107 0.003195942 0.000238435 0.999999106 -0.001297245 -0.013282400 0.000114417 0.001297218 0.999999166 0.261006385
0.999999881 -0.000445789 0.000020175 0.001867835 0.000445814 0.999999106 -0.001254130 -0.019041454 -0.000019616 0.001254139 0.999999225 0.394814879
0.999999940 -0.000158844 -0.000246133 0.014508702 0.000158589 0.999999464 -0.001036373 -0.023327399 0.000246298 0.001036334 0.999999404 0.530130684
1.000000000 -0.000173113 -0.000125098 0.015861623 0.000172988 0.999999464 -0.000994317 -0.028618144 0.000125270 0.000994296 0.999999523 0.690289438
0.999999881 -0.000235084 0.000397727 0.009842673 0.000235428 0.999999583 -0.000864246 -0.031179076 -0.000397524 0.000864339 0.999999523 0.869186878
0.999999821 -0.000470741 -0.000332596 0.027898632 0.000470591 0.999999762 -0.000451702 -0.039364483 0.000332809 0.000451546 0.999999821 1.026755691
0.999999940 -0.000092124 0.000250560 0.023464186 0.000092284 0.999999762 -0.000639606 -0.039812945 -0.000250501 0.000639629 0.999999762 1.204553366
0.999999940 -0.000364657 -0.000043566 0.043054458 0.000364647 0.999999881 -0.000214213 -0.055502385 0.000043644 0.000214197 1.000000000 1.412495852
0.999999940 -0.000245182 -0.000108476 0.041948348 0.000245152 0.999999940 -0.000275635 -0.063535251 0.000108543 0.000275608 0.999999940 1.605269074
0.999999106 0.001154135 0.000699833 0.017904995 -0.001153826 0.999999225 -0.000442765 -0.058493644 -0.000700343 0.000441957 0.999999642 1.809061766
0.999999642 0.000620366 0.000469754 0.030246669 -0.000620331 0.999999762 -0.000075735 -0.067374274 -0.000469800 0.000075443 0.999999881 2.011214733
0.999998868 0.001239737 0.000849024 0.024763357 -0.001239353 0.999999046 -0.000451994 -0.076178409 -0.000849584 0.000450941 0.999999464 2.240841389
0.999998987 0.001193673 0.000798186 0.034491777 -0.001193484 0.999999285 -0.000237734 -0.084999464 -0.000798469 0.000236781 0.999999642 2.465896606
0.999998629 0.001488544 0.000737653 0.041896671 -0.001488377 0.999998868 -0.000226990 -0.085657150 -0.000737990 0.000225892 0.999999702 2.709750652
0.999998033 0.001645931 0.001155703 0.042202014 -0.001646062 0.999998629 0.000112947 -0.095178403 -0.001155515 -0.000114849 0.999999344 2.935626507
0.999998569 0.001465780 0.000878657 0.052109733 -0.001465523 0.999998868 -0.000293712 -0.099162549 -0.000879086 0.000292424 0.999999583 3.170672417
0.999997675 0.001833758 0.001119476 0.054199744 -0.001833277 0.999998152 -0.000430799 -0.106448501 -0.001120264 0.000428746 0.999999344 3.420224905
0.999997795 0.001799285 0.001118309 0.056760427 -0.001799013 0.999998391 -0.000244354 -0.113711752 -0.001118747 0.000242341 0.999999404 3.670364380
0.999997318 0.002124029 0.001004751 0.065214232 -0.002123723 0.999997735 -0.000305777 -0.121294253 -0.001005398 0.000303643 0.999999404 3.917618036
0.999998510 0.001426802 0.001002022 0.063668214 -0.001426981 0.999998987 0.000177505 -0.140425295 -0.001001767 -0.000178935 0.999999464 4.168965340
0.999997020 0.001987855 0.001474752 0.064297460 -0.001988735 0.999997914 0.000595094 -0.150176093 -0.001473566 -0.000598025 0.999998748 4.422502041
0.999997735 0.001787653 0.001202814 0.077738598 -0.001788138 0.999998331 0.000402251 -0.156973928 -0.001202093 -0.000404400 0.999999166 4.692518711
0.999997675 0.001458402 0.001598265 0.071093842 -0.001458960 0.999998868 0.000347489 -0.166547567 -0.001597756 -0.000349820 0.999998689 4.947400093
0.999996901 0.001716506 0.001812796 0.071814328 -0.001717405 0.999998391 0.000494585 -0.178948373 -0.001811944 -0.000497697 0.999998271 5.198094845
0.999997199 0.001761693 0.001615479 0.083121315 -0.001762644 0.999998331 0.000587635 -0.186051875 -0.001614442 -0.000590481 0.999998569 5.481647968
0.999997139 0.001479839 0.001871695 0.079348139 -0.001481407 0.999998510 0.000836506 -0.201643378 -0.001870454 -0.000839276 0.999997854 5.739564419
0.999996305 0.002156022 0.001638699 0.088877857 -0.002156873 0.999997556 0.000517496 -0.205931589 -0.001637580 -0.000521029 0.999998510 6.011701107
0.999997735 0.001273370 0.001680824 0.101068780 -0.001274459 0.999998987 0.000647064 -0.217624024 -0.001679998 -0.000649205 0.999998450 6.284376144
0.999996841 0.001670099 0.001876632 0.100912258 -0.001671914 0.999998093 0.000965514 -0.229518965 -0.001875016 -0.000968648 0.999997795 6.572958469
0.999996722 0.001717658 0.001897964 0.097440898 -0.001718733 0.999998391 0.000565263 -0.229628876 -0.001896990 -0.000568523 0.999998033 6.863058567
0.999997497 0.001326925 0.001832414 0.111331031 -0.001328670 0.999998689 0.000951356 -0.243256047 -0.001831149 -0.000953788 0.999997854 7.154260159
0.999996185 0.001679298 0.002172222 0.113461822 -0.001680984 0.999998331 0.000774545 -0.247951806 -0.002170917 -0.000778194 0.999997318 7.454618931
0.999995768 0.001860904 0.002241219 0.123309195 -0.001862945 0.999997914 0.000909172 -0.264231026 -0.002239523 -0.000913343 0.999997139 7.758869648
0.999997139 0.001507887 0.001864356 0.130784675 -0.001509820 0.999998331 0.001035772 -0.275058895 -0.001862791 -0.001038584 0.999997735 8.106035233
0.999997318 0.001396434 0.001935599 0.138165861 -0.001397767 0.999998868 0.000687607 -0.280206889 -0.001934636 -0.000690310 0.999997914 8.425306320
0.999995947 0.001701850 0.002271138 0.142457038 -0.001702536 0.999998450 0.000300216 -0.274931699 -0.002270624 -0.000304082 0.999997377 8.769485474
0.999996662 0.001365769 0.002203950 0.145667955 -0.001367050 0.999998927 0.000579562 -0.288774103 -0.002203156 -0.000582574 0.999997437 9.101484299
0.999996364 0.001658490 0.002092356 0.159629166 -0.001659739 0.999998391 0.000595355 -0.305322498 -0.002091365 -0.000598826 0.999997616 9.427875519
0.999997497 0.001161214 0.001872606 0.171239495 -0.001161875 0.999999225 0.000351697 -0.310963541 -0.001872196 -0.000353872 0.999998152 9.777430534
0.999997139 0.001431968 0.001924147 0.173755765 -0.001432898 0.999998868 0.000482187 -0.316089839 -0.001923455 -0.000484943 0.999998033 10.123808861
0.999996543 0.001613558 0.002066484 0.180018336 -0.001614866 0.999998510 0.000631598 -0.334900796 -0.002065462 -0.000634932 0.999997675 10.485079765
0.999997318 0.001114282 0.002008323 0.193341374 -0.001116164 0.999998927 0.000936681 -0.345445842 -0.002007277 -0.000938920 0.999997556 10.855832100
0.999996364 0.001598391 0.002180980 0.199261799 -0.001600592 0.999998212 0.001007788 -0.369521827 -0.002179365 -0.001011275 0.999997139 11.207187653
0.999995172 0.002037165 0.002332582 0.202486932 -0.002039404 0.999997437 0.000957745 -0.382105052 -0.002330626 -0.000962497 0.999996781 11.589324951
0.999996841 0.001192686 0.002234258 0.218992636 -0.001196231 0.999997973 0.001585657 -0.392692626 -0.002232363 -0.001588324 0.999996245 11.969229698
0.999994516 0.002105689 0.002577791 0.222451985 -0.002109848 0.999996424 0.001611714 -0.404382288 -0.002574388 -0.001617144 0.999995410 12.330183029
0.999994040 0.001899840 0.002930788 0.225287437 -0.001904737 0.999996781 0.001668712 -0.416855067 -0.002927608 -0.001674284 0.999994278 12.715376854
0.999996364 0.000867984 0.002558099 0.248658001 -0.000872642 0.999997973 0.001820261 -0.438764364 -0.002556515 -0.001822486 0.999995053 13.112139702
0.999997079 0.001385654 0.001978440 0.262021720 -0.001389261 0.999997437 0.001822973 -0.457051843 -0.001975910 -0.001825716 0.999996364 13.495105743
0.999993801 0.001868268 0.002970680 0.271619290 -0.001873862 0.999996483 0.001881458 -0.456395268 -0.002967155 -0.001887013 0.999993742 13.918901443
0.999989629 0.002731650 0.003661742 0.261653602 -0.002739588 0.999993920 0.002164474 -0.471403599 -0.003655806 -0.002174482 0.999990940 14.322465897
0.999994576 0.000608647 0.003219250 0.286514908 -0.000614961 0.999997854 0.001960900 -0.502183318 -0.003218050 -0.001962869 0.999992907 14.721674919
0.999992847 0.000657072 0.003715957 0.295781612 -0.000664617 0.999997675 0.002029678 -0.510056794 -0.003714615 -0.002032134 0.999991059 15.153759956
0.999992311 0.000406895 0.003887062 0.312319428 -0.000416777 0.999996722 0.002541771 -0.525671721 -0.003886015 -0.002543371 0.999989271 15.567729950
0.999989092 0.001704721 0.004338520 0.330082506 -0.001715745 0.999995351 0.002538608 -0.530498266 -0.004334172 -0.002546024 0.999987423 16.052507401
0.999989510 0.001209192 0.004414926 0.328606725 -0.001219533 0.999996543 0.002340408 -0.564628482 -0.004412082 -0.002345768 0.999987483 16.470291138
0.999989569 0.000547994 0.004521550 0.344316185 -0.000556092 0.999998331 0.001789839 -0.574269235 -0.004520562 -0.001792336 0.999988198 16.918497086
0.999984324 0.001371168 0.005428518 0.348091960 -0.001384448 0.999996066 0.002443318 -0.586631536 -0.005425146 -0.002450795 0.999982297 17.393339157
0.999985456 0.000899543 0.005302028 0.363719285 -0.000913484 0.999996126 0.002627483 -0.601963460 -0.005299644 -0.002632289 0.999982536 17.842018127
0.999982834 0.001034010 0.005752546 0.369953007 -0.001050098 0.999995530 0.002794415 -0.626223981 -0.005749632 -0.002800407 0.999979556 18.267118454
0.999982655 0.000987619 0.005800017 0.386689186 -0.001002604 0.999996126 0.002581289 -0.633753657 -0.005797446 -0.002587059 0.999979794 18.738092422
0.999980688 0.000776374 0.006154973 0.406040192 -0.000796252 0.999994516 0.003227871 -0.654631972 -0.006152432 -0.003232709 0.999975860 19.219434738
0.999973774 0.001956980 0.006968265 0.411115229 -0.001977743 0.999993622 0.002973996 -0.664840460 -0.006962400 -0.002987700 0.999971330 19.679582596
0.999983072 0.000890281 0.005738381 0.436190605 -0.000910139 0.999993563 0.003459032 -0.698661685 -0.005735265 -0.003464196 0.999977469 20.147783279
0.999981582 0.001449933 0.005897092 0.441765249 -0.001471633 0.999992132 0.003677225 -0.712026656 -0.005891713 -0.003685836 0.999975801 20.643726349
0.999982655 0.000924121 0.005801613 0.454432398 -0.000946476 0.999992073 0.003851726 -0.734301090 -0.005798007 -0.003857151 0.999975741 21.160982132
0.999984145 0.001312235 0.005473350 0.454264998 -0.001333728 0.999991536 0.003924895 -0.753213048 -0.005468152 -0.003932133 0.999977291 21.635459900
0.999984384 0.001775166 0.005305608 0.459519118 -0.001799773 0.999987721 0.004636710 -0.776916564 -0.005297312 -0.004646186 0.999975204 22.140964508
0.999987304 0.001272817 0.004861001 0.482062072 -0.001294764 0.999988973 0.004514477 -0.789030612 -0.004855202 -0.004520713 0.999977946 22.649059296
0.999991536 0.000830107 0.004034500 0.492825836 -0.000846065 0.999991834 0.003955210 -0.791853905 -0.004031184 -0.003958590 0.999984026 23.166971207
0.999994218 0.000648804 0.003342726 0.514117181 -0.000662935 0.999990940 0.004227991 -0.817237556 -0.003339952 -0.004230183 0.999985397 23.631574631
0.999996126 -0.000756887 0.002678751 0.524773479 0.000745721 0.999991000 0.004167070 -0.835301757 -0.002681881 -0.004165057 0.999987721 24.152429581
0.999997795 -0.000058543 0.002064012 0.535066485 0.000049340 0.999990046 0.004458774 -0.849146485 -0.002064253 -0.004458663 0.999987900 24.678108215
0.999999404 0.000124496 0.001063907 0.548574328 -0.000129562 0.999988556 0.004762875 -0.861849546 -0.001063302 -0.004763010 0.999988139 25.213027954
0.999999642 -0.000006470 0.000859345 0.555085719 0.000002697 0.999990344 0.004390328 -0.872422457 -0.000859365 -0.004390325 0.999989986 25.745683670
0.999999762 -0.000636462 0.000523075 0.567594290 0.000634367 0.999991775 0.003995525 -0.884055912 -0.000525614 -0.003995192 0.999991894 26.293445587
0.999999940 -0.000406333 0.000084097 0.583058119 0.000405901 0.999987066 0.005072045 -0.899760604 -0.000086157 -0.005072010 0.999987125 26.822437286
0.999999881 -0.000481819 -0.000168372 0.592741847 0.000482687 0.999986410 0.005191724 -0.920985401 0.000165868 -0.005191805 0.999986470 27.345109940
0.999999464 0.001056248 -0.000071179 0.601684928 -0.001055922 0.999989629 0.004427542 -0.933098316 0.000075855 -0.004427465 0.999990165 27.903947830
0.999999583 0.000748047 -0.000577388 0.609781563 -0.000745265 0.999988198 0.004803583 -0.937137842 0.000580974 -0.004803150 0.999988258 28.411243439
0.999998808 0.001371288 -0.000748513 0.622365832 -0.001367352 0.999985337 0.005234867 -0.956772447 0.000755680 -0.005233837 0.999986053 28.954753876
0.999998569 0.001678317 -0.000377990 0.607307136 -0.001676511 0.999987423 0.004728666 -0.967855871 0.000385922 -0.004728025 0.999988735 29.523996353
0.999997973 0.000965313 -0.001770528 0.634428740 -0.000956360 0.999986708 0.005050100 -0.985304296 0.001775380 -0.005048396 0.999985695 30.022327423
0.999998271 0.001139887 -0.001461045 0.646340251 -0.001132266 0.999985814 0.005206287 -1.001473308 0.001466959 -0.005204624 0.999985397 30.565700531
0.999997020 0.000836097 -0.002282075 0.653598607 -0.000823257 0.999983847 0.005621435 -1.021215081 0.002286738 -0.005619541 0.999981523 31.086322784
0.999995828 0.001410043 -0.002518624 0.673810065 -0.001395672 0.999982774 0.005698327 -1.040351152 0.002526616 -0.005694788 0.999980569 31.626291275
0.999995708 0.001343947 -0.002615574 0.686533391 -0.001330055 0.999985039 0.005305736 -1.056597710 0.002622666 -0.005302234 0.999982476 32.178527832
0.999994993 0.001012402 -0.002997703 0.697142601 -0.000997361 0.999986947 0.005014866 -1.045778871 0.003002741 -0.005011851 0.999982953 32.668190002
0.999995828 0.001757461 -0.002278598 0.685082018 -0.001747503 0.999988973 0.004364729 -1.055503845 0.002286244 -0.004360728 0.999987900 33.212818146
0.999996424 0.001407352 -0.002286077 0.694490612 -0.001395184 0.999984920 0.005315792 -1.081663966 0.002293524 -0.005312582 0.999983251 33.762264252
0.999992967 0.001831971 -0.003274388 0.711731553 -0.001814620 0.999984324 0.005294338 -1.088263512 0.003284034 -0.005288360 0.999980628 34.270366669
0.999992371 0.001121284 -0.003744369 0.730527997 -0.001102292 0.999986529 0.005070521 -1.099727631 0.003750004 -0.005066355 0.999980152 34.800727844
0.999992788 0.002081733 -0.003170158 0.717044890 -0.002065848 0.999985337 0.005006109 -1.111375451 0.003180532 -0.004999525 0.999982476 35.354213715
0.999992669 0.001895077 -0.003319724 0.726190031 -0.001878584 0.999985933 0.004964288 -1.135459423 0.003329086 -0.004958016 0.999982178 35.859516144
0.999991298 0.002665017 -0.003191361 0.731123030 -0.002650791 0.999986649 0.004453503 -1.141505599 0.003203188 -0.004445004 0.999984980 36.419742584
0.999991000 0.002674980 -0.003269055 0.744536936 -0.002660551 0.999986708 0.004410338 -1.149676561 0.003280810 -0.004401601 0.999984920 36.940750122
0.999991953 0.002798972 -0.002874834 0.743213177 -0.002788070 0.999988914 0.003789315 -1.151562333 0.002885408 -0.003781270 0.999988735 37.505359650
0.999991238 0.001887921 -0.003727759 0.769154489 -0.001868485 0.999984682 0.005210354 -1.206161976 0.003737540 -0.005203344 0.999979436 38.008579254
0.999990761 0.001971187 -0.003812297 0.772153378 -0.001951078 0.999984145 0.005271199 -1.220688701 0.003822628 -0.005263712 0.999978781 38.560440063
0.999987543 0.002048349 -0.004559829 0.805413961 -0.002027288 0.999987245 0.004618730 -1.217648506 0.004569232 -0.004609429 0.999978960 39.144462585
0.999989271 0.002858113 -0.003664011 0.784565747 -0.002839907 0.999983668 0.004964489 -1.227693439 0.003678140 -0.004954030 0.999980927 39.601261139
0.999991357 0.001714481 -0.003811366 0.800546169 -0.001692158 0.999981523 0.005852508 -1.257355332 0.003821329 -0.005846008 0.999975622 40.129684448
0.999990761 0.002297461 -0.003630438 0.821604967 -0.002276668 0.999981046 0.005721396 -1.289217114 0.003643515 -0.005713077 0.999977052 40.636795044
0.999991119 0.002330982 -0.003491062 0.824511230 -0.002311174 0.999981284 0.005667180 -1.300278068 0.003504206 -0.005659061 0.999977887 41.172801971
0.999989033 0.002581556 -0.003903110 0.838365138 -0.002558819 0.999979854 0.005819147 -1.309975505 0.003918054 -0.005809095 0.999975443 41.718372345
0.999989271 0.002247895 -0.004034414 0.855631292 -0.002223404 0.999979079 0.006064663 -1.321946025 0.004047963 -0.006055628 0.999973416 42.230579376
0.999988675 0.002207554 -0.004206642 0.867930233 -0.002183814 0.999981701 0.005639711 -1.330458164 0.004219015 -0.005630461 0.999975264 42.778007507
0.999988258 0.002477436 -0.004169059 0.871957302 -0.002452867 0.999979615 0.005888019 -1.350400209 0.004183562 -0.005877722 0.999973953 43.297225952
0.999989331 0.002485774 -0.003891749 0.877548754 -0.002462842 0.999979556 0.005886377 -1.363209605 0.003906302 -0.005876730 0.999975085 43.828182220
0.999989152 0.002269249 -0.004063765 0.893030584 -0.002246637 0.999981940 0.005560248 -1.368225098 0.004076310 -0.005551059 0.999976218 44.371109009
0.999988198 0.002124232 -0.004358665 0.914300084 -0.002101779 0.999984443 0.005149627 -1.378165841 0.004369537 -0.005140406 0.999977231 44.926006317
0.999989152 0.002221832 -0.004098586 0.918697238 -0.002198780 0.999981701 0.005620240 -1.390946507 0.004110998 -0.005611168 0.999975741 45.440250397
0.999990284 0.002172692 -0.003837010 0.924544096 -0.002151803 0.999983013 0.005440001 -1.408435225 0.003848763 -0.005431693 0.999977827 45.954528809
0.999988973 0.002970051 -0.003637165 0.940833211 -0.002949387 0.999979615 0.005673623 -1.433416843 0.003653941 -0.005662833 0.999977350 46.483081818
0.999988556 0.001950994 -0.004367092 0.958673716 -0.001926091 0.999981940 0.005699140 -1.434799790 0.004378132 -0.005690664 0.999974191 47.057338715
0.999988616 0.002425313 -0.004108022 0.961998701 -0.002402750 0.999982059 0.005488385 -1.445614100 0.004121260 -0.005478452 0.999976516 47.551021576
0.999987960 0.002022112 -0.004449496 0.978648722 -0.001997295 0.999982536 0.005574810 -1.464102149 0.004460691 -0.005565857 0.999974608 48.093139648
0.999987543 0.001216045 -0.004837816 0.988569140 -0.001184789 0.999978483 0.006458435 -1.483759165 0.004845566 -0.006452623 0.999967456 48.634151459
0.999986947 0.002730140 -0.004325978 1.003319740 -0.002705958 0.999980748 0.005586016 -1.486015320 0.004341145 -0.005574238 0.999975026 49.177009583
0.999987841 0.002424519 -0.004299135 1.003728747 -0.002399950 0.999980807 0.005710852 -1.500154972 0.004312899 -0.005700463 0.999974370 49.687747955
0.999989152 0.002703657 -0.003797642 1.007076502 -0.002680673 0.999978125 0.006044141 -1.518465400 0.003813901 -0.006033895 0.999974489 50.232963562
0.999987245 0.003003057 -0.004067498 1.020546436 -0.002980023 0.999979496 0.005657066 -1.522409916 0.004084403 -0.005644872 0.999975741 50.744300842
0.999985516 0.002567975 -0.004740989 1.033948421 -0.002538226 0.999977052 0.006270257 -1.540861368 0.004756982 -0.006258132 0.999969184 51.285934448
0.999985576 0.001870346 -0.005035133 1.062608957 -0.001838687 0.999978542 0.006285070 -1.550397396 0.005046781 -0.006275721 0.999967575 51.796989441
0.999988496 0.002949188 -0.003775682 1.044546008 -0.002927310 0.999978960 0.005787150 -1.559353709 0.003792670 -0.005776031 0.999976099 52.321315765
0.999988317 0.002717034 -0.003977380 1.053183079 -0.002695162 0.999981165 0.005494315 -1.571303606 0.003992234 -0.005483531 0.999976933 52.864387512
0.999987841 0.003529876 -0.003433804 1.051842809 -0.003512312 0.999980748 0.005107664 -1.584369779 0.003451768 -0.005095542 0.999981046 53.366813660
0.999990642 0.003093080 -0.003014044 1.044962883 -0.003076086 0.999979436 0.005626725 -1.603945017 0.003031386 -0.005617402 0.999979615 53.930789948
0.999990642 0.002605532 -0.003457708 1.062467813 -0.002586398 0.999981523 0.005526449 -1.625121593 0.003472044 -0.005517454 0.999978781 54.451145172
0.999990046 0.002787024 -0.003491448 1.070999980 -0.002767284 0.999980271 0.005645714 -1.635241985 0.003507113 -0.005635997 0.999978006 54.991760254
0.999990582 0.002311282 -0.003673253 1.075737000 -0.002289186 0.999979377 0.006008057 -1.654114008 0.003687063 -0.005999593 0.999975204 55.549926758
0.999992192 0.001852975 -0.003490708 1.111108303 -0.001832880 0.999981821 0.005751119 -1.656338692 0.003501302 -0.005744675 0.999977350 56.058322906
0.999992549 0.002220424 -0.003161543 1.087893009 -0.002199805 0.999976397 0.006510428 -1.686531067 0.003175926 -0.006503425 0.999973834 56.510147095
0.999992669 0.001425405 -0.003568327 1.098128557 -0.001402509 0.999978423 0.006411006 -1.706979990 0.003577389 -0.006405954 0.999973118 57.075592041
0.999993384 0.002114754 -0.002980001 1.116504073 -0.002096805 0.999979734 0.006013586 -1.706780553 0.002992658 -0.006007297 0.999977529 57.612945557
0.999993265 0.001143745 -0.003484933 1.123146772 -0.001122714 0.999981165 0.006030774 -1.723675370 0.003491763 -0.006026821 0.999975741 58.098991394
0.999993503 0.001459089 -0.003288407 1.127934694 -0.001438979 0.999980330 0.006109404 -1.741102934 0.003297257 -0.006104632 0.999975920 58.627918243
0.999993861 0.001703260 -0.003055821 1.139968157 -0.001684086 0.999978960 0.006266047 -1.763662457 0.003066429 -0.006260863 0.999975741 59.170406342
0.999994159 0.001552646 -0.003033739 1.152085781 -0.001533254 0.999978483 0.006384104 -1.770813107 0.003043585 -0.006379415 0.999975026 59.726982117
0.999995470 0.001370805 -0.002684841 1.157586813 -0.001353971 0.999979496 0.006261744 -1.778602242 0.002693370 -0.006258081 0.999976754 60.201900482
0.999993622 0.001467157 -0.003266834 1.189117432 -0.001443773 0.999973476 0.007148902 -1.805811167 0.003277235 -0.007144139 0.999969125 60.723155975
0.999994814 0.000491545 -0.003164501 1.175815225 -0.000470415 0.999977708 0.006674472 -1.807540894 0.003167712 -0.006672948 0.999972761 61.321216583
0.999995887 0.001161747 -0.002640854 1.176816106 -0.001144864 0.999978960 0.006385590 -1.839010477 0.002648217 -0.006382539 0.999976158 61.893165588
0.999996364 0.001458086 -0.002271248 1.193177700 -0.001444588 0.999981344 0.005933433 -1.807884336 0.002279858 -0.005930132 0.999979734 62.288402557
0.999994755 0.001198416 -0.002993603 1.212365866 -0.001181456 0.999983251 0.005660518 -1.824670672 0.003000337 -0.005656951 0.999979496 62.839393616
0.999995887 0.001943246 -0.002114036 1.188520908 -0.001929389 0.999976754 0.006537466 -1.865152836 0.002126691 -0.006533361 0.999976397 63.361278534
0.999994338 -0.000010697 -0.003365108 1.243176699 0.000028539 0.999985933 0.005302269 -1.863659620 0.003365004 -0.005302335 0.999980271 63.940662384
0.999995291 0.000570216 -0.002990470 1.243266463 -0.000552261 0.999981821 0.006001398 -1.856878161 0.002993839 -0.005999718 0.999977529 64.362556458
0.999995351 0.000139877 -0.003034771 1.259798646 -0.000121557 0.999981821 0.006036005 -1.867628336 0.003035560 -0.006035608 0.999977171 64.900619507
0.999997258 0.000556310 -0.002268989 1.254664540 -0.000540240 0.999974847 0.007076646 -1.893162012 0.002272869 -0.007075401 0.999972343 65.440696716
0.999995768 0.000114506 -0.002891992 1.283314228 -0.000096674 0.999980867 0.006165446 -1.879760265 0.002892643 -0.006165141 0.999976814 65.986228943
0.999996424 0.001415278 -0.002242759 1.277172327 -0.001399598 0.999974608 0.006977625 -1.929140329 0.002252576 -0.006974462 0.999973118 66.459655762
0.999996006 0.000625786 -0.002744175 1.295878410 -0.000607960 0.999978721 0.006492030 -1.938539267 0.002748178 -0.006490337 0.999975145 66.998275757
0.999996603 0.000461100 -0.002568624 1.301100492 -0.000445759 0.999981940 0.005969792 -1.929041743 0.002571328 -0.005968626 0.999978900 67.508491516
0.999996781 0.001082492 -0.002281101 1.299253225 -0.001067051 0.999976575 0.006759411 -1.959232569 0.002288362 -0.006756954 0.999974549 68.037239075
0.999999106 -0.000135175 0.001275291 1.205725551 0.000128565 0.999986589 0.005181569 -1.951106071 -0.001275974 -0.005181402 0.999985695 68.560264587
0.999999285 0.000087483 0.001232756 1.222635865 -0.000093924 0.999986351 0.005225724 -1.970809579 -0.001232282 -0.005225835 0.999985516 69.109405518
0.999998450 0.001132499 0.001352108 1.224284410 -0.001139199 0.999987066 0.004965608 -1.992392421 -0.001346467 -0.004967143 0.999986768 69.662277222
0.999995887 0.002055075 0.001977374 1.275116324 -0.002064788 0.999985754 0.004922915 -2.007401228 -0.001967228 -0.004926981 0.999985933 70.148117065
0.999997318 -0.001224511 0.001966650 1.246271253 0.001215216 0.999988139 0.004720463 -1.993523836 -0.001972407 -0.004718060 0.999986887 70.609939575
0.999996543 -0.001807965 0.001917129 1.257912040 0.001800920 0.999991655 0.003669971 -1.998397708 -0.001923747 -0.003666506 0.999991417 71.181671143
0.999997437 -0.000418810 0.002250429 1.267426491 0.000410366 0.999992907 0.003750935 -2.018957853 -0.002251983 -0.003750002 0.999990463 71.721023560
0.999996603 -0.001159724 0.002312138 1.277656436 0.001149586 0.999989867 0.004380862 -2.024432421 -0.002317194 -0.004378187 0.999987721 72.197990417
0.999996841 -0.001546335 0.001947513 1.292421222 0.001537919 0.999989569 0.004315828 -2.042489052 -0.001954166 -0.004312819 0.999988794 72.741256714
0.999992967 -0.003390629 0.001584140 1.315894723 0.003383407 0.999984026 0.004539802 -2.058032990 -0.001599507 -0.004534409 0.999988496 73.293884277
0.999992967 -0.000882954 0.003627581 1.291262388 0.000867319 0.999990344 0.004309229 -2.069525957 -0.003631351 -0.004306052 0.999984145 73.761749268
0.999994516 -0.001221181 0.003047837 1.315575123 0.001206173 0.999987185 0.004921172 -2.089394808 -0.003053807 -0.004917470 0.999983251 74.306518555
0.999994576 -0.000542664 0.003239105 1.356847167 0.000526750 0.999987781 0.004911802 -2.121541500 -0.003241730 -0.004910069 0.999982655 74.835212708
0.999993443 -0.000810229 0.003506483 1.342513561 0.000794179 0.999989212 0.004576142 -2.121229172 -0.003510151 -0.004573327 0.999983370 75.272850037
0.999993324 -0.001450241 0.003331916 1.361933947 0.001433667 0.999986589 0.004971373 -2.136574984 -0.003339081 -0.004966562 0.999982059 75.804809570
0.999990523 -0.000646679 0.004288524 1.354484797 0.000627124 0.999989390 0.004559493 -2.144608021 -0.004291428 -0.004556762 0.999980390 76.370643616
0.999989331 -0.000624379 0.004580318 1.333984137 0.000604723 0.999990582 0.004291550 -2.144615650 -0.004582955 -0.004288733 0.999980330 76.830955505
0.999988496 -0.000089275 0.004805847 1.345859289 0.000067077 0.999989271 0.004618919 -2.154080153 -0.004806208 -0.004618543 0.999977827 77.380943298
0.999988198 -0.000111348 0.004859578 1.357151508 0.000091327 0.999991477 0.004119798 -2.168314457 -0.004859996 -0.004119307 0.999979734 77.855079651
0.999987543 -0.000697462 0.004954750 1.372443199 0.000681578 0.999994636 0.003206783 -2.176612377 -0.004956961 -0.003203366 0.999982595 78.401275635
0.999978900 -0.000044668 0.006498809 1.385002255 0.000020169 0.999992907 0.003769611 -2.202028036 -0.006498931 -0.003769399 0.999971867 78.948509216
0.999963522 0.000791163 0.008506596 1.386976600 -0.000824187 0.999992132 0.003879414 -2.201821566 -0.008503460 -0.003886287 0.999956310 79.403656006
0.999950230 0.000714364 0.009959611 1.394261837 -0.000754038 0.999991775 0.003980445 -2.216254473 -0.009956686 -0.003987757 0.999942541 79.960411072
0.999937236 0.001290279 0.011125026 1.403702617 -0.001340257 0.999989033 0.004486149 -2.224685669 -0.011119116 -0.004500777 0.999928057 80.476295471
0.999907196 0.000180779 0.013621470 1.449280381 -0.000234012 0.999992371 0.003906557 -2.253372431 -0.013620660 -0.003909383 0.999899566 80.956748962
0.999852359 0.000609637 0.017173607 1.475030899 -0.000679075 0.999991596 0.004037801 -2.264661074 -0.017171003 -0.004048866 0.999844372 81.487716675
0.999787569 0.000585664 0.020605518 1.496958375 -0.000679795 0.999989390 0.004561568 -2.282283545 -0.020602629 -0.004574606 0.999777198 82.021377563
0.999695122 0.000451928 0.024688054 1.525164366 -0.000549832 0.999992013 0.003959009 -2.286735535 -0.024686068 -0.003971376 0.999687314 82.555580139
0.999536037 0.000101578 0.030458378 1.546340227 -0.000222167 0.999992132 0.003955809 -2.298105955 -0.030457731 -0.003960741 0.999528229 83.109146118
0.999330997 0.000485143 0.036567990 1.570285439 -0.000629877 0.999992013 0.003946503 -2.313576221 -0.036565784 -0.003966896 0.999323368 83.674316406
0.999118924 -0.000170265 0.041968074 1.632137299 0.000016358 0.999993205 0.003667567 -2.315924644 -0.041968413 -0.003663651 0.999112368 84.183830261
0.998730361 0.000840892 0.050367940 1.688862562 -0.001045090 0.999991298 0.004027917 -2.336817265 -0.050364114 -0.004075444 0.998722613 84.767501831
0.998256862 0.000007016 0.059019092 1.720480204 -0.000243302 0.999992013 0.003996368 -2.387939453 -0.059018578 -0.004003761 0.998248994 85.192489624
0.997810364 0.000838303 0.066134781 1.779415607 -0.001149439 0.999988556 0.004666665 -2.404463291 -0.066130102 -0.004732464 0.997799873 85.726776123
0.997182488 0.000129389 0.075014591 1.834463120 -0.000466196 0.999989986 0.004472376 -2.424814701 -0.075013258 -0.004494743 0.997172475 86.249015808
0.996402442 0.000338851 0.084746912 1.914520264 -0.000663059 0.999992669 0.003797478 -2.438330412 -0.084745005 -0.003840007 0.996395290 86.845420837
0.995587409 -0.000224246 0.093838699 1.957204819 -0.000175207 0.999990880 0.004248546 -2.463363886 -0.093838774 -0.004246240 0.995578468 87.339157104
0.994755626 0.000082500 0.102280885 2.029399395 -0.000495002 0.999991834 0.004007652 -2.477085114 -0.102279723 -0.004037264 0.994747519 87.878120422
0.993686318 -0.000445767 0.112192988 2.104850292 -0.000036033 0.999990761 0.004292316 -2.492945433 -0.112193868 -0.004269259 0.993677139 88.412399292
0.992461264 -0.000514765 0.122557178 2.199084282 -0.000010380 0.999990761 0.004284212 -2.507446766 -0.122558251 -0.004253188 0.992452264 88.943466187
0.991316557 -0.002061949 0.131481931 2.297640800 0.001555767 0.999991000 0.003952428 -2.527291536 -0.131488875 -0.003713553 0.991310716 89.488044739
0.989803314 -0.001703134 0.142430589 2.398216248 0.001073604 0.999989331 0.004496634 -2.536299229 -0.142436728 -0.004297869 0.989794552 90.040428162
0.987964034 -0.001953492 0.154671416 2.502001762 0.001246954 0.999988317 0.004664874 -2.569126368 -0.154678702 -0.004415859 0.987954974 90.523376465
0.986240029 -0.002295927 0.165303469 2.620072365 0.001616906 0.999989629 0.004242162 -2.582893133 -0.165311545 -0.003916510 0.986233711 91.067558289
0.984666109 -0.003358013 0.174417183 2.738561630 0.002607733 0.999986351 0.004530626 -2.596315145 -0.174430028 -0.004006320 0.984661400 91.589607239
0.982396185 -0.003426170 0.186777800 2.865882874 0.002621481 0.999986172 0.004555088 -2.609535217 -0.186790854 -0.003985266 0.982391596 92.127182007
0.980022371 -0.004082104 0.198845580 3.004932404 0.003287577 0.999985278 0.004325694 -2.625223160 -0.198860332 -0.003585558 0.980021238 92.671173096
0.977783322 -0.004741012 0.209564626 3.134172440 0.003910612 0.999982774 0.004376689 -2.642355442 -0.209581763 -0.003459928 0.977784991 93.179878235
0.974694431 -0.003348940 0.223516285 3.265981674 0.002483822 0.999988317 0.004151522 -2.648740053 -0.223527595 -0.003491290 0.974691331 93.747566223
0.971664786 -0.004806357 0.236314252 3.442953110 0.003778140 0.999981344 0.004803695 -2.675463438 -0.236332938 -0.003774753 0.971664786 94.241386414
0.968860686 -0.004410593 0.247566998 3.600252151 0.003163764 0.999980211 0.005433930 -2.695687532 -0.247586086 -0.004481476 0.968855500 94.777557373
0.965714872 -0.005400073 0.259548694 3.781694412 0.004317665 0.999979377 0.004740259 -2.710552692 -0.259568930 -0.003457098 0.965718389 95.287910461
0.962033391 -0.005638081 0.272873551 3.960956573 0.004420361 0.999977350 0.005077146 -2.730676889 -0.272895962 -0.003678184 0.962036490 95.777030945
0.958200872 -0.006310022 0.286026448 4.151466370 0.004999275 0.999973416 0.005312599 -2.758744240 -0.286052257 -0.003660613 0.958207011 96.320739746
0.954921842 -0.006831893 0.296778470 4.347393036 0.005344135 0.999968767 0.005824037 -2.779921532 -0.296808928 -0.003975476 0.954928577 96.838333130
0.950480402 -0.007181862 0.310701460 4.545907974 0.005776606 0.999968529 0.005442798 -2.782992363 -0.310730785 -0.003378473 0.950491905 97.362724304
0.945853412 -0.007377381 0.324509889 4.759649277 0.005875563 0.999967039 0.005607584 -2.800791025 -0.324540585 -0.003397275 0.945865631 97.897407532
0.941938579 -0.008151062 0.335686207 4.958610535 0.006694758 0.999962568 0.005495327 -2.809520245 -0.335718453 -0.002928922 0.941957831 98.379241943
0.937313318 -0.007736918 0.348401845 5.153518677 0.006185345 0.999965370 0.005565538 -2.822393894 -0.348432869 -0.003061667 0.937328756 98.878372192
0.931932569 -0.007899312 0.362545311 5.376586914 0.006137776 0.999963105 0.006010357 -2.833564281 -0.362579435 -0.003376025 0.931946814 99.407554626
0.927378595 -0.009708146 0.373998225 5.605825424 0.008110878 0.999950051 0.005844427 -2.855757713 -0.374036372 -0.002386543 0.927410901 99.879440308
0.922658145 -0.010205633 0.385483772 5.830942154 0.008409614 0.999944508 0.006344932 -2.875317574 -0.385527134 -0.002612432 0.922692776 100.328918457
0.916707039 -0.010086280 0.399432480 6.076061249 0.008326993 0.999946415 0.006139526 -2.886045456 -0.399472982 -0.002302076 0.916742086 100.834190369
0.911083698 -0.010816197 0.412079245 6.327018738 0.008930425 0.999938965 0.006501593 -2.908024073 -0.412124515 -0.002243455 0.911124766 101.289985657
0.906130672 -0.013163611 0.422792643 6.523803711 0.011148401 0.999911666 0.007238861 -2.926144361 -0.422850639 -0.001845894 0.906197488 101.759536743
0.900514960 -0.013501744 0.434615254 6.781696320 0.011198562 0.999906421 0.007859845 -2.946089268 -0.434680760 -0.002210842 0.900581896 102.225357056
0.893595517 -0.013566674 0.448667943 7.077621460 0.011013682 0.999904871 0.008299247 -2.970182896 -0.448737949 -0.002474686 0.893660009 102.757591248
0.887725353 -0.014007392 0.460160166 7.356578827 0.011607598 0.999900162 0.008044236 -2.982468367 -0.460226923 -0.001799720 0.887799501 103.223937988
0.881830633 -0.014601072 0.471340030 7.625343323 0.012169754 0.999892235 0.008206042 -2.987367630 -0.471409112 -0.001500246 0.881913364 103.706665039
0.874341309 -0.013940387 0.485111117 7.909267426 0.011447928 0.999901593 0.008100452 -2.997223854 -0.485176325 -0.001529045 0.874414980 104.178222656
0.867132902 -0.014774490 0.497857690 8.196506500 0.012007007 0.999889553 0.008759907 -3.019574642 -0.497932076 -0.001618223 0.867214501 104.633239746
