1.000000000 0.000000000 0.000000000 0.000000000 0.000000000 1.000000000 0.000000000 0.000000000 0.000000000 0.000000000 1.000000000 0.000000000
1.000000000 0.000127244 0.000117504 -0.000924922 -0.000127241 1.000000000 -0.000026753 0.000242169 -0.000117508 0.000026738 1.000000000 0.000161018
1.000000000 0.000144968 0.000041877 0.004293825 -0.000144970 1.000000000 0.000029688 0.000001483 -0.000041873 -0.000029695 1.000000000 -0.002156138
1.000000000 -0.000038213 -0.000036463 0.002704236 0.000038215 1.000000000 0.000062338 -0.000590433 0.000036461 -0.000062339 1.000000000 -0.002847678
1.000000000 0.000077469 0.000113301 -0.002246865 -0.000077464 1.000000000 -0.000044615 0.002345678 -0.000113305 0.000044607 1.000000000 0.002282744
1.000000000 0.000046690 0.000033944 -0.001629451 -0.000046690 1.000000000 0.000004389 0.004594486 -0.000033944 -0.000004390 1.000000000 -0.005183736
1.000000000 0.000017337 0.000123332 -0.004061813 -0.000017338 1.000000000 0.000012101 0.002841076 -0.000123332 -0.000012103 1.000000000 0.000238874
1.000000000 0.000114643 0.000076527 -0.000744431 -0.000114637 1.000000000 -0.000076147 0.000624328 -0.000076536 0.000076138 1.000000000 -0.000564674
1.000000000 0.000015503 0.000075909 -0.000556484 -0.000015503 1.000000000 0.000001065 -0.000344618 -0.000075909 -0.000001066 1.000000000 -0.002959943
1.000000000 0.000096191 0.000069291 -0.001517414 -0.000096193 1.000000000 0.000028799 0.001475474 -0.000069288 -0.000028805 1.000000000 -0.005459396
1.000000000 -0.000158874 0.000005778 0.000241562 0.000158874 1.000000000 -0.000020676 -0.000851640 -0.000005775 0.000020677 1.000000000 -0.000970786
1.000000000 -0.000027573 0.000021866 -0.000475489 0.000027574 1.000000000 -0.000025267 -0.001046901 -0.000021865 0.000025268 1.000000000 -0.001979174
1.000000000 0.000037777 0.000110909 0.000494963 -0.000037778 1.000000000 0.000008991 0.001052195 -0.000110908 -0.000008995 1.000000000 -0.002621523
0.999999940 -0.000261001 0.000024568 -0.000343445 0.000260997 0.999999940 0.000173604 0.001129822 -0.000024613 -0.000173598 1.000000000 -0.005640363
1.000000000 -0.000235725 -0.000026205 -0.000041821 0.000235725 1.000000000 -0.000004930 0.000610983 0.000026206 0.000004924 1.000000000 -0.000868776
1.000000000 -0.000164914 0.000147959 -0.001997737 0.000164912 1.000000000 0.000015065 -0.000501041 -0.000147962 -0.000015040 1.000000000 -0.002455294
1.000000000 0.000079134 0.000066849 -0.002836977 -0.000079136 1.000000000 0.000031706 0.000275227 -0.000066846 -0.000031712 1.000000000 -0.006112618
1.000000000 -0.000239539 -0.000001904 0.000025278 0.000239539 1.000000000 0.000010858 -0.000330600 0.000001901 -0.000010858 1.000000000 -0.006108585
1.000000000 -0.000005595 0.000042425 -0.000715175 0.000005597 1.000000000 -0.000058333 0.000245605 -0.000042425 0.000058333 1.000000000 -0.011437055
1.000000000 -0.000196386 -0.000068774 0.002867769 0.000196387 1.000000000 0.000014747 -0.001365179 0.000068772 -0.000014760 1.000000000 -0.007743350
1.000000000 0.000001381 0.000089894 -0.000449470 -0.000001386 1.000000000 0.000053533 -0.002186052 -0.000089894 -0.000053533 1.000000000 -0.004477578
1.000000000 -0.000195727 -0.000007539 0.002111898 0.000195727 1.000000000 0.000034999 -0.001661413 0.000007533 -0.000035000 1.000000000 -0.006763354
1.000000000 -0.000188238 0.000053268 -0.000094481 0.000188232 1.000000000 0.000112482 -0.000557639 -0.000053289 -0.000112472 1.000000000 -0.011075754
1.000000000 -0.000018698 -0.000052295 0.004947386 0.000018701 1.000000000 0.000055484 -0.002277397 0.000052294 -0.000055485 1.000000000 -0.011820877
1.000000000 -0.000071028 0.000061543 -0.000016480 0.000071025 1.000000000 0.000042845 -0.000956493 -0.000061546 -0.000042841 1.000000000 -0.006670128
1.000000000 0.000108627 0.000128075 -0.005995664 -0.000108612 1.000000000 -0.000119979 0.000043155 -0.000128088 0.000119965 1.000000000 -0.005161959
1.000000000 -0.000085635 0.000089546 -0.004179373 0.000085631 1.000000000 0.000045548 0.000113139 -0.000089550 -0.000045540 1.000000000 -0.005458234
0.999999940 -0.000286214 -0.000044239 -0.002857648 0.000286218 0.999999940 0.000089401 0.001151913 0.000044214 -0.000089414 1.000000000 -0.005883804
1.000000000 -0.000194137 -0.000042753 -0.000006714 0.000194139 1.000000000 0.000046807 -0.001828949 0.000042744 -0.000046815 1.000000000 -0.000984828
1.000000000 -0.000131551 0.000091971 -0.004077905 0.000131542 1.000000000 0.000105725 0.000663589 -0.000091985 -0.000105713 1.000000000 0.000193674
1.000000000 -0.000203357 0.000031024 -0.001667801 0.000203355 1.000000000 0.000069601 -0.000075471 -0.000031038 -0.000069595 1.000000000 -0.003050689
0.999999940 -0.000264155 -0.000010323 -0.000362783 0.000264156 0.999999940 0.000104885 -0.001681707 0.000010295 -0.000104887 1.000000000 -0.005611264
1.000000000 -0.000000022 0.000037017 -0.004137890 0.000000025 1.000000000 -0.000083223 0.001335239 -0.000037017 0.000083223 1.000000000 -0.003705629
1.000000000 0.000020834 0.000050531 -0.003270980 -0.000020830 1.000000000 -0.000092168 0.005215205 -0.000050533 0.000092167 1.000000000 -0.004575701
1.000000000 -0.000152929 -0.000021378 -0.002430668 0.000152928 1.000000000 -0.000040779 0.000989578 0.000021384 0.000040776 1.000000000 -0.004175770
1.000000000 -0.000134618 -0.000043567 -0.000837466 0.000134617 1.000000000 -0.000019739 0.000453072 0.000043570 0.000019733 1.000000000 -0.005923013
1.000000000 -0.000170618 0.000032945 -0.002941573 0.000170614 1.000000000 0.000132069 -0.001113476 -0.000032967 -0.000132063 1.000000000 -0.004430955
1.000000000 -0.000036134 0.000038741 -0.001782709 0.000036130 1.000000000 0.000100536 -0.000661577 -0.000038744 -0.000100534 1.000000000 -0.004019513
0.999999940 -0.000317415 -0.000113348 0.001424412 0.000317420 0.999999940 0.000049814 -0.001827873 0.000113333 -0.000049850 1.000000000 -0.001858890
1.000000000 -0.000029325 0.000081369 0.000612347 0.000029378 0.999999762 -0.000649871 -0.005418282 -0.000081350 0.000649873 0.999999762 0.047416180
1.000000000 -0.000103010 -0.000038103 0.003763778 0.000102963 0.999999225 -0.001253412 -0.002380536 0.000038232 0.001253408 0.999999225 0.139453337
1.000000000 -0.000047791 -0.000106448 0.005862007 0.000047641 0.999998987 -0.001403259 -0.010352491 0.000106515 0.001403254 0.999998987 0.259230614
1.000000000 0.000101696 0.000168973 0.001891254 -0.000101474 0.999999106 -0.001313562 -0.015060102 -0.000169106 0.001313545 0.999999106 0.383435845
1.000000000 -0.000097333 -0.000137623 0.007327784 0.000097160 0.999999225 -0.001256800 -0.017562428 0.000137745 0.001256786 0.999999225 0.531791031
0.999999940 0.000288793 0.000134293 0.009201399 -0.000288641 0.999999344 -0.001125498 -0.023468502 -0.000134618 0.001125459 0.999999344 0.691919148
1.000000000 -0.000183209 0.000095769 0.022361396 0.000183294 0.999999583 -0.000886688 -0.022762518 -0.000095606 0.000886705 0.999999583 0.864855587
0.999999940 -0.000052479 0.000366846 0.004510626 0.000052733 0.999999762 -0.000693597 -0.032483913 -0.000366809 0.000693617 0.999999702 1.033844948
0.999999881 0.000124410 0.000437855 0.011919688 -0.000124087 0.999999702 -0.000738770 -0.039965935 -0.000437947 0.000738715 0.999999642 1.202002883
1.000000000 -0.000022281 -0.000186793 0.047623292 0.000022196 0.999999881 -0.000455819 -0.046287522 0.000186803 0.000455815 0.999999881 1.428630114
0.999999940 0.000166614 -0.000278132 0.041573163 -0.000166759 0.999999881 -0.000518867 -0.052468441 0.000278046 0.000518913 0.999999821 1.643913507
0.999999881 -0.000430187 -0.000060506 0.033203285 0.000430173 0.999999881 -0.000238463 -0.066029742 0.000060608 0.000238437 0.999999940 1.816534400
0.999999940 -0.000153619 0.000266887 0.038399160 0.000153616 1.000000000 0.000011816 -0.060523447 -0.000266889 -0.000011775 0.999999940 2.006434441
0.999993205 -0.000922474 0.003561442 -0.024454385 0.000920631 0.999999404 0.000518930 -0.095081478 -0.003561919 -0.000515648 0.999993443 2.176071644
0.999992847 -0.001186232 0.003595608 -0.010061830 0.001183453 0.999999046 0.000774966 -0.102418467 -0.003596524 -0.000770705 0.999993205 2.383522987
0.999993443 -0.001165805 0.003411839 -0.012538913 0.001163225 0.999999046 0.000757948 -0.112009220 -0.003412719 -0.000753974 0.999993920 2.606554508
0.999993026 -0.000906044 0.003616105 -0.010937085 0.000902683 0.999999166 0.000931176 -0.121478327 -0.003616945 -0.000927905 0.999993026 2.838600159
0.999993265 -0.001112656 0.003473931 -0.001794296 0.001109240 0.999998868 0.000985026 -0.123004623 -0.003475023 -0.000981166 0.999993503 3.075337410
0.999992549 -0.001043074 0.003721572 -0.000103367 0.001039782 0.999999046 0.000886417 -0.130659342 -0.003722493 -0.000882541 0.999992669 3.307727575
0.999992728 -0.001029054 0.003670373 0.007919163 0.001024629 0.999998689 0.001207173 -0.141055241 -0.003671610 -0.001203404 0.999992490 3.548735380
0.999993384 -0.000441604 0.003606103 0.018343814 0.000437924 0.999999344 0.001021230 -0.144278243 -0.003606552 -0.001019644 0.999992907 3.813246965
0.999992669 -0.000802548 0.003744389 0.024404194 0.000798680 0.999999106 0.001034485 -0.150597826 -0.003745216 -0.001031487 0.999992371 4.079522610
0.999991596 -0.000995803 0.003970339 0.019455165 0.000990156 0.999998510 0.001423918 -0.161394745 -0.003971751 -0.001419975 0.999991119 4.322335243
0.999992788 -0.001208980 0.003580712 0.032874048 0.001204445 0.999998450 0.001268392 -0.167210370 -0.003582240 -0.001264070 0.999992847 4.581115723
0.999992013 -0.001320058 0.003782374 0.046255134 0.001314398 0.999998093 0.001498509 -0.175165504 -0.003784344 -0.001493525 0.999991775 4.849822998
0.999991894 -0.001372511 0.003797082 0.056820467 0.001366465 0.999997854 0.001594410 -0.189153880 -0.003799262 -0.001589209 0.999991477 5.117368221
0.999989927 -0.001704354 0.004147714 0.034511395 0.001696366 0.999996722 0.001928708 -0.199183330 -0.004150987 -0.001921653 0.999989510 5.367455006
0.999988616 -0.001467834 0.004548328 0.035265822 0.001459825 0.999997437 0.001763634 -0.204412669 -0.004550905 -0.001756974 0.999988019 5.622505188
0.999989390 -0.001871752 0.004197879 0.038121950 0.001863517 0.999996305 0.001964682 -0.213326573 -0.004201541 -0.001956839 0.999989212 5.894235134
0.999989331 -0.001718006 0.004293415 0.049708277 0.001710243 0.999996901 0.001811132 -0.219053581 -0.004296514 -0.001803770 0.999989092 6.190913677
0.999988854 -0.000957073 0.004610640 0.057964787 0.000948096 0.999997616 0.001948746 -0.233306065 -0.004612494 -0.001944353 0.999987483 6.446537971
0.999988794 -0.001035456 0.004604657 0.061477773 0.001027759 0.999998033 0.001673645 -0.241095707 -0.004606380 -0.001668894 0.999988019 6.739828110
0.999988973 -0.001288168 0.004523151 0.062677711 0.001280269 0.999997735 0.001748950 -0.242351800 -0.004525392 -0.001743140 0.999988258 7.044579029
0.999989688 -0.001446619 0.004281312 0.083315358 0.001438218 0.999997079 0.001964492 -0.256839246 -0.004284141 -0.001958315 0.999988914 7.340342045
0.999989390 -0.001830151 0.004224821 0.082084186 0.001822807 0.999996901 0.001741372 -0.269088268 -0.004227995 -0.001733652 0.999989569 7.658922672
0.999990404 -0.001238518 0.004197340 0.105811663 0.001228129 0.999996185 0.002476821 -0.295541734 -0.004200391 -0.002471643 0.999988139 7.943295956
0.999987960 -0.001211270 0.004751263 0.109626085 0.001199358 0.999996185 0.002509154 -0.301690429 -0.004754284 -0.002503425 0.999985576 8.264624596
0.999989450 -0.001476298 0.004338894 0.121608570 0.001466321 0.999996245 0.002301666 -0.306483328 -0.004342275 -0.002295280 0.999987960 8.590412140
0.999989152 -0.001430772 0.004423438 0.125217631 0.001419807 0.999995947 0.002480945 -0.318823159 -0.004426969 -0.002474637 0.999987185 8.930125237
0.999990642 -0.001276750 0.004134403 0.137167335 0.001266250 0.999995947 0.002541348 -0.332186282 -0.004137631 -0.002536089 0.999988198 9.244812965
0.999990880 -0.001734329 0.003894331 0.148201376 0.001724585 0.999995351 0.002503926 -0.340778708 -0.003898656 -0.002497187 0.999989212 9.597033501
0.999990642 -0.001660871 0.003996906 0.150869220 0.001650312 0.999995172 0.002643489 -0.343242884 -0.004001277 -0.002636868 0.999988496 9.940769196
0.999991477 -0.001773803 0.003704756 0.166005760 0.001763747 0.999994755 0.002715788 -0.359932929 -0.003709554 -0.002709232 0.999989390 10.294816971
0.999990880 -0.002482648 0.003467791 0.178956077 0.002472434 0.999992609 0.002946556 -0.369188905 -0.003475081 -0.002937956 0.999989629 10.670481682
0.999990165 -0.002498498 0.003672340 0.188027635 0.002488048 0.999992847 0.002847560 -0.373089015 -0.003679429 -0.002838395 0.999989212 11.046357155
0.999990284 -0.002160400 0.003835232 0.198531315 0.002147111 0.999991715 0.003465708 -0.416875422 -0.003842687 -0.003457439 0.999986649 11.368426323
0.999989450 -0.002595479 0.003768558 0.211971119 0.002583171 0.999991357 0.003267135 -0.420518875 -0.003777005 -0.003257366 0.999987602 11.762462616
0.999989212 -0.002377984 0.003973088 0.217694402 0.002362046 0.999989152 0.004011197 -0.434510112 -0.003982584 -0.004001770 0.999984026 12.109855652
0.999988616 -0.001460034 0.004515210 0.213568375 0.001443271 0.999992132 0.003713450 -0.446431309 -0.004520596 -0.003706892 0.999982953 12.502663612
0.999988079 -0.002623195 0.004099766 0.240117177 0.002609080 0.999990702 0.003444493 -0.443942994 -0.004108764 -0.003433756 0.999985635 12.913234711
0.999988616 -0.003268538 0.003464091 0.256496757 0.003255285 0.999987423 0.003824444 -0.463470995 -0.003476548 -0.003813124 0.999986708 13.278375626
0.999987483 -0.002254284 0.004471653 0.254350126 0.002237734 0.999990642 0.003702793 -0.497725487 -0.004479958 -0.003692741 0.999983072 13.696005821
0.999986470 -0.001620691 0.004950886 0.261018813 0.001601449 0.999991238 0.003888131 -0.507848561 -0.004957144 -0.003880150 0.999980152 14.107987404
0.999983668 -0.002893032 0.004924450 0.279531807 0.002874379 0.999988675 0.003790624 -0.523767114 -0.004935361 -0.003776407 0.999980688 14.536976814
0.999981821 -0.003129566 0.005163404 0.281593859 0.003107102 0.999985695 0.004352960 -0.531098008 -0.005176953 -0.004336838 0.999977171 14.947084427
0.999979973 -0.002786955 0.005675707 0.292683363 0.002757158 0.999982357 0.005250990 -0.548443913 -0.005690242 -0.005235235 0.999970019 15.352171898
0.999977291 -0.003878255 0.005515194 0.312490135 0.003851280 0.999980569 0.004893339 -0.600700676 -0.005534065 -0.004871987 0.999972820 15.759980202
0.999976039 -0.003887475 0.005722323 0.327467293 0.003860255 0.999981225 0.004760246 -0.610952735 -0.005740720 -0.004738043 0.999972343 16.197158813
0.999974728 -0.004330084 0.005643154 0.337913364 0.004303932 0.999979973 0.004638291 -0.615711331 -0.005663125 -0.004613886 0.999973297 16.655363083
0.999972880 -0.004280050 0.005991170 0.345540583 0.004250989 0.999979138 0.004855040 -0.634016156 -0.006011824 -0.004829441 0.999970317 17.093965530
0.999971688 -0.004160861 0.006267085 0.357691228 0.004130845 0.999979973 0.004794751 -0.636196077 -0.006286910 -0.004768726 0.999968886 17.545322418
0.999969780 -0.004040708 0.006644649 0.367977738 0.004002576 0.999975502 0.005742039 -0.676931441 -0.006667688 -0.005715269 0.999961436 17.971014023
0.999966502 -0.004410384 0.006896256 0.385711372 0.004371440 0.999974489 0.005651985 -0.684852362 -0.006921008 -0.005621649 0.999960303 18.445369720
0.999966443 -0.004349987 0.006949246 0.395678699 0.004307927 0.999972343 0.006055934 -0.702284515 -0.006975398 -0.006025793 0.999957502 18.904716492
0.999967217 -0.004180020 0.006934447 0.412034988 0.004137291 0.999972403 0.006164758 -0.714395881 -0.006960025 -0.006135866 0.999956906 19.363828659
0.999967515 -0.003753741 0.007135276 0.414867640 0.003708293 0.999972820 0.006372101 -0.738190234 -0.007159002 -0.006345435 0.999954164 19.829690933
0.999967813 -0.004217944 0.006822885 0.429735422 0.004174447 0.999970913 0.006376851 -0.749748826 -0.006849585 -0.006348164 0.999956369 20.323657990
0.999967933 -0.003589813 0.007159765 0.427061617 0.003545126 0.999974251 0.006244383 -0.766042769 -0.007181997 -0.006218801 0.999954879 20.829486847
0.999973357 -0.003603995 0.006360726 0.449660450 0.003561126 0.999970973 0.006738177 -0.791575015 -0.006384824 -0.006715346 0.999957025 21.352418900
0.999975324 -0.003900296 0.005841472 0.459035873 0.003861533 0.999970555 0.006632478 -0.804635942 -0.005867169 -0.006609757 0.999960899 21.793884277
0.999977767 -0.003821125 0.005450481 0.469798088 0.003783666 0.999969244 0.006866419 -0.817633748 -0.005476551 -0.006845644 0.999961555 22.328598022
0.999978602 -0.003760186 0.005338538 0.468129039 0.003723616 0.999969602 0.006843678 -0.829312027 -0.005364109 -0.006823654 0.999962330 22.860647202
0.999981284 -0.003991397 0.004621632 0.471163064 0.003959754 0.999968767 0.006835691 -0.846753538 -0.004648772 -0.006817264 0.999965906 23.378913879
0.999977827 -0.005429491 0.003862326 0.491492122 0.005403160 0.999962330 0.006795582 -0.869836211 -0.003899076 -0.006774563 0.999969423 23.811542511
0.999978185 -0.006009112 0.002771919 0.506986201 0.005989727 0.999957979 0.006949667 -0.881988287 -0.002813563 -0.006932911 0.999972045 24.340236664
0.999986529 -0.004483030 0.002583850 0.519415855 0.004463045 0.999960482 0.007688768 -0.895152688 -0.002618217 -0.007677133 0.999967039 24.843055725
0.999986291 -0.004870190 0.001887466 0.529503584 0.004855757 0.999959469 0.007577830 -0.903844178 -0.001924295 -0.007568561 0.999969542 25.379827499
0.999986708 -0.004826321 0.001774989 0.536926091 0.004812310 0.999957800 0.007815327 -0.919822216 -0.001812633 -0.007806682 0.999967873 25.904239655
0.999986827 -0.004876860 0.001604463 0.553705573 0.004863638 0.999954998 0.008144011 -0.924920261 -0.001644109 -0.008136100 0.999965489 26.442419052
0.999984622 -0.005508926 0.000638406 0.569040835 0.005503327 0.999948978 0.008463174 -0.946117043 -0.000684997 -0.008459529 0.999963939 26.967639923
0.999991477 -0.003941574 0.001221032 0.577115059 0.003930766 0.999954164 0.008730634 -0.969372272 -0.001255389 -0.008725760 0.999961138 27.518955231
0.999991715 -0.003981401 0.000782773 0.577335060 0.003974674 0.999956727 0.008414022 -0.966251969 -0.000816239 -0.008410842 0.999964237 28.034732819
0.999992251 -0.003892545 0.000566017 0.590830028 0.003887419 0.999953806 0.008791155 -0.986579299 -0.000600211 -0.008788887 0.999961197 28.577735901
0.999990523 -0.004357558 -0.000019923 0.605455816 0.004357564 0.999951303 0.008858718 -0.993377149 -0.000018680 -0.008858720 0.999960780 29.137733459
0.999993682 -0.003557016 0.000037727 0.595241010 0.003556553 0.999955833 0.008699431 -1.004190207 -0.000068670 -0.008699242 0.999962151 29.646593094
0.999993205 -0.003691190 -0.000033240 0.608910501 0.003691339 0.999949872 0.009309208 -1.023104906 -0.000001124 -0.009309267 0.999956727 30.194906235
0.999985218 -0.005199790 -0.001607371 0.657952726 0.005215742 0.999935627 0.010084806 -1.044926882 0.001554829 -0.010093041 0.999947846 30.713478088
0.999992669 -0.003749918 -0.000808278 0.642141819 0.003757104 0.999951661 0.009079817 -1.045678139 0.000774191 -0.009082784 0.999958456 31.238327026
0.999991775 -0.003937045 -0.000985766 0.657936335 0.003945609 0.999953091 0.008841923 -1.059904099 0.000950909 -0.008845740 0.999960423 31.763105392
0.999995172 -0.002938041 -0.000997081 0.660979450 0.002946679 0.999957144 0.008775527 -1.067811251 0.000971256 -0.008778424 0.999960959 32.288547516
0.999993742 -0.003386388 -0.001153147 0.661427677 0.003396944 0.999951184 0.009278033 -1.093429565 0.001121671 -0.009281892 0.999956310 32.803764343
0.999994099 -0.003219299 -0.001259838 0.667402148 0.003230594 0.999953747 0.009068874 -1.109138012 0.001230584 -0.009072891 0.999958098 33.373706818
0.999993384 -0.003340975 -0.001503205 0.687348008 0.003355421 0.999947250 0.009712525 -1.118203163 0.001470675 -0.009717504 0.999951780 33.915409088
0.999992669 -0.003449958 -0.001619651 0.680224538 0.003465449 0.999947309 0.009661413 -1.132276893 0.001586235 -0.009666956 0.999952018 34.404563904
0.999989867 -0.003948012 -0.002123430 0.700475097 0.003967589 0.999948919 0.009295429 -1.135088205 0.002086624 -0.009303761 0.999954581 34.942199707
0.999991596 -0.003568303 -0.002001719 0.702595949 0.003588265 0.999942958 0.010058982 -1.161711335 0.001965712 -0.010066081 0.999947369 35.475147247
0.999990761 -0.003616182 -0.002314335 0.725675166 0.003639057 0.999943852 0.009957139 -1.174197435 0.002278198 -0.009965472 0.999947667 36.056449890
0.999994636 -0.002828301 -0.001637286 0.716456294 0.002844796 0.999944329 0.010161461 -1.194605708 0.001608455 -0.010166065 0.999947011 36.507175446
0.999993861 -0.002961957 -0.001867997 0.729167819 0.002980142 0.999947488 0.009808204 -1.201133609 0.001838847 -0.009813711 0.999950111 37.067073822
0.999994397 -0.002958048 -0.001554037 0.738446414 0.002974271 0.999940038 0.010542858 -1.220590353 0.001522758 -0.010547421 0.999943137 37.598087311
0.999992847 -0.003412673 -0.001631100 0.748173296 0.003428911 0.999943554 0.010058099 -1.227304578 0.001596683 -0.010063621 0.999948025 38.154884338
0.999994874 -0.002898502 -0.001383691 0.743962944 0.002912757 0.999941587 0.010413870 -1.244951725 0.001353426 -0.010417847 0.999944806 38.666046143
0.999990821 -0.003682871 -0.002203013 0.775516450 0.003706964 0.999932230 0.011034138 -1.268705845 0.002162227 -0.011042203 0.999936700 39.154392242
0.999988794 -0.003859339 -0.002746593 0.790718019 0.003889369 0.999931753 0.011013556 -1.284022331 0.002703900 -0.011024117 0.999935567 39.705951691
0.999990463 -0.003650290 -0.002376877 0.801177502 0.003674627 0.999939978 0.010316256 -1.281152606 0.002339077 -0.010324894 0.999943972 40.251880646
0.999993443 -0.002712624 -0.002402479 0.813987613 0.002735866 0.999948978 0.009724679 -1.279543996 0.002375977 -0.009731189 0.999949813 40.810379028
0.999995112 -0.002446991 -0.001924636 0.815636575 0.002466897 0.999942839 0.010409504 -1.299052954 0.001899053 -0.010414204 0.999943972 41.383327484
0.999991834 -0.003103578 -0.002606350 0.842819810 0.003133621 0.999927759 0.011603080 -1.329731226 0.002570150 -0.011611152 0.999929249 41.884372711
0.999991119 -0.003273888 -0.002642733 0.841389000 0.003304093 0.999928296 0.011507140 -1.326079607 0.002604870 -0.011515772 0.999930263 42.418697357
0.999990702 -0.003382489 -0.002676667 0.862692237 0.003413909 0.999924302 0.011822086 -1.366270304 0.002636476 -0.011831116 0.999926507 42.876216888
0.999991238 -0.003501951 -0.002281942 0.865936160 0.003529534 0.999919415 0.012198229 -1.377771616 0.002239041 -0.012206178 0.999922991 43.420871735
0.999987304 -0.004318487 -0.002619410 0.887112379 0.004349215 0.999920368 0.011840765 -1.380761623 0.002568068 -0.011852007 0.999926448 43.986637115
0.999991238 -0.003266284 -0.002634612 0.909036398 0.003295546 0.999932110 0.011179802 -1.378215075 0.002597917 -0.011188388 0.999933958 44.521354675
0.999990046 -0.003634947 -0.002591236 0.907380104 0.003665425 0.999922931 0.011855750 -1.413956165 0.002547941 -0.011865130 0.999926329 45.034297943
0.999991596 -0.003042715 -0.002756986 0.922504306 0.003074468 0.999928057 0.011587162 -1.422883987 0.002721532 -0.011595541 0.999929070 45.588516235
0.999994159 -0.002349776 -0.002485236 0.918012023 0.002378260 0.999930739 0.011520938 -1.434971213 0.002457993 -0.011526780 0.999930561 46.158393860
0.999989688 -0.003538182 -0.002878516 0.925860941 0.003572545 0.999921381 0.012021207 -1.444851637 0.002835756 -0.012031365 0.999923646 46.688144684
0.999991953 -0.002935547 -0.002741986 0.951907754 0.002968279 0.999923408 0.012010301 -1.449040771 0.002706522 -0.012018343 0.999924123 47.202884674
0.999991417 -0.003179268 -0.002627038 0.958932042 0.003212606 0.999913037 0.012785123 -1.481399775 0.002586161 -0.012793452 0.999914765 47.677375793
0.999991059 -0.003130962 -0.002834134 0.974406719 0.003167257 0.999911845 0.012893630 -1.492169976 0.002793514 -0.012902493 0.999912858 48.221984863
0.999990821 -0.002789874 -0.003238831 0.999119878 0.002831606 0.999912083 0.012952632 -1.499088764 0.003202410 -0.012961684 0.999910891 48.768005371
0.999992132 -0.002785382 -0.002812107 0.998810947 0.002820620 0.999916494 0.012605772 -1.502470016 0.002776761 -0.012613606 0.999916553 49.298522949
0.999993563 -0.002714328 -0.002350077 0.988931119 0.002744302 0.999913692 0.012846761 -1.524477482 0.002315004 -0.012853130 0.999914706 49.794578552
0.999993324 -0.002726661 -0.002422451 1.003775597 0.002757356 0.999914765 0.012759211 -1.533358812 0.002387454 -0.012765807 0.999915659 50.340774536
0.999993384 -0.002940122 -0.002151499 1.000670910 0.002967010 0.999916196 0.012602667 -1.540919065 0.002114263 -0.012608967 0.999918222 50.887493134
0.999993861 -0.002529831 -0.002424976 1.021378160 0.002561219 0.999911785 0.013029145 -1.549676657 0.002391801 -0.013035276 0.999912143 51.349121094
0.999994934 -0.002195941 -0.002294189 1.026268721 0.002225840 0.999911487 0.013112695 -1.558348417 0.002265190 -0.013117734 0.999911368 51.878406525
0.999995291 -0.002238041 -0.002088833 1.018517613 0.002263231 0.999923766 0.012135788 -1.565542221 0.002061513 -0.012140458 0.999924242 52.425575256
0.999991775 -0.002977109 -0.002758322 1.027605414 0.003012176 0.999913514 0.012797674 -1.590179205 0.002719983 -0.012805877 0.999914348 52.952877045
0.999993145 -0.002427499 -0.002799431 1.082517385 0.002464439 0.999908924 0.013268444 -1.587723255 0.002766967 -0.013275250 0.999908030 53.390483856
0.999992907 -0.002515082 -0.002810149 1.086526632 0.002549705 0.999920070 0.012385589 -1.591287136 0.002778773 -0.012392665 0.999919355 53.946651459
0.999994934 -0.001907154 -0.002554503 1.084683895 0.001940088 0.999914289 0.012952395 -1.600731134 0.002529582 -0.012957284 0.999912798 54.485015869
0.999996364 -0.001895349 -0.001922255 1.092471600 0.001918695 0.999923468 0.012216780 -1.596685410 0.001898953 -0.012220424 0.999923468 55.003276825
0.999996126 -0.001808499 -0.002164285 1.116573811 0.001836953 0.999910951 0.013218318 -1.632162929 0.002140188 -0.013222243 0.999910295 55.410015106
0.999996901 -0.001878421 -0.001638397 1.130569339 0.001899866 0.999911249 0.013187364 -1.640853167 0.001613479 -0.013190436 0.999911726 55.947029114
0.999997973 -0.001255356 -0.001542242 1.134043217 0.001274379 0.999922395 0.012396142 -1.639516592 0.001526561 -0.012398081 0.999921978 56.519599915
0.999997675 -0.001067868 -0.001863654 1.141865730 0.001090655 0.999924183 0.012268948 -1.647307873 0.001850412 -0.012270952 0.999922991 57.080501556
0.999997437 -0.001356332 -0.001812154 1.157118678 0.001380425 0.999909699 0.013360806 -1.661812663 0.001793871 -0.013363274 0.999909103 57.481414795
0.999997318 -0.001347756 -0.001887974 1.167041063 0.001372500 0.999912322 0.013166353 -1.670439005 0.001870064 -0.013168910 0.999911547 58.023628235
0.999998689 -0.000868432 -0.001341063 1.177923203 0.000885967 0.999913335 0.013130753 -1.680576801 0.001329544 -0.013131924 0.999912918 58.567806244
0.999997020 -0.001234512 -0.002127625 1.186156869 0.001260470 0.999924242 0.012242665 -1.672204494 0.002112351 -0.012245310 0.999922812 59.098228455
0.999999166 -0.000651599 -0.001087343 1.201765537 0.000666176 0.999909163 0.013459713 -1.697719455 0.001078474 -0.013460428 0.999908805 59.516452789
0.999997258 -0.001246588 -0.001966281 1.234787226 0.001273612 0.999903798 0.013802912 -1.710248351 0.001948885 -0.013805379 0.999902725 60.044044495
0.999996006 -0.001829539 -0.002155552 1.242892265 0.001857045 0.999915898 0.012828485 -1.693838239 0.002131900 -0.012832436 0.999915361 60.582817078
0.999997318 -0.000935712 -0.002163055 1.297513604 0.000962772 0.999920845 0.012542993 -1.691105604 0.002151146 -0.012545043 0.999918938 61.088523865
0.999999166 -0.000791898 -0.001011406 1.256020188 0.000805060 0.999914110 0.013079498 -1.710715532 0.001000960 -0.013080302 0.999913931 61.546936035
0.999999642 -0.000369698 -0.000853586 1.264788270 0.000381105 0.999910116 0.013402387 -1.730305910 0.000848555 -0.013402708 0.999909818 62.089653015
0.999999523 -0.000478065 -0.000778837 1.255277395 0.000488849 0.999903202 0.013905517 -1.766634464 0.000772115 -0.013905893 0.999903023 62.631568909
0.999999046 -0.000556328 -0.001240688 1.295548677 0.000572186 0.999917626 0.012818973 -1.748756409 0.001233454 -0.012819669 0.999917030 63.206943512
0.999999166 -0.000708532 -0.001099296 1.305781364 0.000722206 0.999921739 0.012488575 -1.751904964 0.001090362 -0.012489359 0.999921381 63.755084991
0.999999523 -0.000405125 -0.000811636 1.333841324 0.000415725 0.999914110 0.013101862 -1.757602692 0.000806260 -0.013102193 0.999913812 64.048698425
0.999999881 -0.000212810 0.000287792 1.332349777 0.000209002 0.999913275 0.013168240 -1.763788700 -0.000290567 -0.013168178 0.999913216 64.616508484
0.999999881 -0.000364045 -0.000243567 1.343782187 0.000367069 0.999921441 0.012529139 -1.765317082 0.000238985 -0.012529227 0.999921441 65.158065796
0.999999821 0.000528180 0.000195438 1.372545004 -0.000530593 0.999921024 0.012558004 -1.770152807 -0.000188791 -0.012558105 0.999921083 65.694564819
0.999999523 0.000939672 -0.000351704 1.400246859 -0.000935127 0.999918818 0.012707298 -1.783855200 0.000363615 -0.012706961 0.999919116 66.047706604
0.999999881 -0.000092554 -0.000546065 1.416070342 0.000099367 0.999921918 0.012491260 -1.785983205 0.000544866 -0.012491312 0.999921799 66.586624146
0.999999464 0.000975834 -0.000427176 1.427897334 -0.000970452 0.999922335 0.012421375 -1.802738905 0.000439267 -0.012420954 0.999922752 67.144241333
0.999998808 0.001528884 0.000183307 1.431005836 -0.001531037 0.999922156 0.012385009 -1.800929070 -0.000164359 -0.012385275 0.999923289 67.546173096
0.999999702 0.000780342 0.000172045 1.441192985 -0.000782361 0.999926925 0.012060439 -1.802939653 -0.000162622 -0.012060571 0.999927223 68.103248596
0.999998391 0.001737206 0.000409376 1.463574648 -0.001741998 0.999926329 0.012014273 -1.811615705 -0.000388473 -0.012014966 0.999927700 68.641036987
0.999999583 0.000904128 0.000044198 1.493508816 -0.000904589 0.999929070 0.011877605 -1.805505514 -0.000033455 -0.011877640 0.999929428 69.122169495
0.999999762 -0.000006744 -0.000725851 1.501814365 0.000014839 0.999937832 0.011153279 -1.821337581 0.000725731 -0.011153286 0.999937534 69.759445190
0.999998212 0.001847754 0.000189442 1.518147230 -0.001849900 0.999925792 0.012043322 -1.843773365 -0.000167175 -0.012043653 0.999927402 70.018646240
0.999993205 0.003645757 0.000430216 1.531815290 -0.003650678 0.999920726 0.012049659 -1.858144164 -0.000386251 -0.012051148 0.999927282 70.551513672
0.999995530 0.002911314 0.000643701 1.530312061 -0.002918274 0.999934256 0.011091113 -1.851888180 -0.000611369 -0.011092942 0.999938309 71.124473572
0.999997199 0.002278150 0.000594380 1.552879095 -0.002285085 0.999926090 0.011939700 -1.873380661 -0.000567136 -0.011941024 0.999928534 71.497276306
0.999996185 0.002679415 0.000732597 1.564735413 -0.002687986 0.999924898 0.011961312 -1.885012388 -0.000700494 -0.011963234 0.999928176 72.043930054
0.999997258 0.002101113 0.000943688 1.577768683 -0.002111301 0.999938071 0.010928044 -1.878543019 -0.000920667 -0.010930008 0.999939799 72.546417236
0.999996364 0.002568016 0.000810942 1.592569232 -0.002577637 0.999923527 0.012095272 -1.900925398 -0.000779821 -0.012097320 0.999926448 72.942428589
0.999996543 0.002620738 0.000356471 1.614281058 -0.002624692 0.999929428 0.011587506 -1.910785317 -0.000326079 -0.011588402 0.999932766 73.481353760
0.999998391 0.001772813 0.000271512 1.646824121 -0.001775647 0.999939859 0.010814110 -1.917211652 -0.000252325 -0.010814575 0.999941409 74.039878845
0.999999106 0.001369013 -0.000224976 1.687151194 -0.001366573 0.999943674 0.010517863 -1.922072053 0.000239361 -0.010517547 0.999944568 74.604660034
0.999996185 0.002586977 0.000995102 1.608088732 -0.002598705 0.999924958 0.011967261 -1.932971716 -0.000964068 -0.011969801 0.999927878 74.939407349
0.999992907 0.003586245 0.001202836 1.619020104 -0.003600008 0.999925733 0.011641368 -1.944055557 -0.001160999 -0.011645617 0.999931514 75.494148254
0.999998927 0.001397605 0.000584827 1.654888153 -0.001404160 0.999934494 0.011364178 -1.949665427 -0.000568907 -0.011364986 0.999935210 76.035041809
0.999997079 0.002065068 0.001230338 1.623866320 -0.002079151 0.999931037 0.011556129 -1.947222233 -0.001206389 -0.011558655 0.999932408 76.465019226
0.999995172 0.002581788 0.001700073 1.632895112 -0.002600628 0.999934137 0.011173674 -1.951227427 -0.001671113 -0.011178043 0.999936044 77.020278931
0.999993622 0.002001581 0.002970360 1.645579696 -0.002033300 0.999940515 0.010714304 -1.963128567 -0.002948737 -0.010720274 0.999938190 77.569160461
0.999981940 0.003170219 0.005103279 1.635385156 -0.003225192 0.999936461 0.010800149 -1.965901613 -0.005068716 -0.010816413 0.999928653 77.931556702
0.999977052 0.002636928 0.006246012 1.641520381 -0.002700369 0.999944627 0.010170307 -1.972371340 -0.006218848 -0.010186938 0.999928772 78.491493225
0.999975145 0.002081390 0.006741732 1.657684565 -0.002151164 0.999943972 0.010359075 -1.984055042 -0.006719794 -0.010373319 0.999923587 79.045494080
0.999944031 0.002686070 0.010228844 1.651720762 -0.002789692 0.999944746 0.010129635 -2.012274265 -0.010201070 -0.010157605 0.999896407 79.564079285
0.999901474 0.002668179 0.013778349 1.661992788 -0.002804346 0.999947309 0.009872879 -1.977424383 -0.013751280 -0.009910547 0.999856293 80.076774597
0.999868095 0.003723546 0.015809191 1.805422783 -0.003880378 0.999943435 0.009901203 -1.940230727 -0.015771432 -0.009961244 0.999825954 80.333045959
0.999793351 0.003662180 0.019996488 1.840471029 -0.003853514 0.999947071 0.009538203 -1.951458097 -0.019960500 -0.009613289 0.999754488 80.877090454
0.999656677 0.003938223 0.025901156 1.863312125 -0.004180459 0.999947906 0.009304779 -1.954249978 -0.025863167 -0.009409864 0.999621153 81.414154053
0.999520898 0.003252088 0.030778639 1.927668333 -0.003537325 0.999951184 0.009217451 -1.958490849 -0.030747160 -0.009321911 0.999483645 81.893234253
0.999306977 0.003391925 0.037071228 1.952753305 -0.003709129 0.999956965 0.008491153 -1.957217932 -0.037040837 -0.008622769 0.999276578 82.406860352
0.998982012 0.001276340 0.045091510 1.984021664 -0.001655187 0.999963641 0.008365377 -1.962153673 -0.045079194 -0.008431498 0.998947859 82.978767395
0.998181760 -0.014133688 0.058595419 1.770753860 0.013805209 0.999886632 0.006006928 -2.082884789 -0.058673691 -0.005187083 0.998263657 83.679901123
0.997721136 -0.014158343 0.065970562 1.817252636 0.013822225 0.999889076 0.005548635 -2.081872940 -0.066041805 -0.004624132 0.997806132 84.226112366
0.997090757 -0.014358824 0.074859545 1.884815693 0.013977257 0.999886453 0.005618556 -2.100726366 -0.074931733 -0.004555878 0.997178257 84.757865906
0.996359468 -0.015489010 0.083832219 1.966889858 0.015140451 0.999873877 0.004791990 -2.098972321 -0.083895862 -0.003505288 0.996468246 85.348838806
0.995455503 -0.014679991 0.094088733 1.956583500 0.014226726 0.999883652 0.005486430 -2.138675451 -0.094158351 -0.004122920 0.995548666 85.791450500
0.994679213 -0.014618414 0.101979285 2.047504902 0.014143511 0.999885440 0.005378416 -2.118022203 -0.102046236 -0.003907452 0.994772017 86.385215759
0.993359566 -0.014682649 0.114109807 2.043994904 0.014182356 0.999885917 0.005194937 -2.070147276 -0.114173055 -0.003542095 0.993454576 86.697669983
0.992062628 -0.015211075 0.124821365 2.136611938 0.014723956 0.999879897 0.004824196 -2.074350595 -0.124879755 -0.002948040 0.992167473 87.260406494
0.990920782 -0.015438045 0.133557647 2.231401443 0.014923741 0.999876857 0.004851088 -2.096492290 -0.133616090 -0.002813865 0.991029203 87.775215149
0.989431381 -0.011371797 0.144555137 2.332492828 0.010555057 0.999923706 0.006415718 -2.131047487 -0.144617110 -0.004822126 0.989475906 88.230964661
0.987537622 -0.011637852 0.156951845 2.439903259 0.010749910 0.999921024 0.006505135 -2.141623974 -0.157015145 -0.004736847 0.987584829 88.774772644
0.985774279 -0.012354877 0.167619824 2.554055214 0.011566710 0.999917030 0.005677654 -2.146480560 -0.167676046 -0.003658076 0.985835373 89.321075439
0.983881354 -0.015101418 0.178183809 2.636666298 0.014227359 0.999879658 0.006182222 -2.126302242 -0.178255752 -0.003547489 0.983977735 89.869857788
0.981565237 -0.015522732 0.190495715 2.766207695 0.014653116 0.999874830 0.005972826 -2.136471272 -0.190564618 -0.003071363 0.981669843 90.404914856
0.979100347 -0.015692212 0.202771291 2.907065392 0.014715764 0.999871731 0.006322331 -2.154100418 -0.202844486 -0.003206262 0.979205668 90.935073853
0.976887703 -0.015297688 0.213204697 3.026563644 0.014196769 0.999876797 0.006693816 -2.160215139 -0.213280812 -0.003512290 0.976984620 91.422515869
0.973841786 -0.014313372 0.226775840 3.173851013 0.013151530 0.999891460 0.006633456 -2.169184446 -0.226846203 -0.003477486 0.973924339 91.986488342
0.970599413 -0.016005032 0.240167841 3.331914902 0.014790175 0.999867082 0.006860072 -2.183053970 -0.240245730 -0.003106257 0.970707059 92.444732666
0.967658758 -0.015697524 0.251773924 3.491128922 0.014330087 0.999870956 0.007263920 -2.197854042 -0.251855463 -0.003421053 0.967758715 92.985923767
0.964489698 -0.016787561 0.263586730 3.674749374 0.015373670 0.999854267 0.007425913 -2.214349031 -0.263672978 -0.003109920 0.964607120 93.514709473
0.960334778 -0.015281925 0.278430492 3.805578232 0.013865363 0.999878883 0.007056291 -2.197125196 -0.278504670 -0.002915862 0.960430384 94.031150818
0.956558228 -0.015520457 0.291128010 3.990924835 0.014131888 0.999876499 0.006871785 -2.209502459 -0.291198730 -0.002459075 0.956659317 94.544357300
0.953330457 -0.016930612 0.301454097 4.194627762 0.015470699 0.999854207 0.007229806 -2.230619669 -0.301532596 -0.002228689 0.953453243 95.046867371
0.949075997 -0.017665748 0.314551562 4.401885986 0.015867049 0.999839783 0.008278083 -2.262627602 -0.314647436 -0.002865525 0.949204266 95.504455566
0.944463611 -0.017710669 0.328138471 4.618852615 0.015777042 0.999838948 0.008554232 -2.276971102 -0.328237146 -0.002902107 0.944590926 96.028099060
0.940387249 -0.017916396 0.339633286 4.815776825 0.016042056 0.999836683 0.008325809 -2.285254955 -0.339726925 -0.002381070 0.940521061 96.529495239
0.935887158 -0.018775323 0.351799220 5.017883301 0.016778748 0.999821126 0.008723575 -2.298717976 -0.351900071 -0.002261532 0.936034858 97.010383606
0.930565715 -0.018899605 0.365636826 5.266481400 0.016768645 0.999818861 0.009003067 -2.317101002 -0.365740716 -0.002246712 0.930714071 97.543243408
0.925706804 -0.020422544 0.377690047 5.488946915 0.018153435 0.999789476 0.009567329 -2.323991537 -0.377805918 -0.002000170 0.925882638 98.105773926
0.920303583 -0.018457599 0.390769303 5.612947464 0.015875898 0.999825537 0.009836333 -2.297289371 -0.390882701 -0.002848600 0.920436084 98.504447937
0.914281011 -0.018070700 0.404677212 5.860363007 0.015439793 0.999833107 0.009764270 -2.302607298 -0.404786170 -0.002679154 0.914407372 99.005928040
0.908774137 -0.019888218 0.416814268 6.122077942 0.017204646 0.999800026 0.010194253 -2.336853504 -0.416933686 -0.002093131 0.908934414 99.409576416
0.904104352 -0.020985343 0.426796079 6.388591766 0.018322172 0.999778569 0.010345791 -2.340430260 -0.426918715 -0.001533843 0.904288650 99.903968811
0.898181975 -0.021145180 0.439115137 6.639133453 0.018208675 0.999774754 0.010898550 -2.346988201 -0.439246684 -0.001793176 0.898364663 100.440399170
0.891191125 -0.019057136 0.453227639 6.956359863 0.016422991 0.999817550 0.009747065 -2.307874680 -0.453330666 -0.001243145 0.891341567 100.964881897
0.885335207 -0.019471282 0.464545339 7.241115570 0.016847268 0.999810040 0.009799049 -2.321102381 -0.464647889 -0.000849124 0.885495067 101.433082581
0.879009485 -0.020313205 0.476371229 7.493618011 0.017735004 0.999793768 0.009907755 -2.309236526 -0.476474196 -0.000260565 0.879188359 101.881469727
0.871458352 -0.020086112 0.490058154 7.778236389 0.017473182 0.999798298 0.009906806 -2.319685221 -0.490158319 -0.000070493 0.871633470 102.341918945
0.864284933 -0.021212300 0.502555072 8.067733765 0.018343424 0.999774992 0.010652726 -2.350456476 -0.502667964 0.000011590 0.864479542 102.774414062
0.858289480 -0.022262527 0.512682557 8.370590210 0.019227423 0.999752164 0.011223928 -2.358042240 -0.512805283 0.000224185 0.858504832 103.237106323
