1.000000000 0.000000000 0.000000000 0.000000000 0.000000000 1.000000000 0.000000000 0.000000000 0.000000000 0.000000000 1.000000000 0.000000000
1.000000000 0.000062087 0.000058371 -0.000824711 -0.000062094 1.000000000 0.000110535 -0.000235375 -0.000058364 -0.000110539 1.000000000 -0.000175984
1.000000000 0.000005869 0.000082273 -0.000924491 -0.000005868 1.000000000 -0.000005515 0.000585254 -0.000082273 0.000005515 1.000000000 -0.000092294
1.000000000 0.000023027 0.000025300 -0.000238778 -0.000023028 1.000000000 0.000042565 -0.000463657 -0.000025299 -0.000042565 1.000000000 0.000062592
1.000000000 0.000069977 0.000174874 -0.001097061 -0.000069986 1.000000000 0.000051248 -0.000129439 -0.000174870 -0.000051261 1.000000000 0.000555233
1.000000000 -0.000083484 0.000003103 -0.000139797 0.000083484 1.000000000 0.000021250 0.000118479 -0.000003105 -0.000021250 1.000000000 -0.000038271
1.000000000 0.000046351 0.000089146 -0.001318513 -0.000046356 1.000000000 0.000060043 -0.000550766 -0.000089144 -0.000060047 1.000000000 -0.000975160
1.000000000 0.000071277 0.000056136 -0.000841849 -0.000071274 1.000000000 -0.000056748 0.000105980 -0.000056140 0.000056744 1.000000000 -0.000455600
1.000000000 0.000097013 0.000158575 -0.001205780 -0.000097017 1.000000000 0.000028497 -0.000871826 -0.000158572 -0.000028512 1.000000000 -0.000262736
1.000000000 0.000167998 0.000130049 -0.001488601 -0.000168016 1.000000000 0.000134568 -0.000801220 -0.000130027 -0.000134590 1.000000000 0.000524876
1.000000000 0.000101134 0.000133813 -0.001055916 -0.000101145 1.000000000 0.000075690 -0.000799195 -0.000133805 -0.000075704 1.000000000 -0.000098194
1.000000000 0.000123408 0.000148823 -0.001260677 -0.000123411 1.000000000 0.000019258 -0.000878570 -0.000148820 -0.000019276 1.000000000 -0.000452299
1.000000000 0.000052475 0.000086762 -0.000639930 -0.000052476 1.000000000 0.000012807 0.000206269 -0.000086761 -0.000012811 1.000000000 0.000028410
1.000000000 0.000116479 0.000126269 -0.001952612 -0.000116471 1.000000000 -0.000063476 0.000524164 -0.000126276 0.000063461 1.000000000 -0.000507738
1.000000000 0.000169181 0.000115467 -0.000659813 -0.000169182 1.000000000 0.000008202 0.001023913 -0.000115465 -0.000008222 1.000000000 0.001171781
0.999999940 0.000216544 0.000156750 -0.001287896 -0.000216537 1.000000000 -0.000042467 0.000909534 -0.000156759 0.000042433 1.000000000 0.000954254
0.999999940 0.000319394 0.000207108 -0.001812957 -0.000319390 0.999999940 -0.000023301 0.000516028 -0.000207116 0.000023235 1.000000000 0.001540181
0.999999940 0.000193902 0.000180962 -0.001569809 -0.000193899 1.000000000 -0.000018427 0.001396193 -0.000180966 0.000018392 1.000000000 0.002512438
0.999999940 0.000238311 0.000249928 -0.001992596 -0.000238287 0.999999940 -0.000096787 0.001350468 -0.000249951 0.000096728 0.999999940 0.001406395
0.999999940 0.000201821 0.000200372 -0.001946135 -0.000201816 1.000000000 -0.000024509 0.000869038 -0.000200377 0.000024468 1.000000000 0.002205649
0.999999940 0.000327601 0.000117265 -0.001564063 -0.000327592 0.999999940 -0.000076517 0.001465939 -0.000117290 0.000076478 1.000000000 0.001666754
0.999999940 0.000285554 0.000177514 -0.001667898 -0.000285541 0.999999940 -0.000069254 0.001424147 -0.000177534 0.000069203 1.000000000 0.002330543
0.999999940 0.000239210 0.000213082 -0.002342108 -0.000239202 1.000000000 -0.000038859 0.001388378 -0.000213091 0.000038808 1.000000000 0.001622765
0.999999940 0.000384579 0.000147352 -0.002207344 -0.000384575 0.999999940 -0.000024783 0.001427479 -0.000147361 0.000024727 1.000000000 0.002301156
0.999999940 0.000328513 0.000227397 -0.001894033 -0.000328529 0.999999940 0.000068088 0.000390765 -0.000227374 -0.000068163 1.000000000 0.001586763
0.999999940 0.000255404 0.000214741 -0.002177987 -0.000255395 0.999999940 -0.000038760 0.002302765 -0.000214751 0.000038705 1.000000000 0.002863140
0.999999940 0.000321458 0.000182810 -0.001705231 -0.000321466 0.999999940 0.000044721 0.001060599 -0.000182796 -0.000044779 1.000000000 0.001885282
0.999999940 0.000317079 0.000123304 -0.001981612 -0.000317066 0.999999940 -0.000111558 0.001981706 -0.000123340 0.000111519 1.000000000 0.001510375
0.999999940 0.000328374 0.000099543 -0.000963775 -0.000328357 0.999999940 -0.000176715 0.003003534 -0.000099601 0.000176682 1.000000000 0.002373707
0.999999881 0.000393866 0.000230952 -0.001682813 -0.000393849 0.999999940 -0.000070993 0.001522917 -0.000230980 0.000070902 1.000000000 0.002146923
0.999999881 0.000393503 0.000330750 -0.002894220 -0.000393468 0.999999940 -0.000108452 0.002372771 -0.000330793 0.000108322 0.999999940 0.002450305
0.999999881 0.000413549 0.000207562 -0.001909878 -0.000413531 0.999999940 -0.000085528 0.002022802 -0.000207597 0.000085442 1.000000000 0.002836542
0.999999940 0.000304693 0.000178815 -0.001434478 -0.000304693 0.999999940 -0.000002135 0.000411831 -0.000178816 0.000002081 1.000000000 0.001387213
0.999999881 0.000433054 0.000313608 -0.003164783 -0.000433051 0.999999881 -0.000010947 0.001031535 -0.000313612 0.000010812 0.999999940 0.002047930
0.999999881 0.000376490 0.000226406 -0.001558066 -0.000376461 0.999999940 -0.000126078 0.001853962 -0.000226453 0.000125993 0.999999940 0.001618687
0.999999940 0.000290450 0.000219390 -0.002770916 -0.000290436 0.999999940 -0.000060417 0.001666159 -0.000219407 0.000060353 1.000000000 0.002003056
0.999999940 0.000358163 0.000157140 -0.001884037 -0.000358144 0.999999940 -0.000118718 0.002827776 -0.000157183 0.000118661 1.000000000 0.002329993
0.999999881 0.000442142 0.000238833 -0.002160237 -0.000442128 0.999999881 -0.000058909 0.001879653 -0.000238859 0.000058803 0.999999940 0.002212905
0.999999881 0.000425634 0.000201246 -0.001471492 -0.000425627 0.999999881 -0.000034900 0.002032842 -0.000201261 0.000034814 1.000000000 0.001610677
0.999999940 0.000282594 0.000167074 -0.000852407 -0.000282579 0.999999940 -0.000093503 0.001025195 -0.000167100 0.000093456 1.000000000 0.001497962
0.999999821 0.000503944 0.000331199 -0.001584001 -0.000503742 0.999999702 -0.000608880 -0.002343520 -0.000331505 0.000608713 0.999999762 0.048167210
0.999999702 0.000691488 0.000302759 -0.000037388 -0.000691127 0.999999046 -0.001189986 -0.003108080 -0.000303581 0.001189777 0.999999225 0.139588028
1.000000000 -0.000034619 -0.000133883 0.002165104 0.000034482 0.999999404 -0.001025701 -0.010478882 0.000133918 0.001025696 0.999999464 0.237359762
0.999999881 0.000384750 -0.000029581 0.004293298 -0.000384771 0.999999583 -0.000713292 -0.016101688 0.000029307 0.000713303 0.999999821 0.367859632
0.999999881 0.000346202 -0.000078587 0.006788567 -0.000346244 0.999999702 -0.000542247 -0.018984811 0.000078399 0.000542275 0.999999881 0.513866961
0.999999523 -0.000978861 -0.000127558 0.014346100 0.000978819 0.999999464 -0.000329040 -0.028518556 0.000127880 0.000328915 0.999999940 0.663597345
0.999999404 -0.001113490 -0.000106697 0.018431604 0.001113483 0.999999285 -0.000067347 -0.031426817 0.000106772 0.000067228 0.999999940 0.827060223
0.999999762 -0.000655104 0.000034143 0.017779227 0.000655111 0.999999702 -0.000196956 -0.039411295 -0.000034014 0.000196979 1.000000000 0.991319120
0.999999762 -0.000679569 0.000036159 0.022106430 0.000679572 0.999999762 -0.000095396 -0.043792311 -0.000036094 0.000095421 1.000000000 1.167485952
0.999999464 -0.001052108 0.000018435 0.026283788 0.001052096 0.999999285 0.000616199 -0.050177608 -0.000019083 -0.000616180 0.999999821 1.357508779
0.999999821 -0.000676313 -0.000090905 0.028863803 0.000676362 0.999999702 0.000531724 -0.052395571 0.000090545 -0.000531785 0.999999881 1.549740911
0.999999344 -0.001145313 0.000094316 0.032986790 0.001145229 0.999998927 0.000879353 -0.060406256 -0.000095323 -0.000879245 0.999999583 1.750702381
0.999999762 -0.000639754 0.000227170 0.032459557 0.000639550 0.999999523 0.000899585 -0.064983860 -0.000227745 -0.000899439 0.999999583 1.954664588
0.999999106 -0.001379434 0.000010442 0.039803237 0.001379425 0.999998748 0.000818367 -0.072518647 -0.000011571 -0.000818352 0.999999642 2.164082050
0.999999642 -0.000696038 0.000258611 0.041716989 0.000695825 0.999999344 0.000823662 -0.077237606 -0.000259184 -0.000823481 0.999999642 2.394677162
0.999999821 -0.000471474 0.000228406 0.046850860 0.000471332 0.999999702 0.000621531 -0.083840437 -0.000228699 -0.000621423 0.999999821 2.616860867
0.999999821 -0.000356736 0.000516265 0.047014490 0.000356376 0.999999702 0.000695829 -0.089836277 -0.000516513 -0.000695645 0.999999642 2.851147175
0.999999583 -0.000874614 0.000121663 0.061268434 0.000874517 0.999999285 0.000792331 -0.093620077 -0.000122356 -0.000792224 0.999999702 3.094897747
0.999999702 -0.000670372 -0.000039048 0.067205623 0.000670414 0.999999166 0.001093707 -0.102704234 0.000038315 -0.001093733 0.999999404 3.340076685
0.999999464 -0.000936391 0.000395842 0.066891842 0.000936022 0.999999106 0.000931147 -0.109460302 -0.000396714 -0.000930776 0.999999464 3.585729599
0.999999404 -0.000989326 0.000233126 0.073120601 0.000989074 0.999998927 0.001080313 -0.117174149 -0.000234194 -0.001080082 0.999999404 3.840043068
0.999999464 -0.000865299 0.000573349 0.073458098 0.000864738 0.999999166 0.000976730 -0.122147761 -0.000574194 -0.000976233 0.999999344 4.100869179
0.999999583 -0.000467257 0.000790208 0.080008477 0.000466509 0.999999464 0.000946947 -0.125520483 -0.000790650 -0.000946578 0.999999166 4.360021114
0.999999464 -0.000536444 0.000908999 0.081991568 0.000535573 0.999999404 0.000958046 -0.134205997 -0.000909512 -0.000957559 0.999999106 4.624251366
0.999999762 -0.000156014 0.000828932 0.090453029 0.000155029 0.999999285 0.001189379 -0.141515106 -0.000829117 -0.001189250 0.999998927 4.882405281
0.999999821 0.000137133 0.000699361 0.095727764 -0.000138215 0.999998868 0.001547553 -0.149505898 -0.000699148 -0.001547649 0.999998569 5.140021324
0.999999583 0.000152658 0.000890959 0.099085703 -0.000153704 0.999999225 0.001174063 -0.158042863 -0.000890779 -0.001174199 0.999998927 5.407697201
0.999999523 0.000037515 0.000989547 0.103141636 -0.000038814 0.999999106 0.001312300 -0.166051015 -0.000989497 -0.001312337 0.999998629 5.677736759
0.999999285 -0.000025119 0.001193158 0.105841756 0.000023467 0.999999046 0.001385183 -0.175270721 -0.001193192 -0.001385154 0.999998331 5.946578026
0.999998808 0.000108762 0.001557847 0.109777145 -0.000110833 0.999999046 0.001329214 -0.185861140 -0.001557701 -0.001329385 0.999997914 6.223818302
0.999998748 0.000577891 0.001422630 0.121265694 -0.000579304 0.999999285 0.000992871 -0.183709100 -0.001422055 -0.000993694 0.999998510 6.524901867
0.999999166 0.000354142 0.001245251 0.121453799 -0.000356001 0.999998808 0.001493589 -0.198130995 -0.001244721 -0.001494031 0.999998093 6.812772751
0.999999166 0.000520924 0.001174936 0.129094929 -0.000522119 0.999999344 0.001016995 -0.202565327 -0.001174405 -0.001017608 0.999998808 7.111241341
0.999999046 0.000604772 0.001225845 0.132595867 -0.000606591 0.999998748 0.001484082 -0.215038925 -0.001224946 -0.001484824 0.999998152 7.411571026
0.999998748 0.000681505 0.001424426 0.137861982 -0.000683586 0.999998689 0.001460939 -0.231182352 -0.001423429 -0.001461911 0.999997914 7.724933147
0.999998391 0.000842141 0.001603800 0.147908494 -0.000844663 0.999998391 0.001572473 -0.237368375 -0.001602473 -0.001573825 0.999997497 8.048021317
0.999997914 0.001093098 0.001720105 0.148709431 -0.001095635 0.999998271 0.001474849 -0.246754274 -0.001718490 -0.001476731 0.999997437 8.363406181
0.999998152 0.000933758 0.001687540 0.154422924 -0.000935503 0.999998987 0.001033354 -0.245951623 -0.001686573 -0.001034930 0.999998033 8.691457748
0.999998510 0.000749421 0.001588344 0.164360017 -0.000751219 0.999999046 0.001131330 -0.256480157 -0.001587495 -0.001132521 0.999998093 9.025025368
0.999997556 0.001357712 0.001757244 0.165901244 -0.001360529 0.999997795 0.001603200 -0.270162940 -0.001755063 -0.001605586 0.999997199 9.367844582
0.999997199 0.001546637 0.001776250 0.171835750 -0.001549229 0.999997735 0.001458703 -0.280626833 -0.001773990 -0.001461450 0.999997377 9.705311775
0.999996543 0.001794343 0.001941553 0.179084077 -0.001797800 0.999996781 0.001780287 -0.288723081 -0.001938353 -0.001783772 0.999996603 10.056439400
0.999997318 0.001359154 0.001866298 0.186778232 -0.001361282 0.999998450 0.001139396 -0.296309620 -0.001864747 -0.001141933 0.999997556 10.428813934
0.999997258 0.001213236 0.001995207 0.194968730 -0.001215667 0.999998569 0.001217408 -0.306175798 -0.001993727 -0.001219830 0.999997199 10.796192169
0.999998212 0.000955959 0.001626667 0.203683585 -0.000957937 0.999998808 0.001215691 -0.314202100 -0.001625503 -0.001217247 0.999997914 11.155594826
0.999997556 0.001118946 0.001901333 0.212285861 -0.001121881 0.999998093 0.001543551 -0.327745885 -0.001899602 -0.001545680 0.999997020 11.533218384
0.999997556 0.001448243 0.001721140 0.224665433 -0.001450667 0.999997973 0.001407603 -0.333392620 -0.001719097 -0.001410096 0.999997556 11.917821884
0.999996841 0.001670536 0.001890033 0.231664091 -0.001673765 0.999997139 0.001708100 -0.350892723 -0.001887174 -0.001711258 0.999996781 12.302986145
0.999995530 0.002030014 0.002201869 0.241214618 -0.002034545 0.999995828 0.002057284 -0.363397360 -0.002197683 -0.002061755 0.999995530 12.688049316
0.999995649 0.001756698 0.002370636 0.245518148 -0.001761359 0.999996543 0.001965468 -0.373767942 -0.002367175 -0.001969634 0.999995232 13.094061852
0.999995828 0.001605536 0.002394302 0.255226880 -0.001610371 0.999996662 0.002018958 -0.387355655 -0.002391052 -0.002022805 0.999995112 13.501356125
0.999994814 0.001832534 0.002651802 0.262078494 -0.001838646 0.999995649 0.002304064 -0.398992270 -0.002647568 -0.002308928 0.999993801 13.910418510
0.999995768 0.001596633 0.002436226 0.271582544 -0.001602135 0.999996185 0.002258078 -0.408712745 -0.002432611 -0.002261972 0.999994397 14.327998161
0.999994338 0.001742205 0.002910626 0.287466735 -0.001748662 0.999996006 0.002217253 -0.419286549 -0.002906752 -0.002222331 0.999993324 14.753561020
0.999994755 0.001483874 0.002872531 0.298198223 -0.001490099 0.999996543 0.002166144 -0.431440055 -0.002869307 -0.002170412 0.999993503 15.184513092
0.999995172 0.001532285 0.002701113 0.309843004 -0.001537817 0.999996662 0.002046882 -0.443582475 -0.002697968 -0.002051026 0.999994278 15.614342690
0.999989390 0.001945574 0.004168507 0.308555692 -0.001953731 0.999996185 0.001953610 -0.451858521 -0.004164690 -0.001961734 0.999989390 16.066724777
0.999988675 0.001727627 0.004437191 0.320501387 -0.001737137 0.999996185 0.002140243 -0.465163052 -0.004433476 -0.002147927 0.999987841 16.505077362
0.999986589 0.002332342 0.004624337 0.328718185 -0.002342033 0.999995053 0.002091480 -0.477936268 -0.004619436 -0.002102283 0.999987125 16.953224182
0.999985099 0.002256129 0.004971960 0.338839352 -0.002267268 0.999994934 0.002235739 -0.487776130 -0.004966890 -0.002246979 0.999985158 17.411487579
0.999984503 0.002444060 0.005007837 0.354586542 -0.002454031 0.999994934 0.001985736 -0.499836326 -0.005002958 -0.001997995 0.999985516 17.872108459
0.999988794 0.001407701 0.004522529 0.369952381 -0.001418434 0.999996126 0.002371095 -0.513771772 -0.004519173 -0.002377483 0.999987006 18.344882965
0.999986053 0.001620898 0.005037433 0.385493964 -0.001632398 0.999996006 0.002279671 -0.521676242 -0.005033717 -0.002287862 0.999984801 18.817190170
0.999978602 0.002924771 0.005853053 0.385104030 -0.002940370 0.999992132 0.002658457 -0.554232359 -0.005845232 -0.002675611 0.999979258 19.285358429
0.999977887 0.003144850 0.005846647 0.402025908 -0.003157226 0.999992847 0.002108784 -0.560172737 -0.005839972 -0.002127197 0.999980628 19.772315979
0.999976695 0.003309824 0.005974415 0.406970292 -0.003326528 0.999990582 0.002788306 -0.571950674 -0.005965129 -0.002808114 0.999978244 20.268722534
0.999976099 0.003018862 0.006217954 0.422422886 -0.003037456 0.999990880 0.002983213 -0.595022559 -0.006208893 -0.003002028 0.999976218 20.746671677
0.999981523 0.002958775 0.005298325 0.436158895 -0.002974351 0.999991298 0.002934510 -0.603512585 -0.005289597 -0.002950215 0.999981642 21.253927231
0.999982178 0.003317213 0.004956823 0.452948332 -0.003331968 0.999990046 0.002971541 -0.621566951 -0.004946916 -0.002988005 0.999983311 21.748229980
0.999985576 0.003130288 0.004353726 0.471954077 -0.003142267 0.999991298 0.002747330 -0.631498039 -0.004345088 -0.002760972 0.999986708 22.262901306
0.999984384 0.003564640 0.004305584 0.481768698 -0.003575165 0.999990642 0.002439269 -0.642388523 -0.004296849 -0.002454624 0.999987781 22.769378662
0.999985337 0.003385075 0.004212574 0.483761996 -0.003395759 0.999991059 0.002531599 -0.660980284 -0.004203966 -0.002545867 0.999987900 23.307603836
0.999991179 0.002847257 0.003077277 0.499832034 -0.002857314 0.999990523 0.003268325 -0.676806569 -0.003067942 -0.003277089 0.999989927 23.836553574
0.999994934 0.001388636 0.002852678 0.506895781 -0.001395833 0.999995828 0.002522535 -0.688223660 -0.002849163 -0.002526504 0.999992669 24.356189728
0.999993742 0.002254446 0.002716044 0.515062869 -0.002263448 0.999991894 0.003315988 -0.717569530 -0.002708547 -0.003322114 0.999990821 24.880350113
0.999994278 0.002697638 0.002005675 0.526900053 -0.002705133 0.999989331 0.003743103 -0.736402810 -0.001995557 -0.003748508 0.999990940 25.417676926
0.999993682 0.003042823 0.001785342 0.535921693 -0.003050010 0.999987185 0.004036718 -0.750882924 -0.001773036 -0.004042138 0.999990225 25.963638306
0.999995053 0.002979958 0.001023030 0.548298240 -0.002983572 0.999989271 0.003549868 -0.756720901 -0.001012441 -0.003552902 0.999993205 26.524631500
0.999998212 0.001796877 0.000760525 0.559114099 -0.001800127 0.999989212 0.004295007 -0.775656700 -0.000752799 -0.004296369 0.999990523 27.067291260
0.999996305 0.002695526 0.000047120 0.578526676 -0.002695694 0.999988258 0.004023541 -0.792992353 -0.000036274 -0.004023653 0.999991894 27.626443863
0.999994278 0.003367913 0.000419114 0.581072450 -0.003369742 0.999984503 0.004440194 -0.814393818 -0.000404153 -0.004441580 0.999990046 28.171421051
0.999994278 0.003358226 -0.000213920 0.595775187 -0.003357337 0.999986231 0.004029520 -0.815991104 0.000227449 -0.004028779 0.999991834 28.738731384
0.999993622 0.003545516 -0.000327007 0.605805159 -0.003544135 0.999985158 0.004126593 -0.832306445 0.000341633 -0.004125408 0.999991417 29.289255142
0.999994040 0.003382521 -0.000711301 0.614430726 -0.003379735 0.999986768 0.003882135 -0.843181074 0.000724423 -0.003879708 0.999992251 29.840736389
0.999993443 0.003469525 -0.001038125 0.619969189 -0.003465456 0.999986410 0.003896744 -0.854264021 0.001051631 -0.003893121 0.999991894 30.392765045
0.999993145 0.003328574 -0.001609043 0.625755072 -0.003322856 0.999988258 0.003543644 -0.869519949 0.001620820 -0.003538274 0.999992430 30.952215195
0.999992430 0.003624713 -0.001409112 0.645406663 -0.003619165 0.999985754 0.003919985 -0.880795419 0.001423301 -0.003914855 0.999991298 31.494363785
0.999989212 0.004526879 -0.001061679 0.649616599 -0.004522831 0.999982595 0.003785570 -0.892935753 0.001078797 -0.003780727 0.999992251 32.043643951
0.999989986 0.003885090 -0.002187806 0.675889134 -0.003875430 0.999982715 0.004401992 -0.917859793 0.002204870 -0.004393469 0.999987900 32.583076477
0.999988317 0.004121557 -0.002531464 0.681197643 -0.004109652 0.999980509 0.004690122 -0.932309628 0.002550745 -0.004679664 0.999985754 33.128974915
0.999992728 0.003075269 -0.002265169 0.688215256 -0.003064497 0.999984145 0.004743330 -0.954530120 0.002279720 -0.004736355 0.999986112 33.669578552
0.999991715 0.003211527 -0.002497140 0.699919879 -0.003198999 0.999982357 0.005004804 -0.969290614 0.002513169 -0.004996775 0.999984324 34.218250275
0.999989152 0.003462497 -0.003109126 0.709424376 -0.003447825 0.999982953 0.004712279 -0.981994987 0.003125388 -0.004701508 0.999984086 34.751266479
0.999989748 0.003294053 -0.003095193 0.720075428 -0.003278661 0.999982297 0.004964849 -1.000893593 0.003111493 -0.004954650 0.999982953 35.287834167
0.999988317 0.003161699 -0.003654310 0.736234069 -0.003144973 0.999984562 0.004573667 -1.005448103 0.003668714 -0.004562120 0.999982953 35.839599609
0.999986112 0.003546314 -0.003886624 0.748479486 -0.003528546 0.999983370 0.004569052 -1.013170362 0.003902763 -0.004555275 0.999981999 36.380546570
0.999988139 0.002311887 -0.004277278 0.753434122 -0.002291403 0.999985933 0.004787578 -1.039753795 0.004288287 -0.004777720 0.999979377 36.928825378
0.999984145 0.002480841 -0.005054660 0.762467265 -0.002457137 0.999985933 0.004690210 -1.052202821 0.005066226 -0.004677715 0.999976218 37.481052399
0.999985874 0.002554160 -0.004665934 0.780885816 -0.002530990 0.999984503 0.004964590 -1.071303129 0.004678542 -0.004952710 0.999976754 38.029731750
0.999979496 0.002107761 -0.006044866 0.796986580 -0.002081252 0.999988198 0.004388198 -1.082924843 0.006054043 -0.004375528 0.999972105 38.573238373
0.999981582 0.001627732 -0.005848142 0.815757871 -0.001600339 0.999987781 0.004685575 -1.095203280 0.005855697 -0.004676130 0.999971926 39.106147766
0.999983490 0.002839020 -0.004997939 0.809899926 -0.002814756 0.999984264 0.004855179 -1.111545682 0.005011643 -0.004841031 0.999975741 39.638462067
0.999983251 0.002856703 -0.005021699 0.816880941 -0.002828947 0.999980748 0.005525768 -1.127508163 0.005037387 -0.005511470 0.999972105 40.195674896
0.999983251 0.002518575 -0.005207765 0.832460403 -0.002493547 0.999985337 0.004806919 -1.135489583 0.005219796 -0.004793853 0.999974847 40.728694916
0.999983430 0.002341174 -0.005257068 0.847567081 -0.002317468 0.999987125 0.004510953 -1.145949125 0.005267561 -0.004498695 0.999976039 41.280513763
0.999981821 0.002766597 -0.005334132 0.852663875 -0.002742947 0.999986410 0.004435899 -1.155902147 0.005346332 -0.004421188 0.999975979 41.829196930
0.999983013 0.002630179 -0.005206130 0.855662882 -0.002606038 0.999985874 0.004638396 -1.174696922 0.005218258 -0.004624750 0.999975681 42.354232788
0.999981523 0.002138962 -0.005702819 0.870696247 -0.002114131 0.999988258 0.004356527 -1.185888410 0.005712070 -0.004344390 0.999974310 42.905525208
0.999980927 0.002189190 -0.005782243 0.886411190 -0.002158702 0.999983788 0.005273676 -1.208433032 0.005793696 -0.005261093 0.999969363 43.439472198
0.999982595 0.003050605 -0.005036766 0.865595520 -0.003027489 0.999984801 0.004590648 -1.214097619 0.005050695 -0.004575319 0.999976754 43.985942841
0.999983549 0.002723439 -0.005050467 0.874380529 -0.002698407 0.999984086 0.004956700 -1.228183866 0.005063886 -0.004942991 0.999974966 44.526924133
0.999983013 0.003052313 -0.004989237 0.882117808 -0.003026931 0.999982476 0.005086755 -1.245287657 0.005004676 -0.005071566 0.999974608 45.047065735
0.999983788 0.003584407 -0.004433675 0.889588892 -0.003563787 0.999982834 0.004649927 -1.254187107 0.004450266 -0.004634051 0.999979377 45.602775574
0.999983430 0.003408104 -0.004642018 0.905068040 -0.003384657 0.999981523 0.005049402 -1.271691918 0.004659141 -0.005033606 0.999976456 46.140258789
0.999985099 0.002910247 -0.004604836 0.896221161 -0.002890270 0.999986351 0.004339007 -1.284943342 0.004617402 -0.004325633 0.999979973 46.667907715
0.999985218 0.002963610 -0.004543505 0.908317029 -0.002942777 0.999985158 0.004584993 -1.294823885 0.004557026 -0.004571555 0.999979198 47.216918945
0.999982655 0.003654990 -0.004606594 0.912098110 -0.003634540 0.999983549 0.004440220 -1.309538007 0.004622747 -0.004423400 0.999979556 47.755134583
0.999982774 0.004340189 -0.003950535 0.917399466 -0.004322778 0.999980927 0.004405014 -1.323462248 0.003969578 -0.004387861 0.999982476 48.301128387
0.999984980 0.003476308 -0.004238750 0.927980781 -0.003455603 0.999982119 0.004882173 -1.334871888 0.004255646 -0.004867452 0.999979079 48.841567993
0.999986053 0.003156055 -0.004232972 0.936142325 -0.003134878 0.999982655 0.005000206 -1.348548770 0.004248679 -0.004986867 0.999978542 49.390785217
0.999985516 0.003374469 -0.004202839 0.948270559 -0.003353473 0.999981940 0.004992929 -1.358472347 0.004219612 -0.004978762 0.999978662 49.939041138
0.999985337 0.003374599 -0.004231245 0.952978730 -0.003353492 0.999981940 0.004985662 -1.371275067 0.004247993 -0.004971400 0.999978542 50.474872589
0.999987483 0.002890195 -0.004078904 0.962085247 -0.002872496 0.999986410 0.004338218 -1.381354332 0.004091387 -0.004326447 0.999982238 51.015560150
0.999984682 0.003263528 -0.004468950 0.975535989 -0.003241966 0.999983132 0.004823728 -1.402181625 0.004484618 -0.004809166 0.999978304 51.562759399
0.999984205 0.003611717 -0.004302003 0.976768255 -0.003590540 0.999981463 0.004920369 -1.412289262 0.004319694 -0.004904845 0.999978662 52.099464417
0.999985099 0.003967608 -0.003743576 0.982468128 -0.003950119 0.999981284 0.004667527 -1.426199675 0.003762025 -0.004652670 0.999982119 52.646320343
0.999986708 0.003554578 -0.003711176 0.989823937 -0.003536202 0.999981463 0.004946366 -1.442951083 0.003728691 -0.004933178 0.999980867 53.175735474
0.999985933 0.003495100 -0.003980264 0.997375369 -0.003475829 0.999982297 0.004838133 -1.456433058 0.003997103 -0.004824231 0.999980330 53.729145050
0.999988258 0.003582733 -0.003264427 0.998896897 -0.003567743 0.999983132 0.004586459 -1.467461586 0.003280804 -0.004574758 0.999984145 54.249507904
0.999985933 0.004192095 -0.003253389 1.000419855 -0.004177743 0.999981582 0.004405473 -1.481004715 0.003271798 -0.004391819 0.999984980 54.783123016
0.999984443 0.004417092 -0.003391700 1.009837985 -0.004402944 0.999981701 0.004167741 -1.493416071 0.003410048 -0.004152742 0.999985576 55.331844330
0.999987602 0.004038476 -0.002913082 1.015445948 -0.004025878 0.999982595 0.004317665 -1.503820896 0.002930467 -0.004305884 0.999986410 55.850379944
0.999988317 0.004191027 -0.002428962 1.028810740 -0.004181577 0.999983788 0.003883315 -1.493370295 0.002445198 -0.003873112 0.999989510 56.467655182
0.999988019 0.004078131 -0.002709521 1.033174753 -0.004065520 0.999980927 0.004643665 -1.533329248 0.002728408 -0.004632593 0.999985576 56.939727783
0.999984741 0.004887146 -0.002545107 1.044156313 -0.004876784 0.999979913 0.004062197 -1.539871573 0.002564909 -0.004049724 0.999988496 57.500545502
0.999987483 0.004287484 -0.002557036 1.039347410 -0.004275118 0.999979258 0.004822031 -1.562258720 0.002577657 -0.004811040 0.999985039 57.989715576
0.999986827 0.004449027 -0.002548615 1.054078579 -0.004436329 0.999977767 0.004966762 -1.574514627 0.002570655 -0.004955390 0.999984443 58.539859772
0.999987066 0.004585864 -0.002160851 1.054460287 -0.004575991 0.999979198 0.004552107 -1.579614282 0.002181680 -0.004542161 0.999987245 59.056514740
0.999987543 0.004549549 -0.002064779 1.082487822 -0.004541228 0.999981642 0.004017223 -1.580389023 0.002083018 -0.004007795 0.999989808 59.623096466
0.999988139 0.004303565 -0.002344526 1.073636413 -0.004293208 0.999981105 0.004405429 -1.612412572 0.002363441 -0.004395310 0.999987543 60.126190186
0.999985874 0.004927220 -0.002048806 1.080740452 -0.004917481 0.999976754 0.004731320 -1.624147415 0.002072070 -0.004721177 0.999986768 60.686107635
0.999984741 0.005066365 -0.002207320 1.086632967 -0.005056465 0.999977350 0.004467764 -1.634333134 0.002229906 -0.004456535 0.999987602 61.219596863
0.999985516 0.005014672 -0.001949410 1.095827937 -0.005006188 0.999978006 0.004333107 -1.640896797 0.001971096 -0.004323285 0.999988735 61.755825043
0.999986231 0.004692339 -0.002335108 1.105205059 -0.004682714 0.999980509 0.004110424 -1.653885245 0.002354350 -0.004099433 0.999988914 62.300395966
0.999985695 0.005114627 -0.001560968 1.110187888 -0.005108411 0.999979019 0.003960950 -1.663829207 0.001581194 -0.003952919 0.999990940 62.818279266
0.999983788 0.005471232 -0.001578320 1.119633555 -0.005465174 0.999977767 0.003817598 -1.676191568 0.001599171 -0.003808911 0.999991477 63.361000061
0.999983430 0.005573309 -0.001455754 1.128379822 -0.005568312 0.999978662 0.003414612 -1.689456224 0.001474754 -0.003406449 0.999993086 63.903240204
0.999982536 0.005741603 -0.001395596 1.138137579 -0.005736329 0.999976516 0.003754570 -1.705770135 0.001417120 -0.003746499 0.999991953 64.423248291
0.999984026 0.005490961 -0.001360252 1.145550251 -0.005485818 0.999977887 0.003756639 -1.716675043 0.001380848 -0.003749116 0.999992013 64.958526611
0.999984920 0.005351185 -0.001160698 1.152365923 -0.005347325 0.999980211 0.003303228 -1.729141593 0.001178351 -0.003296972 0.999993801 65.490837097
0.999984801 0.005369875 -0.001250258 1.161391497 -0.005365632 0.999979913 0.003373265 -1.740450025 0.001268347 -0.003366506 0.999993503 66.023498535
0.999986112 0.005140206 -0.001146174 1.169417500 -0.005136379 0.999981284 0.003318251 -1.751776814 0.001163209 -0.003312317 0.999993861 66.566482544
0.999983609 0.005671320 -0.000736141 1.180592775 -0.005669387 0.999980569 0.002602114 -1.764007092 0.000750884 -0.002597898 0.999996364 67.121536255
0.999987483 0.004820521 -0.001334103 1.193600059 -0.004816288 0.999983370 0.003158912 -1.779845953 0.001349308 -0.003152446 0.999994099 67.635398865
0.999988258 0.004739546 -0.001055618 1.197468400 -0.004735531 0.999981642 0.003774022 -1.799831390 0.001073486 -0.003768978 0.999992311 68.167037964
0.999983609 0.005600235 -0.001151558 1.209538341 -0.005596749 0.999979913 0.003008100 -1.805967808 0.001168381 -0.003001606 0.999994814 68.711296082
0.999981105 0.006050297 -0.001082349 1.216676354 -0.006047338 0.999978125 0.002715990 -1.820199490 0.001098757 -0.002709394 0.999995708 69.255706787
0.999987006 0.005020651 -0.000981472 1.226343393 -0.005017983 0.999983788 0.002701476 -1.828960299 0.000995019 -0.002696515 0.999995887 69.758316040
0.999986529 0.005147776 -0.000607936 1.231948853 -0.005146354 0.999984026 0.002316785 -1.840263247 0.000619853 -0.002313625 0.999997199 70.315124512
0.999987602 0.004988413 0.000119420 1.235718369 -0.004988677 0.999984860 0.002315358 -1.853512526 -0.000107869 -0.002315925 0.999997377 70.883842468
0.999985218 0.005419448 -0.000458404 1.249922276 -0.005418124 0.999981284 0.002843567 -1.873561263 0.000473806 -0.002841041 0.999995828 71.358497620
0.999984503 0.005543439 -0.000503249 1.257828951 -0.005541995 0.999980569 0.002823225 -1.885029078 0.000518890 -0.002820393 0.999995828 71.898109436
0.999981046 0.006145975 -0.000429479 1.264682531 -0.006144917 0.999978125 0.002422004 -1.898293734 0.000444356 -0.002419319 0.999996960 72.452095032
0.999985039 0.005449382 -0.000309255 1.276536584 -0.005448599 0.999982059 0.002477408 -1.910813451 0.000322750 -0.002475687 0.999996841 72.966026306
0.999982953 0.005830816 -0.000330049 1.286745071 -0.005829894 0.999979258 0.002731321 -1.927584052 0.000345969 -0.002729351 0.999996245 73.497581482
0.999982595 0.005900254 0.000053096 1.296662211 -0.005900372 0.999979198 0.002594926 -1.943419576 -0.000037783 -0.002595194 0.999996603 74.023063660
0.999979258 0.006448125 0.000115810 1.307268143 -0.006448455 0.999974370 0.003102381 -1.952364564 -0.000095802 -0.003103064 0.999995172 74.591178894
0.999981344 0.006100637 -0.000012194 1.315868497 -0.006100583 0.999977767 0.002689281 -1.970236301 0.000028600 -0.002689157 0.999996305 75.095451355
0.999983907 0.005663960 -0.000418032 1.331193447 -0.005663083 0.999981880 0.002070796 -1.977649450 0.000429754 -0.002068396 0.999997735 75.642425537
0.999975145 0.007027932 0.000446586 1.328503728 -0.007028963 0.999972463 0.002350199 -1.996040106 -0.000430056 -0.002353280 0.999997139 76.164367676
0.999976814 0.006806139 0.000288562 1.342835426 -0.006806824 0.999973953 0.002449478 -2.012838364 -0.000271883 -0.002451386 0.999996901 76.711174011
0.999970794 0.007637814 0.000090636 1.351415873 -0.007637978 0.999968886 0.001978926 -2.023977995 -0.000075519 -0.001979561 0.999997973 77.264495850
0.999977291 0.006736840 0.000296400 1.357777476 -0.006737554 0.999974191 0.002480552 -2.039335489 -0.000279681 -0.002482493 0.999996901 77.787239075
0.999981046 0.006146548 0.000278570 1.376880050 -0.006147130 0.999978840 0.002137714 -2.052782297 -0.000265424 -0.002139386 0.999997675 78.319496155
0.999978483 0.006542453 0.000478182 1.387205005 -0.006543498 0.999976158 0.002219963 -2.064485550 -0.000463646 -0.002223044 0.999997437 78.870689392
0.999977708 0.006658935 0.000502094 1.396550655 -0.006659949 0.999975860 0.002047534 -2.079270601 -0.000488448 -0.002050832 0.999997795 79.416801453
0.999976337 0.006884675 -0.000053698 1.424355030 -0.006884538 0.999973834 0.002228224 -2.092315435 0.000069037 -0.002227801 0.999997497 80.028808594
0.999973238 0.007139853 0.001578783 1.423928499 -0.007142615 0.999972880 0.001750234 -2.104844570 -0.001566244 -0.001761464 0.999997199 80.505859375
0.999971628 0.006859362 0.003100839 1.436488390 -0.006863650 0.999975502 0.001374363 -2.119902849 -0.003091335 -0.001395608 0.999994218 81.047866821
0.999970138 0.006760715 0.003744005 1.463195562 -0.006766549 0.999975920 0.001547890 -2.135577679 -0.003733450 -0.001573178 0.999991775 81.607070923
0.999952018 0.008180537 0.005394039 1.467151642 -0.008190610 0.999964833 0.001847902 -2.150150537 -0.005378732 -0.001891994 0.999983788 82.162406921
0.999936163 0.007556671 0.008390449 1.489705324 -0.007570955 0.999969959 0.001672011 -2.161205530 -0.008377560 -0.001735428 0.999963403 82.692893982
0.999896049 0.007725596 0.012174015 1.507242680 -0.007752022 0.999967694 0.002125011 -2.179601431 -0.012157205 -0.002219163 0.999923646 83.218460083
0.999857783 0.007336920 0.015182783 1.533029199 -0.007370652 0.999970496 0.002166897 -2.197741508 -0.015166436 -0.002278496 0.999882400 83.754394531
0.999784827 0.007283901 0.019420292 1.557222366 -0.007320886 0.999971509 0.001834047 -2.210640907 -0.019406380 -0.001975826 0.999809682 84.282478333
0.999604583 0.008630147 0.026760377 1.575766087 -0.008691670 0.999959886 0.002183604 -2.218802929 -0.026740458 -0.002415333 0.999639452 84.838645935
0.999485373 0.007058844 0.031291980 1.622855902 -0.007112755 0.999973357 0.001611838 -2.229825497 -0.031279773 -0.001833581 0.999508977 85.375106812
0.999302030 0.006065762 0.036860041 1.662765861 -0.006138368 0.999979377 0.001856904 -2.244581938 -0.036848020 -0.002081868 0.999318600 85.922958374
0.998948753 0.007530932 0.045220152 1.707292318 -0.007585439 0.999970615 0.001033883 -2.252280235 -0.045211047 -0.001375811 0.998976469 86.511009216
0.998512506 0.006344307 0.054152749 1.741925240 -0.006367044 0.999979675 0.000247336 -2.247709513 -0.054150082 -0.000591761 0.998532653 87.089447021
0.998097301 0.006157854 0.061351366 1.791330099 -0.006200940 0.999980628 0.000511909 -2.262295723 -0.061347038 -0.000891371 0.998116136 87.640075684
0.997512937 0.007520275 0.070080958 1.856385708 -0.007558341 0.999971390 0.000278000 -2.273632288 -0.070076853 -0.000807005 0.997541189 88.198783875
0.996761382 0.007214832 0.080091365 1.925657272 -0.007243313 0.999973714 0.000065072 -2.290411234 -0.080088787 -0.000644988 0.996787488 88.718170166
0.996025980 0.007355446 0.088759303 1.998939514 -0.007398202 0.999972641 0.000152725 -2.301055908 -0.088755742 -0.000808778 0.996053040 89.282447815
0.995310903 0.005971347 0.096543029 2.067074776 -0.006001260 0.999981940 0.000019465 -2.328454971 -0.096541174 -0.000598753 0.995328784 89.899467468
0.994353771 0.005097183 0.105993502 2.159642696 -0.005058671 0.999986947 -0.000632196 -2.331320286 -0.105995350 0.000092440 0.994366646 90.465850830
0.993152738 0.005235029 0.116705537 2.246889114 -0.005172044 0.999986291 -0.000842517 -2.345217466 -0.116708346 0.000233142 0.993166208 91.014305115
0.992070913 0.003681676 0.125625148 2.368474007 -0.003631855 0.999993205 -0.000625611 -2.383943319 -0.125626594 0.000164398 0.992077589 91.573158264
0.990529537 0.004581362 0.137223721 2.459944725 -0.004569666 0.999989450 -0.000400259 -2.393241405 -0.137224123 -0.000230599 0.990540028 92.111473083
0.988656461 0.004614489 0.150123551 2.539500237 -0.004645707 0.999989212 -0.000142764 -2.410553694 -0.150122583 -0.000556286 0.988667369 92.655967712
0.986928940 0.004206276 0.161100924 2.653605461 -0.004100941 0.999991119 -0.000986342 -2.423468113 -0.161103651 0.000312784 0.986937463 93.191383362
0.985063136 0.004202216 0.172142237 2.761289597 -0.004068220 0.999991059 -0.001131186 -2.433431149 -0.172145456 0.000413977 0.985071480 93.749427795
0.982672632 0.004147422 0.185302943 2.878073692 -0.004074922 0.999991357 -0.000772098 -2.453535318 -0.185304537 0.000003624 0.982681155 94.287506104
0.980516553 0.003441479 0.196406424 3.017666817 -0.003383474 0.999994099 -0.000630869 -2.472555637 -0.196407422 -0.000045958 0.980522394 94.805381775
0.978389978 0.002947427 0.206746534 3.146793365 -0.002835890 0.999995708 -0.000835842 -2.485956907 -0.206748053 0.000231469 0.978394151 95.337791443
0.975523591 0.003051569 0.219873637 3.295150757 -0.003064277 0.999995291 -0.000283256 -2.506251812 -0.219873488 -0.000397432 0.975528240 95.885345459
0.972403228 0.002636103 0.233292162 3.441881180 -0.002429130 0.999996305 -0.001174493 -2.519813299 -0.233294412 0.000575384 0.972405970 96.423423767
0.969759881 0.001554119 0.244055837 3.603652954 -0.001208508 0.999998033 -0.001565844 -2.532911777 -0.244057804 0.001223549 0.969759881 96.953430176
0.966932356 0.000946242 0.255031437 3.776937485 -0.000709082 0.999999166 -0.001021863 -2.564439058 -0.255032182 0.000807234 0.966932178 97.424987793
0.963483989 0.002302193 0.267755866 3.958267212 -0.002312266 0.999997318 -0.000277697 -2.587912321 -0.267755747 -0.000351566 0.963486731 97.983970642
0.959890962 0.001853724 0.280367494 4.136306763 -0.001847022 0.999998331 -0.000288123 -2.602541208 -0.280367553 -0.000241278 0.959892690 98.511039734
0.956476688 -0.000626479 0.291807950 4.357633591 0.000966694 0.999998987 -0.001021706 -2.617648840 -0.291807085 0.001259326 0.956476390 99.136619568
0.951917291 0.002101812 0.306347728 4.512828827 -0.002020446 0.999997854 -0.000582704 -2.623452187 -0.306348175 -0.000064273 0.951919496 99.591079712
0.947697282 -0.000700296 0.319169790 4.706045151 0.001149191 0.999998569 -0.001218130 -2.625555038 -0.319168448 0.001521205 0.947696686 100.048927307
0.943898439 -0.000594219 0.330235571 4.910541534 0.000808824 0.999999523 -0.000512449 -2.643127441 -0.330235153 0.000750802 0.943898320 100.565193176
0.939300239 -0.001761225 0.343091935 5.126735687 0.002370149 0.999996185 -0.001355506 -2.649476528 -0.343088239 0.002086406 0.939300835 101.091094971
0.934074402 -0.002384295 0.357070535 5.340650558 0.002797331 0.999995828 -0.000640295 -2.681618452 -0.357067525 0.001596928 0.934077203 101.534530640
0.929344654 -0.003566351 0.369196147 5.559038162 0.004426942 0.999989033 -0.001483881 -2.683784723 -0.369186819 0.003013447 0.929350197 102.065498352
0.924146473 -0.001920458 0.382033855 5.795980453 0.002591069 0.999995828 -0.001240928 -2.729967594 -0.382029891 0.002136675 0.924147487 102.542190552
0.918091178 -0.001899775 0.396364629 6.036121368 0.002518627 0.999996245 -0.001040862 -2.742855549 -0.396361202 0.001953901 0.918092549 103.048118591
0.912548780 -0.002785562 0.408958346 6.278980255 0.003514412 0.999993265 -0.001030737 -2.753311872 -0.408952713 0.002377846 0.912552416 103.528457642
0.907713115 -0.003307103 0.419578254 6.531616211 0.004283275 0.999989867 -0.001384521 -2.778662682 -0.419569522 0.003053917 0.907718003 103.980445862
0.901725829 -0.004665301 0.432283223 6.832862854 0.005471079 0.999984860 -0.000620386 -2.777679205 -0.432273835 0.002924474 0.901737630 104.622894287
0.895125866 -0.005341141 0.445781738 7.101646423 0.006252667 0.999980330 -0.000574021 -2.793246984 -0.445769876 0.003301145 0.895141423 105.115158081
0.889329970 -0.005450700 0.457233429 7.374794006 0.006791718 0.999976158 -0.001289295 -2.802946329 -0.457215488 0.004252010 0.889345765 105.588500977
0.883372068 -0.005169658 0.468643844 7.642189026 0.005996021 0.999981999 -0.000271321 -2.833488226 -0.468633920 0.003049676 0.883387148 106.028556824
0.875806689 -0.006070282 0.482623905 7.919654846 0.006822995 0.999976695 0.000195836 -2.845813274 -0.482613772 0.003121425 0.875827730 106.484184265
0.868644357 -0.006115143 0.495398402 8.208038330 0.006787992 0.999976873 0.000441362 -2.862793207 -0.495389611 0.002979373 0.868665814 106.943054199
