1.000000000 0.000000000 0.000000000 0.000000000 0.000000000 1.000000000 0.000000000 0.000000000 0.000000000 0.000000000 1.000000000 0.000000000
1.000000000 0.000021706 -0.000021929 0.000423870 -0.000021707 1.000000000 -0.000039858 0.000811043 0.000021929 0.000039859 1.000000000 0.000480076
1.000000000 0.000000072 0.000044124 -0.000085028 -0.000000074 1.000000000 0.000043125 0.000027049 -0.000044124 -0.000043125 1.000000000 0.000099535
1.000000000 -0.000082458 0.000024591 0.000020985 0.000082458 1.000000000 -0.000031105 0.000828973 -0.000024589 0.000031107 1.000000000 0.000234722
1.000000000 -0.000107059 0.000035888 -0.000132359 0.000107058 1.000000000 0.000020338 -0.000120035 -0.000035890 -0.000020334 1.000000000 -0.000616809
1.000000000 0.000015594 0.000124126 -0.000490214 -0.000015588 1.000000000 -0.000050093 0.000957525 -0.000124126 0.000050092 1.000000000 0.000094845
1.000000000 -0.000101604 0.000062319 0.000215218 0.000101605 1.000000000 -0.000005577 0.000485975 -0.000062318 0.000005584 1.000000000 0.000225688
1.000000000 -0.000020850 0.000075564 -0.000536703 0.000020843 1.000000000 0.000094791 -0.000115941 -0.000075566 -0.000094789 1.000000000 -0.000065720
1.000000000 -0.000047709 -0.000006112 -0.000776065 0.000047709 1.000000000 -0.000091084 0.000032354 0.000006116 0.000091083 1.000000000 -0.000821453
1.000000000 -0.000054477 0.000078237 -0.000130371 0.000054474 1.000000000 0.000036700 -0.000654060 -0.000078239 -0.000036696 1.000000000 -0.000246486
1.000000000 0.000071638 0.000053112 -0.000836927 -0.000071641 1.000000000 0.000056526 -0.000892000 -0.000053108 -0.000056530 1.000000000 -0.000623960
1.000000000 -0.000041855 0.000071288 -0.001124486 0.000041853 1.000000000 0.000039458 -0.000460532 -0.000071289 -0.000039455 1.000000000 -0.001072297
1.000000000 0.000050568 0.000031458 -0.000850685 -0.000050565 1.000000000 -0.000071195 -0.000314585 -0.000031462 0.000071193 1.000000000 -0.001390552
1.000000000 0.000045706 0.000069834 -0.001129400 -0.000045704 1.000000000 -0.000024983 0.000604974 -0.000069835 0.000024979 1.000000000 0.000668599
1.000000000 0.000029601 0.000048170 -0.000977205 -0.000029596 1.000000000 -0.000116203 0.001246728 -0.000048174 0.000116202 1.000000000 0.000879308
1.000000000 -0.000001645 -0.000032116 0.000354281 0.000001642 1.000000000 -0.000076187 0.001248327 0.000032116 0.000076187 1.000000000 0.001241915
1.000000000 0.000087342 0.000107065 -0.001003836 -0.000087325 1.000000000 -0.000158748 0.002319540 -0.000107079 0.000158739 1.000000000 0.002554529
1.000000000 0.000169113 0.000078890 -0.001290156 -0.000169100 1.000000000 -0.000166333 0.001856124 -0.000078918 0.000166320 1.000000000 0.001556477
1.000000000 0.000175419 0.000151518 -0.001518358 -0.000175404 1.000000000 -0.000103182 0.002019726 -0.000151536 0.000103155 1.000000000 0.002363284
1.000000000 0.000115104 0.000157667 -0.001390787 -0.000115090 1.000000000 -0.000094097 0.001088559 -0.000157678 0.000094079 1.000000000 0.001344761
1.000000000 0.000026270 0.000076842 -0.001148454 -0.000026267 1.000000000 -0.000033669 0.000380709 -0.000076843 0.000033667 1.000000000 0.000793732
1.000000000 0.000154952 0.000060018 -0.000809344 -0.000154950 1.000000000 -0.000019860 0.001268453 -0.000060021 0.000019851 1.000000000 0.000841642
1.000000000 0.000101825 0.000008158 -0.000611065 -0.000101825 1.000000000 -0.000079546 0.001513926 -0.000008167 0.000079545 1.000000000 0.002421507
1.000000000 0.000080645 0.000056906 -0.001070963 -0.000080641 1.000000000 -0.000067831 0.001781041 -0.000056912 0.000067826 1.000000000 0.002376051
0.999999940 0.000384344 0.000058320 -0.001212013 -0.000384340 0.999999940 -0.000063274 0.002425070 -0.000058344 0.000063251 1.000000000 0.003610444
0.999999940 0.000253552 0.000100388 -0.001292970 -0.000253547 0.999999940 -0.000049723 0.002020227 -0.000100401 0.000049697 1.000000000 0.001520187
1.000000000 0.000060781 0.000102108 -0.000447127 -0.000060775 1.000000000 -0.000058333 0.002490685 -0.000102111 0.000058327 1.000000000 0.003051401
1.000000000 0.000129562 0.000179581 -0.001711796 -0.000129556 1.000000000 -0.000032848 0.001702729 -0.000179585 0.000032824 1.000000000 0.002434818
1.000000000 0.000161696 0.000062859 -0.001227277 -0.000161692 1.000000000 -0.000072303 0.002403353 -0.000062871 0.000072293 1.000000000 0.002283058
1.000000000 0.000089101 0.000100921 -0.001624726 -0.000089095 1.000000000 -0.000051806 0.001117353 -0.000100926 0.000051797 1.000000000 0.001745915
0.999999940 0.000142372 0.000205554 -0.001928898 -0.000142370 1.000000000 -0.000008614 0.001189150 -0.000205556 0.000008585 1.000000000 0.002235477
1.000000000 0.000109865 0.000185454 -0.001340747 -0.000109851 1.000000000 -0.000072732 0.002256014 -0.000185462 0.000072711 1.000000000 0.003880409
1.000000000 0.000208623 0.000093389 -0.000837586 -0.000208604 0.999999940 -0.000210317 0.003500675 -0.000093433 0.000210297 1.000000000 0.003970955
1.000000000 0.000103344 0.000143238 -0.000850169 -0.000103331 1.000000000 -0.000090412 0.001716557 -0.000143247 0.000090397 1.000000000 0.001845154
0.999999940 0.000251915 0.000197293 -0.002551282 -0.000251884 0.999999940 -0.000156014 0.002209252 -0.000197332 0.000155964 0.999999940 0.002488624
1.000000000 0.000133259 0.000175024 -0.001699424 -0.000133241 1.000000000 -0.000102753 0.001088111 -0.000175038 0.000102730 1.000000000 0.001482067
1.000000000 0.000094399 0.000028545 -0.001770239 -0.000094400 1.000000000 0.000019457 0.000521970 -0.000028543 -0.000019460 1.000000000 0.000200684
1.000000000 0.000143384 0.000088392 -0.001418368 -0.000143382 1.000000000 -0.000020834 0.001771881 -0.000088395 0.000020821 1.000000000 0.002137017
1.000000000 0.000125401 0.000150512 -0.001916056 -0.000125397 1.000000000 -0.000028167 0.001455702 -0.000150516 0.000028148 1.000000000 0.001308291
1.000000000 0.000187675 0.000122358 -0.000832308 -0.000187666 1.000000000 -0.000079023 0.002744047 -0.000122373 0.000079000 1.000000000 0.003046701
1.000000000 -0.000027709 0.000037080 0.000310600 0.000027713 1.000000000 -0.000102745 0.000886998 -0.000037077 0.000102746 1.000000000 0.002750997
0.999999881 0.000509990 0.000123046 -0.000010767 -0.000509912 0.999999583 -0.000631724 -0.001120274 -0.000123368 0.000631662 0.999999821 0.053086668
0.999999881 0.000406449 0.000145698 0.001573533 -0.000406260 0.999999046 -0.001289871 -0.002025451 -0.000146222 0.001289812 0.999999225 0.142547771
0.999999940 0.000291739 -0.000012317 0.006053314 -0.000291750 0.999999523 -0.000846751 -0.010533612 0.000012070 0.000846755 0.999999642 0.253420502
0.999999940 0.000322983 0.000026807 0.008775257 -0.000322960 0.999999583 -0.000833317 -0.012835523 -0.000027076 0.000833309 0.999999642 0.385951817
0.999999940 0.000307610 -0.000021989 0.010572191 -0.000307622 0.999999762 -0.000570937 -0.016801713 0.000021813 0.000570944 0.999999821 0.529864073
1.000000000 -0.000013437 -0.000133717 0.014023328 0.000013440 1.000000000 0.000027780 -0.029177180 0.000133717 -0.000027782 1.000000000 0.686860085
0.999999940 -0.000363777 -0.000151504 0.019401072 0.000363801 1.000000000 0.000159305 -0.031459179 0.000151446 -0.000159360 1.000000000 0.847355902
0.999999940 0.000306068 0.000122396 0.018742004 -0.000306060 0.999999881 -0.000063707 -0.029803304 -0.000122415 0.000063670 0.999999940 1.034449100
0.999999940 0.000376650 0.000060812 0.023055125 -0.000376653 0.999999881 0.000050054 -0.035375830 -0.000060793 -0.000050077 1.000000000 1.209343195
0.999999642 0.000818558 0.000181470 0.022321314 -0.000818645 0.999999642 0.000484861 -0.050323699 -0.000181073 -0.000485009 0.999999881 1.379731655
0.999999583 0.000800613 -0.000190521 0.027060000 -0.000800543 0.999999583 0.000366383 -0.052348085 0.000190814 -0.000366230 0.999999940 1.574636102
0.999999940 0.000396762 0.000117248 0.031728089 -0.000396836 0.999999642 0.000634738 -0.056353349 -0.000116996 -0.000634785 0.999999762 1.787338853
0.999999702 0.000632762 0.000369761 0.034396246 -0.000633130 0.999999225 0.000996504 -0.068016008 -0.000369130 -0.000996738 0.999999404 1.975852966
0.999999940 0.000103839 0.000140859 0.040357824 -0.000104018 0.999999166 0.001269903 -0.075751759 -0.000140727 -0.001269918 0.999999166 2.191499233
0.999999881 0.000423608 0.000332336 0.041227560 -0.000424036 0.999999046 0.001287606 -0.081483103 -0.000331791 -0.001287746 0.999999106 2.416395664
0.999999583 0.000748238 0.000493853 0.044152167 -0.000748774 0.999999106 0.001084949 -0.085172236 -0.000493041 -0.001085319 0.999999225 2.640311718
0.999999940 0.000123381 0.000078434 0.054188695 -0.000123499 0.999998868 0.001514524 -0.095932856 -0.000078247 -0.001514534 0.999998868 2.867494345
0.999999940 0.000166837 0.000165425 0.056614019 -0.000167114 0.999998629 0.001677853 -0.100716934 -0.000165145 -0.001677881 0.999998629 3.110340118
0.999999762 0.000702131 0.000103656 0.063585259 -0.000702280 0.999998689 0.001438006 -0.106432594 -0.000102646 -0.001438079 0.999998927 3.344263554
1.000000000 0.000104271 0.000042457 0.069394358 -0.000104334 0.999998868 0.001483797 -0.115229815 -0.000042302 -0.001483802 0.999998927 3.592129469
0.999999940 0.000393225 0.000043365 0.073258862 -0.000393283 0.999998987 0.001336676 -0.120535210 -0.000042839 -0.001336693 0.999999166 3.857297421
0.999999583 0.000593853 0.000664491 0.072627269 -0.000594677 0.999999046 0.001239751 -0.122397602 -0.000663755 -0.001240145 0.999998927 4.113378048
0.999999464 0.000859857 0.000454054 0.079431653 -0.000860434 0.999998808 0.001272088 -0.126595646 -0.000452960 -0.001272478 0.999999046 4.372263432
0.999999523 0.000504099 0.000826796 0.081047185 -0.000505140 0.999999106 0.001258534 -0.133271381 -0.000826160 -0.001258951 0.999998868 4.635774612
0.999999702 0.000438165 0.000517865 0.087105714 -0.000438843 0.999999046 0.001310509 -0.146368772 -0.000517290 -0.001310736 0.999998987 4.885518074
0.999999821 0.000313558 0.000374346 0.094084524 -0.000314212 0.999998391 0.001748332 -0.155239031 -0.000373797 -0.001748450 0.999998391 5.144067287
0.999998987 0.000977296 0.000980924 0.090324923 -0.000978891 0.999998212 0.001627059 -0.162872061 -0.000979332 -0.001628018 0.999998152 5.414589882
0.999999046 0.000784526 0.001091104 0.099389054 -0.000786675 0.999997675 0.001970768 -0.170740873 -0.001089555 -0.001971624 0.999997437 5.677846432
0.999998868 0.001144720 0.001089036 0.097775847 -0.001146544 0.999997914 0.001676048 -0.175858557 -0.001087115 -0.001677294 0.999997973 5.945027828
0.999998748 0.001077603 0.001130846 0.104641937 -0.001079236 0.999998391 0.001444900 -0.181624427 -0.001129287 -0.001446118 0.999998331 6.233036995
0.999997675 0.001527715 0.001541995 0.109807491 -0.001530292 0.999997437 0.001671209 -0.188194811 -0.001539438 -0.001673565 0.999997437 6.524982929
0.999998927 0.001247166 0.000739054 0.122495003 -0.001248571 0.999997377 0.001902734 -0.196105465 -0.000736679 -0.001903655 0.999997914 6.803271294
0.999998510 0.001396653 0.000962726 0.122436106 -0.001397942 0.999998152 0.001339055 -0.203755796 -0.000960854 -0.001340399 0.999998629 7.115881443
0.999998868 0.001221651 0.000849802 0.136953607 -0.001223139 0.999997854 0.001752054 -0.209382966 -0.000847659 -0.001753092 0.999998033 7.395351410
0.999998868 0.001253986 0.000794280 0.141268522 -0.001255283 0.999997854 0.001633420 -0.218903303 -0.000792230 -0.001634416 0.999998271 7.700921059
0.999996841 0.002167213 0.001259280 0.133505464 -0.002169208 0.999996364 0.001585014 -0.232164443 -0.001255840 -0.001587740 0.999997973 8.024918556
0.999998093 0.001427318 0.001311823 0.139130622 -0.001429166 0.999997973 0.001409021 -0.237323716 -0.001309809 -0.001410894 0.999998152 8.351304054
0.999998391 0.001180492 0.001297960 0.147167027 -0.001182484 0.999998093 0.001534581 -0.248718843 -0.001296145 -0.001536113 0.999997973 8.669975281
0.999996185 0.002276029 0.001522576 0.151356995 -0.002278956 0.999995649 0.001924191 -0.260707021 -0.001518190 -0.001927654 0.999996960 9.017083168
0.999996364 0.002353591 0.001345932 0.159325123 -0.002356393 0.999995053 0.002084320 -0.274919838 -0.001341020 -0.002087484 0.999996841 9.352323532
0.999996126 0.002335748 0.001521821 0.166038260 -0.002339007 0.999994934 0.002143337 -0.290372014 -0.001516807 -0.002146888 0.999996543 9.679772377
0.999996305 0.002161219 0.001689221 0.174253330 -0.002165638 0.999994218 0.002618058 -0.300751626 -0.001683553 -0.002621706 0.999995112 10.026953697
0.999996066 0.002318345 0.001571742 0.178260118 -0.002321978 0.999994576 0.002313559 -0.303741664 -0.001566370 -0.002317199 0.999996066 10.405236244
0.999996066 0.002372279 0.001442935 0.185379311 -0.002375369 0.999994874 0.002143580 -0.311943889 -0.001437842 -0.002146999 0.999996662 10.768801689
0.999996066 0.002489532 0.001309369 0.196693733 -0.002491966 0.999995172 0.001860634 -0.312135398 -0.001304730 -0.001863890 0.999997437 11.151778221
0.999995410 0.002482244 0.001712605 0.199866816 -0.002486430 0.999993920 0.002446389 -0.335640013 -0.001706521 -0.002450636 0.999995530 11.518610001
0.999995708 0.002221676 0.001918954 0.202313513 -0.002227460 0.999992967 0.003017331 -0.358002573 -0.001912237 -0.003021593 0.999993622 11.895153046
0.999994516 0.002795128 0.001791481 0.215149984 -0.002800050 0.999992311 0.002750615 -0.358860642 -0.001783779 -0.002755617 0.999994636 12.282482147
0.999994516 0.002668055 0.002004252 0.226431414 -0.002674027 0.999992013 0.002982957 -0.373283982 -0.001996277 -0.002988300 0.999993563 12.668392181
0.999994040 0.002506251 0.002339541 0.226936758 -0.002512574 0.999993205 0.002703498 -0.377994955 -0.002332749 -0.002709360 0.999993622 13.079688072
0.999996424 0.001771970 0.001988670 0.245873660 -0.001777355 0.999994755 0.002709133 -0.394746423 -0.001983860 -0.002712658 0.999994338 13.484750748
0.999994576 0.002271367 0.002391328 0.245125473 -0.002278222 0.999993265 0.002867341 -0.402637899 -0.002384799 -0.002872773 0.999993026 13.888385773
0.999993861 0.002608433 0.002387249 0.261397898 -0.002615632 0.999992132 0.003017319 -0.414686888 -0.002379359 -0.003023545 0.999992609 14.301390648
0.999993384 0.002844288 0.002256480 0.270667225 -0.002850783 0.999991834 0.002880531 -0.427911848 -0.002248268 -0.002886945 0.999993324 14.717036247
0.999992490 0.002308433 0.003114684 0.278309703 -0.002317272 0.999993265 0.002837638 -0.438582659 -0.003108113 -0.002844835 0.999991059 15.159069061
0.999991119 0.002850670 0.003100750 0.289912283 -0.002859376 0.999991953 0.002806953 -0.450224668 -0.003092723 -0.002815794 0.999991238 15.587158203
0.999990582 0.002587352 0.003502514 0.297361344 -0.002597312 0.999992549 0.002841869 -0.461154908 -0.003495136 -0.002850938 0.999989808 16.032794952
0.999985754 0.003262028 0.004209600 0.301071882 -0.003274505 0.999990404 0.002960723 -0.468936026 -0.004199901 -0.002974465 0.999986708 16.482963562
0.999984920 0.003448499 0.004269887 0.308451176 -0.003459552 0.999990761 0.002583994 -0.482055217 -0.004260936 -0.002598727 0.999987543 16.917711258
0.999984324 0.003099417 0.004645213 0.330030918 -0.003114385 0.999989986 0.003218222 -0.498846233 -0.004635192 -0.003232639 0.999984026 17.390260696
0.999983251 0.003243802 0.004796868 0.334984064 -0.003260900 0.999988317 0.003560608 -0.517485976 -0.004785263 -0.003576191 0.999982119 17.839286804
0.999985039 0.002611032 0.004813462 0.351081014 -0.002623304 0.999993384 0.002545207 -0.524726391 -0.004806784 -0.002557796 0.999985158 18.304960251
0.999980390 0.003367707 0.005288334 0.363705903 -0.003381318 0.999990880 0.002567034 -0.532481432 -0.005279641 -0.002584865 0.999982774 18.781734467
0.999977291 0.003375205 0.005832864 0.369891703 -0.003393746 0.999989331 0.003171661 -0.551204920 -0.005822096 -0.003191385 0.999977946 19.257652283
0.999974728 0.003962819 0.005905503 0.383984178 -0.003977292 0.999989092 0.002440937 -0.555972874 -0.005895766 -0.002464363 0.999979496 19.737424850
0.999975622 0.004115771 0.005645890 0.390770912 -0.004133862 0.999986291 0.003196473 -0.572099924 -0.005632658 -0.003219734 0.999978900 20.226121902
0.999972939 0.003966374 0.006193127 0.409231246 -0.003986211 0.999986947 0.003193967 -0.587965071 -0.006180377 -0.003218568 0.999975741 20.699094772
0.999975920 0.003891170 0.005734219 0.428577751 -0.003907867 0.999988079 0.002903624 -0.599716306 -0.005722853 -0.002925963 0.999979258 21.195152283
0.999978185 0.004195028 0.005097195 0.436841041 -0.004211826 0.999985695 0.003289389 -0.615432918 -0.005083322 -0.003310786 0.999981582 21.699626923
0.999981523 0.003852519 0.004701353 0.451714069 -0.003868895 0.999986470 0.003479209 -0.631021380 -0.004687885 -0.003497334 0.999982893 22.205831528
0.999984086 0.003932978 0.004057414 0.468652248 -0.003947661 0.999985695 0.003617026 -0.643646538 -0.004043131 -0.003632986 0.999985278 22.707281113
0.999984264 0.004256207 0.003640422 0.473674178 -0.004267977 0.999985695 0.003231329 -0.655703127 -0.003626617 -0.003246816 0.999988139 23.244539261
0.999986470 0.004189159 0.003055438 0.490702569 -0.004199534 0.999985397 0.003397747 -0.674833059 -0.003041160 -0.003410533 0.999989510 23.768110275
0.999992549 0.002905713 0.002502115 0.501731157 -0.002913177 0.999991298 0.002984856 -0.688951552 -0.002493420 -0.002992123 0.999992371 24.298759460
0.999990404 0.003864950 0.002049749 0.508894622 -0.003871128 0.999987900 0.003018374 -0.699528515 -0.002038058 -0.003026280 0.999993324 24.831304550
0.999989569 0.004377715 0.001304096 0.522410214 -0.004381916 0.999985278 0.003236718 -0.715114653 -0.001289907 -0.003242399 0.999993920 25.376037598
0.999988377 0.004704136 0.001071835 0.528264344 -0.004707896 0.999982655 0.003532519 -0.728329301 -0.001055199 -0.003537524 0.999993145 25.926279068
0.999989331 0.004582055 0.000533570 0.541294992 -0.004583857 0.999983609 0.003422593 -0.743761539 -0.000517879 -0.003425002 0.999993920 26.473031998
0.999990523 0.004344132 0.000188001 0.552995205 -0.004344781 0.999984086 0.003605735 -0.750890672 -0.000172335 -0.003606518 0.999993503 27.031391144
0.999990404 0.004361115 -0.000364723 0.564035714 -0.004359749 0.999983788 0.003665935 -0.769926548 0.000380705 -0.003664309 0.999993145 27.574934006
0.999987185 0.005035446 -0.000513278 0.571215689 -0.005033874 0.999982834 0.003018467 -0.778927743 0.000528469 -0.003015844 0.999995291 28.134061813
0.999984324 0.005582507 -0.000374410 0.579069912 -0.005581044 0.999977112 0.003802995 -0.797691584 0.000395632 -0.003800845 0.999992669 28.670518875
0.999983072 0.005795218 -0.000464735 0.587513506 -0.005793447 0.999976218 0.003723923 -0.811555207 0.000486305 -0.003721168 0.999992967 29.221029282
0.999984801 0.005494780 -0.000333303 0.592536390 -0.005493540 0.999978304 0.003611440 -0.826953828 0.000353140 -0.003609554 0.999993384 29.768417358
0.999984622 0.005359830 -0.001389351 0.605063856 -0.005354119 0.999977469 0.004082031 -0.841242790 0.001411199 -0.004074530 0.999990702 30.316270828
0.999982357 0.005767074 -0.001384090 0.617285788 -0.005761608 0.999975741 0.003920720 -0.853297532 0.001406667 -0.003912677 0.999991357 30.863807678
0.999981344 0.005948485 -0.001396078 0.626113892 -0.005942790 0.999974072 0.004048776 -0.869340122 0.001420126 -0.004040404 0.999990821 31.409564972
0.999975979 0.006887696 -0.000835443 0.627288938 -0.006884397 0.999968708 0.003888559 -0.883337259 0.000862200 -0.003882713 0.999992132 31.951488495
0.999978483 0.006290582 -0.001833708 0.646911681 -0.006283599 0.999972999 0.003789202 -0.899200320 0.001857494 -0.003777598 0.999991119 32.497474670
0.999979675 0.005928451 -0.002341584 0.653800189 -0.005919253 0.999974787 0.003916063 -0.912768006 0.002364741 -0.003902123 0.999989510 33.044185638
0.999979138 0.005874726 -0.002687340 0.673020601 -0.005863799 0.999974549 0.004056070 -0.931835413 0.002711100 -0.004040228 0.999988139 33.577816010
0.999977946 0.006126526 -0.002569902 0.680139363 -0.006114547 0.999970496 0.004643643 -0.954850137 0.002598276 -0.004627827 0.999985874 34.133499146
0.999976337 0.006174722 -0.003011916 0.692369342 -0.006160971 0.999970675 0.004553326 -0.963639259 0.003039943 -0.004534663 0.999985099 34.655616760
0.999974132 0.006362036 -0.003339199 0.703118443 -0.006346552 0.999969184 0.004627277 -0.984074354 0.003368535 -0.004605965 0.999983728 35.178573608
0.999975264 0.006356247 -0.002986689 0.699501693 -0.006342887 0.999969900 0.004462168 -0.987353027 0.003014962 -0.004443114 0.999985576 35.759246826
0.999972045 0.006830412 -0.003019795 0.708323956 -0.006817194 0.999967277 0.004366321 -1.000859141 0.003049519 -0.004345613 0.999985933 36.305515289
0.999975443 0.006411971 -0.002827908 0.717016816 -0.006401105 0.999972165 0.003834217 -1.013239980 0.002852414 -0.003816020 0.999988616 36.840732574
0.999975324 0.006176836 -0.003322069 0.728156388 -0.006163245 0.999972641 0.004085822 -1.027817845 0.003347215 -0.004065248 0.999986112 37.382217407
0.999972820 0.006628749 -0.003211288 0.737055659 -0.006616197 0.999970436 0.003903674 -1.039473295 0.003237069 -0.003882322 0.999987245 37.933807373
0.999974787 0.005424241 -0.004565728 0.758595288 -0.005406952 0.999978125 0.003790525 -1.047504902 0.004586190 -0.003765744 0.999982357 38.479339600
0.999979794 0.004347560 -0.004632099 0.770514846 -0.004330460 0.999983788 0.003695373 -1.060037017 0.004648090 -0.003675240 0.999982417 39.026973724
0.999967337 0.006715381 -0.004478071 0.769673109 -0.006695841 0.999968052 0.004364291 -1.092082739 0.004507236 -0.004334165 0.999980390 39.561424255
0.999975324 0.005520632 -0.004340231 0.780695260 -0.005502692 0.999976337 0.004134549 -1.104665160 0.004362954 -0.004110565 0.999982059 40.111270905
0.999971092 0.005887668 -0.004811944 0.790957391 -0.005867373 0.999973834 0.004220988 -1.118884444 0.004836669 -0.004192632 0.999979615 40.661792755
0.999979317 0.004804237 -0.004275881 0.810781598 -0.004784556 0.999977946 0.004601361 -1.129109502 0.004297893 -0.004580808 0.999980211 41.217182159
0.999979258 0.005090071 -0.003942259 0.813272893 -0.005069640 0.999973774 0.005175228 -1.144767642 0.003968499 -0.005155135 0.999978840 41.754814148
0.999974072 0.006472765 -0.003198314 0.803113401 -0.006460574 0.999971867 0.003807813 -1.153859258 0.003222872 -0.003787051 0.999987662 42.310523987
0.999976158 0.006200955 -0.003066247 0.812965095 -0.006188022 0.999971986 0.004209562 -1.167318463 0.003092265 -0.004190487 0.999986410 42.862071991
0.999972224 0.006287834 -0.004003376 0.828449667 -0.006273331 0.999973774 0.003625018 -1.171740532 0.004026064 -0.003599803 0.999985397 43.411022186
0.999973297 0.006335622 -0.003646323 0.840572953 -0.006324561 0.999975324 0.003037153 -1.174012542 0.003665477 -0.003014009 0.999988675 43.946502686
0.999970734 0.007190750 -0.002598600 0.846770942 -0.007183008 0.999969721 0.002976308 -1.186218023 0.002619923 -0.002957555 0.999992132 44.494716644
0.999973416 0.006384217 -0.003509789 0.871590257 -0.006371551 0.999973178 0.003607860 -1.213681102 0.003532727 -0.003585401 0.999987304 45.034503937
0.999970734 0.007192578 -0.002580482 0.870534241 -0.007184350 0.999969125 0.003183305 -1.222410321 0.002603298 -0.003164673 0.999991596 45.593620300
0.999969900 0.007454862 -0.002100168 0.874237835 -0.007448680 0.999967933 0.002935625 -1.233844876 0.002121985 -0.002919894 0.999993503 46.134761810
0.999970019 0.007494185 -0.001945674 0.883364022 -0.007487687 0.999966443 0.003325007 -1.253985167 0.001970527 -0.003310338 0.999992609 46.686233521
0.999964416 0.008129776 -0.002244820 0.899130940 -0.008122231 0.999961376 0.003350192 -1.266350985 0.002271970 -0.003331838 0.999991894 47.251838684
0.999963045 0.008174319 -0.002671069 0.917962849 -0.008166224 0.999962091 0.003027571 -1.279419541 0.002695717 -0.003005647 0.999991775 47.800655365
0.999966085 0.007541876 -0.003305796 0.929868698 -0.007531665 0.999966979 0.003090228 -1.296725750 0.003328992 -0.003065225 0.999989748 48.348133087
0.999962449 0.008375688 -0.002224942 0.929383457 -0.008369302 0.999960899 0.002864436 -1.310134411 0.002248846 -0.002845707 0.999993443 48.886848450
0.999964714 0.007690310 -0.003356128 0.949256778 -0.007681204 0.999966800 0.002717724 -1.321902275 0.003376916 -0.002691849 0.999990642 49.425956726
0.999962866 0.007882277 -0.003484145 0.965651870 -0.007871478 0.999964178 0.003102428 -1.340567231 0.003508474 -0.003074887 0.999989092 49.972923279
0.999961913 0.007988458 -0.003517068 0.972265184 -0.007977359 0.999963164 0.003158851 -1.355594158 0.003542172 -0.003130674 0.999988854 50.515411377
0.999963403 0.007822434 -0.003466749 0.982506812 -0.007811684 0.999964654 0.003104116 -1.373955727 0.003490908 -0.003076922 0.999989092 51.037017822
0.999960482 0.008062752 -0.003745457 0.999319255 -0.008050147 0.999961913 0.003368673 -1.389162540 0.003772475 -0.003338388 0.999987304 51.580020905
0.999961078 0.007860131 -0.004001161 1.008994818 -0.007846374 0.999963284 0.003441870 -1.402725935 0.004028067 -0.003410341 0.999986053 52.124221802
0.999957442 0.008493858 -0.003588627 1.013859749 -0.008482767 0.999959171 0.003094154 -1.412917614 0.003614763 -0.003063581 0.999988794 52.666282654
0.999961793 0.007782090 -0.003978814 1.026959896 -0.007767454 0.999962986 0.003681015 -1.433303237 0.004007312 -0.003649969 0.999985337 53.194305420
0.999963284 0.007530480 -0.004092424 1.039426804 -0.007515498 0.999965072 0.003663700 -1.449437141 0.004119870 -0.003632808 0.999984860 53.730464935
0.999960780 0.008090720 -0.003610215 1.038724184 -0.008078954 0.999962032 0.003261774 -1.463225126 0.003636468 -0.003232479 0.999988139 54.259918213
0.999961495 0.008449264 -0.002359875 1.041327715 -0.008440284 0.999957204 0.003789257 -1.477322459 0.002391791 -0.003769193 0.999990046 54.798465729
0.999960601 0.008115917 -0.003595653 1.053102851 -0.008105300 0.999962807 0.002956748 -1.488548040 0.003619515 -0.002927488 0.999989152 55.329540253
0.999963641 0.007711085 -0.003633396 1.064211726 -0.007700311 0.999965966 0.002970125 -1.501500845 0.003656176 -0.002942039 0.999988973 55.860977173
0.999959826 0.008146554 -0.003729398 1.069291234 -0.008133867 0.999961138 0.003404363 -1.517802715 0.003756986 -0.003373893 0.999987245 56.387783051
0.999961078 0.008096876 -0.003486714 1.078429461 -0.008086008 0.999962389 0.003119885 -1.533517480 0.003511844 -0.003091571 0.999989033 56.914581299
0.999960840 0.008087773 -0.003598943 1.085683942 -0.008077656 0.999963403 0.002816390 -1.540523291 0.003621590 -0.002787209 0.999989510 57.457523346
0.999960303 0.008076315 -0.003762949 1.097465038 -0.008064758 0.999962747 0.003076246 -1.558702469 0.003787654 -0.003045776 0.999988198 57.984710693
0.999963582 0.007664340 -0.003734941 1.105782509 -0.007653866 0.999966741 0.002810598 -1.570789099 0.003756358 -0.002781909 0.999989092 58.508300781
0.999961257 0.007866631 -0.003927119 1.113537788 -0.007854240 0.999964178 0.003160889 -1.585585117 0.003951844 -0.003129923 0.999987245 59.026699066
0.999965549 0.007467648 -0.003604655 1.120667934 -0.007455423 0.999966502 0.003392918 -1.606952071 0.003629871 -0.003365927 0.999987781 59.567260742
0.999965966 0.007239562 -0.003955756 1.128906250 -0.007228040 0.999969542 0.002919277 -1.616033316 0.003976770 -0.002890585 0.999987900 60.070533752
0.999960184 0.008030528 -0.003895956 1.131543159 -0.008019534 0.999963820 0.002829341 -1.623396158 0.003918536 -0.002797985 0.999988437 60.610092163
0.999961197 0.007932032 -0.003835291 1.138355017 -0.007921617 0.999964893 0.002722805 -1.638184667 0.003856753 -0.002692318 0.999988914 61.135810852
0.999966621 0.007360388 -0.003551599 1.145609140 -0.007350786 0.999969304 0.002709611 -1.647868037 0.003571434 -0.002683413 0.999990046 61.666790009
0.999963641 0.007771527 -0.003503967 1.148957253 -0.007762286 0.999966383 0.002643605 -1.662617683 0.003524394 -0.002616309 0.999990344 62.191135406
0.999966145 0.007628005 -0.003086235 1.155966401 -0.007621729 0.999968886 0.002039681 -1.674800158 0.003101698 -0.002016091 0.999993145 62.713039398
0.999964714 0.007581048 -0.003612476 1.167379618 -0.007571192 0.999967515 0.002734530 -1.692496061 0.003633089 -0.002707083 0.999989748 63.241004944
0.999960601 0.008059444 -0.003696333 1.169899464 -0.008049884 0.999964237 0.002593740 -1.708496451 0.003717105 -0.002563883 0.999989808 63.775604248
0.999962091 0.007986156 -0.003470061 1.177423477 -0.007978154 0.999965489 0.002313243 -1.720052004 0.003488416 -0.002285470 0.999991298 64.301795959
0.999961257 0.008075166 -0.003497683 1.177734971 -0.008066805 0.999964595 0.002398507 -1.733261108 0.003516927 -0.002370198 0.999990940 64.821784973
0.999965906 0.007441490 -0.003571220 1.186965823 -0.007433676 0.999969959 0.002196610 -1.746115088 0.003587459 -0.002169988 0.999991238 65.339164734
0.999965191 0.007528922 -0.003572064 1.196849465 -0.007519942 0.999968529 0.002520468 -1.761585832 0.003590928 -0.002493519 0.999990463 65.882965088
0.999965847 0.007586061 -0.003279903 1.191593409 -0.007580123 0.999969602 0.001819354 -1.771463275 0.003293605 -0.001794429 0.999992967 66.393653870
0.999966741 0.007259133 -0.003702256 1.204042554 -0.007250864 0.999971211 0.002242292 -1.797129393 0.003718426 -0.002215372 0.999990642 66.901893616
0.999965787 0.007265317 -0.003951191 1.211928368 -0.007257464 0.999971628 0.001998534 -1.808357239 0.003965599 -0.001969789 0.999990225 67.435508728
0.999965131 0.007542048 -0.003561562 1.214562416 -0.007535589 0.999969959 0.001824036 -1.822896123 0.003575212 -0.001797134 0.999991953 67.982513428
0.999967396 0.007249871 -0.003548372 1.218859315 -0.007243528 0.999972165 0.001797410 -1.837312460 0.003561305 -0.001771649 0.999992073 68.500289917
0.999965370 0.007335900 -0.003913653 1.223113537 -0.007329138 0.999971569 0.001739602 -1.850569010 0.003926303 -0.001710858 0.999990761 69.014671326
0.999965847 0.007460899 -0.003548932 1.224347353 -0.007456237 0.999971449 0.001325310 -1.863778710 0.003558718 -0.001298803 0.999992847 69.553680420
0.999967873 0.007268895 -0.003366682 1.230205774 -0.007264914 0.999972939 0.001193196 -1.876331091 0.003375263 -0.001168699 0.999993682 70.108901978
0.999967635 0.007252627 -0.003462238 1.233393550 -0.007247741 0.999972701 0.001421509 -1.893307209 0.003472453 -0.001396370 0.999992967 70.610954285
0.999966204 0.007335101 -0.003701169 1.241050959 -0.007329759 0.999972045 0.001454922 -1.910236835 0.003711737 -0.001427745 0.999992073 71.136863708
0.999967873 0.007202157 -0.003560414 1.243916273 -0.007197150 0.999973059 0.001417348 -1.922814846 0.003570528 -0.001391678 0.999992669 71.661186218
0.999963224 0.007896838 -0.003339445 1.244776964 -0.007892324 0.999967933 0.001362110 -1.941253185 0.003350094 -0.001335704 0.999993503 72.180992126
0.999962330 0.008060770 -0.003212125 1.249444127 -0.008056098 0.999966502 0.001464551 -1.957767487 0.003223823 -0.001438619 0.999993682 72.695487976
0.999958634 0.008686372 -0.002673325 1.247415423 -0.008682445 0.999961138 0.001476437 -1.970914602 0.002686047 -0.001453165 0.999995291 73.228065491
0.999960303 0.008547829 -0.002516235 1.251376152 -0.008543653 0.999962091 0.001666119 -1.988023758 0.002530381 -0.001644554 0.999995470 73.763641357
0.999953866 0.009302661 -0.002360933 1.253752351 -0.009298270 0.999954998 0.001864969 -2.000265598 0.002378176 -0.001842930 0.999995470 74.293769836
0.999950290 0.009793153 -0.001870205 1.251473665 -0.009789439 0.999950111 0.001986093 -2.017357111 0.001889562 -0.001967686 0.999996305 74.824401855
0.999950111 0.009746383 -0.002172856 1.264256954 -0.009742509 0.999950945 0.001786020 -2.032208681 0.002190156 -0.001764762 0.999996066 75.349639893
0.999948204 0.009973540 -0.002035697 1.268018365 -0.009969722 0.999948561 0.001877513 -2.051123619 0.002054318 -0.001857120 0.999996185 75.867774963
0.999948382 0.009956053 -0.002004739 1.273054004 -0.009952667 0.999949038 0.001691377 -2.060807943 0.002021476 -0.001671337 0.999996543 76.423767090
0.999948859 0.009939778 -0.001828944 1.279931426 -0.009937251 0.999949574 0.001386499 -2.076935053 0.001842633 -0.001368254 0.999997377 76.956970215
0.999952793 0.009501075 -0.002022541 1.281084657 -0.009497998 0.999953747 0.001525600 -2.093703270 0.002036943 -0.001506318 0.999996781 77.477172852
0.999952257 0.009565027 -0.001995878 1.296680450 -0.009562326 0.999953270 0.001358928 -2.114023447 0.002008783 -0.001339778 0.999997079 77.994194031
0.999948680 0.009999396 -0.001605967 1.299669981 -0.009997172 0.999949038 0.001385961 -2.125564814 0.001619744 -0.001369835 0.999997735 78.523956299
0.999948859 0.009900539 -0.002071655 1.312248945 -0.009897781 0.999950111 0.001336641 -2.144915342 0.002084785 -0.001316068 0.999996960 79.054588318
0.999950409 0.009735360 -0.002108206 1.326237082 -0.009732584 0.999951899 0.001323492 -2.160755157 0.002120989 -0.001302908 0.999996841 79.580558777
0.999948144 0.010154293 -0.000801671 1.324862003 -0.010153163 0.999947429 0.001401861 -2.173921347 0.000815864 -0.001393648 0.999998629 80.083190918
0.999949217 0.010077160 0.000217865 1.336944938 -0.010077435 0.999948502 0.001296129 -2.191596508 -0.000204792 -0.001298258 0.999999166 80.645423889
0.999946177 0.010257714 0.001564410 1.343686223 -0.010259630 0.999946713 0.001221969 -2.208452940 -0.001551791 -0.001237954 0.999998033 81.173393250
0.999952018 0.009537195 0.002246801 1.353355527 -0.009539520 0.999953985 0.001026694 -2.220553398 -0.002236905 -0.001048078 0.999996960 81.708106995
0.999935508 0.009866790 0.005616962 1.363158941 -0.009871348 0.999950886 0.000783966 -2.231598139 -0.005608951 -0.000839363 0.999983907 82.247627258
0.999903023 0.010187520 0.009486363 1.376193881 -0.010201707 0.999946892 0.001448424 -2.253925323 -0.009471104 -0.001545061 0.999953926 82.761184692
0.999875367 0.009833727 0.012344015 1.399422646 -0.009849960 0.999950707 0.001255041 -2.271132946 -0.012331065 -0.001376472 0.999922991 83.283660889
0.999821544 0.009655215 0.016238177 1.423016667 -0.009676702 0.999952376 0.001245117 -2.286650419 -0.016225386 -0.001402027 0.999867380 83.809242249
0.999696791 0.009845289 0.022571011 1.445937157 -0.009881355 0.999950051 0.001486793 -2.306954622 -0.022555247 -0.001709374 0.999744117 84.336212158
0.999540389 0.010076207 0.028589036 1.461806297 -0.010116096 0.999948025 0.001250920 -2.319851875 -0.028574945 -0.001539555 0.999590397 84.891983032
0.999358833 0.009754234 0.034450162 1.495192528 -0.009792495 0.999951541 0.000942086 -2.331104040 -0.034439307 -0.001278835 0.999405980 85.443435669
0.999012351 0.011126011 0.043017495 1.523874998 -0.011197438 0.999936283 0.001419766 -2.358738422 -0.042998966 -0.001900050 0.999073327 85.948753357
0.998649836 0.009768658 0.051020954 1.570858479 -0.009824750 0.999951363 0.000848618 -2.377239227 -0.051010191 -0.001348740 0.998697221 86.465881348
0.998280764 0.009652350 0.057812825 1.615906715 -0.009723129 0.999952257 0.000943050 -2.389137030 -0.057800956 -0.001503550 0.998327017 87.003974915
0.997669458 0.010850806 0.067363754 1.658747673 -0.010922988 0.999940038 0.000703290 -2.409912586 -0.067352101 -0.001437464 0.997728229 87.532150269
0.996948361 0.010030884 0.077416576 1.721261501 -0.010107027 0.999948680 0.000591772 -2.428740978 -0.077406690 -0.001372417 0.996998668 88.046226501
0.996257722 0.009641253 0.085892923 1.778936863 -0.009716716 0.999952674 0.000460523 -2.441516161 -0.085884422 -0.001293396 0.996304274 88.579071045
0.995609224 0.009169191 0.093156673 1.837059498 -0.009222873 0.999957442 0.000145746 -2.458352566 -0.093151368 -0.001004278 0.995651364 89.097839355
0.994631469 0.009025015 0.103086390 1.914095402 -0.009085416 0.999958634 0.000116376 -2.474956512 -0.103081085 -0.001052333 0.994672418 89.612327576
0.993475735 0.009204689 0.113671526 1.974658012 -0.009334371 0.999956369 0.000608647 -2.500807285 -0.113660954 -0.001665729 0.993518114 90.125358582
0.992429674 0.007992199 0.122554131 2.070605278 -0.008135579 0.999966681 0.000669573 -2.518331051 -0.122544691 -0.001661553 0.992461622 90.642761230
0.990927219 0.008164743 0.134151548 2.156050682 -0.008310657 0.999965310 0.000527732 -2.532249689 -0.134142593 -0.001637831 0.990960658 91.159530640
0.989118040 0.008266916 0.146891743 2.244681358 -0.008424419 0.999964356 0.000450144 -2.549274683 -0.146882817 -0.001682723 0.989152431 91.667739868
0.987494767 0.008367524 0.157429323 2.347144127 -0.008610342 0.999962687 0.000860433 -2.575851679 -0.157416195 -0.002205194 0.987529814 92.153602600
0.985808849 0.007755334 0.167692497 2.457421303 -0.007946023 0.999968350 0.000466136 -2.580652475 -0.167683586 -0.001792009 0.985839188 92.676696777
0.983519852 0.007350877 0.180650502 2.574464798 -0.007600630 0.999970853 0.000690319 -2.597818136 -0.180640191 -0.002052000 0.983547091 93.211372375
0.981223404 0.006396905 0.192768142 2.682220459 -0.006540186 0.999978721 0.000106938 -2.618743896 -0.192763329 -0.001365670 0.981244266 93.699623108
0.979094148 0.006433539 0.203305677 2.800676346 -0.006652854 0.999977767 0.000395340 -2.636409760 -0.203298643 -0.001739638 0.979115248 94.229522705
0.976335824 0.006698721 0.216155857 2.944478989 -0.006962818 0.999975622 0.000460270 -2.654553175 -0.216147512 -0.001954432 0.976358771 94.760169983
0.973583579 0.004862715 0.228278920 3.089506149 -0.004917775 0.999987841 -0.000327618 -2.661877394 -0.228277713 -0.000803662 0.973595738 95.250007629
0.970876098 0.004586007 0.239537954 3.238431931 -0.004724094 0.999988854 0.000002316 -2.676875353 -0.239535242 -0.001133848 0.970887005 95.775146484
0.967939913 0.004636060 0.251138985 3.389448166 -0.004916562 0.999987781 0.000489501 -2.717933893 -0.251133710 -0.001708548 0.967950881 96.271827698
0.964268684 0.004805462 0.264882416 3.554584503 -0.005211126 0.999986112 0.000828786 -2.735128880 -0.264874756 -0.002179509 0.964280367 96.782958984
0.960918367 0.003579446 0.276808590 3.728538513 -0.004006133 0.999991477 0.000975949 -2.770875216 -0.276802748 -0.002046740 0.960924566 97.292984009
0.957699358 0.002713386 0.287757903 3.910999298 -0.003434826 0.999992073 0.002002259 -2.801872969 -0.287750185 -0.002905960 0.957701087 97.799995422
0.953157365 0.003753517 0.302451283 4.113105774 -0.004367514 0.999989510 0.001353778 -2.811850309 -0.302443057 -0.002611323 0.953163862 98.392326355
0.948776007 0.002532419 0.315939188 4.338035583 -0.003007281 0.999995053 0.001015478 -2.832400322 -0.315935075 -0.001913580 0.948778808 98.957855225
0.944924831 0.002362175 0.327278912 4.541929245 -0.002804439 0.999995708 0.000879432 -2.845014811 -0.327275455 -0.001748831 0.944927394 99.477691650
0.933117151 0.016671782 0.359185785 5.018110275 -0.013609612 0.999846280 -0.011052378 -2.430019379 -0.359314859 0.005424784 0.933200657 103.416549683
0.927498162 0.016112760 0.373480141 5.242210388 -0.012965436 0.999856114 -0.010937726 -2.453436375 -0.373602629 0.005302390 0.927573740 103.919494629
0.922309160 0.016103180 0.386117399 5.459487915 -0.013029835 0.999859214 -0.010575480 -2.488692284 -0.386233300 0.004722816 0.922389090 104.387191772
0.924493968 0.002483317 0.381188661 5.747789383 -0.002001536 0.999996603 -0.001660335 -2.881627083 -0.381191492 0.000772007 0.924495757 102.581047058
0.918359101 0.002897009 0.395737559 5.982475281 -0.002732931 0.999995768 -0.000978389 -2.901628017 -0.395738780 -0.000183012 0.918363094 103.078491211
0.912975848 0.000718441 0.408013016 6.271053314 0.000367697 0.999996543 -0.002583588 -2.899972200 -0.408013403 0.002508779 0.912972450 103.669448853
0.908071399 0.000924888 0.418814421 6.519577026 0.000281092 0.999996066 -0.002817803 -2.912173271 -0.418815285 0.002676492 0.908067465 104.154090881
0.902144074 0.000594741 0.431434721 6.778106689 0.000760946 0.999995291 -0.002969676 -2.930004597 -0.431434453 0.003007374 0.902139306 104.661605835
0.895449877 0.001114639 0.445160925 7.046527863 0.000349320 0.999994814 -0.003206551 -2.941202641 -0.445162237 0.003026810 0.895444870 105.150299072
0.889505327 -0.000057672 0.456924736 7.325702667 0.001711564 0.999993384 -0.003205723 -2.962656498 -0.456921548 0.003633564 0.889499485 105.648483276
0.883771181 -0.000370332 0.467919260 7.606010437 0.001906037 0.999994159 -0.002808539 -2.979038954 -0.467915505 0.003373977 0.883766651 106.122627258
0.876317680 -0.001311225 0.481731802 7.895915985 0.002882471 0.999992669 -0.002521620 -3.002648830 -0.481724948 0.003598318 0.876315057 106.616371155
