1.000000000 0.000000000 0.000000000 0.000000000 0.000000000 1.000000000 0.000000000 0.000000000 0.000000000 0.000000000 1.000000000 0.000000000
1.000000000 -0.000045119 -0.000033386 0.000658955 0.000045123 1.000000000 0.000099884 -0.000474285 0.000033382 -0.000099885 1.000000000 -0.000213373
1.000000000 0.000006535 -0.000226476 0.001781455 -0.000006547 1.000000000 -0.000052618 0.000136045 0.000226476 0.000052620 1.000000000 -0.001372895
1.000000000 0.000052138 0.000010539 -0.000095247 -0.000052138 1.000000000 0.000024180 -0.000463060 -0.000010537 -0.000024181 1.000000000 0.001035651
1.000000000 -0.000078446 -0.000032982 0.000106021 0.000078447 1.000000000 0.000031908 -0.000853493 0.000032979 -0.000031911 1.000000000 -0.001327028
1.000000000 0.000032760 -0.000108013 0.000423080 -0.000032764 1.000000000 -0.000043380 -0.000293128 0.000108011 0.000043383 1.000000000 -0.001069033
1.000000000 -0.000090914 -0.000111694 0.001193887 0.000090905 1.000000000 -0.000078833 -0.000101369 0.000111701 0.000078823 1.000000000 -0.000566364
1.000000000 0.000007046 -0.000004145 0.000826497 -0.000007046 1.000000000 -0.000055389 0.000771957 0.000004145 0.000055389 1.000000000 0.001632158
0.999999940 -0.000252895 -0.000036808 0.001262826 0.000252894 0.999999940 -0.000032644 -0.000042600 0.000036817 0.000032635 1.000000000 -0.000263515
0.999999940 -0.000242674 -0.000060018 0.001552239 0.000242672 0.999999940 -0.000041688 0.001094623 0.000060028 0.000041674 1.000000000 0.001919672
1.000000000 -0.000113658 -0.000041255 0.000749426 0.000113663 1.000000000 0.000112551 -0.000791083 0.000041242 -0.000112556 1.000000000 0.000831706
1.000000000 -0.000072676 0.000004294 0.000328654 0.000072677 1.000000000 -0.000222602 0.001712454 -0.000004278 0.000222603 1.000000000 0.000804924
0.999999940 -0.000229274 -0.000133840 0.001180579 0.000229292 0.999999940 0.000137217 -0.000824795 0.000133808 -0.000137247 1.000000000 -0.000430960
1.000000000 -0.000000332 -0.000079047 0.000530534 0.000000338 1.000000000 0.000071813 -0.000454291 0.000079047 -0.000071813 1.000000000 0.000113268
0.999999940 -0.000279058 -0.000156842 0.001731740 0.000279060 0.999999940 0.000014536 -0.000197512 0.000156838 -0.000014580 1.000000000 0.000027409
1.000000000 -0.000103331 -0.000051469 0.000355113 0.000103330 1.000000000 -0.000007133 -0.000336541 0.000051470 0.000007128 1.000000000 -0.000641659
1.000000000 0.000028969 0.000061310 -0.001040831 -0.000028966 1.000000000 -0.000034241 0.000045111 -0.000061311 0.000034239 1.000000000 -0.000059416
1.000000000 -0.000055614 -0.000173706 0.000613868 0.000055604 1.000000000 -0.000062608 0.000070514 0.000173710 0.000062598 1.000000000 0.000039379
1.000000000 -0.000112753 -0.000023145 0.000540576 0.000112754 1.000000000 0.000041721 -0.000653922 0.000023140 -0.000041724 1.000000000 -0.000636328
1.000000000 -0.000155230 -0.000021319 0.000604697 0.000155230 1.000000000 -0.000000403 0.000018242 0.000021319 0.000000400 1.000000000 -0.000141174
1.000000000 -0.000126230 -0.000045494 0.000123698 0.000126225 1.000000000 -0.000111421 0.000159876 0.000045508 0.000111416 1.000000000 -0.000253835
1.000000000 -0.000178058 -0.000041787 0.000395804 0.000178056 1.000000000 -0.000044467 0.000494328 0.000041795 0.000044460 1.000000000 -0.000046249
0.999999940 -0.000268636 -0.000099646 0.002115169 0.000268632 0.999999940 -0.000037646 -0.000084788 0.000099656 0.000037619 1.000000000 0.000732100
1.000000000 -0.000088743 0.000124692 -0.000118248 0.000088744 1.000000000 -0.000006332 0.000862423 -0.000124691 0.000006343 1.000000000 0.000611184
1.000000000 -0.000117913 -0.000010439 0.000842824 0.000117913 1.000000000 0.000056868 -0.000338456 0.000010432 -0.000056869 1.000000000 0.000484550
1.000000000 -0.000104816 -0.000065169 0.000876068 0.000104807 1.000000000 -0.000145099 0.000791131 0.000065185 0.000145092 1.000000000 -0.000888501
1.000000000 0.000019928 -0.000023405 0.000079743 -0.000019931 1.000000000 -0.000144043 0.000590943 0.000023403 0.000144044 1.000000000 -0.000140974
1.000000000 -0.000010949 -0.000152471 0.000849915 0.000010939 1.000000000 -0.000066854 -0.000091095 0.000152472 0.000066853 1.000000000 -0.000859650
0.999999940 -0.000315254 -0.000199115 0.000939067 0.000315240 0.999999940 -0.000067198 0.001548203 0.000199136 0.000067136 1.000000000 0.002407342
1.000000000 -0.000095987 -0.000092449 0.000546144 0.000095980 1.000000000 -0.000073277 0.000547655 0.000092456 0.000073268 1.000000000 0.000182292
1.000000000 -0.000171079 -0.000130533 0.001615338 0.000171082 1.000000000 0.000027810 0.000069962 0.000130528 -0.000027833 1.000000000 -0.001253857
1.000000000 -0.000048312 -0.000010930 -0.000913148 0.000048312 1.000000000 -0.000024729 0.000746441 0.000010932 0.000024728 1.000000000 0.001416605
1.000000000 -0.000092338 0.000017384 0.000493567 0.000092339 1.000000000 -0.000044393 -0.000294562 -0.000017380 0.000044394 1.000000000 -0.000265028
1.000000000 -0.000033881 -0.000057090 -0.000010043 0.000033882 1.000000000 0.000017242 0.000254275 0.000057090 -0.000017244 1.000000000 0.000858599
1.000000000 0.000105345 0.000025868 -0.000940431 -0.000105343 1.000000000 -0.000060113 0.001114282 -0.000025874 0.000060111 1.000000000 0.001929893
1.000000000 -0.000074426 0.000006233 0.000408995 0.000074427 1.000000000 -0.000025903 0.000450385 -0.000006231 0.000025903 1.000000000 -0.001072878
1.000000000 -0.000189060 -0.000011459 -0.000014730 0.000189061 1.000000000 0.000030116 0.000075344 0.000011454 -0.000030118 1.000000000 0.000631231
1.000000000 -0.000150449 -0.000022798 -0.000057715 0.000150451 1.000000000 0.000066414 -0.000051884 0.000022788 -0.000066418 1.000000000 0.000364252
1.000000000 -0.000191696 -0.000023379 0.000565048 0.000191695 1.000000000 -0.000027422 0.000518372 0.000023384 0.000027418 1.000000000 0.000270664
0.999999940 -0.000241051 0.000041517 0.001293881 0.000241054 0.999999940 -0.000075765 -0.000449617 -0.000041499 0.000075775 1.000000000 -0.000098253
0.999999940 -0.000219433 0.000192351 0.000073770 0.000219555 0.999999762 -0.000636691 -0.001383309 -0.000192211 0.000636733 0.999999762 0.051544748
0.999999940 0.000322334 0.000146774 0.000685620 -0.000322166 0.999999285 -0.001141957 -0.006063077 -0.000147142 0.001141910 0.999999344 0.134759888
0.999999881 0.000495450 -0.000068358 0.003933078 -0.000495546 0.999998868 -0.001412329 -0.005957692 0.000067658 0.001412363 0.999998987 0.251451671
0.999999881 0.000468804 0.000095988 0.003663327 -0.000468711 0.999999404 -0.000969827 -0.015497224 -0.000096443 0.000969782 0.999999523 0.381859541
0.999994576 0.001401959 0.002974742 -0.013641713 -0.001397668 0.999997973 -0.001444126 -0.010655385 -0.002976760 0.001439961 0.999994516 0.539939880
0.999994278 0.001491359 0.003022328 -0.008706181 -0.001487145 0.999997914 -0.001396015 -0.015606795 -0.003024404 0.001391513 0.999994457 0.689965725
0.999994338 0.001779161 0.002846861 -0.005222014 -0.001774967 0.999997437 -0.001475006 -0.014515186 -0.002849478 0.001469945 0.999994874 0.853396535
0.999994338 0.001733487 0.002864746 -0.001471787 -0.001729577 0.999997556 -0.001366598 -0.021873768 -0.002867108 0.001361636 0.999994993 1.022850037
0.999994218 0.001868548 0.002828117 0.002878443 -0.001865672 0.999997675 -0.001019033 -0.029424181 -0.002830015 0.001013750 0.999995530 1.201752424
0.999995410 0.001398295 0.002692159 0.009742962 -0.001396345 0.999998748 -0.000726124 -0.033637926 -0.002693171 0.000722361 0.999996126 1.392021179
0.999995530 0.001542981 0.002572661 0.016177256 -0.001541022 0.999998569 -0.000763188 -0.040038474 -0.002573836 0.000759220 0.999996364 1.573420882
0.999995470 0.001448055 0.002638285 0.019424796 -0.001446365 0.999998748 -0.000642251 -0.041912451 -0.002639212 0.000638432 0.999996305 1.777607799
0.999996722 0.001537845 0.002101554 0.028596949 -0.001536923 0.999998748 -0.000440474 -0.052476868 -0.002102229 0.000437242 0.999997675 1.971792817
0.999994338 0.001756178 0.002871872 0.029527877 -0.001755300 0.999998391 -0.000308146 -0.058872398 -0.002872408 0.000303103 0.999995828 2.201499939
0.999994636 0.001672543 0.002819472 0.035499271 -0.001672136 0.999998569 -0.000146479 -0.067903392 -0.002819713 0.000141764 0.999996006 2.412204266
0.999993026 0.002030788 0.003125340 0.036610194 -0.002030559 0.999997914 -0.000076201 -0.074347325 -0.003125488 0.000069854 0.999995112 2.643998623
0.999991655 0.002112481 0.003482275 0.038278006 -0.002112549 0.999997735 0.000015800 -0.082131349 -0.003482233 -0.000023156 0.999993920 2.866870165
0.999994636 0.001415338 0.002948456 0.051033527 -0.001414729 0.999998927 -0.000208782 -0.087407455 -0.002948748 0.000204610 0.999995649 3.107572079
0.999995470 0.001243354 0.002753651 0.056630395 -0.001241208 0.999998927 -0.000781166 -0.086236432 -0.002754619 0.000777744 0.999995947 3.356791258
0.999995470 0.001448704 0.002619067 0.065417498 -0.001448138 0.999998927 -0.000217936 -0.100007802 -0.002619379 0.000214142 0.999996543 3.590507269
0.999995947 0.001431442 0.002433484 0.076191805 -0.001428624 0.999998391 -0.001159300 -0.095833994 -0.002435139 0.001155819 0.999996424 3.858690977
0.999994099 0.001930869 0.002811994 0.072456054 -0.001929241 0.999997914 -0.000581570 -0.106188193 -0.002813111 0.000576141 0.999995887 4.125861645
0.999993503 0.002318073 0.002727785 0.077886283 -0.002318115 0.999997258 0.000012464 -0.115659326 -0.002727748 -0.000018787 0.999996305 4.382970810
0.999992609 0.002384691 0.002990111 0.081142850 -0.002384817 0.999997079 0.000038784 -0.124165975 -0.002990010 -0.000045915 0.999995589 4.640130043
0.999993742 0.002100111 0.002831290 0.095830433 -0.002100350 0.999997735 0.000081773 -0.133659184 -0.002831111 -0.000087719 0.999996066 4.899847984
0.999993503 0.002003281 0.003006339 0.091889024 -0.002001229 0.999997735 -0.000685348 -0.133758202 -0.003007705 0.000679327 0.999995232 5.165671349
0.999993622 0.001870515 0.003055756 0.098669156 -0.001868874 0.999998093 -0.000539651 -0.145227656 -0.003056760 0.000533937 0.999995172 5.428083897
0.999992013 0.002561518 0.003084824 0.103466608 -0.002559600 0.999996483 -0.000625549 -0.149159029 -0.003086416 0.000617648 0.999995053 5.707740307
0.999994695 0.001761598 0.002735298 0.121234663 -0.001760314 0.999998212 -0.000471758 -0.162260413 -0.002736124 0.000466941 0.999996126 5.960542679
0.999996901 0.001293493 0.002140816 0.125609905 -0.001293369 0.999999106 -0.000059443 -0.177781418 -0.002140891 0.000056674 0.999997675 6.252474785
0.999995828 0.001707959 0.002343494 0.131474376 -0.001708451 0.999998510 0.000208337 -0.186448768 -0.002343134 -0.000212340 0.999997199 6.536983013
0.999995410 0.001709453 0.002498085 0.133720890 -0.001709853 0.999998510 0.000157975 -0.195234239 -0.002497811 -0.000162246 0.999996841 6.821873188
0.999998510 0.000275307 0.001698812 0.150321543 -0.000276250 0.999999762 0.000554884 -0.210485205 -0.001698659 -0.000555353 0.999998391 7.105210304
0.999998629 -0.000071432 0.001652053 0.155310124 0.000070588 0.999999821 0.000510815 -0.213814408 -0.001652089 -0.000510697 0.999998510 7.410569668
0.999998689 0.000273548 0.001575301 0.165940821 -0.000274645 0.999999702 0.000696497 -0.227145970 -0.001575110 -0.000696929 0.999998450 7.721623898
0.999997497 0.001137462 0.001909053 0.173360527 -0.001139559 0.999998748 0.001097751 -0.240071669 -0.001907802 -0.001099924 0.999997556 8.028809547
0.999997795 0.001360170 0.001609938 0.179222450 -0.001360599 0.999999046 0.000265509 -0.243794292 -0.001609575 -0.000267699 0.999998689 8.364199638
0.999997020 0.001744149 0.001732543 0.187473401 -0.001745003 0.999998331 0.000491458 -0.255844682 -0.001731683 -0.000494480 0.999998450 8.685454369
0.999996781 0.001090272 0.002300755 0.180831119 -0.001091402 0.999999225 0.000490134 -0.273435712 -0.002300219 -0.000492644 0.999997258 9.023159027
0.999997079 0.000872003 0.002238035 0.194666207 -0.000873724 0.999999285 0.000767816 -0.292639375 -0.002237363 -0.000769770 0.999997199 9.344114304
0.999996126 0.001259742 0.002493689 0.193026423 -0.001261869 0.999998868 0.000851616 -0.295907170 -0.002492613 -0.000854759 0.999996662 9.712148666
0.999998808 0.000513108 0.001524686 0.209376708 -0.000514239 0.999999583 0.000741112 -0.302500606 -0.001524305 -0.000741895 0.999998510 10.059217453
0.999998152 0.000908960 0.001731960 0.213896692 -0.000910362 0.999999285 0.000808616 -0.312946469 -0.001731224 -0.000810191 0.999998152 10.424518585
0.999998927 -0.000165909 0.001426378 0.222079054 0.000164271 0.999999285 0.001148531 -0.325747341 -0.001426568 -0.001148295 0.999998331 10.768974304
0.999999642 0.000146296 0.000840975 0.237190589 -0.000147103 0.999999523 0.000959567 -0.334958315 -0.000840834 -0.000959690 0.999999166 11.145738602
0.999999464 -0.000060607 0.001010717 0.239819929 0.000059485 0.999999523 0.001109933 -0.348857820 -0.001010784 -0.001109872 0.999998808 11.518239975
0.999999821 -0.000139084 0.000546375 0.253391683 0.000138340 0.999999046 0.001361951 -0.359618604 -0.000546564 -0.001361875 0.999998927 11.900459290
0.999999821 -0.000029352 0.000499615 0.265434057 0.000028800 0.999999344 0.001104502 -0.373922288 -0.000499647 -0.001104487 0.999999285 12.279927254
0.999999881 -0.000414966 0.000221480 0.271336764 0.000414677 0.999998987 0.001306901 -0.381010801 -0.000222022 -0.001306809 0.999999106 12.665292740
0.999999583 -0.000838350 0.000206912 0.278902322 0.000838078 0.999998748 0.001310647 -0.389028907 -0.000208011 -0.001310473 0.999999106 13.047506332
0.999999642 -0.000674812 0.000321175 0.285755813 0.000674376 0.999998868 0.001356112 -0.402856916 -0.000322089 -0.001355895 0.999998987 13.443390846
0.999999523 -0.000782659 0.000561237 0.294917822 0.000782018 0.999999046 0.001140965 -0.409559399 -0.000562130 -0.001140526 0.999999225 13.853713989
0.999999583 -0.000838264 0.000368824 0.301551402 0.000837694 0.999998450 0.001544032 -0.423018366 -0.000370118 -0.001543723 0.999998689 14.268410683
0.999999702 -0.000826215 0.000430896 0.310287297 0.000825538 0.999998450 0.001569099 -0.438772827 -0.000432192 -0.001568743 0.999998689 14.681069374
0.999999464 -0.000901248 0.000467591 0.319837868 0.000900313 0.999997556 0.001997853 -0.451401740 -0.000469390 -0.001997431 0.999997854 15.102065086
0.999999285 -0.000978766 0.000669127 0.328314602 0.000977532 0.999997735 0.001842722 -0.462123185 -0.000670929 -0.001842066 0.999998033 15.532063484
0.999999166 -0.000941587 0.000830173 0.338735819 0.000939945 0.999997556 0.001976602 -0.475460440 -0.000832032 -0.001975820 0.999997675 15.965455055
0.999998987 -0.001234133 0.000719217 0.350218385 0.001232509 0.999996841 0.002253740 -0.489009053 -0.000721996 -0.002252851 0.999997199 16.403594971
0.999998629 -0.001381742 0.000929068 0.353618801 0.001379920 0.999997139 0.001959442 -0.497929662 -0.000931773 -0.001958158 0.999997675 16.854000092
0.999998212 -0.001443182 0.001218651 0.363548160 0.001440901 0.999997139 0.001870708 -0.509468615 -0.001221347 -0.001868949 0.999997437 17.308282852
0.999998510 -0.000479562 0.001678420 0.370712906 0.000475970 0.999997556 0.002139650 -0.524777055 -0.001679442 -0.002138848 0.999996245 17.768575668
0.999997258 -0.001063727 0.002073363 0.378494710 0.001059959 0.999997735 0.001817779 -0.532622099 -0.002075292 -0.001815576 0.999996185 18.238718033
0.999997914 -0.001358586 0.001485765 0.386749089 0.001355053 0.999996245 0.002375961 -0.548824549 -0.001488988 -0.002373942 0.999996066 18.655736923
0.999997735 -0.001456110 0.001583406 0.400966197 0.001452026 0.999995649 0.002577597 -0.561713636 -0.001587152 -0.002575291 0.999995470 19.127347946
0.999997795 -0.001675087 0.001229587 0.403444916 0.001672270 0.999996006 0.002288803 -0.567551017 -0.001233416 -0.002286742 0.999996603 19.596317291
0.999998033 -0.001671482 0.001052690 0.414138496 0.001669009 0.999995887 0.002344975 -0.580029607 -0.001056605 -0.002343214 0.999996662 20.086462021
0.999997020 -0.001929895 0.001572960 0.409706265 0.001927125 0.999996543 0.001760613 -0.579883039 -0.001576353 -0.001757576 0.999997139 20.534393311
0.999998093 -0.001538218 0.001277420 0.414734066 0.001536402 0.999997795 0.001421621 -0.589394093 -0.001279603 -0.001419655 0.999998152 21.036916733
0.999998868 -0.001156484 0.000950646 0.424969256 0.001155236 0.999998510 0.001312229 -0.600728631 -0.000952162 -0.001311129 0.999998689 21.537036896
0.999996424 -0.002271503 0.001417274 0.393138617 0.002268437 0.999995112 0.002161178 -0.628337324 -0.001422177 -0.002157955 0.999996662 21.973964691
0.999997735 -0.001669979 0.001374665 0.401065856 0.001667343 0.999996781 0.001916414 -0.636528313 -0.001377861 -0.001914117 0.999997199 22.488565445
0.999998033 -0.001860201 0.000722538 0.390474916 0.001858685 0.999996066 0.002092629 -0.649382293 -0.000726428 -0.002091283 0.999997497 22.971038818
0.999998629 -0.001621351 0.000060282 0.396461040 0.001621243 0.999997079 0.001747593 -0.663309276 -0.000063116 -0.001747493 0.999998450 23.499649048
0.999994397 -0.003342921 -0.000021393 0.387847841 0.003342951 0.999993145 0.001587014 -0.675828755 0.000016088 -0.001587076 0.999998748 23.987102509
0.999997973 -0.002002339 -0.000380781 0.396769911 0.002003062 0.999996126 0.001908331 -0.688083351 0.000376959 -0.001909090 0.999998093 24.522861481
0.999998450 -0.001594598 -0.000737421 0.385086924 0.001595912 0.999997139 0.001783418 -0.697785020 0.000734575 -0.001784593 0.999998093 25.020154953
0.999998212 -0.001690811 -0.000839361 0.392404228 0.001692315 0.999996901 0.001794264 -0.711001456 0.000836325 -0.001795682 0.999997973 25.557598114
0.999996245 -0.002290032 -0.001565910 0.389109641 0.002293920 0.999994218 0.002484971 -0.732061744 0.001560211 -0.002488553 0.999995708 26.063970566
0.999994516 -0.002704585 -0.001903583 0.400488079 0.002709234 0.999993324 0.002443742 -0.744682729 0.001896961 -0.002448885 0.999995232 26.607065201
0.999995828 -0.002289307 -0.001748869 0.399794698 0.002293724 0.999994159 0.002527577 -0.756762028 0.001743073 -0.002531578 0.999995291 27.162923813
0.999995470 -0.001976097 -0.002268079 0.384453475 0.001982598 0.999993920 0.002868199 -0.771892488 0.002262398 -0.002872683 0.999993324 27.654232025
0.999995828 -0.001839760 -0.002274480 0.380203903 0.001845534 0.999995053 0.002539260 -0.778415859 0.002269798 -0.002543447 0.999994218 28.188299179
0.999994993 -0.001684634 -0.002702254 0.391832173 0.001691194 0.999995649 0.002426845 -0.795751154 0.002698153 -0.002431402 0.999993443 28.717098236
0.999992967 -0.002109699 -0.003100135 0.395881534 0.002119243 0.999992967 0.003078314 -0.813228726 0.003093620 -0.003084862 0.999990404 29.274034500
0.999992132 -0.002130629 -0.003350504 0.401833713 0.002139960 0.999993980 0.002784249 -0.823994577 0.003344551 -0.002791398 0.999990523 29.823457718
0.999991834 -0.001875392 -0.003575656 0.410454690 0.001884627 0.999994874 0.002581257 -0.837884188 0.003570797 -0.002587975 0.999990284 30.378065109
0.999990404 -0.002071837 -0.003857800 0.419551015 0.002081445 0.999994755 0.002488315 -0.849816084 0.003852624 -0.002496321 0.999989450 30.926279068
0.999989450 -0.001923103 -0.004177783 0.426507473 0.001933837 0.999994755 0.002566777 -0.862844884 0.004172825 -0.002574830 0.999987900 31.478511810
0.999988914 -0.002067966 -0.004232627 0.433126003 0.002078240 0.999994814 0.002424203 -0.874232471 0.004227591 -0.002432973 0.999988079 32.032501221
0.999986112 -0.002204042 -0.004789595 0.441580892 0.002216542 0.999994159 0.002605955 -0.887958646 0.004783824 -0.002616535 0.999985158 32.587959290
0.999984741 -0.002287120 -0.005020810 0.447256178 0.002298422 0.999994814 0.002246522 -0.900306344 0.005015644 -0.002258028 0.999984860 33.143577576
0.999985099 -0.002231359 -0.004974823 0.448373139 0.002241828 0.999995291 0.002099938 -0.907485187 0.004970113 -0.002111059 0.999985397 33.709022522
0.999981999 -0.002575204 -0.005410311 0.454817086 0.002588469 0.999993682 0.002446258 -0.924318433 0.005403978 -0.002460219 0.999982297 34.259170532
0.999981582 -0.002384070 -0.005591481 0.459371805 0.002397180 0.999994338 0.002338914 -0.934849083 0.005585875 -0.002352274 0.999981582 34.820865631
0.999980450 -0.002766718 -0.005607146 0.467021257 0.002778397 0.999993920 0.002076236 -0.945316315 0.005601368 -0.002091774 0.999982119 35.353973389
0.999983847 -0.001583933 -0.005458720 0.464882731 0.001590967 0.999997854 0.001284646 -0.953691125 0.005456675 -0.001293310 0.999984264 35.908531189
0.999978185 -0.002566887 -0.006083429 0.481953919 0.002579206 0.999994636 0.002017946 -0.972566783 0.006078217 -0.002033592 0.999979377 36.476058960
0.999975085 -0.002674382 -0.006520345 0.485817790 0.002685175 0.999994993 0.001646880 -0.979629874 0.006515909 -0.001664348 0.999977350 37.030433655
0.999974489 -0.002358584 -0.006737160 0.498587370 0.002372150 0.999995172 0.002006170 -0.999893010 0.006732395 -0.002022100 0.999975264 37.556518555
0.999979794 -0.002812203 -0.005686077 0.467448354 0.002826772 0.999992728 0.002555930 -1.027552128 0.005678847 -0.002571952 0.999980569 38.129421234
0.999980450 -0.002741706 -0.005613516 0.475855529 0.002754598 0.999993563 0.002290288 -1.040356398 0.005607201 -0.002305706 0.999981642 38.674274445
0.999980927 -0.002560881 -0.005610247 0.484546721 0.002571343 0.999994993 0.001858257 -1.051995516 0.005605460 -0.001872647 0.999982536 39.221736908
0.999976814 -0.002799789 -0.006207769 0.480035603 0.002817081 0.999992192 0.002778553 -1.060822845 0.006199941 -0.002795977 0.999976873 39.790412903
0.999979973 -0.002783714 -0.005690046 0.487414420 0.002800788 0.999991655 0.002994827 -1.077833176 0.005681661 -0.003010704 0.999979317 40.324874878
0.999976277 -0.002834947 -0.006274438 0.513499618 0.002850950 0.999992728 0.002542887 -1.082996845 0.006267183 -0.002560714 0.999977112 40.864810944
0.999981523 -0.002949843 -0.005318796 0.458628118 0.002964932 0.999991596 0.002831356 -1.106398344 0.005310399 -0.002847074 0.999981821 41.441734314
0.999981284 -0.003121839 -0.005271014 0.470716327 0.003135936 0.999991536 0.002668208 -1.122565389 0.005262640 -0.002684688 0.999982476 41.984157562
0.999975145 -0.003309526 -0.006224318 0.493398547 0.003328632 0.999989808 0.003061886 -1.138876438 0.006214121 -0.003082528 0.999975920 42.530269623
0.999984205 -0.002593520 -0.004984579 0.437977552 0.002606110 0.999993443 0.002520922 -1.136547565 0.004978008 -0.002533873 0.999984384 43.121421814
0.999987602 -0.002838130 -0.004093354 0.440550447 0.002848381 0.999992788 0.002500641 -1.152516961 0.004086227 -0.002512270 0.999988496 43.671379089
0.999982357 -0.003678991 -0.004667566 0.458398461 0.003690650 0.999990046 0.002491629 -1.168156028 0.004658353 -0.002508812 0.999985993 44.198246002
0.999985158 -0.002638336 -0.004774315 0.470504999 0.002651967 0.999992371 0.002850892 -1.186115742 0.004766758 -0.002863511 0.999984503 44.732902527
0.999986053 -0.003345463 -0.004074057 0.431977868 0.003356491 0.999990702 0.002703040 -1.191360474 0.004064976 -0.002716677 0.999988019 45.350463867
0.999986053 -0.003571043 -0.003890912 0.434075534 0.003578338 0.999991834 0.001869583 -1.195699573 0.003884204 -0.001883480 0.999990702 45.912822723
0.999987841 -0.003491783 -0.003486410 0.441979945 0.003497954 0.999992311 0.001765010 -1.208651423 0.003480220 -0.001777184 0.999992430 46.457351685
0.999992967 -0.002332145 -0.002923379 0.454935253 0.002338267 0.999995053 0.002092411 -1.225591421 0.002918484 -0.002099232 0.999993563 46.990699768
0.999987304 -0.003630247 -0.003479916 0.462397158 0.003636844 0.999991536 0.001891133 -1.239763260 0.003473022 -0.001903765 0.999992132 47.538600922
0.999985635 -0.004009219 -0.003549386 0.422559440 0.004017767 0.999989152 0.002404863 -1.248346567 0.003539706 -0.002419090 0.999990761 48.117336273
0.999985576 -0.004106435 -0.003452266 0.438287020 0.004114297 0.999988914 0.002273659 -1.257832885 0.003442891 -0.002287830 0.999991477 48.673019409
0.999988973 -0.003679424 -0.002910277 0.439979613 0.003684892 0.999991357 0.001875700 -1.269430637 0.002903351 -0.001886404 0.999993980 49.228126526
0.999986947 -0.004429580 -0.002536239 0.421128154 0.004435529 0.999987423 0.002344134 -1.292482257 0.002525824 -0.002355354 0.999993980 49.792591095
0.999989808 -0.003970572 -0.002125322 0.425580859 0.003975447 0.999989450 0.002294437 -1.301853299 0.002116189 -0.002302862 0.999995053 50.338512421
0.999990165 -0.003695170 -0.002456562 0.417344213 0.003700397 0.999990880 0.002126019 -1.319391489 0.002448684 -0.002135089 0.999994695 50.906532288
0.999988854 -0.004257429 -0.002038161 0.432063729 0.004261482 0.999988914 0.001988459 -1.332986712 0.002029672 -0.001997123 0.999995947 51.442600250
0.999989331 -0.003901434 -0.002472119 0.430016816 0.003907907 0.999988914 0.002618730 -1.356380701 0.002461875 -0.002628363 0.999993443 51.997280121
0.999989450 -0.003847287 -0.002501808 0.438593388 0.003853349 0.999989629 0.002422740 -1.374107718 0.002492461 -0.002432355 0.999993920 52.552551270
0.999988616 -0.004188079 -0.002294231 0.445901424 0.004193562 0.999988317 0.002390102 -1.382109284 0.002284194 -0.002399695 0.999994516 53.098423004
0.999990642 -0.003839617 -0.001983658 0.442330688 0.003845705 0.999987900 0.003073497 -1.403852344 0.001971832 -0.003081097 0.999993324 53.649353027
0.999992967 -0.003389099 -0.001604126 0.444346130 0.003393649 0.999990225 0.002842752 -1.416221261 0.001594476 -0.002848176 0.999994695 54.202796936
0.999995768 -0.002719877 -0.000959649 0.441246569 0.002722936 0.999991179 0.003202210 -1.427036047 0.000950931 -0.003204809 0.999994457 54.755294800
0.999993145 -0.003304425 -0.001678313 0.455083966 0.003309833 0.999989331 0.003230366 -1.447627664 0.001667620 -0.003235899 0.999993384 55.290817261
0.999994576 -0.002956221 -0.001433211 0.454932064 0.002960628 0.999990880 0.003082565 -1.459978342 0.001424085 -0.003086791 0.999994218 55.849811554
0.999994218 -0.002960550 -0.001627241 0.460830510 0.002965337 0.999991238 0.002946011 -1.471470475 0.001618505 -0.002950819 0.999994338 56.408462524
0.999994576 -0.002928250 -0.001526968 0.470496297 0.002933028 0.999990761 0.003136382 -1.490381718 0.001517770 -0.003140844 0.999993920 56.961349487
0.999995887 -0.002591613 -0.001337860 0.473431677 0.002595621 0.999992132 0.003002984 -1.498167276 0.001330067 -0.003006444 0.999994576 57.515903473
0.999996185 -0.002681644 -0.000766589 0.475900054 0.002683702 0.999992788 0.002696021 -1.511603117 0.000759354 -0.002698067 0.999996066 58.075267792
0.999994695 -0.003051269 -0.001120022 0.484500229 0.003054046 0.999992192 0.002485505 -1.522373319 0.001112427 -0.002488912 0.999996305 58.605556488
0.999988079 -0.003330327 -0.003551452 0.502507627 0.003347213 0.999983132 0.004759544 -1.543149710 0.003535541 -0.004771375 0.999982357 59.167758942
0.999995768 -0.002769798 -0.000795425 0.486629695 0.002771491 0.999993861 0.002137520 -1.540202498 0.000789500 -0.002139715 0.999997377 59.709751129
0.999996305 -0.002640109 -0.000680873 0.490276396 0.002641654 0.999993861 0.002278347 -1.551923394 0.000674853 -0.002280137 0.999997199 60.261360168
0.999995410 -0.002856183 -0.001011707 0.509315729 0.002858870 0.999992311 0.002664304 -1.572683930 0.001004089 -0.002667185 0.999995947 60.798206329
0.999996603 -0.002434641 -0.000958677 0.506135762 0.002436725 0.999994576 0.002179415 -1.578380704 0.000953366 -0.002181744 0.999997139 61.350891113
0.999997497 -0.002116582 -0.000856003 0.513148308 0.002118419 0.999995470 0.002150479 -1.588108659 0.000851448 -0.002152287 0.999997258 61.906227112
0.999997616 -0.002080041 -0.000672726 0.522345006 0.002081443 0.999995649 0.002089802 -1.602788329 0.000668376 -0.002091198 0.999997556 62.450496674
0.999997795 -0.001920850 -0.000840458 0.514531553 0.001922215 0.999996841 0.001627454 -1.613778234 0.000837330 -0.001629065 0.999998331 63.010627747
0.999997318 -0.001847044 -0.001395044 0.523408413 0.001849331 0.999996960 0.001638666 -1.626594782 0.001392013 -0.001641241 0.999997735 63.556240082
0.999998331 -0.001667485 -0.000700262 0.513925552 0.001668857 0.999996662 0.001965965 -1.647988796 0.000696982 -0.001967131 0.999997735 64.111213684
0.999998152 -0.001889331 -0.000268424 0.511729360 0.001889834 0.999996483 0.001875240 -1.660283804 0.000264880 -0.001875744 0.999998152 64.662521362
0.999998748 -0.001559329 -0.000117246 0.522921801 0.001559527 0.999997318 0.001706854 -1.669791102 0.000114584 -0.001707035 0.999998569 65.193840027
0.999998808 -0.001373138 0.000591386 0.502016008 0.001371922 0.999996960 0.002051669 -1.685892105 -0.000594202 -0.002050856 0.999997735 65.748741150
0.999999225 -0.000535075 0.001126223 0.502433360 0.000532928 0.999998093 0.001905891 -1.694587946 -0.001127240 -0.001905290 0.999997556 66.294441223
0.999997497 -0.001830850 0.001307148 0.487683415 0.001828753 0.999997020 0.001602995 -1.704079866 -0.001310079 -0.001600600 0.999997854 66.866516113
0.999997139 -0.001535556 0.001861879 0.493679225 0.001531039 0.999995887 0.002424853 -1.727513313 -0.001865594 -0.002421996 0.999995351 67.409515381
0.999997973 -0.001526004 0.001330971 0.488632083 0.001522615 0.999995589 0.002545159 -1.734965682 -0.001334850 -0.002543128 0.999995828 67.949501038
0.999999106 -0.000674341 0.001190195 0.506942391 0.000670854 0.999995470 0.002927911 -1.759136796 -0.001192164 -0.002927110 0.999994993 68.475746155
0.999998569 -0.000954867 0.001367199 0.499049187 0.000952120 0.999997556 0.002008827 -1.754222035 -0.001369113 -0.002007523 0.999997020 69.034599304
0.999998510 -0.000891295 0.001463586 0.510526359 0.000889231 0.999998689 0.001409803 -1.759317636 -0.001464840 -0.001408499 0.999997914 69.581260681
0.999997556 -0.001055307 0.001936081 0.527814388 0.001052980 0.999998689 0.001201882 -1.770251036 -0.001937348 -0.001199840 0.999997377 70.111412048
0.999995649 -0.000877198 0.002814502 0.502589643 0.000872850 0.999998391 0.001545382 -1.779795170 -0.002815853 -0.001542918 0.999994755 70.655143738
0.999971867 -0.001871165 0.007283594 0.293579996 0.001876493 0.999997914 -0.000724538 -1.718480229 -0.007282224 0.000738185 0.999973238 71.276100159
0.999973357 -0.001779868 0.007087321 0.313132107 0.001782334 0.999998331 -0.000341415 -1.740194201 -0.007086702 0.000354038 0.999974847 71.826560974
0.999953449 0.002263082 0.009379559 0.238967419 -0.002294769 0.999991715 0.003368845 -1.843278170 -0.009371857 -0.003390212 0.999950349 72.384193420
0.999955535 0.002771687 0.009020005 0.254788339 -0.002799902 0.999991298 0.003117037 -1.857108116 -0.009011287 -0.003142154 0.999954462 72.934341431
0.999931693 0.002883722 0.011325175 0.189284742 -0.002926007 0.999988735 0.003718808 -1.864235759 -0.011314324 -0.003751691 0.999928951 73.495811462
0.999926865 0.003118753 0.011685383 0.190222919 -0.003155397 0.999990106 0.003118584 -1.868753672 -0.011675542 -0.003155228 0.999926805 74.036575317
0.999934077 0.003240389 0.011015522 0.195511341 -0.003280118 0.999988139 0.003590674 -1.895673752 -0.011003757 -0.003626569 0.999932885 74.583885193
0.999930382 0.002313545 0.011578450 0.199585021 -0.002355262 0.999990702 0.003590863 -1.907052040 -0.011570037 -0.003617883 0.999926448 75.169097900
0.999920487 0.003048959 0.012239521 0.210593164 -0.003099568 0.999986649 0.004118111 -1.925888538 -0.012226804 -0.004155721 0.999916613 75.709602356
0.999923766 0.003166205 0.011933935 0.209273338 -0.003203071 0.999990165 0.003071374 -1.923474908 -0.011924093 -0.003109365 0.999924064 76.284370422
0.999920130 0.004146299 0.011940488 0.224353075 -0.004184215 0.999986291 0.003152199 -1.935433865 -0.011927254 -0.003201908 0.999923766 76.836547852
0.999912679 0.004236288 0.012515446 0.212365329 -0.004277173 0.999985576 0.003241786 -1.946093798 -0.012501533 -0.003295034 0.999916434 77.394622803
0.999911845 0.003619103 0.012770488 0.231508136 -0.003659979 0.999988258 0.003178986 -1.956661582 -0.012758832 -0.003225446 0.999913454 77.944335938
0.999907613 0.004426421 0.012851208 0.208825231 -0.004465560 0.999985456 0.003018473 -1.966861606 -0.012837660 -0.003075582 0.999912858 78.493728638
0.999893427 0.005516927 0.013518462 0.216020107 -0.005554613 0.999980748 0.002751661 -1.975797892 -0.013503022 -0.002826458 0.999904811 79.060035706
0.999884367 0.006154083 0.013906745 0.237099111 -0.006199250 0.999975681 0.003207038 -1.992955089 -0.013886671 -0.003292879 0.999898136 79.608856201
0.999894440 0.005261524 0.013539996 0.236161351 -0.005296950 0.999982595 0.002581869 -2.006173372 -0.013526175 -0.002653316 0.999904990 80.172195435
0.999891102 0.005582211 0.013655744 0.242859364 -0.005619710 0.999980569 0.002709287 -2.021187305 -0.013640353 -0.002785733 0.999903083 80.727531433
0.999855816 0.006543928 0.015668401 0.236120224 -0.006590311 0.999974072 0.002910522 -2.028899193 -0.015648948 -0.003013363 0.999872983 81.287994385
0.999836445 0.005869311 0.017101873 0.243581653 -0.005908919 0.999979973 0.002266335 -2.031847239 -0.017088225 -0.002367018 0.999851167 81.855690002
0.999811947 0.006741522 0.018181592 0.252400756 -0.006791275 0.999973357 0.002676168 -2.048482895 -0.018163066 -0.002799141 0.999831140 82.423187256
0.999784827 0.006719509 0.019624140 0.263154149 -0.006769369 0.999974132 0.002475510 -2.061463833 -0.019606996 -0.002607821 0.999804378 82.972229004
0.999710679 0.006499965 0.023154626 0.279742599 -0.006545863 0.999976695 0.001907000 -2.067877531 -0.023141688 -0.002058016 0.999729991 83.531944275
0.999605536 0.006983370 0.027200937 0.307311177 -0.007055817 0.999971747 0.002568330 -2.086954832 -0.027182234 -0.002759241 0.999626577 84.067649841
0.999499261 0.006604922 0.030943418 0.329827547 -0.006667343 0.999975920 0.001914493 -2.095257759 -0.030930026 -0.002119845 0.999519289 84.599449158
0.999200881 0.005757528 0.039553076 0.204714775 -0.005862426 0.999979615 0.002536617 -2.123471975 -0.039537665 -0.002766467 0.999214232 85.272750854
0.998897791 0.005990953 0.046554964 0.234683514 -0.006102012 0.999978900 0.002243764 -2.133281231 -0.046540536 -0.002525369 0.998913169 85.830741882
0.998611033 0.006459029 0.052289005 0.244587898 -0.006593320 0.999975324 0.002396147 -2.150449038 -0.052272245 -0.002737578 0.998629093 86.382713318
0.998330355 0.006523727 0.057392634 0.298680782 -0.006671169 0.999974906 0.002377820 -2.168601036 -0.057375681 -0.002756726 0.998348832 86.920013428
0.997704506 0.007588164 0.067290746 0.316944122 -0.007749041 0.999967635 0.002130070 -2.176507235 -0.067272402 -0.002646620 0.997731149 87.473922729
0.997050107 0.008353669 0.076297686 0.365104198 -0.008580057 0.999959648 0.002639830 -2.200188160 -0.076272570 -0.003286681 0.997081518 88.019195557
0.996648133 0.007267327 0.081484213 0.443372250 -0.007502767 0.999968529 0.002583570 -2.211318493 -0.081462875 -0.003186268 0.996671259 88.536552429
0.995695829 0.007879721 0.092345357 0.485532284 -0.008121514 0.999964476 0.002242824 -2.222330093 -0.092324428 -0.002983155 0.995724440 89.088088989
0.994711518 0.007771311 0.102413625 0.559274673 -0.008019161 0.999965847 0.002008578 -2.234373331 -0.102394536 -0.002819227 0.994739830 89.610229492
0.994025052 0.006951502 0.108929835 0.663873672 -0.007272333 0.999970317 0.002548307 -2.259385347 -0.108908854 -0.003325255 0.994046271 90.146354675
0.993218660 0.006745087 0.116066210 0.750663757 -0.007036883 0.999973059 0.002104465 -2.271584034 -0.116048887 -0.002906938 0.993239284 90.689590454
0.991770625 0.007216598 0.127823874 0.843326569 -0.007625339 0.999967277 0.002708615 -2.293961525 -0.127800152 -0.003661026 0.991793096 91.216346741
0.990476727 0.006899402 0.137507409 0.954463005 -0.007361286 0.999968827 0.002850737 -2.309353352 -0.137483433 -0.003835820 0.990496755 91.754364014
0.989208341 0.006164861 0.146385625 1.055741310 -0.006611626 0.999974847 0.002565620 -2.323083162 -0.146366104 -0.003505779 0.989224255 92.289466858
0.987565041 0.005890476 0.157100677 1.167350769 -0.006409239 0.999975562 0.002795701 -2.338485479 -0.157080352 -0.003767832 0.987578571 92.821655273
0.985618114 0.005494749 0.168898612 1.284006119 -0.005966979 0.999979496 0.002288515 -2.350504398 -0.168882608 -0.003263416 0.985630691 93.356178284
0.983784378 0.005229022 0.179278716 1.404426575 -0.005832553 0.999978960 0.002839520 -2.371715307 -0.179260075 -0.003839130 0.983794212 93.881835938
0.981787741 0.004878500 0.189918429 1.527439117 -0.005455595 0.999981940 0.002515948 -2.379200697 -0.189902723 -0.003506246 0.981796622 94.423576355
0.979213059 0.004871988 0.202775821 1.659973145 -0.005555892 0.999980628 0.002803628 -2.399165630 -0.202758253 -0.003871950 0.979221106 94.934959412
0.976651311 0.004193082 0.214789718 1.802358627 -0.004893868 0.999984264 0.002730986 -2.411132336 -0.214774922 -0.003718374 0.976656497 95.462051392
0.974308729 0.004138788 0.225178659 1.941152573 -0.004927321 0.999983549 0.002939944 -2.427522421 -0.225162804 -0.003973940 0.974313021 95.991416931
0.971149027 0.004415177 0.238432392 2.103246689 -0.005193052 0.999983132 0.002634397 -2.435473919 -0.238416731 -0.003796585 0.971155524 96.533981323
0.967935562 0.002965653 0.251181364 2.264123917 -0.003626744 0.999991000 0.002169061 -2.445924759 -0.251172692 -0.003010482 0.967937589 97.027191162
0.965167582 0.003800365 0.261605293 2.437721252 -0.004797091 0.999983490 0.003171548 -2.477704763 -0.261588931 -0.004316018 0.965169728 97.557502747
0.961659729 0.003596709 0.274222016 2.604383469 -0.004571286 0.999985278 0.002915031 -2.493003130 -0.274207473 -0.004056816 0.961661935 98.092422485
0.957960606 0.004408611 0.286865890 2.798879623 -0.005570352 0.999979258 0.003233768 -2.507929802 -0.286845684 -0.004695767 0.957965314 98.583114624
0.954306006 0.003915134 0.298805505 2.993577957 -0.005036251 0.999982834 0.002982067 -2.518235683 -0.298788726 -0.004350665 0.954309344 99.103141785
0.950877190 0.003319334 0.309550554 3.186252594 -0.004508907 0.999984920 0.003127540 -2.535920620 -0.309535533 -0.004369641 0.950877845 99.609001160
0.946284652 0.002788918 0.323322505 3.381826401 -0.004005283 0.999987185 0.003096772 -2.541382790 -0.323309690 -0.004225425 0.946283758 100.123443604
0.941599965 0.002740802 0.336722463 3.591304779 -0.003955640 0.999987900 0.002921877 -2.557225227 -0.336710453 -0.004083192 0.941599369 100.623329163
0.937460482 0.002131484 0.348085165 3.797416687 -0.003291131 0.999990821 0.002740250 -2.566710472 -0.348076195 -0.003714472 0.937458873 101.135711670
0.932344139 0.002066397 0.361566335 4.014780045 -0.003236881 0.999991298 0.002631625 -2.578874826 -0.361557841 -0.003623928 0.932342649 101.650070190
0.927086949 0.001486222 0.374843478 4.246471405 -0.002728512 0.999992430 0.002783447 -2.598253250 -0.374836504 -0.003603262 0.927083910 102.138946533
0.922184944 0.001034996 0.386747897 4.482803345 -0.002460639 0.999991894 0.003191166 -2.614658117 -0.386741519 -0.003894491 0.922179937 102.643341064
0.917371392 0.000449880 0.398032248 4.715507507 -0.001588897 0.999995589 0.002531781 -2.622926950 -0.398029298 -0.002955016 0.917367995 103.135482788
0.911087990 -0.000083905 0.412211925 4.972743988 -0.001368273 0.999993861 0.003227762 -2.645050526 -0.412209600 -0.003504792 0.911082268 103.611831665
0.905166209 -0.000300251 0.425057739 5.227237701 -0.001049439 0.999995112 0.002941167 -2.655946016 -0.425056517 -0.003108317 0.905161381 104.110717773
0.900168836 -0.001023973 0.435540020 5.488967896 -0.000211298 0.999996066 0.002787741 -2.672725916 -0.435541153 -0.002601466 0.900164962 104.580314636
0.893920958 -0.001554381 0.448222131 5.772930145 0.000515678 0.999996901 0.002439417 -2.683165073 -0.448224515 -0.001949507 0.893918872 105.068176270
0.886915386 -0.001767567 0.461928487 6.039592743 0.000334935 0.999994934 0.003183391 -2.711430311 -0.461931705 -0.002668682 0.886911392 105.520492554
0.880749345 -0.002275553 0.473577291 6.354854584 0.000809440 0.999994338 0.003299622 -2.723091841 -0.473582059 -0.002522808 0.880746067 106.027648926
0.874893248 -0.003045678 0.484306246 6.638675690 0.001661051 0.999993205 0.003288034 -2.730711699 -0.484312922 -0.002072222 0.874892414 106.507720947
0.867565870 -0.003341164 0.497311026 6.923690796 0.001754286 0.999991775 0.003658029 -2.754335880 -0.497319162 -0.002301155 0.867564619 106.943145752
0.860437274 -0.003673536 0.509543180 7.228916168 0.002481729 0.999992371 0.003018657 -2.762398958 -0.509550393 -0.001332817 0.860439837 107.408775330
