1.000000000 0.000000000 0.000000000 0.000000000 0.000000000 1.000000000 0.000000000 0.000000000 0.000000000 0.000000000 1.000000000 0.000000000
1.000000000 0.000018694 0.000032064 0.000316368 -0.000018698 1.000000000 0.000118405 -0.000717676 -0.000032062 -0.000118406 1.000000000 -0.000349159
1.000000000 0.000067245 -0.000117232 0.001027864 -0.000067238 1.000000000 0.000054806 -0.000653527 0.000117236 -0.000054798 1.000000000 -0.000794257
1.000000000 0.000010319 -0.000030064 0.000053544 -0.000010317 1.000000000 0.000050586 -0.000552362 0.000030065 -0.000050586 1.000000000 0.000326413
1.000000000 0.000076923 -0.000023707 -0.000480556 -0.000076923 1.000000000 0.000009502 -0.000052860 0.000023708 -0.000009500 1.000000000 -0.000486267
1.000000000 0.000049097 -0.000079268 -0.000134005 -0.000049099 1.000000000 -0.000029118 -0.000133232 0.000079266 0.000029122 1.000000000 -0.000452954
1.000000000 0.000062565 -0.000094799 0.000736004 -0.000062568 1.000000000 -0.000029748 -0.000557698 0.000094798 0.000029753 1.000000000 -0.001375221
1.000000000 -0.000015894 -0.000082022 0.001058202 0.000015889 1.000000000 -0.000066080 0.000209302 0.000082023 0.000066078 1.000000000 -0.000365211
1.000000000 -0.000096991 0.000069454 0.000502884 0.000096990 1.000000000 0.000003702 -0.000702657 -0.000069454 -0.000003695 1.000000000 -0.002021678
1.000000000 -0.000197225 -0.000038743 0.000895456 0.000197220 1.000000000 -0.000126071 0.001779078 0.000038768 0.000126063 1.000000000 0.002584851
1.000000000 -0.000129513 -0.000036608 0.000434010 0.000129512 1.000000000 -0.000006384 -0.000114821 0.000036609 0.000006380 1.000000000 0.001539116
1.000000000 -0.000030366 0.000067623 -0.000647430 0.000030379 1.000000000 -0.000189384 0.002062822 -0.000067617 0.000189386 1.000000000 0.002873775
1.000000000 -0.000144831 0.000008337 -0.000560781 0.000144831 1.000000000 0.000054206 0.000297973 -0.000008345 -0.000054205 1.000000000 0.001726954
1.000000000 -0.000103739 0.000034646 -0.000406136 0.000103737 1.000000000 0.000074599 0.000110828 -0.000034653 -0.000074596 1.000000000 0.001320271
1.000000000 -0.000170619 -0.000115201 0.000829449 0.000170631 1.000000000 0.000097061 -0.000830374 0.000115185 -0.000097080 1.000000000 0.000200796
1.000000000 -0.000045609 -0.000030838 -0.000337634 0.000045609 1.000000000 -0.000008086 -0.000298992 0.000030838 0.000008085 1.000000000 -0.000407095
0.999999940 0.000212901 0.000170247 -0.001919107 -0.000212918 1.000000000 0.000098743 -0.000556376 -0.000170226 -0.000098779 1.000000000 0.000162515
1.000000000 -0.000026863 -0.000159614 0.000561296 0.000026845 1.000000000 -0.000115509 0.000823422 0.000159617 0.000115505 1.000000000 0.000769637
1.000000000 -0.000184429 -0.000004025 0.000203410 0.000184429 1.000000000 0.000002290 -0.000250311 0.000004025 -0.000002291 1.000000000 0.000744971
1.000000000 0.000002179 0.000136776 -0.000448512 -0.000002179 1.000000000 0.000000408 -0.000027797 -0.000136776 -0.000000409 1.000000000 0.001131649
1.000000000 0.000065509 0.000045975 -0.001131263 -0.000065506 1.000000000 -0.000069698 0.000656177 -0.000045980 0.000069695 1.000000000 0.001835487
1.000000000 -0.000072316 -0.000048065 0.000018128 0.000072315 1.000000000 -0.000012632 0.000565843 0.000048066 0.000012629 1.000000000 0.000256164
1.000000000 -0.000061798 -0.000062551 0.001140725 0.000061800 1.000000000 0.000030541 0.000200562 0.000062549 -0.000030545 1.000000000 0.001602256
1.000000000 -0.000032691 0.000130701 -0.000581857 0.000032697 1.000000000 -0.000042984 0.001248803 -0.000130700 0.000042989 1.000000000 0.000658792
1.000000000 -0.000100724 -0.000136508 0.001390696 0.000100717 1.000000000 -0.000052945 0.000623187 0.000136513 0.000052932 1.000000000 0.000887896
1.000000000 0.000012519 -0.000041904 0.000060346 -0.000012526 1.000000000 -0.000160997 0.001138249 0.000041902 0.000160997 1.000000000 0.000114853
1.000000000 0.000028014 0.000054304 -0.000437397 -0.000028008 1.000000000 -0.000109413 -0.000380677 -0.000054307 0.000109411 1.000000000 -0.001542269
1.000000000 0.000017947 -0.000039025 -0.000057436 -0.000017952 1.000000000 -0.000134144 0.000805783 0.000039023 0.000134144 1.000000000 0.000293968
1.000000000 -0.000039081 -0.000021707 -0.001042074 0.000039080 1.000000000 -0.000024415 0.001546336 0.000021708 0.000024414 1.000000000 0.002630685
1.000000000 0.000038951 0.000174975 -0.001723459 -0.000038941 1.000000000 -0.000061149 0.001320718 -0.000174977 0.000061142 1.000000000 0.001864244
1.000000000 -0.000029373 -0.000011100 -0.000061486 0.000029373 1.000000000 0.000030352 0.000488452 0.000011100 -0.000030352 1.000000000 -0.000008488
1.000000000 0.000035540 0.000075266 -0.001533837 -0.000035542 1.000000000 0.000013867 0.000565944 -0.000075265 -0.000013869 1.000000000 0.002093801
1.000000000 -0.000010673 0.000109076 -0.001220038 0.000010682 1.000000000 -0.000080078 0.000761010 -0.000109076 0.000080080 1.000000000 0.002504367
1.000000000 -0.000064748 0.000034754 -0.000845567 0.000064748 1.000000000 -0.000021206 0.001201989 -0.000034752 0.000021208 1.000000000 0.002031137
1.000000000 -0.000017708 0.000125851 -0.001491946 0.000017720 1.000000000 -0.000096080 0.002267980 -0.000125850 0.000096083 1.000000000 0.003707619
1.000000000 0.000098039 0.000165037 -0.002399076 -0.000098025 1.000000000 -0.000085241 0.002571405 -0.000165046 0.000085225 1.000000000 0.003515643
1.000000000 -0.000218444 0.000051967 -0.000845686 0.000218442 1.000000000 0.000036928 0.000757537 -0.000051975 -0.000036916 1.000000000 0.001972664
1.000000000 -0.000049450 0.000082768 -0.001203582 0.000049445 1.000000000 0.000059838 0.000841141 -0.000082771 -0.000059834 1.000000000 0.001527280
1.000000000 -0.000139379 0.000006123 -0.000486374 0.000139380 1.000000000 -0.000032169 0.001276106 -0.000006119 0.000032170 1.000000000 0.001973715
0.999999940 -0.000009831 0.000260343 -0.001909615 0.000009827 1.000000000 0.000016475 -0.000338573 -0.000260343 -0.000016473 0.999999940 0.002150621
0.999999940 -0.000102436 0.000334268 -0.001540888 0.000102667 0.999999762 -0.000692488 -0.001572361 -0.000334197 0.000692522 0.999999702 0.052720230
0.999999940 0.000213355 0.000226212 -0.000855519 -0.000213045 0.999999046 -0.001368325 -0.003486095 -0.000226504 0.001368276 0.999999046 0.136295438
0.999999821 0.000550097 0.000022580 0.002758158 -0.000550061 0.999998629 -0.001557923 -0.003080572 -0.000023437 0.001557910 0.999998808 0.255893052
0.999999940 0.000307190 0.000071602 0.004030099 -0.000307104 0.999999225 -0.001195059 -0.013543247 -0.000071969 0.001195036 0.999999285 0.382413626
0.999999940 0.000378145 0.000128024 0.006964710 -0.000378009 0.999999344 -0.001059881 -0.016691288 -0.000128425 0.001059833 0.999999404 0.527142525
0.999999940 0.000284410 0.000001243 0.015041777 -0.000284408 0.999999166 -0.001260662 -0.016512686 -0.000001601 0.001260662 0.999999225 0.683346450
1.000000000 0.000064989 0.000199689 0.016914763 -0.000064756 0.999999344 -0.001168278 -0.019085625 -0.000199765 0.001168265 0.999999285 0.855163693
0.999999940 0.000274459 0.000101800 0.017244553 -0.000274386 0.999999702 -0.000713047 -0.027932422 -0.000101996 0.000713019 0.999999762 1.019308805
0.999999940 0.000151044 0.000221074 0.017484397 -0.000150998 0.999999940 -0.000207704 -0.036297265 -0.000221105 0.000207671 0.999999940 1.190056801
0.999999940 0.000238637 0.000056612 0.020028574 -0.000238596 0.999999702 -0.000722285 -0.033749238 -0.000056784 0.000722272 0.999999762 1.379379988
0.999999881 0.000478508 -0.000006997 0.026999429 -0.000478512 0.999999762 -0.000509335 -0.042009875 0.000006753 0.000509338 0.999999881 1.584423780
0.999999344 0.000858782 0.000725354 0.021773167 -0.000858357 0.999999464 -0.000586895 -0.044512257 -0.000725858 0.000586272 0.999999583 1.779068470
0.999999881 0.000470339 0.000100092 0.037369788 -0.000470238 0.999999404 -0.001005693 -0.043284167 -0.000100565 0.001005645 0.999999464 1.973111868
0.999999642 0.000363593 0.000785447 0.032153875 -0.000363044 0.999999702 -0.000699748 -0.052639674 -0.000785701 0.000699463 0.999999464 2.183761597
0.999999046 0.000982950 0.000976171 0.029400943 -0.000982307 0.999999285 -0.000659380 -0.063801140 -0.000976819 0.000658420 0.999999285 2.389619112
0.999998629 0.000794276 -0.001464171 0.079354115 -0.000794192 0.999999702 0.000058142 -0.083048776 0.001464217 -0.000056979 0.999998927 2.607219934
0.999999404 0.000340859 -0.001052450 0.085813984 -0.000340469 0.999999940 0.000370209 -0.095022038 0.001052576 -0.000369850 0.999999404 2.826012611
0.999998450 0.000967332 -0.001457311 0.087923720 -0.000967169 0.999999464 0.000112620 -0.095209278 0.001457420 -0.000111210 0.999998927 3.065554857
0.999998093 0.000643921 -0.001820280 0.098454453 -0.000644257 0.999999762 -0.000184012 -0.098604508 0.001820161 0.000185184 0.999998331 3.300344467
0.999998629 0.000477860 -0.001554510 0.101951949 -0.000477339 0.999999881 0.000335200 -0.112974323 0.001554669 -0.000334458 0.999998748 3.535422087
0.999998748 0.000777615 -0.001386099 0.104209393 -0.000777443 0.999999702 0.000124913 -0.114824049 0.001386196 -0.000123835 0.999999046 3.804246902
0.999998748 0.000978058 -0.001247086 0.105822667 -0.000978293 0.999999523 -0.000188390 -0.119913913 0.001246902 0.000189610 0.999999225 4.063659668
0.999998868 0.000957139 -0.001194979 0.110250786 -0.000956687 0.999999523 0.000378946 -0.128664538 0.001195341 -0.000377803 0.999999225 4.315666199
0.999999106 0.000653677 -0.001212255 0.119106501 -0.000653356 0.999999821 0.000265104 -0.133047372 0.001212428 -0.000264312 0.999999285 4.563271046
0.999998391 0.000987848 -0.001478886 0.126981542 -0.000987568 0.999999523 0.000190446 -0.139387652 0.001479073 -0.000188985 0.999998868 4.833636284
0.999998391 0.000774142 -0.001613969 0.130883485 -0.000774033 0.999999702 0.000068084 -0.141806185 0.001614021 -0.000066835 0.999998689 5.097173691
0.999998391 0.001116153 -0.001300772 0.133507386 -0.001116163 0.999999464 -0.000006440 -0.152950510 0.001300764 0.000007892 0.999999166 5.356869221
0.999998748 0.000774070 -0.001314205 0.140035078 -0.000773741 0.999999583 0.000250901 -0.159372523 0.001314399 -0.000249884 0.999999106 5.619050026
0.999998689 0.001062221 -0.001115625 0.143091515 -0.001062040 0.999999344 0.000163384 -0.168108314 0.001115798 -0.000162199 0.999999404 5.885647774
0.999998808 0.000746508 -0.001315418 0.151844308 -0.000746231 0.999999642 0.000210641 -0.174205557 0.001315575 -0.000209659 0.999999106 6.163705349
0.999998629 0.001145293 -0.001135355 0.153181240 -0.001144826 0.999999225 0.000411608 -0.184157133 0.001135826 -0.000410308 0.999999285 6.431786537
0.999998748 0.001130364 -0.001061666 0.159736693 -0.001129544 0.999999046 0.000772739 -0.202355668 0.001062538 -0.000771539 0.999999106 6.718134880
0.999998450 0.001532298 -0.000891745 0.161799476 -0.001532039 0.999998748 0.000290858 -0.206655085 0.000892189 -0.000289491 0.999999583 7.022136211
0.999998868 0.000744929 -0.001258916 0.179879978 -0.000743902 0.999999285 0.000816902 -0.219368264 0.001259523 -0.000815965 0.999998927 7.303478241
0.999999106 0.001049873 -0.000866814 0.178278148 -0.001049896 0.999999464 -0.000026566 -0.218771473 0.000866786 0.000027475 0.999999642 7.623854160
0.999998748 0.001410445 -0.000716122 0.186194330 -0.001409866 0.999998689 0.000808542 -0.237093225 0.000717262 -0.000807531 0.999999404 7.916652679
0.999999344 0.000730363 -0.000830220 0.186420351 -0.000729494 0.999999106 0.001046109 -0.249392822 0.000830984 -0.001045503 0.999999106 8.238160133
0.999999225 0.000993934 -0.000732107 0.192785904 -0.000993201 0.999998927 0.000999716 -0.258251756 0.000733100 -0.000998989 0.999999225 8.568534851
0.999999583 0.000886088 -0.000351641 0.195434302 -0.000885767 0.999999166 0.000910931 -0.265443593 0.000352448 -0.000910619 0.999999523 8.905516624
0.999999762 0.000655511 -0.000244545 0.200572640 -0.000655207 0.999999046 0.001245113 -0.281831354 0.000245360 -0.001244953 0.999999225 9.231337547
0.999999404 0.001025878 0.000211536 0.191678315 -0.001026134 0.999998689 0.001214595 -0.285734028 -0.000210289 -0.001214811 0.999999285 9.589464188
0.999999404 0.000807373 -0.000644365 0.213291869 -0.000806473 0.999998689 0.001395971 -0.295910388 0.000645491 -0.001395451 0.999998748 9.911898613
0.999998808 0.001352865 -0.000708384 0.222312942 -0.001351980 0.999998271 0.001248343 -0.305880874 0.000710072 -0.001247384 0.999998927 10.267894745
0.999998927 0.001385925 -0.000250260 0.227469131 -0.001385515 0.999997616 0.001631760 -0.320103377 0.000252521 -0.001631411 0.999998689 10.615080833
0.999999344 0.000956330 -0.000583916 0.238024011 -0.000955585 0.999998689 0.001274412 -0.324758440 0.000585134 -0.001273853 0.999999046 10.987436295
0.999998927 0.001436798 -0.000307357 0.239762858 -0.001436462 0.999998510 0.001090300 -0.333438486 0.000308923 -0.001089858 0.999999285 11.363621712
0.999998689 0.001609285 -0.000240057 0.249316350 -0.001608964 0.999997854 0.001331559 -0.342328340 0.000242199 -0.001331171 0.999999046 11.740270615
0.999999285 0.001161739 -0.000340093 0.258255213 -0.001161380 0.999998748 0.001053998 -0.353550702 0.000341317 -0.001053602 0.999999404 12.120338440
0.999998748 0.001554611 -0.000120101 0.262759358 -0.001554553 0.999998689 0.000479775 -0.360375196 0.000120847 -0.000479588 0.999999881 12.516648293
0.999999344 0.001226349 -0.000216275 0.272042602 -0.001226083 0.999998510 0.001222239 -0.374776512 0.000217773 -0.001221972 0.999999166 12.902894020
0.999999106 0.001298520 -0.000221187 0.280518234 -0.001298241 0.999998391 0.001257824 -0.386366367 0.000222820 -0.001257535 0.999999166 13.302092552
0.999999106 0.001311353 0.000217434 0.287237853 -0.001311644 0.999998271 0.001342102 -0.395852864 -0.000215674 -0.001342386 0.999999106 13.711125374
0.999999285 0.001134456 0.000394437 0.293512851 -0.001134923 0.999998569 0.001187098 -0.406419545 -0.000393090 -0.001187545 0.999999166 14.128171921
0.999998987 0.001334096 0.000455358 0.305494696 -0.001334716 0.999998033 0.001363109 -0.418338954 -0.000453538 -0.001363715 0.999998927 14.548220634
0.999999642 0.000323545 0.000819880 0.313310295 -0.000324718 0.999998868 0.001431007 -0.429973125 -0.000819416 -0.001431273 0.999998569 14.973539352
0.999998987 0.001227857 0.000661574 0.325354815 -0.001228808 0.999998212 0.001439232 -0.443964154 -0.000659805 -0.001440043 0.999998748 15.402760506
0.999998927 0.001107343 0.000909841 0.335459441 -0.001108431 0.999998689 0.001196757 -0.454239279 -0.000908514 -0.001197764 0.999998808 15.840028763
0.999999166 0.000909178 0.000936139 0.348403364 -0.000910548 0.999998450 0.001464373 -0.468075991 -0.000934807 -0.001465223 0.999998510 16.279703140
0.999998510 0.001204117 0.001213785 0.355758697 -0.001205488 0.999998629 0.001128954 -0.478767753 -0.001212423 -0.001130416 0.999998629 16.726026535
0.999998093 0.001243495 0.001505709 0.364674687 -0.001245836 0.999998033 0.001554500 -0.494881600 -0.001503773 -0.001556373 0.999997616 17.178192139
0.999996960 0.001501088 0.001963457 0.370429844 -0.001504203 0.999997616 0.001586153 -0.502675831 -0.001961071 -0.001589102 0.999996841 17.650938034
0.999997020 0.001118003 0.002210043 0.384702235 -0.001120994 0.999998510 0.001352832 -0.515533805 -0.002208526 -0.001355305 0.999996662 18.111520767
0.999997199 0.000952741 0.002170730 0.398884952 -0.000955667 0.999998629 0.001347255 -0.522931337 -0.002169444 -0.001349325 0.999996781 18.585504532
0.999994516 0.002049664 0.002612342 0.407212675 -0.002052991 0.999997020 0.001271866 -0.537541032 -0.002609728 -0.001277222 0.999995768 19.051170349
0.999994636 0.001934305 0.002648035 0.422383994 -0.001937341 0.999997497 0.001144764 -0.548848331 -0.002645814 -0.001149888 0.999995828 19.530174255
0.999993205 0.002100764 0.003035605 0.427138507 -0.002105583 0.999996483 0.001585044 -0.563835025 -0.003032265 -0.001591425 0.999994159 20.000310898
0.999995768 0.001701164 0.002367627 0.443120003 -0.001705216 0.999997079 0.001710296 -0.583924592 -0.002364710 -0.001714326 0.999995708 20.500593185
0.999995351 0.001853961 0.002447050 0.450767636 -0.001857821 0.999997079 0.001576220 -0.593663752 -0.002444120 -0.001580758 0.999995768 20.998109818
0.999997020 0.001277804 0.002083722 0.458807975 -0.001280600 0.999998331 0.001341048 -0.599775970 -0.002082006 -0.001343712 0.999996960 21.508056641
0.999997735 0.001870930 0.001116852 0.476662070 -0.001873251 0.999996066 0.002081309 -0.624447405 -0.001112954 -0.002083396 0.999997199 21.997615814
0.999998510 0.001633377 0.000518914 0.492198825 -0.001634293 0.999997020 0.001768640 -0.633107066 -0.000516024 -0.001769485 0.999998271 22.510129929
0.999997854 0.002127948 0.000085659 0.496694684 -0.002128094 0.999996305 0.001753299 -0.647964060 -0.000081929 -0.001753477 0.999998391 23.034526825
0.999997020 0.002133278 -0.001242182 0.513112307 -0.002131379 0.999996603 0.001527948 -0.667122960 0.001245438 -0.001525296 0.999998033 23.546524048
0.999998689 0.001097398 -0.001209241 0.515246391 -0.001096139 0.999998868 0.001040986 -0.672731042 0.001210381 -0.001039659 0.999998748 24.080305099
0.999997258 0.001601244 -0.001687848 0.523932576 -0.001598662 0.999997556 0.001529773 -0.687951624 0.001690292 -0.001527071 0.999997497 24.612127304
0.999992847 0.002663925 -0.002682944 0.538256645 -0.002659115 0.999994814 0.001794794 -0.707196414 0.002687711 -0.001787647 0.999994814 25.151357651
0.999993086 0.002348519 -0.002895155 0.539141059 -0.002344823 0.999996483 0.001279274 -0.712171972 0.002898149 -0.001272477 0.999995053 25.716209412
0.999990940 0.002416062 -0.003500106 0.549342692 -0.002411798 0.999996305 0.001221981 -0.730053008 0.003503045 -0.001213528 0.999993145 26.268228531
0.999990523 0.002197314 -0.003755821 0.552196741 -0.002189082 0.999995172 0.002194297 -0.745621920 0.003760625 -0.002186055 0.999990523 26.787416458
0.999989450 0.001904891 -0.004177818 0.566890359 -0.001893637 0.999994576 0.002696030 -0.769934058 0.004182931 -0.002688090 0.999987662 27.323553085
0.999986529 0.003617604 -0.003744122 0.565703750 -0.003611092 0.999992013 0.001744833 -0.781094313 0.003750404 -0.001731289 0.999991417 27.882022858
0.999984980 0.003058342 -0.004554791 0.571926355 -0.003048441 0.999992967 0.002179216 -0.790724516 0.004561424 -0.002165298 0.999987245 28.418508530
0.999986708 0.002718814 -0.004379806 0.577417731 -0.002708507 0.999993503 0.002357423 -0.802964032 0.004386187 -0.002345529 0.999987662 28.962337494
0.999981284 0.003059286 -0.005295735 0.593573809 -0.003046348 0.999992371 0.002449438 -0.821984351 0.005303188 -0.002433260 0.999982953 29.502122879
0.999979317 0.003062539 -0.005660235 0.597322941 -0.003049419 0.999992669 0.002325272 -0.830490232 0.005667315 -0.002307963 0.999981284 30.043275833
0.999977827 0.003576726 -0.005626545 0.608375311 -0.003563684 0.999991000 0.002326146 -0.848237514 0.005634814 -0.002306043 0.999981463 30.584836960
0.999975204 0.003236327 -0.006249850 0.614694357 -0.003220469 0.999991536 0.002545804 -0.865072250 0.006258036 -0.002525613 0.999977231 31.136922836
0.999973416 0.003504038 -0.006381865 0.621068835 -0.003488441 0.999990880 0.002453324 -0.876374960 0.006390404 -0.002430997 0.999976575 31.687574387
0.999970794 0.003070339 -0.006995855 0.638226330 -0.003049190 0.999990761 0.003031702 -0.899413645 0.007005100 -0.003010282 0.999970853 32.223388672
0.999969780 0.003556120 -0.006913325 0.639112830 -0.003537623 0.999990106 0.002686011 -0.906868458 0.006922808 -0.002661473 0.999972522 32.772483826
0.999964058 0.003588582 -0.007680717 0.650129676 -0.003572595 0.999991417 0.002094207 -0.918643057 0.007688166 -0.002066692 0.999968350 33.308498383
0.999967396 0.004002411 -0.007012704 0.646596193 -0.003984927 0.999988914 0.002505526 -0.931344509 0.007022654 -0.002477499 0.999972284 33.864452362
0.999967337 0.003214841 -0.007410092 0.653607607 -0.003195344 0.999991417 0.002641433 -0.946443737 0.007418520 -0.002617669 0.999969065 34.408378601
0.999967456 0.003630735 -0.007204254 0.658950090 -0.003610809 0.999989629 0.002777057 -0.962341249 0.007214262 -0.002750954 0.999970198 34.945873260
0.999969602 0.003436203 -0.007009848 0.660365701 -0.003420051 0.999991536 0.002314816 -0.969380975 0.007017742 -0.002290771 0.999972761 35.500778198
0.999967337 0.004146054 -0.006948209 0.671403587 -0.004123328 0.999986112 0.003281963 -0.999182165 0.006961720 -0.003253205 0.999970496 36.023899078
0.999960124 0.004165546 -0.007900756 0.681599140 -0.004146257 0.999988317 0.002456055 -1.000946164 0.007910894 -0.002423199 0.999965787 36.591743469
0.999961138 0.004577054 -0.007538090 0.687037587 -0.004559112 0.999986649 0.002395449 -1.013973475 0.007548954 -0.002360989 0.999968767 37.135883331
0.999957621 0.004284500 -0.008163378 0.693445683 -0.004265857 0.999988258 0.002299810 -1.029576898 0.008173137 -0.002264889 0.999963999 37.684108734
0.999961972 0.003808751 -0.007847450 0.697091877 -0.003793803 0.999991000 0.001918923 -1.039235830 0.007854688 -0.001889079 0.999967337 38.232879639
0.999955773 0.004247512 -0.008399322 0.705598474 -0.004228046 0.999988377 0.002333949 -1.059979081 0.008409138 -0.002298333 0.999961972 38.791130066
0.999954045 0.004454492 -0.008482405 0.714584708 -0.004434843 0.999987423 0.002333849 -1.072178841 0.008492693 -0.002296124 0.999961317 39.327136993
0.999954402 0.004921670 -0.008185412 0.722026408 -0.004903971 0.999985576 0.002180804 -1.084748745 0.008196028 -0.002140563 0.999964118 39.877613068
0.999949217 0.004698263 -0.008925331 0.742848396 -0.004673687 0.999985218 0.002772539 -1.109965563 0.008938225 -0.002730684 0.999956369 40.416439056
0.999944627 0.004622644 -0.009452789 0.749995828 -0.004603119 0.999987245 0.002086197 -1.113612533 0.009462313 -0.002042570 0.999953151 40.976043701
0.999943674 0.004253770 -0.009725825 0.761872470 -0.004229125 0.999987900 0.002553052 -1.128097773 0.009736568 -0.002511777 0.999949396 41.523468018
0.999937534 0.004263544 -0.010333166 0.779092431 -0.004233333 0.999986649 0.002943751 -1.153345823 0.010345579 -0.002899824 0.999942243 42.056327820
0.999938548 0.005474109 -0.009638133 0.765383065 -0.005455650 0.999983251 0.001940584 -1.150047541 0.009648595 -0.001887883 0.999951661 42.625896454
0.999936819 0.005013846 -0.010058488 0.778178215 -0.004990244 0.999984801 0.002370199 -1.167187214 0.010070219 -0.002319855 0.999946535 43.157146454
0.999934077 0.005792433 -0.009918296 0.783633947 -0.005772953 0.999981344 0.001991661 -1.181921721 0.009929646 -0.001934271 0.999948859 43.713466644
0.999938190 0.005055784 -0.009900189 0.780031323 -0.005030238 0.999983907 0.002603775 -1.198113084 0.009913194 -0.002553813 0.999947608 44.252330780
0.999936700 0.005296463 -0.009925911 0.787104845 -0.005279090 0.999984443 0.001775782 -1.204031825 0.009935164 -0.001723269 0.999949157 44.804901123
0.999941051 0.005773020 -0.009192387 0.792517722 -0.005753264 0.999981105 0.002174207 -1.217726707 0.009204765 -0.002121193 0.999955356 45.332813263
0.999938786 0.004939254 -0.009899088 0.799761891 -0.004911392 0.999983907 0.002837015 -1.245543242 0.009912942 -0.002788223 0.999946952 45.885772705
0.999934077 0.004744050 -0.010451760 0.812401295 -0.004712342 0.999984205 0.003056352 -1.264181614 0.010466095 -0.003006899 0.999940693 46.422561646
0.999938667 0.004725798 -0.010016851 0.812959194 -0.004699161 0.999985337 0.002681199 -1.270497680 0.010029376 -0.002633964 0.999946177 46.949565887
0.999939620 0.004813131 -0.009873639 0.804260135 -0.004787759 0.999985278 0.002591669 -1.282148242 0.009885965 -0.002544240 0.999947906 47.514926910
0.999938846 0.005640781 -0.009513568 0.805403471 -0.005610667 0.999979198 0.003189137 -1.301740527 0.009531359 -0.003135565 0.999949694 48.058681488
0.999940395 0.004833822 -0.009787814 0.821417630 -0.004808129 0.999984920 0.002646927 -1.308350921 0.009800460 -0.002599709 0.999948621 48.593864441
0.999938667 0.004936546 -0.009917244 0.820626855 -0.004905690 0.999983072 0.003133276 -1.327632785 0.009932543 -0.003084432 0.999945939 49.144775391
0.999935508 0.005220751 -0.010093165 0.830556631 -0.005191215 0.999982178 0.002950328 -1.341642380 0.010108386 -0.002897741 0.999944746 49.685768127
0.999938965 0.005319498 -0.009691006 0.837366045 -0.005284853 0.999979615 0.003597109 -1.361903667 0.009709940 -0.003545674 0.999946594 50.237071991
0.999936998 0.004902024 -0.010094569 0.841893375 -0.004872519 0.999983788 0.002945416 -1.372177124 0.010108844 -0.002896044 0.999944687 50.784015656
0.999938607 0.004581278 -0.010099548 0.850869656 -0.004549396 0.999984622 0.003177506 -1.387759924 0.010113950 -0.003131364 0.999943972 51.334777832
0.999937952 0.004691512 -0.010099806 0.854398191 -0.004660060 0.999984205 0.003135465 -1.402447581 0.010114357 -0.003088205 0.999944091 51.891010284
0.999931753 0.004782323 -0.010659718 0.868331015 -0.004753929 0.999985099 0.002687388 -1.413564205 0.010672411 -0.002636529 0.999939561 52.421985626
0.999936938 0.004348030 -0.010350858 0.868238747 -0.004322425 0.999987602 0.002494670 -1.423611879 0.010361576 -0.002449773 0.999943316 52.960861206
0.999933839 0.004259214 -0.010683077 0.877898991 -0.004230108 0.999987304 0.002745582 -1.439892650 0.010694638 -0.002700210 0.999939084 53.509403229
0.999935091 0.004299005 -0.010552249 0.885786474 -0.004274069 0.999988079 0.002384407 -1.452288628 0.010562373 -0.002339151 0.999941409 54.056102753
0.999934316 0.004390760 -0.010582783 0.882775426 -0.004361673 0.999986649 0.002769931 -1.464281082 0.010594804 -0.002723590 0.999940157 54.598033905
0.999933600 0.004464447 -0.010624973 0.883968592 -0.004436191 0.999986529 0.002681434 -1.479511261 0.010636801 -0.002634121 0.999939978 55.144897461
0.999930859 0.004758849 -0.010751685 0.894265711 -0.004728958 0.999984860 0.002803797 -1.494118214 0.010764865 -0.002752759 0.999938250 55.683937073
0.999930203 0.004448700 -0.010945976 0.896114707 -0.004421397 0.999987066 0.002517384 -1.503954887 0.010957035 -0.002468812 0.999936879 56.229244232
0.999930620 0.004083099 -0.011043653 0.914973080 -0.004055868 0.999988675 0.002487141 -1.523381472 0.011053683 -0.002442177 0.999935865 56.759883881
0.999929488 0.004817405 -0.010854765 0.913774908 -0.004790921 0.999985456 0.002464695 -1.532655716 0.010866481 -0.002412517 0.999938071 57.322734833
0.999925315 0.005358571 -0.010991321 0.913605750 -0.005326064 0.999981403 0.002984642 -1.551636338 0.011007110 -0.002925878 0.999935210 57.874073029
0.999931335 0.004637037 -0.010761468 0.921858847 -0.004612545 0.999986708 0.002299623 -1.555457950 0.010771989 -0.002249828 0.999939442 58.401985168
0.999932230 0.004708554 -0.010644075 0.924565315 -0.004687630 0.999987066 0.001989893 -1.565315723 0.010653307 -0.001939863 0.999941349 58.946567535
0.999929368 0.004810615 -0.010862589 0.929496527 -0.004790234 0.999986649 0.001901521 -1.575217605 0.010871592 -0.001849353 0.999939144 59.470329285
0.999930680 0.004965473 -0.010673507 0.933530688 -0.004949820 0.999986589 0.001492443 -1.584613919 0.010680773 -0.001439508 0.999941945 60.017154694
0.999926090 0.004827808 -0.011160985 0.945471942 -0.004806874 0.999986649 0.001901630 -1.600327492 0.011170017 -0.001847839 0.999935925 60.572929382
0.999926567 0.005686631 -0.010696829 0.936309814 -0.005667571 0.999982297 0.001811317 -1.614590764 0.010706939 -0.001750559 0.999941170 61.103820801
0.999925494 0.005726764 -0.010780884 0.950134099 -0.005699202 0.999980390 0.002585641 -1.635538340 0.010795479 -0.002524006 0.999938548 61.644855499
0.999918759 0.005806600 -0.011348249 0.961720943 -0.005786802 0.999981642 0.001776711 -1.643447161 0.011358356 -0.001710897 0.999934077 62.193149567
0.999919355 0.005671972 -0.011363151 0.978691280 -0.005648800 0.999981880 0.002070301 -1.660243154 0.011374689 -0.002005945 0.999933302 62.710655212
0.999923468 0.005762295 -0.010944881 0.977997780 -0.005740434 0.999981403 0.002027725 -1.670304179 0.010956364 -0.001964742 0.999938071 63.264911652
0.999917686 0.005618163 -0.011533871 0.984234035 -0.005592925 0.999981880 0.002219296 -1.693274975 0.011546131 -0.002154605 0.999930978 63.807220459
0.999913216 0.005779375 -0.011849205 0.993831396 -0.005758867 0.999981880 0.001764219 -1.699969411 0.011859184 -0.001695828 0.999928236 64.351860046
0.999908507 0.005946326 -0.012153644 1.004201174 -0.005925300 0.999980927 0.001765369 -1.713295579 0.012163909 -0.001693193 0.999924541 64.893264771
0.999908328 0.005981533 -0.012142483 1.011347055 -0.005967161 0.999981463 0.001219504 -1.722980857 0.012149550 -0.001146936 0.999925554 65.451316833
0.999911427 0.005931481 -0.011916001 1.009539247 -0.005910883 0.999980986 0.001763098 -1.740811706 0.011926232 -0.001692508 0.999927461 65.978775024
0.999909401 0.005782783 -0.012161508 1.014492035 -0.005762526 0.999981940 0.001700168 -1.753099084 0.012171121 -0.001629932 0.999924600 66.526039124
0.999906659 0.006177675 -0.012189463 1.022668362 -0.006157510 0.999979556 0.001691279 -1.769883633 0.012199663 -0.001616064 0.999924302 67.080940247
0.999907494 0.006132002 -0.012138113 1.025385141 -0.006111398 0.999979734 0.001733813 -1.781859398 0.012148500 -0.001659472 0.999924779 67.602890015
0.999902308 0.006266654 -0.012493576 1.037931681 -0.006242191 0.999978483 0.001995979 -1.800359964 0.012505815 -0.001917796 0.999920011 68.132911682
0.999904394 0.006713078 -0.012093301 1.040666103 -0.006688884 0.999975622 0.002039966 -1.818733931 0.012106701 -0.001958880 0.999924779 68.679893494
0.999906719 0.006585721 -0.011966953 1.031162500 -0.006567455 0.999977231 0.001565067 -1.826131821 0.011976988 -0.001486328 0.999927163 69.235389709
0.999906123 0.006474140 -0.012075249 1.040690780 -0.006455564 0.999977887 0.001576688 -1.838398695 0.012085191 -0.001498588 0.999925852 69.785705566
0.999907494 0.006703607 -0.011838426 1.040857792 -0.006684449 0.999976277 0.001657228 -1.857446074 0.011849255 -0.001577942 0.999928534 70.322891235
0.999907136 0.006680032 -0.011880647 1.041821480 -0.006663740 0.999976814 0.001410358 -1.870149016 0.011889793 -0.001331058 0.999928415 70.860466003
0.999906123 0.006529972 -0.012051637 1.053112984 -0.006514480 0.999977887 0.001324304 -1.884311318 0.012060020 -0.001245670 0.999926448 71.409042358
0.999911487 0.006971003 -0.011333361 1.042819500 -0.006950878 0.999974191 0.001814184 -1.903406739 0.011345715 -0.001735246 0.999934137 71.951583862
0.999909818 0.006946225 -0.011495393 1.051921606 -0.006926760 0.999974549 0.001732274 -1.921149015 0.011507132 -0.001652492 0.999932468 72.493614197
0.999909639 0.006890313 -0.011540663 1.053752661 -0.006871636 0.999975145 0.001657092 -1.933825970 0.011551792 -0.001577639 0.999931991 73.047775269
0.999907553 0.007404966 -0.011401229 1.054672241 -0.007386948 0.999971449 0.001621694 -1.949371338 0.011412912 -0.001537323 0.999933660 73.587135315
0.999907315 0.006821215 -0.011777752 1.060383201 -0.006801241 0.999975383 0.001735241 -1.962878466 0.011789296 -0.001654977 0.999929130 74.129356384
0.999908328 0.006493471 -0.011880060 1.069378138 -0.006467510 0.999976635 0.002222447 -1.978788972 0.011894215 -0.002145409 0.999926925 74.666313171
0.999905765 0.006250021 -0.012217367 1.074970484 -0.006218423 0.999977291 0.002622583 -1.997870803 0.012233479 -0.002546364 0.999921918 75.200637817
0.999903381 0.006575244 -0.012243116 1.079532623 -0.006550984 0.999976456 0.002020656 -2.007903337 0.012256113 -0.001940257 0.999922931 75.754219055
0.999902129 0.007298824 -0.011935810 1.079730034 -0.007274988 0.999971390 0.002039208 -2.022202015 0.011950350 -0.001952175 0.999926627 76.298896790
0.999910951 0.006943399 -0.011398642 1.079671741 -0.006925155 0.999974668 0.001639199 -2.031722546 0.011409734 -0.001560115 0.999933660 76.854743958
0.999901593 0.006282598 -0.012542615 1.095348597 -0.006259140 0.999978602 0.001908599 -2.050360918 0.012554336 -0.001829905 0.999919534 77.394577026
0.999897182 0.006160401 -0.012948738 1.103425503 -0.006133860 0.999979019 0.002088428 -2.067308187 0.012961333 -0.002008788 0.999913990 77.936721802
0.999902070 0.006345330 -0.012475132 1.105716705 -0.006328653 0.999979079 0.001375815 -2.077688456 0.012483599 -0.001296730 0.999921203 78.495697021
0.999899983 0.006216933 -0.012702325 1.111901402 -0.006191277 0.999978840 0.002058127 -2.096523523 0.012714849 -0.001979277 0.999917209 79.029914856
0.999890924 0.006956882 -0.013028973 1.117150664 -0.006928251 0.999973476 0.002241347 -2.112898111 0.013044221 -0.002150835 0.999912620 79.572547913
0.999898493 0.006562256 -0.012645302 1.118715286 -0.006540926 0.999977052 0.001727342 -2.121964931 0.012656349 -0.001644455 0.999918580 80.119865417
0.999914825 0.006366680 -0.011393194 1.122096539 -0.006346162 0.999978185 0.001836136 -2.134829044 0.011404636 -0.001763676 0.999933362 80.676254272
0.999924898 0.006871368 -0.010140783 1.124823213 -0.006851604 0.999974549 0.001982384 -2.149991274 0.010154145 -0.001912755 0.999946594 81.222816467
0.999931037 0.006875873 -0.009517092 1.135293841 -0.006860122 0.999975026 0.001686707 -2.167413712 0.009528451 -0.001621302 0.999953270 81.759628296
0.999945343 0.006750550 -0.007987168 1.143591642 -0.006736707 0.999975741 0.001758716 -2.182343721 0.007998846 -0.001704813 0.999966562 82.304229736
0.999963343 0.006910046 -0.005063531 1.157844186 -0.006902282 0.999974966 0.001549178 -2.193645239 0.005074109 -0.001514171 0.999985993 82.856430054
0.999975979 0.006707242 -0.001771868 1.174886584 -0.006705026 0.999976754 0.001253686 -2.195633650 0.001780235 -0.001241775 0.999997675 83.375045776
0.999976873 0.006600248 0.001654788 1.195756078 -0.006603713 0.999975979 0.002096144 -2.239645720 -0.001640913 -0.002107023 0.999996424 83.988014221
0.999955416 0.006732550 0.006630579 1.216853976 -0.006749742 0.999973893 0.002573881 -2.261148453 -0.006613077 -0.002618521 0.999974668 84.531890869
0.999897420 0.007681069 0.012089721 1.242096186 -0.007709769 0.999967515 0.002329140 -2.276180983 -0.012071436 -0.002422110 0.999924183 85.083862305
0.999816716 0.006924758 0.017849438 1.257740498 -0.006957507 0.999974191 0.001773204 -2.279618740 -0.017836701 -0.001897066 0.999839067 85.649314880
0.999697387 0.006622582 0.023692653 1.289146662 -0.006670502 0.999975920 0.001944133 -2.294580698 -0.023679204 -0.002101586 0.999717414 86.191040039
0.999469817 0.006394770 0.031921037 1.317829609 -0.006463660 0.999977052 0.002055437 -2.309003353 -0.031907160 -0.002260674 0.999488235 86.751945496
0.999169946 0.007258801 0.040084742 1.358257294 -0.007341150 0.999971211 0.001907537 -2.326204777 -0.040069751 -0.002200222 0.999194443 87.302024841
0.998874903 0.007018697 0.046900444 1.397316933 -0.007106884 0.999973238 0.001713797 -2.338253736 -0.046887167 -0.002045185 0.998898089 87.854141235
0.998402059 0.006567991 0.056126751 1.446704865 -0.006689431 0.999975622 0.001976055 -2.350521564 -0.056112401 -0.002348353 0.998421729 88.394523621
0.997779787 0.006914276 0.066239886 1.496328831 -0.007033728 0.999974012 0.001570272 -2.359523773 -0.066227309 -0.002032698 0.997802496 88.955963135
0.997176409 0.006188678 0.074839696 1.553499699 -0.006289482 0.999979556 0.001111320 -2.367364645 -0.074831292 -0.001578884 0.997194946 89.501564026
0.996555865 0.006339899 0.082681306 1.621888638 -0.006466276 0.999978304 0.001260802 -2.385143042 -0.082671523 -0.001791100 0.996575236 90.060493469
0.995580494 0.005734813 0.093736969 1.696451187 -0.005855680 0.999982357 0.001014415 -2.395482779 -0.093729511 -0.001558825 0.995596468 90.602760315
0.994533479 0.006033125 0.104244366 1.770335197 -0.006175660 0.999980390 0.001044593 -2.409169674 -0.104236029 -0.001682660 0.994551122 91.153244019
0.993570268 0.005662391 0.113075219 1.858585358 -0.005840498 0.999982178 0.001243915 -2.428934336 -0.113066144 -0.001896333 0.993585646 91.720596313
0.992238700 0.005974692 0.124204025 1.938278198 -0.006170654 0.999980330 0.001193108 -2.436154127 -0.124194428 -0.001950268 0.992255986 92.260398865
0.990652680 0.005641186 0.136291459 2.035833359 -0.005852271 0.999982238 0.001148155 -2.456802368 -0.136282563 -0.001935038 0.990668118 92.828140259
0.989140391 0.005140890 0.146883845 2.143772125 -0.005420431 0.999984205 0.001502947 -2.480183601 -0.146873817 -0.002282799 0.989152551 93.356803894
0.987494469 0.005080358 0.157571882 2.239130020 -0.005315680 0.999985278 0.001072027 -2.485823154 -0.157564119 -0.001896222 0.987506926 93.916152954
0.985400379 0.005138379 0.170175523 2.356232643 -0.005436575 0.999984384 0.001286340 -2.502943039 -0.170166269 -0.002192732 0.985412896 94.439651489
0.983282149 0.004630126 0.182029694 2.487706184 -0.004983714 0.999986470 0.001485108 -2.527614117 -0.182020351 -0.002367465 0.983291864 94.950248718
0.981132746 0.003906729 0.193295822 2.592243195 -0.004211198 0.999990463 0.001164290 -2.529175520 -0.193289429 -0.001956330 0.981139839 95.514320374
0.978447974 0.004431347 0.206445977 2.728668213 -0.004822555 0.999987364 0.001391784 -2.546335697 -0.206437156 -0.002357385 0.978457034 96.048927307
0.975593507 0.003559650 0.219555408 2.875280380 -0.003937706 0.999991477 0.001284323 -2.552804947 -0.219548970 -0.002117522 0.975599170 96.581710815
0.973111987 0.003320807 0.230308533 3.020633698 -0.003801891 0.999991417 0.001645131 -2.581083298 -0.230301097 -0.002476505 0.973116279 97.096099854
0.970256388 0.003134480 0.242059216 3.179464340 -0.003698583 0.999991417 0.001876076 -2.602415562 -0.242051229 -0.002715551 0.970259666 97.619346619
0.966789901 0.003289176 0.255551219 3.343378067 -0.003888509 0.999990761 0.001840043 -2.616142273 -0.255542845 -0.002772648 0.966793835 98.135063171
0.963140368 0.003100304 0.268981427 3.504699707 -0.003575171 0.999992788 0.001275587 -2.621999741 -0.268975526 -0.002190223 0.963144541 98.691268921
0.960217297 0.002106260 0.279246002 3.678558350 -0.002589149 0.999995708 0.001360428 -2.638456583 -0.279241890 -0.002029316 0.960218608 99.200363159
0.956021428 0.001946394 0.293290496 3.862350464 -0.002437903 0.999996126 0.001310307 -2.650529861 -0.293286800 -0.001967695 0.956022441 99.708602905
0.951683819 0.002068253 0.307072401 4.054862976 -0.002583305 0.999995828 0.001270857 -2.661718607 -0.307068527 -0.002002717 0.951685309 100.251647949
0.948005915 0.001389125 0.318249345 4.254066467 -0.001842732 0.999997675 0.001124274 -2.671878576 -0.318247020 -0.001652267 0.948006332 100.766624451
0.943144798 0.001326369 0.332379282 4.438877106 -0.001774588 0.999997795 0.001044975 -2.690011024 -0.332377166 -0.001575399 0.943145275 101.277069092
0.938274741 0.000013320 0.345890939 4.664752960 -0.000553801 0.999998689 0.001463749 -2.712167263 -0.345890492 -0.001564954 0.938273609 101.805175781
0.933798134 -0.000189317 0.357800424 4.885763168 -0.000532501 0.999997914 0.001918849 -2.728051662 -0.357800096 -0.001982346 0.933796167 102.313011169
0.929245472 -0.001013277 0.369461417 5.105054855 0.000627753 0.999999106 0.001163692 -2.733256102 -0.369462192 -0.000849426 0.929245412 102.822586060
0.922993064 -0.000321599 0.384816468 5.340034485 -0.000138049 0.999999225 0.001166836 -2.745705128 -0.384816587 -0.001130105 0.922992349 103.373153687
0.917185009 -0.000299671 0.398461461 5.573287964 -0.000266515 0.999999046 0.001365538 -2.758603811 -0.398461431 -0.001358646 0.917184055 103.868934631
0.912390709 -0.000789234 0.409319669 5.815441132 0.000349246 0.999999225 0.001149674 -2.779495716 -0.409320325 -0.000905999 0.912390292 104.343566895
0.906278133 -0.001635495 0.422678798 6.076126099 0.001161815 0.999998331 0.001378270 -2.792773962 -0.422680438 -0.000758021 0.906278431 104.822364807
0.899671018 -0.001629042 0.436565429 6.348217010 0.001179903 0.999998450 0.001299954 -2.809553862 -0.436566859 -0.000654426 0.899671555 105.390914917
0.894166768 -0.002361368 0.447727829 6.619274139 0.002022151 0.999997199 0.001235620 -2.827463627 -0.447729439 -0.000199477 0.894169092 105.861717224
0.888302445 -0.002496857 0.459252119 6.879577637 0.002199062 0.999996901 0.001183265 -2.836160183 -0.459253669 -0.000041174 0.888305187 106.369125366
0.881285429 -0.002940325 0.472575128 7.160930634 0.002466037 0.999995649 0.001623085 -2.858307838 -0.472577810 -0.000265014 0.881288946 106.817420959
0.874257207 -0.003328763 0.485451549 7.441326141 0.003024336 0.999994457 0.001410432 -2.861181259 -0.485453516 0.000235088 0.874262452 107.303115845
