1.000000000 0.000000000 0.000000000 0.000000000 0.000000000 1.000000000 0.000000000 0.000000000 0.000000000 0.000000000 1.000000000 0.000000000
1.000000000 -0.000071466 -0.000209477 0.004870412 0.000071499 1.000000000 0.000159891 -0.004026004 0.000209466 -0.000159906 0.999999940 -0.003920106
1.000000000 0.000037521 0.000005549 0.000644523 -0.000037522 1.000000000 0.000071168 -0.002729900 -0.000005546 -0.000071168 1.000000000 -0.003156031
1.000000000 -0.000109241 -0.000150846 0.006471948 0.000109270 1.000000000 0.000188455 -0.003038039 0.000150825 -0.000188471 1.000000000 -0.004557299
1.000000000 -0.000015844 -0.000047813 0.000826776 0.000015847 1.000000000 0.000057490 -0.000559200 0.000047812 -0.000057491 1.000000000 0.000117906
1.000000000 -0.000028013 0.000060596 -0.000658713 0.000028012 1.000000000 0.000014125 -0.001683093 -0.000060597 -0.000014124 1.000000000 -0.001529502
1.000000000 -0.000084720 -0.000136359 0.004909115 0.000084745 1.000000000 0.000182147 -0.003284455 0.000136343 -0.000182158 1.000000000 -0.007186130
1.000000000 -0.000125108 -0.000068822 -0.000342766 0.000125111 1.000000000 0.000048307 0.000097115 0.000068816 -0.000048316 1.000000000 0.000464505
1.000000000 0.000012754 -0.000082671 0.002551041 -0.000012746 1.000000000 0.000093024 -0.003458973 0.000082672 -0.000093023 1.000000000 -0.009116427
1.000000000 0.000024603 0.000034858 0.000673534 -0.000024607 1.000000000 0.000100413 -0.002676741 -0.000034856 -0.000100414 1.000000000 -0.005674794
1.000000000 0.000110926 0.000086414 -0.001087191 -0.000110930 1.000000000 0.000050011 -0.001211243 -0.000086408 -0.000050020 1.000000000 -0.005087235
1.000000000 -0.000112477 -0.000025771 -0.000453373 0.000112480 1.000000000 0.000093537 -0.004074220 0.000025761 -0.000093540 1.000000000 -0.008640022
1.000000000 -0.000066459 -0.000006926 0.000308701 0.000066459 1.000000000 0.000061627 -0.001842613 0.000006922 -0.000061627 1.000000000 -0.006265083
1.000000000 -0.000071548 -0.000014525 0.000576929 0.000071549 1.000000000 0.000100921 -0.002135737 0.000014518 -0.000100922 1.000000000 -0.005959621
0.999999940 -0.000237948 -0.000080567 0.001195552 0.000237964 0.999999940 0.000198950 -0.002648043 0.000080519 -0.000198969 1.000000000 -0.008385781
0.999999940 -0.000248687 -0.000096397 -0.000738054 0.000248700 0.999999940 0.000135431 -0.002957430 0.000096364 -0.000135455 1.000000000 -0.009194754
1.000000000 -0.000167191 0.000025347 0.000000528 0.000167189 1.000000000 0.000052203 -0.001153728 -0.000025356 -0.000052198 1.000000000 -0.008019262
1.000000000 0.000050740 0.000002170 0.002016655 -0.000050740 1.000000000 0.000186697 -0.003764620 -0.000002160 -0.000186697 1.000000000 -0.011623237
1.000000000 -0.000230875 -0.000073433 0.001910291 0.000230886 0.999999940 0.000148642 -0.004759211 0.000073398 -0.000148659 1.000000000 -0.010227450
1.000000000 -0.000221733 -0.000048087 0.002403365 0.000221739 0.999999940 0.000129914 -0.005598625 0.000048058 -0.000129924 1.000000000 -0.012352998
1.000000000 -0.000056264 -0.000033323 0.002938916 0.000056272 0.999999940 0.000244829 -0.005767922 0.000033309 -0.000244831 0.999999940 -0.014028034
1.000000000 0.000032296 0.000052931 -0.000481360 -0.000032302 1.000000000 0.000112796 -0.001186869 -0.000052927 -0.000112797 1.000000000 -0.006833209
0.999999940 -0.000216973 -0.000156964 0.004671884 0.000216999 0.999999940 0.000164882 -0.003445884 0.000156928 -0.000164916 1.000000000 -0.012749498
1.000000000 -0.000203516 -0.000098848 0.003079645 0.000203542 0.999999940 0.000263308 -0.004585846 0.000098794 -0.000263329 0.999999940 -0.010454137
1.000000000 -0.000058762 -0.000122526 0.005953488 0.000058788 1.000000000 0.000209101 -0.003666409 0.000122514 -0.000209108 1.000000000 -0.015930844
1.000000000 -0.000084924 -0.000042881 0.000800812 0.000084933 1.000000000 0.000209723 -0.003107376 0.000042863 -0.000209726 1.000000000 -0.013841917
1.000000000 -0.000082875 -0.000014441 -0.001571022 0.000082878 1.000000000 0.000205297 -0.004855647 0.000014424 -0.000205298 1.000000000 -0.015363794
1.000000000 -0.000077172 -0.000002523 -0.001191809 0.000077173 1.000000000 0.000194356 -0.003263141 0.000002508 -0.000194356 1.000000000 -0.009594368
0.999999940 -0.000250184 -0.000153050 -0.000134774 0.000250204 0.999999940 0.000135258 0.000316300 0.000153017 -0.000135296 1.000000000 -0.007410046
1.000000000 -0.000127967 -0.000106717 0.001773122 0.000127988 1.000000000 0.000201564 -0.002474339 0.000106691 -0.000201578 1.000000000 -0.009599864
1.000000000 -0.000140348 0.000022350 -0.001266444 0.000140346 1.000000000 0.000124680 -0.001628946 -0.000022367 -0.000124677 1.000000000 -0.003084890
0.999999940 -0.000248202 -0.000092613 -0.001786340 0.000248223 0.999999940 0.000233006 -0.002963122 0.000092555 -0.000233029 0.999999940 -0.009625248
0.999999940 -0.000196059 -0.000156263 0.002174018 0.000196101 0.999999940 0.000266805 -0.003897027 0.000156211 -0.000266836 0.999999940 -0.014408846
1.000000000 0.000005143 -0.000068533 -0.000503710 -0.000005137 1.000000000 0.000090542 -0.001012391 0.000068534 -0.000090542 1.000000000 -0.005945770
1.000000000 -0.000086311 -0.000051256 -0.001259024 0.000086315 1.000000000 0.000088972 -0.000773732 0.000051248 -0.000088977 1.000000000 -0.006897806
1.000000000 -0.000151524 -0.000043342 -0.002017392 0.000151524 1.000000000 0.000002224 0.000330161 0.000043342 -0.000002231 1.000000000 -0.010692756
0.999999940 -0.000283737 -0.000230416 0.004514526 0.000283761 0.999999940 0.000106983 -0.001452211 0.000230385 -0.000107048 0.999999940 -0.012332645
1.000000000 -0.000190029 -0.000027523 0.000386714 0.000190030 1.000000000 0.000035575 0.000305285 0.000027516 -0.000035580 1.000000000 -0.007762756
1.000000000 -0.000049674 -0.000066953 -0.000482653 0.000049693 0.999999940 0.000280562 -0.002603974 0.000066939 -0.000280565 0.999999940 -0.012088811
0.999999940 -0.000233045 -0.000268235 0.005058917 0.000233089 0.999999940 0.000166439 -0.006094899 0.000268196 -0.000166501 0.999999940 -0.007134222
1.000000000 0.000017796 -0.000170028 0.008265400 -0.000017870 0.999999881 -0.000438736 -0.008667856 0.000170020 0.000438739 0.999999881 0.042019725
1.000000000 -0.000025859 -0.000180478 0.007790401 0.000025627 0.999999166 -0.001283443 -0.003524944 0.000180511 0.001283438 0.999999166 0.143787891
1.000000000 -0.000034134 -0.000044173 0.004145324 0.000034072 0.999999046 -0.001397443 -0.010336016 0.000044221 0.001397441 0.999999046 0.262916923
0.999999940 -0.000284222 0.000216178 0.001520619 0.000284478 0.999999285 -0.001185297 -0.017009377 -0.000215841 0.001185359 0.999999285 0.384460300
1.000000000 0.000156207 -0.000008795 0.005678843 -0.000156217 0.999999344 -0.001124220 -0.021724900 0.000008619 0.001124222 0.999999344 0.534244359
1.000000000 0.000099246 0.000041972 0.016097169 -0.000099198 0.999999344 -0.001143004 -0.027020032 -0.000042086 0.001143000 0.999999344 0.681234837
0.999999940 0.000107047 0.000261736 0.026755840 -0.000106860 0.999999762 -0.000712984 -0.035807285 -0.000261812 0.000712956 0.999999702 0.852843523
1.000000000 -0.000068577 0.000167699 0.022683391 0.000068673 0.999999821 -0.000568975 -0.038451444 -0.000167660 0.000568986 0.999999821 1.022809505
0.999999821 0.000173377 0.000585040 0.009605321 -0.000172985 0.999999762 -0.000669990 -0.039057907 -0.000585156 0.000669888 0.999999583 1.193909526
0.999999940 0.000082870 0.000313918 0.032116648 -0.000082735 0.999999881 -0.000430635 -0.053745184 -0.000313954 0.000430609 0.999999881 1.417265296
0.999999881 0.000317165 0.000425791 0.030339835 -0.000316925 0.999999762 -0.000565243 -0.058429021 -0.000425970 0.000565108 0.999999762 1.606886148
0.999999523 0.000622544 0.000747631 0.033637177 -0.000622410 0.999999762 -0.000178686 -0.070068769 -0.000747743 0.000178221 0.999999702 1.800355315
0.999999821 0.000042294 0.000574374 0.026890613 -0.000042862 0.999999464 0.000988537 -0.075401522 -0.000574332 -0.000988561 0.999999344 1.840328932
0.999999464 0.000333935 0.000977913 0.032222632 -0.000334809 0.999999642 0.000893127 -0.081859261 -0.000977614 -0.000893454 0.999999166 2.065546036
0.999998629 0.001109065 0.001151008 0.029698681 -0.001110070 0.999998987 0.000872608 -0.082292050 -0.001150039 -0.000873884 0.999998987 2.276228666
1.000000000 0.000013530 0.000192182 0.050373849 -0.000013777 0.999999166 0.001283858 -0.098013900 -0.000192164 -0.001283861 0.999999166 2.503578186
0.999999881 0.000329147 0.000499301 0.052525762 -0.000329945 0.999998629 0.001599482 -0.103865117 -0.000498774 -0.001599647 0.999998629 2.740818024
0.999999821 0.000478778 0.000471110 0.060960382 -0.000479494 0.999998748 0.001519693 -0.108988836 -0.000470381 -0.001519919 0.999998689 2.965513706
0.999999881 0.000107623 0.000518789 0.055225872 -0.000108376 0.999998927 0.001452194 -0.113618545 -0.000518633 -0.001452250 0.999998808 3.223248005
0.999999821 -0.000680425 -0.000316334 0.082618281 0.000680896 0.999998748 0.001490539 -0.127100751 0.000315320 -0.001490754 0.999998868 3.433934927
0.999999762 -0.000295543 -0.000619453 0.091518290 0.000296479 0.999998808 0.001510229 -0.130191162 0.000619006 -0.001510412 0.999998689 3.680436611
0.999998927 -0.001221818 -0.000821269 0.101148486 0.001223144 0.999997973 0.001616325 -0.141028360 0.000819293 -0.001617328 0.999998391 3.961112976
0.999999821 -0.000395580 -0.000440826 0.100521319 0.000396441 0.999997973 0.001953536 -0.146532208 0.000440052 -0.001953711 0.999997973 4.226842403
0.999996841 -0.002075110 -0.001410857 0.110049814 0.002078606 0.999994695 0.002480597 -0.173748925 0.001405702 -0.002483522 0.999995947 4.467089176
0.999997020 -0.002120361 -0.001206201 0.116931282 0.002123637 0.999994040 0.002721076 -0.183414787 0.001200424 -0.002723630 0.999995589 4.727122307
0.999998271 -0.001668497 -0.000861375 0.115242794 0.001670477 0.999995947 0.002303571 -0.184106946 0.000857529 -0.002305006 0.999996901 4.993503571
0.999997556 -0.001998372 -0.001002830 0.112372719 0.002001079 0.999994397 0.002706272 -0.194958642 0.000997416 -0.002708272 0.999995828 5.273167610
0.999999166 -0.001310200 -0.000050266 0.100292981 0.001310348 0.999994457 0.003064663 -0.219952151 0.000046250 -0.003064726 0.999995291 5.503209114
0.999999344 -0.001111911 -0.000000183 0.107972138 0.001111906 0.999994695 0.003039650 -0.226921275 -0.000003197 -0.003039648 0.999995351 5.776493549
0.999999464 -0.000958855 0.000414643 0.107907631 0.000957598 0.999994934 0.003020640 -0.235343784 -0.000417538 -0.003020241 0.999995351 6.054072380
0.999998868 -0.001479141 0.000160357 0.114875987 0.001478658 0.999994457 0.002968517 -0.244796500 -0.000164747 -0.002968277 0.999995589 6.325351715
0.999999106 -0.001357032 0.000196708 0.124840327 0.001356440 0.999994576 0.002980085 -0.252568275 -0.000200751 -0.002979816 0.999995530 6.603270054
0.999998927 -0.001399800 0.000430714 0.138144746 0.001398397 0.999993801 0.003240205 -0.256402284 -0.000435247 -0.003239599 0.999994636 6.917755604
0.999998987 -0.001383581 0.000225337 0.142266631 0.001382793 0.999993026 0.003462534 -0.272123307 -0.000230126 -0.003462219 0.999993980 7.198647976
0.999997437 -0.002224237 -0.000410625 0.150023207 0.002225475 0.999993026 0.003039184 -0.297275215 0.000403863 -0.003040090 0.999995232 7.579432011
0.999997020 -0.002302124 -0.000838823 0.167054534 0.002305155 0.999990761 0.003630453 -0.312634408 0.000830458 -0.003632376 0.999993026 7.895046234
0.999996543 -0.002543171 -0.000559928 0.160681397 0.002545137 0.999990463 0.003539244 -0.315580279 0.000550922 -0.003540657 0.999993563 8.220507622
0.999996006 -0.002694633 -0.000890307 0.177727446 0.002697888 0.999989569 0.003675985 -0.324837714 0.000880392 -0.003678372 0.999992847 8.548261642
0.999993086 -0.003620762 -0.000916396 0.189097077 0.003624229 0.999986231 0.003810124 -0.330109477 0.000902587 -0.003813419 0.999992311 8.844529152
0.999996603 -0.002481030 -0.000677883 0.189893261 0.002483531 0.999989986 0.003715483 -0.341575235 0.000668658 -0.003717155 0.999992847 9.215021133
0.999992788 -0.003629074 -0.001140882 0.180395380 0.003633188 0.999986827 0.003624456 -0.359281719 0.001127714 -0.003628574 0.999992788 9.599380493
0.999993384 -0.003455275 -0.001215899 0.193161398 0.003459890 0.999986768 0.003814100 -0.371383578 0.001202704 -0.003818281 0.999992013 9.944207191
0.999994338 -0.003256396 -0.000889553 0.184426725 0.003259666 0.999987841 0.003700515 -0.383541584 0.000877492 -0.003703393 0.999992728 10.316314697
0.999992490 -0.003732119 -0.001088743 0.190058380 0.003736456 0.999985039 0.004010127 -0.391559005 0.001073761 -0.004014164 0.999991357 10.680797577
0.999992073 -0.003794453 -0.001234188 0.199078739 0.003799841 0.999983132 0.004392883 -0.402806699 0.001217499 -0.004397538 0.999989569 11.041540146
0.999994516 -0.003236111 -0.000790954 0.192203760 0.003239555 0.999985099 0.004391389 -0.421846956 0.000776732 -0.004393927 0.999990046 11.423007011
0.999989986 -0.004348312 -0.001071086 0.191291511 0.004353225 0.999979913 0.004628759 -0.462143391 0.001050937 -0.004633376 0.999988675 11.813253403
0.999989569 -0.004407537 -0.001187399 0.203587219 0.004413560 0.999977171 0.005119011 -0.475251794 0.001164809 -0.005124198 0.999986231 12.197166443
0.999993443 -0.003533736 -0.000696084 0.211880252 0.003537402 0.999979436 0.005337445 -0.486908793 0.000677208 -0.005339872 0.999985576 12.579870224
0.999990821 -0.004114943 -0.001195133 0.232827574 0.004121363 0.999976814 0.005420157 -0.494924873 0.001172802 -0.005425032 0.999984622 12.982240677
0.999987125 -0.004921474 -0.001214059 0.239925176 0.004927831 0.999973893 0.005290153 -0.506493986 0.001187991 -0.005296067 0.999985278 13.354699135
0.999994040 -0.003391118 -0.000609200 0.245935246 0.003394340 0.999979794 0.005368886 -0.513408720 0.000590981 -0.005370921 0.999985456 13.776968956
0.999992013 -0.003871561 -0.000899272 0.249888092 0.003876759 0.999975383 0.005853269 -0.547699928 0.000876589 -0.005856709 0.999982476 14.178562164
0.999991536 -0.004054754 -0.000588839 0.257486165 0.004057995 0.999976039 0.005611614 -0.561167777 0.000566071 -0.005613956 0.999984086 14.606556892
0.999988973 -0.004620457 -0.000800358 0.272961050 0.004625104 0.999971867 0.005905150 -0.564909875 0.000773051 -0.005908786 0.999982238 15.022626877
0.999990761 -0.004303194 -0.000203441 0.268803954 0.004304445 0.999968946 0.006614161 -0.584430933 0.000174973 -0.006614976 0.999978125 15.418621063
0.999989629 -0.004536270 0.000163547 0.296524405 0.004535114 0.999968708 0.006485867 -0.599831820 -0.000192963 -0.006485058 0.999978960 15.861767769
0.999995410 -0.002983702 0.000465336 0.280465841 0.002980522 0.999973178 0.006690630 -0.614396334 -0.000485287 -0.006689212 0.999977529 16.354528427
0.999995053 -0.003093967 0.000591595 0.291941673 0.003090563 0.999979079 0.005672619 -0.612808585 -0.000609134 -0.005670763 0.999983728 16.822816849
0.999994457 -0.003065601 0.001369637 0.299780726 0.003057191 0.999976754 0.006100467 -0.625262797 -0.001388307 -0.006096246 0.999980450 17.268846512
0.999995530 -0.002734414 0.001208539 0.311325610 0.002727032 0.999977827 0.006067703 -0.638693810 -0.001225103 -0.006064380 0.999980807 17.726467133
0.999992967 -0.003578451 0.001160650 0.333782822 0.003571328 0.999975145 0.006082687 -0.632635117 -0.001182387 -0.006078499 0.999980807 18.209686279
0.999993742 -0.002845342 0.002132192 0.328543872 0.002831304 0.999974489 0.006557999 -0.650341094 -0.002150797 -0.006551921 0.999976218 18.716152191
0.999993503 -0.003247871 0.001630943 0.362564415 0.003236243 0.999969661 0.007082596 -0.663257957 -0.001653896 -0.007077271 0.999973595 19.122915268
0.999991417 -0.003958119 0.001240753 0.342346936 0.003950825 0.999975204 0.005826885 -0.686248004 -0.001263786 -0.005821933 0.999982238 19.640947342
0.999992371 -0.003798659 0.000982271 0.354649693 0.003792672 0.999974668 0.006026054 -0.693833113 -0.001005137 -0.006022281 0.999981344 20.129919052
0.999992907 -0.003457304 0.001459754 0.358766049 0.003447884 0.999973476 0.006406970 -0.710160851 -0.001481865 -0.006401892 0.999978364 20.618782043
0.999989212 -0.004538940 0.001041941 0.367615908 0.004531032 0.999961853 0.007470141 -0.745213330 -0.001075806 -0.007465339 0.999971449 21.144765854
0.999988914 -0.004686920 0.000232724 0.363480926 0.004685226 0.999965847 0.006809420 -0.763380527 -0.000264631 -0.006808254 0.999976814 21.636058807
0.999989688 -0.004530253 -0.000001447 0.372302055 0.004530159 0.999966562 0.006797011 -0.772385538 -0.000029345 -0.006796947 0.999976873 22.150766373
0.999985516 -0.005343642 -0.000398024 0.381024957 0.005346467 0.999957800 0.007472308 -0.802926302 0.000358078 -0.007474329 0.999972045 22.665742874
0.999987423 -0.004970928 -0.000663863 0.360587269 0.004975601 0.999961495 0.007233209 -0.811501026 0.000627881 -0.007236421 0.999973595 23.190811157
0.999981463 -0.005893616 -0.001523091 0.387017876 0.005904852 0.999954581 0.007480708 -0.829410195 0.001478934 -0.007489564 0.999970794 23.690851212
0.999978185 -0.006143018 -0.002417414 0.388767064 0.006160965 0.999952972 0.007488109 -0.844483435 0.002371301 -0.007502839 0.999969006 24.229509354
0.999975443 -0.006089092 -0.003488511 0.402292758 0.006116402 0.999950290 0.007872127 -0.859665394 0.003440404 -0.007893271 0.999962986 24.738441467
0.999971926 -0.006366831 -0.003945986 0.414857328 0.006396848 0.999950290 0.007641475 -0.875670314 0.003897138 -0.007666503 0.999963045 25.240934372
0.999964356 -0.007155841 -0.004487347 0.419213653 0.007189401 0.999945879 0.007507771 -0.880501866 0.004433381 -0.007539765 0.999961734 25.783950806
0.999970317 -0.006205396 -0.004556793 0.423268974 0.006240751 0.999950171 0.007785787 -0.894814968 0.004508252 -0.007813995 0.999959290 26.323322296
0.999943674 -0.008609218 -0.006206595 0.456673622 0.008661529 0.999926805 0.008451258 -0.897043884 0.006133382 -0.008504542 0.999945104 26.869029999
0.999954760 -0.007591946 -0.005730256 0.414192766 0.007643079 0.999930799 0.008954919 -0.944030166 0.005661874 -0.008998312 0.999943435 27.408863068
0.999946833 -0.008022536 -0.006471606 0.430422992 0.008078367 0.999930024 0.008647734 -0.959076941 0.006401776 -0.008699555 0.999941647 27.957843781
0.999946237 -0.007872541 -0.006738457 0.432514608 0.007934552 0.999925971 0.009225881 -0.970643520 0.006665327 -0.009278851 0.999934733 28.512868881
0.999944925 -0.007601475 -0.007236651 0.442360461 0.007667588 0.999928772 0.009152268 -0.980169177 0.007166564 -0.009207250 0.999931991 29.062131882
0.999935150 -0.007869236 -0.008231126 0.454046428 0.007946241 0.999924541 0.009364819 -0.989887953 0.008156811 -0.009429618 0.999922276 29.610317230
0.999937415 -0.007657958 -0.008154418 0.431732953 0.007738231 0.999921441 0.009858466 -1.015335083 0.008078282 -0.009920954 0.999918163 30.038711548
0.999939740 -0.007510346 -0.008004561 0.442374349 0.007587071 0.999925077 0.009598127 -1.029333591 0.007931877 -0.009658280 0.999921978 30.586950302
0.999931753 -0.008181287 -0.008329456 0.446805865 0.008265994 0.999913931 0.010186591 -1.044878006 0.008245399 -0.010254749 0.999913454 31.142398834
0.999935210 -0.007599458 -0.008474001 0.416980505 0.007689954 0.999913216 0.010698293 -1.083848000 0.008391964 -0.010762764 0.999906838 31.565248489
0.999931872 -0.007846938 -0.008649462 0.425141037 0.007944567 0.999904513 0.011311422 -1.105505824 0.008559875 -0.011379367 0.999898612 32.090198517
0.999926984 -0.008092382 -0.008970774 0.429251045 0.008185055 0.999913037 0.010342444 -1.094244242 0.008886298 -0.010415116 0.999906242 32.618606567
0.999940038 -0.006848433 -0.008543652 0.399613678 0.006941026 0.999917030 0.010855533 -1.131181240 0.008468599 -0.010914186 0.999904573 33.104484558
0.999919832 -0.008589887 -0.009293333 0.415967196 0.008691175 0.999902666 0.010913897 -1.124631882 0.009198679 -0.010993794 0.999897301 33.735839844
0.999926388 -0.007726895 -0.009355365 0.421244711 0.007833589 0.999904096 0.011422345 -1.150392532 0.009266209 -0.011494793 0.999890983 34.194873810
0.999923110 -0.008029337 -0.009449944 0.418704987 0.008143301 0.999893785 0.012083724 -1.163694382 0.009351916 -0.012159750 0.999882281 34.705665588
0.999913812 -0.008128427 -0.010307129 0.436446130 0.008242287 0.999904990 0.011052880 -1.166266203 0.010216308 -0.011136883 0.999885738 35.250141144
0.999918938 -0.007604843 -0.010214617 0.431914270 0.007723324 0.999902844 0.011610319 -1.197839499 0.010125329 -0.011688269 0.999880373 35.805168152
0.999926150 -0.007565812 -0.009512860 0.401633054 0.007678890 0.999899626 0.011906993 -1.219784260 0.009421819 -0.011979161 0.999883831 36.275203705
0.999917448 -0.007787681 -0.010220801 0.413508862 0.007906786 0.999900699 0.011665142 -1.228288889 0.010128940 -0.011744991 0.999879718 36.831180573
0.999912977 -0.008079697 -0.010425773 0.418211877 0.008202617 0.999896705 0.011801616 -1.235158443 0.010329342 -0.011886108 0.999876022 37.366302490
0.999905527 -0.008790419 -0.010571514 0.409689158 0.008920654 0.999884069 0.012335906 -1.261770487 0.010461852 -0.012429045 0.999867976 37.875549316
0.999903202 -0.008718472 -0.010843202 0.434638470 0.008843595 0.999894261 0.011545449 -1.244560122 0.010741396 -0.011640224 0.999874532 38.462150574
0.999904990 -0.008782305 -0.010627959 0.429226011 0.008907528 0.999890745 0.011793039 -1.271759272 0.010523228 -0.011886586 0.999873996 39.005310059
0.999917448 -0.007736141 -0.010261815 0.435531974 0.007862457 0.999893069 0.012326451 -1.296921730 0.010165359 -0.012406115 0.999871373 39.437263489
0.999926209 -0.007520645 -0.009539535 0.429348320 0.007642319 0.999889135 0.012783078 -1.322146654 0.009442341 -0.012855041 0.999872804 39.945629120
0.999912441 -0.008066650 -0.010494541 0.473327905 0.008205205 0.999878824 0.013227121 -1.335899472 0.010386571 -0.013312072 0.999857426 40.486988068
0.999910951 -0.007814534 -0.010822368 0.486758649 0.007940039 0.999901175 0.011602837 -1.319719195 0.010730628 -0.011687732 0.999874055 41.071907043
0.999907792 -0.007945236 -0.011015287 0.473228812 0.008089509 0.999881208 0.013115377 -1.353426933 0.010909773 -0.013203275 0.999853313 41.597824097
0.999896824 -0.008020254 -0.011927742 0.508503616 0.008178959 0.999877870 0.013316740 -1.376293182 0.011819482 -0.013412923 0.999840140 42.135120392
0.999897301 -0.008141808 -0.011804506 0.501046062 0.008299839 0.999875724 0.013400610 -1.359877586 0.011693935 -0.013497207 0.999840438 42.671840668
0.999904692 -0.008239185 -0.011075500 0.455726177 0.008394397 0.999866188 0.014041261 -1.411609650 0.010958332 -0.014132895 0.999840081 43.131191254
0.999903321 -0.007871129 -0.011460631 0.457006156 0.008019735 0.999883592 0.012978933 -1.409745455 0.011357137 -0.013069589 0.999850154 43.669826508
0.999903858 -0.008324578 -0.011085051 0.459639192 0.008464743 0.999884009 0.012658233 -1.412815690 0.010978390 -0.012750847 0.999858439 44.214591980
0.999907672 -0.007944509 -0.011024663 0.461992830 0.008097877 0.999870181 0.013937109 -1.423569441 0.010912510 -0.014025100 0.999842048 44.726562500
0.999886632 -0.009156637 -0.011946524 0.483302772 0.009337185 0.999841690 0.015145849 -1.445878983 0.011805948 -0.015255678 0.999813914 45.259639740
0.999894202 -0.008820517 -0.011566735 0.478651822 0.008981210 0.999862969 0.013915229 -1.461944342 0.011442407 -0.014017642 0.999836266 45.791450500
0.999901295 -0.008187727 -0.011416046 0.474240780 0.008341485 0.999874234 0.013486533 -1.468716264 0.011304187 -0.013580431 0.999843836 46.342144012
0.999893069 -0.008912041 -0.011594627 0.477404892 0.009072500 0.999862731 0.013860861 -1.474039316 0.011469509 -0.013964571 0.999836683 46.894123077
0.999911308 -0.007870419 -0.010743902 0.461506844 0.008015695 0.999876142 0.013546196 -1.483364940 0.010635957 -0.013631115 0.999850512 47.424804688
0.999894321 -0.008831461 -0.011547563 0.495753825 0.008986373 0.999869406 0.013432822 -1.484909654 0.011427424 -0.013535174 0.999843121 47.938701630
0.999887049 -0.009019842 -0.012025395 0.515976965 0.009178523 0.999870658 0.013206093 -1.492921114 0.011904722 -0.013314977 0.999840498 48.505626678
0.999891639 -0.008845775 -0.011763473 0.532139659 0.009005742 0.999866724 0.013615968 -1.498286724 0.011641460 -0.013720433 0.999838114 48.808193207
0.999879479 -0.009559584 -0.012231551 0.539020479 0.009728493 0.999857128 0.013825222 -1.508914471 0.012097640 -0.013942552 0.999829650 49.349922180
0.999900520 -0.008195206 -0.011483951 0.519768059 0.008344792 0.999880135 0.013038996 -1.511550903 0.011375718 -0.013133530 0.999849021 49.902805328
0.999889314 -0.008814370 -0.011990491 0.543233871 0.008969368 0.999876082 0.012935105 -1.512147903 0.011874991 -0.013041220 0.999844432 50.448337555
0.999893725 -0.008526773 -0.011824693 0.543275833 0.008676313 0.999882281 0.012653341 -1.514111996 0.011715409 -0.012754590 0.999850035 50.972957611
0.999901474 -0.007896695 -0.011606967 0.532479703 0.008057872 0.999870777 0.013905506 -1.546330214 0.011495663 -0.013997663 0.999835908 51.311134338
0.999896169 -0.008388009 -0.011722493 0.544043481 0.008545640 0.999872744 0.013462029 -1.544883013 0.011608083 -0.013560806 0.999840677 51.855327606
0.999901950 -0.008127654 -0.011401902 0.525447071 0.008273260 0.999884069 0.012781781 -1.550008059 0.011296694 -0.012874858 0.999853253 52.413818359
0.999892890 -0.009055487 -0.011497452 0.538230121 0.009200638 0.999877810 0.012635123 -1.570688725 0.011381631 -0.012739552 0.999854088 52.916362762
0.999900579 -0.008246722 -0.011441974 0.501144886 0.008398903 0.999876022 0.013316397 -1.574244022 0.011330739 -0.013411173 0.999845862 53.451343536
0.999890924 -0.008609092 -0.012005445 0.535610020 0.008768506 0.999873221 0.013289561 -1.589071035 0.011889511 -0.013393381 0.999839544 54.012409210
0.999889433 -0.008575654 -0.012149685 0.582375824 0.008739375 0.999870777 0.013486915 -1.587816715 0.012032455 -0.013591605 0.999835253 54.402645111
0.999895453 -0.008128048 -0.011959367 0.587482333 0.008285185 0.999879181 0.013148947 -1.590792418 0.011851048 -0.013246657 0.999841988 54.965309143
0.999890208 -0.008615470 -0.012057611 0.591080844 0.008775022 0.999873817 0.013242840 -1.601504564 0.011941995 -0.013347193 0.999839664 55.498157501
0.999885917 -0.009262142 -0.011932502 0.568482280 0.009422868 0.999864638 0.013484651 -1.622510672 0.011805991 -0.013595552 0.999837935 56.012897491
0.999893725 -0.008439146 -0.011888041 0.546821117 0.008589987 0.999882460 0.012695140 -1.626910567 0.011779510 -0.012795908 0.999848783 56.508098602
0.999884784 -0.009243388 -0.012036092 0.547112763 0.009403274 0.999867320 0.013295733 -1.645318508 0.011911596 -0.013407382 0.999839187 57.035686493
0.999875128 -0.009794248 -0.012402727 0.580256641 0.009972365 0.999846876 0.014381616 -1.666819572 0.012259969 -0.014503505 0.999819636 57.394531250
0.999877870 -0.009399096 -0.012487713 0.584201694 0.009572871 0.999857187 0.013929584 -1.673156857 0.012355004 -0.014047426 0.999824941 57.939971924
0.999863863 -0.010377770 -0.012829945 0.604751110 0.010543901 0.999860525 0.012949458 -1.676182032 0.012693770 -0.013082970 0.999833822 58.494426727
0.999853969 -0.010718929 -0.013311162 0.594611168 0.010890585 0.999857545 0.012890948 -1.670890808 0.013171092 -0.013034033 0.999828279 59.023406982
0.999869406 -0.010162654 -0.012566542 0.602697253 0.010325264 0.999862909 0.012943489 -1.684438229 0.012433277 -0.013071550 0.999837220 59.549179077
0.999862432 -0.010440065 -0.012883988 0.601652384 0.010626575 0.999838471 0.014493642 -1.698311687 0.012730594 -0.014628559 0.999811947 59.907855988
0.999877632 -0.009634781 -0.012326368 0.596247852 0.009815489 0.999844015 0.014684841 -1.712457418 0.012182960 -0.014804034 0.999816179 60.446331024
0.999865532 -0.010179068 -0.012854335 0.623560429 0.010364818 0.999841571 0.014467316 -1.715696335 0.012705036 -0.014598602 0.999812722 60.970943451
0.999864638 -0.010121388 -0.012974807 0.635251582 0.010304802 0.999846816 0.014148100 -1.696475267 0.012829622 -0.014279889 0.999815643 61.508575439
0.999863625 -0.010395958 -0.012832636 0.600305259 0.010583677 0.999836683 0.014648040 -1.742525220 0.012678260 -0.014781859 0.999810338 61.926490784
0.999875128 -0.009573323 -0.012567653 0.602474630 0.009763439 0.999837458 0.015154249 -1.749670863 0.012420534 -0.015275061 0.999806166 62.480686188
0.999861121 -0.010452404 -0.012975817 0.599456429 0.010646488 0.999831021 0.014979468 -1.758787274 0.012817054 -0.015115536 0.999803543 63.022186279
0.999867678 -0.009905718 -0.012905673 0.609207690 0.010096112 0.999839902 0.014772030 -1.770562887 0.012757281 -0.014900373 0.999807537 63.545333862
0.999868274 -0.010108702 -0.012702411 0.617623568 0.010286853 0.999848545 0.014038733 -1.744839549 0.012558575 -0.014167552 0.999820769 63.960853577
0.999845505 -0.011620724 -0.013186438 0.611427248 0.011813078 0.999823570 0.014604422 -1.767388344 0.013014398 -0.014757939 0.999806404 64.382743835
0.999842823 -0.011880079 -0.013162498 0.614382386 0.012074362 0.999817908 0.014780594 -1.780371666 0.012984506 -0.014937199 0.999804139 64.930809021
0.999847472 -0.011033461 -0.013536730 0.619055510 0.011234866 0.999825954 0.014893685 -1.791712761 0.013370045 -0.015043496 0.999797463 65.472450256
0.999850631 -0.011496198 -0.012902521 0.610540509 0.011690210 0.999818206 0.015063474 -1.811891556 0.012727003 -0.015212059 0.999803245 65.980072021
0.999847651 -0.011545615 -0.013093119 0.612181306 0.011742692 0.999817312 0.015076181 -1.826327443 0.012916663 -0.015227633 0.999800622 66.410728455
0.999865830 -0.010686151 -0.012415242 0.590144634 0.010872645 0.999827504 0.015052309 -1.838155985 0.012252249 -0.015185276 0.999809623 66.962593079
0.999876142 -0.009710397 -0.012388525 0.627266824 0.009891393 0.999844015 0.014633377 -1.849641085 0.012244496 -0.014754103 0.999816179 67.461524963
0.999864101 -0.010461253 -0.012741619 0.636435986 0.010642309 0.999842107 0.014225726 -1.842858911 0.012590790 -0.014359392 0.999817550 67.986602783
0.999850690 -0.011495890 -0.012902973 0.627617717 0.011689179 0.999819040 0.015005945 -1.851209641 0.012728134 -0.015154532 0.999804080 68.383811951
0.999852896 -0.011287552 -0.012914098 0.642707586 0.011484653 0.999817073 0.015291333 -1.871726632 0.012739135 -0.015437399 0.999799669 68.927787781
0.999860883 -0.010873240 -0.012646875 0.628706157 0.011062462 0.999826491 0.014989493 -1.871001840 0.012481697 -0.015127315 0.999807656 69.479682922
0.999825060 -0.012770882 -0.013664275 0.679328144 0.012970496 0.999808967 0.014620982 -1.880373478 0.013474942 -0.014795657 0.999799728 70.013870239
0.999850869 -0.011290606 -0.013067268 0.664534569 0.011490763 0.999816179 0.015344998 -1.892711401 0.012891614 -0.015492862 0.999796808 70.349197388
0.999860823 -0.010945464 -0.012592422 0.667269826 0.011132590 0.999827147 0.014887149 -1.894221783 0.012427300 -0.015025262 0.999809861 70.899932861
0.999854982 -0.011085947 -0.012929090 0.674417675 0.011276404 0.999827623 0.014752343 -1.903081298 0.012763319 -0.014895996 0.999807596 71.459053040
0.999849856 -0.011582379 -0.012885313 0.692968547 0.011767533 0.999827206 0.014387488 -1.909384847 0.012716447 -0.014536956 0.999813437 71.988227844
0.999875069 -0.009829842 -0.012378069 0.729254484 0.010011216 0.999842167 0.014677077 -1.937216401 0.012231844 -0.014799162 0.999815702 72.464332581
0.999836326 -0.012133007 -0.013420423 0.685010195 0.012338633 0.999806106 0.015346506 -1.915457129 0.013231622 -0.015509584 0.999792159 72.911903381
0.999839067 -0.011995125 -0.013335745 0.694826365 0.012193229 0.999815047 0.014874444 -1.922650814 0.013154860 -0.015034660 0.999800444 73.448051453
0.999830782 -0.012621580 -0.013382640 0.707905531 0.012824255 0.999802649 0.015168594 -1.940820813 0.013188547 -0.015337650 0.999795318 74.028594971
0.999824941 -0.013149071 -0.013310273 0.688528955 0.013340978 0.999806821 0.014433330 -1.930900693 0.013117916 -0.014608377 0.999807239 74.582786560
0.999811351 -0.013505830 -0.013953396 0.688049436 0.013707845 0.999801040 0.014485050 -1.923916698 0.013754989 -0.014673590 0.999797702 75.136917114
0.999830902 -0.012532429 -0.013455758 0.704258084 0.012725011 0.999816358 0.014323217 -1.929515004 0.013273783 -0.014492018 0.999806821 75.526847839
0.999824703 -0.013020283 -0.013457194 0.708113551 0.013211809 0.999811232 0.014242722 -1.931719780 0.013269211 -0.014418019 0.999807954 76.075141907
0.999832511 -0.012530286 -0.013336274 0.706074953 0.012721542 0.999816000 0.014354230 -1.942197204 0.013153957 -0.014521485 0.999808073 76.594245911
0.999826550 -0.012944194 -0.013386752 0.715840220 0.013124649 0.999822915 0.013481404 -1.937152863 0.013209878 -0.013654762 0.999819458 77.129776001
0.999860287 -0.012038778 -0.011595275 0.710465550 0.012205632 0.999821365 0.014428228 -1.955104113 0.011419508 -0.014567740 0.999828637 77.608963013
0.999885976 -0.011547399 -0.009730869 0.705494702 0.011692206 0.999819756 0.014958051 -1.980575085 0.009556389 -0.015070122 0.999840736 78.156654358
0.999892890 -0.011621420 -0.008893616 0.722926259 0.011745039 0.999833345 0.013976082 -1.979066133 0.008729715 -0.014079041 0.999862790 78.725769043
0.999889493 -0.012541541 -0.007977579 0.727475047 0.012656007 0.999815285 0.014463660 -1.982470155 0.007794708 -0.014563028 0.999863505 79.168479919
0.999914646 -0.012129895 -0.004862022 0.735491157 0.012198407 0.999823093 0.014318267 -1.998808146 0.004687482 -0.014376353 0.999885619 79.708091736
0.999932289 -0.011590675 -0.001061715 0.744222641 0.011605422 0.999818087 0.015134311 -2.024416924 0.000886104 -0.015145606 0.999884903 80.269737244
0.999931455 -0.011573956 0.001781394 0.754078925 0.011547069 0.999829233 0.014428693 -1.990945578 -0.001948087 -0.014407136 0.999894321 80.774269104
0.999916017 -0.011452480 0.006063633 0.785934806 0.011366381 0.999836683 0.014048085 -1.991656780 -0.006223529 -0.013977985 0.999882936 81.326431274
0.999866724 -0.010891617 0.012160480 0.789113462 0.010721379 0.999844790 0.013977947 -1.993324161 -0.012310835 -0.013845705 0.999828339 81.889556885
0.999778867 -0.011154125 0.017823149 0.848271728 0.010892048 0.999832094 0.014734255 -2.018911839 -0.017984502 -0.014536868 0.999732554 82.370132446
0.999654830 -0.011289825 0.023722775 0.827399731 0.010938658 0.999829412 0.014880942 -2.026670456 -0.023886729 -0.014616310 0.999607921 82.859947205
0.999421656 -0.011347525 0.032054912 0.874966145 0.010872777 0.999829113 0.014946194 -2.034161568 -0.032219037 -0.014589026 0.999374330 83.411964417
0.999133468 -0.010956102 0.040154234 0.923152447 0.010353837 0.999831200 0.015176210 -2.047150850 -0.040313728 -0.014747308 0.999078214 83.938369751
0.998825908 -0.011401538 0.047083721 0.967078686 0.010693645 0.999826312 0.015259415 -2.048251867 -0.047249530 -0.014738001 0.998774409 84.519004822
0.998383105 -0.012387755 0.055477604 1.012052059 0.011616427 0.999831617 0.014204405 -2.053352833 -0.055644222 -0.013536983 0.998358905 85.126670837
0.997743428 -0.012984961 0.065875053 1.049869061 0.012040173 0.999819160 0.014718961 -2.042971849 -0.066054262 -0.013892600 0.997719228 85.601593018
0.997162759 -0.012684445 0.074200541 1.146656990 0.011591216 0.999818087 0.015145592 -2.076356173 -0.074379161 -0.014242543 0.997128308 86.056205750
0.996480703 -0.012130077 0.082940176 1.205250740 0.010932543 0.999829590 0.014877486 -2.081356525 -0.083106503 -0.013918379 0.996443450 86.606430054
0.995603442 -0.011569289 0.092950508 1.292353630 0.010205254 0.999833405 0.015136802 -2.083103180 -0.093110159 -0.014121668 0.995555580 87.141624451
0.994618177 -0.012983573 0.102791578 1.380857468 0.011477025 0.999818087 0.015234257 -2.116607666 -0.102970667 -0.013972525 0.994586289 87.584289551
0.993666351 -0.014203019 0.111468911 1.484047890 0.012545760 0.999800265 0.015554852 -2.130979538 -0.111667573 -0.014057872 0.993646204 88.083061218
0.992138386 -0.010913006 0.124668308 1.498765945 0.009068476 0.999840975 0.015353439 -2.071050882 -0.124816030 -0.014102185 0.992079675 88.841857910
0.990549982 -0.011617298 0.136659801 1.599374771 0.009616315 0.999836862 0.015293183 -2.076554775 -0.136815146 -0.013834499 0.990500033 89.386947632
0.988953054 -0.011902272 0.147749990 1.707448959 0.009782800 0.999838650 0.015063427 -2.078475952 -0.147905454 -0.013451613 0.988910019 89.933090210
0.987470686 -0.011099323 0.157411665 1.807303429 0.008709494 0.999836326 0.015863722 -2.093757629 -0.157561973 -0.014293986 0.987405598 90.478164673
0.985494792 -0.011181484 0.169337273 1.935597420 0.008589661 0.999834657 0.016030552 -2.111156464 -0.169488490 -0.014343474 0.985427797 90.999786377
0.983309865 -0.011694529 0.181562558 2.049028397 0.008908185 0.999829888 0.016154381 -2.109501839 -0.181720585 -0.014267369 0.983246624 91.537155151
0.981143534 -0.012999721 0.192842677 2.094148636 0.010129486 0.999822795 0.015862344 -2.072163582 -0.193014711 -0.013609842 0.981101453 91.988227844
0.978422701 -0.012412869 0.206240147 2.222927094 0.009297207 0.999827623 0.016069274 -2.077247858 -0.206404060 -0.013805086 0.978369474 92.556365967
0.975469291 -0.013445776 0.219724521 2.379915237 0.010111822 0.999816120 0.016290998 -2.080762386 -0.219903156 -0.013669553 0.975425899 93.076873779
0.972786188 -0.012406050 0.231372327 2.544784546 0.008721706 0.999818444 0.016939977 -2.100235701 -0.231540471 -0.014461015 0.972717822 93.534698486
0.970095694 -0.013608969 0.242341250 2.778135300 0.010115632 0.999826252 0.015653441 -2.042901278 -0.242512167 -0.012733900 0.970064819 94.071357727
0.966289878 -0.013652947 0.257093698 2.887123108 0.009813115 0.999820411 0.016212681 -2.074155092 -0.257268876 -0.013143263 0.966250420 94.619758606
0.962823093 -0.013691251 0.269785374 3.059761047 0.009613812 0.999818802 0.016429242 -2.083967686 -0.269961417 -0.013224789 0.962780297 95.138473511
0.959703684 -0.015599127 0.280580580 3.252803802 0.011485904 0.999801219 0.016298212 -2.091194153 -0.280779034 -0.012418734 0.959692061 95.667366028
0.955463648 -0.015419364 0.294705570 3.433828354 0.011070873 0.999803960 0.016418161 -2.094844103 -0.294900894 -0.012424309 0.955447078 96.239006042
0.950831831 -0.014460238 0.309370071 3.623918533 0.009830171 0.999815226 0.016519785 -2.096574306 -0.309551775 -0.012666375 0.950798213 96.756546021
0.947193682 -0.015153416 0.320303649 3.800884247 0.010371802 0.999807954 0.016629217 -2.102373600 -0.320494115 -0.012428964 0.947169006 97.220672607
0.942995846 -0.016002761 0.332419634 4.047895432 0.011059596 0.999798417 0.016757086 -2.106339931 -0.332620740 -0.012125435 0.942982733 97.794357300
0.938053548 -0.016172044 0.346112609 4.267795563 0.010945252 0.999794722 0.017050788 -2.108575821 -0.346317321 -0.012206262 0.938038051 98.311401367
0.933199406 -0.016695339 0.358970970 4.491525650 0.011246942 0.999787807 0.017260889 -2.120666504 -0.359183013 -0.012070524 0.933189154 98.844558716
0.928512394 -0.015157064 0.370992124 4.716453552 0.009404020 0.999805868 0.017311348 -2.133680820 -0.371182561 -0.012584981 0.928474724 99.350265503
0.923429668 -0.017738886 0.383357495 4.977342606 0.011710434 0.999768496 0.018053696 -2.149960041 -0.383589029 -0.012182033 0.923423648 99.785720825
0.918092668 -0.018922526 0.395913929 5.212966919 0.012301338 0.999738932 0.019256251 -2.192566872 -0.396174937 -0.012808753 0.918085754 100.229072571
0.913208663 -0.018025659 0.407093555 5.478256226 0.011615850 0.999766648 0.018211443 -2.162874699 -0.407326937 -0.011902109 0.913204908 100.791419983
0.908161640 -0.019774849 0.418152362 5.795368195 0.012800872 0.999728382 0.019476671 -2.225225925 -0.418423951 -0.012335250 0.908168137 101.230583191
0.900955677 -0.017661819 0.433551490 5.927757263 0.010734757 0.999772727 0.018420568 -2.140253067 -0.433778286 -0.011942045 0.900940478 101.744995117
0.895037413 -0.018230543 0.445618033 6.193943024 0.011237661 0.999768853 0.018330047 -2.141879082 -0.445849210 -0.011398373 0.895035446 102.233161926
0.889384866 -0.018937478 0.456766784 6.461421967 0.011716893 0.999757648 0.018635472 -2.149652958 -0.457009017 -0.011222219 0.889391303 102.711448669
0.881910443 -0.016923018 0.471113086 6.733768463 0.009646685 0.999794066 0.017855624 -2.134597778 -0.471318275 -0.011202383 0.881892085 103.222091675
0.875055671 -0.018265273 0.483677536 7.006832123 0.010348300 0.999765337 0.019032618 -2.158972502 -0.483911663 -0.011649360 0.875039339 103.644439697
