1.000000000 0.000000000 0.000000000 0.000000000 0.000000000 1.000000000 0.000000000 0.000000000 0.000000000 0.000000000 1.000000000 0.000000000
1.000000000 -0.000105834 0.000079647 -0.000419873 0.000105835 1.000000000 -0.000011654 0.000606107 -0.000079646 0.000011662 1.000000000 0.001148930
1.000000000 -0.000011203 0.000122142 -0.001073797 0.000011197 1.000000000 0.000047955 0.001130842 -0.000122143 -0.000047954 1.000000000 0.002155568
1.000000000 0.000093301 -0.000030823 0.000098351 -0.000093298 1.000000000 0.000102415 -0.000015756 0.000030833 -0.000102412 1.000000000 0.000413009
1.000000000 0.000104324 0.000107731 -0.001097489 -0.000104329 1.000000000 0.000044655 -0.000392563 -0.000107726 -0.000044666 1.000000000 0.001328438
1.000000000 -0.000062292 -0.000038972 -0.000343304 0.000062293 1.000000000 0.000022962 -0.000501561 0.000038971 -0.000022965 1.000000000 -0.000471327
1.000000000 -0.000107429 0.000144075 -0.002050985 0.000107439 1.000000000 -0.000069259 0.000778250 -0.000144067 0.000069274 1.000000000 0.003434154
0.999999940 -0.000242348 0.000108012 -0.001074031 0.000242349 1.000000000 -0.000005729 0.001097896 -0.000108011 0.000005756 1.000000000 0.004661978
1.000000000 0.000052175 0.000169114 -0.001657714 -0.000052168 1.000000000 -0.000041239 0.001439643 -0.000169117 0.000041230 1.000000000 0.002967811
1.000000000 -0.000150551 0.000139795 -0.000508481 0.000150560 1.000000000 -0.000059593 0.000648873 -0.000139786 0.000059614 1.000000000 0.002258235
0.999999940 -0.000172578 0.000178341 -0.001036235 0.000172576 1.000000000 0.000013138 0.001212592 -0.000178344 -0.000013107 1.000000000 0.004078948
1.000000000 0.000089300 0.000106773 -0.000493644 -0.000089322 1.000000000 0.000204753 -0.001370361 -0.000106755 -0.000204763 1.000000000 0.000807487
1.000000000 0.000006370 0.000163098 -0.001386628 -0.000006388 1.000000000 0.000109583 0.000343387 -0.000163098 -0.000109585 1.000000000 0.004135055
1.000000000 -0.000151169 0.000057481 -0.000922537 0.000151159 1.000000000 0.000173127 0.000884069 -0.000057507 -0.000173118 1.000000000 0.003388254
1.000000000 -0.000001483 0.000130336 -0.001798314 0.000001462 1.000000000 0.000162771 0.000089588 -0.000130336 -0.000162770 1.000000000 0.003054841
1.000000000 0.000007336 0.000054161 -0.001075337 -0.000007348 1.000000000 0.000206971 -0.000473280 -0.000054159 -0.000206971 1.000000000 0.001344718
1.000000000 -0.000105992 0.000082007 -0.001788697 0.000105980 1.000000000 0.000146784 -0.000814296 -0.000082023 -0.000146776 1.000000000 0.002931768
0.999999940 0.000150706 0.000242563 -0.002738050 -0.000150756 0.999999940 0.000206482 -0.000209539 -0.000242531 -0.000206518 0.999999940 0.003228794
1.000000000 -0.000029007 0.000077331 -0.001509942 0.000029001 1.000000000 0.000077339 -0.000037654 -0.000077333 -0.000077336 1.000000000 0.002728196
1.000000000 0.000230300 0.000075354 -0.001223429 -0.000230311 0.999999940 0.000148684 0.000467222 -0.000075320 -0.000148701 1.000000000 0.003187794
1.000000000 0.000185855 0.000111026 -0.001681630 -0.000185880 0.999999940 0.000219285 -0.000257256 -0.000110985 -0.000219306 0.999999940 0.004390631
1.000000000 0.000188439 0.000122222 -0.002057828 -0.000188445 1.000000000 0.000052974 0.000661416 -0.000122212 -0.000052997 1.000000000 0.004124846
1.000000000 -0.000030491 0.000079974 -0.001389206 0.000030478 1.000000000 0.000171044 0.001013443 -0.000079979 -0.000171041 1.000000000 0.004231851
1.000000000 0.000055863 0.000158873 -0.001906789 -0.000055888 1.000000000 0.000156393 0.000476431 -0.000158864 -0.000156402 1.000000000 0.004941551
0.999999940 0.000152830 0.000221264 -0.003497191 -0.000152853 1.000000000 0.000104112 0.001277764 -0.000221248 -0.000104146 0.999999940 0.005286547
1.000000000 -0.000029010 0.000126601 -0.000831340 0.000029006 1.000000000 0.000026896 0.000962082 -0.000126602 -0.000026892 1.000000000 0.004271525
1.000000000 -0.000043658 0.000167012 -0.001656151 0.000043648 1.000000000 0.000055442 0.000240110 -0.000167014 -0.000055435 1.000000000 0.002719072
1.000000000 0.000006629 0.000127068 -0.000325290 -0.000006636 1.000000000 0.000054921 -0.000243037 -0.000127068 -0.000054922 1.000000000 0.001936335
0.999999940 0.000261221 0.000183542 -0.002842558 -0.000261217 0.999999940 -0.000018250 0.000887133 -0.000183546 0.000018202 1.000000000 0.003444126
1.000000000 -0.000049427 0.000195713 -0.002863240 0.000049404 1.000000000 0.000115046 0.000259443 -0.000195719 -0.000115037 1.000000000 0.003214836
1.000000000 0.000116575 0.000178002 -0.001938596 -0.000116585 1.000000000 0.000055135 0.000101352 -0.000177996 -0.000055155 1.000000000 0.002337982
1.000000000 -0.000047513 0.000215088 -0.001983176 0.000047502 1.000000000 0.000049394 0.000913679 -0.000215091 -0.000049384 1.000000000 0.003868105
1.000000000 0.000011494 0.000230754 -0.002962964 -0.000011483 1.000000000 -0.000048916 0.001880973 -0.000230755 0.000048913 1.000000000 0.003561077
0.999999940 -0.000092900 0.000369137 -0.002887333 0.000092930 1.000000000 -0.000082994 0.002366446 -0.000369129 0.000083028 0.999999940 0.005882703
1.000000000 -0.000027564 0.000185867 -0.001106623 0.000027545 1.000000000 0.000100706 -0.000371079 -0.000185870 -0.000100701 1.000000000 0.001849223
0.999999940 0.000202909 0.000178713 -0.001885470 -0.000202896 1.000000000 -0.000068820 0.002353022 -0.000178727 0.000068784 1.000000000 0.003666930
1.000000000 -0.000044328 0.000157712 -0.002319092 0.000044349 1.000000000 -0.000132706 0.003724733 -0.000157706 0.000132713 1.000000000 0.004970170
1.000000000 -0.000102267 0.000103583 -0.001535298 0.000102259 1.000000000 0.000078596 0.000902965 -0.000103591 -0.000078586 1.000000000 0.003952636
0.999999940 0.000092355 0.000226619 -0.002247226 -0.000092396 1.000000000 0.000183721 0.000468644 -0.000226602 -0.000183742 0.999999940 0.003681765
1.000000000 -0.000133648 0.000125399 -0.000478525 0.000133629 1.000000000 0.000146303 0.000214544 -0.000125419 -0.000146286 1.000000000 0.002175779
0.999999940 -0.000094453 0.000389355 -0.003150080 0.000094478 1.000000000 -0.000065337 0.002010391 -0.000389349 0.000065373 0.999999940 0.005294356
0.999999940 -0.000209717 0.000257830 0.000841562 0.000209907 0.999999702 -0.000735813 0.001581877 -0.000257676 0.000735867 0.999999702 0.052546546
0.999999166 0.000732645 -0.000981044 0.009702443 -0.000733306 0.999999464 -0.000673589 -0.011930035 0.000980550 0.000674308 0.999999285 0.139031067
0.999998987 0.000891011 -0.001031514 0.011648092 -0.000892119 0.999998987 -0.001074821 -0.012943875 0.001030555 0.001075740 0.999998927 0.253549874
0.999998987 0.000543578 -0.001301300 0.016156383 -0.000544667 0.999999464 -0.000836969 -0.017872870 0.001300845 0.000837677 0.999998808 0.387462258
0.999999046 0.000538167 -0.001210152 0.020243205 -0.000539263 0.999999464 -0.000905703 -0.021082563 0.001209664 0.000906355 0.999998868 0.536226273
0.999999046 0.000438312 -0.001305170 0.025836736 -0.000438911 0.999999821 -0.000458524 -0.031304531 0.001304968 0.000459096 0.999999046 0.682484388
0.999999166 0.000734495 -0.001085241 0.025691474 -0.000735100 0.999999523 -0.000557255 -0.028336145 0.001084832 0.000558052 0.999999285 0.854568064
0.999999285 -0.000039564 -0.001121830 0.029499477 0.000038661 0.999999702 -0.000805536 -0.033377819 0.001121862 0.000805492 0.999999046 1.025889635
0.999999046 0.000071487 -0.001341817 0.034328818 -0.000072399 0.999999821 -0.000679130 -0.038261168 0.001341768 0.000679227 0.999998927 1.205151200
0.999999344 0.000104838 -0.001065916 0.036623020 -0.000105100 1.000000000 -0.000245843 -0.047051094 0.001065890 0.000245955 0.999999464 1.384486198
0.999999404 0.000004709 -0.001042978 0.036474161 -0.000005138 0.999999940 -0.000411449 -0.047589071 0.001042976 0.000411454 0.999999344 1.582042813
0.999999523 0.000252887 -0.000940817 0.039855566 -0.000253044 1.000000000 -0.000166664 -0.050901357 0.000940774 0.000166902 0.999999464 1.784961104
0.999999166 0.000431225 -0.001187294 0.046938684 -0.000431440 0.999999881 -0.000181088 -0.063777871 0.001187216 0.000181600 0.999999225 1.972019076
0.999999404 0.000096848 -0.001071973 0.050199594 -0.000096885 1.000000000 -0.000034665 -0.071309015 0.001071970 0.000034769 0.999999464 2.181765556
0.999999702 0.000341962 -0.000610577 0.049565699 -0.000341952 0.999999940 0.000016703 -0.077504300 0.000610583 -0.000016494 0.999999821 2.404830217
0.999999344 -0.000313604 -0.001070887 0.061046075 0.000313621 0.999999881 0.000015760 -0.085391238 0.001070882 -0.000016096 0.999999404 2.620635033
0.999999225 -0.000098998 -0.001223297 0.069896676 0.000099446 0.999999881 0.000365859 -0.099494800 0.001223261 -0.000365980 0.999999166 2.838394642
0.999999166 -0.000503740 -0.001185350 0.067744210 0.000503792 0.999999881 0.000043189 -0.100960292 0.001185328 -0.000043786 0.999999285 3.083507776
0.999999404 -0.000044712 -0.001113766 0.069012649 0.000044495 0.999999940 -0.000195140 -0.096629351 0.001113774 0.000195091 0.999999344 3.323645353
0.999999344 0.000068592 -0.001123485 0.075957321 -0.000068641 1.000000000 -0.000043370 -0.108401358 0.001123482 0.000043447 0.999999344 3.574685097
0.999999523 -0.000076398 -0.000938231 0.074954085 0.000076389 0.999999940 -0.000009268 -0.113795415 0.000938232 0.000009196 0.999999583 3.830314875
0.999999404 -0.000343251 -0.001052343 0.079876550 0.000343161 0.999999940 -0.000085871 -0.119053118 0.001052372 0.000085510 0.999999464 4.086031914
0.999999106 0.000162406 -0.001313053 0.089810126 -0.000161221 0.999999583 0.000902128 -0.133119032 0.001313199 -0.000901916 0.999998748 4.345232487
0.999999464 0.000273855 -0.001006190 0.090529747 -0.000273303 0.999999762 0.000549169 -0.137323409 0.001006340 -0.000548894 0.999999344 4.602294445
0.999999523 -0.000056304 -0.000965197 0.100921340 0.000056563 0.999999881 0.000267489 -0.140507087 0.000965182 -0.000267543 0.999999523 4.863452911
0.999999642 0.000285888 -0.000683590 0.099114276 -0.000285563 0.999999762 0.000475413 -0.149407625 0.000683726 -0.000475218 0.999999642 5.121806145
0.999999225 0.000008113 -0.001246268 0.113183558 -0.000007817 1.000000000 0.000237175 -0.158332214 0.001246270 -0.000237165 0.999999166 5.384388447
0.999999225 0.000284584 -0.001133014 0.115742035 -0.000284457 0.999999940 0.000112279 -0.164648175 0.001133046 -0.000111956 0.999999344 5.657858849
0.999999404 -0.000029352 -0.001070467 0.122520775 0.000029978 0.999999821 0.000584999 -0.174669832 0.001070450 -0.000585031 0.999999225 5.930402279
0.999999344 0.000535885 -0.001040858 0.129833817 -0.000535310 0.999999702 0.000552671 -0.186577275 0.001041154 -0.000552114 0.999999344 6.205932140
0.999999285 0.000343922 -0.001207823 0.135700554 -0.000342935 0.999999583 0.000816965 -0.194546372 0.001208104 -0.000816550 0.999998927 6.484178066
0.999999642 0.000181572 -0.000849487 0.132882014 -0.000181195 0.999999881 0.000444042 -0.201438561 0.000849568 -0.000443888 0.999999523 6.779924870
0.999999464 0.000591496 -0.000904648 0.138699383 -0.000590965 0.999999702 0.000586797 -0.210362583 0.000904995 -0.000586262 0.999999404 7.079186916
0.999998748 -0.000609413 -0.001442096 0.154365063 0.000610471 0.999999523 0.000732880 -0.219471946 0.001441648 -0.000733759 0.999998689 7.379017830
0.999999166 -0.000203727 -0.001270646 0.160739854 0.000204632 0.999999642 0.000712098 -0.227044761 0.001270501 -0.000712357 0.999998927 7.691261292
0.999999344 0.000100115 -0.001117776 0.169665784 -0.000098874 0.999999285 0.001110782 -0.241319641 0.001117886 -0.001110671 0.999998748 8.001596451
0.999997675 -0.000578024 -0.002083402 0.188338846 0.000579513 0.999999583 0.000714379 -0.245151401 0.002082989 -0.000715585 0.999997556 8.334094048
0.999996781 -0.001084788 -0.002289926 0.198190153 0.001086277 0.999999225 0.000648994 -0.254442155 0.002289221 -0.000651480 0.999997139 8.654751778
0.999998093 -0.000644586 -0.001827479 0.200186104 0.000646128 0.999999464 0.000843423 -0.262736768 0.001826934 -0.000844602 0.999997973 8.992568016
0.999996960 -0.001157031 -0.002177295 0.208516866 0.001158799 0.999998927 0.000811048 -0.272857338 0.002176354 -0.000813568 0.999997318 9.326963425
0.999997795 -0.000746368 -0.001954101 0.213944942 0.000748576 0.999999106 0.001129390 -0.287091076 0.001953256 -0.001130851 0.999997377 9.665851593
0.999998391 -0.000487902 -0.001705123 0.221977621 0.000490155 0.999999046 0.001321298 -0.297583014 0.001704476 -0.001322132 0.999997616 10.008999825
0.999997795 -0.000571956 -0.002090891 0.229641706 0.000574096 0.999999285 0.001022553 -0.304876745 0.002090305 -0.001023751 0.999997258 10.366909981
0.999998748 -0.000443293 -0.001520526 0.232541621 0.000445536 0.999998808 0.001474599 -0.320157021 0.001519870 -0.001475275 0.999997735 10.718007088
0.999998868 -0.000454752 -0.001385738 0.238741264 0.000456409 0.999999166 0.001196052 -0.322494179 0.001385193 -0.001196683 0.999998331 11.088595390
0.999998927 -0.000620029 -0.001309299 0.244782224 0.000621911 0.999998748 0.001437343 -0.337953597 0.001308407 -0.001438156 0.999998093 11.464458466
0.999999166 -0.000685508 -0.001085727 0.252666414 0.000687049 0.999998748 0.001419334 -0.345992714 0.001084753 -0.001420079 0.999998391 11.843536377
0.999999166 -0.000577909 -0.001161993 0.263754398 0.000579573 0.999998748 0.001432119 -0.360581070 0.001161164 -0.001432791 0.999998271 12.229335785
0.999999225 -0.000454114 -0.001164181 0.273445517 0.000455631 0.999999046 0.001303171 -0.371778995 0.001163588 -0.001303701 0.999998450 12.612879753
0.999999285 -0.000835377 -0.000846468 0.281380564 0.000836705 0.999998391 0.001569914 -0.381658077 0.000845155 -0.001570622 0.999998331 12.999870300
0.999999464 -0.000686294 -0.000705154 0.287981302 0.000687318 0.999998808 0.001452372 -0.394577205 0.000704156 -0.001452856 0.999998629 13.401204109
0.999999464 -0.000770719 -0.000593695 0.299906671 0.000771361 0.999999106 0.001080374 -0.402613908 0.000592861 -0.001080831 0.999999225 13.806879997
0.999999821 -0.000568222 -0.000279199 0.302896112 0.000568508 0.999999285 0.001023880 -0.409369320 0.000278617 -0.001024038 0.999999464 14.230304718
0.999999404 -0.000934283 -0.000425765 0.316073924 0.000934871 0.999998629 0.001382426 -0.426773995 0.000424473 -0.001382824 0.999998868 14.645236015
0.999999523 -0.000975617 -0.000194415 0.324201077 0.000975915 0.999998331 0.001539527 -0.436980665 0.000192912 -0.001539716 0.999998808 15.073290825
0.999999046 -0.001207386 0.000540147 0.329807192 0.001206646 0.999998271 0.001368958 -0.448591024 -0.000541799 -0.001368304 0.999998927 15.511068344
0.999999464 -0.000804514 0.000641270 0.342694551 0.000803673 0.999998748 0.001310732 -0.461742550 -0.000642324 -0.001310215 0.999998927 15.950547218
0.999999106 -0.000772762 0.001066708 0.351310015 0.000771090 0.999998450 0.001567237 -0.474331647 -0.001067917 -0.001566413 0.999998212 16.393053055
0.999998808 -0.000700445 0.001394330 0.354786277 0.000698568 0.999998868 0.001346379 -0.484839946 -0.001395271 -0.001345403 0.999998093 16.849187851
0.999998510 -0.000841339 0.001517643 0.367517889 0.000838840 0.999998271 0.001646723 -0.498151004 -0.001519025 -0.001645448 0.999997497 17.305213928
0.999998152 -0.000816053 0.001740696 0.374971390 0.000813163 0.999998271 0.001660094 -0.511113524 -0.001742048 -0.001658676 0.999997079 17.769285202
0.999997437 -0.001196556 0.001896669 0.385591120 0.001192812 0.999997318 0.001973578 -0.523521960 -0.001899025 -0.001971311 0.999996245 18.242534637
0.999997735 -0.001184729 0.001774027 0.404396117 0.001180961 0.999997020 0.002123066 -0.536960661 -0.001776536 -0.002120965 0.999996185 18.706035614
0.999998391 -0.001306920 0.001213035 0.417268038 0.001304762 0.999997616 0.001778317 -0.541604161 -0.001215356 -0.001776732 0.999997616 19.186344147
0.999997616 -0.000635987 0.002080660 0.428552747 0.000632711 0.999998569 0.001574828 -0.558754385 -0.002081658 -0.001573508 0.999996603 19.673154831
0.999998152 -0.000533739 0.001862008 0.440482318 0.000529067 0.999996722 0.002508802 -0.579111218 -0.001863341 -0.002507812 0.999995172 20.157321930
0.999996722 -0.000720510 0.002445480 0.448865384 0.000714770 0.999996960 0.002347388 -0.588058352 -0.002447163 -0.002345633 0.999994278 20.635225296
0.999996901 -0.000976038 0.002290731 0.457927972 0.000971989 0.999997914 0.001768146 -0.593008339 -0.002292453 -0.001765914 0.999995828 21.137975693
0.999998987 -0.000115436 0.001416550 0.468851328 0.000112790 0.999998271 0.001868059 -0.607266784 -0.001416764 -0.001867898 0.999997199 21.619184494
0.999999106 -0.000066636 0.001295421 0.463176429 0.000065272 0.999999404 0.001053022 -0.611395538 -0.001295491 -0.001052936 0.999998569 22.140733719
0.999999702 -0.000370956 0.000576190 0.491470516 0.000370030 0.999998569 0.001607183 -0.629791737 -0.000576786 -0.001606970 0.999998569 22.630424500
0.999999762 -0.000553761 0.000132120 0.500696421 0.000553568 0.999998808 0.001459683 -0.644120097 -0.000132929 -0.001459609 0.999998927 23.150199890
0.999998271 -0.000930026 -0.001606235 0.521075308 0.000933693 0.999996901 0.002283770 -0.665976405 0.001604106 -0.002285265 0.999996066 23.666374207
0.999998212 -0.001486817 -0.001178104 0.518261194 0.001488678 0.999997616 0.001580959 -0.675829589 0.001175750 -0.001582710 0.999997973 24.193422318
0.999996841 -0.000860200 -0.002337498 0.533617616 0.000865141 0.999997318 0.002113530 -0.691495359 0.002335673 -0.002115546 0.999995053 24.729162216
0.999997020 -0.000232844 -0.002421956 0.534796119 0.000237807 0.999997795 0.002049314 -0.705667317 0.002421474 -0.002049884 0.999994934 25.263452530
0.999994099 -0.000240180 -0.003432900 0.546007574 0.000248547 0.999996960 0.002437268 -0.721695960 0.003432305 -0.002438107 0.999991119 25.798198700
0.999992847 -0.000294359 -0.003772387 0.555768132 0.000303470 0.999997020 0.002415014 -0.737111568 0.003771665 -0.002416141 0.999989986 26.346893311
0.999990880 -0.001286186 -0.004079413 0.567316711 0.001297848 0.999994993 0.002857454 -0.752046704 0.004075717 -0.002862722 0.999987602 26.893095016
0.999989867 -0.000804100 -0.004410878 0.570886672 0.000817742 0.999994874 0.003091794 -0.769106448 0.004408369 -0.003095370 0.999985516 27.449796677
0.999992430 0.000052714 -0.003898005 0.572663128 -0.000041774 0.999996066 0.002806713 -0.781583130 0.003898138 -0.002806528 0.999988437 27.982273102
0.999990523 0.000488043 -0.004309117 0.580303073 -0.000474195 0.999994636 0.003214045 -0.796994567 0.004310663 -0.003211972 0.999985576 28.523105621
0.999991953 0.000814435 -0.003920582 0.583733976 -0.000802730 0.999995232 0.002986228 -0.812431157 0.003922995 -0.002983057 0.999987841 29.055459976
0.999990821 0.000661341 -0.004233846 0.592204034 -0.000650196 0.999996305 0.002633159 -0.819673359 0.004235573 -0.002630382 0.999987543 29.609558105
0.999988198 0.001057197 -0.004730997 0.596613526 -0.001043034 0.999994993 0.002995187 -0.834301472 0.004734140 -0.002990217 0.999984324 30.156732559
0.999987125 0.001049066 -0.004956824 0.608150721 -0.001036232 0.999996126 0.002591013 -0.847831905 0.004959523 -0.002585843 0.999984384 30.697395325
0.999985278 0.001174114 -0.005283108 0.616110146 -0.001161038 0.999996185 0.002477460 -0.858694434 0.005285996 -0.002471290 0.999982953 31.247932434
0.999984980 0.001303921 -0.005323219 0.620904207 -0.001288001 0.999994695 0.002993084 -0.873230517 0.005327092 -0.002986182 0.999981344 31.791051865
0.999982834 0.000959847 -0.005798441 0.631950617 -0.000943156 0.999995410 0.002880618 -0.886011183 0.005801180 -0.002875100 0.999979019 32.333889008
0.999984860 0.001397660 -0.005307429 0.631949842 -0.001383275 0.999995351 0.002713039 -0.895825326 0.005311196 -0.002705656 0.999982178 32.878326416
0.999981701 0.001345102 -0.005897127 0.641286731 -0.001329232 0.999995410 0.002694151 -0.910311222 0.005900724 -0.002686263 0.999978960 33.428050995
0.999977291 0.001310928 -0.006598874 0.655243278 -0.001293946 0.999995768 0.002577120 -0.922484517 0.006602224 -0.002568523 0.999974847 33.968307495
0.999976575 0.000894042 -0.006787003 0.661243320 -0.000875751 0.999996006 0.002697434 -0.937310100 0.006789387 -0.002691427 0.999973357 34.506027222
0.999979675 0.001380381 -0.006220936 0.664232790 -0.001363798 0.999995530 0.002669177 -0.949921131 0.006224592 -0.002660639 0.999977052 35.052448273
0.999977708 0.000940643 -0.006602966 0.679255247 -0.000921918 0.999995470 0.002838335 -0.964166582 0.006605607 -0.002832184 0.999974191 35.585666656
0.999977171 0.001100819 -0.006669425 0.686418295 -0.001082899 0.999995768 0.002689964 -0.976238191 0.006672359 -0.002682681 0.999974072 36.127586365
0.999978602 0.001709673 -0.006317134 0.691878915 -0.001695264 0.999995947 0.002285481 -0.985474348 0.006321016 -0.002274723 0.999977410 36.665008545
0.999980211 0.001894749 -0.006000346 0.693576694 -0.001880284 0.999995291 0.002415359 -0.997607112 0.006004894 -0.002404029 0.999979079 37.200710297
0.999978602 0.002022983 -0.006220636 0.708813787 -0.002008491 0.999995232 0.002335061 -1.016675949 0.006225330 -0.002322517 0.999977946 37.740097046
0.999978304 0.002186735 -0.006208101 0.716332257 -0.002176881 0.999996483 0.001593628 -1.013806939 0.006211563 -0.001580079 0.999979436 38.288665771
0.999976456 0.002231706 -0.006476176 0.724184930 -0.002225334 0.999997079 0.000990980 -1.027101040 0.006478368 -0.000976545 0.999978483 38.826232910
0.999980152 0.003473222 -0.005261873 0.719210982 -0.003467883 0.999993503 0.001023693 -1.042312860 0.005265396 -0.001005425 0.999985635 39.391334534
0.999973416 0.002734740 -0.006755307 0.753012419 -0.002721582 0.999994397 0.001956161 -1.061681032 0.006760619 -0.001937724 0.999975204 39.893909454
0.999977529 0.002683861 -0.006136779 0.761291385 -0.002671667 0.999994397 0.001994365 -1.080313802 0.006142097 -0.001977924 0.999979198 40.425621033
0.999972045 0.003205802 -0.006751707 0.778553843 -0.003195230 0.999993563 0.001575976 -1.077181578 0.006756715 -0.001554359 0.999975979 40.979114532
0.999969184 0.003630893 -0.006959702 0.777796507 -0.003619576 0.999992132 0.001637928 -1.094709635 0.006965594 -0.001612686 0.999974430 41.514099121
0.999965429 0.003500303 -0.007540201 0.793235183 -0.003490787 0.999993145 0.001274827 -1.104511142 0.007544611 -0.001248462 0.999970734 42.057590485
0.999959826 0.003345374 -0.008309155 0.810918689 -0.003332851 0.999993265 0.001520592 -1.124471426 0.008314189 -0.001492837 0.999964356 42.615142822
0.999964893 0.003265722 -0.007719515 0.802718639 -0.003247625 0.999991953 0.002355655 -1.147198677 0.007727148 -0.002330502 0.999967396 43.149669647
0.999967873 0.002992493 -0.007433440 0.808243454 -0.002974214 0.999992549 0.002468809 -1.165395737 0.007440773 -0.002446621 0.999969244 43.704143524
0.999967992 0.003005554 -0.007409301 0.814515650 -0.002984246 0.999991298 0.002885184 -1.184522033 0.007417909 -0.002862981 0.999968350 44.234066010
0.999965131 0.003299097 -0.007670124 0.825730622 -0.003276788 0.999990344 0.002919262 -1.198638201 0.007679680 -0.002894027 0.999966323 44.779747009
0.999966502 0.003268929 -0.007505015 0.837227643 -0.003249219 0.999991357 0.002636834 -1.211173654 0.007513569 -0.002612360 0.999968350 45.327701569
0.999965429 0.003358149 -0.007597635 0.850548744 -0.003335191 0.999989867 0.003032237 -1.229786515 0.007607741 -0.003006793 0.999966562 45.867706299
0.999966919 0.003111091 -0.007511475 0.855515897 -0.003090724 0.999991536 0.002721583 -1.238989234 0.007519877 -0.002698277 0.999968112 46.413433075
0.999966562 0.004062613 -0.007101248 0.863137960 -0.004044595 0.999988675 0.002549871 -1.253644228 0.007111527 -0.002521064 0.999971628 46.960811615
0.999962270 0.003200121 -0.008073858 0.867607117 -0.003179564 0.999991655 0.002557596 -1.261537790 0.008081975 -0.002531828 0.999964237 47.520103455
0.999965847 0.003451952 -0.007508847 0.877208531 -0.003435834 0.999991715 0.002158449 -1.266412377 0.007516237 -0.002132576 0.999969423 48.076961517
0.999965191 0.003539999 -0.007555910 0.886705160 -0.003519879 0.999990225 0.002674503 -1.281703830 0.007565305 -0.002647814 0.999967813 48.615245819
0.999963939 0.003090108 -0.007900418 0.897408307 -0.003070239 0.999992013 0.002525807 -1.298317432 0.007908160 -0.002501459 0.999965608 49.153396606
0.999962509 0.003352349 -0.007984838 0.908617616 -0.003334001 0.999991775 0.002310050 -1.313807487 0.007992516 -0.002283342 0.999965429 49.697471619
0.999965310 0.003461575 -0.007571257 0.905758739 -0.003439214 0.999989748 0.002964346 -1.331654310 0.007581439 -0.002938204 0.999966979 50.225887299
0.999960542 0.003453089 -0.008187979 0.925531030 -0.003434244 0.999991417 0.002314480 -1.341044068 0.008195900 -0.002286269 0.999963820 50.773265839
0.999966502 0.003968663 -0.007159298 0.925106883 -0.003957291 0.999990821 0.001601886 -1.342602491 0.007165592 -0.001573500 0.999973118 51.327217102
0.999958813 0.003726659 -0.008268773 0.945604563 -0.003707877 0.999990463 0.002285655 -1.364888906 0.008277213 -0.002254901 0.999963224 51.852081299
0.999966204 0.004174943 -0.007073705 0.937341571 -0.004163509 0.999989927 0.001630332 -1.369971275 0.007080442 -0.001600826 0.999973655 52.404674530
0.999966264 0.007591491 -0.003114177 0.873482227 -0.007582345 0.999966919 0.002937943 -1.392911792 0.003136377 -0.002914232 0.999990821 52.967815399
0.999950528 0.002333506 -0.009664490 1.008503318 -0.002321602 0.999996543 0.001242719 -1.393603802 0.009667355 -0.001220220 0.999952555 53.464313507
0.999939144 0.001052309 -0.010979869 1.058812618 -0.001036203 0.999998331 0.001472335 -1.417501926 0.010981401 -0.001460868 0.999938607 53.991294861
0.999731898 -0.009626239 -0.021057677 1.259797573 0.009619058 0.999953568 -0.000442299 -1.434555531 0.021060959 0.000239625 0.999778152 54.441856384
0.999921501 0.000642037 -0.012506353 1.117142200 -0.000623728 0.999998748 0.001467792 -1.456850290 0.012507278 -0.001459876 0.999920726 55.071365356
0.999936461 0.002126389 -0.011071304 1.096320152 -0.002102776 0.999995470 0.002144017 -1.474441528 0.011075812 -0.002120600 0.999936402 55.608509064
0.999935985 0.001498736 -0.011217326 1.093602896 -0.001475681 0.999996722 0.002063256 -1.491286039 0.011220383 -0.002046570 0.999934971 56.139785767
0.999936879 0.002148729 -0.011029028 1.099380493 -0.002119443 0.999994218 0.002666316 -1.518167019 0.011034694 -0.002642772 0.999935627 56.684249878
0.999940336 0.002488841 -0.010634053 1.098214149 -0.002459892 0.999993384 0.002734479 -1.532329798 0.010640788 -0.002708158 0.999939740 57.228492737
0.999942541 0.002917749 -0.010313585 1.096647739 -0.002881594 0.999989629 0.003518739 -1.563624859 0.010323746 -0.003488817 0.999940574 57.765266418
0.999946594 0.002899408 -0.009921438 1.102609158 -0.002864179 0.999989510 0.003563183 -1.581527710 0.009931664 -0.003534576 0.999944448 58.296932220
0.999951303 0.002938025 -0.009431795 1.104413033 -0.002904851 0.999989569 0.003529078 -1.592247605 0.009442066 -0.003501508 0.999949276 58.838821411
0.999947488 0.003218898 -0.009729677 1.111575842 -0.003182274 0.999987721 0.003777327 -1.617039442 0.009741718 -0.003746166 0.999945462 59.377525330
0.999947488 0.003230441 -0.009725052 1.126560450 -0.003185726 0.999984324 0.004609882 -1.646405220 0.009739791 -0.004578658 0.999942064 59.918266296
0.999947429 0.003092631 -0.009772122 1.130710363 -0.003041986 0.999981821 0.005193286 -1.666541696 0.009788005 -0.005163285 0.999938786 60.457450867
0.999957502 0.003639486 -0.008473720 1.114198089 -0.003608242 0.999986649 0.003699533 -1.652692795 0.008487072 -0.003668800 0.999957263 61.002540588
0.999960363 0.004733643 -0.007557840 1.101884246 -0.004708542 0.999983370 0.003335501 -1.649459004 0.007573504 -0.003299782 0.999965847 61.534049988
0.999960244 0.004053042 -0.007940728 1.118708611 -0.004024095 0.999985218 0.003657926 -1.668544888 0.007955437 -0.003625827 0.999961793 62.102943420
0.999960542 0.004207204 -0.007825640 1.128218889 -0.004179905 0.999985158 0.003501443 -1.682093143 0.007840255 -0.003468595 0.999963224 62.652160645
0.999965012 0.004299622 -0.007175219 1.127873063 -0.004273600 0.999984264 0.003637993 -1.693326592 0.007190748 -0.003607202 0.999967635 63.195625305
0.999964774 0.004412218 -0.007138159 1.132036924 -0.004388125 0.999984622 0.003387444 -1.704676986 0.007152995 -0.003356002 0.999968767 63.743968964
0.999968708 0.004338984 -0.006614116 1.136369228 -0.004317383 0.999985337 0.003276721 -1.714132071 0.006628236 -0.003248063 0.999972701 64.287971497
0.999968648 0.004864348 -0.006251595 1.138452053 -0.004845758 0.999983728 0.002985421 -1.720677614 0.006266017 -0.002955034 0.999975920 64.834640503
0.999972165 0.004399925 -0.006015250 1.144479275 -0.004384204 0.999986887 0.002624347 -1.733766675 0.006026718 -0.002597902 0.999978483 65.385810852
0.999976635 0.005228283 -0.004396395 1.132659435 -0.005216583 0.999982774 0.002668699 -1.745239735 0.004410272 -0.002645703 0.999986768 65.946495056
0.999980152 0.004995209 -0.003836707 1.141149879 -0.004986212 0.999984801 0.002351206 -1.750826359 0.003848393 -0.002332029 0.999989867 66.543731689
0.999975562 0.005148720 -0.004759847 1.159284830 -0.005136349 0.999983430 0.002607956 -1.768728852 0.004773196 -0.002583443 0.999985278 67.090408325
0.999974608 0.005492644 -0.004538800 1.159124494 -0.005480540 0.999981403 0.002675171 -1.779564500 0.004553409 -0.002650227 0.999986112 67.647140503
0.999972701 0.005448981 -0.004981898 1.169924498 -0.005436918 0.999982238 0.002431782 -1.792093873 0.004995061 -0.002404630 0.999984622 68.183296204
0.999973714 0.005690523 -0.004515334 1.161784649 -0.005688908 0.999983728 0.000370530 -1.780062914 0.004517370 -0.000344833 0.999989748 68.739456177
0.999968052 0.005229373 -0.006046139 1.186233401 -0.005216346 0.999983966 0.002168382 -1.815084457 0.006057382 -0.002136774 0.999979377 69.263679504
0.999970496 0.005090375 -0.005749645 1.192961931 -0.005078906 0.999985099 0.002007643 -1.828556299 0.005759780 -0.001978382 0.999981463 69.807884216
0.999972403 0.005224096 -0.005268515 1.196053386 -0.005215314 0.999984980 0.001679217 -1.838472605 0.005277208 -0.001651693 0.999984682 70.363281250
0.999969721 0.004787141 -0.006138924 1.206167579 -0.004773600 0.999986172 0.002218431 -1.858798027 0.006149459 -0.002189058 0.999978721 70.922958374
0.999967277 0.005121197 -0.006262914 1.212511778 -0.005109909 0.999985278 0.001816905 -1.868568540 0.006272127 -0.001784843 0.999978721 71.480308533
0.999966085 0.005038666 -0.006515895 1.222951055 -0.005022546 0.999984205 0.002487772 -1.886241555 0.006528327 -0.002454961 0.999975622 72.025482178
0.999970257 0.005188237 -0.005706957 1.220015049 -0.005181404 0.999985814 0.001211583 -1.887527585 0.005713163 -0.001181977 0.999982953 72.578926086
0.999966264 0.005374669 -0.006207750 1.238306880 -0.005359284 0.999982476 0.002492485 -1.917830944 0.006221038 -0.002459132 0.999977648 73.115638733
0.999966264 0.005181000 -0.006374436 1.244848609 -0.005166397 0.999984026 0.002305277 -1.928511620 0.006386278 -0.002272265 0.999977052 73.664443970
0.999967575 0.005248918 -0.006105034 1.255219221 -0.005233007 0.999982893 0.002619545 -1.951309681 0.006118679 -0.002587512 0.999977946 74.193786621
0.999968588 0.005385132 -0.005813253 1.267128348 -0.005365674 0.999979973 0.003357516 -1.972170591 0.005831217 -0.003326220 0.999977469 74.716529846
0.999971151 0.005272514 -0.005466984 1.270190239 -0.005256018 0.999981582 0.003027562 -1.985461354 0.005482846 -0.002998740 0.999980390 75.253723145
0.999968886 0.004773804 -0.006279730 1.285985351 -0.004755339 0.999984324 0.002952282 -2.000955582 0.006293725 -0.002922328 0.999975920 75.788307190
0.999967158 0.005538362 -0.005913088 1.292766809 -0.005518120 0.999978900 0.003434065 -2.019344568 0.005931982 -0.003401324 0.999976635 76.329154968
0.999967098 0.005349016 -0.006101237 1.309487462 -0.005327183 0.999979377 0.003589371 -2.043333530 0.006120310 -0.003556750 0.999974966 76.850784302
0.999970436 0.005281130 -0.005589622 1.317126751 -0.005262191 0.999980390 0.003397742 -2.055077553 0.005607456 -0.003368229 0.999978602 77.391754150
0.999969542 0.004643830 -0.006265260 1.331482053 -0.004623133 0.999983847 0.003314016 -2.066483021 0.006280548 -0.003284951 0.999974847 77.926330566
0.999974549 0.004436238 -0.005584034 1.335028410 -0.004420097 0.999986053 0.002899607 -2.079783440 0.005596820 -0.002874851 0.999980152 78.474914551
0.999975324 0.004445100 -0.005435201 1.346888661 -0.004428271 0.999985337 0.003104241 -2.095149994 0.005448921 -0.003080096 0.999980390 79.026893616
0.999973893 0.004144155 -0.005917110 1.360624552 -0.004126881 0.999987125 0.002928419 -2.109603882 0.005929169 -0.002903923 0.999978185 79.574142456
0.999974310 0.004634519 -0.005452345 1.366940975 -0.004617183 0.999984264 0.003187752 -2.123449802 0.005467033 -0.003162496 0.999979973 80.119407654
0.999981821 0.004778836 -0.003680674 1.370152593 -0.004765832 0.999982417 0.003533950 -2.138097525 0.003697497 -0.003516343 0.999987006 80.669174194
0.999984920 0.004994104 -0.002257273 1.379901409 -0.004986469 0.999981880 0.003375101 -2.152585030 0.002274088 -0.003363794 0.999991775 81.209632874
0.999984682 0.005530305 -0.000304785 1.383846521 -0.005529098 0.999977410 0.003829913 -2.172412395 0.000325959 -0.003828169 0.999992609 81.755691528
0.999985099 0.005350971 0.001070164 1.397372246 -0.005354955 0.999978602 0.003755989 -2.184180021 -0.001050043 -0.003761663 0.999992371 82.299697876
0.999973536 0.005567400 0.004677601 1.412069798 -0.005581323 0.999980032 0.002968864 -2.193232536 -0.004660978 -0.002994893 0.999984682 82.851310730
0.999949574 0.005507533 0.008398074 1.433222532 -0.005540296 0.999977112 0.003883017 -2.215335846 -0.008376495 -0.003929349 0.999957204 83.383407593
0.999910295 0.005404143 0.012252989 1.445480227 -0.005451916 0.999977648 0.003868816 -2.229614973 -0.012231809 -0.003935272 0.999917388 83.918960571
0.999843001 0.005451115 0.016858224 1.472691417 -0.005512920 0.999978244 0.003621838 -2.244427681 -0.016838115 -0.003714208 0.999851346 84.450935364
0.999706268 0.005774869 0.023537926 1.490437031 -0.005864715 0.999975801 0.003749867 -2.256209850 -0.023515705 -0.003886809 0.999715924 85.001731873
0.999556899 0.005604653 0.029232521 1.521990299 -0.005715525 0.999976754 0.003710627 -2.271256685 -0.029211048 -0.003876061 0.999565780 85.540824890
0.999381363 0.005242683 0.034774043 1.555986881 -0.005374866 0.999978602 0.003708828 -2.283310890 -0.034753844 -0.003893439 0.999388337 86.074966431
0.999043405 0.005471525 0.043385316 1.589462757 -0.005636075 0.999977291 0.003671384 -2.293528795 -0.043364245 -0.003912395 0.999051809 86.637237549
0.998640418 0.005215611 0.051865034 1.640906572 -0.005411628 0.999978721 0.003639644 -2.312817097 -0.051844936 -0.003915369 0.998647451 87.168342590
0.998225152 0.005166507 0.059328511 1.683706999 -0.005396606 0.999978483 0.003718846 -2.328567982 -0.059308015 -0.004032417 0.998231590 87.686012268
0.997654617 0.004984215 0.068266965 1.740642548 -0.005237085 0.999980092 0.003525655 -2.339621305 -0.068248034 -0.003874905 0.997660875 88.245552063
0.996915042 0.004692110 0.078347705 1.789911270 -0.004954268 0.999982774 0.003152044 -2.342244387 -0.078331567 -0.003530476 0.996921122 88.840438843
0.996160924 0.004322254 0.087433532 1.846991062 -0.004580777 0.999985635 0.002756370 -2.347347498 -0.087420359 -0.003146302 0.996166527 89.393600464
0.995455027 0.004062989 0.095145382 1.922472477 -0.004377445 0.999985576 0.003096516 -2.371252060 -0.095131442 -0.003498936 0.995458543 89.922660828
0.994408250 0.003782528 0.105536230 2.006116867 -0.004161831 0.999985576 0.003374054 -2.386752367 -0.105521940 -0.003794410 0.994409740 90.467971802
0.993194580 0.003909576 0.116400614 2.083774567 -0.004337272 0.999984741 0.003421290 -2.400222540 -0.116385452 -0.003902868 0.993196428 91.006515503
0.992079735 0.003044268 0.125572667 2.172416687 -0.003473100 0.999988794 0.003196223 -2.412003994 -0.125561550 -0.003607034 0.992079258 91.545967102
0.990597844 0.003359202 0.136765018 2.266386986 -0.003875253 0.999986351 0.003507192 -2.425013542 -0.136751369 -0.004004215 0.990597308 92.090690613
0.988825619 0.002956529 0.149047226 2.368684769 -0.003473991 0.999988794 0.003211569 -2.438750982 -0.149036065 -0.003693471 0.988824785 92.632637024
0.987177610 0.002847763 0.159599930 2.475556374 -0.003425798 0.999988556 0.003346755 -2.452764034 -0.159588590 -0.003850599 0.987176120 93.182266235
0.985392332 0.002673132 0.170278460 2.584573746 -0.003306831 0.999988616 0.003438043 -2.463754177 -0.170267358 -0.003950904 0.985390007 93.724586487
0.983143806 0.002410650 0.182817698 2.712705612 -0.003109633 0.999988914 0.003536821 -2.483944893 -0.182807133 -0.004045700 0.983140469 94.228683472
0.980799317 0.002086889 0.195008680 2.841969490 -0.002783789 0.999990702 0.003299696 -2.494272947 -0.195000023 -0.003779202 0.980795920 94.762901306
0.978763521 0.001604303 0.204986408 2.978679657 -0.002369627 0.999991059 0.003488113 -2.507637739 -0.204979002 -0.003899779 0.978758514 95.296592712
0.976014197 0.001157678 0.217703983 3.130128860 -0.002015216 0.999991000 0.003717030 -2.522490263 -0.217697710 -0.004066594 0.976007760 95.834625244
0.972916484 0.000876258 0.231155261 3.289899826 -0.001732401 0.999992371 0.003500808 -2.534486055 -0.231150404 -0.003806447 0.972910702 96.375976562
0.970138013 0.000603703 0.242552489 3.440118790 -0.001548487 0.999991953 0.003704553 -2.551485062 -0.242548302 -0.003969519 0.970131159 96.905860901
0.967006803 0.000664492 0.254749715 3.601100922 -0.001682395 0.999991477 0.003777829 -2.570122242 -0.254745007 -0.004081777 0.966999650 97.428466797
0.963126659 0.000702431 0.269047529 3.771480560 -0.001874816 0.999989808 0.004100621 -2.585027456 -0.269041985 -0.004453832 0.963118136 97.964118958
0.959233224 0.001145777 0.282613218 3.933841705 -0.002305273 0.999990225 0.003770274 -2.591778278 -0.282606155 -0.004268073 0.959226549 98.490890503
0.955868542 0.000649298 0.293793708 4.116441727 -0.001864877 0.999990821 0.003857418 -2.609267712 -0.293788493 -0.004235073 0.955861092 99.000869751
0.951544225 0.000257456 0.307511747 4.302085876 -0.001503739 0.999991596 0.003815854 -2.617663383 -0.307508200 -0.004093371 0.951536655 99.512405396
0.947004676 0.000204851 0.321219742 4.497421265 -0.001479112 0.999991953 0.003722924 -2.632037163 -0.321216404 -0.004000746 0.946997344 100.006721497
0.943172336 -0.000440594 0.332303613 4.701642990 -0.000967852 0.999991357 0.004072906 -2.646812916 -0.332302511 -0.004163074 0.943163693 100.513679504
0.938470721 -0.000613234 0.345358104 4.909337997 -0.000767517 0.999992251 0.003861274 -2.659180641 -0.345357746 -0.003888761 0.938463032 101.025672913
0.933035910 -0.000911847 0.359782189 5.131986618 -0.000443531 0.999993086 0.003684650 -2.671010971 -0.359783024 -0.003597486 0.933029056 101.535758972
0.928247154 -0.001482194 0.371960849 5.353960037 -0.000043673 0.999991536 0.004093766 -2.686438799 -0.371963739 -0.003816272 0.928239346 102.033340454
0.923634470 -0.001676073 0.383270860 5.579341888 0.000248757 0.999992847 0.003773575 -2.698292971 -0.383274436 -0.003390063 0.923628271 102.524688721
0.917724133 -0.002115234 0.397212714 5.821147919 0.000643811 0.999992430 0.003837685 -2.709059000 -0.397217870 -0.003266206 0.917718530 103.016021729
0.911665857 -0.002283852 0.410925955 6.056346893 0.000798248 0.999992490 0.003786812 -2.717033625 -0.410931468 -0.003124286 0.911660850 103.513168335
0.906995893 -0.002930961 0.421129107 6.307601929 0.001513800 0.999992013 0.003699405 -2.733875990 -0.421136618 -0.002717840 0.906993151 103.977096558
0.900400996 -0.003079023 0.435050070 6.560550690 0.001705953 0.999992251 0.003546622 -2.744156837 -0.435057580 -0.002451206 0.900399208 104.472869873
0.893606842 -0.003296225 0.448838443 6.827037811 0.001761927 0.999991119 0.003835957 -2.762302876 -0.448847085 -0.002637017 0.893604696 104.951797485
0.887679815 -0.004624326 0.460438013 7.106410980 0.002960674 0.999986172 0.004335290 -2.785157442 -0.460451692 -0.002485143 0.887681365 105.411460876
0.881813288 -0.004844810 0.471573681 7.354228973 0.003271296 0.999985993 0.004156443 -2.790507793 -0.471587300 -0.002122550 0.881816685 105.875930786
0.874711752 -0.004739146 0.484620363 7.645153046 0.003219746 0.999986947 0.003967506 -2.802350044 -0.484632790 -0.001910070 0.874715626 106.345664978
