1.000000000 0.000000000 0.000000000 0.000000000 0.000000000 1.000000000 0.000000000 0.000000000 0.000000000 0.000000000 1.000000000 0.000000000
1.000000000 0.000044103 -0.000023230 0.000430900 -0.000044103 1.000000000 0.000029042 -0.000386916 0.000023232 -0.000029041 1.000000000 0.001065014
1.000000000 0.000071410 -0.000010198 0.000546121 -0.000071409 1.000000000 0.000042636 -0.000315881 0.000010201 -0.000042636 1.000000000 0.001445316
1.000000000 -0.000006835 -0.000020645 0.000973972 0.000006834 1.000000000 -0.000036939 -0.000162622 0.000020645 0.000036939 1.000000000 0.000747743
1.000000000 -0.000073681 -0.000072369 0.001156964 0.000073687 1.000000000 0.000083963 -0.000625502 0.000072363 -0.000083969 1.000000000 0.000378012
1.000000000 -0.000027085 -0.000041060 -0.001119859 0.000027084 1.000000000 -0.000029357 0.001469617 0.000041061 0.000029356 1.000000000 0.002231441
1.000000000 -0.000084091 -0.000056026 0.000614832 0.000084096 1.000000000 0.000097850 -0.000125277 0.000056017 -0.000097854 1.000000000 0.001620969
1.000000000 -0.000029146 -0.000014567 -0.000182675 0.000029147 1.000000000 0.000062944 -0.000519110 0.000014565 -0.000062944 1.000000000 -0.000865672
1.000000000 0.000049909 -0.000041839 0.000621794 -0.000049907 1.000000000 0.000065022 -0.000201085 0.000041843 -0.000065020 1.000000000 -0.000570190
1.000000000 0.000070671 -0.000005753 0.000013452 -0.000070670 1.000000000 0.000068282 0.000046204 0.000005758 -0.000068282 1.000000000 0.001496049
1.000000000 0.000017898 -0.000009097 0.000241927 -0.000017898 1.000000000 0.000030841 0.000187785 0.000009098 -0.000030841 1.000000000 0.000370368
1.000000000 -0.000043407 -0.000094431 0.001100906 0.000043415 1.000000000 0.000083963 -0.000933357 0.000094428 -0.000083967 1.000000000 -0.001035240
1.000000000 -0.000007142 -0.000042681 0.000286193 0.000007141 1.000000000 -0.000009082 0.000533739 0.000042681 0.000009082 1.000000000 0.001729859
1.000000000 -0.000107275 -0.000112476 0.000746419 0.000107286 1.000000000 0.000095318 0.000029205 0.000112466 -0.000095330 1.000000000 -0.000225064
1.000000000 0.000010427 -0.000081155 0.000857372 -0.000010425 1.000000000 0.000022739 -0.000024080 0.000081155 -0.000022738 1.000000000 -0.002776631
1.000000000 -0.000059417 -0.000114186 0.002522900 0.000059425 1.000000000 0.000076136 -0.000635387 0.000114182 -0.000076142 1.000000000 -0.001463892
1.000000000 -0.000029977 -0.000072753 0.002020713 0.000029984 1.000000000 0.000092070 -0.000838308 0.000072750 -0.000092072 1.000000000 -0.002205669
1.000000000 -0.000043082 -0.000082979 0.002487478 0.000043086 1.000000000 0.000048156 -0.000093424 0.000082977 -0.000048160 1.000000000 -0.000216560
1.000000000 0.000065138 -0.000068800 0.001940763 -0.000065131 1.000000000 0.000098728 -0.000992544 0.000068807 -0.000098724 1.000000000 -0.002529787
1.000000000 -0.000083105 -0.000092394 0.002059239 0.000083111 1.000000000 0.000066169 -0.001235416 0.000092389 -0.000066176 1.000000000 -0.003540781
1.000000000 -0.000109484 -0.000098921 0.001548515 0.000109493 1.000000000 0.000081611 0.000275215 0.000098912 -0.000081622 1.000000000 0.001627968
1.000000000 -0.000129526 -0.000080124 0.001083037 0.000129537 1.000000000 0.000130286 -0.001920681 0.000080107 -0.000130297 1.000000000 -0.004859887
1.000000000 0.000000666 -0.000115456 0.003739319 -0.000000653 1.000000000 0.000118678 -0.001071980 0.000115456 -0.000118678 1.000000000 -0.001766900
1.000000000 -0.000060620 -0.000169976 0.003519088 0.000060638 1.000000000 0.000100787 -0.001103191 0.000169970 -0.000100797 1.000000000 -0.003278013
1.000000000 -0.000140746 -0.000155166 0.003102411 0.000140763 1.000000000 0.000114298 -0.001506737 0.000155150 -0.000114319 1.000000000 -0.003644330
1.000000000 -0.000087129 -0.000142734 0.003063166 0.000087140 1.000000000 0.000079248 -0.000447243 0.000142727 -0.000079260 1.000000000 -0.001365646
1.000000000 -0.000069421 -0.000109599 0.003522772 0.000069426 1.000000000 0.000045430 -0.000439106 0.000109596 -0.000045438 1.000000000 -0.001884162
1.000000000 -0.000153829 -0.000182041 0.002823714 0.000153853 1.000000000 0.000128118 -0.000713518 0.000182021 -0.000128146 1.000000000 -0.003530516
1.000000000 -0.000150572 -0.000111867 0.001852737 0.000150582 1.000000000 0.000090555 -0.001139235 0.000111853 -0.000090572 1.000000000 -0.001402503
1.000000000 -0.000051823 -0.000188683 0.004518603 0.000051861 1.000000000 0.000202058 -0.002442741 0.000188672 -0.000202067 0.999999940 -0.004709135
0.999999940 -0.000186745 -0.000179875 0.004418164 0.000186766 1.000000000 0.000115822 -0.001366986 0.000179853 -0.000115855 1.000000000 -0.002897884
1.000000000 -0.000106074 -0.000163377 0.003532770 0.000106092 1.000000000 0.000110037 -0.000497684 0.000163366 -0.000110055 1.000000000 -0.002723139
1.000000000 -0.000140429 -0.000144705 0.003032001 0.000140448 1.000000000 0.000128518 -0.001134875 0.000144686 -0.000128538 1.000000000 -0.004243190
1.000000000 -0.000019272 -0.000095210 0.002349336 0.000019277 1.000000000 0.000053671 -0.000194152 0.000095209 -0.000053673 1.000000000 -0.002081927
1.000000000 -0.000017378 -0.000116849 0.002286103 0.000017387 1.000000000 0.000081560 -0.000715625 0.000116847 -0.000081562 1.000000000 -0.001615402
1.000000000 -0.000184036 -0.000106726 0.002494462 0.000184053 1.000000000 0.000158777 -0.002194313 0.000106696 -0.000158797 1.000000000 -0.004101973
1.000000000 -0.000146175 -0.000180736 0.003778048 0.000146195 1.000000000 0.000110939 -0.000775717 0.000180720 -0.000110965 1.000000000 -0.003159187
1.000000000 -0.000100739 -0.000183088 0.005510465 0.000100770 1.000000000 0.000169526 -0.001399830 0.000183071 -0.000169545 0.999999940 -0.005675043
1.000000000 -0.000115379 -0.000102824 0.001844635 0.000115390 1.000000000 0.000103864 -0.000829268 0.000102812 -0.000103876 1.000000000 -0.003170678
1.000000000 -0.000163736 -0.000179478 0.002963115 0.000163765 1.000000000 0.000166006 -0.001686028 0.000179451 -0.000166036 0.999999940 -0.004607147
1.000000000 -0.000085123 -0.000194936 0.004901004 0.000085137 1.000000000 0.000068666 -0.001790539 0.000194930 -0.000068682 1.000000000 -0.002217908
1.000000000 -0.000181064 -0.000025909 0.001946636 0.000181051 0.999999821 -0.000521105 -0.002591642 0.000026003 0.000521100 0.999999881 0.050437003
1.000000000 0.000064577 -0.000096337 0.003861486 -0.000064687 0.999999344 -0.001149092 -0.005218929 0.000096263 0.001149098 0.999999344 0.139960095
1.000000000 -0.000051932 -0.000028537 0.005609329 0.000051889 0.999998927 -0.001481495 -0.008087083 0.000028614 0.001481493 0.999998927 0.256625086
1.000000000 0.000076214 0.000039817 0.007181741 -0.000076156 0.999998927 -0.001463513 -0.011161096 -0.000039929 0.001463510 0.999998927 0.390580833
1.000000000 0.000048783 -0.000044779 0.010473846 -0.000048837 0.999999285 -0.001205852 -0.017171549 0.000044721 0.001205854 0.999999285 0.527035236
1.000000000 0.000175999 0.000055861 0.014343973 -0.000175937 0.999999404 -0.001092808 -0.022810962 -0.000056053 0.001092798 0.999999404 0.681247234
1.000000000 -0.000074894 0.000117474 0.014783897 0.000074999 0.999999583 -0.000895279 -0.027485142 -0.000117407 0.000895288 0.999999583 0.844042659
0.999999940 0.000279880 0.000248050 0.014012004 -0.000279690 0.999999642 -0.000766522 -0.027923068 -0.000248264 0.000766452 0.999999702 1.020219088
0.999999940 0.000362705 0.000036086 0.021529742 -0.000362683 0.999999762 -0.000604559 -0.033604186 -0.000036305 0.000604546 0.999999821 1.186594844
0.999999881 0.000196636 0.000391842 0.005348766 -0.000196725 0.999999881 0.000228543 -0.057139561 -0.000391797 -0.000228620 0.999999821 1.379751921
0.999999821 0.000380973 0.000281441 0.012606310 -0.000381040 0.999999821 0.000236062 -0.062374793 -0.000281351 -0.000236169 0.999999881 1.562640667
0.999999583 0.000589809 0.000733962 0.007450231 -0.000590020 0.999999762 0.000287757 -0.073406957 -0.000733792 -0.000288190 0.999999702 1.786913037
0.999999583 0.000813144 0.000546774 0.015440384 -0.000813320 0.999999642 0.000320642 -0.078223079 -0.000546513 -0.000321087 0.999999821 1.992580891
0.999999702 0.000458499 0.000616057 0.022519384 -0.000458797 0.999999702 0.000483566 -0.087426603 -0.000615836 -0.000483849 0.999999702 2.193881512
0.999999285 0.001026388 0.000745169 0.019769164 -0.001026820 0.999999344 0.000579002 -0.092181325 -0.000744574 -0.000579767 0.999999523 2.414303303
0.999999583 0.000779811 0.000441947 0.035474729 -0.000780407 0.999998748 0.001351423 -0.104804918 -0.000440893 -0.001351768 0.999998927 2.642243624
0.999999881 0.000408444 0.000345280 0.039669398 -0.000408872 0.999999106 0.001238978 -0.108499259 -0.000344773 -0.001239119 0.999999166 2.874434948
0.999999523 0.000717716 0.000648781 0.042015877 -0.000718676 0.999998629 0.001480733 -0.114667952 -0.000647718 -0.001481198 0.999998689 3.109644890
0.999999821 0.000466885 0.000420679 0.048954424 -0.000467459 0.999998987 0.001365885 -0.122013956 -0.000420041 -0.001366081 0.999998927 3.349036932
0.999999702 0.000476929 0.000651986 0.058302037 -0.000477783 0.999998987 0.001310593 -0.141411409 -0.000651360 -0.001310903 0.999998927 3.582866669
0.999999821 0.000538281 0.000501763 0.063580126 -0.000539078 0.999998629 0.001588199 -0.146698222 -0.000500908 -0.001588469 0.999998689 3.837279320
0.999999702 0.000361365 0.000641562 0.070284925 -0.000362328 0.999998808 0.001500402 -0.156293854 -0.000641019 -0.001500634 0.999998629 4.094161987
0.999999106 0.000802676 0.001096391 0.065417409 -0.000805126 0.999997139 0.002236053 -0.164966777 -0.001094593 -0.002236934 0.999996841 4.365318775
0.999999285 0.000682076 0.001062985 0.070011318 -0.000684426 0.999997377 0.002212178 -0.171529055 -0.001061474 -0.002212904 0.999997020 4.623392582
0.999999166 0.000743669 0.001091181 0.080018505 -0.000746383 0.999996662 0.002488870 -0.181005090 -0.001089326 -0.002489682 0.999996305 4.874560356
0.999999046 0.001080613 0.000844266 0.087977700 -0.001082888 0.999995768 0.002699674 -0.196268305 -0.000841345 -0.002700585 0.999996006 5.146586895
0.999999166 0.001109763 0.000536839 0.094468959 -0.001111129 0.999996066 0.002551428 -0.201266304 -0.000534006 -0.002552022 0.999996603 5.411933422
0.999998510 0.001490262 0.000941047 0.099214248 -0.001492867 0.999995172 0.002774057 -0.210676551 -0.000936909 -0.002775458 0.999995708 5.679764271
0.999998808 0.001285859 0.000820031 0.101434864 -0.001288046 0.999995589 0.002671562 -0.217674166 -0.000816593 -0.002672615 0.999996126 5.958123684
0.999999464 0.000311722 0.000969159 0.110829212 -0.000314285 0.999996424 0.002645503 -0.230718926 -0.000968331 -0.002645807 0.999996006 6.238672733
0.999999344 0.000589170 0.000996582 0.118120596 -0.000591883 0.999996126 0.002724695 -0.239873096 -0.000994973 -0.002725283 0.999995768 6.522125244
0.999998808 0.000867591 0.001286596 0.123528838 -0.000871210 0.999995649 0.002815245 -0.247400776 -0.001284148 -0.002816363 0.999995172 6.806620598
0.999999344 0.000596126 0.000946748 0.128177568 -0.000598501 0.999996662 0.002510603 -0.252984732 -0.000945248 -0.002511168 0.999996424 7.105025768
0.999999404 0.000732375 0.000777454 0.133066744 -0.000734235 0.999996841 0.002395064 -0.258916080 -0.000775697 -0.002395634 0.999996901 7.408561707
0.999998987 0.000888834 0.001096291 0.137375385 -0.000891500 0.999996662 0.002433817 -0.270950735 -0.001094124 -0.002434792 0.999996483 7.721137524
0.999999583 0.000240967 0.000869068 0.149709582 -0.000243254 0.999996543 0.002633330 -0.281561166 -0.000868431 -0.002633540 0.999996185 8.039631844
0.999998987 0.000635640 0.001242172 0.144994527 -0.000639073 0.999995947 0.002765054 -0.292732149 -0.001240409 -0.002765845 0.999995351 8.358586311
0.999999285 0.000447888 0.001119940 0.160517111 -0.000450988 0.999996006 0.002769155 -0.302863985 -0.001118695 -0.002769658 0.999995470 8.673953056
0.999998152 0.000969688 0.001606318 0.157678843 -0.000974410 0.999995172 0.002941137 -0.310179234 -0.001603458 -0.002942697 0.999994397 9.019716263
0.999997973 0.001235289 0.001635114 0.160612300 -0.001239830 0.999995410 0.002779200 -0.319784045 -0.001631674 -0.002781221 0.999994814 9.370598793
0.999997854 0.001288370 0.001615939 0.172437653 -0.001293574 0.999993980 0.003223645 -0.336484075 -0.001611776 -0.003225729 0.999993503 9.705891609
0.999997497 0.001325367 0.001776553 0.182109565 -0.001331240 0.999993563 0.003308828 -0.343835503 -0.001772156 -0.003311185 0.999992967 10.049225807
0.999996722 0.001668241 0.001898248 0.182263404 -0.001674672 0.999992847 0.003391602 -0.356028408 -0.001892577 -0.003394770 0.999992490 10.420053482
0.999997675 0.001249383 0.001768889 0.198746845 -0.001255576 0.999993086 0.003503917 -0.365186244 -0.001764499 -0.003506130 0.999992311 10.789528847
0.999997675 0.000953387 0.001923679 0.206061304 -0.000960168 0.999993384 0.003527160 -0.373497725 -0.001920303 -0.003528999 0.999991953 11.156405449
0.999997020 0.001558861 0.001892109 0.209704012 -0.001565588 0.999992430 0.003558768 -0.385140181 -0.001886547 -0.003561720 0.999991894 11.528820038
0.999995947 0.001949110 0.002069857 0.215835273 -0.001956440 0.999991834 0.003545490 -0.392498761 -0.002062929 -0.003549526 0.999991536 11.909344673
0.999996126 0.001836340 0.002084007 0.229441196 -0.001844694 0.999990225 0.004013629 -0.411331534 -0.002076616 -0.004017457 0.999989808 12.297284126
0.999996483 0.001574465 0.002134892 0.242668748 -0.001583337 0.999990046 0.004160442 -0.435333252 -0.002128321 -0.004163808 0.999989092 12.687267303
0.999997258 0.001179142 0.001991594 0.250174791 -0.001187330 0.999990821 0.004115268 -0.443923444 -0.001986723 -0.004117622 0.999989569 13.091055870
0.999996066 0.001863281 0.002073372 0.260880649 -0.001872918 0.999987364 0.004656125 -0.460032672 -0.002064671 -0.004659990 0.999987006 13.481276512
0.999994814 0.002025901 0.002487327 0.269513965 -0.002037391 0.999987245 0.004625607 -0.466942817 -0.002477925 -0.004630651 0.999986231 13.893982887
0.999997020 0.001455360 0.001937045 0.294115961 -0.001463705 0.999989569 0.004313644 -0.489476085 -0.001930747 -0.004316466 0.999988794 14.301084518
0.999996722 0.001371732 0.002165836 0.302194059 -0.001380571 0.999990761 0.004084890 -0.497223735 -0.002160212 -0.004087867 0.999989271 14.732666969
0.999997616 0.000504342 0.002161032 0.319829047 -0.000513872 0.999990106 0.004411513 -0.512412548 -0.002158786 -0.004412613 0.999987900 15.152490616
0.999995828 0.001142612 0.002642869 0.319961667 -0.001155066 0.999988198 0.004715332 -0.527685165 -0.002637450 -0.004718366 0.999985337 15.582553864
0.999993801 0.001498168 0.003181461 0.329521656 -0.001513863 0.999986649 0.004936528 -0.540106654 -0.003174023 -0.004941314 0.999982715 16.021879196
0.999993443 0.000817010 0.003534232 0.339161754 -0.000837282 0.999983191 0.005738389 -0.561402023 -0.003529484 -0.005741310 0.999977291 16.464284897
0.999993682 0.001157299 0.003349149 0.354092270 -0.001175187 0.999985039 0.005344168 -0.578074694 -0.003342915 -0.005348071 0.999980092 16.925830841
0.999992907 0.001287754 0.003520362 0.369703084 -0.001307102 0.999984026 0.005499159 -0.591664374 -0.003513223 -0.005503722 0.999978662 17.382106781
0.999991894 0.001234517 0.003813434 0.378534466 -0.001255890 0.999983490 0.005607458 -0.600941300 -0.003806447 -0.005612201 0.999976993 17.861640930
0.999991715 0.000802544 0.003983142 0.394043505 -0.000825522 0.999983013 0.005770462 -0.619225740 -0.003978443 -0.005773703 0.999975443 18.324710846
0.999986768 0.001279016 0.004967672 0.399974048 -0.001307133 0.999983132 0.005660914 -0.626536429 -0.004960347 -0.005667333 0.999971569 18.801216125
0.999989927 0.000939585 0.004376166 0.414119869 -0.000966253 0.999980927 0.006095775 -0.646567106 -0.004370355 -0.006099944 0.999971867 19.275756836
0.999989331 0.000927435 0.004519176 0.429089338 -0.000955610 0.999980032 0.006236386 -0.658602417 -0.004513300 -0.006240638 0.999970376 19.752878189
0.999987602 0.001622543 0.004703117 0.436690301 -0.001651761 0.999979258 0.006215395 -0.666662633 -0.004692935 -0.006223087 0.999969721 20.233549118
0.999991357 0.000247049 0.004142562 0.457065403 -0.000272843 0.999980569 0.006227141 -0.688429296 -0.004140944 -0.006228216 0.999972045 20.720676422
0.999991536 0.000121479 0.004132709 0.465702891 -0.000146952 0.999981046 0.006163868 -0.701595902 -0.004131882 -0.006164422 0.999972463 21.210638046
0.999993861 0.001002854 0.003352438 0.482236683 -0.001025119 0.999977410 0.006646280 -0.721188366 -0.003345697 -0.006649676 0.999972284 21.746448517
0.999994814 0.000997175 0.003045276 0.487634242 -0.001016881 0.999978542 0.006476386 -0.734856725 -0.003038751 -0.006479450 0.999974370 22.252159119
0.999996364 0.000411553 0.002643279 0.498028278 -0.000430716 0.999973595 0.007253409 -0.752393603 -0.002640224 -0.007254523 0.999970198 22.756444931
0.999997079 0.000666428 0.002271635 0.510325611 -0.000682208 0.999975622 0.006952818 -0.763873458 -0.002266945 -0.006954348 0.999973238 23.275226593
0.999997318 0.001268726 0.001912998 0.511111856 -0.001281884 0.999975383 0.006892958 -0.773142457 -0.001904206 -0.006895393 0.999974430 23.778831482
0.999999046 0.000148055 0.001370589 0.521119118 -0.000157016 0.999978602 0.006540109 -0.787080348 -0.001369591 -0.006540318 0.999977708 24.309188843
0.999998987 0.001155538 0.000830482 0.534800470 -0.001161359 0.999974430 0.007044246 -0.802048445 -0.000822321 -0.007045204 0.999974847 24.806066513
0.999999464 0.001047495 0.000021036 0.551524699 -0.001047622 0.999971867 0.007415294 -0.815730751 -0.000013268 -0.007415312 0.999972522 25.335275650
0.999998331 0.001728319 -0.000587823 0.559880137 -0.001723709 0.999968469 0.007753871 -0.833940089 0.000601205 -0.007752846 0.999969780 25.871955872
0.999998212 0.001817005 -0.000500761 0.567905903 -0.001813115 0.999968946 0.007663788 -0.842384398 0.000514670 -0.007662866 0.999970555 26.425220490
0.999998510 0.001306965 -0.001061163 0.548547864 -0.001298056 0.999964297 0.008353312 -0.875804961 0.001072043 -0.008351923 0.999964476 26.992666245
0.999997556 0.000830701 -0.001993143 0.569534063 -0.000813163 0.999961078 0.008783777 -0.894783914 0.002000362 -0.008782136 0.999959409 27.543699265
0.999997139 0.001574308 -0.001816715 0.547031522 -0.001558011 0.999958873 0.008937342 -0.920506597 0.001830711 -0.008934486 0.999958396 28.097116470
0.999996603 0.001702958 -0.002014372 0.554647863 -0.001684186 0.999955475 0.009284290 -0.930026948 0.002030093 -0.009280863 0.999954879 28.645349503
0.999995470 0.001318732 -0.002700112 0.576441586 -0.001294720 0.999959707 0.008875429 -0.931762457 0.002711707 -0.008871892 0.999956965 29.190753937
0.999994576 0.001639523 -0.002848353 0.584038198 -0.001614427 0.999960065 0.008790749 -0.943524837 0.002862652 -0.008786101 0.999957323 29.731595993
0.999993682 0.001021912 -0.003400314 0.588043272 -0.000988854 0.999952316 0.009709604 -0.979273677 0.003410074 -0.009706180 0.999947071 30.255836487
0.999993622 0.001149213 -0.003368256 0.599095345 -0.001117294 0.999954581 0.009463031 -0.990371764 0.003378978 -0.009459207 0.999949574 30.809299469
0.999992967 0.000371426 -0.003726235 0.599270403 -0.000335782 0.999954224 0.009562027 -0.999077439 0.003729617 -0.009560709 0.999947369 31.374511719
0.999990463 -0.000021823 -0.004372492 0.619705975 0.000062825 0.999956071 0.009377312 -1.012549996 0.004372096 -0.009377495 0.999946475 31.911085129
0.999989510 0.000081380 -0.004576264 0.633927107 -0.000038134 0.999955356 0.009449307 -1.030504346 0.004576829 -0.009449032 0.999944985 32.447650909
0.999990284 0.000848650 -0.004316301 0.620930731 -0.000805584 0.999949992 0.009969478 -1.045354962 0.004324545 -0.009965906 0.999940932 32.953376770
0.999988973 0.000981233 -0.004586290 0.632285833 -0.000934912 0.999948621 0.010091116 -1.064047575 0.004595956 -0.010086718 0.999938548 33.490230560
0.999987602 0.000407487 -0.004949205 0.641484857 -0.000356377 0.999946654 0.010323524 -1.074929953 0.004953147 -0.010321633 0.999934494 34.030635834
0.999985993 0.000799332 -0.005230956 0.648387909 -0.000745880 0.999947548 0.010212368 -1.088720322 0.005238845 -0.010208325 0.999934196 34.611881256
0.999985099 0.000460512 -0.005449309 0.661135972 -0.000404121 0.999946356 0.010344756 -1.100371838 0.005453782 -0.010342399 0.999931633 35.157581329
0.999986112 0.000983645 -0.005172769 0.664950669 -0.000930114 0.999946058 0.010340832 -1.118169665 0.005182662 -0.010335878 0.999933124 35.698928833
0.999984860 0.000392645 -0.005486629 0.678644538 -0.000333385 0.999941647 0.010797549 -1.126319408 0.005490548 -0.010795558 0.999926686 36.244300842
0.999984920 0.001487941 -0.005289853 0.671541214 -0.001434435 0.999947846 0.010104300 -1.128244877 0.005304612 -0.010096560 0.999934912 36.818138123
0.999981225 0.001602210 -0.005912685 0.681180835 -0.001541895 0.999946833 0.010191304 -1.137665272 0.005928699 -0.010181997 0.999930561 37.363533020
0.999981105 0.001217793 -0.006024826 0.685333729 -0.001154475 0.999944210 0.010501910 -1.160289645 0.006037279 -0.010494757 0.999926686 37.880622864
0.999981582 0.001725938 -0.005819638 0.684212208 -0.001663862 0.999941826 0.010654770 -1.176112413 0.005837689 -0.010644891 0.999926329 38.391899109
0.999980509 0.001621603 -0.006033571 0.684157610 -0.001560714 0.999947965 0.010082643 -1.179472446 0.006049607 -0.010073029 0.999930918 39.036026001
0.999981403 0.001393623 -0.005940954 0.693575561 -0.001334122 0.999949098 0.010007652 -1.192289233 0.005954599 -0.009999542 0.999932230 39.575763702
0.999981046 0.001064276 -0.006060074 0.699313641 -0.000998124 0.999940038 0.010908617 -1.219372749 0.006071321 -0.010902362 0.999922156 40.102031708
0.999982774 0.001942295 -0.005542482 0.700964868 -0.001883414 0.999942005 0.010608916 -1.225093961 0.005562766 -0.010598294 0.999928355 40.667533875
0.999980807 0.001830425 -0.005912268 0.697890520 -0.001770943 0.999947965 0.010050318 -1.226772547 0.005930356 -0.010039654 0.999931991 41.206161499
0.999977946 0.000500035 -0.006622817 0.698992729 -0.000428625 0.999941766 0.010779332 -1.249671221 0.006627822 -0.010776253 0.999919891 41.816116333
0.999976337 0.000189663 -0.006894082 0.712446451 -0.000114253 0.999940157 0.010937121 -1.260640502 0.006895745 -0.010936070 0.999916375 42.366653442
0.999977052 0.000050956 -0.006776974 0.725270808 0.000023271 0.999940038 0.010952204 -1.274671197 0.006777124 -0.010952109 0.999917030 42.905811310
0.999971688 -0.000760870 -0.007497886 0.731692910 0.000846742 0.999933958 0.011456295 -1.279696226 0.007488674 -0.011462315 0.999906242 43.453361511
0.999971330 0.000124615 -0.007569351 0.731269121 -0.000042168 0.999940693 0.010891428 -1.300915003 0.007570259 -0.010890799 0.999911964 44.057159424
0.999972701 -0.000015934 -0.007392669 0.739609361 0.000095506 0.999942064 0.010763423 -1.306189775 0.007392070 -0.010763835 0.999914765 44.592735291
0.999972165 0.000082979 -0.007460525 0.746113122 -0.000002276 0.999941528 0.010816650 -1.318089247 0.007460985 -0.010816329 0.999913692 45.140037537
0.999972224 0.000435189 -0.007440759 0.752491891 -0.000358114 0.999946356 0.010356732 -1.327025652 0.007444866 -0.010353779 0.999918699 45.691429138
0.999969542 -0.000402006 -0.007795464 0.773072481 0.000488367 0.999938428 0.011079668 -1.347163916 0.007790530 -0.011083136 0.999908209 46.224304199
0.999970138 0.000383571 -0.007722516 0.774376094 -0.000304753 0.999947906 0.010204856 -1.345500231 0.007726028 -0.010202196 0.999918163 46.757724762
0.999966800 -0.000231037 -0.008144927 0.798086762 0.000324056 0.999934673 0.011421155 -1.375055552 0.008141757 -0.011423416 0.999901593 47.277759552
0.999965847 -0.000263440 -0.008260024 0.803761125 0.000359161 0.999932766 0.011589104 -1.385319471 0.008256416 -0.011591676 0.999898732 47.830352783
0.999968410 -0.000391502 -0.007935188 0.795923710 0.000483527 0.999932587 0.011598486 -1.397949934 0.007930112 -0.011601956 0.999901235 48.357860565
0.999968469 0.000008034 -0.007947269 0.816400409 0.000082145 0.999935627 0.011346794 -1.402603388 0.007946849 -0.011347089 0.999904037 48.889915466
0.999968469 -0.000599864 -0.007917204 0.812621236 0.000691955 0.999932230 0.011634170 -1.418824673 0.007909688 -0.011639284 0.999900937 49.432357788
0.999967754 -0.000358717 -0.008024753 0.821205139 0.000454565 0.999928534 0.011945394 -1.434355378 0.008019894 -0.011948656 0.999896467 49.964107513
0.999967396 -0.000293376 -0.008071656 0.820663214 0.000390427 0.999927580 0.012024675 -1.442892909 0.008067544 -0.012027433 0.999895155 50.513069153
0.999967217 -0.000732008 -0.008059208 0.836482167 0.000829952 0.999925792 0.012156450 -1.460313559 0.008049711 -0.012162742 0.999893606 51.039939880
0.999971032 0.000143535 -0.007609491 0.829225183 -0.000052161 0.999927998 0.012006744 -1.456877232 0.007610665 -0.012006000 0.999899030 51.616027832
0.999967635 -0.000199029 -0.008034912 0.843537986 0.000298866 0.999922693 0.012426174 -1.480108976 0.008031817 -0.012428173 0.999890506 52.118614197
0.999966919 -0.000234141 -0.008132130 0.848102689 0.000333390 0.999925435 0.012205336 -1.488258600 0.008128666 -0.012207643 0.999892414 52.657718658
0.999967635 -0.000235184 -0.008041943 0.856893718 0.000334599 0.999923527 0.012362916 -1.496424437 0.008038421 -0.012365207 0.999891222 53.205810547
0.999968112 -0.000457874 -0.007964741 0.864406109 0.000556811 0.999922693 0.012424142 -1.505991697 0.007958436 -0.012428182 0.999891102 53.756038666
0.999968529 -0.000109730 -0.007931694 0.873112082 0.000207673 0.999923706 0.012348562 -1.518871069 0.007929734 -0.012349821 0.999892294 54.282978058
0.999964356 -0.000294990 -0.008442137 0.894514680 0.000404011 0.999916613 0.012915149 -1.530435205 0.008437622 -0.012918101 0.999880910 54.835021973
0.999969959 0.000323536 -0.007738806 0.879016638 -0.000225215 0.999919295 0.012702548 -1.541907668 0.007742290 -0.012700424 0.999889374 55.358398438
0.999969900 0.000365294 -0.007750796 0.888448596 -0.000267588 0.999920487 0.012603275 -1.549678445 0.007754785 -0.012600822 0.999890447 55.894386292
0.999967992 0.000383101 -0.007990697 0.895827889 -0.000283058 0.999921620 0.012517285 -1.554115534 0.007994866 -0.012514624 0.999889672 56.442432404
0.999966860 -0.000026709 -0.008134427 0.909041882 0.000127647 0.999923050 0.012408437 -1.566697598 0.008133469 -0.012409065 0.999889851 56.991939545
0.999972045 0.000214848 -0.007473222 0.904280961 -0.000118403 0.999916732 0.012903441 -1.583834291 0.007475372 -0.012902196 0.999888837 57.509712219
0.999970019 0.000154451 -0.007731851 0.918022990 -0.000059454 0.999924481 0.012285111 -1.553551435 0.007733164 -0.012284282 0.999894619 58.169780731
0.999968171 -0.000419579 -0.007964731 0.924222231 0.000523536 0.999914587 0.013054546 -1.606816530 0.007958574 -0.013058301 0.999883115 58.610553741
0.999973774 0.000547400 -0.007219600 0.924753606 -0.000452940 0.999914467 0.013078981 -1.616964459 0.007226143 -0.013075371 0.999888361 59.123622894
0.999971449 0.000173030 -0.007549079 0.942342758 -0.000076185 0.999917746 0.012827130 -1.606971502 0.007550675 -0.012826189 0.999889255 59.722614288
0.999974012 0.000671602 -0.007176611 0.940668166 -0.000577149 0.999913275 0.013155198 -1.642395496 0.007184824 -0.013150715 0.999887705 60.202739716
0.999974251 0.000567983 -0.007146209 0.947569251 -0.000472653 0.999910891 0.013334569 -1.647837400 0.007153146 -0.013330846 0.999885559 60.765865326
0.999976218 0.000682699 -0.006863535 0.957450390 -0.000591594 0.999911726 0.013267087 -1.660299540 0.006871987 -0.013262711 0.999888420 61.313354492
0.999975681 0.000621051 -0.006950415 0.976048589 -0.000526610 0.999907613 0.013581336 -1.670219064 0.006958207 -0.013577348 0.999883592 61.848701477
0.999973714 -0.000085089 -0.007249762 0.972679734 0.000183179 0.999908388 0.013530492 -1.680644512 0.007247947 -0.013531464 0.999882162 62.415050507
0.999976754 0.000882471 -0.006765968 0.981629491 -0.000788618 0.999903560 0.013861459 -1.695947409 0.006777548 -0.013855799 0.999881029 62.938224792
0.999970436 -0.000463113 -0.007677139 0.990786195 0.000569566 0.999903560 0.013869732 -1.705020189 0.007669976 -0.013873694 0.999874294 63.447605133
0.999975085 0.000544060 -0.007036776 0.931052804 -0.000446214 0.999903321 0.013898978 -1.765038490 0.007043657 -0.013895492 0.999878585 64.018013000
0.999969661 0.000138345 -0.007792944 0.975686252 -0.000031163 0.999905407 0.013752125 -1.739082694 0.007794109 -0.013751464 0.999875069 64.892555237
0.999975264 0.000243286 -0.007035271 0.936567664 -0.000137770 0.999887526 0.014994713 -1.786011577 0.007038128 -0.014993369 0.999862790 65.108116150
0.999978840 0.001182553 -0.006394031 0.933241427 -0.001088508 0.999891460 0.014691846 -1.793771863 0.006410710 -0.014684576 0.999871552 65.633529663
0.999976575 0.001247502 -0.006725619 0.952991784 -0.001152677 0.999900162 0.014084565 -1.794496298 0.006742519 -0.014076483 0.999878168 66.225769043
0.999977827 0.001824845 -0.006399583 0.926054001 -0.001737690 0.999906063 0.013598115 -1.793567538 0.006423797 -0.013586693 0.999886990 66.988891602
0.999976516 0.000993142 -0.006766715 0.967968822 -0.000897919 0.999900758 0.014060732 -1.807048440 0.006780007 -0.014054328 0.999878228 67.324165344
0.999974549 -0.000129281 -0.007133752 0.982719898 0.000232751 0.999894798 0.014505245 -1.820930004 0.007131126 -0.014506536 0.999869347 67.853843689
0.999976695 0.001863450 -0.006557891 0.994117022 -0.001771755 0.999900997 0.013960563 -1.841362238 0.006583256 -0.013948619 0.999881029 68.370895386
0.999977291 0.001385287 -0.006585739 0.987391591 -0.001294982 0.999905407 0.013696666 -1.826474786 0.006604089 -0.013687829 0.999884486 69.057693481
0.999976993 0.002057084 -0.006459154 1.012145519 -0.001965847 0.999898672 0.014099979 -1.854804516 0.006487504 -0.014086958 0.999879718 69.479598999
0.999974608 0.001451298 -0.006972168 1.030267000 -0.001352979 0.999899924 0.014085745 -1.863534927 0.006991912 -0.014075954 0.999876499 70.042213440
0.999977648 0.001611990 -0.006493065 1.022970676 -0.001519530 0.999897718 0.014219703 -1.877948761 0.006515324 -0.014209519 0.999877751 70.464378357
0.999977171 0.002755763 -0.006177419 1.008771539 -0.002675806 0.999912977 0.012914575 -1.828381300 0.006212472 -0.012897750 0.999897540 71.186599731
0.999976754 0.001269072 -0.006692010 1.045972228 -0.001171449 0.999893188 0.014571744 -1.897637963 0.006709788 -0.014563567 0.999871373 71.549171448
0.999977589 0.001744243 -0.006461758 1.045480967 -0.001651575 0.999896109 0.014318682 -1.907288074 0.006486061 -0.014307689 0.999876618 72.021667480
0.999974549 0.001154347 -0.007040792 1.071454763 -0.001053427 0.999896884 0.014320483 -1.909070730 0.007056596 -0.014312702 0.999872625 72.618980408
0.999977767 0.002398852 -0.006219857 1.048000574 -0.002312046 0.999900341 0.013925992 -1.915692329 0.006252645 -0.013911300 0.999883711 73.148735046
0.999978781 0.001980711 -0.006207398 1.063490629 -0.001891405 0.999895215 0.014359971 -1.928791046 0.006235190 -0.014347928 0.999877632 73.625411987
0.999978244 0.001739733 -0.006362075 1.074527025 -0.001651248 0.999902248 0.013886961 -1.930008173 0.006385613 -0.013876154 0.999883354 74.237266541
0.999978542 0.001847722 -0.006280624 1.070580959 -0.001757065 0.999894619 0.014409307 -1.947461247 0.006306586 -0.014397961 0.999876440 74.684860229
0.999978244 0.001936557 -0.006304676 1.075842738 -0.001847795 0.999899507 0.014054418 -1.955819845 0.006331260 -0.014042460 0.999881327 75.234741211
0.999977648 0.001257037 -0.006552201 1.093416095 -0.001164694 0.999900162 0.014078259 -1.967390060 0.006569244 -0.014070313 0.999879360 75.757179260
0.999979675 0.001722863 -0.006138036 1.087413669 -0.001636451 0.999899805 0.014055381 -1.964987874 0.006161637 -0.014045049 0.999882400 76.274444580
0.999977291 0.001984268 -0.006433410 1.101815343 -0.001898568 0.999909699 0.013299914 -1.968851566 0.006459219 -0.013287398 0.999890864 76.888542175
0.999979079 0.001776626 -0.006213951 1.107349634 -0.001688673 0.999898672 0.014130899 -1.988725185 0.006238428 -0.014120109 0.999880791 77.344146729
0.999979854 0.002126246 -0.005977791 1.114895344 -0.002041544 0.999897957 0.014140162 -1.985519528 0.006007249 -0.014127675 0.999882162 77.902511597
0.999979913 0.001245322 -0.006221453 1.124299288 -0.001160640 0.999906838 0.013596359 -1.991426468 0.006237807 -0.013588864 0.999888301 78.459381104
0.999981165 0.001927725 -0.005819468 1.134648919 -0.001845342 0.999898493 0.014128697 -1.996374726 0.005846114 -0.014117693 0.999883235 78.995559692
0.999980867 0.002384009 -0.005704108 1.141482592 -0.002303748 0.999898851 0.014036215 -2.004035711 0.005736992 -0.014022806 0.999885201 79.560661316
0.999981284 0.002709978 -0.005474572 1.147961259 -0.002633877 0.999900460 0.013860403 -2.009870529 0.005511590 -0.013845726 0.999888897 80.115325928
0.999984264 0.002371908 -0.005085060 1.160334706 -0.002300205 0.999898493 0.014060467 -2.016101837 0.005117895 -0.014048551 0.999888241 80.669815063
0.999988854 0.002772338 -0.003819937 1.167489409 -0.002719642 0.999902010 0.013731931 -2.022552013 0.003857632 -0.013721390 0.999898434 81.220138550
0.999993205 0.002635888 -0.002554752 1.178074598 -0.002601065 0.999904931 0.013539566 -2.029644966 0.002590198 -0.013532829 0.999904990 81.775375366
0.999995947 0.002606243 -0.001081892 1.194954515 -0.002591481 0.999906480 0.013428872 -2.035018444 0.001116790 -0.013426012 0.999909222 82.329307556
0.999992132 0.002941224 0.002660481 1.211176395 -0.002976665 0.999905586 0.013416735 -2.042315483 -0.002620768 -0.013424550 0.999906421 82.882522583
0.999973953 0.003011775 0.006550695 1.229213357 -0.003103733 0.999896228 0.014073278 -2.056285381 -0.006507629 -0.014093243 0.999879539 83.430015564
0.999952555 0.002558664 0.009409841 1.246714830 -0.002687575 0.999902308 0.013712496 -2.063820839 -0.009373840 -0.013737133 0.999861717 84.005546570
0.999881446 0.003944249 0.014883167 1.258575916 -0.004143352 0.999902010 0.013370669 -2.057467461 -0.014828971 -0.013430751 0.999799848 84.545989990
0.999784589 0.003140460 0.020516075 1.297716618 -0.003419756 0.999901772 0.013592685 -2.080121756 -0.020471372 -0.013659919 0.999697089 85.108688354
0.999659419 0.002627651 0.025964441 1.333542943 -0.002977465 0.999905229 0.013443366 -2.090147018 -0.025926655 -0.013516095 0.999572456 85.651397705
0.999495387 0.002772531 0.031643867 1.367079377 -0.003193050 0.999907136 0.013246334 -2.094691992 -0.031604201 -0.013340687 0.999411404 86.207954407
0.999228895 0.002132523 0.039205354 1.409969687 -0.002647213 0.999910951 0.013080832 -2.097736597 -0.039173964 -0.013174532 0.999145567 86.774154663
0.998894274 0.001797753 0.046979211 1.457410336 -0.002408266 0.999913335 0.012942008 -2.108177423 -0.046951868 -0.013040837 0.998811960 87.319831848
0.998566806 0.001266771 0.053504001 1.506271839 -0.001969094 0.999912560 0.013075864 -2.113931656 -0.053482760 -0.013162479 0.998482049 87.874481201
0.998053372 0.001309829 0.062352095 1.561122179 -0.002098514 0.999918580 0.012585076 -2.120555878 -0.062330537 -0.012691425 0.997974813 88.416244507
0.997399569 0.000860089 0.072064579 1.624004841 -0.001787320 0.999916375 0.012803173 -2.129285336 -0.072047561 -0.012898683 0.997317791 88.978614807
0.996763170 0.000280166 0.080393024 1.694717407 -0.001313916 0.999917150 0.012806097 -2.137320995 -0.080382764 -0.012870277 0.996680975 89.528350830
0.996079981 0.000139322 0.088458158 1.762378216 -0.001254516 0.999920368 0.012551544 -2.144069195 -0.088449396 -0.012613311 0.996000826 90.095573425
0.995095074 -0.000250456 0.098922968 1.842024326 -0.001017064 0.999917984 0.012762565 -2.153623581 -0.098918043 -0.012800577 0.995013237 90.636505127
0.993999660 -0.000585692 0.109381720 1.927959442 -0.000814574 0.999918222 0.012756527 -2.164799213 -0.109380260 -0.012769083 0.993917942 91.181671143
0.992933571 -0.000995411 0.118667513 2.018136978 -0.000532039 0.999917388 0.012839311 -2.174668312 -0.118670464 -0.012811718 0.992851138 91.738067627
0.991557181 -0.000939890 0.129666597 2.116119385 -0.000749013 0.999915481 0.012975588 -2.184510708 -0.129667819 -0.012963160 0.991472781 92.283058167
0.989901781 -0.001249937 0.141748950 2.219792366 -0.000583158 0.999916673 0.012889704 -2.195637226 -0.141753271 -0.012842203 0.989818692 92.831672668
0.988316417 -0.001817127 0.152405351 2.328640938 -0.000132840 0.999918282 0.012783452 -2.201067209 -0.152416125 -0.012654343 0.988235414 93.402008057
0.986671269 -0.002275953 0.162710235 2.443430901 0.000207510 0.999918938 0.012728294 -2.207423687 -0.162726015 -0.012524880 0.986591816 93.946487427
0.984480143 -0.002485375 0.175478205 2.564933777 0.000305668 0.999922395 0.012447467 -2.215347290 -0.175495490 -0.012200644 0.984404624 94.483451843
0.982322752 -0.003430906 0.187163606 2.696475029 0.001097408 0.999920309 0.012569875 -2.223714352 -0.187191844 -0.012142279 0.982248247 95.025581360
0.980339587 -0.003879391 0.197279155 2.827051163 0.001459724 0.999921858 0.012409132 -2.230017662 -0.197311908 -0.011877190 0.980268836 95.560729980
0.977590263 -0.004068242 0.210477456 2.968730927 0.001481391 0.999921441 0.012446595 -2.239334583 -0.210511580 -0.011855871 0.977519393 96.096786499
0.974656463 -0.004648590 0.223658547 3.122999191 0.001931198 0.999921679 0.012366929 -2.246443272 -0.223698556 -0.011621579 0.974589050 96.643325806
0.972058952 -0.005223022 0.234678730 3.275571823 0.002416835 0.999922097 0.012243584 -2.254159212 -0.234724402 -0.011334306 0.971995890 97.187774658
0.969059646 -0.005362356 0.246768370 3.439886093 0.002369030 0.999920011 0.012425398 -2.263979435 -0.246815249 -0.011456353 0.968994856 97.726463318
0.965387404 -0.005699061 0.260757864 3.609533310 0.002470302 0.999916136 0.012708286 -2.274461269 -0.260808527 -0.011624268 0.965320528 98.248680115
0.962024331 -0.005936243 0.272899181 3.788412094 0.002623431 0.999918342 0.012502618 -2.286257029 -0.272951096 -0.011311888 0.961961508 98.763244629
0.958748996 -0.006329038 0.284183890 3.967369080 0.002870375 0.999916673 0.012585304 -2.287968874 -0.284239888 -0.011250434 0.958687186 99.308975220
0.954529285 -0.006395054 0.298048615 4.158151627 0.002711403 0.999914765 0.012771051 -2.303870201 -0.298104912 -0.011382212 0.954465270 99.808837891
0.950056434 -0.006535688 0.312009603 4.353466034 0.002623603 0.999912620 0.012956481 -2.306174994 -0.312067062 -0.011490799 0.949990511 100.363853455
0.946083665 -0.006806315 0.323850572 4.546327591 0.002676859 0.999909341 0.013194871 -2.312249899 -0.323911041 -0.011616549 0.946016192 100.881866455
0.941575766 -0.007235212 0.336723387 4.755325317 0.002940892 0.999907732 0.013261549 -2.320200443 -0.336788237 -0.011496485 0.941510201 101.403305054
0.936431110 -0.007020695 0.350781292 4.968736649 0.002570924 0.999910235 0.013149423 -2.325366497 -0.350842059 -0.011411698 0.936365128 101.915596008
0.931792617 -0.007779230 0.362907708 5.192300797 0.003223324 0.999908209 0.013157746 -2.329962969 -0.362976760 -0.011090521 0.931732178 102.430908203
0.927645326 -0.008357801 0.373368740 5.418457031 0.003756991 0.999907732 0.013048427 -2.338190794 -0.373443455 -0.010701569 0.927591205 102.922836304
0.922142208 -0.008206273 0.386764020 5.655212402 0.003486489 0.999910653 0.012903218 -2.340204716 -0.386835366 -0.010550153 0.922088444 103.428367615
0.916544139 -0.008686018 0.399839222 5.894397736 0.003793078 0.999907911 0.013026978 -2.345994711 -0.399915576 -0.010423179 0.916492701 103.928176880
0.911540985 -0.009229465 0.411105484 6.146877289 0.004334806 0.999908209 0.012836762 -2.353196144 -0.411186308 -0.009919172 0.911497355 104.429443359
0.905349910 -0.009109026 0.424568713 6.407566071 0.004126660 0.999911427 0.012653189 -2.356720209 -0.424646378 -0.009703513 0.905307293 104.921386719
0.898735046 -0.009797790 0.438382626 6.683883667 0.004638739 0.999906838 0.012837824 -2.365778923 -0.438467503 -0.009504260 0.898696780 105.415779114
0.892740011 -0.010623834 0.450446904 6.955215454 0.005388658 0.999902248 0.012903022 -2.372750044 -0.450539947 -0.009091740 0.892709970 105.897605896
0.887076199 -0.010791511 0.461496830 7.227092743 0.005490001 0.999902666 0.012828713 -2.375201702 -0.461590350 -0.008846428 0.887049079 106.383857727
0.880076289 -0.011742273 0.474687099 7.514709473 0.006404451 0.999896765 0.012860378 -2.382177114 -0.474789113 -0.008278004 0.880060673 106.863212585
