1.000000000 0.000000000 0.000000000 0.000000000 0.000000000 1.000000000 0.000000000 0.000000000 0.000000000 0.000000000 1.000000000 0.000000000
1.000000000 0.000011639 -0.000119830 0.001118027 -0.000011650 1.000000000 -0.000095366 0.000187263 0.000119828 0.000095367 1.000000000 -0.002155046
1.000000000 0.000118008 -0.000030730 0.000499996 -0.000118007 1.000000000 0.000037214 -0.000458140 0.000030735 -0.000037211 1.000000000 -0.001084554
1.000000000 -0.000036505 -0.000028927 0.000634035 0.000036508 1.000000000 0.000076601 -0.000777029 0.000028924 -0.000076602 1.000000000 -0.002261325
1.000000000 -0.000129857 -0.000042246 0.000609118 0.000129854 1.000000000 -0.000068337 0.000335498 0.000042255 0.000068331 1.000000000 -0.000267040
1.000000000 -0.000176901 0.000093634 0.000168425 0.000176899 1.000000000 0.000022433 -0.000187396 -0.000093638 -0.000022417 1.000000000 0.000156978
1.000000000 -0.000011661 0.000053055 0.000763622 0.000011664 1.000000000 -0.000060507 0.000550524 -0.000053054 0.000060507 1.000000000 -0.000182569
0.999999940 -0.000245648 0.000075344 0.000741776 0.000245645 0.999999940 0.000044741 -0.000403003 -0.000075355 -0.000044722 1.000000000 -0.001508070
1.000000000 -0.000120939 -0.000005452 0.001138555 0.000120939 1.000000000 0.000040338 0.000571760 0.000005447 -0.000040339 1.000000000 0.001114877
1.000000000 0.000002312 -0.000195853 0.001912719 -0.000002298 1.000000000 0.000073359 -0.000875200 0.000195853 -0.000073359 1.000000000 -0.001581409
1.000000000 0.000082206 0.000062688 -0.000793935 -0.000082201 1.000000000 -0.000084797 0.001170553 -0.000062695 0.000084792 1.000000000 0.001278669
1.000000000 0.000064628 0.000062504 -0.000680563 -0.000064636 1.000000000 0.000131749 -0.000544064 -0.000062496 -0.000131753 1.000000000 0.000143084
1.000000000 -0.000002352 0.000166143 -0.001284555 0.000002332 1.000000000 0.000122202 0.000093616 -0.000166143 -0.000122201 1.000000000 0.001666140
1.000000000 0.000058380 0.000058112 -0.000143519 -0.000058390 1.000000000 0.000172878 -0.001132412 -0.000058102 -0.000172881 1.000000000 -0.001759894
1.000000000 -0.000136507 0.000063369 0.000221423 0.000136497 1.000000000 0.000165924 -0.001471768 -0.000063392 -0.000165915 1.000000000 -0.001574993
0.999999940 0.000209507 0.000320086 -0.001259837 -0.000209537 1.000000000 0.000095006 0.000145267 -0.000320066 -0.000095073 0.999999940 0.000992161
1.000000000 -0.000027926 0.000043184 0.000126135 0.000027917 1.000000000 0.000211990 -0.000871272 -0.000043190 -0.000211989 1.000000000 -0.000361433
1.000000000 0.000157195 -0.000003605 -0.000032751 -0.000157194 0.999999940 0.000186821 -0.001027793 0.000003634 -0.000186821 1.000000000 -0.001690808
1.000000000 0.000004909 0.000149447 -0.000927779 -0.000004918 1.000000000 0.000059143 0.000100024 -0.000149447 -0.000059144 1.000000000 0.000550649
1.000000000 0.000144514 0.000131017 -0.000658305 -0.000144511 1.000000000 -0.000016110 0.000602032 -0.000131020 0.000016091 1.000000000 0.000043859
1.000000000 -0.000070550 -0.000092392 0.000765704 0.000070555 1.000000000 0.000055976 -0.000061613 0.000092388 -0.000055982 1.000000000 -0.000107690
1.000000000 -0.000036472 0.000057783 -0.000002715 0.000036464 1.000000000 0.000126941 -0.000715918 -0.000057788 -0.000126939 1.000000000 -0.000597627
0.999999940 0.000173037 0.000240372 -0.001723810 -0.000173075 1.000000000 0.000155437 0.000550420 -0.000240346 -0.000155478 0.999999940 0.000198208
1.000000000 0.000113821 0.000096395 -0.000156028 -0.000113839 1.000000000 0.000189759 -0.000573334 -0.000096374 -0.000189770 1.000000000 -0.000935472
1.000000000 0.000223942 0.000065130 0.000130506 -0.000223952 0.999999940 0.000139188 -0.000525192 -0.000065099 -0.000139202 1.000000000 -0.002393167
0.999999940 0.000253191 0.000024947 -0.000214030 -0.000253190 0.999999940 -0.000045549 0.000953751 -0.000024959 0.000045543 1.000000000 0.000686335
0.999999881 0.000485058 0.000205998 -0.001979617 -0.000485057 0.999999881 -0.000007645 0.001014232 -0.000206001 0.000007545 1.000000000 0.001828564
1.000000000 0.000140535 0.000024128 -0.001094045 -0.000140538 1.000000000 0.000120555 0.001141458 -0.000024111 -0.000120558 1.000000000 0.002714053
1.000000000 0.000124827 -0.000078600 0.000990897 -0.000124826 1.000000000 0.000010614 0.000968478 0.000078602 -0.000010604 1.000000000 0.000368871
1.000000000 0.000217792 0.000022908 0.000121906 -0.000217795 0.999999940 0.000138833 -0.000634403 -0.000022878 -0.000138838 1.000000000 -0.002090781
1.000000000 0.000009878 -0.000040658 0.000707179 -0.000009877 1.000000000 0.000021231 0.000562601 0.000040659 -0.000021231 1.000000000 0.000405671
1.000000000 0.000085796 0.000013393 0.001566900 -0.000085796 1.000000000 0.000062853 -0.000400097 -0.000013388 -0.000062855 1.000000000 -0.001869084
1.000000000 0.000086763 -0.000113653 0.001130192 -0.000086745 1.000000000 0.000155043 -0.000430990 0.000113667 -0.000155033 1.000000000 0.000088888
1.000000000 0.000122907 -0.000024824 0.000655396 -0.000122905 1.000000000 0.000115394 -0.000134341 0.000024839 -0.000115391 1.000000000 -0.000381351
1.000000000 0.000203694 0.000037149 0.000367558 -0.000203697 1.000000000 0.000077902 0.000878566 -0.000037133 -0.000077909 1.000000000 -0.001201077
1.000000000 0.000047620 0.000084763 -0.001357368 -0.000047615 1.000000000 -0.000065469 0.002645572 -0.000084766 0.000065465 1.000000000 0.003420464
1.000000000 -0.000048802 -0.000007907 0.000787472 0.000048804 1.000000000 0.000190014 -0.000515457 0.000007898 -0.000190014 1.000000000 -0.001185306
1.000000000 -0.000040772 -0.000006988 0.000429718 0.000040772 1.000000000 -0.000025617 0.001393789 0.000006989 0.000025617 1.000000000 0.000471567
1.000000000 -0.000026539 0.000190094 -0.000501638 0.000026519 1.000000000 0.000106163 0.000013790 -0.000190097 -0.000106158 1.000000000 0.001556010
0.999999940 -0.000383738 0.000132011 0.001615438 0.000383823 0.999999702 -0.000644203 -0.001936911 -0.000131764 0.000644253 0.999999762 0.052138653
0.999999940 0.000249273 0.000259339 0.000579498 -0.000248991 0.999999404 -0.001088540 -0.007264968 -0.000259610 0.001088475 0.999999344 0.134055629
0.999999940 0.000386114 -0.000108364 0.005300787 -0.000386272 0.999998868 -0.001462084 -0.007624713 0.000107800 0.001462126 0.999998927 0.251409352
0.999999762 0.000698370 0.000119645 0.004788382 -0.000698239 0.999999166 -0.001091990 -0.013569290 -0.000120408 0.001091906 0.999999404 0.382257313
0.999999940 0.000369873 -0.000148519 0.010117287 -0.000370043 0.999999285 -0.001145604 -0.016016427 0.000148095 0.001145659 0.999999344 0.521806896
0.999999881 0.000483998 0.000030715 0.015204700 -0.000483970 0.999999464 -0.000918698 -0.024839418 -0.000031160 0.000918683 0.999999583 0.674708486
0.999999344 0.000987076 0.000606156 0.016000373 -0.000986489 0.999999046 -0.000967919 -0.024549110 -0.000607111 0.000967320 0.999999344 0.832825005
0.999999821 0.000378328 0.000465378 0.016936777 -0.000377812 0.999999285 -0.001108445 -0.026511477 -0.000465797 0.001108269 0.999999285 1.012116313
0.999999762 0.000622322 0.000357690 0.022768535 -0.000622271 0.999999821 -0.000143290 -0.040530488 -0.000357779 0.000143067 0.999999940 1.178731441
0.999999702 0.000650489 0.000383112 0.023340756 -0.000650306 0.999999702 -0.000477620 -0.041372221 -0.000383423 0.000477371 0.999999821 1.362644911
1.000000000 0.000193763 -0.000047737 0.038721919 -0.000193769 1.000000000 -0.000121690 -0.059333157 0.000047714 0.000121700 1.000000000 1.548107982
0.999999940 0.000282506 0.000217211 0.039869327 -0.000282516 0.999999940 0.000043370 -0.061690394 -0.000217199 -0.000043431 1.000000000 1.749976397
1.000000000 0.000161619 -0.000041839 0.046034254 -0.000161617 1.000000000 0.000049563 -0.061614726 0.000041847 -0.000049557 1.000000000 1.943809271
0.999998510 0.001616492 0.000618013 0.039003599 -0.001616855 0.999998510 0.000587117 -0.082645051 -0.000617063 -0.000588115 0.999999583 2.135371923
0.999997675 0.002041078 0.000597086 0.045000114 -0.002041371 0.999997795 0.000491203 -0.087812424 -0.000596082 -0.000492421 0.999999702 2.351369381
0.999998689 0.001558841 0.000396875 0.053061672 -0.001559130 0.999998510 0.000729279 -0.097017832 -0.000395737 -0.000729897 0.999999642 2.569576263
0.999998808 0.001529283 0.000209762 0.059686173 -0.001529489 0.999998331 0.000984957 -0.107074000 -0.000208255 -0.000985277 0.999999464 2.793889046
0.999999464 0.001062691 0.000126962 0.064095438 -0.001062810 0.999998927 0.000942102 -0.111041002 -0.000125961 -0.000942237 0.999999523 3.031649113
0.999999523 0.000986986 0.000065830 0.068498626 -0.000987031 0.999999285 0.000675053 -0.115036815 -0.000065164 -0.000675118 0.999999762 3.266417027
0.999999166 0.001256313 0.000367446 0.074709915 -0.001256658 0.999998748 0.000939107 -0.125945672 -0.000366265 -0.000939568 0.999999464 3.513606548
0.999999225 0.001219236 0.000171962 0.081203058 -0.001219375 0.999998927 0.000809338 -0.131815717 -0.000170975 -0.000809547 0.999999642 3.767648697
0.999999523 0.001026450 0.000074478 0.088830113 -0.001026502 0.999999225 0.000708673 -0.137893498 -0.000073751 -0.000708749 0.999999762 4.025260925
0.999998987 0.001380877 0.000307051 0.089897327 -0.001381220 0.999998391 0.001120226 -0.144768372 -0.000305503 -0.001120649 0.999999344 4.273017406
0.999999225 0.001229864 0.000270582 0.091712900 -0.001230232 0.999998271 0.001361554 -0.151443556 -0.000268907 -0.001361886 0.999998987 4.532804489
0.999999225 0.001293938 0.000081849 0.102243856 -0.001294072 0.999997795 0.001664056 -0.161232948 -0.000079696 -0.001664160 0.999998629 4.783862591
0.999999285 0.001161699 -0.000042174 0.110705718 -0.001161638 0.999998331 0.001413319 -0.164400429 0.000043815 -0.001413269 0.999998987 5.052752495
0.999999583 0.000878621 0.000070906 0.113755643 -0.000878742 0.999998152 0.001731205 -0.176204741 -0.000069384 -0.001731266 0.999998450 5.308410168
0.999998689 0.001362759 0.000783980 0.107174665 -0.001364157 0.999997497 0.001786070 -0.186247230 -0.000781544 -0.001787137 0.999998093 5.579848766
0.999999166 0.001208484 0.000495285 0.112905599 -0.001209384 0.999997675 0.001822163 -0.193048596 -0.000493082 -0.001822760 0.999998271 5.852334023
0.999999285 0.001064367 0.000521840 0.122808747 -0.001065298 0.999997854 0.001786694 -0.200378060 -0.000519937 -0.001787248 0.999998271 6.129494190
0.999999583 0.000841086 0.000143374 0.129708216 -0.000841391 0.999997318 0.002146192 -0.208605781 -0.000141568 -0.002146312 0.999997675 6.405939579
0.999999106 0.001208586 0.000552633 0.135789856 -0.001209831 0.999996722 0.002257987 -0.228935748 -0.000549902 -0.002258654 0.999997318 6.670743942
0.999999046 0.001255005 0.000522063 0.142562896 -0.001256165 0.999996722 0.002227268 -0.236180887 -0.000519266 -0.002227922 0.999997377 6.970087528
0.999999344 0.000937023 0.000697795 0.145519719 -0.000938029 0.999998510 0.001442602 -0.230151176 -0.000696442 -0.001443255 0.999998808 7.282431126
0.999999225 0.001110818 0.000550633 0.153531194 -0.001111771 0.999997914 0.001732198 -0.247030169 -0.000548707 -0.001732808 0.999998391 7.588949680
0.999998450 0.001569227 0.000808456 0.163161144 -0.001571295 0.999995530 0.002564081 -0.260210454 -0.000804429 -0.002565347 0.999996424 7.882583618
0.999999523 0.000894514 0.000374908 0.170436814 -0.000895313 0.999997318 0.002136362 -0.268419892 -0.000372996 -0.002136696 0.999997675 8.218554497
0.999998510 0.001524525 0.000775768 0.175625473 -0.001526414 0.999995828 0.002440908 -0.281313896 -0.000772044 -0.002442088 0.999996722 8.544734001
0.999999404 0.000962131 0.000492338 0.183104947 -0.000963250 0.999996960 0.002276861 -0.285857230 -0.000490146 -0.002277334 0.999997318 8.890645027
0.999998629 0.001553294 0.000612943 0.189343140 -0.001554492 0.999996841 0.001958849 -0.294360161 -0.000609899 -0.001959799 0.999997973 9.210785866
0.999999106 0.000923977 0.000905314 0.187437162 -0.000926560 0.999995470 0.002856524 -0.311260223 -0.000902670 -0.002857361 0.999995470 9.556864738
0.999999344 0.001017147 0.000655590 0.203811228 -0.001018830 0.999996185 0.002570550 -0.321651012 -0.000652973 -0.002571216 0.999996424 9.897786140
0.999999404 0.000826194 0.000616666 0.207892686 -0.000827735 0.999996483 0.002502480 -0.330338866 -0.000614596 -0.002502989 0.999996662 10.252186775
0.999997735 0.001523637 0.001522901 0.199305639 -0.001527605 0.999995470 0.002607331 -0.339211613 -0.001518921 -0.002609652 0.999995470 10.594741821
0.999997377 0.001674139 0.001539489 0.212590382 -0.001677476 0.999996245 0.002168416 -0.344129801 -0.001535853 -0.002170993 0.999996424 10.976323128
0.999998033 0.001282946 0.001530270 0.219466195 -0.001287216 0.999995291 0.002792720 -0.360953063 -0.001526680 -0.002794684 0.999994934 11.354535103
0.999997258 0.001960548 0.001292242 0.230839536 -0.001964038 0.999994457 0.002705092 -0.369780868 -0.001286931 -0.002707623 0.999995530 11.736289978
0.999998748 0.001064989 0.001214374 0.239374667 -0.001068315 0.999995708 0.002741694 -0.380210727 -0.001211449 -0.002742988 0.999995530 12.118401527
0.999999166 0.000701783 0.001081918 0.254097849 -0.000705011 0.999995291 0.002986952 -0.395047784 -0.001079816 -0.002987713 0.999994934 12.502788544
0.999999464 0.000730345 0.000752359 0.262521088 -0.000732680 0.999994934 0.003107207 -0.404162765 -0.000750086 -0.003107757 0.999994874 12.901767731
0.999998629 0.001075838 0.001174543 0.264831811 -0.001079237 0.999995291 0.002896716 -0.411607265 -0.001171421 -0.002897980 0.999995112 13.310882568
0.999998748 0.000471863 0.001500227 0.275519878 -0.000477017 0.999993980 0.003437402 -0.424814492 -0.001498596 -0.003438113 0.999992907 13.721865654
0.999998629 0.000596333 0.001533244 0.284874648 -0.000601339 0.999994397 0.003267041 -0.434906185 -0.001531288 -0.003267958 0.999993503 14.137166023
0.999998152 0.000433936 0.001895174 0.294774115 -0.000440264 0.999994338 0.003339863 -0.445330203 -0.001893714 -0.003340692 0.999992728 14.558788300
0.999998450 0.000292861 0.001738954 0.304209948 -0.000299919 0.999991715 0.004059573 -0.461221218 -0.001737751 -0.004060088 0.999990225 14.981811523
0.999996901 0.000956292 0.002289234 0.317414463 -0.000964673 0.999992788 0.003662555 -0.469329536 -0.002285715 -0.003664752 0.999990761 15.420659065
0.999997199 0.001056060 0.002087227 0.330147147 -0.001062388 0.999994814 0.003032973 -0.480119318 -0.002084013 -0.003035183 0.999993145 15.872524261
0.999998033 0.000672792 0.001884942 0.343091726 -0.000678410 0.999995291 0.002981321 -0.487665832 -0.001882927 -0.002982594 0.999993801 16.320549011
0.999996603 0.000542918 0.002546300 0.353508592 -0.000550928 0.999994814 0.003146014 -0.500589967 -0.002544579 -0.003147406 0.999991775 16.759759903
0.999995828 0.000959100 0.002730408 0.362987310 -0.000967242 0.999995112 0.002982273 -0.514264882 -0.002727535 -0.002984901 0.999991775 17.237800598
0.999995470 0.000823249 0.002912242 0.373842210 -0.000833361 0.999993682 0.003472953 -0.528315425 -0.002909364 -0.003475364 0.999989748 17.696607590
0.999995172 0.000564804 0.003048647 0.381912291 -0.000573600 0.999995708 0.002885322 -0.535306454 -0.003047005 -0.002887057 0.999991179 18.170896530
0.999992371 0.000951534 0.003771331 0.393762290 -0.000964385 0.999993742 0.003407419 -0.550425291 -0.003768066 -0.003411031 0.999987006 18.622383118
0.999992609 0.000729435 0.003768266 0.408001721 -0.000742891 0.999993384 0.003570627 -0.563264906 -0.003765636 -0.003573400 0.999986529 19.093166351
0.999993086 0.000483377 0.003676381 0.427595049 -0.000496196 0.999993861 0.003486783 -0.573694348 -0.003674672 -0.003488584 0.999987125 19.574758530
0.999994576 0.000610771 0.003234431 0.440581948 -0.000623172 0.999992490 0.003834568 -0.589778841 -0.003232065 -0.003836563 0.999987364 20.061826706
0.999993682 0.001192953 0.003354256 0.440469235 -0.001205135 0.999992669 0.003631931 -0.603124857 -0.003349898 -0.003635950 0.999987781 20.566631317
0.999994934 0.000862964 0.003071483 0.451398760 -0.000874812 0.999992192 0.003858292 -0.610701919 -0.003068129 -0.003860960 0.999987841 21.069221497
0.999996543 0.001095057 0.002404158 0.460511774 -0.001103612 0.999993026 0.003560127 -0.617379069 -0.002400243 -0.003562768 0.999990761 21.574625015
0.999996603 0.001043522 0.002352411 0.470867574 -0.001052059 0.999992847 0.003630823 -0.639845014 -0.002348606 -0.003633287 0.999990582 22.085277557
0.999997020 0.001462271 0.001950418 0.482275456 -0.001468842 0.999993265 0.003372244 -0.645991802 -0.001945473 -0.003375099 0.999992430 22.596622467
0.999998093 0.000870622 0.001763351 0.489371300 -0.000876396 0.999994278 0.003276357 -0.661744237 -0.001760488 -0.003277896 0.999993086 23.118144989
0.999998927 0.000796430 0.001160678 0.501090169 -0.000800979 0.999991953 0.003924198 -0.682218909 -0.001157543 -0.003925123 0.999991655 23.630300522
0.999999642 0.000518687 0.000598695 0.504618824 -0.000520495 0.999995291 0.003025112 -0.688393116 -0.000597123 -0.003025423 0.999995172 24.156375885
0.999999523 0.000997543 -0.000099218 0.514329731 -0.000997156 0.999992132 0.003831791 -0.703001857 0.000103039 -0.003831690 0.999992609 24.694816589
0.999997258 0.002312132 -0.000376226 0.524653912 -0.002310648 0.999989748 0.003899493 -0.717655718 0.000385238 -0.003898613 0.999992311 25.229320526
0.999998331 0.001434296 -0.001124062 0.524283230 -0.001430115 0.999992073 0.003711318 -0.728752136 0.001129376 -0.003709704 0.999992490 25.757522583
0.999998391 0.001379309 -0.001119348 0.535226524 -0.001375169 0.999992192 0.003691213 -0.744266510 0.001124431 -0.003689668 0.999992549 26.303258896
0.999997497 0.001466563 -0.001708294 0.540841758 -0.001458918 0.999988973 0.004467817 -0.756742716 0.001714827 -0.004465314 0.999988616 26.861104965
0.999996543 0.000795267 -0.002507779 0.563524544 -0.000783509 0.999988675 0.004685907 -0.776377797 0.002511478 -0.004683926 0.999985933 27.406913757
0.999995649 0.001288640 -0.002653320 0.558048368 -0.001277500 0.999990404 0.004195682 -0.788271487 0.002658702 -0.004192274 0.999987662 27.963111877
0.999994755 0.001756354 -0.002724145 0.566168606 -0.001744475 0.999989033 0.004356748 -0.799567997 0.002731767 -0.004351973 0.999986827 28.503723145
0.999995172 0.000916401 -0.002965907 0.580978751 -0.000902056 0.999987900 0.004834533 -0.819658637 0.002970302 -0.004831834 0.999983907 29.038520813
0.999992549 0.002255286 -0.003136539 0.578639925 -0.002239403 0.999984622 0.005058125 -0.837546289 0.003147898 -0.005051063 0.999982238 29.599559784
0.999991775 0.002177792 -0.003415496 0.585168540 -0.002160352 0.999984562 0.005101466 -0.847891092 0.003426553 -0.005094045 0.999981165 30.152053833
0.999992132 0.001533840 -0.003653835 0.599005342 -0.001514574 0.999984860 0.005269821 -0.863558650 0.003661863 -0.005264246 0.999979436 30.707290649
0.999989510 0.001766408 -0.004231757 0.606927276 -0.001745068 0.999985754 0.005041265 -0.874448597 0.004240601 -0.005033827 0.999978364 31.233558655
0.999988437 0.002133431 -0.004332863 0.615574121 -0.002111833 0.999985337 0.004983318 -0.884573758 0.004343431 -0.004974110 0.999978244 31.780641556
0.999988019 0.001758838 -0.004564987 0.627848208 -0.001736090 0.999985993 0.004982366 -0.899822116 0.004573686 -0.004974381 0.999977231 32.345748901
0.999985814 0.001882509 -0.004981927 0.633865654 -0.001857333 0.999985456 0.005053372 -0.916143239 0.004991368 -0.005044046 0.999974847 32.886741638
0.999984562 0.001135342 -0.005447994 0.644196153 -0.001109115 0.999987841 0.004814702 -0.926636398 0.005453395 -0.004808584 0.999973595 33.436306000
0.999984980 0.001644369 -0.005233130 0.650897503 -0.001617092 0.999985158 0.005212162 -0.938996732 0.005241623 -0.005203621 0.999972820 33.981258392
0.999985039 0.001482131 -0.005260036 0.656321585 -0.001454658 0.999985278 0.005222991 -0.953398049 0.005267701 -0.005215262 0.999972463 34.510372162
0.999983907 0.002475546 -0.005104026 0.654463887 -0.002450323 0.999984801 0.004942042 -0.960768402 0.005116183 -0.004929456 0.999974728 35.085189819
0.999980867 0.001982910 -0.005864679 0.669489861 -0.001953454 0.999985456 0.005024043 -0.972537160 0.005874556 -0.005012490 0.999970138 35.626544952
0.999980748 0.001154128 -0.006086736 0.682855368 -0.001123552 0.999986708 0.005024399 -0.988667548 0.006092455 -0.005017464 0.999968827 36.166835785
0.999979556 0.001181880 -0.006273073 0.692600250 -0.001154512 0.999989867 0.004364664 -0.997401953 0.006278167 -0.004357334 0.999970794 36.713562012
0.999979496 0.001426771 -0.006247246 0.695006728 -0.001395237 0.999986291 0.005049135 -1.013432622 0.006254364 -0.005040315 0.999967694 37.248115540
0.999979794 0.001555078 -0.006156770 0.702727795 -0.001523911 0.999986053 0.005063621 -1.027770996 0.006164559 -0.005054137 0.999968171 37.796577454
0.999981403 0.001432181 -0.005944761 0.701133132 -0.001404110 0.999987960 0.004723491 -1.034682989 0.005951454 -0.004715056 0.999971151 38.343990326
0.999977112 0.001376328 -0.006614768 0.710427761 -0.001340150 0.999984145 0.005470553 -1.062264085 0.006622193 -0.005461564 0.999963164 38.895214081
0.999975085 0.001331714 -0.006930944 0.721800029 -0.001295200 0.999985278 0.005270148 -1.077963233 0.006937860 -0.005261040 0.999962091 39.436767578
0.999971926 0.001995189 -0.007227363 0.731560886 -0.001949868 0.999978423 0.006272445 -1.099045634 0.007239723 -0.006258176 0.999954224 39.971309662
0.999976635 0.001688820 -0.006611144 0.724827349 -0.001654356 0.999984980 0.005214919 -1.092392206 0.006619852 -0.005203860 0.999964535 40.526782990
0.999978364 0.001465349 -0.006398138 0.734028041 -0.001431747 0.999985218 0.005253273 -1.103411317 0.006405741 -0.005244000 0.999965727 41.071525574
0.999975801 0.001970817 -0.006677448 0.741464615 -0.001939285 0.999986947 0.004725324 -1.105758429 0.006686674 -0.004712260 0.999966443 41.614383698
0.999970078 0.001340132 -0.007622054 0.755763888 -0.001299626 0.999984980 0.005316726 -1.133974552 0.007629065 -0.005306662 0.999956787 42.156360626
0.999969423 0.002011578 -0.007560607 0.760075152 -0.001970434 0.999983251 0.005445431 -1.143973708 0.007571434 -0.005430366 0.999956548 42.699291229
0.999966979 0.002256849 -0.007810716 0.772223353 -0.002208086 0.999978006 0.006246097 -1.161313772 0.007824641 -0.006228644 0.999949992 43.253170013
0.999967039 0.002226963 -0.007815508 0.775920093 -0.002176038 0.999976456 0.006518352 -1.184284091 0.007829840 -0.006501131 0.999948204 43.786819458
0.999974132 0.001108069 -0.007098724 0.762747109 -0.001066492 0.999982297 0.005858043 -1.183958054 0.007105089 -0.005850321 0.999957621 44.349876404
0.999975264 0.001588597 -0.006853503 0.770417452 -0.001550990 0.999983728 0.005489059 -1.185618281 0.006862112 -0.005478294 0.999961376 44.914169312
0.999975979 0.001634671 -0.006739405 0.776112676 -0.001598420 0.999984264 0.005380839 -1.202134609 0.006748095 -0.005369938 0.999962747 45.456977844
0.999976575 0.001922339 -0.006567322 0.783699870 -0.001885110 0.999982119 0.005670242 -1.216535926 0.006578105 -0.005657728 0.999962330 46.009555817
0.999972403 0.000947063 -0.007365850 0.798174143 -0.000907604 0.999985218 0.005358482 -1.225805283 0.007370817 -0.005351649 0.999958456 46.540752411
0.999973655 0.001299360 -0.007138551 0.806351900 -0.001258581 0.999982893 0.005714022 -1.240035653 0.007145853 -0.005704888 0.999958158 47.095394135
0.999971628 0.000292189 -0.007528351 0.811479092 -0.000252572 0.999986112 0.005262705 -1.243482590 0.007529784 -0.005260655 0.999957800 47.634170532
0.999972820 0.000741199 -0.007341332 0.818523109 -0.000704720 0.999987423 0.004970216 -1.252657413 0.007344923 -0.004964908 0.999960661 48.186962128
0.999975860 0.000383520 -0.006943097 0.823480010 -0.000347378 0.999986351 0.005205845 -1.263621092 0.006944999 -0.005203307 0.999962330 48.735958099
0.999969244 0.000210318 -0.007835271 0.834020615 -0.000171074 0.999987423 0.005009012 -1.275948405 0.007836225 -0.005007518 0.999956727 49.278236389
0.999972343 0.000416528 -0.007425471 0.838227391 -0.000379167 0.999987245 0.005032217 -1.287154794 0.007427472 -0.005029262 0.999959767 49.834041595
0.999973834 0.000429379 -0.007217597 0.845766664 -0.000392474 0.999986827 0.005113790 -1.300967336 0.007219698 -0.005110824 0.999960899 50.378776550
0.999972820 0.001006180 -0.007299856 0.838360965 -0.000972000 0.999988556 0.004684346 -1.311075807 0.007304485 -0.004677123 0.999962389 50.911350250
0.999975324 0.000397894 -0.007004798 0.845030844 -0.000365640 0.999989331 0.004605224 -1.323226690 0.007006556 -0.004602550 0.999964833 51.470348358
0.999971509 0.000627493 -0.007517607 0.863487244 -0.000591823 0.999988556 0.004746204 -1.339264035 0.007520500 -0.004741620 0.999960423 52.005142212
0.999967933 0.000219025 -0.008003217 0.870177031 -0.000182535 0.999989569 0.004559901 -1.346871376 0.008004133 -0.004558294 0.999957561 52.544315338
0.999967039 0.000075687 -0.008124262 0.876663566 -0.000036573 0.999988377 0.004814512 -1.359093547 0.008124532 -0.004814056 0.999955416 53.083610535
0.999971509 0.000196619 -0.007539759 0.873967886 -0.000159494 0.999987841 0.004924160 -1.374510169 0.007540636 -0.004922817 0.999959409 53.643966675
0.999972343 0.000190036 -0.007434716 0.880424261 -0.000155003 0.999989033 0.004712482 -1.382629395 0.007435529 -0.004711199 0.999961197 54.158454895
0.999968231 -0.000115621 -0.007975390 0.899589896 0.000156141 0.999987125 0.005080234 -1.397246242 0.007974699 -0.005081317 0.999955237 54.700538635
0.999970615 -0.000405622 -0.007648623 0.901244104 0.000439097 0.999990404 0.004375389 -1.408051729 0.007646774 -0.004378619 0.999961138 55.242092133
0.999972463 0.000657963 -0.007393671 0.894436955 -0.000623027 0.999988616 0.004726445 -1.417596102 0.007396695 -0.004721709 0.999961495 55.789775848
0.999973714 0.000744363 -0.007219291 0.897946954 -0.000710864 0.999988973 0.004641663 -1.426629186 0.007222665 -0.004636409 0.999963164 56.350036621
0.999979198 0.001032611 -0.006364237 0.896616817 -0.001001079 0.999987245 0.004955725 -1.448473811 0.006369272 -0.004949251 0.999967456 56.889987946
0.999982476 0.001695318 -0.005681453 0.878634393 -0.001664920 0.999984264 0.005350633 -1.467621922 0.005690435 -0.005341080 0.999969542 57.418960571
0.999975264 0.000757017 -0.006988192 0.908719540 -0.000725421 0.999989510 0.004522657 -1.466036558 0.006991541 -0.004517477 0.999965370 57.970458984
0.999973536 -0.000301974 -0.007270625 0.927527547 0.000330048 0.999992490 0.003860444 -1.475798011 0.007269405 -0.003862742 0.999966085 58.501255035
0.999975681 0.000503455 -0.006964765 0.921903610 -0.000475363 0.999991715 0.004034574 -1.482490540 0.006966739 -0.004031166 0.999967575 59.052852631
0.999975502 -0.000538850 -0.006976509 0.928968966 0.000559302 0.999995589 0.002929990 -1.485200644 0.006974898 -0.002933821 0.999971330 59.607223511
0.999973476 0.000794798 -0.007257602 0.934120834 -0.000767396 0.999992549 0.003777669 -1.512388349 0.007260552 -0.003771999 0.999966502 60.172382355
0.999973238 0.000702422 -0.007278464 0.944599032 -0.000670627 0.999990225 0.004369875 -1.527590752 0.007281462 -0.004364877 0.999963939 60.721881866
0.999975860 0.001024060 -0.006877955 0.957681537 -0.000996779 0.999991655 0.003968704 -1.542097330 0.006881962 -0.003961753 0.999968469 61.270664215
0.999970019 0.001508625 -0.007586461 0.959645987 -0.001478439 0.999991000 0.003982987 -1.548480988 0.007592402 -0.003971651 0.999963284 61.815155029
0.999968886 0.001344101 -0.007769843 0.966307521 -0.001313313 0.999991238 0.003966255 -1.563783169 0.007775106 -0.003955927 0.999961913 62.362663269
0.999973178 0.001065166 -0.007242300 0.969559669 -0.001037435 0.999992132 0.003831785 -1.574060440 0.007246326 -0.003824170 0.999966383 62.921855927
0.999970794 0.000998556 -0.007579772 0.981798053 -0.000964766 0.999989629 0.004460260 -1.597249985 0.007584147 -0.004452816 0.999961317 63.458137512
0.999973059 0.001201407 -0.007237581 0.967592716 -0.001173829 0.999991953 0.003813559 -1.601516366 0.007242105 -0.003804961 0.999966562 63.992992401
0.999977291 0.001570350 -0.006558017 0.967424154 -0.001547799 0.999992907 0.003442410 -1.611082435 0.006563376 -0.003432181 0.999972582 64.536430359
0.999972820 0.001804097 -0.007148530 0.982699990 -0.001775412 0.999990344 0.004016958 -1.626556158 0.007155709 -0.004004157 0.999966443 65.070587158
0.999976873 0.002464826 -0.006330881 0.980790854 -0.002435816 0.999986529 0.004585944 -1.644167423 0.006342099 -0.004570417 0.999969482 65.592567444
0.999974072 0.000954781 -0.007140425 0.995818138 -0.000927276 0.999992132 0.003854365 -1.650926709 0.007144049 -0.003847644 0.999967039 66.174072266
0.999973953 0.000839915 -0.007173682 0.999786258 -0.000815965 0.999994099 0.003340962 -1.658648729 0.007176446 -0.003335021 0.999968708 66.728385925
0.999971867 0.001589225 -0.007331127 1.008255720 -0.001562260 0.999992013 0.003682403 -1.677831888 0.007336921 -0.003670847 0.999966323 67.270233154
0.999968231 0.000640440 -0.007951807 1.032558084 -0.000611772 0.999993324 0.003607169 -1.686185360 0.007954064 -0.003602190 0.999961913 67.814765930
0.999972999 0.002226076 -0.006995111 1.018329620 -0.002197818 0.999989331 0.004044873 -1.708010435 0.007004042 -0.004029389 0.999967337 68.354797363
0.999973834 0.002476359 -0.006797110 1.018386245 -0.002450809 0.999989867 0.003764742 -1.719544888 0.006806365 -0.003747985 0.999969780 68.900382996
0.999968529 0.002087153 -0.007653419 1.049079418 -0.002054679 0.999988794 0.004248524 -1.738487840 0.007662202 -0.004232665 0.999961674 69.437225342
0.999974251 0.001723227 -0.006964788 1.044444084 -0.001698889 0.999992430 0.003498896 -1.737452984 0.006970766 -0.003486974 0.999969602 69.980903625
0.999975979 0.001856820 -0.006664636 1.045657277 -0.001837193 0.999993920 0.002949770 -1.745788813 0.006670073 -0.002937456 0.999973416 70.539489746
0.999976277 0.001586190 -0.006698272 1.051157475 -0.001563353 0.999992967 0.003413182 -1.760291457 0.006703638 -0.003402629 0.999971747 71.075752258
0.999976277 0.002084716 -0.006574566 1.058176279 -0.002063527 0.999992669 0.003227891 -1.773863554 0.006581248 -0.003214248 0.999973178 71.619262695
0.999972880 0.002316553 -0.006987447 1.071547270 -0.002292481 0.999991357 0.003451122 -1.789835930 0.006995381 -0.003435010 0.999969661 72.167976379
0.999971986 0.002259713 -0.007135076 1.076159477 -0.002237062 0.999992371 0.003181134 -1.801988482 0.007142210 -0.003165083 0.999969482 72.718284607
0.999973714 0.002478905 -0.006807738 1.078244805 -0.002452850 0.999989688 0.003833003 -1.822678208 0.006817168 -0.003816205 0.999969542 73.253974915
0.999973834 0.002080943 -0.006927085 1.088169932 -0.002057156 0.999991953 0.003439262 -1.832782388 0.006934185 -0.003424922 0.999970078 73.794105530
0.999974847 0.002085217 -0.006777302 1.091441512 -0.002060221 0.999991000 0.003693117 -1.849515080 0.006784942 -0.003679062 0.999970198 74.347442627
0.999975502 0.002342303 -0.006595421 1.098622084 -0.002315512 0.999989092 0.004066705 -1.862938762 0.006604874 -0.004051334 0.999969959 74.876228333
0.999972105 0.001989279 -0.007200554 1.110797405 -0.001960428 0.999989986 0.004011634 -1.879849911 0.007208461 -0.003997405 0.999965966 75.410964966
0.999970555 0.001487467 -0.007542696 1.124754548 -0.001455032 0.999989629 0.004303796 -1.897806883 0.007549020 -0.004292694 0.999962270 75.948730469
0.999972880 0.002140636 -0.007047176 1.128587842 -0.002105056 0.999985039 0.005052295 -1.918658614 0.007057886 -0.005037323 0.999962330 76.484870911
0.999972463 0.001536984 -0.007256842 1.139548779 -0.001508026 0.999990880 0.003994196 -1.922951102 0.007262914 -0.003983144 0.999965608 77.039146423
0.999975145 0.001116314 -0.006957494 1.146038055 -0.001092590 0.999993622 0.003412712 -1.927713394 0.006961260 -0.003405026 0.999969900 77.594535828
0.999972284 0.001347136 -0.007325872 1.154756069 -0.001318911 0.999991655 0.003856228 -1.950318098 0.007331005 -0.003846458 0.999965727 78.109062195
0.999972224 0.001426283 -0.007318101 1.156877398 -0.001399748 0.999992430 0.003629727 -1.960178733 0.007323221 -0.003619382 0.999966621 78.651725769
0.999973476 0.001641649 -0.007108404 1.167988062 -0.001615456 0.999991894 0.003688866 -1.971677065 0.007114403 -0.003677284 0.999967933 79.201217651
0.999974370 0.001652912 -0.006973318 1.172326088 -0.001627362 0.999992013 0.003668060 -1.983192682 0.006979325 -0.003656617 0.999968946 79.737442017
0.999971688 0.001701100 -0.007346312 1.183114052 -0.001675902 0.999992669 0.003434812 -1.996239662 0.007352102 -0.003422403 0.999967098 80.269973755
0.999980807 0.001139553 -0.006087182 1.185552478 -0.001116850 0.999992430 0.003731693 -2.014068127 0.006091388 -0.003724823 0.999974489 80.817863464
0.999983191 0.001216751 -0.005664619 1.202892542 -0.001197003 0.999993205 0.003488277 -2.020469427 0.005668824 -0.003481438 0.999977887 81.355621338
0.999989569 0.001495442 -0.004310930 1.207570314 -0.001479235 0.999991775 0.003760190 -2.038544178 0.004316518 -0.003753774 0.999983728 81.899726868
0.999996722 0.001111428 -0.002314139 1.207553864 -0.001103640 0.999993742 0.003363758 -2.041645288 0.002317863 -0.003361194 0.999991596 82.431419373
0.999998927 0.001280412 0.000769467 1.224673033 -0.001282766 0.999994516 0.003065687 -2.053873301 -0.000765537 -0.003066671 0.999994993 82.986579895
0.999987781 0.001345057 0.004760675 1.236980200 -0.001361663 0.999992967 0.003486605 -2.070039272 -0.004755952 -0.003493045 0.999982595 83.515632629
0.999965012 0.001994927 0.008132451 1.253270388 -0.002023754 0.999991715 0.003538047 -2.085899115 -0.008125327 -0.003554382 0.999960721 84.061378479
0.999912679 0.002269942 0.013019729 1.267724752 -0.002316365 0.999991000 0.003551565 -2.098043203 -0.013011552 -0.003581413 0.999908924 84.618896484
0.999819875 0.001669397 0.018904084 1.295380950 -0.001732155 0.999992967 0.003303931 -2.108782530 -0.018898435 -0.003336081 0.999815822 85.166122437
0.999701023 0.001952504 0.024372730 1.327546597 -0.002045311 0.999990702 0.003783444 -2.129361868 -0.024365116 -0.003832163 0.999695778 85.697357178
0.999561131 0.001704360 0.029575152 1.365932822 -0.001812605 0.999991775 0.003633570 -2.140554905 -0.029568711 -0.003685583 0.999555945 86.268272400
0.999274492 0.001601722 0.038053527 1.395286322 -0.001742314 0.999991715 0.003661729 -2.152321339 -0.038047343 -0.003725373 0.999269009 86.831336975
0.998949349 0.000422570 0.045825869 1.454578638 -0.000586727 0.999993503 0.003568818 -2.163771868 -0.045824058 -0.003591956 0.998943031 87.388648987
0.998602390 0.001406220 0.052832160 1.490157843 -0.001617820 0.999990821 0.003962595 -2.178277254 -0.052826099 -0.004042529 0.998595595 87.925865173
0.998068154 0.002082815 0.062093738 1.533113956 -0.002321748 0.999990106 0.003776037 -2.200635195 -0.062085263 -0.003912908 0.998063207 88.486869812
0.997390151 0.001691811 0.072180904 1.593036175 -0.001955776 0.999991655 0.003586472 -2.213253260 -0.072174229 -0.003718281 0.997385144 89.024642944
0.996756911 0.001822733 0.080450691 1.655640602 -0.002115554 0.999991477 0.003554671 -2.223423481 -0.080443531 -0.003713341 0.996752262 89.583328247
0.996054232 0.001892058 0.088726148 1.718368530 -0.002203275 0.999991715 0.003409802 -2.239841461 -0.088718951 -0.003591836 0.996050239 90.142143250
0.995046198 0.001822276 0.099397019 1.799212933 -0.002212097 0.999990284 0.003811782 -2.255032301 -0.099389099 -0.004012774 0.995040596 90.693931580
0.993892968 0.001680999 0.110335544 1.868533134 -0.002110910 0.999990523 0.003779698 -2.262878418 -0.110328153 -0.003989523 0.993887246 91.226242065
0.992840588 0.000762392 0.119444497 1.948631287 -0.001188866 0.999993145 0.003499260 -2.279214859 -0.119441018 -0.003616210 0.992834687 91.780784607
0.991453648 0.000726747 0.130456984 2.034526825 -0.001200840 0.999992967 0.003555465 -2.284963608 -0.130453497 -0.003681736 0.991447508 92.318473816
0.989818037 -0.000051819 0.142338187 2.136337280 -0.000461503 0.999993443 0.003573341 -2.296676636 -0.142337441 -0.003602647 0.989811540 92.862640381
0.988137066 0.000661953 0.153572962 2.235388756 -0.001225522 0.999992847 0.003575075 -2.314446449 -0.153569460 -0.003720871 0.988130867 93.424293518
0.986501634 0.000225039 0.163750678 2.347884178 -0.000857560 0.999992371 0.003792028 -2.330010891 -0.163748547 -0.003881268 0.986494541 93.966316223
0.984310091 -0.000116528 0.176447108 2.466915131 -0.000533521 0.999993265 0.003636658 -2.338102579 -0.176446319 -0.003673737 0.984303474 94.489517212
0.981904209 0.000161646 0.189378113 2.589836121 -0.000885468 0.999992549 0.003737497 -2.352479458 -0.189376146 -0.003837552 0.981897116 95.061088562
0.979816496 -0.000821738 0.199897856 2.718507767 0.000119737 0.999993682 0.003523866 -2.361378193 -0.199899495 -0.003428807 0.979810357 95.595184326
0.977091372 -0.000566803 0.212819561 2.864004135 -0.000315638 0.999991417 0.004112430 -2.379662991 -0.212820098 -0.004085393 0.977082849 96.123291016
0.974100471 -0.000758025 0.226114303 3.000101089 -0.000185742 0.999991357 0.004152543 -2.388131618 -0.226115525 -0.004086994 0.974091947 96.637138367
0.971476912 -0.000555651 0.237133324 3.147325516 -0.000422381 0.999991596 0.004073573 -2.401309490 -0.237133592 -0.004057543 0.971468627 97.170341492
0.968472719 -0.001011580 0.249117523 3.300193787 0.000068204 0.999992728 0.003795476 -2.410059452 -0.249119565 -0.003658824 0.968465865 97.693038940
0.964709222 -0.000890778 0.263316065 3.480644226 -0.000213493 0.999991238 0.004165067 -2.432774782 -0.263317496 -0.004074293 0.964700639 98.271728516
0.961118042 -0.000600476 0.276137263 3.644214630 -0.000554044 0.999991417 0.004102933 -2.447073698 -0.276137352 -0.004096394 0.961109459 98.795043945
0.957955241 -0.001334081 0.286914438 3.831714630 0.000043673 0.999989808 0.004503889 -2.464591742 -0.286917508 -0.004301993 0.957945645 99.328346252
0.953709900 -0.001696483 0.300723195 4.005571365 0.000169754 0.999986887 0.005102915 -2.483058691 -0.300727904 -0.004815653 0.953697801 99.840103149
0.949478984 -0.003187383 0.313814282 4.206041336 0.001780054 0.999987006 0.004771032 -2.494519234 -0.313825399 -0.003971389 0.949472427 100.336204529
0.945626676 -0.003922014 0.325230360 4.404376984 0.002447149 0.999984741 0.004943772 -2.501683235 -0.325244814 -0.003879076 0.945621848 100.832023621
0.940759480 -0.003925275 0.339051694 4.608018875 0.002495374 0.999986053 0.004653192 -2.517181396 -0.339065194 -0.003531473 0.940756261 101.389457703
0.935713112 -0.004148676 0.352737397 4.829324722 0.002608834 0.999984860 0.004840688 -2.531231403 -0.352752179 -0.003609262 0.935709834 101.896537781
0.930919170 -0.003809232 0.365205318 5.041601181 0.001970274 0.999983430 0.005407926 -2.547403097 -0.365219831 -0.004314788 0.930911303 102.398399353
0.926244259 -0.005116227 0.376889110 5.257680893 0.003411960 0.999980628 0.005189380 -2.557295322 -0.376908362 -0.003520702 0.926243842 102.887268066
0.920389831 -0.005018729 0.390970021 5.512245178 0.003347899 0.999982119 0.004955031 -2.576046705 -0.390987962 -0.003251632 0.920390069 103.413002014
0.914622962 -0.006012002 0.404263049 5.754020691 0.004536533 0.999979138 0.004607540 -2.581643820 -0.404282272 -0.002380210 0.914631188 103.907730103
0.909514487 -0.006292920 0.415624499 5.992225647 0.004541292 0.999976158 0.005202770 -2.597859383 -0.415647298 -0.002844523 0.909521461 104.387786865
0.903603911 -0.006574085 0.428318530 6.267261505 0.004887254 0.999975383 0.005037798 -2.608060360 -0.428341061 -0.002458872 0.903613746 104.886062622
0.896546602 -0.006717390 0.442898452 6.513721466 0.005020353 0.999974847 0.005003951 -2.613106251 -0.442921013 -0.002262769 0.896557808 105.417556763
0.890746236 -0.007467869 0.454439610 6.794261932 0.005529853 0.999969125 0.005593576 -2.633852959 -0.454467386 -0.002469474 0.890760005 105.887794495
0.885307908 -0.008027104 0.464935869 7.064849854 0.006046327 0.999965250 0.005751251 -2.648027182 -0.464965850 -0.002280474 0.885325670 106.358871460
0.877697945 -0.007791313 0.479150951 7.334041595 0.005919498 0.999967873 0.005416940 -2.650694370 -0.479177743 -0.001918104 0.877715826 106.853561401
0.870738447 -0.007887026 0.491683155 7.626010895 0.006248011 0.999968112 0.004975541 -2.652846336 -0.491706699 -0.001260351 0.870759964 107.336364746
0.864959657 -0.008522619 0.501769066 7.917366028 0.006815250 0.999962986 0.005236248 -2.666892290 -0.501795173 -0.001109462 0.864985764 107.797569275
