1.000000000 0.000000000 0.000000000 0.000000000 0.000000000 1.000000000 0.000000000 0.000000000 0.000000000 0.000000000 1.000000000 0.000000000
1.000000000 -0.000026802 0.000102764 -0.000961193 0.000026792 1.000000000 0.000104467 -0.000176019 -0.000102767 -0.000104464 1.000000000 0.000783051
1.000000000 0.000182145 0.000090606 -0.001185225 -0.000182154 1.000000000 0.000102804 0.000589045 -0.000090587 -0.000102820 1.000000000 0.001619889
1.000000000 0.000117095 -0.000134691 0.001183556 -0.000117077 1.000000000 0.000137585 -0.000966114 0.000134707 -0.000137570 1.000000000 -0.000641274
1.000000000 0.000167746 -0.000012699 0.000131026 -0.000167744 1.000000000 0.000136320 -0.000961000 0.000012722 -0.000136318 1.000000000 -0.000314472
1.000000000 0.000117470 0.000045706 -0.001115007 -0.000117475 1.000000000 0.000097032 -0.000225667 -0.000045694 -0.000097037 1.000000000 -0.000135514
1.000000000 0.000001525 0.000125679 -0.000629756 -0.000001535 1.000000000 0.000078458 -0.000449147 -0.000125679 -0.000078458 1.000000000 -0.000384333
0.999999940 -0.000232186 0.000261462 -0.001377191 0.000232167 1.000000000 0.000071869 0.000536010 -0.000261479 -0.000071808 0.999999940 0.001704410
1.000000000 -0.000050322 0.000114753 -0.000402678 0.000050321 1.000000000 0.000010584 0.001022252 -0.000114753 -0.000010578 1.000000000 0.002587792
1.000000000 -0.000116357 0.000141857 -0.000634320 0.000116341 1.000000000 0.000108022 -0.000340408 -0.000141870 -0.000108006 1.000000000 -0.000165100
1.000000000 -0.000062540 0.000156703 0.000410874 0.000062547 1.000000000 -0.000041099 0.001423982 -0.000156701 0.000041109 1.000000000 0.001487681
1.000000000 -0.000144640 0.000032645 -0.000164136 0.000144636 1.000000000 0.000115446 0.000022288 -0.000032661 -0.000115441 1.000000000 0.001317006
0.999999940 0.000246491 0.000226099 -0.002719319 -0.000246475 0.999999940 -0.000071091 0.002706217 -0.000226116 0.000071036 1.000000000 0.005547682
0.999999940 -0.000194349 0.000218485 -0.001806940 0.000194309 0.999999940 0.000185682 0.000663448 -0.000218521 -0.000185640 0.999999940 0.003319337
1.000000000 0.000079811 0.000225098 -0.001400326 -0.000079845 1.000000000 0.000154029 -0.000320853 -0.000225086 -0.000154047 0.999999940 0.000671404
0.999999940 0.000232029 0.000155517 -0.000375486 -0.000232062 0.999999940 0.000214003 -0.001571706 -0.000155467 -0.000214039 0.999999940 -0.001558356
1.000000000 0.000016300 0.000158464 -0.000237788 -0.000016324 1.000000000 0.000153022 -0.000862686 -0.000158462 -0.000153024 1.000000000 -0.001045831
0.999999940 0.000137220 0.000377208 -0.003036746 -0.000137213 1.000000000 -0.000019593 0.002320211 -0.000377211 0.000019541 0.999999940 0.004925265
0.999999940 0.000091263 0.000327656 -0.003268399 -0.000091275 1.000000000 0.000038523 0.001334458 -0.000327653 -0.000038553 0.999999940 0.004185915
1.000000000 0.000204137 0.000115551 -0.000751884 -0.000204155 0.999999940 0.000154301 -0.000468304 -0.000115519 -0.000154324 1.000000000 -0.000012739
0.999999881 0.000400313 0.000319088 -0.004216832 -0.000400356 0.999999940 0.000135764 0.001040020 -0.000319034 -0.000135892 0.999999940 0.004847134
0.999999881 0.000374116 0.000304194 -0.003406987 -0.000374128 0.999999940 0.000039343 0.001447924 -0.000304179 -0.000039457 0.999999940 0.004111737
1.000000000 -0.000133080 0.000159415 -0.002497617 0.000133070 1.000000000 0.000060070 0.001750601 -0.000159423 -0.000060049 1.000000000 0.004035696
0.999999940 0.000170421 0.000327914 -0.002198463 -0.000170444 1.000000000 0.000070981 0.000398682 -0.000327902 -0.000071037 0.999999940 0.003258055
0.999999940 0.000112619 0.000327323 -0.002339443 -0.000112662 1.000000000 0.000132042 0.000042427 -0.000327308 -0.000132078 0.999999940 0.000703263
0.999999940 0.000068500 0.000279695 -0.002056804 -0.000068521 1.000000000 0.000073149 0.001033665 -0.000279690 -0.000073168 0.999999940 0.002629083
1.000000000 -0.000089874 0.000152845 -0.001114072 0.000089883 1.000000000 -0.000058580 0.001758366 -0.000152840 0.000058593 1.000000000 0.001677207
1.000000000 -0.000043300 0.000119525 -0.000016866 0.000043306 1.000000000 -0.000049419 0.001415453 -0.000119523 0.000049424 1.000000000 0.001597150
0.999999881 0.000286650 0.000451669 -0.004994821 -0.000286575 0.999999940 -0.000165585 0.003626436 -0.000451716 0.000165456 0.999999881 0.006117558
1.000000000 0.000019484 0.000232839 -0.003803975 -0.000019484 1.000000000 0.000000677 0.002997898 -0.000232839 -0.000000681 1.000000000 0.006164481
1.000000000 -0.000061101 0.000182878 -0.002184744 0.000061104 1.000000000 -0.000017203 0.000951441 -0.000182877 0.000017214 1.000000000 0.003590982
0.999999940 0.000027414 0.000261907 -0.002181970 -0.000027446 1.000000000 0.000123396 0.000925938 -0.000261904 -0.000123403 0.999999940 0.002028981
1.000000000 0.000051975 0.000209818 -0.002416984 -0.000051966 1.000000000 -0.000040030 0.002720764 -0.000209820 0.000040019 1.000000000 0.005062407
0.999999940 -0.000010432 0.000416050 -0.002169485 0.000010454 1.000000000 -0.000053687 0.001783922 -0.000416049 0.000053692 0.999999940 0.002322628
1.000000000 0.000075863 0.000167572 -0.000407300 -0.000075901 1.000000000 0.000227567 -0.000866832 -0.000167554 -0.000227580 0.999999940 0.000233250
0.999999940 0.000030370 0.000278765 -0.003026388 -0.000030350 1.000000000 -0.000069167 0.003754575 -0.000278767 0.000069158 0.999999940 0.006635380
0.999999940 0.000063513 0.000276722 -0.003443935 -0.000063495 1.000000000 -0.000064553 0.005559053 -0.000276727 0.000064536 0.999999940 0.009912677
0.999999940 -0.000081902 0.000301786 -0.002741034 0.000081867 1.000000000 0.000116439 0.001892424 -0.000301796 -0.000116415 0.999999940 0.005097102
0.999999940 -0.000146650 0.000285717 -0.003641666 0.000146592 0.999999940 0.000202468 0.001633040 -0.000285747 -0.000202426 0.999999940 0.004966316
0.999999940 -0.000108507 0.000250046 -0.001034238 0.000108505 1.000000000 0.000005830 0.001684198 -0.000250047 -0.000005803 0.999999940 0.002221395
0.999999940 -0.000126293 0.000333057 -0.000737570 0.000126231 1.000000000 0.000185033 -0.000787693 -0.000333080 -0.000184991 0.999999940 0.000866916
0.999999940 -0.000283255 0.000256713 0.000708369 0.000283402 0.999999821 -0.000573400 -0.001331172 -0.000256550 0.000573473 0.999999821 0.051176563
0.999999881 0.000098918 0.000431808 -0.002911225 -0.000098439 0.999999404 -0.001110174 -0.005103272 -0.000431918 0.001110131 0.999999285 0.137917534
0.999999940 0.000290429 0.000128189 0.001765648 -0.000290242 0.999998927 -0.001456085 -0.004946319 -0.000128611 0.001456047 0.999998927 0.255998433
1.000000000 0.000114077 -0.000200032 0.006991989 -0.000114303 0.999999344 -0.001128616 -0.012646365 0.000199903 0.001128639 0.999999344 0.387624383
1.000000000 0.000175192 0.000021710 0.008559149 -0.000175174 0.999999642 -0.000829703 -0.020432631 -0.000021855 0.000829699 0.999999642 0.520940483
0.999999940 0.000208952 0.000150540 0.012719915 -0.000208860 0.999999762 -0.000611478 -0.028568715 -0.000150668 0.000611447 0.999999821 0.668033183
0.999999642 0.000713334 0.000413117 0.016330130 -0.000713050 0.999999523 -0.000686822 -0.026170012 -0.000413607 0.000686527 0.999999702 0.840191901
0.999999940 0.000363492 0.000051759 0.018874532 -0.000363465 0.999999821 -0.000531165 -0.029079251 -0.000051952 0.000531147 0.999999881 1.016159773
0.999999821 0.000565436 -0.000118653 0.022024669 -0.000565462 0.999999821 -0.000218073 -0.035613116 0.000118530 0.000218140 0.999999940 1.188146591
0.999999940 0.000408895 0.000008512 0.023370652 -0.000408893 0.999999881 -0.000289619 -0.039765153 -0.000008631 0.000289615 0.999999940 1.374384642
0.999999881 0.000501880 -0.000164300 0.038705584 -0.000501860 0.999999881 0.000124252 -0.053973105 0.000164362 -0.000124169 1.000000000 1.565308332
0.999999940 0.000389481 -0.000005861 0.040845778 -0.000389480 0.999999881 0.000298745 -0.057963673 0.000005977 -0.000298743 0.999999940 1.755701661
0.999999106 0.001297116 -0.000384637 0.046431031 -0.001297995 0.999996543 -0.002293746 -0.037188902 0.000381660 0.002294243 0.999997318 1.949213624
0.999999285 0.001162340 -0.000327539 0.049863521 -0.001163088 0.999996722 -0.002295535 -0.045579981 0.000324870 0.002295915 0.999997318 2.151072502
0.999999344 0.001118637 -0.000202049 0.054731388 -0.001119109 0.999996603 -0.002350270 -0.048406526 0.000199419 0.002350494 0.999997199 2.380935431
0.999999344 0.001195088 -0.000043746 0.056190792 -0.001195185 0.999996662 -0.002286473 -0.053184081 0.000041014 0.002286523 0.999997318 2.595561266
0.999999106 0.001342013 0.000041368 0.058371909 -0.001341916 0.999996543 -0.002250252 -0.062827528 -0.000044387 0.002250194 0.999997497 2.823682547
0.999999046 0.001377189 -0.000042605 0.065566443 -0.001377280 0.999996603 -0.002217707 -0.068210468 0.000039551 0.002217764 0.999997556 3.059117556
0.999999464 0.001067510 -0.000041402 0.077602603 -0.001067602 0.999996781 -0.002288833 -0.073649622 0.000038959 0.002288875 0.999997377 3.303511858
0.999998987 0.001421346 0.000016465 0.078368403 -0.001421306 0.999996543 -0.002211621 -0.085944615 -0.000019608 0.002211596 0.999997556 3.534224987
0.999999106 0.001327744 0.000019039 0.085341826 -0.001327688 0.999995530 -0.002674245 -0.083689138 -0.000022590 0.002674218 0.999996424 3.805756569
0.999998271 0.001870365 0.000057987 0.081929915 -0.001870207 0.999994814 -0.002611905 -0.091477737 -0.000062872 0.002611792 0.999996603 4.075680733
0.999998331 0.001819870 -0.000171627 0.090831473 -0.001820280 0.999995410 -0.002416684 -0.095788486 0.000167228 0.002416992 0.999997079 4.337683678
0.999998033 0.001922643 0.000452175 0.090310775 -0.001921538 0.999995172 -0.002432429 -0.106545746 -0.000456849 0.002431556 0.999996960 4.588181019
0.999998868 0.001499536 0.000048100 0.102829941 -0.001499427 0.999996424 -0.002197454 -0.114923723 -0.000051395 0.002197379 0.999997497 4.839649200
0.999999285 0.001216296 -0.000162282 0.111455031 -0.001216658 0.999996781 -0.002253727 -0.123034708 0.000159540 0.002253923 0.999997437 5.098214149
0.999999464 0.001041005 -0.000194678 0.117861688 -0.001041412 0.999997258 -0.002102908 -0.133933827 0.000192488 0.002103109 0.999997795 5.357876778
0.999997914 0.002037747 0.000384606 0.113649189 -0.002036894 0.999995530 -0.002206010 -0.140415713 -0.000389100 0.002205221 0.999997497 5.625373363
0.999999523 0.000983621 0.000039306 0.114654720 -0.000983549 0.999997914 -0.001785120 -0.153091490 -0.000041062 0.001785080 0.999998391 5.890254974
0.999999762 0.000759209 -0.000112976 0.122155160 -0.000759377 0.999998629 -0.001488283 -0.165879831 0.000111846 0.001488368 0.999998868 6.171267986
0.999999344 0.001187569 0.000092099 0.129018173 -0.001187400 0.999997675 -0.001806345 -0.170250729 -0.000094244 0.001806234 0.999998331 6.450913906
0.999998987 0.001334090 0.000490865 0.124241427 -0.001333100 0.999997079 -0.002010504 -0.175072238 -0.000493546 0.002009848 0.999997795 6.737818241
0.999999344 0.001054628 0.000490037 0.132873729 -0.001053935 0.999998391 -0.001411378 -0.197763935 -0.000491525 0.001410861 0.999998808 7.041128159
0.999999225 0.001136950 0.000655938 0.138998210 -0.001135967 0.999998212 -0.001498384 -0.203670949 -0.000657641 0.001497638 0.999998689 7.336071491
0.999999166 0.001095439 0.000737958 0.145228162 -0.001094296 0.999998152 -0.001547589 -0.215456605 -0.000739652 0.001546780 0.999998510 7.657105923
0.999999166 0.001043451 0.000842448 0.155223012 -0.001042850 0.999999225 -0.000713009 -0.235694513 -0.000843191 0.000712130 0.999999464 7.954256058
0.999999225 0.001093793 0.000554591 0.156713128 -0.001093110 0.999998629 -0.001230446 -0.233127341 -0.000555936 0.001229839 0.999999046 8.287536621
0.999999166 0.001139545 0.000529147 0.164262712 -0.001138936 0.999998689 -0.001149619 -0.245447665 -0.000530456 0.001149015 0.999999166 8.614953995
0.999999106 0.001134496 0.000739944 0.170256153 -0.001133616 0.999998629 -0.001188088 -0.255624056 -0.000741291 0.001187248 0.999999046 8.952044487
0.999998689 0.001507773 0.000638368 0.180946842 -0.001507118 0.999998271 -0.001025573 -0.271810472 -0.000639913 0.001024610 0.999999344 9.283043861
0.999998689 0.001339626 0.000938960 0.186293006 -0.001338940 0.999998808 -0.000730210 -0.281588376 -0.000939937 0.000728952 0.999999344 9.629756927
0.999999285 0.001063340 0.000509167 0.191704273 -0.001062694 0.999998629 -0.001267857 -0.286344469 -0.000510514 0.001267315 0.999999046 9.980806351
0.999999106 0.001166969 0.000475215 0.199859515 -0.001166221 0.999998093 -0.001571992 -0.292976558 -0.000477049 0.001571436 0.999998629 10.342063904
0.999998331 0.001394550 0.001175830 0.198250830 -0.001393396 0.999998569 -0.000981651 -0.308942825 -0.001177197 0.000980010 0.999998808 10.693994522
0.999998629 0.001163800 0.001149270 0.206469074 -0.001162016 0.999998152 -0.001551515 -0.313287377 -0.001151074 0.001550177 0.999998093 11.065277100
0.999998152 0.001402084 0.001336420 0.212272927 -0.001400429 0.999998271 -0.001238539 -0.332714617 -0.001338155 0.001236665 0.999998331 11.435817719
0.999998748 0.001066275 0.001165458 0.223194242 -0.001065011 0.999998927 -0.001084409 -0.342993438 -0.001166613 0.001083167 0.999998748 11.817930222
0.999998331 0.000900134 0.001540103 0.226126179 -0.000898770 0.999999225 -0.000886290 -0.357493132 -0.001540900 0.000884904 0.999998450 12.200939178
0.999998152 0.001119350 0.001560933 0.236912921 -0.001117941 0.999999046 -0.000903096 -0.369208068 -0.001561942 0.000901349 0.999998391 12.590758324
0.999997914 0.000959233 0.001797822 0.240097404 -0.000958297 0.999999404 -0.000521238 -0.384641975 -0.001798321 0.000519514 0.999998271 12.992346764
0.999998391 0.000814153 0.001601565 0.250993758 -0.000812964 0.999999404 -0.000742556 -0.394649595 -0.001602168 0.000741253 0.999998450 13.393735886
0.999998510 0.000131963 0.001727045 0.261977732 -0.000131122 0.999999881 -0.000486962 -0.407278538 -0.001727108 0.000486735 0.999998391 13.810998917
0.999997258 0.000330069 0.002312006 0.265597403 -0.000328920 0.999999821 -0.000497152 -0.416851789 -0.002312170 0.000496390 0.999997199 14.228815079
0.999996066 0.000581367 0.002753650 0.275418431 -0.000579350 0.999999583 -0.000733156 -0.429377317 -0.002754076 0.000731558 0.999995947 14.649576187
0.999997020 0.000546869 0.002391474 0.287862033 -0.000546475 0.999999821 -0.000165379 -0.447674572 -0.002391565 0.000164072 0.999997139 15.079469681
0.999996960 0.000282706 0.002442457 0.301762044 -0.000282062 0.999999940 -0.000264291 -0.458810836 -0.002442532 0.000263601 0.999996960 15.513862610
0.999994934 0.000416086 0.003160244 0.309453338 -0.000415812 0.999999821 -0.000087645 -0.472898185 -0.003160280 0.000086331 0.999994993 15.957115173
0.999994814 0.000351151 0.003198655 0.319843441 -0.000351113 0.999999881 -0.000012483 -0.482904494 -0.003198660 0.000011360 0.999994814 16.402559280
0.999992251 0.000792891 0.003849771 0.325760216 -0.000790875 0.999999523 -0.000525219 -0.493624896 -0.003850186 0.000522170 0.999992430 16.854377747
0.999992609 0.000393191 0.003829232 0.337520808 -0.000392072 0.999999821 -0.000293032 -0.508817255 -0.003829347 0.000291529 0.999992609 17.302629471
0.999990225 0.001167439 0.004269075 0.341880620 -0.001166165 0.999999225 -0.000301024 -0.520396292 -0.004269424 0.000296043 0.999990761 17.769153595
0.999988317 0.000974903 0.004745325 0.353866220 -0.000973229 0.999999523 -0.000355074 -0.534233510 -0.004745669 0.000350452 0.999988616 18.225887299
0.999989212 0.001444988 0.004419520 0.374191642 -0.001440206 0.999998391 -0.001084882 -0.539122581 -0.004421080 0.001078506 0.999989569 18.690675735
0.999986649 0.001254866 0.005004801 0.379266471 -0.001254199 0.999999225 -0.000136305 -0.571192980 -0.005004968 0.000130026 0.999987483 19.190778732
0.999987781 0.000980791 0.004853752 0.398243964 -0.000980749 0.999999523 -0.000011063 -0.585783839 -0.004853761 0.000006302 0.999988198 19.668334961
0.999986291 0.000372014 0.005235671 0.409197599 -0.000374909 0.999999881 0.000551867 -0.603534043 -0.005235465 -0.000553822 0.999986112 20.157716751
0.999986053 0.001051905 0.005174907 0.415099680 -0.001051883 0.999999464 -0.000006849 -0.613129437 -0.005174912 0.000001406 0.999986589 20.649341583
0.999985635 0.000886045 0.005287802 0.423173279 -0.000884065 0.999999583 -0.000376733 -0.618033051 -0.005288132 0.000372053 0.999985874 21.158613205
0.999988019 0.000641688 0.004839296 0.433953166 -0.000642194 0.999999821 0.000102979 -0.630256116 -0.004839229 -0.000106086 0.999988258 21.663362503
0.999990404 0.001332330 0.004165141 0.444468915 -0.001334302 0.999998987 0.000470638 -0.658265531 -0.004164510 -0.000476191 0.999991179 22.171800613
0.999993861 0.000926082 0.003358299 0.463001221 -0.000927125 0.999999523 0.000309134 -0.664479375 -0.003358011 -0.000312245 0.999994338 22.680784225
0.999994695 0.000776014 0.003145693 0.462851167 -0.000776251 0.999999702 0.000073949 -0.679858863 -0.003145636 -0.000076390 0.999994993 23.210403442
0.999997139 0.000807011 0.002273785 0.474287122 -0.000807469 0.999999702 0.000200521 -0.697388053 -0.002273622 -0.000202356 0.999997377 23.735368729
0.999998093 0.000332899 0.001910327 0.481798410 -0.000331703 0.999999762 -0.000626376 -0.707418561 -0.001910535 0.000625742 0.999997973 24.255626678
0.999998391 0.001181921 0.001363688 0.490876019 -0.001182067 0.999999285 0.000106412 -0.724153757 -0.001363562 -0.000108024 0.999999046 24.791118622
0.999999225 0.001097548 0.000503757 0.505753696 -0.001097949 0.999999106 0.000795592 -0.747985125 -0.000502884 -0.000796144 0.999999583 25.322631836
0.999999166 0.001176072 0.000636601 0.507381916 -0.001176517 0.999999106 0.000698873 -0.758988321 -0.000635779 -0.000699621 0.999999583 25.866352081
0.999999642 0.000872964 0.000056453 0.519626677 -0.000873026 0.999998987 0.001114531 -0.780434728 -0.000055480 -0.001114579 0.999999464 26.425802231
0.999999940 0.000287228 -0.000543395 0.525842607 -0.000286586 0.999999285 0.001182142 -0.793731928 0.000543735 -0.001181986 0.999999166 26.972257614
0.999999940 0.000154287 -0.000392433 0.533350885 -0.000153734 0.999999046 0.001407848 -0.809952497 0.000392650 -0.001407787 0.999998927 27.525211334
0.999998748 0.001304861 -0.000886668 0.545016825 -0.001303589 0.999998152 0.001434462 -0.830227911 0.000888538 -0.001433305 0.999998629 28.074220657
0.999998510 0.001314541 -0.001124327 0.542384148 -0.001313722 0.999998868 0.000728085 -0.832507908 0.001125283 -0.000726607 0.999999046 28.611400604
0.999999106 0.000632318 -0.001129047 0.553071141 -0.000631531 0.999999523 0.000697930 -0.846258938 0.001129487 -0.000697216 0.999999106 29.157491684
0.999997139 0.001163054 -0.002093634 0.568488121 -0.001160763 0.999998748 0.001094984 -0.867196023 0.002094905 -0.001092550 0.999997199 29.695127487
0.999997199 0.001221450 -0.002097824 0.570169330 -0.001218993 0.999998569 0.001171937 -0.880481541 0.002099253 -0.001169376 0.999997139 30.233333588
0.999996841 0.001080726 -0.002284912 0.585049927 -0.001078019 0.999998689 0.001185636 -0.898475230 0.002286191 -0.001183169 0.999996662 30.779253006
0.999995112 0.000999302 -0.002962810 0.597365141 -0.000995667 0.999998748 0.001228095 -0.913813114 0.002964033 -0.001225139 0.999994874 31.324924469
0.999994397 0.001046839 -0.003151524 0.603344023 -0.001043099 0.999998748 0.001187857 -0.924146473 0.003152763 -0.001184563 0.999994338 31.883199692
0.999993742 0.001000537 -0.003373422 0.615852535 -0.000995443 0.999998391 0.001511518 -0.943667233 0.003374928 -0.001508151 0.999993205 32.430698395
0.999993801 0.001025972 -0.003371012 0.618500471 -0.001021598 0.999998569 0.001299003 -0.956254184 0.003372340 -0.001295551 0.999993503 32.966835022
0.999993324 0.000893893 -0.003550141 0.626997709 -0.000890684 0.999999166 0.000905260 -0.968999624 0.003550947 -0.000902092 0.999993265 33.510009766
0.999993622 0.001030145 -0.003402072 0.631196380 -0.001026975 0.999999046 0.000933228 -0.980040967 0.003403030 -0.000929729 0.999993742 34.065196991
0.999991715 0.000301822 -0.004054904 0.647046864 -0.000296619 0.999999106 0.001283715 -1.000461936 0.004055289 -0.001282502 0.999990940 34.601589203
0.999992132 0.001025459 -0.003816654 0.647917032 -0.001019794 0.999998331 0.001485955 -1.016200066 0.003818172 -0.001482051 0.999991655 35.153240204
0.999992013 0.000612009 -0.003951477 0.656445324 -0.000608356 0.999999404 0.000925716 -1.022319317 0.003952041 -0.000923304 0.999991775 35.693668365
0.999990523 0.000769729 -0.004276751 0.667176843 -0.000764939 0.999999106 0.001121508 -1.038194656 0.004277610 -0.001118226 0.999990225 36.246559143
0.999991357 0.001025981 -0.004031969 0.676411331 -0.001023011 0.999999225 0.000738658 -1.048831582 0.004032724 -0.000734527 0.999991596 36.787761688
0.999989450 0.000599372 -0.004546074 0.687355995 -0.000596324 0.999999642 0.000671691 -1.059524179 0.004546476 -0.000668973 0.999989450 37.341121674
0.999989688 0.000711814 -0.004489153 0.691551328 -0.000709317 0.999999583 0.000557639 -1.075117946 0.004489548 -0.000554449 0.999989688 37.886127472
0.999989152 0.000211063 -0.004661998 0.700644612 -0.000209880 1.000000000 0.000254231 -1.087971449 0.004662051 -0.000253250 0.999989092 38.435657501
0.999990404 0.000828111 -0.004309414 0.706332445 -0.000826797 0.999999583 0.000306699 -1.105936050 0.004309666 -0.000303133 0.999990642 38.983318329
0.999987721 0.001103164 -0.004832507 0.715621531 -0.001100732 0.999999285 0.000505745 -1.119691491 0.004833060 -0.000500420 0.999988198 39.511604309
0.999988437 0.001502503 -0.004582148 0.726993084 -0.001499463 0.999998689 0.000666707 -1.137056589 0.004583143 -0.000659829 0.999989271 40.051448822
0.999987781 0.001265095 -0.004789007 0.742800057 -0.001261653 0.999998927 0.000721879 -1.152443409 0.004789915 -0.000715828 0.999988317 40.590167999
0.999986053 0.000666254 -0.005224569 0.746071041 -0.000664318 0.999999702 0.000372276 -1.165630579 0.005224815 -0.000368800 0.999986291 41.155929565
0.999985874 0.001155424 -0.005169960 0.755255044 -0.001157032 0.999999225 -0.000307975 -1.169434786 0.005169600 0.000313952 0.999986589 41.709812164
0.999979794 0.000723467 -0.006312308 0.779124618 -0.000715364 0.999998868 0.001285839 -1.206920624 0.006313230 -0.001281298 0.999979258 42.227111816
0.999982715 0.001503872 -0.005678662 0.768488824 -0.001500375 0.999998689 0.000619956 -1.209055424 0.005679586 -0.000611425 0.999983668 42.804801941
0.999980807 0.000252693 -0.006194925 0.781945348 -0.000245382 0.999999285 0.001180901 -1.229180217 0.006195218 -0.001179358 0.999980092 43.351406097
0.999985099 0.001068686 -0.005341607 0.773385823 -0.001064041 0.999999046 0.000872264 -1.242856860 0.005342533 -0.000866567 0.999985337 43.892513275
0.999987125 0.000323325 -0.005055307 0.785023689 -0.000315432 0.999998689 0.001562090 -1.268397570 0.005055805 -0.001560475 0.999986053 44.428756714
0.999983549 0.001259408 -0.005594929 0.790153861 -0.001255668 0.999998987 0.000671876 -1.268849134 0.005595770 -0.000664840 0.999984145 44.980823517
0.999985278 0.001357494 -0.005248179 0.796218038 -0.001353262 0.999998748 0.000810074 -1.281897783 0.005249273 -0.000802959 0.999985933 45.521812439
0.999987304 0.001292814 -0.004872934 0.794818878 -0.001290684 0.999999046 0.000440360 -1.294039607 0.004873498 -0.000434065 0.999987960 46.083953857
0.999983966 0.000551595 -0.005633672 0.817520142 -0.000547037 0.999999523 0.000810570 -1.320620298 0.005634116 -0.000807475 0.999983728 46.619331360
0.999983311 0.001211641 -0.005658476 0.828416467 -0.001206754 0.999998927 0.000866945 -1.336913347 0.005659521 -0.000860102 0.999983549 47.170787811
0.999985754 0.001024290 -0.005234004 0.826418698 -0.001022343 0.999999404 0.000374658 -1.341181397 0.005234384 -0.000369302 0.999986231 47.721401215
0.999987245 0.000422835 -0.005034988 0.816094160 -0.000420796 0.999999940 0.000406157 -1.350403547 0.005035159 -0.000404033 0.999987245 48.266967773
0.999987662 0.000505418 -0.004939914 0.831814051 -0.000502480 0.999999702 0.000596045 -1.365318298 0.004940214 -0.000593556 0.999987662 48.820896149
0.999988496 0.000774788 -0.004729670 0.835216224 -0.000773681 0.999999702 0.000235976 -1.377786517 0.004729851 -0.000232314 0.999988794 49.360179901
0.999988377 0.000237994 -0.004820778 0.839887142 -0.000234164 0.999999642 0.000794995 -1.404433012 0.004820965 -0.000793857 0.999988079 49.918994904
0.999989569 0.000429171 -0.004553869 0.843784988 -0.000423169 0.999999106 0.001318932 -1.422192812 0.004554430 -0.001316991 0.999988794 50.455322266
0.999991596 0.000968437 -0.004001688 0.841402352 -0.000964946 0.999999166 0.000874380 -1.431060553 0.004002532 -0.000870511 0.999991596 50.997825623
0.999985397 0.000361890 -0.005376743 0.867268801 -0.000360244 0.999999881 0.000307047 -1.441045284 0.005376853 -0.000305106 0.999985516 51.554553986
0.999983430 -0.000010326 -0.005773715 0.877184331 0.000011759 0.999999940 0.000248207 -1.453962564 0.005773713 -0.000248271 0.999983311 52.102386475
0.999983132 -0.000500475 -0.005806767 0.885656238 0.000500658 0.999999881 0.000030021 -1.472093225 0.005806752 -0.000032927 0.999983132 52.657455444
0.999981999 -0.001243059 -0.005857187 0.893642545 0.001244740 0.999999166 0.000283408 -1.488099813 0.005856829 -0.000290694 0.999982834 53.203102112
0.999981821 -0.001189252 -0.005910706 0.900688350 0.001190685 0.999999225 0.000238854 -1.502948523 0.005910418 -0.000245887 0.999982476 53.742366791
0.999984562 -0.000923830 -0.005480824 0.908753157 0.000921628 0.999999523 -0.000404258 -1.514689445 0.005481194 0.000399200 0.999984920 54.290771484
0.999982774 -0.001342005 -0.005734657 0.913178921 0.001342207 0.999999106 0.000031402 -1.533390641 0.005734610 -0.000039099 0.999983549 54.841358185
0.999983609 -0.000840144 -0.005659011 0.915199399 0.000839961 0.999999583 -0.000034554 -1.550376058 0.005659038 0.000029800 0.999983907 55.398075104
0.999985337 -0.000974185 -0.005319049 0.921024323 0.000974118 0.999999464 -0.000015146 -1.564632297 0.005319061 0.000009964 0.999985754 55.940395355
0.999982357 -0.000899951 -0.005866824 0.933735132 0.000900947 0.999999583 0.000167295 -1.579757929 0.005866671 -0.000172577 0.999982774 56.497203827
0.999984920 -0.000853621 -0.005416264 0.945480108 0.000854912 0.999999642 0.000236023 -1.599649549 0.005416060 -0.000240650 0.999985278 57.034885406
0.999983370 -0.000618709 -0.005735883 0.955379188 0.000617878 0.999999940 -0.000146592 -1.607248783 0.005735972 0.000143046 0.999983549 57.597358704
0.999982297 -0.000855340 -0.005903444 0.962766171 0.000854457 0.999999642 -0.000152103 -1.623999834 0.005903572 0.000147056 0.999982595 58.151607513
0.999984860 -0.000676918 -0.005454767 0.964977503 0.000674137 0.999999523 -0.000511683 -1.635401845 0.005455110 0.000507998 0.999984980 58.698455811
0.999983966 -0.000473965 -0.005646754 0.974071026 0.000470200 0.999999642 -0.000668147 -1.642218709 0.005647069 0.000665481 0.999983847 59.239318848
0.999985099 -0.000436852 -0.005449058 0.981708825 0.000431671 0.999999464 -0.000951957 -1.657589197 0.005449470 0.000949591 0.999984741 59.783645630
0.999983370 -0.000550860 -0.005730058 0.990105927 0.000545057 0.999999285 -0.001014313 -1.668472886 0.005730613 0.001011173 0.999983072 60.325180054
0.999981165 -0.000699728 -0.006097213 1.001863956 0.000693624 0.999999285 -0.001003262 -1.683693647 0.006097910 0.000999014 0.999980986 60.867164612
0.999982297 -0.000212862 -0.005945135 1.004729509 0.000206490 0.999999344 -0.001072269 -1.697641850 0.005945360 0.001071023 0.999981701 61.407737732
0.999984384 0.000131679 -0.005584929 1.014682412 -0.000136135 0.999999642 -0.000797453 -1.716021776 0.005584822 0.000798201 0.999984086 61.955593109
0.999980330 -0.000360123 -0.006264474 1.024503589 0.000353099 0.999999225 -0.001122408 -1.726424813 0.006264874 0.001120174 0.999979734 62.494907379
0.999983132 -0.000123763 -0.005808636 1.029439688 0.000116505 0.999999225 -0.001249788 -1.742946863 0.005808786 0.001249091 0.999982357 63.044433594
0.999980927 -0.000116175 -0.006176152 1.042462707 0.000113699 0.999999940 -0.000401340 -1.764647841 0.006176198 0.000400631 0.999980867 63.581161499
0.999981940 0.000301940 -0.005999861 1.049513817 -0.000304762 0.999999881 -0.000469506 -1.781058073 0.005999718 0.000471326 0.999981940 64.141830444
0.999985099 0.000104617 -0.005438626 1.048427582 -0.000107814 0.999999821 -0.000587601 -1.794477463 0.005438563 0.000588179 0.999985039 64.679748535
0.999978840 0.000370189 -0.006491165 1.070157766 -0.000373407 0.999999762 -0.000494457 -1.810478449 0.006490980 0.000496871 0.999978721 65.197540283
0.999978602 -0.000269580 -0.006525698 1.080780625 0.000263209 0.999999464 -0.000977134 -1.824846745 0.006525957 0.000975396 0.999978185 65.746429443
0.999978781 -0.000258005 -0.006512980 1.090846419 0.000254835 0.999999881 -0.000487432 -1.841388106 0.006513106 0.000485761 0.999978662 66.292793274
0.999981403 0.000593678 -0.006065347 1.091918468 -0.000597007 0.999999762 -0.000546864 -1.854905844 0.006065020 0.000550475 0.999981463 66.836067200
0.999978960 0.000192514 -0.006480836 1.092998028 -0.000196339 0.999999762 -0.000589559 -1.871380568 0.006480721 0.000590819 0.999978840 67.372299194
0.999978721 0.000018424 -0.006521685 1.097503543 -0.000024468 0.999999583 -0.000926750 -1.880049348 0.006521664 0.000926890 0.999978304 67.919517517
0.999984026 0.000437312 -0.005629428 1.091630697 -0.000443605 0.999999285 -0.001116701 -1.894428253 0.005628935 0.001119180 0.999983549 68.479240417
0.999983191 -0.000104559 -0.005791189 1.107001781 0.000100170 0.999999642 -0.000758142 -1.916752458 0.005791266 0.000757549 0.999982953 69.032554626
0.999981880 0.000333427 -0.005998143 1.106776118 -0.000339308 0.999999464 -0.000979335 -1.933970571 0.005997814 0.000981353 0.999981523 69.571914673
0.999984026 0.000066030 -0.005654808 1.114605308 -0.000073197 0.999999285 -0.001267250 -1.945153117 0.005654720 0.001267644 0.999983191 70.117507935
0.999983370 -0.000460615 -0.005741581 1.124797583 0.000458343 0.999999881 -0.000396955 -1.971935511 0.005741762 0.000394317 0.999983430 70.666877747
0.999983549 0.000325147 -0.005729274 1.124334812 -0.000331624 0.999999285 -0.001129674 -1.978299975 0.005728903 0.001131555 0.999982893 71.193191528
0.999982476 -0.000030868 -0.005924376 1.137269974 0.000020991 0.999998629 -0.001667149 -1.991371989 0.005924419 0.001666995 0.999980986 71.746818542
0.999982476 0.000449921 -0.005902109 1.141754508 -0.000456213 0.999999344 -0.001064809 -2.012531281 0.005901626 0.001067483 0.999981999 72.294998169
0.999981821 -0.000540614 -0.005991902 1.147944570 0.000531785 0.999998808 -0.001474897 -2.023992300 0.005992692 0.001471684 0.999980986 72.849517822
0.999982476 0.000757947 -0.005870419 1.156965613 -0.000762301 0.999999464 -0.000739422 -2.049987793 0.005869854 0.000743884 0.999982476 73.379287720
0.999983430 0.000622204 -0.005732066 1.160999298 -0.000627858 0.999999344 -0.000984618 -2.062351465 0.005731449 0.000988201 0.999983132 73.926223755
0.999981165 0.000574719 -0.006105106 1.172019005 -0.000579590 0.999999523 -0.000796231 -2.080903053 0.006104645 0.000799754 0.999980986 74.463806152
0.999979436 0.000242856 -0.006428389 1.187338352 -0.000244455 0.999999881 -0.000248102 -2.097781181 0.006428329 0.000249668 0.999979317 75.004043579
0.999979317 -0.000373111 -0.006433673 1.192472696 0.000371304 0.999999881 -0.000282079 -2.110585690 0.006433778 0.000279684 0.999979258 75.556716919
0.999981582 0.000299545 -0.006060766 1.199679136 -0.000303020 0.999999762 -0.000572687 -2.125933647 0.006060592 0.000574513 0.999981463 76.099906921
0.999980211 0.000978657 -0.006213902 1.205114603 -0.000983167 0.999999285 -0.000722784 -2.139970541 0.006213190 0.000728879 0.999980450 76.645042419
0.999983728 0.000863922 -0.005635381 1.211859703 -0.000868617 0.999999285 -0.000830629 -2.155776024 0.005634659 0.000835510 0.999983788 77.194519043
0.999978960 -0.000070118 -0.006477445 1.226962328 0.000063058 0.999999404 -0.001090246 -2.167645216 0.006477518 0.001089815 0.999978423 77.732398987
0.999976039 -0.000583187 -0.006895485 1.242462277 0.000576506 0.999999344 -0.000970712 -2.184704542 0.006896048 0.000966713 0.999975741 78.276222229
0.999978721 0.000338531 -0.006515739 1.238194585 -0.000342693 0.999999762 -0.000637523 -2.205691576 0.006515521 0.000639742 0.999978542 78.818229675
0.999979675 0.000067036 -0.006382697 1.252781510 -0.000070853 0.999999821 -0.000597840 -2.221045732 0.006382656 0.000598280 0.999979436 79.362960815
0.999978304 0.000669024 -0.006557457 1.255652308 -0.000675617 0.999999285 -0.001003220 -2.233227968 0.006556781 0.001007629 0.999978006 79.909805298
0.999978781 0.000582440 -0.006484353 1.267258406 -0.000588884 0.999999344 -0.000991965 -2.250487804 0.006483771 0.000995763 0.999978483 80.448127747
0.999984741 0.001002227 -0.005422598 1.276076555 -0.001006522 0.999999166 -0.000789446 -2.266095400 0.005421803 0.000794892 0.999984980 81.010826111
0.999989390 0.000927334 -0.004509171 1.288117528 -0.000932776 0.999998868 -0.001205064 -2.278903008 0.004508049 0.001209257 0.999989092 81.561019897
0.999994159 0.001457704 -0.003065684 1.292855978 -0.001460020 0.999998569 -0.000753450 -2.301557779 0.003064581 0.000757922 0.999994993 82.097526550
0.999997854 0.001330731 -0.001591909 1.303633571 -0.001332031 0.999998808 -0.000815680 -2.317391396 0.001590821 0.000817799 0.999998391 82.651229858
0.999999046 0.001096180 0.000819935 1.325631380 -0.001095435 0.999999046 -0.000907867 -2.332340717 -0.000820929 0.000906968 0.999999225 83.203002930
0.999982357 0.001242784 0.005804072 1.329473495 -0.001237362 0.999998808 -0.000937678 -2.346847534 -0.005805229 0.000930480 0.999982715 83.736007690
0.999960244 0.001455765 0.008793901 1.345983028 -0.001448344 0.999998510 -0.000850350 -2.364882469 -0.008795128 0.000837580 0.999960959 84.280952454
0.999914408 0.001557320 0.012988536 1.384801865 -0.001551783 0.999998629 -0.000436326 -2.388492107 -0.012989197 0.000416134 0.999915481 84.825424194
0.999825239 0.001663741 0.018620066 1.410952449 -0.001655990 0.999998450 -0.000431604 -2.402337790 -0.018620756 0.000400694 0.999826491 85.372329712
0.999694884 0.000827974 0.024688249 1.437826872 -0.000812386 0.999999583 -0.000641390 -2.418119192 -0.024688771 0.000621138 0.999695003 85.942794800
0.999528825 0.000263933 0.030693799 1.467723608 -0.000239867 0.999999642 -0.000787753 -2.430615425 -0.030693991 0.000780019 0.999528527 86.485870361
0.999253809 0.000635502 0.038619094 1.506256104 -0.000615050 0.999999583 -0.000541475 -2.449473619 -0.038619425 0.000517318 0.999253869 87.042709351
0.998904467 0.000847540 0.046788406 1.553115606 -0.000837686 0.999999642 -0.000230207 -2.468228579 -0.046788581 0.000190762 0.998904765 87.602165222
0.998532236 0.000386979 0.054161966 1.593919039 -0.000363898 0.999999881 -0.000435998 -2.481250763 -0.054162130 0.000415649 0.998532116 88.143516541
0.998002470 0.000926898 0.063170068 1.642168522 -0.000909607 0.999999523 -0.000302486 -2.498732328 -0.063170321 0.000244422 0.998002708 88.726432800
0.997344196 0.000655633 0.072829723 1.710475922 -0.000604075 0.999999583 -0.000729953 -2.512515783 -0.072830170 0.000684020 0.997344077 89.251716614
0.996633828 0.000824947 0.081977993 1.768115520 -0.000836674 0.999999583 0.000108699 -2.537621498 -0.081977874 -0.000176922 0.996634066 89.811828613
0.995952368 0.000399960 0.089881636 1.825618744 -0.000358346 0.999999762 -0.000479126 -2.546646595 -0.089881830 0.000444978 0.995952249 90.379081726
0.994937658 0.000023728 0.100494482 1.911020756 0.000008913 0.999999940 -0.000324360 -2.559551239 -0.100494489 0.000323614 0.994937479 90.924736023
0.993800879 0.000659610 0.111172967 1.982456207 -0.000608136 0.999999702 -0.000496919 -2.572377443 -0.111173250 0.000426231 0.993801057 91.473365784
0.992713571 -0.000173883 0.120498225 2.068265915 0.000252357 0.999999821 -0.000635990 -2.590824604 -0.120498084 0.000661765 0.992713451 92.020500183
0.991310537 -0.000052447 0.131542653 2.154249191 0.000114709 0.999999821 -0.000465746 -2.600473881 -0.131542653 0.000476787 0.991310418 92.567337036
0.989651382 -0.000889060 0.143489823 2.257734299 0.001004162 0.999999225 -0.000729743 -2.613279819 -0.143489033 0.000866279 0.989651501 93.118507385
0.988010168 -0.001227497 0.154383719 2.361267090 0.001317210 0.999999046 -0.000478817 -2.632474899 -0.154382959 0.000676432 0.988010883 93.665260315
0.986383319 -0.001408520 0.164455876 2.472013474 0.001495738 0.999998808 -0.000406512 -2.644097805 -0.164455116 0.000646960 0.986384332 94.196441650
0.984050453 -0.001155422 0.177885562 2.581099510 0.001299965 0.999998927 -0.000696011 -2.657068729 -0.177884579 0.000916155 0.984050930 94.744583130
0.981746197 -0.001282658 0.190191284 2.707494736 0.001450150 0.999998689 -0.000741481 -2.669923067 -0.190190077 0.001003752 0.981746733 95.277832031
0.979607999 -0.001517074 0.200912222 2.830801010 0.001634280 0.999998510 -0.000417506 -2.686526299 -0.200911283 0.000737339 0.979609132 95.841720581
0.976738870 -0.001168397 0.214428961 2.961025238 0.001226310 0.999999225 -0.000137055 -2.703774452 -0.214428619 0.000396823 0.976739526 96.389732361
0.973903060 -0.001701004 0.226958185 3.120952606 0.001821724 0.999998271 -0.000322447 -2.714543581 -0.226957262 0.000727488 0.973904371 96.914543152
0.971209705 -0.002132647 0.238216624 3.260675430 0.002215674 0.999997497 -0.000080778 -2.737519979 -0.238215879 0.000606262 0.971211970 97.447463989
0.968122721 -0.002833356 0.250460446 3.421693802 0.002910214 0.999995768 0.000063481 -2.757353306 -0.250459582 0.000667436 0.968126833 97.979339600
0.964415133 -0.002566159 0.264380127 3.586927414 0.002613861 0.999996543 0.000171354 -2.771593571 -0.264379710 0.000525797 0.964418530 98.507171631
0.960859835 -0.003063286 0.277018070 3.754133224 0.003230345 0.999994814 -0.000146700 -2.782518387 -0.277016193 0.001035822 0.960864723 99.031150818
0.957619727 -0.003846124 0.288010091 3.933055878 0.003926578 0.999992251 0.000298343 -2.802024126 -0.288008988 0.000845195 0.957627296 99.556930542
0.953436792 -0.003992868 0.301566482 4.123296738 0.003935135 0.999991953 0.000798942 -2.820249557 -0.301567256 0.000424964 0.953444779 100.072769165
0.949266136 -0.004868319 0.314436078 4.327211380 0.004696432 0.999988139 0.001304234 -2.842366457 -0.314438701 0.000238662 0.949277818 100.559913635
0.945155740 -0.004938645 0.326582521 4.522264481 0.004990920 0.999987245 0.000677886 -2.843576670 -0.326581746 0.000989240 0.945168436 101.113685608
0.940462172 -0.004615977 0.339866817 4.728750229 0.004819310 0.999988317 0.000245816 -2.853573561 -0.339863956 0.001406743 0.940473497 101.641555786
0.935335398 -0.005253577 0.353723109 4.950954437 0.005603082 0.999984324 0.000035998 -2.864763021 -0.353717715 0.001948269 0.935350180 102.147178650
0.930570662 -0.005229427 0.366074800 5.167144775 0.005261783 0.999985754 0.000909353 -2.887006521 -0.366074294 0.001079989 0.930584967 102.653129578
0.926013350 -0.006264809 0.377438545 5.405439377 0.006585741 0.999978244 0.000440303 -2.896448612 -0.377433091 0.002077986 0.926034570 103.164024353
0.919916689 -0.005939113 0.392068893 5.652267456 0.006022942 0.999981344 0.001016141 -2.921125889 -0.392067671 0.001426643 0.919935286 103.681282043
0.914168835 -0.006561979 0.405280501 5.890487671 0.006605364 0.999977350 0.001291481 -2.933585167 -0.405279785 0.001496394 0.914191484 104.186592102
0.909299552 -0.006721682 0.416087955 6.141262054 0.006699057 0.999976456 0.001514282 -2.955141068 -0.416088372 0.001410461 0.909323096 104.667724609
0.903117299 -0.007460948 0.429329157 6.409648895 0.007633511 0.999969900 0.001320123 -2.963490248 -0.429326087 0.002085063 0.903147101 105.171615601
0.896175981 -0.007661909 0.443632573 6.668254852 0.007744414 0.999968708 0.001625921 -2.977899551 -0.443631142 0.001978564 0.896207273 105.679069519
0.890223086 -0.008052217 0.455453545 6.946052551 0.008165652 0.999965191 0.001718471 -2.992556334 -0.455451578 0.002189253 0.890257835 106.172843933
0.884452641 -0.008821845 0.466546416 7.211944580 0.008622414 0.999959648 0.002562167 -3.012403011 -0.466550142 0.001756641 0.884492934 106.643295288
0.877166212 -0.009109422 0.480100423 7.489093781 0.009230284 0.999955118 0.002108977 -3.024287701 -0.480098158 0.002581540 0.877210915 107.143936157
