1.000000000 0.000000000 0.000000000 0.000000000 0.000000000 1.000000000 0.000000000 0.000000000 0.000000000 0.000000000 1.000000000 0.000000000
1.000000000 0.000005399 -0.000013128 0.000412479 -0.000005399 1.000000000 0.000007849 0.000257716 0.000013128 -0.000007849 1.000000000 0.000176963
1.000000000 0.000030508 0.000087724 -0.000420589 -0.000030511 1.000000000 0.000042162 0.000212579 -0.000087723 -0.000042165 1.000000000 0.000266029
1.000000000 -0.000088113 -0.000011337 0.000912638 0.000088113 1.000000000 -0.000008753 0.000377939 0.000011338 0.000008752 1.000000000 0.000065754
1.000000000 0.000055203 0.000083785 -0.000233999 -0.000055206 1.000000000 0.000031125 0.000257859 -0.000083783 -0.000031129 1.000000000 0.000668269
1.000000000 0.000079759 0.000003856 0.000296291 -0.000079759 1.000000000 -0.000046356 0.000847480 -0.000003860 0.000046356 1.000000000 -0.000377437
1.000000000 -0.000003402 0.000062828 0.000353505 0.000003400 1.000000000 0.000020292 -0.000007423 -0.000062828 -0.000020291 1.000000000 0.000482609
1.000000000 0.000099464 0.000019242 -0.000225560 -0.000099465 1.000000000 0.000072037 0.000465606 -0.000019235 -0.000072039 1.000000000 0.000089245
1.000000000 0.000127206 0.000047904 0.000379675 -0.000127209 1.000000000 0.000064963 0.000326854 -0.000047896 -0.000064969 1.000000000 0.001305068
1.000000000 0.000161728 0.000031786 -0.000382542 -0.000161727 1.000000000 -0.000008467 0.000070998 -0.000031788 0.000008462 1.000000000 -0.000608501
1.000000000 0.000010593 0.000041097 -0.000394111 -0.000010593 1.000000000 -0.000008473 0.000594624 -0.000041097 0.000008473 1.000000000 0.000071783
1.000000000 0.000120091 0.000065044 -0.001150835 -0.000120086 1.000000000 -0.000076959 0.001500982 -0.000065053 0.000076951 1.000000000 0.001002065
1.000000000 0.000081638 0.000078685 -0.000680886 -0.000081638 1.000000000 0.000004429 0.001195375 -0.000078685 -0.000004435 1.000000000 0.000848793
1.000000000 0.000169282 0.000130973 -0.001454211 -0.000169277 1.000000000 -0.000034075 0.001658899 -0.000130979 0.000034053 1.000000000 0.001687924
0.999999940 0.000218194 0.000109527 -0.001758220 -0.000218186 1.000000000 -0.000080083 0.001624436 -0.000109545 0.000080060 1.000000000 0.001136597
0.999999940 0.000262934 0.000098477 -0.001392476 -0.000262930 0.999999940 -0.000040274 0.001942272 -0.000098487 0.000040248 1.000000000 0.000842662
0.999999940 0.000236931 0.000116822 -0.001598685 -0.000236920 0.999999940 -0.000093244 0.002025594 -0.000116845 0.000093216 1.000000000 0.001652030
1.000000000 0.000203054 0.000133940 -0.001828005 -0.000203054 1.000000000 0.000000620 0.001237713 -0.000133940 -0.000000647 1.000000000 0.001379069
1.000000000 0.000217126 0.000052919 -0.001156223 -0.000217128 1.000000000 0.000043402 0.001364295 -0.000052910 -0.000043414 1.000000000 0.001191094
1.000000000 0.000097072 0.000136615 -0.001526561 -0.000097065 1.000000000 -0.000050910 0.001607531 -0.000136620 0.000050896 1.000000000 0.001146055
1.000000000 0.000172508 0.000120613 -0.001417227 -0.000172510 1.000000000 0.000012724 0.001655085 -0.000120611 -0.000012745 1.000000000 0.001814269
0.999999940 0.000226915 0.000103070 -0.001527593 -0.000226912 1.000000000 -0.000023869 0.002082931 -0.000103075 0.000023846 1.000000000 0.001281262
0.999999940 0.000208752 0.000204295 -0.001773872 -0.000208747 1.000000000 -0.000024229 0.001432750 -0.000204300 0.000024186 1.000000000 0.001426137
1.000000000 0.000106761 0.000135209 -0.001774678 -0.000106766 1.000000000 0.000036067 0.001553871 -0.000135205 -0.000036081 1.000000000 0.001242338
1.000000000 0.000131359 0.000132170 -0.001548597 -0.000131357 1.000000000 -0.000015353 0.001384187 -0.000132172 0.000015336 1.000000000 0.001680871
1.000000000 0.000130533 0.000063034 -0.001669131 -0.000130533 1.000000000 -0.000010840 0.001376949 -0.000063035 0.000010831 1.000000000 0.000076775
1.000000000 0.000130092 0.000092137 -0.001116391 -0.000130098 1.000000000 0.000074009 0.000873438 -0.000092128 -0.000074021 1.000000000 0.000271148
1.000000000 0.000071288 0.000161405 -0.000723034 -0.000071297 1.000000000 0.000050300 0.000773085 -0.000161402 -0.000050312 1.000000000 0.000990371
1.000000000 -0.000007068 0.000179390 -0.000953543 0.000007075 1.000000000 -0.000036935 0.001890881 -0.000179390 0.000036936 1.000000000 0.002410851
1.000000000 0.000183886 0.000105741 -0.001022689 -0.000183879 1.000000000 -0.000060792 0.001674223 -0.000105752 0.000060772 1.000000000 0.001844136
0.999999940 0.000273447 0.000194436 -0.001493806 -0.000273454 0.999999940 0.000038926 0.000747606 -0.000194425 -0.000038979 1.000000000 0.000028599
0.999999940 0.000203350 0.000135305 -0.001150883 -0.000203347 1.000000000 -0.000020957 0.001220273 -0.000135309 0.000020929 1.000000000 0.000767845
1.000000000 0.000205120 0.000117842 -0.000393964 -0.000205117 1.000000000 -0.000027627 0.000489154 -0.000117848 0.000027603 1.000000000 0.000409224
1.000000000 0.000129908 0.000123414 -0.001635747 -0.000129908 1.000000000 0.000002055 0.001473843 -0.000123414 -0.000002071 1.000000000 0.001179669
1.000000000 0.000058693 0.000077572 -0.000891298 -0.000058688 1.000000000 -0.000059186 0.002015878 -0.000077575 0.000059181 1.000000000 0.002088374
1.000000000 0.000200715 0.000137754 -0.001179375 -0.000200712 1.000000000 -0.000022267 0.001196182 -0.000137758 0.000022239 1.000000000 0.001296398
1.000000000 0.000079160 0.000089794 0.000650394 -0.000079156 1.000000000 -0.000044186 0.001930100 -0.000089797 0.000044179 1.000000000 0.001563673
1.000000000 0.000082001 0.000103901 -0.000355281 -0.000081984 1.000000000 -0.000162509 0.002136425 -0.000103915 0.000162500 1.000000000 0.002565668
1.000000000 0.000035796 -0.000107180 -0.000064673 -0.000035821 1.000000000 -0.000234806 -0.005123957 0.000107171 0.000234809 0.999999881 0.051650830
1.000000000 0.000022721 -0.000148038 0.002151012 -0.000022847 0.999999702 -0.000856956 -0.005756380 0.000148019 0.000856959 0.999999523 0.143702716
0.999999940 0.000308784 -0.000001499 0.000798369 -0.000308785 0.999999166 -0.001246903 -0.007351226 0.000001114 0.001246904 0.999999225 0.253639728
0.999999940 0.000271989 -0.000048385 0.004487684 -0.000272050 0.999999166 -0.001269266 -0.010291391 0.000048039 0.001269280 0.999999225 0.384181410
0.999999940 0.000263348 0.000222959 0.006433354 -0.000263176 0.999999642 -0.000770245 -0.018333592 -0.000223162 0.000770186 0.999999702 0.523136616
0.999999881 0.000197866 0.000376655 0.009021384 -0.000197611 0.999999702 -0.000676465 -0.023518728 -0.000376789 0.000676390 0.999999762 0.675564229
0.999999702 0.000776800 -0.000194552 0.016631257 -0.000776925 0.999999464 -0.000642570 -0.028102107 0.000194053 0.000642721 0.999999762 0.838475049
0.999999762 0.000614608 -0.000108363 0.017191008 -0.000614663 0.999999583 -0.000512782 -0.034449641 0.000108048 0.000512848 0.999999881 1.005916476
1.000000000 0.000047512 -0.000094631 0.024402458 -0.000047558 0.999999881 -0.000487364 -0.033501614 0.000094608 0.000487368 0.999999881 1.190362811
0.999999940 0.000311054 0.000261120 0.025000211 -0.000311034 0.999999940 -0.000075065 -0.042442188 -0.000261144 0.000074984 0.999999940 1.371269226
0.999999881 0.000347091 0.000067119 0.030283062 -0.000347075 0.999999881 -0.000237479 -0.043213755 -0.000067201 0.000237456 0.999999940 1.569823980
0.999999940 0.000302403 0.000001313 0.034019213 -0.000302403 0.999999881 0.000131103 -0.051255081 -0.000001273 -0.000131104 1.000000000 1.766899228
0.999999881 0.000376591 0.000178175 0.036844164 -0.000376612 0.999999940 0.000118635 -0.054015823 -0.000178131 -0.000118702 0.999999940 1.968470454
0.999999940 0.000180955 0.000146311 0.042513557 -0.000180999 0.999999940 0.000296767 -0.062994309 -0.000146257 -0.000296793 0.999999881 2.172190428
0.999999881 0.000398546 0.000190864 0.047276467 -0.000398623 0.999999821 0.000407540 -0.066088594 -0.000190701 -0.000407616 0.999999881 2.390669107
0.999999881 0.000246507 0.000209703 0.052028812 -0.000246542 0.999999940 0.000163694 -0.075106412 -0.000209662 -0.000163745 0.999999881 2.612772942
0.999999762 0.000351601 0.000461955 0.055574726 -0.000351650 0.999999881 0.000106305 -0.080164708 -0.000461918 -0.000106467 0.999999881 2.843140602
0.999999702 0.000498442 0.000614810 0.058311235 -0.000498536 0.999999881 0.000153067 -0.084386744 -0.000614734 -0.000153374 0.999999821 3.075813055
0.999999881 0.000349062 0.000342091 0.065338627 -0.000349274 0.999999762 0.000617350 -0.097294159 -0.000341876 -0.000617470 0.999999702 3.306899309
0.999999642 0.000582291 0.000632620 0.067050211 -0.000582580 0.999999702 0.000455523 -0.102278769 -0.000632355 -0.000455891 0.999999702 3.555357695
0.999999583 0.000752466 0.000510493 0.072010517 -0.000752699 0.999999583 0.000457114 -0.108967692 -0.000510149 -0.000457498 0.999999762 3.805905104
0.999999046 0.001122585 0.000767989 0.076596648 -0.001122857 0.999999285 0.000353521 -0.113580421 -0.000767591 -0.000354383 0.999999642 4.061512947
0.999998450 0.001158905 0.001323315 0.080638662 -0.001159431 0.999999225 0.000397020 -0.118236065 -0.001322854 -0.000398554 0.999999106 4.320560455
0.999999106 0.001045350 0.000849798 0.086564705 -0.001045734 0.999999285 0.000450936 -0.127559498 -0.000849326 -0.000451824 0.999999523 4.569684982
0.999998987 0.001096163 0.000923656 0.093066767 -0.001096562 0.999999285 0.000431202 -0.134614304 -0.000923183 -0.000432215 0.999999464 4.823370457
0.999998748 0.001343363 0.000860322 0.101220034 -0.001343796 0.999998927 0.000503028 -0.141763508 -0.000859645 -0.000504184 0.999999464 5.083257675
0.999997437 0.001652870 0.001522982 0.097330801 -0.001653762 0.999998450 0.000584608 -0.149857625 -0.001522013 -0.000587126 0.999998689 5.343897343
0.999997675 0.001455274 0.001578647 0.103163399 -0.001456617 0.999998689 0.000849857 -0.160069779 -0.001577408 -0.000852155 0.999998391 5.614243984
0.999998212 0.001232710 0.001389807 0.107609771 -0.001233977 0.999998748 0.000911536 -0.166493222 -0.001388682 -0.000913249 0.999998629 5.881461143
0.999997914 0.001415497 0.001485198 0.113195814 -0.001416488 0.999998689 0.000666521 -0.174722090 -0.001484253 -0.000668624 0.999998689 6.164049149
0.999997973 0.001408568 0.001430238 0.120810963 -0.001409481 0.999998748 0.000637713 -0.180293605 -0.001429339 -0.000639728 0.999998808 6.451513290
0.999996603 0.001800881 0.001881008 0.123952977 -0.001802588 0.999997914 0.000906384 -0.193196863 -0.001879372 -0.000909771 0.999997795 6.739142895
0.999996543 0.001873452 0.001841195 0.132616594 -0.001875147 0.999997735 0.000919479 -0.203015521 -0.001839469 -0.000922928 0.999997795 7.041439056
0.999996066 0.002056700 0.001870170 0.138477892 -0.002058195 0.999997556 0.000797922 -0.210323796 -0.001868524 -0.000801769 0.999997854 7.345661163
0.999996066 0.002002576 0.001961797 0.143908590 -0.002003843 0.999997914 0.000644479 -0.222545013 -0.001960502 -0.000648407 0.999997795 7.648821831
0.999995351 0.002284436 0.002040442 0.149963796 -0.002285666 0.999997258 0.000600733 -0.229713216 -0.002039063 -0.000605394 0.999997675 7.961745739
0.999995470 0.002196811 0.002101264 0.152717426 -0.002198627 0.999997199 0.000862216 -0.241913676 -0.002099364 -0.000866832 0.999997437 8.281639099
0.999995828 0.002059474 0.001978933 0.159588963 -0.002060858 0.999997616 0.000697430 -0.245351896 -0.001977492 -0.000701505 0.999997795 8.616305351
0.999995947 0.002016636 0.002019255 0.171520084 -0.002018223 0.999997675 0.000784103 -0.253839076 -0.002017669 -0.000788175 0.999997675 8.951231003
0.999995887 0.002194099 0.001883778 0.180158302 -0.002195377 0.999997377 0.000676401 -0.266432852 -0.001882289 -0.000680533 0.999998033 9.291250229
0.999994695 0.002412243 0.002160681 0.185038149 -0.002413682 0.999996841 0.000663684 -0.277489960 -0.002159073 -0.000668895 0.999997377 9.624913216
0.999995768 0.002361459 0.001698975 0.192987919 -0.002363126 0.999996722 0.000979781 -0.288339257 -0.001696656 -0.000983792 0.999998033 9.977229118
0.999995172 0.002438012 0.001941337 0.203823835 -0.002439694 0.999996781 0.000864508 -0.297831684 -0.001939223 -0.000869240 0.999997735 10.330843925
0.999995410 0.002348771 0.001875025 0.216133133 -0.002350608 0.999996781 0.000978512 -0.309769273 -0.001872720 -0.000982915 0.999997675 10.691638947
0.999994516 0.002713515 0.001868115 0.220584035 -0.002715572 0.999995708 0.001099506 -0.318892002 -0.001865123 -0.001104573 0.999997675 11.060990334
0.999995410 0.002314834 0.001957711 0.229283378 -0.002316982 0.999996722 0.001095728 -0.332263172 -0.001955169 -0.001100259 0.999997437 11.431352615
0.999994516 0.002751057 0.001833346 0.239964187 -0.002753188 0.999995470 0.001160762 -0.341799766 -0.001830144 -0.001165803 0.999997675 11.812500000
0.999993324 0.003033006 0.002033002 0.243608326 -0.003035434 0.999994636 0.001192442 -0.354317337 -0.002029374 -0.001198605 0.999997139 12.196754456
0.999994457 0.002705419 0.001944517 0.256524324 -0.002708651 0.999994993 0.001661401 -0.369306743 -0.001940012 -0.001666659 0.999996722 12.586619377
0.999994040 0.002633212 0.002216697 0.257425487 -0.002636897 0.999995112 0.001660660 -0.379316151 -0.002212313 -0.001666495 0.999996185 12.996393204
0.999995232 0.002152681 0.002201005 0.267619580 -0.002156949 0.999995768 0.001938519 -0.397451758 -0.002196823 -0.001943257 0.999995708 13.389126778
0.999994099 0.002591625 0.002252921 0.279686183 -0.002595975 0.999994755 0.001930190 -0.408185035 -0.002247907 -0.001936027 0.999995589 13.804091454
0.999994278 0.002288637 0.002495665 0.288388073 -0.002293682 0.999995291 0.002020201 -0.418851852 -0.002491030 -0.002025913 0.999994874 14.216781616
0.999993145 0.002747415 0.002473403 0.299236983 -0.002752016 0.999994397 0.001858477 -0.431648016 -0.002468284 -0.001865271 0.999995232 14.638724327
0.999994040 0.002385171 0.002500990 0.307633877 -0.002389890 0.999995351 0.001885577 -0.442022115 -0.002496481 -0.001891543 0.999995112 15.072102547
0.999992490 0.002783839 0.002699001 0.318116128 -0.002789363 0.999994040 0.002045180 -0.457688957 -0.002693292 -0.002052692 0.999994278 15.492212296
0.999992013 0.002334422 0.003233913 0.321775764 -0.002341137 0.999995112 0.002074404 -0.471883208 -0.003229054 -0.002081959 0.999992609 15.924226761
0.999991894 0.002427893 0.003185976 0.337983698 -0.002434359 0.999994993 0.002027135 -0.482441664 -0.003181038 -0.002034875 0.999992847 16.367946625
0.999990106 0.002618354 0.003574662 0.345655084 -0.002625423 0.999994636 0.001974343 -0.496065497 -0.003569474 -0.001983708 0.999991596 16.814170837
0.999989390 0.002571545 0.003817967 0.353961319 -0.002579663 0.999994397 0.002122751 -0.508501053 -0.003812487 -0.002132578 0.999990463 17.267648697
0.999987841 0.002813220 0.004056282 0.362893373 -0.002823577 0.999992728 0.002549809 -0.518989563 -0.004049080 -0.002561231 0.999988556 17.743364334
0.999987364 0.002583545 0.004313387 0.377495438 -0.002593197 0.999994159 0.002233612 -0.532558560 -0.004307591 -0.002244769 0.999988139 18.196201324
0.999988139 0.002038441 0.004425232 0.390411288 -0.002049665 0.999994695 0.002533194 -0.543316305 -0.004420044 -0.002542234 0.999987006 18.669519424
0.999987245 0.002088762 0.004593038 0.405974090 -0.002100391 0.999994576 0.002528544 -0.562816441 -0.004587733 -0.002538159 0.999986172 19.146749496
0.999983191 0.002901843 0.005017659 0.421362907 -0.002913549 0.999992967 0.002327155 -0.566722691 -0.005010871 -0.002341735 0.999984622 19.640018463
0.999983847 0.002825061 0.004925631 0.426071435 -0.002840298 0.999991179 0.003089284 -0.584953964 -0.004916861 -0.003103224 0.999983072 20.125894547
0.999979615 0.003016773 0.005614190 0.434411407 -0.003033250 0.999991119 0.002928822 -0.600763917 -0.005605304 -0.002945791 0.999979973 20.634450912
0.999981582 0.003558883 0.004917119 0.445428431 -0.003572983 0.999989510 0.002861758 -0.606778085 -0.004906883 -0.002879274 0.999983847 21.146184921
0.999988735 0.002286672 0.004162692 0.467931569 -0.002297367 0.999994040 0.002566185 -0.616749585 -0.004156798 -0.002575720 0.999988019 21.656297684
0.999988973 0.002786101 0.003790191 0.473385453 -0.002795780 0.999992847 0.002550690 -0.621909320 -0.003783057 -0.002561259 0.999989569 22.185255051
0.999991119 0.002557762 0.003352248 0.489642859 -0.002566019 0.999993622 0.002461001 -0.641396344 -0.003345932 -0.002469580 0.999991357 22.684686661
0.999992907 0.002544372 0.002793712 0.499230713 -0.002551716 0.999993265 0.002628315 -0.656989872 -0.002787006 -0.002635425 0.999992669 23.210008621
0.999993980 0.002207770 0.002674780 0.507945895 -0.002214543 0.999994278 0.002531995 -0.669490278 -0.002669175 -0.002537903 0.999993205 23.710412979
0.999997735 0.001350938 0.001676097 0.516692936 -0.001354525 0.999996662 0.002140296 -0.679107308 -0.001673200 -0.002142561 0.999996305 24.243995667
0.999996483 0.002310606 0.001312545 0.534695387 -0.002314016 0.999993920 0.002602249 -0.701644182 -0.001306524 -0.002605278 0.999995768 24.768815994
0.999994338 0.003239601 0.000920258 0.545563102 -0.003241865 0.999991715 0.002469117 -0.714183092 -0.000912251 -0.002472086 0.999996543 25.305322647
0.999994218 0.003387189 0.000373799 0.557480991 -0.003388116 0.999991059 0.002507271 -0.727419674 -0.000365303 -0.002508522 0.999996841 25.841718674
0.999993384 0.003604829 0.000333681 0.562275052 -0.003605648 0.999990344 0.002486706 -0.740508199 -0.000324714 -0.002487894 0.999996841 26.403978348
0.999996185 0.002763633 0.000048996 0.574183762 -0.002763760 0.999992251 0.002810336 -0.751400769 -0.000041228 -0.002810461 0.999996066 26.960727692
0.999995947 0.002572495 -0.001170297 0.595402062 -0.002569580 0.999993563 0.002485354 -0.763084650 0.001176683 -0.002482337 0.999996185 27.521789551
0.999993443 0.003528231 -0.000729213 0.586897194 -0.003526418 0.999990702 0.002472325 -0.783354878 0.000737930 -0.002469738 0.999996603 28.036680222
0.999989390 0.004571817 -0.000545439 0.590617299 -0.004570522 0.999986887 0.002352765 -0.795842648 0.000556188 -0.002350247 0.999997079 28.583892822
0.999989629 0.004446617 -0.000954639 0.600856602 -0.004444043 0.999986470 0.002681733 -0.813287735 0.000966551 -0.002677463 0.999995947 29.135297775
0.999989569 0.004439973 -0.001091744 0.610526979 -0.004437019 0.999986470 0.002694624 -0.826806068 0.001103694 -0.002689752 0.999995768 29.682130814
0.999988377 0.004524733 -0.001649107 0.621303976 -0.004520255 0.999986112 0.002709312 -0.839484870 0.001661343 -0.002701826 0.999994934 30.245666504
0.999988139 0.004569003 -0.001674791 0.634221077 -0.004563944 0.999985039 0.003012310 -0.855142295 0.001688529 -0.003004630 0.999994099 30.789714813
0.999987245 0.004817552 -0.001492723 0.642015278 -0.004813417 0.999984622 0.002761707 -0.872975111 0.001506004 -0.002754487 0.999995053 31.330606461
0.999983549 0.005597591 -0.001291115 0.648231745 -0.005594493 0.999981523 0.002391123 -0.885200024 0.001304475 -0.002383860 0.999996305 31.873750687
0.999983132 0.005563738 -0.001684417 0.655821621 -0.005560148 0.999982417 0.002128498 -0.897130907 0.001696230 -0.002119097 0.999996245 32.431133270
0.999982297 0.005500297 -0.002291193 0.664467514 -0.005494593 0.999981880 0.002488057 -0.909871280 0.002304837 -0.002475424 0.999994218 32.980033875
0.999985695 0.004695353 -0.002547215 0.680496812 -0.004689433 0.999986231 0.002325332 -0.925339580 0.002558098 -0.002313353 0.999994040 33.535095215
0.999981582 0.005057948 -0.003359438 0.687898755 -0.005048341 0.999983191 0.002862235 -0.943320215 0.003373858 -0.002845223 0.999990225 34.095924377
0.999982417 0.004717599 -0.003572681 0.700360298 -0.004708323 0.999985516 0.002600053 -0.955612838 0.003584896 -0.002583186 0.999990225 34.641590118
0.999982834 0.004476632 -0.003771867 0.710499823 -0.004466887 0.999986649 0.002588245 -0.972418785 0.003783403 -0.002571352 0.999989510 35.183105469
0.999982178 0.004199181 -0.004235548 0.723740041 -0.004187518 0.999987364 0.002758652 -0.985784709 0.004247079 -0.002740866 0.999987185 35.729923248
0.999979198 0.004934469 -0.004184973 0.709270716 -0.004924781 0.999985158 0.002321982 -0.998888969 0.004196370 -0.002301323 0.999988556 36.279544830
0.999980569 0.004972343 -0.003775171 0.731852353 -0.004963383 0.999984860 0.002379488 -1.005027175 0.003786946 -0.002360704 0.999989986 36.838569641
0.999980152 0.004863199 -0.004011896 0.719393551 -0.004853637 0.999985278 0.002390087 -1.023841143 0.004023462 -0.002370567 0.999989033 37.388965607
0.999979258 0.004509957 -0.004610446 0.736789525 -0.004499591 0.999987245 0.002256034 -1.039345860 0.004620563 -0.002235242 0.999986827 37.928424835
0.999980271 0.004752143 -0.004098810 0.735158205 -0.004743394 0.999986470 0.002141929 -1.047245622 0.004108933 -0.002122444 0.999989271 38.494438171
0.999979198 0.004535765 -0.004592212 0.742171526 -0.004526169 0.999987543 0.002098040 -1.054309845 0.004601671 -0.002077211 0.999987245 39.059204102
0.999979734 0.004559503 -0.004429024 0.749937356 -0.004547815 0.999986172 0.002645650 -1.083778024 0.004441026 -0.002625454 0.999986649 39.560985565
0.999981165 0.004545460 -0.004118821 0.751514554 -0.004535810 0.999987066 0.002349425 -1.093947649 0.004129448 -0.002330699 0.999988735 40.115875244
0.999980271 0.004656287 -0.004221205 0.762558401 -0.004645912 0.999986172 0.002464320 -1.111003041 0.004232621 -0.002444660 0.999988079 40.661811829
0.999980628 0.005040962 -0.003643431 0.766645551 -0.005034197 0.999985576 0.001863857 -1.116347194 0.003652774 -0.001845479 0.999991655 41.223472595
0.999979794 0.004968971 -0.003956978 0.768044233 -0.004959591 0.999984860 0.002376825 -1.132305503 0.003968728 -0.002357153 0.999989331 41.768798828
0.999976635 0.005455334 -0.004133492 0.779454947 -0.005449044 0.999983966 0.001531928 -1.139859080 0.004141781 -0.001509369 0.999990284 42.321777344
0.999978840 0.005317384 -0.003741972 0.782697737 -0.005310133 0.999984026 0.001945258 -1.155506968 0.003752255 -0.001925346 0.999991119 42.846279144
0.999978006 0.005233356 -0.004061049 0.790218413 -0.005225094 0.999984324 0.002042375 -1.171876669 0.004071674 -0.002021111 0.999989688 43.379745483
0.999978006 0.005269723 -0.004030196 0.807200670 -0.005261542 0.999984086 0.002037950 -1.186350107 0.004040872 -0.002016700 0.999989808 43.925785065
0.999979675 0.004959837 -0.004015250 0.817930102 -0.004949143 0.999984205 0.002669002 -1.202920437 0.004028424 -0.002649075 0.999988377 44.463371277
0.999978721 0.005088829 -0.004106082 0.828157127 -0.005080285 0.999984860 0.002088517 -1.211436629 0.004116649 -0.002067612 0.999989390 45.020435333
0.999975681 0.005823811 -0.003841612 0.835568309 -0.005818658 0.999982178 0.001351048 -1.221722841 0.003849410 -0.001328663 0.999991715 45.568763733
0.999978662 0.005688915 -0.003213715 0.846687794 -0.005683407 0.999982297 0.001719819 -1.238662124 0.003223444 -0.001701518 0.999993384 46.124683380
0.999978602 0.005726092 -0.003165908 0.849200547 -0.005720699 0.999982178 0.001710124 -1.252023220 0.003175645 -0.001691976 0.999993503 46.672836304
0.999976575 0.006063219 -0.003198968 0.861413360 -0.006058157 0.999980450 0.001589221 -1.262613773 0.003208542 -0.001569804 0.999993622 47.220485687
0.999979973 0.005328431 -0.003418035 0.871615767 -0.005320438 0.999983072 0.002343280 -1.283964634 0.003430463 -0.002325048 0.999991417 47.769107819
0.999978602 0.005644040 -0.003315489 0.880380750 -0.005638313 0.999982595 0.001733637 -1.294888496 0.003325217 -0.001714906 0.999993026 48.317852020
0.999979138 0.005717017 -0.003000540 0.888764620 -0.005710946 0.999981642 0.002027700 -1.310686111 0.003012078 -0.002010521 0.999993443 48.857105255
0.999977231 0.005989003 -0.003105142 0.896473825 -0.005984243 0.999980986 0.001540082 -1.322151184 0.003114306 -0.001521465 0.999993980 49.404632568
0.999975383 0.006391120 -0.002899534 0.909547925 -0.006386848 0.999978483 0.001479855 -1.334835052 0.002908929 -0.001461300 0.999994695 49.953330994
0.999975562 0.006408659 -0.002765734 0.913256526 -0.006404052 0.999978065 0.001672117 -1.348503709 0.002776389 -0.001654365 0.999994755 50.494770050
0.999975204 0.006569806 -0.002531933 0.920791090 -0.006566322 0.999977469 0.001380863 -1.363959908 0.002540948 -0.001364203 0.999995828 51.035007477
0.999974430 0.006765801 -0.002308536 0.931146324 -0.006762176 0.999975860 0.001574199 -1.379603505 0.002319131 -0.001558547 0.999996126 51.575847626
0.999974728 0.006642379 -0.002507380 0.939464927 -0.006638018 0.999976456 0.001743650 -1.394847631 0.002518902 -0.001726962 0.999995351 52.111328125
0.999974132 0.006717933 -0.002569673 0.948371887 -0.006713230 0.999975801 0.001835364 -1.415206552 0.002581941 -0.001818066 0.999994993 52.639049530
0.999975741 0.006538251 -0.002406007 0.952854753 -0.006533470 0.999976695 0.001989913 -1.429776549 0.002418962 -0.001974145 0.999995112 53.186489105
0.999976635 0.006347893 -0.002533638 0.963279486 -0.006343333 0.999978244 0.001804362 -1.445750594 0.002545037 -0.001788248 0.999995172 53.730041504
0.999975443 0.006536407 -0.002518293 0.975601315 -0.006532763 0.999977589 0.001452293 -1.459722161 0.002527729 -0.001435806 0.999995768 54.282657623
0.999974847 0.006569798 -0.002678784 0.981649995 -0.006565546 0.999977171 0.001593150 -1.474514365 0.002689190 -0.001575522 0.999995172 54.829795837
0.999973893 0.006375727 -0.003381958 0.995277822 -0.006371068 0.999978721 0.001386723 -1.485681295 0.003390728 -0.001365139 0.999993384 55.381072998
0.999976099 0.006356208 -0.002709709 0.998094916 -0.006351948 0.999978602 0.001577556 -1.498537421 0.002719676 -0.001560307 0.999995053 55.918788910
0.999976277 0.006290227 -0.002789932 1.005952954 -0.006284947 0.999978423 0.001897797 -1.513379455 0.002801810 -0.001880217 0.999994278 56.464366913
0.999974906 0.006495672 -0.002827231 1.015490174 -0.006491297 0.999977708 0.001553767 -1.527774334 0.002837260 -0.001535375 0.999994755 57.011997223
0.999973238 0.006969975 -0.002212827 1.017856598 -0.006966932 0.999974787 0.001380162 -1.539773822 0.002222389 -0.001364708 0.999996543 57.550785065
0.999972284 0.007021004 -0.002465458 1.030771255 -0.007018227 0.999974787 0.001132927 -1.555817246 0.002473349 -0.001115592 0.999996245 58.092514038
0.999975920 0.006655056 -0.001968781 1.034819365 -0.006652745 0.999977171 0.001178370 -1.565915346 0.001976579 -0.001165244 0.999997377 58.653968811
0.999972403 0.007100151 -0.002168276 1.044474840 -0.007096732 0.999973536 0.001580148 -1.576875925 0.002179437 -0.001564717 0.999996364 59.208194733
0.999976993 0.006432298 -0.002130163 1.052483678 -0.006430453 0.999978960 0.000872222 -1.594784498 0.002135727 -0.000858504 0.999997318 59.736827850
0.999976099 0.006472571 -0.002468708 1.065806508 -0.006470741 0.999978781 0.000748930 -1.607961178 0.002473502 -0.000732938 0.999996662 60.289863586
0.999977291 0.006101077 -0.002851660 1.077351570 -0.006097890 0.999980748 0.001125070 -1.622027040 0.002858469 -0.001107656 0.999995291 60.842597961
0.999977171 0.006216900 -0.002623208 1.086460590 -0.006215719 0.999980569 0.000457283 -1.630130291 0.002626000 -0.000440968 0.999996483 61.398147583
0.999978721 0.006132977 -0.002235465 1.099503517 -0.006131272 0.999980927 0.000768481 -1.647531748 0.002240136 -0.000754758 0.999997199 61.945899963
0.999977589 0.006133802 -0.002659403 1.108467579 -0.006130828 0.999980509 0.001125016 -1.665883422 0.002666251 -0.001108686 0.999995828 62.490566254
0.999974906 0.006791989 -0.002013987 1.115739346 -0.006790985 0.999976814 0.000505365 -1.679787397 0.002017372 -0.000491675 0.999997854 63.036468506
0.999974251 0.006893460 -0.001997102 1.124468088 -0.006892932 0.999976218 0.000271995 -1.688705087 0.001998929 -0.000258222 0.999997914 63.587806702
0.999973893 0.007050946 -0.001572563 1.132070899 -0.007050570 0.999975026 0.000245459 -1.712160110 0.001574255 -0.000234366 0.999998748 64.129440308
0.999973476 0.007241354 -0.000939054 1.136663198 -0.007241424 0.999973893 -0.000071342 -1.722319245 0.000938513 0.000078140 0.999999523 64.677986145
0.999973834 0.007106923 -0.001342768 1.150264025 -0.007106645 0.999974728 0.000212000 -1.740080595 0.001344241 -0.000202452 0.999999046 65.236129761
0.999973357 0.007188050 -0.001245270 1.163801193 -0.007187416 0.999974012 0.000512101 -1.756432414 0.001248919 -0.000503137 0.999999106 65.778427124
0.999972165 0.007380374 -0.001039334 1.173790336 -0.007379887 0.999972641 0.000470893 -1.770218372 0.001042781 -0.000463210 0.999999344 66.317298889
0.999968529 0.007916258 -0.000565922 1.177813649 -0.007916145 0.999968648 0.000201506 -1.786316276 0.000567500 -0.000197020 0.999999821 66.879714966
0.999965310 0.008290364 -0.000816436 1.188458920 -0.008289532 0.999965131 0.001017531 -1.813771725 0.000824843 -0.001010728 0.999999106 67.408126831
0.999965191 0.008265776 -0.001140748 1.202880383 -0.008265305 0.999965727 0.000417785 -1.819811463 0.001144162 -0.000408342 0.999999285 67.946174622
0.999964058 0.008382387 -0.001289701 1.212625742 -0.008382425 0.999964833 -0.000022338 -1.834697723 0.001289469 0.000033148 0.999999225 68.483680725
0.999964774 0.008356436 -0.000807879 1.220969558 -0.008356110 0.999965012 0.000405839 -1.850815296 0.000811242 -0.000399074 0.999999583 68.999092102
0.999959648 0.008955446 -0.000701870 1.223019838 -0.008954779 0.999959469 0.000944916 -1.868567586 0.000710304 -0.000938592 0.999999285 69.505340576
0.999947667 0.010217019 -0.000421918 1.232673287 -0.010216839 0.999947727 0.000425240 -1.882619500 0.000426241 -0.000420907 0.999999821 70.053230286
0.999957681 0.009201610 -0.000112653 1.237586141 -0.009201511 0.999957323 0.000857086 -1.895076752 0.000120534 -0.000856013 0.999999583 70.574012756
0.999947071 0.010279448 0.000316696 1.250473142 -0.010279767 0.999946654 0.001024476 -1.919079423 -0.000306148 -0.001027677 0.999999404 71.147697449
0.999960482 0.008885604 -0.000261999 1.258565545 -0.008885301 0.999959886 0.001146033 -1.930817127 0.000272172 -0.001143660 0.999999285 71.606834412
0.999962747 0.008627264 -0.000355160 1.266949654 -0.008626726 0.999961793 0.001484302 -1.948353767 0.000367952 -0.001481183 0.999998808 72.130760193
0.999956667 0.009299543 -0.000262726 1.275801659 -0.009299231 0.999956012 0.001165548 -1.957344413 0.000273553 -0.001163054 0.999999285 72.665786743
0.999958277 0.009129934 -0.000102989 1.284863234 -0.009129758 0.999957025 0.001617351 -1.979274511 0.000117751 -0.001616343 0.999998629 73.187500000
0.999957740 0.009180740 -0.000340676 1.292161584 -0.009180206 0.999956608 0.001545151 -1.986449957 0.000354847 -0.001541958 0.999998689 73.714035034
0.999957860 0.009177068 -0.000238752 1.300732970 -0.009176823 0.999957323 0.001012596 -2.000588655 0.000248035 -0.001010362 0.999999464 74.226425171
0.999959946 0.008931498 -0.000606474 1.317211151 -0.008930851 0.999959588 0.001057812 -2.009927988 0.000615897 -0.001052353 0.999999285 74.743904114
0.999955297 0.009435750 -0.000510502 1.322684050 -0.009435261 0.999955058 0.000953376 -2.021212816 0.000519475 -0.000948517 0.999999344 75.268913269
0.999955893 0.009390039 -0.000290745 1.332497716 -0.009389720 0.999955297 0.001087531 -2.036627769 0.000300944 -0.001084753 0.999999344 75.776115417
0.999947548 0.010235659 0.000046574 1.335662961 -0.010235702 0.999947131 0.001010409 -2.049494743 -0.000036229 -0.001010833 0.999999464 76.282859802
0.999947369 0.010253608 0.000093374 1.347184181 -0.010253706 0.999946833 0.001103866 -2.065628529 -0.000082051 -0.001104765 0.999999404 76.793739319
0.999949396 0.010059630 0.000065953 1.359632730 -0.010059651 0.999949336 0.000357238 -2.065440893 -0.000062356 -0.000357883 0.999999881 77.329368591
0.999943733 0.010602664 -0.000355575 1.372304440 -0.010602649 0.999943793 0.000043208 -2.066169024 0.000356013 -0.000039436 0.999999940 77.848365784
0.999943197 0.010650778 0.000416387 1.371981740 -0.010650468 0.999942958 -0.000741515 -2.073302507 -0.000424261 0.000737038 0.999999583 78.365432739
0.999942243 0.010715993 0.000793165 1.383440614 -0.010715504 0.999942362 -0.000617801 -2.088088274 -0.000799740 0.000609266 0.999999464 78.914794922
0.999937356 0.011166217 0.000797146 1.384341598 -0.011167113 0.999936998 0.001128023 -2.136116743 -0.000784500 -0.001136855 0.999999046 79.360168457
0.999937415 0.011124175 0.001134482 1.390759945 -0.011125046 0.999937832 0.000763801 -2.150738478 -0.001125915 -0.000776374 0.999998987 79.883079529
0.999934316 0.011226981 0.002270017 1.399721742 -0.011228025 0.999936819 0.000447707 -2.161594868 -0.002264847 -0.000473165 0.999997318 80.421333313
0.999939740 0.010582634 0.002922929 1.418898821 -0.010584584 0.999943793 0.000652644 -2.181559324 -0.002915858 -0.000683543 0.999995530 80.949089050
0.999938369 0.010337433 0.004038419 1.432890892 -0.010338014 0.999946535 0.000122911 -2.194345713 -0.004036932 -0.000164653 0.999991834 81.507797241
0.999933004 0.010269784 0.005338528 1.437386632 -0.010271085 0.999947190 0.000216591 -2.205963135 -0.005336022 -0.000271409 0.999985754 82.012222290
0.999905407 0.010585814 0.008775479 1.455717444 -0.010590752 0.999943793 0.000516261 -2.230866909 -0.008769520 -0.000609151 0.999961376 82.554733276
0.999862850 0.010583586 0.012740249 1.467219472 -0.010586454 0.999944091 0.000157519 -2.241807222 -0.012737867 -0.000292372 0.999918818 83.091491699
0.999812782 0.011120014 0.015841505 1.487344861 -0.011126339 0.999938190 0.000311356 -2.258059263 -0.015837064 -0.000487556 0.999874413 83.637168884
0.999740720 0.011044854 0.019911265 1.519348264 -0.011046424 0.999938905 -0.000031219 -2.275947809 -0.019910393 -0.000188738 0.999801695 84.184051514
0.999608696 0.010859490 0.025777692 1.547061920 -0.010864102 0.999940991 0.000038858 -2.288208723 -0.025775744 -0.000318894 0.999667704 84.713409424
0.999414444 0.011733264 0.032146018 1.586814404 -0.011755739 0.999930739 0.000510205 -2.315401793 -0.032137807 -0.000887806 0.999483049 85.244499207
0.999220788 0.010950102 0.037917946 1.620568871 -0.010947225 0.999940038 -0.000283465 -2.321727753 -0.037918780 -0.000131853 0.999280810 85.799842834
0.998869002 0.011132422 0.046223979 1.662110567 -0.011137666 0.999937952 -0.000144096 -2.343195438 -0.046222709 -0.000370895 0.998931050 86.345680237
0.998443365 0.011326856 0.054612834 1.715481997 -0.011329145 0.999935806 -0.000267680 -2.368631124 -0.054612357 -0.000351454 0.998507559 86.892204285
0.998056531 0.010768844 0.061376717 1.770133972 -0.010765027 0.999942005 -0.000392875 -2.383150816 -0.061377384 -0.000268611 0.998114586 87.457191467
0.997425139 0.010358771 0.070963562 1.823623180 -0.010333558 0.999946356 -0.000722399 -2.395269632 -0.070967227 -0.000012767 0.997478664 88.018554688
0.996693373 0.011021554 0.080503024 1.896608829 -0.011008035 0.999939203 -0.000611733 -2.422133207 -0.080504872 -0.000276471 0.996754110 88.552642822
0.995958447 0.010750443 0.089169368 1.966418266 -0.010717408 0.999942243 -0.000849258 -2.429895163 -0.089173347 -0.000109839 0.996016085 89.098243713
0.995229125 0.011210656 0.096919231 2.011875629 -0.011206888 0.999937057 -0.000583261 -2.458256006 -0.096919671 -0.000505685 0.995292068 89.650794983
0.994221866 0.010709229 0.106809132 2.098772526 -0.010712610 0.999942422 -0.000542101 -2.499488354 -0.106808804 -0.000605236 0.994279385 90.191482544
0.993051350 0.009874090 0.117266491 2.186419487 -0.009841681 0.999951184 -0.000855437 -2.500102997 -0.117269218 -0.000304607 0.993100107 90.730300903
0.991900086 0.009224983 0.126685172 2.273138046 -0.009150206 0.999957442 -0.001172212 -2.519163132 -0.126690596 0.000003522 0.991942286 91.262695312
0.990369916 0.009626408 0.138111085 2.390571594 -0.009647744 0.999953270 -0.000514955 -2.552500010 -0.138109624 -0.000822465 0.990416527 91.826904297
0.988541424 0.009723570 0.150636286 2.485968590 -0.009693944 0.999952555 -0.000931010 -2.570919752 -0.150638208 -0.000539918 0.988588750 92.347717285
0.986815393 0.008995093 0.161599964 2.597604752 -0.008912953 0.999959528 -0.001233232 -2.582669973 -0.161604509 -0.000223360 0.986855567 92.893249512
0.985144198 0.009080769 0.171489060 2.720802307 -0.009089691 0.999958396 -0.000733183 -2.608988285 -0.171488553 -0.000836491 0.985185742 93.449729919
0.982788801 0.009300466 0.184498921 2.838671684 -0.009307437 0.999956310 -0.000828279 -2.624024391 -0.184498549 -0.000903188 0.982832313 93.988616943
0.980476201 0.008253237 0.196464494 2.986768723 -0.008197520 0.999965906 -0.001096801 -2.647109985 -0.196466863 -0.000535134 0.980510294 94.522651672
0.978292942 0.008462709 0.207054257 3.102859497 -0.008506930 0.999963582 -0.000676792 -2.662523508 -0.207052425 -0.001099295 0.978329182 95.041030884
0.975456357 0.008159790 0.220041603 3.269672394 -0.008135263 0.999966383 -0.001017621 -2.682649136 -0.220042482 -0.000797451 0.975489974 95.631721497
0.972353458 0.007656596 0.233388603 3.417907715 -0.007488480 0.999970675 -0.001606430 -2.691475868 -0.233394057 -0.000185708 0.972382188 96.163970947
0.969579399 0.006610622 0.244687706 3.574676514 -0.006225788 0.999977887 -0.002346168 -2.705111027 -0.244697779 0.000751423 0.969599068 96.682098389
0.966866195 0.005448658 0.255225569 3.842735291 -0.004835473 0.999983728 -0.003029919 -2.747878313 -0.255237848 0.001695390 0.966876805 97.559585571
0.963139892 0.007021956 0.268908858 3.944465637 -0.006519753 0.999974906 -0.002760579 -2.712952137 -0.268921494 0.000905605 0.963161588 98.161262512
0.959670126 0.004660905 0.281089842 4.199798584 -0.003969416 0.999987543 -0.003029339 -2.785545826 -0.281100541 0.001791404 0.959676683 98.620155334
0.956333816 0.003883232 0.292250991 4.386056900 -0.003183068 0.999990821 -0.002871229 -2.802068233 -0.292259455 0.001815598 0.956337392 99.142463684
0.951928914 0.005531154 0.306269050 4.582462311 -0.005258617 0.999984682 -0.001714965 -2.845440865 -0.306273878 0.000021973 0.951943398 99.622497559
0.947591305 0.003318605 0.319468021 4.787748337 -0.002558051 0.999992788 -0.002800263 -2.837820053 -0.319475055 0.001836290 0.947592974 100.160469055
0.943590760 0.003551884 0.331094891 4.997890472 -0.002737627 0.999991953 -0.002925617 -2.856490135 -0.331102639 0.001854171 0.943592906 100.665313721
0.938823044 0.002744665 0.344388992 5.206214905 -0.001829845 0.999993861 -0.002981362 -2.872700214 -0.344395101 0.002168792 0.938822210 101.170310974
0.933654189 0.002335356 0.358168125 5.426029205 -0.001285012 0.999994159 -0.003170539 -2.889127731 -0.358173460 0.002499937 0.933651686 101.677734375
0.928910613 0.001235644 0.370301664 5.651203156 -0.000196848 0.999995947 -0.002843047 -2.910953999 -0.370303690 0.002568044 0.928907156 102.146110535
0.924140155 0.001686645 0.382049859 5.886075974 -0.000913102 0.999997139 -0.002206009 -2.939836502 -0.382052541 0.001689812 0.924139082 102.687995911
0.918348432 0.001125642 0.395771384 6.131107330 -0.000502206 0.999998450 -0.001678849 -2.957972527 -0.395772696 0.001343009 0.918347538 103.181282043
0.912115574 0.001700762 0.409929484 6.361427307 -0.001151868 0.999998093 -0.001585935 -2.969151020 -0.409931332 0.000974372 0.912115872 103.666908264
0.907438576 0.000755805 0.420184076 6.617507935 -0.000159392 0.999998927 -0.001454519 -2.990962505 -0.420184731 0.001252913 0.907437801 104.134651184
0.901640296 -0.000038851 0.432486743 6.893577576 0.001008239 0.999997497 -0.002012125 -3.012736797 -0.432485521 0.002250263 0.901638031 104.684700012
0.894373477 0.000842791 0.447320312 7.095291138 -0.000622523 0.999999583 -0.000639413 -3.084118366 -0.447320670 0.000293407 0.894373596 105.188438416
0.888860106 0.000234201 0.458178729 7.432575226 0.000535504 0.999998748 -0.001550027 -3.044185877 -0.458178490 0.001623113 0.888858736 105.662971497
0.883176684 -0.000568160 0.469040096 7.709571838 0.001430770 0.999997795 -0.001482738 -3.077895641 -0.469038248 0.001980608 0.883175611 106.109954834
0.876049161 -0.001230380 0.482220232 8.008045197 0.002361218 0.999995649 -0.001738143 -3.086896181 -0.482216030 0.002661325 0.876048267 106.577377319
0.868261635 -0.001207323 0.496104985 8.278350830 0.002152259 0.999996722 -0.001333194 -3.113294601 -0.496101737 0.002225308 0.868261456 107.039039612
0.862234175 -0.000988753 0.506508648 8.570934296 0.001579855 0.999998450 -0.000737309 -3.131317377 -0.506507158 0.001435943 0.862234533 107.497962952
0.854141116 -0.001261928 0.520039797 8.868392944 0.002108012 0.999997258 -0.001035720 -3.150087595 -0.520037055 0.001980901 0.854141414 107.948165894
