1.000000000 0.000000000 0.000000000 0.000000000 0.000000000 1.000000000 0.000000000 0.000000000 0.000000000 0.000000000 1.000000000 0.000000000
1.000000000 0.000022091 0.000034169 0.000299164 -0.000022095 1.000000000 0.000119958 -0.000719610 -0.000034166 -0.000119958 1.000000000 -0.000335764
1.000000000 0.000082676 -0.000121098 0.001030475 -0.000082669 1.000000000 0.000061889 -0.000695851 0.000121103 -0.000061879 1.000000000 -0.000774609
1.000000000 0.000019766 -0.000029210 0.000075889 -0.000019765 1.000000000 0.000047965 -0.000552314 0.000029211 -0.000047964 1.000000000 0.000346225
1.000000000 0.000080027 -0.000022391 -0.000486756 -0.000080027 1.000000000 0.000013484 -0.000120817 0.000022392 -0.000013482 1.000000000 -0.000481761
1.000000000 0.000060046 -0.000066905 -0.000177211 -0.000060047 1.000000000 -0.000024894 -0.000123832 0.000066903 0.000024898 1.000000000 -0.000400139
1.000000000 0.000069177 -0.000092124 0.000740530 -0.000069179 1.000000000 -0.000025999 -0.000604238 0.000092123 0.000026006 1.000000000 -0.001415872
1.000000000 -0.000004730 -0.000075515 0.001022243 0.000004725 1.000000000 -0.000058875 0.000200555 0.000075515 0.000058875 1.000000000 -0.000343653
1.000000000 -0.000102879 0.000053964 0.000425593 0.000102880 1.000000000 -0.000014774 -0.000465652 -0.000053962 0.000014779 1.000000000 -0.001492003
1.000000000 -0.000199052 -0.000030160 0.000866083 0.000199049 1.000000000 -0.000099091 0.001438461 0.000030179 0.000099085 1.000000000 0.002597831
1.000000000 -0.000091274 -0.000041352 0.000407070 0.000091274 1.000000000 -0.000003537 -0.000015805 0.000041353 0.000003533 1.000000000 0.001823205
1.000000000 -0.000049335 0.000080733 -0.000655928 0.000049349 1.000000000 -0.000169989 0.001976235 -0.000080725 0.000169993 1.000000000 0.002850746
1.000000000 -0.000141819 0.000012403 -0.000509822 0.000141818 1.000000000 0.000053259 0.000281219 -0.000012411 -0.000053257 1.000000000 0.001452737
1.000000000 -0.000101698 0.000017955 -0.000287140 0.000101697 1.000000000 0.000081614 0.000001441 -0.000017964 -0.000081612 1.000000000 0.001174902
1.000000000 -0.000161031 -0.000118541 0.000830569 0.000161043 1.000000000 0.000098670 -0.000783925 0.000118525 -0.000098689 1.000000000 0.000302330
1.000000000 -0.000045857 -0.000018980 -0.000363438 0.000045858 1.000000000 0.000012486 -0.000408830 0.000018979 -0.000012486 1.000000000 -0.000375374
0.999999940 0.000221910 0.000187895 -0.001952336 -0.000221928 1.000000000 0.000098449 -0.000638656 -0.000187873 -0.000098491 1.000000000 -0.000121559
1.000000000 -0.000006519 -0.000145609 0.000376186 0.000006505 1.000000000 -0.000092693 0.000591333 0.000145610 0.000092692 1.000000000 0.000410403
1.000000000 -0.000210970 -0.000008256 0.000316955 0.000210970 1.000000000 0.000008137 -0.000243234 0.000008254 -0.000008139 1.000000000 0.000668852
1.000000000 -0.000022804 0.000093659 -0.000042648 0.000022803 1.000000000 0.000013101 -0.000270936 -0.000093659 -0.000013099 1.000000000 0.000589843
1.000000000 0.000017974 -0.000001985 -0.000700789 -0.000017974 1.000000000 -0.000056024 0.000474658 0.000001984 0.000056024 1.000000000 0.001460837
1.000000000 -0.000095843 -0.000062597 0.000042149 0.000095841 1.000000000 -0.000029976 0.000774012 0.000062600 0.000029970 1.000000000 0.000635856
1.000000000 -0.000051044 -0.000042746 0.000988779 0.000051045 1.000000000 0.000022201 0.000273610 0.000042745 -0.000022203 1.000000000 0.001684480
1.000000000 -0.000001954 0.000161835 -0.000613397 0.000001959 1.000000000 -0.000028740 0.001007136 -0.000161835 0.000028740 1.000000000 -0.000051975
1.000000000 -0.000029469 -0.000098484 0.000919041 0.000029469 1.000000000 -0.000000420 0.000616032 0.000098484 0.000000417 1.000000000 0.001260450
1.000000000 0.000073857 0.000004656 -0.000450974 -0.000073857 1.000000000 -0.000137365 0.001287318 -0.000004666 0.000137365 1.000000000 0.000449278
1.000000000 -0.000011201 0.000023782 -0.000191477 0.000011205 1.000000000 -0.000163545 0.000470720 -0.000023781 0.000163545 1.000000000 -0.000546258
1.000000000 -0.000034859 -0.000064711 0.000239769 0.000034851 1.000000000 -0.000130520 0.000790054 0.000064715 0.000130518 1.000000000 0.000238277
1.000000000 -0.000034087 -0.000015289 -0.001016226 0.000034087 1.000000000 0.000008985 0.001563418 0.000015289 -0.000008985 1.000000000 0.002637383
1.000000000 0.000017245 0.000161331 -0.001239264 -0.000017237 1.000000000 -0.000050949 0.001211470 -0.000161331 0.000050946 1.000000000 0.001709996
1.000000000 -0.000046933 -0.000024500 0.000112602 0.000046933 1.000000000 0.000013786 0.000561061 0.000024500 -0.000013788 1.000000000 -0.000115159
1.000000000 0.000054936 0.000115449 -0.001732341 -0.000054937 1.000000000 0.000006445 0.000562565 -0.000115448 -0.000006452 1.000000000 0.001475858
1.000000000 -0.000113422 0.000081468 -0.001123773 0.000113426 1.000000000 -0.000044790 0.000358135 -0.000081463 0.000044799 1.000000000 0.001681943
1.000000000 -0.000105865 0.000033400 -0.000713530 0.000105865 1.000000000 0.000007649 0.000973704 -0.000033401 -0.000007645 1.000000000 0.001923151
1.000000000 -0.000067237 0.000135639 -0.001478275 0.000067247 1.000000000 -0.000075017 0.002151777 -0.000135634 0.000075026 1.000000000 0.003637886
1.000000000 0.000088199 0.000166950 -0.002389855 -0.000088185 1.000000000 -0.000087551 0.002636448 -0.000166958 0.000087537 1.000000000 0.003532879
1.000000000 -0.000207539 0.000049914 -0.000807264 0.000207537 1.000000000 0.000025555 0.000764803 -0.000049920 -0.000025544 1.000000000 0.001792286
1.000000000 -0.000037143 0.000066292 -0.001114658 0.000037139 1.000000000 0.000065569 0.000817707 -0.000066295 -0.000065567 1.000000000 0.001440000
1.000000000 -0.000141546 0.000011708 -0.000485809 0.000141546 1.000000000 -0.000046673 0.001374888 -0.000011701 0.000046675 1.000000000 0.001934195
0.999999940 -0.000021331 0.000262825 -0.001894992 0.000021326 1.000000000 0.000017078 -0.000339288 -0.000262825 -0.000017072 0.999999940 0.002098499
0.999999940 -0.000089747 0.000323638 -0.001486847 0.000089972 0.999999762 -0.000696962 -0.001442135 -0.000323576 0.000696991 0.999999702 0.052536942
0.999999940 0.000176392 0.000212732 -0.000119084 -0.000176119 0.999999166 -0.001280194 -0.004549531 -0.000212958 0.001280157 0.999999166 0.134311363
0.999999881 0.000473621 0.000016865 0.003262760 -0.000473595 0.999998748 -0.001490630 -0.003881127 -0.000017571 0.001490622 0.999998868 0.254730433
0.999999940 0.000303189 0.000053926 0.004367650 -0.000303125 0.999999225 -0.001196962 -0.013658042 -0.000054289 0.001196946 0.999999285 0.382771969
0.999999940 0.000334325 0.000117208 0.007265725 -0.000334201 0.999999404 -0.001051378 -0.017109184 -0.000117559 0.001051338 0.999999464 0.526422203
0.999999940 0.000254408 0.000079385 0.012709796 -0.000254322 0.999999404 -0.001079829 -0.020007916 -0.000079660 0.001079809 0.999999404 0.680282354
1.000000000 -0.000098799 0.000162918 0.016733980 0.000098955 0.999999523 -0.000958402 -0.022024835 -0.000162823 0.000958418 0.999999523 0.851596534
0.999999881 0.000442475 0.000226059 0.014855543 -0.000442312 0.999999642 -0.000716864 -0.026995132 -0.000226376 0.000716764 0.999999702 1.016730666
0.999999940 0.000092928 0.000236174 0.017943831 -0.000092863 0.999999940 -0.000275493 -0.034416154 -0.000236200 0.000275471 0.999999940 1.189520001
0.999999821 0.000442577 0.000355528 0.018190576 -0.000442376 0.999999762 -0.000567039 -0.035851944 -0.000355779 0.000566881 0.999999762 1.375649810
0.999999940 0.000374315 0.000084134 0.029408934 -0.000374263 0.999999762 -0.000615216 -0.043216795 -0.000084364 0.000615184 0.999999821 1.575573206
0.999999225 0.000968134 0.000800338 0.024174152 -0.000967807 0.999999464 -0.000409201 -0.047490697 -0.000800734 0.000408426 0.999999583 1.767650366
0.999999940 0.000335801 -0.000013893 0.041169681 -0.000335808 0.999999821 -0.000467565 -0.049639210 0.000013736 0.000467570 0.999999881 1.963057876
0.999999642 0.000442865 0.000741412 0.031575486 -0.000442331 0.999999642 -0.000719756 -0.052709188 -0.000741731 0.000719428 0.999999464 2.184794664
0.999999166 0.000818728 0.000972020 0.031649627 -0.000818283 0.999999583 -0.000458479 -0.066225797 -0.000972395 0.000457683 0.999999404 2.383958817
0.999999404 0.000558245 -0.000969491 0.065187648 -0.000558265 0.999999762 -0.000020695 -0.078419521 0.000969479 0.000021236 0.999999523 2.604741096
0.999999881 -0.000151158 -0.000549760 0.072692156 0.000151337 0.999999881 0.000325033 -0.090226620 0.000549711 -0.000325117 0.999999821 2.822369337
0.999999106 0.000748697 -0.001109534 0.074631393 -0.000748701 0.999999702 -0.000002952 -0.091380656 0.001109532 0.000003783 0.999999344 3.063181877
0.999998987 0.000439635 -0.001363007 0.085273281 -0.000439928 0.999999821 -0.000214776 -0.096484512 0.001362912 0.000215376 0.999998987 3.297275543
0.999999285 0.000038952 -0.001227316 0.088872656 -0.000038773 1.000000000 0.000145576 -0.108180173 0.001227322 -0.000145528 0.999999225 3.535903692
0.999999285 0.000229441 -0.001164777 0.092570998 -0.000229208 0.999999940 0.000200167 -0.112343214 0.001164823 -0.000199900 0.999999285 3.802530766
0.999999225 0.000649957 -0.000995516 0.094413258 -0.000650119 0.999999702 -0.000162629 -0.115151092 0.000995410 0.000163276 0.999999523 4.065213680
0.999999404 0.000683402 -0.000838720 0.096833006 -0.000683061 0.999999702 0.000406779 -0.125843927 0.000838998 -0.000406206 0.999999583 4.314971924
0.999999702 0.000304286 -0.000701038 0.100124776 -0.000304003 0.999999881 0.000403550 -0.129872665 0.000701161 -0.000403337 0.999999702 4.564490318
0.999999166 0.000491634 -0.001217483 0.115208559 -0.000491496 0.999999821 0.000113683 -0.135701627 0.001217538 -0.000113085 0.999999225 4.828203678
0.999999344 0.000391102 -0.001097538 0.116926208 -0.000390996 0.999999940 0.000097081 -0.138513088 0.001097576 -0.000096652 0.999999344 5.092039585
0.999998987 0.001032701 -0.000900996 0.119894043 -0.001032836 0.999999583 -0.000150179 -0.148239806 0.000900841 0.000151109 0.999999583 5.351626873
0.999998927 0.001050198 -0.001082036 0.133984447 -0.001050141 0.999999464 0.000053404 -0.155557796 0.001082091 -0.000052267 0.999999404 5.612672329
0.999999583 0.000403588 -0.000848688 0.127988830 -0.000403213 0.999999821 0.000443025 -0.168327585 0.000848867 -0.000442682 0.999999523 5.873672962
0.999999464 0.000206959 -0.000956435 0.135459661 -0.000206271 0.999999762 0.000720231 -0.178053841 0.000956584 -0.000720034 0.999999285 6.151478767
0.999999702 0.000494951 -0.000546621 0.137406915 -0.000494519 0.999999523 0.000790208 -0.185640112 0.000547012 -0.000789937 0.999999523 6.432707310
0.999999821 0.000321116 -0.000562413 0.145126358 -0.000320762 0.999999762 0.000629244 -0.196830645 0.000562615 -0.000629063 0.999999642 6.705149651
0.999999464 0.000702589 -0.000728286 0.150420994 -0.000702229 0.999999762 0.000495105 -0.203854814 0.000728634 -0.000494593 0.999999583 7.011270523
0.999999702 0.000142684 -0.000720064 0.157727867 -0.000142370 0.999999940 0.000435336 -0.209516838 0.000720126 -0.000435233 0.999999642 7.306846619
0.999999762 0.000399742 -0.000537109 0.163551822 -0.000399559 0.999999881 0.000339398 -0.219435930 0.000537245 -0.000339183 0.999999821 7.620425701
0.999999523 0.000548497 -0.000771629 0.177549288 -0.000547719 0.999999285 0.001007963 -0.239443123 0.000772181 -0.001007540 0.999999166 7.917761326
0.999999702 0.000329134 -0.000683748 0.171070576 -0.000328768 0.999999762 0.000535631 -0.238021031 0.000683924 -0.000535406 0.999999642 8.257340431
0.999999881 0.000364612 -0.000308350 0.179413304 -0.000364349 0.999999583 0.000853447 -0.254924983 0.000308661 -0.000853335 0.999999583 8.572746277
0.999999940 -0.000051165 -0.000260186 0.192995638 0.000051437 0.999999404 0.001041982 -0.265016049 0.000260133 -0.001041995 0.999999404 8.903234482
0.999999940 0.000191750 -0.000351099 0.192529783 -0.000191438 0.999999642 0.000890072 -0.275315166 0.000351269 -0.000890005 0.999999583 9.250026703
0.999999762 0.000319578 -0.000573780 0.198143840 -0.000319147 0.999999642 0.000750363 -0.279700220 0.000574019 -0.000750179 0.999999583 9.590492249
0.999999523 -0.000111029 -0.000902263 0.208626449 0.000111776 0.999999583 0.000827263 -0.288436383 0.000902170 -0.000827364 0.999999344 9.938786507
0.999999702 0.000105970 -0.000665122 0.216933846 -0.000105322 0.999999464 0.000974392 -0.302839071 0.000665225 -0.000974322 0.999999285 10.292210579
0.999999642 0.000583216 -0.000480165 0.214503363 -0.000582822 0.999999523 0.000817958 -0.309659898 0.000480642 -0.000817678 0.999999464 10.646708488
0.999999821 -0.000090811 -0.000635876 0.221860617 0.000091180 0.999999881 0.000581193 -0.314381570 0.000635823 -0.000581251 0.999999583 11.022981644
0.999999762 0.000281934 -0.000531197 0.231498569 -0.000281685 0.999999762 0.000469782 -0.327915639 0.000531329 -0.000469632 0.999999762 11.396562576
0.999999821 0.000106636 -0.000502056 0.241079912 -0.000106259 0.999999702 0.000751171 -0.338258386 0.000502136 -0.000751117 0.999999642 11.771649361
0.999999821 0.000397533 -0.000402170 0.245896652 -0.000397280 0.999999702 0.000630868 -0.350832582 0.000402421 -0.000630708 0.999999702 12.156334877
0.999999940 -0.000042238 -0.000139696 0.255245656 0.000042269 0.999999940 0.000226740 -0.359331101 0.000139686 -0.000226746 0.999999940 12.549273491
0.999999881 0.000336895 -0.000344786 0.259602606 -0.000336585 0.999999523 0.000896860 -0.373585939 0.000345087 -0.000896743 0.999999523 12.945786476
0.999999881 0.000310669 -0.000324062 0.267841727 -0.000310437 0.999999642 0.000718667 -0.384232610 0.000324285 -0.000718566 0.999999642 13.346490860
0.999999940 -0.000105679 -0.000086532 0.277512521 0.000105750 0.999999642 0.000823360 -0.394422799 0.000086446 -0.000823369 0.999999642 13.757125854
1.000000000 0.000089232 0.000115148 0.282477856 -0.000089340 0.999999523 0.000938704 -0.405435324 -0.000115064 -0.000938714 0.999999464 14.167367935
0.999999881 0.000178979 0.000514597 0.291590631 -0.000179216 0.999999940 0.000460043 -0.413907111 -0.000514515 -0.000460136 0.999999702 14.589623451
0.999999881 0.000327915 0.000373193 0.300467283 -0.000328410 0.999999046 0.001329190 -0.433537960 -0.000372757 -0.001329312 0.999999046 15.014348030
0.999999702 0.000396074 0.000655463 0.310350448 -0.000396635 0.999999702 0.000855573 -0.440602034 -0.000655124 -0.000855833 0.999999404 15.449339867
0.999999583 0.000200203 0.000903402 0.321998894 -0.000200834 0.999999762 0.000698305 -0.450547606 -0.000903262 -0.000698486 0.999999344 15.886008263
0.999999344 -0.000025020 0.001137921 0.330492884 0.000023880 0.999999523 0.001002000 -0.463962525 -0.001137945 -0.001001972 0.999998868 16.326276779
0.999998927 0.000169382 0.001453297 0.338182420 -0.000170329 0.999999762 0.000651864 -0.474742442 -0.001453186 -0.000652111 0.999998748 16.775926590
0.999998331 0.000479293 0.001729631 0.345576316 -0.000481088 0.999999344 0.001037313 -0.489235073 -0.001729134 -0.001038143 0.999997914 17.233095169
0.999998152 0.000482134 0.001875510 0.353821129 -0.000483943 0.999999404 0.000963941 -0.499577582 -0.001875045 -0.000964847 0.999997795 17.697649002
0.999996424 0.000888066 0.002539389 0.359817058 -0.000889455 0.999999464 0.000546093 -0.508619368 -0.002538903 -0.000548350 0.999996662 18.165044785
0.999998868 -0.000360286 0.001462970 0.392642081 0.000359012 0.999999583 0.000870983 -0.519909084 -0.001463283 -0.000870457 0.999998569 18.611976624
0.999997020 0.000753611 0.002326911 0.393385261 -0.000755233 0.999999464 0.000696387 -0.534283698 -0.002326384 -0.000698142 0.999997079 19.094778061
0.999996901 0.000705756 0.002401145 0.409196377 -0.000707121 0.999999642 0.000567830 -0.546492219 -0.002400743 -0.000569526 0.999997020 19.573692322
0.999997318 -0.000416809 0.002291848 0.420304000 0.000414901 0.999999583 0.000833014 -0.560525239 -0.002292194 -0.000832061 0.999997020 20.052808762
0.999997556 0.000822947 0.002115018 0.426441371 -0.000825003 0.999999166 0.000971210 -0.578625560 -0.002114217 -0.000972953 0.999997258 20.545946121
0.999997318 0.001150076 0.001988957 0.434317261 -0.001151155 0.999999106 0.000541653 -0.584685683 -0.001988332 -0.000543941 0.999997854 21.044631958
0.999996841 0.001058066 0.002300691 0.434590608 -0.001058823 0.999999344 0.000327761 -0.591950655 -0.002300343 -0.000330196 0.999997318 21.562839508
0.999998868 0.000797336 0.001230132 0.450239003 -0.000798201 0.999999464 0.000702541 -0.610947430 -0.001229571 -0.000703522 0.999998987 22.040237427
0.999999344 0.000923491 0.000620543 0.464344621 -0.000924036 0.999999166 0.000879564 -0.627260864 -0.000619730 -0.000880137 0.999999404 22.556613922
0.999999285 0.001165931 0.000218492 0.467190444 -0.001166093 0.999998987 0.000741972 -0.639440000 -0.000217627 -0.000742226 0.999999642 23.072395325
0.999999344 0.001131588 -0.000187787 0.472979397 -0.001131605 0.999999285 -0.000090485 -0.649550617 0.000187684 0.000090697 0.999999940 23.597824097
0.999999762 0.000070554 -0.000675490 0.481307507 -0.000070689 1.000000000 -0.000199756 -0.663117230 0.000675476 0.000199804 0.999999762 24.114891052
0.999999225 0.000876984 -0.000887485 0.485693276 -0.000876703 0.999999642 0.000316970 -0.677927494 0.000887762 -0.000316192 0.999999523 24.654163361
0.999997020 0.001566913 -0.001860325 0.499907583 -0.001566405 0.999998748 0.000274135 -0.692789376 0.001860752 -0.000271220 0.999998212 25.184129715
0.999996185 0.000876494 -0.002602510 0.512541294 -0.000875118 0.999999523 0.000529861 -0.706951141 0.002602973 -0.000527581 0.999996424 25.724494934
0.999995470 0.000708903 -0.002907268 0.529989362 -0.000706411 0.999999404 0.000858281 -0.729453862 0.002907874 -0.000856223 0.999995410 26.261859894
0.999993622 0.000557826 -0.003532777 0.527318418 -0.000554280 0.999999285 0.001004503 -0.738275945 0.003533335 -0.001002538 0.999993265 26.824766159
0.999992192 0.000540608 -0.003927528 0.541198969 -0.000535448 0.999998987 0.001314791 -0.761825204 0.003928235 -0.001312678 0.999991417 27.367162704
0.999989688 0.001538579 -0.004292766 0.547669888 -0.001534294 0.999998331 0.001001373 -0.776783764 0.004294300 -0.000994776 0.999990284 27.918956757
0.999989331 0.001380426 -0.004409146 0.548330605 -0.001376191 0.999998569 0.000963388 -0.783033371 0.004410470 -0.000957310 0.999989808 28.446895599
0.999988019 0.000991089 -0.004788257 0.556114912 -0.000987340 0.999999225 0.000785192 -0.795400202 0.004789031 -0.000780456 0.999988198 28.989568710
0.999986589 0.001440422 -0.004966982 0.561886311 -0.001434046 0.999998093 0.001287050 -0.815747738 0.004968826 -0.001279910 0.999986827 29.543453217
0.999984145 0.001641032 -0.005412871 0.565414071 -0.001633955 0.999997795 0.001311615 -0.827600062 0.005415012 -0.001302750 0.999984443 30.085821152
0.999983132 0.001605769 -0.005589329 0.578747630 -0.001598450 0.999997795 0.001313730 -0.846976280 0.005591427 -0.001304773 0.999983490 30.625833511
0.999980569 0.001679007 -0.006005253 0.584142923 -0.001672586 0.999998033 0.001074167 -0.858445704 0.006007045 -0.001064102 0.999981344 31.181941986
0.999978125 0.001731664 -0.006398880 0.592264056 -0.001724232 0.999997854 0.001166759 -0.870115042 0.006400888 -0.001155701 0.999978781 31.733846664
0.999973238 0.001643526 -0.007134549 0.607973993 -0.001634950 0.999997973 0.001207803 -0.890422821 0.007136522 -0.001196106 0.999973774 32.272693634
0.999975204 0.002013297 -0.006742767 0.605373085 -0.002006007 0.999997377 0.001087851 -0.895399570 0.006744938 -0.001074298 0.999976695 32.818603516
0.999969542 0.002490151 -0.007394207 0.614944160 -0.002483547 0.999996483 0.000902129 -0.910559654 0.007396427 -0.000883738 0.999972284 33.353446960
0.999973178 0.002150546 -0.006994023 0.619584560 -0.002144800 0.999997377 0.000828881 -0.922253132 0.006995786 -0.000813858 0.999975204 33.909191132
0.999971032 0.001903837 -0.007359838 0.624432325 -0.001895402 0.999997675 0.001152858 -0.940022588 0.007362015 -0.001138875 0.999972284 34.453403473
0.999972820 0.001961004 -0.007096195 0.632306099 -0.001954339 0.999997616 0.000946118 -0.954022765 0.007098034 -0.000932224 0.999974370 34.987434387
0.999974430 0.002377686 -0.006731220 0.634943664 -0.002372076 0.999996841 0.000841347 -0.968625069 0.006733200 -0.000825358 0.999976933 35.537467957
0.999971867 0.002938171 -0.006887480 0.644668579 -0.002929364 0.999994874 0.001288438 -0.996753514 0.006891231 -0.001268226 0.999975443 36.069904327
0.999968767 0.002463615 -0.007505993 0.649046779 -0.002455060 0.999996305 0.001148820 -1.003391981 0.007508796 -0.001130356 0.999971151 36.621597290
0.999969423 0.002952501 -0.007236653 0.654476225 -0.002944532 0.999995053 0.001111564 -1.016435027 0.007239898 -0.001090222 0.999973238 37.169395447
0.999969721 0.003260442 -0.007063678 0.653522253 -0.003254578 0.999994338 0.000841463 -1.031473279 0.007066381 -0.000818448 0.999974728 37.718204498
0.999967456 0.002454651 -0.007681335 0.662400007 -0.002447848 0.999996603 0.000894896 -1.042344213 0.007683505 -0.000876064 0.999970078 38.258636475
0.999963880 0.002238263 -0.008199821 0.669102073 -0.002227359 0.999996603 0.001338559 -1.059538484 0.008202790 -0.001320247 0.999965549 38.804538727
0.999965370 0.002430062 -0.007941608 0.678582847 -0.002421964 0.999996543 0.001029155 -1.073756456 0.007944081 -0.001009885 0.999967933 39.353031158
0.999959111 0.002415470 -0.008716953 0.691159427 -0.002402120 0.999995947 0.001541576 -1.094319105 0.008720642 -0.001520574 0.999960780 39.902584076
0.999954164 0.001812228 -0.009413349 0.707432270 -0.001796119 0.999996901 0.001719452 -1.114574552 0.009416436 -0.001702465 0.999954224 40.433326721
0.999957502 0.002610562 -0.008847970 0.708314538 -0.002602848 0.999996245 0.000883263 -1.114403605 0.008850242 -0.000860195 0.999960542 41.007450104
0.999955356 0.002548285 -0.009101699 0.705130219 -0.002537067 0.999995947 0.001243792 -1.129519463 0.009104832 -0.001220645 0.999957800 41.539947510
0.999952197 0.003282767 -0.009213424 0.712012649 -0.003272665 0.999994040 0.001111148 -1.144857645 0.009217015 -0.001080943 0.999956965 42.086933136
0.999950409 0.002816592 -0.009551634 0.724182785 -0.002801834 0.999994874 0.001558028 -1.162125468 0.009555973 -0.001531189 0.999953210 42.629158020
0.999940813 0.003010392 -0.010459597 0.746613741 -0.002984640 0.999992549 0.002476728 -1.190851688 0.010466973 -0.002445363 0.999942303 43.170585632
0.999955535 0.002477587 -0.009097273 0.720268369 -0.002462586 0.999995589 0.001659869 -1.195402861 0.009101346 -0.001637392 0.999957263 43.720569611
0.999955475 0.002189324 -0.009178089 0.726570368 -0.002165066 0.999994099 0.002652095 -1.217396379 0.009183842 -0.002632105 0.999954402 44.262840271
0.999954998 0.001960289 -0.009284043 0.729463518 -0.001942808 0.999996305 0.001891557 -1.225163102 0.009287717 -0.001873435 0.999955177 44.806285858
0.999951422 0.002434674 -0.009551861 0.747282147 -0.002423111 0.999996305 0.001221970 -1.229032397 0.009554802 -0.001198766 0.999953628 45.361671448
0.999949276 0.002440494 -0.009771296 0.759572506 -0.002428578 0.999996305 0.001231210 -1.243940592 0.009774264 -0.001207417 0.999951541 45.903614044
0.999947548 0.002002117 -0.010040880 0.768706381 -0.001992981 0.999997556 0.000919731 -1.257031918 0.010042698 -0.000899671 0.999949157 46.438724518
0.999949098 0.002448908 -0.009780263 0.769797444 -0.002429651 0.999995112 0.001980290 -1.283244848 0.009785063 -0.001956427 0.999950230 46.990959167
0.999950945 0.001851494 -0.009723664 0.774941087 -0.001832010 0.999996245 0.002012290 -1.295733452 0.009727353 -0.001994377 0.999950707 47.532939911
0.999953508 0.002619222 -0.009274097 0.765627742 -0.002603323 0.999995112 0.001726042 -1.304308772 0.009278572 -0.001701819 0.999955535 48.102169037
0.999955952 0.002233248 -0.009115126 0.765866458 -0.002217586 0.999996006 0.001727983 -1.318871140 0.009118948 -0.001707693 0.999956965 48.644649506
0.999954522 0.001859472 -0.009354065 0.777057886 -0.001840756 0.999996305 0.002009054 -1.335821271 0.009357766 -0.001991744 0.999954224 49.185821533
0.999957085 0.002349347 -0.008957599 0.779087067 -0.002334654 0.999995887 0.001650383 -1.346849680 0.008961438 -0.001629399 0.999958515 49.741394043
0.999956250 0.002198364 -0.009094138 0.779269457 -0.002183109 0.999996185 0.001686975 -1.360398531 0.009097812 -0.001667048 0.999957204 50.283515930
0.999957263 0.002535148 -0.008894943 0.782566190 -0.002521633 0.999995589 0.001530213 -1.373408675 0.008898783 -0.001507717 0.999959290 50.836837769
0.999953508 0.002183448 -0.009399046 0.788216531 -0.002170774 0.999996722 0.001358381 -1.389708638 0.009401983 -0.001337915 0.999954879 51.383338928
0.999949515 0.001968805 -0.009855811 0.803540587 -0.001954247 0.999996960 0.001486588 -1.406097651 0.009858708 -0.001467251 0.999950349 51.940124512
0.999954939 0.001947693 -0.009295044 0.806663513 -0.001941765 0.999997854 0.000646711 -1.416246891 0.009296285 -0.000628633 0.999956667 52.496078491
0.999959350 0.001631210 -0.008879548 0.805977106 -0.001624107 0.999998331 0.000807109 -1.430791736 0.008880852 -0.000792655 0.999960244 53.031604767
0.999955773 0.002153765 -0.009153132 0.799751282 -0.002141237 0.999996781 0.001378183 -1.448979974 0.009156071 -0.001358522 0.999957144 53.596515656
0.999959230 0.002136012 -0.008771359 0.807964683 -0.002117942 0.999995649 0.002068709 -1.470939279 0.008775739 -0.002050047 0.999959409 54.145465851
0.999956071 0.002603617 -0.009002830 0.814966321 -0.002585176 0.999994516 0.002059500 -1.489027381 0.009008142 -0.002036135 0.999957323 54.669483185
0.999952137 0.002415780 -0.009478526 0.828981459 -0.002402213 0.999996066 0.001442347 -1.498838067 0.009481975 -0.001419509 0.999953985 55.208526611
0.999955833 0.002850345 -0.008948298 0.830771565 -0.002839820 0.999995172 0.001188655 -1.510881066 0.008951644 -0.001163191 0.999959230 55.754714966
0.999952018 0.002175055 -0.009550252 0.837262869 -0.002160772 0.999996543 0.001505532 -1.526508331 0.009553494 -0.001484824 0.999953270 56.303714752
0.999948204 0.002467587 -0.009865598 0.852408946 -0.002450007 0.999995351 0.001793488 -1.546604872 0.009869978 -0.001769225 0.999949753 56.844978333
0.999955893 0.002482514 -0.009055487 0.845736980 -0.002468189 0.999995649 0.001592867 -1.558156252 0.009059403 -0.001570446 0.999957681 57.412693024
0.999955475 0.002293493 -0.009147630 0.848738492 -0.002280269 0.999996364 0.001455696 -1.573923826 0.009150934 -0.001434772 0.999957085 57.961891174
0.999953687 0.002513218 -0.009291694 0.861077249 -0.002501394 0.999996066 0.001283978 -1.586389661 0.009294884 -0.001260676 0.999956012 58.484771729
0.999957025 0.002858291 -0.008818056 0.859855950 -0.002848450 0.999995291 0.001128354 -1.596225381 0.008821237 -0.001103188 0.999960482 59.034309387
0.999958217 0.002623783 -0.008749632 0.865980148 -0.002612511 0.999995768 0.001299577 -1.612878680 0.008753004 -0.001276664 0.999960840 59.566967010
0.999952078 0.002798014 -0.009380038 0.875963628 -0.002786296 0.999995291 0.001262222 -1.628561616 0.009383526 -0.001236026 0.999955237 60.120517731
0.999951601 0.002654134 -0.009475719 0.881002367 -0.002641776 0.999995708 0.001316462 -1.641532540 0.009479173 -0.001291366 0.999954224 60.672866821
0.999953091 0.003048994 -0.009195547 0.883477569 -0.003038216 0.999994695 0.001185960 -1.655344486 0.009199114 -0.001157966 0.999957025 61.212017059
0.999958992 0.002891602 -0.008586691 0.887233377 -0.002880982 0.999995053 0.001248952 -1.668136358 0.008590260 -0.001224163 0.999962389 61.756774902
0.999951065 0.003392639 -0.009291969 0.899202526 -0.003382080 0.999993622 0.001151899 -1.682556152 0.009295817 -0.001120416 0.999956191 62.309165955
0.999955475 0.003320985 -0.008827610 0.901929796 -0.003312032 0.999993920 0.001028612 -1.696833253 0.008830973 -0.000999329 0.999960542 62.862728119
0.999955773 0.003689334 -0.008650212 0.900241613 -0.003677850 0.999992251 0.001343176 -1.715714097 0.008655101 -0.001311302 0.999961674 63.417327881
0.999949336 0.003043380 -0.009596211 0.916402876 -0.003032271 0.999994695 0.001171953 -1.732827425 0.009599727 -0.001142795 0.999953270 63.950111389
0.999954164 0.003554632 -0.008890546 0.912712693 -0.003547840 0.999993384 0.000779689 -1.745454311 0.008893260 -0.000748111 0.999960124 64.501052856
0.999949455 0.003487628 -0.009432938 0.922327042 -0.003475560 0.999993086 0.001295413 -1.756700277 0.009437392 -0.001262563 0.999954700 65.026847839
0.999949455 0.003657608 -0.009362483 0.924070299 -0.003642272 0.999991953 0.001654563 -1.784797311 0.009368462 -0.001620379 0.999954760 65.568809509
0.999950051 0.003159945 -0.009478979 0.933686137 -0.003147050 0.999994099 0.001375043 -1.795159817 0.009483269 -0.001345144 0.999954104 66.126243591
0.999955356 0.003205841 -0.008881200 0.933037519 -0.003199337 0.999994636 0.000746346 -1.801556945 0.008883545 -0.000717899 0.999960303 66.681388855
0.999950409 0.003710980 -0.009240513 0.944835305 -0.003696164 0.999991894 0.001619969 -1.829563618 0.009246449 -0.001585734 0.999955952 67.212280273
0.999951065 0.003651191 -0.009209820 0.943743587 -0.003640048 0.999992609 0.001226426 -1.833612919 0.009214232 -0.001192841 0.999956787 67.752029419
0.999954104 0.003706342 -0.008837161 0.953433990 -0.003692918 0.999992013 0.001534784 -1.854086757 0.008842777 -0.001502078 0.999959767 68.282569885
0.999950826 0.003983951 -0.009087675 0.960879147 -0.003971955 0.999991238 0.001337725 -1.871927023 0.009092924 -0.001301563 0.999957860 68.827049255
0.999957085 0.004033732 -0.008345763 0.955481291 -0.004022029 0.999990880 0.001418574 -1.882223725 0.008351411 -0.001384946 0.999964237 69.384269714
0.999950469 0.004356371 -0.008945425 0.964970827 -0.004347495 0.999990046 0.001011365 -1.895907044 0.008949741 -0.000972424 0.999959469 69.898597717
0.999950826 0.004546077 -0.008821303 0.969167471 -0.004536830 0.999989152 0.001067944 -1.908386350 0.008826063 -0.001027870 0.999960542 70.453506470
0.999952793 0.004114551 -0.008804580 0.975480378 -0.004107511 0.999991238 0.000817576 -1.914964557 0.008807866 -0.000781372 0.999960899 70.994842529
0.999951303 0.004471971 -0.008790934 0.974157155 -0.004460389 0.999989152 0.001336702 -1.941764355 0.008796817 -0.001297427 0.999960423 71.526725769
0.999952793 0.004545993 -0.008585171 0.981344223 -0.004532575 0.999988437 0.001581831 -1.962103844 0.008592262 -0.001542843 0.999961913 72.071250916
0.999952316 0.004603904 -0.008609565 0.981985688 -0.004593454 0.999988675 0.001232997 -1.969075441 0.008615145 -0.001193391 0.999962151 72.609451294
0.999953926 0.004596496 -0.008422443 0.990827143 -0.004586476 0.999988735 0.001208651 -1.986787796 0.008427904 -0.001169966 0.999963820 73.153457642
0.999957979 0.004159883 -0.008161142 0.991321564 -0.004151573 0.999990821 0.001035012 -2.001625538 0.008165373 -0.001001087 0.999966145 73.705612183
0.999951780 0.004383887 -0.008787269 0.998919487 -0.004374815 0.999989808 0.001051266 -2.011663198 0.008791788 -0.001012773 0.999960840 74.216690063
0.999950349 0.004243804 -0.009014395 1.007759333 -0.004231706 0.999990106 0.001360712 -2.025365114 0.009020082 -0.001322499 0.999958396 74.756767273
0.999950945 0.004492284 -0.008819600 1.009375215 -0.004479492 0.999988854 0.001469680 -2.042060852 0.008826104 -0.001430101 0.999960005 75.296569824
0.999952376 0.004067823 -0.008868361 1.017870665 -0.004058359 0.999991119 0.001084917 -2.054741144 0.008872696 -0.001048874 0.999960065 75.842346191
0.999942720 0.004528130 -0.009696949 1.021450043 -0.004513474 0.999988616 0.001532784 -2.073762894 0.009703781 -0.001488930 0.999951780 76.395103455
0.999953210 0.003864450 -0.008868796 1.031657696 -0.003854596 0.999991953 0.001127884 -2.085236073 0.008873085 -0.001093646 0.999960005 76.927848816
0.999954283 0.003623005 -0.008849159 1.038671970 -0.003615136 0.999993026 0.000905052 -2.095389128 0.008852377 -0.000873020 0.999960423 77.481201172
0.999949574 0.003620251 -0.009365179 1.050759554 -0.003610531 0.999992907 0.001054599 -2.111348391 0.009368930 -0.001020733 0.999955595 78.016731262
0.999951541 0.003997383 -0.008997595 1.057121992 -0.003991174 0.999991775 0.000708029 -2.125825644 0.009000352 -0.000672084 0.999959290 78.563102722
0.999950886 0.004093385 -0.009024193 1.060556412 -0.004081410 0.999990761 0.001345090 -2.144290447 0.009029615 -0.001308192 0.999958396 79.095008850
0.999951899 0.004429439 -0.008754664 1.063824773 -0.004418799 0.999989390 0.001234358 -2.157406092 0.008760039 -0.001195613 0.999960959 79.642349243
0.999952078 0.004342790 -0.008771096 1.069850206 -0.004333372 0.999989927 0.001092531 -2.172079802 0.008775755 -0.001054470 0.999960899 80.177070618
0.999959648 0.004679683 -0.007657557 1.075923920 -0.004669517 0.999988198 0.001344781 -2.187750101 0.007663760 -0.001308970 0.999969780 80.723678589
0.999968529 0.004927034 -0.006213768 1.080430984 -0.004918775 0.999987066 0.001343647 -2.203377247 0.006220307 -0.001313040 0.999979854 81.264755249
0.999973357 0.004911742 -0.005426754 1.096529722 -0.004904634 0.999987125 0.001322343 -2.220380783 0.005433179 -0.001295692 0.999984384 81.814041138
0.999978960 0.004893025 -0.004259635 1.109853148 -0.004886197 0.999986708 0.001612101 -2.239899635 0.004267466 -0.001591253 0.999989629 82.352645874
0.999988914 0.004533479 -0.001194729 1.127080441 -0.004532234 0.999989212 0.001042175 -2.249450445 0.001199440 -0.001036749 0.999998748 82.905906677
0.999983788 0.005069999 0.002584759 1.142739296 -0.005074599 0.999985576 0.001775901 -2.269922018 -0.002575718 -0.001788988 0.999995112 83.443588257
0.999970496 0.004939645 0.005878494 1.160280704 -0.004950061 0.999986231 0.001758593 -2.286932230 -0.005869726 -0.001787640 0.999981165 83.991401672
0.999926686 0.005379549 0.010845169 1.182304382 -0.005401044 0.999983490 0.001953643 -2.307372093 -0.010834481 -0.002012075 0.999939263 84.541954041
0.999836206 0.005367018 0.017281022 1.205311537 -0.005398519 0.999983907 0.001776707 -2.316459417 -0.017271206 -0.001869708 0.999849081 85.095497131
0.999742389 0.005372806 0.022048179 1.237146974 -0.005410581 0.999983966 0.001653999 -2.338020325 -0.022038931 -0.001772866 0.999755502 85.627586365
0.999615073 0.004550725 0.027365442 1.275980592 -0.004588494 0.999988556 0.001317513 -2.349270105 -0.027359134 -0.001442572 0.999624610 86.169395447
0.999341965 0.004966860 0.035927862 1.302299738 -0.005045328 0.999985099 0.002093686 -2.367836475 -0.035916917 -0.002273577 0.999352217 86.725189209
0.999011993 0.005423818 0.044109300 1.343067169 -0.005498432 0.999983668 0.001570429 -2.379833937 -0.044100069 -0.001811409 0.999025464 87.267463684
0.998661041 0.005617098 0.051424235 1.381115913 -0.005712366 0.999982238 0.001705788 -2.393008471 -0.051413737 -0.001997258 0.998675406 87.811103821
0.998187602 0.004765627 0.059989668 1.436664104 -0.004858793 0.999987245 0.001407271 -2.401993752 -0.059982195 -0.001696197 0.998198032 88.356147766
0.997513294 0.005385161 0.070272304 1.489726067 -0.005495769 0.999983966 0.001380733 -2.415351152 -0.070263736 -0.001763499 0.997526884 88.911384583
0.996872425 0.004885485 0.078875631 1.548969746 -0.004984650 0.999987006 0.001060399 -2.423983812 -0.078869417 -0.001450250 0.996883929 89.458290100
0.996201575 0.004929693 0.086936608 1.613369465 -0.005019590 0.999987066 0.000815469 -2.442601442 -0.086931460 -0.001248758 0.996213496 89.998519897
0.995200634 0.004699299 0.097742505 1.688904285 -0.004791585 0.999988317 0.000709461 -2.453826189 -0.097738028 -0.001174398 0.995211482 90.536361694
0.994096041 0.005319249 0.108373366 1.764806747 -0.005482762 0.999984205 0.001210871 -2.472155809 -0.108365215 -0.001797907 0.994109571 91.084465027
0.993055642 0.004344444 0.117565304 1.843166351 -0.004537541 0.999988735 0.001374852 -2.492840052 -0.117557995 -0.001898762 0.993064225 91.636726379
0.991608679 0.004397224 0.129201204 1.924312592 -0.004625481 0.999988258 0.001466668 -2.501621246 -0.129193231 -0.002051978 0.991617322 92.165222168
0.990046024 0.003691650 0.140695497 2.031962395 -0.003910134 0.999991536 0.001276473 -2.519447565 -0.140689611 -0.001813905 0.990052044 92.723052979
0.988683224 0.003464785 0.149978429 2.142629623 -0.003708916 0.999992192 0.001348088 -2.536615849 -0.149972618 -0.001889090 0.988688290 93.270393372
0.986779809 0.003310648 0.162032485 2.240772247 -0.003566126 0.999992788 0.001285897 -2.548162699 -0.162027031 -0.001846725 0.986784518 93.800590515
0.984683871 0.003528164 0.174313277 2.363797188 -0.003855128 0.999991417 0.001537171 -2.564471483 -0.174306348 -0.002185627 0.984689057 94.320419312
0.982297063 0.002920413 0.187307224 2.483916283 -0.003249172 0.999993682 0.001448199 -2.583779097 -0.187301815 -0.002031155 0.982300341 94.848556519
0.980245292 0.002525243 0.197769701 2.606766701 -0.002864255 0.999994934 0.001428137 -2.594110250 -0.197765112 -0.001966387 0.980247557 95.382637024
0.977537453 0.002902148 0.210742041 2.747516632 -0.003287948 0.999993503 0.001480311 -2.613982201 -0.210736349 -0.002139968 0.977540672 95.905029297
0.974645734 0.002392478 0.223740831 2.894783020 -0.002838986 0.999994576 0.001673987 -2.631249189 -0.223735631 -0.002266742 0.974647224 96.441337585
0.971997857 0.002379203 0.234977543 3.038717270 -0.002872468 0.999994338 0.001756950 -2.648181200 -0.234972030 -0.002382716 0.971999168 96.975379944
0.969159961 0.002496483 0.246419922 3.194078445 -0.002972738 0.999994338 0.001560709 -2.657545328 -0.246414647 -0.002245118 0.969161868 97.497993469
0.965203166 0.001938965 0.261494040 3.339714050 -0.002522905 0.999994993 0.001897410 -2.677814484 -0.261489064 -0.002491110 0.965203226 98.059463501
0.961790621 0.001765609 0.273780286 3.510648727 -0.002268840 0.999996245 0.001521464 -2.689325571 -0.273776591 -0.002084493 0.961791039 98.579658508
0.958511710 0.000930830 0.285051614 3.678119659 -0.001407663 0.999998033 0.001467923 -2.701446533 -0.285049617 -0.001808278 0.958511055 99.090370178
0.954258919 0.000911182 0.298980057 3.861724854 -0.001564135 0.999996841 0.001944648 -2.723945618 -0.298977286 -0.002323342 0.954257369 99.608596802
0.949899256 0.000970659 0.312554896 4.057182312 -0.001676789 0.999996662 0.001990449 -2.737610817 -0.312551826 -0.002414814 0.949897707 100.113548279
0.946083724 0.000145063 0.323922098 4.250501633 -0.000801275 0.999997914 0.001892463 -2.747402191 -0.323921144 -0.002049979 0.946081877 100.630294800
0.941403091 -0.000418339 0.337283343 4.456537247 -0.000167019 0.999998569 0.001706492 -2.761634111 -0.337283492 -0.001662829 0.941401720 101.146980286
0.936300874 0.000058472 0.351198971 4.669170380 -0.000676103 0.999998450 0.001636007 -2.776084185 -0.351198316 -0.001769241 0.936299503 101.647056580
0.931506515 -0.000929530 0.363723516 4.888813019 0.000392567 0.999998748 0.001550216 -2.786294222 -0.363724530 -0.001301250 0.931505799 102.177238464
0.927024961 -0.001582118 0.374996483 5.121686935 0.001276610 0.999998629 0.001063123 -2.796046734 -0.374997616 -0.000506817 0.927025676 102.684997559
0.920998096 -0.001980029 0.389561862 5.347534180 0.001441434 0.999997556 0.001674871 -2.813101292 -0.389564186 -0.000981025 0.920998812 103.171173096
0.915330708 -0.003194065 0.402690232 5.589473724 0.002845874 0.999994934 0.001462995 -2.821320057 -0.402692854 -0.000193119 0.915335178 103.662719727
0.910357535 -0.003017045 0.413811922 5.830783844 0.002645375 0.999995410 0.001471186 -2.835523605 -0.413814396 -0.000244618 0.910361290 104.140228271
0.903921902 -0.003339296 0.427684426 6.096275330 0.002755794 0.999994218 0.001983365 -2.866275072 -0.427688599 -0.000614197 0.903925955 104.649124146
0.897531211 -0.003508313 0.440937012 6.342208862 0.002977407 0.999993742 0.001895907 -2.872678995 -0.440940917 -0.000388786 0.897536039 105.118530273
0.891605139 -0.004276413 0.452793628 6.608959198 0.003865340 0.999990821 0.001833103 -2.883759975 -0.452797383 0.000115797 0.891613424 105.607223511
0.885983765 -0.004576258 0.463693738 6.882629395 0.004189746 0.999989510 0.001863649 -2.895067453 -0.463697374 0.000291597 0.885993600 106.098434448
0.878629684 -0.004518840 0.477482349 7.160667419 0.004059171 0.999989748 0.001994390 -2.914887667 -0.477486491 0.000185853 0.878638983 106.557037354
0.871822357 -0.005116801 0.489795387 7.445945740 0.004721235 0.999986768 0.002043006 -2.923852205 -0.489799440 0.000531300 0.871834934 107.023300171
