1.000000000 0.000000000 0.000000000 0.000000000 0.000000000 1.000000000 0.000000000 0.000000000 0.000000000 0.000000000 1.000000000 0.000000000
1.000000000 0.000124039 0.000024096 -0.000059817 -0.000124039 1.000000000 -0.000005878 0.000442015 -0.000024097 0.000005875 1.000000000 0.000424054
1.000000000 0.000085603 0.000068244 -0.000433919 -0.000085609 1.000000000 0.000081851 -0.000337130 -0.000068237 -0.000081857 1.000000000 0.000202218
1.000000000 -0.000038748 0.000077119 -0.000203620 0.000038747 1.000000000 0.000013157 0.000364539 -0.000077120 -0.000013154 1.000000000 0.000430681
1.000000000 -0.000042765 0.000142726 -0.000725470 0.000042770 1.000000000 -0.000036948 0.000550183 -0.000142725 0.000036954 1.000000000 0.000229794
1.000000000 0.000057788 0.000161938 -0.001291583 -0.000057795 1.000000000 0.000048761 0.000146819 -0.000161936 -0.000048770 1.000000000 -0.000034887
1.000000000 -0.000063291 0.000090673 -0.000685828 0.000063289 1.000000000 0.000026327 -0.000064306 -0.000090674 -0.000026321 1.000000000 -0.000285932
1.000000000 0.000036193 0.000081214 -0.000421588 -0.000036200 1.000000000 0.000093749 -0.000340800 -0.000081211 -0.000093752 1.000000000 -0.000022106
1.000000000 -0.000016042 0.000015023 -0.000110490 0.000016042 1.000000000 -0.000016451 -0.000234884 -0.000015023 0.000016451 1.000000000 0.000319515
1.000000000 0.000030021 0.000101196 0.000029977 -0.000030030 1.000000000 0.000087608 -0.000816493 -0.000101193 -0.000087611 1.000000000 0.000605597
1.000000000 0.000129058 0.000099165 -0.000794530 -0.000129070 1.000000000 0.000119378 -0.000583871 -0.000099149 -0.000119390 1.000000000 0.000342319
1.000000000 0.000066747 0.000115514 -0.000158686 -0.000066745 1.000000000 -0.000010716 0.000630647 -0.000115515 0.000010708 1.000000000 0.001372373
1.000000000 0.000107937 0.000051499 -0.000456525 -0.000107935 1.000000000 -0.000037242 -0.000189939 -0.000051503 0.000037236 1.000000000 -0.000024903
1.000000000 0.000057294 0.000060323 -0.001067853 -0.000057294 1.000000000 0.000004254 0.000415662 -0.000060322 -0.000004257 1.000000000 0.000467594
1.000000000 0.000059319 0.000080801 -0.001513513 -0.000059317 1.000000000 -0.000023789 0.000752321 -0.000080802 0.000023785 1.000000000 0.000148729
1.000000000 0.000072084 0.000020061 0.000283067 -0.000072083 1.000000000 -0.000037522 0.001342453 -0.000020064 0.000037521 1.000000000 0.001739213
1.000000000 0.000063780 0.000119099 -0.000836027 -0.000063772 1.000000000 -0.000063464 0.001459200 -0.000119103 0.000063457 1.000000000 0.002037797
1.000000000 0.000130969 0.000083824 -0.001266096 -0.000130965 1.000000000 -0.000045352 0.001023424 -0.000083830 0.000045341 1.000000000 0.001108155
1.000000000 0.000198251 0.000138437 -0.001858075 -0.000198245 1.000000000 -0.000045737 0.001864729 -0.000138446 0.000045710 1.000000000 0.001754228
1.000000000 0.000106967 0.000172351 -0.001565947 -0.000106947 1.000000000 -0.000118750 0.001984584 -0.000172364 0.000118732 1.000000000 0.002127053
1.000000000 0.000125628 0.000137023 -0.001890869 -0.000125620 1.000000000 -0.000056772 0.001246788 -0.000137030 0.000056755 1.000000000 0.001923888
1.000000000 0.000189138 0.000114524 -0.001904144 -0.000189137 1.000000000 -0.000009750 0.001510954 -0.000114526 0.000009728 1.000000000 0.001628134
1.000000000 0.000137473 0.000095518 -0.000919748 -0.000137468 1.000000000 -0.000057985 0.002185475 -0.000095526 0.000057972 1.000000000 0.003017716
1.000000000 0.000183232 0.000084886 -0.001520126 -0.000183227 1.000000000 -0.000067721 0.002953087 -0.000084899 0.000067705 1.000000000 0.003206034
0.999999940 0.000275756 0.000072957 -0.001498426 -0.000275752 0.999999940 -0.000056114 0.002604272 -0.000072972 0.000056094 1.000000000 0.003172981
0.999999940 0.000317965 0.000113581 -0.001716564 -0.000317966 0.999999940 0.000004961 0.001489175 -0.000113580 -0.000004997 1.000000000 0.001599436
1.000000000 0.000091938 0.000133336 -0.001412469 -0.000091933 1.000000000 -0.000036682 0.002495902 -0.000133339 0.000036670 1.000000000 0.002349057
1.000000000 0.000167642 0.000154171 -0.001607021 -0.000167641 1.000000000 -0.000007370 0.001352312 -0.000154173 0.000007344 1.000000000 0.001874284
1.000000000 0.000117774 0.000096819 -0.001563302 -0.000117769 1.000000000 -0.000051073 0.002566768 -0.000096825 0.000051061 1.000000000 0.002641089
1.000000000 0.000133457 0.000119077 -0.001982180 -0.000133445 1.000000000 -0.000100211 0.002292848 -0.000119090 0.000100195 1.000000000 0.002206655
1.000000000 0.000112716 0.000158487 -0.001004864 -0.000112716 1.000000000 -0.000003884 0.001257565 -0.000158488 0.000003866 1.000000000 0.002299946
1.000000000 0.000038803 0.000177744 -0.001067533 -0.000038787 1.000000000 -0.000090753 0.002963790 -0.000177748 0.000090746 1.000000000 0.003870704
1.000000000 0.000147238 0.000077575 -0.000174653 -0.000147224 1.000000000 -0.000183347 0.003306420 -0.000077602 0.000183336 1.000000000 0.003530241
1.000000000 0.000095939 0.000135454 -0.000968452 -0.000095931 1.000000000 -0.000057160 0.001653227 -0.000135459 0.000057147 1.000000000 0.001845500
0.999999940 0.000279309 0.000213767 -0.002538983 -0.000279288 0.999999940 -0.000096555 0.002092041 -0.000213794 0.000096496 1.000000000 0.001558216
0.999999940 0.000236185 0.000219227 -0.001418944 -0.000236164 0.999999940 -0.000095468 0.001667235 -0.000219249 0.000095416 1.000000000 0.001497079
1.000000000 0.000115350 0.000153851 -0.001501444 -0.000115344 1.000000000 -0.000038408 0.001918954 -0.000153855 0.000038391 1.000000000 0.001935516
0.999999940 0.000218039 0.000129609 -0.001714223 -0.000218032 1.000000000 -0.000053354 0.002616981 -0.000129621 0.000053325 1.000000000 0.003046326
0.999999940 0.000243878 0.000199304 -0.001687286 -0.000243867 0.999999940 -0.000057019 0.002500769 -0.000199318 0.000056971 1.000000000 0.001764741
1.000000000 0.000164140 0.000105166 -0.000566257 -0.000164130 1.000000000 -0.000098249 0.003349689 -0.000105182 0.000098232 1.000000000 0.003087430
1.000000000 0.000050688 0.000105727 -0.000129974 -0.000050676 1.000000000 -0.000118248 0.001625185 -0.000105733 0.000118242 1.000000000 0.003438323
0.999999881 0.000381510 0.000205735 0.000427233 -0.000381374 0.999999702 -0.000658610 -0.001179334 -0.000205986 0.000658531 0.999999762 0.051749669
0.999999940 0.000314645 0.000129572 0.001994845 -0.000314493 0.999999285 -0.001176758 -0.003336545 -0.000129942 0.001176717 0.999999285 0.140398368
0.999998271 0.001840303 0.000271267 -0.004889815 -0.001839869 0.999996960 -0.001591050 -0.013519971 -0.000274194 0.001590549 0.999998629 0.245216191
0.999997437 0.002249222 0.000336193 -0.001984015 -0.002248758 0.999996483 -0.001374004 -0.017231563 -0.000339282 0.001373244 0.999998927 0.375455350
0.999997199 0.002319195 0.000451404 -0.001677934 -0.002318521 0.999996126 -0.001487985 -0.020889774 -0.000454853 0.001486934 0.999998808 0.521526039
0.999998152 0.001900944 0.000368013 0.003348113 -0.001900468 0.999997318 -0.001288973 -0.027108585 -0.000370462 0.001288271 0.999999166 0.672884583
0.999997735 0.002087205 0.000421002 0.008030470 -0.002086760 0.999997258 -0.001053997 -0.030061539 -0.000423201 0.001053117 0.999999344 0.838564754
0.999998391 0.001754207 0.000441910 0.008455314 -0.001753815 0.999998033 -0.000886137 -0.035283156 -0.000443464 0.000885360 0.999999464 1.007442236
0.999999166 0.001286027 0.000314140 0.014125196 -0.001285748 0.999998868 -0.000886097 -0.039187524 -0.000315279 0.000885692 0.999999583 1.185779095
0.999998868 0.001455111 0.000422325 0.019033125 -0.001454882 0.999998808 -0.000542858 -0.044696294 -0.000423114 0.000542243 0.999999762 1.372278333
0.999998808 0.001520258 0.000284633 0.021681407 -0.001520124 0.999998808 -0.000468067 -0.047316860 -0.000285344 0.000467634 0.999999881 1.566793799
0.999996483 0.002490845 0.000933868 0.017872004 -0.002490713 0.999996901 -0.000142293 -0.062426228 -0.000934219 0.000139966 0.999999583 1.762238741
0.999996066 0.002644168 0.000933608 0.021646421 -0.002644371 0.999996543 0.000216223 -0.070807032 -0.000933033 -0.000218691 0.999999583 1.963305831
0.999998212 0.001732657 0.000745389 0.029344577 -0.001732732 0.999998569 0.000100954 -0.075258479 -0.000745213 -0.000102246 0.999999762 2.183020353
0.999996960 0.002207092 0.001034064 0.027613385 -0.002207215 0.999997497 0.000117895 -0.083154984 -0.001033801 -0.000120177 0.999999464 2.393318415
0.999996662 0.002358841 0.001038645 0.034478907 -0.002358836 0.999997199 -0.000006325 -0.089928076 -0.001038657 0.000003875 0.999999464 2.615191460
0.999996185 0.002472827 0.001211720 0.034796052 -0.002473112 0.999996901 0.000233875 -0.096342772 -0.001211138 -0.000236871 0.999999225 2.849563837
0.999996781 0.002227216 0.001235876 0.041722555 -0.002227549 0.999997497 0.000268566 -0.102879800 -0.001235275 -0.000271318 0.999999225 3.087116957
0.999997020 0.002251994 0.001013645 0.047873609 -0.002252439 0.999997318 0.000437841 -0.112639472 -0.001012657 -0.000440123 0.999999464 3.320599556
0.999996543 0.002113824 0.001516951 0.048486546 -0.002114818 0.999997556 0.000653742 -0.123208836 -0.001515566 -0.000656948 0.999998569 3.569429874
0.999996305 0.002300885 0.001432352 0.051405467 -0.002301905 0.999997079 0.000710876 -0.128772408 -0.001430712 -0.000714171 0.999998748 3.827229023
0.999995053 0.002738712 0.001528024 0.056261942 -0.002740133 0.999995768 0.000928010 -0.137871951 -0.001525476 -0.000932192 0.999998391 4.086707592
0.999994516 0.002911655 0.001569206 0.062098511 -0.002912900 0.999995470 0.000792158 -0.141339406 -0.001566892 -0.000796725 0.999998450 4.341668606
0.999994159 0.002989113 0.001611904 0.065608323 -0.002990245 0.999995351 0.000700088 -0.149249494 -0.001609803 -0.000704904 0.999998450 4.602774620
0.999994516 0.002857797 0.001666616 0.073500469 -0.002859781 0.999995232 0.001189797 -0.162149861 -0.001663208 -0.001194556 0.999997854 4.854592323
0.999992013 0.003432976 0.002032018 0.077846140 -0.003435713 0.999993205 0.001345080 -0.168974146 -0.002027387 -0.001352051 0.999997020 5.113743782
0.999993384 0.003060236 0.001935487 0.084892042 -0.003062018 0.999994874 0.000918813 -0.173999488 -0.001932665 -0.000924733 0.999997735 5.377441406
0.999991775 0.003543587 0.001979970 0.084821485 -0.003546294 0.999992788 0.001365494 -0.185919330 -0.001975117 -0.001372505 0.999997079 5.649412632
0.999992728 0.003222351 0.002063904 0.088304430 -0.003225174 0.999993920 0.001365981 -0.192642644 -0.002059490 -0.001372627 0.999996841 5.920580864
0.999992132 0.003231358 0.002346484 0.092464790 -0.003234389 0.999993980 0.001289195 -0.202295974 -0.002342304 -0.001296774 0.999996424 6.202103615
0.999991059 0.003427592 0.002484993 0.101023264 -0.003430986 0.999993205 0.001362708 -0.205552086 -0.002480305 -0.001371222 0.999996006 6.490361691
0.999991894 0.003473132 0.002045492 0.104514770 -0.003475982 0.999992907 0.001391380 -0.220250234 -0.002040645 -0.001398479 0.999996901 6.787774563
0.999991179 0.003505380 0.002318740 0.110250019 -0.003508058 0.999993145 0.001151744 -0.225263119 -0.002314687 -0.001159868 0.999996662 7.092136860
0.999992430 0.003351113 0.001988569 0.122865900 -0.003353934 0.999993265 0.001416587 -0.232051820 -0.001983809 -0.001423246 0.999997020 7.397721291
0.999992013 0.003324156 0.002193672 0.122407846 -0.003326980 0.999993563 0.001284752 -0.245606720 -0.002189387 -0.001292041 0.999996781 7.718181610
0.999992490 0.003226706 0.002147085 0.135188490 -0.003229224 0.999993980 0.001170512 -0.248190507 -0.002143296 -0.001177437 0.999997020 8.043988228
0.999988496 0.004050692 0.002586153 0.131850675 -0.004054090 0.999990880 0.001309917 -0.261278301 -0.002580824 -0.001320387 0.999995828 8.350912094
0.999991357 0.003398537 0.002388372 0.142133862 -0.003401181 0.999993563 0.001103714 -0.270514250 -0.002384606 -0.001111828 0.999996543 8.675929070
0.999987602 0.004168741 0.002720413 0.144380912 -0.004172618 0.999990284 0.001420657 -0.283043265 -0.002714464 -0.001431990 0.999995291 9.034943581
0.999988854 0.004087193 0.002389705 0.156024069 -0.004090788 0.999990523 0.001501048 -0.296412736 -0.002383547 -0.001510807 0.999996066 9.372297287
0.999985933 0.004577194 0.002669576 0.163617194 -0.004580921 0.999988556 0.001391616 -0.306328595 -0.002663176 -0.001403825 0.999995470 9.709863663
0.999986291 0.004421553 0.002793220 0.168655783 -0.004426256 0.999988735 0.001680082 -0.314652026 -0.002785760 -0.001692423 0.999994636 10.068306923
0.999987483 0.004132711 0.002827038 0.168622777 -0.004137049 0.999990284 0.001530112 -0.331399322 -0.002820687 -0.001541789 0.999994814 10.426218987
0.999985754 0.004286022 0.003177793 0.175799578 -0.004291032 0.999989569 0.001571650 -0.342145711 -0.003171023 -0.001585264 0.999993742 10.788941383
0.999985576 0.004365121 0.003147338 0.184666276 -0.004369510 0.999989510 0.001389074 -0.346738368 -0.003141241 -0.001402806 0.999994040 11.164715767
0.999988317 0.003932495 0.002815239 0.194572091 -0.003938305 0.999990106 0.002061251 -0.365874827 -0.002807106 -0.002072314 0.999993920 11.547004700
0.999988616 0.003996926 0.002628866 0.207068563 -0.004001835 0.999990225 0.001864547 -0.371850729 -0.002621388 -0.001875046 0.999994814 11.926580429
0.999983966 0.004563047 0.003352984 0.204044715 -0.004570540 0.999987006 0.002230472 -0.388252586 -0.003342763 -0.002245761 0.999991894 12.313491821
0.999983191 0.004670391 0.003441092 0.215814352 -0.004679525 0.999985516 0.002651180 -0.400935441 -0.003428660 -0.002667238 0.999990582 12.704303741
0.999980092 0.004921505 0.003922614 0.216355324 -0.004932046 0.999984205 0.002682119 -0.409803450 -0.003909352 -0.002701412 0.999988735 13.108210564
0.999983013 0.004499859 0.003699583 0.231922269 -0.004509109 0.999986708 0.002495830 -0.423792660 -0.003688303 -0.002512470 0.999990046 13.509509087
0.999979496 0.005227487 0.003694484 0.240075126 -0.005236665 0.999983251 0.002479124 -0.432516456 -0.003681463 -0.002498420 0.999990106 13.930922508
0.999978900 0.005258151 0.003817071 0.246280000 -0.005267801 0.999982953 0.002522499 -0.442136765 -0.003803743 -0.002542554 0.999989510 14.356305122
0.999979317 0.004753599 0.004319270 0.259827286 -0.004765010 0.999985158 0.002635531 -0.458952814 -0.004306677 -0.002656057 0.999987185 14.764887810
0.999979377 0.004744763 0.004323287 0.266679555 -0.004755352 0.999985635 0.002442185 -0.468189299 -0.004311638 -0.002462693 0.999987662 15.192527771
0.999979019 0.004791607 0.004345019 0.281133175 -0.004802359 0.999985337 0.002467579 -0.480910987 -0.004333132 -0.002488394 0.999987483 15.630899429
0.999976933 0.004661103 0.004944214 0.291010201 -0.004674831 0.999985218 0.002768793 -0.492553681 -0.004931236 -0.002791842 0.999983966 16.077987671
0.999972880 0.004931021 0.005474530 0.299884111 -0.004947170 0.999983430 0.002940094 -0.503488004 -0.005459942 -0.002967097 0.999980688 16.519409180
0.999970675 0.004987536 0.005815645 0.304629028 -0.005003968 0.999983549 0.002814435 -0.515640497 -0.005801512 -0.002843454 0.999979138 16.977416992
0.999970317 0.004807079 0.006019083 0.320739478 -0.004823040 0.999984860 0.002639954 -0.529687762 -0.006006301 -0.002668906 0.999978423 17.443830490
0.999969721 0.005064152 0.005898458 0.329092860 -0.005083527 0.999981701 0.003274502 -0.547019541 -0.005881767 -0.003304387 0.999977231 17.887123108
0.999968767 0.004809703 0.006269899 0.342935324 -0.004829746 0.999983251 0.003185489 -0.559302628 -0.006254473 -0.003215672 0.999975264 18.354244232
0.999966502 0.005056014 0.006432389 0.356275499 -0.005076394 0.999982119 0.003155961 -0.569299519 -0.006416317 -0.003188509 0.999974370 18.830730438
0.999960601 0.005607846 0.006873573 0.365273267 -0.005629409 0.999979258 0.003121696 -0.583411813 -0.006855924 -0.003160267 0.999971509 19.315242767
0.999964118 0.005235461 0.006655882 0.377051890 -0.005256006 0.999981463 0.003072943 -0.597270966 -0.006639671 -0.003107816 0.999973118 19.817884445
0.999960840 0.005595039 0.006841470 0.383428991 -0.005616607 0.999979317 0.003137331 -0.608056605 -0.006823774 -0.003175634 0.999971628 20.303354263
0.999963343 0.005224979 0.006771226 0.402662814 -0.005249355 0.999979734 0.003587215 -0.624627292 -0.006752347 -0.003622628 0.999970615 20.793844223
0.999967694 0.005089872 0.006221701 0.406033218 -0.005109915 0.999981821 0.003209868 -0.634033084 -0.006205249 -0.003241557 0.999975443 21.295650482
0.999973834 0.004667137 0.005517797 0.420443773 -0.004682940 0.999984920 0.002854721 -0.642553985 -0.005504389 -0.002880485 0.999980688 21.801422119
0.999965310 0.006008037 0.005770567 0.423764586 -0.006026335 0.999976873 0.003158822 -0.653835714 -0.005751454 -0.003193487 0.999978304 22.313779831
0.999970913 0.005360547 0.005418455 0.434769839 -0.005379227 0.999979675 0.003438775 -0.665486217 -0.005399910 -0.003467822 0.999979496 22.806806564
0.999976873 0.004775282 0.004869374 0.440226287 -0.004791645 0.999982893 0.003354104 -0.689480186 -0.004853274 -0.003377359 0.999982536 23.330265045
0.999976337 0.005237754 0.004467488 0.452136457 -0.005254782 0.999979019 0.003808606 -0.704367936 -0.004447446 -0.003831992 0.999982774 23.857589722
0.999982476 0.004516249 0.003841429 0.459870011 -0.004527746 0.999985278 0.002989737 -0.716207266 -0.003827869 -0.003007077 0.999988198 24.376012802
0.999973953 0.005920826 0.004132743 0.459149659 -0.005934440 0.999976993 0.003289633 -0.728957653 -0.004113170 -0.003314072 0.999986112 24.928712845
0.999979854 0.005463275 0.003208613 0.483443260 -0.005475533 0.999977708 0.003824097 -0.752943218 -0.003187649 -0.003841590 0.999987543 25.462692261
0.999974489 0.006227127 0.003494622 0.488748014 -0.006239305 0.999974489 0.003484835 -0.760518134 -0.003472832 -0.003506550 0.999987781 26.009803772
0.999976635 0.005989979 0.003286283 0.498244643 -0.006002899 0.999974310 0.003936150 -0.774701178 -0.003262621 -0.003955786 0.999986827 26.556375504
0.999986768 0.004734134 0.002005363 0.516892731 -0.004743180 0.999978483 0.004530688 -0.793199003 -0.001983871 -0.004540139 0.999987721 27.100038528
0.999986291 0.005034289 0.001441033 0.533033550 -0.005041029 0.999976158 0.004712656 -0.810235023 -0.001417274 -0.004719854 0.999987900 27.652248383
0.999974847 0.006801399 0.002001236 0.531568885 -0.006810455 0.999966383 0.004553859 -0.824962258 -0.001970196 -0.004567373 0.999987602 28.191110611
0.999980688 0.006092470 0.001225627 0.546248555 -0.006097881 0.999971449 0.004460489 -0.836083889 -0.001198417 -0.004467877 0.999989271 28.755414963
0.999979317 0.006326979 0.001156067 0.554626465 -0.006332235 0.999969363 0.004601847 -0.851523399 -0.001126916 -0.004609072 0.999988735 29.304140091
0.999978662 0.006395437 0.001335698 0.558668971 -0.006400991 0.999970675 0.004194989 -0.860148311 -0.001308830 -0.004203449 0.999990344 29.855651855
0.999980450 0.006243123 0.000337420 0.572773278 -0.006244551 0.999970794 0.004413341 -0.872110963 -0.000309857 -0.004415362 0.999990165 30.403570175
0.999980152 0.006270725 0.000521192 0.576923132 -0.006273016 0.999970138 0.004518135 -0.895319343 -0.000492844 -0.004521315 0.999989629 30.938350677
0.999979794 0.006313462 0.000780779 0.585467815 -0.006316920 0.999969840 0.004508442 -0.902934313 -0.000752292 -0.004513284 0.999989510 31.504552841
0.999974728 0.007057567 0.000874950 0.591336906 -0.007061154 0.999966383 0.004166037 -0.909529567 -0.000845518 -0.004172111 0.999990940 32.061111450
0.999976993 0.006769630 0.000216802 0.610866547 -0.006770506 0.999967635 0.004343860 -0.932899356 -0.000187389 -0.004345228 0.999990523 32.595733643
0.999976516 0.006852216 -0.000216868 0.620329082 -0.006851272 0.999968171 0.004092894 -0.943922877 0.000244906 -0.004091312 0.999991596 33.129589081
0.999974072 0.007194041 -0.000235578 0.631055474 -0.007192849 0.999962986 0.004718309 -0.965597749 0.000269513 -0.004716491 0.999988854 33.692890167
0.999975204 0.007026577 -0.000293538 0.640642107 -0.007025180 0.999965131 0.004515299 -0.973635197 0.000325254 -0.004513124 0.999989748 34.231899261
0.999976337 0.006826802 -0.000843749 0.652473271 -0.006822569 0.999964595 0.004922317 -0.987100363 0.000877323 -0.004916444 0.999987483 34.776405334
0.999972105 0.007347690 -0.001299392 0.661091447 -0.007341233 0.999961019 0.004906527 -1.007226110 0.001335394 -0.004896852 0.999987066 35.294948578
0.999974728 0.006991495 -0.001215385 0.681501269 -0.006986206 0.999966383 0.004302089 -1.006678224 0.001245422 -0.004293489 0.999989986 35.857048035
0.999979973 0.006252472 -0.000897918 0.674090326 -0.006248116 0.999969065 0.004774447 -1.030055881 0.000927743 -0.004768741 0.999988198 36.409614563
0.999981701 0.005985022 -0.000852785 0.684211791 -0.005980836 0.999970376 0.004829960 -1.043826342 0.000881667 -0.004824772 0.999987960 36.960536957
0.999980927 0.006017708 -0.001437527 0.695564151 -0.006010418 0.999969244 0.005022646 -1.054648042 0.001467708 -0.005013909 0.999986410 37.504093170
0.999980748 0.006128432 -0.000943054 0.705170631 -0.006124055 0.999970734 0.004577451 -1.068016529 0.000971079 -0.004571587 0.999989092 38.048252106
0.999980271 0.006230576 -0.000808905 0.704764962 -0.006227242 0.999972343 0.004061603 -1.068649411 0.000834189 -0.004056486 0.999991417 38.582855225
0.999978602 0.006522028 -0.000547154 0.712112427 -0.006519777 0.999970675 0.004018212 -1.080028772 0.000573345 -0.004014558 0.999991834 39.130863190
0.999980867 0.006037381 -0.001309699 0.727150738 -0.006031567 0.999972105 0.004398812 -1.097106934 0.001336220 -0.004390828 0.999989450 39.676727295
0.999981880 0.005888701 -0.001262853 0.749359190 -0.005882800 0.999971926 0.004627177 -1.115986943 0.001290066 -0.004619665 0.999988496 40.242229462
0.999979913 0.006180538 -0.001462149 0.761370122 -0.006173999 0.999971092 0.004435210 -1.129215360 0.001489519 -0.004426094 0.999989152 40.793273926
0.999980986 0.005972947 -0.001586286 0.773066580 -0.005965658 0.999971807 0.004560550 -1.138742447 0.001613481 -0.004551001 0.999988317 41.341278076
0.999980569 0.006036619 -0.001535094 0.773091674 -0.006029394 0.999970913 0.004669115 -1.155956745 0.001563235 -0.004659769 0.999987960 41.884548187
0.999976754 0.006729047 -0.001074669 0.760999620 -0.006724563 0.999968886 0.004122700 -1.158465624 0.001102377 -0.004115378 0.999990940 42.319839478
0.999978423 0.006547169 -0.000607072 0.775731504 -0.006544757 0.999971032 0.003893389 -1.162567019 0.000632546 -0.003889332 0.999992251 42.943233490
0.999980092 0.006201568 -0.001196655 0.789164662 -0.006196316 0.999971390 0.004343549 -1.188840747 0.001223558 -0.004336047 0.999989927 43.410060883
0.999968886 0.007840324 -0.000911600 0.797032297 -0.007836414 0.999960363 0.004216846 -1.207757235 0.000944626 -0.004209571 0.999990702 43.902256012
0.999976099 0.006865327 -0.000720143 0.787262321 -0.006862243 0.999967635 0.004200442 -1.208045244 0.000748957 -0.004195400 0.999990940 44.402561188
0.999975622 0.006943362 -0.000647615 0.794559002 -0.006940453 0.999966323 0.004389850 -1.221038699 0.000678073 -0.004385249 0.999990225 44.958889008
0.999973595 0.007241663 -0.000623340 0.803197265 -0.007238897 0.999964476 0.004331645 -1.236049771 0.000654686 -0.004327018 0.999990463 45.493625641
0.999973357 0.007297363 0.000012228 0.817823589 -0.007297338 0.999961853 0.004801507 -1.244758487 0.000022810 -0.004801469 0.999988496 46.016021729
0.999966741 0.008155147 0.000055721 0.804684281 -0.008155303 0.999958992 0.003931125 -1.257952094 -0.000023660 -0.003931449 0.999992192 46.504528046
0.999969780 0.007767107 -0.000022202 0.855174243 -0.007766968 0.999962628 0.003780830 -1.260508657 0.000051567 -0.003780544 0.999992907 47.098823547
0.999967217 0.008093183 -0.000018686 0.835723937 -0.008093063 0.999960542 0.003645063 -1.276584148 0.000048186 -0.003644792 0.999993324 47.634204865
0.999962807 0.008617854 0.000025839 0.847070992 -0.008617878 0.999951243 0.004825909 -1.305128217 0.000015750 -0.004825954 0.999988317 48.150344849
0.999970376 0.007686807 0.000419436 0.841391325 -0.007688486 0.999961734 0.004159833 -1.302989960 -0.000387444 -0.004162935 0.999991238 48.613166809
0.999971509 0.007523744 0.000505208 0.852005839 -0.007525709 0.999963641 0.004006486 -1.316287994 -0.000475045 -0.004010173 0.999991834 49.166709900
0.999968767 0.007892689 0.000414008 0.870512605 -0.007894176 0.999961853 0.003724298 -1.326533556 -0.000384598 -0.003727449 0.999992907 49.706943512
0.999965787 0.008274352 0.000079812 0.868808329 -0.008274622 0.999956191 0.004380078 -1.342838049 -0.000043566 -0.004380588 0.999990344 50.181152344
0.999962687 0.008542743 0.001262365 0.891814232 -0.008547302 0.999956787 0.003652832 -1.350786328 -0.001231105 -0.003663486 0.999992490 50.756168365
0.999967277 0.008074008 0.000554666 0.893764377 -0.008076037 0.999960303 0.003758403 -1.363275409 -0.000524299 -0.003762760 0.999992788 51.261688232
0.999958754 0.009063433 0.000625062 0.883515418 -0.009065994 0.999949992 0.004223957 -1.378841877 -0.000586747 -0.004229449 0.999990880 51.768466949
0.999947786 0.010185431 0.000834550 0.893924057 -0.010188426 0.999941349 0.003664685 -1.390402675 -0.000797174 -0.003672997 0.999992907 52.317279816
0.999957085 0.009240172 0.000602409 0.898975372 -0.009242449 0.999949694 0.003895214 -1.401300550 -0.000566387 -0.003900615 0.999992192 52.841091156
0.999953449 0.009618481 0.000715788 0.909458756 -0.009621206 0.999946058 0.003907163 -1.416818261 -0.000678169 -0.003913867 0.999992132 53.387222290
0.999959648 0.008944962 0.000720009 0.916269600 -0.008947726 0.999952257 0.003933937 -1.434600472 -0.000684785 -0.003940222 0.999992013 53.891124725
0.999953508 0.009570328 0.001112781 0.919574380 -0.009574047 0.999948442 0.003385935 -1.440308452 -0.001080319 -0.003396432 0.999993563 54.435623169
0.999954522 0.009476447 0.001023236 0.931226552 -0.009480026 0.999948740 0.003552009 -1.454495788 -0.000989523 -0.003561548 0.999993086 54.988864899
0.999957085 0.009188089 0.001152906 0.941576004 -0.009192273 0.999950945 0.003675922 -1.464915156 -0.001119074 -0.003686361 0.999992549 55.503574371
0.999955297 0.009399427 0.000989590 0.956647754 -0.009402415 0.999951124 0.003060634 -1.470339775 -0.000960773 -0.003069803 0.999994814 56.092128754
0.999956727 0.009241724 0.001041958 0.959102690 -0.009245269 0.999951303 0.003449771 -1.489617348 -0.001010027 -0.003459255 0.999993443 56.564098358
0.999947548 0.010147352 0.001360357 0.970806003 -0.010152420 0.999941349 0.003772138 -1.505554080 -0.001322000 -0.003785751 0.999991953 57.097274780
0.999951363 0.009816049 0.000980235 0.988153040 -0.009819290 0.999946117 0.003356459 -1.514501810 -0.000947235 -0.003365920 0.999993801 57.652519226
0.999954522 0.009499514 0.000805107 1.015876532 -0.009502581 0.999947190 0.003894724 -1.538706779 -0.000768067 -0.003902197 0.999992073 58.146385193
0.999951839 0.009627458 0.001888739 0.968710601 -0.009632941 0.999949276 0.002915946 -1.521593690 -0.001860570 -0.002934000 0.999993920 58.658843994
0.999954998 0.009317165 0.001849190 0.992918491 -0.009322681 0.999952018 0.002996035 -1.549983263 -0.001821187 -0.003013139 0.999993801 59.165889740
0.999951303 0.009711554 0.001716598 1.006858468 -0.009716607 0.999948382 0.002959727 -1.562599063 -0.001687765 -0.002976262 0.999994159 59.713504791
0.999955773 0.009216410 0.001886375 1.020148039 -0.009221920 0.999953151 0.002933236 -1.570789933 -0.001859253 -0.002950503 0.999993920 60.265945435
0.999952316 0.009551485 0.002046751 1.021126509 -0.009557649 0.999949753 0.003022857 -1.582917929 -0.002017775 -0.003042276 0.999993324 60.749931335
0.999950767 0.009636345 0.002357633 1.036456943 -0.009643191 0.999949276 0.002909627 -1.594980478 -0.002329474 -0.002932219 0.999993026 61.297218323
0.999952734 0.009486954 0.002117241 1.044176579 -0.009492807 0.999951124 0.002771180 -1.606136918 -0.002090847 -0.002791147 0.999993920 61.795307159
0.999946892 0.009989437 0.002508349 1.054547310 -0.009996034 0.999946594 0.002632111 -1.619559050 -0.002481922 -0.002657046 0.999993384 62.303028107
0.999944866 0.010181475 0.002570427 1.062044263 -0.010188592 0.999944270 0.002771641 -1.632314444 -0.002542065 -0.002797677 0.999992847 62.840011597
0.999947786 0.009939067 0.002417006 1.074437261 -0.009945116 0.999947429 0.002503251 -1.647782683 -0.002391999 -0.002527158 0.999993920 63.363689423
0.999944448 0.010231722 0.002513704 1.085289836 -0.010238036 0.999944389 0.002512425 -1.660631180 -0.002487857 -0.002538021 0.999993682 63.880477905
0.999941409 0.010515996 0.002537046 1.096113682 -0.010521912 0.999941885 0.002330343 -1.675411105 -0.002512393 -0.002356902 0.999994040 64.425155640
0.999942064 0.010359476 0.002928908 1.097110629 -0.010366379 0.999943435 0.002352468 -1.683054209 -0.002904373 -0.002382694 0.999992907 64.934440613
0.999939263 0.010691650 0.002661993 1.106595039 -0.010699148 0.999938786 0.002818667 -1.700675964 -0.002631694 -0.002846977 0.999992490 65.466445923
0.999946833 0.009932362 0.002758081 1.121531487 -0.009938946 0.999947786 0.002383129 -1.710213780 -0.002734267 -0.002410415 0.999993384 65.983345032
0.999929607 0.011307050 0.003578614 1.124634266 -0.011315297 0.999933362 0.002292676 -1.725573182 -0.003552452 -0.002333008 0.999991000 66.528472900
0.999942720 0.010299004 0.002909818 1.145357490 -0.010305481 0.999944448 0.002219920 -1.736950994 -0.002886793 -0.002249781 0.999993324 67.024749756
0.999935925 0.010898884 0.003057797 1.150645018 -0.010905790 0.999937952 0.002251273 -1.749562502 -0.003033071 -0.002284477 0.999992788 67.565322876
0.999941230 0.010381304 0.003109689 1.164293170 -0.010387888 0.999943733 0.002108693 -1.765933990 -0.003087623 -0.002140872 0.999992967 68.078155518
0.999946237 0.009978767 0.002823678 1.176642776 -0.009985394 0.999947369 0.002342468 -1.779718995 -0.002800154 -0.002370537 0.999993324 68.629516602
0.999933541 0.011001359 0.003446144 1.183926702 -0.011009419 0.999936640 0.002328922 -1.794297218 -0.003420304 -0.002366707 0.999991417 69.180603027
0.999948144 0.009611617 0.003334484 1.185672045 -0.009617646 0.999952078 0.001797002 -1.801720977 -0.003317052 -0.001828980 0.999992847 69.746757507
0.999939859 0.010420648 0.003396648 1.202293158 -0.010427998 0.999943316 0.002153842 -1.821558237 -0.003374011 -0.002189134 0.999991894 70.146347046
0.999944687 0.009956180 0.003357537 1.216311455 -0.009962859 0.999948382 0.001978393 -1.836747646 -0.003337666 -0.002011734 0.999992430 70.691810608
0.999942303 0.010192377 0.003385723 1.231804848 -0.010201190 0.999944568 0.002595576 -1.856647253 -0.003359080 -0.002629965 0.999990940 71.229194641
0.999942243 0.010159062 0.003482294 1.236709595 -0.010166319 0.999946117 0.002072840 -1.865311742 -0.003461048 -0.002108122 0.999991775 71.723258972
0.999949336 0.009622211 0.002934416 1.256008983 -0.009628813 0.999951005 0.002244014 -1.879497290 -0.002912680 -0.002272156 0.999993145 72.265411377
0.999938786 0.010546950 0.003352101 1.262901187 -0.010554868 0.999941468 0.002353540 -1.893852830 -0.003327083 -0.002388777 0.999991596 72.778358459
0.999934614 0.010840155 0.003619555 1.277489185 -0.010848401 0.999938607 0.002266156 -1.910974860 -0.003594767 -0.002305273 0.999990880 73.294807434
0.999933302 0.010899031 0.003795238 1.290260792 -0.010908510 0.999937475 0.002485709 -1.919885874 -0.003767908 -0.002526944 0.999989748 73.858345032
0.999929011 0.011273216 0.003865700 1.300120354 -0.011282212 0.999933660 0.002313069 -1.936103821 -0.003839368 -0.002356518 0.999989867 74.351829529
0.999930978 0.011109224 0.003817412 1.316210151 -0.011118870 0.999935031 0.002515014 -1.947488546 -0.003789223 -0.002557286 0.999989569 74.882453918
0.999930561 0.011165861 0.003748905 1.326543570 -0.011173005 0.999935806 0.001889792 -1.958568335 -0.003727563 -0.001931548 0.999991179 75.408737183
0.999920011 0.011951337 0.004122567 1.337686300 -0.011956329 0.999927819 0.001188899 -1.966092825 -0.004108060 -0.001238095 0.999990761 75.961654663
0.999916852 0.012217532 0.004121824 1.359430194 -0.012223328 0.999924302 0.001383257 -1.994950533 -0.004104612 -0.001433524 0.999990582 76.460929871
0.999929249 0.011213631 0.003952629 1.362892270 -0.011222279 0.999934614 0.002171956 -2.005598068 -0.003928015 -0.002216160 0.999989808 76.954040527
0.999928236 0.011215497 0.004194778 1.376442671 -0.011223499 0.999935210 0.001888562 -2.020503044 -0.004173326 -0.001935506 0.999989390 77.503753662
0.999925196 0.011507038 0.004116038 1.391014576 -0.011514978 0.999931812 0.001910554 -2.030219078 -0.004093773 -0.001957807 0.999989629 78.019233704
0.999923527 0.011794849 0.003696486 1.408227324 -0.011802269 0.999928296 0.001991972 -2.046599865 -0.003672727 -0.002035447 0.999991119 78.566558838
0.999924004 0.011550271 0.004293585 1.418495893 -0.011558642 0.999931276 0.001929852 -2.059169054 -0.004270999 -0.001979333 0.999988914 79.076629639
0.999920011 0.011583896 0.005065728 1.432611585 -0.011593206 0.999931157 0.001811623 -2.067905903 -0.005044393 -0.001870206 0.999985516 79.617347717
0.999918699 0.011059156 0.006347210 1.446747899 -0.011067773 0.999937892 0.001323920 -2.083042145 -0.006332174 -0.001394062 0.999979019 80.162773132
0.999909759 0.011182609 0.007428906 1.457702875 -0.011195011 0.999935985 0.001629921 -2.102096319 -0.007410204 -0.001712941 0.999971092 80.660606384
0.999890864 0.011735530 0.008975606 1.470499992 -0.011749823 0.999929726 0.001541178 -2.114172935 -0.008956890 -0.001646471 0.999958515 81.179397583
0.999851406 0.012034662 0.012340618 1.490503073 -0.012054836 0.999926090 0.001561758 -2.127988100 -0.012320912 -0.001710290 0.999922693 81.739395142
0.999788344 0.012414458 0.016407706 1.515795350 -0.012437514 0.999921739 0.001303694 -2.133171320 -0.016390238 -0.001507489 0.999864519 82.293479919
0.999747753 0.011978414 0.018998770 1.537881613 -0.012020089 0.999925494 0.002080976 -2.161421061 -0.018972427 -0.002308818 0.999817431 82.767852783
0.999648213 0.012517117 0.023382558 1.564335823 -0.012568845 0.999918878 0.002066734 -2.175115585 -0.023354786 -0.002359898 0.999724507 83.316444397
0.999505937 0.012511271 0.028834164 1.598549485 -0.012580243 0.999918461 0.002211853 -2.194205761 -0.028804135 -0.002573501 0.999581814 83.848007202
0.999313951 0.012747688 0.034772754 1.627951622 -0.012806327 0.999916792 0.001464134 -2.207866907 -0.034751199 -0.001908440 0.999394178 84.385963440
0.999075592 0.011688710 0.041367352 1.652121305 -0.011740530 0.999930501 0.001009853 -2.197731256 -0.041352667 -0.001494594 0.999143422 84.888122559
0.998718560 0.011890422 0.049191300 1.698556662 -0.011985373 0.999926746 0.001635671 -2.215881586 -0.049168251 -0.002223152 0.998787999 85.442253113
0.998240113 0.011937968 0.058087129 1.739932775 -0.012024543 0.999927044 0.001141150 -2.229155540 -0.058069278 -0.001837614 0.998310864 85.971778870
0.997807622 0.011616195 0.065154046 1.793362379 -0.011709782 0.999930918 0.001054696 -2.239669800 -0.065137289 -0.001815323 0.997874737 86.523895264
0.997194767 0.011684017 0.073933326 1.841959000 -0.011772769 0.999930322 0.000764713 -2.250927210 -0.073919252 -0.001632968 0.997263014 87.023994446
0.996425331 0.011230001 0.083727188 1.912594318 -0.011298878 0.999935985 0.000348824 -2.267102480 -0.083717920 -0.001293601 0.996488631 87.547508240
0.995643973 0.011352410 0.092542671 1.986425877 -0.011426696 0.999934673 0.000272858 -2.284148693 -0.092533544 -0.001329127 0.995708644 88.080963135
0.994891286 0.011129836 0.100336887 2.056091309 -0.011185231 0.999937356 -0.000010490 -2.294426441 -0.100330740 -0.001111855 0.994953573 88.659004211
0.993796349 0.011868490 0.110580429 2.132879257 -0.011961866 0.999928415 0.000181048 -2.304947615 -0.110570371 -0.001502673 0.993867218 89.161697388
0.992736757 0.010951976 0.119806737 2.241976738 -0.011000533 0.999939442 -0.000256070 -2.287725449 -0.119802296 -0.001063728 0.992797196 89.653129578
0.991539061 0.010946644 0.129346445 2.329963684 -0.010959535 0.999939799 -0.000612132 -2.302937746 -0.129345372 -0.000810624 0.991599262 90.198883057
0.990026057 0.010566683 0.140487760 2.425504684 -0.010639804 0.999943316 -0.000230639 -2.324700117 -0.140482217 -0.001266424 0.990082324 90.717903137
0.988044322 0.011402661 0.153748021 2.505420685 -0.011551011 0.999933302 0.000071618 -2.348750591 -0.153736919 -0.001846707 0.988110065 91.231864929
0.986402690 0.009393935 0.164077401 2.632670403 -0.009366129 0.999955654 -0.000943117 -2.360060453 -0.164078981 -0.000606477 0.986447036 91.793418884
0.984661579 0.008319491 0.174276337 2.743547440 -0.008235488 0.999965370 -0.001205168 -2.352804899 -0.174280331 -0.000248568 0.984695971 92.311790466
0.982192993 0.008865883 0.187665313 2.860595703 -0.008760946 0.999960661 -0.001388616 -2.368482590 -0.187670246 -0.000280237 0.982232034 92.850479126
0.979897559 0.008205586 0.199332237 3.006689072 -0.008087358 0.999966323 -0.001407337 -2.382146120 -0.199337080 -0.000233025 0.979930937 93.402442932
0.977731705 0.008426730 0.209689692 3.135358810 -0.008353956 0.999964356 -0.001232791 -2.400428057 -0.209692612 -0.000546400 0.977767229 93.935020447
0.974832416 0.008743785 0.222767681 3.279119492 -0.008643187 0.999961615 -0.001426563 -2.415425777 -0.222771600 -0.000534763 0.974870563 94.469276428
0.971643448 0.007599270 0.236328527 3.427499771 -0.007300453 0.999970973 -0.002139453 -2.425980330 -0.236337930 0.000353481 0.971670866 95.008781433
0.968980074 0.006054781 0.247064412 3.586975098 -0.005660221 0.999981284 -0.002307192 -2.442295313 -0.247073784 0.000837184 0.968996286 95.528953552
0.966079950 0.006789885 0.258153975 3.734018326 -0.006495244 0.999976933 -0.001994168 -2.465260983 -0.258161575 0.000249752 0.966101706 96.017303467
0.962367713 0.007717115 0.271641165 3.905130386 -0.007546591 0.999970138 -0.001672383 -2.482998848 -0.271646023 -0.000440518 0.962397158 96.535476685
0.958795488 0.006727464 0.284017384 4.082880020 -0.006331162 0.999977291 -0.002313312 -2.494780064 -0.284026504 0.000419833 0.958816350 97.075927734
0.955212176 0.006884383 0.295841664 4.272882462 -0.006539355 0.999976337 -0.002155706 -2.505828857 -0.295849472 0.000124543 0.955234528 97.617332458
0.950862467 0.006172092 0.309551984 4.438264847 -0.005900355 0.999980927 -0.001814067 -2.528917313 -0.309557319 -0.000101538 0.950880706 98.067420959
0.946268380 0.006180874 0.323323399 4.645322800 -0.005927301 0.999980867 -0.001768935 -2.542745113 -0.323328197 -0.000242548 0.946286857 98.594093323
0.942248940 0.006256266 0.334854871 4.845735550 -0.005888680 0.999980390 -0.002112983 -2.552394390 -0.334861577 0.000019103 0.942267299 99.090782166
0.937575698 0.004965742 0.347745776 5.051010132 -0.004470888 0.999987543 -0.002225430 -2.572442532 -0.347752482 0.000531777 0.937586188 99.571807861
0.932081699 0.004689352 0.362217814 5.260185242 -0.004161451 0.999988854 -0.002237569 -2.596988678 -0.362224311 0.000578245 0.932090759 100.116020203
0.927396774 0.004027781 0.374057502 5.493940353 -0.003304498 0.999991298 -0.002574909 -2.611615181 -0.374064595 0.001151890 0.927401900 100.618278503
0.922211885 0.004930748 0.386653483 5.707582474 -0.004438618 0.999987841 -0.002165613 -2.633359432 -0.386659443 0.000280947 0.922222495 101.127769470
0.916464925 0.003973756 0.400095433 5.967399597 -0.003303186 0.999991775 -0.002365606 -2.637269020 -0.400101513 0.000846405 0.916470408 101.635009766
0.910413563 0.004195687 0.413678050 6.194850922 -0.003629412 0.999991119 -0.002154780 -2.658606768 -0.413683385 0.000460334 0.910420716 102.106674194
0.905283511 0.004071387 0.424788386 6.446506500 -0.003255740 0.999991298 -0.002645985 -2.671875954 -0.424795449 0.001012367 0.905288875 102.589202881
0.899541497 0.003619973 0.436820328 6.703895569 -0.002805793 0.999992967 -0.002509088 -2.691304445 -0.436826348 0.001031401 0.899545252 103.073760986
0.893067539 0.003005430 0.449912548 6.987857819 -0.002378059 0.999995291 -0.001959599 -2.721737862 -0.449916303 0.000680136 0.893070459 103.555145264
0.887060344 0.001810134 0.461649954 7.230712891 -0.000675610 0.999996305 -0.002622810 -2.715868950 -0.461653024 0.002014695 0.887058318 104.020019531
0.881226897 0.001590675 0.472690970 7.509563446 -0.000404674 0.999996543 -0.002610713 -2.731096983 -0.472693473 0.002109345 0.881224394 104.500389099
0.873681843 0.001357959 0.486495972 7.783332825 -0.000213899 0.999997020 -0.002407164 -2.752045393 -0.486497819 0.001999034 0.873679519 104.947708130
