1.000000000 0.000000000 0.000000000 0.000000000 0.000000000 1.000000000 0.000000000 0.000000000 0.000000000 0.000000000 1.000000000 0.000000000
1.000000000 0.000030240 0.000136604 -0.003409314 -0.000030212 1.000000000 -0.000206512 0.004508641 -0.000136610 0.000206508 0.999999940 0.004256548
1.000000000 0.000048054 0.000071865 -0.002300212 -0.000048044 1.000000000 -0.000139988 0.002374263 -0.000071872 0.000139985 1.000000000 0.000721143
0.999999940 0.000309652 0.000113740 -0.000010615 -0.000309634 0.999999940 -0.000157037 0.003713508 -0.000113788 0.000157001 1.000000000 -0.001936434
1.000000000 0.000232020 0.000047431 0.002530747 -0.000232016 0.999999940 -0.000081266 0.002035545 -0.000047450 0.000081255 1.000000000 -0.001361400
1.000000000 0.000146024 0.000062680 0.000202733 -0.000146020 1.000000000 -0.000062555 0.002157207 -0.000062689 0.000062546 1.000000000 -0.001273312
1.000000000 0.000126430 0.000133321 -0.002326003 -0.000126417 1.000000000 -0.000097028 0.002326008 -0.000133333 0.000097012 1.000000000 -0.000804755
1.000000000 0.000031965 0.000001170 0.000995666 -0.000031965 1.000000000 -0.000024036 0.001659090 -0.000001171 0.000024036 1.000000000 -0.002567134
1.000000000 0.000048771 0.000142664 -0.005178377 -0.000048743 1.000000000 -0.000191560 0.004061365 -0.000142673 0.000191553 1.000000000 0.004343653
0.999999940 0.000198785 0.000225924 -0.004719188 -0.000198754 1.000000000 -0.000134676 0.002236116 -0.000225951 0.000134631 0.999999940 -0.001378012
0.999999940 0.000210055 0.000215944 -0.003989083 -0.000210021 0.999999940 -0.000155745 0.002206834 -0.000215977 0.000155699 0.999999940 -0.000705234
1.000000000 0.000162060 0.000083392 0.000164155 -0.000162054 1.000000000 -0.000079335 0.002339837 -0.000083405 0.000079322 1.000000000 -0.004796641
1.000000000 0.000118125 0.000208944 -0.005622363 -0.000118115 1.000000000 -0.000049082 0.000568179 -0.000208950 0.000049057 1.000000000 -0.002974933
1.000000000 -0.000001146 0.000108519 -0.003207841 0.000001159 1.000000000 -0.000116316 0.000699485 -0.000108519 0.000116316 1.000000000 -0.001754840
1.000000000 0.000111853 0.000169792 -0.003609027 -0.000111825 1.000000000 -0.000162538 0.003224573 -0.000169810 0.000162519 1.000000000 -0.001294654
1.000000000 -0.000158923 0.000006372 -0.002562282 0.000158924 1.000000000 -0.000105047 0.002750154 -0.000006355 0.000105048 1.000000000 -0.000803091
1.000000000 -0.000230238 0.000011961 -0.002209618 0.000230240 0.999999940 -0.000107882 0.000373026 -0.000011936 0.000107884 1.000000000 -0.004606139
1.000000000 -0.000111318 0.000009657 0.000454702 0.000111318 1.000000000 -0.000026678 0.000078055 -0.000009654 0.000026679 1.000000000 -0.007385259
1.000000000 0.000115772 0.000007106 0.000155225 -0.000115772 1.000000000 0.000003252 0.002377089 -0.000007105 -0.000003253 1.000000000 -0.007837846
1.000000000 -0.000081434 -0.000002652 -0.001777198 0.000081434 1.000000000 -0.000033465 -0.000339582 0.000002655 0.000033465 1.000000000 -0.007369001
1.000000000 0.000002772 0.000070180 -0.001044282 -0.000002767 1.000000000 -0.000080131 0.001082427 -0.000070180 0.000080131 1.000000000 -0.007625304
1.000000000 -0.000138703 0.000014794 0.000231132 0.000138703 1.000000000 -0.000022509 -0.000488211 -0.000014791 0.000022511 1.000000000 -0.004032922
1.000000000 0.000137980 0.000171510 -0.006106725 -0.000137945 0.999999940 -0.000202330 0.003575227 -0.000171538 0.000202307 0.999999940 0.003551072
1.000000000 -0.000090317 -0.000081754 0.000742691 0.000090308 1.000000000 -0.000107550 0.000689412 0.000081764 0.000107542 1.000000000 0.000363095
1.000000000 -0.000067119 0.000022080 -0.000797532 0.000067119 1.000000000 -0.000009914 0.002275980 -0.000022079 0.000009915 1.000000000 0.000069194
1.000000000 0.000010800 -0.000048063 0.002335856 -0.000010807 1.000000000 -0.000141464 0.003467345 0.000048061 0.000141464 1.000000000 -0.006811645
1.000000000 -0.000064207 0.000112622 -0.003146533 0.000064225 1.000000000 -0.000161845 0.003472141 -0.000112612 0.000161852 1.000000000 -0.001104271
0.999999940 0.000256932 0.000215707 -0.005423140 -0.000256888 0.999999940 -0.000200515 0.003340231 -0.000215759 0.000200459 0.999999940 0.000220755
1.000000000 0.000030595 0.000119572 -0.003653940 -0.000030591 1.000000000 -0.000031607 0.002289254 -0.000119573 0.000031603 1.000000000 -0.000801973
1.000000000 -0.000188388 0.000017578 -0.004643811 0.000188391 1.000000000 -0.000152471 0.005986552 -0.000017549 0.000152474 1.000000000 0.002530635
1.000000000 -0.000072286 0.000040523 -0.003653500 0.000072290 1.000000000 -0.000092002 0.002533037 -0.000040516 0.000092005 1.000000000 0.000899477
1.000000000 -0.000122904 0.000123783 -0.003895931 0.000122902 1.000000000 0.000018839 0.001357390 -0.000123786 -0.000018824 1.000000000 0.000980593
1.000000000 -0.000183291 0.000081811 -0.005044369 0.000183292 1.000000000 -0.000020972 0.001991773 -0.000081807 0.000020987 1.000000000 -0.001284870
1.000000000 -0.000110957 0.000012786 -0.002759123 0.000110957 1.000000000 -0.000003241 0.001849954 -0.000012786 0.000003242 1.000000000 -0.002828518
1.000000000 0.000060227 0.000064495 -0.003836654 -0.000060215 1.000000000 -0.000178641 0.001787737 -0.000064506 0.000178637 1.000000000 -0.000195215
1.000000000 0.000052605 0.000099012 -0.004528441 -0.000052594 1.000000000 -0.000112232 0.002808518 -0.000099018 0.000112227 1.000000000 0.000117995
1.000000000 -0.000159795 -0.000179970 0.003288724 0.000159817 1.000000000 0.000123762 -0.000439592 0.000179950 -0.000123791 1.000000000 -0.012977777
1.000000000 -0.000009224 0.000073787 -0.003810474 0.000009244 0.999999940 -0.000273554 0.004661571 -0.000073784 0.000273555 0.999999940 0.000977752
1.000000000 -0.000176341 0.000057223 -0.002976250 0.000176343 1.000000000 -0.000027660 0.001707667 -0.000057218 0.000027670 1.000000000 -0.000651733
1.000000000 -0.000023854 -0.000037380 0.000881841 0.000023860 1.000000000 0.000165168 -0.001036518 0.000037376 -0.000165169 1.000000000 -0.008547525
0.999999940 -0.000255490 -0.000132324 0.000121346 0.000255491 0.999999940 0.000006069 -0.000952574 0.000132322 -0.000006103 1.000000000 -0.000568041
1.000000000 0.000056089 0.000085535 0.001988145 -0.000056036 0.999999821 -0.000611030 -0.003947418 -0.000085569 0.000611025 0.999999821 0.049022634
1.000000000 0.000051183 -0.000015693 0.000283872 -0.000051207 0.999998808 -0.001547949 0.001068803 0.000015614 0.001547950 0.999998808 0.148315549
1.000000000 -0.000057834 -0.000084784 0.004979808 0.000057703 0.999998808 -0.001542952 -0.007924216 0.000084873 0.001542947 0.999998808 0.263950706
1.000000000 -0.000198123 0.000034212 0.002288922 0.000198171 0.999998987 -0.001399082 -0.012277767 -0.000033935 0.001399088 0.999999046 0.395780325
1.000000000 0.000015713 -0.000101881 0.004632303 -0.000015833 0.999999285 -0.001180787 -0.017651139 0.000101862 0.001180788 0.999999285 0.537609875
1.000000000 -0.000032015 0.000147941 0.006166834 0.000032157 0.999999523 -0.000963697 -0.031336121 -0.000147910 0.000963701 0.999999523 0.680426121
0.999999881 -0.000454557 -0.000064916 0.019616807 0.000454517 0.999999702 -0.000607225 -0.031074718 0.000065192 0.000607195 0.999999821 0.850169301
0.999999940 -0.000205857 -0.000178349 0.023529453 0.000205750 0.999999821 -0.000603328 -0.036756832 0.000178473 0.000603291 0.999999821 1.030899048
0.999999940 -0.000132656 0.000248522 0.013659850 0.000132857 0.999999642 -0.000810003 -0.037114404 -0.000248414 0.000810036 0.999999642 1.214000344
1.000000000 -0.000077910 -0.000017987 0.029733760 0.000077899 0.999999821 -0.000611177 -0.047187813 0.000018035 0.000611175 0.999999821 1.416624188
0.999999583 -0.000546233 -0.000743381 0.043460716 0.000546017 0.999999821 -0.000291342 -0.057016574 0.000743540 0.000290936 0.999999702 1.611383080
0.999999225 -0.000999312 0.000738803 -0.005557718 0.000998898 0.999999344 0.000560904 -0.083245374 -0.000739363 -0.000560166 0.999999523 1.777362704
0.999998808 -0.001309639 0.000804342 0.000234757 0.001309071 0.999998927 0.000705077 -0.088344783 -0.000805264 -0.000704023 0.999999404 1.984522581
0.999999642 -0.000589380 0.000604630 0.001555941 0.000588987 0.999999583 0.000649397 -0.099119291 -0.000605013 -0.000649041 0.999999583 2.186138153
0.999999881 -0.000417904 0.000420093 0.008698472 0.000417544 0.999999642 0.000856230 -0.104804792 -0.000420451 -0.000856054 0.999999583 2.405649424
0.999999702 -0.000151190 0.000724333 0.002650126 0.000150538 0.999999583 0.000900482 -0.111416012 -0.000724468 -0.000900372 0.999999344 2.641559601
0.999999106 0.000408269 0.001252396 0.004096258 -0.000409611 0.999999344 0.001071054 -0.119597159 -0.001251958 -0.001071566 0.999998629 2.873076677
0.999999464 -0.000117142 0.000993606 0.014236996 0.000116028 0.999999404 0.001121204 -0.132806122 -0.000993736 -0.001121089 0.999998868 3.110188246
0.999999046 -0.001365928 0.000226956 0.021018170 0.001365614 0.999998093 0.001381528 -0.139015272 -0.000228842 -0.001381217 0.999999046 3.355451107
0.999999106 -0.001322770 0.000266883 0.030845754 0.001322399 0.999998093 0.001386468 -0.144946679 -0.000268717 -0.001386114 0.999999046 3.622249603
0.999999762 -0.000578010 0.000496943 0.030033419 0.000577350 0.999998927 0.001326954 -0.150169238 -0.000497709 -0.001326667 0.999998987 3.868206501
0.999999285 -0.000973919 0.000626641 0.036066137 0.000972816 0.999997914 0.001758608 -0.161499694 -0.000628353 -0.001757997 0.999998271 4.149862289
0.999999940 -0.000197981 0.000430931 0.037965335 0.000197238 0.999998510 0.001723515 -0.153886497 -0.000431271 -0.001723430 0.999998391 4.380120277
0.999999046 -0.001359244 0.000080502 0.034092411 0.001359077 0.999996960 0.002039365 -0.190274596 -0.000083274 -0.002039254 0.999997914 4.641851902
0.999999225 -0.001249072 0.000002608 0.040831327 0.001249062 0.999996603 0.002311004 -0.198512599 -0.000005494 -0.002310999 0.999997377 4.895917892
0.999999404 -0.001058779 0.000348673 0.043429419 0.001058066 0.999997377 0.002038880 -0.198813573 -0.000350831 -0.002038510 0.999997914 5.150034904
0.999998212 -0.001901067 -0.000291992 0.059189871 0.001901660 0.999996126 0.002043523 -0.209108859 0.000288106 -0.002044074 0.999997854 5.414292336
0.999997914 -0.001917616 0.000719931 0.022358187 0.001915711 0.999994636 0.002638132 -0.253942847 -0.000724986 -0.002636747 0.999996245 5.691329956
0.999997973 -0.001892064 0.000758451 0.027821664 0.001890039 0.999994695 0.002662168 -0.259751886 -0.000763484 -0.002660729 0.999996126 5.958914757
0.999998569 -0.001410020 0.000916529 0.035937827 0.001407502 0.999995232 0.002742175 -0.269961506 -0.000920391 -0.002740882 0.999995828 6.229140282
0.999997020 -0.002099527 0.001225950 0.036346562 0.002095919 0.999993443 0.002937129 -0.280637860 -0.001232108 -0.002934550 0.999994934 6.514524460
0.999996960 -0.002254653 0.000956081 0.040345199 0.002251828 0.999993145 0.002945496 -0.296057791 -0.000962715 -0.002943335 0.999995232 6.819846630
0.999996960 -0.002044530 0.001358747 0.052077763 0.002040745 0.999994040 0.002780932 -0.288715631 -0.001364425 -0.002778150 0.999995232 7.117434025
0.999997735 -0.001832408 0.001036059 0.056237593 0.001829660 0.999994755 0.002646984 -0.312438399 -0.001040904 -0.002645082 0.999995947 7.376225948
0.999998271 -0.001665786 0.000847995 0.068628222 0.001663586 0.999995291 0.002589286 -0.322730035 -0.000852304 -0.002587871 0.999996305 7.682049274
0.999997973 -0.001972555 0.000660672 0.084069945 0.001970471 0.999993145 0.003140234 -0.336188614 -0.000666862 -0.003138925 0.999994874 8.004938126
0.999997914 -0.002004605 0.000528026 0.078409769 0.002003124 0.999994159 0.002789064 -0.338644505 -0.000533613 -0.002788000 0.999996006 8.318241119
0.999998152 -0.001750662 0.000857498 0.080025747 0.001748128 0.999994159 0.002947388 -0.344092429 -0.000862653 -0.002945883 0.999995291 8.648490906
0.999997735 -0.001851139 0.001066606 0.063714609 0.001847233 0.999991655 0.003650803 -0.379258424 -0.001073355 -0.003648825 0.999992728 8.896182060
0.999997258 -0.002117345 0.000933848 0.076494515 0.002113584 0.999989808 0.004009907 -0.393701792 -0.000942328 -0.004007923 0.999991477 9.240478516
0.999996066 -0.002712498 0.000715346 0.089393318 0.002709787 0.999989271 0.003764362 -0.399907589 -0.000725549 -0.003762409 0.999992609 9.594728470
0.999996901 -0.002385231 0.000661993 0.094646297 0.002382505 0.999988735 0.004088874 -0.406962514 -0.000671738 -0.004087284 0.999991357 9.917450905
0.999997377 -0.002297177 0.000200271 0.122465625 0.002296432 0.999990761 0.003644018 -0.409430027 -0.000208640 -0.003643548 0.999993384 10.265604019
0.999995589 -0.002932615 0.000280926 0.112336352 0.002931421 0.999987125 0.004159842 -0.426918417 -0.000293121 -0.004159000 0.999991298 10.641622543
0.999996483 -0.002537185 0.000778803 0.121098816 0.002533793 0.999987423 0.004325402 -0.423277557 -0.000789767 -0.004323414 0.999990344 10.976215363
0.999997437 -0.001892304 0.001238922 0.118149258 0.001887161 0.999989629 0.004138940 -0.458043993 -0.001246742 -0.004136591 0.999990642 11.303834915
0.999996305 -0.002588325 0.000832760 0.133645937 0.002585197 0.999989688 0.003735679 -0.460066140 -0.000842421 -0.003733511 0.999992669 11.693412781
0.999996901 -0.002263914 0.001063064 0.136808485 0.002259457 0.999988794 0.004174372 -0.473436713 -0.001072503 -0.004171956 0.999990702 12.062952995
0.999997973 -0.000817302 0.001838999 0.134228945 0.000809417 0.999990463 0.004284369 -0.483650148 -0.001842484 -0.004282872 0.999989092 12.434942245
0.999996603 -0.002376743 0.001102061 0.158892691 0.002371958 0.999987841 0.004323555 -0.490840137 -0.001112323 -0.004320926 0.999990046 12.834809303
0.999995589 -0.002805957 0.001014541 0.177953988 0.002801148 0.999984980 0.004711102 -0.507110238 -0.001027745 -0.004708240 0.999988377 13.239939690
0.999997795 -0.001187686 0.001747193 0.162329346 0.001179602 0.999988735 0.004620950 -0.534303427 -0.001752662 -0.004618880 0.999987781 13.560394287
0.999998093 -0.000717782 0.001773058 0.171042025 0.000708876 0.999987125 0.005018623 -0.542510748 -0.001776637 -0.005017357 0.999985874 13.976899147
0.999995887 -0.002338359 0.001669725 0.189718544 0.002329814 0.999984264 0.005101408 -0.561392844 -0.001681628 -0.005097497 0.999985576 14.403220177
0.999994457 -0.002679076 0.001969339 0.190417647 0.002667979 0.999980688 0.005615930 -0.571524084 -0.001984347 -0.005610645 0.999982238 14.797725677
0.999993205 -0.003075172 0.002021487 0.213147193 0.003063291 0.999978125 0.005854476 -0.586590171 -0.002039446 -0.005848244 0.999980748 15.237495422
0.999992251 -0.003207788 0.002265136 0.213767484 0.003194014 0.999976575 0.006058558 -0.624126196 -0.002284517 -0.006051277 0.999979079 15.613017082
0.999993205 -0.003089959 0.002004452 0.230573416 0.003077600 0.999976456 0.006139441 -0.635562599 -0.002023375 -0.006133231 0.999979138 16.051242828
0.999989808 -0.003761370 0.002494349 0.242418081 0.003747131 0.999976814 0.005688680 -0.638544023 -0.002515689 -0.005679276 0.999980688 16.518712997
0.999992371 -0.002143872 0.003276012 0.246264517 0.002126476 0.999983728 0.005304341 -0.643795907 -0.003287331 -0.005297334 0.999980569 16.981620789
0.999992430 -0.001937285 0.003363968 0.250678241 0.001916456 0.999979019 0.006183822 -0.661540449 -0.003375877 -0.006177328 0.999975264 17.470758438
0.999991953 -0.002337690 0.003246827 0.248831302 0.002316880 0.999976873 0.006398317 -0.683697879 -0.003261709 -0.006390744 0.999974191 17.781692505
0.999990821 -0.002485737 0.003486462 0.264163703 0.002464095 0.999977767 0.006197909 -0.688541770 -0.003501791 -0.006189262 0.999974608 18.250602722
0.999992192 -0.002315478 0.003202556 0.274858713 0.002293251 0.999973416 0.006926772 -0.707123399 -0.003218509 -0.006919374 0.999970853 18.716154099
0.999990344 -0.002830303 0.003375132 0.294845015 0.002806338 0.999970973 0.007084156 -0.721380830 -0.003395084 -0.007074616 0.999969125 19.194364548
0.999990582 -0.002575419 0.003509436 0.296314389 0.002550622 0.999971926 0.007052011 -0.744757652 -0.003527498 -0.007042993 0.999968946 19.657375336
0.999990642 -0.002455089 0.003559305 0.302440047 0.002428256 0.999968767 0.007523823 -0.759827733 -0.003577665 -0.007515110 0.999965370 20.102718353
0.999990284 -0.003051150 0.003203137 0.313147783 0.003025277 0.999963045 0.008051382 -0.780870676 -0.003227585 -0.008041613 0.999962509 20.596117020
0.999993801 -0.002123065 0.002807920 0.329463780 0.002099663 0.999963284 0.008311028 -0.799643815 -0.002825461 -0.008305080 0.999961495 21.123079300
0.999993443 -0.002431188 0.002685724 0.340743750 0.002408810 0.999962628 0.008304421 -0.800746083 -0.002705814 -0.008297897 0.999961972 21.617950439
0.999990582 -0.003853133 0.001955465 0.334658355 0.003836057 0.999955118 0.008662255 -0.841639876 -0.001988754 -0.008654673 0.999960542 21.995708466
0.999992132 -0.003634516 0.001522130 0.333173126 0.003622127 0.999960959 0.008064205 -0.848260641 -0.001551379 -0.008058629 0.999966264 22.512161255
0.999989688 -0.004477012 0.000769916 0.343578577 0.004470646 0.999957383 0.008080264 -0.860886455 -0.000806059 -0.008076738 0.999967039 23.047466278
0.999992490 -0.003742527 0.001024228 0.340562761 0.003734386 0.999962270 0.007837913 -0.870650291 -0.001053523 -0.007834029 0.999968767 23.608219147
0.999992728 -0.003792620 -0.000427783 0.356857628 0.003795775 0.999963641 0.007633174 -0.879441500 0.000398818 -0.007634743 0.999970794 24.088027954
0.999991596 -0.004088887 -0.000401433 0.363588393 0.004092012 0.999958634 0.008118262 -0.884967506 0.000368222 -0.008119836 0.999967039 24.635385513
0.999993563 -0.003362450 -0.001277796 0.365055144 0.003371953 0.999966085 0.007508208 -0.885144770 0.001252507 -0.007512467 0.999971032 25.192819595
0.999992847 -0.003441258 -0.001523478 0.375934094 0.003452438 0.999966621 0.007398074 -0.898563325 0.001497968 -0.007403282 0.999971449 25.713050842
0.999986887 -0.004636941 -0.002163680 0.357399017 0.004657178 0.999944568 0.009443457 -0.961761594 0.002119771 -0.009453410 0.999953091 26.274732590
0.999982476 -0.005196820 -0.002829932 0.370062232 0.005222667 0.999943972 0.009204012 -0.972312987 0.002781942 -0.009218630 0.999953628 26.827379227
0.999991417 -0.003267337 -0.002525242 0.365643322 0.003292234 0.999945343 0.009918730 -0.993082404 0.002492696 -0.009926958 0.999947667 27.390575409
0.999982119 -0.004581546 -0.003815451 0.389024138 0.004619197 0.999940097 0.009918424 -1.003713608 0.003769781 -0.009935872 0.999943614 28.001916885
0.999986768 -0.003690264 -0.003569585 0.380843550 0.003725604 0.999943614 0.009944757 -1.018578291 0.003532685 -0.009957924 0.999944150 28.384962082
0.999985635 -0.003959066 -0.003616597 0.393468261 0.003995507 0.999940753 0.010124900 -1.033582926 0.003576298 -0.010139203 0.999942183 28.935987473
0.999981105 -0.003896587 -0.004748084 0.412667811 0.003940305 0.999949634 0.009233191 -1.026068449 0.004711866 -0.009251724 0.999946058 29.511192322
0.999976099 -0.004363320 -0.005359789 0.452922106 0.004415307 0.999942899 0.009726224 -1.065588713 0.005317044 -0.009749656 0.999938250 30.070306778
0.999981642 -0.003594189 -0.004901953 0.404178649 0.003649305 0.999929726 0.011281424 -1.134368300 0.004861061 -0.011299104 0.999924362 30.438304901
0.999980807 -0.003634030 -0.005015729 0.413905621 0.003693519 0.999922276 0.011902619 -1.152544737 0.004972083 -0.011920916 0.999916613 30.977159500
0.999979079 -0.003940729 -0.005137397 0.433791697 0.004001206 0.999922276 0.011815283 -1.170590878 0.005090437 -0.011835591 0.999917030 31.542539597
0.999982893 -0.003351492 -0.004801995 0.424391329 0.003405531 0.999930501 0.011289840 -1.154913425 0.004763823 -0.011306000 0.999924719 32.072330475
0.999984503 -0.002517026 -0.004957408 0.402005136 0.002572354 0.999934137 0.011186215 -1.174467325 0.004928925 -0.011198794 0.999925137 32.593704224
0.999983668 -0.002665426 -0.005058354 0.403268635 0.002722411 0.999932587 0.011292394 -1.187561750 0.005027914 -0.011305981 0.999923468 33.152862549
0.999984264 -0.002447148 -0.005052498 0.416277349 0.002504477 0.999932170 0.011371510 -1.196557283 0.005024327 -0.011383984 0.999922574 33.711940765
0.999979258 -0.003437732 -0.005457616 0.428348750 0.003501403 0.999925375 0.011700186 -1.207520127 0.005416987 -0.011719053 0.999916613 34.206226349
0.999972343 -0.003902793 -0.006332921 0.420648873 0.003977596 0.999922097 0.011842652 -1.220962048 0.006286209 -0.011867516 0.999909818 34.736831665
0.999973416 -0.004149263 -0.006007493 0.413144350 0.004222510 0.999916255 0.012231702 -1.239065051 0.005956237 -0.012256742 0.999907076 35.296909332
0.999976695 -0.003383063 -0.005935456 0.430933774 0.003452031 0.999926269 0.011648290 -1.235616088 0.005895611 -0.011668507 0.999914527 35.872451782
0.999977589 -0.002605129 -0.006176742 0.441251040 0.002676550 0.999929368 0.011582996 -1.240056753 0.006146130 -0.011599269 0.999913812 36.386672974
0.999971211 -0.004558544 -0.006068811 0.415293425 0.004630541 0.999918461 0.011902857 -1.250490427 0.006014057 -0.011930618 0.999910712 36.934501648
0.999978304 -0.002579750 -0.006061545 0.447618127 0.002649477 0.999930143 0.011523529 -1.254341602 0.006031392 -0.011539341 0.999915183 37.498691559
0.999963403 -0.005276441 -0.006730867 0.432544976 0.005364245 0.999899864 0.013094405 -1.311678648 0.006661101 -0.013130032 0.999891639 37.902286530
0.999948621 -0.005794328 -0.008309367 0.488489807 0.005916671 0.999873281 0.014775373 -1.369084120 0.008222700 -0.014823779 0.999856353 38.465518951
0.999965489 -0.004830826 -0.006764744 0.448097706 0.004918167 0.999903977 0.012954603 -1.328751802 0.006701513 -0.012987426 0.999893248 38.976367950
0.999960363 -0.004685279 -0.007563651 0.476093173 0.004774462 0.999918818 0.011816403 -1.308468580 0.007507673 -0.011852049 0.999901593 39.563465118
0.999952853 -0.005883276 -0.007718544 0.484906107 0.005994019 0.999878347 0.014403861 -1.395552874 0.007632862 -0.014449448 0.999866545 40.116252899
0.999957442 -0.004820142 -0.007868332 0.518510222 0.004928580 0.999892354 0.013820796 -1.398232460 0.007800866 -0.013858989 0.999873519 40.702022552
0.999951541 -0.005796471 -0.007951861 0.517705441 0.005907385 0.999884605 0.013996263 -1.407987952 0.007869815 -0.014042561 0.999870479 41.247097015
0.999955952 -0.005021072 -0.007934988 0.520442009 0.005133030 0.999886632 0.014152655 -1.402287960 0.007863026 -0.014192764 0.999868333 41.779186249
0.999948442 -0.006349920 -0.007923956 0.511699557 0.006460375 0.999881208 0.013992485 -1.389747143 0.007834163 -0.014042958 0.999870718 42.323825836
0.999953866 -0.005542042 -0.007847206 0.514534831 0.005653646 0.999882162 0.014272215 -1.420112610 0.007767184 -0.014315921 0.999867380 42.868404388
0.999945700 -0.005516172 -0.008839246 0.520455241 0.005628692 0.999902785 0.012755607 -1.428408384 0.008768026 -0.012804668 0.999879599 43.287414551
0.999941528 -0.006052431 -0.008968383 0.532882690 0.006164946 0.999902010 0.012571620 -1.429257870 0.008891414 -0.012626173 0.999880791 43.850608826
0.999938607 -0.005560456 -0.009585220 0.551068306 0.005677610 0.999908984 0.012238818 -1.432344675 0.009516293 -0.012292487 0.999879181 44.403015137
0.999923944 -0.006689855 -0.010357887 0.580046535 0.006814272 0.999904394 0.012023427 -1.426833153 0.010276463 -0.012093093 0.999874055 44.952968597
0.999917209 -0.007497860 -0.010464421 0.594405174 0.007630877 0.999889851 0.012729836 -1.442576647 0.010367821 -0.012808635 0.999864161 45.482166290
0.999949157 -0.004870985 -0.008842327 0.559185028 0.004991234 0.999894619 0.013628407 -1.491461635 0.008775012 -0.013671846 0.999868035 45.887226105
0.999948502 -0.004471186 -0.009112407 0.568967164 0.004591617 0.999901831 0.013238345 -1.492135167 0.009052319 -0.013279503 0.999870896 46.436134338
0.999947429 -0.004618618 -0.009155453 0.570667446 0.004744777 0.999893486 0.013806197 -1.507757664 0.009090711 -0.013848914 0.999862790 46.993839264
0.999951482 -0.005009734 -0.008480464 0.552857459 0.005115814 0.999908388 0.012533616 -1.501478910 0.008416895 -0.012576392 0.999885499 47.521335602
0.999961376 -0.003736620 -0.007945276 0.556017578 0.003847900 0.999894083 0.014036987 -1.530033350 0.007891983 -0.014067020 0.999869943 48.072269440
0.999950826 -0.004718953 -0.008723775 0.580706954 0.004843671 0.999885499 0.014330869 -1.546278477 0.008655150 -0.014372420 0.999859214 48.457855225
0.999943078 -0.005446305 -0.009177307 0.588628054 0.005570008 0.999893188 0.013507973 -1.547101736 0.009102758 -0.013558323 0.999866605 49.001899719
0.999959230 -0.003777832 -0.008200721 0.576073408 0.003887756 0.999902248 0.013429935 -1.552628875 0.008149184 -0.013461269 0.999876142 49.550910950
0.999958456 -0.003865341 -0.008256096 0.582208514 0.003979790 0.999895632 0.013891193 -1.565349102 0.008201540 -0.013923476 0.999869406 50.091220856
0.999949515 -0.004753054 -0.008843771 0.588957250 0.004887475 0.999871910 0.015240553 -1.583383203 0.008770199 -0.015283009 0.999844730 50.512477875
0.999947131 -0.004556478 -0.009213813 0.609976053 0.004693026 0.999878705 0.014853013 -1.589089751 0.009145016 -0.014895471 0.999847233 51.046504974
0.999945998 -0.005020050 -0.009097231 0.628212810 0.005151512 0.999881864 0.014485375 -1.580255628 0.009023435 -0.014531458 0.999853730 51.590950012
0.999951482 -0.004760185 -0.008627145 0.607998252 0.004884421 0.999883831 0.014437206 -1.594225168 0.008557417 -0.014478645 0.999858558 52.113277435
0.999943495 -0.005385708 -0.009161759 0.597119927 0.005529099 0.999861419 0.015698357 -1.634008408 0.009075942 -0.015748126 0.999834716 52.538108826
0.999952376 -0.004604226 -0.008610752 0.588913441 0.004737681 0.999868035 0.015543014 -1.638416409 0.008538052 -0.015583067 0.999842107 53.093662262
0.999948442 -0.004594847 -0.009061793 0.605040193 0.004729856 0.999877274 0.014934084 -1.641008019 0.008992060 -0.014976176 0.999847412 53.644306183
0.999944210 -0.004954239 -0.009333521 0.648773432 0.005082639 0.999892116 0.013783762 -1.624783993 0.009264227 -0.013830433 0.999861360 54.234191895
0.999953091 -0.004219971 -0.008717895 0.633682132 0.004346354 0.999884963 0.014529279 -1.634522200 0.008655578 -0.014566489 0.999856353 54.725467682
0.999945283 -0.005156694 -0.009101769 0.607921362 0.005297225 0.999866188 0.015484023 -1.679418445 0.009020703 -0.015531391 0.999838650 55.127426147
0.999946356 -0.004868624 -0.009143486 0.617670536 0.005010300 0.999866784 0.015536366 -1.682961941 0.009066626 -0.015581345 0.999837458 55.656936646
0.999944210 -0.005238940 -0.009170085 0.621081173 0.005379723 0.999867022 0.015395718 -1.702349186 0.009088207 -0.015444192 0.999839485 56.218685150
0.999944746 -0.005169956 -0.009152928 0.627242804 0.005308814 0.999870241 0.015212127 -1.700006485 0.009073094 -0.015259880 0.999842465 56.789714813
0.999935210 -0.006055414 -0.009637754 0.659431875 0.006205446 0.999858797 0.015614060 -1.701936483 0.009541845 -0.015672855 0.999831676 57.257999420
0.999942958 -0.005423871 -0.009196091 0.621910989 0.005569355 0.999858558 0.015869115 -1.733375549 0.009108716 -0.015919426 0.999831796 57.684459686
0.999957800 -0.004655288 -0.007926529 0.625514805 0.004779798 0.999864340 0.015762364 -1.743620872 0.007852076 -0.015799584 0.999844313 58.227035522
0.999948502 -0.005193310 -0.008730266 0.624383450 0.005334471 0.999854147 0.016224386 -1.749019384 0.008644735 -0.016270122 0.999830246 58.742980957
0.999943554 -0.005589223 -0.009037977 0.646318316 0.005731054 0.999859691 0.015743837 -1.744611979 0.008948714 -0.015794745 0.999835253 59.316722870
0.999952555 -0.004256344 -0.008763270 0.719030917 0.004396987 0.999860823 0.016092867 -1.758325100 0.008693553 -0.016130636 0.999832094 59.781040192
0.999935925 -0.005976417 -0.009607129 0.662090659 0.006135142 0.999843717 0.016577922 -1.774223804 0.009506551 -0.016635800 0.999816418 60.281627655
0.999938607 -0.005931746 -0.009355986 0.674359739 0.006087142 0.999842525 0.016669087 -1.786712885 0.009255637 -0.016725015 0.999817252 60.800327301
0.999944031 -0.005355017 -0.009124683 0.674097598 0.005511197 0.999837339 0.017177856 -1.799416184 0.009031211 -0.017227182 0.999810755 61.311275482
0.999955356 -0.004676470 -0.008216594 0.663543284 0.004814977 0.999845266 0.016918810 -1.808027148 0.008136203 -0.016957616 0.999823034 61.872383118
0.999956250 -0.004386158 -0.008270853 0.659968615 0.004525550 0.999846756 0.016910691 -1.805508018 0.008195414 -0.016947381 0.999822736 62.371856689
0.999924541 -0.006925914 -0.010139125 0.678323150 0.007096470 0.999832273 0.016883487 -1.826968431 0.010020490 -0.016954167 0.999806046 62.903514862
0.999922454 -0.006665806 -0.010520470 0.695443213 0.006838349 0.999841273 0.016450811 -1.833970666 0.010409142 -0.016521480 0.999809325 63.453010559
0.999927938 -0.006935186 -0.009796966 0.698945284 0.007092449 0.999845088 0.016109815 -1.842969894 0.009683723 -0.016178140 0.999822199 63.988704681
0.999929965 -0.006670136 -0.009772722 0.738746881 0.006823617 0.999852598 0.015756831 -1.806305766 0.009666181 -0.015822414 0.999828100 64.435432434
0.999921322 -0.007408277 -0.010135069 0.699598730 0.007582699 0.999822021 0.017280970 -1.863875628 0.010005244 -0.017356461 0.999799311 64.952262878
0.999925911 -0.006964496 -0.009985947 0.694820225 0.007133865 0.999829650 0.017026616 -1.867683649 0.009865665 -0.017096594 0.999805212 65.520858765
0.999925256 -0.007396546 -0.009729169 0.691098213 0.007557977 0.999832571 0.016661778 -1.866315722 0.009604300 -0.016734067 0.999813855 66.066162109
0.999913871 -0.008252406 -0.010202738 0.720772862 0.008425414 0.999819398 0.017031733 -1.876453757 0.010060344 -0.017116230 0.999802887 66.616203308
0.999920249 -0.007756145 -0.009964610 0.694867134 0.007931289 0.999812603 0.017658960 -1.904925346 0.009825777 -0.017736584 0.999794424 67.065071106
0.999930441 -0.006557937 -0.009803313 0.712738216 0.006732482 0.999817491 0.017879052 -1.922056913 0.009684273 -0.017943809 0.999792099 67.592330933
0.999926329 -0.007364724 -0.009652918 0.715286970 0.007537501 0.999809861 0.017986489 -1.924404263 0.009518616 -0.018057920 0.999791622 68.146583557
0.999933481 -0.006797872 -0.009317648 0.718379915 0.006965458 0.999812424 0.018073073 -1.940027475 0.009193040 -0.018136771 0.999793172 68.680519104
0.999926805 -0.007372937 -0.009585619 0.730858386 0.007544319 0.999810100 0.017967651 -1.937095046 0.009451322 -0.018038653 0.999792635 69.173782349
0.999934733 -0.006613499 -0.009317775 0.721589684 0.006787022 0.999801815 0.018715847 -1.974028945 0.009192149 -0.018777866 0.999781430 69.614730835
0.999936163 -0.006368680 -0.009336590 0.729873121 0.006540664 0.999807417 0.018506985 -1.984045029 0.009216925 -0.018566869 0.999785185 70.161033630
0.999935746 -0.006252929 -0.009448648 0.736952305 0.006427308 0.999807417 0.018539244 -1.987090468 0.009330904 -0.018598780 0.999783456 70.735565186
0.999937117 -0.006182496 -0.009355649 0.732211053 0.006350210 0.999817729 0.018004388 -1.986117959 0.009242631 -0.018062662 0.999794185 71.287712097
0.999951005 -0.005081676 -0.008491278 0.735033035 0.005239379 0.999812365 0.018654542 -1.998988390 0.008394889 -0.018698119 0.999789894 71.936195374
0.999931574 -0.007076357 -0.009318639 0.723020375 0.007247336 0.999803662 0.018443963 -1.990184546 0.009186291 -0.018510235 0.999786377 72.483795166
0.999935746 -0.006102470 -0.009553277 0.807584405 0.006286710 0.999792516 0.019375702 -2.048574448 0.009433054 -0.019434515 0.999766648 72.672836304
0.999921739 -0.006874849 -0.010452178 0.818729043 0.007081946 0.999776721 0.019907599 -2.057606697 0.010312983 -0.019980062 0.999747217 73.210258484
0.999939322 -0.005985001 -0.009244959 0.819912136 0.006170382 0.999777853 0.020155365 -2.071006536 0.009122272 -0.020211186 0.999754071 73.721672058
0.999942958 -0.005955736 -0.008866451 0.805001616 0.006133237 0.999778628 0.020128747 -2.076994181 0.008744608 -0.020181978 0.999758065 74.312294006
0.999941230 -0.006184735 -0.008902629 0.796948731 0.006363963 0.999774754 0.020246483 -2.084234476 0.008775404 -0.020301949 0.999755383 74.822212219
0.999961853 -0.004251109 -0.007623659 0.776576579 0.004409553 0.999772131 0.020888267 -2.093305349 0.007533122 -0.020921089 0.999752760 75.322036743
0.999950469 -0.004371375 -0.008935931 0.814589918 0.004555321 0.999776006 0.020669341 -2.125125885 0.008843577 -0.020709025 0.999746382 75.813606262
0.999945402 -0.004969707 -0.009191290 0.825995505 0.005163215 0.999763012 0.021150799 -2.130234957 0.009083999 -0.021197101 0.999733984 76.351257324
0.999946594 -0.004548990 -0.009275872 0.825086117 0.004746979 0.999759018 0.021435373 -2.135352135 0.009176126 -0.021478262 0.999727190 76.883323669
0.999961019 -0.003239344 -0.008220317 0.876518011 0.003412631 0.999770463 0.021154657 -2.179948807 0.008149902 -0.021181887 0.999742389 77.341941833
0.999963939 -0.003856458 -0.007566905 0.855090857 0.004016276 0.999766767 0.021220488 -2.159994125 0.007483304 -0.021250114 0.999746203 77.921028137
0.999977648 -0.003470524 -0.005731210 0.855479121 0.003590485 0.999771953 0.021055168 -2.173253775 0.005656831 -0.021075273 0.999761939 78.483856201
0.999982178 -0.003803290 -0.004595703 0.868020296 0.003901944 0.999757946 0.021651709 -2.185362339 0.004512244 -0.021669257 0.999755025 79.045372009
0.999993145 -0.002112709 -0.003071892 0.844042122 0.002179193 0.999759912 0.021802966 -2.202335596 0.003025094 -0.021809509 0.999757588 79.595092773
0.999994934 -0.003102581 -0.000810070 0.916001201 0.003119668 0.999752700 0.022020446 -2.223325253 0.000741551 -0.022022860 0.999757171 80.036071777
0.999990225 -0.003490702 0.002708828 0.864065170 0.003432699 0.999770880 0.021129444 -2.172343731 -0.002781964 -0.021119941 0.999773085 80.633827209
0.999976039 -0.002836819 0.006313115 0.889520526 0.002699184 0.999760807 0.021704180 -2.194332123 -0.006373176 -0.021686617 0.999744415 81.203445435
0.999941826 -0.002955562 0.010371042 0.913636446 0.002736055 0.999773324 0.021116138 -2.176845074 -0.010431102 -0.021086534 0.999723196 81.731842041
0.999862254 -0.002488847 0.016412348 0.925516129 0.002124727 0.999752104 0.022165978 -2.206000328 -0.016463447 -0.022128053 0.999619544 82.292984009
0.999752939 -0.002482973 0.022084108 0.977991998 0.001992818 0.999751747 0.022189315 -2.205412388 -0.022133721 -0.022139827 0.999509871 82.775108337
0.999602616 -0.003018826 0.028024280 0.951319337 0.002425036 0.999772370 0.021198247 -2.215896130 -0.028081888 -0.021121861 0.999382555 83.381492615
0.999323249 -0.003432165 0.036620814 0.994736433 0.002650109 0.999767900 0.021382703 -2.219634771 -0.036685705 -0.021271182 0.999100447 83.925621033
0.998965561 -0.002151887 0.045423299 1.036718607 0.001171467 0.999766052 0.021599703 -2.232906818 -0.045459151 -0.021524146 0.998734295 84.474418640
0.998643160 -0.003354427 0.051968038 1.080109358 0.002239095 0.999766231 0.021505255 -2.234076738 -0.052028026 -0.021359712 0.998417139 85.006874084
0.998117030 -0.002174133 0.061300397 1.129877090 0.000854684 0.999767542 0.021542324 -2.242541075 -0.061332982 -0.021449368 0.997886837 85.580467224
0.997496128 -0.003567708 0.070631042 1.203269005 0.002032133 0.999760270 0.021800732 -2.257229328 -0.070691884 -0.021602612 0.997264266 86.146537781
0.996761560 -0.002209797 0.080383368 1.244239330 0.000359362 0.999734700 0.023027323 -2.342149258 -0.080412917 -0.022923863 0.996497989 86.698135376
0.996021211 -0.000664830 0.089113526 1.304561615 -0.001413087 0.999728560 0.023252519 -2.347980976 -0.089104794 -0.023285929 0.995750010 87.256195068
0.995025098 -0.001242049 0.099616535 1.390280724 -0.001111361 0.999721646 0.023565719 -2.348358631 -0.099618062 -0.023559192 0.994746745 87.790458679
0.993925869 -0.000710849 0.110049263 1.489160538 -0.001950346 0.999708354 0.024072321 -2.380826473 -0.110034280 -0.024140736 0.993634522 88.281501770
0.992948234 -0.001929182 0.118532576 1.543732643 -0.000953391 0.999705255 0.024257310 -2.376567364 -0.118544444 -0.024199264 0.992653847 88.833099365
0.991581559 -0.001220670 0.129477158 1.638031960 -0.001958451 0.999699712 0.024423365 -2.381167889 -0.129468098 -0.024471333 0.991281629 89.379241943
0.989742100 -0.001159182 0.142860517 1.717950821 -0.002271482 0.999713004 0.023848651 -2.374173641 -0.142847151 -0.023928517 0.989455521 89.935218811
0.988214731 -0.001153631 0.153069466 1.836046219 -0.002637493 0.999694884 0.024561979 -2.390766621 -0.153051108 -0.024676228 0.987910151 90.461479187
0.986625493 -0.001224011 0.162998676 1.933115959 -0.002845857 0.999690115 0.024732884 -2.397146225 -0.162978411 -0.024865966 0.986316264 90.992958069
0.984388828 -0.001174389 0.176003590 2.018734932 -0.003120038 0.999704182 0.024120942 -2.381660461 -0.175979838 -0.024293521 0.984094024 91.525459290
0.982262671 -0.001555279 0.187503695 2.132469177 -0.003115467 0.999692142 0.024612889 -2.374526978 -0.187484294 -0.024760474 0.981955469 92.070648193
0.980189502 -0.001525504 0.198055714 2.262473106 -0.003397436 0.999693632 0.024514154 -2.377120733 -0.198032469 -0.024701398 0.979884207 92.610664368
0.977398098 -0.001978470 0.211397707 2.401624680 -0.003223769 0.999700427 0.024261303 -2.372241735 -0.211382374 -0.024394451 0.977098942 93.142814636
0.974303186 -0.001770630 0.225233823 2.536651611 -0.003772523 0.999700665 0.024177898 -2.371744156 -0.225209177 -0.024406305 0.974004626 93.642601013
0.971498549 -0.001714815 0.237039313 2.688476562 -0.004258358 0.999686241 0.024684791 -2.390747309 -0.237007231 -0.024990637 0.971186399 94.188690186
0.968173146 -0.001069190 0.250278801 2.787414551 -0.005404415 0.999668419 0.025176903 -2.374097109 -0.250222713 -0.025728215 0.967846394 94.723640442
0.964379132 -0.001268935 0.264520496 2.944829941 -0.005636402 0.999662936 0.025344493 -2.379727602 -0.264463454 -0.025932644 0.964047015 95.245391846
0.960715413 -0.001010019 0.277533352 3.122341156 -0.006039718 0.999680459 0.024545329 -2.373658657 -0.277469486 -0.025257301 0.960402369 95.778732300
0.957667053 -0.001806789 0.287872463 3.326860428 -0.005586203 0.999675393 0.024857970 -2.389020920 -0.287823975 -0.025413770 0.957346082 96.275047302
0.953122914 -0.002351077 0.302574217 3.511014938 -0.005263368 0.999689758 0.024347691 -2.376285315 -0.302537590 -0.024798904 0.952814817 96.867172241
0.949034631 -0.002982566 0.315157622 3.749187469 -0.004915103 0.999693692 0.024261680 -2.374364376 -0.315133452 -0.024574211 0.948729157 97.379623413
0.945097387 -0.003109501 0.326773912 3.960079193 -0.005097456 0.999692857 0.024255723 -2.374533415 -0.326748997 -0.024589736 0.944791257 97.905113220
0.940486729 -0.003093428 0.339816302 4.156362534 -0.005481799 0.999690413 0.024272023 -2.377891779 -0.339786202 -0.024690323 0.940178573 98.416870117
0.935424149 -0.002750241 0.353516579 4.379716873 -0.006297051 0.999681473 0.024439532 -2.388442755 -0.353471130 -0.025087442 0.935108960 98.933883667
0.930935860 -0.004754890 0.365151912 4.607252121 -0.004659300 0.999679148 0.024896145 -2.403622627 -0.365153164 -0.024878064 0.930614948 99.491363525
0.926395595 -0.005663878 0.376509219 4.845224380 -0.003545508 0.999711394 0.023762466 -2.383454084 -0.376535058 -0.023348363 0.926108003 99.974777222
0.920303047 -0.003720153 0.391188592 5.101383209 -0.006300014 0.999684155 0.024328161 -2.400432348 -0.391155541 -0.024853775 0.919988871 100.467353821
0.914670706 -0.006158817 0.404152811 5.290832520 -0.003828753 0.999706984 0.023899533 -2.384371996 -0.404181540 -0.023407606 0.914379179 100.960975647
0.909921944 -0.005663428 0.414740920 5.563915253 -0.004769867 0.999697745 0.024116077 -2.383054256 -0.414752156 -0.023922004 0.909619927 101.515838623
0.904454231 -0.006022402 0.426528275 5.824428558 -0.004651660 0.999701560 0.023979226 -2.385712385 -0.426545352 -0.023672178 0.904156268 102.000579834
0.897727787 -0.005388882 0.440517843 6.088378906 -0.005611029 0.999704242 0.023664115 -2.391127110 -0.440515041 -0.023715690 0.897431970 102.513175964
0.892089486 -0.006377087 0.451813728 6.365386963 -0.004963013 0.999701798 0.023909491 -2.393487215 -0.451831460 -0.023571761 0.891791821 103.003982544
0.885775328 -0.005258330 0.464084536 6.641616821 -0.006346811 0.999705076 0.023441048 -2.387588739 -0.464070857 -0.023708954 0.885480762 103.516685486
0.878533721 -0.006387946 0.477637619 6.930229187 -0.005071517 0.999729455 0.022698620 -2.372003078 -0.477653414 -0.022363849 0.878263652 104.043365479
