1.000000000 0.000000000 0.000000000 0.000000000 0.000000000 1.000000000 0.000000000 0.000000000 0.000000000 0.000000000 1.000000000 0.000000000
1.000000000 0.000130657 0.000014980 -0.000038228 -0.000130656 1.000000000 -0.000035647 0.000454843 -0.000014985 0.000035645 1.000000000 0.000171506
1.000000000 0.000043210 0.000050296 -0.000727142 -0.000043213 1.000000000 0.000045756 -0.000568645 -0.000050294 -0.000045758 1.000000000 -0.000884067
1.000000000 -0.000088180 0.000097428 -0.000390468 0.000088184 1.000000000 -0.000037693 0.000545192 -0.000097424 0.000037702 1.000000000 0.000311855
1.000000000 -0.000098372 0.000046335 -0.000334737 0.000098371 1.000000000 0.000015636 -0.000071537 -0.000046336 -0.000015632 1.000000000 -0.000530208
1.000000000 0.000028237 0.000139068 -0.001124805 -0.000028237 1.000000000 0.000001382 0.000533544 -0.000139068 -0.000001386 1.000000000 0.000031680
1.000000000 -0.000091886 0.000096970 -0.000171716 0.000091886 1.000000000 -0.000005561 0.000224690 -0.000096969 0.000005570 1.000000000 -0.000044988
1.000000000 0.000030093 0.000069238 -0.000725877 -0.000030097 1.000000000 0.000052991 -0.000277699 -0.000069237 -0.000052993 1.000000000 -0.000666895
1.000000000 0.000035436 0.000039275 -0.001000703 -0.000035433 1.000000000 -0.000081867 0.000526647 -0.000039278 0.000081866 1.000000000 0.000031692
1.000000000 -0.000015468 0.000091743 -0.000436530 0.000015464 1.000000000 0.000044203 -0.000941992 -0.000091744 -0.000044202 1.000000000 -0.000318019
1.000000000 0.000100165 0.000105172 -0.001264017 -0.000100173 1.000000000 0.000071449 -0.000597233 -0.000105165 -0.000071460 1.000000000 -0.000248313
1.000000000 0.000035908 0.000098857 -0.001142802 -0.000035908 1.000000000 -0.000006187 -0.000057394 -0.000098857 0.000006184 1.000000000 -0.001292217
1.000000000 0.000122563 0.000081987 -0.001279731 -0.000122554 1.000000000 -0.000107376 -0.000089678 -0.000082000 0.000107366 1.000000000 -0.001457765
1.000000000 0.000039142 0.000080462 -0.001540465 -0.000039138 1.000000000 -0.000041984 0.001465956 -0.000080463 0.000041981 1.000000000 0.000592403
1.000000000 0.000009068 0.000084721 -0.001983571 -0.000009061 1.000000000 -0.000089866 0.001109299 -0.000084722 0.000089865 1.000000000 -0.000392877
1.000000000 0.000100016 0.000046435 -0.000419882 -0.000100011 1.000000000 -0.000107603 0.002225918 -0.000046446 0.000107599 1.000000000 0.001767957
1.000000000 0.000108855 0.000134583 -0.001061224 -0.000108837 1.000000000 -0.000131586 0.002091930 -0.000134597 0.000131571 1.000000000 0.002248476
1.000000000 0.000147554 0.000095796 -0.001178528 -0.000147542 1.000000000 -0.000119070 0.001237866 -0.000095814 0.000119056 1.000000000 0.000960895
0.999999940 0.000224758 0.000163989 -0.002060510 -0.000224741 0.999999940 -0.000106233 0.002315893 -0.000164013 0.000106196 1.000000000 0.002218620
0.999999940 0.000189622 0.000175480 -0.001873683 -0.000189599 1.000000000 -0.000134385 0.002247687 -0.000175505 0.000134351 1.000000000 0.002087002
1.000000000 0.000131859 0.000177291 -0.002117122 -0.000131841 1.000000000 -0.000101445 0.001873621 -0.000177305 0.000101421 1.000000000 0.002292507
1.000000000 0.000142335 0.000113868 -0.001762299 -0.000142322 1.000000000 -0.000108257 0.002210617 -0.000113884 0.000108241 1.000000000 0.001537925
1.000000000 0.000130055 0.000076808 -0.000674780 -0.000130044 1.000000000 -0.000142797 0.002288766 -0.000076826 0.000142787 1.000000000 0.002796745
1.000000000 0.000100135 0.000102771 -0.001551494 -0.000100122 1.000000000 -0.000126640 0.002836985 -0.000102784 0.000126630 1.000000000 0.003409359
0.999999940 0.000269686 0.000070978 -0.001561571 -0.000269679 0.999999940 -0.000095759 0.002524023 -0.000071004 0.000095740 1.000000000 0.003456395
0.999999940 0.000305056 0.000125680 -0.001786169 -0.000305052 0.999999940 -0.000029623 0.001355384 -0.000125689 0.000029584 1.000000000 0.001592043
1.000000000 0.000122412 0.000179530 -0.001924093 -0.000122402 1.000000000 -0.000059109 0.002862769 -0.000179537 0.000059087 1.000000000 0.002939223
1.000000000 0.000158365 0.000167688 -0.001723547 -0.000158360 1.000000000 -0.000028884 0.001386379 -0.000167692 0.000028857 1.000000000 0.002218663
1.000000000 0.000149607 0.000103561 -0.001670089 -0.000149600 1.000000000 -0.000067962 0.002667181 -0.000103571 0.000067947 1.000000000 0.002637763
1.000000000 0.000157511 0.000172056 -0.002152985 -0.000157493 1.000000000 -0.000101888 0.002499564 -0.000172072 0.000101861 1.000000000 0.002858664
0.999999940 0.000141781 0.000214818 -0.001430371 -0.000141775 1.000000000 -0.000029098 0.001420962 -0.000214822 0.000029067 1.000000000 0.002556864
1.000000000 0.000058724 0.000209610 -0.001238884 -0.000058700 1.000000000 -0.000114494 0.003324999 -0.000209617 0.000114482 1.000000000 0.003912623
1.000000000 0.000160554 0.000075697 -0.000344400 -0.000160538 0.999999940 -0.000220623 0.003910747 -0.000075732 0.000220611 1.000000000 0.003761315
1.000000000 0.000095686 0.000147821 -0.001155184 -0.000095675 1.000000000 -0.000072908 0.001937154 -0.000147828 0.000072894 1.000000000 0.002384015
0.999999940 0.000224623 0.000199018 -0.002802104 -0.000224595 0.999999940 -0.000142947 0.002498341 -0.000199050 0.000142903 0.999999940 0.002457893
0.999999940 0.000240834 0.000205194 -0.001375036 -0.000240813 0.999999940 -0.000104110 0.001777174 -0.000205219 0.000104061 1.000000000 0.001701409
1.000000000 0.000063357 0.000146212 -0.001569561 -0.000063343 1.000000000 -0.000096311 0.002651173 -0.000146218 0.000096302 1.000000000 0.002474728
0.999999940 0.000218292 0.000137042 -0.001871588 -0.000218278 1.000000000 -0.000102273 0.003019246 -0.000137064 0.000102243 1.000000000 0.003196573
0.999999940 0.000231550 0.000194350 -0.001333921 -0.000231526 0.999999940 -0.000121140 0.002544407 -0.000194378 0.000121095 1.000000000 0.001717988
1.000000000 0.000174024 0.000101072 -0.000469198 -0.000174009 1.000000000 -0.000146617 0.003901556 -0.000101097 0.000146600 1.000000000 0.003166065
1.000000000 0.000068288 0.000074784 0.000329171 -0.000068277 1.000000000 -0.000143309 0.001616249 -0.000074793 0.000143304 1.000000000 0.003420340
0.999999881 0.000428822 0.000213273 0.000284915 -0.000428676 0.999999702 -0.000686150 -0.001196462 -0.000213567 0.000686058 0.999999762 0.051446617
0.999999940 0.000246935 0.000074352 0.002182973 -0.000246844 0.999999225 -0.001222165 -0.003222228 -0.000074654 0.001222146 0.999999225 0.140298560
0.999998391 0.001273972 0.001247709 -0.009619598 -0.001272610 0.999998569 -0.001092073 -0.012267776 -0.001249099 0.001090484 0.999998629 0.257768124
0.999997973 0.001524251 0.001289028 -0.006671341 -0.001522993 0.999998331 -0.000976402 -0.015617127 -0.001290514 0.000974437 0.999998689 0.389125526
0.999997795 0.001549048 0.001387115 -0.005650754 -0.001547953 0.999998450 -0.000789645 -0.018540164 -0.001388336 0.000787496 0.999998748 0.537233472
0.999998927 0.001025920 0.001033857 0.003478575 -0.001025351 0.999999344 -0.000550893 -0.026458327 -0.001034421 0.000549833 0.999999285 0.691563725
0.999998987 0.000859866 0.001111420 0.007768527 -0.000859645 0.999999702 -0.000199083 -0.029517908 -0.001111591 0.000198127 0.999999344 0.855393291
0.999998689 0.001055748 0.001203433 0.008963931 -0.001055623 0.999999404 -0.000104580 -0.034385905 -0.001203543 0.000103309 0.999999225 1.027719617
0.999998450 0.001299666 0.001207978 0.008510338 -0.001299058 0.999999046 -0.000503748 -0.036932617 -0.001208632 0.000502178 0.999999166 1.201599002
0.999998569 0.001177379 0.001270640 0.012499682 -0.001177356 0.999999344 -0.000018609 -0.045610096 -0.001270661 0.000017113 0.999999285 1.381631494
0.999998152 0.001451245 0.001327985 0.014576470 -0.001450688 0.999998927 -0.000420307 -0.043704465 -0.001328593 0.000418380 0.999999046 1.584404707
0.999998450 0.001205201 0.001286231 0.022675259 -0.001205055 0.999999285 -0.000114223 -0.050134677 -0.001286368 0.000112673 0.999999225 1.789357066
0.999997199 0.001475706 0.001858266 0.015532108 -0.001476530 0.999998808 0.000442565 -0.063559279 -0.001857610 -0.000445307 0.999998152 1.985334754
0.999998271 0.000787731 0.001693053 0.023989882 -0.000788547 0.999999583 0.000481383 -0.071284853 -0.001692673 -0.000482717 0.999998450 2.196144581
0.999997497 0.001416229 0.001743900 0.027570745 -0.001417201 0.999998868 0.000556482 -0.076899283 -0.001743110 -0.000558952 0.999998331 2.422326088
0.999996960 0.001805169 0.001689512 0.034395743 -0.001805819 0.999998391 0.000383304 -0.082369357 -0.001688817 -0.000386353 0.999998510 2.644312382
0.999997258 0.001313535 0.001936532 0.035705101 -0.001314424 0.999999046 0.000458109 -0.088436648 -0.001935928 -0.000460654 0.999998033 2.878635645
0.999996364 0.001780699 0.002031831 0.040497564 -0.001781908 0.999998152 0.000593612 -0.095485650 -0.002030771 -0.000597230 0.999997675 3.123118162
0.999995768 0.002113490 0.002004788 0.045346014 -0.002115258 0.999997318 0.000880298 -0.104630210 -0.002002923 -0.000884535 0.999997556 3.366642952
0.999994993 0.002116310 0.002340963 0.047101784 -0.002118071 0.999997497 0.000750088 -0.111431040 -0.002339370 -0.000755043 0.999996960 3.609939575
0.999995351 0.002090998 0.002216014 0.053309686 -0.002092854 0.999997497 0.000835492 -0.118283048 -0.002214261 -0.000840126 0.999997199 3.864087343
0.999995649 0.001837303 0.002289879 0.059916880 -0.001839383 0.999997914 0.000906477 -0.124239244 -0.002288209 -0.000910685 0.999996901 4.124907494
0.999994159 0.002243054 0.002558379 0.063852459 -0.002246038 0.999996781 0.001164439 -0.129549384 -0.002555758 -0.001170179 0.999996066 4.399415970
0.999993682 0.002367620 0.002643344 0.068145767 -0.002370289 0.999996662 0.001006941 -0.136578754 -0.002640951 -0.001013200 0.999995947 4.659862518
0.999994576 0.002082219 0.002563312 0.079555802 -0.002084630 0.999997318 0.000938358 -0.140634373 -0.002561352 -0.000943697 0.999996305 4.919078350
0.999992132 0.002608293 0.002966869 0.078493565 -0.002612000 0.999995828 0.001246489 -0.153735846 -0.002963606 -0.001254229 0.999994755 5.173141479
0.999991417 0.002793646 0.003056612 0.081328847 -0.002796118 0.999995828 0.000804613 -0.157539248 -0.003054352 -0.000813152 0.999994993 5.439583778
0.999991417 0.002593458 0.003230737 0.084635980 -0.002597361 0.999995828 0.001204447 -0.172110096 -0.003227600 -0.001212828 0.999994040 5.708378315
0.999992311 0.002433399 0.003063391 0.091138870 -0.002437119 0.999996245 0.001211344 -0.179616556 -0.003060432 -0.001218800 0.999994576 5.978495121
0.999989450 0.002947059 0.003520535 0.092730373 -0.002951361 0.999994934 0.001217503 -0.186288759 -0.003516929 -0.001227881 0.999993026 6.267395973
0.999988198 0.003299302 0.003571207 0.102341942 -0.003303766 0.999993742 0.001244830 -0.196418345 -0.003567078 -0.001256614 0.999992847 6.555464268
0.999988377 0.003598680 0.003196062 0.108765632 -0.003602763 0.999992669 0.001272824 -0.204168469 -0.003191458 -0.001284324 0.999994099 6.847530365
0.999988139 0.003463753 0.003402553 0.116595112 -0.003467472 0.999993324 0.001087918 -0.209839776 -0.003398763 -0.001099703 0.999993622 7.144966125
0.999987960 0.003611781 0.003305998 0.124778539 -0.003615385 0.999992788 0.001084936 -0.216722533 -0.003302055 -0.001096875 0.999993980 7.447563648
0.999988914 0.003147596 0.003487988 0.134484231 -0.003152743 0.999993920 0.001471010 -0.233059049 -0.003483337 -0.001481991 0.999992847 7.746617317
0.999986470 0.003696443 0.003653161 0.138246790 -0.003701388 0.999992192 0.001347850 -0.241400570 -0.003648150 -0.001361353 0.999992371 8.078096390
0.999984205 0.004141245 0.003779030 0.140594169 -0.004146423 0.999990463 0.001363380 -0.249929488 -0.003773347 -0.001379028 0.999991894 8.396063805
0.999985039 0.003846367 0.003880987 0.147092700 -0.003851118 0.999991834 0.001217316 -0.258297592 -0.003876273 -0.001232243 0.999991715 8.730002403
0.999981701 0.004333775 0.004196057 0.150464341 -0.004340249 0.999989450 0.001534867 -0.266402185 -0.004189360 -0.001553051 0.999989986 9.062641144
0.999984622 0.004069151 0.003762488 0.164374292 -0.004074575 0.999990642 0.001434953 -0.283349633 -0.003756614 -0.001450262 0.999991894 9.397256851
0.999980986 0.004835338 0.003831423 0.172702834 -0.004839783 0.999987662 0.001151561 -0.292816550 -0.003825808 -0.001170082 0.999991953 9.736960411
0.999981463 0.004644130 0.003917588 0.176479906 -0.004650537 0.999987841 0.001628085 -0.301437557 -0.003909980 -0.001646274 0.999991000 10.091719627
0.999983251 0.004018230 0.004148423 0.180314094 -0.004022228 0.999991477 0.000955923 -0.306917071 -0.004144547 -0.000972593 0.999990880 10.452489853
0.999981046 0.004311661 0.004396062 0.187505752 -0.004315752 0.999990284 0.000921520 -0.315792471 -0.004392046 -0.000940474 0.999989867 10.819209099
0.999982595 0.004199568 0.004144563 0.197387412 -0.004205284 0.999990225 0.001371443 -0.325626493 -0.004138763 -0.001388848 0.999990463 11.183536530
0.999982715 0.003953406 0.004345566 0.207116932 -0.003959613 0.999991179 0.001420765 -0.339263022 -0.004339912 -0.001437947 0.999989569 11.556884766
0.999981165 0.004354131 0.004306589 0.217559010 -0.004360069 0.999989569 0.001370306 -0.346820831 -0.004300578 -0.001389057 0.999989808 11.934486389
0.999979198 0.004381814 0.004732801 0.221015677 -0.004390235 0.999988794 0.001770350 -0.365813315 -0.004724991 -0.001791091 0.999987245 12.314374924
0.999978423 0.004306812 0.004944790 0.232736826 -0.004317837 0.999988198 0.002221198 -0.379022926 -0.004935165 -0.002242501 0.999985337 12.704041481
0.999978304 0.004384727 0.004911374 0.236695945 -0.004394121 0.999988496 0.001903431 -0.388431340 -0.004902971 -0.001924972 0.999986112 13.096095085
0.999980927 0.004097350 0.004614961 0.252444446 -0.004105083 0.999990165 0.001667552 -0.402222902 -0.004608084 -0.001686465 0.999987900 13.488098145
0.999975502 0.004614706 0.005257529 0.255666465 -0.004626245 0.999986887 0.002184757 -0.414259493 -0.005247379 -0.002209027 0.999983728 13.901028633
0.999972761 0.004909456 0.005504611 0.264696598 -0.004922982 0.999984801 0.002446210 -0.424155861 -0.005492518 -0.002473242 0.999981821 14.321487427
0.999967813 0.005252183 0.006068007 0.273951113 -0.005265573 0.999983788 0.002192920 -0.436217606 -0.006056390 -0.002224801 0.999979138 14.731641769
0.999972284 0.004711192 0.005769045 0.292320997 -0.004724314 0.999986291 0.002263115 -0.450889885 -0.005758304 -0.002290307 0.999980807 15.162445068
0.999970555 0.004601317 0.006145903 0.302568376 -0.004616086 0.999986470 0.002391056 -0.464551687 -0.006134818 -0.002419356 0.999978244 15.601561546
0.999963403 0.004981572 0.006960357 0.309518695 -0.004996401 0.999985337 0.002114727 -0.473264217 -0.006949720 -0.002149427 0.999973536 16.047784805
0.999962330 0.005200251 0.006951716 0.324113995 -0.005215910 0.999983847 0.002236266 -0.485700101 -0.006939974 -0.002272441 0.999973357 16.488510132
0.999960184 0.005308575 0.007186437 0.332132667 -0.005324318 0.999983430 0.002173163 -0.501437128 -0.007174782 -0.002211339 0.999971867 16.930572510
0.999953866 0.005450148 0.007906369 0.339204609 -0.005468461 0.999982417 0.002296475 -0.513342321 -0.007893713 -0.002339605 0.999966085 17.384908676
0.999949574 0.005847656 0.008167319 0.351908982 -0.005866054 0.999980271 0.002230517 -0.521605730 -0.008154115 -0.002278315 0.999964118 17.850294113
0.999952495 0.005403891 0.008103580 0.366729230 -0.005421947 0.999982834 0.002207924 -0.530386627 -0.008091509 -0.002251757 0.999964654 18.322877884
0.999950469 0.004835377 0.008713743 0.378322721 -0.004858300 0.999984801 0.002611304 -0.549596906 -0.008700985 -0.002653508 0.999958634 18.768253326
0.999946833 0.005135431 0.008947194 0.392217219 -0.005157909 0.999983609 0.002491003 -0.557726562 -0.008934254 -0.002537019 0.999956906 19.250101089
0.999947548 0.005223855 0.008808758 0.406329304 -0.005248977 0.999982238 0.002831184 -0.578379452 -0.008793812 -0.002877272 0.999957204 19.728986740
0.999945104 0.005482903 0.008934204 0.417649359 -0.005511330 0.999979854 0.003160371 -0.594262183 -0.008916697 -0.003209437 0.999955118 20.207828522
0.999947071 0.005102362 0.008928121 0.434607983 -0.005129512 0.999982357 0.003020639 -0.607071221 -0.008912551 -0.003066276 0.999955535 20.701442719
0.999945521 0.005372475 0.008950516 0.438708246 -0.005396621 0.999981880 0.002675618 -0.613959730 -0.008935979 -0.002723775 0.999956369 21.182783127
0.999946058 0.005654563 0.008711823 0.452643991 -0.005675806 0.999981046 0.002415637 -0.623518705 -0.008697999 -0.002464953 0.999959171 21.689052582
0.999946952 0.006005572 0.008369946 0.462055385 -0.006026517 0.999978840 0.002479542 -0.636112869 -0.008354877 -0.002529852 0.999961853 22.197978973
0.999947011 0.006051383 0.008319414 0.468813539 -0.006075287 0.999977469 0.002850975 -0.660066843 -0.008301973 -0.002901367 0.999961317 22.695274353
0.999947309 0.006495048 0.007948308 0.477715492 -0.006515197 0.999975562 0.002511738 -0.672976315 -0.007931800 -0.002563391 0.999965250 23.215610504
0.999950886 0.006319406 0.007624900 0.478893399 -0.006341503 0.999975741 0.002877395 -0.691135287 -0.007606531 -0.002925607 0.999966800 23.729894638
0.999962211 0.005266024 0.006907428 0.494329214 -0.005281457 0.999983609 0.002217947 -0.701300621 -0.006895634 -0.002254345 0.999973774 24.263195038
0.999967396 0.005060123 0.006295373 0.510491729 -0.005076956 0.999983609 0.002660814 -0.717348516 -0.006281806 -0.002692689 0.999976695 24.793621063
0.999960661 0.006516414 0.006016217 0.518740594 -0.006537041 0.999972820 0.003415283 -0.744055927 -0.005993798 -0.003454477 0.999976039 25.341812134
0.999952912 0.007816338 0.005747826 0.528806031 -0.007834908 0.999964237 0.003215271 -0.754396558 -0.005722487 -0.003260153 0.999978364 25.886505127
0.999950111 0.008177137 0.005749478 0.533714592 -0.008194194 0.999962091 0.002949278 -0.765255928 -0.005725143 -0.002996244 0.999979138 26.441087723
0.999962628 0.006819233 0.005315639 0.546273232 -0.006838738 0.999970019 0.003660004 -0.786850691 -0.005290521 -0.003696219 0.999979138 26.974412918
0.999968588 0.006807096 0.004066625 0.569309235 -0.006820401 0.999971449 0.003266955 -0.797784209 -0.004044270 -0.003294589 0.999986410 27.528688431
0.999966979 0.007093693 0.003963263 0.577968717 -0.007108112 0.999968171 0.003636263 -0.816459596 -0.003937341 -0.003664315 0.999985576 28.083599091
0.999962151 0.007573435 0.004288617 0.583398581 -0.007588237 0.999965250 0.003445767 -0.825650811 -0.004262372 -0.003478179 0.999984860 28.615802765
0.999967813 0.007095705 0.003761842 0.602033794 -0.007108738 0.999968767 0.003462480 -0.838338137 -0.003737156 -0.003489111 0.999986947 29.172168732
0.999958456 0.008142805 0.004096467 0.604160666 -0.008159775 0.999958158 0.004143304 -0.857150853 -0.004062557 -0.004176557 0.999983072 29.707155228
0.999968588 0.007141209 0.003443192 0.617590189 -0.007153624 0.999967933 0.003607435 -0.864143312 -0.003417320 -0.003631954 0.999987543 30.255832672
0.999965787 0.007646645 0.003183550 0.635664761 -0.007655888 0.999966562 0.002901482 -0.879213929 -0.003161256 -0.002925755 0.999990702 30.787817001
0.999967873 0.007344074 0.003249503 0.639748335 -0.007354029 0.999968231 0.003062396 -0.888107479 -0.003226910 -0.003086194 0.999990046 31.333339691
0.999962449 0.008092183 0.003123396 0.650313318 -0.008101711 0.999962509 0.003049888 -0.899386823 -0.003098599 -0.003075079 0.999990523 31.883050919
0.999960244 0.008277990 0.003311215 0.659716845 -0.008288804 0.999960303 0.003265508 -0.920413435 -0.003284052 -0.003292823 0.999989152 32.426849365
0.999960124 0.008294139 0.003320233 0.663758516 -0.008305679 0.999959469 0.003477705 -0.934827626 -0.003291254 -0.003505143 0.999988496 32.973125458
0.999961078 0.008263987 0.003067940 0.688738644 -0.008273430 0.999960959 0.003078741 -0.954983354 -0.003042377 -0.003104004 0.999990582 33.518005371
0.999965012 0.007890123 0.002747467 0.693659186 -0.007899474 0.999962986 0.003410071 -0.958397925 -0.002720459 -0.003431655 0.999990404 34.055137634
0.999964595 0.008026708 0.002514356 0.702839971 -0.008035149 0.999962091 0.003365617 -0.970250070 -0.002487246 -0.003385702 0.999991179 34.600856781
0.999965608 0.007974206 0.002245296 0.717357099 -0.007980865 0.999963760 0.002973572 -0.989172459 -0.002221503 -0.002991390 0.999993026 35.110435486
0.999972105 0.007349540 0.001310463 0.744096279 -0.007352376 0.999970555 0.002173454 -0.983866096 -0.001294451 -0.002183028 0.999996722 35.684192657
0.999976695 0.006661158 0.001493363 0.747458994 -0.006665815 0.999972880 0.003135861 -1.011349440 -0.001472434 -0.003145743 0.999993980 36.216068268
0.999975026 0.007011252 0.000898600 0.760893464 -0.007014283 0.999969602 0.003413465 -1.026452065 -0.000874640 -0.003419682 0.999993742 36.769237518
0.999965370 0.008122652 0.001827082 0.761368752 -0.008127812 0.999962986 0.002834184 -1.033607364 -0.001803994 -0.002848936 0.999994338 37.322578430
0.999973774 0.007028485 0.001704474 0.779723287 -0.007033464 0.999970973 0.002933282 -1.052244306 -0.001683807 -0.002945194 0.999994218 37.849620819
0.999980152 0.006248510 0.000765530 0.796955407 -0.006250695 0.999976337 0.002888786 -1.065071106 -0.000747461 -0.002893514 0.999995470 38.399414062
0.999980092 0.006241277 0.000937926 0.806511164 -0.006243818 0.999976754 0.002730640 -1.070784688 -0.000920862 -0.002736442 0.999995768 38.963890076
0.999975741 0.006664908 0.002019430 0.802407980 -0.006670360 0.999974012 0.002705481 -1.090498328 -0.002001346 -0.002718885 0.999994218 39.471008301
0.999976754 0.006577506 0.001792248 0.815345645 -0.006582361 0.999974668 0.002716201 -1.104361773 -0.001774336 -0.002727935 0.999994695 40.026901245
0.999979556 0.006240825 0.001327911 0.840590656 -0.006244597 0.999976397 0.002855726 -1.124693632 -0.001310058 -0.002863960 0.999994993 40.553855896
0.999975562 0.006778733 0.001682681 0.844177723 -0.006782228 0.999974787 0.002079795 -1.119867563 -0.001668541 -0.002091156 0.999996424 41.136352539
0.999979436 0.006139355 0.001855648 0.849640846 -0.006143879 0.999978125 0.002442904 -1.145182371 -0.001840609 -0.002454255 0.999995291 41.650508881
0.999972224 0.006881516 0.002882931 0.853780508 -0.006888856 0.999972999 0.002544538 -1.158020020 -0.002865343 -0.002564327 0.999992669 42.203464508
0.999979675 0.006025251 0.002104762 0.877763808 -0.006030124 0.999979138 0.002316308 -1.170789599 -0.002090761 -0.002328953 0.999995112 42.745563507
0.999980688 0.006047807 0.001427481 0.886596560 -0.006051689 0.999977887 0.002730544 -1.187924623 -0.001410935 -0.002739129 0.999995291 43.306072235
0.999978900 0.006214524 0.001899545 0.897484183 -0.006218992 0.999977887 0.002356205 -1.196947455 -0.001884861 -0.002367968 0.999995410 43.816890717
0.999976277 0.006534350 0.002190514 0.907126427 -0.006539871 0.999975502 0.002523297 -1.212865114 -0.002173973 -0.002537563 0.999994397 44.358055115
0.999972522 0.007075367 0.002209734 0.915972888 -0.007080840 0.999971867 0.002478577 -1.227851152 -0.002192135 -0.002494156 0.999994457 44.878761292
0.999971092 0.007198947 0.002441064 0.935378492 -0.007204230 0.999971747 0.002162991 -1.232416987 -0.002425423 -0.002180515 0.999994695 45.437026978
0.999977827 0.006392204 0.001874341 0.949496388 -0.006395413 0.999978065 0.001711290 -1.247240424 -0.001863361 -0.001723240 0.999996781 45.989143372
0.999979854 0.006083124 0.001815386 0.961161017 -0.006086868 0.999979377 0.002064011 -1.266493917 -0.001802792 -0.002075020 0.999996245 46.526676178
0.999972761 0.007200827 0.001610112 0.975898981 -0.007204657 0.999971211 0.002385445 -1.288136244 -0.001592889 -0.002396981 0.999995828 47.064804077
0.999977827 0.006312437 0.002122336 0.971587300 -0.006317316 0.999977350 0.002300074 -1.291104078 -0.002107770 -0.002313431 0.999995112 47.563358307
0.999981046 0.005894081 0.001790151 0.982854664 -0.005897614 0.999980628 0.001974392 -1.304981351 -0.001778479 -0.001984912 0.999996424 48.101360321
0.999975920 0.006293339 0.002928962 0.981781900 -0.006300362 0.999977291 0.002394368 -1.317375779 -0.002913827 -0.002412763 0.999992788 48.627906799
0.999975085 0.006630464 0.002425094 0.989535749 -0.006635917 0.999975443 0.002247294 -1.328743815 -0.002410135 -0.002263331 0.999994516 49.175045013
0.999966562 0.007652415 0.002913739 1.006646276 -0.007658191 0.999968708 0.001976282 -1.336426497 -0.002898525 -0.001998529 0.999993801 49.733985901
0.999968290 0.007320371 0.003144690 1.006804109 -0.007327630 0.999970496 0.002302706 -1.354683995 -0.003127741 -0.002325676 0.999992430 50.208930969
0.999970257 0.007047030 0.003145274 1.018630028 -0.007053944 0.999972641 0.002192204 -1.369512320 -0.003129740 -0.002214326 0.999992669 50.744358063
0.999978244 0.006020203 0.002682338 1.040004134 -0.006027251 0.999978423 0.002626764 -1.384502888 -0.002666466 -0.002642874 0.999992967 51.292522430
0.999961495 0.008053337 0.003461247 1.038129091 -0.008062080 0.999964356 0.002519112 -1.403239727 -0.003440836 -0.002546920 0.999990821 51.784832001
0.999959469 0.008216113 0.003665118 1.051415920 -0.008224861 0.999963343 0.002377748 -1.416546822 -0.003645447 -0.002407797 0.999990463 52.342773438
0.999963939 0.007640173 0.003699533 1.053202391 -0.007649331 0.999967635 0.002467473 -1.431560397 -0.003680561 -0.002495683 0.999990106 52.851158142
0.999962032 0.007922923 0.003635671 1.066652060 -0.007931893 0.999965549 0.002459111 -1.449633598 -0.003616062 -0.002487855 0.999990344 53.393337250
0.999961555 0.007867413 0.003867363 1.073127389 -0.007874744 0.999967217 0.001883687 -1.455470800 -0.003852416 -0.001914069 0.999990702 53.910087585
0.999958336 0.008055047 0.004299311 1.079537630 -0.008062305 0.999966085 0.001673788 -1.467806101 -0.004285682 -0.001708380 0.999989331 54.433086395
0.999959946 0.008001060 0.004010619 1.095152497 -0.008006637 0.999966979 0.001376468 -1.479995251 -0.003999473 -0.001408525 0.999991000 54.983238220
0.999959648 0.007863122 0.004338414 1.107326269 -0.007870486 0.999967635 0.001682960 -1.494198561 -0.004325041 -0.001717038 0.999989092 55.501136780
0.999945104 0.008969673 0.005409674 1.108683825 -0.008979201 0.999958217 0.001739613 -1.507419229 -0.005393845 -0.001788092 0.999983788 56.050994873
0.999961257 0.007586717 0.004490595 1.127487302 -0.007594964 0.999969482 0.001822128 -1.524342179 -0.004476634 -0.001856163 0.999988258 56.545917511
0.999955356 0.008184053 0.004728937 1.141288161 -0.008192532 0.999964833 0.001776683 -1.539908767 -0.004714231 -0.001815345 0.999987185 57.082534790
0.999955058 0.008062986 0.004998423 1.154818177 -0.008070348 0.999966383 0.001454379 -1.554316640 -0.004986529 -0.001494652 0.999986410 57.641452789
0.999953270 0.008247944 0.005041868 1.155367494 -0.008255785 0.999964654 0.001536699 -1.559807777 -0.005029016 -0.001578252 0.999986112 58.104492188
0.999947190 0.008740248 0.005403885 1.165131807 -0.008748136 0.999960542 0.001437763 -1.570446730 -0.005391106 -0.001484960 0.999984384 58.652454376
0.999956906 0.007789135 0.005055795 1.176973939 -0.007797139 0.999968350 0.001565457 -1.587418437 -0.005043441 -0.001604811 0.999985993 59.151271820
0.999959588 0.007605465 0.004802501 1.193913102 -0.007612544 0.999969959 0.001457629 -1.602857232 -0.004791271 -0.001494129 0.999987423 59.690128326
0.999959290 0.007462238 0.005076936 1.206605196 -0.007467038 0.999971628 0.000927490 -1.604681253 -0.005069871 -0.000965362 0.999986708 60.263782501
0.999949872 0.008321863 0.005561350 1.202952385 -0.008328087 0.999964714 0.001097033 -1.621915102 -0.005552024 -0.001143293 0.999983847 60.725475311
0.999946058 0.008541359 0.005919698 1.221424460 -0.008549409 0.999962568 0.001335726 -1.635670662 -0.005908068 -0.001386264 0.999981523 61.276466370
0.999948859 0.008271310 0.005813234 1.225618243 -0.008276111 0.999965429 0.000802073 -1.645088673 -0.005806398 -0.000850143 0.999982774 61.775356293
0.999944568 0.008656747 0.005993951 1.240071058 -0.008661186 0.999962211 0.000715373 -1.661642790 -0.005987532 -0.000767248 0.999981701 62.295288086
0.999942780 0.008903155 0.005932669 1.251672506 -0.008907421 0.999960065 0.000692455 -1.672933817 -0.005926267 -0.000745260 0.999982119 62.824310303
0.999946654 0.008469762 0.005907110 1.263051510 -0.008472357 0.999963999 0.000414125 -1.689039707 -0.005903390 -0.000464150 0.999982476 63.344646454
0.999943018 0.008759611 0.006103301 1.277207732 -0.008763469 0.999961436 0.000605721 -1.703030586 -0.006097760 -0.000659172 0.999981165 63.859359741
0.999944627 0.008643836 0.005999431 1.289747596 -0.008648057 0.999962389 0.000678224 -1.716992736 -0.005993343 -0.000730070 0.999981761 64.404617310
0.999941766 0.008602774 0.006512983 1.297805071 -0.008605520 0.999962866 0.000393425 -1.729438782 -0.006509358 -0.000449450 0.999978662 64.897651672
0.999933958 0.008877452 0.007293127 1.309791088 -0.008881934 0.999960363 0.000582599 -1.746196628 -0.007287666 -0.000647337 0.999973297 65.437026978
0.999944448 0.008167581 0.006648423 1.323623776 -0.008167828 0.999966562 0.000009935 -1.748942733 -0.006648120 -0.000064237 0.999977887 65.949371338
0.999944687 0.008247964 0.006522930 1.331415415 -0.008249102 0.999965906 0.000147710 -1.768672824 -0.006521489 -0.000201510 0.999978721 66.485160828
0.999939203 0.008707757 0.006751071 1.351461530 -0.008709974 0.999962032 0.000298895 -1.783194542 -0.006748212 -0.000357679 0.999977171 66.982604980
0.999940276 0.008586204 0.006748010 1.362141728 -0.008587871 0.999963105 0.000217780 -1.798929214 -0.006745892 -0.000275718 0.999977231 67.517745972
0.999941826 0.008489788 0.006655480 1.381690621 -0.008489680 0.999963939 -0.000044572 -1.813296199 -0.006655618 -0.000011934 0.999977827 68.028236389
0.999936104 0.009024577 0.006801251 1.395191550 -0.009022886 0.999959230 -0.000279231 -1.824704409 -0.006803493 0.000217847 0.999976814 68.580215454
0.999943554 0.008673384 0.006141901 1.411247969 -0.008673600 0.999962330 0.000008309 -1.844911456 -0.006141597 -0.000061581 0.999981105 69.126113892
0.999953687 0.007478877 0.006066450 1.429138303 -0.007473955 0.999971747 -0.000833861 -1.846557498 -0.006072515 0.000788482 0.999981284 69.707305908
0.999944091 0.008030590 0.006879251 1.431656837 -0.008026662 0.999967575 -0.000598514 -1.860850692 -0.006883835 0.000543263 0.999976158 70.114479065
0.999945581 0.007822078 0.006893955 1.445710063 -0.007816588 0.999969125 -0.000822989 -1.876331687 -0.006900179 0.000769057 0.999975920 70.658874512
0.999936104 0.008467172 0.007491423 1.455803990 -0.008467103 0.999964178 -0.000041187 -1.893328547 -0.007491502 -0.000022246 0.999971986 71.216339111
0.999942183 0.008323003 0.006809704 1.471155286 -0.008319958 0.999965250 -0.000474959 -1.909125090 -0.006813422 0.000418275 0.999976635 71.666595459
0.999941707 0.008184547 0.007035557 1.489320874 -0.008181022 0.999966383 -0.000529433 -1.924795389 -0.007039653 0.000471844 0.999975145 72.211524963
0.999939501 0.008474946 0.007009957 1.497255206 -0.008471299 0.999963880 -0.000549597 -1.937485337 -0.007014362 0.000490181 0.999975264 72.714172363
0.999942541 0.008092633 0.007033611 1.516362429 -0.008085785 0.999966741 -0.001001389 -1.951605916 -0.007041482 0.000944459 0.999974728 73.267272949
0.999942005 0.008292533 0.006866572 1.535013795 -0.008288502 0.999965370 -0.000615027 -1.963796377 -0.006871435 0.000558078 0.999976218 73.815185547
0.999939322 0.008378489 0.007146629 1.541810989 -0.008373808 0.999964714 -0.000685081 -1.979465127 -0.007152115 0.000625195 0.999974251 74.286445618
0.999943197 0.008146711 0.006865790 1.560277224 -0.008139270 0.999966264 -0.001110767 -1.988621593 -0.006874607 0.001054822 0.999975860 74.834861755
0.999936163 0.008578784 0.007354321 1.565669417 -0.008571534 0.999962687 -0.001016533 -2.006180286 -0.007362768 0.000953430 0.999972463 75.337051392
0.999934793 0.008553658 0.007571480 1.578837276 -0.008541616 0.999962151 -0.001621199 -2.013486624 -0.007585061 0.001556421 0.999970078 75.884071350
0.999921083 0.009588106 0.008114043 1.603488922 -0.009579274 0.999953449 -0.001126360 -2.039506435 -0.008124464 0.001048545 0.999966502 76.397155762
0.999940753 0.008245213 0.007098616 1.612278461 -0.008237655 0.999965489 -0.001093111 -2.048341274 -0.007107384 0.001034570 0.999974191 76.904563904
0.999935806 0.008746784 0.007202507 1.628134966 -0.008735172 0.999960482 -0.001642145 -2.063315392 -0.007216587 0.001579125 0.999972701 77.456764221
0.999932170 0.008896269 0.007514757 1.638474941 -0.008886370 0.999959588 -0.001349859 -2.076322556 -0.007526462 0.001282989 0.999970853 77.964317322
0.999928892 0.009268651 0.007495914 1.655892849 -0.009258342 0.999956131 -0.001409088 -2.092810869 -0.007508645 0.001339589 0.999970913 78.513465881
0.999930739 0.008867448 0.007735700 1.669517756 -0.008859195 0.999960124 -0.001100357 -2.114283562 -0.007745150 0.001031749 0.999969423 78.991577148
0.999913931 0.009642623 0.008891196 1.681841016 -0.009632663 0.999952912 -0.001162229 -2.127629995 -0.008901984 0.001076483 0.999959826 79.543457031
0.999907136 0.009078270 0.010155715 1.700700998 -0.009062081 0.999957502 -0.001639021 -2.142186880 -0.010170164 0.001546836 0.999947071 80.082298279
0.999889135 0.009735513 0.011270242 1.712968349 -0.009726875 0.999952316 -0.000821059 -2.167359114 -0.011277698 0.000711344 0.999936163 80.636413574
0.999896467 0.008010569 0.011961095 1.732156277 -0.007992934 0.999966919 -0.001521440 -2.167611599 -0.011972888 0.001425678 0.999927282 81.098327637
0.999848723 0.008380301 0.015238726 1.756454468 -0.008360226 0.999964058 -0.001380692 -2.181303501 -0.015249750 0.001253084 0.999882877 81.657157898
0.999793112 0.007892524 0.018745579 1.780979395 -0.007863314 0.999967754 -0.001631493 -2.190692425 -0.018757852 0.001483753 0.999822915 82.213699341
0.999702811 0.009223472 0.022564836 1.796110988 -0.009192166 0.999956667 -0.001490658 -2.219434261 -0.022577610 0.001282795 0.999744296 82.694717407
0.999604225 0.008770873 0.026728967 1.825933337 -0.008731572 0.999960661 -0.001586705 -2.235011578 -0.026741834 0.001352691 0.999641538 83.243118286
0.999433458 0.008900030 0.032458063 1.856739879 -0.008871910 0.999960124 -0.001010234 -2.258466005 -0.032465763 0.000721697 0.999472618 83.783020020
0.999217212 0.009203972 0.038472094 1.892328262 -0.009136924 0.999956369 -0.001918271 -2.266449928 -0.038488071 0.001565254 0.999257803 84.320259094
0.998950422 0.009546008 0.044798758 1.928193450 -0.009456220 0.999952793 -0.002215761 -2.279689789 -0.044817790 0.001789808 0.998993516 84.868530273
0.998587489 0.008791654 0.052399695 1.981844664 -0.008715845 0.999960542 -0.001675113 -2.304062605 -0.052412350 0.001216040 0.998624921 85.391845703
0.998103142 0.008836636 0.060926829 2.030624390 -0.008730879 0.999959886 -0.002001815 -2.316949844 -0.060942080 0.001466073 0.998140216 85.937225342
0.997627199 0.008413263 0.068331927 2.083471298 -0.008293488 0.999963522 -0.002036346 -2.330203533 -0.068346560 0.001464804 0.997660577 86.490074158
0.997032464 0.007731401 0.076592945 2.148570061 -0.007558587 0.999968171 -0.002545969 -2.344542265 -0.076610178 0.001959479 0.997059166 87.027725220
0.996238291 0.007327978 0.086344957 2.220521450 -0.007107214 0.999970675 -0.002863910 -2.362310410 -0.086363405 0.002239465 0.996261120 87.538780212
0.995480359 0.006521262 0.094743371 2.303766727 -0.006204099 0.999974072 -0.003641803 -2.364479303 -0.094764657 0.003037546 0.995495021 88.110122681
0.994733274 0.006060101 0.102317825 2.367019176 -0.005725184 0.999977231 -0.003566666 -2.380289078 -0.102337122 0.002962093 0.994745255 88.687454224
0.993661046 0.006476244 0.112231635 2.455481529 -0.006149807 0.999975741 -0.003254571 -2.400408745 -0.112250000 0.002543738 0.993676662 89.163795471
0.992389739 0.006198243 0.122981578 2.543454170 -0.005786268 0.999976337 -0.003706783 -2.409104586 -0.123001650 0.002966970 0.992401958 89.717071533
0.991264343 0.004829327 0.131802663 2.638611794 -0.004284622 0.999980986 -0.004416019 -2.427688122 -0.131821513 0.003812718 0.991266072 90.235595703
0.989608526 0.005885298 0.143667847 2.735680580 -0.005456348 0.999979377 -0.003379521 -2.447455168 -0.143684775 0.002560501 0.989620090 90.805061340
0.987678707 0.005861666 0.156385630 2.840757370 -0.005463823 0.999980569 -0.002973753 -2.483190060 -0.156400025 0.002082650 0.987691581 91.384963989
0.985938966 0.005530393 0.167014554 2.953904152 -0.005058547 0.999981880 -0.003250459 -2.496712446 -0.167029500 0.002359903 0.985949099 91.932456970
0.984086514 0.005151978 0.177615419 3.074027061 -0.004639225 0.999983728 -0.003302047 -2.514417410 -0.177629575 0.002425502 0.984094441 92.487594604
0.981688201 0.004687588 0.190437406 3.197820663 -0.004084207 0.999985337 -0.003560751 -2.530572414 -0.190451339 0.002717761 0.981692910 93.025733948
0.979267120 0.004306112 0.202527866 3.338582993 -0.003715623 0.999987602 -0.003295704 -2.548151493 -0.202539608 0.002474857 0.979270875 93.560089111
0.977165639 0.003462784 0.212450862 3.475105286 -0.002871463 0.999991059 -0.003091813 -2.565878868 -0.212459683 0.002411167 0.977166831 94.094497681
0.974262595 0.003130152 0.225394398 3.622308731 -0.002460728 0.999991655 -0.003250881 -2.581739426 -0.225402698 0.002612577 0.974262178 94.626892090
0.971129477 0.002345273 0.238541365 3.774669647 -0.001560787 0.999992669 -0.003477512 -2.592058182 -0.238547772 0.003004802 0.971126080 95.183074951
0.968185127 0.001980564 0.250227213 3.947351456 -0.000929931 0.999990225 -0.004316870 -2.605828285 -0.250233322 0.003946836 0.968177497 95.776878357
0.965457559 0.001611693 0.260555476 4.119499207 -0.000562844 0.999991417 -0.004100002 -2.626201630 -0.260559827 0.003811726 0.965450168 96.283157349
0.961767673 0.001268495 0.273863733 4.291765213 -0.000131740 0.999991298 -0.004169154 -2.636955023 -0.273866624 0.003973678 0.961759448 96.820030212
0.957813144 0.001869458 0.287385583 4.466917038 -0.000614039 0.999989867 -0.004458487 -2.652904272 -0.287391007 0.004093932 0.957804620 97.433715820
0.954236925 0.001847343 0.299045831 4.651430130 -0.000738377 0.999992371 -0.003821297 -2.673845053 -0.299050659 0.003425614 0.954231083 97.951339722
0.950002193 0.001345998 0.312240154 4.849788666 -0.000228018 0.999993443 -0.003616998 -2.698267221 -0.312243015 0.003364959 0.949996352 98.429290771
0.945107698 0.000402680 0.326758653 5.048835754 0.000941484 0.999991715 -0.003955457 -2.712949514 -0.326757580 0.004045970 0.945099652 98.957008362
0.941361964 -0.000539695 0.337397844 5.261640549 0.001704542 0.999993563 -0.003156214 -2.731212378 -0.337393939 0.003546248 0.941356957 99.463768005
0.936587691 -0.001143144 0.350431234 5.478269577 0.002221912 0.999993920 -0.002676354 -2.754014969 -0.350426108 0.003285267 0.936584592 99.958450317
0.930913627 -0.001446843 0.365236521 5.689102173 0.002609301 0.999992907 -0.002689220 -2.770452261 -0.365230024 0.003456443 0.930910945 100.454994202
0.925980866 -0.001238015 0.377568185 5.900804520 0.002806094 0.999989569 -0.003603026 -2.795675516 -0.377559781 0.004395825 0.925974786 100.912818909
0.920963824 -0.000777799 0.389647245 6.186822891 0.002406619 0.999990225 -0.003692102 -2.822116375 -0.389640599 0.004338025 0.920956790 101.573280334
0.914948940 -0.000834767 0.403568655 6.432998657 0.002452522 0.999990880 -0.003491780 -2.837299347 -0.403562069 0.004184562 0.914942741 102.073677063
0.909216285 -0.002218589 0.416318119 6.677028656 0.003980102 0.999986351 -0.003363327 -2.856050491 -0.416305006 0.004714981 0.909212708 102.541687012
0.903991282 -0.001756264 0.427547246 6.934703827 0.003656503 0.999986708 -0.003623471 -2.871421099 -0.427535295 0.004838914 0.903985679 103.047164917
0.897834361 -0.000328830 0.440333009 7.203483582 0.001728172 0.999994636 -0.002776952 -2.897177696 -0.440329760 0.003254214 0.897830307 103.582290649
0.891712368 -0.005616504 0.452567726 7.554046631 0.007829523 0.999964774 -0.003016953 -2.937796354 -0.452534854 0.006233644 0.891724944 104.156890869
0.885673523 -0.006572717 0.464262038 7.833522797 0.009271373 0.999950767 -0.003530370 -2.944400072 -0.464215964 0.007431102 0.885690868 104.639755249
0.879834950 -0.006190595 0.475239217 8.128540039 0.008929993 0.999954045 -0.003506885 -2.956938505 -0.475195706 0.007329362 0.879849672 105.143997192
0.872034073 -0.005913992 0.489409447 8.404266357 0.008108276 0.999964297 -0.002363892 -2.988821030 -0.489378065 0.006029661 0.872051001 105.590049744
