1.000000000 0.000000000 0.000000000 0.000000000 0.000000000 1.000000000 0.000000000 0.000000000 0.000000000 0.000000000 1.000000000 0.000000000
1.000000000 -0.000080051 -0.000019844 0.000583752 0.000080054 1.000000000 0.000147022 -0.000903177 0.000019832 -0.000147024 1.000000000 0.000279319
1.000000000 -0.000047302 -0.000174195 0.001494572 0.000047308 1.000000000 0.000029372 -0.000612224 0.000174194 -0.000029381 1.000000000 -0.001055753
1.000000000 -0.000143789 -0.000073286 0.000955779 0.000143786 1.000000000 -0.000037698 -0.000037834 0.000073292 0.000037688 1.000000000 -0.000210620
1.000000000 -0.000062963 -0.000009986 0.000233846 0.000062963 1.000000000 0.000009132 -0.000380532 0.000009986 -0.000009133 1.000000000 -0.000998653
1.000000000 0.000008524 -0.000014698 0.000001838 -0.000008524 1.000000000 -0.000041178 0.000170119 0.000014698 0.000041178 1.000000000 -0.000286772
1.000000000 -0.000115273 0.000020485 0.001031904 0.000115274 1.000000000 -0.000081892 0.000152411 -0.000020476 0.000081895 1.000000000 -0.001451917
1.000000000 -0.000124542 0.000067916 0.000709753 0.000124547 1.000000000 -0.000066481 0.000444769 -0.000067908 0.000066489 1.000000000 -0.000514099
1.000000000 -0.000015794 0.000097057 0.000428090 0.000015800 1.000000000 -0.000070864 0.000327526 -0.000097056 0.000070865 1.000000000 -0.001269480
1.000000000 -0.000221950 -0.000013719 0.001420053 0.000221950 1.000000000 -0.000016990 0.001025619 0.000013722 0.000016987 1.000000000 0.001132062
1.000000000 0.000041518 -0.000001105 0.001043103 -0.000041518 1.000000000 -0.000023411 0.000325665 0.000001104 0.000023411 1.000000000 0.000273351
1.000000000 -0.000078349 -0.000080659 0.001431229 0.000078343 1.000000000 -0.000074194 0.000882882 0.000080665 0.000074188 1.000000000 -0.000059534
1.000000000 -0.000045694 -0.000039695 0.000989451 0.000045692 1.000000000 -0.000043121 -0.000048847 0.000039697 0.000043119 1.000000000 -0.001665338
1.000000000 0.000221332 0.000008845 0.000318065 -0.000221331 1.000000000 -0.000053028 -0.000087720 -0.000008857 0.000053026 1.000000000 -0.001632732
1.000000000 -0.000047787 0.000037827 0.000300808 0.000047789 1.000000000 -0.000051339 0.000723016 -0.000037824 0.000051341 1.000000000 -0.000522111
1.000000000 -0.000089597 -0.000121324 0.000885793 0.000089598 1.000000000 0.000015234 -0.000030338 0.000121323 -0.000015244 1.000000000 -0.001498319
1.000000000 0.000069703 0.000030707 0.000190090 -0.000069705 1.000000000 0.000038620 0.000370598 -0.000030704 -0.000038622 1.000000000 0.000335547
1.000000000 -0.000041085 -0.000019753 0.000077271 0.000041087 1.000000000 0.000077191 -0.000058679 0.000019750 -0.000077191 1.000000000 0.000031531
1.000000000 0.000169298 -0.000001689 0.000461299 -0.000169298 1.000000000 0.000154889 -0.000253287 0.000001715 -0.000154889 1.000000000 -0.000421640
1.000000000 -0.000157577 -0.000132052 0.001183511 0.000157575 1.000000000 -0.000013933 0.000707782 0.000132055 0.000013913 1.000000000 0.000462874
1.000000000 -0.000015015 0.000037914 -0.000037106 0.000015018 1.000000000 -0.000076549 0.000931977 -0.000037913 0.000076549 1.000000000 0.000300693
1.000000000 -0.000153509 -0.000096526 0.000657715 0.000153494 1.000000000 -0.000153496 0.001679982 0.000096550 0.000153481 1.000000000 0.000461141
0.999999940 -0.000272593 -0.000020440 0.001162057 0.000272590 0.999999940 -0.000144309 0.001848624 0.000020480 0.000144303 1.000000000 0.001163655
1.000000000 0.000080312 0.000069430 -0.000228602 -0.000080308 1.000000000 -0.000055685 0.001364259 -0.000069434 0.000055680 1.000000000 0.000588708
1.000000000 0.000032147 -0.000000638 0.000418414 -0.000032147 1.000000000 0.000010159 0.000261393 0.000000639 -0.000010159 1.000000000 -0.000471314
1.000000000 -0.000098144 -0.000133675 0.001423870 0.000098124 1.000000000 -0.000154274 0.001189256 0.000133690 0.000154261 1.000000000 -0.001797215
1.000000000 0.000040016 -0.000035737 0.000454436 -0.000040022 1.000000000 -0.000168152 0.002322644 0.000035731 0.000168153 1.000000000 0.002160680
1.000000000 0.000020834 -0.000078435 0.000969096 -0.000020841 1.000000000 -0.000092010 0.000918903 0.000078433 0.000092011 1.000000000 0.000685431
1.000000000 -0.000173278 -0.000037131 0.000266680 0.000173279 1.000000000 0.000039982 0.000424507 0.000037124 -0.000039989 1.000000000 0.001601867
1.000000000 -0.000038306 -0.000089289 0.000863650 0.000038299 1.000000000 -0.000079719 0.001118265 0.000089292 0.000079716 1.000000000 0.000738126
1.000000000 -0.000018021 -0.000044197 0.000863006 0.000018025 1.000000000 0.000085003 0.000794496 0.000044195 -0.000085004 1.000000000 0.000367192
1.000000000 -0.000014948 -0.000097495 0.000791425 0.000014962 1.000000000 0.000142015 -0.000401805 0.000097493 -0.000142017 1.000000000 -0.001079142
1.000000000 0.000053920 0.000046198 -0.000889813 -0.000053918 1.000000000 -0.000050064 0.001269768 -0.000046201 0.000050062 1.000000000 0.001863123
1.000000000 -0.000108167 -0.000110568 0.001312955 0.000108177 1.000000000 0.000090104 0.000433364 0.000110558 -0.000090116 1.000000000 0.000920807
1.000000000 -0.000053068 -0.000057500 0.000112369 0.000053063 1.000000000 -0.000083292 0.001731024 0.000057505 0.000083289 1.000000000 0.002089018
1.000000000 -0.000099526 -0.000022545 -0.000040911 0.000099526 1.000000000 -0.000011589 0.000468052 0.000022546 0.000011587 1.000000000 0.000213630
1.000000000 -0.000101202 -0.000109203 0.000887056 0.000101216 1.000000000 0.000123073 0.000015899 0.000109191 -0.000123085 1.000000000 0.001129675
1.000000000 0.000081714 -0.000023687 -0.000004090 -0.000081712 1.000000000 0.000080435 0.000616836 0.000023694 -0.000080433 1.000000000 0.001219737
1.000000000 -0.000056463 -0.000097152 0.001114207 0.000056460 1.000000000 -0.000027652 0.001293132 0.000097153 0.000027646 1.000000000 0.000606841
1.000000000 -0.000092212 0.000097262 0.000217165 0.000092223 1.000000000 -0.000120774 0.001256614 -0.000097251 0.000120783 1.000000000 0.001662172
1.000000000 -0.000177389 0.000104877 0.001237847 0.000177471 0.999999702 -0.000782066 0.000616982 -0.000104738 0.000782085 0.999999702 0.053179104
1.000000000 -0.000155906 -0.000059834 0.003129837 0.000155831 0.999999225 -0.001256364 -0.004207122 0.000060030 0.001256355 0.999999225 0.136867166
0.999999940 0.000138963 -0.000213769 0.005858543 -0.000139261 0.999999046 -0.001395035 -0.006152577 0.000213575 0.001395065 0.999998987 0.254175186
0.999999940 -0.000344740 -0.000159030 0.006640007 0.000344507 0.999998868 -0.001460679 -0.009277735 0.000159533 0.001460624 0.999998927 0.390620202
0.999999940 -0.000028600 -0.000245919 0.009884656 0.000028262 0.999999046 -0.001374078 -0.015500225 0.000245958 0.001374071 0.999999046 0.529239297
0.999999940 0.000131981 -0.000340062 0.011282611 -0.000132404 0.999999225 -0.001245039 -0.019298743 0.000339897 0.001245084 0.999999166 0.686342239
1.000000000 -0.000067914 -0.000066103 0.016966265 0.000067845 0.999999464 -0.001047741 -0.024929853 0.000066174 0.001047736 0.999999464 0.844766140
1.000000000 -0.000072691 0.000144870 0.017433163 0.000072845 0.999999404 -0.001063961 -0.027264675 -0.000144792 0.001063972 0.999999404 1.011661649
0.999980986 -0.005515733 -0.002753326 0.058972418 0.005519464 0.999983966 0.001349403 -0.055921689 0.002745838 -0.001364574 0.999995291 1.168067217
0.999978304 -0.005877917 -0.002945659 0.064275898 0.005881399 0.999981999 0.001174830 -0.057206355 0.002938700 -0.001192130 0.999994934 1.357472897
0.999979079 -0.005850086 -0.002759265 0.065909430 0.005852979 0.999982357 0.001041589 -0.059923865 0.002753123 -0.001057717 0.999995708 1.547980547
0.999977648 -0.006076767 -0.002756255 0.072317377 0.006080483 0.999980569 0.001341686 -0.064937815 0.002748048 -0.001358415 0.999995351 1.748484731
0.999978185 -0.005822512 -0.003114709 0.078334808 0.005827338 0.999981761 0.001542460 -0.073829547 0.003105671 -0.001560577 0.999993920 1.931235075
0.999979794 -0.005871356 -0.002420895 0.076396994 0.005875953 0.999980927 0.001895906 -0.081950232 0.002409717 -0.001910093 0.999995291 2.139603615
0.999980032 -0.005758110 -0.002582047 0.082163773 0.005762290 0.999982059 0.001614649 -0.084729299 0.002572703 -0.001629495 0.999995410 2.365556717
0.999978900 -0.005949940 -0.002609424 0.088355146 0.005953930 0.999981105 0.001523802 -0.092049502 0.002600309 -0.001539306 0.999995410 2.568541765
0.999979198 -0.005764223 -0.002906413 0.096422903 0.005768409 0.999982357 0.001433666 -0.098387957 0.002898098 -0.001450401 0.999994755 2.798701763
0.999981880 -0.005488015 -0.002462898 0.092046194 0.005491925 0.999983668 0.001584022 -0.104835518 0.002454165 -0.001597519 0.999995649 3.033230782
0.999979138 -0.005940266 -0.002532420 0.099383809 0.005942965 0.999981761 0.001059830 -0.105108507 0.002526078 -0.001074858 0.999996245 3.257130623
0.999982238 -0.005428133 -0.002444900 0.103291623 0.005430996 0.999984443 0.001166245 -0.113281310 0.002438531 -0.001179502 0.999996364 3.506846905
0.999981105 -0.005597677 -0.002541029 0.110129304 0.005600487 0.999983668 0.001100244 -0.117553115 0.002534829 -0.001114454 0.999996185 3.762009144
0.999980927 -0.005580096 -0.002636545 0.114065699 0.005582682 0.999984086 0.000974820 -0.124760292 0.002631063 -0.000989521 0.999996066 4.009427071
0.999981761 -0.005477946 -0.002508768 0.116792798 0.005481596 0.999983907 0.001450872 -0.132463396 0.002500779 -0.001464598 0.999995828 4.260861397
0.999980867 -0.005743179 -0.002280654 0.118375696 0.005746583 0.999982417 0.001489195 -0.138837472 0.002272061 -0.001502272 0.999996245 4.520028114
0.999983788 -0.005400945 -0.001820823 0.122955598 0.005403860 0.999984205 0.001600604 -0.146448493 0.001812149 -0.001610417 0.999997079 4.771962643
0.999984205 -0.005137573 -0.002284092 0.131254688 0.005141368 0.999985397 0.001658931 -0.157121122 0.002275536 -0.001670648 0.999996006 4.998396397
0.999982893 -0.005363440 -0.002370940 0.137012422 0.005367622 0.999984026 0.001761137 -0.166459814 0.002361457 -0.001773833 0.999995589 5.266757488
0.999985218 -0.005108139 -0.001852763 0.134126961 0.005110355 0.999986172 0.001193070 -0.170238838 0.001846643 -0.001202520 0.999997497 5.534850121
0.999985218 -0.005104534 -0.001854288 0.139159977 0.005107285 0.999985814 0.001481626 -0.179252476 0.001846698 -0.001491074 0.999997139 5.817745209
0.999985576 -0.004984670 -0.001991501 0.150582790 0.004987582 0.999986470 0.001459469 -0.190993562 0.001984200 -0.001469381 0.999996960 6.053359985
0.999985635 -0.004991314 -0.001935674 0.156486958 0.004993876 0.999986589 0.001320935 -0.196730971 0.001929055 -0.001330583 0.999997258 6.335057735
0.999985039 -0.005124265 -0.001868375 0.163706660 0.005126702 0.999985933 0.001301295 -0.206732929 0.001861681 -0.001310854 0.999997437 6.624740124
0.999985158 -0.004960304 -0.002264080 0.170282558 0.004964492 0.999985993 0.001847887 -0.224519446 0.002254883 -0.001859099 0.999995708 6.897690296
0.999984920 -0.005003151 -0.002254838 0.174640119 0.005007318 0.999985754 0.001846083 -0.230019301 0.002245569 -0.001857346 0.999995708 7.201550007
0.999985158 -0.004972948 -0.002241731 0.183572486 0.004977342 0.999985754 0.001958639 -0.235699371 0.002231959 -0.001969768 0.999995530 7.513122559
0.999984324 -0.005122836 -0.002269113 0.188668504 0.005127823 0.999984384 0.002197174 -0.250473142 0.002257822 -0.002208775 0.999994993 7.830368996
0.999985278 -0.005006094 -0.002108620 0.197821736 0.005010404 0.999985397 0.002044048 -0.257653087 0.002098357 -0.002054583 0.999995708 8.151763916
0.999989092 -0.004443120 -0.001398273 0.181118965 0.004444940 0.999989271 0.001301172 -0.265891999 0.001392476 -0.001307373 0.999998152 8.423812866
0.999988258 -0.004611253 -0.001421255 0.185152903 0.004613234 0.999988317 0.001393907 -0.272697270 0.001414810 -0.001400447 0.999997973 8.765268326
0.999983370 -0.005468692 -0.001816675 0.202286273 0.005472061 0.999983311 0.001854924 -0.294633120 0.001806501 -0.001864835 0.999996603 9.085470200
0.999982178 -0.005576101 -0.002138205 0.215721697 0.005580636 0.999982178 0.002120884 -0.308064371 0.002126341 -0.002132779 0.999995470 9.447812080
0.999988437 -0.004732305 -0.000882029 0.200016856 0.004734009 0.999986887 0.001939375 -0.308122993 0.000872840 -0.001943528 0.999997675 9.740422249
0.999991655 -0.004028177 -0.000681043 0.205793530 0.004029721 0.999989271 0.002280470 -0.318342566 0.000671850 -0.002283195 0.999997139 10.096158981
0.999990880 -0.004212128 -0.000669843 0.207306355 0.004213064 0.999990165 0.001402063 -0.323941529 0.000663931 -0.001404873 0.999998748 10.430256844
0.999990165 -0.004411037 -0.000476431 0.223780975 0.004411823 0.999988973 0.001661033 -0.337682486 0.000469099 -0.001663118 0.999998510 10.793239594
0.999993384 -0.003617136 -0.000319680 0.217234939 0.003617628 0.999992251 0.001552570 -0.348340720 0.000314062 -0.001553716 0.999998748 11.155617714
0.999992013 -0.003944640 -0.000582663 0.229961678 0.003945475 0.999991179 0.001438210 -0.357070953 0.000576984 -0.001440497 0.999998808 11.536709785
0.999992549 -0.003811562 -0.000568532 0.241230249 0.003812651 0.999990821 0.001926523 -0.374513000 0.000561184 -0.001928676 0.999998033 11.922251701
0.999992073 -0.003965179 -0.000004219 0.243700802 0.003965180 0.999991715 0.001033655 -0.375251174 0.000000120 -0.001033664 0.999999464 12.263282776
0.999991119 -0.004195700 -0.000431656 0.251387119 0.004196109 0.999990761 0.000949126 -0.382261664 0.000427670 -0.000950929 0.999999464 12.667394638
0.999994338 -0.003398332 0.000124074 0.252439797 0.003398198 0.999993682 0.001065883 -0.397914737 -0.000127695 -0.001065455 0.999999404 13.037948608
0.999992311 -0.003881035 0.000489034 0.260883033 0.003880452 0.999991775 0.001186654 -0.406899631 -0.000493636 -0.001184747 0.999999166 13.454033852
0.999993682 -0.003495558 0.000628659 0.270481646 0.003494942 0.999993443 0.000977710 -0.415131420 -0.000632073 -0.000975507 0.999999344 13.848367691
0.999994218 -0.003213073 0.001057201 0.277697474 0.003212554 0.999994814 0.000492164 -0.425658733 -0.001058777 -0.000488764 0.999999344 14.272287369
0.999991357 -0.003942094 0.001313010 0.286386579 0.003939664 0.999990642 0.001848523 -0.448224038 -0.001320285 -0.001843334 0.999997437 14.665594101
0.999993324 -0.003387116 0.001356605 0.299418628 0.003385891 0.999993801 0.000904016 -0.450429469 -0.001359659 -0.000899416 0.999998689 15.088368416
0.999993086 -0.003349667 0.001601483 0.305070192 0.003348626 0.999994159 0.000652434 -0.459128410 -0.001603660 -0.000647066 0.999998450 15.538832664
0.999990702 -0.003876488 0.001892381 0.321151286 0.003873787 0.999991477 0.001428860 -0.478909492 -0.001897904 -0.001421516 0.999997199 15.934360504
0.999991059 -0.003106337 0.002877272 0.321669877 0.003103213 0.999994576 0.001089549 -0.490358442 -0.002880641 -0.001080610 0.999995291 16.378753662
0.999989152 -0.003213672 0.003378940 0.330541015 0.003211143 0.999994516 0.000753679 -0.500345767 -0.003381344 -0.000742820 0.999993980 16.802892685
0.999989629 -0.003311265 0.003127628 0.342828900 0.003308398 0.999994159 0.000921195 -0.515335202 -0.003130660 -0.000910838 0.999994695 17.271213531
0.999987543 -0.003219756 0.003830231 0.349184334 0.003216692 0.999994457 0.000805916 -0.526232600 -0.003832805 -0.000793585 0.999992371 17.738315582
0.999985635 -0.003288002 0.004223503 0.362965554 0.003283951 0.999994159 0.000965834 -0.543103993 -0.004226654 -0.000951951 0.999990642 18.143625259
0.999986947 -0.003024214 0.004107919 0.375757992 0.003021732 0.999995291 0.000610362 -0.554427803 -0.004109745 -0.000597942 0.999991417 18.614286423
0.999982476 -0.003302740 0.004921883 0.391998410 0.003299347 0.999994278 0.000697459 -0.563658834 -0.004924159 -0.000681208 0.999987662 19.100320816
0.999987423 -0.002876025 0.004094994 0.402795136 0.002873675 0.999995708 0.000579563 -0.583761215 -0.004096643 -0.000567787 0.999991417 19.541999817
0.999987781 -0.002685151 0.004142984 0.414250195 0.002684953 0.999996364 0.000053085 -0.593049228 -0.004143112 -0.000041961 0.999991477 20.033460617
0.999987841 -0.002706566 0.004103377 0.427690327 0.002705335 0.999996305 0.000305536 -0.607664227 -0.004104189 -0.000294431 0.999991536 20.534578323
0.999992013 -0.002129195 0.003375990 0.444967210 0.002123095 0.999996126 0.001809270 -0.643994570 -0.003379828 -0.001802088 0.999992609 20.958101273
0.999993563 -0.002392355 0.002663311 0.460618675 0.002388180 0.999996006 0.001569665 -0.654907107 -0.002667055 -0.001563294 0.999995232 21.469600677
0.999993920 -0.002565411 0.002340266 0.467645228 0.002563061 0.999996126 0.001006810 -0.662344456 -0.002342841 -0.001000805 0.999996781 21.948793411
0.999995470 -0.002163382 0.002050165 0.477575630 0.002161601 0.999997199 0.000870874 -0.677799225 -0.002052044 -0.000866438 0.999997556 22.472557068
0.999997973 -0.001173521 0.001616282 0.485081941 0.001172280 0.999998987 0.000768685 -0.693779230 -0.001617183 -0.000766789 0.999998450 22.999649048
0.999994874 -0.002847096 0.001412139 0.487417579 0.002846192 0.999995768 0.000641726 -0.723293364 -0.001413960 -0.000637703 0.999998748 23.426027298
0.999997258 -0.002196310 0.000763154 0.500186503 0.002195303 0.999996722 0.001317173 -0.736300230 -0.000766044 -0.001315493 0.999998808 23.970783234
0.999997914 -0.002027469 0.000037959 0.511042118 0.002027397 0.999996305 0.001815346 -0.753754318 -0.000041640 -0.001815265 0.999998331 24.503896713
0.999999762 -0.000622788 0.000089996 0.504889786 0.000622635 0.999998331 0.001695213 -0.786737204 -0.000091051 -0.001695156 0.999998569 24.958332062
1.000000000 0.000225667 0.000375454 0.507461905 -0.000225834 0.999999940 0.000444423 -0.795719147 -0.000375354 -0.000444508 0.999999881 25.522014618
0.999999881 -0.000017570 -0.000546614 0.522551000 0.000018237 0.999999285 0.001219719 -0.808058560 0.000546592 -0.001219729 0.999999106 26.069412231
0.999999523 -0.000587205 -0.000810595 0.538484395 0.000587953 0.999999404 0.000923160 -0.832469881 0.000810052 -0.000923636 0.999999166 26.530073166
0.999999344 -0.000021193 -0.001201461 0.547590435 0.000021875 0.999999881 0.000567736 -0.847220302 0.001201448 -0.000567762 0.999999046 27.080852509
0.999998271 0.000342327 -0.001835930 0.559342265 -0.000340999 0.999999702 0.000723636 -0.863698363 0.001836177 -0.000723009 0.999997973 27.633666992
0.999999344 -0.000121537 -0.001130854 0.561710775 0.000122024 0.999999881 0.000431145 -0.877270103 0.001130801 -0.000431283 0.999999285 28.080623627
0.999998450 -0.000408180 -0.001688184 0.575733244 0.000409239 0.999999762 0.000627308 -0.890548229 0.001687927 -0.000627998 0.999998450 28.639871597
0.999997497 0.000471316 -0.002178819 0.579284728 -0.000470489 0.999999821 0.000379968 -0.901106477 0.002178998 -0.000378942 0.999997556 29.187698364
0.999997020 -0.000638875 -0.002342375 0.607796431 0.000638721 0.999999821 -0.000066305 -0.927900851 0.002342417 0.000064808 0.999997258 29.630250931
0.999996424 0.000340838 -0.002645362 0.615978003 -0.000339019 0.999999762 0.000687896 -0.948049128 0.002645596 -0.000686996 0.999996245 30.165355682
0.999996126 0.000285120 -0.002757641 0.619553864 -0.000282470 0.999999583 0.000961302 -0.965466261 0.002757915 -0.000960519 0.999995768 30.714550018
0.999995291 -0.001168726 -0.002828816 0.638149023 0.001164109 0.999997973 -0.001633199 -0.968218565 0.002830719 0.001629899 0.999994576 31.187229156
0.999994993 -0.000766423 -0.003069300 0.643946767 0.000762391 0.999998868 -0.001314711 -0.982581317 0.003070304 0.001312365 0.999994338 31.739839554
0.999996066 -0.000078236 -0.002789004 0.648290157 0.000074256 0.999998987 -0.001427326 -0.995889902 0.002789113 0.001427114 0.999995053 32.284606934
0.999990821 -0.001828109 -0.003862523 0.675326109 0.001818089 0.999994993 -0.002595799 -1.016860962 0.003867249 0.002588754 0.999989152 32.694988251
0.999989212 -0.002176774 -0.004096575 0.676410854 0.002167019 0.999994755 -0.002384276 -1.040137529 0.004101743 0.002375373 0.999988735 33.216167450
0.999989808 -0.002213985 -0.003940935 0.693517208 0.002201910 0.999992967 -0.003065741 -1.049148798 0.003947695 0.003057032 0.999987483 33.782855988
0.999992907 -0.000964689 -0.003618138 0.702312171 0.000954597 0.999995589 -0.002789998 -1.076617956 0.003620815 0.002786524 0.999989510 34.192131042
0.999993086 -0.000868422 -0.003611874 0.708225012 0.000856397 0.999994099 -0.003329591 -1.090159655 0.003614744 0.003326474 0.999987900 34.744289398
0.999994576 -0.000545552 -0.003241025 0.714993179 0.000533484 0.999992907 -0.003723333 -1.099241734 0.003243034 0.003721584 0.999987781 35.300075531
0.999992609 -0.000526999 -0.003802700 0.726506472 0.000516627 0.999996126 -0.002727779 -1.136639833 0.003804123 0.002725795 0.999989033 35.709655762
0.999992847 -0.000244844 -0.003775419 0.730541646 0.000232410 0.999994457 -0.003293570 -1.151128888 0.003776205 0.003292669 0.999987423 36.261768341
0.999992490 0.000230339 -0.003864507 0.749212503 -0.000243501 0.999994159 -0.003405834 -1.169641495 0.003863700 0.003406749 0.999986708 36.730693817
0.999991536 0.000110214 -0.004102692 0.761618257 -0.000122541 0.999995410 -0.003004708 -1.189614296 0.004102342 0.003005186 0.999987006 37.276020050
0.999992251 0.000506870 -0.003914883 0.769185662 -0.000518512 0.999995470 -0.002973412 -1.209302783 0.003913358 0.002975420 0.999987841 37.801773071
0.999986231 0.000637482 -0.005203520 0.817783713 -0.000655006 0.999994099 -0.003366686 -1.245332122 0.005201344 0.003370048 0.999980807 38.237129211
0.999982119 0.000658109 -0.005946291 0.835118771 -0.000678165 0.999994099 -0.003371504 -1.266376495 0.005944037 0.003375476 0.999976635 38.774574280
0.999983013 0.001019940 -0.005741922 0.834080100 -0.001044324 0.999990404 -0.004245205 -1.263997912 0.005737538 0.004251129 0.999974489 39.328670502
0.999983490 0.001568650 -0.005527087 0.869483352 -0.001590363 0.999991000 -0.003926303 -1.297119856 0.005520880 0.003935028 0.999976993 39.752506256
0.999982536 0.001573254 -0.005685543 0.876368165 -0.001595691 0.999990880 -0.003943912 -1.317008734 0.005679287 0.003952915 0.999976039 40.297782898
0.999979377 0.002052985 -0.006081063 0.892394781 -0.002076965 0.999989986 -0.003939777 -1.332459450 0.006072914 0.003952325 0.999973774 40.846256256
0.999981105 0.001681054 -0.005919681 0.884219050 -0.001705225 0.999990165 -0.004080408 -1.345994949 0.005912764 0.004090425 0.999974072 41.388694763
0.999980748 0.003412902 -0.005167384 0.920666933 -0.003442598 0.999977529 -0.005748773 -1.386063337 0.005147648 0.005766451 0.999970138 41.756919861
0.999983668 0.002648456 -0.005064789 0.926862657 -0.002673559 0.999984145 -0.004955817 -1.410175085 0.005051583 0.004969277 0.999974847 42.290390015
0.999977827 0.003735025 -0.005515874 0.936126113 -0.003763924 0.999979198 -0.005238074 -1.422081590 0.005496196 0.005258719 0.999971032 42.843891144
0.999982655 0.003294131 -0.004871330 0.946832955 -0.003319120 0.999981344 -0.005130473 -1.444487572 0.004854339 0.005146553 0.999974966 43.365833282
0.999972761 0.004449339 -0.005886460 1.009772062 -0.004484922 0.999971628 -0.006045564 -1.481884480 0.005859394 0.006071799 0.999964356 43.767036438
0.999973059 0.004033718 -0.006130537 1.019466281 -0.004069357 0.999974847 -0.005812179 -1.500560522 0.006106937 0.005836970 0.999964356 44.297035217
0.999974132 0.004601069 -0.005535786 1.019917488 -0.004635398 0.999970019 -0.006204538 -1.515000582 0.005507072 0.006230038 0.999965429 44.848571777
0.999968410 0.004714547 -0.006394648 1.060456395 -0.004760059 0.999963343 -0.007120816 -1.562702179 0.006360842 0.007151030 0.999954224 45.283588409
0.999963343 0.005492351 -0.006563328 1.070870876 -0.005533924 0.999964654 -0.006333050 -1.588266492 0.006528312 0.006369139 0.999958456 45.828136444
0.999966383 0.005166132 -0.006361448 1.074036956 -0.005209933 0.999962687 -0.006888062 -1.599095464 0.006325625 0.006920972 0.999956071 46.384998322
0.999965608 0.005404133 -0.006301351 1.077919245 -0.005447222 0.999961734 -0.006840993 -1.623890877 0.006264141 0.006875081 0.999956727 46.925300598
0.999969661 0.000581967 -0.007765437 1.138401747 -0.000616358 0.999989986 -0.004427013 -1.774484038 0.007762784 0.004431666 0.999960005 47.255687714
0.999974668 0.000543368 -0.007081872 1.139769197 -0.000575580 0.999989450 -0.004547357 -1.791681290 0.007079327 0.004551318 0.999964535 47.799118042
0.999973238 0.000766089 -0.007275156 1.143560886 -0.000796554 0.999990880 -0.004185605 -1.810299277 0.007271884 0.004191288 0.999964774 48.323074341
0.999945998 -0.003491067 -0.009779580 1.231868267 0.003458851 0.999988675 -0.003309144 -1.909268618 0.009791018 0.003275140 0.999946713 48.790500641
0.999935925 -0.003338565 -0.010805225 1.235143781 0.003295451 0.999986589 -0.004005501 -1.920300484 0.010818452 0.003969637 0.999933600 49.336585999
0.999948502 -0.002936814 -0.009706107 1.237014413 0.002891850 0.999985039 -0.004643313 -1.939808369 0.009719598 0.004615005 0.999942124 49.878326416
0.999962330 0.000547717 -0.008656320 1.222342253 -0.000540660 0.999999523 0.000817590 -2.149648428 0.008656763 -0.000812879 0.999962211 50.277244568
0.999964297 -0.000782897 -0.008411880 1.205029488 0.000793530 0.999998987 0.001260731 -2.176104307 0.008410883 -0.001267361 0.999963820 50.829616547
0.999962807 -0.000243681 -0.008613973 1.212482572 0.000250777 0.999999642 0.000822760 -2.181390524 0.008613769 -0.000824890 0.999962568 51.380737305
0.999963760 -0.001237977 -0.008416931 1.222624302 0.001250473 0.999998093 0.001479514 -2.203326464 0.008415083 -0.001489986 0.999963522 51.900424957
0.999962568 0.000407601 -0.008638563 1.256432772 -0.000384257 0.999996245 0.002703761 -2.307443142 0.008639632 -0.002700341 0.999959052 52.383056641
0.999954522 -0.000765316 -0.009505326 1.273870230 0.000796903 0.999994278 0.003319739 -2.330891848 0.009502731 -0.003327163 0.999949276 52.902690887
0.999949753 -0.001641716 -0.009891909 1.282817602 0.001661551 0.999996543 0.001997240 -2.334613800 0.009888596 -0.002013576 0.999949098 53.442771912
0.999948144 -0.001628725 -0.010057125 1.294536948 0.001654974 0.999995232 0.002602252 -2.363478899 0.010052840 -0.002618761 0.999945998 53.962882996
0.999953508 -0.000073630 -0.009644085 1.299973726 0.000099180 0.999996424 0.002648844 -2.383488655 0.009643857 -0.002649677 0.999949932 54.534790039
0.999950945 -0.000596092 -0.009883933 1.308565855 0.000624468 0.999995708 0.002868123 -2.401006699 0.009882181 -0.002874155 0.999947011 55.079124451
0.999953628 0.000144345 -0.009631687 1.314555645 -0.000119108 0.999996543 0.002620766 -2.413029432 0.009632033 -0.002619497 0.999950171 55.629138947
0.999941409 -0.002066375 -0.010626061 1.336540937 0.002083406 0.999996662 0.001591930 -2.444554567 0.010622732 -0.001613975 0.999942303 56.108604431
0.999942482 -0.001884609 -0.010552879 1.345281005 0.001898323 0.999997318 0.001289708 -2.460843325 0.010550421 -0.001309666 0.999943495 56.648082733
0.999948442 -0.001806947 -0.009991203 1.351567268 0.001820376 0.999997377 0.001335184 -2.471879482 0.009988764 -0.001353303 0.999949217 57.202743530
0.999943495 -0.000025458 -0.010629987 1.348161459 0.000070184 0.999991119 0.004207171 -2.601722717 0.010629786 -0.004207680 0.999934673 57.659721375
0.999942780 -0.000083388 -0.010699963 1.360454559 0.000125083 0.999992371 0.003896066 -2.616980314 0.010699558 -0.003897182 0.999935150 58.203800201
0.999938428 -0.000664764 -0.011086299 1.375924230 0.000710063 0.999991357 0.004082608 -2.631043196 0.011083491 -0.004090228 0.999930203 58.754508972
0.999944448 -0.000124733 -0.010537120 1.361713648 0.000163976 0.999993026 0.003723414 -2.639061928 0.010536583 -0.003724936 0.999937534 59.278415680
0.999939442 -0.000694539 -0.010978037 1.380017042 0.000762689 0.999980450 0.006204965 -2.750329971 0.010973512 -0.006212962 0.999920487 59.722908020
0.999940276 -0.001032982 -0.010873265 1.382489085 0.001100628 0.999980152 0.006217211 -2.759942770 0.010866626 -0.006228808 0.999921560 60.267677307
0.999937177 -0.001566135 -0.011092139 1.393982649 0.001635638 0.999979198 0.006259640 -2.795875072 0.011082101 -0.006277391 0.999918878 60.771980286
0.999939084 -0.001561914 -0.010923695 1.396489859 0.001635382 0.999976099 0.006719918 -2.812097788 0.010912936 -0.006737373 0.999917746 61.339889526
0.999935567 -0.001795545 -0.011209335 1.403014779 0.001871414 0.999975383 0.006761580 -2.823291779 0.011196919 -0.006782121 0.999914348 61.873905182
0.999919653 -0.001747321 -0.012556831 1.445582867 0.001837269 0.999972701 0.007155318 -2.866626501 0.012543989 -0.007177813 0.999895513 62.381805420
0.999917448 -0.001574141 -0.012748739 1.454338789 0.001660185 0.999975920 0.006741482 -2.874841452 0.012737821 -0.006762092 0.999895990 62.929744720
0.999929845 -0.001221489 -0.011775381 1.440357447 0.001307633 0.999972403 0.007310654 -2.913525105 0.011766126 -0.007325539 0.999903858 63.504386902
0.999926150 -0.001413895 -0.012071262 1.452934265 0.001503847 0.999971092 0.007445933 -2.924042225 0.012060387 -0.007463537 0.999899328 64.043983459
0.999925435 -0.002049613 -0.012032300 1.452146888 0.002149110 0.999963582 0.008262057 -2.952585936 0.012014926 -0.008287301 0.999893427 64.649589539
0.999926865 -0.001799301 -0.011954775 1.451849461 0.001909266 0.999955893 0.009193452 -2.980150700 0.011937704 -0.009215605 0.999886274 65.242019653
0.999933541 -0.000398174 -0.011515053 1.449483633 0.000509926 0.999952793 0.009703542 -2.998599291 0.011510648 -0.009708771 0.999886572 65.823219299
0.999928772 -0.001524463 -0.011833509 1.454268932 0.001626916 0.999961257 0.008653144 -2.999850750 0.011819858 -0.008671780 0.999892533 66.396720886
0.999933004 -0.001162883 -0.011512172 1.459265351 0.001260005 0.999963641 0.008432821 -3.011277676 0.011501945 -0.008446762 0.999898195 66.986671448
0.999935925 -0.001356280 -0.011236151 1.463938475 0.001446241 0.999966979 0.008002188 -3.017729998 0.011224926 -0.008017926 0.999904811 67.529327393
0.999926686 -0.001853000 -0.011965238 1.476731420 0.001952542 0.999963522 0.008312959 -3.032112598 0.011949398 -0.008335713 0.999893844 68.066818237
0.999933720 -0.000996944 -0.011472147 1.453170419 0.001098386 0.999960303 0.008839501 -3.084955454 0.011462879 -0.008851515 0.999895096 68.778266907
0.999930263 -0.000766425 -0.011785334 1.460275769 0.000873795 0.999958098 0.009108063 -3.096088171 0.011777858 -0.009117725 0.999889076 69.327796936
0.999935508 -0.000179524 -0.011359413 1.460670471 0.000281016 0.999960005 0.008933675 -3.109462261 0.011357356 -0.008936290 0.999895573 69.875816345
0.999928534 -0.002990999 -0.011574861 1.464557886 0.003101505 0.999949813 0.009540955 -3.146991491 0.011545742 -0.009576174 0.999887407 70.596046448
0.999928117 -0.002656118 -0.011698196 1.468105078 0.002760859 0.999956250 0.008946652 -3.149250746 0.011673921 -0.008978306 0.999891460 71.144409180
0.999921679 -0.003450268 -0.012025429 1.483477473 0.003563437 0.999949396 0.009402144 -3.178071976 0.011992382 -0.009444259 0.999883473 71.802658081
0.999918759 -0.003934455 -0.012123337 1.491871476 0.004056850 0.999940872 0.010087905 -3.197720051 0.012082928 -0.010136269 0.999875546 72.394554138
0.999918282 -0.004086604 -0.012112270 1.494314313 0.004206704 0.999942064 0.009906761 -3.212281704 0.012071084 -0.009956905 0.999877572 72.994316101
0.999915957 -0.004771950 -0.012054461 1.499081612 0.004892077 0.999938488 0.009955560 -3.227221251 0.012006210 -0.010013695 0.999877810 73.582336426
0.999918580 -0.004405353 -0.011976274 1.502248526 0.004523834 0.999940991 0.009884024 -3.236798763 0.011932022 -0.009937398 0.999879479 74.132156372
0.999907672 -0.004267215 -0.012903815 1.523581982 0.004405142 0.999933302 0.010679362 -3.265989304 0.012857381 -0.010735219 0.999859691 74.633766174
0.999913871 -0.004799316 -0.012213523 1.518887281 0.004923562 0.999936223 0.010163137 -3.277185678 0.012163971 -0.010222396 0.999873757 75.419059753
0.999904096 -0.005394563 -0.012754812 1.525780201 0.005525299 0.999932349 0.010236975 -3.284926414 0.012698726 -0.010306466 0.999866247 75.959831238
0.999904692 -0.005219625 -0.012776542 1.529049635 0.005354921 0.999929726 0.010578243 -3.318504333 0.012720430 -0.010645653 0.999862432 76.605239868
0.999907613 -0.005280249 -0.012531057 1.539815545 0.005413599 0.999928832 0.010631580 -3.328106880 0.012474029 -0.010698435 0.999864995 77.157905579
0.999899149 -0.006125965 -0.012811115 1.543874502 0.006263660 0.999922693 0.010735728 -3.347892046 0.012744357 -0.010814888 0.999860287 77.808189392
0.999896228 -0.006378861 -0.012916309 1.552477241 0.006519533 0.999919534 0.010878392 -3.359690666 0.012845878 -0.010961469 0.999857426 78.347335815
0.999917150 -0.005454846 -0.011653099 1.550930142 0.005582120 0.999924839 0.010917427 -3.378911495 0.011592670 -0.010981574 0.999872446 78.999122620
0.999922574 -0.006094023 -0.010842773 1.559594631 0.006213950 0.999919534 0.011061507 -3.395459175 0.010774490 -0.011128028 0.999880016 79.597457886
0.999938846 -0.005698187 -0.009480698 1.565319061 0.005803365 0.999921501 0.011103648 -3.406967163 0.009416684 -0.011157989 0.999893427 80.188247681
0.999952614 -0.005433790 -0.008073116 1.569734812 0.005522414 0.999924302 0.010996329 -3.416997671 0.008012753 -0.011040390 0.999906957 80.782485962
0.999976397 -0.004877473 -0.004826304 1.583608270 0.004928406 0.999931693 0.010598383 -3.421719790 0.004774281 -0.010621920 0.999932170 81.372032166
0.999990046 -0.004383399 -0.000763332 1.596342087 0.004391306 0.999933302 0.010685508 -3.428940773 0.000716442 -0.010688756 0.999942601 81.912742615
0.999984920 -0.005155652 0.001881181 1.617010474 0.005135477 0.999930918 0.010576448 -3.443154097 -0.001935579 -0.010566629 0.999942243 82.475776672
0.999968886 -0.004731708 0.006310300 1.636251092 0.004657992 0.999921322 0.011645832 -3.493653059 -0.006364909 -0.011616076 0.999912262 83.185470581
0.999919415 -0.004259579 0.011953261 1.662702084 0.004123730 0.999926865 0.011366744 -3.503329039 -0.012000806 -0.011316537 0.999863923 83.738861084
0.999832511 -0.004932918 0.017628171 1.695201159 0.004720544 0.999915957 0.012068754 -3.518695593 -0.017686225 -0.011983518 0.999771714 84.285652161
0.999710083 -0.001976036 0.023997363 1.695745111 0.001667468 0.999915779 0.012871600 -3.584524870 -0.024020782 -0.012827854 0.999629080 85.006172180
0.999473751 -0.001429444 0.032405496 1.717168927 0.001016778 0.999918222 0.012747347 -3.596930742 -0.032421064 -0.012707691 0.999393523 85.617553711
0.999182105 -0.001729946 0.040400133 1.761390090 0.001202192 0.999913633 0.013083831 -3.609253883 -0.040419281 -0.013024561 0.999097884 86.173164368
0.998871386 -0.001352482 0.047478009 1.799551964 0.000721199 0.999911129 0.013310957 -3.621589184 -0.047491793 -0.013261694 0.998783588 86.728607178
0.998387635 -0.000933641 0.056755748 1.853864908 0.000187888 0.999913573 0.013143593 -3.645776272 -0.056763124 -0.013111737 0.998301566 87.416687012
0.997772634 -0.001573183 0.066688478 1.914115667 0.000662813 0.999906301 0.013671001 -3.662919044 -0.066703759 -0.013596348 0.997680187 88.004920959
0.997169256 -0.001515308 0.075174004 1.972523212 0.000474909 0.999903858 0.013855826 -3.668888092 -0.075187780 -0.013780903 0.997074127 88.558517456
0.996534169 -0.001087501 0.083177269 2.033581734 -0.000087336 0.999900281 0.014119546 -3.699970961 -0.083184332 -0.014077875 0.996434748 89.214790344
0.995551109 -0.001243937 0.094214924 2.108294487 -0.000076800 0.999901831 0.014013411 -3.705243111 -0.094223104 -0.013958304 0.995453179 89.807174683
0.994461477 -0.001448575 0.105092160 2.181111336 -0.000034084 0.999900579 0.014105011 -3.712310791 -0.105102137 -0.014030472 0.994362354 90.355216980
0.993446529 -0.002275834 0.114275165 2.276099205 0.000598165 0.999891579 0.014713101 -3.741024971 -0.114296265 -0.014548323 0.993340194 91.013153076
0.992090285 -0.002008680 0.125510633 2.365002632 0.000121440 0.999886870 0.015042335 -3.745713234 -0.125526667 -0.014908113 0.991978228 91.558563232
0.990475297 -0.000109994 0.137690291 2.460567474 -0.001974462 0.999885499 0.015002050 -3.772134542 -0.137676194 -0.015131026 0.990361631 92.226387024
0.988888144 -0.000537659 0.148660764 2.562068939 -0.001722968 0.999884844 0.015077409 -3.785253048 -0.148651764 -0.015166009 0.988773286 92.777099609
0.987308323 -0.001226858 0.158809960 2.683212280 -0.001238748 0.999880254 0.015425592 -3.799108982 -0.158809856 -0.015426542 0.987188637 93.400077820
0.985278308 -0.002118568 0.170944527 2.812126160 -0.000539796 0.999879658 0.015503054 -3.815187454 -0.170956820 -0.015367098 0.985158682 93.894798279
0.983040750 -0.002549395 0.183369234 2.932277679 -0.000337609 0.999876440 0.015711272 -3.820431232 -0.183386654 -0.015506726 0.982918561 94.437225342
0.980817735 -0.001793678 0.194918528 3.034458160 -0.001368680 0.999869704 0.016088108 -3.813993216 -0.194921955 -0.016046286 0.980687439 94.960807800
0.978270829 -0.004551435 0.207281053 3.220853806 0.001040467 0.999854147 0.017044075 -3.919538498 -0.207328409 -0.016458051 0.978132963 95.767478943
0.975539505 -0.005001510 0.219767466 3.373674393 0.001228940 0.999849617 0.017299553 -3.924722195 -0.219820946 -0.016606316 0.975398898 96.299720764
0.972931445 -0.005215513 0.231034890 3.520088196 0.001213418 0.999846816 0.017461173 -3.934755802 -0.231090575 -0.016708182 0.972788811 96.800628662
0.968486905 -0.008051220 0.248933986 3.476676941 0.002356208 0.999728858 0.023167100 -4.210120201 -0.249053046 -0.021850495 0.968243241 97.668472290
0.964721084 -0.007904300 0.263155222 3.640785217 0.001879664 0.999730527 0.023137743 -4.207828522 -0.263267219 -0.021826826 0.964475989 98.218803406
0.961371481 -0.007938608 0.275139391 3.809000015 0.001530182 0.999722779 0.023498392 -4.216851234 -0.275249630 -0.022169672 0.961117089 98.721755981
0.957882702 -0.008641665 0.287029803 3.953231812 0.002107943 0.999731839 0.023064451 -4.212774277 -0.287152112 -0.021487994 0.957643926 99.181594849
0.953312814 -0.009485275 0.301835448 4.093454361 0.001706972 0.999659896 0.026023349 -4.429807663 -0.301979691 -0.024293168 0.953004777 99.960716248
0.949005663 -0.009579986 0.315113127 4.290781021 0.001352409 0.999652743 0.026318213 -4.432136536 -0.315255851 -0.024549972 0.948689103 100.473518372
0.945169449 -0.010756912 0.326403052 4.488777161 0.002224684 0.999646306 0.026502209 -4.425592422 -0.326572746 -0.024322936 0.944859028 100.978179932
0.939943492 -0.007024378 0.341257900 4.728851318 -0.002577201 0.999613643 0.027674349 -4.487258434 -0.341320336 -0.026891815 0.939562261 101.737808228
0.934837222 -0.007409805 0.354999363 4.943780899 -0.002676503 0.999606669 0.027912688 -4.494730949 -0.355066597 -0.027043974 0.934449732 102.228591919
0.930333257 -0.007993117 0.366628110 5.167802811 -0.002512026 0.999599993 0.028167346 -4.489341259 -0.366706669 -0.027125996 0.929941058 102.734695435
0.925347328 -0.008489970 0.379025310 5.384521484 -0.002015308 0.999624848 0.027311219 -4.486785889 -0.379115045 -0.026036218 0.924983144 103.240600586
0.916130304 -0.003953961 0.400861144 5.606990814 -0.014423583 0.998978913 0.042817336 -5.128082275 -0.400620997 -0.045008115 0.915137708 104.413307190
0.910448432 -0.005394522 0.413587362 5.856750488 -0.013290181 0.999017179 0.042286694 -5.116518497 -0.413408935 -0.043996513 0.909481823 104.896858215
0.905210614 -0.006524550 0.424913317 6.109317780 -0.012608716 0.999029517 0.042200994 -5.107759476 -0.424776226 -0.043558396 0.904249847 105.379577637
0.898976803 -0.011021676 0.437857628 6.459918976 -0.009892787 0.998917341 0.045455713 -5.262270451 -0.437884539 -0.045195263 0.897894502 106.070663452
0.891888380 -0.010629198 0.452130884 6.726974487 -0.011294703 0.998888433 0.045763280 -5.256372452 -0.452114791 -0.045922421 0.890776813 106.566352844
0.885972559 -0.012203852 0.463577211 6.993507385 -0.010044036 0.998914123 0.045492619 -5.250330448 -0.463629007 -0.044961397 0.884887874 107.029853821
0.880182147 -0.014179246 0.474424094 7.297519684 -0.009167740 0.998859286 0.046861768 -5.352530479 -0.474547386 -0.045596294 0.879048109 107.624160767
0.872885227 -0.015003309 0.487694860 7.584629059 -0.008599428 0.998898864 0.046121255 -5.339995861 -0.487849832 -0.044452462 0.871794939 108.085289001
0.865875483 -0.014619004 0.500045776 7.884742737 -0.009683526 0.998895764 0.045970973 -5.329876900 -0.500165701 -0.044647347 0.864777923 108.550094604
