1.000000000 0.000000000 0.000000000 0.000000000 0.000000000 1.000000000 0.000000000 0.000000000 0.000000000 0.000000000 1.000000000 0.000000000
0.999999940 -0.000323764 0.000046564 0.000277313 0.000323763 0.999999940 0.000013132 0.000292679 -0.000046568 -0.000013117 1.000000000 -0.000109577
1.000000000 -0.000098778 0.000129703 -0.000627860 0.000098753 1.000000000 0.000195095 -0.000523653 -0.000129722 -0.000195082 1.000000000 0.000291808
1.000000000 -0.000093482 0.000017444 0.000266862 0.000093480 1.000000000 0.000093805 0.000136895 -0.000017453 -0.000093803 1.000000000 0.000042898
1.000000000 -0.000018074 0.000070599 -0.000116169 0.000018070 1.000000000 0.000055021 -0.000720572 -0.000070600 -0.000055020 1.000000000 -0.000224329
0.999999940 -0.000310021 0.000078239 0.000080672 0.000310017 0.999999940 0.000045440 -0.000112559 -0.000078253 -0.000045415 1.000000000 -0.000809068
0.999999881 -0.000412415 0.000101766 -0.000250350 0.000412411 0.999999940 0.000040602 -0.000083264 -0.000101783 -0.000040560 1.000000000 0.000018767
0.999999940 -0.000314055 0.000094746 0.000506766 0.000314038 0.999999940 0.000177226 -0.000679218 -0.000094802 -0.000177196 1.000000000 0.001297875
1.000000000 -0.000124185 0.000120090 -0.000025008 0.000124186 1.000000000 -0.000007705 0.000817967 -0.000120089 0.000007720 1.000000000 0.000949691
1.000000000 -0.000012324 0.000142905 -0.000737792 0.000012322 1.000000000 0.000012284 -0.000116201 -0.000142905 -0.000012282 1.000000000 -0.000479972
1.000000000 -0.000172480 0.000069912 0.001087129 0.000172478 1.000000000 0.000030202 0.000489566 -0.000069917 -0.000030190 1.000000000 -0.000639655
1.000000000 -0.000032582 0.000012438 0.001004782 0.000032583 1.000000000 -0.000027949 -0.000078684 -0.000012437 0.000027950 1.000000000 -0.001758589
1.000000000 0.000018869 0.000060027 0.000583143 -0.000018860 1.000000000 -0.000134775 0.002007802 -0.000060029 0.000134774 1.000000000 0.000799907
1.000000000 -0.000064114 0.000074823 -0.000562791 0.000064112 1.000000000 0.000024996 0.000632033 -0.000074825 -0.000024991 1.000000000 -0.000073539
1.000000000 0.000123908 0.000123463 -0.000667910 -0.000123891 1.000000000 -0.000140492 0.001347282 -0.000123480 0.000140477 1.000000000 -0.000052160
1.000000000 -0.000103175 -0.000007186 0.000693296 0.000103176 1.000000000 0.000132422 0.000036831 0.000007173 -0.000132423 1.000000000 -0.000073813
0.999999940 -0.000405119 0.000016258 0.000089573 0.000405116 0.999999881 0.000148675 -0.000334827 -0.000016318 -0.000148668 1.000000000 -0.000707052
0.999999940 -0.000308577 0.000029865 0.000229126 0.000308575 0.999999940 0.000066149 -0.000799905 -0.000029886 -0.000066140 1.000000000 -0.001679511
1.000000000 0.000059832 0.000109873 -0.000232150 -0.000059840 1.000000000 0.000076315 -0.000232320 -0.000109868 -0.000076321 1.000000000 -0.001229302
1.000000000 0.000239205 0.000007239 -0.000287646 -0.000239205 0.999999940 0.000129863 -0.000148145 -0.000007208 -0.000129864 1.000000000 -0.000373650
1.000000000 -0.000145817 -0.000040230 0.000726371 0.000145822 1.000000000 0.000122713 0.000180931 0.000040212 -0.000122719 1.000000000 -0.000640009
1.000000000 -0.000040749 0.000073708 -0.000325063 0.000040740 1.000000000 0.000122417 -0.000286176 -0.000073713 -0.000122414 1.000000000 -0.000722532
1.000000000 -0.000150863 0.000030237 0.000452855 0.000150858 1.000000000 0.000153161 -0.000517202 -0.000030260 -0.000153156 1.000000000 -0.001486175
0.999999940 -0.000239523 0.000094614 0.000854406 0.000239523 1.000000000 0.000003772 0.000883650 -0.000094615 -0.000003749 1.000000000 0.000796827
1.000000000 0.000088472 0.000129181 0.000064562 -0.000088482 1.000000000 0.000080358 0.000429931 -0.000129174 -0.000080370 1.000000000 0.000614004
1.000000000 -0.000101740 0.000005645 0.001779236 0.000101740 1.000000000 0.000103663 0.000461024 -0.000005655 -0.000103662 1.000000000 -0.001330914
1.000000000 -0.000228871 0.000081616 0.000216850 0.000228868 1.000000000 0.000034209 0.000053838 -0.000081624 -0.000034190 1.000000000 -0.002111939
1.000000000 -0.000207194 0.000018656 -0.000193786 0.000207193 1.000000000 0.000076855 -0.000462159 -0.000018672 -0.000076851 1.000000000 -0.001947494
0.999999940 0.000201591 0.000184423 -0.001251191 -0.000201627 0.999999940 0.000191371 0.000133538 -0.000184384 -0.000191408 0.999999940 0.001206811
1.000000000 -0.000034401 0.000001565 0.000456488 0.000034401 1.000000000 0.000149884 -0.000178367 -0.000001570 -0.000149884 1.000000000 -0.000913774
0.999999940 -0.000205641 0.000197885 -0.000801216 0.000205635 1.000000000 0.000030981 0.000403400 -0.000197891 -0.000030940 1.000000000 -0.000197906
1.000000000 -0.000114754 0.000161903 -0.000914918 0.000114728 1.000000000 0.000159297 -0.000581774 -0.000161921 -0.000159278 1.000000000 -0.001224549
1.000000000 -0.000009490 0.000099510 -0.000424521 0.000009472 1.000000000 0.000188986 -0.001340774 -0.000099512 -0.000188985 1.000000000 -0.002040635
1.000000000 -0.000083450 0.000133445 -0.000261501 0.000083456 1.000000000 -0.000045518 0.000689087 -0.000133441 0.000045529 1.000000000 -0.001012992
1.000000000 -0.000145537 0.000111532 -0.000150166 0.000145535 1.000000000 0.000015751 0.000382952 -0.000111535 -0.000015735 1.000000000 -0.000647065
1.000000000 0.000099545 0.000081972 0.000198151 -0.000099557 1.000000000 0.000153465 0.000111045 -0.000081957 -0.000153474 1.000000000 -0.001025459
1.000000000 -0.000184265 0.000147686 0.000142222 0.000184269 1.000000000 -0.000029045 0.001848676 -0.000147680 0.000029072 1.000000000 0.000426002
1.000000000 -0.000097857 0.000161849 -0.000841935 0.000097843 1.000000000 0.000084282 0.001085785 -0.000161857 -0.000084266 1.000000000 0.000962927
1.000000000 -0.000045416 0.000110206 -0.000259020 0.000045410 1.000000000 0.000056630 0.000446990 -0.000110208 -0.000056625 1.000000000 -0.000745123
1.000000000 0.000053220 0.000173250 -0.000936284 -0.000053236 1.000000000 0.000096092 0.000083930 -0.000173245 -0.000096102 1.000000000 -0.000374578
0.999999940 -0.000009615 0.000304175 -0.000759942 0.000009665 1.000000000 -0.000165713 0.001361928 -0.000304173 0.000165716 0.999999940 0.002275134
1.000000000 -0.000102495 0.000167632 0.001083840 0.000102606 0.999999702 -0.000662139 -0.001287074 -0.000167564 0.000662156 0.999999762 0.051688429
1.000000000 -0.000062246 -0.000055044 0.003144215 0.000062176 0.999999106 -0.001270680 -0.003232038 0.000055123 0.001270676 0.999999166 0.139582410
1.000000000 -0.000045506 0.000124857 0.006301036 0.000045660 0.999999225 -0.001230415 -0.010794817 -0.000124801 0.001230421 0.999999225 0.259636551
0.999999940 0.000163045 0.000293501 0.003874587 -0.000162565 0.999998569 -0.001634014 -0.008225064 -0.000293767 0.001633966 0.999998629 0.383241177
0.999999821 0.000409274 0.000408158 0.006190730 -0.000408579 0.999998450 -0.001700303 -0.012774422 -0.000408853 0.001700136 0.999998510 0.519238949
1.000000119 -0.000032332 0.000053565 0.011682414 0.000032422 0.999998629 -0.001683617 -0.016324626 -0.000053510 0.001683619 0.999998569 0.673327923
0.999999642 0.000041060 0.000737155 0.011511007 -0.000040225 0.999999344 -0.001133730 -0.022895036 -0.000737201 0.001133700 0.999999046 0.835156024
0.999999762 -0.000164859 0.000626095 0.010984966 0.000165738 0.999998987 -0.001404421 -0.024636157 -0.000625863 0.001404525 0.999998808 1.009911418
0.999999940 0.000248885 0.000195925 0.018837765 -0.000248662 0.999999285 -0.001139867 -0.037429523 -0.000196209 0.001139818 0.999999285 1.182260633
0.999999940 -0.000240294 0.000063670 0.026762955 0.000240357 0.999999523 -0.000999457 -0.042991854 -0.000063430 0.000999472 0.999999523 1.365918636
0.999999940 -0.000125543 0.000079714 0.030836977 0.000125608 0.999999642 -0.000813727 -0.041070107 -0.000079611 0.000813738 0.999999583 1.568154931
1.000000000 -0.000211171 0.000025767 0.034648146 0.000211190 0.999999702 -0.000710136 -0.042494986 -0.000025617 0.000710141 0.999999702 1.777404070
0.999999881 0.000501199 0.000069731 0.035589822 -0.000501127 0.999999344 -0.001022643 -0.047410987 -0.000070244 0.001022608 0.999999464 1.967507958
0.999999642 0.000572077 0.000613017 0.036352530 -0.000571553 0.999999464 -0.000855317 -0.055418368 -0.000613506 0.000854967 0.999999464 2.172773838
0.999999762 0.000354995 0.000578784 0.032660402 -0.000354664 0.999999762 -0.000572446 -0.067252882 -0.000578987 0.000572241 0.999999642 2.388003826
0.999999762 0.000084281 0.000588571 0.038303718 -0.000084052 0.999999940 -0.000388183 -0.076857619 -0.000588604 0.000388133 0.999999702 2.616775751
0.999999881 -0.000140578 0.000309541 0.045463324 0.000140608 1.000000000 -0.000096630 -0.085165098 -0.000309527 0.000096673 0.999999940 2.846354485
0.999999821 0.000432463 0.000436688 0.052881554 -0.000432388 0.999999821 -0.000171371 -0.086537935 -0.000436762 0.000171182 0.999999881 3.081310034
0.999998808 0.001441712 0.000534567 0.056814231 -0.001441186 0.999998450 -0.000983746 -0.083339073 -0.000535984 0.000982975 0.999999344 3.328168869
0.999999523 0.000907488 0.000390585 0.069311045 -0.000907419 0.999999583 -0.000176020 -0.102763131 -0.000390745 0.000175665 0.999999881 3.560890913
1.000000000 0.000081297 0.000164543 0.075514875 -0.000081220 0.999999940 -0.000467064 -0.107197180 -0.000164581 0.000467051 0.999999940 3.809061289
0.999999523 0.001004255 0.000040355 0.081064284 -0.001004220 0.999999106 -0.000853742 -0.103987098 -0.000041213 0.000853701 0.999999642 4.089791298
0.999999702 0.000726560 0.000166097 0.082701534 -0.000726564 0.999999702 0.000022612 -0.126852736 -0.000166081 -0.000022732 0.999999940 4.324344635
0.999999821 0.000576056 0.000202253 0.089656442 -0.000576004 0.999999821 -0.000253235 -0.129154563 -0.000202399 0.000253118 0.999999940 4.583515644
0.999999821 0.000597980 0.000304092 0.093346514 -0.000597887 0.999999821 -0.000305715 -0.135797262 -0.000304275 0.000305533 0.999999881 4.840033531
0.999998987 0.001136898 0.000835165 0.090170786 -0.001136663 0.999999225 -0.000282951 -0.141422033 -0.000835486 0.000282002 0.999999583 5.103662968
0.999999106 0.001288169 0.000397393 0.105655901 -0.001288384 0.999999046 0.000542268 -0.166753262 -0.000396694 -0.000542780 0.999999762 5.363461971
0.999998748 0.001288252 0.000896275 0.102937117 -0.001288344 0.999999166 0.000102564 -0.159726918 -0.000896142 -0.000103719 0.999999583 5.631619930
0.999999344 0.001075411 0.000361949 0.113805816 -0.001075702 0.999999106 0.000804641 -0.173643351 -0.000361083 -0.000805029 0.999999642 5.899322033
0.999999166 0.001275679 0.000201920 0.128304526 -0.001275634 0.999999106 -0.000224273 -0.181938976 -0.000202206 0.000224016 0.999999881 6.203580856
0.999997973 0.001819542 0.000875427 0.121298932 -0.001819214 0.999998212 -0.000375005 -0.186064959 -0.000876108 0.000373412 0.999999523 6.471653938
0.999999464 0.000786433 0.000542355 0.126969457 -0.000786540 0.999999642 0.000197458 -0.197759882 -0.000542200 -0.000197885 0.999999821 6.763504028
0.999999523 0.000600315 0.000798853 0.131786764 -0.000600745 0.999999702 0.000537391 -0.211626440 -0.000798530 -0.000537871 0.999999523 7.048508644
0.999998331 0.001659895 0.000742345 0.143541768 -0.001659953 0.999998569 0.000076613 -0.216124579 -0.000742217 -0.000077845 0.999999642 7.342753410
0.999998271 0.001399406 0.001236009 0.148000330 -0.001400040 0.999998868 0.000512444 -0.231230512 -0.001235290 -0.000514173 0.999999106 7.656408787
0.999998748 0.001214214 0.000952286 0.154762223 -0.001214442 0.999999225 0.000239101 -0.235619262 -0.000951995 -0.000240257 0.999999523 7.976779938
0.999998212 0.001222092 0.001440386 0.152586490 -0.001222765 0.999999166 0.000466619 -0.245506167 -0.001439815 -0.000468379 0.999998868 8.301534653
0.999998510 0.000970736 0.001364898 0.165401846 -0.000971221 0.999999464 0.000354673 -0.255933940 -0.001364553 -0.000355998 0.999998987 8.615094185
0.999997497 0.001298551 0.001819545 0.166760489 -0.001299543 0.999998987 0.000544197 -0.265924573 -0.001818837 -0.000546560 0.999998212 8.950552940
0.999996960 0.001568865 0.001887925 0.175338119 -0.001569820 0.999998569 0.000504176 -0.272431523 -0.001887132 -0.000507139 0.999998093 9.281467438
0.999996722 0.001342267 0.002173010 0.178047985 -0.001343776 0.999998868 0.000692977 -0.285127014 -0.002172078 -0.000695895 0.999997377 9.624262810
0.999996901 0.001710601 0.001762967 0.190836325 -0.001711223 0.999998450 0.000351312 -0.291097522 -0.001762363 -0.000354328 0.999998391 9.971939087
0.999996901 0.001637276 0.001887452 0.198934942 -0.001638077 0.999998569 0.000422855 -0.304587632 -0.001886756 -0.000425946 0.999998152 10.321616173
0.999997914 0.000809565 0.001868200 0.205344871 -0.000809964 0.999999642 0.000212852 -0.312382162 -0.001868028 -0.000214364 0.999998212 10.690991402
0.999998152 0.000904814 0.001710372 0.215689495 -0.000905887 0.999999404 0.000626709 -0.322595894 -0.001709804 -0.000628257 0.999998331 11.040706635
0.999998093 0.000870483 0.001762860 0.223071218 -0.000870849 0.999999583 0.000206523 -0.331157804 -0.001762679 -0.000208058 0.999998450 11.421522141
0.999998271 0.000196657 0.001840903 0.236476868 -0.000197530 0.999999881 0.000474106 -0.343695700 -0.001840810 -0.000474468 0.999998212 11.800390244
0.999998271 0.000548571 0.001755104 0.244278818 -0.000548661 0.999999762 0.000050547 -0.354366511 -0.001755077 -0.000051509 0.999998450 12.178738594
0.999997497 0.000970762 0.002019274 0.250147104 -0.000970509 0.999999523 -0.000126372 -0.362442464 -0.002019396 0.000124412 0.999997973 12.568361282
0.999997199 0.001493141 0.001825550 0.256184638 -0.001493738 0.999998808 0.000325352 -0.372159034 -0.001825062 -0.000328078 0.999998271 12.965909958
0.999996722 0.001003197 0.002354498 0.262947798 -0.001004103 0.999999404 0.000383674 -0.387708217 -0.002354112 -0.000386037 0.999997079 13.366035461
0.999996245 0.001578834 0.002227827 0.275620341 -0.001577877 0.999998689 -0.000431436 -0.391957849 -0.002228505 0.000427919 0.999997437 13.774827957
0.999996185 0.000908849 0.002588425 0.283022702 -0.000909678 0.999999464 0.000319200 -0.407567114 -0.002588134 -0.000321554 0.999996603 14.196896553
0.999996483 0.001172785 0.002384808 0.294510603 -0.001172620 0.999999285 -0.000070707 -0.415482908 -0.002384889 0.000067910 0.999997139 14.606443405
0.999995291 0.001305828 0.002809526 0.301774293 -0.001306668 0.999999225 0.000297168 -0.429597169 -0.002809135 -0.000300838 0.999996006 15.027719498
0.999994934 0.001296089 0.002912213 0.312606275 -0.001294795 0.999999046 -0.000446264 -0.433926702 -0.002912790 0.000442491 0.999995649 15.472338676
0.999993563 0.001451429 0.003273455 0.319869220 -0.001450634 0.999998927 -0.000245479 -0.446600944 -0.003273808 0.000240728 0.999994576 15.918593407
0.999995530 0.000363054 0.003007126 0.338981360 -0.000364536 0.999999821 0.000492151 -0.465305626 -0.003006948 -0.000493245 0.999995291 16.351072311
0.999993026 0.001137527 0.003542250 0.342331886 -0.001137215 0.999999285 -0.000090087 -0.475171894 -0.003542350 0.000086058 0.999993742 16.792201996
0.999991775 0.001051411 0.003921801 0.355671167 -0.001052830 0.999999344 0.000359753 -0.490948915 -0.003921420 -0.000363879 0.999992192 17.242065430
0.999993563 0.000221662 0.003586040 0.367591709 -0.000222270 0.999999940 0.000169232 -0.496806413 -0.003586004 -0.000170029 0.999993503 17.697378159
0.999994516 0.000213116 0.003318820 0.383713007 -0.000215360 0.999999821 0.000676005 -0.515443087 -0.003318675 -0.000676716 0.999994278 18.164403915
0.999990702 0.000478187 0.004270506 0.390882015 -0.000479547 0.999999762 0.000317267 -0.525797486 -0.004270353 -0.000319312 0.999990821 18.623020172
0.999991417 0.000668416 0.004075484 0.402890861 -0.000670726 0.999999583 0.000565445 -0.541313946 -0.004075104 -0.000568173 0.999991536 19.093933105
0.999992371 0.000492173 0.003872429 0.422188580 -0.000493390 0.999999821 0.000313318 -0.557650447 -0.003872274 -0.000315226 0.999992371 19.596994400
0.999992013 0.000096228 0.003991242 0.425879031 -0.000096170 0.999999940 -0.000014659 -0.561400414 -0.003991244 0.000014275 0.999991953 20.093957901
0.999991179 0.000043080 0.004200226 0.429243505 -0.000045449 0.999999821 0.000564095 -0.581996143 -0.004200201 -0.000564280 0.999991000 20.569368362
0.999993443 -0.000234517 0.003603078 0.447312891 0.000233266 0.999999881 0.000347486 -0.593999207 -0.003603159 -0.000346643 0.999993443 21.063047409
0.999994934 -0.000178781 0.003175924 0.455571145 0.000177334 0.999999821 0.000456089 -0.606085420 -0.003176006 -0.000455523 0.999994814 21.571180344
0.999997377 -0.000396794 0.002263887 0.477289408 0.000396247 0.999999881 0.000241751 -0.621722519 -0.002263983 -0.000240854 0.999997437 22.064798355
0.999998033 -0.000082519 0.001940995 0.484244168 0.000083130 0.999999940 -0.000314617 -0.624880254 -0.001940969 0.000314778 0.999998093 22.574863434
0.999998689 0.000275297 0.001548982 0.493857563 -0.000274918 0.999999940 -0.000244388 -0.643086731 -0.001549049 0.000243962 0.999998748 23.079452515
0.999999940 -0.000336448 0.000475063 0.506191134 0.000336510 1.000000000 -0.000128611 -0.657829583 -0.000475020 0.000128771 0.999999881 23.593549728
0.999999166 -0.001306060 0.000092870 0.514672220 0.001306127 0.999998808 -0.000722026 -0.669388950 -0.000091927 0.000722146 0.999999762 24.117141724
0.999999762 -0.000087326 -0.000689452 0.525661707 0.000087354 1.000000000 0.000040991 -0.686922669 0.000689448 -0.000041051 0.999999762 24.648162842
0.999999344 -0.000699733 -0.000900220 0.525988162 0.000699753 0.999999762 0.000022272 -0.697088957 0.000900204 -0.000022901 0.999999583 25.177629471
0.999998271 -0.000467089 -0.001794108 0.538528502 0.000466597 0.999999881 -0.000274474 -0.711786449 0.001794236 0.000273636 0.999998331 25.716909409
0.999997318 -0.000384557 -0.002256668 0.544321597 0.000384326 1.000000000 -0.000103054 -0.729375839 0.002256707 0.000102187 0.999997437 26.270401001
0.999994099 -0.001092215 -0.003242711 0.554861784 0.001095177 0.999999046 0.000911693 -0.745365202 0.003241711 -0.000915239 0.999994338 26.820692062
0.999994099 -0.000800214 -0.003317739 0.565115571 0.000803483 0.999999166 0.000984249 -0.775738180 0.003316949 -0.000986909 0.999993980 27.410484314
0.999993205 -0.000659697 -0.003620287 0.567694426 0.000661704 0.999999642 0.000553115 -0.793017387 0.003619921 -0.000555507 0.999993265 27.937395096
0.999987841 -0.001414823 -0.004724183 0.583300292 0.001423636 0.999997258 0.001862642 -0.820106387 0.004721534 -0.001869345 0.999987125 28.463039398
0.999984741 -0.001416400 -0.005340222 0.594022989 0.001422309 0.999998391 0.001102838 -0.829738319 0.005338651 -0.001110417 0.999985158 29.006828308
0.999981701 -0.001190921 -0.005930972 0.603018284 0.001198695 0.999998450 0.001307320 -0.845001698 0.005929407 -0.001314406 0.999981582 29.542642593
0.999978602 -0.001304033 -0.006411242 0.608057141 0.001315950 0.999997437 0.001854980 -0.870109200 0.006408807 -0.001863378 0.999977648 30.077028275
0.999982297 -0.000496130 -0.005932695 0.611541569 0.000504235 0.999998927 0.001364721 -0.880057275 0.005932012 -0.001367688 0.999981403 30.629045486
0.999976218 -0.001177206 -0.006799314 0.622372925 0.001182582 0.999998927 0.000786772 -0.888900816 0.006798381 -0.000794794 0.999976575 31.174013138
0.999975562 -0.001249374 -0.006886732 0.625916004 0.001256225 0.999998748 0.000990451 -0.902159572 0.006885485 -0.000999078 0.999975741 31.721923828
0.999972582 -0.001939808 -0.007136307 0.651154280 0.001949169 0.999997199 0.001304995 -0.936965048 0.007133756 -0.001318869 0.999973714 32.273914337
0.999971688 -0.001427312 -0.007385396 0.652098775 0.001438909 0.999997675 0.001565165 -0.951474845 0.007383147 -0.001575747 0.999971509 32.830619812
0.999974132 -0.001514405 -0.007030440 0.657919049 0.001523018 0.999998033 0.001219877 -0.965541840 0.007028578 -0.001230553 0.999974549 33.391159058
0.999960482 -0.002506742 -0.008526688 0.670296133 0.002521575 0.999995351 0.001729237 -0.989403367 0.008522311 -0.001750669 0.999962151 33.924919128
0.999958038 -0.002479190 -0.008818213 0.677150130 0.002490893 0.999996006 0.001316481 -0.999178469 0.008814918 -0.001338391 0.999960244 34.460361481
0.999951005 -0.003259869 -0.009343092 0.687369227 0.003271679 0.999993861 0.001249051 -1.013260365 0.009338963 -0.001279557 0.999955595 35.021701813
0.999951661 -0.003597469 -0.009152668 0.690502167 0.003609981 0.999992549 0.001350935 -1.032592893 0.009147737 -0.001383911 0.999957204 35.566577911
0.999953270 -0.003121356 -0.009147069 0.687648416 0.003137264 0.999993503 0.001725289 -1.053870916 0.009141627 -0.001753905 0.999956608 36.117092133
0.999957621 -0.002721362 -0.008795773 0.686823726 0.002735960 0.999994814 0.001648105 -1.068818569 0.008791242 -0.001672099 0.999959886 36.671798706
0.999953389 -0.003183420 -0.009127773 0.696442425 0.003200136 0.999993205 0.001817266 -1.083395123 0.009121927 -0.001846391 0.999956667 37.216495514
0.999951303 -0.003216064 -0.009327705 0.691349626 0.003230992 0.999993503 0.001585771 -1.092011213 0.009322545 -0.001615831 0.999955237 37.778598785
0.999955237 -0.003157997 -0.008918047 0.699477792 0.003176785 0.999992728 0.002093362 -1.116722226 0.008911371 -0.002121598 0.999958038 38.308795929
0.999948919 -0.003420506 -0.009507271 0.716393828 0.003441375 0.999991715 0.002179611 -1.132225752 0.009499736 -0.002212218 0.999952376 38.870056152
0.999949694 -0.003011459 -0.009566321 0.712839961 0.003026927 0.999994159 0.001602815 -1.145457149 0.009561438 -0.001631691 0.999952972 39.407920837
0.999953926 -0.002726388 -0.009204472 0.716421366 0.002744174 0.999994338 0.001920208 -1.161369920 0.009199185 -0.001945379 0.999955773 39.961631775
0.999950707 -0.003369506 -0.009340824 0.719265103 0.003382612 0.999993324 0.001387542 -1.169829488 0.009336086 -0.001419071 0.999955416 40.463672638
0.999954164 -0.001911975 -0.009378484 0.719741881 0.001919838 0.999997795 0.000829490 -1.179699302 0.009376878 -0.000847457 0.999955654 41.010089874
0.999947608 -0.002633227 -0.009887441 0.731114268 0.002648218 0.999995291 0.001503385 -1.195302606 0.009883436 -0.001529491 0.999949992 41.567813873
0.999943733 -0.003310727 -0.010076609 0.728532314 0.003320847 0.999993920 0.000987677 -1.206896067 0.010073277 -0.001021085 0.999948680 42.115398407
0.999938130 -0.003523319 -0.010550516 0.736222982 0.003535432 0.999993026 0.001129666 -1.221585631 0.010546463 -0.001166897 0.999943674 42.667213440
0.999941587 -0.003001097 -0.010383059 0.736825824 0.003015162 0.999994576 0.001339218 -1.236952543 0.010378984 -0.001370447 0.999945223 43.224311829
0.999942958 -0.002956489 -0.010277625 0.737715483 0.002965834 0.999995232 0.000894207 -1.250552773 0.010274932 -0.000924637 0.999946773 43.763828278
0.999928474 -0.004195888 -0.011201209 0.748767972 0.004210455 0.999990344 0.001277298 -1.263736367 0.011195740 -0.001324369 0.999936461 44.303691864
0.999931991 -0.003529399 -0.011118109 0.748136401 0.003547413 0.999992430 0.001600935 -1.282982588 0.011112376 -0.001640266 0.999936938 44.851356506
0.999935389 -0.003953018 -0.010655615 0.753509402 0.003967924 0.999991179 0.001378043 -1.295726776 0.010650075 -0.001420235 0.999942303 45.402275085
0.999944150 -0.003302601 -0.010038477 0.749452412 0.003317272 0.999993563 0.001445215 -1.309653521 0.010033641 -0.001478435 0.999948561 45.943725586
0.999943554 -0.003334793 -0.010083317 0.757687569 0.003348475 0.999993503 0.001340415 -1.328800440 0.010078780 -0.001374103 0.999948263 46.480396271
0.999948800 -0.002846956 -0.009710249 0.765226483 0.002856321 0.999995410 0.000950685 -1.335971832 0.009707497 -0.000978371 0.999952376 47.034542084
0.999944389 -0.003306951 -0.010014668 0.766477525 0.003324455 0.999992967 0.001731681 -1.362943172 0.010008872 -0.001764878 0.999948323 47.581653595
0.999949276 -0.002384629 -0.009780751 0.778323829 0.002394790 0.999996543 0.001027256 -1.362470031 0.009778268 -0.001050626 0.999951661 48.142341614
0.999954164 -0.002520606 -0.009251750 0.785115182 0.002527309 0.999996543 0.000712886 -1.373118162 0.009249922 -0.000736235 0.999956965 48.690284729
0.999952555 -0.002498815 -0.009413790 0.796859860 0.002505080 0.999996662 0.000653815 -1.389422774 0.009412126 -0.000677366 0.999955475 49.232345581
0.999962628 -0.001803091 -0.008452988 0.792456985 0.001804939 0.999998331 0.000211027 -1.396785021 0.008452593 -0.000226276 0.999964237 49.780612946
0.999960065 -0.002052677 -0.008698381 0.803063154 0.002056394 0.999997795 0.000418408 -1.414558530 0.008697503 -0.000436279 0.999962032 50.303054810
0.999960661 -0.002103743 -0.008615608 0.806181431 0.002105985 0.999997735 0.000251116 -1.429337263 0.008615060 -0.000269251 0.999962866 50.839076996
0.999969721 -0.001581913 -0.007615930 0.813760400 0.001580938 0.999998748 -0.000134056 -1.443804264 0.007616133 0.000122011 0.999970973 51.398651123
0.999961734 -0.001828383 -0.008549500 0.828079700 0.001830184 0.999998331 0.000202792 -1.458199978 0.008549114 -0.000218432 0.999963343 51.933872223
0.999962091 -0.002464928 -0.008350268 0.836232960 0.002465426 0.999996901 0.000049291 -1.473087072 0.008350123 -0.000069876 0.999965131 52.481937408
0.999963939 -0.001842221 -0.008290685 0.838250041 0.001843102 0.999998271 0.000098654 -1.488583565 0.008290489 -0.000113931 0.999965608 53.012020111
0.999964058 -0.001993152 -0.008233272 0.837315798 0.001994959 0.999997973 0.000211283 -1.508464098 0.008232834 -0.000227700 0.999966085 53.556289673
0.999964476 -0.001937296 -0.008204119 0.843837619 0.001941432 0.999997973 0.000496210 -1.528586388 0.008203141 -0.000512120 0.999966204 54.091487885
0.999970794 -0.001355826 -0.007520217 0.849068165 0.001359180 0.999998987 0.000440987 -1.545685768 0.007519610 -0.000451195 0.999971628 54.632514954
0.999964356 -0.002001766 -0.008203597 0.862774730 0.002008266 0.999997675 0.000784093 -1.568114519 0.008202009 -0.000800541 0.999965966 55.173034668
0.999966860 -0.001453395 -0.008011583 0.864290237 0.001452933 0.999998927 -0.000063399 -1.576523066 0.008011666 0.000051757 0.999967933 55.726379395
0.999964714 -0.001727672 -0.008213957 0.868080974 0.001730512 0.999998391 0.000338653 -1.598326564 0.008213358 -0.000352856 0.999966204 56.263011932
0.999977231 -0.000575634 -0.006745155 0.864071012 0.000578441 0.999999881 0.000414198 -1.617750049 0.006744915 -0.000418090 0.999977171 56.803188324
0.999974787 -0.000737797 -0.007065079 0.873317957 0.000736841 0.999999702 -0.000137942 -1.615077138 0.007065180 0.000132732 0.999975026 57.376979828
0.999977410 -0.000509727 -0.006701153 0.880084038 0.000510570 0.999999821 0.000123907 -1.637394786 0.006701089 -0.000127326 0.999977529 57.917407990
0.999977052 0.000159115 -0.006769805 0.889403939 -0.000163043 0.999999821 -0.000579685 -1.646314740 0.006769713 0.000580775 0.999976873 58.460063934
0.999977767 -0.000128417 -0.006668385 0.893917918 0.000126681 0.999999940 -0.000260788 -1.662567616 0.006668418 0.000259937 0.999977708 59.011524200
0.999977767 -0.000369744 -0.006648548 0.901793718 0.000365933 0.999999762 -0.000574505 -1.676917195 0.006648759 0.000572059 0.999977708 59.555450439
0.999980032 0.000060191 -0.006319956 0.907033682 -0.000063812 0.999999821 -0.000572684 -1.691040158 0.006319921 0.000573075 0.999979794 60.104526520
0.999977291 -0.000211572 -0.006735974 0.919917643 0.000208796 0.999999821 -0.000412871 -1.707268715 0.006736060 0.000411455 0.999977231 60.652103424
0.999984920 0.000051587 -0.005495409 0.930595160 -0.000056235 0.999999583 -0.000845652 -1.720443249 0.005495363 0.000845949 0.999984562 61.204315186
0.999977469 0.000512355 -0.006689381 0.942038178 -0.000516308 0.999999642 -0.000589197 -1.737877846 0.006689077 0.000592638 0.999977469 61.750610352
0.999977171 0.000708767 -0.006707686 0.947058201 -0.000714335 0.999999404 -0.000827776 -1.751423001 0.006707095 0.000832549 0.999977171 62.300785065
0.999978662 0.000876684 -0.006460443 0.953212798 -0.000883211 0.999999106 -0.001007551 -1.768908978 0.006459553 0.001013235 0.999978602 62.839790344
0.999981701 0.000879127 -0.006005410 0.955016375 -0.000886267 0.999998927 -0.001186400 -1.780584931 0.006004361 0.001191701 0.999981284 63.382869720
0.999982834 0.001575334 -0.005648367 0.956747830 -0.001581816 0.999998093 -0.001143300 -1.799518347 0.005646556 0.001152215 0.999983370 63.933101654
0.999982834 0.001155549 -0.005747190 0.965927243 -0.001162244 0.999998569 -0.001161869 -1.814273119 0.005745839 0.001168529 0.999982834 64.475906372
0.999984622 0.001522525 -0.005319160 0.968185425 -0.001527735 0.999998331 -0.000975682 -1.829315424 0.005317666 0.000983793 0.999985337 65.014404297
0.999986291 0.001270589 -0.005066231 0.978024364 -0.001275966 0.999998629 -0.001058056 -1.844340920 0.005064879 0.001064506 0.999986589 65.564949036
0.999986053 0.000903001 -0.005209147 0.982808590 -0.000908294 0.999999046 -0.001013865 -1.859917879 0.005208226 0.001018582 0.999985933 66.105812073
0.999985874 0.001186516 -0.005200626 0.986267805 -0.001194428 0.999998093 -0.001518416 -1.870821118 0.005198815 0.001524606 0.999985337 66.653572083
0.999987304 0.001296844 -0.004864125 0.995797038 -0.001303853 0.999998093 -0.001438110 -1.889009595 0.004862251 0.001444433 0.999987125 67.192787170
0.999987423 0.001248172 -0.004859565 1.003532648 -0.001254497 0.999998331 -0.001298774 -1.903928518 0.004857936 0.001304854 0.999987304 67.734039307
0.999988079 0.001263834 -0.004700554 1.012893915 -0.001270339 0.999998152 -0.001381253 -1.924513221 0.004698800 0.001387208 0.999988019 68.276802063
0.999988079 0.002108808 -0.004404455 1.017682791 -0.002114689 0.999996901 -0.001330927 -1.939989328 0.004401635 0.001340225 0.999989390 68.810852051
0.999986589 0.002059421 -0.004756162 1.024847865 -0.002067742 0.999996364 -0.001745297 -1.952878714 0.004752551 0.001755109 0.999987185 69.361015320
0.999987781 0.002572778 -0.004220244 1.028721452 -0.002580074 0.999995172 -0.001724151 -1.971120715 0.004215788 0.001735018 0.999989629 69.898757935
0.999988914 0.002511545 -0.003982563 1.034223080 -0.002519308 0.999994934 -0.001945273 -1.983952045 0.003977657 0.001955285 0.999990165 70.448539734
0.999989569 0.002567334 -0.003767543 1.040696621 -0.002575246 0.999994397 -0.002096944 -1.999360561 0.003762139 0.002106624 0.999990702 70.986289978
0.999989212 0.002300807 -0.004036420 1.052523136 -0.002309201 0.999995172 -0.002076030 -2.017272949 0.004031624 0.002085329 0.999989629 71.529403687
0.999988616 0.002642214 -0.003957944 1.056109309 -0.002649951 0.999994576 -0.001950684 -2.031934500 0.003952768 0.001961150 0.999990284 72.076225281
0.999989510 0.002579075 -0.003769150 1.065918088 -0.002586460 0.999994755 -0.001955737 -2.053283691 0.003764086 0.001965465 0.999990940 72.616653442
0.999989271 0.002416120 -0.003934409 1.077535272 -0.002423983 0.999994993 -0.001995103 -2.065731764 0.003929569 0.002004618 0.999990284 73.155914307
0.999989390 0.002691473 -0.003729269 1.084686995 -0.002698384 0.999994636 -0.001849443 -2.080218077 0.003724272 0.001859487 0.999991357 73.691101074
0.999987602 0.002979164 -0.003989235 1.095034122 -0.002985240 0.999994338 -0.001518199 -2.102249146 0.003984690 0.001530090 0.999990880 74.227256775
0.999987006 0.002898778 -0.004191060 1.108588696 -0.002904222 0.999994934 -0.001293378 -2.117634773 0.004187290 0.001305533 0.999990404 74.764228821
0.999987066 0.003218644 -0.003943250 1.115463614 -0.003225150 0.999993443 -0.001644831 -2.131412268 0.003937930 0.001657527 0.999990880 75.310447693
0.999987543 0.002971065 -0.003994514 1.128496408 -0.002978738 0.999993742 -0.001916729 -2.144946337 0.003988793 0.001928605 0.999990165 75.850975037
0.999986768 0.003022959 -0.004161757 1.137095571 -0.003031592 0.999993265 -0.002069839 -2.158807755 0.004155472 0.002082428 0.999989212 76.388755798
0.999986708 0.003587381 -0.003704085 1.142109513 -0.003594626 0.999991596 -0.001951430 -2.175867558 0.003697054 0.001964718 0.999991238 76.938407898
0.999988198 0.003102182 -0.003742152 1.156391501 -0.003108991 0.999993503 -0.001814955 -2.194736719 0.003736498 0.001826568 0.999991298 77.473930359
0.999987304 0.002824905 -0.004205671 1.164703846 -0.002833002 0.999994159 -0.001920427 -2.208503008 0.004200222 0.001932317 0.999989331 78.014923096
0.999987185 0.003107318 -0.003995650 1.169544458 -0.003114100 0.999993742 -0.001692299 -2.229260206 0.003990366 0.001704720 0.999990582 78.545349121
0.999987185 0.003308130 -0.003831778 1.179787278 -0.003316248 0.999992192 -0.002114438 -2.240193605 0.003824754 0.002127117 0.999990404 79.087936401
0.999987781 0.003368219 -0.003595231 1.180246830 -0.003378303 0.999990284 -0.002802515 -2.250668764 0.003585757 0.002814627 0.999989629 79.625267029
0.999989629 0.003209075 -0.003211498 1.187476158 -0.003216430 0.999992192 -0.002287719 -2.271980286 0.003204131 0.002298026 0.999992251 80.148437500
0.999990821 0.003544689 -0.002405722 1.199512482 -0.003549652 0.999991536 -0.002062005 -2.290709257 0.002398393 0.002070525 0.999994993 80.696594238
0.999992371 0.003630711 -0.001444758 1.209309101 -0.003633760 0.999991179 -0.002112852 -2.307430029 0.001437075 0.002118086 0.999996662 81.246574402
0.999991059 0.004215726 0.000154006 1.215338945 -0.004215433 0.999989390 -0.001859529 -2.326985121 -0.000161844 0.001858863 0.999998271 81.790954590
0.999991357 0.004113254 0.000594910 1.253011703 -0.004111552 0.999987483 -0.002833078 -2.328656912 -0.000606555 0.002830608 0.999995828 82.343444824
0.999985337 0.003493907 0.004134766 1.259272575 -0.003485600 0.999991894 -0.002014610 -2.357474089 -0.004141771 0.002000168 0.999989450 82.872161865
0.999969661 0.003501810 0.006946804 1.286977291 -0.003485442 0.999991119 -0.002366930 -2.375794411 -0.006955029 0.002342646 0.999973059 83.402915955
0.999928176 0.003653763 0.011408438 1.294904590 -0.003634809 0.999991894 -0.001681874 -2.401454926 -0.011414493 0.001640285 0.999933481 83.987411499
0.999859035 0.004029961 0.016298201 1.310177565 -0.003989615 0.999988914 -0.002507322 -2.403476238 -0.016308125 0.002441945 0.999864042 84.549453735
0.999734581 0.004981734 0.022492457 1.329553008 -0.004932776 0.999985337 -0.002231601 -2.420628309 -0.022503240 0.002120059 0.999744654 85.080635071
0.999584258 0.004338153 0.028501922 1.356175780 -0.004265179 0.999987483 -0.002620617 -2.434513569 -0.028512927 0.002497961 0.999590218 85.635002136
0.999372125 0.005599145 0.034986071 1.374647379 -0.005490248 0.999979734 -0.003207880 -2.445402384 -0.035003331 0.003013783 0.999382615 86.179359436
0.999089122 0.005073155 0.042369939 1.425413370 -0.004967598 0.999984205 -0.002596241 -2.468781471 -0.042382445 0.002383400 0.999098599 86.773788452
0.998704135 0.003569465 0.050766356 1.475591183 -0.003448864 0.999990940 -0.002462991 -2.487793207 -0.050774693 0.002284713 0.998707533 87.351921082
0.998286784 0.004502522 0.058336552 1.499222279 -0.004294309 0.999983966 -0.003694062 -2.489914417 -0.058352247 0.003437219 0.998290122 87.933998108
0.997653484 0.004117448 0.068341635 1.546685696 -0.003952782 0.999988914 -0.002544504 -2.515457153 -0.068351358 0.002268395 0.997658730 88.505714417
0.997006595 0.002760169 0.077267051 1.640660763 -0.002539769 0.999992430 -0.002950552 -2.540752888 -0.077274613 0.002745480 0.997006059 89.041320801
0.996257067 0.002958279 0.086390585 1.707298279 -0.002656216 0.999989867 -0.003611241 -2.558129311 -0.086400390 0.003368251 0.996254802 89.620727539
0.995548427 0.000777303 0.094248250 1.797910690 -0.000409781 0.999992192 -0.003918798 -2.587203026 -0.094250552 0.003862731 0.995541036 90.192329407
0.994456708 0.001416900 0.105136476 1.871017456 -0.001035567 0.999992609 -0.003681521 -2.604814768 -0.105140924 0.003552238 0.994450927 90.728469849
0.993289888 0.001380357 0.115643069 1.954053879 -0.000942290 0.999992192 -0.003842675 -2.619686842 -0.115647472 0.003707921 0.993283391 91.273635864
0.992123544 0.000824334 0.125259936 2.034382820 -0.000372845 0.999993324 -0.003627812 -2.640210152 -0.125262082 0.003552534 0.992117345 91.812728882
0.990648687 0.001506819 0.136428669 2.125314713 -0.001067474 0.999993920 -0.003293431 -2.654620886 -0.136432797 0.003116998 0.990644395 92.339752197
0.988990605 0.000820729 0.147976220 2.233091354 -0.000153627 0.999989688 -0.004519547 -2.661986828 -0.147978440 0.004447056 0.988980591 92.878608704
0.987246573 -0.000056558 0.159197956 2.336468697 0.000683084 0.999992192 -0.003880790 -2.691845179 -0.159196541 0.003940041 0.987239003 93.419548035
0.985470831 0.000353284 0.169844463 2.446169853 0.000315546 0.999992251 -0.003910890 -2.700235844 -0.169844568 0.003907661 0.985463142 93.949356079
0.983203053 0.000233353 0.182514831 2.567601204 0.000465528 0.999992669 -0.003786323 -2.716523647 -0.182514384 0.003807690 0.983195782 94.482612610
0.980804265 0.000166381 0.194994628 2.694155693 0.000614468 0.999992013 -0.003943971 -2.730441093 -0.194993719 0.003988083 0.980796397 95.010047913
0.978781343 -0.000431723 0.204907030 2.826894760 0.001290345 0.999990940 -0.004056696 -2.743371487 -0.204903454 0.004235018 0.978773057 95.542541504
0.975887835 -0.000385477 0.218272880 2.961254120 0.001249841 0.999991894 -0.003821957 -2.765686035 -0.218269631 0.004002607 0.975880325 96.055473328
0.972792864 -0.000524212 0.231675863 3.112043381 0.001386676 0.999992669 -0.003559891 -2.781396627 -0.231672302 0.003784297 0.972786486 96.565902710
0.970086813 -0.000514326 0.242757633 3.254526138 0.001348950 0.999993742 -0.003271890 -2.806171417 -0.242754415 0.003501485 0.970081389 97.070220947
0.967086375 -0.001104890 0.254446030 3.415897369 0.002046711 0.999992013 -0.003436744 -2.818662405 -0.254440188 0.003844406 0.967080891 97.581665039
0.963391960 -0.001223199 0.268094212 3.580268860 0.002178767 0.999992251 -0.003266824 -2.838261366 -0.268088102 0.003731347 0.963387191 98.095695496
0.959778607 -0.001351398 0.280754447 3.744913101 0.002435585 0.999990880 -0.003512809 -2.852411747 -0.280747145 0.004055320 0.959773123 98.609664917
0.956434250 -0.001405298 0.291944295 3.926986694 0.002583001 0.999989986 -0.003648600 -2.863884926 -0.291936278 0.004243738 0.956428349 99.124984741
0.952312469 -0.002368998 0.305115312 4.118255615 0.003555441 0.999988139 -0.003332908 -2.881758690 -0.305103809 0.004258788 0.952309608 99.621719360
0.947975755 -0.001823462 0.318337351 4.322710037 0.003077363 0.999989390 -0.003436050 -2.889425278 -0.318327755 0.004236932 0.947971165 100.124557495
0.944033504 -0.002953205 0.329836369 4.522333145 0.004338778 0.999984503 -0.003464726 -2.902064800 -0.329821080 0.004701903 0.944031715 100.636856079
0.939325750 -0.002391855 0.343017936 4.733306885 0.004075250 0.999982893 -0.004186874 -2.915966034 -0.343002021 0.005330722 0.939319491 101.162918091
0.933892906 -0.003291184 0.357537746 4.950160980 0.004931733 0.999981105 -0.003676781 -2.931249619 -0.357518882 0.005197000 0.933891475 101.670135498
0.929229200 -0.003220242 0.369489819 5.164945602 0.004855985 0.999982119 -0.003497090 -2.951410055 -0.369471967 0.005043835 0.929228187 102.156822205
0.924498439 -0.003688628 0.381167948 5.384727478 0.005433008 0.999979138 -0.003500443 -2.970281839 -0.381147146 0.005307043 0.924499154 102.658966064
0.918780625 -0.003733463 0.394750804 5.629962921 0.005511114 0.999979138 -0.003369518 -2.984313011 -0.394729942 0.005271365 0.918782055 103.135490417
0.913172662 -0.004223228 0.407551020 5.875270844 0.006085789 0.999976099 -0.003273822 -2.997069836 -0.407527447 0.005469834 0.913176596 103.624847412
0.908218265 -0.004999323 0.418467253 6.121566772 0.007087546 0.999968946 -0.003436035 -3.016915798 -0.418437093 0.006086574 0.908225417 104.089096069
0.902087808 -0.005432843 0.431518167 6.385738373 0.007615713 0.999965370 -0.003331001 -3.032776117 -0.431485057 0.006291174 0.902098119 104.569168091
0.895489812 -0.005270555 0.445050836 6.651077271 0.007440556 0.999967396 -0.003128987 -3.049666643 -0.445019901 0.006113403 0.895499825 105.045631409
0.889263093 -0.005665819 0.457360923 6.902450562 0.007831740 0.999965310 -0.002839891 -3.066075802 -0.457328945 0.006107342 0.889276624 105.515304565
0.883155346 -0.005205809 0.469051689 7.166656494 0.007547937 0.999966681 -0.003113443 -3.069949150 -0.469019830 0.006290026 0.883165300 106.018630981
0.876466095 -0.006402329 0.481420994 7.450256348 0.008657355 0.999959409 -0.002463142 -3.104379177 -0.481385678 0.006326691 0.876486063 106.439994812
