1.000000000 0.000000000 0.000000000 0.000000000 0.000000000 1.000000000 0.000000000 0.000000000 0.000000000 0.000000000 1.000000000 0.000000000
1.000000000 0.000020787 0.000033696 0.000314109 -0.000020791 1.000000000 0.000114748 -0.000588006 -0.000033693 -0.000114749 1.000000000 -0.000334472
1.000000000 0.000072430 -0.000118897 0.001031766 -0.000072423 1.000000000 0.000059424 -0.000682395 0.000118901 -0.000059415 1.000000000 -0.000794058
1.000000000 0.000050439 -0.000035943 0.000005112 -0.000050436 1.000000000 0.000066700 -0.000556979 0.000035946 -0.000066698 1.000000000 0.000626613
1.000000000 0.000118877 -0.000021121 -0.000554135 -0.000118876 1.000000000 0.000021898 -0.000153809 0.000021124 -0.000021896 1.000000000 -0.000469361
1.000000000 0.000104387 -0.000046572 -0.000352971 -0.000104388 1.000000000 -0.000026500 -0.000016644 0.000046569 0.000026505 1.000000000 -0.000046323
1.000000000 0.000110090 -0.000077436 0.000590623 -0.000110091 1.000000000 -0.000019237 -0.000518013 0.000077434 0.000019246 1.000000000 -0.001051957
1.000000000 0.000006382 -0.000063385 0.000912593 -0.000006385 1.000000000 -0.000047843 0.000273113 0.000063384 0.000047844 1.000000000 -0.000222498
1.000000000 -0.000055091 0.000063193 0.000247060 0.000055091 1.000000000 -0.000001541 -0.000474088 -0.000063193 0.000001544 1.000000000 -0.001319622
1.000000000 -0.000199970 -0.000035363 0.000892084 0.000199967 1.000000000 -0.000071587 0.001342665 0.000035378 0.000071580 1.000000000 0.002630988
1.000000000 -0.000114944 -0.000032217 0.000357231 0.000114944 1.000000000 -0.000011474 0.000029578 0.000032219 0.000011471 1.000000000 0.001811299
1.000000000 0.000022008 0.000068474 -0.000655473 -0.000021997 1.000000000 -0.000159590 0.001927188 -0.000068477 0.000159588 1.000000000 0.002798138
1.000000000 -0.000146000 0.000016520 -0.000516245 0.000145999 1.000000000 0.000075852 0.000191124 -0.000016532 -0.000075850 1.000000000 0.001521412
1.000000000 -0.000026809 0.000009689 -0.000422156 0.000026808 1.000000000 0.000103196 -0.000039105 -0.000009691 -0.000103195 1.000000000 0.001489146
1.000000000 -0.000170658 -0.000090770 0.000719871 0.000170666 1.000000000 0.000092941 -0.000716041 0.000090754 -0.000092957 1.000000000 0.000393062
1.000000000 -0.000058150 -0.000032173 -0.000280165 0.000058151 1.000000000 0.000007804 -0.000375250 0.000032173 -0.000007806 1.000000000 -0.000443105
0.999999940 0.000222454 0.000179350 -0.001917308 -0.000222472 0.999999940 0.000102192 -0.000600168 -0.000179327 -0.000102232 1.000000000 0.000001671
1.000000000 -0.000037031 -0.000155001 0.000473947 0.000037016 1.000000000 -0.000096247 0.000611580 0.000155004 0.000096241 1.000000000 0.000403110
1.000000000 -0.000197149 -0.000011996 0.000320236 0.000197149 1.000000000 0.000018703 -0.000317270 0.000011993 -0.000018705 1.000000000 0.000592499
1.000000000 0.000003755 0.000143846 -0.000409469 -0.000003757 1.000000000 0.000009609 -0.000166841 -0.000143845 -0.000009609 1.000000000 0.000833876
1.000000000 0.000022659 0.000037520 -0.000978078 -0.000022656 1.000000000 -0.000084241 0.000726828 -0.000037522 0.000084240 1.000000000 0.001732442
1.000000000 -0.000033860 -0.000042720 -0.000149860 0.000033859 1.000000000 -0.000008997 0.000670493 0.000042720 0.000008996 1.000000000 0.000662640
1.000000000 -0.000015252 -0.000012962 0.000753414 0.000015253 1.000000000 0.000064520 0.000036829 0.000012961 -0.000064520 1.000000000 0.001754577
1.000000000 0.000039074 0.000221863 -0.001048122 -0.000039073 1.000000000 -0.000002630 0.000829680 -0.000221863 0.000002621 1.000000000 -0.000052652
1.000000000 -0.000162052 -0.000018140 0.000335200 0.000162052 1.000000000 0.000009733 0.000190851 0.000018138 -0.000009736 1.000000000 0.000652378
1.000000000 0.000036584 0.000018090 -0.000331777 -0.000036583 1.000000000 -0.000077391 0.000818546 -0.000018093 0.000077390 1.000000000 0.000421995
1.000000000 0.000047695 0.000077175 -0.000400919 -0.000047686 1.000000000 -0.000122781 0.000060031 -0.000077181 0.000122777 1.000000000 -0.000605423
1.000000000 -0.000006839 -0.000039582 -0.000056756 0.000006835 1.000000000 -0.000106510 0.000679580 0.000039583 0.000106510 1.000000000 0.000416085
1.000000000 -0.000065016 -0.000038685 -0.000891768 0.000065015 1.000000000 -0.000010878 0.001478528 0.000038685 0.000010876 1.000000000 0.002580554
1.000000000 0.000031442 0.000164380 -0.001616913 -0.000031434 1.000000000 -0.000048475 0.001253486 -0.000164381 0.000048470 1.000000000 0.001879057
1.000000000 -0.000042124 -0.000021587 0.000042010 0.000042125 1.000000000 0.000028131 0.000466900 0.000021586 -0.000028132 1.000000000 -0.000030299
1.000000000 0.000058631 0.000107878 -0.001709270 -0.000058633 1.000000000 0.000017930 0.000484988 -0.000107877 -0.000017936 1.000000000 0.001478947
1.000000000 -0.000025904 0.000105487 -0.001136153 0.000025913 1.000000000 -0.000081379 0.000757731 -0.000105485 0.000081382 1.000000000 0.002363328
1.000000000 -0.000089839 0.000030887 -0.000716056 0.000089839 1.000000000 -0.000005555 0.001084091 -0.000030887 0.000005557 1.000000000 0.002002862
1.000000000 -0.000033915 0.000120064 -0.001444380 0.000033923 1.000000000 -0.000071787 0.002196054 -0.000120061 0.000071791 1.000000000 0.003769741
1.000000000 0.000090788 0.000168170 -0.002395631 -0.000090774 1.000000000 -0.000084077 0.002598716 -0.000168177 0.000084062 1.000000000 0.003479889
1.000000000 -0.000204225 0.000036111 -0.000670114 0.000204224 1.000000000 0.000031620 0.000749307 -0.000036118 -0.000031613 1.000000000 0.001966655
1.000000000 -0.000021990 0.000074071 -0.001189541 0.000021986 1.000000000 0.000053548 0.000919585 -0.000074072 -0.000053546 1.000000000 0.001622700
1.000000000 -0.000129683 0.000018497 -0.000544875 0.000129684 1.000000000 -0.000028487 0.001300393 -0.000018493 0.000028489 1.000000000 0.002005262
0.999999940 -0.000007938 0.000257919 -0.001873008 0.000007932 1.000000000 0.000022797 -0.000386613 -0.000257919 -0.000022795 0.999999940 0.002064316
0.999999940 -0.000097327 0.000331794 -0.001535225 0.000097558 0.999999762 -0.000695816 -0.001511840 -0.000331727 0.000695848 0.999999702 0.052740127
0.999999940 0.000164818 0.000213966 -0.000174383 -0.000164545 0.999999166 -0.001277364 -0.004550081 -0.000214176 0.001277329 0.999999166 0.134233609
0.999999881 0.000453637 0.000010672 0.003330252 -0.000453621 0.999998808 -0.001475969 -0.003940593 -0.000011342 0.001475964 0.999998927 0.254787713
0.999999940 0.000270796 0.000049802 0.004329044 -0.000270738 0.999999285 -0.001150934 -0.013885403 -0.000050114 0.001150920 0.999999344 0.382703453
0.999999940 0.000375565 0.000108398 0.007389730 -0.000375454 0.999999404 -0.001023334 -0.017300885 -0.000108782 0.001023294 0.999999464 0.526599288
1.000000000 0.000170659 0.000032884 0.013107404 -0.000170621 0.999999344 -0.001150475 -0.019441811 -0.000033081 0.001150470 0.999999344 0.681369901
0.999999940 0.000152571 0.000227368 0.015937073 -0.000152336 0.999999464 -0.001034527 -0.021075396 -0.000227526 0.001034492 0.999999464 0.852170706
0.999999821 0.000564530 0.000300476 0.014801758 -0.000564312 0.999999583 -0.000723721 -0.026889918 -0.000300884 0.000723551 0.999999702 1.016844392
0.999999940 0.000170685 0.000231469 0.017323179 -0.000170624 0.999999940 -0.000264025 -0.035033707 -0.000231514 0.000263986 0.999999940 1.190803885
0.999999940 0.000250114 0.000165041 0.018410821 -0.000249998 0.999999702 -0.000707019 -0.033104133 -0.000165218 0.000706978 0.999999762 1.379388213
0.999999940 0.000361117 -0.000032834 0.029779589 -0.000361133 0.999999821 -0.000499159 -0.042407237 0.000032654 0.000499171 0.999999881 1.577131867
0.999999344 0.000865606 0.000728883 0.024170414 -0.000865193 0.999999464 -0.000567296 -0.045585543 -0.000729374 0.000566665 0.999999583 1.771145225
1.000000000 0.000171444 -0.000075655 0.043932911 -0.000171478 0.999999881 -0.000452792 -0.048764959 0.000075577 0.000452805 0.999999881 1.964833021
0.999999404 0.000684706 0.000869539 0.030376730 -0.000684135 0.999999523 -0.000656578 -0.053617753 -0.000869988 0.000655983 0.999999404 2.183048248
0.999999106 0.000901867 0.000991710 0.031302713 -0.000901570 0.999999523 -0.000300384 -0.068523429 -0.000991980 0.000299490 0.999999464 2.381464005
0.999998987 0.001357929 0.000476052 0.051227689 -0.001357768 0.999999046 -0.000338493 -0.076166064 -0.000476511 0.000337846 0.999999821 2.599744558
0.999999523 0.000637420 0.000707796 0.059293520 -0.000637418 0.999999762 -0.000001996 -0.088241272 -0.000707797 0.000001545 0.999999762 2.819944143
0.999998212 0.001769439 0.000803297 0.056002043 -0.001769131 0.999998391 -0.000384175 -0.086350262 -0.000803976 0.000382753 0.999999583 3.059538841
0.999998748 0.001438479 0.000577001 0.066102467 -0.001438080 0.999998748 -0.000692728 -0.090274438 -0.000577997 0.000691898 0.999999642 3.295667648
0.999999285 0.001003862 0.000673840 0.070207022 -0.001003723 0.999999523 -0.000205416 -0.102999330 -0.000674046 0.000204740 0.999999762 3.532910585
0.999998987 0.001350188 0.000348178 0.080277830 -0.001350088 0.999998987 -0.000287980 -0.109027408 -0.000348567 0.000287510 0.999999881 3.799647093
0.999998689 0.001625113 0.000324992 0.082746290 -0.001624953 0.999998569 -0.000491043 -0.114880100 -0.000325790 0.000490514 0.999999762 4.059234619
0.999998331 0.001731436 0.000559494 0.085219204 -0.001731390 0.999998391 -0.000082627 -0.122507945 -0.000559636 0.000081659 0.999999821 4.315032005
0.999998689 0.001500713 0.000708947 0.090035111 -0.001500595 0.999998868 -0.000167024 -0.124460332 -0.000709197 0.000165960 0.999999642 4.566339016
0.999998808 0.001468746 -0.000509921 0.118722796 -0.001468884 0.999998868 -0.000270890 -0.136454523 0.000509522 0.000271639 0.999999821 4.851339817
0.999999166 0.001183501 -0.000536662 0.122835703 -0.001183725 0.999999166 -0.000417320 -0.139923692 0.000536167 0.000417955 0.999999762 5.117753983
0.999998748 0.001586524 -0.000182689 0.125832945 -0.001586638 0.999998569 -0.000625402 -0.150720134 0.000181697 0.000625691 0.999999762 5.373860836
0.999998331 0.001838159 -0.000190289 0.133840501 -0.001838230 0.999998271 -0.000374216 -0.156027332 0.000189601 0.000374565 0.999999881 5.630427837
0.999998629 0.001588976 0.000359902 0.127366289 -0.001588858 0.999998689 -0.000327854 -0.165621027 -0.000360423 0.000327282 0.999999881 5.911789894
0.999999404 0.001070945 0.000149524 0.135424912 -0.001070917 0.999999404 -0.000187971 -0.175189376 -0.000149725 0.000187811 1.000000000 6.188298225
0.999998212 0.001819932 0.000576600 0.138414338 -0.001819978 0.999998331 0.000079906 -0.184339598 -0.000576454 -0.000080955 0.999999881 6.470428467
0.999998689 0.001486288 0.000648850 0.146998391 -0.001486261 0.999998927 -0.000043264 -0.195114300 -0.000648914 0.000042300 0.999999821 6.749933243
0.999997795 0.002044511 0.000354453 0.150191903 -0.002044393 0.999997854 -0.000330532 -0.202151537 -0.000355128 0.000329807 0.999999821 7.054803848
0.999998391 0.001734455 0.000472347 0.157053813 -0.001734241 0.999998391 -0.000453207 -0.208600909 -0.000473132 0.000452387 0.999999762 7.354846954
0.999997914 0.001930292 0.000616328 0.164802223 -0.001929927 0.999997973 -0.000593169 -0.219286516 -0.000617471 0.000591978 0.999999583 7.665236950
0.999998271 0.001773645 0.000494023 0.176076889 -0.001773700 0.999998391 0.000111964 -0.237510890 -0.000493824 -0.000112840 0.999999881 7.960754395
0.999998152 0.001825807 0.000599267 0.170053959 -0.001825795 0.999998331 -0.000019651 -0.243092000 -0.000599302 0.000018557 0.999999762 8.298463821
0.999998510 0.001586727 0.000558157 0.181184947 -0.001586807 0.999998748 0.000143403 -0.255406290 -0.000557929 -0.000144289 0.999999762 8.617766380
0.999998569 0.001237231 0.001116724 0.187247187 -0.001237662 0.999999166 0.000385075 -0.264318019 -0.001116246 -0.000386456 0.999999344 8.956858635
0.999997735 0.001874189 0.001001236 0.194132015 -0.001874686 0.999998152 0.000495588 -0.281667531 -0.001000306 -0.000497464 0.999999404 9.290613174
0.999997318 0.002049431 0.001045011 0.188729987 -0.002049078 0.999997795 -0.000338319 -0.278437853 -0.001045702 0.000336176 0.999999404 9.657987595
0.999998868 0.001392475 0.000560642 0.202753246 -0.001392268 0.999999046 -0.000370281 -0.288042605 -0.000561157 0.000369500 0.999999821 10.004272461
0.999998212 0.001715173 0.000704483 0.217372999 -0.001715280 0.999998510 0.000150039 -0.305792093 -0.000704225 -0.000151247 0.999999762 10.347025871
0.999998093 0.001745409 0.000853618 0.213257909 -0.001745320 0.999998450 -0.000105711 -0.312091410 -0.000853801 0.000104221 0.999999642 10.720595360
0.999998569 0.001468744 0.000877019 0.222393602 -0.001468658 0.999998927 -0.000098670 -0.319860190 -0.000877163 0.000097382 0.999999642 11.091245651
0.999998152 0.001585222 0.001068872 0.228876486 -0.001585028 0.999998748 -0.000182557 -0.332067341 -0.001069160 0.000180863 0.999999464 11.465893745
0.999998629 0.001443827 0.000829300 0.239715040 -0.001444027 0.999998927 0.000240971 -0.346190065 -0.000828952 -0.000242168 0.999999642 11.826869011
0.999997914 0.001779641 0.001034479 0.247502267 -0.001779886 0.999998391 0.000236384 -0.358441293 -0.001034056 -0.000238225 0.999999464 12.213725090
0.999998748 0.001332968 0.000865192 0.259195387 -0.001333077 0.999999106 0.000126062 -0.369242013 -0.000865023 -0.000127215 0.999999642 12.603872299
0.999998450 0.001476229 0.000905474 0.265613347 -0.001476435 0.999998927 0.000227190 -0.379056662 -0.000905138 -0.000228527 0.999999583 13.001798630
0.999997675 0.001867691 0.001100056 0.269591004 -0.001867584 0.999998271 -0.000097746 -0.388192266 -0.001100236 0.000095691 0.999999404 13.404686928
0.999997437 0.001761269 0.001492199 0.277252883 -0.001761497 0.999998391 0.000151958 -0.397619516 -0.001491929 -0.000154586 0.999998868 13.821264267
0.999998093 0.001280822 0.001489484 0.285251588 -0.001281117 0.999999166 0.000197264 -0.412380099 -0.001489230 -0.000199172 0.999998808 14.230732918
0.999997497 0.001421268 0.001739780 0.294675708 -0.001421421 0.999998927 0.000086562 -0.424134135 -0.001739655 -0.000089035 0.999998450 14.652667999
0.999997497 0.001353533 0.001782047 0.304331630 -0.001354305 0.999998987 0.000432345 -0.437835187 -0.001781460 -0.000434757 0.999998331 15.079401970
0.999997020 0.001333246 0.002043604 0.316043139 -0.001333885 0.999999046 0.000310923 -0.449778616 -0.002043188 -0.000313648 0.999997854 15.514269829
0.999996364 0.001160262 0.002425741 0.325723439 -0.001160741 0.999999285 0.000195998 -0.459586620 -0.002425512 -0.000198813 0.999997020 15.958116531
0.999996483 0.000874174 0.002509407 0.336059749 -0.000874455 0.999999583 0.000110913 -0.470505029 -0.002509309 -0.000113107 0.999996841 16.401891708
0.999995053 0.001237611 0.002895570 0.345953763 -0.001237941 0.999999225 0.000112370 -0.483439147 -0.002895429 -0.000115954 0.999995768 16.844478607
0.999994755 0.000878196 0.003093468 0.359690189 -0.000880992 0.999999225 0.000902778 -0.503100753 -0.003092673 -0.000905499 0.999994814 17.296230316
0.999993682 0.001395429 0.003269011 0.364994198 -0.001396475 0.999998987 0.000317807 -0.509216070 -0.003268565 -0.000322370 0.999994636 17.766162872
0.999993682 0.001048018 0.003394577 0.380238146 -0.001048823 0.999999404 0.000235344 -0.523236513 -0.003394329 -0.000238903 0.999994218 18.229219437
0.999994755 0.000713194 0.003149289 0.396809995 -0.000715126 0.999999583 0.000612574 -0.536411405 -0.003148851 -0.000614823 0.999994814 18.704319000
0.999992132 0.001253510 0.003770159 0.404429853 -0.001254082 0.999999166 0.000149475 -0.546420515 -0.003769968 -0.000154202 0.999992907 19.172113419
0.999992371 0.000492935 0.003896414 0.420350790 -0.000493701 0.999999881 0.000195670 -0.557620406 -0.003896317 -0.000197593 0.999992430 19.651065826
0.999992013 0.001145021 0.003832568 0.423690617 -0.001145639 0.999999285 0.000159091 -0.573524773 -0.003832384 -0.000163480 0.999992609 20.141319275
0.999992073 0.001339640 0.003755023 0.436778188 -0.001341004 0.999998987 0.000360552 -0.591563284 -0.003754536 -0.000365585 0.999992847 20.632572174
0.999993026 0.001434563 0.003423893 0.452875465 -0.001435283 0.999998927 0.000207896 -0.601426482 -0.003423591 -0.000212809 0.999994040 21.135318756
0.999994576 0.001297123 0.002985082 0.460101932 -0.001296618 0.999999166 -0.000171212 -0.608026266 -0.002985302 0.000167340 0.999995530 21.653545380
0.999995232 0.001565913 0.002658865 0.468130350 -0.001567633 0.999998510 0.000644727 -0.635079920 -0.002657851 -0.000648892 0.999996185 22.155395508
0.999996245 0.001485269 0.002301213 0.482840806 -0.001486814 0.999998689 0.000669765 -0.644084394 -0.002300215 -0.000673184 0.999997079 22.661165237
0.999996960 0.002007117 0.001417888 0.489973873 -0.002007680 0.999997914 0.000395786 -0.661758184 -0.001417091 -0.000398631 0.999998927 23.188552856
0.999998331 0.001632066 0.000841173 0.496952564 -0.001631824 0.999998689 -0.000289215 -0.671570301 -0.000841644 0.000287842 0.999999583 23.718677521
0.999999404 0.000964699 0.000302795 0.511674583 -0.000964712 0.999999523 0.000045409 -0.694317758 -0.000302750 -0.000045702 0.999999940 24.237670898
0.999997914 0.001769032 -0.000935409 0.522817671 -0.001768273 0.999998093 0.000811544 -0.711078763 0.000936843 -0.000809888 0.999999225 24.765262604
0.999996066 0.002617490 -0.000987992 0.529903948 -0.002616971 0.999996543 0.000526519 -0.724763393 0.000989366 -0.000523931 0.999999344 25.315444946
0.999997437 0.001694541 -0.001556655 0.539167464 -0.001693856 0.999998569 0.000441690 -0.735017717 0.001557401 -0.000439052 0.999998629 25.867162704
0.999995351 0.002004967 -0.002287726 0.551745892 -0.002003137 0.999997675 0.000802084 -0.756257951 0.002289329 -0.000797498 0.999997020 26.418785095
0.999995291 0.001775125 -0.002486540 0.554914713 -0.001771954 0.999997735 0.001276868 -0.769725263 0.002488800 -0.001272456 0.999996066 26.956796646
0.999994576 0.001278406 -0.003046706 0.571741998 -0.001273787 0.999998093 0.001517722 -0.793698430 0.003048640 -0.001513833 0.999994159 27.496856689
0.999990463 0.003226354 -0.002931960 0.571793258 -0.003223558 0.999994397 0.000957610 -0.806592405 0.002935032 -0.000948150 0.999995232 28.071596146
0.999989867 0.002915484 -0.003411018 0.576426804 -0.002910508 0.999994814 0.001462683 -0.820850015 0.003415265 -0.001452740 0.999993026 28.603492737
0.999989212 0.002868667 -0.003630665 0.583918333 -0.002864601 0.999995232 0.001124695 -0.830491543 0.003633874 -0.001114283 0.999992728 29.147731781
0.999988317 0.002710467 -0.003995572 0.595226824 -0.002704078 0.999995053 0.001603486 -0.850292206 0.003999898 -0.001592663 0.999990761 29.698472977
0.999985993 0.002845156 -0.004449013 0.599166811 -0.002837854 0.999994576 0.001646676 -0.862258911 0.004453674 -0.001634028 0.999988735 30.241579056
0.999984443 0.002814984 -0.004804931 0.613731861 -0.002806311 0.999994397 0.001810897 -0.882440984 0.004810002 -0.001797385 0.999986827 30.780012131
0.999982297 0.002965662 -0.005154053 0.618046165 -0.002957497 0.999994338 0.001591238 -0.895552874 0.005158744 -0.001575967 0.999985456 31.331796646
0.999980152 0.003071716 -0.005494471 0.625711679 -0.003062908 0.999994159 0.001610500 -0.907001793 0.005499384 -0.001593639 0.999983549 31.883289337
0.999978960 0.002856769 -0.005832957 0.640684128 -0.002844883 0.999993861 0.002044943 -0.929075480 0.005838763 -0.002028306 0.999980867 32.422611237
0.999980330 0.003149306 -0.005421252 0.636567712 -0.003140365 0.999993682 0.001656996 -0.933850169 0.005426436 -0.001639939 0.999983907 32.963939667
0.999974847 0.003081074 -0.006392308 0.649373591 -0.003070483 0.999993920 0.001665863 -0.952077687 0.006397401 -0.001646193 0.999978185 33.495922089
0.999978304 0.003745709 -0.005413343 0.645649076 -0.003738256 0.999992073 0.001386259 -0.958898365 0.005418493 -0.001365993 0.999984384 34.068187714
0.999978244 0.003271932 -0.005723216 0.651814163 -0.003265623 0.999994099 0.001111287 -0.974922538 0.005726819 -0.001092573 0.999983013 34.611713409
0.999978006 0.003434293 -0.005673960 0.661317229 -0.003426528 0.999993145 0.001377737 -0.990010321 0.005678654 -0.001358265 0.999982893 35.148765564
0.999980569 0.003352849 -0.005261913 0.664315701 -0.003346960 0.999993801 0.001127567 -1.002663851 0.005265661 -0.001109934 0.999985456 35.696773529
0.999974489 0.004641227 -0.005438574 0.670209765 -0.004632055 0.999987900 0.001697833 -1.028998494 0.005446387 -0.001672598 0.999983788 36.234554291
0.999974966 0.003801689 -0.005965216 0.685416341 -0.003793570 0.999991834 0.001371899 -1.035545468 0.005970383 -0.001349235 0.999981284 36.780742645
0.999974549 0.004453073 -0.005572317 0.688714743 -0.004446891 0.999989510 0.001121554 -1.047885418 0.005577253 -0.001096746 0.999983847 37.326026917
0.999972701 0.003985582 -0.006222276 0.696456909 -0.003978371 0.999991417 0.001170821 -1.064941883 0.006226889 -0.001146035 0.999979973 37.880111694
0.999975979 0.003724037 -0.005847958 0.698869050 -0.003719560 0.999992788 0.000776230 -1.075158000 0.005850807 -0.000754459 0.999982595 38.432994843
0.999972165 0.004297274 -0.006095670 0.708479285 -0.004292145 0.999990404 0.000854147 -1.091124058 0.006099282 -0.000827960 0.999981046 38.984889984
0.999971986 0.004260127 -0.006174441 0.709560871 -0.004251074 0.999989867 0.001478645 -1.115991116 0.006180679 -0.001452356 0.999979794 39.516448975
0.999971032 0.004461620 -0.006161176 0.718267202 -0.004454121 0.999989390 0.001230545 -1.127061963 0.006166601 -0.001203067 0.999980271 40.070293427
0.999972522 0.004022886 -0.006229797 0.732162774 -0.004013754 0.999990821 0.001477573 -1.147099614 0.006235685 -0.001452528 0.999979436 40.612545013
0.999965966 0.003750077 -0.007350433 0.749121666 -0.003740074 0.999992073 0.001374170 -1.160140872 0.007355528 -0.001346632 0.999972045 41.164024353
0.999966145 0.004204405 -0.007083434 0.754700065 -0.004193362 0.999989986 0.001573085 -1.172499895 0.007089977 -0.001543329 0.999973655 41.715824127
0.999962866 0.004275641 -0.007485329 0.774572015 -0.004261566 0.999989152 0.001895287 -1.193406940 0.007493352 -0.001863317 0.999970198 42.253269196
0.999962389 0.004808648 -0.007218250 0.759655952 -0.004794546 0.999986589 0.001969670 -1.207718015 0.007227624 -0.001934987 0.999971986 42.804584503
0.999961436 0.004687813 -0.007427027 0.770348310 -0.004670453 0.999986351 0.002353041 -1.224467039 0.007437957 -0.002318263 0.999969602 43.341285706
0.999956429 0.005853123 -0.007271238 0.779882789 -0.005836703 0.999980390 0.002277482 -1.236806154 0.007284426 -0.002234943 0.999970913 43.900939941
0.999961734 0.004032982 -0.007756059 0.802441835 -0.004008449 0.999986887 0.003175985 -1.269871354 0.007768766 -0.003144773 0.999964893 44.432006836
0.999962211 0.005176439 -0.006981237 0.774449468 -0.005159582 0.999983728 0.002430407 -1.268663645 0.006993705 -0.002394295 0.999972641 44.964340210
0.999965072 0.005008140 -0.006684752 0.781857371 -0.004994381 0.999985278 0.002073236 -1.278328896 0.006695037 -0.002039777 0.999975502 45.518787384
0.999967694 0.004987874 -0.006308827 0.793235183 -0.004973885 0.999985099 0.002231386 -1.294696808 0.006319863 -0.002199935 0.999977589 46.041213989
0.999962449 0.004657326 -0.007309184 0.799289227 -0.004639366 0.999986172 0.002472165 -1.313139915 0.007320597 -0.002438162 0.999970257 46.596878052
0.999963105 0.005215028 -0.006818165 0.807207644 -0.005200844 0.999984205 0.002096402 -1.325852156 0.006828991 -0.002060864 0.999974608 47.149330139
0.999968827 0.004480117 -0.006505628 0.804094613 -0.004468986 0.999988556 0.001724529 -1.330361366 0.006513279 -0.001695402 0.999977350 47.691574097
0.999965250 0.004596799 -0.006945010 0.805753946 -0.004581463 0.999986947 0.002222511 -1.345879793 0.006955136 -0.002190616 0.999973416 48.242713928
0.999966264 0.004833424 -0.006640568 0.816840768 -0.004817847 0.999985576 0.002359696 -1.362439871 0.006651879 -0.002327624 0.999975145 48.779327393
0.999964476 0.004989502 -0.006787822 0.831159830 -0.004969846 0.999983311 0.002909720 -1.383518219 0.006802227 -0.002875882 0.999972761 49.307456970
0.999964595 0.005492046 -0.006372214 0.830334902 -0.005477267 0.999982238 0.002334417 -1.394448519 0.006384922 -0.002299432 0.999976993 49.861995697
0.999961853 0.004896267 -0.007233706 0.843833625 -0.004878975 0.999985158 0.002406097 -1.399173498 0.007245380 -0.002370712 0.999970853 50.415431976
0.999962091 0.004885179 -0.007206548 0.848986328 -0.004871074 0.999986172 0.001973344 -1.411656380 0.007216088 -0.001938166 0.999972045 50.969772339
0.999967396 0.004796029 -0.006495810 0.852494001 -0.004779594 0.999985337 0.002543128 -1.431643486 0.006507912 -0.002511998 0.999975622 51.517257690
0.999957442 0.005021518 -0.007737647 0.868412375 -0.005005702 0.999985337 0.002061832 -1.443556070 0.007747887 -0.002023011 0.999967933 52.056686401
0.999964893 0.004481900 -0.007079728 0.873389602 -0.004475064 0.999989510 0.000981176 -1.450626493 0.007084051 -0.000949459 0.999974489 52.608257294
0.999960184 0.005903684 -0.006695318 0.867010832 -0.005892009 0.999981105 0.001761866 -1.466708302 0.006705592 -0.001722346 0.999976039 53.158390045
0.999958456 0.005147070 -0.007521176 0.886141241 -0.005132526 0.999984920 0.001951965 -1.489367247 0.007531111 -0.001913282 0.999969840 53.698173523
0.999961138 0.005133398 -0.007160991 0.895909250 -0.005119029 0.999984860 0.002023532 -1.504486084 0.007171271 -0.001986796 0.999972343 54.249931335
0.999958813 0.005082633 -0.007520749 0.908514559 -0.005065882 0.999984622 0.002244835 -1.523029923 0.007532042 -0.002206643 0.999969244 54.784954071
0.999956489 0.004956045 -0.007900665 0.911280513 -0.004943063 0.999986351 0.001661852 -1.530435324 0.007908794 -0.001622726 0.999967337 55.316741943
0.999956250 0.005684634 -0.007436255 0.914255381 -0.005673189 0.999982715 0.001559376 -1.545392275 0.007444990 -0.001517121 0.999971092 55.867527008
0.999953628 0.005442596 -0.007938669 0.919007659 -0.005428620 0.999983668 0.001781106 -1.559033632 0.007948234 -0.001737928 0.999966860 56.416542053
0.999955297 0.005556029 -0.007654419 0.933270812 -0.005540850 0.999982595 0.002003026 -1.574865341 0.007665415 -0.001960524 0.999968708 56.955028534
0.999954402 0.005688413 -0.007674081 0.932071805 -0.005674568 0.999982178 0.001824670 -1.586973071 0.007684323 -0.001781040 0.999968827 57.498786926
0.999956012 0.005289800 -0.007755267 0.937072217 -0.005276710 0.999984622 0.001707267 -1.603577733 0.007764179 -0.001666269 0.999968410 58.042228699
0.999957502 0.005399117 -0.007475710 0.943121672 -0.005387250 0.999984145 0.001606653 -1.614823103 0.007484267 -0.001566311 0.999970794 58.586376190
0.999956429 0.005895977 -0.007248904 0.945409179 -0.005885801 0.999981701 0.001424354 -1.624826193 0.007257169 -0.001381627 0.999972701 59.134040833
0.999959588 0.005638280 -0.007010102 0.947143674 -0.005630186 0.999983490 0.001173936 -1.637143135 0.007016605 -0.001134420 0.999974787 59.672817230
0.999954700 0.005838327 -0.007520559 0.953301787 -0.005827945 0.999982059 0.001401723 -1.656433702 0.007528606 -0.001357830 0.999970734 60.217361450
0.999955237 0.005803846 -0.007482066 0.958410382 -0.005792137 0.999982059 0.001585562 -1.667878032 0.007491132 -0.001542154 0.999970794 60.773303986
0.999956489 0.006059175 -0.007106362 0.959867477 -0.006049084 0.999980688 0.001440724 -1.683763742 0.007114956 -0.001397674 0.999973714 61.307792664
0.999959052 0.005904404 -0.006853766 0.968232989 -0.005893730 0.999981463 0.001576433 -1.698454857 0.006862946 -0.001535974 0.999975324 61.850585938
0.999952912 0.006170820 -0.007481607 0.980589151 -0.006161302 0.999980152 0.001294688 -1.711355925 0.007489448 -0.001248531 0.999971092 62.400886536
0.999955595 0.006406949 -0.006904470 0.983198047 -0.006397273 0.999978542 0.001422557 -1.728081346 0.006913436 -0.001378324 0.999975145 62.949165344
0.999954760 0.006178886 -0.007233674 0.986423731 -0.006167821 0.999979675 0.001550806 -1.744880557 0.007243110 -0.001506120 0.999972641 63.500144958
0.999952793 0.006456882 -0.007261695 0.996150434 -0.006445196 0.999977887 0.001631640 -1.763313770 0.007272069 -0.001584760 0.999972284 64.034950256
0.999956191 0.006605088 -0.006631441 0.993196845 -0.006595818 0.999977231 0.001418716 -1.775637269 0.006640661 -0.001374914 0.999976993 64.586463928
0.999954581 0.006512199 -0.006967217 1.008036137 -0.006501200 0.999977589 0.001600183 -1.787586451 0.006977481 -0.001554815 0.999974489 65.131515503
0.999959528 0.006616417 -0.006094501 0.992768943 -0.006608734 0.999977231 0.001280210 -1.792727947 0.006102834 -0.001239881 0.999980628 65.674423218
0.999953568 0.006530305 -0.007087245 1.019712687 -0.006518006 0.999977171 0.001757184 -1.821125150 0.007098559 -0.001710908 0.999973297 66.203788757
0.999954045 0.007132409 -0.006402251 1.018936872 -0.007126265 0.999974132 0.000982013 -1.827685833 0.006409089 -0.000936344 0.999979019 66.758758545
0.999953330 0.007407777 -0.006209965 1.028876901 -0.007400072 0.999971807 0.001262865 -1.849966884 0.006219145 -0.001216852 0.999979913 67.299797058
0.999949992 0.006233494 -0.007818749 1.058620691 -0.006223462 0.999979734 0.001306871 -1.862509012 0.007826736 -0.001258146 0.999968588 67.852119446
0.999949455 0.007374773 -0.006830999 1.039390802 -0.007360806 0.999970794 0.002067595 -1.889571548 0.006846047 -0.002017209 0.999974549 68.372535706
0.999954283 0.007148625 -0.006356062 1.038073301 -0.007138627 0.999973357 0.001594357 -1.898512483 0.006367289 -0.001548911 0.999978602 68.922355652
0.999952853 0.007047826 -0.006684463 1.061181903 -0.007033029 0.999972820 0.002234724 -1.922386050 0.006700031 -0.002187606 0.999975204 69.455863953
0.999949276 0.007681508 -0.006510240 1.059305429 -0.007669777 0.999968946 0.001825308 -1.925487518 0.006524059 -0.001775283 0.999977171 69.973236084
0.999948919 0.007892887 -0.006309331 1.061646223 -0.007881902 0.999967456 0.001764249 -1.936491489 0.006323050 -0.001714430 0.999978602 70.531494141
0.999952257 0.007346075 -0.006429472 1.072569489 -0.007331792 0.999970675 0.002241988 -1.953860283 0.006445753 -0.002194742 0.999976814 71.065872192
0.999948919 0.007733411 -0.006512238 1.073953509 -0.007721416 0.999968469 0.001865314 -1.968432188 0.006526458 -0.001814935 0.999976993 71.597572327
0.999945641 0.007903663 -0.006812413 1.086054802 -0.007888488 0.999966383 0.002251726 -1.988208771 0.006829981 -0.002197864 0.999974251 72.141708374
0.999946237 0.008207868 -0.006341084 1.084604859 -0.008196517 0.999964774 0.001813978 -1.996420741 0.006355749 -0.001761906 0.999978244 72.686653137
0.999948263 0.007824142 -0.006515683 1.098146200 -0.007813672 0.999968231 0.001630770 -2.012573242 0.006528234 -0.001579774 0.999977469 73.230895996
0.999949634 0.007755622 -0.006380163 1.100590587 -0.007745613 0.999968767 0.001591908 -2.026468039 0.006392309 -0.001542409 0.999978423 73.779907227
0.999948740 0.007656349 -0.006640116 1.108325958 -0.007645811 0.999969482 0.001610958 -2.036156416 0.006652248 -0.001560106 0.999976635 74.300971985
0.999947488 0.007586509 -0.006893192 1.120703340 -0.007572134 0.999969065 0.002108824 -2.053041220 0.006908977 -0.002056516 0.999974012 74.836227417
0.999947131 0.007722700 -0.006792198 1.125394940 -0.007706497 0.999967337 0.002408405 -2.071270227 0.006810577 -0.002355934 0.999974072 75.373168945
0.999949813 0.007476795 -0.006658580 1.131139398 -0.007465621 0.999970615 0.001701248 -2.082035542 0.006671104 -0.001651453 0.999976397 75.915908813
0.999930084 0.007667050 -0.008993194 1.140244246 -0.007651909 0.999969244 0.001716782 -2.094596624 0.009006079 -0.001647847 0.999958158 76.482826233
0.999949336 0.007505402 -0.006703778 1.148657799 -0.007494559 0.999970496 0.001641039 -2.110872984 0.006715897 -0.001590714 0.999976158 77.006202698
0.999953151 0.006678899 -0.006996454 1.159642696 -0.006667971 0.999976456 0.001584133 -2.121644258 0.007006870 -0.001537406 0.999974251 77.556068420
0.999949396 0.007249627 -0.006975001 1.162823439 -0.007236894 0.999972045 0.001848802 -2.138765335 0.006988210 -0.001798231 0.999973893 78.091461182
0.999951899 0.007511100 -0.006308139 1.169828057 -0.007503962 0.999971092 0.001154458 -2.148848295 0.006316629 -0.001107067 0.999979436 78.639884949
0.999950945 0.007379388 -0.006607012 1.174114943 -0.007368535 0.999971449 0.001665851 -2.166610241 0.006619118 -0.001617085 0.999976814 79.175323486
0.999947429 0.007956848 -0.006459546 1.179254055 -0.007946777 0.999967158 0.001583486 -2.180851460 0.006471933 -0.001532071 0.999977946 79.720207214
0.999945462 0.008115658 -0.006575663 1.185802221 -0.008106952 0.999966145 0.001349080 -2.194441795 0.006586390 -0.001295698 0.999977469 80.257301331
0.999954998 0.007843140 -0.005341101 1.194128513 -0.007834593 0.999967992 0.001618989 -2.210378647 0.005353628 -0.001577071 0.999984443 80.806587219
0.999960840 0.007796279 -0.004189783 1.202292204 -0.007789499 0.999968231 0.001632635 -2.224266052 0.004202378 -0.001599935 0.999989927 81.349876404
0.999959528 0.008457284 -0.003062287 1.211605072 -0.008451153 0.999962270 0.002008932 -2.246198893 0.003079162 -0.001982971 0.999993265 81.869148254
0.999963224 0.008397031 -0.001697365 1.219265938 -0.008393923 0.999963105 0.001829610 -2.256007910 0.001712665 -0.001815296 0.999996841 82.411010742
0.999963224 0.008474665 0.001240226 1.239714384 -0.008476291 0.999963284 0.001311879 -2.267835855 -0.001229063 -0.001322344 0.999998391 82.961791992
0.999949753 0.008964722 0.004483539 1.261935949 -0.008972697 0.999958217 0.001761493 -2.274308443 -0.004467560 -0.001801634 0.999988377 83.452140808
0.999923468 0.008824267 0.008669947 1.263473630 -0.008841944 0.999958932 0.002002318 -2.302478552 -0.008651922 -0.002078824 0.999960423 84.014190674
0.999874532 0.008072907 0.013631279 1.288756132 -0.008098074 0.999965727 0.001792068 -2.320114136 -0.013616341 -0.001902231 0.999905527 84.558959961
0.999780357 0.008542757 0.019134473 1.317960143 -0.008579456 0.999961495 0.001836674 -2.333257675 -0.019118048 -0.002000434 0.999815226 85.099815369
0.999652147 0.008148805 0.025086645 1.345410824 -0.008195080 0.999964893 0.001742305 -2.349209785 -0.025071565 -0.001947286 0.999683738 85.646606445
0.999508023 0.007198278 0.030525751 1.382833362 -0.007256637 0.999972105 0.001801432 -2.360288620 -0.030511931 -0.002022060 0.999532342 86.186378479
0.999231398 0.007520958 0.038471911 1.413839102 -0.007597460 0.999969542 0.001842682 -2.377470493 -0.038456883 -0.002133554 0.999257982 86.729393005
0.998870194 0.007884618 0.046864051 1.459584236 -0.008000528 0.999965370 0.002286265 -2.395732164 -0.046844408 -0.002658619 0.998898685 87.278778076
0.998515427 0.007699089 0.053922568 1.492127657 -0.007804053 0.999968052 0.001736343 -2.403825998 -0.053907473 -0.002154581 0.998543561 87.820060730
0.997974396 0.007760663 0.063141361 1.542389393 -0.007863779 0.999968112 0.001384755 -2.413642168 -0.063128605 -0.001878480 0.998003602 88.373199463
0.997282028 0.008020912 0.073240623 1.602981091 -0.008114793 0.999966621 0.000984336 -2.428500175 -0.073230289 -0.001575994 0.997313797 88.914382935
0.996634841 0.007320160 0.081642002 1.661931992 -0.007455533 0.999971271 0.001353416 -2.444395781 -0.081629738 -0.001957546 0.996660829 89.446479797
0.995961249 0.006567539 0.089543678 1.733758926 -0.006690991 0.999976993 0.001078562 -2.458517790 -0.089534551 -0.001673342 0.995982289 89.990859985
0.994934142 0.006765899 0.100301266 1.803381920 -0.006947533 0.999974728 0.001461669 -2.476279736 -0.100288853 -0.002151110 0.994956076 90.516036987
0.993804157 0.007132995 0.110915780 1.880418777 -0.007336084 0.999972105 0.001423004 -2.492319345 -0.110902525 -0.002227875 0.993828773 91.052604675
0.992769301 0.005895026 0.119892620 1.968252182 -0.006012359 0.999981761 0.000616945 -2.499917746 -0.119886778 -0.001333321 0.992786646 91.601837158
0.991348803 0.006658130 0.131084442 2.053499222 -0.006829382 0.999976337 0.000856914 -2.512304783 -0.131075650 -0.001744727 0.991370857 92.140075684
0.989688694 0.006005486 0.143109322 2.152394295 -0.006202215 0.999980330 0.000928610 -2.532670736 -0.143100947 -0.001806630 0.989706397 92.671470642
0.987998068 0.006198756 0.154342324 2.254592896 -0.006461752 0.999978423 0.001202359 -2.552824736 -0.154331565 -0.002185249 0.988016725 93.213691711
0.986303747 0.005729157 0.164840430 2.354418755 -0.005979766 0.999981582 0.001024103 -2.558409214 -0.164831534 -0.001995784 0.986319721 93.754669189
0.984189212 0.005549960 0.177033484 2.482298851 -0.005819179 0.999982476 0.001001565 -2.578557253 -0.177024841 -0.002015919 0.984204412 94.270515442
0.981797159 0.005407378 0.189855516 2.604213715 -0.005688216 0.999983311 0.000934319 -2.588895321 -0.189847320 -0.001997250 0.981811523 94.811553955
0.979766548 0.005524479 0.200067326 2.729909897 -0.005793711 0.999982893 0.000760243 -2.600321054 -0.200059682 -0.001903994 0.979781866 95.339775085
0.977030039 0.005548590 0.213029087 2.871229172 -0.005800952 0.999983013 0.000559589 -2.613351583 -0.213022366 -0.001782507 0.977045655 95.868469238
0.973974526 0.005018893 0.226602048 3.010578156 -0.005353720 0.999985278 0.000863045 -2.630230665 -0.226594388 -0.002053748 0.973987043 96.394500732
0.971299648 0.004773097 0.237811625 3.157506943 -0.005136814 0.999986291 0.000909767 -2.648754597 -0.237804085 -0.002105250 0.971310854 96.924118042
0.968329489 0.004331843 0.249638602 3.313899994 -0.004711400 0.999988496 0.000922909 -2.660251617 -0.249631748 -0.002069827 0.968338609 97.440353394
0.964474499 0.004230870 0.264142007 3.457721710 -0.004626585 0.999988914 0.000876045 -2.673504353 -0.264135420 -0.002066998 0.964483380 97.985939026
0.960987806 0.003949815 0.276562572 3.624807358 -0.004301241 0.999990523 0.000664086 -2.685857534 -0.276557297 -0.001827740 0.960995734 98.511352539
0.957802474 0.003102792 0.287410557 3.799972534 -0.003488556 0.999993503 0.000830087 -2.707091570 -0.287406147 -0.001797707 0.957807124 99.006042480
0.953554332 0.002680391 0.301209271 3.988542557 -0.003171388 0.999994338 0.001141119 -2.723037481 -0.301204443 -0.002043371 0.953557372 99.513282776
0.949348927 0.002583059 0.314213127 4.189014435 -0.003069835 0.999994755 0.001054379 -2.737753391 -0.314208686 -0.001965556 0.949351966 100.016990662
0.945325434 0.002156201 0.326121390 4.378194809 -0.002628757 0.999996066 0.001008332 -2.748912096 -0.326117873 -0.001810496 0.945327342 100.529319763
0.940729022 0.001452266 0.339155912 4.587125778 -0.001916027 0.999997616 0.001032561 -2.767637253 -0.339153647 -0.001621192 0.940729618 101.038955688
0.935551941 0.002095287 0.353182882 4.802709579 -0.002507361 0.999996543 0.000709226 -2.782801151 -0.353180200 -0.001549075 0.935554087 101.538772583
0.930676401 0.001147489 0.365841627 5.010786057 -0.001634166 0.999998152 0.001020640 -2.797248840 -0.365839779 -0.001547732 0.930676579 102.052391052
0.926166117 0.000486269 0.377115399 5.243751526 -0.000590155 0.999999881 0.000159932 -2.804447412 -0.377115279 -0.000370680 0.926166296 102.559501648
0.920100570 -0.000017396 0.391682148 5.467372894 -0.000322647 0.999999583 0.000802345 -2.820907593 -0.391682029 -0.000864613 0.920100212 103.042785645
0.914661646 -0.001165642 0.404218614 5.712734222 0.001041899 0.999999285 0.000526091 -2.832508802 -0.404219002 -0.000060041 0.914662242 103.526199341
0.909662068 -0.001242373 0.415347248 5.955684662 0.001115550 0.999999225 0.000547973 -2.845596313 -0.415347606 -0.000035130 0.909662724 103.997581482
0.903217256 -0.001036370 0.429182321 6.208240509 0.000699363 0.999999285 0.000942938 -2.872740507 -0.429183066 -0.000551523 0.903217375 104.506958008
0.896892607 -0.000834929 0.442247629 6.476161957 0.000319475 0.999999166 0.001240014 -2.894873381 -0.442248315 -0.000970872 0.896892130 104.976181030
0.890956759 -0.001565477 0.454085380 6.752079010 0.001238539 0.999998629 0.001017408 -2.906814337 -0.454086423 -0.000344064 0.890957594 105.472679138
0.884944022 -0.001742589 0.465694338 6.982929230 0.001313844 0.999998331 0.001245254 -2.921394110 -0.465695769 -0.000490130 0.884944797 105.933441162
0.877798975 -0.002159556 0.479024559 7.296047211 0.001855183 0.999997675 0.001108658 -2.934254408 -0.479025900 -0.000084501 0.877800822 106.429603577
0.870950699 -0.002795792 0.491362721 7.589633942 0.003115040 0.999995172 0.000168375 -2.932853222 -0.491360843 0.001383968 0.870955110 106.900817871
