1.000000000 0.000000000 0.000000000 0.000000000 0.000000000 1.000000000 0.000000000 0.000000000 0.000000000 0.000000000 1.000000000 0.000000000
1.000000000 0.000061234 -0.000050279 0.000097910 -0.000061239 1.000000000 -0.000101365 0.000441330 0.000050273 0.000101368 1.000000000 -0.000826224
1.000000000 0.000073069 -0.000008319 0.000486736 -0.000073069 1.000000000 0.000025816 -0.000347451 0.000008320 -0.000025815 1.000000000 -0.001455421
1.000000000 0.000046085 -0.000058957 0.000531404 -0.000046082 1.000000000 0.000058225 -0.000287799 0.000058959 -0.000058222 1.000000000 -0.002287504
1.000000000 0.000033975 -0.000024871 0.000330431 -0.000033977 1.000000000 -0.000077781 0.000830819 0.000024869 0.000077782 1.000000000 0.000992648
1.000000000 0.000069686 -0.000043531 0.001230395 -0.000069688 1.000000000 -0.000045267 -0.000011873 0.000043528 0.000045270 1.000000000 -0.000341041
1.000000000 0.000093578 0.000005418 0.000710764 -0.000093577 1.000000000 -0.000120814 0.000586390 -0.000005429 0.000120813 1.000000000 -0.000897268
1.000000000 -0.000101902 0.000019812 0.000791229 0.000101903 1.000000000 -0.000020970 0.000167513 -0.000019810 0.000020972 1.000000000 -0.000661080
1.000000000 -0.000176015 0.000001232 0.000865457 0.000176015 1.000000000 -0.000126883 0.001681708 -0.000001209 0.000126883 1.000000000 0.001463776
1.000000000 0.000046558 -0.000064434 0.001426277 -0.000046553 1.000000000 0.000066090 -0.000243191 0.000064437 -0.000066087 1.000000000 -0.000003343
1.000000000 -0.000018517 -0.000047559 0.001674181 0.000018514 1.000000000 -0.000054418 0.000659021 0.000047560 0.000054417 1.000000000 -0.000293293
1.000000000 0.000005923 0.000004390 0.000266052 -0.000005923 1.000000000 0.000010902 0.000127565 -0.000004390 -0.000010902 1.000000000 0.000288505
1.000000000 -0.000152045 -0.000153790 0.001949856 0.000152069 1.000000000 0.000155154 -0.000920926 0.000153766 -0.000155178 1.000000000 -0.000582248
1.000000000 -0.000111445 -0.000122772 0.001485348 0.000111454 1.000000000 0.000070311 -0.000695386 0.000122764 -0.000070324 1.000000000 -0.001014121
1.000000000 -0.000186336 -0.000103684 0.000806015 0.000186346 1.000000000 0.000095838 -0.000926391 0.000103666 -0.000095857 1.000000000 -0.000885029
1.000000000 0.000164324 0.000117954 0.000460722 -0.000164330 1.000000000 0.000053009 0.000306976 -0.000117946 -0.000053028 1.000000000 0.001050675
1.000000000 0.000019695 -0.000062200 0.000727198 -0.000019697 1.000000000 -0.000020932 0.000751334 0.000062199 0.000020933 1.000000000 0.001133663
1.000000000 0.000011780 -0.000037542 0.000947955 -0.000011784 1.000000000 -0.000085444 0.001027104 0.000037541 0.000085445 1.000000000 0.000369141
1.000000000 0.000036276 0.000116220 -0.000152547 -0.000036276 1.000000000 -0.000003954 0.000340941 -0.000116220 0.000003950 1.000000000 0.000622253
1.000000000 0.000099615 0.000070645 0.000413918 -0.000099608 1.000000000 -0.000095643 0.000585954 -0.000070655 0.000095636 1.000000000 -0.000154270
1.000000000 -0.000079612 -0.000108054 0.001130295 0.000079617 1.000000000 0.000043802 -0.000015920 0.000108050 -0.000043811 1.000000000 0.000114470
0.999999881 -0.000461242 -0.000017563 0.001978933 0.000461243 0.999999881 0.000029059 -0.000796073 0.000017549 -0.000029067 1.000000000 -0.000693026
1.000000000 -0.000077710 0.000120898 0.000115891 0.000077706 1.000000000 0.000034767 0.000511731 -0.000120901 -0.000034758 1.000000000 -0.000648384
1.000000000 -0.000022784 -0.000056503 0.001929143 0.000022787 1.000000000 0.000058493 -0.000334149 0.000056502 -0.000058494 1.000000000 -0.001997837
1.000000000 0.000084065 0.000007678 0.001165094 -0.000084064 1.000000000 -0.000040861 0.000249908 -0.000007682 0.000040860 1.000000000 -0.001823222
1.000000000 -0.000036604 -0.000086393 0.001632514 0.000036587 1.000000000 -0.000193851 0.001620763 0.000086400 0.000193848 1.000000000 -0.000124292
1.000000000 0.000028918 0.000028360 -0.000200872 -0.000028914 1.000000000 -0.000112408 0.000840840 -0.000028363 0.000112407 1.000000000 0.000947969
1.000000000 -0.000045068 0.000063410 -0.000794247 0.000045068 1.000000000 0.000002868 0.001475248 -0.000063410 -0.000002866 1.000000000 0.001831503
1.000000000 0.000127556 0.000090553 -0.000128400 -0.000127552 1.000000000 -0.000050944 0.001535370 -0.000090559 0.000050932 1.000000000 0.001128036
1.000000000 0.000055438 0.000110799 0.000355672 -0.000055442 1.000000000 0.000034451 -0.000037621 -0.000110797 -0.000034457 1.000000000 -0.001726713
1.000000000 0.000198900 0.000099414 -0.000119232 -0.000198913 1.000000000 0.000128800 -0.000772410 -0.000099388 -0.000128820 1.000000000 -0.000947276
1.000000000 -0.000015007 0.000052822 0.000794030 0.000015009 1.000000000 -0.000033678 0.000123415 -0.000052822 0.000033679 1.000000000 -0.000965841
1.000000000 -0.000103175 0.000008119 0.000787948 0.000103175 1.000000000 -0.000039474 0.000845955 -0.000008115 0.000039475 1.000000000 0.000429308
1.000000000 0.000186420 0.000106218 0.000410499 -0.000186428 1.000000000 0.000075460 -0.000079177 -0.000106204 -0.000075480 1.000000000 -0.000374103
1.000000000 0.000157305 0.000021742 0.000450714 -0.000157303 1.000000000 -0.000082188 0.001518482 -0.000021755 0.000082184 1.000000000 -0.000810147
1.000000000 -0.000126646 0.000040276 -0.000289228 0.000126652 1.000000000 -0.000148558 0.002541845 -0.000040257 0.000148563 1.000000000 0.002721418
1.000000000 -0.000006392 0.000036436 0.000563133 0.000006389 1.000000000 0.000094723 0.000060128 -0.000036437 -0.000094723 1.000000000 -0.000711039
1.000000000 -0.000088949 0.000008176 0.000719155 0.000088948 1.000000000 0.000059367 0.000655921 -0.000008181 -0.000059367 1.000000000 0.000316389
0.999999940 0.000037885 0.000283360 -0.000813859 -0.000037880 1.000000000 -0.000016869 0.000992817 -0.000283361 0.000016858 0.999999940 0.002401582
0.999999881 -0.000418615 0.000174087 0.000973521 0.000418737 0.999999642 -0.000703362 -0.001294759 -0.000173792 0.000703435 0.999999762 0.050917353
1.000000000 0.000031125 0.000199028 0.000481591 -0.000030890 0.999999285 -0.001178293 -0.006084247 -0.000199064 0.001178287 0.999999285 0.130958483
0.999999940 0.000309048 -0.000109412 0.005321047 -0.000309203 0.999998927 -0.001425107 -0.006639495 0.000108972 0.001425141 0.999998987 0.250842929
1.000000000 0.000155595 0.000007906 0.006612724 -0.000155586 0.999999404 -0.001067991 -0.014680512 -0.000008072 0.001067990 0.999999404 0.379921615
1.000000000 0.000129238 0.000088758 0.008613207 -0.000129146 0.999999464 -0.001036500 -0.016620483 -0.000088892 0.001036488 0.999999464 0.525132239
0.999999940 0.000249817 0.000028568 0.014141456 -0.000249780 0.999999166 -0.001288965 -0.019766115 -0.000028890 0.001288958 0.999999166 0.674237132
1.000000000 -0.000087644 0.000143739 0.018978741 0.000087804 0.999999404 -0.001113667 -0.024081379 -0.000143641 0.001113680 0.999999344 0.838502645
0.999999940 -0.000065248 0.000359381 0.016631868 0.000065599 0.999999523 -0.000977554 -0.025519345 -0.000359317 0.000977578 0.999999464 1.014405012
0.999999940 0.000151518 0.000335862 0.020556793 -0.000151312 0.999999821 -0.000612539 -0.035352208 -0.000335955 0.000612488 0.999999762 1.182103515
0.999999583 0.000654474 0.000615671 0.017941069 -0.000654007 0.999999523 -0.000759435 -0.037933107 -0.000616167 0.000759032 0.999999523 1.367096066
1.000000000 -0.000154048 0.000060544 0.035357706 0.000154071 0.999999940 -0.000369052 -0.052055247 -0.000060487 0.000369061 0.999999940 1.557267070
0.999999762 0.000551740 0.000417375 0.031675763 -0.000551507 0.999999702 -0.000559780 -0.049295973 -0.000417683 0.000559550 0.999999762 1.759487152
0.999999940 0.000130491 -0.000272598 0.044330373 -0.000130624 0.999999881 -0.000489832 -0.055927664 0.000272534 0.000489867 0.999999821 1.951277971
0.999999404 0.000603304 0.000895237 0.026628336 -0.000602856 0.999999702 -0.000501538 -0.058035865 -0.000895539 0.000500998 0.999999464 2.165080547
0.999999344 0.001119576 -0.000077836 0.062367044 -0.001119547 0.999999285 0.000373746 -0.092189483 0.000078255 -0.000373659 0.999999940 2.369404316
0.999999344 0.000813582 -0.000807714 0.077762149 -0.000813349 0.999999702 0.000289692 -0.099172823 0.000807950 -0.000289035 0.999999642 2.582962990
0.999999106 0.001288372 -0.000075701 0.076096468 -0.001288330 0.999999046 0.000547782 -0.109217495 0.000076406 -0.000547684 0.999999821 2.812377214
0.999999404 0.001018872 -0.000440255 0.084746800 -0.001018565 0.999999285 0.000698418 -0.115539558 0.000440967 -0.000697969 0.999999642 3.048425913
0.999999464 0.001015566 -0.000359472 0.085613333 -0.001015485 0.999999523 0.000226878 -0.117011681 0.000359703 -0.000226513 0.999999881 3.286956549
0.999999225 0.001197979 -0.000081211 0.088743851 -0.001197931 0.999999046 0.000587044 -0.125874385 0.000081915 -0.000586946 0.999999821 3.525570154
0.999999583 0.000846244 -0.000131696 0.092654310 -0.000846204 0.999999583 0.000303724 -0.129350066 0.000131953 -0.000303613 1.000000000 3.790366650
0.999999642 0.000915644 -0.000180284 0.099219233 -0.000915584 0.999999523 0.000333393 -0.137111485 0.000180590 -0.000333228 0.999999940 4.044135094
0.999999285 0.001213384 -0.000080354 0.101597100 -0.001213336 0.999999106 0.000596148 -0.144015163 0.000081077 -0.000596050 0.999999821 4.299913406
0.999999464 0.001016364 -0.000108211 0.112046748 -0.001016266 0.999999046 0.000904405 -0.158480942 0.000109130 -0.000904294 0.999999583 4.548265934
0.999999404 0.001039438 -0.000122762 0.119576707 -0.001039324 0.999999046 0.000929466 -0.163997501 0.000123728 -0.000929338 0.999999583 4.806819439
0.999999642 0.000818125 -0.000228900 0.126044363 -0.000817887 0.999999106 0.001038155 -0.170086041 0.000229749 -0.001037968 0.999999464 5.073158741
0.999999583 0.000821856 -0.000182926 0.127940848 -0.000821700 0.999999285 0.000852899 -0.174786285 0.000183627 -0.000852749 0.999999583 5.330786228
0.999998987 0.001417497 0.000199364 0.130409867 -0.001417597 0.999998868 0.000501121 -0.183380708 -0.000198653 -0.000501403 0.999999881 5.604688168
0.999999166 0.001304888 0.000158975 0.135052904 -0.001305017 0.999998808 0.000814224 -0.192244202 -0.000157913 -0.000814431 0.999999702 5.869432449
0.999999821 0.000750705 -0.000070457 0.145652026 -0.000750640 0.999999225 0.000929673 -0.201445773 0.000071155 -0.000929620 0.999999583 6.149111271
0.999998808 0.001548515 -0.000413484 0.151576146 -0.001548239 0.999998629 0.000666954 -0.207767487 0.000414516 -0.000666313 0.999999762 6.427834988
0.999998748 0.001536992 -0.000023944 0.155621111 -0.001536966 0.999998271 0.001035094 -0.225145102 0.000025535 -0.001035056 0.999999464 6.708333492
0.999998569 0.001674564 0.000035738 0.159029603 -0.001674598 0.999998093 0.000989859 -0.230754316 -0.000034080 -0.000989917 0.999999523 7.011207104
0.999998212 0.001893599 0.000180948 0.162804186 -0.001893765 0.999997735 0.000917469 -0.237097204 -0.000179210 -0.000917810 0.999999523 7.312880993
0.999998987 0.001367142 0.000133146 0.170888349 -0.001367238 0.999998689 0.000723472 -0.245084658 -0.000132157 -0.000723653 0.999999642 7.618363857
0.999998450 0.001734788 -0.000037598 0.183334365 -0.001734752 0.999997973 0.000938826 -0.254293084 0.000039226 -0.000938760 0.999999523 7.912523270
0.999998569 0.001689748 0.000208191 0.191428229 -0.001690056 0.999997497 0.001485192 -0.275790066 -0.000205681 -0.001485542 0.999998868 8.239486694
0.999998629 0.001582385 0.000388858 0.199025631 -0.001582853 0.999998033 0.001206167 -0.283319503 -0.000386949 -0.001206780 0.999999225 8.566837311
0.999998629 0.001529091 0.000749769 0.198737457 -0.001529912 0.999998331 0.001095947 -0.287668169 -0.000748092 -0.001097092 0.999999166 8.912686348
0.999998689 0.001596438 0.000497386 0.208310395 -0.001597003 0.999998212 0.001137852 -0.300032139 -0.000495568 -0.001138645 0.999999225 9.237809181
0.999998629 0.001506522 0.000780033 0.206992701 -0.001507632 0.999997914 0.001422886 -0.305399805 -0.000777887 -0.001424060 0.999998748 9.587646484
0.999999404 0.001022756 0.000255068 0.223241076 -0.001023209 0.999997914 0.001783236 -0.325931847 -0.000253244 -0.001783496 0.999998331 9.925489426
0.999998748 0.001554050 0.000198874 0.232239336 -0.001554445 0.999996841 0.002001391 -0.338161170 -0.000195763 -0.002001698 0.999997973 10.280021667
0.999999106 0.001283294 0.000350131 0.242706910 -0.001284180 0.999996006 0.002542128 -0.352281898 -0.000346868 -0.002542575 0.999996722 10.625485420
0.999999642 0.000856155 0.000316873 0.253678858 -0.000856871 0.999997079 0.002268102 -0.359394878 -0.000314931 -0.002268373 0.999997377 10.992312431
0.999998927 0.001392560 0.000443845 0.248999462 -0.001393304 0.999997616 0.001679709 -0.363931209 -0.000441505 -0.001680325 0.999998450 11.391396523
0.999999523 0.000903784 0.000138634 0.267456204 -0.000904089 0.999997079 0.002217697 -0.376664221 -0.000136629 -0.002217821 0.999997556 11.760789871
0.999999702 0.000750793 0.000281619 0.272372872 -0.000751362 0.999997675 0.002023865 -0.387329757 -0.000280099 -0.002024077 0.999997973 12.153555870
0.999999344 0.001087551 0.000263649 0.280602038 -0.001088018 0.999997854 0.001776102 -0.394560874 -0.000261717 -0.001776388 0.999998391 12.542079926
0.999999046 0.001369500 0.000243610 0.285673499 -0.001369967 0.999997258 0.001926268 -0.404372215 -0.000240971 -0.001926599 0.999998152 12.946194649
0.999998808 0.001530973 0.000273843 0.292644322 -0.001531505 0.999996901 0.001953328 -0.415355384 -0.000270852 -0.001953745 0.999998033 13.345861435
0.999998510 0.001492822 0.000930017 0.299100727 -0.001494749 0.999996722 0.002075086 -0.424220771 -0.000926916 -0.002076474 0.999997437 13.756592751
0.999998748 0.001397857 0.000734094 0.305424660 -0.001399204 0.999997318 0.001837976 -0.433215290 -0.000731523 -0.001839001 0.999998033 14.172208786
0.999998510 0.001357438 0.001064328 0.316640615 -0.001359734 0.999996781 0.002160205 -0.448579192 -0.001061393 -0.002161649 0.999997079 14.586926460
0.999998748 0.001196109 0.001021926 0.325623214 -0.001198431 0.999996662 0.002274567 -0.458130747 -0.001019202 -0.002275789 0.999996901 15.020842552
0.999998987 0.000837046 0.001158011 0.335042924 -0.000839794 0.999996841 0.002374304 -0.475531876 -0.001156019 -0.002375274 0.999996483 15.444873810
0.999998689 0.000734222 0.001429060 0.345103949 -0.000737673 0.999996781 0.002415427 -0.487096131 -0.001427282 -0.002416478 0.999996066 15.882147789
0.999998033 0.000860614 0.001769151 0.350986660 -0.000864262 0.999997497 0.002062186 -0.492886841 -0.001767373 -0.002063711 0.999996305 16.333017349
0.999996126 0.001239807 0.002485662 0.358439088 -0.001244788 0.999997258 0.002003349 -0.508607745 -0.002483170 -0.002006435 0.999994934 16.773441315
0.999996960 0.001086760 0.002184369 0.370388001 -0.001091971 0.999996543 0.002385845 -0.522368550 -0.002181768 -0.002388223 0.999994755 17.226026535
0.999996722 0.001342329 0.002186309 0.381365150 -0.001348180 0.999995410 0.002676947 -0.535314143 -0.002182706 -0.002679885 0.999993980 17.688957214
0.999995291 0.001140953 0.002834207 0.381554693 -0.001147610 0.999996543 0.002348315 -0.540297031 -0.002831518 -0.002351556 0.999993205 18.153263092
0.999995649 0.001062916 0.002757296 0.394867927 -0.001069210 0.999996901 0.002282144 -0.548112929 -0.002754862 -0.002285082 0.999993563 18.625720978
0.999994397 0.001271812 0.003099655 0.399839252 -0.001278673 0.999996722 0.002212453 -0.560209990 -0.003096832 -0.002216404 0.999992728 19.078952789
0.999993205 0.000680694 0.003618245 0.412059605 -0.000687774 0.999997914 0.001955895 -0.566564322 -0.003616906 -0.001958370 0.999991596 19.569162369
0.999994695 0.001024878 0.003085387 0.415211558 -0.001031545 0.999997258 0.002160193 -0.579452217 -0.003083165 -0.002163365 0.999992847 20.054540634
0.999995112 0.001126355 0.002913996 0.426156580 -0.001132181 0.999997377 0.001998652 -0.590409458 -0.002911737 -0.002001942 0.999993742 20.553518295
0.999995947 0.000861659 0.002681792 0.437626123 -0.000866952 0.999997616 0.001973166 -0.598665655 -0.002680086 -0.001975483 0.999994457 21.047376633
0.999997556 0.000706881 0.002068352 0.447869807 -0.000710940 0.999997795 0.001962606 -0.608280003 -0.002066960 -0.001964072 0.999995887 21.559663773
0.999996901 0.000717397 0.002374243 0.434336871 -0.000723774 0.999996126 0.002686443 -0.635020137 -0.002372308 -0.002688154 0.999993563 22.059404373
0.999997497 0.001026674 0.001965891 0.447179168 -0.001031498 0.999996424 0.002454240 -0.643343210 -0.001963365 -0.002456262 0.999995112 22.571483612
0.999997556 0.001673018 0.001409126 0.458479494 -0.001676558 0.999995410 0.002515182 -0.662590802 -0.001404913 -0.002517539 0.999995828 23.084995270
0.999998748 0.000791669 0.001386875 0.433307946 -0.000795333 0.999996126 0.002642814 -0.675302744 -0.001384777 -0.002643914 0.999995470 23.599782944
0.999998748 0.000942714 0.001284074 0.439015538 -0.000945134 0.999997795 0.001885634 -0.684134781 -0.001282293 -0.001886845 0.999997377 24.129148483
0.999999523 0.000929075 0.000191037 0.454629719 -0.000929585 0.999995947 0.002688996 -0.700220227 -0.000188538 -0.002689173 0.999996364 24.653257370
0.999999225 0.001235774 0.000182038 0.431597680 -0.001236226 0.999996126 0.002500161 -0.711233556 -0.000178948 -0.002500384 0.999996781 25.188793182
0.999999404 0.001129974 -0.000021384 0.439948946 -0.001129922 0.999996722 0.002312859 -0.721785486 0.000023998 -0.002312833 0.999997258 25.728036880
0.999998987 0.001272729 -0.000670348 0.453732282 -0.001270773 0.999994993 0.002909802 -0.740947962 0.000674048 -0.002908946 0.999995530 26.289909363
0.999999702 0.000815584 -0.000126768 0.450605303 -0.000815171 0.999994516 0.003223041 -0.749848127 0.000129396 -0.003222936 0.999994814 26.808300018
0.999999940 0.000193982 -0.000180650 0.398424119 -0.000193554 0.999997139 0.002364522 -0.738362610 0.000181108 -0.002364487 0.999997139 27.362117767
0.999997675 0.002157613 0.000091989 0.397252679 -0.002157803 0.999995410 0.002111284 -0.748404086 -0.000087433 -0.002111477 0.999997735 27.925678253
0.999998748 0.001547990 -0.000322992 0.405504882 -0.001547246 0.999996185 0.002290664 -0.760766089 0.000326537 -0.002290162 0.999997258 28.465663910
0.999998510 0.001669579 0.000205670 0.376689762 -0.001670090 0.999995470 0.002507403 -0.775036156 -0.000201483 -0.002507743 0.999996841 28.962083817
0.999998748 0.001578001 -0.000118953 0.390431732 -0.001577724 0.999996185 0.002297600 -0.785075247 0.000122578 -0.002297409 0.999997318 29.522304535
0.999998510 0.001338267 -0.001080062 0.407328606 -0.001335106 0.999994814 0.002921404 -0.813933790 0.001083966 -0.002919958 0.999995172 30.071517944
0.999997079 0.002186431 -0.001021536 0.419015348 -0.002183472 0.999993443 0.002890068 -0.831349909 0.001027849 -0.002887829 0.999995351 30.615316391
0.999996901 0.001702955 -0.001784754 0.422530442 -0.001697307 0.999993503 0.003162033 -0.843710423 0.001790127 -0.003158994 0.999993384 31.168479919
0.999996305 0.001526940 -0.002247342 0.431342155 -0.001520200 0.999994338 0.002998025 -0.852786899 0.002251907 -0.002994597 0.999992967 31.724828720
0.999995589 0.001405538 -0.002622541 0.446712375 -0.001396829 0.999993563 0.003319915 -0.874790907 0.002627190 -0.003316237 0.999991119 32.265010834
0.999995470 0.001411610 -0.002656174 0.453736603 -0.001402757 0.999993443 0.003331916 -0.881447136 0.002660860 -0.003328176 0.999990940 32.797752380
0.999996126 0.001599178 -0.002287928 0.430546582 -0.001594145 0.999996305 0.002199748 -0.871568084 0.002291438 -0.002196093 0.999994874 33.372890472
0.999995530 0.002416250 -0.001756736 0.430381775 -0.002412604 0.999994993 0.002074554 -0.880223572 0.001761740 -0.002070307 0.999996245 33.936626434
0.999996543 0.001801693 -0.001950612 0.446042717 -0.001797282 0.999995887 0.002260381 -0.898771346 0.001954677 -0.002256867 0.999995530 34.449771881
0.999996483 0.001792115 -0.001952748 0.435258627 -0.001787473 0.999995589 0.002376432 -0.907762408 0.001956998 -0.002372934 0.999995232 35.007881165
0.999996185 0.001415076 -0.002359567 0.451063365 -0.001410644 0.999997258 0.001878911 -0.921060026 0.002362219 -0.001875575 0.999995470 35.551586151
0.999996364 0.000950268 -0.002510271 0.462652892 -0.000943526 0.999995947 0.002685696 -0.944149911 0.002512813 -0.002683318 0.999993205 36.094161987
0.999996006 0.001584537 -0.002349493 0.448205948 -0.001579017 0.999996006 0.002349368 -0.947416067 0.002353207 -0.002345649 0.999994457 36.652557373
0.999995172 0.001875264 -0.002469118 0.457083046 -0.001868611 0.999994636 0.002693969 -0.961804092 0.002474156 -0.002689343 0.999993324 37.196563721
0.999994874 0.001973293 -0.002539539 0.463228732 -0.001968070 0.999996066 0.002057518 -0.971761465 0.002543588 -0.002052510 0.999994576 37.749362946
0.999996185 0.001748331 -0.002132430 0.468344063 -0.001742666 0.999994934 0.002655561 -1.001667380 0.002137062 -0.002651835 0.999994218 38.277873993
0.999996245 0.002082183 -0.001771172 0.471502841 -0.002077774 0.999994695 0.002487315 -1.013878822 0.001776342 -0.002483626 0.999995291 38.824401855
0.999995112 0.002054454 -0.002353426 0.489040405 -0.002048734 0.999994993 0.002429839 -1.029773593 0.002358406 -0.002425006 0.999994338 39.367046356
0.999994636 0.002077799 -0.002512899 0.507217348 -0.002070635 0.999993801 0.002850065 -1.049858451 0.002518806 -0.002844847 0.999992847 39.893493652
0.999993682 0.001957717 -0.002994253 0.519006312 -0.001948472 0.999993324 0.003087630 -1.061071754 0.003000277 -0.003081776 0.999990761 40.466617584
0.999993622 0.002471706 -0.002602032 0.522706866 -0.002465211 0.999993861 0.002496913 -1.066508293 0.002608187 -0.002490483 0.999993503 41.022441864
0.999992132 0.002446409 -0.003156302 0.537873864 -0.002437564 0.999993145 0.002803367 -1.080531120 0.003163137 -0.002795651 0.999991179 41.569492340
0.999998927 0.001179364 -0.000781468 0.407762527 -0.001179218 0.999999285 0.000186770 -1.017379045 0.000781688 -0.000185848 0.999999702 42.145347595
0.999998927 0.001369944 -0.000331880 0.417377740 -0.001369786 0.999998927 0.000479209 -1.034598112 0.000332537 -0.000478754 0.999999881 42.695518494
0.999999225 0.001279502 -0.000182120 0.430139899 -0.001279443 0.999999106 0.000325163 -1.045859933 0.000182536 -0.000324929 0.999999940 43.238304138
0.999999166 0.001187654 -0.000454163 0.416210651 -0.001187615 0.999999285 0.000085351 -1.052976608 0.000454264 -0.000084811 0.999999821 43.806411743
0.999999583 0.000754595 -0.000507347 0.424107820 -0.000754405 0.999999702 0.000374797 -1.070738196 0.000507629 -0.000374414 0.999999762 44.341670990
0.999998450 0.001765212 -0.000017310 0.430489957 -0.001765199 0.999998152 0.000718070 -1.087034106 0.000018577 -0.000718038 0.999999702 44.893653870
0.999999046 0.001270653 0.000411029 0.410264909 -0.001270470 0.999999106 -0.000445820 -1.079119802 -0.000411595 0.000445298 0.999999821 45.465930939
0.999999106 0.000926529 0.000991315 0.423033923 -0.000926109 0.999999404 -0.000424363 -1.095241904 -0.000991708 0.000423445 0.999999404 46.006137848
0.999999642 0.000834232 0.000227481 0.423687786 -0.000834122 0.999999523 -0.000480748 -1.105211139 -0.000227882 0.000480558 0.999999881 46.558624268
0.999999464 0.000999265 0.000120739 0.442125857 -0.000999254 0.999999523 -0.000093475 -1.125881672 -0.000120833 0.000093355 1.000000000 47.104068756
0.999999106 0.000034076 0.001316799 0.403091669 -0.000031307 0.999997795 -0.002103310 -1.098715186 -0.001316868 0.002103267 0.999996901 47.676162720
0.999998569 0.000577720 0.001577873 0.416317493 -0.000574829 0.999998212 -0.001832199 -1.119439960 -0.001578929 0.001831289 0.999997079 48.228393555
0.999999523 0.000006883 0.001010270 0.439233691 -0.000005188 0.999998569 -0.001677633 -1.134288907 -0.001010281 0.001677626 0.999998033 48.755767822
0.999998569 0.000209523 0.001682585 0.410802901 -0.000205795 0.999997497 -0.002216259 -1.136282802 -0.001683046 0.002215910 0.999996066 49.313129425
0.999998033 0.000422801 0.001937974 0.426752865 -0.000418160 0.999997020 -0.002394587 -1.150143504 -0.001938981 0.002393772 0.999995232 49.870227814
0.999998391 0.000274970 0.001798448 0.443088800 -0.000271515 0.999998093 -0.001921213 -1.172014236 -0.001798973 0.001920721 0.999996603 50.403533936
0.999998987 0.000450113 0.001333898 0.439688832 -0.000447988 0.999998629 -0.001593023 -1.201029897 -0.001334614 0.001592423 0.999997854 50.964134216
0.999998927 -0.000079428 0.001443634 0.456867397 0.000081530 0.999998927 -0.001455673 -1.217934608 -0.001443517 0.001455790 0.999997854 51.517318726
0.999999642 -0.000414799 0.000712644 0.480180085 0.000416050 0.999998391 -0.001756060 -1.234830260 -0.000711913 0.001756356 0.999998271 52.048770905
0.999999642 0.000294331 0.000800946 0.479293585 -0.000293155 0.999998868 -0.001468034 -1.252348065 -0.000801378 0.001467800 0.999998629 52.607402802
0.999999285 0.000391018 0.001207814 0.484648347 -0.000388884 0.999998391 -0.001766702 -1.263020515 -0.001208504 0.001766230 0.999997735 53.150371552
0.999999642 -0.000052139 0.000918568 0.497011155 0.000053848 0.999998212 -0.001860734 -1.282645583 -0.000918469 0.001860783 0.999997854 53.700428009
0.999997973 0.000896072 0.001787036 0.487722635 -0.000893388 0.999998450 -0.001501731 -1.296854854 -0.001788378 0.001500131 0.999997258 54.228473663
0.999999166 -0.000132176 0.001254081 0.509422183 0.000133999 0.999998927 -0.001453349 -1.310773492 -0.001253888 0.001453516 0.999998093 54.769481659
0.999998927 0.000010245 0.001370128 0.520855844 -0.000007796 0.999998331 -0.001787147 -1.323509216 -0.001370144 0.001787134 0.999997437 55.305126190
0.999997437 0.000975485 0.002107542 0.504741549 -0.000971845 0.999998033 -0.001727440 -1.336173773 -0.002109223 0.001725387 0.999996305 55.863040924
0.999995232 0.001721683 0.002553013 0.503034294 -0.001716927 0.999996781 -0.001864013 -1.344790459 -0.002556214 0.001859621 0.999994993 56.413181305
0.999994099 0.001693403 0.002999195 0.522080541 -0.001686390 0.999995828 -0.002339399 -1.364633203 -0.003003145 0.002334328 0.999992728 56.942790985
0.999996006 0.001526574 0.002379994 0.535106361 -0.001522135 0.999997199 -0.001865867 -1.380694270 -0.002382835 0.001862237 0.999995410 57.513153076
0.999995530 0.001545303 0.002565265 0.544903874 -0.001540232 0.999996901 -0.001977460 -1.400154233 -0.002568313 0.001973500 0.999994755 58.058322906
0.999996841 0.001619272 0.001933864 0.566657782 -0.001616268 0.999997497 -0.001554228 -1.421488762 -0.001936375 0.001551098 0.999996901 58.585361481
0.999997020 0.001407331 0.001989843 0.577121258 -0.001403566 0.999997199 -0.001892141 -1.432001829 -0.001992500 0.001889342 0.999996185 59.131473541
0.999995708 0.001867215 0.002259080 0.583847523 -0.001862778 0.999996305 -0.001964730 -1.447120905 -0.002262740 0.001960514 0.999995530 59.672103882
0.999997616 0.001433320 0.001658762 0.603075862 -0.001430190 0.999997199 -0.001886059 -1.464292526 -0.001661460 0.001883682 0.999996841 60.223075867
0.999997079 0.001784745 0.001693263 0.614286780 -0.001781751 0.999996901 -0.001767957 -1.480262041 -0.001696413 0.001764935 0.999997020 60.773242950
0.999996841 0.001956911 0.001567229 0.629841924 -0.001954023 0.999996364 -0.001842331 -1.496588588 -0.001570829 0.001839263 0.999997079 61.314853668
0.999996781 0.001965009 0.001579691 0.637586534 -0.001962269 0.999996543 -0.001734385 -1.511898518 -0.001583094 0.001731279 0.999997258 61.854465485
0.999997318 0.001959370 0.001191952 0.650623739 -0.001956683 0.999995530 -0.002251089 -1.526316643 -0.001196357 0.002248751 0.999996722 62.404712677
0.999995351 0.002555568 0.001683700 0.655458272 -0.002552510 0.999995053 -0.001815538 -1.545574784 -0.001688331 0.001811232 0.999996960 62.957958221
0.999993920 0.002445482 0.002485458 0.647274494 -0.002438799 0.999993503 -0.002688512 -1.542203665 -0.002492017 0.002682435 0.999993265 63.507144928
0.999993920 0.002435801 0.002487386 0.658628881 -0.002428258 0.999992430 -0.003031311 -1.560030699 -0.002494751 0.003025253 0.999992311 64.064338684
0.999991357 0.002782555 0.003075002 0.659260511 -0.002773041 0.999991357 -0.003093915 -1.573481083 -0.003083585 0.003085362 0.999990463 64.613861084
0.999995589 0.002947325 0.000162550 0.739668906 -0.002947119 0.999994814 -0.001254620 -1.621402264 -0.000166246 0.001254135 0.999999225 65.106864929
0.999997020 0.002446620 0.000125780 0.753499687 -0.002446414 0.999995708 -0.001611463 -1.634790897 -0.000129721 0.001611151 0.999998748 65.665512085
0.999997079 0.002414566 -0.000072003 0.771023214 -0.002414680 0.999995708 -0.001619521 -1.653876305 0.000068092 0.001619691 0.999998689 66.199775696
0.999995887 0.002859274 -0.000012420 0.779223263 -0.002859291 0.999994278 -0.001759983 -1.665982962 0.000007388 0.001760011 0.999998510 66.735870361
0.999994934 0.003156210 -0.000468905 0.800817847 -0.003156701 0.999994397 -0.001049026 -1.693956256 0.000465591 0.001050501 0.999999344 67.277748108
0.999995112 0.003111252 -0.000313568 0.809068143 -0.003111558 0.999994636 -0.000979481 -1.710134029 0.000310518 0.000980451 0.999999464 67.823448181
0.999993861 0.003514612 0.000131467 0.819705486 -0.003514570 0.999993682 -0.000320372 -1.737410426 -0.000132592 0.000319907 0.999999940 68.355995178
0.999992371 0.003836283 -0.000714246 0.843876839 -0.003836914 0.999992371 -0.000883092 -1.749646306 0.000710852 0.000885826 0.999999285 68.896324158
0.999993324 0.003557204 -0.000828543 0.853376448 -0.003558432 0.999992549 -0.001485432 -1.754526377 0.000823253 0.001488371 0.999998510 69.448211670
0.999994040 0.003374082 -0.000631876 0.874871731 -0.003374605 0.999993980 -0.000828994 -1.778598070 0.000629075 0.000831122 0.999999464 69.976486206
0.999994457 0.003246017 -0.000723338 0.882853687 -0.003246318 0.999994636 -0.000415158 -1.802198052 0.000721985 0.000417504 0.999999642 70.527252197
0.999991953 0.003871453 -0.001034641 0.900093973 -0.003871758 0.999992490 -0.000292799 -1.818554044 0.001033499 0.000296803 0.999999404 71.074180603
0.999991477 0.004146419 0.000073141 0.891305029 -0.004146292 0.999990046 -0.001658160 -1.819383383 -0.000080016 0.001657843 0.999998629 71.618240356
0.999992430 0.003714996 -0.001101925 0.919347107 -0.003715518 0.999992967 -0.000471720 -1.850853920 0.001100165 0.000475811 0.999999285 72.155860901
0.999992132 0.003682652 -0.001423686 0.933194280 -0.003683171 0.999993145 -0.000361931 -1.870252013 0.001422343 0.000367172 0.999998987 72.699638367
0.999992073 0.003891927 -0.000885757 0.936083019 -0.003892682 0.999992073 -0.000852438 -1.884727955 0.000882432 0.000855879 0.999999225 73.255798340
0.999993026 0.003559858 -0.001111062 0.949637115 -0.003560929 0.999993205 -0.000962332 -1.892009735 0.001107629 0.000966282 0.999998927 73.783615112
0.999994934 0.003002543 -0.001000714 0.960675836 -0.003003289 0.999995232 -0.000743998 -1.910864115 0.000998475 0.000747000 0.999999225 74.330970764
0.999994218 0.003143188 -0.001293524 0.977450311 -0.003143676 0.999994993 -0.000375465 -1.930583239 0.001292336 0.000379529 0.999999106 74.862525940
0.999994397 0.003025083 -0.001429932 0.989363313 -0.003025639 0.999995291 -0.000387093 -1.947602749 0.001428754 0.000391417 0.999998868 75.402954102
0.999994755 0.002869299 -0.001490803 0.999759674 -0.002870204 0.999995708 -0.000605510 -1.964104891 0.001489059 0.000609786 0.999998689 75.941162109
0.999993324 0.003244654 -0.001709039 1.009435177 -0.003245889 0.999994576 -0.000720760 -1.978059173 0.001706691 0.000726303 0.999998212 76.489395142
0.999994099 0.003058622 -0.001632858 1.022737384 -0.003059403 0.999995232 -0.000476134 -1.999564648 0.001631393 0.000481127 0.999998510 77.024551392
0.999994814 0.002351503 -0.002196154 1.036938906 -0.002352879 0.999997079 -0.000624360 -2.012754679 0.002194680 0.000629524 0.999997377 77.568550110
0.999993443 0.002878109 -0.002166806 1.047076106 -0.002878906 0.999995708 -0.000364548 -2.029670715 0.002165747 0.000370783 0.999997616 78.111480713
0.999993622 0.002921015 -0.002061616 1.061519861 -0.002922923 0.999995291 -0.000923238 -2.041047812 0.002058910 0.000929257 0.999997437 78.649681091
0.999992549 0.003453483 -0.001732350 1.063933015 -0.003454454 0.999993801 -0.000558903 -2.056787014 0.001730409 0.000564882 0.999998331 79.197135925
0.999992311 0.003711580 -0.001291368 1.069744587 -0.003712679 0.999992669 -0.000850038 -2.071363926 0.001288204 0.000854826 0.999998868 79.748741150
0.999992251 0.003358868 -0.002042520 1.090369225 -0.003360225 0.999994159 -0.000660519 -2.088970661 0.002040291 0.000667378 0.999997675 80.288314819
0.999993026 0.003616957 -0.000952488 1.101295114 -0.003617485 0.999993324 -0.000552420 -2.102867603 0.000950485 0.000555862 0.999999404 80.840438843
0.999993265 0.003648558 0.000336946 1.109622598 -0.003648383 0.999993205 -0.000517797 -2.117462397 -0.000338832 0.000516564 0.999999821 81.395278931
0.999993265 0.003432280 0.001317565 1.128486276 -0.003432110 0.999994099 -0.000131318 -2.140073538 -0.001318008 0.000126796 0.999999106 81.912994385
0.999992549 0.003063290 0.002347702 1.142016530 -0.003061291 0.999994934 -0.000854742 -2.151889801 -0.002350308 0.000847548 0.999996901 82.453056335
0.999978662 0.003351202 0.005615717 1.167652607 -0.003346585 0.999994040 -0.000831294 -2.164917469 -0.005618469 0.000812483 0.999983847 82.998619080
0.999953985 0.002877802 0.009144779 1.190118790 -0.002874717 0.999995828 -0.000350391 -2.184539557 -0.009145749 0.000324087 0.999958098 83.529045105
0.999917090 0.003005206 0.012519863 1.213462472 -0.003000445 0.999995410 -0.000398960 -2.206023932 -0.012521004 0.000361362 0.999921501 84.071128845
0.999852002 0.002908342 0.016957866 1.236776710 -0.002893388 0.999995470 -0.000906279 -2.209847450 -0.016960423 0.000857079 0.999855757 84.627456665
0.999742627 0.003133281 0.022468368 1.269460440 -0.003128085 0.999994993 -0.000266402 -2.238848448 -0.022469090 0.000196051 0.999747515 85.171829224
0.999597073 0.003275439 0.028195741 1.298509836 -0.003277415 0.999994576 0.000023903 -2.256938219 -0.028195512 -0.000116302 0.999602437 85.728363037
0.999428511 0.002372914 0.033721440 1.340925932 -0.002368777 0.999997199 -0.000162612 -2.271808863 -0.033721730 0.000082641 0.999431193 86.257659912
0.999111772 0.002547453 0.042062271 1.364973783 -0.002546949 0.999996781 -0.000065600 -2.288779259 -0.042062305 -0.000041588 0.999114931 86.808158875
0.998720586 0.002588343 0.050503127 1.413883209 -0.002589555 0.999996662 -0.000041441 -2.307153702 -0.050503068 -0.000089392 0.998723865 87.353187561
0.998392344 0.002498107 0.056627024 1.463429451 -0.002523034 0.999996781 0.000368716 -2.325821638 -0.056625906 -0.000510995 0.998395324 87.891975403
0.997804880 0.002711843 0.066166908 1.512540340 -0.002703013 0.999996305 -0.000222977 -2.331619740 -0.066167273 0.000043637 0.997808516 88.461494446
0.997087657 0.002518927 0.076222755 1.576180935 -0.002477815 0.999996722 -0.000633930 -2.347203493 -0.076224096 0.000443218 0.997090578 88.987625122
0.996451139 0.002479892 0.084136926 1.643018723 -0.002423543 0.999996722 -0.000771861 -2.363433838 -0.084138565 0.000565213 0.996453881 89.551490784
0.995674253 0.002241772 0.092885375 1.706635952 -0.002205320 0.999997437 -0.000495087 -2.377779007 -0.092886239 0.000288103 0.995676696 90.085433960
0.994632959 0.001409373 0.103456132 1.789972305 -0.001366943 0.999998987 -0.000481027 -2.391252041 -0.103456721 0.000337026 0.994633913 90.624496460
0.993419349 0.002437224 0.114507966 1.858472824 -0.002460377 0.999996960 0.000060858 -2.413455725 -0.114507467 -0.000342190 0.993422329 91.170066833
0.992388010 0.001673617 0.123138748 1.949831009 -0.001684587 0.999998629 -0.000015029 -2.427923679 -0.123138607 -0.000192523 0.992389381 91.715408325
0.990918458 0.001926319 0.134449810 2.037481308 -0.001960382 0.999998093 0.000120969 -2.443268538 -0.134449333 -0.000383443 0.990920424 92.263237000
0.989245355 0.001020916 0.146262079 2.141885757 -0.001015533 0.999999464 -0.000111471 -2.458091736 -0.146262154 -0.000038262 0.989245892 92.786506653
0.987598360 0.001011677 0.156998441 2.249257088 -0.001068176 0.999999404 0.000275502 -2.479291439 -0.156998083 -0.000439787 0.987598956 93.347343445
0.985845268 0.000759469 0.167656779 2.360736847 -0.000794803 0.999999762 0.000143646 -2.492905378 -0.167656645 -0.000274867 0.985845506 93.892646790
0.983638465 0.000577514 0.180152878 2.482587814 -0.000661275 0.999999702 0.000404884 -2.511420965 -0.180152595 -0.000517390 0.983638525 94.397605896
0.981304169 0.000109431 0.192463875 2.613688469 -0.000197222 0.999999881 0.000436987 -2.527985334 -0.192463815 -0.000466775 0.981303990 94.929183960
0.979330063 -0.000466333 0.202268615 2.743535995 0.000430402 0.999999821 0.000221623 -2.535447598 -0.202268660 -0.000129986 0.979330063 95.455245972
0.976393461 0.000305150 0.215999424 2.878864288 -0.000407763 0.999999821 0.000430497 -2.555484295 -0.215999231 -0.000508411 0.976393342 96.015617371
0.973413944 -0.000007145 0.229053333 3.031822205 -0.000112501 0.999999821 0.000509289 -2.568534136 -0.229053289 -0.000521517 0.973413706 96.549217224
0.970826805 -0.000552876 0.239781216 3.187234879 0.000255799 0.999999225 0.001270072 -2.592226028 -0.239781708 -0.001171683 0.970826089 97.058494568
0.967745483 -0.001049750 0.251927793 3.340744019 0.000868308 0.999999225 0.000831382 -2.606040478 -0.251928508 -0.000585815 0.967745662 97.586936951
0.964030206 -0.000724721 0.265792221 3.505380630 0.000567224 0.999999583 0.000669318 -2.616912127 -0.265792638 -0.000494479 0.964030147 98.117965698
0.960359812 -0.000734970 0.278762519 3.677347183 0.000594945 0.999999583 0.000586909 -2.629776478 -0.278762817 -0.000397796 0.960359991 98.650321960
0.957224488 -0.001265947 0.289343774 3.856822968 0.001052992 0.999999046 0.000891658 -2.648561239 -0.289344668 -0.000548841 0.957224846 99.152450562
0.952931166 -0.001754681 0.303181857 4.044246674 0.001532048 0.999998331 0.000972161 -2.660605431 -0.303183019 -0.000461913 0.952932239 99.675857544
0.948409021 -0.001415771 0.317046285 4.244260788 0.001193512 0.999998808 0.000895237 -2.678678036 -0.317047149 -0.000470652 0.948409677 100.209548950
0.944531500 -0.002466595 0.328411847 4.446266174 0.002404850 0.999996901 0.000594163 -2.685937405 -0.328412294 0.000228575 0.944534540 100.723579407
0.939780414 -0.003100199 0.341764569 4.651931763 0.002984266 0.999995232 0.000865006 -2.704460382 -0.341765612 0.000207000 0.939785302 101.238014221
0.934677899 -0.002896506 0.355484009 4.873657227 0.002563520 0.999995708 0.001407738 -2.731249809 -0.355486542 -0.000404491 0.934681237 101.735183716
0.929957509 -0.002936919 0.367655367 5.096233368 0.002323913 0.999994993 0.002110032 -2.750437260 -0.367659748 -0.001107841 0.929959714 102.239883423
0.925354540 -0.003977448 0.379082173 5.321319580 0.003902616 0.999991894 0.000965788 -2.751346827 -0.379083008 0.000585716 0.925362468 102.744216919
0.919180095 -0.003871935 0.393818438 5.558414459 0.003652631 0.999992490 0.001306390 -2.767632008 -0.393820554 0.000237666 0.919187307 103.259613037
0.913253725 -0.004067786 0.407371014 5.798187256 0.003777659 0.999991715 0.001516532 -2.784039021 -0.407373875 0.000153930 0.913261414 103.740493774
0.908240736 -0.004754201 0.418421030 6.041748047 0.004309785 0.999988735 0.002007128 -2.806804895 -0.418425858 -0.000019650 0.908250928 104.217887878
0.902114451 -0.004899084 0.431468934 6.312873840 0.004570533 0.999987960 0.001798232 -2.815782309 -0.431472600 0.000349833 0.902125955 104.736061096
0.895511985 -0.004884846 0.445010483 6.578285217 0.004289709 0.999988079 0.002344444 -2.840403080 -0.445016623 -0.000190513 0.895522237 105.195419312
0.889755785 -0.005899513 0.456398666 6.856906891 0.005734412 0.999982059 0.001746675 -2.846535683 -0.456400722 0.001063063 0.889773726 105.696105957
0.883855879 -0.006506431 0.467714012 7.117908478 0.006212686 0.999978364 0.002170495 -2.860591888 -0.467717916 0.000987356 0.883877337 106.181159973
0.876659095 -0.006810319 0.481063873 7.408798218 0.006714069 0.999975622 0.001921163 -2.870544672 -0.481065184 0.001545691 0.876683474 106.656234741
0.869736075 -0.007072507 0.493466616 7.692867279 0.006890894 0.999973893 0.002186700 -2.886765957 -0.493469179 0.001498574 0.869762003 107.111709595
0.864009082 -0.007606415 0.503418684 7.986160278 0.007285034 0.999970078 0.002605884 -2.904444218 -0.503423452 0.001415915 0.864038587 107.575767517
