1.000000000 0.000000000 0.000000000 0.000000000 0.000000000 1.000000000 0.000000000 0.000000000 0.000000000 0.000000000 1.000000000 0.000000000
1.000000000 -0.000064078 -0.000057501 0.000807184 0.000064084 1.000000000 0.000109119 -0.000723184 0.000057494 -0.000109122 1.000000000 -0.000644764
1.000000000 0.000036155 -0.000178665 0.001570202 -0.000036164 1.000000000 -0.000049373 0.000388498 0.000178663 0.000049379 1.000000000 -0.001212185
1.000000000 0.000005301 -0.000084638 0.000470286 -0.000005306 1.000000000 -0.000057670 -0.000076047 0.000084638 0.000057671 1.000000000 0.001148479
1.000000000 -0.000039672 -0.000131511 0.000671550 0.000039675 1.000000000 0.000024567 -0.000949459 0.000131510 -0.000024572 1.000000000 -0.001302768
1.000000000 -0.000111673 -0.000207754 0.001421402 0.000111672 1.000000000 -0.000005321 -0.000958378 0.000207755 0.000005298 1.000000000 -0.002051601
1.000000000 -0.000089959 -0.000019875 0.000993069 0.000089960 1.000000000 0.000041155 -0.001106163 0.000019871 -0.000041157 1.000000000 -0.001166343
1.000000000 -0.000044924 -0.000025117 0.001494711 0.000044925 1.000000000 0.000043559 -0.000520425 0.000025115 -0.000043560 1.000000000 0.000152228
1.000000000 -0.000213409 0.000006814 0.000844002 0.000213409 1.000000000 -0.000023402 -0.000053604 -0.000006809 0.000023403 1.000000000 0.000072490
1.000000000 -0.000136094 -0.000018864 0.001534826 0.000136095 1.000000000 0.000022001 0.000208582 0.000018861 -0.000022004 1.000000000 0.000871213
1.000000000 -0.000179439 -0.000138324 0.001817603 0.000179446 1.000000000 0.000047262 -0.000830540 0.000138316 -0.000047287 1.000000000 -0.000251432
1.000000000 0.000017325 -0.000000236 0.000548227 -0.000017325 1.000000000 -0.000225986 0.001464881 0.000000232 0.000225986 1.000000000 0.000522963
0.999999881 -0.000433897 -0.000159774 0.001895800 0.000433924 0.999999881 0.000167734 -0.001701586 0.000159701 -0.000167804 1.000000000 -0.001719543
1.000000000 -0.000103647 0.000002721 0.000148750 0.000103647 1.000000000 0.000077629 -0.000674420 -0.000002729 -0.000077629 1.000000000 -0.000041105
1.000000000 -0.000162182 -0.000047491 0.000895077 0.000162185 1.000000000 0.000075170 -0.000588566 0.000047479 -0.000075178 1.000000000 -0.000531289
1.000000000 -0.000052615 -0.000075426 0.000749371 0.000052615 1.000000000 0.000004486 -0.000816148 0.000075426 -0.000004490 1.000000000 -0.001611265
1.000000000 0.000072080 0.000137093 -0.000827999 -0.000072077 1.000000000 -0.000019591 -0.000396255 -0.000137095 0.000019581 1.000000000 0.000348764
0.999999940 -0.000015144 -0.000250806 0.001485951 0.000015143 1.000000000 -0.000006568 -0.000673309 0.000250806 0.000006564 0.999999940 0.000021609
1.000000000 -0.000140901 -0.000102449 0.001449431 0.000140904 1.000000000 0.000033384 -0.000874595 0.000102444 -0.000033399 1.000000000 -0.000848009
1.000000000 -0.000186261 -0.000103914 0.001196547 0.000186258 1.000000000 -0.000029203 -0.000332651 0.000103920 0.000029184 1.000000000 -0.000674915
1.000000000 0.000081745 0.000054903 -0.000142100 -0.000081738 1.000000000 -0.000126828 0.000001349 -0.000054913 0.000126823 1.000000000 -0.001244473
1.000000000 0.000011320 -0.000044539 0.000212853 -0.000011319 1.000000000 0.000026785 0.000107939 0.000044539 -0.000026784 1.000000000 -0.000133408
1.000000000 0.000035064 0.000111557 0.000079925 -0.000035076 1.000000000 0.000102252 -0.001067017 -0.000111554 -0.000102256 1.000000000 0.000330659
0.999999940 -0.000194857 -0.000161400 0.001825745 0.000194856 1.000000000 -0.000006804 0.000395245 0.000161401 0.000006773 1.000000000 -0.000447180
1.000000000 0.000021793 -0.000039111 0.000555096 -0.000021796 1.000000000 -0.000082925 0.000531263 0.000039109 0.000082926 1.000000000 -0.000158753
1.000000000 0.000010116 -0.000096130 0.000740415 -0.000010131 1.000000000 -0.000147322 0.000788346 0.000096128 0.000147323 1.000000000 -0.001680283
1.000000000 0.000040414 -0.000107894 0.000514718 -0.000040433 1.000000000 -0.000178340 0.000587530 0.000107887 0.000178344 1.000000000 -0.001762888
1.000000000 -0.000057956 -0.000125095 0.000795536 0.000057945 1.000000000 -0.000092351 -0.000068919 0.000125101 0.000092344 1.000000000 -0.000847513
0.999999940 -0.000288146 -0.000228766 0.001030149 0.000288164 0.999999940 0.000081748 0.000104915 0.000228743 -0.000081814 1.000000000 0.000299430
1.000000000 0.000081172 -0.000110028 0.000388564 -0.000081181 1.000000000 -0.000087315 0.000423349 0.000110021 0.000087324 1.000000000 -0.001320593
1.000000000 -0.000006548 -0.000199142 0.001058606 0.000006569 1.000000000 0.000103980 -0.000579713 0.000199141 -0.000103982 1.000000000 -0.002202851
1.000000000 -0.000013338 -0.000188299 0.000745833 0.000013347 1.000000000 0.000051935 -0.000363397 0.000188299 -0.000051938 1.000000000 -0.000211760
0.999999940 -0.000246379 -0.000149987 0.000314339 0.000246367 0.999999940 -0.000078878 0.000781650 0.000150006 0.000078841 1.000000000 0.001710144
1.000000000 -0.000125927 -0.000198338 0.001172931 0.000125929 1.000000000 0.000014325 0.000395574 0.000198336 -0.000014350 1.000000000 0.000154520
1.000000000 -0.000031198 -0.000076962 0.001285180 0.000031193 1.000000000 -0.000075771 0.000278329 0.000076965 0.000075768 1.000000000 -0.000042720
1.000000000 -0.000035083 -0.000070159 -0.000164982 0.000035078 1.000000000 -0.000072908 0.002192882 0.000070162 0.000072906 1.000000000 0.001969649
0.999999940 -0.000310813 -0.000103106 0.000961966 0.000310815 0.999999940 0.000015908 0.000679198 0.000103101 -0.000015940 1.000000000 0.001754099
1.000000000 -0.000226168 -0.000023619 0.000385280 0.000226172 0.999999940 0.000156238 -0.000570866 0.000023584 -0.000156243 1.000000000 -0.000252197
0.999999940 -0.000389460 -0.000110936 0.001319670 0.000389456 0.999999940 -0.000036980 0.000635125 0.000110951 0.000036936 1.000000000 0.000082678
0.999999940 -0.000304576 0.000007188 0.001698266 0.000304576 0.999999940 -0.000074730 -0.000915342 -0.000007165 0.000074732 1.000000000 -0.001317147
0.999999940 -0.000292957 0.000065888 0.001448621 0.000292995 0.999999821 -0.000570886 -0.003186180 -0.000065721 0.000570905 0.999999821 0.049439151
0.999999940 0.000363369 0.000044081 0.000548575 -0.000363314 0.999999166 -0.001242912 -0.004609440 -0.000044533 0.001242896 0.999999225 0.136240795
0.999999940 0.000340503 -0.000146840 0.005667059 -0.000340710 0.999998927 -0.001411621 -0.006707101 0.000146360 0.001411671 0.999998987 0.251894683
0.999999881 0.000411940 -0.000328383 0.006446237 -0.000412287 0.999999344 -0.001058338 -0.016017281 0.000327947 0.001058474 0.999999404 0.380465865
1.000000000 -0.000043234 -0.000156420 0.009735730 0.000043085 0.999999523 -0.000952868 -0.020155128 0.000156461 0.000952861 0.999999523 0.530195892
0.999999940 0.000339316 -0.000214923 0.013008608 -0.000339508 0.999999523 -0.000890624 -0.025258897 0.000214621 0.000890697 0.999999583 0.677216232
0.999999940 0.000385524 -0.000016655 0.016479718 -0.000385539 0.999999523 -0.000929712 -0.024590911 0.000016296 0.000929719 0.999999583 0.848375678
0.999999940 0.000124346 0.000343862 0.014644741 -0.000124054 0.999999642 -0.000850195 -0.027634593 -0.000343968 0.000850152 0.999999583 1.012815952
0.999999940 0.000361736 0.000162508 0.016035382 -0.000361707 0.999999940 -0.000181598 -0.036304642 -0.000162574 0.000181539 1.000000000 1.186535597
0.999999940 0.000268499 0.000009054 0.023631655 -0.000268501 0.999999940 0.000203145 -0.043270376 -0.000008999 -0.000203147 1.000000000 1.371434808
1.000000000 -0.000160395 -0.000118715 0.034218807 0.000160326 0.999999821 -0.000581753 -0.044169553 0.000118808 0.000581734 0.999999821 1.575861335
0.999999285 0.001060516 0.000541664 0.021726601 -0.001060494 0.999999464 -0.000042040 -0.051269494 -0.000541708 0.000041465 0.999999881 1.774538279
0.999999881 0.000389679 0.000177363 0.031640697 -0.000389639 0.999999881 -0.000223106 -0.050860066 -0.000177450 0.000223037 0.999999940 1.974543691
0.999997854 0.001830322 0.000896487 0.031754583 -0.001831291 0.999997735 0.001082199 -0.083018906 -0.000894505 -0.001083838 0.999998987 2.143035650
0.999997139 0.002263534 0.000753804 0.038014814 -0.002264281 0.999997020 0.000991618 -0.089886017 -0.000751558 -0.000993322 0.999999225 2.358596087
0.999998748 0.001519205 0.000351317 0.048638776 -0.001519659 0.999998033 0.001296182 -0.099928550 -0.000349347 -0.001296715 0.999999106 2.586003304
0.999997795 0.001911072 0.000989458 0.047169577 -0.001912145 0.999997556 0.001084110 -0.103370003 -0.000987384 -0.001085999 0.999998927 2.806684017
0.999997258 0.002020236 0.001148037 0.049493093 -0.002021889 0.999996841 0.001440775 -0.110195577 -0.001145123 -0.001443093 0.999998271 3.036806345
0.999998629 0.001370507 0.000939999 0.055288561 -0.001371575 0.999998391 0.001135925 -0.114292175 -0.000938441 -0.001137212 0.999998927 3.280465841
0.999998093 0.001779176 0.000774181 0.066926040 -0.001780215 0.999997497 0.001343466 -0.125938803 -0.000771789 -0.001344842 0.999998808 3.511831522
0.999997437 0.002059403 0.000901911 0.073874362 -0.002060325 0.999997377 0.001021805 -0.129670009 -0.000899804 -0.001023660 0.999999166 3.769842863
0.999998033 0.001699515 0.000981958 0.078861579 -0.001700758 0.999997735 0.001265831 -0.138410240 -0.000979805 -0.001267499 0.999998748 4.021931648
0.999998152 0.001631006 0.000985960 0.085287698 -0.001632987 0.999996603 0.002011959 -0.149524182 -0.000982675 -0.002013566 0.999997437 4.258052826
0.999997616 0.001862351 0.001105312 0.079109780 -0.001864266 0.999996781 0.001734212 -0.153875366 -0.001102079 -0.001736269 0.999997914 4.524207592
0.999998212 0.001542166 0.001115524 0.089159779 -0.001544356 0.999996960 0.001965304 -0.163665369 -0.001112490 -0.001967023 0.999997497 4.778168678
0.999998152 0.001549124 0.001177383 0.096551925 -0.001551341 0.999997020 0.001884643 -0.167427033 -0.001174461 -0.001886465 0.999997556 5.042980671
0.999998629 0.001380738 0.000923028 0.103417031 -0.001382563 0.999997079 0.001978672 -0.178621620 -0.000920293 -0.001979945 0.999997616 5.298950195
0.999995291 0.002541748 0.001696323 0.095044062 -0.002545311 0.999994576 0.002101273 -0.191131905 -0.001690972 -0.002105581 0.999996305 5.558936596
0.999996483 0.002158572 0.001513846 0.101586528 -0.002162257 0.999994695 0.002437249 -0.199541718 -0.001508576 -0.002440514 0.999995887 5.826314926
0.999996424 0.001986569 0.001847221 0.110092387 -0.001991117 0.999994993 0.002463512 -0.207496509 -0.001842317 -0.002467181 0.999995291 6.108842850
0.999994576 0.002663539 0.001984900 0.111414559 -0.002668529 0.999993265 0.002515300 -0.215537429 -0.001978187 -0.002520583 0.999994874 6.380889893
0.999995589 0.002275716 0.001914171 0.117406130 -0.002280649 0.999994040 0.002579195 -0.231898054 -0.001908291 -0.002583549 0.999994755 6.651769638
0.999995887 0.002186815 0.001851353 0.126473948 -0.002191988 0.999993682 0.002796703 -0.242053673 -0.001845225 -0.002800750 0.999994338 6.948299408
0.999996483 0.001839926 0.001907471 0.139078185 -0.001845186 0.999994516 0.002759492 -0.248128906 -0.001902383 -0.002763002 0.999994278 7.242681980
0.999996245 0.001772782 0.002091380 0.144527733 -0.001778411 0.999994814 0.002692310 -0.255425870 -0.002086596 -0.002696020 0.999994099 7.561504364
0.999993384 0.002544169 0.002605523 0.148344904 -0.002549815 0.999994457 0.002166120 -0.256409824 -0.002599997 -0.002172749 0.999994278 7.867722988
0.999995410 0.002432651 0.001861271 0.156319708 -0.002438759 0.999991596 0.003286598 -0.284924656 -0.001853260 -0.003291122 0.999992788 8.172749519
0.999994338 0.002787276 0.001918740 0.163245946 -0.002793792 0.999990284 0.003401647 -0.297657728 -0.001909239 -0.003406988 0.999992371 8.490611076
0.999993980 0.002586079 0.002314718 0.166194350 -0.002593394 0.999991655 0.003163019 -0.300541848 -0.002306518 -0.003169003 0.999992311 8.844060898
0.999993801 0.002537830 0.002443990 0.174842700 -0.002545394 0.999991953 0.003096798 -0.310163677 -0.002436110 -0.003103000 0.999992192 9.175550461
0.999992192 0.002935365 0.002631188 0.175266400 -0.002943882 0.999990404 0.003238841 -0.316183954 -0.002621655 -0.003246562 0.999991298 9.540984154
0.999994159 0.002550952 0.002243597 0.183268577 -0.002558363 0.999991238 0.003306574 -0.332692325 -0.002235143 -0.003312295 0.999991953 9.859629631
0.999993801 0.002255371 0.002701197 0.190267831 -0.002264831 0.999991298 0.003503953 -0.344956905 -0.002693270 -0.003510049 0.999990225 10.217990875
0.999992251 0.002679254 0.002853104 0.198191553 -0.002690947 0.999987960 0.004102597 -0.359072924 -0.002842078 -0.004110244 0.999987543 10.565659523
0.999991179 0.003111576 0.002799767 0.208186358 -0.003121154 0.999989152 0.003423265 -0.359481215 -0.002789085 -0.003431974 0.999990225 10.932782173
0.999988556 0.002927677 0.003778241 0.204092026 -0.002939394 0.999990821 0.003099047 -0.365714699 -0.003769134 -0.003110118 0.999988019 11.323194504
0.999990761 0.002926480 0.003186796 0.211221755 -0.002941225 0.999984920 0.004631973 -0.410980284 -0.003173193 -0.004641302 0.999984205 11.682024002
0.999992788 0.002337837 0.003005516 0.224308014 -0.002351923 0.999986172 0.004691696 -0.423494965 -0.002994505 -0.004698730 0.999984503 12.061838150
0.999989986 0.002728133 0.003549762 0.233149841 -0.002742302 0.999988258 0.003993043 -0.425527602 -0.003538826 -0.004002737 0.999985754 12.465807915
0.999986649 0.003835235 0.003473067 0.245756537 -0.003849863 0.999983668 0.004214940 -0.437084973 -0.003456845 -0.004228254 0.999985099 12.865531921
0.999983788 0.003821657 0.004205503 0.235183746 -0.003842243 0.999980628 0.004897969 -0.459921300 -0.004186705 -0.004914049 0.999979138 13.247687340
0.999980330 0.003838967 0.004951489 0.240368932 -0.003863234 0.999980569 0.004900740 -0.467195928 -0.004932579 -0.004919773 0.999975741 13.666309357
0.999977112 0.004497928 0.005071927 0.245564014 -0.004521261 0.999979138 0.004598504 -0.471805245 -0.005051140 -0.004621330 0.999976516 14.092349052
0.999982834 0.003409355 0.004747220 0.267547786 -0.003433021 0.999981701 0.004985992 -0.493745029 -0.004730134 -0.005002204 0.999976277 14.481527328
0.999976754 0.004032311 0.005502586 0.275759518 -0.004058633 0.999980390 0.004780757 -0.498269290 -0.005483201 -0.004802979 0.999973357 14.912761688
0.999975324 0.004094139 0.005719129 0.291215539 -0.004127110 0.999974847 0.005765196 -0.518817723 -0.005695384 -0.005788657 0.999966979 15.345917702
0.999975204 0.004138769 0.005696780 0.298511773 -0.004168637 0.999977589 0.005241258 -0.532666385 -0.005674960 -0.005264876 0.999970019 15.781644821
0.999977648 0.003263918 0.005836353 0.311996132 -0.003293377 0.999981821 0.005045071 -0.537226915 -0.005819781 -0.005064179 0.999970198 16.238138199
0.999971569 0.003684201 0.006576716 0.317452937 -0.003719142 0.999979019 0.005308550 -0.550498307 -0.006557020 -0.005332859 0.999964237 16.672086716
0.999966979 0.004531959 0.006736226 0.327514529 -0.004569368 0.999974132 0.005548521 -0.571029186 -0.006710909 -0.005579118 0.999961853 17.127939224
0.999960840 0.004854906 0.007390322 0.332756519 -0.004894979 0.999973297 0.005413997 -0.577081263 -0.007363839 -0.005449961 0.999957979 17.601623535
0.999956191 0.004898265 0.007963889 0.348110735 -0.004944393 0.999971151 0.005782857 -0.594357550 -0.007935333 -0.005821981 0.999951541 18.044485092
0.999956369 0.004633952 0.008109947 0.357307434 -0.004684783 0.999969363 0.006259956 -0.611452579 -0.008080693 -0.006297676 0.999947548 18.500701904
0.999956310 0.004672902 0.008086335 0.373922706 -0.004722909 0.999969780 0.006176186 -0.623255491 -0.008057229 -0.006214107 0.999948263 18.970052719
0.999953747 0.004393721 0.008551480 0.389892459 -0.004447307 0.999970555 0.006257390 -0.634649038 -0.008523734 -0.006295132 0.999943852 19.449378967
0.999952018 0.004695809 0.008592671 0.400611281 -0.004757619 0.999962866 0.007187176 -0.653247416 -0.008558603 -0.007227711 0.999937296 19.937097549
0.999953032 0.004876411 0.008365904 0.410285383 -0.004938400 0.999960363 0.007405276 -0.684922218 -0.008329461 -0.007446244 0.999937534 20.438558578
0.999952912 0.005003947 0.008313900 0.422061771 -0.005065433 0.999959826 0.007391021 -0.692448258 -0.008276582 -0.007432787 0.999938071 20.940158844
0.999950469 0.005645604 0.008191909 0.430963218 -0.005702801 0.999959469 0.006975629 -0.696167350 -0.008152192 -0.007022000 0.999942124 21.445352554
0.999943018 0.005772442 0.008970262 0.419554174 -0.005842202 0.999952734 0.007770093 -0.721109509 -0.008924987 -0.007822057 0.999929547 21.940332413
0.999963462 0.005014202 0.006926069 0.455876797 -0.005071389 0.999952912 0.008263995 -0.740286708 -0.006884306 -0.008298817 0.999941885 22.456802368
0.999962866 0.005307404 0.006795465 0.464740813 -0.005363510 0.999951422 0.008264975 -0.753561735 -0.006751269 -0.008301114 0.999942780 22.974077225
0.999958217 0.005887225 0.006984501 0.477269471 -0.005946375 0.999946356 0.008478426 -0.770542860 -0.006934213 -0.008519607 0.999939620 23.501640320
0.999975741 0.004277360 0.005493543 0.488425076 -0.004321806 0.999957800 0.008104485 -0.782068729 -0.005458644 -0.008128032 0.999952018 24.010362625
0.999970198 0.005432236 0.005482427 0.493653774 -0.005476404 0.999952376 0.008073856 -0.787945449 -0.005438305 -0.008103640 0.999952316 24.546972275
0.999971151 0.005630943 0.005111066 0.507053196 -0.005676075 0.999944687 0.008859117 -0.801911533 -0.005060897 -0.008887871 0.999947727 25.082605362
0.999975145 0.005831955 0.003962215 0.511472583 -0.005867207 0.999942780 0.008944686 -0.819883227 -0.003909824 -0.008967710 0.999952137 25.616531372
0.999976039 0.005939655 0.003546600 0.521897018 -0.005971860 0.999940395 0.009140106 -0.832550824 -0.003492100 -0.009161066 0.999951899 26.174955368
0.999976218 0.005870352 0.003616421 0.529685140 -0.005904883 0.999936402 0.009612983 -0.841964662 -0.003559760 -0.009634108 0.999947250 26.719610214
0.999981999 0.005225628 0.002995109 0.543589950 -0.005254795 0.999938011 0.009813959 -0.863975167 -0.002943639 -0.009829520 0.999947309 27.253505707
0.999979436 0.005968828 0.002383556 0.554236710 -0.005991906 0.999934018 0.009795181 -0.873710275 -0.002324933 -0.009809262 0.999949157 27.802896500
0.999975801 0.006211374 0.003140948 0.553465307 -0.006241436 0.999933898 0.009653484 -0.881154180 -0.003080779 -0.009672854 0.999948442 28.350830078
0.999975920 0.006080673 0.003363047 0.565830231 -0.006112847 0.999934793 0.009640522 -0.894676387 -0.003304207 -0.009660847 0.999947906 28.886157990
0.999982357 0.005628235 0.001867592 0.585173011 -0.005647264 0.999930501 0.010345085 -0.918179274 -0.001809238 -0.010355448 0.999944746 29.422273636
0.999979138 0.006046958 0.002247497 0.590195060 -0.006069384 0.999930501 0.010108862 -0.924588442 -0.002186212 -0.010122293 0.999946415 29.972743988
0.999976873 0.006368149 0.002376424 0.603055656 -0.006392053 0.999927640 0.010190362 -0.938994408 -0.002311358 -0.010205316 0.999945283 30.514438629
0.999978542 0.006328723 0.001648662 0.611934781 -0.006345698 0.999924660 0.010502083 -0.958052754 -0.001582073 -0.010512320 0.999943495 31.061813354
0.999977589 0.006474473 0.001689947 0.621312380 -0.006492336 0.999920726 0.010787922 -0.967950225 -0.001619968 -0.010798652 0.999940395 31.606939316
0.999982834 0.005636616 0.001617944 0.630885720 -0.005653452 0.999927878 0.010597171 -0.981303811 -0.001558094 -0.010606136 0.999942541 32.146976471
0.999980211 0.006030469 0.001813747 0.636494517 -0.006050028 0.999921501 0.010978953 -0.988040090 -0.001747396 -0.010989709 0.999938130 32.691856384
0.999981463 0.006011147 0.000956572 0.647621572 -0.006021488 0.999919116 0.011202086 -1.008550644 -0.000889158 -0.011207637 0.999936819 33.227931976
0.999981999 0.005937446 0.000809654 0.657954574 -0.005946120 0.999919832 0.011169026 -1.011003613 -0.000743274 -0.011173639 0.999937356 33.794883728
0.999981821 0.005971269 0.000765503 0.662683904 -0.005979875 0.999912739 0.011781497 -1.036078453 -0.000695085 -0.011785861 0.999930322 34.315738678
0.999981225 0.005954734 0.001472016 0.668298721 -0.005971703 0.999912560 0.011805029 -1.042729139 -0.001401591 -0.011813597 0.999929249 34.873863220
0.999979734 0.006298136 0.000956426 0.677636981 -0.006308846 0.999912322 0.011640948 -1.050490618 -0.000883027 -0.011646746 0.999931812 35.419399261
0.999976695 0.006713218 0.001260000 0.682509780 -0.006726863 0.999915123 0.011157184 -1.054727077 -0.001184992 -0.011165399 0.999936998 35.978378296
0.999979675 0.006331007 0.000714074 0.708823442 -0.006338821 0.999913454 0.011528245 -1.073775411 -0.000641027 -0.011532539 0.999933243 36.519565582
0.999980688 0.006137852 0.000984306 0.713755965 -0.006148831 0.999914229 0.011567759 -1.077778578 -0.000913221 -0.011573589 0.999932587 37.069644928
0.999982059 0.005993770 0.000118253 0.731698513 -0.005994746 0.999912620 0.011774746 -1.095509768 -0.000047668 -0.011775243 0.999930620 37.618438721
0.999980867 0.006191640 0.000129168 0.740704060 -0.006192740 0.999909759 0.011922491 -1.103201866 -0.000055336 -0.011923063 0.999928892 38.167896271
0.999979734 0.006346675 0.000469896 0.751069069 -0.006351945 0.999905169 0.012222631 -1.118961573 -0.000392279 -0.012225367 0.999925256 38.705413818
0.999979496 0.006399654 -0.000478664 0.777409196 -0.006393771 0.999914348 0.011420548 -1.119368553 0.000551710 -0.011417252 0.999934673 39.272502899
0.999981165 0.006137593 -0.000231517 0.779353261 -0.006134114 0.999898672 0.012843739 -1.151463270 0.000310323 -0.012842077 0.999917507 39.798309326
0.999976158 0.006897291 0.000483582 0.790998816 -0.006903017 0.999890924 0.013056439 -1.165153980 -0.000393475 -0.013059466 0.999914646 40.331657410
0.999976277 0.006897499 0.000085867 0.798356235 -0.006898033 0.999906301 0.011828209 -1.158943653 -0.000004274 -0.011828521 0.999930024 40.910289764
0.999978185 0.006559697 -0.000773885 0.815205693 -0.006550050 0.999908090 0.011871050 -1.165278912 0.000851684 -0.011865723 0.999929249 41.442626953
0.999982536 0.005760048 -0.001274562 0.835058212 -0.005743829 0.999906898 0.012382423 -1.184474707 0.001345766 -0.012374887 0.999922633 41.975131989
0.999978721 0.006376386 -0.001337201 0.842688262 -0.006359706 0.999906242 0.012127496 -1.182664394 0.001414405 -0.012118734 0.999925613 42.522891998
0.999978781 0.006475547 -0.000742817 0.835341930 -0.006465852 0.999902308 0.012385212 -1.197108746 0.000822946 -0.012380145 0.999923050 43.093868256
0.999980569 0.006241802 -0.000175927 0.842491984 -0.006239248 0.999908864 0.011973257 -1.204063416 0.000250646 -0.011971926 0.999928355 43.645725250
0.999983668 0.005703972 -0.000362437 0.850647032 -0.005699017 0.999906242 0.012451935 -1.216997147 0.000433428 -0.012449667 0.999922454 44.182830811
0.999977767 0.006638638 -0.000463974 0.859155715 -0.006632131 0.999895513 0.012846306 -1.231190920 0.000549207 -0.012842946 0.999917388 44.752807617
0.999977350 0.006707219 0.000227547 0.864407420 -0.006709567 0.999897063 0.012684441 -1.237853050 -0.000142447 -0.012685683 0.999919534 45.306110382
0.999978364 0.006563470 -0.000025964 0.878325164 -0.006562601 0.999896586 0.012791176 -1.245650530 0.000109916 -0.012790729 0.999918222 45.854701996
0.999983251 0.005795830 -0.000100797 0.890633881 -0.005794018 0.999897778 0.013072799 -1.261358738 0.000176554 -0.013071994 0.999914587 46.396156311
0.999980569 0.006239512 0.000118205 0.903603494 -0.006240546 0.999886751 0.013692269 -1.277430058 -0.000032758 -0.013692738 0.999906301 46.944961548
0.999983609 0.005738230 0.000178929 0.905062556 -0.005740034 0.999903738 0.012635396 -1.269604206 -0.000106407 -0.012636214 0.999920189 47.498725891
0.999979973 0.006279898 0.000728433 0.889141321 -0.006289427 0.999883413 0.013913397 -1.306824923 -0.000640973 -0.013917699 0.999902964 48.041465759
0.999978602 0.006508514 0.000612022 0.911705971 -0.006516590 0.999876797 0.014277838 -1.316655159 -0.000519019 -0.014281522 0.999897838 48.589202881
0.999980032 0.006319182 -0.000019676 0.929017901 -0.006318243 0.999876320 0.014402682 -1.330918193 0.000110687 -0.014402268 0.999896288 49.129341125
0.999980807 0.006152629 0.000657373 0.930713177 -0.006161351 0.999880016 0.014211380 -1.336724281 -0.000569857 -0.014215158 0.999898791 49.704154968
0.999979198 0.006335395 0.001226370 0.932923436 -0.006352657 0.999872863 0.014622951 -1.339141130 -0.001133572 -0.014630437 0.999892354 50.252468109
0.999976933 0.006704636 0.001129937 0.938037813 -0.006720199 0.999873936 0.014384315 -1.346202612 -0.001033353 -0.014391577 0.999895871 50.782646179
0.999978900 0.006459657 0.000719235 0.954713523 -0.006469454 0.999872863 0.014574083 -1.364796162 -0.000625000 -0.014578428 0.999893546 51.358150482
0.999974012 0.007153347 0.000963063 0.959676385 -0.007166790 0.999865353 0.014764304 -1.371034265 -0.000857319 -0.014770822 0.999890625 51.899879456
0.999979913 0.006319724 0.000305797 0.980137885 -0.006323435 0.999878764 0.014225407 -1.380785227 -0.000215859 -0.014227055 0.999898791 52.454677582
0.999983966 0.005614170 0.000732538 0.990463436 -0.005623759 0.999888718 0.013820701 -1.382360458 -0.000654864 -0.013824599 0.999904215 52.996925354
0.999981165 0.006089723 0.000772086 0.991044998 -0.006099880 0.999884546 0.013916139 -1.390468359 -0.000687251 -0.013920588 0.999902785 53.564701080
0.999981523 0.005990157 0.001023485 1.005603075 -0.006003260 0.999893188 0.013317334 -1.392585158 -0.000943603 -0.013323232 0.999910831 54.115444183
0.999979079 0.006419251 0.000770783 1.011414289 -0.006429680 0.999875724 0.014392358 -1.413686991 -0.000678300 -0.014397013 0.999896109 54.672824860
0.999978781 0.006422587 0.001116371 1.018319368 -0.006437649 0.999880433 0.014057986 -1.420155883 -0.001025948 -0.014064874 0.999900520 55.229999542
0.999972880 0.007182373 0.001594910 1.020272732 -0.007203805 0.999877870 0.013865387 -1.415809512 -0.001495129 -0.013876501 0.999902606 55.777667999
0.999981403 0.006098805 0.000224731 1.055038095 -0.006101261 0.999892354 0.013343252 -1.421826124 -0.000143329 -0.013344374 0.999910951 56.322116852
0.999979079 0.006375900 0.001164344 1.070116401 -0.006391461 0.999883115 0.013887642 -1.438436270 -0.001075662 -0.013894793 0.999902904 56.852561951
0.999981165 0.006089850 0.000652403 1.092218757 -0.006098100 0.999890387 0.013493225 -1.442157269 -0.000570160 -0.013496951 0.999908745 57.377559662
0.999980092 0.006279019 0.000549513 1.080288172 -0.006285709 0.999893606 0.013164641 -1.443733931 -0.000466795 -0.013167834 0.999913216 57.973388672
0.999984980 0.005481255 0.000085826 1.106348753 -0.005481905 0.999902487 0.012851783 -1.449428439 -0.000015374 -0.012852062 0.999917448 58.510726929
0.999981523 0.006071618 0.000431635 1.108693719 -0.006076625 0.999900401 0.012739487 -1.448795438 -0.000354242 -0.012741874 0.999918759 59.065502167
0.999981701 0.005987434 0.000851443 1.104575276 -0.005997271 0.999909282 0.012061730 -1.450233102 -0.000779147 -0.012066616 0.999926925 59.601322174
0.999977231 0.006732950 0.000483324 1.126041055 -0.006738619 0.999894261 0.012888233 -1.473212242 -0.000396497 -0.012891198 0.999916792 60.153896332
0.999973416 0.007277347 0.000478381 1.138919234 -0.007283235 0.999879003 0.013745327 -1.485038996 -0.000378293 -0.013748446 0.999905407 60.705501556
0.999974728 0.007051625 0.000995358 1.154657960 -0.007064238 0.999886692 0.013295363 -1.491122365 -0.000901491 -0.013302057 0.999911129 61.262928009
0.999977767 0.006664698 0.000207318 1.163222313 -0.006666777 0.999898851 0.012564494 -1.490061045 -0.000123559 -0.012565597 0.999921024 61.785423279
0.999980450 0.006255566 0.000318137 1.172481894 -0.006259043 0.999902964 0.012452276 -1.497255802 -0.000240210 -0.012454025 0.999922335 62.335338593
0.999976099 0.006898344 0.000486387 1.186114669 -0.006904045 0.999893010 0.012897338 -1.511105299 -0.000397364 -0.012900388 0.999916673 62.884891510
0.999975801 0.006954611 0.000278999 1.189260006 -0.006957511 0.999900460 0.012268026 -1.509798527 -0.000193652 -0.012269670 0.999924660 63.451026917
0.999975502 0.006996466 -0.000257410 1.207962036 -0.006992983 0.999907315 0.011676898 -1.514658451 0.000339083 -0.011674813 0.999931812 64.002037048
0.999970138 0.007685326 0.000826247 1.197978258 -0.007694755 0.999897361 0.012089239 -1.530596852 -0.000733253 -0.012095236 0.999926567 64.542961121
0.999970913 0.007608912 0.000438500 1.216585994 -0.007613860 0.999890745 0.012673609 -1.543291807 -0.000342020 -0.012676581 0.999919593 65.091804504
0.999970853 0.007607079 0.000620344 1.227533340 -0.007614067 0.999896884 0.012171252 -1.544443607 -0.000527693 -0.012175620 0.999925733 65.628524780
0.999973178 0.007308748 0.000444326 1.244479299 -0.007313546 0.999901533 0.011975913 -1.550247431 -0.000356754 -0.011978842 0.999928176 66.179496765
0.999976873 0.006788764 0.000278396 1.258221984 -0.006791357 0.999919474 0.010719776 -1.540364504 -0.000205600 -0.010721420 0.999942482 66.754287720
0.999970973 0.007595640 0.000607019 1.259441137 -0.007602391 0.999898791 0.012024322 -1.563524961 -0.000515625 -0.012028587 0.999927521 67.270683289
0.999975741 0.006935649 0.000558412 1.270059109 -0.006941862 0.999903560 0.012022978 -1.569669843 -0.000474971 -0.012026562 0.999927580 67.829071045
0.999972224 0.007433825 0.000623523 1.278726697 -0.007440975 0.999895692 0.012380280 -1.590622663 -0.000531425 -0.012384575 0.999923170 68.361000061
0.999963462 0.008488569 0.000982703 1.286059618 -0.008499004 0.999901712 0.011151467 -1.578567982 -0.000887946 -0.011159412 0.999937356 68.917236328
0.999963820 0.008489558 0.000576064 1.305422425 -0.008495511 0.999900460 0.011268177 -1.583514690 -0.000480344 -0.011272663 0.999936402 69.463554382
0.999968171 0.007965911 0.000182678 1.319322467 -0.007967453 0.999906003 0.011163168 -1.593678713 -0.000093737 -0.011164270 0.999937713 70.011917114
0.999963343 0.008502066 0.001013887 1.317032576 -0.008512933 0.999900579 0.011243352 -1.597349882 -0.000918194 -0.011251572 0.999936223 70.547355652
0.999965429 0.008306118 0.000177860 1.339506626 -0.008307604 0.999900758 0.011384188 -1.610028267 -0.000083284 -0.011385273 0.999935150 71.088668823
0.999961317 0.008754391 0.000862997 1.333734274 -0.008763197 0.999903381 0.010789968 -1.616212845 -0.000768454 -0.010797112 0.999941409 71.627433777
0.999959409 0.008942913 0.001087252 1.339799285 -0.008954811 0.999894023 0.011480102 -1.630767941 -0.000984471 -0.011489373 0.999933481 72.182220459
0.999960601 0.008857662 0.000585417 1.353138089 -0.008863779 0.999895334 0.011437139 -1.643120408 -0.000484049 -0.011441877 0.999934375 72.729911804
0.999963343 0.008523294 0.000794736 1.356611490 -0.008531691 0.999900460 0.011238103 -1.648452997 -0.000698871 -0.011244472 0.999936461 73.291702271
0.999963224 0.008534927 0.000813804 1.365777254 -0.008543836 0.999895573 0.011655874 -1.661823273 -0.000714237 -0.011662399 0.999931693 73.814834595
0.999960601 0.008846567 0.000909745 1.382967949 -0.008856239 0.999897599 0.011240963 -1.663417816 -0.000810208 -0.011248576 0.999936402 74.340843201
0.999967098 0.008120750 0.000257669 1.402001619 -0.008123092 0.999906600 0.010990517 -1.666954041 -0.000168393 -0.010992247 0.999939561 74.887863159
0.999968469 0.007926702 0.000656574 1.402179956 -0.007933578 0.999905407 0.011230072 -1.675525784 -0.000567495 -0.011234925 0.999936759 75.432212830
0.999969542 0.007800341 0.000178202 1.431738377 -0.007801876 0.999903262 0.011507736 -1.695158720 -0.000088421 -0.011508775 0.999933779 75.971229553
0.999965668 0.008285289 0.000267777 1.438757181 -0.008287779 0.999902189 0.011262071 -1.700564146 -0.000174441 -0.011263904 0.999936521 76.521942139
0.999968052 0.007967615 0.000631049 1.448294282 -0.007974294 0.999903202 0.011402280 -1.710926056 -0.000540139 -0.011406950 0.999934733 77.066024780
0.999963880 0.008497742 0.000168402 1.463313222 -0.008499097 0.999900937 0.011218039 -1.716760397 -0.000073058 -0.011219066 0.999936998 77.612258911
0.999975264 0.007026018 0.000467828 1.476237535 -0.007031012 0.999906778 0.011701146 -1.737598777 -0.000385572 -0.011704145 0.999931455 78.133842468
0.999965370 0.008307939 0.000499882 1.479998231 -0.008312963 0.999904215 0.011064651 -1.734242678 -0.000407909 -0.011068423 0.999938667 78.693603516
0.999966800 0.008143461 -0.000230174 1.503734708 -0.008140478 0.999907732 0.010873407 -1.741105676 0.000318700 -0.010871172 0.999940872 79.240226746
0.999963582 0.008469442 0.001058395 1.498945236 -0.008479930 0.999910712 0.010332643 -1.743869781 -0.000970789 -0.010341242 0.999946058 79.779197693
0.999962986 0.008583343 0.000429925 1.522163749 -0.008587392 0.999907792 0.010521261 -1.755373716 -0.000339578 -0.010524564 0.999944568 80.346649170
0.999973118 0.007218394 0.001312078 1.538501382 -0.007231794 0.999918580 0.010512156 -1.767627716 -0.001236090 -0.010521362 0.999943912 80.894790649
0.999961436 0.008502406 0.002191639 1.551111698 -0.008525654 0.999905050 0.010825815 -1.775484562 -0.002099385 -0.010844083 0.999939024 81.430824280
0.999952674 0.008796589 0.004152084 1.555299640 -0.008840441 0.999904037 0.010663638 -1.783730268 -0.004057881 -0.010699838 0.999934554 81.984031677
0.999953985 0.007948680 0.005364966 1.570119143 -0.008005803 0.999910593 0.010711313 -1.787643671 -0.005279345 -0.010753771 0.999928236 82.517272949
0.999932051 0.008104051 0.008390347 1.590364218 -0.008193897 0.999908864 0.010729884 -1.799489021 -0.008302625 -0.010797903 0.999907196 83.067939758
0.999896765 0.007968234 0.011954465 1.611853838 -0.008091293 0.999914408 0.010281205 -1.804161072 -0.011871519 -0.010376872 0.999875665 83.607398987
0.999853313 0.008001694 0.015138963 1.634233475 -0.008158495 0.999913394 0.010324238 -1.815121889 -0.015055041 -0.010446236 0.999832094 84.157661438
0.999772549 0.007766616 0.019858679 1.658232927 -0.007974468 0.999914050 0.010408952 -1.828958750 -0.019776128 -0.010564948 0.999748588 84.714630127
0.999636948 0.007668371 0.025825132 1.688445807 -0.007942508 0.999913096 0.010529355 -1.838208437 -0.025742143 -0.010730650 0.999610960 85.261184692
0.999497890 0.006962448 0.030911110 1.734076738 -0.007319750 0.999907494 0.011460962 -1.856919527 -0.030828455 -0.011681468 0.999456406 85.789611816
0.999292791 0.007408243 0.036864515 1.761518240 -0.007792787 0.999916553 0.010298529 -1.856497526 -0.036785148 -0.010578522 0.999267220 86.376480103
0.998916149 0.008884989 0.045689717 1.789979219 -0.009380102 0.999899447 0.010633430 -1.865987897 -0.045590650 -0.011050479 0.998899102 86.937728882
0.998536766 0.007653146 0.053532735 1.840903997 -0.008210916 0.999914229 0.010207092 -1.880049467 -0.053450018 -0.010631710 0.998513937 87.469169617
0.998148501 0.007420799 0.060369611 1.899067879 -0.008036085 0.999918163 0.009955560 -1.885289907 -0.060290795 -0.010422262 0.998126388 88.044006348
0.997599423 0.007550236 0.068835236 1.964471340 -0.008276288 0.999912977 0.010268607 -1.898455620 -0.068751708 -0.010813657 0.997575164 88.577957153
0.996828079 0.007807468 0.079202011 2.029944420 -0.008665483 0.999907434 0.010495344 -1.915112734 -0.079112723 -0.011148377 0.996803284 89.097442627
0.996120572 0.007453930 0.087682605 2.092535019 -0.008311381 0.999921083 0.009418013 -1.913772106 -0.087605476 -0.010110240 0.996103883 89.669662476
0.995383739 0.007759231 0.095660448 2.161970615 -0.008752111 0.999912083 0.009964014 -1.929192305 -0.095574707 -0.010755248 0.995364189 90.228584290
0.994335711 0.007090323 0.106049180 2.242678165 -0.008161316 0.999919951 0.009668446 -1.931953430 -0.105972148 -0.010479181 0.994313896 90.791091919
0.993115842 0.007425644 0.116901428 2.316699028 -0.008630655 0.999914646 0.009805086 -1.940762281 -0.116818652 -0.010746521 0.993095160 91.336311340
0.992013097 0.006830124 0.125950158 2.408893585 -0.008054002 0.999925137 0.009210503 -1.936270475 -0.125877813 -0.010151342 0.991993845 91.894218445
0.990591228 0.006365165 0.136705875 2.509787560 -0.007739640 0.999924660 0.009525077 -1.962563515 -0.136634976 -0.010493512 0.990565896 92.433135986
0.988918781 0.005873345 0.148341492 2.616961479 -0.007312184 0.999931335 0.009155992 -1.971631885 -0.148277521 -0.010139233 0.988893867 92.968658447
0.987192094 0.005488570 0.159441948 2.720170021 -0.007052299 0.999932349 0.009243324 -1.983108759 -0.159380451 -0.010249368 0.987164080 93.529632568
0.985442102 0.005665056 0.169916436 2.828774452 -0.007374648 0.999928296 0.009431924 -1.994975090 -0.169850826 -0.010547691 0.985413253 94.057365417
0.983246684 0.004694776 0.182219148 2.955651283 -0.006458261 0.999937952 0.009085647 -1.999451518 -0.182165205 -0.010110253 0.983215928 94.589591980
0.980810225 0.005014172 0.194900215 3.080081940 -0.006958677 0.999932587 0.009293512 -2.017238140 -0.194840506 -0.010471418 0.980779052 95.124259949
0.978633523 0.005064382 0.205549613 3.205810547 -0.007097693 0.999932885 0.009155939 -2.022162199 -0.205489427 -0.010419237 0.978603840 95.675727844
0.975855112 0.005194282 0.218357116 3.351900101 -0.007395059 0.999929786 0.009262761 -2.034874678 -0.218293652 -0.010653876 0.975824952 96.212699890
0.972812235 0.004664995 0.231548071 3.504392624 -0.007091196 0.999928355 0.009646990 -2.045580626 -0.231486455 -0.011026664 0.972775578 96.735923767
0.970091045 0.004146817 0.242705837 3.649318695 -0.006581856 0.999935806 0.009222891 -2.053527355 -0.242651969 -0.010544498 0.970056057 97.250244141
0.966887653 0.004623348 0.255160242 3.814920425 -0.007103666 0.999935985 0.008799938 -2.051433325 -0.255103230 -0.010321124 0.966858745 97.842575073
0.963146031 0.004211062 0.268946111 3.988626480 -0.006945855 0.999933422 0.009217797 -2.070511341 -0.268889397 -0.010746144 0.963111162 98.370727539
0.959559202 0.004834522 0.281465143 4.153598785 -0.007597372 0.999933004 0.008725527 -2.071862698 -0.281404138 -0.010511054 0.959531844 98.890090942
0.956382394 0.003414851 0.292097777 4.341331482 -0.006336359 0.999938846 0.009056346 -2.095853806 -0.292049050 -0.010512164 0.956345618 99.404457092
0.951683462 0.003605014 0.307059377 4.508411407 -0.006771130 0.999934316 0.009246412 -2.112131119 -0.307005793 -0.010878797 0.951645434 99.997222900
0.947248816 0.003193461 0.320483327 4.708814621 -0.006460965 0.999937415 0.009132703 -2.123612881 -0.320434153 -0.010721572 0.947210073 100.503303528
0.943295479 0.002323785 0.331946135 4.909212112 -0.005757565 0.999939501 0.009361276 -2.129744053 -0.331904382 -0.010741649 0.943251908 101.008636475
0.938807249 0.002170054 0.344435930 5.116050720 -0.005416572 0.999949515 0.008463616 -2.139296055 -0.344400227 -0.009811366 0.938771665 101.510513306
0.933516622 0.001782539 0.358529776 5.352931976 -0.004839248 0.999959290 0.007628520 -2.137952089 -0.358501583 -0.008856366 0.933486998 102.038604736
0.928614378 0.001903898 0.371041358 5.566226959 -0.005544417 0.999946415 0.008745195 -2.165210724 -0.371004820 -0.010178122 0.928575158 102.559555054
0.924055994 0.001044016 0.382255673 5.805192947 -0.004551196 0.999955535 0.008270881 -2.172078609 -0.382229984 -0.009382477 0.924019635 103.062820435
0.918090880 0.000839818 0.396369100 6.033473969 -0.004477591 0.999955952 0.008252546 -2.179731846 -0.396344751 -0.009351365 0.918054163 103.537826538
0.912412405 0.000354502 0.409272075 6.287456512 -0.004007374 0.999959409 0.008067713 -2.191214561 -0.409252614 -0.009001187 0.912376702 104.038749695
0.907380402 -0.000368622 0.420310169 6.550247192 -0.003158509 0.999965429 0.007695693 -2.197468996 -0.420298487 -0.008310474 0.907347739 104.526062012
0.901256680 -0.000839216 0.433284730 6.814544678 -0.003184102 0.999958217 0.008559899 -2.235594273 -0.433273882 -0.009094290 0.901216328 105.009330750
0.893657386 -0.001676260 0.448746800 7.062683105 -0.001750049 0.999972403 0.007220458 -2.188549042 -0.448746592 -0.007237945 0.893629730 105.606140137
0.887832105 -0.001626140 0.460164756 7.342800140 -0.002216133 0.999967039 0.007809465 -2.206911802 -0.460162282 -0.007953280 0.887799144 106.090065002
0.881871343 -0.002122167 0.471485347 7.611434937 -0.001489641 0.999972343 0.007287140 -2.210453749 -0.471487790 -0.007128663 0.881843686 106.583930969
0.874605894 -0.003323127 0.484823227 7.889163971 -0.000459079 0.999970376 0.007682267 -2.228755236 -0.484834403 -0.006941529 0.874578357 107.010795593
0.867128730 -0.002397452 0.498078316 8.189891815 -0.001636286 0.999969244 0.007661946 -2.236621380 -0.498081356 -0.007458892 0.867098212 107.512252808
