1.000000000 0.000000000 0.000000000 0.000000000 0.000000000 1.000000000 0.000000000 0.000000000 0.000000000 0.000000000 1.000000000 0.000000000
1.000000000 0.000022688 -0.000021277 0.000444024 -0.000022689 1.000000000 -0.000038032 0.000772561 0.000021276 0.000038033 1.000000000 0.000389112
1.000000000 0.000027604 0.000033132 -0.000056429 -0.000027606 1.000000000 0.000036469 0.000067035 -0.000033131 -0.000036470 1.000000000 0.000086181
1.000000000 -0.000128981 0.000060229 -0.000078600 0.000128983 1.000000000 -0.000024216 0.000755872 -0.000060225 0.000024224 1.000000000 0.000120176
1.000000000 -0.000119241 0.000031690 -0.000100622 0.000119241 1.000000000 0.000020638 -0.000085886 -0.000031692 -0.000020634 1.000000000 -0.000564971
1.000000000 0.000034554 0.000116231 -0.000464094 -0.000034551 1.000000000 -0.000025597 0.000819443 -0.000116232 0.000025593 1.000000000 0.000058091
1.000000000 -0.000078465 0.000071508 0.000141235 0.000078465 1.000000000 -0.000003861 0.000492411 -0.000071508 0.000003867 1.000000000 0.000225798
1.000000000 -0.000007571 0.000066906 -0.000508082 0.000007565 1.000000000 0.000096611 -0.000121839 -0.000066906 -0.000096610 1.000000000 -0.000086701
1.000000000 -0.000034910 -0.000001728 -0.000721971 0.000034910 1.000000000 -0.000083429 -0.000086004 0.000001731 0.000083429 1.000000000 -0.001089643
1.000000000 -0.000046214 0.000080987 -0.000088755 0.000046211 1.000000000 0.000040928 -0.000724893 -0.000080989 -0.000040925 1.000000000 -0.000410949
1.000000000 0.000071976 0.000053047 -0.000833971 -0.000071979 1.000000000 0.000056717 -0.000900483 -0.000053043 -0.000056721 1.000000000 -0.000636155
1.000000000 -0.000030293 0.000077563 -0.001071043 0.000030290 1.000000000 0.000039097 -0.000369944 -0.000077564 -0.000039095 1.000000000 -0.000962576
1.000000000 0.000052312 0.000033670 -0.000812483 -0.000052309 1.000000000 -0.000075657 -0.000338567 -0.000033674 0.000075655 1.000000000 -0.001540422
1.000000000 0.000042949 0.000069554 -0.000992765 -0.000042947 1.000000000 -0.000028479 0.000497356 -0.000069556 0.000028476 1.000000000 0.000294792
1.000000000 0.000034794 0.000051751 -0.001030849 -0.000034787 1.000000000 -0.000121851 0.001341057 -0.000051755 0.000121849 1.000000000 0.000970299
1.000000000 0.000001812 -0.000034058 0.000324737 -0.000001815 1.000000000 -0.000082401 0.001313014 0.000034058 0.000082401 1.000000000 0.001323558
1.000000000 0.000104058 0.000112234 -0.001057137 -0.000104040 1.000000000 -0.000159359 0.002323074 -0.000112251 0.000159347 1.000000000 0.002542192
1.000000000 0.000186857 0.000087174 -0.001378723 -0.000186842 0.999999940 -0.000171852 0.001900946 -0.000087206 0.000171836 1.000000000 0.001580084
0.999999940 0.000225843 0.000165095 -0.001601593 -0.000225825 0.999999940 -0.000110676 0.002151468 -0.000165120 0.000110638 1.000000000 0.002430858
1.000000000 0.000123258 0.000163187 -0.001522036 -0.000123241 1.000000000 -0.000102791 0.001034541 -0.000163200 0.000102771 1.000000000 0.001267669
1.000000000 0.000054772 0.000082476 -0.001160696 -0.000054769 1.000000000 -0.000032420 0.000335375 -0.000082477 0.000032415 1.000000000 0.000641441
1.000000000 0.000160796 0.000060318 -0.000847191 -0.000160794 1.000000000 -0.000022684 0.001294241 -0.000060322 0.000022674 1.000000000 0.000824631
1.000000000 0.000108604 0.000014186 -0.000633471 -0.000108603 1.000000000 -0.000082202 0.001366889 -0.000014195 0.000082200 1.000000000 0.002165961
1.000000000 0.000099608 0.000082923 -0.001195091 -0.000099602 1.000000000 -0.000065402 0.001655170 -0.000082930 0.000065393 1.000000000 0.002472555
0.999999940 0.000328391 0.000034973 -0.001074411 -0.000328389 0.999999940 -0.000060653 0.002323499 -0.000034993 0.000060642 1.000000000 0.003684848
0.999999940 0.000238259 0.000106142 -0.001519069 -0.000238252 0.999999940 -0.000065250 0.002204148 -0.000106157 0.000065225 1.000000000 0.001894733
1.000000000 0.000053912 0.000108788 -0.000525719 -0.000053905 1.000000000 -0.000065694 0.002416769 -0.000108792 0.000065688 1.000000000 0.002993316
1.000000000 0.000116146 0.000181537 -0.001776460 -0.000116140 1.000000000 -0.000030873 0.001527512 -0.000181540 0.000030852 1.000000000 0.002315409
1.000000000 0.000123887 0.000069083 -0.001247220 -0.000123883 1.000000000 -0.000067646 0.002285650 -0.000069091 0.000067638 1.000000000 0.002291991
1.000000000 0.000024487 0.000085378 -0.001517982 -0.000024481 1.000000000 -0.000072136 0.001068306 -0.000085380 0.000072134 1.000000000 0.001651770
1.000000000 0.000129309 0.000199125 -0.001887004 -0.000129308 1.000000000 -0.000008259 0.000969913 -0.000199126 0.000008233 1.000000000 0.001918723
1.000000000 0.000119569 0.000193219 -0.001377600 -0.000119555 1.000000000 -0.000073191 0.002194269 -0.000193228 0.000073168 1.000000000 0.003804521
1.000000000 0.000206756 0.000098584 -0.000893235 -0.000206735 0.999999940 -0.000211718 0.003331117 -0.000098627 0.000211698 1.000000000 0.003801476
1.000000000 0.000109325 0.000132463 -0.000903191 -0.000109311 1.000000000 -0.000105899 0.001699559 -0.000132475 0.000105885 1.000000000 0.001871151
0.999999940 0.000230347 0.000187080 -0.002570986 -0.000230316 0.999999940 -0.000163842 0.002159417 -0.000187117 0.000163799 0.999999940 0.002558793
1.000000000 0.000148644 0.000187580 -0.001782828 -0.000148625 1.000000000 -0.000102813 0.001077514 -0.000187595 0.000102785 1.000000000 0.001466067
1.000000000 0.000108834 0.000044214 -0.002058661 -0.000108835 1.000000000 0.000015851 0.000477982 -0.000044212 -0.000015856 1.000000000 0.000261903
1.000000000 0.000137112 0.000088208 -0.001566651 -0.000137108 1.000000000 -0.000038072 0.001875362 -0.000088213 0.000038060 1.000000000 0.002366517
0.999999940 0.000208081 0.000188878 -0.001996294 -0.000208067 1.000000000 -0.000075509 0.001900748 -0.000188894 0.000075469 1.000000000 0.001811075
0.999999940 0.000216255 0.000124132 -0.000914464 -0.000216243 1.000000000 -0.000097089 0.003009425 -0.000124153 0.000097062 1.000000000 0.003261808
1.000000000 0.000005373 0.000062500 0.000288295 -0.000005367 1.000000000 -0.000096312 0.000886029 -0.000062500 0.000096312 1.000000000 0.002577332
0.999999821 0.000509467 0.000026149 0.000409587 -0.000509453 0.999999702 -0.000524137 -0.002525463 -0.000026416 0.000524123 0.999999881 0.052531850
0.999999881 0.000446313 0.000071681 0.001783886 -0.000446230 0.999999225 -0.001154698 -0.003236313 -0.000072197 0.001154665 0.999999404 0.142157525
0.999999344 0.001096146 0.000188295 0.000081109 -0.001095929 0.999998748 -0.001147034 -0.012558282 -0.000189552 0.001146827 0.999999344 0.253081530
0.999999344 0.001149394 0.000244458 0.002670736 -0.001149115 0.999998689 -0.001137069 -0.014777884 -0.000245765 0.001136787 0.999999344 0.386005968
0.999999285 0.001161683 0.000283329 0.004862472 -0.001161434 0.999998927 -0.000877683 -0.017773459 -0.000284349 0.000877353 0.999999583 0.529204309
0.999999583 0.000878453 0.000305313 0.008504167 -0.000878230 0.999999344 -0.000731704 -0.022921743 -0.000305955 0.000731436 0.999999702 0.680144668
0.999999523 0.000909196 0.000409734 0.014557017 -0.000908865 0.999999285 -0.000806033 -0.025404921 -0.000410466 0.000805660 0.999999583 0.840765655
0.999999344 0.001073335 0.000324188 0.016479624 -0.001073126 0.999999166 -0.000644097 -0.030250560 -0.000324879 0.000643748 0.999999762 1.009035826
0.999999702 0.000767537 0.000240169 0.022072941 -0.000767370 0.999999404 -0.000697181 -0.033936117 -0.000240704 0.000696996 0.999999762 1.182976484
0.999999583 0.000909300 0.000124970 0.025693407 -0.000909281 0.999999523 -0.000153615 -0.042190429 -0.000125109 0.000153502 1.000000000 1.368072510
0.999999523 0.000959973 0.000118755 0.030891258 -0.000959972 0.999999523 -0.000008081 -0.048974328 -0.000118763 0.000007967 1.000000000 1.561431050
0.999999642 0.000722945 0.000211867 0.032962389 -0.000722956 0.999999702 0.000052544 -0.055696785 -0.000211829 -0.000052698 1.000000000 1.755858898
0.999999583 0.000899377 0.000235298 0.036313988 -0.000899459 0.999999523 0.000347825 -0.060759995 -0.000234985 -0.000348037 0.999999940 1.956561923
1.000000000 0.000149404 0.000158165 0.042379282 -0.000149488 0.999999762 0.000526204 -0.071964316 -0.000158086 -0.000526228 0.999999762 2.163157940
0.999999642 0.000652018 0.000341578 0.046157781 -0.000652184 0.999999583 0.000485598 -0.074627288 -0.000341261 -0.000485821 0.999999821 2.382018328
0.999999464 0.000946901 0.000246207 0.050570425 -0.000946969 0.999999523 0.000275955 -0.078174122 -0.000245945 -0.000276188 0.999999881 2.608877182
0.999999881 0.000278373 0.000363418 0.055718489 -0.000278580 0.999999762 0.000571934 -0.086010858 -0.000363259 -0.000572035 0.999999762 2.827642441
0.999999821 0.000500950 0.000343874 0.059301391 -0.000501242 0.999999523 0.000850649 -0.094154909 -0.000343448 -0.000850821 0.999999523 3.063598871
0.999999702 0.000530565 0.000439928 0.062178954 -0.000530897 0.999999583 0.000754124 -0.101355962 -0.000439528 -0.000754358 0.999999642 3.295862913
0.999999821 0.000266366 0.000508249 0.065490983 -0.000266775 0.999999642 0.000805341 -0.110572040 -0.000508034 -0.000805476 0.999999464 3.540480614
0.999999404 0.000941589 0.000569003 0.071751080 -0.000942042 0.999999166 0.000796593 -0.114561893 -0.000568252 -0.000797128 0.999999464 3.795137882
0.999999285 0.000970501 0.000666628 0.075160637 -0.000971101 0.999999046 0.000899154 -0.119598530 -0.000665755 -0.000899801 0.999999344 4.050953865
0.999999106 0.001074120 0.000781696 0.080309227 -0.001074767 0.999999106 0.000827278 -0.124080352 -0.000780807 -0.000828117 0.999999285 4.310947418
0.999998689 0.001120474 0.001119106 0.082124859 -0.001121941 0.999998510 0.001310892 -0.134971306 -0.001117635 -0.001312146 0.999998510 4.566288948
0.999998629 0.001387313 0.000899153 0.091325454 -0.001387921 0.999998808 0.000675363 -0.138357013 -0.000898215 -0.000676610 0.999999285 4.806810856
0.999997914 0.001643501 0.001176674 0.094870940 -0.001644658 0.999998093 0.000983102 -0.145488828 -0.001175056 -0.000985035 0.999998808 5.054534435
0.999998450 0.001407235 0.001031731 0.099788725 -0.001407922 0.999998808 0.000665680 -0.151981696 -0.001030793 -0.000667132 0.999999225 5.316257477
0.999998271 0.001480077 0.001123639 0.104485355 -0.001480811 0.999998689 0.000652543 -0.160260901 -0.001122672 -0.000654206 0.999999166 5.582922459
0.999998391 0.001416343 0.001032882 0.108810373 -0.001417057 0.999998748 0.000690963 -0.166151717 -0.001031902 -0.000692426 0.999999225 5.847533703
0.999998629 0.001224029 0.001126138 0.114831358 -0.001224709 0.999999106 0.000603402 -0.176602885 -0.001125398 -0.000604781 0.999999166 6.121867657
0.999998331 0.001156573 0.001431085 0.124318689 -0.001157912 0.999998808 0.000934863 -0.180958495 -0.001430002 -0.000936518 0.999998510 6.414603233
0.999998093 0.001380918 0.001387671 0.126964539 -0.001382275 0.999998569 0.000977636 -0.190381408 -0.001386318 -0.000979552 0.999998569 6.696182251
0.999998868 0.001176388 0.001031455 0.136147246 -0.001177152 0.999999046 0.000739739 -0.197700039 -0.001030584 -0.000740952 0.999999106 6.990230560
0.999998450 0.001301030 0.001176700 0.139952943 -0.001302179 0.999998689 0.000976150 -0.208285853 -0.001175429 -0.000977680 0.999998808 7.290928364
0.999998391 0.001193988 0.001354870 0.143612221 -0.001195342 0.999998748 0.000999482 -0.221171245 -0.001353675 -0.001001100 0.999998510 7.592239857
0.999997497 0.001508481 0.001680415 0.145383701 -0.001510276 0.999998331 0.001067156 -0.227400765 -0.001678803 -0.001069691 0.999997973 7.906059265
0.999997437 0.001637842 0.001582020 0.154829472 -0.001639590 0.999998033 0.001104654 -0.237501785 -0.001580208 -0.001107245 0.999998152 8.211949348
0.999997914 0.001429735 0.001498649 0.163907513 -0.001431325 0.999998450 0.001060410 -0.246137381 -0.001497131 -0.001062553 0.999998331 8.528154373
0.999998152 0.001428124 0.001285940 0.176108196 -0.001428985 0.999998748 0.000669509 -0.252450496 -0.001284982 -0.000671345 0.999998927 8.872996330
0.999997497 0.001827522 0.001226139 0.183398023 -0.001828625 0.999997795 0.000898555 -0.265035033 -0.001224495 -0.000900795 0.999998808 9.204438210
0.999998152 0.001556593 0.001146322 0.190362900 -0.001557835 0.999998212 0.001083115 -0.279344916 -0.001144634 -0.001084899 0.999998748 9.542195320
0.999997497 0.001650266 0.001503664 0.191423833 -0.001651809 0.999998033 0.001025385 -0.284249872 -0.001501969 -0.001027866 0.999998271 9.892235756
0.999997616 0.001899089 0.001094535 0.202512950 -0.001900743 0.999997199 0.001512205 -0.301170230 -0.001091660 -0.001514282 0.999998271 10.243144989
0.999998093 0.001648080 0.001072544 0.212304175 -0.001649507 0.999997735 0.001331470 -0.308886677 -0.001070347 -0.001333237 0.999998510 10.594259262
0.999998450 0.001513746 0.000900928 0.222449020 -0.001515108 0.999997735 0.001512778 -0.318418682 -0.000898636 -0.001514140 0.999998450 10.976358414
0.999997497 0.001756501 0.001326638 0.228845000 -0.001758739 0.999997139 0.001687829 -0.334988266 -0.001323669 -0.001690158 0.999997675 11.336352348
0.999997199 0.001995656 0.001208380 0.236350581 -0.001997903 0.999996185 0.001860607 -0.342466921 -0.001204662 -0.001863016 0.999997556 11.707569122
0.999996424 0.002251075 0.001404187 0.246410400 -0.002253311 0.999996185 0.001592162 -0.350730091 -0.001400598 -0.001595320 0.999997675 12.110401154
0.999997497 0.001784393 0.001365838 0.260673255 -0.001786833 0.999996781 0.001786896 -0.365632504 -0.001362646 -0.001789332 0.999997437 12.498458862
0.999996722 0.001982203 0.001610060 0.258141041 -0.001985044 0.999996424 0.001764841 -0.373487413 -0.001606556 -0.001768031 0.999997139 12.904831886
0.999996185 0.002048348 0.001863677 0.267299742 -0.002051884 0.999996066 0.001897567 -0.387508512 -0.001859783 -0.001901384 0.999996483 13.296763420
0.999994636 0.002762028 0.001745777 0.275150567 -0.002765266 0.999994457 0.001854538 -0.395254672 -0.001740645 -0.001859355 0.999996781 13.699619293
0.999993682 0.002707097 0.002268902 0.282152593 -0.002711079 0.999994814 0.001754517 -0.405152738 -0.002264141 -0.001760657 0.999995828 14.102964401
0.999991715 0.003113831 0.002643618 0.286859572 -0.003118312 0.999993742 0.001692525 -0.420438111 -0.002638331 -0.001700755 0.999995053 14.512404442
0.999996483 0.001553395 0.002122877 0.313497901 -0.001556833 0.999997497 0.001618531 -0.426768214 -0.002120357 -0.001621830 0.999996364 14.962847710
0.999994874 0.002198449 0.002332905 0.314885765 -0.002202747 0.999995887 0.001841683 -0.437792003 -0.002328846 -0.001846812 0.999995589 15.412879944
0.999994874 0.001607075 0.002767305 0.326724172 -0.001612742 0.999996841 0.002047046 -0.455013782 -0.002764006 -0.002051499 0.999994040 15.852312088
0.999990404 0.002514299 0.003576625 0.328613997 -0.002520700 0.999995232 0.001786622 -0.464324772 -0.003572116 -0.001795620 0.999992013 16.281387329
0.999990046 0.002379783 0.003787835 0.338160962 -0.002385071 0.999996245 0.001392086 -0.476510346 -0.003784508 -0.001401107 0.999991834 16.726295471
0.999988496 0.002307177 0.004199205 0.342003703 -0.002315742 0.999995232 0.002035969 -0.492588639 -0.004194488 -0.002045670 0.999989092 17.208551407
0.999987006 0.002245965 0.004578356 0.346881360 -0.002255749 0.999995172 0.002133070 -0.504014671 -0.004573543 -0.002143370 0.999987245 17.677177429
0.999986291 0.002142405 0.004773574 0.363265276 -0.002151555 0.999995887 0.001912621 -0.515565336 -0.004769457 -0.001922865 0.999986827 18.141071320
0.999986708 0.001712650 0.004867771 0.368894041 -0.001721379 0.999996841 0.001789604 -0.523589253 -0.004864691 -0.001797960 0.999986470 18.633346558
0.999987662 0.001313141 0.004782632 0.385998160 -0.001319595 0.999998212 0.001346623 -0.538515389 -0.004780854 -0.001352917 0.999987662 19.108150482
0.999986053 0.002180031 0.004810827 0.396541238 -0.002185937 0.999996841 0.001222728 -0.547854125 -0.004808148 -0.001233228 0.999987602 19.593320847
0.999986708 0.001428570 0.004954681 0.403076172 -0.001438155 0.999997079 0.001931511 -0.565871596 -0.004951907 -0.001938611 0.999985814 20.090496063
0.999982357 0.002426864 0.005422225 0.411255360 -0.002436155 0.999995589 0.001707697 -0.586523294 -0.005418057 -0.001720876 0.999983847 20.554504395
0.999990761 0.001940469 0.003838621 0.436692148 -0.001946479 0.999996781 0.001562164 -0.584114194 -0.003835577 -0.001569621 0.999991477 21.086988449
0.999990225 0.001900613 0.003984562 0.439079493 -0.001906205 0.999997199 0.001400083 -0.608366489 -0.003981890 -0.001407665 0.999991059 21.543975830
0.999991953 0.002106986 0.003405536 0.448129565 -0.002108994 0.999997616 0.000586125 -0.613808990 -0.003404292 -0.000593302 0.999993980 22.049942017
0.999993265 0.002036052 0.003048834 0.458493412 -0.002039793 0.999997199 0.001224559 -0.630695820 -0.003046332 -0.001230770 0.999994516 22.553041458
0.999993861 0.002347537 0.002610585 0.463349909 -0.002350757 0.999996483 0.001231210 -0.651599467 -0.002607686 -0.001237340 0.999995828 23.055629730
0.999996245 0.002221398 0.001678830 0.477283716 -0.002223458 0.999996781 0.001226275 -0.662727416 -0.001676100 -0.001230003 0.999997854 23.573171616
0.999999046 0.000855917 0.001104610 0.477629334 -0.000857003 0.999999166 0.000983233 -0.685804844 -0.001103768 -0.000984179 0.999998868 24.091602325
0.999997437 0.002080922 0.000833978 0.488103628 -0.002081848 0.999997199 0.001112072 -0.694876432 -0.000831661 -0.001113806 0.999999046 24.616033554
0.999996722 0.002531924 0.000384422 0.492427707 -0.002532618 0.999995172 0.001815334 -0.724929631 -0.000379824 -0.001816302 0.999998271 25.146589279
0.999997795 0.002086099 -0.000195139 0.500436544 -0.002085664 0.999995351 0.002204170 -0.751219690 0.000199736 -0.002203758 0.999997556 25.662887573
0.999996424 0.002611168 -0.000517594 0.509929299 -0.002610414 0.999995530 0.001452608 -0.760455728 0.000521385 -0.001451252 0.999998748 26.215911865
0.999997914 0.001321080 -0.001523318 0.527407110 -0.001318414 0.999997556 0.001749419 -0.763681114 0.001525626 -0.001747407 0.999997318 26.786052704
0.999997616 0.000584887 -0.002107886 0.535084963 -0.000581048 0.999998093 0.001821060 -0.803614020 0.002108946 -0.001819830 0.999996066 27.331056595
0.999996960 0.001865739 -0.001626577 0.534835935 -0.001862439 0.999996185 0.002028260 -0.817684293 0.001630354 -0.002025225 0.999996603 27.884359360
0.999993682 0.003022664 -0.001873221 0.537041605 -0.003019069 0.999993622 0.001919245 -0.823903263 0.001879010 -0.001913578 0.999996424 28.433496475
0.999993324 0.002791301 -0.002320612 0.557812452 -0.002785266 0.999992669 0.002600154 -0.847978055 0.002327853 -0.002593673 0.999993920 28.971666336
0.999992728 0.002714680 -0.002657217 0.559899092 -0.002708792 0.999993861 0.002216835 -0.854526579 0.002663218 -0.002209621 0.999993980 29.512065887
0.999992967 0.002283554 -0.002979728 0.561710954 -0.002275666 0.999993920 0.002647606 -0.866506159 0.002985755 -0.002640807 0.999992073 30.074150085
0.999991775 0.002226662 -0.003373358 0.581645966 -0.002218095 0.999994338 0.002540930 -0.887123168 0.003378997 -0.002533427 0.999991059 30.617555618
0.999991357 0.002660981 -0.003201823 0.581788421 -0.002653053 0.999993384 0.002477531 -0.895240188 0.003208394 -0.002469015 0.999991775 31.171255112
0.999987364 0.002908825 -0.004096818 0.589102566 -0.002900768 0.999993861 0.001971252 -0.901428223 0.004102528 -0.001959343 0.999989688 31.725524902
0.999989212 0.001448889 -0.004418013 0.613369405 -0.001441303 0.999997497 0.001719810 -0.911059260 0.004420493 -0.001713424 0.999988735 32.286975861
0.999987066 0.002663718 -0.004329482 0.608679891 -0.002656373 0.999995053 0.001701377 -0.925835550 0.004333993 -0.001689854 0.999989152 32.827026367
0.999986231 0.001590204 -0.004996054 0.618540704 -0.001581203 0.999997139 0.001805114 -0.948577404 0.004998910 -0.001797190 0.999985874 33.352970123
0.999987125 0.001581730 -0.004822939 0.621019006 -0.001570396 0.999996006 0.002352846 -0.967253804 0.004826640 -0.002345242 0.999985576 33.908462524
0.999984801 0.002575890 -0.004871348 0.624431729 -0.002566589 0.999994874 0.001914569 -0.974961936 0.004876255 -0.001902037 0.999986231 34.440753937
0.999982357 0.003359684 -0.004894388 0.628677011 -0.003351672 0.999993026 0.001644144 -0.984915495 0.004899878 -0.001627711 0.999986649 34.979053497
0.999982357 0.002582794 -0.005352443 0.637611806 -0.002570912 0.999994218 0.002225759 -1.008781433 0.005358159 -0.002211959 0.999983191 35.495445251
0.999980748 0.002500957 -0.005686419 0.644507647 -0.002487237 0.999994040 0.002418748 -1.030234337 0.005692434 -0.002404558 0.999980927 36.031215668
0.999982357 0.002810080 -0.005228749 0.646482170 -0.002801056 0.999994576 0.001732316 -1.031524420 0.005233588 -0.001717640 0.999984801 36.608627319
0.999982595 0.003186174 -0.004970280 0.654789686 -0.003177442 0.999993384 0.001763526 -1.051060915 0.004975867 -0.001747702 0.999986053 37.144073486
0.999981940 0.003588449 -0.004839920 0.662861347 -0.003579697 0.999991894 0.001815645 -1.067143798 0.004846396 -0.001798287 0.999986589 37.695140839
0.999980569 0.002444406 -0.005735759 0.675238371 -0.002433012 0.999994993 0.001992575 -1.077493668 0.005740601 -0.001978581 0.999981582 38.283584595
0.999983847 0.002231401 -0.005236888 0.675585747 -0.002223116 0.999996364 0.001587349 -1.080051899 0.005240411 -0.001575681 0.999985099 38.842479706
0.999982953 0.002886518 -0.005073570 0.670214057 -0.002882002 0.999995470 0.000897113 -1.089144588 0.005076136 -0.000882476 0.999986708 39.398311615
0.999977708 0.002907876 -0.006007405 0.697469532 -0.002897338 0.999994218 0.001762087 -1.118635774 0.006012495 -0.001744642 0.999980330 39.949596405
0.999974966 0.002926091 -0.006446044 0.707448065 -0.002912633 0.999993563 0.002096104 -1.139131784 0.006452136 -0.002077276 0.999976993 40.491645813
0.999976754 0.004136452 -0.005415994 0.711333752 -0.004127714 0.999990284 0.001623282 -1.159410596 0.005422655 -0.001600888 0.999984026 41.040431976
0.999977350 0.003816086 -0.005544670 0.718647063 -0.003807884 0.999991655 0.001489113 -1.169929981 0.005550307 -0.001467966 0.999983490 41.609729767
0.999978960 0.003641862 -0.005355841 0.732105017 -0.003637684 0.999993026 0.000789681 -1.177611947 0.005358682 -0.000770182 0.999985337 42.169864655
0.999979794 0.003648808 -0.005196644 0.743098080 -0.003644334 0.999993026 0.000870254 -1.190495610 0.005199784 -0.000851298 0.999986053 42.723510742
0.999978364 0.003164204 -0.005771688 0.753665447 -0.003153125 0.999993145 0.001927415 -1.216625810 0.005777747 -0.001909174 0.999981463 43.299808502
0.999980569 0.003010800 -0.005460888 0.759760857 -0.003002555 0.999994278 0.001517605 -1.235832095 0.005465426 -0.001501179 0.999983966 43.855575562
0.999978304 0.003137883 -0.005790394 0.783571720 -0.003128258 0.999993682 0.001670689 -1.247628689 0.005795600 -0.001652539 0.999981761 44.426822662
0.999978840 0.003800586 -0.005275547 0.782689929 -0.003794969 0.999992192 0.001074341 -1.252826691 0.005279589 -0.001054298 0.999985456 44.974327087
0.999979019 0.004123878 -0.004982730 0.781377077 -0.004120198 0.999991238 0.000748432 -1.264671683 0.004985772 -0.000727887 0.999987304 45.526794434
0.999976456 0.004712801 -0.004980311 0.790639043 -0.004708555 0.999988556 0.000864081 -1.281524658 0.004984327 -0.000840611 0.999987185 46.091598511
0.999977827 0.004527556 -0.004878630 0.787986398 -0.004525392 0.999989569 0.000454921 -1.287714720 0.004880640 -0.000432833 0.999988019 46.661228180
0.999973655 0.005234800 -0.005028886 0.803198874 -0.005231845 0.999986053 0.000600712 -1.311665893 0.005031962 -0.000574386 0.999987185 47.186729431
0.999973178 0.004445390 -0.005818558 0.815109789 -0.004439831 0.999989629 0.000968121 -1.321853161 0.005822801 -0.000942262 0.999982595 47.744560242
0.999973714 0.004032248 -0.006016873 0.825321496 -0.004026541 0.999991417 0.000960264 -1.341265082 0.006020693 -0.000936012 0.999981463 48.301330566
0.999975145 0.003853908 -0.005906270 0.832583785 -0.003849773 0.999992311 0.000711343 -1.354073405 0.005908967 -0.000688588 0.999982297 48.826705933
0.999974370 0.003851476 -0.006025989 0.822767138 -0.003845153 0.999992013 0.001060457 -1.378738761 0.006030024 -0.001037258 0.999981284 49.365726471
0.999966443 0.005492558 -0.006074305 0.861547709 -0.005485361 0.999984205 0.001200892 -1.390686631 0.006080806 -0.001167532 0.999980748 49.935752869
0.999972224 0.005277643 -0.005266855 0.850321293 -0.005274517 0.999985874 0.000607558 -1.394457102 0.005269988 -0.000579761 0.999985933 50.446762085
0.999973297 0.004593524 -0.005679435 0.873003721 -0.004588837 0.999989033 0.000838458 -1.422501802 0.005683224 -0.000812374 0.999983549 50.987319946
0.999962747 0.006326854 -0.005867219 0.885020137 -0.006324455 0.999979854 0.000427172 -1.428383946 0.005869805 -0.000390049 0.999982715 51.548938751
0.999970555 0.005324914 -0.005526493 0.875741363 -0.005319775 0.999985397 0.000944575 -1.448408365 0.005531441 -0.000915148 0.999984264 52.056781769
0.999965966 0.006674415 -0.004837404 0.880711854 -0.006668956 0.999977112 0.001143629 -1.487733245 0.004844926 -0.001111330 0.999987602 52.602603912
0.999967754 0.006291108 -0.004992780 0.890871048 -0.006284669 0.999979377 0.001304451 -1.486485839 0.005000884 -0.001273031 0.999986649 53.155101776
0.999966085 0.006087539 -0.005548403 0.896456718 -0.006081914 0.999980986 0.001030123 -1.508949876 0.005554568 -0.000996343 0.999984086 53.691898346
0.999966681 0.006093038 -0.005423416 0.899031401 -0.006090678 0.999981284 0.000451569 -1.526780009 0.005426067 -0.000418522 0.999985218 54.231193542
0.999967873 0.007090818 -0.003732411 0.888765037 -0.007090983 0.999974847 -0.000030959 -1.532858849 0.003732096 0.000057424 0.999993026 54.759071350
0.999967098 0.006815806 -0.004394338 0.897323370 -0.006817307 0.999976695 -0.000326365 -1.525043368 0.004392011 0.000356312 0.999990284 55.326641083
0.999967992 0.006927061 -0.003999345 0.904694438 -0.006927638 0.999975979 -0.000129805 -1.554912925 0.003998349 0.000157507 0.999992013 55.889404297
0.999963105 0.007733557 -0.003733218 0.923455954 -0.007735767 0.999969840 -0.000577740 -1.555701256 0.003728638 0.000606598 0.999992847 56.426963806
0.999971271 0.006267145 -0.004243757 0.922069848 -0.006267930 0.999980330 -0.000171941 -1.585677743 0.004242595 0.000198536 0.999991000 56.956462860
0.999965847 0.007642237 -0.003155614 0.914570689 -0.007642670 0.999970734 -0.000125134 -1.606904507 0.003154566 0.000149247 0.999994993 57.510639191
0.999966741 0.007426011 -0.003370633 0.936619520 -0.007427451 0.999972343 -0.000414143 -1.620431781 0.003367464 0.000439165 0.999994159 58.057735443
0.999967635 0.007441987 -0.003043277 0.956753492 -0.007443308 0.999972224 -0.000422443 -1.630928636 0.003040049 0.000445082 0.999995232 58.589519501
0.999969304 0.007103153 -0.003315697 0.955661893 -0.007104951 0.999974549 -0.000531304 -1.641476393 0.003311839 0.000554845 0.999994278 59.123260498
0.999969840 0.007123310 -0.003086724 0.960502028 -0.007125605 0.999974370 -0.000733325 -1.652401805 0.003081421 0.000755298 0.999994993 59.702667236
0.999968767 0.007396477 -0.002776069 0.968190610 -0.007399097 0.999972165 -0.000935148 -1.676523209 0.002769075 0.000955659 0.999995708 60.258346558
0.999957800 0.008873202 -0.002347877 0.979694545 -0.008874814 0.999960363 -0.000677386 -1.684426904 0.002341774 0.000698194 0.999997020 60.820007324
0.999964178 0.008106411 -0.002412616 1.000487328 -0.008106682 0.999967098 -0.000103482 -1.711816549 0.002411698 0.000123037 0.999997079 61.357765198
0.999963284 0.008111796 -0.002753917 1.023208141 -0.008112206 0.999967098 -0.000137659 -1.719831347 0.002752710 0.000159994 0.999996185 61.906124115
0.999960780 0.008562313 -0.002264997 1.022866607 -0.008562799 0.999963343 -0.000204342 -1.743992090 0.002263165 0.000223729 0.999997437 62.451320648
0.999956131 0.009068723 -0.002330290 1.026589155 -0.009069540 0.999958813 -0.000339610 -1.754833817 0.002327114 0.000360730 0.999997199 62.980560303
0.999954998 0.009266649 -0.002038997 1.043494105 -0.009267669 0.999956846 -0.000490649 -1.767794609 0.002034363 0.000509524 0.999997795 63.524021149
0.999956846 0.009056399 -0.002060667 1.050099134 -0.009057995 0.999958694 -0.000766735 -1.783675790 0.002053638 0.000785367 0.999997556 64.080566406
0.999949276 0.009996131 -0.001184312 1.054342031 -0.009997495 0.999949336 -0.001151719 -1.793018222 0.001172740 0.001163500 0.999998629 64.650787354
0.999945581 0.010377614 -0.001087685 1.062677741 -0.010378530 0.999945760 -0.000840583 -1.813512087 0.001078903 0.000851826 0.999999046 65.190254211
0.999944031 0.010570114 -0.000383558 1.069572568 -0.010570680 0.999942958 -0.001511390 -1.826165915 0.000367560 0.001515360 0.999998748 65.728294373
0.999943912 0.010579563 -0.000466607 1.089247584 -0.010579934 0.999943852 -0.000802590 -1.854436040 0.000458090 0.000807482 0.999999583 66.261535645
0.999936402 0.011271198 -0.000035971 1.101378083 -0.011271245 0.999934793 -0.001834344 -1.870859385 0.000015294 0.001834633 0.999998331 66.809913635
0.999936819 0.011241584 0.000175952 1.111523986 -0.011241323 0.999935746 -0.001413782 -1.886684656 -0.000191834 0.001411714 0.999998987 67.371940613
0.999935746 0.011332541 0.000353334 1.117110252 -0.011332006 0.999934614 -0.001488145 -1.899835587 -0.000370175 0.001484045 0.999998808 67.918991089
0.999935508 0.011333649 0.000676824 1.128503919 -0.011332397 0.999934137 -0.001825608 -1.926834822 -0.000697470 0.001817820 0.999998033 68.460029602
0.999937654 0.011153128 0.000561963 1.139966011 -0.011152169 0.999936342 -0.001681053 -1.938946605 -0.000580676 0.001674681 0.999998450 68.996368408
0.999936879 0.011225468 0.000427802 1.151613116 -0.011224444 0.999934316 -0.002329285 -1.944059610 -0.000453921 0.002324337 0.999997199 69.529891968
0.999938071 0.011125558 0.000024043 1.170742035 -0.011125427 0.999933064 -0.003167296 -1.959699988 -0.000059279 0.003166832 0.999994993 70.093574524
0.999936759 0.011237606 0.000475493 1.179683208 -0.011236268 0.999933124 -0.002730377 -1.979043961 -0.000506145 0.002724862 0.999996126 70.643081665
0.999945223 0.010460974 0.000060334 1.196868658 -0.010460746 0.999940634 -0.003025923 -1.993846297 -0.000091984 0.003025126 0.999995410 71.185272217
0.999942780 0.010681184 0.000517796 1.211017728 -0.010679275 0.999936581 -0.003555697 -2.005736828 -0.000555742 0.003549963 0.999993563 71.752708435
0.999935627 0.011316459 0.000807531 1.212318540 -0.011313657 0.999930203 -0.003392888 -2.023292780 -0.000845870 0.003383534 0.999993861 72.300346375
0.999941051 0.010844089 0.000443818 1.232905626 -0.010842200 0.999933124 -0.004053291 -2.042320490 -0.000487743 0.004048241 0.999991655 72.850128174
0.999945521 0.010434887 0.000336887 1.244695902 -0.010433796 0.999940753 -0.003089086 -2.073208332 -0.000369101 0.003085403 0.999995172 73.376747131
0.999944508 0.010529163 0.000399327 1.256374598 -0.010527889 0.999939859 -0.003069916 -2.082822084 -0.000431627 0.003065542 0.999995232 73.950416565
0.999944448 0.010493063 0.000910717 1.268677950 -0.010489633 0.999938130 -0.003692506 -2.097606182 -0.000949406 0.003682748 0.999992788 74.495628357
0.999938607 0.011037710 0.000978258 1.275914550 -0.011034177 0.999932826 -0.003545202 -2.108880758 -0.001017323 0.003534190 0.999993265 75.059921265
0.999938190 0.011021279 0.001462995 1.270002604 -0.011015793 0.999932468 -0.003706461 -2.146523237 -0.001503746 0.003690116 0.999992073 75.643371582
0.999943197 0.010623292 0.000888928 1.294894695 -0.010619901 0.999936640 -0.003735939 -2.159333944 -0.000928559 0.003726286 0.999992609 76.216743469
0.999942183 0.010621686 0.001588490 1.297637343 -0.010615011 0.999934971 -0.004150799 -2.176372290 -0.001632476 0.004133697 0.999990106 76.745498657
0.999920726 0.012334844 0.002513993 1.298449993 -0.012325828 0.999917626 -0.003570997 -2.207957268 -0.002557833 0.003539727 0.999990463 77.246208191
0.999936104 0.011157438 0.001798654 1.314386725 -0.011150710 0.999930918 -0.003708840 -2.219998837 -0.001839911 0.003688547 0.999991477 77.825500488
0.999931276 0.011621744 0.001535537 1.332850814 -0.011615071 0.999923348 -0.004285620 -2.229460478 -0.001585226 0.004267490 0.999989629 78.386138916
0.999919772 0.012421772 0.002477797 1.324292898 -0.012412034 0.999915242 -0.003908422 -2.257514715 -0.002526137 0.003877354 0.999989271 78.902114868
0.999904573 0.013464849 0.003094941 1.332532406 -0.013451906 0.999900758 -0.004165978 -2.266923189 -0.003150729 0.004123947 0.999986529 79.454452515
0.999918878 0.012344092 0.003148002 1.351720572 -0.012328980 0.999912560 -0.004775992 -2.282198191 -0.003206682 0.004736793 0.999983609 79.975669861
0.999934554 0.011200822 0.002319635 1.372558594 -0.011191282 0.999928951 -0.004085692 -2.305698633 -0.002365233 0.004059465 0.999988973 80.524162292
0.999918580 0.011950560 0.004477608 1.376175642 -0.011932672 0.999920666 -0.004000035 -2.332312822 -0.004525056 0.003946278 0.999981999 81.068832397
0.999901533 0.012883903 0.005552497 1.400177002 -0.012859754 0.999907792 -0.004362261 -2.348216534 -0.005608188 0.004290428 0.999975085 81.619537354
0.999913990 0.011596583 0.006131066 1.406325579 -0.011567870 0.999922037 -0.004698385 -2.356200933 -0.006185074 0.004627056 0.999970138 82.129417419
0.999905765 0.011736761 0.007120407 1.432501078 -0.011701922 0.999919415 -0.004915082 -2.369259357 -0.007177523 0.004831295 0.999962568 82.678474426
0.999858797 0.012685612 0.011022366 1.407472134 -0.012638463 0.999910593 -0.004336805 -2.388178587 -0.011076395 0.004196888 0.999929786 83.155242920
0.999807835 0.013013782 0.014660209 1.433715820 -0.012961920 0.999909341 -0.003627408 -2.412182808 -0.014706088 0.003436685 0.999885976 83.564071655
0.999769270 0.011704617 0.018010179 1.453338742 -0.011614239 0.999919474 -0.005114635 -2.409374714 -0.018068591 0.004904281 0.999824703 84.270050049
0.999684036 0.011680162 0.022255713 1.452204943 -0.011580221 0.999922216 -0.004614075 -2.441964149 -0.022307876 0.004354890 0.999741673 84.711280823
0.999554396 0.011932108 0.027361197 1.553465843 -0.011793372 0.999916792 -0.005226229 -2.453387499 -0.027421283 0.004901220 0.999611914 85.395401001
0.999341488 0.012067696 0.034218751 1.550748348 -0.011888345 0.999914467 -0.005439978 -2.475468636 -0.034281466 0.005029591 0.999399543 85.905960083
0.999147058 0.011719855 0.039594535 1.616836071 -0.011513978 0.999918938 -0.005423632 -2.486178398 -0.039654884 0.004963115 0.999201238 86.460144043
0.998782396 0.011827517 0.047894485 1.640656948 -0.011564424 0.999916494 -0.005766612 -2.491172791 -0.047958694 0.005205718 0.998835862 86.972129822
0.998355091 0.011669259 0.056132611 1.707514286 -0.011360269 0.999918520 -0.005820643 -2.528069973 -0.056195963 0.005173387 0.998406351 87.514289856
0.997921050 0.012092886 0.063303150 1.737570763 -0.011771075 0.999915838 -0.005454134 -2.533513546 -0.063363783 0.004697649 0.997979403 88.008621216
0.997334242 0.011758097 0.072014160 1.818596363 -0.011385674 0.999919593 -0.005579821 -2.560433865 -0.072073951 0.004745019 0.997388124 88.566497803
0.996558249 0.010713084 0.082200296 1.872269630 -0.010213901 0.999926686 -0.006490881 -2.565411091 -0.082263827 0.005628953 0.996594667 89.076377869
0.995836616 0.010576961 0.090540305 1.933201790 -0.010049013 0.999929726 -0.006284952 -2.584420443 -0.090600438 0.005348945 0.995872974 89.532341003
0.995125592 0.010358633 0.098069929 1.985261917 -0.009770361 0.999931276 -0.006476854 -2.609470367 -0.098130278 0.005487104 0.995158434 90.079734802
0.994086206 0.010786884 0.108056568 2.066979408 -0.010137480 0.999927104 -0.006557391 -2.630076170 -0.108119428 0.005423191 0.994123101 90.552520752
0.992963672 0.009916973 0.118002847 2.170416832 -0.009204285 0.999935925 -0.006583035 -2.655477524 -0.118060566 0.005450583 0.992991447 91.091529846
0.991791964 0.009236665 0.127528012 2.262160301 -0.008481486 0.999943137 -0.006463441 -2.677949190 -0.127580449 0.005328761 0.991813838 91.638092041
0.990278780 0.009754133 0.138754010 2.365165710 -0.008925761 0.999938428 -0.006591098 -2.696619511 -0.138809741 0.005288540 0.990304947 92.164001465
0.988358557 0.009907744 0.151819617 2.465292931 -0.009016402 0.999937773 -0.006558371 -2.719603539 -0.151875153 0.005113155 0.988386452 92.742897034
0.986642599 0.009865199 0.162600994 2.571125031 -0.008899217 0.999938190 -0.006668109 -2.736662149 -0.162656695 0.005132017 0.986669421 93.284675598
0.984912097 0.009462849 0.172797248 2.698938370 -0.008410760 0.999941289 -0.006819763 -2.754073381 -0.172851622 0.005263508 0.984933734 93.850090027
0.982541502 0.009410621 0.185805261 2.821129799 -0.008284490 0.999942243 -0.006836315 -2.774887562 -0.185858876 0.005177661 0.982562780 94.376213074
0.980153322 0.008511472 0.198057756 2.955332756 -0.007312338 0.999950171 -0.006785058 -2.794496298 -0.198105663 0.005202133 0.980166852 94.921539307
0.978038073 0.008160430 0.208266586 3.087347031 -0.006873604 0.999952555 -0.006901721 -2.813844681 -0.208313048 0.005318604 0.978047729 95.460990906
0.975133419 0.008255533 0.221465006 3.235956192 -0.006907374 0.999952555 -0.006861276 -2.835355997 -0.221511155 0.005160916 0.975144207 95.996177673
0.972068608 0.007595067 0.234574005 3.387037277 -0.006030950 0.999954522 -0.007384563 -2.850113869 -0.234619424 0.005763598 0.972070217 96.527107239
0.969306409 0.008214745 0.245718583 3.538906097 -0.006783695 0.999954641 -0.006669807 -2.868871450 -0.245762259 0.004798206 0.969318330 97.047492981
0.966545224 0.007335395 0.256391436 3.719141006 -0.005565767 0.999955416 -0.007627021 -2.891443729 -0.256435931 0.005944844 0.966542959 97.581153870
0.962838590 0.007238269 0.269980818 3.891504288 -0.005529237 0.999959707 -0.007090182 -2.915853500 -0.270021260 0.005333913 0.962839603 98.105316162
0.959282100 0.006423088 0.282376856 4.068164825 -0.004601419 0.999964118 -0.007113886 -2.940820217 -0.282412380 0.005524889 0.959277213 98.627479553
0.955780149 0.006642814 0.294006974 4.262554169 -0.004673325 0.999961674 -0.007400808 -2.958377600 -0.294044852 0.005699556 0.955774605 99.184280396
0.951422989 0.006188437 0.307824582 4.465284348 -0.004109284 0.999964178 -0.007402097 -2.980783701 -0.307859331 0.005777586 0.951414287 99.716644287
0.946912766 0.005207539 0.321448386 4.674509048 -0.002864639 0.999965787 -0.007761109 -2.999120235 -0.321477860 0.006428258 0.946895301 100.234100342
0.942891121 0.005363190 0.333057970 4.879987717 -0.003046010 0.999967396 -0.007479054 -3.020290375 -0.333087295 0.006037435 0.942876697 100.747383118
0.938226283 0.005173240 0.345983684 5.106361389 -0.002716840 0.999967575 -0.007584353 -3.047711372 -0.346011698 0.006175858 0.938209891 101.309577942
0.932754993 0.004921194 0.360477477 5.322513580 -0.002527685 0.999971509 -0.007110970 -3.068332672 -0.360502183 0.005721617 0.932740867 101.817710876
0.927919507 0.004402173 0.372754604 5.551189423 -0.001900936 0.999973118 -0.007077415 -3.100087166 -0.372775674 0.005858689 0.927902997 102.329925537
0.923065841 0.004044952 0.384620696 5.780220032 -0.001513755 0.999975085 -0.006883551 -3.120167732 -0.384639055 0.005771750 0.923049033 102.830917358
0.917188406 0.004154029 0.398432136 6.023357391 -0.001495635 0.999974489 -0.006982728 -3.142567635 -0.398451000 0.005808567 0.917171240 103.324691772
0.911359489 0.003511299 0.411596298 6.269058228 -0.000722546 0.999975741 -0.006930856 -3.164431095 -0.411610633 0.006019103 0.911339939 103.813682556
0.906396568 0.002837681 0.422418237 6.514739990 0.000028935 0.999977052 -0.006779635 -3.189036846 -0.422427773 0.006157261 0.906375647 104.283157349
0.900471866 0.003020003 0.434903771 6.776741028 -0.000059597 0.999976754 -0.006820513 -3.205715656 -0.434914231 0.006115762 0.900451124 104.795249939
0.893771946 0.003117844 0.448510885 7.038391113 -0.000290033 0.999979675 -0.006373439 -3.228832006 -0.448521644 0.005566319 0.893754601 105.269409180
0.887737691 0.002227315 0.460344523 7.311458588 0.000922671 0.999977648 -0.006617557 -3.246039391 -0.460348964 0.006299401 0.887715697 105.756423950
0.881759346 0.001849014 0.471696019 7.589252472 0.001695606 0.999973416 -0.007089484 -3.263159990 -0.471696585 0.007051030 0.881732702 106.226348877
0.874269783 0.001538260 0.485437930 7.871692657 0.001545133 0.999981105 -0.005951521 -3.292821646 -0.485437840 0.005953302 0.874250889 106.704063416
