1.000000000 0.000000000 0.000000000 0.000000000 0.000000000 1.000000000 0.000000000 0.000000000 0.000000000 0.000000000 1.000000000 0.000000000
1.000000000 -0.000155088 -0.000004573 0.000420287 0.000155088 1.000000000 -0.000031543 0.000275795 0.000004578 0.000031542 1.000000000 0.000243290
1.000000000 -0.000113319 0.000014935 -0.000417803 0.000113319 1.000000000 0.000018494 -0.000115829 -0.000014937 -0.000018492 1.000000000 -0.000976570
1.000000000 -0.000094764 0.000067460 -0.000417984 0.000094767 1.000000000 -0.000037262 0.000358216 -0.000067457 0.000037269 1.000000000 0.000101337
1.000000000 -0.000167451 0.000009821 -0.000078457 0.000167451 1.000000000 0.000011040 0.000301253 -0.000009822 -0.000011039 1.000000000 0.000269924
1.000000000 -0.000031706 0.000041697 -0.001019607 0.000031705 1.000000000 0.000017557 -0.000129478 -0.000041698 -0.000017556 1.000000000 -0.000986000
1.000000000 -0.000021332 0.000025004 -0.001015259 0.000021337 1.000000000 -0.000176091 0.000895982 -0.000025001 0.000176092 1.000000000 0.000178256
1.000000000 0.000038412 0.000081686 -0.000638063 -0.000038411 1.000000000 -0.000005283 -0.000368071 -0.000081686 0.000005280 1.000000000 -0.000350934
1.000000000 0.000166448 0.000072819 -0.001688510 -0.000166448 1.000000000 0.000004565 -0.000262141 -0.000072818 -0.000004577 1.000000000 -0.000356044
1.000000000 0.000060112 0.000113223 -0.001355600 -0.000060104 1.000000000 -0.000067994 0.000454286 -0.000113227 0.000067987 1.000000000 0.000335686
1.000000000 0.000140476 0.000083338 -0.001743661 -0.000140467 1.000000000 -0.000113828 0.001023878 -0.000083354 0.000113816 1.000000000 0.000151753
1.000000000 -0.000006287 0.000087767 -0.001488504 0.000006291 1.000000000 -0.000045354 0.001516009 -0.000087767 0.000045354 1.000000000 0.001299233
1.000000000 0.000154510 0.000132792 -0.001578568 -0.000154484 0.999999940 -0.000200321 0.002500469 -0.000132823 0.000200301 1.000000000 0.002341039
1.000000000 -0.000003386 0.000055182 -0.000952797 0.000003389 1.000000000 -0.000057976 0.000857069 -0.000055182 0.000057976 1.000000000 0.000685341
1.000000000 0.000102612 0.000201659 -0.002500902 -0.000102579 1.000000000 -0.000162020 0.001757719 -0.000201676 0.000161999 0.999999940 0.002621033
0.999999940 0.000250396 0.000135833 -0.002106312 -0.000250378 0.999999940 -0.000132590 0.001657544 -0.000135867 0.000132556 1.000000000 0.002508155
0.999999940 0.000218619 0.000179507 -0.001682950 -0.000218593 0.999999940 -0.000145710 0.002502481 -0.000179539 0.000145671 1.000000000 0.003827865
1.000000000 0.000062731 0.000168742 -0.001584743 -0.000062706 1.000000000 -0.000143833 0.001388082 -0.000168751 0.000143823 1.000000000 0.002433324
0.999999940 0.000112569 0.000224774 -0.002842009 -0.000112564 1.000000000 -0.000022286 0.001254243 -0.000224777 0.000022260 1.000000000 0.002523029
1.000000000 0.000103435 0.000112674 -0.001545426 -0.000103430 1.000000000 -0.000042328 0.002118682 -0.000112679 0.000042316 1.000000000 0.002204438
1.000000000 0.000165077 0.000126726 -0.001996911 -0.000165073 1.000000000 -0.000037088 0.000946925 -0.000126732 0.000037067 1.000000000 0.002315706
1.000000000 0.000183376 0.000070898 -0.001667590 -0.000183372 1.000000000 -0.000063993 0.001345646 -0.000070910 0.000063980 1.000000000 0.002123602
0.999999940 0.000342955 0.000180102 -0.002668218 -0.000342926 0.999999940 -0.000160108 0.002602023 -0.000180157 0.000160047 1.000000000 0.003831222
0.999999940 0.000239421 0.000187707 -0.002001899 -0.000239392 0.999999940 -0.000152982 0.002404039 -0.000187743 0.000152937 1.000000000 0.002676165
1.000000000 0.000101446 0.000202624 -0.002116584 -0.000101423 1.000000000 -0.000115922 0.003088029 -0.000202636 0.000115901 1.000000000 0.004230627
0.999999940 0.000198551 0.000212387 -0.002456620 -0.000198539 1.000000000 -0.000054785 0.001546770 -0.000212397 0.000054743 1.000000000 0.003220553
1.000000000 0.000154865 0.000086634 -0.001256087 -0.000154854 1.000000000 -0.000121712 0.002129304 -0.000086653 0.000121699 1.000000000 0.001942521
1.000000000 0.000087025 0.000170186 -0.002326382 -0.000087008 1.000000000 -0.000098321 0.002227273 -0.000170194 0.000098306 1.000000000 0.003054082
0.999999940 0.000154878 0.000192865 -0.001832347 -0.000154860 1.000000000 -0.000094763 0.001419575 -0.000192880 0.000094733 1.000000000 0.002812595
1.000000000 0.000121838 0.000182707 -0.002430262 -0.000121813 1.000000000 -0.000136390 0.001861211 -0.000182724 0.000136368 1.000000000 0.002325335
0.999999940 0.000211619 0.000187969 -0.002544933 -0.000211591 0.999999940 -0.000149134 0.002460085 -0.000188000 0.000149094 1.000000000 0.003443643
0.999999940 0.000225855 0.000192651 -0.001722564 -0.000225842 1.000000000 -0.000068072 0.001715116 -0.000192666 0.000068029 1.000000000 0.001734455
0.999999940 0.000273610 0.000199766 -0.002757294 -0.000273577 0.999999940 -0.000162509 0.002329385 -0.000199810 0.000162454 0.999999940 0.002782965
0.999999940 0.000233044 0.000217037 -0.002293973 -0.000233003 0.999999940 -0.000188650 0.002321436 -0.000217081 0.000188600 0.999999940 0.002285631
1.000000000 0.000153507 0.000125468 -0.002218256 -0.000153505 1.000000000 -0.000019764 0.001402568 -0.000125471 0.000019745 1.000000000 0.002431763
1.000000000 0.000081285 0.000129655 -0.001558603 -0.000081275 1.000000000 -0.000072485 0.001964596 -0.000129661 0.000072475 1.000000000 0.003628664
0.999999940 0.000234059 0.000196522 -0.002457489 -0.000234051 1.000000000 -0.000041445 0.001549495 -0.000196531 0.000041399 1.000000000 0.003064532
0.999999940 0.000291333 0.000142970 -0.001402770 -0.000291325 0.999999940 -0.000058959 0.001724818 -0.000142987 0.000058917 1.000000000 0.001914741
1.000000000 0.000090188 0.000109298 -0.001485813 -0.000090174 1.000000000 -0.000130133 0.001176992 -0.000109309 0.000130123 1.000000000 0.002668789
0.999999821 0.000438950 0.000355936 -0.003354642 -0.000438690 0.999999762 -0.000731472 -0.000008453 -0.000356257 0.000731316 0.999999583 0.051084813
0.999999821 0.000463877 0.000384901 -0.001957556 -0.000463392 0.999999225 -0.001260509 -0.002566057 -0.000385485 0.001260330 0.999999046 0.140096262
0.999998927 0.000961405 0.001119705 -0.009703727 -0.000960425 0.999999285 -0.000874863 -0.013093617 -0.001120545 0.000873787 0.999998987 0.239517242
0.999999106 0.000816867 0.001040616 -0.005735860 -0.000816026 0.999999344 -0.000808800 -0.016273661 -0.001041276 0.000807950 0.999999046 0.371352136
0.999999225 0.000828898 0.000974812 -0.003741183 -0.000828308 0.999999523 -0.000605430 -0.020380447 -0.000975313 0.000604622 0.999999344 0.515125751
0.999999285 0.000933813 0.000738719 0.008877467 -0.000933419 0.999999404 -0.000534646 -0.026803533 -0.000739218 0.000533956 0.999999583 0.678290904
0.999999523 0.000619039 0.000656188 0.015148187 -0.000618814 0.999999762 -0.000342993 -0.030849986 -0.000656400 0.000342586 0.999999762 0.839824200
1.000000000 0.000242897 0.000420912 0.018349458 -0.000242621 0.999999762 -0.000655036 -0.029977474 -0.000421071 0.000654934 0.999999642 1.015233397
0.999999821 0.000422038 0.000466542 0.022847997 -0.000421789 0.999999762 -0.000534549 -0.034585644 -0.000466768 0.000534352 0.999999762 1.192215204
0.999998868 0.001422910 0.000658540 0.022811418 -0.001422890 0.999999106 -0.000029418 -0.045889381 -0.000658581 0.000028481 0.999999762 1.377102852
0.999998629 0.001585592 0.000485482 0.026875483 -0.001585503 0.999998748 -0.000183366 -0.048203345 -0.000485772 0.000182596 0.999999821 1.570337057
0.999999583 0.000721472 0.000577520 0.034482256 -0.000721502 0.999999881 0.000052138 -0.055711955 -0.000577483 -0.000052555 0.999999821 1.767449379
0.999999523 0.000722621 0.000680531 0.034514848 -0.000722944 0.999999583 0.000475096 -0.061877556 -0.000680187 -0.000475588 0.999999642 1.960023761
0.999999702 0.000436044 0.000574688 0.039633639 -0.000436393 0.999999642 0.000607809 -0.071707122 -0.000574423 -0.000608060 0.999999642 2.172582865
0.999999344 0.000902369 0.000588654 0.042737149 -0.000902692 0.999999464 0.000549049 -0.073749028 -0.000588158 -0.000549580 0.999999702 2.393549204
0.999999046 0.001232650 0.000635972 0.047070328 -0.001232885 0.999999166 0.000369156 -0.078382909 -0.000635516 -0.000369939 0.999999762 2.620742083
0.999999106 0.001083881 0.000901332 0.054726072 -0.001084276 0.999999344 0.000438604 -0.087481536 -0.000900857 -0.000439581 0.999999523 2.839876890
0.999998689 0.001186609 0.001103478 0.058057006 -0.001187210 0.999999106 0.000544312 -0.090980463 -0.001102831 -0.000545621 0.999999285 3.085073709
0.999999404 0.000880460 0.000635354 0.062189095 -0.000880830 0.999999464 0.000582557 -0.099581003 -0.000634841 -0.000583116 0.999999642 3.312538862
0.999999464 0.000689438 0.000708701 0.064984061 -0.000689677 0.999999702 0.000337846 -0.101645604 -0.000708468 -0.000338334 0.999999642 3.570430040
0.999999166 0.001038724 0.000793749 0.069903068 -0.001038972 0.999999404 0.000312184 -0.106082581 -0.000793424 -0.000313008 0.999999642 3.831403971
0.999998927 0.001112313 0.000941988 0.079254568 -0.001112896 0.999999166 0.000617760 -0.117276952 -0.000941300 -0.000618808 0.999999344 4.080975533
0.999998808 0.001254149 0.000862268 0.086363763 -0.001254634 0.999999046 0.000561657 -0.120454863 -0.000861563 -0.000562738 0.999999464 4.342265606
0.999998868 0.000994270 0.001145777 0.087394908 -0.000994775 0.999999404 0.000440915 -0.128080308 -0.001145338 -0.000442054 0.999999285 4.600397587
0.999997616 0.001756499 0.001249453 0.086789273 -0.001757661 0.999998033 0.000930244 -0.136192426 -0.001247817 -0.000932438 0.999998748 4.856308937
0.999997914 0.001760367 0.001016816 0.095304906 -0.001761757 0.999997497 0.001367409 -0.144863859 -0.001014407 -0.001369197 0.999998569 5.116350651
0.999997735 0.001483380 0.001477656 0.093687132 -0.001485007 0.999998212 0.001100198 -0.155585200 -0.001476022 -0.001102390 0.999998331 5.374508858
0.999996841 0.001748184 0.001766199 0.095085680 -0.001750231 0.999997795 0.001158309 -0.169028759 -0.001764171 -0.001161396 0.999997735 5.631821156
0.999997616 0.001447985 0.001629700 0.100424275 -0.001449640 0.999998450 0.001014712 -0.170248121 -0.001628228 -0.001017072 0.999998152 5.910829544
0.999996841 0.001752512 0.001815094 0.101517141 -0.001754145 0.999998152 0.000898390 -0.178434476 -0.001813516 -0.000901571 0.999997973 6.190047741
0.999997497 0.001427375 0.001709147 0.115385503 -0.001429592 0.999998093 0.001296759 -0.185585678 -0.001707292 -0.001299200 0.999997675 6.477866173
0.999997616 0.001495641 0.001554546 0.119119883 -0.001497929 0.999997735 0.001471605 -0.193971679 -0.001552342 -0.001473930 0.999997675 6.766551495
0.999996603 0.001914354 0.001750772 0.125824481 -0.001916362 0.999997437 0.001145817 -0.198091239 -0.001748574 -0.001149168 0.999997795 7.060761929
0.999996901 0.001764695 0.001760043 0.133771837 -0.001767076 0.999997497 0.001352151 -0.211899877 -0.001757653 -0.001355257 0.999997556 7.356763363
0.999997199 0.001662779 0.001704981 0.136798978 -0.001665204 0.999997497 0.001421549 -0.222634733 -0.001702613 -0.001424384 0.999997556 7.659562588
0.999996305 0.002186958 0.001609611 0.148020998 -0.002188089 0.999997377 0.000700804 -0.220688120 -0.001608075 -0.000704323 0.999998450 7.996993542
0.999996364 0.001981129 0.001816429 0.150423571 -0.001983219 0.999997318 0.001149392 -0.237830952 -0.001814147 -0.001152990 0.999997675 8.296691895
0.999996722 0.001917190 0.001674498 0.158559397 -0.001918896 0.999997675 0.001017535 -0.247593254 -0.001672544 -0.001020745 0.999998033 8.618247032
0.999996245 0.001865372 0.001998424 0.167018771 -0.001866617 0.999998093 0.000621385 -0.247017562 -0.001997261 -0.000625113 0.999997795 8.957832336
0.999995947 0.002043397 0.001975641 0.173255086 -0.002045390 0.999997437 0.001007519 -0.264805496 -0.001973577 -0.001011556 0.999997556 9.284614563
0.999993622 0.002850444 0.002164037 0.179625645 -0.002853385 0.999994993 0.001357020 -0.278831452 -0.002160158 -0.001363186 0.999996722 9.631033897
0.999994755 0.002381000 0.002172336 0.191072166 -0.002384596 0.999995708 0.001654291 -0.289297193 -0.002168388 -0.001659463 0.999996305 9.982396126
0.999992371 0.003150274 0.002314939 0.180211335 -0.003152261 0.999994695 0.000855199 -0.293190271 -0.002312233 -0.000862490 0.999996901 10.338649750
0.999992490 0.003080405 0.002358181 0.188205838 -0.003082348 0.999994934 0.000820860 -0.303027451 -0.002355641 -0.000828123 0.999996901 10.701647758
0.999995768 0.002291382 0.001799375 0.206653535 -0.002293660 0.999996483 0.001265039 -0.315266848 -0.001796470 -0.001269161 0.999997556 11.063520432
0.999994576 0.002344418 0.002304679 0.207134217 -0.002347863 0.999996245 0.001493575 -0.324775636 -0.002301168 -0.001498978 0.999996245 11.440196991
0.999992311 0.002953716 0.002585566 0.210197091 -0.002957362 0.999994636 0.001407415 -0.338324010 -0.002581395 -0.001415051 0.999995649 11.821852684
0.999992788 0.002961206 0.002369517 0.221422359 -0.002965080 0.999994278 0.001633091 -0.353158653 -0.002364667 -0.001640105 0.999995828 12.195990562
0.999992728 0.002834300 0.002535103 0.234593391 -0.002839262 0.999994099 0.001956000 -0.368433923 -0.002529544 -0.001963183 0.999994874 12.584868431
0.999990582 0.002960037 0.003156784 0.232168525 -0.002965548 0.999994099 0.001742380 -0.374307394 -0.003151608 -0.001751725 0.999993503 12.972842216
0.999991119 0.002759855 0.003158442 0.245340973 -0.002766542 0.999993920 0.002114922 -0.392062128 -0.003152585 -0.002123642 0.999992788 13.363532066
0.999987185 0.003660929 0.003496207 0.249267533 -0.003668439 0.999991000 0.002143933 -0.400201082 -0.003488327 -0.002156731 0.999991596 13.765830994
0.999987900 0.003079660 0.003815691 0.257635176 -0.003089388 0.999992013 0.002546448 -0.414606094 -0.003807818 -0.002558206 0.999989450 14.169562340
0.999987841 0.003210522 0.003714628 0.268880367 -0.003219426 0.999991953 0.002393445 -0.428109258 -0.003706913 -0.002405375 0.999990225 14.586833954
0.999988198 0.002835325 0.003941776 0.285287619 -0.002845010 0.999992907 0.002453740 -0.437876046 -0.003934791 -0.002464925 0.999989212 15.031630516
0.999986231 0.003061275 0.004260032 0.289329320 -0.003072391 0.999991894 0.002605268 -0.455910921 -0.004252022 -0.002618320 0.999987543 15.455816269
0.999982178 0.003441514 0.004898899 0.295811594 -0.003453280 0.999991119 0.002395072 -0.464484274 -0.004890615 -0.002411946 0.999985158 15.893036842
0.999978602 0.003966204 0.005206666 0.306730509 -0.003978263 0.999989390 0.002307747 -0.478587449 -0.005197459 -0.002328411 0.999983788 16.322420120
0.999978662 0.003822220 0.005298306 0.318397969 -0.003832250 0.999990821 0.001884089 -0.489345133 -0.005291056 -0.001904353 0.999984205 16.767219543
0.999978185 0.003594704 0.005535627 0.329818070 -0.003607534 0.999990821 0.002309542 -0.506026089 -0.005527273 -0.002329462 0.999981999 17.223768234
0.999978602 0.003280298 0.005662960 0.345689684 -0.003294912 0.999991238 0.002573256 -0.516092300 -0.005654471 -0.002591860 0.999980628 17.681381226
0.999976397 0.003248425 0.006059538 0.359161496 -0.003262732 0.999991834 0.002352592 -0.527459383 -0.006051846 -0.002372307 0.999978840 18.148288727
0.999977231 0.003012329 0.006035921 0.378444105 -0.003024731 0.999993324 0.002046538 -0.534371257 -0.006029715 -0.002064749 0.999979675 18.619010925
0.999978244 0.002932493 0.005901818 0.386860907 -0.002950555 0.999991000 0.003054168 -0.556824684 -0.005892807 -0.003071515 0.999977946 19.068737030
0.999974489 0.003378809 0.006311238 0.399985820 -0.003398618 0.999989331 0.003130568 -0.576430142 -0.006300594 -0.003151937 0.999975145 19.535470963
0.999973416 0.003680906 0.006307412 0.408017784 -0.003703019 0.999987125 0.003497662 -0.588877022 -0.006294454 -0.003520925 0.999974012 20.024854660
0.999974966 0.002649531 0.006560385 0.431521714 -0.002671341 0.999990940 0.003317980 -0.608796716 -0.006551534 -0.003335422 0.999972939 20.471805573
0.999978125 0.002942926 0.005930217 0.444698066 -0.002965422 0.999988437 0.003788327 -0.622222543 -0.005919000 -0.003805830 0.999975204 20.976524353
0.999979198 0.003253620 0.005573649 0.451777816 -0.003271649 0.999989569 0.003228626 -0.631502092 -0.005563086 -0.003246794 0.999979258 21.468435287
0.999981642 0.003213994 0.005131940 0.464229047 -0.003228483 0.999990821 0.002817424 -0.646209776 -0.005122838 -0.002833941 0.999982774 21.967527390
0.999985218 0.002901604 0.004592265 0.480908990 -0.002914836 0.999991596 0.002877331 -0.658631504 -0.004583878 -0.002890674 0.999985278 22.487451553
0.999984622 0.003028439 0.004651845 0.472796857 -0.003047362 0.999987006 0.004066334 -0.698909521 -0.004639470 -0.004080447 0.999980927 22.976898193
0.999989808 0.002559730 0.003722846 0.495719910 -0.002574414 0.999988914 0.003944977 -0.706866026 -0.003712706 -0.003954521 0.999985278 23.506959915
0.999994278 0.001110004 0.003200893 0.503271818 -0.001121913 0.999992549 0.003721004 -0.726766944 -0.003196738 -0.003724574 0.999987900 24.020456314
0.999990046 0.002988647 0.003291197 0.504764915 -0.003000641 0.999988854 0.003645782 -0.732744515 -0.003280264 -0.003655623 0.999987960 24.581283569
0.999993622 0.002508754 0.002524648 0.514236212 -0.002518113 0.999989867 0.003710451 -0.749383628 -0.002515313 -0.003716785 0.999989927 25.118940353
0.999993086 0.003179605 0.001905030 0.521033108 -0.003187716 0.999985933 0.004270341 -0.759345472 -0.001891425 -0.004276385 0.999989092 25.662237167
0.999985456 0.004739146 0.002541304 0.518973708 -0.004748997 0.999981165 0.003884179 -0.775338411 -0.002522848 -0.003896191 0.999989212 26.199293137
0.999992192 0.003349559 0.002088287 0.529694736 -0.003359808 0.999982238 0.004923661 -0.789324641 -0.002071758 -0.004930638 0.999985635 26.756052017
0.999995351 0.002943022 0.000684521 0.549871743 -0.002946073 0.999985516 0.004498786 -0.793779671 -0.000671271 -0.004500782 0.999989569 27.315523148
0.999993324 0.003596011 0.000657548 0.559120536 -0.003598640 0.999985397 0.004040866 -0.801398277 -0.000643007 -0.004043205 0.999991596 27.880205154
0.999991953 0.003930208 0.000798636 0.573681533 -0.003933835 0.999981701 0.004591492 -0.816970646 -0.000780575 -0.004594597 0.999989092 28.399223328
0.999989629 0.004516122 0.000544961 0.595807493 -0.004518698 0.999978185 0.004819260 -0.851828158 -0.000523185 -0.004821673 0.999988258 28.947732925
0.999989331 0.004607402 0.000275713 0.594187498 -0.004608536 0.999980330 0.004260889 -0.837983131 -0.000256076 -0.004262114 0.999990821 29.496078491
0.999991596 0.004074656 -0.000353543 0.598727703 -0.004072900 0.999980032 0.004832361 -0.858941615 0.000373226 -0.004830881 0.999988258 30.031356812
0.999989569 0.004546375 -0.000390106 0.602177620 -0.004544400 0.999977589 0.004921668 -0.886555433 0.000412474 -0.004919845 0.999987841 30.548410416
0.999985993 0.005293951 0.000033496 0.608420968 -0.005294052 0.999973714 0.004954229 -0.900986254 -0.000007269 -0.004954337 0.999987721 31.084394455
0.999977648 0.006685728 0.000094704 0.612925589 -0.006686110 0.999965727 0.004882810 -0.913026810 -0.000062056 -0.004883335 0.999988079 31.624937057
0.999990821 0.004106905 -0.001223651 0.625016212 -0.004101252 0.999980986 0.004587242 -0.927562118 0.001242467 -0.004582181 0.999988735 32.211246490
0.999988616 0.004562901 -0.001395786 0.628584862 -0.004556260 0.999978364 0.004724786 -0.944548428 0.001417315 -0.004718372 0.999987900 32.754264832
0.999990821 0.003921154 -0.001716867 0.644697249 -0.003912759 0.999980509 0.004866006 -0.960828066 0.001735914 -0.004859244 0.999986708 33.296791077
0.999991596 0.003409064 -0.002245606 0.665446699 -0.003398941 0.999984205 0.004496835 -0.971642971 0.002260900 -0.004489166 0.999987364 33.837394714
0.999989092 0.004392039 -0.001557320 0.664732337 -0.004385304 0.999981046 0.004301905 -0.974092484 0.001576184 -0.004295029 0.999989510 34.412242889
0.999986589 0.004872266 -0.001771210 0.675878525 -0.004864366 0.999978304 0.004437957 -0.995805502 0.001792795 -0.004429282 0.999988616 34.933914185
0.999988198 0.004034014 -0.002703101 0.698399186 -0.004019919 0.999978364 0.005200333 -1.011227250 0.002724021 -0.005189405 0.999982834 35.471408844
0.999985933 0.004507417 -0.002793830 0.703804612 -0.004492771 0.999976277 0.005226116 -1.020795465 0.002817320 -0.005213490 0.999982476 36.015773773
0.999989569 0.003511025 -0.002911430 0.715084612 -0.003497776 0.999983549 0.004543686 -1.038550377 0.002927335 -0.004533456 0.999985456 36.591670990
0.999986291 0.004174368 -0.003152004 0.723649800 -0.004159843 0.999980748 0.004600740 -1.050131679 0.003171148 -0.004587566 0.999984443 37.138019562
0.999986053 0.004418098 -0.002886010 0.731479645 -0.004405699 0.999981105 0.004288535 -1.058385730 0.002904903 -0.004275761 0.999986649 37.694763184
0.999986708 0.003704634 -0.003592649 0.748046041 -0.003690338 0.999985397 0.003977604 -1.076093435 0.003607331 -0.003964293 0.999985635 38.222778320
0.999988496 0.003570697 -0.003208842 0.751336932 -0.003559121 0.999987185 0.003606085 -1.081169844 0.003221677 -0.003594622 0.999988377 38.779087067
0.999985635 0.003259044 -0.004238371 0.776004791 -0.003238081 0.999982536 0.004943389 -1.116207480 0.004254408 -0.004929594 0.999978721 39.294677734
0.999986231 0.002804594 -0.004434518 0.783559799 -0.002782688 0.999983847 0.004938412 -1.130901694 0.004448297 -0.004926004 0.999977946 39.835906982
0.999987304 0.003305861 -0.003809062 0.787734807 -0.003287218 0.999982655 0.004890773 -1.145042896 0.003825165 -0.004878190 0.999980807 40.382629395
0.999987483 0.003663823 -0.003400278 0.792972922 -0.003649076 0.999984026 0.004333143 -1.150564313 0.003416100 -0.004320681 0.999984860 40.939708710
0.999987185 0.003252878 -0.003873081 0.799102187 -0.003234528 0.999983490 0.004734586 -1.168709159 0.003888420 -0.004721997 0.999981284 41.480472565
0.999986053 0.003726014 -0.003732588 0.797893703 -0.003709685 0.999983549 0.004372288 -1.182831049 0.003748817 -0.004358380 0.999983490 42.022029877
0.999989092 0.003177441 -0.003406366 0.795604050 -0.003160260 0.999982297 0.005037255 -1.205259323 0.003422312 -0.005026435 0.999981523 42.543926239
0.999988019 0.003394223 -0.003523166 0.812475026 -0.003381369 0.999987602 0.003647629 -1.192264080 0.003535504 -0.003635673 0.999987125 43.121173859
0.999985039 0.004267724 -0.003415422 0.821888804 -0.004254011 0.999982893 0.004012245 -1.209589362 0.003432486 -0.003997656 0.999986112 43.658924103
0.999984860 0.004587476 -0.003023771 0.830817699 -0.004576835 0.999983311 0.003516550 -1.217546821 0.003039852 -0.003502658 0.999989212 44.204311371
0.999986112 0.004420103 -0.002861673 0.829397857 -0.004410360 0.999984503 0.003401735 -1.232540727 0.002876665 -0.003389066 0.999990106 44.749279022
0.999985337 0.004769177 -0.002554086 0.839495122 -0.004760182 0.999982476 0.003516147 -1.241996408 0.002570811 -0.003503939 0.999990582 45.307308197
0.999984622 0.004902336 -0.002563921 0.849016726 -0.004894299 0.999983132 0.003131487 -1.250690460 0.002579229 -0.003118891 0.999991834 45.855892181
0.999986351 0.004546642 -0.002575441 0.861293972 -0.004541192 0.999987423 0.002118611 -1.254531264 0.002585041 -0.002106887 0.999994457 46.410293579
0.999983609 0.004969020 -0.002841267 0.867594540 -0.004961711 0.999984384 0.002573908 -1.268612027 0.002854012 -0.002559768 0.999992669 46.978382111
0.999981344 0.005335704 -0.002970282 0.881961286 -0.005328669 0.999983013 0.002371632 -1.280959368 0.002982887 -0.002355761 0.999992728 47.526271820
0.999985397 0.004258940 -0.003320812 0.886463165 -0.004249495 0.999986887 0.002846346 -1.297745824 0.003332891 -0.002832192 0.999990463 48.073314667
0.999975085 0.006453923 -0.002851188 0.903505087 -0.006445440 0.999974728 0.002974571 -1.317241430 0.002870314 -0.002956120 0.999991536 48.588901520
0.999975145 0.006404889 -0.002937585 0.914882660 -0.006397520 0.999976277 0.002511119 -1.325957537 0.002953599 -0.002492263 0.999992609 49.135177612
0.999976337 0.006509807 -0.002212736 0.932667613 -0.006505001 0.999976397 0.002173212 -1.335620999 0.002226831 -0.002158766 0.999995112 49.669101715
0.999976099 0.006653271 -0.001878737 0.923117399 -0.006649058 0.999975502 0.002239025 -1.350591302 0.001893588 -0.002226480 0.999995708 50.190284729
0.999972761 0.007191681 -0.001736958 0.931500673 -0.007187773 0.999971569 0.002245137 -1.372558594 0.001753055 -0.002232591 0.999995947 50.725536346
0.999975801 0.006719050 -0.001770480 0.945897818 -0.006715587 0.999975502 0.001955027 -1.378579259 0.001783572 -0.001943090 0.999996543 51.285392761
0.999971509 0.007272525 -0.002017776 0.952413976 -0.007267994 0.999971032 0.002243846 -1.393592954 0.002034036 -0.002229117 0.999995470 51.821510315
0.999970138 0.007532196 -0.001716564 0.961233377 -0.007528383 0.999969184 0.002216815 -1.413275719 0.001733209 -0.002203825 0.999996066 52.371028900
0.999976039 0.006610140 -0.002061237 0.976704955 -0.006606251 0.999976337 0.001888442 -1.421716332 0.002073671 -0.001874779 0.999996066 52.911628723
0.999968827 0.007699104 -0.001760038 0.981970608 -0.007695766 0.999968588 0.001896443 -1.433520555 0.001774583 -0.001882839 0.999996662 53.470443726
0.999969959 0.007454311 -0.002085685 0.997380853 -0.007450546 0.999970615 0.001806806 -1.455133677 0.002099093 -0.001791212 0.999996185 54.013156891
0.999965727 0.008130224 -0.001517831 0.995904505 -0.008127621 0.999965608 0.001713466 -1.466109753 0.001531710 -0.001701072 0.999997377 54.566017151
0.999972463 0.007133630 -0.002012359 1.015629888 -0.007130667 0.999973476 0.001476948 -1.479214072 0.002022842 -0.001462558 0.999996901 55.112808228
0.999971867 0.007170790 -0.002187977 1.031838179 -0.007166613 0.999972522 0.001910819 -1.497332096 0.002201619 -0.001895085 0.999995768 55.664752960
0.999971330 0.007229722 -0.002253421 1.033620834 -0.007224160 0.999970853 0.002466737 -1.512994289 0.002271189 -0.002450387 0.999994397 56.214668274
0.999968290 0.007627526 -0.002284439 1.052259564 -0.007622627 0.999968648 0.002146202 -1.529067516 0.002300737 -0.002128720 0.999995112 56.761177063
0.999967158 0.007891871 -0.001820170 1.052323222 -0.007888474 0.999967158 0.001864364 -1.535891056 0.001834823 -0.001849944 0.999996543 57.313201904
0.999968171 0.007723537 -0.002000471 1.060587168 -0.007719390 0.999967992 0.002072372 -1.556549668 0.002016413 -0.002056864 0.999995768 57.853141785
0.999968946 0.007642612 -0.001877696 1.071775198 -0.007638646 0.999968588 0.002110517 -1.570891142 0.001893767 -0.002096109 0.999995947 58.391353607
0.999966443 0.007883528 -0.002196534 1.082011819 -0.007878778 0.999966621 0.002163103 -1.583436131 0.002213513 -0.002145724 0.999995232 58.930385590
0.999968112 0.007761173 -0.001885410 1.089205623 -0.007757666 0.999968112 0.001860033 -1.600911975 0.001899787 -0.001845347 0.999996483 59.476928711
0.999970198 0.007388945 -0.002240194 1.103232980 -0.007384825 0.999971032 0.001842582 -1.614712834 0.002253744 -0.001825984 0.999995768 60.023700714
0.999964356 0.008125333 -0.002299985 1.112198710 -0.008120554 0.999964893 0.002078912 -1.631868958 0.002316796 -0.002060161 0.999995112 60.572696686
0.999964654 0.008174754 -0.001953859 1.123322010 -0.008170943 0.999964654 0.001949781 -1.649709582 0.001969729 -0.001933747 0.999996185 61.105789185
0.999964774 0.008283580 -0.001375013 1.131292701 -0.008280239 0.999962807 0.002419057 -1.665008783 0.001395001 -0.002407587 0.999996126 61.647090912
0.999958098 0.008990453 -0.001720586 1.140785336 -0.008987063 0.999957681 0.001966767 -1.679494619 0.001738195 -0.001951222 0.999996603 62.192089081
0.999963939 0.008401769 -0.001196592 1.143856645 -0.008399978 0.999963522 0.001495527 -1.685323834 0.001209113 -0.001485421 0.999998152 62.762416840
0.999962211 0.008586319 -0.001339203 1.147116542 -0.008584134 0.999961853 0.001627595 -1.698753119 0.001353127 -0.001616038 0.999997795 63.319168091
0.999960482 0.008735777 -0.001637392 1.172259450 -0.008732697 0.999960244 0.001878173 -1.714127302 0.001653734 -0.001863800 0.999996841 63.860923767
0.999961793 0.008627282 -0.001384570 1.184051275 -0.008624610 0.999960899 0.001924034 -1.734275460 0.001401115 -0.001912019 0.999997199 64.373985291
0.999956310 0.009267551 -0.001147756 1.190081477 -0.009265564 0.999955595 0.001723302 -1.751195788 0.001163675 -0.001712592 0.999997854 64.930107117
0.999960661 0.008697190 -0.001731593 1.212650895 -0.008694327 0.999960840 0.001654937 -1.766857982 0.001745919 -0.001639817 0.999997139 65.447959900
0.999959409 0.008842086 -0.001740845 1.222868323 -0.008839460 0.999959767 0.001510837 -1.778781772 0.001754134 -0.001495387 0.999997377 65.990974426
0.999965370 0.008242912 -0.001088428 1.215137601 -0.008241684 0.999965429 0.001125981 -1.786457062 0.001097671 -0.001116972 0.999998748 66.563156128
0.999967277 0.008027957 -0.000990896 1.219339371 -0.008026939 0.999967277 0.001025984 -1.808747530 0.000999100 -0.001017997 0.999998987 67.099098206
0.999969006 0.007788098 -0.001175785 1.247126698 -0.007787057 0.999969304 0.000887537 -1.805286050 0.001182661 -0.000878353 0.999998868 67.688262939
0.999970019 0.007693141 -0.000897979 1.258905530 -0.007692316 0.999969959 0.000920212 -1.824613571 0.000905032 -0.000913277 0.999999166 68.221969604
0.999965727 0.008199926 -0.001100878 1.271151781 -0.008199290 0.999966204 0.000579968 -1.841508389 0.001105597 -0.000570922 0.999999225 68.764167786
0.999963045 0.008532668 -0.001059927 1.278764963 -0.008531863 0.999963343 0.000760785 -1.855614662 0.001066380 -0.000751714 0.999999166 69.316291809
0.999955952 0.009355034 -0.000675961 1.294107437 -0.009354416 0.999955833 0.000909332 -1.872491837 0.000684438 -0.000902969 0.999999285 69.865783691
0.999958336 0.009106385 -0.000632179 1.302744746 -0.009105882 0.999958217 0.000794591 -1.887092113 0.000639388 -0.000788802 0.999999404 70.415992737
0.999963939 0.008486975 -0.000286434 1.314700842 -0.008487127 0.999963820 -0.000525632 -1.880693793 0.000281963 0.000528044 0.999999821 70.982894897
0.999960721 0.008838438 -0.000580068 1.321209669 -0.008838445 0.999960899 -0.000008885 -1.900696158 0.000579966 0.000014012 0.999999821 71.509223938
0.999942839 0.010585414 0.001494621 1.316418290 -0.010582834 0.999942541 -0.001723858 -1.849047661 -0.001512782 0.001707943 0.999997377 72.089004517
0.999960601 0.008874780 -0.000170189 1.331703067 -0.008874778 0.999960542 0.000016442 -1.953831077 0.000170329 -0.000014931 1.000000000 72.610099792
0.999961019 0.008822793 0.000323264 1.343441010 -0.008822635 0.999960959 -0.000487347 -1.964601040 -0.000327550 0.000484476 0.999999821 73.168350220
0.999959350 0.009007906 -0.000039362 1.355771899 -0.009007919 0.999959350 -0.000350383 -1.975102186 0.000036205 0.000350724 0.999999940 73.725631714
0.999955416 0.009424194 0.000535914 1.364396930 -0.009423799 0.999955237 -0.000734017 -1.991284609 -0.000542808 0.000728934 0.999999583 74.282432556
0.999939442 0.010742960 0.002384116 1.297817469 -0.010744560 0.999942005 0.000659754 -2.005302906 -0.002376890 -0.000685330 0.999996960 74.596641541
0.999923944 0.011972031 0.002935727 1.294124484 -0.011972350 0.999928236 0.000091400 -2.011554003 -0.002934422 -0.000126541 0.999995708 75.169700623
0.999923468 0.011869780 0.003483068 1.308769941 -0.011869781 0.999929547 -0.000020360 -2.025159359 -0.003483064 -0.000020985 0.999993861 75.717849731
0.999922335 0.012047810 0.003168502 1.320629001 -0.012046081 0.999927223 -0.000563795 -2.035891056 -0.003175064 0.000525584 0.999994814 76.249259949
0.999913454 0.012675900 0.003522379 1.329644799 -0.012673658 0.999919415 -0.000657266 -2.051853180 -0.003530427 0.000612568 0.999993563 76.802497864
0.999917448 0.012322192 0.003647141 1.330703020 -0.012318421 0.999923527 -0.001054814 -2.063148022 -0.003659860 0.001009800 0.999992788 77.327713013
0.999925137 0.011821145 0.003142246 1.349459171 -0.011819896 0.999930084 -0.000416249 -2.080225229 -0.003146947 0.000379077 0.999994993 77.875602722
0.999929667 0.011372479 0.003344353 1.364658117 -0.011369344 0.999934912 -0.000955017 -2.092010021 -0.003354996 0.000916927 0.999993980 78.407791138
0.999915361 0.012439343 0.003810442 1.373930693 -0.012434643 0.999921858 -0.001254114 -2.101966381 -0.003825745 0.001206626 0.999991894 78.940437317
0.999925375 0.011681939 0.003569858 1.384715438 -0.011678125 0.999931157 -0.001087788 -2.114674568 -0.003582320 0.001046018 0.999993026 79.474250793
0.999928832 0.011361636 0.003626853 1.398257017 -0.011358332 0.999935031 -0.000930743 -2.135344982 -0.003637192 0.000889481 0.999992967 79.988731384
0.999924719 0.011479638 0.004317102 1.410446286 -0.011473151 0.999933004 -0.001524016 -2.141222954 -0.004334308 0.001474370 0.999989450 80.517837524
0.999908447 0.012181451 0.005890475 1.422006130 -0.012171864 0.999924541 -0.001660711 -2.154798508 -0.005910260 0.001588861 0.999981284 81.054214478
0.999909818 0.011708927 0.006576488 1.434014320 -0.011697900 0.999930084 -0.001712803 -2.169607878 -0.006596083 0.001635717 0.999976933 81.555358887
0.999902964 0.011454461 0.007922694 1.449530840 -0.011441752 0.999933183 -0.001647883 -2.183911085 -0.007941039 0.001557073 0.999967277 82.092834473
0.999875188 0.011533854 0.010798731 1.470231771 -0.011512894 0.999931633 -0.002001099 -2.197146416 -0.010821074 0.001876524 0.999939680 82.614639282
0.999802709 0.012492276 0.015442380 1.472782850 -0.012466320 0.999920726 -0.001775850 -2.213543415 -0.015463340 0.001582990 0.999879181 83.135467529
0.999759912 0.011872773 0.018417716 1.501596808 -0.011835166 0.999927640 -0.002149546 -2.225071430 -0.018441906 0.001931053 0.999827981 83.676673889
0.999669969 0.012113458 0.022652093 1.519231915 -0.012072138 0.999925196 -0.001959957 -2.247049093 -0.022674138 0.001685851 0.999741435 84.218788147
0.999518096 0.012525890 0.028399557 1.573345900 -0.012466894 0.999919772 -0.002253383 -2.248763323 -0.028425505 0.001898243 0.999594092 84.813613892
0.999316752 0.013004477 0.034597095 1.596491694 -0.012937699 0.999913990 -0.002153347 -2.270678759 -0.034622118 0.001704270 0.999398947 85.366600037
0.999070525 0.012934675 0.041117780 1.625598788 -0.012845421 0.999914527 -0.002434041 -2.280119419 -0.041145742 0.001903604 0.999151349 85.921287537
0.998680830 0.013529471 0.049533170 1.672969580 -0.013417174 0.999906540 -0.002598971 -2.293158531 -0.049563691 0.001930947 0.998769104 86.477592468
0.998249292 0.013106124 0.057676557 1.727501631 -0.012963001 0.999911845 -0.002854953 -2.307878494 -0.057708900 0.002102294 0.998331249 87.030929565
0.997805476 0.012865923 0.064951226 1.774420738 -0.012698429 0.999914825 -0.002991023 -2.322335958 -0.064984187 0.002159681 0.997883916 87.590309143
0.997171640 0.012842783 0.074052446 1.824880123 -0.012624997 0.999914467 -0.003408334 -2.339856625 -0.074089915 0.002463781 0.997248471 88.130249023
0.996415913 0.011975026 0.083736211 1.901250839 -0.011686271 0.999923944 -0.003937716 -2.355023623 -0.083776996 0.002945039 0.996480107 88.658279419
0.995652080 0.011301421 0.092462137 1.968873501 -0.010959823 0.999931037 -0.004201402 -2.366901636 -0.092503265 0.003169767 0.995707333 89.216331482
0.994963765 0.010990674 0.099630743 2.046429634 -0.010577817 0.999933124 -0.004671182 -2.380379200 -0.099675439 0.003593781 0.995013535 89.761734009
0.993893623 0.011270150 0.109765328 2.119693756 -0.010842635 0.999931157 -0.004490919 -2.399916649 -0.109808378 0.003273351 0.993947387 90.276580811
0.992692530 0.011213040 0.120149106 2.211774826 -0.010725997 0.999931455 -0.004699610 -2.419471264 -0.120193563 0.003376550 0.992744744 90.810081482
0.991559207 0.010262060 0.129248902 2.306985855 -0.009709430 0.999940813 -0.004905101 -2.438653469 -0.129291594 0.003608764 0.991600037 91.356796265
0.989982009 0.010326084 0.140815586 2.405489922 -0.009756349 0.999941111 -0.004735748 -2.454378366 -0.140856206 0.003314460 0.990024507 91.891479492
0.988137126 0.009729765 0.153265491 2.514163971 -0.009060068 0.999946117 -0.005067373 -2.474620819 -0.153306514 0.003618665 0.988172054 92.439979553
0.986516893 0.008609322 0.163433105 2.632034302 -0.007754330 0.999952793 -0.005868690 -2.486627817 -0.163475886 0.004522248 0.986536980 92.989349365
0.984588146 0.009478702 0.174632087 2.754472733 -0.008671668 0.999947846 -0.005383819 -2.510581970 -0.174674019 0.003786493 0.984619021 93.553237915
0.982259631 0.009180889 0.187300891 2.881361008 -0.008318380 0.999950826 -0.005390412 -2.527448654 -0.187341198 0.003736744 0.982287824 94.078079224
0.979857147 0.008708585 0.199509695 3.013151169 -0.007729661 0.999953985 -0.005685046 -2.545522928 -0.199550018 0.004028391 0.979879379 94.617462158
0.977754831 0.008275070 0.209587663 3.146614075 -0.007207768 0.999956906 -0.005855695 -2.562313557 -0.209627047 0.004214775 0.977772355 95.149269104
0.974773884 0.008087868 0.223048061 3.292644501 -0.006873159 0.999956965 -0.006221730 -2.579610825 -0.223088756 0.004531735 0.974787652 95.690261841
0.971855462 0.006645185 0.235484183 3.460382462 -0.005154430 0.999962568 -0.006945592 -2.590129137 -0.235521540 0.005536324 0.971853375 96.218658447
0.969086170 0.006623912 0.246633589 3.613924026 -0.005180888 0.999965429 -0.006499346 -2.605125666 -0.246668160 0.005020646 0.969087005 96.743583679
0.966234505 0.005926354 0.257596076 3.782604218 -0.004323806 0.999967635 -0.006787174 -2.638538122 -0.257627964 0.005444206 0.966228843 97.280746460
0.962502003 0.006234135 0.271202743 3.959234238 -0.004599820 0.999967217 -0.006661424 -2.653465509 -0.271235287 0.005164152 0.962499201 97.817131042
0.958945453 0.004962375 0.283547193 4.137044907 -0.003144894 0.999971449 -0.006864653 -2.678729534 -0.283573151 0.005691101 0.958933651 98.333534241
0.955327928 0.005650253 0.295493603 4.322593689 -0.003984369 0.999972582 -0.006239450 -2.702007294 -0.295520842 0.004783366 0.955324233 98.901824951
0.951049626 0.005324712 0.308992356 4.523386002 -0.003490447 0.999972880 -0.006488767 -2.720852613 -0.309018463 0.005092619 0.951042414 99.422576904
0.946391404 0.005172515 0.322980642 4.733917236 -0.003181198 0.999972463 -0.006693016 -2.737909317 -0.323006451 0.005306748 0.946381867 99.939453125
0.942399085 0.005059144 0.334452212 4.941965103 -0.002960017 0.999972582 -0.006785687 -2.755453587 -0.334477335 0.005404842 0.942388296 100.454940796
0.937898755 0.004456527 0.346880466 5.184442520 -0.002306377 0.999975502 -0.006611124 -2.785188913 -0.346901417 0.005400528 0.937886059 100.959815979
0.932638884 0.004063960 0.360788316 5.409526825 -0.001585264 0.999973059 -0.007165893 -2.797474861 -0.360807806 0.006111247 0.932620108 101.467514038
0.927721202 0.002505601 0.373265386 5.630319595 0.000055138 0.999976575 -0.006849539 -2.819934845 -0.373273820 0.006375045 0.927699268 101.959960938
0.922609150 0.003553834 0.385719806 5.848070145 -0.001169339 0.999978840 -0.006416356 -2.849323273 -0.385734409 0.005468752 0.922593653 102.496742249
0.916646004 0.003858001 0.399681449 6.089267731 -0.001510114 0.999979734 -0.006189134 -2.868319273 -0.399697244 0.005069681 0.916633189 102.990531921
0.910934389 0.002511018 0.412543595 6.337825775 0.000166811 0.999979138 -0.006454880 -2.881004095 -0.412551135 0.005948789 0.910915017 103.495193481
0.906001270 0.002229437 0.423269063 6.592308044 0.000432418 0.999980688 -0.006192669 -2.900989771 -0.423274666 0.005793595 0.905982852 103.975601196
0.899812579 0.002311589 0.436270475 6.837467194 0.000574345 0.999978781 -0.006483005 -2.919588566 -0.436276227 0.006084058 0.899792194 104.467422485
0.893195152 0.002681824 0.449661344 7.111057281 0.000308401 0.999978304 -0.006576569 -2.933521271 -0.449669272 0.006012835 0.893174887 104.952865601
0.887116015 0.001959135 0.461542249 7.379581451 0.001147725 0.999978542 -0.006450676 -2.956532955 -0.461544931 0.006252223 0.887094796 105.438888550
0.881351411 0.000542063 0.472460926 7.664112091 0.002864974 0.999974906 -0.006491751 -2.973298311 -0.472452551 0.007075103 0.881327689 105.908584595
0.873464286 0.001862014 0.486884624 7.935813904 0.001212655 0.999981284 -0.005999757 -2.996788502 -0.486886680 0.005830997 0.873445690 106.381835938
0.866254568 0.001898024 0.499599248 8.226799011 0.001330238 0.999980450 -0.006105518 -3.017186403 -0.499601096 0.005953518 0.866235137 106.834495544
0.860046804 0.000269343 0.510215104 8.535686493 0.003393020 0.999974668 -0.006247348 -3.026073933 -0.510203898 0.007104182 0.860024154 107.302482605
