1.000000000 0.000000000 0.000000000 0.000000000 0.000000000 1.000000000 0.000000000 0.000000000 0.000000000 0.000000000 1.000000000 0.000000000
1.000000000 0.000027899 -0.000021470 0.000346121 -0.000027899 1.000000000 0.000030978 -0.000997061 0.000021470 -0.000030977 1.000000000 -0.001552870
1.000000000 -0.000022820 -0.000005852 0.000938694 0.000022820 1.000000000 -0.000010552 -0.000459821 0.000005853 0.000010552 1.000000000 -0.002598897
1.000000000 -0.000159974 -0.000116087 0.001808490 0.000159982 1.000000000 0.000069364 -0.001846454 0.000116076 -0.000069382 1.000000000 -0.004245727
1.000000000 -0.000139104 -0.000072599 -0.000327845 0.000139103 1.000000000 -0.000005833 0.000321184 0.000072600 0.000005823 1.000000000 -0.003041856
1.000000000 -0.000159128 -0.000041382 0.000824621 0.000159131 1.000000000 0.000062921 -0.000728780 0.000041372 -0.000062927 1.000000000 -0.001417060
1.000000000 -0.000192740 -0.000007961 0.000106758 0.000192740 1.000000000 0.000042187 -0.000713669 0.000007953 -0.000042188 1.000000000 -0.003932679
1.000000000 -0.000089934 -0.000045726 0.000095318 0.000089936 1.000000000 0.000039338 0.000401418 0.000045722 -0.000039342 1.000000000 -0.003943203
1.000000000 -0.000060830 -0.000025019 0.000318115 0.000060830 1.000000000 -0.000010593 0.000501765 0.000025019 0.000010592 1.000000000 -0.000427342
1.000000000 -0.000076083 -0.000064404 -0.000312232 0.000076083 1.000000000 0.000000793 0.001263914 0.000064404 -0.000000798 1.000000000 -0.001754733
1.000000000 -0.000161079 -0.000130336 0.000913343 0.000161086 1.000000000 0.000050169 -0.000370787 0.000130328 -0.000050190 1.000000000 -0.002765578
1.000000000 -0.000196510 -0.000106528 0.000196050 0.000196509 1.000000000 -0.000005707 0.000506050 0.000106529 0.000005686 1.000000000 -0.000448217
1.000000000 -0.000221562 -0.000064192 -0.000793867 0.000221564 1.000000000 0.000041589 0.001026691 0.000064183 -0.000041603 1.000000000 -0.000620680
1.000000000 -0.000164810 -0.000048480 0.000289231 0.000164811 1.000000000 0.000028126 -0.000034336 0.000048476 -0.000028134 1.000000000 -0.003461445
1.000000000 -0.000140747 -0.000073179 0.001230081 0.000140755 1.000000000 0.000110336 -0.000432959 0.000073164 -0.000110346 1.000000000 -0.003980609
1.000000000 -0.000113897 -0.000050765 0.002133867 0.000113903 1.000000000 0.000112842 -0.001351543 0.000050752 -0.000112848 1.000000000 -0.007298579
1.000000000 -0.000143585 -0.000092242 0.001106064 0.000143588 1.000000000 0.000029177 0.000778070 0.000092238 -0.000029190 1.000000000 -0.002425946
1.000000000 -0.000092928 -0.000098322 0.001087170 0.000092936 1.000000000 0.000078401 -0.000252659 0.000098315 -0.000078411 1.000000000 -0.004446552
0.999999940 -0.000246226 -0.000103850 0.000622873 0.000246232 0.999999940 0.000058104 -0.000439893 0.000103835 -0.000058129 1.000000000 -0.003460484
0.999999940 -0.000267380 -0.000102008 0.000718390 0.000267384 0.999999940 0.000040024 0.000765322 0.000101997 -0.000040051 1.000000000 -0.000011946
0.999999940 -0.000242707 -0.000096525 0.000067716 0.000242713 0.999999940 0.000056207 -0.000775479 0.000096512 -0.000056231 1.000000000 -0.003121973
1.000000000 -0.000138614 -0.000110899 0.002916800 0.000138622 1.000000000 0.000070717 0.000063773 0.000110889 -0.000070732 1.000000000 -0.002065938
1.000000000 -0.000158516 -0.000126980 0.002601123 0.000158526 1.000000000 0.000076519 -0.000911737 0.000126968 -0.000076539 1.000000000 -0.002395015
0.999999940 -0.000230889 -0.000154018 0.001556440 0.000230903 0.999999940 0.000088027 -0.000622836 0.000153997 -0.000088063 1.000000000 -0.004582777
0.999999940 -0.000268817 -0.000199413 0.002723203 0.000268834 0.999999940 0.000084689 -0.000502086 0.000199390 -0.000084742 1.000000000 -0.003922534
0.999999940 -0.000294602 -0.000141492 0.001700613 0.000294611 0.999999940 0.000067595 0.000340501 0.000141472 -0.000067636 1.000000000 -0.003370245
0.999999940 -0.000301776 -0.000181307 0.002952053 0.000301790 0.999999940 0.000074036 -0.000347311 0.000181285 -0.000074091 1.000000000 -0.004491662
0.999999881 -0.000406605 -0.000140791 0.001195211 0.000406614 0.999999940 0.000062842 -0.000720584 0.000140766 -0.000062899 1.000000000 -0.004954213
1.000000000 -0.000186273 -0.000140662 0.001477859 0.000186286 1.000000000 0.000093452 -0.000183850 0.000140645 -0.000093479 1.000000000 -0.002177810
1.000000000 -0.000196228 -0.000121423 0.002679444 0.000196242 1.000000000 0.000109498 -0.001185646 0.000121402 -0.000109521 1.000000000 -0.004379137
0.999999940 -0.000286034 -0.000148491 0.000608263 0.000286046 0.999999940 0.000075713 0.000665408 0.000148470 -0.000075756 1.000000000 -0.001124637
0.999999940 -0.000309314 -0.000164332 0.000697813 0.000309330 0.999999940 0.000098016 0.000132115 0.000164302 -0.000098067 1.000000000 -0.003795937
0.999999940 -0.000216924 -0.000140252 0.001341988 0.000216926 1.000000000 0.000015679 0.000300551 0.000140248 -0.000015710 1.000000000 -0.001794865
0.999999940 -0.000299256 -0.000160112 0.002030446 0.000299263 0.999999940 0.000043624 0.000015934 0.000160099 -0.000043672 1.000000000 -0.001813286
0.999999940 -0.000294709 -0.000098701 0.000920038 0.000294718 0.999999940 0.000083331 -0.000896426 0.000098676 -0.000083360 1.000000000 -0.005810584
0.999999940 -0.000302003 -0.000196880 0.002947165 0.000302009 0.999999940 0.000031662 0.000232139 0.000196871 -0.000031721 1.000000000 -0.003258250
1.000000000 -0.000187601 -0.000126161 0.002737342 0.000187617 1.000000000 0.000121812 -0.000559712 0.000126138 -0.000121836 1.000000000 -0.006720281
0.999999940 -0.000233089 -0.000117396 0.000320792 0.000233095 1.000000000 0.000051135 0.000028285 0.000117384 -0.000051162 1.000000000 -0.004518139
0.999999940 -0.000250307 -0.000164938 0.001269384 0.000250330 0.999999940 0.000138109 -0.000420658 0.000164903 -0.000138151 1.000000000 -0.003450959
0.999999940 -0.000261637 -0.000180289 0.002684338 0.000261646 0.999999940 0.000049110 -0.001127536 0.000180276 -0.000049157 1.000000000 0.000099925
0.999999940 -0.000261076 -0.000103297 0.001712074 0.000261020 0.999999821 -0.000537756 -0.000860316 0.000103437 0.000537729 0.999999821 0.048547912
1.000000000 -0.000091842 -0.000139997 0.001845266 0.000091687 0.999999404 -0.001107238 -0.003281967 0.000140099 0.001107226 0.999999404 0.140572786
1.000000000 -0.000164688 -0.000145849 0.005126221 0.000164480 0.999998987 -0.001425039 -0.007484416 0.000146083 0.001425015 0.999998987 0.254066885
1.000000000 -0.000216634 -0.000086767 0.005957864 0.000216512 0.999998987 -0.001403951 -0.012308758 0.000087071 0.001403932 0.999998987 0.389502585
0.999999940 -0.000152393 -0.000213524 0.011194681 0.000152155 0.999999344 -0.001116073 -0.019293180 0.000213694 0.001116041 0.999999344 0.524320602
1.000000000 -0.000186978 -0.000115162 0.012710663 0.000186859 0.999999464 -0.001035338 -0.022329859 0.000115355 0.001035317 0.999999464 0.684973419
1.000000000 -0.000122031 -0.000121690 0.020107051 0.000121917 0.999999523 -0.000938405 -0.025615755 0.000121804 0.000938390 0.999999523 0.845038414
0.999999940 0.000321141 0.000058704 0.016844921 -0.000321093 0.999999642 -0.000812826 -0.025181804 -0.000058965 0.000812807 0.999999642 1.020968676
0.999999940 -0.000142322 -0.000207642 0.028680792 0.000142210 0.999999821 -0.000541473 -0.037937023 0.000207719 0.000541444 0.999999821 1.179037213
0.999999821 0.000462310 -0.000372838 0.006419432 -0.000462421 0.999999821 -0.000298365 -0.046499036 0.000372700 0.000298537 0.999999881 1.354868770
0.999999821 0.000503218 -0.000402289 0.010300427 -0.000503289 0.999999821 -0.000175924 -0.052537847 0.000402200 0.000176126 0.999999881 1.546188712
1.000000000 0.000097919 -0.000224061 0.014064654 -0.000097963 1.000000000 -0.000192368 -0.058404293 0.000224042 0.000192390 0.999999940 1.750240803
1.000000000 0.000009726 -0.000186359 0.014372537 -0.000009727 1.000000000 -0.000006228 -0.063443847 0.000186359 0.000006230 1.000000000 1.946399808
1.000000000 0.000163222 0.000085313 0.014475077 -0.000163213 1.000000000 -0.000109245 -0.068976931 -0.000085331 0.000109231 1.000000000 2.156917572
0.999999940 0.000530220 0.000003701 0.024202550 -0.000530220 0.999999881 0.000072545 -0.075540632 -0.000003663 -0.000072547 1.000000000 2.371694565
0.999999881 0.000217709 -0.000033986 0.028508116 -0.000217704 1.000000000 0.000159899 -0.079511277 0.000034021 -0.000159891 1.000000000 2.599601269
0.999999940 0.000357450 0.000137637 0.030179180 -0.000357455 1.000000000 0.000029897 -0.090502255 -0.000137627 -0.000029946 1.000000000 2.819208622
1.000000000 0.000011367 0.000012427 0.027533740 -0.000011372 0.999999881 0.000428536 -0.097754851 -0.000012422 -0.000428536 0.999999881 3.055871487
1.000000000 -0.000059043 -0.000178859 0.034173626 0.000059101 0.999999940 0.000322409 -0.104904577 0.000178840 -0.000322419 0.999999940 3.294181347
0.999999940 0.000033996 0.000115877 0.035336219 -0.000034051 0.999999881 0.000473160 -0.113464579 -0.000115861 -0.000473164 0.999999881 3.528570890
1.000000000 0.000105020 0.000052932 0.049104627 -0.000105057 0.999999702 0.000708856 -0.123552680 -0.000052858 -0.000708862 0.999999762 3.788066149
0.999999940 0.000141268 0.000203664 0.041062683 -0.000141434 0.999999642 0.000813894 -0.127490073 -0.000203549 -0.000813923 0.999999642 4.050389290
0.999999762 0.000472852 0.000373996 0.045711193 -0.000473225 0.999999404 0.000995925 -0.133167431 -0.000373525 -0.000996102 0.999999464 4.299177647
0.999999940 0.000281119 0.000259051 0.054097906 -0.000281439 0.999999225 0.001236247 -0.148147777 -0.000258703 -0.001236320 0.999999225 4.568851471
0.999999940 0.000349051 0.000319902 0.058235325 -0.000349496 0.999999046 0.001392866 -0.157364219 -0.000319415 -0.001392978 0.999998927 4.825875759
0.999999940 0.000241757 0.000222262 0.067880400 -0.000242119 0.999998629 0.001630912 -0.167390481 -0.000221868 -0.001630966 0.999998629 5.089737892
0.999999821 -0.000461420 0.000106297 0.071303628 0.000461263 0.999998748 0.001475439 -0.178251386 -0.000106977 -0.001475390 0.999998927 5.341549397
0.999999940 -0.000299462 0.000072031 0.079971768 0.000299353 0.999998808 0.001499129 -0.188839734 -0.000072480 -0.001499107 0.999998868 5.606090546
0.999999940 0.000122129 0.000339654 0.079788305 -0.000122650 0.999998868 0.001533682 -0.193120837 -0.000339466 -0.001533723 0.999998748 5.885565281
0.999999821 -0.000527746 0.000099779 0.088226855 0.000527582 0.999998510 0.001630714 -0.207568869 -0.000100639 -0.001630661 0.999998689 6.156007290
0.999999821 0.000542292 0.000321185 0.100532778 -0.000542933 0.999997854 0.001999953 -0.223528937 -0.000320100 -0.002000127 0.999997973 6.432133198
0.999999821 0.000516844 0.000235560 0.109483860 -0.000517340 0.999997616 0.002110140 -0.236368731 -0.000234469 -0.002110261 0.999997795 6.716023445
0.999999881 0.000371724 0.000411122 0.116524845 -0.000372524 0.999998093 0.001946661 -0.244666204 -0.000410397 -0.001946814 0.999997973 7.016753674
0.999999523 0.000847725 0.000444966 0.114738263 -0.000848700 0.999997258 0.002194404 -0.265810639 -0.000443105 -0.002194780 0.999997497 7.306565285
0.999999762 0.000555912 0.000343980 0.125301093 -0.000556613 0.999997735 0.002041344 -0.276117176 -0.000342845 -0.002041535 0.999997854 7.611116886
0.999999762 0.000556141 0.000453732 0.127193257 -0.000557137 0.999997556 0.002199395 -0.285789430 -0.000452507 -0.002199647 0.999997497 7.937263012
0.999999642 0.000731080 0.000493691 0.133865163 -0.000732212 0.999997079 0.002295281 -0.294376463 -0.000492012 -0.002295641 0.999997258 8.252553940
0.999999702 0.000526696 0.000525186 0.142159343 -0.000527839 0.999997497 0.002177735 -0.300997436 -0.000524038 -0.002178012 0.999997437 8.583904266
0.999999404 0.000850195 0.000686988 0.139052108 -0.000851824 0.999996841 0.002374742 -0.311048985 -0.000684967 -0.002375326 0.999996960 8.915988922
0.999999464 0.000629887 0.000829839 0.148556799 -0.000631800 0.999997139 0.002307604 -0.318678617 -0.000828383 -0.002308127 0.999996960 9.254202843
0.999999404 0.000672797 0.000839497 0.144115642 -0.000675083 0.999996066 0.002726266 -0.341284245 -0.000837660 -0.002726832 0.999995887 9.590545654
0.999999225 0.000830249 0.000829097 0.155117959 -0.000832506 0.999995947 0.002725737 -0.349056602 -0.000826830 -0.002726425 0.999995947 9.931411743
0.999999106 0.000912599 0.000941148 0.160759374 -0.000915232 0.999995708 0.002801703 -0.359140158 -0.000938587 -0.002802562 0.999995649 10.297076225
0.999999344 0.000623073 0.000923825 0.173142612 -0.000625819 0.999995410 0.002975372 -0.370299190 -0.000921967 -0.002975949 0.999995112 10.660833359
0.999999046 0.000965723 0.001016154 0.169770911 -0.000968980 0.999994397 0.003209765 -0.389903963 -0.001013048 -0.003210747 0.999994278 11.001308441
0.999998748 0.001160159 0.001150278 0.177955657 -0.001163797 0.999994338 0.003166911 -0.400433689 -0.001146598 -0.003168245 0.999994338 11.378440857
0.999998212 0.001422204 0.001298393 0.183453009 -0.001426514 0.999993563 0.003324410 -0.407205403 -0.001293657 -0.003326256 0.999993622 11.774448395
0.999999046 0.000948208 0.000998895 0.196362123 -0.000951637 0.999993682 0.003437921 -0.422844559 -0.000995629 -0.003438869 0.999993622 12.136665344
0.999999046 0.000940751 0.001000090 0.208760545 -0.000944363 0.999993026 0.003616999 -0.439492524 -0.000996680 -0.003617940 0.999992907 12.505283356
0.999997973 0.001386341 0.001466529 0.211712167 -0.001392126 0.999991298 0.003950947 -0.450124800 -0.001461039 -0.003952981 0.999991059 12.909626007
0.999998569 0.001312579 0.001087014 0.229823619 -0.001317050 0.999990642 0.004122906 -0.468157470 -0.001081592 -0.004124332 0.999990940 13.289922714
0.999998391 0.001161671 0.001374067 0.236031517 -0.001167394 0.999990582 0.004171215 -0.478337407 -0.001369209 -0.004172811 0.999990404 13.702480316
0.999998689 0.000904635 0.001302220 0.249379292 -0.000910093 0.999990761 0.004196684 -0.489536226 -0.001298411 -0.004197864 0.999990284 14.106845856
0.999998808 0.000905076 0.001229044 0.263555199 -0.000910164 0.999991000 0.004145446 -0.503294408 -0.001225281 -0.004146561 0.999990582 14.527008057
0.999998152 0.000842823 0.001745439 0.271152049 -0.000850670 0.999989569 0.004499636 -0.515268743 -0.001741628 -0.004501112 0.999988317 14.955681801
0.999998093 0.000683746 0.001797632 0.276466072 -0.000691788 0.999989688 0.004477033 -0.531134307 -0.001794553 -0.004478268 0.999988377 15.356017113
0.999997377 0.000766544 0.002132276 0.288037509 -0.000776123 0.999989629 0.004495049 -0.540079236 -0.002128809 -0.004496693 0.999987662 15.797128677
0.999996364 0.000297068 0.002658854 0.293095410 -0.000310420 0.999987364 0.005022609 -0.560860932 -0.002657328 -0.005023417 0.999983788 16.219659805
0.999996066 -0.000125410 0.002785231 0.305297822 0.000110787 0.999986231 0.005249938 -0.576763988 -0.002785851 -0.005249609 0.999982297 16.657985687
0.999995708 0.000647444 0.002851000 0.314611077 -0.000661407 0.999987781 0.004899380 -0.585946739 -0.002847793 -0.004901245 0.999983907 17.101335526
0.999994874 0.000310809 0.003188071 0.323603779 -0.000326817 0.999987304 0.005021880 -0.594860017 -0.003186470 -0.005022896 0.999982297 17.571214676
0.999995053 -0.000046282 0.003139995 0.342978299 0.000030698 0.999987721 0.004962914 -0.609848857 -0.003140186 -0.004962793 0.999982715 18.027667999
0.999993265 0.000312617 0.003658977 0.343238592 -0.000332708 0.999984860 0.005491521 -0.622782052 -0.003657206 -0.005492702 0.999978185 18.473106384
0.999994397 -0.000173674 0.003366371 0.357990861 0.000155138 0.999984920 0.005505852 -0.633678734 -0.003367276 -0.005505299 0.999979138 18.936243057
0.999992788 0.000567303 0.003759204 0.369933039 -0.000588392 0.999984026 0.005611338 -0.646838307 -0.003755962 -0.005613509 0.999977231 19.419816971
0.999992788 0.000359449 0.003774568 0.381224781 -0.000382496 0.999981284 0.006106865 -0.674161553 -0.003772304 -0.006108264 0.999974251 19.881683350
0.999991477 0.000306111 0.004127362 0.393005311 -0.000332338 0.999979734 0.006355435 -0.686298370 -0.004125333 -0.006356752 0.999971330 20.377334595
0.999992788 0.000314405 0.003781937 0.402016401 -0.000339265 0.999978304 0.006574382 -0.700861692 -0.003779789 -0.006575617 0.999971271 20.879873276
0.999996841 -0.000215070 0.002483592 0.420130372 0.000199505 0.999980271 0.006266016 -0.712671161 -0.002484891 -0.006265501 0.999977291 21.329061508
0.999997675 -0.000407753 0.002119080 0.426781893 0.000394947 0.999981642 0.006039646 -0.723274827 -0.002121503 -0.006038796 0.999979496 21.828582764
0.999997854 -0.000042082 0.002071291 0.436501980 0.000029544 0.999981642 0.006052666 -0.735528231 -0.002071508 -0.006052592 0.999979556 22.334207535
0.999998391 -0.000269379 0.001813687 0.446145564 0.000258761 0.999982774 0.005852517 -0.749117970 -0.001815233 -0.005852038 0.999981225 22.849746704
0.999999583 -0.000380842 0.000803063 0.449939579 0.000375703 0.999979496 0.006389732 -0.770396292 -0.000805480 -0.006389428 0.999979258 23.355075836
0.999998868 -0.001515209 0.000140109 0.458314866 0.001514329 0.999980271 0.006085661 -0.781577945 -0.000149327 -0.006085441 0.999981523 23.876430511
0.999999881 -0.000417966 -0.000105567 0.474869579 0.000418624 0.999979973 0.006316875 -0.795552909 0.000102925 -0.006316918 0.999980032 24.374303818
0.999999702 -0.000113389 -0.000815650 0.484651178 0.000118703 0.999978781 0.006517939 -0.806974649 0.000814894 -0.006518033 0.999978423 24.914257050
0.999998510 0.000539464 -0.001621313 0.493793666 -0.000529096 0.999979496 0.006388265 -0.815520883 0.001624726 -0.006387397 0.999978304 25.435115814
0.999998212 0.000140099 -0.001893430 0.493013412 -0.000127305 0.999977112 0.006755281 -0.830740869 0.001894334 -0.006755029 0.999975324 25.968397141
0.999996901 -0.000704881 -0.002387564 0.503464997 0.000721879 0.999974310 0.007125982 -0.842110813 0.002382479 -0.007127683 0.999971747 26.518194199
0.999994040 -0.000753634 -0.003382959 0.526404619 0.000777544 0.999974668 0.007071930 -0.855823934 0.003377544 -0.007074517 0.999969244 27.082780838
0.999994695 0.000225207 -0.003255976 0.523499131 -0.000201845 0.999974191 0.007173749 -0.875546634 0.003257507 -0.007173053 0.999968946 27.581542969
0.999994755 0.000353924 -0.003246179 0.528445005 -0.000329611 0.999971926 0.007487473 -0.886156142 0.003248737 -0.007486363 0.999966681 28.124927521
0.999991775 -0.000112040 -0.004050869 0.545143485 0.000144436 0.999967992 0.007997930 -0.910724699 0.004049842 -0.007998450 0.999959707 28.667840958
0.999989927 -0.000442955 -0.004453585 0.547409832 0.000476770 0.999971032 0.007594597 -0.915482879 0.004450092 -0.007596644 0.999961257 29.195947647
0.999988139 -0.000199669 -0.004864323 0.553970218 0.000236805 0.999970853 0.007635036 -0.928322971 0.004862657 -0.007636097 0.999958992 29.719041824
0.999985516 -0.000204913 -0.005364274 0.575488687 0.000245213 0.999971807 0.007513233 -0.941239774 0.005362583 -0.007514441 0.999957323 30.261688232
0.999987483 -0.000059806 -0.005005948 0.559940517 0.000098306 0.999970436 0.007690964 -0.954091966 0.005005339 -0.007691361 0.999957860 30.791606903
0.999985933 0.000134671 -0.005311335 0.565460563 -0.000093584 0.999970019 0.007735197 -0.970505118 0.005312217 -0.007734591 0.999956012 31.276084900
0.999982476 -0.000065841 -0.005918381 0.601066709 0.000114333 0.999966443 0.008193582 -1.009982944 0.005917642 -0.008194116 0.999948919 31.775775909
0.999984562 0.000121310 -0.005569839 0.604266047 -0.000074700 0.999964952 0.008367725 -1.012553692 0.005570659 -0.008367179 0.999949455 32.315082550
0.999981821 0.000241455 -0.006013688 0.592902899 -0.000193876 0.999968648 0.007911144 -1.011188030 0.006015409 -0.007909833 0.999950647 32.953907013
0.999981225 0.000363245 -0.006107184 0.597977579 -0.000314122 0.999967635 0.008042399 -1.021294832 0.006109906 -0.008040329 0.999949038 33.508098602
0.999978840 0.000614571 -0.006469308 0.601861715 -0.000562054 0.999966919 0.008116622 -1.030884027 0.006474082 -0.008112813 0.999946237 34.055080414
0.999977767 -0.000167377 -0.006670862 0.611881375 0.000222675 0.999965608 0.008289594 -1.044852018 0.006669245 -0.008290893 0.999943376 34.577053070
0.999979377 0.000106738 -0.006423127 0.615247846 -0.000050686 0.999961913 0.008726160 -1.090692043 0.006423815 -0.008725654 0.999941289 35.046287537
0.999976575 -0.000472937 -0.006830697 0.624183059 0.000529873 0.999965072 0.008336009 -1.097089291 0.006826517 -0.008339434 0.999941885 35.603950500
0.999974489 -0.000317320 -0.007138490 0.627659440 0.000379965 0.999961436 0.008776103 -1.117491007 0.007135430 -0.008778592 0.999936044 36.144119263
0.999974251 0.000066505 -0.007184555 0.647716701 -0.000003511 0.999961555 0.008767640 -1.122455597 0.007184862 -0.008767387 0.999935746 36.712955475
0.999973476 -0.000738264 -0.007234776 0.621212542 0.000806241 0.999955475 0.009397503 -1.174927711 0.007227517 -0.009403087 0.999929667 37.249370575
0.999972999 -0.000677940 -0.007306376 0.630657077 0.000744152 0.999958634 0.009063344 -1.181031704 0.007299928 -0.009068538 0.999932230 37.796150208
0.999969661 -0.001241951 -0.007690705 0.640989780 0.001319845 0.999947786 0.010131515 -1.196228743 0.007677721 -0.010141360 0.999919116 38.332569122
0.999973834 -0.000048183 -0.007236901 0.642420530 0.000115373 0.999956906 0.009284083 -1.200400949 0.007236143 -0.009284678 0.999930739 38.884105682
0.999969840 -0.000435429 -0.007755283 0.647761941 0.000509419 0.999954343 0.009541110 -1.239798307 0.007750775 -0.009544776 0.999924362 39.430080414
0.999967039 -0.000606471 -0.008099132 0.668257713 0.000686264 0.999951243 0.009852977 -1.257840633 0.008092761 -0.009858210 0.999918640 39.948539734
0.999968827 -0.000336490 -0.007893547 0.670585334 0.000412475 0.999953568 0.009626582 -1.264714241 0.007889941 -0.009629538 0.999922454 40.518207550
0.999970615 0.000320397 -0.007664172 0.669533014 -0.000248041 0.999955356 0.009439889 -1.269446611 0.007666855 -0.009437711 0.999926090 41.077465057
0.999968410 0.000589107 -0.007929654 0.682530701 -0.000519217 0.999961019 0.008812925 -1.270705938 0.007934536 -0.008808528 0.999929726 41.628360748
0.999968231 -0.000325562 -0.007964561 0.663557291 0.000407899 0.999946475 0.010338507 -1.318386316 0.007960770 -0.010341427 0.999914765 42.117153168
0.999967515 -0.000286219 -0.008057572 0.675269842 0.000369655 0.999946296 0.010355411 -1.328655124 0.008054176 -0.010358053 0.999913931 42.658794403
0.999966264 -0.000722047 -0.008180411 0.673619509 0.000806173 0.999946713 0.010285174 -1.334785223 0.008172550 -0.010291422 0.999913573 43.212436676
0.999966621 -0.000788456 -0.008132318 0.677763343 0.000871111 0.999947965 0.010165256 -1.343095303 0.008123880 -0.010172001 0.999915242 43.748512268
0.999965608 -0.000446440 -0.008281245 0.684185982 0.000531805 0.999946713 0.010308827 -1.356522799 0.008276202 -0.010312877 0.999912560 44.280124664
0.999967515 -0.000038440 -0.008068644 0.688883781 0.000119767 0.999949217 0.010079138 -1.366621017 0.008067848 -0.010079777 0.999916613 44.839694977
0.999965370 -0.000306270 -0.008315912 0.703877687 0.000391901 0.999946892 0.010297521 -1.379640341 0.008312317 -0.010300421 0.999912381 45.354259491
0.999961674 -0.000349033 -0.008747852 0.706617951 0.000441163 0.999944448 0.010532002 -1.393455386 0.008743691 -0.010535459 0.999906242 45.882751465
0.999961317 -0.000859974 -0.008754871 0.706281781 0.000955827 0.999939620 0.010950296 -1.410127759 0.008744924 -0.010958240 0.999901652 46.457180023
0.999965131 -0.000440069 -0.008337125 0.709108829 0.000532198 0.999938786 0.011051429 -1.434379339 0.008331752 -0.011055482 0.999904096 46.950134277
0.999954283 -0.001084865 -0.009495378 0.724126577 0.001188966 0.999939144 0.010964551 -1.442642927 0.009482903 -0.010975340 0.999894738 47.494514465
0.999968827 -0.000308481 -0.007886563 0.720842242 0.000397080 0.999936819 0.011235080 -1.461366177 0.007882600 -0.011237863 0.999905705 47.996589661
0.999964714 -0.000650272 -0.008365960 0.734792471 0.000742921 0.999938428 0.011076211 -1.470980406 0.008358241 -0.011082037 0.999903619 48.545818329
0.999966919 -0.000234477 -0.008119596 0.735514164 0.000327916 0.999933720 0.011508388 -1.484176636 0.008116359 -0.011510671 0.999900818 49.070545197
0.999967456 0.000187830 -0.008058539 0.733776331 -0.000093774 0.999931872 0.011670443 -1.493969321 0.008060183 -0.011669309 0.999899447 49.608604431
0.999967098 -0.000266715 -0.008108215 0.744584084 0.000358699 0.999935687 0.011345173 -1.503117323 0.008104667 -0.011347711 0.999902785 50.132061005
0.999969900 0.000007277 -0.007753384 0.746658087 0.000080619 0.999935746 0.011336092 -1.513970137 0.007752968 -0.011336377 0.999905705 50.676826477
0.999966860 -0.000364239 -0.008126466 0.755623102 0.000461267 0.999928594 0.011941160 -1.526869774 0.008121536 -0.011944515 0.999895632 51.191577911
0.999966383 -0.000283771 -0.008196307 0.763664246 0.000378840 0.999932647 0.011599781 -1.535378933 0.008192465 -0.011602495 0.999899089 51.729171753
0.999965310 -0.000339934 -0.008320592 0.773402452 0.000438198 0.999930143 0.011810794 -1.544078112 0.008315996 -0.011814031 0.999895632 52.265853882
0.999963641 -0.000638111 -0.008500255 0.783154666 0.000737719 0.999931097 0.011720240 -1.554891109 0.008492189 -0.011726085 0.999895215 52.813804626
0.999962449 -0.000632332 -0.008645657 0.785313368 0.000736163 0.999927521 0.012011712 -1.571590424 0.008637436 -0.012017623 0.999890506 53.388023376
0.999965608 -0.000289252 -0.008285318 0.793659568 0.000389223 0.999927044 0.012066940 -1.580758333 0.008281224 -0.012069750 0.999892831 53.868312836
0.999967992 -0.000380372 -0.007987220 0.789126039 0.000474934 0.999929667 0.011840554 -1.595645070 0.007982155 -0.011843969 0.999897957 54.412693024
0.999964833 -0.000183627 -0.008376718 0.807705879 0.000283544 0.999928832 0.011928290 -1.596593618 0.008373930 -0.011930247 0.999893785 54.941963196
0.999965370 -0.000227154 -0.008311929 0.815432310 0.000325858 0.999929488 0.011875640 -1.603435516 0.008308643 -0.011877937 0.999894977 55.492351532
0.999968171 0.000289283 -0.007966014 0.812251210 -0.000193339 0.999927461 0.012042277 -1.616081238 0.007968920 -0.012040353 0.999895811 56.038856506
0.999968886 0.000273106 -0.007869441 0.816332817 -0.000178636 0.999927938 0.012002882 -1.625755072 0.007872151 -0.012001104 0.999897003 56.602764130
0.999967515 -0.000125890 -0.008058527 0.818346500 0.000222949 0.999927402 0.012044520 -1.633001089 0.008056427 -0.012045925 0.999894977 57.180164337
0.999965906 -0.000398017 -0.008240787 0.838020086 0.000501036 0.999921739 0.012502814 -1.661240220 0.008235165 -0.012506519 0.999887884 57.553668976
0.999966085 -0.000207612 -0.008234679 0.847130537 0.000312220 0.999919295 0.012704082 -1.669979811 0.008231376 -0.012706223 0.999885440 58.092475891
0.999965370 0.000218543 -0.008309639 0.854013205 -0.000111629 0.999917269 0.012864575 -1.683254242 0.008311763 -0.012863203 0.999882758 58.626819611
0.999966979 0.000010937 -0.008126770 0.848137736 0.000091390 0.999920726 0.012590930 -1.685885429 0.008126264 -0.012591260 0.999887645 59.162815094
0.999966323 -0.000069271 -0.008204608 0.854286015 0.000171256 0.999922693 0.012430192 -1.687464714 0.008203113 -0.012431179 0.999889076 59.720710754
0.999967396 -0.000112000 -0.008075821 0.866361380 0.000211387 0.999924242 0.012306881 -1.702345610 0.008073831 -0.012308188 0.999891639 60.246562958
0.999965608 0.000063187 -0.008291909 0.885403335 0.000044944 0.999915004 0.013039721 -1.716718435 0.008292027 -0.013039646 0.999880612 60.794414520
0.999963641 -0.000165110 -0.008523736 0.878932416 0.000277487 0.999913096 0.013184476 -1.733969927 0.008520818 -0.013186361 0.999876678 61.289043427
0.999963343 -0.000519506 -0.008543936 0.896343827 0.000630552 0.999915302 0.012999580 -1.772253990 0.008536459 -0.013004494 0.999879003 61.784412384
0.999964416 -0.000180328 -0.008433241 0.895694494 0.000288347 0.999917984 0.012809282 -1.772472382 0.008430238 -0.012811259 0.999882400 62.345367432
0.999961555 0.000113746 -0.008776534 0.903226554 -0.000001853 0.999918759 0.012748119 -1.785987377 0.008777273 -0.012747616 0.999880254 62.893161774
0.999959826 -0.000202375 -0.008963095 0.903649271 0.000320310 0.999913335 0.013158338 -1.793347836 0.008959658 -0.013160680 0.999873221 63.399700165
0.999961793 0.000160593 -0.008742762 0.897021413 -0.000047458 0.999916315 0.012939128 -1.802456141 0.008744108 -0.012938219 0.999878109 63.961509705
0.999969721 0.001178021 -0.007690982 0.907357574 -0.001072858 0.999906063 0.013663414 -1.857081652 0.007706356 -0.013654750 0.999877036 64.404212952
0.999967873 0.000950178 -0.007951505 0.920748532 -0.000841078 0.999905646 0.013712809 -1.861871719 0.007963784 -0.013705684 0.999874353 64.958442688
0.999969780 0.001322008 -0.007663208 0.924140871 -0.001218975 0.999908984 0.013434345 -1.864313126 0.007680271 -0.013424597 0.999880373 65.510322571
0.999969184 0.001265358 -0.007744546 0.934670925 -0.001163145 0.999912262 0.013188375 -1.870531440 0.007760554 -0.013178960 0.999883056 66.052268982
0.999969542 0.001390800 -0.007679370 0.914495528 -0.001285648 0.999905586 0.013680854 -1.891839981 0.007697673 -0.013670566 0.999876976 66.559776306
0.999969304 0.002865742 -0.007287669 0.925364017 -0.002762324 0.999895930 0.014161421 -1.936367989 0.007327492 -0.014140857 0.999873161 67.020462036
0.999969721 0.003004750 -0.007183432 0.930395007 -0.002902107 0.999894202 0.014256878 -1.941037893 0.007225510 -0.014235599 0.999872506 67.576248169
0.999970376 0.002974398 -0.007101966 0.927197218 -0.002875159 0.999898672 0.013942910 -1.943869233 0.007142718 -0.013922079 0.999877572 68.143753052
0.999965847 0.003364990 -0.007551930 0.942455947 -0.003256433 0.999891877 0.014341331 -1.960752249 0.007599371 -0.014316249 0.999868631 68.621604919
0.999965608 0.002411671 -0.007938120 0.952813804 -0.002297758 0.999894679 0.014328024 -1.961095929 0.007971839 -0.014309290 0.999865830 69.170722961
0.999970257 0.003026689 -0.007096653 0.927956879 -0.002926301 0.999896109 0.014113823 -1.977483392 0.007138632 -0.014092639 0.999875128 69.673370361
0.999971390 0.003146128 -0.006878382 0.934566855 -0.003049605 0.999897361 0.013998471 -1.984917402 0.006921718 -0.013977095 0.999878287 70.218444824
0.999969363 0.002722613 -0.007331469 0.945458174 -0.002620363 0.999899685 0.013920316 -1.988489628 0.007368634 -0.013900680 0.999876142 70.759933472
0.999971747 0.003159386 -0.006824619 0.943159580 -0.003062393 0.999894738 0.014176293 -2.010088921 0.006868690 -0.014154994 0.999876201 71.228691101
0.999972701 0.003403988 -0.006562121 0.946815729 -0.003312747 0.999898314 0.013865381 -2.016001701 0.006608651 -0.013843262 0.999882340 71.780487061
0.999971092 0.003387944 -0.006806513 0.952010751 -0.003290371 0.999892354 0.014295706 -2.027730227 0.006854212 -0.014272897 0.999874592 72.272064209
0.999972820 0.003815709 -0.006303691 0.956475377 -0.003724600 0.999889314 0.014402373 -2.039324760 0.006357948 -0.014378503 0.999876440 72.819778442
0.999971092 0.003299574 -0.006847262 0.972886324 -0.003201768 0.999893367 0.014246155 -2.047739506 0.006893538 -0.014223819 0.999875069 73.348442078
0.999970376 0.003380025 -0.006910279 0.988225520 -0.003283134 0.999896824 0.013984838 -2.045168400 0.006956835 -0.013961735 0.999878287 73.837608337
0.999971449 0.003651805 -0.006620348 0.999445677 -0.003557321 0.999892533 0.014227808 -2.059657097 0.006671593 -0.014203851 0.999876857 74.369491577
0.999970794 0.003242965 -0.006927053 1.012716532 -0.003143236 0.999891996 0.014359767 -2.068609476 0.006972873 -0.014337574 0.999872863 74.896194458
0.999973059 0.003124715 -0.006641970 1.029389620 -0.003028459 0.999890924 0.014453170 -2.076940536 0.006686407 -0.014432666 0.999873519 75.415405273
0.999973238 0.003882632 -0.006200389 0.980496407 -0.003791402 0.999885380 0.014658323 -2.089361429 0.006256591 -0.014634424 0.999873340 75.919021606
0.999973059 0.002983736 -0.006696844 1.008056402 -0.002885387 0.999888539 0.014647812 -2.108804703 0.006739803 -0.014628096 0.999870241 76.438652039
0.999975026 0.002676204 -0.006533581 1.015717030 -0.002581337 0.999891818 0.014485331 -2.114534378 0.006571639 -0.014468107 0.999873698 76.991027832
0.999975502 0.003078736 -0.006286993 1.018387556 -0.002986918 0.999889493 0.014561852 -2.121307373 0.006331129 -0.014542717 0.999874234 77.492851257
0.999974847 0.003426379 -0.006210809 1.025902510 -0.003337106 0.999891698 0.014327738 -2.130141735 0.006259229 -0.014306651 0.999877989 78.019592285
0.999973416 0.003587753 -0.006343659 1.036123991 -0.003496742 0.999891579 0.014300051 -2.140351295 0.006394277 -0.014277487 0.999877632 78.559318542
0.999977648 0.003417649 -0.005741729 1.041336060 -0.003333775 0.999888480 0.014554360 -2.145351887 0.005790832 -0.014534893 0.999877512 79.084709167
0.999983907 0.003440536 -0.004514393 1.043855190 -0.003375176 0.999890506 0.014406765 -2.153229237 0.004563467 -0.014391297 0.999886036 79.629997253
0.999989510 0.003196032 -0.003286110 1.059483767 -0.003147377 0.999886930 0.014706300 -2.162061214 0.003332740 -0.014695803 0.999886453 80.181144714
0.999994099 0.002623869 -0.002229730 1.070637226 -0.002591433 0.999892533 0.014427874 -2.169526100 0.002267347 -0.014422011 0.999893427 80.717987061
0.999992490 0.003506910 0.001641276 1.093519449 -0.003530189 0.999889970 0.014402417 -2.187767506 -0.001590587 -0.014408102 0.999894917 81.247856140
0.999977410 0.003697781 0.005618216 1.110512495 -0.003779477 0.999886215 0.014600951 -2.199366093 -0.005563586 -0.014621855 0.999877572 81.782142639
0.999956071 0.003921517 0.008504170 1.126736879 -0.004044574 0.999886811 0.014501798 -2.200055122 -0.008446337 -0.014535558 0.999858677 82.344390869
0.999904871 0.003778250 0.013264337 1.153999090 -0.003968707 0.999888957 0.014361704 -2.217938423 -0.013208604 -0.014412981 0.999808908 82.862625122
0.999794126 0.004514247 0.019782178 1.156369925 -0.004804873 0.999880791 0.014668490 -2.224663258 -0.019713607 -0.014760520 0.999696672 83.384162903
0.999661982 0.004446172 0.025613865 1.188205361 -0.004819534 0.999882758 0.014533288 -2.232898235 -0.025546245 -0.014651825 0.999566257 83.928138733
0.999529898 0.003630803 0.030444194 1.260760665 -0.004073655 0.999886632 0.014496986 -2.252498865 -0.030388109 -0.014614190 0.999431252 84.465782166
0.999251902 0.004397286 0.038425237 1.268650293 -0.004937132 0.999890149 0.013965652 -2.236108541 -0.038359612 -0.014144911 0.999163926 85.034027100
0.998942971 0.002861462 0.045877554 1.348935843 -0.003515384 0.999893308 0.014179292 -2.268332243 -0.045832090 -0.014325580 0.998846412 85.550727844
0.998580873 0.003032617 0.053169407 1.381023884 -0.003792897 0.999891877 0.014204137 -2.271425724 -0.053120591 -0.014385643 0.998484492 86.144256592
0.998106480 0.002126669 0.061473034 1.444172382 -0.002988919 0.999898374 0.013937927 -2.271431923 -0.061437141 -0.014095271 0.998011410 86.652351379
0.997420967 0.002664713 0.071722716 1.503282547 -0.003706867 0.999889374 0.014401133 -2.293420315 -0.071676403 -0.014629863 0.997320652 87.198081970
0.996771216 0.002408186 0.080257945 1.577570438 -0.003563397 0.999892056 0.014253602 -2.307621479 -0.080214940 -0.014493573 0.996672213 87.759513855
0.996060729 0.002762214 0.088629819 1.631989956 -0.004039889 0.999890447 0.014239718 -2.313082933 -0.088580765 -0.014541675 0.995962977 88.266899109
0.995072901 0.002666169 0.099109910 1.718239307 -0.004098666 0.999890029 0.014252824 -2.321628571 -0.099060990 -0.014588816 0.994974434 88.819999695
0.993947864 0.002629248 0.109821185 1.791091919 -0.004211577 0.999890625 0.014178752 -2.327305555 -0.109771878 -0.014555461 0.993850350 89.358100891
0.992947221 0.001516943 0.118547380 1.886032104 -0.003197766 0.999897003 0.013989569 -2.337665558 -0.118513934 -0.014269991 0.992849827 89.902954102
0.991575062 0.001755132 0.129521415 1.992939949 -0.003629878 0.999891996 0.014239759 -2.346970081 -0.129482418 -0.014589936 0.991474509 90.445022583
0.989935160 0.001420040 0.141515389 2.092097282 -0.003433277 0.999896348 0.013983125 -2.354267120 -0.141480878 -0.014328248 0.989837289 90.998641968
0.988353670 0.000785863 0.152173162 2.203160286 -0.002915350 0.999900937 0.013771222 -2.366916656 -0.152147263 -0.014054474 0.988257885 91.520019531
0.986689329 0.000606121 0.162615538 2.315535545 -0.002894219 0.999900043 0.013834066 -2.372431755 -0.162590876 -0.014120569 0.986592531 92.075263977
0.984463334 0.000724317 0.175588295 2.441051483 -0.003128667 0.999905050 0.013416673 -2.381944418 -0.175561905 -0.013757579 0.984372258 92.607780457
0.982141137 0.000361218 0.188144937 2.551686287 -0.003035562 0.999898374 0.013926334 -2.388823986 -0.188120782 -0.014248751 0.982042551 93.160179138
0.980212927 -0.000175578 0.197945833 2.682439804 -0.002525384 0.999907136 0.013392429 -2.392048836 -0.197929785 -0.013627321 0.980121434 93.701728821
0.977498472 -0.000527787 0.210941851 2.818876266 -0.002400901 0.999904335 0.013627520 -2.399762630 -0.210928857 -0.013827331 0.977403641 94.233695984
0.974503100 -0.000738692 0.224372700 2.972631454 -0.002353357 0.999905944 0.013513125 -2.407684803 -0.224361584 -0.013696610 0.974409819 94.774284363
0.971785247 -0.000806816 0.235865861 3.116010666 -0.002371407 0.999910235 0.013190726 -2.413007736 -0.235855341 -0.013377887 0.971696138 95.308494568
0.968764007 -0.000773807 0.247983292 3.287220001 -0.002600483 0.999908388 0.013279082 -2.423250437 -0.247970864 -0.013509174 0.968673289 95.845024109
0.964946449 -0.000810087 0.262445688 3.451267242 -0.002906957 0.999900937 0.013774524 -2.434564114 -0.262430847 -0.014054596 0.964848459 96.368568420
0.961532056 -0.000272633 0.274692714 3.625043869 -0.003612444 0.999900460 0.013637370 -2.441800594 -0.274669111 -0.014105080 0.961435378 96.918228149
0.958213210 -0.001100520 0.286052853 3.815269470 -0.002783354 0.999909341 0.013170528 -2.439005375 -0.286041409 -0.013416363 0.958123267 97.489761353
0.953864396 -0.000501496 0.300237715 4.022148132 -0.003462045 0.999913752 0.012669204 -2.400382519 -0.300218254 -0.013124137 0.953780234 98.087814331
0.949551284 -0.001235052 0.313609362 4.212186813 -0.003054528 0.999908388 0.013186369 -2.453605890 -0.313596904 -0.013479062 0.949460506 98.535972595
0.945733249 -0.002100428 0.324937224 4.413675308 -0.002275614 0.999911785 0.013086730 -2.457955122 -0.324936122 -0.013115987 0.945644975 99.059051514
0.941330314 -0.002244349 0.337479055 4.629316330 -0.002370359 0.999909282 0.013261379 -2.467621326 -0.337478191 -0.013283283 0.941239595 99.575492859
0.936154068 -0.001771898 0.351585805 4.840772629 -0.003023361 0.999909759 0.013089459 -2.476390362 -0.351577342 -0.013316723 0.936064124 100.077987671
0.931450307 -0.002155967 0.363862038 5.068790436 -0.002785258 0.999910891 0.013054687 -2.482844830 -0.363857746 -0.013173243 0.931361377 100.599494934
0.927336991 -0.003051873 0.374214709 5.296693802 -0.001965856 0.999913216 0.013026262 -2.488729477 -0.374221951 -0.012815388 0.927250624 101.109939575
0.921640933 -0.002708362 0.388034523 5.528934479 -0.002478764 0.999914169 0.012866531 -2.492995739 -0.388036191 -0.012820167 0.921554983 101.616188049
0.915993333 -0.003175706 0.401180923 5.772464752 -0.002119765 0.999916315 0.012755173 -2.496767998 -0.401187837 -0.012534062 0.915910065 102.118247986
0.910996079 -0.003952725 0.412396014 6.027862549 -0.001421508 0.999918044 0.012724152 -2.505839825 -0.412412554 -0.012177877 0.910915792 102.621452332
0.904599667 -0.004181058 0.426241755 6.286376953 -0.001339177 0.999919057 0.012650426 -2.510476828 -0.426260114 -0.012014382 0.904520869 103.114303589
0.897892833 -0.004436257 0.440191567 6.557407379 -0.001216940 0.999920368 0.012559498 -2.520069599 -0.440212280 -0.011812773 0.897816002 103.606788635
0.891725481 -0.004942088 0.452549756 6.827358246 -0.001007895 0.999916196 0.012905629 -2.532783985 -0.452575684 -0.011964401 0.891645730 104.085166931
0.886394560 -0.005565737 0.462896854 7.117034912 -0.000294801 0.999920726 0.012587268 -2.533230782 -0.462930202 -0.011293749 0.886322677 104.590354919
0.879285514 -0.006126482 0.476255774 7.394504547 0.000079467 0.999919116 0.012716093 -2.545332909 -0.476295114 -0.011143231 0.879214883 105.032966614
0.872058094 -0.006121074 0.489364117 7.690368652 -0.000279790 0.999915361 0.013005753 -2.553391457 -0.489402324 -0.011478690 0.871982515 105.538589478
