1.000000000 0.000000000 0.000000000 0.000000000 0.000000000 1.000000000 0.000000000 0.000000000 0.000000000 0.000000000 1.000000000 0.000000000
1.000000000 0.000063903 -0.000000023 0.000229289 -0.000063903 1.000000000 -0.000051270 0.000828574 0.000000020 0.000051270 1.000000000 0.000430029
1.000000000 0.000040510 0.000054739 -0.000259378 -0.000040512 1.000000000 0.000041886 0.000004456 -0.000054737 -0.000041888 1.000000000 0.000283675
1.000000000 -0.000095297 0.000067972 -0.000316962 0.000095298 1.000000000 -0.000008080 0.000692657 -0.000067971 0.000008086 1.000000000 0.000567237
1.000000000 -0.000101628 0.000098714 -0.000282021 0.000101623 1.000000000 0.000051197 -0.000102915 -0.000098720 -0.000051187 1.000000000 0.000115534
1.000000000 0.000048124 0.000133467 -0.000669172 -0.000048125 1.000000000 0.000009824 0.000595665 -0.000133466 -0.000009830 1.000000000 0.000277357
1.000000000 -0.000112089 0.000077861 0.000044972 0.000112089 1.000000000 0.000004681 0.000137492 -0.000077861 -0.000004673 1.000000000 0.000345603
1.000000000 -0.000000165 0.000074053 -0.000508968 0.000000160 1.000000000 0.000061333 -0.000320440 -0.000074053 -0.000061333 1.000000000 0.000160686
1.000000000 0.000022560 -0.000016241 -0.000681466 -0.000022561 1.000000000 -0.000060296 -0.000189205 0.000016239 0.000060296 1.000000000 -0.000673064
1.000000000 -0.000053025 0.000064844 0.000037221 0.000053024 1.000000000 0.000024785 -0.000876761 -0.000064845 -0.000024782 1.000000000 0.000006400
1.000000000 0.000041998 0.000048795 -0.000743113 -0.000042000 1.000000000 0.000058006 -0.001125839 -0.000048793 -0.000058008 1.000000000 -0.000378618
1.000000000 -0.000062784 0.000053806 -0.000769363 0.000062781 1.000000000 0.000050444 -0.000653301 -0.000053809 -0.000050440 1.000000000 -0.000863967
1.000000000 0.000018856 -0.000014307 -0.000635921 -0.000018857 1.000000000 -0.000086957 -0.000523419 0.000014306 0.000086957 1.000000000 -0.001282297
1.000000000 -0.000007583 0.000056669 -0.000707876 0.000007585 1.000000000 -0.000037589 0.000420797 -0.000056669 0.000037589 1.000000000 0.000927777
1.000000000 0.000020028 0.000065797 -0.000910186 -0.000020022 1.000000000 -0.000094145 0.000963449 -0.000065799 0.000094144 1.000000000 0.000972757
1.000000000 -0.000043440 -0.000026245 0.000849884 0.000043439 1.000000000 -0.000068737 0.000800325 0.000026248 0.000068736 1.000000000 0.002003930
1.000000000 0.000093377 0.000100661 -0.000867453 -0.000093363 1.000000000 -0.000138487 0.001678399 -0.000100674 0.000138478 1.000000000 0.002153035
1.000000000 0.000134196 0.000076273 -0.001039425 -0.000134185 1.000000000 -0.000137676 0.000843977 -0.000076292 0.000137665 1.000000000 0.001485170
1.000000000 0.000159364 0.000133991 -0.001028973 -0.000159351 1.000000000 -0.000091144 0.001431850 -0.000134006 0.000091122 1.000000000 0.002335418
1.000000000 0.000094580 0.000143608 -0.001011476 -0.000094569 1.000000000 -0.000076504 0.000418624 -0.000143615 0.000076490 1.000000000 0.001224547
1.000000000 0.000011851 0.000082416 -0.001135121 -0.000011848 1.000000000 -0.000033348 0.000196059 -0.000082416 0.000033347 1.000000000 0.000843873
1.000000000 0.000152851 0.000089731 -0.001163832 -0.000152850 1.000000000 -0.000011938 0.000858066 -0.000089732 0.000011924 1.000000000 0.000737714
1.000000000 0.000098826 0.000001094 -0.000395931 -0.000098826 1.000000000 -0.000077945 0.001478529 -0.000001101 0.000077945 1.000000000 0.002541852
1.000000000 0.000065922 0.000052888 -0.000954125 -0.000065919 1.000000000 -0.000066488 0.001793540 -0.000052893 0.000066485 1.000000000 0.002425356
0.999999940 0.000359076 0.000053717 -0.001199755 -0.000359073 0.999999940 -0.000052656 0.002060801 -0.000053736 0.000052637 1.000000000 0.003453249
0.999999940 0.000230426 0.000099556 -0.001254073 -0.000230422 1.000000000 -0.000036287 0.001506464 -0.000099565 0.000036264 1.000000000 0.001394665
1.000000000 0.000042050 0.000142854 -0.000630119 -0.000042044 1.000000000 -0.000039761 0.002422283 -0.000142856 0.000039755 1.000000000 0.003119135
1.000000000 0.000146510 0.000183100 -0.001713431 -0.000146505 1.000000000 -0.000026940 0.001611294 -0.000183104 0.000026913 1.000000000 0.002337839
1.000000000 0.000183891 0.000082412 -0.001325971 -0.000183885 1.000000000 -0.000079375 0.002351659 -0.000082427 0.000079360 1.000000000 0.002163684
1.000000000 0.000016922 0.000052164 -0.001076389 -0.000016920 1.000000000 -0.000027334 0.000969543 -0.000052165 0.000027334 1.000000000 0.001460338
1.000000000 0.000108147 0.000174729 -0.001734537 -0.000108151 1.000000000 0.000026673 0.001060594 -0.000174726 -0.000026692 1.000000000 0.002375862
1.000000000 0.000052112 0.000173914 -0.001129057 -0.000052103 1.000000000 -0.000052202 0.002179054 -0.000173917 0.000052193 1.000000000 0.003741359
1.000000000 0.000205864 0.000085473 -0.000735718 -0.000205846 0.999999940 -0.000209449 0.003456627 -0.000085516 0.000209431 1.000000000 0.003780573
1.000000000 0.000132914 0.000137618 -0.001082240 -0.000132903 1.000000000 -0.000084865 0.001672155 -0.000137629 0.000084846 1.000000000 0.001535836
0.999999940 0.000228981 0.000172584 -0.002329951 -0.000228955 0.999999940 -0.000148516 0.002079717 -0.000172618 0.000148476 1.000000000 0.002360041
0.999999940 0.000170268 0.000207193 -0.001810069 -0.000170250 1.000000000 -0.000090499 0.001154071 -0.000207208 0.000090464 1.000000000 0.001350318
1.000000000 0.000106216 0.000029148 -0.001898508 -0.000106216 1.000000000 0.000019698 0.000552505 -0.000029146 -0.000019701 1.000000000 -0.000151592
1.000000000 0.000153700 0.000086063 -0.001565898 -0.000153698 1.000000000 -0.000020930 0.001845562 -0.000086066 0.000020917 1.000000000 0.001662152
0.999999940 0.000227827 0.000181682 -0.001979793 -0.000227815 1.000000000 -0.000067759 0.001826995 -0.000181697 0.000067717 1.000000000 0.001419462
0.999999940 0.000234903 0.000128760 -0.000987424 -0.000234892 0.999999940 -0.000084402 0.002809536 -0.000128780 0.000084372 1.000000000 0.002893035
1.000000000 0.000020879 0.000050430 0.000125198 -0.000020874 1.000000000 -0.000098991 0.000953351 -0.000050432 0.000098990 1.000000000 0.002401408
0.999999881 0.000475232 0.000159913 0.000056730 -0.000475126 0.999999583 -0.000663871 -0.001264279 -0.000160228 0.000663795 0.999999762 0.053058688
0.999999940 0.000369933 0.000148828 0.001728272 -0.000369737 0.999999046 -0.001312000 -0.002007704 -0.000149313 0.001311945 0.999999106 0.142669976
0.999999523 0.001001438 -0.000045355 0.001289882 -0.001001483 0.999998987 -0.001002654 -0.012130126 0.000044351 0.001002699 0.999999523 0.252290636
0.999999523 0.001017385 -0.000032318 0.004293911 -0.001017416 0.999999046 -0.000954880 -0.014590916 0.000031347 0.000954913 0.999999523 0.384722680
0.999999464 0.001040908 -0.000074090 0.006133497 -0.001040961 0.999999225 -0.000722743 -0.018977437 0.000073338 0.000722820 0.999999762 0.527253211
0.999999881 0.000427598 0.000127959 0.014324400 -0.000427547 0.999999821 -0.000401783 -0.023959259 -0.000128131 0.000401728 0.999999940 0.677643359
1.000000000 0.000060921 0.000093031 0.020087114 -0.000060895 0.999999940 -0.000277236 -0.026169699 -0.000093048 0.000277231 0.999999940 0.839089453
0.999999940 0.000006094 0.000277969 0.016975362 -0.000005944 0.999999821 -0.000537847 -0.028728338 -0.000277972 0.000537845 0.999999762 1.015529156
1.000000000 0.000053293 0.000123471 0.023217760 -0.000053236 0.999999881 -0.000458520 -0.034251470 -0.000123495 0.000458514 0.999999881 1.189046860
0.999999583 0.000720960 0.000416801 0.027041197 -0.000720973 0.999999702 0.000030512 -0.042272326 -0.000416779 -0.000030813 0.999999940 1.378990769
0.999999642 0.000712063 0.000253663 0.031835798 -0.000712055 0.999999762 -0.000031079 -0.044718001 -0.000253685 0.000030898 1.000000000 1.573473215
0.999999881 0.000167975 0.000203040 0.032661304 -0.000168033 0.999999940 0.000288073 -0.051760577 -0.000202991 -0.000288107 0.999999940 1.770443916
0.999999762 0.000353172 0.000497341 0.034321990 -0.000353396 0.999999821 0.000450357 -0.060502514 -0.000497182 -0.000450532 0.999999702 1.966734886
0.999999940 0.000077072 0.000389897 0.040931042 -0.000077302 0.999999821 0.000589432 -0.068512700 -0.000389851 -0.000589462 0.999999762 2.172466993
1.000000000 0.000015521 0.000229827 0.044001903 -0.000015622 0.999999881 0.000439120 -0.072207391 -0.000229820 -0.000439124 0.999999821 2.391135454
0.999999762 0.000479393 0.000424680 0.046890721 -0.000479526 0.999999821 0.000313929 -0.076925173 -0.000424530 -0.000314132 0.999999821 2.614697933
0.999999762 0.000393169 0.000500161 0.052702390 -0.000393414 0.999999821 0.000489675 -0.083739057 -0.000499968 -0.000489871 0.999999762 2.842479229
0.999999821 0.000321817 0.000469144 0.057238996 -0.000322111 0.999999762 0.000627060 -0.088582009 -0.000468942 -0.000627211 0.999999702 3.085079193
0.999999285 0.000796274 0.000828775 0.059441850 -0.000796943 0.999999285 0.000808268 -0.098555937 -0.000828131 -0.000808928 0.999999344 3.315630913
0.999999762 0.000297170 0.000483215 0.070797749 -0.000297587 0.999999523 0.000863070 -0.108570620 -0.000482958 -0.000863214 0.999999523 3.566633224
0.999999642 0.000625037 0.000413349 0.075663127 -0.000625380 0.999999344 0.000830670 -0.114478499 -0.000412830 -0.000830928 0.999999583 3.826437712
0.999999523 0.000559129 0.000827812 0.076142669 -0.000559648 0.999999583 0.000626889 -0.116003126 -0.000827461 -0.000627352 0.999999404 4.080575466
0.999999523 0.000697498 0.000767758 0.082239240 -0.000698080 0.999999464 0.000757245 -0.120112650 -0.000767230 -0.000757780 0.999999404 4.341859818
0.999998569 0.001111835 0.001220395 0.082177721 -0.001112870 0.999999046 0.000848240 -0.131472498 -0.001219451 -0.000849597 0.999998808 4.591969490
0.999998450 0.001307637 0.001271392 0.089746438 -0.001308810 0.999998748 0.000921810 -0.141735047 -0.001270185 -0.000923472 0.999998748 4.847003460
0.999997914 0.001691434 0.001198423 0.096092530 -0.001692728 0.999998033 0.001080343 -0.147733986 -0.001196593 -0.001082370 0.999998689 5.108218670
0.999998212 0.001514616 0.001113099 0.103520155 -0.001515657 0.999998510 0.000934598 -0.150124639 -0.001111682 -0.000936283 0.999998927 5.382666111
0.999998748 0.000971519 0.001240993 0.105547823 -0.000972532 0.999999166 0.000815833 -0.160376295 -0.001240200 -0.000817039 0.999998868 5.639725208
0.999997735 0.001512398 0.001460392 0.104310058 -0.001513741 0.999998450 0.000919078 -0.168305546 -0.001458999 -0.000921286 0.999998510 5.910471439
0.999997914 0.001327755 0.001563044 0.109794289 -0.001329313 0.999998629 0.000996079 -0.178390533 -0.001561720 -0.000998155 0.999998271 6.190095425
0.999997258 0.001563242 0.001739266 0.115406387 -0.001564722 0.999998391 0.000849759 -0.183269158 -0.001737935 -0.000852478 0.999998093 6.477755547
0.999996960 0.001790270 0.001691794 0.122437574 -0.001792194 0.999997735 0.001136528 -0.192112148 -0.001689756 -0.001139557 0.999997854 6.770100594
0.999996722 0.001935619 0.001691431 0.129277155 -0.001936984 0.999997795 0.000805642 -0.198653534 -0.001689868 -0.000808916 0.999998271 7.070650101
0.999997616 0.001685328 0.001450294 0.136945501 -0.001686663 0.999998152 0.000919305 -0.207633689 -0.001448742 -0.000921749 0.999998569 7.371249676
0.999997497 0.001555282 0.001620342 0.142220348 -0.001556939 0.999998391 0.001021710 -0.222563416 -0.001618750 -0.001024231 0.999998093 7.666689396
0.999997795 0.001565607 0.001394701 0.152073860 -0.001567133 0.999998212 0.001093687 -0.228632480 -0.001392986 -0.001095870 0.999998391 7.990332127
0.999996185 0.001659911 0.002213245 0.148312181 -0.001662640 0.999997854 0.001231784 -0.244289055 -0.002211195 -0.001235459 0.999996781 8.288719177
0.999997020 0.001300664 0.002068471 0.157334521 -0.001303112 0.999998391 0.001182758 -0.252233833 -0.002066930 -0.001185450 0.999997139 8.614106178
0.999995530 0.002009591 0.002206592 0.161984161 -0.002012552 0.999997079 0.001340525 -0.259698540 -0.002203892 -0.001344960 0.999996662 8.949381828
0.999995887 0.002014791 0.002041431 0.171462685 -0.002017072 0.999997377 0.001115640 -0.268353432 -0.002039178 -0.001119753 0.999997258 9.295498848
0.999995589 0.001988740 0.002179211 0.177338466 -0.001991022 0.999997497 0.001045559 -0.278671324 -0.002177126 -0.001049894 0.999997079 9.623930931
0.999996424 0.001672384 0.002098653 0.182889163 -0.001675481 0.999997497 0.001474889 -0.289884567 -0.002096181 -0.001478400 0.999996722 9.974493027
0.999995172 0.002225188 0.002151845 0.188028887 -0.002228072 0.999996603 0.001338628 -0.300825238 -0.002148858 -0.001343417 0.999996781 10.316844940
0.999995887 0.002145207 0.001898251 0.199580386 -0.002148261 0.999996424 0.001608520 -0.309336364 -0.001894794 -0.001612591 0.999996901 10.681725502
0.999997556 0.001578902 0.001516709 0.208394259 -0.001581592 0.999997199 0.001774364 -0.319560409 -0.001513903 -0.001776759 0.999997318 11.050900459
0.999995530 0.002198153 0.002001004 0.215485901 -0.002201903 0.999995828 0.001873734 -0.336392522 -0.001996877 -0.001878131 0.999996245 11.414025307
0.999994457 0.002490228 0.002208642 0.223248154 -0.002494405 0.999995053 0.001890312 -0.342602879 -0.002203924 -0.001895811 0.999995768 11.797127724
0.999994695 0.002228431 0.002374484 0.226336792 -0.002233453 0.999995291 0.002114387 -0.357673943 -0.002369761 -0.002119679 0.999994934 12.178907394
0.999995589 0.001862801 0.002321387 0.239592090 -0.001868282 0.999995530 0.002361252 -0.372850180 -0.002316978 -0.002365579 0.999994516 12.565141678
0.999991953 0.002705489 0.002956088 0.242225409 -0.002712616 0.999993443 0.002409436 -0.376725495 -0.002949549 -0.002417435 0.999992728 12.975154877
0.999994338 0.001973045 0.002697430 0.250082284 -0.001979953 0.999994695 0.002560586 -0.398296297 -0.002692364 -0.002565912 0.999993026 13.362871170
0.999991894 0.002472130 0.003170772 0.256677777 -0.002480636 0.999993324 0.002681473 -0.406916380 -0.003164122 -0.002689318 0.999991357 13.773921013
0.999990940 0.002448535 0.003488763 0.263142258 -0.002458101 0.999993205 0.002740471 -0.416899264 -0.003482029 -0.002749021 0.999990165 14.191233635
0.999989867 0.002674453 0.003622281 0.271034241 -0.002684333 0.999992728 0.002725423 -0.430707246 -0.003614966 -0.002735119 0.999989688 14.608082771
0.999991655 0.002127132 0.003521906 0.290071785 -0.002136258 0.999994278 0.002589428 -0.441071868 -0.003516379 -0.002596929 0.999990463 15.053522110
0.999989033 0.002512708 0.003953097 0.300482720 -0.002523362 0.999993324 0.002692508 -0.452146709 -0.003946305 -0.002702453 0.999988496 15.490602493
0.999985516 0.002691203 0.004672489 0.306939363 -0.002701553 0.999993980 0.002210084 -0.460198730 -0.004666513 -0.002222674 0.999986649 15.935319901
0.999982476 0.003260749 0.004946813 0.318737388 -0.003272746 0.999991715 0.002419259 -0.468717635 -0.004938884 -0.002435407 0.999984801 16.371978760
0.999979973 0.003632685 0.005196095 0.323234975 -0.003644501 0.999990821 0.002266238 -0.479184061 -0.005187815 -0.002285130 0.999983966 16.820795059
0.999983609 0.003026529 0.004860532 0.348053813 -0.003035939 0.999993503 0.001929866 -0.487841874 -0.004854660 -0.001944590 0.999986291 17.267053604
0.999983788 0.002489567 0.005125126 0.359005511 -0.002504449 0.999992669 0.002899419 -0.508301675 -0.005117870 -0.002912207 0.999982595 17.721223831
0.999983072 0.002184061 0.005409110 0.372920156 -0.002195755 0.999995232 0.002156923 -0.515941978 -0.005404374 -0.002168764 0.999983072 18.190023422
0.999981105 0.002525624 0.005591448 0.384840965 -0.002538054 0.999994338 0.002217272 -0.524319172 -0.005585815 -0.002231422 0.999981880 18.664562225
0.999974608 0.003323841 0.006294185 0.395058215 -0.003336567 0.999992490 0.002012499 -0.531642795 -0.006287449 -0.002033449 0.999978185 19.136558533
0.999972999 0.003615709 0.006384613 0.408556670 -0.003628632 0.999991417 0.002013474 -0.555837393 -0.006377279 -0.002036587 0.999977589 19.607246399
0.999974132 0.003849024 0.006072881 0.416913331 -0.003865239 0.999989033 0.002660488 -0.571430624 -0.006062573 -0.002683892 0.999978065 20.095674515
0.999972463 0.003328873 0.006635088 0.435072899 -0.003344792 0.999991477 0.002389554 -0.590495586 -0.006627078 -0.002411681 0.999975145 20.581993103
0.999976158 0.003409480 0.006000690 0.450269103 -0.003424799 0.999990880 0.002544400 -0.605054259 -0.005991959 -0.002564891 0.999978781 21.076385498
0.999978244 0.003103802 0.005816285 0.460662633 -0.003116329 0.999992847 0.002145882 -0.611486018 -0.005809584 -0.002163961 0.999980748 21.583011627
0.999978125 0.003535706 0.005592107 0.469468087 -0.003546646 0.999991834 0.001947649 -0.624679148 -0.005585174 -0.001967439 0.999982476 22.093126297
0.999984503 0.002889594 0.004760662 0.486091137 -0.002900054 0.999993384 0.002191498 -0.639852822 -0.004754297 -0.002205270 0.999986291 22.610311508
0.999980569 0.003860195 0.004894418 0.486751884 -0.003870479 0.999990344 0.002093554 -0.654305041 -0.004886288 -0.002112457 0.999985814 23.122371674
0.999986112 0.003447518 0.003992102 0.505681098 -0.003457305 0.999990940 0.002447289 -0.672822654 -0.003983629 -0.002461057 0.999989033 23.648353577
0.999993205 0.001768147 0.003252154 0.516946316 -0.001775409 0.999995887 0.002231408 -0.690232754 -0.003248195 -0.002237167 0.999992192 24.173885345
0.999990702 0.002957970 0.003138581 0.522404671 -0.002964896 0.999993145 0.002204295 -0.700803518 -0.003132039 -0.002213580 0.999992669 24.705183029
0.999990940 0.003556977 0.002349078 0.538584411 -0.003562911 0.999990463 0.002526819 -0.718900800 -0.002340068 -0.002535166 0.999993980 25.240436554
0.999991834 0.003570247 0.001894035 0.546483696 -0.003575146 0.999990284 0.002589074 -0.732066035 -0.001884773 -0.002595825 0.999994874 25.783294678
0.999993682 0.003302166 0.001286839 0.559581101 -0.003305064 0.999992013 0.002256369 -0.745691240 -0.001279378 -0.002260609 0.999996543 26.339082718
0.999994695 0.003032009 0.001177501 0.567114592 -0.003034970 0.999992192 0.002520448 -0.752901912 -0.001169849 -0.002524009 0.999996126 26.900714874
0.999995351 0.003033143 0.000378861 0.584100604 -0.003034171 0.999991596 0.002745377 -0.776828170 -0.000370531 -0.002746514 0.999996126 27.452373505
0.999994218 0.003432182 0.000042426 0.595422864 -0.003432270 0.999991536 0.002287705 -0.787128448 -0.000034574 -0.002287838 0.999997377 28.011770248
0.999991775 0.004065861 0.000449466 0.602232397 -0.004067200 0.999987185 0.003020413 -0.808631480 -0.000437180 -0.003022216 0.999995291 28.565721512
0.999992371 0.003902196 0.000038147 0.615191638 -0.003902288 0.999988317 0.002843352 -0.819960296 -0.000027051 -0.002843479 0.999995947 29.124568939
0.999994099 0.003409807 -0.000184173 0.622964144 -0.003409294 0.999990463 0.002719392 -0.837109387 0.000193444 -0.002718748 0.999996245 29.673131943
0.999991655 0.004074676 -0.000310070 0.630476058 -0.004073729 0.999987185 0.002997103 -0.848252296 0.000322278 -0.002995815 0.999995410 30.221294403
0.999989927 0.004447910 -0.000620724 0.643371999 -0.004446109 0.999985993 0.002872391 -0.864201665 0.000633491 -0.002869603 0.999995708 30.765506744
0.999990404 0.004331707 -0.000646531 0.652568281 -0.004329855 0.999986589 0.002838476 -0.879252017 0.000658818 -0.002835650 0.999995768 31.315156937
0.999986172 0.005219987 -0.000643424 0.657786846 -0.005218192 0.999982595 0.002758261 -0.889883697 0.000657810 -0.002754865 0.999996006 31.865718842
0.999987185 0.004731756 -0.001773875 0.677184761 -0.004727368 0.999985754 0.002469973 -0.906589210 0.001785537 -0.002461556 0.999995351 32.413406372
0.999985576 0.005028341 -0.001917147 0.680693269 -0.005022959 0.999983490 0.002802182 -0.921995878 0.001931206 -0.002792512 0.999994218 32.958786011
0.999987006 0.004586412 -0.002238412 0.693414629 -0.004580826 0.999986410 0.002494598 -0.935958743 0.002249823 -0.002484312 0.999994338 33.494907379
0.999985516 0.004859752 -0.002310834 0.705444336 -0.004853413 0.999984443 0.002739866 -0.952707589 0.002324113 -0.002728612 0.999993563 34.028118134
0.999983490 0.005155435 -0.002521723 0.709892273 -0.005148544 0.999983132 0.002731383 -0.963919997 0.002535761 -0.002718356 0.999993026 34.571342468
0.999981880 0.005095018 -0.003195998 0.724421024 -0.005085163 0.999982297 0.003084016 -0.987184644 0.003211654 -0.003067708 0.999990106 35.094448090
0.999983251 0.004956145 -0.002995879 0.733884275 -0.004948415 0.999984443 0.002582217 -0.993827462 0.003008629 -0.002567349 0.999992192 35.648429871
0.999982953 0.005072827 -0.002891586 0.741211891 -0.005064875 0.999983430 0.002750959 -1.011425853 0.002905493 -0.002736267 0.999992073 36.192256927
0.999982476 0.004911853 -0.003309482 0.752263308 -0.004903676 0.999984920 0.002474456 -1.025934577 0.003321586 -0.002458184 0.999991477 36.774784088
0.999984682 0.004747170 -0.002846014 0.755285561 -0.004739626 0.999985278 0.002651626 -1.039242506 0.002858560 -0.002638097 0.999992430 37.337272644
0.999981999 0.005090239 -0.003186324 0.766925693 -0.005082669 0.999984264 0.002378844 -1.050741792 0.003198383 -0.002362606 0.999992132 37.890434265
0.999983311 0.004802753 -0.003194043 0.775510073 -0.004794535 0.999985218 0.002575395 -1.071219444 0.003206365 -0.002560038 0.999991536 38.410739899
0.999985576 0.004482832 -0.002945516 0.779001474 -0.004476126 0.999987423 0.002279254 -1.079803824 0.002955697 -0.002266036 0.999993026 38.969554901
0.999979973 0.005172311 -0.003624800 0.796091139 -0.005162956 0.999983430 0.002585477 -1.099669933 0.003638113 -0.002566711 0.999990106 39.498443604
0.999981344 0.005050804 -0.003427066 0.800987601 -0.005042203 0.999984086 0.002514071 -1.113301992 0.003439710 -0.002496744 0.999990880 40.054313660
0.999979794 0.005107865 -0.003768617 0.812993646 -0.005099008 0.999984205 0.002356020 -1.126310945 0.003780591 -0.002336756 0.999990046 40.594535828
0.999980569 0.005014811 -0.003686340 0.821167409 -0.005008092 0.999985814 0.001829740 -1.135334134 0.003695462 -0.001811243 0.999991477 41.149387360
0.999979079 0.005241410 -0.003788015 0.824982107 -0.005232086 0.999983251 0.002466892 -1.157205939 0.003800882 -0.002447021 0.999989808 41.669357300
0.999978304 0.005664898 -0.003363628 0.826944470 -0.005658813 0.999982297 0.001815504 -1.168923259 0.003373853 -0.001796430 0.999992728 42.217849731
0.999978900 0.005493813 -0.003456926 0.832359254 -0.005486136 0.999982476 0.002225930 -1.188848495 0.003469094 -0.002206918 0.999991536 42.754978180
0.999981880 0.004611923 -0.003863815 0.853259325 -0.004602503 0.999986351 0.002443587 -1.202819824 0.003875032 -0.002425759 0.999989510 43.297866821
0.999976516 0.005664214 -0.003841538 0.860622644 -0.005654964 0.999981105 0.002414234 -1.221365213 0.003855140 -0.002392455 0.999989688 43.850246429
0.999975860 0.005873918 -0.003711128 0.870010853 -0.005865485 0.999980152 0.002279088 -1.234892011 0.003724441 -0.002257266 0.999990523 44.396015167
0.999972880 0.006455772 -0.003545434 0.874707043 -0.006447448 0.999976456 0.002354594 -1.249928355 0.003560551 -0.002331671 0.999990940 44.923297882
0.999974251 0.006318191 -0.003396193 0.885870039 -0.006310490 0.999977469 0.002273659 -1.266230464 0.003410481 -0.002252168 0.999991655 45.474037170
0.999971509 0.006868603 -0.003111537 0.894980788 -0.006863531 0.999975026 0.001638038 -1.275916338 0.003122710 -0.001616635 0.999993742 46.016971588
0.999974966 0.006433280 -0.002926278 0.904375255 -0.006426981 0.999977112 0.002157343 -1.297234774 0.002940089 -0.002138482 0.999993384 46.549606323
0.999972939 0.006679317 -0.003088908 0.918773711 -0.006672838 0.999975443 0.002103164 -1.308736086 0.003102880 -0.002082495 0.999993026 47.086059570
0.999979675 0.005538992 -0.003158965 0.928704798 -0.005532007 0.999982238 0.002216011 -1.315688968 0.003171183 -0.002198491 0.999992549 47.639225006
0.999971926 0.006893276 -0.002931133 0.931663334 -0.006886948 0.999973953 0.002163386 -1.337023258 0.002945969 -0.002143139 0.999993384 48.156238556
0.999970496 0.007128727 -0.002832494 0.939235747 -0.007123124 0.999972582 0.001983661 -1.349041581 0.002846557 -0.001963426 0.999994040 48.673526764
0.999970436 0.007091739 -0.002980201 0.947133541 -0.007086165 0.999973118 0.001876962 -1.364524484 0.002993431 -0.001855789 0.999993801 49.181694031
0.999966323 0.007839516 -0.002430417 0.954059184 -0.007834455 0.999967158 0.002084712 -1.380304933 0.002446681 -0.002065601 0.999994814 49.707023621
0.999966085 0.007772200 -0.002734958 0.963952005 -0.007766837 0.999967933 0.001966153 -1.392267108 0.002750150 -0.001944844 0.999994338 50.217845917
0.999967158 0.007734940 -0.002419140 0.968041658 -0.007730477 0.999968410 0.001848890 -1.409886599 0.002433364 -0.001830128 0.999995291 50.728332520
0.999965727 0.007827307 -0.002685549 0.979859293 -0.007821425 0.999966979 0.002193643 -1.426687121 0.002702630 -0.002172563 0.999993980 51.250061035
0.999964833 0.007946379 -0.002678900 0.984506309 -0.007940193 0.999965727 0.002312204 -1.441020131 0.002697184 -0.002290851 0.999993682 51.771495819
0.999962151 0.008454622 -0.002063656 0.984424531 -0.008450388 0.999962151 0.002051146 -1.455775499 0.002080920 -0.002033629 0.999995768 52.293701172
0.999963164 0.008327547 -0.002059414 0.993051469 -0.008323343 0.999963284 0.002040719 -1.466735959 0.002076331 -0.002023502 0.999995708 52.819728851
0.999960363 0.008670760 -0.001991429 1.001691341 -0.008666990 0.999960661 0.001894688 -1.482754469 0.002007779 -0.001877354 0.999996245 53.347694397
0.999959767 0.008828972 -0.001567058 1.006258130 -0.008826318 0.999959588 0.001692665 -1.499095559 0.001581940 -0.001678766 0.999997318 53.878299713
0.999955893 0.009288195 -0.001332025 1.009006858 -0.009286182 0.999955654 0.001509376 -1.510538936 0.001345985 -0.001496940 0.999997973 54.401954651
0.999957979 0.008971102 -0.001849778 1.022253036 -0.008968228 0.999958515 0.001556222 -1.525883079 0.001863663 -0.001539567 0.999997020 54.951511383
0.999960005 0.008840816 -0.001346613 1.027670979 -0.008839098 0.999960124 0.001278165 -1.539055586 0.001357860 -0.001266211 0.999998271 55.483020782
0.999961615 0.008601937 -0.001683823 1.039167285 -0.008599264 0.999961913 0.001587662 -1.560845137 0.001697415 -0.001573122 0.999997258 56.014545441
0.999958754 0.008980476 -0.001292964 1.047212601 -0.008978727 0.999958754 0.001351879 -1.576945901 0.001305051 -0.001340214 0.999998212 56.555831909
0.999956787 0.009237905 -0.000994871 1.052162766 -0.009236546 0.999956429 0.001360861 -1.593207121 0.001007399 -0.001351613 0.999998569 57.090942383
0.999957025 0.009192293 -0.001213605 1.057976961 -0.009190510 0.999956667 0.001465656 -1.612717628 0.001227025 -0.001454440 0.999998212 57.614574432
0.999955714 0.009362977 -0.000952732 1.059986115 -0.009361353 0.999954760 0.001693792 -1.628698945 0.000968547 -0.001684798 0.999998093 58.136466980
0.999953747 0.009566170 -0.000922957 1.064962745 -0.009564701 0.999952972 0.001582817 -1.643136024 0.000938056 -0.001573917 0.999998271 58.651554108
0.999956191 0.009339231 -0.000645938 1.069512248 -0.009338119 0.999954939 0.001702945 -1.665008545 0.000661812 -0.001696839 0.999998271 59.174606323
0.999954522 0.009489451 -0.000948912 1.076695681 -0.009487996 0.999953806 0.001525378 -1.681550503 0.000963344 -0.001516305 0.999998391 59.705806732
0.999950767 0.009884044 -0.000806834 1.081629515 -0.009882603 0.999949694 0.001768191 -1.697633266 0.000824271 -0.001760130 0.999998093 60.253288269
0.999947429 0.010250306 -0.000193631 1.085181236 -0.010249974 0.999946117 0.001652108 -1.715096354 0.000210555 -0.001650037 0.999998629 60.786567688
0.999948621 0.010135643 0.000200428 1.090376377 -0.010135999 0.999946892 0.001869374 -1.731779575 -0.000181470 -0.001871310 0.999998212 61.324249268
0.999947190 0.010264659 0.000536217 1.092531204 -0.010265680 0.999945402 0.001936833 -1.757436156 -0.000516307 -0.001942235 0.999997973 61.841869354
0.999943614 0.010600093 0.000657315 1.099367857 -0.010601377 0.999941766 0.001984051 -1.775534391 -0.000636246 -0.001990907 0.999997735 62.386203766
0.999938250 0.011078484 0.000814261 1.103738070 -0.011080207 0.999936283 0.002142824 -1.796944022 -0.000790470 -0.002151714 0.999997318 62.912944794
0.999930203 0.011790231 0.000673098 1.108865738 -0.011791612 0.999928296 0.002088498 -1.820871234 -0.000648425 -0.002096290 0.999997616 63.435443878
0.999929488 0.011819397 0.001089523 1.113442540 -0.011821935 0.999927282 0.002354176 -1.844574451 -0.001061619 -0.002366890 0.999996662 63.949504852
0.999925375 0.012147979 0.001286705 1.116564155 -0.012151598 0.999922097 0.002842814 -1.873175740 -0.001252070 -0.002858238 0.999995053 64.443199158
0.999925494 0.012150155 0.001169607 1.138282299 -0.012154001 0.999920487 0.003338134 -1.897620440 -0.001128955 -0.003352100 0.999993742 64.940444946
0.999921441 0.012434497 0.001584950 1.148087263 -0.012439249 0.999917984 0.003024318 -1.909446955 -0.001547214 -0.003043795 0.999994159 65.481803894
0.999911368 0.012985258 0.002923420 1.097910285 -0.012990617 0.999913931 0.001821168 -1.908601880 -0.002899520 -0.001858983 0.999994040 66.334136963
0.999938190 0.011108092 0.000356573 1.176773667 -0.011109357 0.999931157 0.003763294 -1.938796520 -0.000314745 -0.003767023 0.999992847 66.610839844
0.999869287 0.015471035 0.004693105 1.052982569 -0.015475317 0.999879837 0.000877189 -1.916391850 -0.004678970 -0.000949702 0.999988616 67.755592346
0.999898672 0.013815070 0.003423531 1.081238866 -0.013819953 0.999903619 0.001407923 -1.951439023 -0.003403750 -0.001455094 0.999993145 68.199348450
0.999894142 0.014204838 0.003141189 1.094926715 -0.014208792 0.999898255 0.001239633 -1.967201591 -0.003123261 -0.001284134 0.999994278 68.694801331
0.999898195 0.013968649 0.002920245 1.102344990 -0.013973661 0.999900937 0.001703405 -1.985292673 -0.002896162 -0.001744038 0.999994278 69.187759399
0.999888122 0.014564222 0.003387891 1.115167499 -0.014569448 0.999892712 0.001522762 -2.001080036 -0.003365349 -0.001571952 0.999993086 69.685112000
0.999888837 0.014373030 0.003957363 1.123987198 -0.014378763 0.999895632 0.001424272 -2.015826225 -0.003936478 -0.001481016 0.999991119 70.237617493
0.999895990 0.014003185 0.003443147 1.142455697 -0.014010111 0.999899864 0.001995654 -2.034689188 -0.003414857 -0.002043686 0.999992073 70.678909302
0.999901652 0.013647057 0.003232045 1.152425647 -0.013653527 0.999904752 0.001987786 -2.049177408 -0.003204610 -0.002031719 0.999992788 71.178306580
0.999902010 0.013655657 0.003089527 1.165957689 -0.013662461 0.999904275 0.002192060 -2.063467503 -0.003059297 -0.002234056 0.999992847 71.685356140
0.999897242 0.013952936 0.003293475 1.173978090 -0.013959553 0.999900579 0.001994027 -2.078557253 -0.003265326 -0.002039798 0.999992609 72.189643860
0.999899805 0.013789941 0.003177798 1.190175295 -0.013796925 0.999902427 0.002186282 -2.093071938 -0.003147340 -0.002229907 0.999992549 72.703697205
0.999892652 0.014259171 0.003362350 1.199939251 -0.014267636 0.999895215 0.002507721 -2.107434034 -0.003326239 -0.002555425 0.999991179 73.224113464
0.999895275 0.014094741 0.003276484 1.215609193 -0.014101774 0.999898314 0.002133196 -2.120405197 -0.003246084 -0.002179177 0.999992371 73.741508484
0.999900520 0.013768351 0.003045459 1.232150078 -0.013776818 0.999901175 0.002776389 -2.135891676 -0.003006932 -0.002818069 0.999991536 74.255386353
0.999897122 0.014024557 0.003001497 1.247039199 -0.014032843 0.999897718 0.002757664 -2.151017189 -0.002962516 -0.002799500 0.999991655 74.783355713
0.999896109 0.014020552 0.003334654 1.259823680 -0.014028217 0.999898970 0.002286163 -2.162627220 -0.003302263 -0.002332705 0.999991834 75.296226501
0.999886990 0.014626012 0.003465354 1.271237731 -0.014634572 0.999889910 0.002457460 -2.178372383 -0.003429030 -0.002507896 0.999990940 75.813659668
0.999888659 0.014556625 0.003266543 1.289066553 -0.014562970 0.999892116 0.001927426 -2.189993382 -0.003238134 -0.001974782 0.999992728 76.352912903
0.999890745 0.014422582 0.003241352 1.304208517 -0.014429138 0.999893904 0.002008777 -2.202117205 -0.003212037 -0.002055327 0.999992728 76.878326416
0.999887586 0.014726459 0.002818299 1.318752289 -0.014733330 0.999888480 0.002432841 -2.217657804 -0.002782157 -0.002474091 0.999993086 77.378646851
0.999897897 0.013917021 0.003235067 1.335113049 -0.013924011 0.999900699 0.002148236 -2.234397650 -0.003204849 -0.002193061 0.999992430 77.893920898
0.999881744 0.014929728 0.003690242 1.347464323 -0.014938603 0.999885559 0.002389963 -2.246104956 -0.003654138 -0.002444807 0.999990344 78.426757812
0.999886632 0.014640616 0.003523779 1.366321802 -0.014650089 0.999889076 0.002676965 -2.261195183 -0.003484196 -0.002728285 0.999990225 78.962661743
0.999886930 0.014599044 0.003596559 1.383896112 -0.014607553 0.999890566 0.002351471 -2.275653124 -0.003561836 -0.002403742 0.999990702 79.477386475
0.999888957 0.014277684 0.004250985 1.400068283 -0.014287034 0.999895573 0.002177121 -2.289351702 -0.004219456 -0.002237613 0.999988616 80.020050049
0.999885798 0.014105800 0.005427273 1.419730186 -0.014117730 0.999898016 0.002165910 -2.305398703 -0.005396167 -0.002242283 0.999982953 80.541351318
0.999886692 0.013630323 0.006383094 1.440262914 -0.013643771 0.999904752 0.002068293 -2.317023277 -0.006354295 -0.002155148 0.999977469 81.085754395
0.999877274 0.013786883 0.007436754 1.455208540 -0.013800130 0.999903262 0.001732950 -2.327419996 -0.007412142 -0.001835365 0.999970853 81.622123718
0.999856353 0.013321553 0.010480871 1.485418797 -0.013338903 0.999909699 0.001587107 -2.337308168 -0.010458783 -0.001726682 0.999943793 82.169517517
0.999808729 0.013398961 0.014246522 1.506416082 -0.013428475 0.999907792 0.001977915 -2.354087830 -0.014218708 -0.002168846 0.999896586 82.700759888
0.999774158 0.012777311 0.016981104 1.538924098 -0.012805902 0.999916732 0.001576037 -2.370133638 -0.016959554 -0.001793139 0.999854565 83.224304199
0.999699533 0.012852679 0.020872936 1.571656227 -0.012899739 0.999914527 0.002121513 -2.390882015 -0.020843882 -0.002390131 0.999779820 83.767929077
0.999546051 0.013018549 0.027169991 1.600816965 -0.013081058 0.999912143 0.002124218 -2.407850027 -0.027139949 -0.002478665 0.999628484 84.299789429
0.999379933 0.012727801 0.032829188 1.637879491 -0.012782592 0.999917209 0.001459641 -2.420808315 -0.032807898 -0.001878378 0.999459863 84.839385986
0.999164522 0.012871175 0.038789723 1.672792792 -0.012939888 0.999915123 0.001520921 -2.434499502 -0.038766857 -0.002021585 0.999246240 85.373931885
0.998827755 0.012118209 0.046864025 1.722273111 -0.012211083 0.999924004 0.001695932 -2.453230381 -0.046839904 -0.002266205 0.998899817 85.902038574
0.998399854 0.011887265 0.055284508 1.770600796 -0.011949615 0.999928296 0.000797327 -2.463482380 -0.055271063 -0.001456680 0.998470306 86.431716919
0.997984767 0.012040146 0.062301598 1.818625927 -0.012136083 0.999925673 0.001161665 -2.482256651 -0.062282991 -0.001915421 0.998056710 86.973602295
0.997412145 0.011406348 0.070984058 1.878674030 -0.011490102 0.999933600 0.000771673 -2.493232250 -0.070970528 -0.001585290 0.997477174 87.501419067
0.996692538 0.010319231 0.080607079 1.955768585 -0.010376816 0.999946058 0.000295497 -2.508377314 -0.080599673 -0.001130964 0.996746004 88.021720886
0.995947003 0.010411054 0.089337602 2.017109871 -0.010452133 0.999945402 -0.000008022 -2.518847227 -0.089332812 -0.000925779 0.996001422 88.565879822
0.995287895 0.009950919 0.096451491 2.087432384 -0.009952039 0.999950349 -0.000469470 -2.534320593 -0.096451350 -0.000492631 0.995337605 89.104713440
0.994255662 0.009777724 0.106583931 2.169371128 -0.009795583 0.999952078 -0.000355966 -2.552344322 -0.106582277 -0.000690130 0.994303644 89.656364441
0.993107736 0.009296260 0.116835579 2.262801170 -0.009301388 0.999956608 -0.000501353 -2.565643311 -0.116835162 -0.000588836 0.993151069 90.202484131
0.992004275 0.008800902 0.125896975 2.353488922 -0.008823578 0.999960959 -0.000377538 -2.589243412 -0.125895381 -0.000736343 0.992043257 90.743057251
0.990465999 0.008680413 0.137483597 2.454143524 -0.008702401 0.999962032 -0.000441147 -2.605472088 -0.137482226 -0.000759496 0.990503967 91.288597107
0.988652408 0.008167875 0.149998531 2.554640770 -0.008173235 0.999966383 -0.000580749 -2.617982626 -0.149998203 -0.000651814 0.988685966 91.844367981
0.987044513 0.006972654 0.160294503 2.672951698 -0.006846005 0.999975681 -0.001342359 -2.621471882 -0.160299942 0.000227591 0.987068295 92.396911621
0.985236645 0.007185469 0.171047151 2.777872086 -0.007030717 0.999974132 -0.001510476 -2.636849165 -0.171053573 0.000285593 0.985261679 92.954887390
0.982941449 0.007257597 0.183775902 2.897522926 -0.007295594 0.999973238 -0.000469390 -2.660602331 -0.183774382 -0.000879372 0.982968092 93.490974426
0.980541468 0.006632628 0.196199939 3.030157089 -0.006488211 0.999978006 -0.001378812 -2.683042526 -0.196204796 0.000078996 0.980562925 94.019271851
0.978110313 0.007228125 0.207961485 3.151172638 -0.007191039 0.999973714 -0.000934334 -2.696503639 -0.207962751 -0.000581577 0.978136599 94.534889221
0.975664675 0.005457987 0.219199985 3.291198730 -0.005341880 0.999985099 -0.001122366 -2.726649761 -0.219202846 -0.000075887 0.975679278 95.052215576
0.972526908 0.005385818 0.232727960 3.436204910 -0.005334436 0.999985397 -0.000850164 -2.741319656 -0.232729167 -0.000414665 0.972541451 95.584869385
0.969630063 0.004734010 0.244530275 3.588083267 -0.004587621 0.999988794 -0.001168204 -2.752705097 -0.244533077 0.000010913 0.969640851 96.111663818
0.966897011 0.004883105 0.255120009 3.710107803 -0.004987925 0.999987662 -0.000236097 -2.844763994 -0.255117953 -0.001044239 0.966909349 96.536354065
0.963312030 0.005021248 0.268337041 3.908426285 -0.005178087 0.999986589 -0.000123229 -2.847505093 -0.268334061 -0.001270765 0.963325083 97.178749084
0.959719956 0.004054844 0.280929059 4.104764938 -0.004035195 0.999991655 -0.000648400 -2.864628077 -0.280929297 -0.000511321 0.959728301 97.795280457
0.956197500 0.004060733 0.292694181 4.297050476 -0.004048991 0.999991596 -0.000645945 -2.880728006 -0.292694360 -0.000567466 0.956205845 98.410377502
0.951663315 0.004199567 0.307114393 4.501409531 -0.004012884 0.999991179 -0.001239331 -2.888501406 -0.307116896 -0.000052989 0.951671779 99.014945984
0.947063863 0.003486892 0.321026236 4.726243973 -0.003257208 0.999994040 -0.001252502 -2.911481142 -0.321028680 0.000140550 0.947069407 99.618530273
0.943137467 0.003196106 0.332387567 4.934505463 -0.002879168 0.999994874 -0.001446018 -2.923592806 -0.332390428 0.000406794 0.943141758 100.138702393
0.938335001 0.003910603 0.345705092 5.143592834 -0.003985712 0.999992013 -0.000493596 -2.960288286 -0.345704287 -0.000914723 0.938343108 100.608085632
0.933077455 0.002036135 0.359669715 5.363088608 -0.001550658 0.999997377 -0.001638298 -2.959147930 -0.359672189 0.000970934 0.933078229 101.193084717
0.927599430 0.002156379 0.373570174 5.567949295 -0.001609493 0.999997139 -0.001775862 -2.945836306 -0.373572886 0.001046030 0.927600265 101.863220215
0.923234403 0.000612797 0.384236783 5.832542419 -0.000160203 0.999999285 -0.001209909 -2.999076605 -0.384237230 0.001055474 0.923233747 102.267303467
0.917485893 -0.000361031 0.397768229 6.084362030 0.001209483 0.999997556 -0.001882135 -3.008665323 -0.397766560 0.002207926 0.917483985 102.769691467
0.911292017 0.000782495 0.411759973 6.364913940 -0.000021793 0.999998212 -0.001852133 -3.029307365 -0.411760718 0.001678861 0.911290467 103.387298584
0.906435370 0.000570830 0.422344238 6.615867615 0.000155353 0.999998510 -0.001684993 -3.048335314 -0.422344536 0.001592950 0.906433940 103.866302490
0.900369763 -0.000326348 0.435125411 6.907535553 0.001120871 0.999998152 -0.001569321 -3.066115141 -0.435124069 0.001900689 0.900368512 104.441322327
0.893566310 0.000004988 0.448931277 7.175411224 0.000951526 0.999997795 -0.001905056 -3.080154181 -0.448930264 0.002129464 0.893564284 104.930641174
0.887675941 -0.000398790 0.460468441 7.473739624 0.001563102 0.999996424 -0.002147244 -3.097982407 -0.460466057 0.002625816 0.887673438 105.462425232
0.881706476 -0.000820696 0.471797764 7.730167389 0.001786305 0.999997139 -0.001598784 -3.113086939 -0.471795112 0.002252433 0.881705344 105.899848938
0.874199867 -0.001571143 0.485563666 8.066989899 0.002732115 0.999994874 -0.001683159 -3.135951042 -0.485558540 0.002798033 0.874199629 106.470405579
