1.000000000 0.000000000 0.000000000 0.000000000 0.000000000 1.000000000 0.000000000 0.000000000 0.000000000 0.000000000 1.000000000 0.000000000
1.000000000 0.000099735 0.000097233 -0.000851172 -0.000099746 1.000000000 0.000114568 -0.000333874 -0.000097221 -0.000114577 1.000000000 0.000412208
1.000000000 0.000079982 0.000138632 -0.001645669 -0.000079981 1.000000000 -0.000008432 0.000371044 -0.000138632 0.000008421 1.000000000 0.000232843
1.000000000 0.000026653 0.000041174 -0.000639566 -0.000026654 1.000000000 0.000025038 -0.000628478 -0.000041174 -0.000025039 1.000000000 -0.000750119
1.000000000 0.000094906 0.000178086 -0.002031565 -0.000094914 1.000000000 0.000047766 -0.000395529 -0.000178082 -0.000047783 1.000000000 -0.000705606
1.000000000 -0.000111803 0.000006658 -0.000003837 0.000111803 1.000000000 -0.000033128 0.000400851 -0.000006654 0.000033129 1.000000000 -0.000232976
1.000000000 0.000085173 0.000146617 -0.001996349 -0.000085182 1.000000000 0.000058235 -0.000315833 -0.000146612 -0.000058247 1.000000000 -0.000321959
1.000000000 0.000058537 0.000112118 -0.001725827 -0.000058530 1.000000000 -0.000063806 0.000072983 -0.000112122 0.000063799 1.000000000 -0.000664561
1.000000000 0.000100911 0.000172058 -0.001551811 -0.000100912 1.000000000 0.000005602 -0.000807164 -0.000172057 -0.000005620 1.000000000 -0.000696526
1.000000000 0.000149423 0.000165018 -0.002036195 -0.000149442 1.000000000 0.000113215 -0.000651415 -0.000165001 -0.000113240 1.000000000 0.000619110
1.000000000 0.000108173 0.000177644 -0.001798704 -0.000108184 1.000000000 0.000065405 -0.000532028 -0.000177637 -0.000065425 1.000000000 0.000007087
1.000000000 0.000154867 0.000182781 -0.001844704 -0.000154872 1.000000000 0.000023291 -0.001014663 -0.000182777 -0.000023319 1.000000000 -0.001109587
1.000000000 0.000071577 0.000153481 -0.001127196 -0.000071577 1.000000000 0.000003208 0.000470188 -0.000153480 -0.000003219 1.000000000 0.000214699
1.000000000 0.000176622 0.000139662 -0.001768128 -0.000176607 1.000000000 -0.000105245 0.000924239 -0.000139680 0.000105220 1.000000000 0.000656742
1.000000000 0.000130461 0.000134039 -0.001709237 -0.000130465 1.000000000 0.000033885 -0.000108482 -0.000134035 -0.000033902 1.000000000 -0.000050519
0.999999940 0.000276963 0.000198767 -0.002349080 -0.000276950 0.999999940 -0.000066317 0.001449530 -0.000198785 0.000066262 1.000000000 0.001183084
0.999999881 0.000383267 0.000231322 -0.002918855 -0.000383255 0.999999940 -0.000051948 0.001110416 -0.000231341 0.000051860 1.000000000 0.001865467
0.999999940 0.000281734 0.000275735 -0.002526362 -0.000281730 0.999999940 -0.000015347 0.001519707 -0.000275740 0.000015270 0.999999940 0.002281538
0.999999940 0.000225245 0.000298425 -0.002701676 -0.000225223 1.000000000 -0.000073715 0.000505223 -0.000298442 0.000073648 0.999999940 0.000805066
0.999999940 0.000234239 0.000236916 -0.002687923 -0.000234254 1.000000000 0.000062248 -0.000064137 -0.000236901 -0.000062304 0.999999940 0.001686304
0.999999940 0.000324540 0.000192037 -0.002103984 -0.000324533 0.999999940 -0.000040319 0.001363842 -0.000192050 0.000040257 1.000000000 0.001632757
0.999999940 0.000272595 0.000203342 -0.002582715 -0.000272590 0.999999940 -0.000028180 0.000461744 -0.000203349 0.000028124 1.000000000 0.001786216
0.999999940 0.000171619 0.000185230 -0.002370638 -0.000171629 1.000000000 0.000054156 0.000157740 -0.000185220 -0.000054188 1.000000000 0.000927862
0.999999881 0.000436771 0.000219611 -0.002776634 -0.000436769 0.999999881 -0.000010884 0.001483214 -0.000219616 0.000010788 1.000000000 0.003082200
0.999999940 0.000329493 0.000263008 -0.002294276 -0.000329497 0.999999940 0.000015021 0.001415238 -0.000263003 -0.000015107 0.999999940 0.002023893
0.999999940 0.000244117 0.000203105 -0.001461376 -0.000244105 0.999999940 -0.000063292 0.002173491 -0.000203120 0.000063243 1.000000000 0.003059732
0.999999881 0.000343422 0.000258921 -0.002511480 -0.000343433 0.999999940 0.000041953 0.001231247 -0.000258906 -0.000042042 0.999999940 0.002325949
0.999999940 0.000364655 0.000130860 -0.002320349 -0.000364638 0.999999940 -0.000124316 0.001972014 -0.000130905 0.000124268 1.000000000 0.001001575
0.999999940 0.000350040 0.000134427 -0.002024546 -0.000350027 0.999999940 -0.000096564 0.001470282 -0.000134461 0.000096517 1.000000000 0.000751552
0.999999881 0.000367538 0.000286118 -0.002677451 -0.000367531 0.999999940 -0.000024375 0.000286460 -0.000286127 0.000024270 0.999999940 0.001047882
0.999999940 0.000227385 0.000321895 -0.003179839 -0.000227396 1.000000000 0.000035707 0.000128277 -0.000321887 -0.000035780 0.999999940 0.001858076
0.999999940 0.000335277 0.000209163 -0.002157867 -0.000335263 0.999999940 -0.000068026 0.001600625 -0.000209186 0.000067955 1.000000000 0.002472783
0.999999881 0.000410719 0.000244106 -0.002159781 -0.000410723 0.999999940 0.000013941 -0.000006186 -0.000244100 -0.000014041 0.999999940 -0.000070917
0.999999821 0.000440285 0.000329857 -0.003595472 -0.000440284 0.999999881 -0.000003037 0.000703014 -0.000329858 0.000002891 0.999999940 0.002760383
0.999999881 0.000399801 0.000251488 -0.002114969 -0.000399774 0.999999940 -0.000106765 0.000700349 -0.000251531 0.000106665 0.999999940 0.001335156
0.999999881 0.000393004 0.000244431 -0.003717475 -0.000393004 0.999999940 -0.000002802 0.000720092 -0.000244432 0.000002705 0.999999940 0.001189228
0.999999881 0.000423264 0.000213191 -0.002806848 -0.000423243 0.999999881 -0.000095438 0.002253853 -0.000213231 0.000095348 1.000000000 0.001290118
0.999999821 0.000431444 0.000336070 -0.003600011 -0.000431443 0.999999881 -0.000002184 0.000972237 -0.000336071 0.000002039 0.999999940 0.001996754
0.999999881 0.000410107 0.000207749 -0.001290036 -0.000410110 0.999999940 0.000015668 0.000764780 -0.000207743 -0.000015753 1.000000000 -0.000095338
0.999999940 0.000274118 0.000214203 -0.001939890 -0.000274101 0.999999940 -0.000079954 0.000530827 -0.000214225 0.000079895 1.000000000 0.000063667
0.999999821 0.000504342 0.000263919 -0.001116895 -0.000504190 0.999999702 -0.000572480 -0.002288105 -0.000264207 0.000572347 0.999999821 0.049662087
0.999999762 0.000448969 0.000505167 -0.002444706 -0.000448435 0.999999344 -0.001057678 -0.004855013 -0.000505641 0.001057452 0.999999285 0.138499469
0.999999762 0.000456439 0.000453861 -0.001226853 -0.000455914 0.999999225 -0.001155246 -0.009505880 -0.000454388 0.001155039 0.999999166 0.251773059
0.999999464 0.000910218 0.000530187 0.001532244 -0.000909695 0.999999106 -0.000985826 -0.013377636 -0.000531084 0.000985343 0.999999285 0.385021150
0.999999821 0.000497135 0.000396829 0.004052911 -0.000496825 0.999999523 -0.000781165 -0.018582148 -0.000397217 0.000780967 0.999999642 0.526535988
0.999999940 0.000160745 0.000413645 0.007248158 -0.000160467 0.999999762 -0.000671378 -0.023329563 -0.000413753 0.000671312 0.999999702 0.677521884
0.999999881 0.000210228 0.000399717 0.012657485 -0.000210086 1.000000000 -0.000356632 -0.025563205 -0.000399791 0.000356548 0.999999940 0.842045128
0.999999881 0.000226789 0.000489181 0.013647002 -0.000226617 1.000000000 -0.000352071 -0.030712189 -0.000489261 0.000351960 0.999999821 1.019405961
0.999999940 -0.000154095 0.000229589 0.019280387 0.000154181 0.999999940 -0.000375745 -0.034921139 -0.000229532 0.000375780 0.999999940 1.196417928
0.999999642 0.000534998 0.000527416 0.020877372 -0.000535034 0.999999881 0.000066773 -0.042360779 -0.000527381 -0.000067055 0.999999821 1.383189082
0.999999702 0.000742989 0.000265841 0.024960605 -0.000742947 0.999999762 -0.000161164 -0.044000681 -0.000265961 0.000160967 1.000000000 1.572959423
0.999999881 0.000230437 0.000377396 0.030833766 -0.000230514 1.000000000 0.000204776 -0.052800015 -0.000377349 -0.000204863 0.999999940 1.775565267
0.999999642 0.000562750 0.000606041 0.029510714 -0.000562983 0.999999762 0.000383692 -0.058732592 -0.000605825 -0.000384033 0.999999762 1.972336531
0.999999881 0.000074668 0.000452374 0.037328836 -0.000074873 0.999999881 0.000452043 -0.066795349 -0.000452340 -0.000452077 0.999999821 2.182043314
0.999999762 0.000334200 0.000584136 0.040750962 -0.000334438 0.999999821 0.000406601 -0.071170695 -0.000584000 -0.000406797 0.999999762 2.400811434
0.999999762 0.000443938 0.000475671 0.046808682 -0.000444123 0.999999821 0.000389104 -0.077516451 -0.000475499 -0.000389315 0.999999821 2.626851797
0.999999702 0.000408223 0.000506196 0.052576721 -0.000408496 0.999999762 0.000539175 -0.084921949 -0.000505975 -0.000539381 0.999999702 2.856204510
0.999999642 0.000230478 0.000698148 0.055388108 -0.000230929 0.999999762 0.000644625 -0.091817163 -0.000697999 -0.000644786 0.999999523 3.097209215
0.999999762 0.000370888 0.000478830 0.062799908 -0.000371262 0.999999642 0.000781436 -0.100520059 -0.000478540 -0.000781614 0.999999523 3.335617542
0.999999642 0.000349256 0.000762106 0.062150262 -0.000349883 0.999999583 0.000823480 -0.108910009 -0.000761818 -0.000823746 0.999999344 3.588775873
0.999999642 0.000246353 0.000820369 0.067257620 -0.000247078 0.999999583 0.000884661 -0.114359729 -0.000820151 -0.000884864 0.999999225 3.843066216
0.999999404 0.000506279 0.000967635 0.071520954 -0.000507146 0.999999464 0.000896092 -0.121105283 -0.000967180 -0.000896582 0.999999106 4.099692822
0.999999166 0.000582290 0.001060739 0.078743093 -0.000583154 0.999999404 0.000814653 -0.124488562 -0.001060265 -0.000815271 0.999999106 4.358666420
0.999999166 0.000467391 0.001194165 0.081419066 -0.000468164 0.999999702 0.000647319 -0.130356282 -0.001193863 -0.000647878 0.999999046 4.619088173
0.999999225 0.000701627 0.001032672 0.086728238 -0.000702465 0.999999404 0.000811535 -0.138944134 -0.001032102 -0.000812260 0.999999166 4.873568535
0.999998212 0.001324623 0.001368480 0.088188849 -0.001325933 0.999998629 0.000956927 -0.146345869 -0.001367210 -0.000958740 0.999998629 5.130155087
0.999998927 0.000858626 0.001175912 0.095337830 -0.000859693 0.999999225 0.000906891 -0.153827116 -0.001175133 -0.000907901 0.999998927 5.401401997
0.999998868 0.000902337 0.001163652 0.101673804 -0.000903688 0.999998927 0.001161235 -0.163433686 -0.001162603 -0.001162285 0.999998689 5.668532848
0.999998868 0.000780104 0.001289629 0.099856451 -0.000781725 0.999998927 0.001256576 -0.173170075 -0.001288648 -0.001257583 0.999998391 5.944508076
0.999997854 0.001136068 0.001718697 0.103063144 -0.001138136 0.999998629 0.001202269 -0.182895616 -0.001717329 -0.001204223 0.999997854 6.221159935
0.999998987 0.000613268 0.001281008 0.117828846 -0.000614662 0.999999225 0.001088193 -0.184487984 -0.001280339 -0.001088979 0.999998510 6.515792370
0.999998927 0.000886349 0.001195217 0.120588988 -0.000887563 0.999999046 0.001015475 -0.189627141 -0.001194316 -0.001016535 0.999998748 6.810178757
0.999998987 0.001031762 0.001121376 0.130703658 -0.001032821 0.999999046 0.000944416 -0.200514317 -0.001120400 -0.000945573 0.999998868 7.102410793
0.999999106 0.000732342 0.001121517 0.137485415 -0.000733483 0.999999166 0.001017399 -0.210003421 -0.001120772 -0.001018221 0.999998868 7.403453827
0.999998927 0.000765233 0.001293843 0.140097678 -0.000766459 0.999999285 0.000947548 -0.220606431 -0.001293117 -0.000948538 0.999998689 7.704491615
0.999999046 0.000493987 0.001339386 0.146567822 -0.000495483 0.999999225 0.001116708 -0.230283543 -0.001338834 -0.001117370 0.999998510 8.027873993
0.999998569 0.000766278 0.001473295 0.152963996 -0.000768221 0.999998927 0.001318789 -0.245026454 -0.001472283 -0.001319918 0.999998033 8.345439911
0.999998510 0.000847203 0.001522942 0.160836458 -0.000849223 0.999998748 0.001326077 -0.253164470 -0.001521816 -0.001327368 0.999997973 8.671355247
0.999998033 0.000938868 0.001748974 0.162761062 -0.000940701 0.999998987 0.001047550 -0.255083859 -0.001747989 -0.001049193 0.999997914 9.020932198
0.999998152 0.001185490 0.001507692 0.170822293 -0.001187169 0.999998689 0.001113354 -0.266805738 -0.001506370 -0.001115142 0.999998271 9.361626625
0.999997139 0.001787058 0.001615106 0.179540157 -0.001788839 0.999997795 0.001102256 -0.278013378 -0.001613133 -0.001105142 0.999998093 9.698322296
0.999998033 0.001293824 0.001519703 0.182398334 -0.001295666 0.999998450 0.001211778 -0.292366385 -0.001518133 -0.001213745 0.999998093 10.062412262
0.999997139 0.001793251 0.001571373 0.187296793 -0.001795138 0.999997675 0.001199786 -0.302342594 -0.001569218 -0.001202603 0.999998033 10.415505409
0.999997139 0.001839908 0.001516831 0.195367128 -0.001841525 0.999997795 0.001065202 -0.312477916 -0.001514868 -0.001067992 0.999998271 10.777021408
0.999997735 0.001537791 0.001476429 0.206255853 -0.001540006 0.999997675 0.001499975 -0.321984917 -0.001474119 -0.001502246 0.999997735 11.144252777
0.999998093 0.001514336 0.001350144 0.215572953 -0.001516422 0.999997616 0.001545482 -0.330469698 -0.001347801 -0.001547526 0.999997854 11.527488708
0.999996901 0.001747412 0.001776674 0.216963187 -0.001750725 0.999996722 0.001865084 -0.346803039 -0.001773409 -0.001868189 0.999996662 11.904430389
0.999996006 0.001918265 0.002056524 0.221032530 -0.001922674 0.999995828 0.002144183 -0.360371411 -0.002052403 -0.002148129 0.999995589 12.286659241
0.999996722 0.001697499 0.001884100 0.236164302 -0.001701482 0.999996245 0.002113963 -0.371336639 -0.001880503 -0.002117161 0.999996006 12.672777176
0.999995589 0.002123645 0.002088225 0.242238879 -0.002128370 0.999995172 0.002263228 -0.380680025 -0.002083408 -0.002267663 0.999995232 13.078413010
0.999996603 0.001805029 0.001870397 0.255179644 -0.001808790 0.999996483 0.002011137 -0.389427394 -0.001866760 -0.002014514 0.999996245 13.479025841
0.999995589 0.001938376 0.002253220 0.260327965 -0.001943334 0.999995649 0.002199567 -0.402677357 -0.002248947 -0.002203936 0.999995053 13.888661385
0.999994814 0.002149539 0.002369616 0.271221071 -0.002155137 0.999994874 0.002362922 -0.412294865 -0.002364525 -0.002368017 0.999994397 14.303355217
0.999994040 0.002336778 0.002520248 0.280179799 -0.002342082 0.999994993 0.002103896 -0.425029665 -0.002515319 -0.002109786 0.999994576 14.721707344
0.999994218 0.002132016 0.002628671 0.294338048 -0.002137571 0.999995410 0.002112030 -0.434941500 -0.002624156 -0.002117637 0.999994338 15.169365883
0.999993384 0.002155752 0.002915800 0.303828150 -0.002161687 0.999995589 0.002034028 -0.448456228 -0.002911402 -0.002040318 0.999993682 15.612357140
0.999992609 0.002093711 0.003224113 0.313962728 -0.002099908 0.999995947 0.001919724 -0.457368344 -0.003220080 -0.001926481 0.999992967 16.060678482
0.999989152 0.002648639 0.003837633 0.322682530 -0.002656041 0.999994636 0.001924880 -0.467431158 -0.003832513 -0.001935052 0.999990761 16.500852585
0.999987721 0.002937326 0.004002664 0.327896148 -0.002944737 0.999993980 0.001846937 -0.481506526 -0.003997214 -0.001858701 0.999990284 16.952663422
0.999989390 0.002450097 0.003902470 0.352816284 -0.002458242 0.999994934 0.002083719 -0.499232084 -0.003897345 -0.002093290 0.999990225 17.401605606
0.999988079 0.002915004 0.003917134 0.364835441 -0.002924130 0.999993145 0.002326283 -0.512108386 -0.003910325 -0.002337709 0.999989688 17.862964630
0.999986410 0.002519593 0.004559958 0.373679399 -0.002528352 0.999994993 0.001916243 -0.521256089 -0.004555108 -0.001927746 0.999987781 18.336954117
0.999984622 0.002985378 0.004675493 0.390479356 -0.002994605 0.999993622 0.001967580 -0.529225647 -0.004669589 -0.001981551 0.999987125 18.812997818
0.999982834 0.003021022 0.005026055 0.391840488 -0.003034518 0.999991834 0.002679617 -0.553190410 -0.005017919 -0.002694823 0.999983728 19.265039444
0.999982536 0.002924788 0.005136834 0.408168077 -0.002939224 0.999991775 0.002804931 -0.563316524 -0.005128586 -0.002819980 0.999982893 19.736707687
0.999979377 0.003453907 0.005423270 0.412975520 -0.003471545 0.999988735 0.003246302 -0.577253044 -0.005411996 -0.003265062 0.999980092 20.225704193
0.999980986 0.002934898 0.005417181 0.430908442 -0.002951510 0.999991000 0.003061016 -0.589615047 -0.005408146 -0.003076947 0.999980688 20.714984894
0.999984086 0.002765552 0.004913403 0.447164088 -0.002781902 0.999990582 0.003323788 -0.615800858 -0.004904165 -0.003337404 0.999982417 21.207065582
0.999990463 0.002219192 0.003739760 0.463306785 -0.002230407 0.999992967 0.002997217 -0.623114347 -0.003733082 -0.003005530 0.999988556 21.714599609
0.999987304 0.002742328 0.004227002 0.466855317 -0.002754972 0.999991715 0.002988266 -0.639316797 -0.004218772 -0.002999874 0.999986589 22.213914871
0.999991834 0.002127034 0.003416278 0.486383468 -0.002137267 0.999993205 0.002994733 -0.654349983 -0.003409885 -0.003002010 0.999989688 22.722724915
0.999987900 0.003543274 0.003401208 0.487845123 -0.003553052 0.999989569 0.002873023 -0.666543484 -0.003390993 -0.002885073 0.999990106 23.253923416
0.999991715 0.003285696 0.002374135 0.501930118 -0.003292919 0.999989927 0.003045148 -0.682970285 -0.002364106 -0.003052941 0.999992549 23.776361465
0.999997258 0.001768626 0.001490971 0.512795627 -0.001772963 0.999994218 0.002913323 -0.700354099 -0.001485810 -0.002915959 0.999994636 24.301296234
0.999994755 0.002777911 0.001673118 0.522994101 -0.002783659 0.999990165 0.003442805 -0.718584239 -0.001663538 -0.003447444 0.999992609 24.818368912
0.999994516 0.003209169 0.000831672 0.533024192 -0.003211960 0.999989152 0.003377366 -0.728902936 -0.000820825 -0.003380018 0.999993980 25.370567322
0.999994814 0.003193300 0.000168899 0.544541359 -0.003193839 0.999989390 0.003295510 -0.739841938 -0.000158374 -0.003296032 0.999994576 25.911607742
0.999993503 0.003595154 0.000241758 0.552182317 -0.003595899 0.999988556 0.003155605 -0.751221716 -0.000230411 -0.003156454 0.999995053 26.460124969
0.999995768 0.002839152 -0.000626244 0.566404283 -0.002836783 0.999988914 0.003750790 -0.767473400 0.000636886 -0.003748998 0.999992728 27.017019272
0.999995172 0.002907261 -0.001055030 0.576129556 -0.002903558 0.999989688 0.003494293 -0.784287453 0.001065177 -0.003491213 0.999993265 27.567796707
0.999993563 0.003444137 -0.000983853 0.582322955 -0.003440652 0.999987900 0.003522064 -0.795669138 0.000995971 -0.003518656 0.999993265 28.129964828
0.999989212 0.004520492 -0.001179935 0.592179000 -0.004515749 0.999981761 0.003992359 -0.816171467 0.001197960 -0.003986987 0.999991357 28.665052414
0.999989271 0.004430208 -0.001360779 0.602633655 -0.004424767 0.999982238 0.003976433 -0.828623056 0.001378371 -0.003970369 0.999991119 29.219364166
0.999988139 0.004550519 -0.001731667 0.608865678 -0.004543897 0.999982417 0.003808598 -0.841799259 0.001748968 -0.003800685 0.999991238 29.770395279
0.999987245 0.004383141 -0.002488873 0.632643104 -0.004374168 0.999983966 0.003598579 -0.851725340 0.002504606 -0.003587647 0.999990404 30.317405701
0.999982774 0.005409867 -0.002294770 0.637993753 -0.005400731 0.999977648 0.003968784 -0.869896233 0.002316189 -0.003956322 0.999989510 30.872884750
0.999984562 0.004614368 -0.003078365 0.652909100 -0.004603072 0.999982715 0.003666158 -0.886924505 0.003095229 -0.003651932 0.999988556 31.404895782
0.999981344 0.005343254 -0.002951325 0.656924307 -0.005332951 0.999979794 0.003487601 -0.896400094 0.002969900 -0.003471797 0.999989629 31.954612732
0.999981165 0.005019319 -0.003538992 0.671482980 -0.005006494 0.999980867 0.003623466 -0.916446507 0.003557112 -0.003605679 0.999987185 32.520847321
0.999979317 0.005035645 -0.004003122 0.676308513 -0.005021185 0.999980927 0.003613899 -0.929091096 0.004021243 -0.003593724 0.999985456 33.072711945
0.999980927 0.004580604 -0.004128612 0.692600131 -0.004565321 0.999982715 0.003703513 -0.947807252 0.004145505 -0.003684594 0.999984562 33.621009827
0.999979913 0.005124916 -0.003734578 0.696090817 -0.005109654 0.999978542 0.004084829 -0.963577509 0.003755432 -0.004065664 0.999984682 34.169441223
0.999979854 0.004889366 -0.004053739 0.701789498 -0.004873203 0.999980152 0.003987731 -0.972474694 0.004073156 -0.003967896 0.999983847 34.711509705
0.999976575 0.005252601 -0.004400308 0.711924613 -0.005236032 0.999979198 0.003768453 -0.991266429 0.004420011 -0.003745324 0.999983251 35.237365723
0.999976516 0.004240243 -0.005391963 0.730459929 -0.004219232 0.999983490 0.003902191 -0.994777679 0.005408421 -0.003879349 0.999977946 35.807415009
0.999974489 0.005456527 -0.004591001 0.730640352 -0.005439166 0.999978065 0.003785342 -1.010942698 0.004611555 -0.003760275 0.999982297 36.346996307
0.999976933 0.005293827 -0.004246598 0.738890231 -0.005278480 0.999979556 0.003617080 -1.026370525 0.004265659 -0.003594581 0.999984384 36.898441315
0.999973118 0.006151588 -0.003989245 0.739622891 -0.006138339 0.999975681 0.003325063 -1.036824346 0.004009602 -0.003300486 0.999986470 37.454082489
0.999973834 0.005661839 -0.004498468 0.757173598 -0.005646940 0.999978542 0.003317776 -1.054839611 0.004517156 -0.003292286 0.999984384 37.985507965
0.999974012 0.004979266 -0.005215752 0.771554828 -0.004958063 0.999979436 0.004070274 -1.074180245 0.005235912 -0.004044308 0.999978125 38.532749176
0.999970973 0.005769250 -0.004982810 0.777438402 -0.005751631 0.999977171 0.003543279 -1.082718611 0.005003139 -0.003514516 0.999981344 39.084671021
0.999972403 0.005769517 -0.004667572 0.785228789 -0.005752665 0.999976933 0.003615800 -1.102418184 0.004688325 -0.003588849 0.999982595 39.619709015
0.999972463 0.005883088 -0.004519005 0.790670633 -0.005866659 0.999976158 0.003640297 -1.116798997 0.004540314 -0.003613686 0.999983132 40.173439026
0.999971688 0.005737870 -0.004861907 0.801885426 -0.005718848 0.999975920 0.003917237 -1.134474635 0.004884267 -0.003889322 0.999980509 40.716518402
0.999971032 0.006149884 -0.004482812 0.806460321 -0.006135864 0.999976218 0.003134766 -1.140597463 0.004501984 -0.003107170 0.999984980 41.277366638
0.999969542 0.006477847 -0.004344929 0.815299571 -0.006462465 0.999972820 0.003544830 -1.163009405 0.004367774 -0.003516644 0.999984264 41.807205200
0.999968171 0.006828383 -0.004122165 0.820966303 -0.006814563 0.999971151 0.003357374 -1.172686100 0.004144972 -0.003329176 0.999985874 42.362255096
0.999968708 0.006748670 -0.004102200 0.830912471 -0.006735599 0.999972224 0.003191678 -1.182421207 0.004123626 -0.003163947 0.999986529 42.918201447
0.999967694 0.007009685 -0.003929523 0.838411212 -0.006996071 0.999969542 0.003467389 -1.195393801 0.003953709 -0.003439785 0.999986291 43.467487335
0.999965370 0.007470938 -0.003647214 0.844439507 -0.007458734 0.999966562 0.003348463 -1.215029716 0.003672108 -0.003321143 0.999987721 44.017089844
0.999968767 0.006658818 -0.004241287 0.856201351 -0.006642212 0.999970257 0.003917620 -1.233251810 0.004267247 -0.003889326 0.999983311 44.553550720
0.999962807 0.008111662 -0.002932245 0.851329744 -0.008100508 0.999960005 0.003796719 -1.245813012 0.002962925 -0.003772824 0.999988437 45.107013702
0.999962628 0.008190764 -0.002757047 0.859578609 -0.008181670 0.999961138 0.003293490 -1.254074574 0.002783915 -0.003270809 0.999990821 45.664257050
0.999958992 0.008781176 -0.002258495 0.866643488 -0.008773839 0.999956250 0.003238671 -1.271385670 0.002286835 -0.003218723 0.999992192 46.198299408
0.999959052 0.008674732 -0.002546984 0.873988152 -0.008666588 0.999957263 0.003191489 -1.287429810 0.002574561 -0.003169285 0.999991655 46.739147186
0.999954522 0.009192677 -0.002536730 0.886660814 -0.009183916 0.999951899 0.003443901 -1.300052047 0.002568267 -0.003420447 0.999990821 47.285549164
0.999958634 0.008617244 -0.002896288 0.898154914 -0.008606431 0.999956012 0.003725769 -1.314378142 0.002928267 -0.003700688 0.999988854 47.834255219
0.999955177 0.009025185 -0.002870132 0.906161904 -0.009017021 0.999955297 0.002844881 -1.321891427 0.002895680 -0.002818873 0.999991775 48.383659363
0.999957860 0.008741554 -0.002808321 0.919955432 -0.008732831 0.999957025 0.003103587 -1.336412430 0.002835331 -0.003078931 0.999991238 48.927616119
0.999958038 0.008319510 -0.003853672 0.933018565 -0.008309080 0.999961793 0.002714402 -1.347498536 0.003876108 -0.002682267 0.999988914 49.474811554
0.999955356 0.008982085 -0.002942591 0.939189076 -0.008972114 0.999954045 0.003384307 -1.366473317 0.002972854 -0.003357755 0.999989927 50.025756836
0.999951184 0.009493593 -0.002728986 0.944035053 -0.009485623 0.999950767 0.002918788 -1.375549912 0.002756562 -0.002892760 0.999991953 50.577194214
0.999954283 0.009029430 -0.003143936 0.954779923 -0.009021112 0.999955773 0.002650745 -1.392076254 0.003167731 -0.002622262 0.999991536 51.101684570
0.999948740 0.009580269 -0.003256656 0.965520084 -0.009571786 0.999950767 0.002609710 -1.403633356 0.003281498 -0.002578404 0.999991238 51.659118652
0.999943912 0.010014359 -0.003454102 0.973643720 -0.010006252 0.999947131 0.002356560 -1.411542416 0.003477520 -0.002321865 0.999991238 52.213558197
0.999941587 0.010380834 -0.002984656 0.979919970 -0.010374468 0.999943912 0.002140401 -1.426847339 0.003006709 -0.002109312 0.999993265 52.771186829
0.999944985 0.010002051 -0.003161341 0.986604214 -0.009994472 0.999947131 0.002404795 -1.441443920 0.003185226 -0.002373067 0.999992132 53.310924530
0.999939203 0.010475616 -0.003437666 0.997781754 -0.010467896 0.999942720 0.002256092 -1.457404613 0.003461102 -0.002219970 0.999991536 53.850738525
0.999935389 0.010917809 -0.003166006 1.005331635 -0.010912779 0.999939144 0.001601809 -1.465197682 0.003183302 -0.001567156 0.999993682 54.403568268
0.999936700 0.010872429 -0.002877573 1.009864569 -0.010867348 0.999939382 0.001774485 -1.481771588 0.002896692 -0.001743101 0.999994278 54.931919098
0.999936521 0.010844396 -0.003061756 1.019724011 -0.010839117 0.999939740 0.001735054 -1.494654059 0.003080387 -0.001701758 0.999993742 55.481006622
0.999938905 0.010637575 -0.002978222 1.030848980 -0.010632780 0.999942183 0.001620525 -1.507304192 0.002995288 -0.001588759 0.999994278 56.019741058
0.999940872 0.010434243 -0.003051826 1.037149429 -0.010428449 0.999943912 0.001907771 -1.521986365 0.003071561 -0.001875833 0.999993503 56.563671112
0.999939084 0.010626107 -0.002992207 1.045442939 -0.010621432 0.999942362 0.001573414 -1.536234617 0.003008754 -0.001541537 0.999994278 57.111537933
0.999933541 0.011235737 -0.002578289 1.046852827 -0.011231930 0.999935806 0.001485688 -1.548370957 0.002594816 -0.001456630 0.999995530 57.652309418
0.999931335 0.011405299 -0.002699366 1.061762452 -0.011401087 0.999933720 0.001571132 -1.565686107 0.002717106 -0.001540248 0.999995112 58.195247650
0.999934256 0.011137122 -0.002725087 1.069885969 -0.011133588 0.999937117 0.001309763 -1.577076912 0.002739503 -0.001279337 0.999995351 58.736778259
0.999928594 0.011593902 -0.002901285 1.081154108 -0.011589690 0.999931753 0.001463655 -1.591529131 0.002918057 -0.001429926 0.999994695 59.271041870
0.999930799 0.011464096 -0.002631640 1.090398073 -0.011460189 0.999933243 0.001493974 -1.609842539 0.002648591 -0.001463711 0.999995410 59.809928894
0.999932349 0.011292298 -0.002836850 1.099734306 -0.011288316 0.999935269 0.001417037 -1.623728871 0.002852668 -0.001384918 0.999994993 60.355087280
0.999928117 0.011692551 -0.002635226 1.102751017 -0.011689334 0.999930918 0.001233017 -1.637690663 0.002649461 -0.001202124 0.999995768 60.890727997
0.999919534 0.012470264 -0.002289202 1.106002212 -0.012467956 0.999921679 0.001019616 -1.652705550 0.002301737 -0.000990993 0.999996841 61.435611725
0.999924719 0.012066216 -0.002194372 1.120589375 -0.012063465 0.999926448 0.001262460 -1.665303230 0.002209444 -0.001235893 0.999996722 61.983955383
0.999922514 0.012304361 -0.001872170 1.123031974 -0.012302184 0.999923587 0.001170925 -1.682715178 0.001886435 -0.001147802 0.999997556 62.523799896
0.999917448 0.012710911 -0.001852773 1.134118915 -0.012709142 0.999918759 0.000964078 -1.698752999 0.001864877 -0.000940451 0.999997795 63.061477661
0.999912083 0.013116001 -0.001905093 1.140007377 -0.013114085 0.999913633 0.001013878 -1.711311102 0.001918225 -0.000988806 0.999997616 63.609901428
0.999911189 0.013186867 -0.001929076 1.147308946 -0.013185128 0.999912679 0.000910486 -1.730304122 0.001940913 -0.000884970 0.999997675 64.150199890
0.999918103 0.012675131 -0.001769258 1.156113267 -0.012673300 0.999919176 0.001042510 -1.744628906 0.001782329 -0.001020002 0.999997914 64.682937622
0.999915242 0.012853434 -0.002068565 1.163883924 -0.012851376 0.999916852 0.001005824 -1.756684422 0.002081321 -0.000979155 0.999997377 65.223281860
0.999925673 0.012003279 -0.002114165 1.182439089 -0.012002167 0.999927819 0.000537759 -1.767465711 0.002120467 -0.000512345 0.999997616 65.758049011
0.999926567 0.011853141 -0.002499601 1.196935654 -0.011851539 0.999929547 0.000655019 -1.781822801 0.002507189 -0.000625347 0.999996662 66.300720215
0.999916852 0.012771297 -0.001768365 1.187505245 -0.012771135 0.999918461 0.000101788 -1.790907145 0.001769521 -0.000079196 0.999998450 66.842735291
0.999927819 0.011903162 -0.001620935 1.197819710 -0.011903173 0.999929130 0.000002708 -1.812516093 0.001620852 0.000016587 0.999998689 67.390167236
0.999912322 0.013150664 -0.001632045 1.202272892 -0.013150288 0.999913514 0.000240589 -1.827738881 0.001635068 -0.000219106 0.999998629 67.912986755
0.999921560 0.012404191 -0.001698506 1.224654675 -0.012404246 0.999923110 -0.000021575 -1.837257862 0.001698107 0.000042642 0.999998569 68.473960876
0.999909759 0.013364093 -0.001367484 1.222255707 -0.013364252 0.999910712 -0.000106536 -1.860103011 0.001365939 0.000124802 0.999998987 69.000526428
0.999911904 0.013173291 -0.001634451 1.229015708 -0.013172930 0.999913156 0.000231212 -1.876651406 0.001637355 -0.000209661 0.999998629 69.537139893
0.999907434 0.013578024 -0.000957217 1.234222651 -0.013577997 0.999907792 0.000036233 -1.890712261 0.000957621 -0.000023233 0.999999523 70.089401245
0.999905050 0.013725310 -0.001222164 1.246385455 -0.013724847 0.999905884 0.000384896 -1.913329005 0.001227332 -0.000368085 0.999999166 70.622512817
0.999904215 0.013788033 -0.001154363 1.256180406 -0.013788018 0.999904931 0.000021708 -1.926872849 0.001154552 -0.000005790 0.999999404 71.167755127
0.999908745 0.013427495 -0.001480604 1.270956516 -0.013426951 0.999909759 0.000375418 -1.946253061 0.001485511 -0.000355504 0.999998808 71.705146790
0.999910891 0.013292887 -0.001225601 1.275446534 -0.013292409 0.999911487 0.000396568 -1.959932327 0.001230764 -0.000380241 0.999999166 72.247039795
0.999909163 0.013431277 -0.001150015 1.284578204 -0.013431280 0.999909818 0.000005921 -1.973131776 0.001149991 0.000009525 0.999999344 72.791549683
0.999913394 0.013078685 -0.001421594 1.297273517 -0.013078724 0.999914408 -0.000018027 -1.990461826 0.001421237 0.000036619 0.999998987 73.319534302
0.999900937 0.014032068 -0.001058164 1.301091909 -0.014031741 0.999901474 0.000316508 -2.006292582 0.001062500 -0.000301629 0.999999404 73.876815796
0.999913633 0.013093623 -0.001103585 1.314821005 -0.013093567 0.999914289 0.000058790 -2.023208618 0.001104260 -0.000044335 0.999999404 74.392486572
0.999908745 0.013462839 -0.001203578 1.326707363 -0.013462543 0.999909282 0.000253731 -2.037744284 0.001206885 -0.000237505 0.999999225 74.932945251
0.999909699 0.013390703 -0.001139625 1.336063743 -0.013390456 0.999910295 0.000223806 -2.054965496 0.001142520 -0.000208526 0.999999344 75.471244812
0.999905825 0.013668327 -0.001218983 1.348414063 -0.013668450 0.999906600 -0.000092239 -2.069858789 0.001217608 0.000108892 0.999999225 76.002021790
0.999902248 0.013960201 -0.000763486 1.352484703 -0.013960116 0.999902487 0.000115893 -2.087028027 0.000765029 -0.000105223 0.999999642 76.545814514
0.999902904 0.013912907 -0.000807627 1.364586711 -0.013912931 0.999903202 -0.000027147 -2.103697777 0.000807171 0.000038381 0.999999702 77.090858459
0.999894977 0.014471578 -0.000807847 1.372731686 -0.014472160 0.999894977 -0.000718349 -2.116065264 0.000797366 0.000729965 0.999999464 77.632080078
0.999898553 0.014225837 -0.000748780 1.380699992 -0.014225816 0.999898732 0.000033977 -2.137742281 0.000749187 -0.000023322 0.999999702 78.157394409
0.999904633 0.013779889 -0.000816690 1.393623948 -0.013779989 0.999905050 -0.000117521 -2.153322220 0.000814993 0.000128764 0.999999642 78.699172974
0.999896288 0.014382179 -0.000727540 1.404270768 -0.014382480 0.999896467 -0.000409996 -2.164680481 0.000721568 0.000420417 0.999999702 79.247222900
0.999899268 0.014173784 -0.000662352 1.410532951 -0.014173864 0.999899566 -0.000119056 -2.185180426 0.000660599 0.000128432 0.999999702 79.767578125
0.999901652 0.013996626 -0.000863632 1.426627040 -0.013996626 0.999902070 0.000006184 -2.205213070 0.000863634 0.000005904 0.999999642 80.302474976
0.999900460 0.014108256 0.000053285 1.434529662 -0.014108244 0.999900460 -0.000235602 -2.215438843 -0.000056603 0.000234827 0.999999940 80.846374512
0.999900818 0.014019158 0.001322175 1.450716138 -0.014018767 0.999901652 -0.000306368 -2.232188940 -0.001326340 0.000287802 0.999999106 81.383895874
0.999904990 0.013589377 0.002293262 1.460950613 -0.013588993 0.999907672 -0.000183290 -2.252045870 -0.002295541 0.000152109 0.999997318 81.920097351
0.999897182 0.013872549 0.003630441 1.469389677 -0.013871539 0.999903738 -0.000303527 -2.267138243 -0.003634302 0.000253136 0.999993384 82.463768005
0.999872386 0.014509037 0.006682070 1.488727570 -0.014508679 0.999894679 -0.000102277 -2.292593479 -0.006682850 0.000005316 0.999977589 82.995735168
0.999845505 0.014238326 0.010304716 1.506987572 -0.014241535 0.999898553 0.000238334 -2.306182384 -0.010300279 -0.000385052 0.999946833 83.567771912
0.999809206 0.013978012 0.013644247 1.528265595 -0.013974736 0.999902308 -0.000335352 -2.321806908 -0.013647601 0.000144613 0.999906778 84.107307434
0.999740660 0.014014793 0.017951369 1.546687245 -0.014014392 0.999901772 -0.000148352 -2.336529970 -0.017951688 -0.000103264 0.999838769 84.665878296
0.999607384 0.014713022 0.023845965 1.574833632 -0.014719171 0.999891639 0.000082377 -2.355376005 -0.023842171 -0.000433337 0.999715567 85.202629089
0.999437392 0.014831530 0.030081544 1.602941632 -0.014840724 0.999889851 0.000082307 -2.372877598 -0.030077007 -0.000528693 0.999547422 85.750625610
0.999228776 0.015125955 0.036234960 1.633930564 -0.015134291 0.999885380 -0.000044253 -2.388967514 -0.036231469 -0.000504172 0.999343276 86.297760010
0.998913467 0.014927144 0.044151064 1.684359312 -0.014944426 0.999888301 0.000061359 -2.410679102 -0.044145219 -0.000721105 0.999024808 86.832939148
0.998515189 0.014447091 0.052522384 1.733554363 -0.014430344 0.999895573 -0.000698125 -2.423227310 -0.052526977 -0.000060828 0.998619497 87.364822388
0.998134911 0.014195575 0.059375465 1.780816078 -0.014188141 0.999899149 -0.000546897 -2.441738605 -0.059377246 -0.000296551 0.998235524 87.889251709
0.997541368 0.014142359 0.068638176 1.834726334 -0.014116938 0.999899924 -0.000855430 -2.454115629 -0.068643413 -0.000115634 0.997641265 88.436164856
0.996839821 0.013322756 0.078312404 1.905093670 -0.013279839 0.999911249 -0.001068791 -2.478500605 -0.078319699 0.000025438 0.996928215 88.965286255
0.996088922 0.013837617 0.087266393 1.964523315 -0.013734442 0.999903977 -0.001782631 -2.478602409 -0.087282702 0.000577104 0.996183395 89.516410828
0.995445371 0.013005037 0.094442733 2.044219494 -0.012838247 0.999914765 -0.002373425 -2.494467735 -0.094465554 0.001150135 0.995527446 90.063316345
0.994426250 0.012882128 0.104644373 2.115902901 -0.012688867 0.999916315 -0.002512398 -2.507672310 -0.104667999 0.001170576 0.994506538 90.587715149
0.993256450 0.012829344 0.115225546 2.201024055 -0.012620096 0.999917090 -0.002545340 -2.523102522 -0.115248650 0.001074017 0.993336022 91.127609253
0.992184341 0.011614075 0.124238662 2.292693138 -0.011359086 0.999931693 -0.002760601 -2.542962551 -0.124262229 0.001327787 0.992248535 91.673027039
0.990684330 0.012396321 0.135612920 2.390417099 -0.012144853 0.999922633 -0.002681506 -2.560987234 -0.135635689 0.001009527 0.990758181 92.216270447
0.988871694 0.012107424 0.148277998 2.489232063 -0.011835197 0.999926269 -0.002718149 -2.583710432 -0.148299992 0.000933001 0.988941967 92.755920410
0.987255156 0.011120584 0.158757105 2.601168633 -0.010762452 0.999937296 -0.003115459 -2.596304178 -0.158781826 0.001367137 0.987312675 93.302413940
0.985401630 0.011615293 0.169849232 2.708189011 -0.011247806 0.999931812 -0.003125689 -2.615681887 -0.169873953 0.001169628 0.985465229 93.839683533
0.982984424 0.012131956 0.183287099 2.820096970 -0.011711757 0.999925673 -0.003374907 -2.624921560 -0.183314413 0.001170867 0.983053684 94.405838013
0.980777323 0.012129276 0.194753066 2.956709862 -0.011789255 0.999926269 -0.002904940 -2.656658173 -0.194773927 0.000553105 0.980847955 94.902084351
0.978651166 0.011781669 0.205190539 3.083574295 -0.011374470 0.999930322 -0.003163936 -2.675725937 -0.205213517 0.000762456 0.978716969 95.435615540
0.975783348 0.011732954 0.218424276 3.231069565 -0.011386652 0.999931037 -0.002844188 -2.701554060 -0.218442634 0.000288190 0.975849748 95.951995850
0.972734094 0.010238877 0.231696859 3.380981445 -0.009587811 0.999946237 -0.003935901 -2.711374760 -0.231724724 0.001607119 0.972780049 96.481872559
0.970168889 0.010221830 0.242214218 3.534791946 -0.009616444 0.999946952 -0.003681499 -2.730224848 -0.242239013 0.001242437 0.970215738 96.998199463
0.967286587 0.008596716 0.253540903 3.702175140 -0.007942621 0.999961972 -0.003603363 -2.755298138 -0.253562212 0.001471705 0.967317939 97.551177979
0.963753283 0.007955176 0.266676486 3.871681213 -0.007175010 0.999966681 -0.003899746 -2.767252445 -0.266698688 0.001844987 0.963778198 98.071136475
0.960264683 0.007241794 0.278997093 4.044898987 -0.006275984 0.999970913 -0.004354798 -2.788359642 -0.279020518 0.002430777 0.960282028 98.594818115
0.956837475 0.007257847 0.290533036 4.229434967 -0.006184620 0.999970317 -0.004612051 -2.799513817 -0.290557861 0.002616146 0.956853926 99.122612000
0.952331722 0.007853449 0.304962993 4.412868500 -0.007094203 0.999968350 -0.003597700 -2.831139565 -0.304981619 0.001262735 0.952357352 99.607795715
0.947490096 0.008700276 0.319666594 4.629907608 -0.008071376 0.999962032 -0.003292175 -2.881891251 -0.319683105 0.000539155 0.947524369 100.289024353
0.944165349 0.006303903 0.329411685 4.821971893 -0.005397534 0.999978721 -0.003665943 -2.867725134 -0.329427689 0.001683245 0.944179416 100.611206055
0.939400375 0.006172973 0.342766494 5.025331497 -0.005293996 0.999979854 -0.003499958 -2.885623693 -0.342781097 0.001473257 0.939414084 101.120346069
0.934139371 0.005705441 0.356862605 5.243040085 -0.004753297 0.999982417 -0.003545059 -2.908960342 -0.356876522 0.001615305 0.934150100 101.624847412
0.929369926 0.005636545 0.369106740 5.497228622 -0.004412055 0.999981582 -0.004161425 -2.923949957 -0.369123340 0.002238984 0.929377735 102.175514221
0.924553454 0.005366215 0.381014615 5.721265793 -0.004116428 0.999983072 -0.004095030 -2.941922426 -0.381030202 0.002217655 0.924560010 102.676383972
0.918751121 0.004616856 0.394810110 5.954296112 -0.003250012 0.999986231 -0.004130693 -2.955046177 -0.394823760 0.002511942 0.918753386 103.143035889
0.912700534 0.005404844 0.408593357 6.221626282 -0.004038454 0.999983013 -0.004206761 -2.966403484 -0.408609152 0.002189428 0.912706852 103.719619751
0.907715499 0.004911934 0.419557661 6.470199585 -0.003473311 0.999985218 -0.004192711 -2.982130289 -0.419572085 0.002348535 0.907719016 104.199440002
0.901789069 0.004900871 0.432148725 6.726745605 -0.003682084 0.999986589 -0.003656941 -3.005787373 -0.432160825 0.001706581 0.901794970 104.692268372
0.895972908 0.003867398 0.444091707 7.024711609 -0.002403039 0.999989629 -0.003860240 -3.049330473 -0.444102079 0.002391500 0.895973027 105.147079468
0.889917791 0.004969101 0.456093818 7.304580688 -0.003171507 0.999983847 -0.004706577 -3.054319382 -0.456109941 0.002741962 0.889919221 105.639648438
0.884107232 0.003083353 0.467273980 7.577114105 -0.001293285 0.999990523 -0.004151572 -3.074104786 -0.467282295 0.003066116 0.884102821 106.143768311
0.876252770 0.003438245 0.481839538 7.852508545 -0.001679603 0.999990225 -0.004081140 -3.092854977 -0.481848866 0.002766810 0.876249969 106.616546631
0.869344711 0.003047781 0.494196713 8.150653839 -0.001122214 0.999990523 -0.004192989 -3.117020607 -0.494204849 0.003090559 0.869340003 107.066543579
