1.000000000 0.000000000 0.000000000 0.000000000 0.000000000 1.000000000 0.000000000 0.000000000 0.000000000 0.000000000 1.000000000 0.000000000
1.000000000 0.000020335 0.000017899 0.000288431 -0.000020338 1.000000000 0.000159784 -0.000880784 -0.000017896 -0.000159784 1.000000000 0.000111043
1.000000000 0.000004699 -0.000172390 0.001497818 -0.000004697 1.000000000 0.000011566 -0.000558106 0.000172390 -0.000011565 1.000000000 -0.001444116
1.000000000 -0.000121295 -0.000066731 0.000766760 0.000121300 1.000000000 0.000073280 -0.000438682 0.000066722 -0.000073288 1.000000000 0.000510546
1.000000000 -0.000168389 -0.000076918 0.000183429 0.000168384 1.000000000 -0.000060907 0.000247489 0.000076928 0.000060894 1.000000000 -0.000852612
1.000000000 -0.000137369 -0.000030286 0.000304271 0.000137363 0.999999940 -0.000207128 0.001051430 0.000030315 0.000207124 1.000000000 -0.000702170
1.000000000 -0.000037400 -0.000012141 0.001064380 0.000037397 1.000000000 -0.000177221 0.000719868 0.000012147 0.000177220 1.000000000 -0.001443072
1.000000000 0.000038198 0.000048223 0.000346618 -0.000038198 1.000000000 -0.000005187 0.000281978 -0.000048223 0.000005186 1.000000000 -0.000276380
1.000000000 0.000129981 0.000056805 0.000488419 -0.000129977 1.000000000 -0.000076387 0.000754046 -0.000056815 0.000076380 1.000000000 -0.001589892
1.000000000 -0.000146551 -0.000039502 0.001423098 0.000146546 1.000000000 -0.000119575 0.001959481 0.000039519 0.000119569 1.000000000 0.000985134
1.000000000 0.000061866 -0.000063751 0.001185371 -0.000061864 1.000000000 0.000025545 0.000348796 0.000063753 -0.000025541 1.000000000 0.000716997
1.000000000 -0.000005753 0.000035137 0.000432809 0.000005755 1.000000000 -0.000050035 0.001063105 -0.000035137 0.000050035 1.000000000 0.000859710
0.999999523 0.000933366 -0.000355950 0.000054448 -0.000933268 0.999999523 0.000274992 -0.003668865 0.000356206 -0.000274660 0.999999881 -0.004804430
0.999999404 0.001065783 -0.000362194 0.000069430 -0.001065702 0.999999404 0.000222152 -0.003238991 0.000362431 -0.000221766 0.999999881 -0.004380222
0.999999464 0.000981517 -0.000332731 0.000730368 -0.000981421 0.999999464 0.000288355 -0.003385791 0.000333014 -0.000288028 0.999999881 -0.004206564
0.999999464 0.000984879 -0.000376132 0.000264743 -0.000984767 0.999999464 0.000296140 -0.004318072 0.000376423 -0.000295769 0.999999881 -0.005650600
0.999999464 0.001027107 -0.000292924 -0.000252100 -0.001026999 0.999999464 0.000367461 -0.004446181 0.000293301 -0.000367160 0.999999881 -0.005217179
0.999999344 0.001105097 -0.000303754 -0.000340723 -0.001105017 0.999999344 0.000265164 -0.003580673 0.000304047 -0.000264828 0.999999881 -0.005081000
0.999999285 0.001200179 -0.000351271 0.000019157 -0.001200061 0.999999285 0.000335566 -0.004102500 0.000351674 -0.000335144 0.999999881 -0.005517844
0.999999523 0.000911804 -0.000428886 0.000840357 -0.000911683 0.999999523 0.000280524 -0.004019188 0.000429142 -0.000280133 0.999999881 -0.005469261
0.999999464 0.000976681 -0.000341120 0.000087534 -0.000976613 0.999999464 0.000199640 -0.003631433 0.000341315 -0.000199306 0.999999881 -0.006221595
0.999999583 0.000850004 -0.000378932 0.000597698 -0.000849953 0.999999642 0.000135644 -0.003484169 0.000379048 -0.000135322 0.999999940 -0.006700033
0.999999642 0.000789965 -0.000415435 0.001827957 -0.000789882 0.999999642 0.000199426 -0.002982966 0.000415592 -0.000199098 0.999999881 -0.004653587
0.999999404 0.001051776 -0.000322644 0.000885207 -0.001051690 0.999999404 0.000267381 -0.003462902 0.000322925 -0.000267042 0.999999881 -0.005290730
0.999999583 0.000886595 -0.000411053 0.002228000 -0.000886494 0.999999583 0.000245061 -0.004154223 0.000411270 -0.000244696 0.999999881 -0.007267275
0.999999523 0.000873151 -0.000452573 0.001784933 -0.000873099 0.999999642 0.000113664 -0.003207542 0.000452672 -0.000113269 0.999999881 -0.008067475
0.999999464 0.000995796 -0.000419992 0.001072694 -0.000995706 0.999999464 0.000215393 -0.003917460 0.000420206 -0.000214974 0.999999881 -0.006540698
0.999999464 0.001019774 -0.000359549 0.000922828 -0.001019675 0.999999464 0.000277491 -0.003849512 0.000359832 -0.000277124 0.999999881 -0.005233497
0.999999464 0.000990629 -0.000385311 0.000480576 -0.000990468 0.999999404 0.000418597 -0.004621048 0.000385725 -0.000418215 0.999999821 -0.004906350
0.999999464 0.000976664 -0.000382907 0.000088996 -0.000976581 0.999999464 0.000216931 -0.003600168 0.000383119 -0.000216557 0.999999881 -0.004912806
0.999999523 0.000918334 -0.000417225 0.000789791 -0.000918211 0.999999523 0.000293723 -0.003412881 0.000417495 -0.000293339 0.999999881 -0.005078520
0.999999464 0.000930110 -0.000525537 0.001374835 -0.000929904 0.999999464 0.000391749 -0.004712948 0.000525901 -0.000391260 0.999999762 -0.006314502
0.999999464 0.001023570 -0.000336376 0.000001169 -0.001023467 0.999999464 0.000306573 -0.003785530 0.000336690 -0.000306229 0.999999881 -0.004358436
0.999999523 0.000942077 -0.000339975 -0.000058665 -0.000941935 0.999999464 0.000419448 -0.004741450 0.000340370 -0.000419128 0.999999821 -0.004563491
0.999999404 0.001045573 -0.000385620 -0.000063463 -0.001045478 0.999999404 0.000248959 -0.003529408 0.000385880 -0.000248555 0.999999881 -0.004185909
0.999999523 0.000903640 -0.000416221 0.000566393 -0.000903542 0.999999523 0.000234572 -0.003813691 0.000416433 -0.000234196 0.999999881 -0.006057609
0.999999523 0.000892046 -0.000446530 0.000762998 -0.000891918 0.999999583 0.000285749 -0.003646837 0.000446785 -0.000285350 0.999999821 -0.004677684
0.999999344 0.001113842 -0.000341035 -0.000303327 -0.001113717 0.999999344 0.000368178 -0.003961216 0.000341445 -0.000367798 0.999999881 -0.004184899
0.999999464 0.001003494 -0.000393142 0.000886721 -0.001003350 0.999999464 0.000367162 -0.003981346 0.000393510 -0.000366767 0.999999821 -0.005578359
0.999999523 0.001027637 -0.000261985 -0.000454179 -0.001027570 0.999999464 0.000253577 -0.003543291 0.000262245 -0.000253308 0.999999940 -0.003165423
1.000000000 -0.000100193 0.000133020 0.001273487 0.000100256 0.999999881 -0.000472312 -0.002913601 -0.000132972 0.000472326 0.999999881 0.051724888
1.000000000 -0.000180079 -0.000044574 0.003596136 0.000180033 0.999999464 -0.001039407 -0.005992503 0.000044761 0.001039399 0.999999464 0.136561468
0.999998987 0.001364387 -0.000472621 0.003290094 -0.001364877 0.999998510 -0.001037986 -0.011848524 0.000471204 0.001038630 0.999999344 0.248599336
0.999999583 0.000762255 -0.000517467 0.008816908 -0.000762800 0.999999106 -0.001053451 -0.016208824 0.000516664 0.001053845 0.999999285 0.377728730
0.999999583 0.000876023 -0.000303873 0.010423660 -0.000876336 0.999999106 -0.001032531 -0.020880586 0.000302968 0.001032797 0.999999404 0.517438531
0.999998927 0.001252762 -0.000647875 0.016090384 -0.001253452 0.999998569 -0.001066035 -0.023752645 0.000646539 0.001066846 0.999999225 0.665345371
0.999999404 0.000984754 -0.000437884 0.018893780 -0.000985120 0.999999166 -0.000836344 -0.026832661 0.000437060 0.000836774 0.999999523 0.835637391
0.999999166 0.001182412 -0.000434787 0.021574533 -0.001182605 0.999999166 -0.000445552 -0.034927890 0.000434260 0.000446066 0.999999821 0.995820522
0.999998868 0.001495414 -0.000396922 0.023254437 -0.001495572 0.999998808 -0.000396711 -0.040086076 0.000396328 0.000397304 0.999999881 1.178282022
0.999999106 0.001114881 -0.000727008 0.028756378 -0.001115010 0.999999464 -0.000176777 -0.048683707 0.000726810 0.000177587 0.999999702 1.354306698
0.999998391 0.001578120 -0.000799419 0.032862987 -0.001578352 0.999998748 -0.000290284 -0.052333392 0.000798960 0.000291545 0.999999642 1.546393156
0.999998868 0.001377055 -0.000614510 0.036000118 -0.001377074 0.999998987 -0.000031512 -0.057171006 0.000614466 0.000032358 0.999999821 1.742428422
0.999998450 0.001526164 -0.000790168 0.041015860 -0.001526223 0.999998748 -0.000074379 -0.059967265 0.000790053 0.000075585 0.999999702 1.942481041
0.999999404 0.001010418 -0.000394337 0.039056674 -0.001010458 0.999999464 -0.000101717 -0.068987817 0.000394234 0.000102116 0.999999940 2.160725832
0.999999285 0.001172940 -0.000124502 0.043526787 -0.001172963 0.999999285 -0.000180498 -0.074237883 0.000124291 0.000180644 1.000000000 2.378702402
0.999999583 0.000860956 -0.000182911 0.048545189 -0.000860953 0.999999642 0.000020039 -0.082380898 0.000182928 -0.000019882 1.000000000 2.602151871
0.999998868 0.001486317 -0.000070233 0.050126541 -0.001486307 0.999998868 0.000138566 -0.089760594 0.000070439 -0.000138461 1.000000000 2.834174395
0.999998808 0.001382958 -0.000670109 0.059840582 -0.001382561 0.999998808 0.000593229 -0.103397593 0.000670929 -0.000592302 0.999999523 3.063616514
0.999999106 0.001107049 -0.000680214 0.068499170 -0.001107123 0.999999344 -0.000108341 -0.103962578 0.000680093 0.000109094 0.999999762 3.311000586
0.999998987 0.001273558 -0.000680716 0.071526036 -0.001273465 0.999999225 0.000136381 -0.112686470 0.000680889 -0.000135514 0.999999702 3.549095869
0.999998510 0.001600852 -0.000658934 0.075840712 -0.001600772 0.999998689 0.000122631 -0.115114614 0.000659129 -0.000121576 0.999999702 3.820276976
0.999998569 0.001665555 -0.000332251 0.080777518 -0.001665634 0.999998569 -0.000235515 -0.122485191 0.000331858 0.000236068 0.999999940 4.087585449
0.999996960 0.002453280 -0.000248883 0.084064260 -0.002453226 0.999996960 0.000220728 -0.129279420 0.000249424 -0.000220116 0.999999940 4.344930649
0.999998808 0.001580517 -0.000023639 0.087805897 -0.001580500 0.999998569 0.000698983 -0.139783412 0.000024744 -0.000698945 0.999999762 4.601890087
0.999998093 0.001929535 0.000273972 0.092686556 -0.001929691 0.999997973 0.000573241 -0.146649912 -0.000272865 -0.000573769 0.999999881 4.852864265
0.999998212 0.001931760 0.000065266 0.100855842 -0.001931798 0.999997973 0.000586544 -0.153772801 -0.000064133 -0.000586669 0.999999821 5.122009277
0.999999046 0.001336886 -0.000277141 0.102776475 -0.001336646 0.999998748 0.000867286 -0.167356074 0.000278301 -0.000866915 0.999999583 5.362781048
0.999998689 0.001567872 -0.000360826 0.107317187 -0.001567847 0.999998808 0.000068872 -0.167459980 0.000360933 -0.000068306 0.999999881 5.635392189
0.999999285 0.001132494 -0.000499479 0.117806889 -0.001132255 0.999999344 0.000479929 -0.176903874 0.000500022 -0.000479364 0.999999762 5.903730392
0.999997079 0.002345974 -0.000419301 0.123369366 -0.002345725 0.999997020 0.000591876 -0.188449532 0.000420688 -0.000590891 0.999999702 6.181415558
0.999998868 0.001488999 0.000052927 0.121088400 -0.001489068 0.999997973 0.001323353 -0.203938752 -0.000050956 -0.001323431 0.999999046 6.465054512
0.999998927 0.001457841 -0.000239438 0.128671527 -0.001457542 0.999998212 0.001246370 -0.213197008 0.000241254 -0.001246020 0.999999166 6.749643326
0.999998212 0.001838406 0.000359150 0.133048043 -0.001838777 0.999997735 0.001033761 -0.218170002 -0.000357249 -0.001034419 0.999999344 7.039874077
0.999999046 0.001330636 -0.000309957 0.146157369 -0.001330276 0.999998450 0.001156780 -0.228603303 0.000311496 -0.001156367 0.999999285 7.332818985
0.999998808 0.001503841 -0.000182787 0.152668908 -0.001503597 0.999998033 0.001329050 -0.240373507 0.000184785 -0.001328773 0.999999106 7.637226105
0.999999046 0.001317392 0.000387349 0.140530154 -0.001317819 0.999998510 0.001104479 -0.245926544 -0.000385893 -0.001104988 0.999999344 7.983114719
0.999999404 0.001038020 0.000276569 0.145922750 -0.001038240 0.999999166 0.000796230 -0.253026336 -0.000275742 -0.000796516 0.999999642 8.304870605
0.999998808 0.001488192 0.000427472 0.154267624 -0.001488778 0.999997973 0.001375016 -0.267832369 -0.000425425 -0.001375651 0.999998927 8.632350922
0.999997675 0.001764282 0.001278618 0.154650971 -0.001766191 0.999997318 0.001493586 -0.275328040 -0.001275980 -0.001495841 0.999998033 8.970438004
0.999998689 0.001198644 0.001068987 0.167978600 -0.001200531 0.999997735 0.001766076 -0.290331215 -0.001066868 -0.001767358 0.999997854 9.301820755
0.999999106 0.001098339 0.000824799 0.178663939 -0.001099593 0.999998331 0.001521706 -0.294523597 -0.000823126 -0.001522612 0.999998510 9.674521446
0.999997675 0.001782931 0.001200787 0.170865193 -0.001784866 0.999997020 0.001612197 -0.305771470 -0.001197909 -0.001614337 0.999997914 9.988189697
0.999998331 0.001419110 0.001080285 0.182565242 -0.001421448 0.999996603 0.002166237 -0.319028676 -0.001077207 -0.002167769 0.999997020 10.340353966
0.999998271 0.001388495 0.001244957 0.185486421 -0.001390511 0.999997735 0.001619795 -0.326706529 -0.001242705 -0.001621523 0.999997914 10.693449020
0.999998391 0.001448213 0.001099631 0.194728076 -0.001449380 0.999998450 0.001061357 -0.331776500 -0.001098093 -0.001062948 0.999998808 11.067628860
0.999997258 0.001674600 0.001647307 0.193490371 -0.001677845 0.999996662 0.001970712 -0.347630441 -0.001644001 -0.001973471 0.999996662 11.433985710
0.999997199 0.001843207 0.001481154 0.204180866 -0.001846193 0.999996245 0.002016551 -0.359087348 -0.001477431 -0.002019280 0.999996841 11.808595657
0.999998152 0.001289503 0.001407226 0.214185908 -0.001292256 0.999997199 0.001956858 -0.372532010 -0.001404699 -0.001958673 0.999997079 12.193621635
0.999997437 0.001757485 0.001450255 0.229704976 -0.001760672 0.999996066 0.002199499 -0.384457439 -0.001446384 -0.002202047 0.999996483 12.589443207
0.999997377 0.001675652 0.001565598 0.230879217 -0.001678617 0.999996781 0.001894833 -0.390651524 -0.001562418 -0.001897456 0.999996960 12.979949951
0.999997556 0.001587305 0.001529720 0.237750694 -0.001590400 0.999996662 0.002024253 -0.402149260 -0.001526502 -0.002026681 0.999996781 13.378577232
0.999996245 0.001891795 0.002006081 0.247877032 -0.001895598 0.999996424 0.001895465 -0.411793202 -0.002002488 -0.001899260 0.999996185 13.784338951
0.999995112 0.001940165 0.002458481 0.249890804 -0.001944570 0.999996483 0.001790518 -0.420770556 -0.002454999 -0.001795290 0.999995351 14.206067085
0.999993563 0.002389222 0.002694752 0.259173155 -0.002395036 0.999994814 0.002156520 -0.436198950 -0.002689586 -0.002162960 0.999994040 14.635721207
0.999994636 0.001781453 0.002800230 0.269110650 -0.001786150 0.999997020 0.001675722 -0.442184716 -0.002797238 -0.001680715 0.999994695 15.060220718
0.999993384 0.001853665 0.003128952 0.276998043 -0.001859305 0.999996662 0.001800788 -0.452936292 -0.003125603 -0.001806594 0.999993503 15.495735168
0.999990702 0.002196373 0.003697271 0.286531448 -0.002203099 0.999995887 0.001816123 -0.466495544 -0.003693267 -0.001824251 0.999991596 15.936873436
0.999991536 0.001600688 0.003781697 0.299100339 -0.001608417 0.999996603 0.002041537 -0.478787929 -0.003778417 -0.002047602 0.999990761 16.366800308
0.999986529 0.002593862 0.004495236 0.301150888 -0.002598756 0.999996066 0.001083301 -0.480380774 -0.004492408 -0.001094969 0.999989331 16.827598572
0.999986470 0.002123241 0.004740234 0.315652192 -0.002132214 0.999995947 0.001888637 -0.504307508 -0.004736203 -0.001898718 0.999987006 17.273082733
0.999985933 0.002270534 0.004790634 0.327474356 -0.002279241 0.999995708 0.001812894 -0.516176522 -0.004786497 -0.001823787 0.999986887 17.737823486
0.999981940 0.002583275 0.005422513 0.337281346 -0.002592679 0.999995112 0.001727876 -0.529058754 -0.005418024 -0.001741904 0.999983788 18.206741333
0.999981165 0.002246236 0.005697150 0.348786473 -0.002259247 0.999994814 0.002278398 -0.543636024 -0.005692001 -0.002291226 0.999981165 18.661657333
0.999981463 0.002420838 0.005576446 0.361883253 -0.002433577 0.999994397 0.002278711 -0.555890024 -0.005570898 -0.002292240 0.999981880 19.136480331
0.999980688 0.001789728 0.005943210 0.382108420 -0.001804809 0.999995172 0.002533242 -0.566203415 -0.005938646 -0.002543919 0.999979079 19.617221832
0.999976754 0.002350671 0.006397464 0.372199863 -0.002364461 0.999994874 0.002148889 -0.579479635 -0.006392380 -0.002163966 0.999977231 20.117099762
0.999976158 0.002535185 0.006422949 0.386830270 -0.002541695 0.999996245 0.001005656 -0.583332598 -0.006420375 -0.001021957 0.999978840 20.613225937
0.999977291 0.002711594 0.006170085 0.393036962 -0.002726656 0.999993265 0.002433900 -0.611757100 -0.006163444 -0.002450668 0.999978006 21.106384277
0.999978721 0.002804746 0.005888438 0.402745306 -0.002819242 0.999992967 0.002454947 -0.623695493 -0.005881512 -0.002471496 0.999979615 21.607406616
0.999983013 0.002816710 0.005104064 0.420818806 -0.002830414 0.999992371 0.002679696 -0.639744580 -0.005096477 -0.002694096 0.999983370 22.114076614
0.999984503 0.003037531 0.004651176 0.431511074 -0.003048272 0.999992728 0.002303991 -0.645193577 -0.004644144 -0.002318133 0.999986529 22.635190964
0.999986529 0.003015344 0.004210110 0.444311559 -0.003022358 0.999994099 0.001660457 -0.658109486 -0.004205077 -0.001673159 0.999989748 23.153997421
0.999987900 0.003226097 0.003724758 0.450935841 -0.003232212 0.999993563 0.001636939 -0.672034383 -0.003719453 -0.001648958 0.999991775 23.688623428
0.999994695 0.001396595 0.002938772 0.459646881 -0.001402955 0.999996662 0.002163239 -0.695298314 -0.002935741 -0.002167351 0.999993324 24.186367035
0.999992251 0.002869394 0.002694465 0.469883591 -0.002876064 0.999992788 0.002474584 -0.704636812 -0.002687345 -0.002482315 0.999993265 24.730632782
0.999992907 0.003182821 0.002011795 0.481936038 -0.003187987 0.999991536 0.002570060 -0.721305192 -0.002003598 -0.002576456 0.999994695 25.267137527
0.999994218 0.002960454 0.001647741 0.490078002 -0.002963247 0.999994159 0.001695008 -0.729674757 -0.001642714 -0.001699881 0.999997258 25.804178238
0.999991953 0.003665443 0.001585677 0.503632843 -0.003667834 0.999992073 0.001507825 -0.738263369 -0.001580138 -0.001513629 0.999997616 26.352426529
0.999997795 0.002069400 0.000320600 0.509365559 -0.002070277 0.999994040 0.002761010 -0.758275330 -0.000314884 -0.002761668 0.999996126 26.898496628
0.999999046 0.001334092 -0.000272497 0.522443712 -0.001333293 0.999994874 0.002911716 -0.774373710 0.000276380 -0.002911350 0.999995708 27.443582535
0.999997735 0.002058496 -0.000413918 0.529127181 -0.002057546 0.999995232 0.002282939 -0.786241293 0.000418615 -0.002282082 0.999997318 28.025098801
0.999995351 0.003042120 -0.000242510 0.526553512 -0.003041376 0.999990821 0.003004776 -0.801184297 0.000251649 -0.003004025 0.999995470 28.530921936
0.999996662 0.002438697 -0.000882710 0.538991034 -0.002436316 0.999993384 0.002689239 -0.810754240 0.000889263 -0.002687079 0.999996066 29.078390121
0.999994874 0.003172779 -0.000428315 0.547919869 -0.003171678 0.999991655 0.002548005 -0.822979391 0.000436396 -0.002546633 0.999996662 29.629245758
0.999994695 0.003104379 -0.000919279 0.553827524 -0.003101457 0.999990165 0.003163210 -0.844103813 0.000929090 -0.003160343 0.999994576 30.156686783
0.999994338 0.003294954 -0.000624047 0.572686613 -0.003293077 0.999990106 0.002984791 -0.864053011 0.000633875 -0.002982719 0.999995351 30.685249329
0.999992967 0.003461694 -0.001423612 0.575938582 -0.003457710 0.999990106 0.002791996 -0.870857239 0.001433263 -0.002787054 0.999995112 31.233579636
0.999992013 0.003844234 -0.001042095 0.580720425 -0.003841259 0.999988616 0.002842112 -0.886138380 0.001053009 -0.002838086 0.999995410 31.773101807
0.999993622 0.003343181 -0.001255005 0.600644886 -0.003339442 0.999990046 0.002969779 -0.903163671 0.001264920 -0.002965569 0.999994814 32.311687469
0.999994218 0.002941806 -0.001704506 0.597246528 -0.002936430 0.999990761 0.003148252 -0.917173564 0.001713752 -0.003143229 0.999993563 32.845714569
0.999994695 0.002411632 -0.002205984 0.606552660 -0.002405482 0.999993265 0.002786580 -0.931582630 0.002212689 -0.002781259 0.999993682 33.397556305
0.999993742 0.002130130 -0.002839811 0.625377655 -0.002122494 0.999994099 0.002689201 -0.942253232 0.002845522 -0.002683156 0.999992371 33.945121765
0.999990880 0.003828783 -0.001876119 0.612438560 -0.003822292 0.999986768 0.003451463 -0.954016745 0.001889309 -0.003444261 0.999992251 34.472068787
0.999989688 0.004171445 -0.001778049 0.627465129 -0.004165426 0.999985576 0.003375258 -0.967925429 0.001792103 -0.003367817 0.999992728 35.025825500
0.999990046 0.004293472 -0.001174844 0.632728338 -0.004289610 0.999985456 0.003269414 -0.969727397 0.001188864 -0.003264342 0.999993980 35.591449738
0.999992311 0.003413498 -0.001945259 0.639737129 -0.003407757 0.999989986 0.002946770 -0.991090178 0.001955298 -0.002940119 0.999993742 36.114707947
0.999991894 0.003596969 -0.001845541 0.648493528 -0.003591298 0.999988854 0.003067065 -1.003935337 0.001856553 -0.003060411 0.999993563 36.667526245
0.999990582 0.004051382 -0.001562865 0.659440219 -0.004046366 0.999986768 0.003198758 -1.015294552 0.001575803 -0.003192404 0.999993682 37.184581757
0.999990880 0.003731338 -0.002086333 0.658863068 -0.003723960 0.999986768 0.003529181 -1.041141391 0.002099474 -0.003521379 0.999991596 37.734382629
0.999992609 0.003213111 -0.002104424 0.667777658 -0.003206029 0.999989152 0.003360569 -1.052479982 0.002115199 -0.003353797 0.999992132 38.281105042
0.999990463 0.003767582 -0.002236733 0.684786856 -0.003759110 0.999985754 0.003779790 -1.067168951 0.002250942 -0.003771346 0.999990344 38.832637787
0.999989986 0.003800572 -0.002350436 0.689269722 -0.003793427 0.999988139 0.003036777 -1.071375489 0.002361950 -0.003027830 0.999992609 39.362358093
0.999991000 0.003375409 -0.002542386 0.708330393 -0.003367797 0.999989808 0.002992501 -1.090616941 0.002552461 -0.002983912 0.999992311 39.890296936
0.999988854 0.004006668 -0.002476189 0.717926025 -0.003998633 0.999986768 0.003241460 -1.108466148 0.002489144 -0.003231523 0.999991655 40.441951752
0.999990225 0.003351561 -0.002888756 0.729311645 -0.003343484 0.999990523 0.002796459 -1.104978442 0.002898101 -0.002786773 0.999991834 41.005878448
0.999986649 0.004443751 -0.002649083 0.734763145 -0.004437064 0.999987006 0.002525314 -1.113196135 0.002660270 -0.002513525 0.999993205 41.554637909
0.999984145 0.004992451 -0.002616635 0.746527076 -0.004985775 0.999984264 0.002551681 -1.126717091 0.002629333 -0.002538594 0.999993324 42.115447998
0.999986291 0.004359961 -0.002889910 0.753856421 -0.004352027 0.999986768 0.002745495 -1.137697458 0.002901842 -0.002732881 0.999992073 42.644775391
0.999987841 0.004036142 -0.002860080 0.763018727 -0.004029218 0.999988973 0.002422570 -1.150512218 0.002869827 -0.002411016 0.999992967 43.190479279
0.999988079 0.004287697 -0.002323541 0.771475255 -0.004281668 0.999987483 0.002593776 -1.163883448 0.002334634 -0.002583796 0.999993980 43.735355377
0.999989390 0.003570527 -0.002906194 0.772951722 -0.003562675 0.999989927 0.002702412 -1.188314676 0.002915814 -0.002692030 0.999992132 44.278709412
0.999988019 0.003998439 -0.002819232 0.783788085 -0.003992522 0.999989688 0.002101626 -1.198840380 0.002827607 -0.002090345 0.999993801 44.836872101
0.999988496 0.004249239 -0.002211576 0.785133958 -0.004244240 0.999988437 0.002260038 -1.208271623 0.002221154 -0.002250626 0.999994993 45.380435944
0.999988675 0.003638705 -0.003065103 0.805395484 -0.003628803 0.999988139 0.003230185 -1.236261487 0.003076821 -0.003219025 0.999989986 45.910552979
0.999987662 0.003782178 -0.003225273 0.820754707 -0.003773581 0.999989331 0.002667436 -1.243997216 0.003235328 -0.002655232 0.999991179 46.461143494
0.999987900 0.003836017 -0.003087908 0.822470844 -0.003827642 0.999988973 0.002713566 -1.249434948 0.003098284 -0.002701713 0.999991536 47.014324188
0.999990523 0.003313205 -0.002823872 0.818621218 -0.003304991 0.999990225 0.002908799 -1.265559077 0.002833482 -0.002899438 0.999991775 47.561775208
0.999989092 0.003876902 -0.002586186 0.825272977 -0.003868743 0.999987543 0.003152173 -1.282404423 0.002598375 -0.003142134 0.999991715 48.070274353
0.999987900 0.004342439 -0.002315400 0.836933434 -0.004334826 0.999985158 0.003283136 -1.294632792 0.002329622 -0.003273059 0.999992013 48.619430542
0.999988556 0.004102910 -0.002481970 0.852707267 -0.004095061 0.999986649 0.003159276 -1.310722709 0.002494898 -0.003149076 0.999991894 49.154853821
0.999990463 0.003521593 -0.002564715 0.858882308 -0.003513946 0.999989390 0.002979924 -1.325080872 0.002575182 -0.002970884 0.999992192 49.710811615
0.999989748 0.003989548 -0.002118044 0.862581730 -0.003981473 0.999984860 0.003803044 -1.342552900 0.002133185 -0.003794572 0.999990463 50.247039795
0.999990761 0.003196626 -0.002866780 0.871646345 -0.003188467 0.999990880 0.002846159 -1.349110007 0.002875852 -0.002836992 0.999991834 50.790672302
0.999992847 0.002747192 -0.002595041 0.882384062 -0.002740791 0.999993145 0.002467270 -1.360464692 0.002601802 -0.002460140 0.999993563 51.334289551
0.999990702 0.003185855 -0.002901096 0.896392763 -0.003177973 0.999991238 0.002717542 -1.375511050 0.002909728 -0.002708297 0.999992013 51.881828308
0.999991715 0.002972795 -0.002773607 0.907895505 -0.002965100 0.999991655 0.002774388 -1.394772768 0.002781832 -0.002766142 0.999992251 52.435775757
0.999991179 0.003039734 -0.002891461 0.913378060 -0.003031382 0.999991238 0.002888508 -1.402932286 0.002900216 -0.002879718 0.999991596 52.956581116
0.999991179 0.003598509 -0.002127380 0.912290752 -0.003592445 0.999989510 0.002847240 -1.416554451 0.002137603 -0.002839572 0.999993682 53.516651154
0.999989569 0.003663684 -0.002701255 0.927840412 -0.003656043 0.999989271 0.002828585 -1.432228446 0.002711588 -0.002818680 0.999992371 54.036621094
0.999990821 0.003214717 -0.002835170 0.939062238 -0.003206879 0.999991000 0.002764834 -1.445788622 0.002844034 -0.002755717 0.999992132 54.579673767
0.999991834 0.003076951 -0.002598676 0.947523475 -0.003070423 0.999992073 0.002512614 -1.459667206 0.002606385 -0.002504614 0.999993384 55.110954285
0.999991059 0.003327240 -0.002602675 0.954460859 -0.003320021 0.999990642 0.002772918 -1.472241759 0.002611878 -0.002764252 0.999992788 55.661491394
0.999993086 0.002048952 -0.003111260 0.965927541 -0.002040213 0.999993980 0.002809233 -1.486567259 0.003116997 -0.002802866 0.999991238 56.192729950
0.999989152 0.003508392 -0.003079557 0.978027761 -0.003499827 0.999989986 0.002782517 -1.504333019 0.003089288 -0.002771709 0.999991417 56.735683441
0.999992013 0.002866325 -0.002755805 0.983138800 -0.002858694 0.999992013 0.002769159 -1.513277292 0.002763721 -0.002761259 0.999992371 57.272033691
0.999991238 0.002799718 -0.003084452 0.993658066 -0.002791002 0.999992073 0.002826295 -1.529605746 0.003092340 -0.002817662 0.999991238 57.823772430
0.999991238 0.003137588 -0.002772586 0.999250591 -0.003131403 0.999992549 0.002232218 -1.535596490 0.002779569 -0.002223516 0.999993682 58.376056671
0.999991775 0.003001268 -0.002732303 1.008775830 -0.002995978 0.999993622 0.001938391 -1.544379354 0.002738104 -0.001930189 0.999994397 58.885063171
0.999992013 0.002913631 -0.002735644 1.020186663 -0.002909409 0.999994576 0.001546235 -1.556266069 0.002740134 -0.001538264 0.999995053 59.433986664
0.999989629 0.002937782 -0.003456782 1.044906139 -0.002929606 0.999992788 0.002367710 -1.581097484 0.003463714 -0.002357559 0.999991298 59.976367950
0.999990821 0.003275218 -0.002768585 1.028971910 -0.003268753 0.999991953 0.002336591 -1.590730071 0.002776216 -0.002327519 0.999993443 60.491901398
0.999990940 0.003689303 -0.002129789 1.040932178 -0.003685648 0.999991715 0.001717730 -1.605600834 0.002136108 -0.001709864 0.999996305 61.039047241
0.999992847 0.002876137 -0.002466105 1.051378489 -0.002871029 0.999993682 0.002072318 -1.615450025 0.002472050 -0.002065223 0.999994814 61.570709229
0.999991894 0.003131409 -0.002549154 1.061431766 -0.003125973 0.999992907 0.002133369 -1.629696012 0.002555815 -0.002125383 0.999994457 62.116607666
0.999991715 0.003766674 -0.001569143 1.061918974 -0.003762491 0.999989390 0.002660135 -1.649314165 0.001579147 -0.002654209 0.999995291 62.657028198
0.999992251 0.003180910 -0.002308268 1.072766304 -0.003176809 0.999993384 0.001778024 -1.652871609 0.002313907 -0.001770677 0.999995708 63.189079285
0.999991298 0.003318314 -0.002533394 1.083825827 -0.003314491 0.999993384 0.001511790 -1.667784452 0.002538393 -0.001503380 0.999995649 63.720043182
0.999990880 0.003628699 -0.002278276 1.092211485 -0.003625530 0.999992490 0.001393666 -1.676277876 0.002283316 -0.001385394 0.999996483 64.278945923
0.999992192 0.003114796 -0.002426524 1.098959446 -0.003110122 0.999993324 0.001927854 -1.694967389 0.002432513 -0.001920292 0.999995172 64.785354614
0.999992251 0.003079593 -0.002461882 1.111853361 -0.003075560 0.999993920 0.001640442 -1.710776567 0.002466918 -0.001632858 0.999995589 65.326164246
0.999991119 0.003440293 -0.002444972 1.121918201 -0.003436572 0.999992967 0.001524405 -1.723274231 0.002450198 -0.001515989 0.999995828 65.875183105
0.999991715 0.002970605 -0.002801462 1.132473469 -0.002966789 0.999994755 0.001365341 -1.737759233 0.002805503 -0.001357018 0.999995172 66.417839050
0.999993026 0.003145091 -0.002016984 1.137696385 -0.003140859 0.999992847 0.002097985 -1.762665272 0.002023568 -0.002091636 0.999995768 66.940444946
0.999994516 0.002804644 -0.001767721 1.141596317 -0.002801123 0.999994099 0.001991019 -1.777235985 0.001773294 -0.001986056 0.999996424 67.482917786
0.999991655 0.003493488 -0.002128786 1.151174307 -0.003488747 0.999991357 0.002226607 -1.796746850 0.002136545 -0.002219161 0.999995232 68.007514954
0.999989271 0.004186697 -0.001973335 1.159925580 -0.004182552 0.999989033 0.002100191 -1.807792068 0.001982105 -0.002091915 0.999995768 68.540046692
0.999990404 0.003754175 -0.002260771 1.168359399 -0.003750078 0.999991298 0.001813920 -1.817794204 0.002267561 -0.001805424 0.999995828 69.080902100
0.999990880 0.003848084 -0.001845510 1.175757527 -0.003844694 0.999990940 0.001836648 -1.829545736 0.001852561 -0.001829536 0.999996603 69.616004944
0.999993086 0.003651673 -0.000850849 1.178223491 -0.003650720 0.999992728 0.001119597 -1.834822416 0.000854931 -0.001116483 0.999998987 70.178421021
0.999991000 0.003697104 -0.002102752 1.199496746 -0.003695610 0.999992967 0.000713881 -1.847103715 0.002105376 -0.000706104 0.999997556 70.696647644
0.999991417 0.003572729 -0.002104471 1.209619284 -0.003568944 0.999992013 0.001799454 -1.873646855 0.002110883 -0.001791928 0.999996185 71.226280212
0.999989510 0.003776179 -0.002582306 1.221932769 -0.003771946 0.999991596 0.001641889 -1.887459517 0.002588483 -0.001632132 0.999995351 71.774719238
0.999989688 0.003300014 -0.003111420 1.240310550 -0.003293119 0.999992073 0.002218886 -1.910441518 0.003118717 -0.002208617 0.999992728 72.291351318
0.999993563 0.003045044 -0.001901329 1.229521394 -0.003041581 0.999993742 0.001822335 -1.917246580 0.001906867 -0.001816540 0.999996483 72.832077026
0.999994218 0.002987298 -0.001645366 1.237463117 -0.002985428 0.999994934 0.001138359 -1.922848225 0.001648757 -0.001133441 0.999997973 73.378784180
0.999993563 0.002785611 -0.002273856 1.251061201 -0.002781357 0.999994397 0.001871753 -1.945601821 0.002279057 -0.001865416 0.999995649 73.909843445
0.999992907 0.002822269 -0.002481961 1.264513850 -0.002817149 0.999993920 0.002064128 -1.958326459 0.002487773 -0.002057121 0.999994814 74.442047119
0.999994338 0.002369985 -0.002353959 1.271752954 -0.002364613 0.999994576 0.002282006 -1.975254655 0.002359353 -0.002276427 0.999994576 74.986961365
0.999995530 0.001864028 -0.002307276 1.284969568 -0.001859321 0.999996185 0.002040339 -1.989505291 0.002311070 -0.002036040 0.999995232 75.523010254
0.999995887 0.001808082 -0.002216558 1.291565418 -0.001803075 0.999995887 0.002258779 -2.005919933 0.002220633 -0.002254773 0.999994993 76.066520691
0.999992907 0.002623783 -0.002688404 1.311898828 -0.002617336 0.999993682 0.002398811 -2.026176929 0.002694680 -0.002391758 0.999993503 76.603607178
0.999993861 0.002458449 -0.002467866 1.326647282 -0.002453808 0.999995232 0.001881481 -2.028712511 0.002472479 -0.001875414 0.999995112 77.151908875
0.999994278 0.001575807 -0.002948346 1.338844061 -0.001570688 0.999997258 0.001737897 -2.042687654 0.002951076 -0.001733257 0.999994099 77.688941956
0.999992788 0.002633754 -0.002715203 1.335647345 -0.002628157 0.999994338 0.002062676 -2.060998917 0.002720620 -0.002055525 0.999994159 78.217399597
0.999993622 0.002510969 -0.002543421 1.351091981 -0.002504871 0.999993920 0.002398071 -2.077671051 0.002549426 -0.002391685 0.999993861 78.765495300
0.999994099 0.002458252 -0.002428798 1.356053591 -0.002451953 0.999993622 0.002593180 -2.092220068 0.002435157 -0.002587209 0.999993682 79.313323975
0.999993920 0.002470072 -0.002453447 1.363099694 -0.002465136 0.999994934 0.002012747 -2.103866339 0.002458406 -0.002006686 0.999994993 79.825096130
0.999995351 0.002557066 -0.001723078 1.379654288 -0.002553606 0.999994695 0.002007030 -2.115836143 0.001728202 -0.002002621 0.999996483 80.366989136
0.999997497 0.002166150 -0.000528184 1.390983343 -0.002165122 0.999995708 0.001938595 -2.131832838 0.000532382 -0.001937446 0.999997914 80.903099060
0.999996126 0.002486406 0.001222240 1.396855593 -0.002488592 0.999995232 0.001790581 -2.145352125 -0.001217783 -0.001793616 0.999997556 81.455070496
0.999996841 0.001898097 0.001656836 1.423154116 -0.001900624 0.999997020 0.001524774 -2.154926300 -0.001653936 -0.001527918 0.999997437 82.007118225
0.999981284 0.002573610 0.005548155 1.438796282 -0.002582238 0.999995470 0.001548648 -2.174604416 -0.005544145 -0.001562945 0.999983430 82.551750183
0.999955475 0.002311462 0.009150220 1.457811356 -0.002333133 0.999994516 0.002358288 -2.189258814 -0.009144720 -0.002379532 0.999955356 83.101165771
0.999916494 0.002664953 0.012647590 1.460631967 -0.002679855 0.999995768 0.001161448 -2.188581467 -0.012644440 -0.001195245 0.999919355 83.687561035
0.999853313 0.001469158 0.017060088 1.494330287 -0.001497831 0.999997497 0.001668066 -2.215267658 -0.017057594 -0.001693374 0.999853075 84.206542969
0.999746501 0.001327569 0.022472581 1.531218290 -0.001355178 0.999998391 0.001213370 -2.230538130 -0.022470932 -0.001243516 0.999746740 84.755630493
0.999607921 0.001462265 0.027962588 1.560611963 -0.001517998 0.999996960 0.001971980 -2.246879101 -0.027959621 -0.002013654 0.999607027 85.323074341
0.999431372 0.000924838 0.033705935 1.597829938 -0.000981792 0.999998093 0.001673215 -2.261444569 -0.033704326 -0.001705356 0.999430418 85.847244263
0.999119878 0.000820805 0.041940190 1.631840587 -0.000887788 0.999998271 0.001578506 -2.271831751 -0.041938830 -0.001614350 0.999118865 86.415245056
0.998767376 0.000822005 0.049628045 1.680504322 -0.000904493 0.999998212 0.001639677 -2.291135550 -0.049626619 -0.001682544 0.998766363 86.967903137
0.998397112 0.000942548 0.056589715 1.726993322 -0.001050508 0.999997675 0.001878042 -2.307032824 -0.056587808 -0.001934480 0.998395741 87.528335571
0.997813046 0.000176344 0.066099495 1.781417370 -0.000272182 0.999998868 0.001440916 -2.309786081 -0.066099167 -0.001455755 0.997811973 88.064529419
0.997101665 -0.000004517 0.076080427 1.847215176 -0.000109046 0.999998868 0.001488514 -2.325539112 -0.076080330 -0.001492496 0.997100592 88.607177734
0.996419489 -0.000593282 0.084544465 1.913642883 0.000494701 0.999999166 0.001186972 -2.335237026 -0.084545076 -0.001140898 0.996419013 89.154151917
0.995702565 -0.000259628 0.092608757 1.975869179 0.000154866 0.999999285 0.001138416 -2.349657536 -0.092608996 -0.001119181 0.995701909 89.727355957
0.994615138 -0.000762387 0.103634022 2.050024033 0.000622550 0.999998808 0.001381679 -2.365538597 -0.103634968 -0.001309721 0.994614542 90.267341614
0.993454993 -0.001224386 0.114217229 2.131391525 0.001026167 0.999997914 0.001794238 -2.380252838 -0.114219174 -0.001665289 0.993454218 90.808784485
0.992388666 -0.001061164 0.123140760 2.230823517 0.000844152 0.999997973 0.001814474 -2.405681849 -0.123142436 -0.001696714 0.992387533 91.378562927
0.990923285 -0.001043843 0.134424642 2.325710297 0.000759987 0.999997318 0.002162931 -2.415947437 -0.134426534 -0.002041138 0.990921438 91.923309326
0.989288330 -0.002145091 0.145958751 2.432050705 0.001898807 0.999996543 0.001826655 -2.429077148 -0.145962194 -0.001529941 0.989288986 92.475975037
0.987638891 -0.002298948 0.156730354 2.534358978 0.002024218 0.999996126 0.001912479 -2.445751905 -0.156734169 -0.001571582 0.987639606 93.016181946
0.985924482 -0.001632988 0.167183518 2.641669273 0.001342592 0.999997258 0.001850002 -2.458842754 -0.167186111 -0.001599503 0.985924125 93.559600830
0.983655274 -0.002172048 0.180049449 2.760277748 0.001956028 0.999997139 0.001377317 -2.465605021 -0.180051953 -0.001002623 0.983656645 94.096199036
0.981200516 -0.003139395 0.192965537 2.883855820 0.002900983 0.999994636 0.001518050 -2.474027634 -0.192969263 -0.000929722 0.981204391 94.669654846
0.979020536 -0.003775978 0.203726411 3.009775162 0.003425928 0.999991953 0.002070887 -2.486602068 -0.203732595 -0.001329489 0.979025662 95.210144043
0.976400375 -0.004070892 0.215929881 3.162443161 0.003753693 0.999991179 0.001879075 -2.504794598 -0.215935603 -0.001024195 0.976407111 95.721725464
0.973327279 -0.003523817 0.229393870 3.305932999 0.003132642 0.999992967 0.002069392 -2.523152590 -0.229399517 -0.001295587 0.973331511 96.263237000
0.970625401 -0.003617138 0.240568995 3.453231812 0.003235043 0.999992728 0.001983206 -2.531650543 -0.240574419 -0.001146699 0.970630050 96.799812317
0.967612147 -0.004097290 0.252408355 3.608867645 0.003883968 0.999991596 0.001343381 -2.541862488 -0.252411723 -0.000319526 0.967619896 97.335716248
0.963643909 -0.003427424 0.267167658 3.741287231 0.002725198 0.999991775 0.002999148 -2.578769684 -0.267175794 -0.002162026 0.963645399 97.797332764
0.960183263 -0.004302198 0.279337555 3.959506989 0.003751558 0.999989808 0.002505824 -2.584148169 -0.279345483 -0.001358099 0.960189700 98.391586304
0.957012594 -0.005758686 0.289989382 4.150445938 0.005376820 0.999983251 0.002113548 -2.588640928 -0.289996684 -0.000463471 0.957027555 98.912017822
0.953002453 -0.006103748 0.302901179 4.341156006 0.005547782 0.999980986 0.002695871 -2.608880043 -0.302911907 -0.000888742 0.953018129 99.425964355
0.948515415 -0.006077309 0.316672921 4.535728455 0.005400905 0.999980867 0.003013683 -2.625594139 -0.316685200 -0.001148204 0.948530018 99.940338135
0.944529593 -0.007007328 0.328351438 4.740476608 0.006578549 0.999975443 0.002416683 -2.643854618 -0.328360349 -0.000122553 0.944552481 100.488227844
0.939892232 -0.006055688 0.341417313 4.946065903 0.005540769 0.999981523 0.002483327 -2.659477472 -0.341426075 -0.000442345 0.939908445 101.011787415
0.934769630 -0.006309923 0.355198532 5.176227570 0.005988207 0.999980152 0.002005084 -2.665563107 -0.355204076 0.000252710 0.934788704 101.530059814
0.930214345 -0.007283268 0.366944283 5.401128769 0.006702169 0.999973416 0.002857710 -2.681123018 -0.366955400 -0.000198960 0.930238545 102.030303955
0.924995661 -0.008822812 0.379875302 5.619022369 0.008432119 0.999960840 0.002692443 -2.706754923 -0.379884154 0.000712655 0.925033808 102.564666748
0.919274569 -0.008643394 0.393522173 5.852657318 0.008163433 0.999962449 0.002893446 -2.719673872 -0.393532395 0.000552621 0.919310570 103.053230286
0.913566589 -0.009617824 0.406575412 6.098484039 0.009455388 0.999952376 0.002408506 -2.725485563 -0.406579196 0.001643997 0.913614094 103.550033569
0.908641100 -0.010967652 0.417433858 6.373310089 0.010777757 0.999937952 0.002812083 -2.741377592 -0.417438865 0.001943827 0.908702970 104.066261292
0.902308226 -0.011451554 0.430939406 6.632110596 0.011188088 0.999932468 0.003145864 -2.758171558 -0.430946320 0.001982850 0.902375460 104.549690247
0.896127939 -0.011698618 0.443641722 6.893367767 0.011272598 0.999929965 0.003597744 -2.773200750 -0.443652809 0.001776956 0.896196961 104.988006592
0.889937103 -0.012539458 0.455910951 7.170017242 0.012253472 0.999918520 0.003583195 -2.785887003 -0.455918729 0.002397674 0.890018344 105.498931885
0.884165823 -0.012946946 0.466993928 7.440132141 0.012689430 0.999912620 0.003696528 -2.794860363 -0.467001021 0.002657542 0.884252787 105.978713989
0.876975298 -0.013146163 0.480355591 7.724601746 0.012999691 0.999908924 0.003631803 -2.812165260 -0.480359614 0.003059474 0.877066255 106.449333191
0.869986475 -0.013203894 0.492898703 8.018611908 0.012829596 0.999909103 0.004141053 -2.826689720 -0.492908627 0.002721030 0.870076776 106.915763855
