1.000000000 0.000000000 0.000000000 0.000000000 0.000000000 1.000000000 0.000000000 0.000000000 0.000000000 0.000000000 1.000000000 0.000000000
1.000000000 -0.000019798 -0.000039950 0.000582545 0.000019799 1.000000000 0.000032328 -0.001003092 0.000039950 -0.000032329 1.000000000 -0.001728574
1.000000000 -0.000050535 -0.000023152 0.000897600 0.000050534 1.000000000 -0.000007732 -0.000293164 0.000023153 0.000007731 1.000000000 -0.002400179
1.000000000 -0.000160583 -0.000113450 0.001751964 0.000160591 1.000000000 0.000070350 -0.001794695 0.000113439 -0.000070368 1.000000000 -0.004087407
1.000000000 -0.000134077 -0.000101135 -0.000151694 0.000134076 1.000000000 -0.000010328 -0.000067232 0.000101136 0.000010315 1.000000000 -0.003417624
1.000000000 -0.000193832 -0.000063859 0.001282109 0.000193836 1.000000000 0.000063611 -0.001055532 0.000063847 -0.000063624 1.000000000 -0.001059140
1.000000000 -0.000155346 -0.000023710 0.000316956 0.000155347 1.000000000 0.000035964 -0.001076567 0.000023705 -0.000035968 1.000000000 -0.003552098
1.000000000 -0.000066883 -0.000054840 0.000263810 0.000066884 1.000000000 0.000010486 0.000186903 0.000054839 -0.000010490 1.000000000 -0.003836276
1.000000000 -0.000081138 -0.000025010 0.000221974 0.000081138 1.000000000 -0.000007773 0.000669423 0.000025011 0.000007771 1.000000000 -0.000414040
1.000000000 -0.000020053 -0.000055691 -0.000449109 0.000020053 1.000000000 -0.000004346 0.001042204 0.000055691 0.000004345 1.000000000 -0.002049565
1.000000000 -0.000141845 -0.000136193 0.000889922 0.000141852 1.000000000 0.000051491 -0.000301051 0.000136186 -0.000051510 1.000000000 -0.002829047
1.000000000 -0.000177081 -0.000097826 -0.000003057 0.000177079 1.000000000 -0.000021977 0.000384659 0.000097830 0.000021960 1.000000000 -0.000835650
1.000000000 -0.000151547 -0.000041074 -0.000992008 0.000151549 1.000000000 0.000042712 0.000974301 0.000041067 -0.000042718 1.000000000 -0.000642543
1.000000000 -0.000104095 -0.000057134 0.000286762 0.000104097 1.000000000 0.000029461 -0.000016200 0.000057131 -0.000029467 1.000000000 -0.003639707
1.000000000 -0.000101930 -0.000060816 0.000926542 0.000101936 1.000000000 0.000098727 -0.000323534 0.000060806 -0.000098734 1.000000000 -0.003652518
1.000000000 -0.000108617 -0.000053127 0.002111984 0.000108623 1.000000000 0.000102168 -0.001313652 0.000053115 -0.000102174 1.000000000 -0.007412423
1.000000000 -0.000063537 -0.000077630 0.001017954 0.000063539 1.000000000 0.000016717 0.000588669 0.000077629 -0.000016722 1.000000000 -0.002952291
1.000000000 -0.000041268 -0.000083122 0.000821267 0.000041274 1.000000000 0.000071091 -0.000316930 0.000083119 -0.000071095 1.000000000 -0.004704503
1.000000000 -0.000215119 -0.000097102 0.000378623 0.000215121 1.000000000 0.000021155 -0.000345217 0.000097098 -0.000021176 1.000000000 -0.003554338
1.000000000 -0.000215723 -0.000064209 0.000301805 0.000215724 1.000000000 0.000015705 0.000874102 0.000064205 -0.000015719 1.000000000 0.000006469
1.000000000 -0.000198777 -0.000083780 0.000084523 0.000198781 1.000000000 0.000052947 -0.001093400 0.000083770 -0.000052964 1.000000000 -0.003684595
1.000000000 -0.000089477 -0.000084748 0.002253284 0.000089481 1.000000000 0.000047107 0.000141598 0.000084744 -0.000047115 1.000000000 -0.002342920
1.000000000 -0.000127065 -0.000094838 0.002369532 0.000127072 1.000000000 0.000069894 -0.000880235 0.000094829 -0.000069906 1.000000000 -0.002724957
1.000000000 -0.000209270 -0.000122112 0.000963168 0.000209277 1.000000000 0.000056189 -0.000280394 0.000122100 -0.000056214 1.000000000 -0.003693484
0.999999940 -0.000224757 -0.000180308 0.002369003 0.000224761 1.000000000 0.000026210 -0.000254042 0.000180303 -0.000026251 1.000000000 -0.003807605
1.000000000 -0.000207691 -0.000114272 0.001591699 0.000207696 1.000000000 0.000042240 0.000153912 0.000114263 -0.000042264 1.000000000 -0.003805670
0.999999940 -0.000230071 -0.000145692 0.002667284 0.000230078 1.000000000 0.000050071 -0.000240932 0.000145681 -0.000050105 1.000000000 -0.004435475
0.999999940 -0.000303270 -0.000111518 0.000658407 0.000303278 0.999999940 0.000073520 -0.000784836 0.000111496 -0.000073554 1.000000000 -0.005567525
1.000000000 -0.000086433 -0.000138436 0.001727491 0.000086444 1.000000000 0.000078648 -0.000090934 0.000138429 -0.000078660 1.000000000 -0.003005604
1.000000000 -0.000185765 -0.000125154 0.002599947 0.000185778 1.000000000 0.000108706 -0.000916681 0.000125134 -0.000108729 1.000000000 -0.004314341
1.000000000 -0.000172526 -0.000153281 0.000573774 0.000172537 1.000000000 0.000075458 0.000698500 0.000153268 -0.000075485 1.000000000 -0.001625926
0.999999940 -0.000247968 -0.000143523 0.000490250 0.000247983 0.999999940 0.000099102 0.000214558 0.000143499 -0.000099137 1.000000000 -0.003881914
0.999999940 -0.000210012 -0.000130739 0.001146721 0.000210012 1.000000000 -0.000003398 0.000395243 0.000130740 0.000003371 1.000000000 -0.001922366
0.999999940 -0.000239809 -0.000132340 0.001635805 0.000239813 1.000000000 0.000028949 -0.000020819 0.000132333 -0.000028981 1.000000000 -0.003066050
0.999999940 -0.000224801 -0.000105386 0.000844753 0.000224808 1.000000000 0.000075030 -0.000782988 0.000105369 -0.000075053 1.000000000 -0.005850247
0.999999940 -0.000252489 -0.000168035 0.002720090 0.000252490 0.999999940 0.000005321 0.000187070 0.000168033 -0.000005364 1.000000000 -0.003775813
1.000000000 -0.000159211 -0.000145524 0.003027015 0.000159230 1.000000000 0.000132119 -0.000571130 0.000145502 -0.000132142 1.000000000 -0.007096762
0.999999940 -0.000290857 -0.000138435 0.000641871 0.000290864 0.999999940 0.000048790 -0.000182730 0.000138421 -0.000048830 1.000000000 -0.005326821
1.000000000 -0.000165577 -0.000123989 0.001026231 0.000165593 1.000000000 0.000129080 -0.000455189 0.000123968 -0.000129101 1.000000000 -0.003790400
0.999999940 -0.000195569 -0.000147767 0.002427804 0.000195575 1.000000000 0.000038193 -0.001237454 0.000147759 -0.000038222 1.000000000 -0.000892471
0.999999940 -0.000273032 -0.000116082 0.001962449 0.000272971 0.999999821 -0.000518952 -0.000836797 0.000116223 0.000518920 0.999999881 0.048609089
1.000000000 -0.000106836 -0.000174414 0.002125807 0.000106645 0.999999404 -0.001098591 -0.003631116 0.000174532 0.001098572 0.999999404 0.140257806
1.000000000 -0.000188478 -0.000154106 0.005588935 0.000188261 0.999998987 -0.001407212 -0.007589461 0.000154371 0.001407183 0.999998987 0.253151864
1.000000000 -0.000212392 -0.000055071 0.005907641 0.000212317 0.999999046 -0.001361120 -0.012609298 0.000055360 0.001361109 0.999999046 0.388778657
1.000000000 -0.000089098 -0.000213734 0.011097876 0.000088865 0.999999404 -0.001090803 -0.019548612 0.000213831 0.001090784 0.999999404 0.526345074
1.000000000 -0.000198388 -0.000130258 0.012784843 0.000198260 0.999999523 -0.000985186 -0.022706857 0.000130454 0.000985160 0.999999523 0.685442686
1.000000000 -0.000168416 -0.000125541 0.017008580 0.000168298 0.999999523 -0.000945297 -0.024685444 0.000125700 0.000945276 0.999999523 0.847750068
0.999999940 0.000343115 0.000081540 0.017497810 -0.000343054 0.999999642 -0.000755601 -0.025094787 -0.000081799 0.000755573 0.999999702 1.021968007
1.000000000 -0.000137446 -0.000142015 0.028314065 0.000137368 0.999999821 -0.000544845 -0.036811210 0.000142090 0.000544826 0.999999821 1.179576993
0.999999881 0.000422052 0.000061155 0.030703479 -0.000422036 0.999999881 -0.000246675 -0.039113432 -0.000061259 0.000246649 0.999999940 1.359297991
0.999999762 0.000658181 0.000073819 0.034825731 -0.000658170 0.999999702 -0.000148764 -0.045371171 -0.000073917 0.000148715 0.999999940 1.551091790
0.999999881 0.000285085 0.000259244 0.035736926 -0.000285037 0.999999940 -0.000188204 -0.049891755 -0.000259298 0.000188130 0.999999940 1.757613659
0.999999940 -0.000290609 -0.000173875 0.043242510 0.000290555 0.999999881 -0.000308407 -0.049772531 0.000173965 0.000308356 0.999999940 1.948182940
1.000000000 -0.000072344 0.000118859 0.042588554 0.000072389 0.999999940 -0.000381715 -0.054758117 -0.000118832 0.000381723 0.999999881 2.161947727
1.000000000 0.000053419 -0.000091872 0.052784786 -0.000053439 0.999999940 -0.000216882 -0.061710160 0.000091861 0.000216887 1.000000000 2.375421762
0.999999940 -0.000028335 -0.000040332 0.060129248 0.000028333 0.999999881 -0.000044460 -0.067090936 0.000040333 0.000044459 1.000000000 2.594604492
0.999999940 0.000291398 0.000101224 0.059078354 -0.000291371 0.999999881 -0.000268505 -0.075410336 -0.000101302 0.000268476 0.999999940 2.827743053
1.000000000 -0.000134143 0.000223311 0.059283648 0.000134068 0.999999881 0.000336271 -0.088648625 -0.000223356 -0.000336241 0.999999940 3.049454451
0.999999940 -0.000114215 0.000166881 0.061846413 0.000114191 0.999999940 0.000146868 -0.095038950 -0.000166897 -0.000146849 1.000000000 3.293220758
0.999999881 -0.000127434 0.000247246 0.072132289 0.000127343 0.999999881 0.000369691 -0.104471274 -0.000247293 -0.000369659 0.999999940 3.526371956
0.999999881 -0.000229428 0.000138594 0.081251316 0.000229348 0.999999821 0.000575692 -0.113798000 -0.000138726 -0.000575660 0.999999821 3.787182331
0.999999940 -0.000095336 0.000233431 0.078233361 0.000095201 0.999999762 0.000577848 -0.121317215 -0.000233486 -0.000577826 0.999999762 4.039618492
0.999999762 0.000439664 0.000405720 0.081842057 -0.000439918 0.999999702 0.000626634 -0.126196638 -0.000405444 -0.000626813 0.999999702 4.297131538
0.999999881 0.000239743 0.000447547 0.089258589 -0.000240074 0.999999702 0.000741138 -0.133206904 -0.000447369 -0.000741245 0.999999702 4.553718567
0.999999821 0.000439648 0.000444834 0.095642179 -0.000440144 0.999999225 0.001114421 -0.145902306 -0.000444344 -0.001114617 0.999999285 4.798686028
0.999999881 0.000321984 0.000495278 0.097813688 -0.000322672 0.999998987 0.001390587 -0.152546778 -0.000494829 -0.001390746 0.999998927 5.064714909
0.999999940 0.000042556 0.000376597 0.108757533 -0.000042964 0.999999404 0.001082558 -0.157774255 -0.000376551 -0.001082574 0.999999285 5.326823711
1.000000000 0.000163492 0.000331127 0.111552708 -0.000163882 0.999999344 0.001176826 -0.169100717 -0.000330934 -0.001176880 0.999999285 5.581899166
0.999999940 0.000120751 0.000304363 0.111974396 -0.000121251 0.999998629 0.001641441 -0.186441585 -0.000304164 -0.001641478 0.999998629 5.840366364
0.999999821 -0.000518444 0.000161981 0.117060535 0.000518179 0.999998510 0.001632676 -0.195759565 -0.000162827 -0.001632592 0.999998689 6.119040966
0.999999881 -0.000365340 0.000227927 0.123544544 0.000364929 0.999998331 0.001801078 -0.203571990 -0.000228584 -0.001800994 0.999998331 6.400433064
0.999999881 0.000068630 0.000441383 0.130869299 -0.000069426 0.999998331 0.001803464 -0.213595688 -0.000441258 -0.001803495 0.999998271 6.676384926
0.999999881 -0.000035565 0.000517482 0.137813181 0.000034641 0.999998391 0.001785434 -0.220883355 -0.000517545 -0.001785416 0.999998271 6.962524414
0.999999762 0.000076803 0.000704716 0.134835869 -0.000078206 0.999998033 0.001991998 -0.242285237 -0.000704561 -0.001992053 0.999997795 7.259452343
0.999999881 0.000135001 0.000547076 0.146567538 -0.000136111 0.999997973 0.002030129 -0.254299164 -0.000546801 -0.002030203 0.999997854 7.565018654
0.999999821 -0.000342626 0.000626702 0.154285729 0.000341294 0.999997795 0.002124722 -0.265211374 -0.000627429 -0.002124507 0.999997497 7.891254902
0.999999881 0.000089158 0.000492600 0.152170509 -0.000090172 0.999997973 0.002058537 -0.271616459 -0.000492415 -0.002058582 0.999997675 8.194154739
0.999999881 0.000372520 0.000333877 0.162898287 -0.000373260 0.999997497 0.002216974 -0.279826730 -0.000333050 -0.002217098 0.999997437 8.517354965
0.999999881 0.000168898 0.000518434 0.164591715 -0.000170035 0.999997556 0.002192392 -0.286370367 -0.000518062 -0.002192480 0.999997437 8.860971451
0.999999702 0.000135975 0.000687192 0.171692461 -0.000137487 0.999997556 0.002200672 -0.298850328 -0.000686891 -0.002200766 0.999997258 9.189372063
0.999999106 0.000461665 0.001260505 0.166506097 -0.000464497 0.999997318 0.002247099 -0.308392674 -0.001259465 -0.002247683 0.999996662 9.531577110
0.999998987 0.000721266 0.001205168 0.177943885 -0.000724321 0.999996483 0.002536282 -0.318911880 -0.001203334 -0.002537152 0.999996066 9.876813889
0.999999225 0.000426774 0.001185649 0.179492503 -0.000429690 0.999996841 0.002460713 -0.328649074 -0.001184595 -0.002461220 0.999996305 10.250249863
0.999999404 0.000204960 0.001093354 0.197562903 -0.000207955 0.999996185 0.002740218 -0.345487833 -0.001092789 -0.002740443 0.999995649 10.606409073
0.999999404 0.000097123 0.001041437 0.206692696 -0.000100048 0.999996006 0.002808882 -0.356451005 -0.001041160 -0.002808986 0.999995470 10.969104767
0.999999046 0.000335730 0.001379415 0.213959783 -0.000339624 0.999996006 0.002823676 -0.367311507 -0.001378462 -0.002824141 0.999994993 11.346476555
0.999999583 0.000517132 0.000777949 0.232524738 -0.000519406 0.999995589 0.002926485 -0.384132475 -0.000776432 -0.002926888 0.999995410 11.682406425
0.999999702 0.000471185 0.000623417 0.244401336 -0.000473123 0.999994993 0.003111464 -0.398051500 -0.000621948 -0.003111757 0.999994993 12.066823006
0.999999523 0.000638829 0.000795253 0.250027269 -0.000641360 0.999994695 0.003186251 -0.404102415 -0.000793213 -0.003186759 0.999994636 12.466834068
0.999999344 0.000418819 0.001091002 0.252812237 -0.000422347 0.999994695 0.003235813 -0.415810436 -0.001089641 -0.003236272 0.999994159 12.856216431
0.999999583 0.000503349 0.000812745 0.268119007 -0.000505972 0.999994636 0.003230935 -0.428712755 -0.000811114 -0.003231345 0.999994457 13.258922577
0.999999285 0.000569951 0.001113901 0.274246454 -0.000573759 0.999993980 0.003421756 -0.439613700 -0.001111944 -0.003422393 0.999993503 13.664316177
0.999998510 0.001020112 0.001417328 0.288329124 -0.001025357 0.999992549 0.003705292 -0.456993043 -0.001413538 -0.003706740 0.999992132 14.077362061
0.999998748 0.000637670 0.001467255 0.298317313 -0.000643290 0.999992371 0.003833350 -0.480882674 -0.001464799 -0.003834289 0.999991536 14.476085663
0.999998808 0.000109589 0.001598677 0.309076935 -0.000116281 0.999991238 0.004186594 -0.492945731 -0.001598204 -0.004186775 0.999989927 14.892407417
0.999998808 0.000100011 0.001573759 0.325188100 -0.000107222 0.999989450 0.004582378 -0.510270238 -0.001573284 -0.004582540 0.999988258 15.319755554
0.999997258 0.000451036 0.002294794 0.332042426 -0.000460552 0.999991298 0.004147725 -0.517787457 -0.002292903 -0.004148771 0.999988794 15.765858650
0.999996006 0.000670753 0.002749062 0.339256167 -0.000682768 0.999990165 0.004372222 -0.527163446 -0.002746103 -0.004374081 0.999986708 16.221151352
0.999995887 0.000459001 0.002839505 0.356292725 -0.000472078 0.999989271 0.004606391 -0.555235028 -0.002837361 -0.004607712 0.999985337 16.635881424
0.999995053 0.000760017 0.003078616 0.370375782 -0.000774087 0.999989271 0.004571754 -0.566734910 -0.003075108 -0.004574114 0.999984801 17.088125229
0.999995291 0.000140609 0.003074001 0.380733758 -0.000156539 0.999986529 0.005182765 -0.577643991 -0.003073231 -0.005183222 0.999981821 17.562837601
0.999994159 0.000030265 0.003422407 0.394863248 -0.000048199 0.999986231 0.005240075 -0.591001689 -0.003422202 -0.005240209 0.999980450 18.023244858
0.999992907 0.000243568 0.003781318 0.405250609 -0.000263246 0.999986410 0.005204403 -0.602199495 -0.003779999 -0.005205360 0.999979317 18.499727249
0.999992609 0.000839400 0.003747961 0.411134481 -0.000860789 0.999983251 0.005708860 -0.633044064 -0.003743107 -0.005712043 0.999976695 18.944429398
0.999991953 0.001137810 0.003848472 0.427340835 -0.001159662 0.999983191 0.005680422 -0.646428466 -0.003841944 -0.005684839 0.999976456 19.418022156
0.999990940 0.001458560 0.004001699 0.436117619 -0.001481780 0.999981999 0.005805529 -0.654313922 -0.003993159 -0.005811405 0.999975145 19.890392303
0.999991596 0.000831246 0.004007305 0.448798656 -0.000855773 0.999980867 0.006122778 -0.668609977 -0.004002139 -0.006126155 0.999973297 20.389419556
0.999995589 0.000020610 0.002949880 0.455714047 -0.000038803 0.999980986 0.006167121 -0.678807080 -0.002949696 -0.006167209 0.999976575 20.856819153
0.999996543 0.000370346 0.002586332 0.464685619 -0.000385830 0.999981999 0.005988732 -0.687179863 -0.002584067 -0.005989709 0.999978721 21.360446930
0.999997616 0.000398969 0.002126554 0.467264533 -0.000411519 0.999982536 0.005904394 -0.701851368 -0.002124161 -0.005905256 0.999980271 21.858383179
0.999997258 -0.000075083 0.002346999 0.473472655 0.000060472 0.999980628 0.006224853 -0.709528506 -0.002347421 -0.006224693 0.999977887 22.365453720
0.999997735 -0.000424825 0.002150903 0.489850730 0.000409355 0.999974072 0.007187987 -0.742034853 -0.002153902 -0.007187089 0.999971867 22.730772018
0.999998510 -0.000786166 0.001522238 0.501430869 0.000774959 0.999972641 0.007349400 -0.760731399 -0.001527974 -0.007348210 0.999971867 23.256669998
0.999998629 -0.001467971 0.000877188 0.506179273 0.001462139 0.999977112 0.006613196 -0.767264187 -0.000886876 -0.006611904 0.999977767 23.795408249
0.999999940 -0.000243054 -0.000076130 0.518944085 0.000243515 0.999981284 0.006114960 -0.770089924 0.000074642 -0.006114977 0.999981284 24.237615585
0.999999642 0.000197087 -0.000844605 0.528050184 -0.000191748 0.999980092 0.006317351 -0.780106962 0.000845834 -0.006317187 0.999979675 24.776353836
0.999998450 -0.000347000 -0.001684500 0.535604537 0.000358530 0.999976456 0.006849068 -0.804358959 0.001682084 -0.006849661 0.999975145 25.273593903
0.999997854 -0.000516760 -0.002003798 0.544161081 0.000529797 0.999978662 0.006511114 -0.814640880 0.002000391 -0.006512162 0.999976814 25.821880341
0.999994695 -0.001498176 -0.002890187 0.565399408 0.001519844 0.999970675 0.007509586 -0.828115284 0.002878852 -0.007513940 0.999967635 26.341588974
0.999994040 -0.001061106 -0.003274690 0.575604796 0.001085417 0.999971807 0.007431019 -0.845101595 0.003266714 -0.007434528 0.999967039 26.895099640
0.999993145 -0.001068301 -0.003532711 0.555003524 0.001095465 0.999969780 0.007696163 -0.860462427 0.003524381 -0.007699981 0.999964118 27.320919037
0.999991775 -0.001120485 -0.003903756 0.559913099 0.001150430 0.999969840 0.007677094 -0.867392540 0.003895037 -0.007681520 0.999962866 27.868782043
0.999988914 -0.001218281 -0.004547377 0.577732742 0.001252854 0.999970198 0.007607781 -0.879698873 0.004537973 -0.007613394 0.999960661 28.418533325
0.999987304 -0.001397286 -0.004834168 0.585526407 0.001436781 0.999965549 0.008176139 -0.902457654 0.004822577 -0.008182980 0.999954879 28.871179581
0.999984443 -0.001593665 -0.005344766 0.592267513 0.001635985 0.999967277 0.007923132 -0.912514806 0.005331965 -0.007931752 0.999954343 29.406805038
0.999984324 -0.001495303 -0.005389880 0.606223404 0.001537888 0.999967575 0.007905495 -0.936236739 0.005377885 -0.007913661 0.999954224 29.991729736
0.999984682 -0.001280150 -0.005391554 0.611873806 0.001322855 0.999967754 0.007924802 -0.944101095 0.005381236 -0.007931814 0.999954045 30.538124084
0.999977946 -0.002163877 -0.006273210 0.631047964 0.002215344 0.999963880 0.008208858 -0.961619198 0.006255219 -0.008222574 0.999946654 31.074573517
0.999977589 -0.001894695 -0.006422271 0.637960792 0.001948642 0.999962807 0.008404288 -0.981322467 0.006406108 -0.008416616 0.999944031 31.630786896
0.999978244 -0.001541737 -0.006420788 0.653668582 0.001594775 0.999964535 0.008263458 -0.993374228 0.006407822 -0.008273517 0.999945223 32.154750824
0.999978483 -0.001696988 -0.006339600 0.592908502 0.001754005 0.999957979 0.008999152 -1.033450127 0.006324063 -0.009010077 0.999939382 32.629402161
0.999978304 -0.001038468 -0.006511778 0.597259641 0.001092224 0.999965370 0.008257154 -1.036154032 0.006502977 -0.008264085 0.999944746 33.189247131
0.999977231 -0.000838796 -0.006699086 0.598764181 0.000895775 0.999963403 0.008507107 -1.046599746 0.006691705 -0.008512912 0.999941409 33.726455688
0.999976337 -0.001151230 -0.006780378 0.619046330 0.001212882 0.999957919 0.009095683 -1.074041009 0.006769622 -0.009103691 0.999935687 34.219272614
0.999974430 -0.001178938 -0.007051731 0.617286384 0.001242346 0.999958813 0.008994205 -1.069868207 0.007040835 -0.009002736 0.999934733 34.785640717
0.999976456 -0.000857674 -0.006807168 0.622689903 0.000922598 0.999953985 0.009540191 -1.141271830 0.006798673 -0.009546246 0.999931335 35.304882050
0.999973893 -0.000409480 -0.007212092 0.633274138 0.000475700 0.999957681 0.009182472 -1.147473812 0.007208026 -0.009185664 0.999931872 35.852275848
0.999973118 -0.000672723 -0.007306962 0.638092160 0.000742007 0.999954700 0.009483342 -1.164921045 0.007300252 -0.009488508 0.999928355 36.393405914
0.999974668 0.000001635 -0.007115163 0.643972695 0.000067794 0.999952376 0.009757743 -1.206022382 0.007114841 -0.009757979 0.999927104 36.911640167
0.999974787 -0.000056672 -0.007100918 0.653589666 0.000125551 0.999952912 0.009699945 -1.214396477 0.007100033 -0.009700593 0.999927759 37.457401276
0.999970615 -0.000489341 -0.007640924 0.663007498 0.000564555 0.999951363 0.009844547 -1.221934915 0.007635734 -0.009848574 0.999922395 37.995418549
0.999972999 0.000135622 -0.007341511 0.673930049 -0.000065726 0.999954700 0.009520033 -1.230708718 0.007342468 -0.009519295 0.999927759 38.531330109
0.999968231 0.000576731 -0.007945771 0.679667890 -0.000502610 0.999956369 0.009327136 -1.241914511 0.007950803 -0.009322847 0.999924898 39.085929871
0.999964118 -0.001004127 -0.008409526 0.689027548 0.001091975 0.999944806 0.010448180 -1.276758313 0.008398572 -0.010456990 0.999909997 39.570056915
0.999964237 -0.001083722 -0.008387128 0.694389343 0.001169192 0.999947429 0.010192420 -1.285859346 0.008375641 -0.010201863 0.999912858 40.129592896
0.999964356 -0.000960408 -0.008389341 0.699988484 0.001048298 0.999944568 0.010478261 -1.293437839 0.008378812 -0.010486684 0.999909878 40.683807373
0.999963403 -0.000698327 -0.008526742 0.704243898 0.000786031 0.999946773 0.010286793 -1.303592443 0.008519107 -0.010293121 0.999910712 41.234409332
0.999958038 -0.001686870 -0.008996320 0.720987201 0.001786501 0.999936998 0.011078186 -1.323739290 0.008977065 -0.011093794 0.999898195 41.799163818
0.999958932 -0.001652481 -0.008913872 0.706251085 0.001753306 0.999934375 0.011315083 -1.345412970 0.008894590 -0.011330248 0.999896228 42.203330994
0.999955535 -0.002291464 -0.009150123 0.712739885 0.002393052 0.999935389 0.011106979 -1.352898955 0.009124083 -0.011128381 0.999896407 42.765426636
0.999955773 -0.002340700 -0.009104896 0.717209578 0.002444768 0.999931633 0.011435600 -1.369074583 0.009077508 -0.011457357 0.999893069 43.276954651
0.999957323 -0.001804113 -0.009063924 0.724675655 0.001904401 0.999936938 0.011068099 -1.377424121 0.009043385 -0.011084888 0.999897599 43.811649323
0.999960303 -0.001216632 -0.008828703 0.724630594 0.001310686 0.999942422 0.010655255 -1.388546705 0.008815232 -0.010666404 0.999904215 44.368885040
0.999957383 -0.001772667 -0.009065383 0.743272007 0.001872598 0.999937475 0.011026766 -1.400426388 0.009045271 -0.011043271 0.999898016 44.886348724
0.999961376 -0.001029777 -0.008730206 0.745413065 0.001127289 0.999936998 0.011171970 -1.417701721 0.008718153 -0.011181379 0.999899387 45.396945953
0.999960661 -0.000840690 -0.008826486 0.770492733 0.000941611 0.999934137 0.011435917 -1.437592626 0.008816291 -0.011443777 0.999895632 45.896640778
0.999955714 -0.001867116 -0.009220758 0.756132662 0.001973173 0.999931872 0.011506399 -1.438379049 0.009198647 -0.011524086 0.999891281 46.466854095
0.999941707 -0.001752276 -0.010659860 0.818846226 0.001859738 0.999947488 0.010079442 -1.429660797 0.010641638 -0.010098679 0.999892354 47.308551788
0.999956787 -0.001732885 -0.009133873 0.773426771 0.001838817 0.999930978 0.011602151 -1.463034868 0.009113140 -0.011618445 0.999890924 47.498538971
0.999952674 -0.002148442 -0.009491643 0.789512634 0.002257325 0.999931514 0.011475727 -1.474487543 0.009466340 -0.011496609 0.999889076 48.040294647
0.999957144 -0.001440283 -0.009135716 0.782328725 0.001544265 0.999934018 0.011385200 -1.478082061 0.009118716 -0.011398820 0.999893367 48.566516876
0.999960661 -0.001216428 -0.008780765 0.784891009 0.001315210 0.999935806 0.011252771 -1.478930473 0.008766514 -0.011263878 0.999898136 49.156867981
0.999958038 -0.001373804 -0.009054465 0.780250013 0.001476788 0.999934137 0.011377018 -1.501681089 0.009038240 -0.011389913 0.999894261 49.612941742
0.999959707 -0.001036310 -0.008915724 0.785768747 0.001136329 0.999936342 0.011220532 -1.507143021 0.008903529 -0.011230214 0.999897301 50.161014557
0.999953270 -0.001841205 -0.009488193 0.799312830 0.001955343 0.999925613 0.012034241 -1.523477554 0.009465329 -0.012052230 0.999882519 50.670188904
0.999956906 -0.001450216 -0.009172177 0.802911639 0.001556755 0.999931276 0.011619058 -1.531987071 0.009154698 -0.011632838 0.999890447 51.196521759
0.999956846 -0.001548202 -0.009174003 0.807598472 0.001656248 0.999929249 0.011781554 -1.539908171 0.009155114 -0.011796238 0.999888539 51.719375610
0.999954641 -0.001620668 -0.009387036 0.819303274 0.001733646 0.999926031 0.012039886 -1.553076029 0.009366829 -0.012055612 0.999883473 52.264465332
0.999950469 -0.002097562 -0.009736473 0.831519723 0.002212712 0.999927580 0.011830939 -1.568194151 0.009710952 -0.011851895 0.999882638 52.791454315
0.999954164 -0.001713948 -0.009420826 0.828582704 0.001828726 0.999924064 0.012188355 -1.575930595 0.009399221 -0.012205022 0.999881268 53.280258179
0.999954939 -0.001549873 -0.009365873 0.833857834 0.001662236 0.999926627 0.012001266 -1.582545280 0.009346584 -0.012016291 0.999884129 53.812839508
0.999955356 -0.001530308 -0.009323790 0.837023437 0.001643020 0.999925554 0.012092966 -1.591180921 0.009304588 -0.012107743 0.999883413 54.359390259
0.999955118 -0.001847000 -0.009293826 0.840367556 0.001961398 0.999922216 0.012315012 -1.597762942 0.009270359 -0.012332686 0.999880910 54.842285156
0.999951243 -0.002076995 -0.009648209 0.856567919 0.002196223 0.999921203 0.012363400 -1.609199643 0.009621769 -0.012383987 0.999877036 55.427024841
0.999957025 -0.001895760 -0.009075647 0.844939768 0.002008283 0.999920964 0.012405353 -1.617142439 0.009051412 -0.012423046 0.999881864 55.940147400
0.999960065 -0.001980243 -0.008722119 0.834475636 0.002092878 0.999914229 0.012923623 -1.645889640 0.008695781 -0.012941360 0.999878407 56.434047699
0.999958515 -0.001551669 -0.008973513 0.871055841 0.001660082 0.999925554 0.012086698 -1.644075513 0.008954090 -0.012101091 0.999886692 56.932220459
0.999955297 -0.001786352 -0.009278614 0.902061164 0.001898964 0.999924481 0.012142202 -1.626565695 0.009256222 -0.012159280 0.999883235 57.540412903
0.999956906 -0.001764180 -0.009113656 0.887574434 0.001877484 0.999920845 0.012438846 -1.664871931 0.009090992 -0.012455422 0.999881089 57.985980988
0.999956131 -0.001558682 -0.009230196 0.895475507 0.001672682 0.999922156 0.012355959 -1.672062159 0.009210219 -0.012370856 0.999881029 58.527427673
0.999958336 -0.001437110 -0.009018475 0.901511192 0.001548939 0.999921739 0.012405301 -1.682654023 0.008999941 -0.012418752 0.999882400 59.047534943
0.999953270 -0.001882563 -0.009474451 0.930220783 0.002000465 0.999920428 0.012450115 -1.695830107 0.009450260 -0.012468486 0.999877572 59.587047577
0.999958873 -0.000730685 -0.009032417 0.948568821 0.000846523 0.999917328 0.012827496 -1.713791132 0.009022298 -0.012834616 0.999876916 60.122901917
0.999956548 -0.000666544 -0.009291843 0.969112992 0.000784961 0.999918342 0.012746313 -1.707079768 0.009282590 -0.012753053 0.999875605 60.669658661
0.999960899 -0.000896203 -0.008791436 0.912078321 0.001006636 0.999920547 0.012565005 -1.731191039 0.008779477 -0.012573366 0.999882400 61.323352814
0.999958873 -0.001751811 -0.008892450 0.914124310 0.001869323 0.999910772 0.013223778 -1.779523611 0.008868490 -0.013239858 0.999872983 61.791206360
0.999954462 -0.001284526 -0.009467511 0.945896745 0.001416095 0.999902308 0.013903385 -1.814111590 0.009448728 -0.013916157 0.999858499 62.184944153
0.999956608 -0.000768748 -0.009281686 0.944712996 0.000894827 0.999907255 0.013587069 -1.819997787 0.009270380 -0.013594786 0.999864578 62.711063385
0.999952078 -0.001524888 -0.009668649 0.950424969 0.001660763 0.999899745 0.014060779 -1.834118843 0.009646237 -0.014076161 0.999854386 63.271186829
0.999958515 -0.000250082 -0.009104116 0.938934743 0.000373476 0.999908090 0.013554385 -1.837536693 0.009099889 -0.013557223 0.999866605 63.811180115
0.999955297 -0.001180917 -0.009381707 0.956613779 0.001307771 0.999907672 0.013526771 -1.844478607 0.009364869 -0.013538438 0.999864519 64.251091003
0.999957502 -0.000921856 -0.009177025 0.955397129 0.001039487 0.999917328 0.012821541 -1.826136827 0.009164449 -0.012830536 0.999875665 64.931175232
0.999952555 -0.001422783 -0.009637792 0.970089734 0.001552707 0.999907911 0.013486658 -1.862176657 0.009617715 -0.013500984 0.999862611 65.338920593
0.999951899 -0.001448677 -0.009704328 0.979491949 0.001583744 0.999901831 0.013925078 -1.880713344 0.009683203 -0.013939778 0.999855936 65.855316162
0.999952853 -0.001298552 -0.009622743 0.983112395 0.001430192 0.999905348 0.013685950 -1.890469432 0.009604060 -0.013699069 0.999860048 66.384887695
0.999956906 -0.001170354 -0.009207170 0.969343364 0.001296137 0.999905765 0.013667272 -1.882720232 0.009190308 -0.013678619 0.999864280 66.916130066
0.999965012 0.000501009 -0.008352818 0.960397184 -0.000381886 0.999898314 0.014256962 -1.901372194 0.008359112 -0.014253274 0.999863446 67.449760437
0.999959052 -0.000868891 -0.009004464 0.972925901 0.000999304 0.999894559 0.014488815 -1.958830357 0.008990924 -0.014497221 0.999854445 67.821075439
0.999961376 -0.000671003 -0.008767430 0.979709864 0.000797033 0.999896288 0.014379261 -1.969821930 0.008756871 -0.014385694 0.999858141 68.364143372
0.999962330 -0.000699916 -0.008645512 0.984207213 0.000823967 0.999896646 0.014353444 -1.973200798 0.008634573 -0.014360029 0.999859571 68.903335571
0.999953210 -0.001998294 -0.009474729 0.998643339 0.002134781 0.999893844 0.014417192 -1.982971907 0.009444915 -0.014436744 0.999851108 69.451972961
0.999963164 -0.000443726 -0.008568107 0.984889209 0.000566090 0.999897778 0.014284220 -1.998907685 0.008560893 -0.014288544 0.999861181 69.996940613
0.999954045 -0.001585176 -0.009455469 1.009792805 0.001713799 0.999905884 0.013610426 -1.969763994 0.009433006 -0.013626006 0.999862671 70.615997314
0.999962866 -0.000533884 -0.008602153 0.982561886 0.000654511 0.999901414 0.014026119 -2.013535261 0.008593815 -0.014031228 0.999864519 71.107154846
0.999961019 -0.000399590 -0.008820532 1.008557558 0.000527955 0.999893904 0.014555424 -2.025104761 0.008813778 -0.014559513 0.999855161 71.588615417
0.999960244 -0.000516685 -0.008905195 1.021680832 0.000644619 0.999896586 0.014369263 -2.036874294 0.008896849 -0.014374429 0.999857128 72.149452209
0.999961495 -0.000577681 -0.008753572 1.018787622 0.000704013 0.999895513 0.014435845 -2.043853045 0.008744319 -0.014441454 0.999857426 72.670700073
0.999960721 -0.000723825 -0.008835317 1.023208380 0.000849903 0.999897778 0.014274449 -2.051706314 0.008824082 -0.014281397 0.999859035 73.223762512
0.999962449 -0.000641321 -0.008627809 1.026047945 0.000762590 0.999900877 0.014059673 -2.060004234 0.008617935 -0.014065728 0.999863923 73.768348694
0.999959111 -0.001283400 -0.008952064 1.028393745 0.001406435 0.999904513 0.013750999 -2.060697794 0.008933562 -0.013763028 0.999865353 74.299026489
0.999961495 -0.000994072 -0.008717172 1.040211558 0.001112073 0.999907613 0.013542322 -2.066431284 0.008702905 -0.013551494 0.999870300 74.842849731
0.999962866 -0.000827054 -0.008573972 1.027877808 0.000945033 0.999904752 0.013765190 -2.085774899 0.008561770 -0.013772782 0.999868453 75.373390198
0.999962807 -0.000405762 -0.008617007 1.032009840 0.000533551 0.999889791 0.014832701 -2.104736805 0.008610040 -0.014836745 0.999852836 75.905578613
0.999955237 -0.002133614 -0.009214932 1.025352240 0.002260041 0.999903202 0.013731295 -2.114310265 0.009184743 -0.013751507 0.999863267 76.444831848
0.999963939 -0.000833531 -0.008451728 1.046462536 0.000957756 0.999891400 0.014704723 -2.112861633 0.008438555 -0.014712289 0.999856114 76.988342285
0.999962807 -0.000848041 -0.008586314 1.049893618 0.000971639 0.999895930 0.014400786 -2.119927168 0.008573208 -0.014408596 0.999859393 77.519104004
0.999963224 -0.000812418 -0.008539308 1.059556246 0.000935615 0.999895334 0.014432915 -2.131326675 0.008526688 -0.014440373 0.999859333 78.049644470
0.999965012 -0.001334717 -0.008254750 1.072162151 0.001454858 0.999892890 0.014565297 -2.134319544 0.008234427 -0.014576796 0.999859810 78.595520020
0.999977469 -0.000714606 -0.006677879 1.075374484 0.000810442 0.999896586 0.014359462 -2.141042233 0.006666928 -0.014364550 0.999874592 79.123863220
0.999984622 -0.000326612 -0.005538138 1.080027223 0.000406961 0.999894619 0.014513398 -2.151445389 0.005532814 -0.014515424 0.999879360 79.674629211
0.999991119 -0.001081978 -0.004080479 1.101363897 0.001139967 0.999897897 0.014235930 -2.157738209 0.004064661 -0.014240455 0.999890327 80.200195312
0.999999940 -0.000401280 0.000019493 1.114487648 0.000400963 0.999899149 0.014194821 -2.162541389 -0.000025186 -0.014194812 0.999899209 80.748580933
0.999993086 -0.001011899 0.003582867 1.138033628 0.000959956 0.999894857 0.014469638 -2.173533440 -0.003597131 -0.014466098 0.999888897 81.289314270
0.999981403 -0.001376465 0.005939134 1.152580261 0.001293764 0.999902487 0.013906294 -2.157533884 -0.005957697 -0.013898352 0.999885678 81.922050476
0.999935448 -0.000432374 0.011358715 1.184006333 0.000274340 0.999903142 0.013910923 -2.181829214 -0.011363630 -0.013906907 0.999838710 82.388900757
0.999858975 -0.000297993 0.016791619 1.231729388 0.000060610 0.999900103 0.014135750 -2.191154480 -0.016794153 -0.014132737 0.999759078 82.973632812
0.999760866 -0.001054515 0.021843839 1.271312237 0.000746582 0.999900341 0.014100412 -2.203399658 -0.021856532 -0.014080732 0.999661922 83.508148193
0.999599636 -0.000464715 0.028290642 1.270701289 0.000071468 0.999903321 0.013899671 -2.192945719 -0.028294364 -0.013892082 0.999503195 84.130836487
0.999345183 0.000008874 0.036182858 1.327246904 -0.000512236 0.999903262 0.013902381 -2.207934856 -0.036179230 -0.013911812 0.999248505 84.637084961
0.999031603 -0.001263805 0.043978911 1.357305050 0.000645828 0.999900818 0.014063044 -2.207931519 -0.043992322 -0.014021025 0.998933494 85.216690063
0.998710454 -0.001738268 0.050739106 1.401611328 0.001036378 0.999903440 0.013856348 -2.209887981 -0.050758298 -0.013785895 0.998615801 85.765953064
0.998208821 -0.000880670 0.059819054 1.462384224 0.000052215 0.999904096 0.013849501 -2.222997665 -0.059825517 -0.013821569 0.998113096 86.294456482
0.997578263 -0.001430769 0.069538474 1.530395031 0.000472582 0.999904752 0.013793724 -2.228082657 -0.069551602 -0.013727455 0.997483909 86.828369141
0.996931672 -0.001786636 0.078256622 1.585769653 0.000710202 0.999904811 0.013780850 -2.233850241 -0.078273796 -0.013682988 0.996837974 87.367637634
0.996299565 -0.001997634 0.085925259 1.653915882 0.000842764 0.999908864 0.013474572 -2.240289211 -0.085944340 -0.013352294 0.996210396 87.904968262
0.995329797 -0.001700963 0.096518159 1.728050709 0.000414348 0.999910831 0.013348770 -2.244813204 -0.096532255 -0.013246438 0.995241642 88.443229675
0.994280457 -0.002673303 0.106767215 1.833281040 0.001221329 0.999905944 0.013662506 -2.264624596 -0.106793694 -0.013453966 0.994190156 89.005035400
0.993236780 -0.002610500 0.116076775 1.912038803 0.001013863 0.999904096 0.013811921 -2.278818130 -0.116101682 -0.013600823 0.993144155 89.566253662
0.991850019 -0.003046772 0.127374604 2.008663177 0.001375763 0.999911845 0.013204770 -2.272118807 -0.127403617 -0.012921914 0.991766751 90.131843567
0.990281463 -0.003368267 0.139037043 2.126625061 0.001477650 0.999905050 0.013698921 -2.294868469 -0.139070019 -0.013360341 0.990192413 90.661331177
0.988746464 -0.004039278 0.149546415 2.231288910 0.002030395 0.999905646 0.013583421 -2.299505234 -0.149587154 -0.013126921 0.988661349 91.232963562
0.987104058 -0.003898493 0.160032585 2.341419220 0.001769913 0.999908090 0.013441313 -2.303190708 -0.160070270 -0.012984731 0.987020195 91.771362305
0.984947681 -0.003850917 0.172809586 2.466058731 0.001563278 0.999909341 0.013372065 -2.316030025 -0.172845393 -0.012900637 0.984864473 92.296203613
0.982691348 -0.004173143 0.185202926 2.586263657 0.001665942 0.999904871 0.013691142 -2.325670719 -0.185242429 -0.013145631 0.982604921 92.866027832
0.980749249 -0.004904418 0.195209041 2.719869614 0.002358973 0.999909163 0.013269933 -2.327888012 -0.195256397 -0.012553985 0.980671883 93.413566589
0.978115201 -0.005388794 0.207994282 2.869638443 0.002629682 0.999904990 0.013539547 -2.341149807 -0.208047450 -0.012696282 0.978036344 93.957443237
0.975135744 -0.005319531 0.221544206 3.005140305 0.002408152 0.999907315 0.013409339 -2.346684694 -0.221594945 -0.012542415 0.975058079 94.487846375
0.972460151 -0.005508537 0.233003825 3.150955200 0.002453835 0.999907255 0.013397932 -2.353920460 -0.233055979 -0.012457202 0.972383559 95.028762817
0.969393790 -0.004937483 0.245461419 3.319667816 0.001621086 0.999904692 0.013711084 -2.367444277 -0.245505720 -0.012893525 0.969309390 95.570945740
0.965686321 -0.005305868 0.259656936 3.476562500 0.001737307 0.999900877 0.013970928 -2.380936146 -0.259705305 -0.013040430 0.965599835 96.056900024
0.962570667 -0.006473036 0.270953417 3.666641235 0.002880689 0.999902606 0.013653784 -2.376535416 -0.271015435 -0.012362200 0.962495625 96.613998413
0.959202647 -0.006235848 0.282650501 3.846223831 0.002546579 0.999906659 0.013417915 -2.375569820 -0.282707781 -0.012150711 0.959129095 97.157371521
0.954926491 -0.005846663 0.296784759 4.029640198 0.001978628 0.999909103 0.013331844 -2.381093979 -0.296835750 -0.012143704 0.954851329 97.683105469
0.950587153 -0.006747957 0.310384452 4.233043671 0.002654994 0.999903917 0.013607334 -2.386066198 -0.310446471 -0.012110887 0.950513661 98.221229553
0.946659744 -0.006640131 0.322166264 4.420837402 0.002289368 0.999901116 0.013881722 -2.396530390 -0.322226495 -0.012403714 0.946581244 98.728263855
0.942352772 -0.007408334 0.334538817 4.630615234 0.002810110 0.999894857 0.014226867 -2.408761740 -0.334609091 -0.012466640 0.942274511 99.226470947
0.937173426 -0.007360213 0.348786026 4.840982437 0.002604449 0.999897122 0.014102156 -2.413787842 -0.348853946 -0.012307771 0.937096298 99.739280701
0.932550728 -0.007834916 0.360953689 5.060979843 0.002918488 0.999895453 0.014163755 -2.421149015 -0.361026943 -0.012154982 0.932476163 100.242172241
0.928361356 -0.008395927 0.371584117 5.280651093 0.003438459 0.999896049 0.014002000 -2.426887035 -0.371663064 -0.011721238 0.928293705 100.736137390
0.922845483 -0.007985963 0.385087579 5.512250900 0.002877038 0.999899983 0.013841279 -2.428079605 -0.385159582 -0.011665451 0.922776163 101.239204407
0.917266905 -0.008247527 0.398187697 5.756023407 0.002968585 0.999899507 0.013872130 -2.435251713 -0.398262024 -0.011542395 0.917199075 101.744140625
0.912286282 -0.009106398 0.409451693 6.011009216 0.003822026 0.999898553 0.013722474 -2.441929340 -0.409535110 -0.010953891 0.912228525 102.252815247
0.905990779 -0.009608633 0.423188269 6.268905640 0.004072065 0.999893904 0.013985170 -2.445792675 -0.423277795 -0.010947183 0.905933797 102.745552063
0.899291515 -0.010091347 0.437233239 6.537963867 0.004521553 0.999894857 0.013777751 -2.453099966 -0.437326372 -0.010413238 0.899242580 103.231101990
0.893436730 -0.010024461 0.449077100 6.811420441 0.004320552 0.999896467 0.013724333 -2.462471247 -0.449168175 -0.010321562 0.893387616 103.719154358
0.887787044 -0.011011510 0.460122705 7.073299408 0.005189203 0.999889612 0.013916696 -2.462518692 -0.460225135 -0.009967391 0.887746274 104.187194824
0.880649626 -0.010350659 0.473655015 7.347991943 0.004477252 0.999898493 0.013526130 -2.464611530 -0.473746926 -0.009791108 0.880606592 104.646751404
0.874117553 -0.011536588 0.485577226 7.653724670 0.005544989 0.999889731 0.013774003 -2.480544567 -0.485682517 -0.009347579 0.874085248 105.116203308
