1.000000000 0.000000000 0.000000000 0.000000000 0.000000000 1.000000000 0.000000000 0.000000000 0.000000000 0.000000000 1.000000000 0.000000000
1.000000000 -0.000010658 -0.000036275 0.000664561 0.000010659 1.000000000 0.000027431 -0.000090989 0.000036275 -0.000027432 1.000000000 -0.000686183
1.000000000 0.000010406 0.000062802 0.000720688 -0.000010410 1.000000000 0.000073878 0.000230779 -0.000062801 -0.000073879 1.000000000 0.000790725
1.000000000 -0.000153282 0.000004092 0.001060455 0.000153282 1.000000000 -0.000018823 0.000826404 -0.000004089 0.000018824 1.000000000 0.000985758
1.000000000 0.000084344 0.000133540 -0.000668720 -0.000084352 1.000000000 0.000059801 0.000586463 -0.000133535 -0.000059812 1.000000000 0.000899093
1.000000000 0.000161785 0.000108153 -0.001478594 -0.000161786 1.000000000 0.000016241 -0.000406126 -0.000108150 -0.000016259 1.000000000 -0.000028198
1.000000000 -0.000056937 0.000105404 -0.000186583 0.000056941 1.000000000 -0.000040121 0.000244117 -0.000105401 0.000040127 1.000000000 -0.000160496
1.000000000 0.000068265 0.000049020 -0.000666572 -0.000068267 1.000000000 0.000050500 0.000173134 -0.000049017 -0.000050503 1.000000000 0.000123365
1.000000000 0.000179989 0.000131428 -0.000839853 -0.000180001 1.000000000 0.000085254 -0.000140245 -0.000131413 -0.000085277 1.000000000 0.000991511
0.999999940 0.000253215 0.000050415 -0.000646722 -0.000253217 0.999999940 0.000027385 -0.000074297 -0.000050408 -0.000027398 1.000000000 -0.000838096
1.000000000 0.000082497 0.000074272 -0.000702031 -0.000082501 1.000000000 0.000052505 0.000220311 -0.000074268 -0.000052511 1.000000000 0.000050983
1.000000000 0.000170369 0.000065362 -0.001038263 -0.000170362 1.000000000 -0.000098490 0.001389471 -0.000065378 0.000098479 1.000000000 0.000566742
1.000000000 0.000120882 0.000114219 -0.000967452 -0.000120873 1.000000000 -0.000077884 0.001610653 -0.000114228 0.000077871 1.000000000 0.001082605
1.000000000 0.000156226 0.000168128 -0.002009183 -0.000156203 1.000000000 -0.000137469 0.002674346 -0.000168150 0.000137443 1.000000000 0.002439197
0.999999940 0.000217119 0.000127037 -0.002123841 -0.000217106 1.000000000 -0.000100331 0.001872319 -0.000127058 0.000100303 1.000000000 0.001517079
0.999999940 0.000265668 0.000185223 -0.002032520 -0.000265661 0.999999940 -0.000038664 0.002318946 -0.000185233 0.000038615 1.000000000 0.002242558
0.999999940 0.000249412 0.000192800 -0.001993139 -0.000249395 0.999999940 -0.000089091 0.001970751 -0.000192822 0.000089043 1.000000000 0.001887613
0.999999940 0.000240315 0.000211352 -0.002971066 -0.000240323 1.000000000 0.000038754 0.001475439 -0.000211343 -0.000038804 1.000000000 0.002375248
1.000000000 0.000206761 0.000093355 -0.001633344 -0.000206762 1.000000000 0.000013043 0.001440852 -0.000093353 -0.000013063 1.000000000 0.001412958
1.000000000 0.000154230 0.000179346 -0.002399190 -0.000154226 1.000000000 -0.000023866 0.001616081 -0.000179350 0.000023838 1.000000000 0.002171031
1.000000000 0.000165144 0.000175560 -0.001957999 -0.000165154 1.000000000 0.000056513 0.001744948 -0.000175550 -0.000056542 1.000000000 0.003044411
0.999999940 0.000350317 0.000186660 -0.002689951 -0.000350309 0.999999940 -0.000041548 0.002096091 -0.000186675 0.000041483 1.000000000 0.002661558
0.999999940 0.000226925 0.000230869 -0.002018409 -0.000226917 1.000000000 -0.000034856 0.001575584 -0.000230877 0.000034804 1.000000000 0.001856806
0.999999940 0.000153905 0.000202554 -0.002485173 -0.000153901 1.000000000 -0.000023028 0.002175295 -0.000202558 0.000022996 1.000000000 0.002289359
0.999999940 0.000163591 0.000196169 -0.002481469 -0.000163580 1.000000000 -0.000054027 0.002136957 -0.000196178 0.000053995 1.000000000 0.002612280
1.000000000 0.000199634 0.000103504 -0.002874204 -0.000199634 1.000000000 0.000002406 0.001834374 -0.000103504 -0.000002426 1.000000000 0.001346648
0.999999940 0.000210305 0.000140617 -0.002295120 -0.000210315 1.000000000 0.000070945 0.001145874 -0.000140602 -0.000070975 1.000000000 0.001924782
1.000000000 0.000083948 0.000176672 -0.001634056 -0.000083945 1.000000000 -0.000015219 0.001768221 -0.000176673 0.000015204 1.000000000 0.002545741
1.000000000 0.000142163 0.000153794 -0.001405559 -0.000142161 1.000000000 -0.000012469 0.001844460 -0.000153796 0.000012447 1.000000000 0.003396638
0.999999940 0.000268110 0.000198140 -0.002657416 -0.000268097 0.999999940 -0.000065736 0.002168729 -0.000198157 0.000065683 1.000000000 0.002474529
0.999999940 0.000340346 0.000240148 -0.001649952 -0.000340365 0.999999940 0.000079047 0.000421808 -0.000240121 -0.000079129 0.999999940 -0.000588319
0.999999940 0.000232000 0.000166339 -0.002096933 -0.000232004 1.000000000 0.000024270 0.000894885 -0.000166333 -0.000024308 1.000000000 0.001877251
0.999999940 0.000203015 0.000188587 -0.001524482 -0.000203011 1.000000000 -0.000020773 0.000658841 -0.000188591 0.000020734 1.000000000 0.001606382
0.999999940 0.000240876 0.000140770 -0.002674312 -0.000240889 0.999999940 0.000088329 0.000955538 -0.000140749 -0.000088363 1.000000000 0.001615813
1.000000000 0.000084730 0.000151310 -0.001943751 -0.000084734 1.000000000 0.000028370 0.001812092 -0.000151308 -0.000028383 1.000000000 0.002687569
0.999999940 0.000238068 0.000190974 -0.002525937 -0.000238071 1.000000000 0.000017547 0.001367671 -0.000190969 -0.000017593 1.000000000 0.002042824
1.000000000 0.000184188 0.000134089 0.000040191 -0.000184188 1.000000000 0.000002248 0.001686294 -0.000134089 -0.000002273 1.000000000 0.002203215
1.000000000 0.000107178 0.000118882 -0.000632852 -0.000107166 1.000000000 -0.000105308 0.001926764 -0.000118893 0.000105295 1.000000000 0.002174440
0.999999881 0.000372817 0.000309730 -0.002517125 -0.000372611 0.999999642 -0.000666297 -0.001773925 -0.000309978 0.000666181 0.999999702 0.049239822
0.999999881 0.000366812 0.000350160 -0.001258258 -0.000366369 0.999999046 -0.001262878 -0.002998766 -0.000350622 0.001262750 0.999999166 0.139983356
0.999999404 0.001141587 0.000277442 -0.000917504 -0.001141196 0.999998391 -0.001404078 -0.008621288 -0.000279044 0.001403761 0.999998987 0.244408399
0.999999285 0.001140610 0.000323904 0.001455496 -0.001140139 0.999998331 -0.001451758 -0.010831706 -0.000325560 0.001451388 0.999998927 0.376251519
0.999999344 0.001092357 0.000268956 0.004387779 -0.001092025 0.999998629 -0.001229821 -0.015104258 -0.000270299 0.001229527 0.999999225 0.519780159
0.999999821 0.000444207 0.000420282 0.009610487 -0.000443982 0.999999702 -0.000535649 -0.026043577 -0.000420520 0.000535462 0.999999762 0.671467364
0.999999881 0.000178607 0.000355511 0.015579538 -0.000178488 0.999999940 -0.000333011 -0.028903723 -0.000355570 0.000332947 0.999999881 0.832838178
0.999999762 0.000423880 0.000539606 0.015673632 -0.000423609 0.999999702 -0.000502490 -0.033061445 -0.000539819 0.000502261 0.999999702 1.009111881
0.999999762 0.000486575 0.000498251 0.020629123 -0.000486382 0.999999821 -0.000385632 -0.038168665 -0.000498439 0.000385390 0.999999762 1.184175491
0.999999225 0.000975652 0.000748093 0.018178334 -0.000975880 0.999999404 0.000304027 -0.049636364 -0.000747796 -0.000304757 0.999999642 1.360736966
0.999999344 0.001096349 0.000331022 0.022765152 -0.001096425 0.999999344 0.000230628 -0.051459171 -0.000330769 -0.000230991 0.999999940 1.556091309
0.999999464 0.000619680 0.000851844 0.026454058 -0.000620060 0.999999702 0.000446121 -0.058292478 -0.000851567 -0.000446649 0.999999523 1.762509346
0.999999166 0.000835055 0.000925776 0.026631571 -0.000835947 0.999999166 0.000963545 -0.068773493 -0.000924971 -0.000964318 0.999999106 1.958181024
0.999999523 0.000803170 0.000389991 0.036940765 -0.000803476 0.999999344 0.000785154 -0.074563503 -0.000389360 -0.000785467 0.999999583 2.169832945
0.999999344 0.000639928 0.000938240 0.036903642 -0.000640702 0.999999464 0.000824707 -0.078389622 -0.000937712 -0.000825307 0.999999225 2.391070843
0.999999046 0.000915478 0.001011101 0.041187014 -0.000916255 0.999999285 0.000768074 -0.082904890 -0.001010397 -0.000768999 0.999999225 2.618068933
0.999998927 0.001289471 0.000618003 0.051593304 -0.001289878 0.999998927 0.000659613 -0.088898286 -0.000617151 -0.000660410 0.999999523 2.847144127
0.999998868 0.001330684 0.000642566 0.057300054 -0.001331128 0.999998868 0.000690912 -0.092028171 -0.000641646 -0.000691766 0.999999523 3.095391035
0.999999285 0.001058504 0.000508124 0.061780773 -0.001058913 0.999999046 0.000805931 -0.103155971 -0.000507270 -0.000806468 0.999999523 3.332781553
0.999999046 0.001290901 0.000470962 0.069439925 -0.001291247 0.999998987 0.000735692 -0.108539626 -0.000470011 -0.000736299 0.999999583 3.582088470
0.999998510 0.001658401 0.000474166 0.073647618 -0.001658677 0.999998510 0.000582215 -0.115250945 -0.000473200 -0.000583000 0.999999762 3.838715792
0.999998689 0.001376979 0.000818730 0.074961260 -0.001377572 0.999998808 0.000723550 -0.122985102 -0.000817733 -0.000724677 0.999999404 4.098284245
0.999998868 0.001343200 0.000594291 0.082291998 -0.001343646 0.999998868 0.000750256 -0.127312571 -0.000593282 -0.000751053 0.999999583 4.355616093
0.999998808 0.001182919 0.000984131 0.083265185 -0.001183642 0.999999046 0.000733766 -0.134691387 -0.000983262 -0.000734930 0.999999285 4.617628098
0.999997258 0.002036059 0.001091249 0.087553076 -0.002037287 0.999997318 0.001125843 -0.145887971 -0.001088954 -0.001128064 0.999998748 4.870832443
0.999997497 0.002011370 0.001003862 0.095074587 -0.002012740 0.999997020 0.001365237 -0.153319478 -0.001001113 -0.001367254 0.999998510 5.130144596
0.999997675 0.001751220 0.001236505 0.095009148 -0.001752356 0.999997973 0.000917924 -0.157179326 -0.001234895 -0.000920088 0.999998748 5.399059772
0.999997437 0.001834309 0.001328782 0.097420402 -0.001835937 0.999997556 0.001225247 -0.169204354 -0.001326532 -0.001227683 0.999998391 5.658863068
0.999996662 0.002072269 0.001491174 0.095510006 -0.002074049 0.999997139 0.001192795 -0.176915124 -0.001488698 -0.001195885 0.999998093 5.926471233
0.999995589 0.002471461 0.001607782 0.098774299 -0.002473161 0.999996424 0.001055860 -0.185262352 -0.001605167 -0.001059832 0.999998152 6.204612255
0.999997079 0.001970234 0.001404253 0.116457507 -0.001971934 0.999997318 0.001209866 -0.186956927 -0.001401866 -0.001212632 0.999998271 6.496141434
0.999996126 0.002357782 0.001443253 0.119515732 -0.002359345 0.999996662 0.001082977 -0.193970382 -0.001440694 -0.001086378 0.999998391 6.787684441
0.999996841 0.002004009 0.001519360 0.127042234 -0.002005467 0.999997556 0.000959084 -0.203892738 -0.001517435 -0.000962128 0.999998391 7.079370022
0.999996424 0.002104432 0.001626857 0.132653370 -0.002106500 0.999996901 0.001270553 -0.218931913 -0.001624178 -0.001273975 0.999997854 7.382056713
0.999996841 0.001861636 0.001688272 0.137244970 -0.001863820 0.999997497 0.001293631 -0.229224041 -0.001685859 -0.001296773 0.999997735 7.688264370
0.999995530 0.002399481 0.001799491 0.148062631 -0.002401880 0.999996245 0.001332488 -0.233828515 -0.001796287 -0.001336805 0.999997497 8.016025543
0.999995649 0.002332541 0.001808838 0.155197769 -0.002334933 0.999996364 0.001321168 -0.246261895 -0.001805749 -0.001325386 0.999997497 8.326214790
0.999995232 0.002455175 0.001880381 0.161998197 -0.002457356 0.999996364 0.001158482 -0.255312860 -0.001877530 -0.001163098 0.999997556 8.646652222
0.999995708 0.002177159 0.001955924 0.165803656 -0.002179372 0.999996901 0.001129782 -0.260201275 -0.001953458 -0.001134040 0.999997437 8.984928131
0.999995708 0.002117131 0.001982019 0.173666209 -0.002120265 0.999996364 0.001580083 -0.276102692 -0.001978667 -0.001584279 0.999996841 9.324199677
0.999993026 0.003013298 0.002181048 0.179259509 -0.003016125 0.999994636 0.001293922 -0.288295448 -0.002177137 -0.001300492 0.999996781 9.661095619
0.999993503 0.002817425 0.002275478 0.187552303 -0.002821381 0.999994516 0.001736978 -0.300295442 -0.002270572 -0.001743387 0.999995887 10.014928818
0.999992847 0.003117574 0.002132457 0.191705659 -0.003120712 0.999993980 0.001469888 -0.307021976 -0.002127862 -0.001476532 0.999996662 10.372856140
0.999992788 0.003015987 0.002279591 0.199215338 -0.003019253 0.999994397 0.001430449 -0.315996468 -0.002275264 -0.001437321 0.999996364 10.730361938
0.999993682 0.002856154 0.002103839 0.207290769 -0.002859075 0.999994934 0.001386619 -0.324360907 -0.002099868 -0.001392626 0.999996841 11.097000122
0.999992907 0.002989080 0.002294418 0.215401769 -0.002992848 0.999994159 0.001640458 -0.339437842 -0.002289501 -0.001647313 0.999996006 11.475609779
0.999991000 0.003420541 0.002499753 0.224773690 -0.003424892 0.999992609 0.001738424 -0.347365171 -0.002493788 -0.001746970 0.999995291 11.851556778
0.999992430 0.002991010 0.002484214 0.232345998 -0.002995107 0.999994159 0.001647283 -0.362095267 -0.002479273 -0.001654711 0.999995530 12.225841522
0.999993086 0.002777336 0.002494669 0.244470343 -0.002782900 0.999993682 0.002229458 -0.379100770 -0.002488461 -0.002236385 0.999994338 12.611394882
0.999992907 0.002948785 0.002347665 0.253635317 -0.002953110 0.999993920 0.001841437 -0.383264095 -0.002342221 -0.001848357 0.999995530 13.018374443
0.999991655 0.003067475 0.002690978 0.260576367 -0.003072746 0.999993384 0.001957291 -0.401727438 -0.002684956 -0.001965543 0.999994457 13.411786079
0.999989867 0.003511066 0.002817662 0.267500281 -0.003516927 0.999991655 0.002077973 -0.408167571 -0.002810342 -0.002087862 0.999993861 13.820823669
0.999987900 0.003868113 0.003022643 0.269690186 -0.003875341 0.999989629 0.002389413 -0.427103877 -0.003013368 -0.002401098 0.999992549 14.222672462
0.999986589 0.004003332 0.003269835 0.278105795 -0.004010435 0.999989569 0.002168311 -0.439647436 -0.003261121 -0.002181395 0.999992251 14.640618324
0.999986231 0.003755445 0.003666817 0.286475658 -0.003764349 0.999989986 0.002424239 -0.447625875 -0.003657675 -0.002438009 0.999990344 15.078182220
0.999982417 0.004364332 0.004026546 0.290395379 -0.004374821 0.999987066 0.002599919 -0.461675107 -0.004015146 -0.002617489 0.999988556 15.510846138
0.999980569 0.004023575 0.004764753 0.305504650 -0.004035992 0.999988496 0.002599241 -0.476870239 -0.004754240 -0.002618420 0.999985278 15.956789017
0.999981344 0.003981421 0.004627637 0.314114749 -0.003993938 0.999988317 0.002698737 -0.493961036 -0.004616837 -0.002717169 0.999985635 16.418262482
0.999982655 0.003709577 0.004559268 0.326549202 -0.003719402 0.999990761 0.002148420 -0.504331410 -0.004551256 -0.002165340 0.999987304 16.861585617
0.999979496 0.003839483 0.005127492 0.330571294 -0.003854741 0.999988139 0.002969092 -0.526894331 -0.005116031 -0.002988796 0.999982476 17.329738617
0.999979436 0.003418588 0.005426238 0.343224108 -0.003436341 0.999988735 0.003265796 -0.534400225 -0.005415013 -0.003284375 0.999979913 17.779661179
0.999976695 0.003260974 0.006011913 0.355991542 -0.003280881 0.999989092 0.003304192 -0.545666933 -0.006001073 -0.003323839 0.999976516 18.247180939
0.999976039 0.003244181 0.006127955 0.371465892 -0.003263101 0.999989867 0.003080103 -0.553368449 -0.006117901 -0.003100025 0.999976516 18.724987030
0.999978960 0.002930764 0.005786031 0.390330732 -0.002948719 0.999990821 0.003097093 -0.581094921 -0.005776901 -0.003114089 0.999978483 19.210819244
0.999978900 0.003065440 0.005727272 0.404146731 -0.003083043 0.999990523 0.003067215 -0.598214686 -0.005717816 -0.003084808 0.999978840 19.680282593
0.999981940 0.002785604 0.005321675 0.414768636 -0.002804570 0.999989748 0.003559862 -0.611570597 -0.005311705 -0.003574722 0.999979496 20.168382645
0.999972343 0.003396126 0.006619052 0.421639562 -0.003420691 0.999987245 0.003703469 -0.638825715 -0.006606391 -0.003726008 0.999971211 20.654464722
0.999975324 0.003656975 0.005994272 0.437541723 -0.003679866 0.999985933 0.003812164 -0.644742250 -0.005980247 -0.003834128 0.999974787 21.172225952
0.999980509 0.003406447 0.005233527 0.457167685 -0.003426799 0.999986589 0.003884750 -0.657762825 -0.005220224 -0.003902609 0.999978781 21.682703018
0.999983132 0.003346484 0.004758148 0.472318321 -0.003364058 0.999987543 0.003690341 -0.668390751 -0.004745739 -0.003706285 0.999981821 22.203449249
0.999982417 0.003740306 0.004599223 0.470709801 -0.003755905 0.999987185 0.003387734 -0.679629743 -0.004586493 -0.003404948 0.999983668 22.698829651
0.999985039 0.003615248 0.004140554 0.468646139 -0.003629488 0.999987483 0.003436853 -0.692638457 -0.004128077 -0.003451829 0.999985516 23.266733170
0.999993682 0.001866900 0.003029852 0.491498411 -0.001877689 0.999991834 0.003561736 -0.715716958 -0.003023179 -0.003567403 0.999989092 23.791524887
0.999997318 -0.000169395 0.002331140 0.501754224 0.000161326 0.999993980 0.003461265 -0.735115230 -0.002331712 -0.003460879 0.999991357 24.309400558
0.999994993 0.002341858 0.002116700 0.504074156 -0.002349479 0.999990761 0.003604683 -0.763722777 -0.002108239 -0.003609638 0.999991179 24.823104858
0.999997258 0.001798044 0.001489986 0.509442270 -0.001803720 0.999991119 0.003816383 -0.772721410 -0.001483111 -0.003819060 0.999991596 25.367296219
0.999998629 0.001567893 0.000554981 0.520203114 -0.001570223 0.999989986 0.004222706 -0.788316369 -0.000548354 -0.004223573 0.999990940 25.896396637
0.999999046 0.001361529 -0.000043249 0.538060069 -0.001361351 0.999991536 0.003885038 -0.796876371 0.000048538 -0.003884975 0.999992430 26.460454941
0.999998808 0.001520088 -0.000330018 0.541357219 -0.001518852 0.999991894 0.003713779 -0.808072209 0.000335661 -0.003713273 0.999993026 27.011310577
0.999998629 0.001151568 -0.001183411 0.556564152 -0.001146187 0.999989033 0.004537930 -0.830580115 0.001188624 -0.004536567 0.999989033 27.571359634
0.999997437 0.001690021 -0.001527909 0.566714227 -0.001683679 0.999989986 0.004141887 -0.840496898 0.001534893 -0.004139303 0.999990284 28.130689621
0.999996781 0.002105695 -0.001420477 0.568257630 -0.002099684 0.999988854 0.004220517 -0.861461699 0.001429348 -0.004217522 0.999990106 28.665096283
0.999995112 0.002564720 -0.001799121 0.581892014 -0.002555031 0.999982357 0.005366728 -0.896613419 0.001812853 -0.005362106 0.999983907 29.197940826
0.999996185 0.002063595 -0.001829178 0.586561322 -0.002054783 0.999986291 0.004806739 -0.897530138 0.001839072 -0.004802962 0.999986768 29.743488312
0.999996901 0.001260867 -0.002129911 0.594397902 -0.001250790 0.999988019 0.004725395 -0.908893764 0.002135844 -0.004722716 0.999986529 30.283111572
0.999994397 0.002330359 -0.002366734 0.608604848 -0.002319438 0.999986708 0.004606827 -0.916564226 0.002377439 -0.004601311 0.999986589 30.825052261
0.999993980 0.002317581 -0.002578102 0.617394269 -0.002306517 0.999988139 0.004286437 -0.932041228 0.002588006 -0.004280465 0.999987483 31.373247147
0.999989450 0.003547220 -0.002930492 0.623067737 -0.003534377 0.999984205 0.004376314 -0.943824649 0.002945970 -0.004365910 0.999986053 31.921417236
0.999991596 0.001514192 -0.003798382 0.642357945 -0.001497304 0.999988973 0.004445112 -0.960530639 0.003805072 -0.004439388 0.999982893 32.477100372
0.999992907 0.001828986 -0.003291856 0.641093731 -0.001812680 0.999986112 0.004949444 -0.974583983 0.003300863 -0.004943442 0.999982357 33.033336639
0.999991715 0.002000363 -0.003539831 0.650632560 -0.001984025 0.999987364 0.004613343 -0.988412261 0.003549015 -0.004606281 0.999983072 33.573246002
0.999991477 0.001569028 -0.003823027 0.661631107 -0.001551492 0.999988198 0.004585619 -0.997163057 0.003830178 -0.004579648 0.999982178 34.136405945
0.999990046 0.001941964 -0.004000156 0.668976188 -0.001922407 0.999986172 0.004887073 -1.014758825 0.004009591 -0.004879334 0.999980032 34.666431427
0.999989450 0.001911436 -0.004182674 0.679422975 -0.001890718 0.999985993 0.004951546 -1.035493851 0.004192079 -0.004943586 0.999978900 35.188899994
0.999988258 0.001813350 -0.004478170 0.695604682 -0.001790870 0.999985814 0.005018901 -1.042811275 0.004487208 -0.005010823 0.999977350 35.755619049
0.999986589 0.001862835 -0.004823432 0.702609479 -0.001836274 0.999983191 0.005505294 -1.060775042 0.004833607 -0.005496363 0.999973178 36.297344208
0.999990225 0.001835973 -0.004020002 0.701606870 -0.001817252 0.999987483 0.004655703 -1.070408583 0.004028498 -0.004648352 0.999981105 36.892379761
0.999988258 0.002146609 -0.004334311 0.706281364 -0.002127843 0.999988317 0.004329655 -1.080308080 0.004343554 -0.004320381 0.999981225 37.444679260
0.999988198 0.001868218 -0.004487862 0.729163051 -0.001851597 0.999991357 0.003704628 -1.088091493 0.004494745 -0.003696274 0.999983072 37.990577698
0.999987721 0.001547952 -0.004716408 0.736152351 -0.001526689 0.999988616 0.004508351 -1.107746005 0.004723334 -0.004501095 0.999978721 38.534179688
0.999989390 0.001706741 -0.004273272 0.742805243 -0.001690013 0.999990880 0.003915125 -1.110339880 0.004279915 -0.003907862 0.999983251 39.102050781
0.999983609 0.002068242 -0.005338444 0.762525678 -0.002048104 0.999990761 0.003775203 -1.131101131 0.005346202 -0.003764207 0.999978602 39.656719208
0.999984086 0.001298920 -0.005493006 0.770995259 -0.001278009 0.999991953 0.003808449 -1.148577571 0.005497908 -0.003801368 0.999977589 40.216999054
0.999983430 0.001120850 -0.005651640 0.781686366 -0.001099071 0.999992013 0.003855312 -1.164163351 0.005655916 -0.003849037 0.999976516 40.761810303
0.999983907 0.001673701 -0.005425322 0.779602408 -0.001654884 0.999992609 0.003470886 -1.171123028 0.005431091 -0.003461852 0.999979258 41.326347351
0.999983728 0.001655593 -0.005470276 0.790090859 -0.001631544 0.999989033 0.004397935 -1.191284657 0.005477498 -0.004388939 0.999975383 41.860191345
0.999984205 0.001948930 -0.005269622 0.796518087 -0.001930410 0.999991953 0.003517260 -1.191305757 0.005276434 -0.003507031 0.999979913 42.396522522
0.999983311 0.001023689 -0.005686079 0.812553287 -0.001006120 0.999994695 0.003091654 -1.198980808 0.005689214 -0.003085882 0.999979019 42.950321198
0.999984026 0.001682886 -0.005401334 0.820971489 -0.001660744 0.999990225 0.004101073 -1.226665616 0.005408182 -0.004092037 0.999976993 43.510208130
0.999985218 0.001842612 -0.005109187 0.827993631 -0.001821534 0.999989808 0.004126888 -1.241011381 0.005116738 -0.004117521 0.999978423 44.063560486
0.999986053 0.002352330 -0.004725984 0.824807644 -0.002336519 0.999991655 0.003348352 -1.245036483 0.004733821 -0.003337262 0.999983191 44.601581573
0.999986291 0.002392120 -0.004653384 0.832059443 -0.002374328 0.999989808 0.003825228 -1.260089159 0.004662487 -0.003814128 0.999981880 45.136730194
0.999985695 0.002199128 -0.004881633 0.844399214 -0.002182522 0.999991834 0.003404435 -1.271800756 0.004889081 -0.003393732 0.999982297 45.697517395
0.999987304 0.002199230 -0.004528266 0.849459887 -0.002184780 0.999992490 0.003193724 -1.285176754 0.004535255 -0.003183789 0.999984562 46.230991364
0.999987721 0.002050058 -0.004505551 0.848173857 -0.002036114 0.999993145 0.003097116 -1.297296286 0.004511869 -0.003087904 0.999985039 46.789031982
0.999985278 0.002708505 -0.004688491 0.862835407 -0.002694319 0.999991775 0.003029677 -1.310896754 0.004696660 -0.003017000 0.999984443 47.325885773
0.999983072 0.001721858 -0.005555116 0.882272363 -0.001706505 0.999994636 0.002767311 -1.319797277 0.005559851 -0.002757784 0.999980748 47.861461639
0.999982059 0.001930237 -0.005670816 0.889715910 -0.001918065 0.999995828 0.002151148 -1.330585718 0.005674944 -0.002140233 0.999981642 48.408157349
0.999983251 0.001029983 -0.005693840 0.899784327 -0.001012843 0.999994934 0.003012234 -1.353781700 0.005696914 -0.003006416 0.999979258 48.941566467
0.999986470 0.002230200 -0.004702010 0.895005286 -0.002216706 0.999993384 0.002872962 -1.362793207 0.004708386 -0.002862500 0.999984801 49.460906982
0.999986708 0.002093794 -0.004710307 0.902657747 -0.002080577 0.999993801 0.002809231 -1.380940676 0.004716161 -0.002799394 0.999984980 50.054424286
0.999985874 0.002422019 -0.004713017 0.907462835 -0.002406902 0.999991894 0.003210464 -1.395454168 0.004720755 -0.003199076 0.999983728 50.583484650
0.999986112 0.002631892 -0.004554778 0.911179066 -0.002617127 0.999991298 0.003244714 -1.413331747 0.004563279 -0.003232749 0.999984384 51.106487274
0.999982715 0.003104220 -0.004996281 0.922520101 -0.003088332 0.999990165 0.003184792 -1.429688215 0.005006118 -0.003169307 0.999982476 51.538856506
0.999983191 0.002656596 -0.005155387 0.933753252 -0.002639449 0.999990940 0.003329980 -1.435021043 0.005164186 -0.003316317 0.999981165 52.130641937
0.999983549 0.002505835 -0.005150509 0.948224306 -0.002490186 0.999992251 0.003042245 -1.455165386 0.005158092 -0.003029369 0.999982119 52.734115601
0.999984443 0.001932413 -0.005254020 0.961481512 -0.001916950 0.999993801 0.002946618 -1.469272614 0.005259681 -0.002936500 0.999981821 53.267597198
0.999982834 0.002553388 -0.005276814 0.969649971 -0.002538977 0.999993026 0.002735826 -1.477755666 0.005283763 -0.002722382 0.999982357 53.820934296
0.999985158 0.002388251 -0.004899167 0.967307210 -0.002376208 0.999994159 0.002462464 -1.493049741 0.004905020 -0.002450787 0.999984980 54.371006012
0.999984145 0.003601302 -0.004333891 0.968714952 -0.003591348 0.999990880 0.002302304 -1.500043154 0.004342143 -0.002286703 0.999987960 54.910961151
0.999982834 0.003562037 -0.004644665 0.977040529 -0.003552029 0.999991298 0.002161018 -1.512109280 0.004652323 -0.002144483 0.999986887 55.464611053
0.999984145 0.002982658 -0.004779745 1.006691098 -0.002972664 0.999993384 0.002096624 -1.516584158 0.004785966 -0.002082382 0.999986351 55.911041260
0.999983490 0.003377244 -0.004646771 1.021741390 -0.003367247 0.999991953 0.002157659 -1.526251554 0.004654020 -0.002141976 0.999986887 56.529220581
0.999981642 0.002203436 -0.005635054 1.030835390 -0.002192166 0.999995589 0.002005251 -1.560964108 0.005639447 -0.001992862 0.999982119 57.131507874
0.999985039 0.003554943 -0.004141466 0.988610923 -0.003545994 0.999991357 0.002165951 -1.575844526 0.004149130 -0.002151232 0.999989033 57.614585876
0.999984682 0.003340466 -0.004408052 1.010492921 -0.003331363 0.999992311 0.002070860 -1.593480587 0.004414936 -0.002056144 0.999988139 58.124744415
0.999983490 0.002909954 -0.004956016 1.044509888 -0.002901333 0.999994397 0.001745720 -1.599734664 0.004961067 -0.001731313 0.999986112 58.752227783
0.999984741 0.003018984 -0.004629316 1.048970103 -0.003008317 0.999992728 0.002309318 -1.610178113 0.004636255 -0.002295357 0.999986529 59.230815887
0.999984324 0.003591783 -0.004288557 1.052618027 -0.003584536 0.999992132 0.001696151 -1.630962729 0.004294615 -0.001680752 0.999989390 59.789237976
0.999985456 0.003093506 -0.004416121 1.064524412 -0.003085025 0.999993384 0.001925738 -1.644309044 0.004422049 -0.001912086 0.999988317 60.335357666
0.999983609 0.003570484 -0.004469995 1.081267953 -0.003561466 0.999991715 0.002023460 -1.664411545 0.004477182 -0.002007507 0.999987960 60.892200470
0.999985456 0.003389906 -0.004176915 1.081845760 -0.003383503 0.999993086 0.001539325 -1.673735857 0.004182104 -0.001525171 0.999990106 61.493507385
0.999985099 0.003739149 -0.003972077 1.090774059 -0.003731921 0.999991357 0.001825643 -1.689027071 0.003978869 -0.001810792 0.999990463 61.995151520
0.999986351 0.003751464 -0.003629787 1.099741936 -0.003745815 0.999991775 0.001561910 -1.702237010 0.003635617 -0.001548291 0.999992192 62.578357697
0.999984682 0.004049455 -0.003765137 1.111350417 -0.004042401 0.999990046 0.001878677 -1.724397540 0.003772707 -0.001863428 0.999991119 63.126953125
0.999981403 0.005077935 -0.003380589 1.118171334 -0.005071584 0.999985278 0.001885551 -1.732599378 0.003390115 -0.001868372 0.999992490 63.668972015
0.999981284 0.005147020 -0.003308153 1.130016446 -0.005140174 0.999984622 0.002074887 -1.750891805 0.003318782 -0.002057845 0.999992311 64.205299377
0.999981463 0.005210164 -0.003142748 1.136608601 -0.005204413 0.999984801 0.001835390 -1.767836332 0.003152263 -0.001819000 0.999993384 64.740325928
0.999982953 0.005215882 -0.002617906 1.142243862 -0.005210420 0.999984264 0.002089466 -1.785404086 0.002628763 -0.002075790 0.999994397 65.262557983
0.999984562 0.005172280 -0.002038015 1.145331383 -0.005169283 0.999985516 0.001473332 -1.794657588 0.002045607 -0.001462774 0.999996781 65.799308777
0.999984503 0.004933176 -0.002602754 1.160002708 -0.004928533 0.999986231 0.001787050 -1.813286543 0.002611534 -0.001774194 0.999994993 66.340225220
0.999983847 0.005513221 -0.001475681 1.168019295 -0.005510916 0.999983609 0.001562398 -1.823911071 0.001484271 -0.001554240 0.999997675 66.923316956
0.999984145 0.005424462 -0.001527554 1.177454948 -0.005421479 0.999983430 0.001949567 -1.846621156 0.001538103 -0.001941255 0.999996901 67.454757690
0.999983132 0.005452565 -0.001999382 1.201780438 -0.005449724 0.999984145 0.001422485 -1.852687001 0.002007106 -0.001411564 0.999996960 68.025848389
0.999984026 0.005330177 -0.001878827 1.215111136 -0.005327959 0.999985099 0.001182852 -1.863133907 0.001885104 -0.001172823 0.999997497 68.572654724
0.999978483 0.006337919 -0.001662075 1.222692728 -0.006335853 0.999979138 0.001245416 -1.888537884 0.001669934 -0.001234858 0.999997854 69.118415833
0.999979198 0.006245743 -0.001625899 1.226449251 -0.006244037 0.999979973 0.001051804 -1.894731760 0.001632436 -0.001041630 0.999998152 69.646667480
0.999976277 0.006749035 -0.001319475 1.243485212 -0.006747948 0.999976873 0.000827236 -1.922145605 0.001325028 -0.000818313 0.999998808 70.189857483
0.999980092 0.006043889 -0.001817276 1.259198427 -0.006043246 0.999981701 0.000359318 -1.936081767 0.001819414 -0.000348328 0.999998271 70.735839844
0.999979913 0.006089385 -0.001734450 1.267866135 -0.006088386 0.999981344 0.000581332 -1.954940915 0.001737957 -0.000570761 0.999998331 71.286361694
0.999971569 0.007160037 -0.002407603 1.280303955 -0.007158662 0.999974191 0.000578963 -1.970822334 0.002411686 -0.000561711 0.999996960 71.829803467
0.999981344 0.005964957 -0.001254708 1.285717368 -0.005964138 0.999982119 0.000655457 -1.985265613 0.001258594 -0.000647962 0.999998987 72.409942627
0.999983847 0.005391807 -0.001853663 1.302015424 -0.005391435 0.999985397 0.000205530 -1.999942422 0.001854743 -0.000195533 0.999998271 72.958618164
0.999983728 0.005413311 -0.001810879 1.315708399 -0.005413044 0.999985278 0.000151309 -2.018524170 0.001811671 -0.000141504 0.999998331 73.505119324
0.999981344 0.005792114 -0.001934600 1.333008289 -0.005792543 0.999983191 -0.000216037 -2.029002666 0.001933316 0.000227240 0.999998093 74.055297852
0.999967277 0.007957826 -0.001437409 1.325923324 -0.007957689 0.999968290 0.000102229 -2.053339243 0.001438176 -0.000090787 0.999998987 74.570602417
0.999962509 0.008484640 -0.001716108 1.334276557 -0.008482937 0.999963522 0.000998614 -2.081692457 0.001724518 -0.000984019 0.999998033 75.050003052
0.999960244 0.008831553 -0.001235146 1.334195256 -0.008830227 0.999960423 0.001074839 -2.098368168 0.001244590 -0.001063890 0.999998629 75.575103760
0.999964654 0.008277465 -0.001493660 1.332997561 -0.008276356 0.999965489 0.000746452 -2.128602505 0.001499787 -0.000734063 0.999998629 76.099456787
0.999967515 0.007780112 -0.002088257 1.345564961 -0.007777548 0.999968946 0.001233537 -2.152082205 0.002097790 -0.001217255 0.999997020 76.635322571
0.999972224 0.007143502 -0.002119849 1.354181528 -0.007140208 0.999973238 0.001557352 -2.171613455 0.002130918 -0.001542172 0.999996543 77.157089233
0.999960065 0.008859091 -0.001274901 1.349312305 -0.008857375 0.999959886 0.001344579 -2.184120893 0.001286761 -0.001333233 0.999998212 77.685470581
0.999959290 0.008945123 -0.001193297 1.334220409 -0.008942988 0.999958336 0.001784119 -2.209992170 0.001209206 -0.001773374 0.999997675 78.163619995
0.999973476 0.007232540 -0.000875898 1.360233784 -0.007231768 0.999973416 0.000880087 -2.188044786 0.000882240 -0.000873729 0.999999225 78.653251648
0.999967754 0.007924905 -0.001288962 1.377775073 -0.007923008 0.999967515 0.001470009 -2.236247540 0.001300570 -0.001459749 0.999998093 79.170188904
0.999966562 0.008128709 -0.000894962 1.376909375 -0.008127425 0.999965906 0.001428059 -2.242114067 0.000906540 -0.001420737 0.999998569 79.726654053
0.999964237 0.008421419 -0.000751576 1.386296868 -0.008420274 0.999963343 0.001515137 -2.259711266 0.000764308 -0.001508754 0.999998569 80.271995544
0.999957383 0.009215279 0.000566146 1.382402658 -0.009215901 0.999956846 0.001102618 -2.268050909 -0.000555960 -0.001107789 0.999999166 80.829406738
0.999966383 0.007981359 0.001838189 1.399286985 -0.007982848 0.999967754 0.000804291 -2.279054165 -0.001831710 -0.000818938 0.999997973 81.358474731
0.999954760 0.008989939 0.003099039 1.405165672 -0.008991928 0.999959290 0.000628112 -2.290527105 -0.003093267 -0.000655950 0.999994993 81.909156799
0.999957263 0.008317715 0.004033352 1.419950247 -0.008319813 0.999965250 0.000502926 -2.304331779 -0.004029029 -0.000536461 0.999991715 82.453315735
0.999933362 0.008644095 0.007655718 1.433517694 -0.008652958 0.999961913 0.001125382 -2.326035738 -0.007645698 -0.001191552 0.999970078 82.974273682
0.999892473 0.009236231 0.011385806 1.449725747 -0.009249900 0.999956548 0.001148509 -2.334460497 -0.011374705 -0.001253703 0.999934494 83.510223389
0.999853790 0.008954393 0.014566996 1.470280170 -0.008968743 0.999959290 0.000919846 -2.345724344 -0.014558167 -0.001050359 0.999893486 84.052345276
0.999798238 0.008376989 0.018255478 1.500835180 -0.008388604 0.999964595 0.000559746 -2.359139204 -0.018250145 -0.000712771 0.999833226 84.604217529
0.999655783 0.008770634 0.024726417 1.523318768 -0.008793701 0.999961019 0.000824375 -2.378196955 -0.024718223 -0.001041528 0.999693930 85.138763428
0.999494612 0.008477475 0.030636722 1.560268044 -0.008493249 0.999963880 0.000384788 -2.390956402 -0.030632352 -0.000644799 0.999530494 85.692672729
0.999280870 0.009012447 0.036834184 1.587536931 -0.009048669 0.999958754 0.000816744 -2.406999350 -0.036825310 -0.001149457 0.999320984 86.240234375
0.998949587 0.008801663 0.044967651 1.632532120 -0.008839924 0.999960721 0.000652046 -2.422258615 -0.044960145 -0.001048871 0.998988211 86.791122437
0.998546839 0.008756675 0.053173348 1.684520483 -0.008758766 0.999961615 -0.000193734 -2.427044630 -0.053173006 -0.000272281 0.998585224 87.360000610
0.998142540 0.008220669 0.060364697 1.730621815 -0.008235575 0.999966085 -0.000001871 -2.446777582 -0.060362656 -0.000495271 0.998176336 87.894195557
0.997552633 0.008292453 0.069424987 1.788304806 -0.008301035 0.999965489 -0.000164896 -2.460649967 -0.069423944 -0.000411807 0.997587085 88.423248291
0.996802390 0.008335841 0.079471566 1.851228237 -0.008353657 0.999965131 -0.000108304 -2.485252380 -0.079469688 -0.000555920 0.996837139 88.957260132
0.996053815 0.008153181 0.088375717 1.913539886 -0.008156613 0.999966621 -0.000322313 -2.493795395 -0.088375390 -0.000399806 0.996087074 89.505676270
0.995439827 0.006926535 0.095139988 1.987076759 -0.006883987 0.999975979 -0.000775422 -2.510959387 -0.095143072 0.000116943 0.995463610 90.053970337
0.994449079 0.006764622 0.105001107 2.071995735 -0.006757165 0.999977052 -0.000426744 -2.529947996 -0.105001569 -0.000285134 0.994472027 90.585510254
0.993305981 0.006677895 0.115319438 2.159831047 -0.006655342 0.999977827 -0.000580605 -2.545807123 -0.115320750 -0.000190772 0.993328214 91.121269226
0.992181778 0.006082825 0.124653764 2.248966217 -0.006062683 0.999981463 -0.000540951 -2.566591978 -0.124654740 -0.000219015 0.992200136 91.659255981
0.990642965 0.006272490 0.136334792 2.347247124 -0.006262809 0.999980271 -0.000499927 -2.582599640 -0.136335254 -0.000358590 0.990662634 92.192459106
0.988801599 0.006560275 0.149091706 2.444787025 -0.006554798 0.999978364 -0.000528098 -2.603059769 -0.149091899 -0.000455082 0.988823175 92.741355896
0.987191975 0.005486721 0.159442544 2.558794022 -0.005352658 0.999984860 -0.001270280 -2.614014387 -0.159447089 0.000400569 0.987206340 93.287460327
0.985379398 0.006106128 0.170264855 2.671675682 -0.006038515 0.999981284 -0.000914952 -2.629501343 -0.170267254 -0.000126572 0.985398054 93.841339111
0.983049154 0.005347312 0.183264315 2.791661263 -0.005291482 0.999985695 -0.000793655 -2.647159100 -0.183265895 -0.000189537 0.983063340 94.360549927
0.980661809 0.005460235 0.195633963 2.920717239 -0.005389326 0.999985039 -0.000894770 -2.663946867 -0.195635930 -0.000176868 0.980676591 94.878715515
0.978678167 0.004506866 0.205350280 3.060625076 -0.004444176 0.999989808 -0.000766505 -2.679348469 -0.205351681 -0.000162452 0.978688240 95.400917053
0.975854576 0.005302717 0.218357176 3.207563400 -0.005374350 0.999985397 -0.000265882 -2.695322752 -0.218355417 -0.000914065 0.975868881 95.930526733
0.972814381 0.004228667 0.231547683 3.358997345 -0.004230548 0.999990940 -0.000488412 -2.712521315 -0.231547654 -0.000504439 0.972823441 96.452201843
0.970014334 0.003845869 0.243017122 3.516330719 -0.003588160 0.999992430 -0.001503073 -2.724837542 -0.243021026 0.000586018 0.970020831 97.071479797
0.967224598 0.003422928 0.253899008 3.680891037 -0.003231119 0.999994099 -0.001172470 -2.739159346 -0.253901541 0.000313664 0.967229962 97.604293823
0.963588834 0.003404613 0.267366707 3.850824356 -0.003241464 0.999994218 -0.001051575 -2.756994486 -0.267368734 0.000146627 0.963594258 98.118156433
0.960007489 0.003074487 0.279957235 4.023973465 -0.002842137 0.999995172 -0.001235903 -2.778822422 -0.279959708 0.000390799 0.960011661 98.631958008
0.956651986 0.002108339 0.291226000 4.218769073 -0.001668854 0.999997020 -0.001757466 -2.784202814 -0.291228861 0.001195269 0.956652641 99.204284668
0.952209353 0.002281378 0.305437684 4.412055969 -0.001672384 0.999996066 -0.002255484 -2.792757750 -0.305441618 0.001636884 0.952209413 99.737228394
0.947765291 0.001347793 0.318965733 4.623180389 -0.000623654 0.999997020 -0.002372391 -2.808938503 -0.318967968 0.002049545 0.947763264 100.269363403
0.943864644 0.001285115 0.330329955 4.831558228 -0.000607564 0.999997556 -0.002154372 -2.826553345 -0.330331862 0.001832739 0.943863034 100.777847290
0.939003944 0.001026173 0.343904734 5.035827637 -0.000246059 0.999997318 -0.002312037 -2.843373537 -0.343906254 0.002086392 0.939001620 101.304985046
0.933711708 0.000772573 0.358024627 5.271387100 0.000157317 0.999996722 -0.002568143 -2.851704836 -0.358025402 0.002454229 0.933708608 101.822715759
0.929067373 0.000036384 0.369910419 5.483469009 0.001145556 0.999994934 -0.002975537 -2.865246534 -0.369908661 0.003188228 0.929062665 102.331970215
0.924163043 -0.000478128 0.381997973 5.741897583 0.001311532 0.999997258 -0.001921325 -2.899904728 -0.381996065 0.002276620 0.924161136 102.901336670
0.918437064 -0.000621010 0.395566702 5.983615875 0.001268924 0.999998212 -0.001376298 -2.918997526 -0.395565122 0.001765987 0.918436170 103.393959045
0.912495911 -0.001170483 0.409083962 6.252552032 0.002037849 0.999996483 -0.001684374 -2.930671930 -0.409080595 0.002370636 0.912495196 103.945640564
0.907667518 -0.001400910 0.419687569 6.501037598 0.002512092 0.999994695 -0.002094993 -2.945927858 -0.419682473 0.002955851 0.907666206 104.423263550
0.901496828 -0.002338681 0.432779431 6.761966705 0.003496750 0.999992132 -0.001880050 -2.959662676 -0.432771623 0.003208180 0.901497900 104.945625305
0.894719362 -0.001764227 0.446625322 7.019962311 0.002679365 0.999995351 -0.001417431 -2.974476099 -0.446620733 0.002464875 0.894720018 105.428764343
0.888834953 -0.002414210 0.458221048 7.300182343 0.003818209 0.999990404 -0.002137769 -2.989840746 -0.458211571 0.003649708 0.888835669 105.915061951
0.883148789 -0.002738900 0.469084829 7.570461273 0.003963213 0.999990821 -0.001622805 -3.010987759 -0.469076067 0.003292262 0.883151591 106.377212524
0.875561357 -0.003592653 0.483093530 7.865802765 0.004851017 0.999987304 -0.001355340 -3.028723001 -0.483082503 0.003530178 0.875567734 106.863220215
0.868589818 -0.003357696 0.495520264 8.151653290 0.004912641 0.999986231 -0.001835284 -3.042120934 -0.495507270 0.004028423 0.868594408 107.314941406
0.862351775 -0.004545776 0.506289184 8.461429596 0.006294757 0.999978662 -0.001743303 -3.058444738 -0.506270468 0.004690308 0.862362027 107.770965576
0.854620993 -0.004486435 0.519232869 8.766407013 0.006544902 0.999976337 -0.002132150 -3.068202257 -0.519211054 0.005220509 0.854630172 108.229476929
