1.000000000 0.000000000 0.000000000 0.000000000 0.000000000 1.000000000 0.000000000 0.000000000 0.000000000 0.000000000 1.000000000 0.000000000
1.000000000 -0.000071866 -0.000209839 0.004874830 0.000071899 1.000000000 0.000158998 -0.004024633 0.000209827 -0.000159013 0.999999940 -0.003878009
1.000000000 0.000015642 0.000015584 0.000381002 -0.000015644 1.000000000 0.000098009 -0.002944905 -0.000015582 -0.000098009 1.000000000 -0.003365839
1.000000000 -0.000112073 -0.000150259 0.006447624 0.000112101 1.000000000 0.000186967 -0.003010592 0.000150238 -0.000186983 1.000000000 -0.004510725
1.000000000 -0.000044800 -0.000055106 0.000919916 0.000044803 1.000000000 0.000041638 -0.000467586 0.000055104 -0.000041640 1.000000000 0.000154594
1.000000000 -0.000033032 0.000063655 -0.000658809 0.000033031 1.000000000 0.000008519 -0.001649812 -0.000063655 -0.000008517 1.000000000 -0.001560673
1.000000000 -0.000106051 -0.000144813 0.004981271 0.000106077 1.000000000 0.000175667 -0.003262646 0.000144794 -0.000175683 1.000000000 -0.007185904
1.000000000 -0.000131489 -0.000050675 -0.000388188 0.000131492 1.000000000 0.000053088 -0.000292586 0.000050668 -0.000053094 1.000000000 0.000769520
1.000000000 0.000013798 -0.000085923 0.002781036 -0.000013790 1.000000000 0.000086715 -0.003577087 0.000085924 -0.000086714 1.000000000 -0.008763066
1.000000000 0.000012203 0.000035586 0.000664445 -0.000012207 1.000000000 0.000105251 -0.003079842 -0.000035585 -0.000105251 1.000000000 -0.005525374
1.000000000 0.000114220 0.000086965 -0.001039592 -0.000114224 1.000000000 0.000047507 -0.001212910 -0.000086960 -0.000047517 1.000000000 -0.005018038
1.000000000 -0.000107116 -0.000024209 -0.000484601 0.000107118 1.000000000 0.000090155 -0.003840177 0.000024199 -0.000090157 1.000000000 -0.008592951
1.000000000 -0.000088889 -0.000026135 0.000540653 0.000088890 1.000000000 0.000054345 -0.002515162 0.000026130 -0.000054347 1.000000000 -0.006029062
1.000000000 -0.000070072 -0.000022776 0.000620887 0.000070075 1.000000000 0.000095942 -0.002040057 0.000022769 -0.000095944 1.000000000 -0.005969568
0.999999940 -0.000238963 -0.000086128 0.001260212 0.000238979 0.999999940 0.000191569 -0.002558871 0.000086083 -0.000191590 1.000000000 -0.008349123
0.999999940 -0.000256558 -0.000122064 -0.000728596 0.000256574 0.999999940 0.000128118 -0.002732905 0.000122032 -0.000128149 1.000000000 -0.009401307
1.000000000 -0.000169453 0.000024300 0.000020097 0.000169452 1.000000000 0.000052849 -0.001161821 -0.000024309 -0.000052845 1.000000000 -0.008041702
1.000000000 0.000052611 0.000004293 0.002007389 -0.000052612 1.000000000 0.000183909 -0.003745466 -0.000004284 -0.000183910 1.000000000 -0.011639880
1.000000000 -0.000232668 -0.000072809 0.001944860 0.000232679 0.999999940 0.000153596 -0.004811468 0.000072773 -0.000153613 1.000000000 -0.010286557
0.999999940 -0.000260145 -0.000041238 0.002503943 0.000260151 0.999999940 0.000143498 -0.005484031 0.000041201 -0.000143509 1.000000000 -0.012692629
1.000000000 -0.000056298 -0.000031244 0.002928058 0.000056306 0.999999940 0.000242650 -0.005754437 0.000031230 -0.000242651 0.999999940 -0.014054615
1.000000000 0.000027555 0.000050592 -0.000579494 -0.000027560 1.000000000 0.000112744 -0.001097200 -0.000050589 -0.000112745 1.000000000 -0.006742176
0.999999940 -0.000219278 -0.000156396 0.004676079 0.000219304 0.999999940 0.000164953 -0.003443675 0.000156359 -0.000164987 1.000000000 -0.012772320
1.000000000 -0.000207219 -0.000098230 0.003064570 0.000207245 0.999999940 0.000262486 -0.004564426 0.000098176 -0.000262507 0.999999940 -0.010424069
1.000000000 -0.000079537 -0.000134530 0.006011595 0.000079564 1.000000000 0.000204173 -0.003666029 0.000134514 -0.000204184 0.999999940 -0.015910711
1.000000000 -0.000103435 -0.000039910 0.000884548 0.000103444 1.000000000 0.000210648 -0.003238014 0.000039888 -0.000210652 1.000000000 -0.013896599
1.000000000 -0.000087516 -0.000018102 -0.001553862 0.000087519 1.000000000 0.000201169 -0.004810608 0.000018085 -0.000201171 1.000000000 -0.015339077
1.000000000 -0.000117679 0.000007814 -0.001156019 0.000117677 1.000000000 0.000205998 -0.003330992 -0.000007838 -0.000205997 1.000000000 -0.009872456
0.999999940 -0.000220647 -0.000113166 0.000015877 0.000220662 0.999999940 0.000131588 -0.000816849 0.000113137 -0.000131613 1.000000000 -0.008168417
1.000000000 -0.000118583 -0.000121622 0.001749941 0.000118605 1.000000000 0.000181310 -0.002190798 0.000121600 -0.000181324 1.000000000 -0.009110602
1.000000000 -0.000131839 0.000023041 -0.001232514 0.000131836 1.000000000 0.000120859 -0.001598838 -0.000023057 -0.000120856 1.000000000 -0.003104237
0.999999940 -0.000247604 -0.000091996 -0.001722558 0.000247626 0.999999940 0.000234495 -0.002979176 0.000091938 -0.000234518 0.999999940 -0.009663096
0.999999940 -0.000196132 -0.000155824 0.002243105 0.000196173 0.999999940 0.000265634 -0.003639353 0.000155772 -0.000265664 0.999999940 -0.014248085
1.000000000 -0.000032437 -0.000130090 -0.000503970 0.000032448 1.000000000 0.000082978 -0.001463126 0.000130087 -0.000082982 1.000000000 -0.005613762
1.000000000 -0.000078129 -0.000069069 -0.000900646 0.000078134 1.000000000 0.000069453 -0.001370315 0.000069064 -0.000069458 1.000000000 -0.007313887
1.000000000 -0.000223812 -0.000058523 -0.001704945 0.000223812 1.000000000 0.000000918 0.000303426 0.000058523 -0.000000931 1.000000000 -0.011172587
0.999999940 -0.000330204 -0.000212957 0.004673094 0.000330227 0.999999940 0.000108533 -0.001373819 0.000212921 -0.000108604 1.000000000 -0.012240263
1.000000000 -0.000195771 -0.000033380 0.000432997 0.000195772 1.000000000 0.000034261 0.000280593 0.000033373 -0.000034268 1.000000000 -0.007856860
1.000000000 -0.000055164 -0.000076947 -0.000387461 0.000055185 0.999999940 0.000268850 -0.002522175 0.000076932 -0.000268855 0.999999940 -0.012182211
0.999999940 -0.000261861 -0.000248724 0.004947715 0.000261904 0.999999940 0.000171615 -0.006067162 0.000248679 -0.000171680 0.999999940 -0.007050122
1.000000000 -0.000041215 -0.000173886 0.008325732 0.000041133 0.999999881 -0.000471135 -0.008111218 0.000173905 0.000471128 0.999999881 0.042181928
1.000000000 -0.000068676 -0.000185787 0.008202139 0.000068433 0.999999166 -0.001309644 -0.003228518 0.000185877 0.001309631 0.999999106 0.143880561
1.000000000 -0.000105241 -0.000055563 0.004880125 0.000105163 0.999998987 -0.001412573 -0.010106260 0.000055711 0.001412567 0.999998987 0.263962239
0.999999940 -0.000314388 0.000208649 0.001854426 0.000314647 0.999999166 -0.001245629 -0.016287709 -0.000208257 0.001245695 0.999999225 0.384930342
1.000000000 0.000114154 -0.000087837 0.006498919 -0.000114251 0.999999404 -0.001109359 -0.022128562 0.000087710 0.001109369 0.999999404 0.536006868
1.000000000 0.000021775 0.000007682 0.017206544 -0.000021766 0.999999344 -0.001162766 -0.026189920 -0.000007707 0.001162766 0.999999344 0.681646705
0.999999940 0.000121969 0.000275286 0.026567275 -0.000121760 0.999999702 -0.000759853 -0.035617430 -0.000275379 0.000759820 0.999999702 0.852177560
1.000000000 -0.000062066 0.000166863 0.022509463 0.000062161 0.999999821 -0.000569131 -0.038787175 -0.000166828 0.000569141 0.999999821 1.022612810
0.999999762 0.000284602 0.000595681 0.012778739 -0.000284165 0.999999702 -0.000733742 -0.038528521 -0.000595889 0.000733573 0.999999583 1.199948788
0.999999940 0.000169529 0.000327679 0.032054517 -0.000169394 0.999999881 -0.000410521 -0.054240476 -0.000327749 0.000410465 0.999999881 1.418895960
0.999999940 0.000012917 0.000256378 0.036592688 -0.000012748 0.999999762 -0.000657770 -0.056241453 -0.000256387 0.000657766 0.999999762 1.640803456
0.999999940 -0.000304310 0.000167846 0.057785071 0.000304340 0.999999940 -0.000178865 -0.070731983 -0.000167791 0.000178916 0.999999940 1.847292304
0.999997437 -0.002248240 -0.000343774 0.046123382 0.002248556 0.999997020 0.000919355 -0.070098035 0.000341706 -0.000920125 0.999999523 1.937328577
0.999998271 -0.001864544 0.000196505 0.048202936 0.001864397 0.999997973 0.000744583 -0.075838186 -0.000197893 -0.000744216 0.999999702 2.159465075
0.999999344 -0.001132085 0.000391370 0.046083465 0.001131785 0.999999046 0.000765065 -0.077231720 -0.000392236 -0.000764622 0.999999642 2.369520187
0.999998093 -0.001945643 0.000079366 0.054045457 0.001945568 0.999997616 0.000933409 -0.095847018 -0.000081181 -0.000933253 0.999999523 2.640056849
0.999998391 -0.001729125 0.000387032 0.055661786 0.001728649 0.999997735 0.001225889 -0.101080410 -0.000389151 -0.001225218 0.999999166 2.875935555
0.999998331 -0.001811179 0.000200919 0.066478603 0.001810942 0.999997675 0.001169787 -0.106631860 -0.000203038 -0.001169422 0.999999285 3.105858803
0.999998331 -0.001792067 0.000379804 0.061976392 0.001791683 0.999997914 0.001009989 -0.109396845 -0.000381613 -0.001009307 0.999999464 3.365260363
0.999998391 -0.001783332 0.000008016 0.077617556 0.001783322 0.999997795 0.001087327 -0.124069549 -0.000009956 -0.001087311 0.999999404 3.635204554
0.999999046 -0.001337562 -0.000279624 0.085536741 0.001337871 0.999998450 0.001107682 -0.127662793 0.000278142 -0.001108055 0.999999344 3.877488136
0.999997675 -0.002119324 -0.000463048 0.096687555 0.002119879 0.999997020 0.001200491 -0.138006017 0.000460502 -0.001201469 0.999999166 4.150886059
0.999998927 -0.001444018 -0.000158463 0.098074786 0.001444250 0.999997854 0.001475342 -0.142485559 0.000156332 -0.001475570 0.999998868 4.420154572
0.999998808 -0.001503672 -0.000171732 0.105406314 0.001503934 0.999997616 0.001534087 -0.152245954 0.000169425 -0.001534343 0.999998808 4.656364918
0.999998510 -0.001759896 0.000265255 0.100858346 0.001759534 0.999997556 0.001360367 -0.168539762 -0.000267648 -0.001359898 0.999999046 4.999818802
0.999997914 -0.001897487 0.000623634 0.102927893 0.001896762 0.999997616 0.001160197 -0.174337059 -0.000625834 -0.001159012 0.999999106 5.258883953
0.999998510 -0.001672254 0.000313016 0.114119500 0.001671858 0.999997854 0.001259508 -0.180821151 -0.000315121 -0.001258983 0.999999106 5.526821136
0.999998212 -0.001769122 0.000637497 0.114230037 0.001768257 0.999997556 0.001354815 -0.190155655 -0.000639893 -0.001353685 0.999998868 5.774955273
0.999998569 -0.001481587 0.000805430 0.122098438 0.001480419 0.999997914 0.001448413 -0.201273412 -0.000807574 -0.001447218 0.999998689 6.065336227
0.999998271 -0.001809309 0.000368314 0.134379119 0.001808811 0.999997437 0.001348840 -0.208912015 -0.000370753 -0.001348172 0.999998987 6.463168144
0.999997675 -0.002144794 0.000191229 0.137026176 0.002144542 0.999996841 0.001304896 -0.213621199 -0.000194027 -0.001304483 0.999999106 6.746397018
0.999997199 -0.002320488 0.000408774 0.146206707 0.002319959 0.999996424 0.001288973 -0.225840509 -0.000411763 -0.001288021 0.999999106 7.038405418
0.999996126 -0.002708253 0.000596408 0.156276837 0.002707425 0.999995351 0.001386274 -0.228258654 -0.000600160 -0.001384654 0.999998868 7.352076054
0.999996603 -0.002550598 0.000328029 0.167531028 0.002550181 0.999995887 0.001266411 -0.242165342 -0.000331258 -0.001265570 0.999999166 7.645335674
0.999997556 -0.002132867 0.000611348 0.181136906 0.002132004 0.999996722 0.001408708 -0.266452223 -0.000614351 -0.001407401 0.999998808 8.102358818
0.999998271 -0.001740340 0.000749982 0.193027079 0.001738899 0.999996662 0.001918084 -0.279521257 -0.000753318 -0.001916777 0.999997914 8.423345566
0.999996305 -0.002705328 0.000426524 0.189786509 0.002704638 0.999995053 0.001610829 -0.284550488 -0.000430880 -0.001609669 0.999998629 8.740444183
0.999996841 -0.002474443 0.000396411 0.202120125 0.002473810 0.999995708 0.001589021 -0.294512331 -0.000400341 -0.001588035 0.999998689 9.080173492
0.999995708 -0.002842618 0.000727022 0.192718744 0.002841380 0.999994516 0.001697765 -0.297029734 -0.000731844 -0.001695692 0.999998271 9.440006256
0.999997556 -0.002131678 0.000602579 0.224203989 0.002130832 0.999996722 0.001401512 -0.312363327 -0.000605565 -0.001400224 0.999998808 9.880860329
0.999997437 -0.002178557 0.000564693 0.234549284 0.002177767 0.999996603 0.001395557 -0.320188761 -0.000567731 -0.001394324 0.999998868 10.224047661
0.999996960 -0.002460661 0.000345333 0.241540730 0.002460169 0.999996006 0.001417060 -0.323546112 -0.000348818 -0.001416207 0.999998927 10.572495461
0.999997437 -0.002175670 0.000567912 0.246349320 0.002174754 0.999996305 0.001606927 -0.338922441 -0.000571406 -0.001605688 0.999998569 10.951931953
0.999998152 -0.001864361 0.000589926 0.255036443 0.001863321 0.999996781 0.001757985 -0.350112349 -0.000593201 -0.001756882 0.999998271 11.312441826
0.999997497 -0.002237983 0.000129995 0.284563899 0.002237734 0.999995708 0.001884055 -0.352352560 -0.000134211 -0.001883759 0.999998152 11.685545921
0.999998093 -0.001871817 0.000558618 0.287486941 0.001870326 0.999994695 0.002657859 -0.399432242 -0.000563590 -0.002656809 0.999996305 12.201506615
0.999996424 -0.002677595 0.000120295 0.299601465 0.002677307 0.999993682 0.002332804 -0.403770953 -0.000126540 -0.002332473 0.999997258 12.587739944
0.999996006 -0.002837019 0.000265156 0.315102130 0.002836315 0.999992609 0.002618512 -0.416038543 -0.000272583 -0.002617750 0.999996543 12.983741760
0.999998569 -0.001201629 0.001194594 0.308722019 0.001198195 0.999995172 0.002871391 -0.425122142 -0.001198039 -0.002869956 0.999995172 13.334257126
0.999997377 -0.002143067 0.000774374 0.328102499 0.002140630 0.999992788 0.003134202 -0.434870332 -0.000781085 -0.003132536 0.999994755 13.730595589
0.999996781 -0.002507563 0.000333311 0.346888870 0.002506556 0.999992371 0.002986962 -0.444610894 -0.000340799 -0.002986117 0.999995470 14.123126984
0.999998391 -0.001373522 0.001221589 0.340426207 0.001369325 0.999993205 0.003429975 -0.478391528 -0.001226292 -0.003428297 0.999993384 14.534639359
0.999997258 -0.002206003 0.000733296 0.347267032 0.002203569 0.999992132 0.003302309 -0.493451029 -0.000740575 -0.003300684 0.999994218 15.024835587
0.999994993 -0.003128194 0.000531890 0.361420006 0.003126579 0.999990582 0.003010331 -0.508155823 -0.000541302 -0.003008652 0.999995351 15.459063530
0.999994695 -0.003145211 0.000880195 0.370527178 0.003142334 0.999989867 0.003251623 -0.514068604 -0.000890414 -0.003248840 0.999994338 15.894089699
0.999991596 -0.004025992 0.000826247 0.389433652 0.004022715 0.999984264 0.003929425 -0.538921475 -0.000842054 -0.003926069 0.999991953 16.342863083
0.999994218 -0.002945133 0.001731556 0.400168717 0.002938337 0.999988079 0.003914528 -0.550504148 -0.001743064 -0.003909416 0.999990880 16.720237732
0.999994814 -0.002612412 0.001838341 0.388233662 0.002603802 0.999985695 0.004670172 -0.588750541 -0.001850515 -0.004665363 0.999987423 17.213684082
0.999994457 -0.002687438 0.001935526 0.401132584 0.002680071 0.999989212 0.003799046 -0.588949561 -0.001945715 -0.003793838 0.999990880 17.680572510
0.999994934 -0.002170250 0.002301822 0.412651688 0.002161668 0.999990702 0.003724188 -0.597492635 -0.002309883 -0.003719193 0.999990463 18.128841400
0.999994576 -0.002126436 0.002491595 0.420472205 0.002116301 0.999989510 0.004063002 -0.613637090 -0.002500208 -0.004057707 0.999988675 18.594282150
0.999991536 -0.003530400 0.002088133 0.447383761 0.003521326 0.999984384 0.004333199 -0.615324020 -0.002103398 -0.004325809 0.999988496 19.067144394
0.999991417 -0.002641319 0.003207518 0.450496823 0.002627634 0.999987483 0.004263111 -0.626343668 -0.003218738 -0.004254647 0.999985814 19.552673340
0.999990523 -0.003410029 0.002679130 0.448896974 0.003396250 0.999981046 0.005130761 -0.672393024 -0.002696576 -0.005121614 0.999983251 20.035905838
0.999985635 -0.004798580 0.002391925 0.464369863 0.004787118 0.999977171 0.004775013 -0.683846176 -0.002414784 -0.004763495 0.999985754 20.509374619
0.999991536 -0.003267360 0.002503989 0.473258018 0.003255224 0.999982953 0.004835799 -0.696388721 -0.002519747 -0.004827608 0.999985158 21.001337051
0.999989510 -0.003688001 0.002734668 0.476859689 0.003675099 0.999982059 0.004707864 -0.701711893 -0.002751981 -0.004697765 0.999985218 21.541656494
0.999992907 -0.002625867 0.002687440 0.495617539 0.002611299 0.999981999 0.005409818 -0.731750906 -0.002701596 -0.005402762 0.999981761 22.021766663
0.999991655 -0.003613114 0.001909437 0.486900032 0.003603144 0.999979973 0.005198945 -0.738436401 -0.001928184 -0.005192022 0.999984682 22.533849716
0.999990165 -0.004308927 0.001040517 0.511646092 0.004303539 0.999977589 0.005126775 -0.752025604 -0.001062584 -0.005122246 0.999986291 23.049520493
0.999991834 -0.003864091 0.001181299 0.505055606 0.003857884 0.999979019 0.005212240 -0.768208146 -0.001201415 -0.005207640 0.999985695 23.568498611
0.999989688 -0.004468049 0.000846069 0.500692010 0.004463321 0.999974787 0.005510698 -0.783100188 -0.000870671 -0.005506864 0.999984443 24.087068558
0.999988139 -0.004866368 0.000022524 0.506579280 0.004866173 0.999973238 0.005448496 -0.802938461 -0.000049038 -0.005448322 0.999985158 24.669733047
0.999987602 -0.004903620 -0.000878042 0.536149681 0.004908134 0.999974370 0.005214913 -0.813408673 0.000852448 -0.005219157 0.999985993 25.182687759
0.999987185 -0.004631808 -0.002044391 0.548211753 0.004643185 0.999973595 0.005595422 -0.821259379 0.002018420 -0.005604842 0.999982238 25.718984604
0.999988556 -0.004249855 -0.002209432 0.572106838 0.004262830 0.999973476 0.005901451 -0.837995708 0.002184293 -0.005910801 0.999980092 26.242906570
0.999986947 -0.004524910 -0.002344521 0.542763829 0.004538627 0.999972403 0.005878801 -0.866612434 0.002317855 -0.005889366 0.999979973 26.763940811
0.999979377 -0.005656439 -0.003038752 0.557392240 0.005673631 0.999967754 0.005679193 -0.875372410 0.003006530 -0.005696317 0.999979258 27.317256927
0.999965727 -0.007334358 -0.003828682 0.579194963 0.007360002 0.999950290 0.006727362 -0.879416406 0.003779151 -0.006755311 0.999970019 27.880975723
0.999967337 -0.006911369 -0.004188553 0.603519857 0.006940918 0.999950826 0.007081619 -0.918485582 0.004139404 -0.007110461 0.999966204 28.428062439
0.999973774 -0.005670975 -0.004512188 0.581854284 0.005701410 0.999960959 0.006760932 -0.933388174 0.004473670 -0.006786480 0.999966979 29.064628601
0.999978662 -0.004948184 -0.004271775 0.578419924 0.004975834 0.999966562 0.006486538 -0.940887451 0.004239536 -0.006507655 0.999969840 29.550830841
0.999975741 -0.005204023 -0.004634043 0.584649146 0.005236129 0.999962091 0.006943388 -0.963248312 0.004597735 -0.006967483 0.999965191 30.104318619
0.999975324 -0.005172502 -0.004744152 0.593880415 0.005206554 0.999960542 0.007193600 -0.980151057 0.004706756 -0.007218124 0.999962866 30.696447372
0.999969959 -0.005484750 -0.005468586 0.589689136 0.005520856 0.999962866 0.006609363 -0.978666723 0.005432133 -0.006639357 0.999963164 31.209878922
0.999961197 -0.006245585 -0.006215935 0.619380236 0.006291990 0.999952257 0.007474216 -1.017937541 0.006168958 -0.007513036 0.999952734 31.749095917
0.999958098 -0.006067332 -0.006847807 0.634800673 0.006121955 0.999949336 0.007984081 -1.032517791 0.006799018 -0.008025669 0.999944687 32.308387756
0.999956489 -0.006210859 -0.006956765 0.640615106 0.006264424 0.999950767 0.007704622 -1.044673443 0.006908570 -0.007747866 0.999946117 32.835700989
0.999937952 -0.007962205 -0.007797109 0.670743287 0.008025941 0.999934375 0.008177635 -1.070494056 0.007731486 -0.008239708 0.999936104 33.394115448
0.999944389 -0.007321064 -0.007590019 0.655657291 0.007385580 0.999936461 0.008507127 -1.086166978 0.007527256 -0.008562712 0.999935031 33.903450012
0.999938130 -0.007662440 -0.008063965 0.668592870 0.007733077 0.999931633 0.008765187 -1.104446411 0.007996252 -0.008827004 0.999929070 34.442771912
0.999938488 -0.007769153 -0.007917386 0.656132340 0.007837206 0.999932230 0.008600864 -1.113214254 0.007850030 -0.008662385 0.999931693 34.958450317
0.999945998 -0.007015826 -0.007666323 0.659106255 0.007088890 0.999929309 0.009545192 -1.133391380 0.007598814 -0.009599024 0.999925077 35.549057007
0.999936163 -0.007937198 -0.008040241 0.637693644 0.008009622 0.999927282 0.009015926 -1.127330661 0.007968094 -0.009079752 0.999927104 36.040939331
0.999938071 -0.007708641 -0.008030592 0.602830172 0.007773802 0.999936819 0.008114561 -1.133836508 0.007967532 -0.008176486 0.999934852 36.663021088
0.999936938 -0.007562695 -0.008298620 0.598859668 0.007625633 0.999942243 0.007578998 -1.143538356 0.008240822 -0.007641805 0.999936879 37.225112915
0.999953926 -0.005941996 -0.007542228 0.596205831 0.005996987 0.999955475 0.007289429 -1.143395543 0.007498579 -0.007334325 0.999945045 37.766658783
0.999941766 -0.007195501 -0.008046210 0.590325236 0.007262586 0.999938846 0.008339535 -1.173107028 0.007985711 -0.008397485 0.999932826 38.236263275
0.999944329 -0.006866174 -0.008010303 0.607313395 0.006924431 0.999949634 0.007267796 -1.167688131 0.007959995 -0.007322858 0.999941528 38.938236237
0.999932230 -0.007377055 -0.009009287 0.633115888 0.007454589 0.999935269 0.008602871 -1.210474253 0.008945237 -0.008669447 0.999922454 39.417900085
0.999899149 -0.010167878 -0.009924614 0.621234894 0.010262756 0.999901652 0.009556066 -1.253049374 0.009826474 -0.009656956 0.999905109 39.972557068
0.999915421 -0.008750057 -0.009628485 0.677979589 0.008834086 0.999922991 0.008719562 -1.258816719 0.009551447 -0.008803884 0.999915600 40.557037354
0.999919474 -0.008813172 -0.009132221 0.636102557 0.008891832 0.999923408 0.008608975 -1.234928846 0.009055650 -0.008689485 0.999921203 41.011779785
0.999938607 -0.007515588 -0.008150825 0.625043273 0.007587955 0.999931693 0.008884168 -1.261470199 0.008083500 -0.008945472 0.999927342 41.514152527
0.999917328 -0.008271884 -0.009847134 0.669368982 0.008350845 0.999933124 0.008004779 -1.257167459 0.009780262 -0.008086350 0.999919534 42.094154358
0.999902725 -0.009340940 -0.010356847 0.687633753 0.009435995 0.999913514 0.009167568 -1.293317914 0.010270316 -0.009264405 0.999904394 42.648822784
0.999907911 -0.009328616 -0.009867515 0.668624163 0.009421811 0.999911070 0.009440608 -1.297721028 0.009778569 -0.009532709 0.999906719 43.196018219
0.999908328 -0.008801930 -0.010289386 0.678211331 0.008892242 0.999921978 0.008764642 -1.305459499 0.010211437 -0.008855334 0.999908686 43.745979309
0.999892175 -0.009478563 -0.011220615 0.702859282 0.009580947 0.999912620 0.009106390 -1.314084291 0.011133319 -0.009212912 0.999895632 44.295959473
0.999925673 -0.008296683 -0.008936157 0.686367631 0.008384442 0.999916494 0.009828313 -1.354129195 0.008853867 -0.009902508 0.999911785 44.830657959
0.999919355 -0.008973225 -0.008986549 0.671510935 0.009051648 0.999921024 0.008724288 -1.325344920 0.008907552 -0.008804928 0.999921620 45.354896545
0.999901474 -0.009792948 -0.010052114 0.710319221 0.009892019 0.999902546 0.009853902 -1.351188660 0.009954635 -0.009952370 0.999900937 45.648445129
0.999904037 -0.009328339 -0.010246689 0.722435117 0.009419407 0.999916255 0.008875497 -1.350537658 0.010163036 -0.008971162 0.999908149 46.209423065
0.999899626 -0.009713564 -0.010322415 0.729626656 0.009816987 0.999901712 0.010016141 -1.367539525 0.010224106 -0.010116470 0.999896586 46.727409363
0.999911904 -0.008904832 -0.009848750 0.724471509 0.008999966 0.999912858 0.009657511 -1.378850937 0.009761893 -0.009745301 0.999904871 47.235534668
0.999911487 -0.008586712 -0.010167552 0.732369304 0.008672522 0.999926984 0.008425811 -1.347303510 0.010094457 -0.008513244 0.999912858 47.787082672
0.999883771 -0.009735169 -0.011737496 0.780917823 0.009849268 0.999904454 0.009702591 -1.410299063 0.011641917 -0.009817068 0.999884069 48.379924774
0.999903142 -0.009169904 -0.010480848 0.767231226 0.009281568 0.999900162 0.010655523 -1.411619663 0.010382091 -0.010751771 0.999888301 48.667957306
0.999901056 -0.009257541 -0.010591173 0.775445819 0.009370931 0.999898791 0.010707041 -1.427527666 0.010490980 -0.010805231 0.999886572 49.202079773
0.999899209 -0.009317690 -0.010714798 0.779520929 0.009425479 0.999904990 0.010053679 -1.434990644 0.010620104 -0.010153659 0.999891996 49.751621246
0.999894142 -0.009849530 -0.010711730 0.792570889 0.009958387 0.999898791 0.010156834 -1.439695001 0.010610607 -0.010262432 0.999891043 50.312263489
0.999880314 -0.010687441 -0.011186011 0.783660352 0.010801923 0.999889433 0.010224542 -1.459060907 0.011075500 -0.010344149 0.999885142 50.880290985
0.999905825 -0.009414027 -0.009994868 0.745550573 0.009527306 0.999890208 0.011347111 -1.484379768 0.009886950 -0.011441269 0.999885619 51.418586731
0.999888897 -0.010012449 -0.011034967 0.803968668 0.010133015 0.999888897 0.010924616 -1.470612884 0.010924361 -0.011035222 0.999879420 51.748249054
0.999890924 -0.009630806 -0.011194926 0.798567653 0.009755801 0.999890029 0.011164945 -1.482083440 0.011086171 -0.011272945 0.999874949 52.290203094
0.999898612 -0.009401999 -0.010691470 0.799834907 0.009508739 0.999904990 0.009977113 -1.481734037 0.010596651 -0.010077765 0.999893010 52.837039948
0.999875188 -0.010884936 -0.011441210 0.823078394 0.010998406 0.999890506 0.009901906 -1.486006737 0.011332176 -0.010026507 0.999885499 53.407386780
0.999884546 -0.010241129 -0.011223149 0.792158067 0.010364406 0.999885917 0.010981462 -1.522618771 0.011109405 -0.011096515 0.999876738 53.724048615
0.999887824 -0.010415046 -0.010765432 0.799050927 0.010542318 0.999874413 0.011833882 -1.538109779 0.010640830 -0.011946048 0.999872088 54.257961273
0.999883592 -0.010471179 -0.011100465 0.778601944 0.010592404 0.999884248 0.010918612 -1.538565874 0.010984850 -0.011034919 0.999878824 54.778022766
0.999882519 -0.010093231 -0.011535014 0.817442417 0.010218824 0.999888599 0.010881513 -1.555349827 0.011423900 -0.010998110 0.999874294 55.321487427
0.999893069 -0.009621015 -0.011015704 0.799430668 0.009736291 0.999897897 0.010459252 -1.547276258 0.010913950 -0.010565385 0.999884665 55.845180511
0.999889135 -0.010295727 -0.010755033 0.790503204 0.010415776 0.999883413 0.011166242 -1.591997623 0.010638814 -0.011277025 0.999879837 56.329540253
0.999890804 -0.010168575 -0.010723920 0.799657226 0.010299152 0.999872625 0.012192087 -1.603665352 0.010598578 -0.012301202 0.999868155 56.584480286
0.999891698 -0.010014036 -0.010785557 0.808757305 0.010149226 0.999869704 0.012553386 -1.611100912 0.010658442 -0.012661492 0.999863029 57.119327545
0.999892414 -0.010186025 -0.010553063 0.813746095 0.010300623 0.999887943 0.010862314 -1.612632871 0.010441236 -0.010969849 0.999885321 57.693683624
0.999905944 -0.009576822 -0.009818176 0.809147894 0.009689583 0.999886930 0.011502382 -1.625505924 0.009706909 -0.011596436 0.999885619 58.255729675
0.999879837 -0.010894928 -0.011030022 0.863394558 0.011012394 0.999882758 0.010645482 -1.609402895 0.010912745 -0.010765668 0.999882519 58.750381470
0.999886215 -0.010267607 -0.011046348 0.818372667 0.010400884 0.999872923 0.012076201 -1.648107290 0.010920951 -0.012189720 0.999866009 59.007663727
0.999895751 -0.009969581 -0.010435468 0.827762604 0.010094611 0.999877036 0.011997899 -1.661624193 0.010314571 -0.012101991 0.999873579 59.551856995
0.999898314 -0.009702888 -0.010456278 0.830295622 0.009824611 0.999883831 0.011653169 -1.649322510 0.010341995 -0.011754714 0.999877393 60.102451324
0.999900699 -0.009751173 -0.010181373 0.830847144 0.009864952 0.999888718 0.011185370 -1.661389112 0.010071171 -0.011284696 0.999885619 60.629909515
0.999884188 -0.010465239 -0.011050359 0.848903179 0.010601266 0.999867797 0.012323691 -1.679419994 0.010919929 -0.012439412 0.999862969 60.894638062
0.999893129 -0.010200977 -0.010479495 0.845279276 0.010328603 0.999872208 0.012197436 -1.689541459 0.010353732 -0.012304370 0.999870658 61.432277679
0.999886394 -0.010369871 -0.010940715 0.870524108 0.010495539 0.999878883 0.011492068 -1.686610460 0.010820219 -0.011605591 0.999874055 61.952594757
0.999889553 -0.010075206 -0.010922180 0.879496515 0.010200494 0.999882102 0.011476589 -1.678576231 0.010805266 -0.011586733 0.999874473 62.434307098
0.999885976 -0.010222290 -0.011110922 0.854381144 0.010357430 0.999872267 0.012174241 -1.721856236 0.010985053 -0.012287936 0.999864161 62.841567993
0.999900937 -0.009066205 -0.010770058 0.856848001 0.009198505 0.999882102 0.012298856 -1.728905916 0.010657285 -0.012396705 0.999866366 63.393814087
0.999890864 -0.010094755 -0.010791824 0.853929937 0.010225073 0.999874592 0.012089237 -1.734867334 0.010668433 -0.012198266 0.999868631 63.936138153
0.999899209 -0.009413170 -0.010635788 0.872644067 0.009537520 0.999886036 0.011702060 -1.748103380 0.010524423 -0.011802319 0.999874949 64.477203369
0.999884367 -0.010187101 -0.011295218 0.932565749 0.010306846 0.999890745 0.010594320 -1.707120180 0.011186060 -0.010709512 0.999880016 64.961318970
0.999866962 -0.011546738 -0.011520484 0.876805067 0.011689495 0.999854743 0.012402277 -1.760670185 0.011375604 -0.012535296 0.999856710 65.232948303
0.999879003 -0.010762966 -0.011234127 0.877330482 0.010894134 0.999872386 0.011680689 -1.769955873 0.011106975 -0.011801662 0.999868691 65.778732300
0.999884903 -0.010250613 -0.011187504 0.886290133 0.010386896 0.999871731 0.012192586 -1.786106110 0.011061086 -0.012307387 0.999863088 66.313575745
0.999895692 -0.009788558 -0.010617196 0.874818742 0.009918189 0.999875963 0.012226378 -1.804197550 0.010496200 -0.012330405 0.999868870 66.795928955
0.999892890 -0.010193741 -0.010499632 0.872884095 0.010317868 0.999876678 0.011836440 -1.803182602 0.010377681 -0.011943509 0.999874830 67.307762146
0.999878049 -0.010938816 -0.011144252 0.876107693 0.011084708 0.999852538 0.013114730 -1.823754191 0.010999149 -0.013236661 0.999851882 67.665557861
0.999889731 -0.009952042 -0.011023113 0.879968107 0.010093645 0.999866247 0.012865736 -1.833118796 0.010893598 -0.012975577 0.999856412 68.214195251
0.999879837 -0.010693579 -0.011222612 0.902041137 0.010839417 0.999856591 0.013015694 -1.846186638 0.011081818 -0.013135778 0.999852300 68.735015869
0.999890089 -0.010142067 -0.010810236 0.899480522 0.010277200 0.999868810 0.012518985 -1.850771070 0.010681850 -0.012628706 0.999863207 69.245605469
0.999885738 -0.010457055 -0.010918513 0.912337780 0.010588557 0.999871254 0.012056434 -1.845662355 0.010791034 -0.012170668 0.999867678 69.781188965
0.999884903 -0.010337683 -0.011105162 0.927797139 0.010487341 0.999853909 0.013503924 -1.878505468 0.010963939 -0.013618834 0.999847174 70.088958740
0.999888837 -0.010097687 -0.010976226 0.933416069 0.010240097 0.999863088 0.012996595 -1.888027787 0.010843487 -0.013107546 0.999855340 70.638114929
0.999884665 -0.010223326 -0.011233211 0.941144943 0.010365080 0.999866486 0.012634195 -1.892063737 0.011102546 -0.012749169 0.999857068 71.215248108
0.999892175 -0.009991697 -0.010765029 0.929450333 0.010124152 0.999872863 0.012320818 -1.899207711 0.010640554 -0.012428475 0.999866128 71.750167847
0.999906182 -0.009195406 -0.010146736 0.933776557 0.009324950 0.999874592 0.012794624 -1.915717006 0.010027813 -0.012888041 0.999866664 72.417114258
0.999882996 -0.010777553 -0.010857507 0.940575421 0.010923936 0.999848962 0.013514345 -1.924581170 0.010710216 -0.013631369 0.999849737 72.577178955
0.999895275 -0.009868724 -0.010586365 0.942455947 0.010008479 0.999862313 0.013230637 -1.929078579 0.010454342 -0.013335205 0.999856412 73.117378235
0.999900401 -0.009477057 -0.010464176 0.914176464 0.009618273 0.999862254 0.013528355 -1.939312220 0.010334525 -0.013627655 0.999853671 73.655830383
0.999891520 -0.009905847 -0.010905156 0.999031365 0.010050410 0.999861240 0.013282443 -1.971537352 0.010772069 -0.013390603 0.999852300 74.130020142
0.999875128 -0.011203893 -0.011156616 0.976974189 0.011349022 0.999850631 0.013030920 -1.942885160 0.011008954 -0.013155908 0.999852836 74.519020081
0.999875188 -0.011262777 -0.011077651 0.972473085 0.011410352 0.999845743 0.013350045 -1.963115096 0.010925584 -0.013474780 0.999849498 75.042083740
0.999868035 -0.011554747 -0.011427555 0.993262708 0.011710256 0.999838471 0.013636220 -1.967198133 0.011268146 -0.013768239 0.999841690 75.533241272
0.999868691 -0.011690401 -0.011223583 0.980214536 0.011831014 0.999851286 0.012544750 -1.951214075 0.011075262 -0.012675891 0.999858320 76.129669189
0.999890268 -0.010433462 -0.010515481 0.971066177 0.010575010 0.999853015 0.013496336 -1.970877528 0.010373122 -0.013606056 0.999853611 76.481597900
0.999890268 -0.010393245 -0.010552065 0.973872304 0.010528908 0.999861598 0.012883562 -1.973809958 0.010416702 -0.012993249 0.999861300 77.043197632
0.999885678 -0.010491686 -0.010885347 1.014484167 0.010626941 0.999866188 0.012442958 -1.980680943 0.010753344 -0.012557215 0.999863267 77.606590271
0.999905527 -0.010452961 -0.008917035 0.955788434 0.010567462 0.999861062 0.012891851 -1.981678367 0.008781037 -0.012984864 0.999877155 78.055053711
0.999917328 -0.010364617 -0.007601489 0.958930552 0.010458208 0.999868691 0.012377581 -1.987294912 0.007472205 -0.012456055 0.999894500 78.610527039
0.999925733 -0.010347824 -0.006431397 0.967362702 0.010425689 0.999871314 0.012193729 -1.997116446 0.006304392 -0.012259874 0.999904990 79.191589355
0.999945998 -0.009358831 -0.004526962 0.961592197 0.009416331 0.999873102 0.012851384 -2.000642776 0.004406114 -0.012893319 0.999907196 79.715316772
0.999948263 -0.009903660 -0.002317211 0.969487429 0.009932986 0.999866068 0.013006144 -2.024414539 0.002188093 -0.013028488 0.999912679 80.080978394
0.999952197 -0.009649620 0.001568985 0.981437445 0.009627433 0.999861479 0.013581396 -2.027276754 -0.001699822 -0.013565642 0.999906540 80.622467041
0.999947369 -0.009201656 0.004533440 1.009709477 0.009141391 0.999871910 0.013139457 -2.035463810 -0.004653763 -0.013097325 0.999903321 81.167350769
0.999917865 -0.009614793 0.008478125 1.036401510 0.009503893 0.999869883 0.013025379 -2.030832529 -0.008602260 -0.012943733 0.999879181 81.686485291
0.999861300 -0.007342863 0.014947156 1.066469908 0.007134255 0.999877036 0.013962200 -2.083274841 -0.015047843 -0.013853626 0.999790728 82.181549072
0.999737024 -0.008510237 0.021295596 1.083193660 0.008204346 0.999862492 0.014410462 -2.084589005 -0.021415301 -0.014231956 0.999669313 82.656738281
0.999592006 -0.009098972 0.027072851 1.038303375 0.008715024 0.999860227 0.014266345 -2.087034702 -0.027198875 -0.014024585 0.999531627 83.106925964
0.999325871 -0.008901325 0.035615638 1.077113986 0.008400135 0.999863923 0.014197154 -2.089401722 -0.035737164 -0.013888407 0.999264717 83.658943176
0.998996735 -0.008907320 0.043886926 1.125916243 0.008296567 0.999866545 0.014079018 -2.102486134 -0.044006474 -0.013700783 0.998937249 84.186828613
0.998672843 -0.009336788 0.050648212 1.166241884 0.008661700 0.999870896 0.013532084 -2.097960949 -0.050768025 -0.013075428 0.998624861 84.747306824
0.998166323 -0.009358121 0.059804864 1.213392258 0.008580325 0.999875307 0.013249186 -2.105919838 -0.059921406 -0.012711747 0.998122156 85.308906555
0.997529209 -0.010590062 0.069450371 1.294655323 0.009715987 0.999869406 0.012911357 -2.059694767 -0.069578029 -0.012204678 0.997501850 85.788719177
0.996908128 -0.010114698 0.077922121 1.396203518 0.009038107 0.999858916 0.014156550 -2.127316952 -0.078054316 -0.013408512 0.996858895 86.232231140
0.996194363 -0.009672517 0.086621858 1.439790726 0.008516405 0.999869823 0.013706273 -2.103125095 -0.086743161 -0.012916405 0.996146977 86.843505859
0.995281219 -0.009273174 0.096588083 1.555370808 0.007993404 0.999875188 0.013628305 -2.134507656 -0.096702412 -0.012791928 0.995231152 87.360702515
0.994335115 -0.012052638 0.105605066 1.581257343 0.010649349 0.999847412 0.013841948 -2.142250776 -0.105755791 -0.012638909 0.994311810 87.546440125
0.993214905 -0.011240017 0.115749441 1.653224945 0.009657379 0.999852180 0.014224726 -2.157179356 -0.115892217 -0.013010375 0.993176579 88.086730957
0.991957605 -0.011864810 0.126013607 1.754738808 0.010164410 0.999848485 0.014128252 -2.156207085 -0.126162156 -0.012733772 0.991927981 88.636688232
0.990175009 -0.009730772 0.139495283 1.830554962 0.007832421 0.999869168 0.014151255 -2.169353724 -0.139614731 -0.012919632 0.990121663 89.198074341
0.988621533 -0.010806547 0.150035784 1.935441971 0.008795073 0.999862373 0.014063733 -2.174643993 -0.150167122 -0.012584135 0.988580525 89.744560242
0.987144470 -0.011574715 0.159410626 2.034852982 0.009504536 0.999860406 0.013742806 -2.177618027 -0.159547418 -0.012051012 0.987116754 90.298683167
0.985319078 -0.013651942 0.170176387 2.188690186 0.011430626 0.999836266 0.014026008 -2.216226816 -0.170340002 -0.011874870 0.985313833 90.636749268
0.983031988 -0.013424877 0.182942152 2.205636978 0.011011729 0.999838471 0.014200271 -2.153426170 -0.183103263 -0.011944811 0.983021259 91.184761047
0.980988562 -0.014097054 0.193552822 2.335656166 0.011595935 0.999834061 0.014049058 -2.160238504 -0.193718776 -0.011537542 0.980989337 91.718063354
0.978378475 -0.014295020 0.206327945 2.477575302 0.011696509 0.999836206 0.013808439 -2.162695408 -0.206491545 -0.011096563 0.978385568 92.258071899
0.975334883 -0.014077112 0.220280513 2.609462738 0.011175532 0.999833703 0.014412905 -2.173598289 -0.220446751 -0.011595660 0.975330174 92.766128540
0.972596347 -0.014689635 0.232035413 2.764749527 0.011677582 0.999828756 0.014349301 -2.191651344 -0.232206494 -0.011246465 0.972601533 93.319625854
0.969555378 -0.013678256 0.244489565 2.899793625 0.010542195 0.999844491 0.014131027 -2.118669271 -0.244644836 -0.011123357 0.969549060 93.784416199
0.965889275 -0.013367562 0.258609951 3.063741684 0.009946502 0.999844909 0.014532577 -2.128336668 -0.258764148 -0.011464599 0.965872467 94.312850952
0.962318242 -0.012880974 0.271620810 3.232471466 0.009353627 0.999854326 0.014277006 -2.133747578 -0.271765113 -0.011198385 0.962298393 94.829246521
0.959572554 -0.015261602 0.281046957 3.432468414 0.011592030 0.999824464 0.014714718 -2.156732082 -0.281222194 -0.010861938 0.959581137 95.313850403
0.955141425 -0.014953194 0.295772314 3.616806030 0.011182252 0.999833167 0.014437014 -2.156139612 -0.295938879 -0.010481990 0.955149412 95.946456909
0.950665176 -0.016180350 0.309796423 3.732028961 0.012080866 0.999812245 0.015146895 -2.144678116 -0.309983373 -0.010657016 0.950682223 96.291580200
0.947076857 -0.016969571 0.320557773 3.949167252 0.013012991 0.999810517 0.014481151 -2.142574787 -0.320742756 -0.009543352 0.947118223 96.812705994
0.942543805 -0.016270403 0.333686143 4.144189835 0.011913338 0.999815106 0.015099672 -2.151604891 -0.333870023 -0.010256789 0.942563295 97.329658508
0.937641084 -0.016552990 0.347210705 4.368143082 0.012039479 0.999812722 0.015152712 -2.165851116 -0.347396463 -0.010027568 0.937664688 97.864151001
0.932913184 -0.018560754 0.359622866 4.585201263 0.013882829 0.999782145 0.015586435 -2.186765671 -0.359833777 -0.009548207 0.932967544 98.412078857
0.928675056 -0.018820506 0.370416790 4.827455521 0.014173967 0.999783099 0.015262314 -2.175583839 -0.370623648 -0.008923455 0.928740263 98.900764465
0.922420740 -0.017437976 0.385792345 5.035879135 0.012321930 0.999800324 0.015729936 -2.160516262 -0.385989577 -0.009755912 0.922451556 99.365524292
0.916759610 -0.016653581 0.399091929 5.276000977 0.011281713 0.999811351 0.015805436 -2.169865608 -0.399279892 -0.009987347 0.916774690 99.862846375
0.912205040 -0.018524507 0.409314901 5.525997162 0.013068331 0.999784529 0.016123334 -2.170859814 -0.409525365 -0.009358726 0.912250698 100.359420776
0.907002211 -0.018592093 0.420714945 5.786605835 0.013276688 0.999790788 0.015559746 -2.162764788 -0.420916200 -0.008527024 0.907059431 100.863121033
0.900562942 -0.019693736 0.434279025 6.041347504 0.014132026 0.999771476 0.016032223 -2.191665173 -0.434495568 -0.008300784 0.900635779 101.334213257
0.894422174 -0.019145213 0.446813673 6.299110413 0.013264465 0.999779403 0.016286338 -2.185726643 -0.447026849 -0.008640117 0.894478798 101.837493896
0.888901234 -0.020124286 0.457656562 6.572422028 0.013968238 0.999760807 0.016831590 -2.194193840 -0.457885742 -0.008568965 0.888969719 102.311019897
0.881558716 -0.019948969 0.471652627 6.854122162 0.013637263 0.999765933 0.016796790 -2.197816610 -0.471877337 -0.008375305 0.881624520 102.806701660
0.874784231 -0.020086212 0.484096169 7.167053223 0.013595779 0.999764442 0.016914221 -2.199730635 -0.484321922 -0.008214626 0.874851286 103.298919678
