1.000000000 0.000000000 0.000000000 0.000000000 0.000000000 1.000000000 0.000000000 0.000000000 0.000000000 0.000000000 1.000000000 0.000000000
1.000000000 0.000019931 0.000031903 0.000326489 -0.000019935 1.000000000 0.000114704 -0.000589997 -0.000031901 -0.000114705 1.000000000 -0.000340897
1.000000000 0.000065009 -0.000119548 0.001043969 -0.000065003 1.000000000 0.000054696 -0.000656385 0.000119552 -0.000054688 1.000000000 -0.000803762
1.000000000 0.000010318 -0.000030064 0.000053547 -0.000010317 1.000000000 0.000050584 -0.000552337 0.000030064 -0.000050584 1.000000000 0.000326414
1.000000000 0.000076822 -0.000023892 -0.000479053 -0.000076822 1.000000000 0.000009495 -0.000053133 0.000023893 -0.000009493 1.000000000 -0.000487247
1.000000000 0.000050275 -0.000083386 -0.000109653 -0.000050277 1.000000000 -0.000028709 -0.000137489 0.000083385 0.000028713 1.000000000 -0.000454110
1.000000000 0.000058039 -0.000094086 0.000750727 -0.000058041 1.000000000 -0.000028328 -0.000579473 0.000094084 0.000028333 1.000000000 -0.001421396
1.000000000 -0.000015438 -0.000078609 0.001052103 0.000015433 1.000000000 -0.000063465 0.000243822 0.000078610 0.000063464 1.000000000 -0.000332561
1.000000000 -0.000083683 0.000065652 0.000526358 0.000083683 1.000000000 0.000000628 -0.000696770 -0.000065652 -0.000000623 1.000000000 -0.002156322
1.000000000 -0.000237478 -0.000054049 0.001058114 0.000237473 0.999999940 -0.000103176 0.001324728 0.000054074 0.000103163 1.000000000 0.002474660
1.000000000 -0.000158509 -0.000093533 0.000877079 0.000158509 1.000000000 -0.000002341 -0.000301147 0.000093533 0.000002327 1.000000000 0.001040557
1.000000000 -0.000007710 0.000073556 -0.000732757 0.000007723 1.000000000 -0.000176893 0.002026258 -0.000073555 0.000176894 1.000000000 0.002932400
1.000000000 -0.000119477 0.000006517 -0.000575603 0.000119477 1.000000000 0.000060615 0.000300583 -0.000006524 -0.000060614 1.000000000 0.001654324
1.000000000 -0.000080881 0.000023545 -0.000373640 0.000080878 1.000000000 0.000099226 -0.000023122 -0.000023553 -0.000099224 1.000000000 0.001314725
1.000000000 -0.000175410 -0.000136800 0.000962434 0.000175420 1.000000000 0.000075036 -0.000686311 0.000136787 -0.000075060 1.000000000 0.000166650
1.000000000 0.000007186 -0.000050355 -0.000245002 -0.000007186 1.000000000 -0.000004652 -0.000379883 0.000050355 0.000004652 1.000000000 -0.000524791
0.999999940 0.000203833 0.000177919 -0.001842907 -0.000203846 1.000000000 0.000072154 -0.000329093 -0.000177905 -0.000072191 1.000000000 0.000346472
1.000000000 -0.000025678 -0.000156231 0.000414662 0.000025659 1.000000000 -0.000125452 0.000748599 0.000156234 0.000125448 1.000000000 0.000447669
1.000000000 -0.000181401 -0.000008463 0.000209613 0.000181401 1.000000000 -0.000010752 -0.000179451 0.000008464 0.000010751 1.000000000 0.000668082
1.000000000 0.000030705 0.000124061 -0.000406499 -0.000030705 1.000000000 0.000000610 -0.000079508 -0.000124061 -0.000000613 1.000000000 0.001019502
1.000000000 0.000073125 0.000056011 -0.001190218 -0.000073122 1.000000000 -0.000056391 0.000585976 -0.000056015 0.000056387 1.000000000 0.001816904
1.000000000 -0.000081255 -0.000047734 0.000049021 0.000081255 1.000000000 -0.000002525 0.000481156 0.000047734 0.000002521 1.000000000 0.000224287
1.000000000 -0.000050724 -0.000025514 0.000913955 0.000050725 1.000000000 0.000026581 0.000199824 0.000025512 -0.000026582 1.000000000 0.001569679
1.000000000 0.000027496 0.000160308 -0.000743181 -0.000027491 1.000000000 -0.000031962 0.001094942 -0.000160309 0.000031958 1.000000000 0.000271248
1.000000000 -0.000092667 -0.000097752 0.001159858 0.000092664 1.000000000 -0.000030476 0.000604381 0.000097754 0.000030467 1.000000000 0.000861331
1.000000000 -0.000010351 -0.000030012 0.000006147 0.000010346 1.000000000 -0.000146168 0.001071068 0.000030014 0.000146168 1.000000000 0.000212906
1.000000000 0.000053803 0.000062993 -0.000558693 -0.000053796 1.000000000 -0.000114063 -0.000288398 -0.000062999 0.000114060 1.000000000 -0.001486296
1.000000000 0.000005009 -0.000046405 -0.000039523 -0.000005015 1.000000000 -0.000127863 0.000820725 0.000046405 0.000127863 1.000000000 0.000318760
1.000000000 -0.000041339 -0.000026170 -0.001041975 0.000041338 1.000000000 -0.000018325 0.001518873 0.000026171 0.000018324 1.000000000 0.002567484
1.000000000 0.000035854 0.000170620 -0.001689927 -0.000035845 1.000000000 -0.000055638 0.001282997 -0.000170622 0.000055632 1.000000000 0.001837739
1.000000000 -0.000113483 -0.000044499 0.000246383 0.000113484 1.000000000 0.000001942 0.000434964 0.000044499 -0.000001947 1.000000000 -0.000255322
1.000000000 0.000000843 0.000068561 -0.001484499 -0.000000844 1.000000000 0.000020084 0.000503792 -0.000068561 -0.000020084 1.000000000 0.002052897
1.000000000 -0.000015085 0.000103599 -0.001171326 0.000015094 1.000000000 -0.000078616 0.000740129 -0.000103598 0.000078617 1.000000000 0.002473676
1.000000000 -0.000071829 0.000022479 -0.000638091 0.000071829 1.000000000 -0.000009972 0.000979042 -0.000022478 0.000009974 1.000000000 0.001804224
1.000000000 -0.000025584 0.000115622 -0.001430634 0.000025594 1.000000000 -0.000087965 0.002250211 -0.000115620 0.000087968 1.000000000 0.003759012
1.000000000 0.000099111 0.000169287 -0.002426767 -0.000099096 1.000000000 -0.000085360 0.002570860 -0.000169296 0.000085344 1.000000000 0.003506733
1.000000000 -0.000211608 0.000053529 -0.000758924 0.000211606 1.000000000 0.000027322 0.000753638 -0.000053535 -0.000027311 1.000000000 0.001874626
1.000000000 -0.000043927 0.000075234 -0.001177749 0.000043922 1.000000000 0.000062164 0.000839252 -0.000075237 -0.000062161 1.000000000 0.001585404
1.000000000 -0.000122129 0.000017500 -0.000572809 0.000122130 1.000000000 -0.000035626 0.001330686 -0.000017496 0.000035628 1.000000000 0.002049318
0.999999940 -0.000010445 0.000259530 -0.001903253 0.000010440 1.000000000 0.000016437 -0.000339711 -0.000259530 -0.000016434 0.999999940 0.002143333
0.999999940 -0.000103797 0.000329861 -0.001568685 0.000104022 0.999999762 -0.000682901 -0.001761494 -0.000329790 0.000682936 0.999999702 0.052597154
0.999999940 0.000169566 0.000215097 -0.000238037 -0.000169293 0.999999166 -0.001268358 -0.004538572 -0.000215312 0.001268322 0.999999166 0.134469002
0.999999881 0.000465661 0.000021965 0.003095973 -0.000465627 0.999998748 -0.001498590 -0.003737604 -0.000022663 0.001498579 0.999998868 0.254706919
0.999999940 0.000294684 0.000065737 0.004111929 -0.000294605 0.999999225 -0.001201205 -0.013526416 -0.000066091 0.001201185 0.999999285 0.382440746
0.999999940 0.000355376 0.000123610 0.007457707 -0.000355243 0.999999344 -0.001076276 -0.016751260 -0.000123993 0.001076232 0.999999404 0.527387619
1.000000000 0.000041034 -0.000020554 0.014431921 -0.000041059 0.999999285 -0.001196008 -0.019498479 0.000020505 0.001196009 0.999999285 0.682817876
1.000000000 0.000058243 0.000191891 0.016548993 -0.000058039 0.999999404 -0.001062824 -0.020638917 -0.000191953 0.001062813 0.999999404 0.852438927
0.999999881 0.000434796 0.000226788 0.016294172 -0.000434641 0.999999702 -0.000682114 -0.028438397 -0.000227085 0.000682016 0.999999762 1.016633630
1.000000000 0.000083827 0.000166869 0.020678524 -0.000083789 1.000000000 -0.000225924 -0.035777625 -0.000166888 0.000225910 0.999999940 1.189609647
1.000000000 0.000171154 0.000101917 0.021087993 -0.000171099 0.999999821 -0.000535471 -0.036408346 -0.000102009 0.000535454 0.999999881 1.377158523
0.999999881 0.000462784 -0.000021380 0.027334532 -0.000462794 0.999999762 -0.000452586 -0.043472640 0.000021171 0.000452596 0.999999881 1.585629821
0.999999344 0.000847763 0.000743520 0.024824530 -0.000847410 0.999999523 -0.000474891 -0.046746254 -0.000743923 0.000474261 0.999999583 1.768313408
0.999999881 0.000446730 0.000080878 0.040155351 -0.000446692 0.999999821 -0.000463286 -0.049399927 -0.000081085 0.000463249 0.999999881 1.963428736
0.999999344 0.000765973 0.000878593 0.029503765 -0.000765224 0.999999344 -0.000851900 -0.048921466 -0.000879245 0.000851227 0.999999225 2.184124470
0.999999285 0.000725066 0.000947243 0.030868068 -0.000724540 0.999999583 -0.000555366 -0.064892761 -0.000947645 0.000554680 0.999999404 2.386676311
0.999999523 0.000925872 -0.000380747 0.056573391 -0.000925924 0.999999583 -0.000134417 -0.079896338 0.000380623 0.000134769 0.999999940 2.602697134
0.999999881 0.000502842 0.000112245 0.060791958 -0.000502861 0.999999940 0.000167149 -0.091801807 -0.000112161 -0.000167206 1.000000000 2.823193073
0.999998987 0.001359918 -0.000418305 0.065475740 -0.001359954 0.999998987 -0.000087470 -0.092610583 0.000418186 0.000088039 0.999999821 3.058401823
0.999999166 0.001070727 -0.000645608 0.075102627 -0.001071002 0.999999344 -0.000425922 -0.096353777 0.000645152 0.000426613 0.999999642 3.294618607
0.999999583 0.000672387 -0.000548234 0.080457218 -0.000672366 0.999999702 0.000038368 -0.110173844 0.000548260 -0.000037999 0.999999762 3.529088497
0.999999702 0.000620273 -0.000465809 0.082370758 -0.000620348 0.999999821 -0.000160901 -0.111735381 0.000465709 0.000161190 0.999999821 3.803094387
0.999999642 0.000577950 -0.000443259 0.084495306 -0.000578138 0.999999762 -0.000424267 -0.116262630 0.000443014 0.000424523 0.999999762 4.065153122
0.999999464 0.000950902 -0.000357385 0.088718154 -0.000950880 0.999999642 0.000063377 -0.124585181 0.000357445 -0.000063037 0.999999881 4.315340042
0.999999821 0.000667274 -0.000226853 0.093028091 -0.000667259 0.999999881 0.000063958 -0.128668532 0.000226896 -0.000063806 0.999999940 4.565584660
0.999999285 0.001118260 -0.000383178 0.103771083 -0.001118385 0.999999344 -0.000324469 -0.133000299 0.000382815 0.000324897 0.999999881 4.838900089
0.999999344 0.001045896 -0.000366583 0.106024921 -0.001046098 0.999999285 -0.000552215 -0.136107460 0.000366006 0.000552598 0.999999762 5.103768349
0.999999166 0.001250275 -0.000062045 0.110387146 -0.001250312 0.999999046 -0.000602100 -0.147623524 0.000061292 0.000602177 0.999999821 5.361165047
0.999999166 0.001274869 -0.000194274 0.118303970 -0.001274918 0.999999166 -0.000255880 -0.154371038 0.000193948 0.000256128 0.999999940 5.637545586
0.999998868 0.001446667 -0.000182509 0.121498495 -0.001446691 0.999998927 -0.000134692 -0.163447529 0.000182314 0.000134956 1.000000000 5.904748440
0.999999344 0.001128183 -0.000295751 0.130907387 -0.001128261 0.999999344 -0.000264394 -0.170198128 0.000295452 0.000264728 0.999999940 6.184582710
0.999999046 0.001289968 -0.000479384 0.139164135 -0.001289898 0.999999166 0.000147562 -0.183602929 0.000479574 -0.000146943 0.999999881 6.457458496
0.999999404 0.000807023 -0.000708549 0.145924762 -0.000807074 0.999999702 -0.000071298 -0.191797465 0.000708491 0.000071869 0.999999821 6.750298500
0.999998927 0.001411137 -0.000183690 0.146106184 -0.001411208 0.999998927 -0.000389120 -0.194125339 0.000183140 0.000389379 0.999999881 7.048197746
0.999999583 0.000807857 -0.000482672 0.159376487 -0.000807807 0.999999702 0.000105473 -0.210354060 0.000482757 -0.000105083 0.999999881 7.337091923
0.999999344 0.001062734 -0.000100152 0.159904584 -0.001062741 0.999999404 -0.000074317 -0.223192051 0.000100073 0.000074423 1.000000000 7.671741486
0.999999464 0.000863561 -0.000406534 0.170630649 -0.000863300 0.999999464 0.000643327 -0.240468755 0.000407090 -0.000642976 0.999999762 7.977336407
0.999999404 0.001014160 -0.000257565 0.174932644 -0.001014117 0.999999404 0.000167294 -0.240964264 0.000257735 -0.000167032 0.999999940 8.305288315
0.999998987 0.001384704 0.000322665 0.169592395 -0.001384694 0.999998927 -0.000031772 -0.249316677 -0.000322708 0.000031326 0.999999940 8.643135071
0.999999285 0.001215801 -0.000005623 0.190915868 -0.001215798 0.999999106 0.000480332 -0.269028157 0.000006207 -0.000480325 0.999999881 8.962989807
0.999999762 0.000656449 -0.000316142 0.204734951 -0.000656256 0.999999583 0.000610022 -0.284354329 0.000316542 -0.000609814 0.999999762 9.295392990
0.999999344 0.001181863 -0.000004017 0.205462262 -0.001181860 0.999999046 0.000714981 -0.292355567 0.000004862 -0.000714976 0.999999762 9.648056030
0.999999583 0.000984702 -0.000026476 0.214660481 -0.000984680 0.999999166 0.000806269 -0.300650835 0.000027270 -0.000806242 0.999999642 9.986477852
0.999998927 0.001416215 0.000336320 0.216007501 -0.001416440 0.999998748 0.000667725 -0.309942186 -0.000335374 -0.000668201 0.999999762 10.338538170
0.999999106 0.001221556 0.000381470 0.213776782 -0.001222001 0.999998569 0.001167765 -0.326979280 -0.000380043 -0.001168230 0.999999225 10.687241554
0.999998987 0.001318685 0.000381650 0.222744703 -0.001319090 0.999998569 0.001064863 -0.334101349 -0.000380245 -0.001065365 0.999999344 11.057455063
0.999998212 0.001677476 0.000815714 0.225537121 -0.001678192 0.999998271 0.000877820 -0.344332457 -0.000814240 -0.000879188 0.999999344 11.433333397
0.999999225 0.001134147 0.000354637 0.234131753 -0.001134437 0.999998987 0.000818236 -0.352787673 -0.000353708 -0.000818638 0.999999583 11.823143959
0.999999046 0.001274632 0.000329769 0.244541571 -0.001274890 0.999998808 0.000782034 -0.366958648 -0.000328771 -0.000782454 0.999999583 12.203593254
0.999999404 0.001027946 0.000365693 0.257114470 -0.001028227 0.999999106 0.000767564 -0.376561552 -0.000364903 -0.000767940 0.999999642 12.595292091
0.999999583 0.000860799 0.000335307 0.265329212 -0.000860991 0.999999404 0.000574719 -0.386141211 -0.000334812 -0.000575007 0.999999821 12.993476868
0.999999046 0.001316707 0.000462214 0.270485550 -0.001317031 0.999998868 0.000701294 -0.395894885 -0.000461290 -0.000701902 0.999999642 13.397027016
0.999999225 0.000938619 0.000827674 0.278882504 -0.000939133 0.999999344 0.000619855 -0.402723879 -0.000827092 -0.000620632 0.999999404 13.812082291
0.999999046 0.000852469 0.001061324 0.281202763 -0.000853311 0.999999344 0.000792906 -0.415857583 -0.001060647 -0.000793810 0.999999106 14.224380493
0.999998510 0.001060522 0.001336649 0.291019917 -0.001061685 0.999999106 0.000869545 -0.428005338 -0.001335726 -0.000870963 0.999998689 14.647557259
0.999998987 0.000895599 0.001117409 0.304975182 -0.000896904 0.999998927 0.001167754 -0.442894578 -0.001116362 -0.001168755 0.999998629 15.074927330
0.999998212 0.001174965 0.001477785 0.316115707 -0.001176216 0.999998927 0.000846035 -0.452938408 -0.001476791 -0.000847772 0.999998510 15.509570122
0.999997973 0.000803912 0.001805336 0.326308310 -0.000804912 0.999999464 0.000553554 -0.460963428 -0.001804890 -0.000555006 0.999998212 15.954646111
0.999997854 0.000701505 0.001905015 0.337818176 -0.000703172 0.999999344 0.000874542 -0.475511014 -0.001904401 -0.000875880 0.999997795 16.393804550
0.999997079 0.000963145 0.002214245 0.345830083 -0.000964165 0.999999404 0.000459406 -0.484872997 -0.002213801 -0.000461539 0.999997377 16.843318939
0.999996185 0.001076234 0.002550604 0.355172604 -0.001078080 0.999999166 0.000722271 -0.498784661 -0.002549824 -0.000725018 0.999996483 17.298912048
0.999995410 0.001032949 0.002855579 0.363337040 -0.001035178 0.999999106 0.000779389 -0.509332657 -0.002854772 -0.000782342 0.999995589 17.762531281
0.999992788 0.001544817 0.003451830 0.369916677 -0.001545970 0.999998808 0.000331488 -0.518614173 -0.003451315 -0.000336822 0.999993980 18.229671478
0.999996305 0.000817611 0.002599165 0.404409438 -0.000819815 0.999999285 0.000847017 -0.534615576 -0.002598471 -0.000849145 0.999996245 18.676967621
0.999993861 0.001182901 0.003294968 0.400893837 -0.001184360 0.999999225 0.000440715 -0.543484509 -0.003294444 -0.000444615 0.999994457 19.173488617
0.999993682 0.000879732 0.003443813 0.415396214 -0.000879741 0.999999642 0.000001062 -0.552964926 -0.003443811 -0.000004092 0.999994040 19.655485153
0.999994159 0.000342956 0.003401208 0.425609440 -0.000345042 0.999999821 0.000612925 -0.571379066 -0.003400997 -0.000614095 0.999993980 20.130893707
0.999994874 0.000679955 0.003136761 0.433363080 -0.000684214 0.999998868 0.001356994 -0.597117126 -0.003135834 -0.001359133 0.999994099 20.635913849
0.999994040 0.001389707 0.003151760 0.441418588 -0.001394184 0.999998033 0.001418781 -0.607768178 -0.003149781 -0.001423167 0.999994040 21.134580612
0.999993265 0.001421299 0.003400539 0.442242354 -0.001424339 0.999998689 0.000891964 -0.609337211 -0.003399267 -0.000896801 0.999993861 21.652828217
0.999997139 0.001110702 0.002101641 0.453728139 -0.001113228 0.999998629 0.001201142 -0.632984579 -0.002100304 -0.001203478 0.999997079 22.146633148
0.999997854 0.001037982 0.001771989 0.468907297 -0.001040010 0.999998748 0.001144104 -0.643990457 -0.001770799 -0.001145945 0.999997795 22.656534195
0.999998450 0.001246805 0.001235457 0.472245067 -0.001248225 0.999998569 0.001148645 -0.660673499 -0.001234023 -0.001150185 0.999998569 23.183563232
0.999999821 0.000689622 -0.000044130 0.486894727 -0.000689580 0.999999344 0.000937598 -0.675703883 0.000044777 -0.000937567 0.999999583 23.715883255
0.999999881 0.000450760 0.000212046 0.490600526 -0.000450857 0.999999821 0.000458865 -0.687919080 -0.000211838 -0.000458961 0.999999881 24.236904144
0.999999344 0.001098776 -0.000146600 0.496857643 -0.001098616 0.999998808 0.001081795 -0.702720284 0.000147789 -0.001081633 0.999999404 24.774482727
0.999998093 0.001623527 -0.001072131 0.510120749 -0.001622391 0.999998093 0.001060201 -0.718657851 0.001073850 -0.001058460 0.999998808 25.304243088
0.999997318 0.001800422 -0.001395929 0.516663671 -0.001799076 0.999997914 0.000965417 -0.730376780 0.001397664 -0.000962903 0.999998569 25.857574463
0.999996662 0.001897052 -0.001764192 0.526215613 -0.001894601 0.999997258 0.001389961 -0.750894368 0.001766824 -0.001386614 0.999997497 26.410263062
0.999996603 0.000897443 -0.002417447 0.537252903 -0.000893233 0.999998093 0.001742394 -0.764851689 0.002419007 -0.001740229 0.999995589 26.944524765
0.999995410 0.000812670 -0.002912171 0.552537262 -0.000807050 0.999997854 0.001930492 -0.787595928 0.002913733 -0.001928133 0.999993920 27.482187271
0.999995172 0.001547149 -0.002696019 0.557444870 -0.001543682 0.999997914 0.001287380 -0.798178792 0.002698006 -0.001283212 0.999995530 28.039154053
0.999994159 0.001544750 -0.003027961 0.553809524 -0.001540034 0.999997616 0.001559209 -0.808731377 0.003030362 -0.001554537 0.999994218 28.587419510
0.999993026 0.001432482 -0.003434943 0.564049840 -0.001427826 0.999998033 0.001357447 -0.820441782 0.003436881 -0.001352533 0.999993205 29.134046555
0.999991775 0.001661850 -0.003699481 0.569728911 -0.001654815 0.999996960 0.001904233 -0.841859519 0.003702634 -0.001898096 0.999991298 29.688106537
0.999990463 0.001708824 -0.004014219 0.572069824 -0.001700629 0.999996603 0.002043908 -0.853404522 0.004017697 -0.002037063 0.999989867 30.238189697
0.999990463 0.001776170 -0.003979082 0.585681558 -0.001768786 0.999996722 0.001858658 -0.869813621 0.003982371 -0.001851603 0.999990404 30.782026291
0.999987841 0.001865889 -0.004561888 0.591755867 -0.001856782 0.999996245 0.001999609 -0.886741936 0.004565602 -0.001991115 0.999987543 31.333051682
0.999985814 0.002013668 -0.004935243 0.601010203 -0.002003263 0.999995887 0.002112256 -0.900069654 0.004939475 -0.002102339 0.999985576 31.885618210
0.999984443 0.001755063 -0.005312974 0.615085661 -0.001741866 0.999995470 0.002487731 -0.919305861 0.005317315 -0.002478437 0.999982774 32.429370880
0.999984682 0.002030456 -0.005149439 0.616228402 -0.002017608 0.999994814 0.002498830 -0.931356430 0.005154487 -0.002488402 0.999983549 32.968250275
0.999982357 0.002193983 -0.005514809 0.624075055 -0.002183652 0.999995828 0.001878725 -0.946356058 0.005518909 -0.001866649 0.999983013 33.506801605
0.999983788 0.002284931 -0.005211675 0.623881757 -0.002273848 0.999995172 0.002131650 -0.953033447 0.005216520 -0.002119765 0.999984145 34.074455261
0.999984086 0.002199980 -0.005173648 0.626962841 -0.002188114 0.999994993 0.002297996 -0.969982386 0.005178678 -0.002286640 0.999983907 34.619945526
0.999983490 0.002117202 -0.005333866 0.638705671 -0.002105690 0.999995470 0.002162969 -0.982560813 0.005338421 -0.002151702 0.999983430 35.156299591
0.999986112 0.001899576 -0.004920581 0.643604040 -0.001890029 0.999996424 0.001943989 -0.996559381 0.004924255 -0.001934662 0.999985993 35.700569153
0.999985754 0.002690950 -0.004618542 0.652125716 -0.002680879 0.999994040 0.002185330 -1.018837690 0.004624395 -0.002172916 0.999986947 36.229450226
0.999981284 0.002566037 -0.005554242 0.660160184 -0.002555104 0.999994814 0.001974559 -1.024881959 0.005559279 -0.001960331 0.999982655 36.796901703
0.999980688 0.002862945 -0.005514398 0.670645058 -0.002851680 0.999993861 0.002049510 -1.040345192 0.005520231 -0.002033745 0.999982715 37.341579437
0.999979198 0.002562931 -0.005916710 0.672871709 -0.002551838 0.999994993 0.001881865 -1.055066824 0.005921503 -0.001866727 0.999980748 37.905841827
0.999981582 0.002111677 -0.005682293 0.677606523 -0.002101739 0.999996245 0.001754371 -1.067387104 0.005685977 -0.001742396 0.999982357 38.458698273
0.999978721 0.002640118 -0.005970478 0.687250912 -0.002628013 0.999994516 0.002034470 -1.085628986 0.005975816 -0.002018737 0.999980152 39.007503510
0.999976158 0.002498218 -0.006433580 0.699584365 -0.002486668 0.999995291 0.001802540 -1.096028805 0.006438053 -0.001786499 0.999977708 39.552211761
0.999978006 0.002915767 -0.005964788 0.706795752 -0.002903695 0.999993801 0.002031402 -1.110625863 0.005970675 -0.002014037 0.999980211 40.102127075
0.999973536 0.002325470 -0.006886031 0.730492592 -0.002308012 0.999994099 0.002542087 -1.137694955 0.006891902 -0.002526127 0.999973118 40.633010864
0.999971509 0.002380808 -0.007159098 0.736101151 -0.002364670 0.999994636 0.002261888 -1.149010420 0.007164444 -0.002244894 0.999971807 41.212730408
0.999970973 0.003116324 -0.006953024 0.742959738 -0.003098074 0.999991775 0.002634005 -1.162643194 0.006961174 -0.002612388 0.999972403 41.763774872
0.999966383 0.002840419 -0.007694815 0.764552832 -0.002816714 0.999991238 0.003089643 -1.187721968 0.007703524 -0.003067865 0.999965549 42.295539856
0.999967158 0.003253495 -0.007424939 0.755030274 -0.003234826 0.999991596 0.002524975 -1.191284537 0.007433092 -0.002500874 0.999969244 42.868507385
0.999967158 0.003057146 -0.007515086 0.764143825 -0.003035779 0.999991357 0.002852924 -1.206765294 0.007523743 -0.002830016 0.999967694 43.407714844
0.999968350 0.003681245 -0.007067874 0.770003915 -0.003665072 0.999990642 0.002299881 -1.219393969 0.007076275 -0.002273904 0.999972343 43.962177277
0.999968886 0.002940751 -0.007321559 0.767864168 -0.002919238 0.999991417 0.002947153 -1.238937259 0.007330162 -0.002925687 0.999968827 44.507358551
0.999969304 0.003413901 -0.007053094 0.774293542 -0.003395953 0.999991059 0.002555160 -1.249015570 0.007061753 -0.002531130 0.999971807 45.060379028
0.999970078 0.003730463 -0.006789020 0.783642769 -0.003713133 0.999989808 0.002563301 -1.257449985 0.006798513 -0.002538015 0.999973655 45.598514557
0.999971569 0.002919173 -0.006951469 0.782163501 -0.002898614 0.999991417 0.002965763 -1.281494975 0.006960067 -0.002945529 0.999971449 46.168708801
0.999970376 0.002616704 -0.007232282 0.795640826 -0.002593810 0.999991715 0.003173043 -1.299888611 0.007240525 -0.003154191 0.999968827 46.707603455
0.999964952 0.002952132 -0.007836665 0.813779771 -0.002926472 0.999990404 0.003283826 -1.317470074 0.007846284 -0.003260777 0.999963939 47.235614777
0.999972701 0.002843607 -0.006819176 0.792992830 -0.002822771 0.999991298 0.003063169 -1.325870633 0.006827827 -0.003043837 0.999972045 47.807922363
0.999970257 0.003654348 -0.006797093 0.796750188 -0.003634687 0.999989152 0.002902628 -1.337086916 0.006807627 -0.002877836 0.999972641 48.358928680
0.999972105 0.003222514 -0.006744396 0.808687925 -0.003201407 0.999989927 0.003137991 -1.353723288 0.006754441 -0.003116311 0.999972343 48.904266357
0.999974847 0.003150764 -0.006359220 0.801640511 -0.003129398 0.999989390 0.003366963 -1.367664218 0.006369762 -0.003346977 0.999974132 49.440048218
0.999974668 0.003349758 -0.006279768 0.807669401 -0.003329106 0.999989152 0.003296046 -1.384667158 0.006290740 -0.003275057 0.999974847 50.009700775
0.999977708 0.003311875 -0.005803307 0.811011374 -0.003289361 0.999987006 0.003884728 -1.399031162 0.005816097 -0.003865552 0.999975622 50.552921295
0.999980509 0.003880497 -0.004890574 0.800943136 -0.003862914 0.999986112 0.003599406 -1.405843258 0.004904474 -0.003580444 0.999981582 51.091491699
0.999973953 0.003572117 -0.006266143 0.825519323 -0.003550903 0.999987960 0.003393351 -1.425329208 0.006278188 -0.003371012 0.999974549 51.657730103
0.999971986 0.003611921 -0.006551907 0.832422853 -0.003594585 0.999989986 0.002655766 -1.433733821 0.006561434 -0.002632141 0.999974966 52.201824188
0.999974549 0.004054664 -0.005877341 0.831419945 -0.004036354 0.999987006 0.003123808 -1.453943849 0.005889931 -0.003100005 0.999977827 52.746696472
0.999976456 0.002888930 -0.006227845 0.844195545 -0.002866949 0.999989629 0.003535371 -1.470303893 0.006237994 -0.003517433 0.999974370 53.310932159
0.999974310 0.003580831 -0.006223381 0.851342678 -0.003556809 0.999986112 0.003866761 -1.486624360 0.006237143 -0.003844526 0.999973178 53.851619720
0.999973774 0.003227591 -0.006481196 0.863316774 -0.003207795 0.999990165 0.003062162 -1.495056748 0.006491015 -0.003041292 0.999974310 54.404518127
0.999971151 0.003376067 -0.006803969 0.872111917 -0.003351996 0.999988019 0.003545919 -1.509172440 0.006815859 -0.003523010 0.999970615 54.951896667
0.999971986 0.003137507 -0.006797273 0.879347801 -0.003118343 0.999991119 0.002828282 -1.522206306 0.006806087 -0.002807006 0.999972820 55.496627808
0.999974430 0.003148858 -0.006419302 0.883781075 -0.003129630 0.999990582 0.003003258 -1.538806438 0.006428700 -0.002983091 0.999974847 56.043731689
0.999970973 0.003850570 -0.006575435 0.884687543 -0.003831723 0.999988496 0.002876484 -1.548112035 0.006586436 -0.002851205 0.999974251 56.601146698
0.999975085 0.003684967 -0.006026260 0.897918105 -0.003668448 0.999989510 0.002749942 -1.561376691 0.006036330 -0.002727766 0.999978065 57.141021729
0.999974251 0.003876883 -0.006042941 0.898015022 -0.003861393 0.999989212 0.002572797 -1.567711830 0.006052851 -0.002549397 0.999978423 57.722415924
0.999972105 0.003788144 -0.006442405 0.905824423 -0.003773855 0.999990404 0.002228598 -1.581507206 0.006450785 -0.002204223 0.999976754 58.269584656
0.999975979 0.004046754 -0.005637341 0.921388745 -0.004031880 0.999988377 0.002647311 -1.603458166 0.005647989 -0.002624518 0.999980628 58.796577454
0.999973476 0.003342594 -0.006474264 0.928522408 -0.003329386 0.999992371 0.002049885 -1.598737359 0.006481067 -0.002028276 0.999976933 59.361248016
0.999973953 0.002900887 -0.006623968 0.940764785 -0.002889198 0.999994338 0.001773579 -1.615063787 0.006629075 -0.001754394 0.999976456 59.897785187
0.999973595 0.003643625 -0.006288534 0.942381799 -0.003629429 0.999990821 0.002267424 -1.627510667 0.006296738 -0.002244540 0.999977708 60.448326111
0.999970853 0.003545438 -0.006757972 0.949803352 -0.003530921 0.999991417 0.002159029 -1.641438484 0.006765569 -0.002135104 0.999974847 60.994335175
0.999973238 0.004204977 -0.005978465 0.955662489 -0.004190071 0.999988019 0.002503878 -1.660730004 0.005988922 -0.002478761 0.999979019 61.546001434
0.999972939 0.003157976 -0.006630449 0.965615869 -0.003144181 0.999992847 0.002089842 -1.665548205 0.006637001 -0.002068939 0.999975860 62.095424652
0.999970198 0.004108520 -0.006529242 0.963562608 -0.004094752 0.999989390 0.002120495 -1.683843255 0.006537884 -0.002093697 0.999976456 62.633174896
0.999971688 0.004333455 -0.006152802 0.967458844 -0.004320298 0.999988437 0.002149998 -1.699521422 0.006162047 -0.002123355 0.999978781 63.187046051
0.999973536 0.004291330 -0.005889316 0.968943357 -0.004275032 0.999987066 0.002777136 -1.716927648 0.005901156 -0.002751885 0.999978900 63.731384277
0.999971628 0.003688203 -0.006567906 0.983122230 -0.003672134 0.999990165 0.002456891 -1.725527644 0.006576904 -0.002432703 0.999975324 64.288574219
0.999972284 0.004060810 -0.006241670 0.982802272 -0.004049474 0.999990106 0.001827593 -1.736225367 0.006249029 -0.001802267 0.999978840 64.836708069
0.999969542 0.004941144 -0.006042149 0.991543889 -0.004923606 0.999983668 0.002914077 -1.753532529 0.006056449 -0.002884239 0.999977410 65.367980957
0.999972820 0.003890370 -0.006264959 0.994850039 -0.003875491 0.999989629 0.002385445 -1.771264315 0.006274175 -0.002361101 0.999977529 65.923919678
0.999972820 0.004257996 -0.006029840 1.002433062 -0.004244759 0.999988496 0.002206395 -1.782111645 0.006039166 -0.002180740 0.999979436 66.483283997
0.999975383 0.003912555 -0.005819988 1.007881284 -0.003901363 0.999990463 0.001933058 -1.789822698 0.005827496 -0.001910305 0.999981165 67.037834167
0.999970376 0.004655830 -0.006128665 1.012419701 -0.004640023 0.999985874 0.002590607 -1.817968369 0.006140640 -0.002562094 0.999977887 67.576301575
0.999972343 0.004837752 -0.005663095 1.014521122 -0.004823560 0.999985158 0.002516978 -1.829547048 0.005675187 -0.002489592 0.999980867 68.123672485
0.999970794 0.005469653 -0.005344803 1.017637968 -0.005453160 0.999980390 0.003095397 -1.853104591 0.005361627 -0.003066160 0.999980986 68.662391663
0.999973476 0.004873473 -0.005409067 1.021906972 -0.004858206 0.999984145 0.002832310 -1.869117856 0.005422784 -0.002805957 0.999981344 69.210693359
0.999969780 0.004980411 -0.005969006 1.031387806 -0.004964743 0.999984205 0.002636840 -1.875001192 0.005982044 -0.002607126 0.999978721 69.759178162
0.999967575 0.005095770 -0.006235117 1.044821262 -0.005082124 0.999984682 0.002202369 -1.884627342 0.006246244 -0.002170610 0.999978185 70.302825928
0.999973416 0.005202367 -0.005098131 1.035862923 -0.005190973 0.999983966 0.002245726 -1.896016836 0.005109733 -0.002219202 0.999984562 70.853210449
0.999968112 0.005251620 -0.006007275 1.053365469 -0.005239053 0.999984086 0.002105926 -1.906028748 0.006018239 -0.002074387 0.999979734 71.398155212
0.999969065 0.005208407 -0.005899462 1.065525532 -0.005199066 0.999985278 0.001597644 -1.916232824 0.005907696 -0.001566923 0.999981284 71.948913574
0.999969900 0.006059430 -0.004850695 1.059715271 -0.006050908 0.999980152 0.001770060 -1.929656267 0.004861324 -0.001740656 0.999986649 72.497741699
0.999967694 0.005867016 -0.005496114 1.070766211 -0.005853049 0.999979556 0.002554266 -1.956591964 0.005510988 -0.002522015 0.999981582 73.038246155
0.999973238 0.005039952 -0.005304848 1.083093166 -0.005027491 0.999984503 0.002360049 -1.971773148 0.005316661 -0.002333316 0.999983132 73.581405640
0.999973595 0.004911664 -0.005350200 1.085907698 -0.004896454 0.999983907 0.002852548 -1.987986684 0.005364124 -0.002826276 0.999981642 74.135787964
0.999971509 0.005073131 -0.005590881 1.093583107 -0.005060476 0.999984622 0.002275189 -1.996734142 0.005602337 -0.002246831 0.999981761 74.677246094
0.999969661 0.005037131 -0.005938535 1.106929898 -0.005022677 0.999984324 0.002446439 -2.009997368 0.005950765 -0.002416538 0.999979377 75.219459534
0.999967277 0.005393994 -0.006018498 1.114214420 -0.005376525 0.999981284 0.002915165 -2.029824495 0.006034109 -0.002882711 0.999977648 75.755584717
0.999965370 0.005178889 -0.006512843 1.125415087 -0.005158066 0.999981463 0.003209995 -2.048155069 0.006529347 -0.003176290 0.999973655 76.299087524
0.999967098 0.005101261 -0.006329083 1.136670709 -0.005085540 0.999983966 0.002497533 -2.054163218 0.006341723 -0.002465264 0.999976873 76.872825623
0.999968231 0.004867268 -0.006320557 1.145837903 -0.004852840 0.999985576 0.002296087 -2.069332838 0.006331640 -0.002265341 0.999977410 77.412734985
0.999971569 0.004411140 -0.006123183 1.151543856 -0.004398606 0.999988198 0.002059049 -2.079314709 0.006132193 -0.002032057 0.999979138 77.964111328
0.999969184 0.004568689 -0.006372569 1.155776024 -0.004551860 0.999986112 0.002652681 -2.100893021 0.006384599 -0.002623593 0.999976158 78.499824524
0.999967158 0.004945640 -0.006416489 1.166414857 -0.004929762 0.999984682 0.002487774 -2.113436937 0.006428695 -0.002456060 0.999976337 79.059104919
0.999971926 0.005028437 -0.005547830 1.165222168 -0.005012566 0.999983251 0.002870828 -2.126681089 0.005562172 -0.002842939 0.999980450 79.599426270
0.999970853 0.005342782 -0.005477019 1.164880514 -0.005329001 0.999982595 0.002527498 -2.142340660 0.005490429 -0.002498237 0.999981821 80.139656067
0.999968052 0.005519383 -0.005781232 1.177379847 -0.005504142 0.999981344 0.002648793 -2.157404900 0.005795745 -0.002616887 0.999979794 80.685371399
0.999974310 0.005395557 -0.004713944 1.188681126 -0.005382711 0.999981761 0.002733607 -2.169070005 0.004728607 -0.002708163 0.999985158 81.242591858
0.999979079 0.005352537 -0.003611535 1.199842095 -0.005343066 0.999982297 0.002627001 -2.183228493 0.003625532 -0.002607650 0.999990046 81.784729004
0.999982536 0.005414567 -0.002371800 1.211345077 -0.005408249 0.999981821 0.002662221 -2.197939873 0.002386172 -0.002649347 0.999993622 82.333305359
0.999984324 0.005500149 -0.001048626 1.222991705 -0.005497243 0.999981046 0.002754690 -2.215429306 0.001063758 -0.002748882 0.999995649 82.879493713
0.999983191 0.005241330 0.002485811 1.237849712 -0.005247692 0.999982953 0.002559518 -2.225931883 -0.002472354 -0.002572519 0.999993622 83.433578491
0.999962866 0.005804258 0.006363617 1.257282734 -0.005825177 0.999977648 0.003273534 -2.252427101 -0.006344475 -0.003310482 0.999974370 83.959075928
0.999938488 0.005927306 0.009367501 1.261054754 -0.005951767 0.999978960 0.002585690 -2.254341125 -0.009351977 -0.002641285 0.999952793 84.517555237
0.999878407 0.005902039 0.014428779 1.287410975 -0.005950377 0.999976873 0.003309425 -2.277121782 -0.014408911 -0.003394880 0.999890447 85.059555054
0.999773622 0.005756097 0.020485282 1.316045642 -0.005812090 0.999979496 0.002674866 -2.288425684 -0.020469464 -0.002793323 0.999786615 85.610694885
0.999662817 0.005711420 0.025330201 1.346884608 -0.005780624 0.999979734 0.002659680 -2.304931402 -0.025314497 -0.002805207 0.999675572 86.161346436
0.999487162 0.005221722 0.031593304 1.379187107 -0.005305367 0.999982715 0.002564323 -2.316321850 -0.031579364 -0.002730622 0.999497473 86.711402893
0.999197483 0.005418629 0.039688833 1.413118839 -0.005536156 0.999980628 0.002851892 -2.338672161 -0.039672613 -0.003069327 0.999207914 87.254844666
0.998852313 0.005696955 0.047555212 1.462284803 -0.005838153 0.999978960 0.002830764 -2.353978872 -0.047538087 -0.003105150 0.998864591 87.817359924
0.998473823 0.006134330 0.054885216 1.501843691 -0.006298175 0.999976218 0.002812742 -2.366238117 -0.054866657 -0.003154126 0.998488724 88.368522644
0.997957647 0.005457303 0.063645050 1.557960987 -0.005627731 0.999981046 0.002498817 -2.374021053 -0.063630208 -0.002851892 0.997969449 88.910285950
0.997275770 0.005635331 0.073547468 1.618976593 -0.005872047 0.999978244 0.003002726 -2.395185709 -0.073528953 -0.003426421 0.997287214 89.466156006
0.996573567 0.005475062 0.082529336 1.678189278 -0.005729049 0.999979615 0.002841030 -2.404559851 -0.082512096 -0.003304111 0.996584594 90.012420654
0.995908201 0.005053698 0.090229228 1.742821693 -0.005265467 0.999983907 0.002109104 -2.413908243 -0.090217121 -0.002575573 0.995918810 90.577980042
0.994890213 0.005220655 0.100827932 1.824881554 -0.005476765 0.999982417 0.002263420 -2.428247452 -0.100814342 -0.002804064 0.994901359 91.113159180
0.993719280 0.005705041 0.111756392 1.895599365 -0.006055031 0.999977767 0.002792549 -2.446427345 -0.111737981 -0.003451698 0.993731678 91.651649475
0.992636919 0.004493007 0.121044278 1.980286598 -0.004846667 0.999984741 0.002627484 -2.458867073 -0.121030644 -0.003194798 0.992643654 92.219543457
0.991207957 0.004666524 0.132230863 2.063679695 -0.005094764 0.999982774 0.002900428 -2.464474201 -0.132215038 -0.003548612 0.991214752 92.756729126
0.989567161 0.004244412 0.144009605 2.171741486 -0.004625528 0.999986589 0.002311761 -2.481616735 -0.143997878 -0.002953763 0.989573598 93.317543030
0.987941980 0.004234005 0.154766753 2.277869225 -0.004706256 0.999985337 0.002685106 -2.502426624 -0.154753119 -0.003381101 0.987947345 93.860969543
0.986265957 0.003685680 0.165123895 2.386489868 -0.004148329 0.999988377 0.002457055 -2.511118174 -0.165112898 -0.003108299 0.986269772 94.400550842
0.984041154 0.003910059 0.177898571 2.507482529 -0.004446534 0.999986708 0.002617029 -2.526688099 -0.177885965 -0.003366296 0.984045386 94.924026489
0.981699109 0.003039093 0.190414190 2.634418488 -0.003650141 0.999989271 0.002858407 -2.545500755 -0.190403476 -0.003501135 0.981699646 95.463699341
0.979614913 0.002793144 0.200865030 2.758243561 -0.003400856 0.999990702 0.002680467 -2.555248260 -0.200855687 -0.003308938 0.979615331 95.999412537
0.976932883 0.003219000 0.213521630 2.904453278 -0.003905077 0.999988496 0.002791457 -2.571397543 -0.213510200 -0.003560884 0.976934314 96.538581848
0.973916888 0.002662575 0.226889238 3.051271439 -0.003381041 0.999990404 0.002778024 -2.586173296 -0.226879656 -0.003472687 0.973916590 97.071510315
0.971173227 0.002639619 0.238360256 3.193540573 -0.003446741 0.999989629 0.002969417 -2.601270199 -0.238349929 -0.003705384 0.971172273 97.607566833
0.968277335 0.002410295 0.249866098 3.352569580 -0.003236943 0.999990582 0.002897497 -2.614957094 -0.249856740 -0.003614383 0.968276024 98.125556946
0.964347780 0.002261964 0.264628917 3.505113602 -0.003104957 0.999991357 0.002767322 -2.625113487 -0.264620364 -0.003490322 0.964346290 98.676223755
0.960887492 0.001589906 0.276934534 3.677865982 -0.002279282 0.999995053 0.002167426 -2.632872105 -0.276929647 -0.002713864 0.960886359 99.203033447
0.957460463 0.001286023 0.288561642 3.850242615 -0.002094074 0.999994695 0.002491587 -2.652426004 -0.288556904 -0.002989865 0.957458198 99.729415894
0.953288496 0.001513890 0.302057236 4.030403137 -0.002385466 0.999994040 0.002516599 -2.667115211 -0.302051604 -0.003119593 0.953286409 100.233520508
0.949013948 0.001190593 0.315231681 4.237325668 -0.002154358 0.999994040 0.002708894 -2.678682804 -0.315226585 -0.003249899 0.949010909 100.748115540
0.945072532 -0.000004516 0.326860636 4.438423157 -0.000960233 0.999995649 0.002790197 -2.690169573 -0.326859206 -0.002950801 0.945068419 101.282936096
0.940309942 -0.000372430 0.340318978 4.646226883 -0.000763413 0.999994636 0.003203678 -2.710492373 -0.340318233 -0.003272255 0.940304518 101.794692993
0.935385227 0.000122071 0.353630245 4.869132996 -0.001067171 0.999996305 0.002477576 -2.724708796 -0.353628635 -0.002694872 0.935382009 102.290451050
0.930576384 -0.000678137 0.366097152 5.088188171 -0.000243102 0.999996901 0.002470273 -2.733801603 -0.366097748 -0.002387777 0.930573344 102.820907593
0.925902843 -0.000967613 0.377760440 5.318996429 0.000292361 0.999998212 0.001844856 -2.743189812 -0.377761543 -0.001597715 0.925901532 103.333320618
0.919941008 -0.001368156 0.392054409 5.547134399 0.000487518 0.999997079 0.002345756 -2.756573677 -0.392056495 -0.001966823 0.919939041 103.818847656
0.914293945 -0.002566310 0.405043155 5.789772034 0.001793400 0.999995708 0.002287669 -2.769128323 -0.405047268 -0.001365197 0.914294779 104.303459167
0.909474194 -0.002427568 0.415753305 6.040336609 0.001520900 0.999995649 0.002511917 -2.783457756 -0.415757656 -0.001652204 0.909473836 104.777801514
0.903063953 -0.003340148 0.429493099 6.298301697 0.002508130 0.999993801 0.002503241 -2.809819221 -0.429498792 -0.001183362 0.903066695 105.266311646
0.896526456 -0.003625152 0.442975372 6.576263428 0.002745525 0.999992788 0.002626986 -2.819658756 -0.442981690 -0.001138962 0.896529913 105.779335022
0.890685618 -0.004317831 0.454599440 6.846252441 0.003606905 0.999990582 0.002431090 -2.829560995 -0.454605669 -0.000525639 0.890692651 106.269538879
0.884999573 -0.004899644 0.465566039 7.119701385 0.004292424 0.999988019 0.002364415 -2.838651657 -0.465572089 -0.000094100 0.885009944 106.759796143
0.877808332 -0.004890568 0.478987187 7.398361206 0.004151794 0.999988019 0.002601386 -2.861364126 -0.478994131 -0.000294862 0.877818048 107.199775696
0.870525956 -0.004569332 0.492101282 7.687183380 0.003851569 0.999989510 0.002471835 -2.866693974 -0.492107451 -0.000256434 0.870534420 107.711196899
