1.000000000 0.000000000 0.000000000 0.000000000 0.000000000 1.000000000 0.000000000 0.000000000 0.000000000 0.000000000 1.000000000 0.000000000
1.000000000 0.000054828 -0.000002120 0.000150477 -0.000054828 1.000000000 -0.000032618 -0.000081325 0.000002118 0.000032618 1.000000000 -0.000005979
1.000000000 0.000023692 0.000057862 -0.000075254 -0.000023693 1.000000000 0.000023401 -0.000238423 -0.000057861 -0.000023402 1.000000000 0.000143409
1.000000000 -0.000079193 -0.000009075 0.000125340 0.000079193 1.000000000 -0.000023055 0.000368104 0.000009077 0.000023055 1.000000000 -0.000379033
1.000000000 -0.000028589 0.000026946 -0.000015507 0.000028588 1.000000000 0.000044871 -0.000230824 -0.000026947 -0.000044870 1.000000000 -0.000599553
1.000000000 0.000070119 0.000131388 -0.000559477 -0.000070116 1.000000000 -0.000022886 0.000810122 -0.000131389 0.000022876 1.000000000 0.000537047
1.000000000 -0.000067428 0.000040118 0.000131198 0.000067429 1.000000000 -0.000044631 0.000173640 -0.000040115 0.000044634 1.000000000 0.000052548
1.000000000 0.000044210 0.000027327 0.000002839 -0.000044212 1.000000000 0.000068045 -0.000081449 -0.000027324 -0.000068046 1.000000000 -0.000199768
1.000000000 -0.000049540 -0.000042756 -0.000012836 0.000049537 1.000000000 -0.000090522 0.000377098 0.000042760 0.000090519 1.000000000 -0.000276963
1.000000000 0.000010870 0.000076848 -0.000011582 -0.000010874 1.000000000 0.000049780 -0.000070133 -0.000076848 -0.000049780 1.000000000 0.000356041
1.000000000 0.000021911 0.000080412 -0.000532533 -0.000021919 1.000000000 0.000090991 0.000142326 -0.000080410 -0.000090993 1.000000000 0.000500310
1.000000000 0.000015256 0.000101426 -0.000456922 -0.000015261 1.000000000 0.000043781 0.000693351 -0.000101425 -0.000043782 1.000000000 0.001065799
1.000000000 -0.000013914 0.000045053 -0.000305833 0.000013920 1.000000000 -0.000118538 0.000627984 -0.000045051 0.000118538 1.000000000 -0.000104577
0.999999106 0.001330586 -0.000105739 -0.003097871 -0.001330640 0.999998987 -0.000506650 0.001389122 0.000105065 0.000506790 0.999999881 0.000321044
0.999999106 0.001339782 -0.000087796 -0.003037274 -0.001339830 0.999998987 -0.000549739 0.001675009 0.000087059 0.000549856 0.999999881 0.000045069
0.999999225 0.001262216 -0.000125362 -0.002316232 -0.001262277 0.999999106 -0.000490163 0.001727522 0.000124744 0.000490321 0.999999881 0.000795896
0.999999046 0.001388158 -0.000052129 -0.003284124 -0.001388184 0.999998927 -0.000507783 0.001905333 0.000051424 0.000507855 0.999999881 0.000793958
0.999998987 0.001439786 -0.000051970 -0.003694340 -0.001439814 0.999998868 -0.000536120 0.001845452 0.000051198 0.000536194 0.999999881 0.000124158
0.999998927 0.001452701 0.000001909 -0.004007905 -0.001452699 0.999998808 -0.000502639 0.001790849 -0.000002639 0.000502636 0.999999881 0.000789707
0.999998987 0.001434315 0.000005497 -0.003988533 -0.001434312 0.999998868 -0.000535778 0.001956328 -0.000006265 0.000535769 0.999999881 0.000657608
0.999999046 0.001384673 -0.000022936 -0.004098172 -0.001384683 0.999998927 -0.000453365 0.001312040 0.000022308 0.000453396 0.999999940 0.000290413
0.999998987 0.001398703 -0.000034929 -0.004306916 -0.001398721 0.999998868 -0.000510033 0.001854914 0.000034216 0.000510081 0.999999881 0.000642331
0.999998987 0.001438691 -0.000056794 -0.003907312 -0.001438721 0.999998868 -0.000549003 0.001837738 0.000056004 0.000549084 0.999999881 0.000468372
0.999998927 0.001481824 -0.000079537 -0.003741219 -0.001481864 0.999998808 -0.000503406 0.001807649 0.000078791 0.000503523 0.999999881 0.000803663
0.999998808 0.001576731 -0.000106993 -0.004042368 -0.001576778 0.999998748 -0.000438115 0.001403872 0.000106302 0.000438283 0.999999940 0.000952777
0.999998689 0.001596361 -0.000012733 -0.004507720 -0.001596367 0.999998629 -0.000471002 0.001687367 0.000011981 0.000471022 0.999999881 0.000500435
0.999998868 0.001488117 -0.000024777 -0.004182434 -0.001488126 0.999998808 -0.000387631 0.001607287 0.000024200 0.000387668 0.999999940 0.001108911
0.999998748 0.001559224 0.000075136 -0.004968363 -0.001559195 0.999998748 -0.000390809 0.001321309 -0.000075746 0.000390691 0.999999940 0.000559433
0.999998927 0.001467010 -0.000014243 -0.004188395 -0.001467017 0.999998808 -0.000477488 0.001776711 0.000013543 0.000477509 0.999999881 0.000450632
0.999998927 0.001471305 0.000033630 -0.004045012 -0.001471290 0.999998808 -0.000450824 0.001413118 -0.000034293 0.000450774 0.999999940 0.000753845
0.999998927 0.001455152 0.000037622 -0.004416752 -0.001455134 0.999998808 -0.000462650 0.001577636 -0.000038295 0.000462595 0.999999940 0.001092656
0.999998987 0.001400442 0.000024193 -0.004085547 -0.001400430 0.999998868 -0.000474478 0.001783872 -0.000024858 0.000474444 0.999999940 0.001408133
0.999998927 0.001462974 -0.000045194 -0.003939207 -0.001463000 0.999998748 -0.000578439 0.002156176 0.000044348 0.000578504 0.999999821 0.000644679
0.999998748 0.001565462 0.000055989 -0.004626034 -0.001565436 0.999998689 -0.000467607 0.001496100 -0.000056721 0.000467518 0.999999940 0.000272077
0.999998748 0.001561085 0.000085355 -0.005090213 -0.001561046 0.999998689 -0.000453199 0.001169104 -0.000086062 0.000453065 0.999999940 0.000159744
0.999998748 0.001563747 0.000060259 -0.004353337 -0.001563718 0.999998689 -0.000481094 0.001377802 -0.000061012 0.000481000 0.999999940 0.000682822
0.999998868 0.001508599 0.000021637 -0.004081734 -0.001508588 0.999998748 -0.000462914 0.001596573 -0.000022335 0.000462881 0.999999940 0.000745433
0.999998927 0.001475128 -0.000029119 -0.003878951 -0.001475140 0.999998868 -0.000429267 0.001592656 0.000028485 0.000429310 0.999999940 0.000822570
0.999998748 0.001563763 0.000025416 -0.004315945 -0.001563751 0.999998689 -0.000466087 0.001311158 -0.000026145 0.000466047 0.999999940 0.000500379
0.999998927 0.001460194 0.000001734 -0.003863741 -0.001460193 0.999998808 -0.000526409 0.002291955 -0.000002502 0.000526406 0.999999881 0.001218027
0.999998987 0.001402892 -0.000013589 -0.003385073 -0.001402899 0.999998868 -0.000542037 0.002172484 0.000012829 0.000542056 0.999999881 0.002582687
0.999998868 0.001489752 0.000078293 -0.003587131 -0.001489665 0.999998271 -0.001090000 -0.000839810 -0.000079917 0.001089882 0.999999344 0.048686765
0.999998868 0.001504152 0.000003143 -0.002873543 -0.001504143 0.999996781 -0.002039374 -0.001011509 -0.000006210 0.002039367 0.999997914 0.138150424
0.999998927 0.001457904 0.000057422 -0.000450788 -0.001457768 0.999996305 -0.002299200 -0.004681443 -0.000060774 0.002299114 0.999997377 0.251522988
0.999998391 0.001781976 0.000241151 0.000272268 -0.001781425 0.999995828 -0.002266559 -0.007828030 -0.000245189 0.002266126 0.999997377 0.384438068
0.999998927 0.001479431 0.000096605 0.003558436 -0.001479237 0.999996960 -0.001982897 -0.014205057 -0.000099538 0.001982751 0.999998033 0.520338714
0.999998868 0.001506151 -0.000019501 0.006836366 -0.001506184 0.999997199 -0.001803649 -0.019697482 0.000016785 0.001803677 0.999998331 0.669394791
0.999998391 0.001785703 0.000018663 0.010382857 -0.001785674 0.999997318 -0.001456696 -0.023048313 -0.000021264 0.001456660 0.999998927 0.834441364
0.999999046 0.001387650 -0.000033652 0.013267511 -0.001387693 0.999998152 -0.001299445 -0.031025253 0.000031849 0.001299490 0.999999166 0.999225855
0.999998868 0.001472232 0.000046134 0.014779760 -0.001472168 0.999998033 -0.001351424 -0.034610711 -0.000048123 0.001351355 0.999999046 1.173258305
0.999998927 0.001404796 0.000262109 0.016828494 -0.001404510 0.999998510 -0.001085389 -0.041632358 -0.000263633 0.001085020 0.999999344 1.355206132
0.999998152 0.001915876 0.000158901 0.017954044 -0.001915694 0.999997616 -0.001135101 -0.044431537 -0.000161075 0.001134795 0.999999344 1.548851848
0.999998689 0.001604006 0.000292390 0.025850277 -0.001603764 0.999998391 -0.000825187 -0.055331655 -0.000293714 0.000824717 0.999999642 1.742167830
0.999998033 0.001944220 0.000414259 0.023047423 -0.001943957 0.999997914 -0.000634425 -0.063546263 -0.000415491 0.000633618 0.999999702 1.938048244
0.999998987 0.001405308 0.000256175 0.032724716 -0.001405171 0.999998927 -0.000533500 -0.069829680 -0.000256925 0.000533139 0.999999821 2.149648190
0.999998629 0.001636585 0.000268750 0.033680219 -0.001636398 0.999998331 -0.000694736 -0.073481083 -0.000269887 0.000694295 0.999999702 2.373256683
0.999998510 0.001701553 0.000310716 0.040557466 -0.001701356 0.999998331 -0.000635433 -0.082992554 -0.000311797 0.000634903 0.999999762 2.593044519
0.999998391 0.001710849 0.000523514 0.039479859 -0.001710631 0.999998450 -0.000416592 -0.091741599 -0.000524226 0.000415696 0.999999762 2.823692322
0.999999166 0.001303781 0.000343115 0.046575192 -0.001303651 0.999999106 -0.000377555 -0.095255703 -0.000343607 0.000377107 0.999999881 3.062993526
0.999997556 0.002082241 0.000648230 0.047912754 -0.002082177 0.999997795 -0.000099642 -0.107241213 -0.000648436 0.000098292 0.999999762 3.300432205
0.999997258 0.002097549 0.000979200 0.051016133 -0.002097570 0.999997795 0.000019948 -0.114087783 -0.000979156 -0.000022002 0.999999523 3.553116798
0.999997318 0.002177866 0.000702394 0.056066800 -0.002177839 0.999997616 -0.000039887 -0.122800566 -0.000702479 0.000038357 0.999999702 3.809042215
0.999997437 0.002083004 0.000760886 0.063834876 -0.002083214 0.999997675 0.000275679 -0.130130231 -0.000760310 -0.000277263 0.999999762 4.064106464
0.999996841 0.002307674 0.000980813 0.070044994 -0.002307849 0.999997318 0.000177320 -0.135659456 -0.000980401 -0.000179583 0.999999583 4.318500996
0.999997258 0.002146052 0.000847050 0.075182565 -0.002146115 0.999997675 0.000073249 -0.142530918 -0.000846891 -0.000075067 0.999999583 4.586151123
0.999996841 0.002351239 0.000829390 0.081696175 -0.002351366 0.999997199 0.000153092 -0.151514933 -0.000829028 -0.000155042 0.999999642 4.842398643
0.999996006 0.002554328 0.001183588 0.082175806 -0.002554377 0.999996662 0.000040244 -0.153833449 -0.001183481 -0.000043267 0.999999285 5.109128952
0.999996305 0.002466813 0.001135333 0.088910446 -0.002466805 0.999996960 -0.000008755 -0.162636429 -0.001135352 0.000005955 0.999999285 5.370916367
0.999995887 0.002641035 0.001090339 0.094847351 -0.002640892 0.999996543 -0.000132021 -0.170666084 -0.001090683 0.000129141 0.999999404 5.642810822
0.999996185 0.002457933 0.001283118 0.094095826 -0.002458095 0.999996960 0.000124097 -0.179442823 -0.001282809 -0.000127251 0.999999166 5.911211014
0.999994397 0.003090710 0.001344027 0.104263745 -0.003090557 0.999995232 -0.000116539 -0.183834910 -0.001344380 0.000112385 0.999999106 6.195305824
0.999994040 0.003134289 0.001416403 0.107149929 -0.003134595 0.999995053 0.000214088 -0.194868013 -0.001415725 -0.000218527 0.999998927 6.474405289
0.999995828 0.002548322 0.001338932 0.113970324 -0.002548601 0.999996722 0.000206471 -0.201719895 -0.001338401 -0.000209883 0.999999106 6.773554325
0.999993861 0.003103877 0.001615890 0.118481822 -0.003104318 0.999995112 0.000270226 -0.209602103 -0.001615044 -0.000275240 0.999998748 7.070596695
0.999994695 0.002891790 0.001504293 0.125889599 -0.002892199 0.999995768 0.000269967 -0.221143991 -0.001503506 -0.000274316 0.999998808 7.374590397
0.999994218 0.002940652 0.001708304 0.132074326 -0.002940873 0.999995708 0.000127233 -0.232448325 -0.001707922 -0.000132256 0.999998510 7.678004742
0.999994457 0.002896659 0.001671813 0.137016207 -0.002896936 0.999995768 0.000163299 -0.236984432 -0.001671333 -0.000168141 0.999998569 8.007553101
0.999994338 0.002863100 0.001774048 0.142769471 -0.002864040 0.999995768 0.000527830 -0.252956569 -0.001772530 -0.000532908 0.999998271 8.318181038
0.999994397 0.002773961 0.001871493 0.154820889 -0.002774457 0.999996126 0.000262281 -0.264175832 -0.001870758 -0.000267472 0.999998212 8.639078140
0.999994278 0.002846404 0.001818888 0.158860087 -0.002847052 0.999995887 0.000353799 -0.268504113 -0.001817873 -0.000358976 0.999998271 8.993390083
0.999994874 0.002817249 0.001491134 0.167401001 -0.002817957 0.999995887 0.000473177 -0.277222157 -0.001489794 -0.000477377 0.999998748 9.334632874
0.999991298 0.003587804 0.002135250 0.168179691 -0.003589087 0.999993384 0.000597574 -0.294261694 -0.002133092 -0.000605232 0.999997556 9.672816277
0.999992609 0.003266702 0.002030662 0.176925018 -0.003268407 0.999994397 0.000836638 -0.303679854 -0.002027917 -0.000843269 0.999997616 10.023042679
0.999990880 0.003741541 0.002022755 0.179181099 -0.003742783 0.999992728 0.000610648 -0.314497948 -0.002020456 -0.000618213 0.999997795 10.389831543
0.999991655 0.003403315 0.002236577 0.187401786 -0.003404425 0.999993980 0.000492332 -0.322065830 -0.002234889 -0.000499942 0.999997437 10.760284424
0.999992907 0.003121787 0.002101658 0.196901456 -0.003122995 0.999994934 0.000571828 -0.330526829 -0.002099863 -0.000578387 0.999997675 11.128022194
0.999991894 0.003306283 0.002273537 0.201112956 -0.003307977 0.999994278 0.000741745 -0.345089138 -0.002271072 -0.000749260 0.999997139 11.512228012
0.999990702 0.003676944 0.002229721 0.209983319 -0.003678966 0.999992847 0.000903529 -0.354202449 -0.002226382 -0.000911724 0.999997139 11.894531250
0.999989212 0.003771253 0.002703079 0.216070309 -0.003774284 0.999992251 0.001117157 -0.370449811 -0.002698844 -0.001127347 0.999995708 12.270573616
0.999989808 0.003695931 0.002588372 0.227799743 -0.003698968 0.999992490 0.001169522 -0.381681621 -0.002584029 -0.001179085 0.999995947 12.656608582
0.999988258 0.003822112 0.002971585 0.231539071 -0.003826468 0.999991536 0.001461699 -0.394758761 -0.002965973 -0.001473053 0.999994516 13.058054924
0.999990523 0.003421441 0.002708091 0.249280274 -0.003425427 0.999993086 0.001468751 -0.409265071 -0.002703047 -0.001478013 0.999995232 13.451852798
0.999989569 0.003511755 0.002927724 0.248477206 -0.003516339 0.999992609 0.001562367 -0.421564907 -0.002922216 -0.001572645 0.999994457 13.864645958
0.999988556 0.003778764 0.002938331 0.259137005 -0.003784291 0.999991119 0.001877939 -0.432449669 -0.002931208 -0.001889037 0.999993861 14.280770302
0.999985814 0.003887485 0.003666578 0.265343547 -0.003893152 0.999991298 0.001539716 -0.443908423 -0.003660561 -0.001553969 0.999992132 14.699865341
0.999987423 0.003543671 0.003542793 0.278041661 -0.003549924 0.999992132 0.001760333 -0.457525045 -0.003536527 -0.001772887 0.999992192 15.136053085
0.999985874 0.003696492 0.003821154 0.288832575 -0.003702757 0.999991834 0.001633786 -0.468727827 -0.003815083 -0.001647912 0.999991357 15.584399223
0.999982476 0.003967620 0.004421624 0.296625346 -0.003974778 0.999990821 0.001611118 -0.478346378 -0.004415191 -0.001628664 0.999988914 16.025583267
0.999980807 0.004343752 0.004432936 0.310889244 -0.004352379 0.999988675 0.001938256 -0.492229998 -0.004424467 -0.001957512 0.999988258 16.466894150
0.999979854 0.003966175 0.004958659 0.321244657 -0.003972578 0.999991298 0.001282093 -0.502616465 -0.004953531 -0.001301766 0.999986887 16.900262833
0.999981225 0.003642450 0.004919560 0.327494442 -0.003649501 0.999992311 0.001424915 -0.516004801 -0.004914331 -0.001442842 0.999986887 17.369087219
0.999983072 0.003370685 0.004747616 0.338844776 -0.003379021 0.999992728 0.001748833 -0.530559242 -0.004741686 -0.001764846 0.999987185 17.833713531
0.999974191 0.004167517 0.005856961 0.346416980 -0.004174998 0.999990463 0.001265761 -0.537972748 -0.005851630 -0.001290182 0.999981999 18.305099487
0.999973476 0.004440673 0.005780882 0.360144407 -0.004451510 0.999988377 0.001863228 -0.550437093 -0.005772540 -0.001888912 0.999981582 18.773689270
0.999977291 0.003781111 0.005588069 0.378398836 -0.003790030 0.999991536 0.001586380 -0.565285206 -0.005582022 -0.001607523 0.999983132 19.252416611
0.999971032 0.004566233 0.006094096 0.387706280 -0.004577260 0.999987900 0.001796799 -0.582149088 -0.006085817 -0.001824641 0.999979794 19.724493027
0.999974370 0.003925994 0.005984609 0.399312258 -0.003938740 0.999990046 0.002119632 -0.596131146 -0.005976226 -0.002143149 0.999979794 20.214159012
0.999975145 0.003880164 0.005892000 0.418855786 -0.003893717 0.999989808 0.002290473 -0.611521244 -0.005883052 -0.002313358 0.999980032 20.703201294
0.999971211 0.004444220 0.006152915 0.419911265 -0.004457141 0.999988019 0.002087978 -0.620028794 -0.006143561 -0.002115342 0.999978900 21.203273773
0.999979079 0.003958828 0.005133235 0.435846865 -0.003965409 0.999991477 0.001272727 -0.625213146 -0.005128152 -0.001293055 0.999986053 21.713697433
0.999977529 0.004182557 0.005235469 0.439873308 -0.004191376 0.999989808 0.001674902 -0.644694149 -0.005228411 -0.001696809 0.999984920 22.223730087
0.999979436 0.004243838 0.004798112 0.452280879 -0.004250377 0.999990106 0.001353670 -0.654635966 -0.004792320 -0.001374036 0.999987602 22.734041214
0.999976337 0.004898408 0.004817588 0.454126239 -0.004907239 0.999986231 0.001822843 -0.675637364 -0.004808593 -0.001846441 0.999986649 23.261663437
0.999984026 0.004266559 0.003693789 0.468681991 -0.004271814 0.999989867 0.001415995 -0.686843574 -0.003687710 -0.001431752 0.999992073 23.796594620
0.999988198 0.003359282 0.003521351 0.479717046 -0.003364304 0.999993265 0.001421065 -0.700580955 -0.003516554 -0.001432895 0.999992788 24.343753815
0.999984801 0.004433551 0.003281981 0.485956907 -0.004439950 0.999988377 0.001944922 -0.722446144 -0.003273320 -0.001959464 0.999992669 24.842914581
0.999987423 0.004367006 0.002455542 0.499746352 -0.004372077 0.999988317 0.002063371 -0.733255267 -0.002446503 -0.002074081 0.999994874 25.390165329
0.999986529 0.004872378 0.001788461 0.509827435 -0.004876241 0.999985754 0.002161795 -0.747557938 -0.001777903 -0.002170486 0.999996066 25.931098938
0.999987185 0.004818357 0.001496947 0.522136927 -0.004821195 0.999986529 0.001898356 -0.763371170 -0.001487780 -0.001905549 0.999997079 26.474615097
0.999990344 0.004195344 0.001263265 0.534463048 -0.004198493 0.999988019 0.002499938 -0.780287445 -0.001252763 -0.002505218 0.999996066 27.037336349
0.999988914 0.004552492 0.001132926 0.535129309 -0.004555264 0.999986529 0.002455743 -0.796541989 -0.001121731 -0.002460877 0.999996364 27.606071472
0.999985695 0.005215602 0.001145536 0.549365997 -0.005218668 0.999982774 0.002690989 -0.816467047 -0.001131481 -0.002696928 0.999995708 28.116870880
0.999983072 0.005767413 0.000829355 0.558435261 -0.005769644 0.999979734 0.002714289 -0.827161312 -0.000813684 -0.002719029 0.999995947 28.678298950
0.999984443 0.005520209 0.000785797 0.565633655 -0.005522399 0.999980748 0.002810497 -0.842640698 -0.000770267 -0.002814792 0.999995768 29.215734482
0.999986649 0.005148343 0.000245124 0.578953862 -0.005148954 0.999983430 0.002558881 -0.855388224 -0.000231946 -0.002560109 0.999996781 29.770410538
0.999985039 0.005463086 0.000182857 0.585903466 -0.005463539 0.999981761 0.002578893 -0.866188109 -0.000168764 -0.002579853 0.999996662 30.308462143
0.999982119 0.005972074 0.000194383 0.596920133 -0.005972567 0.999978721 0.002636464 -0.882860899 -0.000178633 -0.002637578 0.999996483 30.858758926
0.999983072 0.005805766 0.000262485 0.599611759 -0.005806449 0.999979675 0.002685098 -0.898020804 -0.000246891 -0.002686577 0.999996364 31.394336700
0.999978185 0.006602304 -0.000175783 0.608652830 -0.006601879 0.999975502 0.002320128 -0.909478784 0.000191097 -0.002318917 0.999997258 31.948564529
0.999972999 0.007338695 0.000521115 0.611409068 -0.007339900 0.999970317 0.002348961 -0.924929202 -0.000503861 -0.002352722 0.999997139 32.499160767
0.999968767 0.007896611 -0.000026646 0.624180794 -0.007896530 0.999966323 0.002238399 -0.939096570 0.000044320 -0.002238119 0.999997437 33.035449982
0.999971271 0.007538061 -0.000812766 0.647052169 -0.007536073 0.999968708 0.002420346 -0.957724512 0.000830986 -0.002414151 0.999996781 33.595737457
0.999982417 0.005809891 -0.001206578 0.656124175 -0.005806646 0.999979496 0.002675577 -0.967505157 0.001222098 -0.002668523 0.999995708 34.148029327
0.999977410 0.006548059 -0.001575582 0.664821625 -0.006543992 0.999975264 0.002573274 -0.980095685 0.001592393 -0.002562905 0.999995470 34.694786072
0.999977887 0.006438662 -0.001685241 0.674342871 -0.006434411 0.999976158 0.002515331 -0.995127141 0.001701397 -0.002504431 0.999995470 35.242488861
0.999986053 0.004748853 -0.002318249 0.709930241 -0.004742324 0.999984682 0.002814448 -1.014731050 0.002331579 -0.002803414 0.999993384 35.751415253
0.999984503 0.005133677 -0.002119862 0.697623312 -0.005128354 0.999983728 0.002508883 -1.021280408 0.002132707 -0.002497973 0.999994636 36.324840546
0.999981940 0.005652661 -0.002006088 0.703792632 -0.005648097 0.999981463 0.002274074 -1.035062313 0.002018905 -0.002262702 0.999995410 36.878334045
0.999984443 0.005183377 -0.002058063 0.716908813 -0.005177913 0.999983072 0.002651618 -1.049733639 0.002071773 -0.002640920 0.999994278 37.413379669
0.999983668 0.005192003 -0.002381060 0.734863043 -0.005186339 0.999983668 0.002378912 -1.064071417 0.002393372 -0.002366524 0.999994278 37.954730988
0.999984622 0.004687459 -0.002960774 0.746323824 -0.004681525 0.999987006 0.002008151 -1.070490122 0.002970148 -0.001994259 0.999993563 38.519226074
0.999983609 0.005270826 -0.002242402 0.739849210 -0.005265849 0.999983609 0.002219446 -1.086206794 0.002254064 -0.002207602 0.999994993 39.071361542
0.999983549 0.005276058 -0.002216189 0.756045759 -0.005270547 0.999983013 0.002485030 -1.105893970 0.002229261 -0.002473309 0.999994397 39.587146759
0.999985278 0.004769721 -0.002598659 0.769679070 -0.004762990 0.999985337 0.002590005 -1.122995377 0.002610975 -0.002577590 0.999993205 40.135093689
0.999984622 0.004541731 -0.003152515 0.790841043 -0.004533775 0.999986529 0.002526110 -1.143560767 0.003163947 -0.002511779 0.999991834 40.683483124
0.999986887 0.004068633 -0.003113394 0.805533886 -0.004059023 0.999987006 0.003086331 -1.166143537 0.003125911 -0.003073653 0.999990404 41.224983215
0.999983072 0.005014671 -0.002927120 0.812206030 -0.005006650 0.999983668 0.002740969 -1.169553638 0.002940817 -0.002726268 0.999991953 41.778644562
0.999982774 0.005229652 -0.002715219 0.816404343 -0.005222546 0.999982953 0.002617246 -1.180680990 0.002728859 -0.002603020 0.999992907 42.281444550
0.999983549 0.005136592 -0.002569570 0.825293243 -0.005128721 0.999982178 0.003060167 -1.198467970 0.002585243 -0.003046938 0.999992013 42.830982208
0.999984682 0.004659864 -0.002987072 0.842490792 -0.004649685 0.999983370 0.003405149 -1.221138597 0.003002890 -0.003391207 0.999989748 43.361595154
0.999977708 0.006048259 -0.002834765 0.840747952 -0.006042300 0.999979556 0.002105573 -1.215276599 0.002847441 -0.002088398 0.999993742 43.899131775
0.999979317 0.005799278 -0.002770788 0.848712146 -0.005793582 0.999981165 0.002058975 -1.228755236 0.002782676 -0.002042879 0.999994040 44.439922333
0.999979198 0.005885682 -0.002644340 0.859204292 -0.005880061 0.999980450 0.002128465 -1.240739226 0.002656815 -0.002112872 0.999994218 44.971004486
0.999976099 0.006417792 -0.002616911 0.866573155 -0.006412570 0.999977410 0.001999084 -1.255815148 0.002629682 -0.001982254 0.999994576 45.508338928
0.999975145 0.006562545 -0.002565079 0.875229537 -0.006557955 0.999976873 0.001792867 -1.264077306 0.002576787 -0.001776000 0.999995112 46.049659729
0.999974072 0.006741806 -0.002508172 0.883494854 -0.006736873 0.999975383 0.001970102 -1.285202503 0.002521393 -0.001953153 0.999994934 46.582118988
0.999975324 0.006497852 -0.002680996 0.899165988 -0.006492564 0.999976993 0.001976612 -1.300217748 0.002693777 -0.001959157 0.999994516 47.114959717
0.999975979 0.006312308 -0.002874046 0.897483468 -0.006306473 0.999978125 0.002034399 -1.311651945 0.002886825 -0.002016225 0.999993801 47.695705414
0.999977827 0.006040572 -0.002810107 0.912329972 -0.006035107 0.999979913 0.001949386 -1.323050380 0.002821826 -0.001932384 0.999994159 48.207260132
0.999974549 0.006613972 -0.002672065 0.916014254 -0.006607982 0.999975681 0.002244039 -1.340730190 0.002686842 -0.002226325 0.999993920 48.752120972
0.999975681 0.006356093 -0.002864462 0.929580748 -0.006349307 0.999977052 0.002371933 -1.356932402 0.002879473 -0.002353688 0.999993026 49.283878326
0.999976695 0.006183087 -0.002898349 0.953426719 -0.006176755 0.999978483 0.002188573 -1.365212679 0.002911819 -0.002170619 0.999993443 49.831275940
0.999974072 0.006757938 -0.002492988 0.935783565 -0.006752772 0.999975026 0.002074816 -1.379489779 0.002506948 -0.002057928 0.999994755 50.364631653
0.999972045 0.007123608 -0.002253165 0.948795497 -0.007118918 0.999972522 0.002082758 -1.394120336 0.002267940 -0.002066660 0.999995291 50.920509338
0.999975443 0.006494323 -0.002614507 0.963121653 -0.006487418 0.999975383 0.002641041 -1.417104006 0.002631595 -0.002624014 0.999993086 51.418453217
0.999972284 0.006888007 -0.002800415 0.966913640 -0.006881624 0.999973714 0.002282168 -1.425439596 0.002816060 -0.002262834 0.999993443 51.962280273
0.999973595 0.006791318 -0.002582047 0.974474072 -0.006785570 0.999974489 0.002228379 -1.442034602 0.002597115 -0.002210800 0.999994159 52.498764038
0.999973297 0.006874726 -0.002473343 0.984882653 -0.006868740 0.999973416 0.002420533 -1.458347321 0.002489918 -0.002403479 0.999994040 53.034744263
0.999975383 0.006302619 -0.003097454 0.996373594 -0.006295156 0.999977231 0.002413778 -1.476632118 0.003112596 -0.002394220 0.999992311 53.572711945
0.999973536 0.006955424 -0.002126312 0.997943819 -0.006951025 0.999973655 0.002069812 -1.486556888 0.002140653 -0.002054977 0.999995589 54.111743927
0.999971986 0.007215695 -0.001962357 1.001547456 -0.007211641 0.999971867 0.002065126 -1.499724984 0.001977202 -0.002050917 0.999995947 54.634456635
0.999969006 0.007664833 -0.001820575 1.008455276 -0.007661278 0.999968767 0.001952058 -1.510725856 0.001835480 -0.001938050 0.999996483 55.190139771
0.999975324 0.006632306 -0.002292984 1.024415970 -0.006627855 0.999976158 0.001943346 -1.526542544 0.002305818 -0.001928100 0.999995470 55.706275940
0.999972522 0.007090081 -0.002147006 1.024667621 -0.007085308 0.999972463 0.002222419 -1.539535165 0.002162704 -0.002207146 0.999995232 56.254302979
0.999973416 0.007024997 -0.002027072 1.036519289 -0.007020627 0.999972999 0.002155481 -1.556117892 0.002042160 -0.002141192 0.999995589 56.782119751
0.999969780 0.007570112 -0.001815429 1.037777781 -0.007566147 0.999969006 0.002180985 -1.570844650 0.001831883 -0.002167183 0.999995947 57.314819336
0.999974132 0.006895547 -0.002002878 1.053719997 -0.006891327 0.999974012 0.002106301 -1.583676338 0.002017349 -0.002092444 0.999995768 57.846393585
0.999975801 0.006707626 -0.001848689 1.064287305 -0.006703325 0.999974787 0.002322851 -1.601602435 0.001864224 -0.002310403 0.999995589 58.415779114
0.999973893 0.006971435 -0.001867048 1.066565037 -0.006967649 0.999973655 0.002026086 -1.603795409 0.001881123 -0.002013024 0.999996185 58.899551392
0.999976277 0.006660949 -0.001759265 1.081780553 -0.006656826 0.999975085 0.002339101 -1.629706621 0.001774801 -0.002327335 0.999995649 59.414653778
0.999973774 0.006940135 -0.002070085 1.094729304 -0.006936265 0.999974191 0.001870535 -1.639882684 0.002083013 -0.001856127 0.999996066 59.965549469
0.999976099 0.006589356 -0.002098634 1.106959581 -0.006584305 0.999975443 0.002404623 -1.650864244 0.002114427 -0.002390747 0.999994814 60.520248413
0.999975801 0.006767759 -0.001593462 1.103600383 -0.006764113 0.999974489 0.002282826 -1.668875456 0.001608870 -0.002271993 0.999996126 61.018386841
0.999975383 0.006826364 -0.001593514 1.119204044 -0.006822988 0.999974430 0.002114346 -1.682918906 0.001607907 -0.002103422 0.999996483 61.564647675
0.999976933 0.006638560 -0.001434551 1.121962309 -0.006635240 0.999975324 0.002306018 -1.699747562 0.001449826 -0.002296446 0.999996305 62.078609467
0.999974310 0.007019346 -0.001410179 1.133466244 -0.007016244 0.999972939 0.002192835 -1.713585734 0.001425533 -0.002182884 0.999996543 62.616649628
0.999972761 0.007242963 -0.001418758 1.139032841 -0.007240029 0.999971688 0.002061711 -1.722558618 0.001433651 -0.002051383 0.999996781 63.145103455
0.999974132 0.007027905 -0.001538133 1.148354173 -0.007025318 0.999973893 0.001680544 -1.736881852 0.001549906 -0.001669695 0.999997377 63.685897827
0.999975801 0.006800091 -0.001462532 1.156075120 -0.006797118 0.999974847 0.002027782 -1.750398040 0.001476283 -0.002017792 0.999996841 64.206413269
0.999974549 0.007022833 -0.001263973 1.160639763 -0.007020779 0.999974012 0.001622597 -1.760132670 0.001275336 -0.001613681 0.999997854 64.743110657
0.999975324 0.006940995 -0.001079647 1.166858792 -0.006939047 0.999974310 0.001797002 -1.776971340 0.001092093 -0.001789466 0.999997735 65.268501282
0.999974430 0.007098896 -0.000896791 1.176254153 -0.007097487 0.999973595 0.001564667 -1.788529396 0.000907874 -0.001558262 0.999998391 65.796150208
0.999975741 0.006904447 -0.000841222 1.186287403 -0.006903092 0.999974906 0.001602327 -1.803587198 0.000852264 -0.001596481 0.999998391 66.341072083
0.999972343 0.007409253 -0.000733595 1.194761157 -0.007408197 0.999971569 0.001433189 -1.820058107 0.000744193 -0.001427715 0.999998748 66.888015747
0.999975979 0.006852414 -0.001060554 1.211140394 -0.006850617 0.999975204 0.001686934 -1.832613945 0.001072086 -0.001679629 0.999998033 67.408485413
0.999979377 0.006175734 -0.001730137 1.230563164 -0.006172995 0.999979734 0.001583754 -1.841034889 0.001739883 -0.001573041 0.999997318 68.014961243
0.999972403 0.007374976 -0.000867083 1.227447629 -0.007373670 0.999971688 0.001498596 -1.865823746 0.000878111 -0.001492161 0.999998510 68.474250793
0.999974370 0.007061902 -0.001176842 1.239883184 -0.007059982 0.999973774 0.001626540 -1.877648711 0.001188298 -0.001618190 0.999997973 69.003738403
0.999970615 0.007611746 -0.000941848 1.249046445 -0.007610336 0.999969900 0.001491356 -1.896778345 0.000953172 -0.001484144 0.999998450 69.535583496
0.999973893 0.007198233 -0.000729336 1.258844972 -0.007197036 0.999972701 0.001630272 -1.914017439 0.000741050 -0.001624980 0.999998391 70.084915161
0.999977171 0.006769355 -0.000273582 1.258661747 -0.006768940 0.999976039 0.001495044 -1.928089738 0.000283696 -0.001493158 0.999998808 70.614967346
0.999979377 0.006284960 -0.001309502 1.285658836 -0.006283229 0.999979377 0.001321540 -1.939950705 0.001317780 -0.001313285 0.999998271 71.131477356
0.999984920 0.005030042 -0.002203205 1.302548051 -0.005026192 0.999985874 0.001749655 -1.958536267 0.002211974 -0.001738555 0.999996066 71.677429199
0.999982178 0.005775690 -0.001496457 1.301684499 -0.005773994 0.999982834 0.001134640 -1.967754364 0.001502985 -0.001125979 0.999998212 72.216171265
0.999978900 0.006313791 -0.001496759 1.306900024 -0.006312546 0.999979794 0.000834422 -1.987302899 0.001501997 -0.000824956 0.999998569 72.745651245
0.999981582 0.005858531 -0.001569890 1.321250916 -0.005856016 0.999981582 0.001602076 -1.999214530 0.001579247 -0.001592853 0.999997437 73.295227051
0.999982595 0.005716058 -0.001467174 1.333457470 -0.005713952 0.999982774 0.001435891 -2.014424562 0.001475357 -0.001427483 0.999997914 73.831573486
0.999983072 0.005486888 -0.001909416 1.347814322 -0.005483299 0.999983191 0.001879463 -2.024452448 0.001919696 -0.001868961 0.999996424 74.388595581
0.999983370 0.005597495 -0.001480233 1.354683995 -0.005595165 0.999983132 0.001572971 -2.042084694 0.001489012 -0.001564662 0.999997675 74.898887634
0.999982178 0.005904437 -0.000951464 1.361607075 -0.005903108 0.999981701 0.001392690 -2.057483196 0.000959670 -0.001387049 0.999998629 75.440490723
0.999983132 0.005676843 -0.001234795 1.371350288 -0.005675053 0.999982774 0.001447576 -2.071453810 0.001242992 -0.001440544 0.999998212 75.962928772
0.999982119 0.005919137 -0.000890382 1.383195519 -0.005918545 0.999982297 0.000665783 -2.086039782 0.000894307 -0.000660501 0.999999344 76.503738403
0.999982953 0.005629423 -0.001543527 1.395671368 -0.005628039 0.999983668 0.000899759 -2.097380161 0.001548567 -0.000891057 0.999998331 77.045455933
0.999981701 0.005786140 -0.001764086 1.398210049 -0.005783026 0.999981582 0.001765811 -2.122252226 0.001774271 -0.001755577 0.999996841 77.587394714
0.999986589 0.004929580 -0.001580370 1.421033382 -0.004927831 0.999987185 0.001109250 -2.126755238 0.001585819 -0.001101447 0.999998152 78.105537415
0.999987245 0.004616281 -0.002070906 1.434639573 -0.004614504 0.999989033 0.000861506 -2.141725779 0.002074860 -0.000851938 0.999997497 78.640930176
0.999986887 0.004772560 -0.001827018 1.442209005 -0.004770543 0.999988019 0.001106900 -2.154115438 0.001832278 -0.001098170 0.999997735 79.185234070
0.999987423 0.004591106 -0.002024569 1.457733989 -0.004588954 0.999988914 0.001066087 -2.172462940 0.002029441 -0.001056783 0.999997318 79.711326599
0.999986589 0.005082316 -0.001001100 1.467128992 -0.005081367 0.999986649 0.000947543 -2.183964968 0.001005902 -0.000942443 0.999999046 80.262069702
0.999989450 0.004593688 0.000157813 1.488600850 -0.004593838 0.999989033 0.000967381 -2.203371525 -0.000153368 -0.000968096 0.999999523 80.794258118
0.999989688 0.004426607 0.001022476 1.500732303 -0.004427548 0.999989748 0.000919752 -2.214954376 -0.001018394 -0.000924270 0.999999046 81.334953308
0.999985278 0.004880214 0.002353679 1.508541703 -0.004881295 0.999987960 0.000454114 -2.226334095 -0.002351434 -0.000465597 0.999997139 81.862411499
0.999974132 0.004681037 0.005466400 1.528985858 -0.004683590 0.999988914 0.000454382 -2.239633322 -0.005464213 -0.000479973 0.999984980 82.418998718
0.999962807 0.003585855 0.007836318 1.562446117 -0.003593698 0.999993026 0.000986974 -2.255156994 -0.007832724 -0.001015099 0.999968827 82.987457275
0.999918640 0.004514586 0.011924345 1.578255653 -0.004530574 0.999988854 0.001314209 -2.279511690 -0.011918278 -0.001368126 0.999928057 83.492004395
0.999861598 0.004281934 0.016074004 1.603432536 -0.004299302 0.999990165 0.001046118 -2.291172504 -0.016069368 -0.001115080 0.999870181 84.041343689
0.999743223 0.004672099 0.022171218 1.629001021 -0.004697051 0.999988437 0.001073480 -2.307664394 -0.022165949 -0.001177344 0.999753594 84.576416016
0.999601305 0.004251341 0.027914088 1.660682440 -0.004281203 0.999990344 0.001010118 -2.319339752 -0.027909528 -0.001129221 0.999609828 85.121971130
0.999409199 0.004742526 0.034041774 1.690597653 -0.004798218 0.999987304 0.001554477 -2.336618185 -0.034033969 -0.001716899 0.999419272 85.662597656
0.999104142 0.004402534 0.042089920 1.729871631 -0.004443594 0.999989748 0.000882011 -2.345481873 -0.042085610 -0.001068251 0.999113560 86.229873657
0.998713493 0.003939598 0.050554138 1.780709505 -0.003966978 0.999992013 0.000441262 -2.358406782 -0.050551992 -0.000641242 0.998721361 86.793052673
0.998313665 0.003902824 0.057919372 1.823128462 -0.003944567 0.999992073 0.000606409 -2.374260187 -0.057916537 -0.000833853 0.998321176 87.344299316
0.997757554 0.003930449 0.066816285 1.878566027 -0.003973379 0.999991953 0.000509623 -2.389650583 -0.066813752 -0.000773967 0.997765124 87.880577087
0.997030258 0.004004472 0.076906256 1.941486835 -0.004071229 0.999991477 0.000711270 -2.409215450 -0.076902747 -0.001022261 0.997038066 88.411941528
0.996345878 0.002994691 0.085357055 2.014447212 -0.003032486 0.999995470 0.000313123 -2.415393353 -0.085355721 -0.000570823 0.996350467 88.974090576
0.995722294 0.002448289 0.092363730 2.084379673 -0.002458912 0.999996960 0.000001215 -2.432645082 -0.092363462 -0.000228324 0.995725274 89.515480042
0.994728386 0.002627637 0.102510601 2.164652824 -0.002657766 0.999996483 0.000157332 -2.443761826 -0.102509819 -0.000428952 0.994731903 90.071838379
0.993581712 0.003396663 0.113065310 2.246705055 -0.003489289 0.999993801 0.000621343 -2.456996679 -0.113062486 -0.001011872 0.993587375 90.625862122
0.992568851 0.001365638 0.121676773 2.347786903 -0.001371272 0.999999046 -0.000037437 -2.472162724 -0.121676736 -0.000129693 0.992569745 91.160133362
0.991135597 0.000978186 0.132850707 2.442169189 -0.000962652 0.999999523 -0.000181154 -2.485234261 -0.132850841 0.000051659 0.991136074 91.700218201
0.989322782 0.000899044 0.145738304 2.541125298 -0.000921245 0.999999583 0.000084844 -2.502124310 -0.145738184 -0.000218198 0.989323199 92.249481201
0.987677217 0.000419392 0.156504571 2.649230957 -0.000439403 0.999999881 0.000093269 -2.517493963 -0.156504482 -0.000160888 0.987677336 92.795532227
0.985985935 0.000364575 0.166828111 2.765491486 -0.000368271 0.999999940 -0.000008780 -2.531608582 -0.166828111 -0.000052781 0.985985935 93.345298767
0.983673632 0.000593866 0.179961115 2.889498711 -0.000723449 0.999999523 0.000654429 -2.561768770 -0.179960623 -0.000773937 0.983673513 93.855735779
0.981426716 -0.000318063 0.191837147 3.016910553 0.000276130 0.999999940 0.000245321 -2.567246437 -0.191837206 -0.000187792 0.981426716 94.402748108
0.979455292 -0.000899065 0.201659083 3.147678375 0.000826046 0.999999523 0.000446246 -2.582559824 -0.201659381 -0.000270499 0.979455590 94.934089661
0.976713121 -0.001455723 0.214544505 3.292606354 0.001376986 0.999998927 0.000516446 -2.599022865 -0.214544997 -0.000208995 0.976714015 95.454124451
0.973554969 -0.000753914 0.228451297 3.422573090 0.000614543 0.999999583 0.000681206 -2.614560366 -0.228451699 -0.000522798 0.973555088 96.003479004
0.971021473 -0.001849793 0.238984868 3.575698853 0.001786535 0.999998331 0.000481312 -2.627230406 -0.238985330 -0.000040409 0.971023142 96.526107788
0.968455553 -0.002880831 0.249169558 3.746154785 0.002699731 0.999995768 0.001068545 -2.650474072 -0.249171570 -0.000362148 0.968459249 97.010032654
0.964569688 -0.001262869 0.263825178 3.905010223 0.000942863 0.999998629 0.001339562 -2.673826218 -0.263826519 -0.001043350 0.964569569 97.544059753
0.961142719 -0.001582000 0.276047558 4.079631805 0.001274929 0.999998331 0.001291841 -2.686284542 -0.276049167 -0.000889702 0.961143136 98.075775146
0.957491755 -0.001838735 0.288454771 4.255331039 0.001462841 0.999997795 0.001518688 -2.701667309 -0.288456917 -0.001032167 0.957492292 98.603652954
0.953288972 -0.001710976 0.302054882 4.449630737 0.001365540 0.999998093 0.001354780 -2.715237617 -0.302056611 -0.000879029 0.953289568 99.181854248
0.948761225 -0.002560830 0.315983355 4.649919510 0.002321120 0.999996662 0.001134972 -2.726206541 -0.315985203 -0.000343382 0.948764086 99.704330444
0.944938540 -0.002432354 0.327238679 4.854263306 0.002039380 0.999996662 0.001544002 -2.742763996 -0.327241331 -0.000791623 0.944940567 100.189445496
0.940049291 -0.002530226 0.341029257 5.040966034 0.002093028 0.999996364 0.001649911 -2.757355928 -0.341032237 -0.000837214 0.940051317 100.717559814
0.935011208 -0.003667819 0.354599267 5.270822525 0.003500718 0.999993324 0.001112760 -2.771887779 -0.354600936 0.000200909 0.935017765 101.210929871
0.930349171 -0.004022081 0.366652519 5.551919937 0.003671057 0.999991894 0.001654654 -2.803510427 -0.366656274 -0.000193404 0.930356443 101.789947510
0.925810456 -0.004859781 0.377956837 5.777160645 0.004698689 0.999988079 0.001348374 -2.814038992 -0.377958864 0.000527563 0.925822139 102.286209106
0.920026243 -0.004946440 0.391825438 6.015970230 0.004733751 0.999987662 0.001508846 -2.821108580 -0.391828120 0.000466626 0.920038283 102.770149231
0.913918495 -0.005073754 0.405865967 6.291194916 0.004827146 0.999987006 0.001631253 -2.840928316 -0.405869007 0.000468342 0.913931072 103.370399475
0.909050405 -0.005744865 0.416646510 6.542289734 0.005582035 0.999983072 0.001609078 -2.855541229 -0.416648775 0.000863003 0.909067094 103.855987549
0.903260648 -0.005718569 0.429054320 6.798988342 0.005345798 0.999983549 0.002073927 -2.874625921 -0.429059088 0.000420341 0.903276324 104.351936340
0.896935225 -0.006373237 0.442116052 7.079452515 0.006212914 0.999979079 0.001810662 -2.887918472 -0.442118347 0.001122781 0.896956146 104.853057861
0.890999556 -0.006672452 0.453955024 7.347187042 0.006814566 0.999975979 0.001322852 -2.895791769 -0.453952938 0.001914845 0.891023695 105.339416504
0.885268986 -0.006426170 0.465034962 7.628669739 0.006375022 0.999978304 0.001682504 -2.914180517 -0.465035707 0.001475139 0.885290802 105.816909790
0.877745867 -0.009134603 0.479039371 7.909915924 0.008892215 0.999956608 0.002774514 -2.938427687 -0.479043990 0.001824402 0.877789021 106.292900085
