1.000000000 0.000000000 0.000000000 0.000000000 0.000000000 1.000000000 0.000000000 0.000000000 0.000000000 0.000000000 1.000000000 0.000000000
1.000000000 0.000022506 0.000004932 -0.000339680 -0.000022506 1.000000000 0.000046423 -0.000036737 -0.000004931 -0.000046423 1.000000000 -0.001860340
1.000000000 0.000096440 0.000054178 -0.001966593 -0.000096439 1.000000000 -0.000006890 -0.000620622 -0.000054178 0.000006884 1.000000000 -0.001696417
1.000000000 -0.000033391 -0.000014961 0.001475133 0.000033392 1.000000000 0.000026827 -0.000150709 0.000014960 -0.000026827 1.000000000 -0.003384467
1.000000000 -0.000087220 -0.000009542 0.000777470 0.000087221 1.000000000 0.000047920 -0.000357043 0.000009538 -0.000047920 1.000000000 -0.002392766
1.000000000 -0.000007962 0.000039027 -0.000720812 0.000007961 1.000000000 0.000020812 -0.000186183 -0.000039027 -0.000020812 1.000000000 -0.001140715
1.000000000 -0.000040779 0.000046471 0.000547983 0.000040773 1.000000000 0.000109214 -0.000510715 -0.000046476 -0.000109212 1.000000000 -0.002504801
1.000000000 -0.000079437 0.000022141 -0.000328535 0.000079435 1.000000000 0.000094506 -0.000352355 -0.000022149 -0.000094504 1.000000000 0.002114106
1.000000000 -0.000005715 0.000004079 0.000247729 0.000005714 1.000000000 0.000027623 -0.000389721 -0.000004080 -0.000027623 1.000000000 -0.004445748
1.000000000 -0.000038310 0.000040330 0.000343552 0.000038307 1.000000000 0.000064093 -0.000196427 -0.000040332 -0.000064092 1.000000000 -0.004227921
1.000000000 0.000012666 0.000033730 -0.000130724 -0.000012666 1.000000000 0.000023280 -0.000258876 -0.000033730 -0.000023280 1.000000000 -0.001176538
1.000000000 -0.000073680 0.000013167 -0.000270009 0.000073679 1.000000000 0.000024345 -0.000537030 -0.000013169 -0.000024344 1.000000000 -0.005826770
1.000000000 -0.000102920 0.000092364 -0.000269604 0.000102911 1.000000000 0.000096923 -0.000678656 -0.000092374 -0.000096914 1.000000000 -0.001929203
1.000000000 -0.000044928 0.000077374 0.000200552 0.000044923 1.000000000 0.000064413 -0.000680011 -0.000077377 -0.000064409 1.000000000 -0.003565305
1.000000000 -0.000061203 0.000065668 -0.000225876 0.000061198 1.000000000 0.000083403 -0.000312193 -0.000065673 -0.000083399 1.000000000 -0.003314261
1.000000000 -0.000072382 0.000074117 -0.000351670 0.000072374 1.000000000 0.000111486 -0.000170041 -0.000074125 -0.000111481 1.000000000 -0.003269236
1.000000000 -0.000146649 0.000029270 -0.000137943 0.000146647 1.000000000 0.000071373 -0.000281304 -0.000029280 -0.000071369 1.000000000 -0.004479307
1.000000000 0.000035148 0.000029103 0.000910429 -0.000035152 1.000000000 0.000125334 -0.001299383 -0.000029098 -0.000125335 1.000000000 -0.008128939
1.000000000 -0.000168369 -0.000002262 0.002180255 0.000168369 1.000000000 0.000161706 -0.003034128 0.000002234 -0.000161707 1.000000000 -0.008388009
1.000000000 -0.000118625 -0.000006979 0.000434295 0.000118626 1.000000000 0.000046630 -0.000799490 0.000006974 -0.000046631 1.000000000 -0.005479968
1.000000000 -0.000117126 0.000034336 -0.000728837 0.000117121 1.000000000 0.000152672 -0.003048182 -0.000034353 -0.000152667 1.000000000 -0.003879218
1.000000000 -0.000016913 0.000132708 -0.003005610 0.000016906 1.000000000 0.000053931 -0.000052328 -0.000132709 -0.000053928 1.000000000 0.000495979
1.000000000 -0.000060387 0.000049870 -0.000804016 0.000060377 1.000000000 0.000204867 -0.002558947 -0.000049883 -0.000204864 1.000000000 -0.007900723
1.000000000 -0.000231509 -0.000013124 0.000485575 0.000231512 0.999999940 0.000187499 -0.002481378 0.000013080 -0.000187502 1.000000000 -0.004160379
1.000000000 -0.000074934 -0.000012271 0.000752861 0.000074936 1.000000000 0.000143235 -0.000507029 0.000012260 -0.000143236 1.000000000 -0.006827886
0.999999940 -0.000247931 0.000018849 0.001720831 0.000247926 0.999999940 0.000254998 -0.002493892 -0.000018913 -0.000254994 0.999999940 -0.007611811
1.000000000 -0.000120320 -0.000022585 0.001325249 0.000120323 1.000000000 0.000152458 -0.002855571 0.000022567 -0.000152461 1.000000000 -0.005109041
1.000000000 -0.000092700 -0.000012525 0.000960043 0.000092702 1.000000000 0.000172815 -0.001229802 0.000012509 -0.000172816 1.000000000 -0.003801215
1.000000000 -0.000184165 -0.000028019 -0.001044019 0.000184169 1.000000000 0.000152805 -0.000008360 0.000027991 -0.000152810 1.000000000 -0.005557779
1.000000000 -0.000128809 0.000047393 -0.000993980 0.000128803 1.000000000 0.000108561 -0.000504337 -0.000047407 -0.000108555 1.000000000 0.001402196
1.000000000 -0.000103686 0.000045297 -0.001809540 0.000103681 1.000000000 0.000118988 -0.000537879 -0.000045309 -0.000118983 1.000000000 -0.000998940
1.000000000 -0.000176463 -0.000032536 -0.001190485 0.000176466 1.000000000 0.000094766 -0.001581286 0.000032520 -0.000094772 1.000000000 -0.004885300
1.000000000 -0.000182955 0.000004024 0.000147009 0.000182955 0.999999940 0.000171923 -0.002636937 -0.000004055 -0.000171922 1.000000000 -0.006241197
1.000000000 0.000126767 0.000094446 -0.000981538 -0.000126774 1.000000000 0.000075595 -0.000056967 -0.000094436 -0.000075607 1.000000000 -0.001623369
1.000000000 -0.000094995 0.000006140 -0.000189562 0.000094995 1.000000000 0.000065318 -0.000683058 -0.000006146 -0.000065317 1.000000000 -0.002221040
1.000000000 -0.000125479 0.000011369 -0.000661992 0.000125479 1.000000000 0.000050415 -0.001206986 -0.000011376 -0.000050413 1.000000000 -0.004322379
1.000000000 -0.000115482 0.000041062 0.000521954 0.000115479 1.000000000 0.000063185 -0.000337711 -0.000041070 -0.000063181 1.000000000 -0.008746305
1.000000000 -0.000236263 -0.000045662 0.000584678 0.000236268 0.999999940 0.000106479 -0.000736594 0.000045637 -0.000106490 1.000000000 -0.006515955
1.000000000 -0.000154451 -0.000003988 0.000095808 0.000154451 1.000000000 0.000168332 -0.000527531 0.000003962 -0.000168332 1.000000000 -0.004273069
0.999999940 -0.000272392 -0.000101620 0.003084042 0.000272413 0.999999940 0.000207629 -0.004093257 0.000101563 -0.000207657 1.000000000 -0.006213523
1.000000000 -0.000212430 -0.000068220 0.004985875 0.000212400 0.999999881 -0.000428535 -0.007347448 0.000068311 0.000428521 0.999999881 0.045592375
0.999999940 -0.000288595 -0.000104714 0.007247150 0.000288485 0.999999404 -0.001045970 -0.006543808 0.000105015 0.001045940 0.999999464 0.141471505
0.999999940 -0.000272443 -0.000086665 0.008010605 0.000272331 0.999999106 -0.001287336 -0.013827006 0.000087015 0.001287313 0.999999166 0.254780382
0.999999940 -0.000347486 0.000068955 0.008565298 0.000347564 0.999999285 -0.001146893 -0.018709606 -0.000068557 0.001146917 0.999999344 0.388928503
1.000000000 0.000135372 -0.000102027 0.015491834 -0.000135474 0.999999523 -0.000996465 -0.022710867 0.000101892 0.000996479 0.999999523 0.532491028
1.000000000 -0.000162940 -0.000146968 0.013525060 0.000162816 0.999999642 -0.000839879 -0.020414822 0.000147105 0.000839855 0.999999642 0.714781404
1.000000000 -0.000286517 -0.000323234 0.024661187 0.000286341 0.999999821 -0.000544611 -0.025804380 0.000323390 0.000544518 0.999999821 0.884622574
0.999999881 -0.000257024 -0.000174404 0.021005493 0.000256943 0.999999821 -0.000465906 -0.032148283 0.000174524 0.000465861 0.999999881 1.047728539
1.000000000 -0.000065058 -0.000028262 0.020954261 0.000065044 0.999999940 -0.000509889 -0.037418831 0.000028295 0.000509888 0.999999881 1.224930167
1.000000000 -0.000010938 0.000138860 0.022817414 0.000010957 0.999999940 -0.000132994 -0.044678744 -0.000138859 0.000132996 0.999999940 1.408137798
0.999999940 0.000286458 0.000165441 0.024668796 -0.000286464 0.999999940 0.000039410 -0.051919993 -0.000165430 -0.000039458 1.000000000 1.599877715
0.999999881 0.000061115 0.000413229 0.029692359 -0.000061259 0.999999881 0.000348397 -0.062364992 -0.000413207 -0.000348422 0.999999821 1.798545718
0.999999821 -0.000014814 0.000504830 0.025493307 0.000014660 0.999999940 0.000305554 -0.066511512 -0.000504835 -0.000305547 0.999999821 2.004717350
0.999999821 0.000100527 0.000608712 0.030904679 -0.000100595 1.000000000 0.000111812 -0.071605317 -0.000608701 -0.000111874 0.999999821 2.226636171
0.999999762 -0.000053462 0.000594382 0.035541799 0.000053220 0.999999940 0.000407653 -0.079723835 -0.000594403 -0.000407621 0.999999702 2.429079056
0.999999762 -0.000025537 0.000719546 0.037947014 0.000025181 0.999999881 0.000495629 -0.086067706 -0.000719559 -0.000495611 0.999999642 2.667162895
0.999999821 0.000250551 0.000749343 0.041023120 -0.000250838 0.999999821 0.000381833 -0.094527736 -0.000749248 -0.000382021 0.999999642 2.879719019
0.999999940 0.000038107 0.000527425 0.058727566 -0.000038498 0.999999762 0.000742835 -0.101545423 -0.000527396 -0.000742855 0.999999583 3.110272408
0.999999821 0.000233378 0.000556111 0.055582184 -0.000233723 0.999999881 0.000620689 -0.113067873 -0.000555966 -0.000620819 0.999999642 3.350284100
0.999999762 0.000204286 0.000555452 0.061321728 -0.000204604 0.999999821 0.000572656 -0.114983097 -0.000555335 -0.000572769 0.999999702 3.592504978
0.999999940 -0.000023435 0.000438050 0.079963692 0.000023132 0.999999762 0.000690452 -0.123313293 -0.000438066 -0.000690442 0.999999642 3.859169960
0.999999523 0.000491766 0.000867789 0.070092775 -0.000492680 0.999999344 0.001053076 -0.133725151 -0.000867271 -0.001053503 0.999999046 4.114688396
0.999998510 0.001087126 0.001341203 0.077487528 -0.001088996 0.999998450 0.001394545 -0.146800652 -0.001339685 -0.001396004 0.999998093 4.356329441
0.999999106 0.000754579 0.001026089 0.083064280 -0.000756156 0.999998510 0.001538088 -0.157994777 -0.001024927 -0.001538862 0.999998271 4.617310524
0.999999404 0.000150910 0.001016343 0.088465162 -0.000152247 0.999999106 0.001315941 -0.162846640 -0.001016144 -0.001316095 0.999998629 4.874625683
0.999998987 0.000721060 0.001217376 0.086813815 -0.000722637 0.999998808 0.001295306 -0.173715949 -0.001216441 -0.001296184 0.999998450 5.132847309
0.999999166 0.000540997 0.001169276 0.095349446 -0.000542753 0.999998748 0.001502057 -0.182268664 -0.001168461 -0.001502691 0.999998212 5.396757603
0.999999166 0.000397019 0.001220226 0.100835040 -0.000398976 0.999998629 0.001604121 -0.191084966 -0.001219588 -0.001604607 0.999997973 5.668943882
0.999999225 0.000744867 0.001020737 0.109599009 -0.000746570 0.999998331 0.001669289 -0.201718420 -0.001019492 -0.001670050 0.999998093 5.932022572
0.999999106 0.000804116 0.001075981 0.113968648 -0.000806054 0.999998033 0.001801793 -0.216696933 -0.001074530 -0.001802659 0.999997795 6.196286201
0.999997795 0.001379740 0.001620978 0.114296108 -0.001382660 0.999997437 0.001801777 -0.221316010 -0.001618487 -0.001804014 0.999997139 6.489498615
0.999998510 0.000912324 0.001466780 0.127879336 -0.000915029 0.999997854 0.001845042 -0.234071225 -0.001465094 -0.001846381 0.999997199 6.768899441
0.999999106 0.000236605 0.001313669 0.140372097 -0.000239186 0.999997973 0.001964916 -0.244044632 -0.001313202 -0.001965228 0.999997199 7.062176704
0.999998927 0.000819820 0.001204085 0.150641441 -0.000821992 0.999998152 0.001804598 -0.248801544 -0.001202603 -0.001805586 0.999997675 7.370573521
0.999998927 0.000796760 0.001176009 0.163768515 -0.000798987 0.999997854 0.001894137 -0.263660967 -0.001174498 -0.001895075 0.999997497 7.660555840
0.999998450 0.000666978 0.001623287 0.161716074 -0.000670594 0.999997318 0.002228158 -0.277679771 -0.001621796 -0.002229243 0.999996126 7.992033958
0.999998331 0.001106035 0.001462662 0.173262313 -0.001109189 0.999997139 0.002156680 -0.288018435 -0.001460273 -0.002158299 0.999996603 8.308658600
0.999998450 0.001017636 0.001421969 0.178138956 -0.001021015 0.999996662 0.002377231 -0.300448418 -0.001419545 -0.002378680 0.999996185 8.642723083
0.999997735 0.001098580 0.001824619 0.179042488 -0.001103240 0.999996185 0.002555184 -0.312412769 -0.001821805 -0.002557191 0.999995053 8.976317406
0.999998152 0.000727887 0.001766553 0.186593235 -0.000731954 0.999997079 0.002302751 -0.316252172 -0.001764872 -0.002304040 0.999995828 9.318271637
0.999998450 0.000971925 0.001537702 0.202386722 -0.000975390 0.999996960 0.002253693 -0.324600637 -0.001535507 -0.002255189 0.999996305 9.671694756
0.999998271 0.001038626 0.001609394 0.204973921 -0.001042112 0.999997139 0.002166456 -0.333666265 -0.001607140 -0.002168129 0.999996364 10.021739960
0.999996841 0.001448478 0.002052868 0.212927163 -0.001452401 0.999997139 0.001910808 -0.341701657 -0.002050094 -0.001913784 0.999996066 10.385767937
0.999996841 0.001749790 0.001842993 0.225997403 -0.001753768 0.999996185 0.002158684 -0.354313642 -0.001839209 -0.002161909 0.999996006 10.745043755
0.999998093 0.001067336 0.001652940 0.230040058 -0.001071214 0.999996662 0.002346801 -0.365452051 -0.001650430 -0.002348568 0.999995887 11.131074905
0.999997914 0.001222348 0.001665946 0.235956073 -0.001226300 0.999996424 0.002372842 -0.376052767 -0.001663040 -0.002374880 0.999995828 11.514612198
0.999998093 0.001051195 0.001644913 0.256014884 -0.001055934 0.999995232 0.002882667 -0.396631211 -0.001641874 -0.002884398 0.999994516 11.889473915
0.999997973 0.001082516 0.001685889 0.262834847 -0.001087374 0.999995232 0.002883414 -0.403787971 -0.001682759 -0.002885241 0.999994457 12.272123337
0.999996722 0.001505595 0.002075510 0.272538573 -0.001511962 0.999994099 0.003069919 -0.422433347 -0.002070875 -0.003073047 0.999993145 12.665275574
0.999995589 0.001589363 0.002481687 0.278359473 -0.001597182 0.999993801 0.003151859 -0.427084565 -0.002476662 -0.003155809 0.999991953 13.055631638
0.999997020 0.001332283 0.002048745 0.290995300 -0.001338290 0.999994755 0.002934032 -0.449306875 -0.002044826 -0.002936765 0.999993622 13.463616371
0.999994397 0.001958729 0.002709691 0.296927333 -0.001967309 0.999993026 0.003167483 -0.463043153 -0.002703468 -0.003172796 0.999991357 13.875729561
0.999994755 0.002122036 0.002460998 0.308156997 -0.002130589 0.999991655 0.003478088 -0.475369632 -0.002453597 -0.003483313 0.999990940 14.292618752
0.999997497 0.000492338 0.002173002 0.344451398 -0.000501573 0.999990821 0.004251235 -0.532286644 -0.002170889 -0.004252314 0.999988556 14.688753128
0.999997258 0.000488271 0.002291596 0.358674675 -0.000498718 0.999989450 0.004560591 -0.546946347 -0.002289345 -0.004561721 0.999986947 15.097647667
0.999996483 0.000365616 0.002633959 0.366302848 -0.000377444 0.999989867 0.004491218 -0.554794788 -0.002632290 -0.004492196 0.999986410 15.528179169
0.999995112 0.000682682 0.003051471 0.392649889 -0.000698040 0.999987066 0.005034829 -0.593926907 -0.003047995 -0.005036935 0.999982595 15.974235535
0.999994874 0.000509018 0.003172535 0.406846285 -0.000525298 0.999986649 0.005132818 -0.604614735 -0.003169879 -0.005134458 0.999981761 16.418107986
0.999994636 0.000677703 0.003198827 0.419341803 -0.000694978 0.999985158 0.005402312 -0.620066881 -0.003195120 -0.005404505 0.999980271 16.852186203
0.999991059 0.001194542 0.004042407 0.430542558 -0.001214890 0.999986589 0.005034943 -0.633492351 -0.004036339 -0.005039809 0.999979138 17.334819794
0.999991179 0.001150907 0.004043127 0.442700803 -0.001170913 0.999987006 0.004949220 -0.641875386 -0.004037379 -0.004953911 0.999979496 17.795303345
0.999990344 0.000966065 0.004297307 0.454988897 -0.000986792 0.999987900 0.004823750 -0.655559897 -0.004292594 -0.004827945 0.999979019 18.263801575
0.999989331 0.000906765 0.004527901 0.467910767 -0.000928116 0.999988437 0.004715542 -0.661954880 -0.004523573 -0.004719694 0.999978602 18.733570099
0.999986351 0.001251034 0.005068369 0.476391196 -0.001275709 0.999987304 0.004868069 -0.675755084 -0.005062214 -0.004874468 0.999975264 19.194423676
0.999987364 0.001169928 0.004891286 0.492738366 -0.001196690 0.999984324 0.005472011 -0.701787293 -0.004884807 -0.005477796 0.999973059 19.653858185
0.999984741 0.001716183 0.005263163 0.508207321 -0.001746404 0.999981999 0.005742774 -0.718818009 -0.005253213 -0.005751878 0.999969661 20.116510391
0.999983311 0.001876031 0.005469048 0.507300794 -0.001906263 0.999982893 0.005527861 -0.727352858 -0.005458584 -0.005538195 0.999969780 20.627733231
0.999984324 0.001645370 0.005349351 0.517768204 -0.001675788 0.999982357 0.005686589 -0.743261397 -0.005339901 -0.005695465 0.999969482 21.119138718
0.999988377 0.002056016 0.004374176 0.531429589 -0.002082443 0.999979556 0.006045491 -0.756345749 -0.004361657 -0.006054529 0.999972105 21.616825104
0.999989331 0.002020927 0.004152765 0.559450984 -0.002047245 0.999977767 0.006342910 -0.774641156 -0.004139855 -0.006351344 0.999971211 22.122619629
0.999990284 0.001131249 0.004255814 0.577599227 -0.001160813 0.999975145 0.006950649 -0.808985770 -0.004247845 -0.006955522 0.999966741 22.596837997
0.999989629 0.001417961 0.004330606 0.577898085 -0.001449570 0.999972165 0.007304761 -0.825701475 -0.004320128 -0.007310962 0.999963939 23.097675323
0.999996006 0.000658169 0.002743224 0.599975169 -0.000676814 0.999976575 0.006801364 -0.831463277 -0.002738683 -0.006803193 0.999973118 23.629375458
0.999997199 0.000455316 0.002322596 0.615921617 -0.000470773 0.999977708 0.006658563 -0.847170830 -0.002319513 -0.006659638 0.999975145 24.156866074
0.999997914 0.000913552 0.001786003 0.629467964 -0.000925784 0.999976039 0.006859466 -0.859199047 -0.001779694 -0.006861106 0.999974906 24.679372787
0.999998629 0.001280059 0.001072867 0.642087638 -0.001287776 0.999973059 0.007223018 -0.871785879 -0.001063592 -0.007224389 0.999973357 25.213417053
0.999998987 0.001364223 0.000418674 0.648680985 -0.001367204 0.999973118 0.007206759 -0.883250177 -0.000408831 -0.007207324 0.999973893 25.744480133
0.999999106 0.001319763 0.000055394 0.660824299 -0.001320121 0.999974072 0.007076207 -0.896033943 -0.000046054 -0.007076275 0.999974966 26.294734955
0.999999404 0.001091421 -0.000144271 0.675487220 -0.001090295 0.999970615 0.007591166 -0.903932393 0.000152552 -0.007591004 0.999971092 26.847299576
0.999999344 0.000792639 -0.000794300 0.695617080 -0.000786644 0.999971449 0.007517732 -0.916910112 0.000800237 -0.007517101 0.999971449 27.377416611
0.999998510 0.001345291 -0.001104288 0.706089199 -0.001336992 0.999971092 0.007481827 -0.933004856 0.001114321 -0.007480340 0.999971390 27.923515320
0.999998331 0.001001211 -0.001547446 0.714575291 -0.000988980 0.999968410 0.007884935 -0.946176410 0.001555291 -0.007883390 0.999967694 28.461793900
0.999996960 0.000941703 -0.002244378 0.731382012 -0.000924251 0.999969423 0.007764013 -0.960869551 0.002251620 -0.007761915 0.999967337 28.997743607
0.999996603 0.000792282 -0.002454671 0.742163897 -0.000773229 0.999969602 0.007753568 -0.972853780 0.002460739 -0.007751644 0.999966919 29.542871475
0.999995351 0.001195817 -0.002809631 0.744804204 -0.001173086 0.999966681 0.008078195 -0.985729575 0.002819197 -0.008074862 0.999963403 30.076915741
0.999995232 0.001577158 -0.002663288 0.753742516 -0.001555622 0.999966204 0.008068442 -0.999791980 0.002675924 -0.008064261 0.999963880 30.617118835
0.999994636 0.001741190 -0.002768738 0.763930261 -0.001719338 0.999967515 0.007875104 -1.010473490 0.002782361 -0.007870302 0.999965072 31.164691925
0.999992907 0.002405520 -0.002867527 0.772598624 -0.002382875 0.999966145 0.007874446 -1.025432110 0.002886372 -0.007867559 0.999964833 31.704780579
0.999993205 0.001811997 -0.003192449 0.790986657 -0.001786731 0.999967217 0.007899245 -1.037531018 0.003206658 -0.007893488 0.999963701 32.250072479
0.999992371 0.002015562 -0.003342728 0.786495268 -0.001987372 0.999962628 0.008415548 -1.048357248 0.003359564 -0.008408841 0.999958992 32.759860992
0.999990880 0.002798503 -0.003206559 0.784145713 -0.002774952 0.999969244 0.007325703 -1.049908042 0.003226961 -0.007316737 0.999967992 33.305042267
0.999990344 0.002167985 -0.003830204 0.799754262 -0.002136483 0.999963999 0.008209328 -1.076163530 0.003847863 -0.008201065 0.999958992 33.838951111
0.999988198 0.002416182 -0.004235066 0.808193147 -0.002379926 0.999960601 0.008545008 -1.097072124 0.004255545 -0.008534827 0.999954581 34.374732971
0.999990284 0.001797185 -0.004037870 0.802331209 -0.001764065 0.999964893 0.008190941 -1.097453833 0.004052449 -0.008183738 0.999958336 34.891952515
0.999987960 0.001821908 -0.004550469 0.846493423 -0.001782043 0.999960124 0.008749174 -1.126063585 0.004566228 -0.008740960 0.999951303 35.446998596
0.999987781 0.001612894 -0.004686915 0.829172254 -0.001573718 0.999963880 0.008350448 -1.125053287 0.004700214 -0.008342969 0.999954224 36.013423920
0.999988496 0.002654657 -0.004003711 0.843713045 -0.002619674 0.999958515 0.008717836 -1.154439569 0.004026689 -0.008707247 0.999953926 36.513427734
0.999989331 0.001473338 -0.004379955 0.828654826 -0.001431969 0.999954581 0.009433241 -1.166535974 0.004393654 -0.009426868 0.999945939 36.992622375
0.999986887 0.001646180 -0.004842192 0.833810508 -0.001601549 0.999956310 0.009206533 -1.187550664 0.004857136 -0.009198658 0.999945879 37.563961029
0.999986887 0.002005283 -0.004707457 0.860093832 -0.001961638 0.999955237 0.009257722 -1.185949206 0.004725811 -0.009248367 0.999945998 38.066345215
0.999979556 0.001237559 -0.006284287 0.887713909 -0.001180975 0.999958754 0.008999842 -1.184885859 0.006295166 -0.008992236 0.999939799 38.636043549
0.999982774 0.000510969 -0.005838063 0.882208407 -0.000456631 0.999956608 0.009305053 -1.223381758 0.005842564 -0.009302229 0.999939620 39.143390656
0.999986529 0.001376982 -0.005004740 0.822867990 -0.001327653 0.999950647 0.009846225 -1.265451908 0.005018051 -0.009839449 0.999938965 39.674263000
0.999981225 0.000486951 -0.006110338 0.940988839 -0.000424340 0.999947429 0.010243824 -1.267478943 0.006115005 -0.010241040 0.999928832 40.277336121
0.999981463 0.000972425 -0.005997230 0.958816648 -0.000909815 0.999945164 0.010433877 -1.290056348 0.006007047 -0.010428227 0.999927521 40.819137573
0.999983311 0.001789472 -0.005496910 0.951276720 -0.001735265 0.999949992 0.009850406 -1.289061189 0.005514261 -0.009840703 0.999936402 41.349201202
0.999983788 0.002190062 -0.005259069 0.961960614 -0.002138201 0.999949276 0.009846666 -1.299336195 0.005280366 -0.009835261 0.999937773 41.881065369
0.999983907 0.002232272 -0.005239349 0.968560636 -0.002179492 0.999947071 0.010057992 -1.316700220 0.005261525 -0.010046409 0.999935687 42.417076111
0.999982536 0.002195439 -0.005483261 0.981504798 -0.002139673 0.999946117 0.010155424 -1.328656197 0.005505260 -0.010143513 0.999933422 42.961086273
0.999983549 0.002291478 -0.005260369 0.987007022 -0.002239000 0.999947906 0.009960450 -1.338737488 0.005282920 -0.009948511 0.999936581 43.491416931
0.999983430 0.002283992 -0.005273596 0.993690491 -0.002231386 0.999947906 0.009959922 -1.348039389 0.005296070 -0.009947993 0.999936461 44.018779755
0.999982595 0.002347888 -0.005399411 1.005058885 -0.002294561 0.999948680 0.009861575 -1.359701395 0.005422288 -0.009849014 0.999936819 44.556144714
0.999982297 0.002207152 -0.005524125 1.017242312 -0.002152758 0.999949276 0.009833371 -1.372116685 0.005545549 -0.009821306 0.999936402 45.093391418
0.999982655 0.002016306 -0.005532814 1.020788431 -0.001961967 0.999949932 0.009808840 -1.380484819 0.005552316 -0.009797816 0.999936581 45.620567322
0.999982834 0.002100280 -0.005467804 1.030279040 -0.002047650 0.999951720 0.009613412 -1.391434550 0.005487731 -0.009602050 0.999938846 46.162540436
0.999982417 0.002288518 -0.005452058 1.035483003 -0.002234596 0.999948800 0.009875830 -1.407276273 0.005474380 -0.009863473 0.999936402 46.727485657
0.999981284 0.002143659 -0.005734120 1.039315224 -0.002086004 0.999947429 0.010041841 -1.414887309 0.005755345 -0.010029691 0.999933124 47.230838776
0.999981940 0.001866188 -0.005710871 1.062011242 -0.001809931 0.999949992 0.009840086 -1.419691801 0.005728949 -0.009829572 0.999935269 47.813690186
0.999979079 0.002249529 -0.006060014 1.064676881 -0.002184910 0.999940932 0.010648620 -1.447684884 0.006083612 -0.010635159 0.999924958 48.280208588
0.999978304 0.001849050 -0.006318532 1.077645659 -0.001782006 0.999942243 0.010599731 -1.459108829 0.006337767 -0.010588242 0.999923885 48.812332153
0.999979436 0.001915028 -0.006114590 1.086564064 -0.001850088 0.999942005 0.010608451 -1.472124338 0.006134551 -0.010596919 0.999925017 49.344505310
0.999979675 0.002150106 -0.006006641 1.089058518 -0.002085460 0.999940038 0.010748103 -1.482639074 0.006029390 -0.010735358 0.999924183 49.870807648
0.999978662 0.001862092 -0.006257081 1.099792004 -0.001795159 0.999941289 0.010685736 -1.498372436 0.006276610 -0.010674276 0.999923348 50.382411957
0.999979198 0.001899328 -0.006164778 1.100891232 -0.001832365 0.999939442 0.010849729 -1.505517721 0.006185011 -0.010838207 0.999922156 50.906692505
0.999978423 0.001962203 -0.006272888 1.110232353 -0.001893360 0.999938130 0.010961886 -1.515515804 0.006294008 -0.010949774 0.999920189 51.435379028
0.999977648 0.002173643 -0.006324302 1.123204350 -0.002102626 0.999934912 0.011214425 -1.528365016 0.006348266 -0.011200875 0.999917090 51.969566345
0.999979377 0.002411092 -0.005944661 1.119192362 -0.002346853 0.999939024 0.010789719 -1.536980152 0.005970314 -0.010775545 0.999924123 52.454151154
0.999983370 0.002932695 -0.004957405 1.100253105 -0.002877401 0.999933898 0.011124446 -1.556119204 0.004989701 -0.011109998 0.999925852 52.998703003
0.999984801 0.002352012 -0.004980495 1.089062214 -0.002297971 0.999938726 0.010828526 -1.571743608 0.005005658 -0.010816917 0.999929011 53.491779327
0.999986470 0.002979598 -0.004277638 1.054220438 -0.002929233 0.999926805 0.011732366 -1.596286058 0.004312283 -0.011719675 0.999922097 53.957607269
0.999983251 0.003033115 -0.004920943 1.116775036 -0.002977144 0.999931216 0.011341894 -1.599999666 0.004955006 -0.011327053 0.999923527 54.476181030
0.999983966 0.004235532 -0.003762951 1.058947206 -0.004197823 0.999941468 0.009973017 -1.562301397 0.003804971 -0.009957062 0.999943137 55.094406128
0.999982238 0.003117221 -0.005073873 1.125935555 -0.003059826 0.999931753 0.011280625 -1.621509075 0.005108691 -0.011264899 0.999923468 55.563899994
0.999981701 0.002787102 -0.005356863 1.151029825 -0.002728467 0.999936640 0.010921920 -1.621604323 0.005386964 -0.010907104 0.999925971 56.042686462
0.999980748 0.002823868 -0.005530409 1.179600120 -0.002761190 0.999932170 0.011308309 -1.632333040 0.005561967 -0.011292819 0.999920785 56.551147461
0.999979496 0.003726385 -0.005216414 1.174406767 -0.003668912 0.999932885 0.010984503 -1.626042604 0.005256996 -0.010965137 0.999926031 57.192550659
0.999982893 0.002262263 -0.005378183 1.191881299 -0.002200586 0.999932051 0.011446671 -1.656634450 0.005403713 -0.011434638 0.999920011 57.550754547
0.999982774 0.002293055 -0.005405974 1.200372458 -0.002231052 0.999931991 0.011447635 -1.665734768 0.005431856 -0.011435378 0.999919772 58.078941345
0.999982715 0.002572595 -0.005286380 1.207146645 -0.002512564 0.999932587 0.011331406 -1.673374653 0.005315175 -0.011317928 0.999921739 58.597270966
0.999984264 0.002763798 -0.004884620 1.214770675 -0.002706398 0.999927640 0.011719254 -1.688814640 0.004916656 -0.011705850 0.999919355 59.139072418
0.999982655 0.002069193 -0.005515489 1.236624122 -0.002003281 0.999926865 0.011929256 -1.702931166 0.005539769 -0.011918000 0.999913633 59.651386261
0.999984562 0.003288670 -0.004472840 1.241700292 -0.003233536 0.999919415 0.012278330 -1.716036320 0.004512859 -0.012263676 0.999914587 60.247798920
0.999980450 0.002243704 -0.005826024 1.267737508 -0.002172742 0.999923706 0.012157963 -1.721753478 0.005852859 -0.012145067 0.999909103 60.742839813
0.999978542 0.001951542 -0.006245126 1.307291508 -0.001873090 0.999919593 0.012543324 -1.756839871 0.006269103 -0.012531359 0.999901831 61.270542145
0.999980330 0.002016604 -0.005949669 1.285036325 -0.001940972 0.999917567 0.012690581 -1.761965036 0.005974771 -0.012678782 0.999901712 61.784656525
0.999977410 0.003552095 -0.005706374 1.352278590 -0.003485438 0.999926150 0.011648981 -1.749930143 0.005747329 -0.011628829 0.999915838 62.281787872
0.999971449 0.002781867 -0.007029759 1.407313228 -0.002693440 0.999917507 0.012557289 -1.800277710 0.007064113 -0.012537994 0.999896467 62.847320557
0.999969363 0.002671781 -0.007356815 1.424000740 -0.002581354 0.999921381 0.012273900 -1.788662195 0.007389029 -0.012254531 0.999897659 63.414886475
0.999979258 0.003556504 -0.005389393 1.390395164 -0.003488362 0.999914467 0.012600794 -1.801858664 0.005433748 -0.012581729 0.999906063 63.678073883
0.999979258 0.003174207 -0.005606375 1.409204006 -0.003103248 0.999915540 0.012620661 -1.811074495 0.005645962 -0.012603000 0.999904633 64.226051331
0.999979794 0.002632071 -0.005784422 1.422862649 -0.002559519 0.999918342 0.012514429 -1.822657228 0.005816888 -0.012499372 0.999904931 64.786582947
0.999978781 0.003846952 -0.005247967 1.438145161 -0.003786553 0.999927104 0.011470755 -1.801616907 0.005291711 -0.011450640 0.999920428 65.267189026
0.999976873 0.003880528 -0.005586255 1.493481159 -0.003809599 0.999912620 0.012652246 -1.843759298 0.005634865 -0.012630672 0.999904335 65.678512573
0.999974012 0.004678130 -0.005491976 1.472444534 -0.004617536 0.999928951 0.010994570 -1.803604841 0.005543019 -0.010968924 0.999924421 66.405952454
0.999975622 0.005028488 -0.004850065 1.527260780 -0.004967430 0.999909282 0.012520141 -1.866493940 0.004912583 -0.012495743 0.999909878 66.672889709
0.999975562 0.004912247 -0.004977117 1.550911069 -0.004849177 0.999908805 0.012605701 -1.884681940 0.005038586 -0.012581256 0.999908209 67.193580627
0.999977350 0.004554570 -0.004963978 1.557611585 -0.004489377 0.999904633 0.013066138 -1.884126663 0.005023015 -0.013043556 0.999902368 67.760734558
0.999975860 0.005108315 -0.004705010 1.548625708 -0.005048669 0.999907851 0.012603122 -1.892635345 0.004768958 -0.012579064 0.999909520 68.247322083
0.999976397 0.004567699 -0.005132101 1.565359831 -0.004504144 0.999913812 0.012327795 -1.900294542 0.005187968 -0.012304386 0.999910831 68.770629883
0.999975383 0.004293945 -0.005553421 1.576755762 -0.004224611 0.999913752 0.012436930 -1.908236623 0.005606345 -0.012413162 0.999907255 69.305175781
0.999976397 0.004418499 -0.005266348 1.592586160 -0.004353398 0.999914765 0.012309681 -1.931215286 0.005320290 -0.012286465 0.999910355 69.828872681
0.999974847 0.004920089 -0.005106943 1.606333971 -0.004855470 0.999908984 0.012589350 -1.946904421 0.005168419 -0.012564240 0.999907672 70.336334229
0.999975502 0.004820988 -0.005103337 1.613195062 -0.004757454 0.999911904 0.012389146 -1.960205793 0.005162616 -0.012364561 0.999910176 70.872596741
0.999972641 0.005474638 -0.004985755 1.631532669 -0.005414136 0.999912500 0.012068653 -1.975339413 0.005051390 -0.012041330 0.999914706 71.401374817
0.999973357 0.005541394 -0.004781210 1.625363827 -0.005482468 0.999909937 0.012250553 -1.976624250 0.004848665 -0.012224013 0.999913514 71.934280396
0.999974549 0.005296516 -0.004778079 1.636727810 -0.005238026 0.999912322 0.012171876 -1.984991193 0.004842127 -0.012146542 0.999914527 72.477905273
0.999974787 0.005567543 -0.004407566 1.642625332 -0.005514513 0.999913394 0.011953867 -1.994699478 0.004473737 -0.011929260 0.999918818 73.026977539
0.999975085 0.005536133 -0.004374088 1.643991232 -0.005483000 0.999912143 0.012067385 -2.000385523 0.004440510 -0.012043102 0.999917626 73.566764832
0.999977589 0.004751645 -0.004746655 1.665539622 -0.004694061 0.999916255 0.012069835 -2.012313128 0.004803607 -0.012047282 0.999915898 74.094429016
0.999976695 0.004981703 -0.004687335 1.685791254 -0.004924420 0.999914050 0.012153821 -2.025559902 0.004747478 -0.012130454 0.999915183 74.616523743
0.999975979 0.005123920 -0.004673801 1.686618209 -0.005066355 0.999912202 0.012246447 -2.040452719 0.004736140 -0.012222474 0.999914110 75.130981445
0.999976993 0.005023033 -0.004572880 1.703375578 -0.004968171 0.999916494 0.011930807 -2.045816183 0.004632427 -0.011907813 0.999918401 75.676170349
0.999972999 0.005721171 -0.004606396 1.711468458 -0.005662598 0.999904215 0.012629814 -2.069011211 0.004678212 -0.012603392 0.999909580 76.151458740
0.999972045 0.005938294 -0.004528940 1.723297834 -0.005881634 0.999905527 0.012423082 -2.081286192 0.004602282 -0.012396098 0.999912560 76.691940308
0.999973774 0.005306957 -0.004932775 1.742062926 -0.005243706 0.999904990 0.012748367 -2.090949535 0.004999962 -0.012722165 0.999906480 77.211166382
0.999972939 0.005640808 -0.004717422 1.747773528 -0.005581541 0.999906421 0.012483303 -2.099479675 0.004787396 -0.012456636 0.999910891 77.738586426
0.999972165 0.006032528 -0.004392426 1.762053013 -0.005978248 0.999906838 0.012267713 -2.107067823 0.004466021 -0.012241113 0.999915123 78.278556824
0.999978602 0.005657850 -0.003274970 1.786283731 -0.005616643 0.999906600 0.012458043 -2.125080109 0.003345150 -0.012439381 0.999917030 78.808029175
0.999978781 0.006312870 -0.001624669 1.797053099 -0.006292295 0.999903619 0.012371871 -2.143260002 0.001702614 -0.012361384 0.999922156 79.348182678
0.999980032 0.006311128 -0.000302048 1.812826514 -0.006306791 0.999899805 0.012671899 -2.161620140 0.000381991 -0.012669742 0.999919593 79.856498718
0.999981463 0.006051811 0.000588649 1.821702838 -0.006059072 0.999894023 0.013235698 -2.171252966 -0.000508487 -0.013239019 0.999912143 80.407638550
0.999970376 0.006505401 0.004108740 1.837470889 -0.006560619 0.999886334 0.013571663 -2.187019348 -0.004019984 -0.013598215 0.999899447 80.959587097
0.999953628 0.006462698 0.007127484 1.870135665 -0.006555011 0.999893963 0.013005149 -2.193231583 -0.007042680 -0.013051269 0.999889970 81.514648438
0.999925971 0.006720006 0.010150218 1.891113043 -0.006858210 0.999883354 0.013642771 -2.215298653 -0.010057355 -0.013711371 0.999855340 82.029373169
0.999889791 0.005798610 0.013668941 1.924468517 -0.005975971 0.999898016 0.012970543 -2.208535433 -0.013592338 -0.013050798 0.999822438 82.541145325
0.999788165 0.006221802 0.019614909 1.952650905 -0.006485601 0.999888957 0.013414164 -2.230450153 -0.019529272 -0.013538538 0.999717593 83.065750122
0.999663353 0.005128518 0.025431136 1.981458902 -0.005450578 0.999905646 0.012610989 -2.222703695 -0.025364060 -0.012745358 0.999597013 83.601287842
0.999446988 0.006555751 0.032599024 2.001150608 -0.006988241 0.999888837 0.013170745 -2.264818192 -0.032509055 -0.013391269 0.999381721 84.348342896
0.999167502 0.006890422 0.040209033 2.043529510 -0.007412787 0.999889851 0.012856620 -2.253446102 -0.040116012 -0.013143977 0.999108553 84.782310486
0.998766959 0.006983038 0.049151003 2.083261251 -0.007621990 0.999888659 0.012824394 -2.287653446 -0.049055971 -0.013183208 0.998709142 85.461517334
0.998406827 0.006322923 0.056068461 2.139745951 -0.007037204 0.999896407 0.012551191 -2.292042255 -0.055983286 -0.012925760 0.998348057 86.023811340
0.997878313 0.006067539 0.064825088 2.199027300 -0.006865942 0.999903202 0.012100596 -2.295867443 -0.064745396 -0.012520006 0.997823298 86.589004517
0.997144163 0.006674161 0.075226106 2.263203144 -0.007623268 0.999894857 0.012336658 -2.316802502 -0.075135872 -0.012874896 0.997090161 87.115402222
0.996463835 0.005999181 0.083808228 2.326933861 -0.007041064 0.999901414 0.012141711 -2.326555967 -0.083727129 -0.012688874 0.996407926 87.652496338
0.995751917 0.005746634 0.091897018 2.397966862 -0.006856964 0.999907136 0.011771154 -2.335649967 -0.091820851 -0.012351282 0.995698929 88.205795288
0.994747162 0.005493732 0.102214247 2.485172272 -0.006725818 0.999908745 0.011713222 -2.352341175 -0.102140576 -0.012339169 0.994693398 88.738990784
0.993633986 0.005187712 0.112537034 2.576642513 -0.006572608 0.999907136 0.011938605 -2.363931179 -0.112464637 -0.012602265 0.993575811 89.299835205
0.992545784 0.004394957 0.121792689 2.663654327 -0.005836141 0.999917090 0.011478892 -2.376781464 -0.121732131 -0.012104127 0.992489159 89.829269409
0.991128266 0.005001052 0.132814601 2.762381554 -0.006645996 0.999906600 0.011944843 -2.388889074 -0.132742450 -0.012721556 0.991068900 90.382293701
0.989401758 0.004869464 0.145122081 2.860254288 -0.006591330 0.999913394 0.011386495 -2.396559715 -0.145054072 -0.012222365 0.989348233 90.935638428
0.987788677 0.004148549 0.155744240 2.972523689 -0.005956514 0.999920130 0.011143640 -2.407128334 -0.155685544 -0.011935253 0.987734556 91.480567932
0.986173809 0.004048887 0.165664434 3.081494331 -0.005988552 0.999919176 0.011210579 -2.413915873 -0.165605679 -0.012047670 0.986118436 92.038078308
0.984089255 0.003665870 0.177636907 3.204876900 -0.005666944 0.999926031 0.010758919 -2.424224377 -0.177584380 -0.011594393 0.984037220 92.585273743
0.981761217 0.003588128 0.190084308 3.332221985 -0.005732339 0.999925971 0.010731681 -2.434895515 -0.190031722 -0.011625579 0.981709123 93.113174438
0.979732931 0.002608435 0.200291306 3.471277237 -0.004827370 0.999932230 0.010590965 -2.442352295 -0.200250074 -0.011343195 0.979679286 93.655067444
0.976891875 0.002699788 0.213717028 3.610815048 -0.005076385 0.999931157 0.010572288 -2.457659483 -0.213673800 -0.011412891 0.976838350 94.195838928
0.973887920 0.001838335 0.227021694 3.766653061 -0.004380737 0.999933183 0.010695599 -2.468049288 -0.226986870 -0.011410836 0.973830879 94.722877502
0.971179008 0.001711309 0.238345087 3.925827026 -0.004430811 0.999931097 0.010874647 -2.486578941 -0.238310054 -0.011617292 0.971119523 95.250350952
0.968189716 0.000838272 0.250215799 4.110418320 -0.003602453 0.999937415 0.010589404 -2.497810125 -0.250191301 -0.011153942 0.968132138 95.838363647
0.964548588 0.000635936 0.263904661 4.293048859 -0.003617532 0.999935031 0.010812205 -2.514032125 -0.263880610 -0.011383581 0.964488149 96.359107971
0.961113930 -0.000714272 0.276151031 4.484094620 -0.002297281 0.999941349 0.010581815 -2.530165434 -0.276142389 -0.010804729 0.961055994 96.873207092
0.957886338 -0.000379133 0.287147492 4.678167343 -0.002757521 0.999940872 0.010518995 -2.556613445 -0.287134439 -0.010867816 0.957828641 97.373451233
0.953551054 -0.000280879 0.301231235 4.872907639 -0.003050180 0.999939322 0.010587757 -2.562102795 -0.301215947 -0.011014780 0.953492284 97.916427612
0.949233949 -0.001294146 0.314568251 5.088079453 -0.002204208 0.999939561 0.010765156 -2.579990149 -0.314563185 -0.010912026 0.949173808 98.449790955
0.945442498 -0.002224347 0.325781375 5.295810699 -0.001340624 0.999941647 0.010717925 -2.579891682 -0.325786173 -0.010569931 0.945384324 98.955268860
0.940885246 -0.002186567 0.338718355 5.514389038 -0.001469874 0.999943376 0.010538034 -2.588646889 -0.338722259 -0.010412955 0.940828919 99.488967896
0.935782015 -0.002586652 0.352569431 5.741022110 -0.001347572 0.999939561 0.010912826 -2.603929996 -0.352576375 -0.010687140 0.935721993 100.025787354
0.931058288 -0.003088193 0.364857376 5.955018997 -0.000976020 0.999939442 0.010954246 -2.617765427 -0.364869148 -0.010555150 0.930998981 100.508903503
0.926427066 -0.003111165 0.376461446 6.195024490 -0.000928786 0.999943912 0.010549402 -2.626610756 -0.376473188 -0.010122903 0.926372170 101.039222717
0.920603335 -0.003694118 0.390481532 6.442655563 -0.000705207 0.999937892 0.011122433 -2.638900280 -0.390498370 -0.010514721 0.920543551 101.546470642
0.915178895 -0.004159956 0.403026432 6.694046021 -0.000114143 0.999944150 0.010580407 -2.639620543 -0.403047860 -0.009728968 0.915127158 102.054344177
0.910581708 -0.004942669 0.413299501 6.955364227 0.000661321 0.999944627 0.010501362 -2.660371304 -0.413328618 -0.009289023 0.910534501 102.560264587
0.905117869 -0.005197925 0.425128996 7.217563629 0.000696068 0.999942005 0.010744032 -2.676754951 -0.425160319 -0.009428694 0.905068934 103.035552979
0.898206234 -0.005083447 0.439544648 7.461570740 0.000434772 0.999942899 0.010676143 -2.673789024 -0.439573765 -0.009398278 0.898157299 103.562095642
0.892420232 -0.005865905 0.451167047 7.730098724 0.001142589 0.999941587 0.010740795 -2.683216810 -0.451203734 -0.009069805 0.892374873 104.037284851
0.886738122 -0.006759002 0.462222725 8.005603790 0.002037741 0.999940455 0.010712710 -2.694947481 -0.462267607 -0.008557479 0.886699080 104.510963440
0.879478872 -0.006397970 0.475894868 8.300979614 0.001578951 0.999943376 0.010525336 -2.707489491 -0.475935310 -0.008505397 0.879439175 104.998062134
0.872334182 -0.006395007 0.488868147 8.591648102 0.001478078 0.999944389 0.010443046 -2.715730667 -0.488907784 -0.008387239 0.872295141 105.471267700
