1.000000000 0.000000000 0.000000000 0.000000000 0.000000000 1.000000000 0.000000000 0.000000000 0.000000000 0.000000000 1.000000000 0.000000000
1.000000000 0.000021706 -0.000021929 0.000423870 -0.000021707 1.000000000 -0.000039858 0.000811043 0.000021929 0.000039859 1.000000000 0.000480076
1.000000000 0.000027247 0.000033093 -0.000054498 -0.000027248 1.000000000 0.000036588 0.000067569 -0.000033092 -0.000036589 1.000000000 0.000081295
1.000000000 -0.000138254 0.000052671 -0.000102175 0.000138256 1.000000000 -0.000029100 0.000850435 -0.000052667 0.000029107 1.000000000 0.000353161
1.000000000 -0.000142500 0.000029689 -0.000047809 0.000142499 1.000000000 0.000031350 -0.000127094 -0.000029694 -0.000031346 1.000000000 -0.000537912
1.000000000 0.000015865 0.000124188 -0.000491747 -0.000015859 1.000000000 -0.000050168 0.000959115 -0.000124189 0.000050166 1.000000000 0.000095547
1.000000000 -0.000125583 0.000060751 0.000251958 0.000125585 1.000000000 -0.000028851 0.000581457 -0.000060747 0.000028858 1.000000000 0.000248977
1.000000000 -0.000006139 0.000074591 -0.000557107 0.000006132 1.000000000 0.000090346 -0.000108954 -0.000074592 -0.000090346 1.000000000 -0.000093579
1.000000000 -0.000025891 -0.000009940 -0.000790261 0.000025890 1.000000000 -0.000069556 -0.000046757 0.000009942 0.000069555 1.000000000 -0.000823734
1.000000000 -0.000054525 0.000078207 -0.000129930 0.000054523 1.000000000 0.000036704 -0.000654111 -0.000078209 -0.000036700 1.000000000 -0.000246333
1.000000000 0.000071638 0.000053112 -0.000836926 -0.000071641 1.000000000 0.000056526 -0.000891998 -0.000053108 -0.000056530 1.000000000 -0.000623960
1.000000000 -0.000028571 0.000077213 -0.001072689 0.000028568 1.000000000 0.000040720 -0.000376909 -0.000077214 -0.000040718 1.000000000 -0.000956586
1.000000000 0.000050568 0.000031459 -0.000850692 -0.000050566 1.000000000 -0.000071195 -0.000314582 -0.000031462 0.000071193 1.000000000 -0.001390567
1.000000000 0.000045629 0.000069788 -0.001128858 -0.000045627 1.000000000 -0.000024955 0.000604290 -0.000069789 0.000024952 1.000000000 0.000667835
1.000000000 0.000029237 0.000047342 -0.000959211 -0.000029232 1.000000000 -0.000115936 0.001240015 -0.000047345 0.000115934 1.000000000 0.000866613
1.000000000 -0.000001644 -0.000032116 0.000354275 0.000001642 1.000000000 -0.000076187 0.001248328 0.000032116 0.000076187 1.000000000 0.001241910
1.000000000 0.000089448 0.000109230 -0.001020948 -0.000089430 1.000000000 -0.000160078 0.002328943 -0.000109245 0.000160068 1.000000000 0.002555840
1.000000000 0.000157266 0.000083393 -0.001322411 -0.000157252 1.000000000 -0.000163043 0.001888901 -0.000083419 0.000163030 1.000000000 0.001622103
1.000000000 0.000162268 0.000146354 -0.001388003 -0.000162254 1.000000000 -0.000093603 0.002074473 -0.000146369 0.000093579 1.000000000 0.002480388
1.000000000 0.000099338 0.000152047 -0.001409999 -0.000099323 1.000000000 -0.000094868 0.000985516 -0.000152056 0.000094853 1.000000000 0.001255202
1.000000000 0.000016551 0.000087131 -0.001163026 -0.000016548 1.000000000 -0.000030280 0.000379329 -0.000087132 0.000030278 1.000000000 0.000803123
1.000000000 0.000149835 0.000048581 -0.000754108 -0.000149834 1.000000000 -0.000022345 0.001251096 -0.000048585 0.000022338 1.000000000 0.000932550
1.000000000 0.000105042 0.000014933 -0.000708761 -0.000105041 1.000000000 -0.000087195 0.001440205 -0.000014942 0.000087193 1.000000000 0.002312918
1.000000000 0.000087609 0.000063949 -0.001067328 -0.000087604 1.000000000 -0.000078393 0.001817129 -0.000063955 0.000078388 1.000000000 0.002417610
0.999999940 0.000370200 0.000038815 -0.001130102 -0.000370198 0.999999940 -0.000069928 0.002320758 -0.000038840 0.000069914 1.000000000 0.003497276
0.999999940 0.000247709 0.000103014 -0.001400525 -0.000247704 0.999999940 -0.000054850 0.001959613 -0.000103027 0.000054824 1.000000000 0.001560553
1.000000000 0.000046790 0.000098482 -0.000453760 -0.000046784 1.000000000 -0.000062865 0.002386940 -0.000098485 0.000062860 1.000000000 0.002974127
1.000000000 0.000133449 0.000165827 -0.001738658 -0.000133446 1.000000000 -0.000021403 0.001473589 -0.000165830 0.000021381 1.000000000 0.002310960
1.000000000 0.000125052 0.000059806 -0.001200149 -0.000125046 1.000000000 -0.000102532 0.002415422 -0.000059819 0.000102525 1.000000000 0.002197507
1.000000000 0.000030572 0.000092609 -0.001565044 -0.000030565 1.000000000 -0.000070801 0.001058695 -0.000092611 0.000070798 1.000000000 0.001641115
1.000000000 0.000125503 0.000198998 -0.001989083 -0.000125501 1.000000000 -0.000014825 0.001049664 -0.000199000 0.000014800 1.000000000 0.002110873
1.000000000 0.000125000 0.000191462 -0.001475275 -0.000124984 1.000000000 -0.000085243 0.002181558 -0.000191473 0.000085219 1.000000000 0.003746442
1.000000000 0.000201098 0.000104830 -0.000970267 -0.000201076 0.999999940 -0.000209118 0.003350308 -0.000104872 0.000209097 1.000000000 0.003892768
1.000000000 0.000127333 0.000151972 -0.001013988 -0.000127321 1.000000000 -0.000079263 0.001520291 -0.000151982 0.000079244 1.000000000 0.001779936
0.999999940 0.000245220 0.000200232 -0.002640526 -0.000245188 0.999999940 -0.000159662 0.002080802 -0.000200271 0.000159613 0.999999940 0.002378757
0.999999940 0.000160059 0.000209104 -0.001876831 -0.000160039 1.000000000 -0.000096607 0.001183510 -0.000209120 0.000096573 1.000000000 0.001621727
1.000000000 0.000106661 0.000034984 -0.001963019 -0.000106662 1.000000000 0.000017042 0.000425592 -0.000034982 -0.000017046 1.000000000 0.000135994
1.000000000 0.000153230 0.000095617 -0.001530579 -0.000153228 1.000000000 -0.000021909 0.001832079 -0.000095620 0.000021894 1.000000000 0.002280549
1.000000000 0.000154391 0.000157788 -0.001987403 -0.000154385 1.000000000 -0.000042587 0.001524660 -0.000157794 0.000042563 1.000000000 0.001322865
1.000000000 0.000187676 0.000122359 -0.000832318 -0.000187666 1.000000000 -0.000079023 0.002744047 -0.000122374 0.000079000 1.000000000 0.003046699
1.000000000 -0.000032956 0.000030927 0.000354687 0.000032959 1.000000000 -0.000103390 0.000886606 -0.000030924 0.000103391 1.000000000 0.002749332
0.999999702 0.000675228 0.000324161 -0.002787334 -0.000675222 0.999999762 -0.000017336 -0.009129666 -0.000324172 0.000017117 0.999999940 0.052397594
0.999999702 0.000671477 0.000373163 -0.001525739 -0.000671212 0.999999523 -0.000710765 -0.009574516 -0.000373641 0.000710515 0.999999642 0.141796067
0.999999523 0.000796397 0.000452344 0.000644172 -0.000795927 0.999999166 -0.001036854 -0.013150639 -0.000453169 0.001036493 0.999999285 0.253047019
0.999999523 0.000823065 0.000499934 0.003423169 -0.000822548 0.999999166 -0.001033219 -0.015451581 -0.000500784 0.001032807 0.999999344 0.385479420
0.999999523 0.000810358 0.000445309 0.005326829 -0.000810012 0.999999464 -0.000777090 -0.019476207 -0.000445938 0.000776729 0.999999583 0.529363632
0.999999702 0.000660195 0.000383620 0.011209731 -0.000660142 0.999999881 -0.000138342 -0.028474743 -0.000383711 0.000138088 0.999999881 0.680078447
0.999999881 0.000393070 0.000354449 0.017869510 -0.000393074 0.999999940 0.000012677 -0.031702299 -0.000354444 -0.000012817 1.000000000 0.841193855
0.999999762 0.000547707 0.000451420 0.015166515 -0.000547687 0.999999762 -0.000042794 -0.033805080 -0.000451443 0.000042546 0.999999821 1.014364243
0.999999642 0.000726769 0.000399577 0.019602653 -0.000726808 0.999999702 0.000098142 -0.038988154 -0.000399506 -0.000098433 0.999999881 1.189188838
0.999999702 0.000860279 0.000385780 0.026127638 -0.000860436 0.999999523 0.000405633 -0.047351398 -0.000385430 -0.000405965 0.999999762 1.379660606
0.999999583 0.000923908 0.000232501 0.030689325 -0.000923969 0.999999523 0.000262774 -0.048948217 -0.000232258 -0.000262988 0.999999940 1.573886275
0.999999344 0.000929558 0.000563701 0.028432844 -0.000929866 0.999999344 0.000547011 -0.057666026 -0.000563192 -0.000547535 0.999999702 1.769990087
0.999999404 0.000911316 0.000571531 0.032824636 -0.000911859 0.999999046 0.000952027 -0.068577319 -0.000570663 -0.000952547 0.999999404 1.959077120
0.999999642 0.000555206 0.000484046 0.036893632 -0.000555691 0.999999285 0.001002670 -0.074235268 -0.000483489 -0.001002939 0.999999404 2.171189547
0.999999404 0.000906359 0.000562985 0.040966615 -0.000906887 0.999999166 0.000938848 -0.078587532 -0.000562134 -0.000939358 0.999999344 2.389331579
0.999998868 0.001274838 0.000674447 0.043615509 -0.001275436 0.999998808 0.000888297 -0.083758697 -0.000673313 -0.000889157 0.999999344 2.610753536
0.999999642 0.000567183 0.000626477 0.052483991 -0.000567851 0.999999285 0.001066273 -0.091862068 -0.000625871 -0.001066628 0.999999225 2.840550184
0.999999523 0.000619329 0.000694078 0.055366389 -0.000620221 0.999999046 0.001285631 -0.097092673 -0.000693281 -0.001286061 0.999998927 3.081083536
0.999999583 0.000769062 0.000512375 0.064323105 -0.000769673 0.999998927 0.001192526 -0.105580583 -0.000511458 -0.001192920 0.999999166 3.325684786
0.999999225 0.001124440 0.000531919 0.069521427 -0.001124993 0.999998808 0.001042071 -0.109401770 -0.000530746 -0.001042669 0.999999344 3.577531099
0.999998689 0.001570872 0.000522746 0.074790470 -0.001571381 0.999998271 0.000975305 -0.115020685 -0.000521213 -0.000976125 0.999999404 3.834122181
0.999998927 0.001207937 0.000805107 0.072404563 -0.001208796 0.999998689 0.001067667 -0.123959295 -0.000803817 -0.001068639 0.999999106 4.083394527
0.999999046 0.001076097 0.000897006 0.076352447 -0.001077243 0.999998629 0.001277429 -0.131118894 -0.000895631 -0.001278394 0.999998748 4.341052532
0.999998450 0.001103029 0.001441692 0.075236969 -0.001104788 0.999998689 0.001220020 -0.136346906 -0.001440344 -0.001221611 0.999998212 4.595930099
0.999998868 0.001077845 0.000971550 0.090473808 -0.001079002 0.999998689 0.001192018 -0.143472016 -0.000970264 -0.001193065 0.999998748 4.851025105
0.999999166 0.001093758 0.000683573 0.099219844 -0.001094702 0.999998450 0.001382820 -0.151039168 -0.000682059 -0.001383567 0.999998748 5.113936424
0.999998450 0.001440444 0.001040954 0.100736968 -0.001441959 0.999997914 0.001456324 -0.159701720 -0.001038854 -0.001457822 0.999998331 5.374055862
0.999998748 0.001058898 0.001175546 0.104756407 -0.001060676 0.999998271 0.001513060 -0.167729244 -0.001173942 -0.001514305 0.999998152 5.645423889
0.999997914 0.001528970 0.001346904 0.102051154 -0.001531068 0.999997616 0.001557605 -0.176148027 -0.001344520 -0.001559664 0.999997854 5.913178444
0.999998331 0.001167114 0.001361130 0.110071130 -0.001168943 0.999998331 0.001343856 -0.182536036 -0.001359559 -0.001345445 0.999998152 6.193928242
0.999998093 0.001220683 0.001492174 0.116732016 -0.001222841 0.999998152 0.001446392 -0.188275114 -0.001490405 -0.001448214 0.999997854 6.486682415
0.999997795 0.001481144 0.001439151 0.120784894 -0.001483399 0.999997675 0.001567131 -0.195770964 -0.001436826 -0.001569262 0.999997735 6.777296543
0.999997735 0.001300474 0.001646153 0.124445096 -0.001303359 0.999997556 0.001753059 -0.209698245 -0.001643869 -0.001755200 0.999997079 7.071869373
0.999997377 0.001496088 0.001714771 0.130502522 -0.001498506 0.999997854 0.001409951 -0.213679180 -0.001712658 -0.001412518 0.999997556 7.383053780
0.999997020 0.001679557 0.001763231 0.134281963 -0.001681918 0.999997675 0.001338753 -0.222783372 -0.001760978 -0.001341715 0.999997556 7.684557915
0.999996662 0.001745340 0.001908014 0.137206614 -0.001747984 0.999997497 0.001385079 -0.232862294 -0.001905592 -0.001388410 0.999997258 8.001249313
0.999997377 0.001633461 0.001618032 0.155944660 -0.001636100 0.999997258 0.001630547 -0.244004026 -0.001615365 -0.001633190 0.999997377 8.307103157
0.999998868 0.000985892 0.001155554 0.166478202 -0.000987829 0.999998093 0.001677374 -0.252521604 -0.001153898 -0.001678514 0.999997973 8.626918793
0.999996483 0.001690152 0.002044636 0.160701782 -0.001694101 0.999996722 0.001931269 -0.265749991 -0.002041365 -0.001934726 0.999996066 8.975184441
0.999996126 0.002174756 0.001744793 0.171115294 -0.002178177 0.999995708 0.001961788 -0.278973401 -0.001740519 -0.001965581 0.999996543 9.313317299
0.999995589 0.002404035 0.001795287 0.177807808 -0.002407531 0.999995232 0.001947674 -0.289135486 -0.001790596 -0.001951988 0.999996424 9.655853271
0.999996185 0.002081154 0.001766970 0.187656641 -0.002084251 0.999996305 0.001752854 -0.295569062 -0.001763315 -0.001756530 0.999996901 9.998532295
0.999995649 0.002178368 0.001963430 0.189660355 -0.002181695 0.999996126 0.001693391 -0.304852009 -0.001959734 -0.001697667 0.999996662 10.358187675
0.999995947 0.002204318 0.001772068 0.199850321 -0.002207236 0.999996185 0.001646103 -0.313283563 -0.001768433 -0.001650008 0.999997139 10.723196030
0.999996543 0.001948430 0.001761698 0.207421362 -0.001952011 0.999996006 0.002033420 -0.327066213 -0.001757729 -0.002036852 0.999996364 11.074923515
0.999996543 0.001888452 0.001821783 0.214284986 -0.001892373 0.999995887 0.002153253 -0.336384088 -0.001817710 -0.002156693 0.999996006 11.451231003
0.999995410 0.002148256 0.002109103 0.218649209 -0.002152300 0.999995828 0.001917314 -0.346190363 -0.002104975 -0.001921845 0.999995887 11.830328941
0.999994874 0.002320497 0.002248796 0.227856904 -0.002325813 0.999994516 0.002364417 -0.360540509 -0.002243298 -0.002369635 0.999994695 12.208185196
0.999994636 0.002150739 0.002492565 0.239100665 -0.002157052 0.999994516 0.002532794 -0.374821454 -0.002487104 -0.002538157 0.999993742 12.598723412
0.999994457 0.002493094 0.002168853 0.246913299 -0.002498576 0.999993682 0.002528995 -0.383412361 -0.002162534 -0.002534400 0.999994457 12.980946541
0.999994457 0.002206206 0.002468437 0.253639489 -0.002211485 0.999995291 0.002137681 -0.392771304 -0.002463709 -0.002143128 0.999994695 13.381093025
0.999993920 0.002483119 0.002450631 0.262691915 -0.002488787 0.999994159 0.002312252 -0.403806150 -0.002444875 -0.002318336 0.999994338 13.782326698
0.999992788 0.002730905 0.002643715 0.271947891 -0.002737697 0.999992907 0.002568809 -0.419021666 -0.002636681 -0.002576028 0.999993205 14.190237999
0.999991477 0.002922352 0.002881055 0.278066009 -0.002929604 0.999992549 0.002516106 -0.433397621 -0.002873680 -0.002524525 0.999992669 14.608572006
0.999991834 0.002676063 0.003036043 0.293049723 -0.002684108 0.999992907 0.002648911 -0.441814125 -0.003028933 -0.002657038 0.999991894 15.050890923
0.999992251 0.002488980 0.003094257 0.306767136 -0.002497907 0.999992728 0.002884572 -0.459184051 -0.003087055 -0.002892278 0.999991059 15.480515480
0.999989629 0.002589290 0.003761523 0.314623326 -0.002599864 0.999992728 0.002808951 -0.469426692 -0.003754223 -0.002818701 0.999988973 15.928845406
0.999984741 0.003483410 0.004290831 0.317687392 -0.003496523 0.999989152 0.003052400 -0.476754278 -0.004280151 -0.003067356 0.999986112 16.360126495
0.999985754 0.003393484 0.004129600 0.327530861 -0.003405803 0.999989748 0.002979751 -0.489863575 -0.004119446 -0.002993773 0.999987006 16.803943634
0.999986470 0.003128508 0.004134924 0.339791775 -0.003140190 0.999991059 0.002821657 -0.503198028 -0.004126059 -0.002834603 0.999987423 17.243295670
0.999985456 0.002910085 0.004563763 0.345892668 -0.002924497 0.999990761 0.003154264 -0.518229544 -0.004554543 -0.003167565 0.999984622 17.698474884
0.999984920 0.002651123 0.004808378 0.359086990 -0.002665406 0.999992073 0.002966442 -0.530314326 -0.004800475 -0.002979214 0.999984086 18.163251877
0.999984562 0.002510384 0.004972346 0.374358863 -0.002523034 0.999993622 0.002539426 -0.538688660 -0.004965940 -0.002551931 0.999984443 18.632282257
0.999982297 0.002634819 0.005331852 0.378582835 -0.002648895 0.999993026 0.002634554 -0.553414345 -0.005324874 -0.002648632 0.999982297 19.100664139
0.999982417 0.002326391 0.005458342 0.391865492 -0.002340009 0.999994159 0.002489699 -0.567182004 -0.005452519 -0.002502428 0.999981940 19.570398331
0.999985158 0.002463781 0.004868531 0.400134236 -0.002477067 0.999993205 0.002724816 -0.580759525 -0.004861785 -0.002736836 0.999984384 20.057979584
0.999982059 0.002429130 0.005493693 0.418655157 -0.002446344 0.999992132 0.003128996 -0.599012017 -0.005486050 -0.003142379 0.999980032 20.548803329
0.999987185 0.002167016 0.004584338 0.432668030 -0.002180747 0.999993145 0.002992146 -0.610581279 -0.004577823 -0.003002105 0.999985039 21.049419403
0.999986947 0.002631773 0.004373718 0.442484617 -0.002645130 0.999991834 0.003050965 -0.618950486 -0.004365653 -0.003062495 0.999985754 21.574371338
0.999988019 0.002563459 0.004175474 0.451041311 -0.002577436 0.999991000 0.003345538 -0.642537117 -0.004166861 -0.003356260 0.999985695 22.064762115
0.999991417 0.002064660 0.003586707 0.466887325 -0.002076220 0.999992609 0.003222354 -0.652974069 -0.003580027 -0.003229773 0.999988377 22.589036942
0.999989808 0.002903790 0.003454553 0.475749314 -0.002915575 0.999989867 0.003411462 -0.668973804 -0.003444612 -0.003421500 0.999988139 23.116739273
0.999993145 0.002613298 0.002609166 0.489142537 -0.002622872 0.999989808 0.003672779 -0.689001977 -0.002599541 -0.003679598 0.999989808 23.631145477
0.999997139 0.001099963 0.002120243 0.496861696 -0.001107645 0.999992788 0.003625227 -0.707284927 -0.002116240 -0.003627565 0.999991179 24.157186508
0.999996126 0.002099470 0.001780077 0.500115693 -0.002105043 0.999992847 0.003134403 -0.714851320 -0.001773484 -0.003138139 0.999993443 24.676393509
0.999995828 0.002614200 0.001245593 0.507112086 -0.002619159 0.999988556 0.003996727 -0.735004127 -0.001235130 -0.003999973 0.999991238 25.183403015
0.999996126 0.002588967 0.000997220 0.499437392 -0.002593170 0.999987662 0.004236988 -0.754588366 -0.000986238 -0.004239557 0.999990523 25.724166870
0.999997437 0.002251304 0.000079454 0.516197562 -0.002251614 0.999988854 0.004139123 -0.775947869 -0.000070134 -0.004139292 0.999991417 26.280385971
0.999998093 0.001939403 -0.000088769 0.530655086 -0.001938934 0.999985576 0.005001907 -0.791404605 0.000098469 -0.005001725 0.999987483 26.823204041
0.999997556 0.002194214 -0.000171297 0.541782856 -0.002193351 0.999985635 0.004889589 -0.813012123 0.000182024 -0.004889202 0.999987960 27.371520996
0.999994159 0.003355789 -0.000515240 0.552318275 -0.003353338 0.999983370 0.004684985 -0.827728629 0.000530954 -0.004683231 0.999988914 27.904556274
0.999996185 0.002299422 -0.001516860 0.565081537 -0.002292374 0.999986649 0.004631804 -0.834405065 0.001527490 -0.004628310 0.999988139 28.468112946
0.999996722 0.002286550 -0.001135830 0.569060385 -0.002280512 0.999983370 0.005289635 -0.852306366 0.001147905 -0.005287027 0.999985337 29.025421143
0.999995589 0.001989684 -0.002209630 0.581360340 -0.001978876 0.999986112 0.004882747 -0.866623878 0.002219315 -0.004878353 0.999985576 29.567070007
0.999994338 0.002777682 -0.001913977 0.570922613 -0.002768668 0.999985278 0.004696393 -0.876263320 0.001926994 -0.004691068 0.999987125 30.098381042
0.999993742 0.001773741 -0.003069223 0.597381771 -0.001757306 0.999984145 0.005349314 -0.901530325 0.003078664 -0.005343887 0.999980986 30.613153458
0.999994814 0.002144007 -0.002397513 0.584593475 -0.002130203 0.999981225 0.005745123 -0.918327093 0.002409786 -0.005739987 0.999980569 31.175186157
0.999993026 0.002961280 -0.002305195 0.590600908 -0.002949016 0.999981582 0.005304911 -0.922739863 0.002320862 -0.005298076 0.999983191 31.731079102
0.999994934 0.002183288 -0.002319311 0.602986634 -0.002170580 0.999982715 0.005467829 -0.934187651 0.002331210 -0.005462768 0.999982297 32.229839325
0.999985933 0.002443789 -0.004702533 0.651234329 -0.002419611 0.999983847 0.005140119 -0.926363409 0.004715019 -0.005128669 0.999975741 32.877021790
0.999991000 0.002547593 -0.003398423 0.619881511 -0.002532060 0.999986351 0.004566984 -0.959942579 0.003410010 -0.004558337 0.999983788 33.340381622
0.999991834 0.001969492 -0.003534563 0.629970729 -0.001951339 0.999984920 0.005131826 -0.984862268 0.003544618 -0.005124887 0.999980569 33.915939331
0.999990463 0.002995126 -0.003176418 0.628882229 -0.002977414 0.999980092 0.005566414 -0.999667346 0.003193027 -0.005556903 0.999979436 34.440216064
0.999988019 0.003229520 -0.003683493 0.639001727 -0.003209671 0.999980330 0.005381871 -1.014948845 0.003700802 -0.005369984 0.999978721 34.977584839
0.999989450 0.003368508 -0.003119194 0.622694075 -0.003353465 0.999982774 0.004815427 -1.004888535 0.003135361 -0.004804917 0.999983490 35.593647003
0.999986589 0.003387507 -0.003908965 0.671017408 -0.003367211 0.999980927 0.005186973 -1.026321650 0.003926461 -0.005173741 0.999978900 36.097473145
0.999989331 0.003177104 -0.003349445 0.649282217 -0.003161230 0.999983728 0.004733944 -1.043967485 0.003364431 -0.004723304 0.999983191 36.679180145
0.999987662 0.003442596 -0.003612191 0.656227946 -0.003423723 0.999980509 0.005218201 -1.056089878 0.003630085 -0.005205769 0.999979794 37.229499817
0.999991357 0.002510463 -0.003288011 0.660409391 -0.002496116 0.999987304 0.004360447 -1.069330215 0.003298916 -0.004352202 0.999985099 37.784069061
0.999989152 0.002490274 -0.003921845 0.671627402 -0.002471574 0.999985516 0.004765618 -1.085339427 0.003933657 -0.004755873 0.999980986 38.333690643
0.999989927 0.002408195 -0.003780405 0.678613842 -0.002390705 0.999986470 0.004624116 -1.092332006 0.003791488 -0.004615032 0.999982238 38.890327454
0.999989569 0.002695728 -0.003678396 0.684345782 -0.002679344 0.999986470 0.004451733 -1.099065661 0.003690346 -0.004441830 0.999983311 39.389209747
0.999988794 0.003061848 -0.003604985 0.682837129 -0.003048335 0.999988317 0.003747983 -1.109963179 0.003616421 -0.003736951 0.999986470 39.936317444
0.999990106 0.002797618 -0.003451701 0.688901186 -0.002780222 0.999983490 0.005034356 -1.141446710 0.003465730 -0.005024711 0.999981344 40.460594177
0.999990702 0.002663218 -0.003385802 0.697845817 -0.002649424 0.999988198 0.004071934 -1.144855499 0.003396607 -0.004062926 0.999985933 41.022933960
0.999987960 0.003187651 -0.003726732 0.704166412 -0.003171726 0.999985874 0.004271578 -1.151310802 0.003740296 -0.004259707 0.999983847 41.549961090
0.999987304 0.004481322 -0.002302749 0.694205105 -0.004472772 0.999983132 0.003704845 -1.167173862 0.002319312 -0.003694498 0.999990463 42.088630676
0.999989808 0.003349431 -0.003030074 0.699667692 -0.003335826 0.999984384 0.004483831 -1.194203258 0.003045043 -0.004473677 0.999985278 42.617855072
0.999981165 0.004909481 -0.003666842 0.730183303 -0.004897040 0.999982238 0.003393964 -1.211651087 0.003683442 -0.003375944 0.999987483 43.249843597
0.999987066 0.003137750 -0.004003187 0.736046553 -0.003123382 0.999988675 0.003590433 -1.201042175 0.004014407 -0.003577883 0.999985516 43.790805817
0.999987006 0.003460619 -0.003741231 0.746419072 -0.003447217 0.999987602 0.003582707 -1.213350296 0.003753584 -0.003569764 0.999986529 44.335426331
0.999989033 0.003332552 -0.003283268 0.742202282 -0.003320298 0.999987543 0.003730115 -1.237007737 0.003295658 -0.003719172 0.999987662 44.888896942
0.999987125 0.002872789 -0.004188797 0.777909160 -0.002857241 0.999988973 0.003713026 -1.252002120 0.004199417 -0.003701010 0.999984324 45.417369843
0.999985039 0.003573871 -0.004149182 0.787518442 -0.003559591 0.999987721 0.003443878 -1.262661695 0.004161439 -0.003429057 0.999985456 45.961746216
0.999988735 0.001326129 -0.004540662 0.802788019 -0.001313815 0.999995589 0.002713689 -1.286005497 0.004544239 -0.002707694 0.999985933 46.537887573
0.999990642 0.000745931 -0.004260819 0.811594427 -0.000729131 0.999991894 0.003943284 -1.320944905 0.004263726 -0.003940140 0.999983072 47.109375000
0.999991298 0.001661700 -0.003824537 0.800557375 -0.001652947 0.999996126 0.002290661 -1.304233313 0.003828328 -0.002284320 0.999990046 47.674953461
0.999989629 0.001467619 -0.004307966 0.823438048 -0.001456493 0.999995589 0.002584730 -1.326718211 0.004311740 -0.002578428 0.999987364 48.207126617
0.999990523 0.002121813 -0.003788617 0.820274532 -0.002108813 0.999991894 0.003432081 -1.349601388 0.003795869 -0.003424059 0.999986947 48.731616974
0.999989033 0.002783099 -0.003767375 0.829567552 -0.002768592 0.999988735 0.003850384 -1.366134048 0.003778049 -0.003839911 0.999985516 49.244556427
0.999988377 0.003186411 -0.003599034 0.838557780 -0.003175294 0.999990165 0.003090445 -1.371537447 0.003608847 -0.003078982 0.999988735 49.804485321
0.999990344 0.003756624 -0.002254441 0.830025792 -0.003750569 0.999989390 0.002683989 -1.381447196 0.002264499 -0.002675508 0.999993861 50.360336304
0.999991000 0.003611994 -0.002197221 0.831689835 -0.003606937 0.999990880 0.002301056 -1.395886898 0.002205512 -0.002293109 0.999994934 50.885379791
0.999984145 0.004811356 -0.002902933 0.845312357 -0.004803223 0.999984503 0.002801977 -1.415838003 0.002916370 -0.002787989 0.999991834 51.466751099
0.999990523 0.002471142 -0.003585638 0.862627864 -0.002458271 0.999990463 0.003589550 -1.434655190 0.003594475 -0.003580702 0.999987066 51.946647644
0.999990404 0.003722804 -0.002365030 0.867738008 -0.003716988 0.999990046 0.002458680 -1.439875603 0.002374159 -0.002449865 0.999994159 52.505317688
0.999989152 0.004249955 -0.001909006 0.888243437 -0.004245797 0.999988556 0.002176934 -1.444104433 0.001918237 -0.002168805 0.999995828 53.058170319
0.999986053 0.004844941 -0.002081821 0.894002736 -0.004841005 0.999986470 0.001891357 -1.450489879 0.002090956 -0.001881253 0.999996066 53.601470947
0.999988437 0.004210639 -0.002314968 0.893768132 -0.004205612 0.999988794 0.002171520 -1.482528687 0.002324085 -0.002161759 0.999994874 54.140945435
0.999987841 0.004591651 -0.001770062 0.906276941 -0.004588504 0.999988019 0.001777277 -1.495815516 0.001778202 -0.001769133 0.999996841 54.650867462
0.999986529 0.004828105 -0.001914091 0.915067017 -0.004824922 0.999987006 0.001663743 -1.511022806 0.001922099 -0.001654486 0.999996722 55.198612213
0.999988496 0.004225405 -0.002238052 0.933804631 -0.004220550 0.999988735 0.002169210 -1.533142090 0.002247194 -0.002159739 0.999995172 55.759040833
0.999987721 0.004316062 -0.002428507 0.940049350 -0.004310790 0.999988317 0.002172265 -1.541816711 0.002437855 -0.002161769 0.999994695 56.303573608
0.999988616 0.004231384 -0.002208179 0.955197453 -0.004226163 0.999988258 0.002364177 -1.561856866 0.002218157 -0.002354818 0.999994755 56.854724884
0.999988735 0.004174266 -0.002259511 0.963321924 -0.004170198 0.999989688 0.001802446 -1.565755129 0.002267011 -0.001793004 0.999995828 57.403331757
0.999988019 0.004329660 -0.002336106 0.977408648 -0.004324916 0.999988556 0.002032363 -1.582692623 0.002344879 -0.002022235 0.999995232 57.929367065
0.999991238 0.003536522 -0.002245642 0.981568277 -0.003533024 0.999992490 0.001559910 -1.592860460 0.002251143 -0.001551962 0.999996245 58.483482361
0.999990523 0.003740647 -0.002234665 0.984717786 -0.003736895 0.999991596 0.001680230 -1.609387159 0.002240930 -0.001671863 0.999996066 59.013820648
0.999991417 0.003630663 -0.001992892 0.996800840 -0.003627617 0.999992251 0.001529334 -1.623977780 0.001998429 -0.001522092 0.999996841 59.561759949
0.999989986 0.003957868 -0.002091965 1.005400896 -0.003954619 0.999991000 0.001553349 -1.640299439 0.002098094 -0.001545061 0.999996603 60.102748871
0.999988258 0.004281193 -0.002279396 1.023100257 -0.004277746 0.999989688 0.001515473 -1.646052599 0.002285859 -0.001505704 0.999996245 60.664451599
0.999984503 0.005340614 -0.001587186 1.026646376 -0.005338430 0.999984801 0.001375902 -1.655674815 0.001594509 -0.001367408 0.999997735 61.211708069
0.999987960 0.004636434 -0.001592091 1.036736488 -0.004634182 0.999988258 0.001415491 -1.672059298 0.001598636 -0.001408095 0.999997735 61.755165100
0.999987364 0.004788457 -0.001519240 1.045217991 -0.004786950 0.999988019 0.000994790 -1.686365366 0.001523985 -0.000987505 0.999998331 62.295349121
0.999986231 0.005170973 -0.000891879 1.054716587 -0.005169973 0.999985993 0.001120414 -1.705556273 0.000897659 -0.001115788 0.999998927 62.842315674
0.999985576 0.005166480 -0.001425336 1.076785088 -0.005165049 0.999986172 0.001006245 -1.718695402 0.001430516 -0.000998869 0.999998450 63.376548767
0.999982655 0.005679869 -0.001553885 1.086497545 -0.005678017 0.999983191 0.001195548 -1.738826275 0.001560649 -0.001186704 0.999998093 63.926471710
0.999982595 0.005799372 -0.001097795 1.090385556 -0.005798759 0.999982953 0.000559375 -1.745841742 0.001101020 -0.000553000 0.999999166 64.455718994
0.999984980 0.005304674 -0.001361016 1.098060131 -0.005303720 0.999985635 0.000703995 -1.761600614 0.001364731 -0.000696766 0.999998808 64.996376038
0.999988556 0.004717318 -0.000823376 1.104512572 -0.004716757 0.999988616 0.000679709 -1.779296637 0.000826573 -0.000675818 0.999999404 65.537330627
0.999988973 0.004608080 -0.000989211 1.116729498 -0.004607926 0.999989390 0.000157602 -1.790587425 0.000989927 -0.000153042 0.999999464 66.078178406
0.999989986 0.004417097 -0.000696620 1.128121257 -0.004417179 0.999990225 -0.000116819 -1.796561599 0.000696097 0.000119895 0.999999762 66.635955811
0.999988675 0.004715833 -0.000624664 1.146502256 -0.004715786 0.999988854 0.000072841 -1.826441884 0.000625000 -0.000069894 0.999999762 67.177047729
0.999987721 0.004912072 -0.000647367 1.157763124 -0.004912285 0.999987900 -0.000326676 -1.833903909 0.000645755 0.000329852 0.999999762 67.719276428
0.999989390 0.004583338 -0.000516352 1.165653229 -0.004583582 0.999989331 -0.000468856 -1.853272796 0.000514198 0.000471218 0.999999762 68.261810303
0.999991834 0.003961552 -0.000774874 1.186216235 -0.003961980 0.999992013 -0.000550570 -1.862822890 0.000772688 0.000553636 0.999999464 68.798423767
0.999988139 0.004794893 -0.000865731 1.191216707 -0.004795316 0.999988377 -0.000486087 -1.882375836 0.000863391 0.000490232 0.999999523 69.337684631
0.999984741 0.005511316 -0.000287458 1.200826883 -0.005511717 0.999983847 -0.001407808 -1.894726515 0.000279695 0.001409371 0.999998987 69.873939514
0.999985397 0.005414151 0.000059960 1.207831502 -0.005414050 0.999984086 -0.001606086 -1.908286333 -0.000068655 0.001605738 0.999998748 70.430160522
0.999989808 0.004512877 0.000136960 1.225339890 -0.004512637 0.999988317 -0.001707145 -1.929431200 -0.000144662 0.001706510 0.999998510 70.996360779
0.999988139 0.004869492 0.000182264 1.230930209 -0.004869127 0.999986231 -0.001947899 -1.940187335 -0.000191747 0.001946989 0.999998093 71.518997192
0.999991119 0.004241032 0.000000107 1.245449901 -0.004241023 0.999988854 -0.002037022 -1.955556273 -0.000008747 0.002037003 0.999997914 72.075218201
0.999984384 0.005530406 0.000823095 1.243366718 -0.005528453 0.999981880 -0.002355804 -1.969990969 -0.000836109 0.002351217 0.999996841 72.622535706
0.999987721 0.004936662 0.000440593 1.276442289 -0.004935765 0.999985754 -0.002015915 -1.993896604 -0.000450538 0.002013715 0.999997854 73.215240479
0.999983966 0.005580650 0.000972966 1.279218674 -0.005578988 0.999983013 -0.001704234 -2.015266657 -0.000982461 0.001698779 0.999998033 73.779396057
0.999977887 0.006567569 0.000980658 1.289372802 -0.006565597 0.999976397 -0.002000876 -2.033129454 -0.000993776 0.001994393 0.999997437 74.331253052
0.999983847 0.005534961 0.001288407 1.298664808 -0.005532709 0.999983191 -0.001744185 -2.042558908 -0.001298040 0.001737029 0.999997616 74.869766235
0.999982476 0.005749620 0.001408977 1.310324073 -0.005746944 0.999981701 -0.001896057 -2.065394878 -0.001419853 0.001887927 0.999997199 75.433326721
0.999983132 0.005593167 0.001571904 1.320639372 -0.005589326 0.999981403 -0.002435941 -2.079009295 -0.001585499 0.002427114 0.999995768 75.989044189
0.999969006 0.007630626 0.001995427 1.317528725 -0.007626054 0.999968290 -0.002289226 -2.100851059 -0.002012833 0.002273937 0.999995410 76.540374756
0.999983728 0.005596152 0.001070149 1.339817047 -0.005593558 0.999981463 -0.002411578 -2.117251635 -0.001083625 0.002405553 0.999996543 77.089553833
0.999973834 0.007106959 0.001362223 1.329212904 -0.007102578 0.999969661 -0.003193796 -2.129239559 -0.001384880 0.003184037 0.999993980 77.618820190
0.999980152 0.006027366 0.001911888 1.348808289 -0.006022386 0.999978423 -0.002600048 -2.146527290 -0.001927519 0.002588482 0.999994755 78.183937073
0.999979138 0.006054366 0.002241954 1.371664286 -0.006047985 0.999977648 -0.002842797 -2.165944099 -0.002259116 0.002829179 0.999993443 78.737503052
0.999970853 0.007152997 0.002670631 1.398234725 -0.007143484 0.999968171 -0.003555322 -2.161141396 -0.002695977 0.003536141 0.999990106 79.349189758
0.999971628 0.006888986 0.003038495 1.400063753 -0.006879049 0.999970973 -0.003268503 -2.182132959 -0.003060923 0.003247509 0.999990046 79.859268188
0.999968410 0.007276119 0.003173647 1.412840128 -0.007263978 0.999966264 -0.003820164 -2.195706844 -0.003201336 0.003796990 0.999987602 80.457550049
0.999959350 0.007752146 0.004601857 1.426480651 -0.007737190 0.999964714 -0.003258774 -2.208846807 -0.004626957 0.003223036 0.999984086 80.939491272
0.999954581 0.008366245 0.004547605 1.490354776 -0.008354328 0.999961615 -0.002633380 -2.253532410 -0.004569462 0.002595268 0.999986172 81.443328857
0.999954045 0.007289369 0.006241661 1.486547351 -0.007264447 0.999965608 -0.004006631 -2.227136135 -0.006270653 0.003961104 0.999972522 82.007583618
0.999945819 0.006978286 0.007722978 1.483260870 -0.006948309 0.999968231 -0.003901408 -2.250742435 -0.007749959 0.003847535 0.999962568 82.546424866
0.999914050 0.006985296 0.011096103 1.501722932 -0.006934175 0.999965131 -0.004638937 -2.261082411 -0.011128121 0.004561595 0.999927700 83.091369629
0.999866068 0.007219342 0.014688452 1.539680839 -0.007155724 0.999964774 -0.004379184 -2.275537729 -0.014719550 0.004273491 0.999882460 83.611442566
0.999825478 0.006288322 0.017597580 1.565515876 -0.006209698 0.999970496 -0.004518914 -2.287009239 -0.017625479 0.004408849 0.999834955 84.143646240
0.999723911 0.007596761 0.022235148 1.585198283 -0.007498062 0.999961674 -0.004518893 -2.304673672 -0.022268621 0.004350924 0.999742568 84.694076538
0.999576867 0.007079214 0.028217152 1.618797064 -0.006944752 0.999964178 -0.004860438 -2.314174891 -0.028250547 0.004662420 0.999590099 85.231346130
0.999375701 0.008662960 0.034252174 1.660526752 -0.008509939 0.999953151 -0.004610753 -2.343453646 -0.034290519 0.004316391 0.999402523 85.749465942
0.999149740 0.007616676 0.040519353 1.689362049 -0.007413600 0.999959230 -0.005159747 -2.348092079 -0.040556997 0.004854965 0.999165535 86.304656982
0.998774946 0.007745563 0.048873551 1.728953123 -0.007504960 0.999958813 -0.005104610 -2.364909172 -0.048911083 0.004731562 0.998791933 86.857673645
0.998341203 0.007227243 0.057118677 1.778366327 -0.006907580 0.999959350 -0.005791928 -2.376508236 -0.057158213 0.005387769 0.998350620 87.395080566
0.997920394 0.006691548 0.064109117 1.828010082 -0.006304944 0.999960661 -0.006230792 -2.389286280 -0.064148284 0.005813628 0.997923434 87.934097290
0.997295141 0.007078337 0.073158316 1.886432648 -0.006643238 0.999958754 -0.006188994 -2.405402660 -0.073199116 0.005686245 0.997301161 88.459144592
0.996526301 0.006509172 0.083023518 1.952749252 -0.005992321 0.999961078 -0.006473022 -2.420681953 -0.083062425 0.005953033 0.996526539 88.943992615
0.995778441 0.006691538 0.091544531 2.031363964 -0.006155230 0.999962151 -0.006139523 -2.440600395 -0.091582157 0.005550128 0.995782197 89.488853455
0.995079398 0.005463229 0.098930158 2.092126846 -0.004797045 0.999964118 -0.006970483 -2.453429937 -0.098964714 0.006461611 0.995069981 90.011520386
0.994066715 0.005556220 0.108629927 2.193884373 -0.004787435 0.999961615 -0.007336635 -2.451146603 -0.108666524 0.006773045 0.994055212 90.562568665
0.992865205 0.005234390 0.119126953 2.279520035 -0.004339174 0.999960363 -0.007772936 -2.471635818 -0.119162917 0.007200565 0.992848575 91.113853455
0.991726935 0.004200691 0.128296897 2.367672920 -0.003190526 0.999962211 -0.008078157 -2.482716322 -0.128325954 0.007601991 0.991702914 91.629135132
0.990090728 0.004593614 0.140353367 2.451240540 -0.003547440 0.999964058 -0.007703133 -2.498176813 -0.140383705 0.007128906 0.990071476 92.159187317
0.988258779 0.004371331 0.152726293 2.563767433 -0.003184275 0.999962807 -0.008016158 -2.520820618 -0.152755633 0.007435718 0.988235950 92.707984924
0.986573339 0.004638419 0.163252741 2.673246384 -0.003356868 0.999961376 -0.008125091 -2.534926176 -0.163284123 0.007467979 0.986550748 93.227142334
0.984765649 0.004626566 0.173824847 2.790331841 -0.003277682 0.999962270 -0.008046273 -2.551645517 -0.173855498 0.007353952 0.984743714 93.750160217
0.982403934 0.004544390 0.186713114 2.909738541 -0.003097664 0.999962807 -0.008039416 -2.573569059 -0.186742693 0.007319581 0.982381523 94.282920837
0.979944885 0.003579101 0.199236602 3.040950775 -0.001899576 0.999961019 -0.008620319 -2.572180510 -0.199259698 0.008068972 0.979913473 94.818031311
0.977792859 0.003319011 0.209547430 3.156570435 -0.001636891 0.999965012 -0.008200314 -2.605949402 -0.209567323 0.007675201 0.977764070 95.313568115
0.974856675 0.003363243 0.222807199 3.300943375 -0.001643032 0.999967396 -0.007905552 -2.631160021 -0.222826555 0.007340700 0.974830449 95.843460083
0.971794605 0.003223738 0.235806793 3.461034775 -0.001414714 0.999968290 -0.007840419 -2.649309635 -0.235824615 0.007285677 0.971768320 96.382919312
0.968956769 0.002946944 0.247212589 3.610248566 -0.001003920 0.999967635 -0.007985411 -2.674766064 -0.247228116 0.007489337 0.968928337 96.903198242
0.966052175 0.003275070 0.258325994 3.764539719 -0.001264247 0.999967575 -0.007949782 -2.686896801 -0.258343637 0.007353316 0.966025114 97.410072327
0.962297618 0.003116306 0.271980792 3.928897858 -0.001075052 0.999970078 -0.007653818 -2.709671974 -0.271996558 0.007072858 0.962272227 97.914596558
0.958677292 0.002943295 0.284480631 4.105085373 -0.000737037 0.999968827 -0.007862118 -2.733879805 -0.284494877 0.007327559 0.958649516 98.419143677
0.955263734 0.002301955 0.295746118 4.283018112 -0.000070628 0.999971449 -0.007555204 -2.755144596 -0.295755118 0.007196324 0.955236614 98.915977478
0.950804651 0.003226866 0.309774756 4.468019485 -0.001158268 0.999975801 -0.006861441 -2.780399799 -0.309789360 0.006165087 0.950785339 99.413200378
0.946234882 0.002127887 0.323473126 4.669219971 0.000290310 0.999972403 -0.007427291 -2.792706013 -0.323480040 0.007121871 0.946208179 99.919403076
0.942308247 0.001770728 0.334741563 4.877676010 0.000882260 0.999969482 -0.007773264 -2.808948278 -0.334745169 0.007620140 0.942277849 100.430404663
0.937500000 0.001703442 0.347981095 5.073623657 0.000801984 0.999974787 -0.007055727 -2.835774183 -0.347984314 0.006893819 0.937475026 100.908760071
0.932077885 0.002253995 0.362250805 5.281194687 0.000276251 0.999975920 -0.006932844 -2.857003927 -0.362257719 0.006562022 0.932054877 101.405822754
0.927163601 0.001159824 0.374654889 5.514619827 0.001481923 0.999975979 -0.006762975 -2.869133949 -0.374653727 0.006825594 0.927139699 101.914062500
0.922398150 0.000345140 0.386240304 5.750953674 0.002618392 0.999971032 -0.007146663 -2.891696692 -0.386231571 0.007603397 0.922370493 102.396255493
0.916575015 0.000553831 0.399862379 5.995288849 0.001716581 0.999984443 -0.005319824 -2.921175957 -0.399859071 0.005562414 0.916559815 102.890647888
0.910137415 0.000962142 0.414305419 6.271583557 0.002144474 0.999972939 -0.007033173 -2.917587280 -0.414301038 0.007289620 0.910110712 103.496894836
0.905055344 0.001095162 0.425292432 6.512042999 0.002233528 0.999970675 -0.007328127 -2.935803413 -0.425288022 0.007582263 0.905026317 103.968048096
0.899196029 -0.000027912 0.437546045 6.780597687 0.003590754 0.999966919 -0.007315528 -2.958063126 -0.437531322 0.008149214 0.899166226 104.467178345
0.892505407 0.000042827 0.451036870 7.048744202 0.003818929 0.999963462 -0.007651791 -2.976570368 -0.451020718 0.008551742 0.892472446 104.950042725
0.885991991 0.000361188 0.463700414 7.313575745 0.003374513 0.999968171 -0.007226579 -2.996710539 -0.463688284 0.007967453 0.885962605 105.431182861
0.880417526 -0.000166954 0.474199235 7.597843170 0.004051326 0.999966085 -0.007169794 -3.016448975 -0.474182010 0.008233547 0.880388379 105.893257141
0.872700155 0.000234660 0.488256246 7.881351471 0.003650271 0.999968827 -0.007005021 -3.038151264 -0.488242656 0.007895551 0.872672260 106.360580444
