1.000000000 0.000000000 0.000000000 0.000000000 0.000000000 1.000000000 0.000000000 0.000000000 0.000000000 0.000000000 1.000000000 0.000000000
1.000000000 0.000088709 0.000034896 -0.000107836 -0.000088709 1.000000000 -0.000001183 0.000356398 -0.000034896 0.000001180 1.000000000 0.000295362
1.000000000 0.000071153 0.000091465 -0.000505606 -0.000071160 1.000000000 0.000072209 -0.000291848 -0.000091460 -0.000072216 1.000000000 0.000241094
1.000000000 -0.000000811 0.000056377 -0.000223380 0.000000812 1.000000000 -0.000020009 0.000482983 -0.000056377 0.000020009 1.000000000 0.000342163
1.000000000 0.000036184 0.000065583 -0.000271733 -0.000036183 1.000000000 -0.000024875 0.000417154 -0.000065584 0.000024873 1.000000000 0.000195235
1.000000000 0.000096131 0.000111278 -0.001193284 -0.000096132 1.000000000 0.000009526 0.000354075 -0.000111277 -0.000009537 1.000000000 -0.000159283
1.000000000 -0.000061894 0.000045738 -0.000376607 0.000061894 1.000000000 0.000002154 -0.000044146 -0.000045738 -0.000002151 1.000000000 0.000117654
1.000000000 0.000045743 0.000035006 -0.000261927 -0.000045745 1.000000000 0.000068159 -0.000248017 -0.000035003 -0.000068161 1.000000000 0.000194773
1.000000000 0.000065147 -0.000014274 0.000068561 -0.000065148 1.000000000 -0.000092370 0.000221705 0.000014268 0.000092371 1.000000000 0.000144094
1.000000000 0.000076712 0.000085222 -0.000256428 -0.000076713 1.000000000 0.000006039 -0.000264390 -0.000085221 -0.000006046 1.000000000 0.000452586
1.000000000 0.000094110 0.000082230 -0.000631245 -0.000094111 1.000000000 0.000013550 -0.000022658 -0.000082229 -0.000013558 1.000000000 0.000301529
1.000000000 0.000131167 0.000079581 -0.000003511 -0.000131162 1.000000000 -0.000069603 0.001282147 -0.000079590 0.000069593 1.000000000 0.001708715
1.000000000 0.000043655 0.000040980 -0.000753576 -0.000043652 1.000000000 -0.000069139 -0.000340886 -0.000040983 0.000069137 1.000000000 -0.000755291
1.000000000 0.000071388 0.000063163 -0.000858050 -0.000071383 1.000000000 -0.000091957 0.000793654 -0.000063170 0.000091953 1.000000000 0.000344330
1.000000000 0.000078178 0.000090434 -0.001577172 -0.000078174 1.000000000 -0.000040605 0.000784432 -0.000090437 0.000040598 1.000000000 0.000092710
1.000000000 0.000098557 0.000035299 -0.000031819 -0.000098555 1.000000000 -0.000050539 0.001305201 -0.000035304 0.000050535 1.000000000 0.001658501
1.000000000 0.000141216 0.000119562 -0.000974523 -0.000141208 1.000000000 -0.000067461 0.001390921 -0.000119571 0.000067444 1.000000000 0.001711674
1.000000000 0.000130571 0.000116578 -0.001387038 -0.000130556 1.000000000 -0.000127129 0.001332635 -0.000116595 0.000127114 1.000000000 0.001165689
0.999999940 0.000198397 0.000154084 -0.002035289 -0.000198381 1.000000000 -0.000104587 0.002124288 -0.000154104 0.000104557 1.000000000 0.001783830
1.000000000 0.000164668 0.000149939 -0.001493310 -0.000164648 1.000000000 -0.000131337 0.001982364 -0.000149960 0.000131312 1.000000000 0.001910579
1.000000000 0.000092483 0.000173419 -0.001952235 -0.000092469 1.000000000 -0.000082810 0.001337869 -0.000173426 0.000082794 1.000000000 0.001846801
1.000000000 0.000169426 0.000124753 -0.001737411 -0.000169418 1.000000000 -0.000058481 0.001607615 -0.000124763 0.000058460 1.000000000 0.001310528
1.000000000 0.000199229 0.000107233 -0.001166746 -0.000199216 1.000000000 -0.000116624 0.002164435 -0.000107256 0.000116602 1.000000000 0.002510300
1.000000000 0.000160274 0.000106917 -0.001489118 -0.000160263 1.000000000 -0.000095548 0.002508256 -0.000106932 0.000095531 1.000000000 0.002833318
0.999999940 0.000309603 0.000116661 -0.001569973 -0.000309593 0.999999940 -0.000081981 0.002254884 -0.000116687 0.000081945 1.000000000 0.002487001
0.999999940 0.000359005 0.000135311 -0.001751298 -0.000359002 0.999999940 -0.000027857 0.001175876 -0.000135321 0.000027808 1.000000000 0.001247738
0.999999940 0.000173683 0.000189428 -0.001869614 -0.000173676 1.000000000 -0.000034361 0.002417433 -0.000189434 0.000034328 1.000000000 0.002247025
0.999999940 0.000216906 0.000190416 -0.001807636 -0.000216910 1.000000000 0.000017689 0.001342668 -0.000190412 -0.000017730 1.000000000 0.002079146
0.999999940 0.000209684 0.000134680 -0.001869235 -0.000209679 1.000000000 -0.000037939 0.002242492 -0.000134688 0.000037911 1.000000000 0.002531589
0.999999940 0.000220086 0.000149091 -0.001777016 -0.000220076 1.000000000 -0.000066666 0.002057707 -0.000149106 0.000066633 1.000000000 0.002197297
0.999999940 0.000250906 0.000186927 -0.001334775 -0.000250900 0.999999881 -0.000033863 0.001428875 -0.000186936 0.000033816 1.000000000 0.002351477
0.999999940 0.000080681 0.000164074 -0.001077832 -0.000080667 0.999999940 -0.000081246 0.002457586 -0.000164080 0.000081232 1.000000000 0.003356779
0.999999940 0.000188751 0.000068707 -0.000323186 -0.000188740 0.999999881 -0.000159066 0.002541415 -0.000068737 0.000159053 1.000000000 0.002605818
0.999999940 0.000187120 0.000150043 -0.000911679 -0.000187111 0.999999940 -0.000061341 0.001698895 -0.000150054 0.000061313 1.000000000 0.002014075
0.999999940 0.000266342 0.000199256 -0.001869127 -0.000266325 0.999999881 -0.000088484 0.001927544 -0.000199280 0.000088431 1.000000000 0.002125819
0.999999940 0.000260307 0.000209127 -0.001478520 -0.000260293 0.999999881 -0.000067074 0.001586114 -0.000209144 0.000067019 1.000000000 0.002080502
0.999999940 0.000221853 0.000182457 -0.001399866 -0.000221840 0.999999940 -0.000076356 0.002081070 -0.000182474 0.000076316 1.000000000 0.002353989
0.999999881 0.000239721 0.000101657 -0.001365730 -0.000239714 0.999999881 -0.000068433 0.002224221 -0.000101673 0.000068408 1.000000000 0.002794883
0.999999940 0.000274231 0.000184616 -0.001630916 -0.000274213 0.999999881 -0.000100613 0.001995096 -0.000184644 0.000100563 1.000000000 0.002254673
0.999999881 0.000235914 0.000137056 -0.000658108 -0.000235901 0.999999881 -0.000088612 0.002363615 -0.000137077 0.000088580 1.000000000 0.002529048
0.999999940 0.000076836 0.000084462 -0.000331952 -0.000076824 0.999999940 -0.000135830 0.002080618 -0.000084473 0.000135824 1.000000000 0.003275893
0.999999940 0.000359807 0.000247022 -0.000608168 -0.000359648 0.999999702 -0.000644236 -0.002326865 -0.000247254 0.000644147 0.999999762 0.049106799
1.000000000 0.000191554 0.000125263 0.001878146 -0.000191393 0.999999166 -0.001283137 -0.002442566 -0.000125509 0.001283113 0.999999166 0.141137302
0.999999940 0.000024906 -0.000066734 0.005964570 -0.000024967 0.999999702 -0.000910756 -0.015813667 0.000066711 0.000910757 0.999999583 0.256030560
0.999999940 0.000086924 -0.000051820 0.009333855 -0.000086968 0.999999642 -0.000853922 -0.018572660 0.000051745 0.000853927 0.999999642 0.388101280
0.999999940 -0.000244416 -0.000288109 0.012348505 0.000244097 0.999999344 -0.001106207 -0.017741023 0.000288379 0.001106136 0.999999344 0.526291013
0.999999881 -0.000542905 -0.000300290 0.016368531 0.000542623 0.999999464 -0.000937486 -0.023082262 0.000300798 0.000937323 0.999999523 0.680247962
0.999999881 -0.000149582 0.000206134 0.015369219 0.000149690 0.999999881 -0.000524186 -0.026798056 -0.000206055 0.000524217 0.999999821 0.844030738
0.999999940 -0.000373164 0.000145343 0.023571217 0.000373206 0.999999881 -0.000289538 -0.033928338 -0.000145235 0.000289592 0.999999940 1.012320757
1.000000000 -0.000270480 0.000134763 0.027775334 0.000270535 0.999999821 -0.000405837 -0.037187647 -0.000134653 0.000405873 0.999999881 1.188987136
0.999999881 0.000351488 0.000304235 0.028470309 -0.000351388 1.000000000 -0.000328472 -0.040329941 -0.000304351 0.000328365 0.999999881 1.381664276
0.999999940 0.000157772 0.000273942 0.029916363 -0.000157721 1.000000000 -0.000183878 -0.050039019 -0.000273971 0.000183835 0.999999940 1.564359546
0.999999881 0.000047328 0.000241346 0.035145212 -0.000047323 1.000000000 -0.000019880 -0.055170622 -0.000241347 0.000019869 1.000000000 1.765136480
0.999999762 0.000546966 0.000426414 0.036716666 -0.000547014 0.999999821 0.000112441 -0.058449939 -0.000426353 -0.000112674 0.999999821 1.968986154
0.999999940 -0.000069341 0.000293847 0.041370958 0.000069244 0.999999881 0.000327249 -0.070006669 -0.000293870 -0.000327229 0.999999881 2.173924923
0.999999881 -0.000130776 0.000211019 0.049334433 0.000130683 0.999999881 0.000440928 -0.073013812 -0.000211077 -0.000440901 0.999999881 2.392277479
0.999999940 0.000204008 0.000194274 0.049484544 -0.000204056 0.999999940 0.000249179 -0.079450287 -0.000194223 -0.000249219 0.999999940 2.613718510
0.999999881 0.000139181 0.000302900 0.056483656 -0.000139259 0.999999940 0.000257988 -0.087516345 -0.000302864 -0.000258030 0.999999940 2.841023922
0.999999702 0.000485421 0.000428242 0.057131603 -0.000485482 0.999999881 0.000142915 -0.092512749 -0.000428172 -0.000143123 0.999999881 3.071205616
1.000000000 0.000304526 0.000318014 0.063295536 -0.000304623 0.999999881 0.000304497 -0.101595968 -0.000317922 -0.000304594 0.999999881 3.306715965
1.000000000 0.000039942 0.000303193 0.071329586 -0.000040106 0.999999881 0.000541548 -0.112680174 -0.000303171 -0.000541561 0.999999821 3.551124573
0.999999762 0.000430835 0.000490824 0.070846431 -0.000431019 0.999999821 0.000375782 -0.116769753 -0.000490662 -0.000375994 0.999999821 3.805616856
0.999999404 0.000614711 0.000870657 0.072040439 -0.000614954 0.999999762 0.000278575 -0.122520857 -0.000870486 -0.000279111 0.999999583 4.061517715
0.999999225 0.000617233 0.001054957 0.077858083 -0.000617637 0.999999762 0.000382439 -0.129096687 -0.001054721 -0.000383090 0.999999344 4.319339275
0.999999106 0.000776088 0.001067123 0.081038252 -0.000776388 0.999999702 0.000280759 -0.135289505 -0.001066904 -0.000281587 0.999999344 4.579681873
0.999998748 0.000925190 0.001237388 0.088780798 -0.000925703 0.999999464 0.000413443 -0.141878352 -0.001237005 -0.000414588 0.999999166 4.843134403
0.999998152 0.001231018 0.001439150 0.092384979 -0.001231398 0.999999225 0.000263821 -0.148277313 -0.001438824 -0.000265593 0.999998927 5.104341030
0.999997914 0.001434183 0.001470465 0.098737210 -0.001434182 0.999998987 -0.000001803 -0.154490814 -0.001470466 -0.000000306 0.999998927 5.365531445
0.999997199 0.001486043 0.001827258 0.102904342 -0.001486105 0.999998868 0.000032718 -0.162073478 -0.001827208 -0.000035434 0.999998331 5.636667728
0.999996781 0.001559545 0.001975970 0.106552690 -0.001560003 0.999998689 0.000230526 -0.171793416 -0.001975608 -0.000233607 0.999998033 5.909297943
0.999996722 0.001702058 0.001882531 0.113785863 -0.001702341 0.999998510 0.000148350 -0.179901287 -0.001882276 -0.000151554 0.999998212 6.189019680
0.999996603 0.001770781 0.001867585 0.119375989 -0.001771318 0.999998331 0.000286075 -0.190350339 -0.001867075 -0.000289382 0.999998212 6.472591400
0.999997675 0.001452239 0.001578892 0.124196798 -0.001452510 0.999998927 0.000170649 -0.198868155 -0.001578643 -0.000172942 0.999998748 6.759072781
0.999996424 0.001966441 0.001767218 0.129441738 -0.001966299 0.999998033 -0.000082150 -0.206477091 -0.001767376 0.000078675 0.999998450 7.056468487
0.999996901 0.001831442 0.001700758 0.138271943 -0.001831815 0.999998271 0.000217280 -0.219356179 -0.001700357 -0.000220395 0.999998510 7.345874786
0.999997854 0.001678220 0.001230281 0.146373421 -0.001678874 0.999998450 0.000531166 -0.231856734 -0.001229388 -0.000533230 0.999999106 7.655514717
0.999997199 0.001791110 0.001535082 0.150199786 -0.001791762 0.999998271 0.000423645 -0.239895478 -0.001534321 -0.000426395 0.999998689 7.960222721
0.999997020 0.001735894 0.001699597 0.153361633 -0.001736352 0.999998450 0.000268270 -0.250276774 -0.001699129 -0.000271220 0.999998510 8.269989014
0.999995410 0.002212360 0.002061833 0.157010525 -0.002213162 0.999997497 0.000386729 -0.261604309 -0.002060972 -0.000391291 0.999997795 8.591900826
0.999995708 0.002045525 0.002160859 0.166477174 -0.002046678 0.999997675 0.000531619 -0.271009237 -0.002159767 -0.000536039 0.999997497 8.933073997
0.999996603 0.001808968 0.001873302 0.173676819 -0.001809919 0.999998093 0.000506003 -0.281970382 -0.001872384 -0.000509392 0.999998152 9.278070450
0.999995172 0.002458496 0.001854346 0.185684040 -0.002459598 0.999996722 0.000592506 -0.293521762 -0.001852883 -0.000597064 0.999998093 9.613135338
0.999994397 0.002550950 0.002202513 0.190561756 -0.002552544 0.999996483 0.000720886 -0.299194425 -0.002200666 -0.000726504 0.999997318 9.980098724
0.999994695 0.002410367 0.002195326 0.204577193 -0.002412468 0.999996662 0.000954944 -0.318503529 -0.002193017 -0.000960235 0.999997139 10.314393997
0.999996066 0.002171384 0.001761767 0.214114368 -0.002172617 0.999997318 0.000698218 -0.326852262 -0.001760246 -0.000702043 0.999998212 10.659976006
0.999995828 0.002416782 0.001598834 0.218372971 -0.002418055 0.999996722 0.000794741 -0.335500091 -0.001596908 -0.000798604 0.999998331 11.032995224
0.999996126 0.002203654 0.001689527 0.226160586 -0.002205343 0.999997079 0.000998439 -0.347988635 -0.001687322 -0.001002161 0.999998093 11.405834198
0.999995768 0.002335797 0.001729890 0.233134121 -0.002337628 0.999996722 0.001056918 -0.359836638 -0.001727415 -0.001060958 0.999997973 11.773302078
0.999996424 0.002156552 0.001548612 0.243800864 -0.002157844 0.999997258 0.000833215 -0.370661288 -0.001546810 -0.000836554 0.999998450 12.152573586
0.999993801 0.002949380 0.001930124 0.252627820 -0.002951269 0.999995172 0.000976625 -0.385497034 -0.001927235 -0.000982316 0.999997675 12.539411545
0.999994576 0.002759175 0.001786581 0.255236715 -0.002761744 0.999995112 0.001436619 -0.397614986 -0.001782608 -0.001441545 0.999997318 12.926191330
0.999996662 0.002053306 0.001557966 0.267149538 -0.002055173 0.999997199 0.001198231 -0.409722477 -0.001555502 -0.001201429 0.999998093 13.324214935
0.999996305 0.002105117 0.001699791 0.276574552 -0.002107117 0.999997079 0.001176290 -0.421870977 -0.001697310 -0.001179868 0.999997854 13.736431122
0.999996126 0.002164848 0.001765298 0.286749154 -0.002167054 0.999996901 0.001248596 -0.433725268 -0.001762590 -0.001252417 0.999997675 14.150412560
0.999994814 0.002413298 0.002120004 0.297263652 -0.002415786 0.999996424 0.001171723 -0.446986079 -0.002117168 -0.001176839 0.999997020 14.576393127
0.999994218 0.002525708 0.002264100 0.307124436 -0.002528491 0.999996066 0.001227441 -0.458330631 -0.002260992 -0.001233159 0.999996662 15.008950233
0.999993026 0.002632619 0.002651798 0.315646291 -0.002636874 0.999995232 0.001602313 -0.472374976 -0.002647568 -0.001609294 0.999995112 15.437084198
0.999991536 0.002581337 0.003209919 0.321830064 -0.002586163 0.999995530 0.001500418 -0.487497449 -0.003206032 -0.001508707 0.999993742 15.869055748
0.999991596 0.002617355 0.003147053 0.338913560 -0.002622649 0.999995112 0.001679092 -0.502133787 -0.003142643 -0.001687332 0.999993622 16.308219910
0.999990940 0.002498264 0.003422148 0.348623544 -0.002503542 0.999995649 0.001538886 -0.514553249 -0.003418288 -0.001547440 0.999992907 16.754524231
0.999990404 0.002423870 0.003648732 0.353480369 -0.002431691 0.999994695 0.002140627 -0.534514904 -0.003643524 -0.002149479 0.999991059 17.195186615
0.999991059 0.002323678 0.003537916 0.363313019 -0.002331606 0.999994695 0.002238344 -0.548156023 -0.003532696 -0.002246574 0.999991238 17.657728195
0.999989212 0.002446204 0.003952155 0.371880442 -0.002451963 0.999995828 0.001453106 -0.553725660 -0.003948585 -0.001462780 0.999991179 18.132629395
0.999990702 0.002017261 0.003805385 0.391324669 -0.002025299 0.999995708 0.002109885 -0.571564198 -0.003801113 -0.002117573 0.999990463 18.587148666
0.999988377 0.001954906 0.004417549 0.405630708 -0.001963471 0.999996126 0.001935120 -0.583808541 -0.004413749 -0.001943771 0.999988377 19.070859909
0.999990225 0.001998898 0.003943641 0.419546276 -0.002005701 0.999996483 0.001721933 -0.594389617 -0.003940186 -0.001729826 0.999990702 19.565061569
0.999983311 0.003390630 0.004665273 0.421602964 -0.003401399 0.999991536 0.002302217 -0.610524714 -0.004657428 -0.002318047 0.999986410 20.054759979
0.999989152 0.002007000 0.004188898 0.435203850 -0.002015944 0.999995708 0.002131976 -0.623918772 -0.004184602 -0.002140398 0.999988914 20.570171356
0.999990106 0.002660364 0.003586551 0.453903258 -0.002666021 0.999995172 0.001573362 -0.614484131 -0.003582349 -0.001582908 0.999992371 21.097951889
0.999993205 0.001903308 0.003154406 0.457111597 -0.001908586 0.999996781 0.001671081 -0.642010152 -0.003151215 -0.001677090 0.999993622 21.597784042
0.999994457 0.002128930 0.002557949 0.469700366 -0.002133608 0.999996066 0.001827077 -0.655580699 -0.002554049 -0.001832525 0.999994993 22.120220184
0.999994814 0.002165132 0.002387810 0.476650447 -0.002168569 0.999996603 0.001437534 -0.663976073 -0.002384690 -0.001442705 0.999996126 22.636507034
0.999997139 0.001793062 0.001584306 0.487207532 -0.001796111 0.999996543 0.001924848 -0.680456519 -0.001580849 -0.001927688 0.999996901 23.147136688
0.999996662 0.002146818 0.001430703 0.491404533 -0.002149679 0.999995828 0.002001157 -0.700482607 -0.001426401 -0.002004226 0.999996960 23.651042938
0.999999344 0.000697006 0.000856758 0.498917937 -0.000698695 0.999997854 0.001973019 -0.717771471 -0.000855381 -0.001973617 0.999997675 24.174531937
0.999999225 0.001237972 -0.000131242 0.516818225 -0.001237696 0.999997079 0.002079503 -0.731753111 0.000133816 -0.002079339 0.999997854 24.689529419
0.999998510 0.001709908 -0.000309897 0.524948478 -0.001709183 0.999995828 0.002323611 -0.745537639 0.000313869 -0.002323078 0.999997258 25.231863022
0.999997079 0.002046821 -0.001276576 0.535326540 -0.002043905 0.999995291 0.002281066 -0.757691503 0.001281239 -0.002278450 0.999996603 25.771907806
0.999996662 0.002103507 -0.001506200 0.540674865 -0.002100229 0.999995410 0.002174075 -0.771493554 0.001510766 -0.002170904 0.999996483 26.324993134
0.999996603 0.001840197 -0.001846834 0.549912810 -0.001835636 0.999995232 0.002468995 -0.780363619 0.001851369 -0.002465596 0.999995232 26.884849548
0.999995708 0.001685505 -0.002407881 0.561723232 -0.001679368 0.999995351 0.002548419 -0.799692392 0.002412165 -0.002544364 0.999993861 27.431516647
0.999994278 0.002023086 -0.002711463 0.563870609 -0.002017638 0.999995947 0.002010438 -0.811714351 0.002715518 -0.002004956 0.999994278 27.986408234
0.999992669 0.002514474 -0.002884197 0.570379734 -0.002508444 0.999994636 0.002092424 -0.820847929 0.002889443 -0.002085174 0.999993563 28.536178589
0.999992430 0.002894534 -0.002652711 0.573670387 -0.002887590 0.999992549 0.002617979 -0.841644287 0.002660270 -0.002610300 0.999993026 29.092378616
0.999992251 0.002725947 -0.002847144 0.579282224 -0.002718132 0.999992549 0.002745118 -0.855646908 0.002854606 -0.002737358 0.999992192 29.638555527
0.999991238 0.002754823 -0.003145077 0.586624086 -0.002746353 0.999992609 0.002694161 -0.865757525 0.003152475 -0.002685500 0.999991417 30.193990707
0.999990046 0.003081005 -0.003223785 0.597047806 -0.003071933 0.999991238 0.002815449 -0.886521935 0.003232431 -0.002805518 0.999990821 30.737937927
0.999989808 0.003126462 -0.003262317 0.606951594 -0.003117681 0.999991477 0.002692872 -0.897189558 0.003270708 -0.002682674 0.999991059 31.280984879
0.999987841 0.003584030 -0.003381366 0.613675654 -0.003575802 0.999990642 0.002436263 -0.909746945 0.003390065 -0.002424143 0.999991238 31.823799133
0.999986470 0.003420818 -0.003916704 0.630578399 -0.003411989 0.999991596 0.002258522 -0.922735453 0.003924398 -0.002245128 0.999989808 32.365985870
0.999984801 0.003477222 -0.004273415 0.633498311 -0.003465693 0.999990463 0.002702389 -0.938339829 0.004282771 -0.002687538 0.999987185 32.912117004
0.999984443 0.003133374 -0.004618817 0.644442201 -0.003120277 0.999991119 0.002839970 -0.960743666 0.004627674 -0.002825514 0.999985278 33.428668976
0.999982595 0.003608718 -0.004666882 0.654284000 -0.003595881 0.999989748 0.002756156 -0.970925510 0.004676781 -0.002739327 0.999985337 33.977848053
0.999981046 0.003373259 -0.005150863 0.660375655 -0.003358437 0.999990225 0.002883479 -0.990064144 0.005160539 -0.002866126 0.999982536 34.512184143
0.999979317 0.003355446 -0.005494939 0.670214832 -0.003338671 0.999989808 0.003059190 -1.009639263 0.005505146 -0.003040781 0.999980271 35.044448853
0.999980986 0.004035249 -0.004670577 0.676631331 -0.004022723 0.999988377 0.002688601 -1.017486811 0.004681371 -0.002669761 0.999985456 35.605163574
0.999976814 0.004128120 -0.005418624 0.673046649 -0.004116600 0.999989390 0.002135394 -1.020113349 0.005427381 -0.002113038 0.999983013 36.159496307
0.999974787 0.003566282 -0.006140544 0.720237732 -0.003553621 0.999991596 0.002071384 -1.027556419 0.006147879 -0.002049511 0.999979019 36.745498657
0.999978721 0.004428827 -0.004790752 0.681934416 -0.004419942 0.999988496 0.001863329 -1.047501802 0.004798948 -0.001842115 0.999986768 37.249954224
0.999976516 0.004661617 -0.005018891 0.695966125 -0.004651641 0.999987304 0.001997655 -1.069095969 0.005028139 -0.001974263 0.999985337 37.792495728
0.999974847 0.004854103 -0.005171136 0.703359127 -0.004844416 0.999986529 0.001884276 -1.081338286 0.005180212 -0.001859177 0.999984801 38.343826294
0.999972165 0.005806664 -0.004677407 0.703766584 -0.005798391 0.999981582 0.001780429 -1.090626001 0.004687659 -0.001753258 0.999987423 38.910358429
0.999975383 0.004264792 -0.005559731 0.738744259 -0.004255412 0.999989450 0.001697909 -1.104776263 0.005566914 -0.001674208 0.999983132 39.466266632
0.999974608 0.004368451 -0.005624024 0.748615861 -0.004358760 0.999988973 0.001734358 -1.127368212 0.005631538 -0.001709800 0.999982655 40.011264801
0.999973834 0.004773774 -0.005433128 0.762882590 -0.004763519 0.999986768 0.001898950 -1.143043280 0.005442122 -0.001873020 0.999983430 40.559883118
0.999972165 0.004925070 -0.005601441 0.772151232 -0.004916754 0.999986768 0.001497503 -1.149626374 0.005608742 -0.001469921 0.999983191 41.119472504
0.999975026 0.004791675 -0.005198168 0.761230588 -0.004783081 0.999987185 0.001664449 -1.167608619 0.005206076 -0.001639544 0.999985099 41.659404755
0.999975204 0.004612416 -0.005324895 0.773821533 -0.004606988 0.999988854 0.001031339 -1.176313400 0.005329593 -0.001006782 0.999985278 42.229568481
0.999971449 0.004938797 -0.005714971 0.781025052 -0.004934029 0.999987483 0.000847902 -1.188054681 0.005719088 -0.000819680 0.999983311 42.764781952
0.999974489 0.005197623 -0.004889355 0.775146663 -0.005189402 0.999985099 0.001692464 -1.215411901 0.004898078 -0.001667048 0.999986589 43.266277313
0.999972343 0.005731826 -0.004715144 0.782924592 -0.005724307 0.999982238 0.001606614 -1.231984019 0.004724269 -0.001579579 0.999987602 43.818927765
0.999973416 0.005251386 -0.005057897 0.807348311 -0.005242256 0.999984622 0.001816773 -1.243790507 0.005067359 -0.001790210 0.999985576 44.370109558
0.999972701 0.005692987 -0.004703987 0.802836001 -0.005683120 0.999981642 0.002108481 -1.264677405 0.004715904 -0.002081690 0.999986708 44.906383514
0.999973774 0.005445264 -0.004774078 0.826290131 -0.005438938 0.999984324 0.001337017 -1.273871541 0.004781285 -0.001311016 0.999987662 45.448226929
0.999971867 0.005834038 -0.004701299 0.831803560 -0.005827099 0.999981880 0.001488306 -1.284557462 0.004709897 -0.001460870 0.999987841 45.996738434
0.999969602 0.006477824 -0.004329699 0.829492331 -0.006471573 0.999978006 0.001456121 -1.302623749 0.004339035 -0.001428057 0.999989569 46.552539825
0.999968231 0.006830792 -0.004119204 0.837370634 -0.006824601 0.999975622 0.001515324 -1.317660570 0.004129454 -0.001487164 0.999990344 47.085933685
0.999966145 0.006439012 -0.005107661 0.876046479 -0.006429491 0.999977589 0.001878195 -1.334569931 0.005119641 -0.001845291 0.999985218 47.614128113
0.999969542 0.006198393 -0.004738437 0.881719112 -0.006192415 0.999979973 0.001275097 -1.349200487 0.004746246 -0.001245716 0.999987960 48.142318726
0.999969184 0.006520257 -0.004370084 0.888133287 -0.006512919 0.999977350 0.001691293 -1.363581777 0.004381011 -0.001662780 0.999988973 48.690364838
0.999966264 0.006917021 -0.004412291 0.895534456 -0.006909787 0.999974787 0.001652424 -1.379966378 0.004423609 -0.001621880 0.999988914 49.236873627
0.999966562 0.007078539 -0.004090621 0.905803204 -0.007071721 0.999973536 0.001678567 -1.392087221 0.004102396 -0.001649583 0.999990225 49.787345886
0.999967992 0.006705582 -0.004365494 0.915259838 -0.006698159 0.999976099 0.001712786 -1.407221556 0.004376874 -0.001683491 0.999989033 50.315063477
0.999966919 0.007016123 -0.004118097 0.922899485 -0.007008345 0.999973655 0.001900085 -1.424711943 0.004131319 -0.001871161 0.999989688 50.849910736
0.999967515 0.006817650 -0.004299400 0.934666753 -0.006809566 0.999975145 0.001891980 -1.436602354 0.004312192 -0.001862642 0.999988914 51.388214111
0.999966741 0.006630577 -0.004747021 0.943752527 -0.006619803 0.999975502 0.002281934 -1.452912092 0.004762036 -0.002250434 0.999986112 51.931163788
0.999966443 0.007060938 -0.004148516 0.949973404 -0.007051494 0.999972522 0.002286737 -1.472889066 0.004164549 -0.002257407 0.999988794 52.459632874
0.999966979 0.007034782 -0.004074254 0.956083059 -0.007023449 0.999971390 0.002788975 -1.483724236 0.004093757 -0.002760267 0.999987841 53.010478973
0.999966741 0.006896948 -0.004350083 0.965953410 -0.006886268 0.999973238 0.002465406 -1.501364589 0.004366971 -0.002435368 0.999987483 53.541664124
0.999968767 0.006727459 -0.004136074 0.979679644 -0.006718896 0.999975264 0.002080851 -1.512044668 0.004149972 -0.002052996 0.999989271 54.084896088
0.999968052 0.006922757 -0.003997457 0.988360643 -0.006913776 0.999973536 0.002256282 -1.524475217 0.004012971 -0.002228572 0.999989390 54.630714417
0.999967992 0.006762274 -0.004280478 0.999303341 -0.006753377 0.999974966 0.002089775 -1.537242174 0.004294502 -0.002060801 0.999988616 55.180728912
0.999968171 0.006629373 -0.004437316 1.024853706 -0.006622840 0.999976933 0.001485438 -1.541145325 0.004447062 -0.001456003 0.999989033 55.758987427
0.999964774 0.006825142 -0.004880463 1.039872169 -0.006814029 0.999974191 0.002290000 -1.563877821 0.004895967 -0.002256664 0.999985456 56.311416626
0.999968112 0.006460208 -0.004715677 1.054863453 -0.006453286 0.999978065 0.001481655 -1.569789648 0.004725146 -0.001451177 0.999987781 56.876251221
0.999965310 0.007036943 -0.004451725 1.057462215 -0.007028454 0.999973416 0.001919781 -1.588655829 0.004465118 -0.001888426 0.999988258 57.405746460
0.999962091 0.007596292 -0.004241554 1.061040163 -0.007589020 0.999969661 0.001728014 -1.608398438 0.004254551 -0.001695759 0.999989510 57.960258484
0.999967754 0.006979090 -0.003975316 1.088364363 -0.006973368 0.999974608 0.001451044 -1.607581735 0.003985343 -0.001423275 0.999991000 58.487442017
0.999969065 0.006586127 -0.004305019 1.095745087 -0.006580452 0.999977410 0.001331313 -1.618940711 0.004313690 -0.001302943 0.999989867 59.061176300
0.999968648 0.006628999 -0.004315021 1.111517310 -0.006622327 0.999976873 0.001559027 -1.644038439 0.004325257 -0.001530404 0.999989450 59.555355072
0.999966562 0.006883991 -0.004441419 1.134941101 -0.006878648 0.999975622 0.001217220 -1.652872205 0.004449691 -0.001186628 0.999989390 60.105823517
0.999964952 0.007163146 -0.004338441 1.147870779 -0.007158043 0.999973655 0.001190253 -1.659342647 0.004346853 -0.001159156 0.999989867 60.661010742
0.999964118 0.007198342 -0.004461735 1.164355636 -0.007192494 0.999973238 0.001325425 -1.675951004 0.004471156 -0.001293286 0.999989152 61.206851959
0.999967217 0.006879014 -0.004273541 1.174806356 -0.006873668 0.999975502 0.001264570 -1.686715007 0.004282136 -0.001235154 0.999990046 61.745910645
0.999965310 0.007021041 -0.004487621 1.188101292 -0.007015106 0.999974489 0.001336885 -1.703954458 0.004496893 -0.001305357 0.999988973 62.281692505
0.999966204 0.007101667 -0.004127913 1.198872328 -0.007098218 0.999974430 0.000849705 -1.717479825 0.004133842 -0.000820375 0.999991119 62.819671631
0.999961913 0.007792408 -0.003926159 1.206610680 -0.007789065 0.999969304 0.000866435 -1.728672147 0.003932790 -0.000835821 0.999991894 63.359645844
0.999961138 0.008024290 -0.003628899 1.215667129 -0.008022504 0.999967694 0.000506430 -1.741312146 0.003632845 -0.000477297 0.999993265 63.894580841
0.999963105 0.007875715 -0.003426794 1.229715586 -0.007874000 0.999968827 0.000514225 -1.754385114 0.003430737 -0.000487223 0.999993980 64.427024841
0.999961138 0.008130612 -0.003400218 1.237623215 -0.008128993 0.999966860 0.000489593 -1.769914150 0.003404086 -0.000461934 0.999994099 64.960197449
0.999966860 0.007335386 -0.003532514 1.254029393 -0.007333541 0.999973059 0.000534420 -1.784846783 0.003536339 -0.000508496 0.999993622 65.491111755
0.999967575 0.007160101 -0.003693061 1.265928745 -0.007159425 0.999974370 0.000196078 -1.795643687 0.003694370 -0.000169632 0.999993145 66.029525757
0.999965310 0.007597090 -0.003411988 1.270359516 -0.007598321 0.999971032 -0.000348437 -1.807592988 0.003409241 0.000374350 0.999994099 66.586425781
0.999963701 0.007735054 -0.003572624 1.285237432 -0.007736846 0.999969959 -0.000488243 -1.827686429 0.003568740 0.000515866 0.999993503 67.120338440
0.999967277 0.007250336 -0.003577636 1.299349785 -0.007251499 0.999973595 -0.000312011 -1.842033982 0.003575278 0.000337944 0.999993563 67.662521362
0.999965429 0.007288734 -0.004002850 1.306447506 -0.007292089 0.999973059 -0.000824381 -1.858526468 0.003996733 0.000853542 0.999991715 68.197006226
0.999966979 0.007180796 -0.003783096 1.317142487 -0.007182298 0.999974072 -0.000383575 -1.875877976 0.003780244 0.000410733 0.999992788 68.736495972
0.999965966 0.007515125 -0.003406323 1.319209218 -0.007515755 0.999971747 -0.000171933 -1.892037511 0.003404934 0.000197529 0.999994159 69.267021179
0.999973476 0.006433331 -0.003400153 1.324935913 -0.006432743 0.999979317 0.000183877 -1.907467365 0.003401265 -0.000162000 0.999994159 69.841621399
0.999966383 0.007764602 -0.002630012 1.334714770 -0.007766132 0.999969602 -0.000571578 -1.920509100 0.002625494 0.000591984 0.999996364 70.363174438
0.999967575 0.007639700 -0.002549789 1.342221975 -0.007642634 0.999970138 -0.001143104 -1.934560657 0.002540980 0.001162554 0.999996066 70.913055420
0.999965370 0.007797819 -0.002909408 1.357067585 -0.007799452 0.999969423 -0.000550684 -1.951615572 0.002905025 0.000573357 0.999995589 71.436660767
0.999970317 0.007142273 -0.002883235 1.367551327 -0.007143346 0.999974370 -0.000361696 -1.968922853 0.002880578 0.000382281 0.999995768 71.970664978
0.999964952 0.007986182 -0.002516640 1.368639469 -0.007987399 0.999967933 -0.000473185 -1.985421300 0.002512780 0.000493270 0.999996722 72.514129639
0.999966323 0.007732271 -0.002753313 1.380323529 -0.007733063 0.999970198 -0.000277120 -2.002144337 0.002751088 0.000298403 0.999996185 73.049133301
0.999965668 0.007847356 -0.002648239 1.387434959 -0.007848892 0.999969006 -0.000569986 -2.015030622 0.002643683 0.000590752 0.999996305 73.586814880
0.999963105 0.008225926 -0.002465870 1.397180438 -0.008227175 0.999966025 -0.000497436 -2.034076452 0.002461695 0.000517705 0.999996781 74.114822388
0.999961376 0.008438957 -0.002431739 1.407009125 -0.008439612 0.999964356 -0.000259604 -2.046424389 0.002429461 0.000280118 0.999997020 74.658882141
0.999957919 0.008882409 -0.002277993 1.415427804 -0.008883315 0.999960423 -0.000387501 -2.066371918 0.002274461 0.000407721 0.999997318 75.187629700
0.999959648 0.008698628 -0.002245056 1.425799727 -0.008700249 0.999961913 -0.000713224 -2.079994678 0.002238766 0.000732728 0.999997199 75.723442078
0.999957323 0.008968362 -0.002212124 1.431603432 -0.008970617 0.999959230 -0.001012100 -2.092058659 0.002202957 0.001031901 0.999996960 76.263633728
0.999959767 0.008645128 -0.002394409 1.441672325 -0.008647460 0.999962151 -0.000964957 -2.110562086 0.002385976 0.000985624 0.999996662 76.810974121
0.999957621 0.008941887 -0.002197859 1.451203346 -0.008944060 0.999959469 -0.000981212 -2.126414776 0.002188996 0.001000828 0.999997079 77.349060059
0.999956012 0.009109822 -0.002215993 1.458357811 -0.009110826 0.999958396 -0.000442831 -2.142787933 0.002211867 0.000463001 0.999997437 77.887687683
0.999962032 0.008471769 -0.002019857 1.463986635 -0.008473861 0.999963582 -0.001030768 -2.160398245 0.002011051 0.001047845 0.999997377 78.403427124
0.999960244 0.008757751 -0.001675589 1.472018480 -0.008759377 0.999961197 -0.000964919 -2.176115274 0.001667073 0.000979558 0.999998152 78.944877625
0.999958694 0.008894089 -0.001869523 1.479180932 -0.008895919 0.999959946 -0.000974005 -2.194261789 0.001860786 0.000990596 0.999997795 79.478012085
0.999955118 0.009404616 -0.001105911 1.481150746 -0.009406072 0.999954820 -0.001318250 -2.204586029 0.001093463 0.001328593 0.999998510 80.011993408
0.999957204 0.009246221 -0.000322472 1.493046880 -0.009246641 0.999956369 -0.001325594 -2.221834898 0.000310201 0.001328519 0.999999046 80.545364380
0.999958396 0.009075216 0.000867204 1.502356887 -0.009073702 0.999957323 -0.001733506 -2.235300303 -0.000882898 0.001725566 0.999998033 81.074859619
0.999953508 0.009359609 0.002319093 1.509149313 -0.009355810 0.999954879 -0.001643460 -2.252349377 -0.002334371 0.001621687 0.999995947 81.620971680
0.999954104 0.008939348 0.003447987 1.515065908 -0.008933446 0.999958634 -0.001723443 -2.271007299 -0.003463251 0.001692562 0.999992549 82.158035278
0.999933779 0.009140028 0.006995876 1.530977011 -0.009126968 0.999956548 -0.001896528 -2.285279989 -0.007012906 0.001832551 0.999973714 82.700233459
0.999894381 0.009645053 0.010867825 1.547126532 -0.009624709 0.999951839 -0.001922558 -2.297277927 -0.010885844 0.001817756 0.999939024 83.248107910
0.999864459 0.009076699 0.013730034 1.568851829 -0.009048602 0.999956846 -0.002107210 -2.311908722 -0.013748568 0.001982687 0.999903500 83.797164917
0.999802113 0.008753132 0.017862707 1.592764616 -0.008716309 0.999959707 -0.002138152 -2.327759743 -0.017880702 0.001982032 0.999838173 84.341751099
0.999669194 0.009122382 0.024047017 1.619148254 -0.009067708 0.999956012 -0.002381749 -2.340178728 -0.024067691 0.002162910 0.999707997 84.884635925
0.999504387 0.009117721 0.030129526 1.650160551 -0.009038206 0.999955297 -0.002774206 -2.357687473 -0.030153478 0.002500514 0.999542177 85.409141541
0.999293864 0.009134256 0.036446046 1.681895018 -0.009049001 0.999955952 -0.002503550 -2.377593279 -0.036467314 0.002171982 0.999332488 85.947937012
0.998962879 0.009583539 0.044510514 1.721554279 -0.009482051 0.999951959 -0.002490697 -2.396296740 -0.044532247 0.002066063 0.999005795 86.497390747
0.998576820 0.008863304 0.052590124 1.771274567 -0.008713054 0.999957263 -0.003085551 -2.409585238 -0.052615225 0.002622939 0.998611510 87.027915955
0.998170376 0.008716553 0.059832849 1.820650816 -0.008548753 0.999958754 -0.003059875 -2.424698353 -0.059857044 0.002542780 0.998203695 87.583984375
0.997568667 0.009242504 0.069073521 1.870690823 -0.009073570 0.999954998 -0.002759041 -2.447315931 -0.069095932 0.002125590 0.997607708 88.118919373
0.996854842 0.008705993 0.078771360 1.940213203 -0.008499501 0.999959528 -0.002956331 -2.468993425 -0.078793906 0.002277516 0.996888459 88.658477783
0.996149182 0.008223172 0.087287009 2.004903316 -0.007960122 0.999962687 -0.003361270 -2.477250814 -0.087311387 0.002653511 0.996177554 89.207191467
0.995484650 0.007806676 0.094601311 2.073946953 -0.007506886 0.999965608 -0.003524472 -2.496395588 -0.094625570 0.002798397 0.995509028 89.760688782
0.994467080 0.007922369 0.104749650 2.157939911 -0.007595906 0.999964952 -0.003515166 -2.515289545 -0.104773827 0.002700049 0.994492412 90.299926758
0.993319213 0.007627331 0.115146406 2.245785713 -0.007218204 0.999966085 -0.003969662 -2.525403500 -0.115172766 0.003111992 0.993340611 90.847114563
0.992164969 0.008044832 0.124675401 2.326697350 -0.007622329 0.999963462 -0.003865470 -2.548600912 -0.124701947 0.002884867 0.992190063 91.371162415
0.990615845 0.007916384 0.136446327 2.414577484 -0.007489270 0.999965310 -0.003643337 -2.569157839 -0.136470452 0.002587264 0.990640700 91.903968811
0.988808811 0.007921768 0.148977607 2.510533333 -0.007477907 0.999965727 -0.003539311 -2.591501951 -0.149000600 0.002385662 0.988834143 92.440055847
0.987143099 0.007303056 0.159672201 2.618162155 -0.006804632 0.999970138 -0.003668101 -2.609086990 -0.159694195 0.002534430 0.987163305 92.974929810
0.985418379 0.006714675 0.170016304 2.729494095 -0.006125192 0.999973297 -0.003991490 -2.623437166 -0.170038566 0.002891905 0.985433161 93.513671875
0.983083248 0.006678534 0.183037147 2.846558571 -0.006025671 0.999973357 -0.004122761 -2.644606590 -0.183059797 0.002950096 0.983097315 94.042610168
0.980714917 0.006188189 0.195345357 2.973378181 -0.005514590 0.999976754 -0.003991926 -2.664379835 -0.195365503 0.002837692 0.980726421 94.575729370
0.978571653 0.006225882 0.205812514 3.104721069 -0.005522453 0.999976754 -0.003992081 -2.683854342 -0.205832601 0.002769947 0.978583217 95.116157532
0.975669265 0.006440409 0.219153091 3.248174667 -0.005789359 0.999976754 -0.003612814 -2.707376480 -0.219171256 0.002256157 0.975683808 95.642700195
0.972679913 0.005547648 0.232084095 3.399524689 -0.004791017 0.999981225 -0.003823693 -2.723485708 -0.232100964 0.002607310 0.972688138 96.199165344
0.969850957 0.004930713 0.243649244 3.548704147 -0.003963708 0.999982238 -0.004458949 -2.737414837 -0.243666902 0.003358761 0.969853163 96.720230103
0.967175424 0.005000427 0.254060149 3.719884872 -0.004173218 0.999984086 -0.003794821 -2.782833576 -0.254075050 0.002610009 0.967180967 97.221534729
0.963667929 0.004952262 0.267057180 3.887218475 -0.004097761 0.999984503 -0.003756897 -2.799418449 -0.267071664 0.002526064 0.963673294 97.735115051
0.960188866 0.004276976 0.279318899 4.061946869 -0.003258828 0.999986231 -0.004109378 -2.818927288 -0.279332578 0.003035526 0.960189641 98.261344910
0.956757903 0.003730626 0.290861458 4.246965408 -0.002625442 0.999987900 -0.004189858 -2.841641903 -0.290873587 0.003245040 0.956756115 98.801757812
0.952364683 0.003693265 0.304939151 4.434902191 -0.002610452 0.999988854 -0.003958562 -2.864323139 -0.304950297 0.002973967 0.952363610 99.306816101
0.947851837 0.002769340 0.318699181 4.638820648 -0.001594278 0.999990940 -0.003947846 -2.882291317 -0.318707287 0.003233878 0.947847664 99.818008423
0.943942368 0.002588207 0.330100447 4.843456268 -0.001287714 0.999990523 -0.004158293 -2.897927046 -0.330108106 0.003500113 0.943936646 100.325874329
0.939456224 0.001790805 0.342664361 5.060016632 -0.000394567 0.999991298 -0.004144323 -2.923867226 -0.342668831 0.003758206 0.939448774 100.798217773
0.933879554 0.002453052 0.357579321 5.265146255 -0.001224605 0.999992549 -0.003661844 -2.949776649 -0.357585639 0.002981828 0.933875620 101.358764648
0.929261744 0.000917446 0.369420856 5.501707077 0.000516887 0.999992669 -0.003783659 -2.958843708 -0.369421601 0.003706957 0.929254532 101.805442810
0.924264312 0.001504836 0.381750256 5.728685379 0.000040979 0.999991775 -0.004041122 -2.966750145 -0.381753236 0.003750709 0.924256623 102.367813110
0.918359816 0.001529308 0.395743400 5.943222046 -0.000344356 0.999995232 -0.003065267 -3.024963856 -0.395746171 0.002678741 0.918356001 102.862419128
0.912529707 0.001243919 0.409008592 6.190158844 -0.000076203 0.999995828 -0.002871277 -3.041030407 -0.409010470 0.002588958 0.912525952 103.355056763
0.907725930 0.000585074 0.419563174 6.428604126 0.000745936 0.999995232 -0.003008310 -3.063575983 -0.419562906 0.003043689 0.907721162 103.812248230
0.902218103 -0.000745892 0.431279391 6.705783844 0.002188469 0.999993563 -0.002848707 -3.092777491 -0.431274474 0.003513996 0.902213931 104.315681458
0.895796001 -0.000467749 0.444465190 6.959995270 0.001521761 0.999996781 -0.002014646 -3.118013382 -0.444462806 0.002481082 0.895793796 104.747238159
0.889632165 -0.001173549 0.456676275 7.249114990 0.002683776 0.999992847 -0.002658410 -3.131723166 -0.456669837 0.003590624 0.889629006 105.302963257
0.883873224 -0.000764589 0.467725992 7.526546478 0.002282930 0.999993801 -0.002679425 -3.150806427 -0.467721015 0.003436058 0.883869529 105.781211853
0.876321673 -0.001539628 0.481723964 7.803966522 0.003109463 0.999992132 -0.002460483 -3.169475794 -0.481716424 0.003654077 0.876319468 106.255447388
