1.000000000 0.000000000 0.000000000 0.000000000 0.000000000 1.000000000 0.000000000 0.000000000 0.000000000 0.000000000 1.000000000 0.000000000
1.000000000 0.000093824 0.000039306 -0.000472920 -0.000093824 1.000000000 -0.000012656 -0.000404018 -0.000039307 0.000012653 1.000000000 -0.001025731
1.000000000 0.000033612 -0.000041567 0.004777586 -0.000033613 1.000000000 -0.000020496 -0.000103154 0.000041566 0.000020497 1.000000000 -0.001872955
1.000000000 0.000021676 0.000033506 -0.000079119 -0.000021675 1.000000000 -0.000017716 0.000996406 -0.000033506 0.000017716 1.000000000 0.002242926
1.000000000 0.000003646 0.000068008 -0.001101661 -0.000003646 1.000000000 -0.000005031 0.000492261 -0.000068008 0.000005030 1.000000000 0.001582417
1.000000000 0.000045960 0.000092847 -0.000393693 -0.000045968 1.000000000 0.000089321 0.000233984 -0.000092843 -0.000089325 1.000000000 -0.003767192
1.000000000 -0.000029720 0.000121551 -0.002636163 0.000029714 1.000000000 0.000050945 0.000922188 -0.000121552 -0.000050941 1.000000000 -0.001380323
1.000000000 0.000106053 0.000071216 -0.000201582 -0.000106053 1.000000000 -0.000000441 -0.000255013 -0.000071216 0.000000433 1.000000000 -0.000387765
1.000000000 -0.000044064 0.000037202 0.000111763 0.000044063 1.000000000 0.000033293 0.000081831 -0.000037203 -0.000033291 1.000000000 -0.000212208
1.000000000 -0.000025315 -0.000014122 -0.000789421 0.000025316 1.000000000 0.000042656 0.000326228 0.000014121 -0.000042657 1.000000000 -0.003574357
1.000000000 -0.000136593 0.000001586 0.000219247 0.000136593 1.000000000 0.000007981 -0.000871151 -0.000001587 -0.000007981 1.000000000 -0.000080752
1.000000000 -0.000152807 0.000008183 -0.000008304 0.000152806 1.000000000 0.000026731 -0.000956525 -0.000008187 -0.000026730 1.000000000 -0.001512160
1.000000000 -0.000054540 0.000107175 -0.000789159 0.000054538 1.000000000 0.000022534 0.000434337 -0.000107176 -0.000022528 1.000000000 -0.000725562
1.000000000 -0.000182095 0.000050185 -0.000088748 0.000182087 1.000000000 0.000151316 -0.000258529 -0.000050213 -0.000151306 1.000000000 -0.004761071
1.000000000 -0.000110619 0.000031036 -0.000389009 0.000110618 1.000000000 0.000026118 -0.000158125 -0.000031039 -0.000026115 1.000000000 -0.001236899
1.000000000 -0.000097019 0.000041156 -0.001223441 0.000097019 1.000000000 0.000018710 -0.000478590 -0.000041157 -0.000018706 1.000000000 -0.002355450
1.000000000 -0.000027895 0.000006869 -0.001359993 0.000027895 1.000000000 0.000010879 0.000261522 -0.000006870 -0.000010879 1.000000000 -0.004131096
1.000000000 -0.000239661 -0.000040128 0.000182841 0.000239663 0.999999940 0.000049898 -0.000291568 0.000040116 -0.000049908 1.000000000 -0.002160396
1.000000000 -0.000178130 -0.000021444 0.000720013 0.000178131 1.000000000 0.000048684 -0.001269758 0.000021435 -0.000048688 1.000000000 -0.007401233
1.000000000 -0.000149750 -0.000015916 0.001370905 0.000149751 1.000000000 0.000060060 -0.001905901 0.000015907 -0.000060062 1.000000000 -0.004889511
1.000000000 -0.000060780 0.000060414 -0.001069915 0.000060778 1.000000000 0.000036015 -0.002409358 -0.000060416 -0.000036012 1.000000000 -0.003434990
1.000000000 -0.000025715 0.000083404 -0.000631171 0.000025703 1.000000000 0.000150243 -0.001951889 -0.000083408 -0.000150241 1.000000000 -0.004812399
1.000000000 -0.000099645 0.000099536 -0.001277486 0.000099640 1.000000000 0.000050933 0.000885813 -0.000099541 -0.000050923 1.000000000 -0.006799012
1.000000000 -0.000094518 -0.000007406 0.002069050 0.000094518 1.000000000 0.000068780 -0.000578457 0.000007399 -0.000068780 1.000000000 -0.006433399
1.000000000 -0.000169767 -0.000001074 0.000387772 0.000169767 1.000000000 0.000103559 -0.001562468 0.000001056 -0.000103559 1.000000000 -0.004287560
1.000000000 -0.000027694 0.000138055 -0.004502326 0.000027697 1.000000000 -0.000019262 0.000453499 -0.000138054 0.000019266 1.000000000 -0.000911162
1.000000000 -0.000159987 0.000047826 -0.003244188 0.000159984 1.000000000 0.000076445 0.000507990 -0.000047838 -0.000076438 1.000000000 -0.001394378
0.999999940 -0.000273607 -0.000036715 -0.002497052 0.000273610 0.999999940 0.000089394 0.001160054 0.000036691 -0.000089404 1.000000000 -0.001814955
1.000000000 -0.000169889 -0.000001767 0.000436052 0.000169889 1.000000000 0.000094034 -0.002005965 0.000001751 -0.000094034 1.000000000 0.001021798
1.000000000 -0.000218039 0.000077738 -0.002796224 0.000218032 1.000000000 0.000095929 -0.000044563 -0.000077759 -0.000095912 1.000000000 0.003878106
1.000000000 -0.000207226 0.000077262 -0.002902215 0.000207216 0.999999940 0.000132163 -0.001099171 -0.000077290 -0.000132147 1.000000000 -0.003868533
1.000000000 -0.000150783 0.000057953 -0.000747970 0.000150774 1.000000000 0.000154604 -0.002223714 -0.000057976 -0.000154595 1.000000000 -0.003647535
1.000000000 0.000045218 0.000079277 -0.004233177 -0.000045221 1.000000000 0.000037898 0.000243661 -0.000079275 -0.000037902 1.000000000 -0.002881284
1.000000000 -0.000079100 0.000028122 -0.002682769 0.000079101 1.000000000 -0.000021599 0.001787550 -0.000028121 0.000021601 1.000000000 -0.003311540
1.000000000 -0.000105020 0.000033349 -0.003045554 0.000105021 1.000000000 -0.000014800 0.002256273 -0.000033347 0.000014804 1.000000000 0.000789002
1.000000000 -0.000033220 0.000048735 -0.002252766 0.000033217 1.000000000 0.000059829 -0.000346258 -0.000048737 -0.000059828 1.000000000 -0.004336806
1.000000000 -0.000234472 0.000019436 -0.002885844 0.000234469 0.999999940 0.000134807 -0.002504336 -0.000019467 -0.000134803 1.000000000 -0.001789790
1.000000000 -0.000108939 0.000046058 -0.000570645 0.000108934 1.000000000 0.000103377 -0.000553822 -0.000046069 -0.000103372 1.000000000 -0.000203293
0.999999940 -0.000300945 -0.000040602 0.000500292 0.000300951 0.999999940 0.000144594 -0.002437580 0.000040559 -0.000144606 1.000000000 -0.000231605
1.000000000 -0.000136576 0.000034234 0.001242276 0.000136594 0.999999881 -0.000525799 -0.005888583 -0.000034162 0.000525803 0.999999881 0.048787303
1.000000000 -0.000104888 0.000044726 0.002629318 0.000104939 0.999999344 -0.001157351 -0.004423593 -0.000044605 0.001157356 0.999999344 0.138733059
0.999999940 -0.000318525 -0.000095555 0.006556041 0.000318389 0.999998927 -0.001414206 -0.011180812 0.000096005 0.001414176 0.999998987 0.256889343
1.000000000 -0.000130760 0.000137588 0.002971803 0.000130925 0.999999285 -0.001202196 -0.017423660 -0.000137430 0.001202214 0.999999285 0.385718107
1.000000000 0.000112378 0.000002616 0.007880501 -0.000112375 0.999999344 -0.001152928 -0.020940429 -0.000002745 0.001152927 0.999999344 0.534038007
0.999999940 0.000325939 0.000131320 0.009888043 -0.000325798 0.999999404 -0.001068581 -0.023413099 -0.000131669 0.001068538 0.999999404 0.696528077
1.000000000 -0.000095628 0.000119772 0.016954916 0.000095727 0.999999642 -0.000821446 -0.029020671 -0.000119693 0.000821458 0.999999642 0.864338875
1.000000000 0.000128670 0.000022469 0.017025294 -0.000128656 0.999999821 -0.000595091 -0.032725200 -0.000022545 0.000595088 0.999999821 1.017976284
0.999999940 0.000312697 0.000319497 0.014881245 -0.000312492 0.999999821 -0.000643478 -0.039195888 -0.000319698 0.000643378 0.999999762 1.200831413
1.000000000 0.000148076 -0.000065431 0.026873676 -0.000148090 0.999999940 -0.000213558 -0.048049130 0.000065400 0.000213568 1.000000000 1.391485453
1.000000000 0.000115553 0.000117820 0.025785206 -0.000115553 0.999999940 0.000001247 -0.059081182 -0.000117820 -0.000001261 1.000000000 1.589810610
0.999999881 0.000013604 0.000402974 0.032177538 -0.000013689 0.999999940 0.000211250 -0.064943813 -0.000402971 -0.000211256 0.999999881 1.779615879
0.999999881 -0.000013227 0.000417128 0.034246478 0.000012969 0.999999762 0.000617551 -0.076844871 -0.000417136 -0.000617545 0.999999702 1.983406544
0.999998093 0.001638723 0.001043887 0.025721883 -0.001638887 0.999998629 0.000155796 -0.072889812 -0.001043630 -0.000157506 0.999999464 2.215742350
0.999998748 0.001394504 0.000824762 0.037742101 -0.001394757 0.999999046 0.000307047 -0.079840817 -0.000824333 -0.000308197 0.999999583 2.424784899
0.999999821 0.000505895 0.000351826 0.041134216 -0.000506010 0.999999940 0.000328367 -0.089412905 -0.000351660 -0.000328545 0.999999881 2.650833845
0.999999940 0.000210908 0.000372138 0.047186404 -0.000211087 0.999999940 0.000481983 -0.099584758 -0.000372036 -0.000482061 0.999999821 2.880360365
0.999999642 0.000641781 0.000604449 0.051690206 -0.000642116 0.999999702 0.000553944 -0.104698107 -0.000604094 -0.000554332 0.999999642 3.125554323
0.999999940 -0.000051816 0.000370746 0.054318149 0.000051593 0.999999821 0.000599682 -0.114450052 -0.000370777 -0.000599663 0.999999762 3.352633953
0.999999940 0.000003570 0.000366369 0.059767909 -0.000003842 0.999999762 0.000742497 -0.123141974 -0.000366366 -0.000742498 0.999999702 3.599565268
0.999999940 -0.000019230 0.000280268 0.070692271 0.000019031 0.999999762 0.000709275 -0.125324786 -0.000280282 -0.000709269 0.999999702 3.871170044
0.999998927 0.001005678 0.001043326 0.066470653 -0.001006484 0.999999225 0.000772021 -0.137174234 -0.001042549 -0.000773070 0.999999106 4.137318134
0.999997795 0.001646259 0.001299501 0.068503574 -0.001647389 0.999998331 0.000868527 -0.144259200 -0.001298069 -0.000870665 0.999998748 4.391557693
0.999998212 0.001518513 0.001114348 0.073681332 -0.001520156 0.999997675 0.001475291 -0.162142068 -0.001112105 -0.001476982 0.999998212 4.639505386
0.999999404 0.000465670 0.001013184 0.082331777 -0.000466821 0.999999166 0.001135622 -0.168512031 -0.001012654 -0.001136095 0.999998868 4.902297974
0.999998927 0.000812484 0.001202472 0.085029662 -0.000813639 0.999999106 0.000960168 -0.178214431 -0.001201691 -0.000961145 0.999998868 5.165617943
0.999999225 0.000890412 0.000892579 0.093216553 -0.000891805 0.999998510 0.001561565 -0.188918278 -0.000891187 -0.001562360 0.999998331 5.414123535
0.999999285 0.000627080 0.000999850 0.094409756 -0.000628713 0.999998510 0.001633227 -0.198915809 -0.000998824 -0.001633854 0.999998212 5.682444096
0.999999344 0.000380865 0.001073008 0.099407151 -0.000382420 0.999998868 0.001449414 -0.202809259 -0.001072455 -0.001449824 0.999998331 5.975891113
0.999999344 0.000450166 0.001094237 0.107278563 -0.000451818 0.999998808 0.001509530 -0.218057394 -0.001093556 -0.001510023 0.999998271 6.231786728
0.999998629 0.000745142 0.001531934 0.105597936 -0.000747607 0.999998450 0.001609343 -0.219463617 -0.001530732 -0.001610485 0.999997556 6.529996395
0.999997079 0.001715439 0.001691714 0.105531476 -0.001717562 0.999997735 0.001254346 -0.227370024 -0.001689559 -0.001257248 0.999997795 6.821078777
0.999998510 0.001047102 0.001386708 0.122068740 -0.001048972 0.999998510 0.001348279 -0.240072176 -0.001385295 -0.001349732 0.999998212 7.108582020
0.999997318 0.001769771 0.001582322 0.124189116 -0.001772355 0.999997079 0.001633165 -0.251781821 -0.001579427 -0.001635964 0.999997377 7.407363892
0.999997079 0.001758471 0.001655263 0.140354067 -0.001761408 0.999996841 0.001774705 -0.269514889 -0.001652137 -0.001777616 0.999997020 7.699837685
0.999998271 0.001333775 0.001300893 0.151167020 -0.001336228 0.999997318 0.001886048 -0.278498024 -0.001298374 -0.001887784 0.999997377 8.022870064
0.999998331 0.001427106 0.001156833 0.161938906 -0.001429460 0.999996901 0.002037318 -0.288841695 -0.001153922 -0.002038968 0.999997258 8.340974808
0.999996543 0.002295097 0.001291125 0.168904468 -0.002297183 0.999996066 0.001617202 -0.290338814 -0.001287408 -0.001620162 0.999997854 8.692925453
0.999996006 0.002380289 0.001588979 0.168701366 -0.002383207 0.999995530 0.001837254 -0.300520599 -0.001584598 -0.001841034 0.999997079 9.031260490
0.999995589 0.002280047 0.001927038 0.173863977 -0.002282960 0.999996305 0.001510482 -0.306913048 -0.001923587 -0.001514875 0.999996960 9.376091957
0.999995947 0.002324091 0.001657301 0.181787625 -0.002327166 0.999995589 0.001856206 -0.324650168 -0.001652979 -0.001860055 0.999996901 9.704287529
0.999996603 0.002114003 0.001512674 0.192043528 -0.002116651 0.999996245 0.001751166 -0.336434811 -0.001508966 -0.001754362 0.999997318 10.045350075
0.999995291 0.002489650 0.001801991 0.193940267 -0.002492309 0.999995828 0.001475051 -0.338969380 -0.001798311 -0.001479535 0.999997258 10.404087067
0.999996305 0.002140138 0.001630876 0.200159386 -0.002144870 0.999993503 0.002905473 -0.370481730 -0.001624647 -0.002908960 0.999994397 10.769352913
0.999997258 0.001687118 0.001586692 0.209356740 -0.001691756 0.999994338 0.002926676 -0.379084319 -0.001581745 -0.002929352 0.999994397 11.144178391
0.999996006 0.002278653 0.001680548 0.218684539 -0.002283712 0.999992847 0.003014548 -0.399659842 -0.001673667 -0.003018374 0.999993980 11.506022453
0.999994934 0.002455580 0.002000060 0.223689586 -0.002461373 0.999992728 0.002899053 -0.404976100 -0.001992927 -0.002903962 0.999993801 11.892683983
0.999995768 0.002380888 0.001661463 0.239497885 -0.002386013 0.999992371 0.003089713 -0.423100978 -0.001654094 -0.003093663 0.999993801 12.268258095
0.999994993 0.002548376 0.001885383 0.247520581 -0.002553828 0.999992549 0.002894955 -0.434157133 -0.001877992 -0.002899756 0.999994040 12.661669731
0.999995053 0.002486337 0.001918575 0.258213997 -0.002492560 0.999991655 0.003247977 -0.446095735 -0.001910483 -0.003252743 0.999992907 13.036061287
0.999997556 0.001563778 0.001564032 0.268412143 -0.001568140 0.999994814 0.002791456 -0.452832997 -0.001559658 -0.002793902 0.999994814 13.436033249
0.999995232 0.002248830 0.002136567 0.274310499 -0.002255017 0.999993265 0.002897626 -0.467760712 -0.002130037 -0.002902431 0.999993443 13.852156639
0.999995172 0.002275265 0.002106694 0.285091221 -0.002281628 0.999992788 0.003022797 -0.472366005 -0.002099800 -0.003027589 0.999993145 14.281315804
0.999996424 0.001427508 0.002270303 0.299299210 -0.001435257 0.999993086 0.003415275 -0.502590775 -0.002265412 -0.003418521 0.999991596 14.678226471
0.999996066 0.001579566 0.002317995 0.311844170 -0.001588146 0.999991834 0.003704441 -0.517880380 -0.002312125 -0.003708107 0.999990463 15.083410263
0.999995887 0.000964220 0.002711846 0.320961058 -0.000974306 0.999992609 0.003720063 -0.527323306 -0.002708239 -0.003722690 0.999989450 15.511588097
0.999992788 0.001853994 0.003321113 0.330345392 -0.001867840 0.999989569 0.004171050 -0.544527888 -0.003313345 -0.004177222 0.999985814 15.958257675
0.999993205 0.000878528 0.003560529 0.325429261 -0.000894289 0.999989808 0.004427510 -0.570667446 -0.003556602 -0.004430664 0.999983788 16.393409729
0.999993086 0.000562258 0.003665192 0.338357985 -0.000579131 0.999989271 0.004604230 -0.578651726 -0.003662564 -0.004606321 0.999982715 16.845447540
0.999991477 0.000929961 0.004017085 0.347354084 -0.000949229 0.999988079 0.004797351 -0.599425316 -0.004012576 -0.004801123 0.999980390 17.313745499
0.999988139 0.001636432 0.004593494 0.354614973 -0.001659701 0.999985814 0.005066506 -0.620675087 -0.004585138 -0.005074069 0.999976635 17.723031998
0.999987841 0.001432807 0.004723001 0.369288415 -0.001457261 0.999985516 0.005178237 -0.634291887 -0.004715513 -0.005185056 0.999975502 18.186832428
0.999984920 0.001342023 0.005322608 0.378098428 -0.001370511 0.999984741 0.005352099 -0.642982662 -0.005315344 -0.005359314 0.999971509 18.653125763
0.999984801 0.001541370 0.005292031 0.393708616 -0.001568598 0.999985516 0.005144836 -0.660568178 -0.005284024 -0.005153059 0.999972761 19.141527176
0.999988079 0.000608409 0.004836662 0.418548793 -0.000633696 0.999986172 0.005228276 -0.672324300 -0.004833415 -0.005231279 0.999974668 19.613098145
0.999986947 0.001204324 0.004970049 0.422400296 -0.001231804 0.999983966 0.005529828 -0.683893204 -0.004963310 -0.005535877 0.999972343 20.094013214
0.999985814 0.001302597 0.005169788 0.431741953 -0.001333450 0.999981284 0.005969042 -0.726098061 -0.005161916 -0.005975851 0.999968827 20.562038422
0.999987543 0.000770004 0.004934532 0.446251392 -0.000799545 0.999981761 0.005987552 -0.740552485 -0.004929831 -0.005991424 0.999969959 21.051372528
0.999991536 0.000563759 0.004059374 0.462552637 -0.000588709 0.999980927 0.006147835 -0.750469267 -0.004055830 -0.006150173 0.999972880 21.562803268
0.999991357 0.000827115 0.004070916 0.460878849 -0.000853587 0.999978483 0.006505306 -0.779507458 -0.004065447 -0.006508725 0.999970555 22.014318466
0.999992311 0.000760768 0.003856397 0.474465042 -0.000785898 0.999978483 0.006519136 -0.789538801 -0.003851354 -0.006522116 0.999971330 22.545936584
0.999995887 0.000369710 0.002827147 0.487961352 -0.000389319 0.999975860 0.006938514 -0.806022704 -0.002824513 -0.006939587 0.999971926 23.040943146
0.999997735 0.000039439 0.002135951 0.497523665 -0.000053837 0.999977231 0.006741079 -0.816209793 -0.002135637 -0.006741178 0.999974966 23.550287247
0.999998212 -0.000584226 0.001751342 0.505092978 0.000572996 0.999979317 0.006405922 -0.830329716 -0.001755048 -0.006404908 0.999977946 24.068649292
0.999999404 0.000062591 0.001046331 0.515782773 -0.000069505 0.999978185 0.006609148 -0.841671169 -0.001045895 -0.006609218 0.999977529 24.603973389
0.999999881 0.000032004 0.000539227 0.523624063 -0.000035791 0.999975324 0.007024101 -0.857120335 -0.000538989 -0.007024119 0.999975204 25.132661819
0.999999881 0.000454875 -0.000047223 0.529612124 -0.000454535 0.999975741 0.006949881 -0.869127035 0.000050383 -0.006949859 0.999975860 25.665676117
0.999999940 0.000395176 -0.000508113 0.542707026 -0.000391499 0.999973834 0.007216496 -0.880996704 0.000510951 -0.007216296 0.999973834 26.205526352
0.999999642 0.000151177 -0.000825739 0.553894997 -0.000144490 0.999967277 0.008091835 -0.898384035 0.000826935 -0.008091713 0.999966919 26.761999130
0.999999225 -0.000054769 -0.001202429 0.563429296 0.000064256 0.999968886 0.007891835 -0.912041426 0.001201959 -0.007891906 0.999968112 27.300401688
0.999998689 0.000854413 -0.001339816 0.575272858 -0.000843601 0.999967217 0.008050045 -0.933100998 0.001346651 -0.008048907 0.999966621 27.845226288
0.999998331 0.000221773 -0.001778767 0.582650423 -0.000206269 0.999961972 0.008711767 -0.950012982 0.001780631 -0.008711386 0.999960423 28.381542206
0.999996305 -0.000183305 -0.002723005 0.604257643 0.000206704 0.999962986 0.008595265 -0.963428855 0.002721329 -0.008595795 0.999959350 28.929697037
0.999995947 0.000096252 -0.002840497 0.610506177 -0.000070598 0.999959230 0.009030052 -0.977260470 0.002841250 -0.009029814 0.999955177 29.436124802
0.999994993 -0.000085380 -0.003162044 0.615027308 0.000113660 0.999960005 0.008944297 -0.986066461 0.003161153 -0.008944612 0.999954998 29.967603683
0.999994516 0.000016662 -0.003301871 0.628915727 0.000013357 0.999958694 0.009091353 -1.005374193 0.003301886 -0.009091348 0.999953210 30.495971680
0.999993265 0.000369023 -0.003645096 0.645875216 -0.000335312 0.999957204 0.009244639 -1.029358625 0.003648351 -0.009243356 0.999950588 31.018123627
0.999993682 0.000366106 -0.003510905 0.647633910 -0.000333456 0.999956667 0.009295555 -1.043881059 0.003514157 -0.009294326 0.999950647 31.559612274
0.999994159 0.000305595 -0.003361817 0.657185316 -0.000273391 0.999954045 0.009575586 -1.059698939 0.003364589 -0.009574613 0.999948561 32.098957062
0.999992669 0.000682161 -0.003764917 0.656733751 -0.000646178 0.999954164 0.009550471 -1.063464284 0.003771259 -0.009547968 0.999947309 32.611171722
0.999982417 -0.000622657 -0.005892508 0.694911361 0.000677938 0.999955773 0.009384334 -1.064728141 0.005886404 -0.009388164 0.999938607 33.188259125
0.999991238 0.000652715 -0.004141214 0.665251017 -0.000612300 0.999952197 0.009752838 -1.090068340 0.004147382 -0.009750215 0.999943852 33.686569214
0.999990523 0.001312409 -0.004163922 0.668994248 -0.001270677 0.999949098 0.010009160 -1.107093692 0.004176846 -0.010003773 0.999941230 34.222499847
0.999990344 0.000640693 -0.004355351 0.668089211 -0.000596167 0.999947548 0.010216994 -1.120996475 0.004361670 -0.010214298 0.999938250 34.773254395
0.999989212 0.000343335 -0.004625279 0.695455253 -0.000296159 0.999947965 0.010196268 -1.131534815 0.004628539 -0.010194790 0.999937296 35.278717041
0.999988198 0.000060070 -0.004872913 0.691491425 -0.000010185 0.999947608 0.010236669 -1.120589733 0.004873273 -0.010236498 0.999935746 35.880920410
0.999989569 0.000073007 -0.004575347 0.698841333 -0.000025782 0.999946773 0.010320604 -1.158249259 0.004575856 -0.010320378 0.999936283 36.370727539
0.999988973 -0.000053496 -0.004693368 0.683838010 0.000102210 0.999946117 0.010379589 -1.179469109 0.004692560 -0.010379954 0.999935031 36.859737396
0.999986053 -0.000412847 -0.005277276 0.701395333 0.000468712 0.999943852 0.010589181 -1.160041690 0.005272608 -0.010591507 0.999930024 37.478794098
0.999984205 -0.000807657 -0.005567157 0.728837132 0.000871256 0.999934256 0.011431096 -1.180108309 0.005557559 -0.011435766 0.999919176 37.893543243
0.999977589 -0.002012101 -0.006382013 0.743401766 0.002088987 0.999925017 0.012063639 -1.205201387 0.006357262 -0.012076700 0.999906838 38.406322479
0.999971390 -0.002483127 -0.007162004 0.798296332 0.002569621 0.999923587 0.012092944 -1.215294480 0.007131429 -0.012111001 0.999901235 39.033248901
0.999984443 -0.000487764 -0.005556289 0.791158020 0.000553865 0.999929011 0.011901392 -1.272574186 0.005550091 -0.011904282 0.999913752 39.466545105
0.999981940 -0.000854296 -0.005950972 0.806815922 0.000924436 0.999929965 0.011793705 -1.288175821 0.005940480 -0.011798994 0.999912739 39.996276855
0.999980569 -0.000551311 -0.006221156 0.822556257 0.000622827 0.999933660 0.011499695 -1.295748472 0.006214404 -0.011503345 0.999914527 40.526218414
0.999982417 0.000057683 -0.005926817 0.818462789 0.000014431 0.999925971 0.012166672 -1.297391415 0.005927080 -0.012166543 0.999908388 41.093551636
0.999980032 -0.001087264 -0.006218006 0.833673596 0.001158432 0.999933720 0.011453260 -1.300264597 0.006205142 -0.011460235 0.999915123 41.612258911
0.999978781 -0.000819438 -0.006458683 0.855176687 0.000900698 0.999920368 0.012588892 -1.333617449 0.006447853 -0.012594444 0.999899864 42.142807007
0.999980986 -0.000376319 -0.006148581 0.854589462 0.000456092 0.999915659 0.012977861 -1.345524907 0.006143175 -0.012980421 0.999896824 42.663127899
0.999982178 -0.000406083 -0.005954578 0.859548688 0.000481626 0.999919355 0.012690618 -1.348447800 0.005948944 -0.012693262 0.999901712 43.194450378
0.999983191 -0.000471918 -0.005767121 0.867222905 0.000546286 0.999916553 0.012900303 -1.365859270 0.005760553 -0.012903237 0.999900162 43.719078064
0.999982893 -0.000099422 -0.005836468 0.878842592 0.000175012 0.999916077 0.012952182 -1.375463247 0.005834690 -0.012952982 0.999899089 44.264286041
0.999982655 -0.000793975 -0.005834955 0.884109855 0.000869842 0.999914944 0.013011018 -1.387469769 0.005824127 -0.013015868 0.999898255 44.802700043
0.999980688 -0.001112188 -0.006110892 0.892080605 0.001191664 0.999914587 0.013017334 -1.392452955 0.006095891 -0.013024366 0.999896526 45.339160919
0.999983013 -0.000360375 -0.005840013 0.905047715 0.000433748 0.999920905 0.012567323 -1.397144794 0.005835023 -0.012569638 0.999903977 45.878948212
0.999979138 -0.000689069 -0.006427896 0.913864374 0.000772357 0.999915659 0.012963946 -1.419688106 0.006418421 -0.012968641 0.999895215 46.403110504
0.999981225 -0.001375778 -0.005987007 0.908350527 0.001454786 0.999911666 0.013212376 -1.422441363 0.005968302 -0.013220838 0.999894738 46.959651947
0.999976277 -0.001301683 -0.006767435 0.926065803 0.001388233 0.999917150 0.012800252 -1.425637364 0.006750212 -0.012809345 0.999895096 47.507091522
0.999981463 -0.000905443 -0.006025163 0.930494547 0.000986206 0.999909520 0.013414891 -1.445855856 0.006012472 -0.013420585 0.999891818 48.022670746
0.999971032 -0.001905250 -0.007373781 0.964316428 0.002002756 0.999910414 0.013238505 -1.454714417 0.007347897 -0.013252889 0.999885201 48.569244385
0.999984622 -0.000443393 -0.005522235 0.941160083 0.000516518 0.999912143 0.013247472 -1.463765860 0.005515876 -0.013250120 0.999896944 49.088871002
0.999980867 -0.001131672 -0.006072678 0.956763864 0.001212305 0.999910951 0.013290652 -1.473947644 0.006057098 -0.013297762 0.999893188 49.614925385
0.999983490 -0.000554336 -0.005740388 0.956881106 0.000632948 0.999905944 0.013701829 -1.487195492 0.005732251 -0.013705233 0.999889672 50.157669067
0.999984562 0.000345480 -0.005530510 0.965258360 -0.000267451 0.999900460 0.014103268 -1.498867154 0.005534832 -0.014101574 0.999885201 50.681465149
0.999985039 0.000250856 -0.005469152 0.969929576 -0.000173686 0.999900520 0.014105960 -1.504338741 0.005472147 -0.014104798 0.999885499 51.212993622
0.999987185 0.000731733 -0.005007274 0.974087358 -0.000660737 0.999899566 0.014165599 -1.513803482 0.005017136 -0.014162109 0.999887109 51.718654633
0.999984384 -0.000237903 -0.005580989 0.995234847 0.000317402 0.999898434 0.014247959 -1.517447114 0.005577031 -0.014249506 0.999882877 52.266246796
0.999989092 0.000994189 -0.004564174 0.975788355 -0.000930659 0.999902904 0.013900383 -1.525918007 0.004577551 -0.013895983 0.999893010 52.826744080
0.999990940 0.001076311 -0.004118956 0.984152317 -0.001018713 0.999902070 0.013960433 -1.537097335 0.004133577 -0.013956112 0.999894083 53.353916168
0.999988019 0.000045639 -0.004894600 0.961452484 0.000026923 0.999890089 0.014823844 -1.557219148 0.004894739 -0.014823797 0.999878109 53.828018188
0.999989748 0.001943483 -0.004124767 1.016975164 -0.001882807 0.999890685 0.014663475 -1.573485494 0.004152815 -0.014655557 0.999883890 54.316635132
0.999989271 0.001444667 -0.004404453 0.967883766 -0.001382684 0.999900401 0.014043478 -1.575567484 0.004424304 -0.014037237 0.999891698 54.993503571
0.999987841 0.001894851 -0.004543477 1.049864054 -0.001831121 0.999900341 0.013990138 -1.575669050 0.004569533 -0.013981646 0.999891758 55.435306549
0.999989212 0.001438185 -0.004416240 1.070671797 -0.001375441 0.999898553 0.014177931 -1.580097675 0.004436183 -0.014171703 0.999889672 55.926925659
0.999989927 0.001860269 -0.004089057 1.061694264 -0.001800623 0.999892652 0.014542524 -1.596469998 0.004115671 -0.014535013 0.999885798 56.431522369
0.999986470 0.000855525 -0.005139088 1.080025554 -0.000778137 0.999886513 0.015041863 -1.616081476 0.005151373 -0.015037660 0.999873638 56.964450836
0.999991775 0.002446366 -0.003242465 1.085174203 -0.002396506 0.999880135 0.015292935 -1.649789095 0.003279489 -0.015285036 0.999877810 57.350364685
0.999990582 0.002765913 -0.003326667 1.101190329 -0.002713731 0.999874771 0.015589546 -1.654336572 0.003369370 -0.015580373 0.999872923 57.872909546
0.999991059 0.002623118 -0.003322975 1.105281711 -0.002572367 0.999881327 0.015186296 -1.658034086 0.003362413 -0.015177610 0.999879122 58.419593811
0.999989748 0.003585589 -0.002810517 1.111986756 -0.003542080 0.999876082 0.015335977 -1.672439337 0.002865158 -0.015325864 0.999878407 58.962303162
0.999988854 0.003696391 -0.002932471 1.145302534 -0.003649487 0.999867857 0.015842102 -1.689706564 0.002990642 -0.015831225 0.999870181 59.448635101
0.999990702 0.003104798 -0.003000657 1.160841465 -0.003057914 0.999875069 0.015504762 -1.700518250 0.003048419 -0.015495444 0.999875247 59.991710663
0.999988675 0.002994104 -0.003711462 1.207482338 -0.002933467 0.999863803 0.016236899 -1.730552435 0.003759571 -0.016225828 0.999861240 60.486755371
0.999989212 0.002881783 -0.003680484 1.211599112 -0.002822858 0.999869287 0.015916351 -1.730101347 0.003725871 -0.015905786 0.999866545 61.033927917
0.999986768 0.002958260 -0.004222323 1.292023659 -0.002894458 0.999882698 0.015037709 -1.695763111 0.004266314 -0.015025291 0.999877989 61.488216400
0.999981344 0.004226233 -0.004406718 1.342314720 -0.004154953 0.999862373 0.016061172 -1.722537160 0.004473990 -0.016042562 0.999861300 61.960716248
0.999985754 0.003362330 -0.004151410 1.314787984 -0.003295481 0.999866426 0.016005984 -1.729304314 0.004204675 -0.015992071 0.999863207 62.419952393
0.999983966 0.002355577 -0.005169888 1.346962094 -0.002265351 0.999846220 0.017389201 -1.780057311 0.005210054 -0.017377209 0.999835432 62.902713776
0.999988735 0.002447421 -0.004050597 1.322217345 -0.002382275 0.999868989 0.016010327 -1.750836849 0.004089250 -0.016000498 0.999863625 63.567707062
0.999987662 0.002160137 -0.004456151 1.348178744 -0.002087278 0.999865174 0.016290555 -1.760511756 0.004490741 -0.016281055 0.999857366 64.128456116
0.999986887 0.001981187 -0.004707434 1.355802059 -0.001905963 0.999871254 0.015930932 -1.764667273 0.004738391 -0.015921749 0.999862075 64.676239014
0.999987483 0.001177001 -0.004843737 1.360722661 -0.001097067 0.999863684 0.016472397 -1.769811392 0.004862466 -0.016466876 0.999852657 65.143684387
0.999988079 0.001002393 -0.004774962 1.364722252 -0.000929552 0.999883592 0.015232760 -1.745429039 0.004789677 -0.015228142 0.999872625 65.676513672
0.999989986 0.001945167 -0.004026299 1.362157941 -0.001882770 0.999878943 0.015443489 -1.781220555 0.004055853 -0.015435752 0.999872684 66.196456909
0.999990225 0.002498794 -0.003641841 1.368213058 -0.002442013 0.999876738 0.015513322 -1.790546894 0.003680157 -0.015504276 0.999873102 66.735496521
0.999991179 0.001805163 -0.003799428 1.378734708 -0.001747365 0.999883533 0.015161083 -1.780071974 0.003826354 -0.015154311 0.999877870 67.261299133
0.999988556 0.003404123 -0.003379001 1.383181810 -0.003348921 0.999862969 0.016209921 -1.813237786 0.003433718 -0.016198417 0.999862909 67.825607300
0.999988854 0.002118064 -0.004218774 1.427372217 -0.002054682 0.999885738 0.014972103 -1.802098274 0.004250003 -0.014963266 0.999879062 68.354476929
0.999881089 -0.013207687 0.007951470 1.279595137 0.013098533 0.999821365 0.013626437 -1.999863982 -0.008130024 -0.013520665 0.999875546 68.827659607
0.999987304 0.002532043 -0.004350867 1.417985201 -0.002470023 0.999896169 0.014201296 -1.835722208 0.004386371 -0.014190369 0.999889731 69.609512329
0.999859393 -0.014823958 0.007829290 1.325371742 0.014719952 0.999804795 0.013178757 -2.047004223 -0.008023123 -0.013061658 0.999882460 69.915275574
0.999857605 -0.015159555 0.007408575 1.353740215 0.015059538 0.999797046 0.013374314 -2.064885616 -0.007609821 -0.013260841 0.999883056 70.443412781
0.999861956 -0.014607664 0.007917549 1.372369051 0.014501070 0.999805629 0.013357383 -2.078036308 -0.008111130 -0.013240724 0.999879420 70.959289551
0.999874711 -0.013620684 0.008068848 1.392274618 0.013512482 0.999820054 0.013316049 -2.092264414 -0.008248771 -0.013205349 0.999878764 71.495849609
0.999863803 -0.014276745 0.008277231 1.398843408 0.014165906 0.999811232 0.013298171 -2.094302416 -0.008465524 -0.013179106 0.999877274 72.021713257
0.999858916 -0.014699574 0.008131349 1.418591976 0.014594305 0.999810755 0.012857334 -2.102509499 -0.008318811 -0.012736849 0.999884307 72.552825928
0.999860466 -0.014435262 0.008405712 1.432514191 0.014325482 0.999813199 0.012977156 -2.113972664 -0.008591472 -0.012854931 0.999880493 73.100791931
0.999863684 -0.014155461 0.008496006 1.446096301 0.014043107 0.999815047 0.013141471 -2.128953934 -0.008680460 -0.013020369 0.999877572 73.587989807
0.999848247 -0.015602159 0.007737972 1.476062536 0.015501129 0.999796093 0.012948708 -2.141875744 -0.007938420 -0.012826797 0.999886215 74.132545471
0.999860108 -0.014583421 0.008176023 1.497874379 0.014474631 0.999807954 0.013210849 -2.158469200 -0.008367112 -0.013090655 0.999879301 74.667358398
0.999864399 -0.014260851 0.008227331 1.520611525 0.014151682 0.999813020 0.013177885 -2.176412344 -0.008413723 -0.013059666 0.999879241 75.175819397
0.999865592 -0.014161606 0.008267810 1.540693045 0.014052307 0.999814987 0.013131526 -2.186192513 -0.008452247 -0.013013578 0.999879539 75.714782715
0.999866366 -0.013931223 0.008570676 1.538528919 0.013817814 0.999818027 0.013152238 -2.186587095 -0.008752342 -0.013032051 0.999876797 76.222259521
0.999864995 -0.013895396 0.008780938 1.556320906 0.013782391 0.999823093 0.012801603 -2.198200464 -0.008957271 -0.012678851 0.999879479 76.756637573
0.999867022 -0.013822138 0.008653116 1.574291229 0.013710889 0.999824286 0.012786628 -2.207779884 -0.008828336 -0.012666286 0.999880791 77.298622131
0.999870062 -0.013532262 0.008755835 1.587269425 0.013416718 0.999823868 0.013122994 -2.212602377 -0.008931877 -0.013003813 0.999875486 77.814819336
0.999868929 -0.013429250 0.009042387 1.603456497 0.013311630 0.999827564 0.012944606 -2.217500925 -0.009214667 -0.012822540 0.999875307 78.356773376
0.999854863 -0.013372322 0.010550275 1.621343255 0.013238468 0.999832273 0.012656546 -2.225214958 -0.010717752 -0.012515040 0.999864161 78.892028809
0.999838948 -0.013392293 0.011943061 1.640128851 0.013241095 0.999832273 0.012650366 -2.235021353 -0.012110475 -0.012490191 0.999848664 79.431373596
0.999825716 -0.013036213 0.013362977 1.654151678 0.012866889 0.999836743 0.012679794 -2.246488094 -0.013526091 -0.012505645 0.999830306 79.957839966
0.999802947 -0.013701822 0.014362273 1.671912074 0.013517175 0.999825716 0.012875552 -2.252441406 -0.014536189 -0.012678878 0.999813974 80.500686646
0.999755085 -0.013219798 0.017744519 1.693886757 0.012994444 0.999834180 0.012755680 -2.268608332 -0.017910203 -0.012521976 0.999761224 81.041725159
0.999693334 -0.012926505 0.021122301 1.728445411 0.012651418 0.999834061 0.013105638 -2.272851229 -0.021288209 -0.012834392 0.999690950 81.559776306
0.999625266 -0.014342654 0.023315901 1.777804613 0.014048894 0.999820411 0.012714566 -2.270670414 -0.023494078 -0.012382239 0.999647319 82.159111023
0.999516249 -0.013144678 0.028186824 1.802166700 0.012781681 0.999833524 0.013020055 -2.289178133 -0.028353278 -0.012653480 0.999517858 82.654609680
0.999353528 -0.012789743 0.033598751 1.838816881 0.012345758 0.999834120 0.013388727 -2.303104877 -0.033764418 -0.012965269 0.999345660 83.150154114
0.999129772 -0.013531360 0.039453156 1.911535263 0.013026427 0.999830186 0.013027420 -2.284507275 -0.039622739 -0.012502150 0.999136508 83.729705811
0.998867393 -0.013345225 0.045671925 1.894640803 0.012740605 0.999827623 0.013503931 -2.337680340 -0.045844268 -0.012906748 0.998865247 84.371925354
0.998429060 -0.013137983 0.054467812 1.911298752 0.012416316 0.999830902 0.013566699 -2.336152315 -0.054636829 -0.012869095 0.998423457 84.853828430
0.997966766 -0.013548809 0.062279843 1.973604918 0.012746085 0.999830782 0.013268260 -2.336148262 -0.062449068 -0.012447460 0.997970521 85.402549744
0.997458637 -0.013415376 0.069972888 2.011197805 0.012485955 0.999828100 0.013703112 -2.350401878 -0.070144691 -0.012794608 0.997454762 85.981094360
0.996813118 -0.013980056 0.078538001 2.078452587 0.012975257 0.999827504 0.013289596 -2.354924917 -0.078710251 -0.012228190 0.996822476 86.529945374
0.995980203 -0.013961703 0.088480487 2.152889252 0.012806460 0.999825358 0.013610767 -2.368649006 -0.088655069 -0.012422927 0.995984912 87.069190979
0.995131016 -0.013688123 0.097606257 2.214814663 0.012420823 0.999830604 0.013579666 -2.375746250 -0.097775593 -0.012301191 0.995132506 87.607917786
0.994334459 -0.014361079 0.105322190 2.292528152 0.013015576 0.999824762 0.013451380 -2.379732132 -0.105496906 -0.012004346 0.994347095 88.156417847
0.993196547 -0.014994459 0.115481548 2.386936188 0.013512602 0.999816179 0.013604213 -2.388498068 -0.115664318 -0.011951201 0.993216455 88.684219360
0.991954029 -0.015280400 0.125672787 2.481117249 0.013645271 0.999810815 0.013861615 -2.401410103 -0.125860825 -0.012035247 0.991974890 89.215049744
0.990736365 -0.016271101 0.134820729 2.583731651 0.014553050 0.999799907 0.013719052 -2.412364006 -0.135016978 -0.011629910 0.990775049 89.733177185
0.989195645 -0.015514333 0.145778209 2.682998657 0.013624678 0.999809802 0.013952092 -2.415984631 -0.145966932 -0.011815171 0.989218891 90.283218384
0.987349868 -0.015286395 0.157818034 2.792047501 0.013219387 0.999812663 0.014138893 -2.425872326 -0.158004597 -0.011873777 0.987366915 90.817749023
0.985541224 -0.016209409 0.168658689 2.907845497 0.014011975 0.999800801 0.014210971 -2.434047222 -0.168855444 -0.011642260 0.985572040 91.359916687
0.983857930 -0.016776109 0.178164020 3.022010803 0.014429082 0.999791265 0.014461091 -2.435863972 -0.178369477 -0.011656910 0.983894467 91.902587891
0.981592059 -0.017184926 0.190214992 3.146467209 0.014664207 0.999785125 0.014651652 -2.447158575 -0.190425918 -0.011592590 0.981633127 92.430603027
0.979051352 -0.016654674 0.202930927 3.277419090 0.013979368 0.999795496 0.014609645 -2.456937790 -0.203132793 -0.011466746 0.979084015 92.950759888
0.976774514 -0.017584529 0.213547140 3.415288925 0.014735948 0.999780059 0.014923931 -2.464765549 -0.213762641 -0.011430495 0.976818740 93.474777222
0.973781049 -0.017166924 0.226838261 3.563638687 0.014078116 0.999784946 0.015227708 -2.477654934 -0.227050900 -0.011634999 0.973813415 94.001220703
0.970577478 -0.018044583 0.240111977 3.722156525 0.014825081 0.999774456 0.015208010 -2.483651876 -0.240332216 -0.011200869 0.970626056 94.514663696
0.967659771 -0.018043663 0.251612872 3.884279251 0.014627748 0.999773741 0.015439992 -2.497123241 -0.251834571 -0.011260130 0.967704773 95.043807983
0.964566052 -0.018916652 0.263162404 4.069931030 0.015209549 0.999754429 0.016117010 -2.523015738 -0.263402671 -0.011543343 0.964616895 95.509292603
0.960819364 -0.019287029 0.276503474 4.254415512 0.015269260 0.999744356 0.016676458 -2.536994457 -0.276754439 -0.011801060 0.960868239 96.003547668
0.957348347 -0.020165689 0.288231701 4.447486877 0.016111623 0.999735177 0.016430920 -2.547580004 -0.288486749 -0.011086231 0.957419693 96.504180908
0.953913569 -0.020404289 0.299386889 4.636411667 0.016089804 0.999728262 0.016869333 -2.557620049 -0.299649715 -0.011274812 0.953982651 97.022415161
0.949420035 -0.020352049 0.313348740 4.828792572 0.015850544 0.999731362 0.016906915 -2.558133602 -0.313608676 -0.011085017 0.949487627 97.532760620
0.944784641 -0.021029031 0.327016383 5.038335800 0.016263314 0.999718070 0.017301191 -2.566111565 -0.327288032 -0.011027530 0.944860280 98.044075012
0.940707445 -0.021195887 0.338555843 5.242734909 0.016269777 0.999716520 0.017381987 -2.568885803 -0.338828355 -0.010843135 0.940785706 98.562042236
0.936007619 -0.021312200 0.351333976 5.454868317 0.016047895 0.999711156 0.017889222 -2.583446503 -0.351613790 -0.011106276 0.936079204 99.062301636
0.930487573 -0.021432331 0.365695983 5.680343628 0.015736079 0.999704063 0.018550284 -2.589455605 -0.365985334 -0.011506188 0.930549502 99.572265625
0.925581217 -0.021664156 0.377928555 5.906869888 0.015650297 0.999697447 0.018977072 -2.599392891 -0.378225356 -0.011650130 0.925640225 100.075851440
0.920802772 -0.021829136 0.389417261 6.127704620 0.015596290 0.999694765 0.019160347 -2.607884884 -0.389716566 -0.011569434 0.920862138 100.557373047
0.914705873 -0.022002013 0.403520823 6.374876022 0.015539828 0.999693274 0.019282512 -2.606626987 -0.403821260 -0.011367180 0.914767265 101.061546326
0.909022987 -0.022617852 0.416131854 6.632461548 0.016007211 0.999684274 0.019368356 -2.608252048 -0.416438460 -0.010945171 0.909098029 101.557647705
0.904445112 -0.023640310 0.425934434 6.886924744 0.016825138 0.999663174 0.019756418 -2.620626688 -0.426258057 -0.010702190 0.904538333 102.019531250
0.898805439 -0.024329651 0.437671900 7.157444000 0.017291130 0.999649227 0.020060143 -2.626689434 -0.438006371 -0.010462326 0.898910999 102.504180908
0.892038524 -0.024575841 0.451290756 7.435314178 0.017142314 0.999641776 0.020553119 -2.637779236 -0.451634228 -0.010598005 0.892140269 102.998298645
0.886065900 -0.025713343 0.462845564 7.711830139 0.017916242 0.999614000 0.021234829 -2.642887354 -0.463212997 -0.010523003 0.886184514 103.475463867
0.880558372 -0.026676780 0.473186404 7.995513916 0.018921904 0.999597430 0.021142200 -2.639855146 -0.473559827 -0.009663353 0.880708754 103.947975159
0.873192191 -0.026204444 0.486671031 8.288330078 0.018100981 0.999608278 0.021346133 -2.645788193 -0.487039745 -0.009830054 0.873324454 104.415184021
0.865724266 -0.026619015 0.499812871 8.589565277 0.018220462 0.999598920 0.021677002 -2.649806261 -0.500189364 -0.009659486 0.865862131 104.888122559
0.859995961 -0.027139489 0.509578526 8.898120880 0.018517952 0.999586821 0.021984655 -2.660036087 -0.509964526 -0.009470365 0.860143244 105.341003418
