1.000000000 0.000000000 0.000000000 0.000000000 0.000000000 1.000000000 0.000000000 0.000000000 0.000000000 0.000000000 1.000000000 0.000000000
1.000000000 0.000038178 -0.000058248 0.000183654 -0.000038183 1.000000000 -0.000082584 0.000354094 0.000058244 0.000082586 1.000000000 -0.000780788
1.000000000 0.000082777 -0.000044404 0.000644262 -0.000082776 1.000000000 0.000023276 -0.000320360 0.000044406 -0.000023272 1.000000000 -0.001453610
1.000000000 -0.000022828 -0.000066996 0.000784589 0.000022831 1.000000000 0.000051263 -0.000370243 0.000066995 -0.000051265 1.000000000 -0.002732718
1.000000000 -0.000044864 -0.000016428 0.000252888 0.000044862 1.000000000 -0.000101346 0.000836352 0.000016433 0.000101345 1.000000000 0.000851334
1.000000000 0.000000735 -0.000047571 0.001339100 -0.000000738 1.000000000 -0.000074927 0.000479956 0.000047571 0.000074928 1.000000000 0.000065366
1.000000000 0.000004105 -0.000016907 0.000840981 -0.000004107 1.000000000 -0.000099295 0.000367864 0.000016907 0.000099295 1.000000000 -0.000864017
1.000000000 -0.000201983 0.000013975 0.001104480 0.000201984 1.000000000 -0.000076423 0.000279206 -0.000013960 0.000076426 1.000000000 -0.001188246
1.000000000 -0.000194091 -0.000016536 0.001040110 0.000194089 0.999999940 -0.000151534 0.001843252 0.000016565 0.000151531 1.000000000 0.002071868
1.000000000 -0.000082203 -0.000101230 0.002010358 0.000082202 1.000000000 -0.000006414 0.000329863 0.000101231 0.000006406 1.000000000 0.000334127
1.000000000 -0.000163750 -0.000092887 0.002143009 0.000163737 1.000000000 -0.000142635 0.001386650 0.000092910 0.000142619 1.000000000 0.000242916
1.000000000 -0.000142318 -0.000027858 0.000167221 0.000142318 1.000000000 -0.000014468 0.000269422 0.000027860 0.000014464 1.000000000 0.000658584
0.999999940 -0.000205066 -0.000165333 0.002088210 0.000205073 1.000000000 0.000046571 -0.000029943 0.000165323 -0.000046605 1.000000000 -0.000093262
1.000000000 -0.000119375 -0.000139663 0.001702878 0.000119384 1.000000000 0.000064852 -0.000333950 0.000139655 -0.000064869 1.000000000 -0.000434147
1.000000000 -0.000225710 -0.000080972 0.000214656 0.000225715 1.000000000 0.000066210 -0.000274041 0.000080957 -0.000066229 1.000000000 0.000292336
1.000000000 0.000140834 0.000128980 0.000018031 -0.000140839 1.000000000 0.000042187 0.000641749 -0.000128975 -0.000042205 1.000000000 0.001739360
1.000000000 0.000017286 -0.000065696 0.000587900 -0.000017286 1.000000000 -0.000007069 0.000904977 0.000065696 0.000007070 1.000000000 0.001507679
1.000000000 -0.000032479 -0.000021810 0.000514265 0.000032477 1.000000000 -0.000076618 0.000808092 0.000021813 0.000076617 1.000000000 0.000649530
1.000000000 -0.000074559 0.000127823 -0.000203342 0.000074565 1.000000000 -0.000044985 0.000382868 -0.000127819 0.000044995 1.000000000 0.000624933
1.000000000 -0.000038472 0.000024840 0.000930874 0.000038475 1.000000000 -0.000095117 0.000525284 -0.000024836 0.000095117 1.000000000 -0.000300347
1.000000000 -0.000146260 -0.000115974 0.001112694 0.000146263 1.000000000 0.000025594 0.000453473 0.000115971 -0.000025611 1.000000000 0.001168700
0.999999940 -0.000292436 0.000000999 0.001748732 0.000292436 0.999999940 0.000085673 -0.000725020 -0.000001024 -0.000085673 1.000000000 -0.000290118
1.000000000 -0.000066987 0.000194919 -0.000394780 0.000066972 1.000000000 0.000077331 0.000446549 -0.000194924 -0.000077318 1.000000000 -0.000327675
1.000000000 0.000040503 0.000043050 0.001018564 -0.000040508 1.000000000 0.000110785 -0.000056087 -0.000043046 -0.000110787 1.000000000 -0.000734675
1.000000000 0.000141642 0.000069352 0.000692957 -0.000141642 1.000000000 0.000000573 0.000501813 -0.000069351 -0.000000583 1.000000000 -0.001386155
1.000000000 -0.000050802 -0.000143462 0.001839588 0.000050778 1.000000000 -0.000169441 0.001619204 0.000143471 0.000169434 1.000000000 -0.000664592
1.000000000 0.000085631 -0.000008801 -0.000311966 -0.000085633 1.000000000 -0.000129413 0.001599578 0.000008790 0.000129414 1.000000000 0.001648108
1.000000000 0.000022819 0.000027351 -0.000964105 -0.000022819 1.000000000 0.000002236 0.001814778 -0.000027351 -0.000002236 1.000000000 0.002723720
1.000000000 0.000203556 0.000118568 -0.000436661 -0.000203552 1.000000000 -0.000036732 0.001440501 -0.000118575 0.000036708 1.000000000 0.001044947
1.000000000 0.000095523 0.000099761 0.000217100 -0.000095528 1.000000000 0.000051182 -0.000366773 -0.000099756 -0.000051191 1.000000000 -0.001993991
1.000000000 0.000133453 0.000144293 -0.000420277 -0.000133471 1.000000000 0.000123847 -0.000569226 -0.000144277 -0.000123867 1.000000000 -0.000886184
1.000000000 -0.000066324 0.000069743 0.000792317 0.000066325 1.000000000 -0.000021372 0.000034722 -0.000069741 0.000021376 1.000000000 -0.001075295
1.000000000 -0.000019385 0.000052528 0.000286294 0.000019386 1.000000000 -0.000012953 0.000918367 -0.000052528 0.000012954 1.000000000 0.001085947
1.000000000 0.000092199 0.000071347 0.000773921 -0.000092200 1.000000000 0.000017682 0.000321291 -0.000071345 -0.000017689 1.000000000 -0.000692400
1.000000000 0.000163170 0.000004547 0.000661291 -0.000163169 1.000000000 -0.000080788 0.001458337 -0.000004560 0.000080787 1.000000000 -0.000685075
1.000000000 -0.000177379 0.000031051 -0.000377199 0.000177383 1.000000000 -0.000136140 0.002567728 -0.000031027 0.000136146 1.000000000 0.003506627
1.000000000 -0.000059175 -0.000003502 0.000354274 0.000059176 1.000000000 0.000045167 0.000841661 0.000003499 -0.000045167 1.000000000 0.000999757
1.000000000 -0.000121983 -0.000014661 0.000904832 0.000121983 1.000000000 0.000018963 0.000825548 0.000014659 -0.000018964 1.000000000 0.000245306
0.999999940 0.000016550 0.000253155 -0.000734832 -0.000016546 1.000000000 -0.000014699 0.000727674 -0.000253155 0.000014695 0.999999940 0.002204377
0.999999940 -0.000407879 0.000078086 0.001867670 0.000407926 0.999999702 -0.000610954 -0.002755668 -0.000077837 0.000610986 0.999999821 0.049888305
1.000000000 0.000047203 0.000167747 0.001029906 -0.000047003 0.999999285 -0.001197801 -0.005904396 -0.000167804 0.001197793 0.999999285 0.132587031
0.999999940 0.000279724 -0.000098982 0.005367464 -0.000279871 0.999998868 -0.001483960 -0.006252046 0.000098566 0.001483988 0.999998868 0.251282722
0.999999940 0.000367647 0.000061266 0.006016856 -0.000367575 0.999999225 -0.001171712 -0.013784441 -0.000061697 0.001171690 0.999999285 0.380171597
1.000000000 0.000167530 0.000070205 0.008424426 -0.000167454 0.999999404 -0.001084037 -0.016070509 -0.000070387 0.001084025 0.999999404 0.524927080
0.999999940 0.000343533 -0.000039753 0.015261763 -0.000343589 0.999998987 -0.001401943 -0.017961731 0.000039272 0.001401957 0.999998987 0.674984396
1.000000000 0.000078672 0.000208054 0.018403873 -0.000078448 0.999999404 -0.001074277 -0.024633961 -0.000208138 0.001074261 0.999999404 0.836253703
0.999999940 0.000238208 0.000263728 0.016206840 -0.000237982 0.999999583 -0.000858600 -0.026830556 -0.000263932 0.000858537 0.999999583 1.014519930
0.999999881 0.000334149 0.000292087 0.021058852 -0.000334005 0.999999821 -0.000491523 -0.036674965 -0.000292251 0.000491426 0.999999821 1.181355476
0.999999344 0.000896508 0.000692364 0.016613696 -0.000895940 0.999999285 -0.000820750 -0.038086679 -0.000693099 0.000820130 0.999999404 1.364498258
1.000000000 0.000114948 0.000098101 0.034441046 -0.000114921 0.999999940 -0.000277136 -0.053258844 -0.000098133 0.000277125 0.999999940 1.558042407
0.999999762 0.000460412 0.000473593 0.032577284 -0.000460180 0.999999762 -0.000491190 -0.051012121 -0.000473819 0.000490972 0.999999762 1.760725021
0.999999940 0.000278545 -0.000232171 0.042052541 -0.000278633 0.999999881 -0.000380412 -0.057039149 0.000232065 0.000380476 0.999999881 1.957097650
0.999999404 0.000485268 0.000967692 0.027474247 -0.000485078 0.999999881 -0.000197064 -0.062384892 -0.000967788 0.000196594 0.999999523 2.160824776
0.999998689 0.001261497 -0.001018605 0.067899093 -0.001261193 0.999999166 0.000299169 -0.085831657 0.001018982 -0.000297884 0.999999464 2.379155636
0.999997914 0.001179993 -0.001669211 0.081864029 -0.001179612 0.999999285 0.000229317 -0.092236817 0.001669480 -0.000227347 0.999998629 2.594742537
0.999998450 0.001211334 -0.001283051 0.082983054 -0.001210763 0.999999166 0.000445516 -0.101177737 0.001283590 -0.000443962 0.999999106 2.827914715
0.999998033 0.001094635 -0.001638239 0.093511567 -0.001093516 0.999999166 0.000683776 -0.110162422 0.001638986 -0.000681984 0.999998510 3.059455156
0.999998331 0.000812499 -0.001656557 0.094095163 -0.000811946 0.999999642 0.000334167 -0.111267149 0.001656828 -0.000332821 0.999998629 3.301218271
0.999997914 0.001125530 -0.001693544 0.105253972 -0.001124407 0.999999166 0.000663486 -0.121909440 0.001694289 -0.000661581 0.999998331 3.539740324
0.999998093 0.000957698 -0.001708211 0.108913563 -0.000957216 0.999999523 0.000282940 -0.123698615 0.001708481 -0.000281304 0.999998510 3.802053213
0.999997795 0.001165558 -0.001722859 0.117027186 -0.001165114 0.999999344 0.000258914 -0.131118804 0.001723159 -0.000256906 0.999998510 4.057205677
0.999997795 0.001090825 -0.001789950 0.121055670 -0.001089414 0.999999106 0.000789215 -0.142422244 0.001790809 -0.000787263 0.999998033 4.311425686
0.999997437 0.001318650 -0.001813091 0.123065934 -0.001317465 0.999998927 0.000654956 -0.146296844 0.001813953 -0.000652566 0.999998093 4.566993713
0.999997616 0.001428575 -0.001679155 0.129319787 -0.001427188 0.999998689 0.000827406 -0.153697953 0.001680335 -0.000825007 0.999998212 4.820434093
0.999997616 0.001153288 -0.001893547 0.135826483 -0.001151336 0.999998868 0.001031725 -0.163331971 0.001894734 -0.001029542 0.999997675 5.089411736
0.999997616 0.000853771 -0.002021059 0.141687140 -0.000852308 0.999999344 0.000724770 -0.168824360 0.002021677 -0.000723046 0.999997675 5.350372791
0.999997795 0.001360123 -0.001630205 0.143203750 -0.001359323 0.999998927 0.000491699 -0.173357800 0.001630873 -0.000489482 0.999998569 5.622189999
0.999997735 0.001317790 -0.001669366 0.149300888 -0.001315979 0.999998510 0.001085971 -0.184336185 0.001670795 -0.001083771 0.999998033 5.893879414
0.999997377 0.001119256 -0.002024113 0.157063797 -0.001117226 0.999998808 0.001003925 -0.193420574 0.002025235 -0.001001661 0.999997437 6.172546387
0.999996722 0.001203435 -0.002270326 0.165457040 -0.001200913 0.999998689 0.001111924 -0.207123891 0.002271661 -0.001109194 0.999996781 6.440139771
0.999996960 0.000625442 -0.002398770 0.171585128 -0.000622508 0.999999166 0.001223524 -0.216303945 0.002399533 -0.001222027 0.999996364 6.725078106
0.999996543 0.001170096 -0.002363958 0.178143740 -0.001167361 0.999998689 0.001158060 -0.224264577 0.002365310 -0.001155296 0.999996543 7.025179863
0.999996483 0.001217858 -0.002368631 0.185470730 -0.001214530 0.999998391 0.001405859 -0.236930177 0.002370339 -0.001402977 0.999996245 7.316796780
0.999996424 0.001099137 -0.002447036 0.191311896 -0.001096412 0.999998808 0.001114466 -0.243705124 0.002448258 -0.001111779 0.999996364 7.633902550
0.999996901 0.001563302 -0.001934322 0.187289715 -0.001561417 0.999998331 0.000975816 -0.252025247 0.001935844 -0.000972793 0.999997675 7.947009087
0.999996841 0.001703849 -0.001843012 0.192091599 -0.001702161 0.999998152 0.000917251 -0.255404174 0.001844572 -0.000914111 0.999997914 8.271657944
0.999997258 0.001820964 -0.001465520 0.193979383 -0.001819783 0.999997973 0.000806944 -0.267350197 0.001466986 -0.000804275 0.999998569 8.600426674
0.999997437 0.001969938 -0.001039359 0.193327501 -0.001969377 0.999997854 0.000540538 -0.271713138 0.001040421 -0.000538490 0.999999285 8.943337440
0.999997616 0.001637400 -0.001428491 0.209876806 -0.001636196 0.999998331 0.000843274 -0.285978049 0.001429869 -0.000840934 0.999998629 9.283221245
0.999997795 0.001313580 -0.001587365 0.208616450 -0.001311384 0.999998152 0.001383565 -0.306794643 0.001589180 -0.001381480 0.999997795 9.603497505
0.999997675 0.000998829 -0.001897067 0.220578000 -0.000996870 0.999998987 0.001033054 -0.313178480 0.001898097 -0.001031160 0.999997675 9.948206902
0.999997675 0.000971833 -0.001941210 0.226686582 -0.000969753 0.999998987 0.001072332 -0.324557811 0.001942251 -0.001070447 0.999997556 10.306211472
0.999998271 0.001181325 -0.001419072 0.227473184 -0.001178519 0.999997377 0.001976871 -0.342837632 0.001421404 -0.001975195 0.999997020 10.641690254
0.999998748 0.000738724 -0.001380487 0.234768033 -0.000736565 0.999998569 0.001564052 -0.348013818 0.001381640 -0.001563033 0.999997795 11.016603470
0.999997854 0.001480880 -0.001452814 0.238891885 -0.001478484 0.999997556 0.001648635 -0.359507382 0.001455252 -0.001646483 0.999997556 11.386617661
0.999998450 0.001023492 -0.001407008 0.246309265 -0.001021050 0.999997973 0.001734826 -0.366849661 0.001408780 -0.001733387 0.999997497 11.769567490
0.999998331 0.001131693 -0.001428049 0.255513698 -0.001129294 0.999997973 0.001679654 -0.381613076 0.001429947 -0.001678039 0.999997556 12.143922806
0.999998212 0.001221396 -0.001421999 0.264632493 -0.001219191 0.999998093 0.001550677 -0.391897082 0.001423890 -0.001548941 0.999997795 12.538817406
0.999998152 0.001395064 -0.001326811 0.268953681 -0.001392606 0.999997258 0.001851978 -0.403784364 0.001329391 -0.001850127 0.999997377 12.926198959
0.999998033 0.001361401 -0.001450483 0.277854770 -0.001358924 0.999997556 0.001707331 -0.413030386 0.001452804 -0.001705356 0.999997437 13.325492859
0.999998868 0.000832115 -0.001180726 0.285994351 -0.000829493 0.999997199 0.002219110 -0.427009344 0.001182569 -0.002218128 0.999996841 13.723948479
0.999998808 0.001150997 -0.001053137 0.292385280 -0.001148819 0.999997139 0.002066994 -0.437411845 0.001055513 -0.002065781 0.999997318 14.145500183
0.999999225 0.001097900 -0.000607032 0.300402761 -0.001096576 0.999997020 0.002176608 -0.452408969 0.000609420 -0.002175941 0.999997437 14.549990654
0.999999166 0.001057729 -0.000687810 0.311870605 -0.001056020 0.999996364 0.002479866 -0.463141352 0.000690430 -0.002479138 0.999996603 14.988472939
0.999999166 0.001204698 -0.000442244 0.320327252 -0.001203692 0.999996722 0.002266933 -0.473257065 0.000444974 -0.002266399 0.999997258 15.431425095
0.999999464 0.001039287 -0.000225726 0.330969870 -0.001038845 0.999997497 0.001949816 -0.485169202 0.000227752 -0.001949581 0.999998093 15.864031792
0.999999583 0.000878854 -0.000228405 0.342304528 -0.000878349 0.999997199 0.002200762 -0.497191995 0.000230339 -0.002200561 0.999997556 16.307394028
0.999999404 0.001049716 0.000373140 0.347960353 -0.001050464 0.999997437 0.002008613 -0.508232355 -0.000371030 -0.002009003 0.999997914 16.752283096
0.999999046 0.001222260 0.000595489 0.354986846 -0.001223561 0.999996841 0.002190339 -0.522120595 -0.000592810 -0.002191066 0.999997437 17.206605911
0.999998271 0.001525961 0.001069527 0.358963966 -0.001528342 0.999996364 0.002228796 -0.532454729 -0.001066123 -0.002230426 0.999996960 17.672210693
0.999997556 0.001530940 0.001598310 0.367877871 -0.001533974 0.999997020 0.001898457 -0.542614043 -0.001595399 -0.001900903 0.999996901 18.132566452
0.999998808 0.001035111 0.001159003 0.388106316 -0.001037605 0.999997199 0.002154087 -0.551878572 -0.001156770 -0.002155287 0.999997020 18.607076645
0.999997675 0.001487160 0.001544446 0.394503057 -0.001491213 0.999995351 0.002626628 -0.570231616 -0.001540532 -0.002628925 0.999995351 19.064104080
0.999998569 0.000858846 0.001502551 0.408612877 -0.000862000 0.999997437 0.002099257 -0.576661050 -0.001500744 -0.002100549 0.999996603 19.548900604
0.999998748 0.000708483 0.001332854 0.421828747 -0.000711912 0.999996305 0.002574082 -0.597708881 -0.001331025 -0.002575027 0.999995768 20.012157440
0.999998331 0.001134558 0.001452532 0.420911968 -0.001138579 0.999995470 0.002770759 -0.613312721 -0.001449381 -0.002772409 0.999995053 20.524595261
0.999997377 0.001635998 0.001630908 0.426235348 -0.001639776 0.999995947 0.002317482 -0.619243085 -0.001627109 -0.002320149 0.999996006 21.026748657
0.999997854 0.001348860 0.001616984 0.431247145 -0.001351357 0.999997914 0.001544337 -0.620332837 -0.001614897 -0.001546519 0.999997497 21.540460587
0.999998450 0.001536507 0.000851786 0.436625153 -0.001538950 0.999994636 0.002875464 -0.652868330 -0.000847364 -0.002876771 0.999995530 22.017971039
0.999999523 0.000876004 0.000293927 0.449612081 -0.000877020 0.999993503 0.003475263 -0.672817171 -0.000290881 -0.003475520 0.999993920 22.528379440
0.999998987 0.001328543 -0.000477179 0.460024685 -0.001326710 0.999991775 0.003821557 -0.689974308 0.000482252 -0.003820920 0.999992669 23.044704437
0.999998748 0.001555427 -0.000448570 0.466283619 -0.001553878 0.999992967 0.003433200 -0.703046858 0.000453907 -0.003432498 0.999994040 23.573402405
0.999999464 0.000250805 -0.001028797 0.467132241 -0.000247680 0.999995351 0.003036454 -0.719609141 0.001029553 -0.003036197 0.999994874 24.103719711
0.999998808 0.000709195 -0.001364348 0.473065943 -0.000704021 0.999992549 0.003788647 -0.734212637 0.001367024 -0.003787682 0.999991953 24.641315460
0.999995947 0.001619139 -0.002350810 0.483985841 -0.001610891 0.999992669 0.003506555 -0.746655464 0.002356470 -0.003502754 0.999991059 25.180921555
0.999995232 0.001692085 -0.002582375 0.482006043 -0.001684511 0.999994278 0.002932459 -0.750954866 0.002587322 -0.002928094 0.999992371 25.736009598
0.999995112 0.002112187 -0.002336786 0.499839306 -0.002104192 0.999991953 0.003418651 -0.774499357 0.002343989 -0.003413717 0.999991357 26.277652740
0.999993563 0.001229724 -0.003344447 0.500953734 -0.001214929 0.999989510 0.004422300 -0.795769155 0.003349850 -0.004418209 0.999984622 26.817998886
0.999993145 0.000823640 -0.003599483 0.511318564 -0.000804908 0.999986172 0.005202323 -0.817151546 0.003603717 -0.005199390 0.999980032 27.366508484
0.999989808 0.002534712 -0.003732795 0.518964171 -0.002517000 0.999985576 0.004742074 -0.831103325 0.003744761 -0.004732631 0.999981761 27.921722412
0.999990225 0.001979423 -0.003956543 0.515254498 -0.001961048 0.999987304 0.004642920 -0.844448864 0.003965683 -0.004635116 0.999981344 28.463392258
0.999988854 0.002356252 -0.004091434 0.522255540 -0.002337066 0.999986351 0.004687916 -0.858076096 0.004102424 -0.004678301 0.999980628 29.003858566
0.999987423 0.002138336 -0.004530794 0.531297624 -0.002114644 0.999984086 0.005227400 -0.877686381 0.004541900 -0.005217753 0.999976099 29.546285629
0.999985576 0.002304273 -0.004839561 0.534821451 -0.002279539 0.999984443 0.005109970 -0.885512888 0.004851261 -0.005098865 0.999975145 30.089820862
0.999985278 0.002369368 -0.004883711 0.545787990 -0.002343090 0.999982774 0.005379426 -0.903472185 0.004896373 -0.005367903 0.999973536 30.631969452
0.999983191 0.002360709 -0.005297705 0.550326824 -0.002333693 0.999984205 0.005100257 -0.913632154 0.005309661 -0.005087807 0.999972939 31.191455841
0.999981403 0.002465297 -0.005582504 0.557862043 -0.002437151 0.999984324 0.005042954 -0.923110664 0.005594849 -0.005029255 0.999971628 31.742532730
0.999979913 0.001880411 -0.006055862 0.574068427 -0.001846815 0.999982953 0.005548597 -0.942636430 0.006066191 -0.005537302 0.999966264 32.283645630
0.999979377 0.002333663 -0.005987534 0.578094959 -0.002301587 0.999983013 0.005358551 -0.951811612 0.005999937 -0.005344660 0.999967635 32.834648132
0.999972582 0.002578739 -0.006942552 0.590376377 -0.002543863 0.999984145 0.005027703 -0.968239248 0.006955407 -0.005009905 0.999963224 33.371280670
0.999977708 0.002746369 -0.006086075 0.586227477 -0.002714461 0.999982476 0.005244948 -0.974989891 0.006100373 -0.005228310 0.999967754 33.939937592
0.999977112 0.002772803 -0.006172638 0.588701367 -0.002740727 0.999982715 0.005198797 -0.988589585 0.006186946 -0.005181761 0.999967456 34.487781525
0.999975920 0.002713829 -0.006376351 0.601735353 -0.002678727 0.999981225 0.005507206 -1.004032135 0.006391177 -0.005489993 0.999964535 35.023094177
0.999979079 0.002037993 -0.006131811 0.605446219 -0.002006638 0.999984920 0.005115320 -1.012141347 0.006142144 -0.005102909 0.999968112 35.570846558
0.999977827 0.002874187 -0.006008028 0.607487857 -0.002841398 0.999981046 0.005459146 -1.030363798 0.006023605 -0.005441953 0.999967098 36.105133057
0.999972403 0.002963147 -0.006814530 0.623380661 -0.002926286 0.999980986 0.005412864 -1.044747591 0.006830440 -0.005392773 0.999962091 36.667240143
0.999971151 0.003233163 -0.006888335 0.630721807 -0.003196113 0.999980450 0.005382916 -1.057171226 0.006905605 -0.005360744 0.999961734 37.214511871
0.999970436 0.003119086 -0.007019450 0.633354783 -0.003081484 0.999980807 0.005361225 -1.071620464 0.007036038 -0.005339436 0.999961019 37.774780273
0.999973595 0.002936173 -0.006638659 0.636800408 -0.002903914 0.999983907 0.004863701 -1.079487562 0.006652833 -0.004844294 0.999966204 38.329849243
0.999968469 0.003146892 -0.007293520 0.651603460 -0.003108561 0.999981344 0.005260922 -1.093625903 0.007309939 -0.005238083 0.999959588 38.876289368
0.999964595 0.002956695 -0.007880906 0.666625023 -0.002912338 0.999979913 0.005633963 -1.111681342 0.007897406 -0.005610812 0.999953091 39.418758392
0.999964595 0.003067758 -0.007838520 0.679789066 -0.003021589 0.999978125 0.005895046 -1.127955794 0.007856433 -0.005871152 0.999951959 39.959800720
0.999959767 0.003215353 -0.008377991 0.698360801 -0.003163748 0.999976099 0.006165587 -1.148991704 0.008397614 -0.006138833 0.999945939 40.505706787
0.999960542 0.002917672 -0.008391936 0.693753719 -0.002869404 0.999979317 0.005758033 -1.153550386 0.008408563 -0.005733726 0.999948204 41.070827484
0.999956727 0.002875899 -0.008848319 0.705677748 -0.002821671 0.999977231 0.006135060 -1.166994810 0.008865761 -0.006109827 0.999942064 41.614356995
0.999953687 0.002985617 -0.009147483 0.725140810 -0.002927306 0.999975383 0.006381243 -1.188178062 0.009166309 -0.006354170 0.999937773 42.154098511
0.999951184 0.003358945 -0.009291653 0.717812300 -0.003305190 0.999977767 0.005794592 -1.186290503 0.009310910 -0.005763599 0.999939978 42.731101990
0.999950826 0.003135914 -0.009406945 0.726125479 -0.003079157 0.999976933 0.006041975 -1.200126767 0.009425675 -0.006012714 0.999937475 43.269554138
0.999948025 0.003817297 -0.009447753 0.736688137 -0.003759112 0.999973953 0.006168703 -1.216328740 0.009471055 -0.006132867 0.999936342 43.821216583
0.999952376 0.002914442 -0.009305487 0.730242610 -0.002860680 0.999979198 0.005785455 -1.221397877 0.009322156 -0.005758559 0.999939919 44.375102997
0.999953032 0.002628193 -0.009329540 0.741040349 -0.002582024 0.999984443 0.004957318 -1.226851225 0.009342423 -0.004932996 0.999944150 44.925212860
0.999954939 0.003144432 -0.008956585 0.746770740 -0.003099555 0.999982595 0.005019934 -1.233501673 0.008972215 -0.004991946 0.999947250 45.456592560
0.999950945 0.002612377 -0.009551922 0.754236758 -0.002550772 0.999975920 0.006455998 -1.264627457 0.009568557 -0.006431316 0.999933541 46.002456665
0.999949396 0.002482288 -0.009746724 0.763270259 -0.002426423 0.999980628 0.005739367 -1.272370815 0.009760781 -0.005715427 0.999936044 46.548828125
0.999944031 0.002738954 -0.010216180 0.780349612 -0.002672981 0.999975562 0.006465835 -1.295021772 0.010233641 -0.006438165 0.999926865 47.066688538
0.999945700 0.002054428 -0.010214130 0.770148695 -0.001994210 0.999980569 0.005902246 -1.293717623 0.010226058 -0.005881557 0.999930441 47.645027161
0.999944091 0.003183465 -0.010079705 0.770319939 -0.003120147 0.999975324 0.006291188 -1.308114767 0.010099486 -0.006259387 0.999929488 48.195102692
0.999942064 0.001800221 -0.010612101 0.789594710 -0.001740948 0.999982834 0.005592007 -1.312469721 0.010621986 -0.005573208 0.999928057 48.737384796
0.999945223 0.002475908 -0.010163542 0.775912404 -0.002412505 0.999977589 0.006245732 -1.325901151 0.010178777 -0.006220871 0.999928832 49.270565033
0.999941349 0.002627585 -0.010502259 0.789989829 -0.002561028 0.999976635 0.006345809 -1.341534376 0.010518689 -0.006318540 0.999924719 49.815746307
0.999945104 0.002710638 -0.010123450 0.794382513 -0.002641533 0.999973118 0.006833448 -1.357822895 0.010141702 -0.006806329 0.999925375 50.359630585
0.999946117 0.002349152 -0.010103093 0.786990047 -0.002293479 0.999982059 0.005518557 -1.359785318 0.010115875 -0.005495088 0.999933720 50.925636292
0.999949694 0.002479821 -0.009718289 0.791379988 -0.002418780 0.999977291 0.006287756 -1.376047730 0.009733659 -0.006263933 0.999933064 51.481109619
0.999942064 0.002206930 -0.010533138 0.808124542 -0.002147530 0.999981701 0.005647297 -1.383040190 0.010545410 -0.005624349 0.999928534 52.017791748
0.999940097 0.002469804 -0.010662870 0.812422693 -0.002406379 0.999979377 0.005957003 -1.400409937 0.010677363 -0.005930988 0.999925375 52.566989899
0.999942660 0.001987633 -0.010523545 0.814352274 -0.001923342 0.999979496 0.006115856 -1.412421227 0.010535485 -0.006095266 0.999925911 53.108749390
0.999944508 0.002371259 -0.010261504 0.815113485 -0.002309504 0.999979198 0.006025865 -1.422254682 0.010275579 -0.006001831 0.999929190 53.667091370
0.999947727 0.002402888 -0.009928982 0.821998000 -0.002348479 0.999982238 0.005487883 -1.431519508 0.009941990 -0.005464278 0.999935627 54.215110779
0.999949157 0.002293056 -0.009817915 0.815995514 -0.002237354 0.999981284 0.005680680 -1.438330173 0.009830758 -0.005658425 0.999935687 54.763015747
0.999949992 0.002966659 -0.009548170 0.813132524 -0.002914259 0.999980569 0.005497149 -1.451010466 0.009564293 -0.005469049 0.999939322 55.313980103
0.999951661 0.002630236 -0.009473000 0.824238181 -0.002576460 0.999980509 0.005684436 -1.461839914 0.009487766 -0.005659755 0.999938965 55.849811554
0.999943733 0.002523266 -0.010299482 0.834655106 -0.002463348 0.999979973 0.005826180 -1.478650331 0.010313977 -0.005800482 0.999929905 56.394653320
0.999947548 0.001999845 -0.010044470 0.849555731 -0.001939049 0.999979794 0.006058723 -1.497094393 0.010056383 -0.006038929 0.999931157 56.929992676
0.999944687 0.002886740 -0.010113047 0.849686801 -0.002828081 0.999979138 0.005809720 -1.500133872 0.010129607 -0.005780798 0.999931991 57.489589691
0.999944746 0.002719387 -0.010151691 0.854693651 -0.002659462 0.999979019 0.005911856 -1.517662764 0.010167555 -0.005884531 0.999930978 58.027954102
0.999947309 0.002635073 -0.009919205 0.863472581 -0.002580499 0.999981463 0.005510632 -1.526667833 0.009933541 -0.005484746 0.999935627 58.566802979
0.999944389 0.002792951 -0.010170465 0.864948452 -0.002743654 0.999984443 0.004857778 -1.524271965 0.010183875 -0.004829604 0.999936402 59.134395599
0.999942720 0.002343924 -0.010440428 0.875331521 -0.002291924 0.999984920 0.004989802 -1.539727688 0.010451965 -0.004965588 0.999933004 59.679088593
0.999939919 0.002723760 -0.010624483 0.881108761 -0.002672795 0.999984860 0.004808158 -1.547130823 0.010637418 -0.004779472 0.999931991 60.229877472
0.999938369 0.002774723 -0.010748385 0.887653232 -0.002724416 0.999985397 0.004692220 -1.559817553 0.010761246 -0.004662648 0.999931216 60.764945984
0.999939799 0.003049975 -0.010536645 0.896787465 -0.002993989 0.999981403 0.005325108 -1.581474662 0.010552689 -0.005293242 0.999930322 61.312294006
0.999935508 0.002833724 -0.010990627 0.902176380 -0.002779720 0.999983966 0.004925865 -1.584374309 0.011004409 -0.004894997 0.999927461 61.869270325
0.999938846 0.003008527 -0.010643404 0.904449344 -0.002957353 0.999984026 0.004820643 -1.603317976 0.010657737 -0.004788872 0.999931753 62.402626038
0.999939144 0.003706919 -0.010389274 0.908413589 -0.003655019 0.999980748 0.005010034 -1.621607542 0.010407648 -0.004971756 0.999933481 62.946846008
0.999944985 0.003965580 -0.009713729 0.904030561 -0.003913401 0.999977827 0.005384839 -1.637997866 0.009734869 -0.005346529 0.999938309 63.496749878
0.999937832 0.003150490 -0.010697379 0.914263844 -0.003097279 0.999982774 0.004987102 -1.643009901 0.010712907 -0.004953660 0.999930263 64.035507202
0.999938548 0.003003893 -0.010673113 0.914025009 -0.002956721 0.999985754 0.004432811 -1.652525425 0.010686276 -0.004400981 0.999933183 64.583358765
0.999933600 0.003932235 -0.010834015 0.923906982 -0.003876140 0.999979019 0.005193850 -1.665845513 0.010854210 -0.005151512 0.999927759 65.116828918
0.999938071 0.003016636 -0.010710537 0.924187660 -0.002968541 0.999985456 0.004503567 -1.669502735 0.010723964 -0.004471494 0.999932468 65.649101257
0.999935806 0.003242790 -0.010854940 0.938691258 -0.003190946 0.999983370 0.004789963 -1.688216209 0.010870294 -0.004755018 0.999929607 66.226562500
0.999937415 0.003479984 -0.010632903 0.937370777 -0.003434268 0.999984741 0.004314626 -1.694219947 0.010647757 -0.004277840 0.999934196 66.781593323
0.999933779 0.003601690 -0.010928246 0.948849082 -0.003547035 0.999981105 0.005016445 -1.718955755 0.010946107 -0.004977351 0.999927700 67.324539185
0.999934912 0.003447104 -0.010871143 0.952142537 -0.003391291 0.999980986 0.005148355 -1.730013490 0.010888682 -0.005111153 0.999927640 67.855987549
0.999931455 0.003821619 -0.011062309 0.962274134 -0.003767536 0.999980927 0.004905650 -1.744639158 0.011080843 -0.004863636 0.999926805 68.387168884
0.999929845 0.003892359 -0.011182752 0.970525920 -0.003835634 0.999979675 0.005089471 -1.760187030 0.011202336 -0.005046221 0.999924481 68.935272217
0.999931753 0.003451752 -0.011158239 0.969077766 -0.003397325 0.999982238 0.004893047 -1.768294096 0.011174929 -0.004854805 0.999925792 69.489654541
0.999929726 0.003460431 -0.011335266 0.977920413 -0.003407174 0.999983072 0.004714312 -1.775974035 0.011351386 -0.004675360 0.999924660 70.034614563
0.999940395 0.003350983 -0.010385218 0.965385914 -0.003300725 0.999982715 0.004852710 -1.791745424 0.010401298 -0.004818142 0.999934256 70.574256897
0.999937356 0.003192778 -0.010728650 0.976866841 -0.003134953 0.999980390 0.005402331 -1.807435155 0.010745691 -0.005368358 0.999927819 71.120704651
0.999936104 0.004063283 -0.010550588 0.975029051 -0.004009284 0.999978781 0.005134210 -1.822322845 0.010571226 -0.005091581 0.999931157 71.658325195
0.999935389 0.003892754 -0.010681277 0.984838307 -0.003841257 0.999980867 0.004837582 -1.833006740 0.010699905 -0.004796239 0.999931276 72.204284668
0.999937356 0.003998114 -0.010449531 0.982902408 -0.003947586 0.999980450 0.004851497 -1.843272924 0.010468721 -0.004809943 0.999933660 72.746658325
0.999939024 0.003967689 -0.010297810 0.989726841 -0.003914440 0.999978840 0.005185972 -1.861633778 0.010318168 -0.005145346 0.999933541 73.294006348
0.999941349 0.003907735 -0.010099284 0.991149485 -0.003857615 0.999980152 0.004977521 -1.870439410 0.010118536 -0.004938270 0.999936581 73.842597961
0.999935746 0.004019704 -0.010594915 0.996344924 -0.003965735 0.999979079 0.005109990 -1.883145094 0.010615233 -0.005067646 0.999930739 74.366142273
0.999934375 0.003957917 -0.010752092 1.004720926 -0.003899575 0.999977589 0.005441750 -1.895659924 0.010773391 -0.005399465 0.999927402 74.904037476
0.999939382 0.003592076 -0.010415345 1.008726120 -0.003533177 0.999977708 0.005667962 -1.910946488 0.010435473 -0.005630819 0.999929726 75.440330505
0.999937415 0.003809777 -0.010520026 1.010202169 -0.003754732 0.999979138 0.005247145 -1.920526385 0.010539798 -0.005207316 0.999930918 75.996971130
0.999930501 0.004589481 -0.010862513 1.017377734 -0.004533462 0.999976337 0.005176046 -1.934217691 0.010886012 -0.005126441 0.999927640 76.543952942
0.999928594 0.004635264 -0.011012308 1.030989170 -0.004574870 0.999974430 0.005503019 -1.955374599 0.011037532 -0.005452246 0.999924302 77.071319580
0.999935389 0.003234677 -0.010895249 1.030346632 -0.003180292 0.999982417 0.005005275 -1.954726934 0.010911249 -0.004970302 0.999928117 77.643211365
0.999929845 0.003650197 -0.011269226 1.041658044 -0.003585775 0.999977171 0.005731451 -1.973916054 0.011289888 -0.005690641 0.999920070 78.184585571
0.999929130 0.003535917 -0.011366257 1.050041676 -0.003473736 0.999979019 0.005485784 -1.987529993 0.011385417 -0.005445912 0.999920309 78.732330322
0.999932170 0.003578568 -0.011082634 1.050287127 -0.003521928 0.999980628 0.005126074 -1.994273067 0.011100763 -0.005086693 0.999925435 79.275566101
0.999932408 0.004231658 -0.010838757 1.050569534 -0.004179120 0.999979377 0.004865376 -2.004307270 0.010859124 -0.004819749 0.999929428 79.825035095
0.999926388 0.003484319 -0.011623723 1.064686537 -0.003431131 0.999983549 0.004592679 -2.016091824 0.011639534 -0.004552458 0.999921918 80.355194092
0.999942064 0.003472084 -0.010190428 1.068457484 -0.003423807 0.999982953 0.004751156 -2.026903629 0.010206751 -0.004715991 0.999936700 80.911781311
0.999948204 0.003806949 -0.009443143 1.073893785 -0.003762640 0.999981880 0.004705518 -2.040326357 0.009460886 -0.004669742 0.999944270 81.455612183
0.999961078 0.003954771 -0.007886939 1.076808453 -0.003915454 0.999979854 0.004994195 -2.056066513 0.007906531 -0.004963120 0.999956429 81.992660522
0.999972701 0.003790797 -0.006344852 1.082569480 -0.003761575 0.999982297 0.004611125 -2.062974453 0.006362220 -0.004587132 0.999969244 82.540267944
0.999987364 0.003853923 -0.003226880 1.098217845 -0.003840330 0.999983788 0.004208269 -2.074211597 0.003243045 -0.004195823 0.999985993 83.092384338
0.999993265 0.003661235 0.000144991 1.110885859 -0.003661866 0.999982595 0.004622631 -2.087406397 -0.000128064 -0.004623131 0.999989331 83.629219055
0.999984980 0.004421330 0.003227638 1.124508262 -0.004436626 0.999978840 0.004747331 -2.102367163 -0.003206580 -0.004761579 0.999983609 84.184379578
0.999957204 0.004220923 0.008234964 1.145902038 -0.004259306 0.999980152 0.004648983 -2.117187023 -0.008215177 -0.004683860 0.999955297 84.736328125
0.999895334 0.003870158 0.013944906 1.169773340 -0.003935162 0.999981582 0.004637012 -2.130216599 -0.013926703 -0.004691401 0.999892056 85.290695190
0.999803603 0.003554169 0.019499369 1.197047949 -0.003653008 0.999980628 0.005035566 -2.146579266 -0.019481093 -0.005105808 0.999797165 85.825447083
0.999677598 0.003449574 0.025155380 1.227580309 -0.003563788 0.999983490 0.004496900 -2.151352406 -0.025139451 -0.004585098 0.999673367 86.365577698
0.999447882 0.002966881 0.033089817 1.264827490 -0.003119815 0.999984741 0.004571125 -2.166465044 -0.033075742 -0.004671835 0.999441862 86.912612915
0.999126673 0.004631996 0.041525327 1.299323559 -0.004831241 0.999977291 0.004699099 -2.182825565 -0.041502621 -0.004895614 0.999126375 87.462234497
0.998816073 0.003364756 0.048529860 1.339421988 -0.003599917 0.999982178 0.004759113 -2.194854259 -0.048512984 -0.004928182 0.998810351 88.017356873
0.998356462 0.003393013 0.057209693 1.392649651 -0.003661843 0.999982774 0.004594839 -2.204085112 -0.057193115 -0.004796780 0.998351634 88.570480347
0.997694075 0.004515630 0.067721479 1.447865486 -0.004821637 0.999978840 0.004355838 -2.214658260 -0.067700386 -0.004672322 0.997694790 89.101852417
0.997084737 0.003517863 0.076221116 1.500263691 -0.003881798 0.999981880 0.004627104 -2.233330488 -0.076203458 -0.004909490 0.997080326 89.678565979
0.996456981 0.003125059 0.084047109 1.567492485 -0.003515119 0.999983728 0.004493385 -2.246152401 -0.084031701 -0.004772899 0.996451676 90.220497131
0.995504797 0.003189688 0.094656967 1.641185760 -0.003657469 0.999981940 0.004768777 -2.264876366 -0.094640054 -0.005093545 0.995498538 90.750259399
0.994345129 0.003293549 0.106145792 1.708786488 -0.003817042 0.999981523 0.004729051 -2.274809122 -0.106128253 -0.005107471 0.994339347 91.366653442
0.993385613 0.002400649 0.114800990 1.794877052 -0.002913102 0.999986470 0.004296276 -2.281628847 -0.114789128 -0.004602286 0.993379235 91.915466309
0.992063642 0.002684125 0.125707448 1.884160995 -0.003279857 0.999984324 0.004532308 -2.294828415 -0.125693321 -0.004908640 0.992056966 92.440567017
0.990356803 0.002465920 0.138518214 1.976093292 -0.003124375 0.999984741 0.004536327 -2.313809872 -0.138504893 -0.004925365 0.990349472 93.033096313
0.988751233 0.002746099 0.149544835 2.075483322 -0.003492987 0.999982595 0.004731985 -2.330127716 -0.149529234 -0.005201114 0.988743603 93.581527710
0.987153351 0.002259856 0.159759790 2.180680275 -0.003086447 0.999983251 0.004926011 -2.339137554 -0.159745991 -0.005355819 0.987143636 94.127929688
0.985049307 0.001521453 0.172266126 2.302464485 -0.002355109 0.999986589 0.004635073 -2.351830006 -0.172256783 -0.004971481 0.985039532 94.653381348
0.982732952 0.001621940 0.185022399 2.424577713 -0.002556156 0.999985099 0.004810785 -2.362341642 -0.185011879 -0.005200663 0.982722521 95.211097717
0.980744600 0.001627957 0.195287868 2.548484802 -0.002637073 0.999984503 0.004907437 -2.374038696 -0.195276856 -0.005327931 0.980733693 95.742858887
0.978077054 0.001205928 0.208239824 2.684577942 -0.002297218 0.999984920 0.004998790 -2.388529778 -0.208230659 -0.005367573 0.978065014 96.266746521
0.975094438 0.000851189 0.221788391 2.833724976 -0.001968996 0.999986470 0.004818914 -2.398532391 -0.221781284 -0.005135596 0.975082934 96.834129333
0.972467959 0.000427505 0.233036354 2.978137970 -0.001550206 0.999988079 0.004634582 -2.413366795 -0.233031616 -0.004868236 0.972457051 97.364044189
0.969668746 0.000361706 0.244422331 3.133794785 -0.001621491 0.999986470 0.004952935 -2.424123526 -0.244417191 -0.005199036 0.969656289 97.884620667
0.965786815 0.000344353 0.259337068 3.285690308 -0.001660565 0.999986827 0.004856241 -2.435200691 -0.259332001 -0.005120740 0.965774655 98.449798584
0.962374985 -0.000145047 0.271724880 3.454792023 -0.001217513 0.999987483 0.004845887 -2.446455479 -0.271722257 -0.004994389 0.962362766 98.974510193
0.959198594 -0.000754520 0.282732219 3.625459671 -0.000639986 0.999988079 0.004839862 -2.459646702 -0.282732546 -0.004823333 0.959186673 99.477058411
0.954865277 -0.000527968 0.297038704 3.814357758 -0.001030289 0.999986529 0.005089399 -2.479460478 -0.297037363 -0.005165727 0.954851806 100.051048279
0.950776279 -0.000824336 0.309876919 4.014427185 -0.000828349 0.999986112 0.005201740 -2.493339777 -0.309876949 -0.005202377 0.950762451 100.550270081
0.946843147 -0.001649545 0.321691215 4.206634521 0.000107868 0.999988437 0.004810176 -2.494066238 -0.321695417 -0.004519782 0.946832359 101.064804077
0.942199767 -0.002093701 0.335045040 4.418394089 0.000356018 0.999986172 0.005247748 -2.516469002 -0.335051447 -0.004825145 0.942187488 101.608581543
0.937200010 -0.001779971 0.348787874 4.638595581 0.000102395 0.999988377 0.004828108 -2.526764393 -0.348792434 -0.004489188 0.937189221 102.119918823
0.932465196 -0.002251893 0.361252934 4.850433350 0.000336062 0.999985576 0.005366029 -2.539945602 -0.361259758 -0.004882231 0.932452381 102.626686096
0.927777052 -0.002886356 0.373124182 5.080823898 0.001068834 0.999986529 0.005077872 -2.554551601 -0.373133868 -0.004312325 0.927767515 103.145172119
0.922069311 -0.003376026 0.387010276 5.318645477 0.001573732 0.999986410 0.004973743 -2.564351082 -0.387021840 -0.003977084 0.922061980 103.639129639
0.916187763 -0.002962421 0.400738299 5.562774658 0.001036103 0.999986768 0.005023519 -2.578294039 -0.400747836 -0.004187280 0.916178823 104.166496277
0.911358356 -0.003625490 0.411597878 5.810485840 0.001543986 0.999984324 0.005389502 -2.597635508 -0.411610961 -0.004276266 0.911349535 104.639190674
0.905424178 -0.004215547 0.424486965 6.069484711 0.002107048 0.999983013 0.005436453 -2.608395576 -0.424502611 -0.004027882 0.905417740 105.127563477
0.898510218 -0.003873855 0.438935488 6.330837250 0.001759618 0.999984801 0.005223461 -2.616972446 -0.438948989 -0.003920975 0.898503423 105.652557373
0.892656505 -0.004195343 0.450718045 6.597259521 0.002255153 0.999985635 0.004841623 -2.626608610 -0.450731933 -0.003305468 0.892653227 106.141616821
0.887160182 -0.004586692 0.461438686 6.869083405 0.002316471 0.999982297 0.005486168 -2.641860485 -0.461455613 -0.003798201 0.887155235 106.616333008
0.879832864 -0.005222822 0.475254446 7.149673462 0.003116764 0.999981463 0.005219296 -2.648639202 -0.475272983 -0.003110852 0.879832923 107.118675232
0.872811735 -0.005711717 0.488023520 7.436233521 0.003455408 0.999978781 0.005523657 -2.664043903 -0.488044739 -0.003134793 0.872812927 107.578140259
0.867259800 -0.006570172 0.497812331 7.732315063 0.004438800 0.999975324 0.005464741 -2.673563957 -0.497835904 -0.002529662 0.867267549 108.057411194
