1.000000000 0.000000000 0.000000000 0.000000000 0.000000000 1.000000000 0.000000000 0.000000000 0.000000000 0.000000000 1.000000000 0.000000000
1.000000000 0.000010798 0.000046702 0.000213118 -0.000010803 1.000000000 0.000097919 -0.000514552 -0.000046701 -0.000097919 1.000000000 -0.000363717
1.000000000 0.000024103 -0.000106235 0.001120456 -0.000024095 1.000000000 0.000067998 -0.000886229 0.000106237 -0.000067995 1.000000000 -0.001310247
1.000000000 0.000063175 -0.000052188 0.000428402 -0.000063173 1.000000000 0.000041069 0.000005971 0.000052190 -0.000041065 1.000000000 0.001675919
1.000000000 0.000057899 0.000023149 -0.000434704 -0.000057900 1.000000000 0.000018530 0.000039835 -0.000023148 -0.000018531 1.000000000 -0.000011642
1.000000000 0.000043950 -0.000030245 -0.000408612 -0.000043950 1.000000000 0.000003334 -0.000153881 0.000030245 -0.000003333 1.000000000 -0.000060890
1.000000000 0.000087630 -0.000068398 0.000757863 -0.000087628 1.000000000 0.000032465 -0.000893760 0.000068401 -0.000032459 1.000000000 -0.001568006
1.000000000 -0.000009822 -0.000016404 0.000566407 0.000009821 1.000000000 -0.000054751 0.000323001 0.000016404 0.000054751 1.000000000 -0.000214596
1.000000000 -0.000047580 0.000096881 0.000502707 0.000047577 1.000000000 0.000029314 -0.000683440 -0.000096883 -0.000029309 1.000000000 -0.001596533
1.000000000 -0.000153555 -0.000019109 0.000851373 0.000153554 1.000000000 -0.000060358 0.001077104 0.000019118 0.000060355 1.000000000 0.001729681
1.000000000 -0.000069138 -0.000040025 0.000684074 0.000069139 1.000000000 0.000022205 0.000042453 0.000040024 -0.000022208 1.000000000 0.002217328
1.000000000 -0.000023327 0.000054224 0.000123880 0.000023336 1.000000000 -0.000163276 0.002145790 -0.000054220 0.000163277 1.000000000 0.003274899
1.000000000 -0.000117604 -0.000003070 0.000216498 0.000117604 1.000000000 0.000042609 0.000211503 0.000003065 -0.000042609 1.000000000 0.001371149
1.000000000 -0.000035466 0.000062489 0.000017486 0.000035461 1.000000000 0.000076629 0.000456353 -0.000062492 -0.000076627 1.000000000 0.001435020
1.000000000 -0.000119504 -0.000065119 0.000954018 0.000119510 1.000000000 0.000087153 -0.000576895 0.000065108 -0.000087161 1.000000000 0.000032767
1.000000000 -0.000022378 -0.000058500 0.000004465 0.000022378 1.000000000 0.000009915 -0.000071410 0.000058500 -0.000009917 1.000000000 -0.000121527
1.000000000 0.000171764 0.000128531 -0.001230182 -0.000171768 1.000000000 0.000031774 0.000194176 -0.000128525 -0.000031796 1.000000000 0.001201661
1.000000000 -0.000005307 -0.000240914 0.001244892 0.000005279 1.000000000 -0.000118220 0.000612114 0.000240914 0.000118219 0.999999940 0.000410300
1.000000000 -0.000171559 -0.000055466 0.000803941 0.000171558 1.000000000 -0.000014624 -0.000037773 0.000055469 0.000014614 1.000000000 0.000757171
1.000000000 -0.000054729 0.000038550 0.000443959 0.000054730 1.000000000 -0.000005411 0.000485917 -0.000038550 0.000005413 1.000000000 0.001819361
1.000000000 0.000059218 0.000032920 -0.000523149 -0.000059215 1.000000000 -0.000088619 0.000919681 -0.000032925 0.000088617 1.000000000 0.002405192
1.000000000 -0.000044754 -0.000055113 0.000474145 0.000044754 1.000000000 -0.000008184 0.000967549 0.000055114 0.000008182 1.000000000 0.000864444
1.000000000 -0.000142646 -0.000064683 0.001820433 0.000142644 1.000000000 -0.000024057 0.000636566 0.000064687 0.000024048 1.000000000 0.001871762
1.000000000 -0.000006714 0.000160929 -0.000238352 0.000006719 1.000000000 -0.000027377 0.001158791 -0.000160929 0.000027378 1.000000000 0.000328303
1.000000000 -0.000096680 -0.000100559 0.001847175 0.000096677 1.000000000 -0.000034729 0.000545626 0.000100562 0.000034719 1.000000000 0.000223656
1.000000000 0.000073864 -0.000023892 0.000743982 -0.000073866 1.000000000 -0.000085760 0.000522834 0.000023886 0.000085761 1.000000000 -0.000307469
1.000000000 -0.000017839 0.000064821 -0.000305510 0.000017847 1.000000000 -0.000122981 0.000175497 -0.000064819 0.000122983 1.000000000 -0.001309730
1.000000000 -0.000059231 -0.000051989 0.000325270 0.000059227 1.000000000 -0.000080530 0.000500862 0.000051994 0.000080527 1.000000000 0.000057729
1.000000000 -0.000052871 -0.000032769 -0.001019379 0.000052872 1.000000000 0.000009437 0.001125554 0.000032768 -0.000009439 1.000000000 0.002360452
1.000000000 0.000011635 0.000051372 -0.000884877 -0.000011632 1.000000000 -0.000057050 0.001511514 -0.000051372 0.000057049 1.000000000 0.001811430
1.000000000 0.000032822 -0.000004284 0.000005343 -0.000032822 1.000000000 0.000069895 0.000172426 0.000004286 -0.000069895 1.000000000 -0.000170507
1.000000000 0.000074223 0.000104327 -0.001703120 -0.000074235 1.000000000 0.000117208 -0.000027911 -0.000104318 -0.000117215 1.000000000 0.001383117
1.000000000 -0.000082441 0.000074069 -0.000987561 0.000082441 1.000000000 -0.000007694 0.000162197 -0.000074068 0.000007700 1.000000000 0.001358383
1.000000000 -0.000078600 0.000029400 -0.000485872 0.000078600 1.000000000 0.000011564 0.000949092 -0.000029401 -0.000011562 1.000000000 0.001675520
1.000000000 0.000045828 0.000130588 -0.001216207 -0.000045820 1.000000000 -0.000062524 0.001884482 -0.000130591 0.000062518 1.000000000 0.003058984
1.000000000 0.000095750 0.000172961 -0.002113298 -0.000095736 1.000000000 -0.000086147 0.002874907 -0.000172969 0.000086130 1.000000000 0.003774283
0.999999940 -0.000248884 0.000033462 -0.000266877 0.000248884 0.999999940 0.000012986 0.000852526 -0.000033465 -0.000012978 1.000000000 0.001890345
1.000000000 -0.000038420 0.000076966 -0.000942295 0.000038414 1.000000000 0.000077622 0.000629381 -0.000076969 -0.000077619 1.000000000 0.001088382
1.000000000 -0.000140790 -0.000026929 -0.000040832 0.000140789 1.000000000 -0.000030137 0.001195705 0.000026933 0.000030133 1.000000000 0.001518037
1.000000000 0.000052987 0.000236990 -0.001639439 -0.000052999 1.000000000 0.000051706 -0.000624891 -0.000236987 -0.000051718 1.000000000 0.001820361
0.999999940 -0.000083704 0.000277910 -0.000748087 0.000083903 0.999999762 -0.000714084 -0.001104808 -0.000277850 0.000714107 0.999999702 0.052183621
0.999999940 0.000242672 0.000234940 -0.000891972 -0.000242382 0.999999225 -0.001237255 -0.004650230 -0.000235240 0.001237198 0.999999225 0.132844940
0.999999881 0.000486977 -0.000009958 0.003143260 -0.000486991 0.999998868 -0.001427468 -0.004395558 0.000009263 0.001427473 0.999998987 0.253595948
0.999999940 0.000344190 0.000011722 0.004645466 -0.000344175 0.999999225 -0.001189793 -0.013295148 -0.000012131 0.001189789 0.999999285 0.382353455
0.999999881 0.000412735 0.000140132 0.006771964 -0.000412576 0.999999285 -0.001132372 -0.015949612 -0.000140599 0.001132314 0.999999344 0.527901828
1.000000000 0.000161872 0.000029110 0.013126616 -0.000161836 0.999999285 -0.001205212 -0.018309435 -0.000029305 0.001205207 0.999999285 0.680924892
1.000000000 0.000056588 0.000183114 0.016123932 -0.000056392 0.999999404 -0.001071898 -0.020850126 -0.000183175 0.001071888 0.999999404 0.851577938
0.999999821 0.000482977 0.000304233 0.013843191 -0.000482721 0.999999523 -0.000841825 -0.025332784 -0.000304640 0.000841678 0.999999583 1.019119620
0.999999881 0.000173778 0.000451475 0.015675621 -0.000173655 0.999999940 -0.000272910 -0.034507100 -0.000451522 0.000272832 0.999999881 1.190525770
0.999999881 0.000491189 0.000233753 0.020049213 -0.000491083 0.999999762 -0.000454905 -0.037937604 -0.000233976 0.000454790 0.999999881 1.376122594
0.999999940 0.000370320 0.000179273 0.029401135 -0.000370250 0.999999881 -0.000392796 -0.045565240 -0.000179418 0.000392730 0.999999881 1.569940448
0.999998868 0.001275406 0.000786585 0.022898659 -0.001275117 0.999999106 -0.000367954 -0.047676798 -0.000787054 0.000366951 0.999999642 1.768082261
0.999999881 0.000466549 -0.000037647 0.040246896 -0.000466566 0.999999762 -0.000470334 -0.049728084 0.000037427 0.000470351 0.999999881 1.957850099
0.999999464 0.000698275 0.000770298 0.030749381 -0.000697702 0.999999464 -0.000743909 -0.052248333 -0.000770817 0.000743371 0.999999404 2.178756714
0.999999225 0.000941018 0.000825597 0.030564861 -0.000940443 0.999999344 -0.000696336 -0.062653258 -0.000826251 0.000695559 0.999999404 2.386372089
0.999998868 0.001478211 0.000369225 0.035622150 -0.001477863 0.999998450 -0.000939681 -0.061977353 -0.000370613 0.000939135 0.999999464 2.627606869
0.999999583 0.000775474 0.000399623 0.043782849 -0.000775294 0.999999583 -0.000451273 -0.075363912 -0.000399973 0.000450963 0.999999821 2.846577168
0.999998927 0.001433076 0.000318718 0.046823494 -0.001432800 0.999998629 -0.000864857 -0.075633861 -0.000319957 0.000864399 0.999999583 3.087768316
0.999999225 0.001300180 -0.000033840 0.056889366 -0.001300220 0.999998450 -0.001205816 -0.079550877 0.000032272 0.001205859 0.999999285 3.324330807
0.999999762 0.000669290 0.000113863 0.060406148 -0.000669186 0.999999344 -0.000908975 -0.090984508 -0.000114471 0.000908898 0.999999583 3.561874151
0.999999166 0.001170312 0.000568044 0.061410230 -0.001169751 0.999998808 -0.000988802 -0.094676763 -0.000569201 0.000988136 0.999999344 3.832404137
0.999998868 0.001337336 0.000717185 0.063048959 -0.001336466 0.999998391 -0.001211605 -0.099867612 -0.000718804 0.001210645 0.999999046 4.092249870
0.999998450 0.001479871 0.000948896 0.066469111 -0.001479033 0.999998510 -0.000882909 -0.108730033 -0.000950201 0.000881504 0.999999166 4.345798016
0.999998748 0.001211185 0.001013552 0.071823180 -0.001210387 0.999998868 -0.000788028 -0.112371713 -0.001014505 0.000786800 0.999999166 4.597752571
0.999999166 0.001188314 0.000526746 0.083567277 -0.001187837 0.999998868 -0.000905604 -0.118234463 -0.000527822 0.000904978 0.999999464 4.866210938
0.999999166 0.001128490 0.000627779 0.087241121 -0.001127766 0.999998689 -0.001151862 -0.121466964 -0.000629078 0.001151153 0.999999166 5.131291866
0.999998033 0.001672466 0.001097198 0.089267597 -0.001671074 0.999997675 -0.001268612 -0.133652493 -0.001099318 0.001266776 0.999998569 5.387795925
0.999997556 0.001557805 0.001559910 0.086579047 -0.001556198 0.999998391 -0.001030668 -0.138163388 -0.001561513 0.001028238 0.999998271 5.659207821
0.999996722 0.001937856 0.001692910 0.090370283 -0.001935957 0.999997497 -0.001122408 -0.147371069 -0.001695081 0.001119127 0.999997914 5.926528454
0.999997973 0.001324736 0.001488470 0.101276107 -0.001323106 0.999998569 -0.001095847 -0.154006079 -0.001489920 0.001093876 0.999998331 6.202927113
0.999996185 0.002066373 0.001874574 0.101482794 -0.002064995 0.999997616 -0.000736636 -0.165747419 -0.001876092 0.000732762 0.999997973 6.476491451
0.999998271 0.001562485 0.000976408 0.113710828 -0.001561730 0.999998510 -0.000773600 -0.177181050 -0.000977616 0.000772073 0.999999166 6.771449089
0.999997914 0.001821265 0.000946164 0.119626276 -0.001820489 0.999998033 -0.000820840 -0.183774516 -0.000947657 0.000819116 0.999999166 7.070362568
0.999998748 0.001385251 0.000834016 0.130334392 -0.001384797 0.999998987 -0.000544145 -0.197948903 -0.000834769 0.000542990 0.999999464 7.362964630
0.999998808 0.001184720 0.001012868 0.135245919 -0.001183288 0.999998331 -0.001413951 -0.196999699 -0.001014541 0.001412751 0.999998510 7.674184799
0.999998093 0.001654220 0.001116594 0.144558966 -0.001653496 0.999998510 -0.000648746 -0.216733813 -0.001117665 0.000646899 0.999999166 7.974551201
0.999999046 0.000951400 0.000966636 0.149065971 -0.000951397 0.999999464 -0.000004362 -0.233717442 -0.000966639 0.000003443 0.999999523 8.297225952
0.999998927 0.000878359 0.001124385 0.156964898 -0.000878147 0.999999583 -0.000188897 -0.241484970 -0.001124551 0.000187910 0.999999344 8.626495361
0.999997795 0.001238314 0.001650130 0.154139593 -0.001237360 0.999998987 -0.000578991 -0.244630903 -0.001650846 0.000576948 0.999998450 8.974450111
0.999998510 0.000805692 0.001523203 0.164064854 -0.000805411 0.999999583 -0.000185114 -0.260777473 -0.001523352 0.000183887 0.999998868 9.301500320
0.999998152 0.001053242 0.001626545 0.166580334 -0.001052542 0.999999344 -0.000431071 -0.263067275 -0.001626998 0.000429358 0.999998569 9.656459808
0.999997199 0.001455986 0.001859135 0.168260619 -0.001456042 0.999998927 0.000028949 -0.282165855 -0.001859091 -0.000031656 0.999998271 9.989435196
0.999996245 0.001727097 0.002125241 0.175823182 -0.001727291 0.999998450 0.000089472 -0.293389976 -0.002125083 -0.000093143 0.999997735 10.350627899
0.999997735 0.001284867 0.001702460 0.189821213 -0.001285576 0.999999106 0.000415379 -0.307985246 -0.001701924 -0.000417566 0.999998391 10.697925568
0.999997973 0.001155618 0.001675051 0.200108305 -0.001156413 0.999999285 0.000473975 -0.316467226 -0.001674502 -0.000475911 0.999998391 11.066443443
0.999996603 0.001348121 0.002237450 0.200744674 -0.001347657 0.999999046 -0.000209064 -0.321555346 -0.002237729 0.000206048 0.999997437 11.449861526
0.999995410 0.001629663 0.002542325 0.205738038 -0.001629687 0.999998808 0.000007402 -0.331990659 -0.002542310 -0.000011545 0.999996781 11.830536842
0.999994040 0.002141461 0.002695025 0.214516014 -0.002141522 0.999997735 0.000019774 -0.344199657 -0.002694977 -0.000025545 0.999996364 12.215469360
0.999994874 0.001984239 0.002506746 0.224610418 -0.001983275 0.999997973 -0.000386883 -0.352879614 -0.002507508 0.000381910 0.999996781 12.607054710
0.999996006 0.001779643 0.002193971 0.236716583 -0.001779777 0.999998450 0.000058856 -0.367731363 -0.002193863 -0.000062760 0.999997556 12.999588013
0.999995172 0.002011796 0.002371226 0.242243767 -0.002011603 0.999997914 -0.000083954 -0.376840144 -0.002371389 0.000079183 0.999997199 13.403324127
0.999994397 0.001775390 0.002834128 0.247882292 -0.001775195 0.999998391 -0.000071490 -0.383560717 -0.002834250 0.000066458 0.999996066 13.821971893
0.999994516 0.001579848 0.002887205 0.257616132 -0.001579537 0.999998748 -0.000110062 -0.396894574 -0.002887375 0.000105501 0.999995828 14.231601715
0.999994755 0.001700103 0.002749102 0.272713959 -0.001700921 0.999998510 0.000295143 -0.411149144 -0.002748596 -0.000299817 0.999996185 14.647681236
0.999993742 0.001616648 0.003144165 0.279979348 -0.001617914 0.999998569 0.000399978 -0.422209948 -0.003143513 -0.000405062 0.999994993 15.084375381
0.999995172 0.001373950 0.002794163 0.297000259 -0.001374271 0.999998987 0.000112981 -0.437065780 -0.002794005 -0.000116821 0.999996006 15.514910698
0.999992371 0.001558921 0.003557484 0.303707302 -0.001558645 0.999998808 -0.000080381 -0.448322266 -0.003557605 0.000074836 0.999993682 15.954925537
0.999991655 0.001616911 0.003757257 0.315167427 -0.001617764 0.999998689 0.000223859 -0.462587059 -0.003756890 -0.000229935 0.999992907 16.397243500
0.999989688 0.001688636 0.004219671 0.321902931 -0.001688012 0.999998569 -0.000151559 -0.473310202 -0.004219921 0.000144434 0.999991059 16.844015121
0.999988675 0.001646673 0.004470398 0.332150280 -0.001646877 0.999998629 0.000041897 -0.487800658 -0.004470323 -0.000049259 0.999989986 17.302652359
0.999985635 0.001920743 0.004987848 0.339866519 -0.001921297 0.999998152 0.000106235 -0.499008089 -0.004987635 -0.000115816 0.999987543 17.765539169
0.999982774 0.002086511 0.005489798 0.349798858 -0.002084370 0.999997795 -0.000395620 -0.509423852 -0.005490611 0.000384171 0.999984920 18.235231400
0.999984562 0.001708214 0.005284133 0.370870709 -0.001708191 0.999998569 -0.000008941 -0.521276057 -0.005284140 -0.000000085 0.999985993 18.698213577
0.999983788 0.002176413 0.005256671 0.381553650 -0.002174547 0.999997497 -0.000360645 -0.531614602 -0.005257442 0.000349208 0.999986112 19.183509827
0.999982536 0.002655035 0.005282994 0.397789657 -0.002652221 0.999996364 -0.000539429 -0.543343127 -0.005284406 0.000525408 0.999985874 19.662971497
0.999984026 0.001881191 0.005338160 0.410331488 -0.001881113 0.999998212 -0.000019818 -0.559985578 -0.005338189 0.000009776 0.999985814 20.134653091
0.999984682 0.001859299 0.005208729 0.419521421 -0.001857532 0.999998212 -0.000344221 -0.570589125 -0.005209359 0.000334540 0.999986351 20.638177872
0.999984682 0.001811891 0.005235250 0.430132478 -0.001809056 0.999998212 -0.000546144 -0.581542134 -0.005236230 0.000536665 0.999986172 21.135171890
0.999987662 0.001725753 0.004648730 0.439261645 -0.001723122 0.999998391 -0.000569850 -0.588972926 -0.004649705 0.000561833 0.999989033 21.649133682
0.999991179 0.001619472 0.003881356 0.451296419 -0.001618551 0.999998689 -0.000240492 -0.611795723 -0.003881741 0.000234208 0.999992371 22.146493912
0.999993026 0.001694419 0.003340712 0.467992604 -0.001693312 0.999998510 -0.000334184 -0.623895586 -0.003341274 0.000328525 0.999994338 22.657917023
0.999993622 0.002181325 0.002820150 0.474643856 -0.002179342 0.999997318 -0.000706110 -0.635303378 -0.002821682 0.000699959 0.999995708 23.185052872
0.999997318 0.001610550 0.001706462 0.488614708 -0.001609394 0.999998450 -0.000678661 -0.652691483 -0.001707552 0.000675912 0.999998331 23.708333969
0.999998093 0.001061177 0.001587129 0.495263040 -0.001059473 0.999998868 -0.001074042 -0.666264296 -0.001588267 0.001072358 0.999998093 24.235349655
0.999997854 0.001765417 0.000984438 0.504784882 -0.001764565 0.999998093 -0.000866158 -0.680623651 -0.000985964 0.000864419 0.999999106 24.769378662
0.999996841 0.002478974 0.000473851 0.513924479 -0.002478692 0.999996722 -0.000594431 -0.698251724 -0.000475323 0.000593255 0.999999702 25.309440613
0.999998033 0.001993903 -0.000150076 0.524151623 -0.001993994 0.999997795 -0.000611051 -0.711244345 0.000148857 0.000611349 0.999999762 25.858497620
0.999998093 0.001881549 -0.000617859 0.537015259 -0.001881926 0.999998033 -0.000609785 -0.730675459 0.000616710 0.000610946 0.999999583 26.412145615
0.999997735 0.002001611 -0.000732872 0.537467241 -0.002001482 0.999997973 0.000177297 -0.746898592 0.000733225 -0.000175830 0.999999702 26.956552505
0.999998152 0.001549027 -0.001155204 0.553732932 -0.001548277 0.999998629 0.000650080 -0.772904575 0.001156209 -0.000648290 0.999999046 27.492666245
0.999994755 0.003157779 -0.000840342 0.553400636 -0.003158191 0.999994934 -0.000489842 -0.780520201 0.000838791 0.000492493 0.999999523 28.062101364
0.999995470 0.002465257 -0.001706972 0.559357822 -0.002465300 0.999996960 -0.000023340 -0.789223909 0.001706909 0.000027548 0.999998569 28.609371185
0.999995708 0.002100985 -0.002046545 0.569579124 -0.002101749 0.999997735 -0.000371565 -0.800466657 0.002045759 0.000375865 0.999997914 29.151638031
0.999994755 0.002062488 -0.002507084 0.579916298 -0.002061759 0.999997795 0.000293473 -0.823896348 0.002507684 -0.000288302 0.999996841 29.695487976
0.999993622 0.002309815 -0.002718504 0.583377302 -0.002308756 0.999997199 0.000392927 -0.837000966 0.002719404 -0.000386648 0.999996185 30.241960526
0.999992788 0.002312440 -0.002998107 0.597569287 -0.002311013 0.999997139 0.000479481 -0.857371628 0.002999208 -0.000472549 0.999995410 30.781949997
0.999991894 0.002295393 -0.003292832 0.602821410 -0.002294702 0.999997318 0.000213507 -0.868951201 0.003293313 -0.000205949 0.999994516 31.342420578
0.999991000 0.002462536 -0.003453635 0.611016750 -0.002461107 0.999997020 0.000417809 -0.882976592 0.003454652 -0.000409306 0.999993920 31.894277573
0.999989152 0.002030181 -0.004188517 0.627317071 -0.002028574 0.999997914 0.000387800 -0.901605248 0.004189295 -0.000379299 0.999991179 32.439407349
0.999989688 0.002522923 -0.003770368 0.625867903 -0.002521713 0.999996781 0.000325666 -0.910263419 0.003771177 -0.000316154 0.999992788 32.986175537
0.999987721 0.002901893 -0.004005193 0.633258045 -0.002901773 0.999995887 0.000035572 -0.927226722 0.004005279 -0.000023949 0.999992013 33.529575348
0.999987364 0.002720438 -0.004233078 0.643555403 -0.002720422 0.999996305 0.000009452 -0.939474165 0.004233088 0.000002064 0.999991059 34.090446472
0.999987900 0.002601222 -0.004172833 0.646235168 -0.002600915 0.999996603 0.000079150 -0.955465972 0.004173025 -0.000068296 0.999991298 34.639816284
0.999986351 0.002513585 -0.004581570 0.661585987 -0.002511976 0.999996781 0.000356888 -0.973442078 0.004582453 -0.000345374 0.999989390 35.174697876
0.999987125 0.002261263 -0.004545314 0.668802857 -0.002261723 0.999997497 -0.000096220 -0.986971498 0.004545084 0.000106499 0.999989629 35.721687317
0.999986351 0.002838958 -0.004396290 0.682842731 -0.002835529 0.999995589 0.000785941 -1.017373204 0.004398503 -0.000773464 0.999990046 36.262668610
0.999984443 0.003021504 -0.004685878 0.685056746 -0.003020852 0.999995410 0.000146273 -1.015924454 0.004686298 -0.000132116 0.999989033 36.813556671
0.999985456 0.003573306 -0.004045393 0.689932585 -0.003572681 0.999993563 0.000161717 -1.030662656 0.004045946 -0.000147262 0.999991834 37.357967377
0.999982178 0.002627102 -0.005357302 0.703415394 -0.002627278 0.999996543 -0.000025624 -1.048987389 0.005357217 0.000039699 0.999985635 37.924514771
0.999984145 0.002634545 -0.004976926 0.708513796 -0.002635733 0.999996543 -0.000232034 -1.061133504 0.004976297 0.000245148 0.999987543 38.476623535
0.999982238 0.002673001 -0.005319141 0.715657830 -0.002673288 0.999996364 -0.000046974 -1.080913782 0.005318996 0.000061193 0.999985814 39.026538849
0.999980330 0.002827622 -0.005603469 0.723810554 -0.002825965 0.999995887 0.000303547 -1.098123550 0.005604304 -0.000287706 0.999984264 39.565799713
0.999979675 0.002933879 -0.005663798 0.739183187 -0.002932729 0.999995589 0.000211387 -1.115520597 0.005664393 -0.000194772 0.999983966 40.106559753
0.999976516 0.002801367 -0.006263916 0.757163525 -0.002795694 0.999995649 0.000914309 -1.139527321 0.006266451 -0.000896775 0.999979973 40.645328522
0.999976337 0.002830410 -0.006262734 0.757855535 -0.002829333 0.999996006 0.000180680 -1.140872717 0.006263220 -0.000162956 0.999980390 41.217327118
0.999973357 0.003038014 -0.006635042 0.771996379 -0.003033768 0.999995232 0.000649820 -1.157479763 0.006636984 -0.000629673 0.999977767 41.765972137
0.999970257 0.002812760 -0.007186538 0.790041924 -0.002808588 0.999995947 0.000590623 -1.178617358 0.007188169 -0.000570422 0.999974012 42.302158356
0.999972403 0.003739125 -0.006417046 0.779958367 -0.003737430 0.999992967 0.000276205 -1.185873866 0.006418034 -0.000252214 0.999979377 42.878101349
0.999971151 0.003197240 -0.006888988 0.795149326 -0.003194410 0.999994755 0.000421815 -1.203605056 0.006890301 -0.000399797 0.999976218 43.412025452
0.999969900 0.003517109 -0.006915167 0.805755377 -0.003514674 0.999993801 0.000364311 -1.218524098 0.006916405 -0.000339996 0.999976039 43.965984344
0.999971509 0.003214426 -0.006819085 0.801049232 -0.003210614 0.999994636 0.000570016 -1.237054110 0.006820881 -0.000548107 0.999976575 44.518009186
0.999972641 0.003398325 -0.006567142 0.808077216 -0.003398324 0.999994218 0.000011228 -1.244610548 0.006567142 0.000011090 0.999978423 45.071380615
0.999975502 0.003589239 -0.006008657 0.810777664 -0.003589601 0.999993622 -0.000049476 -1.253922820 0.006008441 0.000071043 0.999981999 45.606243134
0.999972939 0.003268969 -0.006591846 0.819283962 -0.003262660 0.999994218 0.000967648 -1.286412716 0.006594970 -0.000946115 0.999977767 46.158458710
0.999972343 0.002886769 -0.006865504 0.830848217 -0.002884429 0.999995828 0.000350732 -1.298590064 0.006866486 -0.000330919 0.999976397 46.702915192
0.999970734 0.003565235 -0.006774033 0.839983106 -0.003560621 0.999993384 0.000693227 -1.313667893 0.006776460 -0.000669087 0.999976814 47.227039337
0.999975741 0.002586230 -0.006467248 0.827324271 -0.002582997 0.999996543 0.000508148 -1.323810458 0.006468540 -0.000491431 0.999978960 47.797088623
0.999972522 0.003387053 -0.006586993 0.834640741 -0.003382165 0.999993980 0.000753058 -1.342872381 0.006589504 -0.000730760 0.999978006 48.346900940
0.999972165 0.002493072 -0.007032499 0.852032006 -0.002488702 0.999996662 0.000630143 -1.352473855 0.007034048 -0.000612623 0.999975085 48.882312775
0.999977589 0.002915902 -0.006020381 0.839115798 -0.002912961 0.999995649 0.000497311 -1.363943100 0.006021806 -0.000479762 0.999981761 49.439132690
0.999974132 0.003585850 -0.006234918 0.855700970 -0.003582907 0.999993384 0.000483217 -1.382912040 0.006236611 -0.000460865 0.999980450 49.981014252
0.999973595 0.003773064 -0.006218601 0.862206936 -0.003765872 0.999992132 0.001167713 -1.403206468 0.006222960 -0.001144264 0.999979913 50.523929596
0.999978304 0.003004842 -0.005866408 0.861616969 -0.003004549 0.999995470 0.000058748 -1.410534739 0.005866558 -0.000041121 0.999982774 51.099346161
0.999979317 0.003041696 -0.005673050 0.870249867 -0.003038952 0.999995232 0.000492175 -1.428493977 0.005674521 -0.000474925 0.999983788 51.651901245
0.999976099 0.002818147 -0.006332361 0.888261795 -0.002813025 0.999995708 0.000817524 -1.449066162 0.006334638 -0.000799692 0.999979615 52.190776825
0.999976695 0.002728770 -0.006246983 0.893223226 -0.002728299 0.999996245 0.000083971 -1.460562944 0.006247190 -0.000066925 0.999980509 52.748958588
0.999978304 0.002923678 -0.005904038 0.895772517 -0.002922545 0.999995589 0.000200458 -1.474242449 0.005904599 -0.000183199 0.999982595 53.287139893
0.999979854 0.002734552 -0.005724879 0.901205540 -0.002734402 0.999996245 0.000034015 -1.490231395 0.005724949 -0.000018361 0.999983549 53.848918915
0.999981701 0.003337531 -0.005032968 0.910271406 -0.003336522 0.999994397 0.000208909 -1.505928397 0.005033636 -0.000192112 0.999987304 54.397052765
0.999982893 0.002508463 -0.005275514 0.916124821 -0.002507770 0.999996781 0.000137904 -1.518230081 0.005275843 -0.000124671 0.999986053 54.932933807
0.999980152 0.002556781 -0.005762512 0.923785567 -0.002556538 0.999996841 0.000049455 -1.538813710 0.005762619 -0.000034722 0.999983370 55.503433228
0.999979079 0.002954142 -0.005754309 0.931856275 -0.002954114 0.999995708 0.000013380 -1.554069757 0.005754323 0.000003619 0.999983430 56.052455902
0.999979794 0.003061796 -0.005570743 0.931653857 -0.003061543 0.999995232 0.000053806 -1.563625813 0.005570881 -0.000036750 0.999984503 56.596374512
0.999983132 0.002895781 -0.005031996 0.946226120 -0.002896374 0.999995649 -0.000110444 -1.579590797 0.005031655 0.000125016 0.999987364 57.131347656
0.999980509 0.003177859 -0.005370783 0.959717393 -0.003178723 0.999994934 -0.000152404 -1.591541171 0.005370271 0.000169473 0.999985576 57.702663422
0.999979556 0.003608191 -0.005271243 0.965896010 -0.003607466 0.999993503 0.000146953 -1.612981200 0.005271739 -0.000127934 0.999986112 58.243988037
0.999980211 0.003090543 -0.005476494 0.977818787 -0.003092628 0.999995172 -0.000372459 -1.623023033 0.005475316 0.000389388 0.999984920 58.789119720
0.999981940 0.003683467 -0.004746559 0.977519870 -0.003685585 0.999993205 -0.000437493 -1.633200169 0.004744914 0.000454979 0.999988675 59.340038300
0.999984324 0.003313175 -0.004497621 0.983038306 -0.003316547 0.999994218 -0.000742227 -1.648363829 0.004495136 0.000757132 0.999989629 59.879760742
0.999978304 0.003750081 -0.005401353 0.991136909 -0.003751433 0.999992847 -0.000240294 -1.671371698 0.005400413 0.000260551 0.999985397 60.423698425
0.999977767 0.004447193 -0.004973486 0.993245244 -0.004447486 0.999990046 -0.000047670 -1.685164094 0.004973225 0.000069788 0.999987662 60.978885651
0.999978960 0.004748606 -0.004396412 1.004628181 -0.004746857 0.999988616 0.000408251 -1.706587911 0.004398300 -0.000387373 0.999990284 61.514141083
0.999981999 0.003514508 -0.004860644 1.006945133 -0.003518028 0.999993563 -0.000715868 -1.706418395 0.004858098 0.000732955 0.999987900 62.068927765
0.999982595 0.003469837 -0.004767275 1.012665272 -0.003475614 0.999993145 -0.001203929 -1.719617844 0.004763065 0.001220477 0.999987900 62.624462128
0.999982536 0.004096168 -0.004259895 1.017340660 -0.004099188 0.999991357 -0.000700418 -1.739669800 0.004256989 0.000717868 0.999990702 63.174556732
0.999980330 0.003678022 -0.005067833 1.017107487 -0.003678711 0.999993205 -0.000126519 -1.756517410 0.005067333 0.000145160 0.999987125 63.664836884
0.999981463 0.003794705 -0.004772565 1.022203565 -0.003797611 0.999992669 -0.000599950 -1.771274447 0.004770254 0.000618063 0.999988377 64.223754883
0.999982655 0.004210222 -0.004101224 1.015415788 -0.004211861 0.999991059 -0.000391209 -1.787287116 0.004099540 0.000408476 0.999991477 64.770248413
0.999980927 0.003763544 -0.004891644 1.024208903 -0.003762016 0.999992788 0.000321796 -1.816594839 0.004892821 -0.000303388 0.999987900 65.270874023
0.999982536 0.003939045 -0.004407804 1.030366778 -0.003937106 0.999992132 0.000448512 -1.832856059 0.004409537 -0.000431150 0.999990106 65.827003479
0.999983132 0.003875988 -0.004313736 1.044477582 -0.003873245 0.999992251 0.000643913 -1.851108313 0.004316199 -0.000627194 0.999990463 66.366455078
0.999981999 0.003815745 -0.004627735 1.055800200 -0.003813732 0.999992609 0.000443685 -1.861300707 0.004629394 -0.000426028 0.999989152 66.901313782
0.999979496 0.004488753 -0.004557998 1.050053596 -0.004486136 0.999989748 0.000584302 -1.891317725 0.004560574 -0.000563842 0.999989450 67.456558228
0.999981701 0.004522082 -0.004027424 1.054434299 -0.004519384 0.999989569 0.000678641 -1.905949831 0.004030450 -0.000660427 0.999991715 68.004631042
0.999980927 0.004677477 -0.004037682 1.065831661 -0.004673393 0.999988616 0.001020404 -1.926849723 0.004042408 -0.001001515 0.999991357 68.557464600
0.999978065 0.004541629 -0.004819086 1.094126344 -0.004535043 0.999988794 0.001376438 -1.958335996 0.004825284 -0.001354553 0.999987364 69.091278076
0.999979258 0.004609429 -0.004508354 1.097604990 -0.004602672 0.999988317 0.001508094 -1.969223022 0.004515253 -0.001487312 0.999988675 69.646293640
0.999981880 0.004845541 -0.003563492 1.078489065 -0.004843226 0.999988079 0.000658005 -1.972911835 0.003566637 -0.000640734 0.999993384 70.183494568
0.999984324 0.004716393 -0.003046219 1.084376335 -0.004714106 0.999988675 0.000757461 -1.986783504 0.003049757 -0.000743089 0.999995053 70.739891052
0.999983728 0.005155793 -0.002429020 1.061624050 -0.005152811 0.999986112 0.001232516 -2.009324312 0.002435340 -0.001219979 0.999996305 71.256134033
0.999981880 0.005408041 -0.002629870 1.078047872 -0.005405584 0.999984980 0.000940569 -2.021254063 0.002634917 -0.000926336 0.999996126 71.808998108
0.999982417 0.005898074 0.000582049 1.007658124 -0.005899545 0.999979317 0.002558140 -2.059660196 -0.000566949 -0.002561529 0.999996543 72.283096313
0.999977350 0.006661331 0.000951534 1.014490962 -0.006663483 0.999975204 0.002276364 -2.073487043 -0.000936347 -0.002282653 0.999996901 72.832672119
0.999943376 0.009658565 0.004461334 0.927726507 -0.009699006 0.999911249 0.009133448 -2.223885298 -0.004372722 -0.009176202 0.999948263 73.020271301
0.999938905 0.009899587 0.004918410 0.933416367 -0.009944229 0.999908864 0.009136389 -2.232316494 -0.004827515 -0.009184740 0.999946117 73.569145203
0.999928832 0.008875784 0.007964800 0.863148212 -0.008850632 0.999955714 -0.003187612 -2.014435530 -0.007992740 0.003116891 0.999963224 74.882171631
0.999985695 0.004854595 0.002211798 0.998077810 -0.004855399 0.999988139 0.000357600 -2.101040840 -0.002210036 -0.000368334 0.999997437 75.203910828
0.999985158 0.004728837 0.002691373 1.004147649 -0.004730630 0.999988556 0.000659246 -2.120490551 -0.002688225 -0.000671968 0.999996126 75.746185303
0.999988794 0.004632499 0.000988699 1.050611734 -0.004632545 0.999989271 0.000044051 -2.135612011 -0.000988484 -0.000048631 0.999999523 76.262413025
0.999984205 0.005492010 0.001255982 1.056824446 -0.005492272 0.999984920 0.000205591 -2.149883032 -0.001254834 -0.000212486 0.999999225 76.815155029
0.999986291 0.005040339 0.001411467 1.072125912 -0.005040329 0.999987245 -0.000010409 -2.168246269 -0.001411501 0.000003294 0.999998987 77.356353760
0.999989688 0.004301284 -0.001475299 1.152987123 -0.004301181 0.999990761 0.000073712 -2.183052063 0.001475603 -0.000067366 0.999998927 77.873626709
0.999990344 0.004139768 -0.001461445 1.163442254 -0.004139176 0.999991417 0.000408407 -2.205456734 0.001463123 -0.000402354 0.999998868 78.411338806
0.999985933 0.005290208 -0.000550449 1.167620420 -0.005290080 0.999986053 0.000235294 -2.217070103 0.000551686 -0.000232379 0.999999881 78.973510742
0.999984682 0.004521476 -0.003198325 1.228598952 -0.004521396 0.999989808 0.000032194 -2.228424072 0.003198438 -0.000017733 0.999994874 79.518356323
0.999985695 0.004595370 -0.002746194 1.232949376 -0.004596560 0.999989331 -0.000427239 -2.240865469 0.002744202 0.000439856 0.999996185 80.069549561
0.999981761 0.004982211 -0.003420276 1.255105019 -0.004982929 0.999987483 -0.000201448 -2.257582426 0.003419230 0.000218488 0.999994159 80.607765198
0.999985814 0.004798473 -0.002302564 1.265718937 -0.004798827 0.999988496 -0.000148709 -2.271125078 0.002301824 0.000159756 0.999997318 81.155372620
0.999984443 0.005450126 -0.001252265 1.276789427 -0.005450367 0.999985099 -0.000188372 -2.289132357 0.001251220 0.000195195 0.999999166 81.693725586
0.999985754 0.005325017 -0.000364819 1.292046189 -0.005325015 0.999985814 0.000012725 -2.307488441 0.000364883 -0.000010782 0.999999881 82.221618652
0.999985874 0.005211710 0.001029961 1.302601337 -0.005211616 0.999986351 -0.000092015 -2.321247578 -0.001030427 0.000086646 0.999999464 82.758842468
0.999977708 0.005415349 0.003895311 1.321300983 -0.005414221 0.999985278 -0.000299721 -2.334590912 -0.003896878 0.000278625 0.999992371 83.314529419
0.999963641 0.004625993 0.007158893 1.351058245 -0.004628622 0.999989212 0.000350869 -2.353899717 -0.007157192 -0.000383992 0.999974310 83.825302124
0.999928594 0.005458900 0.010617007 1.370816827 -0.005464786 0.999984860 0.000525638 -2.382174253 -0.010613978 -0.000583620 0.999943495 84.387832642
0.999853909 0.005005569 0.016338700 1.389422178 -0.005007685 0.999987364 0.000088636 -2.395365477 -0.016338052 -0.000170443 0.999866486 84.940292358
0.999749660 0.005061351 0.021791650 1.424655080 -0.005067467 0.999987125 0.000225458 -2.413107157 -0.021790229 -0.000335830 0.999762475 85.481376648
0.999624550 0.005061851 0.026925040 1.452622652 -0.005077349 0.999986947 0.000507248 -2.433621883 -0.026922122 -0.000643766 0.999637306 86.021232605
0.999453187 0.004764434 0.032719448 1.490508080 -0.004779307 0.999988496 0.000376367 -2.447309017 -0.032717284 -0.000532538 0.999464393 86.568290710
0.999151111 0.004226021 0.040977869 1.525773525 -0.004253572 0.999990821 0.000585173 -2.466953278 -0.040975019 -0.000758979 0.999159932 87.113807678
0.998770416 0.005309033 0.049289424 1.565680742 -0.005348031 0.999985456 0.000659356 -2.483427525 -0.049285199 -0.000922147 0.998784304 87.657012939
0.998376727 0.005211780 0.056716524 1.606198072 -0.005252997 0.999985993 0.000577652 -2.496221066 -0.056712728 -0.000874646 0.998390198 88.200805664
0.997840106 0.004864407 0.065508917 1.661546230 -0.004917145 0.999987662 0.000643852 -2.508238554 -0.065504983 -0.000964578 0.997851789 88.745147705
0.997139394 0.005132831 0.075409934 1.723593712 -0.005180409 0.999986470 0.000435336 -2.524333239 -0.075406678 -0.000824745 0.997152507 89.306930542
0.996454716 0.003917122 0.084039986 1.783764362 -0.003880138 0.999992251 -0.000603413 -2.525243521 -0.084041700 0.000275187 0.996462107 89.858360291
0.995728016 0.004833586 0.092207894 1.852809906 -0.004857335 0.999988139 0.000033127 -2.553324699 -0.092206657 -0.000480870 0.995739698 90.411155701
0.994678020 0.004669445 0.102926321 1.934669018 -0.004672242 0.999989033 -0.000213921 -2.563162565 -0.102926187 -0.000268114 0.994688928 90.953483582
0.993499875 0.004977765 0.113724276 2.006518364 -0.005047103 0.999987185 0.000321778 -2.584460974 -0.113721237 -0.000893664 0.993512273 91.509887695
0.992435515 0.004335187 0.122690119 2.097786903 -0.004395231 0.999990284 0.000218749 -2.599889755 -0.122687995 -0.000756346 0.992444932 92.053375244
0.990998566 0.004760255 0.133787811 2.192933083 -0.004891424 0.999987781 0.000651760 -2.621114254 -0.133783087 -0.001300306 0.991009772 92.585151672
0.989287555 0.004082026 0.145922884 2.286438942 -0.004113624 0.999991477 -0.000085215 -2.629401922 -0.145921960 -0.000515969 0.989295900 93.161247253
0.987577021 0.004204566 0.157079354 2.389091492 -0.004337336 0.999990463 0.000502470 -2.650856733 -0.157075718 -0.001177534 0.987585783 93.704231262
0.985914826 0.003560342 0.167210162 2.500101089 -0.003671927 0.999993205 0.000358168 -2.659945965 -0.167207778 -0.000967107 0.985921144 94.235397339
0.984021008 0.002883747 0.178029090 2.637684822 -0.003019993 0.999995351 0.000494313 -2.685734987 -0.178026825 -0.001024060 0.984025121 94.744285583
0.981739998 0.002706747 0.190208748 2.763541222 -0.002816863 0.999996006 0.000308561 -2.695467234 -0.190207183 -0.000838719 0.981743574 95.303184509
0.979186475 0.003024901 0.202939838 2.874696732 -0.003113570 0.999995112 0.000117667 -2.698836327 -0.202938482 -0.000747085 0.979191184 95.838035583
0.976472795 0.003556091 0.215611190 3.017532349 -0.003695272 0.999993205 0.000242412 -2.715564013 -0.215608820 -0.001033451 0.976479292 96.372680664
0.973373830 0.003599871 0.229194760 3.165086746 -0.003768683 0.999992728 0.000298836 -2.727538109 -0.229192048 -0.001154642 0.973380506 96.909347534
0.970658362 0.002401027 0.240450755 3.313007355 -0.002636754 0.999996305 0.000658632 -2.752977133 -0.240448281 -0.001273316 0.970661104 97.444091797
0.967668653 0.001851791 0.252217650 3.477701187 -0.002062959 0.999997735 0.000572817 -2.774983644 -0.252215981 -0.001074612 0.967670381 97.963493347
0.963977158 0.001755251 0.265979201 3.648063660 -0.001974169 0.999997973 0.000555709 -2.788012505 -0.265977621 -0.001060779 0.963978529 98.482635498
0.960305512 0.001640124 0.278945565 3.812265396 -0.001846908 0.999998152 0.000478496 -2.797430277 -0.278944314 -0.000974689 0.960306704 99.023780823
0.957119465 0.000994519 0.289691746 3.992624283 -0.001280371 0.999998868 0.000797228 -2.814801693 -0.289690644 -0.001133956 0.957119644 99.533493042
0.952903867 0.000567170 0.303271890 4.184391022 -0.000717482 0.999999702 0.000384214 -2.823554516 -0.303271592 -0.000583711 0.952903926 100.041175842
0.948520839 0.001235420 0.316712201 4.389978409 -0.001467286 0.999998748 0.000493614 -2.840441465 -0.316711187 -0.000932911 0.948521554 100.574234009
0.944288969 0.000516579 0.329117060 4.559110641 -0.000865630 0.999999166 0.000914039 -2.860804558 -0.329116404 -0.001148011 0.944288671 101.099052429
0.939493656 0.000180300 0.342565954 4.767707825 -0.000495159 0.999999583 0.000831659 -2.877476692 -0.342565656 -0.000950963 0.939493418 101.619964600
0.934429228 -0.000502663 0.356148660 4.998432159 0.000278323 0.999999702 0.000681147 -2.893822193 -0.356148899 -0.000537359 0.934429109 102.117324829
0.929615080 -0.000057542 0.368531942 5.210048676 -0.000323333 0.999999404 0.000971740 -2.913253546 -0.368531764 -0.001022502 0.929614544 102.642257690
0.924946904 -0.000719012 0.380095840 5.445013046 0.000631771 0.999999642 0.000354271 -2.921973228 -0.380095989 -0.000087548 0.924947023 103.157127380
0.918993175 -0.001376135 0.394271106 5.676265717 0.001174449 0.999999046 0.000752841 -2.934645176 -0.394271702 -0.000228804 0.918994009 103.647125244
0.913268626 -0.002250347 0.407351524 5.919746399 0.002079521 0.999997497 0.000862106 -2.947224379 -0.407352388 0.000059762 0.913271070 104.136909485
0.908188820 -0.001956638 0.418556154 6.163860321 0.001712395 0.999998033 0.000959147 -2.967721224 -0.418557286 -0.000154353 0.908190429 104.625740051
0.902025104 -0.002231043 0.431677788 6.426506042 0.002008018 0.999997497 0.000972381 -2.981952190 -0.431678921 -0.000010295 0.902027369 105.107582092
0.895386577 -0.002691173 0.445281684 6.681041718 0.002322517 0.999996305 0.001373543 -3.007108212 -0.445283711 -0.000195677 0.895389438 105.566955566
0.889263332 -0.003412710 0.457382798 6.949779510 0.003194521 0.999994099 0.001250416 -3.012215376 -0.457384348 0.000349170 0.889269054 106.070648193
0.883614898 -0.003710167 0.468199760 7.226486206 0.003376940 0.999993086 0.001551106 -3.025526047 -0.468202263 0.000210502 0.883621275 106.554824829
0.876260281 -0.003522625 0.481825203 7.508853912 0.003277209 0.999993742 0.001350937 -3.038439751 -0.481826901 0.000395269 0.876266360 107.027015686
0.869360089 -0.004403620 0.494159579 7.796092987 0.004275032 0.999989867 0.001390305 -3.052619219 -0.494160652 0.000903872 0.869370103 107.488754272
