1.000000000 0.000000000 0.000000000 0.000000000 0.000000000 1.000000000 0.000000000 0.000000000 0.000000000 0.000000000 1.000000000 0.000000000
1.000000000 0.000167278 0.000130849 -0.003314363 -0.000167261 1.000000000 -0.000126801 0.002963207 -0.000130870 0.000126779 1.000000000 0.004548897
1.000000000 0.000108110 0.000038796 -0.000002999 -0.000108108 1.000000000 -0.000056571 0.001700270 -0.000038802 0.000056566 1.000000000 0.004433969
0.999999940 0.000300264 0.000098999 -0.000093710 -0.000300261 0.999999940 -0.000038182 0.001503620 -0.000099010 0.000038152 1.000000000 -0.001441311
1.000000000 0.000165486 0.000022635 0.001802105 -0.000165485 1.000000000 -0.000049422 0.001476795 -0.000022643 0.000049418 1.000000000 0.001186777
1.000000000 0.000065156 -0.000029560 0.000296579 -0.000065157 1.000000000 -0.000023309 0.000640530 0.000029558 0.000023311 1.000000000 0.000160308
1.000000000 0.000123915 0.000178670 -0.005613800 -0.000123893 1.000000000 -0.000125886 0.002440202 -0.000178685 0.000125864 1.000000000 0.002447998
1.000000000 0.000036857 0.000013744 -0.000166058 -0.000036857 1.000000000 0.000015824 0.000845463 -0.000013743 -0.000015824 1.000000000 -0.001085810
1.000000000 -0.000008228 0.000133803 -0.003956117 0.000008233 1.000000000 -0.000034008 0.001416251 -0.000133803 0.000034009 1.000000000 0.002179971
0.999999940 0.000160470 0.000203769 -0.003901964 -0.000160448 1.000000000 -0.000106828 0.001129492 -0.000203786 0.000106795 1.000000000 0.000036567
1.000000000 0.000194570 0.000070370 0.001391316 -0.000194572 1.000000000 0.000021183 0.001191639 -0.000070365 -0.000021196 1.000000000 -0.002925250
1.000000000 0.000106141 0.000156350 -0.002667067 -0.000106131 1.000000000 -0.000058667 0.001452344 -0.000156356 0.000058650 1.000000000 -0.002327043
1.000000000 -0.000009303 0.000028633 -0.000943653 0.000009304 1.000000000 -0.000004567 0.000511100 -0.000028633 0.000004567 1.000000000 -0.006932355
1.000000000 -0.000055558 0.000112472 -0.001709298 0.000055559 1.000000000 -0.000003772 -0.000141842 -0.000112472 0.000003779 1.000000000 -0.000772668
1.000000000 0.000052102 0.000050593 0.000094600 -0.000052100 1.000000000 -0.000042054 0.000231800 -0.000050595 0.000042051 1.000000000 -0.003152717
1.000000000 -0.000190720 -0.000127047 0.003543364 0.000190716 1.000000000 -0.000032691 0.000162333 0.000127053 0.000032667 1.000000000 -0.006777809
1.000000000 -0.000079247 -0.000056773 0.002010530 0.000079247 1.000000000 -0.000007320 -0.001064598 0.000056774 0.000007316 1.000000000 -0.006787476
1.000000000 0.000038797 0.000148375 -0.002328016 -0.000038819 1.000000000 0.000149809 -0.003625095 -0.000148370 -0.000149815 1.000000000 -0.006372532
1.000000000 0.000078065 0.000012485 0.001074002 -0.000078065 1.000000000 0.000047538 0.000726472 -0.000012482 -0.000047539 1.000000000 -0.006540994
1.000000000 -0.000122983 -0.000008131 0.000006047 0.000122983 1.000000000 0.000039936 -0.001143289 0.000008126 -0.000039937 1.000000000 -0.008083171
1.000000000 0.000016916 0.000064775 -0.000494410 -0.000016916 1.000000000 0.000006106 -0.000240756 -0.000064775 -0.000006108 1.000000000 -0.007050968
1.000000000 -0.000117063 0.000034998 -0.000029720 0.000117061 1.000000000 0.000067849 -0.001806682 -0.000035006 -0.000067845 1.000000000 -0.004699382
1.000000000 0.000118557 0.000111675 -0.002957539 -0.000118551 1.000000000 -0.000053830 0.000506280 -0.000111681 0.000053817 1.000000000 0.000303860
1.000000000 -0.000045895 -0.000051152 0.001672625 0.000045894 1.000000000 -0.000019186 -0.000088174 0.000051152 0.000019184 1.000000000 -0.001704596
1.000000000 -0.000025035 0.000059169 -0.002678728 0.000025032 1.000000000 0.000063154 0.000409291 -0.000059170 -0.000063153 1.000000000 -0.000563909
1.000000000 -0.000105619 -0.000118929 0.004380141 0.000105608 1.000000000 -0.000090279 0.001852669 0.000118939 0.000090267 1.000000000 -0.007099831
1.000000000 -0.000095908 0.000060794 -0.002619317 0.000095915 1.000000000 -0.000105968 0.002532077 -0.000060784 0.000105974 1.000000000 -0.000152615
0.999999940 0.000270491 0.000165537 -0.004474054 -0.000270471 0.999999940 -0.000122377 0.002059006 -0.000165570 0.000122332 1.000000000 -0.000875761
1.000000000 0.000015941 0.000094579 -0.002812238 -0.000015942 1.000000000 0.000005613 0.001028831 -0.000094579 -0.000005615 1.000000000 0.000193860
1.000000000 -0.000071078 0.000023992 -0.003624461 0.000071079 1.000000000 -0.000051836 0.003081667 -0.000023988 0.000051837 1.000000000 -0.001416316
1.000000000 0.000018967 0.000078989 -0.003634217 -0.000018964 1.000000000 -0.000039973 0.001392114 -0.000078990 0.000039972 1.000000000 -0.000318545
1.000000000 -0.000068685 0.000083819 -0.003242183 0.000068675 1.000000000 0.000121048 0.000359631 -0.000083827 -0.000121042 1.000000000 0.002393685
1.000000000 -0.000172025 0.000020040 -0.003330315 0.000172025 1.000000000 0.000020877 0.000129730 -0.000020044 -0.000020873 1.000000000 -0.004857927
1.000000000 -0.000102819 -0.000006016 -0.001644869 0.000102819 1.000000000 0.000065018 0.000185825 0.000006009 -0.000065019 1.000000000 -0.006545040
0.999999940 0.000225229 0.000158035 -0.004149722 -0.000225228 1.000000000 -0.000007891 0.000809477 -0.000158037 0.000007856 1.000000000 -0.002127073
1.000000000 0.000033888 0.000167099 -0.004140501 -0.000033889 1.000000000 0.000002145 0.001145822 -0.000167099 -0.000002150 1.000000000 -0.000030155
1.000000000 0.000045246 0.000070801 -0.005148388 -0.000045244 1.000000000 -0.000028580 0.001814982 -0.000070802 0.000028577 1.000000000 -0.000699223
1.000000000 0.000073751 0.000087258 -0.004084040 -0.000073741 1.000000000 -0.000108875 0.002759139 -0.000087266 0.000108869 1.000000000 -0.001193334
1.000000000 -0.000116273 0.000041812 -0.002792505 0.000116271 1.000000000 0.000044095 0.001026660 -0.000041817 -0.000044090 1.000000000 0.000573839
1.000000000 -0.000107652 -0.000015993 0.000110454 0.000107654 1.000000000 0.000112860 -0.000532583 0.000015980 -0.000112861 1.000000000 -0.006658090
1.000000000 -0.000208164 -0.000018147 -0.002766442 0.000208165 1.000000000 0.000024882 -0.000702193 0.000018141 -0.000024885 1.000000000 -0.000715735
1.000000000 0.000122891 0.000075661 0.002615019 -0.000122854 0.999999881 -0.000493310 -0.005454446 -0.000075721 0.000493301 0.999999881 0.050239466
1.000000000 0.000049089 0.000026616 0.002955942 -0.000049056 0.999999225 -0.001247527 -0.003769650 -0.000026677 0.001247526 0.999999225 0.146577433
1.000000000 0.000001148 -0.000053077 0.004245458 -0.000001229 0.999998868 -0.001517112 -0.009830312 0.000053075 0.001517112 0.999998868 0.262683898
1.000000000 0.000013719 0.000092854 0.001784058 -0.000013589 0.999998987 -0.001403483 -0.016451433 -0.000092873 0.001403482 0.999998987 0.392742127
1.000000000 -0.000013051 -0.000128076 0.005335202 0.000012907 0.999999344 -0.001123745 -0.019912506 0.000128090 0.001123743 0.999999344 0.533540189
1.000000000 -0.000080733 -0.000216036 0.017272813 0.000080526 0.999999523 -0.000958639 -0.027903372 0.000216113 0.000958622 0.999999523 0.691480994
0.999999881 -0.000438387 -0.000158448 0.021789880 0.000438301 0.999999762 -0.000546403 -0.032649767 0.000158688 0.000546333 0.999999821 0.850019097
0.999999881 -0.000190932 -0.000386510 0.028842153 0.000190710 0.999999821 -0.000574346 -0.038770150 0.000386620 0.000574272 0.999999762 1.035194993
1.000000000 -0.000022571 0.000120664 0.015177023 0.000022642 0.999999821 -0.000587651 -0.046004042 -0.000120651 0.000587654 0.999999821 1.213827848
0.999999762 -0.000544417 -0.000365486 0.038848974 0.000544259 0.999999762 -0.000432480 -0.050183345 0.000365721 0.000432281 0.999999821 1.421137810
0.999999404 -0.000687486 -0.000857710 0.045986246 0.000687467 0.999999762 -0.000022395 -0.061422702 0.000857725 0.000021805 0.999999642 1.607581377
0.999994934 0.000081419 0.003176903 -0.030944526 -0.000082386 0.999999940 0.000304224 -0.090776980 -0.003176878 -0.000304484 0.999994934 1.737078190
0.999994516 -0.000088698 0.003285095 -0.019292735 0.000086796 0.999999821 0.000579055 -0.100969650 -0.003285146 -0.000578767 0.999994457 1.937714696
0.999994040 0.000278506 0.003447611 -0.028965713 -0.000279863 0.999999881 0.000393058 -0.108644642 -0.003447501 -0.000394021 0.999993980 2.149410486
0.999993742 0.000330968 0.003522747 -0.018948827 -0.000332811 0.999999762 0.000522530 -0.114613049 -0.003522574 -0.000523699 0.999993622 2.363269329
0.999994457 0.000513600 0.003294731 -0.008898092 -0.000515560 0.999999702 0.000594208 -0.117909558 -0.003294425 -0.000595904 0.999994397 2.602131367
0.999992371 0.000453843 0.003886410 -0.006194328 -0.000457341 0.999999464 0.000899123 -0.128811032 -0.003886000 -0.000900893 0.999991953 2.831009865
0.999993563 -0.000017251 0.003596352 -0.010661777 0.000013398 0.999999344 0.001071274 -0.143615425 -0.003596368 -0.001071219 0.999992967 3.051961899
0.999991953 0.000644213 0.003975373 -0.011396269 -0.000648200 0.999999285 0.001001859 -0.149170667 -0.003974725 -0.001004428 0.999991536 3.300756454
0.999993026 0.000038067 0.003734644 -0.000894445 -0.000042488 0.999999285 0.001183648 -0.157744676 -0.003734596 -0.001183799 0.999992371 3.548699617
0.999993205 0.000748781 0.003615865 0.004495921 -0.000752456 0.999999166 0.001015215 -0.163690701 -0.003615102 -0.001017929 0.999992967 3.800163269
0.999992728 0.000108182 0.003806764 0.019614248 -0.000112784 0.999999225 0.001208889 -0.171764046 -0.003806630 -0.001209310 0.999992013 4.073582649
0.999990880 0.000028448 0.004266148 -0.002660317 -0.000036680 0.999998093 0.001929656 -0.199007139 -0.004266086 -0.001929795 0.999988973 4.282601833
0.999991655 0.000727855 0.004032821 0.009061804 -0.000734366 0.999998510 0.001613322 -0.202420354 -0.004031640 -0.001616270 0.999990523 4.545819283
0.999989808 0.000250046 0.004504665 0.015355813 -0.000258773 0.999998093 0.001936692 -0.213029236 -0.004504172 -0.001937837 0.999988019 4.815551281
0.999989808 0.000605623 0.004474946 0.032475881 -0.000612422 0.999998629 0.001518206 -0.216812178 -0.004474021 -0.001520931 0.999988854 5.092809677
0.999989271 -0.000104994 0.004662776 -0.000710715 0.000093446 0.999996901 0.002476879 -0.249110207 -0.004663023 -0.002476416 0.999986053 5.320970535
0.999988198 -0.000629154 0.004828038 0.000399943 0.000616687 0.999996483 0.002583316 -0.257451117 -0.004829646 -0.002580309 0.999985039 5.574012756
0.999989152 -0.000392704 0.004634760 0.005361270 0.000380044 0.999996126 0.002732094 -0.261069238 -0.004635816 -0.002730303 0.999985516 5.846098423
0.999987841 0.000764525 0.004891903 0.012199728 -0.000774696 0.999997556 0.002077528 -0.265185297 -0.004890303 -0.002081292 0.999985933 6.125031948
0.999984503 0.001005063 0.005466943 0.011053927 -0.001018272 0.999996483 0.002413907 -0.284889907 -0.005464497 -0.002419436 0.999982119 6.404603958
0.999985218 0.000065766 0.005422018 0.013766112 -0.000078277 0.999997258 0.002307419 -0.288335532 -0.005421850 -0.002307810 0.999982595 6.702816963
0.999984205 0.000297020 0.005618665 0.020529391 -0.000310742 0.999996960 0.002441527 -0.300528884 -0.005617923 -0.002443235 0.999981225 6.999857426
0.999985754 0.000470417 0.005327339 0.035363588 -0.000481964 0.999997437 0.002166406 -0.303526074 -0.005326307 -0.002168942 0.999983430 7.306632996
0.999986351 0.000500859 0.005190970 0.044766806 -0.000514556 0.999996305 0.002637807 -0.332770795 -0.005189630 -0.002640442 0.999983072 7.591029167
0.999986112 0.000736928 0.005207039 0.055938564 -0.000753415 0.999994695 0.003164960 -0.349288404 -0.005204679 -0.003168839 0.999981463 7.900962353
0.999984562 0.000545651 0.005531561 0.052343249 -0.000559591 0.999996662 0.002518942 -0.345826566 -0.005530167 -0.002521999 0.999981582 8.235504150
0.999981880 0.001502866 0.005833243 0.063198298 -0.001516977 0.999995887 0.002415392 -0.352251500 -0.005829589 -0.002424197 0.999980092 8.573618889
0.999985099 0.000346545 0.005447900 0.063820995 -0.000360285 0.999996722 0.002521327 -0.366958529 -0.005447009 -0.002523252 0.999981999 8.862800598
0.999983907 0.000192324 0.005674445 0.072233714 -0.000207775 0.999996245 0.002722394 -0.375770926 -0.005673900 -0.002723529 0.999980271 9.206362724
0.999986887 -0.000207128 0.005112341 0.097606517 0.000192987 0.999996245 0.002766420 -0.391145527 -0.005112894 -0.002765397 0.999983072 9.556903839
0.999985218 0.000089995 0.005437631 0.097855404 -0.000105534 0.999996006 0.002857300 -0.398962975 -0.005437352 -0.002857832 0.999981165 9.898251534
0.999984562 -0.000110448 0.005562589 0.111874059 0.000095243 0.999996305 0.002733728 -0.400360286 -0.005562871 -0.002733156 0.999980807 10.245978355
0.999980271 0.000485152 0.006262411 0.080289997 -0.000504579 0.999995053 0.003100932 -0.425009549 -0.006260876 -0.003104030 0.999975562 10.600110054
0.999980927 -0.000231903 0.006172043 0.089439638 0.000212811 0.999995172 0.003093831 -0.433353752 -0.006172731 -0.003092459 0.999976158 10.979261398
0.999982417 -0.000400317 0.005914982 0.098893270 0.000382871 0.999995589 0.002950319 -0.441864043 -0.005916137 -0.002948002 0.999978065 11.364445686
0.999983668 -0.000251583 0.005705439 0.112715729 0.000234313 0.999995351 0.003027328 -0.448260993 -0.005706174 -0.003025942 0.999979079 11.739495277
0.999980330 -0.000195234 0.006265683 0.111331418 0.000174314 0.999994338 0.003339209 -0.475012630 -0.006266299 -0.003338051 0.999974787 12.075840950
0.999977231 0.000220728 0.006743215 0.121973611 -0.000244037 0.999993920 0.003456077 -0.486110091 -0.006742412 -0.003457644 0.999971271 12.466396332
0.999979317 -0.000163998 0.006425620 0.139477938 0.000139127 0.999992490 0.003870905 -0.497562289 -0.006426207 -0.003869931 0.999971807 12.849034309
0.999979436 0.000529911 0.006377057 0.156985283 -0.000554306 0.999992549 0.003824279 -0.504619062 -0.006374984 -0.003827735 0.999972343 13.249258041
0.999975443 -0.000035375 0.007009908 0.181577057 0.000012550 0.999994695 0.003256164 -0.502559125 -0.007009985 -0.003255995 0.999970078 13.660457611
0.999974549 -0.000420591 0.007120736 0.153776258 0.000391909 0.999991834 0.004028844 -0.540313303 -0.007122372 -0.004025951 0.999966443 14.036756516
0.999974489 0.000196739 0.007125972 0.166046798 -0.000226704 0.999991119 0.004204496 -0.556459069 -0.007125081 -0.004206006 0.999965727 14.461828232
0.999971986 -0.000224978 0.007475393 0.179685339 0.000188980 0.999988437 0.004815927 -0.569182813 -0.007476389 -0.004814379 0.999960363 14.894340515
0.999967039 -0.000407299 0.008111997 0.181752175 0.000365676 0.999986708 0.005131837 -0.583306491 -0.008113979 -0.005128701 0.999953926 15.294679642
0.999967754 -0.000244679 0.008027884 0.212001428 0.000208338 0.999989748 0.004527399 -0.585148871 -0.008028910 -0.004525581 0.999957502 15.747484207
0.999966145 -0.000444787 0.008217294 0.218208984 0.000405913 0.999988735 0.004731859 -0.636385798 -0.008219305 -0.004728363 0.999955058 16.159467697
0.999966800 -0.000666166 0.008124267 0.234408051 0.000631717 0.999990821 0.004242075 -0.640771389 -0.008127018 -0.004236801 0.999958038 16.611623764
0.999954104 0.001407953 0.009480972 0.236682624 -0.001446910 0.999990582 0.004103365 -0.640204310 -0.009475105 -0.004116896 0.999946654 17.087846756
0.999959707 0.000046502 0.008986989 0.255877852 -0.000086166 0.999990225 0.004413200 -0.656584620 -0.008986698 -0.004413797 0.999949813 17.538059235
0.999954998 -0.000078113 0.009491529 0.274691045 0.000033770 0.999989092 0.004671942 -0.675657928 -0.009491791 -0.004671411 0.999944031 18.001028061
0.999957740 -0.000950310 0.009143203 0.274918228 0.000901573 0.999985397 0.005333124 -0.701056659 -0.009148138 -0.005324656 0.999943912 18.408382416
0.999957860 -0.001611994 0.009031781 0.294922858 0.001563130 0.999984145 0.005414635 -0.711532533 -0.009040367 -0.005400289 0.999944508 18.885662079
0.999959052 -0.001002889 0.008988827 0.311067462 0.000955520 0.999985635 0.005272470 -0.721407473 -0.008993984 -0.005263666 0.999945700 19.368741989
0.999961734 -0.000547819 0.008724215 0.334042370 0.000500084 0.999984920 0.005472803 -0.730152011 -0.008727082 -0.005468232 0.999947011 19.859386444
0.999956727 0.000002627 0.009303351 0.312640339 -0.000054251 0.999984562 0.005548695 -0.751289129 -0.009303193 -0.005548960 0.999941349 20.312482834
0.999958932 -0.000212338 0.009066412 0.330654025 0.000160684 0.999983668 0.005697615 -0.765440106 -0.009067474 -0.005695924 0.999942720 20.811262131
0.999966264 -0.000795164 0.008176289 0.350325972 0.000754931 0.999987662 0.004922590 -0.768107414 -0.008180100 -0.004916251 0.999954462 21.333599091
0.999967337 -0.000526160 0.008068224 0.365691185 0.000480881 0.999984086 0.005612927 -0.793339789 -0.008071049 -0.005608863 0.999951720 21.845256805
0.999965250 -0.001155222 0.008255223 0.341739297 0.001104163 0.999980390 0.006186969 -0.812685490 -0.008262207 -0.006177640 0.999946773 22.238510132
0.999973059 -0.001974870 0.007066569 0.352640688 0.001928182 0.999976337 0.006607535 -0.831094384 -0.007079449 -0.006593731 0.999953210 22.751255035
0.999968410 -0.000360381 0.007935844 0.347457856 0.000308878 0.999978960 0.006490162 -0.839057505 -0.007938016 -0.006487505 0.999947488 23.306676865
0.999973953 -0.001956339 0.006950779 0.365926325 0.001912345 0.999978185 0.006330471 -0.852353811 -0.006963010 -0.006317013 0.999955833 23.833215714
0.999980569 -0.001107010 0.006134483 0.371432662 0.001070639 0.999981761 0.005929003 -0.858125985 -0.006140936 -0.005922321 0.999963522 24.255546570
0.999984860 -0.000827148 0.005444594 0.387226403 0.000796000 0.999983311 0.005720712 -0.865065873 -0.005449235 -0.005716292 0.999968767 24.804737091
0.999984443 0.000534567 0.005549098 0.395505726 -0.000565235 0.999984503 0.005526501 -0.872443497 -0.005546058 -0.005529551 0.999969304 25.333868027
0.999988437 -0.001099058 0.004669420 0.397062927 0.001071716 0.999982297 0.005853804 -0.894380450 -0.004675771 -0.005848731 0.999971986 25.850925446
0.999989212 -0.001509373 0.004391448 0.410764813 0.001481004 0.999978125 0.006456142 -0.903887391 -0.004401097 -0.006449569 0.999969542 26.392498016
0.999989867 -0.000800413 0.004438431 0.413164794 0.000772633 0.999980092 0.006257147 -0.920720577 -0.004443351 -0.006253654 0.999970555 26.990905762
0.999992192 -0.000278540 0.003947956 0.434464365 0.000252180 0.999977708 0.006676141 -0.940204442 -0.003949728 -0.006675093 0.999969900 27.450162888
0.999993324 -0.001065493 0.003487400 0.446142286 0.001040308 0.999973536 0.007215512 -0.952688277 -0.003494995 -0.007211836 0.999967873 28.002046585
0.999994993 -0.000151092 0.003173879 0.454271138 0.000131532 0.999981105 0.006162194 -0.958566427 -0.003174749 -0.006161745 0.999975979 28.546680450
0.999995470 -0.000504782 0.002976379 0.464648008 0.000484205 0.999975920 0.006910236 -0.982455552 -0.002979795 -0.006908763 0.999971688 29.029243469
0.999997199 -0.000222155 0.002365391 0.475977302 0.000204674 0.999972641 0.007388051 -0.994140446 -0.002366967 -0.007387546 0.999969900 29.568607330
0.999997914 -0.000615962 0.001941526 0.527740359 0.000602195 0.999974728 0.007083331 -1.014876246 -0.001945839 -0.007082148 0.999973059 30.058734894
0.999998331 0.000242633 0.001767685 0.543851852 -0.000256324 0.999969900 0.007749483 -1.045102358 -0.001765751 -0.007749924 0.999968410 30.629434586
0.999997616 0.000552224 0.002121652 0.502876341 -0.000567214 0.999974847 0.007070942 -1.042327762 -0.002117695 -0.007072129 0.999972701 31.212886810
0.999998331 -0.000221326 0.001811326 0.523416638 0.000207518 0.999970913 0.007619821 -1.061023116 -0.001812960 -0.007619433 0.999969363 31.752365112
0.999998629 -0.000143273 0.001603266 0.526799083 0.000130844 0.999969959 0.007749555 -1.071878433 -0.001604327 -0.007749335 0.999968708 32.265659332
0.999994159 0.002449344 0.002405602 0.510918677 -0.002466457 0.999971449 0.007136378 -1.092830420 -0.002388055 -0.007142270 0.999971628 32.777454376
0.999997318 0.001085303 0.002003745 0.517586231 -0.001099478 0.999974251 0.007086723 -1.086899281 -0.001996001 -0.007088909 0.999972880 33.334316254
0.999996901 0.001493354 0.001961652 0.531113863 -0.001507970 0.999970913 0.007471018 -1.104660034 -0.001950437 -0.007473954 0.999970198 33.868865967
0.999996722 0.001198411 0.002250710 0.527031541 -0.001214374 0.999974072 0.007104126 -1.108420134 -0.002242137 -0.007106836 0.999972284 34.382438660
0.999997675 0.001570372 0.001431074 0.547971070 -0.001581010 0.999970913 0.007462466 -1.136391401 -0.001419313 -0.007464712 0.999971151 34.949184418
0.999998808 0.000561485 0.001526205 0.538588941 -0.000573369 0.999969423 0.007796701 -1.169209361 -0.001521781 -0.007797565 0.999968469 35.551181793
0.999998331 0.000946743 0.001571190 0.546134770 -0.000958914 0.999969363 0.007763532 -1.178585291 -0.001563792 -0.007765027 0.999968648 36.084476471
0.999999464 0.000603754 0.000888191 0.572974920 -0.000610821 0.999967992 0.007978247 -1.190677404 -0.000883346 -0.007978784 0.999967873 36.622375488
0.999999523 -0.000022227 0.000998396 0.571319520 0.000014359 0.999969006 0.007879877 -1.199257135 -0.000998540 -0.007879858 0.999968529 37.167301178
0.999999523 0.000700775 0.000839121 0.605243802 -0.000707179 0.999970436 0.007655598 -1.216391325 -0.000833731 -0.007656186 0.999970317 37.764068604
0.999999344 0.000873078 0.000793780 0.614820600 -0.000879093 0.999970615 0.007609286 -1.226036906 -0.000787112 -0.007609978 0.999970734 38.320533752
0.999999940 0.000286739 -0.000084540 0.644342959 -0.000286108 0.999972701 0.007383475 -1.227910280 0.000086655 -0.007383449 0.999972761 38.853672028
0.999999821 -0.000647629 -0.000209339 0.654755116 0.000649463 0.999960303 0.008883080 -1.275757551 0.000203576 -0.008883215 0.999960482 39.387214661
0.999999821 0.000194031 0.000570328 0.636978626 -0.000198928 0.999962986 0.008600162 -1.296098828 -0.000568637 -0.008600275 0.999962866 39.965007782
0.999998927 0.001401866 0.000425076 0.654609263 -0.001405108 0.999969125 0.007726204 -1.300755382 -0.000414232 -0.007726794 0.999970019 40.542652130
0.999999523 0.000929182 0.000323061 0.664944053 -0.000931750 0.999967277 0.008040125 -1.311860085 -0.000315579 -0.008040423 0.999967635 41.090629578
0.999999344 0.001147489 0.000287765 0.677140176 -0.001149738 0.999967813 0.007941816 -1.321421862 -0.000278643 -0.007942142 0.999968410 41.625698090
0.999999881 0.000388881 -0.000392741 0.697767079 -0.000385370 0.999960303 0.008899610 -1.349378586 0.000396186 -0.008899456 0.999960303 42.191249847
0.999999940 0.000300406 -0.000143041 0.712026119 -0.000299074 0.999957502 0.009220364 -1.365606904 0.000145805 -0.009220320 0.999957442 42.762077332
0.999999642 0.000553470 0.000650567 0.653919756 -0.000559421 0.999957621 0.009184480 -1.402534008 -0.000645457 -0.009184841 0.999957621 43.290863037
0.999999225 0.000717517 0.001030294 0.656696081 -0.000726785 0.999958992 0.009023551 -1.412926197 -0.001023776 -0.009024293 0.999958813 43.832096100
0.999999821 -0.000182207 0.000598868 0.686020136 0.000176951 0.999961615 0.008764762 -1.406731009 -0.000600442 -0.008764654 0.999961376 44.400028229
1.000000000 -0.000149094 0.000298652 0.707974732 0.000146526 0.999963224 0.008580949 -1.409095526 -0.000299920 -0.008580905 0.999963105 44.947792053
0.999999821 0.000194752 0.000513522 0.730270207 -0.000199178 0.999962628 0.008632950 -1.434773088 -0.000511821 -0.008633052 0.999962628 45.421787262
0.999999940 -0.000286394 0.000220096 0.751300752 0.000284512 0.999963760 0.008504290 -1.445107698 -0.000222524 -0.008504227 0.999963880 45.974266052
0.999999583 0.000808394 0.000439196 0.749116361 -0.000812036 0.999964714 0.008356486 -1.457640409 -0.000432426 -0.008356838 0.999965072 46.549674988
0.999999821 0.000481966 0.000355826 0.776420772 -0.000484945 0.999964416 0.008419221 -1.466693044 -0.000351756 -0.008419393 0.999964476 47.039428711
0.999999166 0.001083739 0.000644136 0.787461340 -0.001089064 0.999964714 0.008324337 -1.476094484 -0.000635092 -0.008325031 0.999965131 47.586544037
0.999999344 0.000690708 0.000834386 0.801045358 -0.000697442 0.999966860 0.008097249 -1.492161870 -0.000828765 -0.008097826 0.999966860 48.129154205
0.999998748 0.001294091 0.000860609 0.801735818 -0.001301061 0.999965906 0.008148182 -1.503486156 -0.000850034 -0.008149292 0.999966383 48.665840149
0.999999583 0.000660019 0.000590097 0.831636429 -0.000664944 0.999964595 0.008385953 -1.514859915 -0.000584541 -0.008386344 0.999964595 49.171268463
0.999999940 0.000205884 0.000177203 0.844100296 -0.000207363 0.999964774 0.008389789 -1.523490906 -0.000175469 -0.008389825 0.999964774 49.719619751
0.999998510 0.001240566 0.001181469 0.835898936 -0.001250955 0.999960184 0.008833326 -1.539859533 -0.001170464 -0.008834792 0.999960244 50.251178741
0.999999464 0.000780572 0.000694470 0.859293640 -0.000786449 0.999963522 0.008504796 -1.550402641 -0.000687806 -0.008505339 0.999963522 50.765781403
0.999999344 0.000963523 0.000705185 0.862766743 -0.000969612 0.999961853 0.008686284 -1.559539557 -0.000696789 -0.008686962 0.999962032 51.306011200
0.999998927 0.000914615 0.001141530 0.871393502 -0.000924352 0.999962926 0.008558081 -1.572179914 -0.001133660 -0.008559129 0.999962747 51.833599091
0.999998987 0.001016932 0.000973209 0.892015517 -0.001025368 0.999961495 0.008707931 -1.580742002 -0.000964317 -0.008708920 0.999961555 52.338596344
0.999999285 0.000801881 0.000934165 0.904810250 -0.000809398 0.999967098 0.008074318 -1.586904407 -0.000927660 -0.008075070 0.999966979 52.885169983
0.999998987 0.001090975 0.000854655 0.921892643 -0.001097715 0.999967933 0.007925605 -1.592965841 -0.000845981 -0.007926536 0.999968231 53.429237366
0.999995410 0.001942284 0.002316011 0.875457823 -0.001962467 0.999959826 0.008744153 -1.616021872 -0.002298935 -0.008748658 0.999959111 53.914810181
0.999999583 0.000359938 0.000800594 0.937664390 -0.000366871 0.999962330 0.008674880 -1.638987303 -0.000797442 -0.008675171 0.999962032 54.474437714
0.999999225 0.000918208 0.000873870 0.947321832 -0.000925822 0.999961376 0.008753344 -1.645808339 -0.000865799 -0.008754147 0.999961317 55.017101288
0.999999285 0.000714475 0.000920334 0.949465811 -0.000722319 0.999963224 0.008550155 -1.655944586 -0.000914192 -0.008550812 0.999963045 55.560619354
0.999999762 0.000483008 0.000568113 0.995287240 -0.000487532 0.999967933 0.007991383 -1.652584434 -0.000564234 -0.007991657 0.999967933 56.091041565
0.999999523 0.000154283 0.000882652 0.991869509 -0.000162087 0.999960780 0.008848625 -1.683992982 -0.000881253 -0.008848766 0.999960482 56.573905945
0.999999583 0.000264596 0.000834572 1.002426386 -0.000271827 0.999962389 0.008676633 -1.701544762 -0.000832245 -0.008676856 0.999962032 57.149097443
0.999999702 0.000338845 0.000776386 1.023130417 -0.000345678 0.999961078 0.008818053 -1.702072978 -0.000773368 -0.008818319 0.999960840 57.696701050
0.999999344 -0.000898021 0.000705166 1.033035517 0.000892023 0.999963820 0.008460163 -1.713989139 -0.000712739 -0.008459528 0.999963939 58.210678101
0.999999046 -0.000617068 0.001194578 1.038801074 0.000607359 0.999966919 0.008110787 -1.722512960 -0.001199543 -0.008110053 0.999966443 58.753700256
0.999999166 -0.000451543 0.001222975 1.054673433 0.000441522 0.999966383 0.008182388 -1.740649223 -0.001226628 -0.008181841 0.999965727 59.289402008
0.999998868 -0.001329137 0.000605959 1.072198391 0.001323734 0.999960124 0.008830303 -1.746643186 -0.000617671 -0.008829491 0.999960840 59.851043701
0.999999106 -0.001067401 0.000783254 1.087671161 0.001061004 0.999966443 0.008122933 -1.759399176 -0.000791898 -0.008122094 0.999966741 60.399246216
0.999999344 -0.000821337 0.000695787 1.105021000 0.000815046 0.999959230 0.008993946 -1.775282621 -0.000703146 -0.008993375 0.999959290 60.935260773
0.999998808 -0.001462669 0.000309602 1.122603536 0.001460091 0.999965549 0.008169238 -1.782876730 -0.000321539 -0.008168777 0.999966621 61.469314575
0.999999404 -0.000424646 0.000965208 1.139462829 0.000416959 0.999968171 0.007950077 -1.779130220 -0.000968553 -0.007949672 0.999967933 62.005035400
0.999996841 -0.002143722 0.001322065 1.109149337 0.002131877 0.999958158 0.008896274 -1.808410287 -0.001341083 -0.008893428 0.999959469 62.540554047
0.999996424 -0.002574011 0.000811244 1.130429745 0.002567261 0.999963045 0.008213158 -1.818958282 -0.000832355 -0.008211047 0.999965847 63.092960358
0.999996603 -0.002413955 0.001004209 1.118466854 0.002405804 0.999964833 0.008039535 -1.840288758 -0.001023581 -0.008037091 0.999967158 63.646522522
0.999995887 -0.002852095 0.000488908 1.156286478 0.002848018 0.999962866 0.008143332 -1.865260601 -0.000512115 -0.008141907 0.999966741 64.200996399
0.999988496 -0.004328482 -0.002113217 1.208402634 0.004347526 0.999949217 0.009091745 -1.867978334 0.002073755 -0.009100826 0.999956369 64.723823547
0.999984741 -0.005144458 -0.002029848 1.225751877 0.005163460 0.999941826 0.009469457 -1.880119085 0.001981013 -0.009479793 0.999953032 65.264579773
0.999987006 -0.004750095 -0.001839912 1.230348110 0.004766135 0.999949813 0.008814187 -1.880307794 0.001797952 -0.008822841 0.999959469 65.825782776
0.999991894 -0.003995993 0.000517295 1.207574248 0.003991378 0.999954700 0.008636813 -1.892054796 -0.000551784 -0.008634677 0.999962568 66.244926453
0.999994636 -0.003105192 0.001048663 1.213850856 0.003095812 0.999956250 0.008830485 -1.906931281 -0.001076038 -0.008827192 0.999960423 66.793037415
0.999993086 -0.003681439 0.000517315 1.233002782 0.003677083 0.999959767 0.008182882 -1.912373424 -0.000547419 -0.008180923 0.999966443 67.318962097
0.999992907 -0.003485192 0.001413172 1.228653669 0.003473574 0.999960840 0.008141479 -1.925753951 -0.001441491 -0.008136511 0.999965906 67.846260071
0.999994040 -0.003340263 0.000900711 1.264301777 0.003332354 0.999957204 0.008643555 -1.937798500 -0.000929544 -0.008640504 0.999962211 68.290176392
0.999992549 -0.003787201 0.000765132 1.265800238 0.003780906 0.999960363 0.008067167 -1.940079212 -0.000795653 -0.008064212 0.999967158 68.868041992
0.999991596 -0.004048051 0.000585174 1.287349343 0.004043032 0.999957025 0.008336537 -1.949910045 -0.000618895 -0.008334100 0.999965072 69.403884888
0.999994040 -0.003046903 0.001630835 1.299775004 0.003032963 0.999959350 0.008483424 -1.965589404 -0.001656617 -0.008478427 0.999962628 69.899581909
0.999992311 -0.003911387 -0.000580155 1.358798981 0.003916255 0.999954998 0.008639988 -2.000379324 0.000546334 -0.008642192 0.999962509 70.371253967
0.999990761 -0.004204646 -0.000980412 1.388368249 0.004214018 0.999943495 0.009761385 -2.023677588 0.000939314 -0.009765424 0.999951899 70.891815186
0.999989092 -0.004462373 -0.001409160 1.405369878 0.004474427 0.999952435 0.008670213 -2.026699543 0.001370403 -0.008676423 0.999961436 71.418983459
0.999998093 -0.001974123 -0.000079157 1.409831882 0.001974740 0.999959767 0.008752059 -2.051265478 0.000061876 -0.008752200 0.999961734 71.921188354
0.999991953 -0.003982132 -0.000484850 1.445484638 0.003986254 0.999953091 0.008820418 -2.066733837 0.000449704 -0.008822279 0.999960959 72.367370605
0.999991596 -0.004062688 -0.000481462 1.456416726 0.004066697 0.999954343 0.008642860 -2.076900959 0.000446327 -0.008644745 0.999962449 72.917304993
0.999985278 -0.005268979 -0.001286254 1.489212275 0.005280259 0.999946237 0.008929681 -2.099754333 0.001239135 -0.008936341 0.999959230 73.451034546
0.999991596 -0.004089206 0.000275369 1.475315213 0.004086766 0.999956846 0.008342834 -2.094363451 -0.000309474 -0.008341637 0.999965131 73.903862000
0.999988973 -0.004690684 -0.000229385 1.494905233 0.004692514 0.999950588 0.008767023 -2.110750198 0.000188250 -0.008768003 0.999961555 74.453109741
0.999994159 -0.003410845 0.000108911 1.549960613 0.003409771 0.999956667 0.008668291 -2.147732735 -0.000138473 -0.008667871 0.999962389 74.883979797
0.999994278 -0.002728053 0.001987484 1.483661652 0.002711261 0.999961019 0.008403305 -2.143472910 -0.002010331 -0.008397867 0.999962687 75.378822327
0.999995410 -0.002590033 0.001583467 1.501524329 0.002577733 0.999966919 0.007720778 -2.151202679 -0.001603412 -0.007716661 0.999968946 75.914466858
0.999994636 -0.002837404 0.001674238 1.504309297 0.002824701 0.999967575 0.007541616 -2.153428793 -0.001695582 -0.007536845 0.999970198 76.475471497
0.999992549 -0.003546593 0.001540377 1.529636145 0.003534436 0.999963164 0.007823834 -2.168697834 -0.001568067 -0.007818331 0.999968231 76.931503296
0.999992669 -0.003688825 0.001060328 1.542014956 0.003680126 0.999960542 0.008091924 -2.175117970 -0.001090135 -0.008087960 0.999966681 77.484733582
0.999991596 -0.003917539 0.001222081 1.558727503 0.003908081 0.999963164 0.007646356 -2.190229416 -0.001251990 -0.007641516 0.999970078 77.998832703
0.999993742 -0.002668787 0.002287712 1.559760928 0.002651694 0.999968767 0.007441847 -2.193717957 -0.002307503 -0.007435733 0.999969661 78.453689575
0.999989927 -0.002182554 0.003913986 1.573497295 0.002152625 0.999968529 0.007634771 -2.207087755 -0.003930526 -0.007626269 0.999963164 78.997535706
0.999983490 -0.002349027 0.005240149 1.586631536 0.002310835 0.999970794 0.007282319 -2.217008114 -0.005257103 -0.007270089 0.999959826 79.547752380
0.999973238 -0.002398937 0.006914297 1.582892299 0.002346803 0.999968827 0.007538218 -2.232855797 -0.006932165 -0.007521787 0.999947667 80.005378723
0.999969840 -0.002534491 0.007353473 1.595693350 0.002477263 0.999966681 0.007781206 -2.240706921 -0.007372949 -0.007762756 0.999942660 80.568466187
0.999947071 -0.002237214 0.010047715 1.621456146 0.002155601 0.999964654 0.008125961 -2.263275862 -0.010065539 -0.008103870 0.999916434 81.120147705
0.999884486 -0.000553528 0.015190539 1.606322765 0.000430025 0.999966800 0.008132320 -2.309716225 -0.015194536 -0.008124847 0.999851525 81.596603394
0.999846816 -0.001148885 0.017462730 1.658293605 0.001019397 0.999971926 0.007422159 -2.287255764 -0.017470768 -0.007403221 0.999819934 82.150337219
0.999741316 -0.002859919 0.022561241 1.664347768 0.002704781 0.999972522 0.006903830 -2.266827106 -0.022580365 -0.006841022 0.999721587 82.596847534
0.999575794 -0.002141451 0.029044511 1.691567659 0.001945947 0.999975264 0.006757793 -2.272531033 -0.029058265 -0.006698408 0.999555349 83.138381958
0.999393463 -0.002103032 0.034759879 1.733659148 0.001863823 0.999974370 0.006912692 -2.290766716 -0.034773525 -0.006843713 0.999371827 83.696884155
0.999179244 -0.002893852 0.040404655 1.775627613 0.002615440 0.999972463 0.006941779 -2.296120405 -0.040423639 -0.006830405 0.999159276 84.233947754
0.998773158 -0.002985070 0.049429491 1.807822943 0.002676625 0.999976456 0.006305133 -2.300142288 -0.049447149 -0.006165093 0.998757660 84.700965881
0.998331487 -0.003271964 0.057651557 1.871262789 0.002906758 0.999975145 0.006417438 -2.317039728 -0.057671122 -0.006239152 0.998316109 85.240356445
0.997860610 -0.002567125 0.065326944 1.899245739 0.002152397 0.999977052 0.006418088 -2.329512119 -0.065341920 -0.006263745 0.997843266 85.800704956
0.997212172 -0.002594193 0.074574217 1.968671799 0.002184073 0.999982059 0.005580509 -2.341300249 -0.074587367 -0.005402074 0.997199833 86.351760864
0.996350944 -0.001411978 0.085338652 2.020184517 0.000876421 0.999979615 0.006312813 -2.364708185 -0.085345834 -0.006214984 0.996331930 86.843406677
0.995608330 -0.002106166 0.093592234 2.093214035 0.001450363 0.999973953 0.007074481 -2.393531799 -0.093604684 -0.006907669 0.995585620 87.254890442
0.994800210 -0.002090472 0.101823784 2.166974545 0.001463443 0.999979436 0.006232297 -2.397617817 -0.101834729 -0.006050877 0.994783044 87.792480469
0.993648171 -0.002265559 0.112508118 2.259188175 0.001561493 0.999978542 0.006345641 -2.413863420 -0.112520099 -0.006129655 0.993630528 88.329063416
0.992454648 -0.003622000 0.122558080 2.338648796 0.002801916 0.999972522 0.006863058 -2.430692196 -0.122579567 -0.006467874 0.992437601 88.791152954
0.991243124 -0.003733750 0.131996483 2.434607506 0.002866689 0.999973059 0.006758223 -2.448111773 -0.132018164 -0.006320649 0.991227210 89.324180603
0.989700377 -0.003578667 0.143109336 2.530922890 0.002698273 0.999976218 0.006345494 -2.446338415 -0.143128633 -0.005893988 0.989686489 89.882415771
0.987863481 -0.003495933 0.155284777 2.632708549 0.002506211 0.999975324 0.006568905 -2.471863270 -0.155303925 -0.006100005 0.987847865 90.405349731
0.986137569 -0.004502939 0.165868744 2.717983246 0.003505718 0.999973893 0.006304404 -2.464901686 -0.165892825 -0.005635518 0.986127675 90.893272400
0.984555364 -0.004984125 0.175002590 2.837885857 0.003957526 0.999972761 0.006214685 -2.473710060 -0.175028801 -0.005426124 0.984548390 91.435142517
0.982205451 -0.005236358 0.187736601 2.957180977 0.004141702 0.999972045 0.006222599 -2.486845255 -0.187763929 -0.005334322 0.982199669 91.959533691
0.979780138 -0.005098759 0.200012311 3.076409340 0.003873979 0.999971271 0.006514413 -2.504762173 -0.200039774 -0.005607849 0.979771674 92.448745728
0.977617145 -0.005815109 0.210311413 3.219457626 0.004541487 0.999968350 0.006538347 -2.517979860 -0.210342735 -0.005436874 0.977612615 92.974517822
0.974569023 -0.004800941 0.224036396 3.363126755 0.003396766 0.999972045 0.006652603 -2.533836842 -0.224062085 -0.005722421 0.974558115 93.515342712
0.971308649 -0.005664416 0.237754971 3.489034653 0.004177892 0.999968410 0.006755759 -2.523631573 -0.237785727 -0.005568612 0.971301615 93.968948364
0.968390524 -0.005623016 0.249375731 3.644699097 0.004005382 0.999967515 0.006993700 -2.540169716 -0.249406978 -0.005773786 0.968381524 94.505332947
0.965469718 -0.006941160 0.260422558 3.829914093 0.005288137 0.999961138 0.007047603 -2.564077854 -0.260461330 -0.005427097 0.965469062 94.976562500
0.961240649 -0.005788798 0.275649756 3.956262589 0.004033545 0.999967813 0.006934178 -2.549720526 -0.275681049 -0.005553566 0.961233139 95.473106384
0.957656503 -0.006041807 0.287849903 4.147211075 0.004268782 0.999967873 0.006786824 -2.561579227 -0.287881613 -0.005270677 0.957651556 95.985046387
0.954167306 -0.006668749 0.299199432 4.340047836 0.004712561 0.999962509 0.007259132 -2.578876019 -0.299236596 -0.005516432 0.954163074 96.521667480
0.949233949 -0.004314349 0.314541519 4.507228851 0.002012881 0.999968767 0.007641340 -2.597187519 -0.314564675 -0.006620285 0.949212968 97.060348511
0.944985449 -0.006220765 0.327052951 4.697990417 0.004102112 0.999965906 0.007167393 -2.595969200 -0.327086419 -0.005431472 0.944978833 97.475547791
0.941130757 -0.007173524 0.337966472 4.915784836 0.005015005 0.999961078 0.007259505 -2.606983662 -0.338005424 -0.005137241 0.941130221 97.998291016
0.936441302 -0.006845821 0.350757182 5.118707657 0.004726116 0.999965012 0.006898935 -2.617251396 -0.350792140 -0.004802728 0.936441004 98.482444763
0.931159735 -0.007092712 0.364542395 5.346208572 0.004542212 0.999958813 0.007853393 -2.655382156 -0.364583105 -0.005656937 0.931153595 98.933525085
0.926697254 -0.009026082 0.375700176 5.578973770 0.006665858 0.999949038 0.007581546 -2.652772427 -0.375749469 -0.004521432 0.926710188 99.437454224
0.921524465 -0.008384516 0.388229668 5.769113541 0.005833143 0.999953091 0.007749879 -2.652938604 -0.388276339 -0.004877105 0.921530068 99.909118652
0.915389538 -0.008089892 0.402488023 6.013919830 0.005493325 0.999956071 0.007605201 -2.661599874 -0.402531803 -0.004750723 0.915393651 100.416725159
0.909891307 -0.008960660 0.414749920 6.268383026 0.006315633 0.999949992 0.007748462 -2.683544159 -0.414798617 -0.004430849 0.909902453 100.865638733
0.904880643 -0.009502443 0.425559521 6.519241333 0.006835073 0.999946296 0.007794464 -2.696528435 -0.425610721 -0.004144328 0.904896855 101.344497681
0.899044335 -0.009050028 0.437764168 6.775207520 0.005843513 0.999945343 0.008671241 -2.728313446 -0.437818706 -0.005237749 0.899047971 101.828369141
0.891908050 -0.010143520 0.452102959 6.996517181 0.007436257 0.999942183 0.007764774 -2.702536821 -0.452155590 -0.003563509 0.891931951 102.257942200
0.885915160 -0.010407366 0.463730395 7.274288177 0.007665553 0.999940217 0.007797016 -2.713193893 -0.463783830 -0.003352744 0.885941982 102.731414795
0.880092323 -0.010561924 0.474685133 7.552375793 0.007777881 0.999939084 0.007828409 -2.731371164 -0.474738896 -0.003197679 0.880120873 103.198303223
0.872196734 -0.010348497 0.489045620 7.766990662 0.007356387 0.999940634 0.008039466 -2.729180574 -0.489099801 -0.003414388 0.872221172 103.615219116
