1.000000000 0.000000000 0.000000000 0.000000000 0.000000000 1.000000000 0.000000000 0.000000000 0.000000000 0.000000000 1.000000000 0.000000000
1.000000000 0.000077771 0.000004505 -0.001331052 -0.000077771 1.000000000 -0.000075282 0.001234322 -0.000004511 0.000075281 1.000000000 0.003996619
1.000000000 -0.000002080 -0.000004655 -0.000864783 0.000002080 1.000000000 0.000004771 0.000019040 0.000004655 -0.000004771 1.000000000 0.001505653
0.999999940 0.000264092 0.000063257 0.000225488 -0.000264087 0.999999940 -0.000085061 0.001778285 -0.000063280 0.000085044 1.000000000 -0.003116196
1.000000000 0.000101820 0.000025784 0.000741617 -0.000101819 1.000000000 -0.000044831 0.000740431 -0.000025789 0.000044829 1.000000000 -0.002008674
1.000000000 0.000070317 0.000008592 0.000334053 -0.000070317 1.000000000 -0.000027514 0.001132575 -0.000008593 0.000027513 1.000000000 0.000412376
1.000000000 0.000051351 0.000036623 -0.000538611 -0.000051348 1.000000000 -0.000078291 0.000785551 -0.000036627 0.000078289 1.000000000 -0.001679651
1.000000000 0.000086360 0.000029977 0.000112170 -0.000086360 1.000000000 0.000001565 0.000879620 -0.000029977 -0.000001567 1.000000000 -0.000415319
0.999999940 0.000119837 0.000284360 -0.010273210 -0.000119809 1.000000000 -0.000097010 0.003097958 -0.000284372 0.000096976 0.999999940 -0.001613859
1.000000000 0.000079003 0.000068800 -0.001516426 -0.000079001 1.000000000 -0.000024872 0.000351016 -0.000068802 0.000024866 1.000000000 -0.000417427
1.000000000 0.000149143 0.000086573 -0.000758581 -0.000149139 1.000000000 -0.000049200 0.000825540 -0.000086581 0.000049187 1.000000000 -0.003039118
1.000000000 0.000023329 -0.000031416 0.000440519 -0.000023330 1.000000000 -0.000025400 0.000407609 0.000031416 0.000025401 1.000000000 -0.004840398
1.000000000 0.000031554 0.000071927 -0.002159045 -0.000031551 1.000000000 -0.000037585 0.000463209 -0.000071928 0.000037582 1.000000000 -0.000198858
1.000000000 -0.000098687 0.000068614 -0.001106919 0.000098691 1.000000000 -0.000051253 0.000109939 -0.000068609 0.000051260 1.000000000 -0.000164837
1.000000000 0.000000230 0.000012639 -0.000283407 -0.000000230 1.000000000 -0.000009370 0.000576467 -0.000012639 0.000009370 1.000000000 -0.002478947
1.000000000 0.000000175 -0.000005604 -0.000089223 -0.000000175 1.000000000 0.000006805 0.000566225 0.000005604 -0.000006805 1.000000000 -0.002670206
1.000000000 -0.000081444 -0.000019076 -0.001899008 0.000081444 1.000000000 -0.000010925 0.000540817 0.000019077 0.000010924 1.000000000 -0.001993396
1.000000000 -0.000005066 0.000025960 -0.000508473 0.000005065 1.000000000 0.000037576 0.000026874 -0.000025960 -0.000037576 1.000000000 -0.003196676
1.000000000 0.000088793 -0.000010793 -0.000547814 -0.000088793 1.000000000 0.000076552 0.000371248 0.000010799 -0.000076551 1.000000000 -0.004337427
1.000000000 -0.000020955 -0.000028977 -0.000898193 0.000020954 1.000000000 -0.000019591 0.000396345 0.000028977 0.000019590 1.000000000 -0.002760344
1.000000000 -0.000006707 0.000055581 -0.001434701 0.000006709 1.000000000 -0.000040181 0.000198097 -0.000055580 0.000040181 1.000000000 -0.005126914
1.000000000 -0.000048667 -0.000006378 -0.000268260 0.000048668 1.000000000 0.000036713 -0.001390639 0.000006376 -0.000036714 1.000000000 -0.002055990
1.000000000 0.000079056 0.000194751 -0.007765848 -0.000079034 1.000000000 -0.000114145 0.003499050 -0.000194760 0.000114130 1.000000000 0.006291408
1.000000000 -0.000070981 -0.000047045 0.001163950 0.000070979 1.000000000 -0.000027103 -0.000298454 0.000047047 0.000027099 1.000000000 -0.000634296
1.000000000 -0.000011293 0.000075806 -0.001781476 0.000011295 1.000000000 -0.000027841 0.001510235 -0.000075806 0.000027842 1.000000000 0.000356823
1.000000000 0.000078292 -0.000003653 0.000143563 -0.000078292 1.000000000 -0.000017162 0.001131150 0.000003651 0.000017162 1.000000000 -0.005017840
1.000000000 -0.000016252 0.000090372 -0.003505032 0.000016254 1.000000000 -0.000012571 0.001756727 -0.000090372 0.000012572 1.000000000 0.001637932
1.000000000 0.000041665 0.000064201 -0.002425597 -0.000041661 1.000000000 -0.000055884 0.000973700 -0.000064204 0.000055881 1.000000000 -0.000766703
1.000000000 -0.000000816 0.000058554 -0.003933445 0.000000816 1.000000000 -0.000001967 0.001591411 -0.000058554 0.000001967 1.000000000 0.001814574
1.000000000 -0.000126419 0.000029510 -0.004086004 0.000126421 1.000000000 -0.000064948 0.004997040 -0.000029502 0.000064951 1.000000000 0.003604314
1.000000000 -0.000005179 0.000003201 -0.000888171 0.000005179 1.000000000 0.000026790 0.000612834 -0.000003202 -0.000026790 1.000000000 -0.000325662
1.000000000 0.000090426 0.000135164 -0.003808293 -0.000090436 1.000000000 0.000071526 0.000200052 -0.000135157 -0.000071538 1.000000000 0.000941929
1.000000000 -0.000035788 0.000058186 -0.005811902 0.000035788 1.000000000 -0.000003308 0.001977547 -0.000058186 0.000003310 1.000000000 0.002762368
1.000000000 -0.000070034 -0.000029017 -0.001156608 0.000070038 1.000000000 0.000118027 -0.001093081 0.000029008 -0.000118029 1.000000000 -0.002206923
1.000000000 0.000103097 0.000046118 -0.002482591 -0.000103098 1.000000000 0.000008540 0.000396615 -0.000046118 -0.000008545 1.000000000 0.000398995
1.000000000 -0.000161950 -0.000019939 -0.002077286 0.000161951 1.000000000 0.000057278 0.001082522 0.000019929 -0.000057281 1.000000000 0.002221278
1.000000000 -0.000031986 -0.000011356 -0.003882105 0.000031985 1.000000000 -0.000033777 0.002747575 0.000011357 0.000033777 1.000000000 -0.001119697
1.000000000 -0.000224534 -0.000050821 -0.001761720 0.000224532 1.000000000 -0.000047337 0.001504704 0.000050831 0.000047326 1.000000000 -0.000956877
1.000000000 0.000029965 0.000095720 -0.005262921 -0.000029957 1.000000000 -0.000086659 0.002715040 -0.000095722 0.000086656 1.000000000 0.003359423
1.000000000 0.000023632 -0.000034755 0.000007480 -0.000023630 1.000000000 0.000047839 0.000355577 0.000034756 -0.000047839 1.000000000 -0.003309340
1.000000000 -0.000024052 0.000028025 -0.001223172 0.000024052 1.000000000 0.000009060 -0.000003690 -0.000028026 -0.000009060 1.000000000 0.002767472
1.000000000 0.000012748 0.000025058 0.003376523 -0.000012735 0.999999881 -0.000510225 -0.005137811 -0.000025064 0.000510225 0.999999881 0.043962035
1.000000000 0.000015539 0.000080504 0.001333299 -0.000015433 0.999999166 -0.001311853 -0.002905796 -0.000080524 0.001311852 0.999999166 0.146663696
1.000000000 -0.000038169 0.000038164 0.003623703 0.000038223 0.999998987 -0.001423202 -0.010644805 -0.000038110 0.001423204 0.999998987 0.259145588
1.000000000 0.000040427 0.000149390 0.003257023 -0.000040234 0.999999166 -0.001293977 -0.015466483 -0.000149443 0.001293971 0.999999166 0.395722300
1.000000000 0.000204654 0.000013969 0.006634461 -0.000204639 0.999999404 -0.001098635 -0.019432494 -0.000014194 0.001098632 0.999999404 0.537670016
0.999999940 0.000328814 0.000130287 0.009155361 -0.000328680 0.999999404 -0.001031969 -0.028705843 -0.000130627 0.001031926 0.999999464 0.696628749
1.000000000 -0.000025229 0.000010338 0.013135612 0.000025235 0.999999821 -0.000592636 -0.036150437 -0.000010323 0.000592636 0.999999821 0.847819805
1.000000000 -0.000035650 -0.000053580 0.020415012 0.000035618 0.999999821 -0.000599660 -0.037010409 0.000053601 0.000599658 0.999999821 1.031272650
0.999999940 0.000215880 0.000302583 0.015160888 -0.000215689 0.999999762 -0.000630321 -0.041529920 -0.000302719 0.000630256 0.999999762 1.204047322
1.000000000 -0.000001442 0.000144538 0.025343647 0.000001473 1.000000000 -0.000214195 -0.050158180 -0.000144538 0.000214195 0.999999940 1.411457896
0.999999881 -0.000026063 -0.000445641 0.045833491 0.000025964 1.000000000 -0.000223291 -0.056239057 0.000445646 0.000223279 0.999999881 1.618614197
0.999999940 0.000251308 0.000146724 0.036256563 -0.000251283 0.999999940 -0.000169178 -0.055931326 -0.000146767 0.000169141 1.000000000 1.807525516
0.999999583 0.000795193 0.000463344 0.046301350 -0.000795196 0.999999702 0.000004937 -0.059966844 -0.000463340 -0.000005306 0.999999881 1.986696959
0.999999523 0.000940872 0.000333625 0.052713003 -0.000940867 0.999999583 -0.000013841 -0.071728334 -0.000333638 0.000013527 0.999999940 2.214372873
0.999997079 0.002325161 0.000635778 0.048156682 -0.002326545 0.999994934 0.002184652 -0.117481999 -0.000630695 -0.002186125 0.999997437 2.316280127
0.999998033 0.001800137 0.000759327 0.053554490 -0.001801873 0.999995768 0.002292019 -0.127448693 -0.000755198 -0.002293383 0.999997139 2.537294149
0.999996781 0.002281924 0.001098634 0.052673079 -0.002284520 0.999994636 0.002367323 -0.130010992 -0.001093226 -0.002369825 0.999996603 2.784918070
0.999995768 0.002740694 0.000913666 0.062848754 -0.002742666 0.999993861 0.002163622 -0.133966208 -0.000907731 -0.002166119 0.999997258 3.000636578
0.999994576 0.003134410 0.000960842 0.066208415 -0.003136273 0.999993205 0.001943041 -0.139294565 -0.000954745 -0.001946044 0.999997675 3.243876457
0.999995708 0.002735473 0.001005893 0.068984568 -0.002737588 0.999994040 0.002107626 -0.145954192 -0.001000122 -0.002110371 0.999997258 3.479815006
0.999995410 0.002878002 0.000937247 0.075175308 -0.002879932 0.999993742 0.002064181 -0.154715613 -0.000931300 -0.002066871 0.999997377 3.740198612
0.999993622 0.003358702 0.001248490 0.084454879 -0.003361568 0.999991715 0.002300042 -0.162295640 -0.001240754 -0.002304224 0.999996603 4.007847309
0.999994636 0.002926616 0.001468250 0.069406554 -0.002930828 0.999991596 0.002874662 -0.183338255 -0.001459825 -0.002878950 0.999994814 4.205827236
0.999995410 0.002834500 0.001047987 0.082962833 -0.002837430 0.999992073 0.002805036 -0.187297687 -0.001040028 -0.002807996 0.999995589 4.468456268
0.999995172 0.002722166 0.001452429 0.089471385 -0.002726486 0.999991834 0.002981087 -0.194593236 -0.001444302 -0.002985033 0.999994516 4.731508255
0.999994576 0.002902921 0.001533977 0.103853285 -0.002907085 0.999992073 0.002719019 -0.202083334 -0.001526072 -0.002723464 0.999995112 5.010481834
0.999994516 0.002966423 0.001472258 0.086736709 -0.002970958 0.999990880 0.003087916 -0.215006232 -0.001463084 -0.003092273 0.999994159 5.260635376
0.999993503 0.003263251 0.001544627 0.090561077 -0.003268228 0.999989390 0.003230388 -0.236118525 -0.001534069 -0.003235415 0.999993563 5.469462872
0.999993205 0.003446216 0.001350242 0.099367246 -0.003450488 0.999988973 0.003174895 -0.243467018 -0.001339286 -0.003179533 0.999993980 5.741705418
0.999992847 0.003401267 0.001673622 0.099291004 -0.003406395 0.999989510 0.003070876 -0.250365198 -0.001663160 -0.003076555 0.999993861 6.020228386
0.999990106 0.003938852 0.002092026 0.104236968 -0.003945591 0.999987006 0.003227075 -0.254692733 -0.002079288 -0.003235298 0.999992609 6.302946568
0.999991715 0.003579243 0.001985177 0.104133919 -0.003585804 0.999988139 0.003310942 -0.264852971 -0.001973303 -0.003318032 0.999992549 6.588456631
0.999991655 0.003651817 0.001818068 0.122564718 -0.003658110 0.999987423 0.003470405 -0.283046901 -0.001805371 -0.003477028 0.999992311 6.850204468
0.999994040 0.003092602 0.001561706 0.134594783 -0.003098448 0.999988139 0.003754568 -0.296189934 -0.001550076 -0.003759384 0.999991715 7.149299145
0.999993026 0.003354795 0.001607830 0.146369755 -0.003360988 0.999986887 0.003864610 -0.309610248 -0.001594843 -0.003869987 0.999991238 7.452569962
0.999990344 0.003966450 0.001876416 0.151909947 -0.003974063 0.999983847 0.004071044 -0.315349668 -0.001860238 -0.004078462 0.999989927 7.787118912
0.999992549 0.003406359 0.001778371 0.154401049 -0.003413909 0.999985099 0.004260138 -0.329909861 -0.001763832 -0.004266178 0.999989331 8.052206993
0.999993265 0.003280221 0.001607878 0.164766043 -0.003287416 0.999984503 0.004492773 -0.337103158 -0.001593116 -0.004498029 0.999988616 8.383412361
0.999992490 0.003523575 0.001590024 0.173127472 -0.003530502 0.999984205 0.004374978 -0.346413136 -0.001574583 -0.004380559 0.999989152 8.712943077
0.999993503 0.003196624 0.001639640 0.185041934 -0.003203526 0.999985993 0.004224599 -0.353250295 -0.001626112 -0.004229824 0.999989748 9.054478645
0.999995291 0.002676302 0.001516746 0.193311512 -0.002682872 0.999987006 0.004346147 -0.359335184 -0.001505094 -0.004350195 0.999989450 9.400694847
0.999993563 0.003137891 0.001744069 0.191667870 -0.003145427 0.999985635 0.004335006 -0.374875933 -0.001730441 -0.004340465 0.999989033 9.695558548
0.999992251 0.003462341 0.001885468 0.201760501 -0.003469788 0.999986112 0.003960783 -0.386000872 -0.001871729 -0.003967294 0.999990344 10.052500725
0.999991059 0.003771033 0.001914057 0.212367132 -0.003779800 0.999982297 0.004597569 -0.396466196 -0.001896686 -0.004604763 0.999987602 10.421464920
0.999991834 0.003517423 0.002029649 0.219992191 -0.003526507 0.999983668 0.004489632 -0.402150422 -0.002013825 -0.004496752 0.999987781 10.781190872
0.999990642 0.003802611 0.002070438 0.228650123 -0.003812955 0.999980092 0.005015157 -0.426580667 -0.002051326 -0.005023005 0.999985278 11.168498993
0.999992967 0.003242863 0.001883033 0.241666749 -0.003251651 0.999983847 0.004683133 -0.431263179 -0.001867816 -0.004689223 0.999987245 11.468171120
0.999990582 0.003720981 0.002229474 0.246125877 -0.003731512 0.999981880 0.004738324 -0.442716360 -0.002211803 -0.004746599 0.999986291 11.852530479
0.999991417 0.003645794 0.001986674 0.254804194 -0.003655683 0.999980807 0.004997120 -0.453564763 -0.001968418 -0.005004340 0.999985516 12.244319916
0.999991477 0.003499371 0.002198322 0.264151841 -0.003511097 0.999979496 0.005352836 -0.457217276 -0.002179546 -0.005360509 0.999983251 12.645662308
0.999993563 0.002963756 0.002030342 0.274448246 -0.002974153 0.999982297 0.005136892 -0.481462419 -0.002015081 -0.005142896 0.999984741 12.978235245
0.999989867 0.003576525 0.002754970 0.281793058 -0.003590626 0.999980330 0.005130466 -0.493872374 -0.002736566 -0.005140306 0.999983013 13.393020630
0.999988556 0.003926367 0.002746042 0.294373661 -0.003941771 0.999976397 0.005626494 -0.505273521 -0.002723885 -0.005637254 0.999980330 13.804988861
0.999992251 0.002824012 0.002779296 0.306254804 -0.002839291 0.999980748 0.005508779 -0.516489685 -0.002763686 -0.005516628 0.999980927 14.250329971
0.999992192 0.002982994 0.002563277 0.323914587 -0.002998650 0.999976754 0.006125945 -0.559337020 -0.002544943 -0.006133584 0.999977887 14.572068214
0.999991953 0.002805143 0.002872964 0.334621012 -0.002822246 0.999978185 0.005966228 -0.570431769 -0.002856166 -0.005974288 0.999978006 14.995364189
0.999986708 0.003782761 0.003498995 0.344327480 -0.003803231 0.999975622 0.005862224 -0.574992776 -0.003476734 -0.005875454 0.999976695 15.449178696
0.999987304 0.003635025 0.003491472 0.361997128 -0.003656154 0.999974906 0.006064201 -0.588582695 -0.003469340 -0.006076890 0.999975502 15.895828247
0.999988556 0.003024044 0.003714042 0.361412346 -0.003046878 0.999976397 0.006157755 -0.610529900 -0.003695333 -0.006169001 0.999974132 16.275102615
0.999986410 0.003479020 0.003870280 0.377596796 -0.003502262 0.999975860 0.006014810 -0.622166574 -0.003849260 -0.006028283 0.999974430 16.728746414
0.999981463 0.004177831 0.004436076 0.385296941 -0.004204954 0.999972403 0.006122514 -0.627680242 -0.004410375 -0.006141053 0.999971449 17.200300217
0.999984324 0.003313124 0.004515384 0.398701340 -0.003340655 0.999975681 0.006103229 -0.644908547 -0.004495054 -0.006118218 0.999971151 17.666109085
0.999984324 0.002765647 0.004870500 0.410963804 -0.002796981 0.999975383 0.006438238 -0.655202031 -0.004852575 -0.006451759 0.999967396 18.080860138
0.999986947 0.002523615 0.004441013 0.431424350 -0.002551610 0.999976873 0.006309332 -0.666533709 -0.004424988 -0.006320581 0.999970198 18.554964066
0.999985993 0.002641114 0.004589408 0.446989894 -0.002671265 0.999974847 0.006575981 -0.675330222 -0.004571925 -0.006588148 0.999967813 19.027254105
0.999983490 0.003362197 0.004663005 0.460860252 -0.003393342 0.999971926 0.006687268 -0.696632385 -0.004640391 -0.006702981 0.999966741 19.513397217
0.999981701 0.003533899 0.004902165 0.471939176 -0.003565117 0.999973357 0.006374056 -0.701193571 -0.004879509 -0.006391415 0.999967635 19.996885300
0.999989271 0.002035914 0.004165455 0.494910121 -0.002066154 0.999971449 0.007268144 -0.743418694 -0.004150539 -0.007276672 0.999964893 20.417066574
0.999991298 0.002292032 0.003484118 0.502999306 -0.002314907 0.999975681 0.006576001 -0.744036198 -0.003468961 -0.006584010 0.999972284 20.915872574
0.999989688 0.002930661 0.003482202 0.509010077 -0.002955284 0.999970555 0.007087229 -0.764970541 -0.003461329 -0.007097447 0.999968827 21.427207947
0.999992609 0.002602332 0.002842464 0.528212965 -0.002623309 0.999969184 0.007401434 -0.769594669 -0.002823116 -0.007408836 0.999968529 21.926738739
0.999995291 0.001882945 0.002431985 0.522504628 -0.001901466 0.999969065 0.007635592 -0.797235608 -0.002417532 -0.007640181 0.999967873 22.379789352
0.999995947 0.002099339 0.001944693 0.524958491 -0.002113507 0.999971092 0.007311868 -0.808257520 -0.001929287 -0.007315947 0.999971390 22.908525467
0.999997735 0.001478507 0.001539644 0.529273093 -0.001489211 0.999974549 0.006974699 -0.824712694 -0.001529293 -0.006976975 0.999974489 23.464363098
0.999995351 0.002787277 0.001240824 0.526163697 -0.002796428 0.999968410 0.007435465 -0.841953039 -0.001220060 -0.007438899 0.999971569 23.990579605
0.999997020 0.002441855 0.000302995 0.544579923 -0.002444075 0.999968469 0.007556451 -0.857467711 -0.000284534 -0.007557169 0.999971390 24.484659195
0.999998033 0.001926715 -0.000511960 0.543030500 -0.001922663 0.999967754 0.007799951 -0.874924242 0.000526971 -0.007798951 0.999969423 24.931619644
0.999997675 0.001920089 -0.000985219 0.555217624 -0.001912387 0.999968052 0.007758943 -0.885643125 0.001000085 -0.007757040 0.999969423 25.482881546
0.999997675 0.001593594 -0.001461627 0.572575629 -0.001581838 0.999966741 0.008009079 -0.899574757 0.001474342 -0.008006748 0.999966800 26.032663345
0.999991655 0.003796396 -0.001530093 0.548569560 -0.003784369 0.999962509 0.007787769 -0.929610908 0.001559601 -0.007781912 0.999968469 26.640028000
0.999991953 0.003692666 -0.001551901 0.559863389 -0.003679514 0.999957979 0.008394153 -0.955528557 0.001582833 -0.008388375 0.999963582 27.054122925
0.999995291 0.002109271 -0.002214449 0.571437240 -0.002089171 0.999956965 0.009040062 -0.967568994 0.002233421 -0.009035394 0.999956727 27.601272583
0.999993563 0.002522326 -0.002545487 0.584105730 -0.002497964 0.999951482 0.009528984 -0.987922490 0.002569398 -0.009522565 0.999951363 28.131589890
0.999992251 0.002556253 -0.002979619 0.578681588 -0.002530537 0.999959767 0.008602691 -0.983474493 0.003001490 -0.008595086 0.999958515 28.697263718
0.999988496 0.003604458 -0.003168325 0.578504384 -0.003575590 0.999952495 0.009070261 -1.017507434 0.003200869 -0.009058828 0.999953806 29.172061920
0.999987960 0.003812829 -0.003096113 0.584608138 -0.003783971 0.999949872 0.009273761 -1.039761066 0.003131317 -0.009261933 0.999952197 29.712480545
0.999986351 0.003413546 -0.003950193 0.606373250 -0.003377011 0.999951780 0.009218864 -1.049124599 0.003981472 -0.009205398 0.999949753 30.263269424
0.999984562 0.003812518 -0.004045481 0.620859206 -0.003774113 0.999948144 0.009458871 -1.059031725 0.004081334 -0.009443454 0.999947131 30.746894836
0.999988794 0.002347719 -0.004115808 0.621457696 -0.002307704 0.999950290 0.009700062 -1.092294455 0.004138376 -0.009690455 0.999944508 31.262863159
0.999986827 0.002535129 -0.004459521 0.630318463 -0.002491575 0.999949455 0.009745257 -1.099578023 0.004484001 -0.009734018 0.999942601 31.809478760
0.999985516 0.002511118 -0.004786601 0.638715744 -0.002464927 0.999950528 0.009631847 -1.109013796 0.004810551 -0.009619907 0.999942243 32.355350494
0.999984622 0.002875637 -0.004738496 0.632089257 -0.002829566 0.999948978 0.009700998 -1.126904964 0.004766150 -0.009687441 0.999941707 32.890438080
0.999979675 0.004184278 -0.004811062 0.641663909 -0.004138423 0.999946356 0.009502035 -1.139215350 0.004850563 -0.009481930 0.999943316 33.430679321
0.999980390 0.003650164 -0.005085956 0.654904783 -0.003598434 0.999942064 0.010143623 -1.170929193 0.005122688 -0.010125122 0.999935627 33.961254120
0.999982834 0.002994512 -0.005034084 0.677238584 -0.002941910 0.999941349 0.010424328 -1.193927884 0.005065004 -0.010409341 0.999933004 34.390907288
0.999982655 0.002510031 -0.005320871 0.674087644 -0.002454241 0.999942303 0.010465909 -1.211297154 0.005346833 -0.010452669 0.999931157 34.956760406
0.999980450 0.003715215 -0.005052377 0.679168224 -0.003663359 0.999940932 0.010234431 -1.216739178 0.005090102 -0.010215722 0.999934912 35.482780457
0.999978602 0.003887505 -0.005262974 0.700375438 -0.003830752 0.999934912 0.010750959 -1.243327618 0.005304426 -0.010730567 0.999928415 36.004673004
0.999980271 0.003257016 -0.005382688 0.698961496 -0.003200833 0.999940693 0.010413704 -1.234879017 0.005416287 -0.010396270 0.999931276 36.591239929
0.999979973 0.002754084 -0.005692368 0.714166343 -0.002688817 0.999930918 0.011441739 -1.274228811 0.005723487 -0.011426204 0.999918342 37.036128998
0.999978900 0.002936572 -0.005801470 0.716777921 -0.002869722 0.999929726 0.011497861 -1.285862446 0.005834827 -0.011480967 0.999917090 37.579895020
0.999980092 0.002385304 -0.005839617 0.718640566 -0.002316358 0.999927878 0.011784959 -1.297803521 0.005867307 -0.011771197 0.999913514 38.077789307
0.999980688 0.002561029 -0.005667226 0.705860972 -0.002497082 0.999933481 0.011262021 -1.280949473 0.005695691 -0.011247652 0.999920547 38.632301331
0.999982119 0.002276925 -0.005522247 0.690798163 -0.002213334 0.999931574 0.011494387 -1.294816017 0.005548040 -0.011481958 0.999918699 39.132320404
0.999979556 0.001726540 -0.006171620 0.747176647 -0.001649073 0.999920070 0.012535294 -1.344249725 0.006192771 -0.012524858 0.999902368 39.705581665
0.999978006 0.002176095 -0.006267722 0.763010204 -0.002098383 0.999921203 0.012378819 -1.354458690 0.006294165 -0.012365395 0.999903679 40.167282104
0.999976635 0.002233672 -0.006464012 0.766959429 -0.002152936 0.999919891 0.012470350 -1.362174273 0.006491348 -0.012456142 0.999901295 40.714149475
0.999976218 0.001761990 -0.006665018 0.776970983 -0.001676448 0.999916494 0.012818371 -1.374570608 0.006687046 -0.012806893 0.999895632 41.262931824
0.999976277 0.001845701 -0.006634370 0.779069066 -0.001760897 0.999917030 0.012765720 -1.385876894 0.006657380 -0.012753735 0.999896467 41.806407928
0.999975264 0.001694161 -0.006826945 0.792171717 -0.001599097 0.999902070 0.013906287 -1.428033233 0.006849836 -0.013895026 0.999880016 42.325210571
0.999979556 0.002372658 -0.005937838 0.760621548 -0.002295726 0.999913752 0.012929623 -1.421375155 0.005968004 -0.012915727 0.999898732 42.870136261
0.999976575 0.001828245 -0.006585501 0.797580957 -0.001743763 0.999916375 0.012811492 -1.420113564 0.006608373 -0.012799710 0.999896228 43.330364227
0.999972522 0.001513490 -0.007249923 0.814712405 -0.001423599 0.999922216 0.012388100 -1.425319910 0.007268108 -0.012377439 0.999896944 43.886638641
0.999970615 0.001176580 -0.007571802 0.822224021 -0.001076993 0.999913096 0.013142915 -1.437615752 0.007586608 -0.013134374 0.999884963 44.412193298
0.999971688 0.001009398 -0.007446764 0.833137155 -0.000916114 0.999921262 0.012519445 -1.442946672 0.007458816 -0.012512270 0.999893904 44.957271576
0.999977350 0.002515458 -0.006241497 0.827605367 -0.002433680 0.999911547 0.013075497 -1.488389254 0.006273836 -0.013060012 0.999895036 45.405170441
0.999976635 0.002075402 -0.006513146 0.835595369 -0.001992773 0.999917865 0.012667318 -1.488334894 0.006538901 -0.012654043 0.999898553 45.948802948
0.999973238 0.002638817 -0.006828744 0.846839190 -0.002551857 0.999916017 0.012711816 -1.499008298 0.006861714 -0.012694050 0.999895871 46.489707947
0.999974310 0.002952207 -0.006526100 0.831598222 -0.002869486 0.999915898 0.012648731 -1.509951711 0.006562894 -0.012629682 0.999898732 47.042488098
0.999976337 0.002434858 -0.006436622 0.831624508 -0.002346061 0.999902368 0.013767329 -1.535345197 0.006469517 -0.013751904 0.999884546 47.567058563
0.999973655 0.001961204 -0.006977435 0.880717814 -0.001869769 0.999912560 0.013086853 -1.528966904 0.007002493 -0.013073466 0.999890029 48.026260376
0.999975979 0.001925379 -0.006641221 0.881659865 -0.001839173 0.999914229 0.012962169 -1.534284592 0.006665610 -0.012949646 0.999893963 48.565784454
0.999975145 0.002995484 -0.006374441 0.871806741 -0.002910072 0.999906421 0.013366366 -1.551830411 0.006413884 -0.013347484 0.999890327 49.110706329
0.999978304 0.002262405 -0.006174375 0.880879998 -0.002182560 0.999914348 0.012907961 -1.557920456 0.006203049 -0.012894206 0.999897659 49.636276245
0.999974132 0.001895705 -0.006934347 0.899792850 -0.001799583 0.999902606 0.013841769 -1.569543242 0.006959912 -0.013828934 0.999880075 50.124073029
0.999974370 0.001646762 -0.006964883 0.908798933 -0.001552810 0.999908030 0.013473338 -1.580360174 0.006986430 -0.013462178 0.999884903 50.665481567
0.999975681 0.001979750 -0.006676059 0.914132953 -0.001888418 0.999904931 0.013659145 -1.588172436 0.006702466 -0.013646205 0.999884367 51.197681427
0.999975920 0.002170267 -0.006586814 0.925825059 -0.002083376 0.999911189 0.013169955 -1.595272541 0.006614811 -0.013155915 0.999891520 51.715179443
0.999974668 0.001749680 -0.006897372 0.929962337 -0.001657692 0.999909878 0.013319986 -1.606025696 0.006920057 -0.013308214 0.999887466 52.232131958
0.999970376 0.001693338 -0.007508247 0.975547671 -0.001595993 0.999914944 0.012952183 -1.598413706 0.007529541 -0.012939817 0.999887943 52.761432648
0.999974251 0.001117761 -0.007090090 0.951448739 -0.001022138 0.999908686 0.013476074 -1.635474682 0.007104505 -0.013468482 0.999884069 53.236019135
0.999969184 0.000888670 -0.007792836 0.965746164 -0.000784638 0.999910593 0.013342571 -1.638869405 0.007803997 -0.013336047 0.999880672 53.778938293
0.999973536 0.001207319 -0.007174854 0.948461533 -0.001108789 0.999905229 0.013720772 -1.659579277 0.007190741 -0.013712454 0.999880195 54.308090210
0.999973655 0.001303334 -0.007144028 0.969926476 -0.001209904 0.999913931 0.013066757 -1.654546142 0.007160443 -0.013057768 0.999889076 54.821971893
0.999972582 0.000679956 -0.007384095 0.980137825 -0.000583515 0.999914587 0.013054903 -1.654839993 0.007392343 -0.013050234 0.999887466 55.308109283
0.999975622 0.000769114 -0.006942085 0.969451010 -0.000671049 0.999900043 0.014117412 -1.690731764 0.006952250 -0.014112409 0.999876201 55.794963837
0.999976873 0.001069989 -0.006715228 0.975270271 -0.000977830 0.999905527 0.013712202 -1.701030135 0.006729266 -0.013705319 0.999883354 56.330413818
0.999976158 0.000524666 -0.006890328 0.983042777 -0.000430667 0.999906898 0.013636618 -1.699545383 0.006896842 -0.013633324 0.999883294 56.880321503
0.999974549 0.000320789 -0.007134695 0.998193622 -0.000224111 0.999908149 0.013547147 -1.707226992 0.007138387 -0.013545201 0.999882817 57.403259277
0.999977052 -0.000046987 -0.006776217 0.979150176 0.000142151 0.999901295 0.014044004 -1.728846312 0.006774889 -0.014044644 0.999878407 57.852630615
0.999973118 -0.000781107 -0.007289097 0.994081259 0.000883601 0.999900639 0.014068610 -1.737383127 0.007277383 -0.014074674 0.999874473 58.402210236
0.999973536 -0.001082674 -0.007191196 0.999694943 0.001181094 0.999905527 0.013696069 -1.740644455 0.007175688 -0.013704199 0.999880314 58.934776306
0.999970019 -0.000617356 -0.007726655 1.069021821 0.000727412 0.999898255 0.014248891 -1.762962937 0.007717072 -0.014254084 0.999868631 59.369754791
0.999967813 -0.001434381 -0.007889877 1.040413141 0.001542179 0.999905288 0.013673804 -1.755530119 0.007869517 -0.013685532 0.999875367 59.898418427
0.999968767 -0.001552766 -0.007745807 1.062201023 0.001660967 0.999900877 0.013982249 -1.789179802 0.007723328 -0.013994678 0.999872267 60.430160522
0.999968886 -0.001096478 -0.007816488 1.066964865 0.001205767 0.999901414 0.013990883 -1.797477484 0.007800376 -0.013999872 0.999871612 60.958469391
0.999966741 -0.001359619 -0.008040013 1.076425076 0.001471949 0.999901116 0.013981990 -1.809317350 0.008020209 -0.013993358 0.999869943 61.495483398
0.999963343 -0.001802934 -0.008379360 1.063411593 0.001919014 0.999902010 0.013865831 -1.816203117 0.008353542 -0.013881400 0.999868810 62.055809021
0.999955595 -0.001766630 -0.009254014 1.112389088 0.001895439 0.999901175 0.013928918 -1.801590919 0.009228493 -0.013945838 0.999860168 62.546737671
0.999957979 -0.003045258 -0.008645241 1.099196911 0.003163832 0.999900579 0.013735107 -1.824518204 0.008602556 -0.013761884 0.999868274 63.066688538
0.999961615 -0.003031066 -0.008217101 1.106444836 0.003143544 0.999900997 0.013710137 -1.831147194 0.008174732 -0.013735443 0.999872208 63.608028412
0.999967635 -0.002394900 -0.007681047 1.100374937 0.002498715 0.999905288 0.013534629 -1.843762994 0.007647905 -0.013553385 0.999878883 64.169525146
0.999958694 -0.003663957 -0.008318081 1.116520643 0.003778857 0.999897003 0.013839853 -1.840736866 0.008266516 -0.013870712 0.999869585 64.688858032
0.999963343 -0.003116086 -0.007973196 1.097592592 0.003225046 0.999901116 0.013689681 -1.856932878 0.007929751 -0.013714894 0.999874473 65.159934998
0.999965310 -0.003090704 -0.007734579 1.099532366 0.003193147 0.999906957 0.013267780 -1.868041039 0.007692854 -0.013292017 0.999882042 65.693290710
0.999958634 -0.003493222 -0.008393174 1.137142897 0.003602219 0.999908984 0.013006548 -1.864605904 0.008346976 -0.013036245 0.999880195 66.202400208
0.999960423 -0.003441665 -0.008197322 1.134181023 0.003549366 0.999907136 0.013160520 -1.881722331 0.008151269 -0.013189097 0.999879837 66.783676147
0.999955952 -0.004002085 -0.008484057 1.151490808 0.004117039 0.999899328 0.013575524 -1.898337960 0.008428873 -0.013609855 0.999871850 67.258155823
0.999947608 -0.004823269 -0.009029281 1.170180559 0.004941053 0.999902427 0.013068004 -1.902720332 0.008965371 -0.013111930 0.999873817 67.808670044
0.999953032 -0.004404014 -0.008628459 1.171238184 0.004516258 0.999904931 0.013032620 -1.914729357 0.008570245 -0.013070976 0.999877810 68.364921570
0.999958158 -0.004146541 -0.008147495 1.169282317 0.004249607 0.999910653 0.012673602 -1.924116969 0.008094215 -0.012707694 0.999886453 68.911735535
0.999950349 -0.004812428 -0.008725874 1.180907726 0.004928679 0.999898732 0.013350359 -1.940979242 0.008660743 -0.013392703 0.999872804 69.362487793
0.999951124 -0.004773208 -0.008657751 1.181305885 0.004887009 0.999901235 0.013171133 -1.949080110 0.008594028 -0.013212800 0.999875724 69.917381287
0.999953866 -0.004449948 -0.008516106 1.184958696 0.004561700 0.999903083 0.013148342 -1.965056181 0.008456771 -0.013186583 0.999877274 70.465164185
0.999952912 -0.004780031 -0.008440541 1.168389082 0.004883953 0.999911904 0.012334893 -1.977875710 0.008380838 -0.012375535 0.999888241 70.993431091
0.999948740 -0.005567855 -0.008459209 1.183501244 0.005678053 0.999898612 0.013059289 -1.990675688 0.008385640 -0.013106653 0.999878883 71.454307556
0.999948382 -0.005485133 -0.008557604 1.192524076 0.005594377 0.999902487 0.012794400 -1.999299049 0.008486590 -0.012841614 0.999881446 72.012626648
0.999958277 -0.004288687 -0.008073590 1.201461554 0.004390527 0.999910533 0.012638810 -2.013075829 0.008018665 -0.012673731 0.999887526 72.559982300
0.999946654 -0.005261433 -0.008898142 1.259963393 0.005378075 0.999899268 0.013135741 -2.047137022 0.008828134 -0.013182895 0.999874055 73.040809631
0.999944448 -0.006104086 -0.008589653 1.229311705 0.006213767 0.999898672 0.012800753 -2.029479027 0.008510648 -0.012853416 0.999881089 73.601097107
0.999937594 -0.006842407 -0.008825964 1.237738252 0.006955831 0.999892712 0.012885131 -2.041127205 0.008736854 -0.012945717 0.999877989 74.143783569
0.999939322 -0.006807997 -0.008657395 1.247313499 0.006920144 0.999891579 0.012990533 -2.052731991 0.008568020 -0.013049657 0.999878049 74.711868286
0.999947608 -0.005942457 -0.008330447 1.235089302 0.006044895 0.999905705 0.012326071 -2.058597088 0.008256417 -0.012375781 0.999889255 75.276977539
0.999942780 -0.006340892 -0.008607514 1.286432743 0.006445891 0.999904454 0.012226109 -2.082076073 0.008529169 -0.012280892 0.999888182 75.804481506
0.999933362 -0.007283622 -0.008955719 1.267723799 0.007392955 0.999897778 0.012236296 -2.077737331 0.008865681 -0.012301691 0.999884963 76.245819092
0.999932945 -0.007422783 -0.008889490 1.269396544 0.007529504 0.999899209 0.012032624 -2.084516048 0.008799281 -0.012098752 0.999888062 76.811363220
0.999931097 -0.007491435 -0.009039260 1.300893068 0.007601042 0.999897182 0.012152769 -2.102905750 0.008947290 -0.012220638 0.999885261 77.374130249
0.999951839 -0.006601480 -0.007255302 1.289991379 0.006686272 0.999908924 0.011725498 -2.102319241 0.007177236 -0.011773447 0.999904931 77.851791382
0.999965847 -0.005998802 -0.005683559 1.302627683 0.006064968 0.999913216 0.011696874 -2.120253325 0.005612899 -0.011730945 0.999915421 78.387916565
0.999975502 -0.005590402 -0.004208538 1.305998325 0.005638187 0.999918878 0.011429364 -2.135050058 0.004144302 -0.011452813 0.999925852 78.958099365
0.999972284 -0.006632313 -0.003357238 1.323042035 0.006670691 0.999911010 0.011552426 -2.131463051 0.003280320 -0.011574504 0.999927640 79.424865723
0.999979436 -0.006396434 -0.000374459 1.336713314 0.006400401 0.999910116 0.011778031 -2.145361423 0.000299088 -0.011780186 0.999930501 79.972702026
0.999980032 -0.005392163 0.003292316 1.357591271 0.005352031 0.999912739 0.012079025 -2.171065092 -0.003357161 -0.012061163 0.999921620 80.537887573
0.999963164 -0.005549818 0.006548183 1.377074003 0.005471933 0.999914706 0.011852831 -2.170876265 -0.006613405 -0.011816560 0.999908328 81.034538269
0.999927580 -0.005822425 0.010530198 1.411541462 0.005701227 0.999917567 0.011503228 -2.172872543 -0.010596308 -0.011442360 0.999878407 81.574195862
0.999845505 -0.005574023 0.016667340 1.433707476 0.005380059 0.999917507 0.011659672 -2.174823284 -0.016730959 -0.011568198 0.999793053 82.095649719
0.999733925 -0.005641988 0.022362718 1.468198180 0.005397309 0.999925017 0.010986710 -2.169161797 -0.022423033 -0.010863091 0.999689519 82.633743286
0.999592066 -0.006809309 0.027735837 1.489386320 0.006484977 0.999909759 0.011766819 -2.214853525 -0.027813457 -0.011582153 0.999546051 83.152305603
0.999326527 -0.006829265 0.036051799 1.554680228 0.006383192 0.999901831 0.012473753 -2.240743160 -0.036133446 -0.012235226 0.999271989 83.624771118
0.998982072 -0.006560926 0.044626735 1.589312553 0.006027427 0.999908924 0.012078761 -2.242016792 -0.044701915 -0.011797480 0.998930752 84.202110291
0.998640120 -0.006537319 0.051721253 1.618583918 0.005911282 0.999907553 0.012247782 -2.249157906 -0.051796541 -0.011925388 0.998586416 84.725227356
0.998141944 -0.006536512 0.060580384 1.678795815 0.005831014 0.999913216 0.011815128 -2.255105495 -0.060652353 -0.011439929 0.998093367 85.274993896
0.997474313 -0.006247015 0.070753545 1.738260746 0.005412753 0.999913633 0.011976701 -2.265435219 -0.070822239 -0.011563479 0.997421980 85.824272156
0.996804953 -0.007211722 0.079548925 1.779031277 0.006270671 0.999907494 0.012073309 -2.271313429 -0.079628639 -0.011535908 0.996757865 86.327011108
0.996116579 -0.006698778 0.087789372 1.860425949 0.005630813 0.999907196 0.012407090 -2.296332359 -0.087864324 -0.011864580 0.996061802 86.861022949
0.995212138 -0.007203669 0.097472914 1.959679604 0.005981588 0.999899864 0.012824074 -2.311402559 -0.097555533 -0.012179630 0.995155573 87.382812500
0.994175792 -0.008705926 0.107418366 2.059955597 0.007369767 0.999890506 0.012829553 -2.353518486 -0.107518308 -0.011963183 0.994131088 87.811927795
0.993092895 -0.008207026 0.117043801 2.134645462 0.006733445 0.999893069 0.012979867 -2.364263058 -0.117137812 -0.012102105 0.993041992 88.362419128
0.991767704 -0.009318842 0.127710119 2.232064247 0.007733260 0.999886811 0.012905708 -2.366779804 -0.127815932 -0.011811848 0.991727591 88.902198792
0.990111172 -0.008792069 0.140009344 2.322760582 0.007004562 0.999887705 0.013254738 -2.384530306 -0.140110150 -0.012142960 0.990061462 89.441329956
0.988569975 -0.009603488 0.150456518 2.428133011 0.007739733 0.999885976 0.012968039 -2.389854908 -0.150563896 -0.011655320 0.988531590 89.968368530
0.987036169 -0.009590523 0.160211429 2.536186218 0.007570887 0.999884009 0.013211749 -2.397429705 -0.160319537 -0.011827528 0.986994267 90.514640808
0.984979928 -0.009590859 0.172402725 2.650775909 0.007408281 0.999884129 0.013298753 -2.408257008 -0.172510311 -0.011821796 0.984936774 91.043205261
0.982758164 -0.010128321 0.184617892 2.773304939 0.007863318 0.999884605 0.012996648 -2.418004990 -0.184728220 -0.011320851 0.982724428 91.574119568
0.980719328 -0.011073134 0.195107922 2.905887604 0.008738033 0.999879539 0.012824926 -2.425285101 -0.195226416 -0.010872792 0.980697989 92.099914551
0.977976084 -0.010972412 0.208427846 3.046896935 0.008470362 0.999881029 0.012893164 -2.432492733 -0.208544493 -0.010843749 0.977952719 92.645935059
0.974955380 -0.011237793 0.222116500 3.172367096 0.008500256 0.999875844 0.013276927 -2.430347681 -0.222238094 -0.011056365 0.974929750 93.144378662
0.972273052 -0.010630868 0.233606845 3.323337555 0.007687142 0.999879181 0.013508091 -2.438984871 -0.233722240 -0.011337782 0.972237229 93.698951721
0.969157755 -0.010525328 0.246216193 3.490749359 0.007430355 0.999881327 0.013495829 -2.445408344 -0.246329024 -0.011250113 0.969120920 94.227363586
0.965600133 -0.011811315 0.259762913 3.653310776 0.008442478 0.999865234 0.014080776 -2.482917786 -0.259894222 -0.011403358 0.965569675 94.666442871
0.962148130 -0.012134765 0.272256702 3.831624985 0.008495355 0.999858141 0.014542365 -2.495992661 -0.272394598 -0.011678993 0.962114692 95.189079285
0.958832502 -0.012192243 0.283710182 4.015943527 0.008420411 0.999859273 0.014510448 -2.508035660 -0.283847153 -0.011524133 0.958800256 95.713027954
0.954635680 -0.013051083 0.297490239 4.196615219 0.009121391 0.999851823 0.014593912 -2.508694649 -0.297636598 -0.011218346 0.954613328 96.242416382
0.950221419 -0.013122222 0.311299175 4.396818161 0.008896157 0.999848008 0.014991720 -2.519080400 -0.311448634 -0.011476087 0.950193644 96.764739990
0.946392119 -0.013097420 0.322754741 4.582241058 0.008714064 0.999849141 0.015022322 -2.528648376 -0.322902858 -0.011404499 0.946363449 97.259826660
0.941855013 -0.012834281 0.335774332 4.772659302 0.008245136 0.999852121 0.015089485 -2.543352604 -0.335918397 -0.011443601 0.941821635 97.754158020
0.937093019 -0.014415690 0.348781943 5.016126633 0.009619113 0.999833822 0.015480421 -2.552362204 -0.348947197 -0.011151622 0.937075973 98.225639343
0.932303965 -0.014366996 0.361390144 5.237957001 0.009414857 0.999836087 0.015460116 -2.559670925 -0.361553043 -0.011011091 0.932286501 98.735572815
0.927915275 -0.015187653 0.372481525 5.456123352 0.010284399 0.999832392 0.015147207 -2.572054386 -0.372649133 -0.010224577 0.927915931 99.232093811
0.922205806 -0.015324251 0.386395931 5.678703308 0.009862832 0.999821544 0.016112890 -2.586735487 -0.386573881 -0.011048441 0.922192276 99.671234131
0.916646123 -0.015998149 0.399379313 5.909671783 0.010212583 0.999809861 0.016610237 -2.607835770 -0.399569035 -0.011147014 0.916635334 100.150367737
0.912055373 -0.016827967 0.409721702 6.161315918 0.010978475 0.999801517 0.016625073 -2.608563900 -0.409920126 -0.010664868 0.912059069 100.647003174
0.906595230 -0.016857650 0.421664387 6.419044495 0.010631735 0.999796987 0.017112065 -2.634273052 -0.421867341 -0.011030694 0.906590462 101.083175659
0.899899483 -0.016752066 0.435775399 6.663383484 0.010225574 0.999797702 0.017317846 -2.655815125 -0.435977250 -0.011128268 0.899888873 101.562515259
0.894171238 -0.017765125 0.447372288 6.928794861 0.010975272 0.999781966 0.017764792 -2.669212818 -0.447590381 -0.010974735 0.894171417 102.040107727
0.888257325 -0.017970517 0.458994538 7.176464081 0.011190904 0.999784410 0.017486578 -2.634199619 -0.459209859 -0.010396017 0.888266981 102.542846680
0.880934894 -0.017517388 0.472913265 7.457916260 0.010677304 0.999795914 0.017144384 -2.639968395 -0.473117173 -0.010053647 0.880942166 103.014450073
