1.000000000 0.000000000 0.000000000 0.000000000 0.000000000 1.000000000 0.000000000 0.000000000 0.000000000 0.000000000 1.000000000 0.000000000
1.000000000 -0.000027083 -0.000063909 0.000685473 0.000027095 1.000000000 0.000184377 -0.001211035 0.000063904 -0.000184378 1.000000000 -0.000538945
1.000000000 0.000074521 -0.000114689 0.001151622 -0.000074517 1.000000000 0.000031130 -0.000095692 0.000114692 -0.000031121 1.000000000 -0.001202652
1.000000000 0.000136419 0.000009232 -0.000006048 -0.000136419 1.000000000 0.000028475 -0.000266669 -0.000009228 -0.000028476 1.000000000 0.001441028
1.000000000 0.000015352 -0.000038184 0.000213833 -0.000015352 1.000000000 0.000010194 -0.000542962 0.000038184 -0.000010193 1.000000000 -0.001039719
1.000000000 -0.000013234 -0.000150969 0.000579141 0.000013246 1.000000000 0.000083174 -0.000974096 0.000150968 -0.000083176 1.000000000 -0.000703741
1.000000000 -0.000075315 -0.000006827 0.000536140 0.000075315 1.000000000 -0.000009456 -0.000140663 0.000006827 0.000009455 1.000000000 0.000587781
1.000000000 0.000019670 0.000070205 0.000410974 -0.000019671 1.000000000 0.000019544 0.000301397 -0.000070205 -0.000019545 1.000000000 0.002069804
1.000000000 -0.000011906 0.000012917 0.000236847 0.000011906 1.000000000 -0.000032109 0.000184060 -0.000012917 0.000032109 1.000000000 0.001038181
1.000000000 -0.000118202 -0.000001655 0.001309157 0.000118202 1.000000000 -0.000002596 0.000667174 0.000001655 0.000002596 1.000000000 0.001684880
1.000000000 0.000008496 -0.000105378 0.001585284 -0.000008484 1.000000000 0.000110461 -0.001025600 0.000105379 -0.000110460 1.000000000 -0.000313265
1.000000000 0.000147754 0.000067004 -0.000078459 -0.000147749 1.000000000 -0.000069632 0.001098819 -0.000067015 0.000069622 1.000000000 0.001207210
0.999999940 -0.000234698 -0.000116542 0.001043975 0.000234713 0.999999940 0.000127924 -0.001072374 0.000116512 -0.000127951 1.000000000 -0.001516636
1.000000000 0.000091170 0.000093340 -0.000653363 -0.000091188 1.000000000 0.000195076 -0.001066960 -0.000093322 -0.000195085 1.000000000 0.001010183
1.000000000 -0.000024773 -0.000007989 0.000722230 0.000024774 1.000000000 0.000137266 -0.000632979 0.000007985 -0.000137266 1.000000000 -0.000382061
1.000000000 -0.000125007 -0.000116451 0.000537814 0.000125018 1.000000000 0.000095567 -0.001056655 0.000116439 -0.000095582 1.000000000 -0.001976166
1.000000000 0.000069392 0.000114828 -0.001041612 -0.000069401 1.000000000 0.000083758 -0.000272291 -0.000114822 -0.000083766 1.000000000 0.001749484
1.000000000 -0.000083110 -0.000118462 0.000427346 0.000083121 1.000000000 0.000087906 -0.000774986 0.000118454 -0.000087916 1.000000000 -0.000112019
1.000000000 -0.000112226 0.000089656 0.000064369 0.000112229 1.000000000 -0.000031287 0.000058236 -0.000089653 0.000031297 1.000000000 -0.000582593
1.000000000 -0.000139584 -0.000045638 0.000842887 0.000139589 1.000000000 0.000122824 -0.000669338 0.000045621 -0.000122830 1.000000000 0.000129157
1.000000000 0.000135228 -0.000002939 0.000155914 -0.000135228 1.000000000 -0.000024155 -0.000177155 0.000002936 0.000024156 1.000000000 -0.000393722
1.000000000 0.000077976 -0.000035532 0.000089897 -0.000077975 1.000000000 0.000027838 0.000155646 0.000035534 -0.000027835 1.000000000 0.000213775
1.000000000 0.000095645 0.000094286 -0.000061318 -0.000095658 1.000000000 0.000130732 -0.000587789 -0.000094274 -0.000130741 1.000000000 0.001247110
1.000000000 0.000116141 0.000045213 0.000160351 -0.000116148 1.000000000 0.000148995 0.000166608 -0.000045196 -0.000149000 1.000000000 0.000659690
1.000000000 -0.000013729 -0.000214949 0.001917713 0.000013760 1.000000000 0.000144982 -0.000465172 0.000214947 -0.000144985 0.999999940 0.000763791
1.000000000 0.000084022 -0.000125802 0.000857799 -0.000084013 1.000000000 0.000072928 -0.000382115 0.000125808 -0.000072918 1.000000000 -0.001807043
1.000000000 0.000138984 -0.000131082 0.001021916 -0.000138993 1.000000000 -0.000072218 0.000238321 0.000131072 0.000072237 1.000000000 -0.000443447
1.000000000 0.000082180 -0.000120393 0.000589396 -0.000082175 1.000000000 0.000039397 -0.000468549 0.000120397 -0.000039387 1.000000000 -0.000884597
1.000000000 -0.000170001 -0.000115446 0.000204277 0.000170020 1.000000000 0.000167856 -0.000728004 0.000115417 -0.000167875 1.000000000 -0.000920060
1.000000000 0.000070005 -0.000083183 0.000672258 -0.000070011 1.000000000 -0.000079989 0.000572978 0.000083178 0.000079995 1.000000000 -0.000757956
1.000000000 0.000044368 -0.000128826 0.000622854 -0.000044345 1.000000000 0.000176738 -0.000470125 0.000128834 -0.000176732 1.000000000 -0.001505926
1.000000000 0.000024396 -0.000146833 0.000803621 -0.000024390 1.000000000 0.000043690 0.000143610 0.000146834 -0.000043686 1.000000000 0.000173111
1.000000000 -0.000192414 -0.000071685 0.000650456 0.000192414 1.000000000 -0.000008386 0.000135274 0.000071687 0.000008372 1.000000000 0.000027630
1.000000000 -0.000068582 -0.000161331 0.001387612 0.000068579 1.000000000 -0.000019696 0.000978918 0.000161333 0.000019685 1.000000000 0.001370554
1.000000000 -0.000003047 -0.000033421 0.000586000 0.000003046 1.000000000 -0.000050487 0.001400341 0.000033421 0.000050487 1.000000000 0.002240570
1.000000000 -0.000110179 -0.000087296 0.001148156 0.000110174 1.000000000 -0.000056888 0.002069836 0.000087302 0.000056878 1.000000000 0.002619796
1.000000000 -0.000045499 -0.000013395 0.000405293 0.000045501 1.000000000 0.000129872 0.000379794 0.000013389 -0.000129873 1.000000000 0.001674912
1.000000000 0.000027080 0.000021383 0.000199097 -0.000027082 1.000000000 0.000099142 0.000279954 -0.000021380 -0.000099143 1.000000000 0.001003727
1.000000000 -0.000115797 0.000038531 0.000466449 0.000115799 1.000000000 -0.000048534 0.001244086 -0.000038526 0.000048538 1.000000000 0.000727836
1.000000000 -0.000199656 0.000088247 0.001363865 0.000199668 1.000000000 -0.000135352 0.000338551 -0.000088220 0.000135369 1.000000000 0.000141734
1.000000000 -0.000201700 0.000125671 0.000874599 0.000201777 0.999999762 -0.000619665 -0.001955400 -0.000125546 0.000619690 0.999999821 0.051905740
1.000000000 0.000211583 -0.000031670 0.002110354 -0.000211619 0.999999285 -0.001165961 -0.005055437 0.000031423 0.001165968 0.999999344 0.135212928
0.999999821 0.000636424 -0.000073281 0.003907871 -0.000636522 0.999998868 -0.001343647 -0.007449426 0.000072426 0.001343693 0.999999106 0.251883984
0.999999702 0.000241638 -0.000711632 0.012631416 -0.000241549 0.999999940 0.000124550 -0.026546564 0.000711662 -0.000124379 0.999999702 0.369881392
1.000000000 -0.000101822 -0.000329754 0.012452538 0.000101840 1.000000000 0.000056408 -0.028801505 0.000329748 -0.000056442 0.999999940 0.511556983
0.999999762 -0.000148686 -0.000540791 0.016898641 0.000148789 1.000000000 0.000190367 -0.035700440 0.000540762 -0.000190447 0.999999821 0.656295359
0.999999881 -0.000171834 -0.000334307 0.020961694 0.000172027 0.999999821 0.000578040 -0.040633887 0.000334207 -0.000578098 0.999999821 0.818930149
0.999999940 -0.000221917 -0.000246173 0.023316041 0.000222010 0.999999940 0.000380098 -0.042322248 0.000246089 -0.000380152 0.999999881 0.986855567
0.999999940 0.000118376 -0.000370302 0.023011679 -0.000118122 0.999999762 0.000685999 -0.048247650 0.000370384 -0.000685955 0.999999702 1.166854620
0.999999940 -0.000265036 -0.000302576 0.028384661 0.000265229 0.999999762 0.000637868 -0.049041115 0.000302407 -0.000637948 0.999999762 1.362945557
0.999999762 -0.000116484 -0.000493085 0.031880103 0.000116877 0.999999642 0.000797447 -0.058928847 0.000492992 -0.000797505 0.999999583 1.542471409
0.999999821 -0.000350517 -0.000564002 0.041947916 0.000351005 0.999999583 0.000865325 -0.061577443 0.000563698 -0.000865522 0.999999523 1.740624905
0.999999642 -0.000007918 -0.000769475 0.043492377 0.000008869 0.999999225 0.001236548 -0.072235517 0.000769465 -0.001236554 0.999998868 1.943412304
0.999999821 -0.000286025 -0.000402459 0.046546448 0.000286576 0.999998987 0.001368786 -0.079609655 0.000402067 -0.001368901 0.999998927 2.149352074
0.999999762 0.000049220 -0.000580035 0.050610766 -0.000048528 0.999999225 0.001193852 -0.082932390 0.000580094 -0.001193824 0.999999106 2.367399931
0.999999642 -0.000108236 -0.000799038 0.060154207 0.000109300 0.999999046 0.001331806 -0.094221689 0.000798893 -0.001331893 0.999998808 2.587388277
0.999999881 0.000202254 -0.000184402 0.053713921 -0.000201929 0.999998391 0.001760210 -0.104504697 0.000184758 -0.001760173 0.999998450 2.809017420
0.999999940 0.000091815 -0.000151225 0.058726113 -0.000091571 0.999998629 0.001609259 -0.107057005 0.000151373 -0.001609245 0.999998689 3.042431116
0.999999702 -0.000597020 -0.000563644 0.063819617 0.000597928 0.999998450 0.001612172 -0.113229178 0.000562680 -0.001612508 0.999998510 3.285670280
0.999999821 -0.000038038 -0.000428013 0.073967904 0.000038756 0.999998510 0.001676879 -0.122291669 0.000427949 -0.001676896 0.999998510 3.532326460
0.999999762 0.000066599 -0.000601544 0.078504652 -0.000065393 0.999997914 0.002004946 -0.130199566 0.000601676 -0.002004906 0.999997854 3.790250301
0.999999940 -0.000157882 -0.000081270 0.077834256 0.000157984 0.999999225 0.001252728 -0.130536363 0.000081072 -0.001252741 0.999999166 4.055007458
0.999999881 0.000304185 -0.000398102 0.086070016 -0.000303345 0.999997854 0.002108384 -0.142366394 0.000398742 -0.002108263 0.999997675 4.302726269
0.999999702 -0.000306864 -0.000667592 0.096212447 0.000308133 0.999998093 0.001901050 -0.148397893 0.000667007 -0.001901255 0.999997973 4.560186386
0.999999821 -0.000275175 -0.000568816 0.102073692 0.000276191 0.999998331 0.001786167 -0.154544875 0.000568324 -0.001786323 0.999998212 4.819265366
0.999999940 0.000399689 -0.000083463 0.097842120 -0.000399514 0.999997735 0.002087653 -0.160588995 0.000084297 -0.002087619 0.999997795 5.076486588
1.000000000 0.000092171 -0.000149716 0.104555540 -0.000091902 0.999998331 0.001799464 -0.165894940 0.000149881 -0.001799451 0.999998331 5.344557762
0.999999762 0.000571714 0.000203590 0.106235392 -0.000572093 0.999998093 0.001868173 -0.172025740 -0.000202521 -0.001868289 0.999998212 5.620449066
1.000000000 -0.000212696 0.000008288 0.104660988 0.000212679 0.999997854 0.002049386 -0.182752788 -0.000008723 -0.002049384 0.999997914 5.882526398
0.999999940 -0.000381333 -0.000098869 0.117533401 0.000381553 0.999997377 0.002233392 -0.190931424 0.000098017 -0.002233430 0.999997497 6.157138348
1.000000000 -0.000268879 -0.000108983 0.120543510 0.000269064 0.999998510 0.001693632 -0.194818199 0.000108528 -0.001693661 0.999998569 6.452523232
1.000000000 0.000043530 -0.000111924 0.128737241 -0.000043317 0.999998152 0.001901621 -0.207009926 0.000112007 -0.001901616 0.999998212 6.723872662
0.999999940 0.000401747 0.000062138 0.131245553 -0.000401881 0.999997556 0.002181350 -0.220565364 -0.000061261 -0.002181375 0.999997616 7.032974243
0.999999881 0.000423337 0.000294611 0.138933048 -0.000423954 0.999997675 0.002097274 -0.228630900 -0.000293722 -0.002097398 0.999997795 7.328834057
0.999999940 0.000061843 0.000285956 0.142864123 -0.000062337 0.999998510 0.001728592 -0.231795356 -0.000285849 -0.001728609 0.999998450 7.653384209
0.999999702 0.000724639 0.000391428 0.148710728 -0.000725494 0.999997377 0.002187002 -0.247928113 -0.000389842 -0.002187285 0.999997497 7.967447281
0.999999225 0.000875451 0.000904905 0.142954856 -0.000877921 0.999995887 0.002733005 -0.266087741 -0.000902509 -0.002733797 0.999995828 8.279389381
0.999999046 0.001078798 0.000881812 0.148937657 -0.001081440 0.999994934 0.003001343 -0.280801535 -0.000878570 -0.003002294 0.999995112 8.595508575
0.999998033 0.001234471 0.001575289 0.148475662 -0.001238648 0.999995768 0.002652922 -0.282988310 -0.001572007 -0.002654868 0.999995232 8.942597389
0.999999464 0.000815013 0.000695868 0.167507276 -0.000817654 0.999992430 0.003803135 -0.305563509 -0.000692763 -0.003803702 0.999992490 9.256550789
0.999998271 0.001080354 0.001511411 0.157001674 -0.001085443 0.999993742 0.003370301 -0.306358010 -0.001507761 -0.003371936 0.999993205 9.626301765
0.999997437 0.001442824 0.001728708 0.168175370 -0.001448277 0.999993980 0.003157043 -0.316074103 -0.001724142 -0.003159538 0.999993563 9.964100838
0.999997973 0.001185283 0.001624796 0.171331629 -0.001190943 0.999993205 0.003486890 -0.332261503 -0.001620652 -0.003488818 0.999992609 10.326050758
0.999997675 0.001043484 0.001870363 0.176819667 -0.001050942 0.999991477 0.003990631 -0.344653070 -0.001866183 -0.003992587 0.999990344 10.683106422
0.999997437 0.001114499 0.001912101 0.189016059 -0.001121918 0.999991775 0.003883286 -0.352249533 -0.001907757 -0.003885422 0.999990642 11.040696144
0.999996126 0.001363310 0.002418319 0.185029224 -0.001371518 0.999993265 0.003395855 -0.356205642 -0.002413673 -0.003399159 0.999991298 11.438032150
0.999995768 0.001461167 0.002485372 0.192514673 -0.001468828 0.999994159 0.003083643 -0.360120833 -0.002480852 -0.003087281 0.999992132 11.828193665
0.999997020 0.000766173 0.002297182 0.204847172 -0.000773468 0.999994695 0.003176533 -0.372556835 -0.002294736 -0.003178300 0.999992311 12.211298943
0.999995351 0.001360141 0.002727182 0.204377443 -0.001369644 0.999992907 0.003485780 -0.387324601 -0.002722422 -0.003489499 0.999990225 12.598244667
0.999993801 0.001757816 0.003094682 0.206458777 -0.001769417 0.999991417 0.003749727 -0.395920187 -0.003088064 -0.003755179 0.999988198 12.987459183
0.999994338 0.001750647 0.002877154 0.218287349 -0.001760142 0.999992967 0.003300732 -0.404606074 -0.002871356 -0.003305777 0.999990463 13.379106522
0.999993503 0.001616779 0.003221241 0.224921882 -0.001629111 0.999991357 0.003829396 -0.418183982 -0.003215022 -0.003834619 0.999987483 13.799407005
0.999991059 0.002307288 0.003543524 0.229692832 -0.002321473 0.999989331 0.004004180 -0.426462024 -0.003534247 -0.004012371 0.999985695 14.219176292
0.999989808 0.001784626 0.004142558 0.236570880 -0.001800395 0.999991119 0.003805835 -0.441228688 -0.004135729 -0.003813255 0.999984205 14.640145302
0.999989092 0.001665998 0.004358876 0.244862407 -0.001683757 0.999990284 0.004073613 -0.451456428 -0.004352048 -0.004080908 0.999982178 15.071765900
0.999986112 0.002137162 0.004809061 0.251109213 -0.002156303 0.999989748 0.003978577 -0.462889999 -0.004800508 -0.003988891 0.999980509 15.498600006
0.999981821 0.002269018 0.005592632 0.258747160 -0.002290978 0.999989688 0.003923283 -0.475620955 -0.005583672 -0.003936025 0.999976635 15.937938690
0.999980509 0.002362492 0.005782476 0.268130839 -0.002386512 0.999988556 0.004150456 -0.484625280 -0.005772605 -0.004164175 0.999974668 16.375905991
0.999979258 0.001844713 0.006172222 0.276903301 -0.001868509 0.999990880 0.003851707 -0.494939625 -0.006165060 -0.003863160 0.999973536 16.819807053
0.999971509 0.002863344 0.006976631 0.279245138 -0.002891101 0.999987900 0.003971777 -0.507688522 -0.006965173 -0.003991834 0.999967754 17.279067993
0.999967873 0.002871788 0.007476583 0.291119576 -0.002909294 0.999983191 0.005010400 -0.525707304 -0.007462068 -0.005031990 0.999959528 17.736818314
0.999961853 0.003071998 0.008176001 0.290089965 -0.003108044 0.999985516 0.004399698 -0.532801092 -0.008162366 -0.004424941 0.999956906 18.212350845
0.999960542 0.003341449 0.008235035 0.307559639 -0.003379671 0.999983668 0.004631826 -0.544086814 -0.008219423 -0.004659475 0.999955416 18.687755585
0.999955535 0.003634106 0.008703075 0.315779001 -0.003674899 0.999982297 0.004675809 -0.559181452 -0.008685929 -0.004707584 0.999951184 19.145633698
0.999951303 0.003855137 0.009081829 0.329139233 -0.003900124 0.999980152 0.004941005 -0.573224187 -0.009062600 -0.004976185 0.999946535 19.624952316
0.999951661 0.003935478 0.009010111 0.340946734 -0.003975805 0.999982119 0.004462191 -0.574738503 -0.008992389 -0.004497799 0.999949396 20.132963181
0.999941230 0.004381660 0.009917739 0.330208540 -0.004428038 0.999979258 0.004659113 -0.597447217 -0.009897120 -0.004702755 0.999939919 20.624870300
0.999936640 0.005078184 0.010044920 0.337302923 -0.005118264 0.999978960 0.003968375 -0.598171473 -0.010024558 -0.004019537 0.999941647 21.141773224
0.999940753 0.005203878 0.009558746 0.352632403 -0.005242748 0.999978065 0.004045934 -0.611296594 -0.009537483 -0.004095809 0.999946177 21.629325867
0.999926150 0.005291596 0.010939271 0.312686384 -0.005340494 0.999975860 0.004445611 -0.628559053 -0.010915483 -0.004503704 0.999930263 22.121648788
0.999933183 0.005272510 0.010280266 0.331360191 -0.005313290 0.999978125 0.003943505 -0.632956564 -0.010259249 -0.003997864 0.999939322 22.632215500
0.999934018 0.005594746 0.010026089 0.341795206 -0.005637519 0.999975085 0.004242968 -0.651813865 -0.010002101 -0.004299210 0.999940753 23.149444580
0.999930620 0.005982182 0.010143310 0.325171620 -0.006028494 0.999971449 0.004541377 -0.669796765 -0.010115853 -0.004602210 0.999938250 23.673334122
0.999938965 0.005069120 0.009815475 0.332210600 -0.005108973 0.999978781 0.004039466 -0.680990756 -0.009794790 -0.004089367 0.999943674 24.204502106
0.999936819 0.006211819 0.009364096 0.347249836 -0.006254733 0.999970019 0.004560631 -0.692996264 -0.009335487 -0.004618913 0.999945700 24.743255615
0.999933720 0.006987677 0.009145699 0.353931129 -0.007031568 0.999963880 0.004775793 -0.707627773 -0.009111996 -0.004839785 0.999946773 25.282258987
0.999940753 0.006960388 0.008364235 0.370278656 -0.007004276 0.999961793 0.005229273 -0.721807241 -0.008327518 -0.005287548 0.999951363 25.822008133
0.999940753 0.007015397 0.008315752 0.377661556 -0.007058834 0.999961495 0.005205678 -0.740066946 -0.008278912 -0.005264069 0.999951899 26.376169205
0.999954879 0.005806438 0.007517256 0.399817884 -0.005851918 0.999964595 0.006042338 -0.751646578 -0.007481905 -0.006086055 0.999953508 26.926429749
0.999952912 0.006548739 0.007150662 0.410567969 -0.006590059 0.999961615 0.005770423 -0.770477414 -0.007112599 -0.005817276 0.999957740 27.473186493
0.999948561 0.007150842 0.007195252 0.425081134 -0.007194951 0.999955356 0.006123280 -0.791466296 -0.007151144 -0.006174735 0.999955297 28.006492615
0.999940991 0.007923496 0.007431847 0.420290530 -0.007971548 0.999947369 0.006458510 -0.805213630 -0.007380282 -0.006517373 0.999951482 28.546226501
0.999945760 0.007824713 0.006879424 0.434819043 -0.007866881 0.999950349 0.006124026 -0.814707518 -0.006831164 -0.006177812 0.999957561 29.088550568
0.999947727 0.007943439 0.006424238 0.456957042 -0.007983295 0.999948859 0.006202361 -0.826196432 -0.006374641 -0.006253323 0.999960124 29.654317856
0.999944091 0.008238839 0.006620508 0.460040569 -0.008280328 0.999946058 0.006263975 -0.837229431 -0.006568543 -0.006318445 0.999958456 30.207969666
0.999944448 0.008478865 0.006257833 0.478209555 -0.008516595 0.999945581 0.006027353 -0.850200951 -0.006206388 -0.006080314 0.999962270 30.761943817
0.999943852 0.008602048 0.006193114 0.489343762 -0.008640606 0.999943256 0.006226314 -0.862985730 -0.006139203 -0.006279476 0.999961436 31.309265137
0.999935925 0.009478950 0.006189193 0.496214807 -0.009518896 0.999933839 0.006456943 -0.874872446 -0.006127579 -0.006515443 0.999959946 31.864974976
0.999942660 0.008554628 0.006429596 0.510022998 -0.008596206 0.999942124 0.006467155 -0.890404463 -0.006373900 -0.006522055 0.999958396 32.408527374
0.999942601 0.008755765 0.006175992 0.520465493 -0.008794916 0.999941230 0.006340803 -0.898850083 -0.006120110 -0.006394756 0.999960840 32.967578888
0.999943852 0.008720991 0.006023739 0.528391063 -0.008759510 0.999941111 0.006397831 -0.912926197 -0.005967589 -0.006450236 0.999961436 33.524162292
0.999942660 0.009053697 0.005723247 0.549761295 -0.009090143 0.999938309 0.006374310 -0.923685074 -0.005665184 -0.006425968 0.999963284 34.088314056
0.999945641 0.008728917 0.005702739 0.560545564 -0.008766009 0.999940395 0.006511884 -0.938115716 -0.005645557 -0.006561520 0.999962509 34.631137848
0.999951065 0.008079603 0.005716130 0.574991584 -0.008115263 0.999947608 0.006242945 -0.948855996 -0.005665389 -0.006289028 0.999964178 35.198535919
0.999941707 0.008773630 0.006293333 0.586658001 -0.008811953 0.999942720 0.006087974 -0.958705187 -0.006239559 -0.006143075 0.999961674 35.739551544
0.999944150 0.008840667 0.005781026 0.586140633 -0.008877628 0.999940038 0.006399290 -0.968064427 -0.005724105 -0.006450253 0.999962807 36.329116821
0.999942005 0.008914932 0.006043672 0.598595500 -0.008953886 0.999939024 0.006449370 -0.979187131 -0.005985808 -0.006503110 0.999960899 36.875606537
0.999947548 0.008532839 0.005669220 0.606962681 -0.008570705 0.999940872 0.006688734 -1.001921296 -0.005611811 -0.006736971 0.999961555 37.438674927
0.999938369 0.009492296 0.005767698 0.624487996 -0.009530782 0.999932230 0.006682287 -1.016640186 -0.005703877 -0.006736844 0.999961019 37.989936829
0.999943435 0.008943366 0.005755698 0.626654267 -0.008981794 0.999937296 0.006685708 -1.025886416 -0.005695544 -0.006737025 0.999961078 38.550441742
0.999943018 0.009001421 0.005734308 0.640176654 -0.009041267 0.999934852 0.006960975 -1.040540218 -0.005671275 -0.007012423 0.999959350 39.093532562
0.999942660 0.009163205 0.005542746 0.648423076 -0.009201366 0.999933839 0.006899167 -1.051079392 -0.005479161 -0.006949772 0.999960840 39.664405823
0.999941885 0.009291183 0.005465726 0.674919486 -0.009335979 0.999922514 0.008228004 -1.078677058 -0.005388855 -0.008278554 0.999951184 40.190181732
0.999942839 0.009328438 0.005221495 0.688436866 -0.009366756 0.999929011 0.007363056 -1.082412720 -0.005152437 -0.007411543 0.999959290 40.742946625
0.999949813 0.008650918 0.005037942 0.696913302 -0.008689201 0.999933183 0.007627128 -1.110566139 -0.004971623 -0.007670522 0.999958217 41.333698273
0.999937475 0.009661465 0.005617899 0.706067622 -0.009703538 0.999924719 0.007510841 -1.114278674 -0.005544910 -0.007564885 0.999956012 41.889110565
0.999949574 0.008893878 0.004646665 0.730276108 -0.008930947 0.999927938 0.008018256 -1.138757944 -0.004575016 -0.008059353 0.999957025 42.409763336
0.999947608 0.008941982 0.004982983 0.727936625 -0.008982741 0.999925852 0.008218192 -1.146799088 -0.004909126 -0.008262523 0.999953806 42.991588593
0.999943018 0.009484636 0.004907183 0.742714763 -0.009524135 0.999921918 0.008089545 -1.157754064 -0.004830073 -0.008135821 0.999955237 43.534343719
0.999934971 0.009860792 0.005722632 0.752842963 -0.009910016 0.999913633 0.008638171 -1.173536897 -0.005636957 -0.008694322 0.999946296 44.088523865
0.999944448 0.009224072 0.005100053 0.766441703 -0.009269366 0.999917150 0.008930013 -1.192885399 -0.005017260 -0.008976791 0.999947131 44.661266327
0.999941170 0.009621329 0.005017891 0.785132825 -0.009663806 0.999917150 0.008510901 -1.195927620 -0.004935588 -0.008558893 0.999951184 45.220668793
0.999937534 0.009919056 0.005144375 0.804099500 -0.009960390 0.999917805 0.008072588 -1.203194618 -0.005063879 -0.008123323 0.999954224 45.774074554
0.999946654 0.009122976 0.004825697 0.810217619 -0.009167118 0.999915540 0.009205659 -1.228370905 -0.004741306 -0.009249405 0.999945998 46.329006195
0.999946415 0.009141204 0.004842461 0.830523789 -0.009184521 0.999917269 0.008999745 -1.237133503 -0.004759792 -0.009043739 0.999947727 46.877376556
0.999943078 0.009462666 0.004914882 0.840301394 -0.009507436 0.999912798 0.009167074 -1.251941919 -0.004827708 -0.009213280 0.999945939 47.417182922
0.999957561 0.008506446 0.003539028 0.868837059 -0.008538743 0.999921083 0.009212867 -1.268916368 -0.003460380 -0.009242696 0.999951243 47.980361938
0.999948502 0.009356458 0.003947276 0.880891621 -0.009391978 0.999914706 0.009078168 -1.277951837 -0.003861999 -0.009114773 0.999951005 48.534137726
0.999946833 0.009510098 0.003988448 0.897394896 -0.009546956 0.999910951 0.009326166 -1.287082076 -0.003899400 -0.009363747 0.999948561 49.098480225
0.999958575 0.008548137 0.003163824 0.912774980 -0.008576304 0.999922693 0.008998247 -1.295833349 -0.003086662 -0.009025007 0.999954522 49.637489319
0.999957502 0.008459575 0.003674871 0.922237873 -0.008489789 0.999929667 0.008285568 -1.296091318 -0.003604521 -0.008316415 0.999958873 50.191726685
0.999960840 0.007990941 0.003811372 0.937303722 -0.008023947 0.999929786 0.008724252 -1.310622096 -0.003741390 -0.008754493 0.999954700 50.745464325
0.999962270 0.008276842 0.002623921 0.962920129 -0.008299690 0.999926686 0.008820228 -1.328962564 -0.002550725 -0.008841675 0.999957621 51.297744751
0.999960124 0.008345353 0.003192630 0.973197341 -0.008375524 0.999919295 0.009556368 -1.346393943 -0.003112622 -0.009582728 0.999949217 51.846103668
0.999959648 0.008547770 0.002764360 0.985040128 -0.008572621 0.999921799 0.009106510 -1.350319743 -0.002686303 -0.009129841 0.999954700 52.403724670
0.999961317 0.008274646 0.002988661 0.999191701 -0.008302229 0.999921858 0.009337741 -1.362941861 -0.002911161 -0.009362193 0.999951899 52.955299377
0.999961495 0.008394646 0.002523105 1.012438059 -0.008416382 0.999926448 0.008731530 -1.365366936 -0.002449621 -0.008752430 0.999958694 53.507884979
0.999970734 0.007398156 0.001931165 1.033166409 -0.007414846 0.999933898 0.008783725 -1.380752206 -0.001866053 -0.008797786 0.999959528 54.055358887
0.999969065 0.007593397 0.002086925 1.044667959 -0.007612029 0.999929905 0.009069658 -1.394333124 -0.002017909 -0.009085262 0.999956667 54.594642639
0.999969900 0.007520672 0.001920302 1.055503607 -0.007537120 0.999933660 0.008706028 -1.401479006 -0.001854700 -0.008720238 0.999960244 55.157379150
0.999969423 0.007660427 0.001563673 1.069540977 -0.007673598 0.999933600 0.008598319 -1.412925363 -0.001497702 -0.008610058 0.999961793 55.708702087
0.999969065 0.007689491 0.001640345 1.085054755 -0.007702771 0.999936283 0.008247936 -1.416743159 -0.001576817 -0.008260315 0.999964654 56.256412506
0.999974191 0.007087198 0.001194009 1.099114060 -0.007097125 0.999938488 0.008526157 -1.426055908 -0.001133509 -0.008534410 0.999962926 56.800174713
0.999973834 0.007093746 0.001467747 1.122950077 -0.007106087 0.999937952 0.008580761 -1.447622538 -0.001406786 -0.008590966 0.999962091 57.313007355
0.999972880 0.007314275 0.001012664 1.131673932 -0.007322519 0.999937892 0.008391450 -1.449379206 -0.000951224 -0.008398636 0.999964297 57.899215698
0.999972939 0.007183330 0.001613040 1.133848190 -0.007195858 0.999942899 0.007900152 -1.457964540 -0.001556198 -0.007911547 0.999967515 58.459693909
0.999970734 0.007587334 0.000956781 1.153712392 -0.007594903 0.999937713 0.008170961 -1.471304774 -0.000894725 -0.008177988 0.999966145 58.992771149
0.999966383 0.008044201 0.001587962 1.159327269 -0.008057275 0.999932170 0.008405440 -1.479609132 -0.001520239 -0.008417952 0.999963403 59.539527893
0.999965847 0.007999743 0.002053365 1.161659241 -0.008014853 0.999940038 0.007458343 -1.482061386 -0.001993577 -0.007474547 0.999970019 60.088741302
0.999970078 0.007700952 0.000723945 1.194612622 -0.007706377 0.999939740 0.007816068 -1.498042226 -0.000663710 -0.007821414 0.999969184 60.627517700
0.999971092 0.007594443 0.000469347 1.206113458 -0.007597961 0.999939024 0.008012177 -1.506367326 -0.000408470 -0.008015512 0.999967754 61.183952332
0.999965549 0.008254053 0.000899712 1.212590337 -0.008260835 0.999935329 0.007814150 -1.514416218 -0.000835156 -0.007821313 0.999969006 61.717628479
0.999971628 0.007518607 -0.000621951 1.239205599 -0.007513535 0.999941349 0.007792460 -1.523833394 0.000680503 -0.007787564 0.999969482 62.266345978
0.999971151 0.007552437 0.000845836 1.232802391 -0.007558594 0.999943078 0.007529758 -1.531994820 -0.000788920 -0.007535934 0.999971211 62.813571930
0.999967992 0.007935456 0.001101101 1.241850019 -0.007943212 0.999942303 0.007227604 -1.543643236 -0.001043684 -0.007236118 0.999973238 63.358165741
0.999968350 0.007863881 0.001255331 1.249418616 -0.007873104 0.999940813 0.007519522 -1.549041033 -0.001196124 -0.007529167 0.999970853 63.913124084
0.999970853 0.007633617 0.000204820 1.281762362 -0.007634936 0.999942839 0.007486466 -1.568121195 -0.000147660 -0.007487812 0.999971867 64.461135864
0.999970853 0.007627669 0.000377035 1.290542603 -0.007630363 0.999940872 0.007751322 -1.581598759 -0.000317888 -0.007753973 0.999969840 65.005203247
0.999967873 0.008017127 0.000350510 1.305306315 -0.008019703 0.999935091 0.008096851 -1.589746475 -0.000285574 -0.008099402 0.999967098 65.549537659
0.999970376 0.007662087 0.000741258 1.303651214 -0.007667451 0.999942303 0.007526495 -1.601615787 -0.000683547 -0.007531954 0.999971390 66.114181519
0.999964833 0.008228667 0.001594226 1.309179664 -0.008240505 0.999937475 0.007567724 -1.610527992 -0.001531854 -0.007580596 0.999970078 66.663002014
0.999967515 0.007980415 0.001127553 1.322839260 -0.007987989 0.999944389 0.006880833 -1.611255169 -0.001072579 -0.006889616 0.999975681 67.230590820
0.999977469 0.006698716 0.000408251 1.346879005 -0.006701718 0.999946654 0.007857244 -1.640907526 -0.000355596 -0.007859803 0.999969065 67.768524170
0.999973714 0.007242133 0.000415899 1.354114532 -0.007245150 0.999943435 0.007777134 -1.646535516 -0.000359553 -0.007779943 0.999969661 68.333480835
0.999967575 0.008049184 0.000413076 1.363207340 -0.008052174 0.999936879 0.007832097 -1.664348364 -0.000350008 -0.007835169 0.999969244 68.878036499
0.999969125 0.007840310 0.000391837 1.373053432 -0.007842936 0.999943137 0.007220329 -1.674957514 -0.000335205 -0.007223180 0.999973834 69.408042908
0.999971926 0.007471563 0.000404680 1.376150608 -0.007474191 0.999947965 0.006938629 -1.672245264 -0.000352816 -0.006941460 0.999975801 69.960571289
0.999970734 0.007616748 0.000747280 1.386993051 -0.007622196 0.999942243 0.007580376 -1.687196493 -0.000689499 -0.007585850 0.999970973 70.504661560
0.999970973 0.007585302 0.000628839 1.398695707 -0.007589507 0.999946833 0.006978985 -1.698622823 -0.000575868 -0.006983555 0.999975502 71.045135498
0.999976218 0.006847576 0.000789704 1.409992814 -0.006852708 0.999954164 0.006689488 -1.703852892 -0.000743860 -0.006694741 0.999977291 71.612335205
0.999972641 0.007307455 0.001078301 1.418830514 -0.007314794 0.999949038 0.006966626 -1.715366244 -0.001027337 -0.006974324 0.999975145 72.154304504
0.999975801 0.006943919 0.000459878 1.437541246 -0.006946936 0.999951899 0.006917812 -1.733707547 -0.000411819 -0.006920839 0.999975979 72.702438354
0.999975741 0.006937519 0.000579168 1.447455883 -0.006941616 0.999948561 0.007400115 -1.751041055 -0.000527800 -0.007403957 0.999972463 73.253662109
0.999975681 0.006893735 0.001072178 1.451901674 -0.006901077 0.999951661 0.007001773 -1.756400347 -0.001023858 -0.007009002 0.999974847 73.798377991
0.999972641 0.007370764 0.000739165 1.462232351 -0.007375678 0.999949038 0.006881529 -1.764418125 -0.000688405 -0.006886792 0.999975979 74.335746765
0.999975085 0.007032813 0.000628489 1.476461053 -0.007037212 0.999948740 0.007297615 -1.783782125 -0.000577134 -0.007301855 0.999973178 74.869644165
0.999979913 0.006320969 0.000443069 1.495587349 -0.006324170 0.999950826 0.007639582 -1.797440290 -0.000394758 -0.007642230 0.999970734 75.411384583
0.999979913 0.006310070 0.000580542 1.502599359 -0.006314124 0.999953628 0.007267480 -1.804880619 -0.000534656 -0.007270999 0.999973416 75.969688416
0.999981046 0.006133635 0.000573502 1.518512845 -0.006137682 0.999954164 0.007344433 -1.819727421 -0.000528428 -0.007347815 0.999972820 76.510513306
0.999979913 0.006277929 0.000879539 1.527204156 -0.006283639 0.999958098 0.006648472 -1.823668957 -0.000837764 -0.006653864 0.999977529 77.067291260
0.999981463 0.006071296 0.000485745 1.544522524 -0.006074558 0.999956906 0.007024146 -1.837233424 -0.000443079 -0.007026967 0.999975204 77.607643127
0.999982059 0.005945574 0.000773253 1.554977179 -0.005950729 0.999958932 0.006844233 -1.846626759 -0.000732529 -0.006848712 0.999976277 78.153289795
0.999982178 0.005974334 0.000429755 1.556529164 -0.005977283 0.999956071 0.007221177 -1.861494541 -0.000386594 -0.007223615 0.999973834 78.674324036
0.999984026 0.005643025 0.000339620 1.572434664 -0.005645225 0.999960482 0.006870376 -1.871932507 -0.000300837 -0.006872184 0.999976277 79.223129272
0.999982357 0.005888420 0.000686346 1.582704306 -0.005892932 0.999959707 0.006769243 -1.879813552 -0.000646459 -0.006773170 0.999976873 79.770751953
0.999984801 0.005452473 0.000706656 1.594480991 -0.005457213 0.999961317 0.006887488 -1.896831274 -0.000669075 -0.006891240 0.999976039 80.326667786
0.999985576 0.005340422 0.000574521 1.609452605 -0.005344223 0.999962389 0.006833307 -1.909756780 -0.000538007 -0.006836279 0.999976456 80.860694885
0.999980152 0.006063716 0.001668594 1.619444013 -0.006075438 0.999956250 0.007112575 -1.920674086 -0.001625392 -0.007122572 0.999973297 81.412658691
0.999972939 0.006542746 0.003352784 1.628880501 -0.006566714 0.999952674 0.007187943 -1.934301138 -0.003305596 -0.007209767 0.999968588 81.953987122
0.999975741 0.005821524 0.003823420 1.650354147 -0.005848204 0.999958396 0.007004213 -1.947894812 -0.003782486 -0.007026403 0.999968112 82.500038147
0.999971271 0.005449458 0.005274117 1.666416407 -0.005487796 0.999958456 0.007282021 -1.962216377 -0.005234214 -0.007310755 0.999959528 83.031944275
0.999950051 0.005302719 0.008462310 1.684831619 -0.005363184 0.999960124 0.007138610 -1.970121384 -0.008424118 -0.007183638 0.999938667 83.570930481
0.999911785 0.005342434 0.012155624 1.706609249 -0.005427035 0.999961257 0.006937510 -1.976323843 -0.012118090 -0.007002867 0.999902070 84.123741150
0.999868751 0.005277675 0.015313073 1.719184756 -0.005383400 0.999962032 0.006871232 -1.988821745 -0.015276224 -0.006952768 0.999859154 84.661895752
0.999779820 0.005702339 0.020190824 1.746943474 -0.005843685 0.999958813 0.006948507 -1.999486446 -0.020150367 -0.007064966 0.999772012 85.203002930
0.999654949 0.005303225 0.025726780 1.782297492 -0.005495689 0.999957383 0.007416118 -2.016603470 -0.025686353 -0.007554946 0.999641418 85.751968384
0.999476671 0.005302432 0.031912424 1.814593554 -0.005561632 0.999952197 0.008038930 -2.036094427 -0.031868275 -0.008212207 0.999458253 86.285621643
0.999296784 0.004972381 0.037165344 1.850099564 -0.005235573 0.999961793 0.006987680 -2.035849571 -0.037129182 -0.007177347 0.999284685 86.833282471
0.998955607 0.004896666 0.045430254 1.888372421 -0.005210805 0.999963284 0.006798920 -2.044159651 -0.045395296 -0.007028546 0.998944342 87.391891479
0.998547733 0.004600141 0.053678147 1.940042973 -0.005002956 0.999960363 0.007372312 -2.058845758 -0.053642102 -0.007630155 0.998531163 87.945831299
0.998147011 0.004655278 0.060668852 1.980479240 -0.005108746 0.999960124 0.007321514 -2.071337461 -0.060632344 -0.007617889 0.998131096 88.474128723
0.997546315 0.004641998 0.069855727 2.033990383 -0.005146645 0.999961913 0.007045875 -2.079995632 -0.069820359 -0.007388110 0.997532248 89.018180847
0.996783495 0.005059107 0.079982162 2.091703415 -0.005631724 0.999960065 0.006935349 -2.092739105 -0.079943873 -0.007363479 0.996772170 89.562042236
0.996072233 0.004454248 0.088432245 2.163083553 -0.005077702 0.999963820 0.006826368 -2.101110458 -0.088398628 -0.007248588 0.996058822 90.108863831
0.995366335 0.004132607 0.096067488 2.233949661 -0.004827491 0.999963880 0.007001987 -2.114282846 -0.096035086 -0.007433307 0.995350182 90.666290283
0.994213641 0.004339383 0.107333697 2.311935902 -0.005127713 0.999961853 0.007069765 -2.126690626 -0.107298926 -0.007579233 0.994197905 91.185112000
0.993035257 0.003735667 0.117757812 2.391469955 -0.004599634 0.999964416 0.007065904 -2.146459818 -0.117727220 -0.007558335 0.993017197 91.742332458
0.991884172 0.003656015 0.127091989 2.476620674 -0.004507610 0.999969244 0.006413659 -2.153462887 -0.127064615 -0.006934487 0.991870224 92.288780212
0.990420997 0.003419626 0.138038129 2.570963860 -0.004394921 0.999967456 0.006761227 -2.167041779 -0.138010532 -0.007303128 0.990403771 92.813743591
0.988724232 0.003404192 0.149709702 2.679920197 -0.004434432 0.999968708 0.006548295 -2.177953720 -0.149682745 -0.007138335 0.988708317 93.364234924
0.986990333 0.003271975 0.160746351 2.784337997 -0.004451104 0.999965847 0.006975791 -2.197930336 -0.160718009 -0.007600537 0.986971140 93.913681030
0.985188723 0.002917700 0.171448365 2.891454697 -0.004086418 0.999970734 0.006464218 -2.193995476 -0.171424478 -0.007069085 0.985171914 94.453399658
0.982982278 0.002455309 0.183683962 3.027584076 -0.003807189 0.999968171 0.007007518 -2.216421843 -0.183660924 -0.007587585 0.982960343 94.972686768
0.980430365 0.002641012 0.196848169 3.140790939 -0.003984420 0.999971390 0.006428867 -2.217376232 -0.196825534 -0.007087382 0.980413020 95.537216187
0.978236139 0.002236228 0.207482696 3.267578125 -0.003500213 0.999977529 0.005725091 -2.222369194 -0.207465231 -0.006326726 0.978221893 96.073684692
0.975373030 0.002081809 0.220551744 3.415035248 -0.003639830 0.999971271 0.006658043 -2.242019892 -0.220531523 -0.007296847 0.975352585 96.589874268
0.972349942 0.002111183 0.233518958 3.559684753 -0.003792525 0.999970019 0.006751238 -2.258450508 -0.233497679 -0.007450192 0.972328782 97.134239197
0.969547629 0.002031540 0.244894385 3.707849503 -0.003838734 0.999968827 0.006902399 -2.271914482 -0.244872719 -0.007632290 0.969525218 97.673034668
0.966452360 0.001765973 0.256839782 3.863857269 -0.003803741 0.999965072 0.007437411 -2.284486532 -0.256817728 -0.008164858 0.966425359 98.185501099
0.962700963 0.001966002 0.270560235 4.024368286 -0.003997450 0.999967813 0.006957457 -2.290794373 -0.270537853 -0.007779502 0.962677896 98.710853577
0.959105551 0.001368141 0.283045262 4.205125809 -0.003215485 0.999976456 0.006062213 -2.297407150 -0.283030242 -0.006724429 0.959087431 99.243530273
0.955603600 0.001398767 0.294651955 4.372600555 -0.003406139 0.999974310 0.006299595 -2.312697887 -0.294635564 -0.007023542 0.955583811 99.767471313
0.951263785 0.000843136 0.308377147 4.563228607 -0.003138383 0.999970913 0.006947070 -2.331151009 -0.308362275 -0.007576303 0.951238751 100.292304993
0.946758687 0.000377476 0.321943969 4.760837555 -0.002694181 0.999973595 0.006750468 -2.343639851 -0.321932912 -0.007258440 0.946734667 100.795227051
0.942649662 -0.000609477 0.333783299 4.959033966 -0.001723090 0.999976039 0.006692162 -2.347964764 -0.333779395 -0.006883502 0.942626059 101.311805725
0.938141644 -0.000580083 0.346251279 5.175252914 -0.001798294 0.999976933 0.006547623 -2.359761238 -0.346247107 -0.006765259 0.938118935 101.847167969
0.932755589 -0.001146359 0.360507727 5.390525818 -0.001059770 0.999981880 0.005921773 -2.365724564 -0.360507965 -0.005905622 0.932737410 102.324020386
0.927987039 -0.001912831 0.372607619 5.623531342 -0.000472371 0.999979973 0.006309983 -2.377930880 -0.372612238 -0.006031591 0.927967548 102.858299255
0.923533797 -0.002786634 0.383506864 5.861278534 0.000370440 0.999979615 0.006373977 -2.386843920 -0.383516759 -0.005744517 0.923516095 103.356460571
0.917108595 -0.002368458 0.398630440 6.091358185 -0.000045142 0.999981821 0.006045233 -2.398698807 -0.398637503 -0.005562131 0.917091668 103.869735718
0.911419749 -0.003034777 0.411466718 6.340488434 0.000601368 0.999981523 0.006043313 -2.408284187 -0.411477476 -0.005260552 0.911404729 104.365104675
0.906492531 -0.003220752 0.422209829 6.592830658 0.000692514 0.999980867 0.006141335 -2.423252106 -0.422221541 -0.005274688 0.906477332 104.846580505
0.900325418 -0.004044754 0.435198516 6.872684479 0.001578984 0.999980628 0.006027308 -2.434441805 -0.435214490 -0.004739367 0.900314271 105.337326050
0.893389046 -0.004893420 0.449257195 7.131420135 0.002297930 0.999977291 0.006322356 -2.452064276 -0.449277967 -0.004615962 0.893380105 105.822143555
0.887391329 -0.005980156 0.460978299 7.413223267 0.003601657 0.999975264 0.006039176 -2.461985111 -0.461003006 -0.003698827 0.887390852 106.312194824
0.881657183 -0.006033929 0.471851915 7.676006317 0.003113273 0.999970853 0.006970224 -2.479269743 -0.471880198 -0.004676343 0.881650209 106.768997192
0.874346972 -0.006087751 0.485263199 7.956634521 0.003377112 0.999973416 0.006460046 -2.488052130 -0.485289574 -0.004009533 0.874344289 107.254402161
0.867469072 -0.006448914 0.497449398 8.258178711 0.003600236 0.999971151 0.006685373 -2.498089790 -0.497478098 -0.004008418 0.867467225 107.719497681
