1.000000000 0.000000000 0.000000000 0.000000000 0.000000000 1.000000000 0.000000000 0.000000000 0.000000000 0.000000000 1.000000000 0.000000000
1.000000000 0.000027957 -0.000013471 0.000338229 -0.000027956 1.000000000 0.000034013 -0.000934096 0.000013472 -0.000034012 1.000000000 -0.001607818
1.000000000 -0.000058562 -0.000021269 0.001155687 0.000058562 1.000000000 -0.000002034 -0.000174797 0.000021269 0.000002033 1.000000000 -0.002778015
1.000000000 -0.000158297 -0.000105316 0.001903786 0.000158304 1.000000000 0.000064644 -0.001443781 0.000105305 -0.000064661 1.000000000 -0.004185069
1.000000000 -0.000136477 -0.000082761 -0.000127720 0.000136475 1.000000000 -0.000018345 0.000558599 0.000082764 0.000018334 1.000000000 -0.002937527
1.000000000 -0.000173591 -0.000032742 0.000884330 0.000173593 1.000000000 0.000056558 -0.000698921 0.000032732 -0.000056564 1.000000000 -0.001735889
1.000000000 -0.000162839 -0.000001548 -0.000050996 0.000162839 1.000000000 0.000042242 -0.000850487 0.000001541 -0.000042242 1.000000000 -0.003949268
1.000000000 -0.000040930 -0.000049204 -0.000064860 0.000040931 1.000000000 0.000016089 0.000177214 0.000049203 -0.000016091 1.000000000 -0.004381166
1.000000000 -0.000037339 -0.000018976 0.000296690 0.000037338 1.000000000 -0.000009078 0.000548873 0.000018976 0.000009077 1.000000000 -0.000505480
1.000000000 0.000012928 -0.000040993 -0.000808054 -0.000012929 1.000000000 -0.000024766 0.001564482 0.000040993 0.000024766 1.000000000 -0.001365438
1.000000000 -0.000088049 -0.000079983 0.000427687 0.000088051 1.000000000 0.000031806 -0.000122780 0.000079980 -0.000031813 1.000000000 -0.002329326
1.000000000 -0.000154639 -0.000081299 -0.000287111 0.000154636 1.000000000 -0.000040298 0.001215540 0.000081305 0.000040285 1.000000000 -0.000525850
1.000000000 -0.000124047 -0.000027327 -0.001485623 0.000124048 1.000000000 0.000005749 0.001594960 0.000027326 -0.000005752 1.000000000 -0.000989642
1.000000000 -0.000127287 -0.000036282 0.000177589 0.000127287 1.000000000 0.000002465 0.000352998 0.000036282 -0.000002470 1.000000000 -0.004481043
1.000000000 -0.000063521 -0.000048345 0.000820485 0.000063523 1.000000000 0.000051175 -0.000013919 0.000048341 -0.000051178 1.000000000 -0.004747532
1.000000000 -0.000111139 -0.000045180 0.001629574 0.000111143 1.000000000 0.000102100 -0.000881478 0.000045168 -0.000102105 1.000000000 -0.007353805
1.000000000 -0.000091188 -0.000054908 0.000709174 0.000091188 1.000000000 0.000004323 0.001028394 0.000054908 -0.000004328 1.000000000 -0.003645080
1.000000000 -0.000041037 -0.000055748 0.000382481 0.000041041 1.000000000 0.000063581 0.000228629 0.000055745 -0.000063584 1.000000000 -0.004841316
1.000000000 -0.000164759 -0.000104918 0.000444749 0.000164761 1.000000000 0.000020943 -0.000292190 0.000104914 -0.000020960 1.000000000 -0.004563420
0.999999940 -0.000218148 -0.000121888 0.000753508 0.000218150 1.000000000 0.000014183 0.000777801 0.000121885 -0.000014210 1.000000000 -0.002332508
1.000000000 -0.000222175 -0.000087921 0.000401896 0.000222179 1.000000000 0.000042955 -0.000603286 0.000087911 -0.000042974 1.000000000 -0.005586538
1.000000000 -0.000118866 -0.000083294 0.002381927 0.000118869 1.000000000 0.000037296 0.000491830 0.000083290 -0.000037306 1.000000000 -0.002971537
1.000000000 -0.000115778 -0.000090289 0.002180843 0.000115781 1.000000000 0.000038652 -0.000499973 0.000090284 -0.000038662 1.000000000 -0.002328649
1.000000000 -0.000200943 -0.000112587 0.000722377 0.000200948 1.000000000 0.000046451 0.000360046 0.000112577 -0.000046474 1.000000000 -0.004570509
1.000000000 -0.000193211 -0.000118057 0.001772350 0.000193218 1.000000000 0.000054311 0.000192421 0.000118046 -0.000054334 1.000000000 -0.004037406
0.999999940 -0.000263470 -0.000107036 0.000836937 0.000263474 0.999999940 0.000038247 0.001280656 0.000107026 -0.000038275 1.000000000 -0.002650305
0.999999940 -0.000265499 -0.000176210 0.002970102 0.000265511 0.999999940 0.000067068 -0.000207824 0.000176192 -0.000067114 1.000000000 -0.005590408
0.999999940 -0.000374876 -0.000128799 0.000907936 0.000374885 0.999999940 0.000068449 -0.000279693 0.000128774 -0.000068497 1.000000000 -0.004622380
1.000000000 -0.000150844 -0.000118927 0.001209041 0.000150851 1.000000000 0.000060892 0.000235445 0.000118918 -0.000060910 1.000000000 -0.003462536
1.000000000 -0.000174811 -0.000087427 0.001983653 0.000174819 1.000000000 0.000085259 -0.000379999 0.000087412 -0.000085274 1.000000000 -0.004951535
0.999999940 -0.000249427 -0.000122334 -0.000150198 0.000249433 0.999999940 0.000048610 0.001422901 0.000122322 -0.000048640 1.000000000 -0.002341442
0.999999940 -0.000271579 -0.000114306 0.000117165 0.000271589 0.999999940 0.000089065 0.000770802 0.000114282 -0.000089096 1.000000000 -0.003207580
0.999999940 -0.000259477 -0.000145269 0.001630512 0.000259479 0.999999940 0.000009694 0.000539434 0.000145266 -0.000009731 1.000000000 -0.001674357
0.999999940 -0.000244568 -0.000134806 0.001292506 0.000244571 0.999999940 0.000024175 0.000230701 0.000134800 -0.000024208 1.000000000 -0.001077243
0.999999940 -0.000308253 -0.000090978 0.000264941 0.000308262 0.999999940 0.000097499 -0.000089323 0.000090948 -0.000097527 1.000000000 -0.005156996
0.999999940 -0.000272794 -0.000174829 0.002709169 0.000272798 0.999999940 0.000019940 0.000600544 0.000174823 -0.000019988 1.000000000 -0.004246383
1.000000000 -0.000149046 -0.000103153 0.002242503 0.000149055 1.000000000 0.000087034 0.000176266 0.000103140 -0.000087049 1.000000000 -0.006117547
0.999999940 -0.000275173 -0.000144085 0.000574321 0.000275181 0.999999940 0.000060648 -0.000070124 0.000144068 -0.000060687 1.000000000 -0.005225735
0.999999940 -0.000212072 -0.000134391 0.000287103 0.000212086 1.000000000 0.000105902 0.000260562 0.000134368 -0.000105931 1.000000000 -0.002695694
0.999999940 -0.000199924 -0.000157610 0.002724272 0.000199931 1.000000000 0.000044258 -0.001068201 0.000157601 -0.000044290 1.000000000 -0.000262237
1.000000000 -0.000204313 -0.000060864 0.001088539 0.000204280 0.999999821 -0.000546367 -0.000791044 0.000060976 0.000546355 0.999999821 0.047110192
1.000000000 -0.000119826 -0.000182510 0.002935812 0.000119626 0.999999404 -0.001095005 -0.004226711 0.000182642 0.001094983 0.999999404 0.139413998
1.000000000 -0.000185048 -0.000095942 0.005373560 0.000184911 0.999998987 -0.001428674 -0.007757835 0.000096206 0.001428656 0.999998987 0.253268600
1.000000000 -0.000188303 -0.000091690 0.007083065 0.000188173 0.999998987 -0.001415122 -0.012319687 0.000091956 0.001415104 0.999998987 0.389705747
1.000000000 -0.000099871 -0.000120611 0.010368488 0.000099736 0.999999344 -0.001117554 -0.019848203 0.000120723 0.001117542 0.999999344 0.524954259
1.000000000 -0.000082966 0.000009466 0.012934303 0.000082976 0.999999404 -0.001063016 -0.023024533 -0.000009378 0.001063017 0.999999464 0.684389293
1.000000000 -0.000155157 -0.000058359 0.018381288 0.000155102 0.999999523 -0.000940586 -0.025269877 0.000058505 0.000940577 0.999999583 0.844581068
0.999999940 0.000350016 0.000138805 0.017277373 -0.000349906 0.999999642 -0.000792795 -0.025590422 -0.000139082 0.000792747 0.999999702 1.022267818
1.000000000 0.000016736 -0.000092719 0.026790541 -0.000016794 0.999999821 -0.000622051 -0.038175195 0.000092709 0.000622053 0.999999821 1.182813168
1.000000000 0.000038405 -0.000016758 0.029812653 -0.000038411 0.999999940 -0.000348646 -0.042096321 0.000016745 0.000348647 0.999999940 1.365301728
1.000000000 0.000061193 0.000171117 0.027912356 -0.000061163 0.999999940 -0.000177083 -0.047211375 -0.000171128 0.000177072 0.999999940 1.543176413
1.000000000 -0.000221276 0.000327548 0.029091131 0.000221339 0.999999940 -0.000190289 -0.050617669 -0.000327506 0.000190362 0.999999940 1.741534710
0.999999881 -0.000592431 0.000060017 0.040836077 0.000592418 0.999999821 0.000220207 -0.058147699 -0.000060148 -0.000220171 0.999999940 1.945960760
0.999999881 -0.000035027 0.000510339 0.035663448 0.000034981 1.000000000 0.000089280 -0.063004754 -0.000510342 -0.000089262 0.999999881 2.160264254
0.999999702 0.000491299 0.000587408 0.035953853 -0.000491597 0.999999702 0.000507383 -0.075286567 -0.000587159 -0.000507672 0.999999702 2.361606598
0.999999881 0.000412064 0.000354605 0.043958481 -0.000412221 0.999999881 0.000442137 -0.079887614 -0.000354423 -0.000442283 0.999999821 2.588212729
0.999999881 0.000253079 0.000525019 0.049370594 -0.000253332 0.999999821 0.000481869 -0.088540137 -0.000524898 -0.000482002 0.999999702 2.820605755
0.999999762 0.000311320 0.000549855 0.056636512 -0.000311631 0.999999821 0.000566105 -0.094606005 -0.000549679 -0.000566276 0.999999702 3.039327860
0.999999821 0.000212250 0.000611007 0.053705234 -0.000212595 0.999999881 0.000565701 -0.098981917 -0.000610887 -0.000565830 0.999999642 3.285504580
0.999999642 0.000468904 0.000720452 0.062601253 -0.000469396 0.999999642 0.000682803 -0.111531943 -0.000720132 -0.000683141 0.999999523 3.519109488
0.999999583 0.000372210 0.000807483 0.055504199 -0.000373098 0.999999344 0.001099091 -0.132561132 -0.000807074 -0.001099392 0.999998987 3.750348091
0.999999404 0.000506372 0.000906770 0.061212532 -0.000507390 0.999999285 0.001122335 -0.140676737 -0.000906201 -0.001122795 0.999998927 4.004512310
0.999998808 0.000954705 0.001187598 0.060519267 -0.000956329 0.999998569 0.001367238 -0.143464789 -0.001186292 -0.001368372 0.999998331 4.271148205
0.999999583 0.000339755 0.000873900 0.068780936 -0.000341142 0.999998629 0.001586963 -0.153454602 -0.000873360 -0.001587260 0.999998271 4.513218880
0.999999464 0.000234951 0.001067957 0.076037750 -0.000236702 0.999998689 0.001639420 -0.162913129 -0.001067571 -0.001639672 0.999998093 4.769721985
0.999999344 0.000270215 0.001074984 0.081348903 -0.000272266 0.999998093 0.001907977 -0.170886993 -0.001074467 -0.001908268 0.999997616 5.033377171
0.999999285 0.000397652 0.001247468 0.077433132 -0.000399964 0.999998212 0.001853980 -0.177692845 -0.001246729 -0.001854477 0.999997437 5.280184269
0.999999404 0.000455238 0.001046723 0.089053638 -0.000457148 0.999998212 0.001825262 -0.186545148 -0.001045890 -0.001825739 0.999997735 5.546235085
0.999999166 0.000478698 0.001216283 0.088684894 -0.000480920 0.999998212 0.001827596 -0.193359584 -0.001215406 -0.001828180 0.999997556 5.821692944
0.999999344 0.000336808 0.001107771 0.092989273 -0.000338978 0.999998033 0.001959610 -0.204982936 -0.001107109 -0.001959984 0.999997497 6.093729496
0.999999225 0.000585249 0.001121958 0.101056106 -0.000587780 0.999997258 0.002257542 -0.215233102 -0.001120633 -0.002258199 0.999996841 6.346519947
0.999999106 0.000642879 0.001158775 0.108115546 -0.000645449 0.999997258 0.002218719 -0.224732786 -0.001157346 -0.002219465 0.999996901 6.633285999
0.999999106 0.000620761 0.001251081 0.120266400 -0.000623460 0.999997497 0.002157775 -0.235744238 -0.001249738 -0.002158552 0.999996901 6.923166275
0.999998987 0.000691542 0.001275825 0.121252619 -0.000694121 0.999997675 0.002022062 -0.239714727 -0.001274424 -0.002022945 0.999997199 7.223031044
0.999998510 0.001051055 0.001325519 0.133747831 -0.001053940 0.999996960 0.002178008 -0.253473073 -0.001323225 -0.002179402 0.999996781 7.501727581
0.999999106 0.000450028 0.001264065 0.136188462 -0.000452999 0.999997139 0.002350862 -0.272900522 -0.001263003 -0.002351433 0.999996424 7.807545662
0.999998927 0.000571505 0.001292566 0.143877655 -0.000574963 0.999996245 0.002676459 -0.280528605 -0.001291032 -0.002677199 0.999995589 8.123812675
0.999998987 0.000265870 0.001418466 0.145892426 -0.000269103 0.999997377 0.002279376 -0.284707785 -0.001417856 -0.002279756 0.999996424 8.461758614
0.999998510 0.000936620 0.001502619 0.150478348 -0.000940368 0.999996483 0.002495605 -0.295030296 -0.001500276 -0.002497014 0.999995708 8.795720100
0.999998748 0.000595775 0.001515384 0.155730352 -0.000599753 0.999996424 0.002626484 -0.310921758 -0.001513814 -0.002627389 0.999995351 9.122574806
0.999998271 0.000778357 0.001677912 0.162723988 -0.000782553 0.999996543 0.002501438 -0.321973443 -0.001675959 -0.002502747 0.999995470 9.444390297
0.999997675 0.001159855 0.001811345 0.169137701 -0.001164536 0.999995947 0.002585273 -0.329019189 -0.001808339 -0.002587376 0.999995053 9.792844772
0.999998212 0.000714903 0.001742647 0.178736269 -0.000719516 0.999996185 0.002647856 -0.340441018 -0.001740748 -0.002649105 0.999994934 10.152955055
0.999998450 0.000550811 0.001682300 0.186193466 -0.000555937 0.999995172 0.003047763 -0.359716654 -0.001680614 -0.003048693 0.999993920 10.481359482
0.999998450 0.000231979 0.001764100 0.191414833 -0.000237423 0.999995172 0.003086575 -0.365310341 -0.001763375 -0.003086989 0.999993682 10.852424622
0.999998212 0.000526356 0.001832645 0.204410002 -0.000532281 0.999994576 0.003234374 -0.380689949 -0.001830932 -0.003235344 0.999993026 11.218864441
0.999998510 0.000509985 0.001602077 0.217293039 -0.000515349 0.999994218 0.003349265 -0.395830840 -0.001600360 -0.003350086 0.999993086 11.585088730
0.999998629 0.000600018 0.001508954 0.225345731 -0.000605136 0.999994040 0.003393117 -0.407770097 -0.001506909 -0.003394025 0.999993086 11.972432137
0.999997675 0.001064396 0.001821328 0.233710200 -0.001070723 0.999993384 0.003476632 -0.418303639 -0.001817615 -0.003478574 0.999992311 12.359192848
0.999998331 0.000226856 0.001765019 0.239985496 -0.000233597 0.999992669 0.003819759 -0.439945519 -0.001764139 -0.003820165 0.999991119 12.703538895
0.999999106 0.000181781 0.001326587 0.257558405 -0.000186678 0.999993145 0.003691979 -0.448607534 -0.001325907 -0.003692223 0.999992251 13.109837532
0.999998689 0.000051180 0.001626734 0.260425091 -0.000057403 0.999992728 0.003825588 -0.458664894 -0.001626526 -0.003825677 0.999991357 13.511301041
0.999997616 0.000368380 0.002134433 0.267125547 -0.000377519 0.999990702 0.004282654 -0.471849233 -0.002132835 -0.004283451 0.999988496 13.929782867
0.999997914 0.000402478 0.002074984 0.282590151 -0.000411342 0.999990761 0.004272899 -0.495289803 -0.002073245 -0.004273743 0.999988675 14.307382584
0.999996960 0.000200897 0.002474830 0.291517764 -0.000212330 0.999989271 0.004620272 -0.506872416 -0.002473875 -0.004620783 0.999986291 14.731128693
0.999997377 -0.000521612 0.002257660 0.305994689 0.000511157 0.999989092 0.004628793 -0.520957947 -0.002260050 -0.004627627 0.999986768 15.171540260
0.999996245 0.000087135 0.002778708 0.316887498 -0.000100835 0.999987841 0.004930453 -0.538280129 -0.002778244 -0.004930715 0.999983966 15.585432053
0.999995351 0.000221262 0.003039857 0.323358119 -0.000235849 0.999988377 0.004798998 -0.550291598 -0.003038760 -0.004799692 0.999983847 15.998516083
0.999995768 -0.000088366 0.002896176 0.333598942 0.000074372 0.999988258 0.004831785 -0.563221037 -0.002896569 -0.004831550 0.999984086 16.444643021
0.999995828 -0.000241501 0.002889684 0.354452372 0.000227565 0.999988377 0.004821778 -0.574714005 -0.002890815 -0.004821100 0.999984145 16.903858185
0.999993443 0.000139214 0.003648512 0.355141819 -0.000157933 0.999986768 0.005130833 -0.587080717 -0.003647750 -0.005131374 0.999980152 17.322292328
0.999992251 0.000169992 0.003947825 0.368043542 -0.000190170 0.999986947 0.005111284 -0.599098027 -0.003946905 -0.005111995 0.999979079 17.784517288
0.999991477 -0.000006236 0.004133160 0.381406188 -0.000013774 0.999988198 0.004841194 -0.608059108 -0.004133142 -0.004841209 0.999979675 18.260995865
0.999991238 0.000304901 0.004171630 0.397026777 -0.000327421 0.999985397 0.005398899 -0.628900945 -0.004169923 -0.005400218 0.999976695 18.722192764
0.999990463 -0.000036388 0.004357605 0.395624012 0.000012070 0.999984384 0.005580376 -0.643598139 -0.004357740 -0.005580270 0.999974906 19.148281097
0.999989271 0.000318891 0.004621472 0.407033056 -0.000345030 0.999983966 0.005656247 -0.654729486 -0.004619595 -0.005657780 0.999973357 19.625766754
0.999990463 -0.000234656 0.004375979 0.424555302 0.000208874 0.999982595 0.005891302 -0.670549214 -0.004377287 -0.005890331 0.999973059 20.105611801
0.999993622 -0.000446148 0.003534971 0.433762789 0.000426324 0.999984145 0.005606699 -0.684945822 -0.003537416 -0.005605156 0.999978006 20.558433533
0.999995112 -0.000646791 0.003051901 0.441725612 0.000630092 0.999984860 0.005469618 -0.689952195 -0.003055393 -0.005467668 0.999980390 21.070499420
0.999995649 0.000401168 0.002917552 0.443619341 -0.000417036 0.999985158 0.005440085 -0.706678867 -0.002915327 -0.005441277 0.999980927 21.572732925
0.999996781 -0.000600752 0.002456449 0.462971032 0.000586337 0.999982595 0.005864589 -0.725663364 -0.002459930 -0.005863130 0.999979794 22.033449173
0.999997735 -0.000747945 0.001963802 0.477258623 0.000736761 0.999983549 0.005689235 -0.736234128 -0.001968024 -0.005687776 0.999981880 22.543146133
0.999998331 -0.001329760 0.001215516 0.486111522 0.001322748 0.999982536 0.005751186 -0.750409484 -0.001223143 -0.005749568 0.999982715 23.067987442
0.999997318 -0.002156702 0.000790868 0.482407331 0.002151796 0.999978781 0.006152900 -0.772080958 -0.000804121 -0.006151182 0.999980748 23.509843826
0.999999285 -0.001061377 0.000580059 0.489873052 0.001057798 0.999980688 0.006135534 -0.780553758 -0.000586560 -0.006134915 0.999980986 24.043312073
0.999999702 -0.000663744 -0.000398428 0.506511688 0.000666236 0.999980032 0.006287534 -0.796773314 0.000394247 -0.006287798 0.999980152 24.529932022
0.999999225 -0.000503962 -0.001196583 0.513467729 0.000511417 0.999980450 0.006238113 -0.802259088 0.001193416 -0.006238720 0.999979854 25.070859909
0.999999106 0.000051853 -0.001358046 0.515771270 -0.000043772 0.999982297 0.005950370 -0.814828694 0.001358330 -0.005950305 0.999981344 25.636808395
0.999998033 -0.001087280 -0.001661048 0.526660919 0.001098654 0.999975860 0.006861857 -0.831821263 0.001653547 -0.006863668 0.999975085 26.090629578
0.999995530 -0.001337279 -0.002670143 0.548067808 0.001356768 0.999972343 0.007310234 -0.854581594 0.002660293 -0.007313825 0.999969721 26.629283905
0.999996841 -0.000130892 -0.002500509 0.551954508 0.000149073 0.999973595 0.007271845 -0.867195904 0.002499491 -0.007272194 0.999970436 27.157091141
0.999996185 -0.000170264 -0.002758928 0.553561389 0.000190569 0.999972820 0.007361119 -0.878307998 0.002757600 -0.007361616 0.999969125 27.647069931
0.999995649 0.000498538 -0.002911316 0.554349184 -0.000476981 0.999972522 0.007400476 -0.889092922 0.002914925 -0.007399054 0.999968410 28.194908142
0.999993980 0.000224121 -0.003453094 0.570811987 -0.000198109 0.999971569 0.007531445 -0.901168346 0.003454684 -0.007530716 0.999965727 28.741954803
0.999991536 -0.000548396 -0.004077188 0.577262044 0.000579590 0.999970555 0.007653678 -0.918530762 0.004072871 -0.007655975 0.999962389 29.274101257
0.999987304 -0.001155484 -0.004892103 0.592786789 0.001193820 0.999968529 0.007840687 -0.932550669 0.004882890 -0.007846429 0.999957323 29.823179245
0.999989808 -0.000314783 -0.004499707 0.601726949 0.000347711 0.999973178 0.007318808 -0.945833683 0.004497282 -0.007320297 0.999963105 30.371185303
0.999986112 -0.000794084 -0.005197023 0.622877121 0.000833084 0.999971449 0.007506258 -0.963300228 0.005190914 -0.007510483 0.999958277 30.885673523
0.999986351 -0.000220394 -0.005218547 0.624270201 0.000258565 0.999973238 0.007314819 -0.979052007 0.005216795 -0.007316069 0.999959648 31.454233170
0.999984205 -0.000852506 -0.005550195 0.625046074 0.000893411 0.999972463 0.007371712 -0.983963847 0.005543758 -0.007376554 0.999957383 32.025833130
0.999981821 -0.001035895 -0.005941641 0.666666150 0.001082839 0.999968171 0.007903174 -1.011605978 0.005933266 -0.007909463 0.999951124 32.381210327
0.999980032 -0.001255590 -0.006192913 0.674108326 0.001304230 0.999968290 0.007856302 -1.020081997 0.006182854 -0.007864223 0.999949932 32.933368683
0.999978542 -0.001341061 -0.006425347 0.688198924 0.001394917 0.999963820 0.008384729 -1.040896654 0.006413870 -0.008393510 0.999944210 33.436756134
0.999975085 -0.001505320 -0.006900339 0.688954473 0.001563524 0.999963164 0.008437460 -1.049736023 0.006887384 -0.008448039 0.999940693 33.999820709
0.999979198 -0.000984751 -0.006366037 0.652147174 0.001038224 0.999964118 0.008401910 -1.075455308 0.006357537 -0.008408345 0.999944448 34.574584961
0.999978602 -0.001319294 -0.006405337 0.659152687 0.001371840 0.999965370 0.008206047 -1.083754897 0.006394290 -0.008214658 0.999945819 35.130462646
0.999979436 -0.000765434 -0.006369878 0.665150285 0.000816121 0.999968052 0.007958489 -1.094904661 0.006363584 -0.007963527 0.999948025 35.686923981
0.999979615 -0.000113037 -0.006383225 0.641957939 0.000165894 0.999965727 0.008280713 -1.129648685 0.006382069 -0.008281603 0.999945343 36.082801819
0.999976754 -0.000943371 -0.006744096 0.654147029 0.000999690 0.999964654 0.008352427 -1.144127607 0.006735976 -0.008358974 0.999942362 36.623775482
0.999978125 -0.000753588 -0.006570169 0.650393903 0.000811754 0.999960482 0.008854815 -1.166687131 0.006563236 -0.008859955 0.999939203 37.129310608
0.999977708 -0.000823714 -0.006635502 0.657912791 0.000884932 0.999957025 0.009228039 -1.180812478 0.006627616 -0.009233703 0.999935389 37.681087494
0.999969780 -0.002024353 -0.007506571 0.672247946 0.002091699 0.999957502 0.008974561 -1.210711241 0.007488084 -0.008989988 0.999931574 38.317615509
0.999964714 -0.002483239 -0.008022672 0.690794587 0.002560115 0.999950826 0.009586334 -1.230689287 0.007998472 -0.009606534 0.999921918 38.845455170
0.999966323 -0.002081685 -0.007940423 0.700319409 0.002157187 0.999952495 0.009511765 -1.243568182 0.007920244 -0.009528573 0.999923229 39.395824432
0.999964297 -0.002636055 -0.008028762 0.706043959 0.002713294 0.999950051 0.009624610 -1.253249288 0.008002990 -0.009646050 0.999921441 39.962203979
0.999971449 -0.001379532 -0.007432808 0.699615002 0.001446533 0.999958336 0.009016370 -1.250710130 0.007420060 -0.009026865 0.999931753 40.465713501
0.999964714 -0.002026287 -0.008150825 0.706848264 0.002104749 0.999951422 0.009629196 -1.295165181 0.008130917 -0.009646012 0.999920428 41.033260345
0.999963701 -0.002088142 -0.008259132 0.717764020 0.002166807 0.999952257 0.009527109 -1.303562641 0.008238844 -0.009544658 0.999920547 41.576320648
0.999961734 -0.002218499 -0.008455039 0.726309061 0.002299011 0.999952018 0.009524617 -1.315893650 0.008433502 -0.009543690 0.999918878 42.117759705
0.999961615 -0.002028510 -0.008519779 0.739449799 0.002109319 0.999952734 0.009486591 -1.325771213 0.008500132 -0.009504195 0.999918699 42.660293579
0.999964356 -0.001745183 -0.008254563 0.726149738 0.001826072 0.999950290 0.009801925 -1.336799979 0.008237046 -0.009816650 0.999917865 43.163745880
0.999967992 -0.000798240 -0.007951936 0.725384235 0.000876846 0.999950767 0.009886540 -1.346062541 0.007943651 -0.009893196 0.999919534 43.684738159
0.999968827 -0.000311580 -0.007886012 0.733787775 0.000387222 0.999953926 0.009592135 -1.355213523 0.007882658 -0.009594888 0.999922931 44.236663818
0.999965966 -0.001115942 -0.008169263 0.753036022 0.001198857 0.999947786 0.010151769 -1.368842840 0.008157507 -0.010161217 0.999915123 44.739204407
0.999967515 -0.001135268 -0.007975420 0.746662617 0.001216397 0.999947488 0.010174921 -1.375953317 0.007963450 -0.010184293 0.999916375 45.238464355
0.999965012 -0.001201397 -0.008284571 0.759796858 0.001284319 0.999949098 0.010011188 -1.389203310 0.008272122 -0.010021476 0.999915600 45.780792236
0.999966145 -0.001553750 -0.008088850 0.762234449 0.001634466 0.999948800 0.009981596 -1.400260568 0.008072929 -0.009994479 0.999917448 46.336170197
0.999970436 -0.000723465 -0.007662875 0.778118610 0.000802617 0.999946296 0.010331282 -1.414546728 0.007654989 -0.010337127 0.999917209 46.850631714
0.999963939 -0.001356148 -0.008375104 0.771796703 0.001445934 0.999941587 0.010723883 -1.446933270 0.008360070 -0.010735605 0.999907374 47.324943542
0.999960065 -0.001843353 -0.008736327 0.787463367 0.001932510 0.999946058 0.010207924 -1.455744505 0.008717040 -0.010224400 0.999909699 47.866638184
0.999967575 -0.000392699 -0.008039944 0.771496177 0.000480030 0.999940872 0.010863094 -1.455159187 0.008035203 -0.010866602 0.999908626 48.334972382
0.999966562 -0.000520070 -0.008155752 0.775912225 0.000612892 0.999935031 0.011382922 -1.466968775 0.008149303 -0.011387542 0.999901950 48.868713379
0.999965310 -0.001305033 -0.008227055 0.775406659 0.001395862 0.999938011 0.011044226 -1.480432034 0.008212132 -0.011055328 0.999905169 49.345043182
0.999965787 -0.001053334 -0.008210971 0.781163752 0.001143981 0.999938369 0.011042864 -1.488320351 0.008198833 -0.011051880 0.999905288 49.893840790
0.999966979 -0.000498020 -0.008128576 0.767784834 0.000588521 0.999937832 0.011135117 -1.490896463 0.008122526 -0.011139532 0.999904990 50.354660034
0.999967992 -0.000346350 -0.007999226 0.773758173 0.000431385 0.999943435 0.010631138 -1.498461723 0.007995090 -0.010634247 0.999911547 50.909320831
0.999964774 -0.000846378 -0.008368552 0.795471668 0.000940184 0.999936700 0.011211670 -1.511505365 0.008358533 -0.011219141 0.999902070 51.353855133
0.999961793 -0.001136928 -0.008671367 0.804236412 0.001230873 0.999940515 0.010836201 -1.520449996 0.008658530 -0.010846459 0.999903619 51.893569946
0.999960363 -0.001448831 -0.008789171 0.812871456 0.001545427 0.999938428 0.010993488 -1.536567688 0.008772703 -0.011006635 0.999900877 52.452781677
0.999964893 -0.000230861 -0.008372596 0.802642226 0.000323999 0.999938071 0.011124534 -1.532060862 0.008369510 -0.011126856 0.999903083 52.919094086
0.999964297 -0.000847501 -0.008417898 0.806484818 0.000938573 0.999940991 0.010820734 -1.548966885 0.008408232 -0.010828248 0.999906003 53.467109680
0.999965668 -0.000558113 -0.008258685 0.826645374 0.000652856 0.999933958 0.011473620 -1.559903860 0.008251735 -0.011478619 0.999900043 53.937324524
0.999961436 -0.000999439 -0.008718623 0.827451050 0.001100066 0.999932826 0.011544462 -1.550564528 0.008706499 -0.011553609 0.999895334 54.571105957
0.999967039 -0.000953218 -0.008062721 0.842703998 0.001048522 0.999929488 0.011824410 -1.583741426 0.008050881 -0.011832474 0.999897599 55.021194458
0.999970675 -0.000254447 -0.007651665 0.851281762 0.000344677 0.999930322 0.011793198 -1.597805262 0.007648132 -0.011795488 0.999901235 55.551601410
0.999971330 -0.000370749 -0.007563882 0.816838622 0.000463468 0.999924719 0.012260021 -1.624371052 0.007558768 -0.012263174 0.999896228 55.877944946
0.999967277 -0.000747526 -0.008064109 0.831636786 0.000845589 0.999925673 0.012163948 -1.634179115 0.008054417 -0.012170366 0.999893486 56.411201477
0.999967992 -0.000632694 -0.007966571 0.834417224 0.000730354 0.999924600 0.012261747 -1.640893459 0.007958212 -0.012267174 0.999893129 56.963363647
0.999971509 0.000111150 -0.007543993 0.821127772 -0.000019633 0.999926448 0.012130195 -1.647803187 0.007544787 -0.012129703 0.999897897 57.391429901
0.999969482 -0.000210789 -0.007809064 0.871497750 0.000298967 0.999936163 0.011292349 -1.622555733 0.007806187 -0.011294339 0.999905705 58.073200226
0.999974787 0.000140535 -0.007089171 0.824049890 -0.000050843 0.999920011 0.012650699 -1.671000719 0.007090380 -0.012650020 0.999894798 58.492561340
0.999972761 0.000280281 -0.007374056 0.840598047 -0.000187095 0.999920189 0.012634661 -1.684383631 0.007377009 -0.012632937 0.999892950 59.030990601
0.999975145 0.001040165 -0.006961027 0.848629951 -0.000949213 0.999914289 0.013056558 -1.694601893 0.006974012 -0.013049625 0.999890447 59.558998108
0.999974608 0.000367531 -0.007113884 0.846983969 -0.000274806 0.999915123 0.013030994 -1.722722292 0.007118070 -0.013028708 0.999889731 60.068634033
0.999972582 0.000082036 -0.007403033 0.855489850 0.000013293 0.999917090 0.012875956 -1.731698513 0.007403475 -0.012875699 0.999889672 60.583992004
0.999970555 0.000254850 -0.007667196 0.898655057 -0.000154276 0.999913931 0.013115142 -1.780261755 0.007669880 -0.013113575 0.999884605 61.093303680
0.999966979 0.000149513 -0.008121306 0.915522754 -0.000042191 0.999912620 0.013213320 -1.791237831 0.008122573 -0.013212544 0.999879718 61.638118744
0.999964058 -0.000434894 -0.008470324 0.924896181 0.000541322 0.999920905 0.012566587 -1.789956808 0.008464189 -0.012570720 0.999885201 62.172679901
0.999964893 -0.000188414 -0.008379216 0.927841246 0.000294383 0.999919951 0.012647174 -1.796785235 0.008376163 -0.012649197 0.999884903 62.749416351
0.999965608 -0.000131770 -0.008288124 0.934815884 0.000233855 0.999924123 0.012317182 -1.802081585 0.008285872 -0.012318697 0.999889851 63.297359467
0.999970913 0.000604354 -0.007601629 0.887026668 -0.000506899 0.999917865 0.012815662 -1.841645479 0.007608749 -0.012811436 0.999888957 63.817920685
0.999970913 0.000328801 -0.007624728 0.890362859 -0.000232117 0.999919593 0.012677698 -1.848515272 0.007628283 -0.012675559 0.999890506 64.373283386
0.999970913 0.000567760 -0.007603042 0.897521555 -0.000474144 0.999924123 0.012309092 -1.856829643 0.007609455 -0.012305129 0.999895275 64.905731201
0.999970078 0.000451282 -0.007725575 0.909847796 -0.000353715 0.999920249 0.012625886 -1.872863412 0.007730655 -0.012622776 0.999890447 65.428161621
0.999967813 -0.000093162 -0.008021861 0.900410771 0.000191498 0.999924839 0.012258556 -1.873716474 0.008020117 -0.012259697 0.999892652 65.988594055
0.999971330 0.000913499 -0.007515172 0.942071557 -0.000816015 0.999915600 0.012964595 -1.901494980 0.007526381 -0.012958094 0.999887705 66.465286255
0.999969423 0.000245299 -0.007808986 0.956410706 -0.000145517 0.999918342 0.012775882 -1.907475591 0.007811482 -0.012774359 0.999887884 67.011024475
0.999969363 0.001175472 -0.007729639 0.960244000 -0.001076855 0.999918103 0.012750098 -1.923620224 0.007743993 -0.012741387 0.999888837 67.558662415
0.999965966 -0.000113606 -0.008249689 0.971991897 0.000218067 0.999919772 0.012662631 -1.927436829 0.008247589 -0.012663999 0.999885738 68.074180603
0.999962091 -0.000120852 -0.008712075 0.999862909 0.000227499 0.999924958 0.012241317 -1.926721096 0.008709941 -0.012242832 0.999887109 68.634742737
0.999970496 0.001035925 -0.007611721 0.973402619 -0.000939408 0.999919176 0.012672734 -1.944166183 0.007624235 -0.012665209 0.999890745 69.123146057
0.999971509 0.000879621 -0.007493177 0.982253075 -0.000783688 0.999917746 0.012795932 -1.952288747 0.007503817 -0.012789696 0.999890029 69.666816711
0.999968827 0.000541275 -0.007877046 0.994091570 -0.000443920 0.999923527 0.012355851 -1.958782196 0.007883133 -0.012351970 0.999892592 70.220535278
0.999967337 -0.000029974 -0.008081185 1.007929087 0.000129845 0.999923587 0.012358163 -1.977264166 0.008080197 -0.012358808 0.999890983 70.717620850
0.999970317 0.000715789 -0.007664904 1.002129555 -0.000618293 0.999918938 0.012714565 -1.979418516 0.007673387 -0.012709448 0.999889791 71.259094238
0.999969304 0.000504120 -0.007810192 1.010110974 -0.000402788 0.999915779 0.012970507 -1.992719173 0.007816074 -0.012966965 0.999885380 71.809936523
0.999971032 0.000418981 -0.007598856 1.006523371 -0.000320395 0.999915838 0.012970379 -2.000430107 0.007603651 -0.012967570 0.999886990 72.319450378
0.999973476 0.001091811 -0.007202419 1.000958681 -0.001001762 0.999921441 0.012494308 -2.002365828 0.007215492 -0.012486761 0.999895990 72.899734497
0.999968648 -0.000148739 -0.007912362 1.045197248 0.000246563 0.999923587 0.012363877 -2.010721445 0.007909917 -0.012365440 0.999892235 73.388633728
0.999971092 0.000704724 -0.007569112 1.027296066 -0.000609759 0.999921203 0.012541293 -2.026874781 0.007577353 -0.012536316 0.999892712 73.943458557
0.999971747 0.000846982 -0.007471009 1.033873677 -0.000755243 0.999924421 0.012273734 -2.028723478 0.007480838 -0.012267746 0.999896765 74.506233215
0.999973476 0.000899617 -0.007235076 1.038944244 -0.000807848 0.999919295 0.012676916 -2.051832199 0.007245896 -0.012670734 0.999893486 75.018074036
0.999975085 0.001496245 -0.006902794 1.012097120 -0.001407715 0.999916911 0.012812204 -2.058024406 0.006921391 -0.012802169 0.999894083 75.602455139
0.999974608 0.001103530 -0.007034238 1.020263433 -0.001018821 0.999926984 0.012034510 -2.067502975 0.007047006 -0.012027038 0.999902904 76.069007874
0.999976575 0.001291542 -0.006736088 1.029440403 -0.001204255 0.999915481 0.012946169 -2.075708866 0.006752238 -0.012937754 0.999893486 76.676864624
0.999975741 0.001056241 -0.006883852 1.038947821 -0.000969092 0.999919415 0.012650966 -2.083578110 0.006896660 -0.012643990 0.999896228 77.215133667
0.999976575 0.001316072 -0.006705467 1.047919273 -0.001231622 0.999920011 0.012582798 -2.095001459 0.006721491 -0.012574243 0.999898314 77.743133545
0.999979377 0.001227298 -0.006304022 1.051929474 -0.001147242 0.999918878 0.012687073 -2.098294020 0.006319082 -0.012679578 0.999899566 78.288597107
0.999986649 0.001454215 -0.004959482 1.058763146 -0.001393328 0.999923885 0.012258262 -2.103147984 0.004976931 -0.012251189 0.999912500 78.838203430
0.999991894 0.001287637 -0.003797596 1.072294712 -0.001241318 0.999925256 0.012174060 -2.111556053 0.003812988 -0.012169249 0.999918699 79.378295898
0.999997199 0.001138332 -0.002079463 1.080996990 -0.001112987 0.999925554 0.012149302 -2.115776539 0.002093137 -0.012146954 0.999923944 79.943229675
0.999998808 0.000738384 0.001399079 1.100113750 -0.000754960 0.999929070 0.011884658 -2.123619318 -0.001390205 -0.011885700 0.999928355 80.494087219
0.999988198 0.000455929 0.004837671 1.122807026 -0.000513741 0.999928474 0.011955843 -2.132462502 -0.004831873 -0.011958188 0.999916792 81.038002014
0.999966860 0.001151694 0.008059150 1.136754036 -0.001247299 0.999928713 0.011868048 -2.138860941 -0.008044910 -0.011877706 0.999897122 81.553115845
0.999928892 -0.000065864 0.011926813 1.193049788 -0.000064722 0.999939978 0.010948196 -2.106013298 -0.011926819 -0.010948190 0.999868870 82.209915161
0.999817491 0.001636582 0.019035235 1.192363143 -0.001869111 0.999923766 0.012204369 -2.155333042 -0.019013811 -0.012237722 0.999744296 82.652137756
0.999692738 0.001566527 0.024743820 1.223958492 -0.001872904 0.999921799 0.012363660 -2.166730165 -0.024722520 -0.012406202 0.999617338 83.190650940
0.999544144 0.001449171 0.030153863 1.256960034 -0.001810209 0.999926984 0.011949342 -2.172084332 -0.030134346 -0.011998480 0.999473870 83.771034241
0.999281049 0.001549773 0.037882693 1.296760798 -0.002015075 0.999922991 0.012247621 -2.177464485 -0.037860792 -0.012315151 0.999207079 84.316009521
0.998953283 0.000756248 0.045738190 1.341594458 -0.001309072 0.999926448 0.012057957 -2.188231468 -0.045725711 -0.012105211 0.998880684 84.851249695
0.998628557 0.000207491 0.052353118 1.396002531 -0.000833239 0.999928415 0.011930910 -2.201082706 -0.052346893 -0.011958170 0.998557389 85.421768188
0.998119175 0.000247430 0.061303087 1.453100681 -0.000975224 0.999929428 0.011842430 -2.208080292 -0.061295837 -0.011879942 0.998048961 85.962509155
0.997468591 -0.000127364 0.071108416 1.517529964 -0.000723741 0.999928415 0.011943219 -2.227265596 -0.071104862 -0.011964449 0.997397065 86.482116699
0.996804416 0.000393904 0.079879768 1.583353519 -0.001349761 0.999928117 0.011912549 -2.234519482 -0.079869345 -0.011982297 0.996733427 87.034324646
0.996120334 0.000012364 0.088001594 1.642210484 -0.001052316 0.999930263 0.011771031 -2.243551254 -0.087995335 -0.011817968 0.996050775 87.576446533
0.995111108 0.000005743 0.098761849 1.718475819 -0.001199358 0.999926984 0.012026424 -2.251420498 -0.098754570 -0.012086077 0.995038450 88.119247437
0.993996024 -0.000234315 0.109415963 1.797224045 -0.001084607 0.999927461 0.011994532 -2.263592243 -0.109410837 -0.012041189 0.993923783 88.672622681
0.992951512 -0.000126848 0.118520655 1.886209488 -0.001298898 0.999927819 0.011952193 -2.274718285 -0.118513606 -0.012021895 0.992879629 89.215538025
0.991610348 -0.000456326 0.129262373 1.986097336 -0.001092579 0.999928415 0.011911482 -2.282284260 -0.129258588 -0.011952776 0.991538942 89.754211426
0.989904404 -0.000405360 0.141736001 2.084519386 -0.001329734 0.999925315 0.012146804 -2.296327591 -0.141730353 -0.012212645 0.989829898 90.301017761
0.988273501 -0.000421312 0.152692810 2.182629585 -0.001430323 0.999926746 0.012016493 -2.305682659 -0.152686685 -0.012093982 0.988200665 90.804702759
0.986689866 -0.000979102 0.162610531 2.311342239 -0.000978092 0.999928057 0.011955591 -2.312227964 -0.162610546 -0.011955507 0.986617923 91.417289734
0.984528244 -0.001522236 0.175219268 2.440044403 -0.000674573 0.999922037 0.012477240 -2.326913118 -0.175224602 -0.012402395 0.984450400 91.940490723
0.982159495 -0.001263302 0.188045204 2.559285164 -0.001044954 0.999925315 0.012175365 -2.329787254 -0.188046530 -0.012154650 0.982085049 92.528755188
0.980189383 -0.001925472 0.198053315 2.684757233 -0.000450678 0.999928594 0.011951754 -2.338117123 -0.198062152 -0.011804243 0.980118394 93.053108215
0.977431655 -0.001774369 0.211244494 2.823593140 -0.000795552 0.999926746 0.012080015 -2.347477436 -0.211250439 -0.011975445 0.977358639 93.573348999
0.974466622 -0.002455617 0.224519059 2.975719452 -0.000233719 0.999928474 0.011950845 -2.357800484 -0.224532396 -0.011698174 0.974396408 94.134399414
0.971812487 -0.002272078 0.235744402 3.118331909 -0.000475064 0.999932647 0.011595605 -2.362022400 -0.235754848 -0.011380747 0.971745968 94.651657104
0.968805909 -0.002809640 0.247804806 3.291494370 -0.000130931 0.999929726 0.011849204 -2.378032684 -0.247820735 -0.011512023 0.968737483 95.204666138
0.965265453 -0.003037130 0.261253387 3.462781906 -0.000178008 0.999924541 0.012282044 -2.391667843 -0.261270970 -0.011901938 0.965192139 95.720008850
0.961849689 -0.004099078 0.273548126 3.642892838 0.000934118 0.999931037 0.011699279 -2.388045311 -0.273577213 -0.010997419 0.961787164 96.293663025
0.958653033 -0.004381489 0.284543782 3.820686340 0.000881829 0.999922395 0.012426143 -2.401243210 -0.284576118 -0.011661439 0.958582520 96.801879883
0.954308629 -0.004350872 0.298791409 4.017168045 0.000712059 0.999924242 0.012286223 -2.411103725 -0.298822284 -0.011512090 0.954239368 97.349647522
0.949921966 -0.004628942 0.312452942 4.213914871 0.000952146 0.999928534 0.011919064 -2.415171146 -0.312485814 -0.011024680 0.949858367 97.870773315
0.946180165 -0.005415520 0.323595017 4.414638519 0.001546857 0.999924183 0.012211263 -2.425981760 -0.323636651 -0.011053499 0.946116865 98.378128052
0.941645682 -0.005318807 0.336563677 4.626596451 0.001294203 0.999924958 0.012181136 -2.435239792 -0.336603254 -0.011034729 0.941581845 98.896812439
0.936463177 -0.005204733 0.350727558 4.838253021 0.000943107 0.999923646 0.012320534 -2.443905354 -0.350764930 -0.011206950 0.936396480 99.409492493
0.931852341 -0.005839373 0.362790704 5.064567566 0.001493360 0.999923766 0.012258687 -2.452448368 -0.362834662 -0.010881508 0.931789994 99.916831970
0.927707553 -0.006334540 0.373254091 5.291646957 0.001886756 0.999922752 0.012280357 -2.462168694 -0.373303056 -0.010688341 0.927647889 100.428276062
0.922099292 -0.005950403 0.386907429 5.520200729 0.001335012 0.999924719 0.012196564 -2.465405464 -0.386950850 -0.010729918 0.922037899 100.931228638
0.916476130 -0.006651198 0.400033891 5.762844086 0.001873571 0.999922216 0.012332948 -2.472362518 -0.400084764 -0.010553359 0.916417360 101.426597595
0.911556900 -0.007489228 0.411105573 6.015670776 0.002881698 0.999925971 0.011826259 -2.480517626 -0.411163688 -0.009595625 0.911511064 101.922073364
0.905016780 -0.007161076 0.425315589 6.277900696 0.001968863 0.999918044 0.012646219 -2.488631248 -0.425371319 -0.010607652 0.904956758 102.434204102
0.898487926 -0.007634120 0.438931733 6.548633575 0.002622383 0.999924302 0.012023197 -2.497292042 -0.438990235 -0.009651652 0.898439944 102.904617310
0.892434061 -0.008359108 0.451100379 6.836658478 0.002949727 0.999915004 0.012693322 -2.505473614 -0.451168180 -0.009997330 0.892382920 103.428314209
0.886828184 -0.008445179 0.462022185 7.113525391 0.002952475 0.999916077 0.012610075 -2.509652615 -0.462089926 -0.009818860 0.886778712 103.912742615
0.879616320 -0.008837216 0.475601792 7.399768829 0.003350966 0.999917865 0.012382048 -2.514036179 -0.475672007 -0.009297728 0.879573584 104.405357361
0.872699559 -0.009057027 0.488173634 7.693271637 0.003327478 0.999915063 0.012602832 -2.522352934 -0.488246262 -0.009374100 0.872655571 104.878799438
