1.000000000 0.000000000 0.000000000 0.000000000 0.000000000 1.000000000 0.000000000 0.000000000 0.000000000 0.000000000 1.000000000 0.000000000
1.000000000 0.000128172 0.000014131 -0.000026370 -0.000128172 1.000000000 -0.000034847 0.000448207 -0.000014136 0.000034845 1.000000000 0.000157402
1.000000000 0.000093863 0.000082958 -0.000701172 -0.000093869 1.000000000 0.000062472 -0.000446631 -0.000082952 -0.000062480 1.000000000 -0.000250684
1.000000000 -0.000081093 0.000095407 -0.000266218 0.000081097 1.000000000 -0.000044059 0.000576494 -0.000095404 0.000044066 1.000000000 0.000374256
1.000000000 -0.000083035 0.000055460 -0.000328246 0.000083034 1.000000000 0.000010578 -0.000046799 -0.000055461 -0.000010573 1.000000000 -0.000523081
1.000000000 0.000049302 0.000163784 -0.001297205 -0.000049302 1.000000000 0.000004702 0.000396082 -0.000163783 -0.000004710 1.000000000 -0.000011623
1.000000000 -0.000065417 0.000093273 -0.000654281 0.000065418 1.000000000 -0.000016686 0.000190196 -0.000093272 0.000016692 1.000000000 -0.000250472
1.000000000 0.000032234 0.000094996 -0.000688533 -0.000032241 1.000000000 0.000073247 -0.000647529 -0.000094994 -0.000073251 1.000000000 -0.000614780
1.000000000 -0.000007245 0.000014000 -0.000757534 0.000007246 1.000000000 -0.000073038 0.000082521 -0.000014000 0.000073038 1.000000000 -0.000198564
1.000000000 -0.000029297 0.000066863 -0.000095695 0.000029294 1.000000000 0.000042081 -0.001286542 -0.000066864 -0.000042079 1.000000000 -0.000277013
1.000000000 0.000089651 0.000102830 -0.001018544 -0.000089660 1.000000000 0.000080203 -0.000933698 -0.000102822 -0.000080212 1.000000000 -0.000063049
1.000000000 0.000039014 0.000105847 -0.000755027 -0.000039011 1.000000000 -0.000024009 0.000065371 -0.000105848 0.000024004 1.000000000 -0.000389951
1.000000000 0.000088335 0.000050512 -0.000783766 -0.000088332 1.000000000 -0.000060700 -0.000659888 -0.000050518 0.000060695 1.000000000 -0.001292848
1.000000000 0.000065414 0.000086740 -0.001193901 -0.000065411 1.000000000 -0.000035211 0.000959758 -0.000086742 0.000035206 1.000000000 0.000544198
1.000000000 0.000028169 0.000103291 -0.001723349 -0.000028159 1.000000000 -0.000099324 0.001164137 -0.000103294 0.000099321 1.000000000 0.000574225
1.000000000 0.000084042 0.000033856 -0.000153258 -0.000084039 1.000000000 -0.000094899 0.002010234 -0.000033864 0.000094896 1.000000000 0.001984626
1.000000000 0.000119699 0.000135659 -0.001299101 -0.000119685 1.000000000 -0.000108752 0.001672468 -0.000135672 0.000108735 1.000000000 0.002506810
1.000000000 0.000130012 0.000114367 -0.001606654 -0.000129998 1.000000000 -0.000117208 0.001169558 -0.000114382 0.000117193 1.000000000 0.001216016
0.999999940 0.000229459 0.000187304 -0.002310016 -0.000229441 0.999999940 -0.000101059 0.002070482 -0.000187327 0.000101016 1.000000000 0.002529598
1.000000000 0.000166145 0.000161063 -0.001548339 -0.000166125 1.000000000 -0.000124593 0.001892056 -0.000161084 0.000124567 1.000000000 0.002179495
1.000000000 0.000140573 0.000188937 -0.002286264 -0.000140556 1.000000000 -0.000085924 0.001450695 -0.000188949 0.000085897 1.000000000 0.002217000
1.000000000 0.000120135 0.000118159 -0.001989155 -0.000120123 1.000000000 -0.000095971 0.001810382 -0.000118171 0.000095956 1.000000000 0.001770206
1.000000000 0.000114055 0.000086419 -0.000782719 -0.000114043 1.000000000 -0.000135508 0.002391250 -0.000086434 0.000135498 1.000000000 0.003090835
1.000000000 0.000099200 0.000107499 -0.001566802 -0.000099187 1.000000000 -0.000126043 0.002769516 -0.000107511 0.000126032 1.000000000 0.003443307
0.999999940 0.000286296 0.000083867 -0.001759210 -0.000286288 0.999999940 -0.000095412 0.002685655 -0.000083894 0.000095387 1.000000000 0.003817383
0.999999940 0.000323525 0.000148677 -0.002060685 -0.000323521 0.999999940 -0.000029505 0.001476521 -0.000148686 0.000029456 1.000000000 0.001946092
1.000000000 0.000137715 0.000197567 -0.002218818 -0.000137701 1.000000000 -0.000070043 0.003030725 -0.000197577 0.000070016 1.000000000 0.003251951
1.000000000 0.000165001 0.000175278 -0.001862565 -0.000164997 1.000000000 -0.000020227 0.001444568 -0.000175281 0.000020198 1.000000000 0.002549957
1.000000000 0.000142037 0.000098163 -0.001611477 -0.000142031 1.000000000 -0.000067937 0.002597639 -0.000098172 0.000067923 1.000000000 0.002681121
1.000000000 0.000159686 0.000163162 -0.002320651 -0.000159667 1.000000000 -0.000111832 0.002737241 -0.000163180 0.000111806 1.000000000 0.003142263
0.999999940 0.000143066 0.000211539 -0.001508051 -0.000143057 1.000000000 -0.000043840 0.001558866 -0.000211546 0.000043810 1.000000000 0.002864789
1.000000000 0.000033937 0.000193245 -0.001064696 -0.000033910 1.000000000 -0.000139976 0.003452950 -0.000193250 0.000139970 1.000000000 0.003923865
1.000000000 0.000147865 0.000067713 -0.000268298 -0.000147850 0.999999940 -0.000223877 0.003831502 -0.000067747 0.000223867 1.000000000 0.003771756
1.000000000 0.000149156 0.000157036 -0.001243512 -0.000149142 1.000000000 -0.000087304 0.001889040 -0.000157049 0.000087280 1.000000000 0.002198245
0.999999940 0.000266930 0.000226594 -0.002875615 -0.000266902 0.999999940 -0.000121025 0.002033475 -0.000226626 0.000120965 0.999999940 0.001686517
0.999999940 0.000269941 0.000230036 -0.001585326 -0.000269915 0.999999940 -0.000114820 0.001932486 -0.000230067 0.000114758 0.999999940 0.001752329
1.000000000 0.000094160 0.000111564 -0.001188452 -0.000094158 1.000000000 -0.000016417 0.001864442 -0.000111566 0.000016406 1.000000000 0.001941991
0.999999940 0.000233015 0.000165983 -0.002182518 -0.000232999 0.999999940 -0.000096483 0.003092446 -0.000166005 0.000096444 1.000000000 0.003566297
0.999999940 0.000225677 0.000218905 -0.001906985 -0.000225651 0.999999940 -0.000121410 0.002953111 -0.000218932 0.000121361 0.999999940 0.002218793
1.000000000 0.000158042 0.000109120 -0.000653661 -0.000158029 1.000000000 -0.000122828 0.003752889 -0.000109139 0.000122811 1.000000000 0.003225127
1.000000000 0.000048004 0.000088878 0.000226648 -0.000047991 1.000000000 -0.000143106 0.001541919 -0.000088884 0.000143101 1.000000000 0.003473026
0.999999940 0.000316301 0.000170704 0.000866956 -0.000316185 0.999999702 -0.000678546 -0.001361919 -0.000170919 0.000678492 0.999999762 0.051728573
0.999999940 0.000289855 0.000083687 0.002135880 -0.000289756 0.999999285 -0.001183097 -0.003236244 -0.000084030 0.001183073 0.999999285 0.140940815
0.999999702 0.000662530 0.000409957 -0.001983123 -0.000662190 0.999999464 -0.000827553 -0.013238341 -0.000410505 0.000827281 0.999999583 0.248918101
0.999999344 0.000987967 0.000482914 0.000606408 -0.000987631 0.999999285 -0.000696613 -0.016645815 -0.000483602 0.000696136 0.999999642 0.379814833
0.999999464 0.000925445 0.000366416 0.004912264 -0.000925194 0.999999344 -0.000682597 -0.019695718 -0.000367048 0.000682257 0.999999642 0.522191107
0.999999881 0.000507127 0.000271944 0.009557569 -0.000507009 0.999999762 -0.000435006 -0.026238754 -0.000272164 0.000434868 0.999999821 0.673852503
0.999999821 0.000544086 0.000286698 0.015075745 -0.000544006 0.999999821 -0.000276393 -0.028349863 -0.000286849 0.000276237 0.999999940 0.838744819
0.999999821 0.000413856 0.000445886 0.016269630 -0.000413817 0.999999881 -0.000087421 -0.034565702 -0.000445923 0.000087236 0.999999881 1.006075382
0.999999940 -0.000045792 0.000325498 0.020945517 0.000045850 0.999999940 -0.000178109 -0.037234973 -0.000325489 0.000178124 0.999999940 1.184763193
0.999999881 0.000209925 0.000322587 0.026525956 -0.000209977 0.999999940 0.000163212 -0.043300562 -0.000322553 -0.000163280 0.999999940 1.368979096
0.999999762 0.000503845 0.000439293 0.023376815 -0.000503917 0.999999821 0.000162697 -0.046351377 -0.000439211 -0.000162919 0.999999881 1.555503130
0.999999523 0.000666658 0.000706033 0.024464786 -0.000667111 0.999999523 0.000641111 -0.059401907 -0.000705605 -0.000641582 0.999999523 1.752315283
0.999999583 0.000679233 0.000648535 0.028025394 -0.000679836 0.999999404 0.000929484 -0.067964017 -0.000647904 -0.000929924 0.999999344 1.954009533
0.999999881 -0.000005507 0.000456763 0.035755232 0.000005122 0.999999702 0.000841617 -0.072674796 -0.000456767 -0.000841614 0.999999523 2.169954300
0.999999642 0.000382381 0.000730361 0.035362087 -0.000383161 0.999999344 0.001067464 -0.081317447 -0.000729952 -0.001067744 0.999999106 2.380670071
0.999999464 0.000696856 0.000701669 0.042329110 -0.000697564 0.999999225 0.001009429 -0.087963648 -0.000700965 -0.001009918 0.999999225 2.603111982
0.999999166 0.000832088 0.000962339 0.043425459 -0.000833198 0.999998927 0.001153601 -0.094000883 -0.000961378 -0.001154401 0.999998927 2.834473372
0.999999583 0.000334420 0.000858670 0.051360864 -0.000335294 0.999999344 0.001017884 -0.097572222 -0.000858329 -0.001018171 0.999999106 3.066505194
0.999999821 0.000306686 0.000502382 0.057942223 -0.000307361 0.999998987 0.001344097 -0.109042309 -0.000501969 -0.001344251 0.999998987 3.298769951
0.999999404 0.000353006 0.000948008 0.059038516 -0.000354287 0.999999046 0.001351309 -0.115850724 -0.000947530 -0.001351644 0.999998569 3.552726269
0.999999344 0.000528115 0.001037764 0.060753837 -0.000529709 0.999998748 0.001536269 -0.123505741 -0.001036951 -0.001536818 0.999998271 3.804491758
0.999999225 0.000580311 0.001079098 0.064393625 -0.000581819 0.999998868 0.001398215 -0.127861694 -0.001078286 -0.001398842 0.999998450 4.068966866
0.999998748 0.000886749 0.001285694 0.069933102 -0.000888408 0.999998808 0.001290215 -0.132039502 -0.001284548 -0.001291356 0.999998331 4.327203751
0.999998450 0.001023381 0.001389345 0.073900342 -0.001025197 0.999998629 0.001306415 -0.139673814 -0.001388006 -0.001307837 0.999998212 4.586612701
0.999998927 0.000815151 0.001222987 0.082282417 -0.000816972 0.999998510 0.001489482 -0.149829775 -0.001221771 -0.001490480 0.999998152 4.837496758
0.999997914 0.001377566 0.001496161 0.086509570 -0.001380011 0.999997616 0.001634420 -0.156636611 -0.001493906 -0.001636481 0.999997556 5.093083858
0.999998629 0.001051969 0.001320167 0.092094339 -0.001053689 0.999998629 0.001302923 -0.162733600 -0.001318794 -0.001304312 0.999998271 5.358089447
0.999998212 0.001128423 0.001503392 0.094363853 -0.001130700 0.999998212 0.001514556 -0.171825781 -0.001501680 -0.001516253 0.999997735 5.619376183
0.999998748 0.000825419 0.001368034 0.098936930 -0.000827505 0.999998510 0.001524418 -0.178838804 -0.001366774 -0.001525548 0.999997914 5.892221451
0.999998212 0.001057259 0.001554750 0.103929199 -0.001059817 0.999998033 0.001645685 -0.187913880 -0.001553007 -0.001647330 0.999997437 6.172363281
0.999997675 0.001413393 0.001622559 0.110216595 -0.001416413 0.999997258 0.001861515 -0.195944622 -0.001619924 -0.001863809 0.999996960 6.454566002
0.999998629 0.000942965 0.001321664 0.117336355 -0.000945260 0.999998033 0.001736986 -0.202984437 -0.001320024 -0.001738233 0.999997556 6.754591942
0.999997795 0.001154490 0.001711615 0.122158721 -0.001156832 0.999998391 0.001367685 -0.207661495 -0.001710033 -0.001369662 0.999997616 7.059857368
0.999999106 0.000618678 0.001184540 0.129804999 -0.000621151 0.999997616 0.002088659 -0.220432341 -0.001183245 -0.002089392 0.999997079 7.353614330
0.999998868 0.000736621 0.001334294 0.133098736 -0.000739065 0.999998152 0.001831784 -0.230336577 -0.001332942 -0.001832768 0.999997437 7.687290668
0.999998987 0.000662591 0.001272316 0.144895852 -0.000664758 0.999998331 0.001703368 -0.232870638 -0.001271185 -0.001704212 0.999997735 8.012030602
0.999997497 0.001483831 0.001711479 0.141713366 -0.001486785 0.999997437 0.001725750 -0.244214341 -0.001708914 -0.001728291 0.999997020 8.320286751
0.999998152 0.001162526 0.001537116 0.150571734 -0.001165306 0.999997735 0.001808588 -0.254314184 -0.001535010 -0.001810376 0.999997199 8.631748199
0.999998569 0.000942840 0.001415421 0.155772313 -0.000945207 0.999998093 0.001672407 -0.260325491 -0.001413842 -0.001673742 0.999997616 8.975833893
0.999998808 0.001103456 0.001098499 0.164339453 -0.001105501 0.999997556 0.001862755 -0.273642063 -0.001096441 -0.001863967 0.999997675 9.319341660
0.999997795 0.001556103 0.001418425 0.172447801 -0.001558176 0.999997735 0.001461424 -0.283449769 -0.001416148 -0.001463631 0.999997973 9.653315544
0.999998271 0.001297776 0.001352242 0.175053850 -0.001300525 0.999997079 0.002034027 -0.292483866 -0.001349599 -0.002035782 0.999997020 10.007521629
0.999999106 0.000876082 0.001003957 0.182625249 -0.000878151 0.999997497 0.002061957 -0.311222374 -0.001002148 -0.002062837 0.999997377 10.370090485
0.999998569 0.000924167 0.001414611 0.188385338 -0.000926993 0.999997556 0.001998157 -0.320309937 -0.001412762 -0.001999466 0.999997020 10.736091614
0.999998748 0.000991930 0.001180823 0.199604481 -0.000994421 0.999997199 0.002111059 -0.327943176 -0.001178726 -0.002112230 0.999997079 11.103563309
0.999998510 0.000902961 0.001464898 0.200452402 -0.000906210 0.999997258 0.002218694 -0.339894563 -0.001462891 -0.002220019 0.999996483 11.474442482
0.999997616 0.001423341 0.001658175 0.207864419 -0.001426867 0.999996781 0.002127785 -0.346472859 -0.001655141 -0.002130146 0.999996424 11.851654053
0.999997735 0.001071799 0.001821689 0.217276633 -0.001076251 0.999996483 0.002444534 -0.362354100 -0.001819063 -0.002446489 0.999995410 12.228837967
0.999997973 0.001462651 0.001374203 0.226034328 -0.001466822 0.999994278 0.003039127 -0.379445702 -0.001369750 -0.003041136 0.999994397 12.614552498
0.999997258 0.001738314 0.001531118 0.229914024 -0.001743154 0.999993443 0.003165743 -0.390038043 -0.001525605 -0.003168403 0.999993801 13.016688347
0.999996960 0.001363638 0.002028249 0.234811887 -0.001369957 0.999994218 0.003117347 -0.402629822 -0.002023986 -0.003120117 0.999993026 13.402297020
0.999996960 0.001221753 0.002123032 0.241172850 -0.001227960 0.999994993 0.002925121 -0.410604507 -0.002119448 -0.002927720 0.999993443 13.822772026
0.999996901 0.001447845 0.001994894 0.254804134 -0.001454644 0.999993145 0.003411148 -0.420263320 -0.001989941 -0.003414040 0.999992192 14.239192963
0.999994516 0.001603261 0.002940268 0.256062061 -0.001611336 0.999994874 0.002745671 -0.427310020 -0.002935851 -0.002750394 0.999991894 14.627629280
0.999996841 0.000849787 0.002381535 0.272588164 -0.000856777 0.999995232 0.002935548 -0.436559618 -0.002379030 -0.002937579 0.999992847 15.064268112
0.999995768 0.001110060 0.002689824 0.291593343 -0.001118586 0.999994338 0.003170399 -0.458845228 -0.002686290 -0.003173394 0.999991357 15.482400894
0.999994874 0.000906044 0.003046327 0.290579885 -0.000917102 0.999992907 0.003630405 -0.468347698 -0.003043017 -0.003633180 0.999988794 15.929596901
0.999993443 0.001146686 0.003414857 0.297556400 -0.001159909 0.999991834 0.003872810 -0.481082737 -0.003410388 -0.003876746 0.999986708 16.368795395
0.999991953 0.001676642 0.003648036 0.308264822 -0.001691464 0.999990284 0.004063684 -0.492797852 -0.003641187 -0.004069822 0.999985158 16.813747406
0.999989629 0.001577028 0.004265907 0.310908496 -0.001591676 0.999992847 0.003432690 -0.507142961 -0.004260464 -0.003439445 0.999984920 17.252300262
0.999989152 0.001075553 0.004524128 0.322888583 -0.001092670 0.999992251 0.003782790 -0.519251406 -0.004520023 -0.003787692 0.999982536 17.719285965
0.999987602 0.000919344 0.004876585 0.332991749 -0.000935451 0.999994159 0.003301794 -0.526506662 -0.004873520 -0.003306315 0.999982595 18.188842773
0.999986589 0.001333427 0.005006865 0.341769040 -0.001351329 0.999992669 0.003573904 -0.537641585 -0.005002063 -0.003580621 0.999981105 18.635158539
0.999988079 0.001378160 0.004690590 0.357495040 -0.001393242 0.999993920 0.003213673 -0.543886483 -0.004686132 -0.003220170 0.999983847 19.113431931
0.999983072 0.002359273 0.005312028 0.363131672 -0.002377148 0.999991536 0.003361085 -0.560514569 -0.005304052 -0.003373656 0.999980271 19.580770493
0.999981821 0.002930394 0.005272593 0.370344281 -0.002950446 0.999988437 0.003799410 -0.573071539 -0.005261397 -0.003814898 0.999978900 20.068319321
0.999986172 0.001831149 0.004948053 0.391023159 -0.001849918 0.999991059 0.003791314 -0.587815046 -0.004941066 -0.003800415 0.999980569 20.557764053
0.999987483 0.001757465 0.004671629 0.391331583 -0.001774658 0.999991596 0.003678854 -0.598741949 -0.004665125 -0.003687099 0.999982297 21.047883987
0.999991059 0.001418612 0.003972703 0.406602055 -0.001432978 0.999992430 0.003615484 -0.609387875 -0.003967544 -0.003621145 0.999985576 21.550260544
0.999989808 0.002693315 0.003616514 0.411789417 -0.002705676 0.999990463 0.003417356 -0.617631733 -0.003607276 -0.003427106 0.999987602 22.070314407
0.999990940 0.001940218 0.003792128 0.419309258 -0.001953531 0.999991894 0.003510048 -0.633333981 -0.003785288 -0.003517424 0.999986649 22.558813095
0.999992847 0.001968760 0.003236462 0.429002702 -0.001981097 0.999990761 0.003813378 -0.650516570 -0.003228924 -0.003819763 0.999987423 23.076787949
0.999993801 0.001879653 0.002958221 0.427692473 -0.001891136 0.999990582 0.003883380 -0.667510033 -0.002950894 -0.003888950 0.999988079 23.575517654
0.999997973 0.000295863 0.001987927 0.441935301 -0.000303217 0.999993026 0.003700052 -0.680955887 -0.001986819 -0.003700647 0.999991119 24.107446671
0.999998629 0.000579758 0.001530200 0.454942495 -0.000585585 0.999992549 0.003809920 -0.691599607 -0.001527980 -0.003810810 0.999991536 24.642982483
0.999998331 0.001553963 0.000902083 0.458950430 -0.001557704 0.999990106 0.004161278 -0.713303328 -0.000895608 -0.004162676 0.999990940 25.185523987
0.999997199 0.002276326 0.000650092 0.465835452 -0.002279039 0.999988556 0.004203336 -0.724214375 -0.000640516 -0.004204806 0.999991000 25.731002808
0.999997616 0.002064432 0.000678050 0.468135774 -0.002067136 0.999989748 0.004011637 -0.733996928 -0.000669761 -0.004013029 0.999991715 26.285455704
0.999998868 0.001467591 -0.000263111 0.486495346 -0.001466327 0.999987662 0.004743175 -0.757500231 0.000270069 -0.004742783 0.999988735 26.821834564
0.999997377 0.001999906 -0.001073200 0.501806259 -0.001995509 0.999989688 0.004081954 -0.767036915 0.001081353 -0.004079801 0.999991059 27.373765945
0.999996483 0.002214796 -0.001453589 0.507337213 -0.002207962 0.999986649 0.004686712 -0.784765661 0.001463950 -0.004683487 0.999987960 27.929994583
0.999997020 0.002039154 -0.001330280 0.510534286 -0.002032560 0.999985754 0.004938664 -0.798382699 0.001340332 -0.004935947 0.999986947 28.464014053
0.999997079 0.001338765 -0.002017189 0.525555193 -0.001329533 0.999988675 0.004571235 -0.810372591 0.002023285 -0.004568540 0.999987543 29.015668869
0.999995470 0.002637253 -0.001428193 0.523742378 -0.002629949 0.999983609 0.005091907 -0.825216174 0.001441598 -0.005088129 0.999985993 29.557422638
0.999995589 0.002564404 -0.001461080 0.517249882 -0.002557196 0.999984682 0.004913944 -0.836573243 0.001473658 -0.004910186 0.999986887 30.091073990
0.999993980 0.003055864 -0.001611218 0.525766075 -0.003048137 0.999983966 0.004776395 -0.851005793 0.001625788 -0.004771454 0.999987364 30.642307281
0.999994695 0.002782594 -0.001670322 0.531704962 -0.002774233 0.999983728 0.004987242 -0.866164267 0.001684172 -0.004982581 0.999986172 31.166769028
0.999991655 0.003670778 -0.001813928 0.537792623 -0.003661895 0.999981403 0.004876737 -0.874632597 0.001831796 -0.004870053 0.999986470 31.722993851
0.999992549 0.003307777 -0.002000951 0.543028414 -0.003297697 0.999981940 0.005019475 -0.890964627 0.002017518 -0.005012839 0.999985337 32.237682343
0.999992549 0.003121409 -0.002266925 0.546890557 -0.003109951 0.999982357 0.005040587 -0.903553605 0.002282619 -0.005033499 0.999984741 32.789634705
0.999991536 0.003381770 -0.002357371 0.563571036 -0.003368550 0.999978721 0.005589195 -0.928068459 0.002376222 -0.005581206 0.999981582 33.350708008
0.999992847 0.002582429 -0.002784802 0.576159894 -0.002565440 0.999978125 0.006087243 -0.942674398 0.002800460 -0.006080054 0.999977589 33.873371124
0.999992371 0.002479362 -0.003004559 0.575921893 -0.002462339 0.999980986 0.005655861 -0.950601220 0.003018525 -0.005648419 0.999979496 34.365333557
0.999989510 0.003084259 -0.003398385 0.587605357 -0.003067766 0.999983549 0.004847610 -0.960116148 0.003413280 -0.004837133 0.999982476 34.908351898
0.999989986 0.002120134 -0.003939054 0.602309465 -0.002102034 0.999987245 0.004593368 -0.966254830 0.003948743 -0.004585042 0.999981701 35.461517334
0.999989331 0.002011888 -0.004150256 0.615632534 -0.001992973 0.999987602 0.004556534 -0.975818813 0.004159372 -0.004548214 0.999981046 36.007976532
0.999990523 0.002544277 -0.003536463 0.608314395 -0.002525986 0.999983490 0.005166912 -0.992924929 0.003549552 -0.005157930 0.999980390 36.516899109
0.999987185 0.003469855 -0.003683053 0.611872852 -0.003453158 0.999983788 0.004530250 -1.001598835 0.003698712 -0.004517474 0.999982953 37.068237305
0.999989033 0.003177015 -0.003442255 0.619839489 -0.003160909 0.999984086 0.004674396 -1.015151620 0.003457051 -0.004663464 0.999983072 37.617893219
0.999987423 0.002774034 -0.004172244 0.627191663 -0.002753927 0.999984622 0.004817643 -1.028382182 0.004185543 -0.004806092 0.999979675 38.117233276
0.999988079 0.003094156 -0.003771289 0.633993506 -0.003076957 0.999984860 0.004558001 -1.037155986 0.003785335 -0.004546342 0.999982476 38.665885925
0.999989748 0.002467790 -0.003801860 0.631526887 -0.002449194 0.999985039 0.004887953 -1.049464107 0.003813866 -0.004878591 0.999980807 39.173252106
0.999990225 0.002632057 -0.003569265 0.635117292 -0.002614053 0.999983847 0.005039536 -1.064385056 0.003582472 -0.005030157 0.999980867 39.723262787
0.999987364 0.002773980 -0.004200624 0.652641177 -0.002752317 0.999982953 0.005154215 -1.079955339 0.004214850 -0.005142589 0.999977887 40.269073486
0.999985456 0.001720702 -0.005122495 0.686457515 -0.001698586 0.999989271 0.004318695 -1.089380503 0.005129871 -0.004309931 0.999977529 40.796649933
0.999988377 0.002870737 -0.003875504 0.651239038 -0.002851623 0.999983788 0.004928641 -1.097655416 0.003889590 -0.004917533 0.999980330 41.294589996
0.999987423 0.003610053 -0.003474181 0.655989885 -0.003595575 0.999984860 0.004165018 -1.104163766 0.003489164 -0.004152474 0.999985278 41.845439911
0.999985278 0.003071670 -0.004477786 0.681562126 -0.003051576 0.999985218 0.004487588 -1.123408198 0.004491505 -0.004473857 0.999979913 42.368556976
0.999987960 0.003063211 -0.003843773 0.690936387 -0.003042645 0.999981165 0.005345378 -1.148744822 0.003860075 -0.005333618 0.999978364 42.858783722
0.999987423 0.003432837 -0.003659577 0.671898901 -0.003415593 0.999983013 0.004707785 -1.149661899 0.003675678 -0.004695226 0.999982238 43.407810211
0.999987900 0.003108575 -0.003815807 0.680403054 -0.003090600 0.999984145 0.004707610 -1.164183378 0.003830381 -0.004695760 0.999981642 43.945526123
0.999986708 0.003137673 -0.004098460 0.690978825 -0.003120183 0.999985993 0.004267059 -1.174746752 0.004111791 -0.004254214 0.999982476 44.475399017
0.999987185 0.003594859 -0.003539822 0.689454079 -0.003579626 0.999984264 0.004300191 -1.178040981 0.003555225 -0.004287465 0.999984503 44.994976044
0.999988496 0.003523919 -0.003238690 0.698323369 -0.003509878 0.999984384 0.004330558 -1.188352466 0.003253901 -0.004319140 0.999985456 45.537155151
0.999989390 0.003442981 -0.003043092 0.708201766 -0.003429730 0.999984562 0.004349180 -1.204450369 0.003058019 -0.004338697 0.999985933 46.077178955
0.999987364 0.004137898 -0.002864027 0.694270909 -0.004125224 0.999981880 0.004416698 -1.213276148 0.002882252 -0.004404827 0.999986172 46.570289612
0.999985456 0.004159460 -0.003438373 0.707730532 -0.004143484 0.999980748 0.004640414 -1.226294160 0.003457610 -0.004626099 0.999983370 47.128265381
0.999987781 0.003756981 -0.003207066 0.711339116 -0.003742255 0.999982536 0.004585722 -1.241686344 0.003224240 -0.004573666 0.999984384 47.672950745
0.999987841 0.004028659 -0.002841215 0.711217463 -0.004015857 0.999981821 0.004497189 -1.249619365 0.002859281 -0.004485724 0.999985874 48.157081604
0.999990642 0.003164232 -0.002947854 0.725195527 -0.003150420 0.999984026 0.004678411 -1.260254502 0.002962611 -0.004669080 0.999984741 48.713394165
0.999987781 0.004161098 -0.002669247 0.733757615 -0.004148640 0.999980509 0.004655919 -1.272951841 0.002688568 -0.004644788 0.999985635 49.249717712
0.999984205 0.005080614 -0.002397956 0.719289601 -0.005069984 0.999977410 0.004417825 -1.284455180 0.002420348 -0.004405597 0.999987364 49.737182617
0.999986172 0.004912112 -0.001873269 0.727213204 -0.004904479 0.999979794 0.004057227 -1.297050238 0.001893160 -0.004047983 0.999989986 50.268630981
0.999987662 0.004453657 -0.002141177 0.743057251 -0.004444520 0.999981105 0.004253325 -1.307436347 0.002160079 -0.004243756 0.999988675 50.811962128
0.999984562 0.005040337 -0.002343676 0.741260707 -0.005030084 0.999977827 0.004359910 -1.317534685 0.002365600 -0.004348053 0.999987721 51.331298828
0.999983788 0.005280845 -0.002152663 0.749958873 -0.005272224 0.999978185 0.003991007 -1.328537583 0.002173691 -0.003979593 0.999989629 51.886909485
0.999983788 0.005366425 -0.001888461 0.747580707 -0.005358519 0.999976873 0.004167422 -1.339554548 0.001910783 -0.004157236 0.999989510 52.418254852
0.999980152 0.006015776 -0.001892263 0.754446328 -0.006007560 0.999972582 0.004318264 -1.356428146 0.001918190 -0.004306810 0.999988854 52.954563141
0.999982238 0.005666490 -0.001836637 0.766653419 -0.005658986 0.999975741 0.004065225 -1.371240377 0.001859627 -0.004054760 0.999990046 53.468219757
0.999979854 0.006133231 -0.001628641 0.768382251 -0.006127266 0.999974608 0.003643581 -1.376329303 0.001650947 -0.003633529 0.999992013 54.012409210
0.999977946 0.006373989 -0.001850008 0.779183269 -0.006367956 0.999974430 0.003249168 -1.388063669 0.001870671 -0.003237316 0.999992967 54.564655304
0.999983132 0.005562406 -0.001687474 0.788224518 -0.005556620 0.999978721 0.003413820 -1.397481084 0.001706428 -0.003404387 0.999992728 55.095012665
0.999982595 0.005820729 -0.001027592 0.783839822 -0.005816664 0.999975383 0.003914442 -1.405927062 0.001050351 -0.003908397 0.999991775 55.651294708
0.999983072 0.005629994 -0.001485750 0.803236306 -0.005624379 0.999977052 0.003756604 -1.428612471 0.001506865 -0.003748183 0.999991834 56.157367706
0.999979556 0.006209908 -0.001513586 0.814644516 -0.006204713 0.999974847 0.003412644 -1.439999104 0.001534739 -0.003403183 0.999993026 56.693477631
0.999980152 0.006141132 -0.001417427 0.824747801 -0.006136952 0.999976933 0.002934434 -1.450810671 0.001435414 -0.002925678 0.999994695 57.251663208
0.999980807 0.006148547 -0.000823388 0.834923983 -0.006145835 0.999975801 0.003256402 -1.467330217 0.000843390 -0.003251280 0.999994338 57.793796539
0.999981701 0.005950214 -0.001096553 0.823340535 -0.005946572 0.999976873 0.003295414 -1.465714574 0.001116136 -0.003288833 0.999993980 58.260181427
0.999985039 0.005339795 -0.001233097 0.836489975 -0.005336545 0.999982357 0.002623275 -1.479718804 0.001247083 -0.002616656 0.999995828 58.806282043
0.999980450 0.006118914 -0.001320534 0.851679325 -0.006115512 0.999977946 0.002565906 -1.490664124 0.001336205 -0.002557779 0.999995828 59.365211487
0.999988735 0.004646801 -0.000942237 0.868283808 -0.004643931 0.999984682 0.003025434 -1.499548435 0.000956281 -0.003021025 0.999994993 59.927478790
0.999982715 0.005756222 -0.001211785 0.858909547 -0.005752610 0.999979079 0.002964318 -1.517852783 0.001228822 -0.002957297 0.999994874 60.365352631
0.999976397 0.006851328 -0.000520952 0.868972063 -0.006849758 0.999972105 0.002958868 -1.528986096 0.000541210 -0.002955229 0.999995470 60.911949158
0.999982119 0.005916357 -0.000904179 0.873214841 -0.005913464 0.999977469 0.003170661 -1.545647383 0.000922918 -0.003165258 0.999994576 61.431049347
0.999975741 0.006934094 -0.000750529 0.880908191 -0.006932186 0.999972761 0.002517637 -1.556578636 0.000767966 -0.002512373 0.999996543 61.976398468
0.999979913 0.006267638 -0.000906696 0.896523058 -0.006264721 0.999975324 0.003185920 -1.570035219 0.000926642 -0.003180176 0.999994516 62.503387451
0.999981403 0.006014416 -0.000986383 0.904867470 -0.006011547 0.999977708 0.002885990 -1.586109042 0.001003718 -0.002880006 0.999995351 63.042289734
0.999975264 0.007002630 -0.000643515 0.912102222 -0.007000542 0.999970376 0.003191012 -1.601873875 0.000665841 -0.003186428 0.999994695 63.592472076
0.999976754 0.006792263 -0.000471517 0.913258731 -0.006790939 0.999973118 0.002754802 -1.607419252 0.000490216 -0.002751536 0.999996066 64.099571228
0.999981701 0.006034833 -0.000229233 0.927706480 -0.006034215 0.999978364 0.002610354 -1.621942401 0.000244981 -0.002608923 0.999996603 64.641807556
0.999977887 0.006629300 -0.000494147 0.930969238 -0.006627957 0.999974430 0.002671603 -1.634170175 0.000511845 -0.002668269 0.999996245 65.158752441
0.999973893 0.007222579 -0.000122240 0.935268044 -0.007222250 0.999970734 0.002508305 -1.648365855 0.000140353 -0.002507356 0.999996781 65.716056824
0.999975681 0.006956860 -0.000390796 0.948327005 -0.006955876 0.999972761 0.002466325 -1.663389802 0.000407942 -0.002463547 0.999996901 66.222038269
0.999976635 0.006828927 -0.000333539 0.960158706 -0.006828104 0.999973774 0.002409245 -1.674438238 0.000349983 -0.002406911 0.999997020 66.761436462
0.999974430 0.007144934 -0.000086710 0.969606698 -0.007144744 0.999972463 0.002015033 -1.688931465 0.000101105 -0.002014362 0.999997914 67.299980164
0.999978244 0.006581668 -0.000294077 0.984852612 -0.006580962 0.999975622 0.002340470 -1.702729106 0.000309474 -0.002338484 0.999997199 67.846984863
0.999978602 0.006519327 -0.000551155 0.996959090 -0.006517950 0.999975741 0.002465200 -1.717076540 0.000567213 -0.002461555 0.999996841 68.398719788
0.999975085 0.007052919 -0.000132240 1.008701801 -0.007052441 0.999969661 0.003318781 -1.746741772 0.000155644 -0.003317765 0.999994457 68.928764343
0.999977410 0.006695146 -0.000415943 1.021036863 -0.006694075 0.999974430 0.002526251 -1.752436996 0.000432846 -0.002523410 0.999996722 69.469642639
0.999977052 0.006763467 0.000304367 1.013917089 -0.006764138 0.999974608 0.002257612 -1.755778432 -0.000289090 -0.002259620 0.999997377 69.989944458
0.999976993 0.006784230 -0.000085997 1.022715926 -0.006784004 0.999974012 0.002419229 -1.770970702 0.000102407 -0.002418590 0.999997079 70.478729248
0.999977469 0.006711101 -0.000060933 1.033004761 -0.006710925 0.999974191 0.002545221 -1.787286758 0.000078012 -0.002544754 0.999996722 71.026924133
0.999972880 0.007366445 0.000056171 1.036802411 -0.007366574 0.999968946 0.002816869 -1.803183675 -0.000035419 -0.002817206 0.999996006 71.589523315
0.999972045 0.007466366 0.000340621 1.046670794 -0.007467218 0.999968708 0.002580373 -1.814526677 -0.000321345 -0.002582844 0.999996603 72.063079834
0.999968350 0.007941162 0.000509981 1.052519798 -0.007942423 0.999965191 0.002523314 -1.823994279 -0.000489925 -0.002527284 0.999996722 72.620109558
0.999970078 0.007711794 0.000438323 1.065117598 -0.007712880 0.999966979 0.002535513 -1.842994809 -0.000418756 -0.002538818 0.999996603 73.136779785
0.999969900 0.007731490 0.000522285 1.080456734 -0.007732606 0.999967694 0.002169634 -1.846225023 -0.000505494 -0.002173607 0.999997437 73.682861328
0.999965668 0.008258385 0.000719867 1.083664536 -0.008260123 0.999962866 0.002446258 -1.867476344 -0.000699638 -0.002452120 0.999996722 74.223747253
0.999961674 0.008726933 0.000701021 1.096342325 -0.008728458 0.999959469 0.002202489 -1.878031254 -0.000681772 -0.002208524 0.999997258 74.773963928
0.999968529 0.007910479 0.000674183 1.108257890 -0.007912165 0.999965429 0.002536072 -1.887347221 -0.000654098 -0.002541327 0.999996543 75.301055908
0.999967575 0.008027901 0.000625977 1.114586592 -0.008029410 0.999964714 0.002444996 -1.910607457 -0.000606327 -0.002449942 0.999996841 75.846549988
0.999956071 0.009340588 0.000698912 1.120481610 -0.009342059 0.999954045 0.002132815 -1.919973850 -0.000678958 -0.002139250 0.999997497 76.401107788
0.999968886 0.007868966 0.000545853 1.137978554 -0.007870243 0.999966204 0.002377573 -1.935707927 -0.000527125 -0.002381795 0.999997020 76.916885376
0.999963343 0.008497404 0.001101025 1.146050811 -0.008499761 0.999961555 0.002154106 -1.953472495 -0.001082679 -0.002163385 0.999997079 77.464309692
0.999963820 0.008427963 0.001151242 1.150937915 -0.008430270 0.999962449 0.002013496 -1.958914042 -0.001134229 -0.002023129 0.999997258 77.985671997
0.999958932 0.009039766 0.000561810 1.172957897 -0.009040889 0.999957025 0.002028976 -1.978007674 -0.000543445 -0.002033972 0.999997735 78.523437500
0.999966264 0.008162997 0.000824945 1.180159807 -0.008164596 0.999964774 0.001955051 -1.990109086 -0.000808957 -0.001961721 0.999997675 79.054473877
0.999957561 0.008964566 0.002091389 1.187976956 -0.008969311 0.999957204 0.002270008 -2.002314568 -0.002070950 -0.002288670 0.999995172 79.605354309
0.999959052 0.008515742 0.003048366 1.201681614 -0.008520988 0.999962211 0.001711552 -2.017824888 -0.003033676 -0.001737457 0.999993861 80.165420532
0.999946713 0.009287004 0.004493007 1.202094913 -0.009296391 0.999954641 0.002072495 -2.030384541 -0.004473555 -0.002114154 0.999987721 80.720596313
0.999956250 0.008121621 0.004649962 1.232427597 -0.008131231 0.999964833 0.002051246 -2.046285391 -0.004633139 -0.002088966 0.999987006 81.246055603
0.999926269 0.008673695 0.008491634 1.249456644 -0.008688889 0.999960721 0.001754510 -2.057204723 -0.008476081 -0.001828164 0.999962389 81.798942566
0.999887884 0.008691957 0.012189060 1.267183661 -0.008714437 0.999960363 0.001792444 -2.066618919 -0.012172998 -0.001898464 0.999924064 82.357238770
0.999835014 0.008782580 0.015895711 1.294199824 -0.008818602 0.999958634 0.002197501 -2.090637207 -0.015875753 -0.002337317 0.999871194 82.896194458
0.999779999 0.007935426 0.019421201 1.317330360 -0.007965998 0.999967158 0.001497038 -2.093887568 -0.019408692 -0.001651418 0.999810219 83.427192688
0.999636710 0.008384923 0.025612701 1.341456652 -0.008419242 0.999963760 0.001232320 -2.104467392 -0.025601439 -0.001447512 0.999671161 83.974822998
0.999448240 0.009166572 0.031924292 1.368528247 -0.009199008 0.999957323 0.000869296 -2.118019104 -0.031914964 -0.001162488 0.999489903 84.512390137
0.999255836 0.007928768 0.037748083 1.409776926 -0.007980485 0.999967337 0.001219511 -2.133419752 -0.037737183 -0.001519852 0.999286532 85.076400757
0.998927295 0.008255110 0.045563899 1.451974630 -0.008334062 0.999963999 0.001543022 -2.149978638 -0.045549523 -0.001921099 0.998960257 85.624458313
0.998514354 0.008215565 0.053867117 1.503390551 -0.008262765 0.999965608 0.000653581 -2.157592297 -0.053859897 -0.001097701 0.998547971 86.186492920
0.998112440 0.007624794 0.060938284 1.552728415 -0.007699556 0.999969840 0.000992136 -2.172874451 -0.060928877 -0.001459461 0.998141050 86.747779846
0.997520864 0.007850065 0.069933228 1.608884335 -0.007915271 0.999968350 0.000655355 -2.185761690 -0.069925889 -0.001207271 0.997551501 87.293182373
0.996789277 0.007299493 0.079736099 1.685901642 -0.007348818 0.999972939 0.000325183 -2.197142124 -0.079731569 -0.000910105 0.996816039 87.821563721
0.996054709 0.007182227 0.088450000 1.746084213 -0.007252489 0.999973595 0.000473014 -2.210439920 -0.088444293 -0.001112630 0.996080637 88.394523621
0.995424926 0.006955786 0.095292985 1.822466373 -0.007012855 0.999975324 0.000264000 -2.223583460 -0.095288813 -0.000931068 0.995449245 88.945739746
0.994424105 0.006594143 0.105247959 1.895010471 -0.006637334 0.999977946 0.000060124 -2.248584270 -0.105245262 -0.000758354 0.994446039 89.458061218
0.993212640 0.006696298 0.116119891 1.976309776 -0.006794904 0.999976814 0.000453353 -2.257669926 -0.116114154 -0.001239299 0.993235052 90.035545349
0.992070496 0.006292800 0.125525221 2.064200401 -0.006370421 0.999979675 0.000216954 -2.270237446 -0.125521317 -0.001014882 0.992090404 90.589088440
0.990584612 0.006113232 0.136765063 2.158719063 -0.006211564 0.999980628 0.000292222 -2.283228636 -0.136760622 -0.001138996 0.990603447 91.132926941
0.988723576 0.006421659 0.149614394 2.255162239 -0.006560523 0.999978364 0.000434617 -2.301905394 -0.149608389 -0.001411265 0.988744259 91.668891907
0.986988068 0.005964496 0.160682932 2.364885330 -0.006124126 0.999981105 0.000498221 -2.314150572 -0.160676926 -0.001475781 0.987005949 92.214721680
0.985272586 0.005894403 0.170889392 2.477085114 -0.005958413 0.999982178 -0.000138318 -2.323141575 -0.170887172 -0.000881948 0.985290229 92.772094727
0.982986808 0.005658118 0.183589324 2.598573685 -0.005781424 0.999983311 0.000136393 -2.342555761 -0.183585465 -0.001195480 0.983003080 93.309242249
0.980703771 0.004741228 0.195442140 2.732942581 -0.004818932 0.999988317 -0.000077914 -2.361287832 -0.195440248 -0.000865412 0.980715275 93.820220947
0.978707254 0.004019160 0.205221727 2.869209290 -0.004164896 0.999991298 0.000278184 -2.377997398 -0.205218807 -0.001126987 0.978715479 94.308273315
0.975709677 0.003822102 0.219034314 2.983804703 -0.003837861 0.999992549 -0.000353530 -2.381608725 -0.219034031 -0.000495681 0.975717068 94.882362366
0.972612202 0.003651803 0.232404962 3.131975174 -0.003675101 0.999993145 -0.000332742 -2.393134832 -0.232404590 -0.000530483 0.972618997 95.416816711
0.969987690 0.003122702 0.243134260 3.287330627 -0.003086409 0.999995053 -0.000530195 -2.412215471 -0.243134707 -0.000236129 0.969992518 95.930488586
0.967155218 0.002638724 0.254172921 3.452466965 -0.002614929 0.999996424 -0.000431490 -2.435451746 -0.254173160 -0.000247326 0.967158616 96.429382324
0.963389754 0.004201772 0.268071741 3.603197098 -0.004370667 0.999990463 0.000033294 -2.429399967 -0.268069029 -0.001203727 0.963398933 96.950202942
0.959888518 0.004000992 0.280353278 3.782690048 -0.004187069 0.999991298 0.000064786 -2.447566509 -0.280350536 -0.001236046 0.959896803 97.479621887
0.956423521 0.003019596 0.291967183 3.964599609 -0.002947668 0.999995410 -0.000686252 -2.453305721 -0.291967958 -0.000204275 0.956427991 98.004524231
0.952095270 0.003862267 0.305777222 4.160331726 -0.004180518 0.999991119 0.000385961 -2.475375652 -0.305773079 -0.001645779 0.952102959 98.533744812
0.947364509 0.002659177 0.320145994 4.329366684 -0.002707267 0.999996424 -0.000294861 -2.484429836 -0.320145637 -0.000587380 0.947368264 99.057342529
0.943300664 0.002914733 0.331926882 4.531133652 -0.002858274 0.999995708 -0.000658305 -2.497071266 -0.331927389 -0.000327759 0.943304896 99.571022034
0.938836992 0.001740605 0.344357520 4.748182297 -0.001809775 0.999998391 -0.000120568 -2.520959616 -0.344357222 -0.000510016 0.938838542 100.082313538
0.933612704 0.001750234 0.358279675 4.984855652 -0.001804810 0.999998391 -0.000182085 -2.542377710 -0.358279347 -0.000476630 0.933614314 100.563476562
0.928495467 0.001927507 0.371338576 5.193058014 -0.002056467 0.999998033 -0.000048693 -2.550251007 -0.371337861 -0.000718435 0.928497553 101.109283447
0.923683882 0.001698499 0.383151799 5.418554306 -0.001906143 0.999998152 0.000162280 -2.564958572 -0.383150846 -0.000880237 0.923685431 101.609550476
0.917941153 0.000751685 0.396715850 5.660129547 -0.000714044 0.999999762 -0.000242578 -2.572391272 -0.396715939 -0.000060600 0.917941391 102.108192444
0.912059724 0.000897579 0.410056382 5.904415131 -0.001017499 0.999999464 0.000074237 -2.587367058 -0.410056084 -0.000484941 0.912060142 102.594398499
0.907185793 0.000134040 0.420730025 6.158439636 -0.000370610 0.999999762 0.000480528 -2.610839128 -0.420729876 -0.000591855 0.907185853 103.036827087
0.901025772 0.001505867 0.433762968 6.402236938 -0.001513604 0.999998808 -0.000327526 -2.610694170 -0.433762968 -0.000361436 0.901026905 103.622421265
0.894497156 0.001395633 0.447071493 6.670310974 -0.001623284 0.999998748 0.000126135 -2.629250288 -0.447070718 -0.000838551 0.894498229 104.110275269
0.888070762 0.001839237 0.459703326 6.938102722 -0.002232951 0.999997497 0.000312781 -2.644510508 -0.459701598 -0.001304267 0.888072491 104.602325439
0.882155418 0.002523868 0.470951796 7.221607208 -0.003067590 0.999995291 0.000386950 -2.666278362 -0.470948607 -0.001786037 0.882158875 105.083953857
0.874577045 0.000974268 0.484885603 7.507728577 -0.000826832 0.999999642 -0.000517934 -2.654669523 -0.484885871 0.000052054 0.874577463 105.628845215
