1.000000000 0.000000000 0.000000000 0.000000000 0.000000000 1.000000000 0.000000000 0.000000000 0.000000000 0.000000000 1.000000000 0.000000000
1.000000000 0.000046416 0.000016647 0.000194304 -0.000046416 1.000000000 -0.000030801 0.000658451 -0.000016648 0.000030800 1.000000000 0.000300180
1.000000000 0.000047205 0.000032593 -0.000062263 -0.000047206 1.000000000 0.000043096 -0.000003734 -0.000032591 -0.000043097 1.000000000 0.000129206
1.000000000 -0.000165560 0.000045045 0.000081043 0.000165561 1.000000000 -0.000016155 0.000571316 -0.000045043 0.000016162 1.000000000 0.000320204
1.000000000 -0.000073244 0.000042764 -0.000113100 0.000073242 1.000000000 0.000046473 -0.000207419 -0.000042767 -0.000046470 1.000000000 -0.000323781
1.000000000 0.000003636 0.000137518 -0.000702851 -0.000003635 1.000000000 -0.000003654 0.000625616 -0.000137518 0.000003654 1.000000000 0.000071554
1.000000000 -0.000133611 0.000064523 0.000220239 0.000133611 1.000000000 -0.000002471 0.000490210 -0.000064522 0.000002479 1.000000000 -0.000010146
1.000000000 -0.000001058 0.000072232 -0.000445329 0.000001051 1.000000000 0.000097567 -0.000245054 -0.000072232 -0.000097567 1.000000000 -0.000115524
1.000000000 -0.000057402 -0.000033205 -0.000391375 0.000057400 1.000000000 -0.000056948 -0.000192433 0.000033208 0.000056946 1.000000000 -0.001208060
1.000000000 -0.000110837 0.000052203 -0.000457707 0.000110833 1.000000000 0.000077959 -0.001278806 -0.000052211 -0.000077953 1.000000000 -0.001104665
1.000000000 0.000051264 0.000068475 -0.001116431 -0.000051270 1.000000000 0.000090670 -0.001016540 -0.000068470 -0.000090673 1.000000000 -0.000719202
1.000000000 -0.000053688 0.000075072 -0.001006558 0.000053683 1.000000000 0.000062851 -0.000424643 -0.000075076 -0.000062847 1.000000000 -0.001433688
1.000000000 0.000016566 -0.000015964 -0.000626382 -0.000016567 1.000000000 -0.000034146 -0.000227876 0.000015964 0.000034146 1.000000000 -0.001083370
1.000000000 -0.000014954 0.000058059 -0.001120578 0.000014955 1.000000000 -0.000005036 0.000994840 -0.000058059 0.000005037 1.000000000 0.000940469
1.000000000 0.000047863 0.000086508 -0.000603061 -0.000047856 1.000000000 -0.000080181 0.001459811 -0.000086511 0.000080177 1.000000000 0.000578991
1.000000000 -0.000081074 -0.000063339 0.000876023 0.000081070 1.000000000 -0.000076619 0.001555769 0.000063345 0.000076614 1.000000000 0.001432711
1.000000000 0.000023605 0.000085637 -0.000710002 -0.000023592 1.000000000 -0.000150477 0.002666715 -0.000085641 0.000150475 1.000000000 0.003127837
1.000000000 0.000119482 0.000094483 -0.001629569 -0.000119470 1.000000000 -0.000136229 0.001686054 -0.000094499 0.000136218 1.000000000 0.001638131
1.000000000 0.000086530 0.000122779 -0.001267637 -0.000086520 1.000000000 -0.000077976 0.002126261 -0.000122786 0.000077965 1.000000000 0.002321868
1.000000000 0.000036407 0.000122605 -0.001059328 -0.000036398 1.000000000 -0.000076777 0.001154258 -0.000122608 0.000076773 1.000000000 0.001523826
1.000000000 0.000051397 0.000117995 -0.001457989 -0.000051388 1.000000000 -0.000079236 0.001258539 -0.000117999 0.000079230 1.000000000 0.001789905
1.000000000 0.000152540 0.000072069 -0.001121029 -0.000152535 1.000000000 -0.000066763 0.001836369 -0.000072079 0.000066752 1.000000000 0.001242658
1.000000000 0.000073496 -0.000003988 -0.000308558 -0.000073497 1.000000000 -0.000091565 0.001871109 0.000003982 0.000091565 1.000000000 0.002769779
1.000000000 0.000001198 0.000016761 -0.000646727 -0.000001196 1.000000000 -0.000070004 0.002000973 -0.000016761 0.000070003 1.000000000 0.002694781
0.999999940 0.000312039 0.000018815 -0.000550737 -0.000312038 0.999999940 -0.000039655 0.002050676 -0.000018827 0.000039649 1.000000000 0.003278679
0.999999940 0.000266510 0.000078415 -0.001163076 -0.000266506 0.999999940 -0.000041711 0.001357495 -0.000078426 0.000041690 1.000000000 0.001814964
1.000000000 0.000083370 0.000154993 -0.001489538 -0.000083361 1.000000000 -0.000059014 0.002685656 -0.000154998 0.000059001 1.000000000 0.003552549
1.000000000 0.000135632 0.000157937 -0.001559961 -0.000135630 1.000000000 -0.000012762 0.001619078 -0.000157939 0.000012740 1.000000000 0.002616044
1.000000000 0.000082110 0.000055188 -0.000967041 -0.000082104 1.000000000 -0.000114538 0.002884453 -0.000055197 0.000114534 1.000000000 0.002928040
1.000000000 0.000057063 0.000104253 -0.001393185 -0.000057055 1.000000000 -0.000083186 0.001608734 -0.000104257 0.000083180 1.000000000 0.002410683
1.000000000 0.000039159 0.000135317 -0.001537433 -0.000039155 1.000000000 -0.000029072 0.001473750 -0.000135318 0.000029067 1.000000000 0.003007821
1.000000000 0.000067269 0.000124859 -0.000537250 -0.000067258 1.000000000 -0.000087529 0.002858332 -0.000124865 0.000087521 1.000000000 0.004269503
1.000000000 0.000113802 0.000047731 -0.000057006 -0.000113792 1.000000000 -0.000212342 0.003874055 -0.000047755 0.000212336 1.000000000 0.004502824
1.000000000 0.000081023 0.000125652 -0.001018701 -0.000081016 1.000000000 -0.000056234 0.001774050 -0.000125656 0.000056224 1.000000000 0.002873951
1.000000000 0.000175824 0.000154537 -0.002328739 -0.000175799 1.000000000 -0.000158224 0.002521093 -0.000154565 0.000158197 1.000000000 0.002933535
0.999999940 0.000185004 0.000182965 -0.001654998 -0.000184981 1.000000000 -0.000122530 0.002019188 -0.000182988 0.000122496 1.000000000 0.002892636
1.000000000 0.000119243 0.000093442 -0.001226405 -0.000119236 1.000000000 -0.000073710 0.002228480 -0.000093451 0.000073699 1.000000000 0.002522845
1.000000000 0.000157207 0.000106961 -0.001540835 -0.000157200 1.000000000 -0.000067572 0.003059086 -0.000106972 0.000067555 1.000000000 0.003789790
0.999999940 0.000240227 0.000187497 -0.001843785 -0.000240214 0.999999940 -0.000069505 0.002843633 -0.000187514 0.000069460 1.000000000 0.003167345
1.000000000 0.000176264 0.000085791 -0.000331190 -0.000176256 1.000000000 -0.000089310 0.003291513 -0.000085806 0.000089295 1.000000000 0.003841985
1.000000000 0.000055366 0.000098196 -0.000677436 -0.000055353 1.000000000 -0.000126597 0.002358800 -0.000098203 0.000126591 1.000000000 0.004636917
0.999999881 0.000086420 0.000232862 0.005043197 -0.000086444 0.999999940 0.000106830 -0.004335548 -0.000232853 -0.000106850 0.999999940 0.059372563
0.999999881 -0.000067041 0.000203806 0.007694399 0.000067148 0.999999821 -0.000524127 -0.005124592 -0.000203771 0.000524141 0.999999762 0.149574116
0.999999583 0.000611915 0.000704370 -0.005707463 -0.000611490 0.999999642 -0.000603250 -0.013675887 -0.000704739 0.000602818 0.999999583 0.248530522
0.999999642 0.000547818 0.000706886 -0.002076573 -0.000547411 0.999999702 -0.000575752 -0.016662432 -0.000707201 0.000575365 0.999999583 0.381004393
0.999999583 0.000592514 0.000669884 -0.000639722 -0.000592302 0.999999821 -0.000315669 -0.020292915 -0.000670071 0.000315272 0.999999702 0.523480713
0.999999821 0.000290422 0.000565754 0.008847493 -0.000290504 0.999999940 0.000143829 -0.030181507 -0.000565712 -0.000143994 0.999999821 0.680885673
0.999999881 0.000085889 0.000516389 0.016008839 -0.000086062 0.999999940 0.000334793 -0.033901162 -0.000516360 -0.000334838 0.999999821 0.842916906
1.000000000 0.000031362 -0.000015933 0.018050335 -0.000031359 1.000000000 0.000191271 -0.036756471 0.000015939 -0.000191270 1.000000000 1.014611721
1.000000000 0.000150112 -0.000038527 0.022174984 -0.000150099 0.999999881 0.000359917 -0.042387743 0.000038581 -0.000359911 0.999999940 1.191162348
0.999999881 0.000624396 0.000380852 0.024947403 -0.000624643 0.999999583 0.000647352 -0.047948256 -0.000380448 -0.000647590 0.999999702 1.367051721
0.999999642 0.000886652 0.000025735 0.027990753 -0.000886664 0.999999464 0.000464967 -0.049434975 -0.000025323 -0.000464990 0.999999881 1.560702682
0.999999821 0.000256948 0.000398928 0.028953556 -0.000257315 0.999999464 0.000918295 -0.060183551 -0.000398692 -0.000918397 0.999999523 1.758540988
0.999999762 0.000445004 0.000500485 0.032856435 -0.000445645 0.999999106 0.001280649 -0.069756247 -0.000499914 -0.001280871 0.999999046 1.957191348
0.999999702 0.000120813 0.000687948 0.036022238 -0.000121874 0.999998808 0.001542379 -0.076746441 -0.000687761 -0.001542463 0.999998510 2.166626215
0.999999762 0.000357053 0.000528878 0.039977200 -0.000357851 0.999998808 0.001510279 -0.079952106 -0.000528338 -0.001510468 0.999998748 2.386676073
0.999999583 0.000742110 0.000666321 0.042844836 -0.000742978 0.999998927 0.001302980 -0.084869832 -0.000665354 -0.001303474 0.999998927 2.610213280
0.999999583 0.000321996 0.000788349 0.049774487 -0.000322951 0.999999225 0.001210547 -0.093819559 -0.000787958 -0.001210801 0.999998927 2.828023672
0.999999583 0.000281693 0.000888213 0.054854605 -0.000282965 0.999998927 0.001433064 -0.098220691 -0.000887809 -0.001433315 0.999998510 3.072039366
0.999999583 0.000605517 0.000709337 0.059959609 -0.000606549 0.999998748 0.001455492 -0.103479825 -0.000708455 -0.001455922 0.999998689 3.307008266
0.999999762 0.000087116 0.000691382 0.065050431 -0.000088245 0.999998689 0.001632842 -0.112409413 -0.000691239 -0.001632902 0.999998450 3.555943489
0.999999702 0.000405028 0.000731365 0.068519868 -0.000406151 0.999998808 0.001536300 -0.118531458 -0.000730742 -0.001536596 0.999998569 3.818116426
0.999999404 0.000571088 0.000959205 0.073299751 -0.000572592 0.999998569 0.001568402 -0.122561380 -0.000958308 -0.001568950 0.999998331 4.073657513
0.999999225 0.000954407 0.000793121 0.079698622 -0.000955624 0.999998331 0.001535942 -0.125772044 -0.000791654 -0.001536699 0.999998569 4.333405972
0.999999285 0.000581238 0.001019069 0.080140591 -0.000582618 0.999998927 0.001354845 -0.133485407 -0.001018280 -0.001355438 0.999998569 4.580164909
0.999999285 0.000422651 0.001119147 0.088137351 -0.000424357 0.999998689 0.001524336 -0.141065806 -0.001118501 -0.001524809 0.999998212 4.843912125
0.999999106 0.000824683 0.001090410 0.095160022 -0.000826443 0.999998331 0.001615027 -0.147071898 -0.001089076 -0.001615927 0.999998093 5.104898930
0.999998808 0.000883206 0.001281839 0.094154336 -0.000885406 0.999998093 0.001716861 -0.156866103 -0.001280320 -0.001717994 0.999997675 5.364626884
0.999999046 0.000560407 0.001259738 0.098939605 -0.000562260 0.999998748 0.001470955 -0.161396071 -0.001258912 -0.001471662 0.999998152 5.629280090
0.999998689 0.000790844 0.001398374 0.098814085 -0.000793211 0.999998212 0.001692897 -0.170655310 -0.001397032 -0.001694004 0.999997616 5.895755768
0.999998748 0.000650701 0.001430070 0.105323069 -0.000652919 0.999998569 0.001551216 -0.178157300 -0.001429059 -0.001552148 0.999997795 6.177086353
0.999998450 0.000783668 0.001582664 0.110503770 -0.000785821 0.999998748 0.001360139 -0.181437224 -0.001581596 -0.001361381 0.999997854 6.469981670
0.999998868 0.000661313 0.001349795 0.120600238 -0.000663569 0.999998391 0.001671857 -0.190747559 -0.001348687 -0.001672751 0.999997675 6.756148815
0.999998748 0.000592881 0.001417481 0.125193447 -0.000595157 0.999998510 0.001605979 -0.199407324 -0.001416527 -0.001606821 0.999997675 7.050595760
0.999999225 0.000545934 0.001108351 0.135092854 -0.000547744 0.999998450 0.001632980 -0.206115082 -0.001107458 -0.001633586 0.999998033 7.356648922
0.999999106 0.000703325 0.001177406 0.138737634 -0.000705065 0.999998689 0.001477414 -0.215382546 -0.001176366 -0.001478243 0.999998212 7.659754276
0.999999046 0.000634776 0.001247146 0.144781917 -0.000636479 0.999998868 0.001365116 -0.222543105 -0.001246278 -0.001365908 0.999998212 7.977977753
0.999997735 0.001108315 0.001863857 0.145185292 -0.001111577 0.999997854 0.001749814 -0.230317816 -0.001861913 -0.001751882 0.999996662 8.295442581
0.999998808 0.000742217 0.001406416 0.156691089 -0.000744065 0.999998868 0.001313648 -0.241154924 -0.001405440 -0.001314693 0.999998093 8.615642548
0.999997139 0.001349726 0.001979819 0.154897660 -0.001352107 0.999998391 0.001202111 -0.246978953 -0.001978193 -0.001204784 0.999997318 8.956662178
0.999997616 0.001212129 0.001819452 0.163367838 -0.001214883 0.999998152 0.001513253 -0.261878490 -0.001817614 -0.001515460 0.999997199 9.293275833
0.999996841 0.001446357 0.002068169 0.166645944 -0.001450093 0.999997258 0.001806010 -0.277146995 -0.002065552 -0.001809003 0.999996245 9.618578911
0.999996483 0.001518225 0.002180380 0.174091965 -0.001521763 0.999997497 0.001622006 -0.285236448 -0.002177912 -0.001625318 0.999996364 9.970602036
0.999996185 0.001862041 0.002026527 0.179748774 -0.001865446 0.999996781 0.001679226 -0.292847246 -0.002023394 -0.001683000 0.999996543 10.325400352
0.999997318 0.001603596 0.001679964 0.192384288 -0.001606133 0.999997675 0.001510245 -0.302128464 -0.001677539 -0.001512940 0.999997437 10.679210663
0.999997616 0.001547083 0.001572110 0.195489824 -0.001549401 0.999997735 0.001474730 -0.309178740 -0.001569825 -0.001477162 0.999997675 11.052637100
0.999998689 0.001133944 0.001170990 0.214361131 -0.001136167 0.999997556 0.001899366 -0.323675752 -0.001168833 -0.001900694 0.999997497 11.412247658
0.999997675 0.001600438 0.001454522 0.217265233 -0.001603007 0.999997139 0.001766612 -0.329682142 -0.001451690 -0.001768940 0.999997377 11.793228149
0.999997497 0.001595867 0.001539349 0.221530437 -0.001598951 0.999996722 0.002004010 -0.345782846 -0.001536146 -0.002006467 0.999996722 12.169019699
0.999997377 0.001181339 0.001974553 0.230754137 -0.001185844 0.999996722 0.002282188 -0.361499667 -0.001971850 -0.002284524 0.999995410 12.554280281
0.999997318 0.001205555 0.001939363 0.238149032 -0.001209853 0.999996841 0.002216166 -0.365349442 -0.001936685 -0.002218507 0.999995589 12.972660065
0.999997675 0.000651346 0.002008437 0.250560254 -0.000655976 0.999997139 0.002305482 -0.377625197 -0.002006930 -0.002306794 0.999995232 13.365598679
0.999996006 0.001462342 0.002423313 0.253333956 -0.001468303 0.999995887 0.002460064 -0.393244088 -0.002419706 -0.002463613 0.999993980 13.787469864
0.999992669 0.002142445 0.003168074 0.259795576 -0.002150999 0.999993980 0.002699072 -0.403117001 -0.003162273 -0.002705867 0.999991298 14.194986343
0.999993145 0.002298222 0.002902410 0.268442899 -0.002305245 0.999994397 0.002418995 -0.417326480 -0.002896835 -0.002425669 0.999992788 14.614759445
0.999993265 0.002089007 0.003010053 0.276507854 -0.002096444 0.999994695 0.002469887 -0.427756369 -0.003004878 -0.002476181 0.999992430 15.044973373
0.999993265 0.002212900 0.002936102 0.290885210 -0.002220342 0.999994338 0.002533820 -0.440434635 -0.002930478 -0.002540322 0.999992490 15.476895332
0.999991715 0.002219781 0.003387659 0.293014228 -0.002226655 0.999995410 0.002026579 -0.446278721 -0.003383145 -0.002034106 0.999992192 15.921526909
0.999990880 0.002353446 0.003557067 0.302397788 -0.002361668 0.999994516 0.002309033 -0.465758145 -0.003551613 -0.002317412 0.999991000 16.336730957
0.999990344 0.002476290 0.003626353 0.314484745 -0.002484129 0.999994576 0.002158706 -0.476012319 -0.003620988 -0.002167694 0.999991119 16.782415390
0.999987006 0.002400943 0.004495695 0.322946101 -0.002409996 0.999994993 0.002009472 -0.485594153 -0.004490849 -0.002020280 0.999987900 17.245376587
0.999988258 0.002172574 0.004332139 0.333901465 -0.002183024 0.999994695 0.002408753 -0.499342531 -0.004326883 -0.002418182 0.999987721 17.706363678
0.999986053 0.001890124 0.004925421 0.346372604 -0.001901136 0.999995649 0.002231997 -0.512273908 -0.004921182 -0.002241330 0.999985397 18.179641724
0.999985695 0.001981043 0.004973759 0.356627464 -0.001992413 0.999995410 0.002282182 -0.522002935 -0.004969215 -0.002292058 0.999985039 18.645908356
0.999986351 0.001873232 0.004883524 0.375987679 -0.001884364 0.999995589 0.002275905 -0.535553634 -0.004879239 -0.002285076 0.999985456 19.127706528
0.999982715 0.002151522 0.005472797 0.388754845 -0.002163133 0.999995410 0.002116483 -0.543986082 -0.005468219 -0.002128284 0.999982774 19.604267120
0.999979854 0.002449725 0.005856094 0.392637879 -0.002465374 0.999993324 0.002666462 -0.557568312 -0.005849523 -0.002680846 0.999979317 20.096057892
0.999979615 0.002530215 0.005866534 0.412516683 -0.002545597 0.999993324 0.002616029 -0.578661501 -0.005859877 -0.002630910 0.999979377 20.582569122
0.999982536 0.002794139 0.005204988 0.429468989 -0.002807243 0.999993026 0.002512231 -0.591296673 -0.005197933 -0.002526799 0.999983251 21.079875946
0.999985516 0.002555904 0.004741296 0.441577703 -0.002566886 0.999994040 0.002311492 -0.602078497 -0.004735359 -0.002323629 0.999986112 21.589189529
0.999984741 0.002779043 0.004771232 0.446835876 -0.002791492 0.999992728 0.002604536 -0.620719433 -0.004763959 -0.002617815 0.999985218 22.092098236
0.999989331 0.002228372 0.004029239 0.466592520 -0.002240983 0.999992609 0.003127904 -0.638126135 -0.004022238 -0.003136900 0.999987006 22.601867676
0.999987364 0.003007683 0.004020802 0.465693414 -0.003018510 0.999991834 0.002689224 -0.647889078 -0.004012681 -0.002701328 0.999988317 23.116985321
0.999989569 0.003036898 0.003418421 0.477553278 -0.003046761 0.999991119 0.002883467 -0.666642010 -0.003409634 -0.002893852 0.999989986 23.631019592
0.999994755 0.001688732 0.002793113 0.490364701 -0.001696035 0.999995053 0.002614448 -0.682112873 -0.002788685 -0.002619171 0.999992669 24.155691147
0.999993145 0.002650831 0.002574996 0.496167749 -0.002657744 0.999992847 0.002684820 -0.699178696 -0.002567860 -0.002691646 0.999993086 24.700166702
0.999993205 0.003156743 0.001911615 0.509415329 -0.003162547 0.999990344 0.003041004 -0.711339891 -0.001901997 -0.003047029 0.999993503 25.241355896
0.999992907 0.003483722 0.001375810 0.516285598 -0.003487872 0.999989331 0.003025860 -0.722353816 -0.001365254 -0.003030637 0.999994457 25.790861130
0.999992907 0.003670450 0.001003594 0.526891947 -0.003673147 0.999989629 0.002697936 -0.737468004 -0.000993681 -0.002701603 0.999995828 26.340311050
0.999995291 0.003024800 0.000362990 0.541280746 -0.003025982 0.999989986 0.003300842 -0.745036602 -0.000353002 -0.003301925 0.999994457 26.902860641
0.999995172 0.003106778 0.000133484 0.547638357 -0.003107192 0.999989986 0.003220877 -0.762638688 -0.000123476 -0.003221276 0.999994814 27.448940277
0.999993861 0.003475876 -0.000358944 0.560860574 -0.003474765 0.999989331 0.003049447 -0.776416421 0.000369540 -0.003048181 0.999995291 28.012195587
0.999992073 0.003969863 -0.000193940 0.563804984 -0.003969250 0.999987423 0.003067455 -0.786364436 0.000206115 -0.003066662 0.999995291 28.568889618
0.999991298 0.004104429 -0.000726775 0.578968048 -0.004102074 0.999986410 0.003212971 -0.804288626 0.000739952 -0.003209962 0.999994576 29.126611710
0.999992073 0.003816828 -0.001083551 0.584334552 -0.003812878 0.999986112 0.003624671 -0.817531824 0.001097371 -0.003620511 0.999992847 29.675241470
0.999992669 0.003445892 -0.001628705 0.594574630 -0.003440853 0.999989331 0.003086699 -0.823564589 0.001639325 -0.003081073 0.999993920 30.232975006
0.999991596 0.003697371 -0.001779290 0.605527699 -0.003691859 0.999988377 0.003090765 -0.840542138 0.001790697 -0.003084170 0.999993622 30.772861481
0.999991357 0.003868991 -0.001528676 0.612186253 -0.003864007 0.999987245 0.003249663 -0.855985701 0.001541229 -0.003243728 0.999993563 31.321792603
0.999986768 0.004809390 -0.001823419 0.619157434 -0.004804274 0.999984503 0.002800322 -0.863300264 0.001836858 -0.002791525 0.999994457 31.882045746
0.999989390 0.004024047 -0.002246618 0.632849574 -0.004017246 0.999987364 0.003024146 -0.882107615 0.002258759 -0.003015089 0.999992847 32.413379669
0.999987781 0.004385742 -0.002295053 0.635229468 -0.004378063 0.999984860 0.003340290 -0.900192499 0.002309668 -0.003330201 0.999991775 32.960609436
0.999990284 0.003564148 -0.002562918 0.643381000 -0.003555848 0.999988437 0.003235894 -0.913942277 0.002574421 -0.003226749 0.999991477 33.502777100
0.999989390 0.003575988 -0.002898319 0.656482577 -0.003566152 0.999987841 0.003391891 -0.931222498 0.002910413 -0.003381520 0.999990046 34.049468994
0.999987721 0.003718418 -0.003319834 0.661685109 -0.003707841 0.999988079 0.003186238 -0.941204607 0.003331642 -0.003173889 0.999989331 34.594863892
0.999985814 0.004069880 -0.003445916 0.673741400 -0.004058562 0.999986410 0.003285089 -0.962435067 0.003459239 -0.003271057 0.999988616 35.120010376
0.999988437 0.003338035 -0.003462004 0.678773761 -0.003326166 0.999988616 0.003428670 -0.971132457 0.003473409 -0.003417115 0.999988139 35.670478821
0.999987185 0.003694673 -0.003464944 0.687483668 -0.003682595 0.999987245 0.003485928 -0.986613154 0.003477779 -0.003473124 0.999987960 36.215141296
0.999989390 0.002866221 -0.003641807 0.699613333 -0.002854971 0.999991119 0.003090814 -0.999082744 0.003650634 -0.003080384 0.999988556 36.776340485
0.999987841 0.003238553 -0.003698133 0.705019057 -0.003227459 0.999990225 0.003001917 -1.009012461 0.003707819 -0.002989945 0.999988616 37.322566986
0.999987066 0.003390731 -0.003785218 0.715056419 -0.003379603 0.999989986 0.002942510 -1.021405697 0.003795158 -0.002929680 0.999988496 37.877689362
0.999984741 0.002989314 -0.004650823 0.729147673 -0.002977675 0.999992430 0.002507579 -1.031312346 0.004658284 -0.002493692 0.999985993 38.408832550
0.999984443 0.002959074 -0.004726342 0.733876586 -0.002949815 0.999993682 0.001964791 -1.038881063 0.004732127 -0.001950819 0.999986887 38.958854675
0.999985516 0.002722689 -0.004631423 0.744548321 -0.002712176 0.999993742 0.002274535 -1.054377913 0.004637587 -0.002261941 0.999986708 39.516353607
0.999984324 0.002559720 -0.004979555 0.755034089 -0.002549403 0.999994576 0.002077083 -1.068635464 0.004984843 -0.002064355 0.999985456 40.068572998
0.999982417 0.002381396 -0.005436091 0.767888427 -0.002370891 0.999995351 0.001938001 -1.084312081 0.005440681 -0.001925078 0.999983370 40.615562439
0.999983668 0.002233884 -0.005247155 0.774192274 -0.002223261 0.999995470 0.002029443 -1.098698854 0.005251664 -0.002017745 0.999984145 41.171875000
0.999983907 0.002992488 -0.004811017 0.773696423 -0.002983004 0.999993682 0.001977229 -1.110550046 0.004816904 -0.001962847 0.999986470 41.707710266
0.999984562 0.002416324 -0.005023724 0.790690303 -0.002407670 0.999995589 0.001727776 -1.125651121 0.005027876 -0.001715654 0.999985874 42.284122467
0.999984562 0.002236160 -0.005086780 0.802795351 -0.002226491 0.999995649 0.001905793 -1.137719035 0.005091019 -0.001894438 0.999985218 42.837852478
0.999985099 0.001917409 -0.005107563 0.816781282 -0.001904007 0.999994695 0.002627559 -1.155217648 0.005112574 -0.002617795 0.999983490 43.384311676
0.999980807 0.002567311 -0.005641707 0.837525249 -0.002556041 0.999994755 0.002003802 -1.176092148 0.005646822 -0.001989343 0.999982059 43.921710968
0.999983191 0.002860450 -0.005035721 0.839252651 -0.002851586 0.999994397 0.001766469 -1.188476324 0.005040746 -0.001752080 0.999985754 44.466259003
0.999985754 0.002408296 -0.004767702 0.845319271 -0.002397854 0.999994695 0.002194567 -1.200935483 0.004772961 -0.002183103 0.999986231 45.004497528
0.999984443 0.002753751 -0.004849069 0.854317546 -0.002743005 0.999993742 0.002221486 -1.214386344 0.004855156 -0.002208150 0.999985754 45.561683655
0.999986947 0.003084228 -0.004062985 0.858562410 -0.003075186 0.999992788 0.002229727 -1.227349520 0.004069832 -0.002217204 0.999989271 46.104461670
0.999987602 0.003170676 -0.003845429 0.863507867 -0.003162542 0.999992728 0.002119591 -1.240004182 0.003852121 -0.002107403 0.999990284 46.657325745
0.999986112 0.003531409 -0.003891310 0.874416590 -0.003522085 0.999990940 0.002400209 -1.252684951 0.003899750 -0.002386470 0.999989569 47.203483582
0.999984026 0.003159358 -0.004710865 0.887713671 -0.003149034 0.999992549 0.002197441 -1.261546493 0.004717774 -0.002182571 0.999986470 47.766956329
0.999984384 0.003047171 -0.004678544 0.895883560 -0.003038953 0.999993801 0.001762642 -1.274199605 0.004683886 -0.001748398 0.999987483 48.315811157
0.999984801 0.003144597 -0.004524242 0.904004633 -0.003135163 0.999992847 0.002090547 -1.290175796 0.004530783 -0.002076331 0.999987543 48.856983185
0.999983430 0.004546676 -0.003512196 0.889133990 -0.004540163 0.999987900 0.001860113 -1.304135442 0.003520611 -0.001844136 0.999992073 49.401573181
0.999981463 0.005314578 -0.002976561 0.899229467 -0.005308381 0.999983668 0.002085827 -1.321216464 0.002987597 -0.002069987 0.999993384 49.935009003
0.999981999 0.004909146 -0.003443228 0.908102751 -0.004903285 0.999986470 0.001708684 -1.330812454 0.003451570 -0.001691770 0.999992549 50.470848083
0.999982536 0.005110249 -0.002951803 0.914472461 -0.005104856 0.999985278 0.001831590 -1.350259781 0.002961119 -0.001816490 0.999993980 51.000095367
0.999984443 0.004241003 -0.003620340 0.938019991 -0.004233737 0.999989033 0.002012157 -1.362350106 0.003628833 -0.001996798 0.999991357 51.545768738
0.999983609 0.004326657 -0.003784297 0.941717684 -0.004319436 0.999988854 0.001914219 -1.375566244 0.003792537 -0.001897840 0.999991000 52.091846466
0.999983013 0.004768670 -0.003346083 0.946225345 -0.004764302 0.999987781 0.001312960 -1.387872219 0.003352304 -0.001296996 0.999993563 52.638145447
0.999983072 0.004875817 -0.003157479 0.951779723 -0.004869549 0.999986172 0.001989391 -1.406089067 0.003167136 -0.001973982 0.999993026 53.171901703
0.999984324 0.004675980 -0.003056404 0.957579136 -0.004671681 0.999988079 0.001412007 -1.418085694 0.003062970 -0.001397706 0.999994338 53.726463318
0.999983490 0.004934074 -0.002915884 0.966036797 -0.004931061 0.999987304 0.001039882 -1.433277488 0.002920978 -0.001025487 0.999995232 54.276626587
0.999978900 0.006072697 -0.002280625 0.958966911 -0.006069819 0.999980748 0.001266242 -1.448466063 0.002288270 -0.001252372 0.999996603 54.798709869
0.999980390 0.005818646 -0.002278971 0.966421366 -0.005815669 0.999982178 0.001310728 -1.465042591 0.002286557 -0.001297448 0.999996543 55.340461731
0.999977529 0.006384301 -0.002058990 0.969355106 -0.006382419 0.999979138 0.000919636 -1.473099113 0.002064818 -0.000906473 0.999997377 55.883892059
0.999979436 0.006028458 -0.002159503 0.972768188 -0.006025987 0.999981165 0.001148863 -1.487066627 0.002166388 -0.001135826 0.999996960 56.422115326
0.999976456 0.006586524 -0.001932694 0.979004025 -0.006584458 0.999977887 0.001073413 -1.505740404 0.001939720 -0.001060662 0.999997556 56.964050293
0.999975622 0.006728564 -0.001865081 0.979311943 -0.006726597 0.999976814 0.001059234 -1.518941283 0.001872166 -0.001046663 0.999997675 57.509178162
0.999974251 0.006977713 -0.001675274 0.982981920 -0.006975883 0.999975026 0.001095321 -1.535975456 0.001682875 -0.001083606 0.999997973 58.049953461
0.999973655 0.007108087 -0.001481519 0.989583731 -0.007106687 0.999974310 0.000947262 -1.551606059 0.001488214 -0.000936709 0.999998450 58.596263885
0.999974191 0.006996900 -0.001641798 0.996633291 -0.006994951 0.999974847 0.001189520 -1.567720890 0.001650080 -0.001178005 0.999997914 59.132900238
0.999973774 0.007103425 -0.001403199 1.004408479 -0.007102227 0.999974430 0.000856942 -1.586083770 0.001409251 -0.000846953 0.999998569 59.676563263
0.999969602 0.007667836 -0.001406872 1.011403918 -0.007666452 0.999970138 0.000986210 -1.602261901 0.001414393 -0.000975395 0.999998450 60.230487823
0.999971807 0.007346752 -0.001561138 1.020947814 -0.007344733 0.999972105 0.001293758 -1.617975116 0.001570599 -0.001282256 0.999997973 60.795520782
0.999969721 0.007697318 -0.001133559 1.027124643 -0.007696198 0.999969840 0.000988301 -1.632692933 0.001141133 -0.000979547 0.999998868 61.346759796
0.999968350 0.007933698 -0.000611552 1.029996872 -0.007933086 0.999967992 0.000995019 -1.643783808 0.000619427 -0.000990136 0.999999344 61.893424988
0.999967277 0.008075473 -0.000536294 1.035835266 -0.008075004 0.999967039 0.000868428 -1.661192298 0.000543290 -0.000864069 0.999999404 62.428932190
0.999963939 0.008481887 -0.000181910 1.038947582 -0.008481713 0.999963522 0.000936780 -1.676085591 0.000189850 -0.000935203 0.999999523 62.970294952
0.999963284 0.008555694 -0.000466234 1.051485896 -0.008555152 0.999962747 0.001152155 -1.688708186 0.000476073 -0.001148125 0.999999166 63.498451233
0.999963939 0.008472659 -0.000412456 1.060395956 -0.008472417 0.999963939 0.000588046 -1.700058460 0.000417423 -0.000584530 0.999999762 64.027824402
0.999966264 0.008212810 -0.000248295 1.070466876 -0.008212607 0.999965906 0.000806513 -1.720775366 0.000254910 -0.000804447 0.999999642 64.538810730
0.999961793 0.008733364 -0.000130465 1.077295184 -0.008733253 0.999961495 0.000833104 -1.734862566 0.000137736 -0.000831933 0.999999642 65.067352295
0.999965072 0.008349856 -0.000290959 1.089490652 -0.008349637 0.999964833 0.000754431 -1.750235438 0.000297248 -0.000751975 0.999999642 65.590637207
0.999965131 0.008343942 0.000198027 1.097221613 -0.008344078 0.999964952 0.000707050 -1.764542341 -0.000192120 -0.000708677 0.999999762 66.129203796
0.999957919 0.009163165 0.000348633 1.102904320 -0.009163285 0.999957979 0.000340455 -1.776795506 -0.000345499 -0.000343635 0.999999881 66.661354065
0.999956906 0.009263967 0.000432879 1.112223506 -0.009264166 0.999956965 0.000457359 -1.796196461 -0.000428624 -0.000461349 0.999999762 67.192008972
0.999957860 0.009176438 0.000294797 1.123507380 -0.009176536 0.999957860 0.000332506 -1.807709336 -0.000291734 -0.000335197 0.999999821 67.733535767
0.999957919 0.009171318 0.000228685 1.133020401 -0.009171393 0.999957860 0.000326153 -1.825863242 -0.000225684 -0.000328237 0.999999940 68.266311646
0.999957323 0.009229895 0.000393198 1.139460683 -0.009229922 0.999957383 0.000068159 -1.838139415 -0.000392552 -0.000071785 0.999999940 68.805122375
0.999955475 0.009427027 0.000230059 1.145437598 -0.009427061 0.999955535 0.000135457 -1.853945255 -0.000228772 -0.000137620 0.999999940 69.332412720
0.999950886 0.009892899 0.000564587 1.155843139 -0.009892790 0.999951065 -0.000196311 -1.869290709 -0.000566501 0.000190716 0.999999821 69.867546082
0.999953330 0.009634350 0.000754056 1.165049911 -0.009634356 0.999953628 0.000002363 -1.885878682 -0.000753999 -0.000009628 0.999999702 70.422409058
0.999955416 0.009415342 0.000738530 1.171564221 -0.009415419 0.999955654 0.000099810 -1.908283353 -0.000737558 -0.000106759 0.999999702 70.948654175
0.999951065 0.009845894 0.000948232 1.173011422 -0.009845958 0.999951541 0.000065108 -1.925954342 -0.000947546 -0.000074441 0.999999523 71.480384827
0.999953151 0.009617510 0.001028927 1.182527542 -0.009617679 0.999953747 0.000157788 -1.943050623 -0.001027362 -0.000167677 0.999999464 72.019996643
0.999948800 0.010073577 0.000969431 1.193010807 -0.010073423 0.999949217 -0.000164257 -1.960601449 -0.000971036 0.000154483 0.999999523 72.564826965
0.999948323 0.010106086 0.001117115 1.202439070 -0.010106129 0.999948919 0.000032596 -1.976858020 -0.001116729 -0.000043884 0.999999404 73.092430115
0.999943733 0.010543408 0.001149855 1.212712765 -0.010543626 0.999944389 0.000183506 -1.993631244 -0.001147856 -0.000195619 0.999999285 73.620071411
0.999939859 0.010831686 0.001704890 1.218836308 -0.010831412 0.999941349 -0.000169616 -2.008529186 -0.001706628 0.000151139 0.999998510 74.149642944
0.999938667 0.010947786 0.001646789 1.230794549 -0.010948055 0.999940038 0.000153584 -2.020717621 -0.001645009 -0.000171604 0.999998629 74.682991028
0.999934971 0.011223495 0.001980712 1.240160227 -0.011223421 0.999936998 -0.000048962 -2.038687229 -0.001981137 0.000026729 0.999997973 75.219696045
0.999929547 0.011664531 0.002188480 1.249420643 -0.011663737 0.999931931 -0.000375273 -2.053508043 -0.002192709 0.000349721 0.999997556 75.743980408
0.999925792 0.011970762 0.002245917 1.257891417 -0.011969899 0.999928296 -0.000397073 -2.070866346 -0.002250509 0.000370160 0.999997318 76.266159058
0.999931455 0.011476973 0.002286843 1.271205664 -0.011476057 0.999934077 -0.000412202 -2.090432405 -0.002291423 0.000385929 0.999997318 76.808906555
0.999927878 0.011721880 0.002588888 1.273259878 -0.011720547 0.999931097 -0.000529560 -2.105519772 -0.002594918 0.000499179 0.999996483 77.342559814
0.999925256 0.011969365 0.002505096 1.275120974 -0.011968886 0.999928296 -0.000205641 -2.123962641 -0.002507377 0.000175642 0.999996841 77.855438232
0.999928176 0.011679155 0.002671171 1.282486558 -0.011677857 0.999931693 -0.000501127 -2.144958258 -0.002676840 0.000469897 0.999996305 78.370094299
0.999909580 0.012977724 0.003524759 1.281152248 -0.012975820 0.999915659 -0.000562581 -2.158392429 -0.003531763 0.000516793 0.999993563 78.907592773
0.999924004 0.011982801 0.002904843 1.296979070 -0.011981783 0.999928176 -0.000368474 -2.183733702 -0.002909050 0.000333641 0.999995708 79.425460815
0.999925256 0.011941535 0.002627520 1.312822342 -0.011940463 0.999928594 -0.000424333 -2.200958014 -0.002632400 0.000392927 0.999996424 79.957992554
0.999911606 0.012586303 0.004271896 1.298949957 -0.012584210 0.999920607 -0.000516379 -2.222563267 -0.004278056 0.000462575 0.999990702 80.482406616
0.999876976 0.014245728 0.006563345 1.280224681 -0.014245567 0.999898493 -0.000071229 -2.243960142 -0.006563694 -0.000022278 0.999978423 80.993995667
0.999869823 0.014053748 0.007923622 1.308232188 -0.014052852 0.999901175 -0.000168836 -2.260462761 -0.007925212 0.000057465 0.999968588 81.589523315
0.999866247 0.013776261 0.008810233 1.319448948 -0.013770471 0.999904931 -0.000717575 -2.270463228 -0.008819282 0.000596158 0.999960899 82.143096924
0.999849081 0.012925339 0.011609291 1.369005680 -0.012913946 0.999916077 -0.001055673 -2.287156820 -0.011621960 0.000905592 0.999931991 82.692764282
0.999800742 0.012928648 0.015207057 1.398125529 -0.012920142 0.999916255 -0.000657443 -2.310189486 -0.015214285 0.000460835 0.999884129 83.201850891
0.999754190 0.012529070 0.018290577 1.429359913 -0.012525012 0.999921441 -0.000336509 -2.334579945 -0.018293357 0.000107337 0.999832630 83.758766174
0.999664843 0.012909872 0.022438945 1.462760687 -0.012892864 0.999916613 -0.000902384 -2.345273495 -0.022448719 0.000612779 0.999747753 84.327629089
0.999511003 0.012992622 0.028440673 1.500468373 -0.012981642 0.999915540 -0.000570689 -2.363204718 -0.028445685 0.000201203 0.999595344 84.904235840
0.999312997 0.013566474 0.034488384 1.540709615 -0.013548639 0.999907911 -0.000750871 -2.384319067 -0.034495395 0.000283085 0.999404788 85.456146240
0.999072790 0.013453477 0.040899672 1.577291846 -0.013429336 0.999909461 -0.000864951 -2.394560337 -0.040907599 0.000314893 0.999162912 86.033401489
0.998688817 0.013579805 0.049357183 1.627369165 -0.013548058 0.999907672 -0.000977720 -2.416166544 -0.049365897 0.000307744 0.998780727 86.576904297
0.998252511 0.012593707 0.057734750 1.693249464 -0.012504339 0.999920130 -0.001908896 -2.421553850 -0.057754174 0.001183625 0.998330116 87.148452759
0.997828603 0.012244878 0.064715944 1.748071909 -0.012174058 0.999924779 -0.001488573 -2.446593523 -0.064729311 0.000697485 0.997902572 87.714431763
0.997163594 0.012029564 0.074297220 1.812938690 -0.011852773 0.999925792 -0.002820018 -2.455617905 -0.074325643 0.001931391 0.997232139 88.260932922
0.996508598 0.011567188 0.082684599 1.958819389 -0.011370460 0.999931276 -0.002849767 -2.475624800 -0.082711875 0.001899655 0.996571720 88.854515076
0.995721996 0.011397603 0.091693342 2.028782368 -0.011158860 0.999932885 -0.003115966 -2.487944126 -0.091722704 0.002079443 0.995782375 89.409057617
0.995102167 0.009003200 0.098441035 2.137302399 -0.008526926 0.999949813 -0.005257844 -2.490656853 -0.098483436 0.004392694 0.995128989 89.988998413
0.993969083 0.010518924 0.109154880 2.200727463 -0.010147580 0.999940693 -0.003956943 -2.518158674 -0.109190047 0.002825422 0.994016886 90.517868042
0.992729664 0.010187947 0.119933397 2.286162376 -0.009808605 0.999944866 -0.003752849 -2.538400888 -0.119965002 0.002549185 0.992774844 91.030586243
0.991710663 0.008281141 0.128224730 2.396635056 -0.007595288 0.999954104 -0.005836881 -2.542256117 -0.128267214 0.004814594 0.991727889 91.570083618
0.990087926 0.009186420 0.140147820 2.491666794 -0.008647034 0.999952674 -0.004457149 -2.564512253 -0.140182152 0.003201106 0.990120530 92.097328186
0.988278806 0.007769975 0.152461663 2.598301888 -0.006952381 0.999958456 -0.005894995 -2.576999903 -0.152501121 0.004765927 0.988291740 92.634002686
0.986460268 0.009536482 0.163723096 2.693710327 -0.008843441 0.999948561 -0.004961354 -2.597912788 -0.163761988 0.003446304 0.986493886 93.149505615
0.984750688 0.008662285 0.173755512 2.815340996 -0.007810749 0.999953926 -0.005583979 -2.610255957 -0.173795864 0.004141667 0.984772980 93.696701050
0.982416034 0.008457818 0.186513826 2.936981201 -0.007445208 0.999953508 -0.006128957 -2.626855373 -0.186557010 0.004632549 0.982433319 94.232162476
0.980068982 0.006624307 0.198546842 3.085938454 -0.005539754 0.999966562 -0.006017454 -2.652561903 -0.198580101 0.004797620 0.980072916 94.759963989
0.977767050 0.008021316 0.209540546 3.193109512 -0.007055720 0.999960780 -0.005355291 -2.680320501 -0.209575325 0.003757767 0.977785289 95.248817444
0.975074470 0.005792913 0.221802279 3.357267380 -0.004480181 0.999969304 -0.006421139 -2.684573889 -0.221832678 0.005267375 0.975070536 95.796531677
0.971938789 0.005284126 0.235174969 3.507263184 -0.003822004 0.999970496 -0.006672547 -2.699567318 -0.235203266 0.005586467 0.971930146 96.328727722
0.969122827 0.004114962 0.246544346 3.663764954 -0.002483076 0.999972880 -0.006929562 -2.712946653 -0.246566162 0.006103409 0.969106793 96.851936340
0.966327667 0.006950490 0.257220626 3.851531982 -0.005692697 0.999967933 -0.005634282 -2.766584873 -0.257251471 0.003980284 0.966336250 97.436660767
0.962804556 0.004417801 0.270162642 4.028867722 -0.002730298 0.999974370 -0.006621737 -2.761655331 -0.270184904 0.005637814 0.962791920 97.986465454
0.959289074 0.006627867 0.282348245 4.216447830 -0.005324844 0.999971330 -0.005382046 -2.800802469 -0.282375783 0.003659478 0.959296882 98.547042847
0.956070721 0.006133037 0.293071687 4.403440475 -0.004801262 0.999974728 -0.005263335 -2.818806410 -0.293096513 0.003625007 0.956075966 99.063392639
0.951218665 0.003231783 0.308500439 4.573568344 -0.001431784 0.999980628 -0.006060870 -2.842041492 -0.308514029 0.005323508 0.951204896 99.488487244
0.946709812 0.002659173 0.322076887 4.782642365 -0.000796172 0.999982119 -0.005915925 -2.862712145 -0.322086871 0.005344235 0.946695030 100.010421753
0.942764044 0.002566521 0.333450556 4.987886429 -0.000429881 0.999978900 -0.006481292 -2.877176523 -0.333460122 0.005966985 0.942745268 100.520935059
0.938256145 0.002166520 0.345934540 5.203397751 -0.000228457 0.999984086 -0.005643074 -2.915087938 -0.345941186 0.005215619 0.938241720 100.997085571
0.932275712 0.002365741 0.361740619 5.377437592 -0.000259208 0.999982715 -0.005871739 -2.930150747 -0.361748308 0.005380313 0.932260215 101.530731201
0.927577913 0.002057635 0.373623997 5.609968185 -0.000639090 0.999992073 -0.003920554 -3.007151604 -0.373629123 0.003397840 0.927571893 102.127655029
0.922928929 0.000541557 0.384969831 5.856021881 0.001814862 0.999981701 -0.005757686 -2.964797020 -0.384965986 0.006012602 0.922911167 102.549041748
0.916883469 0.000303489 0.399154842 6.096160889 0.002183413 0.999980867 -0.005775752 -2.981541157 -0.399149030 0.006167211 0.916865349 103.045242310
0.911163032 0.000601945 0.412045479 6.355319977 0.001887611 0.999982297 -0.005634952 -2.998546124 -0.412041545 0.005912142 0.911145866 103.556236267
0.906341016 -0.000487510 0.422546744 6.612373352 0.003248602 0.999977887 -0.005814367 -3.015681267 -0.422534555 0.006642485 0.906322539 104.019531250
0.900270224 -0.000703035 0.435330927 6.868980408 0.003545069 0.999977291 -0.005716344 -3.034776688 -0.435316980 0.006689533 0.900252402 104.547042847
0.893474936 -0.000304560 0.449112952 7.137020111 0.003007441 0.999981344 -0.005304941 -3.048902035 -0.449102968 0.006090512 0.893459260 105.034820557
0.887313843 0.000029410 0.461165935 7.410461426 0.003073778 0.999977410 -0.005977924 -3.073621988 -0.461155653 0.006721816 0.887293756 105.524993896
0.881379187 -0.000100799 0.472409457 7.690208435 0.003098140 0.999979675 -0.005566864 -3.089364052 -0.472399354 0.006370109 0.881361544 105.997436523
0.873800397 -0.001194942 0.486283153 8.002178192 0.004026005 0.999980450 -0.004777066 -3.112746954 -0.486267924 0.006131981 0.873788238 106.504478455
