1.000000000 0.000000000 0.000000000 0.000000000 0.000000000 1.000000000 0.000000000 0.000000000 0.000000000 0.000000000 1.000000000 0.000000000
0.999999940 0.000185131 0.000166823 -0.001404540 -0.000185127 1.000000000 -0.000025292 -0.000398978 -0.000166828 0.000025261 1.000000000 0.001230229
1.000000000 0.000113251 0.000054261 0.004808698 -0.000113251 1.000000000 -0.000000622 0.000898530 -0.000054261 0.000000616 1.000000000 -0.001713418
1.000000000 0.000069381 0.000011562 0.002080813 -0.000069380 1.000000000 -0.000029407 0.000954263 -0.000011564 0.000029406 1.000000000 -0.004460247
1.000000000 0.000131906 0.000197797 -0.002628967 -0.000131888 1.000000000 -0.000089631 0.002030325 -0.000197808 0.000089605 1.000000000 0.000820345
1.000000000 0.000013829 0.000015696 -0.000284279 -0.000013829 1.000000000 0.000013569 0.001613996 -0.000015696 -0.000013569 1.000000000 -0.002523797
1.000000000 0.000046603 0.000135252 -0.004435393 -0.000046607 1.000000000 0.000034868 0.002276118 -0.000135251 -0.000034875 1.000000000 0.000244561
1.000000000 0.000100390 0.000041477 0.000447895 -0.000100391 1.000000000 0.000013436 -0.000931739 -0.000041475 -0.000013440 1.000000000 -0.004758783
1.000000000 0.000048506 0.000073148 0.001415012 -0.000048504 1.000000000 -0.000023611 -0.000159010 -0.000073149 0.000023608 1.000000000 -0.002453655
1.000000000 0.000145605 0.000085612 0.001037102 -0.000145607 1.000000000 0.000019996 0.001468265 -0.000085609 -0.000020008 1.000000000 -0.009829268
1.000000000 -0.000103815 0.000047869 0.000514408 0.000103818 1.000000000 -0.000079081 -0.000533884 -0.000047861 0.000079086 1.000000000 0.000852259
1.000000000 -0.000024294 0.000065919 -0.002948941 0.000024300 1.000000000 -0.000091927 0.000455334 -0.000065917 0.000091928 1.000000000 -0.001301232
1.000000000 0.000055638 0.000119106 0.000117364 -0.000055636 1.000000000 -0.000013347 0.001077537 -0.000119107 0.000013340 1.000000000 -0.002031580
0.999999940 -0.000247154 -0.000004596 -0.001922632 0.000247154 0.999999940 0.000117702 0.001198828 0.000004567 -0.000117703 1.000000000 -0.005943936
0.999999940 -0.000324518 -0.000028873 0.000033159 0.000324519 0.999999940 0.000048721 -0.001325075 0.000028857 -0.000048731 1.000000000 -0.003990000
1.000000000 -0.000157485 0.000095698 -0.001003432 0.000157490 1.000000000 -0.000053678 -0.000637965 -0.000095690 0.000053693 1.000000000 -0.001714181
1.000000000 0.000122711 0.000137980 -0.002616281 -0.000122711 1.000000000 0.000002491 -0.000029866 -0.000137979 -0.000002508 1.000000000 -0.010158524
1.000000000 -0.000190787 0.000007468 0.000500194 0.000190788 1.000000000 -0.000067009 0.000426875 -0.000007455 0.000067010 1.000000000 -0.004475043
1.000000000 -0.000054273 0.000039944 -0.000708936 0.000054275 1.000000000 -0.000053919 -0.000286929 -0.000039941 0.000053921 1.000000000 -0.010152844
1.000000000 -0.000117275 0.000010076 0.000511025 0.000117276 1.000000000 -0.000023965 -0.000213083 -0.000010073 0.000023967 1.000000000 -0.008238361
1.000000000 0.000024155 0.000198149 -0.003445981 -0.000024151 1.000000000 -0.000020638 -0.001320275 -0.000198150 0.000020634 1.000000000 -0.003614044
1.000000000 -0.000135056 0.000087928 0.000702594 0.000135058 1.000000000 -0.000016589 -0.000496255 -0.000087926 0.000016601 1.000000000 -0.007017926
1.000000000 -0.000208915 0.000049752 -0.000110286 0.000208909 1.000000000 0.000117119 -0.001581945 -0.000049777 -0.000117109 1.000000000 -0.009458929
1.000000000 0.000008882 -0.000038919 0.005792886 -0.000008880 1.000000000 0.000058067 -0.001557627 0.000038920 -0.000058067 1.000000000 -0.013214539
1.000000000 -0.000111354 0.000051008 0.001336322 0.000111352 1.000000000 0.000049905 -0.001653555 -0.000051014 -0.000049899 1.000000000 -0.008302085
1.000000000 0.000114470 0.000178319 -0.005005450 -0.000114458 1.000000000 -0.000062890 0.000166254 -0.000178326 0.000062870 1.000000000 -0.007060534
1.000000000 -0.000012857 0.000128790 -0.005213805 0.000012843 1.000000000 0.000111685 -0.000255445 -0.000128792 -0.000111683 1.000000000 -0.006924538
0.999999940 -0.000269030 0.000006487 -0.004809898 0.000269030 0.999999940 0.000022441 0.002369840 -0.000006493 -0.000022439 1.000000000 -0.008913488
1.000000000 -0.000219518 -0.000039015 0.000283969 0.000219520 1.000000000 0.000047491 -0.001966696 0.000039004 -0.000047500 1.000000000 -0.003043415
1.000000000 -0.000104860 0.000097721 -0.001846552 0.000104861 1.000000000 -0.000003585 0.000775009 -0.000097721 0.000003596 1.000000000 -0.002851287
1.000000000 -0.000199910 0.000119308 -0.003492281 0.000199900 1.000000000 0.000087752 -0.000314958 -0.000119325 -0.000087728 1.000000000 -0.005412912
1.000000000 -0.000230746 -0.000018028 0.000947013 0.000230746 1.000000000 0.000010446 -0.000403890 0.000018025 -0.000010450 1.000000000 -0.007084950
1.000000000 -0.000044471 0.000026220 -0.003185443 0.000044473 1.000000000 -0.000089318 0.000783091 -0.000026216 0.000089319 1.000000000 -0.004318431
1.000000000 -0.000004963 -0.000001874 -0.000739599 0.000004962 1.000000000 -0.000163506 0.005637263 0.000001874 0.000163506 1.000000000 0.000784508
1.000000000 -0.000193397 -0.000011432 -0.002944013 0.000193395 1.000000000 -0.000124978 0.001811241 0.000011456 0.000124976 1.000000000 -0.006959261
0.999999940 -0.000313036 -0.000134893 -0.000264611 0.000313027 0.999999940 -0.000068347 -0.000703671 0.000134915 0.000068305 1.000000000 -0.005799308
1.000000000 -0.000225613 0.000043683 -0.001460167 0.000225610 1.000000000 0.000066715 -0.001223647 -0.000043698 -0.000066705 1.000000000 -0.003369360
1.000000000 0.000022987 0.000052907 -0.002605292 -0.000022993 1.000000000 0.000126092 -0.001912266 -0.000052904 -0.000126093 1.000000000 -0.008609346
0.999999940 -0.000328395 -0.000119916 0.000637624 0.000328401 0.999999940 0.000051392 -0.002868927 0.000119899 -0.000051432 1.000000000 -0.001900713
1.000000000 0.000055202 0.000077962 0.000241395 -0.000055147 0.999999762 -0.000713431 -0.003815709 -0.000078001 0.000713427 0.999999762 0.048611835
1.000000000 0.000026218 -0.000082008 0.005536800 -0.000026328 0.999999106 -0.001350080 -0.002776090 0.000081972 0.001350082 0.999999106 0.143592849
1.000000000 -0.000070760 -0.000209800 0.008560281 0.000070464 0.999998987 -0.001407887 -0.011324100 0.000209900 0.001407872 0.999998987 0.259909928
1.000000000 -0.000033812 0.000030504 0.003561668 0.000033850 0.999999225 -0.001235017 -0.017668432 -0.000030462 0.001235018 0.999999225 0.384360641
1.000000000 -0.000009420 -0.000201513 0.007540117 0.000009164 0.999999166 -0.001268761 -0.017646486 0.000201525 0.001268759 0.999999166 0.530266643
0.999999881 0.000412926 0.000095529 0.010325518 -0.000412788 0.999998868 -0.001434250 -0.021629155 -0.000096121 0.001434210 0.999998987 0.682274640
1.000000000 -0.000016880 0.000122005 0.025258942 0.000016988 0.999999583 -0.000882779 -0.025183015 -0.000121990 0.000882781 0.999999583 0.865789175
1.000000000 0.000216153 0.000039382 0.023241637 -0.000216123 0.999999702 -0.000753163 -0.025915701 -0.000039545 0.000753154 0.999999702 1.034055591
0.999999940 -0.000092818 0.000306436 0.015678033 0.000093047 0.999999702 -0.000745367 -0.042404398 -0.000306367 0.000745395 0.999999702 1.223165631
0.999999940 -0.000203174 -0.000218566 0.043037772 0.000203040 0.999999762 -0.000615519 -0.045350339 0.000218691 0.000615474 0.999999762 1.439005494
0.999999881 -0.000124814 -0.000519508 0.044492595 0.000124519 0.999999821 -0.000567907 -0.049663041 0.000519579 0.000567842 0.999999702 1.649875045
0.999999762 -0.000674182 0.000122151 0.045275941 0.000674215 0.999999762 -0.000263886 -0.062324304 -0.000121973 0.000263968 0.999999940 1.842320561
0.999999285 -0.000665077 0.000941970 0.003297210 0.000664821 0.999999702 0.000271807 -0.078180127 -0.000942151 -0.000271181 0.999999523 1.988054872
0.999999046 -0.000944673 0.001040203 0.009603928 0.000944516 0.999999583 0.000152071 -0.084869519 -0.001040346 -0.000151089 0.999999464 2.213346243
0.999999285 -0.000399637 0.001075702 0.011663908 0.000399551 0.999999881 0.000080067 -0.088880710 -0.001075733 -0.000079637 0.999999404 2.431075335
0.999999404 -0.000104769 0.001144418 0.015813630 0.000104637 1.000000000 0.000115566 -0.098818079 -0.001144430 -0.000115446 0.999999344 2.651650906
0.999998987 -0.000270369 0.001398954 0.019461498 0.000270029 0.999999940 0.000243269 -0.102957092 -0.001399019 -0.000242891 0.999998987 2.893758535
0.999999046 -0.000093009 0.001396173 0.024920331 0.000092450 0.999999940 0.000400540 -0.110917330 -0.001396210 -0.000400410 0.999998927 3.134339094
0.999999106 -0.000387645 0.001302246 0.030951299 0.000387310 0.999999940 0.000257843 -0.117318064 -0.001302346 -0.000257338 0.999999106 3.388267279
0.999999106 -0.000438180 0.001289048 0.033724181 0.000437486 0.999999762 0.000538003 -0.125211731 -0.001289284 -0.000537439 0.999998987 3.637917995
0.999999225 0.000291618 0.001253215 0.052088279 -0.000292198 0.999999940 0.000462693 -0.125452727 -0.001253080 -0.000463059 0.999999106 3.894876957
0.999998629 -0.001499885 0.000610676 0.058582380 0.001499458 0.999998629 0.000697993 -0.154352278 -0.000611722 -0.000697076 0.999999523 4.170240402
0.999999464 -0.000661327 0.000810842 0.058258977 0.000660290 0.999998927 0.001278879 -0.164610475 -0.000811687 -0.001278343 0.999998868 4.421182156
0.999999106 -0.000999689 0.000966734 0.068337396 0.000998534 0.999998808 0.001194122 -0.170333073 -0.000967927 -0.001193156 0.999998927 4.685389519
0.999999404 -0.000811586 0.000745741 0.075694583 0.000810541 0.999998689 0.001401519 -0.185079038 -0.000746878 -0.001400914 0.999998748 4.946789742
0.999999404 -0.001018911 0.000621806 0.071978718 0.001018073 0.999998510 0.001346708 -0.189680189 -0.000623177 -0.001346074 0.999998868 5.222474575
0.999998629 -0.001590908 0.000366197 0.081186526 0.001590238 0.999997020 0.001822570 -0.203825533 -0.000369095 -0.001821985 0.999998271 5.479234695
0.999999225 -0.000543057 0.001063776 0.064849362 0.000541510 0.999998808 0.001454651 -0.208262563 -0.001064565 -0.001454074 0.999998391 5.724660397
0.999999523 -0.000241627 0.000913041 0.074684367 0.000240112 0.999998569 0.001659194 -0.225193292 -0.000913440 -0.001658974 0.999998271 6.013106823
0.999998987 -0.001318304 0.000479423 0.099643655 0.001317304 0.999996960 0.002079202 -0.225197732 -0.000482163 -0.002078568 0.999997795 6.283918858
0.999999046 -0.000824666 0.001065465 0.094946854 0.000822940 0.999998331 0.001619265 -0.239696577 -0.001066799 -0.001618387 0.999998033 6.607993126
0.999998868 -0.000417684 0.001448973 0.092589706 0.000415651 0.999998868 0.001402991 -0.246268883 -0.001449558 -0.001402387 0.999997914 6.899016380
0.999998510 -0.001455524 0.000951470 0.107843675 0.001454127 0.999997795 0.001467677 -0.246636510 -0.000953604 -0.001466291 0.999998450 7.199418545
0.999998629 -0.001525970 0.000663148 0.126521066 0.001524871 0.999997437 0.001654103 -0.265216321 -0.000665670 -0.001653090 0.999998391 7.495979309
0.999998927 -0.000392438 0.001473488 0.120814145 0.000389883 0.999998391 0.001733895 -0.277152747 -0.001474166 -0.001733318 0.999997437 7.813866138
0.999999166 -0.000799140 0.000982802 0.151188686 0.000797240 0.999997854 0.001931276 -0.294402063 -0.000984343 -0.001930490 0.999997616 8.123601913
0.999998510 -0.001146152 0.001307466 0.120982364 0.001143616 0.999997437 0.001938778 -0.306504726 -0.001309685 -0.001937279 0.999997258 8.485219002
0.999998808 -0.001227209 0.000936772 0.136927754 0.001225171 0.999996841 0.002173719 -0.317912519 -0.000939437 -0.002172568 0.999997139 8.807491302
0.999998748 -0.001012914 0.001232229 0.131907806 0.001010534 0.999997616 0.001930072 -0.321772218 -0.001234181 -0.001928824 0.999997377 9.161676407
0.999998510 -0.000680449 0.001569181 0.129745632 0.000677164 0.999997556 0.002092805 -0.333383948 -0.001570600 -0.002091739 0.999996543 9.515489578
0.999996483 -0.002508005 0.000916051 0.150001958 0.002505691 0.999993682 0.002519077 -0.341690928 -0.000922363 -0.002516773 0.999996424 9.875484467
0.999998271 -0.000662640 0.001702214 0.142716438 0.000658617 0.999996901 0.002362722 -0.346950442 -0.001703774 -0.002361597 0.999995768 10.207331657
0.999998033 -0.001782477 0.000825068 0.168446913 0.001780417 0.999995291 0.002491477 -0.378149331 -0.000829505 -0.002490004 0.999996483 10.588339806
0.999997318 -0.001990461 0.001176846 0.174746275 0.001987364 0.999994516 0.002627380 -0.389637083 -0.001182069 -0.002625034 0.999995768 10.943451881
0.999996603 -0.002409237 0.000951394 0.175854132 0.002406379 0.999992549 0.002993425 -0.397849113 -0.000958599 -0.002991125 0.999995053 11.325583458
0.999995351 -0.002901303 0.000979854 0.184636489 0.002898101 0.999990463 0.003253894 -0.411849260 -0.000989285 -0.003251039 0.999994218 11.701891899
0.999995112 -0.003019054 0.000810266 0.220289886 0.003016725 0.999991298 0.002860293 -0.413345158 -0.000818894 -0.002857835 0.999995589 12.085117340
0.999995232 -0.002999428 0.000839981 0.224321857 0.002996719 0.999990344 0.003208131 -0.435379803 -0.000849596 -0.003205599 0.999994516 12.488910675
0.999997258 -0.001997554 0.001202912 0.219079942 0.001993313 0.999991775 0.003517380 -0.467979878 -0.001209929 -0.003514973 0.999993026 12.916308403
0.999996841 -0.002198769 0.001130175 0.233742684 0.002194773 0.999991357 0.003525702 -0.471326768 -0.001137917 -0.003523211 0.999993145 13.316815376
0.999997497 -0.001995329 0.000950598 0.245003611 0.001992153 0.999992430 0.003329788 -0.486192584 -0.000957235 -0.003327887 0.999993980 13.713863373
0.999997616 -0.001091036 0.001827345 0.256811410 0.001084424 0.999992847 0.003615543 -0.494003147 -0.001831277 -0.003613554 0.999991775 14.141874313
0.999997675 -0.000575816 0.002079302 0.251749784 0.000566963 0.999990761 0.004255976 -0.519875288 -0.002081733 -0.004254787 0.999988794 14.540548325
0.999992728 -0.003721557 0.000766942 0.281380296 0.003718153 0.999983370 0.004392977 -0.548482955 -0.000783278 -0.004390094 0.999989986 14.973289490
0.999994159 -0.003211834 0.001097573 0.294833302 0.003206270 0.999982178 0.005034016 -0.586018980 -0.001113723 -0.005030470 0.999986708 15.345497131
0.999991238 -0.004066523 0.000998793 0.309505582 0.004061686 0.999980211 0.004797327 -0.595019639 -0.001018282 -0.004793228 0.999988019 15.774626732
0.999992490 -0.003216642 0.002134235 0.312868506 0.003205347 0.999980986 0.005274675 -0.612392426 -0.002151161 -0.005267795 0.999983788 16.224035263
0.999992311 -0.003467277 0.001805136 0.330996811 0.003456385 0.999975979 0.006002343 -0.628092945 -0.001825904 -0.005996058 0.999980330 16.663408279
0.999993801 -0.002734564 0.002212267 0.328806102 0.002722233 0.999980867 0.005557885 -0.631533384 -0.002227423 -0.005551829 0.999982059 17.110837936
0.999989331 -0.003780950 0.002636205 0.346598178 0.003765303 0.999975324 0.005915069 -0.652804017 -0.002658505 -0.005905082 0.999979019 17.530731201
0.999994457 -0.002147562 0.002529914 0.372421682 0.002133303 0.999981880 0.005625353 -0.654464960 -0.002541950 -0.005619925 0.999980986 18.017337799
0.999985099 -0.004903353 0.002453111 0.357854247 0.004885769 0.999962687 0.007123653 -0.729017735 -0.002487950 -0.007111561 0.999971628 18.468690872
0.999982178 -0.005214327 0.002903958 0.373089254 0.005195863 0.999966383 0.006330329 -0.729972124 -0.002936870 -0.006315127 0.999975741 18.942277908
0.999983013 -0.004971814 0.003042714 0.380694568 0.004948953 0.999959826 0.007475376 -0.750745535 -0.003079758 -0.007460192 0.999967456 19.400445938
0.999986649 -0.004039546 0.003238181 0.402493894 0.004016250 0.999966323 0.007168362 -0.758494258 -0.003267029 -0.007155261 0.999969065 19.881507874
0.999985635 -0.003846040 0.003737422 0.404049993 0.003816983 0.999962747 0.007751087 -0.785286248 -0.003767093 -0.007736709 0.999963045 20.357301712
0.999985814 -0.003866599 0.003641184 0.415387988 0.003839936 0.999965906 0.007301567 -0.785797656 -0.003669292 -0.007287481 0.999966741 20.830593109
0.999985754 -0.004461943 0.002916358 0.501590073 0.004438809 0.999959052 0.007891276 -0.818128288 -0.002951449 -0.007878219 0.999964654 21.360197067
0.999990940 -0.002964676 0.003049553 0.474276215 0.002940865 0.999965370 0.007783280 -0.835095465 -0.003072523 -0.007774240 0.999965131 21.844223022
0.999986768 -0.004608524 0.002291469 0.437111527 0.004589417 0.999955237 0.008275092 -0.852635920 -0.002329503 -0.008264466 0.999963105 22.260669708
0.999988854 -0.004182397 0.002207847 0.438682079 0.004162753 0.999952435 0.008827806 -0.865844011 -0.002244663 -0.008818517 0.999958575 22.799427032
0.999986053 -0.005032817 0.001579279 0.440539777 0.005019036 0.999950290 0.008612091 -0.876676798 -0.001622543 -0.008604044 0.999961734 23.330928802
0.999987602 -0.004865795 0.001014071 0.432527393 0.004856632 0.999948978 0.008850589 -0.902828753 -0.001057084 -0.008845555 0.999960303 23.842592239
0.999976158 -0.006892756 0.000208768 0.439050674 0.006890642 0.999937177 0.008836742 -0.926883340 -0.000269664 -0.008835093 0.999960959 24.366432190
0.999975562 -0.006893839 -0.001163391 0.462597817 0.006903974 0.999936163 0.008945312 -0.934761465 0.001101649 -0.008953122 0.999959230 24.853876114
0.999982297 -0.005788558 -0.001429968 0.468080878 0.005800633 0.999946296 0.008589866 -0.936041176 0.001380168 -0.008598007 0.999962032 25.402055740
0.999976158 -0.006563968 -0.002144284 0.470290691 0.006581877 0.999942660 0.008454530 -0.939146996 0.002088665 -0.008468444 0.999961972 25.949878693
0.999975502 -0.006662348 -0.002148538 0.471390694 0.006683085 0.999929726 0.009793458 -0.971062660 0.002083140 -0.009807576 0.999949694 26.480520248
0.999966085 -0.007655171 -0.003064740 0.469749838 0.007685701 0.999919713 0.010077085 -0.987390637 0.002987352 -0.010100296 0.999944508 27.130674362
0.999960899 -0.008153985 -0.003429181 0.466978788 0.008190058 0.999909818 0.010640441 -1.047835588 0.003342110 -0.010668110 0.999937534 27.555330276
0.999951899 -0.008717327 -0.004512930 0.487052590 0.008764396 0.999906301 0.010517539 -1.065361381 0.004420822 -0.010556586 0.999934554 28.099376678
0.999956965 -0.008326618 -0.004096087 0.486062139 0.008369440 0.999909282 0.010550802 -1.068636298 0.004007863 -0.010584631 0.999935985 28.659288406
0.999960721 -0.007821781 -0.004154189 0.491398275 0.007866011 0.999911368 0.010739865 -1.072540641 0.004069816 -0.010772120 0.999933779 29.204086304
0.999965191 -0.006970132 -0.004591136 0.491868496 0.007021603 0.999911427 0.011291588 -1.091112614 0.004512026 -0.011323431 0.999925733 29.772954941
0.999952078 -0.008153586 -0.005419712 0.476538450 0.008215977 0.999899089 0.011591199 -1.110331059 0.005324655 -0.011635170 0.999918103 30.251941681
0.999955595 -0.007566063 -0.005617468 0.491310924 0.007631849 0.999901474 0.011783660 -1.129420757 0.005527759 -0.011826011 0.999914765 30.790624619
0.999951899 -0.007949948 -0.005744050 0.494677097 0.008019247 0.999894142 0.012144005 -1.141674280 0.005646897 -0.012189486 0.999909699 31.355972290
0.999960184 -0.007144050 -0.005343285 0.457569599 0.007211741 0.999892533 0.012758159 -1.183131933 0.005251565 -0.012796186 0.999904275 31.842884064
0.999954820 -0.007459855 -0.005888195 0.472131222 0.007532458 0.999894679 0.012405918 -1.192491770 0.005795029 -0.012449710 0.999905705 32.370792389
0.999952257 -0.007613549 -0.006119046 0.475791156 0.007687462 0.999896586 0.012147851 -1.190079212 0.006025926 -0.012194311 0.999907494 32.891624451
0.999961019 -0.006732233 -0.005698270 0.452711731 0.006803791 0.999897063 0.012632987 -1.225269318 0.005612636 -0.012671268 0.999903977 33.387756348
0.999950290 -0.007713002 -0.006315760 0.465951085 0.007793283 0.999887824 0.012786798 -1.215309501 0.006216427 -0.012835383 0.999898314 34.028614044
0.999948740 -0.007935012 -0.006289137 0.476347506 0.008019337 0.999876738 0.013498226 -1.254756093 0.006181253 -0.013547971 0.999889135 34.547904968
0.999936402 -0.008942722 -0.006875610 0.468833983 0.009038003 0.999861777 0.013953875 -1.290861964 0.006749874 -0.014015129 0.999879003 35.098575592
0.999936521 -0.008644239 -0.007240253 0.479221135 0.008739781 0.999873698 0.013269854 -1.284095526 0.007124631 -0.013332287 0.999885738 35.649639130
0.999934137 -0.008821419 -0.007342653 0.478674591 0.008921267 0.999866664 0.013678285 -1.304829359 0.007221013 -0.013742888 0.999879539 36.189254761
0.999945104 -0.007998299 -0.006770050 0.469817877 0.008090744 0.999872744 0.013739491 -1.308584690 0.006659297 -0.013793510 0.999882638 36.745220184
0.999949574 -0.007198949 -0.007001310 0.494786203 0.007299544 0.999868929 0.014450093 -1.326239109 0.006896367 -0.014500472 0.999871016 37.241844177
0.999924600 -0.009493956 -0.007786340 0.505127907 0.009598332 0.999863029 0.013478865 -1.317152023 0.007657307 -0.013552585 0.999878824 37.852489471
0.999938607 -0.007904365 -0.007768176 0.508449912 0.008011110 0.999872565 0.013807607 -1.329089880 0.007658046 -0.013868989 0.999874473 38.461952209
0.999919355 -0.010027826 -0.007789359 0.505100429 0.010134115 0.999854386 0.013727920 -1.331328154 0.007650563 -0.013805751 0.999875426 38.998554230
0.999912262 -0.010017461 -0.008680840 0.525449753 0.010144380 0.999840379 0.014701855 -1.377539158 0.008532180 -0.014788625 0.999854267 39.489288330
0.999916494 -0.009902656 -0.008299342 0.505072832 0.010035236 0.999820232 0.016088555 -1.414393187 0.008138531 -0.016170498 0.999836087 39.866092682
0.999930859 -0.009006613 -0.007559662 0.499106675 0.009125097 0.999833703 0.015787901 -1.426906109 0.007416209 -0.015855791 0.999846816 40.387763977
0.999927998 -0.008921244 -0.008027706 0.517427444 0.009043464 0.999841750 0.015319728 -1.425912857 0.007889765 -0.015391222 0.999850452 40.961559296
0.999923885 -0.009076056 -0.008358173 0.538583755 0.009206804 0.999833763 0.015740003 -1.443395376 0.008213927 -0.015815755 0.999841213 41.516635895
0.999926865 -0.009067205 -0.008010566 0.521289051 0.009197654 0.999823093 0.016400801 -1.460629463 0.007860440 -0.016473280 0.999833465 42.028739929
0.999916196 -0.009402583 -0.008902097 0.558728814 0.009546483 0.999822140 0.016262636 -1.472070217 0.008747602 -0.016346252 0.999828100 42.589633942
0.999904931 -0.010177149 -0.009304931 0.568202555 0.010329971 0.999810040 0.016525924 -1.469736814 0.009134980 -0.016620474 0.999820113 43.132835388
0.999919176 -0.009520625 -0.008427748 0.567687511 0.009658094 0.999818504 0.016424002 -1.481534958 0.008269852 -0.016504072 0.999829650 43.704818726
0.999917686 -0.009516601 -0.008608221 0.560946703 0.009660488 0.999811709 0.016830739 -1.499816298 0.008446428 -0.016912511 0.999821305 44.199604034
0.999916077 -0.009931442 -0.008320736 0.526477575 0.010070651 0.999807119 0.016858798 -1.514288306 0.008151698 -0.016941177 0.999823213 44.626445770
0.999924004 -0.009139998 -0.008277684 0.539203703 0.009273987 0.999824166 0.016295530 -1.510735512 0.008127287 -0.016371056 0.999832928 45.192852020
0.999909997 -0.009993257 -0.008953554 0.548331439 0.010149836 0.999793231 0.017616527 -1.528188467 0.008775655 -0.017705817 0.999804795 45.703891754
0.999924839 -0.008906540 -0.008424444 0.545718551 0.009052018 0.999807775 0.017391155 -1.538754106 0.008267928 -0.017466104 0.999813318 46.212123871
0.999934494 -0.008398275 -0.007772788 0.508818090 0.008524837 0.999829173 0.016395379 -1.529294252 0.007633767 -0.016460566 0.999835432 46.797466278
0.999917269 -0.009782389 -0.008345634 0.545194030 0.009927803 0.999796391 0.017564153 -1.581993341 0.008172115 -0.017645555 0.999810874 47.375003815
0.999937057 -0.007985309 -0.007882317 0.520289421 0.008129077 0.999798000 0.018378859 -1.615047693 0.007733962 -0.018441772 0.999800026 47.801967621
0.999936700 -0.007988795 -0.007926822 0.529565215 0.008132594 0.999799907 0.018277545 -1.625801802 0.007779219 -0.018340852 0.999801517 48.335765839
0.999935150 -0.007838408 -0.008262399 0.535039723 0.007987592 0.999802828 0.018180255 -1.632652640 0.008118265 -0.018245073 0.999800563 48.884529114
0.999930859 -0.008131654 -0.008491835 0.550872087 0.008286074 0.999798059 0.018310549 -1.631055832 0.008341225 -0.018379647 0.999796271 49.445262909
0.999926805 -0.009026056 -0.008056588 0.530155718 0.009181439 0.999768436 0.019462438 -1.660754204 0.007879054 -0.019534986 0.999778152 50.003181458
0.999940574 -0.007663644 -0.007763262 0.506607175 0.007811148 0.999786139 0.019151516 -1.667605639 0.007614830 -0.019211018 0.999786437 50.550804138
0.999924183 -0.008717467 -0.008699453 0.562696576 0.008882480 0.999777853 0.019113302 -1.667650461 0.008530902 -0.019189125 0.999779463 50.929553986
0.999928176 -0.008387216 -0.008563806 0.552918315 0.008552153 0.999775052 0.019408369 -1.674959064 0.008399098 -0.019480214 0.999774992 51.475894928
0.999931097 -0.008159728 -0.008438834 0.565619946 0.008315122 0.999793470 0.018546006 -1.671520233 0.008285762 -0.018614898 0.999792397 52.013645172
0.999922514 -0.008968300 -0.008631554 0.585139453 0.009122580 0.999796331 0.018003693 -1.668221235 0.008468332 -0.018081039 0.999800682 52.575340271
0.999934733 -0.008524090 -0.007604587 0.525544405 0.008673153 0.999766529 0.019789195 -1.719982266 0.007434127 -0.019853864 0.999775231 52.928977966
0.999939620 -0.008354711 -0.007144652 0.529716134 0.008498085 0.999758244 0.020278184 -1.729171038 0.006973507 -0.020337675 0.999768853 53.449630737
0.999932528 -0.008666673 -0.007736796 0.541293979 0.008814727 0.999774694 0.019311888 -1.720663905 0.007567683 -0.019378783 0.999783576 54.022228241
0.999932647 -0.008373055 -0.008037766 0.568685949 0.008524941 0.999782085 0.019052204 -1.727242112 0.007876488 -0.019119445 0.999786139 54.560321808
0.999939978 -0.007860892 -0.007629553 0.565383554 0.008001619 0.999795079 0.018593181 -1.713443279 0.007481832 -0.018653113 0.999798000 55.080730438
0.999936461 -0.008713994 -0.007137070 0.513317764 0.008856615 0.999756694 0.020201690 -1.766609192 0.006959295 -0.020263622 0.999770463 55.511772156
0.999946058 -0.008029092 -0.006592480 0.500914037 0.008167764 0.999740124 0.021284521 -1.792281628 0.006419869 -0.021337217 0.999751747 55.801456451
0.999945939 -0.007753654 -0.006923495 0.514754653 0.007899509 0.999742150 0.021293906 -1.790019512 0.006756603 -0.021347452 0.999749303 56.339767456
0.999945819 -0.007849356 -0.006832887 0.524852037 0.007985677 0.999764919 0.020157412 -1.793985724 0.006673060 -0.020210885 0.999773502 56.910667419
0.999955058 -0.007294405 -0.006062629 0.511427045 0.007416457 0.999765277 0.020359270 -1.797802567 0.005912698 -0.020403316 0.999774396 57.453948975
0.999938905 -0.008410202 -0.007180213 0.575593829 0.008553849 0.999759018 0.020215139 -1.785171151 0.007008471 -0.020275317 0.999769926 57.961296082
0.999953985 -0.007340617 -0.006190097 0.496465534 0.007464487 0.999767482 0.020230951 -1.801606297 0.006040149 -0.020276222 0.999776185 58.440044403
0.999951780 -0.008184103 -0.005418649 0.523190677 0.008295870 0.999746382 0.020935826 -1.829373121 0.005245935 -0.020979771 0.999766111 58.962142944
0.999943078 -0.008086474 -0.006951999 0.530646801 0.008234873 0.999733031 0.021589657 -1.821095109 0.006775558 -0.021645678 0.999742746 59.173198700
0.999956846 -0.007017129 -0.006078348 0.535455227 0.007143658 0.999752879 0.021050852 -1.831168532 0.005929130 -0.021093367 0.999759912 59.714553833
0.999947131 -0.007169658 -0.007367817 0.611994982 0.007329868 0.999732137 0.021952597 -1.866670728 0.007208450 -0.022005439 0.999731898 60.190975189
0.999946713 -0.007343272 -0.007251264 0.599989235 0.007499304 0.999735832 0.021730548 -1.856908083 0.007089774 -0.021783771 0.999737561 60.745506287
0.999946356 -0.007578471 -0.007058609 0.590465665 0.007729248 0.999737203 0.021584142 -1.842813253 0.006893179 -0.021637542 0.999742150 61.300132751
0.999944627 -0.007941430 -0.006900471 0.551310897 0.008093098 0.999719977 0.022236791 -1.852767944 0.006721947 -0.022291407 0.999728918 61.606239319
0.999945939 -0.007929813 -0.006721432 0.553555369 0.008076684 0.999722898 0.022113346 -1.858939171 0.006544214 -0.022166437 0.999732912 62.153644562
0.999957919 -0.007193650 -0.005689406 0.537365913 0.007317782 0.999728858 0.022106918 -1.883703709 0.005528834 -0.022147622 0.999739468 62.694160461
0.999957740 -0.006947437 -0.006004277 0.553241372 0.007074539 0.999745727 0.021413255 -1.867577672 0.005853981 -0.021454835 0.999752641 63.232460022
0.999960005 -0.006397153 -0.006249333 0.587182403 0.006529102 0.999751270 0.021327034 -1.858059645 0.006111346 -0.021366986 0.999752998 63.748737335
0.999950945 -0.007322821 -0.006665886 0.562412500 0.007470449 0.999721229 0.022398023 -1.880208969 0.006500011 -0.022446722 0.999726892 64.036720276
0.999954402 -0.007047605 -0.006432588 0.591679692 0.007188004 0.999730587 0.022070674 -1.881474018 0.006275309 -0.022115910 0.999735713 64.593780518
0.999957263 -0.007083711 -0.005938534 0.573662758 0.007210730 0.999739707 0.021647751 -1.875982881 0.005783640 -0.021689646 0.999747992 65.121917725
0.999961495 -0.006876350 -0.005450222 0.579730034 0.006995847 0.999728680 0.022218039 -1.887486577 0.005295962 -0.022255315 0.999738276 65.647369385
0.999955475 -0.006679231 -0.006661454 0.631563425 0.006822860 0.999739587 0.021776797 -1.875638962 0.006514267 -0.021821281 0.999740660 66.167228699
0.999947965 -0.007481529 -0.006933971 0.595984578 0.007639582 0.999705017 0.023054969 -1.924001575 0.006759437 -0.023106743 0.999710143 66.505577087
0.999947786 -0.007501265 -0.006935538 0.597550750 0.007660305 0.999701560 0.023196137 -1.931461811 0.006759467 -0.023248052 0.999706864 67.074432373
0.999964893 -0.005644028 -0.006199132 0.611274600 0.005789110 0.999703825 0.023640294 -1.956354141 0.006063870 -0.023675350 0.999701321 67.555526733
0.999945343 -0.007802529 -0.006951138 0.609154344 0.007956046 0.999718785 0.022338144 -1.927393079 0.006774888 -0.022392230 0.999726236 68.124404907
0.999946296 -0.007574251 -0.007071299 0.636575103 0.007737253 0.999698341 0.023315778 -1.949268103 0.006892563 -0.023369242 0.999703169 68.440368652
0.999939740 -0.007920139 -0.007605691 0.658675194 0.008096423 0.999692678 0.023433894 -1.960316539 0.007417752 -0.023494059 0.999696493 68.985717773
0.999948442 -0.007252574 -0.007100390 0.649659514 0.007414842 0.999705732 0.023100408 -1.960107327 0.006930763 -0.023151869 0.999707997 69.539527893
0.999929845 -0.008746563 -0.007991184 0.710143745 0.008928568 0.999694884 0.023031579 -1.972355008 0.007787300 -0.023101309 0.999702811 70.066093445
0.999953806 -0.006678695 -0.006909521 0.681196153 0.006841822 0.999691844 0.023860991 -1.991813779 0.006748032 -0.023907160 0.999691427 70.353538513
0.999960661 -0.006137707 -0.006398626 0.684209764 0.006284724 0.999710798 0.023215385 -1.985629439 0.006254285 -0.023254689 0.999710023 70.912391663
0.999957025 -0.006326797 -0.006780437 0.697906733 0.006484898 0.999701619 0.023554634 -1.993296623 0.006629387 -0.023597592 0.999699593 71.475280762
0.999937713 -0.008202180 -0.007569979 0.722229660 0.008377712 0.999689817 0.023455177 -1.995733857 0.007375248 -0.023517134 0.999696255 72.046325684
0.999942780 -0.007469747 -0.007644856 0.758233845 0.007641932 0.999712050 0.022747444 -1.986102104 0.007472738 -0.022804560 0.999712050 72.509162903
0.999944448 -0.007513767 -0.007394241 0.690122902 0.007689519 0.999681652 0.024034683 -1.989859462 0.007211296 -0.024090210 0.999683738 72.827934265
0.999944448 -0.007462169 -0.007439470 0.705261230 0.007636172 0.999691308 0.023641832 -1.992947340 0.007260755 -0.023697332 0.999692798 73.363212585
0.999935687 -0.008234128 -0.007804179 0.729105830 0.008415415 0.999688745 0.023488509 -2.003591061 0.007608342 -0.023552671 0.999693573 73.934417725
0.999925911 -0.009260852 -0.007908580 0.736207604 0.009439000 0.999695718 0.022793768 -1.989070177 0.007695083 -0.022866724 0.999708891 74.458442688
0.999940097 -0.007796732 -0.007688507 0.736308277 0.007975414 0.999692261 0.023490015 -1.997128487 0.007502995 -0.023549924 0.999694526 75.021453857
0.999948502 -0.007518065 -0.006812239 0.692646980 0.007678670 0.999685824 0.023865048 -2.002077818 0.006630680 -0.023916133 0.999691963 75.343765259
0.999951363 -0.007604288 -0.006270410 0.698176980 0.007751694 0.999686003 0.023829158 -1.998851776 0.006087238 -0.023876613 0.999696374 75.890083313
0.999939084 -0.008292515 -0.007277415 0.708046257 0.008463193 0.999682248 0.023744391 -2.002853394 0.007078203 -0.023804538 0.999691486 76.417831421
0.999948680 -0.007800494 -0.006466686 0.711459398 0.007943282 0.999718547 0.022357063 -1.996615052 0.006290471 -0.022407284 0.999729097 76.945442200
0.999958336 -0.007584531 -0.005083357 0.694645762 0.007702243 0.999692976 0.023551185 -1.988364220 0.004903174 -0.023589352 0.999709725 77.352508545
0.999970436 -0.007148277 -0.002823981 0.688560784 0.007213319 0.999692380 0.023735780 -2.001516581 0.002653442 -0.023755452 0.999714375 77.913688660
0.999976158 -0.006520406 -0.002252546 0.707522631 0.006571216 0.999706030 0.023338446 -2.001303196 0.002099707 -0.023352697 0.999725103 78.488349915
0.999974191 -0.007120941 -0.000984804 0.715522587 0.007141238 0.999723077 0.022425070 -1.983115911 0.000824844 -0.022431524 0.999748111 78.969718933
0.999971449 -0.007498623 0.000959296 0.741328597 0.007473828 0.999692023 0.023662886 -2.013617516 -0.001136440 -0.023655035 0.999719560 79.375724792
0.999958754 -0.007805481 0.004650038 0.760929108 0.007694985 0.999698341 0.023324136 -2.006926298 -0.004830691 -0.023287388 0.999717176 79.924270630
0.999941230 -0.006947421 0.008319954 0.772681296 0.006749450 0.999698997 0.023590812 -2.013453960 -0.008481345 -0.023533272 0.999687076 80.468231201
0.999899030 -0.007634215 0.011986265 0.803864479 0.007363172 0.999719858 0.022496311 -1.991242886 -0.012154648 -0.022405783 0.999675095 80.978240967
0.999821663 -0.005288866 0.018131102 0.845091820 0.004860527 0.999709964 0.023587693 -2.049822092 -0.018250592 -0.023495359 0.999557376 81.443252563
0.999691010 -0.006675269 0.023942804 0.819974780 0.006094690 0.999687552 0.024240131 -2.055811882 -0.024097135 -0.024086712 0.999419391 81.862350464
0.999541342 -0.006336427 0.029612429 0.858130932 0.005588062 0.999664605 0.025286809 -2.069424152 -0.029762724 -0.025109733 0.999241531 82.380661011
0.999226868 -0.005946670 0.038864460 0.866094828 0.005004132 0.999692023 0.024304379 -2.047859669 -0.038997024 -0.024091104 0.998948812 82.977081299
0.998888731 -0.006132495 0.046730138 0.934978008 0.004971114 0.999676883 0.024928724 -2.072972298 -0.046867914 -0.024668721 0.998596430 83.447395325
0.998532712 -0.007403069 0.053642757 0.981747150 0.006083974 0.999676049 0.024712078 -2.060398817 -0.053808331 -0.024349455 0.998254359 83.983268738
0.998024225 -0.005673720 0.062572569 1.058598042 0.004144080 0.999690056 0.024548599 -2.105560541 -0.062692463 -0.024240794 0.997738481 84.512802124
0.997374594 -0.008626408 0.071899325 1.087384224 0.006913048 0.999686956 0.024044875 -2.032828808 -0.072084241 -0.023484705 0.997122049 84.904922485
0.996693492 -0.008194183 0.080838211 1.146223545 0.006264181 0.999689937 0.024099663 -2.032804728 -0.081010632 -0.023513597 0.996435881 85.458068848
0.996037483 -0.008515771 0.088525534 1.214078903 0.006501549 0.999713898 0.023016524 -2.030261993 -0.088696226 -0.022349767 0.995807946 86.036216736
0.995047987 -0.007943420 0.099078074 1.334927559 0.005656636 0.999711514 0.023340238 -2.056931734 -0.099234909 -0.022664210 0.994805932 86.549148560
0.993927181 -0.007760835 0.109766096 1.385210037 0.005250343 0.999718368 0.023141865 -2.063719988 -0.109914795 -0.022425018 0.993687987 86.966262817
0.992912889 -0.010017366 0.118421599 1.421857834 0.007179293 0.999677241 0.024368208 -2.066845417 -0.118627496 -0.023345321 0.992664337 87.412895203
0.991519213 -0.009581309 0.129606783 1.507528305 0.006473598 0.999681830 0.024378076 -2.067243814 -0.129799113 -0.023332311 0.991265655 87.955520630
0.989843845 -0.009478684 0.141842797 1.598825455 0.006094909 0.999686837 0.024271291 -2.066375732 -0.142028451 -0.023160269 0.989591539 88.490348816
0.988230705 -0.009645921 0.152666047 1.719189644 0.006033477 0.999691129 0.024108017 -2.072588921 -0.152851433 -0.022903174 0.987983763 89.040931702
0.986773551 -0.009668133 0.161816686 1.810737610 0.005827979 0.999690473 0.024189379 -2.078061819 -0.162000448 -0.022926373 0.986524343 89.548141479
0.984685719 -0.010602470 0.174016699 1.907623291 0.006478444 0.999684989 0.024249975 -2.066628456 -0.174218968 -0.022751240 0.984444022 90.081565857
0.982268214 -0.010828750 0.187167957 1.972309113 0.006368634 0.999681652 0.024414411 -2.029426575 -0.187372774 -0.022789495 0.982024491 90.607261658
0.980165005 -0.011383367 0.197855741 2.101464272 0.006749294 0.999687254 0.024080098 -2.029174805 -0.198067963 -0.022267077 0.979935348 91.148994446
0.977325678 -0.011200009 0.211445078 2.238412857 0.006186344 0.999684095 0.024358105 -2.028104782 -0.211651087 -0.022497728 0.977086306 91.681251526
0.974122822 -0.010032131 0.225796551 2.369729996 0.004597910 0.999687254 0.024579948 -2.029227734 -0.225972518 -0.022905696 0.973864377 92.180847168
0.971647382 -0.012168821 0.236121505 2.533149719 0.006553645 0.999677122 0.024551176 -2.046677113 -0.236344010 -0.022307627 0.971413314 92.718299866
0.968301117 -0.010152874 0.249579415 2.622795105 0.004156646 0.999690175 0.024540668 -1.990400314 -0.249751225 -0.022725340 0.968043447 93.156433105
0.964694381 -0.010719945 0.263153702 2.790302277 0.004366283 0.999684930 0.024717260 -1.991842031 -0.263335794 -0.022695599 0.964437246 93.676483154
0.961066186 -0.010434899 0.276121169 2.963262558 0.003796180 0.999690890 0.024566365 -1.994652271 -0.276292145 -0.022561699 0.960808814 94.210372925
0.958084404 -0.012245520 0.286224246 3.159292221 0.005324974 0.999674618 0.024944644 -2.004585028 -0.286436617 -0.022374937 0.957837939 94.728736877
0.953699768 -0.011832925 0.300527811 3.353796005 0.004549371 0.999678969 0.024924126 -2.011431694 -0.300726265 -0.022402920 0.953447282 95.253540039
0.949044764 -0.011245778 0.314940810 3.561691284 0.003740634 0.999694645 0.024424633 -1.989404678 -0.315119356 -0.022001991 0.948796988 95.773735046
0.945435345 -0.012223887 0.325580537 3.736246109 0.004436246 0.999686182 0.024650952 -2.008445263 -0.325779736 -0.021861525 0.945192993 96.234138489
0.940469384 -0.011222417 0.339693069 3.893886566 0.003090422 0.999695778 0.024470782 -1.981356382 -0.339864343 -0.021964222 0.940217972 96.816360474
0.935213745 -0.010761172 0.353920162 4.115335464 0.002294817 0.999701321 0.024332639 -1.978597403 -0.354076296 -0.021944031 0.934959054 97.336944580
0.930573344 -0.012055495 0.365906686 4.340200424 0.003324452 0.999694765 0.024482107 -1.990556717 -0.366090178 -0.021565961 0.930329502 97.841720581
0.925807238 -0.011840094 0.377810478 4.574527740 0.002901469 0.999702513 0.024219466 -1.990679026 -0.377984881 -0.021326354 0.925566137 98.373542786
0.920643747 -0.013621583 0.390166014 4.832105637 0.004476635 0.999693751 0.024338419 -2.003955603 -0.390378058 -0.020660385 0.920422792 98.797698975
0.915052652 -0.013834750 0.403096974 5.068725586 0.003943374 0.999670565 0.025358161 -2.035920620 -0.403315097 -0.021614488 0.914805889 99.261817932
0.909910381 -0.012331688 0.414621532 5.330440521 0.002072602 0.999680698 0.025184093 -2.035225630 -0.414799690 -0.022055926 0.909645438 99.801376343
0.904648602 -0.014368141 0.425915956 5.618434906 0.003555034 0.999651074 0.026172001 -2.086560726 -0.426143408 -0.022162316 0.904384136 100.261688232
0.897516787 -0.013260195 0.440780848 5.821479797 0.002285826 0.999674261 0.025419220 -1.997737885 -0.440974355 -0.021806629 0.897254705 100.805084229
0.891627073 -0.014115380 0.452550679 6.090698242 0.003057384 0.999678850 0.025156964 -1.995031118 -0.452760458 -0.021047005 0.891383648 101.287857056
0.886093616 -0.014873290 0.463267595 6.371509552 0.003301197 0.999662161 0.025780123 -2.005894661 -0.463494539 -0.021314265 0.885843396 101.761581421
0.877850831 -0.012420529 0.478773206 6.641906738 0.000546118 0.999688923 0.024933010 -1.986533642 -0.478933990 -0.021625994 0.877584517 102.286407471
0.871243894 -0.014616862 0.490632862 6.927757263 0.002092056 0.999657989 0.026066689 -2.010661125 -0.490846097 -0.021684010 0.870976448 102.697135925
0.865149319 -0.013749321 0.501325667 7.209102631 0.001038741 0.999671102 0.025624322 -1.990557909 -0.501513124 -0.021648120 0.864879072 103.218902588
