1.000000000 0.000000000 0.000000000 0.000000000 0.000000000 1.000000000 0.000000000 0.000000000 0.000000000 0.000000000 1.000000000 0.000000000
1.000000000 0.000087407 0.000017549 -0.000364193 -0.000087409 1.000000000 0.000117728 -0.000220667 -0.000017538 -0.000117729 1.000000000 -0.000077137
1.000000000 0.000084164 -0.000011320 -0.000563842 -0.000084164 1.000000000 -0.000005066 0.000391794 0.000011320 0.000005067 1.000000000 -0.000293979
1.000000000 0.000075595 0.000084029 -0.000713310 -0.000075599 1.000000000 0.000049753 -0.000378510 -0.000084025 -0.000049759 1.000000000 0.000074736
0.999999940 0.000104810 0.000258080 -0.001724466 -0.000104816 1.000000000 0.000023852 0.000322208 -0.000258077 -0.000023879 0.999999940 0.000730435
1.000000000 -0.000100596 0.000052205 -0.000522827 0.000100594 1.000000000 0.000033714 0.000025177 -0.000052208 -0.000033709 1.000000000 0.000208305
1.000000000 0.000115133 0.000162248 -0.002045622 -0.000115147 1.000000000 0.000081248 -0.000422726 -0.000162238 -0.000081266 1.000000000 -0.000998946
1.000000000 0.000166111 0.000118803 -0.001486851 -0.000166107 1.000000000 -0.000032385 -0.000192324 -0.000118808 0.000032366 1.000000000 -0.001060359
1.000000000 0.000105733 0.000163281 -0.001793326 -0.000105737 1.000000000 0.000023949 -0.000979550 -0.000163278 -0.000023967 1.000000000 -0.001744988
1.000000000 0.000130464 0.000129026 -0.001986256 -0.000130481 1.000000000 0.000126979 -0.000943649 -0.000129010 -0.000126996 1.000000000 0.000177875
1.000000000 0.000049645 0.000132728 -0.001137725 -0.000049662 1.000000000 0.000130835 -0.001236141 -0.000132722 -0.000130842 1.000000000 -0.000899982
1.000000000 0.000171315 0.000164298 -0.001412885 -0.000171313 1.000000000 -0.000010515 -0.000701539 -0.000164299 0.000010486 1.000000000 -0.000042599
1.000000000 0.000009482 0.000160605 -0.001321366 -0.000009493 1.000000000 0.000072180 0.000483511 -0.000160604 -0.000072182 1.000000000 0.000245755
0.999999940 0.000186694 0.000194872 -0.002649161 -0.000186676 1.000000000 -0.000096233 0.001010692 -0.000194890 0.000096197 1.000000000 -0.000034611
1.000000000 0.000190231 0.000150003 -0.001616430 -0.000190233 1.000000000 0.000013593 0.001204977 -0.000150001 -0.000013621 1.000000000 0.001119317
0.999999940 0.000267877 0.000220430 -0.002164207 -0.000267875 0.999999940 -0.000010665 0.001002442 -0.000220433 0.000010606 1.000000000 0.001112167
0.999999881 0.000402096 0.000281549 -0.002918063 -0.000402083 0.999999940 -0.000047411 0.001042646 -0.000281568 0.000047298 0.999999940 0.000701666
0.999999940 0.000325483 0.000245358 -0.002430317 -0.000325500 0.999999940 0.000069259 0.001330872 -0.000245336 -0.000069339 0.999999940 0.002530853
0.999999940 0.000231630 0.000301813 -0.002663451 -0.000231616 1.000000000 -0.000044097 0.001378055 -0.000301823 0.000044027 0.999999940 0.001588570
0.999999940 0.000321988 0.000252766 -0.002788373 -0.000321994 0.999999940 0.000024551 0.001221730 -0.000252758 -0.000024632 0.999999940 0.002358011
0.999999881 0.000383918 0.000268830 -0.003317550 -0.000383898 0.999999940 -0.000074466 0.002100175 -0.000268858 0.000074363 0.999999940 0.002668790
0.999999940 0.000223535 0.000170940 -0.001915811 -0.000223527 1.000000000 -0.000044628 0.001418411 -0.000170950 0.000044589 1.000000000 0.002340563
0.999999940 0.000303596 0.000220712 -0.002831010 -0.000303602 0.999999940 0.000025293 0.001390188 -0.000220704 -0.000025360 1.000000000 0.001812610
0.999999821 0.000548066 0.000205677 -0.002947175 -0.000548060 0.999999821 -0.000032938 0.001701709 -0.000205695 0.000032826 1.000000000 0.002959958
0.999999940 0.000338112 0.000230771 -0.002100929 -0.000338108 0.999999940 -0.000017741 0.001817579 -0.000230777 0.000017663 1.000000000 0.001727507
0.999999940 0.000312096 0.000203359 -0.002740447 -0.000312083 0.999999940 -0.000063184 0.002781986 -0.000203378 0.000063121 1.000000000 0.004091483
0.999999881 0.000416743 0.000239754 -0.002917716 -0.000416772 0.999999881 0.000117573 0.000776369 -0.000239705 -0.000117673 0.999999940 0.002405225
0.999999940 0.000382055 0.000180367 -0.002540017 -0.000382041 0.999999940 -0.000074658 0.001906973 -0.000180396 0.000074589 1.000000000 0.001752595
0.999999940 0.000351047 0.000189509 -0.002572514 -0.000351030 0.999999940 -0.000093193 0.002921663 -0.000189542 0.000093126 1.000000000 0.002898010
0.999999881 0.000357157 0.000238053 -0.002005489 -0.000357146 0.999999940 -0.000043890 0.001723108 -0.000238069 0.000043805 1.000000000 0.002912190
0.999999881 0.000390931 0.000368027 -0.003368740 -0.000390906 0.999999940 -0.000068847 0.002177911 -0.000368054 0.000068703 0.999999940 0.002794717
0.999999940 0.000361093 0.000188952 -0.001950733 -0.000361080 0.999999940 -0.000066717 0.001915038 -0.000188976 0.000066648 1.000000000 0.003024625
0.999999821 0.000492514 0.000301284 -0.002093530 -0.000492534 0.999999881 0.000066369 0.000504111 -0.000301252 -0.000066517 0.999999940 0.001345548
0.999999821 0.000521400 0.000312492 -0.003345412 -0.000521359 0.999999881 -0.000129915 0.001739312 -0.000312559 0.000129752 0.999999940 0.002454650
0.999999821 0.000544692 0.000294329 -0.002450177 -0.000544649 0.999999821 -0.000144775 0.001983781 -0.000294407 0.000144615 0.999999940 0.002705112
0.999999881 0.000394302 0.000288336 -0.003459074 -0.000394285 0.999999940 -0.000061550 0.002117066 -0.000288360 0.000061436 0.999999940 0.002630032
0.999999821 0.000492715 0.000261211 -0.003341017 -0.000492686 0.999999881 -0.000110133 0.003248816 -0.000261266 0.000110004 0.999999940 0.003099488
0.999999762 0.000561615 0.000342629 -0.003383464 -0.000561608 0.999999821 -0.000020397 0.001259434 -0.000342640 0.000020204 0.999999940 0.002971665
0.999999881 0.000409471 0.000221260 -0.001325971 -0.000409467 0.999999940 -0.000018291 0.001826071 -0.000221267 0.000018200 1.000000000 0.000997558
0.999999940 0.000310535 0.000255970 -0.002434652 -0.000310504 0.999999940 -0.000121012 0.001270914 -0.000256008 0.000120933 0.999999940 0.001908848
0.999999821 0.000466293 0.000352017 -0.002506346 -0.000466086 0.999999702 -0.000588082 -0.000130207 -0.000352291 0.000587918 0.999999762 0.050135463
0.999999821 0.000430958 0.000372508 -0.003108903 -0.000430504 0.999999166 -0.001219549 -0.003655013 -0.000373033 0.001219389 0.999999166 0.137979552
0.999997497 0.002178615 0.000418094 -0.003791382 -0.002178198 0.999997079 -0.000995256 -0.012910365 -0.000420261 0.000994342 0.999999404 0.249970168
0.999997020 0.002432370 0.000356084 -0.001011234 -0.002432135 0.999996901 -0.000659618 -0.017731963 -0.000357688 0.000658750 0.999999642 0.381635308
0.999996483 0.002627004 0.000476370 -0.000142523 -0.002626820 0.999996483 -0.000388689 -0.021622706 -0.000477390 0.000387436 0.999999821 0.527887404
0.999997973 0.001906684 0.000640419 0.002049224 -0.001906642 0.999998152 -0.000065906 -0.031441741 -0.000640544 0.000064685 0.999999821 0.676558256
0.999997914 0.001984461 0.000583074 0.006901437 -0.001984666 0.999997973 0.000351396 -0.036335591 -0.000582375 -0.000352553 0.999999762 0.836420894
0.999997914 0.001943704 0.000671889 0.007605067 -0.001943952 0.999997973 0.000368539 -0.041402545 -0.000671171 -0.000369845 0.999999702 1.012454152
0.999996662 0.002415660 0.000895273 0.009196373 -0.002415916 0.999997020 0.000284674 -0.044599835 -0.000894583 -0.000286836 0.999999583 1.186754942
0.999995887 0.002523034 0.001385381 0.010288656 -0.002524323 0.999996424 0.000929553 -0.052444458 -0.001383031 -0.000933047 0.999998629 1.368262172
0.999995887 0.002600568 0.001135094 0.017208464 -0.002601729 0.999996006 0.001022602 -0.057395309 -0.001132431 -0.001025551 0.999998868 1.569343925
0.999995947 0.002455669 0.001405549 0.023054995 -0.002456953 0.999996543 0.000912600 -0.057172202 -0.001403303 -0.000916049 0.999998629 1.773793340
0.999996185 0.002401387 0.001328860 0.021181677 -0.002403013 0.999996364 0.001223485 -0.070516065 -0.001325917 -0.001226674 0.999998391 1.967323542
0.999997675 0.001844531 0.001162262 0.029266622 -0.001846014 0.999997437 0.001276451 -0.078091182 -0.001159904 -0.001278593 0.999998569 2.176939249
0.999995828 0.002538382 0.001369597 0.028917130 -0.002540036 0.999996006 0.001207315 -0.083727501 -0.001366526 -0.001210789 0.999998331 2.400618792
0.999995053 0.002703361 0.001586372 0.034670472 -0.002705092 0.999995768 0.001089967 -0.089425817 -0.001583418 -0.001094253 0.999998152 2.627941847
0.999994814 0.002678396 0.001792801 0.035671882 -0.002680792 0.999995530 0.001335165 -0.096808068 -0.001789217 -0.001339964 0.999997497 2.857132673
0.999995768 0.002394494 0.001695672 0.042885464 -0.002396166 0.999996722 0.000984911 -0.098904841 -0.001693308 -0.000988970 0.999998093 3.102833033
0.999994040 0.002829477 0.001944637 0.046188109 -0.002832125 0.999995053 0.001360731 -0.110233739 -0.001940777 -0.001366231 0.999997199 3.334738255
0.999996126 0.002283730 0.001659688 0.050335351 -0.002286184 0.999996305 0.001478019 -0.118709840 -0.001656307 -0.001481807 0.999997556 3.585561275
0.999994516 0.002801495 0.001759243 0.052570753 -0.002804373 0.999994814 0.001635329 -0.125309840 -0.001754652 -0.001640253 0.999997139 3.844297171
0.999993980 0.002913800 0.001885221 0.057545975 -0.002916690 0.999994516 0.001532010 -0.128585100 -0.001880747 -0.001537499 0.999996960 4.107549667
0.999992132 0.003279642 0.002240394 0.062133253 -0.003283201 0.999993384 0.001586862 -0.132576942 -0.002235175 -0.001594206 0.999996126 4.364952087
0.999992669 0.003014574 0.002317190 0.067863688 -0.003017970 0.999994397 0.001463358 -0.140972078 -0.002312766 -0.001470341 0.999996185 4.620487690
0.999992788 0.003182135 0.002082675 0.073090032 -0.003186430 0.999992788 0.002061955 -0.153722048 -0.002076098 -0.002068576 0.999995708 4.882925987
0.999991953 0.003403697 0.002103979 0.079899400 -0.003408349 0.999991775 0.002211685 -0.159997091 -0.002096433 -0.002218839 0.999995291 5.143175602
0.999992192 0.003258769 0.002232321 0.083787136 -0.003262899 0.999992907 0.001848871 -0.166060612 -0.002226280 -0.001856140 0.999995828 5.415435314
0.999991655 0.003376266 0.002309113 0.090734646 -0.003380651 0.999992490 0.001897725 -0.172426492 -0.002302689 -0.001905515 0.999995589 5.682458401
0.999993324 0.002911710 0.002193866 0.093706295 -0.002915703 0.999994099 0.001818694 -0.179541871 -0.002188558 -0.001825079 0.999995947 5.962813377
0.999990940 0.003385231 0.002573020 0.093849674 -0.003390082 0.999992430 0.001883324 -0.187954620 -0.002566625 -0.001892030 0.999994874 6.234441280
0.999988616 0.003762432 0.002971144 0.098431498 -0.003768104 0.999991059 0.001905682 -0.194648355 -0.002963947 -0.001916855 0.999993742 6.519829273
0.999990404 0.003457933 0.002693313 0.105829537 -0.003463229 0.999992073 0.001964402 -0.201776743 -0.002686499 -0.001973711 0.999994457 6.817995071
0.999987841 0.004037091 0.002829515 0.111640789 -0.004041619 0.999990523 0.001596640 -0.204494521 -0.002823043 -0.001608056 0.999994695 7.134829998
0.999991477 0.003243544 0.002574396 0.120352864 -0.003248126 0.999993145 0.001777881 -0.214029878 -0.002568611 -0.001786228 0.999995112 7.431119919
0.999991179 0.003219993 0.002676025 0.127757505 -0.003226088 0.999992251 0.002276733 -0.231820092 -0.002668673 -0.002285346 0.999993742 7.717099190
0.999990582 0.003382391 0.002689176 0.132979721 -0.003387490 0.999992430 0.001893591 -0.233436137 -0.002682751 -0.001902683 0.999994576 8.062488556
0.999987900 0.003972057 0.002879564 0.135542423 -0.003977156 0.999990582 0.001767242 -0.241989225 -0.002872517 -0.001778673 0.999994278 8.377403259
0.999990940 0.003362071 0.002602985 0.144110218 -0.003366971 0.999992549 0.001880535 -0.249599427 -0.002596643 -0.001889282 0.999994814 8.712539673
0.999987781 0.003882165 0.003093029 0.145714611 -0.003887332 0.999991000 0.001666174 -0.257268339 -0.003086534 -0.001678177 0.999993742 9.059920311
0.999988019 0.004042549 0.002760699 0.152866125 -0.004047446 0.999990284 0.001770718 -0.270730346 -0.002753514 -0.001781871 0.999994576 9.395927429
0.999986470 0.004355862 0.002841915 0.166848451 -0.004359835 0.999989510 0.001393377 -0.280933231 -0.002835815 -0.001405748 0.999994993 9.728891373
0.999987483 0.004149105 0.002786635 0.169283211 -0.004152798 0.999990523 0.001320461 -0.289344251 -0.002781130 -0.001332017 0.999995232 10.074787140
0.999982595 0.004636010 0.003677488 0.164241359 -0.004643758 0.999987006 0.002101251 -0.304998606 -0.003667699 -0.002118292 0.999991059 10.468175888
0.999982178 0.004827888 0.003507184 0.173236847 -0.004834835 0.999986291 0.001974972 -0.314389974 -0.003497601 -0.001991894 0.999991953 10.832626343
0.999982297 0.004523831 0.003879466 0.181836903 -0.004532362 0.999987304 0.002192820 -0.323401541 -0.003869497 -0.002210364 0.999990046 11.194618225
0.999984980 0.004014981 0.003726038 0.196878463 -0.004022333 0.999989927 0.001967984 -0.333072782 -0.003718099 -0.001982942 0.999991119 11.584249496
0.999985039 0.004161430 0.003544932 0.205825523 -0.004167286 0.999989927 0.001646281 -0.337374330 -0.003538045 -0.001661029 0.999992371 11.960261345
0.999983907 0.004050552 0.003975966 0.216025308 -0.004058229 0.999989867 0.001924339 -0.353194535 -0.003968131 -0.001940444 0.999990225 12.337779999
0.999981105 0.004590024 0.004094448 0.219900370 -0.004600452 0.999986112 0.002540942 -0.371143818 -0.004082729 -0.002559731 0.999988317 12.726933479
0.999978781 0.005006848 0.004165556 0.227402404 -0.005016980 0.999984384 0.002425329 -0.378473788 -0.004153348 -0.002446176 0.999988377 13.132646561
0.999983847 0.003925715 0.004115669 0.237317696 -0.003935732 0.999989331 0.002428531 -0.393654883 -0.004106091 -0.002444690 0.999988556 13.537868500
0.999981821 0.004165597 0.004366827 0.246137947 -0.004177750 0.999987423 0.002777641 -0.403540611 -0.004355201 -0.002795834 0.999986589 13.954263687
0.999979138 0.004870537 0.004255803 0.256207854 -0.004883787 0.999983251 0.003108578 -0.413692802 -0.004240592 -0.003129297 0.999986112 14.370374680
0.999976516 0.004784558 0.004891563 0.264166594 -0.004798437 0.999984503 0.002829783 -0.427964926 -0.004877947 -0.002853188 0.999983966 14.785198212
0.999974787 0.005184280 0.004855340 0.273319095 -0.005199241 0.999981761 0.003073897 -0.439369112 -0.004839316 -0.003099064 0.999983430 15.217803001
0.999976814 0.004638749 0.004996412 0.289040148 -0.004654830 0.999984086 0.003211808 -0.455221653 -0.004981433 -0.003234991 0.999982297 15.660402298
0.999975204 0.004545622 0.005384631 0.301391900 -0.004566091 0.999982417 0.003795187 -0.469035536 -0.005367284 -0.003819678 0.999978304 16.104394913
0.999967933 0.005061296 0.006192270 0.307029724 -0.005083428 0.999980867 0.003563748 -0.482298136 -0.006174114 -0.003595112 0.999974430 16.523847580
0.999966025 0.005073662 0.006486697 0.318071723 -0.005095082 0.999981642 0.003289854 -0.493204564 -0.006469886 -0.003322793 0.999973595 16.970882416
0.999967515 0.004978045 0.006324246 0.333628654 -0.004995711 0.999983788 0.002780640 -0.494008839 -0.006310301 -0.002812144 0.999976099 17.441400528
0.999959886 0.005077407 0.007380351 0.327030778 -0.005105484 0.999979794 0.003790362 -0.524084091 -0.007360957 -0.003827890 0.999965608 17.892343521
0.999959171 0.004891541 0.007604501 0.342331171 -0.004918357 0.999981761 0.003511531 -0.535106778 -0.007587185 -0.003548789 0.999964952 18.360679626
0.999963999 0.004442047 0.007236206 0.363226652 -0.004463601 0.999985695 0.002965274 -0.538618565 -0.007222930 -0.002997468 0.999969423 18.836591721
0.999946833 0.005989100 0.008392153 0.361923367 -0.006020214 0.999975085 0.003687148 -0.558259964 -0.008369860 -0.003737473 0.999957979 19.318056107
0.999945223 0.006260943 0.008392816 0.376475096 -0.006289766 0.999974430 0.003412314 -0.566680551 -0.008371237 -0.003464916 0.999958992 19.803501129
0.999938130 0.006384369 0.009107832 0.379121900 -0.006416766 0.999973118 0.003532248 -0.576056778 -0.009085035 -0.003590472 0.999952316 20.302736282
0.999940276 0.006031444 0.009113231 0.389936298 -0.006067745 0.999973774 0.003960935 -0.603248179 -0.009089102 -0.004015994 0.999950647 20.806938171
0.999943674 0.006451103 0.008423561 0.403963506 -0.006482446 0.999972284 0.003698818 -0.611074448 -0.008399465 -0.003753214 0.999957740 21.315324783
0.999942780 0.006661272 0.008368471 0.420279920 -0.006694122 0.999970019 0.003903560 -0.624747515 -0.008342217 -0.003959356 0.999957442 21.816267014
0.999933720 0.007465743 0.008764087 0.414488971 -0.007504736 0.999962032 0.004424702 -0.644775987 -0.008730722 -0.004490181 0.999951839 22.314123154
0.999953568 0.006188878 0.007386850 0.448000908 -0.006217926 0.999972999 0.003915931 -0.649845362 -0.007362416 -0.003961680 0.999965012 22.855966568
0.999959409 0.005992008 0.006720611 0.460304558 -0.006019162 0.999973714 0.004027507 -0.666616321 -0.006696302 -0.004067797 0.999969304 23.376674652
0.999959469 0.005854995 0.006843279 0.461211979 -0.005881992 0.999974906 0.003931451 -0.682848394 -0.006820089 -0.003971544 0.999968827 23.886646271
0.999971330 0.004484847 0.006110794 0.479492575 -0.004507831 0.999982774 0.003752516 -0.697820961 -0.006093859 -0.003779954 0.999974251 24.424423218
0.999970853 0.005330087 0.005469196 0.489120275 -0.005350356 0.999978781 0.003698085 -0.709870219 -0.005449369 -0.003727238 0.999978185 24.960237503
0.999969065 0.005939181 0.005158007 0.495465577 -0.005956808 0.999976337 0.003408801 -0.716800630 -0.005137639 -0.003439421 0.999980867 25.510023117
0.999969661 0.006475768 0.004351240 0.509316087 -0.006492270 0.999971747 0.003789281 -0.736021519 -0.004326579 -0.003817415 0.999983370 26.058515549
0.999972224 0.006503028 0.003647882 0.527775824 -0.006518164 0.999970138 0.004152807 -0.752076983 -0.003620768 -0.004176469 0.999984741 26.613975525
0.999970675 0.006451338 0.004121728 0.530776381 -0.006469052 0.999969840 0.004298809 -0.765639842 -0.004093871 -0.004325347 0.999982178 27.181682587
0.999973953 0.006129490 0.003798639 0.549095452 -0.006144611 0.999973118 0.003982205 -0.777153432 -0.003774129 -0.004005443 0.999984741 27.736280441
0.999972224 0.006762051 0.003156300 0.567111075 -0.006775140 0.999968410 0.004154671 -0.794153690 -0.003128107 -0.004175938 0.999986410 28.282052994
0.999967515 0.007312396 0.003394800 0.559828818 -0.007325093 0.999966085 0.003743369 -0.802761257 -0.003367312 -0.003768114 0.999987245 28.841674805
0.999967754 0.007330427 0.003274688 0.573485017 -0.007342563 0.999966085 0.003709537 -0.814666450 -0.003247385 -0.003733462 0.999987721 29.395448685
0.999966323 0.007673044 0.002916977 0.583872616 -0.007683243 0.999964297 0.003501429 -0.825048089 -0.002890006 -0.003523723 0.999989629 29.938974380
0.999960959 0.008376339 0.002803154 0.595371962 -0.008386881 0.999957621 0.003770773 -0.839880466 -0.002771451 -0.003794135 0.999988914 30.493787766
0.999960601 0.008298443 0.003153710 0.593994617 -0.008310308 0.999958396 0.003768032 -0.853340089 -0.003122310 -0.003794092 0.999987900 31.019475937
0.999967635 0.007602945 0.002670016 0.609630704 -0.007612908 0.999963999 0.003741186 -0.868115962 -0.002641476 -0.003761391 0.999989390 31.567611694
0.999962986 0.008146998 0.002768273 0.611733913 -0.008156180 0.999961197 0.003322223 -0.874364495 -0.002741099 -0.003344678 0.999990642 32.136390686
0.999963105 0.008203334 0.002506046 0.627869487 -0.008211598 0.999960721 0.003305208 -0.889392614 -0.002478834 -0.003325666 0.999991417 32.690147400
0.999966383 0.007990809 0.001839065 0.636173069 -0.007996506 0.999963105 0.003111543 -0.900281966 -0.001814134 -0.003126144 0.999993443 33.226253510
0.999966085 0.008049068 0.001743071 0.648583114 -0.008055659 0.999960303 0.003807895 -0.925499201 -0.001712351 -0.003821806 0.999991238 33.753845215
0.999966800 0.007954203 0.001770072 0.660923362 -0.007961018 0.999960899 0.003878379 -0.937484503 -0.001739153 -0.003892343 0.999990940 34.305145264
0.999963582 0.008458332 0.001130512 0.678972542 -0.008462233 0.999958098 0.003491292 -0.948347867 -0.001100935 -0.003500731 0.999993265 34.836795807
0.999961317 0.008600517 0.001802817 0.674352944 -0.008607672 0.999954939 0.003998897 -0.973756731 -0.001768343 -0.004014261 0.999990404 35.371570587
0.999967039 0.007933199 0.001696528 0.690726221 -0.007939160 0.999962151 0.003537290 -0.962810040 -0.001668402 -0.003550642 0.999992311 35.960353851
0.999965191 0.008220525 0.001419777 0.705076218 -0.008226127 0.999958217 0.003985620 -0.977897406 -0.001386954 -0.003997161 0.999991059 36.509006500
0.999960899 0.008712231 0.001493943 0.711176097 -0.008718500 0.999952912 0.004242621 -0.995349824 -0.001456910 -0.004255480 0.999989927 37.087528229
0.999968886 0.007796860 0.001164735 0.725353360 -0.007800777 0.999963820 0.003397678 -1.002237916 -0.001138201 -0.003406658 0.999993503 37.613292694
0.999963164 0.008375297 0.001870122 0.722647786 -0.008382432 0.999957442 0.003840861 -1.031962872 -0.001837874 -0.003856395 0.999990821 38.128883362
0.999967039 0.007990554 0.001403295 0.737978041 -0.007996271 0.999959528 0.004116872 -1.048091888 -0.001370342 -0.004127958 0.999990523 38.676296234
0.999962628 0.008442869 0.001874540 0.744093537 -0.008448749 0.999959290 0.003150380 -1.049268961 -0.001847866 -0.003166100 0.999993265 39.237663269
0.999966621 0.008024567 0.001491869 0.750813961 -0.008029628 0.999961913 0.003418425 -1.066826940 -0.001464380 -0.003430291 0.999993026 39.789649963
0.999959767 0.008833973 0.001539983 0.758716285 -0.008839043 0.999955475 0.003317025 -1.080352664 -0.001510611 -0.003330504 0.999993324 40.343048096
0.999962509 0.008613400 0.000948066 0.779989004 -0.008616454 0.999957561 0.003264531 -1.095088601 -0.000919907 -0.003272577 0.999994159 40.883712769
0.999975204 0.006925853 0.001236880 0.792825103 -0.006930843 0.999967635 0.004075764 -1.119620562 -0.001208612 -0.004084236 0.999990880 41.423557281
0.999969363 0.007769663 0.000961961 0.805565476 -0.007773134 0.999963105 0.003658242 -1.122770667 -0.000933502 -0.003665607 0.999992788 41.971290588
0.999973834 0.007207189 0.000613040 0.815719426 -0.007209550 0.999966264 0.003939941 -1.141338706 -0.000584623 -0.003944257 0.999992073 42.528606415
0.999974430 0.006870377 0.001949009 0.796750009 -0.006876591 0.999971211 0.003199586 -1.144393563 -0.001926970 -0.003212907 0.999992907 43.031208038
0.999971271 0.007219882 0.002296400 0.806979954 -0.007228552 0.999966681 0.003789575 -1.159845948 -0.002268963 -0.003806066 0.999990165 43.584873199
0.999973297 0.007033758 0.001971825 0.813753963 -0.007039786 0.999970496 0.003066739 -1.174833298 -0.001950196 -0.003080539 0.999993324 44.109458923
0.999976158 0.006655061 0.001841257 0.824395597 -0.006661442 0.999971747 0.003481215 -1.192784429 -0.001818038 -0.003493398 0.999992192 44.656745911
0.999974549 0.006805834 0.002133369 0.832003534 -0.006812438 0.999971986 0.003103788 -1.196229935 -0.002112185 -0.003118242 0.999992907 45.186180115
0.999972224 0.007024227 0.002455658 0.840721548 -0.007031409 0.999971032 0.002928728 -1.205469966 -0.002435015 -0.002945914 0.999992728 45.745174408
0.999969184 0.007288307 0.002910780 0.849563658 -0.007296755 0.999969184 0.002902311 -1.221610904 -0.002889538 -0.002923461 0.999991536 46.295665741
0.999968529 0.007178352 0.003374846 0.834758878 -0.007186452 0.999971330 0.002394198 -1.229553938 -0.003357563 -0.002418376 0.999991357 46.801692963
0.999967396 0.007444072 0.003123082 0.852155209 -0.007452580 0.999968588 0.002721701 -1.237077475 -0.003102724 -0.002744887 0.999991357 47.358852386
0.999968767 0.007309369 0.003020664 0.865388989 -0.007315363 0.999971271 0.001977903 -1.250078321 -0.003006121 -0.001999939 0.999993503 47.929897308
0.999978900 0.005878912 0.002753807 0.874696195 -0.005885526 0.999979734 0.002400125 -1.265268326 -0.002739641 -0.002416282 0.999993265 48.401153564
0.999974132 0.006391489 0.003287244 0.879542649 -0.006400120 0.999976099 0.002621663 -1.277257919 -0.003270409 -0.002642635 0.999991119 48.934066772
0.999976754 0.006185908 0.002862558 0.895762265 -0.006192662 0.999978065 0.002356699 -1.288308144 -0.002847917 -0.002374370 0.999993145 49.482185364
0.999970794 0.006669796 0.003726438 0.890712142 -0.006678944 0.999974847 0.002448380 -1.302421451 -0.003710015 -0.002473197 0.999990046 49.997936249
0.999970973 0.006718254 0.003594130 0.901545942 -0.006727925 0.999973714 0.002685326 -1.316580057 -0.003575995 -0.002709429 0.999989927 50.528926849
0.999972939 0.006350291 0.003710451 0.917269886 -0.006359308 0.999976873 0.002423692 -1.330096960 -0.003694974 -0.002447221 0.999990225 51.067806244
0.999976277 0.005899271 0.003530914 0.925237119 -0.005908732 0.999978960 0.002675176 -1.347611427 -0.003515058 -0.002695976 0.999990165 51.578243256
0.999980569 0.005578451 0.002795403 0.941801190 -0.005585973 0.999980748 0.002690656 -1.360203505 -0.002780339 -0.002706219 0.999992490 52.115707397
0.999970973 0.006457138 0.004030201 0.938920796 -0.006467234 0.999975920 0.002496887 -1.368945241 -0.004013983 -0.002522879 0.999988675 52.638786316
0.999966621 0.006894652 0.004363936 0.944938540 -0.006905299 0.999973178 0.002429388 -1.380366921 -0.004347069 -0.002459441 0.999987543 53.162220001
0.999959767 0.007753789 0.004500280 0.945719957 -0.007764543 0.999966979 0.002376846 -1.391281366 -0.004481702 -0.002411694 0.999987066 53.698299408
0.999964654 0.006867023 0.004845950 0.966661453 -0.006878431 0.999973595 0.002341047 -1.410015821 -0.004829747 -0.002374297 0.999985456 54.220069885
0.999959528 0.007340850 0.005184489 0.975018442 -0.007352623 0.999970436 0.002255002 -1.421519160 -0.005167781 -0.002293030 0.999983966 54.744773865
0.999954462 0.007903311 0.005337343 0.987469435 -0.007914745 0.999966443 0.002124246 -1.435770750 -0.005320375 -0.002166393 0.999983490 55.292125702
0.999962986 0.007004627 0.004985596 0.997908592 -0.007016238 0.999972701 0.002315332 -1.449789047 -0.004969242 -0.002350226 0.999984920 55.767574310
0.999951839 0.007816839 0.005931320 1.004433632 -0.007832766 0.999965727 0.002666798 -1.461736441 -0.005910272 -0.002713128 0.999978840 56.314552307
0.999963403 0.006681156 0.005347046 1.022205472 -0.006693890 0.999974728 0.002367140 -1.481690645 -0.005331096 -0.002402846 0.999982893 56.833953857
0.999964774 0.006757271 0.004978800 1.038200378 -0.006769974 0.999973774 0.002539131 -1.495364666 -0.004961513 -0.002572748 0.999984384 57.364807129
0.999959230 0.007133839 0.005540388 1.059079885 -0.007142420 0.999973297 0.001530548 -1.507306695 -0.005529321 -0.001570057 0.999983490 57.923561096
0.999956846 0.007157834 0.005925068 1.043443799 -0.007169727 0.999972343 0.001988323 -1.514098644 -0.005910672 -0.002030719 0.999980450 58.401138306
0.999955714 0.007375259 0.005851661 1.059235930 -0.007384281 0.999971569 0.001521562 -1.521275759 -0.005840273 -0.001564704 0.999981701 58.950187683
0.999951303 0.007662326 0.006206484 1.065666437 -0.007667237 0.999970317 0.000767805 -1.535351276 -0.006200416 -0.000815354 0.999980450 59.474140167
0.999962449 0.006661729 0.005541782 1.081906915 -0.006670567 0.999976516 0.001577482 -1.553113222 -0.005531144 -0.001614389 0.999983311 59.966953278
0.999963641 0.006471051 0.005538923 1.095535755 -0.006481640 0.999977231 0.001896006 -1.563463449 -0.005526528 -0.001931839 0.999982834 60.524047852
0.999953926 0.007585076 0.005873436 1.104777932 -0.007594521 0.999969900 0.001587298 -1.579981923 -0.005861219 -0.001631831 0.999981463 61.024520874
0.999948263 0.008021004 0.006260042 1.120258808 -0.008031427 0.999966383 0.001641659 -1.589850783 -0.006246664 -0.001691851 0.999979019 61.562366486
0.999955773 0.007211512 0.006037643 1.127049446 -0.007219843 0.999972999 0.001358923 -1.603111267 -0.006027680 -0.001402454 0.999980867 62.081809998
0.999949336 0.007632932 0.006555029 1.139950275 -0.007639990 0.999970257 0.001052215 -1.617716074 -0.006546802 -0.001102242 0.999978006 62.625473022
0.999947906 0.007769131 0.006622341 1.144554377 -0.007779280 0.999968529 0.001507997 -1.631816864 -0.006610417 -0.001559435 0.999976933 63.129192352
0.999942362 0.008250443 0.006868528 1.158490896 -0.008260904 0.999964714 0.001495846 -1.651267409 -0.006855944 -0.001552500 0.999975324 63.683521271
0.999947965 0.007750214 0.006627370 1.173936605 -0.007760060 0.999968827 0.001461503 -1.666292667 -0.006615837 -0.001512856 0.999976933 64.151153564
0.999941409 0.008074136 0.007209656 1.185105801 -0.008084746 0.999966264 0.001443752 -1.679053664 -0.007197756 -0.001501955 0.999972999 64.704780579
0.999950171 0.007450548 0.006639578 1.201136708 -0.007458507 0.999971509 0.001175052 -1.692490816 -0.006630634 -0.001224514 0.999977291 65.232933044
0.999950647 0.007350323 0.006683149 1.219972134 -0.007356888 0.999972463 0.000958053 -1.701958895 -0.006675923 -0.001007173 0.999977231 65.728767395
0.999951780 0.007186333 0.006682741 1.232038856 -0.007193333 0.999973536 0.001024137 -1.716255188 -0.006675204 -0.001072159 0.999977171 66.258697510
0.999948502 0.007442320 0.006906101 1.249586582 -0.007445929 0.999972165 0.000497047 -1.728885174 -0.006902210 -0.000548443 0.999976099 66.810134888
0.999953628 0.006959161 0.006649341 1.261470079 -0.006965516 0.999975264 0.000933045 -1.743868470 -0.006642682 -0.000979317 0.999977469 67.313247681
0.999950051 0.007474192 0.006636961 1.275350094 -0.007478999 0.999971807 0.000699779 -1.761693001 -0.006631544 -0.000749381 0.999977648 67.837448120
0.999942005 0.007888258 0.007333881 1.280966520 -0.007892154 0.999968708 0.000502656 -1.774630189 -0.007329687 -0.000560507 0.999972939 68.375160217
0.999949694 0.007562677 0.006589931 1.300055742 -0.007569557 0.999970853 0.001019735 -1.790796280 -0.006582026 -0.001069566 0.999977767 68.890495300
0.999943137 0.007933024 0.007123664 1.306759596 -0.007936623 0.999968410 0.000477309 -1.800161719 -0.007119652 -0.000533820 0.999974489 69.405006409
0.999947488 0.007572048 0.006895081 1.320238352 -0.007572428 0.999971390 0.000029011 -1.810252547 -0.006894663 -0.000081222 0.999976218 69.967056274
0.999938250 0.008300121 0.007396275 1.332572222 -0.008304482 0.999965370 0.000559286 -1.831750989 -0.007391376 -0.000620674 0.999972463 70.532157898
0.999954283 0.006738650 0.006772521 1.359647751 -0.006741834 0.999977171 0.000447268 -1.838645577 -0.006769353 -0.000492907 0.999976993 71.000900269
0.999952853 0.006822397 0.006908590 1.376543045 -0.006826553 0.999976516 0.000577908 -1.853822470 -0.006904485 -0.000625043 0.999976039 71.554374695
0.999947548 0.007580539 0.006890372 1.383314490 -0.007580926 0.999971271 0.000029970 -1.867235661 -0.006889947 -0.000082204 0.999976277 72.075759888
0.999950588 0.007236593 0.006818937 1.398246408 -0.007242250 0.999973476 0.000805497 -1.888906598 -0.006812926 -0.000854841 0.999976516 72.611129761
0.999941826 0.007935520 0.007305691 1.407055140 -0.007940305 0.999968290 0.000626492 -1.900817990 -0.007300488 -0.000684465 0.999973059 73.135505676
0.999941766 0.007754257 0.007497909 1.422252178 -0.007758630 0.999969721 0.000554459 -1.916811228 -0.007493382 -0.000612600 0.999971747 73.687927246
0.999938846 0.008061126 0.007559435 1.436454296 -0.008067156 0.999967158 0.000767599 -1.933738828 -0.007552998 -0.000828535 0.999971151 74.196105957
0.999932706 0.008896375 0.007438295 1.453307152 -0.008898911 0.999960363 0.000307793 -1.941606164 -0.007435262 -0.000373965 0.999972284 74.758193970
0.999934733 0.008227573 0.007917882 1.471563339 -0.008230748 0.999966085 0.000368639 -1.963744760 -0.007914579 -0.000433786 0.999968588 75.251808167
0.999919951 0.009398097 0.008468441 1.478564620 -0.009397286 0.999955833 -0.000135651 -1.973235369 -0.008469341 0.000056060 0.999964178 75.800971985
0.999927342 0.008591172 0.008451987 1.496464252 -0.008587922 0.999963045 -0.000420790 -1.985790014 -0.008455290 0.000348175 0.999964237 76.355957031
0.999925852 0.009020524 0.008181597 1.508366823 -0.009020603 0.999959290 -0.000027241 -2.003202677 -0.008181510 -0.000046564 0.999966443 76.863311768
0.999930382 0.008751853 0.007912630 1.523764849 -0.008752725 0.999961674 0.000075471 -2.015235186 -0.007911666 -0.000144723 0.999968708 77.399261475
0.999937892 0.008013527 0.007741904 1.549488902 -0.008012572 0.999967873 -0.000154340 -2.028092861 -0.007742892 0.000092297 0.999970019 77.919769287
0.999927342 0.008660800 0.008381944 1.561849475 -0.008656817 0.999962389 -0.000511234 -2.039905071 -0.008386057 0.000438636 0.999964774 78.467163086
0.999932647 0.008603605 0.007783261 1.573863983 -0.008600689 0.999962926 -0.000408054 -2.057339430 -0.007786483 0.000341085 0.999969661 79.036056519
0.999927759 0.008589617 0.008405587 1.587981224 -0.008588598 0.999963105 -0.000157302 -2.075695276 -0.008406628 0.000085098 0.999964654 79.513557434
0.999915063 0.009028763 0.009400347 1.601747990 -0.009028137 0.999959290 -0.000109141 -2.092761993 -0.009400950 0.000024264 0.999955773 80.064193726
0.999909878 0.008472340 0.010411762 1.627704501 -0.008475092 0.999963999 0.000220331 -2.110471010 -0.010409520 -0.000308551 0.999945819 80.611633301
0.999892831 0.008522198 0.011901773 1.629796743 -0.008514808 0.999963522 -0.000671234 -2.114336491 -0.011907060 0.000569821 0.999928892 81.159530640
0.999863684 0.009467243 0.013527743 1.641267300 -0.009460336 0.999955118 -0.000574443 -2.131768227 -0.013532572 0.000446387 0.999908268 81.704795837
0.999820411 0.009144838 0.016596939 1.652982831 -0.009128184 0.999957681 -0.001078825 -2.139103651 -0.016606105 0.000927131 0.999861598 82.252220154
0.999754190 0.009426131 0.020068362 1.678143144 -0.009405465 0.999955118 -0.001123872 -2.153170109 -0.020078056 0.000934843 0.999797881 82.787971497
0.999695837 0.008386711 0.023193367 1.708981752 -0.008379535 0.999964833 -0.000406540 -2.172630787 -0.023195960 0.000212067 0.999730945 83.319572449
0.999592602 0.008460386 0.027259842 1.738571167 -0.008455094 0.999964178 -0.000309359 -2.192017317 -0.027261481 0.000078748 0.999628425 83.859405518
0.999408722 0.008088781 0.033416614 1.774479866 -0.008061150 0.999967039 -0.000961559 -2.197600365 -0.033423286 0.000691615 0.999441028 84.430526733
0.999178827 0.008125573 0.039694861 1.813214302 -0.008084490 0.999966621 -0.001195436 -2.214943647 -0.039703257 0.000873541 0.999211133 84.967018127
0.998908341 0.007993271 0.046023406 1.849523783 -0.007958535 0.999967873 -0.000937936 -2.231781960 -0.046029426 0.000570633 0.998939931 85.512763977
0.998503864 0.008188397 0.054064069 1.903859854 -0.008164377 0.999966443 -0.000665125 -2.250678539 -0.054067705 0.000222730 0.998537183 86.049621582
0.998029828 0.008403499 0.062178098 1.956216574 -0.008314170 0.999963999 -0.001695268 -2.252615690 -0.062190104 0.001174968 0.998063624 86.610229492
0.997560501 0.008368101 0.069304749 2.009175777 -0.008270109 0.999964297 -0.001700753 -2.265949965 -0.069316521 0.001123446 0.997594059 87.161003113
0.996883750 0.007760776 0.078503758 2.072327614 -0.007674598 0.999969542 -0.001399428 -2.287304640 -0.078512244 0.000792583 0.996912837 87.700950623
0.996105373 0.007100850 0.087883860 2.147817612 -0.006959607 0.999973953 -0.001913465 -2.300411463 -0.087895170 0.001294375 0.996128857 88.229164124
0.995262146 0.007013951 0.096974514 2.221057892 -0.006865268 0.999974608 -0.001866783 -2.313857317 -0.096985154 0.001192183 0.995285094 88.794479370
0.994550943 0.006093679 0.104074262 2.297748566 -0.005870110 0.999979734 -0.002454333 -2.330630064 -0.104087107 0.001830032 0.994566560 89.339263916
0.993427098 0.005703402 0.114323989 2.381573200 -0.005444079 0.999981821 -0.002580399 -2.348746538 -0.114336625 0.001941049 0.993440151 89.860450745
0.992166340 0.006535050 0.124752089 2.444546700 -0.006334137 0.999977946 -0.002007084 -2.377272367 -0.124762453 0.001201164 0.992185891 90.393096924
0.990934134 0.005966366 0.134215325 2.539826393 -0.005663809 0.999980569 -0.002635979 -2.387300730 -0.134228423 0.001851911 0.990948677 90.955184937
0.989326119 0.005722292 0.145605847 2.640789032 -0.005399282 0.999981999 -0.002613487 -2.404393435 -0.145618156 0.001799424 0.989339232 91.481079102
0.987484932 0.006525907 0.157578886 2.743491173 -0.006276366 0.999978125 -0.002081172 -2.423863411 -0.157589018 0.001066103 0.987504184 91.978683472
0.985679746 0.005766223 0.168529421 2.855589867 -0.005563824 0.999983132 -0.001673150 -2.441392183 -0.168536261 0.000711522 0.985695243 92.514579773
0.983788371 0.005511983 0.179248735 2.978322029 -0.005219718 0.999984145 -0.002102093 -2.454229593 -0.179257482 0.001132386 0.983801544 93.086708069
0.981265306 0.005497066 0.192583129 3.101955414 -0.005263401 0.999984562 -0.001724918 -2.475319624 -0.192589656 0.000678960 0.981279135 93.627395630
0.978855491 0.005344443 0.204482734 3.240308762 -0.005018830 0.999985099 -0.002110956 -2.485786438 -0.204490960 0.001040057 0.978867948 94.168518066
0.976746738 0.004748529 0.214343712 3.374597549 -0.004344881 0.999987781 -0.002354280 -2.502839804 -0.214352250 0.001368237 0.976755440 94.686470032
0.973911285 0.003692666 0.226898938 3.533546448 -0.003175641 0.999991477 -0.002643652 -2.520018816 -0.226906762 0.001854133 0.973914683 95.216392517
0.970612943 0.004183966 0.240609467 3.677110672 -0.003741498 0.999990344 -0.002295745 -2.538933992 -0.240616783 0.001328040 0.970619261 95.741355896
0.967683792 0.003882954 0.252136886 3.823116302 -0.003340632 0.999991119 -0.002578933 -2.553543806 -0.252144635 0.001653294 0.967688262 96.314720154
0.964761078 0.003814047 0.263099700 3.993667603 -0.003184674 0.999990940 -0.002818563 -2.572907925 -0.263108104 0.001881352 0.964764535 96.855117798
0.961018085 0.003292836 0.276465893 4.170259476 -0.002767550 0.999993622 -0.002290156 -2.583535910 -0.276471704 0.001435748 0.961021006 97.361877441
0.957311213 0.002948208 0.289044559 4.353065491 -0.002445978 0.999994814 -0.002098743 -2.615150213 -0.289049238 0.001302153 0.957313359 97.903717041
0.953700602 0.002808441 0.300744474 4.538209915 -0.002432437 0.999995768 -0.001624675 -2.631821394 -0.300747782 0.000817911 0.953703344 98.431167603
0.949403763 0.002931896 0.314044237 4.742805481 -0.002685874 0.999995649 -0.001216085 -2.656798363 -0.314046472 0.000311072 0.949407578 98.939491272
0.944438040 0.002693244 0.328678459 4.957843781 -0.002277027 0.999996066 -0.001651227 -2.671705961 -0.328681707 0.000811072 0.944440365 99.554595947
0.940265596 0.002566264 0.340432018 5.167387009 -0.001784701 0.999995053 -0.002608917 -2.679048061 -0.340436995 0.001845506 0.940265536 100.073394775
0.935804069 0.001746383 0.352516174 5.386983871 -0.001098438 0.999997318 -0.002038079 -2.704234362 -0.352518827 0.001520025 0.935803473 100.562187195
0.930194020 0.001478323 0.367065430 5.603652954 -0.000639393 0.999996960 -0.002407089 -2.715437412 -0.367067903 0.002004361 0.930192053 101.060852051
0.925384700 0.001152233 0.379027516 5.870441437 -0.000402357 0.999997795 -0.002057623 -2.739641666 -0.379028976 0.001751589 0.925383151 101.633262634
0.920522511 0.000491884 0.390688926 6.104001999 0.000450524 0.999997258 -0.002320517 -2.753146887 -0.390688956 0.002312104 0.920519829 102.136230469
0.914490342 -0.001218249 0.404605567 6.376369476 0.002107788 0.999996185 -0.001753083 -2.770470858 -0.404601902 0.002456000 0.914489627 102.694648743
0.908736944 -0.001966805 0.417364478 6.631717682 0.002988581 0.999993920 -0.001794693 -2.785067320 -0.417358398 0.002878231 0.908737421 103.181556702
0.903481662 -0.002084175 0.428621620 6.878139496 0.003086961 0.999993861 -0.001644458 -2.800539970 -0.428615570 0.002808876 0.903482676 103.677276611
0.897642255 -0.002146294 0.440719426 7.140289307 0.003251629 0.999993145 -0.001752863 -2.814874411 -0.440712631 0.003006500 0.897643209 104.147918701
0.891032875 -0.002676520 0.453930765 7.413345337 0.003994077 0.999990165 -0.001943824 -2.829460859 -0.453921109 0.003545046 0.891034782 104.632705688
0.885151148 -0.002800333 0.465295106 7.694267273 0.004354811 0.999987900 -0.002266018 -2.846687317 -0.465283185 0.004032041 0.885152757 105.108970642
0.878816843 -0.003444649 0.477146804 7.968971252 0.004637695 0.999988317 -0.001322604 -2.865925312 -0.477136642 0.003375188 0.878822625 105.561889648
0.871205270 -0.003638819 0.490905344 8.263854980 0.004998152 0.999986470 -0.001457810 -2.880695105 -0.490893394 0.003723671 0.871211767 106.038177490
0.864048719 -0.003703113 0.503394544 8.555694580 0.005120384 0.999985814 -0.001432674 -2.895131111 -0.503382087 0.003815473 0.864055574 106.497169495
