1.000000000 0.000000000 0.000000000 0.000000000 0.000000000 1.000000000 0.000000000 0.000000000 0.000000000 0.000000000 1.000000000 0.000000000
1.000000000 0.000129363 0.000014887 -0.000035929 -0.000129363 1.000000000 -0.000034680 0.000448677 -0.000014892 0.000034678 1.000000000 0.000171367
1.000000000 0.000098328 0.000087828 -0.000620243 -0.000098334 1.000000000 0.000069580 -0.000392695 -0.000087821 -0.000069588 1.000000000 -0.000024698
1.000000000 -0.000080893 0.000095801 -0.000263659 0.000080897 1.000000000 -0.000042274 0.000544716 -0.000095797 0.000042282 1.000000000 0.000358742
1.000000000 -0.000128900 0.000052825 -0.000239262 0.000128903 1.000000000 -0.000049957 0.000212406 -0.000052819 0.000049964 1.000000000 -0.000568446
1.000000000 0.000043197 0.000157106 -0.001140894 -0.000043197 1.000000000 0.000000363 0.000514316 -0.000157106 -0.000000370 1.000000000 0.000032204
1.000000000 -0.000072689 0.000091846 -0.000621482 0.000072690 1.000000000 -0.000009947 0.000145703 -0.000091845 0.000009953 1.000000000 -0.000227485
1.000000000 0.000024789 0.000096021 -0.000689329 -0.000024796 1.000000000 0.000069038 -0.000620612 -0.000096019 -0.000069040 1.000000000 -0.000572739
1.000000000 0.000014606 0.000035441 -0.000756542 -0.000014603 1.000000000 -0.000077736 0.000257087 -0.000035442 0.000077735 1.000000000 0.000198553
1.000000000 -0.000000304 0.000087638 -0.000224467 0.000000300 1.000000000 0.000044783 -0.001174518 -0.000087638 -0.000044783 1.000000000 -0.000125078
1.000000000 0.000086650 0.000101719 -0.000999348 -0.000086658 1.000000000 0.000077642 -0.000899783 -0.000101712 -0.000077650 1.000000000 -0.000090806
1.000000000 0.000047798 0.000102016 -0.000542247 -0.000047797 1.000000000 -0.000014461 -0.000105287 -0.000102017 0.000014456 1.000000000 -0.000447241
1.000000000 0.000088374 0.000052649 -0.000837505 -0.000088371 1.000000000 -0.000056899 -0.000631783 -0.000052654 0.000056894 1.000000000 -0.001202703
1.000000000 0.000057580 0.000079431 -0.001101278 -0.000057577 1.000000000 -0.000033445 0.000855789 -0.000079433 0.000033440 1.000000000 0.000397501
1.000000000 -0.000005990 0.000074003 -0.001657983 0.000005996 1.000000000 -0.000088894 0.000846812 -0.000074002 0.000088894 1.000000000 -0.000186244
1.000000000 0.000075558 0.000031737 -0.000083137 -0.000075556 1.000000000 -0.000083794 0.001848797 -0.000031743 0.000083792 1.000000000 0.001880664
1.000000000 0.000090993 0.000117266 -0.001003059 -0.000090979 1.000000000 -0.000115343 0.001614753 -0.000117276 0.000115332 1.000000000 0.002154649
1.000000000 0.000116130 0.000104823 -0.001505135 -0.000116117 1.000000000 -0.000125773 0.001246377 -0.000104837 0.000125761 1.000000000 0.001174607
0.999999940 0.000206602 0.000167153 -0.002054810 -0.000206585 1.000000000 -0.000101533 0.001904493 -0.000167174 0.000101498 1.000000000 0.002219576
1.000000000 0.000158373 0.000153835 -0.001472678 -0.000158353 1.000000000 -0.000133129 0.001972552 -0.000153856 0.000133105 1.000000000 0.002133478
1.000000000 0.000101145 0.000170071 -0.002082176 -0.000101130 1.000000000 -0.000092938 0.001585443 -0.000170081 0.000092921 1.000000000 0.002327713
1.000000000 0.000206341 0.000128762 -0.001915561 -0.000206332 1.000000000 -0.000069125 0.001806436 -0.000128776 0.000069098 1.000000000 0.001677721
1.000000000 0.000109821 0.000068389 -0.000553158 -0.000109811 1.000000000 -0.000147159 0.002360245 -0.000068405 0.000147151 1.000000000 0.002796810
1.000000000 0.000096917 0.000107013 -0.001538095 -0.000096903 1.000000000 -0.000126520 0.002823220 -0.000107025 0.000126510 1.000000000 0.003430853
0.999999940 0.000267248 0.000070990 -0.001529583 -0.000267242 0.999999940 -0.000088454 0.002475580 -0.000071013 0.000088435 1.000000000 0.003495524
0.999999940 0.000297042 0.000126792 -0.001744023 -0.000297037 0.999999940 -0.000034186 0.001342245 -0.000126802 0.000034148 1.000000000 0.001583759
1.000000000 0.000113074 0.000184504 -0.001910985 -0.000113062 1.000000000 -0.000065510 0.002854354 -0.000184511 0.000065489 1.000000000 0.002923765
1.000000000 0.000149356 0.000164744 -0.001575389 -0.000149353 1.000000000 -0.000016006 0.001281843 -0.000164746 0.000015981 1.000000000 0.002222196
1.000000000 0.000139968 0.000097520 -0.001583290 -0.000139962 1.000000000 -0.000068197 0.002646958 -0.000097529 0.000068184 1.000000000 0.002666048
1.000000000 0.000135101 0.000150424 -0.002043724 -0.000135085 1.000000000 -0.000106868 0.002506814 -0.000150438 0.000106848 1.000000000 0.002759021
1.000000000 0.000121181 0.000197180 -0.001247664 -0.000121173 1.000000000 -0.000041817 0.001461079 -0.000197185 0.000041793 1.000000000 0.002526242
1.000000000 0.000042630 0.000196828 -0.001078521 -0.000042604 1.000000000 -0.000134800 0.003484644 -0.000196834 0.000134791 1.000000000 0.003921412
1.000000000 0.000147789 0.000072207 -0.000266308 -0.000147773 0.999999940 -0.000224871 0.003888288 -0.000072240 0.000224860 1.000000000 0.003746861
1.000000000 0.000089189 0.000137365 -0.001047505 -0.000089177 1.000000000 -0.000084378 0.002002258 -0.000137373 0.000084365 1.000000000 0.002424401
0.999999940 0.000243053 0.000204626 -0.002742921 -0.000243027 0.999999940 -0.000126395 0.002153516 -0.000204657 0.000126345 1.000000000 0.001970597
0.999999940 0.000247563 0.000197562 -0.001320297 -0.000247542 0.999999940 -0.000107143 0.001768531 -0.000197588 0.000107095 1.000000000 0.001724277
1.000000000 0.000086187 0.000148286 -0.001424531 -0.000086176 1.000000000 -0.000079170 0.002239384 -0.000148292 0.000079157 1.000000000 0.001948948
1.000000000 0.000190936 0.000135672 -0.001761198 -0.000190924 1.000000000 -0.000089701 0.002923280 -0.000135689 0.000089675 1.000000000 0.003230306
0.999999940 0.000180737 0.000194274 -0.001568603 -0.000180715 1.000000000 -0.000114884 0.002809916 -0.000194295 0.000114849 1.000000000 0.001988066
1.000000000 0.000136591 0.000087135 -0.000295262 -0.000136581 1.000000000 -0.000120034 0.003709935 -0.000087152 0.000120022 1.000000000 0.003164241
1.000000000 0.000016515 0.000085405 -0.000011563 -0.000016501 1.000000000 -0.000158798 0.002009948 -0.000085408 0.000158796 1.000000000 0.003720771
0.999999940 0.000313541 0.000172092 0.000840407 -0.000313421 0.999999702 -0.000696498 -0.001169809 -0.000172310 0.000696444 0.999999762 0.051784720
1.000000000 0.000184528 0.000058875 0.002629816 -0.000184457 0.999999285 -0.001203616 -0.003347717 -0.000059098 0.001203605 0.999999285 0.140978232
0.999999881 0.000370349 0.000392907 -0.001069899 -0.000369954 0.999999404 -0.001004791 -0.011517630 -0.000393279 0.001004645 0.999999404 0.259057224
0.999999702 0.000690394 0.000433104 0.001734563 -0.000690000 0.999999344 -0.000908228 -0.014681355 -0.000433731 0.000907929 0.999999464 0.390261650
0.999999821 0.000524734 0.000370247 0.004775773 -0.000524485 0.999999642 -0.000672356 -0.018461967 -0.000370600 0.000672162 0.999999702 0.535353661
1.000000000 0.000036341 0.000267585 0.009859848 -0.000036194 0.999999762 -0.000548523 -0.024408376 -0.000267605 0.000548513 0.999999821 0.686589777
1.000000119 -0.000015180 0.000205851 0.015937105 0.000015231 1.000000000 -0.000247709 -0.027654085 -0.000205847 0.000247712 0.999999940 0.851346016
1.000000000 0.000307618 0.000242210 0.017394705 -0.000307576 0.999999940 -0.000176088 -0.031193327 -0.000242264 0.000176013 0.999999940 1.018454313
0.999999881 0.000218364 0.000383168 0.020934707 -0.000218273 0.999999940 -0.000237178 -0.037065454 -0.000383220 0.000237095 0.999999881 1.208191991
0.999999881 0.000314208 0.000449895 0.025644666 -0.000314358 0.999999881 0.000333006 -0.045952287 -0.000449790 -0.000333148 0.999999881 1.388142943
0.999999642 0.000421555 0.000684924 0.020874767 -0.000421771 0.999999881 0.000314286 -0.051318377 -0.000684792 -0.000314575 0.999999642 1.587734342
0.999999642 0.000121377 0.000831579 0.029414961 -0.000121708 0.999999940 0.000397334 -0.054977830 -0.000831530 -0.000397435 0.999999523 1.791203141
0.999999523 0.000362754 0.000935310 0.027342562 -0.000363650 0.999999523 0.000958650 -0.066304766 -0.000934962 -0.000958990 0.999999106 1.989038229
0.999999702 -0.000027605 0.000736800 0.032155767 0.000027096 0.999999762 0.000690563 -0.070737362 -0.000736819 -0.000690543 0.999999464 2.204436064
0.999999702 -0.000114827 0.000785371 0.037866071 0.000114296 0.999999702 0.000675229 -0.074564293 -0.000785448 -0.000675139 0.999999404 2.424002409
0.999999523 0.000498664 0.000832215 0.042589515 -0.000498981 0.999999702 0.000381227 -0.079350144 -0.000832025 -0.000381642 0.999999583 2.656936169
0.999999523 0.000280716 0.001021382 0.045792744 -0.000281276 0.999999821 0.000547977 -0.086667784 -0.001021228 -0.000548264 0.999999344 2.876253128
0.999999523 0.000026962 0.001005769 0.050794728 -0.000027551 0.999999821 0.000584740 -0.090773724 -0.001005753 -0.000584768 0.999999344 3.119159937
0.999999404 0.000363452 0.000958913 0.055569842 -0.000364236 0.999999583 0.000816909 -0.099256843 -0.000958616 -0.000817258 0.999999225 3.356725693
0.999998987 0.000559836 0.001292257 0.056670919 -0.000561137 0.999999285 0.001006627 -0.108275786 -0.001291693 -0.001007351 0.999998689 3.603175402
0.999999285 0.000206725 0.001112491 0.062914878 -0.000207704 0.999999523 0.000880297 -0.113062367 -0.001112309 -0.000880528 0.999998987 3.864266634
0.999999106 0.000067246 0.001288297 0.067110144 -0.000068624 0.999999404 0.001069175 -0.118011840 -0.001288224 -0.001069262 0.999998629 4.123744011
0.999998927 0.000376347 0.001386067 0.073410779 -0.000377640 0.999999464 0.000933165 -0.124587253 -0.001385715 -0.000933688 0.999998569 4.382579327
0.999998569 0.000678000 0.001554136 0.077509470 -0.000679765 0.999999106 0.001135715 -0.133660123 -0.001553365 -0.001136770 0.999998152 4.635840893
0.999998748 0.000726461 0.001404585 0.085768290 -0.000727742 0.999999285 0.000912176 -0.136848211 -0.001403922 -0.000913197 0.999998629 4.897926331
0.999997854 0.001268167 0.001613323 0.091786526 -0.001270527 0.999998093 0.001462786 -0.144023925 -0.001611465 -0.001464833 0.999997675 5.154882431
0.999996424 0.001819119 0.001922543 0.090992384 -0.001820793 0.999997914 0.000868999 -0.152542025 -0.001920958 -0.000872497 0.999997735 5.421553135
0.999996960 0.001449135 0.001990023 0.097644970 -0.001451526 0.999998212 0.001201022 -0.161284640 -0.001988279 -0.001203907 0.999997318 5.690369129
0.999996841 0.001812093 0.001730040 0.100547791 -0.001813957 0.999997735 0.001076753 -0.168845549 -0.001728085 -0.001079888 0.999997914 5.964020252
0.999997616 0.000872769 0.001970164 0.100988880 -0.000874764 0.999999106 0.001011968 -0.179435670 -0.001969279 -0.001013689 0.999997556 6.254212856
0.999997318 0.000875753 0.002127150 0.108366713 -0.000878288 0.999998927 0.001191271 -0.188718170 -0.002126103 -0.001193136 0.999997079 6.536740303
0.999997437 0.001117698 0.001961757 0.114319600 -0.001120557 0.999998331 0.001456990 -0.197801650 -0.001960126 -0.001459184 0.999996960 6.826463699
0.999997020 0.001329716 0.002009085 0.121942103 -0.001332283 0.999998271 0.001276841 -0.201967344 -0.002007384 -0.001279514 0.999997199 7.132680893
0.999998212 0.000802916 0.001685470 0.130088240 -0.000805239 0.999998748 0.001378103 -0.209114254 -0.001684361 -0.001379458 0.999997616 7.438118935
0.999996781 0.001399564 0.002108832 0.129122660 -0.001402257 0.999998212 0.001275905 -0.227004290 -0.002107043 -0.001278858 0.999996901 7.734556198
0.999996245 0.001509042 0.002273774 0.139004320 -0.001511670 0.999998212 0.001154251 -0.230191827 -0.002272028 -0.001157684 0.999996722 8.060053825
0.999996603 0.001056353 0.002375600 0.141667217 -0.001059405 0.999998629 0.001283831 -0.241839439 -0.002374241 -0.001286344 0.999996305 8.373444557
0.999996364 0.000989940 0.002510457 0.147789329 -0.000992611 0.999998987 0.001063162 -0.250791281 -0.002509402 -0.001065650 0.999996305 8.693921089
0.999995470 0.001643656 0.002512962 0.156742319 -0.001646998 0.999997735 0.001328273 -0.258945972 -0.002510773 -0.001332406 0.999995887 9.043421745
0.999995708 0.001868141 0.002246869 0.164670974 -0.001871558 0.999997079 0.001519596 -0.271725029 -0.002244024 -0.001523794 0.999996245 9.389241219
0.999994993 0.002115470 0.002326507 0.172883630 -0.002119245 0.999996364 0.001621626 -0.286289304 -0.002323068 -0.001626548 0.999996006 9.717740059
0.999995053 0.001900752 0.002495703 0.180450708 -0.001904598 0.999996960 0.001539489 -0.293839067 -0.002492769 -0.001544235 0.999995768 10.066161156
0.999996006 0.001728852 0.002222677 0.189919814 -0.001731980 0.999997616 0.001406158 -0.300940961 -0.002220241 -0.001410002 0.999996543 10.434195518
0.999995768 0.001690965 0.002353211 0.199194804 -0.001694171 0.999997735 0.001360885 -0.310715169 -0.002350904 -0.001364866 0.999996305 10.797419548
0.999996722 0.001356531 0.002159862 0.207532704 -0.001358773 0.999998569 0.001036600 -0.316833168 -0.002158453 -0.001039532 0.999997139 11.163070679
0.999996483 0.001266694 0.002319562 0.213607132 -0.001270392 0.999997854 0.001593525 -0.330361426 -0.002317539 -0.001596466 0.999996066 11.537796021
0.999995947 0.001884522 0.002104268 0.222656265 -0.001887170 0.999997437 0.001257031 -0.334314555 -0.002101894 -0.001260997 0.999996960 11.918314934
0.999995053 0.001569283 0.002734178 0.229414523 -0.001574410 0.999997020 0.001873945 -0.355966508 -0.002731229 -0.001878240 0.999994516 12.297909737
0.999995470 0.001404172 0.002673008 0.242169842 -0.001409252 0.999997199 0.001899720 -0.365886420 -0.002670333 -0.001903478 0.999994636 12.686638832
0.999992728 0.002186996 0.003129492 0.241062567 -0.002193930 0.999995172 0.002213708 -0.378933370 -0.003124636 -0.002220558 0.999992609 13.082504272
0.999993086 0.002201243 0.002994550 0.258757412 -0.002207476 0.999995410 0.002079496 -0.389918566 -0.002989959 -0.002086092 0.999993324 13.496820450
0.999991536 0.002412054 0.003329754 0.259774834 -0.002419279 0.999994695 0.002167482 -0.401088536 -0.003324509 -0.002175519 0.999992132 13.896075249
0.999990702 0.002844180 0.003249245 0.268303394 -0.002852279 0.999992788 0.002490723 -0.412061095 -0.003242138 -0.002499968 0.999991655 14.315028191
0.999989629 0.002588555 0.003748653 0.275977820 -0.002595873 0.999994755 0.001948516 -0.422434032 -0.003743590 -0.001958227 0.999991000 14.733187675
0.999991059 0.002441897 0.003445424 0.286914051 -0.002448097 0.999995351 0.001796550 -0.429877609 -0.003441021 -0.001804969 0.999992371 15.170989037
0.999987066 0.002493494 0.004437945 0.292618036 -0.002504021 0.999994040 0.002367985 -0.451585650 -0.004432014 -0.002379067 0.999987364 15.592237473
0.999986112 0.002061669 0.004859323 0.300320327 -0.002072737 0.999995291 0.002273705 -0.460973293 -0.004854613 -0.002283746 0.999985576 16.038291931
0.999982774 0.002530728 0.005281670 0.316390008 -0.002543141 0.999994159 0.002344817 -0.474069238 -0.005275704 -0.002358209 0.999983311 16.469245911
0.999979496 0.003053223 0.005620184 0.324579656 -0.003067581 0.999992073 0.002547854 -0.491678119 -0.005612359 -0.002565043 0.999980927 16.912300110
0.999978721 0.002944643 0.005815856 0.335748076 -0.002959502 0.999992490 0.002548075 -0.505757153 -0.005808307 -0.002565233 0.999979854 17.357147217
0.999979854 0.002624356 0.005790530 0.349185765 -0.002641718 0.999992073 0.002992715 -0.519373298 -0.005782630 -0.003007952 0.999978781 17.820013046
0.999976516 0.002671497 0.006310494 0.359141588 -0.002688939 0.999992609 0.002756985 -0.527543843 -0.006303082 -0.002773889 0.999976277 18.290697098
0.999974847 0.002414340 0.006687405 0.373335153 -0.002433824 0.999992788 0.002906812 -0.541608036 -0.006680340 -0.002923015 0.999973416 18.767862320
0.999975264 0.002158320 0.006687385 0.386994720 -0.002175022 0.999994576 0.002491237 -0.549192846 -0.006681972 -0.002505721 0.999974489 19.242124557
0.999968946 0.003571644 0.007045194 0.397748351 -0.003592467 0.999989331 0.002945137 -0.572072148 -0.007034599 -0.002970355 0.999970853 19.706842422
0.999968171 0.003870993 0.006975337 0.406601757 -0.003894178 0.999986947 0.003313195 -0.584089637 -0.006962419 -0.003340252 0.999970198 20.196249008
0.999971509 0.003250997 0.006817331 0.426581740 -0.003274595 0.999988675 0.003453181 -0.600034714 -0.006806028 -0.003475407 0.999970794 20.681989670
0.999973059 0.003419796 0.006493012 0.437706918 -0.003444252 0.999987125 0.003758974 -0.611953855 -0.006480073 -0.003781237 0.999971867 21.169921875
0.999973059 0.003721046 0.006327321 0.449875921 -0.003742466 0.999987304 0.003376957 -0.619013011 -0.006314674 -0.003400546 0.999974310 21.679380417
0.999970734 0.004504692 0.006185130 0.454766273 -0.004526751 0.999983490 0.003557035 -0.632189035 -0.006169004 -0.003584929 0.999974608 22.184276581
0.999976456 0.003773878 0.005732028 0.468836308 -0.003791825 0.999987960 0.003123238 -0.643511593 -0.005720172 -0.003144900 0.999978721 22.695596695
0.999977350 0.004352295 0.005128289 0.478709638 -0.004368844 0.999985218 0.003220151 -0.660276353 -0.005114199 -0.003242483 0.999981701 23.216730118
0.999984801 0.003015399 0.004604013 0.488697827 -0.003031694 0.999989152 0.003536363 -0.679988384 -0.004593299 -0.003550268 0.999983132 23.717550278
0.999991834 0.001412117 0.003769393 0.501828849 -0.001426154 0.999992073 0.003723791 -0.696161866 -0.003764105 -0.003729136 0.999985933 24.251672745
0.999991179 0.002332435 0.003487255 0.511012495 -0.002344768 0.999991000 0.003536592 -0.707418263 -0.003478975 -0.003544737 0.999987662 24.768306732
0.999993145 0.002833065 0.002371547 0.534567773 -0.002842312 0.999988258 0.003904893 -0.716615140 -0.002360457 -0.003911607 0.999989569 25.307495117
0.999994993 0.002457545 0.002064448 0.537105083 -0.002465955 0.999988616 0.004081178 -0.743222773 -0.002054395 -0.004086248 0.999989569 25.840833664
0.999995053 0.002568343 0.001834816 0.548675358 -0.002575631 0.999988735 0.003981098 -0.756326437 -0.001824571 -0.003985804 0.999990463 26.397636414
0.999997199 0.002043111 0.001144477 0.564874053 -0.002047649 0.999989927 0.003978483 -0.768070996 -0.001136337 -0.003980815 0.999991417 26.946844101
0.999997854 0.001958630 0.000628473 0.580173731 -0.001961071 0.999990463 0.003907725 -0.782550693 -0.000620813 -0.003908949 0.999992192 27.497766495
0.999996364 0.002678598 0.000332167 0.588794589 -0.002679860 0.999988973 0.003856262 -0.800384879 -0.000321834 -0.003857139 0.999992490 28.038743973
0.999996006 0.002799885 0.000262951 0.598300397 -0.002800933 0.999987841 0.004071529 -0.810513198 -0.000251548 -0.004072249 0.999991655 28.592382431
0.999995589 0.002940823 0.000110644 0.602888584 -0.002941252 0.999987245 0.004096703 -0.828479409 -0.000098595 -0.004097010 0.999991596 29.131507874
0.999994397 0.003318072 0.000003441 0.609150827 -0.003318059 0.999986470 0.003989484 -0.840706348 0.000009797 -0.003989473 0.999992073 29.676717758
0.999995351 0.003025445 -0.000345169 0.623291910 -0.003024081 0.999987900 0.003886364 -0.849631965 0.000356923 -0.003885302 0.999992371 30.225866318
0.999994099 0.003406266 -0.000319060 0.628654122 -0.003405092 0.999987662 0.003608748 -0.860708296 0.000331348 -0.003607641 0.999993443 30.770093918
0.999994040 0.003428351 -0.000597362 0.645292521 -0.003426122 0.999987304 0.003695386 -0.873436093 0.000610023 -0.003693317 0.999992967 31.313772202
0.999988496 0.004784856 -0.000431085 0.650312960 -0.004783293 0.999982238 0.003557360 -0.884455383 0.000448098 -0.003555258 0.999993563 31.863866806
0.999992490 0.003806024 -0.000910825 0.663863480 -0.003802538 0.999985695 0.003798903 -0.906573951 0.000925271 -0.003795411 0.999992311 32.393539429
0.999991655 0.003928116 -0.001203136 0.666857004 -0.003923797 0.999985993 0.003570831 -0.919278800 0.001217146 -0.003566081 0.999992847 32.935962677
0.999994278 0.002774989 -0.001939287 0.690465510 -0.002767677 0.999989092 0.003762640 -0.934227705 0.001949707 -0.003757251 0.999991059 33.471229553
0.999994040 0.002975147 -0.001752611 0.699899554 -0.002968513 0.999988496 0.003775618 -0.947141528 0.001763824 -0.003770392 0.999991357 34.026149750
0.999992669 0.003224851 -0.002048399 0.706342757 -0.003216755 0.999987066 0.003942926 -0.962435842 0.002061088 -0.003936307 0.999990106 34.553009033
0.999992251 0.003219965 -0.002247940 0.716290593 -0.003211071 0.999987066 0.003948786 -0.978228748 0.002260625 -0.003941537 0.999989688 35.096851349
0.999993384 0.002235587 -0.002858741 0.731117666 -0.002224977 0.999990702 0.003709190 -0.987680972 0.002867006 -0.003702804 0.999989033 35.647945404
0.999992907 0.002354908 -0.002962591 0.730494738 -0.002343241 0.999989569 0.003935354 -1.005884409 0.002971828 -0.003928384 0.999987841 36.159168243
0.999994218 0.001697812 -0.002933891 0.751102984 -0.001684750 0.999988675 0.004448665 -1.030290365 0.002941411 -0.004443698 0.999985754 36.709819794
0.999991775 0.002606170 -0.003103475 0.755584776 -0.002594077 0.999988973 0.003894343 -1.039199948 0.003113590 -0.003886260 0.999987543 37.260116577
0.999992967 0.001903665 -0.003229871 0.782246590 -0.001891824 0.999991477 0.003665267 -1.050876379 0.003236821 -0.003659131 0.999988019 37.788333893
0.999991775 0.002236498 -0.003375154 0.774565041 -0.002221773 0.999988019 0.004359982 -1.070217490 0.003384864 -0.004352448 0.999984801 38.346046448
0.999992430 0.002260681 -0.003142496 0.783154249 -0.002250188 0.999991894 0.003338824 -1.077049494 0.003150018 -0.003331728 0.999989510 38.893547058
0.999991357 0.002626075 -0.003195536 0.785869598 -0.002612947 0.999988079 0.004105490 -1.097200871 0.003206281 -0.004097106 0.999986470 39.409877777
0.999991953 0.002685881 -0.002957975 0.792877555 -0.002673429 0.999987543 0.004205783 -1.110020757 0.002969235 -0.004197842 0.999986827 39.964244843
0.999991000 0.002145638 -0.003662678 0.808890998 -0.002129447 0.999987960 0.004418666 -1.129408956 0.003672116 -0.004410828 0.999983549 40.474143982
0.999990880 0.001841269 -0.003851091 0.821881592 -0.001825198 0.999989629 0.004172380 -1.140022993 0.003858734 -0.004165313 0.999983907 41.027038574
0.999989867 0.002049422 -0.004029563 0.833646715 -0.002033393 0.999989986 0.003978060 -1.144985199 0.004037676 -0.003969826 0.999983966 41.572795868
0.999990582 0.002376704 -0.003618164 0.829929709 -0.002361281 0.999988139 0.004261270 -1.170197725 0.003628249 -0.004252687 0.999984384 42.082622528
0.999985337 0.001813587 -0.005110477 0.884179711 -0.001794164 0.999991179 0.003802660 -1.171296358 0.005117328 -0.003793436 0.999979734 42.649860382
0.999989927 0.002511491 -0.003709435 0.850792944 -0.002495113 0.999987185 0.004413379 -1.199077010 0.003720472 -0.004404079 0.999983430 43.168785095
0.999989271 0.002569017 -0.003858665 0.861228347 -0.002551212 0.999986112 0.004611955 -1.208998680 0.003870460 -0.004602061 0.999981940 43.674419403
0.999989927 0.002444422 -0.003769352 0.867377043 -0.002426840 0.999986172 0.004662057 -1.224030614 0.003780696 -0.004652862 0.999982059 44.213375092
0.999988735 0.002849146 -0.003798418 0.870485127 -0.002831753 0.999985516 0.004576774 -1.234641314 0.003811404 -0.004565966 0.999982297 44.748435974
0.999987662 0.002542313 -0.004258496 0.896376610 -0.002520785 0.999984026 0.005052995 -1.252699375 0.004271274 -0.005042198 0.999978185 45.276645660
0.999988019 0.003313982 -0.003616366 0.890732884 -0.003299272 0.999986291 0.004066326 -1.253617764 0.003629793 -0.004054345 0.999985218 45.846767426
0.999990284 0.002768426 -0.003429572 0.891211271 -0.002754003 0.999987364 0.004202903 -1.276839495 0.003441165 -0.004193417 0.999985278 46.368537903
0.999984980 0.003424650 -0.004265073 0.932193518 -0.003405112 0.999983728 0.004579774 -1.282009721 0.004280688 -0.004565183 0.999980390 46.942989349
0.999990582 0.002638145 -0.003450087 0.905025542 -0.002623258 0.999987185 0.004312147 -1.300881624 0.003461419 -0.004303056 0.999984741 47.461788177
0.999992609 0.002471210 -0.002948701 0.913160086 -0.002459279 0.999988735 0.004043417 -1.314231038 0.002958660 -0.004036135 0.999987423 48.011234283
0.999991536 0.002612495 -0.003177720 0.924295425 -0.002599174 0.999987781 0.004189046 -1.326170564 0.003188625 -0.004180751 0.999986172 48.560539246
0.999990344 0.003116355 -0.003111523 0.934888780 -0.003104531 0.999987900 0.003797902 -1.334547162 0.003123322 -0.003788205 0.999987960 49.112842560
0.999990642 0.003559933 -0.002472618 0.945369601 -0.003550725 0.999986768 0.003718635 -1.346015453 0.002485823 -0.003709820 0.999990046 49.647872925
0.999988973 0.003946250 -0.002518965 0.933171213 -0.003935751 0.999983549 0.004159334 -1.362975121 0.002535338 -0.004149374 0.999988198 50.137767792
0.999987721 0.004255481 -0.002556420 0.935989022 -0.004245047 0.999982715 0.004072559 -1.375203252 0.002573707 -0.004061657 0.999988437 50.679691315
0.999990761 0.003547627 -0.002408931 0.956671000 -0.003537629 0.999985158 0.004142117 -1.393200278 0.002423590 -0.004133557 0.999988496 51.202297211
0.999991179 0.003556184 -0.002217762 0.957818329 -0.003546553 0.999984264 0.004331730 -1.402136326 0.002233133 -0.004323825 0.999988079 51.732673645
0.999989390 0.004217023 -0.001843352 0.961109400 -0.004209835 0.999983609 0.003885901 -1.414468884 0.001859709 -0.003878100 0.999990761 52.267391205
0.999991715 0.003560148 -0.001975702 0.970299542 -0.003551200 0.999983490 0.004514287 -1.429913163 0.001991741 -0.004507233 0.999987841 52.792331696
0.999991000 0.003838984 -0.001781944 0.978177309 -0.003830743 0.999981999 0.004605026 -1.447827220 0.001799591 -0.004598157 0.999987841 53.331981659
0.999990344 0.003998973 -0.001801741 0.985430181 -0.003992312 0.999985218 0.003685189 -1.455422401 0.001816452 -0.003677961 0.999991596 53.873756409
0.999988794 0.004475233 -0.001502719 0.988609910 -0.004469683 0.999983251 0.003676323 -1.469361663 0.001519147 -0.003669566 0.999992132 54.397769928
0.999987066 0.004747760 -0.001764199 0.999250829 -0.004741991 0.999983430 0.003259470 -1.481046200 0.001779646 -0.003251062 0.999993145 54.949161530
0.999990880 0.003872217 -0.001812225 1.019546032 -0.003865357 0.999985397 0.003774051 -1.491531730 0.001826812 -0.003767011 0.999991238 55.475952148
0.999990761 0.003829778 -0.001936143 1.023079395 -0.003822687 0.999985933 0.003653212 -1.501322389 0.001950108 -0.003645777 0.999991477 56.016586304
0.999988437 0.004536691 -0.001639018 1.034251571 -0.004530877 0.999983430 0.003533945 -1.516805053 0.001655023 -0.003526477 0.999992430 56.567485809
0.999990940 0.003822398 -0.001858807 1.045251966 -0.003815062 0.999984980 0.003933902 -1.532045484 0.001873817 -0.003926774 0.999990523 57.085552216
0.999991834 0.003291053 -0.002332615 1.056337237 -0.003280451 0.999984324 0.004534343 -1.551937342 0.002347502 -0.004526654 0.999987066 57.624404907
0.999990165 0.004105560 -0.001645106 1.065949082 -0.004099553 0.999984980 0.003638068 -1.553589940 0.001660017 -0.003631288 0.999991953 58.176395416
0.999989092 0.004288694 -0.001863898 1.072385192 -0.004282316 0.999984980 0.003412448 -1.563574910 0.001878504 -0.003404430 0.999992371 58.719123840
0.999991596 0.003556745 -0.002026499 1.084438920 -0.003548682 0.999985814 0.003967937 -1.584938884 0.002040583 -0.003960713 0.999990046 59.245788574
0.999992073 0.003514663 -0.001842903 1.094282150 -0.003508418 0.999988079 0.003381053 -1.595341682 0.001854765 -0.003374560 0.999992609 59.771537781
0.999992192 0.003297139 -0.002167995 1.106872439 -0.003289737 0.999988735 0.003408944 -1.603617907 0.002179210 -0.003401785 0.999991834 60.330619812
0.999990284 0.004129227 -0.001528106 1.106683135 -0.004124138 0.999985993 0.003319153 -1.619208813 0.001541790 -0.003312819 0.999993265 60.853065491
0.999990642 0.004110387 -0.001339074 1.113871217 -0.004105126 0.999983966 0.003908033 -1.633433223 0.001355115 -0.003902500 0.999991417 61.385490417
0.999989927 0.004254087 -0.001451480 1.120131493 -0.004248699 0.999984145 0.003694984 -1.649168730 0.001467175 -0.003688780 0.999992073 61.912910461
0.999987423 0.004904656 -0.000999246 1.126745582 -0.004901134 0.999981880 0.003497538 -1.660112500 0.001016382 -0.003492597 0.999993384 62.434913635
0.999984682 0.005449941 -0.000957236 1.134232402 -0.005446487 0.999978721 0.003575366 -1.670386076 0.000976701 -0.003570097 0.999993145 62.977554321
0.999985933 0.005200462 -0.001006398 1.144583344 -0.005197047 0.999980748 0.003366962 -1.689386010 0.001023888 -0.003361685 0.999993801 63.508571625
0.999987841 0.004831894 -0.000991822 1.155911803 -0.004828536 0.999982715 0.003360598 -1.696929097 0.001008042 -0.003355768 0.999993861 64.034965515
0.999986589 0.005096146 -0.000900428 1.162288189 -0.005092910 0.999980688 0.003564366 -1.710808396 0.000918575 -0.003559732 0.999993265 64.556739807
0.999986589 0.005127410 -0.000594061 1.170001626 -0.005125335 0.999980927 0.003440488 -1.726572633 0.000611690 -0.003437397 0.999993920 65.088325500
0.999989450 0.004512689 -0.000798065 1.184485793 -0.004510036 0.999984384 0.003295944 -1.735095978 0.000812926 -0.003292310 0.999994278 65.627845764
0.999988258 0.004761591 -0.000868702 1.191789389 -0.004758887 0.999983907 0.003087288 -1.750197411 0.000883389 -0.003083118 0.999994874 66.159347534
0.999984622 0.005532652 -0.000198322 1.200689197 -0.005532094 0.999980927 0.002721297 -1.763272285 0.000213375 -0.002720157 0.999996364 66.718612671
0.999986231 0.005222909 -0.000491694 1.213520527 -0.005221386 0.999981701 0.003051328 -1.780908585 0.000507621 -0.003048718 0.999995232 67.204666138
0.999990046 0.004414679 -0.000612843 1.227610350 -0.004413217 0.999987483 0.002367742 -1.772987962 0.000623288 -0.002365014 0.999996960 67.866149902
0.999985218 0.005393873 -0.000582370 1.234219313 -0.005392034 0.999980628 0.003115572 -1.811942577 0.000599162 -0.003112386 0.999994934 68.282821655
0.999987125 0.005045403 -0.000622590 1.248372316 -0.005043178 0.999981165 0.003524849 -1.817467213 0.000640364 -0.003521664 0.999993682 68.887565613
0.999986827 0.005114620 -0.000504957 1.252817869 -0.005113323 0.999983728 0.002536915 -1.840695620 0.000517924 -0.002534300 0.999996662 69.380912781
0.999988675 0.004719763 -0.000546105 1.271541834 -0.004718365 0.999985695 0.002529490 -1.844728470 0.000558037 -0.002526884 0.999996662 69.849258423
0.999984741 0.005519641 -0.000164697 1.276926875 -0.005519198 0.999981582 0.002568488 -1.860807776 0.000178871 -0.002567540 0.999996722 70.397994995
0.999989390 0.004556386 -0.000686866 1.292121768 -0.004554395 0.999985516 0.002876607 -1.880467176 0.000699963 -0.002873448 0.999995649 70.900039673
0.999992907 0.003708610 -0.000635938 1.306605577 -0.003706474 0.999987602 0.003327823 -1.890799999 0.000648272 -0.003325443 0.999994278 71.508026123
0.999988079 0.004871652 -0.000382136 1.309769988 -0.004870685 0.999985039 0.002490903 -1.905737638 0.000394265 -0.002489012 0.999996841 71.956970215
0.999987364 0.005010074 -0.000414627 1.317452788 -0.005008680 0.999982059 0.003297839 -1.919157624 0.000431142 -0.003295720 0.999994516 72.575721741
0.999988914 0.004675285 -0.000523620 1.329435825 -0.004673670 0.999984443 0.003042740 -1.933710694 0.000537838 -0.003040259 0.999995232 73.026794434
0.999988019 0.004919300 -0.000134156 1.340937495 -0.004918920 0.999984205 0.002699500 -1.949543715 0.000147434 -0.002698809 0.999996364 73.559867859
0.999984443 0.005575404 -0.000117909 1.348890066 -0.005575062 0.999980628 0.002736360 -1.954627037 0.000133163 -0.002735661 0.999996245 74.125289917
0.999988675 0.004754341 -0.000264546 1.363828421 -0.004753547 0.999984384 0.002927282 -1.978535056 0.000278459 -0.002925992 0.999995649 74.630615234
0.999987245 0.005052859 -0.000060051 1.374422789 -0.005052686 0.999983728 0.002622815 -1.992359877 0.000073303 -0.002622478 0.999996543 75.157806396
0.999985278 0.005433169 -0.000112835 1.384720206 -0.005432871 0.999982178 0.002484738 -2.005324125 0.000126333 -0.002484088 0.999996901 75.700393677
0.999985933 0.005287814 0.000340815 1.388869286 -0.005288658 0.999982834 0.002517105 -2.023602009 -0.000327500 -0.002518872 0.999996781 76.225532532
0.999981523 0.006033467 0.000607467 1.396108389 -0.006035086 0.999978185 0.002700478 -2.038953543 -0.000591161 -0.002704094 0.999996185 76.769287109
0.999985516 0.005373132 0.000311055 1.403567910 -0.005373989 0.999981582 0.002825130 -2.051758051 -0.000295870 -0.002826761 0.999995887 77.282249451
0.999988616 0.004773620 0.000116001 1.422824979 -0.004773884 0.999985695 0.002397022 -2.065330744 -0.000104556 -0.002397548 0.999997139 77.805541992
0.999984682 0.005446170 0.000919410 1.430806994 -0.005447909 0.999983370 0.001900472 -2.073947191 -0.000909044 -0.001905452 0.999997735 78.352500916
0.999986410 0.005204820 0.000355477 1.436049223 -0.005205747 0.999982893 0.002651499 -2.094945431 -0.000341671 -0.002653314 0.999996424 78.882530212
0.999984026 0.005540100 0.001133230 1.460067511 -0.005542306 0.999982774 0.001953751 -2.100976944 -0.001122387 -0.001960000 0.999997497 79.470230103
0.999981403 0.005816102 0.001826736 1.457985997 -0.005820605 0.999979973 0.002468550 -2.120927334 -0.001812343 -0.002479137 0.999995291 79.934181213
0.999973238 0.006227863 0.003844508 1.463687420 -0.006237722 0.999977291 0.002557501 -2.143705130 -0.003828493 -0.002581413 0.999989331 80.514785767
0.999972582 0.005976813 0.004352602 1.483436584 -0.005987837 0.999978900 0.002523645 -2.152252674 -0.004337427 -0.002549639 0.999987364 80.986366272
0.999959528 0.006660440 0.006038421 1.490560532 -0.006678332 0.999973357 0.002947476 -2.167807579 -0.006018628 -0.002987684 0.999977469 81.539665222
0.999935746 0.006651300 0.009182552 1.508614063 -0.006671056 0.999975443 0.002122525 -2.179651260 -0.009168210 -0.002183646 0.999955535 82.069709778
0.999904692 0.005932404 0.012463845 1.539775372 -0.005964365 0.999979019 0.002528556 -2.195267677 -0.012448582 -0.002602653 0.999919116 82.595016479
0.999858975 0.005809044 0.015752384 1.563710093 -0.005850499 0.999979556 0.002586685 -2.214419603 -0.015737036 -0.002678479 0.999872565 83.129669189
0.999780655 0.006150760 0.020021673 1.583866596 -0.006194801 0.999978542 0.002138348 -2.216799021 -0.020008093 -0.002261909 0.999797225 83.683303833
0.999614358 0.007142265 0.026838927 1.608943939 -0.007226822 0.999969184 0.003054829 -2.234515667 -0.026816282 -0.003247610 0.999635100 84.230842590
0.999453723 0.006125497 0.032474626 1.626482844 -0.006185017 0.999979377 0.001732700 -2.238436937 -0.032463331 -0.001932610 0.999471068 84.750259399
0.999210715 0.007055480 0.039088249 1.657233357 -0.007158210 0.999971330 0.002488815 -2.255764008 -0.039069563 -0.002766653 0.999232650 85.293945312
0.998878479 0.006805542 0.046855476 1.697847605 -0.006907135 0.999974132 0.002006646 -2.266664267 -0.046840616 -0.002328033 0.998899639 85.852210999
0.998428047 0.006794875 0.055635497 1.745017529 -0.006893326 0.999975026 0.001577823 -2.279828072 -0.055623394 -0.001958856 0.998449922 86.406547546
0.997991323 0.007044586 0.062959164 1.793227196 -0.007171946 0.999972641 0.001797126 -2.295536041 -0.062944785 -0.002245056 0.998014510 86.954589844
0.997391701 0.006714170 0.071867861 1.848482132 -0.006877868 0.999974251 0.002030571 -2.308551311 -0.071852371 -0.002519571 0.997412086 87.504371643
0.996614873 0.006390974 0.081964821 1.905349255 -0.006554135 0.999976993 0.001721725 -2.323674440 -0.081951939 -0.002253105 0.996633708 88.023017883
0.995786607 0.006798564 0.091448985 1.979958057 -0.007002311 0.999973655 0.001907321 -2.337442398 -0.091433607 -0.002539639 0.995807886 88.589179993
0.995058894 0.006681769 0.099061206 2.040113926 -0.006880062 0.999974966 0.001660239 -2.349673271 -0.099047638 -0.002333583 0.995079875 89.197563171
0.994046330 0.007021789 0.108732335 2.123501778 -0.007307685 0.999970794 0.002231089 -2.362038612 -0.108713500 -0.003012387 0.994068563 89.743370056
0.992815852 0.006279616 0.119487375 2.218984604 -0.006529030 0.999977171 0.001695990 -2.376218319 -0.119473986 -0.002463941 0.992834389 90.305793762
0.991607547 0.005466782 0.129168540 2.303146362 -0.005669632 0.999983132 0.001202762 -2.391458988 -0.129159808 -0.001925006 0.991621971 90.848495483
0.989892125 0.006797806 0.141659230 2.387454033 -0.007132163 0.999972820 0.001852683 -2.409563065 -0.141642779 -0.002844293 0.989913762 91.379508972
0.988132536 0.006155957 0.153480053 2.503408432 -0.006408688 0.999978721 0.001151968 -2.415884733 -0.153469712 -0.002121903 0.988151014 91.934242249
0.986451566 0.005074937 0.163973987 2.617977142 -0.005248549 0.999985933 0.000625543 -2.423998356 -0.163968533 -0.001477693 0.986464381 92.476730347
0.984471262 0.005320569 0.175465062 2.727299690 -0.005589067 0.999983788 0.001036052 -2.436648130 -0.175456718 -0.002000649 0.984485090 93.048950195
0.982048154 0.005187728 0.188558802 2.849632263 -0.005468401 0.999984562 0.000968304 -2.449493408 -0.188550860 -0.001982035 0.982061446 93.583580017
0.979654074 0.005033826 0.200630307 2.989547729 -0.005291150 0.999985695 0.000746369 -2.466092825 -0.200623691 -0.001792749 0.979666770 94.145942688
0.977397203 0.004412143 0.211365059 3.117977142 -0.004588424 0.999989390 0.000343561 -2.473893642 -0.211361274 -0.001305627 0.977407157 94.681686401
0.974380076 0.004706564 0.224858418 3.264070511 -0.004954178 0.999987543 0.000536980 -2.490492105 -0.224853113 -0.001637210 0.974391341 95.201255798
0.971251965 0.004008931 0.238019854 3.412990570 -0.004256745 0.999990821 0.000527168 -2.500944138 -0.238015562 -0.001525203 0.971260250 95.741363525
0.968619406 0.002660809 0.248534381 3.582792282 -0.002817074 0.999995947 0.000273095 -2.530382156 -0.248532653 -0.000964665 0.968622983 96.164627075
0.965640426 0.004619924 0.259840637 3.742122650 -0.004917403 0.999987781 0.000494817 -2.549743176 -0.259835213 -0.001755556 0.965651333 96.819236755
0.961978853 0.004695266 0.273083389 3.915016174 -0.005051496 0.999987125 0.000601381 -2.566642046 -0.273077011 -0.001957996 0.961990118 97.334114075
0.958118081 0.005603212 0.286318392 4.085069656 -0.006149952 0.999980569 0.001010336 -2.588418245 -0.286307216 -0.002728865 0.958133996 97.857727051
0.954625666 0.005906221 0.297749877 4.284055710 -0.006591128 0.999977410 0.001296297 -2.603152275 -0.297735482 -0.003199985 0.954643071 98.410827637
0.950218856 0.003895420 0.311558902 4.475437164 -0.004617142 0.999988079 0.001578904 -2.625903606 -0.311549038 -0.002938816 0.950225532 98.921264648
0.945632517 0.003234175 0.325221062 4.685319901 -0.003719538 0.999992669 0.000870681 -2.635009766 -0.325215876 -0.002033016 0.945637584 99.445495605
0.941538334 0.003965947 0.336882263 4.884618759 -0.004490701 0.999989569 0.000778496 -2.643503666 -0.336875647 -0.002245821 0.941546500 99.947708130
0.936758161 0.002146882 0.349970847 5.093326569 -0.002450836 0.999996841 0.000425651 -2.654579163 -0.349968880 -0.001256453 0.936760485 100.465072632
0.931631982 0.000691232 0.363402516 5.324085236 -0.001072511 0.999999046 0.000847418 -2.680492401 -0.363401592 -0.001179235 0.931631863 100.965873718
0.926841259 0.000275739 0.375453323 5.556959152 -0.000493206 0.999999762 0.000483107 -2.693781614 -0.375453115 -0.000632940 0.926841199 101.468719482
0.921926498 0.000609469 0.387364358 5.790933609 -0.000973750 0.999999225 0.000744145 -2.707215548 -0.387363702 -0.001063243 0.921926379 101.978721619
0.916178346 -0.000360119 0.400770456 5.991405487 -0.000389885 0.999998271 0.001789857 -2.736958981 -0.400770456 -0.001796082 0.916176736 102.302955627
0.910214424 -0.000742840 0.414136529 6.242015839 0.000185767 0.999999046 0.001385414 -2.746016741 -0.414137155 -0.001184091 0.910213768 102.798049927
0.905184567 -0.000892311 0.425017655 6.482078552 0.000321745 0.999998927 0.001414227 -2.765703917 -0.425018460 -0.001143389 0.905183911 103.260688782
0.899756134 -0.001575567 0.436390191 6.746639252 0.001045298 0.999998391 0.001455237 -2.775317669 -0.436391771 -0.000853200 0.899756432 103.751487732
0.892803967 -0.001592445 0.450442612 6.988742828 0.001063453 0.999998391 0.001427457 -2.781641245 -0.450444221 -0.000795414 0.892804205 104.205383301
0.886561394 -0.001618415 0.462608159 7.263080597 0.001102955 0.999998391 0.001384704 -2.793682814 -0.462609679 -0.000717389 0.886561751 104.691886902
0.880728304 -0.002004807 0.473617613 7.556434631 0.001744426 0.999997973 0.000989062 -2.795715809 -0.473618656 -0.000044905 0.880729973 105.203712463
0.873387933 -0.002556245 0.487018496 7.804782867 0.001936183 0.999996483 0.001776519 -2.825987339 -0.487021357 -0.000608633 0.873389840 105.581466675
