1.000000000 0.000000000 0.000000000 0.000000000 0.000000000 1.000000000 0.000000000 0.000000000 0.000000000 0.000000000 1.000000000 0.000000000
1.000000000 -0.000002961 -0.000033449 0.000156120 0.000002963 1.000000000 0.000050711 -0.000630746 0.000033449 -0.000050711 1.000000000 0.000825069
1.000000000 -0.000083692 -0.000044260 0.001529671 0.000083695 1.000000000 0.000067825 -0.001137257 0.000044255 -0.000067828 1.000000000 0.000848880
1.000000000 -0.000104599 -0.000071564 0.001420733 0.000104598 1.000000000 -0.000013955 -0.000070050 0.000071566 0.000013948 1.000000000 -0.001399688
0.999999940 -0.000285003 -0.000155643 0.002581431 0.000285015 0.999999940 0.000077106 -0.000996886 0.000155621 -0.000077150 1.000000000 -0.000829734
0.999999940 -0.000251497 -0.000174730 0.001080402 0.000251505 0.999999940 0.000046482 -0.000060151 0.000174719 -0.000046526 1.000000000 -0.000713320
0.999999940 -0.000313332 -0.000100100 0.002346304 0.000313341 0.999999940 0.000084477 -0.001020983 0.000100074 -0.000084508 1.000000000 0.000134571
1.000000000 -0.000187921 -0.000104887 0.001246031 0.000187929 1.000000000 0.000074611 -0.000870219 0.000104873 -0.000074631 1.000000000 -0.001673158
1.000000000 -0.000041220 -0.000068917 0.001624419 0.000041226 1.000000000 0.000075415 -0.000471207 0.000068914 -0.000075417 1.000000000 -0.002832482
1.000000000 -0.000051460 -0.000016464 0.000325011 0.000051461 1.000000000 0.000077840 0.000397257 0.000016460 -0.000077841 1.000000000 0.001952890
1.000000000 -0.000131544 -0.000061618 0.001360609 0.000131547 1.000000000 0.000048834 0.000299096 0.000061612 -0.000048842 1.000000000 0.000092033
1.000000000 -0.000202087 -0.000104751 0.001370205 0.000202098 1.000000000 0.000101451 -0.000076375 0.000104730 -0.000101473 1.000000000 -0.000487364
1.000000000 -0.000181626 -0.000057074 0.000193786 0.000181627 1.000000000 0.000019872 0.001039772 0.000057070 -0.000019882 1.000000000 0.001442316
0.999999940 -0.000234548 -0.000090865 0.001237166 0.000234560 0.999999940 0.000129101 0.000268623 0.000090835 -0.000129122 1.000000000 -0.001547104
1.000000000 -0.000103231 -0.000153312 0.002052841 0.000103240 1.000000000 0.000055718 -0.000586558 0.000153306 -0.000055734 1.000000000 -0.003188459
1.000000000 -0.000135050 -0.000151585 0.004069485 0.000135073 1.000000000 0.000151616 -0.001393161 0.000151564 -0.000151636 1.000000000 -0.006997443
1.000000000 -0.000214283 -0.000110762 0.003266384 0.000214295 1.000000000 0.000106544 -0.001019531 0.000110739 -0.000106567 1.000000000 -0.005140166
1.000000000 -0.000171205 -0.000118479 0.003756959 0.000171214 1.000000000 0.000074248 -0.000388759 0.000118467 -0.000074268 1.000000000 0.000343302
1.000000000 -0.000086983 -0.000093228 0.002155272 0.000086996 1.000000000 0.000134488 -0.000553787 0.000093216 -0.000134496 1.000000000 -0.003130894
1.000000000 -0.000200440 -0.000121157 0.002347927 0.000200451 1.000000000 0.000086519 -0.000171816 0.000121139 -0.000086543 1.000000000 -0.003531786
1.000000000 -0.000220146 -0.000087719 0.001784647 0.000220152 1.000000000 0.000072339 0.000244757 0.000087703 -0.000072358 1.000000000 -0.000129273
0.999999940 -0.000221033 -0.000166256 0.001552993 0.000221050 0.999999940 0.000103645 -0.001104786 0.000166233 -0.000103681 1.000000000 -0.003198911
0.999999940 -0.000220420 -0.000154950 0.003560003 0.000220445 0.999999940 0.000159813 -0.001181309 0.000154915 -0.000159847 1.000000000 -0.003713743
0.999999940 -0.000190977 -0.000214842 0.004479651 0.000191001 1.000000000 0.000109229 -0.001214502 0.000214821 -0.000109270 1.000000000 -0.002703562
0.999999940 -0.000226747 -0.000145685 0.002949786 0.000226761 0.999999940 0.000095663 -0.000843086 0.000145663 -0.000095696 1.000000000 -0.004401144
1.000000000 -0.000160823 -0.000136891 0.002159008 0.000160837 1.000000000 0.000102892 0.000517888 0.000136874 -0.000102914 1.000000000 -0.000134751
0.999999940 -0.000268446 -0.000173178 0.003301011 0.000268462 0.999999940 0.000092872 0.000507266 0.000173153 -0.000092919 1.000000000 -0.001562007
0.999999940 -0.000262285 -0.000159191 0.003947635 0.000262306 0.999999940 0.000132747 -0.001190079 0.000159156 -0.000132789 1.000000000 -0.004468617
0.999999940 -0.000229876 -0.000133727 0.000668146 0.000229890 0.999999940 0.000105359 -0.001690527 0.000133703 -0.000105389 1.000000000 -0.002204311
1.000000000 -0.000101027 -0.000174486 0.004073697 0.000101058 1.000000000 0.000176407 -0.002130917 0.000174468 -0.000176424 0.999999940 -0.005127413
0.999999940 -0.000262979 -0.000216329 0.004743903 0.000263003 0.999999940 0.000109114 -0.000637925 0.000216300 -0.000109171 1.000000000 -0.003424726
0.999999940 -0.000296553 -0.000208645 0.003937770 0.000296573 0.999999940 0.000096050 -0.000049330 0.000208616 -0.000096112 1.000000000 -0.003577366
0.999999940 -0.000265478 -0.000152752 0.003576055 0.000265501 0.999999940 0.000150810 -0.000737094 0.000152712 -0.000150850 1.000000000 -0.005585059
0.999999940 -0.000232656 -0.000204168 0.003993701 0.000232679 0.999999940 0.000113134 -0.001000268 0.000204142 -0.000113182 1.000000000 -0.002729563
0.999999940 -0.000208066 -0.000152409 0.003845136 0.000208085 1.000000000 0.000123089 -0.000925723 0.000152384 -0.000123121 1.000000000 -0.002011727
0.999999940 -0.000267168 -0.000191346 0.002744565 0.000267198 0.999999940 0.000158133 -0.001638102 0.000191303 -0.000158184 0.999999940 -0.005303796
0.999999940 -0.000206617 -0.000143568 0.002035486 0.000206631 1.000000000 0.000095402 0.000419154 0.000143548 -0.000095432 1.000000000 -0.001823750
0.999999940 -0.000270648 -0.000180286 0.004333593 0.000270685 0.999999940 0.000204475 -0.000827484 0.000180231 -0.000204524 0.999999940 -0.005911567
0.999999940 -0.000339341 -0.000150698 0.001920443 0.000339360 0.999999940 0.000125947 -0.000037080 0.000150655 -0.000125999 1.000000000 -0.003152018
0.999999940 -0.000302243 -0.000222357 0.003414342 0.000302284 0.999999940 0.000183622 -0.001500260 0.000222301 -0.000183689 0.999999940 -0.005010743
0.999999940 -0.000232346 -0.000251658 0.005953028 0.000232367 0.999999940 0.000085493 -0.001897975 0.000251638 -0.000085552 0.999999940 -0.001552414
0.999999940 -0.000325589 -0.000062026 0.002886616 0.000325557 0.999999821 -0.000511532 -0.003569476 0.000062192 0.000511511 0.999999881 0.049312156
1.000000000 -0.000163747 -0.000160487 0.005719126 0.000163584 0.999999464 -0.001020049 -0.007351849 0.000160654 0.001020023 0.999999464 0.137584344
0.999999940 -0.000245253 -0.000077746 0.006471199 0.000245146 0.999999046 -0.001380726 -0.009137058 0.000078084 0.001380707 0.999999046 0.255629569
0.999999940 -0.000227084 -0.000093623 0.010428639 0.000226960 0.999999106 -0.001321084 -0.013106402 0.000093922 0.001321063 0.999999106 0.386442780
1.000000000 -0.000085725 -0.000030631 0.009078439 0.000085690 0.999999344 -0.001139266 -0.018497337 0.000030728 0.001139264 0.999999344 0.529717743
1.000000000 0.000145364 0.000001495 0.012082837 -0.000145363 0.999999344 -0.001114275 -0.020748608 -0.000001657 0.001114275 0.999999404 0.686956644
1.000000000 -0.000001326 0.000124561 0.011545674 0.000001436 0.999999583 -0.000887825 -0.025756599 -0.000124560 0.000887825 0.999999583 0.845897913
0.999999940 0.000167180 0.000191467 0.013067386 -0.000167054 0.999999762 -0.000657442 -0.027636779 -0.000191577 0.000657410 0.999999762 1.026387215
1.000000000 0.000230867 -0.000029109 0.022700083 -0.000230883 0.999999821 -0.000528626 -0.036151327 0.000028987 0.000528632 0.999999881 1.189362049
1.000000000 -0.000143385 0.000059266 0.027678778 0.000143401 0.999999940 -0.000259658 -0.042109672 -0.000059228 0.000259666 0.999999940 1.364915252
1.000000000 0.000056611 -0.000114819 0.030561712 -0.000056658 0.999999940 -0.000406801 -0.044685144 0.000114796 0.000406807 0.999999940 1.569518805
1.000000000 0.000025918 0.000081250 0.038534272 -0.000025907 1.000000000 -0.000138562 -0.059001971 -0.000081254 0.000138560 1.000000000 1.769253135
0.999999821 -0.000494340 -0.000290943 0.046356950 0.000494387 0.999999881 0.000160620 -0.063154563 0.000290863 -0.000160764 0.999999940 1.958302736
1.000000000 0.000110596 0.000120226 0.038540024 -0.000110625 0.999999940 0.000235928 -0.074007623 -0.000120200 -0.000235942 0.999999940 2.177608252
0.999999940 -0.000111635 -0.000273966 0.039810125 0.000111701 0.999999940 0.000242592 -0.071003981 0.000273939 -0.000242623 0.999999940 2.396976471
0.999999881 -0.000408202 -0.000185808 0.057848949 0.000408258 0.999999881 0.000299902 -0.085957907 0.000185685 -0.000299977 0.999999940 2.615420341
0.999996841 -0.002013385 0.001468533 0.018140230 0.002010455 0.999995947 0.001993792 -0.111358285 -0.001472542 -0.001990833 0.999996960 2.751473904
0.999997735 -0.001537791 0.001481724 0.021050584 0.001534537 0.999996424 0.002194857 -0.116740301 -0.001485094 -0.002192579 0.999996543 2.984546900
0.999996662 -0.002123429 0.001448433 0.030011509 0.002120650 0.999995947 0.001917531 -0.122412145 -0.001452499 -0.001914453 0.999997139 3.233976364
0.999996185 -0.002299020 0.001540660 0.029094536 0.002295727 0.999995112 0.002135502 -0.135079384 -0.001545562 -0.002131957 0.999996543 3.441749811
0.999997258 -0.001875758 0.001349980 0.035769813 0.001872679 0.999995649 0.002279027 -0.142824754 -0.001354249 -0.002276493 0.999996483 3.687150478
0.999996126 -0.002181556 0.001728677 0.034591403 0.002177528 0.999994993 0.002328548 -0.148410276 -0.001733748 -0.002324775 0.999995768 3.959890604
0.999996781 -0.001486839 0.002040065 0.036188774 0.001481710 0.999995768 0.002513277 -0.152518138 -0.002043793 -0.002510246 0.999994814 4.209038734
0.999996305 -0.001931012 0.001890206 0.041578535 0.001925559 0.999993980 0.002882479 -0.166688383 -0.001895761 -0.002878829 0.999994040 4.437941074
0.999995828 -0.002073320 0.002021790 0.052069545 0.002067108 0.999993086 0.003069897 -0.175601229 -0.002028141 -0.003065704 0.999993265 4.696479797
0.999995708 -0.002186240 0.001957671 0.058064274 0.002179986 0.999992490 0.003190942 -0.183283538 -0.001964633 -0.003186661 0.999992967 4.958209991
0.999995351 -0.002266900 0.002042195 0.051398989 0.002260370 0.999992371 0.003194084 -0.192796767 -0.002049420 -0.003189453 0.999992788 5.201944828
0.999995470 -0.002252121 0.001999836 0.065010473 0.002245453 0.999991894 0.003330500 -0.198358849 -0.002007321 -0.003325993 0.999992430 5.472128868
0.999995768 -0.002206980 0.001888906 0.062064629 0.002200734 0.999992132 0.003302478 -0.212640315 -0.001896180 -0.003298308 0.999992728 5.706521988
0.999994993 -0.002395602 0.002060465 0.067963459 0.002388713 0.999991596 0.003339115 -0.222843751 -0.002068447 -0.003334177 0.999992311 5.982774734
0.999995112 -0.002498935 0.001863671 0.074392706 0.002492348 0.999990582 0.003528596 -0.232116997 -0.001872471 -0.003523933 0.999992073 6.266810417
0.999995053 -0.002213029 0.002231424 0.084025942 0.002204576 0.999990404 0.003783941 -0.243332282 -0.002239777 -0.003779002 0.999990404 6.532944679
0.999995172 -0.002199100 0.002196200 0.089161567 0.002190734 0.999990344 0.003804637 -0.249801740 -0.002204546 -0.003799808 0.999990344 6.837007999
0.999994934 -0.002429913 0.002082808 0.110682480 0.002421693 0.999989331 0.003939992 -0.266629428 -0.002092360 -0.003934928 0.999990165 7.101111889
0.999994338 -0.002877838 0.001735640 0.094254240 0.002871168 0.999988496 0.003833465 -0.271441519 -0.001746652 -0.003828461 0.999991119 7.419682980
0.999993086 -0.003248813 0.001784362 0.101644509 0.003242021 0.999987483 0.003796437 -0.275008291 -0.001796673 -0.003790626 0.999991179 7.731909752
0.999991536 -0.003770075 0.001618332 0.111485288 0.003763598 0.999984980 0.003986876 -0.289814830 -0.001633338 -0.003980751 0.999990761 8.055279732
0.999993384 -0.003104627 0.001905023 0.109928660 0.003097024 0.999987304 0.003981626 -0.291363508 -0.001917360 -0.003975699 0.999990284 8.382987022
0.999993205 -0.003053464 0.002065104 0.110255733 0.003044960 0.999986947 0.004108906 -0.303262949 -0.002077623 -0.004102590 0.999989450 8.707861900
0.999993682 -0.002625809 0.002388582 0.117867127 0.002615458 0.999987185 0.004326399 -0.318596393 -0.002399911 -0.004320125 0.999987781 9.053237915
0.999994576 -0.002339312 0.002318372 0.124942474 0.002329783 0.999988914 0.004104414 -0.324796021 -0.002327948 -0.004098990 0.999988914 9.396651268
0.999993861 -0.002657613 0.002301671 0.136223584 0.002647379 0.999986708 0.004437866 -0.332561672 -0.002313434 -0.004431745 0.999987543 9.729802132
0.999992251 -0.003348802 0.002066864 0.119102776 0.003339977 0.999985337 0.004258150 -0.352725357 -0.002081094 -0.004251213 0.999988794 10.042144775
0.999992371 -0.003220447 0.002203895 0.127858818 0.003210685 0.999985099 0.004418677 -0.363800883 -0.002218093 -0.004411567 0.999987841 10.394128799
0.999992013 -0.003377452 0.002081390 0.135946408 0.003367961 0.999983966 0.004546566 -0.367745221 -0.002096713 -0.004539520 0.999987483 10.777194977
0.999992847 -0.002882042 0.002426926 0.138836801 0.002870658 0.999984920 0.004681396 -0.388361067 -0.002440381 -0.004674396 0.999986053 11.132534981
0.999992192 -0.003349458 0.002089955 0.155788586 0.003339194 0.999982417 0.004895296 -0.396481216 -0.002106315 -0.004888279 0.999985814 11.467370033
0.999991715 -0.003462137 0.002134999 0.159352422 0.003451502 0.999981701 0.004964791 -0.404021442 -0.002152148 -0.004957380 0.999985397 11.842544556
0.999993205 -0.002898391 0.002268995 0.165684998 0.002887003 0.999983311 0.005006157 -0.412968069 -0.002283467 -0.004999572 0.999984920 12.212484360
0.999989510 -0.004125639 0.001973140 0.165833741 0.004115300 0.999977887 0.005215394 -0.447644889 -0.001994613 -0.005207219 0.999984443 12.579216957
0.999989927 -0.004215582 0.001554913 0.182828724 0.004207616 0.999978244 0.005091200 -0.458219081 -0.001576341 -0.005084606 0.999985814 12.979080200
0.999988794 -0.004346536 0.001900139 0.186791539 0.004336397 0.999976516 0.005308196 -0.469882697 -0.001923167 -0.005299897 0.999984026 13.373412132
0.999991059 -0.003525096 0.002349977 0.193397805 0.003512258 0.999979019 0.005444982 -0.479827881 -0.002369122 -0.005436679 0.999982357 13.803511620
0.999988735 -0.004057728 0.002472656 0.205009833 0.004044340 0.999977231 0.005395623 -0.490086049 -0.002494494 -0.005385562 0.999982357 14.225867271
0.999989092 -0.003704041 0.002850379 0.214079589 0.003688239 0.999977887 0.005529369 -0.506622314 -0.002870797 -0.005518796 0.999980569 14.669577599
0.999985874 -0.004674667 0.002539513 0.219818607 0.004659360 0.999971151 0.006000322 -0.530467033 -0.002567489 -0.005988404 0.999978781 15.027132034
0.999985874 -0.004448211 0.002905092 0.230845571 0.004430406 0.999971569 0.006106743 -0.540588737 -0.002932174 -0.006093786 0.999977171 15.465749741
0.999985576 -0.004135204 0.003433900 0.233799726 0.004113748 0.999972105 0.006232245 -0.544638455 -0.003459576 -0.006218029 0.999974728 15.930178642
0.999985337 -0.004192994 0.003426770 0.248189703 0.004170970 0.999970794 0.006409084 -0.561271429 -0.003453543 -0.006394697 0.999973595 16.369226456
0.999984264 -0.004715369 0.003043594 0.262864530 0.004695607 0.999968052 0.006467876 -0.577974260 -0.003073995 -0.006453484 0.999974430 16.817197800
0.999980330 -0.005235674 0.003454042 0.258987963 0.005210350 0.999959886 0.007300378 -0.610513926 -0.003492126 -0.007282239 0.999967396 17.183914185
0.999982655 -0.004379727 0.003959138 0.270394564 0.004350944 0.999964237 0.007249573 -0.622666955 -0.003990748 -0.007232221 0.999965906 17.644201279
0.999978244 -0.005098792 0.004185311 0.282405615 0.005067278 0.999958932 0.007506054 -0.630550742 -0.004223410 -0.007484683 0.999963045 18.127174377
0.999979496 -0.005118891 0.003857560 0.290273935 0.005092401 0.999963522 0.006845905 -0.640390754 -0.003892463 -0.006826120 0.999969125 18.634569168
0.999978662 -0.004939630 0.004276104 0.295922607 0.004906950 0.999958932 0.007619597 -0.665731072 -0.004313566 -0.007598452 0.999961853 19.007478714
0.999978840 -0.004517580 0.004700441 0.305526972 0.004481083 0.999960005 0.007746520 -0.674630404 -0.004735249 -0.007725294 0.999958932 19.492723465
0.999977112 -0.005335680 0.004150226 0.323651761 0.005305072 0.999958932 0.007351360 -0.682192445 -0.004189280 -0.007329176 0.999964356 19.977792740
0.999979198 -0.005565590 0.003260819 0.336461931 0.005540653 0.999955654 0.007607403 -0.695954204 -0.003303014 -0.007589178 0.999965787 20.466554642
0.999979734 -0.005546581 0.003098378 0.331188798 0.005521605 0.999952674 0.008012098 -0.714476824 -0.003142672 -0.007994830 0.999963045 20.896970749
0.999981761 -0.005505560 0.002458224 0.343563706 0.005486327 0.999954879 0.007763162 -0.727355599 -0.002500853 -0.007749535 0.999966860 21.402700424
0.999982417 -0.005508980 0.002130383 0.359683335 0.005492239 0.999954641 0.007785751 -0.733100414 -0.002173178 -0.007773914 0.999967456 21.905248642
0.999982536 -0.005306481 0.002595960 0.359276056 0.005286729 0.999957502 0.007557573 -0.743952334 -0.002635953 -0.007543717 0.999968052 22.437654495
0.999979675 -0.006186014 0.001518476 0.360409260 0.006173227 0.999946594 0.008285508 -0.767365038 -0.001569649 -0.008275966 0.999964535 22.835737228
0.999975920 -0.006862148 0.001060148 0.366450846 0.006853167 0.999942422 0.008253990 -0.779905319 -0.001116727 -0.008246525 0.999965370 23.364852905
0.999979079 -0.006464466 0.000173857 0.388421416 0.006462927 0.999949217 0.007740448 -0.779101968 -0.000223886 -0.007739164 0.999970019 23.894464493
0.999984443 -0.005550011 -0.000493244 0.387197465 0.005553905 0.999950290 0.008280925 -0.796991289 0.000447260 -0.008283536 0.999965608 24.382579803
0.999984443 -0.005445293 -0.001175183 0.391621798 0.005454971 0.999949872 0.008395776 -0.804387689 0.001129406 -0.008402055 0.999964058 24.923971176
0.999987602 -0.004803758 -0.001375153 0.397625744 0.004814428 0.999957502 0.007864141 -0.815912127 0.001337318 -0.007870665 0.999968171 25.480907440
0.999984682 -0.005245268 -0.001803007 0.408555150 0.005260530 0.999949455 0.008566430 -0.831027865 0.001757982 -0.008575782 0.999961615 26.015047073
0.999983311 -0.005181975 -0.002568077 0.444123834 0.005203981 0.999949098 0.008637460 -0.856840491 0.002523188 -0.008650678 0.999959409 26.533508301
0.999974787 -0.006502376 -0.002887851 0.417057872 0.006529719 0.999932945 0.009561338 -0.881925106 0.002825486 -0.009579953 0.999950111 26.950065613
0.999977350 -0.005978183 -0.003103294 0.423053980 0.006008303 0.999933958 0.009788550 -0.889385998 0.003044572 -0.009806975 0.999947250 27.501031876
0.999978244 -0.005727881 -0.003269680 0.433055997 0.005759367 0.999936342 0.009702987 -0.906036675 0.003213894 -0.009721609 0.999947608 28.037441254
0.999970496 -0.006565684 -0.003992992 0.450233012 0.006604666 0.999929845 0.009828911 -0.906837344 0.003928178 -0.009854994 0.999943733 28.581119537
0.999969482 -0.006338629 -0.004551930 0.464662880 0.006382163 0.999933422 0.009613855 -0.919855833 0.004490688 -0.009642615 0.999943435 29.093959808
0.999970019 -0.006603251 -0.004040551 0.434322327 0.006643015 0.999928832 0.009908278 -0.943576574 0.003974838 -0.009934824 0.999942720 29.555210114
0.999971986 -0.006013505 -0.004464064 0.443557322 0.006055991 0.999935925 0.009565736 -0.953046083 0.004406255 -0.009592501 0.999944270 30.098695755
0.999969304 -0.006326019 -0.004631140 0.453303516 0.006371523 0.999930859 0.009877809 -0.964728951 0.004568333 -0.009907013 0.999940455 30.646068573
0.999971628 -0.005824052 -0.004761129 0.462878793 0.005869706 0.999936342 0.009631985 -0.977429271 0.004704729 -0.009659661 0.999942243 31.174264908
0.999959767 -0.007381869 -0.005086132 0.455909312 0.007433828 0.999919593 0.010273826 -0.994828343 0.005009884 -0.010311224 0.999934256 31.625209808
0.999960065 -0.007011162 -0.005549020 0.465269148 0.007068069 0.999921918 0.010303061 -1.004208803 0.005476351 -0.010341872 0.999931455 32.166969299
0.999959767 -0.006978958 -0.005637698 0.466431260 0.007037526 0.999920726 0.010436457 -1.011764765 0.005564415 -0.010475713 0.999929667 32.710083008
0.999958396 -0.006969032 -0.005892848 0.481734157 0.007029150 0.999922812 0.010243288 -1.022561312 0.005821007 -0.010284283 0.999930143 33.248497009
0.999961972 -0.006550426 -0.005754379 0.467724621 0.006610661 0.999922872 0.010511694 -1.054573178 0.005685079 -0.010549335 0.999928176 33.694980621
0.999960840 -0.006665792 -0.005816981 0.472962618 0.006727441 0.999920726 0.010643614 -1.060316920 0.005745571 -0.010682330 0.999926448 34.242534637
0.999959469 -0.006559289 -0.006160087 0.486596167 0.006622383 0.999925196 0.010278516 -1.071059823 0.006092207 -0.010318895 0.999928236 34.786304474
0.999956846 -0.006428918 -0.006701939 0.497690350 0.006496860 0.999927223 0.010165680 -1.084701896 0.006636096 -0.010208784 0.999925911 35.354339600
0.999963820 -0.005686212 -0.006318632 0.479070395 0.005751572 0.999929667 0.010374443 -1.107592106 0.006259196 -0.010410410 0.999926209 35.916629791
0.999952495 -0.007251486 -0.006523166 0.497478962 0.007319825 0.999917924 0.010514265 -1.089443445 0.006446386 -0.010561513 0.999923408 36.397392273
0.999957621 -0.006637970 -0.006365826 0.483999580 0.006708744 0.999915183 0.011161829 -1.126164913 0.006291194 -0.011204064 0.999917448 36.857379913
0.999958694 -0.006112170 -0.006716048 0.491655678 0.006184866 0.999921918 0.010857334 -1.133534074 0.006649162 -0.010898424 0.999918520 37.396266937
0.999954402 -0.006490787 -0.006995956 0.511370778 0.006564785 0.999922097 0.010606708 -1.136870146 0.006926565 -0.010652152 0.999919355 37.926071167
0.999962866 -0.005560453 -0.006582722 0.511780500 0.005631371 0.999925792 0.010804358 -1.152239919 0.006522156 -0.010841028 0.999919951 38.469104767
0.999951363 -0.006674768 -0.007256174 0.541126668 0.006753321 0.999918222 0.010855649 -1.158653259 0.007183122 -0.010904126 0.999914706 39.054347992
0.999946892 -0.007422339 -0.007149184 0.492289007 0.007508928 0.999897838 0.012162159 -1.208490849 0.007058180 -0.012215194 0.999900460 39.459335327
0.999954224 -0.006523706 -0.006997247 0.498966396 0.006605503 0.999909401 0.011731203 -1.210722327 0.006920081 -0.011776887 0.999906659 40.009239197
0.999947608 -0.006901791 -0.007562339 0.515429020 0.006991695 0.999904394 0.011927003 -1.222982168 0.007479298 -0.011979252 0.999900162 40.556503296
0.999948204 -0.006888869 -0.007501117 0.516445279 0.006976800 0.999906540 0.011760052 -1.219431043 0.007419403 -0.011811777 0.999902666 41.081668854
0.999942362 -0.007593120 -0.007593164 0.531972647 0.007683927 0.999898434 0.012002303 -1.221101522 0.007501257 -0.012059958 0.999899089 41.627136230
0.999946654 -0.007198176 -0.007410809 0.510489166 0.007289637 0.999896705 0.012389400 -1.257670641 0.007320862 -0.012442759 0.999895811 42.080410004
0.999944568 -0.007449803 -0.007448597 0.518107295 0.007541509 0.999895215 0.012360478 -1.268839121 0.007355733 -0.012415966 0.999895871 42.625755310
0.999952674 -0.006398669 -0.007334292 0.524922311 0.006482108 0.999913990 0.011409916 -1.256477356 0.007260653 -0.011456918 0.999908030 43.163085938
0.999947786 -0.006637736 -0.007772340 0.547233820 0.006727454 0.999910414 0.011574458 -1.278252363 0.007694816 -0.011626143 0.999902785 43.741786957
0.999947309 -0.007274085 -0.007247189 0.517122924 0.007367152 0.999889672 0.012898833 -1.309921622 0.007152562 -0.012951544 0.999890506 44.163887024
0.999943972 -0.007254031 -0.007713880 0.530822515 0.007350109 0.999894857 0.012500710 -1.310404062 0.007622389 -0.012556707 0.999892056 44.704288483
0.999945939 -0.007080853 -0.007620076 0.532701135 0.007176776 0.999894381 0.012635323 -1.325500727 0.007529803 -0.012689327 0.999891102 45.267547607
0.999944091 -0.006902916 -0.008015587 0.538589001 0.007001707 0.999899030 0.012362788 -1.336194038 0.007929440 -0.012418219 0.999891460 45.801998138
0.999943614 -0.007059382 -0.007935788 0.540622234 0.007156795 0.999898553 0.012314506 -1.336822748 0.007848051 -0.012370607 0.999892652 46.342002869
0.999943912 -0.007353519 -0.007640580 0.534919620 0.007452378 0.999887824 0.012991668 -1.363627076 0.007544189 -0.013047878 0.999886394 46.762928009
0.999943197 -0.007457714 -0.007614738 0.545153379 0.007557262 0.999885261 0.013129131 -1.372166872 0.007515951 -0.013185933 0.999884725 47.315597534
0.999943376 -0.007147022 -0.007883772 0.556342840 0.007248906 0.999889612 0.012971418 -1.379673481 0.007790196 -0.013027832 0.999884725 47.856349945
0.999946952 -0.006844886 -0.007710904 0.549813688 0.006941945 0.999896049 0.012631527 -1.383763075 0.007623641 -0.012684384 0.999890447 48.405357361
0.999925911 -0.008543958 -0.008679432 0.566977739 0.008651312 0.999885619 0.012407462 -1.392728567 0.008572429 -0.012481631 0.999885321 48.927799225
0.999927938 -0.008363460 -0.008610263 0.566984296 0.008474553 0.999880254 0.012947863 -1.400197983 0.008500942 -0.013019897 0.999879062 49.414596558
0.999938667 -0.007495549 -0.008142575 0.555333376 0.007602568 0.999884188 0.013192831 -1.418748140 0.008042742 -0.013253930 0.999879777 49.796424866
0.999937236 -0.007911441 -0.007932006 0.562840462 0.008013778 0.999883950 0.012954103 -1.421610117 0.007828602 -0.013016857 0.999884605 50.357513428
0.999946654 -0.006962180 -0.007615576 0.558257818 0.007063638 0.999885619 0.013377762 -1.434028983 0.007521566 -0.013430845 0.999881446 50.892944336
0.999936640 -0.007555659 -0.008336443 0.567863762 0.007658854 0.999893546 0.012417009 -1.438923120 0.008241737 -0.012480072 0.999888122 51.453651428
0.999949813 -0.006551009 -0.007575900 0.572610497 0.006640069 0.999908447 0.011790931 -1.446287632 0.007497963 -0.011840646 0.999901772 52.008129120
0.999938667 -0.007527055 -0.008124959 0.557285011 0.007628623 0.999892175 0.012543013 -1.430707932 0.008029670 -0.012604224 0.999888301 52.356014252
0.999934256 -0.007756243 -0.008446824 0.566948414 0.007859577 0.999893844 0.012269941 -1.439984798 0.008350758 -0.012335523 0.999889076 52.913791656
0.999935806 -0.007783277 -0.008229701 0.573911428 0.007881125 0.999897838 0.011924785 -1.443600297 0.008136046 -0.011988879 0.999894977 53.468612671
0.999943554 -0.007007127 -0.007979607 0.577454448 0.007103249 0.999901772 0.012081939 -1.445313811 0.007894163 -0.012137939 0.999895155 53.988262177
0.999937654 -0.007520760 -0.008255633 0.603923798 0.007622502 0.999894500 0.012362327 -1.469316959 0.008161789 -0.012424486 0.999889433 54.516498566
0.999938607 -0.007847920 -0.007821193 0.574376404 0.007943948 0.999892533 0.012323422 -1.463203669 0.007723640 -0.012384797 0.999893427 54.869102478
0.999934971 -0.008338487 -0.007778522 0.580739677 0.008434836 0.999887109 0.012437070 -1.471974730 0.007673937 -0.012501871 0.999892354 55.422954559
0.999935091 -0.008265538 -0.007842313 0.588340282 0.008359047 0.999893486 0.011966751 -1.475890875 0.007742568 -0.012031529 0.999897599 55.972896576
0.999938786 -0.007942227 -0.007698672 0.591063857 0.008033112 0.999897599 0.011847224 -1.477996588 0.007603790 -0.011908345 0.999900162 56.521816254
0.999943078 -0.007559245 -0.007529918 0.585351408 0.007642528 0.999909282 0.011093561 -1.479133368 0.007445376 -0.011150478 0.999910116 57.099948883
0.999937713 -0.008257379 -0.007505765 0.583273649 0.008348374 0.999891043 0.012173957 -1.500743151 0.007404421 -0.012235859 0.999897659 57.395900726
0.999929011 -0.008846887 -0.007971587 0.595523179 0.008943425 0.999886155 0.012157216 -1.501454473 0.007863126 -0.012227647 0.999894321 57.962078094
0.999927759 -0.009130220 -0.007813591 0.606339574 0.009222958 0.999886453 0.011916142 -1.515862107 0.007703906 -0.011987348 0.999898434 58.487483978
0.999931097 -0.008691017 -0.007891016 0.602833748 0.008784996 0.999889970 0.011954227 -1.510878086 0.007786254 -0.012022727 0.999897361 59.082042694
0.999938071 -0.008248582 -0.007468450 0.588258088 0.008338069 0.999892831 0.012031282 -1.522842050 0.007368409 -0.012092811 0.999899685 59.424625397
0.999933183 -0.008725509 -0.007579615 0.604323030 0.008813025 0.999894023 0.011590805 -1.530582666 0.007477676 -0.011656830 0.999904096 59.954727173
0.999930501 -0.008921750 -0.007702998 0.599225998 0.009005515 0.999899924 0.010909106 -1.527764082 0.007604899 -0.010977717 0.999910831 60.506271362
0.999931335 -0.008631961 -0.007907616 0.607225537 0.008715866 0.999905348 0.010638313 -1.541393161 0.007815040 -0.010706505 0.999912202 61.067714691
0.999938786 -0.008265445 -0.007353493 0.595743418 0.008350815 0.999897182 0.011655422 -1.551641226 0.007256398 -0.011716117 0.999905050 61.442638397
0.999941826 -0.007875465 -0.007364723 0.603800714 0.007957536 0.999905825 0.011181733 -1.555078387 0.007275966 -0.011239689 0.999910355 61.994625092
0.999944866 -0.007716568 -0.007117514 0.613862991 0.007797731 0.999903977 0.011446830 -1.565905333 0.007028501 -0.011501700 0.999909103 62.537014008
0.999945045 -0.007944406 -0.006842406 0.636161566 0.008023696 0.999900043 0.011639648 -1.583885670 0.006749252 -0.011693910 0.999908864 63.038864136
0.999936163 -0.008564212 -0.007369812 0.618403435 0.008650345 0.999893665 0.011735867 -1.578897476 0.007268520 -0.011798867 0.999903977 63.452571869
0.999949157 -0.007463655 -0.006785360 0.622316480 0.007540446 0.999907017 0.011362839 -1.586936951 0.006699921 -0.011413427 0.999912441 64.000350952
0.999944389 -0.007683497 -0.007231716 0.629742742 0.007764852 0.999906123 0.011289645 -1.588533401 0.007144293 -0.011345170 0.999910116 64.531730652
0.999943137 -0.007927303 -0.007139099 0.651524901 0.008000458 0.999915183 0.010277235 -1.594610214 0.007057022 -0.010333766 0.999921679 65.062873840
0.999942005 -0.008091671 -0.007107235 0.636327147 0.008172228 0.999901772 0.011379590 -1.609033346 0.007014458 -0.011437012 0.999909997 65.457138062
0.999937773 -0.008333914 -0.007415263 0.650927007 0.008418110 0.999899626 0.011396709 -1.615682840 0.007319540 -0.011458425 0.999907553 66.014907837
0.999939978 -0.008141548 -0.007326234 0.661223769 0.008222765 0.999904215 0.011124767 -1.630171299 0.007234960 -0.011184342 0.999911308 66.536743164
0.999936461 -0.008506154 -0.007388388 0.669033885 0.008586366 0.999903738 0.010893586 -1.624371290 0.007295014 -0.010956333 0.999913394 67.078681946
0.999947011 -0.007645356 -0.006890316 0.651759923 0.007721802 0.999908149 0.011137200 -1.634872913 0.006804536 -0.011189817 0.999914229 67.449974060
0.999947786 -0.007406011 -0.007045464 0.667170405 0.007485000 0.999908626 0.011251844 -1.648542166 0.006961489 -0.011303994 0.999911845 67.984008789
0.999947608 -0.007393125 -0.007084625 0.668110847 0.007464824 0.999920666 0.010147913 -1.645756841 0.007009038 -0.010200265 0.999923348 68.524597168
0.999957085 -0.006719830 -0.006375152 0.673412323 0.006785793 0.999923110 0.010382316 -1.661026716 0.006304893 -0.010425129 0.999925733 69.065017700
0.999952316 -0.007237274 -0.006556089 0.659199655 0.007307912 0.999914825 0.010815332 -1.668777227 0.006477258 -0.010862728 0.999919951 69.454910278
0.999950647 -0.007438000 -0.006590354 0.666857958 0.007508832 0.999913633 0.010789228 -1.673110723 0.006509535 -0.010838180 0.999920070 70.008903503
0.999946713 -0.007613735 -0.006970136 0.680273175 0.007686126 0.999916196 0.010418763 -1.679974556 0.006890228 -0.010471783 0.999921381 70.568801880
0.999953330 -0.007122577 -0.006525994 0.690253615 0.007191885 0.999917328 0.010659292 -1.696046114 0.006449535 -0.010705727 0.999921918 71.072189331
0.999952853 -0.007298914 -0.006404109 0.673442125 0.007361302 0.999925137 0.009772997 -1.691381574 0.006332298 -0.009819678 0.999931753 71.639190674
0.999956191 -0.007163196 -0.006023967 0.666598201 0.007227385 0.999916613 0.010702341 -1.697948694 0.005946802 -0.010745409 0.999924600 71.942153931
0.999955475 -0.007229921 -0.006068034 0.674984753 0.007295908 0.999913752 0.010923664 -1.707050562 0.005988534 -0.010967449 0.999921918 72.475074768
0.999956608 -0.006905376 -0.006245865 0.678187132 0.006970520 0.999920905 0.010468946 -1.706296206 0.006173080 -0.010512029 0.999925673 73.043174744
0.999961555 -0.006523176 -0.005858399 0.676636219 0.006579925 0.999931097 0.009720263 -1.719891548 0.005794587 -0.009758436 0.999935567 73.577133179
0.999947548 -0.007659857 -0.006789428 0.692960739 0.007724312 0.999924898 0.009518765 -1.722449422 0.006716006 -0.009570709 0.999931633 74.144378662
0.999957621 -0.007073936 -0.005892662 0.687989473 0.007127650 0.999932826 0.009144668 -1.730146408 0.005827576 -0.009186279 0.999940813 74.660499573
0.999961972 -0.006866755 -0.005373495 0.663456917 0.006921054 0.999924481 0.010152510 -1.745264769 0.005303374 -0.010189315 0.999933958 74.948318481
0.999958575 -0.007326392 -0.005391994 0.676846385 0.007380651 0.999921679 0.010112654 -1.758996964 0.005317482 -0.010152032 0.999934316 75.492752075
0.999962270 -0.006803123 -0.005403250 0.677000046 0.006855649 0.999928832 0.009762849 -1.761571884 0.005336448 -0.009799524 0.999937713 75.969429016
0.999958396 -0.007509503 -0.005179930 0.687472939 0.007559847 0.999923706 0.009768968 -1.766894817 0.005106174 -0.009807721 0.999938846 76.515083313
0.999968469 -0.007007550 -0.003748637 0.687868118 0.007043011 0.999929786 0.009531585 -1.774652481 0.003681580 -0.009557687 0.999947548 77.057197571
0.999979675 -0.006047975 -0.001990661 0.684643865 0.006067269 0.999933183 0.009833225 -1.784271598 0.001931057 -0.009845102 0.999949694 77.484069824
0.999978721 -0.006485364 -0.000738395 0.699465215 0.006492141 0.999933004 0.009579377 -1.790303946 0.000676218 -0.009583967 0.999953866 78.039299011
0.999977767 -0.005869102 0.003178859 0.711318016 0.005839280 0.999939501 0.009310982 -1.799178004 -0.003233314 -0.009292210 0.999951661 78.573318481
0.999956012 -0.006305012 0.006932493 0.715573549 0.006236741 0.999932230 0.009825914 -1.799206018 -0.006993975 -0.009782244 0.999927700 79.024627686
0.999931693 -0.006363652 0.009806896 0.739851236 0.006268840 0.999933600 0.009668496 -1.810537815 -0.009867772 -0.009606358 0.999905169 79.566902161
0.999873459 -0.006165596 0.014666261 0.760683894 0.006028735 0.999938011 0.009357648 -1.815395117 -0.014723048 -0.009268042 0.999848664 80.139213562
0.999761701 -0.005260526 0.021184264 0.781187236 0.005061175 0.999942541 0.009452962 -1.826375604 -0.021232774 -0.009343494 0.999730945 80.636352539
0.999623775 -0.006203607 0.026721643 0.790944338 0.005950601 0.999936819 0.009537404 -1.829984903 -0.026779125 -0.009374804 0.999597430 81.070747375
0.999462306 -0.006043910 0.032228522 0.823043346 0.005738900 0.999937952 0.009548142 -1.835983038 -0.032284226 -0.009358050 0.999434948 81.625839233
0.999191225 -0.006500785 0.039682996 0.862478971 0.006147583 0.999940515 0.009016128 -1.840525627 -0.039739240 -0.008764881 0.999171734 82.177993774
0.998812318 -0.006122615 0.048337087 0.896275043 0.005677860 0.999940336 0.009333064 -1.852684855 -0.048391346 -0.009047528 0.998787463 82.660812378
0.998458862 -0.006718742 0.055087142 0.950165033 0.006223745 0.999938726 0.009152358 -1.857190490 -0.055145256 -0.008795406 0.998439550 83.209693909
0.997921824 -0.006163311 0.064139962 1.001234531 0.005595708 0.999943614 0.009025304 -1.867325783 -0.064191975 -0.008647638 0.997900188 83.756286621
0.997239351 -0.006667285 0.073954202 1.047356129 0.005998326 0.999939084 0.009263998 -1.871548295 -0.074011445 -0.008794822 0.997218609 84.212471008
0.996563017 -0.006947609 0.082546234 1.112656593 0.006232509 0.999940813 0.008917548 -1.874845743 -0.082603306 -0.008372428 0.996547341 84.759803772
0.995878220 -0.006423790 0.090472668 1.176043510 0.005654647 0.999945700 0.008755149 -1.889994502 -0.090523973 -0.008207472 0.995860457 85.285385132
0.994854987 -0.007145058 0.101057075 1.227517605 0.006283422 0.999941170 0.008841981 -1.887092233 -0.101114303 -0.008161505 0.994841337 85.764335632
0.993774772 -0.008526384 0.111080900 1.320753098 0.007582058 0.999931514 0.008920894 -1.899049282 -0.111149356 -0.008023139 0.993771255 86.295936584
0.992652357 -0.008464007 0.120705135 1.397331238 0.007424136 0.999931395 0.009062093 -1.907188416 -0.120773546 -0.008099378 0.992647052 86.827934265
0.991255760 -0.007878232 0.131718874 1.492731094 0.006693357 0.999933004 0.009435824 -1.917304516 -0.131784394 -0.008471675 0.991242111 87.366386414
0.989501655 -0.007521244 0.144325882 1.563202858 0.006327763 0.999941826 0.008726601 -1.901232600 -0.144383147 -0.007721726 0.989491820 87.925903320
0.987889230 -0.007876707 0.154961094 1.670840263 0.006635946 0.999941587 0.008522589 -1.910851002 -0.155019179 -0.007391059 0.987883806 88.474800110
0.986227632 -0.008079206 0.165196329 1.786077499 0.006729605 0.999939263 0.008727755 -1.919329762 -0.165256828 -0.007495848 0.986222088 89.002799988
0.983908236 -0.007697452 0.178508431 1.903114319 0.006188089 0.999940276 0.009010669 -1.932349682 -0.178567111 -0.007761045 0.983897090 89.540924072
0.981552064 -0.007449570 0.191049889 1.992379189 0.005819189 0.999941647 0.009093426 -1.934435368 -0.191106439 -0.007813916 0.981538355 90.046867371
0.979476750 -0.007970196 0.201399639 2.123455048 0.006363662 0.999942541 0.008623054 -1.939073801 -0.201456815 -0.007164442 0.979471207 90.594818115
0.976918697 -0.009754618 0.213388532 2.285404205 0.007979699 0.999926031 0.009177518 -1.971061707 -0.213462278 -0.007262912 0.976924419 91.051628113
0.973757267 -0.009070486 0.227408141 2.417564392 0.007139269 0.999931097 0.009313418 -1.970307112 -0.227476984 -0.007445479 0.973755002 91.623481750
0.970855057 -0.008185784 0.239527524 2.501880646 0.006101978 0.999936819 0.009439966 -1.941234112 -0.239589661 -0.007703245 0.970843673 92.110603333
0.967748046 -0.008301824 0.251783311 2.657958984 0.006168373 0.999938130 0.009261456 -1.955619454 -0.251844615 -0.007409663 0.967739284 92.620117188
0.964141428 -0.009214043 0.265229017 2.828063965 0.006982759 0.999931872 0.009354365 -1.960315108 -0.265297115 -0.007166900 0.964140117 93.148635864
0.960612774 -0.009106925 0.277741343 3.007093430 0.006689158 0.999931037 0.009651452 -1.970991611 -0.277810097 -0.007413453 0.960607350 93.702903748
0.957215428 -0.009277725 0.289227486 3.135393143 0.006790666 0.999930799 0.009601272 -1.964414597 -0.289296567 -0.007226437 0.957212210 94.166816711
0.952910900 -0.009736052 0.303094089 3.324678421 0.007254717 0.999930322 0.009311548 -1.969532132 -0.303163677 -0.006674212 0.952915132 94.684158325
0.948482573 -0.010363738 0.316659778 3.534229279 0.007785971 0.999925375 0.009404761 -1.975678444 -0.316733629 -0.006454747 0.948492527 95.201240540
0.944422066 -0.009359799 0.328601897 3.729562759 0.006371367 0.999927998 0.010169948 -1.991631746 -0.328673422 -0.007511083 0.944413722 95.749374390
0.940001726 -0.010344002 0.341012746 3.892820358 0.007249184 0.999920130 0.010348380 -2.000441074 -0.341092616 -0.007255428 0.940001726 96.174446106
0.934822440 -0.010812869 0.354950696 4.109540939 0.007722264 0.999918878 0.010122662 -2.005706787 -0.355031371 -0.006721870 0.934830189 96.683219910
0.930079162 -0.010785640 0.367200643 4.330816269 0.007452543 0.999917209 0.010493692 -2.013514996 -0.367283434 -0.007023387 0.930082560 97.192199707
0.925788641 -0.011065634 0.377879858 4.537275314 0.007787094 0.999917626 0.010203033 -2.022269726 -0.377961725 -0.006503265 0.925798357 97.656410217
0.920227885 -0.011288849 0.391220301 4.776050568 0.007741905 0.999913394 0.010642487 -2.029408693 -0.391306549 -0.006764722 0.920235515 98.152465820
0.914573371 -0.011390803 0.404259771 5.013191223 0.007783208 0.999913871 0.010566248 -2.035887003 -0.404345334 -0.006517170 0.914583206 98.631500244
0.909409523 -0.011475338 0.415743440 5.258384705 0.007845660 0.999914765 0.010437788 -2.042345524 -0.415827811 -0.006230442 0.909421980 99.151679993
0.903058231 -0.011579504 0.429362059 5.516971588 0.008026134 0.999916971 0.010085836 -2.046217203 -0.429443210 -0.005661980 0.903076112 99.635620117
0.895941377 -0.011383227 0.444026381 5.783668518 0.007590960 0.999917984 0.010317492 -2.061909676 -0.444107473 -0.005873281 0.895954311 100.116874695
0.889712453 -0.012293558 0.456355810 6.018047333 0.008363078 0.999908507 0.010631385 -2.056870699 -0.456444710 -0.005642335 0.889733851 100.597396851
0.884101510 -0.012668221 0.467123091 6.296852112 0.008591474 0.999904215 0.010856387 -2.065950871 -0.467215866 -0.005584872 0.884125590 101.072837830
0.877069116 -0.013724911 0.480168015 6.575988770 0.009672020 0.999893665 0.010913721 -2.076649189 -0.480266780 -0.004927893 0.877108574 101.522346497
