1.000000000 0.000000000 0.000000000 0.000000000 0.000000000 1.000000000 0.000000000 0.000000000 0.000000000 0.000000000 1.000000000 0.000000000
1.000000000 0.000071120 0.000108949 -0.003186612 -0.000071102 1.000000000 -0.000171666 0.004192544 -0.000108961 0.000171659 1.000000000 0.003845752
1.000000000 0.000064830 0.000066489 -0.002293615 -0.000064819 1.000000000 -0.000168677 0.002827749 -0.000066500 0.000168673 1.000000000 0.000955628
0.999999940 0.000300991 0.000141041 -0.000824553 -0.000300970 0.999999940 -0.000144081 0.003384355 -0.000141084 0.000144039 1.000000000 -0.001995865
1.000000000 0.000165277 0.000040012 0.002570645 -0.000165274 1.000000000 -0.000068176 0.001736640 -0.000040023 0.000068170 1.000000000 -0.001147914
1.000000000 0.000120874 0.000018000 0.000944597 -0.000120874 1.000000000 0.000009533 0.001166658 -0.000017998 -0.000009535 1.000000000 -0.003019030
1.000000000 0.000018119 0.000096663 -0.002669073 -0.000018107 1.000000000 -0.000118916 0.001725835 -0.000096665 0.000118915 1.000000000 -0.002163731
1.000000000 -0.000021403 -0.000030972 0.000455317 0.000021402 1.000000000 -0.000031857 0.001785709 0.000030972 0.000031856 1.000000000 -0.002611706
1.000000000 -0.000003695 0.000120178 -0.005324441 0.000003715 1.000000000 -0.000171771 0.004009062 -0.000120178 0.000171772 1.000000000 0.004068456
0.999999940 0.000155960 0.000232430 -0.005622752 -0.000155920 1.000000000 -0.000171169 0.002962478 -0.000232457 0.000171133 0.999999940 -0.000865758
1.000000000 0.000200484 0.000109861 0.000602107 -0.000200468 0.999999940 -0.000142590 0.002356305 -0.000109890 0.000142568 1.000000000 -0.004203690
0.999999940 0.000229440 0.000165666 -0.002444768 -0.000229426 0.999999940 -0.000084302 0.002732124 -0.000165685 0.000084264 1.000000000 -0.002882577
1.000000000 0.000087303 0.000202884 -0.005390003 -0.000087287 1.000000000 -0.000081078 0.000826409 -0.000202891 0.000081060 1.000000000 -0.002174925
1.000000000 -0.000012640 0.000119585 -0.002828196 0.000012649 1.000000000 -0.000080401 0.000356642 -0.000119584 0.000080403 1.000000000 -0.001969734
1.000000000 0.000064930 0.000054841 0.000067259 -0.000064924 1.000000000 -0.000097593 0.001888696 -0.000054848 0.000097590 1.000000000 -0.005492958
1.000000000 -0.000157179 -0.000079428 0.001891046 0.000157182 1.000000000 0.000032981 0.000545187 0.000079423 -0.000032993 1.000000000 -0.006558977
0.999999940 -0.000302838 -0.000105313 0.002087025 0.000302835 0.999999940 -0.000028701 -0.000963378 0.000105322 0.000028669 1.000000000 -0.009045964
1.000000000 -0.000047132 0.000122317 -0.003630739 0.000047137 1.000000000 -0.000036910 0.000132894 -0.000122315 0.000036915 1.000000000 -0.003051579
1.000000000 0.000099920 -0.000017340 0.000183000 -0.000099919 1.000000000 0.000051003 0.001436851 0.000017345 -0.000051002 1.000000000 -0.007784158
1.000000000 -0.000086920 -0.000020824 -0.001497971 0.000086919 1.000000000 -0.000033442 -0.000238357 0.000020827 0.000033440 1.000000000 -0.006958705
1.000000000 0.000009697 0.000049288 -0.001116608 -0.000009692 1.000000000 -0.000097102 0.001747278 -0.000049289 0.000097101 1.000000000 -0.007157288
1.000000000 -0.000142265 0.000050526 -0.001036092 0.000142265 1.000000000 0.000001119 -0.000389968 -0.000050526 -0.000001112 1.000000000 -0.005298329
1.000000000 0.000118866 0.000174830 -0.006519813 -0.000118831 1.000000000 -0.000198980 0.003349243 -0.000174853 0.000198960 0.999999940 0.002313546
1.000000000 -0.000147429 -0.000100293 0.000516612 0.000147419 1.000000000 -0.000100804 0.000670327 0.000100308 0.000100789 1.000000000 0.000006735
1.000000000 -0.000065636 0.000037437 -0.001608992 0.000065637 1.000000000 -0.000012958 0.002304150 -0.000037436 0.000012960 1.000000000 0.001003490
1.000000000 0.000059247 -0.000041198 0.002362135 -0.000059251 1.000000000 -0.000103748 0.002595637 0.000041192 0.000103751 1.000000000 -0.007106245
1.000000000 -0.000072751 0.000082045 -0.001721486 0.000072757 1.000000000 -0.000079498 0.002319672 -0.000082039 0.000079504 1.000000000 -0.004926892
0.999999940 0.000224537 0.000239872 -0.005477173 -0.000224483 0.999999940 -0.000223728 0.003190730 -0.000239922 0.000223674 0.999999940 0.000511413
1.000000000 0.000054809 0.000150654 -0.004958150 -0.000054809 1.000000000 -0.000000745 0.001672188 -0.000150654 0.000000737 1.000000000 -0.000811050
1.000000000 -0.000132686 0.000060177 -0.004987417 0.000132693 1.000000000 -0.000120007 0.005709676 -0.000060161 0.000120015 1.000000000 0.003216502
1.000000000 -0.000097560 0.000033629 -0.002394293 0.000097561 1.000000000 -0.000036422 0.001771838 -0.000033625 0.000036425 1.000000000 -0.001963985
1.000000000 -0.000176222 0.000098413 -0.004221938 0.000176218 1.000000000 0.000039090 0.001674134 -0.000098420 -0.000039073 1.000000000 0.001992463
1.000000000 -0.000191811 0.000076906 -0.003600348 0.000191805 1.000000000 0.000075733 0.000466018 -0.000076921 -0.000075718 1.000000000 -0.005122423
1.000000000 -0.000203935 -0.000027358 -0.001063810 0.000203937 1.000000000 0.000062207 0.001089687 0.000027345 -0.000062212 1.000000000 -0.005145930
1.000000000 0.000043103 0.000059447 -0.003231735 -0.000043098 1.000000000 -0.000086287 0.000763935 -0.000059451 0.000086285 1.000000000 -0.001897069
1.000000000 0.000022502 0.000105897 -0.004191558 -0.000022492 1.000000000 -0.000091495 0.002512587 -0.000105899 0.000091492 1.000000000 -0.000481924
1.000000000 -0.000187578 -0.000134600 0.002231122 0.000187593 1.000000000 0.000113679 -0.000027051 0.000134579 -0.000113704 1.000000000 -0.011509747
1.000000000 -0.000032557 0.000069174 -0.003373567 0.000032573 1.000000000 -0.000236189 0.004228689 -0.000069167 0.000236191 0.999999940 0.000515334
1.000000000 -0.000164747 0.000109709 -0.003547279 0.000164746 1.000000000 0.000010640 0.001670839 -0.000109711 -0.000010622 1.000000000 0.000076195
1.000000000 -0.000004385 -0.000045113 0.001496592 0.000004395 1.000000000 0.000227007 -0.002295753 0.000045112 -0.000227007 1.000000000 -0.009520387
0.999999940 -0.000277621 -0.000146245 0.000374698 0.000277632 0.999999940 0.000074381 -0.001538872 0.000146225 -0.000074422 1.000000000 -0.001106158
1.000000000 0.000106708 0.000065767 0.002504238 -0.000106672 0.999999821 -0.000550789 -0.005084137 -0.000065826 0.000550782 0.999999821 0.048621662
1.000000000 0.000052710 -0.000022580 0.000971246 -0.000052742 0.999998987 -0.001424401 -0.000331466 0.000022505 0.001424402 0.999998987 0.149176612
1.000000000 -0.000050091 -0.000061503 0.004145670 0.000050006 0.999999046 -0.001392414 -0.010116598 0.000061573 0.001392411 0.999999046 0.263376117
0.999999940 -0.000240678 0.000049041 0.001176135 0.000240744 0.999999046 -0.001343019 -0.010417570 -0.000048718 0.001343030 0.999999106 0.391222388
1.000000000 0.000067495 -0.000160043 0.006700491 -0.000067676 0.999999344 -0.001132709 -0.018562939 0.000159966 0.001132719 0.999999344 0.532975554
0.999999940 0.000165346 0.000338344 -0.003124745 -0.000165000 0.999999464 -0.001022738 -0.032412209 -0.000338513 0.001022682 0.999999404 0.691344857
0.999999821 -0.000625261 -0.000161872 0.020509714 0.000625174 0.999999642 -0.000531855 -0.033348192 0.000162204 0.000531754 0.999999821 0.847547531
0.999999940 -0.000218805 -0.000264036 0.023992982 0.000218662 0.999999821 -0.000540983 -0.036588203 0.000264154 0.000540926 0.999999821 1.028459072
1.000000000 -0.000058285 -0.000232431 0.031082386 0.000058083 0.999999642 -0.000870838 -0.031169103 0.000232481 0.000870824 0.999999583 1.201527476
0.999999702 -0.000593281 -0.000436481 0.042183265 0.000593085 0.999999702 -0.000448566 -0.046359334 0.000436747 0.000448307 0.999999821 1.413266540
0.999996662 0.001142630 0.002305618 -0.003799906 -0.001142710 0.999999285 0.000033506 -0.057784148 -0.002305579 -0.000036140 0.999997318 1.485676169
0.999996603 0.000608101 0.002521443 0.002907148 -0.000608658 0.999999762 0.000220181 -0.061561156 -0.002521308 -0.000221715 0.999996841 1.688136697
0.999998331 -0.000099997 0.001833853 0.011678282 0.000099023 0.999999881 0.000531164 -0.071357772 -0.001833906 -0.000530982 0.999998152 1.864648819
0.999998212 -0.000155326 0.001886528 0.017758366 0.000154767 0.999999940 0.000296479 -0.076349132 -0.001886574 -0.000296186 0.999998093 2.093888998
0.999997795 0.000458459 0.002046064 0.020611797 -0.000459791 0.999999642 0.000650414 -0.082282290 -0.002045765 -0.000651353 0.999997616 2.297410727
0.999998033 0.000230884 0.001988701 0.025650468 -0.000232504 0.999999642 0.000814386 -0.092918381 -0.001988513 -0.000814847 0.999997616 2.528979063
0.999998510 -0.000256570 0.001687392 0.040554926 0.000254670 0.999999285 0.001126411 -0.105519257 -0.001687679 -0.001125979 0.999997914 2.755239010
0.999998569 -0.000357609 0.001683135 0.048164058 0.000355364 0.999999106 0.001333963 -0.114482448 -0.001683611 -0.001333362 0.999997675 3.001123190
0.999999285 -0.000256339 0.001225653 0.062474363 0.000254993 0.999999404 0.001098414 -0.117184192 -0.001225934 -0.001098101 0.999998569 3.249550343
0.999998510 0.000001046 0.001759635 0.061401159 -0.000003081 0.999999285 0.001156629 -0.123920605 -0.001759633 -0.001156633 0.999997675 3.502954960
0.999998868 -0.001404551 0.000588497 0.067885675 0.001403538 0.999997556 0.001719157 -0.150287241 -0.000590910 -0.001718329 0.999998331 3.707908869
0.999997497 -0.002159590 0.000582841 0.069420300 0.002158313 0.999995351 0.002183167 -0.163555324 -0.000587553 -0.002181904 0.999997437 3.966135263
0.999998748 -0.001454556 0.000706063 0.072877541 0.001452746 0.999995768 0.002557694 -0.168952674 -0.000709780 -0.002556665 0.999996483 4.221814156
0.999997437 -0.002152262 0.000700973 0.088816881 0.002150572 0.999994814 0.002402124 -0.172391713 -0.000706139 -0.002400611 0.999996841 4.500236034
0.999998093 -0.001911551 0.000359628 0.080110587 0.001910585 0.999994755 0.002666909 -0.198673144 -0.000364724 -0.002666218 0.999996364 4.735688686
0.999998033 -0.001872065 0.000603950 0.085833855 0.001870577 0.999995291 0.002454834 -0.203717202 -0.000608542 -0.002453699 0.999996781 4.992816925
0.999998868 -0.001398457 0.000555067 0.089821845 0.001397006 0.999995649 0.002606685 -0.209896937 -0.000558710 -0.002605906 0.999996483 5.264533520
0.999998927 -0.001187567 0.000820052 0.088856712 0.001185381 0.999995708 0.002661931 -0.219547883 -0.000823210 -0.002660956 0.999996066 5.528546810
0.999998331 -0.001710815 0.000572793 0.091553807 0.001709358 0.999995291 0.002535518 -0.227372482 -0.000577128 -0.002534534 0.999996603 5.812202454
0.999998391 -0.001108395 0.001356786 0.089390814 0.001104843 0.999995887 0.002616219 -0.241389439 -0.001359680 -0.002614716 0.999995649 6.060992241
0.999998271 -0.001276894 0.001298862 0.092915066 0.001273312 0.999995351 0.002754901 -0.246813297 -0.001302374 -0.002753243 0.999995351 6.344155788
0.999998629 -0.000999223 0.001308445 0.105175272 0.000995929 0.999996305 0.002515806 -0.257609576 -0.001310955 -0.002514499 0.999996006 6.640878201
0.999997675 -0.001550044 0.001482951 0.114081331 0.001546275 0.999995589 0.002539564 -0.259152323 -0.001486881 -0.002537265 0.999995649 6.935989380
0.999997377 -0.001265957 0.001879566 0.119664669 0.001260178 0.999994516 0.003072547 -0.280264139 -0.001883446 -0.003070171 0.999993503 7.229296684
0.999998033 -0.000892241 0.001774510 0.111720450 0.000886777 0.999994814 0.003077269 -0.295505881 -0.001777246 -0.003075688 0.999993682 7.520679951
0.999998331 -0.000627241 0.001701996 0.124562286 0.000621158 0.999993384 0.003572593 -0.308698535 -0.001704226 -0.003571530 0.999992132 7.835302830
0.999996543 -0.001290782 0.002269888 0.111630507 0.001283143 0.999993503 0.003363702 -0.313424021 -0.002274215 -0.003360778 0.999991715 8.153638840
0.999997795 -0.000925046 0.001903879 0.132418066 0.000919306 0.999995053 0.003013580 -0.318271309 -0.001906658 -0.003011823 0.999993563 8.491477013
0.999996662 -0.000778649 0.002431728 0.124250263 0.000770268 0.999993801 0.003445332 -0.323682308 -0.002434396 -0.003443448 0.999991059 8.853816032
0.999997914 -0.000742288 0.001893499 0.135880932 0.000735690 0.999993622 0.003482842 -0.348327458 -0.001896072 -0.003481442 0.999992132 9.146726608
0.999997914 -0.001318365 0.001534762 0.150696144 0.001313694 0.999994576 0.003040647 -0.350426763 -0.001538762 -0.003038624 0.999994218 9.490273476
0.999998093 -0.001110043 0.001552396 0.156359121 0.001105235 0.999994636 0.003094316 -0.355670094 -0.001555822 -0.003092595 0.999994040 9.832299232
0.999997735 -0.000384018 0.002066707 0.157743976 0.000377689 0.999995291 0.003061824 -0.369840741 -0.002067873 -0.003061037 0.999993205 10.206483841
0.999997914 -0.000783686 0.001851515 0.169040859 0.000777347 0.999993861 0.003422117 -0.378136009 -0.001854186 -0.003420671 0.999992430 10.571771622
0.999998093 -0.001411543 0.001372615 0.196296543 0.001406669 0.999992788 0.003545545 -0.380246609 -0.001377610 -0.003543608 0.999992788 10.925523758
0.999997973 -0.001404552 0.001407838 0.188699067 0.001398146 0.999988675 0.004541432 -0.431562960 -0.001414200 -0.004539454 0.999988675 11.263509750
0.999997675 -0.001912859 0.000994385 0.202014878 0.001908611 0.999989092 0.004255341 -0.432886004 -0.001002514 -0.004253433 0.999990463 11.647677422
0.999997139 -0.001821939 0.001579668 0.205944106 0.001814638 0.999987721 0.004611035 -0.447011799 -0.001588050 -0.004608155 0.999988139 12.026911736
0.999997735 -0.001033503 0.001869395 0.206348017 0.001025277 0.999989867 0.004396340 -0.454669863 -0.001873920 -0.004394414 0.999988616 12.410733223
0.999997973 -0.001219495 0.001567922 0.228337169 0.001212202 0.999988496 0.004644103 -0.463777781 -0.001573567 -0.004642194 0.999987960 12.808884621
0.999997020 -0.002213367 0.001018017 0.259440064 0.002208661 0.999987006 0.004601291 -0.468645543 -0.001028188 -0.004599030 0.999988914 13.204798698
0.999996960 -0.001190682 0.002133559 0.225071251 0.001179294 0.999985099 0.005330699 -0.515765786 -0.002139874 -0.005328167 0.999983490 13.585639954
0.999996901 -0.000940260 0.002318890 0.235554963 0.000927028 0.999983311 0.005700553 -0.526958346 -0.002324211 -0.005698386 0.999981046 13.993044853
0.999996662 -0.000880659 0.002408391 0.250190407 0.000867341 0.999984384 0.005525337 -0.546957850 -0.002413219 -0.005523229 0.999981880 14.425482750
0.999995053 -0.001535901 0.002725604 0.249822065 0.001519687 0.999981165 0.005940991 -0.552190840 -0.002734678 -0.005936819 0.999978662 14.820549011
0.999994814 -0.001750698 0.002709776 0.275212646 0.001734369 0.999980450 0.006016917 -0.577309847 -0.002720256 -0.006012185 0.999978185 15.284007072
0.999995053 -0.001050688 0.002969578 0.283622921 0.001034160 0.999984026 0.005561804 -0.570721149 -0.002975374 -0.005558706 0.999980092 15.661684036
0.999993622 -0.002156482 0.002889941 0.276232481 0.002139342 0.999980211 0.005920780 -0.595931411 -0.002902652 -0.005914559 0.999978304 16.099163055
0.999993742 -0.002078614 0.002865478 0.289518893 0.002061979 0.999981105 0.005796308 -0.600190461 -0.002877472 -0.005790363 0.999979138 16.557426453
0.999992907 -0.001862255 0.003277302 0.310142934 0.001843950 0.999982774 0.005579449 -0.612225950 -0.003287636 -0.005573365 0.999979079 17.054210663
0.999991536 -0.001678311 0.003748027 0.312667936 0.001657657 0.999983490 0.005506913 -0.617549777 -0.003757208 -0.005500654 0.999977827 17.477617264
0.999991059 -0.002020787 0.003706964 0.332797647 0.001998965 0.999980688 0.005880903 -0.628367305 -0.003718777 -0.005873439 0.999975860 17.944074631
0.999990046 -0.002577042 0.003654504 0.359848142 0.002555107 0.999978840 0.005994393 -0.646538675 -0.003669875 -0.005984996 0.999975383 18.402847290
0.999989748 -0.002200866 0.003962096 0.336464554 0.002176651 0.999978960 0.006105576 -0.664887309 -0.003975451 -0.006096888 0.999973536 18.824775696
0.999990046 -0.002475527 0.003737603 0.355648041 0.002451408 0.999976218 0.006443991 -0.675880015 -0.003753467 -0.006434764 0.999972284 19.301868439
0.999989688 -0.001278786 0.004346828 0.362842172 0.001249109 0.999976039 0.006823095 -0.698120236 -0.004355449 -0.006817595 0.999967277 19.802160263
0.999990523 -0.002214934 0.003750848 0.363894582 0.002192316 0.999979436 0.006023248 -0.701026142 -0.003764112 -0.006014968 0.999974847 20.311614990
0.999991000 -0.000805463 0.004189492 0.384128809 0.000779032 0.999979854 0.006306513 -0.705617607 -0.004194488 -0.006303194 0.999971330 20.811193466
0.999991834 -0.002882589 0.002838945 0.383738130 0.002860979 0.999967098 0.007586795 -0.751459360 -0.002860721 -0.007578611 0.999967158 21.160604477
0.999990940 -0.003152458 0.002888059 0.390152842 0.003130675 0.999966860 0.007516084 -0.760208011 -0.002911658 -0.007506975 0.999967575 21.679615021
0.999993503 -0.003075413 0.001862120 0.400808871 0.003060607 0.999963999 0.007902017 -0.779248714 -0.001886355 -0.007896267 0.999967039 22.198316574
0.999994040 -0.003164416 0.001394588 0.391330510 0.003153832 0.999966621 0.007527249 -0.786230326 -0.001418362 -0.007522807 0.999970734 22.726364136
0.999995112 -0.002873013 0.001200371 0.396134108 0.002864501 0.999971092 0.007033541 -0.799660742 -0.001220544 -0.007030068 0.999974549 23.299278259
0.999994934 -0.003139260 0.000411207 0.438996822 0.003136530 0.999974072 0.006478657 -0.797868192 -0.000431535 -0.006477333 0.999978900 23.766656876
0.999995649 -0.002939668 -0.000256301 0.447894722 0.002941106 0.999978840 0.005805740 -0.798521817 0.000239228 -0.005806468 0.999983132 24.307037354
0.999996603 -0.002440257 -0.000893356 0.472522438 0.002445708 0.999978065 0.006152668 -0.811547041 0.000878322 -0.006154832 0.999980628 24.841840744
0.999999344 -0.000480402 -0.001006399 0.443016499 0.000486967 0.999978542 0.006533872 -0.833938539 0.001003239 -0.006534359 0.999978125 25.332242966
0.999993742 -0.003216422 -0.001468239 0.363267273 0.003226946 0.999968648 0.007222425 -0.921740651 0.001444963 -0.007227118 0.999972820 25.654619217
0.999994338 -0.002747455 -0.001940270 0.370912790 0.002759728 0.999975920 0.006351239 -0.920765162 0.001922773 -0.006356557 0.999977946 26.194423676
0.999991834 -0.003401550 -0.002158980 0.389208555 0.003417280 0.999967337 0.007324331 -0.949178874 0.002133995 -0.007331649 0.999970794 26.740962982
0.999979734 -0.004932879 -0.004011088 0.441192865 0.004963249 0.999958813 0.007597022 -0.969387293 0.003973447 -0.007616777 0.999963045 27.256752014
0.999980390 -0.004886752 -0.003926719 0.460252851 0.004917432 0.999957144 0.007841760 -0.965554357 0.003888229 -0.007860917 0.999961436 27.776292801
0.999984682 -0.003567738 -0.004223878 0.460174203 0.003601588 0.999961197 0.008033697 -0.982364058 0.004195051 -0.008048788 0.999958754 28.273832321
0.999981880 -0.004591883 -0.003892616 0.377265990 0.004623009 0.999957085 0.008025416 -0.996453285 0.003855598 -0.008043266 0.999960244 28.750305176
0.999980211 -0.004624197 -0.004273289 0.392205536 0.004657756 0.999958158 0.007876803 -1.002255678 0.004236686 -0.007896551 0.999959886 29.300422668
0.999985933 -0.003331069 -0.004127326 0.414646089 0.003358878 0.999971569 0.006749151 -1.026694179 0.004104727 -0.006762919 0.999968767 29.804227829
0.999982238 -0.003134527 -0.005076963 0.430706978 0.003178314 0.999957681 0.008639625 -1.062800050 0.005049666 -0.008655609 0.999949813 30.383417130
0.999973297 -0.003813066 -0.006243978 0.457940131 0.003865951 0.999956608 0.008479781 -1.052379727 0.006211373 -0.008503691 0.999944568 30.965751648
0.999975979 -0.003914319 -0.005715708 0.459483176 0.003960964 0.999958754 0.008172453 -1.057203174 0.005683484 -0.008194896 0.999950290 31.236207962
0.999971986 -0.004184392 -0.006207383 0.465261161 0.004231657 0.999961972 0.007620673 -1.053960204 0.006175260 -0.007646726 0.999951720 31.783180237
0.999964654 -0.004755178 -0.006937908 0.469781160 0.004808580 0.999958754 0.007700838 -1.072850227 0.006901003 -0.007733926 0.999946237 32.322856903
0.999956787 -0.005563476 -0.007448258 0.465621173 0.005619744 0.999955654 0.007555038 -1.080119848 0.007405897 -0.007596568 0.999943733 32.836589813
0.999959171 -0.004818500 -0.007648012 0.465976208 0.004882153 0.999953449 0.008326004 -1.101271868 0.007607537 -0.008363002 0.999936104 33.360061646
0.999966025 -0.005117770 -0.006458536 0.414833248 0.005165182 0.999959648 0.007345639 -1.063882470 0.006420683 -0.007378749 0.999952137 33.886642456
0.999956787 -0.006070823 -0.007038272 0.472556949 0.006136831 0.999937057 0.009395018 -1.134140730 0.006980794 -0.009437803 0.999931097 34.175346375
0.999960423 -0.005674991 -0.006849558 0.467527390 0.005739185 0.999939501 0.009389102 -1.153480887 0.006795859 -0.009428042 0.999932408 34.736812592
0.999958873 -0.005134465 -0.007461584 0.489811778 0.005197874 0.999950290 0.008503662 -1.146376133 0.007417552 -0.008542097 0.999936044 35.310085297
0.999936640 -0.007138245 -0.008692604 0.494484872 0.007227731 0.999920726 0.010306975 -1.199708819 0.008618343 -0.010369151 0.999909103 35.793643951
0.999945283 -0.006726688 -0.008005063 0.478869528 0.006802988 0.999931335 0.009542742 -1.187207937 0.007940323 -0.009596678 0.999922514 36.340293884
0.999928951 -0.007429871 -0.009320120 0.495312124 0.007522295 0.999922514 0.009921019 -1.200380564 0.009245687 -0.009990422 0.999907434 36.878391266
0.999933898 -0.007317067 -0.008865101 0.492655337 0.007409175 0.999918461 0.010402092 -1.208933115 0.008788265 -0.010467088 0.999906659 37.460567474
0.999938071 -0.007155078 -0.008515494 0.441311568 0.007239462 0.999924660 0.009920358 -1.211787343 0.008443871 -0.009981393 0.999914527 38.049785614
0.999931335 -0.007574381 -0.008928050 0.475186557 0.007662973 0.999921322 0.009930865 -1.243218541 0.008852128 -0.009998600 0.999910831 38.629959106
0.999948859 -0.006256196 -0.007945159 0.462739021 0.006327390 0.999939859 0.008967372 -1.218665242 0.007888581 -0.009017184 0.999928236 39.167724609
0.999944210 -0.006055577 -0.008652980 0.547538161 0.006149330 0.999922156 0.010849567 -1.278417110 0.008586606 -0.010902171 0.999903679 39.072765350
0.999952018 -0.004870181 -0.008502749 0.558426619 0.004939277 0.999954760 0.008124400 -1.243940115 0.008462798 -0.008166008 0.999930799 39.622299194
0.999941409 -0.005407144 -0.009372639 0.581875265 0.005494945 0.999940991 0.009367501 -1.274415016 0.009321435 -0.009418454 0.999912202 40.191371918
0.999950051 -0.005451464 -0.008375877 0.576056182 0.005524529 0.999946594 0.008724913 -1.275358081 0.008327866 -0.008770749 0.999926865 40.714092255
0.999944568 -0.004859455 -0.009338449 0.597989202 0.004933996 0.999956012 0.007975734 -1.262074232 0.009299280 -0.008021368 0.999924600 41.321990967
0.999949753 -0.004387132 -0.009008470 0.595197737 0.004467898 0.999949813 0.008965027 -1.302448750 0.008968687 -0.009004825 0.999919236 41.836791992
0.999949515 -0.004521941 -0.008967856 0.619727492 0.004594762 0.999956489 0.008116302 -1.268411279 0.008930764 -0.008157099 0.999926865 42.343227386
0.999946773 -0.005954468 -0.008427682 0.571762323 0.006046528 0.999921799 0.010940459 -1.335167170 0.008361881 -0.010990833 0.999904633 42.449970245
0.999944508 -0.005679035 -0.008875378 0.584926844 0.005771321 0.999929130 0.010407222 -1.339788914 0.008815645 -0.010457866 0.999906480 42.999004364
0.999940336 -0.006277792 -0.008933837 0.594794035 0.006375374 0.999919832 0.010936533 -1.348107696 0.008864463 -0.010992838 0.999900281 43.526615143
0.999953330 -0.005089269 -0.008211506 0.596740842 0.005178988 0.999926746 0.010941894 -1.363314867 0.008155216 -0.010983909 0.999906421 44.020420074
0.999954045 -0.005272658 -0.008004157 0.557048559 0.005358418 0.999927998 0.010731115 -1.372409463 0.007947000 -0.010773511 0.999910355 44.670650482
0.999963224 -0.004095695 -0.007532433 0.556943059 0.004177026 0.999932826 0.010813722 -1.394012690 0.007487638 -0.010844788 0.999913156 45.145797729
0.999955654 -0.003924951 -0.008557490 0.606800795 0.004024377 0.999924183 0.011632486 -1.432202101 0.008511183 -0.011666410 0.999895751 45.757530212
0.999951124 -0.005274916 -0.008359110 0.570791781 0.005359720 0.999934077 0.010155453 -1.412377715 0.008304989 -0.010199760 0.999913514 46.314750671
0.999943435 -0.005726528 -0.008967699 0.572447777 0.005836128 0.999908030 0.012243615 -1.476571798 0.008896760 -0.012295259 0.999884784 46.866531372
0.999938726 -0.006801310 -0.008736863 0.578336656 0.006908157 0.999900997 0.012258125 -1.446368217 0.008652627 -0.012317729 0.999886632 46.837917328
0.999934316 -0.006957855 -0.009109159 0.585837960 0.007057921 0.999914587 0.010999633 -1.444610596 0.009031847 -0.011063203 0.999897957 47.386051178
0.999940515 -0.006263182 -0.008930515 0.581294656 0.006358241 0.999922991 0.010655940 -1.450575113 0.008863087 -0.010712087 0.999903321 47.935146332
0.999946356 -0.005818897 -0.008569409 0.585595131 0.005907677 0.999928772 0.010371565 -1.458379507 0.008508448 -0.010421634 0.999909520 48.489063263
0.999942601 -0.006194974 -0.008755237 0.603155196 0.006287656 0.999924064 0.010598302 -1.456177473 0.008688917 -0.010652744 0.999905527 49.041172028
0.999919415 -0.008426644 -0.009493499 0.593872786 0.008543667 0.999887109 0.012354177 -1.503843307 0.009388324 -0.012434291 0.999878645 49.337276459
0.999917388 -0.008811835 -0.009359114 0.603040874 0.008923925 0.999888122 0.012003112 -1.507209301 0.009252300 -0.012085640 0.999884188 49.878559113
0.999935448 -0.007253132 -0.008736453 0.572317719 0.007351761 0.999909043 0.011310585 -1.517780066 0.008653620 -0.011374085 0.999897897 50.426235199
0.999920487 -0.008427385 -0.009384038 0.592133820 0.008537143 0.999894917 0.011718147 -1.531098604 0.009284299 -0.011797328 0.999887288 50.980457306
0.999922395 -0.008244629 -0.009341540 0.606738508 0.008350501 0.999900639 0.011351597 -1.525985479 0.009247023 -0.011428722 0.999891937 51.436527252
0.999926686 -0.007434072 -0.009557663 0.609936237 0.007544668 0.999904335 0.011587801 -1.541715860 0.009470605 -0.011659061 0.999887228 52.058589935
0.999910176 -0.008798704 -0.010109117 0.689992785 0.008905895 0.999904096 0.010607827 -1.516974211 0.010014812 -0.010696905 0.999892652 52.612541199
0.999913752 -0.008957197 -0.009602667 0.608567059 0.009087987 0.999865353 0.013664206 -1.584974527 0.009478983 -0.013750297 0.999860525 52.759449005
0.999905884 -0.009599875 -0.009798239 0.621546686 0.009734150 0.999858141 0.013749538 -1.600883007 0.009664855 -0.013843621 0.999857485 53.310764313
0.999909759 -0.009117204 -0.009864581 0.623765886 0.009239675 0.999879897 0.012441890 -1.586824894 0.009749962 -0.012531913 0.999873936 53.862594604
0.999904513 -0.009643913 -0.009902595 0.613047540 0.009766510 0.999875307 0.012407403 -1.610526204 0.009781706 -0.012502932 0.999873936 54.417205811
0.999916971 -0.009127376 -0.009092334 0.623420954 0.009233459 0.999888957 0.011694433 -1.599734783 0.008984585 -0.011777414 0.999890268 55.014621735
0.999893308 -0.010392939 -0.010259919 0.661017179 0.010513628 0.999875367 0.011780153 -1.597895145 0.010136209 -0.011886766 0.999877930 55.471076965
0.999865234 -0.011886694 -0.011328161 0.666021109 0.012022615 0.999855638 0.012006938 -1.603079557 0.011183803 -0.012141513 0.999863744 55.962154388
0.999904692 -0.010008653 -0.009508505 0.584513009 0.010139873 0.999852598 0.013853900 -1.657732964 0.009368444 -0.013948995 0.999858797 56.121456146
0.999899805 -0.010187745 -0.009825827 0.590038359 0.010313180 0.999864876 0.012800876 -1.647976160 0.009694088 -0.012900930 0.999869764 56.689914703
0.999885559 -0.011136731 -0.010231911 0.611881077 0.011258643 0.999865353 0.011935739 -1.655004263 0.010097609 -0.012049571 0.999876440 57.234886169
0.999890864 -0.010226680 -0.010658398 0.659773588 0.010378725 0.999843657 0.014308935 -1.689106464 0.010510401 -0.014417994 0.999840856 57.663593292
0.999894500 -0.010612920 -0.009910375 0.627067804 0.010735012 0.999866128 0.012348870 -1.667873621 0.009777994 -0.012453957 0.999874651 58.231777191
0.999909282 -0.010238264 -0.008751685 0.595475614 0.010346783 0.999868989 0.012445984 -1.679698467 0.008623114 -0.012535408 0.999884248 58.806411743
0.999884427 -0.010792794 -0.010700281 0.666793823 0.010949714 0.999831736 0.014716710 -1.725419283 0.010539646 -0.014832174 0.999834418 59.086055756
0.999885261 -0.011095088 -0.010314840 0.668363273 0.011244613 0.999830902 0.014552902 -1.741180420 0.010151630 -0.014667219 0.999840856 59.618564606
0.999897122 -0.010294138 -0.009983414 0.658510983 0.010429164 0.999853492 0.013568636 -1.733944178 0.009842275 -0.013671359 0.999858022 60.162502289
0.999885738 -0.010891049 -0.010478332 0.695643365 0.011028251 0.999853015 0.013126443 -1.729973555 0.010333830 -0.013240502 0.999858916 60.698860168
0.999875963 -0.010617523 -0.011633202 0.757669926 0.010771810 0.999853790 0.013281187 -1.721671581 0.011490487 -0.013404852 0.999844074 61.127799988
0.999865353 -0.011863039 -0.011333494 0.710657001 0.012028984 0.999819696 0.014687767 -1.773963690 0.011157207 -0.014822120 0.999827921 61.577663422
0.999870420 -0.011715624 -0.011038704 0.728824079 0.011880619 0.999816835 0.015002018 -1.793734789 0.010860924 -0.015131222 0.999826610 62.100009918
0.999870300 -0.011800718 -0.010961607 0.727743685 0.011956120 0.999827385 0.014221270 -1.786231279 0.010791893 -0.014350481 0.999838829 62.655078888
0.999882877 -0.011483015 -0.010118348 0.732956827 0.011624782 0.999833524 0.014065427 -1.783262968 0.009955151 -0.014181403 0.999849856 63.200256348
0.999876976 -0.011165519 -0.011020188 0.792366982 0.011322814 0.999833465 0.014315695 -1.786160946 0.010858510 -0.014438713 0.999836743 63.745925903
0.999850273 -0.012877159 -0.011555219 0.725911200 0.013044620 0.999809206 0.014535805 -1.796913385 0.011365837 -0.014684361 0.999827504 64.108764648
0.999874830 -0.012024299 -0.010287414 0.691129208 0.012176279 0.999815702 0.014840449 -1.817465425 0.010107074 -0.014963852 0.999836922 64.661788940
0.999883354 -0.011014373 -0.010578793 0.730142593 0.011167935 0.999831557 0.014568266 -1.833526015 0.010416550 -0.014684711 0.999837875 65.161537170
0.999835551 -0.013702152 -0.011876367 0.727942407 0.013859516 0.999815822 0.013270709 -1.801614404 0.011692344 -0.013433128 0.999841332 65.703453064
0.999884903 -0.010988737 -0.010464978 0.721459031 0.011137391 0.999836385 0.014254089 -1.845437288 0.010306631 -0.014368999 0.999843597 66.233245850
0.999884784 -0.011127985 -0.010319142 0.727918208 0.011281527 0.999824703 0.014942514 -1.875948429 0.010151052 -0.015057209 0.999835134 66.645500183
0.999886036 -0.011130430 -0.010194756 0.739260972 0.011279020 0.999829233 0.014635629 -1.876185298 0.010030114 -0.014748950 0.999840915 67.153549194
0.999866664 -0.012153162 -0.010908018 0.760856330 0.012307266 0.999823749 0.014173381 -1.884011269 0.010733845 -0.014305740 0.999840081 67.689445496
0.999900281 -0.009284979 -0.010636639 0.807902038 0.009444315 0.999842465 0.015029012 -1.930995584 0.010495420 -0.015127971 0.999830484 68.144561768
0.999874473 -0.010752824 -0.011638644 0.847785592 0.010917557 0.999839723 0.014184328 -1.902858973 0.011484259 -0.014309615 0.999831736 68.700485229
0.999826133 -0.013609756 -0.012745514 0.819102168 0.013793091 0.999800980 0.014408698 -1.895138741 0.012546879 -0.014581994 0.999814987 69.328002930
0.999865890 -0.012615595 -0.010443690 0.721443594 0.012771466 0.999805987 0.014995265 -1.900184989 0.010252489 -0.015126635 0.999833047 69.739356995
0.999870539 -0.012223581 -0.010464233 0.724918783 0.012377838 0.999813795 0.014805828 -1.908007860 0.010281304 -0.014933437 0.999835670 70.280441284
0.999865472 -0.012384651 -0.010756963 0.712611139 0.012542237 0.999813139 0.014707937 -1.912885427 0.010572800 -0.014840876 0.999833941 70.813415527
0.999861538 -0.012860447 -0.010563213 0.727404892 0.013007829 0.999817312 0.014004199 -1.906535625 0.010381183 -0.014139664 0.999846101 71.360794067
0.999845505 -0.013441713 -0.011327318 0.770590663 0.013602273 0.999806345 0.014218843 -1.932254910 0.011134001 -0.014370725 0.999834716 71.803131104
0.999857843 -0.012769592 -0.011010556 0.750229776 0.012930405 0.999808908 0.014660046 -1.942612648 0.010821250 -0.014800335 0.999831915 72.302886963
0.999846399 -0.013307918 -0.011401176 0.753945529 0.013477355 0.999798000 0.014915804 -1.943974376 0.011200374 -0.015067172 0.999823749 72.870597839
0.999867439 -0.012215201 -0.010767004 0.698687375 0.012366779 0.999823809 0.014125734 -1.932954788 0.010592558 -0.014257014 0.999842227 73.443344116
0.999857962 -0.012940606 -0.010798131 0.723519087 0.013097211 0.999808192 0.014560685 -1.943991542 0.010607636 -0.014700043 0.999835670 73.897689819
0.999872148 -0.012375671 -0.010127799 0.663166225 0.012514061 0.999827683 0.013717116 -1.930931687 0.009956297 -0.013842102 0.999854624 74.477546692
0.999877095 -0.011874072 -0.010239110 0.734505773 0.012030260 0.999810100 0.015329790 -2.003904819 0.010055139 -0.015451087 0.999830008 74.860389709
0.999888122 -0.011645102 -0.009391761 0.751724005 0.011788568 0.999812365 0.015367834 -2.012774706 0.009211041 -0.015476832 0.999837756 75.383110046
0.999896526 -0.012125692 -0.007732140 0.753066003 0.012236839 0.999820054 0.014493344 -2.015652895 0.007555007 -0.014586461 0.999865055 75.964569092
0.999913096 -0.011702236 -0.006085319 0.763026655 0.011787763 0.999829471 0.014214002 -2.025019884 0.005917947 -0.014284495 0.999880493 76.534759521
0.999948680 -0.009384941 -0.003831991 0.702006578 0.009439413 0.999850929 0.014453305 -2.034216404 0.003695777 -0.014488733 0.999888182 77.040817261
0.999928057 -0.011574221 -0.003139869 0.794416189 0.011623330 0.999802828 0.016101342 -2.052053928 0.002952889 -0.016136680 0.999865413 77.484100342
0.999931514 -0.011676122 0.000766960 0.811358929 0.011662403 0.999804616 0.015956514 -2.047691107 -0.000953120 -0.015946476 0.999872386 78.026115417
0.999916196 -0.012621323 0.002870144 0.851544619 0.012573863 0.999793053 0.015992263 -2.053942442 -0.003071393 -0.015954835 0.999867976 78.542137146
0.999897957 -0.012261610 0.007322941 0.868644834 0.012142255 0.999796212 0.016126608 -2.059572220 -0.007519186 -0.016036045 0.999843121 79.094802856
0.999852598 -0.010510563 0.013577268 0.886144400 0.010280898 0.999804735 0.016875951 -2.099398613 -0.013751990 -0.016733877 0.999765396 79.608322144
0.999737740 -0.011548317 0.019774558 0.876366794 0.011219138 0.999798000 0.016677346 -2.113315344 -0.019963160 -0.016451120 0.999665380 80.027671814
0.999604940 -0.010986322 0.025866026 0.907965541 0.010545410 0.999797761 0.017121073 -2.125756741 -0.026048895 -0.016841544 0.999518752 80.552169800
0.999337792 -0.011032786 0.034672499 0.924577951 0.010466505 0.999809563 0.016471587 -2.114048481 -0.034847628 -0.016097782 0.999262929 81.149208069
0.999040246 -0.011149587 0.042355493 0.996281385 0.010411092 0.999790609 0.017616352 -2.140244007 -0.042543039 -0.017158480 0.998947203 81.649085999
0.998711705 -0.012016148 0.049300127 1.045679092 0.011162933 0.999783695 0.017545562 -2.136188984 -0.049500294 -0.016972624 0.998629868 82.160346985
0.998236656 -0.009742287 0.058553960 1.129171371 0.008659220 0.999787271 0.018722236 -2.220590353 -0.058723900 -0.018182194 0.998108566 82.693740845
0.997604966 -0.011334928 0.068232596 1.163233757 0.010161160 0.999794722 0.017524999 -2.181551695 -0.068417236 -0.016789703 0.997515559 83.236557007
0.997001767 -0.011370278 0.076538078 1.285143375 0.010015800 0.999786675 0.018057451 -2.187018871 -0.076727077 -0.017236717 0.996903062 83.803634644
0.996269166 -0.011287393 0.085558727 1.264291286 0.009846780 0.999803007 0.017241055 -2.132020473 -0.085736468 -0.016334254 0.996183932 84.348777771
0.995262980 -0.011104878 0.096582919 1.337992668 0.009473951 0.999804974 0.017328523 -2.133582115 -0.096756518 -0.016331416 0.995174110 84.890083313
0.994219244 -0.010391355 0.106865123 1.403696537 0.008642331 0.999821246 0.016816774 -2.132708788 -0.107020766 -0.015795995 0.994131327 85.460739136
0.993186593 -0.010078166 0.116097838 1.486869812 0.008112436 0.999815881 0.017391762 -2.137026310 -0.116251744 -0.016331429 0.993085504 86.033386230
0.991890907 -0.011333589 0.126585752 1.597238541 0.009223507 0.999808788 0.017242923 -2.148901463 -0.126756981 -0.015935531 0.991805792 86.549903870
0.990074515 -0.009358712 0.140231431 1.674432755 0.006927870 0.999817371 0.017812669 -2.159914255 -0.140372545 -0.016664363 0.989958525 87.104614258
0.988675237 -0.012150882 0.149578005 1.857735634 0.009694161 0.999806046 0.017142549 -2.166234016 -0.149757311 -0.015498378 0.988601267 87.640373230
0.986972868 -0.011104213 0.160503834 1.785756111 0.008271427 0.999798179 0.018306732 -2.140528202 -0.160674736 -0.016740650 0.986865461 88.126953125
0.984823048 -0.010520253 0.173242554 1.899743080 0.007449501 0.999803543 0.018365856 -2.146895409 -0.173401758 -0.016796546 0.984707952 88.668014526
0.982728601 -0.011563212 0.184690744 2.044284821 0.008263594 0.999792337 0.018625397 -2.160517454 -0.184867769 -0.016777504 0.982620180 89.211189270
0.980438232 -0.011142018 0.196511358 2.170858383 0.007588453 0.999793887 0.018826973 -2.166712046 -0.196680620 -0.016967468 0.980320871 89.771675110
0.977721393 -0.010130441 0.209662393 2.331478119 0.006111937 0.999785066 0.019805621 -2.200882435 -0.209817991 -0.018082935 0.977573276 90.273857117
0.974578023 -0.011309478 0.223762780 2.411487579 0.007376504 0.999803424 0.018404655 -2.124622822 -0.223926932 -0.016286185 0.974469841 90.897819519
0.971898615 -0.011747871 0.235106483 2.561496735 0.007607928 0.999799848 0.018508144 -2.131064892 -0.235276848 -0.016199365 0.971793354 91.443305969
0.968980730 -0.012492247 0.246820405 2.751718521 0.008190607 0.999796271 0.018447265 -2.139972687 -0.247000575 -0.015853435 0.968885541 91.950103760
0.965126991 -0.010601995 0.261567593 2.916370392 0.005807318 0.999800801 0.019096721 -2.163152933 -0.261717975 -0.016911754 0.964996219 92.512832642
0.961398482 -0.010379784 0.274964035 3.066932678 0.005338286 0.999803782 0.019077135 -2.169109344 -0.275108069 -0.016872894 0.961265206 93.043640137
0.958205819 -0.012346352 0.285813272 3.237974167 0.007172203 0.999791026 0.019143006 -2.156010866 -0.285989851 -0.016293030 0.958094060 93.634315491
0.953790367 -0.011139593 0.300266832 3.417692184 0.005646564 0.999800563 0.019155411 -2.160688877 -0.300420344 -0.016574768 0.953662813 94.169540405
0.949235797 -0.011927331 0.314339310 3.607925415 0.006075575 0.999789655 0.019589242 -2.167061806 -0.314506829 -0.016685013 0.949108601 94.687004089
0.945477426 -0.013408090 0.325411648 3.805213928 0.007787028 0.999797165 0.018570062 -2.168663979 -0.325594664 -0.015023583 0.945390105 95.206367493
0.941001594 -0.012847581 0.338158548 4.034402847 0.006707235 0.999790788 0.019320458 -2.172252893 -0.338336080 -0.015912469 0.940890789 95.743682861
0.935733616 -0.012757040 0.352476776 4.258424759 0.006344485 0.999792755 0.019342128 -2.171216488 -0.352650464 -0.015862795 0.935620606 96.272102356
0.931132972 -0.014465131 0.364392966 4.484081268 0.007875496 0.999777496 0.019563442 -2.181714535 -0.364594877 -0.015346390 0.931039691 96.774177551
0.926782370 -0.014866857 0.375304580 4.718959808 0.008250254 0.999780953 0.019230815 -2.186439514 -0.375508308 -0.014726422 0.926701963 97.266036987
0.921068847 -0.015652848 0.389085114 4.957458496 0.008777792 0.999772429 0.019441338 -2.203823090 -0.389300823 -0.014491503 0.920996547 97.723228455
0.915457249 -0.016273683 0.402085960 5.194782257 0.009092438 0.999763370 0.019762175 -2.218878269 -0.402312428 -0.014435485 0.915388525 98.226669312
0.910590112 -0.016077792 0.412997872 5.436695099 0.008733672 0.999768496 0.019664204 -2.206588745 -0.413218409 -0.014299041 0.910519719 98.735221863
0.904581368 -0.013890765 0.426074564 5.672023773 0.005820332 0.999778211 0.020237586 -2.179245710 -0.426261246 -0.015826644 0.904461682 99.330261230
0.898100257 -0.013636837 0.439579159 5.939327240 0.005249257 0.999780357 0.020290952 -2.185842037 -0.439759344 -0.015915845 0.897974730 99.819618225
0.892289340 -0.015761500 0.451188743 6.205593109 0.007493338 0.999769747 0.020106103 -2.188311577 -0.451401711 -0.014559549 0.892202139 100.304595947
0.886434317 -0.015091847 0.462608278 6.478137970 0.006333895 0.999770164 0.020479096 -2.193146706 -0.462811023 -0.015223260 0.886326313 100.788734436
0.878861368 -0.014655109 0.476852059 6.744716644 0.005472919 0.999771953 0.020639174 -2.196164370 -0.477045774 -0.015529198 0.878741264 101.252967834
