1.000000000 0.000000000 0.000000000 0.000000000 0.000000000 1.000000000 0.000000000 0.000000000 0.000000000 0.000000000 1.000000000 0.000000000
1.000000000 0.000074420 -0.000105097 0.000314340 -0.000074423 1.000000000 -0.000028025 -0.000074884 0.000105095 0.000028033 1.000000000 -0.000727308
1.000000000 0.000237959 0.000049668 -0.000238277 -0.000237963 0.999999940 0.000078508 -0.000340598 -0.000049650 -0.000078519 1.000000000 -0.000815072
1.000000000 0.000047313 -0.000062703 0.000566180 -0.000047308 1.000000000 0.000078126 -0.000583429 0.000062706 -0.000078123 1.000000000 -0.002393433
1.000000000 -0.000160685 -0.000155499 0.001271249 0.000160683 1.000000000 -0.000010442 -0.000260485 0.000155501 0.000010417 1.000000000 -0.001315758
1.000000000 0.000028672 0.000056327 0.000144886 -0.000028678 1.000000000 0.000104513 -0.000965937 -0.000056324 -0.000104515 1.000000000 -0.000387890
1.000000000 0.000050956 0.000022967 0.000983394 -0.000050956 1.000000000 -0.000010527 0.000117794 -0.000022967 0.000010526 1.000000000 -0.000478989
1.000000000 -0.000095425 0.000092684 0.000644594 0.000095412 1.000000000 0.000136028 -0.000482498 -0.000092697 -0.000136020 1.000000000 -0.000809762
1.000000000 -0.000115879 0.000014664 0.001009705 0.000115880 1.000000000 -0.000044973 0.001152443 -0.000014659 0.000044974 1.000000000 0.001074849
1.000000000 -0.000033091 -0.000129330 0.002026530 0.000033093 1.000000000 0.000017710 -0.000384727 0.000129329 -0.000017714 1.000000000 -0.001307735
1.000000000 -0.000056664 -0.000000945 0.000623646 0.000056664 1.000000000 -0.000004996 0.000565017 0.000000945 0.000004996 1.000000000 -0.000310291
1.000000000 -0.000063214 -0.000071974 0.000251967 0.000063224 1.000000000 0.000144781 -0.000998091 0.000071965 -0.000144785 1.000000000 -0.001144709
1.000000000 -0.000057975 0.000048772 -0.000473707 0.000057970 1.000000000 0.000097952 -0.000248411 -0.000048778 -0.000097949 1.000000000 0.000150841
1.000000000 0.000055986 0.000072734 -0.000051584 -0.000055995 1.000000000 0.000133517 -0.000859677 -0.000072727 -0.000133521 1.000000000 -0.002119296
1.000000000 -0.000039124 0.000039368 0.000141256 0.000039116 1.000000000 0.000210707 -0.001643351 -0.000039376 -0.000210706 1.000000000 -0.002104700
0.999999881 0.000265964 0.000377574 -0.001734361 -0.000266007 0.999999940 0.000115064 -0.000006267 -0.000377543 -0.000115164 0.999999940 0.000867810
1.000000000 0.000164511 0.000153084 -0.000655842 -0.000164552 0.999999940 0.000272152 -0.000976723 -0.000153039 -0.000272178 0.999999940 0.000501358
1.000000000 0.000142277 0.000019483 0.000228383 -0.000142279 1.000000000 0.000127144 -0.000499285 -0.000019465 -0.000127147 1.000000000 -0.000711391
0.999999940 0.000132881 0.000232227 -0.001536965 -0.000132920 1.000000000 0.000168243 -0.000196947 -0.000232205 -0.000168274 0.999999940 0.001229843
1.000000000 0.000164366 0.000147140 -0.000968871 -0.000164364 1.000000000 -0.000015464 0.000343233 -0.000147142 0.000015440 1.000000000 0.000214982
1.000000000 -0.000074989 -0.000066351 0.000435123 0.000074996 1.000000000 0.000105937 -0.000271142 0.000066343 -0.000105942 1.000000000 -0.000102142
1.000000000 -0.000207157 -0.000008710 0.000830847 0.000207158 1.000000000 0.000116924 -0.000778646 0.000008686 -0.000116926 1.000000000 -0.000306649
0.999999940 0.000180739 0.000298791 -0.001474706 -0.000180779 1.000000000 0.000133741 0.000475106 -0.000298767 -0.000133795 0.999999940 0.000161943
1.000000000 0.000160225 -0.000081027 0.001401440 -0.000160213 1.000000000 0.000152712 -0.000858174 0.000081051 -0.000152699 1.000000000 -0.002935660
1.000000000 0.000229844 -0.000016709 0.000704942 -0.000229842 0.999999940 0.000109839 -0.000198301 0.000016734 -0.000109835 1.000000000 -0.001964621
1.000000000 0.000235727 -0.000057670 -0.000018615 -0.000235728 1.000000000 -0.000015087 0.000177762 0.000057666 0.000015101 1.000000000 -0.000234469
0.999999940 0.000280638 0.000030586 -0.000844679 -0.000280638 0.999999940 0.000021015 0.000026773 -0.000030581 -0.000021024 1.000000000 0.000682866
1.000000000 -0.000020130 -0.000033908 -0.000203510 0.000020133 1.000000000 0.000091784 0.001000252 0.000033906 -0.000091785 1.000000000 0.001830051
1.000000000 0.000114530 -0.000092249 0.000369438 -0.000114518 1.000000000 0.000121673 -0.001336769 0.000092263 -0.000121662 1.000000000 -0.001856860
1.000000000 0.000128032 -0.000041058 0.000312564 -0.000128024 1.000000000 0.000191054 -0.001307733 0.000041083 -0.000191049 1.000000000 -0.003531999
1.000000000 -0.000020241 -0.000097567 0.000860953 0.000020243 1.000000000 0.000022154 0.000133131 0.000097566 -0.000022156 1.000000000 -0.001041828
1.000000000 -0.000014164 0.000088855 0.000515658 0.000014159 1.000000000 0.000058690 -0.000247996 -0.000088856 -0.000058689 1.000000000 -0.001587574
1.000000000 0.000147739 -0.000114854 0.000979413 -0.000147724 1.000000000 0.000124595 0.000047872 0.000114872 -0.000124578 1.000000000 0.000388909
0.999999940 0.000274897 0.000105413 0.000001733 -0.000274910 0.999999940 0.000125083 -0.000254908 -0.000105379 -0.000125112 1.000000000 -0.001268745
1.000000000 0.000095161 -0.000021839 0.001306298 -0.000095161 1.000000000 -0.000016304 0.001485080 0.000021838 0.000016306 1.000000000 -0.001346086
1.000000000 0.000039390 0.000043529 -0.000556887 -0.000039386 1.000000000 -0.000088210 0.002809412 -0.000043533 0.000088209 1.000000000 0.003153754
1.000000000 -0.000003738 0.000081261 0.000258924 0.000003731 1.000000000 0.000087744 0.000253523 -0.000081262 -0.000087744 1.000000000 -0.000971157
1.000000000 -0.000011198 0.000005321 0.000484819 0.000011198 1.000000000 -0.000013217 0.001181998 -0.000005321 0.000013217 1.000000000 0.000488818
0.999999940 0.000002901 0.000258996 -0.000693122 -0.000002934 1.000000000 0.000125235 0.000032702 -0.000258996 -0.000125236 0.999999940 0.001827211
0.999999940 -0.000367184 0.000197209 0.001136410 0.000367308 0.999999762 -0.000632960 -0.001918755 -0.000196976 0.000633032 0.999999762 0.051904809
1.000000000 0.000104382 0.000171123 0.000591831 -0.000104174 0.999999285 -0.001215987 -0.005144742 -0.000171249 0.001215969 0.999999225 0.134687215
0.999999940 0.000383927 -0.000093888 0.004726249 -0.000384053 0.999999046 -0.001345426 -0.008187964 0.000093371 0.001345462 0.999999106 0.250127286
0.999999881 0.000433800 0.000021982 0.005487825 -0.000433774 0.999999225 -0.001184448 -0.013307822 -0.000022496 0.001184438 0.999999285 0.379940540
1.000000000 0.000161426 -0.000043347 0.009080718 -0.000161466 0.999999583 -0.000921734 -0.017565316 0.000043198 0.000921741 0.999999583 0.522652090
0.999999046 0.001326831 -0.000054065 0.012745098 -0.001326878 0.999998868 -0.000889473 -0.029968845 0.000052885 0.000889544 0.999999583 0.663320303
0.999998510 0.001645759 0.000400317 0.012377908 -0.001645478 0.999998450 -0.000700605 -0.034872130 -0.000401470 0.000699945 0.999999642 0.822331667
0.999998987 0.001371300 0.000245064 0.018295774 -0.001371085 0.999998689 -0.000873546 -0.035000272 -0.000246261 0.000873209 0.999999642 0.993679285
0.999998331 0.001825097 0.000010623 0.022008494 -0.001825100 0.999998271 0.000288048 -0.054502048 -0.000010097 -0.000288067 0.999999940 1.165042877
0.999998271 0.001868681 0.000092750 0.028181706 -0.001868721 0.999998093 0.000421344 -0.058412306 -0.000091963 -0.000421516 0.999999881 1.347851515
0.999998391 0.001798777 0.000033251 0.030210044 -0.001798792 0.999998271 0.000429436 -0.064885661 -0.000032479 -0.000429495 0.999999881 1.537154198
0.999998569 0.001695551 0.000018279 0.035968069 -0.001695556 0.999998450 0.000252738 -0.063637406 -0.000017851 -0.000252769 0.999999940 1.737334728
0.999999046 0.001393128 -0.000031023 0.038303893 -0.001393116 0.999998927 0.000394828 -0.070586458 0.000031573 -0.000394784 0.999999881 1.939862609
0.999998689 0.001573868 0.000310659 0.040397830 -0.001573993 0.999998629 0.000401262 -0.074665107 -0.000310027 -0.000401750 0.999999881 2.146169186
0.999998808 0.001495124 0.000351039 0.043890543 -0.001495153 0.999998868 0.000082268 -0.077947229 -0.000350915 -0.000082793 0.999999881 2.373387098
0.999999344 0.001185227 0.000039632 0.049812753 -0.001185234 0.999999344 0.000157728 -0.086208157 -0.000039445 -0.000157774 1.000000000 2.592627287
0.999997914 0.001962235 0.000580047 0.048706748 -0.001962366 0.999998033 0.000225540 -0.092498004 -0.000579603 -0.000226678 0.999999762 2.818478346
0.999998510 0.001771995 0.000304807 0.055411283 -0.001772163 0.999998271 0.000549965 -0.102227807 -0.000303831 -0.000550504 0.999999821 3.055018902
0.999998987 0.001487198 -0.000013922 0.066291362 -0.001487185 0.999998510 0.000891295 -0.111400887 0.000015247 -0.000891273 0.999999583 3.296838284
0.999998212 0.001865434 0.000274860 0.065632634 -0.001865591 0.999998033 0.000574297 -0.117989115 -0.000273788 -0.000574809 0.999999821 3.540351868
0.999998868 0.001437802 0.000177377 0.072860122 -0.001437867 0.999998868 0.000365850 -0.122582823 -0.000176851 -0.000366104 0.999999940 3.793891668
0.999998689 0.001588162 0.000387020 0.071330734 -0.001588376 0.999998629 0.000553116 -0.131178096 -0.000386141 -0.000553730 0.999999821 4.053242683
0.999996960 0.002414447 0.000418061 0.074147150 -0.002414678 0.999996960 0.000555256 -0.132022351 -0.000416719 -0.000556264 0.999999762 4.303723335
0.999997318 0.002267771 0.000436922 0.081538022 -0.002267918 0.999997377 0.000335000 -0.139271796 -0.000436161 -0.000335990 0.999999881 4.563776970
0.999997675 0.002161546 0.000184660 0.093677856 -0.002161608 0.999997675 0.000338862 -0.143700704 -0.000183927 -0.000339261 0.999999940 4.828460217
0.999997020 0.002419686 0.000351973 0.095737286 -0.002419992 0.999996722 0.000871610 -0.156866774 -0.000349863 -0.000872459 0.999999583 5.091263771
0.999997199 0.002360613 0.000060773 0.101763487 -0.002360667 0.999996781 0.000907484 -0.164848372 -0.000058630 -0.000907625 0.999999642 5.357035637
0.999996245 0.002745607 0.000208694 0.104404949 -0.002745772 0.999995947 0.000793347 -0.169752151 -0.000206515 -0.000793917 0.999999702 5.632896900
0.999998987 0.001302589 0.000541281 0.101421803 -0.001303518 0.999997675 0.001720442 -0.190768853 -0.000539038 -0.001721146 0.999998391 5.881607056
0.999999642 0.000695364 0.000442749 0.115427338 -0.000696185 0.999998033 0.001856461 -0.198537022 -0.000441457 -0.001856769 0.999998212 6.150897026
0.999999464 0.000992126 0.000332372 0.125135243 -0.000992729 0.999997854 0.001818506 -0.210038170 -0.000330567 -0.001818835 0.999998271 6.434108257
0.999998629 0.001341504 0.000967245 0.114929214 -0.001342937 0.999998033 0.001482537 -0.209047467 -0.000965255 -0.001483834 0.999998450 6.736111641
0.999996960 0.002188000 0.001144787 0.117467321 -0.002189893 0.999996245 0.001654815 -0.229639277 -0.001141162 -0.001657318 0.999997973 7.025543690
0.999996543 0.002368341 0.001098163 0.122779459 -0.002370379 0.999995410 0.001857895 -0.236699477 -0.001093757 -0.001860492 0.999997675 7.325427055
0.999997616 0.001937633 0.001059535 0.134110421 -0.001939878 0.999995828 0.002121790 -0.251919538 -0.001055420 -0.002123840 0.999997199 7.633969307
0.999997914 0.001870065 0.000855641 0.143417969 -0.001871953 0.999995828 0.002211219 -0.265982002 -0.000851503 -0.002212816 0.999997199 7.955555439
0.999997675 0.002014112 0.000748784 0.150986746 -0.002015656 0.999995768 0.002066571 -0.270115465 -0.000744619 -0.002068076 0.999997616 8.275518417
0.999997139 0.002143082 0.001038611 0.151936725 -0.002145037 0.999996066 0.001885078 -0.278346568 -0.001034567 -0.001887301 0.999997616 8.605465889
0.999996603 0.002112402 0.001519793 0.153425574 -0.002115800 0.999995351 0.002237872 -0.286686718 -0.001515059 -0.002241080 0.999996305 8.946024895
0.999998033 0.001589303 0.001119312 0.164534211 -0.001591928 0.999995887 0.002348231 -0.300264806 -0.001115576 -0.002350008 0.999996603 9.272101402
0.999997437 0.002056599 0.000945911 0.172862455 -0.002059116 0.999994278 0.002667941 -0.310882509 -0.000940418 -0.002669881 0.999996006 9.619647026
0.999997973 0.001758949 0.000932990 0.181550771 -0.001761605 0.999994338 0.002853730 -0.321752340 -0.000927965 -0.002855368 0.999995530 9.954930305
0.999996603 0.002040086 0.001571130 0.175421521 -0.002044406 0.999994099 0.002752677 -0.337923348 -0.001565505 -0.002755880 0.999994993 10.330441475
0.999995649 0.002243079 0.001888548 0.183131263 -0.002249013 0.999992490 0.003145468 -0.354356259 -0.001881478 -0.003149702 0.999993265 10.680644035
0.999996245 0.002241971 0.001579248 0.193071336 -0.002246721 0.999992967 0.003012686 -0.359372854 -0.001572482 -0.003016223 0.999994218 11.054238319
0.999994695 0.002451027 0.002142485 0.195117787 -0.002458032 0.999991655 0.003273094 -0.377276152 -0.002134444 -0.003278343 0.999992430 11.417943954
0.999997497 0.001749510 0.001392427 0.219389051 -0.001754202 0.999992728 0.003375423 -0.384337842 -0.001386512 -0.003377857 0.999993265 11.805675507
0.999996722 0.001749854 0.001845192 0.226960942 -0.001755764 0.999993324 0.003206097 -0.395437270 -0.001839570 -0.003209326 0.999993145 12.187648773
0.999997437 0.001622566 0.001596195 0.238582760 -0.001627550 0.999993801 0.003126238 -0.406012803 -0.001591112 -0.003128827 0.999993861 12.574120522
0.999996543 0.001570801 0.002073226 0.237582549 -0.001577037 0.999994159 0.003009593 -0.411854684 -0.002068487 -0.003012853 0.999993324 12.975296974
0.999994874 0.002387061 0.002103309 0.240817592 -0.002394539 0.999990761 0.003560126 -0.426958621 -0.002094792 -0.003565144 0.999991477 13.375706673
0.999995768 0.001842250 0.002234689 0.252799928 -0.001850582 0.999991357 0.003731873 -0.437624604 -0.002227795 -0.003735993 0.999990582 13.780204773
0.999996006 0.001502608 0.002398886 0.259331763 -0.001511346 0.999992192 0.003644558 -0.456121176 -0.002393390 -0.003648169 0.999990404 14.197607040
0.999996662 0.000951782 0.002387999 0.273177773 -0.000961451 0.999991298 0.004051000 -0.469906837 -0.002384123 -0.004053283 0.999988914 14.619812965
0.999994457 0.001492921 0.002978627 0.283256620 -0.001505702 0.999989629 0.004293347 -0.485390961 -0.002972187 -0.004297808 0.999986351 15.040956497
0.999994576 0.001540855 0.002911096 0.296063334 -0.001553993 0.999988616 0.004516077 -0.497530967 -0.002904104 -0.004520576 0.999985576 15.479037285
0.999993861 0.001133875 0.003323987 0.307137609 -0.001149800 0.999987781 0.004792880 -0.514597058 -0.003318512 -0.004796672 0.999983013 15.915528297
0.999993742 0.000556838 0.003496805 0.321128964 -0.000574218 0.999987483 0.004971152 -0.524410427 -0.003493993 -0.004973129 0.999981523 16.372051239
0.999992371 0.000681836 0.003845685 0.326288521 -0.000698923 0.999989867 0.004443655 -0.529738486 -0.003842616 -0.004446309 0.999982774 16.834091187
0.999991059 0.001200911 0.004049690 0.336059809 -0.001219357 0.999988854 0.004555704 -0.545521200 -0.004044174 -0.004560601 0.999981344 17.308786392
0.999987543 0.001731632 0.004679204 0.339368582 -0.001753910 0.999987245 0.004761240 -0.556030810 -0.004670898 -0.004769389 0.999977648 17.750717163
0.999985456 0.001235725 0.005244533 0.349344641 -0.001262041 0.999986649 0.005017478 -0.568566620 -0.005238262 -0.005024025 0.999973655 18.206375122
0.999987185 0.001477307 0.004842046 0.367851943 -0.001500761 0.999987125 0.004843763 -0.580731392 -0.004834828 -0.004850967 0.999976575 18.691627502
0.999984801 0.001576843 0.005300810 0.378787130 -0.001602809 0.999986708 0.004897943 -0.591976047 -0.005293017 -0.004906364 0.999973953 19.162405014
0.999984980 0.002103563 0.005064340 0.406184256 -0.002132889 0.999980867 0.005792315 -0.635983825 -0.005052059 -0.005803029 0.999970376 19.649202347
0.999984086 0.002288844 0.005152131 0.415200144 -0.002322636 0.999975681 0.006562409 -0.650157094 -0.005136986 -0.006574271 0.999965131 20.142763138
0.999986231 0.002039379 0.004828676 0.431628019 -0.002075152 0.999970317 0.007415188 -0.671201110 -0.004813410 -0.007425106 0.999960780 20.610918045
0.999989271 0.001946007 0.004204356 0.455783099 -0.001973463 0.999976695 0.006536156 -0.673303127 -0.004191538 -0.006544383 0.999969780 21.148403168
0.999989867 0.002058398 0.004000841 0.464518994 -0.002083296 0.999978483 0.006228913 -0.678148389 -0.003987933 -0.006237184 0.999972641 21.654624939
0.999987304 0.002770014 0.004217479 0.460973591 -0.002798925 0.999972582 0.006864682 -0.697476506 -0.004198348 -0.006876399 0.999967515 22.150079727
0.999991536 0.002541616 0.003228050 0.468252331 -0.002565509 0.999969184 0.007419386 -0.732961059 -0.003209093 -0.007427605 0.999967217 22.673217773
0.999991715 0.002744799 0.003051405 0.470752180 -0.002767104 0.999969304 0.007329934 -0.741014957 -0.003031193 -0.007338316 0.999968469 23.198434830
0.999993682 0.002492805 0.002511663 0.481715649 -0.002511307 0.999969542 0.007390788 -0.756399632 -0.002493161 -0.007397050 0.999969542 23.729078293
0.999997318 0.001393782 0.001864946 0.490733266 -0.001406541 0.999975443 0.006857348 -0.767912209 -0.001855343 -0.006859952 0.999974728 24.265268326
0.999996841 0.002353241 0.000911265 0.509213805 -0.002359952 0.999969721 0.007434847 -0.782709241 -0.000893740 -0.007436975 0.999971867 24.798900604
0.999995947 0.002841162 0.000256747 0.519015968 -0.002843076 0.999965608 0.007789023 -0.797935128 -0.000234608 -0.007789721 0.999969661 25.341785431
0.999994874 0.003194133 -0.000102956 0.528013051 -0.003193169 0.999960482 0.008296723 -0.809753776 0.000129453 -0.008296353 0.999965549 25.886873245
0.999994993 0.003118026 -0.000649333 0.545275807 -0.003112646 0.999962151 0.008126828 -0.826205969 0.000674648 -0.008124767 0.999966800 26.426921844
0.999997318 0.002246788 -0.000530700 0.533389091 -0.002242366 0.999963939 0.008191930 -0.835734665 0.000549086 -0.008190718 0.999966323 26.977165222
0.999997258 0.002185904 -0.000731286 0.538710594 -0.002179644 0.999961913 0.008453291 -0.847396851 0.000749736 -0.008451675 0.999963999 27.534505844
0.999994278 0.002941007 -0.001643934 0.551522434 -0.002927440 0.999962151 0.008195228 -0.857880414 0.001667973 -0.008190369 0.999965072 28.104747772
0.999993205 0.003242319 -0.001700598 0.554819107 -0.003227699 0.999958396 0.008531021 -0.868311942 0.001728187 -0.008525474 0.999962211 28.646404266
0.999992013 0.003431840 -0.002062634 0.570921898 -0.003413845 0.999956608 0.008665127 -0.891610086 0.002092281 -0.008658016 0.999960303 29.196807861
0.999992132 0.003276945 -0.002239858 0.577456594 -0.003257260 0.999956489 0.008736189 -0.901283324 0.002268389 -0.008728823 0.999959350 29.761154175
0.999991238 0.003595719 -0.002141929 0.581476271 -0.003576864 0.999955356 0.008742993 -0.911171436 0.002173271 -0.008735255 0.999959469 30.313974380
0.999989092 0.003870404 -0.002618528 0.592600465 -0.003848155 0.999956906 0.008449012 -0.921041906 0.002651116 -0.008438843 0.999960899 30.867397308
0.999988973 0.003677642 -0.002896396 0.605232418 -0.003652583 0.999956191 0.008610158 -0.934580922 0.002927934 -0.008599483 0.999958754 31.417339325
0.999988616 0.003543751 -0.003203881 0.614885628 -0.003515634 0.999955654 0.008739307 -0.946904659 0.003234709 -0.008727944 0.999956667 31.971132278
0.999987781 0.003553064 -0.003427559 0.624762654 -0.003522704 0.999954879 0.008823302 -0.960091352 0.003458753 -0.008811119 0.999955177 32.523685455
0.999986827 0.003423571 -0.003823631 0.634458661 -0.003389778 0.999955475 0.008809808 -0.967865229 0.003853622 -0.008796730 0.999953866 33.078281403
0.999985874 0.003448745 -0.004034395 0.643131018 -0.003412522 0.999954104 0.008951229 -0.983794093 0.004065081 -0.008937337 0.999951720 33.624641418
0.999983966 0.003715494 -0.004272772 0.653051734 -0.003677837 0.999954641 0.008787561 -0.990028739 0.004305228 -0.008771706 0.999952257 34.180130005
0.999984562 0.003221145 -0.004530996 0.661727786 -0.003180072 0.999954045 0.009043078 -1.002546310 0.004559917 -0.009028530 0.999948859 34.726016998
0.999984324 0.003658793 -0.004243630 0.663126707 -0.003620851 0.999953687 0.008914464 -1.010538816 0.004276050 -0.008898959 0.999951184 35.283405304
0.999985039 0.003154332 -0.004466991 0.672540307 -0.003115516 0.999957502 0.008669990 -1.018997908 0.004494149 -0.008655943 0.999952435 35.828693390
0.999985158 0.003290124 -0.004341636 0.672936082 -0.003251409 0.999955177 0.008894302 -1.032030582 0.004370705 -0.008880055 0.999951065 36.385105133
0.999981463 0.003754041 -0.004791985 0.689915180 -0.003712639 0.999955893 0.008619484 -1.038451552 0.004824132 -0.008601532 0.999951363 36.936454773
0.999980986 0.003440376 -0.005124814 0.697874904 -0.003396557 0.999957800 0.008534673 -1.045814514 0.005153961 -0.008517103 0.999950469 37.483634949
0.999979377 0.003654900 -0.005265621 0.707550406 -0.003609725 0.999956846 0.008563499 -1.060430408 0.005296693 -0.008544316 0.999949455 38.047595978
0.999982774 0.003458184 -0.004733364 0.711483419 -0.003417859 0.999958098 0.008501217 -1.069659352 0.004762565 -0.008484893 0.999952674 38.602378845
0.999978900 0.003671694 -0.005341905 0.724906921 -0.003627900 0.999959946 0.008184900 -1.081562638 0.005371743 -0.008165348 0.999952257 39.147418976
0.999976099 0.003878588 -0.005718659 0.730124593 -0.003829415 0.999955833 0.008584706 -1.098591805 0.005751703 -0.008562603 0.999946713 39.707492828
0.999975979 0.004033781 -0.005630570 0.743105769 -0.003983131 0.999951780 0.008977958 -1.112926722 0.005666513 -0.008955316 0.999943852 40.247871399
0.999975085 0.004555157 -0.005386744 0.753172040 -0.004506304 0.999948978 0.009046587 -1.124125957 0.005427677 -0.009022088 0.999944568 40.795261383
0.999977171 0.004104122 -0.005371879 0.742389202 -0.004057872 0.999954760 0.008592660 -1.129757285 0.005406903 -0.008570665 0.999948621 41.374485016
0.999974132 0.004005546 -0.005978539 0.759371161 -0.003955557 0.999957263 0.008350044 -1.134825468 0.006011731 -0.008326178 0.999947250 41.916156769
0.999975562 0.003629785 -0.005980773 0.768541098 -0.003576727 0.999954343 0.008858433 -1.150572062 0.006012655 -0.008836825 0.999942899 42.462776184
0.999971569 0.004671240 -0.005911248 0.762863457 -0.004615451 0.999944985 0.009416300 -1.172536731 0.005954909 -0.009388750 0.999938130 43.042835236
0.999974251 0.004213359 -0.005804679 0.773162961 -0.004155395 0.999941766 0.009962043 -1.186732054 0.005846315 -0.009937665 0.999933481 43.582988739
0.999971211 0.004904244 -0.005792120 0.771345735 -0.004848558 0.999942362 0.009589205 -1.197953820 0.005838814 -0.009560847 0.999937236 44.151699066
0.999973297 0.003951911 -0.006144684 0.785453439 -0.003888070 0.999938667 0.010367075 -1.217905521 0.006185277 -0.010342907 0.999927342 44.696826935
0.999971509 0.004793178 -0.005827136 0.781445026 -0.004737577 0.999943495 0.009518620 -1.212295532 0.005872431 -0.009490743 0.999937654 45.262344360
0.999973476 0.004606030 -0.005645643 0.792144418 -0.004553436 0.999946415 0.009293593 -1.221390486 0.005688148 -0.009267638 0.999940872 45.821624756
0.999975204 0.004847357 -0.005115065 0.796372235 -0.004798796 0.999943674 0.009463664 -1.233842015 0.005160651 -0.009438884 0.999942124 46.372001648
0.999974668 0.004299619 -0.005661416 0.809013069 -0.004244446 0.999943733 0.009721527 -1.250687718 0.005702896 -0.009697252 0.999936700 46.916034698
0.999971867 0.005213216 -0.005392298 0.820427656 -0.005161798 0.999941468 0.009505757 -1.259490490 0.005441539 -0.009477656 0.999940217 47.475296021
0.999972045 0.004036914 -0.006298334 0.829161763 -0.003974475 0.999943137 0.009894731 -1.269323468 0.006337920 -0.009869422 0.999931216 48.026794434
0.999967992 0.004886989 -0.006331958 0.840732217 -0.004824891 0.999940455 0.009785383 -1.280459642 0.006379401 -0.009754520 0.999932110 48.585742950
0.999970913 0.004299298 -0.006297108 0.851480961 -0.004239060 0.999945462 0.009548357 -1.281525850 0.006337814 -0.009521385 0.999934614 49.142719269
0.999973297 0.004191083 -0.005988184 0.846774578 -0.004131822 0.999942720 0.009874688 -1.300109267 0.006029226 -0.009849682 0.999933302 49.688186646
0.999973655 0.004461388 -0.005725181 0.859203339 -0.004404255 0.999940753 0.009953315 -1.308786750 0.005769248 -0.009927838 0.999934018 50.234813690
0.999976575 0.003970769 -0.005578785 0.851147175 -0.003916346 0.999944985 0.009732455 -1.318049073 0.005617123 -0.009710378 0.999937057 50.798679352
0.999977350 0.004131425 -0.005299962 0.852521122 -0.004081261 0.999947071 0.009441173 -1.326956868 0.005338687 -0.009419329 0.999941409 51.346740723
0.999980330 0.004038269 -0.004820024 0.859166026 -0.003991680 0.999945581 0.009636481 -1.337820292 0.004858676 -0.009617052 0.999941945 51.895191193
0.999976337 0.003954365 -0.005628404 0.871498823 -0.003900996 0.999947608 0.009461697 -1.346412301 0.005665524 -0.009439517 0.999939382 52.452217102
0.999977291 0.003676831 -0.005635691 0.879907668 -0.003623756 0.999949276 0.009399134 -1.358778238 0.005669964 -0.009378498 0.999939919 52.998165131
0.999979138 0.003689093 -0.005295107 0.883228064 -0.003640837 0.999951959 0.009094254 -1.363336325 0.005328402 -0.009074785 0.999944627 53.558341980
0.999980211 0.003723386 -0.005061428 0.885743260 -0.003677395 0.999952137 0.009065869 -1.374597549 0.005094941 -0.009047077 0.999946117 54.095237732
0.999981165 0.004099285 -0.004582424 0.889261246 -0.004056443 0.999948382 0.009319762 -1.385192156 0.004620391 -0.009300997 0.999946058 54.638389587
0.999981105 0.004039891 -0.004625413 0.892046034 -0.003997973 0.999951184 0.009036284 -1.393418074 0.004661692 -0.009017621 0.999948502 55.185745239
0.999978364 0.004478318 -0.004812910 0.895503581 -0.004436290 0.999952197 0.008707879 -1.404218435 0.004851676 -0.008686339 0.999950588 55.743946075
0.999978781 0.004857396 -0.004342735 0.903195798 -0.004818300 0.999948204 0.008968260 -1.412608266 0.004386073 -0.008947145 0.999950349 56.294750214
0.999980152 0.004410919 -0.004487996 0.907676816 -0.004370447 0.999949992 0.008988048 -1.421736717 0.004527417 -0.008968255 0.999949455 56.850849152
0.999981642 0.004082017 -0.004469184 0.930807650 -0.004038916 0.999945581 0.009610888 -1.448554039 0.004508173 -0.009592662 0.999943793 57.357849121
0.999980032 0.004543092 -0.004390386 0.932265520 -0.004502353 0.999947131 0.009244985 -1.448246598 0.004432155 -0.009225034 0.999947608 57.926033020
0.999978006 0.004990929 -0.004378329 0.934254885 -0.004951500 0.999947548 0.008970420 -1.455353260 0.004422870 -0.008948544 0.999950171 58.488830566
0.999981284 0.004798061 -0.003773449 0.937807441 -0.004765781 0.999952376 0.008517462 -1.462384343 0.003814137 -0.008499321 0.999956548 59.023376465
0.999981642 0.004715413 -0.003785863 0.944134116 -0.004683034 0.999952793 0.008516400 -1.466663122 0.003825842 -0.008498516 0.999956489 59.576953888
0.999982893 0.004518120 -0.003708495 0.950257123 -0.004487943 0.999957144 0.008105657 -1.473426580 0.003744958 -0.008088875 0.999960244 60.123420715
0.999983072 0.004755661 -0.003355361 0.949891090 -0.004727351 0.999953568 0.008395464 -1.490261078 0.003395131 -0.008379460 0.999959111 60.658222198
0.999981999 0.005143503 -0.003103508 0.958071649 -0.005115030 0.999945343 0.009113763 -1.503583908 0.003150215 -0.009097725 0.999953628 61.213180542
0.999982119 0.004881119 -0.003454045 0.966558218 -0.004852009 0.999952972 0.008386851 -1.506894588 0.003494821 -0.008369941 0.999958873 61.756839752
0.999982834 0.004963004 -0.003115701 0.977411509 -0.004938318 0.999956667 0.007880926 -1.514770150 0.003154679 -0.007865404 0.999964118 62.310081482
0.999981523 0.005030977 -0.003409101 0.985393882 -0.005003470 0.999955237 0.008029060 -1.522028685 0.003449342 -0.008011854 0.999961972 62.874416351
0.999980688 0.005507119 -0.002862045 0.990751743 -0.005481951 0.999946773 0.008728427 -1.539370775 0.002909960 -0.008712568 0.999957800 63.420928955
0.999981225 0.005651623 -0.002367321 0.990328312 -0.005631444 0.999948382 0.008445736 -1.548322082 0.002414931 -0.008432246 0.999961495 63.990539551
0.999985754 0.004761369 -0.002413609 0.993087411 -0.004741911 0.999956727 0.008004164 -1.559159994 0.002451615 -0.007992607 0.999965012 64.507522583
0.999985516 0.005089083 -0.001804118 0.993358433 -0.005075214 0.999958158 0.007610799 -1.567674994 0.001842774 -0.007601532 0.999969423 65.051521301
0.999985695 0.004439244 -0.002983236 1.008294106 -0.004416416 0.999961257 0.007615318 -1.563944817 0.003016926 -0.007602034 0.999966562 65.572105408
0.999986708 0.003997257 -0.003271404 1.024409056 -0.003973286 0.999965489 0.007301668 -1.574537039 0.003300478 -0.007288572 0.999968052 66.122543335
0.999985874 0.004289628 -0.003124948 1.032821655 -0.004267187 0.999965370 0.007152779 -1.583611131 0.003155522 -0.007139344 0.999969542 66.664535522
0.999984682 0.004682248 -0.002984853 1.046476960 -0.004657571 0.999955356 0.008221552 -1.614180803 0.003023215 -0.008207523 0.999961734 67.211639404
0.999984205 0.004623596 -0.003188733 1.063681126 -0.004597448 0.999956191 0.008159099 -1.623789072 0.003226318 -0.008144311 0.999961615 67.755500793
0.999987423 0.004410915 -0.002375730 1.039246917 -0.004392136 0.999959528 0.007851788 -1.621281624 0.002410268 -0.007841255 0.999966323 68.304710388
0.999989092 0.003926172 -0.002500924 1.057549834 -0.003905599 0.999958932 0.008178884 -1.639986277 0.002532933 -0.008169028 0.999963403 68.834098816
0.999986649 0.004829985 -0.001804802 1.059812665 -0.004815225 0.999955654 0.008094359 -1.654579878 0.001843818 -0.008085561 0.999965549 69.384445190
0.999986470 0.005044663 -0.001308777 1.060068011 -0.005034363 0.999957263 0.007756706 -1.656270742 0.001347851 -0.007750011 0.999969006 69.956405640
0.999987185 0.004964035 -0.001001747 1.054082394 -0.004956745 0.999962151 0.007152429 -1.658151507 0.001037214 -0.007147373 0.999973893 70.452705383
0.999986589 0.004984919 -0.001398553 1.067485094 -0.004973534 0.999955356 0.008028889 -1.671026230 0.001438514 -0.008021826 0.999966800 71.006607056
0.999987841 0.004706703 -0.001429796 1.078203440 -0.004695985 0.999961555 0.007409166 -1.675700307 0.001464613 -0.007402363 0.999971449 71.547340393
0.999985337 0.005183277 -0.001560653 1.081805706 -0.005172668 0.999963939 0.006726730 -1.682798624 0.001595464 -0.006718559 0.999976099 72.116546631
0.999987721 0.004806841 -0.001213184 1.086627722 -0.004798139 0.999963462 0.007077008 -1.702458978 0.001247158 -0.007071100 0.999974251 72.658363342
0.999987602 0.004826609 -0.001225166 1.094000578 -0.004818392 0.999966443 0.006622935 -1.712374926 0.001257091 -0.006616950 0.999977350 73.212516785
0.999986291 0.005015939 -0.001489317 1.103968263 -0.005005575 0.999963760 0.006882749 -1.722597361 0.001523786 -0.006875200 0.999975204 73.748420715
0.999985635 0.005187691 -0.001288508 1.109096527 -0.005178238 0.999960423 0.007233561 -1.736859083 0.001325982 -0.007226786 0.999972999 74.277931213
0.999984622 0.005324482 -0.001538008 1.120803356 -0.005312366 0.999955595 0.007775906 -1.756554127 0.001579342 -0.007767615 0.999968588 74.815261841
0.999987781 0.004622034 -0.001766185 1.132519364 -0.004608463 0.999960423 0.007611617 -1.764254689 0.001801296 -0.007603385 0.999969423 75.356880188
0.999987185 0.004899259 -0.001318353 1.133675694 -0.004889082 0.999959052 0.007615149 -1.772732019 0.001355609 -0.007608605 0.999970138 75.918334961
0.999987721 0.004619204 -0.001851502 1.156757116 -0.004604891 0.999960065 0.007661430 -1.789970636 0.001886818 -0.007652809 0.999968946 76.450889587
0.999986410 0.004903360 -0.001773126 1.163354754 -0.004889508 0.999958217 0.007734295 -1.803093910 0.001810975 -0.007725521 0.999968529 76.999359131
0.999989986 0.004316518 -0.001110065 1.168418765 -0.004308595 0.999965906 0.007044136 -1.808427811 0.001140433 -0.007039283 0.999974549 77.554153442
0.999990523 0.003856352 -0.001996936 1.190839052 -0.003842164 0.999967694 0.007061058 -1.821011424 0.002024102 -0.007053318 0.999973059 78.089157104
0.999989808 0.004107231 -0.001870142 1.187264442 -0.004093165 0.999963760 0.007464015 -1.829656601 0.001900731 -0.007456284 0.999970317 78.613922119
0.999989390 0.004243812 -0.001858056 1.204158306 -0.004230783 0.999966741 0.006961314 -1.837415099 0.001887536 -0.006953378 0.999974072 79.159355164
0.999990046 0.004203382 -0.001495617 1.215334177 -0.004193303 0.999968886 0.006679344 -1.841593027 0.001523646 -0.006673006 0.999976575 79.712509155
0.999989867 0.004253415 -0.001482641 1.221825957 -0.004243482 0.999968886 0.006639690 -1.856606960 0.001510837 -0.006633331 0.999976814 80.269126892
0.999985456 0.005121592 -0.001701558 1.239403725 -0.005109396 0.999961734 0.007095955 -1.872700095 0.001737836 -0.007087158 0.999973357 80.813285828
0.999989986 0.004387582 -0.000911979 1.253716469 -0.004380992 0.999965072 0.007108072 -1.884279132 0.000943134 -0.007104005 0.999974310 81.350502014
0.999989331 0.004617639 0.000147250 1.263901114 -0.004618532 0.999966264 0.006779614 -1.894499779 -0.000115938 -0.006780221 0.999976993 81.895805359
0.999987900 0.004798797 0.001105040 1.278802037 -0.004806862 0.999960959 0.007413895 -1.910886288 -0.001069420 -0.007419116 0.999971926 82.415176392
0.999986053 0.004588906 0.002607848 1.290619373 -0.004608561 0.999960661 0.007581856 -1.924508452 -0.002572955 -0.007593770 0.999967873 82.959396362
0.999967635 0.005388770 0.005977766 1.306926131 -0.005428859 0.999962747 0.006710538 -1.927220464 -0.005941382 -0.006742774 0.999959588 83.518241882
0.999936283 0.005478789 0.009857431 1.323750257 -0.005547013 0.999960780 0.006907095 -1.939626813 -0.009819204 -0.006961335 0.999927580 84.060569763
0.999893844 0.006079330 0.013243411 1.341528296 -0.006178137 0.999953389 0.007432662 -1.957009196 -0.013197607 -0.007513694 0.999884665 84.610412598
0.999829113 0.005415646 0.017672928 1.360652208 -0.005541692 0.999959528 0.007091014 -1.960067987 -0.017633813 -0.007187740 0.999818683 85.145545959
0.999716222 0.005484911 0.023178538 1.400959134 -0.005655222 0.999957442 0.007288628 -1.977709174 -0.023137573 -0.007417639 0.999704778 85.697677612
0.999572396 0.004895578 0.028828545 1.435230255 -0.005104724 0.999961138 0.007185669 -1.991004109 -0.028792245 -0.007329758 0.999558568 86.251983643
0.999383688 0.005057191 0.034739755 1.459900379 -0.005299888 0.999962151 0.006897555 -1.996939063 -0.034703564 -0.007077421 0.999372542 86.808906555
0.999065697 0.004986665 0.042928852 1.500016928 -0.005291420 0.999961555 0.006988370 -2.009060383 -0.042892344 -0.007208996 0.999053717 87.365051270
0.998662889 0.004452041 0.051504027 1.547396898 -0.004810946 0.999965012 0.006846617 -2.021405697 -0.051471740 -0.007085247 0.998649240 87.906700134
0.998256505 0.004293267 0.058869936 1.587087870 -0.004692852 0.999966979 0.006651023 -2.028644323 -0.058839418 -0.006915695 0.998243451 88.446128845
0.997725546 0.004526859 0.067256659 1.642986774 -0.005004518 0.999963403 0.006935236 -2.045382738 -0.067222811 -0.007256049 0.997711599 88.999977112
0.996971667 0.004752339 0.077620864 1.704150200 -0.005296132 0.999962747 0.006801414 -2.053772211 -0.077585645 -0.007191907 0.996959746 89.535835266
0.996292114 0.005223946 0.085875675 1.771525860 -0.005855147 0.999957621 0.007099944 -2.070645809 -0.085834935 -0.007576433 0.996280551 90.088737488
0.995583773 0.004175761 0.093784563 1.839478493 -0.004810508 0.999966979 0.006543080 -2.079439163 -0.093754157 -0.006965335 0.995570958 90.650032043
0.994484484 0.004164132 0.104802340 1.913172722 -0.004921127 0.999963641 0.006965518 -2.094836235 -0.104769520 -0.007442845 0.994468689 91.192947388
0.993279099 0.004360123 0.115661651 1.992226601 -0.005190499 0.999962807 0.006879127 -2.106241703 -0.115627348 -0.007433234 0.993264854 91.736801147
0.992127061 0.003400714 0.125189081 2.076309204 -0.004231420 0.999970734 0.006370299 -2.113596678 -0.125163764 -0.006849874 0.992112398 92.286117554
0.990726113 0.003854331 0.135819525 2.172226906 -0.004843888 0.999964058 0.006956097 -2.127618790 -0.135787830 -0.007549482 0.990709186 92.829376221
0.989016950 0.003433712 0.147762328 2.276329041 -0.004502425 0.999966025 0.006898779 -2.141197443 -0.147733599 -0.007488297 0.988998830 93.376182556
0.987358868 0.002951845 0.158473149 2.383811951 -0.004114177 0.999966979 0.007006998 -2.156929016 -0.158447236 -0.007570407 0.987338424 93.915084839
0.985551476 0.002593641 0.169356033 2.493821144 -0.003794328 0.999969840 0.006766471 -2.162321329 -0.169333398 -0.007311297 0.985531747 94.468193054
0.983245492 0.002628965 0.182267323 2.605291367 -0.003938860 0.999969065 0.006825039 -2.179194689 -0.182243764 -0.007428615 0.983225286 94.980186462
0.981007695 0.002864309 0.193948030 2.734788895 -0.004299410 0.999966502 0.006978882 -2.192704439 -0.193921536 -0.007680199 0.980987012 95.503005981
0.978770435 0.002935703 0.204938486 2.855161667 -0.004499370 0.999964237 0.007164360 -2.200792313 -0.204910085 -0.007934359 0.978748620 96.053527832
0.975934207 0.002642534 0.218048811 2.996862411 -0.004246765 0.999967277 0.006888896 -2.212115765 -0.218023464 -0.007649112 0.975913525 96.577713013
0.972927094 0.002052997 0.231103152 3.143526077 -0.003756482 0.999968946 0.006931320 -2.218890190 -0.231081739 -0.007611804 0.972904563 97.102813721
0.970279992 0.001786921 0.241977975 3.295421600 -0.003625665 0.999967813 0.007153739 -2.236850023 -0.241957381 -0.007818461 0.970255375 97.618667603
0.967164218 0.001302831 0.254148811 3.447805405 -0.002971367 0.999976516 0.006181419 -2.226205826 -0.254134804 -0.006733617 0.967145383 98.143424988
0.963271976 0.001716064 0.268522024 3.607791901 -0.003831878 0.999965608 0.007355579 -2.265495300 -0.268500209 -0.008114367 0.963245392 98.705459595
0.959786236 0.001175257 0.280729085 3.783521652 -0.003440511 0.999965370 0.007576483 -2.283129454 -0.280710489 -0.008237656 0.959757149 99.216087341
0.956317306 0.000957467 0.292329103 3.951879501 -0.003317691 0.999965787 0.007578207 -2.290903568 -0.292311877 -0.008217028 0.956287742 99.742187500
0.951897025 0.000934067 0.306416720 4.139404297 -0.003270439 0.999969304 0.007111500 -2.296869755 -0.306400657 -0.007771533 0.951870859 100.270484924
0.947365582 0.000310108 0.320153773 4.335454941 -0.002710425 0.999971449 0.007051811 -2.304482460 -0.320142478 -0.007548395 0.947339356 100.785934448
0.943526506 -0.000113621 0.331296980 4.533992767 -0.002309872 0.999973357 0.006921413 -2.314176559 -0.331289023 -0.007295791 0.943501115 101.287597656
0.938922524 -0.000795580 0.344127655 4.744674683 -0.001596991 0.999976456 0.006669072 -2.326503754 -0.344124883 -0.006811311 0.938899159 101.792144775
0.933554590 -0.000258791 0.358435154 4.963182449 -0.002227267 0.999976218 0.006522964 -2.336443186 -0.358428359 -0.006887872 0.933531940 102.324523926
0.928820014 -0.000699393 0.370530427 5.181406021 -0.001912511 0.999975801 0.006681652 -2.357029438 -0.370526075 -0.006914695 0.928796351 102.819137573
0.923896670 -0.001231466 0.382640004 5.410303116 -0.001293124 0.999979079 0.006340563 -2.359071493 -0.382639855 -0.006352826 0.923875749 103.345420837
0.917796612 -0.001181681 0.397049069 5.650642395 -0.001511592 0.999977946 0.006470204 -2.373590946 -0.397047997 -0.006538508 0.917774558 103.837234497
0.912000358 -0.001717706 0.410185784 5.893581390 -0.001010527 0.999978721 0.006434329 -2.381860971 -0.410188198 -0.006282614 0.911979258 104.336090088
0.906736314 -0.002034663 0.421693146 6.141246796 -0.000842078 0.999977589 0.006635537 -2.398452282 -0.421697199 -0.006371781 0.906714261 104.816337585
0.900529861 -0.002990810 0.434783965 6.419013977 0.000407132 0.999981701 0.006035458 -2.401311874 -0.434794068 -0.005258096 0.900514603 105.320144653
0.894164145 -0.002716355 0.447731018 6.680992126 -0.000403977 0.999976218 0.006873574 -2.429944515 -0.447739124 -0.006326975 0.894141853 105.800773621
0.887975395 -0.003904692 0.459874332 6.956169128 0.001064278 0.999978721 0.006435575 -2.435526609 -0.459889650 -0.005225198 0.887960672 106.282585144
0.882257998 -0.004082581 0.470748633 7.229492188 0.000964793 0.999975860 0.006864144 -2.444450855 -0.470765352 -0.005601770 0.882240713 106.770217896
0.875066638 -0.004986445 0.483976573 7.497684479 0.001659052 0.999971926 0.007303090 -2.469331741 -0.483999312 -0.005587749 0.875050485 107.227569580
0.867968380 -0.005423594 0.496589810 7.790554047 0.001955755 0.999969959 0.007502969 -2.480586052 -0.496615499 -0.005541131 0.867952943 107.688621521
0.862342477 -0.005338931 0.506297112 8.106708527 0.001907924 0.999971569 0.007295114 -2.487774134 -0.506321669 -0.005324911 0.862328172 108.167083740
