1.000000000 0.000000000 0.000000000 0.000000000 0.000000000 1.000000000 0.000000000 0.000000000 0.000000000 0.000000000 1.000000000 0.000000000
1.000000000 0.000030240 0.000136604 -0.003409314 -0.000030212 1.000000000 -0.000206512 0.004508641 -0.000136610 0.000206508 0.999999940 0.004256548
1.000000000 0.000037752 0.000068129 -0.002282527 -0.000037743 1.000000000 -0.000134270 0.002356872 -0.000068134 0.000134267 1.000000000 0.000697063
0.999999940 0.000304805 0.000110854 -0.000084170 -0.000304787 0.999999940 -0.000160198 0.003640655 -0.000110903 0.000160164 1.000000000 -0.001946866
0.999999940 0.000245927 0.000053112 0.002772718 -0.000245922 0.999999940 -0.000080712 0.002063991 -0.000053132 0.000080699 1.000000000 -0.001360446
1.000000000 0.000146243 0.000063404 0.000193609 -0.000146239 1.000000000 -0.000063493 0.002168714 -0.000063413 0.000063484 1.000000000 -0.001266786
1.000000000 0.000126403 0.000133155 -0.002324174 -0.000126390 1.000000000 -0.000097109 0.002326470 -0.000133167 0.000097092 1.000000000 -0.000805686
1.000000000 0.000028008 -0.000002697 0.000804573 -0.000028008 1.000000000 -0.000027225 0.001698161 0.000002697 0.000027225 1.000000000 -0.002435692
1.000000000 0.000060245 0.000148653 -0.005258069 -0.000060219 1.000000000 -0.000175290 0.003900546 -0.000148663 0.000175281 1.000000000 0.004307717
0.999999940 0.000195771 0.000224408 -0.004716288 -0.000195743 1.000000000 -0.000123883 0.002119459 -0.000224433 0.000123839 0.999999940 -0.001419786
0.999999940 0.000182555 0.000199223 -0.003889471 -0.000182523 0.999999940 -0.000162157 0.002070641 -0.000199253 0.000162121 0.999999940 -0.000771862
1.000000000 0.000181357 0.000146817 -0.002293728 -0.000181341 1.000000000 -0.000108695 0.002832778 -0.000146837 0.000108669 1.000000000 -0.002734288
1.000000000 0.000113381 0.000200283 -0.005584255 -0.000113374 1.000000000 -0.000036978 0.000485932 -0.000200287 0.000036955 1.000000000 -0.002995852
1.000000000 -0.000015861 0.000104312 -0.003021862 0.000015870 1.000000000 -0.000090092 0.000600282 -0.000104311 0.000090094 1.000000000 -0.001824223
1.000000000 0.000099052 0.000159714 -0.003487901 -0.000099026 1.000000000 -0.000157768 0.003248481 -0.000159730 0.000157752 1.000000000 -0.001297828
1.000000000 -0.000158729 0.000009847 -0.002609924 0.000158730 1.000000000 -0.000114521 0.002849893 -0.000009829 0.000114522 1.000000000 -0.000773820
1.000000000 -0.000230173 0.000011887 -0.002208896 0.000230174 0.999999940 -0.000107791 0.000372167 -0.000011862 0.000107794 1.000000000 -0.004606416
1.000000000 -0.000112920 0.000008049 0.000472795 0.000112921 1.000000000 -0.000027106 0.000069698 -0.000008046 0.000027107 1.000000000 -0.007398264
1.000000000 0.000108177 0.000004664 0.000265226 -0.000108178 1.000000000 0.000003900 0.002156032 -0.000004663 -0.000003901 1.000000000 -0.007827641
1.000000000 -0.000079182 -0.000001700 -0.001755192 0.000079182 1.000000000 -0.000033121 -0.000343948 0.000001702 0.000033121 1.000000000 -0.007384103
1.000000000 0.000002865 0.000070288 -0.001045046 -0.000002859 1.000000000 -0.000080282 0.001087662 -0.000070288 0.000080282 1.000000000 -0.007608047
1.000000000 -0.000130899 0.000020670 0.000201435 0.000130899 1.000000000 -0.000022196 -0.000498093 -0.000020667 0.000022199 1.000000000 -0.004081615
1.000000000 0.000136253 0.000171441 -0.006301261 -0.000136217 0.999999940 -0.000206480 0.003489860 -0.000171470 0.000206456 0.999999940 0.003660590
1.000000000 -0.000078690 -0.000077004 0.000711337 0.000078681 1.000000000 -0.000113875 0.000583261 0.000077013 0.000113869 1.000000000 0.000409018
1.000000000 -0.000075735 0.000017496 -0.000927372 0.000075736 1.000000000 -0.000013577 0.002271777 -0.000017495 0.000013578 1.000000000 0.000151470
1.000000000 0.000011062 -0.000047625 0.002330915 -0.000011069 1.000000000 -0.000141398 0.003467348 0.000047624 0.000141398 1.000000000 -0.006810129
1.000000000 -0.000064077 0.000112232 -0.003140535 0.000064095 1.000000000 -0.000161671 0.003469672 -0.000112222 0.000161678 1.000000000 -0.001108170
0.999999940 0.000257284 0.000216368 -0.005429420 -0.000257240 0.999999940 -0.000200210 0.003339889 -0.000216419 0.000200154 0.999999940 0.000226515
1.000000000 0.000031205 0.000120020 -0.003663187 -0.000031201 1.000000000 -0.000032339 0.002307237 -0.000120021 0.000032335 1.000000000 -0.000772743
1.000000000 -0.000185717 0.000028416 -0.004780526 0.000185722 0.999999940 -0.000169031 0.006184967 -0.000028384 0.000169036 1.000000000 0.002640875
1.000000000 -0.000070495 0.000041188 -0.003619397 0.000070498 1.000000000 -0.000090713 0.002500584 -0.000041182 0.000090716 1.000000000 0.000846719
1.000000000 -0.000122906 0.000123827 -0.003896424 0.000122904 1.000000000 0.000018833 0.001357485 -0.000123829 -0.000018818 1.000000000 0.000980793
1.000000000 -0.000183683 0.000081233 -0.005039540 0.000183685 1.000000000 -0.000020972 0.001989627 -0.000081229 0.000020987 1.000000000 -0.001292324
1.000000000 -0.000111025 0.000013036 -0.002762025 0.000111025 1.000000000 -0.000003243 0.001850174 -0.000013036 0.000003244 1.000000000 -0.002827435
1.000000000 0.000059003 0.000063548 -0.003823036 -0.000058991 1.000000000 -0.000178053 0.001767872 -0.000063559 0.000178049 1.000000000 -0.000220391
1.000000000 0.000052606 0.000099013 -0.004528422 -0.000052595 1.000000000 -0.000112232 0.002808505 -0.000099018 0.000112227 1.000000000 0.000117953
1.000000000 -0.000157507 -0.000177223 0.003259873 0.000157529 1.000000000 0.000125022 -0.000441577 0.000177203 -0.000125050 1.000000000 -0.012952630
1.000000000 -0.000006776 0.000074984 -0.003823989 0.000006797 0.999999940 -0.000272746 0.004660335 -0.000074983 0.000272747 0.999999940 0.000986396
1.000000000 -0.000169427 0.000068637 -0.003074745 0.000169429 1.000000000 -0.000022508 0.001705043 -0.000068633 0.000022519 1.000000000 -0.000523674
1.000000000 -0.000045017 -0.000050821 0.001021239 0.000045024 1.000000000 0.000150011 -0.000955335 0.000050814 -0.000150013 1.000000000 -0.008679710
0.999999940 -0.000271698 -0.000135132 0.000171815 0.000271698 0.999999940 -0.000003413 -0.000897411 0.000135133 0.000003376 1.000000000 -0.000580043
1.000000000 0.000056768 0.000087114 0.001972497 -0.000056715 0.999999821 -0.000611656 -0.003939391 -0.000087148 0.000611651 0.999999821 0.049030963
1.000000000 0.000051965 -0.000016045 0.000259995 -0.000051990 0.999998808 -0.001548946 0.001069529 0.000015964 0.001548947 0.999998808 0.148364678
1.000000000 -0.000043687 -0.000072176 0.004836536 0.000043574 0.999998808 -0.001560089 -0.007751486 0.000072244 0.001560086 0.999998808 0.263951600
1.000000000 -0.000212055 0.000011513 0.003278507 0.000212071 0.999999046 -0.001379050 -0.012550026 -0.000011220 0.001379052 0.999999046 0.393370390
1.000000000 0.000014843 -0.000103164 0.004649570 -0.000014965 0.999999285 -0.001187767 -0.017569914 0.000103146 0.001187768 0.999999285 0.537626088
1.000000000 -0.000031814 0.000147359 0.006173726 0.000031956 0.999999523 -0.000963417 -0.031339251 -0.000147328 0.000963422 0.999999523 0.680423677
0.999999881 -0.000470686 -0.000067189 0.019513102 0.000470644 0.999999702 -0.000622347 -0.030973919 0.000067482 0.000622315 0.999999821 0.849908888
1.000000000 -0.000169078 -0.000158941 0.023167655 0.000168994 0.999999821 -0.000532100 -0.037606247 0.000159031 0.000532073 0.999999821 1.030732989
0.999999940 -0.000090875 0.000247609 0.013310255 0.000091058 0.999999702 -0.000741918 -0.037277259 -0.000247542 0.000741941 0.999999702 1.209720373
1.000000000 -0.000105939 -0.000014479 0.030000798 0.000105931 0.999999821 -0.000600803 -0.047121957 0.000014543 0.000600801 0.999999821 1.415909290
0.999999583 -0.000525494 -0.000745850 0.043451704 0.000525283 0.999999821 -0.000283112 -0.057046093 0.000745999 0.000282720 0.999999702 1.611285448
0.999998391 -0.001699274 0.000788036 0.012451531 0.001698611 0.999998212 0.000841317 -0.077575408 -0.000789464 -0.000839977 0.999999344 1.723649859
0.999997675 -0.001996255 0.000877533 0.018128103 0.001995356 0.999997497 0.001023469 -0.082891673 -0.000879574 -0.001021716 0.999999046 1.930979729
0.999999046 -0.001021874 0.000937069 0.018980986 0.001021332 0.999999225 0.000579478 -0.087862357 -0.000937660 -0.000578520 0.999999404 2.117533207
0.999999464 -0.000733214 0.000789738 0.025584057 0.000732618 0.999999464 0.000755933 -0.093709499 -0.000790292 -0.000755354 0.999999464 2.337061882
0.999999285 -0.000471385 0.001082487 0.019951997 0.000470482 0.999999583 0.000834897 -0.100544803 -0.001082880 -0.000834388 0.999999046 2.572830439
0.999998808 0.000032986 0.001574877 0.021759540 -0.000034592 0.999999464 0.001020131 -0.108361505 -0.001574843 -0.001020184 0.999998271 2.804263115
0.999999046 -0.000531496 0.001270687 0.032258984 0.000530219 0.999999285 0.001005211 -0.121844023 -0.001271221 -0.001004536 0.999998748 3.040897608
0.999998748 -0.001132649 0.001124689 0.033435158 0.001131593 0.999998927 0.000938848 -0.122731544 -0.001125752 -0.000937574 0.999998927 3.242341042
0.999998748 -0.001002674 0.001198747 0.042879611 0.001001627 0.999999106 0.000873561 -0.128258198 -0.001199622 -0.000872359 0.999998927 3.512962341
0.999999046 -0.000593585 0.001208713 0.047092084 0.000592523 0.999999464 0.000879062 -0.133960456 -0.001209234 -0.000878345 0.999998868 3.758324623
0.999999106 -0.000703517 0.001100621 0.063434638 0.000702162 0.999998987 0.001231574 -0.142900616 -0.001101486 -0.001230800 0.999998689 4.029138088
0.999998569 -0.000134725 0.001693274 0.038475987 0.000132103 0.999998808 0.001548233 -0.150200784 -0.001693480 -0.001548007 0.999997377 4.242550373
0.999998629 -0.001068046 0.001271029 0.052409049 0.001065914 0.999998033 0.001677327 -0.170621216 -0.001272818 -0.001675970 0.999997795 4.483860016
0.999998569 -0.000917111 0.001451417 0.059557296 0.000914229 0.999997616 0.001985455 -0.181295753 -0.001453234 -0.001984125 0.999996960 4.737690449
0.999998569 -0.000807966 0.001524436 0.064076401 0.000805332 0.999998271 0.001727384 -0.179799378 -0.001525829 -0.001726154 0.999997377 4.995043755
0.999998212 -0.001645752 0.000932879 0.077696942 0.001644036 0.999996960 0.001836747 -0.191305861 -0.000935899 -0.001835210 0.999997854 5.256997585
0.999997735 -0.001102607 0.001812728 0.047540590 0.001098283 0.999996543 0.002384575 -0.227988943 -0.001815351 -0.002382579 0.999995470 5.513869762
0.999997675 -0.001261881 0.001731925 0.054498781 0.001257661 0.999996245 0.002435532 -0.234834135 -0.001734992 -0.002433348 0.999995530 5.780911922
0.999997973 -0.000477447 0.001971740 0.062517382 0.000472510 0.999996722 0.002503708 -0.245468035 -0.001972929 -0.002502771 0.999994874 6.050475121
0.999996841 -0.001060884 0.002311825 0.062269293 0.001054522 0.999995708 0.002751402 -0.257399470 -0.002314734 -0.002748955 0.999993503 6.335021496
0.999997199 -0.001504836 0.001844435 0.069367327 0.001499606 0.999994874 0.002833919 -0.276003391 -0.001848690 -0.002831145 0.999994278 6.625445843
0.999996722 -0.001091641 0.002318868 0.077623993 0.001085484 0.999995887 0.002655147 -0.269234627 -0.002321757 -0.002652621 0.999993801 6.948460579
0.999997556 -0.001195944 0.001869902 0.087415710 0.001190758 0.999995470 0.002772085 -0.286757588 -0.001873209 -0.002769851 0.999994397 7.193305492
0.999997616 -0.001524257 0.001591213 0.101876363 0.001520271 0.999995649 0.002503176 -0.296773821 -0.001595022 -0.002500751 0.999995589 7.495684147
0.999997616 -0.001448019 0.001660894 0.113314837 0.001442888 0.999994159 0.003086299 -0.308800399 -0.001665354 -0.003083895 0.999993861 7.825100422
0.999997914 -0.001366565 0.001503438 0.109855860 0.001362237 0.999994934 0.002876220 -0.310034335 -0.001507361 -0.002874166 0.999994755 8.139712334
0.999997556 -0.001532647 0.001625078 0.116248250 0.001527937 0.999994636 0.002895485 -0.316955656 -0.001629507 -0.002892995 0.999994457 8.465865135
0.999996126 -0.002139533 0.001767894 0.094655693 0.002134230 0.999993265 0.002995994 -0.329592735 -0.001774292 -0.002992210 0.999993920 8.775652885
0.999998033 -0.000618201 0.001896287 0.119126864 0.000612527 0.999995351 0.002990811 -0.339831024 -0.001898127 -0.002989644 0.999993682 9.087913513
0.999997258 -0.001728817 0.001557196 0.140693352 0.001724084 0.999993920 0.003036252 -0.347419649 -0.001562435 -0.003033560 0.999994218 9.424057961
0.999997795 -0.001744941 0.001134360 0.151368961 0.001741442 0.999993742 0.003078105 -0.354099751 -0.001139723 -0.003076123 0.999994636 9.780377388
0.999997795 -0.001390604 0.001589715 0.147067070 0.001385439 0.999993801 0.003245625 -0.365392417 -0.001594219 -0.003243416 0.999993503 10.139450073
0.999998212 -0.001493696 0.001202573 0.165401578 0.001489777 0.999993622 0.003252843 -0.374776304 -0.001207424 -0.003251045 0.999994040 10.508611679
0.999996483 -0.002497712 0.001025117 0.192216560 0.002494159 0.999991000 0.003452210 -0.377799600 -0.001033730 -0.003449641 0.999993563 10.831335068
0.999998152 -0.001349371 0.001368168 0.192969918 0.001343901 0.999991179 0.003991256 -0.400808752 -0.001373541 -0.003989411 0.999991119 11.204448700
0.999994814 -0.002642932 0.001805342 0.171402827 0.002635895 0.999988914 0.003888898 -0.429500699 -0.001815600 -0.003884119 0.999990821 11.538838387
0.999995232 -0.002678448 0.001492188 0.185010105 0.002672466 0.999988437 0.003996701 -0.439691782 -0.001502876 -0.003992694 0.999990880 11.924715042
0.999995649 -0.002163704 0.001994004 0.188066572 0.002155034 0.999988317 0.004340105 -0.452939332 -0.002003371 -0.004335789 0.999988556 12.314860344
0.999995053 -0.002854223 0.001344408 0.212454513 0.002848206 0.999986053 0.004457253 -0.462312043 -0.001357111 -0.004453402 0.999989152 12.710050583
0.999992609 -0.003555049 0.001477431 0.223788232 0.003547915 0.999982238 0.004803356 -0.474796057 -0.001494480 -0.004798079 0.999987364 13.072158813
0.999995708 -0.002267508 0.001878750 0.237585902 0.002259445 0.999988258 0.004282801 -0.476327032 -0.001888439 -0.004278537 0.999989033 13.495042801
0.999997139 -0.001145356 0.002114943 0.230125234 0.001134302 0.999985695 0.005220382 -0.503402114 -0.002120892 -0.005217968 0.999984145 13.929284096
0.999993861 -0.003289097 0.001223057 0.268589199 0.003283116 0.999982774 0.004861089 -0.533404171 -0.001239024 -0.004857043 0.999987364 14.260404587
0.999993026 -0.003432207 0.001456432 0.279152572 0.003424762 0.999981165 0.005083339 -0.542643011 -0.001473852 -0.005078316 0.999985993 14.685125351
0.999990404 -0.004263744 0.000961154 0.296984434 0.004258878 0.999978364 0.005008687 -0.553382695 -0.000982489 -0.005004545 0.999986947 15.098893166
0.999991655 -0.003703502 0.001704299 0.312291026 0.003694802 0.999980211 0.005080132 -0.572275162 -0.001723079 -0.005073792 0.999985635 15.530695915
0.999993861 -0.002917526 0.001975442 0.316329092 0.002906982 0.999981582 0.005319422 -0.571893990 -0.001990925 -0.005313646 0.999983907 16.063179016
0.999990165 -0.003818248 0.002266322 0.315424114 0.003805955 0.999978185 0.005403814 -0.593880355 -0.002286906 -0.005395136 0.999982834 16.494874954
0.999988317 -0.003786496 0.002998542 0.322043777 0.003770654 0.999979019 0.005271279 -0.625765383 -0.003018439 -0.005259911 0.999981582 16.791545868
0.999990344 -0.003469655 0.002696726 0.336948425 0.003454340 0.999978006 0.005663042 -0.638563633 -0.002716316 -0.005653671 0.999980330 17.252054214
0.999988139 -0.003525491 0.003383345 0.343003362 0.003506728 0.999978542 0.005535713 -0.646333575 -0.003402788 -0.005523783 0.999978900 17.735128403
0.999984920 -0.004170653 0.003584137 0.360560536 0.004150620 0.999975801 0.005578848 -0.655152082 -0.003607318 -0.005563886 0.999977946 18.194990158
0.999986529 -0.004095895 0.003174253 0.383715928 0.004077202 0.999974489 0.005873281 -0.676719189 -0.003198228 -0.005860260 0.999977648 18.650489807
0.999986768 -0.003352854 0.003907015 0.394113600 0.003327946 0.999974251 0.006364331 -0.688460708 -0.003928252 -0.006351242 0.999972105 19.145261765
0.999988675 -0.002910592 0.003760281 0.404372871 0.002885559 0.999973834 0.006645614 -0.709511518 -0.003779526 -0.006634688 0.999970794 19.650970459
0.999986708 -0.003517472 0.003763817 0.392796606 0.003493313 0.999973297 0.006406403 -0.717535138 -0.003786252 -0.006393171 0.999972343 19.990940094
0.999987066 -0.003697093 0.003463588 0.403051734 0.003674293 0.999971688 0.006566223 -0.733740985 -0.003487766 -0.006553412 0.999972463 20.483278275
0.999989867 -0.003519471 0.002812189 0.419869632 0.003500000 0.999970078 0.006899053 -0.755917192 -0.002836386 -0.006889140 0.999972224 21.008279800
0.999990463 -0.003139110 0.003023685 0.426799387 0.003117896 0.999970675 0.006995260 -0.759299636 -0.003045555 -0.006985767 0.999970913 21.508663177
0.999987960 -0.004261873 0.002402227 0.448515356 0.004243251 0.999961317 0.007704508 -0.770881355 -0.002434970 -0.007694222 0.999967396 21.988660812
0.999989033 -0.004279583 0.001899055 0.459485859 0.004265534 0.999963999 0.007341497 -0.786057413 -0.001930405 -0.007333316 0.999971211 22.515064240
0.999991357 -0.004062459 0.000856870 0.446081877 0.004056043 0.999964654 0.007361298 -0.793613493 -0.000886745 -0.007357759 0.999972463 22.843019485
0.999988198 -0.004832439 0.000585388 0.447835624 0.004828005 0.999961376 0.007350787 -0.808983803 -0.000620888 -0.007347875 0.999972761 23.383329391
0.999990582 -0.004299391 -0.000593873 0.451351821 0.004303581 0.999964476 0.007244709 -0.820021272 0.000562704 -0.007247197 0.999973536 23.918550491
0.999988377 -0.004689336 -0.001133024 0.474252850 0.004697687 0.999960899 0.007484214 -0.832836509 0.001097883 -0.007489449 0.999971330 24.461841583
0.999985218 -0.005201302 -0.001591569 0.435793996 0.005213860 0.999954462 0.007990514 -0.876211643 0.001549935 -0.007998693 0.999966800 24.955286026
0.999988198 -0.004636358 -0.001502719 0.395986050 0.004648358 0.999956548 0.008082690 -0.907383561 0.001465179 -0.008089578 0.999966204 25.439361572
0.999975920 -0.006209989 -0.003090624 0.453141391 0.006237241 0.999940991 0.008887513 -0.916265309 0.003035249 -0.008906576 0.999955654 25.979961395
0.999969065 -0.006960987 -0.003641972 0.460487425 0.006993724 0.999934554 0.009054482 -0.934142888 0.003578705 -0.009079673 0.999952376 26.526304245
0.999976456 -0.005585516 -0.003981840 0.469171941 0.005621954 0.999941826 0.009199577 -0.948300242 0.003930225 -0.009221747 0.999949753 27.128665924
0.999977827 -0.005121803 -0.004254317 0.468381464 0.005157830 0.999950588 0.008500920 -0.952490628 0.004210568 -0.008522674 0.999954820 27.707134247
0.999973834 -0.005510027 -0.004680534 0.477145582 0.005551989 0.999944031 0.009000149 -0.974084258 0.004630682 -0.009025899 0.999948561 28.246505737
0.999967396 -0.006392302 -0.004923740 0.447081536 0.006440013 0.999931872 0.009735794 -1.011453986 0.004861170 -0.009767186 0.999940455 28.663414001
0.999965310 -0.006616756 -0.005059735 0.453395069 0.006666660 0.999928713 0.009910656 -1.019999981 0.004993798 -0.009944046 0.999938071 29.207721710
0.999965012 -0.006390134 -0.005407873 0.445563734 0.006439541 0.999937236 0.009168390 -1.029583693 0.005348947 -0.009202892 0.999943376 29.796089172
0.999964356 -0.006059130 -0.005875190 0.493170917 0.006116340 0.999933541 0.009768787 -1.051469564 0.005815609 -0.009804373 0.999935031 30.302940369
0.999956369 -0.006528901 -0.006684077 0.535694838 0.006598559 0.999923587 0.010452981 -1.082733870 0.006615320 -0.010496630 0.999922991 30.929714203
0.999967873 -0.005539585 -0.005795773 0.418522596 0.005598899 0.999931574 0.010268136 -1.111141801 0.005738496 -0.010300254 0.999930441 31.337284088
0.999966204 -0.005682734 -0.005941459 0.421926141 0.005740202 0.999936461 0.009700343 -1.106506348 0.005885956 -0.009734117 0.999935329 31.909254074
0.999969602 -0.005036206 -0.005956717 0.434621006 0.005095360 0.999937415 0.009957463 -1.119110823 0.005906197 -0.009987510 0.999932647 32.470767975
0.999961317 -0.005717424 -0.006693078 0.417304814 0.005787435 0.999928296 0.010487941 -1.130753040 0.006632634 -0.010526270 0.999922633 32.945087433
0.999961495 -0.005575931 -0.006779195 0.416305542 0.005648002 0.999927282 0.010658776 -1.155785322 0.006719269 -0.010696652 0.999920249 33.466876984
0.999960601 -0.005839624 -0.006688451 0.426834106 0.005908408 0.999929368 0.010310819 -1.165791512 0.006627768 -0.010349934 0.999924421 33.938186646
0.999959528 -0.005681728 -0.006984813 0.437953115 0.005752071 0.999932587 0.010092316 -1.166463614 0.006927000 -0.010132086 0.999924719 34.483524323
0.999964535 -0.004983532 -0.006793753 0.432893634 0.005051129 0.999937534 0.009969352 -1.185653925 0.006743646 -0.010003315 0.999927223 35.019035339
0.999968469 -0.004326230 -0.006672611 0.426686257 0.004392404 0.999940991 0.009934680 -1.189709425 0.006629237 -0.009963676 0.999928415 35.566017151
0.999970496 -0.003994138 -0.006566164 0.442493618 0.004058962 0.999942839 0.009889147 -1.202656627 0.006526289 -0.009915507 0.999929607 36.092613220
0.999962568 -0.005019758 -0.007045480 0.453303427 0.005084650 0.999944508 0.009223087 -1.192586303 0.006998789 -0.009258565 0.999932706 36.701519012
0.999955118 -0.006043423 -0.007299976 0.448056608 0.006118590 0.999927998 0.010318802 -1.241368532 0.007237090 -0.010363003 0.999920130 37.240959167
0.999952018 -0.006246395 -0.007550213 0.456310600 0.006319867 0.999932468 0.009746845 -1.207400203 0.007488820 -0.009794093 0.999924004 37.754520416
0.999944925 -0.006831517 -0.007970388 0.447435528 0.006920234 0.999913752 0.011156928 -1.270958900 0.007893482 -0.011211471 0.999906003 38.384384155
0.999958217 -0.005586201 -0.007233738 0.422825873 0.005672998 0.999911427 0.012034525 -1.295454144 0.007165870 -0.012075057 0.999901414 38.621524811
0.999960303 -0.005347183 -0.007130425 0.435237885 0.005434827 0.999909222 0.012329437 -1.314482689 0.007063850 -0.012367697 0.999898612 39.136516571
0.999954402 -0.005402163 -0.007873086 0.458837539 0.005496580 0.999912679 0.012020321 -1.317577600 0.007807464 -0.012063049 0.999896705 39.707427979
0.999945164 -0.006081907 -0.008525640 0.480885208 0.006184331 0.999908388 0.012039216 -1.333068132 0.008451639 -0.012091282 0.999891162 40.290065765
0.999940157 -0.006875484 -0.008506233 0.470557332 0.006986920 0.999889255 0.013140818 -1.362787724 0.008414941 -0.013199464 0.999877453 40.822872162
0.999938428 -0.006859670 -0.008723215 0.499046057 0.006973679 0.999889791 0.013106956 -1.376028299 0.008632346 -0.013166982 0.999876022 41.370223999
0.999928892 -0.008065391 -0.008784619 0.474234670 0.008175209 0.999888062 0.012537828 -1.354496956 0.008682512 -0.012608753 0.999882817 41.907730103
0.999940157 -0.007481132 -0.007979418 0.429766625 0.007592611 0.999872684 0.014033239 -1.420112848 0.007873418 -0.014092984 0.999869704 42.262294769
0.999943376 -0.007196065 -0.007838780 0.427963614 0.007304619 0.999876618 0.013908895 -1.427384853 0.007737725 -0.013965365 0.999872506 42.799842834
0.999934912 -0.007935783 -0.008193314 0.441235930 0.008046043 0.999876320 0.013513240 -1.431347609 0.008085065 -0.013578285 0.999875128 43.350921631
0.999935806 -0.007675578 -0.008325968 0.444426835 0.007790769 0.999873102 0.013892078 -1.430593252 0.008218282 -0.013956051 0.999868810 43.870300293
0.999949336 -0.006434196 -0.007743726 0.449166626 0.006533113 0.999896526 0.012817142 -1.442779660 0.007660457 -0.012867080 0.999887884 44.387985229
0.999958992 -0.005414743 -0.007249776 0.447840661 0.005504251 0.999908149 0.012383998 -1.451045752 0.007182053 -0.012423395 0.999897003 44.910392761
0.999963820 -0.004600036 -0.007154673 0.474183947 0.004704710 0.999881148 0.014682707 -1.532411218 0.007086282 -0.014715837 0.999866545 45.341392517
0.999957263 -0.005269306 -0.007600197 0.490590215 0.005376119 0.999886036 0.014102756 -1.528676510 0.007525019 -0.014143012 0.999871612 45.883525848
0.999957681 -0.004739453 -0.007885577 0.490145504 0.004855241 0.999879777 0.014729774 -1.547208190 0.007814816 -0.014767437 0.999860406 46.441673279
0.999964774 -0.004693604 -0.006966815 0.475256413 0.004795418 0.999880910 0.014670108 -1.553537130 0.006897129 -0.014702999 0.999868155 46.977516174
0.999971509 -0.003329053 -0.006769245 0.474254340 0.003429935 0.999882340 0.014946410 -1.569892168 0.006718691 -0.014969203 0.999865353 47.517951965
0.999965012 -0.003797117 -0.007454256 0.479031473 0.003907055 0.999882936 0.014789710 -1.561856985 0.007397226 -0.014818315 0.999862850 48.082485199
0.999964118 -0.004489670 -0.007177057 0.474947274 0.004596252 0.999878287 0.014903511 -1.585881233 0.007109271 -0.014935961 0.999863207 48.374549866
0.999967754 -0.004251451 -0.006812824 0.476278514 0.004356293 0.999871135 0.015448702 -1.594372988 0.006746268 -0.015477883 0.999857485 48.940711975
0.999962211 -0.004902349 -0.007184027 0.498684853 0.005000636 0.999893188 0.013727995 -1.589519024 0.007115962 -0.013763400 0.999879897 49.506740570
0.999956608 -0.005438960 -0.007560747 0.514393091 0.005544832 0.999885857 0.014053128 -1.589611053 0.007483449 -0.014094441 0.999872625 50.031963348
0.999956310 -0.005320351 -0.007689645 0.530456901 0.005426597 0.999889195 0.013862691 -1.597881556 0.007615039 -0.013903812 0.999874353 50.523826599
0.999946415 -0.006530151 -0.008030215 0.544258714 0.006638404 0.999886394 0.013528655 -1.585170984 0.007940958 -0.013581238 0.999876261 51.132812500
0.999964535 -0.004716690 -0.006981276 0.478312433 0.004824672 0.999867737 0.015532198 -1.666161895 0.006907092 -0.015565328 0.999854922 51.402896881
0.999965191 -0.004698422 -0.006914487 0.487429023 0.004808028 0.999861717 0.015921189 -1.679464340 0.006838727 -0.015953876 0.999849260 51.929588318
0.999962747 -0.005028352 -0.007024781 0.494122565 0.005134425 0.999871850 0.015164262 -1.675188065 0.006947630 -0.015199763 0.999860287 52.471942902
0.999965072 -0.004415571 -0.007096225 0.515114427 0.004522296 0.999875903 0.015094768 -1.683922529 0.007028692 -0.015126332 0.999860883 53.011096954
0.999969363 -0.003524261 -0.006990022 0.499491960 0.003625507 0.999887943 0.014524894 -1.677434087 0.006938048 -0.014549789 0.999870121 53.507217407
0.999967635 -0.004504826 -0.006677601 0.486091644 0.004603373 0.999879658 0.014816564 -1.698227882 0.006610050 -0.014846823 0.999867857 54.009998322
0.999964416 -0.003978468 -0.007441298 0.577123880 0.004097445 0.999862909 0.016042486 -1.740496874 0.007376451 -0.016072406 0.999843597 54.301177979
0.999970317 -0.003363246 -0.006937915 0.577571273 0.003475731 0.999861598 0.016265318 -1.748345971 0.006882250 -0.016288951 0.999843597 54.837013245
0.999965608 -0.003831381 -0.007358978 0.593587697 0.003942843 0.999876857 0.015192127 -1.749884844 0.007299866 -0.015220622 0.999857426 55.411785126
0.999965429 -0.003847971 -0.007375781 0.602588117 0.003960373 0.999875247 0.015285752 -1.754060030 0.007316044 -0.015314435 0.999855936 55.980735779
0.999961674 -0.004454205 -0.007539625 0.639064789 0.004561059 0.999888539 0.014214840 -1.738930702 0.007475470 -0.014248684 0.999870479 56.429443359
0.999958992 -0.004959614 -0.007581071 0.605524421 0.005072576 0.999875307 0.014954722 -1.776881695 0.007505957 -0.014992566 0.999859333 56.991409302
0.999960184 -0.004736257 -0.007580786 0.647696257 0.004863431 0.999846280 0.016846146 -1.806051373 0.007499836 -0.016882341 0.999829352 57.317634583
0.999952734 -0.004929255 -0.008393314 0.660188317 0.005068811 0.999847949 0.016687633 -1.801464796 0.008309783 -0.016729385 0.999825478 57.882167816
0.999953806 -0.004928103 -0.008248743 0.663901329 0.005059909 0.999858677 0.016034983 -1.809666157 0.008168556 -0.016075978 0.999837339 58.411369324
0.999954343 -0.004546611 -0.008400659 0.717289448 0.004679046 0.999864042 0.015813010 -1.814652443 0.008327622 -0.015851596 0.999839664 58.873069763
0.999955297 -0.004366657 -0.008387813 0.718319774 0.004503376 0.999856174 0.016350565 -1.831608057 0.008315211 -0.016387608 0.999831080 59.407314301
0.999955595 -0.005159893 -0.007882596 0.675825953 0.005292527 0.999843121 0.016899021 -1.831748486 0.007794162 -0.016939990 0.999826074 59.832698822
0.999956131 -0.005212419 -0.007781089 0.678555012 0.005344623 0.999840021 0.017067403 -1.838882804 0.007690882 -0.017108243 0.999824047 60.350738525
0.999951124 -0.005677003 -0.008092337 0.683803082 0.005811505 0.999843657 0.016695391 -1.849328876 0.007996294 -0.016741604 0.999827862 60.896587372
0.999963403 -0.004250180 -0.007411387 0.666006684 0.004371628 0.999855042 0.016448284 -1.845549941 0.007340405 -0.016480083 0.999837220 61.457546234
0.999948800 -0.005281450 -0.008618650 0.727551997 0.005424385 0.999846756 0.016646244 -1.832854986 0.008529413 -0.016692145 0.999824226 61.939506531
0.999954760 -0.004958150 -0.008131824 0.691245079 0.005099051 0.999835610 0.017398845 -1.906070113 0.008044221 -0.017439520 0.999815583 62.418373108
0.999954224 -0.005361489 -0.007927616 0.704428554 0.005492811 0.999846518 0.016637273 -1.903793097 0.007837198 -0.016680058 0.999830127 62.954616547
0.999953985 -0.005332154 -0.007968830 0.738756955 0.005457842 0.999859750 0.015834978 -1.857030153 0.007883281 -0.015877740 0.999842882 63.477787018
0.999951601 -0.005402179 -0.008224666 0.754759669 0.005536621 0.999849975 0.016412213 -1.889521480 0.008134772 -0.016456954 0.999831438 63.984092712
0.999955595 -0.005274734 -0.007811846 0.715474129 0.005412073 0.999829233 0.017665306 -1.927180171 0.007717333 -0.017706800 0.999813378 64.407691956
0.999950886 -0.005532643 -0.008231381 0.722522378 0.005675777 0.999831319 0.017468356 -1.931237936 0.008133347 -0.017514216 0.999813497 64.965530396
0.999948025 -0.006118091 -0.008166831 0.744187117 0.006254620 0.999839246 0.016797841 -1.922858477 0.008062750 -0.016848048 0.999825537 65.478408813
0.999953568 -0.005722388 -0.007760759 0.750109792 0.005854264 0.999836981 0.017077828 -1.928407788 0.007661768 -0.017122468 0.999823987 66.026649475
0.999961317 -0.004244283 -0.007693855 0.727173805 0.004379338 0.999835074 0.017622624 -1.959267616 0.007617789 -0.017655637 0.999815047 66.419776917
0.999957979 -0.004577240 -0.007929936 0.735545039 0.004713673 0.999839664 0.017272403 -1.966810703 0.007849603 -0.017309058 0.999819338 66.972831726
0.999962866 -0.003803221 -0.007734342 0.743898094 0.003937929 0.999839425 0.017477000 -1.975448251 0.007666631 -0.017506808 0.999817371 67.538452148
0.999963641 -0.004166673 -0.007440350 0.775318384 0.004299584 0.999829888 0.017937833 -1.986703277 0.007364344 -0.017969171 0.999811471 68.020606995
0.999973118 -0.002563702 -0.006870561 0.760227561 0.002686693 0.999835193 0.017952096 -2.005023718 0.006823407 -0.017970072 0.999815226 68.604034424
0.999962032 -0.004639163 -0.007390573 0.756070912 0.004773849 0.999820888 0.018311858 -2.004797935 0.007304298 -0.018346444 0.999804974 68.899169922
0.999970436 -0.003186065 -0.007005097 0.763078511 0.003312538 0.999830365 0.018117579 -2.009719372 0.006946186 -0.018140247 0.999811351 69.442031860
0.999977767 -0.002368349 -0.006239281 0.746241093 0.002477030 0.999844313 0.017469009 -2.010372162 0.006196938 -0.017484078 0.999827921 70.017730713
0.999976754 -0.002965428 -0.006135507 0.768208683 0.003074216 0.999836802 0.017798197 -2.015738964 0.006081726 -0.017816642 0.999822736 70.529235840
0.999959946 -0.005009661 -0.007423139 0.794081390 0.005140471 0.999829948 0.017708948 -2.014714718 0.007333163 -0.017746395 0.999815643 71.104919434
0.999971330 -0.003450049 -0.006743879 0.760601997 0.003573357 0.999825060 0.018358763 -2.032488346 0.006679360 -0.018382335 0.999808729 71.482620239
0.999971032 -0.003371304 -0.006816484 0.761167824 0.003498374 0.999818742 0.018716348 -2.043539524 0.006752150 -0.018739656 0.999801636 72.000778198
0.999968171 -0.003758000 -0.007036083 0.787893116 0.003886074 0.999825418 0.018278060 -2.050096989 0.006966165 -0.018304821 0.999808192 72.524139404
0.999974072 -0.002517096 -0.006750187 0.848557591 0.002639717 0.999830484 0.018218514 -2.047333956 0.006703184 -0.018235859 0.999811172 72.893318176
0.999965012 -0.004807162 -0.006846985 0.769452572 0.004931485 0.999821126 0.018257771 -2.038542747 0.006757993 -0.018290898 0.999809861 73.532020569
0.999969959 -0.003876201 -0.006713927 0.772051692 0.004001491 0.999816239 0.018749347 -2.042818546 0.006640017 -0.018775649 0.999801695 74.095375061
0.999968171 -0.004360388 -0.006668728 0.758423090 0.004478209 0.999832273 0.017756006 -2.039212704 0.006590186 -0.017785307 0.999820113 74.666580200
0.999957025 -0.005684081 -0.007323802 0.806218207 0.005813078 0.999826193 0.017714174 -2.029174328 0.007221842 -0.017755987 0.999816298 75.138969421
0.999967575 -0.004198111 -0.006874895 0.769571722 0.004322191 0.999826193 0.018133892 -2.046513796 0.006797574 -0.018163016 0.999811947 75.626823425
0.999972403 -0.003984010 -0.006272451 0.772224545 0.004092298 0.999841154 0.017346861 -2.044318199 0.006202344 -0.017372051 0.999829829 76.187004089
0.999974430 -0.004548978 -0.005526431 0.778428674 0.004642588 0.999843955 0.017045492 -2.048052311 0.005448029 -0.017070714 0.999839485 76.759849548
0.999989212 -0.003328036 -0.003248854 0.774252772 0.003385648 0.999834299 0.017891508 -2.066213131 0.003188770 -0.017902315 0.999834657 77.194618225
0.999992967 -0.003242345 -0.001906654 0.777298629 0.003276329 0.999830782 0.018099735 -2.065165043 0.001847645 -0.018105851 0.999834359 77.741638184
0.999996305 -0.002674255 -0.000535702 0.750359356 0.002683175 0.999844790 0.017407641 -2.041576147 0.000489067 -0.017409015 0.999848306 78.279617310
0.999992609 -0.003503944 0.001586495 0.808496714 0.003474709 0.999830663 0.018070268 -2.080615282 -0.001649544 -0.018064622 0.999835432 78.733596802
0.999981105 -0.003456135 0.005085817 0.828784108 0.003365398 0.999836862 0.017742768 -2.074164629 -0.005146309 -0.017725317 0.999829590 79.273185730
0.999960661 -0.003791402 0.008022598 0.859384537 0.003648824 0.999836504 0.017712658 -2.083565950 -0.008088442 -0.017682688 0.999810934 79.801673889
0.999920189 -0.003916493 0.012013435 0.881871462 0.003708397 0.999843538 0.017295545 -2.068128586 -0.012079293 -0.017249616 0.999778211 80.341903687
0.999816000 -0.001365959 0.019132914 0.909544945 0.001023770 0.999839604 0.017883256 -2.112908363 -0.019154271 -0.017860381 0.999656975 80.815483093
0.999708474 -0.003449057 0.023893898 0.918876529 0.003020605 0.999834359 0.017944418 -2.100235462 -0.023951828 -0.017867012 0.999553561 81.302726746
0.999541640 -0.003159462 0.030107681 0.950365186 0.002622193 0.999836922 0.017867737 -2.105087757 -0.030159222 -0.017780598 0.999386966 81.818878174
0.999250591 -0.003475417 0.038551569 0.969167709 0.002815274 0.999848783 0.017164715 -2.086327076 -0.038605392 -0.017043319 0.999109149 82.414535522
0.998893559 -0.002950136 0.046934485 1.031434298 0.002109900 0.999836802 0.017941797 -2.121501684 -0.046979755 -0.017822919 0.998736799 82.925071716
0.998553634 -0.004002297 0.053614162 1.085290194 0.003049999 0.999836385 0.017832110 -2.113672733 -0.053676754 -0.017642796 0.998402476 83.420204163
0.998070180 -0.003165491 0.062015008 1.186060905 0.002076224 0.999842525 0.017621139 -2.147574186 -0.062061030 -0.017458377 0.997919619 83.915626526
0.997439742 -0.005372357 0.071308687 1.235645294 0.004149890 0.999842048 0.017280411 -2.075249672 -0.071390271 -0.016940245 0.997304618 84.434989929
0.996742785 -0.004814633 0.080501534 1.291855812 0.003446701 0.999847472 0.017122952 -2.078951359 -0.080571711 -0.016789714 0.996607423 84.985168457
0.996034682 -0.004840860 0.088834360 1.347781658 0.003446285 0.999868453 0.015845284 -2.079094410 -0.088899367 -0.015476301 0.995920420 85.558410645
0.995134175 -0.005705699 0.098363966 1.439514160 0.004124177 0.999859035 0.016274113 -2.088019848 -0.098442964 -0.015789254 0.995017469 86.010925293
0.993937790 -0.003937756 0.109873638 1.503294468 0.001974741 0.999836564 0.017969217 -2.112570763 -0.109926447 -0.017643306 0.993783116 86.621856689
0.992821693 -0.003899442 0.119540460 1.584463120 0.001733196 0.999832451 0.018220063 -2.129595757 -0.119591489 -0.017882083 0.992662191 87.158020020
0.991500795 -0.004541901 0.130021662 1.686770439 0.002258833 0.999840677 0.017701233 -2.118314743 -0.130081326 -0.017257089 0.991353154 87.700149536
0.989641905 -0.002457820 0.143536955 1.762660980 -0.000096475 0.999841750 0.017785711 -2.134170532 -0.143557966 -0.017615333 0.989485085 88.263404846
0.988142371 -0.004146507 0.153484732 1.890435219 0.001477199 0.999845684 0.017501310 -2.148533344 -0.153533638 -0.017067056 0.987996042 88.804306030
0.986396551 -0.001632339 0.164374888 1.969408035 -0.001350471 0.999836445 0.018032996 -2.144137859 -0.164377421 -0.018009668 0.986233056 89.397148132
0.984483063 -0.004811571 0.175413638 2.066248894 0.001710830 0.999839664 0.017823679 -2.124301910 -0.175471291 -0.017247010 0.984333396 89.840507507
0.982194066 -0.004636346 0.187811852 2.195802689 0.001259677 0.999835491 0.018094365 -2.134596825 -0.187864855 -0.017535597 0.982038319 90.374229431
0.979847074 -0.004516560 0.199698195 2.308919907 0.001028085 0.999845088 0.017568985 -2.138433933 -0.199746624 -0.017009607 0.979699910 90.922554016
0.977195978 -0.005120582 0.212277681 2.477809906 0.001302979 0.999834955 0.018120000 -2.168416023 -0.212335438 -0.017430196 0.977041423 91.406867981
0.974151492 -0.005426682 0.225830466 2.578588486 0.001462188 0.999841809 0.017718747 -2.126093864 -0.225890890 -0.016930535 0.974005461 91.941612244
0.971589208 -0.006375360 0.236587763 2.735246658 0.002154745 0.999833941 0.018093813 -2.135087967 -0.236663848 -0.017069966 0.971441567 92.485084534
0.968609929 -0.006793104 0.248492479 2.925584793 0.002482466 0.999840975 0.017656405 -2.142605782 -0.248572901 -0.016485292 0.968472958 92.992225647
0.964635611 -0.005147668 0.263536990 3.079029083 0.000618345 0.999850690 0.017266730 -2.139603853 -0.263586462 -0.016493145 0.964494765 93.585472107
0.961135030 -0.006918217 0.275991768 3.234294891 0.002192390 0.999845743 0.017427940 -2.135089397 -0.276069701 -0.016145520 0.961001933 94.109733582
0.957912087 -0.007781702 0.286956370 3.420587540 0.002954507 0.999846876 0.017251235 -2.139772654 -0.287046701 -0.015677353 0.957788229 94.633903503
0.953525662 -0.006817880 0.301234752 3.605813980 0.001328264 0.999829352 0.018424777 -2.158280373 -0.301308990 -0.017168380 0.953372002 95.177124023
0.948994815 -0.007231389 0.315208942 3.811532974 0.001718618 0.999840677 0.017763706 -2.148677826 -0.315287173 -0.016315939 0.948855996 95.706726074
0.945203900 -0.006670710 0.326412439 4.016607285 0.000857798 0.999838471 0.017949188 -2.162135601 -0.326479495 -0.016685648 0.945057034 96.246337891
0.940710902 -0.007589283 0.339124411 4.201478958 0.001802886 0.999847353 0.017374542 -2.155531883 -0.339204580 -0.015733015 0.940581083 96.693313599
0.935488820 -0.006600064 0.353294700 4.426548004 0.000434616 0.999846220 0.017527776 -2.158391476 -0.353356093 -0.016243486 0.935347915 97.218620300
0.931044936 -0.008848122 0.364797205 4.653226852 0.002714324 0.999846160 0.017323615 -2.170224667 -0.364894360 -0.015138885 0.930925846 97.726722717
0.926143169 -0.007788424 0.377091527 4.886198044 0.001531186 0.999856114 0.016890349 -2.171623230 -0.377168775 -0.015065482 0.926021993 98.259315491
0.920914710 -0.009240036 0.389654577 5.138954163 0.002538280 0.999839902 0.017710609 -2.198450089 -0.389755785 -0.015320905 0.920790851 98.685806274
0.915420711 -0.010863023 0.402351499 5.376005173 0.003777749 0.999823630 0.018399028 -2.227899551 -0.402480364 -0.015322868 0.915300369 99.141738892
0.910287023 -0.010111261 0.413854003 5.649997711 0.002748528 0.999827206 0.018382244 -2.231474638 -0.413968384 -0.015595627 0.910157681 99.710128784
0.905125320 -0.011415598 0.424991548 5.936645508 0.003998737 0.999823809 0.018339727 -2.252156019 -0.425126076 -0.014900317 0.905011475 100.166175842
0.896912158 -0.006139977 0.442166120 6.046733856 -0.001706393 0.999848068 0.017345358 -2.128201008 -0.442205459 -0.016311768 0.896765411 100.753051758
0.891075075 -0.007442923 0.453794777 6.319740295 -0.000467609 0.999849916 0.017317258 -2.134105206 -0.453855574 -0.015643172 0.890937865 101.232360840
0.885625422 -0.008163717 0.464328408 6.595695496 -0.000187781 0.999839067 0.017937101 -2.149245977 -0.464400113 -0.015972743 0.885481358 101.698287964
0.877906680 -0.007182115 0.478777647 6.870021820 -0.000748930 0.999865651 0.016372195 -2.126385212 -0.478830934 -0.014731832 0.877783477 102.209701538
