1.000000000 0.000000000 0.000000000 0.000000000 0.000000000 1.000000000 0.000000000 0.000000000 0.000000000 0.000000000 1.000000000 0.000000000
1.000000000 -0.000002186 0.000123991 -0.000952061 0.000002184 1.000000000 0.000016107 -0.000030484 -0.000123991 -0.000016107 1.000000000 0.000275503
1.000000000 0.000089523 0.000181075 -0.001679168 -0.000089531 1.000000000 0.000041542 0.000913338 -0.000181071 -0.000041558 1.000000000 0.001865050
1.000000000 0.000181347 -0.000011501 0.000132122 -0.000181345 1.000000000 0.000148550 -0.001151584 0.000011528 -0.000148548 1.000000000 -0.000428620
0.999999940 0.000261598 0.000143697 -0.001212944 -0.000261613 0.999999940 0.000102675 -0.000165256 -0.000143670 -0.000102712 1.000000000 0.000403487
1.000000000 0.000040896 0.000032987 -0.000822697 -0.000040899 1.000000000 0.000082559 -0.000177782 -0.000032983 -0.000082560 1.000000000 -0.000636244
1.000000000 0.000090928 0.000156797 -0.002371168 -0.000090924 1.000000000 -0.000026983 0.001600406 -0.000156799 0.000026968 1.000000000 0.003548699
1.000000000 -0.000032286 0.000182322 -0.001562694 0.000032269 1.000000000 0.000092707 0.000616303 -0.000182325 -0.000092701 1.000000000 0.003178322
1.000000000 0.000020360 0.000164695 -0.001402831 -0.000020350 1.000000000 -0.000057526 0.001491512 -0.000164696 0.000057523 1.000000000 0.002476440
1.000000000 0.000022447 0.000200148 -0.001295107 -0.000022452 1.000000000 0.000025625 0.000258985 -0.000200147 -0.000025630 1.000000000 0.000248782
1.000000000 -0.000080088 0.000188421 -0.001036825 0.000080091 1.000000000 -0.000017561 0.001578684 -0.000188420 0.000017576 1.000000000 0.002541953
1.000000000 0.000063155 0.000085218 -0.000557645 -0.000063160 1.000000000 0.000057370 -0.000313150 -0.000085214 -0.000057375 1.000000000 0.000287138
1.000000000 0.000024461 0.000153863 -0.001439856 -0.000024461 1.000000000 0.000002197 0.001627986 -0.000153863 -0.000002201 1.000000000 0.004049355
0.999999940 -0.000046978 0.000244704 -0.002308785 0.000046941 1.000000000 0.000152092 0.000884540 -0.000244711 -0.000152080 0.999999940 0.003799672
1.000000000 -0.000003391 0.000157544 -0.002080053 0.000003381 1.000000000 0.000062525 0.001138135 -0.000157544 -0.000062525 1.000000000 0.003403947
1.000000000 0.000117503 0.000101879 -0.001356712 -0.000117511 1.000000000 0.000072059 0.000332742 -0.000101870 -0.000072070 1.000000000 0.001912528
1.000000000 -0.000015581 0.000098279 -0.001422164 0.000015571 1.000000000 0.000096597 -0.000072264 -0.000098280 -0.000096595 1.000000000 0.001354835
0.999999940 0.000127498 0.000329661 -0.002067485 -0.000127536 1.000000000 0.000115327 0.000095975 -0.000329646 -0.000115369 0.999999940 0.001443677
0.999999940 0.000188069 0.000282768 -0.003194166 -0.000188086 1.000000000 0.000057821 0.000658618 -0.000282757 -0.000057874 0.999999940 0.003158862
0.999999940 0.000188720 0.000193607 -0.002195003 -0.000188735 1.000000000 0.000076965 0.000903405 -0.000193593 -0.000077001 1.000000000 0.003825656
0.999999881 0.000353021 0.000288724 -0.003012466 -0.000353078 0.999999940 0.000198363 0.000416999 -0.000288654 -0.000198465 0.999999940 0.003746239
0.999999821 0.000516439 0.000376465 -0.003343153 -0.000516485 0.999999881 0.000121771 -0.000053754 -0.000376402 -0.000121966 0.999999940 0.001560585
0.999999940 0.000088983 0.000243758 -0.002473319 -0.000089008 1.000000000 0.000103637 0.000552135 -0.000243749 -0.000103658 0.999999940 0.002681798
0.999999940 0.000078058 0.000329952 -0.001721434 -0.000078100 1.000000000 0.000128778 -0.000355099 -0.000329942 -0.000128804 0.999999940 0.001803279
0.999999940 0.000102522 0.000273453 -0.002304543 -0.000102529 1.000000000 0.000027820 0.000318544 -0.000273450 -0.000027848 0.999999940 0.000314661
1.000000000 0.000048668 0.000234255 -0.000974693 -0.000048660 1.000000000 -0.000034590 0.001247895 -0.000234256 0.000034578 1.000000000 0.002095480
0.999999940 0.000137910 0.000279762 -0.001998041 -0.000137931 1.000000000 0.000074716 -0.000010818 -0.000279752 -0.000074755 0.999999940 0.000820693
0.999999940 0.000083200 0.000252868 -0.001470595 -0.000083201 1.000000000 0.000002231 0.001026326 -0.000252868 -0.000002252 0.999999940 0.002162219
0.999999881 0.000262298 0.000347187 -0.003058429 -0.000262286 0.999999940 -0.000034741 0.001034722 -0.000347196 0.000034650 0.999999940 0.001205878
0.999999940 0.000123413 0.000321972 -0.003602003 -0.000123420 1.000000000 0.000022815 0.001752622 -0.000321969 -0.000022855 0.999999940 0.003622224
0.999999940 0.000161640 0.000322898 -0.002934250 -0.000161666 1.000000000 0.000080854 0.000955403 -0.000322885 -0.000080906 0.999999940 0.002947199
0.999999940 0.000072463 0.000288459 -0.002151337 -0.000072494 1.000000000 0.000109518 0.000443947 -0.000288451 -0.000109539 0.999999940 0.001434752
0.999999881 0.000246024 0.000367289 -0.003732326 -0.000246033 0.999999940 0.000025775 0.001532273 -0.000367282 -0.000025865 0.999999940 0.003388373
0.999999881 0.000234064 0.000435342 -0.003158437 -0.000234081 1.000000000 0.000039415 0.000985187 -0.000435332 -0.000039517 0.999999881 0.002490677
0.999999940 0.000160402 0.000250857 -0.000878882 -0.000160433 1.000000000 0.000123211 -0.000210520 -0.000250837 -0.000123251 0.999999940 0.000273072
0.999999940 0.000283644 0.000251050 -0.002814597 -0.000283627 0.999999940 -0.000069373 0.003413025 -0.000251070 0.000069302 0.999999940 0.006472872
0.999999940 0.000177038 0.000298384 -0.003325744 -0.000177024 1.000000000 -0.000044334 0.004209405 -0.000298391 0.000044281 0.999999940 0.006999648
0.999999940 -0.000131582 0.000229942 -0.000891065 0.000131567 1.000000000 0.000066385 0.001134664 -0.000229951 -0.000066355 1.000000000 0.002773004
0.999999940 0.000248676 0.000341118 -0.002744334 -0.000248728 0.999999940 0.000153515 0.000907577 -0.000341080 -0.000153600 0.999999940 0.003220081
1.000000000 -0.000024097 0.000233600 -0.001257597 0.000024080 1.000000000 0.000070295 0.001323757 -0.000233602 -0.000070289 1.000000000 0.002794794
0.999999881 0.000090710 0.000442183 -0.002969684 -0.000090704 1.000000000 -0.000014227 0.001616931 -0.000442185 0.000014187 0.999999881 0.004724002
0.999999940 -0.000185284 0.000255197 -0.000138412 0.000185502 0.999999642 -0.000854170 0.001230369 -0.000255038 0.000854217 0.999999583 0.055270463
0.999999881 0.000240024 0.000352582 -0.001286306 -0.000239638 0.999999344 -0.001095217 -0.005937977 -0.000352845 0.001095133 0.999999344 0.133089349
1.000000000 0.000216973 0.000100173 0.002868802 -0.000216803 0.999998510 -0.001698645 -0.002979816 -0.000100542 0.001698623 0.999998569 0.255855680
1.000000000 0.000232387 0.000066268 0.004991527 -0.000232307 0.999999225 -0.001199140 -0.011986540 -0.000066546 0.001199124 0.999999285 0.386196077
1.000000000 0.000117429 0.000154376 0.008564381 -0.000117276 0.999999523 -0.000990559 -0.016858120 -0.000154492 0.000990541 0.999999523 0.524839997
0.999999940 0.000383284 0.000100129 0.012688923 -0.000383195 0.999999523 -0.000881027 -0.025138959 -0.000100467 0.000880989 0.999999583 0.666780055
0.999999881 0.000357304 0.000338735 0.016130116 -0.000356968 0.999999464 -0.000989819 -0.024410121 -0.000339089 0.000989698 0.999999464 0.839830756
1.000000000 0.000208139 0.000108366 0.017621525 -0.000208061 0.999999702 -0.000721694 -0.027541764 -0.000108516 0.000721671 0.999999762 1.015361190
1.000000000 -0.000011742 -0.000017315 0.022458393 0.000011735 0.999999940 -0.000385034 -0.033434737 0.000017320 0.000385034 0.999999940 1.192275405
0.999999762 0.000520371 0.000385010 0.015986480 -0.000520067 0.999999583 -0.000788075 -0.032649100 -0.000385420 0.000787875 0.999999642 1.370818257
0.999999940 0.000341579 0.000242529 0.035965607 -0.000341545 0.999999940 -0.000138037 -0.050914403 -0.000242576 0.000137954 0.999999940 1.562882543
0.999999821 0.000469426 0.000395028 0.036611233 -0.000469385 0.999999881 -0.000103203 -0.052349284 -0.000395076 0.000103017 0.999999940 1.758285284
1.000000000 0.000204097 0.000018407 0.042137899 -0.000204091 0.999999940 -0.000325155 -0.055105906 -0.000018473 0.000325151 0.999999940 1.953455448
0.999999940 0.000449563 -0.000311208 0.062262598 -0.000449942 0.999999166 -0.001221579 -0.057824127 0.000310659 0.001221719 0.999999166 2.173715353
0.999999523 0.000867997 -0.000431581 0.064852051 -0.000868732 0.999998152 -0.001705697 -0.059675820 0.000430100 0.001706071 0.999998391 2.391203642
0.999999583 0.000663549 -0.000499299 0.076559640 -0.000664167 0.999998927 -0.001238446 -0.070695952 0.000498476 0.001238777 0.999999106 2.611938953
0.999999702 0.000532763 -0.000531919 0.081147350 -0.000533332 0.999999166 -0.001070491 -0.080146827 0.000531349 0.001070775 0.999999285 2.838169813
0.999999940 -0.000019390 -0.000470712 0.085245602 0.000018987 0.999999642 -0.000855743 -0.085069396 0.000470728 0.000855734 0.999999464 3.068572998
0.999999642 0.000035394 -0.000807843 0.091073282 -0.000036626 0.999998748 -0.001524929 -0.086054534 0.000807788 0.001524958 0.999998450 3.315356731
0.999999762 0.000128023 -0.000636720 0.095829271 -0.000128719 0.999999344 -0.001092452 -0.099554285 0.000636580 0.001092533 0.999999225 3.569207191
0.999999762 0.000245193 -0.000668751 0.100192055 -0.000246068 0.999999166 -0.001308546 -0.104535915 0.000668430 0.001308710 0.999998987 3.829225063
0.999999642 -0.000179753 -0.000825803 0.107854746 0.000178668 0.999999166 -0.001314834 -0.111516736 0.000826038 0.001314686 0.999998808 4.084403992
0.999999762 0.000000164 -0.000526614 0.109294035 -0.000000667 0.999999523 -0.000955637 -0.117555805 0.000526614 0.000955637 0.999999464 4.339742184
1.000000000 0.000326970 0.000007421 0.105260842 -0.000326962 0.999999523 -0.001100462 -0.120563515 -0.000007780 0.001100459 0.999999404 4.602314949
0.999999762 0.000656347 -0.000228596 0.118056267 -0.000656640 0.999998987 -0.001286258 -0.128270626 0.000227751 0.001286408 0.999999166 4.861563206
0.999999881 0.000369332 -0.000353205 0.123018667 -0.000369778 0.999999166 -0.001261691 -0.132245481 0.000352739 0.001261821 0.999999166 5.128788948
0.999999881 0.000044107 -0.000387045 0.130347908 -0.000044612 0.999999225 -0.001306525 -0.144507065 0.000386988 0.001306543 0.999999046 5.384899139
0.999999881 0.000363644 -0.000130674 0.135359406 -0.000363808 0.999999166 -0.001250648 -0.150989786 0.000130219 0.001250695 0.999999166 5.654774666
0.999999821 0.000486666 -0.000145582 0.142245382 -0.000486817 0.999999344 -0.001041059 -0.160472870 0.000145075 0.001041129 0.999999464 5.909536839
0.999999702 0.000697176 -0.000269350 0.143120617 -0.000697407 0.999999344 -0.000856567 -0.176543534 0.000268752 0.000856755 0.999999523 6.206914425
0.999999762 0.000608795 -0.000265849 0.148168266 -0.000609125 0.999998987 -0.001243859 -0.181866363 0.000265092 0.001244020 0.999999166 6.491677284
0.999999821 0.000469307 -0.000183131 0.151626378 -0.000469469 0.999999583 -0.000885638 -0.194322795 0.000182716 0.000885723 0.999999583 6.773567677
0.999999702 0.000775161 -0.000053491 0.159732252 -0.000775208 0.999999344 -0.000883806 -0.202572718 0.000052806 0.000883847 0.999999642 7.075735092
0.999999285 0.001163243 0.000359284 0.165405139 -0.001162902 0.999998927 -0.000946447 -0.209818274 -0.000360385 0.000946029 0.999999464 7.363379002
0.999999821 0.000636782 0.000034330 0.169014364 -0.000636747 0.999999285 -0.001017945 -0.221862078 -0.000034978 0.001017923 0.999999404 7.681726933
0.999999940 0.000365790 -0.000049541 0.178498968 -0.000365828 0.999999583 -0.000754998 -0.235732198 0.000049265 0.000755016 0.999999702 7.994560719
0.999999762 0.000721409 0.000215144 0.181405082 -0.000721183 0.999999166 -0.001048317 -0.239464700 -0.000215900 0.001048162 0.999999404 8.317814827
0.999999404 0.000988141 0.000457728 0.188511372 -0.000987867 0.999999285 -0.000598482 -0.254738212 -0.000458319 0.000598029 0.999999762 8.634779930
0.999999523 0.000659459 0.000713127 0.189553440 -0.000658826 0.999999404 -0.000887791 -0.259351820 -0.000713712 0.000887321 0.999999285 8.974467278
0.999999762 0.000655656 0.000373562 0.204004407 -0.000655419 0.999999642 -0.000633272 -0.277307510 -0.000373977 0.000633027 0.999999702 9.304634094
0.999999642 0.000727993 0.000472817 0.207673579 -0.000727932 0.999999702 -0.000129027 -0.289888918 -0.000472911 0.000128682 0.999999881 9.648739815
0.999999344 0.000981755 0.000542858 0.213169396 -0.000981634 0.999999464 -0.000223686 -0.297652483 -0.000543078 0.000223153 0.999999821 9.989424706
0.999999285 0.001013975 0.000556353 0.217737138 -0.001013934 0.999999464 -0.000073753 -0.313701540 -0.000556427 0.000073189 0.999999762 10.350516319
0.999998569 0.001390589 0.000989144 0.223009020 -0.001390771 0.999998987 0.000182933 -0.326567799 -0.000988889 -0.000184309 0.999999464 10.708943367
0.999998868 0.000956568 0.001171691 0.228289023 -0.000956434 0.999999523 -0.000114726 -0.331290662 -0.001171800 0.000113606 0.999999225 11.069826126
0.999998510 0.001133827 0.001262346 0.228204995 -0.001133344 0.999999285 -0.000383700 -0.341674805 -0.001262779 0.000382269 0.999999046 11.458826065
0.999999046 0.000574119 0.001279789 0.238778651 -0.000574120 0.999999821 0.000000393 -0.350742131 -0.001279788 -0.000001128 0.999999106 11.840613365
0.999998510 0.000832976 0.001506203 0.245019332 -0.000832532 0.999999583 -0.000295470 -0.365435183 -0.001506448 0.000294215 0.999998808 12.222679138
0.999998331 0.000915846 0.001567122 0.255050778 -0.000915214 0.999999464 -0.000404074 -0.377362847 -0.001567491 0.000402640 0.999998689 12.614806175
0.999997914 0.000732224 0.001890791 0.261982262 -0.000731671 0.999999642 -0.000293487 -0.389190823 -0.001891006 0.000292103 0.999998152 13.007577896
0.999997079 0.001355332 0.001958687 0.263359636 -0.001355687 0.999998987 0.000180148 -0.407027751 -0.001958441 -0.000182803 0.999998093 13.407783508
0.999996066 0.001540313 0.002320566 0.270401508 -0.001540442 0.999998748 0.000053927 -0.416177720 -0.002320481 -0.000057501 0.999997318 13.821153641
0.999996722 0.001125301 0.002301491 0.278735608 -0.001126213 0.999999285 0.000395065 -0.429160058 -0.002301044 -0.000397656 0.999997258 14.234342575
0.999995887 0.001314498 0.002536449 0.288475722 -0.001315282 0.999999106 0.000307701 -0.441086799 -0.002536042 -0.000311036 0.999996722 14.658699989
0.999996424 0.001033296 0.002459916 0.302324176 -0.001034819 0.999999285 0.000618127 -0.456165135 -0.002459274 -0.000620671 0.999996781 15.085178375
0.999995410 0.000998443 0.002847044 0.312361330 -0.000999753 0.999999404 0.000458547 -0.468741298 -0.002846583 -0.000461392 0.999995828 15.517004013
0.999994040 0.001020545 0.003305022 0.320423692 -0.001021887 0.999999404 0.000404213 -0.480973512 -0.003304608 -0.000407588 0.999994397 15.957550049
0.999993622 0.001039237 0.003411065 0.329927564 -0.001041151 0.999999285 0.000559396 -0.492323935 -0.003410481 -0.000562944 0.999994040 16.402378082
0.999989986 0.001476772 0.004216469 0.334172815 -0.001476532 0.999998927 -0.000060199 -0.500728428 -0.004216553 0.000053972 0.999991119 16.855274200
0.999990463 0.001132240 0.004223200 0.348737776 -0.001134767 0.999999106 0.000595945 -0.520704031 -0.004222524 -0.000600732 0.999990880 17.302654266
0.999986827 0.001628756 0.004875980 0.356945962 -0.001632743 0.999998331 0.000813883 -0.533450186 -0.004874646 -0.000821833 0.999987781 17.764633179
0.999986172 0.001492462 0.005039444 0.365855217 -0.001494517 0.999998808 0.000404167 -0.543085575 -0.005038832 -0.000411693 0.999987245 18.234815598
0.999985635 0.001414319 0.005174281 0.379658341 -0.001417334 0.999998868 0.000579177 -0.552877307 -0.005173455 -0.000586502 0.999986410 18.705633163
0.999984562 0.001553080 0.005337539 0.391314328 -0.001555643 0.999998689 0.000476046 -0.568966627 -0.005336791 -0.000484342 0.999985635 19.170240402
0.999983788 0.001498755 0.005484560 0.406311721 -0.001498992 0.999998868 0.000039073 -0.578792870 -0.005484495 -0.000047294 0.999984920 19.653245926
0.999984980 0.001359865 0.005305551 0.413814276 -0.001362962 0.999999046 0.000580134 -0.595966995 -0.005304757 -0.000587356 0.999985754 20.140207291
0.999984086 0.001568038 0.005421969 0.426176041 -0.001570222 0.999998748 0.000398575 -0.609486818 -0.005421337 -0.000407082 0.999985218 20.631214142
0.999983609 0.001692306 0.005452056 0.440552831 -0.001694655 0.999998391 0.000426328 -0.617564797 -0.005451327 -0.000435560 0.999985039 21.129827499
0.999989450 0.001666065 0.004276283 0.457613587 -0.001669884 0.999998212 0.000889598 -0.641898751 -0.004274794 -0.000896729 0.999990463 21.640001297
0.999989152 0.002007612 0.004196114 0.464706331 -0.002013823 0.999996841 0.001476459 -0.664489746 -0.004193138 -0.001484893 0.999990106 22.143255234
0.999987304 0.002325093 0.004447951 0.477370381 -0.002332967 0.999995708 0.001765862 -0.678057373 -0.004443826 -0.001776217 0.999988616 22.649541855
0.999992967 0.002239768 0.003002608 0.489422679 -0.002243192 0.999996841 0.001137357 -0.691113293 -0.003000051 -0.001144085 0.999994814 23.175443649
0.999996185 0.001643952 0.002205502 0.501196504 -0.001645678 0.999998331 0.000780956 -0.704677880 -0.002204215 -0.000784583 0.999997318 23.698459625
0.999996483 0.001601441 0.002087844 0.501447618 -0.001602103 0.999998629 0.000315398 -0.718187928 -0.002087336 -0.000318742 0.999997795 24.224071503
0.999998093 0.001451853 0.001304143 0.520547211 -0.001453485 0.999998152 0.001251199 -0.735729814 -0.001302324 -0.001253091 0.999998391 24.757808685
0.999996841 0.002413745 0.000735264 0.529845536 -0.002414584 0.999996424 0.001142601 -0.748501003 -0.000732503 -0.001144373 0.999999106 25.297798157
0.999995410 0.002726848 0.001354965 0.524259627 -0.002727775 0.999996006 0.000682650 -0.751582384 -0.001353098 -0.000686342 0.999998868 25.857782364
0.999997437 0.002251316 -0.000242251 0.548866868 -0.002250979 0.999996483 0.001382161 -0.783727646 0.000245362 -0.001381613 0.999998987 26.388616562
0.999998093 0.001834961 -0.000695537 0.559119642 -0.001833532 0.999996245 0.002049084 -0.797103703 0.000699294 -0.002047805 0.999997675 26.944332123
0.999999225 0.001003438 -0.000714076 0.565410376 -0.001002248 0.999998033 0.001666011 -0.806598485 0.000715746 -0.001665294 0.999998391 27.493640900
0.999996245 0.002233753 -0.001579874 0.580111504 -0.002230531 0.999995410 0.002038457 -0.835382879 0.001584420 -0.002034926 0.999996662 28.038408279
0.999995768 0.002669916 -0.001165144 0.584145904 -0.002667030 0.999993384 0.002472446 -0.850448608 0.001171738 -0.002469328 0.999996245 28.582851410
0.999994516 0.002946599 -0.001493332 0.590074658 -0.002943429 0.999993324 0.002120732 -0.862478733 0.001499571 -0.002116325 0.999996603 29.118949890
0.999993384 0.002337857 -0.002755013 0.617873788 -0.002330772 0.999994099 0.002571717 -0.883422136 0.002761008 -0.002565278 0.999992907 29.672815323
0.999992013 0.002490040 -0.003130376 0.623158932 -0.002481099 0.999992847 0.002856955 -0.896821856 0.003137467 -0.002849166 0.999991000 30.214790344
0.999991894 0.002317825 -0.003280339 0.635861158 -0.002307702 0.999992549 0.003086204 -0.915385604 0.003287467 -0.003078609 0.999989808 30.757053375
0.999990702 0.002474040 -0.003538292 0.641556859 -0.002464737 0.999993503 0.002631163 -0.926634192 0.003544779 -0.002622418 0.999990284 31.315069199
0.999989629 0.002529804 -0.003788585 0.650664032 -0.002519655 0.999993205 0.002681366 -0.938121498 0.003795343 -0.002671793 0.999989212 31.865623474
0.999988139 0.002412312 -0.004226095 0.667521238 -0.002399462 0.999992430 0.003043047 -0.959358037 0.004233404 -0.003032871 0.999986410 32.411514282
0.999987781 0.003466546 -0.003516323 0.666812718 -0.003457172 0.999990404 0.002668360 -0.969173074 0.003525539 -0.002656171 0.999990284 32.959632874
0.999985516 0.002561612 -0.004727527 0.681751728 -0.002549691 0.999993563 0.002525883 -0.982566953 0.004733967 -0.002513793 0.999985635 33.500308990
0.999986529 0.002862339 -0.004330631 0.684598207 -0.002851084 0.999992549 0.002602867 -0.993610263 0.004338050 -0.002590484 0.999987245 34.055500031
0.999986768 0.002135182 -0.004677509 0.695247173 -0.002121122 0.999993205 0.003008544 -1.013117552 0.004683902 -0.002998583 0.999984503 34.575103760
0.999986470 0.002388586 -0.004626393 0.702316880 -0.002375550 0.999993145 0.002821145 -1.025283575 0.004633100 -0.002810117 0.999985337 35.123508453
0.999986887 0.002236237 -0.004608378 0.707568288 -0.002224697 0.999994338 0.002507774 -1.031704187 0.004613960 -0.002497488 0.999986231 35.662139893
0.999985695 0.002577831 -0.004698537 0.715136528 -0.002565502 0.999993265 0.002627949 -1.046150088 0.004705280 -0.002615857 0.999985516 36.211292267
0.999985814 0.003389511 -0.004119999 0.720862567 -0.003381141 0.999992192 0.002036629 -1.053217649 0.004126869 -0.002022669 0.999989510 36.759368896
0.999984562 0.002428295 -0.004998841 0.730971038 -0.002414036 0.999993026 0.002856573 -1.077226400 0.005005742 -0.002844461 0.999983430 37.292747498
0.999983430 0.002806134 -0.005040739 0.743162394 -0.002793460 0.999992967 0.002519640 -1.090623260 0.005047773 -0.002505517 0.999984145 37.836193085
0.999984026 0.002086052 -0.005255165 0.750589252 -0.002070501 0.999993443 0.002962882 -1.109042048 0.005261312 -0.002951954 0.999981761 38.387584686
0.999983609 0.002445533 -0.005175218 0.753946245 -0.002431066 0.999993086 0.002799961 -1.121881247 0.005182030 -0.002787333 0.999982655 38.932277679
0.999985158 0.002891632 -0.004620563 0.760251522 -0.002879638 0.999992371 0.002600516 -1.136726856 0.004628047 -0.002587172 0.999985933 39.475975037
0.999976695 0.002413743 -0.006382509 0.794040084 -0.002393766 0.999992192 0.003135751 -1.152668834 0.006390029 -0.003120399 0.999974668 40.042480469
0.999979436 0.002422457 -0.005940891 0.801277816 -0.002403208 0.999991775 0.003245072 -1.168658733 0.005948705 -0.003230727 0.999977112 40.583641052
0.999979913 0.003157547 -0.005499909 0.807255208 -0.003140751 0.999990344 0.003059702 -1.177632332 0.005509518 -0.003042367 0.999980211 41.147449493
0.999973357 0.003979344 -0.006105608 0.834981680 -0.003970482 0.999991000 0.001462868 -1.145068526 0.006111376 -0.001438587 0.999980330 41.665561676
0.999970257 0.002371909 -0.007340041 0.833249331 -0.002351412 0.999993265 0.002799847 -1.204218984 0.007346633 -0.002782505 0.999969125 42.232292175
0.999970257 0.002774411 -0.007198061 0.840360463 -0.002758849 0.999993920 0.002170890 -1.210634112 0.007204039 -0.002150967 0.999971747 42.789852142
0.999969542 0.003048601 -0.007183515 0.851139784 -0.003028417 0.999991477 0.002818936 -1.229480386 0.007192046 -0.002797096 0.999970198 43.322517395
0.999976993 0.003233779 -0.005969009 0.849249363 -0.003216222 0.999990463 0.002948587 -1.247961521 0.005978487 -0.002929321 0.999977827 43.867721558
0.999970198 0.002106176 -0.007424074 0.847856283 -0.002081620 0.999992371 0.003313923 -1.258781433 0.007430997 -0.003298370 0.999966979 44.410640717
0.999972582 0.003094729 -0.006729291 0.851893544 -0.003077556 0.999992013 0.002560850 -1.265825987 0.006737162 -0.002540070 0.999974132 44.966808319
0.999968648 0.004018594 -0.006817781 0.861531377 -0.003995324 0.999986231 0.003423344 -1.279395461 0.006831443 -0.003395998 0.999970973 45.486999512
0.999971032 0.002250073 -0.007269776 0.865320563 -0.002227923 0.999992967 0.003053603 -1.296531200 0.007276596 -0.003037319 0.999968886 46.066364288
0.999972165 0.001980111 -0.007199967 0.874537289 -0.001960500 0.999994338 0.002729799 -1.310744524 0.007205333 -0.002715607 0.999970317 46.611511230
0.999974430 0.002373348 -0.006735628 0.883069277 -0.002353983 0.999993086 0.002881374 -1.322984815 0.006742420 -0.002865445 0.999973118 47.150756836
0.999974489 0.002148436 -0.006805405 0.873025060 -0.002130875 0.999994516 0.002586897 -1.329191208 0.006810924 -0.002572330 0.999973416 47.715751648
0.999974191 0.002884662 -0.006581022 0.878310025 -0.002866969 0.999992311 0.002696368 -1.344650507 0.006588750 -0.002677431 0.999974668 48.276702881
0.999979258 0.002411819 -0.005951904 0.886478186 -0.002397308 0.999994218 0.002444001 -1.348557353 0.005957763 -0.002429682 0.999979258 48.821434021
0.999976397 0.002300756 -0.006478534 0.884888887 -0.002286984 0.999995112 0.002132433 -1.360113740 0.006483407 -0.002117566 0.999976754 49.369747162
0.999976397 0.002456424 -0.006427936 0.895268321 -0.002446275 0.999995768 0.001586127 -1.370540142 0.006431805 -0.001570364 0.999978125 49.921047211
0.999977171 0.002554258 -0.006255425 0.900147438 -0.002538601 0.999993622 0.002509686 -1.393523932 0.006261795 -0.002493748 0.999977291 50.469547272
0.999980092 0.002578858 -0.005751763 0.907388330 -0.002568970 0.999995232 0.001725822 -1.402596354 0.005756187 -0.001711011 0.999981999 51.016288757
0.999981642 0.002865956 -0.005327448 0.912435353 -0.002853908 0.999993384 0.002267566 -1.420674205 0.005333910 -0.002252319 0.999983311 51.575946808
0.999975324 0.002317693 -0.006628304 0.926762938 -0.002304171 0.999995232 0.002046986 -1.431664467 0.006633017 -0.002031663 0.999975920 52.123760223
0.999979854 0.002317007 -0.005915318 0.929540277 -0.002312673 0.999997139 0.000739392 -1.439341068 0.005917014 -0.000725698 0.999982178 52.684444427
0.999977648 0.002562969 -0.006193032 0.932900071 -0.002551438 0.999994993 0.001869261 -1.459727407 0.006197793 -0.001853418 0.999979079 53.220516205
0.999978960 0.003816537 -0.005238523 0.927078724 -0.003804968 0.999990284 0.002216677 -1.473327160 0.005246932 -0.002196698 0.999983847 53.788532257
0.999977231 0.002357726 -0.006323664 0.951367259 -0.002348690 0.999996185 0.001435920 -1.482551098 0.006327026 -0.001421035 0.999978960 54.327953339
0.999977589 0.002642689 -0.006156300 0.961020708 -0.002634025 0.999995530 0.001415084 -1.499044895 0.006160011 -0.001398837 0.999980032 54.868099213
0.999977529 0.002072762 -0.006374009 0.966421485 -0.002063224 0.999996722 0.001502601 -1.515266657 0.006377102 -0.001489416 0.999978542 55.417522430
0.999983013 0.002309743 -0.005346652 0.966763377 -0.002303345 0.999996603 0.001202368 -1.526532412 0.005349410 -0.001190033 0.999984980 55.972545624
0.999977171 0.002215446 -0.006380527 0.974990249 -0.002206078 0.999996424 0.001474856 -1.540702462 0.006383772 -0.001460747 0.999978542 56.517341614
0.999977291 0.002426758 -0.006290916 0.992411256 -0.002416036 0.999995530 0.001711354 -1.560718656 0.006295041 -0.001696116 0.999978781 57.053226471
0.999978840 0.002659711 -0.005932047 0.987918973 -0.002652548 0.999995768 0.001215128 -1.564688087 0.005935254 -0.001199367 0.999981642 57.625457764
0.999980927 0.002310592 -0.005722674 0.996874154 -0.002301994 0.999996245 0.001508554 -1.585971594 0.005726138 -0.001495352 0.999982476 58.162479401
0.999978364 0.002534324 -0.006066199 1.008637428 -0.002528307 0.999996305 0.000999400 -1.594422102 0.006068711 -0.000984041 0.999981046 58.702953339
0.999979913 0.003056449 -0.005556927 1.009309053 -0.003051985 0.999995053 0.000811519 -1.603790760 0.005559380 -0.000794543 0.999984264 59.251983643
0.999980390 0.002910272 -0.005542876 1.021994829 -0.002904984 0.999995291 0.000961678 -1.625393867 0.005545649 -0.000945557 0.999984205 59.781021118
0.999977946 0.002791025 -0.006025538 1.027012706 -0.002786937 0.999995887 0.000686680 -1.633468390 0.006027430 -0.000669872 0.999981582 60.349990845
0.999978721 0.003152193 -0.005704925 1.031283855 -0.003146513 0.999994516 0.001004473 -1.649264336 0.005708060 -0.000986501 0.999983251 60.900341034
0.999979675 0.003645381 -0.005232332 1.040977359 -0.003638636 0.999992490 0.001298046 -1.668893337 0.005237024 -0.001278981 0.999985456 61.445861816
0.999978065 0.003379747 -0.005695599 1.044660926 -0.003374808 0.999993920 0.000876505 -1.677863955 0.005698526 -0.000857264 0.999983370 61.986801147
0.999976635 0.003639071 -0.005790010 1.050510883 -0.003635741 0.999993145 0.000585595 -1.690489173 0.005792102 -0.000564530 0.999983072 62.543373108
0.999979913 0.004248992 -0.004707565 1.049452662 -0.004244436 0.999990523 0.000977093 -1.708751798 0.004711672 -0.000957093 0.999988437 63.097557068
0.999981284 0.003689192 -0.004864517 1.059055567 -0.003685384 0.999992907 0.000791357 -1.721024513 0.004867401 -0.000773415 0.999987841 63.643497467
0.999975801 0.003787631 -0.005837257 1.081576943 -0.003783367 0.999992549 0.000741410 -1.742872477 0.005840021 -0.000719307 0.999982715 64.171745300
0.999977648 0.004268324 -0.005142252 1.081944704 -0.004265216 0.999990642 0.000615210 -1.756239295 0.005144830 -0.000593264 0.999986708 64.720726013
0.999974668 0.004616681 -0.005422490 1.092546701 -0.004610378 0.999988735 0.001174269 -1.768327236 0.005427850 -0.001149239 0.999984622 65.257896423
0.999976516 0.004411437 -0.005247656 1.092214584 -0.004407692 0.999989927 0.000724926 -1.779976130 0.005250802 -0.000701779 0.999985993 65.791580200
0.999976099 0.003879120 -0.005718959 1.111610055 -0.003875602 0.999992251 0.000626257 -1.797747493 0.005721344 -0.000604078 0.999983430 66.350151062
0.999977946 0.003550011 -0.005602723 1.114205480 -0.003548834 0.999993682 0.000219962 -1.805963516 0.005603468 -0.000200074 0.999984205 66.908836365
0.999975562 0.003858000 -0.005823077 1.129456043 -0.003856892 0.999992490 0.000201406 -1.827685356 0.005823811 -0.000178942 0.999983013 67.459831238
0.999972820 0.004005218 -0.006187978 1.150537491 -0.003997963 0.999991238 0.001184443 -1.854677677 0.006192668 -0.001159671 0.999980152 67.986358643
0.999971330 0.004449933 -0.006119094 1.163041592 -0.004439171 0.999988496 0.001771355 -1.875688910 0.006126906 -0.001744140 0.999979675 68.520355225
0.999972284 0.004808384 -0.005691907 1.165083766 -0.004801994 0.999987781 0.001135708 -1.886939287 0.005697299 -0.001108344 0.999983132 69.071571350
0.999973059 0.004629029 -0.005698889 1.159636855 -0.004625013 0.999989033 0.000717363 -1.891752481 0.005702147 -0.000690986 0.999983490 69.623168945
0.999975622 0.004059579 -0.005702194 1.172416925 -0.004056192 0.999991536 0.000605396 -1.903023601 0.005704605 -0.000582252 0.999983549 70.173042297
0.999977589 0.004722019 -0.004762243 1.173773885 -0.004718294 0.999988556 0.000793206 -1.925124884 0.004765934 -0.000770719 0.999988377 70.717117310
0.999975324 0.004614781 -0.005292128 1.174678802 -0.004613555 0.999989331 0.000244306 -1.928805470 0.005293200 -0.000219884 0.999985933 71.265861511
0.999975264 0.004644725 -0.005276089 1.189884186 -0.004646630 0.999989152 -0.000348566 -1.941526771 0.005274412 0.000373073 0.999986053 71.815177917
0.999977291 0.005038355 -0.004473994 1.191440701 -0.005038042 0.999987364 0.000081295 -1.956683159 0.004474347 -0.000058753 0.999989986 72.366622925
0.999971509 0.005319776 -0.005352801 1.199910760 -0.005316988 0.999985635 0.000535221 -1.980934501 0.005355572 -0.000506745 0.999985516 72.890106201
0.999974847 0.004736342 -0.005264212 1.211838245 -0.004730507 0.999988139 0.001120300 -2.003869534 0.005269456 -0.001095370 0.999985516 73.433082581
0.999975860 0.004508003 -0.005298574 1.215527296 -0.004504019 0.999989569 0.000763664 -2.017489672 0.005301962 -0.000739780 0.999985695 73.985336304
0.999976158 0.004334863 -0.005362096 1.224041820 -0.004330609 0.999990284 0.000804866 -2.029585123 0.005365533 -0.000781626 0.999985278 74.514312744
0.999975622 0.004232887 -0.005548034 1.237607360 -0.004226700 0.999990404 0.001126458 -2.046816349 0.005552749 -0.001102980 0.999983966 75.053970337
0.999976099 0.004547371 -0.005207675 1.239681005 -0.004540688 0.999988854 0.001294467 -2.062000751 0.005213503 -0.001270789 0.999985635 75.600646973
0.999977112 0.004153224 -0.005329090 1.249476433 -0.004148546 0.999991000 0.000888454 -2.078172207 0.005332732 -0.000866325 0.999985337 76.142745972
0.999971509 0.004993608 -0.005663293 1.257900953 -0.004985814 0.999986649 0.001389540 -2.097408533 0.005670156 -0.001361264 0.999982953 76.685043335
0.999977350 0.004156795 -0.005294042 1.264616370 -0.004152215 0.999991000 0.000875967 -2.110967636 0.005297635 -0.000853965 0.999985576 77.234214783
0.999979913 0.003682928 -0.005158364 1.272487164 -0.003679810 0.999993026 0.000613887 -2.121810913 0.005160590 -0.000594893 0.999986470 77.784263611
0.999978721 0.004012567 -0.005150958 1.286836982 -0.004005434 0.999990940 0.001394297 -2.144650698 0.005156507 -0.001373635 0.999985695 78.333580017
0.999975264 0.004172735 -0.005658285 1.297408462 -0.004167594 0.999990880 0.000920027 -2.154181957 0.005662073 -0.000896423 0.999983549 78.869651794
0.999976993 0.004051806 -0.005431297 1.309946299 -0.004046695 0.999991298 0.000951792 -2.168427944 0.005435107 -0.000929791 0.999984801 79.418266296
0.999981523 0.003922935 -0.004643262 1.306463718 -0.003921533 0.999992192 0.000310897 -2.178895473 0.004644447 -0.000292682 0.999989152 79.973777771
0.999973595 0.004603618 -0.005621766 1.324662924 -0.004599188 0.999989092 0.000800913 -2.197326183 0.005625392 -0.000775036 0.999983907 80.500984192
0.999978304 0.004548260 -0.004755686 1.337510943 -0.004543332 0.999989092 0.001046314 -2.214483261 0.004760393 -0.001024685 0.999988079 81.053878784
0.999982178 0.004937900 -0.003350362 1.343530416 -0.004934424 0.999987245 0.001045303 -2.228673935 0.003355480 -0.001028752 0.999993801 81.599494934
0.999985635 0.004790281 -0.002388307 1.353535891 -0.004787888 0.999988019 0.001006607 -2.247029781 0.002393099 -0.000995158 0.999996662 82.118888855
0.999988139 0.004753583 -0.001062879 1.363743663 -0.004752472 0.999988139 0.001045255 -2.260743141 0.001067835 -0.001040192 0.999998808 82.664131165
0.999985933 0.004641671 0.002544163 1.378990650 -0.004643571 0.999988973 0.000741396 -2.275544643 -0.002540693 -0.000753200 0.999996483 83.210075378
0.999970376 0.004028231 0.006563684 1.396193981 -0.004037002 0.999991000 0.001323691 -2.292637587 -0.006558291 -0.001350150 0.999977529 83.752433777
0.999948382 0.004922148 0.008888613 1.425773382 -0.004932535 0.999987125 0.001147101 -2.310558319 -0.008882854 -0.001190885 0.999959826 84.304908752
0.999886334 0.005193552 0.014155043 1.448366523 -0.005213052 0.999985456 0.001341029 -2.329210520 -0.014147873 -0.001414668 0.999898911 84.852874756
0.999800086 0.004751149 0.019423081 1.480785012 -0.004774909 0.999987900 0.001176991 -2.339684963 -0.019417260 -0.001269499 0.999810576 85.401771545
0.999671996 0.004516995 0.025211394 1.509947300 -0.004551610 0.999988794 0.001315763 -2.358177900 -0.025205169 -0.001430084 0.999681294 85.952095032
0.999528170 0.003792556 0.030481260 1.545882106 -0.003833432 0.999991894 0.001282747 -2.371361971 -0.030476145 -0.001398990 0.999534488 86.481658936
0.999240398 0.004348128 0.038726144 1.578014016 -0.004398560 0.999989569 0.001217159 -2.385825634 -0.038720448 -0.001386574 0.999249101 87.042976379
0.998888314 0.004096468 0.046960987 1.626006126 -0.004158374 0.999990523 0.001220623 -2.402537823 -0.046955548 -0.001414547 0.998895943 87.588546753
0.998511195 0.004365244 0.054373000 1.661582470 -0.004444143 0.999989212 0.001330259 -2.416335821 -0.054366603 -0.001569920 0.998519838 88.146453857
0.997999549 0.004278638 0.063077904 1.714512587 -0.004334434 0.999990344 0.000747743 -2.425150871 -0.063074104 -0.001019654 0.998008311 88.684013367
0.997310281 0.004521020 0.073156796 1.775568485 -0.004571603 0.999989450 0.000524018 -2.437122107 -0.073153652 -0.000857053 0.997320354 89.219093323
0.996668994 0.003559601 0.081476271 1.842681408 -0.003604322 0.999993443 0.000401809 -2.452683926 -0.081474327 -0.000694137 0.996675253 89.768386841
0.995879531 0.005171990 0.090538748 1.885649681 -0.005244648 0.999986112 0.000564625 -2.470582962 -0.090534575 -0.001037142 0.995892823 90.303100586
0.994908631 0.003349472 0.100725427 1.960223198 -0.003447346 0.999993742 0.000797651 -2.489118099 -0.100722119 -0.001140826 0.994913936 90.856071472
0.993729055 0.003511353 0.111759707 2.029834747 -0.003592193 0.999993443 0.000521994 -2.499541044 -0.111757137 -0.000920183 0.993735075 91.400863647
0.992699027 0.002896982 0.120583229 2.119176865 -0.002988354 0.999995291 0.000576924 -2.517776966 -0.120580986 -0.000933057 0.992703021 91.931907654
0.991250694 0.003084813 0.131956458 2.207931519 -0.003213926 0.999994516 0.000765495 -2.529057741 -0.131953374 -0.001182896 0.991255224 92.501144409
0.989626110 0.002275957 0.143648401 2.311126709 -0.002444610 0.999996483 0.000997580 -2.553521156 -0.143645644 -0.001338395 0.989628255 93.026435852
0.988065779 0.001703297 0.154023200 2.432501793 -0.001924092 0.999997318 0.001284458 -2.579929352 -0.154020593 -0.001565483 0.988066375 93.542060852
0.986297667 0.002081638 0.164962351 2.530157089 -0.002221356 0.999997318 0.000662490 -2.575369358 -0.164960489 -0.001019852 0.986299634 94.141242981
0.984082699 0.001826641 0.177701816 2.653912544 -0.001979592 0.999997795 0.000683419 -2.590462208 -0.177700177 -0.001024318 0.984084070 94.662307739
0.981704235 0.001603246 0.190405190 2.773152351 -0.001819144 0.999997914 0.000959104 -2.607802629 -0.190403223 -0.001287930 0.981705129 95.200035095
0.979655087 0.001380459 0.200684115 2.898923874 -0.001613090 0.999998271 0.000995668 -2.620065689 -0.200682372 -0.001299133 0.979655504 95.737960815
0.976904690 0.001525517 0.213670105 3.043800354 -0.001799145 0.999997795 0.001086158 -2.637265205 -0.213667989 -0.001445496 0.976905286 96.268577576
0.973992705 0.001050196 0.226576924 3.198120117 -0.001393744 0.999998093 0.001356281 -2.656568289 -0.226575121 -0.001636798 0.973992288 96.783149719
0.971321523 0.000728027 0.237768784 3.345067978 -0.001143287 0.999998033 0.001608594 -2.676287174 -0.237767145 -0.001834301 0.971320450 97.312858582
0.968444347 0.000856802 0.249228761 3.497175217 -0.001256614 0.999998152 0.001445103 -2.686381578 -0.249227062 -0.001712686 0.968443573 97.821998596
0.964506269 0.000631729 0.264058948 3.656766891 -0.001041789 0.999998450 0.001412882 -2.694324732 -0.264057666 -0.001637827 0.964505434 98.372444153
0.961065590 0.000158650 0.276320219 3.828041077 -0.000447323 0.999999404 0.000981676 -2.699230433 -0.276319921 -0.001067060 0.961065114 98.905227661
0.957795143 -0.000348414 0.287451386 4.013891220 -0.000033924 0.999999106 0.001325116 -2.720349312 -0.287451595 -0.001278941 0.957794309 99.424026489
0.953437865 -0.000286383 0.301589251 4.192304611 -0.000168291 0.999998868 0.001481611 -2.734037638 -0.301589310 -0.001463379 0.953436792 99.930778503
0.949153960 -0.000356521 0.314811766 4.392196655 0.000035059 0.999999464 0.001026789 -2.743041277 -0.314811975 -0.000963545 0.949153602 100.451499939
0.945318937 -0.001174166 0.326145232 4.592292786 0.000886359 0.999999046 0.001031054 -2.754044533 -0.326146066 -0.000685593 0.945319116 100.976257324
0.940639436 -0.001480542 0.339404315 4.799150467 0.001226391 0.999998808 0.000963300 -2.770024300 -0.339405328 -0.000489875 0.940640152 101.498199463
0.935579777 -0.001384730 0.353112668 5.021289825 0.001162732 0.999998987 0.000840808 -2.786852121 -0.353113532 -0.000376068 0.935580373 101.995895386
0.930811822 -0.001599437 0.365495235 5.244390488 0.001214421 0.999998450 0.001283292 -2.806493759 -0.365496725 -0.000750638 0.930812299 102.527137756
0.926094711 -0.002004390 0.377285868 5.475894928 0.001844683 0.999998033 0.000784643 -2.815598965 -0.377286673 -0.000030682 0.926096559 103.042373657
0.920316756 -0.002099430 0.391168356 5.709411621 0.001661332 0.999997497 0.001458384 -2.837327003 -0.391170442 -0.000692315 0.920317948 103.518661499
0.914478898 -0.002854048 0.404623508 5.946769714 0.002551154 0.999995828 0.001287766 -2.847737312 -0.404625565 -0.000145379 0.914482355 104.009689331
0.909407437 -0.003377970 0.415892750 6.194931030 0.003183953 0.999994159 0.001160011 -2.864613295 -0.415894300 0.000269260 0.909412861 104.491157532
0.903413236 -0.004300990 0.428749233 6.455703735 0.004136540 0.999990523 0.001315325 -2.878558159 -0.428750873 0.000585256 0.903422415 104.975341797
0.896721959 -0.004005697 0.442576140 6.720546722 0.003639198 0.999991953 0.001677262 -2.898650169 -0.442579359 0.000106584 0.896729350 105.470794678
0.890834928 -0.004353623 0.454306066 6.987785339 0.003958884 0.999990463 0.001820072 -2.916692257 -0.454309732 0.000177161 0.890843809 105.944389343
0.885445654 -0.004681596 0.464719325 7.260631561 0.004071951 0.999988973 0.002315491 -2.934797287 -0.464725077 -0.000157928 0.885455072 106.409606934
0.877982080 -0.005432741 0.478662610 7.543533325 0.005113107 0.999984980 0.001970997 -2.942183018 -0.478666186 0.000716953 0.877996683 106.907112122
