1.000000000 0.000000000 0.000000000 0.000000000 0.000000000 1.000000000 0.000000000 0.000000000 0.000000000 0.000000000 1.000000000 0.000000000
0.999999940 -0.000323672 0.000046549 0.000276922 0.000323671 0.999999940 0.000012947 0.000294126 -0.000046554 -0.000012932 1.000000000 -0.000108411
1.000000000 -0.000118636 0.000140358 -0.000662953 0.000118611 1.000000000 0.000175419 -0.000404479 -0.000140379 -0.000175403 1.000000000 0.000317814
1.000000000 -0.000089291 0.000011646 0.000294290 0.000089290 1.000000000 0.000092308 0.000140713 -0.000011654 -0.000092307 1.000000000 0.000021914
1.000000000 -0.000017792 0.000070590 -0.000116758 0.000017788 1.000000000 0.000055165 -0.000721079 -0.000070591 -0.000055164 1.000000000 -0.000222986
0.999999940 -0.000306161 0.000077379 0.000075364 0.000306157 0.999999940 0.000050548 -0.000135349 -0.000077395 -0.000050524 1.000000000 -0.000799427
0.999999940 -0.000389349 0.000123854 -0.000707015 0.000389346 0.999999940 0.000021570 -0.000056723 -0.000123862 -0.000021521 1.000000000 0.000502097
0.999999940 -0.000319976 0.000091651 0.000535056 0.000319960 0.999999940 0.000172794 -0.000662143 -0.000091706 -0.000172765 1.000000000 0.001280938
1.000000000 -0.000115812 0.000115448 -0.000011128 0.000115813 1.000000000 -0.000009728 0.000826380 -0.000115447 0.000009741 1.000000000 0.000937628
1.000000000 -0.000013364 0.000145152 -0.000744830 0.000013362 1.000000000 0.000013365 -0.000123609 -0.000145152 -0.000013363 1.000000000 -0.000496522
1.000000000 -0.000183508 0.000075811 0.001079076 0.000183505 1.000000000 0.000036733 0.000435603 -0.000075818 -0.000036719 1.000000000 -0.000679088
1.000000000 -0.000057810 -0.000026414 0.001127329 0.000057809 1.000000000 -0.000030893 -0.000222111 0.000026416 0.000030892 1.000000000 -0.002211472
1.000000000 0.000016095 0.000057260 0.000614838 -0.000016088 1.000000000 -0.000118073 0.001916124 -0.000057262 0.000118072 1.000000000 0.000763288
1.000000000 -0.000072185 0.000069364 -0.000513174 0.000072182 1.000000000 0.000042354 0.000543406 -0.000069368 -0.000042349 1.000000000 -0.000045872
1.000000000 0.000157158 0.000098855 -0.000561865 -0.000157146 1.000000000 -0.000123526 0.001275773 -0.000098874 0.000123511 1.000000000 -0.000012291
1.000000000 -0.000138140 0.000017885 0.000595143 0.000138138 1.000000000 0.000113890 0.000133773 -0.000017900 -0.000113888 1.000000000 -0.000088037
0.999999940 -0.000334912 0.000007212 0.000032527 0.000334911 0.999999940 0.000124297 -0.000210976 -0.000007253 -0.000124295 1.000000000 -0.000745730
0.999999940 -0.000259302 0.000045495 0.000015876 0.000259296 0.999999940 0.000126268 -0.001067912 -0.000045528 -0.000126256 1.000000000 -0.001687180
1.000000000 0.000061250 0.000113534 -0.000254101 -0.000061259 1.000000000 0.000076431 -0.000226671 -0.000113530 -0.000076438 1.000000000 -0.001212236
0.999999940 0.000251120 -0.000001970 -0.000250135 -0.000251120 0.999999940 0.000132573 -0.000182292 0.000002003 -0.000132572 1.000000000 -0.000404678
1.000000000 -0.000137929 -0.000035501 0.000680630 0.000137933 1.000000000 0.000125402 0.000166676 0.000035484 -0.000125407 1.000000000 -0.000630419
1.000000000 -0.000022393 0.000078003 -0.000346649 0.000022385 1.000000000 0.000105683 -0.000224239 -0.000078005 -0.000105681 1.000000000 -0.000695268
1.000000000 -0.000133816 0.000029683 0.000419156 0.000133812 1.000000000 0.000145741 -0.000492840 -0.000029702 -0.000145737 1.000000000 -0.001492132
1.000000000 -0.000213098 0.000076986 0.001158704 0.000213098 1.000000000 0.000002712 0.000856645 -0.000076987 -0.000002696 1.000000000 0.000745363
1.000000000 0.000122443 0.000135942 -0.000017129 -0.000122456 1.000000000 0.000096892 0.000333508 -0.000135930 -0.000096909 1.000000000 0.000594101
1.000000000 -0.000109970 0.000010210 0.001778378 0.000109969 1.000000000 0.000090655 0.000603042 -0.000010220 -0.000090654 1.000000000 -0.001274316
0.999999940 -0.000242975 0.000087144 0.000207298 0.000242973 1.000000000 0.000022087 0.000105048 -0.000087149 -0.000022066 1.000000000 -0.002107690
1.000000000 -0.000198609 0.000012322 -0.000167415 0.000198608 1.000000000 0.000076103 -0.000458922 -0.000012337 -0.000076100 1.000000000 -0.001958978
0.999999940 0.000215695 0.000182655 -0.001268972 -0.000215729 0.999999940 0.000188121 0.000135052 -0.000182614 -0.000188160 0.999999940 0.001130925
1.000000000 -0.000007369 -0.000001934 0.000405339 0.000007369 1.000000000 0.000161180 -0.000219155 0.000001932 -0.000161180 1.000000000 -0.000960414
0.999999940 -0.000245226 0.000210494 -0.000812019 0.000245225 0.999999940 0.000003606 0.000556164 -0.000210495 -0.000003554 1.000000000 -0.000159983
1.000000000 -0.000138750 0.000174391 -0.000790944 0.000138724 1.000000000 0.000149915 -0.000642459 -0.000174412 -0.000149891 1.000000000 -0.000965400
1.000000000 -0.000015180 0.000097857 -0.000313776 0.000015161 1.000000000 0.000187683 -0.001320003 -0.000097860 -0.000187681 1.000000000 -0.001980705
1.000000000 -0.000070333 0.000141529 -0.000332341 0.000070341 1.000000000 -0.000050601 0.000740815 -0.000141525 0.000050611 1.000000000 -0.000994519
1.000000000 -0.000144841 0.000111102 -0.000201483 0.000144839 1.000000000 0.000014915 0.000370163 -0.000111104 -0.000014899 1.000000000 -0.000728562
1.000000000 0.000086032 0.000093851 0.000043433 -0.000086047 1.000000000 0.000170123 -0.000167227 -0.000093837 -0.000170131 1.000000000 -0.001438240
0.999999940 -0.000223712 0.000131082 0.000610625 0.000223716 1.000000000 -0.000029514 0.001729319 -0.000131075 0.000029543 1.000000000 -0.000043225
1.000000000 -0.000153532 0.000103698 -0.000410342 0.000153521 1.000000000 0.000105048 0.000979890 -0.000103714 -0.000105032 1.000000000 0.001028676
1.000000000 0.000008828 0.000134631 -0.000424488 -0.000008835 1.000000000 0.000053031 0.000201650 -0.000134631 -0.000053032 1.000000000 -0.000919472
1.000000000 0.000104137 0.000196810 -0.001074296 -0.000104149 1.000000000 0.000064758 0.000175401 -0.000196803 -0.000064779 1.000000000 -0.000492250
0.999999940 0.000006407 0.000311913 -0.000828614 -0.000006355 1.000000000 -0.000167601 0.001372647 -0.000311914 0.000167599 0.999999940 0.002269688
1.000000000 -0.000087608 0.000156369 0.000995382 0.000087712 0.999999702 -0.000667293 -0.001303549 -0.000156311 0.000667307 0.999999762 0.051417403
1.000000000 -0.000045698 -0.000050797 0.003037572 0.000045634 0.999999166 -0.001262322 -0.003263065 0.000050855 0.001262320 0.999999225 0.139537394
0.999999940 -0.000006401 -0.000070886 0.003524437 0.000006313 0.999999225 -0.001235690 -0.007877048 0.000070894 0.001235690 0.999999166 0.256387681
0.999999881 0.000377124 0.000234201 0.004191314 -0.000376796 0.999998868 -0.001401144 -0.012971534 -0.000234729 0.001401056 0.999998927 0.387513012
0.999999821 0.000578842 0.000191794 0.006867143 -0.000578558 0.999998629 -0.001480184 -0.016363012 -0.000192651 0.001480073 0.999998868 0.525143206
0.999999940 0.000298222 0.000048048 0.010958706 -0.000298154 0.999998868 -0.001412673 -0.021833982 -0.000048469 0.001412658 0.999998987 0.676867604
0.999999821 -0.000023498 0.000528405 0.013713629 0.000024039 0.999999404 -0.001024298 -0.024258425 -0.000528381 0.001024311 0.999999344 0.844475389
1.000000000 -0.000102677 -0.000070507 0.019016946 0.000102606 0.999999464 -0.001014012 -0.028531635 0.000070611 0.001014004 0.999999464 1.014869332
0.999999940 0.000122225 -0.000023114 0.022141276 -0.000122240 0.999999762 -0.000620237 -0.036236752 0.000023038 0.000620240 0.999999821 1.192148328
0.999999940 -0.000452003 -0.000117123 0.029797120 0.000451939 0.999999762 -0.000549261 -0.040933069 0.000117371 0.000549208 0.999999821 1.376161933
0.999999940 0.000231833 0.000219300 0.027046584 -0.000231705 0.999999821 -0.000586091 -0.043553237 -0.000219436 0.000586040 0.999999821 1.570106626
0.999999881 0.000298872 0.000179048 0.028931236 -0.000298711 0.999999464 -0.000898707 -0.045981258 -0.000179317 0.000898653 0.999999583 1.774258733
0.999999762 0.000658095 -0.000006692 0.034101691 -0.000658101 0.999999404 -0.000863418 -0.051222142 0.000006124 0.000863423 0.999999642 1.972470164
0.999999821 -0.000075045 0.000494451 0.038431421 0.000075245 0.999999940 -0.000405691 -0.063174881 -0.000494421 0.000405728 0.999999821 2.179131985
0.999999940 0.000086417 0.000388278 0.042346634 -0.000086252 0.999999881 -0.000424630 -0.061849020 -0.000388314 0.000424596 0.999999821 2.407257557
0.999999881 -0.000303887 0.000433526 0.050211616 0.000304113 0.999999821 -0.000522420 -0.073928230 -0.000433367 0.000522552 0.999999762 2.615942240
0.999999881 -0.000551233 0.000234623 0.055332251 0.000551232 0.999999881 0.000003891 -0.081828229 -0.000234625 -0.000003762 1.000000000 2.844433784
1.000000000 -0.000033527 0.000185526 0.064321317 0.000033464 0.999999940 0.000342492 -0.097389892 -0.000185538 -0.000342485 0.999999940 3.095629454
0.999999881 -0.000477553 -0.000153001 0.065205947 0.000477512 0.999999821 -0.000269107 -0.091544524 0.000153129 0.000269034 0.999999940 3.341266394
0.999999940 -0.000407676 -0.000024719 0.071076848 0.000407669 0.999999881 -0.000257182 -0.097998582 0.000024824 0.000257172 0.999999940 3.587933540
0.999999940 -0.000358790 0.000199134 0.078246668 0.000358831 0.999999881 -0.000204907 -0.109966673 -0.000199060 0.000204979 0.999999940 3.831403494
0.999999762 -0.000478198 0.000479410 0.082182027 0.000478425 0.999999762 -0.000474447 -0.112803102 -0.000479183 0.000474676 0.999999762 4.097233295
0.999999881 0.000362094 0.000372045 0.083076201 -0.000362133 0.999999881 0.000103691 -0.122382246 -0.000372007 -0.000103825 0.999999940 4.355736256
1.000000000 -0.000093748 0.000196782 0.089416921 0.000093726 1.000000000 0.000111283 -0.133292988 -0.000196793 -0.000111265 1.000000000 4.594893932
1.000000000 -0.000333614 0.000289486 0.091470882 0.000333452 0.999999881 0.000557220 -0.141729370 -0.000289672 -0.000557124 0.999999881 4.854145050
0.999999821 0.000601550 0.000231807 0.109172314 -0.000601500 0.999999762 -0.000218453 -0.139607251 -0.000231939 0.000218313 0.999999940 5.123949528
0.999999881 0.000444058 0.000420149 0.117449611 -0.000443976 0.999999881 -0.000194953 -0.146497235 -0.000420235 0.000194766 0.999999821 5.396469593
0.999999702 -0.000120073 0.000737075 0.104831412 0.000119794 0.999999940 0.000378897 -0.162366018 -0.000737121 -0.000378809 0.999999642 5.671828270
0.999999821 -0.000385512 0.000427955 0.110891201 0.000385133 0.999999523 0.000886207 -0.176084593 -0.000428296 -0.000886042 0.999999523 5.940447807
0.999999583 0.000843666 0.000629905 0.116846532 -0.000843777 0.999999642 0.000175714 -0.181701511 -0.000629757 -0.000176246 0.999999762 6.215472221
0.999998987 0.001150145 0.000932111 0.119170390 -0.001150262 0.999999344 0.000124290 -0.186775878 -0.000931968 -0.000125362 0.999999523 6.499512196
0.999999046 0.001180828 0.000725920 0.128278509 -0.001180970 0.999999285 0.000195172 -0.202763259 -0.000725689 -0.000196029 0.999999702 6.787449837
0.999999702 0.000453874 0.000669389 0.145869523 -0.000453980 0.999999881 0.000157412 -0.204214737 -0.000669318 -0.000157716 0.999999702 7.080720425
0.999999642 0.000170237 0.000743916 0.148302495 -0.000170358 0.999999940 0.000162402 -0.215510547 -0.000743888 -0.000162529 0.999999702 7.367423058
0.999999464 0.000400478 0.000935758 0.152828723 -0.000400363 0.999999940 -0.000122942 -0.218483686 -0.000935807 0.000122568 0.999999583 7.689665318
0.999998510 0.001036849 0.001316079 0.152168393 -0.001037736 0.999999225 0.000673741 -0.240880385 -0.001315379 -0.000675106 0.999998868 7.976365566
0.999998689 0.000607583 0.001493953 0.150345623 -0.000608838 0.999999464 0.000840324 -0.250224203 -0.001493441 -0.000841232 0.999998510 8.292882919
0.999998510 0.000542468 0.001591770 0.164607182 -0.000542846 0.999999821 0.000236669 -0.254603207 -0.001591642 -0.000237533 0.999998689 8.614370346
0.999997199 0.000785695 0.002203184 0.161809117 -0.000787182 0.999999464 0.000674285 -0.265361965 -0.002202653 -0.000676018 0.999997318 8.956594467
0.999997795 0.000533656 0.002021966 0.172052652 -0.000535175 0.999999583 0.000750960 -0.276309162 -0.002021564 -0.000752040 0.999997616 9.283015251
0.999997556 0.000618885 0.002183787 0.178577423 -0.000620741 0.999999404 0.000849322 -0.286944211 -0.002183261 -0.000850676 0.999997258 9.625453949
0.999997556 0.000824513 0.002121000 0.185403347 -0.000825891 0.999999464 0.000648904 -0.293695748 -0.002120464 -0.000650654 0.999997556 9.975320816
0.999996722 0.000811772 0.002440443 0.190059394 -0.000812969 0.999999523 0.000489477 -0.301892519 -0.002440044 -0.000491459 0.999996901 10.324877739
0.999996483 0.000965094 0.002509709 0.194224596 -0.000967624 0.999999046 0.001006747 -0.313946903 -0.002508734 -0.001009172 0.999996305 10.682160378
0.999997854 0.000951345 0.001849245 0.209495276 -0.000952665 0.999999225 0.000713140 -0.323171586 -0.001848564 -0.000714900 0.999997973 11.049803734
0.999992609 0.002086538 0.003267657 0.207743019 -0.002090120 0.999997199 0.001093579 -0.343356609 -0.003265367 -0.001100401 0.999994040 11.415730476
0.999994576 0.001579399 0.002874043 0.219403639 -0.001582614 0.999998093 0.001116555 -0.351801336 -0.002872275 -0.001121097 0.999995232 11.789190292
0.999996006 0.000704409 0.002738811 0.232253999 -0.000707658 0.999998987 0.001185845 -0.365680575 -0.002737972 -0.001187779 0.999995470 12.171873093
0.999992549 0.001434023 0.003586701 0.234605417 -0.001439381 0.999997854 0.001491724 -0.380428225 -0.003584554 -0.001496876 0.999992430 12.572922707
0.999993086 0.001931851 0.003161528 0.247141212 -0.001935912 0.999997318 0.001281924 -0.384384662 -0.003159043 -0.001288036 0.999994159 12.970385551
0.999994040 0.001080109 0.003252492 0.258109838 -0.001086016 0.999997675 0.001814907 -0.403929323 -0.003250524 -0.001818429 0.999993086 13.365556717
0.999992728 0.001090692 0.003694093 0.264162064 -0.001096960 0.999997973 0.001695351 -0.415593028 -0.003692237 -0.001699390 0.999991715 13.780513763
0.999989986 0.001764301 0.004113191 0.276897013 -0.001771880 0.999996662 0.001839674 -0.424303859 -0.004109932 -0.001846944 0.999989867 14.182188034
0.999990940 0.001302621 0.004059070 0.286201566 -0.001310615 0.999997199 0.001967372 -0.435817242 -0.004056496 -0.001972674 0.999989808 14.607870102
0.999991059 0.001345522 0.003990743 0.301824450 -0.001353818 0.999996901 0.002076751 -0.446013540 -0.003987936 -0.002082135 0.999989867 15.050819397
0.999990165 0.001457947 0.004212399 0.311368108 -0.001464965 0.999997497 0.001663237 -0.456905842 -0.004209963 -0.001669391 0.999989748 15.478575706
0.999987662 0.001390271 0.004799111 0.323974162 -0.001400515 0.999996662 0.002131941 -0.471882492 -0.004796132 -0.002138635 0.999986172 15.919567108
0.999989450 0.000788153 0.004521869 0.340395957 -0.000796863 0.999997854 0.001924727 -0.481534928 -0.004520342 -0.001928310 0.999987841 16.358421326
0.999985635 0.001276351 0.005196244 0.345958859 -0.001284229 0.999997973 0.001512928 -0.491889447 -0.005194302 -0.001519579 0.999985337 16.809944153
0.999984860 0.000978337 0.005404520 0.358210444 -0.000988934 0.999997556 0.001958184 -0.508920372 -0.005402591 -0.001963499 0.999983490 17.269187927
0.999985278 0.000980267 0.005338490 0.371964425 -0.000991857 0.999997079 0.002168936 -0.521029711 -0.005336349 -0.002174199 0.999983370 17.731454849
0.999981642 0.001644710 0.005830616 0.381301135 -0.001657559 0.999996245 0.002199505 -0.534834325 -0.005826976 -0.002209129 0.999980569 18.201116562
0.999985814 0.000531850 0.005283841 0.400989741 -0.000546891 0.999995768 0.002845551 -0.551472187 -0.005282307 -0.002848400 0.999981999 18.682548523
0.999990463 -0.000027591 0.004369631 0.425589591 0.000012771 0.999994278 0.003391611 -0.576225817 -0.004369700 -0.003391523 0.999984741 19.127437592
0.999983251 0.000265127 0.005785026 0.421120048 -0.000283514 0.999994934 0.003177763 -0.587295413 -0.005784154 -0.003179350 0.999978244 19.672182083
0.999985158 0.000825726 0.005385423 0.437357187 -0.000841325 0.999995470 0.002894959 -0.596161962 -0.005383007 -0.002899448 0.999981225 20.155349731
0.999987066 0.000346814 0.005066642 0.451040685 -0.000363083 0.999994755 0.003210466 -0.611385465 -0.005065501 -0.003212264 0.999981940 20.650335312
0.999989629 -0.000069783 0.004536694 0.467526615 0.000054524 0.999994338 0.003363531 -0.628012717 -0.004536904 -0.003363249 0.999983966 21.134929657
0.999993622 -0.000800129 0.003485010 0.482219249 0.000788334 0.999993920 0.003384612 -0.635657787 -0.003487696 -0.003381843 0.999988198 21.657436371
0.999993861 -0.000314995 0.003496382 0.486070693 0.000303231 0.999994278 0.003364738 -0.652677178 -0.003497423 -0.003363657 0.999988139 22.155864716
0.999994934 0.000348075 0.003160918 0.493580163 -0.000357501 0.999995410 0.002982110 -0.660253942 -0.003159866 -0.002983225 0.999990582 22.674589157
0.999996662 0.000122424 0.002574251 0.503641546 -0.000131165 0.999994218 0.003395536 -0.679555118 -0.002573821 -0.003395863 0.999990880 23.192348480
0.999997616 0.000571192 0.002099852 0.512273848 -0.000576995 0.999996006 0.002763941 -0.691452384 -0.002098265 -0.002765147 0.999993980 23.718568802
0.999998450 -0.000559895 0.001685491 0.523456216 0.000555723 0.999996781 0.002474830 -0.707666218 -0.001686871 -0.002473889 0.999995530 24.247432709
0.999999225 0.000504014 0.001112718 0.529475987 -0.000507721 0.999994338 0.003334223 -0.722297370 -0.001111031 -0.003334785 0.999993801 24.785736084
0.999999404 0.000699932 0.000848007 0.540058851 -0.000702686 0.999994457 0.003252594 -0.735795021 -0.000845726 -0.003253188 0.999994278 25.319561005
0.999999285 0.001101696 0.000485164 0.542535007 -0.001103223 0.999994397 0.003159077 -0.745436132 -0.000481681 -0.003159610 0.999994874 25.864519119
0.999999762 0.000846104 -0.000198779 0.558203936 -0.000845585 0.999996245 0.002599253 -0.753922939 0.000200978 -0.002599084 0.999996603 26.428310394
0.999999404 0.001062884 0.000238502 0.558994591 -0.001063761 0.999992549 0.003707646 -0.778076947 -0.000234559 -0.003707897 0.999993026 26.964176178
0.999999881 0.000386259 -0.000305457 0.570925534 -0.000385150 0.999993384 0.003622280 -0.791636825 0.000306854 -0.003622161 0.999993384 27.518421173
0.999999225 0.001160779 -0.000284487 0.579315245 -0.001159641 0.999991477 0.003966774 -0.816943824 0.000289089 -0.003966441 0.999992073 28.056495667
0.999998868 0.001416349 -0.000484900 0.576074302 -0.001414737 0.999993443 0.003310274 -0.815132380 0.000489586 -0.003309584 0.999994338 28.617294312
0.999998271 0.001826124 -0.000347553 0.583713293 -0.001824797 0.999991119 0.003780009 -0.833426058 0.000354453 -0.003779369 0.999992728 29.142633438
0.999997735 0.001617409 -0.001396379 0.614472508 -0.001612810 0.999993265 0.003288600 -0.843429863 0.001401689 -0.003286340 0.999993563 29.684799194
0.999998152 0.001649704 -0.001115056 0.605896652 -0.001644974 0.999989688 0.004229619 -0.867878318 0.001122022 -0.004227777 0.999990404 30.222688675
0.999997616 0.002029869 -0.000829403 0.611126184 -0.002026669 0.999990582 0.003840176 -0.880593598 0.000837190 -0.003838486 0.999992311 30.765075684
0.999997020 0.001972865 -0.001378600 0.628986597 -0.001968184 0.999992311 0.003388214 -0.884028077 0.001385274 -0.003385491 0.999993324 31.313446045
0.999996603 0.002031127 -0.001598224 0.635185957 -0.002025739 0.999992192 0.003365200 -0.896659613 0.001605047 -0.003361951 0.999993086 31.857059479
0.999996722 0.002192708 -0.001311190 0.637129843 -0.002188692 0.999992907 0.003057032 -0.908720851 0.001317884 -0.003054153 0.999994457 32.406490326
0.999996364 0.002049706 -0.001764372 0.645959854 -0.002044643 0.999993801 0.002866771 -0.920316398 0.001770236 -0.002863152 0.999994278 32.951923370
0.999996305 0.001742870 -0.002069999 0.654204786 -0.001736042 0.999993205 0.003296257 -0.943604231 0.002075729 -0.003292653 0.999992430 33.498027802
0.999995947 0.001708934 -0.002277692 0.666842580 -0.001701876 0.999993742 0.003096796 -0.953206420 0.002282970 -0.003092907 0.999992609 34.043167114
0.999995589 0.001466623 -0.002574068 0.669814825 -0.001459411 0.999994993 0.002801471 -0.963432848 0.002578164 -0.002797702 0.999992788 34.580379486
0.999994576 0.001629554 -0.002853974 0.682267427 -0.001621698 0.999994874 0.002752597 -0.978798211 0.002858446 -0.002747953 0.999992132 35.137985229
0.999994218 0.001935060 -0.002770399 0.690248728 -0.001929604 0.999996185 0.001970596 -0.983884394 0.002774201 -0.001965239 0.999994218 35.690792084
0.999993265 0.001220390 -0.003458602 0.706933320 -0.001210900 0.999995530 0.002744730 -1.008779526 0.003461936 -0.002740523 0.999990225 36.238632202
0.999993086 0.000860744 -0.003625412 0.717401803 -0.000851054 0.999996066 0.002673292 -1.029117703 0.003627699 -0.002670188 0.999989867 36.775661469
0.999993324 0.000919639 -0.003541048 0.725516200 -0.000907730 0.999993920 0.003363328 -1.044257522 0.003544120 -0.003360091 0.999988079 37.315097809
0.999991953 0.002166955 -0.003404402 0.726121426 -0.002157545 0.999993861 0.002765173 -1.045167089 0.003410373 -0.002757806 0.999990344 37.867885590
0.999993980 0.002028161 -0.002804045 0.731909513 -0.002020460 0.999994099 0.002746745 -1.065101027 0.002809600 -0.002741063 0.999992251 38.407962799
0.999992490 0.002445939 -0.003048961 0.744433761 -0.002437223 0.999992967 0.002859401 -1.073389053 0.003055934 -0.002851948 0.999991179 38.958915710
0.999993026 0.002412255 -0.002843347 0.751201689 -0.002404324 0.999993205 0.002789500 -1.091738820 0.002850057 -0.002782644 0.999992073 39.502899170
0.999992669 0.002422981 -0.002967077 0.767286777 -0.002414306 0.999992907 0.002923749 -1.112753510 0.002974140 -0.002916564 0.999991298 40.052417755
0.999992847 0.002316071 -0.002996949 0.769839048 -0.002310205 0.999995410 0.001959203 -1.117324114 0.003001473 -0.001952266 0.999993563 40.594848633
0.999991655 0.001776895 -0.003680599 0.787797272 -0.001766728 0.999994636 0.002763594 -1.141888142 0.003685490 -0.002757068 0.999989331 41.122509003
0.999992490 0.001842900 -0.003404004 0.797493100 -0.001832376 0.999993563 0.003092462 -1.158103108 0.003409681 -0.003086202 0.999989450 41.672840118
0.999990582 0.001721953 -0.003989413 0.803829551 -0.001713094 0.999996066 0.002223046 -1.164681196 0.003993225 -0.002216191 0.999989569 42.229816437
0.999985635 0.001598308 -0.005113420 0.827965498 -0.001584967 0.999995291 0.002612041 -1.177950144 0.005117570 -0.002603899 0.999983430 42.769500732
0.999987781 0.002584716 -0.004204403 0.824041843 -0.002574685 0.999993801 0.002389501 -1.188415647 0.004210553 -0.002378647 0.999988317 43.345386505
0.999986649 0.002099473 -0.004718380 0.832099915 -0.002087802 0.999994755 0.002477059 -1.210867047 0.004723555 -0.002467175 0.999985814 43.880088806
0.999986827 0.002011085 -0.004714893 0.846633315 -0.001999579 0.999994993 0.002443880 -1.215027094 0.004719784 -0.002434420 0.999985874 44.416351318
0.999985993 0.002814973 -0.004505274 0.844180942 -0.002804070 0.999993145 0.002424616 -1.226809144 0.004512068 -0.002411948 0.999986887 44.979816437
0.999990046 0.002329995 -0.003811573 0.847151160 -0.002320644 0.999994218 0.002456076 -1.245517492 0.003817274 -0.002447206 0.999989748 45.535381317
0.999989510 0.002414221 -0.003898717 0.856090963 -0.002403829 0.999993503 0.002668370 -1.260444641 0.003905134 -0.002658970 0.999988794 46.098834991
0.999987841 0.002525061 -0.004235619 0.870370328 -0.002515815 0.999994457 0.002186988 -1.268293500 0.004241118 -0.002176305 0.999988616 46.634155273
0.999986947 0.003926657 -0.003246800 0.865235090 -0.003918830 0.999989390 0.002413062 -1.286494732 0.003256240 -0.002400307 0.999991834 47.183490753
0.999987304 0.003784135 -0.003303370 0.874155760 -0.003778162 0.999991357 0.001812362 -1.286637068 0.003310199 -0.001799859 0.999992847 47.748497009
0.999989927 0.003128621 -0.003227043 0.884090304 -0.003122440 0.999993265 0.001918742 -1.304045439 0.003233025 -0.001908646 0.999992967 48.306903839
0.999989331 0.003278872 -0.003255630 0.899421453 -0.003272203 0.999992490 0.002051733 -1.317462325 0.003262333 -0.002041059 0.999992609 48.858642578
0.999990106 0.003550467 -0.002674074 0.905166626 -0.003545451 0.999991953 0.001878356 -1.335772395 0.002680722 -0.001868857 0.999994636 49.403690338
0.999989092 0.003715707 -0.002838327 0.920221090 -0.003710489 0.999991536 0.001841788 -1.347005129 0.002845146 -0.001831236 0.999994278 49.945617676
0.999989152 0.003426568 -0.003144534 0.928784013 -0.003419808 0.999991834 0.002152530 -1.364685059 0.003151884 -0.002141753 0.999992669 50.481388092
0.999989808 0.003573427 -0.002753102 0.931773067 -0.003568921 0.999992311 0.001639882 -1.375831127 0.002758942 -0.001630039 0.999994814 51.014541626
0.999989629 0.003560696 -0.002830102 0.946957529 -0.003556060 0.999992251 0.001641198 -1.390402317 0.002835924 -0.001631117 0.999994576 51.554260254
0.999988258 0.003643377 -0.003204041 0.956885636 -0.003638745 0.999992251 0.001450300 -1.405131817 0.003209301 -0.001438624 0.999993801 52.093574524
0.999988675 0.003783926 -0.002892402 0.967618346 -0.003780199 0.999992013 0.001292608 -1.422340989 0.002897270 -0.001281659 0.999994993 52.639480591
0.999988914 0.003666872 -0.003001867 0.971367300 -0.003661226 0.999991536 0.001884140 -1.439798355 0.003008751 -0.001873128 0.999993742 53.160110474
0.999988914 0.003828262 -0.002726762 0.980251789 -0.003823732 0.999991417 0.001664891 -1.456449986 0.002733112 -0.001654446 0.999994874 53.699001312
0.999985576 0.004923424 -0.002131041 0.987796485 -0.004919997 0.999986589 0.001610090 -1.470607996 0.002138940 -0.001599582 0.999996424 54.254150391
0.999988258 0.004165900 -0.002454351 0.994576991 -0.004162063 0.999990106 0.001566423 -1.479462981 0.002460853 -0.001556189 0.999995708 54.794338226
0.999990463 0.003759936 -0.002223062 1.005275965 -0.003756070 0.999991536 0.001740317 -1.499298453 0.002229586 -0.001731950 0.999996006 55.341434479
0.999989927 0.004210086 -0.001550286 1.006562233 -0.004207739 0.999989927 0.001515249 -1.513176322 0.001556650 -0.001508711 0.999997675 55.875232697
0.999991238 0.003734023 -0.001854773 1.019320250 -0.003731193 0.999991894 0.001526286 -1.525204420 0.001860457 -0.001519352 0.999997079 56.427436829
0.999988914 0.004400191 -0.001684949 1.029040575 -0.004398912 0.999990046 0.000762857 -1.534679055 0.001688289 -0.000755436 0.999998271 56.989791870
0.999988616 0.004561205 -0.001349538 1.032428145 -0.004559445 0.999988735 0.001303980 -1.551297903 0.001355470 -0.001297812 0.999998212 57.540473938
0.999988675 0.004475866 -0.001562446 1.046705604 -0.004473803 0.999989092 0.001320151 -1.566341877 0.001568337 -0.001313146 0.999997914 58.080764771
0.999986827 0.004899048 -0.001514038 1.055017948 -0.004897649 0.999987602 0.000925601 -1.576059222 0.001518554 -0.000918174 0.999998391 58.649276733
0.999986053 0.005141484 -0.001197226 1.057984471 -0.005140719 0.999986529 0.000640671 -1.589607000 0.001200503 -0.000634507 0.999999106 59.184246063
0.999987304 0.004803496 -0.001520846 1.073739171 -0.004802896 0.999988317 0.000398325 -1.606322408 0.001522742 -0.000391015 0.999998748 59.727085114
0.999987185 0.004933631 -0.001153584 1.087758303 -0.004932978 0.999987662 0.000568184 -1.616108775 0.001156373 -0.000562486 0.999999166 60.280387878
0.999985576 0.005062099 -0.001782015 1.104128242 -0.005062180 0.999987304 -0.000041592 -1.625709653 0.001781782 0.000050612 0.999998391 60.832984924
0.999983490 0.005451951 -0.001812867 1.122244239 -0.005451475 0.999985039 0.000267396 -1.647207379 0.001814298 -0.000257508 0.999998331 61.381042480
0.999986708 0.004584699 -0.002350201 1.138668656 -0.004583968 0.999989450 0.000316288 -1.662500501 0.002351626 -0.000305510 0.999997199 61.935222626
0.999985635 0.005024345 -0.001877101 1.144320488 -0.005023797 0.999987483 0.000296323 -1.675263405 0.001878567 -0.000286888 0.999998212 62.474582672
0.999983191 0.005523273 -0.001774707 1.155144453 -0.005522268 0.999984503 0.000570854 -1.695693970 0.001777833 -0.000561044 0.999998271 63.013309479
0.999984562 0.005387603 -0.001378474 1.161164880 -0.005387530 0.999985456 0.000057406 -1.708469152 0.001378764 -0.000049978 0.999999046 63.564655304
0.999982536 0.005688842 -0.001600872 1.169241905 -0.005689105 0.999983788 -0.000160401 -1.720966458 0.001599934 0.000169506 0.999998629 64.116302490
0.999987483 0.004618943 -0.001932394 1.185902715 -0.004620127 0.999989152 -0.000608526 -1.731100559 0.001929562 0.000617446 0.999997973 64.675376892
0.999983668 0.005408343 -0.001804590 1.188290954 -0.005408163 0.999985337 0.000104805 -1.747608304 0.001805131 -0.000095044 0.999998391 65.216072083
0.999982595 0.005730593 -0.001381186 1.197465658 -0.005730653 0.999983490 -0.000040524 -1.763047576 0.001380931 0.000048439 0.999999046 65.765174866
0.999985158 0.005234207 -0.001520218 1.213281155 -0.005234882 0.999986172 -0.000440313 -1.771285772 0.001517892 0.000448265 0.999998748 66.305236816
0.999983609 0.005459699 -0.001735825 1.226233482 -0.005461455 0.999984562 -0.001008931 -1.783007979 0.001730289 0.001018394 0.999997973 66.851753235
0.999983251 0.005678742 -0.001117955 1.236369491 -0.005679779 0.999983430 -0.000927593 -1.798970342 0.001112669 0.000933927 0.999998927 67.402275085
0.999985337 0.005188648 -0.001565795 1.246802092 -0.005189244 0.999986470 -0.000376739 -1.823593020 0.001563819 0.000384858 0.999998689 67.938377380
0.999984384 0.005417805 -0.001364492 1.254811168 -0.005418587 0.999985158 -0.000571447 -1.844671965 0.001361376 0.000578832 0.999998927 68.473541260
0.999980628 0.006074909 -0.001364732 1.262918830 -0.006075829 0.999981284 -0.000671370 -1.858562350 0.001360629 0.000679649 0.999998868 69.030487061
0.999980509 0.006088357 -0.001370561 1.275760651 -0.006089679 0.999980986 -0.000961240 -1.868975759 0.001364683 0.000969568 0.999998569 69.578079224
0.999981165 0.006067678 -0.000894758 1.279795170 -0.006068396 0.999981284 -0.000802315 -1.889770746 0.000889873 0.000807730 0.999999285 70.122955322
0.999980152 0.006246864 -0.000747432 1.289188147 -0.006247900 0.999979436 -0.001392925 -1.897842169 0.000738715 0.001397567 0.999998748 70.664703369
0.999979258 0.006388998 -0.000806021 1.297796965 -0.006390072 0.999978662 -0.001339020 -1.914880395 0.000797449 0.001344143 0.999998808 71.211189270
0.999979138 0.006352003 -0.001164788 1.311361551 -0.006353257 0.999979258 -0.001075998 -1.935994506 0.001157929 0.001083376 0.999998748 71.761383057
0.999978662 0.006483289 -0.000811916 1.319901466 -0.006484403 0.999977946 -0.001377084 -1.947604656 0.000802970 0.001382320 0.999998748 72.312911987
0.999977827 0.006627826 -0.000817766 1.332601070 -0.006628666 0.999977648 -0.001028014 -1.967361927 0.000810934 0.001033412 0.999999166 72.876197815
0.999978006 0.006597977 -0.000600376 1.341778159 -0.006598535 0.999977767 -0.000932790 -1.985970020 0.000594208 0.000936731 0.999999344 73.411621094
0.999977767 0.006631592 -0.000711007 1.353041887 -0.006632352 0.999977410 -0.001075337 -1.997885227 0.000703860 0.001080029 0.999999106 73.960906982
0.999975920 0.006918810 -0.000540791 1.361593723 -0.006919691 0.999974728 -0.001646812 -2.010909796 0.000529384 0.001650515 0.999998510 74.517234802
0.999975502 0.006965374 -0.000721074 1.375119328 -0.006966389 0.999974728 -0.001416050 -2.026471376 0.000711193 0.001421039 0.999998748 75.068786621
0.999982178 0.005869280 -0.001010545 1.388468623 -0.005871227 0.999980867 -0.001933619 -2.041505098 0.000999176 0.001939518 0.999997616 75.611976624
0.999983132 0.005646357 -0.001303808 1.400641680 -0.005648811 0.999982238 -0.001885582 -2.056651354 0.001293138 0.001892916 0.999997377 76.150161743
0.999976873 0.006717352 -0.000978972 1.403128386 -0.006718827 0.999976277 -0.001510921 -2.074197769 0.000968799 0.001517463 0.999998391 76.700790405
0.999979198 0.006400253 -0.000798196 1.415541410 -0.006401882 0.999977410 -0.002058094 -2.088157177 0.000785006 0.002063161 0.999997556 77.259956360
0.999978304 0.006538682 -0.000793835 1.424785256 -0.006540119 0.999976873 -0.001820280 -2.108272314 0.000781914 0.001825432 0.999998033 77.800750732
0.999980092 0.006101690 -0.001606456 1.434078932 -0.006103787 0.999980628 -0.001302618 -2.127642393 0.001598477 0.001312398 0.999997854 78.344589233
0.999976337 0.006804414 -0.000932551 1.439059377 -0.006805510 0.999976099 -0.001180763 -2.147299528 0.000924494 0.001187082 0.999998868 78.877540588
0.999982536 0.005719073 -0.001446213 1.461109757 -0.005722362 0.999981046 -0.002280258 -2.151376963 0.001433144 0.002288494 0.999996364 79.446800232
0.999974847 0.007078329 -0.000246732 1.457259893 -0.007078832 0.999972761 -0.002101456 -2.165029049 0.000231851 0.002103150 0.999997675 80.015441895
0.999980807 0.006044745 -0.001365488 1.481799006 -0.006047839 0.999979138 -0.002272782 -2.187561989 0.001351721 0.002280996 0.999996483 80.541610718
0.999970198 0.007657506 0.001005794 1.482942104 -0.007656601 0.999970257 -0.000900699 -2.210310459 -0.001012661 0.000892971 0.999999106 81.089309692
0.999979317 0.006221495 0.001630169 1.500256181 -0.006216921 0.999976754 -0.002796477 -2.216581106 -0.001647529 0.002786284 0.999994755 81.633468628
0.999976575 0.006631090 0.001708724 1.527767897 -0.006627499 0.999975801 -0.002099297 -2.234961510 -0.001722603 0.002087923 0.999996364 82.192955017
0.999975145 0.005941583 0.003791686 1.533024311 -0.005931860 0.999979019 -0.002570268 -2.249733210 -0.003806879 0.002547712 0.999989510 82.734130859
0.999951303 0.006112698 0.007743216 1.549120903 -0.006092484 0.999977946 -0.002631405 -2.266309023 -0.007759128 0.002584102 0.999966562 83.278755188
0.999925733 0.005878585 0.010675168 1.581266880 -0.005845244 0.999977946 -0.003151972 -2.280063152 -0.010693463 0.003089339 0.999938071 83.819213867
0.999888301 0.006182103 0.013606382 1.603029490 -0.006139566 0.999976158 -0.003165856 -2.301488400 -0.013625633 0.003081965 0.999902368 84.371025085
0.999811530 0.006252275 0.018377956 1.622065306 -0.006205544 0.999977350 -0.002598708 -2.315159082 -0.018393790 0.002484173 0.999827743 84.906784058
0.999679804 0.006449498 0.024467209 1.650699019 -0.006384476 0.999975801 -0.002734691 -2.337537050 -0.024484256 0.002577605 0.999696910 85.443649292
0.999519169 0.006235450 0.030373698 1.674676895 -0.006138939 0.999975801 -0.003269658 -2.360221148 -0.030393358 0.003081623 0.999533236 85.987190247
0.999350607 0.006036977 0.035523400 1.723903894 -0.005937221 0.999978244 -0.002912983 -2.374830484 -0.035540201 0.002700181 0.999364614 86.561439514
0.999004483 0.006585448 0.044121630 1.752991915 -0.006440965 0.999973416 -0.003416042 -2.380346298 -0.044142947 0.003128455 0.999020338 87.105041504
0.998600304 0.005883078 0.052562296 1.792643070 -0.005730501 0.999978900 -0.003053050 -2.402315378 -0.052579142 0.002747569 0.998613000 87.646820068
0.998228788 0.006237070 0.059162620 1.849486113 -0.006072250 0.999977291 -0.002965231 -2.421416759 -0.059179761 0.002600729 0.998243928 88.199127197
0.997621417 0.005884927 0.068679303 1.899185658 -0.005668394 0.999978244 -0.003347272 -2.439733028 -0.068697527 0.002950008 0.997633100 88.747390747
0.996880949 0.006399116 0.078660242 1.957945824 -0.006194315 0.999976695 -0.002847339 -2.457581043 -0.078676619 0.002351211 0.996897399 89.264617920
0.996184945 0.005434609 0.087097943 2.026341438 -0.005166491 0.999981165 -0.003303500 -2.468782425 -0.087114275 0.002840905 0.996194303 89.774154663
0.995529294 0.005201505 0.094311371 2.109722137 -0.004843516 0.999980152 -0.004024332 -2.478754997 -0.094330430 0.003549542 0.995534599 90.347755432
0.994400263 0.005150315 0.105553821 2.176609516 -0.004744038 0.999980271 -0.004099709 -2.494208813 -0.105572857 0.003576000 0.994405150 90.863349915
0.993272126 0.004138389 0.115729474 2.266211510 -0.003609054 0.999982059 -0.004783078 -2.502724171 -0.115747198 0.004333224 0.993269205 91.420524597
0.992124438 0.004350558 0.125180632 2.345186234 -0.003868741 0.999984145 -0.004091815 -2.528215170 -0.125196442 0.003575298 0.992125511 91.950149536
0.990680575 0.004715831 0.136124089 2.448189735 -0.004213422 0.999983191 -0.003978719 -2.541698456 -0.136140600 0.003368091 0.990683794 92.499603271
0.989063799 0.003652953 0.147443101 2.558589935 -0.002966377 0.999983728 -0.004876166 -2.553260088 -0.147458479 0.004385467 0.989058495 93.030174255
0.987348616 0.003013331 0.158536062 2.662737846 -0.002361892 0.999987900 -0.004297343 -2.580458879 -0.158547074 0.003868531 0.987343848 93.568176270
0.985702991 0.002166864 0.168478355 2.777845383 -0.001364877 0.999987125 -0.004875831 -2.590472937 -0.168486744 0.004576169 0.985693216 94.121726990
0.983424187 0.002094633 0.181307644 2.898813248 -0.001292271 0.999988973 -0.004543439 -2.610347509 -0.181315154 0.004233831 0.983415902 94.618293762
0.981014371 0.002532062 0.193918392 3.017104149 -0.001670790 0.999988019 -0.004604837 -2.624264002 -0.193927690 0.004193414 0.981006861 95.158248901
0.978931189 0.001932630 0.204181075 3.149921417 -0.001041781 0.999989450 -0.004470430 -2.645951033 -0.204187542 0.004163532 0.978922904 95.679885864
0.976093471 0.002312082 0.217338979 3.286985397 -0.001420780 0.999989927 -0.004257150 -2.665221214 -0.217346668 0.003846586 0.976086915 96.211494446
0.973099172 0.001981833 0.230377883 3.436912537 -0.001033537 0.999990404 -0.004236868 -2.675715923 -0.230384082 0.003884789 0.973092020 96.739356995
0.970528841 0.001623280 0.240979582 3.584058762 -0.000637540 0.999991059 -0.004168466 -2.696584702 -0.240984276 0.003891983 0.970521212 97.241348267
0.967520416 0.000493565 0.252792478 3.780996323 0.000737998 0.999988258 -0.004776992 -2.702046394 -0.252791882 0.004808397 0.967508733 97.800765991
0.963906050 0.000657928 0.266241848 3.919462204 0.000614024 0.999988794 -0.004694161 -2.714329004 -0.266241968 0.004688209 0.963894844 98.275650024
0.960324347 0.000355438 0.278885096 4.099306107 0.000899271 0.999990046 -0.004371073 -2.738073111 -0.278883785 0.004448441 0.960314512 98.801635742
0.957011461 0.000057294 0.290050030 4.276704788 0.001324396 0.999988616 -0.004567334 -2.747323275 -0.290047020 0.004755132 0.957000494 99.299919128
0.952552974 -0.000294520 0.304372698 4.451688766 0.001889129 0.999985993 -0.004944528 -2.759646177 -0.304366976 0.005284925 0.952540219 99.821868896
0.948416233 -0.000504826 0.317027330 4.657659531 0.002325818 0.999983013 -0.005365554 -2.777275562 -0.317019254 0.005826127 0.948401213 100.325790405
0.944461644 -0.000737244 0.328620642 4.850345612 0.002426025 0.999985993 -0.004729024 -2.796603918 -0.328612536 0.005263623 0.944450140 100.813591003
0.940011621 -0.000561791 0.341141969 5.063241959 0.002558101 0.999982178 -0.005402044 -2.809041023 -0.341132849 0.005950660 0.939996243 101.336044312
0.934492350 -0.001184438 0.355981320 5.281633377 0.003111117 0.999983430 -0.004839852 -2.827495337 -0.355969638 0.005630305 0.934480548 101.865516663
0.929752707 -0.001574374 0.368181169 5.496234894 0.003504793 0.999983370 -0.004574494 -2.851867199 -0.368167877 0.005543547 0.929742813 102.350036621
0.925152719 -0.002091974 0.379589140 5.722393036 0.004255651 0.999979138 -0.004861036 -2.862778664 -0.379571080 0.006112600 0.925142407 102.850929260
0.919556022 -0.002461072 0.392951280 5.973915100 0.004646438 0.999978721 -0.004610346 -2.886179209 -0.392931491 0.006065296 0.919547677 103.329727173
0.913602293 -0.002455708 0.406601459 6.209503174 0.004896050 0.999975681 -0.004961600 -2.895359755 -0.406579465 0.006523671 0.913592160 103.823387146
0.908678830 -0.003151971 0.417483926 6.459880829 0.005710698 0.999971807 -0.004879968 -2.911433697 -0.417456836 0.006818450 0.908671200 104.302963257
0.902542949 -0.003092736 0.430588782 6.718849182 0.005456263 0.999976039 -0.004254287 -2.932800293 -0.430565327 0.006189083 0.902538180 104.800521851
0.895903587 -0.003451844 0.444234997 6.985733032 0.006044674 0.999971986 -0.004420404 -2.949353218 -0.444207281 0.006645513 0.895899296 105.276336670
0.890033662 -0.004474335 0.455872923 7.254226685 0.007209621 0.999965072 -0.004261337 -2.970672369 -0.455837816 0.007079404 0.890034676 105.748031616
0.884243131 -0.004464457 0.467005521 7.522762299 0.007505589 0.999961078 -0.004651943 -2.982646704 -0.466966540 0.007618600 0.884242177 106.225494385
0.877686679 -0.004955491 0.479209304 7.814422607 0.007786807 0.999961913 -0.003921196 -3.010710716 -0.479171664 0.007173093 0.877691925 106.647979736
