1.000000000 0.000000000 0.000000000 0.000000000 0.000000000 1.000000000 0.000000000 0.000000000 0.000000000 0.000000000 1.000000000 0.000000000
0.999999940 -0.000257511 0.000037668 0.000347432 0.000257510 0.999999940 0.000025260 0.000339049 -0.000037675 -0.000025250 1.000000000 0.000063840
1.000000000 -0.000103154 0.000181525 -0.000895487 0.000103123 1.000000000 0.000171100 -0.000505848 -0.000181543 -0.000171081 0.999999940 0.000106690
1.000000000 0.000028013 0.000070357 -0.000143085 -0.000028020 1.000000000 0.000090798 -0.000067156 -0.000070354 -0.000090800 1.000000000 0.000091783
1.000000000 -0.000020195 0.000035628 0.000369385 0.000020192 1.000000000 0.000088189 -0.000967102 -0.000035630 -0.000088188 1.000000000 -0.000687552
0.999999940 -0.000259370 0.000091737 -0.000033151 0.000259368 0.999999940 0.000026521 -0.000066938 -0.000091744 -0.000026497 1.000000000 -0.001020126
0.999999881 -0.000415209 0.000117022 -0.000412349 0.000415204 0.999999940 0.000038240 0.000109298 -0.000117038 -0.000038191 1.000000000 0.000978309
0.999999940 -0.000296368 0.000084902 0.000713831 0.000296357 0.999999940 0.000129785 -0.000346295 -0.000084940 -0.000129759 1.000000000 0.001174399
1.000000000 -0.000135941 0.000090401 0.000116731 0.000135939 1.000000000 0.000016486 0.000819533 -0.000090403 -0.000016473 1.000000000 0.001037779
1.000000000 0.000053511 0.000169011 -0.000936499 -0.000053509 1.000000000 -0.000011269 -0.000113459 -0.000169012 0.000011260 1.000000000 -0.000739629
1.000000000 -0.000215095 0.000093513 0.001445260 0.000215096 1.000000000 -0.000005265 0.000542033 -0.000093512 0.000005285 1.000000000 0.000345196
1.000000000 -0.000083218 -0.000010766 0.001459415 0.000083219 1.000000000 0.000007006 -0.000680420 0.000010765 -0.000007007 1.000000000 -0.001173706
1.000000000 -0.000133091 0.000041581 0.000987546 0.000133094 1.000000000 -0.000068189 0.000964896 -0.000041572 0.000068194 1.000000000 0.001043750
1.000000000 -0.000176831 0.000066257 -0.000146207 0.000176828 1.000000000 0.000037997 0.000634346 -0.000066263 -0.000037985 1.000000000 0.000180389
1.000000000 0.000156246 0.000108202 -0.000473629 -0.000156231 1.000000000 -0.000141851 0.001315061 -0.000108224 0.000141834 1.000000000 0.000665197
1.000000000 -0.000225835 -0.000018456 0.001252906 0.000225837 0.999999940 0.000125608 0.000263815 0.000018428 -0.000125612 1.000000000 0.000475528
0.999999940 -0.000409759 -0.000005466 0.000365772 0.000409760 0.999999881 0.000171862 -0.000331505 0.000005395 -0.000171865 1.000000000 -0.000451813
0.999999940 -0.000293301 0.000036659 0.000372701 0.000293296 0.999999940 0.000130323 -0.001123618 -0.000036697 -0.000130313 1.000000000 -0.001675276
1.000000000 0.000050360 0.000097351 -0.000038986 -0.000050366 1.000000000 0.000061559 -0.000097288 -0.000097348 -0.000061564 1.000000000 -0.001000152
0.999999940 0.000269913 -0.000030203 0.000116461 -0.000269909 0.999999940 0.000129437 -0.000455880 0.000030238 -0.000129429 1.000000000 -0.000549146
1.000000000 -0.000153293 -0.000059590 0.001063936 0.000153302 1.000000000 0.000147505 -0.000097143 0.000059567 -0.000147514 1.000000000 -0.000511594
1.000000000 0.000014234 0.000044411 -0.000074478 -0.000014240 1.000000000 0.000139962 -0.000490048 -0.000044409 -0.000139962 1.000000000 -0.000288678
1.000000000 -0.000143317 0.000029415 0.000610942 0.000143313 1.000000000 0.000149920 -0.000617511 -0.000029437 -0.000149915 1.000000000 -0.001239159
1.000000000 -0.000173933 0.000050784 0.001283976 0.000173932 1.000000000 0.000015042 0.000669277 -0.000050786 -0.000015033 1.000000000 0.000987855
1.000000000 0.000113290 0.000110293 -0.000485583 -0.000113297 1.000000000 0.000057964 0.000274586 -0.000110286 -0.000057977 1.000000000 0.000677522
1.000000000 -0.000090080 -0.000008820 0.001818540 0.000090081 1.000000000 0.000086733 0.000357572 0.000008812 -0.000086734 1.000000000 -0.001100840
0.999999940 -0.000296771 0.000051591 0.000777908 0.000296766 0.999999940 0.000096088 -0.000777695 -0.000051620 -0.000096073 1.000000000 -0.001383603
0.999999940 -0.000273372 -0.000028223 0.000285193 0.000273374 0.999999940 0.000079448 -0.001116443 0.000028201 -0.000079455 1.000000000 -0.001895726
1.000000000 0.000171544 0.000157437 -0.000553833 -0.000171580 0.999999940 0.000229293 -0.000561976 -0.000157398 -0.000229320 0.999999940 0.001280414
1.000000000 -0.000099273 0.000006069 0.000443494 0.000099272 1.000000000 0.000177618 -0.000744998 -0.000006086 -0.000177617 1.000000000 -0.000063678
0.999999940 -0.000312326 0.000160354 -0.000077788 0.000312311 0.999999940 0.000090725 -0.000786294 -0.000160383 -0.000090675 1.000000000 -0.000524723
0.999999940 -0.000316730 0.000074862 0.000091699 0.000316720 0.999999940 0.000124301 -0.000941683 -0.000074901 -0.000124277 1.000000000 -0.000511795
1.000000000 0.000103281 0.000052641 -0.000110906 -0.000103291 1.000000000 0.000197022 -0.001647783 -0.000052621 -0.000197027 1.000000000 -0.002278929
1.000000000 -0.000028271 0.000117733 -0.000155976 0.000028275 1.000000000 -0.000032049 -0.000144683 -0.000117732 0.000032053 1.000000000 -0.001131042
1.000000000 -0.000158803 0.000060616 0.000469744 0.000158803 1.000000000 0.000006658 0.000064848 -0.000060617 -0.000006648 1.000000000 -0.001146566
1.000000000 0.000037619 0.000057949 -0.000722565 -0.000037626 1.000000000 0.000110219 -0.000500112 -0.000057945 -0.000110221 1.000000000 -0.001885762
1.000000000 -0.000186668 0.000134684 -0.000306404 0.000186670 1.000000000 -0.000017329 0.000966351 -0.000134681 0.000017354 1.000000000 -0.000574888
1.000000000 -0.000144112 0.000044684 0.000273586 0.000144105 1.000000000 0.000144329 -0.000053549 -0.000044704 -0.000144322 1.000000000 0.000978140
1.000000000 -0.000038983 0.000099860 -0.000254666 0.000038964 1.000000000 0.000195120 -0.001754583 -0.000099868 -0.000195116 1.000000000 -0.001640470
1.000000000 0.000076534 0.000166708 -0.001096696 -0.000076554 1.000000000 0.000121624 -0.000338963 -0.000166699 -0.000121637 1.000000000 -0.000857048
0.999999940 0.000059754 0.000247822 -0.000520844 -0.000059703 1.000000000 -0.000206379 0.001339669 -0.000247834 0.000206364 0.999999940 0.001760749
1.000000000 0.000056547 0.000124854 0.001280186 -0.000056474 0.999999821 -0.000581201 -0.002019559 -0.000124887 0.000581194 0.999999821 0.050845861
0.999999940 -0.000179204 -0.000088901 0.003470521 0.000179103 0.999999344 -0.001126749 -0.004483745 0.000089102 0.001126733 0.999999344 0.139281094
0.999999940 0.000273448 0.000280743 0.001560889 -0.000273054 0.999998987 -0.001404419 -0.007018541 -0.000281127 0.001404342 0.999998987 0.251738489
1.000000000 -0.000207232 -0.000032730 0.008322572 0.000207181 0.999998808 -0.001526498 -0.009281648 0.000033046 0.001526491 0.999998808 0.384332836
0.999999881 -0.000390652 0.000017260 0.011158462 0.000390678 0.999998748 -0.001530407 -0.012766367 -0.000016662 0.001530414 0.999998808 0.521540940
0.999999940 -0.000180406 0.000029774 0.013341435 0.000180456 0.999998569 -0.001666398 -0.017714312 -0.000029473 0.001666403 0.999998510 0.670742393
1.000000000 -0.000018611 0.000196405 0.013641565 0.000018757 0.999999702 -0.000740201 -0.025998177 -0.000196391 0.000740205 0.999999702 0.835663617
1.000000000 -0.000074690 0.000161359 0.016818484 0.000074819 0.999999642 -0.000798838 -0.028372319 -0.000161300 0.000798850 0.999999642 1.007071137
0.999999940 -0.000221647 0.000344917 0.019270845 0.000222010 0.999999404 -0.001053163 -0.032348674 -0.000344683 0.001053239 0.999999404 1.188807964
0.999999881 -0.000313965 0.000481654 0.022870703 0.000314419 0.999999523 -0.000941987 -0.036380295 -0.000481358 0.000942139 0.999999404 1.375654578
0.999999702 0.000568573 0.000579102 0.026366157 -0.000567784 0.999998868 -0.001361918 -0.039351970 -0.000579876 0.001361589 0.999998927 1.567795157
1.000000000 0.000087951 0.000059509 0.034333143 -0.000087913 0.999999762 -0.000642566 -0.046713714 -0.000059565 0.000642561 0.999999821 1.768946648
0.999999940 -0.000229782 -0.000349495 0.040109936 0.000229582 0.999999821 -0.000572769 -0.051675994 0.000349626 0.000572689 0.999999762 1.971495986
0.999999881 0.000196957 0.000447774 0.037728120 -0.000196677 0.999999762 -0.000625295 -0.058497608 -0.000447897 0.000625207 0.999999702 2.180806875
0.999999702 0.000465652 0.000514312 0.041388642 -0.000465285 0.999999583 -0.000713538 -0.063031986 -0.000514644 0.000713299 0.999999642 2.397241354
0.999999881 -0.000328022 0.000459411 0.050100733 0.000328370 0.999999642 -0.000758262 -0.070550554 -0.000459162 0.000758413 0.999999642 2.622176886
0.999999821 0.000146069 0.000528579 0.052244186 -0.000145838 0.999999881 -0.000437180 -0.076858766 -0.000528642 0.000437103 0.999999762 2.847636938
0.999999762 0.000323355 0.000631551 0.057105407 -0.000323144 0.999999940 -0.000335037 -0.085409693 -0.000631659 0.000334833 0.999999762 3.076527357
0.999999881 -0.000250525 0.000184727 0.064493939 0.000250592 0.999999881 -0.000364254 -0.093296170 -0.000184636 0.000364300 0.999999940 3.327230215
0.999999881 -0.000180524 0.000385949 0.065449238 0.000180585 1.000000000 -0.000156429 -0.100018822 -0.000385920 0.000156498 0.999999940 3.573253870
0.999999762 -0.000574102 0.000177929 0.070525266 0.000574163 0.999999881 -0.000339671 -0.105724245 -0.000177734 0.000339773 0.999999940 3.829097033
0.999999821 -0.000251369 0.000505540 0.075609431 0.000251547 0.999999881 -0.000353242 -0.110421486 -0.000505451 0.000353369 0.999999821 4.090068340
0.999999404 0.000633471 0.000800984 0.073870450 -0.000633607 0.999999762 0.000168963 -0.121335298 -0.000800877 -0.000169470 0.999999583 4.335823059
0.999999225 0.000521482 0.001070859 0.079716600 -0.000521318 0.999999821 -0.000153873 -0.128152743 -0.001070939 0.000153314 0.999999404 4.593351364
0.999999821 -0.000033719 0.000637119 0.086633123 0.000033763 0.999999940 -0.000068317 -0.134305328 -0.000637116 0.000068338 0.999999762 4.847349644
0.999999702 -0.000021178 0.000732064 0.096872292 0.000021052 0.999999940 0.000172622 -0.143773645 -0.000732067 -0.000172606 0.999999702 5.106746674
0.999999642 -0.000287087 0.000708841 0.097572334 0.000286649 0.999999762 0.000617971 -0.156566918 -0.000709018 -0.000617767 0.999999523 5.364470959
0.999999821 -0.000538851 0.000280323 0.105711296 0.000538767 0.999999821 0.000298924 -0.160457924 -0.000280484 -0.000298773 0.999999881 5.638651371
0.999999881 -0.000436108 0.000256130 0.109002575 0.000435880 0.999999523 0.000889066 -0.171435982 -0.000256517 -0.000888954 0.999999583 5.908050537
0.999999762 -0.000047230 0.000662952 0.113389254 0.000046820 0.999999821 0.000618637 -0.178925976 -0.000662981 -0.000618606 0.999999583 6.191499233
0.999999642 0.000105797 0.000840759 0.116755977 -0.000106405 0.999999762 0.000723556 -0.185135141 -0.000840682 -0.000723645 0.999999404 6.468881607
0.999999583 0.000044250 0.000894716 0.124067955 -0.000044748 0.999999821 0.000556512 -0.197571486 -0.000894692 -0.000556551 0.999999464 6.757950783
0.999999702 -0.000263014 0.000641423 0.130642116 0.000262518 0.999999583 0.000773830 -0.202969864 -0.000641627 -0.000773662 0.999999523 7.052432537
0.999999762 0.000224251 0.000652174 0.137227178 -0.000224712 0.999999642 0.000705997 -0.213161036 -0.000652015 -0.000706143 0.999999464 7.353284836
0.999999344 0.000003528 0.001112184 0.141918346 -0.000004560 0.999999583 0.000928209 -0.223031044 -0.001112180 -0.000928214 0.999998868 7.662007809
0.999999702 -0.000122587 0.000671179 0.153877005 0.000121986 0.999999583 0.000894810 -0.231261194 -0.000671288 -0.000894727 0.999999404 7.976279259
0.999999404 0.000025108 0.001090714 0.154524744 -0.000025955 0.999999702 0.000776406 -0.240246698 -0.001090695 -0.000776434 0.999999106 8.299891472
0.999999225 -0.000334760 0.001176350 0.160149902 0.000333812 0.999999642 0.000806212 -0.253452003 -0.001176620 -0.000805819 0.999998987 8.617594719
0.999998689 0.000088628 0.001625612 0.163016886 -0.000089899 0.999999642 0.000781707 -0.260354817 -0.001625542 -0.000781852 0.999998391 8.956214905
0.999999166 -0.000048442 0.001272926 0.174408540 0.000047467 0.999999702 0.000765670 -0.268553257 -0.001272963 -0.000765609 0.999998868 9.295817375
0.999999404 0.000123262 0.001102614 0.183595866 -0.000123876 0.999999821 0.000557058 -0.275856316 -0.001102545 -0.000557194 0.999999225 9.633444786
0.999999225 0.000160751 0.001193982 0.189056993 -0.000161711 0.999999642 0.000804574 -0.287274092 -0.001193852 -0.000804766 0.999998987 9.979638100
0.999999642 -0.000196732 0.000806398 0.200751454 0.000196277 0.999999762 0.000564117 -0.294147938 -0.000806508 -0.000563959 0.999999464 10.336493492
0.999998391 0.000355954 0.001738531 0.198138863 -0.000357204 0.999999642 0.000719142 -0.307626724 -0.001738274 -0.000719761 0.999998212 10.689084053
0.999999583 0.000197541 0.000917959 0.212029919 -0.000198462 0.999999464 0.001003050 -0.317316860 -0.000917761 -0.001003232 0.999999046 11.052482605
0.999998331 0.000478603 0.001747057 0.214453563 -0.000479785 0.999999762 0.000675744 -0.327466428 -0.001746733 -0.000676581 0.999998271 11.422655106
0.999997973 0.000158587 0.002001448 0.221215844 -0.000160265 0.999999642 0.000838403 -0.336738557 -0.002001315 -0.000838723 0.999997675 11.797461510
0.999998271 -0.000367644 0.001821901 0.232360199 0.000365901 0.999999464 0.000956874 -0.351159334 -0.001822251 -0.000956206 0.999997854 12.181755066
0.999997497 0.000144625 0.002202698 0.241665274 -0.000146862 0.999999464 0.001015351 -0.363881975 -0.002202551 -0.001015672 0.999997020 12.571724892
0.999998569 -0.000131071 0.001701749 0.253308117 0.000129021 0.999999285 0.001205208 -0.375006825 -0.001701905 -0.001204986 0.999997854 12.960968971
0.999997795 0.000563406 0.001991034 0.258149505 -0.000565212 0.999999404 0.000906679 -0.385080755 -0.001990521 -0.000907803 0.999997556 13.367980003
0.999996662 0.000284236 0.002566572 0.265169382 -0.000284962 0.999999940 0.000282187 -0.391513407 -0.002566492 -0.000282917 0.999996662 13.775558472
0.999994457 0.000607399 0.003278963 0.269165933 -0.000609005 0.999999702 0.000488894 -0.400919825 -0.003278666 -0.000490888 0.999994516 14.192662239
0.999993026 0.000689323 0.003658724 0.279100597 -0.000690358 0.999999642 0.000281523 -0.413595766 -0.003658528 -0.000284047 0.999993265 14.602188110
0.999992907 0.000514592 0.003721318 0.290803432 -0.000516334 0.999999702 0.000467159 -0.424941242 -0.003721077 -0.000469077 0.999992967 15.028770447
0.999993742 -0.000293837 0.003512494 0.305193007 0.000291706 0.999999762 0.000607166 -0.438875884 -0.003512672 -0.000606138 0.999993622 15.464171410
0.999993682 0.000351001 0.003563648 0.315062851 -0.000354053 0.999999583 0.000855907 -0.451670527 -0.003563346 -0.000857163 0.999993265 15.900020599
0.999992192 0.000313967 0.003920572 0.323393762 -0.000314923 0.999999881 0.000243345 -0.461262584 -0.003920495 -0.000244578 0.999992311 16.342338562
0.999990582 0.000257606 0.004328954 0.331542343 -0.000258057 0.999999940 0.000103677 -0.473471612 -0.004328927 -0.000104793 0.999990642 16.785356522
0.999991596 0.000614833 0.004056239 0.350017637 -0.000615305 0.999999821 0.000115080 -0.489691138 -0.004056166 -0.000117574 0.999991775 17.233869553
0.999990463 -0.000222144 0.004357672 0.359246433 0.000218708 0.999999642 0.000789171 -0.511708140 -0.004357846 -0.000788210 0.999990165 17.704633713
0.999991894 -0.000338686 0.004034730 0.375693351 0.000335002 0.999999523 0.000913647 -0.528211236 -0.004035038 -0.000912288 0.999991477 18.174528122
0.999987245 0.000650879 0.005004147 0.379014850 -0.000656960 0.999999046 0.001213494 -0.540631115 -0.005003352 -0.001216766 0.999986768 18.658920288
0.999987125 0.000883093 0.004991698 0.391128749 -0.000890335 0.999998510 0.001448702 -0.560371697 -0.004990412 -0.001453128 0.999986470 19.121440887
0.999992073 -0.000592712 0.003918434 0.416438371 0.000588944 0.999999344 0.000962915 -0.563250542 -0.003919003 -0.000960600 0.999991834 19.628118515
0.999991238 -0.000350805 0.004175915 0.426314712 0.000346961 0.999999523 0.000921111 -0.577362299 -0.004176237 -0.000919655 0.999990821 20.105327606
0.999990046 0.000390656 0.004441941 0.434045285 -0.000396597 0.999999046 0.001336660 -0.594236493 -0.004441414 -0.001338408 0.999989212 20.594518661
0.999990761 0.000023994 0.004282634 0.447830141 -0.000027231 0.999999702 0.000755823 -0.604368210 -0.004282614 -0.000755933 0.999990463 21.084840775
0.999991655 0.000337757 0.004052724 0.450074673 -0.000342708 0.999999225 0.001221063 -0.619401455 -0.004052308 -0.001222442 0.999991059 21.591159821
0.999993920 0.000145331 0.003482372 0.470276684 -0.000151084 0.999998569 0.001651915 -0.638857603 -0.003482127 -0.001652431 0.999992490 22.103063583
0.999996424 0.000421873 0.002616467 0.484940588 -0.000422866 0.999999762 0.000378837 -0.641967952 -0.002616307 -0.000379942 0.999996483 22.612348557
0.999996424 0.000576824 0.002619154 0.490364760 -0.000579935 0.999999106 0.001187056 -0.663046658 -0.002618467 -0.001188571 0.999995887 23.136600494
0.999997556 0.000517925 0.002128045 0.500983179 -0.000521173 0.999998629 0.001526019 -0.679450452 -0.002127252 -0.001527124 0.999996543 23.652698517
0.999999166 -0.000689393 0.001115146 0.514526725 0.000687310 0.999998033 0.001866816 -0.700195491 -0.001116430 -0.001866048 0.999997556 24.172018051
0.999999404 0.000888708 0.000650959 0.521157146 -0.000889597 0.999998689 0.001367479 -0.708303273 -0.000649743 -0.001368058 0.999998808 24.706195831
0.999999881 0.000511465 0.000069496 0.529485643 -0.000511577 0.999998689 0.001627192 -0.724634528 -0.000068664 -0.001627228 0.999998629 25.241228104
0.999999702 0.000311945 -0.000693094 0.541660488 -0.000310942 0.999998927 0.001447054 -0.740011096 0.000693545 -0.001446838 0.999998689 25.784284592
0.999998212 0.001355375 -0.001319196 0.548203766 -0.001353812 0.999998391 0.001185084 -0.753423274 0.001320800 -0.001183296 0.999998391 26.323963165
0.999996364 -0.000874763 -0.002545357 0.565162480 0.000879115 0.999998271 0.001709535 -0.762466729 0.002543856 -0.001711766 0.999995291 26.891994476
0.999996901 -0.000355866 -0.002456108 0.591266274 0.000361640 0.999997139 0.002350761 -0.797366500 0.002455264 -0.002351642 0.999994159 27.450222015
0.999994576 0.000653294 -0.003202901 0.596127927 -0.000647147 0.999997914 0.001919750 -0.809503734 0.003204148 -0.001917667 0.999992967 28.006750107
0.999993384 -0.000058663 -0.003627929 0.614715993 0.000069695 0.999995351 0.003040854 -0.836910248 0.003627734 -0.003041086 0.999988735 28.551481247
0.999993801 0.000508538 -0.003482754 0.618054569 -0.000501086 0.999997497 0.002140342 -0.846951663 0.003483833 -0.002138583 0.999991655 29.093954086
0.999992669 0.000205867 -0.003819732 0.635778666 -0.000199529 0.999998629 0.001659580 -0.853136480 0.003820068 -0.001658806 0.999991298 29.654451370
0.999990523 0.000089107 -0.004347214 0.640762806 -0.000079727 0.999997795 0.002157844 -0.869993687 0.004347395 -0.002157477 0.999988198 30.207368851
0.999991655 0.000429338 -0.004063297 0.651899219 -0.000422782 0.999998569 0.001614325 -0.889968991 0.004063985 -0.001612593 0.999990463 30.746519089
0.999988317 0.000143304 -0.004831537 0.664080858 -0.000135802 0.999998748 0.001553015 -0.902367234 0.004831753 -0.001552340 0.999987125 31.288679123
0.999986172 0.000008249 -0.005255654 0.667956114 0.000000216 0.999998689 0.001610612 -0.918219268 0.005255661 -0.001610591 0.999984860 31.829784393
0.999985874 0.000115314 -0.005310642 0.678816080 -0.000109581 0.999999344 0.001079738 -0.930115640 0.005310763 -0.001079140 0.999985337 32.382179260
0.999983251 0.000180971 -0.005776691 0.682135522 -0.000173670 0.999999166 0.001264335 -0.946753860 0.005776915 -0.001263310 0.999982536 32.917842865
0.999984443 0.000384448 -0.005561283 0.684506178 -0.000377157 0.999999046 0.001312015 -0.960569620 0.005561783 -0.001309897 0.999983668 33.477523804
0.999977469 -0.000527967 -0.006683418 0.700920582 0.000533419 0.999999523 0.000813975 -0.965713322 0.006682985 -0.000817522 0.999977350 34.046470642
0.999975383 -0.000631672 -0.006975365 0.705198646 0.000641136 0.999998868 0.001354654 -0.985741615 0.006974501 -0.001359093 0.999974668 34.582138062
0.999970555 -0.001246038 -0.007566928 0.718666553 0.001255180 0.999998510 0.001203566 -1.000415206 0.007565419 -0.001213028 0.999970675 35.134178162
0.999970496 -0.000802492 -0.007636691 0.727657259 0.000813738 0.999998569 0.001469549 -1.018167138 0.007635500 -0.001475720 0.999969780 35.676120758
0.999970794 -0.001121973 -0.007558786 0.729776084 0.001128955 0.999998927 0.000919446 -1.030789256 0.007557747 -0.000927952 0.999970973 36.231876373
0.999975502 -0.000767350 -0.006955763 0.731560826 0.000771163 0.999999583 0.000545489 -1.041973948 0.006955341 -0.000550839 0.999975681 36.786968231
0.999972820 -0.000799841 -0.007332115 0.729283214 0.000807218 0.999999166 0.001003289 -1.059618711 0.007331308 -0.001009181 0.999972641 37.331794739
0.999972582 -0.000087448 -0.007406956 0.745999336 0.000089207 0.999999940 0.000237069 -1.068656683 0.007406936 -0.000237724 0.999972463 37.861595154
0.999973297 -0.000923740 -0.007250389 0.746797085 0.000929583 0.999999225 0.000802453 -1.087517858 0.007249642 -0.000809172 0.999973416 38.401176453
0.999965310 -0.001350611 -0.008210006 0.760715961 0.001357122 0.999998748 0.000787518 -1.108071089 0.008208932 -0.000798633 0.999965906 38.933670044
0.999974132 -0.000695900 -0.007154846 0.756557226 0.000703084 0.999999225 0.001001589 -1.124758363 0.007154142 -0.001006594 0.999973834 39.488845825
0.999974906 -0.000648229 -0.007051383 0.768476605 0.000662047 0.999997854 0.001957416 -1.150664687 0.007050098 -0.001962036 0.999973238 40.037799835
0.999974251 -0.001049635 -0.007099322 0.770102739 0.001063104 0.999997616 0.001893764 -1.165317655 0.007097317 -0.001901262 0.999972999 40.579811096
0.999970734 -0.001556092 -0.007482244 0.788534164 0.001569169 0.999997199 0.001742204 -1.180758834 0.007479513 -0.001753894 0.999970496 41.110141754
0.999971867 -0.000881920 -0.007441194 0.790248394 0.000890509 0.999998868 0.001151068 -1.187404394 0.007440171 -0.001157662 0.999971628 41.659320831
0.999969482 -0.000934688 -0.007750216 0.791976452 0.000948785 0.999997914 0.001815330 -1.206012011 0.007748503 -0.001822629 0.999968290 42.212867737
0.999963939 -0.001865025 -0.008284491 0.813990116 0.001877761 0.999997020 0.001529795 -1.224948049 0.008281613 -0.001545296 0.999964535 42.711917877
0.999968290 -0.000552898 -0.007936255 0.814544857 0.000565859 0.999998510 0.001631061 -1.232843399 0.007935341 -0.001635500 0.999967158 43.274559021
0.999971390 -0.000845666 -0.007506425 0.817339778 0.000857572 0.999998391 0.001583146 -1.246487617 0.007505074 -0.001589538 0.999970496 43.827171326
0.999968708 -0.001611521 -0.007745395 0.827914298 0.001633181 0.999994755 0.002790943 -1.273425460 0.007740857 -0.002803505 0.999966025 44.336147308
0.999971807 -0.000953438 -0.007447106 0.830558538 0.000968484 0.999997497 0.002017041 -1.283308387 0.007445164 -0.002024196 0.999970198 44.891887665
0.999974072 -0.001284790 -0.007081480 0.835229397 0.001301323 0.999996424 0.002330572 -1.302926898 0.007078461 -0.002339727 0.999972224 45.435428619
0.999972582 -0.001177077 -0.007311945 0.854862630 0.001192111 0.999997139 0.002052097 -1.315728545 0.007309509 -0.002060757 0.999971092 46.003631592
0.999970734 -0.000976836 -0.007589057 0.861042559 0.000990689 0.999997795 0.001821821 -1.323878646 0.007587261 -0.001829286 0.999969542 46.545783997
0.999972761 -0.000548594 -0.007357225 0.862318397 0.000561311 0.999998331 0.001726473 -1.332934618 0.007356266 -0.001730556 0.999971449 47.097640991
0.999976635 -0.000511256 -0.006814872 0.860945344 0.000526252 0.999997377 0.002198881 -1.355655789 0.006813731 -0.002202416 0.999974310 47.631965637
0.999973178 -0.000337179 -0.007318981 0.876709342 0.000351841 0.999997854 0.002002158 -1.367022634 0.007318291 -0.002004680 0.999971151 48.188114166
0.999975741 -0.000322770 -0.006946298 0.884490252 0.000338263 0.999997377 0.002229359 -1.384604096 0.006945561 -0.002231655 0.999973416 48.723934174
0.999976993 -0.000280126 -0.006778752 0.888316274 0.000297463 0.999996662 0.002556637 -1.403087378 0.006778014 -0.002558594 0.999973774 49.272830963
0.999977291 -0.000036295 -0.006734269 0.899762273 0.000052901 0.999996901 0.002465672 -1.415684581 0.006734159 -0.002465972 0.999974310 49.819046021
0.999975145 -0.000268911 -0.007041214 0.914141357 0.000285157 0.999997258 0.002306337 -1.427486181 0.007040574 -0.002308288 0.999972463 50.373771667
0.999980152 0.000162286 -0.006294319 0.906552672 -0.000149395 0.999997854 0.002048383 -1.439192414 0.006294638 -0.002047402 0.999978006 50.914539337
0.999982715 0.000387749 -0.005864029 0.921941400 -0.000373221 0.999996841 0.002478347 -1.457235932 0.005864973 -0.002476116 0.999979734 51.449787140
0.999985635 0.000264061 -0.005357409 0.922549248 -0.000253840 0.999998152 0.001908386 -1.467607498 0.005357903 -0.001906998 0.999983788 51.996002197
0.999990642 0.001071246 -0.004188684 0.922695160 -0.001063270 0.999997616 0.001906055 -1.491079688 0.004190716 -0.001901584 0.999989390 52.547172546
0.999989867 0.000788152 -0.004433724 0.930788517 -0.000781638 0.999998748 0.001470661 -1.496995211 0.004434878 -0.001467181 0.999989092 53.089992523
0.999988496 0.000860308 -0.004717455 0.935576558 -0.000850503 0.999997497 0.002080089 -1.519621253 0.004719233 -0.002076053 0.999986708 53.636287689
0.999990463 0.001269689 -0.004176738 0.943685651 -0.001262151 0.999997497 0.001806961 -1.532748461 0.004179022 -0.001801672 0.999989629 54.171016693
0.999992609 0.002235836 -0.003118943 0.942268729 -0.002230376 0.999995947 0.001753134 -1.541770339 0.003122850 -0.001746165 0.999993622 54.728458405
0.999993086 0.001844693 -0.003235229 0.955985308 -0.001839843 0.999997199 0.001501404 -1.555109382 0.003237989 -0.001495442 0.999993622 55.277137756
0.999992192 0.002696191 -0.002887797 0.960100591 -0.002691049 0.999994814 0.001782740 -1.572117209 0.002892589 -0.001774955 0.999994218 55.829830170
0.999993324 0.002717523 -0.002412905 0.957041681 -0.002714202 0.999995351 0.001378860 -1.572817326 0.002416641 -0.001372302 0.999996066 56.393276215
0.999995589 0.002154391 -0.002039982 0.976755381 -0.002151163 0.999996364 0.001583744 -1.597500205 0.002043387 -0.001579349 0.999996662 56.934253693
0.999994695 0.001444027 -0.002912894 0.996964097 -0.001440407 0.999998212 0.001244740 -1.600949168 0.002914686 -0.001240537 0.999994993 57.498245239
0.999995530 0.002504594 -0.001637695 0.991037846 -0.002501861 0.999995470 0.001668923 -1.626672745 0.001641868 -0.001664818 0.999997258 58.034214020
0.999996066 0.001910099 -0.002064017 1.008691430 -0.001907799 0.999997556 0.001116004 -1.628813267 0.002066143 -0.001112062 0.999997199 58.588592529
0.999996603 0.002216169 -0.001378676 1.005060077 -0.002214700 0.999996960 0.001066167 -1.647598028 0.001381035 -0.001063110 0.999998450 59.123069763
0.999993682 0.003325582 -0.001235592 1.015726805 -0.003324434 0.999994159 0.000929186 -1.663799644 0.001238675 -0.000925072 0.999998808 59.677581787
0.999996305 0.002607645 -0.000768956 1.020953298 -0.002606904 0.999996126 0.000962383 -1.681664467 0.000771463 -0.000960374 0.999999225 60.232738495
0.999993682 0.003212340 -0.001488385 1.037182093 -0.003211136 0.999994516 0.000810379 -1.690769076 0.001490979 -0.000805594 0.999998510 60.798103333
0.999992907 0.003429033 -0.001563191 1.070446253 -0.003427650 0.999993742 0.000886267 -1.717926383 0.001566220 -0.000880902 0.999998391 61.335083008
0.999991298 0.003964864 -0.001243312 1.067778826 -0.003963617 0.999991655 0.001003580 -1.722975612 0.001247280 -0.000998644 0.999998748 61.886344910
0.999992788 0.003565573 -0.001310489 1.085748196 -0.003564732 0.999993443 0.000643121 -1.732033253 0.001312774 -0.000638445 0.999998927 62.420825958
0.999991298 0.003792707 -0.001697979 1.102713108 -0.003791105 0.999992371 0.000946296 -1.752748132 0.001701555 -0.000939851 0.999998093 62.962623596
0.999991655 0.003881153 -0.001278915 1.106406450 -0.003880520 0.999992371 0.000497467 -1.761195660 0.001280835 -0.000492500 0.999998987 63.510646820
0.999989867 0.004381030 -0.001009707 1.113373160 -0.004379981 0.999989867 0.001039562 -1.781981587 0.001014251 -0.001035129 0.999998927 64.054893494
0.999992073 0.003940770 -0.000548436 1.122554064 -0.003940129 0.999991536 0.001165906 -1.798970819 0.000553026 -0.001163736 0.999999166 64.589675903
0.999987543 0.004971284 -0.000271370 1.124780893 -0.004971049 0.999987185 0.000862393 -1.809654832 0.000275654 -0.000861034 0.999999583 65.135147095
0.999991119 0.004207417 -0.000270796 1.140027165 -0.004207175 0.999990702 0.000887845 -1.825591683 0.000274529 -0.000886698 0.999999583 65.672966003
0.999990642 0.004311447 0.000194982 1.147231579 -0.004311499 0.999990582 0.000259979 -1.834046364 -0.000193859 -0.000260818 0.999999940 66.220260620
0.999989092 0.004549927 0.001013256 1.149272799 -0.004550641 0.999989390 0.000704976 -1.850925326 -0.001010038 -0.000709580 0.999999166 66.774108887
0.999988616 0.004723094 0.000675699 1.168537617 -0.004723536 0.999988556 0.000652877 -1.869888544 -0.000672608 -0.000656061 0.999999583 67.310493469
0.999990046 0.004415155 0.000640322 1.175836205 -0.004415464 0.999990106 0.000481707 -1.880523443 -0.000638188 -0.000484529 0.999999702 67.861373901
0.999987006 0.004896418 0.001384803 1.182870984 -0.004898003 0.999987364 0.001143463 -1.906665325 -0.001379187 -0.001150231 0.999998391 68.399078369
0.999984205 0.005475415 0.001363436 1.191921949 -0.005476364 0.999984741 0.000693377 -1.920436978 -0.001359619 -0.000700833 0.999998808 68.946044922
0.999983609 0.005544085 0.001386623 1.200643420 -0.005544354 0.999984622 0.000190179 -1.929661155 -0.001385547 -0.000197864 0.999998987 69.482536316
0.999980509 0.005969565 0.001811573 1.210232019 -0.005970153 0.999982119 0.000318775 -1.943971872 -0.001809638 -0.000329584 0.999998331 70.036972046
0.999981999 0.005640599 0.002033266 1.221591711 -0.005640813 0.999984086 0.000099442 -1.960572958 -0.002032673 -0.000110910 0.999997914 70.583114624
0.999977708 0.006461714 0.001651814 1.236623168 -0.006461867 0.999979138 0.000086810 -1.972928643 -0.001651218 -0.000097482 0.999998629 71.127410889
0.999976695 0.006432410 0.002278206 1.243302107 -0.006431728 0.999979258 -0.000306772 -1.982319593 -0.002280132 0.000292112 0.999997318 71.699417114
0.999977350 0.006390128 0.002112443 1.258051276 -0.006389871 0.999979496 -0.000128959 -1.997592330 -0.002113223 0.000115458 0.999997675 72.252449036
0.999977887 0.006263303 0.002217104 1.274862409 -0.006264627 0.999980211 0.000590617 -2.021968603 -0.002213361 -0.000604493 0.999997318 72.799705505
0.999975383 0.006544328 0.002525637 1.283664703 -0.006546172 0.999978304 0.000722288 -2.042098522 -0.002520855 -0.000738803 0.999996483 73.347373962
0.999968350 0.007527639 0.002610239 1.295834064 -0.007530770 0.999970853 0.001191623 -2.057321072 -0.002601193 -0.001211242 0.999995828 73.887023926
0.999978542 0.006320525 0.001793302 1.315680146 -0.006321707 0.999979794 0.000653455 -2.071406126 -0.001789135 -0.000664778 0.999998152 74.432670593
0.999981642 0.005859711 0.001489796 1.334307432 -0.005859438 0.999982834 -0.000187165 -2.083356619 -0.001490867 0.000178432 0.999998868 74.980278015
0.999987304 0.004733561 0.001717271 1.342049122 -0.004734012 0.999988735 0.000259646 -2.102799892 -0.001716023 -0.000267772 0.999998510 75.520652771
0.999982178 0.005760891 0.001564990 1.348299146 -0.005760737 0.999983370 -0.000102950 -2.110183001 -0.001565557 0.000093933 0.999998748 76.070892334
0.999981284 0.005984739 0.001257609 1.365064502 -0.005984826 0.999982059 0.000065080 -2.134685040 -0.001257197 -0.000072605 0.999999225 76.613090515
0.999986649 0.005062273 0.000972677 1.379859209 -0.005061662 0.999987006 -0.000629577 -2.139772892 -0.000975851 0.000624645 0.999999344 77.184875488
0.999983490 0.005633556 0.001116324 1.385556459 -0.005633868 0.999984086 0.000276832 -2.162056446 -0.001114747 -0.000283116 0.999999344 77.714950562
0.999986231 0.005182963 0.000792997 1.399180770 -0.005182457 0.999986291 -0.000639321 -2.165586710 -0.000796300 0.000635202 0.999999404 78.259994507
0.999983132 0.005745923 0.000791097 1.410493493 -0.005745335 0.999983132 -0.000742754 -2.186427593 -0.000795351 0.000738196 0.999999404 78.816268921
0.999984324 0.005572715 0.000383494 1.433996201 -0.005572442 0.999984205 -0.000708957 -2.197622299 -0.000387439 0.000706809 0.999999702 79.365081787
0.999989748 0.004518117 0.000277332 1.444392681 -0.004518166 0.999989688 0.000175031 -2.229242563 -0.000276539 -0.000176282 0.999999881 79.916206360
0.999986649 0.005135876 0.000576190 1.456773400 -0.005135774 0.999986768 -0.000180324 -2.238508701 -0.000577109 0.000177363 0.999999821 80.460372925
0.999981582 0.005543686 0.002472753 1.455263138 -0.005541317 0.999984205 -0.000963839 -2.241060972 -0.002478058 0.000950119 0.999996424 81.008895874
0.999982119 0.005480651 0.002395722 1.478320241 -0.005478980 0.999984741 -0.000704060 -2.259735584 -0.002399545 0.000690921 0.999996901 81.536613464
0.999972522 0.005904941 0.004480778 1.477585554 -0.005901805 0.999982357 -0.000712792 -2.275258780 -0.004484909 0.000686328 0.999989688 82.095726013
0.999975502 0.004940185 0.004958740 1.506770253 -0.004934630 0.999987185 -0.001131934 -2.291445494 -0.004964268 0.001107436 0.999987066 82.643394470
0.999943376 0.005932795 0.008826614 1.523902893 -0.005921591 0.999981642 -0.001294939 -2.308691502 -0.008834137 0.001242598 0.999960124 83.180198669
0.999912143 0.005087290 0.012240739 1.557998419 -0.005087072 0.999987066 -0.000048878 -2.339330435 -0.012240831 -0.000013396 0.999925077 83.719535828
0.999860168 0.005738508 0.015706599 1.561363101 -0.005721072 0.999982953 -0.001154838 -2.340521574 -0.015712958 0.001064818 0.999875963 84.235481262
0.999767661 0.005548220 0.020828050 1.583714724 -0.005524120 0.999984026 -0.001214462 -2.356779814 -0.020834455 0.001099123 0.999782324 84.789871216
0.999644637 0.005243173 0.026137086 1.623524427 -0.005206365 0.999985337 -0.001476126 -2.371315241 -0.026144439 0.001339522 0.999657214 85.346359253
0.999463260 0.006854118 0.032039095 1.649775505 -0.006822184 0.999976099 -0.001105964 -2.387783051 -0.032045912 0.000886794 0.999486029 85.904106140
0.999287069 0.004824793 0.037442025 1.689756036 -0.004760249 0.999987006 -0.001812806 -2.405447006 -0.037450280 0.001633280 0.999297142 86.440277100
0.998926222 0.005315701 0.046021447 1.727210760 -0.005251102 0.999985039 -0.001524473 -2.417573214 -0.046028860 0.001281173 0.998939276 87.013549805
0.998507202 0.005552899 0.054337174 1.772497177 -0.005506190 0.999984264 -0.001009277 -2.440787077 -0.054341931 0.000708580 0.998522103 87.550041199
0.998081565 0.005475866 0.061669737 1.811846495 -0.005417414 0.999984682 -0.001114968 -2.454339981 -0.061674900 0.000778739 0.998095989 88.086189270
0.997488320 0.005511745 0.070616759 1.869467735 -0.005415328 0.999984145 -0.001556752 -2.465371847 -0.070624217 0.001170430 0.997502267 88.632247925
0.996708751 0.005539834 0.080876470 1.932926178 -0.005436078 0.999984086 -0.001503045 -2.481704950 -0.080883496 0.001058447 0.996722996 89.162246704
0.996012509 0.004517802 0.089098476 2.002772808 -0.004334236 0.999988079 -0.002253613 -2.485660076 -0.089107588 0.001858454 0.996020198 89.702972412
0.995263755 0.004848951 0.097089469 2.070177555 -0.004636381 0.999986351 -0.002414888 -2.500762463 -0.097099856 0.001953307 0.995272696 90.246520996
0.994173408 0.004380488 0.107703418 2.149577141 -0.004133495 0.999988317 -0.002516413 -2.511978865 -0.107713178 0.002056559 0.994179904 90.781761169
0.992960453 0.003981337 0.118379444 2.232810974 -0.003704338 0.999989808 -0.002559869 -2.527192593 -0.118388429 0.002103331 0.992965102 91.321434021
0.991819501 0.004204499 0.127579182 2.319973946 -0.003917960 0.999989152 -0.002496840 -2.541688442 -0.127588347 0.001976564 0.991825163 91.873748779
0.990325451 0.004288527 0.138697937 2.418091774 -0.003944973 0.999988437 -0.002751809 -2.555188894 -0.138708115 0.002178027 0.990330935 92.420181274
0.988592029 0.003617675 0.150574431 2.520477295 -0.003202013 0.999990344 -0.003002874 -2.568775415 -0.150583833 0.002486476 0.988594115 92.969993591
0.986910284 0.003118175 0.161239967 2.630111694 -0.002668485 0.999991834 -0.003005421 -2.586585045 -0.161248043 0.002535813 0.986910582 93.506240845
0.985135198 0.002653368 0.171760157 2.742187500 -0.002116149 0.999992251 -0.003310753 -2.598213673 -0.171767592 0.002898069 0.985133231 94.042037964
0.982812405 0.002861550 0.184584126 2.869881630 -0.002298149 0.999992013 -0.003266141 -2.615546703 -0.184592009 0.002785803 0.982811213 94.572807312
0.980399787 0.002345814 0.197004393 2.999556541 -0.001712998 0.999992788 -0.003382532 -2.627593756 -0.197010919 0.002978765 0.980396748 95.123161316
0.978369832 0.001700285 0.206856295 3.133474350 -0.001082926 0.999994576 -0.003097675 -2.645256281 -0.206860453 0.002806661 0.978366435 95.658302307
0.975478053 0.001659657 0.220090091 3.277221680 -0.000943584 0.999993920 -0.003358629 -2.659892082 -0.220094323 0.003068596 0.975473762 96.184074402
0.972338557 0.001675191 0.233569995 3.427169800 -0.000889107 0.999993503 -0.003470768 -2.674620152 -0.233574316 0.003167093 0.972333729 96.704887390
0.969553173 0.001664563 0.244875237 3.575944901 -0.000984506 0.999995232 -0.002899536 -2.701508522 -0.244878888 0.002570173 0.969550252 97.205490112
0.966595232 0.000651162 0.256307006 3.742061615 0.000123283 0.999995470 -0.003005470 -2.716472626 -0.256307811 0.002936671 0.966590762 97.729423523
0.962630868 0.001700162 0.270811528 3.902711868 -0.000897394 0.999994755 -0.003088105 -2.726752043 -0.270815343 0.002729680 0.962627411 98.268623352
0.958901346 0.001469643 0.283735782 4.080121994 -0.000423439 0.999992847 -0.003748547 -2.735977173 -0.283739269 0.003474342 0.958895147 98.805358887
0.955570042 0.001100339 0.294762015 4.253738403 -0.000157075 0.999994814 -0.003223747 -2.763338804 -0.294763982 0.003034217 0.955565274 99.301040649
0.951303661 0.000514580 0.308254927 4.443313599 0.000392599 0.999995768 -0.002880922 -2.780335903 -0.308255136 0.002861652 0.951299369 99.826934814
0.946894228 0.000693830 0.321544379 4.642807007 0.000323900 0.999995112 -0.003111624 -2.796208620 -0.321545005 0.003050527 0.946889400 100.329154968
0.943074405 0.000038803 0.332581699 4.845554352 0.001027188 0.999994814 -0.003029384 -2.811655045 -0.332580119 0.003198559 0.943069696 100.834503174
0.938171208 0.000264556 0.346171588 5.051942825 0.000993721 0.999993503 -0.003457346 -2.825694084 -0.346170247 0.003587580 0.938164890 101.357971191
0.933066308 -0.000798748 0.359703451 5.279287338 0.001966195 0.999993920 -0.002879726 -2.849614143 -0.359698892 0.003394223 0.933062196 101.854766846
0.928337097 -0.001136619 0.371737748 5.500854492 0.002371076 0.999993026 -0.002863704 -2.865755796 -0.371731937 0.003539901 0.928333342 102.352737427
0.923704684 -0.001780340 0.383101165 5.733924866 0.003511916 0.999986529 -0.003820550 -2.870938063 -0.383089185 0.004874479 0.923698425 102.855346680
0.917757988 -0.001778444 0.397136122 5.965122223 0.003231243 0.999990404 -0.002989080 -2.895970821 -0.397126973 0.004026496 0.917754829 103.323631287
0.912066936 -0.002541906 0.410033435 6.208045959 0.004066701 0.999987662 -0.002846668 -2.908226967 -0.410021156 0.004263835 0.912066042 103.811790466
0.907059610 -0.003115688 0.420990616 6.454261780 0.004886034 0.999983191 -0.003126645 -2.924489498 -0.420973837 0.004893028 0.907059610 104.284042358
0.900518954 -0.003549535 0.434802264 6.712333679 0.005354662 0.999981403 -0.002926631 -2.944123030 -0.434783816 0.004963705 0.900521278 104.774246216
0.894034863 -0.003200861 0.447985947 6.973255157 0.004718702 0.999986291 -0.002272095 -2.968657494 -0.447972476 0.004145245 0.894037724 105.244949341
0.887744129 -0.003162459 0.460326344 7.236186981 0.005045013 0.999983191 -0.002859436 -2.977198124 -0.460309565 0.004860800 0.887745202 105.719779968
0.882574260 -0.004325190 0.470153093 7.514896393 0.006065009 0.999979198 -0.002185930 -3.004835844 -0.470133930 0.004780727 0.882582128 106.183654785
0.875292361 -0.004536276 0.483572811 7.795234680 0.006489973 0.999976158 -0.002366669 -3.017791033 -0.483550519 0.005209902 0.875300944 106.648086548
