1.000000000 0.000000000 0.000000000 0.000000000 0.000000000 1.000000000 0.000000000 0.000000000 0.000000000 0.000000000 1.000000000 0.000000000
1.000000000 0.000007943 0.000124922 -0.000944998 -0.000007944 1.000000000 0.000005653 0.000217927 -0.000124922 -0.000005654 1.000000000 0.000259135
1.000000000 0.000075876 0.000182019 -0.001671549 -0.000075886 1.000000000 0.000054302 0.000872299 -0.000182015 -0.000054316 1.000000000 0.001560987
1.000000000 0.000179919 -0.000009771 0.000123914 -0.000179918 0.999999940 0.000169467 -0.001226562 0.000009802 -0.000169465 1.000000000 -0.000446814
0.999999940 0.000240439 0.000145258 -0.001267165 -0.000240456 0.999999940 0.000116103 -0.000344441 -0.000145230 -0.000116138 1.000000000 -0.000025267
1.000000000 0.000076288 0.000016326 -0.000770784 -0.000076289 1.000000000 0.000092564 -0.000203364 -0.000016319 -0.000092566 1.000000000 -0.000690377
1.000000000 0.000094175 0.000147225 -0.002342197 -0.000094173 1.000000000 -0.000013634 0.001179114 -0.000147226 0.000013620 1.000000000 0.003782663
1.000000000 -0.000043579 0.000175461 -0.001488091 0.000043564 1.000000000 0.000083223 0.000743819 -0.000175465 -0.000083215 1.000000000 0.003158542
1.000000000 0.000017871 0.000141801 -0.001198655 -0.000017867 1.000000000 -0.000025083 0.001087537 -0.000141801 0.000025080 1.000000000 0.002466096
1.000000000 -0.000043563 0.000179783 -0.000656349 0.000043558 1.000000000 0.000027640 0.000381731 -0.000179785 -0.000027632 1.000000000 0.000708050
1.000000000 -0.000110651 0.000190745 -0.000914899 0.000110655 1.000000000 -0.000017601 0.001569551 -0.000190743 0.000017622 1.000000000 0.002453355
1.000000000 0.000040777 0.000070349 -0.000363158 -0.000040783 1.000000000 0.000091534 -0.000193396 -0.000070345 -0.000091537 1.000000000 0.000852304
1.000000000 0.000004896 0.000139892 -0.001269719 -0.000004893 1.000000000 -0.000021961 0.001714079 -0.000139892 0.000021960 1.000000000 0.004307859
0.999999940 -0.000053769 0.000242696 -0.002247695 0.000053736 1.000000000 0.000135290 0.001149471 -0.000242704 -0.000135277 0.999999940 0.004435268
1.000000000 0.000002338 0.000146537 -0.001863405 -0.000002352 1.000000000 0.000101143 0.000923288 -0.000146537 -0.000101143 1.000000000 0.003638381
1.000000000 0.000050702 0.000067939 -0.000342998 -0.000050709 1.000000000 0.000114810 -0.000255116 -0.000067934 -0.000114814 1.000000000 0.000671132
1.000000000 -0.000091126 0.000070681 -0.001451206 0.000091120 1.000000000 0.000082538 0.000489131 -0.000070689 -0.000082532 1.000000000 0.002934586
0.999999940 0.000147679 0.000347680 -0.002973501 -0.000147703 1.000000000 0.000068460 0.001083497 -0.000347669 -0.000068512 0.999999940 0.004302090
0.999999940 0.000155233 0.000262929 -0.002868872 -0.000155254 1.000000000 0.000079857 0.000660172 -0.000262917 -0.000079898 0.999999940 0.003290808
0.999999940 0.000182456 0.000190458 -0.002000626 -0.000182475 1.000000000 0.000100038 0.000762701 -0.000190440 -0.000100072 1.000000000 0.003781411
0.999999881 0.000325704 0.000297077 -0.002892470 -0.000325764 0.999999940 0.000203084 0.000421082 -0.000297011 -0.000203181 0.999999940 0.003757817
0.999999821 0.000484294 0.000365207 -0.003074193 -0.000484345 0.999999881 0.000141536 -0.000126145 -0.000365139 -0.000141713 0.999999940 0.001679808
0.999999940 0.000140309 0.000232632 -0.002317865 -0.000140343 1.000000000 0.000146128 0.000593057 -0.000232611 -0.000146161 0.999999940 0.002891281
0.999999940 0.000061145 0.000278338 -0.001275930 -0.000061184 1.000000000 0.000138941 -0.000366162 -0.000278330 -0.000138958 0.999999940 0.001829854
0.999999940 0.000132953 0.000254563 -0.002097767 -0.000132963 1.000000000 0.000036940 0.000326425 -0.000254558 -0.000036974 0.999999940 0.000403930
0.999999940 0.000115944 0.000233316 -0.001033849 -0.000115940 1.000000000 -0.000018890 0.001072537 -0.000233318 0.000018863 1.000000000 0.001971624
0.999999940 0.000086906 0.000260045 -0.001761375 -0.000086928 1.000000000 0.000085589 0.000128165 -0.000260038 -0.000085612 0.999999940 0.001106972
0.999999940 0.000074577 0.000233374 -0.001373362 -0.000074576 1.000000000 -0.000001662 0.001215247 -0.000233374 0.000001645 1.000000000 0.002326236
0.999999940 0.000213303 0.000336119 -0.002845576 -0.000213299 1.000000000 -0.000011230 0.001051546 -0.000336121 0.000011158 0.999999940 0.001246989
0.999999940 0.000149055 0.000311454 -0.003638173 -0.000149065 1.000000000 0.000034187 0.001566122 -0.000311449 -0.000034233 0.999999940 0.003553777
0.999999940 0.000153976 0.000299729 -0.002991595 -0.000154024 1.000000000 0.000158352 -0.000280268 -0.000299705 -0.000158398 0.999999940 0.002499328
0.999999940 0.000081728 0.000256739 -0.001355700 -0.000081767 1.000000000 0.000151099 0.000079440 -0.000256726 -0.000151120 0.999999940 0.001502315
0.999999881 0.000287800 0.000361924 -0.003692770 -0.000287813 0.999999940 0.000036070 0.001531587 -0.000361913 -0.000036175 0.999999940 0.003731120
0.999999881 0.000281184 0.000426974 -0.003178721 -0.000281201 0.999999940 0.000040225 0.001049711 -0.000426962 -0.000040345 0.999999881 0.002589972
0.999999940 0.000146225 0.000247781 -0.000781998 -0.000146254 1.000000000 0.000118424 -0.000258613 -0.000247764 -0.000118461 0.999999940 0.000452944
0.999999940 0.000234247 0.000278893 -0.002557164 -0.000234234 1.000000000 -0.000048577 0.003150462 -0.000278904 0.000048512 0.999999940 0.005860607
0.999999940 0.000207843 0.000307681 -0.003336004 -0.000207824 1.000000000 -0.000063444 0.004299698 -0.000307694 0.000063380 0.999999940 0.007089396
0.999999940 -0.000129439 0.000232817 -0.000860064 0.000129426 1.000000000 0.000057411 0.001170312 -0.000232824 -0.000057381 1.000000000 0.002796331
0.999999940 0.000195516 0.000299090 -0.001805278 -0.000195557 1.000000000 0.000138045 0.000827439 -0.000299063 -0.000138104 0.999999940 0.002777170
1.000000000 -0.000063616 0.000232717 -0.001660450 0.000063598 1.000000000 0.000076614 0.001557080 -0.000232722 -0.000076599 0.999999940 0.003207576
0.999999881 0.000013967 0.000429505 -0.002726859 -0.000013973 1.000000000 0.000012974 0.001659287 -0.000429504 -0.000012980 0.999999881 0.005035110
0.999999940 -0.000335091 0.000230857 0.000272016 0.000335277 0.999999642 -0.000808743 0.000975537 -0.000230586 0.000808820 0.999999642 0.054797657
0.999999881 0.000223840 0.000385203 -0.001949062 -0.000223450 0.999999464 -0.001013797 -0.006977603 -0.000385429 0.001013711 0.999999404 0.131134212
1.000000000 0.000154470 0.000084966 0.003089955 -0.000154326 0.999998569 -0.001689727 -0.002763118 -0.000085227 0.001689714 0.999998569 0.256131858
1.000000000 0.000189176 0.000078709 0.004988910 -0.000189087 0.999999344 -0.001130888 -0.012767124 -0.000078923 0.001130873 0.999999344 0.385728747
1.000000000 0.000094532 0.000168962 0.008465041 -0.000094376 0.999999583 -0.000926077 -0.017385922 -0.000169049 0.000926061 0.999999583 0.524390638
0.999999940 0.000235127 0.000112217 0.012750069 -0.000235037 0.999999642 -0.000805179 -0.025255255 -0.000112406 0.000805152 0.999999642 0.667824566
0.999999881 0.000407858 0.000291270 0.016306676 -0.000407627 0.999999583 -0.000791821 -0.026144769 -0.000291593 0.000791702 0.999999642 0.837771654
0.999999940 0.000195115 -0.000268031 0.021966798 -0.000195085 1.000000000 0.000111837 -0.043636303 0.000268053 -0.000111784 0.999999940 0.989179730
0.999999940 -0.000122422 -0.000470388 0.027975429 0.000122592 1.000000000 0.000363220 -0.049652454 0.000470344 -0.000363277 0.999999821 1.168108702
0.999999940 0.000274567 -0.000038076 0.025948325 -0.000274562 0.999999940 0.000130425 -0.051348936 0.000038112 -0.000130414 1.000000000 1.352539420
0.999999940 0.000233875 -0.000037640 0.031445682 -0.000233864 0.999999940 0.000284356 -0.056657590 0.000037706 -0.000284348 1.000000000 1.539546132
0.999999940 0.000267443 0.000151474 0.030752972 -0.000267473 0.999999940 0.000194484 -0.056974683 -0.000151422 -0.000194524 1.000000000 1.748424172
0.999999940 0.000188389 -0.000080384 0.040953599 -0.000188355 0.999999762 0.000413822 -0.068415597 0.000080462 -0.000413807 0.999999940 1.939930558
1.000000000 -0.000000522 0.000046375 0.045601267 0.000000490 0.999999762 0.000681545 -0.074179724 -0.000046376 -0.000681545 0.999999821 2.153385878
0.999999642 0.000811866 0.000228582 0.044196535 -0.000811946 0.999999583 0.000346460 -0.081096545 -0.000228301 -0.000346646 0.999999940 2.368973732
0.999999642 0.000793402 -0.000171819 0.056052867 -0.000793347 0.999999583 0.000320315 -0.086499356 0.000172073 -0.000320178 1.000000000 2.585487366
0.999999523 0.000953824 0.000012141 0.057840120 -0.000953832 0.999999344 0.000668010 -0.097448252 -0.000011504 -0.000668021 0.999999821 2.817816496
0.999999881 0.000286450 -0.000104683 0.066474758 -0.000286386 0.999999702 0.000606636 -0.105722390 0.000104856 -0.000606606 0.999999821 3.056647778
1.000000000 0.000156929 -0.000164625 0.070325166 -0.000156861 0.999999881 0.000412235 -0.110150293 0.000164690 -0.000412209 0.999999881 3.292606354
1.000000000 0.000113033 -0.000300046 0.079063803 -0.000112859 0.999999821 0.000582282 -0.121917441 0.000300112 -0.000582248 0.999999762 3.533368826
0.999999821 0.000404880 -0.000359249 0.082356855 -0.000404771 0.999999821 0.000303640 -0.121711150 0.000359372 -0.000303495 0.999999881 3.795611382
0.999999940 0.000158408 -0.000062457 0.081439562 -0.000158397 0.999999940 0.000174605 -0.126682624 0.000062485 -0.000174595 0.999999940 4.058804989
1.000000000 0.000212791 -0.000233397 0.095570996 -0.000212583 0.999999523 0.000892193 -0.140874445 0.000233586 -0.000892143 0.999999523 4.303928375
0.999999940 0.000076252 0.000353797 0.084555104 -0.000076511 0.999999702 0.000732072 -0.144702345 -0.000353741 -0.000732100 0.999999642 4.549836636
0.999999940 0.000068025 0.000312045 0.091799490 -0.000068264 0.999999702 0.000765221 -0.153885931 -0.000311993 -0.000765243 0.999999642 4.804894924
0.999999940 0.000150812 0.000226119 0.098154075 -0.000151092 0.999999166 0.001238488 -0.164943874 -0.000225932 -0.001238522 0.999999166 5.071909428
0.999999702 0.000421581 0.000747252 0.095368855 -0.000422169 0.999999523 0.000786948 -0.165659875 -0.000746920 -0.000787263 0.999999344 5.334654808
0.999999046 0.000676556 0.001192314 0.086621478 -0.000677471 0.999999464 0.000766349 -0.168752566 -0.001191795 -0.000767156 0.999998987 5.609377384
0.999999046 0.000766372 0.001146597 0.091837980 -0.000767753 0.999998987 0.001204406 -0.178284049 -0.001145673 -0.001205286 0.999998569 5.877096176
0.999999166 0.000045301 0.001298733 0.101785623 -0.000046571 0.999999464 0.000977561 -0.186296061 -0.001298688 -0.000977621 0.999998689 6.155585289
0.999998689 0.001229341 0.001084503 0.105819196 -0.001230494 0.999998689 0.001063285 -0.194505617 -0.001083194 -0.001064618 0.999998868 6.442787647
0.999999642 0.000415400 0.000761727 0.115747415 -0.000416114 0.999999464 0.000937085 -0.206440181 -0.000761337 -0.000937402 0.999999285 6.713136196
0.999999225 0.000854085 0.000888646 0.117779769 -0.000854861 0.999999225 0.000872859 -0.210418135 -0.000887900 -0.000873618 0.999999225 7.015992165
0.999999404 0.000775707 0.000741407 0.125073716 -0.000776113 0.999999464 0.000546986 -0.216406241 -0.000740982 -0.000547561 0.999999583 7.319350719
0.999999285 0.000560528 0.001051321 0.133029550 -0.000561044 0.999999702 0.000490770 -0.225337252 -0.001051045 -0.000491359 0.999999344 7.625183105
0.999999046 0.000841761 0.001072572 0.145452172 -0.000843015 0.999998927 0.001168764 -0.242443725 -0.001071587 -0.001169667 0.999998689 7.919142246
0.999999464 0.000627325 0.000784675 0.158151031 -0.000628505 0.999998629 0.001504840 -0.258035958 -0.000783730 -0.001505332 0.999998569 8.235490799
0.999998987 0.001111554 0.000922814 0.164560705 -0.001112504 0.999998868 0.001030025 -0.263381928 -0.000921668 -0.001031050 0.999999046 8.569837570
0.999998510 0.000953117 0.001505170 0.161518514 -0.000954473 0.999999225 0.000900350 -0.266551465 -0.001504310 -0.000901785 0.999998510 8.916054726
0.999998629 0.001034183 0.001306940 0.171990737 -0.001035722 0.999998808 0.001177933 -0.282690644 -0.001305720 -0.001179285 0.999998391 9.240931511
0.999999106 0.000713366 0.001115411 0.182532847 -0.000715427 0.999997973 0.001847812 -0.301617503 -0.001114090 -0.001848608 0.999997616 9.567300797
0.999999523 0.000311309 0.000888828 0.196753755 -0.000313261 0.999997556 0.002196672 -0.314091831 -0.000888142 -0.002196949 0.999997139 9.909944534
0.999999464 0.000575620 0.000872296 0.203012362 -0.000577295 0.999998033 0.001920600 -0.321144283 -0.000871189 -0.001921103 0.999997735 10.273355484
0.999999166 0.000699698 0.001075151 0.198013365 -0.000701693 0.999997973 0.001855815 -0.333191067 -0.001073851 -0.001856568 0.999997675 10.645732880
0.999999166 0.000459205 0.001218032 0.204080552 -0.000461244 0.999998450 0.001674014 -0.338618934 -0.001217262 -0.001674574 0.999997854 11.017804146
0.999998987 0.000577418 0.001321084 0.212352589 -0.000579687 0.999998331 0.001717355 -0.350660205 -0.001320090 -0.001718119 0.999997675 11.394142151
0.999999344 0.000183053 0.001093718 0.228955120 -0.000185383 0.999997735 0.002130532 -0.362923145 -0.001093325 -0.002130734 0.999997079 11.765758514
0.999999285 0.000473146 0.001082557 0.238479435 -0.000475592 0.999997318 0.002260445 -0.375761986 -0.001081485 -0.002260959 0.999996841 12.149518967
0.999998569 0.001092218 0.001264383 0.244259596 -0.001094415 0.999997854 0.001737826 -0.381431371 -0.001262482 -0.001739207 0.999997675 12.539757729
0.999998868 0.000846311 0.001275702 0.252698541 -0.000848521 0.999998152 0.001733112 -0.390711278 -0.001274233 -0.001734192 0.999997675 12.938373566
0.999998271 0.001147842 0.001442818 0.256899238 -0.001150422 0.999997735 0.001788727 -0.401245385 -0.001440761 -0.001790383 0.999997377 13.340578079
0.999997556 0.000895133 0.002002224 0.265552521 -0.000898929 0.999997854 0.001895651 -0.411392897 -0.002000523 -0.001897447 0.999996185 13.760772705
0.999997139 0.001080947 0.002140890 0.268708050 -0.001084511 0.999997973 0.001664262 -0.418932647 -0.002139087 -0.001666579 0.999996245 14.167103767
0.999997079 0.001019993 0.002204377 0.280662894 -0.001023629 0.999998033 0.001648747 -0.429562151 -0.002202692 -0.001650999 0.999996185 14.590265274
0.999997675 0.000671403 0.002065946 0.293337137 -0.000675822 0.999997497 0.002139007 -0.444610745 -0.002064504 -0.002140398 0.999995530 15.018213272
0.999996841 0.001075378 0.002234179 0.303038687 -0.001079477 0.999997735 0.001834505 -0.455842793 -0.002232200 -0.001836911 0.999995828 15.437579155
0.999995649 0.000928871 0.002791793 0.311181128 -0.000934147 0.999997795 0.001889075 -0.468633413 -0.002790032 -0.001891674 0.999994338 15.874291420
0.999995530 0.000787933 0.002890959 0.321322173 -0.000794036 0.999997437 0.002110298 -0.481082290 -0.002889289 -0.002112584 0.999993622 16.317998886
0.999994159 0.001017962 0.003257569 0.329512417 -0.001024138 0.999997675 0.001894845 -0.490834236 -0.003255633 -0.001898170 0.999992907 16.772438049
0.999993384 0.001050036 0.003479630 0.340276629 -0.001057156 0.999997318 0.002044878 -0.505481005 -0.003477473 -0.002048543 0.999991834 17.223442078
0.999992430 0.001104871 0.003733264 0.347898334 -0.001113379 0.999996781 0.002277753 -0.515140355 -0.003730735 -0.002281893 0.999990404 17.689632416
0.999989927 0.001296767 0.004292240 0.357027978 -0.001305380 0.999997079 0.002004254 -0.523981690 -0.004289629 -0.002009837 0.999988735 18.159326553
0.999991417 0.000776293 0.004069054 0.376345187 -0.000784954 0.999997377 0.002127348 -0.536738813 -0.004067393 -0.002130524 0.999989450 18.623725891
0.999990404 0.001166218 0.004238851 0.386457384 -0.001175198 0.999997079 0.002116748 -0.549223602 -0.004236370 -0.002121709 0.999988794 19.097185135
0.999989212 0.000863522 0.004569259 0.397627175 -0.000871909 0.999997914 0.001833886 -0.559304774 -0.004567666 -0.001837851 0.999987900 19.587263107
0.999990046 0.000441994 0.004441285 0.409807563 -0.000450532 0.999997973 0.001921576 -0.569962263 -0.004440427 -0.001923558 0.999988317 20.072397232
0.999988317 0.001673819 0.004529173 0.422529668 -0.001683585 0.999996185 0.002153220 -0.583449960 -0.004525552 -0.002160820 0.999987423 20.561391830
0.999991000 0.000915570 0.004139831 0.432224154 -0.000922931 0.999997973 0.001776557 -0.593882143 -0.004138196 -0.001780362 0.999989867 21.059560776
0.999993086 0.000445533 0.003693036 0.439974815 -0.000451778 0.999998450 0.001690372 -0.601818800 -0.003692277 -0.001692029 0.999991775 21.569660187
0.999993086 0.000085856 0.003724677 0.442642629 -0.000092930 0.999998152 0.001899045 -0.616939604 -0.003724508 -0.001899378 0.999991238 22.077257156
0.999995887 0.001135929 0.002602830 0.467134774 -0.001141033 0.999997437 0.001960310 -0.633120716 -0.002600596 -0.001963272 0.999994695 22.586154938
0.999998093 0.001235091 0.001511257 0.481826484 -0.001238408 0.999996841 0.002195516 -0.652110815 -0.001508540 -0.002197384 0.999996483 23.094539642
0.999997735 0.001341821 0.001614176 0.489595652 -0.001344492 0.999997735 0.001654756 -0.667715907 -0.001611951 -0.001656922 0.999997318 23.620763779
0.999999344 0.000102469 0.001159954 0.494058132 -0.000104230 0.999998868 0.001518199 -0.683945239 -0.001159797 -0.001518319 0.999998152 24.147418976
0.999999464 0.000625345 0.000862117 0.501123011 -0.000627485 0.999996722 0.002484358 -0.698445380 -0.000860561 -0.002484898 0.999996543 24.687145233
0.999999046 0.001387737 -0.000129084 0.514199197 -0.001387465 0.999996781 0.002087645 -0.712478936 0.000131980 -0.002087463 0.999997795 25.226202011
0.999998868 0.001445051 -0.000428451 0.523703575 -0.001444054 0.999996245 0.002318604 -0.724008262 0.000431800 -0.002317983 0.999997199 25.776710510
0.999998868 0.000761768 -0.001312469 0.538914502 -0.000758250 0.999996126 0.002678548 -0.745526552 0.001314504 -0.002677550 0.999995530 26.326189041
0.999998689 0.001003221 -0.001235329 0.538733423 -0.000999511 0.999994993 0.003000143 -0.761078000 0.001238333 -0.002998905 0.999994755 26.863336563
0.999998748 0.000552130 -0.001487804 0.551046133 -0.000547226 0.999994397 0.003294477 -0.781443715 0.001489614 -0.003293658 0.999993503 27.406147003
0.999996543 0.001726921 -0.002002585 0.561370373 -0.001720685 0.999993682 0.003111551 -0.798309743 0.002007946 -0.003108094 0.999993205 27.958971024
0.999996483 0.001829121 -0.001933937 0.558834791 -0.001822969 0.999993205 0.003178443 -0.806892931 0.001939737 -0.003174906 0.999993086 28.530099869
0.999995291 0.001895738 -0.002414624 0.567543030 -0.001888639 0.999993861 0.002938678 -0.821140826 0.002420180 -0.002934103 0.999992788 29.067316055
0.999994934 0.001591920 -0.002758426 0.580091596 -0.001582136 0.999992490 0.003545753 -0.839752972 0.002764050 -0.003541371 0.999989927 29.619844437
0.999993861 0.001866991 -0.002959795 0.584156096 -0.001856657 0.999992311 0.003490341 -0.850600243 0.002966288 -0.003484825 0.999989510 30.167114258
0.999993324 0.001803738 -0.003185733 0.597558618 -0.001792602 0.999992311 0.003495232 -0.867774606 0.003192013 -0.003489498 0.999988735 30.706401825
0.999991596 0.002077403 -0.003534109 0.605365634 -0.002065016 0.999991715 0.003504985 -0.882451952 0.003541362 -0.003497657 0.999987602 31.270034790
0.999990284 0.002125559 -0.003867065 0.614793062 -0.002111945 0.999991536 0.003521257 -0.893340409 0.003874519 -0.003513056 0.999986291 31.827007294
0.999988377 0.001854161 -0.004461374 0.630911291 -0.001836298 0.999990344 0.004004597 -0.913845062 0.004468756 -0.003996358 0.999982059 32.365295410
0.999988556 0.002296409 -0.004194773 0.632643163 -0.002280588 0.999990284 0.003772465 -0.923047245 0.004203395 -0.003762855 0.999984086 32.928279877
0.999984384 0.002576583 -0.004966884 0.643937349 -0.002561162 0.999991834 0.003108662 -0.936094701 0.004974854 -0.003095892 0.999982834 33.463554382
0.999987185 0.002314456 -0.004507980 0.646010637 -0.002297947 0.999990642 0.003663890 -0.949535608 0.004516418 -0.003653484 0.999983132 34.037357330
0.999987185 0.002184469 -0.004577120 0.649286807 -0.002166988 0.999990284 0.003820804 -0.965990365 0.004585423 -0.003810836 0.999982238 34.583404541
0.999986053 0.002340750 -0.004730273 0.658929288 -0.002323256 0.999990463 0.003700452 -0.978120267 0.004738889 -0.003689410 0.999981880 35.128597260
0.999986827 0.002148508 -0.004651854 0.664005518 -0.002131118 0.999990821 0.003740006 -0.992652178 0.004659846 -0.003730043 0.999982119 35.676738739
0.999984741 0.003086095 -0.004582803 0.674194574 -0.003068280 0.999987781 0.003889510 -1.013352275 0.004594751 -0.003875389 0.999981880 36.220954895
0.999982417 0.002654419 -0.005290897 0.684596181 -0.002636343 0.999990702 0.003420598 -1.016487241 0.005299927 -0.003406589 0.999980152 36.793811798
0.999982357 0.002826185 -0.005214895 0.692752242 -0.002808200 0.999990106 0.003452886 -1.028760195 0.005224601 -0.003438181 0.999980450 37.341880798
0.999980271 0.002504610 -0.005781716 0.700134754 -0.002483962 0.999990463 0.003575755 -1.050550938 0.005790618 -0.003561322 0.999976873 37.908149719
0.999982119 0.001860186 -0.005684328 0.705512464 -0.001841421 0.999992847 0.003304563 -1.061293244 0.005690434 -0.003294037 0.999978423 38.459461212
0.999979794 0.002437168 -0.005876892 0.713735044 -0.002416435 0.999990821 0.003532550 -1.074146628 0.005885447 -0.003518277 0.999976456 39.012836456
0.999977767 0.002641732 -0.006117626 0.717858493 -0.002616798 0.999988377 0.004080152 -1.098696470 0.006128334 -0.004064054 0.999972880 39.555473328
0.999977648 0.002677953 -0.006121906 0.732523322 -0.002651645 0.999987245 0.004301467 -1.115584135 0.006133348 -0.004285139 0.999971926 40.094898224
0.999974370 0.002887482 -0.006553821 0.742469668 -0.002857973 0.999985754 0.004507471 -1.133291245 0.006566743 -0.004488625 0.999968350 40.658321381
0.999975562 0.002797364 -0.006403834 0.745497048 -0.002770122 0.999987006 0.004259048 -1.144525528 0.006415665 -0.004241204 0.999970376 41.226284027
0.999974608 0.003147492 -0.006395947 0.755308747 -0.003120132 0.999985874 0.004283188 -1.154369116 0.006409338 -0.004263123 0.999970376 41.778621674
0.999971151 0.002866865 -0.007036896 0.778041363 -0.002836651 0.999986708 0.004299891 -1.170367122 0.007049130 -0.004279806 0.999966025 42.326328278
0.999970317 0.003301144 -0.006981197 0.772011757 -0.003270747 0.999985158 0.004361241 -1.180770516 0.006995491 -0.004338278 0.999966145 42.893901825
0.999968290 0.002936833 -0.007409273 0.786060452 -0.002902515 0.999985099 0.004638248 -1.196694970 0.007422784 -0.004616595 0.999961853 43.428112030
0.999967456 0.003521347 -0.007262720 0.792114139 -0.003490774 0.999985039 0.004217998 -1.206622601 0.007277464 -0.004192508 0.999964774 43.990825653
0.999971092 0.003122410 -0.006934290 0.786027074 -0.003093025 0.999986231 0.004244398 -1.218011022 0.006947448 -0.004222827 0.999966979 44.546024323
0.999973118 0.003156861 -0.006628884 0.792873859 -0.003132669 0.999988496 0.003656741 -1.223911524 0.006640352 -0.003635876 0.999971390 45.100032806
0.999969125 0.003742962 -0.006901139 0.803452611 -0.003714287 0.999984562 0.004163221 -1.237099409 0.006916614 -0.004137460 0.999967575 45.630882263
0.999970913 0.003349341 -0.006852427 0.808217168 -0.003316832 0.999983191 0.004750014 -1.264073610 0.006868221 -0.004727148 0.999965250 46.199851990
0.999970078 0.002668830 -0.007260381 0.820054889 -0.002638906 0.999988019 0.004128037 -1.275485873 0.007271311 -0.004108755 0.999965131 46.743221283
0.999967933 0.002993603 -0.007431208 0.832328320 -0.002959721 0.999985218 0.004566321 -1.291711688 0.007444768 -0.004544180 0.999961972 47.273849487
0.999970555 0.002556306 -0.007228522 0.826298892 -0.002527970 0.999989212 0.003926303 -1.291433454 0.007238480 -0.003907915 0.999966085 47.847023010
0.999967694 0.002933144 -0.007485836 0.831118703 -0.002904980 0.999988735 0.003770440 -1.302437305 0.007496811 -0.003748572 0.999964833 48.399917603
0.999965489 0.002007300 -0.008073119 0.852016807 -0.001974527 0.999989688 0.004065574 -1.317367554 0.008081199 -0.004049493 0.999959111 48.945144653
0.999973118 0.002738166 -0.006789011 0.834524393 -0.002709915 0.999987662 0.004167066 -1.329648495 0.006800337 -0.004148557 0.999968290 49.498241425
0.999969900 0.003057562 -0.007119500 0.850028634 -0.003028749 0.999987185 0.004054327 -1.342953682 0.007131805 -0.004032641 0.999966443 50.043796539
0.999969482 0.002814979 -0.007291658 0.859388590 -0.002782871 0.999986410 0.004409832 -1.361324072 0.007303973 -0.004389405 0.999963701 50.588088989
0.999974787 0.002495751 -0.006651130 0.851738930 -0.002469437 0.999989033 0.003961730 -1.370244026 0.006660944 -0.003945206 0.999969959 51.140377045
0.999972343 0.002894069 -0.006844522 0.862954855 -0.002862750 0.999985397 0.004581125 -1.387869239 0.006857680 -0.004561404 0.999966085 51.694225311
0.999966025 0.002952891 -0.007692700 0.882013440 -0.002915912 0.999984145 0.004813876 -1.404171348 0.007706793 -0.004791281 0.999958813 52.237178802
0.999970555 0.002494367 -0.007256004 0.882520437 -0.002466937 0.999989808 0.003786929 -1.411502361 0.007265376 -0.003768917 0.999966502 52.785057068
0.999973536 0.002422397 -0.006853156 0.884163857 -0.002395244 0.999989212 0.003967679 -1.424547195 0.006862693 -0.003951159 0.999968708 53.324119568
0.999970376 0.002522094 -0.007267694 0.892863631 -0.002494082 0.999989450 0.003860871 -1.437054873 0.007277354 -0.003842630 0.999966145 53.869678497
0.999972522 0.002229619 -0.007068462 0.903839827 -0.002204438 0.999991238 0.003568244 -1.448611736 0.007076357 -0.003552564 0.999968648 54.417022705
0.999972761 0.002732691 -0.006857815 0.903881192 -0.002706995 0.999989271 0.003753310 -1.460853457 0.006867999 -0.003734644 0.999969423 54.972930908
0.999974012 0.003162734 -0.006488822 0.901940346 -0.003140538 0.999989092 0.003427990 -1.473827124 0.006499593 -0.003407522 0.999973118 55.524051666
0.999971151 0.002997175 -0.006981316 0.917815208 -0.002970918 0.999988437 0.003768392 -1.489680886 0.006992530 -0.003747542 0.999968529 56.064819336
0.999971271 0.002652566 -0.007095444 0.919465780 -0.002628684 0.999990821 0.003373123 -1.495883703 0.007104327 -0.003354374 0.999969065 56.619991302
0.999973238 0.002997870 -0.006674557 0.931964517 -0.002973536 0.999988914 0.003652690 -1.513827324 0.006685433 -0.003632745 0.999970973 57.166000366
0.999970496 0.002742046 -0.007179467 0.952162206 -0.002716111 0.999989748 0.003619617 -1.528456330 0.007189318 -0.003600011 0.999967694 57.696857452
0.999965429 0.002607646 -0.007900193 0.958898067 -0.002578858 0.999989986 0.003651988 -1.543871522 0.007909637 -0.003631488 0.999962151 58.249530792
0.999971271 0.002782031 -0.007048166 0.967420220 -0.002756911 0.999989808 0.003571212 -1.556079626 0.007058030 -0.003551678 0.999968827 58.785121918
0.999971628 0.003062064 -0.006880987 0.961652219 -0.003040381 0.999990404 0.003159305 -1.561709166 0.006890594 -0.003138295 0.999971271 59.333740234
0.999969959 0.002666718 -0.007274675 0.975884497 -0.002645292 0.999992192 0.002953260 -1.578192472 0.007282493 -0.002933928 0.999969125 59.875011444
0.999973238 0.002903627 -0.006714459 0.976652801 -0.002885034 0.999992073 0.002777100 -1.586161137 0.006722468 -0.002757654 0.999973595 60.432044983
0.999967039 0.003235445 -0.007449368 0.994126081 -0.003212903 0.999990225 0.003036046 -1.602879643 0.007459119 -0.003012012 0.999967635 60.962379456
0.999966919 0.004185355 -0.006978266 1.001597524 -0.004161160 0.999985278 0.003478134 -1.623362899 0.006992720 -0.003448981 0.999969602 61.515159607
0.999966979 0.003316854 -0.007444532 1.011425495 -0.003294721 0.999990165 0.002983366 -1.628715396 0.007454355 -0.002958739 0.999967813 62.061725616
0.999962628 0.003153686 -0.008042233 1.025503397 -0.003131730 0.999991357 0.002741162 -1.640208721 0.008050807 -0.002715874 0.999963880 62.591396332
0.999966443 0.003381045 -0.007457410 1.029124260 -0.003356275 0.999988854 0.003331541 -1.660950422 0.007468589 -0.003306400 0.999966681 63.137149811
0.999965787 0.003771291 -0.007363938 1.028710842 -0.003742650 0.999985397 0.003899280 -1.678666353 0.007378535 -0.003871586 0.999965310 63.682201385
0.999964237 0.003744680 -0.007584741 1.036334276 -0.003722436 0.999988735 0.002944728 -1.679788470 0.007595682 -0.002916389 0.999966860 64.232337952
0.999965608 0.003378419 -0.007566174 1.039283633 -0.003357605 0.999990582 0.002761953 -1.692919135 0.007575433 -0.002736454 0.999967515 64.780319214
0.999964058 0.003875628 -0.007535370 1.046205401 -0.003850466 0.999986947 0.003350807 -1.703460455 0.007548258 -0.003321672 0.999966025 65.314819336
0.999965727 0.003309301 -0.007586077 1.047776937 -0.003288275 0.999990702 0.002782525 -1.712842345 0.007595215 -0.002757484 0.999967396 65.853019714
0.999962509 0.003364940 -0.007977773 1.070374727 -0.003345713 0.999991596 0.002422142 -1.723379135 0.007985855 -0.002395360 0.999965250 66.408966064
0.999960721 0.003505450 -0.008144402 1.074560165 -0.003487661 0.999991536 0.002197337 -1.731879234 0.008152036 -0.002168846 0.999964416 66.963218689
0.999959052 0.003717623 -0.008247213 1.087230921 -0.003697263 0.999990106 0.002482657 -1.752601624 0.008256362 -0.002452064 0.999962866 67.510238647
0.999960423 0.003494289 -0.008181443 1.093510389 -0.003475812 0.999991357 0.002271537 -1.765371084 0.008189309 -0.002243010 0.999963939 68.056709290
0.999959230 0.003959556 -0.008111326 1.101325035 -0.003938570 0.999988854 0.002601651 -1.784472823 0.008121540 -0.002569598 0.999963701 68.592430115
0.999958396 0.004304453 -0.008032344 1.109416246 -0.004284729 0.999987721 0.002471080 -1.799913049 0.008042883 -0.002436561 0.999964654 69.135795593
0.999957740 0.004064051 -0.008246627 1.113387346 -0.004042235 0.999988317 0.002660417 -1.813123703 0.008257343 -0.002626970 0.999962449 69.689727783
0.999955654 0.004052221 -0.008506726 1.126349449 -0.004031275 0.999988794 0.002477920 -1.825484276 0.008516673 -0.002443517 0.999960721 70.233558655
0.999963760 0.004337291 -0.007322829 1.120650291 -0.004317620 0.999987006 0.002699931 -1.843313217 0.007334447 -0.002668216 0.999969542 70.792373657
0.999959588 0.003697676 -0.008186884 1.127798557 -0.003683161 0.999991596 0.001787478 -1.841170788 0.008193424 -0.001757252 0.999964893 71.346694946
0.999959111 0.003538797 -0.008319651 1.144140005 -0.003524973 0.999992371 0.001675777 -1.856699944 0.008325517 -0.001646382 0.999963999 71.893669128
0.999964118 0.003770070 -0.007576809 1.141752481 -0.003761644 0.999992251 0.001126164 -1.863071799 0.007580996 -0.001097623 0.999970675 72.445297241
0.999956787 0.004783693 -0.007961713 1.146417618 -0.004764128 0.999985576 0.002474480 -1.896131635 0.007973433 -0.002436443 0.999965250 72.978187561
0.999960601 0.004061818 -0.007887406 1.156673193 -0.004041835 0.999988616 0.002547735 -1.913526535 0.007897663 -0.002515755 0.999965668 73.520332336
0.999958932 0.004141406 -0.008056744 1.159806967 -0.004120907 0.999988258 0.002559134 -1.928375363 0.008067247 -0.002525828 0.999964297 74.080474854
0.999959528 0.004121079 -0.007997573 1.162841082 -0.004101484 0.999988496 0.002465079 -1.938435316 0.008007641 -0.002432177 0.999964952 74.606132507
0.999959588 0.004168089 -0.007968649 1.171791673 -0.004146405 0.999987602 0.002735748 -1.953266859 0.007979954 -0.002702596 0.999964535 75.144599915
0.999958575 0.004423895 -0.007959190 1.176101446 -0.004398731 0.999985218 0.003176427 -1.972910523 0.007973125 -0.003141285 0.999963284 75.684394836
0.999960303 0.003914312 -0.007994208 1.185636640 -0.003891396 0.999988258 0.002880078 -1.985191941 0.008005387 -0.002848855 0.999963880 76.242156982
0.999955297 0.004671741 -0.008213173 1.191974163 -0.004646688 0.999984503 0.003066813 -1.999006391 0.008227372 -0.003028512 0.999961615 76.789024353
0.999960840 0.003876140 -0.007951476 1.192977428 -0.003854070 0.999988675 0.002789093 -2.013791561 0.007962198 -0.002758338 0.999964476 77.337760925
0.999964416 0.003711890 -0.007575696 1.195391178 -0.003692614 0.999989986 0.002556908 -2.020602465 0.007585112 -0.002528843 0.999968052 77.898574829
0.999961913 0.003241399 -0.008099530 1.215612054 -0.003216343 0.999989927 0.003104638 -2.043911457 0.008109512 -0.003078469 0.999962330 78.438285828
0.999959111 0.004088995 -0.008069046 1.220665693 -0.004068918 0.999988616 0.002503068 -2.052858591 0.008079189 -0.002470134 0.999964297 78.987670898
0.999961376 0.003653133 -0.007995481 1.231677651 -0.003633391 0.999990404 0.002482239 -2.065310001 0.008004472 -0.002453092 0.999964952 79.539413452
0.999965966 0.003633362 -0.007414998 1.227796078 -0.003619016 0.999991536 0.001947205 -2.074838400 0.007422010 -0.001920304 0.999970555 80.088699341
0.999958217 0.004327157 -0.008054323 1.236053944 -0.004307029 0.999987543 0.002514715 -2.095851421 0.008065105 -0.002479919 0.999964356 80.627113342
0.999964356 0.004499204 -0.007135153 1.247641325 -0.004479747 0.999986231 0.002740400 -2.110518932 0.007147385 -0.002708339 0.999970794 81.176399231
0.999968290 0.004965138 -0.006225660 1.254795313 -0.004949251 0.999984562 0.002564737 -2.122877598 0.006238297 -0.002533844 0.999977350 81.721099854
0.999977112 0.004677524 -0.004891420 1.265982747 -0.004664719 0.999985695 0.002625938 -2.138678074 0.004903633 -0.002603060 0.999984562 82.263465881
0.999982417 0.004823240 -0.003452549 1.273455739 -0.004813981 0.999984741 0.002684823 -2.152217865 0.003465446 -0.002668155 0.999990463 82.805603027
0.999989927 0.004485228 -0.000347247 1.289856195 -0.004484282 0.999986291 0.002676518 -2.166122675 0.000359247 -0.002674934 0.999996424 83.354133606
0.999988616 0.003550826 0.003183733 1.309906006 -0.003558937 0.999990344 0.002545907 -2.178486824 -0.003174662 -0.002557209 0.999991775 83.898376465
0.999962270 0.004947295 0.007136610 1.313899279 -0.004964257 0.999984920 0.002361004 -2.192821264 -0.007124822 -0.002396343 0.999971688 84.454086304
0.999918044 0.005224319 0.011692762 1.338901639 -0.005257099 0.999982417 0.002774542 -2.213562012 -0.011678062 -0.002835785 0.999927759 85.002609253
0.999824762 0.005567094 0.017867301 1.363781571 -0.005614998 0.999980748 0.002632049 -2.223575354 -0.017852305 -0.002731913 0.999836862 85.558029175
0.999723434 0.004860190 0.023008678 1.388896942 -0.004919974 0.999984682 0.002542422 -2.236863375 -0.022995969 -0.002654921 0.999732018 86.100372314
0.999591947 0.004106477 0.028269369 1.428092360 -0.004178965 0.999988198 0.002505568 -2.252641201 -0.028258750 -0.002622682 0.999597132 86.639442444
0.999296010 0.004828033 0.037205201 1.448899508 -0.004929934 0.999984324 0.002647645 -2.265681744 -0.037191831 -0.002829201 0.999304056 87.192230225
0.998951733 0.005115723 0.045490343 1.493154287 -0.005261971 0.999981344 0.003095750 -2.282809258 -0.045473658 -0.003331874 0.998959899 87.745780945
0.998611927 0.004454360 0.052481718 1.532698393 -0.004615520 0.999985099 0.002949992 -2.294833660 -0.052467793 -0.003188128 0.998617530 88.286872864
0.998117387 0.003431136 0.061236147 1.590909481 -0.003582381 0.999990880 0.002360253 -2.302576780 -0.061227489 -0.002575180 0.998120546 88.827369690
0.997437298 0.003804423 0.071444407 1.650471210 -0.003985414 0.999989152 0.002390940 -2.316120148 -0.071434557 -0.002669548 0.997441709 89.364570618
0.996780574 0.003909056 0.080082849 1.703027248 -0.004105602 0.999988914 0.002289766 -2.331623554 -0.080073014 -0.002611182 0.996785581 89.945121765
0.996102631 0.003383713 0.088137105 1.769913197 -0.003573946 0.999991596 0.002000656 -2.341778517 -0.088129587 -0.002307856 0.996106386 90.498191833
0.995071650 0.003464261 0.099097528 1.837247372 -0.003695777 0.999990880 0.002152767 -2.359285831 -0.099089168 -0.002508399 0.995075405 91.033454895
0.993919313 0.004134489 0.110032983 1.907614708 -0.004416039 0.999987602 0.002315210 -2.374062061 -0.110022038 -0.002787041 0.993925214 91.572303772
0.992906451 0.003049993 0.118859202 2.002966881 -0.003335786 0.999992013 0.002205590 -2.385675907 -0.118851528 -0.002586433 0.992908657 92.137390137
0.991506219 0.002606543 0.130033910 2.090195656 -0.002911871 0.999993443 0.002157989 -2.393368959 -0.130027458 -0.002518301 0.991507292 92.672172546
0.989870667 0.002703751 0.141946182 2.196249008 -0.003039319 0.999993086 0.002147293 -2.413096428 -0.141939402 -0.002556962 0.989871979 93.236122131
0.988269448 0.003272529 0.152685419 2.297838211 -0.003688676 0.999990225 0.002442329 -2.430480719 -0.152675927 -0.002976886 0.988271773 93.782836914
0.986621976 0.002341156 0.163007900 2.412270546 -0.002767410 0.999993324 0.002387907 -2.446885586 -0.163001209 -0.002807071 0.986621976 94.318656921
0.984406531 0.002249410 0.175894022 2.522493362 -0.002624891 0.999994814 0.001902064 -2.449929953 -0.175888807 -0.002334107 0.984407246 94.862373352
0.982237458 0.000923182 0.187640056 2.660275459 -0.001291612 0.999997556 0.001841240 -2.467211485 -0.187637895 -0.002050893 0.982236147 95.371444702
0.979976416 0.001735029 0.199105829 2.776937485 -0.002240743 0.999994814 0.002314628 -2.487930536 -0.199100748 -0.002714426 0.979975283 95.946815491
0.977229714 0.001574431 0.212178528 2.917751312 -0.002106081 0.999995172 0.002279691 -2.503691912 -0.212173894 -0.002674647 0.977228343 96.477577209
0.974249840 0.000993443 0.225468889 3.065755844 -0.001544935 0.999996185 0.002269555 -2.512361050 -0.225465789 -0.002559448 0.974247694 97.007934570
0.971693575 0.001080498 0.236242160 3.214790344 -0.001771467 0.999994755 0.002712604 -2.531384230 -0.236237988 -0.003054315 0.971690357 97.541381836
0.968672097 0.000702826 0.248342395 3.374725342 -0.001455152 0.999994874 0.002845838 -2.552814722 -0.248339131 -0.003118060 0.968668103 98.062339783
0.965212941 0.000521375 0.261464566 3.545913696 -0.001267574 0.999995589 0.002685283 -2.563636780 -0.261462003 -0.002923296 0.965209246 98.578773499
0.961442113 0.000868389 0.275006086 3.703758240 -0.001568804 0.999996066 0.002326963 -2.568964243 -0.275002927 -0.002668671 0.961439669 99.125717163
0.958350658 0.000173206 0.285594165 3.883165359 -0.000965491 0.999996126 0.002633366 -2.585172415 -0.285592616 -0.002799427 0.958346963 99.631355286
0.954192042 -0.000589468 0.299194604 4.071863174 -0.000226802 0.999996364 0.002693492 -2.597145557 -0.299195141 -0.002637966 0.954188228 100.148384094
0.949591815 -0.000403866 0.313488692 4.254909515 -0.000379863 0.999996960 0.002438937 -2.606655359 -0.313488722 -0.002435077 0.949588776 100.697303772
0.945942283 -0.000930314 0.324333578 4.457206726 0.000291337 0.999997914 0.002018674 -2.613528490 -0.324334800 -0.001815059 0.945940554 101.212425232
0.941232264 -0.000837676 0.337759137 4.653844833 0.000315412 0.999998748 0.001601137 -2.629930019 -0.337760031 -0.001400509 0.941231132 101.720314026
0.936113179 -0.001280737 0.351696640 4.884914398 0.000558492 0.999997497 0.002155044 -2.650320530 -0.351698518 -0.001820945 0.936111569 102.250427246
0.931329489 -0.001632499 0.364174157 5.103839874 0.000704512 0.999996066 0.002681023 -2.666311264 -0.364177138 -0.002240350 0.931327045 102.757034302
0.926943004 -0.002411495 0.375194669 5.330400467 0.001641013 0.999995828 0.002373060 -2.676215410 -0.375198781 -0.001583992 0.926943004 103.255493164
0.920630395 -0.002677803 0.390425980 5.552822113 0.001955547 0.999995589 0.002247429 -2.686142683 -0.390430242 -0.001305555 0.920631588 103.756324768
0.914903402 -0.002909187 0.403662384 5.791728973 0.002109089 0.999994874 0.002426679 -2.696354151 -0.403667361 -0.001368818 0.914904773 104.254234314
0.909935594 -0.003440585 0.414735228 6.037281036 0.002622010 0.999993384 0.002543074 -2.716184616 -0.414741218 -0.001226594 0.909938633 104.712608337
0.903857946 -0.004240756 0.427811801 6.299942017 0.003523558 0.999990702 0.002468190 -2.737066746 -0.427818358 -0.000723474 0.903864503 105.205017090
0.897056699 -0.004095336 0.441896439 6.532108307 0.003360923 0.999991298 0.002444832 -2.734374046 -0.441902637 -0.000707974 0.897062719 105.706336975
0.891281009 -0.004864417 0.453425139 6.802936554 0.004168445 0.999988139 0.002534271 -2.752548456 -0.453432053 -0.000368670 0.891290724 106.177017212
0.885571659 -0.005309545 0.464472443 7.067668915 0.004418816 0.999985695 0.003006188 -2.770644426 -0.464481860 -0.000609776 0.885582447 106.644927979
0.878514051 -0.005695979 0.477682531 7.350288391 0.004901700 0.999983788 0.002909200 -2.785017490 -0.477691352 -0.000214317 0.878527761 107.113571167
