1.000000000 0.000000000 0.000000000 0.000000000 0.000000000 1.000000000 0.000000000 0.000000000 0.000000000 0.000000000 1.000000000 0.000000000
1.000000000 0.000026921 -0.000057713 0.000200372 -0.000026926 1.000000000 -0.000076265 0.000319537 0.000057711 0.000076266 1.000000000 -0.000785346
1.000000000 0.000086254 -0.000044253 0.000654755 -0.000086253 1.000000000 0.000015002 -0.000279559 0.000044254 -0.000014998 1.000000000 -0.001415038
1.000000000 -0.000027034 -0.000069121 0.000793031 0.000027038 1.000000000 0.000051168 -0.000351297 0.000069119 -0.000051170 1.000000000 -0.002693755
1.000000000 -0.000024725 -0.000018504 0.000234969 0.000024723 1.000000000 -0.000105217 0.000860569 0.000018506 0.000105217 1.000000000 0.000849283
1.000000000 0.000035348 -0.000048806 0.001297791 -0.000035352 1.000000000 -0.000078880 0.000496445 0.000048803 0.000078881 1.000000000 0.000069641
1.000000000 0.000013802 -0.000017000 0.000840115 -0.000013803 1.000000000 -0.000097152 0.000358035 0.000016999 0.000097152 1.000000000 -0.000887917
1.000000000 -0.000154626 -0.000001230 0.001091069 0.000154626 1.000000000 -0.000066676 0.000259343 0.000001240 0.000066676 1.000000000 -0.001011500
1.000000000 -0.000197685 -0.000012313 0.000991444 0.000197683 0.999999940 -0.000164681 0.001992653 0.000012345 0.000164678 1.000000000 0.002104732
1.000000000 -0.000034136 -0.000110620 0.001963770 0.000034135 1.000000000 -0.000016346 0.000381922 0.000110620 0.000016343 1.000000000 0.000403945
1.000000000 -0.000142557 -0.000098126 0.002175469 0.000142540 1.000000000 -0.000173910 0.001570971 0.000098151 0.000173896 1.000000000 0.000158207
1.000000000 -0.000154030 -0.000025979 0.000134324 0.000154029 1.000000000 -0.000043080 0.000460288 0.000025985 0.000043076 1.000000000 0.000692827
0.999999940 -0.000246442 -0.000163653 0.002181701 0.000246456 0.999999940 0.000090389 -0.000351731 0.000163630 -0.000090430 1.000000000 -0.000267501
1.000000000 -0.000185171 -0.000138271 0.001833214 0.000185187 1.000000000 0.000118090 -0.000679385 0.000138249 -0.000118115 1.000000000 -0.000605509
1.000000000 -0.000199346 -0.000071603 0.000179877 0.000199351 1.000000000 0.000064931 -0.000337452 0.000071591 -0.000064945 1.000000000 0.000048741
1.000000000 0.000146996 0.000119888 0.000134144 -0.000147001 1.000000000 0.000036858 0.000579461 -0.000119883 -0.000036875 1.000000000 0.001610944
1.000000000 0.000020656 -0.000086071 0.000701511 -0.000020658 1.000000000 -0.000026410 0.001002368 0.000086070 0.000026412 1.000000000 0.001501383
1.000000000 -0.000006766 -0.000034161 0.000560466 0.000006764 1.000000000 -0.000058436 0.000674836 0.000034161 0.000058435 1.000000000 0.000587313
1.000000000 -0.000037713 0.000117416 -0.000172714 0.000037716 1.000000000 -0.000027401 0.000274313 -0.000117415 0.000027405 1.000000000 0.000510939
1.000000000 0.000033738 0.000140031 -0.000551646 -0.000033717 1.000000000 -0.000153105 0.001501385 -0.000140036 0.000153101 1.000000000 0.001499900
1.000000000 -0.000169071 -0.000084529 0.000855246 0.000169073 1.000000000 0.000024419 0.000440391 0.000084525 -0.000024433 1.000000000 0.001455843
0.999999940 -0.000315114 0.000033863 0.001830014 0.000315111 0.999999940 0.000082176 -0.000730856 -0.000033889 -0.000082166 1.000000000 -0.000206740
1.000000000 0.000007337 0.000181325 -0.000614086 -0.000007347 1.000000000 0.000051862 0.000546683 -0.000181325 -0.000051863 1.000000000 -0.000204793
1.000000000 0.000089071 0.000084761 0.000036935 -0.000089077 1.000000000 0.000075850 0.000255569 -0.000084754 -0.000075858 1.000000000 -0.000201797
1.000000000 0.000061443 0.000017882 0.000683226 -0.000061442 1.000000000 -0.000039327 0.001055488 -0.000017884 0.000039326 1.000000000 -0.000768227
1.000000000 -0.000059285 -0.000102234 0.000713153 0.000059267 1.000000000 -0.000175120 0.001417928 0.000102244 0.000175114 1.000000000 -0.000153975
1.000000000 0.000087293 0.000039830 -0.000920208 -0.000087289 1.000000000 -0.000123133 0.001389906 -0.000039841 0.000123130 1.000000000 0.001326264
1.000000000 -0.000034435 0.000036322 -0.000836122 0.000034435 1.000000000 -0.000005940 0.002002530 -0.000036322 0.000005941 1.000000000 0.002753878
1.000000000 0.000186981 0.000116188 -0.000409299 -0.000186979 1.000000000 -0.000015172 0.001308160 -0.000116191 0.000015150 1.000000000 0.001091224
1.000000000 0.000060788 0.000125044 0.000110462 -0.000060790 1.000000000 0.000016940 -0.000091895 -0.000125043 -0.000016948 1.000000000 -0.001831238
1.000000000 0.000099704 0.000142543 -0.000251314 -0.000099714 1.000000000 0.000071218 -0.000239955 -0.000142535 -0.000071233 1.000000000 -0.000763568
1.000000000 -0.000068327 0.000104972 0.000601792 0.000068332 1.000000000 -0.000042613 0.000550660 -0.000104969 0.000042620 1.000000000 -0.000073100
1.000000000 -0.000073603 0.000064313 0.000321551 0.000073603 1.000000000 0.000009173 0.000726421 -0.000064314 -0.000009168 1.000000000 0.001032905
1.000000000 0.000080606 0.000069739 0.000837769 -0.000080609 1.000000000 0.000033626 0.000205454 -0.000069736 -0.000033632 1.000000000 -0.000718573
1.000000000 0.000176871 0.000020500 0.000493611 -0.000176869 1.000000000 -0.000091488 0.001463977 -0.000020516 0.000091484 1.000000000 -0.000870541
1.000000000 -0.000147736 0.000039012 -0.000558203 0.000147742 1.000000000 -0.000162542 0.002748912 -0.000038988 0.000162548 1.000000000 0.003442524
1.000000000 -0.000037445 0.000004013 0.000301706 0.000037445 1.000000000 0.000028206 0.000956794 -0.000004014 -0.000028206 1.000000000 0.000959847
1.000000000 -0.000180097 0.000000280 0.000874973 0.000180097 1.000000000 0.000036271 0.000766779 -0.000000287 -0.000036270 1.000000000 0.000278202
1.000000000 -0.000006012 0.000243264 -0.000648957 0.000006012 1.000000000 0.000001196 0.000593793 -0.000243264 -0.000001195 1.000000000 0.002099486
0.999999881 -0.000424808 0.000075672 0.001972013 0.000424855 0.999999702 -0.000619319 -0.002734925 -0.000075409 0.000619351 0.999999821 0.050131865
1.000000000 -0.000064950 0.000176209 0.001112329 0.000065159 0.999999285 -0.001186604 -0.006002962 -0.000176132 0.001186616 0.999999285 0.132643655
0.999999940 0.000248540 -0.000100516 0.005396777 -0.000248683 0.999998927 -0.001428954 -0.006630900 0.000100161 0.001428979 0.999998987 0.251176268
1.000000000 0.000208496 0.000051915 0.006204306 -0.000208436 0.999999344 -0.001145189 -0.014083192 -0.000052154 0.001145178 0.999999344 0.379770637
1.000000000 0.000072751 0.000085378 0.008305893 -0.000072658 0.999999404 -0.001093664 -0.015907770 -0.000085458 0.001093657 0.999999404 0.525281847
1.000000000 0.000216672 -0.000054108 0.015574437 -0.000216746 0.999999046 -0.001367716 -0.017940056 0.000053812 0.001367728 0.999999046 0.674801946
0.999999940 0.000096346 0.000249654 0.017764321 -0.000096050 0.999999285 -0.001185648 -0.021677768 -0.000249768 0.001185624 0.999999285 0.836601317
0.999999940 0.000081896 0.000313525 0.015710598 -0.000081598 0.999999523 -0.000951372 -0.026223421 -0.000313603 0.000951346 0.999999523 1.013664246
0.999999940 -0.000037727 0.000248216 0.021342009 0.000037870 0.999999821 -0.000578589 -0.034853093 -0.000248194 0.000578598 0.999999821 1.184077024
0.999999523 0.000704963 0.000653397 0.016932780 -0.000704441 0.999999404 -0.000797963 -0.037383474 -0.000653959 0.000797503 0.999999464 1.367190957
1.000000000 0.000022839 0.000118702 0.034588993 -0.000022819 1.000000000 -0.000167141 -0.054552712 -0.000118706 0.000167138 1.000000000 1.556572795
0.999999762 0.000462672 0.000504893 0.031806991 -0.000462402 0.999999762 -0.000533718 -0.049335081 -0.000505140 0.000533484 0.999999702 1.763735056
0.999999940 0.000192999 -0.000330007 0.043428380 -0.000193166 0.999999881 -0.000506437 -0.052803669 0.000329909 0.000506500 0.999999821 1.960854411
0.999999702 0.000277747 0.000755101 0.029423106 -0.000277487 0.999999881 -0.000344963 -0.060492277 -0.000755196 0.000344753 0.999999642 2.159950495
0.999998569 0.001664630 -0.000325828 0.055113763 -0.001664365 0.999998212 0.000811144 -0.091126733 0.000327177 -0.000810601 0.999999642 2.350225449
0.999998331 0.001476406 -0.001050650 0.069404781 -0.001475565 0.999998510 0.000800296 -0.097574309 0.001051831 -0.000798744 0.999999166 2.566451788
0.999998510 0.001707948 -0.000300754 0.066916451 -0.001707670 0.999998093 0.000922039 -0.105293594 0.000302328 -0.000921524 0.999999523 2.795218468
0.999998212 0.001771456 -0.000612681 0.074673109 -0.001770762 0.999997795 0.001131500 -0.112628169 0.000614684 -0.001130413 0.999999166 3.030114651
0.999998748 0.001533234 -0.000479447 0.076282427 -0.001532862 0.999998510 0.000775846 -0.114855230 0.000480636 -0.000775111 0.999999523 3.269356012
0.999998569 0.001645903 -0.000241584 0.078115843 -0.001645665 0.999998152 0.000981712 -0.121942803 0.000243199 -0.000981313 0.999999464 3.495835543
0.999999166 0.001255773 -0.000362240 0.083735257 -0.001255498 0.999998987 0.000756863 -0.124458894 0.000363190 -0.000756408 0.999999642 3.756740570
0.999998868 0.001463632 -0.000279510 0.089839675 -0.001463432 0.999998689 0.000716376 -0.131577834 0.000280558 -0.000715966 0.999999702 4.014438629
0.999998748 0.001567013 -0.000312211 0.093850449 -0.001566686 0.999998212 0.001043980 -0.140184984 0.000313846 -0.001043490 0.999999404 4.268211365
0.999999106 0.001227851 -0.000457002 0.108562022 -0.001227301 0.999998450 0.001202600 -0.150594771 0.000458478 -0.001202038 0.999999166 4.511810303
0.999998629 0.001634779 -0.000354624 0.114337765 -0.001634345 0.999997914 0.001219062 -0.155779809 0.000356616 -0.001218480 0.999999166 4.769159794
0.999999404 0.000947203 -0.000614924 0.124168284 -0.000946283 0.999998450 0.001494256 -0.165808097 0.000616338 -0.001493674 0.999998689 5.033105850
0.999998868 0.001400952 -0.000417553 0.123113520 -0.001400414 0.999998093 0.001287358 -0.170921281 0.000419356 -0.001286772 0.999999106 5.293149948
0.999998093 0.001960348 -0.000084147 0.123272225 -0.001960220 0.999996901 0.001501983 -0.186326161 0.000087091 -0.001501815 0.999998808 5.572588444
0.999997973 0.002030162 -0.000060107 0.126554430 -0.002030059 0.999996543 0.001666415 -0.194582015 0.000063490 -0.001666289 0.999998569 5.839422703
0.999998450 0.001777765 -0.000147737 0.136400297 -0.001777484 0.999996603 0.001885184 -0.204325989 0.000151088 -0.001884918 0.999998152 6.115724087
0.999997199 0.002388568 -0.000172882 0.136747420 -0.002388268 0.999995708 0.001712662 -0.209178075 0.000176972 -0.001712244 0.999998510 6.398494244
0.999998450 0.001764880 -0.000143717 0.146052614 -0.001764642 0.999997079 0.001635490 -0.222609431 0.000146603 -0.001635233 0.999998629 6.686332703
0.999998152 0.001945579 -0.000151072 0.150674537 -0.001945353 0.999997020 0.001478865 -0.227776259 0.000153948 -0.001478568 0.999998868 6.986701965
0.999997497 0.002224943 -0.000174527 0.158459634 -0.002224670 0.999996245 0.001545441 -0.235599339 0.000177965 -0.001545049 0.999998748 7.284993649
0.999998152 0.001949300 0.000172223 0.161242902 -0.001949489 0.999997556 0.001102872 -0.240118936 -0.000170073 -0.001103206 0.999999344 7.596033573
0.999997437 0.002230336 0.000445454 0.159275785 -0.002231183 0.999995708 0.001910876 -0.260717690 -0.000441190 -0.001911864 0.999998093 7.893642426
0.999996364 0.002645272 0.000639469 0.165400416 -0.002646539 0.999994516 0.001989257 -0.267059118 -0.000634204 -0.001990942 0.999997795 8.215252876
0.999995172 0.002943311 0.000976362 0.166474998 -0.002945027 0.999994159 0.001761241 -0.275859118 -0.000971172 -0.001764108 0.999997973 8.546246529
0.999995232 0.002806716 0.001306289 0.165642023 -0.002808885 0.999994695 0.001661489 -0.280584544 -0.001301619 -0.001665150 0.999997854 8.895607948
0.999997735 0.002081995 0.000485024 0.184401989 -0.002082917 0.999996006 0.001908253 -0.297830880 -0.000481049 -0.001909259 0.999998033 9.214980125
0.999998093 0.001918270 0.000544836 0.194537997 -0.001919688 0.999994695 0.002614059 -0.309523761 -0.000539818 -0.002615100 0.999996424 9.553879738
0.999997914 0.001974738 0.000588107 0.196595550 -0.001975984 0.999995828 0.002125608 -0.316331238 -0.000583907 -0.002126766 0.999997497 9.896966934
0.999997199 0.002307814 0.000561182 0.204103395 -0.002309066 0.999994934 0.002240937 -0.331872851 -0.000556008 -0.002242226 0.999997318 10.264501572
0.999996543 0.002448405 0.001064162 0.207296714 -0.002450767 0.999994695 0.002224078 -0.342264205 -0.001058711 -0.002226679 0.999996960 10.617753983
0.999997675 0.001975221 0.000852867 0.218172997 -0.001977364 0.999994814 0.002519707 -0.353069365 -0.000847885 -0.002521387 0.999996483 10.983903885
0.999996603 0.002388027 0.000959003 0.221013516 -0.002390677 0.999993324 0.002772853 -0.369913220 -0.000952375 -0.002775136 0.999995708 11.362507820
0.999997437 0.002091710 0.000861408 0.230665848 -0.002094174 0.999993742 0.002869079 -0.378650546 -0.000855401 -0.002870875 0.999995530 11.741770744
0.999996603 0.002310718 0.001183285 0.235015839 -0.002314014 0.999993443 0.002791906 -0.393752813 -0.001176826 -0.002794635 0.999995351 12.123030663
0.999997199 0.001970239 0.001263651 0.245913461 -0.001973880 0.999993861 0.002886403 -0.404344022 -0.001257956 -0.002888890 0.999994993 12.511912346
0.999996543 0.002197284 0.001419164 0.252285957 -0.002201960 0.999992073 0.003301723 -0.416725665 -0.001411898 -0.003304837 0.999993563 12.899459839
0.999995828 0.002566596 0.001265532 0.262146384 -0.002570442 0.999992073 0.003046437 -0.424641758 -0.001257703 -0.003049678 0.999994516 13.309582710
0.999996006 0.002255605 0.001673427 0.271431416 -0.002261066 0.999992132 0.003268862 -0.433857948 -0.001666040 -0.003272633 0.999993265 13.720165253
0.999996066 0.002246790 0.001732434 0.276923358 -0.002252209 0.999992549 0.003132152 -0.443485171 -0.001725384 -0.003136042 0.999993622 14.132392883
0.999996185 0.001940701 0.001990314 0.290942430 -0.001947104 0.999992907 0.003220433 -0.456907272 -0.001984050 -0.003224295 0.999992907 14.549096107
0.999995589 0.002197551 0.001963770 0.299620122 -0.002203968 0.999992251 0.003271394 -0.467772603 -0.001956565 -0.003275708 0.999992788 14.977031708
0.999995768 0.002199542 0.001896632 0.312636077 -0.002206007 0.999991715 0.003413033 -0.480361313 -0.001889109 -0.003417203 0.999992311 15.404276848
0.999994278 0.002368452 0.002413881 0.319309413 -0.002375818 0.999992490 0.003053259 -0.488846391 -0.002406631 -0.003058976 0.999992430 15.847081184
0.999993324 0.002426754 0.002728785 0.327927649 -0.002435813 0.999991536 0.003321466 -0.498645842 -0.002720702 -0.003328091 0.999990702 16.297313690
0.999991357 0.002809523 0.003048894 0.335788429 -0.002818511 0.999991596 0.002947660 -0.507579029 -0.003040588 -0.002956228 0.999991000 16.746631622
0.999990046 0.002906200 0.003362100 0.345417351 -0.002917635 0.999989986 0.003401229 -0.524647415 -0.003352182 -0.003411005 0.999988556 17.202924728
0.999989152 0.002913593 0.003614703 0.355779111 -0.002925929 0.999989867 0.003412122 -0.534966469 -0.003604725 -0.003422661 0.999987662 17.665527344
0.999986529 0.003027857 0.004186554 0.365906060 -0.003040479 0.999990821 0.003011911 -0.543820024 -0.004177395 -0.003024600 0.999986708 18.124691010
0.999991000 0.002258740 0.003595602 0.388157070 -0.002269983 0.999992490 0.003125542 -0.550272346 -0.003588514 -0.003133675 0.999988735 18.599475861
0.999987066 0.002793196 0.004250121 0.392201364 -0.002807826 0.999990165 0.003440150 -0.571277916 -0.004240469 -0.003452039 0.999985039 19.063362122
0.999984086 0.003088780 0.004723411 0.403435528 -0.003103920 0.999990106 0.003201289 -0.578817904 -0.004713476 -0.003215899 0.999983728 19.549190521
0.999988914 0.002260345 0.004143826 0.420803785 -0.002275096 0.999991059 0.003558589 -0.593505681 -0.004135745 -0.003567976 0.999985099 20.019208908
0.999987185 0.002721646 0.004249426 0.423030198 -0.002736456 0.999990284 0.003483491 -0.607564688 -0.004239902 -0.003495075 0.999984920 20.519809723
0.999987841 0.002683637 0.004123194 0.433402151 -0.002697397 0.999990821 0.003335369 -0.616757095 -0.004114205 -0.003346451 0.999985993 21.015661240
0.999991119 0.002108379 0.003646114 0.445344150 -0.002119512 0.999993086 0.003052122 -0.620233655 -0.003639654 -0.003059823 0.999988735 21.524543762
0.999991894 0.002356873 0.003256956 0.450839669 -0.002370218 0.999988794 0.004099606 -0.654023290 -0.003247257 -0.004107292 0.999986291 22.028480530
0.999993742 0.002350936 0.002659447 0.466386318 -0.002362199 0.999988198 0.004239786 -0.663211584 -0.002649448 -0.004246042 0.999987423 22.539463043
0.999991715 0.003254601 0.002414563 0.467784286 -0.003263854 0.999987245 0.003837705 -0.677140594 -0.002402042 -0.003845555 0.999989688 23.062017441
0.999993861 0.003055211 0.001670633 0.476935536 -0.003060549 0.999990165 0.003202283 -0.688311756 -0.001660833 -0.003207377 0.999993503 23.586084366
0.999996722 0.002225776 0.001242490 0.488459915 -0.002229902 0.999991953 0.003329284 -0.704542875 -0.001235070 -0.003332044 0.999993682 24.109460831
0.999994755 0.003093467 0.000985158 0.496859878 -0.003097585 0.999986351 0.004206060 -0.719667077 -0.000972133 -0.004209090 0.999990642 24.644941330
0.999993742 0.003541220 -0.000165945 0.513260543 -0.003540470 0.999984384 0.004322666 -0.738284647 0.000181250 -0.004322051 0.999990642 25.179355621
0.999994040 0.003418227 -0.000492567 0.520944893 -0.003416098 0.999985099 0.004260080 -0.748462081 0.000507122 -0.004258372 0.999990821 25.729387283
0.999995112 0.002986400 -0.000947718 0.534215868 -0.002982004 0.999984980 0.004606588 -0.766617894 0.000961460 -0.004603739 0.999988914 26.281669617
0.999994457 0.002961881 -0.001540431 0.542574465 -0.002953883 0.999982238 0.005168756 -0.784578443 0.001555713 -0.005164176 0.999985397 26.818517685
0.999995232 0.002289250 -0.002044092 0.557846189 -0.002277740 0.999981582 0.005615833 -0.806657493 0.002056911 -0.005611151 0.999982059 27.357189178
0.999990702 0.003767697 -0.002110926 0.560780287 -0.003757802 0.999981999 0.004672147 -0.811763108 0.002128491 -0.004664171 0.999986827 27.922294617
0.999988139 0.004483248 -0.001887612 0.555347800 -0.004472933 0.999975204 0.005433570 -0.828225434 0.001911926 -0.005425062 0.999983430 28.454513550
0.999989033 0.004115898 -0.002277693 0.566025019 -0.004103332 0.999976575 0.005494574 -0.840636849 0.002300255 -0.005485168 0.999982297 28.996889114
0.999987721 0.004050894 -0.002853566 0.582685471 -0.004034001 0.999974430 0.005901088 -0.861454129 0.002877398 -0.005889504 0.999978542 29.539911270
0.999986291 0.004192139 -0.003131130 0.586841583 -0.004173485 0.999973655 0.005940460 -0.872002482 0.003155951 -0.005927311 0.999977469 30.085428238
0.999984562 0.004396453 -0.003391657 0.596481860 -0.004376370 0.999972999 0.005905571 -0.885510385 0.003417529 -0.005890637 0.999976814 30.640522003
0.999984264 0.004130235 -0.003800318 0.610258996 -0.004107212 0.999973297 0.006046295 -0.899953902 0.003825190 -0.006030591 0.999974489 31.182439804
0.999981582 0.004567792 -0.004032453 0.616692483 -0.004543059 0.999970913 0.006121626 -0.911627650 0.004060299 -0.006103193 0.999973059 31.733375549
0.999982297 0.004181632 -0.004255213 0.624487340 -0.004156094 0.999973297 0.005993062 -0.923405528 0.004280161 -0.005975270 0.999972939 32.283336639
0.999981880 0.004341948 -0.004166791 0.629446387 -0.004316230 0.999971628 0.006161516 -0.934329808 0.004193426 -0.006143420 0.999972343 32.831089020
0.999976814 0.005421755 -0.004114399 0.633676529 -0.005396560 0.999966741 0.006110167 -0.949363351 0.004147390 -0.006087822 0.999972880 33.372123718
0.999979794 0.004816556 -0.004138042 0.640778780 -0.004791656 0.999970436 0.006006445 -0.955994964 0.004166850 -0.005986495 0.999973416 33.929958344
0.999980152 0.004270080 -0.004628770 0.650272071 -0.004240373 0.999970436 0.006408917 -0.973573089 0.004656000 -0.006389161 0.999968708 34.470420837
0.999978483 0.004650574 -0.004614471 0.657245815 -0.004622247 0.999970675 0.006130408 -0.982292831 0.004642845 -0.006108949 0.999970555 35.014476776
0.999980509 0.004482744 -0.004346151 0.661045790 -0.004456259 0.999971628 0.006084261 -0.993700325 0.004373301 -0.006064775 0.999972105 35.564819336
0.999978065 0.004561276 -0.004794887 0.674894094 -0.004530045 0.999968648 0.006504367 -1.013455272 0.004824405 -0.006482503 0.999967396 36.108432770
0.999975204 0.004779952 -0.005193692 0.685819268 -0.004749029 0.999971032 0.005950279 -1.018232346 0.005221984 -0.005925466 0.999968827 36.663757324
0.999975801 0.004567565 -0.005249703 0.694996536 -0.004537162 0.999972939 0.005788931 -1.028863430 0.005276003 -0.005764971 0.999969482 37.205669403
0.999973536 0.004829103 -0.005465907 0.701400757 -0.004796751 0.999970973 0.005916624 -1.044291139 0.005494321 -0.005890248 0.999967575 37.758762360
0.999975622 0.004404949 -0.005420651 0.709152818 -0.004376692 0.999976873 0.005213571 -1.051874518 0.005443490 -0.005189719 0.999971807 38.305007935
0.999972701 0.005134566 -0.005311686 0.717136383 -0.005102236 0.999968469 0.006082357 -1.070642233 0.005342749 -0.006055090 0.999967396 38.856945038
0.999974728 0.004553321 -0.005451076 0.717433035 -0.004518470 0.999969304 0.006389150 -1.088354588 0.005480001 -0.006364358 0.999964654 39.399360657
0.999974072 0.004802102 -0.005357869 0.728055894 -0.004766630 0.999966741 0.006613841 -1.101786852 0.005389451 -0.006588131 0.999963701 39.947532654
0.999971926 0.004452316 -0.006031768 0.747870803 -0.004413562 0.999969661 0.006423059 -1.119133472 0.006060183 -0.006396257 0.999961138 40.483558655
0.999967456 0.004920116 -0.006393599 0.769232988 -0.004876510 0.999964833 0.006818179 -1.134438276 0.006426921 -0.006786778 0.999956250 41.022052765
0.999971032 0.004639558 -0.006029179 0.750100613 -0.004601776 0.999969780 0.006265297 -1.132667422 0.006058066 -0.006237371 0.999962211 41.588600159
0.999968469 0.004939072 -0.006213952 0.760447264 -0.004900682 0.999968946 0.006177973 -1.148207188 0.006244272 -0.006147325 0.999961615 42.129512787
0.999967217 0.005147722 -0.006236935 0.774039090 -0.005108922 0.999967635 0.006220935 -1.157768965 0.006268756 -0.006188868 0.999961197 42.670120239
0.999965787 0.004874054 -0.006680776 0.790797472 -0.004827674 0.999964178 0.006940996 -1.176919937 0.006714368 -0.006908506 0.999953568 43.213336945
0.999969006 0.004983388 -0.006096648 0.767415643 -0.004941289 0.999963999 0.006901062 -1.186504483 0.006130819 -0.006870722 0.999957621 43.776565552
0.999970555 0.004070274 -0.006507172 0.778253257 -0.004021907 0.999964356 0.007428812 -1.203682184 0.006537176 -0.007402421 0.999951303 44.319370270
0.999969184 0.005274765 -0.005813266 0.774027109 -0.005228263 0.999954462 0.007985557 -1.217906594 0.005855124 -0.007954919 0.999951184 44.855789185
0.999962747 0.005926303 -0.006273090 0.794247389 -0.005880678 0.999956310 0.007266731 -1.220323920 0.006315882 -0.007229571 0.999953985 45.389476776
0.999966800 0.005163878 -0.006294664 0.804601789 -0.005119929 0.999962509 0.006978111 -1.233073354 0.006330463 -0.006945651 0.999955833 45.970615387
0.999968886 0.004562144 -0.006438054 0.815124929 -0.004519176 0.999967575 0.006672949 -1.248279333 0.006468289 -0.006643646 0.999957085 46.513339996
0.999968767 0.004841935 -0.006251039 0.820935726 -0.004799791 0.999965847 0.006739421 -1.255368114 0.006283456 -0.006709206 0.999957800 47.036140442
0.999967694 0.004902703 -0.006366116 0.819048345 -0.004859949 0.999965668 0.006714426 -1.259544611 0.006398817 -0.006683269 0.999957204 47.606731415
0.999965549 0.005838864 -0.005899883 0.821183264 -0.005798297 0.999959588 0.006869724 -1.274372935 0.005939757 -0.006835278 0.999958932 48.162841797
0.999969304 0.004182694 -0.006623169 0.840514302 -0.004140792 0.999971449 0.006327674 -1.276559830 0.006649448 -0.006300055 0.999958038 48.701683044
0.999968946 0.004982553 -0.006101822 0.830142379 -0.004941471 0.999965131 0.006729301 -1.290770173 0.006135139 -0.006698940 0.999958694 49.244834900
0.999969780 0.004987877 -0.005944563 0.840711594 -0.004949268 0.999966681 0.006492026 -1.300856709 0.005976745 -0.006462410 0.999961257 49.791206360
0.999969363 0.004922935 -0.006068659 0.853408933 -0.004878730 0.999961615 0.007277569 -1.320942283 0.006104253 -0.007247739 0.999955118 50.330032349
0.999969661 0.004789890 -0.006131819 0.852763772 -0.004751128 0.999968767 0.006320563 -1.324595094 0.006161903 -0.006291238 0.999961138 50.880432129
0.999970198 0.005378907 -0.005534912 0.856470346 -0.005341914 0.999963522 0.006676828 -1.335957050 0.005570624 -0.006647063 0.999962330 51.437622070
0.999967635 0.004514686 -0.006658755 0.874794483 -0.004472811 0.999970198 0.006290396 -1.348317146 0.006686955 -0.006260410 0.999958038 51.987564087
0.999966621 0.003949236 -0.007145455 0.891324878 -0.003910014 0.999977291 0.005494758 -1.356122851 0.007166992 -0.005466636 0.999959409 52.530406952
0.999969661 0.004626319 -0.006270797 0.888064981 -0.004583743 0.999966443 0.006786695 -1.377705455 0.006301985 -0.006757745 0.999957323 53.076087952
0.999969423 0.004543582 -0.006355547 0.894885540 -0.004501312 0.999967754 0.006649525 -1.390173793 0.006385555 -0.006620714 0.999957621 53.612289429
0.999966025 0.005314178 -0.006299508 0.913648605 -0.005266113 0.999957085 0.007622266 -1.418003798 0.006339745 -0.007588834 0.999951065 54.144256592
0.999969602 0.004860522 -0.006094476 0.906201541 -0.004820415 0.999966681 0.006578560 -1.410286665 0.006126249 -0.006548983 0.999959707 54.701370239
0.999971688 0.004888702 -0.005722733 0.905649662 -0.004852347 0.999968052 0.006349570 -1.421757340 0.005753592 -0.006321622 0.999963343 55.251422882
0.999967039 0.005169622 -0.006264878 0.922375917 -0.005127273 0.999963999 0.006757057 -1.437440395 0.006299584 -0.006724712 0.999957561 55.791530609
0.999966502 0.004896509 -0.006563078 0.927569687 -0.004852827 0.999966085 0.006655320 -1.445540905 0.006595443 -0.006623248 0.999956310 56.335262299
0.999968648 0.004757475 -0.006345741 0.941604018 -0.004711723 0.999962986 0.007205393 -1.465610266 0.006379785 -0.007175268 0.999953926 56.874092102
0.999965370 0.005107229 -0.006568585 0.953134537 -0.005063738 0.999965250 0.006620570 -1.469531536 0.006602170 -0.006587080 0.999956429 57.425685883
0.999966443 0.004899219 -0.006565270 0.959574163 -0.004857141 0.999967575 0.006409929 -1.484128714 0.006596461 -0.006377826 0.999957919 57.968105316
0.999968052 0.005121766 -0.006140338 0.965571880 -0.005081323 0.999965429 0.006583888 -1.494662046 0.006173848 -0.006552476 0.999959469 58.511024475
0.999966621 0.004986207 -0.006466098 0.966832161 -0.004948184 0.999970376 0.005883079 -1.494238019 0.006495241 -0.005850888 0.999961793 59.060440063
0.999968410 0.004639725 -0.006458143 0.977425575 -0.004604035 0.999974132 0.005530150 -1.507076025 0.006483634 -0.005500242 0.999963880 59.605121613
0.999967217 0.004866334 -0.006476805 0.979925513 -0.004825565 0.999968469 0.006295455 -1.521221995 0.006507237 -0.006263994 0.999959230 60.151039124
0.999966085 0.005092680 -0.006469809 0.984170794 -0.005055326 0.999970555 0.005776939 -1.527288914 0.006499038 -0.005744036 0.999962389 60.687942505
0.999966085 0.005653830 -0.005993883 0.991595864 -0.005617938 0.999966323 0.005988042 -1.543635488 0.006027536 -0.005954165 0.999964118 61.241840363
0.999964833 0.005002832 -0.006737651 1.005562425 -0.004961467 0.999968886 0.006142163 -1.556674242 0.006768169 -0.006108518 0.999958515 61.786128998
0.999964714 0.005219343 -0.006583396 1.018219233 -0.005180907 0.999969542 0.005842105 -1.570848942 0.006613688 -0.005807791 0.999961257 62.309669495
0.999963284 0.005666072 -0.006426951 1.014281273 -0.005629010 0.999967515 0.005770389 -1.580726862 0.006459438 -0.005734001 0.999962687 62.854648590
0.999964774 0.005920697 -0.005941375 1.013730645 -0.005885866 0.999965549 0.005862696 -1.587074995 0.005975881 -0.005827520 0.999965131 63.405513763
0.999962807 0.005947663 -0.006238287 1.023427486 -0.005912654 0.999966800 0.005615368 -1.606919169 0.006271478 -0.005578274 0.999964774 63.953086853
0.999959409 0.006138862 -0.006590640 1.037315011 -0.006099049 0.999963105 0.006043943 -1.622202396 0.006627500 -0.006003501 0.999960005 64.485809326
0.999956906 0.006298613 -0.006819796 1.050624609 -0.006256885 0.999961674 0.006122586 -1.634557366 0.006858098 -0.006079651 0.999958038 65.023353577
0.999957979 0.006187964 -0.006764733 1.061319113 -0.006149602 0.999964952 0.005677056 -1.640232801 0.006799626 -0.005635217 0.999960959 65.588096619
0.999958694 0.005956455 -0.006858052 1.068660975 -0.005913534 0.999962926 0.006261631 -1.661774039 0.006895094 -0.006220817 0.999956906 66.113899231
0.999962389 0.005295949 -0.006864755 1.073912621 -0.005260979 0.999973178 0.005102083 -1.662776113 0.006891591 -0.005065776 0.999963462 66.663963318
0.999959171 0.005584964 -0.007107183 1.089627147 -0.005543434 0.999967515 0.005849841 -1.683588862 0.007139623 -0.005810203 0.999957681 67.217803955
0.999957621 0.006406415 -0.006633406 1.086173296 -0.006361386 0.999956667 0.006787070 -1.702942610 0.006676601 -0.006744582 0.999954879 67.735328674
0.999954045 0.006832460 -0.006741104 1.099068999 -0.006783182 0.999950290 0.007305913 -1.721171141 0.006790686 -0.007259850 0.999950528 68.268028259
0.999954104 0.006943891 -0.006607720 1.102367878 -0.006900378 0.999954462 0.006585240 -1.728757620 0.006653146 -0.006539341 0.999956429 68.819946289
0.999956369 0.006672317 -0.006535501 1.099737525 -0.006630577 0.999957561 0.006387673 -1.735567331 0.006577846 -0.006344061 0.999958158 69.373886108
0.999958277 0.007042139 -0.005815741 1.101991773 -0.007004699 0.999954820 0.006433115 -1.743861914 0.005860781 -0.006392109 0.999962330 69.927871704
0.999958992 0.007038285 -0.005701528 1.106978059 -0.007002785 0.999956131 0.006222660 -1.758672595 0.005745076 -0.006182477 0.999964356 70.480102539
0.999956071 0.006558078 -0.006683606 1.127374053 -0.006515938 0.999958813 0.006307490 -1.768574119 0.006724696 -0.006263664 0.999957800 71.020927429
0.999953687 0.006573664 -0.007026378 1.141696572 -0.006529040 0.999958456 0.006355343 -1.782761335 0.007067864 -0.006309174 0.999955118 71.568771362
0.999957919 0.007008325 -0.005912067 1.141035080 -0.006971905 0.999956727 0.006158500 -1.791207433 0.005954972 -0.006117024 0.999963582 72.121315002
0.999956429 0.007028162 -0.006141639 1.138622761 -0.006986498 0.999952614 0.006779281 -1.813242912 0.006188995 -0.006736077 0.999958098 72.655799866
0.999960363 0.006287155 -0.006293385 1.152081728 -0.006244058 0.999957144 0.006844384 -1.828466654 0.006336147 -0.006804817 0.999956727 73.201622009
0.999962449 0.006049909 -0.006204738 1.153877020 -0.006004908 0.999955654 0.007246124 -1.844021320 0.006248303 -0.007208593 0.999954462 73.755233765
0.999960244 0.006695128 -0.005905634 1.154743433 -0.006653627 0.999953330 0.007019345 -1.852287769 0.005952355 -0.006979772 0.999957860 74.295524597
0.999959409 0.006480097 -0.006256132 1.170675874 -0.006434567 0.999952853 0.007270521 -1.866204023 0.006302951 -0.007229971 0.999953926 74.843261719
0.999955654 0.006936937 -0.006365767 1.174812794 -0.006887644 0.999946415 0.007732821 -1.881104112 0.006419067 -0.007688633 0.999949813 75.385223389
0.999960482 0.006376161 -0.006197877 1.187150955 -0.006331234 0.999953747 0.007241528 -1.893134594 0.006243764 -0.007202002 0.999954522 75.929794312
0.999955773 0.006675483 -0.006633963 1.196086049 -0.006629379 0.999953926 0.006947627 -1.902083874 0.006680035 -0.006903341 0.999953806 76.479515076
0.999962330 0.006371588 -0.005880285 1.196390033 -0.006328973 0.999953926 0.007237541 -1.917904496 0.005926127 -0.007200054 0.999956548 77.031738281
0.999959707 0.006409602 -0.006278961 1.205897927 -0.006364232 0.999953747 0.007219146 -1.927303553 0.006324942 -0.007178895 0.999954283 77.584861755
0.999960721 0.005944957 -0.006569029 1.218443155 -0.005897162 0.999956131 0.007271281 -1.940563321 0.006611969 -0.007232257 0.999952078 78.117950439
0.999961317 0.006267502 -0.006175357 1.219688654 -0.006222562 0.999954343 0.007269591 -1.951902151 0.006220636 -0.007230883 0.999954462 78.668151855
0.999959946 0.006231118 -0.006422777 1.236346722 -0.006183318 0.999953270 0.007435328 -1.964678168 0.006468807 -0.007395316 0.999951720 79.213615417
0.999965966 0.006324257 -0.005303111 1.230195999 -0.006286691 0.999955297 0.007070868 -1.971102118 0.005347591 -0.007037288 0.999960959 79.770347595
0.999961734 0.006564573 -0.005782958 1.242591977 -0.006524385 0.999954581 0.006941173 -1.984119177 0.005828262 -0.006903178 0.999959171 80.332672119
0.999965012 0.006878843 -0.004746058 1.254157066 -0.006845356 0.999951839 0.007036056 -1.995544553 0.004794229 -0.007003320 0.999963999 80.888565063
0.999968767 0.007081405 -0.003513853 1.259892464 -0.007056632 0.999950528 0.007013233 -2.006145000 0.003563342 -0.006988217 0.999969244 81.435119629
0.999971747 0.007087760 -0.002497559 1.268714070 -0.007070074 0.999950349 0.007020561 -2.020245075 0.002547195 -0.007002706 0.999972224 81.976692200
0.999974549 0.007063725 -0.000979723 1.279562473 -0.007056560 0.999949574 0.007134550 -2.029034376 0.001030070 -0.007127455 0.999974072 82.521087646
0.999971569 0.007244012 0.002086186 1.297766328 -0.007258212 0.999950051 0.006880990 -2.038764477 -0.002036236 -0.006895937 0.999974132 83.071662903
0.999957263 0.007133623 0.005902930 1.311655879 -0.007175255 0.999949336 0.007061653 -2.053215504 -0.005852257 -0.007103704 0.999957561 83.611694336
0.999922693 0.007833348 0.009653065 1.320884705 -0.007900131 0.999945045 0.006899628 -2.062027931 -0.009598487 -0.006975356 0.999929547 84.169654846
0.999879599 0.007431198 0.013623770 1.356920481 -0.007524818 0.999948323 0.006833378 -2.078199148 -0.013572289 -0.006935073 0.999883831 84.719741821
0.999792576 0.007343367 0.018995361 1.383493662 -0.007476564 0.999947906 0.006950646 -2.088976383 -0.018943332 -0.007091225 0.999795377 85.273017883
0.999658048 0.007024880 0.025188116 1.413217545 -0.007208266 0.999948144 0.007197243 -2.111743450 -0.025136245 -0.007376346 0.999656796 85.829307556
0.999504685 0.006536219 0.030784823 1.448838115 -0.006750393 0.999953687 0.006858347 -2.121047974 -0.030738572 -0.007062760 0.999502480 86.373359680
0.999220014 0.006921149 0.038876448 1.481285453 -0.007211117 0.999947190 0.007323408 -2.134718418 -0.038823709 -0.007598039 0.999217153 86.937789917
0.998870075 0.006612650 0.047059394 1.531244278 -0.006967240 0.999948621 0.007374926 -2.148185253 -0.047008205 -0.007694468 0.998864830 87.480796814
0.998503149 0.007103013 0.054231424 1.568454266 -0.007512018 0.999944746 0.007341715 -2.157321930 -0.054176293 -0.007738112 0.998501420 88.033805847
0.997993648 0.006587094 0.062970772 1.628219843 -0.007052631 0.999949336 0.007173485 -2.167285204 -0.062920332 -0.007603202 0.997989595 88.576156616
0.997291744 0.006938711 0.073219270 1.685158253 -0.007471608 0.999947488 0.007006704 -2.177682638 -0.073166817 -0.007534795 0.997291207 89.125991821
0.996633708 0.006470802 0.081727952 1.743382454 -0.007044601 0.999952495 0.006734451 -2.182269335 -0.081680492 -0.007287520 0.996631980 89.679656982
0.995917618 0.006541201 0.090029776 1.806723595 -0.007136664 0.999954700 0.006293743 -2.194413900 -0.089984529 -0.006910561 0.995919108 90.235351562
0.994918168 0.006333086 0.100488320 1.887543678 -0.007004413 0.999955475 0.006329225 -2.204382896 -0.100443766 -0.007000922 0.994918108 90.776969910
0.993739784 0.006756571 0.111515209 1.961927414 -0.007577135 0.999947190 0.006936150 -2.224504471 -0.111462466 -0.007737693 0.993738472 91.329757690
0.992725909 0.005870202 0.120253004 2.049567223 -0.006803854 0.999949813 0.007354944 -2.250761986 -0.120203800 -0.008119628 0.992715955 91.866210938
0.991208851 0.006200548 0.132160813 2.129733086 -0.007171908 0.999950707 0.006875088 -2.249063730 -0.132111654 -0.007762492 0.991204500 92.413574219
0.989576221 0.005729478 0.143895909 2.230678558 -0.006755683 0.999955118 0.006643983 -2.260908365 -0.143851399 -0.007546842 0.989570439 92.995819092
0.987969458 0.005540146 0.154549703 2.335840225 -0.006681717 0.999954104 0.006867959 -2.276047707 -0.154504612 -0.007817991 0.987961054 93.543449402
0.986308992 0.005173316 0.164826751 2.451375961 -0.006443254 0.999953508 0.007170944 -2.294627190 -0.164781988 -0.008134787 0.986296475 94.078575134
0.984071374 0.005089159 0.177701518 2.574403763 -0.006445361 0.999954283 0.007055470 -2.307496071 -0.177657500 -0.008088435 0.984059215 94.602844238
0.981712997 0.004723976 0.190308407 2.691911697 -0.006182735 0.999955833 0.007072223 -2.320346832 -0.190266594 -0.008119519 0.981698871 95.164314270
0.979685307 0.004506870 0.200490668 2.820669174 -0.005982932 0.999959290 0.006756944 -2.328145027 -0.200452030 -0.007819200 0.979672313 95.698143005
0.976881981 0.004822386 0.213725254 2.961351395 -0.006420833 0.999956369 0.006785443 -2.344547510 -0.213683218 -0.008000871 0.976870239 96.237220764
0.973826528 0.003848263 0.227259681 3.098882675 -0.005555047 0.999960959 0.006871173 -2.347790241 -0.227224395 -0.007953770 0.973809958 96.768241882
0.971155107 0.003771161 0.238418475 3.247465134 -0.005598379 0.999959886 0.006987232 -2.361511946 -0.238382638 -0.008120445 0.971137404 97.303764343
0.968237519 0.003565037 0.250006914 3.402959824 -0.005457516 0.999961436 0.006876896 -2.371726513 -0.249972776 -0.008022886 0.968219638 97.819221497
0.964345336 0.003385872 0.264625400 3.566274643 -0.005384112 0.999962211 0.006826251 -2.383030176 -0.264592260 -0.008007636 0.964327037 98.386871338
0.960768878 0.002952603 0.277334183 3.732429504 -0.004926338 0.999967277 0.006420292 -2.387184620 -0.277306139 -0.007534659 0.960752010 98.917739868
0.957625926 0.002341831 0.288005292 3.916620255 -0.004368945 0.999970019 0.006395903 -2.400039434 -0.287981689 -0.007383163 0.957607448 99.438476562
0.953491628 0.003174078 0.301402718 4.097040176 -0.005359015 0.999965012 0.006422665 -2.409929514 -0.301371753 -0.007739178 0.953475356 99.948570251
0.949125826 0.002382448 0.314888269 4.299779892 -0.004571600 0.999970257 0.006213779 -2.418876410 -0.314864069 -0.007337202 0.949108422 100.466194153
0.945008516 0.001947316 0.327039719 4.499090195 -0.004108734 0.999974072 0.005918316 -2.425493479 -0.327019691 -0.006936578 0.944992065 101.005012512
0.940473795 0.001470854 0.339862823 4.711454391 -0.003723264 0.999975264 0.005975397 -2.441865921 -0.339845628 -0.006885105 0.940456033 101.518806458
0.935174227 0.001922952 0.354182839 4.921932220 -0.004222391 0.999974787 0.005719555 -2.456202507 -0.354162872 -0.006844279 0.935158789 102.016387939
0.930574298 0.001536468 0.366099864 5.150707245 -0.004086795 0.999972463 0.006191318 -2.472493887 -0.366080284 -0.007257657 0.930554986 102.547111511
0.926027417 0.000877095 0.377455145 5.387752533 -0.003156705 0.999980330 0.005420823 -2.478528738 -0.377443016 -0.006211346 0.926012039 103.059814453
0.919860363 0.000925981 0.392244965 5.608268738 -0.003740845 0.999972463 0.006412064 -2.496622801 -0.392228216 -0.007365532 0.919838428 103.541046143
0.914193451 -0.000288369 0.405277878 5.851875305 -0.002384082 0.999978662 0.006089341 -2.504377842 -0.405270994 -0.006533051 0.914173305 104.028976440
0.909431517 -0.000252155 0.415853828 6.101692200 -0.002510995 0.999978244 0.006097642 -2.514173985 -0.415846318 -0.006589593 0.909411073 104.500976562
0.902624428 -0.000302229 0.430428863 6.353191376 -0.002379204 0.999980986 0.005691417 -2.524302483 -0.430422395 -0.006161291 0.902606547 105.054428101
0.896401346 -0.000732986 0.443242878 6.625125885 -0.002169554 0.999979496 0.006041298 -2.544738293 -0.443238199 -0.006377067 0.896381199 105.516738892
0.890510261 -0.001148124 0.454961747 6.899066925 -0.001513884 0.999983847 0.005486690 -2.546765089 -0.454960674 -0.005574713 0.890494049 106.020248413
0.884469390 -0.001644202 0.466595262 7.144111633 -0.001274584 0.999981523 0.005939842 -2.561717510 -0.466596425 -0.005848324 0.884451032 106.491668701
0.877177477 -0.001429445 0.480164081 7.431808472 -0.001406592 0.999983549 0.005546547 -2.568307877 -0.480164200 -0.005540702 0.877161205 106.977622986
0.870250106 -0.001945159 0.492606312 7.719501495 -0.001248363 0.999980211 0.006154020 -2.589657784 -0.492608577 -0.005970488 0.870230556 107.436256409
0.864311934 -0.002895496 0.502947628 7.998413086 -0.000120517 0.999982178 0.005964057 -2.596713066 -0.502955854 -0.005215420 0.864296317 107.892494202
