1.000000000 0.000000000 0.000000000 0.000000000 0.000000000 1.000000000 0.000000000 0.000000000 0.000000000 0.000000000 1.000000000 0.000000000
1.000000000 0.000162725 0.000124923 -0.003259495 -0.000162709 1.000000000 -0.000126538 0.002935326 -0.000124944 0.000126517 1.000000000 0.004470577
1.000000000 0.000113330 0.000048825 -0.000122099 -0.000113327 1.000000000 -0.000058921 0.001739094 -0.000048832 0.000058915 1.000000000 0.004471552
0.999999940 0.000281296 0.000094037 -0.000019329 -0.000281293 0.999999940 -0.000030155 0.001391480 -0.000094045 0.000030129 1.000000000 -0.001467728
1.000000000 0.000159512 0.000029629 0.001745796 -0.000159511 1.000000000 -0.000038297 0.001359309 -0.000029635 0.000038292 1.000000000 0.001269380
1.000000000 0.000049730 -0.000032283 0.000344812 -0.000049731 1.000000000 -0.000014784 0.000540557 0.000032282 0.000014786 1.000000000 0.000126839
1.000000000 0.000126589 0.000181157 -0.005631576 -0.000126566 1.000000000 -0.000126587 0.002440796 -0.000181173 0.000126564 1.000000000 0.002436636
1.000000000 0.000026525 0.000000678 -0.000060719 -0.000026525 1.000000000 0.000018088 0.000788436 -0.000000678 -0.000018088 1.000000000 -0.001228143
1.000000000 -0.000003996 0.000129837 -0.003915399 0.000004000 1.000000000 -0.000027851 0.001353772 -0.000129837 0.000027852 1.000000000 0.002162575
0.999999940 0.000192994 0.000215187 -0.004055931 -0.000192960 0.999999940 -0.000157305 0.001507330 -0.000215218 0.000157264 0.999999940 0.000187955
1.000000000 0.000191106 0.000079978 0.001290955 -0.000191108 1.000000000 0.000022558 0.001206190 -0.000079974 -0.000022573 1.000000000 -0.002805451
1.000000000 0.000063317 0.000086400 -0.000501746 -0.000063314 1.000000000 -0.000040266 0.000767243 -0.000086403 0.000040261 1.000000000 -0.004565621
1.000000000 0.000003448 0.000070909 -0.002947550 -0.000003447 1.000000000 -0.000015706 0.000572937 -0.000070909 0.000015706 1.000000000 -0.004818099
1.000000000 -0.000062394 0.000135520 -0.002277698 0.000062396 1.000000000 -0.000014977 -0.000365245 -0.000135519 0.000014985 1.000000000 0.000178497
1.000000000 0.000049610 0.000066213 0.000034469 -0.000049607 1.000000000 -0.000042921 0.000458671 -0.000066215 0.000042918 1.000000000 -0.002955631
1.000000000 -0.000191083 -0.000106036 0.002364237 0.000191077 1.000000000 -0.000053349 0.000498556 0.000106046 0.000053329 1.000000000 -0.005589628
1.000000000 -0.000031809 0.000067159 -0.002491612 0.000031813 1.000000000 -0.000063506 0.000370605 -0.000067157 0.000063508 1.000000000 -0.002429580
1.000000000 0.000018715 0.000210895 -0.004247749 -0.000018734 1.000000000 0.000092547 -0.002012223 -0.000210894 -0.000092551 1.000000000 -0.003485860
1.000000000 0.000031372 -0.000000948 0.000203370 -0.000031372 1.000000000 0.000042719 0.000736625 0.000000949 -0.000042719 1.000000000 -0.005795867
1.000000000 -0.000113823 0.000024972 -0.001085275 0.000113822 1.000000000 0.000031738 -0.001057200 -0.000024975 -0.000031736 1.000000000 -0.006967247
1.000000000 0.000017028 0.000063709 -0.000515006 -0.000017029 1.000000000 0.000006426 -0.000242653 -0.000063709 -0.000006427 1.000000000 -0.007053643
1.000000000 -0.000131124 0.000033814 -0.000000666 0.000131122 1.000000000 0.000061438 -0.001774163 -0.000033822 -0.000061433 1.000000000 -0.004635707
1.000000000 0.000092432 0.000114215 -0.002952041 -0.000092428 1.000000000 -0.000029760 0.000362074 -0.000114218 0.000029749 1.000000000 0.000305268
1.000000000 -0.000039259 -0.000045643 0.001568440 0.000039257 1.000000000 -0.000029116 -0.000140371 0.000045644 0.000029114 1.000000000 -0.001557362
1.000000000 -0.000041175 0.000063582 -0.002606948 0.000041171 1.000000000 0.000075691 0.000364610 -0.000063585 -0.000075688 1.000000000 -0.000693738
1.000000000 -0.000048240 -0.000078966 0.003917360 0.000048234 1.000000000 -0.000073539 0.001889538 0.000078970 0.000073535 1.000000000 -0.006888665
1.000000000 -0.000086584 0.000067141 -0.002677337 0.000086591 1.000000000 -0.000095786 0.002427594 -0.000067133 0.000095792 1.000000000 -0.000158418
0.999999940 0.000244852 0.000153301 -0.004312268 -0.000244834 0.999999940 -0.000114021 0.001979619 -0.000153329 0.000113984 1.000000000 -0.001043703
1.000000000 0.000015675 0.000099811 -0.002876229 -0.000015675 1.000000000 -0.000001258 0.001242991 -0.000099811 0.000001256 1.000000000 0.000062715
1.000000000 -0.000078646 0.000001528 -0.003446952 0.000078647 1.000000000 -0.000033578 0.002923451 -0.000001526 0.000033578 1.000000000 -0.001569401
1.000000000 0.000017510 0.000088460 -0.003666715 -0.000017506 1.000000000 -0.000037228 0.001343080 -0.000088460 0.000037226 1.000000000 -0.000251750
1.000000000 -0.000081049 0.000086814 -0.003292728 0.000081039 1.000000000 0.000118333 0.000414723 -0.000086824 -0.000118326 1.000000000 0.002436892
1.000000000 -0.000161496 0.000038821 -0.003524459 0.000161495 1.000000000 0.000017364 0.000193585 -0.000038823 -0.000017357 1.000000000 -0.004764799
1.000000000 -0.000104441 0.000001913 -0.001743778 0.000104441 1.000000000 0.000064558 0.000210360 -0.000001920 -0.000064558 1.000000000 -0.006470609
0.999999940 0.000246822 0.000170532 -0.004346797 -0.000246817 0.999999940 -0.000029593 0.001014675 -0.000170539 0.000029551 1.000000000 -0.001670598
1.000000000 0.000031132 0.000164464 -0.004063476 -0.000031128 1.000000000 -0.000019103 0.001311784 -0.000164465 0.000019098 1.000000000 -0.000002254
1.000000000 0.000049867 0.000078680 -0.005316421 -0.000049863 1.000000000 -0.000046534 0.002059068 -0.000078682 0.000046530 1.000000000 -0.000520341
1.000000000 0.000050763 0.000080804 -0.004073859 -0.000050753 1.000000000 -0.000121517 0.002791504 -0.000080810 0.000121513 1.000000000 -0.001284180
1.000000000 -0.000147150 0.000020992 -0.001863080 0.000147149 1.000000000 0.000069969 0.000695255 -0.000021003 -0.000069966 1.000000000 -0.001100207
1.000000000 -0.000106271 -0.000008113 -0.000143829 0.000106271 1.000000000 0.000102186 -0.000422338 0.000008102 -0.000102187 1.000000000 -0.006158952
1.000000000 -0.000232736 -0.000040870 -0.001778803 0.000232738 1.000000000 0.000042728 -0.001053399 0.000040860 -0.000042738 1.000000000 -0.002785955
1.000000000 0.000122781 0.000072146 0.002668363 -0.000122746 0.999999881 -0.000492524 -0.005410390 -0.000072207 0.000492515 0.999999881 0.050096370
1.000000000 0.000097574 0.000042020 0.002984646 -0.000097522 0.999999225 -0.001244470 -0.003359817 -0.000042141 0.001244466 0.999999225 0.148517936
1.000000000 0.000007653 -0.000070160 0.004873193 -0.000007759 0.999998868 -0.001507723 -0.010277898 0.000070149 0.001507723 0.999998868 0.261304408
1.000000000 -0.000030583 0.000073633 0.002492493 0.000030686 0.999999046 -0.001400589 -0.016103383 -0.000073590 0.001400591 0.999998987 0.391569525
1.000000000 0.000006015 -0.000097114 0.004893792 -0.000006124 0.999999344 -0.001122228 -0.020550035 0.000097107 0.001122229 0.999999344 0.533497691
0.999999940 -0.000169506 -0.000307335 0.018222574 0.000169192 0.999999464 -0.001021555 -0.028153857 0.000307508 0.001021503 0.999999404 0.689973652
0.999999821 -0.000518734 -0.000207442 0.022673514 0.000518614 0.999999702 -0.000577957 -0.032390352 0.000207742 0.000577850 0.999999821 0.850204945
0.999999881 -0.000244681 -0.000463570 0.029622130 0.000244417 0.999999821 -0.000568231 -0.038751341 0.000463709 0.000568118 0.999999702 1.036819100
1.000000000 -0.000062971 0.000043507 0.017403545 0.000062997 0.999999821 -0.000607133 -0.045025378 -0.000043468 0.000607136 0.999999821 1.210148692
0.999999762 -0.000605101 -0.000401051 0.039546210 0.000604930 0.999999702 -0.000427788 -0.050175149 0.000401310 0.000427545 0.999999821 1.420766115
0.999999404 -0.000660650 -0.000881311 0.045875799 0.000660633 0.999999762 -0.000019777 -0.061506782 0.000881324 0.000019195 0.999999583 1.606748581
0.999998271 -0.001307768 0.001321909 0.010022042 0.001307812 0.999999166 -0.000032295 -0.063959658 -0.001321866 0.000034024 0.999999046 1.738407135
0.999998093 -0.001421484 0.001381592 0.021548839 0.001421096 0.999998987 0.000282152 -0.074609399 -0.001381992 -0.000280188 0.999998987 1.938965082
0.999998033 -0.001262540 0.001510641 0.013900516 0.001262373 0.999999225 0.000111706 -0.081229851 -0.001510781 -0.000109799 0.999998808 2.148192167
0.999998033 -0.001227182 0.001547658 0.022763748 0.001226911 0.999999285 0.000175460 -0.087174967 -0.001547873 -0.000173561 0.999998748 2.367083073
0.999998629 -0.001042194 0.001282435 0.035993472 0.001041883 0.999999464 0.000243017 -0.089221500 -0.001282688 -0.000241680 0.999999166 2.603543997
0.999997735 -0.001241507 0.001716495 0.028843500 0.001241055 0.999999166 0.000264563 -0.100339189 -0.001716822 -0.000262432 0.999998510 2.806892157
0.999998033 -0.001286282 0.001506074 0.040293466 0.001285627 0.999999046 0.000435655 -0.108904161 -0.001506633 -0.000433718 0.999998748 3.047887802
0.999998212 -0.001006214 0.001610649 0.043675680 0.001005534 0.999999404 0.000423137 -0.117868878 -0.001611074 -0.000421517 0.999998569 3.290133715
0.999997556 -0.001575624 0.001539913 0.052521184 0.001574886 0.999998569 0.000480737 -0.122795664 -0.001540668 -0.000478311 0.999998629 3.558862209
0.999997616 -0.001380476 0.001680383 0.043812215 0.001379303 0.999998808 0.000698994 -0.138490975 -0.001681346 -0.000696674 0.999998331 3.751460791
0.999996424 -0.001893232 0.001871900 0.055634592 0.001891159 0.999997556 0.001108749 -0.145671368 -0.001873994 -0.001105205 0.999997675 4.036310196
0.999996781 -0.001341501 0.002155242 0.051376246 0.001339043 0.999998450 0.001141265 -0.147857994 -0.002156770 -0.001138375 0.999997020 4.276971817
0.999997139 -0.001165968 0.002093490 0.062628098 0.001164054 0.999998868 0.000915029 -0.154640079 -0.002094554 -0.000912589 0.999997437 4.540405273
0.999995947 -0.001714127 0.002297253 0.064918190 0.001711815 0.999998093 0.001008206 -0.161734000 -0.002298976 -0.001004269 0.999996841 4.809896469
0.999997199 -0.001152184 0.002080380 0.083602995 0.001150039 0.999998748 0.001032142 -0.167226553 -0.002081566 -0.001029746 0.999997318 5.070977688
0.999996901 -0.001273659 0.002116597 0.072448768 0.001270603 0.999998152 0.001444678 -0.186683267 -0.002118433 -0.001441985 0.999996722 5.305348873
0.999995887 -0.001882092 0.002174180 0.074258134 0.001878762 0.999997079 0.001532893 -0.201152742 -0.002177059 -0.001528802 0.999996483 5.561736107
0.999996305 -0.001355820 0.002339469 0.075744949 0.001352137 0.999997854 0.001574858 -0.203854069 -0.002341599 -0.001571688 0.999996066 5.829730988
0.999995768 -0.001555214 0.002443054 0.089651667 0.001552362 0.999998152 0.001168875 -0.211109623 -0.002444867 -0.001165077 0.999996364 6.116681099
0.999995589 -0.001092059 0.002755579 0.088589117 0.001087647 0.999998093 0.001602150 -0.224295422 -0.002757324 -0.001599145 0.999994874 6.380113125
0.999994814 -0.001142511 0.003021531 0.086533725 0.001137967 0.999998271 0.001505013 -0.228326485 -0.003023246 -0.001501567 0.999994278 6.684050083
0.999994576 -0.001720469 0.002772323 0.094983339 0.001716335 0.999997497 0.001492758 -0.235408098 -0.002774884 -0.001487992 0.999995053 6.985089779
0.999995351 -0.001874708 0.002418058 0.113577589 0.001870676 0.999996901 0.001668752 -0.245866999 -0.002421179 -0.001664221 0.999995708 7.277252674
0.999995172 -0.001726461 0.002584923 0.122167878 0.001722650 0.999997377 0.001476059 -0.264355481 -0.002587465 -0.001471598 0.999995589 7.575201035
0.999996245 -0.001588191 0.002241232 0.146530107 0.001584073 0.999997079 0.001837676 -0.283684134 -0.002244144 -0.001834119 0.999995887 7.883699894
0.999994874 -0.001738075 0.002702719 0.134074777 0.001734183 0.999997437 0.001441954 -0.281618178 -0.002705218 -0.001437259 0.999995351 8.219454765
0.999995828 -0.000943670 0.002739106 0.139396012 0.000939623 0.999998450 0.001478467 -0.288554668 -0.002740497 -0.001475887 0.999995112 8.536151886
0.999995530 -0.001383911 0.002656094 0.146853149 0.001378744 0.999997139 0.001946310 -0.300309539 -0.002658780 -0.001942639 0.999994576 8.865326881
0.999994755 -0.001510029 0.002875818 0.156566501 0.001504138 0.999996781 0.002049561 -0.312426955 -0.002878904 -0.002045225 0.999993801 9.203980446
0.999994934 -0.001720619 0.002680858 0.161313325 0.001716320 0.999997258 0.001605140 -0.314478248 -0.002683613 -0.001600531 0.999995172 9.571564674
0.999996006 -0.001227413 0.002549866 0.169524446 0.001222736 0.999997616 0.001834965 -0.324951679 -0.002552112 -0.001831839 0.999995112 9.908728600
0.999993145 -0.001479123 0.003393183 0.168687940 0.001471769 0.999996543 0.002168729 -0.353210837 -0.003396380 -0.002163720 0.999991894 10.233395576
0.999993563 -0.001437155 0.003293915 0.179690510 0.001427425 0.999994576 0.002954552 -0.366808325 -0.003298144 -0.002949831 0.999990165 10.596584320
0.999993801 -0.001211157 0.003319748 0.185599223 0.001203837 0.999996841 0.002206014 -0.370343655 -0.003322410 -0.002202003 0.999992073 10.982436180
0.999993026 -0.001451778 0.003439165 0.194368780 0.001441627 0.999994576 0.002952052 -0.383229911 -0.003443432 -0.002947073 0.999989748 11.359898567
0.999993265 -0.001563891 0.003295213 0.215304062 0.001555719 0.999995708 0.002481057 -0.406764805 -0.003299079 -0.002475915 0.999991477 11.710597038
0.999992371 -0.001192177 0.003702400 0.218773335 0.001181939 0.999995470 0.002766351 -0.418139726 -0.003705682 -0.002761955 0.999989331 12.100187302
0.999992311 -0.001314195 0.003689274 0.233743489 0.001303753 0.999995172 0.002831376 -0.432134002 -0.003692977 -0.002826544 0.999989212 12.483929634
0.999993443 -0.001116606 0.003445965 0.252194226 0.001108703 0.999996781 0.002294408 -0.431886941 -0.003448517 -0.002290572 0.999991357 12.888242722
0.999994159 -0.001825350 0.002852253 0.273292512 0.001818553 0.999995530 0.002383824 -0.444996893 -0.002856591 -0.002378623 0.999993086 13.261581421
0.999991119 -0.001098830 0.004061297 0.265486538 0.001085708 0.999994218 0.003231727 -0.477634579 -0.004064824 -0.003227290 0.999986529 13.646327972
0.999990761 -0.000594394 0.004265047 0.275375277 0.000580236 0.999994397 0.003320009 -0.486118555 -0.004266996 -0.003317504 0.999985397 14.065866470
0.999988616 -0.001803457 0.004428810 0.287558585 0.001788480 0.999992728 0.003383358 -0.502161205 -0.004434880 -0.003375398 0.999984443 14.498140335
0.999989033 -0.001795264 0.004318829 0.292633265 0.001780175 0.999992311 0.003495281 -0.509982705 -0.004325070 -0.003487554 0.999984562 14.892604828
0.999987304 -0.001853402 0.004684241 0.303475112 0.001832849 0.999988616 0.004388120 -0.528380215 -0.004692322 -0.004379479 0.999979377 15.315183640
0.999984145 -0.001789104 0.005344437 0.326066941 0.001764643 0.999987960 0.004578173 -0.571998596 -0.005352564 -0.004568669 0.999975264 15.735886574
0.999983668 -0.001855259 0.005409508 0.342697293 0.001832141 0.999989152 0.004275353 -0.578597546 -0.005417381 -0.004265372 0.999976218 16.184562683
0.999983847 -0.002008189 0.005327705 0.355713427 0.001985113 0.999988556 0.004332959 -0.582840979 -0.005336346 -0.004322313 0.999976397 16.638362885
0.999980748 -0.001463298 0.006039280 0.368085533 0.001438262 0.999990404 0.004147751 -0.591407657 -0.006045291 -0.004138985 0.999973238 17.106914520
0.999979913 -0.000973968 0.006260168 0.372244000 0.000946581 0.999989927 0.004376186 -0.611348152 -0.006264369 -0.004370173 0.999970794 17.515846252
0.999978840 -0.000672400 0.006473419 0.382489085 0.000644670 0.999990642 0.004284723 -0.622246385 -0.006476239 -0.004280459 0.999969840 17.990062714
0.999974310 -0.001457295 0.007022699 0.396744072 0.001426898 0.999989569 0.004331547 -0.630564690 -0.007028939 -0.004321415 0.999965966 18.456890106
0.999975502 -0.001752113 0.006776056 0.414311409 0.001721023 0.999987960 0.004591416 -0.652815878 -0.006784020 -0.004579641 0.999966502 18.919004440
0.999976695 -0.001848637 0.006574327 0.434062243 0.001816587 0.999986410 0.004877612 -0.670162618 -0.006583255 -0.004865556 0.999966502 19.394275665
0.999977767 -0.001903309 0.006378843 0.447109312 0.001876410 0.999989390 0.004220183 -0.669328988 -0.006386808 -0.004208121 0.999970734 19.898685455
0.999975324 -0.001477320 0.006863336 0.451575190 0.001443330 0.999986649 0.004954757 -0.698813140 -0.006870563 -0.004944730 0.999964178 20.355895996
0.999974310 -0.001458877 0.007017451 0.464482814 0.001419282 0.999983072 0.005644031 -0.717764914 -0.007025566 -0.005633927 0.999959469 20.843259811
0.999979019 -0.001166478 0.006371532 0.480035365 0.001135520 0.999987543 0.004860340 -0.717719734 -0.006377121 -0.004853003 0.999967933 21.363189697
0.999984205 -0.001450550 0.005433648 0.502389908 0.001422880 0.999985993 0.005092846 -0.743279815 -0.005440961 -0.005085033 0.999972284 21.841667175
0.999984026 -0.001397366 0.005465724 0.508537889 0.001369070 0.999985576 0.005177408 -0.751719654 -0.005472880 -0.005169842 0.999971688 22.378530502
0.999986887 -0.000808373 0.005060818 0.509426355 0.000782427 0.999986529 0.005126616 -0.769608557 -0.005064894 -0.005122589 0.999974072 22.896766663
0.999989808 -0.001592257 0.004216156 0.534693360 0.001571219 0.999986291 0.004988287 -0.780783355 -0.004224040 -0.004981612 0.999978662 23.381053925
0.999989748 -0.003003001 0.003390135 0.546449304 0.002986128 0.999983191 0.004971307 -0.797454298 -0.003405007 -0.004961133 0.999981821 23.905872345
0.999993384 -0.002166314 0.002916937 0.554666162 0.002151494 0.999984801 0.005074397 -0.808383942 -0.002927885 -0.005068087 0.999982893 24.434633255
0.999996006 -0.002297723 0.001652083 0.575975060 0.002289325 0.999984503 0.005067642 -0.816265106 -0.001663702 -0.005063840 0.999985754 24.972055435
0.999997139 -0.001814020 0.001535487 0.578341126 0.001805958 0.999984682 0.005235949 -0.830683231 -0.001544961 -0.005233161 0.999985099 25.499973297
0.999996543 -0.002178128 0.001484368 0.588966250 0.002170396 0.999984264 0.005191134 -0.841474652 -0.001495651 -0.005187894 0.999985397 26.051767349
0.999997675 -0.001802344 0.001175046 0.603101611 0.001795662 0.999982357 0.005662949 -0.851795316 -0.001185232 -0.005660826 0.999983251 26.588577271
0.999997854 -0.001964577 0.000663599 0.617906570 0.001961070 0.999984324 0.005245628 -0.866845608 -0.000673894 -0.005244316 0.999986053 27.121515274
0.999999464 -0.000437878 0.000914518 0.626385152 0.000432814 0.999984622 0.005530368 -0.887459695 -0.000916926 -0.005529969 0.999984264 27.676935196
0.999999225 -0.001231352 0.000259251 0.639946878 0.001229861 0.999983132 0.005674286 -0.894356012 -0.000266233 -0.005673963 0.999983847 28.187736511
1.000000000 -0.000477733 0.000123245 0.652852774 0.000476997 0.999982476 0.005903216 -0.913060367 -0.000126063 -0.005903156 0.999982595 28.732154846
1.000000000 -0.000237145 0.000129414 0.642691135 0.000236454 0.999985814 0.005314179 -0.923543930 -0.000130672 -0.005314147 0.999985874 29.304340363
0.999999344 -0.000689516 -0.000924084 0.673838854 0.000694804 0.999983311 0.005735261 -0.929869890 0.000920114 -0.005735900 0.999983132 29.809587479
0.999998510 -0.001224200 -0.001260487 0.691496253 0.001232008 0.999979973 0.006212190 -0.948006451 0.001252857 -0.006213734 0.999979913 30.345966339
0.999998987 0.000585145 -0.001280061 0.700852215 -0.000578951 0.999988079 0.004833891 -0.952363372 0.001282874 -0.004833146 0.999987483 30.905862808
0.999998450 -0.000537803 -0.001690108 0.713643014 0.000547006 0.999984980 0.005449588 -0.971621752 0.001687152 -0.005450504 0.999983728 31.449062347
0.999997556 -0.000726452 -0.002108687 0.731618881 0.000736941 0.999987304 0.004977243 -0.984020889 0.002105045 -0.004978785 0.999985397 31.982213974
0.999998271 0.000670815 -0.001754899 0.730428100 -0.000662890 0.999989569 0.004512742 -0.983431041 0.001757908 -0.004511571 0.999988317 32.508068085
0.999998510 0.000418852 -0.001690794 0.726987839 -0.000410070 0.999986470 0.005190948 -1.007231832 0.001692945 -0.005190246 0.999985099 33.022502899
0.999998271 0.000243222 -0.001877176 0.739944339 -0.000233428 0.999986351 0.005215752 -1.017101169 0.001878419 -0.005215305 0.999984682 33.595455170
0.999998212 0.000951276 -0.001662956 0.744281769 -0.000942986 0.999987125 0.004978404 -1.023375869 0.001667671 -0.004976827 0.999986172 34.143146515
0.999997079 0.000065569 -0.002403368 0.768841028 -0.000052636 0.999985516 0.005381075 -1.041243196 0.002403688 -0.005380933 0.999982655 34.628288269
0.999997258 0.000055681 -0.002345656 0.780906856 -0.000044162 0.999987900 0.004910748 -1.044656992 0.002345902 -0.004910630 0.999985278 35.171516418
0.999996006 0.000183457 -0.002824172 0.792792737 -0.000167805 0.999984682 0.005541509 -1.072058201 0.002825146 -0.005541012 0.999980748 35.706668854
0.999995589 0.001395808 -0.002628742 0.800304353 -0.001381644 0.999984682 0.005382257 -1.091978788 0.002636214 -0.005378601 0.999981999 36.269618988
0.999995232 0.001820921 -0.002484489 0.803356707 -0.001807268 0.999983311 0.005486584 -1.107347608 0.002494438 -0.005482069 0.999981821 36.820404053
0.999995470 0.000814722 -0.002915004 0.817098498 -0.000800075 0.999987066 0.005022218 -1.107368708 0.002919058 -0.005019863 0.999983072 37.359615326
0.999993682 0.001951912 -0.002976068 0.835606575 -0.001938592 0.999988139 0.004471887 -1.099098325 0.002984761 -0.004466090 0.999985516 37.935920715
0.999992788 0.001243249 -0.003589376 0.843948603 -0.001227658 0.999989808 0.004342563 -1.112636805 0.003594738 -0.004338125 0.999984145 38.506458282
0.999991596 0.001658318 -0.003757464 0.859628439 -0.001641457 0.999988616 0.004485787 -1.110711455 0.003764860 -0.004479581 0.999982834 39.047363281
0.999991179 0.000102465 -0.004181599 0.882549644 -0.000074160 0.999977052 0.006768665 -1.204490900 0.004182196 -0.006768296 0.999968350 39.504684448
0.999990880 0.000167890 -0.004250546 0.886712790 -0.000141033 0.999980032 0.006318166 -1.213508010 0.004251522 -0.006317509 0.999971032 40.051712036
0.999992073 0.000561236 -0.003924951 0.886822820 -0.000535608 0.999978483 0.006527651 -1.232567430 0.003928530 -0.006525497 0.999970973 40.592597961
0.999991417 0.000926451 -0.004022527 0.914783359 -0.000902622 0.999982059 0.005921684 -1.233794332 0.004027940 -0.005918004 0.999974310 41.158626556
0.999990463 0.001726550 -0.003999897 0.923672736 -0.001705642 0.999984920 0.005224745 -1.226615906 0.004008858 -0.005217874 0.999978304 41.748817444
0.999991477 0.000556437 -0.004086470 0.932575524 -0.000528563 0.999976575 0.006818858 -1.273593664 0.004090169 -0.006816639 0.999968410 42.205844879
0.999991715 0.001415803 -0.003814058 0.940172434 -0.001389127 0.999974608 0.006987607 -1.281251907 0.003823855 -0.006982251 0.999968290 42.764678955
0.999991596 0.001112253 -0.003931152 0.941849589 -0.001084656 0.999974787 0.007015380 -1.304933906 0.003938856 -0.007011058 0.999967635 43.291557312
0.999992132 0.000998001 -0.003827040 0.951772809 -0.000971219 0.999975085 0.006993571 -1.315412164 0.003833925 -0.006989798 0.999968231 43.829128265
0.999991953 0.001121402 -0.003849873 0.963377237 -0.001096669 0.999978781 0.006420461 -1.319885492 0.003856992 -0.006416187 0.999971986 44.380287170
0.999992490 0.001151191 -0.003697025 0.973770022 -0.001127631 0.999979079 0.006368277 -1.333572865 0.003704279 -0.006364061 0.999972820 44.923988342
0.999992430 0.000933623 -0.003780301 0.978515208 -0.000909920 0.999979913 0.006266695 -1.342484951 0.003786076 -0.006263207 0.999973238 45.447486877
0.999992490 0.001109496 -0.003717890 0.996347666 -0.001086180 0.999979794 0.006267256 -1.358176231 0.003724769 -0.006263170 0.999973476 45.987552643
0.999991775 0.002098679 -0.003468735 1.014169931 -0.002074958 0.999974549 0.006828022 -1.382441044 0.003482977 -0.006820767 0.999970734 46.525478363
0.999990046 0.001262162 -0.004292734 1.025976062 -0.001232762 0.999975860 0.006844632 -1.390233517 0.004301269 -0.006839271 0.999967337 47.108688354
0.999990702 0.002005803 -0.003815651 1.043302059 -0.001982153 0.999978960 0.006191663 -1.383937955 0.003827990 -0.006184042 0.999973595 47.653903961
0.999991059 0.001448374 -0.003954907 1.046856642 -0.001423719 0.999979556 0.006229721 -1.399552345 0.003963851 -0.006224035 0.999972761 48.159648895
0.999990642 0.001784914 -0.003935482 1.059575081 -0.001759504 0.999977648 0.006450617 -1.415045857 0.003946909 -0.006443632 0.999971449 48.706714630
0.999989927 0.001479030 -0.004230150 1.075304389 -0.001450193 0.999975681 0.006812016 -1.431003094 0.004240124 -0.006805813 0.999967813 49.250789642
0.999988973 0.001042344 -0.004595235 1.085018396 -0.001016496 0.999983668 0.005623807 -1.430338621 0.004601021 -0.005619074 0.999973595 49.796924591
0.999991179 0.002408616 -0.003443061 1.078418255 -0.002387243 0.999977946 0.006198219 -1.447323084 0.003457916 -0.006189946 0.999974847 50.307666779
0.999990761 0.002378288 -0.003590684 1.089097738 -0.002357102 0.999979854 0.005892852 -1.456343412 0.003604628 -0.005884334 0.999976218 50.854484558
0.999992311 0.002086537 -0.003311547 1.094109416 -0.002065903 0.999978483 0.006222195 -1.468924642 0.003324458 -0.006215307 0.999975145 51.380134583
0.999988675 0.003080128 -0.003612428 1.139748812 -0.003059719 0.999979377 0.005641724 -1.479979038 0.003629731 -0.005630606 0.999977529 51.902366638
0.999990821 0.002725982 -0.003302788 1.134440303 -0.002705917 0.999977887 0.006064202 -1.485897541 0.003319246 -0.006055209 0.999976099 52.469776154
0.999989688 0.002634889 -0.003677283 1.139787316 -0.002614252 0.999980867 0.005605466 -1.497989774 0.003691982 -0.005595795 0.999977529 53.013965607
0.999991894 0.002826901 -0.002874199 1.124943018 -0.002810803 0.999980330 0.005589237 -1.519436002 0.002889944 -0.005581112 0.999980211 53.532802582
0.999990582 0.003647724 -0.002328830 1.132864475 -0.003634552 0.999977469 0.005635637 -1.519583941 0.002349335 -0.005627119 0.999981463 54.093379974
0.999991477 0.003299436 -0.002475170 1.163152814 -0.003285128 0.999978006 0.005762652 -1.545736790 0.002494129 -0.005754472 0.999980390 54.609554291
0.999990821 0.003119817 -0.002928065 1.166254163 -0.003102269 0.999977291 0.005978239 -1.553059220 0.002946648 -0.005969101 0.999977767 55.118576050
0.999989927 0.003319924 -0.003034002 1.174512863 -0.003301701 0.999976575 0.005991517 -1.562140226 0.003053824 -0.005981439 0.999977350 55.679275513
0.999990225 0.003763888 -0.002332194 1.173541188 -0.003748330 0.999970853 0.006639800 -1.583415270 0.002357117 -0.006630992 0.999975204 56.208141327
0.999991655 0.003032547 -0.002718537 1.209231257 -0.003017151 0.999979377 0.005649928 -1.582326531 0.002735614 -0.005641678 0.999980330 56.811393738
0.999991775 0.003494938 -0.002066252 1.191882372 -0.003483136 0.999977767 0.005687827 -1.601908326 0.002086085 -0.005680583 0.999981701 57.252880096
0.999992847 0.003255942 -0.001920831 1.201761723 -0.003245115 0.999978960 0.005613273 -1.616637588 0.001939067 -0.005606999 0.999982357 57.784820557
0.999992430 0.003325085 -0.002018515 1.220054984 -0.003313522 0.999978185 0.005705539 -1.621136665 0.002037443 -0.005698808 0.999981701 58.316410065
0.999992669 0.003138307 -0.002171355 1.234389305 -0.003125956 0.999979079 0.005668434 -1.639685631 0.002189099 -0.005661606 0.999981582 58.834396362
0.999992430 0.003475791 -0.001767616 1.246566534 -0.003465048 0.999975741 0.006045355 -1.655173659 0.001788586 -0.006039184 0.999980152 59.383602142
0.999991119 0.003676916 -0.002032967 1.255466819 -0.003664871 0.999975920 0.005896753 -1.655578732 0.002054600 -0.005889249 0.999980569 59.911834717
0.999990702 0.003763893 -0.002083901 1.272885203 -0.003751103 0.999974370 0.006107721 -1.674484253 0.002106837 -0.006099848 0.999979198 60.460369110
0.999989867 0.003921779 -0.002215219 1.292988300 -0.003907642 0.999972224 0.006350010 -1.694179654 0.002240061 -0.006341290 0.999977410 60.994022369
0.999990523 0.002967354 -0.003178413 1.342947125 -0.002948212 0.999977589 0.006010322 -1.728186131 0.003196177 -0.006000894 0.999976933 61.519069672
0.999991000 0.003769613 -0.001960550 1.329713821 -0.003757954 0.999975443 0.005916696 -1.720294237 0.001982804 -0.005909275 0.999980509 62.013408661
0.999990225 0.004037849 -0.001805308 1.329689264 -0.004027306 0.999975026 0.005806209 -1.726288557 0.001828707 -0.005798881 0.999981463 62.555721283
0.999991059 0.003710419 -0.002043229 1.341094017 -0.003698689 0.999976873 0.005715257 -1.740307212 0.002064388 -0.005707648 0.999981523 63.079696655
0.999988437 0.004429093 -0.001836684 1.355418444 -0.004417903 0.999971926 0.006052418 -1.760235190 0.001863441 -0.006044234 0.999979973 63.608306885
0.999988258 0.004469783 -0.001870012 1.350845695 -0.004458841 0.999973178 0.005815169 -1.772173285 0.001895955 -0.005806762 0.999981344 64.148063660
0.999987304 0.004444027 -0.002359916 1.379030704 -0.004431597 0.999976397 0.005246012 -1.776243210 0.002383174 -0.005235487 0.999983430 64.704788208
0.999987960 0.004648890 -0.001577929 1.399390817 -0.004639744 0.999972701 0.005751203 -1.784748435 0.001604623 -0.005743813 0.999982178 65.261344910
0.999988019 0.004567637 -0.001742879 1.434058070 -0.004557634 0.999973357 0.005700205 -1.793349266 0.001768869 -0.005692193 0.999982178 65.676635742
0.999985456 0.005110597 -0.001721008 1.442172527 -0.005101523 0.999973178 0.005235996 -1.802831650 0.001747722 -0.005227140 0.999984801 66.224945068
0.999983549 0.005259983 -0.002290864 1.454849362 -0.005247439 0.999971330 0.005447752 -1.817483544 0.002319454 -0.005435641 0.999982476 66.783020020
0.999984086 0.005533233 -0.001097926 1.460961938 -0.005526460 0.999966204 0.006079651 -1.854816198 0.001131529 -0.006073487 0.999980927 67.247894287
0.999981642 0.006012607 -0.000659966 1.466427922 -0.006008710 0.999965370 0.005755383 -1.864854932 0.000694549 -0.005751311 0.999983191 67.790328979
0.999981701 0.005994416 -0.000848486 1.474736929 -0.005989121 0.999963403 0.006110395 -1.886414766 0.000885084 -0.006105201 0.999980927 68.333557129
0.999981523 0.006022383 -0.000777167 1.491223574 -0.006017793 0.999965191 0.005779241 -1.884508491 0.000811943 -0.005774459 0.999983013 68.821052551
0.999984980 0.005313083 -0.001369325 1.516571999 -0.005305015 0.999968886 0.005830404 -1.903561592 0.001400260 -0.005823052 0.999982059 69.354202271
0.999980688 0.005997951 -0.001648809 1.540759802 -0.005988224 0.999964952 0.005841689 -1.922982335 0.001683790 -0.005831704 0.999981642 69.874023438
0.999975920 0.006925651 -0.000643274 1.567720294 -0.006921840 0.999959528 0.005747905 -1.932673573 0.000683058 -0.005743312 0.999983311 70.376632690
0.999978006 0.006607311 -0.000561945 1.547483802 -0.006604004 0.999961972 0.005696959 -1.936676502 0.000599566 -0.005693123 0.999983609 70.900436401
0.999980748 0.006085062 -0.001167221 1.560793996 -0.006078454 0.999965966 0.005584194 -1.948477030 0.001201161 -0.005576992 0.999983728 71.469657898
0.999973118 0.007273390 -0.000902207 1.571838617 -0.007268158 0.999957502 0.005672601 -1.970520020 0.000943428 -0.005665891 0.999983490 71.986579895
0.999980032 0.006335546 -0.000235194 1.580354452 -0.006334174 0.999965131 0.005437781 -1.978836775 0.000269637 -0.005436182 0.999985158 72.483360291
0.999981284 0.006102295 -0.000432730 1.592381835 -0.006099772 0.999965668 0.005609320 -1.996706843 0.000466946 -0.005606576 0.999984145 73.024147034
0.999983251 0.005778598 -0.000299727 1.617531180 -0.005776898 0.999968708 0.005394271 -2.015180588 0.000330890 -0.005392449 0.999985337 73.564208984
0.999978006 0.006620497 0.000294192 1.604268670 -0.006622009 0.999963045 0.005477504 -2.020561457 -0.000257920 -0.005479332 0.999984920 74.025306702
0.999983490 0.005740772 -0.000180442 1.625631690 -0.005739739 0.999969482 0.005287095 -2.031872511 0.000210789 -0.005285972 0.999985993 74.579772949
0.999974251 0.007174648 0.000185317 1.664376736 -0.007175548 0.999959528 0.005423898 -2.063776255 -0.000146393 -0.005425088 0.999985278 75.102012634
0.999963760 0.008461770 0.000951804 1.631450534 -0.008467013 0.999948204 0.005646467 -2.077115536 -0.000903976 -0.005654321 0.999983609 75.575027466
0.999967933 0.007971969 0.000824317 1.649302602 -0.007976305 0.999953687 0.005396701 -2.086296797 -0.000781258 -0.005403103 0.999985158 76.118003845
0.999964058 0.008373913 0.001367885 1.640731096 -0.008381076 0.999950826 0.005317654 -2.090050459 -0.001323289 -0.005328928 0.999984920 76.680389404
0.999969542 0.007716992 0.001158576 1.660628557 -0.007723568 0.999953449 0.005782398 -2.112518072 -0.001113899 -0.005791171 0.999982536 77.116378784
0.999968588 0.007824962 0.001245346 1.667771578 -0.007831606 0.999954641 0.005423425 -2.113714933 -0.001202852 -0.005433006 0.999984443 77.674224854
0.999966145 0.008143745 0.001193607 1.683829308 -0.008150344 0.999950886 0.005630501 -2.134499788 -0.001147697 -0.005640039 0.999983370 78.154899597
0.999970078 0.007621505 0.001350899 1.699606419 -0.007628585 0.999956727 0.005314900 -2.145669699 -0.001310335 -0.005325046 0.999984920 78.705459595
0.999962211 0.008271581 0.002679500 1.715915322 -0.008286413 0.999950171 0.005572449 -2.166074038 -0.002633273 -0.005594442 0.999980927 79.268287659
0.999941885 0.009415105 0.005241228 1.704733133 -0.009440069 0.999944091 0.004759054 -2.167822123 -0.005196129 -0.004808254 0.999974966 79.767181396
0.999941111 0.008910938 0.006192469 1.713066697 -0.008940402 0.999948740 0.004747003 -2.179738522 -0.006149852 -0.004802087 0.999969602 80.323921204
0.999935985 0.008659299 0.007291217 1.719110250 -0.008693389 0.999951303 0.004656600 -2.172907114 -0.007250540 -0.004719687 0.999962628 80.831924438
0.999895692 0.009034498 0.011269582 1.741604209 -0.009090148 0.999946713 0.004896640 -2.217353106 -0.011224743 -0.004998571 0.999924421 81.337570190
0.999855101 0.008974399 0.014464386 1.767233610 -0.009045566 0.999947250 0.004862220 -2.227893829 -0.014419987 -0.004992353 0.999883533 81.862503052
0.999790192 0.009298702 0.018249545 1.787502766 -0.009395873 0.999942124 0.005246141 -2.243653774 -0.018199705 -0.005416510 0.999819636 82.413360596
0.999710381 0.009343784 0.022176303 1.815840125 -0.009448087 0.999944866 0.004603265 -2.251083851 -0.022132067 -0.004811456 0.999743462 82.941696167
0.999520719 0.009026800 0.029612217 1.832893372 -0.009187136 0.999943793 0.005282882 -2.294837236 -0.029562868 -0.005552401 0.999547482 83.385375977
0.999300063 0.009477065 0.036191303 1.851550102 -0.009660167 0.999941349 0.004887745 -2.301622391 -0.036142863 -0.005233936 0.999332905 83.953514099
0.999092758 0.008994345 0.041626222 1.911129832 -0.009223689 0.999943316 0.005320858 -2.322083235 -0.041576002 -0.005699979 0.999119043 84.464149475
0.998770356 0.008724700 0.048800662 1.984244347 -0.008965376 0.999948680 0.004715107 -2.324820757 -0.048757020 -0.005146826 0.998797357 85.039093018
0.998277903 -0.001327068 0.058646340 1.980596781 0.001104144 0.999992192 0.003833394 -2.356467247 -0.058650959 -0.003762039 0.998271465 85.616020203
0.997813523 -0.000040536 0.066092469 2.036068678 -0.000268389 0.999989092 0.004665243 -2.375151873 -0.066091947 -0.004672781 0.997802675 86.152061462
0.997187853 -0.001025587 0.074936137 2.091327190 0.000720408 0.999991417 0.004099435 -2.388547897 -0.074939698 -0.004033923 0.997179866 86.685859680
0.996443272 -0.002043994 0.084242396 2.169776917 0.001726344 0.999991179 0.003843345 -2.395780325 -0.084249496 -0.003684245 0.996437907 87.283386230
0.995431900 -0.003226781 0.095419675 2.234079361 0.002971496 0.999991596 0.002817362 -2.423019409 -0.095427975 -0.002520953 0.995433092 87.759353638
0.994601130 -0.003376003 0.103717491 2.307082176 0.003119741 0.999991655 0.002632912 -2.435328245 -0.103725530 -0.002295124 0.994603276 88.302322388
0.993492484 -0.002988707 0.113858908 2.397273540 0.002623321 0.999990880 0.003358809 -2.452107430 -0.113867916 -0.003038264 0.993491232 88.844047546
0.992271006 -0.004357942 0.124013171 2.479408264 0.004114842 0.999989033 0.002216344 -2.469341993 -0.124021478 -0.001688920 0.992278099 89.345237732
0.991034269 -0.004796703 0.133521244 2.571673393 0.004556679 0.999987423 0.002103153 -2.486476421 -0.133529648 -0.001475883 0.991043746 89.883491516
0.989572465 -0.005232687 0.143940642 2.676667213 0.004989795 0.999985456 0.002048392 -2.491469860 -0.143949285 -0.001308797 0.989584148 90.437934875
0.987781823 -0.005925183 0.155730575 2.781037331 0.005562438 0.999980688 0.002764991 -2.514458656 -0.155743942 -0.001864966 0.987795830 90.946044922
0.985960007 -0.006188014 0.166867346 2.893062592 0.005846323 0.999979734 0.002538834 -2.524873018 -0.166879654 -0.001527629 0.985976160 91.511344910
0.984375596 -0.007216285 0.175933346 3.016237259 0.006831497 0.999972761 0.002792698 -2.540077448 -0.175948694 -0.001547176 0.984398127 92.025627136
0.982137859 -0.007179310 0.188026011 3.143507957 0.006757290 0.999972999 0.002885375 -2.554775715 -0.188041657 -0.001563289 0.982159793 92.559890747
0.979611099 -0.007082261 0.200778335 3.274196625 0.006662750 0.999974012 0.002765101 -2.569603682 -0.200792670 -0.001370987 0.979632854 93.114654541
0.977461815 -0.008477382 0.210941926 3.426345825 0.008077005 0.999963582 0.002759570 -2.578874350 -0.210957602 -0.000993596 0.977494717 93.616210938
0.974418044 -0.007699021 0.224610761 3.561330795 0.007250225 0.999969721 0.002822821 -2.585357666 -0.224625677 -0.001122130 0.974444449 94.181968689
0.971237540 -0.008281417 0.237968400 3.723865509 0.007788383 0.999965072 0.003011990 -2.599933147 -0.237985060 -0.001071969 0.971268237 94.692070007
0.968304515 -0.008338396 0.249633342 3.888696671 0.007868341 0.999964833 0.002880841 -2.636297464 -0.249648631 -0.000825331 0.968336165 95.257942200
0.965342820 -0.009956820 0.260795027 4.074586868 0.009517577 0.999950290 0.002947144 -2.659641027 -0.260811448 -0.000362868 0.965389669 95.741226196
0.961454153 -0.009564224 0.274798781 4.257966995 0.008793779 0.999953091 0.004035535 -2.690911055 -0.274824530 -0.001463462 0.961493254 96.209251404
0.957643807 -0.009376910 0.287802666 4.428497314 0.008741215 0.999955714 0.003493796 -2.673579693 -0.287822664 -0.000830068 0.957683384 96.847297668
0.954391122 -0.010462498 0.298375875 4.627811432 0.009878429 0.999945223 0.003465565 -2.689769745 -0.298395813 -0.000360020 0.954442143 97.362586975
0.949738503 -0.009081060 0.312912494 4.811193466 0.008148523 0.999957621 0.004287811 -2.708666563 -0.312938124 -0.001522525 0.949772239 97.898399353
0.945163727 -0.010602973 0.326424509 5.049552917 0.009772557 0.999943495 0.004183834 -2.714696407 -0.326450408 -0.000764406 0.945213974 98.433258057
0.941205859 -0.010113755 0.337682128 5.259099960 0.009189164 0.999948382 0.004336433 -2.727472544 -0.337708563 -0.000978460 0.941250205 98.969024658
0.936478257 -0.010375863 0.350572109 5.460172653 0.009274602 0.999945343 0.004820216 -2.747112036 -0.350602984 -0.001262611 0.936523378 99.446174622
0.931233764 -0.011145479 0.364251792 5.695678711 0.009942064 0.999937177 0.005178816 -2.771281958 -0.364286572 -0.001201274 0.931286156 99.971397400
0.926460743 -0.012845553 0.376172125 5.930477142 0.011863831 0.999917507 0.004926252 -2.779671431 -0.376204342 -0.000101137 0.926536739 100.515068054
0.921751916 -0.012798207 0.387568921 6.162786484 0.011713405 0.999918103 0.005161159 -2.793080568 -0.387603223 -0.000217557 0.921826363 101.013397217
0.915661812 -0.012505861 0.401754886 6.414113998 0.011313664 0.999921679 0.005340052 -2.813080549 -0.401790172 -0.000344363 0.915731668 101.488006592
0.910053849 -0.013019294 0.414285541 6.668075562 0.011750146 0.999915242 0.005611889 -2.829208374 -0.414323449 -0.000239205 0.910129726 101.974609375
0.905016482 -0.013895643 0.425149411 6.918601990 0.012655377 0.999903440 0.005741450 -2.838277578 -0.425188094 0.000184321 0.905104995 102.467697144
0.899294078 -0.013361298 0.437140435 7.199352264 0.012152799 0.999910653 0.005561520 -2.846846104 -0.437175661 0.000311037 0.899376035 102.987739563
0.892577112 -0.014457878 0.450662911 7.467861176 0.012971290 0.999895394 0.006387237 -2.884042501 -0.450708181 0.000144580 0.892671287 103.446220398
0.886734962 -0.014888736 0.462038428 7.751758575 0.013500626 0.999888897 0.006310311 -2.887538671 -0.462081045 0.000642235 0.886837482 103.948013306
0.880612195 -0.015503824 0.473583907 8.001205444 0.013991464 0.999879479 0.006716663 -2.897688389 -0.473630965 0.000711356 0.880723119 104.401626587
0.873101234 -0.014924096 0.487310499 8.286727905 0.013127518 0.999888539 0.007101800 -2.913822174 -0.487362176 0.000196586 0.873199880 104.870834351
