1.000000000 0.000000000 0.000000000 0.000000000 0.000000000 1.000000000 0.000000000 0.000000000 0.000000000 0.000000000 1.000000000 0.000000000
1.000000000 0.000057791 -0.000028086 0.000343304 -0.000057791 1.000000000 0.000023347 0.000401042 0.000028088 -0.000023345 1.000000000 0.002199400
1.000000000 0.000010058 -0.000041726 0.000789483 -0.000010055 1.000000000 0.000053177 -0.001094741 0.000041726 -0.000053177 1.000000000 0.001032642
1.000000000 -0.000022158 -0.000032918 0.000595727 0.000022157 1.000000000 -0.000038195 0.000328502 0.000032919 0.000038195 1.000000000 -0.001752943
1.000000000 -0.000157275 -0.000109240 0.001151636 0.000157283 1.000000000 0.000067443 -0.000963395 0.000109229 -0.000067460 1.000000000 0.000135275
1.000000000 -0.000158341 -0.000112851 -0.000778493 0.000158347 1.000000000 0.000050710 -0.000130335 0.000112843 -0.000050728 1.000000000 -0.000522728
1.000000000 -0.000123748 -0.000053747 0.000709727 0.000123751 1.000000000 0.000061679 -0.000773164 0.000053739 -0.000061686 1.000000000 0.001329807
1.000000000 -0.000156391 -0.000057454 0.000015225 0.000156396 1.000000000 0.000082894 -0.000798840 0.000057442 -0.000082903 1.000000000 -0.000410034
1.000000000 -0.000043989 -0.000088084 0.000581924 0.000043995 1.000000000 0.000063319 -0.000054292 0.000088082 -0.000063322 1.000000000 -0.001805338
1.000000000 -0.000007412 -0.000002628 -0.000499475 0.000007412 1.000000000 0.000044289 0.000617808 0.000002628 -0.000044289 1.000000000 0.002729862
1.000000000 -0.000088643 -0.000048536 0.000694785 0.000088644 1.000000000 0.000013779 0.000627575 0.000048535 -0.000013783 1.000000000 0.000217440
1.000000000 -0.000116164 -0.000125965 0.001067223 0.000116170 1.000000000 0.000047792 0.000145694 0.000125959 -0.000047806 1.000000000 -0.000380789
1.000000000 -0.000099587 -0.000046793 -0.000341102 0.000099586 1.000000000 -0.000016932 0.001440905 0.000046794 0.000016927 1.000000000 0.002417072
0.999999940 -0.000216656 -0.000123763 0.000859176 0.000216669 1.000000000 0.000101405 0.000174316 0.000123741 -0.000101432 1.000000000 -0.001480564
1.000000000 -0.000120520 -0.000142959 0.001231384 0.000120527 1.000000000 0.000049804 -0.000353408 0.000142953 -0.000049821 1.000000000 -0.001947063
1.000000000 -0.000134593 -0.000164292 0.003402317 0.000134615 1.000000000 0.000135498 -0.000583545 0.000164274 -0.000135520 1.000000000 -0.004668172
1.000000000 -0.000107474 -0.000050705 0.001402183 0.000107478 1.000000000 0.000074419 -0.000394675 0.000050697 -0.000074424 1.000000000 -0.003323638
1.000000000 -0.000050183 -0.000079685 0.001963031 0.000050186 1.000000000 0.000032566 -0.000381172 0.000079683 -0.000032570 1.000000000 -0.000462768
1.000000000 -0.000049731 -0.000131934 0.002243230 0.000049746 1.000000000 0.000116521 -0.000622963 0.000131928 -0.000116527 1.000000000 -0.003480399
0.999999940 -0.000227743 -0.000138781 0.001316453 0.000227753 1.000000000 0.000076545 -0.000325901 0.000138764 -0.000076576 1.000000000 -0.003205728
1.000000000 -0.000186060 -0.000100283 0.000812243 0.000186069 1.000000000 0.000092600 0.000389250 0.000100266 -0.000092619 1.000000000 0.001255272
1.000000000 -0.000205160 -0.000123617 0.000543597 0.000205175 1.000000000 0.000117307 -0.001775989 0.000123593 -0.000117332 1.000000000 -0.003898410
1.000000000 -0.000068987 -0.000157131 0.003478321 0.000069005 1.000000000 0.000118472 -0.000818489 0.000157123 -0.000118483 1.000000000 -0.002332024
1.000000000 -0.000087114 -0.000163716 0.003492559 0.000087129 1.000000000 0.000088542 -0.001362396 0.000163708 -0.000088556 1.000000000 -0.002242726
0.999999940 -0.000183979 -0.000185232 0.002844857 0.000184004 1.000000000 0.000133979 -0.001464721 0.000185208 -0.000134013 1.000000000 -0.005461485
1.000000000 -0.000150460 -0.000188058 0.002607736 0.000150478 1.000000000 0.000091608 0.000202445 0.000188044 -0.000091637 1.000000000 -0.001462134
1.000000000 -0.000169838 -0.000148835 0.003200003 0.000169849 1.000000000 0.000069562 0.000328239 0.000148823 -0.000069587 1.000000000 -0.003065894
0.999999940 -0.000237138 -0.000162661 0.003417333 0.000237156 0.999999940 0.000109068 -0.000656373 0.000162635 -0.000109107 1.000000000 -0.003867263
0.999999940 -0.000230660 -0.000117480 0.000390096 0.000230670 0.999999940 0.000083286 -0.000895695 0.000117461 -0.000083313 1.000000000 -0.002859347
1.000000000 -0.000113772 -0.000207843 0.002790139 0.000113805 1.000000000 0.000157815 -0.001058748 0.000207825 -0.000157839 0.999999940 -0.003115128
0.999999940 -0.000218374 -0.000199442 0.003645224 0.000218398 0.999999940 0.000116825 -0.000798254 0.000199417 -0.000116869 1.000000000 -0.003485622
0.999999940 -0.000187104 -0.000200721 0.002798535 0.000187130 1.000000000 0.000127812 -0.000374152 0.000200697 -0.000127849 1.000000000 -0.002702450
1.000000000 -0.000171607 -0.000149069 0.002468166 0.000171623 1.000000000 0.000110660 -0.000501556 0.000149050 -0.000110686 1.000000000 -0.004760127
1.000000000 -0.000100283 -0.000143921 0.002710803 0.000100294 1.000000000 0.000071506 -0.000909974 0.000143914 -0.000071520 1.000000000 -0.002707966
1.000000000 -0.000119201 -0.000138257 0.002572543 0.000119214 1.000000000 0.000093180 -0.000626854 0.000138246 -0.000093197 1.000000000 -0.001567865
0.999999940 -0.000202798 -0.000153838 0.002094077 0.000202822 0.999999940 0.000156072 -0.001640371 0.000153806 -0.000156104 1.000000000 -0.004953646
0.999999940 -0.000197934 -0.000222070 0.003184160 0.000197954 1.000000000 0.000089153 0.000255752 0.000222052 -0.000089197 1.000000000 -0.002426716
0.999999940 -0.000208176 -0.000197666 0.004042674 0.000208203 0.999999940 0.000138434 0.000308045 0.000197638 -0.000138475 1.000000000 -0.004398110
1.000000000 -0.000159439 -0.000122619 0.001017003 0.000159450 1.000000000 0.000088178 -0.000255789 0.000122605 -0.000088197 1.000000000 -0.003124111
0.999999940 -0.000164147 -0.000191941 0.002396661 0.000164176 1.000000000 0.000154384 -0.000738456 0.000191916 -0.000154415 0.999999940 -0.004501907
0.999999940 -0.000180268 -0.000211771 0.005060385 0.000180285 1.000000000 0.000080766 -0.001866667 0.000211757 -0.000080804 1.000000000 -0.001709268
1.000000000 -0.000230018 -0.000006951 0.000564093 0.000230014 0.999999821 -0.000535614 -0.002274919 0.000007075 0.000535613 0.999999881 0.050992474
1.000000000 -0.000038421 -0.000153534 0.003398345 0.000038251 0.999999404 -0.001107298 -0.003964087 0.000153576 0.001107292 0.999999404 0.141661718
1.000000000 -0.000168278 -0.000087718 0.004189262 0.000168150 0.999998927 -0.001459281 -0.007789981 0.000087963 0.001459267 0.999998927 0.258920461
1.000000000 -0.000127738 -0.000041224 0.006054676 0.000127680 0.999999046 -0.001392303 -0.011001186 0.000041402 0.001392298 0.999999046 0.392587602
1.000000000 -0.000015811 -0.000135283 0.010040723 0.000015655 0.999999344 -0.001151272 -0.018400438 0.000135302 0.001151270 0.999999344 0.529265702
1.000000000 0.000061334 -0.000056997 0.011964313 -0.000061398 0.999999344 -0.001117987 -0.020999974 0.000056929 0.001117990 0.999999344 0.685457826
1.000000000 -0.000028017 0.000085102 0.015675340 0.000028092 0.999999583 -0.000890911 -0.025419716 -0.000085077 0.000890913 0.999999583 0.846757770
0.999999940 0.000322638 0.000210358 0.012455359 -0.000322472 0.999999642 -0.000791586 -0.025297334 -0.000210613 0.000791518 0.999999642 1.028362393
1.000000000 0.000056989 -0.000201409 0.026161624 -0.000057101 0.999999821 -0.000553680 -0.038449105 0.000201377 0.000553691 0.999999821 1.188291073
1.000000000 0.000022315 -0.000016785 0.028270025 -0.000022320 0.999999940 -0.000269797 -0.041559994 0.000016779 0.000269797 0.999999940 1.365900040
0.999999344 0.000924579 -0.000713966 0.023000335 -0.000924788 0.999999523 -0.000292819 -0.055226631 0.000713695 0.000293479 0.999999702 1.562097430
0.999999642 0.000827250 -0.000429199 0.022903301 -0.000827363 0.999999583 -0.000263977 -0.058679771 0.000428980 0.000264332 0.999999881 1.759253263
0.999999583 0.000491602 -0.000771193 0.032534394 -0.000491537 0.999999881 0.000084853 -0.066119216 0.000771234 -0.000084474 0.999999702 1.964553237
0.999999583 0.000881165 -0.000497193 0.031518769 -0.000881073 0.999999583 0.000184329 -0.074239336 0.000497356 -0.000183890 0.999999881 2.173099279
0.999999404 0.000916842 -0.000616921 0.033534136 -0.000916834 0.999999523 0.000013759 -0.075930782 0.000616934 -0.000013193 0.999999821 2.376893044
0.999999166 0.001026903 -0.000789622 0.041401837 -0.001027013 0.999999404 -0.000138082 -0.080918811 0.000789480 0.000138893 0.999999702 2.598418951
0.999999583 0.000818743 -0.000538248 0.043980248 -0.000818805 0.999999702 -0.000115085 -0.088182695 0.000538153 0.000115526 0.999999881 2.834556341
0.999999583 0.000640743 -0.000599472 0.049814586 -0.000640719 0.999999762 0.000039491 -0.093993522 0.000599497 -0.000039106 0.999999821 3.060492277
0.999999642 0.000611785 -0.000573809 0.051695775 -0.000611765 0.999999821 0.000034643 -0.101420864 0.000573830 -0.000034292 0.999999821 3.303419590
0.999999583 0.000772948 -0.000490326 0.061848573 -0.000772833 0.999999702 0.000233630 -0.110439725 0.000490507 -0.000233251 0.999999881 3.528871536
0.999999404 0.000945840 -0.000591558 0.067320183 -0.000945592 0.999999464 0.000418837 -0.117479876 0.000591954 -0.000418277 0.999999702 3.781373024
0.999999523 0.000888792 -0.000312904 0.068483748 -0.000888658 0.999999464 0.000428275 -0.125241786 0.000313285 -0.000427996 0.999999881 4.045269012
0.999999344 0.001063853 -0.000229098 0.073833607 -0.001063606 0.999998808 0.001076501 -0.134028554 0.000230243 -0.001076256 0.999999404 4.313079357
0.999999642 0.000542179 -0.000596046 0.084194265 -0.000541440 0.999999046 0.001240398 -0.143805712 0.000596718 -0.001240075 0.999999106 4.565133095
0.999999762 0.000658268 -0.000282170 0.084887639 -0.000657867 0.999998808 0.001419100 -0.151042014 0.000283104 -0.001418914 0.999998927 4.825382710
0.999999702 0.000626058 -0.000443343 0.093134753 -0.000625341 0.999998569 0.001616739 -0.160317659 0.000444354 -0.001616461 0.999998569 5.087358952
0.999999702 0.000607061 -0.000436441 0.095581166 -0.000606410 0.999998689 0.001491240 -0.173151836 0.000437346 -0.001490975 0.999998808 5.339548588
0.999999642 0.000609055 -0.000542347 0.102732867 -0.000608190 0.999998510 0.001593900 -0.182721958 0.000543317 -0.001593570 0.999998569 5.605803490
0.999999464 0.000830407 -0.000611720 0.106255941 -0.000829441 0.999998391 0.001576549 -0.187462389 0.000613028 -0.001576041 0.999998629 5.885734558
0.999999642 0.000695296 -0.000410714 0.107590482 -0.000694652 0.999998510 0.001566569 -0.200137600 0.000411803 -0.001566283 0.999998689 6.165200710
0.999999583 0.000807149 -0.000272857 0.115013592 -0.000806628 0.999997854 0.001903865 -0.210781246 0.000274393 -0.001903644 0.999998152 6.437531471
0.999999821 0.000414120 -0.000403965 0.113810711 -0.000413531 0.999998868 0.001456435 -0.227196306 0.000404567 -0.001456268 0.999998868 6.715715408
0.999999702 0.000539766 -0.000531279 0.121755004 -0.000538937 0.999998629 0.001559282 -0.236610919 0.000532120 -0.001558995 0.999998689 7.013918877
0.999999762 0.000314492 -0.000602183 0.132030457 -0.000313458 0.999998510 0.001715262 -0.249650851 0.000602722 -0.001715073 0.999998331 7.295439243
0.999999702 0.000500584 -0.000404503 0.139852211 -0.000499880 0.999998331 0.001737299 -0.259100497 0.000405372 -0.001737097 0.999998450 7.602370262
0.999999881 0.000461960 -0.000127857 0.143267378 -0.000461661 0.999997199 0.002324068 -0.278458714 0.000128931 -0.002324008 0.999997318 7.932476997
0.999999583 -0.000797337 -0.000464999 0.143487155 0.000798214 0.999997914 0.001890501 -0.278432310 0.000463491 -0.001890871 0.999998093 8.257049561
0.999999344 -0.001026043 -0.000533468 0.155633345 0.001027027 0.999997795 0.001848910 -0.288273394 0.000531570 -0.001849457 0.999998093 8.578291893
0.999999881 -0.000426118 -0.000303860 0.157757595 0.000426718 0.999997973 0.001973873 -0.294301003 0.000303018 -0.001974003 0.999998033 8.915196419
0.999999940 -0.000266800 -0.000179190 0.164471999 0.000267178 0.999997795 0.002115190 -0.307205856 0.000178625 -0.002115237 0.999997735 9.251497269
0.999998391 0.001513901 0.000989959 0.151463419 -0.001516635 0.999994993 0.002766767 -0.336808980 -0.000985765 -0.002768265 0.999995708 9.581057549
0.999998033 0.001821673 0.000877147 0.162819192 -0.001824260 0.999993920 0.002957062 -0.347537696 -0.000871755 -0.002958656 0.999995291 9.922846794
0.999998868 0.001173335 0.000955231 0.164833486 -0.001176016 0.999995410 0.002811278 -0.356237710 -0.000951928 -0.002812399 0.999995649 10.290581703
0.999998391 0.001490610 0.001044950 0.175603226 -0.001493856 0.999994040 0.003112523 -0.368536890 -0.001040304 -0.003114079 0.999994695 10.668397903
0.999999523 0.000717275 0.000673472 0.183040753 -0.000719447 0.999994457 0.003230494 -0.387092590 -0.000671151 -0.003230977 0.999994576 11.015564919
0.999999583 0.000670119 0.000692406 0.193459734 -0.000672314 0.999994695 0.003174742 -0.398643494 -0.000690274 -0.003175206 0.999994695 11.388709068
0.999998748 0.001234159 0.001005639 0.199885532 -0.001237527 0.999993622 0.003356014 -0.407223225 -0.001001491 -0.003357254 0.999993801 11.783063889
0.999999106 0.000926693 0.000916550 0.210948959 -0.000930057 0.999992788 0.003676525 -0.421986073 -0.000913137 -0.003677374 0.999992847 12.143461227
0.999998569 0.001456918 0.000842504 0.231856823 -0.001460220 0.999991119 0.003931170 -0.455424368 -0.000836769 -0.003932394 0.999991894 12.512720108
0.999998748 0.001341348 0.000851447 0.239514545 -0.001344659 0.999991477 0.003900439 -0.465030313 -0.000846208 -0.003901578 0.999992013 12.915040016
0.999999285 0.001092980 0.000514718 0.256265908 -0.001095088 0.999990880 0.004113963 -0.482201815 -0.000510217 -0.004114524 0.999991417 13.312408447
0.999998569 0.001369390 0.001016684 0.263628155 -0.001373842 0.999989390 0.004391185 -0.492025137 -0.001010660 -0.004392575 0.999989808 13.716712952
0.999999762 0.000282964 0.000648037 0.276159286 -0.000285896 0.999989688 0.004528076 -0.512467563 -0.000646749 -0.004528261 0.999989510 14.107008934
0.999999702 0.000011941 0.000738038 0.287292928 -0.000015188 0.999990284 0.004399981 -0.525626659 -0.000737978 -0.004399991 0.999990046 14.529910088
0.999999464 -0.000183568 0.001030528 0.295970082 0.000178748 0.999988973 0.004675308 -0.534594119 -0.001031375 -0.004675122 0.999988496 14.960752487
0.999999464 -0.000813692 0.000505704 0.303301334 0.000811204 0.999987602 0.004901438 -0.569261909 -0.000509687 -0.004901025 0.999987841 15.382781982
0.999999285 -0.000717252 0.000844641 0.315531254 0.000712938 0.999986708 0.005097388 -0.580351293 -0.000848286 -0.005096782 0.999986649 15.820261002
0.999999106 -0.000256757 0.001327722 0.315305114 0.000250126 0.999987483 0.004991688 -0.597953498 -0.001328987 -0.004991352 0.999986649 16.275356293
0.999998450 -0.001064212 0.001480686 0.332711875 0.001056906 0.999987364 0.004925986 -0.617088377 -0.001485910 -0.004924414 0.999986768 16.686368942
0.999997377 -0.000351584 0.002256178 0.325312018 0.000339434 0.999985456 0.005383193 -0.627309680 -0.002258038 -0.005382414 0.999982953 17.151386261
0.999996483 -0.000582205 0.002593867 0.334447950 0.000567479 0.999983788 0.005674528 -0.636956751 -0.002597128 -0.005673036 0.999980569 17.625808716
0.999995708 -0.000992359 0.002746663 0.345629126 0.000977224 0.999984264 0.005506389 -0.646905839 -0.002752084 -0.005503681 0.999981046 18.096694946
0.999996305 -0.000564516 0.002660099 0.362637937 0.000549206 0.999983251 0.005752627 -0.670415998 -0.002663301 -0.005751145 0.999979854 18.546524048
0.999995947 -0.000882433 0.002680547 0.373622328 0.000867105 0.999983311 0.005714275 -0.684263170 -0.002685543 -0.005711928 0.999980092 19.010032654
0.999997079 -0.000631089 0.002331162 0.396036804 0.000617230 0.999982178 0.005941277 -0.697564363 -0.002334870 -0.005939821 0.999979556 19.499233246
0.999993861 -0.000321123 0.003479525 0.389680982 0.000297168 0.999976397 0.006882999 -0.727632821 -0.003481653 -0.006881924 0.999970257 19.946500778
0.999993920 -0.001069576 0.003321303 0.404897213 0.001046088 0.999974489 0.007065844 -0.740543842 -0.003328777 -0.007062325 0.999969542 20.438747406
0.999995708 -0.000736709 0.002861382 0.412531346 0.000716848 0.999975741 0.006935833 -0.750079691 -0.002866422 -0.006933752 0.999971926 20.944004059
0.999997139 -0.000824096 0.002260426 0.425272733 0.000808075 0.999974608 0.007079273 -0.764854491 -0.002266203 -0.007077427 0.999972463 21.445117950
0.999997556 -0.001991173 0.000981351 0.428146362 0.001984037 0.999971986 0.007220224 -0.791493535 -0.000995700 -0.007218259 0.999973476 21.926876068
0.999998212 -0.001769940 0.000672466 0.437926650 0.001765048 0.999972522 0.007205629 -0.794339061 -0.000685201 -0.007204430 0.999973834 22.427677155
0.999997139 -0.002373814 0.000277366 0.446618378 0.002371783 0.999971926 0.007105569 -0.805284917 -0.000294226 -0.007104890 0.999974728 22.958002090
0.999996483 -0.002667229 -0.000462804 0.471262306 0.002670482 0.999970794 0.007177413 -0.831117272 0.000443647 -0.007178625 0.999974132 23.423873901
0.999996543 -0.002623339 -0.000330203 0.471665800 0.002625545 0.999972999 0.006865215 -0.841987252 0.000312184 -0.006866059 0.999976397 23.948638916
0.999996603 -0.002275991 -0.001213755 0.484190166 0.002284352 0.999973297 0.006932681 -0.850369453 0.001197944 -0.006935429 0.999975145 24.466180801
0.999995351 -0.002325474 -0.001945949 0.494678289 0.002340066 0.999968886 0.007530415 -0.867300570 0.001928377 -0.007534933 0.999969721 25.004800797
0.999991775 -0.002616499 -0.003087654 0.508003116 0.002640648 0.999965787 0.007843301 -0.883111238 0.003067027 -0.007851390 0.999964416 25.521972656
0.999993801 -0.001657220 -0.003105386 0.514790297 0.001680902 0.999969363 0.007638984 -0.885536313 0.003092631 -0.007644155 0.999965906 26.056722641
0.999981880 -0.004433320 -0.004062147 0.509092033 0.004468934 0.999951303 0.008800630 -0.917922199 0.004022933 -0.008818625 0.999952972 26.626344681
0.999979138 -0.004395950 -0.004736475 0.527091980 0.004437848 0.999950826 0.008871978 -0.936103821 0.004697240 -0.008892813 0.999949455 27.175865173
0.999984443 -0.002918136 -0.004750517 0.523645341 0.002957177 0.999961734 0.008231995 -0.936886549 0.004726313 -0.008245915 0.999954820 27.651803970
0.999983847 -0.002666267 -0.005023425 0.526069701 0.002709030 0.999959946 0.008525107 -0.944716692 0.005000494 -0.008538578 0.999951065 28.203722000
0.999982119 -0.002402458 -0.005477372 0.540788352 0.002449937 0.999959290 0.008678131 -0.963458359 0.005456300 -0.008691397 0.999947250 28.754005432
0.999979377 -0.002901430 -0.005731495 0.541639686 0.002949988 0.999959648 0.008482056 -0.975954890 0.005706654 -0.008498789 0.999947608 29.283256531
0.999976277 -0.003239351 -0.006077465 0.546780586 0.003293452 0.999954820 0.008913287 -0.996180654 0.006048318 -0.008933092 0.999941826 29.808040619
0.999979675 -0.002238510 -0.005968175 0.552486539 0.002287953 0.999962986 0.008290569 -0.996473134 0.005949396 -0.008304056 0.999947846 30.346738815
0.999979377 -0.002035523 -0.006102820 0.558666587 0.002086684 0.999962568 0.008388650 -1.006470799 0.006085517 -0.008401209 0.999946237 30.892711639
0.999973595 -0.002546531 -0.006807381 0.580658436 0.002605364 0.999959230 0.008647680 -1.030226231 0.006785081 -0.008665187 0.999939442 31.425184250
0.999976516 -0.001981656 -0.006554012 0.576261520 0.002039309 0.999959230 0.008801718 -1.047849655 0.006536302 -0.008814878 0.999939799 31.977762222
0.999971807 -0.002488690 -0.007084209 0.604451537 0.002549465 0.999959886 0.008582833 -1.056993723 0.007062566 -0.008600649 0.999938071 32.470382690
0.999967635 -0.002722322 -0.007572953 0.612646103 0.002790711 0.999955237 0.009034807 -1.103291273 0.007548019 -0.009055648 0.999930501 33.033199310
0.999967098 -0.002481010 -0.007732158 0.619072616 0.002548994 0.999958038 0.008794929 -1.110768080 0.007710013 -0.008814349 0.999931455 33.592006683
0.999971330 -0.001802894 -0.007360899 0.618485928 0.001868322 0.999958754 0.008891273 -1.122475982 0.007344565 -0.008904772 0.999933422 34.120960236
0.999969840 -0.001984507 -0.007520520 0.627940536 0.002052248 0.999957383 0.009010451 -1.135571718 0.007502318 -0.009025615 0.999931097 34.645580292
0.999967217 -0.002686455 -0.007636266 0.644838572 0.002759870 0.999949872 0.009619767 -1.145795345 0.007610040 -0.009640528 0.999924600 35.169994354
0.999961972 -0.002628559 -0.008317163 0.631288648 0.002710014 0.999948263 0.009797430 -1.199423552 0.008290980 -0.009819596 0.999917388 35.666492462
0.999964476 -0.001824462 -0.008238217 0.636092186 0.001903910 0.999951661 0.009646226 -1.211149931 0.008220220 -0.009661567 0.999919534 36.218181610
0.999960780 -0.002250254 -0.008573983 0.644640326 0.002337905 0.999944925 0.010226593 -1.228482127 0.008550499 -0.010246238 0.999910951 36.755035400
0.999956369 -0.002341189 -0.009048682 0.654939651 0.002433302 0.999945164 0.010182194 -1.234251261 0.009024347 -0.010203768 0.999907255 37.308933258
0.999950647 -0.002971940 -0.009491548 0.662077188 0.003071264 0.999940455 0.010467139 -1.248730063 0.009459876 -0.010495772 0.999900162 37.858505249
0.999954700 -0.002660735 -0.009144692 0.639223218 0.002755828 0.999942064 0.010401906 -1.251572132 0.009116485 -0.010426634 0.999904037 38.377792358
0.999956965 -0.003024874 -0.008773341 0.625999033 0.003121956 0.999933779 0.011072996 -1.317057729 0.008739267 -0.011099909 0.999900162 38.884628296
0.999957144 -0.002867737 -0.008807166 0.634853244 0.002965586 0.999933779 0.011117217 -1.330538273 0.008774702 -0.011142859 0.999899387 39.425395966
0.999956906 -0.002560471 -0.008925246 0.649631858 0.002661522 0.999932289 0.011328486 -1.347869754 0.008895637 -0.011351754 0.999895990 39.973884583
0.999955118 -0.003016487 -0.008982078 0.651870430 0.003116300 0.999933243 0.011119293 -1.356433153 0.008947939 -0.011146785 0.999897838 40.546138763
0.999955952 -0.002827817 -0.008954328 0.647617877 0.002931050 0.999929190 0.011536759 -1.360996962 0.008921070 -0.011562496 0.999893308 41.033557892
0.999950290 -0.003281561 -0.009415839 0.659613132 0.003390223 0.999927521 0.011547705 -1.365867853 0.009377263 -0.011579053 0.999889016 41.628410339
0.999946773 -0.003445079 -0.009725183 0.678434253 0.003561887 0.999921441 0.012019211 -1.416077375 0.009683012 -0.012053212 0.999880493 42.105621338
0.999943137 -0.003579905 -0.010041669 0.687961102 0.003702828 0.999918103 0.012249485 -1.425084233 0.009996994 -0.012285972 0.999874592 42.653846741
0.999943137 -0.003921868 -0.009919097 0.693143725 0.004045700 0.999913812 0.012495060 -1.438836336 0.009869236 -0.012534481 0.999872744 43.204055786
0.999945283 -0.003734617 -0.009768105 0.695031464 0.003855608 0.999915719 0.012396911 -1.451714993 0.009720983 -0.012433895 0.999875426 43.703460693
0.999945521 -0.003302085 -0.009901684 0.699943423 0.003424074 0.999918103 0.012328510 -1.460278749 0.009860162 -0.012361742 0.999874949 44.227779388
0.999946296 -0.002930643 -0.009946097 0.704569757 0.003051877 0.999920964 0.012195923 -1.471077800 0.009909568 -0.012225622 0.999876082 44.779365540
0.999946177 -0.003043222 -0.009921712 0.719842553 0.003167982 0.999915838 0.012583003 -1.484606743 0.009882583 -0.012613759 0.999871552 45.290431976
0.999943674 -0.003081567 -0.010156477 0.719616294 0.003209754 0.999915123 0.012629182 -1.492394924 0.010116697 -0.012661071 0.999868572 45.832965851
0.999943972 -0.003557762 -0.009970431 0.723194301 0.003681854 0.999915659 0.012455439 -1.507761836 0.009925278 -0.012491453 0.999872684 46.332164764
0.999944150 -0.003623136 -0.009926888 0.727203608 0.003745712 0.999916673 0.012357237 -1.513278723 0.009881288 -0.012393729 0.999874413 46.887752533
0.999948263 -0.003061041 -0.009703521 0.722641945 0.003178198 0.999921918 0.012081315 -1.521129608 0.009665783 -0.012111528 0.999879956 47.434154510
0.999944091 -0.003433655 -0.010003278 0.735626340 0.003561911 0.999911308 0.012831882 -1.543360472 0.009958332 -0.012866794 0.999867618 47.879009247
0.999936283 -0.003868839 -0.010601874 0.745292842 0.004004117 0.999910474 0.012768436 -1.549849987 0.010551525 -0.012810074 0.999862254 48.429141998
0.999945164 -0.003416531 -0.009894509 0.747531176 0.003545350 0.999908805 0.013031215 -1.569926143 0.009849083 -0.013065581 0.999866068 48.930744171
0.999946654 -0.003055896 -0.009862679 0.749798179 0.003184332 0.999910057 0.013033094 -1.577154517 0.009821963 -0.013063807 0.999866366 49.468276978
0.999945581 -0.003358502 -0.009875115 0.748714566 0.003490073 0.999904931 0.013336615 -1.593002915 0.009829385 -0.013370352 0.999862313 49.950931549
0.999945521 -0.003313806 -0.009897304 0.758749127 0.003445589 0.999905288 0.013327839 -1.601040959 0.009852200 -0.013361216 0.999862194 50.489501953
0.999944985 -0.003409498 -0.009918884 0.752323270 0.003541962 0.999904394 0.013368012 -1.608488798 0.009872359 -0.013402407 0.999861419 50.989120483
0.999946237 -0.003136771 -0.009884209 0.759997129 0.003266709 0.999908090 0.013157395 -1.617118001 0.009842031 -0.013188974 0.999864578 51.541271210
0.999948084 -0.003026212 -0.009724609 0.763999641 0.003158075 0.999902904 0.013573135 -1.632579327 0.009682586 -0.013603142 0.999860585 52.039100647
0.999948442 -0.003203380 -0.009631707 0.768719256 0.003332564 0.999904335 0.013426393 -1.641093016 0.009587774 -0.013457800 0.999863505 52.580619812
0.999946415 -0.003280755 -0.009818439 0.773293614 0.003411550 0.999905288 0.013334420 -1.652189732 0.009773763 -0.013367202 0.999862850 53.087287903
0.999947667 -0.003193066 -0.009722056 0.779821336 0.003324010 0.999903619 0.013482588 -1.663372993 0.009678068 -0.013514198 0.999861836 53.620178223
0.999945819 -0.003349654 -0.009855157 0.785551906 0.003479940 0.999906421 0.013232804 -1.673303127 0.009809908 -0.013266383 0.999863923 54.180088043
0.999948323 -0.002828088 -0.009760444 0.796807408 0.002959826 0.999904394 0.013509125 -1.678461194 0.009721303 -0.013537317 0.999861062 54.648155212
0.999948800 -0.002808733 -0.009726938 0.809545338 0.002941225 0.999902725 0.013633714 -1.689459801 0.009687697 -0.013661623 0.999859750 55.189373016
0.999952078 -0.002871675 -0.009357681 0.803583562 0.003000574 0.999900460 0.013789851 -1.701611280 0.009317149 -0.013817269 0.999861062 55.742561340
0.999949217 -0.003070437 -0.009602072 0.809444010 0.003197893 0.999906600 0.013286797 -1.712103128 0.009560377 -0.013316828 0.999865592 56.294189453
0.999954224 -0.002898419 -0.009127887 0.810302794 0.003024044 0.999900460 0.013779201 -1.744467497 0.009087039 -0.013806172 0.999863327 56.785335541
0.999946654 -0.003011289 -0.009880692 0.829200923 0.003146202 0.999901652 0.013667241 -1.731890559 0.009838563 -0.013697598 0.999857783 57.236351013
0.999950349 -0.002621574 -0.009625015 0.834579229 0.002756247 0.999898076 0.014005416 -1.739196181 0.009587316 -0.014031246 0.999855638 57.784503937
0.999950945 -0.002145429 -0.009673812 0.845626235 0.002280757 0.999899387 0.013999813 -1.748051286 0.009642803 -0.014021190 0.999855220 58.321842194
0.999944627 -0.003095821 -0.010057513 0.847205937 0.003238063 0.999894500 0.014157530 -1.763377428 0.010012623 -0.014189311 0.999849141 58.814430237
0.999944270 -0.003162433 -0.010069187 0.853226423 0.003306075 0.999892533 0.014280955 -1.766672254 0.010022943 -0.014313449 0.999847293 59.374294281
0.999943733 -0.003528959 -0.010002585 0.871834278 0.003671511 0.999891460 0.014269147 -1.787456751 0.009951144 -0.014305068 0.999848127 59.888183594
0.999944866 -0.002879057 -0.010098923 0.875582159 0.003026337 0.999888897 0.014598980 -1.794468999 0.010055767 -0.014628736 0.999842405 60.454998016
0.999936938 -0.003600536 -0.010640538 0.876571238 0.003754805 0.999887645 0.014514036 -1.804675102 0.010587085 -0.014553075 0.999838054 60.995758057
0.999949753 -0.002156213 -0.009795038 0.908535659 0.002305936 0.999880254 0.015300045 -1.839476347 0.009760877 -0.015321862 0.999834955 61.148345947
0.999949396 -0.001982397 -0.009865344 0.908057868 0.002133567 0.999880135 0.015336429 -1.840074778 0.009833761 -0.015356700 0.999833643 61.710380554
0.999948084 -0.001772854 -0.010036320 0.919934988 0.001924861 0.999883235 0.015156370 -1.850704074 0.010008279 -0.015174900 0.999834716 62.265884399
0.999952376 -0.001540262 -0.009642735 0.917281508 0.001686999 0.999882638 0.015227731 -1.861263037 0.009618149 -0.015243273 0.999837577 62.755233765
0.999951720 -0.001051936 -0.009781157 0.916509748 0.001203674 0.999878824 0.015520394 -1.924606800 0.009763642 -0.015531416 0.999831736 63.421363831
0.999951661 -0.000956132 -0.009789591 0.922171533 0.001108879 0.999877572 0.015609546 -1.933302045 0.009773467 -0.015619646 0.999830246 63.975879669
0.999952912 -0.000992055 -0.009655802 0.928434134 0.001144657 0.999874294 0.015811469 -1.940612555 0.009638902 -0.015821777 0.999828458 64.536972046
0.999952316 -0.000772646 -0.009738862 0.940001488 0.000923641 0.999879301 0.015509380 -1.945601583 0.009725702 -0.015517635 0.999832332 65.080223083
0.999958158 -0.000461703 -0.009134653 0.934255540 0.000604966 0.999876797 0.015686806 -1.962241888 0.009126283 -0.015691675 0.999835253 65.520126343
0.999950051 -0.001440948 -0.009887157 0.949597716 0.001592001 0.999881923 0.015286910 -1.960059285 0.009863961 -0.015301889 0.999834239 66.083251953
0.999942601 -0.002114896 -0.010498103 0.963408589 0.002275645 0.999880016 0.015323978 -1.975739717 0.010464435 -0.015346989 0.999827445 66.589462280
0.999958634 -0.001233287 -0.009014664 0.905365348 0.001372770 0.999879181 0.015483167 -1.972034812 0.008994481 -0.015494899 0.999839485 67.176300049
0.999955952 -0.001433264 -0.009276640 0.915823758 0.001574703 0.999882400 0.015257535 -1.974918127 0.009253681 -0.015271471 0.999840558 67.726951599
0.999950528 -0.001815823 -0.009775259 0.932190061 0.001966930 0.999878407 0.015470741 -1.993655086 0.009745979 -0.015489202 0.999832511 68.253356934
0.999953568 -0.001483755 -0.009522181 0.934807420 0.001630987 0.999878883 0.015472955 -1.990312219 0.009498069 -0.015487765 0.999834955 68.783897400
0.999954462 -0.001336045 -0.009448837 0.942742050 0.001480604 0.999881744 0.015308663 -1.994258165 0.009427267 -0.015321956 0.999838173 69.323394775
0.999958575 -0.001137356 -0.009034304 0.932177961 0.001266529 0.999896765 0.014305204 -1.988696814 0.009017103 -0.014316052 0.999856830 69.837020874
0.999956787 -0.001393780 -0.009190649 0.928416133 0.001535751 0.999879301 0.015458493 -2.036506176 0.009167995 -0.015471942 0.999838233 70.276191711
0.999959350 -0.000634798 -0.008986964 0.925745487 0.000770773 0.999885201 0.015134800 -2.043277264 0.008976325 -0.015141115 0.999845028 70.827674866
0.999963462 -0.000134764 -0.008555643 0.924044430 0.000263255 0.999887168 0.015018932 -2.045424461 0.008552656 -0.015020634 0.999850571 71.391593933
0.999958217 -0.001001855 -0.009086817 0.952169538 0.001140644 0.999882519 0.015281337 -2.055936813 0.009070438 -0.015291065 0.999841928 71.871040344
0.999954104 -0.001333130 -0.009489966 0.950688004 0.001470823 0.999893546 0.014517163 -2.043535233 0.009469602 -0.014530455 0.999849558 72.472839355
0.999955893 -0.001506553 -0.009268251 0.969830096 0.001645195 0.999886572 0.014969451 -2.063014984 0.009244648 -0.014984038 0.999844968 72.950279236
0.999954522 -0.001332031 -0.009433641 0.972716391 0.001470258 0.999891400 0.014660764 -2.071393967 0.009413088 -0.014673967 0.999848008 73.503524780
0.999953866 -0.001757424 -0.009438576 0.976685464 0.001896484 0.999889433 0.014744421 -2.079936266 0.009411621 -0.014761643 0.999846697 74.024192810
0.999952316 -0.001616708 -0.009631506 0.985610306 0.001759899 0.999887764 0.014877050 -2.088559389 0.009606374 -0.014893292 0.999842882 74.544624329
0.999964833 -0.000533190 -0.008366425 0.940887988 0.000656881 0.999890447 0.014788419 -2.098874092 0.008357622 -0.014793394 0.999855578 75.049423218
0.999967158 0.000003697 -0.008098586 0.951953351 0.000116308 0.999890208 0.014817395 -2.119029045 0.008097751 -0.014817852 0.999857426 75.610435486
0.999958277 -0.001359558 -0.009034354 0.989267766 0.001498485 0.999880433 0.015388658 -2.112069130 0.009012354 -0.015401554 0.999840736 76.051277161
0.999956846 -0.001929097 -0.009091332 0.996680439 0.002070151 0.999877274 0.015531501 -2.119237423 0.009060254 -0.015549651 0.999837995 76.607635498
0.999959707 -0.001742036 -0.008817151 0.993784070 0.001875781 0.999882996 0.015183278 -2.127270699 0.008789668 -0.015199202 0.999845862 77.103919983
0.999957740 -0.001848969 -0.009005981 1.006838083 0.001984706 0.999884248 0.015086358 -2.137229919 0.008977043 -0.015103595 0.999845564 77.615921021
0.999958813 -0.001563709 -0.008938331 1.010333419 0.001698604 0.999884427 0.015104118 -2.147973776 0.008913683 -0.015118679 0.999845982 78.154151917
0.999963403 -0.001524868 -0.008420439 1.023292422 0.001651748 0.999884903 0.015081780 -2.142500401 0.008396474 -0.015095137 0.999850750 78.631668091
0.999972522 -0.001335826 -0.007286781 1.029310822 0.001442532 0.999891520 0.014658303 -2.146522522 0.007266412 -0.014668413 0.999865949 79.178070068
0.999977529 -0.002033038 -0.006385474 1.044952154 0.002129375 0.999883473 0.015116532 -2.165941477 0.006353998 -0.015129789 0.999865353 79.729164124
0.999986351 -0.002081423 -0.004788153 1.040428996 0.002152586 0.999886572 0.014905627 -2.161767960 0.004756585 -0.014915735 0.999877453 80.298698425
0.999997675 -0.001741776 -0.001215548 1.055413127 0.001759678 0.999887645 0.014884875 -2.170456886 0.001189485 -0.014886983 0.999888480 80.842849731
0.999994099 -0.002358366 0.002492361 1.081514478 0.002320671 0.999884546 0.015020408 -2.177894592 -0.002527497 -0.015014537 0.999884069 81.374237061
0.999982476 -0.001839151 0.005623905 1.094179511 0.001756120 0.999889910 0.014733484 -2.183310032 -0.005650383 -0.014723347 0.999875665 81.923248291
0.999949336 -0.003317638 0.009505991 1.126399398 0.003186771 0.999900401 0.013748994 -2.158182621 -0.009550657 -0.013718002 0.999860287 82.550949097
0.999865234 -0.002026310 0.016291952 1.140061617 0.001785911 0.999889493 0.014756764 -2.196047783 -0.016320053 -0.014725680 0.999758363 82.979598999
0.999761403 -0.002490626 0.021700231 1.171880603 0.002173556 0.999890745 0.014622745 -2.202497482 -0.021734279 -0.014572091 0.999657512 83.527023315
0.999605954 -0.001533251 0.028033601 1.190943718 0.001121399 0.999891222 0.014701194 -2.216988325 -0.028053099 -0.014663965 0.999498844 84.118759155
0.999358416 -0.001409547 0.035788421 1.230293632 0.000887804 0.999893069 0.014590275 -2.221076488 -0.035805158 -0.014549141 0.999252856 84.681724548
0.999052227 -0.002931779 0.043428291 1.289975166 0.002311981 0.999894857 0.014315104 -2.230412483 -0.043465693 -0.014201132 0.998953998 85.229209900
0.998741210 -0.003437195 0.050042130 1.338788986 0.002731139 0.999895811 0.014170800 -2.233381987 -0.050085634 -0.014016291 0.998646617 85.778198242
0.998277009 -0.003094730 0.058595050 1.397092819 0.002258752 0.999894798 0.014327909 -2.238679171 -0.058633219 -0.014170869 0.998179018 86.281669617
0.997606277 -0.003280499 0.069071747 1.453373432 0.002302248 0.999895930 0.014237678 -2.246453047 -0.069111265 -0.014044580 0.997510076 86.808708191
0.996992648 -0.003464433 0.077418923 1.510027409 0.002342646 0.999890983 0.014575949 -2.252286673 -0.077460989 -0.014350746 0.996892095 87.391685486
0.996345937 -0.003658331 0.085330710 1.573805809 0.002446069 0.999894619 0.014306854 -2.259359837 -0.085374057 -0.014045850 0.996249974 87.936325073
0.995451927 -0.003888450 0.095185436 1.666142941 0.002523469 0.999892294 0.014456405 -2.274427652 -0.095231391 -0.014150457 0.995354593 88.419723511
0.994389296 -0.004761382 0.105675392 1.753258228 0.003269081 0.999892473 0.014290297 -2.283423901 -0.105732076 -0.013864657 0.994297981 88.961791992
0.993327320 -0.004938199 0.115222812 1.832642555 0.003311289 0.999892175 0.014306813 -2.288606644 -0.115281016 -0.013829815 0.993236661 89.520576477
0.992013752 -0.005159569 0.126023933 1.936783791 0.003362380 0.999889672 0.014469253 -2.294681549 -0.126084670 -0.013929960 0.991921663 90.091117859
0.990387797 -0.005214340 0.138220340 2.031537056 0.003223716 0.999887884 0.014621777 -2.304880857 -0.138281092 -0.014035648 0.990293562 90.630256653
0.988862038 -0.006142521 0.148707777 2.137896538 0.004032615 0.999886870 0.014485634 -2.312982559 -0.148779929 -0.013724615 0.988775134 91.168609619
0.987245142 -0.006747008 0.159064144 2.257474899 0.004514220 0.999886215 0.014394180 -2.314939499 -0.159143120 -0.013492532 0.987163305 91.692146301
0.985102057 -0.006521575 0.171846807 2.377464294 0.004024849 0.999881268 0.014873210 -2.330004692 -0.171923399 -0.013959972 0.985011399 92.227653503
0.982884705 -0.007070397 0.184086800 2.499733925 0.004414042 0.999880195 0.014835703 -2.332986116 -0.184169680 -0.013769215 0.982798040 92.771102905
0.980898678 -0.007153850 0.194387674 2.626276016 0.004329968 0.999878883 0.014948081 -2.339475632 -0.194471061 -0.013820861 0.980810821 93.302955627
0.978203297 -0.007372696 0.207518592 2.762372971 0.004320068 0.999875724 0.015159486 -2.347679615 -0.207604587 -0.013932563 0.978113592 93.834205627
0.975358844 -0.008372787 0.220465422 2.911190033 0.005237217 0.999876738 0.014803181 -2.347122192 -0.220562175 -0.013283787 0.975282431 94.384040833
0.972728074 -0.008476414 0.231793568 3.054254532 0.005239486 0.999880135 0.014576770 -2.350213766 -0.231889307 -0.012964757 0.972655714 94.926727295
0.969740927 -0.009245886 0.243961066 3.231502533 0.005812065 0.999873638 0.014791386 -2.372511864 -0.244066983 -0.012925897 0.969672203 95.465324402
0.966215551 -0.009321072 0.257566750 3.396930695 0.005619135 0.999870062 0.015105085 -2.382379293 -0.257674098 -0.013147466 0.966142356 95.979072571
0.962882519 -0.009064624 0.269768655 3.568519592 0.005087528 0.999867857 0.015438166 -2.389158726 -0.269872934 -0.013492688 0.962801337 96.525108337
0.959619761 -0.010154150 0.281117022 3.776664734 0.006172745 0.999867797 0.015044691 -2.381477833 -0.281232685 -0.012701920 0.959555566 97.137145996
0.955471456 -0.009936962 0.294916034 3.952819824 0.005583204 0.999862731 0.015601073 -2.384722948 -0.295030534 -0.013259804 0.955395758 97.605186462
0.950952113 -0.010190058 0.309170306 4.146684647 0.005729673 0.999866009 0.015331514 -2.390880585 -0.309285134 -0.012808090 0.950883031 98.182853699
0.947333813 -0.011107884 0.320054859 4.346956253 0.006409976 0.999855697 0.015728230 -2.406331778 -0.320183367 -0.012848340 0.947268426 98.672615051
0.943009913 -0.011542510 0.332564443 4.561157227 0.006764290 0.999856651 0.015521994 -2.407158613 -0.332695931 -0.012387832 0.942952812 99.188400269
0.937947273 -0.011571346 0.346584827 4.773235321 0.006708009 0.999861538 0.015228552 -2.409641266 -0.346713066 -0.011958684 0.937895000 99.701950073
0.933446109 -0.012958827 0.358483583 4.998872757 0.007745019 0.999842286 0.015976263 -2.422152042 -0.358634055 -0.012136518 0.933399320 100.203948975
0.929286778 -0.012859469 0.369135022 5.221376419 0.007686386 0.999850631 0.015481302 -2.423743248 -0.369278967 -0.011549256 0.929246843 100.715042114
0.923779845 -0.012922107 0.382705718 5.455516815 0.007594342 0.999852061 0.015428815 -2.423364639 -0.382848471 -0.011346431 0.923741460 101.222862244
0.918064475 -0.012915166 0.396220595 5.686073303 0.007402664 0.999853313 0.015438753 -2.428061008 -0.396361917 -0.011240682 0.918025553 101.709770203
0.913539708 -0.014445213 0.406493038 5.958343506 0.008713957 0.999834895 0.015946845 -2.456347704 -0.406656265 -0.011025912 0.913514674 102.160964966
0.907058060 -0.014143638 0.420767695 6.189449310 0.008396732 0.999844432 0.015507640 -2.456955910 -0.420921654 -0.010533257 0.907035768 102.630455017
0.900570631 -0.014961082 0.434452206 6.492877960 0.008782935 0.999829710 0.016224762 -2.470757961 -0.434620976 -0.010795780 0.900548697 103.157745361
0.894732535 -0.015440729 0.446335346 6.760272980 0.009116020 0.999825239 0.016314268 -2.481307983 -0.446509302 -0.010528103 0.894717038 103.627227783
0.889267564 -0.015958728 0.457108766 7.041877747 0.009607241 0.999822378 0.016216025 -2.476457119 -0.457286328 -0.010028829 0.889262974 104.131874084
0.882040441 -0.016372494 0.470889181 7.309360504 0.009543279 0.999811769 0.016886894 -2.490746021 -0.471077025 -0.010401094 0.882030845 104.578918457
