1.000000000 0.000000000 0.000000000 0.000000000 0.000000000 1.000000000 0.000000000 0.000000000 0.000000000 0.000000000 1.000000000 0.000000000
1.000000000 0.000031587 0.000043441 0.000262677 -0.000031592 1.000000000 0.000120064 -0.000651986 -0.000043438 -0.000120066 1.000000000 -0.000437973
1.000000000 0.000080925 -0.000115364 0.001006647 -0.000080918 1.000000000 0.000058582 -0.000700753 0.000115369 -0.000058573 1.000000000 -0.000837460
1.000000000 0.000050523 -0.000035877 0.000005111 -0.000050520 1.000000000 0.000066518 -0.000554521 0.000035881 -0.000066516 1.000000000 0.000624753
1.000000000 0.000118709 -0.000021077 -0.000553463 -0.000118709 1.000000000 0.000021859 -0.000153820 0.000021080 -0.000021857 1.000000000 -0.000470301
1.000000000 0.000105043 -0.000050827 -0.000325345 -0.000105044 1.000000000 -0.000026065 -0.000021374 0.000050824 0.000026070 1.000000000 -0.000049603
1.000000000 0.000109994 -0.000077763 0.000592872 -0.000109995 1.000000000 -0.000019232 -0.000518284 0.000077761 0.000019241 1.000000000 -0.001052458
1.000000000 0.000003147 -0.000067303 0.000941340 -0.000003150 1.000000000 -0.000042164 0.000235608 0.000067303 0.000042164 1.000000000 -0.000245918
1.000000000 -0.000109470 0.000012807 0.000552695 0.000109470 1.000000000 -0.000024699 -0.000251214 -0.000012805 0.000024701 1.000000000 -0.001017079
1.000000000 -0.000175161 -0.000034377 0.000892725 0.000175158 1.000000000 -0.000087598 0.001600944 0.000034392 0.000087591 1.000000000 0.002566266
1.000000000 -0.000112375 -0.000036594 0.000353680 0.000112375 1.000000000 -0.000011243 0.000043159 0.000036596 0.000011239 1.000000000 0.001831119
1.000000000 0.000008545 0.000075909 -0.000673438 -0.000008533 1.000000000 -0.000162203 0.001924077 -0.000075911 0.000162202 1.000000000 0.002707982
1.000000000 -0.000139085 0.000018368 -0.000549737 0.000139084 1.000000000 0.000067900 0.000076054 -0.000018378 -0.000067897 1.000000000 0.001525134
1.000000000 -0.000024210 0.000008895 -0.000423730 0.000024209 1.000000000 0.000098870 -0.000041943 -0.000008897 -0.000098870 1.000000000 0.001464082
1.000000000 -0.000200358 -0.000122880 0.001139873 0.000200367 1.000000000 0.000070087 -0.000471514 0.000122866 -0.000070111 1.000000000 0.000271410
1.000000000 0.000008884 0.000036910 -0.000875550 -0.000008884 1.000000000 0.000010079 -0.000232584 -0.000036910 -0.000010079 1.000000000 -0.000023088
0.999999940 0.000234268 0.000190469 -0.001971367 -0.000234285 0.999999940 0.000090640 -0.000566610 -0.000190448 -0.000090684 1.000000000 0.000074616
1.000000000 -0.000038286 -0.000130419 0.000322051 0.000038272 1.000000000 -0.000109368 0.000758845 0.000130423 0.000109363 1.000000000 0.000546453
1.000000000 -0.000205040 0.000007054 0.000207757 0.000205040 1.000000000 -0.000001123 -0.000163283 -0.000007054 0.000001124 1.000000000 0.000680294
1.000000000 -0.000002981 0.000119057 -0.000332719 0.000002979 1.000000000 0.000013886 -0.000142821 -0.000119057 -0.000013886 1.000000000 0.000979250
1.000000000 0.000059432 0.000035839 -0.001039689 -0.000059431 1.000000000 -0.000042494 0.000509001 -0.000035841 0.000042492 1.000000000 0.001758473
1.000000000 -0.000084725 -0.000074831 0.000148013 0.000084724 1.000000000 -0.000013402 0.000589750 0.000074833 0.000013396 1.000000000 0.000282864
1.000000000 -0.000055143 -0.000042726 0.000956602 0.000055145 1.000000000 0.000042797 0.000195235 0.000042724 -0.000042799 1.000000000 0.001755657
1.000000000 0.000023828 0.000162662 -0.000685987 -0.000023825 1.000000000 -0.000021699 0.000970760 -0.000162662 0.000021695 1.000000000 0.000098733
1.000000000 -0.000118083 -0.000096806 0.000777912 0.000118084 1.000000000 0.000001944 0.000221290 0.000096806 -0.000001956 1.000000000 0.000375764
1.000000000 -0.000021872 -0.000027612 -0.000136953 0.000021869 1.000000000 -0.000101675 0.000848582 0.000027614 0.000101674 1.000000000 0.000147942
1.000000000 0.000102279 0.000080446 -0.000746604 -0.000102275 1.000000000 -0.000056362 -0.000591007 -0.000080452 0.000056354 1.000000000 -0.001439268
1.000000000 0.000037235 -0.000047267 -0.000081451 -0.000037238 1.000000000 -0.000065854 0.000528539 0.000047264 0.000065855 1.000000000 0.000450799
1.000000000 -0.000035627 -0.000037940 -0.000958338 0.000035627 1.000000000 0.000003046 0.001446591 0.000037939 -0.000003047 1.000000000 0.002673597
1.000000000 0.000037403 0.000158003 -0.001598059 -0.000037397 1.000000000 -0.000038593 0.001205379 -0.000158004 0.000038587 1.000000000 0.001894122
1.000000000 -0.000103141 -0.000054431 0.000342423 0.000103143 1.000000000 0.000037109 0.000209899 0.000054427 -0.000037114 1.000000000 -0.000380744
1.000000000 0.000067024 0.000065944 -0.001644520 -0.000067024 1.000000000 0.000000818 0.000710679 -0.000065944 -0.000000823 1.000000000 0.002098354
1.000000000 0.000023823 0.000112684 -0.001321003 -0.000023815 1.000000000 -0.000074291 0.000773054 -0.000112686 0.000074288 1.000000000 0.002594076
1.000000000 -0.000046799 0.000020007 -0.000662668 0.000046798 1.000000000 0.000019085 0.000866134 -0.000020008 -0.000019084 1.000000000 0.001900615
1.000000000 -0.000014440 0.000112627 -0.001422733 0.000014449 1.000000000 -0.000088367 0.002283252 -0.000112626 0.000088368 1.000000000 0.003715348
1.000000000 0.000092352 0.000159717 -0.002379299 -0.000092338 1.000000000 -0.000087533 0.002836780 -0.000159725 0.000087518 1.000000000 0.003604681
1.000000000 -0.000201569 0.000052091 -0.000820120 0.000201568 1.000000000 0.000031433 0.000790361 -0.000052097 -0.000031423 1.000000000 0.001904748
1.000000000 -0.000054272 0.000084307 -0.001197546 0.000054266 1.000000000 0.000073266 0.000813778 -0.000084311 -0.000073261 1.000000000 0.001592141
1.000000000 -0.000116678 0.000021153 -0.000592302 0.000116679 1.000000000 -0.000024876 0.001282966 -0.000021150 0.000024879 1.000000000 0.002057338
0.999999940 -0.000033787 0.000245898 -0.001765149 0.000033788 1.000000000 -0.000003735 -0.000235741 -0.000245898 0.000003743 0.999999940 0.002051313
0.999999940 -0.000119126 0.000326947 -0.001530905 0.000119357 0.999999762 -0.000706374 -0.001462875 -0.000326863 0.000706413 0.999999702 0.052841634
0.999999940 0.000205293 0.000226483 -0.000910110 -0.000204988 0.999999046 -0.001348127 -0.003450233 -0.000226760 0.001348081 0.999999046 0.136532977
0.999999821 0.000555679 0.000031989 0.002675529 -0.000555629 0.999998689 -0.001530588 -0.003251608 -0.000032839 0.001530570 0.999998808 0.255899936
0.999999940 0.000282945 0.000061947 0.004166820 -0.000282873 0.999999285 -0.001157303 -0.013620874 -0.000062274 0.001157285 0.999999344 0.382920384
0.999999881 0.000411710 0.000141517 0.006833946 -0.000411566 0.999999404 -0.001014568 -0.017098729 -0.000141934 0.001014510 0.999999464 0.526660860
0.999999940 0.000258981 -0.000061276 0.015678257 -0.000259061 0.999999106 -0.001321355 -0.015785437 0.000060934 0.001321370 0.999999106 0.682407796
1.000000000 0.000087267 0.000192834 0.016780740 -0.000087047 0.999999344 -0.001139324 -0.020150000 -0.000192933 0.001139308 0.999999344 0.853527009
0.999999940 0.000307744 0.000077063 0.017048618 -0.000307687 0.999999702 -0.000743764 -0.027172884 -0.000077292 0.000743740 0.999999702 1.018787146
0.999999940 0.000168019 0.000214433 0.017330950 -0.000167963 0.999999940 -0.000264234 -0.035196301 -0.000214478 0.000264198 0.999999940 1.191258550
0.999999940 0.000379834 0.000139348 0.020247081 -0.000379751 0.999999762 -0.000601209 -0.036013700 -0.000139577 0.000601156 0.999999821 1.375867248
0.999999940 0.000331305 -0.000012227 0.030961733 -0.000331311 0.999999821 -0.000445153 -0.044035446 0.000012080 0.000445157 0.999999881 1.571998000
0.999999344 0.000872389 0.000766371 0.023397343 -0.000872147 0.999999583 -0.000316031 -0.049251501 -0.000766647 0.000315363 0.999999642 1.765703440
0.999999940 0.000293263 -0.000149182 0.043471705 -0.000293340 0.999999821 -0.000520330 -0.049141809 0.000149029 0.000520374 0.999999881 1.962230682
0.999999523 0.000599726 0.000805967 0.030808177 -0.000599179 0.999999583 -0.000677927 -0.052856233 -0.000806373 0.000677444 0.999999464 2.185788870
0.999999046 0.000969923 0.000984211 0.031666242 -0.000969548 0.999999464 -0.000381912 -0.068294756 -0.000984581 0.000380958 0.999999464 2.381458759
0.999998152 0.001960604 0.000213608 0.050085422 -0.001960574 0.999998212 -0.000144763 -0.074897587 -0.000213891 0.000144344 0.999999940 2.584210396
0.999999404 0.000977902 0.000549720 0.056830652 -0.000978040 0.999999583 0.000251618 -0.086344145 -0.000549474 -0.000252156 0.999999821 2.802055597
0.999996305 0.002711597 0.000510261 0.055037782 -0.002711535 0.999996305 -0.000122639 -0.087617517 -0.000510591 0.000121255 0.999999881 3.042690992
0.999996960 0.002456402 0.000284411 0.065014899 -0.002456295 0.999996901 -0.000376218 -0.091751114 -0.000285334 0.000375518 0.999999881 3.279264450
0.999997735 0.002082432 0.000445768 0.070242502 -0.002082483 0.999997795 0.000113867 -0.104926974 -0.000445530 -0.000114795 0.999999940 3.515915394
0.999995649 0.002830203 0.000769967 0.069550298 -0.002830077 0.999995947 -0.000163582 -0.107274331 -0.000770426 0.000161402 0.999999702 3.778693438
0.999994576 0.003149789 0.000976514 0.070277765 -0.003149326 0.999994874 -0.000475832 -0.110951006 -0.000978007 0.000472754 0.999999404 4.039391518
0.999994278 0.003208050 0.001071091 0.075726166 -0.003208046 0.999994814 -0.000004750 -0.120620228 -0.001071100 0.000001314 0.999999464 4.289896011
0.999995112 0.002941501 0.001093556 0.081288666 -0.002941586 0.999995708 0.000076768 -0.124460600 -0.001093325 -0.000079984 0.999999404 4.540398121
0.999995947 0.002675976 0.000876344 0.090607174 -0.002675934 0.999996364 -0.000049646 -0.133611679 -0.000876474 0.000047301 0.999999642 4.810589790
0.999996424 0.002551533 0.000831495 0.093747042 -0.002551423 0.999996722 -0.000133855 -0.136559844 -0.000831834 0.000131733 0.999999702 5.076646328
0.999994814 0.002991824 0.001205748 0.097674802 -0.002991327 0.999995470 -0.000413670 -0.147589445 -0.001206980 0.000410061 0.999999225 5.334020138
0.999995649 0.002784251 0.000940260 0.113318905 -0.002784117 0.999996126 -0.000143968 -0.153862551 -0.000940657 0.000141349 0.999999583 5.593543530
0.999995828 0.002548056 0.001341725 0.105506644 -0.002547926 0.999996722 -0.000099178 -0.162349418 -0.001341974 0.000095759 0.999999106 5.875570297
0.999996543 0.002301993 0.001250853 0.114329010 -0.002301967 0.999997318 -0.000023036 -0.172948927 -0.001250902 0.000020156 0.999999225 6.151648998
0.999993742 0.003072401 0.001739534 0.114836693 -0.003072941 0.999995232 0.000308019 -0.181147411 -0.001738579 -0.000313362 0.999998510 6.433170795
0.999994338 0.002858672 0.001750978 0.122595944 -0.002858977 0.999995887 0.000171686 -0.192160144 -0.001750480 -0.000176691 0.999998510 6.707458496
0.999993384 0.003190627 0.001744731 0.125746027 -0.003190592 0.999994874 -0.000022883 -0.196534529 -0.001744796 0.000017316 0.999998450 6.996369362
0.999994159 0.002824814 0.001960560 0.130100101 -0.002824169 0.999996006 -0.000332055 -0.200752109 -0.001961491 0.000326516 0.999998093 7.295342922
0.999994040 0.002913300 0.001854462 0.142597720 -0.002912751 0.999995768 -0.000298697 -0.214687482 -0.001855324 0.000293294 0.999998271 7.602644444
0.999994159 0.002919470 0.001758237 0.153698698 -0.002920361 0.999995589 0.000504094 -0.231802240 -0.001756758 -0.000509226 0.999998271 7.900005341
0.999996126 0.002526606 0.001136841 0.162785590 -0.002527103 0.999996722 0.000435925 -0.240394920 -0.001135736 -0.000438797 0.999999285 8.268031120
0.999996245 0.002553984 0.001035558 0.175338969 -0.002554588 0.999996603 0.000582198 -0.254218519 -0.001034068 -0.000584841 0.999999344 8.586238861
0.999995947 0.002378815 0.001559230 0.184225187 -0.002380441 0.999996603 0.001042160 -0.268283933 -0.001556745 -0.001045867 0.999998271 8.916508675
0.999995887 0.002523710 0.001421750 0.186459258 -0.002525032 0.999996364 0.000929061 -0.276977748 -0.001419400 -0.000932647 0.999998569 9.263829231
0.999994636 0.003026536 0.001293044 0.201831192 -0.003027379 0.999995172 0.000650882 -0.279971153 -0.001291068 -0.000654793 0.999998927 9.600551605
0.999996126 0.002339520 0.001455837 0.187227964 -0.002339976 0.999997139 0.000311458 -0.280704081 -0.001455104 -0.000314863 0.999998868 9.958749771
0.999994695 0.002860094 0.001531201 0.193592727 -0.002860496 0.999995828 0.000259749 -0.290111125 -0.001530452 -0.000264128 0.999998748 10.318347931
0.999994636 0.002577674 0.002009729 0.196609467 -0.002578439 0.999996603 0.000378609 -0.306256384 -0.002008747 -0.000383789 0.999997914 10.674509048
0.999995232 0.002395813 0.001916649 0.206600189 -0.002396727 0.999997020 0.000474747 -0.315247327 -0.001915506 -0.000479339 0.999998033 11.044417381
0.999994278 0.002696459 0.002037147 0.211169541 -0.002697142 0.999996245 0.000332357 -0.326142222 -0.002036243 -0.000337850 0.999997854 11.422431946
0.999994755 0.002597623 0.001930270 0.223911136 -0.002599012 0.999996364 0.000717543 -0.337149799 -0.001928399 -0.000722556 0.999997914 11.798332214
0.999994934 0.002501444 0.001974652 0.230306908 -0.002500900 0.999996841 -0.000277945 -0.342545211 -0.001975341 0.000273005 0.999998033 12.197251320
0.999995768 0.002119628 0.001984686 0.244329065 -0.002119788 0.999997735 0.000078898 -0.358911514 -0.001984514 -0.000083105 0.999998033 12.587130547
0.999995470 0.002276724 0.001943324 0.252028406 -0.002277808 0.999997258 0.000555766 -0.370652795 -0.001942054 -0.000560190 0.999997973 12.985151291
0.999994636 0.002517423 0.002077293 0.257220596 -0.002517677 0.999996841 0.000119793 -0.380008698 -0.002076985 -0.000125023 0.999997854 13.387284279
0.999994099 0.002115291 0.002718086 0.266221166 -0.002116814 0.999997616 0.000557600 -0.390878350 -0.002716900 -0.000563350 0.999996185 13.800676346
0.999993563 0.002443495 0.002630621 0.272282541 -0.002443557 0.999996960 0.000020624 -0.398551732 -0.002630563 -0.000027052 0.999996483 14.219445229
0.999993980 0.002244594 0.002639801 0.285102814 -0.002244180 0.999997497 -0.000159986 -0.409481615 -0.002640154 0.000154061 0.999996483 14.645113945
0.999990463 0.002963334 0.003200356 0.289983809 -0.002963672 0.999995649 0.000100818 -0.421958327 -0.003200044 -0.000110302 0.999994814 15.078008652
0.999992728 0.002108420 0.003168378 0.308286905 -0.002109024 0.999997735 0.000187189 -0.437945724 -0.003167977 -0.000193870 0.999994874 15.505325317
0.999990821 0.002413178 0.003532958 0.317682147 -0.002413129 0.999997079 -0.000017950 -0.448613912 -0.003532991 0.000009424 0.999993742 15.945794106
0.999991119 0.002200355 0.003623626 0.327049851 -0.002200708 0.999997556 0.000093224 -0.459437817 -0.003623413 -0.000101198 0.999993443 16.393474579
0.999988437 0.002655346 0.004008234 0.335708022 -0.002655281 0.999996424 -0.000021614 -0.471961766 -0.004008277 0.000010971 0.999991894 16.846529007
0.999987185 0.002518931 0.004392962 0.346251667 -0.002518451 0.999996841 -0.000114868 -0.485844731 -0.004393238 0.000103803 0.999990344 17.300899506
0.999986291 0.002585518 0.004554114 0.355542302 -0.002585499 0.999996603 -0.000010097 -0.496881157 -0.004554126 -0.000001678 0.999989629 17.769752502
0.999985099 0.002435598 0.004889894 0.368677139 -0.002435140 0.999997020 -0.000099699 -0.509603441 -0.004890123 0.000087790 0.999988019 18.236772537
0.999986112 0.002050435 0.004869516 0.382997930 -0.002050937 0.999997854 0.000098211 -0.520781219 -0.004869304 -0.000108197 0.999988139 18.707031250
0.999982119 0.002990558 0.005167339 0.395851672 -0.002989095 0.999995470 -0.000290735 -0.533632696 -0.005168186 0.000275284 0.999986529 19.183040619
0.999981940 0.002665225 0.005390571 0.410499930 -0.002662273 0.999996305 -0.000554689 -0.543677986 -0.005392030 0.000540328 0.999985278 19.667757034
0.999984622 0.002137871 0.005122765 0.424845248 -0.002138564 0.999997675 0.000129867 -0.567138970 -0.005122476 -0.000140820 0.999986887 20.124544144
0.999981463 0.003174985 0.005184805 0.429898918 -0.003174926 0.999994934 -0.000019743 -0.580795765 -0.005184841 0.000003281 0.999986529 20.645196915
0.999979854 0.003258508 0.005436395 0.439086974 -0.003260043 0.999994576 0.000273390 -0.594608366 -0.005435475 -0.000291107 0.999985158 21.138484955
0.999983191 0.002994332 0.004968673 0.450670511 -0.002995089 0.999995470 0.000144798 -0.603790045 -0.004968217 -0.000159677 0.999987662 21.643014908
0.999981165 0.003312004 0.005178035 0.444130242 -0.003315115 0.999994338 0.000592331 -0.624489129 -0.005176044 -0.000609486 0.999986351 22.132116318
0.999987900 0.003247477 0.003688922 0.476495117 -0.003248231 0.999994695 0.000198437 -0.631940484 -0.003688257 -0.000210417 0.999993145 22.663612366
0.999988616 0.003637700 0.003099850 0.487257600 -0.003639400 0.999993265 0.000543014 -0.650148809 -0.003097852 -0.000554290 0.999995053 23.177717209
0.999984920 0.004366368 0.003315768 0.493459821 -0.004365262 0.999990404 -0.000340717 -0.665329158 -0.003317225 0.000326238 0.999994516 23.703628540
0.999995172 0.002463595 0.001897815 0.508359373 -0.002462839 0.999996841 -0.000400815 -0.679735243 -0.001898797 0.000396139 0.999998093 24.237241745
0.999994099 0.003068307 0.001572806 0.515834391 -0.003068589 0.999995291 0.000176798 -0.693696916 -0.001572256 -0.000181623 0.999998689 24.776832581
0.999992311 0.003901340 0.000386417 0.531007528 -0.003901361 0.999992371 0.000053593 -0.709492266 -0.000386205 -0.000055100 0.999999940 25.321056366
0.999993205 0.003680317 0.000154569 0.539937317 -0.003680346 0.999993205 0.000184412 -0.720618725 -0.000153889 -0.000184980 1.000000000 25.869400024
0.999992371 0.003881107 -0.000494595 0.546277404 -0.003881058 0.999992490 0.000100495 -0.740097821 0.000494981 -0.000098574 0.999999821 26.416618347
0.999994457 0.003167939 -0.001080185 0.560171127 -0.003167407 0.999994874 0.000494355 -0.753010392 0.001081745 -0.000490931 0.999999285 26.964239120
0.999994814 0.003178026 -0.000633259 0.562417388 -0.003177606 0.999994755 0.000662896 -0.769203961 0.000635363 -0.000660880 0.999999583 27.516578674
0.999989927 0.004153100 -0.001657866 0.573655069 -0.004152108 0.999991119 0.000601404 -0.791006148 0.001660349 -0.000594514 0.999998450 28.065023422
0.999987781 0.004553341 -0.001917634 0.580967486 -0.004551038 0.999988854 0.001203862 -0.808870196 0.001923094 -0.001195121 0.999997497 28.607595444
0.999988437 0.004498358 -0.001710544 0.585725069 -0.004496866 0.999989450 0.000874601 -0.817187846 0.001714461 -0.000866899 0.999998093 29.154485703
0.999986172 0.004593865 -0.002570869 0.604927599 -0.004590687 0.999988675 0.001240523 -0.844030201 0.002576539 -0.001228704 0.999995887 29.709503174
0.999985218 0.004605962 -0.002898495 0.610366464 -0.004602335 0.999988616 0.001256976 -0.856511831 0.002904252 -0.001243618 0.999994993 30.262079239
0.999984562 0.004750132 -0.002906909 0.620987594 -0.004745781 0.999987662 0.001501815 -0.875845194 0.002914006 -0.001487996 0.999994636 30.805103302
0.999982417 0.004841917 -0.003423246 0.632472396 -0.004837588 0.999987483 0.001271224 -0.891626477 0.003429359 -0.001254642 0.999993265 31.363882065
0.999980688 0.004863590 -0.003864041 0.642012656 -0.004858358 0.999987245 0.001362338 -0.904301584 0.003870618 -0.001343539 0.999991536 31.919057846
0.999978900 0.004799842 -0.004376099 0.657612443 -0.004793077 0.999987304 0.001555332 -0.924619853 0.004383508 -0.001534324 0.999989152 32.460948944
0.999978662 0.004949858 -0.004254355 0.662599683 -0.004943634 0.999986649 0.001472392 -0.935306668 0.004261586 -0.001451328 0.999989867 33.009975433
0.999973297 0.004715332 -0.005602935 0.680685937 -0.004704732 0.999987185 0.001903610 -0.959415138 0.005611839 -0.001877199 0.999982476 33.543373108
0.999976516 0.004900010 -0.004782338 0.677854836 -0.004893367 0.999987066 0.001399859 -0.961888909 0.004789136 -0.001376424 0.999987543 34.125751495
0.999976456 0.004898087 -0.004814211 0.681054175 -0.004892470 0.999987364 0.001177850 -0.978348792 0.004819919 -0.001154269 0.999987781 34.670692444
0.999975860 0.004778876 -0.005044780 0.696371496 -0.004770600 0.999987245 0.001651419 -0.997263491 0.005052608 -0.001627313 0.999985933 35.206809998
0.999977350 0.004479975 -0.005020560 0.705769062 -0.004469614 0.999987781 0.002073017 -1.015605211 0.005029786 -0.002050530 0.999985278 35.754226685
0.999972343 0.004917204 -0.005586332 0.720047653 -0.004900698 0.999983549 0.002964749 -1.047004223 0.005600818 -0.002937290 0.999980032 36.286437988
0.999971926 0.005142322 -0.005449950 0.719583154 -0.005134454 0.999985695 0.001456766 -1.038851857 0.005457363 -0.001428742 0.999984086 36.850597382
0.999972284 0.005385755 -0.005142372 0.724560320 -0.005379322 0.999984741 0.001264066 -1.050508380 0.005149101 -0.001236369 0.999985933 37.396568298
0.999969721 0.005103712 -0.005863722 0.734307289 -0.005096225 0.999986112 0.001291127 -1.068261266 0.005870230 -0.001261205 0.999981999 37.955574036
0.999973714 0.004845831 -0.005387018 0.737558603 -0.004841893 0.999988019 0.000743864 -1.078008771 0.005390558 -0.000717761 0.999985278 38.509616852
0.999969900 0.005135944 -0.005810397 0.752705574 -0.005130090 0.999986351 0.001022067 -1.095211387 0.005815567 -0.000992229 0.999982595 39.044296265
0.999964774 0.005345298 -0.006467464 0.762052655 -0.005337470 0.999984980 0.001227027 -1.109530926 0.006473926 -0.001192463 0.999978304 39.611152649
0.999967754 0.004957405 -0.006321935 0.772644877 -0.004948447 0.999986708 0.001431951 -1.123075128 0.006328951 -0.001400621 0.999978960 40.159408569
0.999965787 0.005049798 -0.006557639 0.783756375 -0.005039735 0.999986112 0.001550299 -1.141593695 0.006565377 -0.001517197 0.999977291 40.709976196
0.999960363 0.005065886 -0.007324942 0.795742631 -0.005055754 0.999986231 0.001401111 -1.156353235 0.007331940 -0.001364023 0.999972105 41.261806488
0.999958694 0.005425033 -0.007300089 0.805048943 -0.005413710 0.999984145 0.001569960 -1.171656132 0.007308489 -0.001530375 0.999972105 41.808586121
0.999956191 0.005469406 -0.007597530 0.826793313 -0.005457572 0.999983847 0.001577626 -1.189318538 0.007606036 -0.001536093 0.999969840 42.352073669
0.999955654 0.005612322 -0.007559434 0.814334631 -0.005602792 0.999983490 0.001281366 -1.195800185 0.007566500 -0.001238955 0.999970615 42.920200348
0.999955237 0.005343525 -0.007807747 0.826155186 -0.005328829 0.999984026 0.001901951 -1.216217518 0.007817785 -0.001860260 0.999967754 43.452049255
0.999947548 0.005827634 -0.008420835 0.841622114 -0.005811345 0.999981284 0.001957578 -1.233999133 0.008432085 -0.001908539 0.999962628 44.002254486
0.999957323 0.005228699 -0.007615615 0.829747796 -0.005215439 0.999984860 0.001759717 -1.243441939 0.007624700 -0.001719923 0.999969423 44.556098938
0.999957383 0.005557260 -0.007374885 0.836848080 -0.005549736 0.999984086 0.001040096 -1.250430942 0.007380547 -0.000999123 0.999972224 45.109149933
0.999957204 0.006474627 -0.006618759 0.840849459 -0.006465110 0.999978065 0.001458222 -1.263224840 0.006628055 -0.001415369 0.999977052 45.649723053
0.999955535 0.005374673 -0.007747734 0.855037093 -0.005360480 0.999983907 0.001851474 -1.288070798 0.007757560 -0.001809861 0.999968231 46.213565826
0.999955714 0.005156926 -0.007876803 0.868258238 -0.005148993 0.999986231 0.001027116 -1.299303293 0.007881992 -0.000986513 0.999968469 46.754692078
0.999951959 0.005578679 -0.008059666 0.878895879 -0.005564525 0.999982893 0.001777452 -1.321272731 0.008069444 -0.001732518 0.999965966 47.292240143
0.999957740 0.004689540 -0.007903138 0.866007149 -0.004676260 0.999987602 0.001697972 -1.328250051 0.007911001 -0.001660943 0.999967337 47.851161957
0.999951959 0.005817917 -0.007894460 0.869649529 -0.005800727 0.999980748 0.002198551 -1.346569777 0.007907097 -0.002152652 0.999966443 48.399883270
0.999953628 0.005057381 -0.008187603 0.886798382 -0.005040832 0.999985158 0.002040437 -1.357094765 0.008197799 -0.001999070 0.999964476 48.948772430
0.999956906 0.005054357 -0.007778352 0.875587940 -0.005038891 0.999985278 0.002006391 -1.373478413 0.007788378 -0.001967110 0.999967754 49.496410370
0.999957383 0.004812867 -0.007872280 0.887401521 -0.004800169 0.999987125 0.001631016 -1.385821581 0.007880029 -0.001593158 0.999967694 50.049541473
0.999957383 0.004936273 -0.007802463 0.896561384 -0.004919339 0.999985516 0.002188164 -1.404469371 0.007813151 -0.002149687 0.999967217 50.597286224
0.999956965 0.005158459 -0.007705673 0.897533417 -0.005146651 0.999985516 0.001551222 -1.418058634 0.007713564 -0.001511497 0.999969065 51.158035278
0.999958217 0.005498296 -0.007311451 0.901699901 -0.005483297 0.999982774 0.002069983 -1.434628129 0.007322707 -0.002029805 0.999971092 51.716945648
0.999954998 0.005437782 -0.007775881 0.916262746 -0.005423138 0.999983490 0.001902874 -1.448370218 0.007786099 -0.001860619 0.999968052 52.260143280
0.999952495 0.004551979 -0.008621974 0.931013107 -0.004539332 0.999988616 0.001485762 -1.463161945 0.008628638 -0.001446553 0.999961734 52.802490234
0.999957621 0.004250197 -0.008166824 0.931985974 -0.004238271 0.999989867 0.001477019 -1.475457668 0.008173018 -0.001442343 0.999965549 53.341442108
0.999954581 0.004243013 -0.008532332 0.941918492 -0.004228903 0.999989629 0.001671133 -1.491985440 0.008539335 -0.001634975 0.999962211 53.896026611
0.999956191 0.004545178 -0.008168659 0.949748397 -0.004531895 0.999988377 0.001643956 -1.507437587 0.008176036 -0.001606864 0.999965310 54.441730499
0.999960005 0.004223436 -0.007887944 0.944983482 -0.004214832 0.999990523 0.001107105 -1.511921644 0.007892543 -0.001073815 0.999968290 55.014205933
0.999954879 0.004147391 -0.008547474 0.961629868 -0.004136603 0.999990642 0.001279539 -1.534557939 0.008552700 -0.001244124 0.999962628 55.541114807
0.999956608 0.004878259 -0.007932110 0.962868273 -0.004867009 0.999987185 0.001436866 -1.549528837 0.007939017 -0.001398198 0.999967515 56.093898773
0.999952197 0.004735543 -0.008552101 0.964816153 -0.004724909 0.999988019 0.001263230 -1.561749101 0.008557980 -0.001222762 0.999962628 56.648582458
0.999956012 0.004264173 -0.008353109 0.981087327 -0.004251713 0.999989867 0.001508891 -1.582754016 0.008359457 -0.001473310 0.999963939 57.185173035
0.999953032 0.005077593 -0.008245522 0.979891241 -0.005066150 0.999986172 0.001407932 -1.590534449 0.008252556 -0.001366093 0.999965012 57.725852966
0.999944627 0.004967178 -0.009276387 0.989165664 -0.004951699 0.999986351 0.001690770 -1.609416723 0.009284658 -0.001644743 0.999955535 58.272895813
0.999955475 0.005057114 -0.007958959 0.996894360 -0.005050028 0.999986768 0.000910126 -1.617738366 0.007963457 -0.000869893 0.999967873 58.809165955
0.999954820 0.004966688 -0.008105094 0.995900154 -0.004962511 0.999987543 0.000535455 -1.623009920 0.008107653 -0.000495210 0.999967039 59.370372772
0.999952257 0.004466855 -0.008684274 1.007937431 -0.004464497 0.999989927 0.000290857 -1.638346910 0.008685487 -0.000252072 0.999962270 59.913486481
0.999951780 0.005395372 -0.008201474 1.009271383 -0.005392287 0.999985397 0.000398091 -1.649915457 0.008203504 -0.000353847 0.999966323 60.469619751
0.999954581 0.005222417 -0.007970970 1.001538992 -0.005221210 0.999986291 0.000172397 -1.662610531 0.007971762 -0.000130771 0.999968231 61.012954712
0.999950945 0.005985401 -0.007896069 1.010193110 -0.005980954 0.999981880 0.000586676 -1.684521198 0.007899439 -0.000539421 0.999968648 61.564449310
0.999954760 0.005008306 -0.008089909 1.016858339 -0.005008367 0.999987483 0.000012729 -1.688963413 0.008089871 0.000027788 0.999967337 62.115875244
0.999955356 0.004913118 -0.008066542 1.030410767 -0.004909897 0.999987841 0.000418907 -1.711093545 0.008068501 -0.000379283 0.999967456 62.634380341
0.999955237 0.005581546 -0.007632486 1.014560938 -0.005578668 0.999984384 0.000398414 -1.720603108 0.007634590 -0.000355817 0.999970734 63.196281433
0.999958038 0.005773937 -0.007113926 1.011652470 -0.005772640 0.999983311 0.000203062 -1.728711963 0.007114980 -0.000161988 0.999974668 63.742160797
0.999954879 0.006648972 -0.006785286 1.015221238 -0.006647274 0.999977887 0.000272958 -1.752751470 0.006786950 -0.000227842 0.999976933 64.291992188
0.999951184 0.006033080 -0.007822246 1.034319162 -0.006027439 0.999981582 0.000744572 -1.772580624 0.007826594 -0.000697388 0.999969125 64.830307007
0.999943614 0.006420522 -0.008454747 1.061379910 -0.006409656 0.999978721 0.001311711 -1.800078154 0.008462987 -0.001257445 0.999963343 65.376602173
0.999946892 0.006222391 -0.008220949 1.068984389 -0.006215103 0.999980330 0.000911819 -1.813928962 0.008226462 -0.000860677 0.999965727 65.928298950
0.999945641 0.006379188 -0.008258762 1.077709436 -0.006366486 0.999978542 0.001563441 -1.831814289 0.008268557 -0.001510776 0.999964654 66.468971252
0.999949694 0.005963536 -0.008068202 1.086306095 -0.005951914 0.999981225 0.001463781 -1.843808889 0.008076779 -0.001415686 0.999966383 67.002670288
0.999945641 0.006652864 -0.008019930 1.074727297 -0.006642199 0.999976993 0.001355733 -1.862104893 0.008028764 -0.001302389 0.999966919 67.562026978
0.999946773 0.006411721 -0.008077594 1.079845071 -0.006402340 0.999978781 0.001186724 -1.875663519 0.008085032 -0.001134946 0.999966621 68.105834961
0.999946177 0.007162080 -0.007506458 1.084045410 -0.007151302 0.999973357 0.001461645 -1.897138357 0.007516727 -0.001407885 0.999970734 68.647720337
0.999941468 0.007085128 -0.008174826 1.098611355 -0.007072011 0.999973655 0.001632273 -1.911457181 0.008186177 -0.001574365 0.999965191 69.187751770
0.999943256 0.006658980 -0.008313692 1.102920294 -0.006650474 0.999977350 0.001050420 -1.913760662 0.008320499 -0.000995071 0.999964833 69.743225098
0.999943554 0.006740081 -0.008209855 1.120224357 -0.006727657 0.999976218 0.001539924 -1.935407758 0.008220040 -0.001484604 0.999965131 70.273612976
0.999946833 0.007210355 -0.007370739 1.102857590 -0.007199565 0.999972939 0.001489211 -1.951721072 0.007381278 -0.001436066 0.999971688 70.833221436
0.999941170 0.007533995 -0.007796553 1.116519928 -0.007522837 0.999970675 0.001459464 -1.967014432 0.007807320 -0.001400726 0.999968529 71.379661560
0.999946535 0.007470440 -0.007152695 1.108667850 -0.007464825 0.999971867 0.000811419 -1.973658323 0.007158555 -0.000757982 0.999974132 71.917213440
0.999943316 0.007482878 -0.007577647 1.122921109 -0.007472101 0.999970973 0.001449498 -1.999006033 0.007588275 -0.001392794 0.999970257 72.468055725
0.999940753 0.007271875 -0.008105567 1.134203672 -0.007261308 0.999972701 0.001332342 -2.015851974 0.008115034 -0.001273406 0.999966323 73.012893677
0.999944448 0.007241876 -0.007661918 1.135056138 -0.007232325 0.999972999 0.001273628 -2.030267000 0.007670935 -0.001218143 0.999969840 73.569267273
0.999947309 0.007574064 -0.006928219 1.128617048 -0.007563374 0.999970198 0.001567982 -2.048449993 0.006939888 -0.001515499 0.999974787 74.109008789
0.999943197 0.007270572 -0.007789441 1.149314165 -0.007259894 0.999972641 0.001398227 -2.061243773 0.007799393 -0.001341597 0.999968708 74.647834778
0.999941528 0.007528717 -0.007762461 1.159424067 -0.007514813 0.999970138 0.001818643 -2.076791048 0.007775920 -0.001760203 0.999968231 75.185264587
0.999944448 0.007113892 -0.007774233 1.165313840 -0.007098261 0.999972761 0.002036286 -2.096445322 0.007788506 -0.001980989 0.999967754 75.717826843
0.999942303 0.007313404 -0.007863594 1.173236251 -0.007300094 0.999971867 0.001719967 -2.108282804 0.007875951 -0.001662462 0.999967575 76.271438599
0.999927878 0.008163398 -0.008812058 1.181822896 -0.008146522 0.999964952 0.001949449 -2.123158455 0.008827664 -0.001877520 0.999959171 76.829391479
0.999937892 0.007857421 -0.007900414 1.187561154 -0.007845079 0.999967992 0.001592057 -2.138147593 0.007912669 -0.001529979 0.999967515 77.355224609
0.999940991 0.007491154 -0.007870671 1.192445278 -0.007477517 0.999970496 0.001760516 -2.152270555 0.007883629 -0.001701559 0.999967396 77.917228699
0.999941409 0.007525517 -0.007783839 1.200256705 -0.007509090 0.999969482 0.002137534 -2.169599533 0.007799688 -0.002078959 0.999967337 78.462516785
0.999941289 0.007626028 -0.007699581 1.204687595 -0.007611944 0.999969304 0.001856848 -2.185939550 0.007713505 -0.001798131 0.999968648 79.012985229
0.999944091 0.007268323 -0.007674506 1.209203482 -0.007253108 0.999971628 0.002008518 -2.200671196 0.007688887 -0.001952742 0.999968529 79.537948608
0.999939919 0.007890203 -0.007608346 1.213212490 -0.007875513 0.999967039 0.001958889 -2.214492798 0.007623552 -0.001898852 0.999969125 80.085281372
0.999941766 0.007370410 -0.007879207 1.224920511 -0.007358682 0.999971747 0.001516398 -2.226322174 0.007890161 -0.001458329 0.999967813 80.620903015
0.999952137 0.007152987 -0.006675040 1.232260942 -0.007142723 0.999973238 0.001560249 -2.238352537 0.006686023 -0.001512496 0.999976456 81.175865173
0.999951303 0.008169880 -0.005533379 1.235730290 -0.008161817 0.999965608 0.001478244 -2.253173351 0.005545265 -0.001433010 0.999983609 81.718864441
0.999960184 0.008029561 -0.003893609 1.242443442 -0.008023288 0.999966502 0.001623858 -2.270474434 0.003906517 -0.001592554 0.999991119 82.244522095
0.999967694 0.007531337 -0.002784167 1.253286839 -0.007527244 0.999970496 0.001478014 -2.280473232 0.002795217 -0.001457009 0.999995053 82.780120850
0.999967158 0.008088353 0.000429622 1.268741250 -0.008088962 0.999966204 0.001432637 -2.293858767 -0.000418020 -0.001436065 0.999998927 83.337821960
0.999965310 0.007325689 0.003974709 1.288165092 -0.007331964 0.999971867 0.001566407 -2.314622402 -0.003963122 -0.001595494 0.999991000 83.864723206
0.999936521 0.008432987 0.007473506 1.297497272 -0.008444903 0.999963105 0.001564384 -2.326594591 -0.007460037 -0.001627397 0.999970853 84.429161072
0.999891222 0.008014374 0.012381537 1.319992542 -0.008033332 0.999966621 0.001482169 -2.343451977 -0.012369243 -0.001581473 0.999922276 84.977851868
0.999806523 0.008178980 0.017890727 1.355934858 -0.008205404 0.999965310 0.001403976 -2.358166695 -0.017878624 -0.001550505 0.999838948 85.524559021
0.999696076 0.007728290 0.023406399 1.383313656 -0.007769193 0.999968410 0.001657069 -2.381993532 -0.023392854 -0.001838414 0.999724686 86.069320679
0.999546528 0.007340406 0.029202772 1.417594433 -0.007393118 0.999971211 0.001697460 -2.394652367 -0.029189473 -0.001912590 0.999572098 86.617065430
0.999277234 0.007341217 0.037295349 1.451930523 -0.007420662 0.999970496 0.001992174 -2.416584492 -0.037279624 -0.002267491 0.999302268 87.160644531
0.998919785 0.007697066 0.045826461 1.486471415 -0.007779692 0.999968410 0.001624935 -2.426888704 -0.045812506 -0.001979695 0.998948097 87.723838806
0.998563468 0.007701404 0.053025804 1.525885582 -0.007793468 0.999968469 0.001529666 -2.439482689 -0.053012349 -0.001940723 0.998591959 88.272315979
0.998070896 0.007191210 0.061665460 1.580551624 -0.007290953 0.999972463 0.001392635 -2.450150728 -0.061653737 -0.001839548 0.998095810 88.806312561
0.997378767 0.007696888 0.071945809 1.638478756 -0.007815090 0.999968529 0.001361576 -2.465121746 -0.071933076 -0.001920270 0.997407615 89.368927002
0.996714234 0.007141107 0.080683142 1.695370197 -0.007222375 0.999973714 0.000715458 -2.468894720 -0.080675915 -0.001295831 0.996739626 89.919967651
0.996023655 0.006839093 0.088826165 1.764828205 -0.006945249 0.999975502 0.000886082 -2.491582870 -0.088817932 -0.001499479 0.996046722 90.468605042
0.995012105 0.006562233 0.099538960 1.844451427 -0.006665835 0.999977589 0.000708269 -2.500303507 -0.099532083 -0.001368246 0.995033443 91.012596130
0.993891180 0.007038178 0.110139370 1.920395851 -0.007196912 0.999973536 0.001043726 -2.518273830 -0.110129096 -0.001830014 0.993915558 91.575920105
0.992862880 0.006201590 0.119099453 2.008749008 -0.006333062 0.999979675 0.000725436 -2.531838417 -0.119092532 -0.001474523 0.992882013 92.121253967
0.991467655 0.006575061 0.130186841 2.096832275 -0.006767630 0.999976635 0.001036828 -2.546067476 -0.130176947 -0.001909038 0.991488934 92.643730164
0.989734113 0.006223726 0.142785445 2.184124947 -0.006399438 0.999979198 0.000771402 -2.560325384 -0.142777681 -0.001677230 0.989753366 93.226676941
0.988088310 0.005930256 0.153774381 2.287024498 -0.006181467 0.999980211 0.001155557 -2.581055880 -0.153764486 -0.002092344 0.988105297 93.766967773
0.986458123 0.005913821 0.163906768 2.396285057 -0.006148579 0.999980688 0.000924971 -2.588109016 -0.163898095 -0.001920238 0.986475408 94.299415588
0.984331787 0.005889129 0.176228136 2.520215988 -0.006125532 0.999980867 0.000797481 -2.605995893 -0.176220074 -0.001864476 0.984349012 94.812438965
0.981945217 0.005210825 0.189093679 2.646328926 -0.005482799 0.999984503 0.000915226 -2.620103836 -0.189085975 -0.001935465 0.981958568 95.368690491
0.979955137 0.005591368 0.199140042 2.771425247 -0.005874848 0.999982417 0.000832664 -2.632244825 -0.199131876 -0.001985890 0.979970634 95.899833679
0.977214038 0.005801903 0.212176740 2.919261932 -0.006165132 0.999980450 0.001050373 -2.657766819 -0.212166473 -0.002334537 0.977230728 96.422027588
0.974131465 0.005467598 0.225916460 3.052158356 -0.005829600 0.999982715 0.000935269 -2.662159204 -0.225907460 -0.002228078 0.974146187 96.961158752
0.971564293 0.004641181 0.236730620 3.203868866 -0.004981730 0.999987304 0.000840399 -2.677174091 -0.236723676 -0.001995830 0.971574962 97.495605469
0.968426228 0.004348811 0.249262363 3.354211807 -0.004630477 0.999989152 0.000543648 -2.689348936 -0.249257267 -0.001680687 0.968435824 98.018264771
0.964679480 0.004753762 0.263383567 3.513834000 -0.005123472 0.999986529 0.000716861 -2.700558901 -0.263376683 -0.002040979 0.964690924 98.579673767
0.961121023 0.004454288 0.276091605 3.683685303 -0.004709214 0.999988794 0.000260371 -2.710875511 -0.276087314 -0.001550423 0.961131394 99.111793518
0.957950354 0.003775958 0.286909044 3.851224899 -0.004184171 0.999990880 0.000809679 -2.737117052 -0.286903352 -0.001976109 0.957957447 99.607063293
0.953642666 0.003259518 0.300923586 4.042356491 -0.003712173 0.999992788 0.000932438 -2.750332355 -0.300918370 -0.002006294 0.953647733 100.151733398
0.949433088 0.003073818 0.313954413 4.242473602 -0.003519850 0.999993443 0.000853832 -2.767396450 -0.313949764 -0.001915729 0.949437618 100.652458191
0.945331514 0.002742224 0.326099157 4.436246872 -0.003095136 0.999995053 0.000563388 -2.772919178 -0.326095968 -0.001541910 0.945335388 101.186912537
0.940802872 0.002471930 0.338945001 4.645660400 -0.002832496 0.999995768 0.000569123 -2.793021441 -0.338942170 -0.001495493 0.940806031 101.695938110
0.935674191 0.002167290 0.352858424 4.859382629 -0.002414838 0.999997079 0.000261345 -2.805154324 -0.352856874 -0.001096629 0.935676694 102.195137024
0.930699706 0.001770357 0.365779907 5.077159882 -0.002083406 0.999997735 0.000461130 -2.818974257 -0.365778238 -0.001191241 0.930701256 102.730155945
0.926183701 0.001318136 0.377070367 5.312164307 -0.001413340 0.999998987 -0.000024194 -2.828696012 -0.377070040 -0.000510520 0.926184595 103.243385315
0.920282245 0.001166362 0.391253352 5.540214539 -0.001396099 0.999998987 0.000302731 -2.848218203 -0.391252607 -0.000824827 0.920282960 103.726142883
0.914617836 0.000322179 0.404319257 5.782344818 -0.000405953 0.999999881 0.000121468 -2.860769749 -0.404319197 -0.000275231 0.914617896 104.214851379
0.909628868 0.000424293 0.415421665 6.025939941 -0.000545598 0.999999821 0.000173315 -2.877419949 -0.415421516 -0.000384305 0.909628987 104.695785522
0.903368354 0.000124517 0.428865463 6.284389496 -0.000471950 0.999999642 0.000703781 -2.902341127 -0.428865224 -0.000838176 0.903368115 105.200317383
0.896670222 -0.000202497 0.442699015 6.546890259 -0.000282782 0.999999464 0.001030177 -2.921170235 -0.442699015 -0.001048916 0.896669686 105.676254272
0.890653610 -0.001112002 0.454681098 6.833068848 0.001016784 0.999999404 0.000453942 -2.926078796 -0.454681307 0.000058008 0.890654206 106.197761536
0.885179222 -0.001581657 0.465247571 7.079093933 0.001303969 0.999998748 0.000918669 -2.946510553 -0.465248406 -0.000206518 0.885180056 106.640510559
0.877849102 -0.001474446 0.478935122 7.363384247 0.001486641 0.999998808 0.000353698 -2.954574108 -0.478935063 0.000401511 0.877850175 107.129905701
0.871113122 -0.001934568 0.491078496 7.655330658 0.001637593 0.999998212 0.001034531 -2.980415583 -0.491079658 -0.000097007 0.871114612 107.578582764
