1.000000000 0.000000000 0.000000000 0.000000000 0.000000000 1.000000000 0.000000000 0.000000000 0.000000000 0.000000000 1.000000000 0.000000000
1.000000000 0.000116106 0.000014444 -0.001175139 -0.000116106 1.000000000 -0.000049208 0.000747946 -0.000014450 0.000049206 1.000000000 0.003207635
1.000000000 0.000155343 0.000007330 0.000481793 -0.000155343 1.000000000 -0.000030006 0.000838657 -0.000007335 0.000030004 1.000000000 0.003974743
1.000000000 0.000212381 0.000059705 -0.000616397 -0.000212380 1.000000000 -0.000008145 0.000623409 -0.000059707 0.000008132 1.000000000 -0.001620972
1.000000000 0.000104647 -0.000001162 0.001444915 -0.000104647 1.000000000 -0.000068466 0.000846055 0.000001155 0.000068466 1.000000000 -0.001151489
1.000000000 0.000054249 -0.000006477 0.000752326 -0.000054249 1.000000000 0.000011786 0.000558834 0.000006477 -0.000011786 1.000000000 -0.001726690
1.000000000 0.000046502 0.000016552 -0.000653992 -0.000046502 1.000000000 -0.000023986 0.000589419 -0.000016553 0.000023985 1.000000000 -0.000988541
1.000000000 0.000097855 0.000040169 0.000386953 -0.000097855 1.000000000 0.000005184 0.001093149 -0.000040169 -0.000005188 1.000000000 0.000019420
1.000000000 -0.000066893 0.000060657 -0.001816428 0.000066895 1.000000000 -0.000034201 0.001187954 -0.000060654 0.000034205 1.000000000 0.003656251
1.000000000 0.000077470 0.000079795 -0.001804779 -0.000077468 1.000000000 -0.000016406 0.000637208 -0.000079796 0.000016400 1.000000000 -0.000294887
1.000000000 0.000140267 0.000065560 -0.000146585 -0.000140271 1.000000000 0.000053827 0.000676906 -0.000065552 -0.000053837 1.000000000 -0.001960986
1.000000000 0.000014987 0.000003955 0.000080522 -0.000014987 1.000000000 -0.000040965 0.000699575 -0.000003955 0.000040965 1.000000000 -0.004716787
1.000000000 0.000085745 0.000083701 -0.001548869 -0.000085747 1.000000000 0.000018146 0.000966509 -0.000083699 -0.000018153 1.000000000 -0.003605758
1.000000000 -0.000075355 0.000044349 -0.000869500 0.000075354 1.000000000 0.000020642 -0.000294616 -0.000044351 -0.000020639 1.000000000 0.000587509
1.000000000 0.000034898 0.000017120 0.000496572 -0.000034898 1.000000000 -0.000000199 0.000243309 -0.000017120 0.000000198 1.000000000 -0.002041747
1.000000000 -0.000023857 0.000017675 0.000441286 0.000023857 1.000000000 0.000020331 0.000246340 -0.000017675 -0.000020331 1.000000000 -0.002992714
1.000000000 -0.000054540 0.000024042 -0.001360638 0.000054540 1.000000000 0.000003290 0.000370787 -0.000024042 -0.000003288 1.000000000 -0.002764004
1.000000000 0.000060914 0.000088481 -0.000904795 -0.000060918 1.000000000 0.000041793 -0.000099672 -0.000088478 -0.000041798 1.000000000 -0.004159347
1.000000000 0.000123233 0.000016531 0.000382571 -0.000123233 1.000000000 0.000040969 0.000470621 -0.000016526 -0.000040971 1.000000000 -0.004913336
1.000000000 -0.000135136 -0.000012562 -0.000216270 0.000135136 1.000000000 -0.000026906 -0.000015300 0.000012566 0.000026904 1.000000000 -0.005309896
1.000000000 0.000008667 0.000055927 -0.000697555 -0.000008668 1.000000000 0.000014802 -0.000100539 -0.000055927 -0.000014802 1.000000000 -0.007051214
1.000000000 -0.000085605 0.000011208 0.000806693 0.000085605 1.000000000 -0.000002662 -0.001194897 -0.000011208 0.000002663 1.000000000 -0.003788306
1.000000000 0.000030489 0.000105614 -0.004233064 -0.000030477 1.000000000 -0.000113058 0.001949425 -0.000105618 0.000113054 1.000000000 0.004715358
1.000000000 -0.000083062 0.000003269 0.000666335 0.000083062 1.000000000 -0.000002848 -0.000804234 -0.000003269 0.000002848 1.000000000 -0.001732579
1.000000000 -0.000058690 0.000077826 -0.002084242 0.000058689 1.000000000 0.000019614 0.000745900 -0.000077827 -0.000019610 1.000000000 -0.000104102
1.000000000 -0.000007858 -0.000003063 0.001131236 0.000007858 1.000000000 -0.000019511 0.000974174 0.000003063 0.000019510 1.000000000 -0.004603917
1.000000000 -0.000107655 0.000047616 -0.001599773 0.000107656 1.000000000 -0.000023211 0.001426246 -0.000047614 0.000023216 1.000000000 -0.000975477
1.000000000 0.000034595 0.000046553 -0.000324334 -0.000034594 1.000000000 -0.000029987 0.000207639 -0.000046554 0.000029985 1.000000000 -0.005048186
1.000000000 -0.000130562 0.000048116 -0.002091486 0.000130559 1.000000000 0.000052825 -0.000141665 -0.000048123 -0.000052818 1.000000000 -0.001013151
1.000000000 -0.000089138 0.000067501 -0.005045001 0.000089144 1.000000000 -0.000085917 0.003644795 -0.000067493 0.000085923 1.000000000 0.002516246
1.000000000 -0.000072321 0.000033580 -0.001506868 0.000072322 1.000000000 -0.000024392 0.000809005 -0.000033579 0.000024394 1.000000000 0.001657148
1.000000000 0.000013806 0.000084350 -0.003714423 -0.000013808 1.000000000 0.000020732 0.000622187 -0.000084350 -0.000020733 1.000000000 0.002398951
1.000000000 -0.000178173 0.000031328 -0.004240603 0.000178173 1.000000000 -0.000012208 0.001256618 -0.000031325 0.000012214 1.000000000 0.000616381
1.000000000 -0.000083618 0.000033485 -0.000756469 0.000083617 1.000000000 0.000042542 -0.001210216 -0.000033488 -0.000042540 1.000000000 -0.003299484
0.999999940 0.000229710 0.000128482 -0.003178791 -0.000229706 1.000000000 -0.000027536 0.000289637 -0.000128488 0.000027507 1.000000000 -0.000673749
1.000000000 -0.000074963 0.000028522 -0.001037857 0.000074962 1.000000000 0.000015996 0.000112815 -0.000028523 -0.000015994 1.000000000 -0.001347265
1.000000000 -0.000052596 0.000012643 0.000112927 0.000052595 1.000000000 0.000075018 -0.000882744 -0.000012647 -0.000075017 1.000000000 -0.006168955
1.000000000 -0.000086979 -0.000026014 -0.000175635 0.000086978 1.000000000 -0.000063813 0.000592130 0.000026019 0.000063811 1.000000000 -0.002599849
1.000000000 -0.000042545 0.000090134 -0.002938264 0.000042544 1.000000000 0.000009916 0.000480362 -0.000090135 -0.000009913 1.000000000 0.000986538
1.000000000 -0.000026963 -0.000034226 0.000574792 0.000026965 1.000000000 0.000038536 0.000382398 0.000034225 -0.000038537 1.000000000 -0.005506532
1.000000000 -0.000155935 -0.000010902 0.000771682 0.000155935 1.000000000 0.000017419 -0.000459994 0.000010899 -0.000017421 1.000000000 -0.000345063
1.000000000 -0.000066020 0.000035620 0.002425241 0.000066036 0.999999881 -0.000442651 -0.005351848 -0.000035591 0.000442654 0.999999881 0.049469668
1.000000000 -0.000129449 0.000058645 0.003342201 0.000129516 0.999999344 -0.001141545 -0.003354872 -0.000058497 0.001141553 0.999999344 0.146702617
1.000000000 -0.000115392 -0.000052648 0.006751800 0.000115320 0.999999046 -0.001364911 -0.011465241 0.000052806 0.001364905 0.999999046 0.258431286
1.000000000 -0.000023790 0.000056038 0.006546244 0.000023858 0.999999285 -0.001215227 -0.016824687 -0.000056009 0.001215228 0.999999285 0.388497740
1.000000000 0.000062770 -0.000031024 0.008446031 -0.000062801 0.999999523 -0.000983185 -0.023232425 0.000030963 0.000983187 0.999999523 0.533242166
1.000000000 0.000029323 0.000119939 0.007091494 -0.000029219 0.999999642 -0.000862692 -0.031741738 -0.000119965 0.000862689 0.999999642 0.684356809
1.000000000 -0.000175893 -0.000073655 0.019461162 0.000175851 0.999999821 -0.000565028 -0.035728239 0.000073754 0.000565015 0.999999821 0.848726928
1.000000000 0.000076157 -0.000076660 0.022903264 -0.000076199 0.999999881 -0.000538895 -0.036379419 0.000076619 0.000538901 0.999999881 1.028394222
0.999999940 0.000236056 0.000193361 0.019331006 -0.000235956 0.999999821 -0.000515700 -0.039116565 -0.000193483 0.000515655 0.999999762 1.193028688
1.000000000 -0.000027189 -0.000021847 0.032978751 0.000027181 0.999999881 -0.000349469 -0.042781517 0.000021856 0.000349469 0.999999881 1.378853798
0.999999225 0.001142220 0.000463525 0.020857865 -0.001142080 0.999999285 -0.000302894 -0.053531352 -0.000463870 0.000302364 0.999999821 1.564373851
0.999999046 0.001187245 0.000604956 0.025972476 -0.001187091 0.999999166 -0.000255353 -0.057732288 -0.000605259 0.000254635 0.999999762 1.760862708
0.999998569 0.001384894 0.000856859 0.021434095 -0.001385014 0.999998927 0.000140005 -0.068065904 -0.000856664 -0.000141192 0.999999642 1.962812424
0.999998987 0.001297839 0.000594609 0.028788097 -0.001297934 0.999999166 0.000157971 -0.072865292 -0.000594404 -0.000158743 0.999999762 2.181613207
0.999999523 0.000800520 0.000423786 0.039327156 -0.000800638 0.999999642 0.000277810 -0.082167126 -0.000423564 -0.000278149 0.999999821 2.394773245
0.999999166 0.001161318 0.000518681 0.042717490 -0.001161495 0.999999285 0.000341234 -0.087416634 -0.000518285 -0.000341836 0.999999821 2.636243582
0.999999523 0.000868039 0.000409614 0.050013673 -0.000868244 0.999999523 0.000501519 -0.096094675 -0.000409178 -0.000501874 0.999999762 2.860891104
0.999999344 0.001044477 0.000473744 0.055999305 -0.001044696 0.999999344 0.000463525 -0.101163238 -0.000473260 -0.000464019 0.999999702 3.091975451
0.999999762 0.000579204 0.000323081 0.064359851 -0.000579301 0.999999762 0.000300076 -0.109246820 -0.000322907 -0.000300263 0.999999881 3.340330839
0.999999583 0.000871401 0.000541108 0.064791888 -0.000871687 0.999999464 0.000528111 -0.112680241 -0.000540647 -0.000528582 0.999999702 3.573541641
0.999999464 0.000918804 0.000459352 0.073310785 -0.000919068 0.999999404 0.000573792 -0.121594205 -0.000458825 -0.000574214 0.999999642 3.820135355
0.999999642 0.000650783 0.000542284 0.072895139 -0.000651381 0.999999166 0.001102875 -0.134585217 -0.000541566 -0.001103228 0.999999225 4.086572647
0.999999642 0.000584930 0.000654651 0.074456953 -0.000585803 0.999999046 0.001333423 -0.140890405 -0.000653870 -0.001333807 0.999998808 4.340961933
0.999999166 0.001079672 0.000700986 0.081834145 -0.001080490 0.999998748 0.001167124 -0.148558289 -0.000699725 -0.001167881 0.999999046 4.601148129
0.999998987 0.001192509 0.000759692 0.088842906 -0.001193337 0.999998689 0.001090295 -0.156749710 -0.000758391 -0.001091200 0.999999106 4.857998371
0.999998629 0.001243791 0.001066792 0.090780348 -0.001244856 0.999998748 0.000998293 -0.163807005 -0.001065550 -0.000999619 0.999998927 5.113018513
0.999999225 0.000935084 0.000831483 0.098097943 -0.000936338 0.999998450 0.001508870 -0.183645189 -0.000830071 -0.001509647 0.999998510 5.365362167
0.999998927 0.001058380 0.001064763 0.104441717 -0.001059902 0.999998391 0.001429506 -0.188884199 -0.001063248 -0.001430633 0.999998450 5.620440006
0.999999106 0.001002286 0.000862676 0.108972281 -0.001003527 0.999998450 0.001439065 -0.197358489 -0.000861233 -0.001439930 0.999998569 5.904992104
0.999999106 0.000923696 0.000955988 0.110887922 -0.000925111 0.999998450 0.001480647 -0.204054728 -0.000954619 -0.001481530 0.999998450 6.172508240
0.999998927 0.001009786 0.001045370 0.116614498 -0.001011495 0.999998152 0.001635728 -0.213272050 -0.001043717 -0.001636784 0.999998152 6.444345951
0.999998569 0.001158650 0.001194559 0.117223158 -0.001160388 0.999998271 0.001454892 -0.229361698 -0.001192871 -0.001456277 0.999998152 6.733357906
0.999999583 0.000154377 0.000965530 0.123611398 -0.000156002 0.999998629 0.001682997 -0.233781815 -0.000965269 -0.001683147 0.999998093 7.044217587
0.999999046 0.000927334 0.000986672 0.141155005 -0.000929245 0.999997675 0.001937732 -0.251545459 -0.000984873 -0.001938647 0.999997616 7.323330402
0.999999285 0.000811281 0.000933235 0.155789524 -0.000812868 0.999998271 0.001701361 -0.265400589 -0.000931853 -0.001702118 0.999998152 7.623754025
0.999998868 0.001137183 0.000997795 0.164446801 -0.001139145 0.999997437 0.001968296 -0.277886599 -0.000995554 -0.001969430 0.999997556 7.937060833
0.999998748 0.001237508 0.000991498 0.172626898 -0.001239365 0.999997497 0.001873839 -0.287760645 -0.000989176 -0.001875065 0.999997735 8.249998093
0.999999344 0.000588367 0.000987845 0.169944569 -0.000590154 0.999998212 0.001810467 -0.282570720 -0.000986778 -0.001811049 0.999997854 8.588126183
0.999999404 0.000289642 0.001023996 0.172381550 -0.000291685 0.999997973 0.001996017 -0.293944329 -0.001023416 -0.001996314 0.999997497 8.922469139
0.999999285 0.000398195 0.001178832 0.175449014 -0.000400219 0.999998510 0.001716927 -0.299170226 -0.001178146 -0.001717397 0.999997795 9.272591591
0.999999523 0.000408928 0.000812816 0.196675420 -0.000410923 0.999997020 0.002456508 -0.328509808 -0.000811808 -0.002456841 0.999996662 9.593058586
0.999999583 0.000469472 0.000826806 0.203262061 -0.000471473 0.999996960 0.002422174 -0.338189423 -0.000825667 -0.002422562 0.999996722 9.938296318
0.999998748 0.000893568 0.001247046 0.201673776 -0.000896142 0.999997497 0.002065404 -0.346357673 -0.001245197 -0.002066519 0.999997079 10.296470642
0.999998987 0.000919293 0.001113570 0.202873901 -0.000922551 0.999995291 0.002928950 -0.379096717 -0.001110872 -0.002929974 0.999995112 10.663998604
0.999999344 0.000541133 0.001056749 0.212148398 -0.000544386 0.999995112 0.003080483 -0.390455514 -0.001055076 -0.003081056 0.999994755 11.041089058
0.999998450 0.001073170 0.001348374 0.211601630 -0.001077807 0.999993503 0.003443424 -0.406270266 -0.001344670 -0.003444872 0.999993145 11.396368980
0.999998629 0.000973767 0.001291030 0.222802475 -0.000978167 0.999993742 0.003411754 -0.413807064 -0.001287699 -0.003413013 0.999993324 11.776949883
0.999998689 0.000821813 0.001408869 0.227376938 -0.000826441 0.999994278 0.003286914 -0.418178737 -0.001406160 -0.003288073 0.999993622 12.138284683
0.999998629 0.000529461 0.001579365 0.238368452 -0.000534784 0.999994159 0.003371907 -0.430520594 -0.001577570 -0.003372747 0.999993086 12.529109001
0.999998868 0.000821155 0.001266026 0.247138202 -0.000825574 0.999993622 0.003493618 -0.444276810 -0.001263149 -0.003494659 0.999993145 12.898892403
0.999999106 0.000527487 0.001248319 0.260502070 -0.000532169 0.999992847 0.003753047 -0.461487830 -0.001246331 -0.003753708 0.999992251 13.272899628
0.999998569 0.000845221 0.001455540 0.268530428 -0.000851417 0.999990523 0.004261333 -0.481147856 -0.001451925 -0.004262566 0.999989867 13.678051949
0.999998987 0.000785460 0.001228423 0.279114097 -0.000790654 0.999990702 0.004233786 -0.489389837 -0.001225087 -0.004234753 0.999990284 14.097551346
0.999998629 0.000617893 0.001522691 0.301660031 -0.000624221 0.999991119 0.004158674 -0.510254622 -0.001520108 -0.004159618 0.999990165 14.505185127
0.999997437 0.001176425 0.001916873 0.309636205 -0.001184738 0.999989867 0.004341257 -0.522735655 -0.001911746 -0.004343517 0.999988735 14.911742210
0.999996841 0.000860186 0.002333498 0.318287104 -0.000870088 0.999990582 0.004245588 -0.530275822 -0.002329824 -0.004247604 0.999988258 15.344262123
0.999997556 -0.000029811 0.002271721 0.328140408 0.000019692 0.999990046 0.004453965 -0.561466277 -0.002271831 -0.004453908 0.999987423 15.757661819
0.999996722 -0.000411795 0.002533977 0.341884732 0.000400360 0.999989748 0.004511614 -0.572153330 -0.002535809 -0.004510585 0.999986589 16.197689056
0.999996245 0.000649552 0.002651115 0.350147963 -0.000662907 0.999987006 0.005039897 -0.600581348 -0.002647807 -0.005041637 0.999983788 16.628273010
0.999995768 0.000496248 0.002876066 0.364718944 -0.000511064 0.999986589 0.005152993 -0.615088284 -0.002873470 -0.005154442 0.999982595 17.091459274
0.999994934 0.000316395 0.003154571 0.372491270 -0.000333163 0.999985754 0.005316302 -0.628067315 -0.003152845 -0.005317325 0.999980867 17.562871933
0.999994397 -0.000181887 0.003352097 0.387928694 0.000164285 0.999986172 0.005250657 -0.642049730 -0.003353006 -0.005250076 0.999980569 18.024143219
0.999992192 0.000463265 0.003928270 0.391665399 -0.000485245 0.999984264 0.005596158 -0.650753379 -0.003925616 -0.005598020 0.999976635 18.493206024
0.999990940 0.000347221 0.004255651 0.400447071 -0.000370967 0.999984264 0.005580354 -0.667322278 -0.004253647 -0.005581881 0.999975383 18.948371887
0.999991179 0.000810802 0.004128215 0.424565315 -0.000830969 0.999987662 0.004885822 -0.667746544 -0.004124203 -0.004889210 0.999979496 19.386487961
0.999993265 -0.000374431 0.003676484 0.447576523 0.000351803 0.999980927 0.006153596 -0.707207680 -0.003678719 -0.006152260 0.999974310 19.854557037
0.999995232 -0.000824431 0.002976712 0.463638425 0.000805897 0.999980271 0.006222029 -0.715789974 -0.002981784 -0.006219600 0.999976218 20.349657059
0.999993622 -0.001151916 0.003377741 0.475000590 0.001130443 0.999979138 0.006352203 -0.744363308 -0.003384989 -0.006348344 0.999974132 20.819246292
0.999994934 -0.001062768 0.002988818 0.479942441 0.001044044 0.999979913 0.006259291 -0.745923877 -0.002995410 -0.006256138 0.999975920 21.333835602
0.999996126 -0.001022324 0.002594592 0.484031558 0.001005163 0.999977648 0.006606835 -0.770434022 -0.002601288 -0.006604201 0.999974847 21.827434540
0.999996960 -0.000910261 0.002339774 0.501973450 0.000892947 0.999972284 0.007390734 -0.800739527 -0.002346437 -0.007388621 0.999969900 22.304374695
0.999998152 -0.001117011 0.001608521 0.508453786 0.001105267 0.999972880 0.007283809 -0.813715100 -0.001616614 -0.007282016 0.999972165 22.812549591
0.999998569 -0.001297893 0.001018305 0.518275142 0.001290252 0.999971271 0.007468313 -0.829864860 -0.001027969 -0.007466989 0.999971569 23.326465607
0.999997675 -0.002160623 0.000143133 0.530995011 0.002159571 0.999973178 0.006987724 -0.834166408 -0.000158227 -0.006987398 0.999975562 23.835050583
0.999998927 -0.001435490 -0.000342749 0.536379576 0.001438001 0.999971271 0.007441640 -0.848620892 0.000332057 -0.007442125 0.999972165 24.352735519
0.999998450 -0.001531789 -0.000859334 0.544872463 0.001538258 0.999970078 0.007578577 -0.860561848 0.000847699 -0.007579887 0.999970913 24.885383606
0.999996901 -0.001849262 -0.001682124 0.554424703 0.001862539 0.999966860 0.007925738 -0.871115446 0.001667411 -0.007928846 0.999967158 25.398866653
0.999997795 -0.000997597 -0.001842549 0.561488450 0.001011783 0.999969721 0.007713981 -0.886110365 0.001834798 -0.007715830 0.999968529 25.934316635
0.999996305 -0.001711905 -0.002103732 0.568947375 0.001728966 0.999965370 0.008134883 -0.888546467 0.002089733 -0.008138491 0.999964714 26.474510193
0.999994159 -0.002243629 -0.002584239 0.576479197 0.002265297 0.999962032 0.008412610 -0.910825431 0.002565267 -0.008418415 0.999961257 27.001117706
0.999995172 -0.001622002 -0.002657548 0.589537740 0.001644435 0.999962866 0.008460803 -0.925192714 0.002643727 -0.008465132 0.999960661 27.528833389
0.999993443 -0.001787416 -0.003142248 0.600454450 0.001814619 0.999960721 0.008675935 -0.937798381 0.003126616 -0.008681580 0.999957442 28.060398102
0.999991357 -0.001943579 -0.003674918 0.612826824 0.001975645 0.999959826 0.008742282 -0.947980165 0.003657779 -0.008749467 0.999955058 28.597597122
0.999990702 -0.001808026 -0.003924450 0.620383024 0.001843266 0.999957800 0.008994584 -0.961040556 0.003908023 -0.009001734 0.999951899 29.139932632
0.999989212 -0.001633036 -0.004349039 0.626586914 0.001672310 0.999957740 0.009042200 -0.974601209 0.004334089 -0.009049375 0.999949634 29.653715134
0.999988914 -0.001649270 -0.004401394 0.635282874 0.001688530 0.999958634 0.008931175 -0.988049626 0.004386482 -0.008938508 0.999950349 30.181776047
0.999988973 -0.001297123 -0.004518621 0.642745972 0.001338431 0.999957383 0.009150852 -1.002983928 0.004506557 -0.009156800 0.999947846 30.720359802
0.999987006 -0.001464617 -0.004879922 0.649091542 0.001510547 0.999954462 0.009421679 -1.022876859 0.004865901 -0.009428930 0.999943674 31.235342026
0.999986947 -0.001589963 -0.004859061 0.651104093 0.001634051 0.999957561 0.009082885 -1.028877497 0.004844412 -0.009090707 0.999946952 31.747234344
0.999986291 -0.001268938 -0.005093209 0.657211661 0.001313536 0.999960840 0.008762542 -1.029661655 0.005081891 -0.008769113 0.999948680 32.285240173
0.999986351 -0.001367512 -0.005052493 0.639896214 0.001414287 0.999956131 0.009265974 -1.056943059 0.005039601 -0.009272993 0.999944329 32.779144287
0.999985516 -0.001379043 -0.005205187 0.644551396 0.001429929 0.999951124 0.009784896 -1.078926444 0.005191439 -0.009792197 0.999938607 33.279514313
0.999983490 -0.000596344 -0.005715366 0.661287665 0.000652060 0.999952257 0.009751524 -1.082001090 0.005709278 -0.009755091 0.999936104 33.787544250
0.999983966 -0.001653464 -0.005429660 0.637083292 0.001705380 0.999952734 0.009570870 -1.105482340 0.005413578 -0.009579977 0.999939501 34.352935791
0.999980032 -0.002054110 -0.005976825 0.679660082 0.002115147 0.999945521 0.010223982 -1.120945811 0.005955498 -0.010236418 0.999929845 34.893928528
0.999983430 -0.001163716 -0.005639540 0.657118976 0.001219445 0.999950349 0.009888464 -1.140532255 0.005627752 -0.009895176 0.999935210 35.434875488
0.999982357 -0.001345101 -0.005791703 0.687841952 0.001400781 0.999952793 0.009620332 -1.131508589 0.005778489 -0.009628274 0.999936879 36.010833740
0.999975741 -0.002028968 -0.006666081 0.704395354 0.002091251 0.999954104 0.009349537 -1.139891148 0.006646805 -0.009363249 0.999934077 36.566089630
0.999976099 -0.001879835 -0.006648335 0.716753244 0.001944077 0.999951422 0.009669802 -1.150646687 0.006629833 -0.009682497 0.999931097 37.111255646
0.999974012 -0.002722810 -0.006673588 0.724815249 0.002790328 0.999944866 0.010128855 -1.159748793 0.006645642 -0.010147213 0.999926388 37.641887665
0.999975264 -0.002220018 -0.006668514 0.661743641 0.002288941 0.999943793 0.010345874 -1.190811992 0.006645171 -0.010360883 0.999924242 38.066440582
0.999976099 -0.002089519 -0.006598524 0.752847910 0.002160842 0.999939144 0.010820366 -1.218677640 0.006575514 -0.010834363 0.999919593 38.641910553
0.999968827 -0.002531525 -0.007481560 0.795786023 0.002609571 0.999942124 0.010440448 -1.198485970 0.007454696 -0.010459644 0.999917507 39.251617432
0.999969900 -0.002639399 -0.007296464 0.763975859 0.002723443 0.999929786 0.011532549 -1.271227002 0.007265513 -0.011552073 0.999906898 39.629150391
0.999967813 -0.002959556 -0.007455728 0.785110831 0.003046080 0.999927819 0.011620569 -1.279535532 0.007420798 -0.011642907 0.999904633 40.145675659
0.999968708 -0.002739745 -0.007415576 0.777317882 0.002826190 0.999927819 0.011671888 -1.291344285 0.007383061 -0.011692480 0.999904394 40.676658630
0.999965072 -0.002854276 -0.007854655 0.784617007 0.002944358 0.999929786 0.011481098 -1.299699068 0.007821333 -0.011503824 0.999903262 41.167808533
0.999973118 -0.001892128 -0.007086892 0.792561233 0.001976417 0.999927163 0.011905551 -1.319063544 0.007063849 -0.011919238 0.999904037 41.662822723
0.999972403 -0.001968633 -0.007166088 0.794112384 0.002055830 0.999923706 0.012181034 -1.337379813 0.007141561 -0.012195432 0.999900043 42.184379578
0.999974787 -0.001228444 -0.006992655 0.799349546 0.001312183 0.999927282 0.011983408 -1.344656587 0.006977426 -0.011992280 0.999903738 42.682777405
0.999974906 -0.001383644 -0.006939144 0.806424379 0.001466985 0.999926686 0.012019647 -1.356420994 0.006922006 -0.012029526 0.999903679 43.185726166
0.999974787 -0.001387987 -0.006962410 0.808930576 0.001474030 0.999922335 0.012368298 -1.375814199 0.006944703 -0.012378249 0.999899209 43.696403503
0.999972820 -0.002112938 -0.007065594 0.824351192 0.002201748 0.999918342 0.012585358 -1.388372898 0.007038425 -0.012600572 0.999895811 44.207393646
0.999969661 -0.002168486 -0.007483360 0.827651680 0.002263314 0.999916971 0.012686682 -1.397850871 0.007455226 -0.012703234 0.999891520 44.721309662
0.999970734 -0.002093586 -0.007359203 0.830641866 0.002185280 0.999919832 0.012473834 -1.401615620 0.007332500 -0.012489550 0.999895096 45.257923126
0.999972165 -0.001480348 -0.007315126 0.847121358 0.001574942 0.999915004 0.012942491 -1.426825285 0.007295345 -0.012953653 0.999889433 45.786376953
0.999967694 -0.002099533 -0.007750059 0.845780015 0.002194838 0.999921739 0.012309358 -1.416059732 0.007723609 -0.012325971 0.999894202 46.277278900
0.999974251 -0.001471123 -0.007021121 0.854437649 0.001559155 0.999920011 0.012549207 -1.423638582 0.007002098 -0.012559828 0.999896586 46.886737823
0.999969184 -0.002077349 -0.007560727 0.841144860 0.002172340 0.999918520 0.012577316 -1.447790623 0.007533985 -0.012593353 0.999892294 47.307884216
0.999962986 -0.002689280 -0.008166152 0.858989835 0.002793467 0.999914467 0.012773935 -1.460184813 0.008131101 -0.012796275 0.999885023 47.850482941
0.999966502 -0.002273857 -0.007859257 0.861415148 0.002377157 0.999910533 0.013159472 -1.469493866 0.007828634 -0.013177713 0.999882460 48.307987213
0.999967337 -0.002466375 -0.007699724 0.858917832 0.002564772 0.999914825 0.012795708 -1.474637628 0.007667509 -0.012815041 0.999888480 48.830085754
0.999971032 -0.001709801 -0.007407768 0.853878796 0.001807007 0.999912083 0.013135511 -1.493153334 0.007384660 -0.013148521 0.999886215 49.296398163
0.999972761 -0.001500171 -0.007228557 0.861936986 0.001594654 0.999913156 0.013082826 -1.495378017 0.007208302 -0.013093995 0.999888241 49.835174561
0.999972641 -0.001341631 -0.007291584 0.882507920 0.001435864 0.999915302 0.012933775 -1.503584504 0.007273615 -0.012943889 0.999889791 50.330013275
0.999976516 -0.000728412 -0.006810038 0.863524199 0.000818880 0.999911249 0.013291121 -1.512172937 0.006799752 -0.013296389 0.999888480 50.808582306
0.999975383 -0.000694496 -0.006980712 0.881891370 0.000787467 0.999910891 0.013324280 -1.520527124 0.006970836 -0.013329452 0.999886870 51.309581757
0.999973774 -0.001010569 -0.007166356 0.890627861 0.001103698 0.999914825 0.013003291 -1.527637362 0.007152605 -0.013010859 0.999889791 51.850448608
0.999979496 -0.000650930 -0.006374023 0.894190550 0.000733512 0.999915719 0.012962165 -1.547971368 0.006365048 -0.012966575 0.999895751 52.343692780
0.999980986 -0.000211548 -0.006160785 0.880136013 0.000295655 0.999906659 0.013654158 -1.563466787 0.006157322 -0.013655718 0.999887824 52.832355499
0.999978781 0.000489012 -0.006483268 0.909724116 -0.000403094 0.999912143 0.013246986 -1.580326796 0.006489174 -0.013244091 0.999891222 53.276371002
0.999973536 -0.000258252 -0.007273936 0.944551826 0.000347041 0.999925435 0.012207897 -1.519501925 0.007270242 -0.012210097 0.999898970 54.107883453
0.999978602 0.001705340 -0.006303285 0.907182634 -0.001618660 0.999904454 0.013731170 -1.603479624 0.006326097 -0.013720674 0.999885857 54.357021332
0.999976695 0.000603435 -0.006787577 0.936679482 -0.000509477 0.999904156 0.013835883 -1.614128113 0.006795274 -0.013832103 0.999881208 54.833465576
0.999974370 -0.000516449 -0.007129834 0.954594851 0.000613064 0.999907851 0.013555357 -1.604757547 0.007122177 -0.013559382 0.999882698 55.253208160
0.999977648 0.001641274 -0.006484065 0.957891345 -0.001552458 0.999905288 0.013679055 -1.620559454 0.006505902 -0.013668684 0.999885380 55.941894531
0.999974608 -0.001282387 -0.007030956 0.960376263 0.001378711 0.999905050 0.013712239 -1.626876354 0.007012705 -0.013721583 0.999881268 56.233665466
0.999972761 -0.001004103 -0.007300769 0.973047137 0.001102956 0.999907613 0.013548698 -1.629166603 0.007286489 -0.013556384 0.999881506 56.743629456
0.999972820 -0.000879976 -0.007318208 0.986361384 0.000977139 0.999911308 0.013284002 -1.629635811 0.007305870 -0.013290792 0.999884903 57.268787384
0.999973893 -0.001244940 -0.007113895 0.988393545 0.001340021 0.999909639 0.013376448 -1.644550085 0.007096600 -0.013385632 0.999885201 57.755027771
0.999972522 -0.001365997 -0.007300885 0.997073948 0.001467802 0.999901533 0.013957166 -1.654482841 0.007281102 -0.013967497 0.999875963 58.276859283
0.999974787 -0.001203358 -0.007001107 1.007264614 0.001299178 0.999905348 0.013697928 -1.668502331 0.006983961 -0.013706679 0.999881625 58.786746979
0.999972343 -0.001500296 -0.007293548 1.023394227 0.001600980 0.999903262 0.013818291 -1.682928681 0.007272112 -0.013829585 0.999877930 59.327720642
0.999973178 -0.001070424 -0.007252860 1.040732026 0.001174381 0.999896467 0.014344295 -1.702042341 0.007236755 -0.014352429 0.999870837 59.848461151
0.999971986 -0.000925249 -0.007428653 1.079783916 0.001026239 0.999906898 0.013602241 -1.668539047 0.007415376 -0.013609483 0.999879897 60.471832275
0.999972820 -0.000464377 -0.007362697 1.078614116 0.000572570 0.999891877 0.014699484 -1.740073562 0.007355074 -0.014703302 0.999864817 60.982624054
0.999971569 -0.001164060 -0.007451334 1.085389972 0.001275017 0.999888241 0.014903462 -1.772287130 0.007433152 -0.014912539 0.999861181 61.528320312
0.999967635 -0.001871166 -0.007822028 1.072891712 0.001985615 0.999890685 0.014649598 -1.762451172 0.007793762 -0.014664654 0.999862075 62.127758026
0.999965608 -0.002105478 -0.008037456 1.067507267 0.002227102 0.999882698 0.015153368 -1.775647640 0.008004611 -0.015170746 0.999852896 62.755874634
0.999965489 -0.001825447 -0.008105596 1.133009911 0.001952680 0.999874532 0.015716942 -1.775379539 0.008075887 -0.015732227 0.999843597 63.291221619
0.999973655 0.000530078 -0.007241566 1.173072934 -0.000419506 0.999883533 0.015262106 -1.740686417 0.007248813 -0.015258668 0.999857306 63.417148590
0.999967217 -0.001463570 -0.007960107 1.185129881 0.001575850 0.999899089 0.014117354 -1.716958761 0.007938641 -0.014129435 0.999868631 63.628204346
0.999967337 -0.001297093 -0.007964170 1.190731764 0.001400433 0.999914706 0.012983728 -1.714211464 0.007946650 -0.012994460 0.999883950 64.180366516
0.999967992 -0.001014990 -0.007924931 1.196704507 0.001123674 0.999905229 0.013721842 -1.728122711 0.007910253 -0.013730310 0.999874413 64.731552124
0.999970019 -0.000775759 -0.007705000 1.237125635 0.000888919 0.999891579 0.014694046 -1.771758914 0.007692766 -0.014700454 0.999862373 65.152557373
0.999963224 -0.001639766 -0.008406428 1.238338709 0.001759378 0.999897003 0.014241073 -1.747640729 0.008382210 -0.014255339 0.999863207 65.759460449
0.999970019 -0.000280138 -0.007737954 1.265412927 0.000395320 0.999889076 0.014887854 -1.794852257 0.007732925 -0.014890465 0.999859273 66.223297119
0.999972820 0.000265047 -0.007372070 1.286188126 -0.000154612 0.999887764 0.014976777 -1.844730139 0.007375215 -0.014975228 0.999860644 66.527702332
0.999977112 -0.000027871 -0.006758363 1.264193535 0.000125485 0.999895632 0.014443501 -1.793904305 0.006757256 -0.014444018 0.999872863 67.316932678
0.999968529 0.000368421 -0.007937023 1.360580325 -0.000246796 0.999882579 0.015319210 -1.877035856 0.007941735 -0.015316767 0.999851108 67.576759338
0.999964297 -0.000822228 -0.008407434 1.376872420 0.000953669 0.999877214 0.015641926 -1.924056530 0.008393538 -0.015649386 0.999842286 67.911163330
0.999967217 -0.000194979 -0.008095442 1.371701241 0.000323816 0.999873281 0.015916489 -1.946199417 0.008091316 -0.015918590 0.999840498 68.469474792
0.999967515 0.000363037 -0.008049967 1.373108268 -0.000234564 0.999872684 0.015954660 -1.956179619 0.008054733 -0.015952252 0.999840319 69.018730164
0.999968171 -0.000171142 -0.007980019 1.400633216 0.000298404 0.999872744 0.015949104 -1.973186731 0.007976273 -0.015950974 0.999840915 69.531433105
0.999967337 -0.000097978 -0.008085227 1.418240905 0.000225775 0.999875009 0.015806830 -1.984762311 0.008082666 -0.015808141 0.999842286 70.070083618
0.999966681 -0.000487700 -0.008145859 1.426012754 0.000616039 0.999875605 0.015759964 -1.990201354 0.008137161 -0.015764460 0.999842584 70.621139526
0.999969125 -0.000315185 -0.007845372 1.430617571 0.000438623 0.999876022 0.015737131 -2.000082970 0.007839440 -0.015740089 0.999845386 71.162803650
0.999967217 -0.000167585 -0.008089767 1.439229250 0.000296012 0.999873936 0.015876589 -2.022114992 0.008086085 -0.015878463 0.999841213 71.727241516
0.999966860 -0.000039215 -0.008135299 1.476355314 0.000170745 0.999869227 0.016167764 -2.051697731 0.008133601 -0.016168617 0.999836147 72.217437744
0.999966621 -0.000016769 -0.008171669 1.506178021 0.000147605 0.999871790 0.016010556 -2.063407421 0.008170353 -0.016011227 0.999838412 72.718544006
0.999965429 -0.000395898 -0.008308184 1.517319441 0.000528875 0.999871671 0.016009523 -2.080357552 0.008300780 -0.016013363 0.999837339 73.169059753
0.999960780 0.000300048 -0.008845217 1.585850716 -0.000152199 0.999860346 0.016711049 -2.139851093 0.008848998 -0.016709048 0.999821186 73.495262146
0.999969304 0.000758217 -0.007791727 1.516219139 -0.000632717 0.999870241 0.016096745 -2.084691525 0.007802920 -0.016091323 0.999840081 74.274696350
0.999967754 0.000422199 -0.008022434 1.547413707 -0.000293712 0.999871731 0.016010389 -2.108752251 0.008028163 -0.016007518 0.999839664 74.783660889
0.999963224 -0.000340866 -0.008572258 1.567157745 0.000481581 0.999865055 0.016418507 -2.126811504 0.008565504 -0.016422031 0.999828398 75.293319702
0.999966025 0.000463366 -0.008227149 1.570810795 -0.000331865 0.999872208 0.015977997 -2.130225897 0.008233498 -0.015974723 0.999838471 75.819770813
0.999966860 0.000290986 -0.008149989 1.574252963 -0.000164506 0.999879718 0.015515439 -2.127314568 0.008153523 -0.015513582 0.999846399 76.363502502
0.999977410 0.000078095 -0.006722097 1.585778475 0.000026801 0.999878228 0.015603152 -2.140068054 0.006722495 -0.015602981 0.999855638 76.881561279
0.999984622 0.000048527 -0.005543184 1.600705862 0.000035135 0.999886096 0.015091849 -2.145828724 0.005543285 -0.015091811 0.999870658 77.424270630
0.999988496 -0.000075995 -0.004787494 1.638357401 0.000150460 0.999878943 0.015555725 -2.172022343 0.004785732 -0.015556267 0.999867499 77.896362305
0.999995351 0.000478539 -0.003016341 1.618953824 -0.000431751 0.999879897 0.015493113 -2.171068430 0.003023392 -0.015491740 0.999875426 78.466964722
0.999999821 0.000582974 0.000238804 1.629619360 -0.000586645 0.999876976 0.015672484 -2.182259321 -0.000229638 -0.015672622 0.999877155 79.008598328
0.999995291 0.000039066 0.003051122 1.663638353 -0.000086223 0.999880493 0.015457009 -2.187179565 -0.003050153 -0.015457201 0.999875903 79.539596558
0.999982595 -0.000439029 0.005886157 1.707412601 0.000346820 0.999877334 0.015657170 -2.204549789 -0.005892308 -0.015654856 0.999860048 80.028007507
0.999950290 -0.000614318 0.009947539 1.713587165 0.000463429 0.999884903 0.015163721 -2.197750330 -0.009955710 -0.015158358 0.999835610 80.621665955
0.999873877 -0.000047575 0.015878599 1.746691346 -0.000203066 0.999875367 0.015782859 -2.224717140 -0.015877372 -0.015784094 0.999749303 81.105812073
0.999776781 -0.001152237 0.021094747 1.778769016 0.000825981 0.999880016 0.015468435 -2.214574337 -0.021110041 -0.015447559 0.999657869 81.569839478
0.999600589 0.000960090 0.028243419 1.797348619 -0.001412666 0.999870777 0.016008532 -2.259761810 -0.028224401 -0.016042035 0.999472857 82.388977051
0.999392629 -0.000728048 0.034842283 1.888496876 0.000224096 0.999895394 0.014465524 -2.217023373 -0.034849167 -0.014448929 0.999288142 82.736122131
0.999000072 0.000787366 0.044701558 1.904006124 -0.001504211 0.999870777 0.016004859 -2.300774574 -0.044683188 -0.016056098 0.998872101 83.445861816
0.998673260 -0.000181315 0.051494811 1.949590683 -0.000619126 0.999879241 0.015527742 -2.294260502 -0.051491410 -0.015539023 0.998552561 84.045898438
0.998172343 0.000397692 0.060430259 2.003521681 -0.001331714 0.999880254 0.015416706 -2.305070877 -0.060416892 -0.015469007 0.998053372 84.596244812
0.997496367 0.000242575 0.070717618 2.065823793 -0.001343413 0.999878645 0.015519529 -2.316371441 -0.070705272 -0.015575676 0.997375667 85.146018982
0.996844530 0.000091229 0.079379387 2.123597145 -0.001339332 0.999876261 0.015670160 -2.324771881 -0.079368129 -0.015727026 0.996721387 85.682373047
0.996208549 -0.001185628 0.086989336 2.196870327 -0.000128057 0.999885976 0.015094554 -2.328708649 -0.086997315 -0.015048462 0.996094882 86.209068298
0.995213509 -0.001183179 0.097717017 2.272166729 -0.000273230 0.999889076 0.014889627 -2.331409216 -0.097723797 -0.014845055 0.995102823 86.751586914
0.994138241 -0.001869724 0.108100429 2.355912685 0.000263678 0.999889374 0.014869375 -2.337277889 -0.108116269 -0.014753709 0.994028687 87.283790588
0.993068874 -0.001585511 0.117523037 2.438389778 -0.000187459 0.999886394 0.015073559 -2.354955673 -0.117533594 -0.014991115 0.992955744 87.808891296
0.991702795 -0.001059770 0.128547162 2.529934883 -0.000921833 0.999881685 0.015354906 -2.369070530 -0.128548205 -0.015346003 0.991584539 88.348342896
0.990022779 -0.001192028 0.140902519 2.629212379 -0.000928644 0.999887228 0.014983922 -2.373408794 -0.140904501 -0.014965272 0.989910066 88.889366150
0.988424599 -0.001899663 0.151700884 2.734740257 -0.000366684 0.999888778 0.014910206 -2.380839825 -0.151712358 -0.014793240 0.988313913 89.434577942
0.986937761 -0.002402189 0.161083952 2.843331337 -0.000017626 0.999887228 0.015018960 -2.384719849 -0.161101878 -0.014825620 0.986826360 89.972290039
0.984871864 -0.002435769 0.173267886 2.965164185 -0.000101324 0.999892950 0.014632252 -2.393488169 -0.173285007 -0.014428444 0.984765947 90.501686096
0.982649207 -0.002974639 0.185449809 3.090462685 0.000327359 0.999897659 0.014303895 -2.397352695 -0.185473382 -0.013995004 0.982549548 91.039093018
0.980533779 -0.002880311 0.196329296 3.216945648 0.000100681 0.999899626 0.014166510 -2.404086828 -0.196350425 -0.013870975 0.980435669 91.574798584
0.977850258 -0.003368969 0.209278509 3.357187271 0.000370660 0.999896765 0.014364458 -2.421256065 -0.209305286 -0.013968719 0.977750540 92.105064392
0.974891782 -0.004132225 0.222640797 3.501417160 0.000956238 0.999896169 0.014370984 -2.425139427 -0.222677097 -0.013797256 0.974794626 92.636634827
0.972231150 -0.004663940 0.233976215 3.660816193 0.001251088 0.999890685 0.014732624 -2.441610813 -0.234019354 -0.014030789 0.972130835 93.180023193
0.969295382 -0.004808361 0.245852605 3.827884674 0.001332724 0.999896884 0.014301505 -2.450965405 -0.245896026 -0.013534727 0.969201803 93.686416626
0.965810835 -0.006195673 0.259173661 4.023033142 0.002435097 0.999887049 0.014828399 -2.464512348 -0.259236306 -0.013690315 0.965716839 94.208869934
0.962337732 -0.006368169 0.271781921 4.200326920 0.002285122 0.999879777 0.015337096 -2.480350494 -0.271846890 -0.014138412 0.962236643 94.745826721
0.959060371 -0.006154569 0.283134758 4.379428864 0.001834874 0.999877810 0.015519335 -2.492748976 -0.283195704 -0.014364462 0.958954573 95.259735107
0.954951048 -0.006786032 0.296685487 4.582786560 0.002316653 0.999878466 0.015413349 -2.493453503 -0.296754003 -0.014031678 0.954850793 95.800003052
0.950458884 -0.007302530 0.310764432 4.778266907 0.002686362 0.999879658 0.015279659 -2.497329950 -0.310838610 -0.013687862 0.950364113 96.325325012
0.946795881 -0.007695781 0.321742535 4.990064621 0.002915875 0.999878109 0.015335565 -2.508707523 -0.321821421 -0.013581488 0.946702898 96.855857849
0.942348421 -0.007782070 0.334542722 5.199127197 0.002871191 0.999880791 0.015171393 -2.517123938 -0.334620863 -0.013336205 0.942258477 97.376182556
0.937174082 -0.008032516 0.348769844 5.411584854 0.002805821 0.999876082 0.015488661 -2.526802540 -0.348851025 -0.013536985 0.937080383 97.890350342
0.932570279 -0.008997848 0.360876173 5.637365341 0.003596636 0.999871314 0.015635762 -2.535401583 -0.360970318 -0.013283509 0.932482660 98.394905090
0.927936792 -0.009043238 0.372627705 5.861347198 0.003494012 0.999872744 0.015564770 -2.540928602 -0.372721076 -0.013141157 0.927850366 98.913467407
0.922064900 -0.008943937 0.386931956 6.104955673 0.003264262 0.999877036 0.015333381 -2.542169571 -0.387021542 -0.012875328 0.921980798 99.440269470
0.916836143 -0.010320379 0.399130225 6.354534149 0.004523566 0.999870360 0.015462797 -2.550704956 -0.399237990 -0.012371359 0.916763842 99.935043335
0.912006497 -0.010546914 0.410040170 6.596542358 0.004777233 0.999874651 0.015092975 -2.550363541 -0.410147965 -0.011806034 0.911942601 100.444267273
0.906740308 -0.011261156 0.421539128 6.858692169 0.005316605 0.999869168 0.015274747 -2.560845852 -0.421656013 -0.011609070 0.906681538 100.922233582
0.900021017 -0.011156941 0.435703725 7.118572235 0.005126054 0.999874115 0.015014746 -2.562830925 -0.435816377 -0.011280146 0.899964929 101.431411743
0.894168437 -0.011768543 0.447575897 7.390823364 0.005474588 0.999867141 0.015353316 -2.572091579 -0.447697163 -0.011278156 0.894114137 101.920509338
0.888585508 -0.012507387 0.458540201 7.666584015 0.006223647 0.999864936 0.015212307 -2.576436996 -0.458668411 -0.010663643 0.888543487 102.398635864
0.881442428 -0.012089893 0.472136766 7.953048706 0.005713544 0.999872029 0.014936749 -2.579732418 -0.472256988 -0.010468307 0.881398737 102.886184692
