1.000000000 0.000000000 0.000000000 0.000000000 0.000000000 1.000000000 0.000000000 0.000000000 0.000000000 0.000000000 1.000000000 0.000000000
1.000000000 0.000105695 0.000149531 -0.004241021 -0.000105664 1.000000000 -0.000206721 0.004974277 -0.000149553 0.000206705 0.999999940 0.004725790
1.000000000 0.000045370 0.000105417 -0.001995856 -0.000045358 1.000000000 -0.000111452 0.001810234 -0.000105422 0.000111447 1.000000000 0.002190827
0.999999881 0.000413587 0.000169551 -0.000875735 -0.000413578 0.999999940 -0.000050185 0.002177069 -0.000169571 0.000050115 1.000000000 -0.003315527
1.000000000 0.000185634 0.000004421 0.003027234 -0.000185634 1.000000000 0.000042332 0.001070389 -0.000004413 -0.000042333 1.000000000 -0.002048790
1.000000000 0.000195583 0.000071216 0.000064971 -0.000195588 1.000000000 0.000081600 0.001362280 -0.000071200 -0.000081614 1.000000000 -0.003417172
1.000000000 0.000109412 0.000075018 -0.000199407 -0.000109406 1.000000000 -0.000089745 0.002199414 -0.000075028 0.000089737 1.000000000 -0.000403682
1.000000000 0.000051125 0.000025263 -0.000257607 -0.000051126 1.000000000 0.000031405 0.002754007 -0.000025262 -0.000031406 1.000000000 -0.001380629
1.000000000 0.000072763 0.000193830 -0.006407691 -0.000072746 1.000000000 -0.000087677 0.003073813 -0.000193836 0.000087663 1.000000000 0.005168599
0.999999881 0.000328557 0.000292495 -0.004719430 -0.000328507 0.999999940 -0.000169203 0.002665059 -0.000292550 0.000169107 0.999999940 -0.000308210
0.999999940 0.000300069 0.000210180 -0.002076582 -0.000300050 0.999999940 -0.000090775 0.003525808 -0.000210207 0.000090712 1.000000000 0.000943469
1.000000000 0.000106658 0.000063524 -0.000728742 -0.000106645 1.000000000 -0.000194667 0.004377077 -0.000063545 0.000194660 1.000000000 0.001207192
1.000000000 0.000206609 0.000122494 -0.003437033 -0.000206585 0.999999940 -0.000192661 0.006506180 -0.000122534 0.000192636 1.000000000 -0.003692268
1.000000000 -0.000049479 0.000085268 -0.002143137 0.000049479 1.000000000 0.000006417 0.000782133 -0.000085268 -0.000006413 1.000000000 -0.001499120
1.000000000 0.000018499 0.000004774 0.001713507 -0.000018498 1.000000000 -0.000179104 0.006033847 -0.000004778 0.000179103 1.000000000 -0.003057762
1.000000000 -0.000039365 0.000003655 -0.000638132 0.000039366 1.000000000 -0.000149459 0.003529454 -0.000003649 0.000149459 1.000000000 0.003422281
1.000000000 -0.000183718 0.000108338 -0.006870596 0.000183725 1.000000000 -0.000064486 0.001049584 -0.000108326 0.000064506 1.000000000 -0.000211518
0.999999940 0.000118741 0.000254835 -0.007440801 -0.000118726 1.000000000 -0.000058598 0.000477528 -0.000254841 0.000058568 0.999999940 0.004375477
1.000000000 0.000084250 0.000090162 -0.004390751 -0.000084243 1.000000000 -0.000085958 0.003817612 -0.000090169 0.000085951 1.000000000 0.000982577
1.000000000 -0.000159240 -0.000065613 -0.002210844 0.000159231 1.000000000 -0.000141511 0.001671563 0.000065636 0.000141500 1.000000000 -0.001246798
1.000000000 -0.000031903 0.000041382 -0.000901045 0.000031905 1.000000000 -0.000045966 0.000571173 -0.000041380 0.000045967 1.000000000 -0.003136276
1.000000000 0.000057364 0.000094668 -0.003003461 -0.000057354 1.000000000 -0.000109630 0.004611192 -0.000094674 0.000109624 1.000000000 -0.002416893
1.000000000 0.000179292 0.000159078 -0.006570974 -0.000179266 1.000000000 -0.000162999 0.003824506 -0.000159107 0.000162971 1.000000000 0.003461961
1.000000000 -0.000052870 -0.000022905 -0.001125804 0.000052868 1.000000000 -0.000120698 0.003047670 0.000022911 0.000120697 1.000000000 0.001834672
1.000000000 -0.000023953 0.000117279 -0.004462020 0.000023936 1.000000000 0.000148141 -0.000835987 -0.000117282 -0.000148138 1.000000000 -0.000873209
1.000000000 0.000078360 -0.000095384 0.002562068 -0.000078375 1.000000000 -0.000154444 0.003895018 0.000095372 0.000154452 1.000000000 -0.003108931
1.000000000 -0.000110340 0.000036813 -0.002238589 0.000110344 1.000000000 -0.000106408 0.002407119 -0.000036801 0.000106412 1.000000000 -0.002016839
0.999999940 0.000234908 0.000192233 -0.006447124 -0.000234869 0.999999940 -0.000205844 0.003849149 -0.000192282 0.000205799 0.999999940 0.001529219
1.000000000 0.000023365 0.000153282 -0.005239696 -0.000023366 1.000000000 0.000006782 0.002554011 -0.000153282 -0.000006786 1.000000000 -0.000042598
1.000000000 -0.000177668 0.000060454 -0.004095801 0.000177675 1.000000000 -0.000121004 0.006483263 -0.000060433 0.000121015 1.000000000 0.001400756
1.000000000 0.000000698 0.000078460 -0.003521935 -0.000000695 1.000000000 -0.000030478 0.002220603 -0.000078460 0.000030478 1.000000000 0.001003110
1.000000000 0.000051877 0.000182532 -0.006065806 -0.000051909 1.000000000 0.000178928 -0.001203566 -0.000182523 -0.000178937 0.999999940 0.000001290
1.000000000 -0.000086884 0.000051382 -0.004216493 0.000086884 1.000000000 0.000004232 0.001568686 -0.000051383 -0.000004227 1.000000000 0.001485218
1.000000000 -0.000100767 -0.000061160 -0.001404485 0.000100767 1.000000000 -0.000002299 0.003483284 0.000061161 0.000002293 1.000000000 -0.000642839
1.000000000 0.000070854 0.000094157 -0.004889524 -0.000070843 1.000000000 -0.000112335 0.003389318 -0.000094165 0.000112329 1.000000000 0.000603209
1.000000000 -0.000004952 0.000059120 -0.004137567 0.000004964 1.000000000 -0.000189460 0.007637526 -0.000059119 0.000189460 1.000000000 0.002419960
1.000000000 -0.000128296 0.000007691 -0.003919751 0.000128296 1.000000000 -0.000004528 0.003362600 -0.000007691 0.000004529 1.000000000 -0.001961288
1.000000000 -0.000017868 0.000056789 -0.003094478 0.000017876 1.000000000 -0.000157195 0.004937705 -0.000056786 0.000157196 1.000000000 0.000304027
1.000000000 -0.000166762 0.000118228 -0.007233773 0.000166755 1.000000000 0.000059115 0.000264122 -0.000118237 -0.000059095 1.000000000 0.000497613
1.000000000 0.000061046 0.000024430 -0.003018269 -0.000061049 1.000000000 0.000125520 0.001741735 -0.000024422 -0.000125521 1.000000000 0.001422249
1.000000000 -0.000185087 -0.000125840 -0.000792103 0.000185078 1.000000000 -0.000072246 0.002443419 0.000125853 0.000072223 1.000000000 -0.001469256
1.000000000 -0.000034256 0.000014038 0.004860379 0.000034264 0.999999821 -0.000558555 -0.005414035 -0.000014019 0.000558556 0.999999821 0.046012502
1.000000000 -0.000193071 -0.000130144 0.002684585 0.000192887 0.999998987 -0.001405240 -0.002779407 0.000130415 0.001405215 0.999998987 0.149365008
1.000000000 -0.000121886 -0.000121908 0.006114824 0.000121700 0.999998868 -0.001519072 -0.007444523 0.000122093 0.001519058 0.999998868 0.262771457
1.000000000 -0.000150254 0.000056714 0.002623501 0.000150330 0.999999106 -0.001348148 -0.014175601 -0.000056511 0.001348156 0.999999106 0.388245553
0.999999940 0.000225687 -0.000198894 0.005515533 -0.000225953 0.999999106 -0.001333813 -0.017559702 0.000198593 0.001333857 0.999999106 0.536630154
1.000000000 -0.000136030 0.000072709 0.007963261 0.000136116 0.999999285 -0.001180171 -0.027393082 -0.000072548 0.001180181 0.999999285 0.702021718
0.999999940 -0.000420807 -0.000040508 0.019126603 0.000420780 0.999999702 -0.000667753 -0.034856468 0.000040789 0.000667736 0.999999762 0.846898913
0.999999940 -0.000234586 -0.000311736 0.026832718 0.000234403 0.999999821 -0.000585617 -0.037133221 0.000311873 0.000585543 0.999999762 1.031819105
0.999999940 -0.000101559 -0.000286201 0.018934134 0.000101398 0.999999821 -0.000560453 -0.043562014 0.000286258 0.000560424 0.999999821 1.204551339
0.999999940 -0.000131272 -0.000263032 0.033558700 0.000131149 0.999999881 -0.000466760 -0.049372975 0.000263094 0.000466726 0.999999881 1.413668156
0.999999046 -0.000712942 -0.001171959 0.050463881 0.000712742 0.999999702 -0.000170632 -0.048442472 0.001172081 0.000169797 0.999999285 1.605471134
0.999994993 -0.002124256 0.002342041 -0.007637527 0.002118904 0.999995112 0.002285652 -0.119840555 -0.002346885 -0.002280678 0.999994576 1.668902755
0.999994338 -0.002568179 0.002162895 -0.000279780 0.002562503 0.999993265 0.002622664 -0.127453580 -0.002169616 -0.002617107 0.999994218 1.871338367
0.999994278 -0.002448324 0.002339018 -0.003152526 0.002442514 0.999993861 0.002483615 -0.138428867 -0.002345084 -0.002477887 0.999994159 2.080236673
0.999995053 -0.002133915 0.002304011 0.003762323 0.002127750 0.999994159 0.002674796 -0.144495592 -0.002309706 -0.002669880 0.999993742 2.296192884
0.999996006 -0.001540013 0.002330086 0.003639773 0.001533914 0.999995351 0.002617128 -0.149609193 -0.002334105 -0.002613544 0.999993801 2.542276621
0.999994218 -0.001726364 0.002939770 0.002653575 0.001717306 0.999993801 0.003080979 -0.161825761 -0.002945070 -0.003075913 0.999990940 2.755747318
0.999994218 -0.002585406 0.002216245 0.021365695 0.002578469 0.999991775 0.003127503 -0.173305601 -0.002224313 -0.003121770 0.999992669 2.975978851
0.999994040 -0.002239249 0.002613240 0.018444881 0.002231943 0.999993563 0.002795249 -0.176102355 -0.002619482 -0.002789399 0.999992669 3.238750696
0.999994516 -0.002268014 0.002470518 0.024526581 0.002259878 0.999992013 0.003291172 -0.186097592 -0.002477963 -0.003285571 0.999991536 3.472227812
0.999994814 -0.002336584 0.002256196 0.040381964 0.002330251 0.999993324 0.002805477 -0.187303111 -0.002262737 -0.002800205 0.999993503 3.727380514
0.999992192 -0.003500564 0.001835035 0.044001397 0.003493763 0.999987066 0.003696754 -0.219060913 -0.001847952 -0.003690314 0.999991477 3.986542225
0.999993801 -0.002860211 0.002064661 0.044440709 0.002852439 0.999988973 0.003757002 -0.224726662 -0.002075384 -0.003751089 0.999990821 4.239992142
0.999992847 -0.003124296 0.002121424 0.043866694 0.003115435 0.999986470 0.004167243 -0.238823488 -0.002134415 -0.004160604 0.999989033 4.486182690
0.999993443 -0.002786636 0.002312045 0.047766268 0.002777528 0.999988437 0.003932996 -0.239082783 -0.002322978 -0.003926549 0.999989569 4.767929554
0.999991059 -0.003831034 0.001787984 0.057390798 0.003823602 0.999984026 0.004141890 -0.260445178 -0.001803823 -0.004135016 0.999989808 4.994243622
0.999989748 -0.004331152 0.001327134 0.063870519 0.004325144 0.999980450 0.004496841 -0.273021936 -0.001346585 -0.004491054 0.999988973 5.264175415
0.999990582 -0.003908910 0.001884471 0.054161336 0.003900606 0.999982715 0.004390007 -0.291894823 -0.001901599 -0.004382615 0.999988556 5.516877651
0.999992728 -0.003398235 0.001746463 0.067504659 0.003390199 0.999983668 0.004584535 -0.290236980 -0.001762014 -0.004578581 0.999987900 5.789771557
0.999992192 -0.003554135 0.001747808 0.084850498 0.003545782 0.999982357 0.004759681 -0.292145669 -0.001764694 -0.004753447 0.999987125 6.034455299
0.999993026 -0.002347614 0.002900667 0.054670256 0.002333662 0.999985874 0.004803675 -0.334485680 -0.002911903 -0.004796873 0.999984264 6.353230476
0.999994755 -0.001276675 0.002971240 0.054282941 0.001263270 0.999989092 0.004509133 -0.339571118 -0.002976964 -0.004505357 0.999985397 6.648298264
0.999992251 -0.002843087 0.002714776 0.073822647 0.002830413 0.999985099 0.004661170 -0.335273713 -0.002727988 -0.004653451 0.999985456 6.944299221
0.999992609 -0.002682326 0.002753452 0.083870634 0.002669329 0.999985278 0.004713401 -0.351551533 -0.002766054 -0.004706017 0.999985039 7.234763145
0.999993384 -0.001821903 0.003155989 0.077533677 0.001806220 0.999986112 0.004965111 -0.365602881 -0.003164991 -0.004959378 0.999982715 7.562146664
0.999992669 -0.002576216 0.002833062 0.095239438 0.002561023 0.999982417 0.005353304 -0.397394925 -0.002846803 -0.005346009 0.999981642 7.829275608
0.999992013 -0.002213858 0.003330145 0.094721362 0.002195927 0.999983132 0.005378467 -0.400839120 -0.003341997 -0.005371111 0.999979913 8.160152435
0.999993384 -0.002189704 0.002920448 0.100244194 0.002174802 0.999984682 0.005096125 -0.403745472 -0.002931562 -0.005089740 0.999982715 8.487048149
0.999993265 -0.002739160 0.002460290 0.123653084 0.002726362 0.999982893 0.005189790 -0.410652280 -0.002474464 -0.005183047 0.999983430 8.822313309
0.999992013 -0.002579718 0.003044984 0.103694461 0.002561843 0.999979556 0.005859593 -0.455860555 -0.003060038 -0.005851745 0.999978185 9.130101204
0.999991238 -0.003197478 0.002664711 0.113988027 0.003182224 0.999978602 0.005709140 -0.459707856 -0.002682909 -0.005700611 0.999980092 9.476616859
0.999992013 -0.002958742 0.002686218 0.116566785 0.002942984 0.999978602 0.005851399 -0.463787526 -0.002703474 -0.005843447 0.999979198 9.823390961
0.999992013 -0.002872869 0.002798738 0.123767167 0.002855518 0.999976814 0.006184223 -0.480760396 -0.002816440 -0.006176182 0.999976933 10.184393883
0.999992430 -0.002501829 0.002969775 0.131666511 0.002482311 0.999975383 0.006557720 -0.492205471 -0.002986109 -0.006550298 0.999974072 10.532765388
0.999990344 -0.003086687 0.003132063 0.137698814 0.003065915 0.999973416 0.006615482 -0.521574616 -0.003152399 -0.006605815 0.999973238 10.877214432
0.999991179 -0.002658432 0.003263312 0.143221378 0.002634236 0.999969184 0.007396548 -0.543753326 -0.003282875 -0.007387886 0.999967337 11.253173828
0.999988854 -0.003177019 0.003497993 0.154424861 0.003154676 0.999974728 0.006374548 -0.536601841 -0.003518157 -0.006363442 0.999973595 11.653367043
0.999990404 -0.002797943 0.003367337 0.170239344 0.002775337 0.999973714 0.006699146 -0.545189738 -0.003385992 -0.006689735 0.999971926 12.016301155
0.999991238 -0.002570274 0.003294987 0.172473460 0.002546597 0.999971032 0.007170130 -0.562414408 -0.003313321 -0.007161677 0.999968886 12.395856857
0.999984682 -0.004869188 0.002622756 0.188201159 0.004851504 0.999965668 0.006707382 -0.592184305 -0.002655326 -0.006694555 0.999974072 12.768620491
0.999982953 -0.005330232 0.002386802 0.209914967 0.005313741 0.999962330 0.006863406 -0.603045940 -0.002423296 -0.006850606 0.999973595 13.164969444
0.999986231 -0.003620255 0.003796472 0.202760249 0.003594210 0.999970198 0.006844787 -0.613913417 -0.003821139 -0.006831048 0.999969363 13.555150986
0.999987006 -0.003696687 0.003496559 0.208348572 0.003668770 0.999961615 0.007957149 -0.629031897 -0.003525840 -0.007944219 0.999962270 13.977903366
0.999981523 -0.005146702 0.003220891 0.216759831 0.005123297 0.999960661 0.007233185 -0.678267717 -0.003257991 -0.007216549 0.999968648 14.362169266
0.999976516 -0.006000336 0.003289346 0.228636146 0.005974460 0.999951601 0.007820502 -0.684389234 -0.003336112 -0.007800667 0.999963999 14.796221733
0.999976337 -0.005785170 0.003710115 0.241806954 0.005755753 0.999952257 0.007891405 -0.696183980 -0.003755591 -0.007869866 0.999961972 15.200570107
0.999981463 -0.004023997 0.004566679 0.250437140 0.003987136 0.999959588 0.008052398 -0.703944802 -0.004598897 -0.008034040 0.999957144 15.654675484
0.999976516 -0.004162677 0.005447498 0.229772151 0.004117221 0.999956846 0.008329159 -0.733226538 -0.005481934 -0.008306534 0.999950528 16.103195190
0.999973059 -0.005242863 0.005137952 0.249342978 0.005201174 0.999953747 0.008093859 -0.759296536 -0.005180149 -0.008066917 0.999954045 16.491601944
0.999969721 -0.005181723 0.005806488 0.259003758 0.005135199 0.999954820 0.007998934 -0.771737218 -0.005847675 -0.007968874 0.999951124 16.943788528
0.999972999 -0.004754676 0.005614037 0.277615190 0.004708637 0.999955475 0.008185607 -0.774598420 -0.005652706 -0.008158950 0.999950707 17.420373917
0.999970496 -0.005007208 0.005826925 0.290233940 0.004957861 0.999952078 0.008452568 -0.791126728 -0.005868969 -0.008423428 0.999947250 17.875415802
0.999968052 -0.004808977 0.006382208 0.298424661 0.004752957 0.999950290 0.008763929 -0.807987154 -0.006424037 -0.008733315 0.999941230 18.321554184
0.999968946 -0.005104418 0.006000719 0.323593199 0.005050804 0.999947488 0.008916155 -0.818002224 -0.006045916 -0.008885570 0.999942243 18.789293289
0.999968052 -0.005039516 0.006205486 0.338984877 0.004986179 0.999950767 0.008580906 -0.820577800 -0.006248424 -0.008549689 0.999943972 19.274255753
0.999968290 -0.004875422 0.006300635 0.342427760 0.004818033 0.999947131 0.009091568 -0.845045567 -0.006344627 -0.009060924 0.999938846 19.760316849
0.999967158 -0.004434988 0.006793939 0.352769166 0.004370743 0.999945879 0.009442049 -0.868202567 -0.006835447 -0.009412045 0.999932349 20.219013214
0.999970555 -0.005815321 0.005001938 0.408723891 0.005766456 0.999936044 0.009728725 -0.918416083 -0.005058194 -0.009699595 0.999940157 20.680444717
0.999971271 -0.006007238 0.004622089 0.415804088 0.005962180 0.999935091 0.009701311 -0.918812096 -0.004680068 -0.009673474 0.999942243 21.197744370
0.999971449 -0.005873940 0.004753991 0.419403136 0.005827671 0.999936044 0.009688730 -0.934096515 -0.004810598 -0.009660748 0.999941766 21.713544846
0.999975979 -0.005280688 0.004471585 0.425096303 0.005235190 0.999935031 0.010126230 -0.949177086 -0.004524768 -0.010102578 0.999938726 22.207271576
0.999980986 -0.005217421 0.003291903 0.423962355 0.005186646 0.999943316 0.009289194 -0.964038849 -0.003340182 -0.009271943 0.999951363 22.734642029
0.999982476 -0.005587793 0.001981804 0.444465697 0.005568921 0.999940276 0.009403554 -0.978605628 -0.002034230 -0.009392352 0.999953806 23.270824432
0.999984145 -0.004880424 0.002818240 0.433792502 0.004855183 0.999948561 0.008894969 -0.981480777 -0.002861507 -0.008881144 0.999956489 23.827457428
0.999987483 -0.004552824 0.002087718 0.439961314 0.004532110 0.999941528 0.009821267 -1.015204430 -0.002132310 -0.009811682 0.999949574 24.329673767
0.999990225 -0.004126505 0.001592693 0.447782010 0.004110100 0.999939799 0.010169376 -1.021394730 -0.001634561 -0.010162729 0.999947071 24.875425339
0.999989092 -0.004585340 0.000842068 0.454227924 0.004577471 0.999947965 0.009118907 -1.014841676 -0.000883837 -0.009114953 0.999958038 25.431640625
0.999989331 -0.004393934 0.001409963 0.440826058 0.004377787 0.999927044 0.011257830 -1.078731418 -0.001459327 -0.011251538 0.999935567 25.914686203
0.999989450 -0.004367524 0.001397284 0.452219665 0.004351273 0.999925196 0.011429898 -1.084657788 -0.001447099 -0.011423699 0.999933720 26.461385727
0.999992192 -0.003788459 0.001111635 0.459799141 0.003775652 0.999928951 0.011305857 -1.102796674 -0.001154387 -0.011301572 0.999935448 27.030521393
0.999994099 -0.003288656 0.000925189 0.480660558 0.003277591 0.999925971 0.011718276 -1.117208600 -0.000963657 -0.011715175 0.999930859 27.575321198
0.999995470 -0.002061015 0.002162047 0.408065289 0.002034638 0.999924302 0.012132028 -1.163334846 -0.002186888 -0.012127575 0.999924004 28.141010284
0.999996603 -0.002382699 0.001042636 0.449597478 0.002368695 0.999909639 0.013232665 -1.241687417 -0.001074072 -0.013230150 0.999911904 28.617753983
0.999995589 -0.002866830 0.000756945 0.464484811 0.002856493 0.999907196 0.013321818 -1.253701925 -0.000795066 -0.013319596 0.999910951 29.170745850
0.999996722 -0.002459503 0.000629554 0.474841058 0.002450828 0.999906838 0.013427662 -1.257100344 -0.000662520 -0.013426077 0.999909699 29.700153351
0.999995649 -0.002931313 0.000100233 0.532297790 0.002929628 0.999898195 0.013958894 -1.299430490 -0.000141140 -0.013958540 0.999902546 30.188011169
0.999998569 -0.001645756 -0.000222745 0.548421264 0.001648867 0.999889553 0.014772350 -1.380594015 0.000198409 -0.014772698 0.999890804 30.689186096
0.999999285 -0.001058798 -0.000405437 0.549423218 0.001064717 0.999888599 0.014887501 -1.394048691 0.000389629 -0.014887923 0.999889076 31.232631683
0.999997258 -0.002300997 -0.000465150 0.581518710 0.002307501 0.999892235 0.014501329 -1.390062094 0.000431732 -0.014502364 0.999894738 31.777332306
0.999997258 -0.002156164 -0.000929169 0.573938251 0.002169953 0.999883533 0.015104569 -1.395264864 0.000896493 -0.015106543 0.999885499 32.309440613
0.999999285 -0.001206876 -0.000095429 0.594631255 0.001208159 0.999889195 0.014835482 -1.399991632 0.000077514 -0.014835589 0.999889970 32.896785736
0.999999046 -0.001136164 -0.000745438 0.550558925 0.001147402 0.999882996 0.015253213 -1.505189180 0.000728021 -0.015254054 0.999883413 33.367969513
1.000000000 -0.000241905 -0.000022652 0.556319833 0.000242237 0.999872148 0.015987163 -1.522680044 0.000018782 -0.015987167 0.999872148 33.916263580
0.999999166 -0.000779258 -0.001091679 0.566286564 0.000796859 0.999868214 0.016216367 -1.536082268 0.001078898 -0.016217222 0.999867916 34.391395569
0.999997914 -0.001478586 -0.001419990 0.587553263 0.001502600 0.999853313 0.017061753 -1.592012167 0.001394554 -0.017063851 0.999853432 34.948112488
0.999996662 -0.002083755 -0.001554983 0.586373627 0.002109870 0.999853551 0.016985670 -1.609023094 0.001519361 -0.016988892 0.999854565 35.499542236
0.999998450 -0.000713092 -0.001623741 0.597542346 0.000740867 0.999852300 0.017169567 -1.610740423 0.001611258 -0.017170742 0.999851286 36.004783630
0.999997377 -0.001382346 -0.001813445 0.593492031 0.001413213 0.999852240 0.017131351 -1.619878769 0.001789496 -0.017133869 0.999851644 36.514450073
0.999998152 -0.001684992 -0.000907379 0.577877581 0.001700614 0.999845445 0.017500712 -1.624980450 0.000877750 -0.017502224 0.999846458 37.082187653
0.999999642 -0.000061420 -0.000786619 0.603945136 0.000076016 0.999827504 0.018568730 -1.693112254 0.000785343 -0.018568782 0.999827266 37.614856720
0.999999404 -0.000164243 -0.001065900 0.617940843 0.000183231 0.999840856 0.017838204 -1.692429781 0.001062800 -0.017838389 0.999840319 38.179618835
0.999998391 -0.000439026 -0.001750316 0.628714740 0.000471375 0.999828279 0.018524414 -1.707015514 0.001741882 -0.018525209 0.999826849 38.676845551
0.999998450 0.000245090 -0.001773411 0.640571594 -0.000212265 0.999829113 0.018486381 -1.704963565 0.001777639 -0.018485976 0.999827504 39.263832092
0.999997914 -0.000803370 -0.001857399 0.650705636 0.000841037 0.999792218 0.020368718 -1.752053976 0.001840650 -0.020370238 0.999790788 39.797401428
0.999996543 -0.001592924 -0.002100484 0.696895897 0.001636040 0.999784648 0.020687606 -1.798691034 0.002067078 -0.020690972 0.999783754 40.324878693
0.999995053 -0.001562114 -0.002760151 0.719778538 0.001620468 0.999772489 0.021267122 -1.808736086 0.002726301 -0.021271490 0.999769986 40.868328094
0.999993265 -0.002098672 -0.003007401 0.735714436 0.002162872 0.999766290 0.021505382 -1.813080072 0.002961565 -0.021511743 0.999764144 41.416835785
0.999995768 -0.001152664 -0.002663348 0.748034239 0.001207137 0.999788225 0.020542650 -1.799854279 0.002639105 -0.020545779 0.999785364 41.954086304
0.999995410 -0.001125573 -0.002841271 0.769302785 0.001182075 0.999800026 0.019963238 -1.792980433 0.002818233 -0.019966505 0.999796629 42.547508240
0.999995589 0.000149964 -0.002979440 0.767920017 -0.000092449 0.999813855 0.019294765 -1.801914573 0.002981780 -0.019294405 0.999809384 43.093063354
0.999994934 -0.000289820 -0.003168923 0.800262213 0.000350466 0.999816418 0.019153697 -1.786571980 0.003162791 -0.019154711 0.999811530 43.655872345
0.999993920 -0.000189016 -0.003489340 0.790408075 0.000246847 0.999862492 0.016580690 -1.765541434 0.003485727 -0.016581450 0.999856472 44.146320343
0.999993384 -0.000979813 -0.003508498 0.801868200 0.001038763 0.999857724 0.016839810 -1.777355313 0.003491499 -0.016843343 0.999852061 44.698413849
0.999991477 -0.000800115 -0.004048507 0.820345223 0.000868560 0.999856174 0.016932752 -1.775173426 0.004034377 -0.016936123 0.999848485 45.233814240
0.999989271 -0.001413831 -0.004423975 0.845795929 0.001485794 0.999865890 0.016305784 -1.769165397 0.004400328 -0.016312182 0.999857306 45.791469574
0.999995291 -0.000065040 -0.003069785 0.808380902 0.000115804 0.999863148 0.016539425 -1.814370394 0.003068291 -0.016539700 0.999858499 46.318531036
0.999992967 -0.000195064 -0.003748053 0.831567168 0.000257717 0.999860108 0.016722901 -1.821204424 0.003744268 -0.016723748 0.999853134 46.863784790
0.999993026 0.000043011 -0.003733157 0.827770948 0.000016534 0.999872804 0.015948975 -1.821343899 0.003733368 -0.015948925 0.999865830 47.400966644
0.999993086 -0.000064230 -0.003732583 0.826424956 0.000123831 0.999872446 0.015969608 -1.823805928 0.003731082 -0.015969958 0.999865472 47.958423615
0.999995410 0.000363032 -0.003015759 0.817797422 -0.000314039 0.999868214 0.016230274 -1.832326174 0.003021254 -0.016229250 0.999863744 48.514156342
0.999993861 -0.000764673 -0.003404823 0.835765064 0.000820004 0.999867082 0.016279463 -1.852308750 0.003391922 -0.016282156 0.999861598 48.971603394
0.999992192 -0.001004413 -0.003819783 0.845451832 0.001064288 0.999876082 0.015705222 -1.854861975 0.003803534 -0.015709167 0.999869347 49.519699097
0.999994874 -0.000297860 -0.003191511 0.839068174 0.000349813 0.999867141 0.016290376 -1.865227699 0.003186235 -0.016291410 0.999862134 50.061481476
0.999994040 -0.000746798 -0.003374745 0.847913504 0.000800670 0.999871790 0.015990144 -1.870103240 0.003362372 -0.015992751 0.999866486 50.604572296
0.999993145 -0.000929143 -0.003559693 0.856809974 0.000989571 0.999854803 0.017011661 -1.895407677 0.003543370 -0.017015068 0.999848962 51.107948303
0.999994040 -0.000704609 -0.003342185 0.868981719 0.000761599 0.999853790 0.017081391 -1.904586792 0.003329661 -0.017083835 0.999848545 51.657524109
0.999994218 -0.000234494 -0.003394028 0.882165015 0.000288937 0.999871194 0.016049335 -1.899284482 0.003389827 -0.016050221 0.999865472 52.215091705
0.999994218 -0.000718694 -0.003300033 0.875876546 0.000772988 0.999863923 0.016480906 -1.916428566 0.003287740 -0.016483365 0.999858677 52.724044800
0.999994576 -0.001123156 -0.003101954 0.859790862 0.001177810 0.999843121 0.017673839 -1.957085609 0.003081617 -0.017677395 0.999839008 53.146717072
0.999996901 -0.000488707 -0.002449454 0.841956139 0.000532452 0.999839842 0.017890427 -1.964157939 0.002440318 -0.017891672 0.999836981 53.671119690
0.999995410 -0.000779611 -0.002948808 0.867100000 0.000829891 0.999853671 0.017088251 -1.964462996 0.002935054 -0.017090620 0.999849677 54.238353729
0.999992073 -0.001588400 -0.003658141 0.914946139 0.001649197 0.999859571 0.016677009 -1.955496430 0.003631138 -0.016682906 0.999854267 54.815685272
0.999989927 -0.001995485 -0.004017471 0.911294699 0.002064568 0.999848783 0.017265661 -1.981705785 0.003982413 -0.017273778 0.999842882 55.242019653
0.999993384 -0.001197189 -0.003437269 0.915324748 0.001254920 0.999857366 0.016842881 -1.993376136 0.003416615 -0.016847081 0.999852300 55.777145386
0.999989867 -0.002133545 -0.003933911 0.925389588 0.002198214 0.999861240 0.016508585 -1.984706163 0.003898144 -0.016517065 0.999855995 56.327682495
0.999991715 -0.002130611 -0.003467083 0.928182364 0.002189000 0.999854326 0.016925314 -2.013386250 0.003430517 -0.016932761 0.999850750 56.869014740
0.999989152 -0.002622578 -0.003840951 0.962258339 0.002685439 0.999860942 0.016453497 -2.013419151 0.003797268 -0.016463634 0.999857187 57.411842346
0.999987185 -0.002935025 -0.004121346 0.954666197 0.003005851 0.999846220 0.017285582 -2.043315411 0.004069978 -0.017297750 0.999842107 57.841308594
0.999987066 -0.003116373 -0.004011273 0.964957237 0.003184366 0.999849498 0.017057156 -2.050113678 0.003957513 -0.017069712 0.999846458 58.398479462
0.999984205 -0.003808944 -0.004110685 0.982699394 0.003875746 0.999858499 0.016367001 -2.048947096 0.004047763 -0.016382676 0.999857605 58.934417725
0.999991357 -0.002504025 -0.003299685 0.956983030 0.002559533 0.999853492 0.016926812 -2.054624081 0.003256816 -0.016935110 0.999851346 59.445556641
0.999983370 -0.003551771 -0.004546334 1.010708809 0.003630779 0.999840379 0.017489810 -2.083241701 0.004483488 -0.017506022 0.999836683 59.879680634
0.999980152 -0.003294069 -0.005369594 1.039718747 0.003391839 0.999826729 0.018301947 -2.101003170 0.005308376 -0.018319797 0.999818087 60.400508881
0.999980867 -0.003730936 -0.004947471 1.009501696 0.003812464 0.999855399 0.016573142 -2.072207928 0.004884920 -0.016591681 0.999850392 60.976661682
0.999977827 -0.004212413 -0.005154291 1.036077857 0.004294475 0.999862492 0.016014861 -2.054353952 0.005086122 -0.016036639 0.999858439 61.504787445
0.999978364 -0.004125588 -0.005108805 1.041345835 0.004213784 0.999840081 0.017374866 -2.111558199 0.005036305 -0.017396016 0.999835968 61.941867828
0.999979079 -0.004256559 -0.004868602 1.052258253 0.004341580 0.999835908 0.017587971 -2.132148743 0.004792938 -0.017608741 0.999833405 62.473220825
0.999976933 -0.004521262 -0.005071186 1.047850370 0.004609140 0.999837041 0.017453171 -2.138066292 0.004991451 -0.017476141 0.999834776 63.033954620
0.999969125 -0.004611597 -0.006354516 1.100592375 0.004720816 0.999839544 0.017281143 -2.143757582 0.006273802 -0.017310608 0.999830425 63.609561920
0.999976575 -0.004360905 -0.005278933 1.058927298 0.004458004 0.999818504 0.018523769 -2.211476803 0.005197193 -0.018546868 0.999814510 63.995063782
0.999976099 -0.004555567 -0.005202379 1.073820114 0.004648586 0.999827087 0.018010175 -2.209441662 0.005119433 -0.018033927 0.999824286 64.540214539
0.999979794 -0.004427016 -0.004548075 1.075384855 0.004507315 0.999831378 0.017799795 -2.216989994 0.004468509 -0.017819934 0.999831200 65.098320007
0.999976873 -0.004905515 -0.004725669 1.079307079 0.004987069 0.999836147 0.017403226 -2.202200890 0.004639523 -0.017426388 0.999837399 65.625282288
0.999982953 -0.003788048 -0.004446953 1.067464113 0.003872084 0.999811113 0.019043356 -2.257437706 0.004373976 -0.019060249 0.999808788 66.041259766
0.999978483 -0.004532769 -0.004737873 1.075992107 0.004620524 0.999814808 0.018677892 -2.255688429 0.004652333 -0.018699382 0.999814332 66.592803955
0.999975741 -0.005101006 -0.004756471 1.101143360 0.005187678 0.999817371 0.018391237 -2.250916958 0.004661788 -0.018415464 0.999819517 67.098800659
0.999983966 -0.003987137 -0.004017103 1.087583065 0.004061937 0.999815226 0.018787602 -2.265372515 0.003941452 -0.018803619 0.999815404 67.622001648
0.999985039 -0.002868978 -0.004656462 1.089595437 0.002957289 0.999813795 0.019070487 -2.294345856 0.004600881 -0.019083973 0.999807298 68.097267151
0.999984860 -0.002585267 -0.004869421 1.101954579 0.002676148 0.999820650 0.018750386 -2.297731161 0.004820073 -0.018763134 0.999812305 68.641998291
0.999983788 -0.003201803 -0.004702298 1.110914469 0.003288519 0.999822557 0.018550761 -2.300707817 0.004642067 -0.018565925 0.999816895 69.214492798
0.999982893 -0.003399496 -0.004755257 1.113663435 0.003480165 0.999848425 0.017060071 -2.280390739 0.004696540 -0.017076328 0.999843180 69.755744934
0.999988139 -0.002869317 -0.003918509 1.116170168 0.002945714 0.999802947 0.019632064 -2.350292683 0.003861407 -0.019643374 0.999799609 70.098136902
0.999989688 -0.002614843 -0.003703580 1.127337217 0.002682776 0.999826014 0.018458037 -2.348435879 0.003654671 -0.018467782 0.999822795 70.663574219
0.999993622 -0.001033982 -0.003419491 1.127163053 0.001099064 0.999817252 0.019085640 -2.371851921 0.003399131 -0.019089278 0.999812067 71.200599670
0.999990702 -0.001496711 -0.004041644 1.129047990 0.001569578 0.999835193 0.018086379 -2.360861301 0.004013907 -0.018092554 0.999828279 71.745780945
0.999986112 -0.003595726 -0.003860753 1.150332570 0.003670564 0.999802053 0.019555546 -2.393538475 0.003789673 -0.019569447 0.999801278 72.157913208
0.999985218 -0.003696392 -0.004003593 1.164003849 0.003774657 0.999798477 0.019720698 -2.402522087 0.003929891 -0.019735519 0.999797523 72.711006165
0.999987960 -0.003346178 -0.003591837 1.171573639 0.003415185 0.999806285 0.019381277 -2.398626328 0.003526287 -0.019393310 0.999805748 73.240318298
0.999998152 -0.000421653 -0.001877684 1.101386070 0.000458788 0.999803424 0.019820681 -2.435589790 0.001868956 -0.019821506 0.999801755 73.775123596
0.999990284 -0.002606039 -0.003554961 1.219846129 0.002680231 0.999775231 0.021027271 -2.478533268 0.003499364 -0.021036595 0.999772549 74.076057434
0.999986291 -0.003449434 -0.003934943 1.233982325 0.003529893 0.999780953 0.020626893 -2.476871014 0.003862930 -0.020640505 0.999779463 74.628700256
0.999986708 -0.003001801 -0.004186158 1.245462894 0.003086731 0.999786496 0.020431411 -2.478354454 0.004123934 -0.020444063 0.999782562 75.184318542
0.999986470 -0.002990435 -0.004264335 1.253103137 0.003077989 0.999781549 0.020675050 -2.488307476 0.004201577 -0.020687895 0.999777198 75.706077576
0.999989927 -0.002715018 -0.003569215 1.233868361 0.002789645 0.999774039 0.021072647 -2.493064880 0.003511196 -0.021082390 0.999771595 76.160568237
0.999988198 -0.003260776 -0.003606331 1.246836901 0.003336393 0.999770343 0.021164522 -2.496211529 0.003536491 -0.021176299 0.999769509 76.698730469
0.999986649 -0.003537169 -0.003792989 1.252387166 0.003614750 0.999780357 0.020645680 -2.489262104 0.003719128 -0.020659111 0.999779701 77.243499756
0.999991894 -0.002289498 -0.003305514 1.250186801 0.002357182 0.999784589 0.020619672 -2.497270584 0.003257594 -0.020627296 0.999781966 77.768348694
0.999997616 -0.001560110 -0.001480058 1.245653152 0.001591446 0.999769449 0.021412490 -2.543531418 0.001446311 -0.021414798 0.999769568 78.224609375
0.999999762 -0.000300396 0.000638465 1.251008630 0.000286682 0.999771595 0.021370672 -2.547407627 -0.000644739 -0.021370484 0.999771416 78.758903503
0.999997973 -0.001320419 0.001501471 1.246200085 0.001289348 0.999788821 0.020509522 -2.552147865 -0.001528236 -0.020507546 0.999788463 79.329483032
0.999996603 -0.001190537 0.002326499 1.266005397 0.001137611 0.999743462 0.022619484 -2.620551348 -0.002352832 -0.022616759 0.999741375 79.747718811
0.999986887 -0.001255814 0.004969764 1.287210226 0.001142561 0.999741077 0.022725770 -2.631081820 -0.004997016 -0.022719791 0.999729335 80.299507141
0.999962032 -0.001392885 0.008602029 1.301211953 0.001192562 0.999728918 0.023249235 -2.652591467 -0.008632081 -0.023238095 0.999692678 80.839523315
0.999934435 -0.000699707 0.011434017 1.324893713 0.000447962 0.999757767 0.022004887 -2.616144896 -0.011446644 -0.021998324 0.999692440 81.409408569
0.999866903 -0.001442685 0.016249249 1.320217013 0.001075413 0.999744296 0.022588493 -2.657001972 -0.016277680 -0.022568012 0.999612927 81.809059143
0.999742866 -0.000967955 0.022654101 1.338624239 0.000460271 0.999748886 0.022404693 -2.661484241 -0.022670101 -0.022388507 0.999492347 82.371917725
0.999608815 -0.001909968 0.027900837 1.405735016 0.001296774 0.999757528 0.021979218 -2.642297983 -0.027936056 -0.021934440 0.999369025 82.861137390
0.999429464 -0.001995819 0.033715516 1.424854279 0.001233023 0.999743164 0.022630144 -2.657507896 -0.033752024 -0.022575662 0.999175310 83.445060730
0.999110639 -0.000342693 0.042164229 1.453088284 -0.000782860 0.999643862 0.026675127 -2.838432312 -0.042158347 -0.026684413 0.998754561 83.864830017
0.998735666 0.000111226 0.050270285 1.506514072 -0.001454114 0.999642968 0.026677566 -2.841685057 -0.050249372 -0.026716935 0.998379290 84.392456055
0.998316705 -0.000135313 0.057996929 1.551252365 -0.001411525 0.999644399 0.026629223 -2.839590311 -0.057979912 -0.026666263 0.997961521 84.931770325
0.997751951 -0.000159173 0.067014262 1.597716808 -0.001575734 0.999665022 0.025834955 -2.839845181 -0.066995919 -0.025882479 0.997417450 85.531929016
0.997002423 0.000997317 0.077363834 1.657866478 -0.003046115 0.999647617 0.026369154 -2.852393389 -0.077310279 -0.026525768 0.996654153 86.085815430
0.996332407 -0.003458597 0.085497051 1.663448334 0.001454334 0.999722958 0.023493653 -2.782976151 -0.085554615 -0.023283148 0.996061385 86.528923035
0.995647669 -0.003783131 0.093120158 1.740764141 0.001657958 0.999736726 0.022888631 -2.780124664 -0.093182229 -0.022634624 0.995391786 87.089233398
0.994655788 -0.004484578 0.103149116 1.839296818 0.002128854 0.999734640 0.022936810 -2.792093277 -0.103224605 -0.022594640 0.994401336 87.629562378
0.993511498 -0.005066091 0.113619454 1.931560516 0.002433339 0.999725580 0.023298405 -2.802041292 -0.113706306 -0.022870757 0.993251085 88.155487061
0.992328286 -0.005498284 0.123508215 1.912613869 0.002569506 0.999711990 0.023860000 -2.830886602 -0.123603813 -0.023359597 0.992056668 88.540832520
0.990895867 -0.004784513 0.134546191 2.006049156 0.001523583 0.999702811 0.024329036 -2.834990978 -0.134622619 -0.023902547 0.990608633 89.096694946
0.989163399 -0.004471895 0.146751270 2.099794388 0.000962531 0.999711990 0.023975994 -2.835438967 -0.146816239 -0.023574922 0.988882780 89.631492615
0.987523198 -0.005539083 0.157376587 2.215459824 0.001853283 0.999720752 0.023557359 -2.837300539 -0.157463133 -0.022971774 0.987257659 90.147888184
0.985917926 -0.006181183 0.167116165 2.320097923 0.002113076 0.999697328 0.024509855 -2.839593649 -0.167217076 -0.023811577 0.985632479 90.688446045
0.983634055 -0.005119521 0.180105865 2.385317802 0.000715573 0.999699354 0.024508478 -2.838943005 -0.180177182 -0.023978492 0.983341873 91.190750122
0.981323302 -0.004818026 0.192305565 2.510978699 0.000109080 0.999700069 0.024489868 -2.848388672 -0.192365870 -0.024011500 0.981029451 91.711044312
0.979001760 -0.004549191 0.203801140 2.634654045 -0.000554659 0.999687791 0.024979180 -2.851912737 -0.203851134 -0.024567699 0.978693604 92.269470215
0.976333261 -0.005233272 0.216208145 2.801286697 -0.000327478 0.999670208 0.025675599 -2.879872084 -0.216271222 -0.025138749 0.976009667 92.746337891
0.973288894 -0.006411504 0.229494676 2.960828781 0.000530891 0.999670148 0.025676755 -2.894611359 -0.229583591 -0.024869064 0.972971141 93.201553345
0.970209062 -0.005559593 0.242205530 2.984294891 -0.001018710 0.999634206 0.027026305 -2.909954071 -0.242267162 -0.026467904 0.969848454 93.600296021
0.967075825 -0.005048350 0.254438698 3.155824661 -0.002063102 0.999614835 0.027674964 -2.925002575 -0.254480451 -0.027288718 0.966692746 94.089912415
0.963221490 -0.004943361 0.268663496 3.316555023 -0.002600026 0.999612451 0.027714396 -2.934373617 -0.268696427 -0.027393630 0.962835371 94.599479675
0.959610999 -0.004752202 0.281290352 3.509170532 -0.002917008 0.999635458 0.026839400 -2.918647051 -0.281315386 -0.026575904 0.959247351 95.142539978
0.956743062 -0.007446589 0.290839255 3.687862396 -0.000354244 0.999641776 0.026759945 -2.919984818 -0.290934384 -0.025705416 0.956397653 95.656394958
0.951942801 -0.006527597 0.306206286 3.843170166 -0.002093546 0.999610782 0.027817821 -2.942518711 -0.306268752 -0.027122032 0.951558709 96.160491943
0.947796702 -0.009408751 0.318736374 4.079093933 0.001343878 0.999673605 0.025513113 -2.841042995 -0.318872362 -0.023752902 0.947499990 96.761566162
0.943713725 -0.009157326 0.330636472 4.281457901 0.000885294 0.999683022 0.025160445 -2.836618185 -0.330762029 -0.023451546 0.943422794 97.279449463
0.939254045 -0.009026857 0.343104184 4.498289108 0.000624367 0.999697387 0.024592202 -2.832127810 -0.343222350 -0.022884099 0.938975394 97.793441772
0.934035659 -0.009247366 0.357059836 4.717674255 0.000110613 0.999672234 0.025600806 -2.852198839 -0.357179523 -0.023872571 0.933730602 98.307601929
0.929187298 -0.010563551 0.369458288 4.935590744 0.001213604 0.999673426 0.025530446 -2.854496717 -0.369607270 -0.023274189 0.928896487 98.861663818
0.924573183 -0.011660777 0.380826056 5.167814255 0.002162814 0.999676108 0.025358874 -2.850592375 -0.380998433 -0.022622477 0.924298823 99.355178833
0.918697238 -0.011369905 0.394798756 5.416528702 0.001683679 0.999689162 0.024872366 -2.823585510 -0.394958913 -0.022185458 0.918430865 99.889518738
0.913119853 -0.011109960 0.407539845 5.669193268 0.001110396 0.999692619 0.024764748 -2.828067780 -0.407689810 -0.022160653 0.912851512 100.378227234
0.908417404 -0.012202627 0.417886138 5.914211273 0.002043191 0.999691546 0.024750266 -2.826106548 -0.418059289 -0.021629751 0.908162177 100.861648560
0.902521729 -0.011866148 0.430480808 6.162471771 0.000974589 0.999674022 0.025512619 -2.837833405 -0.430643260 -0.022606151 0.902239025 101.344047546
0.896159291 -0.013024393 0.443541169 6.429813385 0.002115780 0.999683201 0.025080398 -2.844745636 -0.443727344 -0.021537598 0.895902932 101.809425354
0.889692128 -0.012373651 0.456393152 6.674846649 0.001325545 0.999698400 0.024519632 -2.795673847 -0.456558973 -0.021209953 0.889440298 102.371070862
0.883853674 -0.012208051 0.467604101 6.950195312 0.000767125 0.999695778 0.024649719 -2.798058748 -0.467762858 -0.021428034 0.883594155 102.852668762
0.876471460 -0.012744456 0.481285155 7.234630585 0.000978024 0.999694645 0.024690880 -2.798357010 -0.481452852 -0.021170141 0.876216173 103.338882446
