1.000000000 0.000000000 0.000000000 0.000000000 0.000000000 1.000000000 0.000000000 0.000000000 0.000000000 0.000000000 1.000000000 0.000000000
1.000000000 -0.000021330 -0.000129580 0.004431095 0.000021336 1.000000000 0.000049719 -0.000977306 0.000129579 -0.000049721 1.000000000 -0.002299422
1.000000000 -0.000103452 -0.000093295 0.002187513 0.000103453 1.000000000 0.000005361 -0.000508142 0.000093295 -0.000005371 1.000000000 -0.000051912
1.000000000 -0.000122952 -0.000102606 0.004378059 0.000122947 1.000000000 -0.000052372 0.000565582 0.000102612 0.000052359 1.000000000 -0.000090779
1.000000000 -0.000036030 -0.000080644 0.004310584 0.000036027 1.000000000 -0.000035967 0.000193894 0.000080645 0.000035964 1.000000000 -0.004386512
1.000000000 -0.000153551 0.000007017 -0.002185726 0.000153550 1.000000000 0.000029113 0.000779604 -0.000007021 -0.000029112 1.000000000 -0.003466247
1.000000000 -0.000128237 -0.000132235 0.003883580 0.000128233 1.000000000 -0.000028231 -0.001055935 0.000132239 0.000028214 1.000000000 -0.003378552
1.000000000 -0.000110796 -0.000064685 0.003255690 0.000110796 1.000000000 -0.000002529 -0.000971152 0.000064685 0.000002522 1.000000000 0.000637319
1.000000000 -0.000064465 -0.000035257 0.001612420 0.000064466 1.000000000 0.000025578 -0.000283421 0.000035255 -0.000025580 1.000000000 -0.005403192
1.000000000 -0.000167941 -0.000107291 0.003719524 0.000167942 1.000000000 0.000010916 -0.001039494 0.000107289 -0.000010934 1.000000000 -0.001053536
0.999999940 -0.000268052 -0.000239987 0.007811291 0.000268052 0.999999940 -0.000003840 -0.000999681 0.000239988 0.000003776 1.000000000 -0.000050262
1.000000000 -0.000130301 -0.000117006 0.004425889 0.000130300 1.000000000 -0.000011300 -0.000692654 0.000117008 0.000011285 1.000000000 0.001171403
0.999999881 -0.000422056 -0.000147241 0.003965658 0.000422068 0.999999881 0.000082797 -0.000941639 0.000147206 -0.000082860 1.000000000 0.000585336
0.999999881 -0.000439415 -0.000188716 0.003873429 0.000439394 0.999999881 -0.000110849 -0.000466510 0.000188764 0.000110766 1.000000000 0.001229283
1.000000000 -0.000122287 0.000031007 -0.000487594 0.000122286 1.000000000 0.000036767 -0.000748291 -0.000031012 -0.000036763 1.000000000 -0.003569564
1.000000000 0.000015152 -0.000126069 0.001427090 -0.000015152 1.000000000 0.000003443 0.002086458 0.000126069 -0.000003441 1.000000000 -0.003216594
1.000000000 -0.000218707 -0.000044178 0.001046705 0.000218707 1.000000000 -0.000005884 0.001440061 0.000044179 0.000005874 1.000000000 -0.003875595
1.000000000 -0.000192248 -0.000133503 0.002021157 0.000192242 1.000000000 -0.000046939 -0.000205858 0.000133512 0.000046913 1.000000000 -0.005722092
1.000000000 -0.000215129 -0.000087454 0.002868064 0.000215133 1.000000000 0.000036984 -0.001153214 0.000087446 -0.000037003 1.000000000 -0.002641645
0.999999940 -0.000298394 -0.000174445 0.005223357 0.000298393 0.999999940 -0.000005360 -0.000257123 0.000174446 0.000005308 1.000000000 0.002424059
0.999999940 -0.000344059 -0.000142983 0.005514924 0.000344066 0.999999940 0.000047593 -0.002272849 0.000142966 -0.000047643 1.000000000 -0.002693042
1.000000000 -0.000242864 -0.000004474 0.000228684 0.000242864 0.999999940 0.000055612 0.001055448 0.000004460 -0.000055613 1.000000000 -0.004176171
0.999999940 -0.000264527 -0.000209706 0.008838654 0.000264524 0.999999940 -0.000010626 -0.001579190 0.000209709 0.000010571 1.000000000 0.000872371
1.000000000 -0.000178396 -0.000021522 0.001793246 0.000178396 1.000000000 0.000008479 0.000567449 0.000021521 -0.000008483 1.000000000 -0.008835275
1.000000000 -0.000108649 -0.000009334 -0.000298855 0.000108649 1.000000000 -0.000079975 0.000756018 0.000009342 0.000079974 1.000000000 -0.002340714
0.999999940 -0.000306323 -0.000096146 0.004435682 0.000306335 0.999999940 0.000122981 -0.001219652 0.000096109 -0.000123010 1.000000000 -0.000102275
0.999999881 -0.000398809 -0.000244725 0.006401514 0.000398815 0.999999940 0.000024065 0.000468199 0.000244716 -0.000024162 0.999999940 -0.000078075
0.999999940 -0.000175489 -0.000173581 0.004649223 0.000175500 1.000000000 0.000061565 -0.000586058 0.000173570 -0.000061596 1.000000000 0.000516286
1.000000000 -0.000172857 -0.000101299 0.003557776 0.000172871 1.000000000 0.000142563 -0.001054305 0.000101274 -0.000142581 1.000000000 0.004262843
0.999999940 -0.000264853 -0.000047159 -0.001624960 0.000264859 0.999999940 0.000136191 -0.000686759 0.000047123 -0.000136203 1.000000000 -0.002671971
0.999999940 -0.000379948 -0.000119243 0.003390752 0.000379969 0.999999940 0.000180724 -0.003351084 0.000119174 -0.000180769 1.000000000 -0.008415278
1.000000000 0.000000091 0.000015345 -0.000041257 -0.000000092 1.000000000 0.000048625 0.000381135 -0.000015345 -0.000048625 1.000000000 -0.001602692
1.000000000 -0.000091665 0.000045498 -0.000830948 0.000091666 1.000000000 -0.000013192 0.001648864 -0.000045497 0.000013196 1.000000000 -0.002638567
0.999999940 -0.000260742 -0.000168835 0.003656915 0.000260731 0.999999940 -0.000060877 0.001555492 0.000168851 0.000060833 1.000000000 0.002138633
0.999999940 -0.000270345 -0.000125106 0.004021925 0.000270352 0.999999940 0.000052245 0.000300210 0.000125092 -0.000052279 1.000000000 0.001508397
0.999999940 -0.000265575 -0.000175837 0.007547036 0.000265583 0.999999940 0.000041810 0.000298253 0.000175826 -0.000041856 1.000000000 0.004003110
0.999999940 -0.000313780 -0.000274434 0.007966955 0.000313834 0.999999940 0.000196848 -0.002484188 0.000274372 -0.000196934 0.999999940 -0.000708199
0.999999881 -0.000408013 -0.000180034 0.002367593 0.000408015 0.999999940 0.000012126 -0.000321298 0.000180029 -0.000012200 1.000000000 -0.004355837
0.999999940 -0.000254318 -0.000208945 0.010538402 0.000254199 0.999999821 -0.000571405 -0.004758657 0.000209090 0.000571352 0.999999821 0.054050047
1.000000000 -0.000148325 -0.000149531 0.006837264 0.000148143 0.999999225 -0.001214348 -0.004153434 0.000149711 0.001214326 0.999999225 0.145047769
1.000000000 -0.000201760 -0.000062856 0.005464309 0.000201679 0.999999166 -0.001290218 -0.011763875 0.000063117 0.001290206 0.999999166 0.264402241
1.000000000 -0.000087755 0.000147993 0.001880067 0.000087932 0.999999285 -0.001193599 -0.017695429 -0.000147888 0.001193612 0.999999285 0.388866663
0.999999940 -0.000282582 -0.000274652 0.011757714 0.000282282 0.999999344 -0.001093184 -0.021125069 0.000274961 0.001093106 0.999999344 0.541817129
1.000000000 -0.000187721 -0.000092182 0.011722214 0.000187632 0.999999523 -0.000961546 -0.029879913 0.000092362 0.000961529 0.999999523 0.696173966
0.999999881 -0.000468092 0.000077185 0.018195232 0.000468165 0.999999464 -0.000949989 -0.027612502 -0.000076741 0.000950025 0.999999523 0.868925393
1.000000000 -0.000070628 -0.000026346 0.016760783 0.000070609 0.999999702 -0.000731425 -0.033367194 0.000026397 0.000731423 0.999999762 1.033501506
1.000000000 -0.000034476 0.000186828 0.019412724 0.000034634 0.999999642 -0.000846883 -0.028636103 -0.000186799 0.000846890 0.999999642 1.212486744
0.999999940 -0.000219890 0.000133943 0.031935584 0.000219966 0.999999821 -0.000574234 -0.043699358 -0.000133817 0.000574263 0.999999821 1.413835645
0.999999881 -0.000187128 -0.000496228 0.044793479 0.000186942 0.999999940 -0.000373439 -0.053486533 0.000496298 0.000373346 0.999999821 1.614501595
0.999999940 -0.000418417 -0.000001990 0.041499428 0.000418417 0.999999940 -0.000045615 -0.054619700 0.000002009 0.000045614 1.000000000 1.786880255
0.999993742 0.001658602 0.003097698 -0.011079222 -0.001653092 0.999997139 -0.001780230 -0.067557111 -0.003100641 0.001775098 0.999993622 1.934897184
0.999994159 0.001457902 0.003075759 -0.005709492 -0.001451989 0.999997139 -0.001923965 -0.072790690 -0.003078555 0.001919488 0.999993443 2.164028645
0.999991059 0.002213566 0.003599084 -0.007159745 -0.002206614 0.999995649 -0.001934257 -0.072930232 -0.003603350 0.001926298 0.999991655 2.368978262
0.999992669 0.001739645 0.003410948 0.002055887 -0.001733173 0.999996722 -0.001899280 -0.088243358 -0.003414241 0.001893355 0.999992371 2.605675936
0.999993026 0.001442568 0.003453171 0.009131139 -0.001436095 0.999997258 -0.001876231 -0.095492691 -0.003455868 0.001871258 0.999992251 2.841534138
0.999993205 0.001557468 0.003338690 0.017271686 -0.001551254 0.999997079 -0.001863239 -0.101120651 -0.003341582 0.001858047 0.999992669 3.089369059
0.999991775 0.001684743 0.003693003 0.016582826 -0.001678193 0.999997079 -0.001776032 -0.107387111 -0.003695984 0.001769820 0.999991596 3.320494652
0.999991119 0.001819454 0.003798956 0.020007061 -0.001813493 0.999997258 -0.001572000 -0.123623051 -0.003801806 0.001565097 0.999991477 3.562828302
0.999990702 0.001889710 0.003872774 0.031208117 -0.001883718 0.999997079 -0.001550195 -0.129718632 -0.003875692 0.001542885 0.999991238 3.809952021
0.999992371 0.001149309 0.003732880 0.033149272 -0.001144294 0.999998450 -0.001345140 -0.136548802 -0.003734421 0.001340858 0.999992073 4.083803177
0.999989092 0.002083318 0.004169576 0.034811571 -0.002077459 0.999996781 -0.001409101 -0.140783682 -0.004172498 0.001400424 0.999990344 4.322372913
0.999990404 0.002017452 0.003862732 0.047830462 -0.002011639 0.999996841 -0.001508159 -0.151527926 -0.003865762 0.001500374 0.999991477 4.582419395
0.999988854 0.001920640 0.004323799 0.054627575 -0.001914285 0.999997079 -0.001473578 -0.157712311 -0.004326617 0.001465285 0.999989569 4.848772049
0.999989569 0.002007552 0.004112176 0.070699245 -0.002001296 0.999996841 -0.001524972 -0.163849473 -0.004115224 0.001516726 0.999990404 5.126898766
0.999990284 0.001654023 0.004078748 0.057706844 -0.001649494 0.999998033 -0.001113537 -0.185590997 -0.004080581 0.001106799 0.999991059 5.376475811
0.999989510 0.001351534 0.004378022 0.059505925 -0.001346148 0.999998331 -0.001233139 -0.191804737 -0.004379682 0.001227233 0.999989629 5.628637314
0.999991357 0.001046244 0.004018832 0.069558933 -0.001042945 0.999999046 -0.000822991 -0.205154002 -0.004019689 0.000818792 0.999991655 5.897653580
0.999988019 0.001973191 0.004473383 0.072247989 -0.001967872 0.999997377 -0.001193177 -0.209858939 -0.004475725 0.001184359 0.999989331 6.183643818
0.999988019 0.001607283 0.004617794 0.071621686 -0.001602176 0.999998033 -0.001109389 -0.225669622 -0.004619570 0.001101977 0.999988675 6.494961739
0.999989271 0.001428979 0.004403107 0.076829046 -0.001422815 0.999997973 -0.001402713 -0.233963475 -0.004405103 0.001396433 0.999989331 6.787075520
0.999986529 0.001405864 0.004991412 0.081745386 -0.001398423 0.999997854 -0.001493849 -0.242674887 -0.004993502 0.001486849 0.999986410 7.088984966
0.999989510 0.001475085 0.004336028 0.103503317 -0.001470077 0.999998212 -0.001157988 -0.255455703 -0.004337729 0.001151602 0.999989927 7.378053188
0.999987602 0.001163760 0.004832466 0.102540061 -0.001158271 0.999998689 -0.001138533 -0.265584588 -0.004833785 0.001132922 0.999987662 7.699576378
0.999987602 0.001525676 0.004768057 0.115835086 -0.001523218 0.999998689 -0.000519303 -0.287233591 -0.004768844 0.000512034 0.999988437 8.007659912
0.999987543 0.001635686 0.004720270 0.124365382 -0.001631991 0.999998331 -0.000786591 -0.293318987 -0.004721549 0.000778877 0.999988496 8.328610420
0.999987125 0.001576891 0.004832708 0.132120579 -0.001572037 0.999998331 -0.001008176 -0.296738744 -0.004834289 0.001000566 0.999987841 8.652978897
0.999987483 0.001326595 0.004827644 0.133644700 -0.001322199 0.999998748 -0.000913632 -0.306755930 -0.004828850 0.000907238 0.999987960 8.994014740
0.999985754 0.001412979 0.005145020 0.141749933 -0.001410365 0.999998868 -0.000511718 -0.324617267 -0.005145737 0.000504455 0.999986649 9.329313278
0.999987960 0.000764623 0.004833744 0.161574915 -0.000761901 0.999999583 -0.000565002 -0.332884997 -0.004834173 0.000561312 0.999988198 9.669980049
0.999987662 0.001005050 0.004866436 0.156262636 -0.001002119 0.999999285 -0.000604763 -0.338233143 -0.004867041 0.000599879 0.999987960 10.029147148
0.999987304 0.001056418 0.004924296 0.169237986 -0.001054350 0.999999344 -0.000422428 -0.355668724 -0.004924739 0.000417230 0.999987841 10.383095741
0.999985456 0.001331299 0.005228781 0.173612297 -0.001331416 0.999999166 0.000018972 -0.370821953 -0.005228751 -0.000025934 0.999986351 10.752683640
0.999984324 0.001248777 0.005455548 0.168533161 -0.001248857 0.999999225 0.000011323 -0.377175897 -0.005455530 -0.000018136 0.999985158 11.143736839
0.999985933 0.001245572 0.005173335 0.205242395 -0.001246130 0.999999166 0.000104685 -0.414025635 -0.005173201 -0.000111130 0.999986589 11.463589668
0.999985635 0.001203016 0.005218207 0.216928273 -0.001204221 0.999999285 0.000227854 -0.420250863 -0.005217929 -0.000234134 0.999986351 11.860716820
0.999985933 0.000790305 0.005229840 0.236363992 -0.000793424 0.999999464 0.000594377 -0.430707633 -0.005229367 -0.000598519 0.999986172 12.231415749
0.999980450 0.002095852 0.005887033 0.233259410 -0.002097062 0.999997795 0.000199297 -0.443136781 -0.005886602 -0.000211639 0.999982655 12.655196190
0.999985397 0.001251633 0.005256376 0.262184739 -0.001253623 0.999999166 0.000375397 -0.441310197 -0.005255902 -0.000381981 0.999986053 13.033638000
0.999985754 0.000721561 0.005279595 0.269122124 -0.000725470 0.999999464 0.000738594 -0.488270909 -0.005279058 -0.000742414 0.999985814 13.408518791
0.999976933 0.002336547 0.006377468 0.271311074 -0.002340057 0.999997079 0.000542910 -0.500146449 -0.006376180 -0.000557821 0.999979496 13.825746536
0.999979079 0.002030842 0.006146345 0.286172837 -0.002037096 0.999997437 0.001011400 -0.515220463 -0.006144275 -0.001023899 0.999980628 14.246092796
0.999980450 0.001255715 0.006127529 0.308979988 -0.001263673 0.999998331 0.001295020 -0.536976874 -0.006125893 -0.001302738 0.999980390 14.660863876
0.999981165 0.000553898 0.006111112 0.330321282 -0.000564628 0.999998331 0.001754161 -0.574792862 -0.006110130 -0.001757578 0.999979794 15.048951149
0.999980450 0.000197116 0.006244212 0.342720628 -0.000210107 0.999997795 0.002079873 -0.590034008 -0.006243789 -0.002081144 0.999978364 15.476802826
0.999971092 0.001539266 0.007450467 0.353467643 -0.001552246 0.999997258 0.001736598 -0.595571041 -0.007447774 -0.001748114 0.999970734 15.940978050
0.999973536 0.001030614 0.007202181 0.366449594 -0.001044440 0.999997556 0.001916163 -0.612737954 -0.007200189 -0.001923635 0.999972224 16.346809387
0.999971747 0.001060043 0.007431747 0.377942562 -0.001072800 0.999997914 0.001712822 -0.626381934 -0.007429915 -0.001720747 0.999970973 16.808593750
0.999966919 0.000354095 0.008115768 0.387603760 -0.000375824 0.999996364 0.002676039 -0.663562834 -0.008114790 -0.002679001 0.999963462 17.263431549
0.999968052 0.000576763 0.007966779 0.404233158 -0.000597995 0.999996305 0.002662951 -0.674806178 -0.007965214 -0.002667630 0.999964714 17.724517822
0.999963760 0.000720802 0.008478771 0.416974723 -0.000745190 0.999995589 0.002873549 -0.694999456 -0.008476662 -0.002879764 0.999959886 18.190633774
0.999958456 -0.000179235 0.009114566 0.430622876 0.000148832 0.999994397 0.003336291 -0.705023766 -0.009115113 -0.003334797 0.999952853 18.667152405
0.999958217 -0.000191768 0.009138333 0.454143792 0.000161209 0.999994397 0.003344689 -0.723899364 -0.009138923 -0.003343076 0.999952674 19.141107559
0.999957979 0.000804569 0.009132673 0.468677193 -0.000835335 0.999993980 0.003365443 -0.742022216 -0.009129911 -0.003372932 0.999952614 19.596765518
0.999962091 0.000686018 0.008680275 0.484164536 -0.000716362 0.999993682 0.003493144 -0.753167033 -0.008677823 -0.003499231 0.999956250 20.082254410
0.999959588 0.001269814 0.008901081 0.494016707 -0.001303624 0.999991953 0.003793636 -0.770375729 -0.008896191 -0.003805087 0.999953210 20.586332321
0.999961019 0.000265213 0.008826781 0.516979575 -0.000304994 0.999989808 0.004505786 -0.806439102 -0.008825495 -0.004508303 0.999950886 21.084827423
0.999968469 0.000196902 0.007940401 0.546395898 -0.000234726 0.999988556 0.004762822 -0.822102547 -0.007939373 -0.004764536 0.999957144 21.567174911
0.999970317 0.000609091 0.007688182 0.558597684 -0.000642299 0.999990404 0.004317683 -0.832708716 -0.007685479 -0.004322493 0.999961138 22.076446533
0.999970078 0.000629407 0.007717036 0.571072102 -0.000666928 0.999987900 0.004860544 -0.852863371 -0.007713885 -0.004865545 0.999958396 22.589893341
0.999975741 0.000103901 0.006966834 0.575537145 -0.000134915 0.999990046 0.004451306 -0.857496917 -0.006966304 -0.004452137 0.999965847 23.102148056
0.999982476 -0.000419073 0.005902256 0.618656754 0.000388664 0.999986589 0.005152391 -0.893598676 -0.005904336 -0.005150005 0.999969304 23.578174591
0.999984384 -0.001860041 0.005270357 0.632919014 0.001833673 0.999985754 0.005003409 -0.909841418 -0.005279589 -0.004993666 0.999973595 24.100868225
0.999988139 -0.002051243 0.004427243 0.650991440 0.002028609 0.999984860 0.005110932 -0.920043230 -0.004437660 -0.005101888 0.999977171 24.616996765
0.999988914 -0.000434355 0.004693974 0.652411103 0.000409708 0.999986231 0.005250474 -0.932124734 -0.004696190 -0.005248493 0.999975204 25.166965485
0.999990702 -0.000550557 0.004277983 0.661928475 0.000528464 0.999986470 0.005163787 -0.940380156 -0.004280769 -0.005161479 0.999977469 25.704034805
0.999991953 -0.000268772 0.004009491 0.664857388 0.000246814 0.999984980 0.005476134 -0.957981765 -0.004010903 -0.005475101 0.999976993 26.260728836
0.999992073 -0.000127182 0.003987174 0.681853533 0.000102775 0.999981284 0.006121117 -0.967578351 -0.003987879 -0.006120658 0.999973297 26.809968948
0.999994159 -0.000463535 0.003393411 0.689282775 0.000442125 0.999980152 0.006307321 -0.988373935 -0.003396267 -0.006305786 0.999974370 27.352777481
0.999992728 0.000411684 0.003817890 0.699736238 -0.000434486 0.999982059 0.005973398 -1.002997875 -0.003815363 -0.005975014 0.999974906 27.907339096
0.999995768 -0.000361240 0.002890980 0.716977656 0.000343180 0.999980509 0.006245232 -1.012920737 -0.002893179 -0.006244212 0.999976337 28.455923080
0.999997079 -0.000614778 0.002316682 0.745011985 0.000599657 0.999978602 0.006522410 -1.031002641 -0.002320642 -0.006521002 0.999976099 28.974494934
0.999997318 -0.000008571 0.002326646 0.741156101 -0.000006589 0.999978781 0.006515539 -1.051711321 -0.002326652 -0.006515537 0.999976039 29.542480469
0.999997795 0.000293922 0.002053113 0.754217088 -0.000307759 0.999977231 0.006742262 -1.062168241 -0.002051085 -0.006742882 0.999975145 30.083068848
0.999998331 0.000349794 0.001795638 0.769276857 -0.000361183 0.999979794 0.006345937 -1.076210976 -0.001793382 -0.006346576 0.999978244 30.624555588
0.999998391 0.000582791 0.001749282 0.777225435 -0.000594435 0.999977589 0.006663369 -1.091884255 -0.001745360 -0.006664396 0.999976277 31.181091309
0.999999285 0.000695356 0.001015674 0.799010277 -0.000702569 0.999974370 0.007118461 -1.112603545 -0.001010698 -0.007119169 0.999974191 31.728080750
0.999999106 0.000600709 0.001211642 0.821468055 -0.000608780 0.999977589 0.006672488 -1.127526283 -0.001207606 -0.006673218 0.999976993 32.277828217
0.999999166 0.000588254 0.001092515 0.817069530 -0.000595230 0.999979377 0.006396225 -1.124853969 -0.001088729 -0.006396871 0.999978960 32.810787201
0.999998689 0.000949401 0.001249276 0.813765585 -0.000957303 0.999979436 0.006340140 -1.142976284 -0.001243230 -0.006341327 0.999979138 33.346229553
0.999999762 0.000281248 0.000565088 0.834800959 -0.000285432 0.999972403 0.007417595 -1.168577433 -0.000562986 -0.007417756 0.999972343 33.903053284
0.999999881 0.000305918 0.000431464 0.855799377 -0.000309033 0.999973774 0.007236699 -1.169380665 -0.000429238 -0.007236831 0.999973714 34.454181671
0.999999523 -0.000113439 0.000996544 0.855191767 0.000105448 0.999967873 0.008015611 -1.205928564 -0.000997420 -0.008015504 0.999967396 34.969867706
0.999999523 -0.000028692 0.000907581 0.869891644 0.000021768 0.999970853 0.007628978 -1.206794977 -0.000907774 -0.007628955 0.999970436 35.519336700
0.999999881 0.000002502 0.000413261 0.879758656 -0.000005777 0.999968588 0.007923282 -1.227995992 -0.000413228 -0.007923285 0.999968529 36.069408417
0.999999702 0.000609266 0.000508311 0.904393256 -0.000613266 0.999968588 0.007907344 -1.248939991 -0.000503477 -0.007907654 0.999968648 36.643066406
0.999999881 0.000130552 0.000422895 0.897099435 -0.000134164 0.999963403 0.008552547 -1.287625074 -0.000421765 -0.008552602 0.999963284 37.209735870
0.999999821 -0.000572981 0.000113136 0.913893878 0.000572016 0.999964952 0.008353462 -1.294954896 -0.000117919 -0.008353396 0.999965072 37.766529083
0.999999762 -0.000585666 0.000382332 0.919121087 0.000582362 0.999963045 0.008585606 -1.316196680 -0.000387347 -0.008585380 0.999963105 38.302558899
0.999999821 -0.000406541 -0.000200557 0.940561354 0.000408135 0.999967813 0.008008539 -1.312676668 0.000197296 -0.008008620 0.999967873 38.875732422
0.999999404 -0.001012715 -0.000431469 0.950269580 0.001016424 0.999961793 0.008684006 -1.328411102 0.000422659 -0.008684439 0.999962211 39.416458130
0.999999583 -0.000590283 -0.000589071 1.000935555 0.000595575 0.999959052 0.009024593 -1.346416712 0.000583720 -0.009024940 0.999959111 39.922576904
0.999999642 -0.000571491 -0.000609031 0.997396767 0.000576895 0.999960124 0.008910416 -1.372676492 0.000603915 -0.008910764 0.999960124 40.523822784
0.999998271 -0.001873259 -0.000054607 0.991477191 0.001873733 0.999941945 0.010613062 -1.420256019 0.000034723 -0.010613146 0.999943674 41.080253601
0.999998808 -0.001524114 0.000051783 1.005266190 0.001523452 0.999938369 0.010999811 -1.427504897 -0.000068546 -0.010999721 0.999939442 41.636596680
0.999999821 -0.000544626 0.000319558 1.007072926 0.000540967 0.999935567 0.011342178 -1.435977936 -0.000325715 -0.011342004 0.999935627 42.164531708
0.999998212 -0.001682871 -0.000885149 1.041031003 0.001692062 0.999943554 0.010488362 -1.440397739 0.000867448 -0.010489841 0.999944568 42.720684052
0.999998629 -0.001285618 -0.001046797 1.070045710 0.001295871 0.999950528 0.009853330 -1.436247587 0.001034077 -0.009854673 0.999950886 43.305381775
0.999998391 -0.001759802 0.000069225 1.030162334 0.001758904 0.999934137 0.011334470 -1.477144241 -0.000089166 -0.011334333 0.999935746 43.794040680
0.999998093 -0.001931963 0.000139030 1.040258288 0.001930231 0.999931633 0.011531892 -1.488259554 -0.000161299 -0.011531603 0.999933481 44.340354919
0.999998093 -0.001945087 0.000042187 1.057169199 0.001944505 0.999937415 0.011014794 -1.492049217 -0.000063609 -0.011014692 0.999939322 44.902233124
0.999997079 -0.002359811 -0.000328323 1.079238653 0.002363270 0.999936998 0.010969513 -1.501297832 0.000302415 -0.010970258 0.999939799 45.456390381
0.999996603 -0.002590201 -0.000001477 1.090620399 0.002590057 0.999934733 0.011120586 -1.511474133 -0.000027327 -0.011120551 0.999938130 45.958351135
0.999998093 -0.001946482 0.000253602 1.091539383 0.001943655 0.999940753 0.010708923 -1.523883343 -0.000274432 -0.010708409 0.999942541 46.549667358
0.999998748 -0.001561069 0.000345331 1.112960458 0.001556925 0.999930501 0.011690089 -1.549882770 -0.000363557 -0.011689538 0.999931514 47.078491211
0.999997199 -0.002372388 0.000021507 1.123988152 0.002372006 0.999936163 0.011043089 -1.544064641 -0.000047705 -0.011043006 0.999938965 47.647590637
0.999998927 -0.001491684 0.000354955 1.122495890 0.001487684 0.999938190 0.011014453 -1.563051939 -0.000371365 -0.011013912 0.999939263 48.196884155
0.999998510 -0.001692243 0.000428469 1.141507506 0.001687365 0.999936521 0.011141068 -1.580234051 -0.000447295 -0.011140329 0.999937773 48.731487274
0.999998033 -0.001910252 0.000598655 1.146422148 0.001903263 0.999932468 0.011465600 -1.590128422 -0.000620517 -0.011464438 0.999934077 49.281127930
0.999999464 -0.000651066 0.000796935 1.164036274 0.000641943 0.999934852 0.011395689 -1.593305349 -0.000804303 -0.011395171 0.999934793 49.840007782
0.999997139 -0.002375136 -0.000047845 1.181668997 0.002375521 0.999935269 0.011127385 -1.606882095 0.000021415 -0.011127469 0.999938071 50.381793976
0.999999106 -0.001284680 0.000183259 1.184930086 0.001282535 0.999935746 0.011261039 -1.618653655 -0.000197714 -0.011260794 0.999936581 50.928237915
0.999997914 -0.002049867 0.000145274 1.200349092 0.002047990 0.999926805 0.011922944 -1.634287000 -0.000169704 -0.011922622 0.999928892 51.464401245
0.999996245 -0.002736862 -0.000300231 1.212371588 0.002740270 0.999924123 0.012006724 -1.641820192 0.000267348 -0.012007505 0.999927819 52.012195587
0.999996722 -0.002550191 -0.000342907 1.236734867 0.002554052 0.999927402 0.011775005 -1.647807837 0.000312853 -0.011775843 0.999930561 52.521095276
0.999997616 -0.002164619 0.000303602 1.235876322 0.002160826 0.999925852 0.011983218 -1.659110546 -0.000329520 -0.011982533 0.999928176 53.091320038
0.999998391 -0.001550383 0.000922765 1.240623474 0.001539338 0.999928594 0.011852842 -1.663887143 -0.000941076 -0.011851402 0.999929309 53.640880585
0.999997437 -0.002219246 0.000484244 1.266025901 0.002213716 0.999935448 0.011137303 -1.676840782 -0.000508929 -0.011136202 0.999937892 54.197742462
0.999997199 -0.002256945 0.000640488 1.249912143 0.002249263 0.999928415 0.011750606 -1.696931839 -0.000666962 -0.011749133 0.999930680 54.702381134
0.999997556 -0.002133796 0.000552950 1.260325909 0.002127536 0.999936283 0.011084062 -1.702939272 -0.000576566 -0.011082858 0.999938369 55.253036499
0.999997020 -0.002358628 0.000647833 1.269629359 0.002351164 0.999933481 0.011289774 -1.709018946 -0.000674419 -0.011288215 0.999935985 55.797901154
0.999996841 -0.002179375 0.001251313 1.270076156 0.002163814 0.999921918 0.012305727 -1.741570592 -0.001278034 -0.012302981 0.999923527 56.305404663
0.999997139 -0.001809990 0.001560937 1.274294615 0.001790576 0.999922037 0.012350334 -1.760846734 -0.001583169 -0.012347502 0.999922574 56.840236664
0.999997556 -0.001937453 0.001116465 1.296977758 0.001922546 0.999911010 0.013201411 -1.772480249 -0.001141942 -0.013199231 0.999912322 57.376377106
0.999996543 -0.002289336 0.001304063 1.302763462 0.002272972 0.999920368 0.012414299 -1.773714304 -0.001332380 -0.012411292 0.999922037 57.959232330
0.999996841 -0.001769531 0.001751910 1.318108439 0.001746967 0.999916553 0.012798359 -1.794109583 -0.001774410 -0.012795262 0.999916553 58.451087952
0.999996841 -0.002241342 0.001150529 1.335865259 0.002226457 0.999915838 0.012779689 -1.799274087 -0.001179076 -0.012777089 0.999917746 58.992820740
0.999996483 -0.002008674 0.001709971 1.336397767 0.001986073 0.999911964 0.013117465 -1.813290834 -0.001736170 -0.013114024 0.999912500 59.524333954
0.999996543 -0.002147401 0.001546190 1.349380374 0.002127066 0.999912739 0.013035018 -1.824610710 -0.001574046 -0.013031686 0.999913871 60.073574066
0.999996006 -0.002469466 0.001375891 1.373592854 0.002450605 0.999905288 0.013545521 -1.834980488 -0.001409211 -0.013542095 0.999907255 60.612731934
0.999995649 -0.002155316 0.002083624 1.380818367 0.002128951 0.999918640 0.012573968 -1.838205338 -0.002110556 -0.012569477 0.999918759 61.122856140
0.999996483 -0.001786561 0.001987380 1.401956916 0.001760629 0.999914229 0.012974552 -1.853229642 -0.002010390 -0.012971008 0.999913871 61.658485413
0.999994159 -0.003018741 0.001611965 1.414298058 0.002998099 0.999915361 0.012658313 -1.864106655 -0.001650043 -0.012653407 0.999918520 62.208618164
0.999994576 -0.002447980 0.002198151 1.423390865 0.002420693 0.999920964 0.012331577 -1.847496510 -0.002228165 -0.012326191 0.999921501 62.719829559
0.999994695 -0.001873544 0.002683016 1.424450517 0.001839723 0.999919415 0.012553367 -1.861139297 -0.002706320 -0.012548364 0.999917567 63.251647949
0.999994099 -0.002305529 0.002563266 1.440414071 0.002272921 0.999917388 0.012651913 -1.873427391 -0.002592223 -0.012646010 0.999916673 63.792186737
0.999993980 -0.002181517 0.002691107 1.449804187 0.002147421 0.999918222 0.012608332 -1.889132500 -0.002718394 -0.012602477 0.999916911 64.318855286
0.999993145 -0.002273502 0.002931696 1.446990132 0.002236532 0.999918759 0.012552842 -1.905313969 -0.002959998 -0.012546201 0.999916911 64.839828491
0.999993920 -0.002029308 0.002844953 1.476620317 0.001994645 0.999924302 0.012134508 -1.902000904 -0.002869362 -0.012128761 0.999922276 65.407112122
0.999993026 -0.001459657 0.003429169 1.498948455 0.001414634 0.999913216 0.013095339 -1.914553404 -0.003447988 -0.013090394 0.999908328 65.912124634
0.999993026 -0.002093237 0.003085190 1.522071362 0.002052919 0.999913216 0.013013859 -1.931661487 -0.003112165 -0.013007436 0.999910533 66.443687439
0.999992371 -0.001453336 0.003599090 1.520693302 0.001409241 0.999924242 0.012224336 -1.920208573 -0.003616584 -0.012219174 0.999918818 67.015495300
0.999992609 -0.001211367 0.003632987 1.547156453 0.001165970 0.999921560 0.012471999 -1.930019140 -0.003647810 -0.012467672 0.999915600 67.547004700
0.999993563 -0.000845531 0.003473594 1.578872204 0.000803489 0.999926627 0.012086928 -1.932715416 -0.003483558 -0.012084059 0.999920905 68.014114380
0.999992669 -0.001536571 0.003490734 1.593194842 0.001494570 0.999926865 0.012002793 -1.942723274 -0.003508921 -0.011997489 0.999921858 68.550926208
0.999992311 -0.000179795 0.003914149 1.597850084 0.000129133 0.999916196 0.012939662 -1.965550184 -0.003916148 -0.012939058 0.999908566 69.098869324
0.999990523 -0.000104176 0.004348248 1.620420218 0.000050780 0.999924541 0.012278153 -1.963389874 -0.004349201 -0.012277815 0.999915183 69.589004517
0.999989212 0.000440607 0.004623892 1.636324406 -0.000498668 0.999920905 0.012563246 -1.977094769 -0.004617991 -0.012565417 0.999910414 70.132133484
0.999990106 0.000409243 0.004433771 1.665260911 -0.000464650 0.999921679 0.012502910 -1.986886740 -0.004428306 -0.012504848 0.999911964 70.678138733
0.999988377 -0.000499795 0.004800700 1.678025007 0.000439721 0.999921620 0.012506412 -1.989358068 -0.004806574 -0.012504159 0.999910295 71.136718750
0.999989808 -0.000952254 0.004433506 1.710427880 0.000895863 0.999918878 0.012703870 -2.007286549 -0.004445243 -0.012699770 0.999909520 71.652938843
0.999989629 -0.000490198 0.004530332 1.734885693 0.000432884 0.999919891 0.012643487 -2.022252560 -0.004536167 -0.012641396 0.999909759 72.210800171
0.999987602 0.001186022 0.004860159 1.754510045 -0.001248568 0.999916196 0.012886418 -2.045637846 -0.004844469 -0.012892328 0.999905169 72.667175293
0.999986529 0.000968628 0.005108445 1.766301036 -0.001034985 0.999914944 0.013002962 -2.048266172 -0.005095416 -0.013008074 0.999902427 73.231834412
0.999982953 0.001982615 0.005495947 1.776228666 -0.002052222 0.999917328 0.012688579 -2.064352274 -0.005470336 -0.012699641 0.999904394 73.787040710
0.999984503 0.000871274 0.005485601 1.803641558 -0.000942476 0.999915183 0.012990681 -2.077994823 -0.005473817 -0.012995647 0.999900520 74.272148132
0.999983549 0.000788438 0.005671074 1.820442200 -0.000858926 0.999922276 0.012437665 -2.086107731 -0.005660826 -0.012442332 0.999906480 74.818084717
0.999982834 0.000939243 0.005778972 1.825962424 -0.001012582 0.999918759 0.012700827 -2.096507072 -0.005766574 -0.012706460 0.999902666 75.331977844
0.999982774 0.000795537 0.005811054 1.852762103 -0.000867606 0.999922514 0.012410089 -2.108779669 -0.005800732 -0.012414918 0.999906123 75.874938965
0.999984503 0.000037575 0.005564482 1.881985784 -0.000103585 0.999929607 0.011863008 -2.115540028 -0.005563645 -0.011863402 0.999914110 76.437232971
0.999979019 0.001072474 0.006389150 1.882753611 -0.001153549 0.999918699 0.012699421 -2.129786491 -0.006375011 -0.012706521 0.999898911 76.908500671
0.999977112 0.001196423 0.006660645 1.894913077 -0.001281511 0.999917507 0.012785199 -2.138628960 -0.006644798 -0.012793444 0.999896109 77.467391968
0.999970973 0.001892484 0.007376269 1.908493280 -0.001987123 0.999915540 0.012844048 -2.169726849 -0.007351338 -0.012858333 0.999890268 78.006851196
0.999970555 0.002208050 0.007348260 1.932056189 -0.002304138 0.999911666 0.013093674 -2.178377867 -0.007318698 -0.013110221 0.999887288 78.522254944
0.999970794 0.001841532 0.007419950 1.932461977 -0.001933786 0.999920666 0.012445289 -2.167042017 -0.007396443 -0.012459273 0.999895036 78.989822388
0.999965847 0.001872018 0.008053463 1.944904685 -0.001972038 0.999920785 0.012429444 -2.171331882 -0.008029557 -0.012444902 0.999890268 79.553085327
0.999955535 0.002369883 0.009139336 1.959048033 -0.002481893 0.999921739 0.012263976 -2.179811716 -0.009109557 -0.012286113 0.999882996 80.124656677
0.999928832 0.002803749 0.011592580 1.946314096 -0.002939908 0.999926686 0.011745051 -2.187685490 -0.011558799 -0.011778298 0.999863803 80.624343872
0.999910772 0.002962664 0.013025977 1.954520941 -0.003114392 0.999927282 0.011643273 -2.199434042 -0.012990535 -0.011682805 0.999847293 81.183883667
0.999892175 0.003034655 0.014366735 1.959035993 -0.003200183 0.999928534 0.011512659 -2.187801838 -0.014330771 -0.011557397 0.999830484 81.693702698
0.999846578 0.003622776 0.017138666 2.010610819 -0.003823969 0.999924004 0.011720975 -2.223927498 -0.017094901 -0.011784715 0.999784350 82.270072937
0.999752522 0.003214966 0.022013642 2.017934322 -0.003472906 0.999925613 0.011689087 -2.218919277 -0.021974426 -0.011762645 0.999689341 82.702911377
0.999674916 0.002533514 0.025368145 2.053744555 -0.002817591 0.999933600 0.011168686 -2.225267887 -0.025338164 -0.011236535 0.999615788 83.290077209
0.999570489 0.001942503 0.029242290 2.084705830 -0.002271631 0.999934435 0.011226184 -2.234945297 -0.029218564 -0.011287789 0.999509394 83.794235229
0.999363244 0.002449492 0.035594270 2.080128193 -0.002844605 0.999934852 0.011054041 -2.220852852 -0.035564870 -0.011148258 0.999305308 84.340896606
0.999129295 0.002608590 0.041637406 2.111722469 -0.003058896 0.999937475 0.010754872 -2.221181393 -0.041606750 -0.010872875 0.999074936 84.896766663
0.998834670 0.003210553 0.048156749 2.152080536 -0.003754088 0.999930203 0.011200600 -2.236654520 -0.048117433 -0.011368333 0.998776972 85.417533875
0.998403370 0.002359509 0.056436703 2.196280241 -0.002983719 0.999935210 0.010978638 -2.259998560 -0.056407139 -0.011129498 0.998345912 85.979614258
0.997907341 0.002726461 0.064603858 2.274990082 -0.003437383 0.999934673 0.010895723 -2.282257080 -0.064569943 -0.011094991 0.997851491 86.493988037
0.997436225 0.001678729 0.071541309 2.314176083 -0.002461078 0.999938071 0.010848889 -2.279361248 -0.071518674 -0.010997142 0.997378588 87.046730042
0.996704936 0.002110921 0.081084602 2.376128197 -0.002944163 0.999944091 0.010158021 -2.287621498 -0.081058629 -0.010363276 0.996655405 87.629852295
0.995840490 0.002500281 0.091079116 2.452661514 -0.003501937 0.999935091 0.010839494 -2.315023422 -0.091046110 -0.011113358 0.995784700 88.156890869
0.994891107 0.002266896 0.100928128 2.490034103 -0.003350090 0.999938488 0.010564126 -2.332395077 -0.100897990 -0.010848274 0.994837582 88.673782349
0.994024217 0.002114465 0.109139591 2.569215298 -0.003278876 0.999939620 0.010490648 -2.343698263 -0.109110825 -0.010785813 0.993971109 89.190826416
0.992793918 0.001985376 0.119817883 2.648497581 -0.003242699 0.999941647 0.010299558 -2.346235752 -0.119790450 -0.010613871 0.992742538 89.751815796
0.991578043 0.001053709 0.129506156 2.747238159 -0.002351993 0.999948502 0.009872349 -2.357839823 -0.129489079 -0.010093804 0.991529465 90.292510986
0.990443110 -0.000137748 0.137921661 2.852924347 -0.001309519 0.999944985 0.010402604 -2.390951157 -0.137915537 -0.010483799 0.990388453 90.803421021
0.988814712 -0.000080927 0.149148792 2.957211494 -0.001397047 0.999950945 0.009804598 -2.389280319 -0.149142280 -0.009903298 0.988766134 91.345291138
0.986890733 0.000206782 0.161389515 3.057415962 -0.001803947 0.999950767 0.009749870 -2.402689219 -0.161379576 -0.009913195 0.986842573 91.893272400
0.985036850 -0.000660085 0.172342360 3.174863815 -0.001093963 0.999948502 0.010082521 -2.422948599 -0.172340125 -0.010120191 0.984985530 92.418457031
0.983378589 -0.000892569 0.181564808 3.293599129 -0.000926852 0.999950111 0.009935686 -2.428337574 -0.181564644 -0.009938828 0.983328760 92.954856873
0.980907798 -0.000518964 0.194472253 3.404710770 -0.001487782 0.999947131 0.010172727 -2.447602272 -0.194467247 -0.010267840 0.980855286 93.457725525
0.978368878 -0.000524185 0.206866995 3.542456627 -0.001656189 0.999944866 0.010366661 -2.461991072 -0.206861034 -0.010485030 0.978314221 93.977188110
0.976048350 -0.002162974 0.217542648 3.680965424 -0.000143036 0.999943972 0.010583961 -2.471547365 -0.217553347 -0.010361571 0.975993454 94.494667053
0.972945809 -0.001299038 0.231029943 3.824634552 -0.001139976 0.999944985 0.010423335 -2.480569839 -0.231030777 -0.010404707 0.972890794 95.045120239
0.969618618 -0.001482844 0.244617403 3.987070084 -0.001246471 0.999938667 0.011002303 -2.502283096 -0.244618729 -0.010972944 0.969557285 95.525596619
0.966704369 -0.002297641 0.255885541 4.138492584 -0.000404034 0.999944687 0.010505073 -2.518267393 -0.255895525 -0.010258685 0.966650009 96.035400391
0.963439226 -0.002817131 0.267912120 4.313051224 0.000030207 0.999945939 0.010405938 -2.529170275 -0.267926902 -0.010017394 0.963387191 96.557235718
0.959641993 -0.004514180 0.281188339 4.511421204 0.001586800 0.999942243 0.010637567 -2.548779726 -0.281220049 -0.009762064 0.959593654 97.008895874
0.955663979 -0.003757759 0.294435501 4.677549362 0.000652551 0.999943137 0.010643843 -2.547990322 -0.294458747 -0.009979802 0.955612063 97.640884399
0.952286363 -0.004470757 0.305173129 4.881948471 0.001083354 0.999935865 0.011268384 -2.571116209 -0.305203885 -0.010400115 0.952230215 98.151657104
0.947433174 -0.002951348 0.319940299 5.062780380 -0.000706400 0.999935687 0.011315940 -2.574977398 -0.319953173 -0.010947099 0.947370172 98.696189880
0.942871451 -0.004702399 0.333123475 5.299268723 0.001138141 0.999940038 0.010893842 -2.580234766 -0.333154768 -0.009892356 0.942820251 99.250450134
0.938778400 -0.004054863 0.344497889 5.511472702 0.000429648 0.999943733 0.010598876 -2.586638451 -0.344521493 -0.009801984 0.938727260 99.783920288
0.934130311 -0.004385250 0.356905192 5.722469330 0.000586392 0.999942005 0.010751397 -2.600933075 -0.356931627 -0.009833921 0.934078753 100.268280029
0.928702474 -0.005527387 0.370784461 5.953855515 0.001642985 0.999940455 0.010791210 -2.615896702 -0.370822012 -0.009412632 0.928656280 100.783515930
0.923699021 -0.005572144 0.383078396 6.198242188 0.001433293 0.999937475 0.011088765 -2.633380890 -0.383116245 -0.009693617 0.923649251 101.338958740
0.918583155 -0.004603531 0.395200968 6.426767349 0.000454540 0.999943793 0.010591418 -2.640701056 -0.395227522 -0.009549465 0.918533564 101.832603455
0.912895977 -0.009312058 0.408086032 6.675361633 0.005267748 0.999925256 0.011033105 -2.636202812 -0.408158273 -0.007922382 0.912876785 102.357505798
0.907020688 -0.009671877 0.420975029 6.932342529 0.005396292 0.999921083 0.011346432 -2.648567915 -0.421051502 -0.008019743 0.907001317 102.844322205
0.901866674 -0.010088032 0.431896657 7.191154480 0.005740506 0.999918878 0.011368564 -2.655544043 -0.431976348 -0.007773621 0.901851475 103.339775085
0.896009326 -0.009258125 0.443938613 7.466018677 0.004998764 0.999929488 0.010763959 -2.648285866 -0.444007039 -0.007425460 0.895992577 103.874435425
0.888910472 -0.008229863 0.458006948 7.676818848 0.003697579 0.999934852 0.010791343 -2.657879829 -0.458065957 -0.007899020 0.888883054 104.237472534
0.882911801 -0.008918452 0.469454169 7.964061737 0.004471877 0.999933958 0.010585887 -2.662195683 -0.469517559 -0.007247065 0.882893384 104.723007202
0.876875103 -0.010545660 0.480602592 8.240070343 0.005787719 0.999918401 0.011380913 -2.671165466 -0.480683446 -0.007198048 0.876864672 105.180992126
0.869306803 -0.010416355 0.494163126 8.527530670 0.005617802 0.999921501 0.011194568 -2.682931423 -0.494241089 -0.006955404 0.869297147 105.639678955
0.861532211 -0.010557462 0.507593095 8.821140289 0.005714316 0.999922097 0.011098603 -2.688608170 -0.507670701 -0.006661254 0.861525416 106.108673096
0.855522037 -0.011570600 0.517637074 9.126308441 0.006693823 0.999913871 0.011287621 -2.699390411 -0.517723083 -0.006191841 0.855525851 106.580024719
0.848250806 -0.011244677 0.529475331 9.440376282 0.006457472 0.999919772 0.010890444 -2.698703766 -0.529555380 -0.005818753 0.848255396 107.033187866
