1.000000000 0.000000000 0.000000000 0.000000000 0.000000000 1.000000000 0.000000000 0.000000000 0.000000000 0.000000000 1.000000000 0.000000000
1.000000000 0.000024078 -0.000014461 0.000432811 -0.000024078 1.000000000 0.000029056 -0.000603368 0.000014462 -0.000029055 1.000000000 -0.001381598
1.000000000 -0.000022388 -0.000009103 0.000858676 0.000022388 1.000000000 -0.000009052 -0.000203929 0.000009103 0.000009052 1.000000000 -0.001384130
1.000000000 -0.000087760 -0.000089406 0.001353575 0.000087761 1.000000000 0.000010075 -0.000938786 0.000089405 -0.000010083 1.000000000 -0.003379962
1.000000000 -0.000172963 -0.000105983 -0.000194153 0.000172965 1.000000000 0.000016221 0.000423376 0.000105980 -0.000016240 1.000000000 -0.002625494
1.000000000 -0.000136145 -0.000005102 0.000411699 0.000136145 1.000000000 0.000014860 -0.000077009 0.000005100 -0.000014860 1.000000000 -0.000596978
1.000000000 -0.000133969 0.000012816 -0.000620536 0.000133969 1.000000000 0.000021041 0.000034031 -0.000012819 -0.000021039 1.000000000 -0.002269179
1.000000000 -0.000038693 -0.000072738 0.000819151 0.000038695 1.000000000 0.000027710 0.000034383 0.000072737 -0.000027713 1.000000000 -0.003119268
1.000000000 -0.000077890 -0.000020055 -0.000082716 0.000077890 1.000000000 0.000009465 0.000504894 0.000020054 -0.000009467 1.000000000 -0.000256695
1.000000000 -0.000012674 -0.000004259 -0.000966667 0.000012674 1.000000000 0.000010438 0.001607425 0.000004259 -0.000010438 1.000000000 0.000686456
1.000000000 -0.000083541 -0.000088891 0.000671702 0.000083543 1.000000000 0.000025443 -0.000078754 0.000088889 -0.000025450 1.000000000 -0.000866351
1.000000000 -0.000073229 -0.000063081 0.000601474 0.000073228 1.000000000 -0.000020370 0.000342431 0.000063083 0.000020365 1.000000000 0.000361975
1.000000000 -0.000130192 -0.000042530 -0.001077756 0.000130192 1.000000000 0.000003409 0.001110395 0.000042530 -0.000003415 1.000000000 0.000597588
1.000000000 -0.000102794 -0.000012272 -0.000215429 0.000102794 1.000000000 0.000011969 0.000446929 0.000012271 -0.000011970 1.000000000 -0.002425115
1.000000000 -0.000063143 -0.000049407 0.001759278 0.000063145 1.000000000 0.000050286 -0.000593832 0.000049404 -0.000050289 1.000000000 -0.001964909
1.000000000 -0.000054319 -0.000053866 0.002187759 0.000054325 1.000000000 0.000100888 -0.001028922 0.000053860 -0.000100891 1.000000000 -0.003728767
1.000000000 -0.000094345 -0.000062449 0.001504142 0.000094346 1.000000000 0.000023171 0.000666275 0.000062447 -0.000023177 1.000000000 -0.001471006
1.000000000 0.000004671 -0.000048997 0.001315004 -0.000004669 1.000000000 0.000044764 0.000159636 0.000048998 -0.000044764 1.000000000 -0.002139889
1.000000000 -0.000125023 -0.000080491 0.001388498 0.000125025 1.000000000 0.000014203 -0.000208990 0.000080489 -0.000014213 1.000000000 -0.001693996
1.000000000 -0.000152983 -0.000078174 0.001097534 0.000152983 1.000000000 0.000009271 0.000689428 0.000078173 -0.000009283 1.000000000 0.000518922
1.000000000 -0.000140721 -0.000028737 -0.000194009 0.000140722 1.000000000 0.000041137 -0.000214139 0.000028731 -0.000041141 1.000000000 -0.004442646
1.000000000 -0.000088537 -0.000079648 0.003401035 0.000088540 1.000000000 0.000038839 -0.000393479 0.000079644 -0.000038846 1.000000000 -0.000418164
1.000000000 -0.000102823 -0.000118919 0.002522069 0.000102829 1.000000000 0.000046674 -0.000145783 0.000118914 -0.000046686 1.000000000 -0.001225600
1.000000000 -0.000185773 -0.000129511 0.001660053 0.000185779 1.000000000 0.000043414 0.000176886 0.000129503 -0.000043438 1.000000000 -0.002478201
1.000000000 -0.000113754 -0.000139796 0.003290978 0.000113757 1.000000000 0.000022019 0.000530078 0.000139793 -0.000022035 1.000000000 -0.000592236
1.000000000 -0.000208125 -0.000109812 0.003052123 0.000208131 1.000000000 0.000057989 0.000296450 0.000109800 -0.000058012 1.000000000 -0.001905509
0.999999940 -0.000233421 -0.000154655 0.001767680 0.000233431 1.000000000 0.000069986 -0.000019787 0.000154639 -0.000070022 1.000000000 -0.003801041
0.999999940 -0.000318285 -0.000084025 0.001260100 0.000318290 0.999999940 0.000063257 -0.000518407 0.000084005 -0.000063284 1.000000000 -0.001689170
1.000000000 -0.000089438 -0.000071663 0.001588602 0.000089444 1.000000000 0.000087470 -0.000407512 0.000071656 -0.000087476 1.000000000 -0.002562884
0.999999940 -0.000209978 -0.000133246 0.003148778 0.000209992 1.000000000 0.000106854 -0.000983581 0.000133224 -0.000106882 1.000000000 -0.003520437
0.999999940 -0.000247058 -0.000143341 0.002615901 0.000247068 0.999999940 0.000070424 -0.000361424 0.000143323 -0.000070459 1.000000000 -0.004682463
0.999999940 -0.000246301 -0.000101517 0.000477199 0.000246309 0.999999940 0.000083219 -0.000041761 0.000101497 -0.000083244 1.000000000 -0.003369269
1.000000000 -0.000216678 -0.000106157 0.001066319 0.000216682 1.000000000 0.000043339 0.000268511 0.000106148 -0.000043362 1.000000000 -0.002854398
1.000000000 -0.000175671 -0.000085999 0.001002496 0.000175673 1.000000000 0.000021952 0.000161513 0.000085996 -0.000021967 1.000000000 -0.004016468
0.999999940 -0.000288444 -0.000112474 0.002206552 0.000288457 0.999999940 0.000119285 -0.001156510 0.000112440 -0.000119317 1.000000000 -0.008354651
1.000000000 -0.000191343 -0.000121166 0.001285732 0.000191341 1.000000000 -0.000020392 0.000499391 0.000121170 0.000020369 1.000000000 -0.002338572
1.000000000 -0.000179494 -0.000115375 0.002834525 0.000179510 1.000000000 0.000136693 -0.000487082 0.000115351 -0.000136714 1.000000000 -0.005673021
0.999999940 -0.000285364 -0.000123611 0.000870855 0.000285371 0.999999940 0.000051971 0.000040091 0.000123596 -0.000052007 1.000000000 -0.004727572
1.000000000 -0.000195815 -0.000115033 0.000734199 0.000195825 1.000000000 0.000081594 -0.000262614 0.000115017 -0.000081617 1.000000000 -0.003371194
0.999999940 -0.000180773 -0.000183250 0.003451013 0.000180780 1.000000000 0.000033899 -0.001003552 0.000183244 -0.000033932 1.000000000 -0.003677338
1.000000000 -0.000207488 -0.000107022 0.001927007 0.000207431 0.999999821 -0.000540013 -0.001291511 0.000107134 0.000539991 0.999999821 0.045695409
1.000000000 -0.000027889 -0.000152455 0.002669829 0.000027718 0.999999344 -0.001121205 -0.003944790 0.000152486 0.001121201 0.999999344 0.139739990
1.000000000 -0.000142563 -0.000091534 0.005397261 0.000142431 0.999998987 -0.001436619 -0.006577552 0.000091739 0.001436606 0.999998987 0.253688365
1.000000000 -0.000108621 -0.000017026 0.005961401 0.000108597 0.999998927 -0.001459201 -0.011172674 0.000017185 0.001459199 0.999998927 0.389186084
1.000000000 -0.000052620 -0.000106346 0.012354877 0.000052495 0.999999285 -0.001175678 -0.018217746 0.000106408 0.001175672 0.999999285 0.522025764
1.000000000 -0.000160002 0.000026471 0.015146757 0.000160030 0.999999464 -0.001051782 -0.022548296 -0.000026303 0.001051786 0.999999464 0.676300585
0.999999940 -0.000296240 -0.000096015 0.019672422 0.000296153 0.999999523 -0.000899159 -0.026393542 0.000096281 0.000899131 0.999999583 0.838144600
0.999999940 0.000358500 0.000203803 0.017108209 -0.000358321 0.999999523 -0.000879406 -0.024739258 -0.000204118 0.000879333 0.999999583 1.022992253
0.999999821 0.000556494 -0.000207921 0.017297911 -0.000556595 0.999999702 -0.000489167 -0.032452323 0.000207649 0.000489282 0.999999881 1.183520436
0.999999821 0.000526157 -0.000253423 0.021732194 -0.000526197 0.999999821 -0.000160194 -0.039460424 0.000253339 0.000160328 1.000000000 1.366289258
0.999999762 0.000638218 -0.000276414 0.025950590 -0.000638274 0.999999702 -0.000203811 -0.045328509 0.000276284 0.000203987 0.999999940 1.565450072
0.999999940 -0.000150274 0.000351851 0.033917096 0.000150291 1.000000000 -0.000049654 -0.057278398 -0.000351844 0.000049707 0.999999940 1.760322332
1.000000000 -0.000096068 0.000206219 0.042401373 0.000096024 1.000000000 0.000214863 -0.063576400 -0.000206239 -0.000214844 1.000000000 1.967129946
0.999999940 -0.000209773 0.000342890 0.043032251 0.000209718 1.000000000 0.000162377 -0.071069568 -0.000342924 -0.000162306 0.999999940 2.171337366
0.999999762 0.000339255 0.000586878 0.046733562 -0.000339567 0.999999762 0.000532522 -0.078779414 -0.000586697 -0.000532721 0.999999702 2.381386757
0.999999940 -0.000221442 0.000311643 0.053129893 0.000221249 0.999999702 0.000618530 -0.090327546 -0.000311780 -0.000618461 0.999999762 2.611437559
0.999999940 -0.000063254 0.000382920 0.057586089 0.000063003 0.999999762 0.000655574 -0.098024301 -0.000382962 -0.000655549 0.999999702 2.836585999
0.999999821 -0.000108094 0.000553673 0.058900636 0.000107685 0.999999702 0.000739766 -0.101155415 -0.000553753 -0.000739706 0.999999583 3.078777790
0.999999881 0.000029444 0.000481738 0.061884027 -0.000029738 0.999999821 0.000610125 -0.107838161 -0.000481720 -0.000610140 0.999999702 3.318722486
0.999999642 0.000068979 0.000741504 0.064412400 -0.000069627 0.999999642 0.000873733 -0.115163714 -0.000741444 -0.000873784 0.999999285 3.559543610
0.999999762 0.000074352 0.000636955 0.070718355 -0.000075018 0.999999464 0.001046166 -0.120103538 -0.000636877 -0.001046213 0.999999225 3.809725285
0.999999762 -0.000286703 0.000618251 0.078061290 0.000285945 0.999999225 0.001225966 -0.130732998 -0.000618602 -0.001225789 0.999999046 4.073648930
0.999999464 0.000034768 0.000962019 0.076758347 -0.000036129 0.999998927 0.001414886 -0.138995647 -0.000961969 -0.001414920 0.999998510 4.336708069
0.999999702 -0.000260845 0.000726638 0.081568040 0.000259873 0.999999046 0.001336933 -0.146649644 -0.000726986 -0.001336744 0.999998808 4.591732025
0.999999523 -0.000040539 0.000945544 0.090258293 0.000038775 0.999998271 0.001866393 -0.158958614 -0.000945618 -0.001866356 0.999997854 4.840274811
0.999999404 -0.000692477 0.000831624 0.093051165 0.000690804 0.999997735 0.002010127 -0.169784039 -0.000833015 -0.002009551 0.999997616 5.092849255
0.999999642 -0.000507274 0.000636378 0.101031922 0.000506045 0.999998033 0.001930923 -0.176768884 -0.000637356 -0.001930600 0.999997914 5.358740330
0.999999464 -0.000506732 0.000904533 0.106713593 0.000504757 0.999997437 0.002181279 -0.185662687 -0.000905637 -0.002180821 0.999997139 5.620883465
0.999999583 -0.000426660 0.000742045 0.111294895 0.000425089 0.999997616 0.002116085 -0.194161475 -0.000742946 -0.002115768 0.999997497 5.898816586
0.999999464 0.000068614 0.001046250 0.106699899 -0.000070706 0.999997973 0.001999377 -0.203620866 -0.001046111 -0.001999450 0.999997437 6.182021618
0.999999404 0.000131849 0.001114903 0.113869026 -0.000134150 0.999997854 0.002063361 -0.212158620 -0.001114629 -0.002063510 0.999997258 6.464438438
0.999998987 0.000517180 0.001355418 0.117340893 -0.000520124 0.999997437 0.002172668 -0.218908429 -0.001354291 -0.002173370 0.999996781 6.753253937
0.999999404 -0.000353398 0.000973773 0.130445451 0.000351248 0.999997497 0.002206761 -0.230429828 -0.000974551 -0.002206418 0.999997020 7.035432816
0.999999464 -0.000137477 0.000971701 0.133268908 0.000135559 0.999998093 0.001973397 -0.234298721 -0.000971970 -0.001973265 0.999997556 7.337310791
0.999999404 -0.000224484 0.001094136 0.144350588 0.000222253 0.999997914 0.002038644 -0.247305050 -0.001094591 -0.002038399 0.999997318 7.646785736
0.999999344 -0.000533932 0.001017928 0.153883398 0.000531601 0.999997258 0.002288051 -0.260741979 -0.001019147 -0.002287508 0.999996841 7.965645313
0.999999464 -0.000324814 0.000954873 0.154467806 0.000322292 0.999996483 0.002640558 -0.274212062 -0.000955727 -0.002640249 0.999996066 8.276743889
0.999999702 -0.000300056 0.000622101 0.170515567 0.000298406 0.999996424 0.002650780 -0.285144299 -0.000622894 -0.002650595 0.999996305 8.592775345
0.999999046 0.000492396 0.001253021 0.167108983 -0.000495892 0.999995947 0.002791530 -0.292734534 -0.001251642 -0.002792149 0.999995291 8.936572075
0.999999285 0.000011639 0.001205334 0.174008891 -0.000014774 0.999996662 0.002600980 -0.300873935 -0.001205300 -0.002600996 0.999995887 9.301745415
0.999999344 0.000072921 0.001140539 0.188472360 -0.000076231 0.999995768 0.002902865 -0.316150278 -0.001140322 -0.002902949 0.999995112 9.600205421
0.999998868 0.000554723 0.001409888 0.195228845 -0.000558862 0.999995470 0.002937056 -0.322126567 -0.001408252 -0.002937841 0.999994695 9.947474480
0.999999344 0.000027602 0.001153747 0.207580730 -0.000031351 0.999994814 0.003249273 -0.342693925 -0.001153651 -0.003249308 0.999994040 10.304130554
0.999999404 -0.000193794 0.001075792 0.214014083 0.000189816 0.999993145 0.003696608 -0.355540723 -0.001076500 -0.003696402 0.999992549 10.664785385
0.999999225 0.001162073 -0.000291675 0.243271843 -0.001161065 0.999993443 0.003430594 -0.362520248 0.000295660 -0.003430253 0.999994099 11.011767387
0.999999106 0.001377588 -0.000116482 0.248750642 -0.001377170 0.999992907 0.003516950 -0.374548823 0.000121327 -0.003516786 0.999993861 11.389564514
0.999999106 0.001278915 -0.000346747 0.258743227 -0.001277726 0.999993384 0.003406016 -0.381002635 0.000351101 -0.003405571 0.999994159 11.758659363
0.999999404 0.000973104 -0.000435810 0.269659221 -0.000971532 0.999993086 0.003593125 -0.393762708 0.000439304 -0.003592699 0.999993503 12.146473885
0.999998868 0.001420722 -0.000111704 0.275298893 -0.001420292 0.999991953 0.003762290 -0.404516518 0.000117048 -0.003762128 0.999992907 12.531171799
0.999998748 0.000231120 0.001577499 0.255918384 -0.000237052 0.999992907 0.003761532 -0.419308782 -0.001576619 -0.003761902 0.999991655 12.921456337
0.999999225 0.000361210 0.001187694 0.273344189 -0.000365932 0.999991953 0.003977597 -0.431591511 -0.001186247 -0.003978029 0.999991417 13.321614265
0.999999046 0.000081862 0.001427556 0.282345563 -0.000087742 0.999991477 0.004119939 -0.443787992 -0.001427207 -0.004120061 0.999990463 13.725554466
0.999999106 0.001334957 0.000028181 0.316441894 -0.001335069 0.999989271 0.004439913 -0.477704346 -0.000022254 -0.004439947 0.999990165 14.093561172
0.999999106 0.001349944 0.000098443 0.327568710 -0.001350347 0.999990284 0.004216572 -0.488120645 -0.000092750 -0.004216701 0.999991179 14.520129204
0.999998987 0.001270891 0.000625012 0.336754709 -0.001273620 0.999989510 0.004384439 -0.497488767 -0.000619433 -0.004385231 0.999990225 14.950343132
0.999995708 0.000194233 0.002913630 0.310972750 -0.000208078 0.999988675 0.004752199 -0.502485275 -0.002912674 -0.004752785 0.999984384 15.394414902
0.999993503 0.000593909 0.003551169 0.319918305 -0.000611278 0.999987900 0.004891827 -0.512725115 -0.003548221 -0.004893966 0.999981701 15.833994865
0.999993503 0.000391415 0.003570446 0.333827734 -0.000410754 0.999985278 0.005417252 -0.528431416 -0.003568272 -0.005418683 0.999978960 16.271478653
0.999998748 0.001042052 0.001191372 0.393675387 -0.001048053 0.999986708 0.005047659 -0.572653890 -0.001186097 -0.005048903 0.999986529 16.694778442
0.999998391 0.001116790 0.001389150 0.406016558 -0.001123670 0.999987066 0.004961552 -0.582775295 -0.001383592 -0.004963105 0.999986708 17.154161453
0.999997556 0.000954276 0.001981078 0.416128427 -0.000965678 0.999982953 0.005762598 -0.596394956 -0.001975545 -0.005764497 0.999981403 17.619333267
0.999997854 0.001442900 0.001489292 0.457395852 -0.001451057 0.999983847 0.005490830 -0.622184515 -0.001481345 -0.005492980 0.999983728 18.042116165
0.999995708 0.002201409 0.001939893 0.463458061 -0.002211812 0.999983072 0.005376835 -0.628016353 -0.001928023 -0.005381102 0.999983609 18.521137238
0.999996841 0.001705393 0.001842831 0.480352700 -0.001715431 0.999983609 0.005459487 -0.644219637 -0.001833490 -0.005462631 0.999983370 18.983341217
0.999997795 0.001314961 0.001654978 0.494736403 -0.001324713 0.999981701 0.005905218 -0.668074548 -0.001647184 -0.005907398 0.999981165 19.475088120
0.999996662 0.001828532 0.001843221 0.506439745 -0.001839456 0.999980688 0.005942668 -0.678990901 -0.001832319 -0.005946038 0.999980628 19.958564758
0.999998510 0.001104105 0.001350329 0.524680018 -0.001112411 0.999980390 0.006165813 -0.695249498 -0.001343496 -0.006167306 0.999980092 20.444108963
0.999998927 0.001087065 0.000983866 0.567424476 -0.001093413 0.999978364 0.006474633 -0.736213684 -0.000976806 -0.006475702 0.999978542 20.885671616
0.999999285 0.001119551 0.000386565 0.574650407 -0.001122008 0.999978781 0.006413670 -0.743370056 -0.000379376 -0.006414099 0.999979317 21.394277573
0.999998868 0.001447571 0.000173566 0.577993155 -0.001448664 0.999977946 0.006475175 -0.759097636 -0.000164189 -0.006475420 0.999978960 21.904272079
0.999998987 0.001409345 -0.000130526 0.607617199 -0.001408419 0.999975622 0.006842242 -0.776342511 0.000140165 -0.006842052 0.999976575 22.372428894
0.999999046 0.001065214 -0.000836226 0.619266391 -0.001059325 0.999974966 0.007011148 -0.785548627 0.000843673 -0.007010257 0.999975085 22.893630981
0.999997497 0.002164385 -0.000509296 0.611722350 -0.002160666 0.999971807 0.007193712 -0.812472343 0.000524852 -0.007192594 0.999974012 23.334014893
0.999999046 0.001011269 -0.000934488 0.618656933 -0.001004690 0.999974906 0.007014514 -0.825685620 0.000941557 -0.007013568 0.999974966 23.851366043
0.999996781 0.001846879 -0.001737778 0.630659699 -0.001834168 0.999971688 0.007288138 -0.838965237 0.001751190 -0.007284928 0.999971926 24.312984467
0.999994934 0.001888382 -0.002567106 0.639647722 -0.001868699 0.999968946 0.007648233 -0.850429296 0.002581470 -0.007643397 0.999967396 24.845764160
0.999992967 0.002266315 -0.002961139 0.642250538 -0.002243230 0.999967277 0.007775950 -0.864518166 0.002978665 -0.007769253 0.999965370 25.367826462
0.999992549 0.001867998 -0.003333393 0.653094292 -0.001841459 0.999966800 0.007946819 -0.878496885 0.003348127 -0.007940622 0.999962866 25.921371460
0.999991119 0.002490091 -0.003394843 0.657158196 -0.002461344 0.999961317 0.008445787 -0.887813628 0.003415743 -0.008437357 0.999958575 26.442539215
0.999989152 0.002693197 -0.003822968 0.670215666 -0.002659725 0.999958336 0.008733666 -0.907905102 0.003846330 -0.008723403 0.999954581 26.982622147
0.999985993 0.002664827 -0.004571725 0.675381422 -0.002625053 0.999958873 0.008683905 -0.918249488 0.004594678 -0.008671782 0.999951839 27.511142731
0.999982357 0.002714849 -0.005289254 0.683390975 -0.002668546 0.999958277 0.008741480 -0.928284645 0.005312765 -0.008727212 0.999947786 28.051908493
0.999983013 0.002513796 -0.005253468 0.696444333 -0.002465203 0.999954283 0.009235938 -0.946813226 0.005276445 -0.009222831 0.999943554 28.557445526
0.999980927 0.002073984 -0.005817531 0.705840409 -0.002021042 0.999956608 0.009091482 -0.956730664 0.005836133 -0.009079550 0.999941826 29.106342316
0.999981880 0.002100377 -0.005634913 0.707570374 -0.002046880 0.999952912 0.009482818 -0.971092343 0.005654565 -0.009471112 0.999939144 29.591922760
0.999978781 0.001971475 -0.006212944 0.720752060 -0.001913178 0.999954164 0.009375195 -0.985132933 0.006231142 -0.009363109 0.999936700 30.143390656
0.999980211 0.002375886 -0.005829323 0.729258955 -0.002320433 0.999952197 0.009501167 -0.995947957 0.005851618 -0.009487452 0.999937892 30.683164597
0.999977350 0.002438233 -0.006268802 0.750443697 -0.002381073 0.999955714 0.009109523 -1.010823846 0.006290736 -0.009094390 0.999938905 31.222341537
0.999974251 0.002244743 -0.006814096 0.763117552 -0.002182424 0.999955893 0.009139396 -1.028720498 0.006834310 -0.009124290 0.999935031 31.752996445
0.999974072 0.001659714 -0.007008449 0.770919442 -0.001588346 0.999946892 0.010176425 -1.060773253 0.007024968 -0.010165029 0.999923587 32.274349213
0.999971926 0.001449532 -0.007346454 0.781920195 -0.001371886 0.999943256 0.010563201 -1.079006195 0.007361349 -0.010552827 0.999917150 32.814094543
0.999969959 0.001356836 -0.007633061 0.790493906 -0.001275977 0.999943078 0.010588179 -1.088990092 0.007646994 -0.010578120 0.999914765 33.346221924
0.999971092 0.001823183 -0.007381411 0.805344403 -0.001743194 0.999939859 0.010828446 -1.106999516 0.007400710 -0.010815266 0.999914110 33.878261566
0.999971867 0.001892180 -0.007254832 0.815884054 -0.001813991 0.999940395 0.010769092 -1.115853429 0.007274777 -0.010755629 0.999915659 34.421695709
0.999971449 0.002576304 -0.007108599 0.822108328 -0.002497818 0.999936163 0.011027861 -1.137591124 0.007136556 -0.011009791 0.999913931 34.956527710
0.999968708 0.001560425 -0.007749945 0.838509083 -0.001476233 0.999940038 0.010857448 -1.141466141 0.007766422 -0.010845668 0.999911010 35.491836548
0.999969542 0.002581347 -0.007368479 0.846757054 -0.002500706 0.999937057 0.010932432 -1.163493156 0.007396235 -0.010913673 0.999913037 36.054958344
0.999963999 0.003112452 -0.007904731 0.842020631 -0.003032310 0.999944091 0.010130318 -1.140843868 0.007935818 -0.010105983 0.999917448 36.717266083
0.999966145 0.002800007 -0.007740714 0.857329011 -0.002712935 0.999933183 0.011236230 -1.188321471 0.007771659 -0.011214849 0.999906898 37.142257690
0.999965191 0.002605480 -0.007924517 0.867071867 -0.002516276 0.999933600 0.011246013 -1.196650743 0.007953292 -0.011225681 0.999905348 37.693069458
0.999961257 0.002854284 -0.008327584 0.873123527 -0.002762102 0.999935031 0.011059999 -1.202417850 0.008358612 -0.011036569 0.999904156 38.233638763
0.999964893 0.002899589 -0.007861533 0.879770041 -0.002810119 0.999931395 0.011368070 -1.212799668 0.007893956 -0.011345578 0.999904394 38.773414612
0.999961913 0.002603005 -0.008325053 0.899636030 -0.002506953 0.999930441 0.011527283 -1.230559826 0.008354480 -0.011505974 0.999898911 39.297691345
0.999961793 0.003146940 -0.008147413 0.906844378 -0.003054050 0.999930501 0.011388646 -1.244863153 0.008182686 -0.011363329 0.999901950 39.828773499
0.999961197 0.003085490 -0.008254038 0.918439150 -0.002990810 0.999929905 0.011458658 -1.260732651 0.008288815 -0.011433529 0.999900281 40.381481171
0.999961138 0.003278645 -0.008191165 0.925922632 -0.003182730 0.999926567 0.011695373 -1.267772436 0.008228907 -0.011668847 0.999898076 40.931552887
0.999957561 0.003978136 -0.008310891 0.944834590 -0.003884708 0.999929428 0.011227683 -1.276715159 0.008354969 -0.011194920 0.999902427 41.470157623
0.999961495 0.003055792 -0.008227279 0.942225933 -0.002955620 0.999921799 0.012160270 -1.295846820 0.008263795 -0.012135489 0.999892175 41.982036591
0.999959588 0.002826616 -0.008535294 0.956923664 -0.002721120 0.999920011 0.012346376 -1.303578615 0.008569509 -0.012322652 0.999887407 42.523273468
0.999958992 0.001887225 -0.008858133 0.966139436 -0.001778389 0.999923050 0.012278331 -1.313586950 0.008880624 -0.012262075 0.999885380 43.036609650
0.999957740 0.002057316 -0.008951671 0.973976851 -0.001947545 0.999922991 0.012254108 -1.321095467 0.008976193 -0.012236157 0.999884784 43.570140839
0.999957025 0.002376355 -0.008973777 0.982095361 -0.002271432 0.999929130 0.011684254 -1.313126445 0.009000910 -0.011663368 0.999891400 44.106052399
0.999955654 0.002510711 -0.009081104 0.989818931 -0.002407513 0.999932647 0.011357171 -1.323760152 0.009109007 -0.011334805 0.999894261 44.655265808
0.999951839 0.001976479 -0.009613043 1.006041527 -0.001860204 0.999925137 0.012089478 -1.344888806 0.009636218 -0.012071014 0.999880731 45.119129181
0.999950111 0.001983539 -0.009781639 1.012989402 -0.001868497 0.999929130 0.011756179 -1.341307878 0.009804265 -0.011737317 0.999882996 45.718086243
0.999951363 0.001788880 -0.009694924 1.016483188 -0.001666683 0.999919176 0.012597753 -1.367836237 0.009716677 -0.012580983 0.999873698 46.218769073
0.999955952 0.002257767 -0.009104319 1.002868176 -0.002137104 0.999910057 0.013241408 -1.412250280 0.009133395 -0.013221367 0.999870896 46.687412262
0.999952793 0.001901162 -0.009534648 1.026505470 -0.001782888 0.999921560 0.012397793 -1.383356333 0.009557470 -0.012380209 0.999877691 47.284049988
0.999957025 0.002309884 -0.008977970 1.004589915 -0.002191200 0.999910414 0.013206805 -1.427411795 0.009007673 -0.013186567 0.999872446 47.743724823
0.999957442 0.001964011 -0.009011847 1.019043088 -0.001849398 0.999917507 0.012708701 -1.430341721 0.009036064 -0.012691494 0.999878585 48.345008850
0.999957025 0.002152815 -0.009015102 1.005105615 -0.002034185 0.999911427 0.013147591 -1.453871727 0.009042609 -0.013128688 0.999872863 48.799930573
0.999955893 0.002993623 -0.008900379 1.009483337 -0.002874899 0.999907017 0.013322275 -1.461124659 0.008939436 -0.013296099 0.999871612 49.341564178
0.999955535 0.001816241 -0.009244575 1.018959641 -0.001692855 0.999909580 0.013337187 -1.478487372 0.009267963 -0.013320945 0.999868333 49.877513885
0.999960124 0.002610645 -0.008535540 1.013474703 -0.002498596 0.999910891 0.013111736 -1.474490404 0.008569009 -0.013089886 0.999877572 50.454830170
0.999954522 0.002346422 -0.009240142 1.021641731 -0.002219521 0.999903440 0.013720035 -1.500935912 0.009271442 -0.013698904 0.999863148 50.960571289
0.999954462 0.002253816 -0.009276377 1.029876471 -0.002130148 0.999909043 0.013319798 -1.508109331 0.009305555 -0.013299430 0.999868214 51.510215759
0.999955177 0.002422835 -0.009164970 1.037381530 -0.002298682 0.999905705 0.013532886 -1.519181609 0.009196895 -0.013511210 0.999866426 52.046432495
0.999954522 0.002305836 -0.009257236 1.042945504 -0.002181102 0.999906898 0.013461853 -1.526170492 0.009287417 -0.013441049 0.999866486 52.598281860
0.999956429 0.002859209 -0.008878887 1.043222547 -0.002740955 0.999907732 0.013302247 -1.538280964 0.008916101 -0.013277332 0.999872029 53.127529144
0.999952555 0.002851166 -0.009313961 1.061994195 -0.002723645 0.999902844 0.013675527 -1.544006228 0.009352048 -0.013649511 0.999863088 53.685047150
0.999955833 0.003077263 -0.008872510 1.048028588 -0.002958447 0.999906123 0.013373636 -1.557127237 0.008912830 -0.013346798 0.999871194 54.223449707
0.999957025 0.002921803 -0.008796206 1.055671930 -0.002803938 0.999906540 0.013382209 -1.566056728 0.008834485 -0.013356969 0.999871790 54.774608612
0.999956846 0.003149427 -0.008733501 1.060927987 -0.003030942 0.999903679 0.013546970 -1.569464207 0.008775325 -0.013519916 0.999870121 55.330196381
0.999958277 0.002476644 -0.008787922 1.073365927 -0.002354536 0.999900997 0.013878290 -1.586511612 0.008821422 -0.013857020 0.999865115 55.875484467
0.999959111 0.002973817 -0.008540573 1.062875390 -0.002858080 0.999904335 0.013531816 -1.589232087 0.008579997 -0.013506854 0.999871910 56.397335052
0.999952257 0.002507268 -0.009438506 1.102281690 -0.002384772 0.999913037 0.012967327 -1.564887285 0.009470198 -0.012944199 0.999871433 57.027320862
0.999958992 0.003236428 -0.008457649 1.075052857 -0.003121539 0.999903083 0.013562066 -1.612672687 0.008500723 -0.013535109 0.999872208 57.494274139
0.999958575 0.002902228 -0.008620076 1.081239820 -0.002783802 0.999902129 0.013718897 -1.621981740 0.008659045 -0.013694335 0.999868751 58.016410828
0.999953687 0.002836687 -0.009204140 1.116147280 -0.002714379 0.999908149 0.013273763 -1.596189022 0.009240947 -0.013248163 0.999869525 58.605953217
0.999958754 0.003285594 -0.008458669 1.089328527 -0.003170358 0.999902427 0.013601013 -1.643179774 0.008502532 -0.013573635 0.999871671 59.118984222
0.999959469 0.003456900 -0.008317276 1.096837044 -0.003342892 0.999900818 0.013682492 -1.647748470 0.008363752 -0.013654134 0.999871731 59.675045013
0.999961078 0.003353621 -0.008161378 1.106805801 -0.003246670 0.999909103 0.013082779 -1.657437801 0.008204512 -0.013055773 0.999881089 60.226047516
0.999959230 0.003780232 -0.008195563 1.123998880 -0.003665953 0.999896467 0.013914488 -1.669351101 0.008247314 -0.013883877 0.999869585 60.769088745
0.999956489 0.002465088 -0.008998211 1.126147032 -0.002342245 0.999904215 0.013637039 -1.698960662 0.009030965 -0.013615370 0.999866545 61.272705078
0.999952078 0.002366923 -0.009498113 1.171208382 -0.002247006 0.999917805 0.012616313 -1.642928004 0.009527194 -0.012594366 0.999875307 61.899707794
0.999957204 0.003460339 -0.008588889 1.132359266 -0.003339940 0.999896467 0.013993008 -1.717428207 0.008636420 -0.013963722 0.999865234 62.392654419
0.999958038 0.003378224 -0.008517578 1.131184340 -0.003263509 0.999904275 0.013446110 -1.714967251 0.008562186 -0.013417748 0.999873340 62.954662323
0.999959469 0.004012756 -0.008058482 1.133701563 -0.003903629 0.999901056 0.013512269 -1.727354527 0.008111905 -0.013480263 0.999876201 63.538036346
0.999955833 0.003766289 -0.008608319 1.142661810 -0.003646620 0.999897063 0.013875340 -1.757934570 0.008659692 -0.013843335 0.999866605 64.014038086
0.999956429 0.003952338 -0.008454676 1.147696257 -0.003835322 0.999897242 0.013812175 -1.765550613 0.008508397 -0.013779148 0.999868870 64.560638428
0.999959052 0.003986736 -0.008131635 1.157863855 -0.003876299 0.999900639 0.013552097 -1.773422122 0.008184856 -0.013520022 0.999875069 65.110389709
0.999959171 0.004103482 -0.008047588 1.159631014 -0.003995218 0.999901950 0.013423238 -1.774157405 0.008101880 -0.013390539 0.999877572 65.671264648
0.999960124 0.003908588 -0.008021240 1.148658752 -0.003797974 0.999898136 0.013759425 -1.800710201 0.008074203 -0.013728413 0.999873161 66.166244507
0.999960065 0.003965028 -0.008005622 1.186730146 -0.003858693 0.999904692 0.013254519 -1.753683567 0.008057414 -0.013223098 0.999880135 66.777488708
0.999960423 0.004555642 -0.007634494 1.164928198 -0.004449228 0.999893546 0.013898067 -1.824099302 0.007696996 -0.013863552 0.999874234 67.239128113
0.999959290 0.005235648 -0.007341470 1.178358078 -0.005131957 0.999887884 0.014072434 -1.847252131 0.007414324 -0.014034186 0.999873996 67.787307739
0.999957681 0.004582396 -0.007977392 1.166843772 -0.004469052 0.999889553 0.014168547 -1.854832172 0.008041438 -0.014132295 0.999867797 68.319023132
0.999956548 0.003871447 -0.008478718 1.230274200 -0.003756196 0.999900937 0.013566942 -1.808836579 0.008530403 -0.013534507 0.999871969 68.918289185
0.999957561 0.004042004 -0.008273331 1.191379786 -0.003925305 0.999893188 0.014073282 -1.867156029 0.008329333 -0.014040212 0.999866724 69.412345886
0.999956965 0.004771085 -0.007952108 1.186074734 -0.004658186 0.999888957 0.014155796 -1.889735579 0.008018762 -0.014118144 0.999868155 69.923973083
0.999954700 0.002858014 -0.009077882 1.231572270 -0.002735799 0.999905825 0.013446857 -1.864414454 0.009115459 -0.013421416 0.999868333 70.507087708
0.999957085 0.004788043 -0.007930139 1.200253963 -0.004673058 0.999884546 0.014455349 -1.915342331 0.007998436 -0.014417671 0.999863982 70.981391907
0.999955654 0.005137272 -0.007889922 1.204488754 -0.005021342 0.999880195 0.014643570 -1.927401543 0.007964204 -0.014603302 0.999861658 71.521682739
0.999959230 0.005187839 -0.007389857 1.200728655 -0.005082702 0.999886572 0.014175746 -1.935270071 0.007462561 -0.014137605 0.999872208 72.049842834
0.999956906 0.005343651 -0.007587494 1.214695930 -0.005233993 0.999882579 0.014399582 -1.937942624 0.007663549 -0.014359248 0.999867439 72.624778748
0.999959946 0.004978310 -0.007436400 1.209070921 -0.004870840 0.999884427 0.014400750 -1.955873132 0.007507233 -0.014363952 0.999868631 73.128952026
0.999960124 0.005069643 -0.007349312 1.211271763 -0.004963483 0.999884129 0.014391926 -1.963982582 0.007421422 -0.014354873 0.999869406 73.667068481
0.999959350 0.004949134 -0.007534973 1.219697475 -0.004843264 0.999890208 0.014004501 -1.973298311 0.007603456 -0.013967437 0.999873579 74.221206665
0.999959230 0.004455070 -0.007854633 1.235442162 -0.004343145 0.999889612 0.014209589 -1.985195398 0.007917071 -0.014174896 0.999868214 74.728530884
0.999959648 0.004598038 -0.007719777 1.232597828 -0.004488442 0.999889731 0.014154574 -1.988801122 0.007784011 -0.014119354 0.999869943 75.299201965
0.999956608 0.004263292 -0.008280795 1.265794516 -0.004152247 0.999901831 0.013381133 -1.952069283 0.008337030 -0.013346167 0.999876142 75.849250793
0.999958754 0.004939568 -0.007639486 1.243877172 -0.004832515 0.999890745 0.013968776 -2.009209156 0.007707652 -0.013931279 0.999873281 76.390899658
0.999959528 0.004663027 -0.007694107 1.245670557 -0.004553193 0.999888361 0.014231411 -2.017219782 0.007759610 -0.014195804 0.999869108 76.945823669
0.999963462 0.003531045 -0.007781852 1.271405697 -0.003422663 0.999897480 0.013897196 -2.002783298 0.007830127 -0.013870053 0.999873102 77.499839783
0.999963462 0.004489729 -0.007275051 1.259396315 -0.004388887 0.999894857 0.013818617 -2.031860590 0.007336328 -0.013786182 0.999877989 78.044204712
0.999962628 0.004699964 -0.007256445 1.266925812 -0.004598161 0.999891639 0.013982786 -2.042984486 0.007321377 -0.013948897 0.999875903 78.607200623
0.999962866 0.004862301 -0.007114713 1.268579960 -0.004764404 0.999894559 0.013712681 -2.050526381 0.007180639 -0.013678277 0.999880612 79.165473938
0.999966502 0.004666136 -0.006728360 1.275953531 -0.004572704 0.999893844 0.013835534 -2.056929111 0.006792204 -0.013804304 0.999881625 79.729026794
0.999973178 0.005129600 -0.005231041 1.278775215 -0.005059001 0.999897122 0.013421360 -2.063564301 0.005299348 -0.013394536 0.999896228 80.293609619
0.999979258 0.005098289 -0.003943235 1.287829399 -0.005044693 0.999896348 0.013484409 -2.073672533 0.004011574 -0.013464235 0.999901295 80.852531433
0.999983728 0.005133107 -0.002480516 1.300991893 -0.005099350 0.999896765 0.013428908 -2.081118584 0.002549192 -0.013416043 0.999906778 81.400093079
0.999985814 0.005218363 0.001054069 1.317333341 -0.005231967 0.999897242 0.013344449 -2.092465401 -0.000984324 -0.013349775 0.999910355 81.958480835
0.999977350 0.004820569 0.004688886 1.333262324 -0.004883404 0.999897301 0.013483185 -2.102973461 -0.004623407 -0.013505780 0.999898076 82.501113892
0.999956846 0.004754087 0.007977524 1.356301546 -0.004861806 0.999896467 0.013538054 -2.117603779 -0.007912339 -0.013576255 0.999876559 83.055885315
0.999905646 0.005342066 0.012655936 1.378810167 -0.005511180 0.999895513 0.013365379 -2.120572805 -0.012583213 -0.013433867 0.999830544 83.597343445
0.999808669 0.005240199 0.018851813 1.404107213 -0.005496796 0.999892592 0.013585292 -2.135298491 -0.018778596 -0.013686317 0.999729991 84.162780762
0.999691367 0.005013257 0.024332786 1.436248302 -0.005336358 0.999898136 0.013231684 -2.146378040 -0.024263980 -0.013357447 0.999616325 84.717315674
0.999543726 0.005057095 0.029778704 1.469843626 -0.005453138 0.999897540 0.013233401 -2.153507233 -0.029708734 -0.013389749 0.999468923 85.273803711
0.999279082 0.005194386 0.037608430 1.510243416 -0.005697109 0.999895692 0.013272503 -2.162212849 -0.037535574 -0.013477195 0.999204338 85.838546753
0.998955846 0.004549291 0.045459140 1.556106091 -0.005148268 0.999901354 0.013067768 -2.173669815 -0.045395207 -0.013288161 0.998880744 86.385665894
0.998627901 0.004152194 0.052200899 1.600545645 -0.004839217 0.999903262 0.013041642 -2.179772139 -0.052141692 -0.013276359 0.998551428 86.930107117
0.998128653 0.004016571 0.061015900 1.651686907 -0.004808608 0.999906003 0.012839558 -2.189956188 -0.060958590 -0.013108932 0.998054206 87.477088928
0.997457206 0.004148529 0.071146883 1.711666584 -0.005075145 0.999904573 0.012848164 -2.200979471 -0.071086794 -0.013176575 0.997383118 88.028038025
0.996840239 0.003506136 0.079355486 1.776838303 -0.004531850 0.999908447 0.012749154 -2.210559368 -0.079303518 -0.013068496 0.996764779 88.569274902
0.996171415 0.003214165 0.087362334 1.841700077 -0.004340546 0.999909818 0.012706309 -2.220452785 -0.087313630 -0.013036861 0.996095479 89.109214783
0.995169342 0.003265850 0.098118886 1.915510654 -0.004543778 0.999907732 0.012803652 -2.232092857 -0.098068014 -0.013187635 0.995092332 89.643600464
0.994040191 0.003199626 0.108967036 1.994523525 -0.004613905 0.999908328 0.012729296 -2.242205620 -0.108916335 -0.013156197 0.993963838 90.189842224
0.993013382 0.002703043 0.117970705 2.080422401 -0.004209701 0.999912620 0.012524139 -2.252034903 -0.117926553 -0.012933260 0.992938101 90.741630554
0.991675138 0.002477303 0.128740847 2.178292274 -0.004149462 0.999910593 0.012721977 -2.263960838 -0.128697798 -0.013150277 0.991596639 91.283981323
0.989985943 0.002399425 0.141145632 2.272274017 -0.004247989 0.999909103 0.012797010 -2.275712490 -0.141102105 -0.013268446 0.989906132 91.822494507
0.988420606 0.001686488 0.151730433 2.378448486 -0.003621530 0.999915600 0.012477707 -2.280902863 -0.151696563 -0.012882718 0.988343179 92.393333435
0.986738622 0.001691810 0.162308306 2.485730171 -0.003771872 0.999914646 0.012508205 -2.288796425 -0.162273303 -0.012954537 0.986660779 92.953437805
0.984486878 0.001563331 0.175451413 2.602934837 -0.003788020 0.999916613 0.012345613 -2.298908710 -0.175417453 -0.012818707 0.984410703 93.502426147
0.982245207 0.001143258 0.187598154 2.725604057 -0.003530328 0.999916971 0.012390764 -2.307196617 -0.187568411 -0.012833052 0.982167721 94.056549072
0.980232239 0.000856668 0.197848618 2.854053497 -0.003345318 0.999919415 0.012244667 -2.315935135 -0.197822154 -0.012664482 0.980156243 94.602066040
0.977396727 0.000652324 0.211412892 2.989347458 -0.003257196 0.999922931 0.011973245 -2.319024563 -0.211388826 -0.012391222 0.977323532 95.166358948
0.974413395 0.000302793 0.224762708 3.139833450 -0.003079771 0.999923289 0.012004668 -2.330620050 -0.224741787 -0.012389730 0.974339604 95.719940186
0.971797466 -0.000311475 0.235816941 3.285776138 -0.002590428 0.999924660 0.011995842 -2.339730024 -0.235802919 -0.012268394 0.971723437 96.276756287
0.968752861 -0.000226083 0.248027831 3.441204071 -0.002791986 0.999926209 0.011816455 -2.350302219 -0.248012260 -0.012139714 0.968680859 96.811683655
0.965190649 -0.001077827 0.261544645 3.612264633 -0.002029646 0.999930441 0.011610817 -2.360741138 -0.261538982 -0.011737497 0.965121567 97.328102112
0.961698472 -0.000787331 0.274108857 3.783309937 -0.002540535 0.999927342 0.011785466 -2.369492531 -0.274098307 -0.012030446 0.961626470 97.900909424
0.958203375 0.000011387 0.286087990 3.939268112 -0.003631143 0.999919891 0.012122105 -2.378540039 -0.286064953 -0.012654267 0.958126664 98.437950134
0.954034507 -0.000439999 0.299696445 4.132415771 -0.003269938 0.999924064 0.011877344 -2.386237144 -0.299678922 -0.012311386 0.953960657 98.956359863
0.949461281 -0.000346244 0.313883692 4.335115433 -0.003503590 0.999925315 0.011700962 -2.389666319 -0.313864350 -0.012209332 0.949389338 99.537033081
0.945524931 -0.000814385 0.325548768 4.536531448 -0.003220394 0.999924481 0.011854715 -2.398127079 -0.325533777 -0.012257322 0.945450962 100.065811157
0.941142619 -0.001351401 0.338006973 4.757261276 -0.002829817 0.999925375 0.011877155 -2.410704136 -0.337997764 -0.012134596 0.941068649 100.590400696
0.935916305 -0.001239211 0.352220237 4.974193573 -0.003068828 0.999927163 0.011672492 -2.416511297 -0.352209032 -0.012005380 0.935844302 101.115646362
0.931184471 -0.001810183 0.364543855 5.202610016 -0.002530714 0.999931455 0.011429680 -2.422468662 -0.364539534 -0.011565696 0.931115985 101.639785767
0.926994979 -0.002309667 0.375066578 5.434057236 -0.002009272 0.999936104 0.011123634 -2.428500652 -0.375068337 -0.011065165 0.926931083 102.157966614
0.921464443 -0.002424846 0.388455033 5.674114227 -0.002172000 0.999932706 0.011394123 -2.435996056 -0.388456494 -0.011343004 0.921397209 102.668861389
0.915915072 -0.003258949 0.401358843 5.919616699 -0.001329507 0.999936938 0.011153257 -2.441973686 -0.401369959 -0.010749045 0.915852904 103.167144775
0.910802126 -0.003828910 0.412825435 6.172023773 -0.000814984 0.999938309 0.011072387 -2.450435638 -0.412842393 -0.010421198 0.910742879 103.684066772
0.904404044 -0.003744017 0.426660627 6.432632446 -0.001139491 0.999936759 0.011190016 -2.457605600 -0.426675469 -0.010606472 0.904342592 104.187751770
0.897648215 -0.004228409 0.440692425 6.706630707 -0.000663163 0.999939859 0.010945144 -2.461122990 -0.440712214 -0.010117140 0.897591412 104.698799133
0.891555369 -0.004865802 0.452885598 6.980239868 0.000008000 0.999942422 0.010727634 -2.467011929 -0.452911675 -0.009560655 0.891504228 105.200317383
0.886021316 -0.005520027 0.463611692 7.264514923 0.000760326 0.999945045 0.010452840 -2.471011162 -0.463643938 -0.008908941 0.885976851 105.688606262
0.878918290 -0.006423838 0.476929098 7.552215576 0.001415458 0.999940038 0.010859849 -2.484003544 -0.476970196 -0.008869848 0.878874719 106.166862488
0.871964157 -0.006929522 0.489520758 7.850757599 0.001836242 0.999939084 0.010884040 -2.492453814 -0.489566296 -0.008591615 0.871923745 106.647544861
