1.000000000 0.000000000 0.000000000 0.000000000 0.000000000 1.000000000 0.000000000 0.000000000 0.000000000 0.000000000 1.000000000 0.000000000
1.000000000 0.000070378 0.000107514 -0.003169933 -0.000070360 1.000000000 -0.000171478 0.004188824 -0.000107526 0.000171470 1.000000000 0.003839684
1.000000000 0.000064602 0.000066039 -0.002280769 -0.000064591 1.000000000 -0.000169131 0.002835666 -0.000066050 0.000169126 1.000000000 0.000956073
0.999999940 0.000302756 0.000142461 -0.000788968 -0.000302736 0.999999940 -0.000140667 0.003448739 -0.000142504 0.000140624 1.000000000 -0.001993319
1.000000000 0.000194947 0.000047886 0.002243948 -0.000194944 1.000000000 -0.000067533 0.002200403 -0.000047899 0.000067523 1.000000000 -0.001440056
1.000000000 0.000069020 0.000009986 0.001015093 -0.000069020 1.000000000 0.000023186 0.001600848 -0.000009985 -0.000023186 1.000000000 -0.003247697
1.000000000 0.000008553 0.000095561 -0.002599720 -0.000008543 1.000000000 -0.000105158 0.001668724 -0.000095562 0.000105157 1.000000000 -0.002150634
1.000000000 -0.000033319 -0.000039650 0.000627463 0.000033318 1.000000000 -0.000027359 0.001735599 0.000039651 0.000027358 1.000000000 -0.002659202
1.000000000 -0.000006135 0.000123904 -0.005379095 0.000006156 1.000000000 -0.000170315 0.003955330 -0.000123903 0.000170315 1.000000000 0.004193540
0.999999940 0.000174075 0.000233047 -0.005371806 -0.000174038 1.000000000 -0.000161735 0.003252355 -0.000233075 0.000161694 0.999999940 -0.000906594
1.000000000 0.000193734 0.000110923 0.000752252 -0.000193717 1.000000000 -0.000145811 0.002604451 -0.000110951 0.000145790 1.000000000 -0.004199309
0.999999940 0.000214571 0.000153129 -0.002225384 -0.000214558 1.000000000 -0.000085269 0.002960562 -0.000153148 0.000085236 1.000000000 -0.003135806
1.000000000 0.000074533 0.000174175 -0.004790522 -0.000074522 1.000000000 -0.000061643 0.000607658 -0.000174179 0.000061630 1.000000000 -0.003200986
1.000000000 -0.000036635 0.000117057 -0.002790723 0.000036641 1.000000000 -0.000055183 0.000227552 -0.000117055 0.000055187 1.000000000 -0.001965492
1.000000000 0.000053813 0.000050365 0.000123583 -0.000053809 1.000000000 -0.000080137 0.001799184 -0.000050369 0.000080134 1.000000000 -0.005509981
1.000000000 -0.000160402 -0.000081498 0.001913413 0.000160405 1.000000000 0.000031969 0.000545181 0.000081493 -0.000031982 1.000000000 -0.006575478
0.999999940 -0.000348136 -0.000137034 0.002205567 0.000348133 0.999999940 -0.000019153 -0.001295409 0.000137041 0.000019106 1.000000000 -0.009801454
1.000000000 -0.000037372 0.000128082 -0.003746989 0.000037376 1.000000000 -0.000032010 0.000113820 -0.000128081 0.000032015 1.000000000 -0.003000870
1.000000000 0.000087303 -0.000015820 -0.000000682 -0.000087302 1.000000000 0.000046674 0.001532553 0.000015825 -0.000046673 1.000000000 -0.007643728
1.000000000 -0.000109835 -0.000035609 -0.001562355 0.000109834 1.000000000 -0.000029437 -0.000360090 0.000035612 0.000029433 1.000000000 -0.007182504
1.000000000 0.000009617 0.000048716 -0.001109390 -0.000009612 1.000000000 -0.000096294 0.001737602 -0.000048717 0.000096294 1.000000000 -0.007162528
1.000000000 -0.000139185 0.000048691 -0.001019405 0.000139185 1.000000000 0.000001714 -0.000394570 -0.000048691 -0.000001707 1.000000000 -0.005303383
1.000000000 0.000114543 0.000175363 -0.006546968 -0.000114508 1.000000000 -0.000200832 0.003348588 -0.000175386 0.000200812 0.999999940 0.002423344
1.000000000 -0.000098305 -0.000064883 -0.000036798 0.000098297 1.000000000 -0.000119231 0.000790205 0.000064895 0.000119224 1.000000000 0.000995158
1.000000000 -0.000061958 0.000050377 -0.001679934 0.000061959 1.000000000 -0.000005387 0.002453106 -0.000050376 0.000005390 1.000000000 0.001089811
1.000000000 0.000055973 -0.000042972 0.002466247 -0.000055977 1.000000000 -0.000106211 0.002853625 0.000042966 0.000106214 1.000000000 -0.007156834
1.000000000 -0.000079970 0.000082260 -0.001716045 0.000079977 1.000000000 -0.000090074 0.002424823 -0.000082253 0.000090080 1.000000000 -0.004905111
0.999999940 0.000227622 0.000241884 -0.005497950 -0.000227568 0.999999940 -0.000223331 0.003194293 -0.000241934 0.000223276 0.999999940 0.000524270
1.000000000 0.000055839 0.000149936 -0.004950177 -0.000055838 1.000000000 -0.000001351 0.001677698 -0.000149936 0.000001343 1.000000000 -0.000813074
1.000000000 -0.000132679 0.000060204 -0.004987705 0.000132686 1.000000000 -0.000120004 0.005709651 -0.000060188 0.000120012 1.000000000 0.003216607
1.000000000 -0.000097429 0.000033276 -0.002317853 0.000097431 1.000000000 -0.000036291 0.001760456 -0.000033272 0.000036294 1.000000000 -0.002015073
1.000000000 -0.000167592 0.000103383 -0.004299053 0.000167587 1.000000000 0.000045030 0.001615709 -0.000103390 -0.000045013 1.000000000 0.002050605
1.000000000 -0.000168923 0.000090596 -0.003735337 0.000168915 1.000000000 0.000085773 0.000423471 -0.000090610 -0.000085758 1.000000000 -0.005084310
1.000000000 -0.000179714 -0.000006698 -0.001524082 0.000179714 1.000000000 0.000077557 0.001219321 0.000006684 -0.000077558 1.000000000 -0.005283592
1.000000000 0.000043158 0.000059544 -0.003232854 -0.000043153 1.000000000 -0.000086502 0.000766287 -0.000059548 0.000086500 1.000000000 -0.001895999
1.000000000 0.000022468 0.000106099 -0.004193750 -0.000022459 1.000000000 -0.000091767 0.002515346 -0.000106101 0.000091764 1.000000000 -0.000480752
1.000000000 -0.000178192 -0.000144536 0.002350279 0.000178208 1.000000000 0.000111141 -0.000009209 0.000144516 -0.000111166 1.000000000 -0.011561309
1.000000000 -0.000029188 0.000070856 -0.003390986 0.000029204 1.000000000 -0.000234478 0.004224110 -0.000070849 0.000234480 0.999999940 0.000529414
1.000000000 -0.000162798 0.000112241 -0.003515344 0.000162796 1.000000000 0.000019427 0.001583577 -0.000112245 -0.000019409 1.000000000 0.000035745
1.000000000 -0.000002105 -0.000044469 0.001491935 0.000002115 1.000000000 0.000235370 -0.002398531 0.000044469 -0.000235370 1.000000000 -0.009550726
0.999999940 -0.000277530 -0.000155904 0.000486615 0.000277538 0.999999940 0.000053813 -0.001332647 0.000155889 -0.000053857 1.000000000 -0.001086531
1.000000000 0.000082398 0.000068545 0.002412219 -0.000082359 0.999999821 -0.000573279 -0.004853273 -0.000068593 0.000573273 0.999999821 0.048741687
1.000000000 0.000038863 -0.000025285 0.000614487 -0.000038899 0.999998987 -0.001421047 -0.000372228 0.000025230 0.001421049 0.999998987 0.148785099
1.000000000 -0.000060600 -0.000084913 0.004396887 0.000060480 0.999998987 -0.001410384 -0.009887537 0.000084998 0.001410379 0.999998987 0.263445646
0.999999940 -0.000258911 0.000026336 0.001767068 0.000258947 0.999998987 -0.001389901 -0.010246756 -0.000025976 0.001389908 0.999999046 0.391936719
1.000000000 0.000040900 -0.000162189 0.007530740 -0.000041089 0.999999344 -0.001164568 -0.018177288 0.000162142 0.001164574 0.999999285 0.534281015
1.000000000 -0.000003230 0.000020114 0.007950810 0.000003248 0.999999583 -0.000886914 -0.033042397 -0.000020111 0.000886914 0.999999583 0.679668784
0.999999821 -0.000534854 -0.000145049 0.017206868 0.000534782 0.999999762 -0.000498081 -0.033857942 0.000145315 0.000498004 0.999999881 0.852040350
0.999999940 -0.000214782 -0.000331329 0.026911655 0.000214602 0.999999821 -0.000541736 -0.036580663 0.000331445 0.000541665 0.999999821 1.028451681
1.000000000 -0.000167230 -0.000024968 0.024524430 0.000167212 0.999999702 -0.000716965 -0.034982372 0.000025087 0.000716961 0.999999762 1.208761573
0.999999821 -0.000483878 -0.000379257 0.040030140 0.000483699 0.999999762 -0.000473536 -0.046725310 0.000379486 0.000473352 0.999999821 1.414359570
0.999999464 -0.000666182 -0.000791701 0.044078927 0.000666070 0.999999762 -0.000142179 -0.061632436 0.000791795 0.000141651 0.999999702 1.609929085
0.999997795 -0.001298643 0.001625924 0.002940845 0.001295320 0.999997079 0.002043072 -0.088301368 -0.001628572 -0.002040962 0.999996603 1.648747325
0.999997079 -0.002094813 0.001218610 0.015304849 0.002092107 0.999995351 0.002216539 -0.095027737 -0.001223248 -0.002213983 0.999996781 1.843109965
0.999997020 -0.001985135 0.001463023 0.018775541 0.001982096 0.999995828 0.002076357 -0.102021188 -0.001467139 -0.002073451 0.999996722 2.066654444
0.999996960 -0.001770892 0.001755483 0.019349044 0.001766979 0.999995947 0.002228412 -0.104479678 -0.001759422 -0.002225304 0.999995947 2.270304680
0.999997616 -0.001457678 0.001588456 0.022840001 0.001454195 0.999996483 0.002191720 -0.112954460 -0.001591645 -0.002189405 0.999996245 2.511473417
0.999997675 -0.001613713 0.001443789 0.032969445 0.001609639 0.999994755 0.002818507 -0.128552809 -0.001448329 -0.002816177 0.999994993 2.728700161
0.999997735 -0.001623884 0.001473150 0.041856516 0.001619460 0.999994218 0.002999167 -0.136162519 -0.001478012 -0.002996774 0.999994397 2.973059177
0.999997973 -0.001539097 0.001299973 0.052869890 0.001535527 0.999995053 0.002742850 -0.137886316 -0.001304188 -0.002740849 0.999995351 3.226214647
0.999997675 -0.001762380 0.001285282 0.058674552 0.001758399 0.999993742 0.003091932 -0.148321494 -0.001290723 -0.003089665 0.999994397 3.476688147
0.999998152 -0.001208779 0.001581454 0.041713379 0.001204214 0.999995172 0.002884937 -0.155761376 -0.001584934 -0.002883027 0.999994636 3.713187456
0.999996006 -0.002615510 0.001097148 0.057159945 0.002612081 0.999991655 0.003115543 -0.168638468 -0.001105288 -0.003112664 0.999994516 3.930825710
0.999996960 -0.002198083 0.001196558 0.060217071 0.002193680 0.999990880 0.003669227 -0.177654892 -0.001204612 -0.003666591 0.999992549 4.188064575
0.999995530 -0.002741703 0.001222618 0.067995712 0.002737268 0.999989688 0.003614612 -0.186542153 -0.001232516 -0.003611250 0.999992669 4.446020603
0.999995470 -0.002801760 0.001155912 0.077210478 0.002797456 0.999989212 0.003709361 -0.191072404 -0.001166293 -0.003706111 0.999992430 4.704806805
0.999994755 -0.002735511 0.001813468 0.063232176 0.002728797 0.999989450 0.003694910 -0.199628457 -0.001823557 -0.003689942 0.999991536 4.947771072
0.999996722 -0.002260343 0.001192406 0.078929685 0.002256692 0.999992788 0.003054444 -0.197117388 -0.001199301 -0.003051743 0.999994636 5.204009533
0.999997497 -0.002003802 0.001016236 0.089911379 0.002000776 0.999993622 0.002968947 -0.198654577 -0.001022178 -0.002966906 0.999995112 5.480746746
0.999997020 -0.002095514 0.001183530 0.086852759 0.002091639 0.999992430 0.003265918 -0.217581600 -0.001190365 -0.003263434 0.999993980 5.733530521
0.999996006 -0.002520586 0.001225675 0.095200211 0.002516513 0.999991357 0.003313310 -0.214438334 -0.001234015 -0.003310213 0.999993801 6.018174648
0.999996662 -0.002271269 0.001218251 0.103525914 0.002267163 0.999991715 0.003361159 -0.230000347 -0.001225875 -0.003358386 0.999993622 6.289424419
0.999998152 -0.001366999 0.001277501 0.102282055 0.001363267 0.999994755 0.002917813 -0.234038889 -0.001281483 -0.002916067 0.999994934 6.586718559
0.999996543 -0.002263215 0.001332960 0.112239420 0.002259125 0.999992788 0.003062078 -0.241344005 -0.001339881 -0.003059056 0.999994457 6.886658192
0.999996066 -0.002627946 0.000923734 0.128436834 0.002624910 0.999991179 0.003273824 -0.250750750 -0.000932329 -0.003271387 0.999994278 7.187073231
0.999997079 -0.001918733 0.001469732 0.121678397 0.001914045 0.999993026 0.003184455 -0.261573404 -0.001475832 -0.003181633 0.999993861 7.506079674
0.999997139 -0.001968046 0.001367575 0.139029488 0.001963250 0.999991953 0.003499466 -0.269845366 -0.001374452 -0.003496771 0.999992967 7.829909325
0.999995053 -0.002811944 0.001367951 0.133281916 0.002806564 0.999988317 0.003919294 -0.295495570 -0.001378956 -0.003915435 0.999991357 8.089951515
0.999995589 -0.002821719 0.000978786 0.147168458 0.002817835 0.999988258 0.003946376 -0.303469867 -0.000989910 -0.003943600 0.999991655 8.416988373
0.999994636 -0.003040306 0.001239561 0.147358775 0.003035599 0.999988258 0.003781467 -0.308053970 -0.001251043 -0.003777684 0.999992073 8.765124321
0.999995887 -0.002502325 0.001427824 0.149621442 0.002496678 0.999989092 0.003943071 -0.320345134 -0.001437675 -0.003939489 0.999991179 9.102323532
0.999993145 -0.003605402 0.000933399 0.174835056 0.003601385 0.999984384 0.004270009 -0.331013441 -0.000948779 -0.004266617 0.999990463 9.448013306
0.999995410 -0.002772077 0.001222042 0.172886088 0.002766855 0.999987125 0.004254597 -0.334259361 -0.001233820 -0.004251196 0.999990165 9.797430992
0.999994934 -0.002967281 0.001170726 0.196598381 0.002962020 0.999985695 0.004469907 -0.351854980 -0.001183972 -0.004466417 0.999989271 10.188628197
0.999994576 -0.002859034 0.001648390 0.169528738 0.002851640 0.999985933 0.004470422 -0.376804173 -0.001661148 -0.004465697 0.999988675 10.457635880
0.999992967 -0.003429485 0.001551746 0.178285822 0.003422350 0.999983728 0.004577054 -0.384163976 -0.001567417 -0.004571712 0.999988377 10.833209038
0.999993384 -0.003264477 0.001606388 0.180553839 0.003256869 0.999983668 0.004716031 -0.395539433 -0.001621757 -0.004710768 0.999987662 11.221673012
0.999993503 -0.003064388 0.001893638 0.191022888 0.003056599 0.999986947 0.004102441 -0.390128195 -0.001906185 -0.004096626 0.999989867 11.638969421
0.999993205 -0.003226583 0.001767594 0.206033617 0.003217682 0.999982238 0.005015797 -0.402374178 -0.001783746 -0.005010075 0.999985933 11.995681763
0.999994218 -0.002977705 0.001651319 0.212093517 0.002969100 0.999982059 0.005189418 -0.426279634 -0.001666742 -0.005184485 0.999985218 12.345165253
0.999993801 -0.003024325 0.001802939 0.211518899 0.003013707 0.999978244 0.005862982 -0.452108353 -0.001820632 -0.005857512 0.999981165 12.698890686
0.999994159 -0.003011577 0.001651862 0.223660260 0.003001919 0.999978542 0.005818361 -0.465096354 -0.001669349 -0.005813369 0.999981701 13.079447746
0.999994457 -0.002804044 0.001771066 0.240748405 0.002793418 0.999978244 0.005973939 -0.464334488 -0.001787779 -0.005968959 0.999980569 13.516068459
0.999994516 -0.002402287 0.002269503 0.233015075 0.002387464 0.999975920 0.006511880 -0.479820073 -0.002285091 -0.006506427 0.999976158 13.926470757
0.999993980 -0.002843590 0.001977920 0.235494331 0.002831085 0.999976099 0.006296732 -0.498328745 -0.001995778 -0.006291095 0.999978185 14.353261948
0.999989390 -0.004163049 0.001975286 0.264073938 0.004149054 0.999966562 0.007037246 -0.547411561 -0.002004517 -0.007028975 0.999973297 14.750949860
0.999984324 -0.005173712 0.002123548 0.279525280 0.005158208 0.999960482 0.007242556 -0.557041049 -0.002160935 -0.007231488 0.999971509 15.195165634
0.999989271 -0.003326088 0.003216468 0.283745766 0.003303195 0.999969304 0.007096575 -0.562207401 -0.003239973 -0.007085875 0.999969661 15.652812004
0.999989450 -0.003740254 0.002680845 0.298194677 0.003720877 0.999967158 0.007196699 -0.572866440 -0.002707674 -0.007186648 0.999970555 16.073518753
0.999987721 -0.004369676 0.002382862 0.305917412 0.004353485 0.999967694 0.006758133 -0.574675679 -0.002412315 -0.006747677 0.999974310 16.536560059
0.999984324 -0.005055254 0.002415105 0.332926542 0.005039180 0.999965370 0.006616305 -0.593667328 -0.002448468 -0.006604031 0.999975204 16.964868546
0.999987185 -0.004068285 0.003025668 0.335788339 0.004048357 0.999970198 0.006563768 -0.592672050 -0.003052281 -0.006551434 0.999973893 17.534904480
0.999986172 -0.003848974 0.003564216 0.339432031 0.003820506 0.999961019 0.007959647 -0.655099213 -0.003594714 -0.007945920 0.999961972 17.830533981
0.999979079 -0.005098354 0.003960091 0.357348025 0.005065191 0.999952435 0.008339589 -0.662184656 -0.004002420 -0.008319357 0.999957383 18.305263519
0.999983668 -0.004617212 0.003355950 0.375071198 0.004590895 0.999959052 0.007807517 -0.671663940 -0.003391861 -0.007791985 0.999963880 18.769922256
0.999985397 -0.003565129 0.004041800 0.384271741 0.003531664 0.999959767 0.008256688 -0.684637070 -0.004071073 -0.008242294 0.999957800 19.240364075
0.999986351 -0.002187753 0.004727661 0.385462224 0.002148930 0.999964118 0.008201241 -0.699484706 -0.004745434 -0.008190970 0.999955177 19.773799896
0.999985456 -0.002824597 0.004589601 0.395655900 0.002784434 0.999958038 0.008733845 -0.712525964 -0.004614078 -0.008720939 0.999951303 20.254518509
0.999985695 -0.003796022 0.003774967 0.423033148 0.003762085 0.999952734 0.008956986 -0.751552582 -0.003808790 -0.008942655 0.999952674 20.679603577
0.999986410 -0.003825139 0.003541993 0.429744124 0.003793943 0.999954283 0.008772820 -0.755692005 -0.003575389 -0.008759264 0.999955177 21.182987213
0.999988139 -0.003349602 0.003533230 0.429220855 0.003318010 0.999954760 0.008909770 -0.770345569 -0.003562915 -0.008897942 0.999954045 21.697141647
0.999988437 -0.003583434 0.003201382 0.425377041 0.003553430 0.999950171 0.009329322 -0.796981215 -0.003234653 -0.009317838 0.999951363 22.224523544
0.999987721 -0.004397601 0.002269064 0.425735533 0.004377640 0.999952316 0.008728225 -0.794805229 -0.002307338 -0.008718184 0.999959350 22.714675903
0.999980927 -0.006176378 0.000469894 0.484399468 0.006171576 0.999934673 0.009616176 -0.818722725 -0.000529256 -0.009613090 0.999953628 23.151275635
0.999978602 -0.006533619 0.000009965 0.487021625 0.006533261 0.999937534 0.009067493 -0.826196432 -0.000069208 -0.009067235 0.999958873 23.688795090
0.999980688 -0.006197869 -0.000516408 0.486616105 0.006202273 0.999940157 0.009014161 -0.839347661 0.000460509 -0.009017190 0.999959230 24.216764450
0.999984920 -0.005456897 -0.000559442 0.484592468 0.005462060 0.999938250 0.009683252 -0.839791179 0.000506567 -0.009686165 0.999952912 24.723978043
0.999979556 -0.006155913 -0.001723498 0.492536426 0.006172804 0.999931216 0.009972916 -0.859820604 0.001661988 -0.009983350 0.999948800 25.227142334
0.999973536 -0.006856960 -0.002456821 0.502568007 0.006879256 0.999934256 0.009184255 -0.867658377 0.002393682 -0.009200913 0.999954820 25.776185989
0.999968350 -0.007369933 -0.002996705 0.519893408 0.007400571 0.999919116 0.010344948 -0.871245503 0.002920221 -0.010366797 0.999942005 26.328931808
0.999976516 -0.006328251 -0.002616483 0.519673467 0.006354092 0.999929905 0.009989180 -0.898312807 0.002553086 -0.010005570 0.999946654 26.845676422
0.999977589 -0.005547471 -0.003737578 0.562942922 0.005590155 0.999918163 0.011508152 -0.929258406 0.003673431 -0.011528786 0.999926805 27.394948959
0.999965727 -0.007057479 -0.004325230 0.536043644 0.007105625 0.999911964 0.011218933 -0.937200248 0.004245671 -0.011249283 0.999927700 27.936391830
0.999966800 -0.006922323 -0.004285374 0.540258944 0.006972378 0.999906361 0.011777635 -0.955888271 0.004203443 -0.011807124 0.999921501 28.496435165
0.999959350 -0.007605365 -0.004846829 0.541256905 0.007660610 0.999904752 0.011483299 -0.972657800 0.004759032 -0.011519961 0.999922335 29.054071426
0.999951422 -0.007918762 -0.005871312 0.571455002 0.007985394 0.999903023 0.011413421 -0.967166662 0.005780362 -0.011459756 0.999917567 29.617633820
0.999917030 -0.010480596 -0.007488335 0.623817325 0.010568302 0.999874949 0.011770535 -0.981271386 0.007364035 -0.011848697 0.999902666 30.165822983
0.999952972 -0.007732903 -0.005851810 0.512755036 0.007807587 0.999886930 0.012849022 -1.071352720 0.005751787 -0.012894105 0.999900341 30.698989868
0.999954820 -0.007269792 -0.006124694 0.524699211 0.007348233 0.999890029 0.012883693 -1.085690498 0.006030359 -0.012928116 0.999898255 31.235868454
0.999944687 -0.008374792 -0.006369008 0.542562008 0.008454495 0.999884963 0.012591965 -1.099754333 0.006262820 -0.012645114 0.999900520 31.807605743
0.999935031 -0.008971728 -0.007031286 0.552687347 0.009064563 0.999870658 0.013284321 -1.102301240 0.006911195 -0.013347194 0.999887049 32.285884857
0.999961615 -0.006547573 -0.005817405 0.492478430 0.006622691 0.999893725 0.012988547 -1.113541126 0.005731744 -0.013026575 0.999898732 32.814949036
0.999950409 -0.007685808 -0.006330836 0.507739067 0.007770323 0.999879599 0.013435104 -1.128571987 0.006226815 -0.013483630 0.999889731 33.294311523
0.999941528 -0.008173182 -0.007072345 0.486983061 0.008271280 0.999868393 0.013954472 -1.186422348 0.006957363 -0.014012156 0.999877632 34.043804169
0.999938846 -0.008585748 -0.006961026 0.483504355 0.008681862 0.999865770 0.013896607 -1.195090532 0.006840780 -0.013956194 0.999879241 34.550907135
0.999933183 -0.008560158 -0.007762076 0.499962687 0.008669833 0.999861419 0.014207685 -1.211829901 0.007639381 -0.014274033 0.999868929 35.079696655
0.999940991 -0.007596392 -0.007769816 0.498284757 0.007709044 0.999864042 0.014573000 -1.233302474 0.007658058 -0.014632038 0.999863625 35.663066864
0.999945939 -0.007303864 -0.007405602 0.462506145 0.007407286 0.999873996 0.014035345 -1.243571043 0.007302158 -0.014089442 0.999874115 36.296676636
0.999957025 -0.005842127 -0.007189011 0.503009617 0.005948617 0.999871612 0.014881947 -1.261775255 0.007101147 -0.014924075 0.999863446 36.769599915
0.999938667 -0.008492387 -0.007104718 0.488567472 0.008591872 0.999863744 0.014091158 -1.249829292 0.006984083 -0.014151337 0.999875486 37.340263367
0.999936998 -0.008237724 -0.007627554 0.463649839 0.008349283 0.999856949 0.014711224 -1.283428192 0.007505276 -0.014773982 0.999862671 37.902565002
0.999931574 -0.009111530 -0.007338471 0.452946424 0.009221358 0.999843836 0.015073943 -1.305906773 0.007199978 -0.015140580 0.999859393 38.433315277
0.999928176 -0.008797770 -0.008146272 0.474478483 0.008916819 0.999852300 0.014694798 -1.297858238 0.008015787 -0.014766381 0.999858856 38.953872681
0.999933183 -0.008632245 -0.007693858 0.471516371 0.008744223 0.999854624 0.014641399 -1.314781666 0.007566351 -0.014707698 0.999863148 39.527679443
0.999925554 -0.009448979 -0.007728776 0.481932253 0.009561601 0.999846756 0.014666837 -1.309702516 0.007589006 -0.014739643 0.999862492 40.097522736
0.999916852 -0.009821952 -0.008365351 0.513273358 0.009946756 0.999837935 0.015010575 -1.326597452 0.008216561 -0.015092535 0.999852300 40.648727417
0.999924898 -0.008710984 -0.008623209 0.528019130 0.008838019 0.999851465 0.014804967 -1.340641379 0.008492961 -0.014880067 0.999853134 41.176742554
0.999923944 -0.009211361 -0.008207270 0.521457911 0.009337739 0.999836385 0.015495395 -1.362719059 0.008063193 -0.015570854 0.999846160 41.702079773
0.999923348 -0.009213657 -0.008268939 0.545119762 0.009348866 0.999820709 0.016464524 -1.366114855 0.008115758 -0.016540568 0.999830186 42.213737488
0.999920189 -0.009241742 -0.008610659 0.546460032 0.009380634 0.999824286 0.016231675 -1.363623142 0.008459140 -0.016311154 0.999831140 42.732917786
0.999935687 -0.009283211 -0.006518980 0.486338228 0.009382395 0.999838293 0.015352703 -1.388215542 0.006375403 -0.015412880 0.999860883 43.418514252
0.999932170 -0.009702219 -0.006444776 0.487941980 0.009802203 0.999829292 0.015668090 -1.398563027 0.006291660 -0.015730202 0.999856412 43.957519531
0.999935865 -0.009203025 -0.006597381 0.500200331 0.009296665 0.999854505 0.014306230 -1.387230158 0.006464761 -0.014366647 0.999875844 44.509056091
0.999937713 -0.008695818 -0.006999716 0.519042611 0.008791188 0.999867320 0.013711481 -1.378251791 0.006879556 -0.013772165 0.999881446 45.052001953
0.999944806 -0.007877522 -0.006942333 0.533790290 0.007973798 0.999870896 0.013951082 -1.391144514 0.006831538 -0.014005669 0.999878585 45.581062317
0.999948680 -0.007941438 -0.006288565 0.529587030 0.008029496 0.999868333 0.014103796 -1.406108022 0.006175733 -0.014153568 0.999880731 46.089656830
0.999960542 -0.007371321 -0.004963264 0.481960416 0.007444065 0.999862790 0.014801021 -1.440959215 0.004853480 -0.014837383 0.999878049 46.689838409
0.999928296 -0.009361610 -0.007470929 0.411451817 0.009483498 0.999819696 0.016450059 -1.481708884 0.007315584 -0.016519727 0.999836802 47.074234009
0.999926746 -0.009376463 -0.007660048 0.420783073 0.009505782 0.999809861 0.017023858 -1.495219469 0.007498969 -0.017095424 0.999825776 47.615756989
0.999921858 -0.009938164 -0.007587406 0.426055968 0.010063004 0.999811590 0.016596530 -1.499849796 0.007421038 -0.016671585 0.999833465 48.167495728
0.999933898 -0.009509861 -0.006479582 0.423566848 0.009622442 0.999799252 0.017570838 -1.519833446 0.006311185 -0.017632024 0.999824643 48.685455322
0.999914527 -0.010172279 -0.008214261 0.463626772 0.010309584 0.999804914 0.016849719 -1.519759178 0.008041258 -0.016932964 0.999824226 49.244449615
0.999900758 -0.011526340 -0.008098965 0.432968825 0.011659513 0.999794245 0.016593117 -1.545123816 0.007906041 -0.016685901 0.999829531 49.785232544
0.999915540 -0.010548231 -0.007589245 0.427411020 0.010677156 0.999795854 0.017152738 -1.546813965 0.007406761 -0.017232323 0.999824047 50.251613617
0.999921203 -0.009971812 -0.007622106 0.440216511 0.010102409 0.999799430 0.017291859 -1.551207423 0.007448144 -0.017367499 0.999821424 50.800518036
0.999931753 -0.009287012 -0.007080046 0.431347281 0.009409691 0.999802589 0.017495880 -1.558795929 0.006916165 -0.017561311 0.999821901 51.346675873
0.999922276 -0.009603941 -0.007942646 0.461946219 0.009740348 0.999802589 0.017317364 -1.559944630 0.007774764 -0.017393384 0.999818504 51.840499878
0.999916375 -0.010269415 -0.007856040 0.452012181 0.010406495 0.999790728 0.017611966 -1.568719864 0.007673532 -0.017692249 0.999813974 52.377662659
0.999913633 -0.010449966 -0.007969448 0.456034750 0.010588252 0.999790609 0.017511867 -1.577442408 0.007784781 -0.017594740 0.999814868 52.921546936
0.999918640 -0.010038800 -0.007867525 0.459113836 0.010173864 0.999798179 0.017319551 -1.583282709 0.007692071 -0.017398184 0.999819100 53.429695129
0.999919713 -0.010028704 -0.007760265 0.457091630 0.010163832 0.999793887 0.017573774 -1.588675976 0.007582424 -0.017651234 0.999815464 53.991458893
0.999919236 -0.010006458 -0.007832567 0.464871049 0.010141026 0.999798298 0.017333616 -1.605397224 0.007657539 -0.017411649 0.999819040 54.509819031
0.999886215 -0.011717364 -0.009499438 0.519552350 0.011874792 0.999790192 0.016688926 -1.583093882 0.009301895 -0.016799830 0.999815583 55.059696198
0.999910593 -0.010494614 -0.008286322 0.477630824 0.010641967 0.999782324 0.017943552 -1.623571992 0.008096206 -0.018030128 0.999804676 55.507289886
0.999913037 -0.010556066 -0.007906239 0.477012545 0.010696776 0.999781251 0.017971525 -1.638386369 0.007714802 -0.018054530 0.999807179 56.044616699
0.999908388 -0.010749187 -0.008222144 0.499099731 0.010886470 0.999798954 0.016838314 -1.622445583 0.008039491 -0.016926281 0.999824464 56.612888336
0.999915004 -0.010501388 -0.007726660 0.488317966 0.010634983 0.999791026 0.017456980 -1.649791241 0.007541724 -0.017537666 0.999817789 57.163932800
0.999910295 -0.011003052 -0.007628152 0.502178073 0.011128458 0.999800324 0.016596878 -1.635653019 0.007444014 -0.016680278 0.999833167 57.695430756
0.999900699 -0.011331444 -0.008373444 0.488460243 0.011478205 0.999777615 0.017692035 -1.652275681 0.008171105 -0.017786387 0.999808431 58.179210663
0.999905169 -0.011141714 -0.008089198 0.493485332 0.011277775 0.999792337 0.016974021 -1.655234933 0.007898398 -0.017063638 0.999823272 58.728115082
0.999908984 -0.010958790 -0.007865559 0.511095047 0.011093690 0.999788463 0.017317098 -1.666896701 0.007674122 -0.017402783 0.999819160 59.272132874
0.999915004 -0.010434796 -0.007818040 0.499744862 0.010569210 0.999793470 0.017353220 -1.667171478 0.007635349 -0.017434377 0.999818861 59.823249817
0.999911666 -0.010557487 -0.008077959 0.538781822 0.010699908 0.999784350 0.017795650 -1.686086893 0.007888343 -0.017880514 0.999809027 60.302665710
0.999896407 -0.011213308 -0.009019409 0.530245781 0.011380501 0.999760211 0.018704331 -1.697036624 0.008807509 -0.018805040 0.999784350 60.826328278
0.999902189 -0.011153097 -0.008446263 0.522488415 0.011307668 0.999765277 0.018479271 -1.698340893 0.008238181 -0.018572971 0.999793530 61.385585785
0.999902725 -0.010930080 -0.008660224 0.547106028 0.011090630 0.999763370 0.018712793 -1.711656809 0.008453644 -0.018807016 0.999787390 61.927742004
0.999902070 -0.010722946 -0.008986524 0.570173085 0.010885962 0.999773383 0.018291881 -1.692286491 0.008788344 -0.018387917 0.999792278 62.470928192
0.999892592 -0.011487185 -0.009096831 0.577231526 0.011658104 0.999752164 0.018964080 -1.739318848 0.008876733 -0.019068098 0.999778748 63.054237366
0.999891162 -0.012146970 -0.008371061 0.500439763 0.012310176 0.999729574 0.019728893 -1.771853209 0.008129149 -0.019829793 0.999770343 63.522533417
0.999879777 -0.012529455 -0.009134292 0.509630740 0.012709202 0.999721348 0.019893289 -1.775470257 0.008882495 -0.020006988 0.999760389 64.070777893
0.999887824 -0.011965623 -0.009005428 0.525443256 0.012140668 0.999733448 0.019640867 -1.778648615 0.008768012 -0.019748000 0.999766588 64.623878479
0.999886274 -0.012542735 -0.008369070 0.541094780 0.012710166 0.999713838 0.020262357 -1.786776423 0.008112530 -0.020366427 0.999759734 65.193122864
0.999873102 -0.012833430 -0.009435070 0.585270107 0.013026198 0.999701679 0.020661807 -1.798829675 0.009167092 -0.020782091 0.999742031 65.747779846
0.999865353 -0.013229978 -0.009710702 0.556527436 0.013427624 0.999698043 0.020578638 -1.816121817 0.009435515 -0.020706253 0.999741077 66.170349121
0.999877393 -0.012730507 -0.009126828 0.552127898 0.012916835 0.999703169 0.020655561 -1.819698095 0.008861165 -0.020770915 0.999745011 66.728797913
0.999874592 -0.013229280 -0.008707036 0.531419396 0.013404710 0.999701917 0.020408196 -1.821004868 0.008434454 -0.020522352 0.999753714 67.286590576
0.999855697 -0.014045883 -0.009547243 0.581644654 0.014238537 0.999690175 0.020420095 -1.810674071 0.009257466 -0.020553090 0.999745846 67.849685669
0.999868155 -0.013328285 -0.009267668 0.558403850 0.013524043 0.999679625 0.021391289 -1.852755666 0.008979591 -0.021513807 0.999728143 68.296897888
0.999879062 -0.012465124 -0.009295308 0.571200490 0.012660941 0.999692619 0.021313986 -1.861695886 0.009026770 -0.021429099 0.999729514 68.836471558
0.999868512 -0.013318758 -0.009237623 0.574603856 0.013517198 0.999671698 0.021762626 -1.863740921 0.008944739 -0.021884637 0.999720454 69.388183594
0.999876320 -0.012799010 -0.009131919 0.585536778 0.012996566 0.999675333 0.021912923 -1.881127954 0.008848492 -0.022028897 0.999718130 69.916114807
0.999861598 -0.013582580 -0.009605535 0.603856325 0.013791829 0.999661446 0.022064541 -1.870059371 0.009302590 -0.022193963 0.999710381 70.422393799
0.999890447 -0.011978788 -0.008690169 0.564084113 0.012172965 0.999669373 0.022646528 -1.931981206 0.008416019 -0.022749832 0.999705791 70.973564148
0.999906003 -0.011174304 -0.007948932 0.563085675 0.011344454 0.999700367 0.021692494 -1.935977936 0.007704153 -0.021780632 0.999733150 71.522720337
0.999908030 -0.010514128 -0.008566522 0.578410506 0.010701468 0.999697924 0.022124669 -1.945733070 0.008331311 -0.022214307 0.999718547 72.077606201
0.999902189 -0.011007810 -0.008636300 0.576666117 0.011194333 0.999698460 0.021855026 -1.937624812 0.008393118 -0.021949565 0.999723911 72.647254944
0.999910176 -0.010470819 -0.008367641 0.585378289 0.010656853 0.999689937 0.022506213 -1.948622823 0.008129387 -0.022593364 0.999711692 73.291107178
0.999895275 -0.012011446 -0.008072346 0.582930446 0.012194854 0.999659479 0.023068929 -1.951490760 0.007792506 -0.023164954 0.999701262 73.705276489
0.999890447 -0.012141087 -0.008461944 0.594661355 0.012329573 0.999668777 0.022589989 -1.951941609 0.008184873 -0.022691846 0.999709010 74.249450684
0.999885082 -0.012426311 -0.008682351 0.589816391 0.012625548 0.999649167 0.023282129 -1.960976839 0.008389995 -0.023389073 0.999691248 74.784416199
0.999877751 -0.012865458 -0.008883554 0.626604676 0.013070079 0.999641359 0.023373287 -1.968033791 0.008579659 -0.023486536 0.999687314 75.315101624
0.999901354 -0.011661168 -0.007831359 0.572415233 0.011843487 0.999650061 0.023652492 -1.975376725 0.007552803 -0.023742910 0.999689579 75.912551880
0.999879658 -0.012999710 -0.008466053 0.598917007 0.013191582 0.999648035 0.023016825 -1.966707826 0.008163864 -0.023125740 0.999699235 76.379409790
0.999871135 -0.013262998 -0.009048640 0.605771601 0.013471564 0.999635637 0.023391781 -1.964682937 0.008735100 -0.023510667 0.999685466 76.945823669
0.999878407 -0.012956854 -0.008680523 0.601216912 0.013149435 0.999660194 0.022508482 -1.968665719 0.008385936 -0.022619888 0.999709010 77.542503357
0.999864042 -0.013894106 -0.008882943 0.623514712 0.014091367 0.999646544 0.022543769 -1.952227116 0.008566579 -0.022665877 0.999706388 78.021606445
0.999892533 -0.012507558 -0.007641485 0.575760245 0.012679027 0.999659240 0.022818854 -1.946008325 0.007353474 -0.022913290 0.999710500 78.652587891
0.999870777 -0.013344199 -0.008957338 0.642567515 0.013551423 0.999632299 0.023486923 -1.988133788 0.008640630 -0.023605276 0.999684036 79.245170593
0.999917030 -0.011556978 -0.005691926 0.582895160 0.011685959 0.999663115 0.023174211 -2.000719786 0.005422185 -0.023238804 0.999715209 79.634658813
0.999930561 -0.011275003 -0.003435003 0.574782670 0.011350051 0.999678493 0.022673601 -2.002097845 0.003178254 -0.022711011 0.999737024 80.197204590
0.999933660 -0.011252590 -0.002442239 0.595356405 0.011305725 0.999672413 0.022959216 -2.014446259 0.002183088 -0.022985307 0.999733388 80.772972107
0.999941051 -0.010751829 -0.001529664 0.584526062 0.010785697 0.999649107 0.024190728 -2.040367842 0.001269034 -0.024205804 0.999706089 81.307151794
0.999924004 -0.012149742 0.002091121 0.557223797 0.012099729 0.999674439 0.022464281 -1.987918735 -0.002363375 -0.022437269 0.999745488 81.809318542
0.999908090 -0.012305473 0.005687109 0.579915464 0.012173554 0.999668777 0.022676110 -1.980076790 -0.005964265 -0.022604795 0.999726713 82.359062195
0.999886334 -0.012050881 0.009057404 0.604321122 0.011842355 0.999671400 0.022734107 -1.989362717 -0.009328393 -0.022624264 0.999700546 82.898643494
0.999841869 -0.011847742 0.013258287 0.626842499 0.011537926 0.999664187 0.023205142 -1.996845961 -0.013528763 -0.023048505 0.999642789 83.424232483
0.999747097 -0.011441684 0.019361813 0.639507234 0.010993291 0.999672532 0.023108732 -2.004101276 -0.019619877 -0.022890039 0.999545515 84.004898071
0.999619722 -0.012028231 0.024813728 0.663756490 0.011444217 0.999657273 0.023545142 -2.031959057 -0.025088433 -0.023252217 0.999414742 84.538612366
0.999450386 -0.011417749 0.031120079 0.694988370 0.010682124 0.999661982 0.023702895 -2.035859585 -0.031380195 -0.023357442 0.999234557 85.079010010
0.999145508 -0.011248924 0.039772071 0.707620859 0.010339307 0.999681950 0.023002969 -2.006615162 -0.040018179 -0.022572095 0.998944044 85.673614502
0.998794734 -0.010849987 0.047868222 0.780576944 0.009715105 0.999667704 0.023877762 -2.031836510 -0.048111390 -0.023383936 0.998568237 86.174781799
0.998423219 -0.011137465 0.055018134 0.822431803 0.009816463 0.999658465 0.024222476 -2.038121223 -0.055269115 -0.023644201 0.998191476 86.712142944
0.997939467 -0.009968120 0.063383378 0.938241005 0.008417383 0.999659836 0.024686106 -2.083844662 -0.063607894 -0.024101716 0.997683823 87.234153748
0.997175932 -0.007978591 0.074676111 0.997628689 0.006118957 0.999666333 0.025098423 -2.107916594 -0.074851446 -0.024570607 0.996891975 87.662178040
0.996380270 -0.012260948 0.084118247 0.843137741 0.010307834 0.999668002 0.023613824 -2.056226254 -0.084379844 -0.022661276 0.996175945 88.510032654
0.995659053 -0.012307887 0.092257559 0.912121296 0.010182613 0.999672651 0.023471765 -2.064484596 -0.092516266 -0.022430452 0.995458484 89.041442871
0.994580209 -0.012346414 0.103236489 0.997653008 0.009871299 0.999652326 0.024451829 -2.076410770 -0.103502497 -0.023300227 0.994356215 89.579063416
0.993495405 -0.012157083 0.113221191 1.104685783 0.009396796 0.999646187 0.024881458 -2.091351271 -0.113483630 -0.023655696 0.993258178 90.096748352
0.992558062 -0.012315612 0.121147662 1.216124535 0.009256749 0.999624789 0.025779529 -2.132044554 -0.121419691 -0.024466246 0.992299736 90.504508972
0.991049051 -0.013631439 0.132800609 1.219128609 0.010644983 0.999674916 0.023172366 -2.018337965 -0.133073300 -0.021551296 0.990871847 91.145454407
0.989329696 -0.013976775 0.145022258 1.322619438 0.010799193 0.999684632 0.022675170 -2.016483784 -0.145293429 -0.020867098 0.989168584 91.692680359
0.987632453 -0.014837996 0.156083450 1.434513092 0.011491245 0.999684811 0.022322631 -2.017317772 -0.156365454 -0.020252962 0.987491548 92.233299255
0.986205459 -0.014083555 0.164925635 1.548895836 0.010407120 0.999678195 0.023134449 -2.027030230 -0.165198371 -0.021098921 0.986034691 92.774276733
0.984045684 -0.014845088 0.177295730 1.670787811 0.010936651 0.999675691 0.023001721 -2.033830404 -0.177579671 -0.020695725 0.983888745 93.289970398
0.981696784 -0.014386814 0.189906642 1.789145470 0.010044955 0.999666154 0.023805965 -2.029142380 -0.190185741 -0.021462632 0.981513441 93.836265564
0.979289770 -0.013966797 0.201981381 1.822555542 0.009357700 0.999673963 0.023756362 -1.983797073 -0.202247366 -0.021374281 0.979101181 94.505699158
0.976229787 -0.012423315 0.216381758 1.948472977 0.007455717 0.999689937 0.023758795 -1.981866837 -0.216609806 -0.021580758 0.976019740 95.079704285
0.973140836 -0.013838820 0.229794458 2.104478836 0.008626644 0.999682546 0.023671117 -1.978925467 -0.230049089 -0.021052971 0.972951293 95.576850891
0.970530033 -0.014269733 0.240557432 2.283872604 0.008558354 0.999656498 0.024770360 -2.017381668 -0.240828291 -0.021981599 0.970318854 96.052558899
0.967676044 -0.014437422 0.251782835 2.491403580 0.008605151 0.999668837 0.024249645 -1.976330996 -0.252049565 -0.021299174 0.967479944 96.589309692
0.963267803 -0.012950746 0.268229842 2.566131592 0.006548656 0.999672234 0.024748899 -1.972927570 -0.268462420 -0.022083279 0.963037014 97.324745178
0.959615707 -0.013025879 0.281012356 2.743906021 0.006260739 0.999668837 0.024958553 -1.981402397 -0.281244427 -0.022191275 0.959379613 97.836578369
0.956371248 -0.014225850 0.291807383 2.934097290 0.007127759 0.999652565 0.025373328 -1.988156319 -0.292066991 -0.022186389 0.956140459 98.359107971
0.952007711 -0.012652766 0.305812240 3.121835709 0.005142649 0.999665380 0.025351146 -1.998418570 -0.306030661 -0.022561800 0.951754272 98.910652161
0.947000265 -0.014101835 0.320923120 3.316625595 0.006134022 0.999647617 0.025825333 -1.989309311 -0.321174264 -0.022488048 0.946753144 99.437835693
0.943265140 -0.015338060 0.331685960 3.508789062 0.007696747 0.999674082 0.024339246 -1.963646173 -0.331951201 -0.020405462 0.943075776 99.901153564
0.938779414 -0.016100332 0.344142199 3.744733810 0.008063654 0.999660611 0.024771368 -1.958275318 -0.344424188 -0.020479811 0.938590705 100.577583313
0.933594882 -0.015862057 0.357978851 3.970024109 0.007222042 0.999649704 0.025459722 -1.963587761 -0.358257294 -0.021183729 0.933382571 101.088722229
0.928665936 -0.016704546 0.370540798 4.196434021 0.007822551 0.999645233 0.025460307 -1.966833115 -0.370834619 -0.020745544 0.928467214 101.603797913
0.923987031 -0.016868245 0.382051557 4.434814453 0.007786553 0.999649465 0.025304588 -1.971856833 -0.382344484 -0.020406246 0.923794568 102.108566284
0.918374419 -0.018712558 0.395269722 4.687400818 0.009173772 0.999619603 0.026008775 -1.981569052 -0.395606041 -0.020259678 0.918196797 102.565612793
0.913269877 -0.019521767 0.406887174 4.936061859 0.009366839 0.999593377 0.026934681 -2.026133060 -0.407247543 -0.020787386 0.913081229 102.975425720
0.908098757 -0.018817794 0.418333054 5.186286926 0.008819759 0.999627650 0.025820524 -1.991798401 -0.418663174 -0.019757986 0.907926679 103.519668579
0.901466966 -0.015381095 0.432574540 5.454391479 0.005042678 0.999673724 0.025036765 -1.906648159 -0.432818592 -0.020388480 0.901250482 104.303833008
0.894835949 -0.014900162 0.446146607 5.723491669 0.004165495 0.999677956 0.025031969 -1.912544250 -0.446375966 -0.020541083 0.894609690 104.784797668
0.888863981 -0.016816631 0.457862407 5.987251282 0.006242993 0.999677896 0.024597004 -1.904456377 -0.458128601 -0.019004958 0.888682723 105.270072937
0.882864237 -0.016362729 0.469343275 6.267955780 0.005116742 0.999668598 0.025226569 -1.910197735 -0.469600528 -0.019870125 0.882655382 105.761131287
0.875551224 -0.016739940 0.482835293 6.540798187 0.005347493 0.999674022 0.024961889 -1.902114391 -0.483095825 -0.019273449 0.875355363 106.225654602
