1.000000000 0.000000000 0.000000000 0.000000000 0.000000000 1.000000000 0.000000000 0.000000000 0.000000000 0.000000000 1.000000000 0.000000000
1.000000000 0.000079176 0.000010795 -0.000764454 -0.000079176 1.000000000 -0.000005587 -0.000398317 -0.000010795 0.000005586 1.000000000 0.001772528
1.000000000 0.000008917 -0.000040401 0.000871309 -0.000008915 1.000000000 0.000046305 -0.000755988 0.000040401 -0.000046305 1.000000000 0.000691245
1.000000000 -0.000041338 -0.000049843 0.001254687 0.000041336 1.000000000 -0.000044302 -0.000587800 0.000049845 0.000044300 1.000000000 -0.000198060
1.000000000 -0.000112620 -0.000101107 0.001507811 0.000112628 1.000000000 0.000081476 -0.000882575 0.000101097 -0.000081488 1.000000000 -0.000383115
1.000000000 -0.000082379 -0.000072388 -0.000746675 0.000082377 1.000000000 -0.000029142 0.001392334 0.000072390 0.000029136 1.000000000 0.002579100
1.000000000 -0.000111415 -0.000071844 0.001221028 0.000111420 1.000000000 0.000070566 -0.000413589 0.000071836 -0.000070574 1.000000000 0.000744752
1.000000000 -0.000075519 -0.000027753 -0.000042340 0.000075521 1.000000000 0.000080724 -0.000678765 0.000027747 -0.000080726 1.000000000 -0.001030156
1.000000000 0.000008571 -0.000063261 0.000704354 -0.000008568 1.000000000 0.000042763 -0.000249103 0.000063262 -0.000042763 1.000000000 -0.000949923
1.000000000 0.000028498 -0.000010920 -0.000128141 -0.000028498 1.000000000 0.000016688 0.000638687 0.000010921 -0.000016687 1.000000000 0.002182792
1.000000000 0.000072898 -0.000004658 0.000101428 -0.000072898 1.000000000 -0.000013270 0.000619234 0.000004657 0.000013270 1.000000000 0.001914005
1.000000000 -0.000062406 -0.000074362 0.001041733 0.000062414 1.000000000 0.000109921 -0.001180140 0.000074355 -0.000109926 1.000000000 0.000602326
1.000000000 -0.000024477 -0.000057037 0.000609887 0.000024477 1.000000000 -0.000016015 0.000605507 0.000057037 0.000016013 1.000000000 0.001826480
1.000000000 -0.000162277 -0.000122680 0.000987982 0.000162288 1.000000000 0.000096930 -0.000077222 0.000122664 -0.000096949 1.000000000 0.000101332
1.000000000 -0.000102482 -0.000136736 0.001530497 0.000102486 1.000000000 0.000034734 -0.000508301 0.000136733 -0.000034748 1.000000000 -0.003858698
1.000000000 -0.000048143 -0.000125052 0.002703497 0.000048154 1.000000000 0.000086897 -0.000830183 0.000125047 -0.000086903 1.000000000 -0.001798247
1.000000000 -0.000055771 -0.000071319 0.001826718 0.000055778 1.000000000 0.000099223 -0.000623499 0.000071313 -0.000099227 1.000000000 -0.003239599
1.000000000 -0.000012818 -0.000070573 0.002079111 0.000012820 1.000000000 0.000038244 0.000043471 0.000070573 -0.000038245 1.000000000 0.000589921
1.000000000 0.000057022 -0.000078677 0.001892873 -0.000057015 1.000000000 0.000087507 -0.000665095 0.000078682 -0.000087503 1.000000000 -0.002031921
1.000000000 -0.000093629 -0.000089765 0.001864067 0.000093634 1.000000000 0.000049983 -0.001312303 0.000089760 -0.000049992 1.000000000 -0.003249264
1.000000000 -0.000117227 -0.000122447 0.001656275 0.000117234 1.000000000 0.000061304 0.000257895 0.000122440 -0.000061319 1.000000000 0.001506106
1.000000000 -0.000120230 -0.000092414 0.001405059 0.000120238 1.000000000 0.000085456 -0.001523991 0.000092404 -0.000085467 1.000000000 -0.005046953
1.000000000 -0.000007501 -0.000135950 0.004129195 0.000007514 1.000000000 0.000092781 -0.000513145 0.000135949 -0.000092782 1.000000000 -0.001129900
1.000000000 -0.000095027 -0.000179628 0.003789164 0.000095039 1.000000000 0.000061805 -0.000993824 0.000179622 -0.000061822 1.000000000 -0.002372834
1.000000000 -0.000154968 -0.000140314 0.002477024 0.000154980 1.000000000 0.000085867 -0.001018120 0.000140301 -0.000085888 1.000000000 -0.002702216
1.000000000 -0.000096393 -0.000154427 0.003099086 0.000096401 1.000000000 0.000051463 -0.000319930 0.000154422 -0.000051478 1.000000000 -0.000909369
1.000000000 -0.000127836 -0.000108534 0.003525797 0.000127841 1.000000000 0.000039817 0.000099160 0.000108528 -0.000039831 1.000000000 -0.001866451
1.000000000 -0.000150784 -0.000147475 0.002360292 0.000150801 1.000000000 0.000120824 -0.000468376 0.000147456 -0.000120846 1.000000000 -0.002682277
1.000000000 -0.000154315 -0.000071854 0.000483716 0.000154320 1.000000000 0.000072111 -0.000902803 0.000071842 -0.000072122 1.000000000 -0.002655457
1.000000000 -0.000059588 -0.000183781 0.004448405 0.000059621 1.000000000 0.000175951 -0.002288666 0.000183771 -0.000175962 0.999999940 -0.005190595
1.000000000 -0.000153245 -0.000159814 0.003863891 0.000153255 1.000000000 0.000064130 -0.000499014 0.000159804 -0.000064155 1.000000000 -0.003330260
1.000000000 -0.000140140 -0.000157075 0.003217969 0.000140153 1.000000000 0.000084574 -0.000430947 0.000157063 -0.000084596 1.000000000 -0.002196671
1.000000000 -0.000153395 -0.000152316 0.003439118 0.000153412 1.000000000 0.000112023 -0.001118733 0.000152299 -0.000112047 1.000000000 -0.003908951
1.000000000 -0.000048238 -0.000099666 0.002869382 0.000048245 1.000000000 0.000066130 -0.000346330 0.000099662 -0.000066135 1.000000000 -0.003302013
1.000000000 -0.000090488 -0.000135074 0.002635752 0.000090499 1.000000000 0.000082198 -0.000517231 0.000135067 -0.000082210 1.000000000 -0.001543278
1.000000000 -0.000178942 -0.000104809 0.001851678 0.000178954 1.000000000 0.000115421 -0.001259483 0.000104788 -0.000115440 1.000000000 -0.004714313
0.999999940 -0.000234180 -0.000214690 0.004007936 0.000234202 0.999999940 0.000102414 -0.000907198 0.000214666 -0.000102465 1.000000000 -0.003399434
1.000000000 -0.000106154 -0.000150063 0.004047067 0.000106174 1.000000000 0.000132301 -0.000484241 0.000150049 -0.000132317 1.000000000 -0.005756869
1.000000000 -0.000096530 -0.000083733 0.000823993 0.000096534 1.000000000 0.000045780 -0.000169751 0.000083728 -0.000045788 1.000000000 -0.000945912
1.000000000 -0.000164227 -0.000173989 0.002731497 0.000164256 1.000000000 0.000161970 -0.001352677 0.000173963 -0.000161999 1.000000000 -0.003782794
0.999999940 -0.000143709 -0.000198621 0.005008318 0.000143721 1.000000000 0.000060750 -0.002176776 0.000198612 -0.000060779 1.000000000 -0.003019431
1.000000000 -0.000220308 -0.000033744 0.002136556 0.000220291 0.999999821 -0.000527693 -0.002429900 0.000033861 0.000527685 0.999999881 0.050412953
1.000000000 0.000072287 -0.000084680 0.003234566 -0.000072386 0.999999285 -0.001176754 -0.004756200 0.000084595 0.001176760 0.999999285 0.139359355
1.000000000 -0.000115042 -0.000027722 0.005079960 0.000115002 0.999998927 -0.001456278 -0.008399257 0.000027890 0.001456275 0.999998927 0.255457461
1.000000000 -0.000068297 -0.000020339 0.007408335 0.000068268 0.999998987 -0.001436108 -0.011135021 0.000020437 0.001436107 0.999998987 0.390802890
1.000000000 -0.000012121 -0.000034786 0.008800967 0.000012079 0.999999285 -0.001209542 -0.017415492 0.000034800 0.001209542 0.999999285 0.528113842
0.999999940 0.000242231 0.000051076 0.012528346 -0.000242175 0.999999344 -0.001093069 -0.023826435 -0.000051341 0.001093056 0.999999404 0.682155609
1.000000000 0.000003074 0.000122221 0.014292618 -0.000002970 0.999999642 -0.000854256 -0.027438190 -0.000122223 0.000854256 0.999999642 0.842907250
0.999999940 0.000334600 0.000196533 0.013627501 -0.000334447 0.999999642 -0.000775867 -0.027156347 -0.000196793 0.000775801 0.999999702 1.025199294
0.999999940 0.000315511 -0.000041997 0.024427895 -0.000315534 0.999999821 -0.000533085 -0.037964821 0.000041829 0.000533098 0.999999881 1.188415051
1.000000000 0.000101466 -0.000121188 0.025292868 -0.000101494 0.999999881 -0.000227596 -0.049159050 0.000121165 0.000227609 0.999999881 1.358147621
1.000000000 0.000122203 -0.000246276 0.031261995 -0.000122261 0.999999881 -0.000234523 -0.055491276 0.000246247 0.000234553 0.999999881 1.549547434
1.000000000 -0.000213588 0.000026556 0.031290341 0.000213591 0.999999940 -0.000131711 -0.060907107 -0.000026528 0.000131717 1.000000000 1.750889540
1.000000000 -0.000328769 -0.000174818 0.039998528 0.000328791 0.999999940 0.000127151 -0.065541767 0.000174777 -0.000127208 0.999999940 1.954007268
0.999999940 0.000349154 0.000065879 0.034142289 -0.000349167 0.999999881 0.000188636 -0.072854400 -0.000065813 -0.000188659 0.999999940 2.161345482
0.999999940 0.000342758 0.000176572 0.040440939 -0.000342865 0.999999702 0.000606955 -0.083285995 -0.000176364 -0.000607015 0.999999821 2.382725000
1.000000000 0.000380425 -0.000021815 0.048972409 -0.000380414 0.999999821 0.000499934 -0.088735007 0.000022005 -0.000499925 0.999999940 2.606582165
0.999999940 0.000246531 0.000147261 0.054418005 -0.000246624 0.999999762 0.000630515 -0.098903336 -0.000147106 -0.000630551 0.999999821 2.835818052
1.000000000 0.000041549 0.000169553 0.060133837 -0.000041699 0.999999642 0.000880731 -0.102659166 -0.000169517 -0.000880738 0.999999583 3.068763971
1.000000000 -0.000139885 -0.000131012 0.064387105 0.000139970 0.999999762 0.000649173 -0.112668164 0.000130921 -0.000649191 0.999999702 3.285322428
1.000000000 0.000232981 0.000100609 0.069881327 -0.000233057 0.999999642 0.000754420 -0.120978221 -0.000100433 -0.000754444 0.999999642 3.528633595
0.999999940 0.000000656 0.000069522 0.075826354 -0.000000717 0.999999583 0.000870565 -0.126986608 -0.000069521 -0.000870565 0.999999642 3.785181761
1.000000000 0.000166974 0.000134643 0.076872632 -0.000167103 0.999999464 0.000960589 -0.140372649 -0.000134482 -0.000960612 0.999999523 4.048575878
0.999999940 0.000445279 0.000195575 0.081542894 -0.000445517 0.999999166 0.001218511 -0.145616695 -0.000195032 -0.001218598 0.999999225 4.308948517
1.000000000 0.000036943 0.000164728 0.088052824 -0.000037156 0.999999166 0.001297741 -0.154514506 -0.000164680 -0.001297747 0.999999166 4.551693439
1.000000000 -0.000114619 0.000178052 0.095605180 0.000114348 0.999998808 0.001522433 -0.164424345 -0.000178226 -0.001522413 0.999998868 4.812388897
0.999999940 -0.000271236 0.000123070 0.097707868 0.000271015 0.999998331 0.001796304 -0.173866332 -0.000123557 -0.001796270 0.999998331 5.063795090
0.999999940 -0.000272971 0.000129122 0.105186380 0.000272743 0.999998510 0.001763484 -0.180250049 -0.000129604 -0.001763449 0.999998391 5.323258400
0.999999940 -0.000212308 0.000143047 0.110209160 0.000212042 0.999998212 0.001854594 -0.191675201 -0.000143441 -0.001854564 0.999998271 5.598034382
0.999999881 -0.000287522 0.000080103 0.115369275 0.000287367 0.999998093 0.001925729 -0.198433250 -0.000080656 -0.001925706 0.999998152 5.861739635
0.999999940 -0.000332666 0.000143137 0.117287762 0.000332360 0.999997675 0.002129748 -0.222728699 -0.000143845 -0.002129701 0.999997735 6.115493774
1.000000000 -0.000134062 0.000240106 0.118988603 0.000133559 0.999997795 0.002097134 -0.231054619 -0.000240386 -0.002097102 0.999997795 6.407668114
1.000000000 0.000076973 0.000347667 0.126689047 -0.000077760 0.999997437 0.002263764 -0.241068333 -0.000347492 -0.002263790 0.999997437 6.685218334
0.999999940 -0.000192160 0.000355474 0.133714035 0.000191313 0.999997139 0.002383170 -0.249561429 -0.000355931 -0.002383102 0.999997079 6.994372368
0.999999881 -0.000449054 0.000287742 0.132734582 0.000448351 0.999996901 0.002438930 -0.253735632 -0.000288836 -0.002438801 0.999997079 7.300607204
0.999999881 -0.000049885 0.000448343 0.146072835 0.000048695 0.999996483 0.002653036 -0.278501481 -0.000448474 -0.002653014 0.999996305 7.597076893
0.999999762 -0.000326923 0.000518891 0.153032422 0.000325504 0.999996185 0.002732154 -0.284433484 -0.000519782 -0.002731984 0.999996126 7.908915997
0.999999821 -0.000438319 0.000411208 0.155240372 0.000437115 0.999995649 0.002922072 -0.297147810 -0.000412487 -0.002921892 0.999995649 8.222691536
0.999999821 -0.000523289 0.000097300 0.168261766 0.000522991 0.999995232 0.003041299 -0.308716536 -0.000098891 -0.003041248 0.999995351 8.540175438
0.999999762 -0.000194105 0.000674705 0.168114915 0.000191993 0.999995112 0.003128036 -0.317065030 -0.000675309 -0.003127906 0.999994874 8.883581161
0.999999702 -0.000008180 0.000910618 0.171393573 0.000005187 0.999994576 0.003286689 -0.327428341 -0.000910640 -0.003286683 0.999994099 9.214844704
0.999999404 0.000544589 0.000991075 0.173748985 -0.000547639 0.999995053 0.003079521 -0.332125515 -0.000989393 -0.003080061 0.999994695 9.557063103
0.999999702 0.000294053 0.000775381 0.184838146 -0.000296661 0.999994338 0.003366034 -0.344577134 -0.000774387 -0.003366264 0.999993980 9.907279015
0.999999642 -0.000459255 0.000674333 0.202265069 0.000456912 0.999993861 0.003470463 -0.358925521 -0.000675923 -0.003470154 0.999993742 10.234435081
0.999999642 -0.000353462 0.000715020 0.210425079 0.000350867 0.999993384 0.003626288 -0.369783401 -0.000716297 -0.003626036 0.999993145 10.591087341
0.999999344 0.000264238 0.001124353 0.200917214 -0.000268320 0.999993384 0.003632008 -0.381374776 -0.001123386 -0.003632308 0.999992728 10.955878258
0.999999166 0.000345256 0.001240437 0.211251959 -0.000349876 0.999993026 0.003726210 -0.393924564 -0.001239142 -0.003726640 0.999992311 11.330690384
0.999999583 0.000002504 0.001013628 0.225310430 -0.000006668 0.999991536 0.004108468 -0.409640133 -0.001013609 -0.004108472 0.999991059 11.700744629
0.999999404 -0.000242696 0.001064310 0.234166667 0.000238254 0.999991298 0.004172369 -0.420415252 -0.001065314 -0.004172113 0.999990761 12.087959290
0.999999344 -0.000107801 0.001148781 0.243662596 0.000102932 0.999991000 0.004237630 -0.430224299 -0.001149228 -0.004237509 0.999990404 12.480048180
0.999999106 -0.000331500 0.001305543 0.243626371 0.000326091 0.999991357 0.004141679 -0.444686383 -0.001306904 -0.004141250 0.999990582 12.844639778
0.999999166 0.000258211 0.001312800 0.257830411 -0.000263854 0.999990702 0.004299846 -0.454413086 -0.001311677 -0.004300189 0.999989927 13.252177238
0.999998927 -0.000370738 0.001446341 0.267182291 0.000364103 0.999989390 0.004585039 -0.468359977 -0.001448026 -0.004584508 0.999988437 13.648191452
0.999999106 -0.000643845 0.001170115 0.291212261 0.000637790 0.999986470 0.005167470 -0.503007054 -0.001173426 -0.005166719 0.999985993 14.048201561
0.999998808 -0.000457203 0.001468913 0.301285297 0.000449747 0.999987066 0.005071768 -0.515355289 -0.001471213 -0.005071101 0.999986053 14.470333099
0.999998510 -0.001085120 0.001385468 0.318779290 0.001077709 0.999985158 0.005338646 -0.529271960 -0.001391241 -0.005337145 0.999984801 14.892292023
0.999998033 -0.000746594 0.001810212 0.316240817 0.000737025 0.999985695 0.005280931 -0.539099157 -0.001814129 -0.005279588 0.999984443 15.328296661
0.999997199 -0.000116083 0.002321484 0.322883397 0.000103321 0.999984860 0.005496880 -0.548972726 -0.002322087 -0.005496625 0.999982178 15.765943527
0.999996781 -0.000175809 0.002523739 0.336824954 0.000160901 0.999982476 0.005905823 -0.564353704 -0.002524733 -0.005905398 0.999979436 16.202886581
0.999996245 -0.000507891 0.002688678 0.337912381 0.000491743 0.999981880 0.006002993 -0.588551283 -0.002691679 -0.006001648 0.999978364 16.614480972
0.999996126 -0.000686807 0.002684352 0.352277488 0.000670206 0.999980748 0.006180216 -0.599317074 -0.002688546 -0.006178393 0.999977291 17.075977325
0.999994218 -0.000746656 0.003318155 0.363467693 0.000724737 0.999978065 0.006602068 -0.613418221 -0.003323012 -0.006599624 0.999972701 17.536712646
0.999993443 -0.001578530 0.003274803 0.379087687 0.001557798 0.999978781 0.006323827 -0.625391364 -0.003284716 -0.006318685 0.999974549 18.002492905
0.999992490 -0.000895680 0.003767313 0.387709171 0.000870012 0.999976575 0.006809501 -0.648294866 -0.003773323 -0.006806173 0.999969721 18.431545258
0.999992847 -0.001281287 0.003539679 0.404615521 0.001256352 0.999974430 0.007037656 -0.661045313 -0.003548606 -0.007033159 0.999969006 18.901645660
0.999993622 -0.001056193 0.003402557 0.422665179 0.001033272 0.999976873 0.006731263 -0.668753386 -0.003409588 -0.006727704 0.999971628 19.387870789
0.999992251 -0.000951756 0.003819349 0.419483215 0.000924005 0.999973238 0.007261072 -0.688460588 -0.003826157 -0.007257486 0.999966264 19.837606430
0.999991417 -0.000976701 0.004037380 0.433863342 0.000945790 0.999970317 0.007651168 -0.703860104 -0.004044733 -0.007647284 0.999962568 20.320302963
0.999993324 -0.001584968 0.003302203 0.448360562 0.001559899 0.999970078 0.007580254 -0.714940608 -0.003314119 -0.007575052 0.999965787 20.818258286
0.999995887 -0.001327703 0.002510682 0.450339496 0.001309208 0.999972045 0.007353834 -0.736672819 -0.002520376 -0.007350517 0.999969780 21.313001633
0.999997199 -0.001361750 0.001886523 0.459942609 0.001347413 0.999970317 0.007580611 -0.755451202 -0.001896790 -0.007578048 0.999969423 21.816398621
0.999997318 -0.001654833 0.001600123 0.471572250 0.001642312 0.999968231 0.007794951 -0.762221456 -0.001612972 -0.007792301 0.999968290 22.334403992
0.999997914 -0.001173915 0.001628215 0.476321816 0.001161469 0.999970317 0.007623401 -0.772121251 -0.001637115 -0.007621496 0.999969602 22.850357056
0.999998212 -0.001797011 0.000575051 0.502558529 0.001792271 0.999965191 0.008140528 -0.804033518 -0.000589659 -0.008139482 0.999966681 23.309213638
0.999995768 -0.002894941 -0.000309987 0.512704730 0.002897257 0.999965727 0.007751322 -0.813047051 0.000287537 -0.007752188 0.999969959 23.844629288
0.999998212 -0.001845526 -0.000345025 0.520597041 0.001848313 0.999964178 0.008259828 -0.830187201 0.000329769 -0.008260451 0.999965847 24.347505569
0.999996781 -0.002304959 -0.001029334 0.534997106 0.002313706 0.999960542 0.008579108 -0.842949986 0.001009519 -0.008581462 0.999962687 24.880407333
0.999997258 -0.001619729 -0.001693880 0.537897587 0.001634713 0.999959230 0.008882391 -0.852033079 0.001679424 -0.008885136 0.999959111 25.405202866
0.999995291 -0.002122007 -0.002210688 0.551978886 0.002141048 0.999960303 0.008646687 -0.862815380 0.002192252 -0.008651379 0.999960124 25.956001282
0.999993682 -0.002561148 -0.002461938 0.555672824 0.002584571 0.999951005 0.009558564 -0.884448051 0.002437337 -0.009564867 0.999951303 26.468847275
0.999991775 -0.002647748 -0.003063159 0.573671520 0.002677934 0.999947488 0.009892894 -0.903112531 0.003036804 -0.009901016 0.999946415 27.012504578
0.999994814 -0.001409431 -0.002894162 0.563165665 0.001436576 0.999954820 0.009398705 -0.905342817 0.002880784 -0.009402813 0.999951661 27.528484344
0.999990880 -0.001793265 -0.003852541 0.575370729 0.001829777 0.999953389 0.009494796 -0.914401174 0.003835334 -0.009501761 0.999947488 28.073581696
0.999990225 -0.001331584 -0.004218329 0.584885061 0.001371748 0.999953687 0.009532667 -0.931118846 0.004205440 -0.009538360 0.999945700 28.632154465
0.999990225 -0.001825176 -0.004032972 0.592571437 0.001865301 0.999948502 0.009967832 -0.951299131 0.004014572 -0.009975256 0.999942183 29.131567001
0.999990523 -0.001141023 -0.004190546 0.579285979 0.001181303 0.999953032 0.009622216 -0.935270190 0.004179371 -0.009627075 0.999944925 29.785062790
0.999989212 -0.001540441 -0.004379899 0.602386534 0.001582937 0.999951541 0.009715615 -0.974584222 0.004364720 -0.009722443 0.999943197 30.225910187
0.999989212 -0.001098044 -0.004508709 0.609531045 0.001141033 0.999953747 0.009543273 -0.977575421 0.004498021 -0.009548314 0.999944329 30.776433945
0.999987543 -0.001464320 -0.004779689 0.620116472 0.001509927 0.999953270 0.009552095 -0.989943206 0.004765478 -0.009559194 0.999942899 31.325708389
0.999983490 -0.002189953 -0.005306062 0.630751371 0.002243005 0.999947309 0.010013191 -1.013403416 0.005283854 -0.010024928 0.999935746 31.877729416
0.999980867 -0.002388229 -0.005695215 0.658554494 0.002448719 0.999940515 0.010638221 -1.041914344 0.005669469 -0.010651965 0.999927163 32.372516632
0.999979615 -0.002458045 -0.005879486 0.664161205 0.002522660 0.999936223 0.011007952 -1.056380630 0.005852053 -0.011022561 0.999922097 32.917274475
0.999981225 -0.002497262 -0.005587971 0.672296166 0.002558180 0.999937057 0.010921227 -1.068017006 0.005560347 -0.010935319 0.999924779 33.457668304
0.999979138 -0.002216995 -0.006070428 0.669574022 0.002283086 0.999937892 0.010902075 -1.079900980 0.006045881 -0.010915705 0.999922097 34.003524780
0.999979794 -0.002474532 -0.005853524 0.680270314 0.002541116 0.999931812 0.011394951 -1.092395782 0.005824927 -0.011409596 0.999917924 34.545856476
0.999976516 -0.002401090 -0.006413545 0.687052369 0.002472323 0.999935031 0.011121986 -1.103568316 0.006386424 -0.011137584 0.999917626 35.104934692
0.999979198 -0.002428047 -0.005967882 0.693658948 0.002493980 0.999935627 0.011065354 -1.106703281 0.005940631 -0.011080008 0.999920964 35.650039673
0.999978065 -0.002146021 -0.006266696 0.704029441 0.002214292 0.999938071 0.010907569 -1.122060537 0.006242900 -0.010921208 0.999920905 36.223548889
0.999975085 -0.002231595 -0.006690728 0.700183868 0.002306958 0.999933720 0.011277394 -1.142495155 0.006665119 -0.011292547 0.999914050 36.697437286
0.999970615 -0.002636011 -0.007203686 0.711029947 0.002719835 0.999928415 0.011651319 -1.156195164 0.007172457 -0.011670568 0.999906182 37.244224548
0.999969244 -0.002599064 -0.007407479 0.723627567 0.002686934 0.999925911 0.011877175 -1.166984797 0.007376060 -0.011896714 0.999902070 37.790798187
0.999971032 -0.002167901 -0.007294101 0.715621054 0.002253056 0.999929130 0.011686574 -1.178225040 0.007268249 -0.011702671 0.999905109 38.345043182
0.999975264 -0.001751384 -0.006820560 0.719252348 0.001831301 0.999929547 0.011728522 -1.195573092 0.006799538 -0.011740720 0.999907970 38.833789825
0.999965310 -0.003248499 -0.007665388 0.729157209 0.003343337 0.999917626 0.012392052 -1.236505628 0.007624500 -0.012417250 0.999893844 39.409412384
0.999966085 -0.002730651 -0.007769442 0.739018142 0.002827110 0.999918759 0.012431423 -1.250369072 0.007734864 -0.012452968 0.999892533 39.940505981
0.999966860 -0.002488527 -0.007760077 0.740384579 0.002582444 0.999923229 0.012116089 -1.255030394 0.007729330 -0.012135726 0.999896467 40.513404846
0.999970257 -0.001831084 -0.007503392 0.749056697 0.001918638 0.999929965 0.011678034 -1.256409168 0.007481484 -0.011692083 0.999903619 41.060382843
0.999967575 -0.002130434 -0.007773308 0.753634274 0.002222514 0.999927163 0.011856202 -1.266832709 0.007747483 -0.011873093 0.999899507 41.622676849
0.999967515 -0.002211261 -0.007758983 0.760183692 0.002305590 0.999923289 0.012169660 -1.280776978 0.007731478 -0.012187153 0.999895811 42.155269623
0.999961078 -0.003492684 -0.008100145 0.756300926 0.003601235 0.999903500 0.013425549 -1.330834150 0.008052471 -0.013454199 0.999877036 42.668540955
0.999959230 -0.003458430 -0.008340415 0.763778210 0.003569062 0.999905348 0.013286285 -1.340818286 0.008293677 -0.013315509 0.999876976 43.228302002
0.999965668 -0.003022690 -0.007716858 0.762345791 0.003122828 0.999910653 0.012997595 -1.346301436 0.007676880 -0.013021247 0.999885738 43.755565643
0.999963462 -0.003036586 -0.007990410 0.771907806 0.003142664 0.999906659 0.013296823 -1.359537601 0.007949288 -0.013321450 0.999879599 44.298160553
0.999965847 -0.002586239 -0.007840770 0.777369022 0.002686996 0.999913633 0.012867205 -1.368420362 0.007806816 -0.012887836 0.999886394 44.856735229
0.999964595 -0.002912246 -0.007894150 0.787417173 0.003014422 0.999911487 0.012962443 -1.379316926 0.007855701 -0.012985781 0.999884784 45.381790161
0.999962449 -0.002978685 -0.008138466 0.795704126 0.003085846 0.999908388 0.013186600 -1.390575528 0.008098440 -0.013211221 0.999879897 45.899284363
0.999964416 -0.002587839 -0.008032424 0.801748157 0.002687490 0.999919295 0.012420131 -1.368672967 0.007999636 -0.012441277 0.999890566 46.444236755
0.999965847 -0.002295731 -0.007941673 0.808161378 0.002402468 0.999906540 0.013456837 -1.414364100 0.007910037 -0.013475457 0.999877930 47.004661560
0.999959946 -0.003305919 -0.008329390 0.819153726 0.003416695 0.999905467 0.013320422 -1.417963266 0.008284567 -0.013348346 0.999876559 47.492744446
0.999960601 -0.002972226 -0.008362682 0.833721280 0.003083806 0.999906003 0.013361585 -1.428240061 0.008322182 -0.013386850 0.999875724 48.041458130
0.999959826 -0.003116306 -0.008401070 0.827172160 0.003227971 0.999906182 0.013311049 -1.436659694 0.008358801 -0.013337634 0.999876082 48.576599121
0.999959767 -0.002728858 -0.008527013 0.834065080 0.002845671 0.999901831 0.013717270 -1.470471382 0.008488744 -0.013740989 0.999869585 49.117866516
0.999956369 -0.002938052 -0.008853044 0.836475611 0.003060726 0.999898970 0.013875205 -1.481075048 0.008811386 -0.013901699 0.999864578 49.653511047
0.999958813 -0.003135756 -0.008514270 0.845050395 0.003247503 0.999908268 0.013142703 -1.464808345 0.008472278 -0.013169813 0.999877393 50.192787170
0.999964595 -0.002506579 -0.008012511 0.840415180 0.002611951 0.999909878 0.013167634 -1.474240184 0.007978785 -0.013188099 0.999881208 50.761043549
0.999960184 -0.002889016 -0.008441009 0.850738525 0.003003384 0.999903440 0.013567898 -1.480859995 0.008400998 -0.013592713 0.999872267 51.258731842
0.999959350 -0.003065930 -0.008476653 0.858024597 0.003179302 0.999905229 0.013393683 -1.490796447 0.008434786 -0.013420091 0.999874353 51.795982361
0.999957681 -0.003127412 -0.008653038 0.868049383 0.003244128 0.999903500 0.013507437 -1.499508381 0.008609960 -0.013534937 0.999871314 52.331428528
0.999957860 -0.003180646 -0.008610952 0.871252298 0.003296822 0.999903262 0.013511276 -1.506802320 0.008567144 -0.013539094 0.999871552 52.870700836
0.999956071 -0.003491703 -0.008698734 0.879324555 0.003609206 0.999902010 0.013529180 -1.515836239 0.008650642 -0.013559982 0.999870539 53.425785065
0.999960303 -0.002792694 -0.008466581 0.883233845 0.002907888 0.999902964 0.013624150 -1.526741743 0.008427710 -0.013648229 0.999871314 53.967788696
0.999958456 -0.003132439 -0.008562726 0.886294484 0.003247481 0.999904335 0.013454590 -1.531087160 0.008519760 -0.013481838 0.999872804 54.479366302
0.999962866 -0.002959091 -0.008092959 0.880051851 0.003062424 0.999913633 0.012785804 -1.503990293 0.008054425 -0.012810113 0.999885440 55.115032196
0.999957621 -0.003043443 -0.008690316 0.901816845 0.003163161 0.999899805 0.013795728 -1.553105235 0.008647459 -0.013822632 0.999867082 55.533508301
0.999959409 -0.003102859 -0.008462832 0.907849908 0.003219655 0.999899268 0.013822570 -1.561983347 0.008419090 -0.013849255 0.999868691 56.078567505
0.999959588 -0.003006457 -0.008477455 0.914539933 0.003122586 0.999900997 0.013718691 -1.564821482 0.008435371 -0.013744608 0.999869943 56.631587982
0.999961853 -0.002826786 -0.008263368 0.921761155 0.002942069 0.999897957 0.013972361 -1.583620667 0.008223029 -0.013996138 0.999868214 57.168983459
0.999957085 -0.003385438 -0.008624533 0.929557085 0.003503075 0.999900520 0.013661379 -1.585593700 0.008577427 -0.013691005 0.999869406 57.696216583
0.999948561 -0.004276941 -0.009196380 0.914652407 0.004397653 0.999903917 0.013146150 -1.531534672 0.009139271 -0.013185916 0.999871314 58.383869171
0.999956965 -0.003238936 -0.008692264 0.940654576 0.003356100 0.999903262 0.013498486 -1.598574400 0.008647703 -0.013527075 0.999871135 58.765388489
0.999955893 -0.003365948 -0.008761742 0.947451591 0.003482604 0.999904990 0.013333173 -1.604693413 0.008716030 -0.013363097 0.999872744 59.308849335
0.999956369 -0.003382731 -0.008698312 0.952370584 0.003501305 0.999900579 0.013652850 -1.617255926 0.008651263 -0.013682712 0.999868989 59.838245392
0.999955535 -0.003303946 -0.008834654 0.956824958 0.003419467 0.999908507 0.013092965 -1.616420031 0.008790587 -0.013122592 0.999875247 60.405109406
0.999954045 -0.003703255 -0.008838821 0.989115894 0.003820530 0.999904275 0.013288324 -1.639427423 0.008788766 -0.013321482 0.999872684 60.920612335
0.999949396 -0.003823189 -0.009295139 0.993048847 0.003945614 0.999905169 0.013188406 -1.641998172 0.009243838 -0.013224414 0.999869823 61.474067688
0.999947786 -0.004176054 -0.009324593 0.978092134 0.004295848 0.999907911 0.012864157 -1.643983126 0.009270014 -0.012903540 0.999873817 62.035366058
0.999949217 -0.004141762 -0.009186245 0.985122085 0.004264204 0.999901772 0.013349564 -1.650509834 0.009130052 -0.013388059 0.999868691 62.549095154
0.999947786 -0.004328829 -0.009248214 0.975038171 0.004459149 0.999890387 0.014117502 -1.705809355 0.009186088 -0.014158006 0.999857605 63.141834259
0.999956191 -0.003452634 -0.008695776 0.938276827 0.003577800 0.999889612 0.014419723 -1.734778166 0.008645029 -0.014450204 0.999858201 63.661247253
0.999960244 -0.002036055 -0.008679623 0.985429466 0.002161847 0.999892414 0.014508149 -1.742563725 0.008649150 -0.014526335 0.999857068 64.106048584
0.999958277 -0.002373826 -0.008818511 0.983099878 0.002488103 0.999912679 0.012970460 -1.706679106 0.008786952 -0.012991861 0.999876976 65.352668762
0.999943852 -0.003991480 -0.009813314 1.016227007 0.004133011 0.999887168 0.014444700 -1.756397843 0.009754552 -0.014484448 0.999847472 65.199996948
0.999948025 -0.003699745 -0.009496883 1.010526419 0.003843092 0.999878287 0.015120460 -1.768990278 0.009439788 -0.015156172 0.999840498 65.755851746
0.999939144 -0.004390513 -0.010110416 1.029555798 0.004547705 0.999868333 0.015577484 -1.785984039 0.010040691 -0.015622518 0.999827504 66.238914490
0.999956667 -0.002497137 -0.008971745 1.017742991 0.002634113 0.999879658 0.015288157 -1.787152529 0.008932490 -0.015311128 0.999842882 66.763313293
0.999963045 -0.002141304 -0.008325864 1.005979419 0.002266022 0.999884963 0.014999109 -1.816276312 0.008292789 -0.015017425 0.999852777 67.380683899
0.999960124 -0.002619214 -0.008534203 1.017880440 0.002745456 0.999886513 0.014814463 -1.822035313 0.008494433 -0.014837304 0.999853730 67.939773560
0.999957502 -0.002915231 -0.008742529 1.017803073 0.003052094 0.999872386 0.015682697 -1.824121952 0.008695695 -0.015708715 0.999838769 68.513107300
0.999959230 -0.002339301 -0.008719808 1.025393724 0.002469745 0.999884725 0.014978838 -1.830485344 0.008683763 -0.014999762 0.999849737 69.018455505
0.999962270 -0.002284285 -0.008383892 1.036461234 0.002413452 0.999877989 0.015428874 -1.860282779 0.008347627 -0.015448526 0.999845743 69.472999573
0.999959588 -0.002340466 -0.008677227 1.028662205 0.002470714 0.999883950 0.015030237 -1.838184595 0.008641043 -0.015051071 0.999849319 70.174278259
0.999960363 -0.002483058 -0.008546067 1.057193637 0.002614691 0.999877572 0.015426296 -1.871554494 0.008506714 -0.015448032 0.999844432 70.554252625
0.999965549 -0.001978930 -0.008058861 1.043185949 0.002102967 0.999878943 0.015412219 -1.882170916 0.008027384 -0.015428634 0.999848723 71.096199036
0.999954820 -0.002946688 -0.009044681 1.078820586 0.003081926 0.999883056 0.014974819 -1.881607771 0.008999497 -0.015002018 0.999846935 71.632011414
0.999965489 -0.002096777 -0.008028015 1.059170485 0.002221100 0.999877274 0.015508585 -1.911678672 0.007994511 -0.015525882 0.999847531 72.174079895
0.999964654 -0.002166840 -0.008127439 1.067786455 0.002293641 0.999875307 0.015624830 -1.915537715 0.008092568 -0.015642919 0.999844909 72.718742371
0.999962509 -0.002490093 -0.008282678 1.087130785 0.002619161 0.999874771 0.015608725 -1.924627900 0.008242773 -0.015629835 0.999843836 73.266380310
0.999967754 -0.001837874 -0.007818850 1.075284481 0.001960839 0.999874115 0.015748246 -1.933708191 0.007788922 -0.015763070 0.999845445 73.824127197
0.999962509 -0.002362939 -0.008320885 1.098727226 0.002491127 0.999877810 0.015429127 -1.940088987 0.008283407 -0.015449277 0.999846339 74.361511230
0.999958992 -0.002765113 -0.008617846 1.111841202 0.002895550 0.999880850 0.015160191 -1.946561456 0.008574899 -0.015184524 0.999847889 74.892517090
0.999957979 -0.002849190 -0.008715553 1.119578123 0.002978919 0.999884486 0.014908111 -1.951699853 0.008672068 -0.014933448 0.999850869 75.429534912
0.999962330 -0.002314252 -0.008358515 1.122830868 0.002435259 0.999891996 0.014496073 -1.953736901 0.008324064 -0.014515883 0.999859989 75.982177734
0.999960661 -0.002393806 -0.008539029 1.136527538 0.002522846 0.999882221 0.015133144 -1.975539207 0.008501798 -0.015154092 0.999849021 76.495597839
0.999964774 -0.002155556 -0.008107191 1.108130932 0.002283366 0.999872744 0.015788984 -1.983288407 0.008072124 -0.015806939 0.999842465 77.056907654
0.999968350 -0.001764913 -0.007764930 1.113084912 0.001886189 0.999875903 0.015638806 -1.987312317 0.007736366 -0.015652958 0.999847531 77.613128662
0.999968410 -0.002095427 -0.007668259 1.120736122 0.002215494 0.999874592 0.015682848 -1.993488550 0.007634437 -0.015699342 0.999847591 78.167991638
0.999968648 -0.002168453 -0.007609791 1.123060584 0.002287631 0.999874294 0.015687495 -2.001928091 0.007574817 -0.015704412 0.999847949 78.709548950
0.999968231 -0.001969223 -0.007725433 1.139857531 0.002089444 0.999876320 0.015584546 -2.013136148 0.007693788 -0.015600192 0.999848723 79.237060547
0.999968708 -0.002435996 -0.007528469 1.146926165 0.002552746 0.999875963 0.015537333 -2.013820648 0.007489687 -0.015556064 0.999850929 79.785606384
0.999980688 -0.001725148 -0.005966774 1.150406361 0.001817549 0.999877930 0.015515498 -2.022658825 0.005939281 -0.015526040 0.999861836 80.332496643
0.999985516 -0.002129206 -0.004945013 1.164465785 0.002205759 0.999877036 0.015527247 -2.028380871 0.004911344 -0.015537930 0.999867141 80.869422913
0.999992371 -0.001877785 -0.003420306 1.177055955 0.001929895 0.999881089 0.015296468 -2.034325123 0.003391176 -0.015302954 0.999877095 81.422813416
0.999999166 -0.001214589 0.000494036 1.192371130 0.001206887 0.999882221 0.015300943 -2.043312550 -0.000512563 -0.015300332 0.999882817 81.975791931
0.999991238 -0.001810317 0.003803316 1.217313290 0.001752457 0.999883592 0.015161775 -2.048888683 -0.003830321 -0.015154975 0.999877810 82.514854431
0.999971807 -0.001827169 0.007272183 1.223704815 0.001712667 0.999874949 0.015720306 -2.060664415 -0.007299998 -0.015707409 0.999849975 83.066429138
0.999927998 -0.001525066 0.011901053 1.252700090 0.001346349 0.999886453 0.015010551 -2.050301075 -0.011922590 -0.014993446 0.999816477 83.651626587
0.999830842 -0.001116133 0.018353757 1.272807717 0.000825813 0.999874473 0.015817977 -2.072779179 -0.018369112 -0.015800148 0.999706388 84.180320740
0.999724746 -0.002000093 0.023374915 1.315828681 0.001640417 0.999880135 0.015396309 -2.080194473 -0.023402905 -0.015353728 0.999608159 84.723251343
0.999575913 -0.001935944 0.029058270 1.348918915 0.001491829 0.999881923 0.015297510 -2.083548546 -0.029084453 -0.015247671 0.999460638 85.268432617
0.999320269 -0.002315598 0.036791429 1.384374142 0.001745043 0.999877870 0.015532356 -2.089564800 -0.036822904 -0.015457596 0.999202251 85.834251404
0.999012470 -0.002619557 0.044354998 1.435705662 0.001900403 0.999866128 0.016248014 -2.099022388 -0.044391625 -0.016147677 0.998883724 86.383255005
0.998670399 -0.002695845 0.051477365 1.479738474 0.001879239 0.999871731 0.015905205 -2.110252142 -0.051513638 -0.015787322 0.998547435 86.955474854
0.998191237 -0.002433571 0.060069636 1.528005600 0.001497818 0.999876916 0.015617926 -2.110868216 -0.060100246 -0.015499703 0.998071969 87.506408691
0.997561038 -0.003615994 0.069705822 1.599125385 0.002518600 0.999871612 0.015824683 -2.117585182 -0.069754109 -0.015610526 0.997442067 88.047058105
0.996907175 -0.003412438 0.078513615 1.661379337 0.002183395 0.999873817 0.015734406 -2.126243353 -0.078557394 -0.015514315 0.996788800 88.580139160
0.996285200 -0.004381477 0.086003222 1.742218018 0.003078758 0.999878585 0.015274134 -2.129330158 -0.086059712 -0.014952611 0.996177912 89.147697449
0.995318890 -0.004474572 0.096541181 1.814414978 0.002962832 0.999870837 0.015796691 -2.136763096 -0.096599393 -0.015436713 0.995203733 89.699554443
0.994161606 -0.003987101 0.107827455 1.909221649 0.002280470 0.999870360 0.015946105 -2.158810139 -0.107877046 -0.015607110 0.994041681 90.231109619
0.993172824 -0.005162945 0.116537884 1.992614746 0.003369884 0.999872923 0.015577869 -2.151581287 -0.116603494 -0.015078798 0.993064046 90.782577515
0.991828322 -0.004444955 0.127501592 2.091269493 0.002427931 0.999869525 0.015970653 -2.171259403 -0.127555922 -0.015530580 0.991709828 91.329132080
0.990195513 -0.004925221 0.139601126 2.182856560 0.002713393 0.999867857 0.016029816 -2.173496485 -0.139661625 -0.015493862 0.990077972 91.866226196
0.988561451 -0.005229545 0.150728121 2.287087440 0.002917497 0.999874651 0.015556250 -2.180534840 -0.150790572 -0.014938558 0.988452792 92.425735474
0.986971855 -0.005835745 0.160787284 2.401013374 0.003314153 0.999867320 0.015946520 -2.183042288 -0.160858989 -0.015205892 0.986860275 92.972854614
0.984826446 -0.006013695 0.173438087 2.525780678 0.003326228 0.999869943 0.015781742 -2.189121962 -0.173510447 -0.014965381 0.984718263 93.508949280
0.982587099 -0.005692801 0.185715169 2.646988869 0.002847132 0.999874473 0.015585866 -2.198455334 -0.185780570 -0.014785714 0.982479990 94.042823792
0.980616629 -0.006711831 0.195821285 2.775341988 0.003694087 0.999868751 0.015771868 -2.203685045 -0.195901468 -0.014742776 0.980512679 94.577926636
0.977883577 -0.007119259 0.209028840 2.917337418 0.003882627 0.999866128 0.015890384 -2.209975243 -0.209114000 -0.014727363 0.977780342 95.115440369
0.974919200 -0.007203660 0.222442448 3.063762665 0.003705441 0.999862909 0.016139755 -2.219802618 -0.222528249 -0.014910710 0.974812210 95.665115356
0.972104371 -0.007281455 0.234435633 3.206048965 0.003668207 0.999867678 0.015844902 -2.219000101 -0.234520018 -0.014542943 0.972002506 96.224243164
0.969266474 -0.008122714 0.245878875 3.379196167 0.004397796 0.999867082 0.015694717 -2.228211641 -0.245973706 -0.014131040 0.969173431 96.754867554
0.965471327 -0.007934203 0.260388166 3.539274216 0.004013326 0.999870420 0.015586062 -2.229598761 -0.260478109 -0.014002874 0.965378106 97.291748047
0.962234914 -0.008532434 0.272086769 3.731643677 0.004275880 0.999859035 0.016233172 -2.248173714 -0.272186935 -0.014456714 0.962135792 97.839775085
0.959076107 -0.008821686 0.283011049 3.919832230 0.004354569 0.999855816 0.016409436 -2.253984928 -0.283115000 -0.014505506 0.958976269 98.355422974
0.954840839 -0.008561165 0.296994358 4.106369019 0.003838029 0.999856770 0.016482573 -2.260295868 -0.297092974 -0.014598362 0.954736948 98.885162354
0.950344682 -0.009171822 0.311064094 4.317010880 0.004126876 0.999849081 0.016872682 -2.263095856 -0.311171919 -0.014751138 0.950239182 99.459373474
0.946584761 -0.010063598 0.322298020 4.524570465 0.004857872 0.999844432 0.016952148 -2.268443584 -0.322418541 -0.014480962 0.946486413 99.984886169
0.942197919 -0.011126637 0.334872007 4.737554550 0.005698547 0.999836028 0.017187621 -2.277086258 -0.335008353 -0.014285860 0.942106783 100.502227783
0.937100291 -0.010899004 0.348890066 4.954824448 0.005178686 0.999836445 0.017324289 -2.281659603 -0.349021912 -0.014427803 0.937003493 101.016220093
0.932599843 -0.011998512 0.360712588 5.182533264 0.006284727 0.999835610 0.017009124 -2.282047749 -0.360857308 -0.013595726 0.932521939 101.533493042
0.928403676 -0.012145096 0.371374696 5.403551102 0.006241582 0.999834418 0.017094260 -2.289769650 -0.371520787 -0.013552407 0.928325713 102.040870667
0.922882199 -0.012314001 0.384885341 5.639585495 0.006356914 0.999839485 0.016746137 -2.286318302 -0.385029763 -0.013008029 0.922812462 102.555030823
0.917221010 -0.012574179 0.398180276 5.875663757 0.006288054 0.999834120 0.017089142 -2.291891098 -0.398329198 -0.013170739 0.917147994 103.051536560
0.912389815 -0.013749356 0.409091383 6.129856110 0.007409850 0.999826729 0.017077608 -2.298967600 -0.409255296 -0.012550131 0.912333608 103.549697876
0.906213999 -0.013594465 0.422600657 6.388416290 0.006957497 0.999827087 0.017243547 -2.305743694 -0.422762066 -0.012686099 0.906151950 104.034515381
0.899276614 -0.014061956 0.437154204 6.640960693 0.007227993 0.999824226 0.017292581 -2.307036161 -0.437320501 -0.012391063 0.899220288 104.524703979
0.893409729 -0.014728232 0.449001133 6.925334930 0.007477224 0.999811471 0.017918063 -2.324719191 -0.449180394 -0.012650892 0.893351495 105.002082825
0.887851179 -0.015431913 0.459872037 7.191127777 0.008088035 0.999806583 0.017935321 -2.317733049 -0.460059911 -0.012204435 0.887804031 105.495544434
0.880549192 -0.015680797 0.473695338 7.476829529 0.008350748 0.999810696 0.017573709 -2.321706295 -0.473881215 -0.011518804 0.880513430 105.980964661
