1.000000000 0.000000000 0.000000000 0.000000000 0.000000000 1.000000000 0.000000000 0.000000000 0.000000000 0.000000000 1.000000000 0.000000000
1.000000000 0.000056304 -0.000009307 -0.000058562 -0.000056304 1.000000000 -0.000035572 0.000247954 0.000009305 0.000035573 1.000000000 -0.000553214
1.000000000 0.000038006 0.000034136 -0.000634677 -0.000038007 1.000000000 0.000043782 -0.000572397 -0.000034135 -0.000043783 1.000000000 -0.000923680
1.000000000 -0.000128684 0.000080576 -0.000199793 0.000128685 1.000000000 -0.000013139 0.000443594 -0.000080574 0.000013150 1.000000000 0.000407195
1.000000000 -0.000068371 0.000089631 -0.000379926 0.000068371 1.000000000 -0.000006432 0.000273065 -0.000089630 0.000006438 1.000000000 0.000053341
1.000000000 -0.000020044 0.000162617 -0.001215500 0.000020052 1.000000000 -0.000048326 0.000857565 -0.000162616 0.000048329 1.000000000 -0.000055868
1.000000000 -0.000100720 0.000084916 0.000584082 0.000100723 1.000000000 -0.000037154 0.000261319 -0.000084912 0.000037163 1.000000000 0.000001219
1.000000000 0.000008311 0.000088565 -0.000633130 -0.000008320 1.000000000 0.000099865 -0.000577155 -0.000088564 -0.000099866 1.000000000 -0.000543468
1.000000000 -0.000000586 0.000020124 -0.000399835 0.000000588 1.000000000 -0.000070873 0.000168355 -0.000020124 0.000070873 1.000000000 -0.000030238
1.000000000 -0.000003529 0.000120718 -0.000720611 0.000003525 1.000000000 0.000028109 -0.000908938 -0.000120718 -0.000028109 1.000000000 -0.000244616
1.000000000 0.000059374 0.000107430 -0.001445895 -0.000059378 1.000000000 0.000033386 -0.000391961 -0.000107428 -0.000033393 1.000000000 -0.000124173
1.000000000 0.000000007 0.000119732 -0.000589367 -0.000000003 1.000000000 -0.000032448 0.000939170 -0.000119732 0.000032448 1.000000000 0.000007114
1.000000000 -0.000019308 0.000016898 -0.000703814 0.000019310 1.000000000 -0.000106533 -0.000183939 -0.000016896 0.000106533 1.000000000 -0.001135496
1.000000000 0.000000613 0.000081856 -0.001319446 -0.000000611 1.000000000 -0.000030700 0.001158173 -0.000081856 0.000030700 1.000000000 0.000722702
1.000000000 -0.000027086 0.000088541 -0.001717360 0.000027094 1.000000000 -0.000095275 0.000910334 -0.000088538 0.000095277 1.000000000 -0.000396577
1.000000000 0.000063098 -0.000010198 0.000179998 -0.000063099 1.000000000 -0.000107913 0.002279703 0.000010191 0.000107914 1.000000000 0.002117813
1.000000000 0.000082444 0.000121116 -0.001236765 -0.000082425 1.000000000 -0.000155320 0.002622416 -0.000121129 0.000155310 1.000000000 0.003044787
1.000000000 0.000127045 0.000086039 -0.001321410 -0.000127032 1.000000000 -0.000143593 0.001569420 -0.000086057 0.000143582 1.000000000 0.001525750
0.999999940 0.000169573 0.000190058 -0.002526291 -0.000169552 1.000000000 -0.000107633 0.002815682 -0.000190076 0.000107601 1.000000000 0.003366946
1.000000000 0.000096195 0.000169210 -0.001719741 -0.000096175 1.000000000 -0.000118846 0.002361562 -0.000169222 0.000118829 1.000000000 0.002439023
0.999999940 0.000159099 0.000189182 -0.001985254 -0.000159084 1.000000000 -0.000078273 0.001593522 -0.000189194 0.000078243 1.000000000 0.002358297
1.000000000 0.000184005 0.000121362 -0.002104534 -0.000183994 1.000000000 -0.000093127 0.002659266 -0.000121379 0.000093105 1.000000000 0.002407279
1.000000000 0.000144416 0.000051401 -0.000786222 -0.000144409 1.000000000 -0.000123195 0.002758510 -0.000051418 0.000123187 1.000000000 0.003569482
1.000000000 0.000172489 0.000099032 -0.001680435 -0.000172479 1.000000000 -0.000104089 0.003146082 -0.000099050 0.000104072 1.000000000 0.003509647
0.999999940 0.000359365 0.000071777 -0.001747433 -0.000359356 0.999999940 -0.000119333 0.003616019 -0.000071819 0.000119307 1.000000000 0.004388663
0.999999940 0.000273757 0.000088656 -0.001387508 -0.000273750 0.999999940 -0.000071208 0.002003562 -0.000088676 0.000071184 1.000000000 0.002101798
1.000000000 0.000122939 0.000170626 -0.002006637 -0.000122921 1.000000000 -0.000104599 0.003330380 -0.000170639 0.000104578 1.000000000 0.003915351
1.000000000 0.000168008 0.000169867 -0.001779658 -0.000167998 1.000000000 -0.000061031 0.001748851 -0.000169877 0.000061002 1.000000000 0.002592684
1.000000000 0.000106639 0.000087228 -0.001480524 -0.000106627 1.000000000 -0.000143040 0.003266610 -0.000087243 0.000143030 1.000000000 0.002979687
1.000000000 0.000130788 0.000181428 -0.002500686 -0.000130760 1.000000000 -0.000151119 0.003274166 -0.000181447 0.000151095 1.000000000 0.003768171
0.999999940 0.000112926 0.000230654 -0.001742997 -0.000112910 1.000000000 -0.000069309 0.002149091 -0.000230662 0.000069283 1.000000000 0.003517749
1.000000000 0.000100376 0.000194021 -0.001271550 -0.000100358 1.000000000 -0.000090952 0.003573406 -0.000194030 0.000090932 1.000000000 0.004324022
0.999999940 0.000233431 0.000106232 -0.000576932 -0.000233409 0.999999940 -0.000212618 0.004028492 -0.000106281 0.000212593 1.000000000 0.003867736
1.000000000 0.000130138 0.000150990 -0.001310786 -0.000130125 1.000000000 -0.000087807 0.002123340 -0.000151001 0.000087787 1.000000000 0.002709220
0.999999940 0.000240380 0.000158659 -0.002228984 -0.000240360 0.999999940 -0.000124890 0.002151706 -0.000158689 0.000124852 1.000000000 0.002366164
0.999999940 0.000248498 0.000206035 -0.001704792 -0.000248470 0.999999940 -0.000135261 0.002409711 -0.000206068 0.000135210 0.999999940 0.002186261
1.000000000 0.000122482 0.000142419 -0.001573516 -0.000122468 1.000000000 -0.000097310 0.002618668 -0.000142431 0.000097293 1.000000000 0.002533950
1.000000000 0.000208922 0.000124729 -0.001732966 -0.000208917 1.000000000 -0.000040973 0.002873286 -0.000124738 0.000040947 1.000000000 0.004055100
0.999999940 0.000239881 0.000184887 -0.001559495 -0.000239859 0.999999940 -0.000115695 0.003132141 -0.000184914 0.000115650 1.000000000 0.002608987
1.000000000 0.000184068 0.000117420 -0.000764257 -0.000184049 0.999999940 -0.000169258 0.004584820 -0.000117451 0.000169236 1.000000000 0.003883148
1.000000000 0.000056842 0.000077637 -0.000051282 -0.000056831 1.000000000 -0.000141953 0.002067297 -0.000077645 0.000141948 1.000000000 0.004243169
0.999999642 0.000730127 -0.000218276 0.000710489 -0.000730255 0.999999583 -0.000586556 -0.001674802 0.000217848 0.000586716 0.999999821 0.051533662
0.999999762 0.000634251 -0.000239575 0.002417490 -0.000634548 0.999999106 -0.001238227 -0.002630334 0.000238789 0.001238378 0.999999225 0.141828045
0.999999642 0.000717911 0.000463537 0.001021293 -0.000717343 0.999998987 -0.001224254 -0.008970135 -0.000464416 0.001223920 0.999999166 0.254108995
0.999999583 0.000730083 0.000519064 0.003822091 -0.000729460 0.999999046 -0.001199621 -0.011167340 -0.000519940 0.001199241 0.999999166 0.386634350
0.999999702 0.000672391 0.000502936 0.005366003 -0.000671896 0.999999344 -0.000983610 -0.014447718 -0.000503597 0.000983271 0.999999464 0.530236483
0.999999881 0.000336932 0.000342236 0.013178194 -0.000336796 0.999999881 -0.000398971 -0.026302518 -0.000342371 0.000398856 0.999999881 0.684270561
0.999999940 0.000144714 0.000351220 0.019325094 -0.000144646 0.999999940 -0.000194382 -0.029716060 -0.000351248 0.000194332 0.999999940 0.847306311
0.999999881 0.000197104 0.000460562 0.018280724 -0.000196992 0.999999940 -0.000245259 -0.033698034 -0.000460610 0.000245168 0.999999881 1.021282077
0.999999881 0.000284448 0.000402366 0.022369530 -0.000284377 0.999999940 -0.000176750 -0.038543489 -0.000402416 0.000176635 0.999999940 1.197093368
0.999999583 0.000748499 0.000575817 0.026614090 -0.000748660 0.999999642 0.000280037 -0.044985812 -0.000575607 -0.000280468 0.999999762 1.384005904
0.999999642 0.000797093 0.000403198 0.031959046 -0.000797172 0.999999642 0.000194651 -0.046420943 -0.000403042 -0.000194972 0.999999940 1.578512907
0.999999702 0.000424693 0.000607958 0.031349238 -0.000424951 0.999999821 0.000423905 -0.053690057 -0.000607777 -0.000424163 0.999999702 1.779336214
0.999999583 0.000442076 0.000726926 0.034539469 -0.000442514 0.999999642 0.000602362 -0.061438594 -0.000726659 -0.000602683 0.999999583 1.981353283
0.999999762 -0.000025982 0.000647988 0.040776063 0.000025596 0.999999821 0.000595015 -0.068224423 -0.000648003 -0.000594998 0.999999583 2.191646576
0.999999702 0.000437343 0.000628487 0.044697784 -0.000437782 0.999999583 0.000699279 -0.073823042 -0.000628181 -0.000699554 0.999999583 2.412609339
0.999999523 0.000657730 0.000685500 0.047916073 -0.000658144 0.999999523 0.000603185 -0.078380130 -0.000685103 -0.000603635 0.999999642 2.635841846
0.999999583 0.000058806 0.000828601 0.052619565 -0.000059232 0.999999881 0.000514789 -0.084130570 -0.000828571 -0.000514838 0.999999464 2.863490820
0.999999583 0.000138472 0.000837750 0.058991358 -0.000139026 0.999999821 0.000660622 -0.088354446 -0.000837659 -0.000660738 0.999999404 3.110652685
0.999999166 0.000666839 0.001111959 0.057513289 -0.000667724 0.999999464 0.000795723 -0.097250007 -0.001111428 -0.000796465 0.999999046 3.342725992
0.999999583 0.000409830 0.000976214 0.065010913 -0.000410961 0.999999225 0.001158684 -0.108223833 -0.000975738 -0.001159084 0.999998808 3.589780331
0.999999106 0.000821781 0.001073414 0.067719139 -0.000822856 0.999999106 0.001002009 -0.113496900 -0.001072590 -0.001002891 0.999998868 3.848997831
0.999999046 0.000670248 0.001143785 0.072005987 -0.000671452 0.999999225 0.001052835 -0.120755650 -0.001143078 -0.001053602 0.999998808 4.103983879
0.999998569 0.001080491 0.001248127 0.077481084 -0.001081728 0.999998927 0.000991032 -0.124244340 -0.001247055 -0.000992381 0.999998689 4.363681793
0.999999046 0.000339644 0.001338643 0.080938406 -0.000341133 0.999999285 0.001112266 -0.132754818 -0.001338264 -0.001112721 0.999998510 4.624490261
0.999998510 0.000911333 0.001467021 0.085744217 -0.000913310 0.999998689 0.001347480 -0.139001265 -0.001465791 -0.001348818 0.999998033 4.890838623
0.999998510 0.001007874 0.001415182 0.092807643 -0.001010149 0.999998212 0.001607692 -0.147351474 -0.001413560 -0.001609119 0.999997735 5.148577690
0.999998331 0.000929999 0.001535610 0.096998945 -0.000931927 0.999998748 0.001255102 -0.155665785 -0.001534441 -0.001256531 0.999998033 5.412614346
0.999998510 0.000732112 0.001534299 0.101234749 -0.000734043 0.999998927 0.001258527 -0.165094659 -0.001533375 -0.001259651 0.999998033 5.682395458
0.999998391 0.000634972 0.001646152 0.101745799 -0.000636888 0.999999106 0.001163809 -0.172897816 -0.001645411 -0.001164856 0.999997973 5.948467731
0.999998212 0.000812914 0.001672986 0.107749015 -0.000814781 0.999998987 0.001115587 -0.181555524 -0.001672077 -0.001116948 0.999997973 6.230344296
0.999998033 0.000665747 0.001834882 0.117626220 -0.000667617 0.999999285 0.001018460 -0.181251436 -0.001834202 -0.001019683 0.999997795 6.526665211
0.999998033 0.000830009 0.001813227 0.120474428 -0.000831833 0.999999106 0.001005684 -0.189941287 -0.001812391 -0.001007190 0.999997854 6.814541340
0.999998212 0.000925568 0.001615308 0.127971753 -0.000927684 0.999998689 0.001309879 -0.201800391 -0.001614094 -0.001311376 0.999997854 7.117515087
0.999997914 0.000902339 0.001827496 0.132532105 -0.000904947 0.999998569 0.001427167 -0.216049299 -0.001826205 -0.001428818 0.999997318 7.424180508
0.999997437 0.000995390 0.002042080 0.137428179 -0.000998029 0.999998689 0.001291889 -0.225419939 -0.002040791 -0.001293924 0.999997139 7.732102871
0.999997675 0.000885082 0.001963922 0.147534296 -0.000888017 0.999998510 0.001493785 -0.233863994 -0.001962597 -0.001495526 0.999996960 8.050585747
0.999995351 0.001708534 0.002499512 0.145893380 -0.001712764 0.999997139 0.001691098 -0.242947221 -0.002496616 -0.001695371 0.999995410 8.370402336
0.999997258 0.001039763 0.002129897 0.158435747 -0.001043417 0.999998033 0.001715531 -0.254608631 -0.002128110 -0.001717749 0.999996245 8.692903519
0.999996901 0.001187259 0.002200254 0.167148367 -0.001190652 0.999998093 0.001541801 -0.262342066 -0.002198419 -0.001544415 0.999996364 9.022746086
0.999997258 0.001376177 0.001893216 0.176822647 -0.001378750 0.999998152 0.001358257 -0.273760140 -0.001891343 -0.001360864 0.999997318 9.366857529
0.999995708 0.001927522 0.002197313 0.180411741 -0.001930708 0.999997020 0.001448975 -0.287780374 -0.002194514 -0.001453211 0.999996483 9.702302933
0.999994457 0.002238439 0.002479935 0.185772076 -0.002242168 0.999996364 0.001501868 -0.295182168 -0.002476564 -0.001507420 0.999995768 10.058676720
0.999995887 0.001689088 0.002317836 0.187307462 -0.001691932 0.999997795 0.001225499 -0.300384194 -0.002315761 -0.001229416 0.999996543 10.415039062
0.999995589 0.001803091 0.002372303 0.192720577 -0.001806663 0.999997258 0.001504390 -0.316194475 -0.002369584 -0.001508669 0.999996066 10.764218330
0.999995589 0.001692764 0.002441265 0.198965102 -0.001696775 0.999997258 0.001641997 -0.327104598 -0.002438479 -0.001646132 0.999995708 11.129876137
0.999996126 0.001377400 0.002417806 0.213079125 -0.001381842 0.999997318 0.001836467 -0.337945908 -0.002415270 -0.001839801 0.999995351 11.507258415
0.999993384 0.002017345 0.003021278 0.216373384 -0.002023041 0.999996185 0.001883333 -0.346785843 -0.003017467 -0.001889432 0.999993682 11.884363174
0.999993622 0.002274181 0.002738275 0.230046988 -0.002278635 0.999996066 0.001624656 -0.352878273 -0.002734570 -0.001630885 0.999994934 12.270267487
0.999993324 0.002235734 0.002881454 0.241845042 -0.002241852 0.999995172 0.002121924 -0.369588017 -0.002876697 -0.002128370 0.999993622 12.654833794
0.999993026 0.002105207 0.003072806 0.241476551 -0.002112410 0.999995053 0.002342945 -0.378443778 -0.003067858 -0.002349420 0.999992549 13.060523033
0.999993324 0.002093858 0.002983809 0.251147330 -0.002100123 0.999995589 0.002098022 -0.390503377 -0.002979403 -0.002104274 0.999993324 13.451396942
0.999990821 0.002536559 0.003448428 0.260395467 -0.002543034 0.999994934 0.001874910 -0.396778852 -0.003443655 -0.001883662 0.999992251 13.858778954
0.999988794 0.002819277 0.003795579 0.265983522 -0.002825491 0.999994636 0.001632922 -0.405231833 -0.003790955 -0.001643628 0.999991477 14.275506973
0.999990582 0.002278203 0.003682662 0.284411252 -0.002285264 0.999995530 0.001914173 -0.416353106 -0.003678285 -0.001922571 0.999991357 14.692971230
0.999992251 0.002069317 0.003363954 0.288490772 -0.002073490 0.999997079 0.001237433 -0.424582243 -0.003361385 -0.001244398 0.999993563 15.125282288
0.999989033 0.002615353 0.003877694 0.307482153 -0.002622453 0.999994814 0.001827126 -0.444513023 -0.003872895 -0.001837275 0.999990821 15.549438477
0.999988139 0.002261169 0.004311323 0.313701153 -0.002268876 0.999995828 0.001783640 -0.456040621 -0.004307272 -0.001793401 0.999989152 15.986946106
0.999982834 0.002895044 0.005094941 0.326102078 -0.002906174 0.999993324 0.002178667 -0.475724757 -0.005088600 -0.002193436 0.999984622 16.432891846
0.999979615 0.003258510 0.005489773 0.332946509 -0.003269906 0.999992430 0.002068043 -0.487648189 -0.005482993 -0.002085952 0.999982715 16.879289627
0.999982238 0.003008835 0.005140648 0.349088848 -0.003020250 0.999992907 0.002214375 -0.505249679 -0.005133950 -0.002229862 0.999984264 17.327398300
0.999983072 0.002524746 0.005229586 0.362739772 -0.002535785 0.999994576 0.002105379 -0.513740480 -0.005224241 -0.002118605 0.999984086 17.794816971
0.999983370 0.002228704 0.005309337 0.381160051 -0.002239307 0.999995470 0.001991965 -0.526078463 -0.005304874 -0.002003821 0.999983907 18.259359360
0.999981344 0.001967511 0.005782999 0.391299099 -0.001980106 0.999995649 0.002172933 -0.537438512 -0.005778699 -0.002184343 0.999980986 18.720859528
0.999982297 0.002180100 0.005539462 0.411257565 -0.002194431 0.999994218 0.002582316 -0.555935740 -0.005533800 -0.002594426 0.999981344 19.207489014
0.999979556 0.002051056 0.006048287 0.419062406 -0.002061893 0.999996305 0.001786177 -0.561159372 -0.006044600 -0.001798612 0.999980092 19.675859451
0.999977112 0.003092702 0.006009630 0.425956786 -0.003106774 0.999992490 0.002333781 -0.578204930 -0.006002367 -0.002352398 0.999979258 20.163934708
0.999982715 0.002699630 0.005229967 0.446983188 -0.002709385 0.999994695 0.001859114 -0.592010617 -0.005224919 -0.001873251 0.999984562 20.646755219
0.999984026 0.001824919 0.005333573 0.465891540 -0.001837668 0.999995410 0.002386431 -0.613820314 -0.005329194 -0.002396194 0.999982893 21.137287140
0.999981165 0.002822855 0.005450803 0.467841178 -0.002833865 0.999993980 0.002013195 -0.625760734 -0.005445087 -0.002028604 0.999983072 21.641618729
0.999984443 0.002762323 0.004852121 0.481703937 -0.002773545 0.999993503 0.002307660 -0.640597284 -0.004845716 -0.002321082 0.999985576 22.153251648
0.999986291 0.002077786 0.004801796 0.499865800 -0.002088525 0.999995351 0.002232302 -0.655378282 -0.004797136 -0.002242300 0.999985933 22.656147003
0.999987125 0.002358600 0.004499290 0.508354723 -0.002368544 0.999994695 0.002205914 -0.672631681 -0.004494064 -0.002216542 0.999987364 23.174470901
0.999991536 0.002126684 0.003514947 0.521637619 -0.002135153 0.999994814 0.002407504 -0.694474936 -0.003509809 -0.002414989 0.999990940 23.694974899
0.999996006 0.000762456 0.002727972 0.532657385 -0.000768922 0.999996960 0.002369927 -0.712631702 -0.002726156 -0.002372016 0.999993503 24.219400406
0.999994099 0.001751419 0.002952481 0.540728807 -0.001758697 0.999995410 0.002464407 -0.728650212 -0.002948151 -0.002469585 0.999992609 24.724262238
0.999994934 0.002155671 0.002331333 0.552741230 -0.002162076 0.999993861 0.002748588 -0.747321546 -0.002325394 -0.002753615 0.999993503 25.257894516
0.999993801 0.002903467 0.001992049 0.556165874 -0.002909033 0.999991834 0.002797083 -0.761230409 -0.001983912 -0.002802860 0.999994099 25.794582367
0.999994159 0.002944977 0.001683746 0.565682054 -0.002949702 0.999991715 0.002811201 -0.779573441 -0.001675453 -0.002816152 0.999994576 26.343002319
0.999996006 0.002443295 0.001401475 0.577157319 -0.002447943 0.999991596 0.003325186 -0.787512958 -0.001393339 -0.003328603 0.999993503 26.897630692
0.999995947 0.002758298 0.000729930 0.594490647 -0.002760886 0.999989808 0.003568977 -0.813130021 -0.000720078 -0.003570978 0.999993324 27.441736221
0.999995351 0.003040059 0.000336745 0.604475379 -0.003041079 0.999990642 0.003071466 -0.823602915 -0.000327404 -0.003072475 0.999995291 27.999143600
0.999992907 0.003724776 0.000443579 0.615959585 -0.003726279 0.999987125 0.003436870 -0.843263447 -0.000430772 -0.003438499 0.999993980 28.538400650
0.999992311 0.003900431 0.000434414 0.624623120 -0.003902009 0.999985576 0.003693073 -0.862465799 -0.000420003 -0.003694739 0.999993086 29.079893112
0.999992788 0.003783954 0.000247102 0.633776128 -0.003784792 0.999986708 0.003484430 -0.871877313 -0.000233914 -0.003485340 0.999993861 29.622119904
0.999992430 0.003868264 0.000064632 0.640687585 -0.003868467 0.999986351 0.003509024 -0.883047938 -0.000051058 -0.003509247 0.999993801 30.158861160
0.999991000 0.004248057 0.000052816 0.648621142 -0.004248217 0.999984860 0.003502006 -0.898788631 -0.000037939 -0.003502199 0.999993861 30.702070236
0.999990404 0.004396500 -0.000393721 0.662373066 -0.004395177 0.999984860 0.003300480 -0.910752535 0.000408226 -0.003298717 0.999994457 31.245279312
0.999984145 0.005588460 -0.000667033 0.670885503 -0.005586244 0.999979019 0.003280706 -0.921152234 0.000685353 -0.003276928 0.999994397 31.796840668
0.999989092 0.004627953 -0.000494470 0.682158947 -0.004626202 0.999983191 0.003485232 -0.939039826 0.000510591 -0.003482906 0.999993742 32.343421936
0.999985933 0.005175542 -0.001123055 0.689207315 -0.005171235 0.999979377 0.003804913 -0.958320022 0.001142724 -0.003799052 0.999992132 32.878906250
0.999988794 0.004563743 -0.001197742 0.698615551 -0.004559419 0.999983132 0.003588045 -0.971918344 0.001214096 -0.003582543 0.999992847 33.419834137
0.999988437 0.004760524 -0.000562821 0.705926478 -0.004758232 0.999980688 0.004004830 -0.987300456 0.000581875 -0.004002106 0.999991834 33.980850220
0.999987483 0.004819112 -0.001274331 0.714018285 -0.004813992 0.999980450 0.003990175 -0.997866929 0.001293536 -0.003983990 0.999991238 34.529460907
0.999987960 0.004617542 -0.001673564 0.730089307 -0.004611480 0.999982834 0.003608046 -1.016856432 0.001690195 -0.003600285 0.999992073 35.052661896
0.999987364 0.004267018 -0.002621486 0.742837489 -0.004258142 0.999985218 0.003381949 -1.025460839 0.002635878 -0.003370744 0.999990821 35.577526093
0.999986470 0.004780579 -0.002021295 0.747392476 -0.004774155 0.999983549 0.003170825 -1.034491181 0.002036419 -0.003161132 0.999992907 36.125835419
0.999987721 0.004704693 -0.001622816 0.762561500 -0.004698480 0.999981701 0.003813280 -1.063762307 0.001640727 -0.003805608 0.999991417 36.722805023
0.999986291 0.004850776 -0.001965300 0.771865726 -0.004843385 0.999981225 0.003748340 -1.073613405 0.001983447 -0.003738770 0.999991059 37.269809723
0.999986351 0.004835246 -0.001957450 0.783016741 -0.004829077 0.999983370 0.003144385 -1.082659483 0.001972621 -0.003134889 0.999993145 37.825721741
0.999985933 0.004728116 -0.002413939 0.799272716 -0.004720142 0.999983430 0.003297498 -1.097372413 0.002429489 -0.003286058 0.999991655 38.365837097
0.999986053 0.004778449 -0.002275656 0.805708051 -0.004771914 0.999984503 0.002867952 -1.107519507 0.002289324 -0.002857053 0.999993265 38.913280487
0.999985218 0.004207229 -0.003421863 0.832420766 -0.004196736 0.999986410 0.003068114 -1.118282318 0.003434725 -0.003053708 0.999989450 39.405822754
0.999983788 0.004591277 -0.003359347 0.837747395 -0.004580528 0.999984324 0.003200444 -1.132120490 0.003373988 -0.003185005 0.999989271 39.958106995
0.999987006 0.004107898 -0.003020335 0.845534682 -0.004097478 0.999985635 0.003447840 -1.150263548 0.003034456 -0.003435419 0.999989450 40.461551666
0.999986291 0.004321794 -0.002953079 0.856306612 -0.004312249 0.999985456 0.003230876 -1.162444592 0.002967000 -0.003218097 0.999990404 41.010688782
0.999984562 0.004430277 -0.003349215 0.870165467 -0.004418838 0.999984443 0.003414922 -1.174337149 0.003364292 -0.003400070 0.999988556 41.570941925
0.999986112 0.004588395 -0.002590273 0.865424633 -0.004580346 0.999984622 0.003104576 -1.190465927 0.002604478 -0.003092669 0.999991775 42.108070374
0.999983907 0.005110719 -0.002484842 0.874854803 -0.005104204 0.999983490 0.002620751 -1.201441526 0.002498194 -0.002608025 0.999993503 42.657543182
0.999986947 0.004427255 -0.002564392 0.883759618 -0.004416693 0.999981821 0.004109669 -1.231729746 0.002582539 -0.004098289 0.999988258 43.165710449
0.999984324 0.005000981 -0.002569666 0.903475285 -0.004993232 0.999983013 0.003012768 -1.238729000 0.002584689 -0.002999890 0.999992073 43.745101929
0.999984026 0.005202649 -0.002202239 0.906905055 -0.005195322 0.999980986 0.003319762 -1.254256368 0.002219469 -0.003308268 0.999991953 44.288558960
0.999983370 0.005503960 -0.001671821 0.915186882 -0.005498421 0.999979436 0.003299686 -1.265194654 0.001689949 -0.003290439 0.999993145 44.838729858
0.999983132 0.005762635 -0.000733784 0.920751750 -0.005760624 0.999979734 0.002713175 -1.278415203 0.000749403 -0.002708902 0.999996066 45.408454895
0.999980092 0.006309288 -0.000251473 0.925982773 -0.006308580 0.999976456 0.002719796 -1.289455771 0.000268626 -0.002718156 0.999996305 45.958980560
0.999983668 0.005608320 -0.001109002 0.947913587 -0.005605617 0.999981284 0.002425444 -1.303438306 0.001122584 -0.002419188 0.999996424 46.513183594
0.999982893 0.005629012 -0.001582669 0.963464320 -0.005624386 0.999979854 0.002911788 -1.316110969 0.001599027 -0.002902837 0.999994457 47.062824249
0.999983191 0.005788520 -0.000281880 0.963029861 -0.005787699 0.999979258 0.002830626 -1.333451509 0.000298260 -0.002828947 0.999995947 47.610801697
0.999982774 0.005875508 -0.000021907 0.970565557 -0.005875430 0.999979138 0.002700925 -1.349489808 0.000037776 -0.002700750 0.999996364 48.152523041
0.999984980 0.005400180 -0.000862355 0.990958214 -0.005397669 0.999981284 0.002888215 -1.359482050 0.000877936 -0.002883518 0.999995470 48.681976318
0.999984503 0.005480766 -0.001028523 0.998758793 -0.005477642 0.999980509 0.003015996 -1.373102069 0.001045033 -0.003010316 0.999994934 49.234359741
0.999982834 0.005794684 -0.000788084 1.015246511 -0.005792391 0.999979198 0.002883219 -1.383226156 0.000804776 -0.002878605 0.999995530 49.755474091
0.999982774 0.005726178 -0.001271441 1.028779984 -0.005722509 0.999979496 0.002871432 -1.396583319 0.001287857 -0.002864107 0.999995053 50.279647827
0.999983191 0.005672065 -0.001149090 1.036416888 -0.005668824 0.999979913 0.002803352 -1.412304997 0.001164968 -0.002796791 0.999995410 50.814788818
0.999981165 0.006109596 -0.000628815 1.046846747 -0.006107872 0.999977708 0.002706063 -1.425518751 0.000645334 -0.002702171 0.999996126 51.394065857
0.999983728 0.005707126 -0.000033391 1.050567269 -0.005707026 0.999980688 0.002453580 -1.432470918 0.000047393 -0.002453349 0.999996960 51.964790344
0.999980688 0.006196519 0.000489908 1.056049347 -0.006197589 0.999978483 0.002215533 -1.449961185 -0.000476169 -0.002218527 0.999997437 52.498935699
0.999980569 0.006211343 -0.000543987 1.073877096 -0.006209911 0.999977350 0.002594452 -1.459473968 0.000560088 -0.002591024 0.999996424 52.988986969
0.999976337 0.006865454 -0.000473654 1.082097292 -0.006864253 0.999973357 0.002491103 -1.470820665 0.000490744 -0.002487793 0.999996781 53.507545471
0.999976635 0.006832073 -0.000246496 1.091344118 -0.006831518 0.999974251 0.002181944 -1.481571913 0.000261396 -0.002180209 0.999997616 54.021255493
0.999971151 0.007585045 0.000039655 1.095714450 -0.007585109 0.999969423 0.001899054 -1.489194632 -0.000025250 -0.001899300 0.999998212 54.538543701
0.999969661 0.007781746 0.000051550 1.106078267 -0.007781828 0.999968052 0.001801024 -1.502285838 -0.000037534 -0.001801371 0.999998391 55.087841034
0.999973834 0.007220579 0.000133948 1.122113585 -0.007220787 0.999972582 0.001624911 -1.505127668 -0.000122211 -0.001625836 0.999998689 55.599170685
0.999974370 0.007158780 0.000209983 1.127748728 -0.007159182 0.999972463 0.001967114 -1.520355582 -0.000195895 -0.001968567 0.999998033 56.125740051
0.999974072 0.007195962 0.000333956 1.143474936 -0.007196564 0.999972403 0.001840489 -1.535349250 -0.000320703 -0.001842845 0.999998271 56.647949219
0.999970257 0.007677941 0.000638424 1.153672814 -0.007679153 0.999968648 0.001919657 -1.547560811 -0.000623665 -0.001924502 0.999997973 57.169433594
0.999972522 0.007397957 0.000334166 1.166783452 -0.007398549 0.999970973 0.001807060 -1.562244058 -0.000320788 -0.001809483 0.999998391 57.720890045
0.999971211 0.007535581 0.000885723 1.179607034 -0.007536924 0.999970376 0.001519587 -1.564333320 -0.000874246 -0.001526219 0.999998391 58.242038727
0.999967694 0.007987261 0.000931489 1.187803388 -0.007987884 0.999967873 0.000667805 -1.574037790 -0.000926126 -0.000675224 0.999999285 58.783275604
0.999970138 0.007700927 0.000609806 1.206921101 -0.007701608 0.999969721 0.001127094 -1.589925766 -0.000601108 -0.001131757 0.999999166 59.297218323
0.999971688 0.007503575 0.000526162 1.222266197 -0.007504095 0.999971271 0.000992441 -1.602545023 -0.000518700 -0.000996361 0.999999344 59.831272125
0.999973297 0.007306604 0.000119130 1.235438943 -0.007306749 0.999972463 0.001261934 -1.614574075 -0.000109906 -0.001262771 0.999999225 60.386108398
0.999966204 0.008185158 0.000807566 1.244278431 -0.008185912 0.999966085 0.000935717 -1.628546119 -0.000799879 -0.000942296 0.999999225 60.911678314
0.999965250 0.008250789 0.001175524 1.256942034 -0.008252140 0.999965310 0.001149499 -1.641328692 -0.001165999 -0.001159159 0.999998629 61.461315155
0.999962330 0.008575530 0.001357796 1.266423702 -0.008576531 0.999962866 0.000731942 -1.655211806 -0.001351469 -0.000743560 0.999998748 62.002792358
0.999959767 0.008806480 0.001650872 1.277595639 -0.008807928 0.999960840 0.000872452 -1.674479842 -0.001643123 -0.000886958 0.999998271 62.538513184
0.999956131 0.009226628 0.001608752 1.291713238 -0.009228080 0.999956965 0.000896981 -1.687432647 -0.001600407 -0.000911788 0.999998331 63.081325531
0.999953985 0.009441435 0.001698416 1.302163482 -0.009442449 0.999955177 0.000590066 -1.701234579 -0.001692769 -0.000606076 0.999998331 63.622760773
0.999953151 0.009509896 0.001788502 1.319223046 -0.009511107 0.999954522 0.000670686 -1.718991518 -0.001782043 -0.000687665 0.999998093 64.132156372
0.999945879 0.010151844 0.002266736 1.324368000 -0.010152997 0.999948323 0.000498473 -1.729224920 -0.002261558 -0.000521460 0.999997318 64.662208557
0.999953449 0.009444769 0.001972331 1.346920729 -0.009446017 0.999955177 0.000624781 -1.746753693 -0.001966342 -0.000643382 0.999997854 65.182579041
0.999951005 0.009645528 0.002231775 1.359745502 -0.009646445 0.999953389 0.000399398 -1.757616520 -0.002227819 -0.000420908 0.999997377 65.708648682
0.999952734 0.009468510 0.002203377 1.372282267 -0.009469665 0.999955058 0.000514267 -1.775079370 -0.002198408 -0.000535108 0.999997437 66.246879578
0.999952674 0.009496935 0.002123662 1.389723539 -0.009497084 0.999954879 0.000060247 -1.792713404 -0.002122994 -0.000080413 0.999997735 66.766159058
0.999951839 0.009592787 0.002071098 1.404582977 -0.009592859 0.999953985 0.000023890 -1.805584431 -0.002070774 -0.000043757 0.999997854 67.284957886
0.999954700 0.009294805 0.002037308 1.417695045 -0.009295066 0.999956727 0.000118183 -1.825051308 -0.002036122 -0.000137114 0.999997854 67.795555115
0.999951661 0.009632797 0.001965576 1.429825664 -0.009633156 0.999953568 0.000173461 -1.841428638 -0.001963814 -0.000192387 0.999998033 68.311256409
0.999948978 0.009905871 0.001980443 1.439148068 -0.009907116 0.999950647 0.000619675 -1.859959364 -0.001974207 -0.000639264 0.999997854 68.822860718
0.999947727 0.010024439 0.001978775 1.454146266 -0.010024806 0.999949694 0.000176434 -1.875196457 -0.001976907 -0.000196262 0.999997973 69.335098267
0.999951422 0.009592200 0.002265971 1.466983914 -0.009593427 0.999953866 0.000532365 -1.893215299 -0.002260760 -0.000554078 0.999997318 69.852409363
0.999952435 0.009442999 0.002404615 1.479234695 -0.009442680 0.999955356 -0.000143798 -1.903691411 -0.002405865 0.000121085 0.999997139 70.403266907
0.999956787 0.009100681 0.001901680 1.494099498 -0.009100870 0.999958515 0.000090471 -1.916132808 -0.001900778 -0.000107774 0.999998152 70.868247986
0.999957681 0.008985044 0.001987131 1.502929449 -0.008985845 0.999959469 0.000395511 -1.934562922 -0.001983497 -0.000413351 0.999997973 71.376998901
0.999955893 0.009191559 0.001944767 1.512863398 -0.009191718 0.999957740 0.000072521 -1.947044373 -0.001944018 -0.000090393 0.999998093 71.907211304
0.999958873 0.008908782 0.001685921 1.526236057 -0.008909272 0.999960244 0.000284383 -1.963153481 -0.001683320 -0.000299392 0.999998450 72.413635254
0.999957919 0.009035008 0.001557792 1.537424564 -0.009035735 0.999959052 0.000459783 -1.978198290 -0.001553574 -0.000473840 0.999998689 72.934532166
0.999957860 0.009027470 0.001680551 1.549883485 -0.009028039 0.999959171 0.000330276 -1.995463967 -0.001677501 -0.000345434 0.999998510 73.451004028
0.999959707 0.008846056 0.001470241 1.565690756 -0.008846697 0.999960721 0.000430161 -2.006580830 -0.001466378 -0.000443150 0.999998808 73.973030090
0.999954104 0.009397677 0.001867696 1.573620319 -0.009398535 0.999955714 0.000451244 -2.022715807 -0.001863373 -0.000468776 0.999998152 74.504188538
0.999951124 0.009637238 0.002205853 1.584282279 -0.009637848 0.999953508 0.000266446 -2.039107084 -0.002203183 -0.000287693 0.999997556 75.022911072
0.999949694 0.009824689 0.002035091 1.593102574 -0.009825367 0.999951661 0.000323735 -2.052886963 -0.002031812 -0.000343714 0.999997854 75.542175293
0.999952972 0.009403226 0.002328874 1.605683446 -0.009403070 0.999955714 -0.000077666 -2.066214085 -0.002329501 0.000055764 0.999997199 76.064514160
0.999946713 0.009978789 0.002639235 1.613119960 -0.009978702 0.999950111 -0.000046049 -2.082141161 -0.002639564 0.000019711 0.999996483 76.613784790
0.999952912 0.009408463 0.002373754 1.632511377 -0.009409649 0.999955595 0.000489387 -2.100936174 -0.002369045 -0.000511700 0.999997020 77.068183899
0.999953389 0.009371188 0.002288934 1.651304722 -0.009371187 0.999956012 -0.000012086 -2.118695498 -0.002288947 -0.000009365 0.999997377 77.584571838
0.999943972 0.010222801 0.002751487 1.660515547 -0.010223223 0.999947727 0.000139173 -2.131210089 -0.002749921 -0.000167294 0.999996185 78.122871399
0.999943197 0.010367291 0.002439621 1.674117088 -0.010366268 0.999946058 -0.000432283 -2.145312309 -0.002443971 0.000406969 0.999996901 78.676979065
0.999943674 0.010259287 0.002729593 1.692421794 -0.010258999 0.999947309 -0.000119156 -2.166959286 -0.002730672 0.000091147 0.999996185 79.185356140
0.999939024 0.010341991 0.003867133 1.703854084 -0.010341768 0.999946535 -0.000078024 -2.180809021 -0.003867733 0.000038026 0.999992490 79.758338928
0.999929845 0.010600782 0.005292971 1.717321038 -0.010601060 0.999943793 0.000024246 -2.198522091 -0.005292417 -0.000080356 0.999985933 80.308303833
0.999932110 0.010066962 0.005867584 1.742534161 -0.010063926 0.999949217 -0.000546864 -2.214071989 -0.005872792 0.000487775 0.999982655 80.927078247
0.999922633 0.010135949 0.007204320 1.750659943 -0.010131403 0.999948382 -0.000666743 -2.232182026 -0.007210705 0.000593702 0.999973834 81.501266479
0.999892056 0.010276538 0.010495946 1.773737192 -0.010267863 0.999946892 -0.000880141 -2.245012999 -0.010504430 0.000772275 0.999944508 82.072502136
0.999841392 0.010680187 0.014253077 1.793728590 -0.010669021 0.999942720 -0.000859384 -2.261051178 -0.014261440 0.000707181 0.999898016 82.633781433
0.999798238 0.010111302 0.017356561 1.818702459 -0.010099790 0.999948680 -0.000750858 -2.279814005 -0.017363263 0.000575409 0.999849081 83.199165344
0.999712765 0.010238538 0.021668542 1.845712662 -0.010222381 0.999947309 -0.000856434 -2.296869516 -0.021676172 0.000634683 0.999764860 83.775352478
0.999557078 0.010726877 0.027760431 1.879796863 -0.010703945 0.999942243 -0.000974638 -2.313757658 -0.027769284 0.000677061 0.999614060 84.337638855
0.999370039 0.010692772 0.033838302 1.916419268 -0.010663125 0.999942720 -0.001056486 -2.332053661 -0.033847652 0.000694998 0.999426782 84.895225525
0.999151886 0.010639972 0.039778315 1.954100966 -0.010604620 0.999943137 -0.001099637 -2.346266031 -0.039787762 0.000676871 0.999207854 85.470512390
0.998813212 0.009976995 0.047670543 2.003293037 -0.009920004 0.999949694 -0.001431957 -2.358443022 -0.047682438 0.000957366 0.998862088 86.051208496
0.998366356 0.010397932 0.056182377 2.049492598 -0.010320161 0.999945343 -0.001674167 -2.378561258 -0.056196719 0.001091621 0.998419046 86.597633362
0.997937858 0.010243160 0.063367151 2.099448681 -0.010137725 0.999946654 -0.001985139 -2.392724514 -0.063384108 0.001338646 0.997988284 87.152900696
0.997311950 0.010457079 0.072521992 2.153569698 -0.010325300 0.999944270 -0.002191758 -2.408565283 -0.072540872 0.001437054 0.997364521 87.714683533
0.996544242 0.009609810 0.082506038 2.225666046 -0.009476877 0.999953091 -0.002002671 -2.431280851 -0.082521409 0.001213851 0.996588528 88.242012024
0.995804369 0.009640916 0.090998568 2.292271137 -0.009466977 0.999952376 -0.002342892 -2.441152811 -0.091016814 0.001471580 0.995848238 88.803718567
0.995041132 0.009892959 0.098971128 2.359964371 -0.009671273 0.999949515 -0.002719435 -2.458972216 -0.098993033 0.001748774 0.995086610 89.366302490
0.994030893 0.010105329 0.108629994 2.444112301 -0.009865096 0.999947488 -0.002748688 -2.476853609 -0.108652078 0.001660635 0.994078517 89.901481628
0.992832959 0.009799904 0.119108915 2.525035858 -0.009567903 0.999951005 -0.002519537 -2.499047756 -0.119127795 0.001361858 0.992877960 90.421119690
0.991710305 0.009153913 0.128167301 2.616036415 -0.008876579 0.999956846 -0.002734896 -2.519341707 -0.128186792 0.001574537 0.991748750 90.963096619
0.990196228 0.008403474 0.139430285 2.713045120 -0.008085386 0.999963224 -0.002847632 -2.536381245 -0.139449090 0.001692368 0.990227759 91.494377136
0.988296807 0.008236826 0.152320817 2.821953773 -0.007840448 0.999964118 -0.003202733 -2.541475534 -0.152341723 0.001970987 0.988325894 92.093948364
0.986542225 0.008192562 0.163300991 2.915635109 -0.007826309 0.999965131 -0.002886035 -2.558215857 -0.163318917 0.001569151 0.986572027 92.645538330
0.984799325 0.008303362 0.173497260 3.049546242 -0.007790361 0.999963045 -0.003637591 -2.572594643 -0.173521087 0.002230690 0.984827638 93.198814392
0.982462108 0.007388969 0.186315939 3.169520378 -0.007007098 0.999971807 -0.002708052 -2.596427917 -0.186330676 0.001355025 0.982486129 93.710823059
0.980057597 0.006982106 0.198590830 3.310193062 -0.006374823 0.999972820 -0.003697153 -2.612219810 -0.198611259 0.002357441 0.980075538 94.280876160
0.978036165 0.006693533 0.208327860 3.438610077 -0.006052177 0.999974728 -0.003715852 -2.623812199 -0.208347499 0.002373400 0.978051960 94.814216614
0.975134134 0.006043723 0.221533537 3.593326569 -0.005290647 0.999977946 -0.003992632 -2.648002625 -0.221552804 0.002721296 0.975144565 95.367683411
0.972091377 0.006161947 0.234521300 3.744943619 -0.005304182 0.999976695 -0.004288106 -2.661396265 -0.234542236 0.002924488 0.972101510 95.901451111
0.969317436 0.005687580 0.245746464 3.901617050 -0.004793893 0.999979496 -0.004234693 -2.680484056 -0.245765522 0.002926680 0.969324827 96.420768738
0.966368854 0.005784027 0.257094800 4.069229126 -0.004957127 0.999980271 -0.003864327 -2.724756241 -0.257112086 0.002459914 0.966378391 96.989311218
0.962736130 0.006135318 0.270372927 4.238271713 -0.005714603 0.999980927 -0.002343231 -2.751964569 -0.270382106 0.000710840 0.962752759 97.499717712
0.959133387 0.004770890 0.282914132 4.438898087 -0.003841088 0.999985218 -0.003841104 -2.771202087 -0.282928377 0.002597433 0.959137499 98.083862305
0.955829263 0.005006708 0.293879956 4.625736237 -0.004268802 0.999985933 -0.003152280 -2.794968843 -0.293891639 0.001758526 0.955837131 98.600433350
0.951183617 0.004775238 0.308588564 4.842451096 -0.003806455 0.999985754 -0.003741334 -2.813945532 -0.308602035 0.002384067 0.951188266 99.213562012
0.946614027 0.003742966 0.322347462 5.059215546 -0.002826740 0.999990523 -0.003310402 -2.836591005 -0.322356790 0.002222481 0.946615636 99.757080078
0.942537010 0.003620780 0.334082305 5.266510010 -0.002501877 0.999989688 -0.003779402 -2.849112511 -0.334092557 0.002726394 0.942536354 100.271575928
0.937851191 0.003787188 0.347016960 5.485649109 -0.002702473 0.999989808 -0.003609715 -2.866686583 -0.347027063 0.002447572 0.937851906 100.830490112
0.932609677 0.002723347 0.360876292 5.705379486 -0.001603888 0.999992967 -0.003401516 -2.896818161 -0.360882968 0.002593482 0.932607591 101.261215210
0.928035557 0.002207192 0.372485101 5.951931000 -0.000936709 0.999993145 -0.003591761 -2.911263943 -0.372490436 0.002984371 0.928031206 101.765396118
0.923042297 0.001658521 0.384694874 6.174036026 -0.000178394 0.999992430 -0.003883193 -2.946817398 -0.384698421 0.003515724 0.923035622 102.331901550
0.916939557 0.001720475 0.399022609 6.413345337 -0.000274611 0.999993265 -0.003680647 -2.964107513 -0.399026245 0.003265354 0.916933775 102.831199646
0.911044955 0.001137941 0.412305474 6.679336548 0.000718258 0.999990284 -0.004347008 -2.975585699 -0.412306488 0.004256462 0.911035299 103.395332336
0.905996799 0.000562229 0.423284143 6.925899506 0.001278884 0.999990940 -0.004065563 -2.997207642 -0.423282504 0.004224719 0.905987918 103.872375488
0.900052369 -0.001648434 0.435778588 7.220821381 0.004004905 0.999981880 -0.004489020 -3.012314320 -0.435763299 0.005785605 0.900042713 104.459587097
0.893397987 -0.001617371 0.449263126 7.488948822 0.003804800 0.999984860 -0.003966169 -3.031920195 -0.449249893 0.005252724 0.893390715 104.946205139
0.887382030 -0.000285463 0.461034715 7.767852783 0.002453924 0.999988496 -0.004104047 -3.052567244 -0.461028337 0.004773202 0.887372613 105.412040710
0.881546497 -0.000675290 0.472096741 8.050308228 0.002810499 0.999988735 -0.003817657 -3.068685293 -0.472088814 0.004692270 0.881538510 105.901252747
0.873751342 -0.002751376 0.486365080 8.335945129 0.005105427 0.999980807 -0.003514953 -3.094675064 -0.486346126 0.005554297 0.873748600 106.362915039
