1.000000000 0.000000000 0.000000000 0.000000000 0.000000000 1.000000000 0.000000000 0.000000000 0.000000000 0.000000000 1.000000000 0.000000000
1.000000000 0.000057907 -0.000025651 0.000259645 -0.000057907 1.000000000 0.000018535 0.000521502 0.000025652 -0.000018533 1.000000000 0.002359204
1.000000000 0.000024317 -0.000039315 0.000953175 -0.000024315 1.000000000 0.000056958 -0.001091444 0.000039316 -0.000056957 1.000000000 0.001099915
1.000000000 -0.000037213 -0.000037437 0.000597330 0.000037211 1.000000000 -0.000040265 0.000412480 0.000037438 0.000040263 1.000000000 -0.001642836
1.000000000 -0.000161764 -0.000114074 0.001332935 0.000161770 1.000000000 0.000055613 -0.000590364 0.000114065 -0.000055632 1.000000000 0.000382040
1.000000000 -0.000146578 -0.000116038 -0.000512149 0.000146583 1.000000000 0.000042797 0.000169341 0.000116032 -0.000042814 1.000000000 -0.000539060
1.000000000 -0.000120000 -0.000050053 0.000683690 0.000120003 1.000000000 0.000065623 -0.000802298 0.000050045 -0.000065629 1.000000000 0.001248660
1.000000000 -0.000149150 -0.000063093 0.000066397 0.000149155 1.000000000 0.000087439 -0.000885611 0.000063080 -0.000087449 1.000000000 -0.000484417
1.000000000 -0.000041544 -0.000087892 0.000576650 0.000041549 1.000000000 0.000063081 -0.000047275 0.000087889 -0.000063085 1.000000000 -0.001785523
1.000000000 -0.000013737 0.000000101 -0.000453584 0.000013737 1.000000000 0.000047819 0.000594938 -0.000000102 -0.000047819 1.000000000 0.002675082
1.000000000 -0.000090199 -0.000053576 0.000753893 0.000090200 1.000000000 0.000015039 0.000592784 0.000053575 -0.000015044 1.000000000 0.000129660
1.000000000 -0.000112186 -0.000124234 0.001048106 0.000112193 1.000000000 0.000058438 0.000103761 0.000124227 -0.000058452 1.000000000 -0.000339059
1.000000000 -0.000097096 -0.000052469 -0.000083708 0.000097095 1.000000000 -0.000020539 0.001668288 0.000052471 0.000020534 1.000000000 0.002402778
0.999999940 -0.000217575 -0.000126202 0.000970590 0.000217588 1.000000000 0.000101692 0.000148949 0.000126179 -0.000101719 1.000000000 -0.001453587
1.000000000 -0.000111010 -0.000143390 0.001112758 0.000111019 1.000000000 0.000057669 -0.000535078 0.000143384 -0.000057685 1.000000000 -0.002239778
1.000000000 -0.000151128 -0.000168717 0.003246746 0.000151149 1.000000000 0.000125512 -0.000850657 0.000168698 -0.000125538 1.000000000 -0.005155762
1.000000000 -0.000116119 -0.000065627 0.001409349 0.000116124 1.000000000 0.000077443 -0.000274455 0.000065618 -0.000077451 1.000000000 -0.003109523
1.000000000 -0.000057033 -0.000069630 0.001367896 0.000057035 1.000000000 0.000033877 -0.000093479 0.000069628 -0.000033881 1.000000000 -0.000712760
1.000000000 -0.000009942 -0.000119708 0.001729292 0.000009957 1.000000000 0.000126017 -0.000919855 0.000119707 -0.000126018 1.000000000 -0.003567442
0.999999940 -0.000221194 -0.000139748 0.001580519 0.000221203 1.000000000 0.000070177 -0.000033488 0.000139733 -0.000070208 1.000000000 -0.003215865
1.000000000 -0.000188378 -0.000104533 0.000879184 0.000188388 1.000000000 0.000095078 0.000298567 0.000104515 -0.000095097 1.000000000 0.001184126
1.000000000 -0.000213841 -0.000115309 0.000502777 0.000213854 0.999999940 0.000118610 -0.001593571 0.000115284 -0.000118635 1.000000000 -0.003703115
1.000000000 -0.000067862 -0.000158171 0.003547331 0.000067880 1.000000000 0.000111237 -0.000597675 0.000158163 -0.000111248 1.000000000 -0.002284538
1.000000000 -0.000101128 -0.000162640 0.003524245 0.000101143 1.000000000 0.000091813 -0.001035906 0.000162631 -0.000091829 1.000000000 -0.001934071
0.999999940 -0.000193148 -0.000188632 0.003137761 0.000193172 1.000000000 0.000125359 -0.001103847 0.000188608 -0.000125396 1.000000000 -0.005196854
0.999999940 -0.000171581 -0.000185728 0.002724719 0.000171596 1.000000000 0.000078172 0.000354509 0.000185714 -0.000078204 1.000000000 -0.001496787
1.000000000 -0.000152345 -0.000144752 0.003083853 0.000152354 1.000000000 0.000063850 0.000107030 0.000144742 -0.000063872 1.000000000 -0.003476077
0.999999940 -0.000248212 -0.000160118 0.003282723 0.000248228 0.999999940 0.000100533 -0.000788396 0.000160093 -0.000100573 1.000000000 -0.003745724
0.999999940 -0.000246636 -0.000109534 0.000287035 0.000246644 0.999999940 0.000073892 -0.001003329 0.000109516 -0.000073919 1.000000000 -0.002888228
1.000000000 -0.000066488 -0.000190684 0.002765966 0.000066517 1.000000000 0.000153450 -0.000901797 0.000190674 -0.000153463 0.999999940 -0.002963859
0.999999940 -0.000221269 -0.000188800 0.003867309 0.000221290 0.999999940 0.000111215 -0.000685159 0.000188776 -0.000111257 1.000000000 -0.003388671
0.999999940 -0.000186293 -0.000200623 0.002874492 0.000186318 1.000000000 0.000124112 -0.000333101 0.000200599 -0.000124149 1.000000000 -0.002684719
1.000000000 -0.000175359 -0.000147763 0.002487316 0.000175375 1.000000000 0.000107482 -0.000529072 0.000147745 -0.000107508 1.000000000 -0.004884345
1.000000000 -0.000085307 -0.000138336 0.002733850 0.000085316 1.000000000 0.000067189 -0.000999674 0.000138331 -0.000067200 1.000000000 -0.002964676
1.000000000 -0.000128923 -0.000144673 0.002650387 0.000128936 1.000000000 0.000089673 -0.000569486 0.000144662 -0.000089692 1.000000000 -0.001327159
0.999999940 -0.000199389 -0.000152235 0.002111941 0.000199412 0.999999940 0.000148807 -0.001656521 0.000152205 -0.000148838 1.000000000 -0.005054580
0.999999940 -0.000217668 -0.000229178 0.003276258 0.000217689 1.000000000 0.000088192 0.000303361 0.000229158 -0.000088242 0.999999940 -0.002436328
0.999999940 -0.000178310 -0.000191603 0.004676195 0.000178336 1.000000000 0.000138880 -0.000178246 0.000191579 -0.000138914 1.000000000 -0.005944130
1.000000000 -0.000175483 -0.000124520 0.001197921 0.000175495 1.000000000 0.000092658 -0.000271602 0.000124504 -0.000092680 1.000000000 -0.003501690
0.999999940 -0.000178462 -0.000193456 0.002716904 0.000178492 1.000000000 0.000154533 -0.001319435 0.000193428 -0.000154568 0.999999940 -0.004805303
0.999999940 -0.000170172 -0.000210878 0.005078433 0.000170189 1.000000000 0.000079714 -0.002019022 0.000210865 -0.000079750 1.000000000 -0.001640378
1.000000000 -0.000234663 -0.000019785 0.001434238 0.000234652 0.999999821 -0.000539084 -0.002781082 0.000019911 0.000539079 0.999999881 0.050321411
1.000000000 -0.000023946 -0.000145386 0.003323357 0.000023783 0.999999344 -0.001121746 -0.004059231 0.000145413 0.001121743 0.999999344 0.141514346
1.000000000 -0.000140625 -0.000080336 0.004162269 0.000140507 0.999998927 -0.001474340 -0.007826534 0.000080543 0.001474329 0.999998927 0.258675247
1.000000000 -0.000106683 -0.000027173 0.005912914 0.000106645 0.999999046 -0.001395709 -0.010985604 0.000027321 0.001395706 0.999999046 0.392573148
1.000000000 -0.000017759 -0.000140261 0.010085559 0.000017597 0.999999344 -0.001161083 -0.018466486 0.000140281 0.001161080 0.999999344 0.529008389
1.000000000 0.000063993 -0.000068418 0.011846884 -0.000064069 0.999999344 -0.001118154 -0.020794252 0.000068347 0.001118159 0.999999344 0.686168015
1.000000000 0.000012916 0.000082223 0.015789475 -0.000012841 0.999999583 -0.000912458 -0.024284562 -0.000082235 0.000912457 0.999999583 0.846595168
0.999999940 0.000315129 0.000219436 0.011007300 -0.000314955 0.999999642 -0.000790973 -0.026055748 -0.000219685 0.000790904 0.999999642 1.026437998
1.000000000 0.000080784 -0.000207231 0.026040073 -0.000080901 0.999999821 -0.000563248 -0.037510451 0.000207186 0.000563264 0.999999821 1.188338041
1.000000000 0.000010120 -0.000027492 0.028646117 -0.000010127 0.999999940 -0.000268942 -0.041583229 0.000027489 0.000268943 0.999999940 1.366334677
1.000000000 0.000174862 -0.000105642 0.030428383 -0.000174896 0.999999940 -0.000320230 -0.049046703 0.000105586 0.000320248 0.999999940 1.573904157
0.999999940 0.000144783 0.000232061 0.030985782 -0.000144717 0.999999940 -0.000285817 -0.054283798 -0.000232103 0.000285783 0.999999940 1.776537776
1.000000000 -0.000222994 -0.000095566 0.041898645 0.000223002 1.000000000 0.000075940 -0.059751850 0.000095549 -0.000075961 1.000000000 1.967145801
1.000000000 0.000156742 0.000091127 0.038444567 -0.000156748 1.000000000 0.000066173 -0.068565995 -0.000091116 -0.000066187 1.000000000 2.189069033
0.999999940 -0.000158279 -0.000362276 0.045137342 0.000158376 0.999999940 0.000267149 -0.072129391 0.000362233 -0.000267206 0.999999881 2.400965214
0.999999940 -0.000248039 -0.000161397 0.061055019 0.000248087 0.999999940 0.000299846 -0.084464334 0.000161322 -0.000299886 0.999999940 2.599293709
0.999999762 0.000393509 -0.000556837 0.080681451 -0.000393496 0.999999940 0.000022702 -0.085756838 0.000556846 -0.000022483 0.999999821 2.798929214
0.999999642 0.000711983 -0.000420653 0.083714612 -0.000711928 0.999999762 0.000131009 -0.091638871 0.000420747 -0.000130709 0.999999881 3.030651569
0.999999821 -0.000067757 -0.000614405 0.095355436 0.000067810 1.000000119 0.000085765 -0.097532153 0.000614399 -0.000085807 0.999999762 3.272908926
0.999999642 0.000325110 -0.000721729 0.102284200 -0.000325215 0.999999881 -0.000146161 -0.105607495 0.000721682 0.000146396 0.999999702 3.506787777
0.999999464 0.000440238 -0.000893599 0.108806670 -0.000440199 0.999999881 0.000043549 -0.113272317 0.000893618 -0.000043156 0.999999523 3.753885269
0.999999702 0.000333462 -0.000609244 0.108565971 -0.000333434 0.999999881 0.000044825 -0.120205045 0.000609259 -0.000044622 0.999999821 4.025202751
0.999999523 0.000906316 -0.000284912 0.108757325 -0.000906257 0.999999642 0.000207235 -0.128469050 0.000285100 -0.000206977 0.999999881 4.272701740
0.999999762 0.000511489 -0.000555532 0.118149281 -0.000511218 0.999999821 0.000488781 -0.138283625 0.000555782 -0.000488497 0.999999762 4.526043415
0.999999821 -0.000032181 -0.000612221 0.130533174 0.000032799 0.999999464 0.001009874 -0.150731072 0.000612188 -0.001009894 0.999999225 4.775502205
0.999999464 -0.000431907 -0.000947631 0.138073832 0.000433023 0.999999166 0.001178525 -0.158736646 0.000947121 -0.001178935 0.999998808 5.028050423
0.999999881 -0.000025481 -0.000559690 0.139591157 0.000026063 0.999999404 0.001039840 -0.162575722 0.000559663 -0.001039854 0.999999285 5.298364162
0.999999762 -0.000058969 -0.000735188 0.147130013 0.000059835 0.999999285 0.001178849 -0.172643006 0.000735118 -0.001178893 0.999999046 5.560964584
0.999999583 -0.000380910 -0.000835736 0.150677472 0.000382069 0.999998987 0.001387347 -0.184781730 0.000835207 -0.001387665 0.999998629 5.834688663
0.999999821 -0.000099833 -0.000600197 0.157026127 0.000100511 0.999999464 0.001128450 -0.198070183 0.000600084 -0.001128510 0.999999106 6.102473259
0.999999762 0.000048747 -0.000646317 0.160484850 -0.000048050 0.999999404 0.001078730 -0.205729693 0.000646369 -0.001078699 0.999999166 6.393604755
0.999999881 0.000457399 -0.000288989 0.166046023 -0.000457099 0.999999404 0.001035483 -0.214996412 0.000289462 -0.001035351 0.999999344 6.667198181
0.999999940 0.000298941 -0.000414980 0.177102268 -0.000298426 0.999999225 0.001242238 -0.227994561 0.000415351 -0.001242113 0.999999106 6.962182522
0.999999881 -0.000090433 -0.000482335 0.185263947 0.000091109 0.999999046 0.001401983 -0.234914988 0.000482208 -0.001402027 0.999998868 7.263441563
0.999999702 0.000661604 -0.000253362 0.190399468 -0.000661253 0.999998808 0.001384677 -0.251381814 0.000254278 -0.001384509 0.999998987 7.558424950
0.999999642 -0.000464089 -0.000714889 0.206263646 0.000465330 0.999998331 0.001737444 -0.270554334 0.000714082 -0.001737776 0.999998212 7.847687244
0.999999702 -0.000417414 -0.000595343 0.210296139 0.000418458 0.999998331 0.001754177 -0.277644217 0.000594610 -0.001754426 0.999998271 8.166566849
0.999999762 -0.000525928 -0.000685035 0.216864139 0.000527211 0.999998152 0.001873412 -0.286794573 0.000684049 -0.001873772 0.999997973 8.497900963
0.999999702 -0.000434575 -0.000568046 0.220985085 0.000435573 0.999998271 0.001758722 -0.294116139 0.000567281 -0.001758968 0.999998271 8.843602180
1.000000000 -0.000119333 -0.000176318 0.222287431 0.000119696 0.999997854 0.002062863 -0.314681828 0.000176072 -0.002062884 0.999997795 9.183023453
0.999999940 -0.000211233 -0.000123087 0.223042995 0.000211514 0.999997377 0.002284279 -0.336304337 0.000122604 -0.002284305 0.999997377 9.495084763
0.999999881 0.000313708 -0.000011308 0.231013522 -0.000313681 0.999997139 0.002375319 -0.345391363 0.000012053 -0.002375316 0.999997199 9.840148926
0.999999881 -0.000372656 -0.000031118 0.232936263 0.000372730 0.999996960 0.002431891 -0.353628963 0.000030212 -0.002431903 0.999997079 10.219224930
0.999999821 -0.000499288 -0.000073275 0.248663783 0.000499467 0.999996841 0.002474339 -0.365884662 0.000072040 -0.002474375 0.999996960 10.570046425
0.999999940 -0.000331618 -0.000229561 0.252205491 0.000332275 0.999995828 0.002868952 -0.378545731 0.000228608 -0.002869027 0.999995887 10.920021057
1.000000000 -0.000324938 -0.000077007 0.261109978 0.000325156 0.999995887 0.002844392 -0.389529109 0.000076082 -0.002844417 0.999996006 11.294627190
1.000000000 -0.000049953 0.000019317 0.266562790 0.000049897 0.999995708 0.002925866 -0.396441072 -0.000019463 -0.002925864 0.999995768 11.690609932
0.999999821 -0.000425479 -0.000148540 0.276789755 0.000425955 0.999994695 0.003222211 -0.411670625 0.000147168 -0.003222274 0.999994814 12.062703133
0.999999940 -0.000013325 0.000220729 0.288665682 0.000012620 0.999994814 0.003193932 -0.426834673 -0.000220770 -0.003193928 0.999994874 12.435271263
1.000000000 -0.000118157 0.000245490 0.295142204 0.000117380 0.999994934 0.003163464 -0.435707331 -0.000245862 -0.003163435 0.999994993 12.840046883
1.000000000 -0.000086556 -0.000056333 0.308336258 0.000086737 0.999994755 0.003230086 -0.450860709 0.000056053 -0.003230091 0.999994814 13.239839554
1.000000000 0.000002084 0.000235416 0.313835710 -0.000002881 0.999994278 0.003383476 -0.458886534 -0.000235407 -0.003383477 0.999994278 13.646943092
0.999999881 0.000292439 0.000367205 0.332039118 -0.000293815 0.999992907 0.003753311 -0.476926446 -0.000366105 -0.003753418 0.999992847 14.047021866
0.999999642 -0.000741662 0.000335654 0.340512633 0.000740375 0.999992430 0.003816537 -0.505507827 -0.000338482 -0.003816287 0.999992609 14.435938835
0.999999166 -0.001157023 0.000481513 0.352413505 0.001155079 0.999991238 0.004017977 -0.519087553 -0.000486158 -0.004017417 0.999991834 14.850216866
0.999999285 -0.000960152 0.000757073 0.362978756 0.000956930 0.999990523 0.004244854 -0.533018470 -0.000761141 -0.004244127 0.999990702 15.284621239
0.999999166 -0.000743670 0.001152212 0.368284017 0.000738701 0.999990463 0.004306577 -0.544149339 -0.001155404 -0.004305721 0.999990046 15.705883026
0.999998868 -0.000660718 0.001335564 0.377324373 0.000654555 0.999989152 0.004610111 -0.556248426 -0.001338595 -0.004609233 0.999988496 16.158626556
0.999998391 -0.000679218 0.001627595 0.389809936 0.000671755 0.999989331 0.004581618 -0.569534004 -0.001630690 -0.004580519 0.999988139 16.603851318
0.999998391 -0.000859350 0.001653595 0.392015427 0.000851665 0.999988854 0.004642660 -0.589272916 -0.001657566 -0.004641243 0.999987841 17.020353317
0.999997377 -0.001099835 0.002041748 0.399775952 0.001089840 0.999987483 0.004889833 -0.599421144 -0.002047100 -0.004887595 0.999985933 17.489822388
0.999997020 -0.000947818 0.002249505 0.417881370 0.000936520 0.999987006 0.005018257 -0.615263402 -0.002254232 -0.005016135 0.999984801 17.951387405
0.999996006 -0.001042801 0.002627196 0.421899617 0.001029395 0.999986410 0.005098950 -0.624316037 -0.002632478 -0.005096225 0.999983490 18.394386292
0.999996185 -0.001391315 0.002373865 0.436581343 0.001379561 0.999986827 0.004946011 -0.634868562 -0.002380716 -0.004942717 0.999984920 18.858293533
0.999996126 -0.000925007 0.002633947 0.449140310 0.000911607 0.999986649 0.005084111 -0.645378232 -0.002638615 -0.005081691 0.999983609 19.352062225
0.999996603 -0.000938944 0.002424924 0.459215432 0.000926135 0.999985635 0.005277759 -0.671728790 -0.002429844 -0.005275494 0.999983132 19.783864975
0.999996185 -0.001181958 0.002501549 0.471214235 0.001168304 0.999984443 0.005452555 -0.682835937 -0.002507955 -0.005449611 0.999981999 20.284971237
0.999996901 -0.001491052 0.001965658 0.481293499 0.001480666 0.999984980 0.005274708 -0.695782363 -0.001973493 -0.005271782 0.999984205 20.783781052
0.999997616 -0.001752307 0.001288885 0.492312700 0.001745055 0.999982774 0.005606306 -0.713870108 -0.001298687 -0.005604044 0.999983430 21.232418060
0.999997914 -0.001850451 0.000848503 0.499435693 0.001845674 0.999982595 0.005597034 -0.726969361 -0.000858846 -0.005595456 0.999983907 21.731611252
0.999998987 -0.001204720 0.000780789 0.508721232 0.001200184 0.999982536 0.005783552 -0.740224004 -0.000787743 -0.005782609 0.999982953 22.244657516
0.999998450 -0.001748521 0.000242697 0.515323043 0.001747081 0.999981582 0.005813412 -0.752637863 -0.000252858 -0.005812979 0.999983072 22.715255737
0.999997437 -0.002194275 -0.000523305 0.525919974 0.002197183 0.999981761 0.005622406 -0.767104387 0.000510959 -0.005623543 0.999984086 23.243104935
0.999994099 -0.003278267 -0.000993686 0.532970965 0.003283896 0.999978185 0.005717855 -0.781919718 0.000974920 -0.005721083 0.999983132 23.725303650
0.999995649 -0.002668231 -0.001313528 0.547234893 0.002675512 0.999980927 0.005572272 -0.789276540 0.001298635 -0.005575762 0.999983668 24.270795822
0.999993324 -0.002676183 -0.002488872 0.562308788 0.002690386 0.999979973 0.005721021 -0.803938329 0.002473511 -0.005727679 0.999980509 24.794008255
0.999994218 -0.001829438 -0.002869084 0.558054388 0.001847972 0.999977291 0.006470588 -0.824350655 0.002857181 -0.006475851 0.999974966 25.277458191
0.999993145 -0.001783121 -0.003235475 0.563504696 0.001802859 0.999979734 0.006108071 -0.832765996 0.003224518 -0.006113863 0.999976158 25.838062286
0.999992907 -0.001663084 -0.003382334 0.572636783 0.001686414 0.999974668 0.006906584 -0.846714377 0.003370763 -0.006912239 0.999970496 26.370401382
0.999990165 -0.001702159 -0.004101290 0.595510483 0.001729921 0.999975562 0.006774902 -0.867948472 0.004089658 -0.006781931 0.999968708 26.909551620
0.999988437 -0.001603748 -0.004535822 0.585231304 0.001635106 0.999974668 0.006918227 -0.885005474 0.004524612 -0.006925563 0.999965787 27.380870819
0.999986351 -0.001808597 -0.004898844 0.590678930 0.001843432 0.999972939 0.007115686 -0.893808424 0.004885842 -0.007124620 0.999962628 27.926507950
0.999985158 -0.000968096 -0.005374982 0.600431025 0.001005519 0.999975204 0.006964100 -0.912867367 0.005368107 -0.006969400 0.999961317 28.475578308
0.999984443 -0.002004430 -0.005215087 0.603894472 0.002041984 0.999971926 0.007205758 -0.924892783 0.005200498 -0.007216295 0.999960423 29.024465561
0.999978960 -0.002448203 -0.005998448 0.621245384 0.002494986 0.999966562 0.007804254 -0.946333647 0.005979140 -0.007819059 0.999951482 29.497854233
0.999979734 -0.002115288 -0.006003398 0.629958987 0.002160778 0.999968946 0.007580966 -0.956189454 0.005987174 -0.007593785 0.999953210 30.053743362
0.999976039 -0.002300465 -0.006522860 0.638670266 0.002350654 0.999967635 0.007697087 -0.966867626 0.006504940 -0.007712237 0.999949038 30.601648331
0.999970317 -0.003251089 -0.006986106 0.652000189 0.003307766 0.999961615 0.008116672 -0.999154806 0.006959449 -0.008139540 0.999942660 31.097719193
0.999965191 -0.003401898 -0.007629282 0.671594679 0.003463574 0.999961317 0.008085491 -1.017989635 0.007601482 -0.008111635 0.999938250 31.627410889
0.999964535 -0.003486076 -0.007667844 0.687744737 0.003549117 0.999959886 0.008223188 -1.028852940 0.007638869 -0.008250111 0.999936879 32.146213531
0.999968231 -0.002613596 -0.007532371 0.676720500 0.002672883 0.999965429 0.007871670 -1.036331654 0.007511538 -0.007891553 0.999940634 32.690456390
0.999965072 -0.002998239 -0.007803475 0.678001165 0.003066778 0.999956727 0.008786165 -1.073353052 0.007776794 -0.008809787 0.999930978 33.184818268
0.999960721 -0.003263377 -0.008241272 0.684563339 0.003336913 0.999954641 0.008924983 -1.082778692 0.008211772 -0.008952133 0.999926209 33.729927063
0.999958694 -0.003277664 -0.008474385 0.701109886 0.003350889 0.999957085 0.008641126 -1.092161536 0.008445700 -0.008669164 0.999926805 34.264717102
0.999964118 -0.002308699 -0.008150040 0.702713847 0.002376562 0.999962628 0.008326907 -1.099021196 0.008130510 -0.008345977 0.999932110 34.808734894
0.999965668 -0.002204002 -0.007987093 0.713693619 0.002266547 0.999966800 0.007830215 -1.102529764 0.007969569 -0.007848048 0.999937475 35.361106873
0.999959230 -0.003382582 -0.008369021 0.691154957 0.003460655 0.999950469 0.009332046 -1.165156364 0.008337040 -0.009360628 0.999921441 35.860336304
0.999956787 -0.003308471 -0.008680690 0.696824312 0.003391947 0.999948025 0.009619190 -1.177183867 0.008648414 -0.009648220 0.999916017 36.391540527
0.999948978 -0.004151658 -0.009201776 0.707657874 0.004242828 0.999941885 0.009910574 -1.193276048 0.009160098 -0.009949112 0.999908507 36.952209473
0.999950647 -0.003585346 -0.009263392 0.707120061 0.003674939 0.999946415 0.009672870 -1.199241519 0.009228215 -0.009706437 0.999910295 37.473213196
0.999956608 -0.002399313 -0.009000527 0.709231019 0.002485275 0.999951303 0.009551729 -1.207746506 0.008977171 -0.009573682 0.999913871 38.024295807
0.999960601 -0.002172694 -0.008606039 0.693470359 0.002251678 0.999955356 0.009178682 -1.222070813 0.008585713 -0.009197699 0.999920845 38.565681458
0.999948144 -0.003860407 -0.009420919 0.724230647 0.003956782 0.999939799 0.010232743 -1.272035718 0.009380849 -0.010269489 0.999903262 39.109157562
0.999942064 -0.004167628 -0.009923664 0.742550015 0.004273115 0.999934316 0.010632594 -1.289779305 0.009878700 -0.010674383 0.999894261 39.633186340
0.999950945 -0.003380727 -0.009310333 0.735669553 0.003474649 0.999943078 0.010090304 -1.294020772 0.009275689 -0.010122159 0.999905765 40.208164215
0.999949574 -0.002893995 -0.009620879 0.744457960 0.002989312 0.999946415 0.009907614 -1.301903248 0.009591691 -0.009935873 0.999904692 40.760604858
0.999946892 -0.003395085 -0.009722198 0.755011678 0.003491389 0.999944806 0.009905838 -1.305953503 0.009688030 -0.009939257 0.999903738 41.313823700
0.999940872 -0.004367815 -0.009959891 0.750842094 0.004473907 0.999933362 0.010654738 -1.342421651 0.009912687 -0.010698671 0.999893606 41.772621155
0.999932766 -0.004798967 -0.010562101 0.763725877 0.004914723 0.999927878 0.010961010 -1.352780938 0.010508736 -0.011012182 0.999884188 42.319576263
0.999929786 -0.004992580 -0.010749188 0.770610273 0.005105499 0.999931812 0.010503147 -1.363828540 0.010696017 -0.010557289 0.999887049 42.867877960
0.999934077 -0.004629843 -0.010516567 0.779924631 0.004744770 0.999929011 0.010929534 -1.375000954 0.010465219 -0.010978712 0.999884963 43.410552979
0.999938667 -0.004510981 -0.010110656 0.768884778 0.004619245 0.999931931 0.010710264 -1.390239000 0.010061654 -0.010756310 0.999891520 43.957382202
0.999935985 -0.004568928 -0.010344674 0.769575000 0.004682308 0.999928951 0.010962677 -1.405477762 0.010293852 -0.011010415 0.999886394 44.446056366
0.999932945 -0.004773196 -0.010547336 0.780913711 0.004889385 0.999927402 0.011017770 -1.414760947 0.010493982 -0.011068601 0.999883652 44.981746674
0.999928474 -0.004708768 -0.010987103 0.786602080 0.004828309 0.999929190 0.010879074 -1.417615414 0.010935098 -0.010931347 0.999880433 45.545433044
0.999940515 -0.003497790 -0.010329081 0.771587849 0.003605966 0.999938667 0.010472976 -1.426295877 0.010291815 -0.010509599 0.999891758 46.095123291
0.999934256 -0.004424767 -0.010578375 0.790767133 0.004545099 0.999924958 0.011378428 -1.459437490 0.010527235 -0.011425761 0.999879241 46.565250397
0.999937177 -0.004102649 -0.010434724 0.795335054 0.004217408 0.999930620 0.010999637 -1.465259314 0.010388874 -0.011042953 0.999885023 47.109790802
0.999933541 -0.004426264 -0.010645027 0.804293871 0.004548806 0.999923408 0.011515147 -1.480817318 0.010593244 -0.011562805 0.999876976 47.645206451
0.999931931 -0.004664550 -0.010693409 0.807554543 0.004781530 0.999928772 0.010940078 -1.481294394 0.010641618 -0.010990463 0.999882936 48.176212311
0.999930501 -0.004993296 -0.010679118 0.806748390 0.005116947 0.999919772 0.011582865 -1.503967524 0.010620425 -0.011636705 0.999875844 48.692634583
0.999933064 -0.004617369 -0.010604491 0.806453228 0.004740965 0.999920785 0.011659613 -1.510098219 0.010549814 -0.011709108 0.999875784 49.231357574
0.999933481 -0.004698397 -0.010533839 0.810545266 0.004821374 0.999920189 0.011679645 -1.523414612 0.010478124 -0.011729655 0.999876261 49.732891083
0.999934196 -0.004360145 -0.010611333 0.815058231 0.004483155 0.999922693 0.011596194 -1.531118155 0.010559954 -0.011643005 0.999876440 50.277942657
0.999931395 -0.004731857 -0.010724575 0.820559084 0.004858935 0.999917924 0.011854270 -1.541008472 0.010667603 -0.011905568 0.999872208 50.781478882
0.999930382 -0.004705943 -0.010816956 0.826188982 0.004831711 0.999920607 0.011630327 -1.551277280 0.010761366 -0.011681785 0.999873877 51.331378937
0.999931633 -0.004682641 -0.010713760 0.834811807 0.004808095 0.999919832 0.011713970 -1.559530973 0.010658049 -0.011764683 0.999873996 51.858203888
0.999927163 -0.004932714 -0.011017391 0.840537786 0.005057765 0.999922812 0.011351505 -1.567952514 0.010960547 -0.011406402 0.999874890 52.400836945
0.999921978 -0.005407678 -0.011258177 0.850776672 0.005538992 0.999916613 0.011665580 -1.584293842 0.011194154 -0.011727029 0.999868572 52.952968597
0.999929607 -0.004937240 -0.010791552 0.851527512 0.005064654 0.999917388 0.011811542 -1.590566874 0.010732343 -0.011865365 0.999871969 53.427539825
0.999931335 -0.004776219 -0.010701625 0.851232052 0.004899237 0.999921918 0.011498724 -1.601194143 0.010645866 -0.011550365 0.999876559 53.980934143
0.999929726 -0.004786040 -0.010849454 0.856066942 0.004910964 0.999921560 0.011517020 -1.606713057 0.010793482 -0.011569492 0.999874830 54.535148621
0.999930263 -0.004943490 -0.010724634 0.865759492 0.005072579 0.999914587 0.012043025 -1.617662191 0.010664184 -0.012096587 0.999869943 54.998996735
0.999925137 -0.005228139 -0.011057374 0.891239524 0.005353568 0.999921262 0.011344487 -1.602175951 0.010997193 -0.011402835 0.999874473 55.615051270
0.999931991 -0.004820398 -0.010618220 0.871669233 0.004947181 0.999916434 0.011946356 -1.635309219 0.010559746 -0.011998074 0.999872267 56.096847534
0.999934971 -0.004682614 -0.010400644 0.867298424 0.004809301 0.999914110 0.012189168 -1.651209116 0.010342672 -0.012238396 0.999871612 56.642547607
0.999941528 -0.004134201 -0.009997646 0.870433211 0.004252808 0.999920428 0.011871341 -1.651697755 0.009947774 -0.011913164 0.999879539 57.204944611
0.999930561 -0.005082034 -0.010633603 0.898260891 0.005210544 0.999913216 0.012092740 -1.667608500 0.010571226 -0.012147306 0.999870360 57.648544312
0.999926507 -0.005273381 -0.010920065 0.906157374 0.005403805 0.999913931 0.011948674 -1.679287910 0.010856114 -0.012006806 0.999868989 58.188983917
0.999922633 -0.005820315 -0.010995260 0.914269388 0.005948300 0.999914467 0.011643405 -1.685905218 0.010926551 -0.011707906 0.999871790 58.743804932
0.999923468 -0.005689141 -0.010984880 0.919110239 0.005820443 0.999911547 0.011958265 -1.696246624 0.010915876 -0.012021286 0.999868274 59.292625427
0.999928653 -0.005323011 -0.010689682 0.921916246 0.005452155 0.999912083 0.012088625 -1.711557627 0.010624396 -0.012146045 0.999869764 59.735221863
0.999922454 -0.005692326 -0.011081508 0.939105451 0.005829183 0.999906659 0.012357127 -1.721379042 0.011010133 -0.012420764 0.999862194 60.280506134
0.999916434 -0.006333059 -0.011276769 0.944092810 0.006471328 0.999903798 0.012267501 -1.729084969 0.011197995 -0.012339450 0.999861062 60.821735382
0.999930680 -0.005501867 -0.010407618 0.935712457 0.005629242 0.999909103 0.012249226 -1.739174604 0.010339281 -0.012306964 0.999870777 61.383415222
0.999928176 -0.005707986 -0.010537645 0.919370949 0.005837068 0.999907792 0.012259784 -1.734399676 0.010466696 -0.012320412 0.999869287 61.948059082
0.999931514 -0.005398650 -0.010386478 0.918011606 0.005527166 0.999908090 0.012384837 -1.753854632 0.010318662 -0.012441396 0.999869347 62.475574493
0.999932885 -0.005046385 -0.010420326 0.926080346 0.005178723 0.999905765 0.012712340 -1.787193656 0.010355192 -0.012765449 0.999864876 62.917671204
0.999933958 -0.004748133 -0.010463784 0.934141695 0.004875346 0.999914169 0.012165728 -1.787940383 0.010405119 -0.012215939 0.999871254 63.467929840
0.999929845 -0.005088898 -0.010690023 0.945432007 0.005215951 0.999915659 0.011891123 -1.796491623 0.010628608 -0.011946048 0.999872148 64.006210327
0.999933124 -0.005197842 -0.010331312 0.962060809 0.005323097 0.999912262 0.012133518 -1.812064648 0.010267337 -0.012187701 0.999873042 64.537025452
0.999926567 -0.005593635 -0.010739786 0.971599996 0.005720902 0.999913275 0.011856118 -1.807710648 0.010672536 -0.011916691 0.999872029 65.098564148
0.999933600 -0.005175918 -0.010295428 0.957402766 0.005304206 0.999908090 0.012472618 -1.825922489 0.010229926 -0.012526399 0.999869227 65.553482056
0.999930918 -0.005108764 -0.010590379 0.968528032 0.005238055 0.999911606 0.012216644 -1.830093265 0.010527032 -0.012271272 0.999869347 66.081947327
0.999937594 -0.004579138 -0.010192406 0.965151072 0.004702466 0.999915600 0.012109008 -1.839283943 0.010136097 -0.012156181 0.999874771 66.611785889
0.999936044 -0.005233465 -0.010029221 0.967154860 0.005357161 0.999909461 0.012346694 -1.852840662 0.009963697 -0.012399632 0.999873459 67.152565002
0.999918759 -0.006498051 -0.010960519 0.980907321 0.006631440 0.999903858 0.012177793 -1.848790646 0.010880333 -0.012249488 0.999865770 67.734298706
0.999933898 -0.005087630 -0.010309657 0.969293714 0.005215582 0.999909222 0.012422279 -1.871033669 0.010245522 -0.012475226 0.999869704 68.192375183
0.999931395 -0.005214131 -0.010489390 0.977198839 0.005343141 0.999909937 0.012308944 -1.880206585 0.010424267 -0.012364145 0.999869227 68.733772278
0.999939740 -0.004699520 -0.009915644 0.978226960 0.004818990 0.999915659 0.012059401 -1.877132893 0.009858135 -0.012106458 0.999878109 69.282814026
0.999923468 -0.005996555 -0.010821432 0.996224284 0.006129453 0.999905765 0.012289912 -1.887885094 0.010746713 -0.012355302 0.999865949 69.789154053
0.999928236 -0.005908634 -0.010413167 0.984984636 0.006036586 0.999906123 0.012299298 -1.901828885 0.010339515 -0.012361276 0.999870121 70.360496521
0.999924183 -0.006209328 -0.010624225 0.986988366 0.006339666 0.999904513 0.012278632 -1.909647584 0.010546969 -0.012345057 0.999868095 70.918060303
0.999927461 -0.006223134 -0.010311026 0.981147707 0.006347874 0.999906480 0.012109489 -1.916390181 0.010234703 -0.012174065 0.999873459 71.471702576
0.999920368 -0.006307427 -0.010934189 0.998854935 0.006441122 0.999904335 0.012235388 -1.923297763 0.010855970 -0.012304841 0.999865294 72.001892090
0.999931037 -0.005606003 -0.010311047 1.005496025 0.005735208 0.999904871 0.012544058 -1.941577673 0.010239742 -0.012602329 0.999868095 72.520072937
0.999920666 -0.006457067 -0.010815849 1.041568041 0.006588950 0.999903858 0.012202597 -1.943009853 0.010736017 -0.012272893 0.999867022 73.101036072
0.999941587 -0.004530156 -0.009806514 1.008090854 0.004654181 0.999909043 0.012661499 -1.955768347 0.009748263 -0.012706405 0.999871731 73.575950623
0.999936819 -0.005067676 -0.010032815 1.005715847 0.005193505 0.999907732 0.012555629 -1.967641592 0.009968260 -0.012606942 0.999870837 74.072921753
0.999925137 -0.005710909 -0.010819652 1.022280455 0.005847673 0.999902904 0.012651089 -1.981123209 0.010746352 -0.012713411 0.999861360 74.587493896
0.999927521 -0.005853141 -0.010518551 1.014954329 0.005987072 0.999900818 0.012746699 -1.993862867 0.010442900 -0.012808750 0.999863386 75.078834534
0.999935865 -0.005208165 -0.010050714 1.041577816 0.005329534 0.999912679 0.012086893 -1.987608671 0.009986889 -0.012139685 0.999876380 75.728927612
0.999931574 -0.005126703 -0.010510105 1.049816132 0.005252955 0.999913871 0.012020208 -1.998788834 0.010447578 -0.012074595 0.999872446 76.280456543
0.999929845 -0.005620688 -0.010417413 1.060151219 0.005742923 0.999914527 0.011741234 -1.998433113 0.010350530 -0.011800240 0.999876738 76.807693481
0.999936700 -0.005272971 -0.009933961 1.057306767 0.005391882 0.999913633 0.011981592 -2.008009434 0.009869924 -0.012034398 0.999878883 77.356651306
0.999925494 -0.005946003 -0.010659725 1.081051350 0.006067751 0.999916315 0.011425573 -2.014353514 0.010590898 -0.011489402 0.999877870 77.930770874
0.999938786 -0.005033901 -0.009849373 1.071368814 0.005149420 0.999917865 0.011738620 -2.027657270 0.009789473 -0.011788620 0.999882519 78.425430298
0.999938190 -0.005505520 -0.009660838 1.077910662 0.005618155 0.999916136 0.011670774 -2.030092478 0.009595773 -0.011724330 0.999885142 78.973220825
0.999948084 -0.005352955 -0.008673667 1.085885167 0.005448901 0.999923825 0.011076232 -2.033289909 0.008613715 -0.011122920 0.999900937 79.521301270
0.999963820 -0.004987509 -0.006880156 1.091742039 0.005066700 0.999920487 0.011541041 -2.040684938 0.006822048 -0.011575483 0.999909759 80.057174683
0.999970615 -0.005439285 -0.005397796 1.104478359 0.005500633 0.999919653 0.011416339 -2.048082352 0.005335266 -0.011445695 0.999920249 80.602577209
0.999985635 -0.005009342 -0.001869843 1.120307446 0.005030089 0.999923944 0.011261356 -2.057531357 0.001813290 -0.011270601 0.999934793 81.149467468
0.999982715 -0.005620738 0.001681176 1.144807100 0.005601180 0.999919057 0.011420889 -2.065957308 -0.001745236 -0.011411276 0.999933302 81.689559937
0.999973059 -0.005537295 0.004801078 1.152441978 0.005483725 0.999923289 0.011100207 -2.067360163 -0.004862175 -0.011073581 0.999926865 82.269332886
0.999940217 -0.005319342 0.009556525 1.183904052 0.005211508 0.999922872 0.011273431 -2.068960428 -0.009615758 -0.011222952 0.999890804 82.792999268
0.999871612 -0.005712707 0.014973049 1.224212408 0.005543794 0.999920845 0.011298472 -2.085461140 -0.015036406 -0.011214013 0.999824047 83.363937378
0.999761641 -0.005737925 0.021064727 1.238375187 0.005496557 0.999918759 0.011498487 -2.092710018 -0.021128999 -0.011379964 0.999711931 83.872024536
0.999630153 -0.005889837 0.026550118 1.266079187 0.005591673 0.999920607 0.011290512 -2.095411062 -0.026614513 -0.011137879 0.999583662 84.434860229
0.999391496 -0.006171745 0.034328405 1.307608485 0.005784009 0.999918461 0.011382754 -2.101525307 -0.034395855 -0.011177273 0.999345720 84.974372864
0.999108791 -0.007509523 0.041535269 1.356555939 0.007052484 0.999913156 0.011139205 -2.111770630 -0.041615307 -0.010836350 0.999074996 85.537086487
0.998773217 -0.006781037 0.049050596 1.395241261 0.006229127 0.999915659 0.011395976 -2.116642237 -0.049123731 -0.011076454 0.998731256 86.072570801
0.998296618 -0.006751552 0.057949882 1.444841146 0.006108643 0.999917924 0.011264216 -2.124155998 -0.058021180 -0.010891036 0.998255968 86.604484558
0.997674406 -0.007303519 0.067767516 1.506057739 0.006545893 0.999913573 0.011395116 -2.135818958 -0.067844883 -0.010925015 0.997636199 87.139007568
0.997056007 -0.007760772 0.076282591 1.571703911 0.006922376 0.999912739 0.011248930 -2.140597343 -0.076363251 -0.010687755 0.997022748 87.680168152
0.996402264 -0.007248242 0.084439397 1.630724907 0.006296381 0.999913633 0.011533576 -2.159905434 -0.084515706 -0.010960419 0.996361852 88.239982605
0.995412827 -0.007306123 0.095393613 1.703653336 0.006246859 0.999915421 0.011398059 -2.157548428 -0.095468834 -0.010749863 0.995374382 88.785728455
0.994387865 -0.007750002 0.105512701 1.789459229 0.006524494 0.999907255 0.011955031 -2.182575703 -0.105595566 -0.011199520 0.994346082 89.328582764
0.993365884 -0.007671825 0.114740185 1.871109009 0.006317704 0.999906063 0.012160619 -2.191832542 -0.114822693 -0.011355049 0.993321061 89.885185242
0.992067337 -0.008109493 0.125445381 1.976869583 0.006662919 0.999906361 0.011946796 -2.200932741 -0.125530511 -0.011016194 0.992028594 90.463310242
0.990460575 -0.008380106 0.137541234 2.083703995 0.006792778 0.999904871 0.012006070 -2.211715698 -0.137628764 -0.010957252 0.990423262 91.024063110
0.988966703 -0.009330356 0.147843748 2.190156937 0.007639411 0.999898732 0.012001100 -2.221490383 -0.147940755 -0.010739249 0.988937974 91.564590454
0.987336934 -0.009724203 0.158338994 2.303131104 0.007926553 0.999896765 0.011980757 -2.228461266 -0.158439159 -0.010573960 0.987312138 92.110412598
0.985236406 -0.010238047 0.170893252 2.419396400 0.008341486 0.999895453 0.011812291 -2.233232498 -0.170996353 -0.010212395 0.985218763 92.631568909
0.982950330 -0.009865201 0.183606565 2.542184830 0.007766022 0.999896049 0.012148595 -2.244704723 -0.183707312 -0.010515574 0.982924700 93.185653687
0.981087506 -0.011012541 0.193251118 2.676058769 0.008834108 0.999887347 0.012130689 -2.250600100 -0.193362951 -0.010194066 0.981074333 93.723083496
0.978368700 -0.011113835 0.206569880 2.816308975 0.008785478 0.999887109 0.012185450 -2.259494781 -0.206681997 -0.010107046 0.978355944 94.254714966
0.975378156 -0.010871548 0.220270991 2.956996918 0.008330102 0.999887645 0.012463409 -2.267212868 -0.220381707 -0.010321654 0.975359082 94.815063477
0.972743690 -0.011113006 0.231616601 3.099588394 0.008395818 0.999883950 0.012713846 -2.274422169 -0.231730998 -0.010422703 0.972724140 95.332328796
0.969829023 -0.011831810 0.243498757 3.273054123 0.009001344 0.999878407 0.012733568 -2.288026094 -0.243619800 -0.010157567 0.969817638 95.879829407
0.966375232 -0.012135656 0.256849378 3.440137863 0.009102757 0.999874115 0.012993807 -2.298778534 -0.256974697 -0.010218854 0.966364086 96.391967773
0.962934315 -0.012215758 0.269459367 3.611614227 0.009056924 0.999875009 0.012963025 -2.307869911 -0.269584030 -0.010042067 0.962924600 96.921089172
0.959742010 -0.012717278 0.280594856 3.817945480 0.009461848 0.999871314 0.012953579 -2.311126709 -0.280723393 -0.009777149 0.959738910 97.537651062
0.955478132 -0.012706361 0.294788271 4.010251999 0.009198277 0.999869466 0.013283940 -2.319009781 -0.294918597 -0.009980968 0.955470204 98.081642151
0.951147079 -0.013182194 0.308456689 4.203687668 0.009457359 0.999863207 0.013567719 -2.325472593 -0.308593333 -0.009987708 0.951141596 98.598846436
0.947261810 -0.013547053 0.320174307 4.402847290 0.009793648 0.999863207 0.013330393 -2.331263781 -0.320311040 -0.009491698 0.947264791 99.130592346
0.942822516 -0.013428698 0.333024353 4.595739365 0.009325417 0.999859691 0.013916695 -2.341838837 -0.333164513 -0.010015381 0.942815542 99.615409851
0.937788486 -0.014489781 0.346904665 4.828035355 0.010332594 0.999850929 0.013830417 -2.348463058 -0.347053379 -0.009385577 0.937798440 100.171691895
0.933211863 -0.014622344 0.359029204 5.047685623 0.010263090 0.999848664 0.014044804 -2.357111692 -0.359180242 -0.009422027 0.933220625 100.679016113
0.929041207 -0.014856079 0.369677871 5.278955460 0.010383057 0.999846876 0.014086632 -2.359584570 -0.369830459 -0.009248674 0.929053187 101.210311890
0.923482299 -0.014422396 0.383369684 5.509576797 0.009679126 0.999850929 0.014298845 -2.365958214 -0.383518785 -0.009494047 0.923484266 101.715629578
0.917853713 -0.014726011 0.396645457 5.744991302 0.009788394 0.999847412 0.014469971 -2.372016430 -0.396798015 -0.009398794 0.917857826 102.207046509
0.913030148 -0.015861802 0.407583565 6.020217896 0.010979814 0.999837279 0.014314412 -2.380099773 -0.407744288 -0.008594299 0.913055718 102.737754822
0.906652868 -0.015901530 0.421577632 6.241256714 0.010732616 0.999835312 0.014631123 -2.386457682 -0.421740860 -0.008740718 0.906674325 103.173629761
0.899981201 -0.015937753 0.435637265 6.545982361 0.010732598 0.999838591 0.014406584 -2.389516830 -0.435796589 -0.008290136 0.900007010 103.738777161
0.893906295 -0.015827991 0.447974563 6.808734894 0.010452777 0.999840677 0.014468830 -2.398826599 -0.448132247 -0.008251199 0.893929303 104.215057373
0.888393044 -0.016563028 0.458784759 7.093746185 0.010951880 0.999829113 0.014888516 -2.407486439 -0.458952934 -0.008202297 0.888422728 104.714324951
0.881355047 -0.017498787 0.472130269 7.363456726 0.011797226 0.999817312 0.015034086 -2.412671566 -0.472307146 -0.007680541 0.881400585 105.151077271
