1.000000000 0.000000000 0.000000000 0.000000000 0.000000000 1.000000000 0.000000000 0.000000000 0.000000000 0.000000000 1.000000000 0.000000000
1.000000000 0.000062747 0.000074433 -0.000889814 -0.000062757 1.000000000 0.000132085 -0.000331390 -0.000074425 -0.000132090 1.000000000 -0.000102391
1.000000000 0.000023079 0.000077358 -0.000833752 -0.000023078 1.000000000 -0.000018477 0.000620120 -0.000077359 0.000018475 1.000000000 -0.000113752
1.000000000 -0.000003490 0.000001986 -0.000128144 0.000003490 1.000000000 -0.000011675 -0.000349026 -0.000001986 0.000011675 1.000000000 -0.000249341
1.000000000 0.000105900 0.000182519 -0.001499985 -0.000105916 1.000000000 0.000088159 -0.000370277 -0.000182509 -0.000088179 1.000000000 0.000157060
1.000000000 -0.000097463 0.000001371 -0.000179546 0.000097463 1.000000000 0.000013905 0.000038792 -0.000001372 -0.000013905 1.000000000 -0.000255259
1.000000000 0.000051811 0.000064161 -0.001224199 -0.000051817 1.000000000 0.000095645 -0.000836795 -0.000064156 -0.000095648 1.000000000 -0.001089242
1.000000000 0.000100651 0.000055368 -0.000960216 -0.000100647 1.000000000 -0.000063921 0.000148743 -0.000055374 0.000063915 1.000000000 -0.000681452
1.000000000 0.000115201 0.000151637 -0.001030443 -0.000115208 1.000000000 0.000040615 -0.000970214 -0.000151632 -0.000040632 1.000000000 -0.000368232
0.999999940 0.000206941 0.000132290 -0.001461661 -0.000206959 0.999999940 0.000133436 -0.000807741 -0.000132263 -0.000133463 1.000000000 0.000550570
1.000000000 0.000095438 0.000113104 -0.000511808 -0.000095445 1.000000000 0.000057678 -0.000568575 -0.000113098 -0.000057689 1.000000000 0.000594311
1.000000000 0.000131195 0.000127715 -0.000891479 -0.000131201 1.000000000 0.000042925 -0.000898202 -0.000127709 -0.000042942 1.000000000 -0.000046655
1.000000000 0.000084115 0.000082471 -0.000621816 -0.000084116 1.000000000 0.000011207 0.000160455 -0.000082470 -0.000011214 1.000000000 0.000056963
1.000000000 0.000113967 0.000116191 -0.001815928 -0.000113962 1.000000000 -0.000040068 0.000368465 -0.000116196 0.000040054 1.000000000 -0.000424723
1.000000000 0.000146807 0.000103095 -0.000419031 -0.000146812 1.000000000 0.000049979 0.000754843 -0.000103087 -0.000049994 1.000000000 0.001004102
0.999999940 0.000282122 0.000125456 -0.001347716 -0.000282117 0.999999940 -0.000039726 0.001020030 -0.000125467 0.000039691 1.000000000 0.000648855
0.999999940 0.000358048 0.000165549 -0.001676330 -0.000358044 0.999999940 -0.000022370 0.000647287 -0.000165557 0.000022311 1.000000000 0.001623804
0.999999940 0.000245040 0.000181975 -0.001738572 -0.000245037 0.999999940 -0.000013756 0.001435214 -0.000181979 0.000013711 1.000000000 0.002345518
0.999999940 0.000247013 0.000245850 -0.002041657 -0.000246989 0.999999940 -0.000096043 0.001438587 -0.000245874 0.000095982 0.999999940 0.001475467
0.999999940 0.000242959 0.000206951 -0.002060261 -0.000242957 1.000000000 -0.000010680 0.000754712 -0.000206954 0.000010630 1.000000000 0.002091708
0.999999940 0.000314492 0.000121036 -0.001589137 -0.000314486 0.999999940 -0.000049019 0.001311597 -0.000121052 0.000048981 1.000000000 0.001703076
0.999999940 0.000276314 0.000182552 -0.001690193 -0.000276301 0.999999940 -0.000071557 0.001421324 -0.000182572 0.000071507 1.000000000 0.002317667
0.999999940 0.000246991 0.000221075 -0.002327560 -0.000246984 0.999999940 -0.000030020 0.001292446 -0.000221082 0.000029966 1.000000000 0.001485484
0.999999940 0.000385658 0.000156503 -0.002268714 -0.000385655 0.999999940 -0.000019723 0.001398574 -0.000156511 0.000019663 1.000000000 0.002303862
0.999999940 0.000340522 0.000226449 -0.001903879 -0.000340531 0.999999940 0.000038215 0.000564143 -0.000226436 -0.000038292 1.000000000 0.001585618
0.999999940 0.000255763 0.000212900 -0.002157462 -0.000255753 0.999999940 -0.000046812 0.002324886 -0.000212912 0.000046757 1.000000000 0.002805832
0.999999940 0.000300538 0.000184663 -0.001697799 -0.000300547 0.999999940 0.000047919 0.001020749 -0.000184649 -0.000047975 1.000000000 0.001876005
0.999999940 0.000370806 0.000107902 -0.002025696 -0.000370799 0.999999940 -0.000061545 0.001833847 -0.000107925 0.000061505 1.000000000 0.001396731
0.999999940 0.000379225 0.000116948 -0.001858682 -0.000379211 0.999999940 -0.000121790 0.002560811 -0.000116994 0.000121745 1.000000000 0.001580658
0.999999881 0.000379031 0.000195811 -0.001399344 -0.000379027 0.999999940 -0.000025060 0.001270949 -0.000195820 0.000024986 1.000000000 0.002171108
0.999999881 0.000372234 0.000305374 -0.002580351 -0.000372213 0.999999940 -0.000067917 0.002086256 -0.000305400 0.000067803 0.999999940 0.002387349
0.999999881 0.000416413 0.000215353 -0.001963790 -0.000416395 0.999999881 -0.000079870 0.001996933 -0.000215386 0.000079780 1.000000000 0.002850019
0.999999940 0.000347131 0.000177219 -0.001635927 -0.000347128 0.999999940 -0.000019868 0.000461312 -0.000177226 0.000019807 1.000000000 0.000918882
0.999999821 0.000444345 0.000318433 -0.003172282 -0.000444345 0.999999881 -0.000001873 0.000948207 -0.000318433 0.000001732 0.999999940 0.001830592
0.999999881 0.000387386 0.000207153 -0.001479592 -0.000387367 0.999999940 -0.000093514 0.001674271 -0.000207189 0.000093434 1.000000000 0.001588177
0.999999940 0.000354429 0.000219081 -0.002916196 -0.000354418 0.999999940 -0.000049787 0.001676722 -0.000219099 0.000049709 1.000000000 0.001786238
0.999999881 0.000407499 0.000164162 -0.002158626 -0.000407482 0.999999940 -0.000103456 0.002607807 -0.000164204 0.000103389 1.000000000 0.001942188
0.999999881 0.000450656 0.000248069 -0.002389783 -0.000450644 0.999999881 -0.000047651 0.002009833 -0.000248091 0.000047539 0.999999940 0.002137523
0.999999881 0.000457639 0.000206687 -0.001462299 -0.000457637 0.999999881 -0.000009008 0.001853991 -0.000206691 0.000008913 1.000000000 0.001131042
0.999999940 0.000303750 0.000168713 -0.001058988 -0.000303735 0.999999940 -0.000092463 0.001045350 -0.000168741 0.000092412 1.000000000 0.001185376
0.999999821 0.000474317 0.000320956 -0.001448815 -0.000474136 0.999999702 -0.000564730 -0.002505931 -0.000321223 0.000564578 0.999999762 0.048368547
0.999999762 0.000660939 0.000271341 0.000019919 -0.000660614 0.999999046 -0.001197611 -0.003125349 -0.000272132 0.001197432 0.999999225 0.139290377
0.999996006 0.002821341 0.000062713 -0.003636466 -0.002821278 0.999995530 -0.000976146 -0.010767154 -0.000065467 0.000975965 0.999999523 0.247195378
0.999994755 0.003238447 0.000194204 -0.001563952 -0.003238311 0.999994516 -0.000696734 -0.016282644 -0.000196459 0.000696101 0.999999702 0.377469271
0.999994278 0.003364334 0.000238827 0.000097669 -0.003364226 0.999994218 -0.000451372 -0.020075489 -0.000240344 0.000450565 0.999999881 0.520130992
0.999995828 0.002904703 0.000194732 0.004099407 -0.002904646 0.999995708 -0.000292871 -0.025246499 -0.000195582 0.000292305 0.999999940 0.672139347
0.999996185 0.002780152 0.000065049 0.011048476 -0.002780156 0.999996126 0.000067497 -0.029790225 -0.000064861 -0.000067677 1.000000000 0.837030768
0.999995768 0.002902665 0.000299249 0.011269521 -0.002902614 0.999995708 -0.000170116 -0.030493772 -0.000299741 0.000169247 0.999999940 1.006204605
0.999996424 0.002669952 0.000099406 0.016087506 -0.002669934 0.999996364 -0.000177955 -0.033158116 -0.000099881 0.000177689 1.000000000 1.184404731
0.999996006 0.002825907 0.000292735 0.021511182 -0.002825977 0.999996006 0.000237960 -0.040419642 -0.000292062 -0.000238786 0.999999940 1.371394157
0.999995351 0.003053529 0.000255353 0.022211228 -0.003053570 0.999995351 0.000159190 -0.041495062 -0.000254866 -0.000159969 0.999999940 1.565688133
0.999994755 0.003137596 0.000723117 0.021292232 -0.003137768 0.999995053 0.000237159 -0.054004464 -0.000722370 -0.000239427 0.999999702 1.758249402
0.999994934 0.003138650 0.000536018 0.024951592 -0.003138919 0.999994993 0.000501422 -0.062951818 -0.000534441 -0.000503102 0.999999702 1.958682299
0.999996483 0.002609421 0.000553656 0.031269401 -0.002609658 0.999996543 0.000427679 -0.068521239 -0.000552538 -0.000429122 0.999999762 2.173803091
0.999994695 0.003169342 0.000777500 0.031004690 -0.003169913 0.999994695 0.000734072 -0.077542894 -0.000775169 -0.000736533 0.999999404 2.395107746
0.999992788 0.003717382 0.000828936 0.036262691 -0.003717962 0.999992847 0.000698136 -0.085701287 -0.000826335 -0.000701213 0.999999404 2.613041162
0.999992490 0.003713090 0.001109192 0.037535232 -0.003713849 0.999992907 0.000682446 -0.089955606 -0.001106650 -0.000686560 0.999999106 2.847874403
0.999993503 0.003456104 0.000978129 0.047576562 -0.003456658 0.999993861 0.000564887 -0.093233131 -0.000976170 -0.000568265 0.999999285 3.084813595
0.999992907 0.003719800 0.000688504 0.052786835 -0.003720365 0.999992788 0.000820845 -0.102008082 -0.000685446 -0.000823400 0.999999344 3.316897154
0.999993503 0.003341593 0.001309070 0.053140227 -0.003342722 0.999993980 0.000860581 -0.110307142 -0.001306186 -0.000864951 0.999998748 3.566506386
0.999993384 0.003416062 0.001246922 0.058198880 -0.003417325 0.999993682 0.001012212 -0.117471911 -0.001243456 -0.001016466 0.999998629 3.821766615
0.999993861 0.003324132 0.001141301 0.065297313 -0.003325107 0.999994099 0.000853734 -0.120357305 -0.001138457 -0.000857523 0.999998987 4.086796761
0.999992073 0.003650471 0.001533937 0.067139119 -0.003652302 0.999992609 0.001192919 -0.128806859 -0.001529571 -0.001198512 0.999998093 4.343490601
0.999991238 0.003876316 0.001544612 0.072651714 -0.003877775 0.999992013 0.000942971 -0.134930551 -0.001540945 -0.000948953 0.999998331 4.604586124
0.999990165 0.004104119 0.001647917 0.079302020 -0.004105716 0.999991059 0.000966479 -0.138935536 -0.001643936 -0.000973235 0.999998212 4.857883930
0.999987006 0.004684426 0.002006578 0.081944525 -0.004687420 0.999987900 0.001489972 -0.154066712 -0.001999574 -0.001499359 0.999996841 5.106133938
0.999987364 0.004614443 0.001993492 0.085530214 -0.004616958 0.999988616 0.001259054 -0.159388959 -0.001987660 -0.001268242 0.999997199 5.373528004
0.999987066 0.004570165 0.002236791 0.088768303 -0.004573841 0.999988139 0.001641007 -0.170277402 -0.002229265 -0.001651216 0.999996126 5.642179489
0.999986351 0.004769608 0.002196697 0.090310253 -0.004772547 0.999987721 0.001334619 -0.179113850 -0.002190304 -0.001345085 0.999996722 5.904308796
0.999985874 0.004771842 0.002367074 0.099199705 -0.004774927 0.999987781 0.001299509 -0.185465679 -0.002360844 -0.001310793 0.999996424 6.187511921
0.999985039 0.004876533 0.002492554 0.107502446 -0.004879171 0.999987483 0.001053557 -0.186961651 -0.002487385 -0.001065703 0.999996364 6.482612610
0.999987066 0.004639776 0.002088697 0.108155571 -0.004641582 0.999988854 0.000860690 -0.194647774 -0.002084680 -0.000870374 0.999997497 6.774791241
0.999980092 0.005591020 0.002972044 0.106685117 -0.005593822 0.999983847 0.000935176 -0.210253358 -0.002966768 -0.000951782 0.999995112 7.075165749
0.999979258 0.005735916 0.002925010 0.113635898 -0.005738772 0.999983013 0.000969039 -0.217514858 -0.002919402 -0.000985805 0.999995232 7.380589962
0.999981761 0.005218687 0.003048661 0.120596528 -0.005222570 0.999985576 0.001267156 -0.234968573 -0.003042005 -0.001283055 0.999994516 7.676074505
0.999982357 0.005073052 0.003098605 0.130958974 -0.005076802 0.999986410 0.001203728 -0.240605786 -0.003092456 -0.001219438 0.999994516 8.002011299
0.999979854 0.005435824 0.003273816 0.134386733 -0.005440168 0.999984324 0.001319351 -0.251264006 -0.003266593 -0.001337135 0.999993801 8.310755730
0.999977410 0.005781016 0.003429786 0.140340045 -0.005784745 0.999982715 0.001078254 -0.254658461 -0.003423493 -0.001098070 0.999993622 8.635414124
0.999972582 0.006247411 0.003973717 0.135411412 -0.006252327 0.999979675 0.001225858 -0.264213920 -0.003965978 -0.001250670 0.999991357 8.982318878
0.999973774 0.006287096 0.003580022 0.142903537 -0.006291281 0.999979496 0.001158903 -0.276413471 -0.003572662 -0.001181396 0.999992967 9.324094772
0.999969482 0.006724118 0.003974922 0.155132100 -0.006727995 0.999976873 0.000962955 -0.287009895 -0.003968354 -0.000989669 0.999991536 9.654450417
0.999973059 0.006200517 0.003933233 0.161519527 -0.006206793 0.999979436 0.001585303 -0.301404983 -0.003923323 -0.001609672 0.999991000 10.001990318
0.999971032 0.006489551 0.003983715 0.166837111 -0.006495179 0.999977946 0.001401520 -0.313860893 -0.003974532 -0.001427354 0.999991059 10.357718468
0.999973714 0.006189186 0.003777358 0.178520754 -0.006195160 0.999979615 0.001572039 -0.324626684 -0.003767551 -0.001595399 0.999991596 10.721731186
0.999974072 0.006228514 0.003619279 0.189256579 -0.006234363 0.999979258 0.001607064 -0.333354056 -0.003609194 -0.001629585 0.999992192 11.083262444
0.999973536 0.006010616 0.004098866 0.193029076 -0.006016464 0.999980867 0.001415981 -0.341074884 -0.004090277 -0.001440604 0.999990582 11.476696014
0.999971926 0.006260787 0.004116825 0.204282403 -0.006266194 0.999979556 0.001301844 -0.346278071 -0.004108590 -0.001327604 0.999990642 11.856461525
0.999974847 0.005708333 0.004210639 0.213767618 -0.005714241 0.999982715 0.001392293 -0.360931486 -0.004202619 -0.001416319 0.999990165 12.223495483
0.999968290 0.006540539 0.004546265 0.218973517 -0.006550494 0.999976099 0.002178114 -0.378493965 -0.004531911 -0.002207825 0.999987304 12.616952896
0.999967515 0.006541046 0.004714722 0.224528760 -0.006550423 0.999976516 0.001976145 -0.386516035 -0.004701685 -0.002006964 0.999987006 13.021162987
0.999968290 0.006272631 0.004908481 0.231347352 -0.006282986 0.999978006 0.002096845 -0.403547853 -0.004895221 -0.002127618 0.999985695 13.424311638
0.999969482 0.006110894 0.004876588 0.242245868 -0.006121291 0.999978960 0.002119791 -0.412293464 -0.004863531 -0.002149577 0.999985874 13.842002869
0.999965489 0.006582365 0.005061819 0.250959635 -0.006593349 0.999975920 0.002156348 -0.418956399 -0.005047502 -0.002189647 0.999984860 14.254511833
0.999960184 0.006574691 0.006021402 0.256970048 -0.006587478 0.999976218 0.002106232 -0.431725532 -0.006007409 -0.002145815 0.999979675 14.678077698
0.999963343 0.006236881 0.005857383 0.271180838 -0.006250622 0.999977827 0.002330768 -0.442337483 -0.005842715 -0.002367295 0.999980152 15.111568451
0.999960423 0.006460724 0.006114439 0.285951495 -0.006474648 0.999976456 0.002260174 -0.458517373 -0.006099693 -0.002299674 0.999978781 15.536841393
0.999956965 0.006509328 0.006608893 0.296202898 -0.006523055 0.999976575 0.002057701 -0.465289980 -0.006595344 -0.002100722 0.999976039 15.984428406
0.999952078 0.006712201 0.007119885 0.301980853 -0.006728008 0.999974906 0.002198629 -0.475885928 -0.007104949 -0.002246426 0.999972165 16.424480438
0.999949276 0.006832843 0.007391564 0.311724037 -0.006845819 0.999975145 0.001731682 -0.485337019 -0.007379547 -0.001782196 0.999971151 16.876296997
0.999944985 0.006992733 0.007807778 0.323907793 -0.007011074 0.999972701 0.002324162 -0.505756557 -0.007791312 -0.002378775 0.999966800 17.321815491
0.999942839 0.006931755 0.008131650 0.338070154 -0.006953006 0.999972522 0.002588201 -0.515367687 -0.008113486 -0.002644593 0.999963582 17.793172836
0.999937356 0.007218212 0.008555632 0.348288745 -0.007236449 0.999971628 0.002102588 -0.522870064 -0.008540212 -0.002164368 0.999961257 18.259075165
0.999934256 0.007134078 0.008980059 0.357595921 -0.007155993 0.999971509 0.002410630 -0.539989769 -0.008962604 -0.002474732 0.999956787 18.724222183
0.999939561 0.006631032 0.008772268 0.377395988 -0.006650948 0.999975383 0.002243104 -0.549313366 -0.008757178 -0.002301312 0.999959052 19.207143784
0.999925375 0.007726020 0.009460822 0.384975940 -0.007750251 0.999966919 0.002527428 -0.567629099 -0.009440981 -0.002600563 0.999952018 19.678983688
0.999920547 0.008174200 0.009592626 0.394168228 -0.008201840 0.999962330 0.002845715 -0.580128074 -0.009569003 -0.002924166 0.999949992 20.168712616
0.999925911 0.007378419 0.009680201 0.414581746 -0.007404564 0.999969065 0.002667833 -0.596202612 -0.009660216 -0.002739314 0.999949634 20.655290604
0.999923050 0.007931625 0.009535674 0.411890030 -0.007958651 0.999964356 0.002799365 -0.606968999 -0.009513131 -0.002875041 0.999950588 21.164676666
0.999928951 0.007873581 0.008953163 0.426497310 -0.007898082 0.999965191 0.002704565 -0.615692317 -0.008931557 -0.002775086 0.999956310 21.677513123
0.999924719 0.008659018 0.008690933 0.435076445 -0.008680934 0.999959171 0.002487148 -0.627109110 -0.008669042 -0.002562406 0.999959111 22.186712265
0.999924719 0.007883339 0.009403839 0.445138514 -0.007911142 0.999964416 0.002922955 -0.648976743 -0.009380462 -0.002997129 0.999951482 22.681695938
0.999926865 0.008163270 0.008929397 0.457065225 -0.008192413 0.999961138 0.003231949 -0.665530205 -0.008902667 -0.003304865 0.999954939 23.203819275
0.999934137 0.007808259 0.008409279 0.460728168 -0.007835409 0.999964178 0.003200426 -0.690582931 -0.008383988 -0.003266106 0.999959528 23.689834595
0.999951005 0.006547331 0.007427216 0.477123678 -0.006567486 0.999974847 0.002692563 -0.702758908 -0.007409400 -0.002741210 0.999968827 24.219970703
0.999954402 0.006278953 0.007181404 0.492870569 -0.006302538 0.999974787 0.003266550 -0.718309641 -0.007160712 -0.003311663 0.999968886 24.750026703
0.999942660 0.008185200 0.006908339 0.491296321 -0.008210954 0.999959409 0.003707862 -0.740078688 -0.006877710 -0.003764373 0.999969244 25.298847198
0.999934614 0.009219989 0.006768986 0.500600159 -0.009242852 0.999951661 0.003354130 -0.749379575 -0.006737734 -0.003416476 0.999971390 25.843444824
0.999922931 0.010074441 0.007245969 0.504650116 -0.010099102 0.999943256 0.003374757 -0.760364950 -0.007211559 -0.003447675 0.999968112 26.399049759
0.999950886 0.008139211 0.005654520 0.532983363 -0.008159588 0.999960244 0.003590096 -0.775295079 -0.005625075 -0.003636058 0.999977589 26.945707321
0.999952793 0.008238055 0.005149564 0.549082279 -0.008257097 0.999958992 0.003687365 -0.790959001 -0.005118977 -0.003729712 0.999979973 27.498502731
0.999949634 0.008869492 0.004712946 0.557927072 -0.008887810 0.999952972 0.003879990 -0.806151688 -0.004678311 -0.003921682 0.999981403 28.049606323
0.999951005 0.008449800 0.005157026 0.565380454 -0.008467866 0.999958038 0.003491822 -0.814980924 -0.005127305 -0.003535321 0.999980628 28.581054688
0.999958932 0.007885783 0.004467386 0.585047305 -0.007901086 0.999962926 0.003418378 -0.828138649 -0.004440264 -0.003453535 0.999984205 29.134614944
0.999947965 0.008871133 0.005042782 0.588321030 -0.008890597 0.999953032 0.003850393 -0.842573106 -0.005008388 -0.003895026 0.999979913 29.677305222
0.999949574 0.009029639 0.004408281 0.596589863 -0.009047070 0.999951243 0.003950113 -0.859633505 -0.004372398 -0.003989796 0.999982476 30.218147278
0.999954522 0.008520786 0.004279496 0.604646802 -0.008535390 0.999957740 0.003405869 -0.871336401 -0.004250295 -0.003442241 0.999984980 30.742959976
0.999950349 0.008940380 0.004392942 0.615391195 -0.008955229 0.999954164 0.003371873 -0.882875144 -0.004362595 -0.003411046 0.999984682 31.294191360
0.999944568 0.009748981 0.003984313 0.624972939 -0.009759759 0.999948800 0.002694244 -0.886806905 -0.003957842 -0.002732981 0.999988437 31.858249664
0.999953806 0.008735364 0.004037187 0.640304685 -0.008748483 0.999956489 0.003243177 -0.905772746 -0.004008681 -0.003278347 0.999986529 32.360221863
0.999953747 0.008909738 0.003622580 0.650172234 -0.008922393 0.999954164 0.003492965 -0.921265602 -0.003591293 -0.003525126 0.999987304 32.900062561
0.999955475 0.008894346 0.003160305 0.675651908 -0.008906757 0.999952614 0.003934794 -0.945720434 -0.003125158 -0.003962766 0.999987245 33.447917938
0.999950290 0.009248766 0.003739951 0.666866422 -0.009263620 0.999949157 0.003973803 -0.958708704 -0.003703008 -0.004008250 0.999985099 33.986236572
0.999957263 0.008475254 0.003692219 0.673656702 -0.008490975 0.999954879 0.004263192 -0.979051352 -0.003655921 -0.004294359 0.999984086 34.493251801
0.999954939 0.008894370 0.003323401 0.689934671 -0.008908479 0.999951243 0.004255484 -0.990414560 -0.003285390 -0.004284899 0.999985397 35.042514801
0.999963284 0.008018605 0.003021138 0.710580647 -0.008031320 0.999958813 0.004220195 -0.997532129 -0.002987173 -0.004244304 0.999986589 35.596477509
0.999954104 0.009071855 0.003070082 0.718805015 -0.009084591 0.999950111 0.004160490 -1.008005142 -0.003032185 -0.004188190 0.999986649 36.129955292
0.999961138 0.008218200 0.003190527 0.730883360 -0.008229934 0.999959290 0.003681746 -1.022377133 -0.003160139 -0.003707862 0.999988139 36.675476074
0.999957383 0.008844820 0.002642488 0.742275119 -0.008853204 0.999955773 0.003178186 -1.031068802 -0.002614261 -0.003201445 0.999991417 37.229129791
0.999963701 0.008169369 0.002443854 0.766506672 -0.008176453 0.999962330 0.002903295 -1.042932749 -0.002420045 -0.002923172 0.999992788 37.762107849
0.999964356 0.007947238 0.002823430 0.765666246 -0.007958527 0.999960303 0.004010001 -1.068517447 -0.002791449 -0.004032329 0.999987960 38.306060791
0.999966145 0.007777872 0.002669908 0.780217826 -0.007787856 0.999962687 0.003749573 -1.077393889 -0.002640645 -0.003770239 0.999989390 38.855644226
0.999967515 0.007594266 0.002667465 0.796928763 -0.007604347 0.999963939 0.003789322 -1.090170741 -0.002638592 -0.003809484 0.999989271 39.389228821
0.999970376 0.007269074 0.002566776 0.797343791 -0.007279801 0.999964714 0.004194863 -1.109595418 -0.002536192 -0.004213424 0.999987900 39.876049042
0.999973893 0.006882719 0.002189509 0.813164830 -0.006892245 0.999966681 0.004373200 -1.126850247 -0.002159337 -0.004388177 0.999988079 40.422473907
0.999974191 0.006798333 0.002309191 0.826435387 -0.006807417 0.999969006 0.003948892 -1.132133603 -0.002282273 -0.003964509 0.999989569 40.969409943
0.999971330 0.007031146 0.002790957 0.816662431 -0.007042817 0.999966383 0.004193754 -1.149016261 -0.002761377 -0.004213290 0.999987304 41.497341156
0.999974787 0.006364193 0.003134617 0.814223766 -0.006376968 0.999971271 0.004081914 -1.162049651 -0.003108549 -0.004101800 0.999986768 41.954257965
0.999973297 0.006716901 0.002871657 0.828905702 -0.006727866 0.999970019 0.003825746 -1.171650410 -0.002845872 -0.003844965 0.999988556 42.507057190
0.999965250 0.007399436 0.003829153 0.834886730 -0.007415866 0.999963224 0.004294697 -1.196020246 -0.003797233 -0.004322945 0.999983430 43.043727875
0.999974489 0.006524184 0.002906616 0.847582996 -0.006537494 0.999968112 0.004593446 -1.208622217 -0.002876555 -0.004612331 0.999985218 43.563686371
0.999972820 0.006517671 0.003443924 0.843136907 -0.006531427 0.999970675 0.003998248 -1.209066510 -0.003417765 -0.004020634 0.999986053 44.057945251
0.999974489 0.006332213 0.003304424 0.852641463 -0.006346626 0.999970317 0.004369333 -1.224006772 -0.003276658 -0.004390194 0.999984980 44.608787537
0.999972105 0.006721897 0.003258333 0.865577996 -0.006735833 0.999968171 0.004285187 -1.238785505 -0.003229425 -0.004307016 0.999985456 45.153270721
0.999970078 0.006719273 0.003814604 0.870710373 -0.006735282 0.999968469 0.004200003 -1.246286273 -0.003786262 -0.004225571 0.999983907 45.610870361
0.999970198 0.006746112 0.003739800 0.880200326 -0.006760720 0.999969482 0.003907294 -1.257806301 -0.003713326 -0.003932462 0.999985337 46.158290863
0.999961972 0.007816138 0.003844270 0.892840147 -0.007831282 0.999961495 0.003940273 -1.275056720 -0.003813325 -0.003970230 0.999984801 46.705398560
0.999972999 0.006708369 0.003005092 0.912008107 -0.006721330 0.999968052 0.004323976 -1.286692619 -0.002975989 -0.004344058 0.999986112 47.252941132
0.999973655 0.006079027 0.003957942 0.898851037 -0.006094838 0.999973476 0.003994894 -1.292175055 -0.003933549 -0.004018911 0.999984205 47.723045349
0.999972761 0.005943829 0.004374050 0.905160129 -0.005961549 0.999974072 0.004049306 -1.305984616 -0.004349867 -0.004075272 0.999982238 48.268470764
0.999975681 0.005913062 0.003698821 0.919676840 -0.005925960 0.999976397 0.003485967 -1.313667178 -0.003678120 -0.003507801 0.999987125 48.812793732
0.999968588 0.006295200 0.004817714 0.922001302 -0.006313757 0.999972582 0.003846210 -1.324200392 -0.004793370 -0.003876506 0.999980927 49.308521271
0.999964416 0.006700811 0.005118235 0.928318501 -0.006720151 0.999970317 0.003770617 -1.334216833 -0.005092818 -0.003804878 0.999979734 49.858024597
0.999968231 0.006486855 0.004612574 0.941213310 -0.006502589 0.999973059 0.003404366 -1.347334146 -0.004590365 -0.003434252 0.999983549 50.388809204
0.999963462 0.006911901 0.005040808 0.949841142 -0.006930644 0.999969125 0.003710213 -1.362197638 -0.005015008 -0.003745013 0.999980390 50.944255829
0.999965966 0.006472949 0.005106573 0.953032374 -0.006495110 0.999969482 0.004335127 -1.381136894 -0.005078355 -0.004368148 0.999977589 51.381839752
0.999960124 0.006999050 0.005546181 0.965766788 -0.007021836 0.999966919 0.004099811 -1.394830227 -0.005517301 -0.004138592 0.999976277 51.927467346
0.999964952 0.006405458 0.005386117 0.971173406 -0.006428862 0.999970019 0.004339354 -1.405846357 -0.005358160 -0.004373829 0.999976099 52.442554474
0.999961257 0.006784933 0.005604546 0.981910944 -0.006809451 0.999967337 0.004367226 -1.417452812 -0.005574731 -0.004405220 0.999974787 53.001941681
0.999963045 0.006537486 0.005600231 0.996199906 -0.006559959 0.999970496 0.004003966 -1.432923436 -0.005573890 -0.004040556 0.999976277 53.495136261
0.999958873 0.006892836 0.005894097 1.003570557 -0.006916005 0.999968410 0.003919547 -1.442723393 -0.005866894 -0.003960151 0.999974906 54.024955750
0.999954939 0.007167746 0.006217777 1.015552521 -0.007189988 0.999967754 0.003561999 -1.454383135 -0.006192045 -0.003606544 0.999974370 54.576801300
0.999959648 0.006624385 0.006067777 1.028270721 -0.006646728 0.999971151 0.003669359 -1.467404962 -0.006043294 -0.003709542 0.999974847 55.083255768
0.999959707 0.006568054 0.006118593 1.039406300 -0.006592886 0.999970078 0.004046941 -1.483110189 -0.006091828 -0.004087118 0.999973178 55.620326996
0.999960124 0.006528662 0.006083386 1.051345468 -0.006551105 0.999971807 0.003676406 -1.495450735 -0.006059212 -0.003716113 0.999974728 56.156066895
0.999956548 0.007064130 0.006061296 1.067794800 -0.007086660 0.999968052 0.003703482 -1.509848714 -0.006034940 -0.003746277 0.999974787 56.689510345
0.999961257 0.006671707 0.005745723 1.087731361 -0.006689639 0.999972761 0.003107048 -1.518968105 -0.005724838 -0.003145364 0.999978662 57.243175507
0.999959826 0.006292776 0.006380490 1.092790365 -0.006315846 0.999973714 0.003602104 -1.529477239 -0.006357654 -0.003642258 0.999973178 57.714366913
0.999965727 0.005954945 0.005749495 1.109880924 -0.005976881 0.999974906 0.003805628 -1.541482449 -0.005726688 -0.003839862 0.999976218 58.258850098
0.999964595 0.005785528 0.006107010 1.125883579 -0.005805954 0.999977589 0.003332161 -1.555181146 -0.006087595 -0.003367499 0.999975860 58.803913116
0.999958992 0.006393315 0.006409949 1.124306321 -0.006414338 0.999974072 0.003264888 -1.569724083 -0.006388909 -0.003305870 0.999974132 59.293510437
0.999957979 0.006109372 0.006827211 1.135264158 -0.006131993 0.999975741 0.003297438 -1.580578089 -0.006806901 -0.003339164 0.999971271 59.854385376
0.999958158 0.006230528 0.006693572 1.144667983 -0.006252301 0.999975204 0.003237030 -1.592272401 -0.006673238 -0.003278744 0.999972343 60.357578278
0.999958694 0.005979360 0.006846983 1.160614491 -0.005998052 0.999978304 0.002712869 -1.599584103 -0.006830615 -0.002753826 0.999972880 60.901588440
0.999956787 0.006258011 0.006865652 1.165727735 -0.006279182 0.999975502 0.003066323 -1.618360400 -0.006846297 -0.003109302 0.999971688 61.408134460
0.999951243 0.006908760 0.007065363 1.179993749 -0.006927632 0.999972403 0.002649902 -1.629329205 -0.007046861 -0.002698719 0.999971509 61.951675415
0.999952674 0.006576394 0.007170205 1.192813396 -0.006600977 0.999972403 0.003410134 -1.646820068 -0.007147580 -0.003457303 0.999968410 62.463066101
0.999953866 0.006401670 0.007151282 1.204699516 -0.006423215 0.999974906 0.002993832 -1.662148476 -0.007131936 -0.003039629 0.999969959 62.991199493
0.999949098 0.006782428 0.007461068 1.217151284 -0.006807192 0.999971390 0.003298407 -1.677657962 -0.007438483 -0.003349028 0.999966741 63.517566681
0.999953508 0.006253803 0.007336500 1.232512355 -0.006277489 0.999975145 0.003209766 -1.690961123 -0.007316245 -0.003255672 0.999967873 64.062995911
0.999951243 0.006357688 0.007556042 1.242366076 -0.006380531 0.999975145 0.003002606 -1.700793028 -0.007536765 -0.003050671 0.999966919 64.571113586
0.999946833 0.006431111 0.008061838 1.248675823 -0.006452580 0.999975681 0.002639797 -1.715659022 -0.008044666 -0.002691676 0.999963999 65.108383179
0.999950230 0.006390255 0.007665337 1.268676996 -0.006413284 0.999974966 0.002983306 -1.723339796 -0.007646081 -0.003032318 0.999966145 65.635116577
0.999944270 0.006842932 0.008044694 1.276491642 -0.006865425 0.999972582 0.002771786 -1.740323067 -0.008025506 -0.002826862 0.999963760 66.183181763
0.999950707 0.006424383 0.007571309 1.298868656 -0.006449976 0.999973536 0.003360715 -1.754480600 -0.007549520 -0.003409384 0.999965668 66.687042236
0.999946415 0.007062005 0.007567164 1.309447169 -0.007086578 0.999969721 0.003225425 -1.768015862 -0.007544158 -0.003278878 0.999966085 67.224494934
0.999946654 0.006746554 0.007820251 1.329871178 -0.006771147 0.999972165 0.003122437 -1.783386588 -0.007798968 -0.003175222 0.999964535 67.760757446
0.999946296 0.006747219 0.007868272 1.342054844 -0.006771665 0.999972343 0.003084374 -1.796999574 -0.007847244 -0.003137490 0.999964297 68.308853149
0.999940634 0.007162552 0.008204346 1.354158878 -0.007192119 0.999967754 0.003580069 -1.817881823 -0.008178439 -0.003638863 0.999959946 68.857910156
0.999948740 0.005874688 0.008244989 1.373517990 -0.005901525 0.999977350 0.003234253 -1.830185175 -0.008225801 -0.003282745 0.999960780 69.377006531
0.999946535 0.006347543 0.008163457 1.377944469 -0.006373615 0.999974668 0.003171848 -1.841141224 -0.008143117 -0.003223709 0.999961674 69.841461182
0.999946713 0.006394213 0.008104818 1.392781377 -0.006416158 0.999975741 0.002684436 -1.852992058 -0.008087457 -0.002736295 0.999963582 70.385391235
0.999953210 0.005529691 0.007935250 1.410655499 -0.005553779 0.999980032 0.003016745 -1.866049886 -0.007918409 -0.003060675 0.999964058 70.941680908
0.999947429 0.006188493 0.008170433 1.427088022 -0.006215532 0.999975324 0.003288034 -1.884986877 -0.008149882 -0.003338645 0.999961257 71.480804443
0.999945760 0.006500730 0.008126552 1.437298298 -0.006526790 0.999973655 0.003184362 -1.897281885 -0.008105636 -0.003237230 0.999961913 71.929756165
0.999940276 0.006854123 0.008513218 1.448794484 -0.006885268 0.999969721 0.003634585 -1.913221836 -0.008488047 -0.003692984 0.999957144 72.475334167
0.999945283 0.006568626 0.008133422 1.465282083 -0.006593762 0.999973536 0.003067599 -1.924469829 -0.008113055 -0.003121061 0.999962211 72.986671448
0.999941409 0.006659042 0.008539125 1.480640411 -0.006685778 0.999972820 0.003106199 -1.932519197 -0.008518209 -0.003163108 0.999958694 73.539596558
0.999940991 0.006950459 0.008342640 1.494837046 -0.006974035 0.999971747 0.002800416 -1.947939277 -0.008322939 -0.002858433 0.999961257 74.051063538
0.999937713 0.007358370 0.008399845 1.510267019 -0.007378605 0.999969959 0.002380591 -1.958307743 -0.008382075 -0.002442421 0.999961853 74.602523804
0.999936819 0.007328395 0.008524481 1.523291588 -0.007351777 0.999969304 0.002714875 -1.974528193 -0.008504324 -0.002777374 0.999960005 75.111267090
0.999936581 0.007056633 0.008789309 1.540092945 -0.007077130 0.999972343 0.002303020 -1.987814426 -0.008772815 -0.002365076 0.999958754 75.653793335
0.999935389 0.007312276 0.008705078 1.556161404 -0.007329721 0.999971271 0.001973812 -1.999498606 -0.008690394 -0.002037490 0.999960244 76.225234985
0.999941170 0.006842102 0.008413327 1.573558331 -0.006867914 0.999971747 0.003042721 -2.018948555 -0.008392271 -0.003100324 0.999960005 76.690299988
0.999935210 0.007554187 0.008502431 1.590827823 -0.007578183 0.999967396 0.002793530 -2.033668280 -0.008481050 -0.002857783 0.999959946 77.246673584
0.999938905 0.006784447 0.008719332 1.606082916 -0.006808595 0.999973059 0.002742644 -2.039736032 -0.008700488 -0.002801843 0.999958217 77.733161926
0.999935567 0.007093277 0.008855953 1.622443676 -0.007117123 0.999971211 0.002664124 -2.056418896 -0.008836799 -0.002726982 0.999957263 78.286361694
0.999936938 0.006675766 0.009033733 1.643928647 -0.006696938 0.999974966 0.002315384 -2.066759109 -0.009018049 -0.002375736 0.999956548 78.850700378
0.999924421 0.007066130 0.010062661 1.654179096 -0.007094480 0.999970973 0.002784618 -2.082275867 -0.010042693 -0.002855797 0.999945462 79.319412231
0.999911427 0.006898887 0.011380387 1.668554783 -0.006925755 0.999973238 0.002323184 -2.096478224 -0.011364056 -0.002401797 0.999932528 79.866920471
0.999890983 0.007318669 0.012819753 1.693067193 -0.007359704 0.999967933 0.003156612 -2.121100426 -0.012796240 -0.003250618 0.999912858 80.378799438
0.999872029 0.007624615 0.014071053 1.706075191 -0.007662765 0.999967098 0.002659276 -2.130322933 -0.014050317 -0.002766759 0.999897420 80.917633057
0.999818861 0.007836368 0.017346483 1.733000755 -0.007873596 0.999966860 0.002078886 -2.133570433 -0.017329616 -0.002215089 0.999847412 81.493919373
0.999744356 0.008016545 0.021142935 1.756895661 -0.008067220 0.999964833 0.002312593 -2.148503065 -0.021123651 -0.002482567 0.999773800 82.033889771
0.999668777 0.008291082 0.024364866 1.781890273 -0.008361741 0.999961078 0.002799558 -2.178854704 -0.024340708 -0.003002363 0.999699235 82.541984558
0.999569476 0.007822916 0.028277399 1.814461946 -0.007898365 0.999965549 0.002557520 -2.190399885 -0.028256420 -0.002779764 0.999596834 83.092628479
0.999399960 0.007341103 0.033849284 1.853006124 -0.007435807 0.999968827 0.002672758 -2.209017277 -0.033828609 -0.002922851 0.999423385 83.623397827
0.999158323 0.007831910 0.040264554 1.890666723 -0.007931319 0.999966025 0.002309768 -2.214513063 -0.040245079 -0.002627175 0.999186397 84.156761169
0.998903632 0.007999839 0.046126399 1.930915833 -0.008123123 0.999963880 0.002485885 -2.227823257 -0.046104848 -0.002857849 0.998932481 84.706054688
0.998488069 0.008606981 0.054290492 1.982567787 -0.008799860 0.999955833 0.003314671 -2.254687309 -0.054259561 -0.003787408 0.998519719 85.237648010
0.997995615 0.007734573 0.062808134 2.030782223 -0.007882581 0.999966621 0.002109101 -2.259749413 -0.062789716 -0.002599964 0.998023391 85.810935974
0.997522771 0.006660305 0.070028298 2.086728573 -0.006837176 0.999973893 0.002286310 -2.270731688 -0.070011236 -0.002759442 0.997542441 86.367797852
0.996835947 0.007453426 0.079136036 2.142329693 -0.007666557 0.999967694 0.002389698 -2.284994602 -0.079115689 -0.002988837 0.996860981 86.892089844
0.996002376 0.007651981 0.088999361 2.214907646 -0.007868205 0.999966860 0.002078913 -2.297940731 -0.088980511 -0.002770867 0.996029556 87.410049438
0.995201826 0.006818036 0.097605884 2.294944763 -0.007001325 0.999974251 0.001535458 -2.305023432 -0.097592920 -0.002211461 0.995223999 87.972213745
0.994376957 0.006722081 0.105683789 2.359045982 -0.006918426 0.999974966 0.001491336 -2.317979097 -0.105671130 -0.002214116 0.994398713 88.548233032
0.993342161 0.006114811 0.115038335 2.450046539 -0.006302170 0.999979317 0.001265021 -2.333691835 -0.115028232 -0.001981590 0.993360221 89.056861877
0.992034316 0.006631393 0.125793234 2.538112640 -0.006857616 0.999975562 0.001365409 -2.344491482 -0.125781104 -0.002217175 0.992055476 89.608047485
0.990837812 0.004769515 0.134972990 2.631635666 -0.004876700 0.999987960 0.000463503 -2.354091406 -0.134969160 -0.001117479 0.990849137 90.145179749
0.989128530 0.005868165 0.146936029 2.722392082 -0.006072337 0.999981046 0.000941004 -2.358572245 -0.146927744 -0.001823019 0.989145577 90.713714600
0.987354338 0.005203966 0.158443332 2.855727196 -0.005482636 0.999984026 0.001321748 -2.400002718 -0.158433899 -0.002173721 0.987367213 91.231910706
0.985567987 0.004239542 0.169226781 2.970497131 -0.004455939 0.999989569 0.000898987 -2.414494753 -0.169221207 -0.001640077 0.985576749 91.765182495
0.983692050 0.004545522 0.179803327 3.086545944 -0.004792136 0.999988079 0.000937246 -2.422893047 -0.179796919 -0.001783604 0.983702123 92.324989319
0.981201708 0.004918746 0.192922428 3.210308075 -0.005214653 0.999985874 0.001026053 -2.439234972 -0.192914650 -0.002012789 0.981213450 92.862411499
0.978796899 0.004322170 0.204787031 3.352230072 -0.004614741 0.999988854 0.000951102 -2.456320524 -0.204780608 -0.001875974 0.978806138 93.390747070
0.976635039 0.003486652 0.214876309 3.482986450 -0.003690651 0.999992967 0.000548182 -2.461876869 -0.214872897 -0.001328407 0.976641238 93.864585876
0.973631084 0.003430899 0.228102565 3.611083984 -0.003788479 0.999992192 0.001129788 -2.481362581 -0.228096902 -0.001964158 0.973636448 94.435424805
0.970443666 0.002688902 0.241312906 3.765407562 -0.002944168 0.999995410 0.000697265 -2.490566969 -0.241309926 -0.001387122 0.970447123 94.965682983
0.967720151 0.002434291 0.252015531 3.925670624 -0.002776437 0.999995649 0.001002059 -2.509671211 -0.252012014 -0.001669418 0.967722654 95.475463867
0.964537799 0.003114434 0.263926417 4.085515976 -0.003506880 0.999993324 0.001015833 -2.529214144 -0.263921499 -0.001905368 0.964542270 96.000701904
0.960984707 0.002462651 0.276590645 4.265422821 -0.002841350 0.999995470 0.000968415 -2.524688959 -0.276586950 -0.001716522 0.960987329 96.481010437
0.957406402 0.001028609 0.288741887 4.451755524 -0.001174097 0.999999225 0.000330679 -2.538094997 -0.288741380 -0.000655605 0.957406878 97.007087708
0.953697026 0.002298074 0.300760478 4.633420944 -0.002681238 0.999996066 0.000861228 -2.551819563 -0.300757319 -0.001627760 0.953699410 97.531204224
0.949212134 0.001584686 0.314632863 4.825359344 -0.001878439 0.999998033 0.000630433 -2.568054676 -0.314631253 -0.001189434 0.949213207 98.083007812
0.944491267 0.000920866 0.328535110 5.034881592 -0.001139029 0.999999285 0.000471605 -2.580255508 -0.328534424 -0.000819638 0.944491684 98.607154846
0.940273225 0.002005690 0.340414762 5.237264633 -0.002330162 0.999997079 0.000544353 -2.592605591 -0.340412766 -0.001305062 0.940275192 99.109283447
0.935668528 0.000364393 0.352879912 5.444231033 -0.000663211 0.999999523 0.000725894 -2.623252153 -0.352879494 -0.000913230 0.935668230 99.591133118
0.930047750 0.000033563 0.367438674 5.675380707 -0.000262216 0.999999821 0.000572368 -2.634235144 -0.367438585 -0.000628678 0.930047572 100.188560486
0.925202727 -0.000129907 0.379473060 5.909217834 -0.000057908 0.999999940 0.000483522 -2.649737358 -0.379473060 -0.000469331 0.925202668 100.692207336
0.920248091 0.000107798 0.391335309 6.142618179 -0.000471218 0.999999523 0.000832634 -2.666406393 -0.391335011 -0.000950634 0.920247793 101.193962097
0.914291561 -0.000372975 0.405056626 6.389900208 -0.000128666 0.999999285 0.001211221 -2.688225031 -0.405056775 -0.001159526 0.914290726 101.675979614
0.908475220 -0.001226621 0.417937100 6.633415222 0.000653675 0.999998629 0.001514036 -2.704603672 -0.417938411 -0.001102269 0.908474624 102.119880676
0.902904153 -0.000584343 0.429841518 6.906455994 0.000330035 0.999999642 0.000666185 -2.717605352 -0.429841787 -0.000459639 0.902904093 102.736129761
0.897062123 -0.000788037 0.441903502 7.167201996 0.000576949 0.999999642 0.000612074 -2.732455492 -0.441903830 -0.000294113 0.897062242 103.214439392
0.890261889 -0.000944754 0.455447912 7.440395355 0.000665581 0.999999404 0.000773330 -2.747502327 -0.455448359 -0.000385328 0.890262008 103.704086304
0.884156346 -0.000767983 0.467190504 7.726352692 0.000833063 0.999999583 0.000067264 -2.751433849 -0.467190355 0.000329727 0.884156644 104.211128235
0.878225386 -0.002550839 0.478240162 8.017414093 0.002362354 0.999996662 0.000995633 -2.776738644 -0.478241116 0.000255382 0.878228545 104.700500488
0.870615423 -0.002554398 0.491957396 8.310112000 0.002042423 0.999996722 0.001577827 -2.795852423 -0.491959751 -0.000368896 0.870617807 105.168182373
0.863484085 -0.003801053 0.504361868 8.609760284 0.003860678 0.999992132 0.000926696 -2.804988146 -0.504361391 0.001146991 0.863491893 105.621231079
