1.000000000 0.000000000 0.000000000 0.000000000 0.000000000 1.000000000 0.000000000 0.000000000 0.000000000 0.000000000 1.000000000 0.000000000
1.000000000 -0.000060670 -0.000045745 0.000353304 0.000060666 1.000000000 -0.000079786 0.000241194 0.000045750 0.000079783 1.000000000 -0.000051709
1.000000000 -0.000017451 -0.000009835 -0.000593220 0.000017451 1.000000000 0.000031896 -0.000323065 0.000009834 -0.000031896 1.000000000 -0.000817582
1.000000000 0.000096151 0.000138926 -0.000950833 -0.000096142 1.000000000 -0.000068186 0.000777839 -0.000138932 0.000068173 1.000000000 0.000563530
1.000000000 -0.000079741 0.000012547 -0.000194908 0.000079741 1.000000000 0.000021363 0.000056204 -0.000012548 -0.000021362 1.000000000 -0.000402833
1.000000000 0.000046568 0.000044701 -0.001098835 -0.000046571 1.000000000 0.000060928 -0.000441045 -0.000044698 -0.000060930 1.000000000 -0.001379714
1.000000000 0.000105517 0.000034098 -0.001084388 -0.000105512 1.000000000 -0.000145898 0.000112673 -0.000034114 0.000145894 1.000000000 -0.000869653
1.000000000 0.000068994 0.000098536 -0.000793471 -0.000068995 1.000000000 0.000003883 -0.000420347 -0.000098536 -0.000003889 1.000000000 -0.000648529
1.000000000 0.000147103 0.000086431 -0.001534191 -0.000147107 1.000000000 0.000049599 -0.000437937 -0.000086424 -0.000049611 1.000000000 -0.001191362
1.000000000 0.000017958 0.000105769 -0.000915050 -0.000017950 1.000000000 -0.000069938 -0.000181556 -0.000105770 0.000069936 1.000000000 -0.000632712
1.000000000 0.000229050 0.000072073 -0.001080185 -0.000229039 0.999999940 -0.000156687 0.000431974 -0.000072109 0.000156671 1.000000000 -0.000668113
1.000000000 -0.000039821 0.000051875 -0.000075617 0.000039823 1.000000000 -0.000031962 0.000892788 -0.000051874 0.000031964 1.000000000 0.000731021
0.999999940 0.000231475 0.000101497 -0.001647086 -0.000231454 0.999999940 -0.000209299 0.001748894 -0.000101545 0.000209276 1.000000000 0.000940872
1.000000000 0.000195257 0.000022271 -0.000193169 -0.000195254 1.000000000 -0.000133318 0.002100845 -0.000022297 0.000133314 1.000000000 0.001178590
0.999999940 0.000215199 0.000196409 -0.002171405 -0.000215173 0.999999940 -0.000136832 0.001932840 -0.000196438 0.000136790 1.000000000 0.001462217
0.999999881 0.000402323 0.000150097 -0.002064764 -0.000402292 0.999999881 -0.000208532 0.001991571 -0.000150181 0.000208472 0.999999940 0.000835449
0.999999940 0.000362029 0.000201018 -0.002224978 -0.000362009 0.999999940 -0.000099905 0.002365465 -0.000201054 0.000099832 1.000000000 0.003229101
0.999999940 0.000311188 0.000239166 -0.001839823 -0.000311159 0.999999940 -0.000122332 0.002020124 -0.000239204 0.000122258 0.999999940 0.002457463
0.999999940 0.000287401 0.000287490 -0.002711278 -0.000287378 0.999999940 -0.000079818 0.001830826 -0.000287513 0.000079736 0.999999940 0.002370822
0.999999940 0.000311200 0.000211152 -0.002680989 -0.000311177 0.999999940 -0.000110183 0.002266996 -0.000211186 0.000110117 1.000000000 0.002533263
0.999999940 0.000219919 0.000138966 -0.001576186 -0.000219912 1.000000000 -0.000050463 0.001632837 -0.000138977 0.000050432 1.000000000 0.002705540
0.999999940 0.000275261 0.000147345 -0.002039257 -0.000275248 0.999999940 -0.000093277 0.002300789 -0.000147371 0.000093237 1.000000000 0.002731600
0.999999821 0.000505010 0.000229174 -0.002747019 -0.000504978 0.999999881 -0.000138622 0.002633693 -0.000229244 0.000138506 0.999999940 0.003373886
0.999999881 0.000387340 0.000222920 -0.001544465 -0.000387310 0.999999940 -0.000133327 0.002409468 -0.000222972 0.000133240 0.999999940 0.002520636
0.999999940 0.000335840 0.000170856 -0.000892659 -0.000335808 0.999999940 -0.000185931 0.003686405 -0.000170918 0.000185874 0.999999940 0.005391909
0.999999881 0.000367548 0.000239195 -0.002570208 -0.000367541 0.999999940 -0.000026983 0.001631243 -0.000239205 0.000026895 1.000000000 0.002968027
0.999999940 0.000357965 0.000165870 -0.002072540 -0.000357943 0.999999940 -0.000129419 0.002289950 -0.000165917 0.000129360 1.000000000 0.002181224
1.000000000 0.000189606 0.000145694 -0.001169210 -0.000189583 1.000000000 -0.000152478 0.002737668 -0.000145723 0.000152451 1.000000000 0.003627273
0.999999881 0.000329044 0.000270987 -0.001568687 -0.000328998 0.999999940 -0.000172817 0.002792495 -0.000271044 0.000172728 0.999999940 0.004087177
0.999999940 0.000310147 0.000244358 -0.002969412 -0.000310108 0.999999940 -0.000158258 0.002426536 -0.000244407 0.000158183 0.999999940 0.001836389
0.999999940 0.000333401 0.000231877 -0.001911644 -0.000333359 0.999999940 -0.000180456 0.002771325 -0.000231937 0.000180379 0.999999940 0.003730115
0.999999821 0.000512403 0.000334882 -0.002286845 -0.000512371 0.999999881 -0.000095886 0.001736427 -0.000334931 0.000095714 0.999999940 0.001675510
0.999999881 0.000452989 0.000219957 -0.002620368 -0.000452948 0.999999881 -0.000188159 0.001973071 -0.000220042 0.000188060 0.999999940 0.001630029
0.999999881 0.000406911 0.000222128 -0.001317291 -0.000406864 0.999999881 -0.000214973 0.002214883 -0.000222215 0.000214883 0.999999940 0.002491084
0.999999940 0.000303494 0.000173201 -0.000883172 -0.000303470 0.999999940 -0.000136753 0.002715979 -0.000173242 0.000136700 1.000000000 0.002882865
0.999999940 0.000314496 0.000217704 -0.002046485 -0.000314467 0.999999940 -0.000132294 0.002978206 -0.000217745 0.000132226 0.999999940 0.004169102
0.999999881 0.000446073 0.000252698 -0.002317234 -0.000446050 0.999999881 -0.000090377 0.001675161 -0.000252738 0.000090264 0.999999940 0.002531169
0.999999940 0.000310407 0.000138911 -0.000314341 -0.000310399 0.999999940 -0.000055125 0.002067141 -0.000138928 0.000055082 1.000000000 0.002045503
0.999999940 0.000270381 0.000179996 -0.001413874 -0.000270339 0.999999940 -0.000237655 0.002381530 -0.000180060 0.000237606 0.999999940 0.003162903
0.999999881 0.000378595 0.000228162 -0.000100228 -0.000378417 0.999999642 -0.000781342 0.000455770 -0.000228458 0.000781256 0.999999642 0.052104153
0.999999821 0.000513845 0.000322158 -0.003043557 -0.000513451 0.999999106 -0.001220547 -0.003913133 -0.000322785 0.001220382 0.999999225 0.136417076
0.999999702 0.000599217 0.000494833 0.000658490 -0.000598401 0.999998450 -0.001646520 -0.005233321 -0.000495819 0.001646224 0.999998510 0.254606992
0.999999881 0.000366603 0.000327848 0.008980077 -0.000366147 0.999998987 -0.001391300 -0.007982886 -0.000328357 0.001391180 0.999998987 0.395116031
0.999999821 0.000415970 0.000465161 0.003771578 -0.000415507 0.999999404 -0.000996410 -0.015467374 -0.000465575 0.000996216 0.999999404 0.530595958
0.999999762 0.000340603 0.000587346 0.005714351 -0.000339977 0.999999344 -0.001066157 -0.019387387 -0.000587709 0.001065957 0.999999285 0.685418248
0.999999464 0.000737478 0.000714133 0.013618057 -0.000736979 0.999999464 -0.000698371 -0.023829455 -0.000714648 0.000697844 0.999999523 0.851163208
0.999998927 0.001302728 0.000634700 0.010296485 -0.001302618 0.999999166 -0.000173133 -0.033471942 -0.000634925 0.000172305 0.999999702 1.019999623
0.999998450 0.001653872 0.000558296 0.013970251 -0.001653694 0.999998629 -0.000318579 -0.036463011 -0.000558823 0.000317655 0.999999762 1.196629167
0.999998212 0.001624805 0.000980933 0.018002030 -0.001624764 0.999998689 -0.000042472 -0.039472643 -0.000981000 0.000040878 0.999999523 1.386428475
0.999998212 0.001697345 0.000840974 0.021598216 -0.001697813 0.999998391 0.000555210 -0.046307404 -0.000840030 -0.000556636 0.999999523 1.578448176
0.999998629 0.001295456 0.001063672 0.025040522 -0.001296003 0.999998987 0.000513612 -0.053082183 -0.001063006 -0.000514990 0.999999344 1.778475761
0.999998033 0.001575097 0.001200820 0.021406701 -0.001575799 0.999998569 0.000584432 -0.059410915 -0.001199898 -0.000586323 0.999999106 1.957458019
0.999998212 0.001537990 0.001077631 0.028013259 -0.001538673 0.999998629 0.000633230 -0.066478767 -0.001076655 -0.000634887 0.999999166 2.167404175
0.999998987 0.000880477 0.001093022 0.040044371 -0.000881504 0.999999106 0.000939298 -0.073033236 -0.001092194 -0.000940261 0.999998987 2.386157990
0.999998748 0.001303832 0.000904154 0.043344148 -0.001304643 0.999998748 0.000897575 -0.080500223 -0.000902983 -0.000898754 0.999999225 2.615018606
0.999998331 0.001369735 0.001135365 0.039488759 -0.001370827 0.999998569 0.000961071 -0.089229904 -0.001134047 -0.000962626 0.999998868 2.848375559
0.999997675 0.001549316 0.001520370 0.040155094 -0.001550877 0.999998212 0.001026533 -0.093800075 -0.001518777 -0.001028888 0.999998331 3.091963291
0.999997318 0.001948822 0.001280563 0.051101401 -0.001950208 0.999997497 0.001081718 -0.099387474 -0.001278452 -0.001084213 0.999998569 3.325525045
0.999997795 0.001473264 0.001476567 0.054857608 -0.001475159 0.999998093 0.001283358 -0.112844773 -0.001474673 -0.001285533 0.999998093 3.567487240
0.999996245 0.002143130 0.001695329 0.055464558 -0.002144883 0.999997079 0.001032687 -0.118191741 -0.001693111 -0.001036319 0.999998033 3.819886684
0.999996841 0.001686073 0.001875808 0.063888200 -0.001688350 0.999997914 0.001212539 -0.123714551 -0.001873760 -0.001215702 0.999997497 4.088994980
0.999996483 0.001786812 0.001927810 0.067531228 -0.001789617 0.999997258 0.001454047 -0.128760219 -0.001925207 -0.001457492 0.999997079 4.362679482
0.999997139 0.001674793 0.001709354 0.074635386 -0.001676695 0.999997854 0.001111335 -0.135039091 -0.001707490 -0.001114198 0.999997854 4.622186661
0.999996781 0.001744047 0.001839818 0.084471241 -0.001746117 0.999997735 0.001123828 -0.143865317 -0.001837854 -0.001127037 0.999997675 4.881169796
0.999995470 0.002320570 0.001939317 0.088416994 -0.002323237 0.999996305 0.001374353 -0.145408973 -0.001936121 -0.001378852 0.999997199 5.149327278
0.999993563 0.002531319 0.002541039 0.087238424 -0.002534501 0.999995947 0.001249775 -0.156455144 -0.002537866 -0.001256207 0.999996006 5.418159008
0.999996543 0.001661087 0.002018877 0.095606051 -0.001664038 0.999997556 0.001460460 -0.168782264 -0.002016446 -0.001463815 0.999996901 5.673032284
0.999996662 0.001600627 0.002053281 0.101240568 -0.001603191 0.999997973 0.001248020 -0.172767028 -0.002051279 -0.001251308 0.999997139 5.946599960
0.999995172 0.002142648 0.002275738 0.105247863 -0.002145519 0.999996960 0.001260043 -0.178637609 -0.002273032 -0.001264920 0.999996603 6.233093262
0.999995172 0.002161315 0.002211351 0.122732453 -0.002164630 0.999996543 0.001497699 -0.183591649 -0.002208107 -0.001502479 0.999996483 6.531238556
0.999996066 0.002038249 0.001890494 0.121089280 -0.002041292 0.999996722 0.001609043 -0.202096567 -0.001887208 -0.001612896 0.999996901 6.817568779
0.999993503 0.002941322 0.002069048 0.124825791 -0.002944114 0.999994695 0.001347774 -0.206709504 -0.002065073 -0.001353857 0.999996960 7.118856430
0.999996722 0.001658535 0.001953643 0.132804751 -0.001661417 0.999997497 0.001474855 -0.215567335 -0.001951191 -0.001478096 0.999997020 7.417900562
0.999997556 0.001203304 0.001855736 0.141936734 -0.001206913 0.999997377 0.001945189 -0.232392803 -0.001853390 -0.001947424 0.999996364 7.724586010
0.999997079 0.001250793 0.002084642 0.153172553 -0.001255845 0.999996245 0.002423958 -0.243097678 -0.002081603 -0.002426569 0.999994874 8.030483246
0.999994814 0.002235726 0.002283087 0.147302568 -0.002239969 0.999995768 0.001857418 -0.248508453 -0.002278924 -0.001862522 0.999995649 8.357069016
0.999996901 0.001699630 0.001811769 0.160722733 -0.001702940 0.999996901 0.001826396 -0.255294949 -0.001808659 -0.001829476 0.999996662 8.690999031
0.999994218 0.002270737 0.002534311 0.157084748 -0.002274883 0.999996066 0.001634365 -0.255949855 -0.002530590 -0.001640120 0.999995470 9.043754578
0.999995291 0.002437794 0.001867917 0.168505281 -0.002441798 0.999994695 0.002144075 -0.276211023 -0.001862680 -0.002148626 0.999995947 9.373186111
0.999994218 0.002506479 0.002275216 0.172976866 -0.002510903 0.999994934 0.001943771 -0.292727202 -0.002270332 -0.001949473 0.999995530 9.705526352
0.999993384 0.002796423 0.002335205 0.182761326 -0.002800536 0.999994516 0.001759976 -0.300970674 -0.002330269 -0.001766504 0.999995768 10.055800438
0.999997377 0.001589928 0.001654156 0.198403433 -0.001593278 0.999996662 0.002025477 -0.312308192 -0.001650930 -0.002028107 0.999996543 10.423888206
0.999996603 0.001750947 0.001935517 0.205253705 -0.001753821 0.999997318 0.001484064 -0.317442656 -0.001932913 -0.001487453 0.999997020 10.785679817
0.999996781 0.001968043 0.001583217 0.220361590 -0.001970445 0.999996901 0.001516537 -0.321245968 -0.001580227 -0.001519652 0.999997616 11.178034782
0.999996901 0.001885552 0.001631698 0.226527482 -0.001888453 0.999996603 0.001777986 -0.333528310 -0.001628341 -0.001781062 0.999997079 11.558426857
0.999995410 0.002448933 0.001764877 0.231808409 -0.002451705 0.999995768 0.001570274 -0.340598464 -0.001761024 -0.001574594 0.999997199 11.936594009
0.999994874 0.002614820 0.001851660 0.240087748 -0.002617902 0.999995172 0.001664148 -0.356726885 -0.001847300 -0.001668987 0.999996901 12.305299759
0.999996305 0.002234702 0.001542274 0.251278937 -0.002238421 0.999994516 0.002414280 -0.379982322 -0.001536871 -0.002417724 0.999995947 12.680762291
0.999995768 0.001761148 0.002326610 0.263826042 -0.001766149 0.999996126 0.002149398 -0.384189159 -0.002322816 -0.002153498 0.999994934 13.149733543
0.999994874 0.001545322 0.002801883 0.273804784 -0.001551273 0.999996483 0.002123396 -0.396948546 -0.002798592 -0.002127731 0.999993801 13.540300369
0.999996126 0.001618323 0.002271959 0.283320636 -0.001624084 0.999995470 0.002536207 -0.409648657 -0.002267844 -0.002539887 0.999994218 13.958791733
0.999996483 0.001539909 0.002200574 0.287641674 -0.001545638 0.999995470 0.002603902 -0.416894436 -0.002196554 -0.002607294 0.999994218 14.382134438
0.999993086 0.002070127 0.003087074 0.298312545 -0.002079215 0.999993503 0.002943539 -0.433079541 -0.003080959 -0.002949938 0.999990821 14.823711395
0.999994397 0.002037268 0.002658580 0.309596181 -0.002046323 0.999992132 0.003407520 -0.446952909 -0.002651617 -0.003412941 0.999990582 15.250207901
0.999994099 0.001997561 0.002795860 0.320303053 -0.002005185 0.999994278 0.002726721 -0.455101073 -0.002790397 -0.002732311 0.999992311 15.697694778
0.999994338 0.000570673 0.003321343 0.335481942 -0.000581505 0.999994457 0.003261254 -0.468658149 -0.003319464 -0.003263167 0.999989092 16.140804291
0.999987423 0.002414098 0.004390786 0.329039007 -0.002429675 0.999990880 0.003545812 -0.496441275 -0.004382186 -0.003556437 0.999984086 16.596517563
0.999986470 0.002290479 0.004681434 0.336338758 -0.002305662 0.999992073 0.003240417 -0.507399142 -0.004673976 -0.003251167 0.999983847 17.047315598
0.999988317 0.001593517 0.004562388 0.356236577 -0.001608210 0.999993503 0.003218718 -0.513556302 -0.004557231 -0.003226018 0.999984443 17.519876480
0.999982715 0.002260557 0.005423440 0.363321334 -0.002283374 0.999988556 0.004204581 -0.535399199 -0.005413873 -0.004216892 0.999976516 17.975971222
0.999984145 0.001802053 0.005338884 0.370938748 -0.001819013 0.999993324 0.003173386 -0.545215726 -0.005333129 -0.003183046 0.999980628 18.468059540
0.999985754 0.001433139 0.005153212 0.384808123 -0.001449669 0.999993801 0.003205440 -0.551412284 -0.005148587 -0.003212865 0.999981523 18.945333481
0.999984145 0.001541558 0.005419898 0.396367133 -0.001558023 0.999994159 0.003034912 -0.566539824 -0.005415189 -0.003043308 0.999980628 19.436330795
0.999980569 0.001737194 0.005984678 0.407593429 -0.001755551 0.999993682 0.003063424 -0.583364725 -0.005979319 -0.003073871 0.999977410 19.915140152
0.999977648 0.001895477 0.006417003 0.413689613 -0.001918952 0.999991417 0.003654075 -0.599131107 -0.006410023 -0.003666308 0.999972761 20.402133942
0.999981642 0.001348904 0.005895552 0.439016134 -0.001366337 0.999994695 0.002953837 -0.605978668 -0.005891534 -0.002961839 0.999978304 20.893581390
0.999985397 0.001260383 0.005257927 0.454161108 -0.001279166 0.999992788 0.003570488 -0.624699116 -0.005253389 -0.003577161 0.999979794 21.391895294
0.999988198 0.000909248 0.004765611 0.466505170 -0.000923961 0.999994814 0.003085864 -0.629298270 -0.004762780 -0.003090231 0.999983847 21.908227921
0.999989092 0.001000893 0.004558999 0.474288046 -0.001017136 0.999993145 0.003561895 -0.650055766 -0.004555403 -0.003566493 0.999983251 22.404022217
0.999989629 0.001354623 0.004334729 0.478853971 -0.001371502 0.999991477 0.003893187 -0.671296775 -0.004329418 -0.003899092 0.999983013 22.929363251
0.999991894 0.001012644 0.003895372 0.489125848 -0.001027936 0.999991715 0.003925686 -0.686090887 -0.003891364 -0.003929658 0.999984741 23.457187653
0.999991655 0.001991370 0.003582371 0.486382216 -0.002005423 0.999990284 0.003923374 -0.697376192 -0.003574523 -0.003930525 0.999985874 23.993551254
0.999997020 -0.000669953 0.002341336 0.506276906 0.000660691 0.999991953 0.003954294 -0.724082828 -0.002343966 -0.003952736 0.999989450 24.528106689
0.999997795 0.000557867 0.002064888 0.513427556 -0.000566244 0.999991596 0.004058542 -0.735739887 -0.002062607 -0.004059702 0.999989688 25.070554733
0.999998868 0.000551264 0.001400460 0.519245088 -0.000557380 0.999990225 0.004370674 -0.744798601 -0.001398037 -0.004371449 0.999989510 25.604463577
0.999998987 0.001032647 0.000909810 0.519940138 -0.001036293 0.999991417 0.004015872 -0.762966394 -0.000905655 -0.004016812 0.999991536 26.170995712
0.999998391 0.001442216 0.001097624 0.525118172 -0.001446302 0.999992013 0.003730464 -0.768993080 -0.001092235 -0.003732046 0.999992490 26.742937088
0.999999583 0.000836773 0.000028888 0.539487123 -0.000836886 0.999990880 0.004176902 -0.783290982 -0.000025393 -0.004176924 0.999991298 27.289598465
0.999998927 0.001516091 0.000171365 0.545179725 -0.001516837 0.999988973 0.004438809 -0.807817459 -0.000164634 -0.004439064 0.999990106 27.855285645
0.999998927 0.001492205 -0.000048902 0.556809604 -0.001491980 0.999989629 0.004305092 -0.820953488 0.000055325 -0.004305014 0.999990761 28.395702362
0.999997675 0.002127852 -0.000214345 0.564653575 -0.002126897 0.999988198 0.004362104 -0.831366479 0.000223624 -0.004361639 0.999990463 28.960906982
0.999997497 0.002209974 -0.000412276 0.578414738 -0.002208021 0.999986768 0.004677774 -0.845768929 0.000422608 -0.004676851 0.999988973 29.517137527
0.999996364 0.002443375 -0.001179280 0.590935528 -0.002437911 0.999986410 0.004613264 -0.858621955 0.001190536 -0.004610372 0.999988675 30.072460175
0.999996722 0.002313107 -0.001111978 0.597140849 -0.002308028 0.999987006 0.004547731 -0.864773870 0.001122483 -0.004545149 0.999989092 30.626071930
0.999994516 0.003240660 -0.000698966 0.602209270 -0.003237202 0.999982834 0.004893468 -0.884563506 0.000714812 -0.004891178 0.999987781 31.162298203
0.999995947 0.002599021 -0.001106427 0.607288241 -0.002593976 0.999986351 0.004537060 -0.895514667 0.001118204 -0.004534173 0.999989092 31.707281113
0.999994457 0.002920847 -0.001573425 0.616977155 -0.002913642 0.999985337 0.004561795 -0.905867934 0.001586726 -0.004557186 0.999988377 32.259914398
0.999995530 0.002478238 -0.001665586 0.637687385 -0.002470753 0.999986887 0.004481561 -0.919463396 0.001676670 -0.004477426 0.999988616 32.790210724
0.999992430 0.003337461 -0.001977836 0.623358011 -0.003329189 0.999985695 0.004170658 -0.926977873 0.001991726 -0.004164041 0.999989331 33.345058441
0.999992549 0.003278334 -0.002045960 0.629373670 -0.003270628 0.999987543 0.003758872 -0.942900717 0.002058257 -0.003752153 0.999990880 33.884426117
0.999992311 0.003354499 -0.002049669 0.637637615 -0.003345925 0.999985695 0.004172380 -0.953413248 0.002063636 -0.004165490 0.999989152 34.463436127
0.999992728 0.002928990 -0.002459438 0.657893419 -0.002916664 0.999983251 0.005000314 -0.966380894 0.002474043 -0.004993104 0.999984503 35.001296997
0.999994159 0.002254341 -0.002567508 0.651447892 -0.002243151 0.999987960 0.004352711 -0.988926709 0.002577289 -0.004346926 0.999987245 35.528247833
0.999994397 0.001977157 -0.002674607 0.663916230 -0.001965313 0.999988198 0.004423483 -0.997508407 0.002683321 -0.004418201 0.999986649 36.070915222
0.999994218 0.002252617 -0.002533232 0.672022045 -0.002240937 0.999986887 0.004603938 -1.017209649 0.002543570 -0.004598235 0.999986172 36.623901367
0.999994218 0.001617433 -0.002972444 0.671778142 -0.001604365 0.999989033 0.004393752 -1.029957652 0.002979517 -0.004388958 0.999985874 37.150440216
0.999992311 0.002130213 -0.003297552 0.681031108 -0.002117421 0.999990225 0.003878172 -1.038111925 0.003305781 -0.003871159 0.999987066 37.698738098
0.999990702 0.002043569 -0.003788594 0.690510035 -0.002028343 0.999989808 0.004018455 -1.050435066 0.003796767 -0.004010732 0.999984741 38.257419586
0.999992073 0.001657018 -0.003607215 0.704529643 -0.001640878 0.999988616 0.004472844 -1.069696665 0.003614585 -0.004466889 0.999983490 38.781185150
0.999993145 0.001812571 -0.003235742 0.700077057 -0.001798327 0.999988735 0.004399435 -1.088903785 0.003243680 -0.004393585 0.999985039 39.311374664
0.999993026 0.001788410 -0.003300373 0.711139560 -0.001775102 0.999990344 0.004030775 -1.097527385 0.003307550 -0.004024888 0.999986410 39.858043671
0.999993324 0.001373066 -0.003383114 0.718601346 -0.001359578 0.999991238 0.003986107 -1.115501404 0.003388557 -0.003981481 0.999986351 40.415195465
0.999993742 0.001742764 -0.003079934 0.704293013 -0.001728893 0.999988377 0.004500730 -1.120664358 0.003087742 -0.004495378 0.999985099 40.904872894
0.999995589 0.001192309 -0.002767765 0.708602428 -0.001177976 0.999985933 0.005174331 -1.154329300 0.002773895 -0.005171048 0.999982715 41.408538818
0.999993503 0.001940132 -0.003021931 0.720608354 -0.001925157 0.999985874 0.004950270 -1.159612536 0.003031492 -0.004944421 0.999983191 41.952289581
0.999994218 0.002086238 -0.002684004 0.724942267 -0.002071253 0.999982297 0.005574192 -1.178809047 0.002695586 -0.005568602 0.999980807 42.505462646
0.999994159 0.001635939 -0.003028191 0.751332998 -0.001618184 0.999981582 0.005856621 -1.193126798 0.003037716 -0.005851687 0.999978304 43.002090454
0.999995351 0.002162453 -0.002157546 0.716226578 -0.002150339 0.999981940 0.005601935 -1.207685947 0.002169620 -0.005597268 0.999981999 43.479396820
0.999995351 0.002396935 -0.001887577 0.725273013 -0.002385980 0.999980390 0.005784700 -1.223758936 0.001901406 -0.005780169 0.999981523 44.031684875
0.999994814 0.002605353 -0.001904168 0.732910275 -0.002593286 0.999976695 0.006312391 -1.236373663 0.001920570 -0.006307419 0.999978244 44.588829041
0.999993563 0.002741632 -0.002334751 0.740402937 -0.002727541 0.999978185 0.006016722 -1.250610113 0.002351195 -0.006010315 0.999979198 45.073890686
0.999997497 0.001604586 -0.001562316 0.735653877 -0.001595936 0.999983490 0.005522428 -1.260299683 0.001571151 -0.005519922 0.999983490 45.578239441
0.999996662 0.002282230 -0.001179579 0.745324194 -0.002276302 0.999984920 0.005003283 -1.266235352 0.001190980 -0.005000583 0.999986768 46.123706818
0.999998093 0.001609283 -0.001154480 0.756025374 -0.001604747 0.999991059 0.003919221 -1.270783305 0.001160776 -0.003917360 0.999991655 46.678371429
0.999997854 0.001572766 -0.001343644 0.752074063 -0.001564634 0.999980569 0.006031634 -1.296592951 0.001353105 -0.006029520 0.999980927 47.141849518
0.999996543 0.002128407 -0.001483902 0.758486509 -0.002119899 0.999981344 0.005711455 -1.303514957 0.001496030 -0.005708290 0.999982595 47.688388824
0.999998212 0.000873475 -0.001636262 0.773400128 -0.000863613 0.999981463 0.006018267 -1.321803212 0.001641488 -0.006016843 0.999980569 48.246246338
0.999996722 0.002366377 -0.000968069 0.777561843 -0.002361108 0.999982655 0.005407576 -1.332442045 0.000980849 -0.005405273 0.999984920 48.764030457
0.999998510 0.000176169 -0.001783536 0.783670306 -0.000165553 0.999982238 0.005949689 -1.341478825 0.001784553 -0.005949384 0.999980628 49.236751556
0.999998152 0.000831469 -0.001700569 0.794194400 -0.000821208 0.999981523 0.006025378 -1.354380369 0.001705548 -0.006023970 0.999980390 49.778163910
0.999998748 0.000313536 -0.001543888 0.797594249 -0.000305556 0.999986649 0.005166187 -1.357309580 0.001545488 -0.005165709 0.999985397 50.325542450
0.999998808 -0.000094514 -0.001555921 0.809983969 0.000103747 0.999982417 0.005935041 -1.383775830 0.001555333 -0.005935195 0.999981165 50.828407288
0.999999225 0.000762648 -0.000880493 0.809392214 -0.000757398 0.999981999 0.005948648 -1.391524434 0.000885014 -0.005947977 0.999981940 51.385631561
0.999999344 0.000250731 -0.001053908 0.821202636 -0.000243778 0.999978244 0.006591468 -1.413249016 0.001055538 -0.006591207 0.999977708 51.843132019
0.999999881 0.000267450 -0.000138661 0.828168273 -0.000266576 0.999980390 0.006265948 -1.421602964 0.000140335 -0.006265911 0.999980271 52.395778656
0.999999821 0.000560654 -0.000278934 0.829922497 -0.000558889 0.999980032 0.006288875 -1.430885315 0.000282454 -0.006288719 0.999980211 52.921012878
0.999998808 0.001537120 -0.000257312 0.836111248 -0.001535461 0.999978781 0.006328240 -1.444343925 0.000267034 -0.006327838 0.999979973 53.465915680
0.999999821 0.000584309 -0.000236657 0.843791842 -0.000582867 0.999981582 0.006046043 -1.456413269 0.000240187 -0.006045904 0.999981701 53.989772797
0.999999225 0.001256569 0.000181775 0.851271570 -0.001257625 0.999981582 0.005933277 -1.467600703 -0.000174316 -0.005933500 0.999982357 54.523784637
0.999999464 0.001033554 0.000261723 0.862699687 -0.001034992 0.999984086 0.005555704 -1.475413799 -0.000255977 -0.005555972 0.999984562 55.092037201
0.999999762 0.000664138 -0.000146942 0.877727807 -0.000663287 0.999983370 0.005726874 -1.486246347 0.000150742 -0.005726775 0.999983609 55.595672607
0.999999404 0.001094148 0.000098872 0.878783703 -0.001094735 0.999980509 0.006146553 -1.496625185 -0.000092146 -0.006146657 0.999981105 56.151634216
0.999999404 0.001044424 -0.000014397 0.897024155 -0.001044318 0.999981284 0.006034471 -1.512880564 0.000020699 -0.006034452 0.999981821 56.700187683
0.999998868 0.001468823 0.000272198 0.898356855 -0.001470327 0.999983191 0.005609284 -1.520580769 -0.000263955 -0.005609678 0.999984205 57.195011139
0.999999166 0.001212365 0.000225991 0.912670732 -0.001213647 0.999982655 0.005757403 -1.534772635 -0.000219007 -0.005757673 0.999983311 57.739467621
0.999998271 0.001781660 0.000536545 0.927107871 -0.001784179 0.999987245 0.004731168 -1.534368157 -0.000528110 -0.004732117 0.999988616 58.282421112
0.999999404 0.001015714 0.000142229 0.936539173 -0.001016464 0.999985039 0.005374804 -1.545158625 -0.000136767 -0.005374944 0.999985516 58.782852173
0.999999404 0.001022512 0.000297959 0.949087083 -0.001024091 0.999985158 0.005351971 -1.566588163 -0.000292482 -0.005352273 0.999985576 59.321014404
0.999999404 0.001055064 0.000234873 0.958699465 -0.001056158 0.999988317 0.004707702 -1.573519707 -0.000229903 -0.004707948 0.999988854 59.873023987
0.999998212 0.001732175 0.000686733 0.953791261 -0.001735622 0.999985754 0.005052688 -1.583073974 -0.000677971 -0.005053871 0.999986947 60.382717133
0.999997795 0.001956999 0.000717985 0.968015909 -0.001960370 0.999986947 0.004724236 -1.593730092 -0.000708730 -0.004725634 0.999988556 60.932621002
0.999999642 0.000652229 0.000443468 0.991412342 -0.000654712 0.999984026 0.005622183 -1.610024452 -0.000439794 -0.005622471 0.999984205 61.481449127
0.999998152 0.001566790 0.001061767 0.979698896 -0.001572014 0.999986529 0.004937548 -1.623477578 -0.001054016 -0.004939208 0.999987185 61.980506897
0.999998391 0.001741916 0.000469320 0.997196257 -0.001744082 0.999987602 0.004655009 -1.632612228 -0.000461206 -0.004655819 0.999989033 62.528888702
0.999999225 0.001117799 0.000692975 1.013159037 -0.001121189 0.999987304 0.004911080 -1.641165376 -0.000687476 -0.004911854 0.999987721 63.077800751
0.999997437 0.001959160 0.001121152 1.008929610 -0.001964585 0.999986291 0.004858293 -1.662609339 -0.001111618 -0.004860484 0.999987483 63.605869293
0.999996722 0.002430595 0.000805120 1.022401810 -0.002434073 0.999987602 0.004346332 -1.668951511 -0.000794545 -0.004348278 0.999990165 64.152191162
0.999996483 0.001916260 0.001792262 1.028744221 -0.001924460 0.999987602 0.004584922 -1.679714441 -0.001783454 -0.004588355 0.999987841 64.684112549
0.999997020 0.001856129 0.001575952 1.034883380 -0.001862570 0.999989867 0.004095441 -1.691602945 -0.001568334 -0.004098364 0.999990344 65.197746277
0.999996543 0.002028476 0.001677272 1.050183058 -0.002035728 0.999988496 0.004332757 -1.705436707 -0.001668464 -0.004336156 0.999989212 65.746658325
0.999996424 0.001829542 0.001959752 1.056722403 -0.001835808 0.999993205 0.003200002 -1.707940102 -0.001953884 -0.003203588 0.999992907 66.313652039
0.999995232 0.002193232 0.002132314 1.062470317 -0.002199773 0.999992907 0.003069967 -1.726037860 -0.002125565 -0.003074645 0.999993026 66.854484558
0.999996424 0.001739863 0.002018665 1.076420546 -0.001747807 0.999990702 0.003940324 -1.739893198 -0.002011791 -0.003943838 0.999990165 67.329681396
0.999995351 0.002161754 0.002121876 1.087702990 -0.002169685 0.999990582 0.003742244 -1.752106547 -0.002113767 -0.003746830 0.999990761 67.873130798
0.999990463 0.003065158 0.003101711 1.088682652 -0.003075319 0.999989867 0.003276454 -1.768573761 -0.003091637 -0.003285961 0.999989867 68.416152954
0.999992251 0.003080880 0.002443343 1.104813695 -0.003089855 0.999988437 0.003678110 -1.775838137 -0.002431983 -0.003685632 0.999990225 68.937889099
0.999988317 0.004016461 0.002692339 1.115399241 -0.004024945 0.999986887 0.003153207 -1.783982277 -0.002679639 -0.003164007 0.999991357 69.481513977
0.999988735 0.003449201 0.003249419 1.127895594 -0.003459436 0.999988973 0.003149244 -1.798337460 -0.003238521 -0.003160450 0.999989748 70.043838501
0.999991715 0.003078358 0.002653491 1.140714645 -0.003087628 0.999989033 0.003496890 -1.813704371 -0.002642697 -0.003505054 0.999990284 70.542144775
0.999991953 0.002668019 0.002999061 1.149023652 -0.002677497 0.999991417 0.003160465 -1.826400757 -0.002990603 -0.003168470 0.999990404 71.090782166
0.999984920 0.004279224 0.003427950 1.155981064 -0.004289316 0.999986410 0.002941771 -1.832840443 -0.003415315 -0.002956430 0.999989748 71.633285522
0.999992073 0.002851046 0.002763588 1.176857710 -0.002860420 0.999990106 0.003393597 -1.852190852 -0.002753885 -0.003401475 0.999990404 72.143493652
0.999990523 0.003029368 0.003139166 1.186151505 -0.003041293 0.999988139 0.003800295 -1.865398645 -0.003127617 -0.003809806 0.999987781 72.691001892
0.999990582 0.002984502 0.003174531 1.198262095 -0.002994750 0.999990284 0.003228099 -1.876124024 -0.003164866 -0.003237574 0.999989688 73.244476318
0.999993205 0.002312985 0.002876194 1.219491959 -0.002323914 0.999990046 0.003802889 -1.891106844 -0.002867370 -0.003809548 0.999988616 73.705978394
0.999990880 0.003099423 0.002908723 1.233113289 -0.003111196 0.999986887 0.004051514 -1.898162246 -0.002896128 -0.004060528 0.999987602 74.256690979
0.999991298 0.002891483 0.002994831 1.243711472 -0.002904755 0.999985993 0.004436595 -1.921451926 -0.002981961 -0.004445256 0.999985695 74.799049377
0.999992251 0.002474076 0.003057488 1.259743690 -0.002484977 0.999990523 0.003566557 -1.928194642 -0.003048635 -0.003574128 0.999988914 75.331993103
0.999990642 0.003099611 0.003027164 1.267693758 -0.003110672 0.999988496 0.003656355 -1.941784382 -0.003015796 -0.003665737 0.999988735 75.868362427
0.999991298 0.002938939 0.002967535 1.283180594 -0.002948618 0.999990284 0.003262700 -1.952304840 -0.002957917 -0.003271421 0.999990225 76.428771973
0.999987900 0.003472770 0.003477861 1.298651576 -0.003483862 0.999988794 0.003188958 -1.961717486 -0.003466748 -0.003201036 0.999988794 76.956779480
0.999988317 0.003525959 0.003300745 1.313111782 -0.003536705 0.999988377 0.003255553 -1.972696543 -0.003289228 -0.003267188 0.999989212 77.516159058
0.999985278 0.003722958 0.003931458 1.316395998 -0.003734522 0.999988675 0.002938210 -1.985440373 -0.003920475 -0.002952848 0.999987900 78.042541504
0.999989688 0.003108868 0.003297965 1.361367226 -0.003117527 0.999991655 0.002623759 -2.001460314 -0.003289781 -0.002634014 0.999991059 78.548881531
0.999988019 0.003409256 0.003508077 1.355099916 -0.003419346 0.999990046 0.002874122 -2.013114452 -0.003498244 -0.002886084 0.999989629 79.120834351
0.999987066 0.003581770 0.003589983 1.372618914 -0.003591347 0.999990046 0.002664603 -2.027511835 -0.003580403 -0.002677461 0.999989986 79.670478821
0.999978900 0.003485694 0.005478626 1.370922208 -0.003501700 0.999989688 0.002914773 -2.038113594 -0.005468410 -0.002933896 0.999980748 80.186752319
0.999971271 0.003164761 0.006882132 1.394435167 -0.003180675 0.999992371 0.002302659 -2.045949221 -0.006874792 -0.002324484 0.999973595 80.743965149
0.999972999 0.002978881 0.006712528 1.435523748 -0.002996573 0.999992073 0.002627311 -2.061451912 -0.006704649 -0.002647355 0.999973953 81.273910522
0.999963820 0.003472861 0.007757961 1.446374178 -0.003496233 0.999989390 0.003001200 -2.079722643 -0.007747456 -0.003028215 0.999965370 81.822105408
0.999928594 0.003915087 0.011286160 1.469532013 -0.003941073 0.999989569 0.002281125 -2.090214968 -0.011277112 -0.002325442 0.999933660 82.391441345
0.999860406 0.005167738 0.015887437 1.477251887 -0.005201488 0.999984324 0.002083769 -2.105142593 -0.015876418 -0.002166116 0.999871612 82.926551819
0.999828875 0.003233831 0.018209675 1.510780215 -0.003284391 0.999990821 0.002747249 -2.113869905 -0.018200621 -0.002806586 0.999830425 83.505119324
0.999738514 0.003710101 0.022560842 1.535629392 -0.003766940 0.999989867 0.002477383 -2.125331640 -0.022551421 -0.002561721 0.999742448 84.051712036
0.999575794 0.004187080 0.028817624 1.566195130 -0.004247770 0.999988794 0.002045020 -2.129780293 -0.028808739 -0.002166564 0.999582648 84.610649109
0.999404788 0.003209725 0.034348521 1.609430194 -0.003287366 0.999992192 0.002204115 -2.149343967 -0.034341168 -0.002315719 0.999407470 85.156600952
0.999174237 0.003289617 0.040496387 1.648206949 -0.003394749 0.999991000 0.002527596 -2.164824963 -0.040487710 -0.002662985 0.999176443 85.701423645
0.998788655 0.003607811 0.049075041 1.683567047 -0.003737713 0.999989808 0.002555462 -2.180901527 -0.049065314 -0.002735794 0.998791754 86.262672424
0.998372257 0.002788873 0.056967542 1.755257368 -0.002892953 0.999994278 0.001744613 -2.182165861 -0.056962363 -0.001906578 0.998374462 86.851379395
0.997940123 0.002578172 0.064100057 1.805668831 -0.002692455 0.999994934 0.001696552 -2.193325758 -0.064095363 -0.001865644 0.997942030 87.400932312
0.997279942 0.002634785 0.073660389 1.860606670 -0.002771470 0.999994576 0.001753447 -2.208741903 -0.073655374 -0.001952825 0.997281909 87.949493408
0.996519625 0.002667859 0.083316088 1.940036774 -0.002809344 0.999994755 0.001580971 -2.220130682 -0.083311431 -0.001809532 0.996521831 88.515853882
0.995755792 0.002293388 0.092006624 2.005915165 -0.002483313 0.999995053 0.001949831 -2.229887009 -0.092001699 -0.002170037 0.995756507 89.064071655
0.995054424 0.001684924 0.099316843 2.078655243 -0.001830107 0.999997377 0.001370728 -2.241602421 -0.099314272 -0.001545709 0.995054901 89.602645874
0.993983150 0.001909333 0.109516509 2.167631149 -0.002049319 0.999997199 0.001165670 -2.248684168 -0.109513983 -0.001383091 0.993984282 90.181221008
0.992771208 0.002621093 0.119993277 2.255448341 -0.002827533 0.999994755 0.001550212 -2.265183449 -0.119988598 -0.001878290 0.992773533 90.727470398
0.991552949 0.001733161 0.129691154 2.344790459 -0.001906824 0.999997437 0.001214891 -2.277225971 -0.129688710 -0.001451927 0.991553664 91.284736633
0.990053296 0.001067691 0.140688434 2.451341629 -0.001253262 0.999998391 0.001230428 -2.294023275 -0.140686885 -0.001394509 0.990053177 91.808723450
0.988154769 0.000750683 0.153458133 2.551059723 -0.000880364 0.999999285 0.000777105 -2.310838938 -0.153457433 -0.000902999 0.988154948 92.325553894
0.986307144 0.000986034 0.164915800 2.657676697 -0.001147203 0.999998987 0.000882037 -2.324820042 -0.164914757 -0.001059151 0.986307263 92.888992310
0.984661996 0.000148637 0.174472466 2.774461746 -0.000299685 0.999999583 0.000839395 -2.333356380 -0.174472287 -0.000878807 0.984661698 93.451576233
0.982207358 0.000663189 0.187798500 2.891048431 -0.000946013 0.999998510 0.001416374 -2.353061914 -0.187797293 -0.001568832 0.982206583 93.989051819
0.979839563 -0.000775002 0.199784845 3.028732300 0.000585394 0.999999344 0.001008130 -2.366914034 -0.199785501 -0.000870853 0.979839325 94.517402649
0.977776766 -0.001318742 0.209645048 3.162405014 0.001226823 0.999999106 0.000568494 -2.379826069 -0.209645599 -0.000298663 0.977777421 95.026687622
0.975017428 -0.001641041 0.222122386 3.326311111 0.001609257 0.999998629 0.000324076 -2.377789736 -0.222122610 0.000041472 0.975018740 95.526985168
0.971821129 -0.001537552 0.235714570 3.474723816 0.001515651 0.999998748 0.000274099 -2.389536858 -0.235714719 0.000090885 0.971822321 96.060256958
0.969177127 -0.002142495 0.246355757 3.633646011 0.002083738 0.999997616 0.000499196 -2.411460876 -0.246356249 0.000029532 0.969179392 96.577026367
0.966300666 -0.002458618 0.257404417 3.802986145 0.002350228 0.999996960 0.000728748 -2.433763981 -0.257405460 -0.000099231 0.966303468 97.092994690
0.962717533 -0.003502018 0.270485997 3.951351166 0.003287078 0.999993920 0.001247632 -2.430757046 -0.270488679 -0.000312009 0.962723076 97.491088867
0.959159911 -0.004148950 0.282833755 4.130798340 0.004161247 0.999991179 0.000557260 -2.442972183 -0.282833517 0.000642440 0.959168792 98.017684937
0.955685556 -0.005085882 0.294345498 4.317800522 0.005093947 0.999986649 0.000739277 -2.454935074 -0.294345319 0.000792864 0.955698788 98.548461914
0.951323330 -0.004759572 0.308157831 4.516263962 0.004549854 0.999988675 0.001399073 -2.476560593 -0.308161020 0.000071103 0.951334178 99.025054932
0.946707726 -0.004860661 0.322057068 4.684558868 0.004669448 0.999988139 0.001366218 -2.481172562 -0.322059870 0.000210420 0.946719289 99.503974915
0.942667663 -0.005571288 0.333686322 4.890445709 0.005614942 0.999983847 0.000833638 -2.487325430 -0.333685607 0.001087786 0.942683756 100.026947021
0.937705934 -0.004220446 0.347404391 5.095987320 0.004048611 0.999991059 0.001220485 -2.504058599 -0.347406417 0.000262050 0.937714577 100.566078186
0.932506502 -0.005701783 0.361108184 5.310985565 0.005722792 0.999983132 0.001011180 -2.524463654 -0.361107796 0.001123615 0.932523370 101.022270203
0.927911460 -0.006705188 0.372740149 5.569952011 0.006821358 0.999976218 0.001007165 -2.532750845 -0.372738004 0.001608035 0.927935243 101.541671753
0.923133910 -0.007738383 0.384400725 5.754491806 0.007830964 0.999968410 0.001324427 -2.548455238 -0.384398848 0.001787605 0.923165381 101.972663879
0.917363107 -0.008031083 0.397970200 6.003501892 0.008242152 0.999965370 0.001180386 -2.561383724 -0.397965878 0.002197288 0.917397618 102.466781616
0.911520779 -0.008949007 0.411156625 6.235527039 0.009015040 0.999957800 0.001778478 -2.575421095 -0.411155164 0.002085474 0.911562979 102.936431885
0.906486332 -0.008888246 0.422141731 6.479480743 0.008970694 0.999958158 0.001791019 -2.597059250 -0.422139972 0.002163370 0.906528115 103.418418884
0.900740862 -0.008916919 0.434265375 6.715499878 0.009029129 0.999957502 0.001804512 -2.598474979 -0.434263080 0.002295640 0.900783181 103.884330750
0.893999994 -0.008446075 0.447987288 6.994823456 0.008376995 0.999962628 0.002135609 -2.619163752 -0.447988659 0.001843554 0.894037366 104.393066406
0.887791991 -0.008232767 0.460171282 7.268192291 0.008518166 0.999962628 0.001456196 -2.623072624 -0.460166097 0.002627016 0.887829065 104.882369995
0.882072806 -0.008141715 0.471042752 7.557868958 0.008272974 0.999964118 0.001791894 -2.634838104 -0.471040487 0.002316344 0.882108510 105.388854980
0.874547005 -0.008871776 0.484859526 7.842250824 0.008872058 0.999957979 0.002294213 -2.658424854 -0.484859526 0.002295305 0.874589145 105.842834473
0.867719948 -0.010145547 0.496949792 8.128147125 0.009914223 0.999946058 0.003103391 -2.685611725 -0.496954381 0.002233997 0.867773771 106.260643005
0.861661732 -0.010806665 0.507367849 8.420959473 0.010826404 0.999937236 0.002911669 -2.695730209 -0.507367492 0.002984095 0.861724615 106.713256836
