1.000000000 0.000000000 0.000000000 0.000000000 0.000000000 1.000000000 0.000000000 0.000000000 0.000000000 0.000000000 1.000000000 0.000000000
1.000000000 0.000129274 0.000015001 -0.000036637 -0.000129273 1.000000000 -0.000034542 0.000448034 -0.000015006 0.000034540 1.000000000 0.000171626
1.000000000 0.000048894 0.000048947 -0.000584869 -0.000048895 1.000000000 0.000034625 -0.000478578 -0.000048945 -0.000034627 1.000000000 -0.000692664
1.000000000 -0.000079324 0.000092117 -0.000394516 0.000079328 1.000000000 -0.000045775 0.000576651 -0.000092114 0.000045783 1.000000000 0.000259720
1.000000000 -0.000082479 0.000047959 -0.000338504 0.000082478 1.000000000 0.000012682 -0.000071939 -0.000047960 -0.000012679 1.000000000 -0.000545343
1.000000000 0.000048238 0.000151054 -0.001147206 -0.000048238 1.000000000 -0.000001054 0.000367965 -0.000151054 0.000001047 1.000000000 0.000037918
1.000000000 -0.000072324 0.000109254 -0.000700157 0.000072325 1.000000000 -0.000010906 0.000431492 -0.000109254 0.000010914 1.000000000 -0.000167526
1.000000000 0.000070393 0.000079126 -0.000827513 -0.000070398 1.000000000 0.000067458 -0.000354802 -0.000079122 -0.000067464 1.000000000 -0.000719226
1.000000000 0.000034812 0.000042384 -0.000980139 -0.000034808 1.000000000 -0.000080128 0.000523519 -0.000042387 0.000080127 1.000000000 0.000082032
1.000000000 -0.000014483 0.000096290 -0.000411843 0.000014478 1.000000000 0.000060295 -0.001016070 -0.000096291 -0.000060294 1.000000000 -0.000235692
1.000000000 0.000110536 0.000109741 -0.001249458 -0.000110544 1.000000000 0.000076185 -0.000654059 -0.000109733 -0.000076197 1.000000000 -0.000243438
1.000000000 0.000080742 0.000112415 -0.000728614 -0.000080738 1.000000000 -0.000034039 0.000539736 -0.000112417 0.000034029 1.000000000 -0.000047838
1.000000000 0.000110991 0.000061182 -0.001084330 -0.000110988 1.000000000 -0.000059964 -0.000335620 -0.000061189 0.000059957 1.000000000 -0.001335235
1.000000000 0.000084753 0.000096251 -0.001687871 -0.000084749 1.000000000 -0.000041137 0.001352378 -0.000096255 0.000041129 1.000000000 0.000595520
1.000000000 0.000019149 0.000084598 -0.001959415 -0.000019142 1.000000000 -0.000090519 0.001066461 -0.000084600 0.000090517 1.000000000 -0.000353557
1.000000000 0.000104986 0.000043294 -0.000369569 -0.000104983 1.000000000 -0.000090739 0.002148337 -0.000043304 0.000090735 1.000000000 0.001801120
1.000000000 0.000108771 0.000118338 -0.000964771 -0.000108757 1.000000000 -0.000121070 0.001942135 -0.000118351 0.000121058 1.000000000 0.002199447
1.000000000 0.000148131 0.000113497 -0.001589158 -0.000148117 1.000000000 -0.000128102 0.001598027 -0.000113516 0.000128085 1.000000000 0.001255990
0.999999940 0.000220215 0.000162365 -0.002003306 -0.000220197 0.999999940 -0.000108072 0.002289299 -0.000162388 0.000108036 1.000000000 0.002246054
0.999999940 0.000180463 0.000166133 -0.001737723 -0.000180441 1.000000000 -0.000135418 0.002311506 -0.000166157 0.000135388 1.000000000 0.002094096
1.000000000 0.000138520 0.000167586 -0.001899484 -0.000138505 1.000000000 -0.000087181 0.001636246 -0.000167598 0.000087158 1.000000000 0.001933180
1.000000000 0.000197542 0.000129371 -0.001975539 -0.000197533 1.000000000 -0.000065768 0.002137045 -0.000129384 0.000065743 1.000000000 0.001625351
1.000000000 0.000101621 0.000073869 -0.000553603 -0.000101612 1.000000000 -0.000130928 0.002289955 -0.000073883 0.000130920 1.000000000 0.002820158
1.000000000 0.000114885 0.000106900 -0.001562720 -0.000114871 1.000000000 -0.000130621 0.002840447 -0.000106915 0.000130609 1.000000000 0.003427257
0.999999940 0.000268514 0.000070826 -0.001492750 -0.000268508 0.999999940 -0.000091706 0.002573638 -0.000070851 0.000091687 1.000000000 0.003487385
0.999999940 0.000297448 0.000130107 -0.001749825 -0.000297444 0.999999940 -0.000030761 0.001346900 -0.000130116 0.000030723 1.000000000 0.001593129
1.000000000 0.000118088 0.000182497 -0.001924269 -0.000118077 1.000000000 -0.000060555 0.002849256 -0.000182504 0.000060533 1.000000000 0.002885531
1.000000000 0.000151368 0.000164959 -0.001649595 -0.000151363 1.000000000 -0.000029601 0.001392443 -0.000164963 0.000029576 1.000000000 0.002271697
1.000000000 0.000143307 0.000107537 -0.001630648 -0.000143300 1.000000000 -0.000069439 0.002656650 -0.000107547 0.000069423 1.000000000 0.002632002
1.000000000 0.000136399 0.000143646 -0.001917687 -0.000136383 1.000000000 -0.000106325 0.002529030 -0.000143660 0.000106306 1.000000000 0.002796591
1.000000000 0.000124053 0.000199180 -0.001248150 -0.000124044 1.000000000 -0.000041767 0.001469194 -0.000199185 0.000041742 1.000000000 0.002535749
1.000000000 0.000084638 0.000195587 -0.001167799 -0.000084616 1.000000000 -0.000115820 0.003475231 -0.000195596 0.000115803 1.000000000 0.003883294
1.000000000 0.000149632 0.000063742 -0.000191588 -0.000149618 0.999999940 -0.000223176 0.003926433 -0.000063775 0.000223166 1.000000000 0.003813826
1.000000000 0.000139878 0.000149252 -0.001064736 -0.000139866 1.000000000 -0.000081816 0.001743015 -0.000149263 0.000081795 1.000000000 0.001991752
0.999999940 0.000260290 0.000218610 -0.002718920 -0.000260263 0.999999940 -0.000123688 0.002002509 -0.000218642 0.000123631 0.999999940 0.001705730
0.999999940 0.000263806 0.000213942 -0.001385940 -0.000263782 0.999999940 -0.000110081 0.001817956 -0.000213971 0.000110024 1.000000000 0.001597271
1.000000000 0.000103398 0.000135225 -0.001315900 -0.000103390 1.000000000 -0.000055156 0.002067196 -0.000135231 0.000055142 1.000000000 0.001854886
0.999999940 0.000208176 0.000145924 -0.001824295 -0.000208163 1.000000000 -0.000088156 0.002880261 -0.000145942 0.000088126 1.000000000 0.003091974
0.999999940 0.000280607 0.000210743 -0.001759000 -0.000280591 0.999999940 -0.000079790 0.002729621 -0.000210765 0.000079731 1.000000000 0.001869944
1.000000000 0.000138128 0.000088614 -0.000238191 -0.000138117 1.000000000 -0.000132041 0.003729398 -0.000088632 0.000132028 1.000000000 0.003003769
1.000000000 0.000035243 0.000097340 -0.000062720 -0.000035227 1.000000000 -0.000155750 0.001961716 -0.000097345 0.000155747 1.000000000 0.003568191
0.999999881 0.000385215 0.000220796 0.000471564 -0.000385065 0.999999702 -0.000680109 -0.001287474 -0.000221058 0.000680024 0.999999762 0.051498145
0.999999821 0.000320169 0.000112951 0.002692832 -0.000320020 0.999999106 -0.001313255 -0.001218899 -0.000113371 0.001313218 0.999999106 0.142635047
0.999999881 0.000442176 -0.000264862 0.006221708 -0.000442450 0.999999285 -0.001032155 -0.012020608 0.000264406 0.001032272 0.999999404 0.253139794
0.999999821 0.000516997 -0.000215402 0.009351997 -0.000517215 0.999999285 -0.001015136 -0.014760559 0.000214877 0.001015247 0.999999464 0.385761023
0.999999940 0.000318653 0.000194990 0.014787230 -0.000318567 0.999999821 -0.000442736 -0.022043522 -0.000195131 0.000442674 0.999999881 0.521524489
1.000000000 0.000079923 0.000149337 0.019316159 -0.000079886 0.999999940 -0.000248346 -0.028239779 -0.000149357 0.000248334 1.000000000 0.671702921
0.999999821 0.000505031 0.000400884 0.017340096 -0.000504814 0.999999821 -0.000541407 -0.029766839 -0.000401157 0.000541205 0.999999762 0.836706579
0.999999642 0.000764127 0.000514770 0.016755700 -0.000763910 0.999999642 -0.000420060 -0.034541082 -0.000515091 0.000419667 0.999999762 1.003083825
0.999999642 0.000715081 0.000441151 0.018351313 -0.000714852 0.999999583 -0.000519011 -0.037403554 -0.000441522 0.000518695 0.999999762 1.186186314
0.999999940 0.000299517 -0.000084280 0.033093400 -0.000299510 0.999999881 0.000076416 -0.045273475 0.000084303 -0.000076390 0.999999940 1.379469752
0.999999642 0.000666715 0.000369785 0.027629171 -0.000666746 0.999999702 0.000083062 -0.050263993 -0.000369730 -0.000083309 0.999999940 1.557299852
0.999999881 0.000295987 0.000349738 0.034178913 -0.000296147 0.999999821 0.000456720 -0.057549126 -0.000349603 -0.000456824 0.999999881 1.754261494
0.999999762 0.000572695 0.000428834 0.038412265 -0.000572676 0.999999762 -0.000044294 -0.054184470 -0.000428859 0.000044049 0.999999881 1.954543471
0.999999821 0.000028745 0.000470256 0.040584605 -0.000028907 0.999999940 0.000344868 -0.068837181 -0.000470246 -0.000344882 0.999999762 2.159408092
0.999999940 0.000198224 0.000292815 0.048044860 -0.000198324 0.999999940 0.000342623 -0.071744315 -0.000292747 -0.000342681 0.999999881 2.382028580
0.999999583 0.000537114 0.000705011 0.047805235 -0.000537398 0.999999762 0.000402031 -0.082084931 -0.000704795 -0.000402409 0.999999642 2.596673489
0.999999642 0.000307677 0.000799749 0.056869220 -0.000307879 0.999999940 0.000252268 -0.085387200 -0.000799671 -0.000252514 0.999999642 2.826945305
0.999999642 0.000095343 0.000767282 0.062434316 -0.000095497 1.000000000 0.000201633 -0.089796431 -0.000767263 -0.000201707 0.999999702 3.064607382
0.999999106 0.001004526 0.000906313 0.062782556 -0.001004862 0.999999404 0.000370408 -0.097088449 -0.000905940 -0.000371318 0.999999523 3.298568010
0.999999106 0.000689298 0.001160934 0.064847857 -0.000689938 0.999999583 0.000551047 -0.104659311 -0.001160554 -0.000551848 0.999999166 3.541428566
0.999998748 0.001107912 0.001208826 0.066069216 -0.001108466 0.999999285 0.000457524 -0.111602716 -0.001208318 -0.000458863 0.999999166 3.787830591
0.999998629 0.001007457 0.001295800 0.072457150 -0.001007980 0.999999404 0.000402861 -0.115612917 -0.001295394 -0.000404167 0.999999106 4.043861389
0.999998987 0.000832041 0.001148302 0.080448113 -0.000832693 0.999999464 0.000567220 -0.120939791 -0.001147830 -0.000568176 0.999999166 4.304360867
0.999998808 0.000658013 0.001407559 0.083379127 -0.000658798 0.999999642 0.000557682 -0.128159329 -0.001407192 -0.000558609 0.999998868 4.553945065
0.999998152 0.001015791 0.001597462 0.087480687 -0.001016799 0.999999225 0.000630439 -0.137529403 -0.001596820 -0.000632062 0.999998510 4.807209015
0.999997199 0.001623482 0.001694686 0.092290446 -0.001624584 0.999998450 0.000649731 -0.143423513 -0.001693629 -0.000652482 0.999998271 5.062586784
0.999997079 0.001506096 0.001880152 0.095460758 -0.001507201 0.999998689 0.000586358 -0.150163367 -0.001879267 -0.000589190 0.999998033 5.323393822
0.999997795 0.001209109 0.001669416 0.101744160 -0.001210085 0.999999106 0.000583809 -0.156971976 -0.001668709 -0.000585828 0.999998450 5.588308334
0.999997079 0.001185201 0.002098641 0.102373526 -0.001186769 0.999998987 0.000746054 -0.165598735 -0.002097755 -0.000748542 0.999997497 5.854226589
0.999996483 0.001378757 0.002258897 0.110786118 -0.001379787 0.999998927 0.000454417 -0.171570346 -0.002258268 -0.000457532 0.999997318 6.129734039
0.999995351 0.001664714 0.002514021 0.115653507 -0.001665638 0.999998510 0.000365463 -0.175667271 -0.002513410 -0.000369648 0.999996722 6.421204090
0.999996483 0.001636915 0.002084871 0.120516524 -0.001637883 0.999998569 0.000462445 -0.186645612 -0.002084111 -0.000465858 0.999997735 6.700375557
0.999996603 0.001544891 0.002142434 0.128856629 -0.001545396 0.999998808 0.000233763 -0.191007167 -0.002142071 -0.000237073 0.999997675 7.001163483
0.999997377 0.001357487 0.001872700 0.135548517 -0.001358631 0.999998987 0.000609631 -0.206850305 -0.001871871 -0.000612174 0.999998093 7.287474632
0.999996424 0.001608195 0.002127546 0.138751209 -0.001609537 0.999998510 0.000629136 -0.217774764 -0.002126531 -0.000632558 0.999997556 7.599132538
0.999996126 0.001672346 0.002227880 0.146898836 -0.001673813 0.999998331 0.000656583 -0.224141985 -0.002226778 -0.000660309 0.999997318 7.917169094
0.999994338 0.002189687 0.002542558 0.147710547 -0.002191346 0.999997318 0.000649872 -0.234128624 -0.002541128 -0.000655440 0.999996543 8.233912468
0.999995947 0.001740212 0.002240687 0.163783059 -0.001741819 0.999998212 0.000715211 -0.244749397 -0.002239439 -0.000719111 0.999997199 8.545997620
0.999995112 0.001953247 0.002451628 0.169714212 -0.001955189 0.999997914 0.000790128 -0.253390133 -0.002450079 -0.000794918 0.999996603 8.880860329
0.999995410 0.001817181 0.002417048 0.173935354 -0.001818558 0.999998212 0.000567493 -0.262238055 -0.002416012 -0.000571886 0.999996841 9.225620270
0.999994874 0.002192549 0.002379358 0.183487162 -0.002194578 0.999997258 0.000850326 -0.276573062 -0.002377487 -0.000855543 0.999996781 9.561980247
0.999994874 0.002006396 0.002467721 0.192023844 -0.002008505 0.999997616 0.000852655 -0.285408050 -0.002466004 -0.000857607 0.999996603 9.908111572
0.999993622 0.002343968 0.002700671 0.197671577 -0.002345951 0.999996960 0.000731245 -0.296205938 -0.002698949 -0.000737576 0.999996066 10.256215096
0.999995351 0.001915134 0.002368785 0.212787151 -0.001916953 0.999997854 0.000765811 -0.308255315 -0.002367313 -0.000770348 0.999996901 10.603315353
0.999995887 0.001827518 0.002210823 0.224529579 -0.001828824 0.999998152 0.000589148 -0.311769128 -0.002209742 -0.000593189 0.999997377 10.972906113
0.999997079 0.001412042 0.001958681 0.233883053 -0.001413889 0.999998569 0.000941779 -0.329817206 -0.001957348 -0.000944545 0.999997616 11.342920303
0.999996006 0.001766520 0.002199679 0.241720393 -0.001768242 0.999998093 0.000781099 -0.336347699 -0.002198295 -0.000784985 0.999997258 11.720410347
0.999995947 0.001812738 0.002189256 0.248575091 -0.001814223 0.999998093 0.000676166 -0.347705871 -0.002188026 -0.000680135 0.999997318 12.108697891
0.999994516 0.001972051 0.002664437 0.257019132 -0.001974139 0.999997735 0.000781419 -0.362494320 -0.002662890 -0.000786674 0.999996126 12.496576309
0.999994695 0.001978387 0.002580092 0.259352893 -0.001981416 0.999997318 0.001171768 -0.371204704 -0.002577767 -0.001176874 0.999996006 12.916127205
0.999995172 0.001791709 0.002535838 0.272070765 -0.001793558 0.999998152 0.000727350 -0.381442457 -0.002534530 -0.000731894 0.999996543 13.320716858
0.999994099 0.001878179 0.002863592 0.282775521 -0.001880928 0.999997795 0.000957490 -0.394518167 -0.002861787 -0.000962871 0.999995470 13.728914261
0.999994099 0.001928500 0.002836839 0.293030083 -0.001931253 0.999997675 0.000967998 -0.404418796 -0.002834965 -0.000973471 0.999995530 14.135397911
0.999992192 0.002254562 0.003251621 0.300856411 -0.002257336 0.999997079 0.000849784 -0.416785747 -0.003249695 -0.000857117 0.999994338 14.560992241
0.999993265 0.001997024 0.003124941 0.313555032 -0.002000309 0.999997377 0.001048162 -0.430445284 -0.003122841 -0.001054405 0.999994516 14.997765541
0.999992907 0.001864571 0.003263848 0.324326366 -0.001868538 0.999997497 0.001212736 -0.447674692 -0.003261579 -0.001218826 0.999993920 15.424025536
0.999990404 0.002024838 0.003886402 0.332409590 -0.002028884 0.999997377 0.001037424 -0.458887279 -0.003884291 -0.001045300 0.999991894 15.866119385
0.999988437 0.002322042 0.004203640 0.342960805 -0.002327566 0.999996424 0.001309632 -0.470676780 -0.004200583 -0.001319401 0.999990284 16.310417175
0.999986827 0.002643573 0.004401405 0.351783872 -0.002648128 0.999995947 0.001029420 -0.482145220 -0.004398665 -0.001041062 0.999989808 16.754472733
0.999988317 0.001969077 0.004417871 0.361329734 -0.001975751 0.999996841 0.001506731 -0.501391768 -0.004414890 -0.001515442 0.999989033 17.184461594
0.999986529 0.001840382 0.004859975 0.370175302 -0.001853442 0.999994636 0.002684062 -0.513993502 -0.004855009 -0.002693034 0.999984622 17.655889511
0.999986410 0.001455976 0.005004376 0.386087954 -0.001463127 0.999997914 0.001425741 -0.527379990 -0.005002291 -0.001433044 0.999986470 18.111055374
0.999984622 0.002008558 0.005163309 0.393298358 -0.002015742 0.999996960 0.001386553 -0.536144316 -0.005160509 -0.001396939 0.999985695 18.588190079
0.999981940 0.001946374 0.005704204 0.407165229 -0.001953009 0.999997377 0.001157784 -0.549364090 -0.005701935 -0.001168904 0.999983013 19.072988510
0.999978542 0.002232244 0.006156533 0.421015918 -0.002239555 0.999996781 0.001180850 -0.562039793 -0.006153876 -0.001194613 0.999980271 19.552858353
0.999977469 0.003008281 0.006011094 0.425751805 -0.003018837 0.999993920 0.001747774 -0.577111602 -0.006005799 -0.001765881 0.999980390 20.045892715
0.999969125 0.003082773 0.007224173 0.437870532 -0.003093048 0.999994218 0.001411520 -0.592315614 -0.007219780 -0.001433821 0.999972880 20.538169861
0.999977767 0.002620903 0.006125543 0.455185831 -0.002631551 0.999995053 0.001730933 -0.606286466 -0.006120976 -0.001747014 0.999979675 21.038028717
0.999978125 0.002695897 0.006037702 0.464793444 -0.002704829 0.999995172 0.001471612 -0.615481198 -0.006033707 -0.001487910 0.999980628 21.546289444
0.999981284 0.002546455 0.005559879 0.479452550 -0.002554935 0.999995589 0.001518646 -0.627848566 -0.005555988 -0.001532823 0.999983370 22.061878204
0.999981403 0.002936842 0.005348058 0.491022378 -0.002944453 0.999994576 0.001415761 -0.639914572 -0.005343872 -0.001431481 0.999984682 22.570558548
0.999984980 0.002978124 0.004596631 0.505281091 -0.002984435 0.999994636 0.001366602 -0.655982375 -0.004592536 -0.001380300 0.999988496 23.082647324
0.999986827 0.002760666 0.004307222 0.512159526 -0.002768165 0.999994636 0.001735839 -0.676499784 -0.004302406 -0.001747739 0.999989212 23.594673157
0.999989986 0.002030309 0.003976131 0.523162961 -0.002035907 0.999996901 0.001404406 -0.690309465 -0.003973268 -0.001412487 0.999991119 24.127758026
0.999990463 0.002507666 0.003566118 0.531129897 -0.002512462 0.999995947 0.001341283 -0.701979458 -0.003562740 -0.001350230 0.999992669 24.652584076
0.999990642 0.003126523 0.002996893 0.545692682 -0.003131222 0.999993980 0.001564914 -0.719785690 -0.002991982 -0.001574283 0.999994278 25.188142776
0.999990046 0.003617309 0.002589775 0.556102812 -0.003622086 0.999991715 0.001842823 -0.736795425 -0.002583088 -0.001852185 0.999994874 25.735635757
0.999990880 0.003529672 0.002389033 0.565342426 -0.003533452 0.999992490 0.001579728 -0.749573112 -0.002383439 -0.001588155 0.999995828 26.290914536
0.999990463 0.003655615 0.002396953 0.573471606 -0.003660322 0.999991357 0.001962686 -0.761245370 -0.002389757 -0.001971441 0.999995172 26.850486755
0.999989569 0.003890796 0.002375378 0.580163717 -0.003895500 0.999990404 0.001979186 -0.779350996 -0.002367655 -0.001988419 0.999995232 27.401725769
0.999985337 0.004803613 0.002481973 0.587891757 -0.004807388 0.999987304 0.001517946 -0.792090058 -0.002474650 -0.001529856 0.999995768 27.954963684
0.999982834 0.005314275 0.002453371 0.597453654 -0.005317841 0.999984741 0.001449305 -0.800714433 -0.002445632 -0.001462327 0.999995947 28.514776230
0.999985576 0.005027300 0.001896704 0.614953876 -0.005030210 0.999986291 0.001532834 -0.819868863 -0.001888972 -0.001542353 0.999997020 29.062797546
0.999987125 0.004933972 0.001201300 0.626279891 -0.004935680 0.999986768 0.001423167 -0.829603076 -0.001194262 -0.001429077 0.999998271 29.617618561
0.999984622 0.005451321 0.001009754 0.633087516 -0.005452746 0.999984086 0.001414057 -0.842429399 -0.001002029 -0.001419541 0.999998510 30.167133331
0.999983311 0.005732894 0.000752803 0.649622440 -0.005734157 0.999982119 0.001686331 -0.861377537 -0.000743122 -0.001690620 0.999998271 30.701707840
0.999985039 0.005460199 0.000345418 0.665916502 -0.005460755 0.999983728 0.001631715 -0.874677598 -0.000336503 -0.001633577 0.999998569 31.260887146
0.999980450 0.006244891 0.000261093 0.672748983 -0.006245335 0.999979019 0.001738081 -0.887183845 -0.000250234 -0.001739677 0.999998450 31.815490723
0.999984562 0.005551103 0.000282562 0.685745239 -0.005551498 0.999983609 0.001416496 -0.902255833 -0.000274694 -0.001418043 0.999998868 32.349182129
0.999983191 0.005792412 -0.000256009 0.692392826 -0.005791904 0.999981403 0.001939291 -0.911252022 0.000267237 -0.001937776 0.999998152 32.918903351
0.999983668 0.005718125 0.000124857 0.696382999 -0.005718288 0.999982715 0.001346716 -0.929617763 -0.000117155 -0.001347408 0.999999046 33.445533752
0.999981582 0.006072720 -0.000130390 0.708389282 -0.006072526 0.999980509 0.001439109 -0.943254352 0.000139126 -0.001438291 0.999998927 34.000370026
0.999982536 0.005823662 -0.001027435 0.720875323 -0.005822323 0.999982178 0.001300777 -0.958234549 0.001034993 -0.001294772 0.999998569 34.535324097
0.999983251 0.005560720 -0.001597317 0.736270308 -0.005558528 0.999983609 0.001373009 -0.978966832 0.001604926 -0.001364107 0.999997735 35.057476044
0.999982715 0.005548741 -0.001957889 0.751186073 -0.005546229 0.999983788 0.001285943 -0.994313776 0.001964992 -0.001275062 0.999997199 35.585849762
0.999983370 0.005422064 -0.001950031 0.756045341 -0.005419562 0.999984503 0.001287156 -1.007641912 0.001956980 -0.001276567 0.999997258 36.140991211
0.999985099 0.005015708 -0.002136822 0.768128097 -0.005013150 0.999986708 0.001200583 -1.021099806 0.002142815 -0.001189853 0.999997020 36.694416046
0.999984503 0.004965130 -0.002520854 0.774885535 -0.004962045 0.999986947 0.001228081 -1.032609701 0.002526918 -0.001215554 0.999996006 37.241107941
0.999982595 0.005344863 -0.002492044 0.785941720 -0.005343545 0.999985695 0.000534824 -1.043183804 0.002494866 -0.000521498 0.999996781 37.793067932
0.999982178 0.005021317 -0.003237550 0.798929870 -0.005019070 0.999987185 0.000701453 -1.059689522 0.003241030 -0.000685191 0.999994516 38.335453033
0.999983132 0.005075403 -0.002819963 0.802124321 -0.005074037 0.999987006 0.000491142 -1.068333030 0.002822419 -0.000476825 0.999996006 38.898910522
0.999983609 0.004748433 -0.003178538 0.822280407 -0.004746107 0.999988437 0.000739091 -1.091198564 0.003182011 -0.000723993 0.999994695 39.386444092
0.999982536 0.004772704 -0.003474132 0.831464052 -0.004769528 0.999988198 0.000921720 -1.111253142 0.003478491 -0.000905134 0.999993503 39.943878174
0.999982774 0.004342280 -0.003945750 0.846074104 -0.004338589 0.999990106 0.000943571 -1.130639791 0.003949809 -0.000926436 0.999991775 40.486747742
0.999981642 0.005025239 -0.003374030 0.856101871 -0.005024409 0.999987483 0.000254468 -1.136146426 0.003375267 -0.000237511 0.999994218 41.034263611
0.999978065 0.005163087 -0.004135807 0.863397121 -0.005161118 0.999986470 0.000486767 -1.145154357 0.004138264 -0.000465411 0.999991417 41.577274323
0.999979913 0.005198795 -0.003624636 0.877590597 -0.005198095 0.999986589 0.000202357 -1.162852287 0.003625638 -0.000183511 0.999993384 42.151233673
0.999980271 0.005023456 -0.003782850 0.892472923 -0.005024475 0.999987364 -0.000259804 -1.173583388 0.003781497 0.000278806 0.999992788 42.706085205
0.999979913 0.004950599 -0.003951051 0.902160048 -0.004949653 0.999987721 0.000249570 -1.198137403 0.003952239 -0.000230008 0.999992192 43.231864929
0.999980628 0.004536827 -0.004259222 0.915759087 -0.004535978 0.999989629 0.000208952 -1.213878155 0.004260126 -0.000189628 0.999990880 43.782726288
0.999979317 0.005175831 -0.003841686 0.923002243 -0.005175849 0.999986589 0.000005155 -1.221388578 0.003841660 0.000014729 0.999992609 44.320808411
0.999981463 0.004654315 -0.003924220 0.932228506 -0.004652928 0.999989092 0.000362543 -1.243314505 0.003925866 -0.000344277 0.999992251 44.865203857
0.999980986 0.004910091 -0.003722340 0.938777089 -0.004909153 0.999987900 0.000261005 -1.259644985 0.003723576 -0.000242726 0.999993026 45.409420013
0.999979913 0.005377699 -0.003334739 0.946902275 -0.005377515 0.999985516 0.000063870 -1.271363139 0.003335034 -0.000045936 0.999994457 45.963108063
0.999981642 0.005256313 -0.003014297 0.950747311 -0.005256492 0.999986172 -0.000051370 -1.288487434 0.003013986 0.000067214 0.999995470 46.501701355
0.999979317 0.005234582 -0.003756155 0.969248831 -0.005235674 0.999986291 -0.000281035 -1.297391176 0.003754633 0.000300695 0.999992907 47.052158356
0.999980986 0.005082061 -0.003488167 0.974636316 -0.005080662 0.999987006 0.000410117 -1.318646908 0.003490206 -0.000392387 0.999993801 47.605766296
0.999981761 0.005212304 -0.003049277 0.984218776 -0.005212541 0.999986410 -0.000070104 -1.330294013 0.003048870 0.000085998 0.999995351 48.160114288
0.999980688 0.005228810 -0.003401265 1.000988126 -0.005230490 0.999986231 -0.000484774 -1.339886427 0.003398683 0.000502555 0.999994099 48.705181122
0.999977708 0.005517105 -0.003766325 1.017720819 -0.005519439 0.999984503 -0.000609882 -1.353522897 0.003762902 0.000630656 0.999992728 49.254962921
0.999976218 0.005838599 -0.003674532 1.030093670 -0.005839590 0.999982893 -0.000258850 -1.374761343 0.003672959 0.000280301 0.999993205 49.793128967
0.999974370 0.006270040 -0.003448962 1.032755613 -0.006271900 0.999980152 -0.000528533 -1.387969613 0.003445580 0.000550151 0.999993920 50.320411682
0.999973357 0.006315964 -0.003635584 1.044126272 -0.006317268 0.999979973 -0.000347421 -1.410213709 0.003633315 0.000370379 0.999993324 50.853179932
0.999972641 0.006673248 -0.003185349 1.048290253 -0.006672711 0.999977708 0.000179131 -1.428779364 0.003186475 -0.000157871 0.999994934 51.394443512
0.999972701 0.006522974 -0.003463405 1.052933693 -0.006522895 0.999978721 0.000034323 -1.442293406 0.003463556 -0.000011731 0.999993920 51.935058594
0.999970675 0.007036549 -0.003032527 1.058013678 -0.007037195 0.999975204 -0.000202557 -1.459405422 0.003031026 0.000223892 0.999995410 52.473205566
0.999977767 0.005932312 -0.003016522 1.065867305 -0.005935610 0.999981821 -0.001085514 -1.463718653 0.003010028 0.001103395 0.999994814 53.017189026
0.999972641 0.006629732 -0.003261594 1.075157642 -0.006632137 0.999977767 -0.000727163 -1.483650923 0.003256701 0.000748775 0.999994397 53.551315308
0.999970376 0.007026429 -0.003138525 1.082622170 -0.007028587 0.999975026 -0.000676867 -1.504894972 0.003133691 0.000698907 0.999994874 54.080627441
0.999969780 0.007176276 -0.002994076 1.089577913 -0.007177895 0.999974072 -0.000530691 -1.521954417 0.002990190 0.000552166 0.999995351 54.620311737
0.999971151 0.006679536 -0.003612622 1.102522254 -0.006682585 0.999977291 -0.000832300 -1.535052776 0.003606980 0.000856418 0.999993086 55.172786713
0.999970794 0.007029618 -0.003045421 1.120854974 -0.007032503 0.999974847 -0.000937305 -1.552891493 0.003038756 0.000958694 0.999994934 55.696620941
0.999972522 0.006578938 -0.003419034 1.130382538 -0.006581326 0.999978065 -0.000687900 -1.572508097 0.003414434 0.000710383 0.999993861 56.237560272
0.999970257 0.007089243 -0.003037368 1.143620133 -0.007091910 0.999974430 -0.000867752 -1.592774987 0.003031138 0.000889267 0.999994993 56.782691956
0.999969482 0.007129227 -0.003184167 1.154004216 -0.007132786 0.999973893 -0.001108285 -1.606344461 0.003176183 0.001130963 0.999994278 57.319118500
0.999970615 0.006867687 -0.003398532 1.167101860 -0.006870833 0.999975979 -0.000915094 -1.626848221 0.003392166 0.000938418 0.999993801 57.852729797
0.999971032 0.006774776 -0.003459421 1.178543687 -0.006777482 0.999976754 -0.000770855 -1.640056133 0.003454118 0.000794279 0.999993682 58.405689240
0.999971032 0.006812435 -0.003403587 1.193741441 -0.006814170 0.999976575 -0.000497631 -1.668181300 0.003400118 0.000520809 0.999994099 58.905292511
0.999972463 0.006694737 -0.003202709 1.199938655 -0.006696764 0.999977410 -0.000622427 -1.686216712 0.003198471 0.000643858 0.999994695 59.431407928
0.999971628 0.006743299 -0.003358963 1.210452676 -0.006747253 0.999976575 -0.001167569 -1.696160793 0.003351011 0.001190200 0.999993682 59.961555481
0.999970257 0.006952459 -0.003338916 1.218564034 -0.006955984 0.999975264 -0.001045706 -1.709739447 0.003331563 0.001068900 0.999993920 60.519748688
0.999967754 0.007466611 -0.002964035 1.227540016 -0.007469246 0.999971747 -0.000878810 -1.730588317 0.002957389 0.000900921 0.999995172 61.036651611
0.999969482 0.007302764 -0.002778647 1.237015367 -0.007305492 0.999972820 -0.000972940 -1.742447257 0.002771467 0.000993209 0.999995589 61.572807312
0.999968410 0.007408913 -0.002877593 1.243592739 -0.007411934 0.999971986 -0.001039693 -1.761560917 0.002869810 0.001060989 0.999995291 62.105030060
0.999968171 0.007573574 -0.002477983 1.251875520 -0.007576985 0.999970317 -0.001369930 -1.777370572 0.002467534 0.001388662 0.999995947 62.643806458
0.999963284 0.008256747 -0.002284743 1.260441303 -0.008260176 0.999964774 -0.001495252 -1.789413333 0.002272317 0.001514069 0.999996245 63.185562134
0.999965608 0.008039238 -0.002047241 1.269336104 -0.008042524 0.999966383 -0.001602958 -1.807859540 0.002034285 0.001619368 0.999996603 63.729904175
0.999964297 0.008228748 -0.001906967 1.280740499 -0.008232093 0.999964595 -0.001753976 -1.823938608 0.001892465 0.001769613 0.999996662 64.249351501
0.999961734 0.008560670 -0.001800450 1.287578106 -0.008563414 0.999962151 -0.001522183 -1.839519024 0.001787350 0.001537543 0.999997139 64.790924072
0.999961436 0.008647804 -0.001529689 1.295676351 -0.008650343 0.999961197 -0.001660704 -1.857506514 0.001515269 0.001673872 0.999997437 65.316726685
0.999963164 0.008447294 -0.001536948 1.307915449 -0.008449869 0.999962807 -0.001676829 -1.870186210 0.001522726 0.001689754 0.999997437 65.855163574
0.999962628 0.008557277 -0.001230081 1.311136127 -0.008559880 0.999961078 -0.002126547 -1.882968783 0.001211835 0.002136996 0.999996960 66.407806396
0.999960244 0.008851009 -0.001098866 1.320560813 -0.008853427 0.999958336 -0.002215388 -1.903303862 0.001079211 0.002225028 0.999996960 66.935157776
0.999959588 0.008908670 -0.001200627 1.338486791 -0.008911468 0.999957502 -0.002342516 -1.918091536 0.001179709 0.002353121 0.999996543 67.461647034
0.999957979 0.009120108 -0.000909660 1.344146252 -0.009122233 0.999955595 -0.002359462 -1.937839031 0.000888101 0.002367661 0.999996781 67.998619080
0.999953926 0.009558444 -0.000844527 1.348830223 -0.009560619 0.999950886 -0.002606088 -1.954540133 0.000819577 0.002614042 0.999996245 68.532608032
0.999950826 0.009856243 -0.001027948 1.356324196 -0.009858519 0.999948919 -0.002232440 -1.972002149 0.001005892 0.002242464 0.999996901 69.068054199
0.999951541 0.009811066 -0.000751418 1.367076635 -0.009812960 0.999948561 -0.002559044 -1.990360379 0.000726272 0.002566295 0.999996424 69.607025146
0.999953628 0.009609225 -0.000525034 1.376009107 -0.009610518 0.999950647 -0.002514305 -2.008087635 0.000500848 0.002519234 0.999996722 70.141593933
0.999955475 0.009433814 0.000033623 1.383679867 -0.009433713 0.999952853 -0.002301822 -2.026510477 -0.000055336 0.002301402 0.999997377 70.698234558
0.999955714 0.009402486 -0.000354851 1.397922158 -0.009403371 0.999952435 -0.002580099 -2.047439098 0.000330575 0.002583322 0.999996543 71.187889099
0.999960780 0.008840286 -0.000484041 1.410264134 -0.008841489 0.999957681 -0.002543561 -2.066308498 0.000461536 0.002547740 0.999996662 71.727188110
0.999955416 0.009439923 0.000092486 1.410460830 -0.009439629 0.999951541 -0.002785563 -2.082468748 -0.000118777 0.002784565 0.999996126 72.264923096
0.999957085 0.009260622 -0.000185799 1.425666928 -0.009261054 0.999954045 -0.002481207 -2.101260424 0.000162813 0.002482821 0.999996901 72.784347534
0.999954343 0.009552226 -0.000297897 1.432547331 -0.009552981 0.999950826 -0.002645677 -2.115348577 0.000272609 0.002648402 0.999996483 73.320335388
0.999955535 0.009427670 -0.000111494 1.441299319 -0.009427954 0.999951243 -0.002929538 -2.131031513 0.000083871 0.002930459 0.999995708 73.846832275
0.999951959 0.009797578 0.000371304 1.445634127 -0.009796471 0.999947906 -0.002873103 -2.141278267 -0.000399435 0.002869328 0.999995768 74.378669739
0.999959767 0.008954408 -0.000561370 1.475573659 -0.008956086 0.999955177 -0.003065631 -2.165572405 0.000533894 0.003070535 0.999995172 74.898513794
0.999955475 0.009434493 -0.000161856 1.484037399 -0.009434965 0.999950290 -0.003210589 -2.182935953 0.000131557 0.003211974 0.999994814 75.427917480
0.999953926 0.009598268 -0.000089688 1.489427567 -0.009598521 0.999947906 -0.003480278 -2.196679115 0.000056278 0.003480978 0.999993861 75.960662842
0.999955058 0.009468325 -0.000439868 1.501532555 -0.009469931 0.999947906 -0.003807007 -2.212186813 0.000403799 0.003811003 0.999992669 76.490371704
0.999949515 0.010050524 -0.000074229 1.501778722 -0.010050743 0.999940991 -0.004118256 -2.228751183 0.000032834 0.004118793 0.999991536 77.011589050
0.999952555 0.009733252 -0.000418216 1.515761256 -0.009734666 0.999946415 -0.003524260 -2.246451378 0.000383891 0.003528164 0.999993682 77.542709351
0.999958575 0.009104458 -0.000036247 1.519152761 -0.009104530 0.999951839 -0.003640776 -2.265576839 0.000003097 0.003640955 0.999993384 78.063812256
0.999960005 0.008940520 0.000104702 1.527754545 -0.008940042 0.999952316 -0.003912775 -2.280331135 -0.000139680 0.003911683 0.999992311 78.600074768
0.999956489 0.009321598 -0.000018559 1.537878513 -0.009321608 0.999950469 -0.003493409 -2.301774979 -0.000014006 0.003493431 0.999993920 79.136566162
0.999965250 0.008334162 -0.000322626 1.554959416 -0.008335651 0.999953091 -0.004929571 -2.315754890 0.000281526 0.004932090 0.999987781 79.694686890
0.999959886 0.008908276 0.000950971 1.560629606 -0.008904074 0.999950945 -0.004332848 -2.335839510 -0.000989522 0.004324207 0.999990165 80.210098267
0.999957144 0.008950055 0.002366954 1.570842862 -0.008939210 0.999949634 -0.004552785 -2.352051735 -0.002407584 0.004531431 0.999986768 80.744613647
0.999956191 0.008706142 0.003425377 1.582700014 -0.008690036 0.999951243 -0.004689393 -2.371121168 -0.003466035 0.004659421 0.999983132 81.281036377
0.999946952 0.009178105 0.004674781 1.584755421 -0.009156270 0.999947190 -0.004671345 -2.395557404 -0.004717409 0.004628295 0.999978125 81.824005127
0.999925077 0.009154252 0.008124864 1.605839252 -0.009114103 0.999946117 -0.004964549 -2.408136129 -0.008169873 0.004890126 0.999954641 82.378364563
0.999894083 0.008962268 0.011467589 1.628590584 -0.008907323 0.999948621 -0.004833507 -2.426960707 -0.011510320 0.004730848 0.999922514 82.933303833
0.999846935 0.009194928 0.014880480 1.647952199 -0.009119455 0.999945164 -0.005131791 -2.446465254 -0.014926853 0.004995304 0.999876022 83.476081848
0.999782860 0.008807356 0.018884262 1.673212051 -0.008712177 0.999948978 -0.005116276 -2.469098091 -0.018928358 0.004950643 0.999808609 84.029052734
0.999643922 0.009267177 0.025021786 1.700485349 -0.009146679 0.999946058 -0.004925880 -2.488645792 -0.025066085 0.004695259 0.999674797 84.579132080
0.999481976 0.008932204 0.030916939 1.736248493 -0.008765847 0.999946415 -0.005512137 -2.505024433 -0.030964514 0.005238269 0.999506772 85.122085571
0.999274135 0.009135632 0.036983438 1.767573476 -0.008956068 0.999947250 -0.005018087 -2.527434826 -0.037027329 0.004683218 0.999303222 85.673095703
0.998937547 0.008933387 0.045210760 1.812295914 -0.008711630 0.999948978 -0.005099598 -2.546651363 -0.045254011 0.004700322 0.998964369 86.207099915
0.998527765 0.008814462 0.053521842 1.859554291 -0.008524072 0.999947727 -0.005651442 -2.562121153 -0.053568859 0.005186896 0.998550713 86.770675659
0.998125613 0.008481614 0.060607716 1.907485247 -0.008172560 0.999952316 -0.005345365 -2.581414938 -0.060650155 0.004840024 0.998147368 87.323204041
0.997511864 0.008981632 0.069923885 1.959286690 -0.008626443 0.999948263 -0.005379959 -2.603582621 -0.069968589 0.004763380 0.997537732 87.881065369
0.996773005 0.008444643 0.079828322 2.025011063 -0.008029211 0.999952495 -0.005523638 -2.628050089 -0.079871170 0.004864856 0.996793330 88.420303345
0.996046185 0.008271520 0.088451087 2.093191147 -0.007804146 0.999953687 -0.005628513 -2.641479492 -0.088493548 0.004915974 0.996064603 88.966987610
0.995341420 0.008314311 0.096053712 2.158268929 -0.007812146 0.999953806 -0.005602843 -2.668552876 -0.096095860 0.004826356 0.995360374 89.517868042
0.994320571 0.008023403 0.106123380 2.239061356 -0.007407047 0.999953330 -0.006200800 -2.680009604 -0.106168203 0.005379523 0.994333565 90.070747375
0.993164957 0.007870771 0.116453536 2.330881119 -0.007213377 0.999955595 -0.006065503 -2.705909729 -0.116496101 0.005184022 0.993177593 90.607856750
0.992034435 0.007709605 0.125730976 2.420079231 -0.007047502 0.999958873 -0.005709998 -2.736225128 -0.125769839 0.004778426 0.992047966 91.141380310
0.990505874 0.007498159 0.137265444 2.519242287 -0.006754606 0.999959886 -0.005881873 -2.751848698 -0.137304038 0.004898855 0.990516841 91.691604614
0.988619983 0.007786772 0.150232553 2.618545532 -0.006922863 0.999956369 -0.006272609 -2.769624949 -0.150274858 0.005161188 0.988630772 92.251777649
0.986990273 0.007548470 0.160602883 2.732043266 -0.006685409 0.999960184 -0.005913570 -2.793290138 -0.160641119 0.004762940 0.987001359 92.794937134
0.985078633 0.007874427 0.171924770 2.843335152 -0.006930988 0.999957442 -0.006087116 -2.814045191 -0.171965361 0.004804680 0.985091209 93.413909912
0.982935607 0.006595987 0.183831409 2.970341682 -0.005642681 0.999967754 -0.005708398 -2.833375216 -0.183863133 0.004573687 0.982941151 93.834022522
0.980398357 0.006876972 0.196905568 3.101517677 -0.005784858 0.999964535 -0.006121017 -2.857363224 -0.196940690 0.004861964 0.980403304 94.482299805
0.978310406 0.006352542 0.207047179 3.231182098 -0.005281837 0.999969661 -0.005723685 -2.877351522 -0.207077295 0.004505952 0.978314161 95.020217896
0.975526989 0.005752525 0.219804063 3.384048462 -0.004542184 0.999971628 -0.006011435 -2.904214859 -0.219832420 0.004865928 0.975525498 95.565696716
0.972605288 0.004695846 0.232415453 3.539398193 -0.003283372 0.999973655 -0.006463842 -2.911788702 -0.232439697 0.005523661 0.972595096 96.046844482
0.969663620 0.004931740 0.244393483 3.689800262 -0.003382166 0.999971449 -0.006759737 -2.936619997 -0.244419828 0.005728092 0.969652593 96.648910522
0.966868520 0.004209348 0.255240202 3.856529236 -0.002577965 0.999974072 -0.006725762 -2.958715439 -0.255261898 0.005844927 0.966854274 97.185379028
0.963141084 0.004184968 0.268964171 4.025053024 -0.002448568 0.999973953 -0.006791026 -2.976934910 -0.268985569 0.005882139 0.963126242 97.701019287
0.959604204 0.004310281 0.281320155 4.212627411 -0.002571058 0.999975204 -0.006551178 -3.005617619 -0.281341404 0.005563247 0.959591627 98.253349304
0.956183732 0.004088767 0.292738557 4.399559021 -0.002250897 0.999975502 -0.006614760 -3.023868799 -0.292758405 0.005666002 0.956169605 98.791351318
0.951653063 0.004051495 0.307148129 4.593788147 -0.002057414 0.999974549 -0.006815759 -3.041706562 -0.307168007 0.005854307 0.951637328 99.324081421
0.947198510 0.003348907 0.320630223 4.801811218 -0.001238539 0.999976218 -0.006785653 -3.063296795 -0.320645332 0.006030247 0.947180152 99.859390259
0.942871392 0.004134999 0.333131313 5.006029129 -0.001977995 0.999974787 -0.006813827 -3.079570532 -0.333151072 0.005765631 0.942855895 100.371017456
0.938236296 0.004403933 0.345967144 5.208654404 -0.002276969 0.999975920 -0.006554067 -3.098553181 -0.345987678 0.005361507 0.938223779 100.902687073
0.932947457 0.002954272 0.360000283 5.443735123 -0.000634962 0.999978304 -0.006560608 -3.132431984 -0.360011786 0.005892117 0.932929099 101.481262207
0.928315103 0.003355352 0.371779382 5.660064697 -0.000853329 0.999975860 -0.006894177 -3.140536785 -0.371793538 0.006082718 0.928295493 102.002616882
0.923462391 0.001563642 0.383685708 5.920219421 0.001028163 0.999978125 -0.006549832 -3.168234587 -0.383687496 0.006443017 0.923440516 102.528137207
0.917483687 0.001352597 0.397771358 6.166904449 0.001419120 0.999976695 -0.006673647 -3.189604759 -0.397771120 0.006687447 0.917460322 103.045936584
0.911570728 0.000896229 0.411142558 6.418498993 0.002018674 0.999975801 -0.006655526 -3.210429907 -0.411138654 0.006896945 0.911546767 103.550415039
0.906583488 0.000674167 0.422026008 6.666320801 0.002539492 0.999971867 -0.007052669 -3.229956865 -0.422018915 0.007465565 0.906556308 104.025390625
0.900678039 -0.000982556 0.434486210 6.944892883 0.004499278 0.999964893 -0.007065536 -3.243296862 -0.434464097 0.008318646 0.900650740 104.586196899
0.894178808 -0.000573438 0.447709620 7.207572937 0.004442076 0.999961317 -0.007591067 -3.262634754 -0.447687984 0.008776532 0.894146740 105.059051514
0.888233781 -0.001820759 0.459388167 7.487739563 0.005668352 0.999959469 -0.006996557 -3.285940170 -0.459356785 0.008818552 0.888208091 105.540344238
0.882578313 -0.002087979 0.470160753 7.770523071 0.006181387 0.999955297 -0.007162813 -3.303436279 -0.470124692 0.009227988 0.882551849 106.018035889
0.874853551 -0.002475435 0.484381229 8.055385590 0.006305053 0.999960363 -0.006277412 -3.335693359 -0.484346509 0.008545864 0.874834538 106.479286194
