1.000000000 0.000000000 0.000000000 0.000000000 0.000000000 1.000000000 0.000000000 0.000000000 0.000000000 0.000000000 1.000000000 0.000000000
1.000000000 0.000032398 0.000134106 -0.001004309 -0.000032401 1.000000000 0.000026131 0.000151352 -0.000134105 -0.000026135 1.000000000 0.000135679
1.000000000 0.000166598 0.000164129 -0.001725147 -0.000166612 1.000000000 0.000082168 0.000770205 -0.000164116 -0.000082195 1.000000000 0.001849872
1.000000000 0.000193325 -0.000006785 0.000062863 -0.000193324 0.999999940 0.000154683 -0.001101258 0.000006815 -0.000154682 1.000000000 -0.000435876
0.999999940 0.000256129 0.000112282 -0.001210779 -0.000256139 0.999999940 0.000087601 -0.000053660 -0.000112259 -0.000087630 1.000000000 0.000534072
1.000000000 -0.000004779 0.000017554 -0.000619024 0.000004777 1.000000000 0.000069975 -0.000086715 -0.000017554 -0.000069975 1.000000000 -0.000709124
1.000000000 0.000096723 0.000158369 -0.002311964 -0.000096719 1.000000000 -0.000026072 0.001446238 -0.000158372 0.000026057 1.000000000 0.003647865
1.000000000 -0.000059225 0.000175693 -0.001473501 0.000059209 1.000000000 0.000093272 0.000571839 -0.000175698 -0.000093261 1.000000000 0.003184709
1.000000000 0.000017255 0.000167645 -0.001463950 -0.000017246 1.000000000 -0.000054300 0.001264895 -0.000167646 0.000054297 1.000000000 0.002450977
1.000000000 0.000006630 0.000188535 -0.000822531 -0.000006635 1.000000000 0.000025990 0.000248803 -0.000188535 -0.000025991 1.000000000 0.000717884
1.000000000 -0.000063592 0.000197921 -0.001049765 0.000063591 1.000000000 0.000005257 0.001421048 -0.000197921 -0.000005244 1.000000000 0.002547939
1.000000000 0.000070602 0.000080173 -0.000583827 -0.000070607 1.000000000 0.000055227 -0.000044654 -0.000080169 -0.000055233 1.000000000 0.000679856
1.000000000 0.000043229 0.000182541 -0.001649974 -0.000043227 1.000000000 -0.000011554 0.001594891 -0.000182542 0.000011547 1.000000000 0.004261869
0.999999940 -0.000038167 0.000253927 -0.002378697 0.000038133 1.000000000 0.000133308 0.001165029 -0.000253932 -0.000133298 0.999999940 0.003963895
1.000000000 0.000012661 0.000167211 -0.002071656 -0.000012674 1.000000000 0.000077509 0.000979200 -0.000167210 -0.000077511 1.000000000 0.003515598
1.000000000 0.000062007 0.000102486 -0.000490121 -0.000062019 1.000000000 0.000115802 -0.000383640 -0.000102479 -0.000115808 1.000000000 0.000093994
1.000000000 -0.000066373 0.000068375 -0.001654285 0.000066372 1.000000000 0.000019177 0.000996484 -0.000068376 -0.000019173 1.000000000 0.003324476
0.999999940 0.000158785 0.000347903 -0.003244611 -0.000158805 1.000000000 0.000057943 0.001258401 -0.000347894 -0.000057999 0.999999940 0.004580462
0.999999940 0.000192888 0.000292005 -0.003257149 -0.000192905 1.000000000 0.000058812 0.000799101 -0.000291993 -0.000058868 0.999999940 0.003086295
0.999999940 0.000171738 0.000187474 -0.002094008 -0.000171751 1.000000000 0.000072316 0.000825709 -0.000187462 -0.000072348 1.000000000 0.003617219
0.999999881 0.000361684 0.000301018 -0.003127853 -0.000361741 0.999999940 0.000190394 0.000568768 -0.000300949 -0.000190503 0.999999940 0.003680649
0.999999881 0.000418109 0.000339532 -0.003605851 -0.000418125 0.999999940 0.000046901 0.001279287 -0.000339512 -0.000047043 0.999999940 0.003827484
1.000000000 0.000079807 0.000197647 -0.002349956 -0.000079829 1.000000000 0.000111262 0.001093657 -0.000197638 -0.000111278 1.000000000 0.003364320
0.999999940 0.000125181 0.000322270 -0.001769727 -0.000125216 1.000000000 0.000108715 -0.000202350 -0.000322256 -0.000108756 0.999999940 0.001645727
0.999999940 0.000162965 0.000281775 -0.002587231 -0.000162974 1.000000000 0.000031672 0.000630869 -0.000281770 -0.000031718 0.999999940 0.000806042
0.999999940 0.000089517 0.000246288 -0.001313388 -0.000089510 1.000000000 -0.000029499 0.001336177 -0.000246291 0.000029477 0.999999940 0.002210624
0.999999940 0.000136123 0.000290671 -0.002046222 -0.000136153 1.000000000 0.000102721 -0.000091894 -0.000290657 -0.000102760 0.999999940 0.001106791
0.999999940 0.000077523 0.000250618 -0.001486619 -0.000077525 1.000000000 0.000006056 0.001090322 -0.000250617 -0.000006075 0.999999940 0.002314618
0.999999881 0.000248448 0.000361151 -0.003122275 -0.000248442 0.999999940 -0.000017680 0.000993801 -0.000361155 0.000017590 0.999999940 0.001242053
0.999999940 0.000133675 0.000330801 -0.003662921 -0.000133678 1.000000000 0.000008585 0.001799049 -0.000330800 -0.000008629 0.999999940 0.003657476
0.999999940 0.000203517 0.000307867 -0.002902783 -0.000203545 1.000000000 0.000090405 0.000849053 -0.000307848 -0.000090467 0.999999940 0.003119899
0.999999940 0.000108767 0.000284392 -0.001832759 -0.000108799 1.000000000 0.000109768 0.000402266 -0.000284380 -0.000109799 0.999999940 0.001433855
0.999999881 0.000259303 0.000388552 -0.004010034 -0.000259298 0.999999940 -0.000012894 0.002031073 -0.000388555 0.000012794 0.999999940 0.003890577
0.999999881 0.000233716 0.000441181 -0.002999173 -0.000233719 1.000000000 0.000006976 0.001500686 -0.000441180 -0.000007079 0.999999881 0.003332396
0.999999940 0.000189149 0.000256212 -0.000953650 -0.000189185 1.000000000 0.000143107 -0.000344385 -0.000256185 -0.000143155 0.999999940 0.000269301
0.999999940 0.000307005 0.000269955 -0.003020884 -0.000306984 0.999999940 -0.000081375 0.003616012 -0.000269980 0.000081293 0.999999940 0.006428258
0.999999940 0.000197450 0.000315446 -0.003496321 -0.000197433 1.000000000 -0.000054214 0.004364221 -0.000315457 0.000054152 0.999999940 0.006951578
0.999999940 -0.000096817 0.000255684 -0.001263410 0.000096803 1.000000000 0.000054235 0.001367512 -0.000255689 -0.000054210 0.999999940 0.002755099
0.999999940 0.000251908 0.000331231 -0.002660475 -0.000251962 0.999999940 0.000163386 0.000957053 -0.000331190 -0.000163469 0.999999940 0.003046917
0.999999940 0.000010546 0.000258787 -0.001486908 -0.000010562 1.000000000 0.000061599 0.001517720 -0.000258786 -0.000061602 0.999999940 0.002896983
0.999999881 0.000095469 0.000457753 -0.003077628 -0.000095455 1.000000000 -0.000030544 0.001721053 -0.000457756 0.000030501 0.999999881 0.004633597
0.999999940 -0.000231342 0.000259020 0.000046574 0.000231565 0.999999583 -0.000858119 0.001582216 -0.000258821 0.000858179 0.999999583 0.055684030
0.999999881 0.000212765 0.000387791 -0.001982307 -0.000212362 0.999999464 -0.001038025 -0.006838211 -0.000388011 0.001037942 0.999999404 0.131660566
1.000000000 0.000156100 0.000081624 0.003068154 -0.000155964 0.999998629 -0.001663001 -0.003021647 -0.000081884 0.001662988 0.999998629 0.256032974
1.000000000 0.000181286 0.000075518 0.004886848 -0.000181198 0.999999285 -0.001165414 -0.012300055 -0.000075729 0.001165400 0.999999344 0.386278629
1.000000000 0.000134151 0.000179783 0.008307151 -0.000133981 0.999999523 -0.000946836 -0.017296702 -0.000179910 0.000946812 0.999999523 0.525192499
0.999999940 0.000390655 0.000105761 0.012600632 -0.000390569 0.999999583 -0.000816150 -0.025521263 -0.000106080 0.000816109 0.999999642 0.667512774
0.999999881 0.000298376 0.000348003 0.015784912 -0.000298071 0.999999583 -0.000878109 -0.025578573 -0.000348265 0.000878005 0.999999583 0.839470863
1.000000000 0.000042050 0.000049479 0.018435901 -0.000042013 0.999999702 -0.000749652 -0.027396195 -0.000049510 0.000749649 0.999999702 1.015498281
1.000000000 0.000000595 -0.000092658 0.022800904 -0.000000623 0.999999940 -0.000306397 -0.034027986 0.000092658 0.000306397 0.999999940 1.192308903
0.999999821 0.000570630 0.000272715 0.018167555 -0.000570465 0.999999642 -0.000604094 -0.035398364 -0.000273059 0.000603939 0.999999762 1.371100068
1.000000000 0.000131360 0.000015863 0.036337875 -0.000131364 0.999999940 0.000246005 -0.053036749 -0.000015830 -0.000246007 0.999999940 1.567308426
0.999999881 0.000461915 0.000275981 0.037755497 -0.000461883 0.999999881 -0.000118346 -0.052279424 -0.000276036 0.000118218 0.999999940 1.759971261
0.999999940 0.000114047 -0.000343752 0.042742424 -0.000114251 0.999999821 -0.000594600 -0.051279292 0.000343685 0.000594639 0.999999762 1.961569548
0.999999583 0.000768583 0.000512734 0.039081074 -0.000768480 0.999999702 -0.000201220 -0.065862752 -0.000512888 0.000200826 0.999999821 2.160831213
0.999999344 0.001040198 -0.000288268 0.054611675 -0.001040637 0.999998271 -0.001525186 -0.061683107 0.000286681 0.001525485 0.999998808 2.390819550
0.999999106 0.001107661 -0.000642892 0.067672409 -0.001108486 0.999998510 -0.001285321 -0.071409389 0.000641467 0.001286033 0.999998927 2.603526831
0.999999106 0.001274092 -0.000314488 0.067636207 -0.001274399 0.999998629 -0.000977997 -0.083463512 0.000313242 0.000978397 0.999999464 2.834635019
0.999999285 0.001070820 -0.000589628 0.075523652 -0.001071173 0.999999225 -0.000598360 -0.091127276 0.000588987 0.000598991 0.999999702 3.070264578
0.999999344 0.000953444 -0.000652228 0.077246025 -0.000954149 0.999998927 -0.001080343 -0.092602186 0.000651197 0.001080965 0.999999225 3.310923576
0.999998868 0.001457938 -0.000289763 0.080056481 -0.001458126 0.999998748 -0.000653302 -0.105288543 0.000288810 0.000653724 0.999999702 3.555355549
0.999999166 0.001229731 -0.000432139 0.085552685 -0.001230388 0.999998093 -0.001524250 -0.100962594 0.000430263 0.001524780 0.999998748 3.806880474
0.999998927 0.001408311 -0.000162010 0.086633258 -0.001408598 0.999997377 -0.001786800 -0.105195992 0.000159494 0.001787026 0.999998391 4.072926044
0.999998689 0.001625795 0.000157826 0.088455133 -0.001625615 0.999998093 -0.001137195 -0.118125014 -0.000159675 0.001136937 0.999999344 4.319732666
0.999998629 0.001637038 0.000186292 0.087728880 -0.001636788 0.999997795 -0.001335471 -0.122809552 -0.000188478 0.001335164 0.999999046 4.580227852
0.999998808 0.001503439 -0.000257774 0.105527200 -0.001503804 0.999997854 -0.001421401 -0.127413705 0.000255636 0.001421787 0.999998868 4.833130360
0.999999225 0.001100848 -0.000404353 0.110952720 -0.001101362 0.999998569 -0.001273531 -0.134383872 0.000402951 0.001273976 0.999999046 5.094503403
0.999999225 0.001100294 -0.000253643 0.113684505 -0.001100758 0.999997675 -0.001837910 -0.137979254 0.000251620 0.001838188 0.999998271 5.357104778
0.999998987 0.001354965 -0.000167971 0.123840809 -0.001355204 0.999998033 -0.001428287 -0.150765404 0.000166035 0.001428514 0.999998927 5.617192745
0.999999166 0.001232840 -0.000244617 0.126430765 -0.001233131 0.999998450 -0.001194068 -0.163755745 0.000243144 0.001194369 0.999999285 5.892970085
0.999999464 0.000833298 -0.000489192 0.134847999 -0.000833801 0.999999046 -0.001027692 -0.173537791 0.000488336 0.001028100 0.999999344 6.170866489
0.999999166 0.001262017 -0.000257391 0.139572904 -0.001262316 0.999998510 -0.001165455 -0.179962158 0.000255920 0.001165779 0.999999344 6.453757763
0.999999166 0.001256036 0.000349748 0.140730754 -0.001255761 0.999998927 -0.000785317 -0.193237185 -0.000350734 0.000784877 0.999999702 6.727645874
0.999998689 0.001627092 0.000095846 0.145840004 -0.001626979 0.999997914 -0.001168815 -0.199055418 -0.000097747 0.001168658 0.999999285 7.046586990
0.999998927 0.001456636 0.000140884 0.154355019 -0.001456432 0.999997914 -0.001433593 -0.207287386 -0.000142972 0.001433386 0.999998987 7.337720871
0.999999166 0.001281896 0.000112206 0.160208404 -0.001281711 0.999997795 -0.001635130 -0.215076998 -0.000114301 0.001634984 0.999998629 7.657678604
0.999998629 0.001634558 0.000084910 0.173032925 -0.001634500 0.999998450 -0.000671889 -0.239014879 -0.000086008 0.000671749 0.999999702 7.950499058
0.999998748 0.001530279 -0.000000368 0.169016942 -0.001530278 0.999998331 -0.001017614 -0.237383544 -0.000001189 0.001017613 0.999999404 8.293980598
0.999998510 0.001668806 -0.000024760 0.179108992 -0.001668831 0.999998033 -0.001026993 -0.252285540 0.000023046 0.001027033 0.999999464 8.608209610
0.999999404 0.001052863 0.000250037 0.187739506 -0.001052641 0.999998987 -0.000883873 -0.260021299 -0.000250967 0.000883609 0.999999523 8.945539474
0.999999344 0.001146806 0.000259186 0.192917779 -0.001146627 0.999999166 -0.000690336 -0.272766858 -0.000259978 0.000690038 0.999999702 9.282669067
0.999998331 0.001846699 0.000452517 0.191541106 -0.001846454 0.999998152 -0.000540427 -0.283866912 -0.000453514 0.000539590 0.999999762 9.636508942
0.999998391 0.001821825 0.000074978 0.203727514 -0.001821777 0.999998152 -0.000623910 -0.293700993 -0.000076115 0.000623772 0.999999821 9.984107971
0.999998212 0.001903416 0.000111432 0.212510079 -0.001903377 0.999998152 -0.000348576 -0.307325006 -0.000112095 0.000348364 0.999999881 10.337301254
0.999999046 0.001310770 0.000452659 0.209551349 -0.001310378 0.999998689 -0.000865714 -0.314767808 -0.000453793 0.000865120 0.999999523 10.700338364
0.999999225 0.001055746 0.000734560 0.216434270 -0.001055004 0.999998868 -0.001009160 -0.321825862 -0.000735624 0.001008384 0.999999285 11.072589874
0.999998689 0.001386463 0.000824681 0.222277522 -0.001385420 0.999998152 -0.001264716 -0.332781672 -0.000826433 0.001263571 0.999998868 11.448388100
0.999999523 0.000828046 0.000505911 0.233892784 -0.000827731 0.999999464 -0.000621904 -0.346686661 -0.000506426 0.000621485 0.999999702 11.828404427
0.999999404 0.000951291 0.000472345 0.245455235 -0.000950851 0.999999106 -0.000930816 -0.359758705 -0.000473230 0.000930366 0.999999523 12.209855080
0.999999225 0.001026704 0.000639226 0.252294987 -0.001025926 0.999998689 -0.001216735 -0.365635753 -0.000640474 0.001216079 0.999999046 12.610804558
0.999999404 0.001003962 0.000335016 0.262163728 -0.001003563 0.999998808 -0.001188734 -0.377386838 -0.000336210 0.001188397 0.999999285 13.009692192
0.999998689 0.001458411 0.000696790 0.265959859 -0.001457460 0.999998033 -0.001364742 -0.386196196 -0.000698779 0.001363724 0.999998808 13.420663834
0.999998987 0.001115860 0.000914065 0.272912800 -0.001114495 0.999998331 -0.001491859 -0.390854090 -0.000915728 0.001490838 0.999998510 13.840925217
0.999998569 0.001141995 0.001212293 0.278915524 -0.001140487 0.999998569 -0.001243389 -0.407714903 -0.001213711 0.001242004 0.999998450 14.250075340
0.999999106 0.000970111 0.000933420 0.294560432 -0.000968882 0.999998629 -0.001315836 -0.419694066 -0.000934695 0.001314930 0.999998689 14.668510437
0.999998987 0.000662429 0.001261642 0.302523375 -0.000661100 0.999999225 -0.001053527 -0.434926242 -0.001262339 0.001052692 0.999998689 15.097742081
0.999998689 0.000993937 0.001283419 0.315248311 -0.000992298 0.999998629 -0.001276998 -0.447245896 -0.001284687 0.001275723 0.999998391 15.532687187
0.999998331 0.000769710 0.001661725 0.324012667 -0.000767701 0.999998987 -0.001209400 -0.460798532 -0.001662655 0.001208123 0.999997914 15.971008301
0.999997854 0.000755441 0.001886419 0.333748698 -0.000753428 0.999999166 -0.001067789 -0.473003000 -0.001887224 0.001066366 0.999997675 16.416595459
0.999996841 0.000797144 0.002390175 0.339309663 -0.000794263 0.999998987 -0.001206109 -0.486095518 -0.002391134 0.001204207 0.999996424 16.868211746
0.999996006 0.001056696 0.002624087 0.349810302 -0.001054630 0.999999106 -0.000788683 -0.503300548 -0.002624919 0.000785912 0.999996245 17.322723389
0.999995053 0.001012300 0.002963406 0.357170373 -0.001009472 0.999999046 -0.000955727 -0.512942970 -0.002964371 0.000952731 0.999995172 17.791156769
0.999993801 0.001163732 0.003307891 0.364855468 -0.001158758 0.999998212 -0.001505213 -0.521404386 -0.003309637 0.001501371 0.999993443 18.262372971
0.999995589 0.000660997 0.002908578 0.388980329 -0.000657090 0.999998927 -0.001343960 -0.533460081 -0.002909463 0.001342043 0.999994934 18.728288651
0.999990821 0.001457801 0.004020261 0.383551151 -0.001452314 0.999998152 -0.001367316 -0.548360467 -0.004022245 0.001361465 0.999991000 19.198204041
0.999990582 0.000683624 0.004286157 0.400107652 -0.000677940 0.999998987 -0.001327283 -0.559400618 -0.004287059 0.001324364 0.999989927 19.681613922
0.999990880 0.001003064 0.004129912 0.403938919 -0.000996326 0.999998152 -0.001633227 -0.568638444 -0.004131542 0.001629098 0.999990106 20.170454025
0.999990582 0.001853479 0.003910841 0.417368680 -0.001846994 0.999996901 -0.001661154 -0.584536195 -0.003913908 0.001653915 0.999990940 20.664318085
0.999990404 0.001759645 0.004005984 0.428222477 -0.001749924 0.999995470 -0.002428934 -0.583286643 -0.004010241 0.002421901 0.999989033 21.175895691
0.999995172 0.000961026 0.002957002 0.444624960 -0.000957810 0.999998868 -0.001088846 -0.616956353 -0.002958046 0.001086009 0.999995053 21.667404175
0.999995172 0.001203046 0.002864880 0.451316953 -0.001201311 0.999999046 -0.000607215 -0.638492346 -0.002865608 0.000603770 0.999995708 22.173217773
0.999996245 0.001694547 0.002135638 0.469420373 -0.001693022 0.999998271 -0.000715402 -0.652388394 -0.002136847 0.000711784 0.999997497 22.675197601
0.999996662 0.001781534 0.001878841 0.469986707 -0.001779993 0.999998093 -0.000821727 -0.667206943 -0.001880302 0.000818380 0.999997854 23.211454391
0.999999344 0.000944778 0.000613755 0.486541957 -0.000944066 0.999998927 -0.001158667 -0.683195651 -0.000614850 0.001158087 0.999999106 23.729656219
0.999999285 0.000754789 0.000864709 0.487510413 -0.000753581 0.999998689 -0.001395989 -0.697248459 -0.000865762 0.001395337 0.999998629 24.265935898
0.999999046 0.001118293 0.000715927 0.491451293 -0.001117189 0.999998152 -0.001540572 -0.707699895 -0.000717649 0.001539771 0.999998510 24.808170319
0.999998152 0.001882971 -0.000323458 0.506303370 -0.001883293 0.999997854 -0.001000151 -0.728897810 0.000321575 0.001000758 0.999999464 25.343984604
0.999997318 0.002172450 -0.000790438 0.518270135 -0.002173494 0.999996841 -0.001323205 -0.742526293 0.000787560 0.001324920 0.999998808 25.895187378
0.999997437 0.001929904 -0.001129293 0.516925037 -0.001931453 0.999997199 -0.001372004 -0.755360425 0.001126642 0.001374182 0.999998450 26.448165894
0.999997914 0.001305321 -0.001563702 0.528473139 -0.001305930 0.999999166 -0.000388477 -0.772778511 0.001563194 0.000390518 0.999998689 26.989849091
0.999997795 0.001419039 -0.001534704 0.529677927 -0.001419908 0.999998868 -0.000565213 -0.787087858 0.001533900 0.000567391 0.999998689 27.553045273
0.999996722 0.001981625 -0.001639440 0.530782938 -0.001982932 0.999997735 -0.000796139 -0.806358755 0.001637859 0.000799388 0.999998271 28.101903915
0.999996305 0.002139152 -0.001701993 0.537668467 -0.002139403 0.999997735 -0.000145538 -0.823536634 0.001701678 0.000149179 0.999998510 28.644676208
0.999994814 0.002178292 -0.002361897 0.549786747 -0.002179619 0.999997437 -0.000559419 -0.836906612 0.002360673 0.000564564 0.999996960 29.198213577
0.999994338 0.002031226 -0.002716714 0.557306468 -0.002031753 0.999997914 -0.000191301 -0.862474918 0.002716320 0.000196820 0.999996305 29.757123947
0.999993503 0.002239640 -0.002797226 0.561180949 -0.002240267 0.999997437 -0.000220775 -0.876527369 0.002796724 0.000227040 0.999996066 30.304306030
0.999993384 0.002343519 -0.002766256 0.570834160 -0.002343543 0.999997199 -0.000005476 -0.895112157 0.002766236 0.000011959 0.999996185 30.851362228
0.999992251 0.002148366 -0.003338162 0.579735756 -0.002149265 0.999997675 -0.000265723 -0.910215199 0.003337584 0.000272895 0.999994338 31.413557053
0.999990761 0.002230107 -0.003682360 0.590527415 -0.002230349 0.999997497 -0.000061577 -0.925828516 0.003682214 0.000069790 0.999993205 31.962715149
0.999989092 0.002460092 -0.003978750 0.602849841 -0.002460318 0.999996960 -0.000052198 -0.945068598 0.003978609 0.000061986 0.999992132 32.509326935
0.999989510 0.002606953 -0.003763774 0.603057384 -0.002607648 0.999996603 -0.000179531 -0.951487899 0.003763293 0.000189344 0.999992907 33.054962158
0.999985635 0.002634880 -0.004661256 0.614648283 -0.002635039 0.999996543 -0.000027911 -0.974895954 0.004661166 0.000040193 0.999989212 33.590717316
0.999987900 0.002829841 -0.004019223 0.617925823 -0.002831336 0.999995947 -0.000366436 -0.980229378 0.004018170 0.000377812 0.999991775 34.158252716
0.999988496 0.002463934 -0.004104496 0.622493029 -0.002464059 0.999996960 -0.000025368 -0.998228252 0.004104421 0.000035481 0.999991536 34.706912994
0.999988914 0.002299387 -0.004087463 0.633924425 -0.002300452 0.999997318 -0.000255913 -1.012700796 0.004086864 0.000265313 0.999991596 35.253646851
0.999989688 0.002277677 -0.003912638 0.641462386 -0.002279072 0.999997318 -0.000352345 -1.031747222 0.003911825 0.000361259 0.999992251 35.798522949
0.999990106 0.002668464 -0.003548834 0.650470018 -0.002667380 0.999996364 0.000310020 -1.060909867 0.003549648 -0.000300551 0.999993622 36.332412720
0.999985933 0.002800572 -0.004510163 0.653779209 -0.002802953 0.999995947 -0.000521597 -1.055932522 0.004508683 0.000534231 0.999989688 36.890335083
0.999979794 0.003526060 -0.005293953 0.664632320 -0.003528831 0.999993622 -0.000514131 -1.068808079 0.005292105 0.000532802 0.999985874 37.439437866
0.999985576 0.002935133 -0.004501346 0.660512447 -0.002938215 0.999995410 -0.000678327 -1.081838846 0.004499334 0.000691543 0.999989629 37.998794556
0.999987900 0.002186141 -0.004411581 0.668160319 -0.002190483 0.999997139 -0.000979476 -1.095059752 0.004409426 0.000989128 0.999989808 38.549247742
0.999987602 0.003210988 -0.003781163 0.669464409 -0.003215198 0.999994218 -0.001107856 -1.110301733 0.003777584 0.001119999 0.999992251 39.114673615
0.999982953 0.002824378 -0.005098378 0.687911928 -0.002828367 0.999995708 -0.000775248 -1.125820041 0.005096166 0.000789655 0.999986708 39.648956299
0.999982655 0.002790956 -0.005182027 0.698610663 -0.002796786 0.999995530 -0.001118029 -1.138751507 0.005178883 0.001132503 0.999985933 40.201808929
0.999983847 0.003124570 -0.004735474 0.705808461 -0.003127784 0.999994874 -0.000671386 -1.158023238 0.004733352 0.000686187 0.999988496 40.753417969
0.999980867 0.002987453 -0.005420402 0.720971704 -0.002993053 0.999994993 -0.001025061 -1.171965599 0.005417312 0.001041265 0.999984801 41.305423737
0.999979734 0.003332534 -0.005429842 0.732909083 -0.003335705 0.999994338 -0.000575126 -1.187409043 0.005427894 0.000593227 0.999985158 41.854824066
0.999980092 0.003274823 -0.005394967 0.747836232 -0.003279942 0.999994099 -0.000940299 -1.206105113 0.005391856 0.000957975 0.999984980 42.396968842
0.999976516 0.004158149 -0.005445719 0.742415130 -0.004165055 0.999990523 -0.001257317 -1.211543202 0.005440439 0.001279969 0.999984384 42.964675903
0.999976337 0.003615693 -0.005848740 0.756716549 -0.003623124 0.999992609 -0.001260293 -1.228468657 0.005844140 0.001281453 0.999982119 43.499137878
0.999976337 0.004431815 -0.005260895 0.763223171 -0.004441227 0.999988556 -0.001778752 -1.237061858 0.005252952 0.001802075 0.999984562 44.062618256
0.999979138 0.003854457 -0.005186591 0.755178869 -0.003858564 0.999992192 -0.000782315 -1.263506174 0.005183535 0.000802311 0.999986231 44.610858917
0.999979615 0.004142585 -0.004871649 0.763823450 -0.004150413 0.999990046 -0.001597923 -1.272482395 0.004864981 0.001618109 0.999986887 45.165985107
0.999981582 0.004351994 -0.004231876 0.769580007 -0.004359358 0.999988973 -0.001732242 -1.279843092 0.004224290 0.001750658 0.999989569 45.705970764
0.999980867 0.003982609 -0.004718157 0.777639508 -0.003986428 0.999991715 -0.000800461 -1.311591744 0.004714930 0.000819254 0.999988556 46.262268066
0.999980807 0.003712409 -0.004955431 0.790756166 -0.003717996 0.999992549 -0.001118598 -1.326301694 0.004951240 0.001137001 0.999987066 46.805789948
0.999980867 0.004398840 -0.004335331 0.800801992 -0.004403047 0.999989808 -0.000961293 -1.347634554 0.004331058 0.000980363 0.999990106 47.339138031
0.999984145 0.003372379 -0.004513556 0.784958303 -0.003378673 0.999993324 -0.001387422 -1.349120140 0.004508847 0.001402650 0.999988854 47.899696350
0.999984384 0.004287320 -0.003587494 0.782535911 -0.004292626 0.999989688 -0.001472652 -1.363636017 0.003581144 0.001488029 0.999992490 48.454902649
0.999985993 0.003449794 -0.004034490 0.798077703 -0.003455896 0.999992907 -0.001506242 -1.379760623 0.004029265 0.001520163 0.999990761 48.992134094
0.999986172 0.003462427 -0.003950800 0.792684078 -0.003467892 0.999993145 -0.001377517 -1.393568397 0.003946003 0.001391199 0.999991238 49.538864136
0.999985218 0.003997288 -0.003685199 0.805999398 -0.004002409 0.999991000 -0.001383392 -1.411195993 0.003679636 0.001398121 0.999992192 50.085388184
0.999986470 0.004088196 -0.003209562 0.807371378 -0.004092594 0.999990642 -0.001364594 -1.426564574 0.003203954 0.001377711 0.999993861 50.636848450
0.999987304 0.003419328 -0.003703604 0.817982137 -0.003426636 0.999992132 -0.001968645 -1.440459251 0.003696843 0.001981311 0.999991179 51.187728882
0.999987662 0.003875440 -0.003126471 0.823996723 -0.003880620 0.999991059 -0.001652341 -1.458082438 0.003120040 0.001664453 0.999993682 51.743553162
0.999988258 0.003094691 -0.003756632 0.846789002 -0.003103223 0.999992609 -0.002267302 -1.468880177 0.003749589 0.002278933 0.999990344 52.282630920
0.999987483 0.003318416 -0.003748421 0.850107074 -0.003325608 0.999992669 -0.001913743 -1.492740631 0.003742043 0.001926185 0.999991119 52.834896088
0.999988258 0.003583789 -0.003267124 0.852897763 -0.003589829 0.999991834 -0.001844918 -1.509378910 0.003260485 0.001856624 0.999992907 53.373390198
0.999986291 0.003301636 -0.004057941 0.870095849 -0.003309489 0.999992669 -0.001930259 -1.518964291 0.004051540 0.001943662 0.999989927 53.927234650
0.999987483 0.004050659 -0.002923762 0.876137137 -0.004056766 0.999989569 -0.002085812 -1.534219980 0.002915284 0.002097646 0.999993563 54.478828430
0.999987304 0.003474293 -0.003678826 0.877554417 -0.003480762 0.999992371 -0.001753302 -1.555537105 0.003672707 0.001766084 0.999991655 55.012958527
0.999987721 0.003480805 -0.003539548 0.880303144 -0.003487957 0.999991894 -0.002016695 -1.571035862 0.003532500 0.002029016 0.999991715 55.563060760
0.999985933 0.003395394 -0.004060360 0.901289344 -0.003403142 0.999992311 -0.001903047 -1.586828232 0.004053867 0.001916838 0.999989867 56.093955994
0.999984145 0.003340929 -0.004526737 0.908068001 -0.003348753 0.999992907 -0.001721637 -1.601710081 0.004520953 0.001736768 0.999988258 56.643039703
0.999983847 0.003785875 -0.004253891 0.921505272 -0.003794102 0.999990880 -0.001927785 -1.620009422 0.004246553 0.001943893 0.999989152 57.190601349
0.999982357 0.004040008 -0.004361540 0.933418930 -0.004048564 0.999989867 -0.001954816 -1.633199215 0.004353599 0.001972439 0.999988496 57.738025665
0.999984443 0.003601973 -0.004279273 0.938652098 -0.003611101 0.999991179 -0.002127412 -1.651013851 0.004271572 0.002142831 0.999988496 58.285671234
0.999985158 0.003455852 -0.004228685 0.956569314 -0.003465454 0.999991477 -0.002265302 -1.667465568 0.004220820 0.002279923 0.999988496 58.819255829
0.999983013 0.003901700 -0.004330505 0.965355098 -0.003913168 0.999988854 -0.002642881 -1.673617721 0.004320145 0.002659782 0.999987125 59.355899811
0.999984503 0.003747216 -0.004105772 0.975242972 -0.003760120 0.999988019 -0.003139681 -1.690700531 0.004093958 0.003155071 0.999986589 59.900474548
0.999983251 0.003624957 -0.004528925 0.987767458 -0.003638295 0.999989092 -0.002940439 -1.706945539 0.004518217 0.002956867 0.999985337 60.456100464
0.999981821 0.004037393 -0.004479575 0.980687737 -0.004050251 0.999987721 -0.002865111 -1.718079567 0.004467953 0.002883203 0.999985874 60.981498718
0.999983847 0.004493949 -0.003493262 0.986855626 -0.004502864 0.999986649 -0.002548437 -1.740819454 0.003481763 0.002564126 0.999990642 61.530986786
0.999983191 0.003908002 -0.004287246 1.001566529 -0.003920801 0.999987900 -0.002980854 -1.751385450 0.004275545 0.002997614 0.999986410 62.084163666
0.999980092 0.004028349 -0.004853373 1.013340235 -0.004043418 0.999987006 -0.003099306 -1.770714641 0.004840825 0.003118869 0.999983430 62.609992981
0.999981105 0.004339912 -0.004357035 1.018912792 -0.004352828 0.999986172 -0.002959418 -1.791986108 0.004344132 0.002978328 0.999986112 63.156208038
0.999981880 0.004738512 -0.003690517 1.015703678 -0.004747336 0.999985874 -0.002385828 -1.808841705 0.003679160 0.002403306 0.999990344 63.708175659
0.999979436 0.004646859 -0.004422975 1.026153803 -0.004658979 0.999985397 -0.002734037 -1.822949648 0.004410207 0.002754587 0.999986410 64.239692688
0.999983668 0.004213812 -0.003860282 1.026441216 -0.004225468 0.999986529 -0.003016276 -1.837854028 0.003847521 0.003032539 0.999987960 64.788124084
0.999979973 0.005122433 -0.003725573 1.036581755 -0.005131882 0.999983609 -0.002531172 -1.854196668 0.003712547 0.002550240 0.999989867 65.331344604
0.999981821 0.004957345 -0.003430553 1.035054922 -0.004968535 0.999982297 -0.003261450 -1.861829400 0.003414324 0.003278436 0.999988794 65.860687256
0.999981523 0.004281065 -0.004306871 1.051884055 -0.004293472 0.999986768 -0.002875387 -1.885231972 0.004294503 0.002893826 0.999986589 66.397567749
0.999982893 0.004485804 -0.003743794 1.051654458 -0.004498207 0.999984443 -0.003310981 -1.896565557 0.003728882 0.003327765 0.999987543 66.950675964
0.999981880 0.004055499 -0.004442519 1.072429776 -0.004069407 0.999986827 -0.003126245 -1.919697165 0.004429781 0.003144267 0.999985218 67.498367310
0.999980092 0.004419265 -0.004497314 1.081025839 -0.004431448 0.999986529 -0.002702551 -1.941319108 0.004485310 0.002722427 0.999986172 68.031211853
0.999977648 0.005065153 -0.004354712 1.091901064 -0.005074665 0.999984801 -0.002176178 -1.964162230 0.004343622 0.002198228 0.999988198 68.562683105
0.999978840 0.005026703 -0.004140466 1.100218296 -0.005038170 0.999983430 -0.002763814 -1.979369640 0.004126505 0.002784615 0.999987662 69.115646362
0.999978602 0.004639851 -0.004617828 1.096733093 -0.004652192 0.999985635 -0.002665418 -1.990638018 0.004605395 0.002686844 0.999985754 69.660530090
0.999976814 0.004697194 -0.004931677 1.112652540 -0.004711111 0.999984920 -0.002814326 -2.006484509 0.004918383 0.002837494 0.999983907 70.202842712
0.999979138 0.004977802 -0.004124480 1.114844918 -0.004987098 0.999985099 -0.002246545 -2.031115294 0.004113236 0.002267067 0.999988973 70.755744934
0.999978721 0.005231892 -0.003895205 1.112535238 -0.005245983 0.999979615 -0.003616324 -2.029319525 0.003876205 0.003636681 0.999985874 71.291969299
0.999978244 0.005180439 -0.004101347 1.129211187 -0.005195238 0.999979973 -0.003606203 -2.047528982 0.004082583 0.003627431 0.999985099 71.843811035
0.999977469 0.005846472 -0.003292736 1.132329702 -0.005859015 0.999975502 -0.003812300 -2.059688330 0.003270367 0.003831506 0.999987304 72.390609741
0.999978542 0.005624749 -0.003366941 1.123039722 -0.005636213 0.999978304 -0.003405402 -2.081117868 0.003347714 0.003424306 0.999988496 72.928970337
0.999980330 0.005160144 -0.003583542 1.138433814 -0.005169914 0.999982893 -0.002721979 -2.106730938 0.003569434 0.002740452 0.999989927 73.468910217
0.999983311 0.004456500 -0.003670053 1.142817259 -0.004468904 0.999984205 -0.003378412 -2.116525173 0.003654939 0.003394756 0.999987543 74.024887085
0.999980509 0.005061092 -0.003652752 1.151840925 -0.005072707 0.999981999 -0.003177268 -2.135626078 0.003636605 0.003195736 0.999988258 74.557952881
0.999979734 0.005090570 -0.003815444 1.166172266 -0.005101809 0.999982655 -0.002941716 -2.151872873 0.003800403 0.002961122 0.999988377 75.097412109
0.999978781 0.005308210 -0.003763728 1.171924472 -0.005318191 0.999982357 -0.002646632 -2.172396660 0.003749612 0.002666592 0.999989450 75.637535095
0.999983728 0.004374190 -0.003662634 1.182595372 -0.004386422 0.999984741 -0.003338329 -2.186635494 0.003647976 0.003354340 0.999987721 76.185813904
0.999982238 0.004239783 -0.004206757 1.194693565 -0.004253419 0.999985754 -0.003237618 -2.203937292 0.004192970 0.003255454 0.999985933 76.732505798
0.999982059 0.004585298 -0.003851079 1.197164536 -0.004598044 0.999983966 -0.003307306 -2.218209982 0.003835852 0.003324954 0.999987066 77.271362305
0.999982774 0.004218630 -0.004068456 1.210610867 -0.004232141 0.999985456 -0.003318102 -2.237128973 0.004054399 0.003335263 0.999986172 77.809074402
0.999982893 0.004273374 -0.003981917 1.212509274 -0.004287092 0.999984860 -0.003442863 -2.250769615 0.003967144 0.003459875 0.999986172 78.365333557
0.999982715 0.004497386 -0.003793330 1.223221660 -0.004512948 0.999981403 -0.004103747 -2.263748407 0.003774803 0.004120795 0.999984384 78.914680481
0.999983013 0.004480419 -0.003727282 1.232679605 -0.004493239 0.999983907 -0.003438350 -2.285503149 0.003711818 0.003455039 0.999987125 79.461997986
0.999980748 0.005193951 -0.003398866 1.236580968 -0.005205822 0.999980271 -0.003493157 -2.300675869 0.003380655 0.003510784 0.999988139 80.007118225
0.999980867 0.004807050 -0.003885951 1.252860427 -0.004820617 0.999982297 -0.003489315 -2.319342852 0.003869109 0.003507981 0.999986351 80.555076599
0.999986112 0.004664916 -0.002421594 1.259284616 -0.004672778 0.999983788 -0.003251594 -2.335870266 0.002406386 0.003262864 0.999991775 81.106277466
0.999987066 0.004964900 -0.001094948 1.267568707 -0.004968599 0.999981821 -0.003402025 -2.352948666 0.001078037 0.003407422 0.999993622 81.651466370
0.999986231 0.005239389 -0.000020694 1.281275511 -0.005239429 0.999980211 -0.003486933 -2.368997812 0.000002424 0.003486994 0.999993920 82.196090698
0.999985397 0.005224415 0.001363427 1.293486714 -0.005219682 0.999980390 -0.003453374 -2.388810158 -0.001381443 0.003446207 0.999993086 82.735527039
0.999975264 0.005437974 0.004444850 1.313140273 -0.005421479 0.999978364 -0.003715166 -2.403456450 -0.004464957 0.003690977 0.999983191 83.286911011
0.999953687 0.005113142 0.008147285 1.335334301 -0.005084041 0.999980628 -0.003588633 -2.420970201 -0.008165476 0.003547046 0.999960363 83.829185486
0.999923170 0.005168071 0.011259808 1.354603052 -0.005132294 0.999981701 -0.003203990 -2.443590641 -0.011276162 0.003145955 0.999931455 84.380371094
0.999859750 0.005033823 0.015970508 1.381377101 -0.004988370 0.999983370 -0.002884649 -2.464808464 -0.015984766 0.002804577 0.999868274 84.927604675
0.999738097 0.005522104 0.022206012 1.409299374 -0.005457045 0.999980688 -0.002989253 -2.482273817 -0.022222091 0.002867291 0.999748886 85.483558655
0.999616385 0.005039697 0.027233241 1.440110803 -0.004956495 0.999982834 -0.003121823 -2.499838114 -0.027248507 0.002985644 0.999624252 86.029998779
0.999451995 0.004316655 0.032816000 1.478418827 -0.004219110 0.999986470 -0.003041180 -2.518380880 -0.032828685 0.002901059 0.999456763 86.569694519
0.999128461 0.004958153 0.041444469 1.502225876 -0.004825062 0.999982893 -0.003310702 -2.530144215 -0.041460179 0.003107845 0.999135315 87.137817383
0.998744309 0.005102176 0.049836718 1.548262835 -0.004947968 0.999982655 -0.003217163 -2.549746752 -0.049852263 0.002966533 0.998752236 87.688156128
0.998367429 0.005165352 0.056884564 1.590910912 -0.004995924 0.999982595 -0.003120245 -2.567603827 -0.056899697 0.002830960 0.998375893 88.235786438
0.997817934 0.004841388 0.065848291 1.647344112 -0.004631926 0.999983728 -0.003333272 -2.580533028 -0.065863356 0.003020994 0.997824132 88.782546997
0.997139394 0.005117569 0.075412333 1.723247051 -0.004894760 0.999983013 -0.003139072 -2.604884386 -0.075427115 0.002760967 0.997147501 89.326828003
0.996461749 0.004247405 0.083940819 1.781453609 -0.003957482 0.999985576 -0.003619994 -2.610306263 -0.083955012 0.003274991 0.996464193 89.888320923
0.995724082 0.004459613 0.092268907 1.851632595 -0.004095414 0.999983072 -0.004136114 -2.627686977 -0.092285797 0.003740549 0.995725513 90.438064575
0.994669795 0.004339769 0.103019901 1.931572914 -0.003940906 0.999983966 -0.004074939 -2.642560482 -0.103035927 0.003647227 0.994670928 90.982215881
0.993508279 0.004651815 0.113664590 2.006037712 -0.004293524 0.999985039 -0.003396780 -2.670860052 -0.113678686 0.002886707 0.993513346 91.543083191
0.992445230 0.003583519 0.122636504 2.099704742 -0.003159753 0.999988377 -0.003649781 -2.684523582 -0.122648165 0.003234707 0.992444873 92.085952759
0.990888059 0.005083268 0.134591922 2.181348801 -0.004684454 0.999983668 -0.003279655 -2.706135988 -0.134606391 0.002619282 0.990895689 92.617019653
0.989256322 0.004256883 0.146129593 2.279270172 -0.003779258 0.999986708 -0.003545968 -2.723867893 -0.146142721 0.002955611 0.989259124 93.184432983
0.987583756 0.004251900 0.157036051 2.384152412 -0.003836612 0.999988317 -0.002947567 -2.747613907 -0.157046765 0.002308482 0.987588525 93.725318909
0.985847533 0.003956475 0.167597294 2.489971161 -0.003426427 0.999988139 -0.003451694 -2.753915310 -0.167608947 0.002828584 0.985849500 94.283401489
0.983677864 0.004131727 0.179890975 2.620807648 -0.003628500 0.999988496 -0.003126365 -2.778724909 -0.179901823 0.002422601 0.983681619 94.805061340
0.981293142 0.003376609 0.192489520 2.744423866 -0.002745452 0.999990046 -0.003545552 -2.787643433 -0.192499548 0.002950755 0.981292605 95.346145630
0.979127049 0.003198494 0.203224048 2.864517212 -0.002608130 0.999991536 -0.003172732 -2.810693979 -0.203232452 0.002576473 0.979127109 95.903434753
0.976294398 0.003324960 0.216421694 3.004745483 -0.002739500 0.999991715 -0.003005127 -2.829352140 -0.216429919 0.002341002 0.976295292 96.440704346
0.973339617 0.002720073 0.229352236 3.159555435 -0.002122780 0.999993682 -0.002850945 -2.842575550 -0.229358539 0.002288074 0.973339260 96.951309204
0.970615029 0.002305971 0.240626663 3.306949615 -0.001661052 0.999994457 -0.002882955 -2.868720293 -0.240631968 0.002398546 0.970613480 97.480209351
0.967656851 0.001779224 0.252264202 3.473628998 -0.001138019 0.999995768 -0.002687675 -2.893189192 -0.252267867 0.002313665 0.967654765 97.999496460
0.963945150 0.001834473 0.266094714 3.640518188 -0.001150065 0.999995589 -0.002727847 -2.903598785 -0.266098529 0.002323469 0.963943064 98.525558472
0.960325062 0.001871226 0.278876871 3.797815323 -0.000991895 0.999993980 -0.003294188 -2.911635637 -0.278881341 0.002886875 0.960321248 99.029151917
0.956946194 0.000886750 0.290263981 3.974700928 -0.000120739 0.999996483 -0.002656913 -2.940842390 -0.290265322 0.002507476 0.956942916 99.621177673
0.952619791 0.000729516 0.304162979 4.155420303 0.000175645 0.999995708 -0.002948534 -2.950846195 -0.304163814 0.002862256 0.952615499 100.139457703
0.948531330 0.000159658 0.316683173 4.370561600 0.000827921 0.999995232 -0.002983950 -2.968514204 -0.316682100 0.003092559 0.948526740 100.659118652
0.944217622 0.000602941 0.329321355 4.551733017 0.000375443 0.999995708 -0.002907310 -2.986132622 -0.329321653 0.002868775 0.944213450 101.168319702
0.939516127 0.000457950 0.342504352 4.760414124 0.000438072 0.999996722 -0.002538725 -3.009108543 -0.342504382 0.002535215 0.939512849 101.688369751
0.934533179 0.000291413 0.355875939 4.980972290 0.000715208 0.999996066 -0.002697000 -3.027204514 -0.355875283 0.002774962 0.934529364 102.177490234
0.929580212 -0.000211975 0.368619859 5.201374054 0.001175747 0.999996424 -0.002389935 -3.042520523 -0.368618071 0.002655040 0.929576993 102.706611633
0.924927533 -0.000687376 0.380142659 5.436950684 0.001995364 0.999993384 -0.003046741 -3.051681757 -0.380138010 0.003576538 0.924922824 103.222610474
0.918924809 -0.001979248 0.394427717 5.668243408 0.003198457 0.999991894 -0.002433676 -3.069240570 -0.394419789 0.003497926 0.918923736 103.713821411
0.913045228 -0.002496039 0.407850653 5.909492493 0.003857293 0.999989331 -0.002515310 -3.082779884 -0.407840073 0.003869792 0.913045228 104.201919556
0.908233583 -0.002838831 0.418453932 6.161033630 0.004327726 0.999987245 -0.002609107 -3.101225853 -0.418441206 0.004180633 0.908234298 104.667228699
0.901601672 -0.002298151 0.432560980 6.418766022 0.003656125 0.999990642 -0.002307741 -3.120307684 -0.432551682 0.003662160 0.901601613 105.221954346
0.895174921 -0.002563642 0.445707828 6.691669464 0.003672090 0.999991953 -0.001623352 -3.148966074 -0.445700079 0.003089863 0.895177007 105.676994324
0.889002383 -0.002983298 0.457892805 6.965660095 0.004442095 0.999987960 -0.002109166 -3.154220104 -0.457880914 0.003909057 0.889004946 106.192268372
0.883414984 -0.004041683 0.468574077 7.227397919 0.005585309 0.999982595 -0.001904786 -3.170061111 -0.468558222 0.004299847 0.883422136 106.662216187
0.876205146 -0.004175487 0.481920242 7.517349243 0.006077766 0.999978721 -0.002386229 -3.178471088 -0.481900036 0.005019824 0.876211762 107.143157959
