1.000000000 0.000000000 0.000000000 0.000000000 0.000000000 1.000000000 0.000000000 0.000000000 0.000000000 0.000000000 1.000000000 0.000000000
1.000000000 0.000079675 0.000011493 0.000128237 -0.000079674 1.000000000 -0.000035485 0.000542174 -0.000011496 0.000035484 1.000000000 0.000066588
1.000000000 0.000031896 0.000052946 -0.000244289 -0.000031900 1.000000000 0.000061621 -0.000448129 -0.000052944 -0.000061623 1.000000000 -0.000221398
1.000000000 -0.000040311 0.000033193 0.000026892 0.000040312 1.000000000 -0.000017481 0.000400885 -0.000033193 0.000017482 1.000000000 0.000067589
1.000000000 -0.000083082 0.000021920 -0.000076789 0.000083081 1.000000000 0.000037091 -0.000484543 -0.000021923 -0.000037089 1.000000000 -0.000763549
1.000000000 0.000012989 0.000133279 -0.000672884 -0.000012991 1.000000000 0.000016374 -0.000065404 -0.000133279 -0.000016376 1.000000000 -0.000266012
1.000000000 -0.000178137 0.000055927 0.000238821 0.000178137 1.000000000 -0.000001582 0.000225754 -0.000055927 0.000001592 1.000000000 0.000014344
1.000000000 0.000019000 0.000081881 -0.000711385 -0.000019009 1.000000000 0.000111327 -0.000631837 -0.000081879 -0.000111329 1.000000000 -0.000657888
1.000000000 -0.000052957 -0.000023777 -0.000299238 0.000052956 1.000000000 -0.000046770 -0.000531576 0.000023780 0.000046769 1.000000000 -0.001253059
1.000000000 -0.000071210 0.000046916 -0.000317221 0.000071206 1.000000000 0.000089541 -0.001558000 -0.000046922 -0.000089537 1.000000000 -0.001420634
1.000000000 0.000084357 0.000044704 -0.000676111 -0.000084360 1.000000000 0.000079203 -0.000873146 -0.000044697 -0.000079207 1.000000000 -0.000187645
1.000000000 -0.000001148 0.000037559 -0.000775233 0.000001146 1.000000000 0.000044915 -0.000570286 -0.000037559 -0.000044915 1.000000000 -0.001680252
1.000000000 0.000064991 0.000023119 -0.000794450 -0.000064989 1.000000000 -0.000056147 -0.000820416 -0.000023123 0.000056145 1.000000000 -0.001678826
1.000000000 0.000024829 0.000064629 -0.001198452 -0.000024828 1.000000000 -0.000005170 0.000752605 -0.000064629 0.000005168 1.000000000 0.000082435
1.000000000 -0.000043001 0.000025526 -0.001367726 0.000043004 1.000000000 -0.000106192 0.000646353 -0.000025521 0.000106193 1.000000000 -0.000624788
1.000000000 0.000127802 0.000007601 0.000095085 -0.000127801 1.000000000 -0.000115383 0.002034652 -0.000007616 0.000115382 1.000000000 0.001570182
1.000000000 0.000107506 0.000119191 -0.000998485 -0.000107489 1.000000000 -0.000144180 0.002204027 -0.000119206 0.000144167 1.000000000 0.002819515
1.000000000 0.000177146 0.000087720 -0.001527632 -0.000177134 1.000000000 -0.000139301 0.001575939 -0.000087745 0.000139286 1.000000000 0.000926367
0.999999940 0.000227684 0.000165956 -0.001899841 -0.000227669 0.999999940 -0.000089062 0.001860079 -0.000165976 0.000089025 1.000000000 0.002249741
1.000000000 0.000150719 0.000154958 -0.001329741 -0.000150700 1.000000000 -0.000124049 0.001735664 -0.000154977 0.000124026 1.000000000 0.001780419
1.000000000 0.000159183 0.000154134 -0.001834297 -0.000159171 1.000000000 -0.000081217 0.001508477 -0.000154147 0.000081192 1.000000000 0.001621701
1.000000000 0.000213072 0.000086578 -0.001775866 -0.000213064 1.000000000 -0.000087750 0.001930277 -0.000086596 0.000087732 1.000000000 0.001532825
1.000000000 0.000204598 0.000035213 -0.000712376 -0.000204594 1.000000000 -0.000105305 0.002095322 -0.000035234 0.000105298 1.000000000 0.002973607
1.000000000 0.000193141 0.000081827 -0.001276429 -0.000193134 1.000000000 -0.000086975 0.002688298 -0.000081843 0.000086959 1.000000000 0.003433760
0.999999881 0.000426184 0.000056620 -0.001339063 -0.000426181 0.999999881 -0.000055113 0.002518578 -0.000056643 0.000055089 1.000000000 0.003944196
0.999999940 0.000339463 0.000081939 -0.001318419 -0.000339457 0.999999940 -0.000071882 0.001779045 -0.000081963 0.000071854 1.000000000 0.001844768
1.000000000 0.000151629 0.000143732 -0.001717864 -0.000151618 1.000000000 -0.000075053 0.002715236 -0.000143743 0.000075031 1.000000000 0.003438560
0.999999940 0.000215008 0.000195799 -0.002274152 -0.000215004 1.000000000 -0.000022364 0.001446290 -0.000195804 0.000022322 1.000000000 0.002607247
1.000000000 0.000174969 0.000073127 -0.001380093 -0.000174964 1.000000000 -0.000072791 0.002181790 -0.000073140 0.000072778 1.000000000 0.002307650
0.999999940 0.000243649 0.000188322 -0.002324347 -0.000243619 0.999999940 -0.000158607 0.003214267 -0.000188361 0.000158561 0.999999940 0.003062446
0.999999940 0.000206233 0.000170610 -0.001266731 -0.000206230 1.000000000 -0.000017470 0.001792796 -0.000170613 0.000017435 1.000000000 0.003104965
0.999999940 0.000181001 0.000177529 -0.001190142 -0.000180979 1.000000000 -0.000123954 0.003719273 -0.000177552 0.000123922 1.000000000 0.004089837
1.000000000 0.000220267 0.000076146 -0.000649401 -0.000220249 0.999999940 -0.000240119 0.003954144 -0.000076199 0.000240102 0.999999940 0.003890363
0.999999940 0.000203449 0.000199932 -0.001364755 -0.000203430 1.000000000 -0.000092362 0.002103347 -0.000199951 0.000092322 1.000000000 0.001817690
0.999999940 0.000299857 0.000202150 -0.002202174 -0.000299827 0.999999940 -0.000146599 0.001924385 -0.000202194 0.000146539 0.999999940 0.001492544
0.999999940 0.000264262 0.000177038 -0.001315960 -0.000264236 0.999999940 -0.000147637 0.002178492 -0.000177077 0.000147590 1.000000000 0.001980533
1.000000000 0.000160696 0.000097870 -0.000630891 -0.000160688 1.000000000 -0.000087378 0.002162198 -0.000097884 0.000087362 1.000000000 0.002030515
0.999999940 0.000264306 0.000162753 -0.002013547 -0.000264294 0.999999940 -0.000070627 0.002544637 -0.000162772 0.000070584 1.000000000 0.003376012
0.999999940 0.000304879 0.000183094 -0.001596845 -0.000304866 0.999999940 -0.000075351 0.001995815 -0.000183117 0.000075295 1.000000000 0.002136235
0.999999940 0.000245814 0.000105637 -0.000700694 -0.000245802 0.999999940 -0.000113017 0.003510125 -0.000105665 0.000112991 1.000000000 0.003079721
1.000000000 0.000143709 0.000088780 0.000114076 -0.000143699 1.000000000 -0.000106060 0.001031936 -0.000088795 0.000106047 1.000000000 0.003555150
0.999999940 0.000400134 0.000109806 0.001227830 -0.000400077 0.999999762 -0.000516219 -0.002039128 -0.000110012 0.000516175 0.999999881 0.051310476
0.999999940 0.000403807 0.000116106 0.000900620 -0.000403682 0.999999344 -0.001080845 -0.004195795 -0.000116543 0.001080798 0.999999404 0.137513354
1.000000000 0.000197832 0.000018081 0.004688465 -0.000197807 0.999999046 -0.001383807 -0.009061213 -0.000018354 0.001383803 0.999999046 0.253517896
0.999999881 0.000404602 0.000146575 0.006399500 -0.000404400 0.999998987 -0.001377037 -0.009426060 -0.000147132 0.001376978 0.999999046 0.389727235
0.999999940 0.000211047 0.000303693 0.006475720 -0.000210727 0.999999404 -0.001053154 -0.014595807 -0.000303915 0.001053090 0.999999404 0.535990357
0.999999583 0.000795254 0.000417666 0.006115588 -0.000795086 0.999999583 -0.000402604 -0.027531931 -0.000417986 0.000402272 0.999999821 0.669226468
0.999999464 0.000797043 0.000655892 0.009451163 -0.000797023 0.999999702 -0.000029812 -0.031633180 -0.000655916 0.000029289 0.999999762 0.831845105
0.999999523 0.000785305 0.000495524 0.009528868 -0.000785185 0.999999583 -0.000242416 -0.033561550 -0.000495714 0.000242027 0.999999821 1.005086184
0.999999583 0.000658093 0.000598052 0.013071375 -0.000657902 0.999999702 -0.000320706 -0.036430337 -0.000598263 0.000320313 0.999999702 1.180091977
0.999999464 0.000810156 0.000678566 0.017725600 -0.000810244 0.999999642 0.000129962 -0.045032233 -0.000678461 -0.000130512 0.999999702 1.367309570
0.999998689 0.001470387 0.000705422 0.018198781 -0.001470490 0.999998868 0.000145566 -0.046333484 -0.000705207 -0.000146603 0.999999702 1.561870813
0.999999464 0.000690632 0.000785985 0.022684470 -0.000691124 0.999999583 0.000625855 -0.060043775 -0.000785553 -0.000626398 0.999999523 1.762802124
0.999999285 0.000847795 0.000797224 0.024597142 -0.000848659 0.999999046 0.001083713 -0.069659151 -0.000796304 -0.001084389 0.999999166 1.963276148
0.999999404 0.000921164 0.000608218 0.033458471 -0.000921561 0.999999344 0.000651596 -0.070719540 -0.000607617 -0.000652156 0.999999583 2.186182976
0.999998927 0.001289349 0.000751709 0.037733428 -0.001289811 0.999998927 0.000614928 -0.075219922 -0.000750916 -0.000615897 0.999999523 2.407399654
0.999998391 0.001644235 0.000805913 0.039360855 -0.001644586 0.999998510 0.000434578 -0.078641482 -0.000805198 -0.000435902 0.999999523 2.636823893
0.999998689 0.001230861 0.001139369 0.044750977 -0.001231607 0.999999046 0.000653865 -0.088362157 -0.001138563 -0.000655267 0.999999106 2.860724926
0.999999285 0.000782385 0.000881475 0.053459253 -0.000783161 0.999999285 0.000880317 -0.095676929 -0.000880785 -0.000881007 0.999999225 3.102459908
0.999998987 0.001183186 0.000794891 0.057979733 -0.001183902 0.999998927 0.000900851 -0.101836503 -0.000793825 -0.000901791 0.999999285 3.344014406
0.999998868 0.000896872 0.001232023 0.056328677 -0.000898404 0.999998808 0.001242714 -0.117427982 -0.001230907 -0.001243819 0.999998450 3.584453583
0.999998629 0.001013874 0.001334653 0.059959918 -0.001015568 0.999998629 0.001269315 -0.123045094 -0.001333364 -0.001270668 0.999998271 3.838152885
0.999998391 0.001023241 0.001509173 0.065868959 -0.001024985 0.999998808 0.001155534 -0.126992181 -0.001507989 -0.001157079 0.999998212 4.101568699
0.999997497 0.001511028 0.001656019 0.069551207 -0.001513246 0.999997914 0.001339065 -0.130841136 -0.001653992 -0.001341567 0.999997735 4.366680622
0.999997199 0.001544240 0.001808561 0.075232461 -0.001546282 0.999998212 0.001128195 -0.138093174 -0.001806816 -0.001130989 0.999997735 4.624401569
0.999996066 0.002052423 0.001903590 0.083266854 -0.002054753 0.999997199 0.001223081 -0.143499911 -0.001901073 -0.001226988 0.999997497 4.885232925
0.999996245 0.001913013 0.001950548 0.088028684 -0.001916005 0.999996901 0.001533387 -0.151850060 -0.001947608 -0.001537119 0.999996841 5.150244236
0.999995291 0.002043917 0.002272059 0.090651914 -0.002046608 0.999997139 0.001182693 -0.155738771 -0.002269636 -0.001187337 0.999996722 5.415555954
0.999994934 0.001933338 0.002502068 0.093570039 -0.001936829 0.999997079 0.001393509 -0.167301014 -0.002499367 -0.001398348 0.999995887 5.681949615
0.999996245 0.001661627 0.002157651 0.097450569 -0.001664764 0.999997556 0.001453197 -0.176275834 -0.002155232 -0.001456784 0.999996603 5.952555656
0.999995530 0.001876151 0.002335775 0.102938585 -0.001879290 0.999997377 0.001342384 -0.183132246 -0.002333250 -0.001346767 0.999996364 6.233318329
0.999995112 0.002023907 0.002366770 0.113190703 -0.002027001 0.999997139 0.001305488 -0.187477231 -0.002364121 -0.001310279 0.999996364 6.526927948
0.999995589 0.001883261 0.002303725 0.114407375 -0.001886016 0.999997497 0.001194638 -0.192214474 -0.002301470 -0.001198977 0.999996603 6.818968296
0.999993324 0.002429011 0.002699360 0.112314880 -0.002432611 0.999996066 0.001331179 -0.207560822 -0.002696116 -0.001337736 0.999995470 7.111417294
0.999995351 0.001619602 0.002594976 0.120817170 -0.001623516 0.999997497 0.001507078 -0.218166798 -0.002592528 -0.001511284 0.999995530 7.409629345
0.999994874 0.001676856 0.002732049 0.130551502 -0.001681543 0.999997079 0.001714276 -0.232892275 -0.002729166 -0.001718861 0.999994814 7.699805737
0.999993443 0.002317236 0.002785359 0.136510730 -0.002322288 0.999995649 0.001812068 -0.246197358 -0.002781148 -0.001818524 0.999994397 8.035307884
0.999993443 0.002129337 0.002918761 0.138857171 -0.002134667 0.999996006 0.001824164 -0.254591435 -0.002914866 -0.001830383 0.999993980 8.352302551
0.999992728 0.002263843 0.003064772 0.142629117 -0.002269372 0.999995708 0.001801656 -0.260776311 -0.003060681 -0.001808598 0.999993682 8.683149338
0.999988675 0.003137947 0.003574536 0.144588634 -0.003144713 0.999993324 0.001888901 -0.269156158 -0.003568585 -0.001900121 0.999991834 9.017941475
0.999992371 0.002763333 0.002761229 0.164511859 -0.002769880 0.999993324 0.002369608 -0.292359203 -0.002754663 -0.002377239 0.999993384 9.340446472
0.999990344 0.003495767 0.002654155 0.171351522 -0.003500872 0.999992013 0.001920874 -0.301904529 -0.002647419 -0.001930148 0.999994695 9.677418709
0.999991477 0.002926179 0.002896836 0.177452222 -0.002932848 0.999993086 0.002300629 -0.307349920 -0.002890083 -0.002309106 0.999993145 10.030941963
0.999988914 0.003277912 0.003385873 0.176072329 -0.003284398 0.999992788 0.001912167 -0.317670435 -0.003379581 -0.001923267 0.999992430 10.401844025
0.999988437 0.003332611 0.003468903 0.183570191 -0.003339244 0.999992609 0.001908080 -0.327270865 -0.003462519 -0.001919641 0.999992132 10.767634392
0.999990046 0.002998191 0.003319505 0.193528712 -0.003004528 0.999993622 0.001905693 -0.334307343 -0.003313770 -0.001915648 0.999992669 11.124155045
0.999987483 0.003331390 0.003735545 0.198253557 -0.003340518 0.999991417 0.002439989 -0.349675059 -0.003727384 -0.002452437 0.999990046 11.496776581
0.999987960 0.003179052 0.003748240 0.210122079 -0.003186444 0.999992967 0.001967697 -0.351702988 -0.003741958 -0.001979617 0.999991059 11.880698204
0.999986708 0.003048050 0.004161928 0.217608005 -0.003059278 0.999991715 0.002694299 -0.377364576 -0.004153681 -0.002706996 0.999987721 12.258226395
0.999988079 0.002644626 0.004120663 0.231514245 -0.002655752 0.999992907 0.002696754 -0.387214184 -0.004113502 -0.002707665 0.999987900 12.648590088
0.999985576 0.003061427 0.004417089 0.231025457 -0.003075169 0.999990463 0.003107717 -0.398470700 -0.004407533 -0.003121254 0.999985397 13.043290138
0.999986887 0.002805468 0.004278475 0.245854914 -0.002818519 0.999991357 0.003047467 -0.412232995 -0.004269888 -0.003059486 0.999986172 13.436634064
0.999982953 0.003275165 0.004834589 0.248798996 -0.003289883 0.999989927 0.003039440 -0.421042800 -0.004824586 -0.003055293 0.999983668 13.855026245
0.999976158 0.004414238 0.005302528 0.249926522 -0.004430646 0.999985337 0.003086484 -0.431053281 -0.005288826 -0.003109904 0.999981165 14.276469231
0.999978065 0.003430024 0.005659470 0.266843379 -0.003447921 0.999989092 0.003155637 -0.444630682 -0.005648584 -0.003175081 0.999979019 14.683133125
0.999982595 0.003055938 0.005056264 0.281074166 -0.003071448 0.999990642 0.003062511 -0.452984512 -0.005046858 -0.003077988 0.999982536 15.115971565
0.999974966 0.003460370 0.006175190 0.281500518 -0.003479455 0.999989212 0.003082547 -0.466222465 -0.006164456 -0.003103956 0.999976158 15.552803040
0.999969780 0.003670059 0.006857497 0.291721106 -0.003691432 0.999988437 0.003106734 -0.475672275 -0.006846015 -0.003131954 0.999971688 16.003341675
0.999965787 0.003846793 0.007318211 0.305029690 -0.003870027 0.999987483 0.003163317 -0.491014659 -0.007305952 -0.003191530 0.999968231 16.427556992
0.999964654 0.003770380 0.007513011 0.314654708 -0.003791545 0.999988854 0.002804923 -0.502292573 -0.007502353 -0.002833310 0.999967813 16.870670319
0.999960780 0.003942007 0.007926255 0.325215936 -0.003964730 0.999988079 0.002853146 -0.514352798 -0.007914913 -0.002884460 0.999964535 17.344987869
0.999959648 0.003984175 0.008050972 0.338892668 -0.004009005 0.999987245 0.003070263 -0.523884475 -0.008038636 -0.003102415 0.999962926 17.809850693
0.999955177 0.003957907 0.008599371 0.349415660 -0.003981774 0.999988258 0.002760018 -0.533113182 -0.008588345 -0.002794134 0.999959230 18.279428482
0.999948263 0.004492986 0.009117011 0.362935156 -0.004520559 0.999985218 0.003005960 -0.552813768 -0.009103371 -0.003047019 0.999953866 18.746166229
0.999952376 0.004161500 0.008820578 0.381153822 -0.004188091 0.999986649 0.002998378 -0.561314702 -0.008807984 -0.003035177 0.999956608 19.222717285
0.999944568 0.004946665 0.009290268 0.393065572 -0.004968445 0.999984920 0.002322828 -0.571299016 -0.009278636 -0.002368857 0.999954164 19.702590942
0.999942660 0.004781277 0.009574375 0.413797557 -0.004820249 0.999980152 0.004051352 -0.604984939 -0.009554814 -0.004097270 0.999945939 20.180717468
0.999943197 0.004563194 0.009633870 0.430794090 -0.004605060 0.999979973 0.004327870 -0.619293332 -0.009613930 -0.004371988 0.999944210 20.671493530
0.999952734 0.003636729 0.009013542 0.448280275 -0.003668879 0.999986947 0.003552886 -0.627282441 -0.009000503 -0.003585788 0.999953091 21.155956268
0.999957144 0.003547255 0.008541062 0.464102089 -0.003577077 0.999987543 0.003478937 -0.636200488 -0.008528614 -0.003509340 0.999957561 21.660192490
0.999960423 0.003606013 0.008129735 0.474075496 -0.003636966 0.999986172 0.003795691 -0.657158792 -0.008115937 -0.003825109 0.999959707 22.176656723
0.999963939 0.003611254 0.007684427 0.493086994 -0.003642533 0.999985099 0.004060268 -0.672222614 -0.007669650 -0.004088112 0.999962270 22.686769485
0.999970376 0.003526842 0.006844011 0.504303277 -0.003552888 0.999986410 0.003797177 -0.685162425 -0.006830527 -0.003821380 0.999969304 23.194168091
0.999971867 0.003628743 0.006569437 0.516927123 -0.003654179 0.999985814 0.003863847 -0.698551714 -0.006555323 -0.003887744 0.999970913 23.721160889
0.999970078 0.003420018 0.006938497 0.518357396 -0.003447278 0.999986351 0.003920590 -0.713023305 -0.006924994 -0.003944391 0.999968231 24.230091095
0.999977708 0.003286966 0.005811976 0.531244040 -0.003308360 0.999987900 0.003675325 -0.727414727 -0.005799825 -0.003694472 0.999976337 24.764123917
0.999978721 0.004195233 0.005002539 0.545355260 -0.004211830 0.999985695 0.003311962 -0.734287143 -0.004988573 -0.003332961 0.999981999 25.300041199
0.999976933 0.005157429 0.004425272 0.561470211 -0.005169872 0.999982715 0.002804822 -0.736285508 -0.004410731 -0.002827636 0.999986291 25.870315552
0.999981940 0.004097524 0.004402739 0.567558944 -0.004112908 0.999985456 0.003490990 -0.764201164 -0.004388370 -0.003509035 0.999984205 26.398977280
0.999985456 0.003398672 0.004202058 0.582754076 -0.003414459 0.999987185 0.003755335 -0.770994425 -0.004189241 -0.003769628 0.999984086 26.958572388
0.999986589 0.003584994 0.003744395 0.589413524 -0.003599521 0.999985933 0.003880206 -0.786029875 -0.003730432 -0.003893632 0.999985516 27.529096603
0.999981761 0.004448551 0.004087554 0.592108965 -0.004464030 0.999982834 0.003785499 -0.813926935 -0.004070645 -0.003803677 0.999984443 28.037467957
0.999976695 0.005301778 0.004291786 0.600612700 -0.005317163 0.999979496 0.003581546 -0.821124375 -0.004272710 -0.003604283 0.999984384 28.594379425
0.999983609 0.004509604 0.003531654 0.622673452 -0.004523600 0.999981880 0.003965273 -0.836354494 -0.003513709 -0.003981184 0.999985874 29.123304367
0.999983311 0.004828832 0.003201600 0.639006793 -0.004842833 0.999978721 0.004379788 -0.859492302 -0.003180383 -0.004395219 0.999985278 29.612289429
0.999982715 0.004945789 0.003177425 0.645144641 -0.004958041 0.999980211 0.003859281 -0.861920655 -0.003158276 -0.003874967 0.999987483 30.205633163
0.999978185 0.005733939 0.003269140 0.653473616 -0.005746682 0.999975801 0.003902279 -0.874643266 -0.003246686 -0.003920979 0.999987006 30.763956070
0.999984980 0.004826938 0.002601889 0.666732788 -0.004837714 0.999979675 0.004151703 -0.894695044 -0.002581796 -0.004164229 0.999988019 31.284433365
0.999978125 0.006025495 0.002718663 0.676353037 -0.006037114 0.999972641 0.004286310 -0.908508658 -0.002692762 -0.004302630 0.999987125 31.826839447
0.999978304 0.005840383 0.003051606 0.676476419 -0.005852569 0.999974787 0.004000110 -0.923235655 -0.003028168 -0.004017883 0.999987304 32.375614166
0.999980211 0.005733846 0.002611937 0.685436130 -0.005744789 0.999974608 0.004201744 -0.935026944 -0.002587779 -0.004216665 0.999987781 32.920166016
0.999976158 0.005720547 0.003848391 0.689066112 -0.005739147 0.999971807 0.004840061 -0.960159242 -0.003820595 -0.004862031 0.999980927 33.473911285
0.999983728 0.005224695 0.002297552 0.718209922 -0.005233729 0.999978542 0.003943540 -0.960258305 -0.002276899 -0.003955499 0.999989569 34.021320343
0.999985933 0.005011304 0.001745110 0.731074691 -0.005018073 0.999979734 0.003896943 -0.972767651 -0.001725546 -0.003905645 0.999990821 34.564739227
0.999986708 0.004995884 0.001287074 0.742353439 -0.005000885 0.999979794 0.003912572 -0.992671847 -0.001267502 -0.003918956 0.999991477 35.084075928
0.999987602 0.004832753 0.001219170 0.764523208 -0.004837138 0.999981761 0.003619180 -0.995325923 -0.001201658 -0.003625033 0.999992728 35.640911102
0.999986529 0.004987191 0.001429194 0.773710370 -0.004992574 0.999980330 0.003787036 -1.008541226 -0.001410280 -0.003794120 0.999991775 36.198856354
0.999984145 0.005479462 0.001254838 0.784754038 -0.005483753 0.999979079 0.003441849 -1.017582774 -0.001235952 -0.003448676 0.999993324 36.756755829
0.999981821 0.005881513 0.001297387 0.789570570 -0.005885963 0.999976695 0.003453834 -1.030852318 -0.001277043 -0.003461408 0.999993205 37.302707672
0.999984741 0.005256570 0.001661383 0.804374516 -0.005263056 0.999978423 0.003924402 -1.053337216 -0.001640718 -0.003933086 0.999990940 37.810600281
0.999985754 0.005309709 0.000474876 0.823227465 -0.005311544 0.999978006 0.003950993 -1.065732360 -0.000453887 -0.003953459 0.999992132 38.358642578
0.999985039 0.005390583 0.000984941 0.828690171 -0.005393872 0.999979734 0.003367449 -1.071480036 -0.000966769 -0.003372711 0.999993861 38.920875549
0.999984145 0.005484923 0.001207715 0.842294693 -0.005489843 0.999976516 0.004109020 -1.092790127 -0.001185148 -0.004115584 0.999990821 39.443893433
0.999985099 0.005333324 0.001119684 0.853474975 -0.005337883 0.999977350 0.004109174 -1.106819153 -0.001097743 -0.004115089 0.999990940 39.992820740
0.999987721 0.004844682 0.001064488 0.876957893 -0.004848957 0.999980032 0.004051137 -1.125632644 -0.001044841 -0.004056250 0.999991238 40.534687042
0.999989152 0.004639134 0.000433643 0.896223366 -0.004640740 0.999982119 0.003778034 -1.136757970 -0.000416109 -0.003780006 0.999992788 41.084152222
0.999986589 0.005143251 0.000736574 0.901091576 -0.005146180 0.999978602 0.004031781 -1.149949670 -0.000715822 -0.004035518 0.999991536 41.632911682
0.999985337 0.005404897 0.000390950 0.919116616 -0.005406293 0.999978662 0.003661925 -1.158986330 -0.000371149 -0.003663985 0.999993145 42.183353424
0.999988317 0.004755393 0.000873454 0.911687970 -0.004759147 0.999979198 0.004349364 -1.182353258 -0.000852753 -0.004353471 0.999990165 42.709091187
0.999989390 0.004553732 0.000762640 0.920906246 -0.004557420 0.999977469 0.004906717 -1.197435379 -0.000740279 -0.004910141 0.999987721 43.250476837
0.999989569 0.004551183 0.000443890 0.942920506 -0.004553304 0.999977589 0.004904319 -1.209734321 -0.000421560 -0.004906289 0.999987900 43.808032990
0.999988794 0.004630809 0.001001822 0.942182064 -0.004635015 0.999980271 0.004237275 -1.213842511 -0.000982182 -0.004241871 0.999990463 44.367542267
0.999986410 0.005028280 0.001391422 0.958035409 -0.005034283 0.999977887 0.004344827 -1.223204017 -0.001369545 -0.004351773 0.999989510 44.881107330
0.999986827 0.005045167 0.000965449 0.974058747 -0.005048898 0.999979556 0.003901717 -1.230553389 -0.000945744 -0.003906540 0.999991894 45.438671112
0.999989510 0.004529812 0.000726764 0.988913357 -0.004532819 0.999980927 0.004189230 -1.249194384 -0.000707773 -0.004192480 0.999990940 45.993133545
0.999987543 0.004760818 0.001495005 0.977905214 -0.004766019 0.999982536 0.003494031 -1.249695063 -0.001478344 -0.003501113 0.999992788 46.525382996
0.999985576 0.005194966 0.001330952 0.994273663 -0.005199709 0.999979973 0.003583294 -1.258736849 -0.001312310 -0.003590163 0.999992728 47.073131561
0.999987185 0.005002659 0.000683858 1.004794598 -0.005005093 0.999980986 0.003602999 -1.272697568 -0.000665821 -0.003606375 0.999993265 47.634151459
0.999986410 0.004981123 0.001554983 1.011888266 -0.004987260 0.999979675 0.003968516 -1.305395603 -0.001535183 -0.003976217 0.999990940 48.129302979
0.999986231 0.005059404 0.001393721 1.023238778 -0.005065301 0.999978125 0.004260188 -1.316947341 -0.001372136 -0.004267190 0.999989986 48.681640625
0.999989212 0.004420956 0.001442540 1.032250762 -0.004426901 0.999981642 0.004143836 -1.329252958 -0.001424194 -0.004150176 0.999990404 49.231800079
0.999985397 0.004973905 0.002076109 1.047532320 -0.004982122 0.999979675 0.003972031 -1.343809605 -0.002056310 -0.003982317 0.999989927 49.747905731
0.999982357 0.005450090 0.002335115 1.052157283 -0.005458328 0.999978840 0.003536309 -1.352147222 -0.002315792 -0.003548994 0.999991000 50.291973114
0.999985993 0.005069932 0.001502808 1.071125507 -0.005076349 0.999977887 0.004296984 -1.372171402 -0.001480989 -0.004304552 0.999989629 50.828052521
0.999980032 0.005990941 0.002021876 1.068240523 -0.005998875 0.999974251 0.003941292 -1.381495714 -0.001998211 -0.003953344 0.999990165 51.312305450
0.999975383 0.006571689 0.002467816 1.076489210 -0.006581805 0.999969900 0.004114321 -1.391469002 -0.002440703 -0.004130462 0.999988437 51.875274658
0.999980927 0.005638552 0.002512712 1.094835997 -0.005648001 0.999976873 0.003768617 -1.405957341 -0.002491405 -0.003782737 0.999989748 52.375560760
0.999979556 0.005944552 0.002333375 1.098997593 -0.005954156 0.999973714 0.004130880 -1.420642495 -0.002308757 -0.004144689 0.999988675 52.891605377
0.999973953 0.006754544 0.002520035 1.107702971 -0.006764282 0.999969602 0.003875731 -1.432390809 -0.002493779 -0.003892676 0.999989271 53.456542969
0.999977231 0.006239936 0.002535255 1.125455976 -0.006249555 0.999973178 0.003804723 -1.440832496 -0.002511446 -0.003820482 0.999989569 53.970664978
0.999973595 0.006716709 0.002767113 1.127361894 -0.006727573 0.999969602 0.003935264 -1.457805157 -0.002740598 -0.003953776 0.999988437 54.503150940
0.999973059 0.006898864 0.002504213 1.140911102 -0.006907362 0.999970317 0.003400591 -1.468452692 -0.002480680 -0.003417797 0.999991059 55.055015564
0.999973774 0.006677415 0.002778629 1.156731725 -0.006687835 0.999970496 0.003757538 -1.484926343 -0.002753457 -0.003776023 0.999989092 55.565715790
0.999973834 0.006605166 0.002945895 1.163900733 -0.006614960 0.999972522 0.003327254 -1.494294047 -0.002923838 -0.003346654 0.999990106 56.108833313
0.999977231 0.006210465 0.002644847 1.177813530 -0.006220125 0.999973953 0.003660237 -1.509122372 -0.002622046 -0.003676604 0.999989808 56.653472900
0.999974191 0.006620814 0.002783779 1.190136909 -0.006631109 0.999971151 0.003706008 -1.525215387 -0.002759162 -0.003724372 0.999989271 57.185302734
0.999974906 0.006574953 0.002632322 1.198777080 -0.006584743 0.999971330 0.003728265 -1.535776615 -0.002607733 -0.003745504 0.999989569 57.713745117
0.999972761 0.006821723 0.002820057 1.215374589 -0.006831110 0.999971092 0.003332347 -1.544551253 -0.002797243 -0.003351521 0.999990404 58.258205414
0.999974310 0.006607269 0.002771481 1.227225661 -0.006616870 0.999972105 0.003470162 -1.551355720 -0.002748475 -0.003488411 0.999990165 58.754795074
0.999971986 0.006874209 0.002936951 1.240236759 -0.006883853 0.999970913 0.003286128 -1.568824887 -0.002914276 -0.003306254 0.999990284 59.302455902
0.999978125 0.006011492 0.002751066 1.250334978 -0.006020850 0.999976099 0.003405790 -1.583662629 -0.002730525 -0.003422281 0.999990404 59.808998108
0.999976099 0.006190056 0.003099245 1.260664701 -0.006200499 0.999975145 0.003371311 -1.592836857 -0.003078300 -0.003390447 0.999989569 60.370590210
0.999976277 0.006373779 0.002609556 1.273708344 -0.006381743 0.999974906 0.003054472 -1.608574033 -0.002590022 -0.003071053 0.999991953 60.893009186
0.999976873 0.006272587 0.002624172 1.291091681 -0.006280277 0.999975920 0.002931670 -1.621872067 -0.002605719 -0.002948083 0.999992251 61.437458038
0.999972641 0.006757861 0.002999511 1.292982578 -0.006767031 0.999972403 0.003058062 -1.636794925 -0.002978762 -0.003078276 0.999990821 61.967330933
0.999971092 0.007042039 0.002855054 1.310288787 -0.007048906 0.999972224 0.002402452 -1.644511580 -0.002838057 -0.002422508 0.999993026 62.516834259
0.999965608 0.007577055 0.003375788 1.313997269 -0.007587732 0.999966323 0.003161754 -1.661784887 -0.003351717 -0.003187260 0.999989271 63.028648376
0.999960482 0.007931303 0.004013573 1.320834041 -0.007943075 0.999964118 0.002925176 -1.678282738 -0.003990228 -0.002956941 0.999987662 63.583869934
0.999968052 0.007205206 0.003469147 1.338785291 -0.007216348 0.999968827 0.003209948 -1.689843893 -0.003445910 -0.003234880 0.999988854 64.086303711
0.999966204 0.007433426 0.003540879 1.348305225 -0.007443900 0.999967933 0.002954070 -1.703709841 -0.003518807 -0.002980329 0.999989390 64.631034851
0.999967456 0.007238621 0.003543170 1.355804563 -0.007249370 0.999969125 0.003030382 -1.714784026 -0.003521124 -0.003055969 0.999989092 65.135040283
0.999965072 0.007568864 0.003531969 1.368631124 -0.007577354 0.999968410 0.002396768 -1.720781922 -0.003513716 -0.002423448 0.999990880 65.683731079
0.999971569 0.006700420 0.003460208 1.383336306 -0.006710057 0.999973595 0.002781200 -1.736997485 -0.003441482 -0.002804339 0.999990165 66.194755554
0.999967158 0.007118908 0.003864210 1.392534018 -0.007128558 0.999971449 0.002489367 -1.753203630 -0.003846378 -0.002516832 0.999989510 66.741859436
0.999967992 0.007115314 0.003635042 1.404682398 -0.007125461 0.999970734 0.002786234 -1.761613131 -0.003615110 -0.002812047 0.999989510 67.244674683
0.999965847 0.007371163 0.003698823 1.417082548 -0.007381178 0.999969125 0.002701553 -1.775987148 -0.003678795 -0.002728763 0.999989510 67.780502319
0.999973714 0.006308718 0.003576176 1.431507707 -0.006318031 0.999976695 0.002598317 -1.790700912 -0.003559700 -0.002620843 0.999990225 68.298690796
0.999974370 0.006380362 0.003265749 1.442677140 -0.006389149 0.999975979 0.002686619 -1.804823875 -0.003248530 -0.002707416 0.999991059 68.845275879
0.999971747 0.006232882 0.004208664 1.453754902 -0.006245069 0.999976337 0.002888567 -1.822263241 -0.004190561 -0.002914768 0.999986947 69.399360657
0.999975383 0.006095456 0.003452923 1.465099573 -0.006103120 0.999978900 0.002213792 -1.829550147 -0.003439354 -0.002234811 0.999991596 69.858963013
0.999979734 0.005617116 0.002996396 1.481128454 -0.005624456 0.999981165 0.002446718 -1.846384287 -0.002982595 -0.002463521 0.999992549 70.406333923
0.999973595 0.006219131 0.003756617 1.487897635 -0.006227653 0.999978065 0.002260923 -1.860184550 -0.003742475 -0.002284258 0.999990344 70.906265259
0.999974489 0.006185943 0.003559048 1.502267838 -0.006194151 0.999978185 0.002299491 -1.877120018 -0.003544746 -0.002321477 0.999991000 71.448150635
0.999974370 0.006137519 0.003682497 1.513963103 -0.006145073 0.999979019 0.002043145 -1.885282040 -0.003669880 -0.002065721 0.999991119 71.969604492
0.999980330 0.005155169 0.003569248 1.530951858 -0.005162139 0.999984741 0.001946693 -1.898638725 -0.003559158 -0.001965080 0.999991715 72.520492554
0.999975801 0.005924911 0.003653542 1.539555669 -0.005934276 0.999979138 0.002557525 -1.913511872 -0.003638312 -0.002579144 0.999990046 73.025535583
0.999973357 0.006092825 0.004030309 1.550777435 -0.006101320 0.999979198 0.002098709 -1.923238516 -0.004017437 -0.002123244 0.999989748 73.583671570
0.999978662 0.005557471 0.003444509 1.566617250 -0.005565467 0.999981821 0.002316436 -1.933281422 -0.003431574 -0.002335557 0.999991357 74.135360718
0.999973953 0.006096037 0.003865787 1.578373909 -0.006103424 0.999979556 0.001902009 -1.951814413 -0.003854114 -0.001925554 0.999990702 74.595359802
0.999974191 0.005892051 0.004116213 1.593320608 -0.005902014 0.999979734 0.002412561 -1.967235923 -0.004101915 -0.002436792 0.999988556 75.144752502
0.999970019 0.006625324 0.004001370 1.601676702 -0.006632050 0.999976635 0.001670040 -1.978735685 -0.003990213 -0.001696527 0.999990582 75.652450562
0.999971032 0.006316711 0.004234901 1.620474100 -0.006320854 0.999979615 0.000966030 -1.989315152 -0.004228713 -0.000992771 0.999990582 76.201835632
0.999965012 0.006998914 0.004579579 1.627708673 -0.007004667 0.999974668 0.001241273 -2.006643295 -0.004570777 -0.001273308 0.999988675 76.727592468
0.999968886 0.006608687 0.004308548 1.636300683 -0.006616550 0.999976397 0.001813340 -2.022293806 -0.004296463 -0.001841792 0.999989033 77.257659912
0.999968827 0.006742449 0.004116083 1.652793765 -0.006749149 0.999975860 0.001615845 -2.037047863 -0.004105090 -0.001643574 0.999990225 77.799758911
0.999958277 0.007601765 0.005069155 1.654860854 -0.007610023 0.999969661 0.001611451 -2.049549818 -0.005056753 -0.001649960 0.999985814 78.339027405
0.999969900 0.006394093 0.004397180 1.680105805 -0.006401292 0.999978185 0.001625335 -2.057714939 -0.004386690 -0.001653434 0.999989033 78.849792480
0.999975979 0.005585443 0.004098157 1.699791431 -0.005590875 0.999983490 0.001315498 -2.073221445 -0.004090741 -0.001338379 0.999990821 79.390785217
0.999963343 0.006602604 0.005449366 1.709881067 -0.006610351 0.999977291 0.001404805 -2.082316875 -0.005439966 -0.001440775 0.999984145 79.933464050
0.999945164 0.007647470 0.007142971 1.717808485 -0.007656469 0.999969959 0.001233398 -2.101184368 -0.007133324 -0.001288021 0.999973714 80.476837158
0.999950051 0.006510061 0.007585819 1.745808601 -0.006517977 0.999978244 0.001019343 -2.107748032 -0.007579018 -0.001068736 0.999970734 81.012428284
0.999918461 0.007950886 0.009987622 1.751010060 -0.007963485 0.999967515 0.001222356 -2.122463703 -0.009977579 -0.001301793 0.999949396 81.562339783
0.999900639 0.006949385 0.012264079 1.775441408 -0.006957591 0.999975622 0.000626514 -2.135701656 -0.012259427 -0.000711780 0.999924600 82.088401794
0.999843836 0.007013180 0.016222715 1.793093920 -0.007022887 0.999975264 0.000541516 -2.147087812 -0.016218515 -0.000655362 0.999868274 82.630760193
0.999792099 0.007437539 0.018984620 1.818026662 -0.007468326 0.999970973 0.001551295 -2.187688589 -0.018972531 -0.001692756 0.999818563 83.101829529
0.999717772 0.006286327 0.022907531 1.846176982 -0.006311363 0.999979556 0.001020784 -2.179284096 -0.022900647 -0.001165073 0.999737024 83.691673279
0.999563515 0.006349354 0.028851096 1.875091076 -0.006384512 0.999979019 0.001126668 -2.187901735 -0.028843336 -0.001310377 0.999583066 84.245765686
0.999373972 0.006228982 0.034826662 1.922304511 -0.006242096 0.999980509 0.000267848 -2.198448896 -0.034824315 -0.000485072 0.999393344 84.786582947
0.999124348 0.006360763 0.041352354 1.955253601 -0.006389052 0.999979496 0.000551961 -2.210395336 -0.041347995 -0.000815680 0.999144435 85.335777283
0.998780370 0.005989876 0.049011216 2.014638662 -0.006035143 0.999981463 0.000775670 -2.235911369 -0.049005669 -0.001070514 0.998797894 85.915336609
0.998347044 0.005410166 0.057217706 2.068208218 -0.005414460 0.999985337 -0.000080012 -2.240298748 -0.057217296 -0.000229923 0.998361647 86.486557007
0.997898459 0.005363253 0.064574204 2.117561102 -0.005387589 0.999985456 0.000202749 -2.254738569 -0.064572185 -0.000550223 0.997912824 87.037872314
0.997283459 0.005389879 0.073460944 2.171251774 -0.005408682 0.999985397 0.000057034 -2.264028549 -0.073459566 -0.000454206 0.997298062 87.571212769
0.996465862 0.005580104 0.083812833 2.231686592 -0.005598935 0.999984384 -0.000010366 -2.272101879 -0.083811574 -0.000458934 0.996481478 88.100440979
0.995670974 0.005443101 0.092787921 2.305685997 -0.005422099 0.999985158 -0.000478444 -2.277854681 -0.092789151 -0.000026732 0.995685816 88.670051575
0.995020449 0.004545480 0.099566922 2.380358219 -0.004483366 0.999989510 -0.000847598 -2.296335697 -0.099569738 0.000396983 0.995030463 89.248107910
0.994000316 0.004591554 0.109280974 2.463936806 -0.004524081 0.999989271 -0.000865370 -2.308372021 -0.109283790 0.000365782 0.994010568 89.794921875
0.992758095 0.004791141 0.120034583 2.549564362 -0.004683446 0.999988377 -0.001179298 -2.318231583 -0.120038837 0.000608583 0.992769003 90.335334778
0.991533399 0.003435884 0.129806280 2.649481773 -0.003261700 0.999993443 -0.001554449 -2.315818310 -0.129810765 0.001117899 0.991538167 90.916748047
0.989979446 0.003812391 0.141159773 2.743847847 -0.003672606 0.999992430 -0.001250767 -2.330612659 -0.141163453 0.000719810 0.989986062 91.450614929
0.988079667 0.003298412 0.153908074 2.844771385 -0.003134288 0.999994159 -0.001309008 -2.346482515 -0.153911501 0.000811012 0.988084316 92.017311096
0.986308277 0.003074127 0.164882913 2.956573486 -0.002938183 0.999995053 -0.001068373 -2.359912634 -0.164885342 0.000569289 0.986312568 92.563888550
0.984480619 0.003077983 0.175466418 3.073840141 -0.002901949 0.999994993 -0.001259818 -2.383378029 -0.175469384 0.000731072 0.984484613 93.120292664
0.982080817 0.003015316 0.188436389 3.195643425 -0.002903831 0.999995410 -0.000867700 -2.401601315 -0.188438147 0.000304964 0.982085049 93.661712646
0.979764163 0.002504966 0.200139970 3.334771156 -0.002336180 0.999996722 -0.001079509 -2.416166782 -0.200142026 0.000590101 0.979766726 94.187950134
0.977641046 0.002040798 0.210270613 3.464944839 -0.001768332 0.999997258 -0.001483797 -2.427229404 -0.210273042 0.001078792 0.977642059 94.725784302
0.974782228 0.001463113 0.223153561 3.618259430 -0.001165705 0.999998212 -0.001464476 -2.443452597 -0.223155305 0.001167413 0.974782228 95.264518738
0.971553504 0.002252440 0.236809269 3.761743546 -0.002094614 0.999997377 -0.000918053 -2.463130713 -0.236810684 0.000395914 0.971555769 95.798652649
0.968679786 0.000866317 0.248311713 3.890663147 -0.000525871 0.999998808 -0.001437370 -2.489130974 -0.248312667 0.001261771 0.968679130 96.355239868
0.965708971 0.000590092 0.259626389 4.054521561 -0.000303153 0.999999225 -0.001145236 -2.507519245 -0.259626865 0.001027258 0.965708494 96.885108948
0.962168097 -0.000003438 0.272456259 4.230937958 0.000225100 0.999999642 -0.000782314 -2.519356728 -0.272456169 0.000814048 0.962167799 97.403831482
0.958336711 -0.000138008 0.285640836 4.444360733 0.000579220 0.999998748 -0.001460156 -2.542235613 -0.285640299 0.001564770 0.958335638 98.192947388
0.954906404 -0.000777852 0.296905935 4.631019592 0.001310082 0.999997795 -0.001593619 -2.559578657 -0.296904057 0.001910728 0.954905331 98.706306458
0.949933708 0.000263152 0.312451363 4.793722153 0.000161388 0.999999106 -0.001332880 -2.571421623 -0.312451482 0.001316573 0.949932814 99.203254700
0.945346177 -0.000587957 0.326067984 5.005952835 0.000993860 0.999998927 -0.001078256 -2.584289074 -0.326067030 0.001343391 0.945345759 99.728553772
0.941315532 -0.000841290 0.337526768 5.218353271 0.001426616 0.999997914 -0.001486125 -2.592049599 -0.337524861 0.001880434 0.941314816 100.239784241
0.936575353 -0.000290231 0.350466162 5.435874939 0.000666740 0.999999344 -0.000953649 -2.611386776 -0.350465655 0.001126834 0.936574936 100.770126343
0.932084322 -0.004710118 0.362210810 5.660259247 0.005385838 0.999985158 -0.000855874 -2.643267870 -0.362201393 0.002748555 0.932095826 101.170448303
0.927291274 -0.005780384 0.374295950 5.893129349 0.006606138 0.999977767 -0.000923224 -2.656757116 -0.374282271 0.003328749 0.927308798 101.671836853
0.922459543 -0.005896525 0.386048734 6.125560760 0.006689495 0.999977469 -0.000710784 -2.669330359 -0.386035800 0.003238140 0.922478139 102.186843872
0.916247547 -0.006653346 0.400557518 6.353050232 0.007656532 0.999970376 -0.000904068 -2.677399158 -0.400539607 0.003895232 0.916271150 102.693763733
0.910734773 -0.007288233 0.412927538 6.618541718 0.008065718 0.999967515 -0.000139816 -2.702750206 -0.412913054 0.003457892 0.910763979 103.129592896
0.905636847 -0.006384247 0.424006075 6.866268158 0.007222688 0.999973834 -0.000370401 -2.711801052 -0.423992604 0.003397912 0.905659199 103.592720032
0.899849594 -0.006822735 0.436147064 7.123817444 0.007587709 0.999971211 -0.000012054 -2.728255272 -0.436134398 0.003320203 0.899875402 104.073715210
0.893306732 -0.007023111 0.449392706 7.396465302 0.007762108 0.999969780 0.000197946 -2.743448734 -0.449380577 0.003311408 0.893334270 104.566238403
0.887217879 -0.007518955 0.461289436 7.678707123 0.008482694 0.999963999 -0.000015856 -2.752832651 -0.461272776 0.003927044 0.887249649 105.069885254
0.881029189 -0.007921232 0.472995549 7.925270081 0.008769698 0.999961376 0.000411350 -2.774360180 -0.472980618 0.003785617 0.881064713 105.445510864
0.873432159 -0.007766599 0.486883849 8.215476990 0.008474469 0.999963820 0.000748522 -2.791616917 -0.486872047 0.003472299 0.873466432 105.914634705
