1.000000000 0.000000000 0.000000000 0.000000000 0.000000000 1.000000000 0.000000000 0.000000000 0.000000000 0.000000000 1.000000000 0.000000000
1.000000000 0.000041565 -0.000033876 0.000828642 -0.000041563 1.000000000 0.000030729 0.000057756 0.000033877 -0.000030727 1.000000000 -0.003579920
1.000000000 0.000125394 0.000080261 -0.001932813 -0.000125391 1.000000000 -0.000027490 -0.000439853 -0.000080265 0.000027480 1.000000000 -0.002596244
1.000000000 -0.000019771 -0.000060103 0.004467655 0.000019774 1.000000000 0.000047672 -0.000624403 0.000060102 -0.000047673 1.000000000 -0.003275091
1.000000000 -0.000005363 0.000011320 0.000783940 0.000005363 1.000000000 0.000006558 -0.000186104 -0.000011320 -0.000006558 1.000000000 -0.002255306
1.000000000 0.000009054 0.000026539 -0.000437512 -0.000009054 1.000000000 0.000004554 -0.000184326 -0.000026539 -0.000004554 1.000000000 -0.000897419
1.000000000 0.000006608 0.000033380 0.000708785 -0.000006612 1.000000000 0.000114295 -0.000410712 -0.000033379 -0.000114296 1.000000000 -0.003196357
1.000000000 -0.000065982 0.000041716 -0.000513989 0.000065980 1.000000000 0.000056954 0.000117936 -0.000041720 -0.000056951 1.000000000 0.002725729
1.000000000 0.000057347 0.000006062 0.000305235 -0.000057347 1.000000000 0.000028922 -0.000328529 -0.000006061 -0.000028922 1.000000000 -0.004402826
1.000000000 -0.000009123 0.000056361 0.000151508 0.000009119 1.000000000 0.000074721 -0.000327346 -0.000056362 -0.000074720 1.000000000 -0.004695415
1.000000000 0.000050663 0.000046550 -0.000259948 -0.000050665 1.000000000 0.000039219 -0.000194703 -0.000046548 -0.000039221 1.000000000 -0.001935698
1.000000000 -0.000080926 0.000014614 0.000007938 0.000080926 1.000000000 0.000044997 -0.001357844 -0.000014618 -0.000044996 1.000000000 -0.006389733
1.000000000 -0.000085691 0.000095302 -0.000186126 0.000085684 1.000000000 0.000077202 -0.000668196 -0.000095309 -0.000077194 1.000000000 -0.002286346
1.000000000 -0.000049731 0.000066143 0.000261094 0.000049726 1.000000000 0.000074828 -0.000761769 -0.000066147 -0.000074825 1.000000000 -0.004962068
1.000000000 -0.000091525 0.000061089 -0.000157039 0.000091519 1.000000000 0.000095876 -0.000380678 -0.000061098 -0.000095870 1.000000000 -0.003571508
1.000000000 -0.000135041 0.000008829 -0.000689820 0.000135040 1.000000000 0.000065548 -0.000258272 -0.000008838 -0.000065547 1.000000000 -0.004226735
1.000000000 -0.000093278 0.000029020 -0.000175867 0.000093277 1.000000000 0.000051204 -0.000113137 -0.000029025 -0.000051201 1.000000000 -0.004728587
1.000000000 0.000077367 0.000031853 0.000832422 -0.000077370 1.000000000 0.000110767 -0.001188984 -0.000031844 -0.000110770 1.000000000 -0.007480583
1.000000000 -0.000232920 -0.000026980 0.002725098 0.000232924 0.999999940 0.000156938 -0.002714385 0.000026944 -0.000156944 1.000000000 -0.007071773
1.000000000 -0.000100378 -0.000007954 0.000579389 0.000100379 1.000000000 0.000086870 -0.002766865 0.000007946 -0.000086871 1.000000000 -0.006326222
1.000000000 -0.000160506 -0.000051796 0.003017214 0.000160512 1.000000000 0.000125857 -0.003806095 0.000051776 -0.000125865 1.000000000 -0.007317139
1.000000000 -0.000070849 0.000095719 -0.001154879 0.000070843 1.000000000 0.000063268 -0.000417577 -0.000095723 -0.000063262 1.000000000 -0.002617596
1.000000000 -0.000064133 0.000021990 -0.000024930 0.000064128 1.000000000 0.000198781 -0.002534934 -0.000022003 -0.000198780 1.000000000 -0.009792999
1.000000000 -0.000213514 0.000006383 0.000234243 0.000213512 0.999999940 0.000178740 -0.002570782 -0.000006421 -0.000178739 1.000000000 -0.005618795
1.000000000 0.000037260 0.000009213 0.000470404 -0.000037261 1.000000000 0.000115404 -0.000489524 -0.000009209 -0.000115405 1.000000000 -0.006295723
0.999999940 -0.000259523 -0.000011017 0.001307666 0.000259526 0.999999940 0.000265187 -0.002613937 0.000010949 -0.000265190 0.999999940 -0.009737574
1.000000000 -0.000006910 0.000028636 0.000537726 0.000006908 1.000000000 0.000101400 -0.002808890 -0.000028636 -0.000101400 1.000000000 -0.004627715
1.000000000 -0.000071802 0.000030643 -0.000064365 0.000071797 1.000000000 0.000167152 -0.001349319 -0.000030655 -0.000167150 1.000000000 -0.003747741
1.000000000 -0.000197025 0.000028356 -0.001135503 0.000197023 1.000000000 0.000097918 -0.000019106 -0.000028375 -0.000097912 1.000000000 -0.003826358
1.000000000 -0.000142692 0.000016422 -0.000488865 0.000142691 1.000000000 0.000115101 -0.000686417 -0.000016438 -0.000115098 1.000000000 -0.002379269
1.000000000 -0.000102663 0.000073162 -0.002111830 0.000102653 1.000000000 0.000130633 -0.000358098 -0.000073176 -0.000130626 1.000000000 -0.001342104
1.000000000 -0.000059497 0.000018753 -0.001612557 0.000059495 1.000000000 0.000110554 -0.001980506 -0.000018759 -0.000110553 1.000000000 -0.005097045
1.000000000 -0.000168922 -0.000002209 0.000204427 0.000168923 1.000000000 0.000164088 -0.002781994 0.000002181 -0.000164088 1.000000000 -0.005582820
1.000000000 0.000166087 0.000089129 -0.001191674 -0.000166095 1.000000000 0.000094587 -0.000113350 -0.000089113 -0.000094602 1.000000000 -0.001732524
1.000000000 -0.000058094 0.000021430 -0.000167094 0.000058093 1.000000000 0.000058981 -0.000511556 -0.000021434 -0.000058979 1.000000000 -0.002516198
1.000000000 -0.000090355 0.000007096 -0.000599747 0.000090355 1.000000000 0.000048546 -0.001100208 -0.000007101 -0.000048545 1.000000000 -0.004304518
1.000000000 -0.000162696 -0.000024993 0.001504976 0.000162698 1.000000000 0.000080781 -0.001466713 0.000024980 -0.000080785 1.000000000 -0.007826711
1.000000000 -0.000206757 -0.000025035 0.000975428 0.000206758 1.000000000 0.000063540 0.000045177 0.000025022 -0.000063545 1.000000000 -0.004574893
1.000000000 -0.000030348 -0.000000306 0.000024404 0.000030348 1.000000000 0.000157884 -0.000558289 0.000000301 -0.000157884 1.000000000 -0.004305495
1.000000000 -0.000212753 -0.000080405 0.002779430 0.000212765 0.999999940 0.000149001 -0.003612418 0.000080373 -0.000149018 1.000000000 -0.006713639
1.000000000 -0.000199890 -0.000061941 0.002977812 0.000199863 0.999999881 -0.000436272 -0.006854676 0.000062028 0.000436260 0.999999881 0.048054215
1.000000000 -0.000224224 -0.000088003 0.007355322 0.000224128 0.999999404 -0.001084979 -0.006259443 0.000088246 0.001084960 0.999999404 0.140618861
0.999999940 -0.000274566 -0.000083957 0.008244082 0.000274458 0.999999106 -0.001286461 -0.013832406 0.000084310 0.001286438 0.999999166 0.254252493
0.999999940 -0.000323343 0.000033956 0.007329045 0.000323385 0.999999225 -0.001222017 -0.017781150 -0.000033560 0.001222028 0.999999225 0.387183756
1.000000000 0.000086999 -0.000115356 0.014931652 -0.000087117 0.999999464 -0.001017645 -0.022164471 0.000115268 0.001017655 0.999999464 0.531873643
1.000000000 -0.000041420 0.000074780 0.013008201 0.000041491 0.999999583 -0.000941506 -0.029289918 -0.000074741 0.000941509 0.999999583 0.683009028
1.000000000 -0.000048404 0.000145440 0.013051521 0.000048495 0.999999821 -0.000627909 -0.035563301 -0.000145409 0.000627916 0.999999821 0.859036207
1.000000000 -0.000054178 0.000043428 0.023837941 0.000054201 0.999999881 -0.000538223 -0.039494660 -0.000043399 0.000538226 0.999999881 1.017328024
0.999998212 0.001692295 0.000862602 -0.004283863 -0.001691499 0.999998152 -0.000922284 -0.027776303 -0.000864161 0.000920823 0.999999225 1.160989523
0.999998450 0.001702939 0.000516071 0.009914376 -0.001702591 0.999998391 -0.000673850 -0.033824529 -0.000517217 0.000672971 0.999999702 1.347591043
0.999998152 0.001826616 0.000549719 0.009654975 -0.001826269 0.999998152 -0.000630694 -0.043309484 -0.000550870 0.000629689 0.999999642 1.530748844
0.999997795 0.001940881 0.000698984 0.012831156 -0.001940494 0.999997973 -0.000553866 -0.047892295 -0.000700058 0.000552509 0.999999523 1.726460934
0.999997973 0.001817441 0.000819681 0.012072424 -0.001817376 0.999998391 -0.000080966 -0.059545785 -0.000819827 0.000079476 0.999999642 1.930606127
0.999996722 0.002266036 0.001173806 0.009499693 -0.002265737 0.999997377 -0.000255406 -0.066751540 -0.001174381 0.000252746 0.999999225 2.141525269
0.999998331 0.001650606 0.000749723 0.022308135 -0.001650589 0.999998629 -0.000022607 -0.071445458 -0.000749759 0.000021369 0.999999702 2.346576452
0.999998629 0.001538653 0.000481960 0.028597355 -0.001538755 0.999998748 0.000212425 -0.079028353 -0.000481633 -0.000213166 0.999999821 2.579107046
0.999999046 0.001201076 0.000641189 0.033812623 -0.001201194 0.999999225 0.000183654 -0.088597201 -0.000640968 -0.000184425 0.999999762 2.811394453
0.999998093 0.001749297 0.000855732 0.035368424 -0.001749241 0.999998450 -0.000065589 -0.090753704 -0.000855845 0.000064092 0.999999642 3.037249088
0.999998212 0.001672092 0.000771178 0.042850900 -0.001672139 0.999998569 0.000060979 -0.100623839 -0.000771075 -0.000062269 0.999999702 3.286308289
0.999997735 0.001925189 0.000893455 0.046222441 -0.001925133 0.999998152 -0.000063439 -0.104148261 -0.000893575 0.000061719 0.999999583 3.532122135
0.999997675 0.001983203 0.000802258 0.054168086 -0.001983153 0.999998152 -0.000062882 -0.113426261 -0.000802381 0.000061291 0.999999642 3.781170607
0.999998152 0.001548088 0.001129452 0.050813016 -0.001548534 0.999998748 0.000393754 -0.126589850 -0.001128840 -0.000395502 0.999999225 4.039384842
0.999996722 0.002179051 0.001396782 0.054445747 -0.002180188 0.999997318 0.000812763 -0.137395576 -0.001395007 -0.000815805 0.999998689 4.287285805
0.999997854 0.001798732 0.001034013 0.063641004 -0.001799338 0.999998212 0.000586002 -0.144965023 -0.001032957 -0.000587862 0.999999285 4.547011852
0.999997675 0.001755769 0.001324644 0.067467213 -0.001756622 0.999998271 0.000643145 -0.148584008 -0.001323512 -0.000645471 0.999998927 4.804365635
0.999996960 0.002005073 0.001440656 0.072800688 -0.002005906 0.999997854 0.000577013 -0.156731337 -0.001439495 -0.000579901 0.999998748 5.058562756
0.999997914 0.001522932 0.001357067 0.075055867 -0.001524444 0.999998212 0.001113512 -0.170672879 -0.001355369 -0.001115578 0.999998450 5.323223114
0.999997735 0.001620664 0.001420603 0.078981631 -0.001622190 0.999998152 0.001073272 -0.177924246 -0.001418861 -0.001075574 0.999998391 5.596161366
0.999996781 0.001994927 0.001561831 0.081054680 -0.001996351 0.999997556 0.000910553 -0.187636524 -0.001560011 -0.000913668 0.999998391 5.866431713
0.999996483 0.002097387 0.001625663 0.087764420 -0.002098927 0.999997318 0.000946336 -0.200593039 -0.001623673 -0.000949745 0.999998271 6.121628761
0.999995053 0.002419894 0.002017248 0.091207765 -0.002421827 0.999996603 0.000956070 -0.206118941 -0.002014928 -0.000960951 0.999997556 6.417144775
0.999996126 0.002165957 0.001735512 0.099077620 -0.002167699 0.999997258 0.001002657 -0.221312732 -0.001733336 -0.001006416 0.999997914 6.694346428
0.999997377 0.001598395 0.001659385 0.111166954 -0.001600527 0.999997914 0.001284725 -0.232286990 -0.001657328 -0.001287378 0.999997735 6.989974976
0.999996960 0.001813617 0.001655658 0.117824823 -0.001815562 0.999997675 0.001173876 -0.243077904 -0.001653525 -0.001176878 0.999997914 7.287446976
0.999997377 0.001602018 0.001615669 0.131273478 -0.001603746 0.999998152 0.001069219 -0.256329566 -0.001613953 -0.001071807 0.999998093 7.581240177
0.999997497 0.001496059 0.001660004 0.137348562 -0.001499135 0.999997139 0.001852910 -0.272575587 -0.001657227 -0.001855394 0.999996901 7.906519890
0.999997020 0.001800488 0.001636146 0.147096321 -0.001803336 0.999996781 0.001740466 -0.284080476 -0.001633007 -0.001743412 0.999997139 8.219219208
0.999997318 0.001614184 0.001661409 0.157708988 -0.001616869 0.999997377 0.001616082 -0.287412286 -0.001658796 -0.001618764 0.999997318 8.548254013
0.999997139 0.001532748 0.001845373 0.159583211 -0.001536512 0.999996722 0.002039680 -0.298077345 -0.001842241 -0.002042510 0.999996245 8.900819778
0.999997199 0.001413270 0.001904450 0.150158554 -0.001417531 0.999996483 0.002237781 -0.315632015 -0.001901281 -0.002240475 0.999995649 9.241116524
0.999996603 0.001665875 0.002038738 0.161213070 -0.001670892 0.999995649 0.002461913 -0.325666100 -0.002034628 -0.002465311 0.999994874 9.581376076
0.999997377 0.001308394 0.001876059 0.171615943 -0.001312551 0.999996662 0.002216195 -0.338894278 -0.001873153 -0.002218651 0.999995768 9.918855667
0.999998212 0.001158576 0.001491874 0.181734949 -0.001161312 0.999997556 0.001834306 -0.346784651 -0.001489746 -0.001836036 0.999997199 10.279356003
0.999997973 0.001467125 0.001425792 0.197604254 -0.001470503 0.999996006 0.002371087 -0.362933904 -0.001422308 -0.002373178 0.999996185 10.630732536
0.999997199 0.001270088 0.002046750 0.197524428 -0.001276433 0.999994397 0.003101504 -0.380911887 -0.002042800 -0.003104108 0.999993086 10.993496895
0.999995947 0.001775760 0.002235746 0.203815088 -0.001783000 0.999993205 0.003240388 -0.392334789 -0.002229976 -0.003244361 0.999992251 11.376672745
0.999996722 0.001810128 0.001817883 0.224043697 -0.001815632 0.999993682 0.003030752 -0.411883175 -0.001812386 -0.003034043 0.999993742 11.760589600
0.999996603 0.001646877 0.002016480 0.228401989 -0.001652862 0.999994159 0.002970371 -0.419380993 -0.002011576 -0.002973695 0.999993503 12.141119003
0.999996841 0.001372876 0.002108354 0.241257563 -0.001379519 0.999994040 0.003152547 -0.435175002 -0.002104013 -0.003155446 0.999992788 12.539919853
0.999996424 0.001296762 0.002348028 0.244261980 -0.001305400 0.999992371 0.003680944 -0.448055536 -0.002343237 -0.003683997 0.999990463 12.910868645
0.999997199 0.001209457 0.002037404 0.266709685 -0.001216874 0.999992609 0.003642822 -0.461324394 -0.002032983 -0.003645291 0.999991298 13.312375069
0.999995947 0.001228393 0.002564563 0.274935961 -0.001237270 0.999993265 0.003463082 -0.465878695 -0.002560293 -0.003466241 0.999990702 13.721203804
0.999995947 0.001434573 0.002467574 0.278499603 -0.001444759 0.999990463 0.004131108 -0.489866465 -0.002461624 -0.004134656 0.999988377 14.119214058
0.999997854 0.000263964 0.002063651 0.297867298 -0.000272427 0.999991477 0.004101964 -0.515449405 -0.002062550 -0.004102517 0.999989390 14.540380478
0.999996781 0.000442277 0.002516435 0.308631837 -0.000452293 0.999991894 0.003981216 -0.527795553 -0.002514654 -0.003982341 0.999988854 14.952205658
0.999994993 0.000221703 0.003174160 0.322424769 -0.000235838 0.999989986 0.004453446 -0.541771173 -0.003173140 -0.004454172 0.999984980 15.406498909
0.999995887 -0.000255699 0.002831082 0.333097816 0.000240533 0.999985576 0.005355963 -0.582269192 -0.002832411 -0.005355259 0.999981642 15.808938980
0.999996483 -0.000901935 0.002496247 0.350446463 0.000887632 0.999983191 0.005724822 -0.596508324 -0.002501369 -0.005722586 0.999980450 16.244415283
0.999995887 0.000070490 0.002849384 0.360275745 -0.000086822 0.999983549 0.005731920 -0.609765112 -0.002848933 -0.005732144 0.999979496 16.686462402
0.999992967 0.000066406 0.003756752 0.365243375 -0.000088436 0.999982715 0.005864440 -0.630335927 -0.003756298 -0.005864730 0.999975741 17.124559402
0.999994159 -0.000506611 0.003390337 0.377299070 0.000485509 0.999980509 0.006222086 -0.639842570 -0.003393423 -0.006220404 0.999974966 17.583116531
0.999992967 -0.000577241 0.003725737 0.393153071 0.000554860 0.999981761 0.006005540 -0.656294644 -0.003729136 -0.006003430 0.999975026 18.055377960
0.999988854 -0.000064568 0.004718735 0.392637134 0.000034589 0.999979734 0.006352927 -0.662770092 -0.004719051 -0.006352693 0.999968648 18.508485794
0.999988019 -0.000066149 0.004892131 0.406744748 0.000036074 0.999981046 0.006147428 -0.673534691 -0.004892447 -0.006147178 0.999969125 18.977418900
0.999989152 -0.000630737 0.004605371 0.425622970 0.000601533 0.999979675 0.006339906 -0.684292853 -0.004609277 -0.006337068 0.999969244 19.455667496
0.999990880 -0.000695692 0.004206737 0.438782722 0.000666754 0.999976099 0.006876554 -0.711872458 -0.004211419 -0.006873685 0.999967515 19.886999130
0.999991238 -0.001078679 0.004046365 0.454203188 0.001051065 0.999976158 0.006820376 -0.726621628 -0.004053625 -0.006816064 0.999968529 20.366333008
0.999991655 -0.000889239 0.003980862 0.458569467 0.000861637 0.999975622 0.006929968 -0.739861250 -0.003986927 -0.006926481 0.999968052 20.879350662
0.999992907 -0.001017173 0.003628094 0.454272628 0.000991052 0.999973655 0.007194054 -0.755903840 -0.003635315 -0.007190408 0.999967456 21.355518341
0.999992847 -0.000850219 0.003701900 0.456566721 0.000824600 0.999975801 0.006916386 -0.764578760 -0.003707691 -0.006913283 0.999969125 21.857051849
0.999993086 -0.001374572 0.003458840 0.465844572 0.001349506 0.999972939 0.007238604 -0.783477664 -0.003468697 -0.007233886 0.999967754 22.380319595
0.999995708 -0.001269115 0.002632190 0.476458997 0.001249740 0.999972224 0.007349442 -0.793210328 -0.002641444 -0.007346121 0.999969542 22.856246948
0.999997318 -0.001578150 0.001679755 0.486696750 0.001566014 0.999972880 0.007201798 -0.813149750 -0.001691075 -0.007199150 0.999972641 23.369810104
0.999996305 -0.002449733 0.001280670 0.496437341 0.002440365 0.999970615 0.007266454 -0.822057724 -0.001298433 -0.007263301 0.999972701 23.882522583
0.999998271 -0.001764957 0.000599452 0.509064913 0.001760464 0.999970973 0.007413030 -0.832951605 -0.000612518 -0.007411962 0.999972343 24.400279999
0.999998450 -0.001748545 -0.000125225 0.519824266 0.001749427 0.999970853 0.007435045 -0.842799842 0.000112221 -0.007435253 0.999972343 24.934957504
0.999998569 -0.001492395 -0.000766959 0.524913967 0.001498032 0.999971449 0.007401704 -0.852142155 0.000755891 -0.007402842 0.999972284 25.457349777
0.999997795 -0.001601553 -0.001335304 0.538279712 0.001611576 0.999970257 0.007539119 -0.866865158 0.001323189 -0.007541254 0.999970675 25.990390778
0.999995828 -0.002242706 -0.001802407 0.553194165 0.002257302 0.999964356 0.008137462 -0.876323819 0.001784093 -0.008141497 0.999965250 26.530303955
0.999995828 -0.001928023 -0.002109524 0.562537432 0.001944728 0.999966562 0.007945618 -0.890607238 0.002094134 -0.007949688 0.999966204 27.057691574
0.999994040 -0.001949780 -0.002836679 0.582927048 0.001972752 0.999965072 0.008117965 -0.908140540 0.002820751 -0.008123512 0.999963045 27.598159790
0.999993384 -0.001852124 -0.003122031 0.580543160 0.001878261 0.999963045 0.008389776 -0.917117536 0.003106377 -0.008395584 0.999959946 28.108455658
0.999993145 -0.001547267 -0.003362257 0.598608136 0.001574862 0.999965012 0.008220334 -0.925027013 0.003349420 -0.008225571 0.999960601 28.670669556
0.999992907 -0.001668165 -0.003383046 0.579191327 0.001697451 0.999960959 0.008672331 -0.952968836 0.003368447 -0.008678013 0.999956667 29.159208298
0.999992430 -0.001592269 -0.003530195 0.586589694 0.001622709 0.999961317 0.008636748 -0.962294340 0.003516306 -0.008642412 0.999956489 29.683917999
0.999992371 -0.001332520 -0.003664244 0.596606612 0.001363188 0.999963939 0.008379956 -0.974569917 0.003652947 -0.008384887 0.999958158 30.221714020
0.999992549 -0.000874893 -0.003738123 0.602484226 0.000906400 0.999963939 0.008435407 -0.983519793 0.003730607 -0.008438732 0.999957442 30.763179779
0.999990284 -0.001053873 -0.004282117 0.611931920 0.001089387 0.999965072 0.008299683 -0.997350633 0.004273221 -0.008304269 0.999956369 31.302068710
0.999990880 -0.001040483 -0.004149719 0.618035614 0.001075484 0.999963760 0.008441241 -1.012956381 0.004140785 -0.008445628 0.999955714 31.849512100
0.999988973 -0.001035611 -0.004581367 0.623012066 0.001074715 0.999962926 0.008541072 -1.017962575 0.004572352 -0.008545901 0.999953032 32.354804993
0.999990582 -0.000603586 -0.004310197 0.618380070 0.000640913 0.999962211 0.008663997 -1.036465645 0.004304805 -0.008666677 0.999953151 32.897464752
0.999987960 -0.001410785 -0.004698813 0.620936036 0.001450213 0.999963641 0.008398379 -1.045648336 0.004686795 -0.008405092 0.999953687 33.406665802
0.999987245 -0.000725882 -0.005008260 0.627084255 0.000771200 0.999958754 0.009052597 -1.069126844 0.005001483 -0.009056344 0.999946475 33.936862946
0.999989331 -0.000596881 -0.004576802 0.620950341 0.000634979 0.999965131 0.008327199 -1.072108507 0.004571673 -0.008330017 0.999954879 34.501560211
0.999984264 -0.001628557 -0.005363544 0.645331383 0.001676891 0.999957919 0.009019515 -1.088241458 0.005348629 -0.009028368 0.999944866 35.026317596
0.999981999 -0.002342173 -0.005518520 0.646735668 0.002392463 0.999955535 0.009123994 -1.105217934 0.005496904 -0.009137034 0.999943078 35.582340240
0.999984264 -0.001611404 -0.005374642 0.666157544 0.001658266 0.999960542 0.008726097 -1.098059893 0.005360369 -0.008734871 0.999947429 36.168544769
0.999984086 -0.001554374 -0.005420028 0.654012799 0.001605092 0.999954939 0.009365758 -1.127292871 0.005405225 -0.009374309 0.999941409 36.648799896
0.999974906 -0.002893904 -0.006453738 0.699579000 0.002955714 0.999949634 0.009588519 -1.145619392 0.006425664 -0.009607356 0.999933183 37.211223602
0.999977291 -0.002282110 -0.006338221 0.687993169 0.002339830 0.999955773 0.009114201 -1.124141216 0.006317141 -0.009128827 0.999938369 37.848255157
0.999978483 -0.002215967 -0.006173575 0.681288540 0.002275170 0.999951303 0.009599281 -1.176892757 0.006152003 -0.009613120 0.999934793 38.204383850
0.999977112 -0.002308534 -0.006359314 0.680005074 0.002371391 0.999948204 0.009894597 -1.187351108 0.006336142 -0.009909453 0.999930799 38.712398529
0.999971271 -0.002595063 -0.007125626 0.716705918 0.002666491 0.999946117 0.010032983 -1.207627296 0.007099206 -0.010051694 0.999924242 39.287502289
0.999967813 -0.002843667 -0.007502376 0.758668423 0.002921869 0.999941289 0.010433317 -1.247540116 0.007472268 -0.010454901 0.999917388 39.832893372
0.999972880 -0.002932229 -0.006750854 0.718157172 0.002999990 0.999945045 0.010049302 -1.222404122 0.006721016 -0.010069281 0.999926686 40.355266571
0.999976695 -0.002086292 -0.006498316 0.735470295 0.002155794 0.999940336 0.010706863 -1.258604407 0.006475591 -0.010720623 0.999921560 40.829166412
0.999977291 -0.001902053 -0.006466107 0.743125081 0.001971845 0.999939680 0.010804420 -1.271817207 0.006445167 -0.010816924 0.999920726 41.372066498
0.999979377 -0.001738335 -0.006174411 0.745619774 0.001804131 0.999941587 0.010666688 -1.281750321 0.006155506 -0.010677610 0.999924004 41.893218994
0.999975860 -0.002169283 -0.006605177 0.755612791 0.002239301 0.999941170 0.010611505 -1.287171841 0.006581768 -0.010626039 0.999921799 42.430683136
0.999978244 -0.002083179 -0.006260009 0.756808400 0.002148281 0.999943495 0.010410937 -1.294587135 0.006237967 -0.010424159 0.999926209 42.959442139
0.999978781 -0.002044732 -0.006182872 0.758592367 0.002111353 0.999939501 0.010787856 -1.311039686 0.006160441 -0.010800682 0.999922693 43.482730865
0.999979556 -0.001766605 -0.006145333 0.767222047 0.001829894 0.999945164 0.010308381 -1.312727690 0.006126787 -0.010319415 0.999927998 44.024871826
0.999979436 -0.001837416 -0.006131055 0.774204373 0.001898875 0.999947846 0.010033517 -1.325172424 0.006112299 -0.010044954 0.999930859 44.565254211
0.999976695 -0.002127522 -0.006476381 0.780772686 0.002192967 0.999946415 0.010114864 -1.330403090 0.006454514 -0.010128830 0.999927819 45.100135803
0.999976456 -0.002260670 -0.006495035 0.793838620 0.002326780 0.999945343 0.010188968 -1.342937827 0.006471648 -0.010203839 0.999926984 45.642433167
0.999979258 -0.001457482 -0.006275663 0.803013802 0.001520863 0.999947786 0.010106640 -1.352838278 0.006260606 -0.010115974 0.999929190 46.189258575
0.999973893 -0.002531993 -0.006767703 0.806646228 0.002598943 0.999947608 0.009902168 -1.354125500 0.006742274 -0.009919498 0.999928057 46.724468231
0.999972999 -0.002279018 -0.006989165 0.816746831 0.002345183 0.999952376 0.009473304 -1.358172894 0.006967242 -0.009489440 0.999930680 47.277881622
0.999977052 -0.002349403 -0.006358112 0.823668778 0.002412251 0.999948144 0.009895111 -1.381221294 0.006334537 -0.009910219 0.999930799 47.770488739
0.999967635 -0.003117657 -0.007418404 0.854064226 0.003193064 0.999943137 0.010174771 -1.392684698 0.007386259 -0.010198130 0.999920726 48.347728729
0.999978900 -0.001534934 -0.006302677 0.845029712 0.001598287 0.999948144 0.010059129 -1.404004216 0.006286909 -0.010068989 0.999929547 48.833374023
0.999978781 -0.001552768 -0.006328980 0.850330710 0.001616125 0.999948442 0.010017690 -1.411244392 0.006313099 -0.010027707 0.999929786 49.363384247
0.999980152 -0.001629857 -0.006081666 0.852811694 0.001689572 0.999950230 0.009826518 -1.424315333 0.006065346 -0.009836599 0.999933243 49.904071808
0.999980330 -0.001129711 -0.006173888 0.855845273 0.001191861 0.999948561 0.010072242 -1.431498766 0.006162192 -0.010079401 0.999930203 50.423278809
0.999980509 -0.001051787 -0.006157387 0.865191817 0.001113237 0.999949455 0.009984966 -1.439069271 0.006146573 -0.009991626 0.999931157 50.961109161
0.999985695 -0.000118832 -0.005345856 0.861991763 0.000174235 0.999946177 0.010364308 -1.455057859 0.005344337 -0.010365092 0.999931991 51.477569580
0.999979734 -0.001484253 -0.006212561 0.888217807 0.001547753 0.999946594 0.010228921 -1.460059524 0.006197047 -0.010238327 0.999928355 52.009677887
0.999986589 -0.000512538 -0.005158350 0.864380598 0.000562522 0.999952793 0.009693106 -1.470523596 0.005153138 -0.009695876 0.999939740 52.566429138
0.999979496 -0.001988518 -0.006092518 0.901549757 0.002054872 0.999938488 0.010904260 -1.491624355 0.006070460 -0.010916555 0.999921978 53.070293427
0.999981582 -0.001379235 -0.005905420 0.875467718 0.001445648 0.999935627 0.011256692 -1.518178225 0.005889514 -0.011265022 0.999919236 53.571846008
0.999984980 -0.000290279 -0.005465393 0.902990341 0.000346501 0.999947011 0.010288945 -1.517688513 0.005462117 -0.010290686 0.999932051 54.001411438
0.999984920 0.000029874 -0.005486140 0.901587248 0.000027500 0.999945283 0.010457714 -1.525101304 0.005486154 -0.010457705 0.999930263 54.529830933
0.999984801 0.000160538 -0.005521114 0.913459182 -0.000102788 0.999945343 0.010458413 -1.534214020 0.005522492 -0.010457685 0.999930084 55.072124481
0.999987304 0.000532657 -0.005016115 0.914120674 -0.000480499 0.999945879 0.010393708 -1.542525887 0.005021379 -0.010391166 0.999933362 55.573955536
0.999986172 -0.000211407 -0.005262785 0.944158077 0.000267175 0.999943852 0.010598155 -1.547049761 0.005260249 -0.010599414 0.999930024 56.105487823
0.999983013 -0.000533178 -0.005806915 0.966815293 0.000600228 0.999933064 0.011551108 -1.571574211 0.005800369 -0.011554398 0.999916434 56.667873383
0.999983430 -0.001491171 -0.005556264 0.951008677 0.001551623 0.999939442 0.010891460 -1.586888313 0.005539687 -0.010899901 0.999925196 56.918338776
0.999984264 -0.001070378 -0.005499769 0.965977490 0.001132752 0.999934912 0.011350692 -1.596612096 0.005487263 -0.011356743 0.999920368 57.396064758
0.999983430 -0.000797902 -0.005702209 0.977250695 0.000862047 0.999936223 0.011255673 -1.603310823 0.005692865 -0.011260400 0.999920368 57.975601196
0.999984860 -0.000828220 -0.005456926 0.986524820 0.000892369 0.999930382 0.011763630 -1.621791363 0.005446803 -0.011768319 0.999915898 58.516395569
0.999979377 -0.001593268 -0.006214349 1.016932130 0.001664944 0.999931872 0.011545913 -1.638681293 0.006195531 -0.011556021 0.999914050 58.979621887
0.999985814 -0.000791615 -0.005266815 1.004158020 0.000854726 0.999927700 0.011991388 -1.641451597 0.005256942 -0.011995721 0.999914229 59.613834381
0.999978185 -0.001057970 -0.006508676 1.049914122 0.001137059 0.999925435 0.012159538 -1.670497656 0.006495326 -0.012166674 0.999904871 60.070255280
0.999973714 -0.001856156 -0.007010216 1.080358505 0.001942795 0.999921560 0.012372400 -1.687749863 0.006986700 -0.012385693 0.999898911 60.580196381
0.999976814 -0.001469628 -0.006645703 1.077643991 0.001548879 0.999927521 0.011935844 -1.691873312 0.006627680 -0.011945861 0.999906659 61.124984741
0.999981105 0.000429274 -0.006119808 1.118313670 -0.000351414 0.999919057 0.012717924 -1.672078967 0.006124773 -0.012715535 0.999900341 61.656303406
0.999971569 -0.001618213 -0.007365455 1.136009097 0.001709323 0.999921858 0.012380511 -1.720706940 0.007344846 -0.012392751 0.999896228 61.988285065
0.999976516 0.001067772 -0.006764950 1.158174157 -0.000982347 0.999919832 0.012618235 -1.721264839 0.006777883 -0.012611294 0.999897540 62.738567352
0.999974608 -0.001905455 -0.006866856 1.099774122 0.002002259 0.999898314 0.014118070 -1.759489298 0.006839257 -0.014131458 0.999876738 63.159633636
0.999981642 -0.001307773 -0.005916315 1.124370933 0.001384997 0.999913633 0.013067414 -1.776209235 0.005898715 -0.013075368 0.999897122 63.161251068
0.999984622 -0.001506325 -0.005337099 1.131832719 0.001572749 0.999921143 0.012463479 -1.786422968 0.005317904 -0.012471682 0.999908090 63.698852539
0.999979198 -0.002527588 -0.005931496 1.136099100 0.002603130 0.999915183 0.012762817 -1.797209263 0.005898734 -0.012777992 0.999900997 64.229949951
0.999985635 -0.002317158 -0.004823640 1.113695502 0.002379403 0.999913514 0.012938639 -1.809155464 0.004793242 -0.012949932 0.999904692 64.719886780
0.999987662 -0.000417700 -0.004955702 1.087912798 0.000481994 0.999915600 0.012979637 -1.826420307 0.004949864 -0.012981866 0.999903500 65.325073242
0.999983132 -0.001175429 -0.005710866 1.189607382 0.001251154 0.999911129 0.013274285 -1.845390677 0.005694753 -0.013281205 0.999895573 65.461784363
0.999985039 -0.000430266 -0.005453694 1.199476719 0.000500818 0.999916196 0.012941794 -1.859858871 0.005447668 -0.012944332 0.999901354 65.993629456
0.999979913 -0.001508257 -0.006148522 1.215062141 0.001593512 0.999902368 0.013884638 -1.869024754 0.006126979 -0.013894157 0.999884665 66.534004211
0.999985456 -0.000363731 -0.005384203 1.209058285 0.000433994 0.999914706 0.013054485 -1.866312623 0.005378994 -0.013056631 0.999900222 67.032852173
0.999980450 -0.000995006 -0.006167115 1.250608921 0.001083353 0.999896526 0.014338835 -1.963498831 0.006152210 -0.014345236 0.999878109 67.166252136
0.999978244 -0.001494953 -0.006423839 1.251453519 0.001584123 0.999902070 0.013898474 -1.964866042 0.006402433 -0.013908348 0.999882698 67.715934753
0.999976397 -0.001845217 -0.006616328 1.314029694 0.001938965 0.999897540 0.014190898 -2.002190828 0.006589466 -0.014203394 0.999877393 68.312416077
0.999971747 -0.002144174 -0.007209167 1.338613272 0.002246145 0.999897182 0.014166449 -2.018456221 0.007178051 -0.014182241 0.999873638 68.828804016
0.999977589 -0.001632348 -0.006486254 1.302906275 0.001725961 0.999894023 0.014453301 -2.016098976 0.006461974 -0.014464173 0.999874473 69.337745667
0.999980986 -0.000512191 -0.006145008 1.311828256 0.000600353 0.999896824 0.014353702 -2.030293465 0.006137025 -0.014357117 0.999878049 69.875236511
0.999976337 -0.001888066 -0.006612014 1.322040677 0.001984473 0.999891400 0.014604457 -2.033660412 0.006583720 -0.014617232 0.999871433 70.423294067
0.999979794 -0.001544614 -0.006169914 1.335588932 0.001635933 0.999888718 0.014823109 -2.049108505 0.006146332 -0.014832904 0.999871075 70.943351746
0.999981821 -0.001440650 -0.005857171 1.341199279 0.001529430 0.999883592 0.015181364 -2.061717033 0.005834619 -0.015190047 0.999867618 71.492813110
0.999982715 -0.001084080 -0.005795347 1.363008857 0.001169659 0.999890029 0.014783880 -2.078580379 0.005778683 -0.014790401 0.999873936 72.077377319
0.999978840 -0.001791047 -0.006245807 1.382608294 0.001883139 0.999889076 0.014770162 -2.092239380 0.006218660 -0.014781612 0.999871433 72.624031067
0.999981582 -0.001038663 -0.005985986 1.418215632 0.001130867 0.999880433 0.015420441 -2.116135359 0.005969253 -0.015426925 0.999863207 73.118179321
0.999981284 -0.001136414 -0.005997902 1.439023972 0.001227591 0.999883354 0.015219794 -2.153447628 0.005979906 -0.015226874 0.999866188 73.643600464
0.999981463 -0.000973585 -0.006012321 1.452577829 0.001064750 0.999884188 0.015178557 -2.162868261 0.005996848 -0.015184675 0.999866724 74.184890747
0.999979317 -0.001547611 -0.006240837 1.435054541 0.001642194 0.999883413 0.015178845 -2.148993492 0.006216620 -0.015188780 0.999865234 74.707183838
0.999980688 -0.001181389 -0.006087004 1.453543425 0.001274331 0.999882281 0.015287780 -2.171988487 0.006068227 -0.015295243 0.999864578 75.272613525
0.999981821 -0.001147351 -0.005922241 1.461421609 0.001238425 0.999880672 0.015397459 -2.180605888 0.005903869 -0.015404514 0.999863863 75.818046570
0.999978006 -0.001583218 -0.006435683 1.473785281 0.001683543 0.999876618 0.015613545 -2.193195820 0.006410169 -0.015624038 0.999857366 76.347572327
0.999981999 -0.000592963 -0.005969375 1.483855486 0.000684931 0.999880910 0.015416352 -2.205436468 0.005959522 -0.015420161 0.999863327 76.908241272
0.999988735 -0.000765597 -0.004679102 1.496597528 0.000835865 0.999886632 0.015034021 -2.206057072 0.004667062 -0.015037761 0.999876022 77.460937500
0.999995232 -0.000360260 -0.003059552 1.495935917 0.000406702 0.999884486 0.015192318 -2.213866711 0.003053726 -0.015193491 0.999879897 78.017623901
0.999997735 -0.000453754 -0.002079434 1.516758919 0.000485449 0.999883354 0.015266740 -2.230260372 0.002072264 -0.015267712 0.999881268 78.538490295
0.999999821 0.000022531 -0.000601539 1.520272732 -0.000013265 0.999881387 0.015400113 -2.235264301 0.000601815 -0.015400101 0.999881148 79.099266052
0.999994457 0.000879218 0.003226229 1.527108550 -0.000930045 0.999874949 0.015786575 -2.254433155 -0.003211946 -0.015789488 0.999870121 79.639106750
0.999983013 0.000172005 0.005827650 1.564379454 -0.000264542 0.999873757 0.015881892 -2.264935493 -0.005824184 -0.015883161 0.999856889 80.187393188
0.999961376 -0.000680499 0.008753782 1.582199097 0.000548378 0.999886036 0.015086607 -2.255606174 -0.008763051 -0.015081224 0.999847770 80.753959656
0.999924302 -0.000564433 0.012292083 1.621433020 0.000377710 0.999884546 0.015187535 -2.272933960 -0.012299237 -0.015181741 0.999809146 81.298286438
0.999825478 0.000372271 0.018675357 1.640234590 -0.000667402 0.999874890 0.015799480 -2.287387371 -0.018667143 -0.015809186 0.999700725 81.808654785
0.999713540 -0.000758275 0.023924217 1.729681015 0.000387465 0.999879718 0.015500177 -2.273036003 -0.023933098 -0.015486466 0.999593616 82.384933472
0.999559939 -0.001278935 0.029634092 1.748113155 0.000791278 0.999864101 0.016461788 -2.353681087 -0.029651120 -0.016431093 0.999425232 82.666160583
0.999274850 0.000052447 0.038073618 1.903511524 -0.000689222 0.999860108 0.016711902 -2.440136433 -0.038067412 -0.016726026 0.999135196 83.718955994
0.998928905 0.000177917 0.046270899 1.951204181 -0.000958847 0.999857426 0.016855724 -2.453283787 -0.046261296 -0.016882040 0.998786807 84.277816772
0.998564124 0.000088520 0.053569779 1.998036146 -0.000989642 0.999858379 0.016795184 -2.462351561 -0.053560711 -0.016824078 0.998422861 84.822128296
0.998072326 -0.000448292 0.062059972 2.063406706 -0.000568030 0.999866009 0.016357848 -2.465178013 -0.062058993 -0.016361570 0.997938395 85.371398926
0.997375369 -0.000323653 0.072403535 2.123758793 -0.000891287 0.999859333 0.016747182 -2.481369495 -0.072398774 -0.016767759 0.997234821 85.911880493
0.996679068 -0.000305552 0.081429966 2.175466061 -0.001053223 0.999860942 0.016642947 -2.488674879 -0.081423745 -0.016673440 0.996540070 86.455116272
0.996024251 -0.000633812 0.089080349 2.261882305 -0.000840850 0.999863267 0.016515790 -2.502722740 -0.089078628 -0.016525023 0.995887637 86.989830017
0.995033383 -0.000818231 0.099538445 2.340735912 -0.000838978 0.999861717 0.016605940 -2.506421089 -0.099538259 -0.016606975 0.994895160 87.546226501
0.993942797 -0.001356013 0.109890833 2.422993660 -0.000483693 0.999860168 0.016712826 -2.515118599 -0.109898150 -0.016664742 0.993803203 88.088821411
0.992861867 -0.001621805 0.119258858 2.528524399 -0.000375656 0.999859929 0.016724562 -2.537190199 -0.119269297 -0.016649982 0.992722332 88.613334656
0.991453648 -0.001185290 0.130453289 2.619887352 -0.001013656 0.999858499 0.016788503 -2.538210392 -0.130454734 -0.016777258 0.991312265 89.178924561
0.989752173 -0.000593795 0.142794311 2.718050003 -0.001796622 0.999860346 0.016610760 -2.545095444 -0.142784238 -0.016697081 0.989612997 89.716400146
0.988150477 -0.001480053 0.153481692 2.835026741 -0.001114721 0.999857903 0.016818658 -2.563397408 -0.153484777 -0.016790451 0.988008499 90.265380859
0.986587107 -0.001512716 0.163228542 2.944429398 -0.001255852 0.999857068 0.016856777 -2.568627596 -0.163230687 -0.016835669 0.986444294 90.820396423
0.984548688 -0.002206733 0.175096840 3.063661575 -0.000689109 0.999864042 0.016475990 -2.573540688 -0.175109416 -0.016342079 0.984413385 91.348861694
0.982184291 -0.001744122 0.187912136 3.197420120 -0.001471217 0.999854922 0.016970031 -2.589720726 -0.187914446 -0.016944157 0.982039213 91.921730042
0.980037093 -0.001983331 0.198804677 3.326031685 -0.001365565 0.999859512 0.016706634 -2.593638420 -0.198809862 -0.016644603 0.979896724 92.470428467
0.977175474 -0.001385687 0.212429225 3.468633652 -0.002244734 0.999855518 0.016847897 -2.606413841 -0.212421864 -0.016940199 0.977031231 93.016281128
0.974144578 -0.001595807 0.225919798 3.617286682 -0.002261657 0.999856055 0.016814630 -2.611499786 -0.225914091 -0.016890835 0.974000752 93.551017761
0.971376538 -0.002179775 0.237535045 3.770389557 -0.001860647 0.999857366 0.016784269 -2.627480507 -0.237537786 -0.016745813 0.971233845 94.077804565
0.968464613 -0.002606112 0.249137506 3.958351135 -0.001645724 0.999856591 0.016856406 -2.636735916 -0.249145687 -0.016734842 0.968321383 94.643119812
0.964724839 -0.003069442 0.263242185 4.133228302 -0.001402617 0.999857903 0.016798778 -2.645611763 -0.263256311 -0.016575424 0.964583516 95.164810181
0.961180091 -0.003264834 0.275902361 4.312547684 -0.001358480 0.999861896 0.016564289 -2.655041218 -0.275918335 -0.016296074 0.961042941 95.692031860
0.957990170 -0.003867338 0.286774933 4.496286392 -0.001085150 0.999853075 0.017108656 -2.670462608 -0.286798894 -0.016701119 0.957845211 96.196388245
0.953682303 -0.003832826 0.300791293 4.689966202 -0.001311829 0.999856353 0.016899897 -2.670679569 -0.300812900 -0.016511723 0.953540146 96.732284546
0.949087143 -0.003926817 0.314988792 4.891056061 -0.001579072 0.999850452 0.017222540 -2.684106112 -0.315009326 -0.016843084 0.948939085 97.244003296
0.945202649 -0.004097420 0.326458424 5.094842911 -0.001574642 0.999852359 0.017108366 -2.685214043 -0.326480418 -0.016684927 0.945056617 97.776161194
0.940815508 -0.004679335 0.338886589 5.300088882 -0.001221196 0.999851286 0.017196191 -2.697206020 -0.338916659 -0.016592294 0.940670073 98.271247864
0.935645521 -0.004894489 0.352906972 5.522977829 -0.001299720 0.999849200 0.017312856 -2.703236580 -0.352938563 -0.016657380 0.935498238 98.786102295
0.931191921 -0.005661104 0.364485383 5.752464294 -0.000782567 0.999846041 0.017528696 -2.710110664 -0.364528447 -0.016607810 0.931044102 99.294868469
0.926444948 -0.006052841 0.376381934 5.967302322 -0.000619402 0.999844790 0.017603777 -2.724866390 -0.376430154 -0.016542058 0.926297307 99.792770386
0.920611441 -0.006191005 0.390431136 6.206449509 -0.000649834 0.999848604 0.017386708 -2.723619461 -0.390479714 -0.016260114 0.920467973 100.297332764
0.915175557 -0.007560759 0.402984530 6.456260681 0.000484446 0.999843895 0.017658804 -2.733777046 -0.403055221 -0.015965682 0.915036380 100.786720276
0.910385847 -0.007786749 0.413687050 6.699771881 0.000543705 0.999844551 0.017623365 -2.742158651 -0.413759977 -0.015819134 0.910248578 101.272460938
0.904978514 -0.007953941 0.425382823 6.960758209 0.000482326 0.999843717 0.017669268 -2.752949953 -0.425456941 -0.015785135 0.904840946 101.746673584
0.898337424 -0.008908477 0.439215839 7.238842010 0.001250481 0.999842167 0.017721852 -2.760519981 -0.439304352 -0.015370972 0.898206770 102.272560120
0.892485082 -0.009448013 0.450977862 7.513404846 0.001649581 0.999842167 0.017682236 -2.765079021 -0.451073825 -0.015037205 0.892359972 102.763099670
0.886926353 -0.010574386 0.461789846 7.787658691 0.002655854 0.999838114 0.017794084 -2.771883011 -0.461903185 -0.014555598 0.886810899 103.227745056
0.879693747 -0.009957621 0.475436449 8.078804016 0.002058980 0.999851108 0.017131349 -2.776621342 -0.475536197 -0.014091427 0.879583240 103.707183838
0.872596800 -0.010406362 0.488330334 8.378871918 0.002269297 0.999848604 0.017251858 -2.783126354 -0.488435894 -0.013945749 0.872488260 104.184196472
