1.000000000 0.000000000 0.000000000 0.000000000 0.000000000 1.000000000 0.000000000 0.000000000 0.000000000 0.000000000 1.000000000 0.000000000
1.000000000 0.000092952 0.000018689 -0.000379342 -0.000092955 1.000000000 0.000122979 -0.000240841 -0.000018678 -0.000122980 1.000000000 -0.000069764
1.000000000 0.000083678 -0.000014086 -0.000535130 -0.000083679 1.000000000 -0.000016776 0.000468149 0.000014085 0.000016777 1.000000000 -0.000286072
1.000000000 0.000079332 0.000087107 -0.000736269 -0.000079336 1.000000000 0.000052045 -0.000384477 -0.000087103 -0.000052051 1.000000000 0.000085375
0.999999940 0.000117449 0.000273865 -0.001837301 -0.000117450 1.000000000 0.000004853 0.000444428 -0.000273864 -0.000004885 0.999999940 0.000746023
1.000000000 -0.000100772 0.000056202 -0.000447060 0.000100771 1.000000000 0.000033571 0.000036295 -0.000056206 -0.000033565 1.000000000 0.000260503
1.000000000 0.000130260 0.000185765 -0.002202148 -0.000130277 1.000000000 0.000090226 -0.000455749 -0.000185753 -0.000090250 1.000000000 -0.000963918
1.000000000 0.000170036 0.000124367 -0.001503994 -0.000170031 1.000000000 -0.000036071 -0.000161687 -0.000124373 0.000036050 1.000000000 -0.001026144
1.000000000 0.000105837 0.000163795 -0.001796182 -0.000105840 1.000000000 0.000015677 -0.000926092 -0.000163793 -0.000015695 1.000000000 -0.001740848
1.000000000 0.000138441 0.000111251 -0.001886574 -0.000138455 1.000000000 0.000123874 -0.000939204 -0.000111234 -0.000123890 1.000000000 0.000116586
1.000000000 0.000048207 0.000136172 -0.001135087 -0.000048224 1.000000000 0.000127888 -0.001223438 -0.000136166 -0.000127895 1.000000000 -0.000867053
0.999999940 0.000179177 0.000173586 -0.001465709 -0.000179175 1.000000000 -0.000011627 -0.000681191 -0.000173588 0.000011595 1.000000000 0.000002981
1.000000000 0.000026843 0.000123442 -0.001107319 -0.000026851 1.000000000 0.000064989 0.000508832 -0.000123440 -0.000064993 1.000000000 0.000127680
0.999999940 0.000204008 0.000221679 -0.002788131 -0.000203987 1.000000000 -0.000094222 0.000952304 -0.000221699 0.000094177 1.000000000 -0.000159600
1.000000000 0.000174423 0.000080034 -0.000540331 -0.000174423 1.000000000 0.000001206 0.001283504 -0.000080034 -0.000001220 1.000000000 0.001262782
0.999999940 0.000299611 0.000206238 -0.001784998 -0.000299612 0.999999940 0.000000667 0.000771397 -0.000206238 -0.000000728 1.000000000 0.001300511
0.999999881 0.000393353 0.000267777 -0.002451396 -0.000393338 0.999999940 -0.000053457 0.000870359 -0.000267798 0.000053351 0.999999940 0.000813403
0.999999940 0.000201592 0.000202753 -0.001650512 -0.000201593 1.000000000 0.000004486 0.001348196 -0.000202752 -0.000004527 1.000000000 0.002519911
0.999999940 0.000234294 0.000305764 -0.002677877 -0.000234278 1.000000000 -0.000054149 0.001410005 -0.000305776 0.000054077 0.999999940 0.001474348
0.999999940 0.000324180 0.000243414 -0.002678670 -0.000324200 0.999999940 0.000078405 0.000943058 -0.000243388 -0.000078483 0.999999940 0.002468368
0.999999881 0.000401542 0.000212444 -0.002995013 -0.000401532 0.999999940 -0.000047297 0.001857540 -0.000212463 0.000047212 1.000000000 0.002559288
0.999999940 0.000277329 0.000180426 -0.002053772 -0.000277321 0.999999940 -0.000044095 0.001459394 -0.000180438 0.000044045 1.000000000 0.002257606
0.999999940 0.000269865 0.000161019 -0.002436152 -0.000269878 0.999999940 0.000081873 0.001001069 -0.000160997 -0.000081916 1.000000000 0.001634014
0.999999821 0.000523131 0.000255332 -0.003257072 -0.000523132 0.999999881 0.000000627 0.001458525 -0.000255331 -0.000000761 0.999999940 0.002908476
0.999999940 0.000338127 0.000229490 -0.002082360 -0.000338118 0.999999940 -0.000037264 0.001907658 -0.000229503 0.000037187 1.000000000 0.001600177
0.999999940 0.000316615 0.000227710 -0.002881519 -0.000316598 0.999999940 -0.000072036 0.002851326 -0.000227732 0.000071964 1.000000000 0.004082123
0.999999940 0.000329633 0.000221939 -0.002638984 -0.000329637 0.999999940 0.000017068 0.001222682 -0.000221933 -0.000017141 1.000000000 0.002153106
0.999999881 0.000389157 0.000176770 -0.002527283 -0.000389141 0.999999940 -0.000088540 0.001956343 -0.000176804 0.000088471 1.000000000 0.001616094
0.999999940 0.000346250 0.000183906 -0.002527278 -0.000346230 0.999999940 -0.000107864 0.002982914 -0.000183944 0.000107800 1.000000000 0.002768085
0.999999881 0.000387426 0.000304249 -0.002399832 -0.000387413 0.999999940 -0.000042325 0.001688603 -0.000304266 0.000042208 0.999999940 0.002781248
0.999999881 0.000372361 0.000292506 -0.002892108 -0.000372342 0.999999940 -0.000065172 0.002051272 -0.000292530 0.000065063 0.999999940 0.002494862
0.999999940 0.000307626 0.000182663 -0.001797752 -0.000307608 0.999999940 -0.000098104 0.001957333 -0.000182693 0.000098048 1.000000000 0.002742076
0.999999821 0.000525189 0.000327037 -0.002238782 -0.000525207 0.999999881 0.000055846 0.000418592 -0.000327007 -0.000056017 0.999999940 0.000909228
0.999999821 0.000480710 0.000290481 -0.003144474 -0.000480659 0.999999881 -0.000176413 0.001915311 -0.000290566 0.000176273 0.999999940 0.002259181
0.999999821 0.000546158 0.000278211 -0.002256977 -0.000546115 0.999999821 -0.000153141 0.001880976 -0.000278295 0.000152989 0.999999940 0.002386643
0.999999881 0.000368364 0.000273792 -0.003362333 -0.000368342 0.999999940 -0.000081138 0.002117118 -0.000273822 0.000081038 0.999999940 0.002338356
0.999999821 0.000507787 0.000274221 -0.003431135 -0.000507752 0.999999881 -0.000130968 0.003355624 -0.000274287 0.000130829 0.999999940 0.003002203
0.999999821 0.000546822 0.000329242 -0.003315807 -0.000546809 0.999999821 -0.000038951 0.001245845 -0.000329264 0.000038771 0.999999940 0.002677049
0.999999881 0.000410106 0.000217910 -0.001276407 -0.000410099 0.999999940 -0.000031006 0.001863989 -0.000217922 0.000030916 1.000000000 0.000836918
0.999999940 0.000276514 0.000196050 -0.002130425 -0.000276486 0.999999940 -0.000145437 0.001304111 -0.000196090 0.000145383 1.000000000 0.001565876
0.999999821 0.000430482 0.000348120 -0.002374985 -0.000430263 0.999999702 -0.000629053 0.000099017 -0.000348391 0.000628903 0.999999762 0.050171301
0.999999821 0.000429199 0.000398500 -0.003238195 -0.000428721 0.999999166 -0.001198386 -0.003902182 -0.000399014 0.001198215 0.999999225 0.137663096
0.999999881 0.000363399 0.000346431 0.001841954 -0.000362908 0.999998927 -0.001416008 -0.007194825 -0.000346945 0.001415882 0.999998927 0.251526952
0.999999523 0.000865828 0.000444487 0.001995673 -0.000865384 0.999999106 -0.000999008 -0.012796083 -0.000445352 0.000998622 0.999999404 0.382414967
0.999999404 0.000924473 0.000604977 0.001704772 -0.000923947 0.999999225 -0.000869046 -0.014943138 -0.000605780 0.000868487 0.999999464 0.530233026
0.999999940 0.000106128 0.000302139 0.010977537 -0.000105893 0.999999702 -0.000775766 -0.019094443 -0.000302222 0.000775734 0.999999642 0.694764018
0.999999285 0.000912797 0.000798331 0.005723274 -0.000912383 0.999999464 -0.000518839 -0.021543534 -0.000798804 0.000518110 0.999999523 0.845965803
0.999999225 0.000668761 0.001040784 0.000609098 -0.000667905 0.999999464 -0.000822469 -0.024277665 -0.001041333 0.000821773 0.999999106 1.019532084
0.999995708 0.001850522 0.002265930 -0.003791753 -0.001849597 0.999998212 -0.000410186 -0.036086362 -0.002266685 0.000405993 0.999997377 1.181150317
0.999994338 0.002109339 0.002605123 -0.004442289 -0.002109044 0.999997795 -0.000115918 -0.041529756 -0.002605362 0.000110423 0.999996662 1.366973519
0.999996960 0.001571908 0.001904884 0.008426591 -0.001572241 0.999998748 0.000173488 -0.047846116 -0.001904609 -0.000176482 0.999998152 1.558826923
0.999997199 0.001408758 0.001901729 0.016747041 -0.001409132 0.999998987 0.000195515 -0.051036958 -0.001901451 -0.000198195 0.999998093 1.760538578
0.999996722 0.001270200 0.002226418 0.014919743 -0.001271405 0.999999046 0.000539837 -0.060050029 -0.002225731 -0.000542666 0.999997377 1.952959776
0.999997914 0.001039866 0.001751186 0.019293245 -0.001042155 0.999998629 0.001306326 -0.070828155 -0.001749825 -0.001308149 0.999997616 2.169520378
0.999997199 0.001185798 0.002027905 0.026175290 -0.001188952 0.999998033 0.001554643 -0.075717509 -0.002026058 -0.001557050 0.999996722 2.388755798
0.999996901 0.001598473 0.001893474 0.030863179 -0.001600686 0.999998033 0.001167675 -0.078479782 -0.001891604 -0.001170702 0.999997497 2.621310234
0.999996483 0.001705748 0.002015515 0.034933407 -0.001708066 0.999997854 0.001148961 -0.088682994 -0.002013552 -0.001152400 0.999997318 2.844982624
0.999997377 0.000899888 0.002065664 0.037147645 -0.000902799 0.999998629 0.001408770 -0.095060065 -0.002064393 -0.001410631 0.999996841 3.088018179
0.999996960 0.001295059 0.002071096 0.043512065 -0.001297981 0.999998152 0.001409891 -0.101405039 -0.002069266 -0.001412575 0.999996901 3.327316523
0.999996185 0.001233387 0.002481337 0.043052938 -0.001237072 0.999998152 0.001483919 -0.109241992 -0.002479502 -0.001486983 0.999995887 3.576677561
0.999996126 0.001434161 0.002365548 0.052574985 -0.001438090 0.999997616 0.001659786 -0.115067035 -0.002363162 -0.001663181 0.999995887 3.836040735
0.999996305 0.001676009 0.002103248 0.056240022 -0.001678239 0.999998033 0.001059052 -0.113356486 -0.002101468 -0.001062578 0.999997199 4.097331524
0.999995530 0.001769362 0.002407049 0.062402058 -0.001771353 0.999998033 0.000825347 -0.115205228 -0.002405585 -0.000829607 0.999996722 4.361386299
0.999993801 0.002263619 0.002703779 0.065604098 -0.002266895 0.999996662 0.001209126 -0.125943586 -0.002701033 -0.001215248 0.999995589 4.619062901
0.999995232 0.001739182 0.002543302 0.073066294 -0.001742146 0.999997795 0.001163742 -0.133493751 -0.002541272 -0.001168167 0.999996066 4.888697147
0.999994516 0.001878201 0.002705487 0.077088282 -0.001882186 0.999997139 0.001471397 -0.142148167 -0.002702716 -0.001476481 0.999995172 5.153206825
0.999994218 0.001888667 0.002838831 0.082182266 -0.001892066 0.999997497 0.001195367 -0.147236928 -0.002836566 -0.001200731 0.999995232 5.419708729
0.999992847 0.002421072 0.002902227 0.087437727 -0.002425811 0.999995708 0.001630662 -0.158825606 -0.002898266 -0.001637690 0.999994457 5.693928719
0.999996185 0.001145311 0.002529747 0.097875714 -0.001149263 0.999998093 0.001561281 -0.168325752 -0.002527954 -0.001564182 0.999995589 5.967819214
0.999994993 0.001506307 0.002778500 0.093687624 -0.001511028 0.999997377 0.001698061 -0.174001396 -0.002775935 -0.001702251 0.999994695 6.260992527
0.999995053 0.001539370 0.002731079 0.102216102 -0.001544263 0.999997139 0.001790420 -0.181776598 -0.002728315 -0.001794629 0.999994695 6.546645164
0.999995351 0.001356221 0.002744218 0.105455592 -0.001361872 0.999997020 0.002058631 -0.193373516 -0.002741418 -0.002062359 0.999994099 6.832764149
0.999993205 0.002369915 0.002801258 0.111296803 -0.002374812 0.999995708 0.001745885 -0.195070297 -0.002797109 -0.001752526 0.999994576 7.146996498
0.999996424 0.001295062 0.002341566 0.136107638 -0.001299857 0.999997079 0.002047090 -0.206928506 -0.002338908 -0.002050127 0.999995112 7.423721313
0.999997735 0.000837472 0.001987397 0.145341158 -0.000842278 0.999996722 0.002418380 -0.220662579 -0.001985366 -0.002420048 0.999995053 7.733669281
0.999996722 0.001180719 0.002269138 0.147885576 -0.001186696 0.999995887 0.002634669 -0.228469461 -0.002266017 -0.002637353 0.999993980 8.050626755
0.999995649 0.001637231 0.002503918 0.153199822 -0.001642794 0.999996245 0.002221270 -0.236136794 -0.002500273 -0.002225373 0.999994397 8.372937202
0.999996722 0.001128351 0.002327356 0.161724448 -0.001133829 0.999996603 0.002354003 -0.244536713 -0.002324693 -0.002356634 0.999994516 8.707003593
0.999994159 0.001602330 0.003024856 0.161043897 -0.001609949 0.999995470 0.002517767 -0.256414741 -0.003020807 -0.002522622 0.999992192 9.057418823
0.999993384 0.002366815 0.002749106 0.166855797 -0.002374768 0.999992907 0.002893104 -0.272443980 -0.002742239 -0.002899613 0.999992013 9.395521164
0.999992132 0.002608147 0.003000082 0.177903160 -0.002615772 0.999993384 0.002540857 -0.280109972 -0.002993435 -0.002548685 0.999992251 9.729578972
0.999992073 0.002867759 0.002797761 0.184174508 -0.002874822 0.999992669 0.002524046 -0.287820101 -0.002790502 -0.002532068 0.999992847 10.084493637
0.999991834 0.002493493 0.003176568 0.187189952 -0.002502974 0.999992371 0.002984249 -0.306507736 -0.003169103 -0.002992175 0.999990523 10.445917130
0.999991953 0.002603622 0.003042595 0.196680203 -0.002612432 0.999992311 0.002894936 -0.316095263 -0.003035034 -0.002902861 0.999991238 10.809344292
0.999993026 0.002267498 0.002961424 0.204727039 -0.002276748 0.999992490 0.003124014 -0.324679285 -0.002954318 -0.003130734 0.999990702 11.173086166
0.999993324 0.001835137 0.003160427 0.213810921 -0.001845301 0.999993086 0.003216305 -0.334894925 -0.003154503 -0.003222116 0.999989867 11.560775757
0.999991477 0.002263703 0.003451523 0.223170906 -0.002272758 0.999994099 0.002621855 -0.343115807 -0.003445568 -0.002629677 0.999990523 11.903899193
0.999990165 0.002746150 0.003491318 0.231677949 -0.002756422 0.999991953 0.002940676 -0.355949819 -0.003483213 -0.002950271 0.999989569 12.291422844
0.999990642 0.001979517 0.003854450 0.245039105 -0.001990831 0.999993742 0.002933895 -0.365529895 -0.003848618 -0.002941541 0.999988198 12.673847198
0.999991715 0.001557207 0.003757193 0.256169736 -0.001569241 0.999993563 0.003201899 -0.374500334 -0.003752184 -0.003207769 0.999987781 13.069221497
0.999990344 0.001783464 0.004011284 0.255222380 -0.001794603 0.999994457 0.002774969 -0.389926165 -0.004006313 -0.002782140 0.999988079 13.466685295
0.999990344 0.002120706 0.003841195 0.268090069 -0.002132355 0.999993086 0.003031121 -0.403801382 -0.003834740 -0.003039283 0.999988019 13.880405426
0.999988079 0.002370289 0.004257884 0.276002318 -0.002382381 0.999993086 0.002837130 -0.407057673 -0.004251130 -0.002847241 0.999986887 14.305817604
0.999985874 0.002396674 0.004749585 0.286189288 -0.002410379 0.999992907 0.002881968 -0.420822799 -0.004742645 -0.002893375 0.999984562 14.708495140
0.999985516 0.002703286 0.004669834 0.294587463 -0.002719051 0.999990642 0.003372956 -0.432906330 -0.004660672 -0.003385604 0.999983430 15.139782906
0.999984622 0.002323621 0.005054706 0.305451453 -0.002339695 0.999992251 0.003176559 -0.445013463 -0.005047285 -0.003188336 0.999982119 15.590060234
0.999981225 0.002288445 0.005690692 0.313762695 -0.002308469 0.999991119 0.003514722 -0.458365828 -0.005682597 -0.003527792 0.999977589 16.036928177
0.999969721 0.004008737 0.006672928 0.317943066 -0.004035571 0.999983728 0.004012649 -0.482433200 -0.006656734 -0.004039457 0.999969661 16.462362289
0.999967158 0.004184363 0.006937255 0.326113671 -0.004209910 0.999984324 0.003672015 -0.493282199 -0.006921782 -0.003701100 0.999969184 16.909339905
0.999966085 0.004161440 0.007103931 0.343146861 -0.004186891 0.999984920 0.003571555 -0.499205410 -0.007088960 -0.003601178 0.999968350 17.368131638
0.999966919 0.003619353 0.007284255 0.350118518 -0.003654167 0.999981940 0.004771737 -0.529681802 -0.007266853 -0.004798197 0.999962091 17.811103821
0.999964118 0.003550022 0.007688182 0.362655222 -0.003583533 0.999984145 0.004349347 -0.538304508 -0.007672620 -0.004376741 0.999960959 18.281362534
0.999966025 0.003165868 0.007617041 0.382248670 -0.003197947 0.999985993 0.004203028 -0.545639813 -0.007603630 -0.004227243 0.999962151 18.755008698
0.999957860 0.003938499 0.008290161 0.382087231 -0.003979119 0.999980032 0.004888941 -0.565307915 -0.008270741 -0.004921721 0.999953747 19.241046906
0.999961734 0.003625576 0.007964400 0.399572283 -0.003661607 0.999983132 0.004514007 -0.582367599 -0.007947899 -0.004542997 0.999958098 19.704484940
0.999959946 0.003806279 0.008105926 0.409360766 -0.003844722 0.999981403 0.004732118 -0.595956564 -0.008087764 -0.004763093 0.999956012 20.185024261
0.999965608 0.003398841 0.007567646 0.431909978 -0.003432388 0.999984324 0.004424294 -0.604747772 -0.007552490 -0.004450116 0.999961615 20.683532715
0.999972463 0.003108158 0.006754375 0.454569578 -0.003137201 0.999985933 0.004293750 -0.615068972 -0.006740933 -0.004314821 0.999967992 21.175064087
0.999969065 0.002926336 0.007292775 0.451841474 -0.002961497 0.999984026 0.004815226 -0.636509657 -0.007278568 -0.004836675 0.999961793 21.686332703
0.999976635 0.002573606 0.006330155 0.467109799 -0.002604900 0.999984384 0.004940392 -0.649843395 -0.006317342 -0.004956767 0.999967754 22.199609756
0.999975741 0.002699967 0.006421838 0.482101500 -0.002731238 0.999984443 0.004865743 -0.662707806 -0.006408601 -0.004883164 0.999967456 22.691215515
0.999970675 0.003618285 0.006747768 0.481496036 -0.003651754 0.999981165 0.004954542 -0.677988350 -0.006729714 -0.004979037 0.999964952 23.227184296
0.999978900 0.003328578 0.005586532 0.497765452 -0.003357584 0.999980927 0.005190759 -0.694078565 -0.005569147 -0.005209406 0.999970913 23.754447937
0.999986887 0.001886757 0.004763391 0.510870159 -0.001909342 0.999986947 0.004741266 -0.702892303 -0.004754384 -0.004750298 0.999977410 24.313266754
0.999986947 0.002739542 0.004312059 0.515301824 -0.002759760 0.999985218 0.004689828 -0.715255558 -0.004299148 -0.004701667 0.999979675 24.822631836
0.999987483 0.002488879 0.004338687 0.537432194 -0.002509786 0.999985218 0.004820112 -0.734409153 -0.004326626 -0.004830942 0.999978960 25.336030960
0.999989152 0.002567795 0.003885276 0.551369429 -0.002587141 0.999984205 0.004982374 -0.748465657 -0.003872421 -0.004992371 0.999980092 25.876560211
0.999987543 0.003227158 0.003815110 0.557168305 -0.003244991 0.999983788 0.004677531 -0.753447056 -0.003799953 -0.004689853 0.999981761 26.437162399
0.999993324 0.002393363 0.002764185 0.576381326 -0.002408413 0.999982238 0.005454333 -0.772997200 -0.002751082 -0.005460954 0.999981284 26.956268311
0.999995053 0.002241919 0.002233482 0.593824208 -0.002254165 0.999982357 0.005495622 -0.784862995 -0.002221122 -0.005500630 0.999982417 27.511060715
0.999993861 0.002653556 0.002301563 0.601759851 -0.002665518 0.999982893 0.005209839 -0.801398873 -0.002287699 -0.005215941 0.999983847 28.039281845
0.999991298 0.003483084 0.002300901 0.606085777 -0.003493944 0.999982715 0.004732949 -0.804810822 -0.002284376 -0.004740947 0.999986112 28.610307693
0.999995768 0.002451194 0.001573478 0.621270537 -0.002460044 0.999981046 0.005647667 -0.834263384 -0.001559605 -0.005651515 0.999982834 29.134399414
0.999992549 0.003438629 0.001727455 0.625614941 -0.003448182 0.999978602 0.005558006 -0.844445825 -0.001708306 -0.005563922 0.999983072 29.684423447
0.999993265 0.003480262 0.001194529 0.637471378 -0.003486840 0.999978483 0.005550196 -0.853573442 -0.001175187 -0.005554324 0.999983907 30.232126236
0.999988019 0.004599934 0.001685008 0.633720815 -0.004608857 0.999975085 0.005330466 -0.858265042 -0.001660447 -0.005338169 0.999984384 30.745580673
0.999994814 0.002926224 0.001360576 0.651857555 -0.002933918 0.999979436 0.005687601 -0.884042799 -0.001343905 -0.005691564 0.999982893 31.278339386
0.999993861 0.003370778 0.000973188 0.662092149 -0.003375858 0.999980330 0.005266349 -0.891248465 -0.000955417 -0.005269602 0.999985635 31.834060669
0.999996722 0.002534729 0.000347731 0.688867390 -0.002536443 0.999984145 0.005018853 -0.902038693 -0.000335004 -0.005019719 0.999987364 32.358398438
0.999995828 0.002738812 0.000913775 0.679506242 -0.002744101 0.999979198 0.005837435 -0.919837713 -0.000897769 -0.005839919 0.999982536 32.922771454
0.999996305 0.002718664 -0.000172937 0.697842360 -0.002717634 0.999980032 0.005703995 -0.940906882 0.000188441 -0.005703504 0.999983728 33.454151154
0.999996424 0.002616309 0.000522507 0.715149224 -0.002619199 0.999980807 0.005609482 -0.942574918 -0.000507820 -0.005610831 0.999984145 33.988666534
0.999996960 0.002439228 0.000288950 0.717251658 -0.002440885 0.999979854 0.005882414 -0.959731221 -0.000274596 -0.005883102 0.999982655 34.551261902
0.999993801 0.003450055 0.000635879 0.724957645 -0.003453631 0.999977767 0.005711954 -0.971431017 -0.000616159 -0.005714116 0.999983430 35.092445374
0.999996185 0.002751079 -0.000010922 0.741102099 -0.002750967 0.999978781 0.005903719 -0.981645465 0.000027163 -0.005903667 0.999982536 35.629806519
0.999994218 0.003389990 0.000108408 0.750243187 -0.003390563 0.999977350 0.005808634 -0.994136631 -0.000088714 -0.005808969 0.999983132 36.157981873
0.999997735 0.002054558 -0.000521413 0.765151620 -0.002051658 0.999982774 0.005500814 -1.010369778 0.000532706 -0.005499732 0.999984741 36.710556030
0.999997079 0.002326490 -0.000640046 0.771489799 -0.002323022 0.999982953 0.005366321 -1.021458268 0.000652520 -0.005364818 0.999985397 37.262718201
0.999997973 0.001510464 -0.001340132 0.796129227 -0.001504123 0.999987721 0.004719940 -1.027165771 0.001347246 -0.004717914 0.999987960 37.801612854
0.999996424 0.002390548 -0.001185036 0.805127561 -0.002384562 0.999984503 0.005027653 -1.038872600 0.001197037 -0.005024809 0.999986708 38.333118439
0.999996960 0.002390317 -0.000575567 0.800941646 -0.002386850 0.999979436 0.005949986 -1.063734889 0.000589778 -0.005948594 0.999982119 38.843597412
0.999996603 0.002463693 -0.000883186 0.813724279 -0.002458149 0.999977648 0.006224802 -1.080038428 0.000898502 -0.006222609 0.999980271 39.387409210
0.999997258 0.002269604 -0.000547487 0.812650859 -0.002266631 0.999983013 0.005372289 -1.084236741 0.000559671 -0.005371032 0.999985397 39.906364441
0.999994874 0.003123441 -0.000668244 0.818485200 -0.003119759 0.999980330 0.005441929 -1.083241701 0.000685228 -0.005439817 0.999984980 40.466587067
0.999997020 0.002415204 -0.000420802 0.841255128 -0.002412572 0.999978185 0.006146029 -1.118139982 0.000435637 -0.006144996 0.999981046 41.015933990
0.999994755 0.003220993 -0.000367068 0.851724386 -0.003218467 0.999972403 0.006684909 -1.130086660 0.000388590 -0.006683693 0.999977648 41.559997559
0.999996305 0.002496536 -0.001128298 0.863291919 -0.002489722 0.999978900 0.006000735 -1.139157057 0.001143256 -0.005997904 0.999981403 42.114856720
0.999996841 0.002430435 -0.000548814 0.883189023 -0.002427048 0.999978483 0.006090398 -1.149566174 0.000563605 -0.006089048 0.999981344 42.605617523
0.999996483 0.002640966 -0.000066479 0.868001759 -0.002640487 0.999976158 0.006383446 -1.165566683 0.000083336 -0.006383247 0.999979556 43.114910126
0.999996543 0.002621568 -0.000202852 0.881608605 -0.002620319 0.999979019 0.005929158 -1.175417662 0.000218391 -0.005928606 0.999982417 43.668865204
0.999997854 0.001758265 -0.001145122 0.905086577 -0.001751074 0.999978900 0.006250581 -1.189088345 0.001156088 -0.006248561 0.999979734 44.209590912
0.999995887 0.002295584 -0.001628798 0.916458726 -0.002284882 0.999975979 0.006542273 -1.199383974 0.001643777 -0.006538526 0.999977291 44.709888458
0.999997556 0.002203325 -0.000031100 0.912326455 -0.002203114 0.999981463 0.005661209 -1.213813066 0.000043573 -0.005661126 0.999983966 45.246326447
0.999997199 0.002337105 0.000079257 0.924312353 -0.002337481 0.999983966 0.005148035 -1.219529390 -0.000067224 -0.005148206 0.999986768 45.792602539
0.999998868 0.001398588 -0.000556642 0.940335095 -0.001395797 0.999986649 0.004981988 -1.228822231 0.000563602 -0.004981205 0.999987423 46.350852966
0.999997497 0.002202862 0.000421655 0.937331796 -0.002205399 0.999978840 0.006114843 -1.249227285 -0.000408175 -0.006115757 0.999981225 46.830440521
0.999994993 0.003161078 0.000339531 0.942764163 -0.003163172 0.999974847 0.006355891 -1.261349797 -0.000319431 -0.006356932 0.999979794 47.375530243
0.999998689 0.001620121 -0.000406040 0.964432120 -0.001617525 0.999978840 0.006315281 -1.275962949 0.000416262 -0.006314615 0.999979973 47.934505463
0.999998748 0.001378312 0.000790873 0.967765749 -0.001383461 0.999977708 0.006548278 -1.290711284 -0.000781830 -0.006549364 0.999978244 48.423019409
0.999999464 0.001032955 0.000263483 0.979530990 -0.001034598 0.999979556 0.006312018 -1.300686836 -0.000256957 -0.006312289 0.999980032 48.969829559
0.999998391 0.001648472 0.000821286 0.994069934 -0.001653653 0.999978542 0.006348138 -1.312577009 -0.000810804 -0.006349486 0.999979556 49.506916046
0.999993622 0.003056722 0.001810768 0.990349889 -0.003068092 0.999975324 0.006309996 -1.326314211 -0.001791434 -0.006315512 0.999978423 50.038078308
0.999992728 0.002899156 0.002470016 1.000057578 -0.002914004 0.999977589 0.006029177 -1.341501713 -0.002452482 -0.006036330 0.999978721 50.566913605
0.999995708 0.002394624 0.001662453 1.018597841 -0.002404863 0.999977887 0.006184516 -1.348867774 -0.001647606 -0.006188488 0.999979496 51.124721527
0.999994099 0.003061528 0.001515164 1.034187198 -0.003071242 0.999974608 0.006451362 -1.362229228 -0.001495375 -0.006455977 0.999978065 51.616508484
0.999994040 0.003025717 0.001655697 1.047114730 -0.003035635 0.999977291 0.006021125 -1.373008490 -0.001637441 -0.006026115 0.999980509 52.160552979
0.999997497 0.002012335 0.001038552 1.057004333 -0.002018960 0.999977350 0.006417797 -1.381044388 -0.001025613 -0.006419878 0.999978900 52.712074280
0.999992311 0.003472854 0.001811316 1.057112932 -0.003484197 0.999974072 0.006296705 -1.396936059 -0.001789402 -0.006302967 0.999978542 53.223644257
0.999991357 0.003717994 0.001843338 1.066465497 -0.003728825 0.999975622 0.005907480 -1.405287266 -0.001821329 -0.005914301 0.999980867 53.764102936
0.999992549 0.003523948 0.001576749 1.076231718 -0.003534028 0.999973059 0.006436532 -1.428711295 -0.001554024 -0.006442057 0.999978006 54.306880951
0.999994755 0.002899017 0.001452689 1.095078707 -0.002908260 0.999975324 0.006401533 -1.437747359 -0.001434096 -0.006405724 0.999978423 54.852851868
0.999988675 0.003835351 0.002825598 1.096356511 -0.003851470 0.999976218 0.005721328 -1.449141622 -0.002803589 -0.005732146 0.999979615 55.356449127
0.999988675 0.004145672 0.002360110 1.104436874 -0.004159503 0.999974072 0.005885743 -1.457513571 -0.002335649 -0.005895493 0.999979854 55.911125183
0.999990344 0.003848892 0.002149177 1.126894236 -0.003863176 0.999970257 0.006682014 -1.482445598 -0.002123395 -0.006690252 0.999975383 56.449169159
0.999982655 0.004852784 0.003316181 1.125842452 -0.004872224 0.999970973 0.005879488 -1.496663332 -0.003287552 -0.005895545 0.999977231 56.947185516
0.999985754 0.004350155 0.003105444 1.139249325 -0.004366952 0.999975801 0.005422769 -1.506987453 -0.003081779 -0.005436253 0.999980450 57.491619110
0.999987662 0.004276110 0.002541939 1.164126515 -0.004290252 0.999975145 0.005584333 -1.511467457 -0.002517997 -0.005595169 0.999981165 58.043617249
0.999986410 0.004392021 0.002786466 1.180914521 -0.004408036 0.999973655 0.005767252 -1.536553025 -0.002761062 -0.005779456 0.999979496 58.528060913
0.999988973 0.003954171 0.002539195 1.199851036 -0.003969155 0.999974608 0.005923131 -1.558351517 -0.002515710 -0.005933145 0.999979198 59.064918518
0.999992371 0.003356859 0.001969721 1.213265061 -0.003367324 0.999980092 0.005333825 -1.569519758 -0.001951777 -0.005340417 0.999983847 59.600826263
0.999981999 0.005168049 0.003047564 1.216572165 -0.005185030 0.999970913 0.005590657 -1.590875268 -0.003018582 -0.005606357 0.999979734 60.130992889
0.999975264 0.006264165 0.003180901 1.228833795 -0.006282099 0.999964297 0.005659865 -1.604000568 -0.003145332 -0.005679707 0.999978960 60.684963226
0.999984622 0.004661604 0.002999747 1.251535296 -0.004677456 0.999974966 0.005298998 -1.611961007 -0.002974971 -0.005312948 0.999981523 61.223873138
0.999982595 0.004818233 0.003382382 1.269492984 -0.004841110 0.999965250 0.006788532 -1.694458961 -0.003349556 -0.006804789 0.999971151 61.699413300
0.999983430 0.004959037 0.002923530 1.287145019 -0.004978817 0.999964535 0.006798249 -1.704925537 -0.002889714 -0.006812693 0.999972582 62.247470856
0.999984264 0.004699936 0.003062748 1.303181767 -0.004719335 0.999968708 0.006357871 -1.707610369 -0.003032770 -0.006372225 0.999975026 62.793125153
0.999983847 0.004836347 0.002989815 1.334398746 -0.004860361 0.999955535 0.008077095 -1.791630507 -0.002950619 -0.008091496 0.999962866 63.269748688
0.999982297 0.005206898 0.002887059 1.346806407 -0.005229832 0.999954343 0.007993908 -1.798104763 -0.002845304 -0.008008866 0.999963820 63.819911957
0.999983430 0.004898062 0.003011170 1.357953548 -0.004920490 0.999959886 0.007486358 -1.807227135 -0.002974380 -0.007501049 0.999967515 64.337615967
0.999988973 0.003732261 0.002864948 1.381454349 -0.003753867 0.999964297 0.007573817 -1.816789985 -0.002836577 -0.007584488 0.999967217 64.851394653
0.999994159 0.002966344 0.001694439 1.421813011 -0.002982912 0.999946952 0.009860526 -1.916646719 -0.001665099 -0.009865522 0.999949932 65.431831360
0.999992669 0.003041894 0.002324822 1.422349811 -0.003063182 0.999952912 0.009208748 -1.918570280 -0.002296701 -0.009215800 0.999954879 65.988227844
0.999994695 0.002627710 0.001928156 1.441574812 -0.002645702 0.999952435 0.009389263 -1.939322233 -0.001903391 -0.009394313 0.999954045 66.521377563
0.999991000 0.003478974 0.002410640 1.450361013 -0.003502470 0.999945700 0.009812211 -1.947829723 -0.002376372 -0.009820566 0.999948919 67.031860352
0.999978662 0.005590414 0.003384754 1.426242113 -0.005613979 0.999959767 0.006993357 -1.869747639 -0.003345522 -0.007012210 0.999969780 67.593673706
0.999975264 0.005804279 0.003961765 1.433556914 -0.005831334 0.999959469 0.006851811 -1.878697515 -0.003921835 -0.006874745 0.999968708 68.152801514
0.999976397 0.005913958 0.003510479 1.442318439 -0.005937900 0.999958932 0.006849546 -1.899470925 -0.003469827 -0.006870228 0.999970436 68.674346924
0.999965310 0.007100040 0.004335972 1.447156549 -0.007126368 0.999956071 0.006086413 -1.887521863 -0.004292567 -0.006117102 0.999972105 69.202926636
0.999964535 0.006899305 0.004812934 1.455853224 -0.006932692 0.999951780 0.006954881 -1.902116776 -0.004764718 -0.006988001 0.999964297 69.765220642
0.999965727 0.006783810 0.004726696 1.468274474 -0.006817563 0.999951124 0.007161872 -1.922727108 -0.004677880 -0.007193852 0.999963284 70.331687927
0.999979794 0.004933182 0.004013264 1.507235050 -0.004961449 0.999962747 0.007064165 -1.940357208 -0.003978265 -0.007083933 0.999966979 70.816505432
0.999978662 0.004914098 0.004311424 1.518475056 -0.004944582 0.999962687 0.007088510 -1.949607849 -0.004276429 -0.007109676 0.999965608 71.369651794
0.999980390 0.005269576 0.003395995 1.530934930 -0.005294265 0.999959290 0.007302048 -1.966013670 -0.003357378 -0.007319883 0.999967515 71.926261902
0.999982238 0.004265446 0.004153181 1.539999247 -0.004295049 0.999965250 0.007145041 -1.969341755 -0.004122560 -0.007162752 0.999965787 72.459571838
0.999985099 0.003868225 0.003842401 1.551748753 -0.003896863 0.999964595 0.007473946 -1.978367329 -0.003813354 -0.007488809 0.999964595 73.016326904
0.999978662 0.004859782 0.004366530 1.557076812 -0.004891440 0.999961615 0.007268721 -1.994863272 -0.004331037 -0.007289923 0.999964058 73.557022095
0.999982059 0.004309747 0.004158854 1.576022387 -0.004340187 0.999963701 0.007338194 -2.000399113 -0.004127077 -0.007356112 0.999964416 74.105125427
0.999977171 0.004670151 0.004889203 1.587845087 -0.004700270 0.999969900 0.006167228 -1.981932998 -0.004860254 -0.006190068 0.999969006 74.598152161
0.999985456 0.003351321 0.004233999 1.608793378 -0.003378264 0.999973953 0.006372541 -1.992286444 -0.004212533 -0.006386751 0.999970734 75.150672913
0.999981403 0.004310554 0.004305576 1.612674236 -0.004336874 0.999971867 0.006122827 -2.007333994 -0.004279062 -0.006141385 0.999971926 75.664276123
0.999977350 0.004632066 0.004865721 1.638872623 -0.004663843 0.999967694 0.006540250 -2.025106192 -0.004835269 -0.006562795 0.999966800 76.206901550
0.999970436 0.005660692 0.005195756 1.645275116 -0.005692541 0.999965012 0.006135839 -2.029243708 -0.005160841 -0.006165236 0.999967754 76.764648438
0.999982238 0.004181102 0.004235066 1.682292461 -0.004209379 0.999968767 0.006690091 -2.045705318 -0.004206961 -0.006707800 0.999968708 77.311279297
0.999982297 0.003709869 0.004642874 1.685935974 -0.003741203 0.999970138 0.006758580 -2.073892117 -0.004617661 -0.006775830 0.999966383 77.789642334
0.999963284 0.005813697 0.006297796 1.672308683 -0.005847118 0.999968827 0.005301309 -2.041016102 -0.006266780 -0.005337939 0.999966085 78.264984131
0.999962866 0.006379004 0.005800958 1.686787963 -0.006407639 0.999967277 0.004930911 -2.052496672 -0.005769315 -0.004967899 0.999970973 78.818023682
0.999967158 0.005662107 0.005803315 1.710041523 -0.005689898 0.999972343 0.004783422 -2.066359758 -0.005776071 -0.004816286 0.999971688 79.384193420
0.999950528 0.006178114 0.007787673 1.712855339 -0.006219528 0.999966502 0.005304829 -2.075818539 -0.007754638 -0.005353002 0.999955595 79.889076233
0.999943733 0.005863854 0.008840999 1.728407860 -0.005910456 0.999968708 0.005254116 -2.090424538 -0.008809913 -0.005306074 0.999947071 80.441093445
0.999939024 0.005320884 0.009679941 1.751070976 -0.005369522 0.999973118 0.005005551 -2.099489689 -0.009653047 -0.005057222 0.999940515 80.986495972
0.999928355 0.005604900 0.010575524 1.764915347 -0.005657173 0.999971867 0.004919347 -2.108175516 -0.010547655 -0.004978823 0.999931991 81.539878845
0.999873042 0.006530709 0.014530353 1.783617973 -0.006600674 0.999966800 0.004772217 -2.123977184 -0.014498705 -0.004867522 0.999883056 82.086509705
0.999807119 0.006273511 0.018610910 1.804319620 -0.006356397 0.999970078 0.004397798 -2.131839752 -0.018582761 -0.004515248 0.999817193 82.632904053
0.999775231 0.004252213 0.020770224 1.842684388 -0.004342769 0.999981225 0.004316761 -2.146264553 -0.020751478 -0.004405992 0.999774933 83.184471130
0.999657154 0.004946548 0.025713084 1.869441628 -0.005071903 0.999975562 0.004812171 -2.162868023 -0.025688652 -0.004940936 0.999657810 83.716423035
0.999493599 0.004603453 0.031485420 1.901891232 -0.004758943 0.999976814 0.004865288 -2.173584938 -0.031462301 -0.005012661 0.999492466 84.267013550
0.999286354 0.004859894 0.037458040 1.949142933 -0.005033454 0.999977052 0.004540561 -2.188457489 -0.037435111 -0.004725865 0.999287903 84.788246155
0.999032378 0.004650317 0.043733977 1.978798747 -0.004866204 0.999976516 0.004831164 -2.190961599 -0.043710485 -0.005039307 0.999031484 85.343597412
0.998668492 0.004175796 0.051415719 2.038020849 -0.004414190 0.999980092 0.004523921 -2.194527864 -0.051395796 -0.004744857 0.998667002 85.911544800
0.998161972 0.004916082 0.060401596 2.085743904 -0.005183307 0.999977469 0.004268227 -2.206770897 -0.060379252 -0.004573462 0.998165071 86.473838806
0.997736037 0.003437049 0.067162991 2.135774612 -0.003721049 0.999984682 0.004103865 -2.219861984 -0.067147844 -0.004344490 0.997733593 87.010520935
0.997065902 0.004179361 0.076433405 2.196258545 -0.004516193 0.999980867 0.004234558 -2.230992317 -0.076414242 -0.004567321 0.997065723 87.556823730
0.996262789 0.002915444 0.086324416 2.267576694 -0.003204593 0.999989688 0.003211184 -2.238387108 -0.086314172 -0.003475818 0.996261895 88.117942810
0.995436132 0.003592436 0.095362410 2.335458279 -0.003965942 0.999985218 0.003727476 -2.255370617 -0.095347606 -0.004088668 0.995435655 88.642433167
0.994780540 0.002617274 0.102004081 2.415030956 -0.002963831 0.999990284 0.003246082 -2.264945030 -0.101994604 -0.003531462 0.994778693 89.187309265
0.993602812 0.002878515 0.112894371 2.489708900 -0.003280640 0.999988914 0.003376355 -2.278733253 -0.112883404 -0.003725123 0.993601263 89.719543457
0.992350280 0.003039359 0.123416401 2.563137054 -0.003549214 0.999985993 0.003911545 -2.306839705 -0.123402797 -0.004319653 0.992347240 90.255546570
0.991140842 0.002163491 0.132797435 2.656138420 -0.002677040 0.999989629 0.003688756 -2.318434000 -0.132788062 -0.004011582 0.991136372 90.806251526
0.989564121 0.001945764 0.144080490 2.760644913 -0.002529708 0.999989331 0.003869815 -2.335671902 -0.144071415 -0.004193911 0.989558339 91.339637756
0.987606466 0.002496499 0.156931192 2.860701561 -0.003125496 0.999988019 0.003761456 -2.354913950 -0.156919926 -0.004205326 0.987602413 91.870941162
0.985915601 0.002206679 0.167229012 2.967675209 -0.002944257 0.999987006 0.004162780 -2.364267588 -0.167217657 -0.004596514 0.985909283 92.349113464
0.984036267 0.002497639 0.177950367 3.078607559 -0.003234962 0.999987364 0.003853388 -2.373762131 -0.177938506 -0.004367536 0.984031975 92.890449524
0.981679559 0.002874063 0.190517783 3.203086853 -0.003715509 0.999984920 0.004059565 -2.391281128 -0.190503225 -0.004693062 0.981675327 93.409477234
0.979230464 0.000914313 0.202748045 3.343353271 -0.001703643 0.999991596 0.003718677 -2.406518459 -0.202742934 -0.003986852 0.979223907 93.954521179
0.977129877 0.000100148 0.212642968 3.479711533 -0.001004472 0.999990880 0.004144755 -2.422229767 -0.212640598 -0.004263557 0.977121234 94.489517212
0.974072576 0.000207567 0.226235881 3.617248535 -0.001158166 0.999991059 0.004069083 -2.439919710 -0.226233035 -0.004225601 0.974064112 95.004615784
0.970904052 -0.001001582 0.239466786 3.777465820 0.000088359 0.999992728 0.003824273 -2.448459625 -0.239468843 -0.003691843 0.970897019 95.541114807
0.968126595 -0.000474889 0.250461012 3.922660828 -0.000669708 0.999989688 0.004484718 -2.471867085 -0.250460565 -0.004509510 0.968116283 96.065704346
0.965278745 -0.000532920 0.261221617 4.094451904 -0.000648388 0.999989986 0.004436043 -2.483298063 -0.261221379 -0.004451391 0.965268612 96.608428955
0.961638212 -0.000923270 0.274319589 4.261299133 -0.000274524 0.999990642 0.004327997 -2.490741730 -0.274320960 -0.004237274 0.961628795 97.097145081
0.957720757 -0.001250846 0.287696540 4.421419144 -0.000089226 0.999989212 0.004644774 -2.514176607 -0.287699223 -0.004474066 0.957710385 97.591079712
0.954206467 -0.001861499 0.299142987 4.606609344 0.000471474 0.999988794 0.004718794 -2.525859594 -0.299148440 -0.004361666 0.954196572 98.111793518
0.949746013 -0.001859606 0.313016117 4.795028687 0.000259517 0.999986708 0.005153430 -2.541409254 -0.313021451 -0.004813217 0.949733913 98.609352112
0.945111215 -0.001521677 0.326745361 5.001457214 -0.000092263 0.999988019 0.004923889 -2.552248240 -0.326748848 -0.004683770 0.945099592 99.142204285
0.940967917 -0.001138462 0.338494122 5.211032867 -0.000632345 0.999986708 0.005121102 -2.562452078 -0.338495463 -0.005032837 0.940954566 99.664031982
0.936310589 -0.002286002 0.351165444 5.424488068 0.000789240 0.999990106 0.004405346 -2.571285725 -0.351172060 -0.003847618 0.936303020 100.187759399
0.931057990 -0.003346341 0.364855945 5.659757614 0.001836467 0.999988317 0.004485179 -2.589528561 -0.364866644 -0.003505916 0.931053281 100.672622681
0.926324487 -0.003825245 0.376707405 5.869926453 0.002165803 0.999986053 0.004828564 -2.607185364 -0.376720607 -0.003656943 0.926319718 101.138580322
0.920939863 -0.002148843 0.389698774 6.083948135 0.000037329 0.999985218 0.005425815 -2.627091885 -0.389704704 -0.004982302 0.920926392 101.638084412
0.915023983 -0.002978056 0.403388381 6.334194183 0.001018660 0.999986649 0.005071833 -2.636508942 -0.403398097 -0.004229933 0.915014863 102.131660461
0.909125447 -0.003498224 0.416507512 6.570121765 0.001177664 0.999982357 0.005828268 -2.655079842 -0.416520596 -0.004808121 0.909113467 102.600891113
0.904118180 -0.003421728 0.427268565 6.819553375 0.001162871 0.999983966 0.005547566 -2.665312052 -0.427280664 -0.004518798 0.904107749 103.078735352
0.898111761 -0.003365362 0.439754307 7.034160614 0.000961970 0.999983370 0.005688060 -2.677762032 -0.439766139 -0.004685484 0.898100078 103.520767212
0.891211748 -0.003566018 0.453573555 7.350082397 0.000994712 0.999982059 0.005907433 -2.688205719 -0.453586429 -0.004813598 0.891199291 104.066123962
0.885065258 -0.003892659 0.465450764 7.630123138 0.001578890 0.999984384 0.005360777 -2.692191124 -0.465464383 -0.004009741 0.885057509 104.552406311
0.879088700 -0.003585435 0.476644814 7.917228699 0.001130350 0.999984562 0.005437385 -2.699763298 -0.476657003 -0.004241168 0.879079163 105.049827576
0.871384561 -0.004469207 0.490580380 8.201992035 0.001881016 0.999981523 0.005768754 -2.720754623 -0.490597099 -0.004104013 0.871376872 105.492187500
0.864077389 -0.004978726 0.503334582 8.439167023 0.002237288 0.999979258 0.006050512 -2.727617502 -0.503354192 -0.004102006 0.864070475 105.838340759
