1.000000000 0.000000000 0.000000000 0.000000000 0.000000000 1.000000000 0.000000000 0.000000000 0.000000000 0.000000000 1.000000000 0.000000000
1.000000000 0.000093093 -0.000069703 0.000669594 -0.000093096 1.000000000 -0.000047315 -0.000267922 0.000069698 0.000047321 1.000000000 -0.001937099
1.000000000 0.000168880 0.000000954 0.000651470 -0.000168880 1.000000000 0.000109506 -0.000619516 -0.000000935 -0.000109506 1.000000000 -0.000879481
1.000000000 0.000085073 -0.000055086 0.000527217 -0.000085068 1.000000000 0.000096799 -0.000496029 0.000055094 -0.000096794 1.000000000 -0.001995197
1.000000000 0.000061873 -0.000052149 0.000797938 -0.000061873 1.000000000 -0.000007329 0.000307570 0.000052149 0.000007332 1.000000000 0.000154208
1.000000000 -0.000076133 -0.000024694 0.001497890 0.000076131 1.000000000 -0.000046251 0.000305632 0.000024698 0.000046249 1.000000000 -0.000601290
1.000000000 0.000093959 0.000023060 0.000563748 -0.000093957 1.000000000 -0.000058571 0.000431800 -0.000023065 0.000058569 1.000000000 -0.000755691
1.000000000 -0.000207750 0.000026198 0.001172014 0.000207750 1.000000000 -0.000019582 -0.000019141 -0.000026193 0.000019587 1.000000000 -0.001373696
1.000000000 -0.000104668 0.000042142 0.000533229 0.000104671 1.000000000 -0.000055089 0.001093840 -0.000042136 0.000055094 1.000000000 0.001012761
1.000000000 0.000014201 -0.000093225 0.002005649 -0.000014194 1.000000000 0.000078251 -0.000325205 0.000093226 -0.000078249 1.000000000 -0.000121423
1.000000000 0.000073639 -0.000011047 0.000860511 -0.000073640 1.000000000 -0.000066984 0.001100745 0.000011042 0.000066985 1.000000000 0.000712683
1.000000000 0.000059594 0.000028616 -0.000225009 -0.000059596 1.000000000 0.000089396 -0.000149330 -0.000028610 -0.000089398 1.000000000 0.000254826
1.000000000 -0.000155309 -0.000054633 0.001119307 0.000155315 1.000000000 0.000106737 -0.000367148 0.000054616 -0.000106745 1.000000000 -0.000253911
1.000000000 -0.000016182 -0.000139290 0.001585652 0.000016205 1.000000000 0.000163360 -0.001324964 0.000139287 -0.000163362 1.000000000 -0.002065005
1.000000000 -0.000128183 -0.000139996 0.001151193 0.000128192 1.000000000 0.000065542 -0.000365079 0.000139988 -0.000065560 1.000000000 -0.000245994
0.999999940 0.000258099 0.000137348 -0.000101140 -0.000258104 0.999999940 0.000037119 0.000500461 -0.000137338 -0.000037154 1.000000000 0.000914723
1.000000000 -0.000059680 -0.000193736 0.001438813 0.000059689 1.000000000 0.000044343 -0.000048898 0.000193733 -0.000044355 1.000000000 -0.000787695
1.000000000 -0.000013140 -0.000082924 0.001133647 0.000013139 1.000000000 -0.000011439 0.000119819 0.000082924 0.000011438 1.000000000 -0.000252777
1.000000000 -0.000009520 0.000051655 0.000156288 0.000009520 1.000000000 -0.000011435 0.000565161 -0.000051655 0.000011435 1.000000000 0.000641865
1.000000000 0.000189934 -0.000034976 0.000797536 -0.000189937 1.000000000 -0.000101204 0.001266960 0.000034957 0.000101211 1.000000000 0.000928475
1.000000000 -0.000031584 -0.000139040 0.001425768 0.000031579 1.000000000 -0.000041138 0.000848132 0.000139041 0.000041134 1.000000000 0.000283305
1.000000000 -0.000052528 -0.000007983 0.001521318 0.000052529 1.000000000 0.000165969 -0.001319495 0.000007974 -0.000165969 1.000000000 -0.000156207
1.000000000 0.000124513 0.000086648 -0.000031402 -0.000124517 1.000000000 0.000049186 0.000958986 -0.000086642 -0.000049197 1.000000000 -0.000070148
0.999999940 0.000287398 -0.000094348 0.001351431 -0.000287389 0.999999940 0.000100088 -0.000873579 0.000094377 -0.000100061 1.000000000 -0.001945262
1.000000000 0.000136305 0.000036556 0.000521258 -0.000136303 1.000000000 -0.000055178 0.001273536 -0.000036564 0.000055173 1.000000000 0.000588698
1.000000000 0.000034429 -0.000015978 0.000706907 -0.000034432 1.000000000 -0.000152011 0.001682781 0.000015972 0.000152012 1.000000000 0.000948393
0.999999940 0.000265682 0.000124158 -0.000866211 -0.000265664 0.999999940 -0.000145228 0.001674155 -0.000124197 0.000145195 1.000000000 0.002070047
1.000000000 -0.000067641 0.000004551 -0.000430222 0.000067641 1.000000000 0.000029663 0.001414730 -0.000004553 -0.000029663 1.000000000 0.001664833
1.000000000 -0.000019760 0.000006453 0.000613522 0.000019760 1.000000000 -0.000058942 0.001345474 -0.000006452 0.000058943 1.000000000 0.000687486
0.999999940 0.000243638 0.000023694 0.000720296 -0.000243640 0.999999940 0.000117238 -0.000462062 -0.000023666 -0.000117244 1.000000000 -0.001641586
1.000000000 0.000032104 0.000105939 0.000348563 -0.000032110 1.000000000 0.000060409 0.000012143 -0.000105937 -0.000060412 1.000000000 0.000223438
1.000000000 0.000119480 0.000055714 0.000465504 -0.000119482 1.000000000 0.000025592 0.000169417 -0.000055711 -0.000025599 1.000000000 -0.000000667
1.000000000 0.000103209 -0.000000025 0.000544059 -0.000103209 1.000000000 0.000027766 0.000696820 0.000000028 -0.000027766 1.000000000 0.000767358
1.000000000 0.000072933 0.000020815 0.000874509 -0.000072934 1.000000000 0.000033586 0.000819582 -0.000020812 -0.000033587 1.000000000 0.000849767
0.999999940 0.000218303 0.000114172 0.000404365 -0.000218313 1.000000000 0.000087608 0.000832730 -0.000114153 -0.000087632 1.000000000 -0.000350843
1.000000000 0.000034439 0.000100278 -0.001091388 -0.000034439 1.000000000 -0.000000388 0.001770710 -0.000100278 0.000000385 1.000000000 0.003200385
1.000000000 0.000007130 0.000025407 0.000333788 -0.000007132 1.000000000 0.000092667 0.000761862 -0.000025406 -0.000092667 1.000000000 0.000916239
1.000000000 0.000021116 -0.000029904 0.000858327 -0.000021114 1.000000000 0.000089292 0.000657038 0.000029906 -0.000089291 1.000000000 0.000027912
1.000000000 0.000022618 0.000111434 -0.000055980 -0.000022628 1.000000000 0.000088409 0.000771469 -0.000111432 -0.000088411 1.000000000 0.003676206
0.999999881 -0.000460827 0.000046058 0.003155546 0.000460853 0.999999762 -0.000557969 -0.002758444 -0.000045801 0.000557990 0.999999821 0.049596809
1.000000000 0.000124807 0.000189748 0.000983746 -0.000124606 0.999999464 -0.001055580 -0.006591005 -0.000189880 0.001055556 0.999999404 0.132981166
0.999999940 0.000314658 -0.000128980 0.005021309 -0.000314849 0.999998868 -0.001487402 -0.006733563 0.000128512 0.001487443 0.999998868 0.254764557
0.999999464 0.000516623 -0.000855359 0.011913506 -0.000516228 0.999999702 0.000462263 -0.021560399 0.000855597 -0.000461821 0.999999523 0.378891259
0.999999464 0.000396128 -0.000912103 0.016297933 -0.000395714 0.999999821 0.000453671 -0.025355069 0.000912283 -0.000453310 0.999999464 0.515385032
0.999999702 0.000170210 -0.000788257 0.020001145 -0.000169541 0.999999642 0.000848003 -0.033312682 0.000788401 -0.000847869 0.999999344 0.668137908
0.999998927 0.000890346 -0.001265779 0.026259251 -0.000889189 0.999999166 0.000915067 -0.035918299 0.001266593 -0.000913940 0.999998808 0.832435906
0.999998748 0.000757627 -0.001423226 0.030457530 -0.000756165 0.999999166 0.001027653 -0.041369654 0.001424003 -0.001026575 0.999998510 1.006444573
0.999998391 0.000984354 -0.001522747 0.037276547 -0.000981734 0.999998033 0.001719958 -0.052313615 0.001524437 -0.001718460 0.999997377 1.172354937
0.999999583 0.000806967 -0.000371091 0.018772535 -0.000806841 0.999999642 0.000338295 -0.029537220 0.000371364 -0.000337995 0.999999881 1.359607339
0.999999225 0.001272812 -0.000106022 0.016938757 -0.001272821 0.999999225 -0.000075639 -0.029370710 0.000105926 0.000075774 1.000000000 1.555180430
0.999999285 0.001072551 -0.000417634 0.027075483 -0.001072453 0.999999464 0.000234332 -0.034885712 0.000417885 -0.000233884 0.999999821 1.751524448
0.999997735 0.001977527 0.000670392 0.001978601 -0.001976954 0.999997675 -0.000853869 -0.015992766 -0.000672079 0.000852542 0.999999344 1.946354032
0.999998033 0.001704479 0.000928304 0.005255576 -0.001703764 0.999998212 -0.000770481 -0.021806974 -0.000929616 0.000768898 0.999999225 2.155609369
0.999997854 0.001837405 0.000954111 0.012553304 -0.001836682 0.999998033 -0.000757952 -0.030256948 -0.000955502 0.000756198 0.999999285 2.368824720
0.999998868 0.001264199 0.000818345 0.011101026 -0.001263986 0.999999166 -0.000259893 -0.040498991 -0.000818673 0.000258858 0.999999642 2.613143206
0.999998510 0.001438358 0.000941014 0.013820897 -0.001438308 0.999998927 -0.000054360 -0.049827546 -0.000941091 0.000053006 0.999999523 2.840476751
0.999999106 0.000929872 0.000933710 0.020211287 -0.000930159 0.999999464 0.000307183 -0.058704846 -0.000933424 -0.000308051 0.999999523 3.071435928
0.999998450 0.001345969 0.001117749 0.018010478 -0.001345769 0.999998987 -0.000179134 -0.060391691 -0.001117989 0.000177630 0.999999344 3.317183733
0.999998212 0.001382389 0.001280307 0.012984153 -0.001381411 0.999998748 -0.000764473 -0.054728054 -0.001281362 0.000762703 0.999998868 3.579300165
0.999998033 0.001511840 0.001272993 0.019100156 -0.001510767 0.999998510 -0.000843507 -0.061022807 -0.001274267 0.000841583 0.999998808 3.832115650
0.999997914 0.001442627 0.001457271 0.023698386 -0.001441329 0.999998569 -0.000891373 -0.066659771 -0.001458554 0.000889271 0.999998569 4.085947037
0.999997735 0.001550946 0.001419400 0.019938536 -0.001549465 0.999998271 -0.001043605 -0.062713087 -0.001421016 0.001041404 0.999998450 4.359752655
0.999996662 0.001979911 0.001631195 0.021332424 -0.001978430 0.999997616 -0.000909107 -0.070585519 -0.001632991 0.000905877 0.999998271 4.622580051
0.999996543 0.001885250 0.001831620 0.027718810 -0.001883687 0.999997854 -0.000854970 -0.081703342 -0.001833227 0.000851516 0.999997973 4.877334595
0.999996841 0.001478841 0.001997777 0.024092019 -0.001477041 0.999998450 -0.000902180 -0.077312581 -0.001999108 0.000899226 0.999997616 5.145385265
0.999997497 0.001411026 0.001714565 0.034880895 -0.001409172 0.999998391 -0.001082460 -0.084648713 -0.001716090 0.001080041 0.999997973 5.405751705
0.999996006 0.001516322 0.002391286 0.024131682 -0.001512254 0.999997437 -0.001702087 -0.079381287 -0.002393861 0.001698464 0.999995649 5.692233086
0.999996483 0.001269865 0.002349242 0.028038548 -0.001265194 0.999997258 -0.001988823 -0.082910612 -0.002351761 0.001985844 0.999995232 5.967302799
0.999997079 0.001094612 0.002172078 0.038212016 -0.001091202 0.999998212 -0.001570221 -0.097354382 -0.002173793 0.001567846 0.999996424 6.242791653
0.999997318 0.001259044 0.001945441 0.044170700 -0.001256011 0.999997973 -0.001559570 -0.106565610 -0.001947401 0.001557122 0.999996841 6.530297279
0.999993622 0.002021754 0.002938333 0.038878109 -0.002016677 0.999996483 -0.001729885 -0.113823272 -0.002941820 0.001723948 0.999994159 6.814122200
0.999994278 0.001869965 0.002819153 0.046634845 -0.001864540 0.999996424 -0.001925524 -0.118880607 -0.002822743 0.001920257 0.999994099 7.111963749
0.999993145 0.002044047 0.003077285 0.055781186 -0.002039121 0.999996662 -0.001603315 -0.134267479 -0.003080552 0.001597029 0.999993920 7.407712460
0.999994338 0.001750126 0.002856222 0.064980015 -0.001744394 0.999996483 -0.002008100 -0.139368653 -0.002859727 0.002003106 0.999993861 7.736060619
0.999993742 0.001213452 0.003330763 0.043082096 -0.001203853 0.999995112 -0.002882364 -0.122851007 -0.003334244 0.002878336 0.999990284 8.081826210
0.999994159 0.000931137 0.003285340 0.050929297 -0.000921620 0.999995351 -0.002897182 -0.127026498 -0.003288023 0.002894137 0.999990404 8.409657478
0.999993384 0.001364936 0.003355360 0.059584171 -0.001354961 0.999994636 -0.002973186 -0.139995396 -0.003359400 0.002968620 0.999989927 8.731192589
0.999992669 0.000933042 0.003718747 0.057896942 -0.000922494 0.999995530 -0.002837316 -0.149655178 -0.003721378 0.002833864 0.999989033 9.080235481
0.999991953 0.001427808 0.003759128 0.069178060 -0.001418357 0.999995768 -0.002515760 -0.168838188 -0.003762704 0.002510408 0.999989808 9.408374786
0.999991715 0.000910902 0.003974378 0.060909279 -0.000899245 0.999995291 -0.002933675 -0.167776182 -0.003977031 0.002930077 0.999987721 9.760996819
0.999992371 0.000569017 0.003889311 0.075677864 -0.000556737 0.999994874 -0.003157593 -0.174669832 -0.003891087 0.003155403 0.999987483 10.100727081
0.999976277 0.001362677 0.006750081 0.016500171 -0.001315147 0.999974370 -0.007040813 -0.120716438 -0.006759502 0.007031769 0.999952435 10.510372162
0.999975324 0.001538514 0.006857696 0.026473042 -0.001490243 0.999974072 -0.007038618 -0.133000776 -0.006868348 0.007028224 0.999951661 10.870244026
0.999986112 0.001338160 0.005092232 0.075767547 -0.001324181 0.999995351 -0.002747659 -0.212596521 -0.005095885 0.002740878 0.999983191 11.208542824
0.999986529 0.001021202 0.005108785 0.083191551 -0.001007293 0.999995768 -0.002724287 -0.225181371 -0.005111546 0.002719104 0.999983251 11.593523026
0.999984562 0.000957930 0.005474600 0.090521604 -0.000943285 0.999995947 -0.002677044 -0.236726493 -0.005477143 0.002671838 0.999981403 11.973406792
0.999984920 0.001404290 0.005305890 0.103209287 -0.001391780 0.999996245 -0.002360887 -0.257217973 -0.005309185 0.002353467 0.999983132 12.362904549
0.999986291 0.001051033 0.005122449 0.116015702 -0.001038309 0.999996305 -0.002485911 -0.268562436 -0.005125043 0.002480558 0.999983788 12.757536888
0.999983609 0.000882368 0.005659525 0.120906562 -0.000870326 0.999997377 -0.002129785 -0.281902969 -0.005661390 0.002124824 0.999981642 13.148596764
0.999984801 0.001266892 0.005366207 0.134302527 -0.001254129 0.999996364 -0.002381017 -0.295558572 -0.005369204 0.002374251 0.999982774 13.552301407
0.999982297 0.001253418 0.005810496 0.142415553 -0.001240526 0.999996781 -0.002221793 -0.305737674 -0.005813261 0.002214545 0.999980628 13.963197708
0.999981225 0.001355150 0.005978337 0.153042778 -0.001342840 0.999996901 -0.002062763 -0.319414705 -0.005981115 0.002054697 0.999979913 14.385611534
0.999977946 0.001374220 0.006511213 0.163275421 -0.001360750 0.999996960 -0.002072640 -0.334284425 -0.006514041 0.002063734 0.999976575 14.804946899
0.999978304 0.001059702 0.006504770 0.175047174 -0.001048484 0.999997973 -0.001727620 -0.346973449 -0.006506587 0.001720763 0.999977350 15.232610703
0.999977410 0.000969408 0.006650380 0.188727453 -0.000957069 0.999997735 -0.001858279 -0.360040814 -0.006652167 0.001851872 0.999976158 15.665041924
0.999973774 0.001146880 0.007149126 0.199809134 -0.001133199 0.999997497 -0.001917378 -0.373989433 -0.007151307 0.001909226 0.999972582 16.107679367
0.999972820 0.000817164 0.007327574 0.216179132 -0.000806273 0.999998689 -0.001489159 -0.390251815 -0.007328781 0.001483211 0.999972045 16.545234680
0.999970019 0.000942696 0.007688249 0.225650504 -0.000925984 0.999997199 -0.002176906 -0.398334295 -0.007690279 0.002169722 0.999967992 16.992019653
0.999966085 0.000957128 0.008180388 0.234643176 -0.000940657 0.999997437 -0.002017107 -0.412366629 -0.008182299 0.002009344 0.999964535 17.445831299
0.999962807 0.001287773 0.008525708 0.243723214 -0.001273232 0.999997735 -0.001710747 -0.429146379 -0.008527892 0.001699828 0.999962211 17.897359848
0.999952495 0.001310991 0.009664923 0.252882123 -0.001292864 0.999997377 -0.001881576 -0.442666560 -0.009667365 0.001868990 0.999951541 18.361248016
0.999964654 0.000871120 0.008361842 0.280015856 -0.000855819 0.999997914 -0.001833298 -0.450186253 -0.008363422 0.001826077 0.999963343 18.822895050
0.999966741 0.000852533 0.008114887 0.294280648 -0.000838186 0.999998093 -0.001771242 -0.465006769 -0.008116382 0.001764382 0.999965549 19.296623230
0.999963641 0.000400428 0.008517206 0.310026586 -0.000385950 0.999998450 -0.001701443 -0.476520985 -0.008517873 0.001698094 0.999962270 19.778116226
0.999955356 0.001214113 0.009386541 0.320315093 -0.001199941 0.999998152 -0.001515337 -0.500080705 -0.009388365 0.001504006 0.999954820 20.253194809
0.999949515 0.001295886 0.009971214 0.332636595 -0.001279993 0.999997914 -0.001600071 -0.515706897 -0.009973268 0.001587227 0.999949038 20.746513367
0.999951184 0.001259340 0.009801406 0.356830001 -0.001246316 0.999998331 -0.001334721 -0.527535260 -0.009803072 0.001322440 0.999951065 21.240756989
0.999969423 0.002301932 0.007476485 0.381411135 -0.002297238 0.999997079 -0.000636417 -0.557741880 -0.007477930 0.000619222 0.999971867 21.716365814
0.999970913 0.003189802 0.006927666 0.394636333 -0.003192394 0.999994814 0.000363210 -0.582773983 -0.006926472 -0.000385315 0.999975979 22.217075348
0.999969065 0.003551414 0.007013339 0.402904391 -0.003552084 0.999993622 0.000083094 -0.589056432 -0.007013000 -0.000108003 0.999975502 22.725091934
0.999969721 0.003176436 0.007100085 0.406710267 -0.003175708 0.999994934 -0.000113867 -0.613963246 -0.007100410 0.000091315 0.999974787 23.257598877
0.999978662 0.002196475 0.006153058 0.425712079 -0.002196962 0.999997497 0.000072374 -0.634337246 -0.006152884 -0.000085890 0.999980986 23.773225784
0.999982953 0.001679465 0.005590661 0.434780627 -0.001675720 0.999998331 -0.000674398 -0.645421684 -0.005591786 0.000665018 0.999984145 24.301155090
0.999980211 0.002997878 0.005535618 0.441057324 -0.002996132 0.999995410 -0.000323552 -0.657792866 -0.005536563 0.000306961 0.999984562 24.842514038
0.999983191 0.003091912 0.004898176 0.452856928 -0.003093432 0.999995172 0.000302918 -0.680743754 -0.004897215 -0.000318065 0.999987960 25.382801056
0.999987364 0.002616459 0.004288313 0.461243570 -0.002618087 0.999996424 0.000374057 -0.696012676 -0.004287319 -0.000385280 0.999990761 25.928033829
0.999985754 0.003116950 0.004327427 0.466038555 -0.003118003 0.999995112 0.000236433 -0.708908260 -0.004326669 -0.000249923 0.999990523 26.483657837
0.999989092 0.002769853 0.003747174 0.483939826 -0.002773622 0.999995649 0.001000961 -0.727264762 -0.003744386 -0.001011343 0.999992430 27.025558472
0.999989390 0.002989493 0.003492549 0.498671561 -0.002993193 0.999994993 0.001054579 -0.749547720 -0.003489379 -0.001065022 0.999993324 27.564792633
0.999989331 0.003401323 0.003119277 0.507752180 -0.003404262 0.999993682 0.000937242 -0.761913836 -0.003116070 -0.000947851 0.999994695 28.135805130
0.999982357 0.004575434 0.003798175 0.500016391 -0.004581236 0.999988377 0.001520248 -0.774589539 -0.003791175 -0.001537621 0.999991655 28.675781250
0.999986470 0.004092468 0.003243810 0.523779094 -0.004098354 0.999989986 0.001809995 -0.801669836 -0.003236370 -0.001823265 0.999993026 29.210933685
0.999989033 0.003890089 0.002609762 0.540742517 -0.003894383 0.999991059 0.001642451 -0.815105677 -0.002603350 -0.001652597 0.999995232 29.759492874
0.999989986 0.003812805 0.002307210 0.548153281 -0.003817375 0.999990761 0.001979229 -0.831556618 -0.002299643 -0.001988017 0.999995351 30.310474396
0.999990761 0.003835891 0.001938524 0.564117014 -0.003839902 0.999990463 0.002069315 -0.850350976 -0.001930568 -0.002076739 0.999995947 30.860885620
0.999992728 0.003570287 0.001323264 0.585452139 -0.003572930 0.999991536 0.002000490 -0.865402758 -0.001316111 -0.002005204 0.999997139 31.416685104
0.999991298 0.003908353 0.001451113 0.597169995 -0.003911339 0.999990225 0.002061238 -0.881120920 -0.001443043 -0.002066896 0.999996781 31.960105896
0.999992013 0.003832899 0.001137866 0.606745124 -0.003834896 0.999991059 0.001757790 -0.893762350 -0.001131118 -0.001762140 0.999997795 32.521186829
0.999991655 0.004007782 0.000814435 0.621878982 -0.004009654 0.999989390 0.002311300 -0.911186934 -0.000805164 -0.002314546 0.999997020 33.064685822
0.999992371 0.003882331 0.000478123 0.633633971 -0.003883255 0.999990523 0.001946139 -0.924287200 -0.000470564 -0.001947981 0.999997973 33.619312286
0.999991477 0.004093127 0.000523920 0.639774919 -0.004094050 0.999990046 0.001774477 -0.934093237 -0.000516652 -0.001776607 0.999998212 34.176006317
0.999993980 0.003459104 -0.000342500 0.657852888 -0.003458338 0.999991596 0.002208987 -0.953552127 0.000350139 -0.002207789 0.999997497 34.711727142
0.999991238 0.004182434 0.000204531 0.657657683 -0.004182916 0.999988317 0.002418157 -0.965201139 -0.000194415 -0.002418991 0.999997079 35.269241333
0.999990702 0.004319428 -0.000095486 0.676647007 -0.004319222 0.999988496 0.002062183 -0.979071915 0.000104392 -0.002061750 0.999997854 35.805328369
0.999993384 0.003634032 -0.000024329 0.685630083 -0.003633963 0.999990463 0.002416454 -1.001185656 0.000033110 -0.002416350 0.999997020 36.346420288
0.999987125 0.005075852 -0.000165170 0.687529147 -0.005075529 0.999985337 0.001906429 -1.012860775 0.000174844 -0.001905565 0.999998212 36.896125793
0.999992728 0.003802739 -0.000102190 0.698479474 -0.003802511 0.999990463 0.002144718 -1.026732683 0.000110345 -0.002144314 0.999997675 37.433647156
0.999991953 0.003461177 -0.002018070 0.715694070 -0.003457700 0.999992549 0.001724150 -1.037912369 0.002024022 -0.001717159 0.999996483 37.981346130
0.999992132 0.003916433 0.000630755 0.703025579 -0.003918136 0.999988556 0.002720519 -1.056754827 -0.000620093 -0.002722969 0.999996126 38.510421753
0.999990225 0.004419012 0.000494591 0.709954679 -0.004420470 0.999985754 0.002987284 -1.071347475 -0.000481383 -0.002989440 0.999995410 39.054946899
0.999991059 0.004210291 0.000369659 0.723312676 -0.004211210 0.999987900 0.002521282 -1.082532048 -0.000359039 -0.002522817 0.999996722 39.590953827
0.999990106 0.004451504 0.000229100 0.744568586 -0.004452207 0.999985039 0.003164633 -1.106234431 -0.000215009 -0.003165621 0.999994934 40.118114471
0.999991477 0.004084281 0.000538629 0.740487635 -0.004086426 0.999983609 0.004044898 -1.138759494 -0.000522100 -0.004047065 0.999991655 40.708801270
0.999989927 0.004425111 0.000867252 0.751215935 -0.004428702 0.999981523 0.004183577 -1.151834846 -0.000848724 -0.004187375 0.999990940 41.257175446
0.999989331 0.004604564 0.000411308 0.771813333 -0.004606138 0.999981701 0.003913557 -1.155877709 -0.000393281 -0.003915410 0.999992192 41.776241302
0.999991596 0.003962457 -0.000972715 0.798300445 -0.003958503 0.999983966 0.004034160 -1.181258798 0.000988684 -0.004030276 0.999991417 42.361782074
0.999989569 0.004380766 -0.001187858 0.819081068 -0.004375670 0.999981344 0.004259191 -1.193635821 0.001206494 -0.004253950 0.999990225 42.901504517
0.999989986 0.004358165 -0.000980063 0.827909350 -0.004353624 0.999980032 0.004587971 -1.206550241 0.001000038 -0.004583658 0.999989033 43.448608398
0.999990463 0.004232728 -0.000998271 0.820631266 -0.004228352 0.999981642 0.004344954 -1.219265699 0.001016644 -0.004340691 0.999990046 44.012973785
0.999990880 0.004133114 -0.001097146 0.830338001 -0.004128051 0.999980986 0.004578056 -1.231775284 0.001116047 -0.004573485 0.999988854 44.565074921
0.999989331 0.004504038 -0.000998984 0.836083591 -0.004499823 0.999981105 0.004181797 -1.241087914 0.001017800 -0.004177257 0.999990761 45.120647430
0.999990344 0.004273008 -0.001032482 0.849325716 -0.004268737 0.999982476 0.004103887 -1.254085302 0.001049999 -0.004099440 0.999991059 45.668777466
0.999990880 0.004174134 -0.000892976 0.861157119 -0.004170042 0.999981046 0.004536293 -1.269637346 0.000911894 -0.004532528 0.999989271 46.224430084
0.999989867 0.004407359 -0.000874999 0.866300941 -0.004403592 0.999981165 0.004261645 -1.282219410 0.000893764 -0.004257748 0.999990463 46.767688751
0.999987781 0.004942473 -0.000124014 0.875733435 -0.004941948 0.999980032 0.003920415 -1.293005109 0.000143388 -0.003919754 0.999992251 47.314655304
0.999986231 0.005223807 0.000539878 0.877144158 -0.005225587 0.999980748 0.003350130 -1.293671250 -0.000522368 -0.003352905 0.999994218 47.880592346
0.999991357 0.004146008 -0.000240678 0.880939066 -0.004144915 0.999981821 0.004375514 -1.312868118 0.000258815 -0.004374479 0.999990404 48.424934387
0.999988973 0.004676370 -0.000131980 0.895721912 -0.004675613 0.999975324 0.005243363 -1.331909657 0.000156496 -0.005242689 0.999986291 48.963558197
0.999991655 0.004077424 0.000055404 0.909687459 -0.004077660 0.999977529 0.005331833 -1.346745491 -0.000033662 -0.005332015 0.999985754 49.510669708
0.999990225 0.004305299 -0.000925497 0.928708196 -0.004301114 0.999980688 0.004475624 -1.359979153 0.000944748 -0.004471600 0.999989510 50.078426361
0.999987960 0.004902898 0.000035308 0.926040292 -0.004903004 0.999979138 0.004219131 -1.365907311 -0.000014622 -0.004219253 0.999991059 50.633644104
0.999993563 0.003522862 -0.000827962 0.942918777 -0.003519734 0.999986768 0.003749050 -1.373671889 0.000841158 -0.003746111 0.999992549 51.178623199
0.999991357 0.004115764 -0.000627384 0.956033766 -0.004113154 0.999983132 0.004105010 -1.390817881 0.000644269 -0.004102394 0.999991298 51.718662262
0.999990642 0.004137957 -0.001283562 0.967468202 -0.004133253 0.999984801 0.003646033 -1.397636533 0.001298629 -0.003640693 0.999992549 52.273258209
0.999990344 0.004204305 -0.001258648 0.979282320 -0.004199339 0.999983490 0.003922686 -1.418848038 0.001275120 -0.003917363 0.999991477 52.817745209
0.999991953 0.003836112 -0.001162690 0.981926382 -0.003831738 0.999985635 0.003740612 -1.430570602 0.001177023 -0.003736127 0.999992311 53.360702515
0.999990404 0.004159743 -0.001374693 0.993191183 -0.004153905 0.999982417 0.004223920 -1.449904799 0.001392240 -0.004218169 0.999990106 53.896953583
0.999989092 0.004549575 -0.001080955 1.002088904 -0.004545332 0.999981999 0.003896211 -1.461027622 0.001098662 -0.003891255 0.999991834 54.442783356
0.999986291 0.005171017 -0.000833445 1.012177229 -0.005167169 0.999976277 0.004555116 -1.475134254 0.000856979 -0.004550747 0.999989271 54.991508484
0.999990523 0.004224530 -0.001058737 1.017708182 -0.004220453 0.999983788 0.003825788 -1.487832546 0.001074882 -0.003821283 0.999992132 55.529861450
0.999989092 0.004608044 -0.000788413 1.022834063 -0.004604796 0.999981105 0.004072289 -1.500936866 0.000807164 -0.004068614 0.999991357 56.073562622
0.999991357 0.003954256 -0.001204188 1.030102015 -0.003949283 0.999983847 0.004102684 -1.516208529 0.001220392 -0.004097892 0.999990821 56.625854492
0.999990165 0.004346991 -0.000891011 1.043752432 -0.004343512 0.999983013 0.003870213 -1.527618647 0.000907820 -0.003866305 0.999992132 57.167617798
0.999986589 0.005105423 -0.000877452 1.055784345 -0.005101925 0.999979138 0.003943324 -1.539819717 0.000897566 -0.003938793 0.999991834 57.711025238
0.999988616 0.004741151 -0.000598490 1.066236019 -0.004738748 0.999980867 0.003954817 -1.555183649 0.000617229 -0.003951936 0.999991953 58.250789642
0.999988258 0.004840245 -0.000310360 1.070361257 -0.004839023 0.999980986 0.003819806 -1.569543600 0.000328843 -0.003818260 0.999992609 58.797790527
0.999988317 0.004806228 -0.000472063 1.079304576 -0.004804387 0.999981105 0.003829270 -1.580727339 0.000490459 -0.003826957 0.999992549 59.341548920
0.999990404 0.004360020 -0.000325881 1.091681600 -0.004358790 0.999983668 0.003685567 -1.597486615 0.000341945 -0.003684111 0.999993145 59.877796173
0.999988556 0.004789541 -0.000047529 1.093808293 -0.004789331 0.999981642 0.003713646 -1.603603363 0.000065315 -0.003713376 0.999993086 60.432380676
0.999988377 0.004817757 -0.000039418 1.103626013 -0.004817581 0.999981642 0.003675830 -1.614296079 0.000057126 -0.003675598 0.999993265 60.974758148
0.999986172 0.005258671 0.000169495 1.111659884 -0.005259240 0.999979913 0.003545745 -1.626632690 -0.000150846 -0.003546587 0.999993682 61.523555756
0.999984622 0.005502217 0.000752603 1.117236853 -0.005504589 0.999979794 0.003186538 -1.633670688 -0.000735055 -0.003190631 0.999994636 62.082229614
0.999986947 0.005073927 0.000430312 1.127838016 -0.005075373 0.999981165 0.003428339 -1.648884296 -0.000412909 -0.003430478 0.999994040 62.620670319
0.999984086 0.005615322 0.000562782 1.140079618 -0.005617373 0.999977350 0.003709260 -1.669283748 -0.000541941 -0.003712362 0.999992967 63.150264740
0.999983788 0.005666912 0.000584787 1.148552895 -0.005668963 0.999977589 0.003567202 -1.678521633 -0.000564559 -0.003570460 0.999993443 63.702072144
0.999983251 0.005761090 0.000575360 1.158853650 -0.005763165 0.999976635 0.003671306 -1.694839239 -0.000554196 -0.003674561 0.999993026 64.254821777
0.999984026 0.005614677 0.000682724 1.167796493 -0.005617017 0.999978185 0.003475020 -1.706248999 -0.000663198 -0.003478800 0.999993742 64.791160583
0.999983132 0.005793029 0.000444067 1.183159113 -0.005794754 0.999975204 0.003986449 -1.722957492 -0.000420963 -0.003988955 0.999991894 65.326881409
0.999982417 0.005890089 0.000689299 1.194845557 -0.005892431 0.999976754 0.003448425 -1.732652426 -0.000668972 -0.003452427 0.999993801 65.886520386
0.999981523 0.006020975 0.000812259 1.205141306 -0.006023854 0.999975443 0.003589372 -1.745633841 -0.000790627 -0.003594199 0.999993205 66.416374207
0.999980569 0.006164866 0.000893915 1.213604808 -0.006167718 0.999975801 0.003222954 -1.756181479 -0.000874024 -0.003228405 0.999994397 66.964485168
0.999979377 0.006252983 0.001455814 1.212405801 -0.006258096 0.999974191 0.003535171 -1.772480369 -0.001433671 -0.003544209 0.999992669 67.516647339
0.999979377 0.006324074 0.001210139 1.228949428 -0.006328578 0.999972880 0.003754116 -1.789537191 -0.001186365 -0.003761696 0.999992192 68.048988342
0.999978006 0.006532031 0.001179609 1.243285298 -0.006536509 0.999971271 0.003833336 -1.804494619 -0.001154535 -0.003840962 0.999991953 68.581558228
0.999976516 0.006713184 0.001355488 1.249538779 -0.006718058 0.999970853 0.003624533 -1.817017317 -0.001331117 -0.003633554 0.999992490 69.135581970
0.999975622 0.006836064 0.001446614 1.258180141 -0.006841108 0.999970436 0.003510927 -1.825235844 -0.001422570 -0.003520738 0.999992728 69.684310913
0.999978662 0.006525016 -0.000241291 1.292677164 -0.006523987 0.999970555 0.004043686 -1.849239707 0.000267670 -0.004042025 0.999991775 70.206703186
0.999976337 0.006572716 0.002021430 1.267986417 -0.006580499 0.999970853 0.003868610 -1.858391047 -0.001995944 -0.003881822 0.999990463 70.762924194
0.999975860 0.006643477 0.002010585 1.284066916 -0.006649683 0.999973059 0.003095758 -1.863555670 -0.001989965 -0.003109053 0.999993205 71.309555054
0.999973714 0.006853901 0.002356933 1.286614776 -0.006863752 0.999967635 0.004197116 -1.895402431 -0.002328090 -0.004213184 0.999988377 71.849143982
0.999976635 0.006591065 0.001776462 1.307679415 -0.006598942 0.999968231 0.004465862 -1.914659619 -0.001746971 -0.004477480 0.999988437 72.388305664
0.999971986 0.007024691 0.002583031 1.305295348 -0.007035874 0.999965787 0.004346215 -1.921680689 -0.002552412 -0.004364267 0.999987185 72.927947998
0.999970734 0.007113410 0.002804697 1.317200899 -0.007125946 0.999964535 0.004485286 -1.938462257 -0.002772691 -0.004505141 0.999985993 73.460792542
0.999971747 0.007042643 0.002621330 1.326778173 -0.007054862 0.999964118 0.004681889 -1.951238275 -0.002588263 -0.004700249 0.999985516 74.002235413
0.999972761 0.006863235 0.002695961 1.341354847 -0.006875400 0.999966085 0.004529628 -1.964782834 -0.002664781 -0.004548043 0.999986053 74.544792175
0.999972224 0.006896083 0.002834658 1.353179097 -0.006909483 0.999964893 0.004744920 -1.975534439 -0.002801837 -0.004764374 0.999984741 75.088157654
0.999974668 0.006641440 0.002565709 1.364735961 -0.006653067 0.999967515 0.004549938 -1.988355279 -0.002535408 -0.004566893 0.999986351 75.627136230
0.999973416 0.006611685 0.003079069 1.376003742 -0.006624781 0.999968946 0.004262946 -1.999038458 -0.003050789 -0.004283231 0.999986172 76.173416138
0.999971092 0.006973856 0.003027015 1.386739731 -0.006988001 0.999964595 0.004687706 -2.013761282 -0.002994217 -0.004708723 0.999984443 76.717849731
0.999972820 0.006706549 0.003064092 1.398262978 -0.006719620 0.999968290 0.004275588 -2.027242661 -0.003035321 -0.004296060 0.999986172 77.257530212
0.999972403 0.006919758 0.002711984 1.413550496 -0.006932712 0.999964476 0.004797058 -2.043098450 -0.002678693 -0.004815727 0.999984860 77.796646118
0.999975622 0.006482260 0.002586680 1.427100897 -0.006493886 0.999968708 0.004511439 -2.054280281 -0.002557355 -0.004528127 0.999986410 78.333076477
0.999972880 0.006756015 0.002932180 1.435240984 -0.006768439 0.999968052 0.004248361 -2.064909697 -0.002903384 -0.004268091 0.999986649 78.880035400
0.999973714 0.006473670 0.003239381 1.451241255 -0.006487420 0.999969840 0.004252593 -2.075994492 -0.003211754 -0.004273497 0.999985695 79.424903870
0.999973357 0.006610276 0.003099131 1.463268757 -0.006623822 0.999968588 0.004381392 -2.090751648 -0.003070071 -0.004401803 0.999985516 79.970367432
0.999974430 0.006275842 0.003402472 1.478506565 -0.006289736 0.999971867 0.004088792 -2.102237701 -0.003376715 -0.004110087 0.999985874 80.513328552
0.999968290 0.006642619 0.004376535 1.492269993 -0.006661153 0.999968827 0.004234225 -2.116722107 -0.004348272 -0.004263244 0.999981463 81.069252014
0.999964476 0.006066809 0.005851446 1.506072998 -0.006090387 0.999973297 0.004020120 -2.126611710 -0.005826901 -0.004055614 0.999974728 81.614837646
0.999949276 0.006776765 0.007451856 1.516969442 -0.006806762 0.999968767 0.004007710 -2.140343428 -0.007424464 -0.004058229 0.999964178 82.157821655
0.999939203 0.006811030 0.008663752 1.534901500 -0.006848023 0.999967515 0.004247589 -2.153614998 -0.008634539 -0.004306660 0.999953449 82.694244385
0.999904156 0.006706006 0.012113506 1.554111481 -0.006751771 0.999970198 0.003741091 -2.161651611 -0.012088056 -0.003822520 0.999919593 83.239257812
0.999845088 0.007141870 0.016086975 1.574789166 -0.007207760 0.999965847 0.004041535 -2.176658392 -0.016057562 -0.004156861 0.999862432 83.768089294
0.999777734 0.008161788 0.019439239 1.597154617 -0.008250138 0.999955952 0.004469130 -2.198194027 -0.019401910 -0.004628513 0.999800980 84.317863464
0.999667585 0.007286717 0.024728088 1.615725756 -0.007397184 0.999962986 0.004378721 -2.204375267 -0.024695266 -0.004560183 0.999684632 84.863449097
0.999509335 0.007480435 0.030413093 1.652475595 -0.007611806 0.999962211 0.004206106 -2.219225645 -0.030380478 -0.004435541 0.999528587 85.420669556
0.999353230 0.006855338 0.035298407 1.692638516 -0.006990598 0.999968648 0.003709888 -2.228027821 -0.035271872 -0.003954245 0.999369860 86.006980896
0.999102592 0.007367605 0.041710593 1.725286126 -0.007533329 0.999964356 0.003817366 -2.239989519 -0.041680973 -0.004128160 0.999122441 86.514648438
0.998740077 0.007295263 0.049649704 1.779083729 -0.007503305 0.999963939 0.004005132 -2.260783434 -0.049618684 -0.004372622 0.998758674 87.065895081
0.998313308 0.005965426 0.057749502 1.842496395 -0.006235824 0.999970436 0.004503185 -2.285144329 -0.057720937 -0.004855704 0.998320937 87.610305786
0.997846305 0.006251459 0.065295458 1.887801647 -0.006571071 0.999967396 0.004681235 -2.289392471 -0.065264061 -0.005100214 0.997855008 88.164138794
0.997246325 0.006542616 0.073871575 1.951827049 -0.006889583 0.999966323 0.004443046 -2.303816319 -0.073840030 -0.004939755 0.997257888 88.710189819
0.996477365 0.006334892 0.083623089 2.025754452 -0.006745829 0.999966502 0.004632535 -2.317350626 -0.083590955 -0.005180323 0.996486783 89.240234375
0.995628834 0.005793836 0.093217976 2.082306862 -0.006275043 0.999968410 0.004869871 -2.335728884 -0.093186826 -0.005433532 0.995633841 89.794349670
0.994858921 0.005064656 0.101143666 2.162351608 -0.005575712 0.999973059 0.004770698 -2.345052004 -0.101116784 -0.005310120 0.994860411 90.318298340
0.993750334 0.004856875 0.111520067 2.248059273 -0.005385724 0.999975622 0.004441431 -2.352186203 -0.111495763 -0.005014291 0.993752241 90.864341736
0.992425442 0.005351264 0.122731760 2.325413704 -0.005879658 0.999974906 0.003943494 -2.360315323 -0.122707583 -0.004635244 0.992432177 91.405433655
0.991291881 0.004574685 0.131604344 2.415856361 -0.005101931 0.999980211 0.003669380 -2.369726658 -0.131584972 -0.004308863 0.991295516 91.952499390
0.989681661 0.004770031 0.143204212 2.503957748 -0.005462595 0.999975145 0.004443422 -2.393442631 -0.143179461 -0.005179838 0.989683211 92.495834351
0.987867117 0.004565225 0.155234247 2.608495712 -0.005193568 0.999979854 0.003642385 -2.397586823 -0.155214489 -0.004404412 0.987870932 93.014091492
0.986102045 0.004110820 0.166089475 2.714026451 -0.004790775 0.999981701 0.003693483 -2.414443970 -0.166071221 -0.004437848 0.986103892 93.545181274
0.984208822 0.004127985 0.176962733 2.834647179 -0.004818832 0.999982357 0.003474320 -2.423999548 -0.176945224 -0.004272210 0.984211445 94.109245300
0.981796086 0.004306008 0.189888939 2.963636398 -0.004986373 0.999982774 0.003105324 -2.434957027 -0.189872280 -0.003995653 0.981800675 94.626464844
0.979051113 0.004148785 0.203572169 3.074926376 -0.004951485 0.999981821 0.003433901 -2.447866201 -0.203554213 -0.004369950 0.979053915 95.178482056
0.976925075 0.003196752 0.213558435 3.211317062 -0.004140571 0.999983490 0.003972351 -2.463978767 -0.213542208 -0.004764943 0.976922214 95.699592590
0.973916352 0.003904631 0.226873755 3.354484558 -0.004899679 0.999980628 0.003822925 -2.476454735 -0.226854444 -0.004834817 0.973916650 96.231536865
0.970718086 0.004564059 0.240178376 3.509008408 -0.005598899 0.999977767 0.003626445 -2.487607241 -0.240156487 -0.004864989 0.970721960 96.763450623
0.967961192 0.002010246 0.251091897 3.666181564 -0.003086722 0.999987662 0.003893423 -2.511665821 -0.251080930 -0.004543732 0.967955351 97.268325806
0.964795589 0.001955619 0.262993574 3.832063675 -0.003220481 0.999985218 0.004378494 -2.534153938 -0.262981117 -0.005071318 0.964787662 97.789703369
0.960720956 0.002530338 0.277504653 3.990472794 -0.003951971 0.999981701 0.004563708 -2.541869402 -0.277488053 -0.005481140 0.960713446 98.312431335
0.957079589 0.002198644 0.289816767 4.173423767 -0.003448434 0.999986827 0.003801751 -2.545014858 -0.289804667 -0.004637992 0.957074583 98.810287476
0.953607321 0.001584767 0.301049173 4.361234665 -0.002925822 0.999987721 0.004003788 -2.558190584 -0.301039129 -0.004698858 0.953600228 99.324348450
0.949103832 0.002559470 0.314952970 4.530532837 -0.003939410 0.999985218 0.003744928 -2.572533846 -0.314938784 -0.004795055 0.949099898 99.856491089
0.944460928 0.001402492 0.328620732 4.729486465 -0.003050104 0.999985158 0.004498295 -2.593925953 -0.328609586 -0.005250791 0.944451272 100.352218628
0.940423906 0.001505352 0.340000898 4.931253433 -0.003183005 0.999985337 0.004376587 -2.601294756 -0.339989364 -0.005198072 0.940414846 100.857635498
0.935450912 0.001057849 0.353455007 5.145383835 -0.002613213 0.999988914 0.003923256 -2.611668110 -0.353446901 -0.004593667 0.935443223 101.381233215
0.930154622 0.000817793 0.367167056 5.364942551 -0.002530715 0.999988019 0.004183853 -2.634766340 -0.367159247 -0.004820826 0.930145562 101.861579895
0.925344765 0.000324888 0.379126430 5.598907471 -0.002242087 0.999986827 0.004615397 -2.652238846 -0.379119933 -0.005120868 0.925333381 102.351737976
0.920705795 -0.000403523 0.390257269 5.823951721 -0.001224994 0.999991655 0.003924025 -2.650897026 -0.390255481 -0.004090935 0.920697510 102.856033325
0.914423525 -0.000551883 0.404758364 6.052791595 -0.001060167 0.999992371 0.003758591 -2.659656286 -0.404757410 -0.003866055 0.914415956 103.329269409
0.908685803 -0.000529911 0.417480350 6.300716400 -0.001085054 0.999992847 0.003631022 -2.669084072 -0.417479277 -0.003752447 0.908678710 103.805534363
0.903779089 -0.000691199 0.427998722 6.559108734 -0.000969554 0.999992847 0.003662294 -2.691355228 -0.427998126 -0.003724872 0.903771937 104.271263123
0.897269845 -0.000711342 0.441481978 6.810096741 -0.000935943 0.999993324 0.003513464 -2.702439547 -0.441481531 -0.003565728 0.897263169 104.744033813
0.890460432 -0.001273034 0.455058962 7.084815979 -0.000581273 0.999992073 0.003934929 -2.721482754 -0.455060393 -0.003768412 0.890452623 105.210556030
0.883932710 -0.002203288 0.467608690 7.315025330 0.000464807 0.999992490 0.003833148 -2.722315788 -0.467613757 -0.003170897 0.883927226 105.656562805
0.878437102 -0.002624469 0.477850825 7.599231720 0.001015868 0.999992907 0.003624718 -2.731494427 -0.477856904 -0.002698654 0.878433466 106.107543945
0.870866895 -0.003246298 0.491508245 7.880893707 0.001570550 0.999991477 0.003821972 -2.743321180 -0.491516471 -0.002556491 0.870864511 106.572753906
0.863801777 -0.002528632 0.503825486 8.184604645 0.000518897 0.999991357 0.004129178 -2.767222643 -0.503831565 -0.003305359 0.863795578 107.024543762
0.858200431 -0.003076931 0.513305545 8.483875275 0.001153499 0.999991059 0.004065746 -2.779427767 -0.513313472 -0.002897128 0.858196318 107.477485657
