1.000000000 0.000000000 0.000000000 0.000000000 0.000000000 1.000000000 0.000000000 0.000000000 0.000000000 0.000000000 1.000000000 0.000000000
1.000000000 0.000074130 0.000021581 0.000379054 -0.000074133 1.000000000 0.000147505 -0.000827245 -0.000021570 -0.000147507 1.000000000 -0.000440732
1.000000000 0.000103492 -0.000156185 0.001497136 -0.000103486 1.000000000 0.000041211 -0.000166780 0.000156189 -0.000041195 1.000000000 -0.001193460
0.999999940 0.000259175 0.000020717 -0.000381408 -0.000259176 0.999999940 0.000087685 -0.000540032 -0.000020694 -0.000087691 1.000000000 0.001009841
1.000000000 0.000228021 -0.000064793 -0.000531012 -0.000228018 1.000000000 0.000057139 -0.000394672 0.000064806 -0.000057124 1.000000000 -0.000630597
1.000000000 0.000088441 -0.000001504 -0.000923064 -0.000088441 1.000000000 -0.000009609 0.000059232 0.000001504 0.000009610 1.000000000 0.000495494
1.000000000 0.000089482 0.000112565 -0.000801959 -0.000089493 1.000000000 0.000098296 -0.000735426 -0.000112557 -0.000098306 1.000000000 0.000471267
1.000000000 0.000058186 0.000035368 0.000887895 -0.000058189 1.000000000 0.000100366 -0.000815360 -0.000035362 -0.000100368 1.000000000 -0.000166807
1.000000000 -0.000048320 0.000131554 -0.000383462 0.000048313 1.000000000 0.000052497 0.000194234 -0.000131557 -0.000052491 1.000000000 0.001328259
1.000000000 -0.000115928 0.000003379 0.001475887 0.000115928 1.000000000 0.000062143 0.000150330 -0.000003387 -0.000062143 1.000000000 0.000930056
1.000000000 -0.000106739 -0.000038313 -0.000017419 0.000106739 1.000000000 0.000001687 0.000355479 0.000038313 -0.000001691 1.000000000 0.001972752
0.999999940 0.000168359 0.000181864 -0.001839424 -0.000168340 1.000000000 -0.000107741 0.001767120 -0.000181882 0.000107710 1.000000000 0.003366941
1.000000000 -0.000208620 0.000044340 -0.000228300 0.000208610 0.999999940 0.000222751 -0.001065769 -0.000044387 -0.000222742 1.000000000 0.000354509
0.999999940 0.000226480 0.000212236 -0.001594086 -0.000226523 0.999999940 0.000202662 -0.001247404 -0.000212190 -0.000202710 0.999999940 0.000188087
0.999999940 0.000199240 0.000147268 -0.001029747 -0.000199265 0.999999940 0.000165483 -0.001049414 -0.000147235 -0.000165512 1.000000000 -0.000982322
1.000000000 0.000104889 -0.000009813 -0.000466541 -0.000104888 1.000000000 0.000075679 -0.000620808 0.000009821 -0.000075678 1.000000000 -0.000019119
0.999999940 0.000306939 0.000259976 -0.002189756 -0.000306963 0.999999940 0.000092439 -0.000432277 -0.000259948 -0.000092519 0.999999940 0.000463153
1.000000000 0.000101021 -0.000035214 -0.000312451 -0.000101019 1.000000000 0.000065083 -0.000108037 0.000035221 -0.000065079 1.000000000 0.001844859
1.000000000 0.000067993 0.000030466 -0.000234634 -0.000067999 1.000000000 0.000197626 -0.001192553 -0.000030452 -0.000197628 1.000000000 0.000853305
1.000000000 0.000196957 0.000071236 -0.000479088 -0.000196969 0.999999940 0.000168736 -0.000791708 -0.000071202 -0.000168750 1.000000000 0.001211796
1.000000000 0.000200566 0.000003675 -0.000731717 -0.000200566 1.000000000 0.000035625 -0.000676415 -0.000003668 -0.000035626 1.000000000 0.000206988
0.999999940 -0.000170065 -0.000209347 0.001962340 0.000170075 1.000000000 0.000046525 -0.000243100 0.000209339 -0.000046561 1.000000000 -0.001173889
1.000000000 -0.000034544 -0.000008545 0.000479515 0.000034545 1.000000000 0.000061282 -0.000491731 0.000008543 -0.000061282 1.000000000 0.001274702
0.999999940 0.000290026 0.000187161 -0.001146090 -0.000290060 0.999999940 0.000181378 -0.000598009 -0.000187108 -0.000181432 0.999999940 -0.000094049
1.000000000 -0.000062058 -0.000076047 0.000907019 0.000062063 1.000000000 0.000065199 0.000031341 0.000076043 -0.000065204 1.000000000 0.000121961
1.000000000 0.000124076 0.000047098 -0.000452109 -0.000124072 1.000000000 -0.000095426 0.000921126 -0.000047110 0.000095420 1.000000000 -0.000485289
1.000000000 0.000153563 0.000072138 -0.000529539 -0.000153554 1.000000000 -0.000127508 0.000897381 -0.000072158 0.000127497 1.000000000 -0.000523569
1.000000000 0.000187283 0.000021209 -0.000349781 -0.000187282 1.000000000 -0.000051387 0.000343164 -0.000021219 0.000051383 1.000000000 0.001028471
1.000000000 -0.000083181 -0.000084057 0.000307299 0.000083182 1.000000000 0.000019551 0.001472911 0.000084055 -0.000019558 1.000000000 0.002639161
1.000000000 0.000175349 0.000018983 -0.000379584 -0.000175348 1.000000000 -0.000067096 0.001130659 -0.000018994 0.000067093 1.000000000 0.000813550
1.000000000 -0.000023747 -0.000093396 0.000700160 0.000023760 1.000000000 0.000136330 -0.000321800 0.000093393 -0.000136332 1.000000000 -0.000883431
1.000000000 -0.000044964 -0.000104167 0.000980964 0.000044968 1.000000000 0.000037178 -0.000265178 0.000104166 -0.000037183 1.000000000 -0.000602316
1.000000000 0.000072059 0.000045669 -0.000609891 -0.000072063 1.000000000 0.000072558 -0.000540681 -0.000045664 -0.000072562 1.000000000 0.000575799
1.000000000 0.000100246 -0.000062533 0.000080171 -0.000100240 1.000000000 0.000089094 0.000443918 0.000062542 -0.000089088 1.000000000 0.001226363
1.000000000 0.000160799 -0.000001690 0.000790337 -0.000160798 1.000000000 0.000061240 -0.000115553 0.000001700 -0.000061240 1.000000000 0.000143930
1.000000000 0.000109478 0.000106193 -0.001338906 -0.000109474 1.000000000 -0.000041631 0.002727847 -0.000106197 0.000041619 1.000000000 0.002759162
1.000000000 -0.000050827 0.000041071 -0.000380560 0.000050821 1.000000000 0.000145450 0.000457955 -0.000041079 -0.000145448 1.000000000 0.002076059
1.000000000 -0.000034166 0.000158094 -0.001084208 0.000034135 1.000000000 0.000194943 -0.000247534 -0.000158101 -0.000194937 0.999999940 -0.000122272
1.000000000 -0.000170794 0.000072981 -0.000287999 0.000170793 1.000000000 0.000014652 0.000659428 -0.000072984 -0.000014640 1.000000000 0.000572471
0.999999940 -0.000254566 0.000033593 0.001216993 0.000254562 0.999999940 0.000104748 -0.001639927 -0.000033620 -0.000104740 1.000000000 -0.001029950
1.000000000 -0.000045673 0.000185874 -0.000237043 0.000045779 0.999999821 -0.000570797 -0.002398331 -0.000185848 0.000570806 0.999999821 0.051913276
0.999999940 0.000368951 0.000084801 -0.000118958 -0.000368858 0.999999344 -0.001100781 -0.005254504 -0.000085207 0.001100750 0.999999404 0.136409074
0.999999821 0.000571785 -0.000065689 0.002659815 -0.000571878 0.999998808 -0.001421032 -0.005093762 0.000064877 0.001421069 0.999998987 0.256509960
0.999999940 0.000203080 -0.000201497 0.006393485 -0.000203351 0.999999046 -0.001344091 -0.013304075 0.000201223 0.001344133 0.999999106 0.376336873
1.000000000 0.000206403 0.000002273 0.007656110 -0.000206400 0.999999344 -0.001081922 -0.019465068 -0.000002496 0.001081921 0.999999464 0.514246583
1.000000000 0.000296221 0.000061584 0.012665508 -0.000296155 0.999999404 -0.001067751 -0.024948591 -0.000061900 0.001067733 0.999999464 0.670414984
0.999999881 0.000292704 0.000158776 0.014002511 -0.000292582 0.999999642 -0.000770267 -0.027298976 -0.000159001 0.000770221 0.999999702 0.832030475
0.999999821 0.000512831 0.000211709 0.015722979 -0.000512664 0.999999583 -0.000787355 -0.030912688 -0.000212113 0.000787246 0.999999702 1.000043392
0.999999881 0.000298330 0.000224821 0.019569924 -0.000298274 0.999999940 -0.000249271 -0.043037131 -0.000224895 0.000249204 1.000000000 1.171691179
1.000000000 0.000145545 0.000031838 0.026496783 -0.000145526 0.999999821 -0.000613927 -0.039376140 -0.000031927 0.000613922 0.999999821 1.359960914
1.000000000 0.000160705 0.000249597 0.027550085 -0.000160533 0.999999762 -0.000685701 -0.042171296 -0.000249707 0.000685661 0.999999762 1.548257589
0.999999762 0.000611295 0.000169850 0.030657889 -0.000611142 0.999999404 -0.000903337 -0.043459952 -0.000170402 0.000903233 0.999999642 1.755237460
0.999999523 0.000886917 -0.000263589 0.040809058 -0.000887098 0.999999344 -0.000684621 -0.055624738 0.000262981 0.000684855 0.999999702 1.940142393
0.999999821 0.000423208 0.000056238 0.043048698 -0.000423190 0.999999821 -0.000319362 -0.059268080 -0.000056373 0.000319338 0.999999940 2.153236628
0.999999762 0.000584653 0.000001020 0.048564032 -0.000584652 0.999999702 -0.000511510 -0.064916983 -0.000001319 0.000511510 0.999999881 2.370008230
0.999999881 0.000228948 -0.000000732 0.054547146 -0.000228949 0.999999881 -0.000304094 -0.073451824 0.000000663 0.000304095 0.999999940 2.593571424
0.999999642 0.000775813 0.000323648 0.053103048 -0.000775737 0.999999642 -0.000234629 -0.079457693 -0.000323830 0.000234378 0.999999881 2.828911066
0.999999762 0.000642377 0.000117685 0.059805579 -0.000642343 0.999999762 -0.000287418 -0.083731711 -0.000117869 0.000287343 0.999999940 3.053418159
0.999999940 0.000361228 -0.000215724 0.068748258 -0.000361353 0.999999821 -0.000578592 -0.085355841 0.000215515 0.000578670 0.999999821 3.299317598
0.999999881 0.000370876 -0.000202534 0.073732741 -0.000370907 0.999999881 -0.000153648 -0.098147742 0.000202477 0.000153723 0.999999940 3.532500505
0.999999940 0.000186520 -0.000163672 0.078401446 -0.000186563 1.000000000 -0.000263741 -0.103206180 0.000163623 0.000263771 0.999999940 3.791664362
1.000000000 -0.000032243 0.000234789 0.076113328 0.000032339 0.999999940 -0.000409346 -0.108272530 -0.000234775 0.000409354 0.999999881 4.051047325
0.999999821 0.000735160 0.000069887 0.085874513 -0.000735164 0.999999702 0.000054193 -0.115285531 -0.000069847 -0.000054244 0.999999940 4.300797939
0.999999344 0.001117410 0.000099125 0.091934346 -0.001117408 0.999999285 -0.000018209 -0.122804657 -0.000099145 0.000018098 1.000000000 4.558969975
0.999999464 0.001086860 0.000141947 0.101125114 -0.001086905 0.999999344 0.000317389 -0.129728451 -0.000141602 -0.000317543 0.999999940 4.813710213
0.999999583 0.000894098 0.000057916 0.102171212 -0.000894080 0.999999583 -0.000300490 -0.130801409 -0.000058185 0.000300438 0.999999940 5.082286835
0.999999940 0.000338948 -0.000205502 0.109657139 -0.000339038 0.999999881 -0.000437766 -0.137707800 0.000205354 0.000437835 0.999999940 5.349397182
0.999998868 0.001416859 0.000358505 0.108925112 -0.001416650 0.999998808 -0.000581957 -0.144366488 -0.000359329 0.000581448 0.999999762 5.622160435
0.999999821 -0.000104885 -0.000501288 0.126627445 0.000105033 0.999999881 0.000294534 -0.158435255 0.000501257 -0.000294587 0.999999821 5.882378578
0.999999821 -0.000332444 -0.000555505 0.135561511 0.000332753 0.999999821 0.000556153 -0.167202845 0.000555320 -0.000556338 0.999999702 6.148365498
0.999999881 0.000143728 -0.000493876 0.140166640 -0.000143515 0.999999881 0.000430710 -0.173664972 0.000493938 -0.000430639 0.999999762 6.450909138
1.000000000 0.000066055 -0.000026240 0.135165662 -0.000066056 1.000000000 -0.000034656 -0.177642390 0.000026237 0.000034657 1.000000000 6.727387428
0.999999940 0.000136909 0.000219345 0.140570745 -0.000137038 0.999999821 0.000589691 -0.201480955 -0.000219264 -0.000589721 0.999999762 7.022624016
0.999999940 0.000122793 0.000245266 0.148013249 -0.000123047 0.999999523 0.001033911 -0.210925207 -0.000245139 -0.001033941 0.999999404 7.321510792
1.000000000 0.000035938 0.000134563 0.151927724 -0.000035992 0.999999940 0.000395978 -0.216185763 -0.000134549 -0.000395983 0.999999940 7.649204731
0.999999940 -0.000161123 -0.000032434 0.164756894 0.000161157 0.999999404 0.001063365 -0.233420536 0.000032263 -0.001063370 0.999999464 7.957483292
0.999999881 -0.000426626 0.000178781 0.164894029 0.000426534 0.999999702 0.000517588 -0.234055638 -0.000179001 -0.000517511 0.999999821 8.290316582
1.000000000 0.000158277 0.000046087 0.171740532 -0.000158297 0.999999881 0.000454108 -0.245792061 -0.000046015 -0.000454115 0.999999821 8.600935936
1.000000000 0.000092833 0.000163421 0.178179771 -0.000093017 0.999999344 0.001122144 -0.258217245 -0.000163317 -0.001122159 0.999999344 8.938069344
1.000000000 0.000014665 0.000171473 0.186970025 -0.000014853 0.999999344 0.001094581 -0.270601124 -0.000171457 -0.001094583 0.999999404 9.267812729
0.999999940 0.000199291 0.000328152 0.187923953 -0.000199657 0.999999344 0.001117879 -0.279708922 -0.000327929 -0.001117944 0.999999285 9.615699768
0.999999940 -0.000101515 0.000338110 0.196094677 0.000101267 0.999999762 0.000733934 -0.285182387 -0.000338185 -0.000733899 0.999999702 9.963705063
0.999999940 0.000300097 0.000233655 0.201636702 -0.000300352 0.999999344 0.001089209 -0.299764633 -0.000233328 -0.001089279 0.999999404 10.329597473
0.999999762 0.000474983 0.000413951 0.212920710 -0.000475427 0.999999285 0.001072315 -0.311124295 -0.000413441 -0.001072511 0.999999344 10.681746483
0.999999464 0.000748357 0.000739354 0.211790547 -0.000748974 0.999999404 0.000835038 -0.312731326 -0.000738729 -0.000835592 0.999999404 11.045392036
0.999999821 0.000501768 0.000352424 0.228510112 -0.000502155 0.999999225 0.001098028 -0.330739707 -0.000351873 -0.001098205 0.999999344 11.434473038
0.999999940 -0.000320555 -0.000014154 0.247068658 0.000320568 0.999999523 0.000876641 -0.338619798 0.000013873 -0.000876645 0.999999583 11.804887772
0.999999583 -0.000431916 0.000825593 0.238055885 0.000430862 0.999999106 0.001275469 -0.353009403 -0.000826144 -0.001275113 0.999998868 12.190480232
0.999999762 -0.000646059 0.000261902 0.252091199 0.000645756 0.999999106 0.001157833 -0.364516944 -0.000262650 -0.001157664 0.999999285 12.593362808
0.999999464 -0.000418603 0.000903020 0.246997446 0.000417184 0.999998629 0.001570937 -0.375644833 -0.000903677 -0.001570560 0.999998331 12.975248337
0.999999464 -0.000799600 0.000540489 0.264098495 0.000798796 0.999998569 0.001486305 -0.388763487 -0.000541677 -0.001485873 0.999998689 13.377884865
0.999999285 -0.000809974 0.000835418 0.276783586 0.000808510 0.999998093 0.001751342 -0.402086020 -0.000836835 -0.001750666 0.999998093 13.779769897
0.999999106 -0.000460172 0.001259505 0.277171046 0.000458417 0.999998927 0.001392999 -0.406262815 -0.001260145 -0.001392420 0.999998212 14.197937965
0.999999166 -0.000701507 0.001013699 0.292661816 0.000699945 0.999998569 0.001540787 -0.418695539 -0.001014779 -0.001540076 0.999998271 14.618374825
0.999998331 -0.001392059 0.001131912 0.301504195 0.001389829 0.999997079 0.001968743 -0.434623659 -0.001134649 -0.001967167 0.999997437 15.056969643
0.999997973 -0.001489362 0.001367607 0.311022401 0.001487150 0.999997556 0.001617402 -0.445187360 -0.001370012 -0.001615364 0.999997735 15.491716385
0.999997795 -0.000949778 0.001869998 0.319570869 0.000948130 0.999999166 0.000882109 -0.448124290 -0.001870834 -0.000880334 0.999997854 15.941078186
0.999996543 -0.001657500 0.002021022 0.331900656 0.001654660 0.999997556 0.001406020 -0.465754449 -0.002023348 -0.001402671 0.999996960 16.377349854
0.999997139 -0.000851562 0.002243777 0.340236485 0.000849429 0.999999106 0.000951295 -0.475073189 -0.002244585 -0.000949387 0.999996960 16.832471848
0.999996305 -0.000697506 0.002593581 0.347459763 0.000693929 0.999998748 0.001379813 -0.485900640 -0.002594541 -0.001378008 0.999995708 17.302049637
0.999996185 -0.000624459 0.002682467 0.357543349 0.000620570 0.999998748 0.001450415 -0.498173445 -0.002683370 -0.001448745 0.999995291 17.768230438
0.999993443 -0.000872051 0.003500846 0.361435115 0.000866888 0.999998510 0.001476047 -0.512716353 -0.003502129 -0.001473003 0.999992788 18.221414566
0.999993205 -0.000434416 0.003642202 0.369931310 0.000428443 0.999998569 0.001640604 -0.522983432 -0.003642909 -0.001639032 0.999992013 18.688016891
0.999993503 0.000030137 0.003609524 0.395749360 -0.000035873 0.999998748 0.001589242 -0.543254197 -0.003609472 -0.001589361 0.999992251 19.153970718
0.999993801 -0.000253925 0.003534901 0.413605511 0.000250778 0.999999583 0.000890586 -0.551943302 -0.003535125 -0.000889694 0.999993384 19.626487732
0.999995172 -0.000360263 0.003099350 0.428122342 0.000355135 0.999998510 0.001654940 -0.569734633 -0.003099942 -0.001653831 0.999993861 20.117057800
0.999994457 -0.000257500 0.003324179 0.443189532 0.000247981 0.999995828 0.002863695 -0.601321697 -0.003324901 -0.002862856 0.999990404 20.626695633
0.999992847 0.000871464 0.003703758 0.449073851 -0.000880552 0.999996662 0.002452851 -0.607501686 -0.003701608 -0.002456096 0.999990165 21.132699966
0.999994814 -0.000009272 0.003215364 0.461848378 0.000001642 0.999997199 0.002372994 -0.616591632 -0.003215377 -0.002372977 0.999992073 21.633827209
0.999997020 0.000348791 0.002395601 0.465279788 -0.000354411 0.999997139 0.002345974 -0.630222559 -0.002394776 -0.002346816 0.999994397 22.131038666
0.999997377 0.000618892 0.002174251 0.479546279 -0.000623939 0.999997079 0.002321457 -0.639343500 -0.002172807 -0.002322808 0.999994934 22.634262085
0.999998152 0.000606378 0.001804457 0.482263058 -0.000609720 0.999998093 0.001852227 -0.653761446 -0.001803330 -0.001853324 0.999996662 23.154642105
0.999999344 0.000405019 0.001041076 0.492558479 -0.000407606 0.999996841 0.002485915 -0.671372473 -0.001040066 -0.002486338 0.999996364 23.675374985
0.999999523 -0.000943401 0.000339657 0.506252885 0.000942699 0.999997437 0.002059261 -0.685076416 -0.000341600 -0.002058939 0.999997795 24.212026596
0.999999821 0.000245954 -0.000437698 0.518029511 -0.000245040 0.999997795 0.002088064 -0.694425464 0.000438211 -0.002087956 0.999997735 24.755758286
0.999999285 0.000774263 -0.000910711 0.526650608 -0.000772153 0.999996960 0.002314576 -0.710469127 0.000912500 -0.002313871 0.999996901 25.295736313
0.999998987 0.001197035 -0.000820653 0.527187109 -0.001195568 0.999997735 0.001785792 -0.717329144 0.000822789 -0.001784808 0.999998093 25.838951111
0.999998391 0.000683113 -0.001621885 0.537465513 -0.000678630 0.999995947 0.002763085 -0.741711617 0.001623766 -0.002761980 0.999994814 26.395742416
0.999997079 -0.000260692 -0.002402819 0.551487803 0.000267498 0.999995947 0.002832677 -0.752449393 0.002402071 -0.002833312 0.999993086 26.950250626
0.999996960 -0.000110773 -0.002482991 0.553261697 0.000118242 0.999995530 0.003008301 -0.766638160 0.002482646 -0.003008585 0.999992371 27.504539490
0.999993563 0.000225697 -0.003580512 0.572567940 -0.000215620 0.999996006 0.002814801 -0.780164242 0.003581133 -0.002814011 0.999989629 28.065793991
0.999994099 0.000510285 -0.003389905 0.574429333 -0.000500482 0.999995708 0.002892016 -0.791327953 0.003391366 -0.002890303 0.999990106 28.613838196
0.999992073 0.000709883 -0.003916436 0.587393045 -0.000697614 0.999994874 0.003133295 -0.812127829 0.003918641 -0.003130537 0.999987364 29.161540985
0.999991179 0.000400130 -0.004181519 0.594840169 -0.000388107 0.999995768 0.002875897 -0.823179662 0.004182652 -0.002874249 0.999987125 29.718740463
0.999990582 0.000870007 -0.004252035 0.595701039 -0.000857691 0.999995351 0.002897482 -0.835534453 0.004254537 -0.002893808 0.999986768 30.263038635
0.999989450 0.000898551 -0.004527166 0.606054604 -0.000886614 0.999996126 0.002638029 -0.846966982 0.004529519 -0.002633987 0.999986291 30.810710907
0.999988139 0.000755381 -0.004807916 0.617550910 -0.000739905 0.999994516 0.003219915 -0.865937054 0.004810322 -0.003216319 0.999983251 31.348001480
0.999985695 0.000820552 -0.005273238 0.626227975 -0.000804347 0.999994934 0.003074489 -0.877000332 0.005275734 -0.003070204 0.999981284 31.904478073
0.999986768 0.000392413 -0.005133838 0.633106530 -0.000377412 0.999995649 0.002922454 -0.891150177 0.005134962 -0.002920479 0.999982536 32.457897186
0.999985993 0.000754925 -0.005230557 0.637000620 -0.000739487 0.999995351 0.002952891 -0.901817918 0.005232762 -0.002948982 0.999981880 33.003807068
0.999984860 0.000255575 -0.005490717 0.647912145 -0.000239637 0.999995708 0.002903140 -0.920101941 0.005491436 -0.002901780 0.999980688 33.544353485
0.999982834 0.000645089 -0.005823016 0.658108711 -0.000626597 0.999994695 0.003176780 -0.934654772 0.005825034 -0.003173077 0.999978006 34.089984894
0.999983132 0.000312662 -0.005797711 0.658774614 -0.000293021 0.999994159 0.003388252 -0.947941959 0.005798737 -0.003386496 0.999977469 34.636219025
0.999983072 0.000621568 -0.005781723 0.661287129 -0.000604591 0.999995530 0.002937766 -0.956066132 0.005783523 -0.002934222 0.999978960 35.181938171
0.999981999 -0.000032306 -0.005997123 0.673449636 0.000049761 0.999995708 0.002910462 -0.969046295 0.005997004 -0.002910708 0.999977767 35.725959778
0.999984443 0.000403268 -0.005560453 0.670264125 -0.000386837 0.999995589 0.002955786 -0.980925620 0.005561620 -0.002953589 0.999980211 36.269828796
0.999981940 0.000927368 -0.005937902 0.684374034 -0.000911110 0.999995828 0.002740005 -0.994205296 0.005940419 -0.002734545 0.999978602 36.823398590
0.999983490 0.000854762 -0.005675071 0.687681735 -0.000839310 0.999995947 0.002724482 -1.004595399 0.005677377 -0.002719674 0.999980211 37.364906311
0.999978483 0.001151523 -0.006460044 0.701589704 -0.001131778 0.999994695 0.003059242 -1.027895570 0.006463532 -0.003051865 0.999974430 37.918918610
0.999979675 0.000860826 -0.006321744 0.710584164 -0.000844678 0.999996364 0.002556616 -1.037457585 0.006323922 -0.002551225 0.999976754 38.470176697
0.999980688 0.000889457 -0.006159629 0.720862269 -0.000872895 0.999996066 0.002691036 -1.056603909 0.006161998 -0.002685607 0.999977350 39.007015228
0.999976993 0.001075029 -0.006694017 0.721506059 -0.001052172 0.999993563 0.003417281 -1.072464347 0.006697649 -0.003410159 0.999971688 39.570117950
0.999976397 0.000980454 -0.006798172 0.734270334 -0.000958067 0.999994099 0.003295509 -1.083495617 0.006801363 -0.003288919 0.999971449 40.114700317
0.999975860 0.001081177 -0.006859818 0.747007370 -0.001057223 0.999993324 0.003494733 -1.100047827 0.006863550 -0.003487396 0.999970376 40.661067963
0.999976456 0.001589196 -0.006681033 0.764145494 -0.001566254 0.999992967 0.003437877 -1.113747597 0.006686449 -0.003427331 0.999971807 41.171073914
0.999981046 0.001293017 -0.006022930 0.729369521 -0.001276322 0.999995351 0.002774958 -1.115915537 0.006026490 -0.002767219 0.999977946 41.767986298
0.999978542 0.001560605 -0.006372339 0.744019389 -0.001545179 0.999995887 0.002424942 -1.128664255 0.006376097 -0.002415044 0.999976754 42.307136536
0.999981523 0.001640328 -0.005862239 0.753423214 -0.001622481 0.999994040 0.003047812 -1.143898010 0.005867203 -0.003038244 0.999978244 42.858036041
0.999975562 0.001285727 -0.006875906 0.757890821 -0.001262125 0.999993324 0.003435906 -1.166162014 0.006880278 -0.003427143 0.999970436 43.414237976
0.999976695 0.001479561 -0.006661381 0.759963274 -0.001454848 0.999992013 0.003713100 -1.183871031 0.006666822 -0.003703323 0.999970853 43.972682953
0.999977648 0.001308139 -0.006552582 0.767514825 -0.001281991 0.999991238 0.003993152 -1.194186211 0.006557748 -0.003984662 0.999970555 44.515304565
0.999977291 0.001569276 -0.006545070 0.766786337 -0.001543675 0.999991119 0.003914710 -1.210057497 0.006551155 -0.003904518 0.999970913 45.069896698
0.999971986 0.001809707 -0.007268497 0.774323761 -0.001786344 0.999993205 0.003219445 -1.216281533 0.007274273 -0.003206370 0.999968410 45.637035370
0.999977887 0.002016169 -0.006336624 0.785801649 -0.001995193 0.999992490 0.003314962 -1.224957943 0.006343259 -0.003302247 0.999974370 46.161502838
0.999972820 0.000818214 -0.007324581 0.803905487 -0.000790392 0.999992490 0.003800545 -1.252349854 0.007327635 -0.003794652 0.999965966 46.709262848
0.999973238 0.001372879 -0.007178443 0.811738789 -0.001347920 0.999993086 0.003480696 -1.264547467 0.007183171 -0.003470927 0.999968171 47.266262054
0.999968767 0.000306370 -0.007895248 0.819214523 -0.000280015 0.999994397 0.003339020 -1.270810008 0.007896227 -0.003336705 0.999963284 47.816783905
0.999977648 0.000617718 -0.006656724 0.804349542 -0.000589059 0.999990702 0.004306313 -1.293545246 0.006659321 -0.004302296 0.999968588 48.358238220
0.999974430 0.001106087 -0.007062037 0.824677289 -0.001077087 0.999991000 0.004108990 -1.302891493 0.007066518 -0.004101279 0.999966621 48.909912109
0.999976039 0.001190440 -0.006819969 0.821421981 -0.001160308 0.999989629 0.004420479 -1.318777442 0.006825159 -0.004412460 0.999967039 49.442901611
0.999976814 0.000566384 -0.006779346 0.833471179 -0.000538825 0.999991536 0.004066299 -1.332007289 0.006781591 -0.004062552 0.999968708 50.017745972
0.999979794 0.000875734 -0.006294610 0.833358288 -0.000844558 0.999987304 0.004953782 -1.346318245 0.006298868 -0.004948366 0.999967933 50.559715271
0.999973774 0.000749154 -0.007205786 0.841988921 -0.000722830 0.999993026 0.003655010 -1.353432417 0.007208474 -0.003649705 0.999967337 51.109241486
0.999976993 0.000533017 -0.006769222 0.848323882 -0.000507743 0.999992907 0.003734887 -1.369323134 0.006771164 -0.003731364 0.999970138 51.661853790
0.999970734 0.000418976 -0.007635936 0.863374591 -0.000389394 0.999992430 0.003875139 -1.380211592 0.007637501 -0.003872052 0.999963343 52.203033447
0.999972105 0.000395361 -0.007454254 0.869283319 -0.000368482 0.999993443 0.003606843 -1.393621922 0.007455630 -0.003603996 0.999965727 52.754936218
0.999972820 -0.000130606 -0.007373239 0.875763714 0.000158121 0.999993026 0.003731230 -1.407677412 0.007372699 -0.003732295 0.999965847 53.307563782
0.999970257 0.000169671 -0.007711413 0.884346843 -0.000138375 0.999991775 0.004058748 -1.424874783 0.007712037 -0.004057561 0.999962032 53.836040497
0.999975204 0.000453062 -0.007030283 0.884706378 -0.000425280 0.999992073 0.003952822 -1.437152505 0.007032017 -0.003949734 0.999967396 54.391044617
0.999975801 0.000376334 -0.006955203 0.892948508 -0.000348440 0.999991834 0.004011295 -1.450413108 0.006956656 -0.004008774 0.999967754 54.926513672
0.999973118 0.000197966 -0.007327163 0.898731232 -0.000171394 0.999993324 0.003626971 -1.462709665 0.007327833 -0.003625618 0.999966562 55.467922211
0.999974728 0.000397109 -0.007096656 0.902047455 -0.000369629 0.999992430 0.003873150 -1.474040985 0.007098141 -0.003870429 0.999967337 56.020389557
0.999972761 0.000292999 -0.007364027 0.908624291 -0.000264405 0.999992430 0.003883580 -1.485836148 0.007365109 -0.003881528 0.999965310 56.565864563
0.999974787 0.000361559 -0.007091630 0.925560832 -0.000332740 0.999991715 0.004064622 -1.505077720 0.007093041 -0.004062160 0.999966621 57.089271545
0.999974966 0.000389602 -0.007064532 0.924925327 -0.000360957 0.999991715 0.004055463 -1.517222404 0.007066054 -0.004052812 0.999966800 57.666358948
0.999971867 0.000456824 -0.007498753 0.933281183 -0.000426062 0.999991477 0.004103431 -1.534764409 0.007500564 -0.004100120 0.999963462 58.213340759
0.999976218 0.000433058 -0.006872291 0.933614433 -0.000409370 0.999994099 0.003447955 -1.538516045 0.006873742 -0.003445060 0.999970376 58.759437561
0.999978125 0.000652323 -0.006573462 0.934529901 -0.000629900 0.999993980 0.003412663 -1.546407938 0.006575649 -0.003408448 0.999972522 59.314380646
0.999976695 -0.000219312 -0.006831820 0.943521738 0.000238078 0.999996185 0.002746084 -1.553622842 0.006831191 -0.002747646 0.999972820 59.865001678
0.999975979 0.000868622 -0.006880395 0.944652140 -0.000848320 0.999995291 0.002952928 -1.571922541 0.006882928 -0.002947021 0.999971926 60.395259857
0.999976397 0.001183015 -0.006764176 0.949918032 -0.001159115 0.999993145 0.003536166 -1.587943792 0.006768314 -0.003528242 0.999970853 60.944522858
0.999976993 0.001296854 -0.006647732 0.951587677 -0.001275880 0.999994218 0.003158289 -1.598565221 0.006651788 -0.003149736 0.999972939 61.478916168
0.999974489 0.001184518 -0.007032018 0.958231449 -0.001165422 0.999995589 0.002719078 -1.607001901 0.007035208 -0.002710813 0.999971569 62.031551361
0.999975443 0.001354338 -0.006867738 0.969034672 -0.001333040 0.999994278 0.003104770 -1.625607252 0.006871903 -0.003095539 0.999971569 62.578186035
0.999974012 0.001645296 -0.007002015 0.978567839 -0.001621287 0.999992788 0.003433225 -1.643613577 0.007007613 -0.003421784 0.999969542 63.123657227
0.999974668 0.001531574 -0.006947301 0.980383515 -0.001508242 0.999993145 0.003362420 -1.655905128 0.006952404 -0.003351858 0.999970198 63.663249969
0.999971569 0.001599257 -0.007360375 0.991250813 -0.001577027 0.999994159 0.003024966 -1.672707200 0.007365170 -0.003013272 0.999968350 64.217071533
0.999976635 0.001869554 -0.006576843 0.987153828 -0.001848177 0.999992967 0.003254954 -1.684312940 0.006582883 -0.003242722 0.999973059 64.749526978
0.999971569 0.002002830 -0.007274286 1.002907515 -0.001976842 0.999991596 0.003578049 -1.698966742 0.007281393 -0.003563567 0.999967098 65.282684326
0.999974906 0.002011443 -0.006797326 1.010615826 -0.001989642 0.999992788 0.003212571 -1.710923433 0.006803740 -0.003198966 0.999971688 65.818016052
0.999978125 0.001489885 -0.006446602 1.005527377 -0.001468426 0.999993384 0.003332296 -1.721775889 0.006451524 -0.003322756 0.999973655 66.372283936
0.999980450 0.001637723 -0.006033796 1.008475065 -0.001619465 0.999994159 0.003029611 -1.729852438 0.006038722 -0.003019781 0.999977231 66.925491333
0.999976456 0.001850632 -0.006611513 1.018984795 -0.001832547 0.999994636 0.002740429 -1.745390892 0.006616548 -0.002728248 0.999974370 67.481216431
0.999975920 0.001623275 -0.006748066 1.035716772 -0.001597758 0.999991477 0.003785049 -1.766584754 0.006754153 -0.003774176 0.999970078 68.016494751
0.999973536 0.001358271 -0.007154620 1.052383065 -0.001328664 0.999990463 0.004141228 -1.787059784 0.007160177 -0.004131612 0.999965847 68.544425964
0.999974132 0.002310277 -0.006815869 1.054652333 -0.002280836 0.999988079 0.004324145 -1.802294731 0.006825778 -0.004308487 0.999967396 69.100486755
0.999974668 0.002151726 -0.006789858 1.059369206 -0.002122887 0.999988735 0.004251564 -1.816040397 0.006798930 -0.004237042 0.999967933 69.654647827
0.999978602 0.002445894 -0.006089150 1.050817132 -0.002424773 0.999990940 0.003473357 -1.820238113 0.006097592 -0.003458517 0.999975443 70.180274963
0.999977648 0.002943381 -0.006022166 1.057202458 -0.002916611 0.999985814 0.004449106 -1.836158872 0.006035177 -0.004431441 0.999971986 70.735038757
0.999977410 0.001791825 -0.006484528 1.068644643 -0.001772699 0.999993980 0.002954087 -1.837059617 0.006489783 -0.002942525 0.999974668 71.271163940
0.999974370 0.002115975 -0.006836058 1.084345460 -0.002092229 0.999991715 0.003478839 -1.863612890 0.006843363 -0.003464448 0.999970555 71.813537598
0.999977112 0.002223344 -0.006377808 1.081830978 -0.002201305 0.999991596 0.003460579 -1.877019882 0.006385448 -0.003446460 0.999973595 72.371826172
0.999976397 0.002451159 -0.006403747 1.086637020 -0.002431403 0.999992251 0.003091009 -1.889732003 0.006411274 -0.003075366 0.999974668 72.926658630
0.999977410 0.002702042 -0.006157783 1.091749668 -0.002680688 0.999990404 0.003473380 -1.907757998 0.006167109 -0.003456794 0.999975026 73.469375610
0.999977946 0.002803775 -0.006024213 1.097272515 -0.002782216 0.999989748 0.003583885 -1.921413183 0.006034200 -0.003567045 0.999975443 74.015136719
0.999977231 0.002446270 -0.006287667 1.105608225 -0.002423918 0.999990702 0.003560232 -1.938311100 0.006296318 -0.003544909 0.999973893 74.562644958
0.999976039 0.002413432 -0.006485259 1.116785288 -0.002387990 0.999989450 0.003927780 -1.953495979 0.006494670 -0.003912199 0.999971271 75.099288940
0.999980092 0.002476479 -0.005809146 1.117016673 -0.002445023 0.999982357 0.005415644 -1.981869936 0.005822456 -0.005401333 0.999968529 75.638473511
0.999978125 0.001955492 -0.006320943 1.134019017 -0.001930021 0.999989986 0.004033361 -1.984093308 0.006328767 -0.004021073 0.999971807 76.194641113
0.999978960 0.002403125 -0.006029346 1.138583422 -0.002379817 0.999989688 0.003869943 -1.995948315 0.006038584 -0.003855512 0.999974251 76.737770081
0.999978304 0.002101463 -0.006229085 1.152243972 -0.002075630 0.999989212 0.004150669 -2.016158104 0.006237740 -0.004137650 0.999971986 77.294479370
0.999979615 0.002568923 -0.005831636 1.153366208 -0.002545935 0.999988914 0.003946019 -2.020997524 0.005841708 -0.003931092 0.999975264 77.852905273
0.999975622 0.002165603 -0.006629851 1.175456524 -0.002135377 0.999987245 0.004562653 -2.043823242 0.006639648 -0.004548385 0.999967575 78.384986877
0.999972701 0.002137514 -0.007071697 1.181947470 -0.002111012 0.999990821 0.003752919 -2.047960997 0.007079653 -0.003737888 0.999967933 78.918823242
0.999976158 0.002032209 -0.006599158 1.191744804 -0.002009432 0.999992073 0.003456454 -2.055007458 0.006606129 -0.003443112 0.999972224 79.467620850
0.999973893 0.002207797 -0.006868014 1.196007609 -0.002184667 0.999991894 0.003373384 -2.068897247 0.006875406 -0.003358292 0.999970675 80.016662598
0.999972820 0.002439490 -0.006958023 1.206058979 -0.002417218 0.999991953 0.003207337 -2.081661940 0.006965791 -0.003190432 0.999970675 80.553070068
0.999979138 0.002596968 -0.005908668 1.214948654 -0.002576312 0.999990582 0.003500805 -2.096275091 0.005917703 -0.003485509 0.999976397 81.106506348
0.999986768 0.002830293 -0.004300270 1.221194863 -0.002818574 0.999992311 0.002728987 -2.105145216 0.004307961 -0.002716830 0.999987006 81.654251099
0.999989867 0.002944162 -0.003398502 1.228620768 -0.002931039 0.999988258 0.003859694 -2.130970001 0.003409825 -0.003849695 0.999986708 82.172111511
0.999993503 0.002946924 -0.002084660 1.239497423 -0.002939686 0.999989629 0.003466153 -2.141882896 0.002094853 -0.003460002 0.999991834 82.711135864
0.999994278 0.003129123 0.001290226 1.252002239 -0.003133552 0.999989152 0.003444497 -2.153523684 -0.001279434 -0.003448520 0.999993265 83.259773254
0.999983430 0.002822582 0.005022922 1.270207882 -0.002839471 0.999990344 0.003358667 -2.163503647 -0.005013393 -0.003372873 0.999981761 83.804191589
0.999962211 0.003329688 0.008029752 1.284720421 -0.003358733 0.999987841 0.003606529 -2.182693958 -0.008017645 -0.003633362 0.999961197 84.346359253
0.999918938 0.003151057 0.012335833 1.316362381 -0.003197759 0.999987721 0.003768045 -2.199427605 -0.012323809 -0.003807187 0.999916792 84.896392822
0.999827623 0.003771560 0.018177034 1.343535781 -0.003843116 0.999984920 0.003903363 -2.215778112 -0.018162034 -0.003972546 0.999827147 85.445571899
0.999715686 0.003071110 0.023646753 1.372516632 -0.003163494 0.999987423 0.003870396 -2.231539249 -0.023634572 -0.003944101 0.999712884 85.986915588
0.999582946 0.002706639 0.028751139 1.406985641 -0.002815817 0.999988854 0.003757509 -2.243306398 -0.028740652 -0.003836900 0.999579549 86.514068604
0.999280393 0.002956797 0.037814237 1.435616136 -0.003092681 0.999988973 0.003535455 -2.250581741 -0.037803367 -0.003649858 0.999278545 87.083160400
0.998929143 0.003128623 0.046159796 1.480540037 -0.003313292 0.999986768 0.003924685 -2.270025969 -0.046146914 -0.004073423 0.998926342 87.629081726
0.998545170 0.002930396 0.053840797 1.516121149 -0.003145927 0.999987364 0.003918797 -2.279855728 -0.053828627 -0.004082475 0.998541892 88.169731140
0.998063862 0.002937138 0.062127937 1.571814775 -0.003165896 0.999988496 0.003583918 -2.291890621 -0.062116705 -0.003773670 0.998061717 88.719421387
0.997379899 0.002730019 0.072291434 1.632053375 -0.003007852 0.999988437 0.003734645 -2.304392815 -0.072280414 -0.003942301 0.997376561 89.248619080
0.996760070 0.002343028 0.080399022 1.704802990 -0.002665722 0.999988794 0.003906541 -2.321407557 -0.080388978 -0.004108205 0.996755064 89.795188904
0.996056020 0.002770780 0.088683359 1.755684853 -0.003080258 0.999989629 0.003353031 -2.332736969 -0.088673159 -0.003612975 0.996054173 90.368446350
0.995043814 0.002361872 0.099409275 1.837327957 -0.002711866 0.999990642 0.003385753 -2.341630936 -0.099400342 -0.003638557 0.995040953 90.911537170
0.993885636 0.002637801 0.110384159 1.906250000 -0.003084569 0.999987721 0.003876827 -2.362684011 -0.110372595 -0.004193610 0.993881464 91.458572388
0.992865741 0.001920177 0.119222388 1.993541718 -0.002301369 0.999992669 0.003059722 -2.371079922 -0.119215637 -0.003312268 0.992862940 92.002403259
0.991435647 0.002452270 0.130573362 2.077285767 -0.002973356 0.999988377 0.003795950 -2.389140129 -0.130562499 -0.004151681 0.991431415 92.569900513
0.989800513 0.001639064 0.142450809 2.180513382 -0.002187415 0.999990761 0.003692895 -2.404657602 -0.142443463 -0.003966828 0.989794910 93.107994080
0.988167524 0.001694667 0.153369248 2.282645226 -0.002326426 0.999989510 0.003939832 -2.421542883 -0.153360978 -0.004250016 0.988161027 93.657745361
0.986425936 0.001026746 0.164203465 2.392748833 -0.001658287 0.999991775 0.003709053 -2.429407120 -0.164198279 -0.003931003 0.986419499 94.204772949
0.984226704 0.001464379 0.176905662 2.507548332 -0.002133971 0.999991238 0.003594823 -2.443233967 -0.176898882 -0.003915632 0.984221220 94.737632751
0.982232273 0.001250203 0.187665015 2.642213821 -0.001925497 0.999992311 0.003416148 -2.456537485 -0.187659323 -0.003716798 0.982227147 95.259803772
0.979971349 0.000424020 0.199138060 2.757709503 -0.001156790 0.999992967 0.003563381 -2.467074871 -0.199135140 -0.003722372 0.979964972 95.801231384
0.977172971 0.000354336 0.212445214 2.888822556 -0.001251105 0.999990821 0.004086761 -2.487240076 -0.212441832 -0.004259264 0.977164447 96.315505981
0.974078000 0.000127090 0.226212248 3.028348923 -0.000981569 0.999992728 0.003664858 -2.488395929 -0.226210177 -0.003791902 0.974071145 96.854019165
0.971531212 -0.000385373 0.236911282 3.176824570 -0.000494898 0.999993145 0.003656134 -2.503512383 -0.236911118 -0.003669296 0.971524417 97.384468079
0.968447030 -0.000686337 0.249218583 3.335933685 -0.000186030 0.999993861 0.003476841 -2.507215500 -0.249219432 -0.003413499 0.968441069 97.910507202
0.964698136 -0.000006706 0.263358086 3.498670578 -0.001095725 0.999991238 0.004039176 -2.537146091 -0.263355821 -0.004185154 0.964689672 98.467498779
0.961116612 -0.000021336 0.276142716 3.665502548 -0.001074658 0.999992132 0.003817616 -2.552485228 -0.276140630 -0.003965934 0.961108983 98.985679626
0.957800508 -0.000329332 0.287433326 3.839698792 -0.000864562 0.999991536 0.004026698 -2.566227674 -0.287432253 -0.004105279 0.957792103 99.535858154
0.953607798 -0.000553958 0.301051140 4.024711609 -0.000590711 0.999993026 0.003711201 -2.573995113 -0.301051080 -0.003716864 0.953600764 100.041961670
0.949209809 -0.000764082 0.314642906 4.221853256 -0.000618252 0.999990582 0.004293521 -2.594084501 -0.314643264 -0.004269982 0.949200332 100.580398560
0.945356667 -0.001745187 0.326033235 4.423477173 0.000492735 0.999992192 0.003924029 -2.599424601 -0.326037586 -0.003548959 0.945350170 101.100997925
0.940671325 -0.001931203 0.339313686 4.636758804 0.000615627 0.999991894 0.003984765 -2.617947817 -0.339318573 -0.003539464 0.940664828 101.635513306
0.935527980 -0.001990355 0.353247017 4.854608536 0.000470313 0.999990284 0.004388838 -2.634178877 -0.353252321 -0.003939744 0.935519755 102.135360718
0.930783153 -0.002505386 0.365563512 5.075202942 0.000899903 0.999989212 0.004562119 -2.648463249 -0.365571082 -0.003917371 0.930775225 102.652671814
0.926290512 -0.002747021 0.376800090 5.297792435 0.001467695 0.999992192 0.003682291 -2.654496431 -0.376807243 -0.002857844 0.926287234 103.154891968
0.920265734 -0.003590296 0.391277432 5.543689728 0.002078276 0.999988616 0.004287723 -2.671142340 -0.391288370 -0.003132662 0.920262754 103.667274475
0.914513350 -0.004038936 0.404535383 5.784645081 0.002576130 0.999988019 0.004160284 -2.679516554 -0.404547334 -0.002762500 0.914512873 104.166275024
0.909412086 -0.003997421 0.415876985 6.029449463 0.002270038 0.999986589 0.004647932 -2.697081089 -0.415890038 -0.003282828 0.909409046 104.663215637
0.903656244 -0.005305191 0.428225696 6.306621552 0.003989050 0.999984264 0.003970750 -2.703419685 -0.428240031 -0.001879979 0.903663158 105.143463135
0.896578550 -0.005185173 0.442854375 6.548652649 0.003491123 0.999983132 0.004640394 -2.721493483 -0.442870945 -0.002614419 0.896581531 105.633750916
0.890656710 -0.005883561 0.454638243 6.817443848 0.004265958 0.999980390 0.004583734 -2.734926701 -0.454656273 -0.002143066 0.890664339 106.115219116
0.884911120 -0.006423699 0.465715647 7.083724976 0.004623612 0.999976814 0.005007485 -2.747335672 -0.465736896 -0.002277891 0.884920239 106.585060120
0.877797782 -0.006932987 0.478981376 7.360290527 0.005155081 0.999974012 0.005026688 -2.761135578 -0.479003847 -0.001943228 0.877810657 107.053657532
0.871126771 -0.007457242 0.491001576 7.654571533 0.005837255 0.999971271 0.004831019 -2.774155378 -0.491023511 -0.001342327 0.871145248 107.501220703
