1.000000000 0.000000000 0.000000000 0.000000000 0.000000000 1.000000000 0.000000000 0.000000000 0.000000000 0.000000000 1.000000000 0.000000000
1.000000000 0.000063452 0.000008450 0.000189957 -0.000063452 1.000000000 -0.000000609 -0.000062877 -0.000008450 0.000000609 1.000000000 -0.000634857
1.000000000 0.000069909 0.000071253 -0.000995174 -0.000069908 1.000000000 -0.000007841 0.000263872 -0.000071254 0.000007836 1.000000000 0.000156386
1.000000000 0.000012209 -0.000004981 0.000804236 -0.000012209 1.000000000 0.000054305 -0.000576196 0.000004982 -0.000054304 1.000000000 -0.000346713
1.000000000 0.000019114 0.000047089 -0.000262699 -0.000019115 1.000000000 0.000013786 -0.000013827 -0.000047089 -0.000013787 1.000000000 0.000475733
1.000000000 0.000131288 0.000028328 -0.000263634 -0.000131287 1.000000000 -0.000024728 0.000049694 -0.000028331 0.000024724 1.000000000 -0.000250732
1.000000000 0.000134064 0.000022564 -0.000009684 -0.000134063 1.000000000 -0.000049117 0.000406836 -0.000022570 0.000049114 1.000000000 0.000507883
1.000000000 0.000015400 0.000026739 -0.000338652 -0.000015401 1.000000000 0.000046396 -0.000225668 -0.000026738 -0.000046397 1.000000000 -0.000340147
1.000000000 0.000052110 0.000026810 0.000089556 -0.000052110 1.000000000 0.000004552 0.000437150 -0.000026810 -0.000004553 1.000000000 0.000664080
1.000000000 0.000092560 0.000045071 -0.000481630 -0.000092561 1.000000000 0.000007919 -0.000084278 -0.000045070 -0.000007923 1.000000000 -0.000340706
1.000000000 0.000043230 0.000035344 -0.000971553 -0.000043231 1.000000000 0.000028268 -0.000084040 -0.000035343 -0.000028270 1.000000000 -0.000282312
1.000000000 0.000070667 0.000073167 -0.000923925 -0.000070669 1.000000000 0.000027135 0.000076838 -0.000073165 -0.000027140 1.000000000 -0.000005856
1.000000000 -0.000015775 0.000036256 -0.000052505 0.000015774 1.000000000 0.000008121 0.000355404 -0.000036256 -0.000008120 1.000000000 0.000092628
1.000000000 0.000119051 0.000081937 -0.000217523 -0.000119054 1.000000000 0.000032275 0.000265527 -0.000081933 -0.000032285 1.000000000 0.000031931
1.000000000 0.000067337 0.000103977 -0.001294641 -0.000067341 1.000000000 0.000039466 0.000016126 -0.000103975 -0.000039473 1.000000000 0.000322734
1.000000000 0.000127313 0.000106723 -0.000507371 -0.000127320 1.000000000 0.000062696 0.000553842 -0.000106715 -0.000062710 1.000000000 0.000048744
1.000000000 0.000135918 0.000117613 -0.001057951 -0.000135918 1.000000000 -0.000002075 0.000559112 -0.000117614 0.000002059 1.000000000 0.000896380
1.000000000 0.000074807 0.000090067 -0.001079858 -0.000074813 1.000000000 0.000061703 -0.000256477 -0.000090063 -0.000061710 1.000000000 -0.000241936
1.000000000 0.000041619 0.000086497 -0.001308577 -0.000041622 1.000000000 0.000037644 0.000300795 -0.000086495 -0.000037647 1.000000000 0.000170483
1.000000000 0.000135138 0.000119858 -0.001410106 -0.000135133 1.000000000 -0.000038536 0.000685019 -0.000119863 0.000038520 1.000000000 0.000912759
1.000000000 0.000158642 0.000077931 -0.001267137 -0.000158643 1.000000000 0.000002771 0.000445334 -0.000077930 -0.000002783 1.000000000 0.000466371
0.999999940 0.000278055 0.000114692 -0.002121266 -0.000278055 0.999999940 -0.000000305 0.001173494 -0.000114692 0.000000273 1.000000000 0.001582493
1.000000000 0.000167689 0.000123644 -0.001076978 -0.000167693 1.000000000 0.000037086 0.000481128 -0.000123638 -0.000037107 1.000000000 0.001194912
1.000000000 0.000146536 0.000144484 -0.001637464 -0.000146543 1.000000000 0.000044236 0.000746460 -0.000144478 -0.000044257 1.000000000 0.001081741
1.000000000 0.000090472 0.000137958 -0.001419494 -0.000090472 1.000000000 0.000005673 0.000634524 -0.000137957 -0.000005685 1.000000000 0.000577039
1.000000000 0.000178564 0.000121437 -0.002151462 -0.000178568 1.000000000 0.000034791 -0.000046730 -0.000121430 -0.000034812 1.000000000 -0.000946975
1.000000000 0.000107620 0.000066620 -0.001459175 -0.000107624 1.000000000 0.000066004 0.000084477 -0.000066613 -0.000066012 1.000000000 -0.000161171
1.000000000 0.000184047 0.000114482 -0.001014138 -0.000184051 1.000000000 0.000033309 0.000486960 -0.000114476 -0.000033330 1.000000000 0.001133162
1.000000000 0.000068596 0.000110080 -0.000997265 -0.000068598 1.000000000 0.000019855 0.000681812 -0.000110079 -0.000019862 1.000000000 0.001282571
1.000000000 0.000156874 0.000130792 -0.001696496 -0.000156883 1.000000000 0.000063484 0.000456033 -0.000130782 -0.000063504 1.000000000 0.001049860
1.000000000 0.000194320 0.000101538 -0.001078971 -0.000194326 1.000000000 0.000065389 -0.000100754 -0.000101525 -0.000065409 1.000000000 0.000161331
1.000000000 0.000165025 0.000154476 -0.001749215 -0.000165029 1.000000000 0.000023958 -0.000062201 -0.000154472 -0.000023983 1.000000000 0.000417919
1.000000000 0.000137035 0.000149147 -0.001259536 -0.000137042 1.000000000 0.000048626 0.000061974 -0.000149141 -0.000048647 1.000000000 0.000820779
1.000000000 0.000152874 0.000132168 -0.002006069 -0.000152884 1.000000000 0.000079133 -0.000506555 -0.000132156 -0.000079153 1.000000000 -0.000429977
1.000000000 0.000219224 0.000088626 -0.001345698 -0.000219230 1.000000000 0.000070772 0.000194922 -0.000088611 -0.000070791 1.000000000 -0.000134462
1.000000000 0.000181604 0.000092411 -0.001327128 -0.000181602 1.000000000 -0.000017693 0.000719158 -0.000092415 0.000017676 1.000000000 0.000190999
1.000000000 0.000174297 0.000116523 -0.000492389 -0.000174302 1.000000000 0.000042486 0.000663131 -0.000116516 -0.000042507 1.000000000 0.000473211
1.000000000 0.000121942 0.000084622 -0.000391370 -0.000121936 1.000000000 -0.000072517 0.001165814 -0.000084631 0.000072506 1.000000000 0.002267478
0.999999940 0.000191397 0.000184982 -0.000602004 -0.000191272 0.999999762 -0.000676662 -0.002172864 -0.000185112 0.000676626 0.999999762 0.048504651
0.999999940 0.000323409 0.000118485 0.001960231 -0.000323258 0.999999285 -0.001273554 -0.004369192 -0.000118897 0.001273516 0.999999106 0.138255179
0.999999881 0.000242415 0.000147209 0.003588717 -0.000242206 0.999998987 -0.001413638 -0.008969091 -0.000147552 0.001413602 0.999998987 0.249783978
0.999999940 0.000322823 0.000172973 0.006167664 -0.000322581 0.999999106 -0.001393783 -0.013022235 -0.000173423 0.001393728 0.999998927 0.380473703
0.999999881 0.000240707 0.000183434 0.008910254 -0.000240449 0.999998987 -0.001409068 -0.015461521 -0.000183773 0.001409024 0.999998987 0.525772810
0.999999881 0.000308258 0.000057423 0.012621793 -0.000308198 0.999999404 -0.001031364 -0.021286925 -0.000057741 0.001031346 0.999999464 0.677437425
0.999999940 0.000215465 0.000077365 0.015788646 -0.000215396 0.999999583 -0.000881673 -0.025888588 -0.000077555 0.000881656 0.999999642 0.838050663
1.000000000 0.000193656 0.000152224 0.019574089 -0.000193553 0.999999762 -0.000677930 -0.031163225 -0.000152355 0.000677901 0.999999702 1.006974101
0.999999940 0.000150366 0.000245407 0.021130037 -0.000150219 0.999999821 -0.000597341 -0.036454402 -0.000245497 0.000597305 0.999999762 1.186879635
1.000000000 0.000321503 0.000331555 0.024238858 -0.000321395 0.999999881 -0.000325799 -0.043297645 -0.000331660 0.000325692 0.999999821 1.370925426
0.999999881 0.000344101 0.000280710 0.026197096 -0.000344000 0.999999881 -0.000359679 -0.047354024 -0.000280834 0.000359582 0.999999821 1.564135790
0.999999940 0.000212042 0.000269642 0.032875549 -0.000212009 0.999999940 -0.000119436 -0.054035112 -0.000269667 0.000119379 0.999999881 1.761206150
0.999999881 0.000145354 0.000345588 0.035258979 -0.000145344 0.999999940 -0.000028935 -0.060461704 -0.000345592 0.000028884 0.999999940 1.961624622
0.999999821 0.000027555 0.000509702 0.039206631 -0.000027556 0.999999940 0.000001329 -0.067371897 -0.000509702 -0.000001343 0.999999881 2.170504570
0.999999762 0.000084136 0.000693212 0.043938149 -0.000084229 0.999999940 0.000134262 -0.074247636 -0.000693200 -0.000134321 0.999999702 2.387989759
0.999999702 0.000362898 0.000676599 0.047353234 -0.000363053 0.999999940 0.000228927 -0.081544057 -0.000676516 -0.000229173 0.999999762 2.612429619
0.999999642 0.000270273 0.000786260 0.050715979 -0.000270419 0.999999940 0.000186238 -0.087293290 -0.000786209 -0.000186451 0.999999702 2.844471931
0.999999464 0.000612002 0.000808153 0.055087704 -0.000612124 0.999999762 0.000151002 -0.091605350 -0.000808060 -0.000151497 0.999999702 3.082364559
0.999999583 0.000453935 0.000819518 0.060770702 -0.000454132 0.999999881 0.000240388 -0.100939542 -0.000819409 -0.000240760 0.999999583 3.322691679
0.999999464 0.000400295 0.000933966 0.064928770 -0.000400447 0.999999821 0.000162257 -0.107454680 -0.000933901 -0.000162631 0.999999583 3.573511600
0.999999285 0.000472983 0.001042615 0.069465682 -0.000473309 0.999999762 0.000313145 -0.113925904 -0.001042467 -0.000313638 0.999999404 3.836445808
0.999999583 0.000350831 0.000894574 0.079173744 -0.000351125 0.999999940 0.000328149 -0.119002417 -0.000894458 -0.000328463 0.999999583 4.092779160
0.999999225 0.000478559 0.001150925 0.082813174 -0.000479392 0.999999642 0.000723551 -0.129889101 -0.001150578 -0.000724103 0.999999046 4.350471973
0.999999285 0.000263062 0.001123750 0.088002414 -0.000263726 0.999999762 0.000591328 -0.136013418 -0.001123595 -0.000591624 0.999999166 4.611982346
0.999999225 0.000288368 0.001227671 0.092759520 -0.000289070 0.999999762 0.000571175 -0.144659907 -0.001227506 -0.000571529 0.999999046 4.869454861
0.999999106 0.000361749 0.001252398 0.100970879 -0.000362463 0.999999762 0.000569831 -0.147866175 -0.001252192 -0.000570285 0.999999046 5.136057854
0.999999046 0.000530801 0.001281855 0.105709344 -0.000531258 0.999999821 0.000356071 -0.155073032 -0.001281665 -0.000356752 0.999999106 5.400415897
0.999998927 0.000297363 0.001402322 0.111724019 -0.000298172 0.999999881 0.000576855 -0.164161906 -0.001402150 -0.000577273 0.999998808 5.669148445
0.999998987 0.000197386 0.001349426 0.117088117 -0.000197950 0.999999881 0.000417819 -0.169174954 -0.001349344 -0.000418086 0.999998987 5.944373131
0.999998868 0.000632368 0.001440258 0.120963447 -0.000633522 0.999999464 0.000801043 -0.179755777 -0.001439751 -0.000801955 0.999998629 6.225041389
0.999999046 0.000409525 0.001310714 0.129041925 -0.000410418 0.999999702 0.000680643 -0.186603755 -0.001310435 -0.000681180 0.999998927 6.512359142
0.999999046 0.000653585 0.001206015 0.134682417 -0.000654053 0.999999642 0.000387217 -0.192383781 -0.001205762 -0.000388006 0.999999225 6.804953098
0.999998868 0.000632863 0.001371698 0.141272724 -0.000632999 0.999999762 0.000098692 -0.199174866 -0.001371636 -0.000099560 0.999998987 7.106323242
0.999999106 0.000597611 0.001219852 0.146523088 -0.000598259 0.999999702 0.000530649 -0.211259201 -0.001219535 -0.000531378 0.999999046 7.406668663
0.999999225 0.000463075 0.001235342 0.152697638 -0.000463618 0.999999940 0.000439513 -0.220771044 -0.001235138 -0.000440086 0.999999166 7.712300777
0.999998987 0.000632428 0.001280461 0.159444720 -0.000632623 0.999999762 0.000151294 -0.228606388 -0.001280366 -0.000152104 0.999999106 8.026874542
0.999999106 0.000584317 0.001215245 0.163401499 -0.000584794 0.999999762 0.000392907 -0.238922402 -0.001215016 -0.000393618 0.999999166 8.347277641
0.999999285 0.000572216 0.001058940 0.171617895 -0.000572802 0.999999642 0.000553588 -0.248331636 -0.001058623 -0.000554194 0.999999225 8.676798820
0.999998987 0.000709423 0.001232888 0.177442029 -0.000709945 0.999999642 0.000423274 -0.256839365 -0.001232587 -0.000424149 0.999999106 9.008297920
0.999998748 0.001111944 0.001202917 0.184643924 -0.001112700 0.999999166 0.000628643 -0.266448975 -0.001202217 -0.000629981 0.999999106 9.353051186
0.999998808 0.000781282 0.001325019 0.191206053 -0.000781781 0.999999583 0.000375855 -0.278573543 -0.001324725 -0.000376890 0.999999046 9.687267303
0.999998450 0.001245228 0.001247430 0.198726341 -0.001246217 0.999998927 0.000792103 -0.287700117 -0.001246442 -0.000793657 0.999998868 10.041460037
0.999998450 0.001148732 0.001315389 0.206355378 -0.001149843 0.999998987 0.000844094 -0.299025655 -0.001314418 -0.000845606 0.999998748 10.399886131
0.999998450 0.001162614 0.001300949 0.213488638 -0.001163874 0.999998868 0.000968300 -0.308894008 -0.001299822 -0.000969812 0.999998689 10.762269974
0.999999046 0.000905343 0.001163269 0.221446738 -0.000906444 0.999999166 0.000945978 -0.319267482 -0.001162412 -0.000947031 0.999998868 11.129800797
0.999998689 0.000943585 0.001249305 0.230997443 -0.000944644 0.999999166 0.000847311 -0.332137585 -0.001248504 -0.000848490 0.999998868 11.505374908
0.999999106 0.001050756 0.000735013 0.243006125 -0.001051527 0.999998808 0.001049127 -0.340565175 -0.000733910 -0.001049898 0.999999166 11.889838219
0.999999166 0.000938119 0.000805500 0.250852019 -0.000938957 0.999999046 0.001039626 -0.352025479 -0.000804524 -0.001040381 0.999999046 12.277043343
0.999998689 0.001208619 0.000996778 0.258595407 -0.001210035 0.999998271 0.001420764 -0.364746302 -0.000995059 -0.001421968 0.999998510 12.669860840
0.999998569 0.001258838 0.001059871 0.266165316 -0.001260651 0.999997735 0.001710983 -0.376765013 -0.001057714 -0.001712316 0.999997973 13.068128586
0.999998033 0.001407210 0.001342794 0.273634553 -0.001409425 0.999997616 0.001649511 -0.387720048 -0.001340469 -0.001651400 0.999997735 13.485462189
0.999997795 0.001463850 0.001512733 0.283649951 -0.001465965 0.999998093 0.001398063 -0.396944106 -0.001510683 -0.001400277 0.999997854 13.897347450
0.999998033 0.001183099 0.001579541 0.291876167 -0.001185559 0.999998033 0.001556788 -0.406137079 -0.001577697 -0.001558658 0.999997556 14.316772461
0.999997258 0.001490863 0.001781146 0.302804261 -0.001493700 0.999997616 0.001593076 -0.420194149 -0.001778767 -0.001595733 0.999997079 14.733866692
0.999997556 0.001370734 0.001691291 0.313404292 -0.001373234 0.999997973 0.001477669 -0.429302126 -0.001689262 -0.001479988 0.999997437 15.163731575
0.999997139 0.001295430 0.001997735 0.321314007 -0.001298597 0.999997914 0.001584751 -0.441842020 -0.001995678 -0.001587341 0.999996662 15.598628044
0.999997020 0.001128541 0.002142338 0.333062977 -0.001132532 0.999997735 0.001862584 -0.456243277 -0.002140230 -0.001865005 0.999995947 16.038543701
0.999994993 0.001560863 0.002749990 0.342990845 -0.001565573 0.999997318 0.001711618 -0.466269761 -0.002747310 -0.001715914 0.999994755 16.481782913
0.999994874 0.001530500 0.002810082 0.354166090 -0.001535051 0.999997497 0.001617812 -0.477376550 -0.002807599 -0.001622117 0.999994755 16.931200027
0.999994755 0.001243372 0.002964080 0.368582517 -0.001247916 0.999998033 0.001531638 -0.488690376 -0.002962169 -0.001535329 0.999994457 17.387481689
0.999992847 0.001268000 0.003567732 0.377115250 -0.001275700 0.999996841 0.002156598 -0.502627492 -0.003564986 -0.002161134 0.999991238 17.851896286
0.999992311 0.001010359 0.003824511 0.391870469 -0.001018101 0.999997437 0.002022856 -0.515035748 -0.003822457 -0.002026733 0.999990642 18.317682266
0.999989092 0.001325483 0.004461637 0.401142031 -0.001333964 0.999997318 0.001898633 -0.524689615 -0.004459108 -0.001904564 0.999988258 18.788702011
0.999988973 0.001101619 0.004570290 0.412417233 -0.001111266 0.999997079 0.002108804 -0.537488818 -0.004567954 -0.002113859 0.999987304 19.268650055
0.999984801 0.001842535 0.005193185 0.425923586 -0.001851693 0.999996722 0.001759146 -0.546550333 -0.005189926 -0.001768735 0.999984980 19.757083893
0.999984264 0.001759107 0.005315313 0.433841050 -0.001771697 0.999995649 0.002364897 -0.562104702 -0.005311128 -0.002374277 0.999983072 20.247617722
0.999983609 0.001551226 0.005516491 0.446519911 -0.001565292 0.999995530 0.002546403 -0.576959312 -0.005512516 -0.002554996 0.999981523 20.736066818
0.999986589 0.001528852 0.004950392 0.460747063 -0.001540648 0.999995947 0.002379925 -0.584528863 -0.004946734 -0.002387520 0.999984860 21.238960266
0.999990582 0.000962854 0.004223370 0.474440753 -0.000970944 0.999997675 0.001913877 -0.593221009 -0.004221517 -0.001917960 0.999989271 21.746807098
0.999990940 0.001396349 0.004015005 0.484808862 -0.001403454 0.999997437 0.001767175 -0.606073081 -0.004012527 -0.001772794 0.999990404 22.256216049
0.999990463 0.001496340 0.004102983 0.493249476 -0.001505756 0.999996245 0.002292831 -0.620719373 -0.004099537 -0.002298988 0.999988973 22.774087906
0.999991894 0.001707283 0.003641050 0.504939198 -0.001714143 0.999996722 0.001881874 -0.634231508 -0.003637826 -0.001888099 0.999991596 23.291427612
0.999993384 0.001591702 0.003277856 0.518556714 -0.001598540 0.999996662 0.002084285 -0.648798406 -0.003274526 -0.002089511 0.999992371 23.813137054
0.999995887 0.000711093 0.002760394 0.526454568 -0.000716706 0.999997675 0.002032962 -0.664387405 -0.002758942 -0.002034932 0.999994099 24.340703964
0.999996841 0.001206626 0.002207597 0.540483356 -0.001211074 0.999997258 0.002015056 -0.676459670 -0.002205159 -0.002017723 0.999995530 24.878364563
0.999996305 0.002142706 0.001660406 0.548980117 -0.002146998 0.999994338 0.002587393 -0.693676353 -0.001654853 -0.002590949 0.999995232 25.414991379
0.999996781 0.002154481 0.001334829 0.559742570 -0.002157857 0.999994457 0.002531929 -0.707892954 -0.001329366 -0.002534801 0.999995828 25.947839737
0.999996364 0.002450070 0.001055454 0.568630397 -0.002452156 0.999994993 0.001980233 -0.717037082 -0.001050597 -0.001982814 0.999997497 26.509634018
0.999998391 0.001625000 0.000743946 0.580293477 -0.001626666 0.999996126 0.002244650 -0.727342248 -0.000740296 -0.002245856 0.999997139 27.069908142
0.999997854 0.002026863 0.000369075 0.592900932 -0.002027659 0.999995589 0.002168023 -0.741434991 -0.000364680 -0.002168766 0.999997556 27.624824524
0.999996305 0.002635285 0.000655708 0.601602256 -0.002636547 0.999994636 0.001931143 -0.756209016 -0.000650615 -0.001932865 0.999997914 28.172494888
0.999995530 0.002978357 0.000175538 0.608245075 -0.002978695 0.999993622 0.001960326 -0.766059816 -0.000169699 -0.001960840 0.999998093 28.719684601
0.999994576 0.003265337 0.000173893 0.618700325 -0.003265725 0.999992073 0.002280596 -0.786602139 -0.000166445 -0.002281152 0.999997377 29.258375168
0.999995768 0.002904029 0.000100032 0.627266824 -0.002904248 0.999993145 0.002270073 -0.800296605 -0.000093439 -0.002270354 0.999997437 29.807891846
0.999994576 0.003332031 -0.000179428 0.634316087 -0.003331669 0.999992490 0.001980573 -0.811958492 0.000186026 -0.001979964 0.999998033 30.360391617
0.999991775 0.004048153 0.000262038 0.640796185 -0.004048703 0.999989510 0.002134195 -0.826913476 -0.000253396 -0.002135238 0.999997675 30.915405273
0.999991834 0.004031954 0.000310084 0.654065609 -0.004032563 0.999989808 0.001990888 -0.841080368 -0.000302053 -0.001992122 0.999997973 31.455316544
0.999990940 0.004252993 0.000163948 0.662621021 -0.004253300 0.999989033 0.001918314 -0.854049027 -0.000155788 -0.001918994 0.999998152 32.004623413
0.999990761 0.004290713 0.000139571 0.676398754 -0.004290995 0.999988616 0.002075572 -0.873546839 -0.000130664 -0.002076152 0.999997854 32.547576904
0.999991179 0.004196428 0.000029769 0.685188055 -0.004196487 0.999988437 0.002397560 -0.887604356 -0.000019707 -0.002397664 0.999997139 33.099822998
0.999990284 0.004388169 -0.000172389 0.696643710 -0.004387799 0.999988198 0.002090020 -0.901565313 0.000181558 -0.002089244 0.999997795 33.645175934
0.999992907 0.003718245 -0.000576727 0.713358223 -0.003716664 0.999989390 0.002718020 -0.920857310 0.000586828 -0.002715857 0.999996126 34.194721222
0.999992132 0.003958903 -0.000503927 0.721720576 -0.003957566 0.999988675 0.002625624 -0.934370518 0.000514315 -0.002623609 0.999996364 34.736484528
0.999991655 0.004019575 -0.000737892 0.734195232 -0.004017737 0.999988854 0.002474782 -0.950324416 0.000747831 -0.002471797 0.999996603 35.277847290
0.999992430 0.003738174 -0.001072822 0.749739528 -0.003735202 0.999989212 0.002759055 -0.965993047 0.001083125 -0.002755026 0.999995589 35.816566467
0.999993384 0.003221045 -0.001703386 0.762217581 -0.003215809 0.999990106 0.003067124 -0.982323706 0.001713248 -0.003061627 0.999993801 36.363075256
0.999992549 0.003464775 -0.001692411 0.771242917 -0.003460251 0.999990463 0.002669028 -0.994550049 0.001701643 -0.002663153 0.999994934 36.911888123
0.999990642 0.003980501 -0.001684706 0.778471768 -0.003976118 0.999988735 0.002596926 -1.008288145 0.001695023 -0.002590203 0.999995172 37.464965820
0.999990344 0.004036854 -0.001737426 0.787805498 -0.004032236 0.999988377 0.002652588 -1.023085356 0.001748114 -0.002645557 0.999994934 38.017814636
0.999991238 0.003761734 -0.001828721 0.799634755 -0.003756726 0.999989212 0.002734890 -1.034807920 0.001838990 -0.002727995 0.999994516 38.567737579
0.999990702 0.003961964 -0.001703096 0.811155915 -0.003956936 0.999987781 0.002945194 -1.048134208 0.001714746 -0.002938427 0.999994218 39.114078522
0.999990880 0.003889392 -0.001765246 0.823853612 -0.003884866 0.999989152 0.002560691 -1.060501099 0.001775187 -0.002553810 0.999995112 39.657680511
0.999990761 0.003710535 -0.002180158 0.836363673 -0.003704886 0.999989748 0.002589202 -1.073491454 0.002189743 -0.002581102 0.999994278 40.208641052
0.999990523 0.003766079 -0.002187471 0.846436620 -0.003760663 0.999989808 0.002475414 -1.088408589 0.002196772 -0.002467164 0.999994457 40.756992340
0.999989986 0.003835183 -0.002309805 0.857622802 -0.003829278 0.999989510 0.002555358 -1.101781249 0.002319581 -0.002546488 0.999994040 41.306449890
0.999990702 0.003624974 -0.002318895 0.866330564 -0.003618797 0.999989927 0.002662303 -1.115582228 0.002328523 -0.002653886 0.999993682 41.855949402
0.999989152 0.004238642 -0.002002673 0.873454988 -0.004234462 0.999988854 0.002087001 -1.127652287 0.002011498 -0.002078498 0.999995828 42.407527924
0.999988854 0.004523742 -0.001369628 0.882855594 -0.004520718 0.999987364 0.002202078 -1.143221498 0.001379573 -0.002195862 0.999996662 42.953060150
0.999988854 0.004468398 -0.001517006 0.893363893 -0.004465210 0.999987781 0.002098832 -1.158461809 0.001526366 -0.002092034 0.999996603 43.497993469
0.999989271 0.004345319 -0.001594648 0.906877160 -0.004341936 0.999988317 0.002117979 -1.174970508 0.001603834 -0.002111032 0.999996483 44.045803070
0.999989271 0.004253889 -0.001817282 0.922496021 -0.004249908 0.999988556 0.002187668 -1.188879609 0.001826567 -0.002179921 0.999995947 44.590385437
0.999989986 0.004044283 -0.001870677 0.935428739 -0.004040306 0.999989510 0.002124843 -1.199110866 0.001879250 -0.002117263 0.999996006 45.151386261
0.999988437 0.004551884 -0.001552625 0.944958568 -0.004549060 0.999988019 0.001817395 -1.212699413 0.001560879 -0.001810311 0.999997079 45.696022034
0.999987543 0.004781568 -0.001431894 0.953275442 -0.004778853 0.999986708 0.001894087 -1.227788925 0.001440932 -0.001887221 0.999997199 46.239959717
0.999988198 0.004532433 -0.001828408 0.965071559 -0.004528861 0.999987781 0.001952929 -1.242547393 0.001837238 -0.001944625 0.999996424 46.788978577
0.999987721 0.004832923 -0.001083263 0.972914934 -0.004830985 0.999986708 0.001785957 -1.254345417 0.001091881 -0.001780702 0.999997795 47.344211578
0.999989927 0.004222684 -0.001616527 0.984421670 -0.004219077 0.999988616 0.002228264 -1.272544265 0.001625918 -0.002221421 0.999996185 47.892433167
0.999990404 0.004212060 -0.001211139 0.993290365 -0.004210101 0.999989808 0.001616867 -1.280577779 0.001217937 -0.001611752 0.999997973 48.448837280
0.999988675 0.004591164 -0.001258486 1.004947662 -0.004588793 0.999987662 0.001881223 -1.298060656 0.001267108 -0.001875427 0.999997377 48.986900330
0.999990046 0.004337049 -0.001031561 1.012979984 -0.004335040 0.999988735 0.001943989 -1.313070655 0.001039981 -0.001939498 0.999997556 49.540367126
0.999989748 0.004349803 -0.001252471 1.030057549 -0.004347318 0.999988616 0.001981175 -1.328857064 0.001261075 -0.001975710 0.999997258 50.085384369
0.999989569 0.004424527 -0.001057288 1.037626386 -0.004422038 0.999987483 0.002345851 -1.344736218 0.001067654 -0.002341151 0.999996662 50.634101868
0.999990940 0.004133567 -0.001134305 1.050566316 -0.004131161 0.999989212 0.002115809 -1.359448314 0.001143038 -0.002111103 0.999997139 51.177448273
0.999991357 0.004037227 -0.000935487 1.060764432 -0.004034975 0.999988973 0.002394586 -1.374858022 0.000945143 -0.002390791 0.999996662 51.721466064
0.999991119 0.004163533 -0.000644307 1.068171263 -0.004161925 0.999988198 0.002476054 -1.387966156 0.000654608 -0.002473351 0.999996662 52.272113800
0.999989569 0.004551953 -0.000361640 1.075277925 -0.004551086 0.999986827 0.002366145 -1.403464556 0.000372406 -0.002364474 0.999997139 52.819580078
0.999991596 0.004066562 -0.000372702 1.084922791 -0.004065576 0.999988317 0.002612507 -1.416352034 0.000383322 -0.002610970 0.999996543 53.368015289
0.999992311 0.003812368 -0.000867405 1.099363923 -0.003810181 0.999989569 0.002510090 -1.432587862 0.000876965 -0.002506766 0.999996483 53.917015076
0.999993205 0.003675945 -0.000306293 1.109365463 -0.003675164 0.999990106 0.002509783 -1.445443034 0.000315516 -0.002508640 0.999996722 54.475063324
0.999990940 0.004281310 -0.000143211 1.115992069 -0.004280919 0.999987364 0.002629533 -1.460874438 0.000154468 -0.002628896 0.999996483 55.026046753
0.999991119 0.004219281 -0.000001547 1.123635530 -0.004219268 0.999988914 0.002104077 -1.470009327 0.000010424 -0.002104051 0.999997854 55.575077057
0.999992192 0.003930474 0.000361669 1.138072133 -0.003931408 0.999988854 0.002615658 -1.487893105 -0.000351385 -0.002617060 0.999996483 56.118690491
0.999992073 0.003939833 0.000454939 1.147511601 -0.003940979 0.999988973 0.002548309 -1.499291778 -0.000444895 -0.002550081 0.999996662 56.670490265
0.999992013 0.003987920 0.000318019 1.160420895 -0.003988688 0.999988973 0.002458997 -1.514424801 -0.000308208 -0.002460246 0.999996901 57.221847534
0.999991477 0.004113808 0.000641275 1.171915650 -0.004115370 0.999988616 0.002454884 -1.525736332 -0.000631169 -0.002457502 0.999996722 57.776889801
0.999990880 0.004171377 0.000925656 1.180118203 -0.004173363 0.999988973 0.002153716 -1.540050268 -0.000916662 -0.002157560 0.999997199 58.322605133
0.999992788 0.003678082 0.000940158 1.192881584 -0.003680191 0.999990702 0.002249171 -1.554254055 -0.000931877 -0.002252615 0.999996960 58.870197296
0.999991715 0.003948894 0.000928129 1.203317642 -0.003951179 0.999989092 0.002471235 -1.566666126 -0.000918359 -0.002474881 0.999996543 59.420867920
0.999992609 0.003720896 0.001077628 1.216654181 -0.003723086 0.999990940 0.002037296 -1.580268145 -0.001070038 -0.002041292 0.999997318 59.965019226
0.999991179 0.003945757 0.001428469 1.225188732 -0.003948669 0.999990046 0.002041663 -1.595845699 -0.001420400 -0.002047285 0.999996901 60.511352539
0.999993980 0.003210354 0.001400072 1.237773657 -0.003213399 0.999992490 0.002178626 -1.610415459 -0.001393068 -0.002183112 0.999996662 61.061080933
0.999991894 0.003659721 0.001660319 1.249325395 -0.003662830 0.999991536 0.001873156 -1.623955250 -0.001653450 -0.001879223 0.999996841 61.604682922
0.999993503 0.003346624 0.001339630 1.266213775 -0.003349840 0.999991477 0.002406862 -1.637178779 -0.001331564 -0.002411334 0.999996185 62.154502869
0.999991834 0.003663753 0.001714236 1.274489641 -0.003667262 0.999991119 0.002048304 -1.650392771 -0.001706717 -0.002054574 0.999996424 62.701023102
0.999990940 0.003760223 0.002007497 1.285795569 -0.003763912 0.999991238 0.001836644 -1.666816711 -0.002000573 -0.001844183 0.999996305 63.239929199
0.999988317 0.004144350 0.002493778 1.294371247 -0.004148958 0.999989688 0.001845894 -1.680083156 -0.002486102 -0.001856219 0.999995172 63.791007996
0.999990165 0.003818420 0.002249704 1.307550430 -0.003822415 0.999991119 0.001774476 -1.695541620 -0.002242908 -0.001783058 0.999995828 64.344276428
0.999986947 0.004017692 0.003136495 1.316489697 -0.004023175 0.999990404 0.001743740 -1.709253192 -0.003129459 -0.001756336 0.999993563 64.889724731
0.999990106 0.003713602 0.002449368 1.336123109 -0.003717783 0.999991655 0.001705051 -1.721999764 -0.002443016 -0.001714140 0.999995530 65.436637878
0.999988258 0.003747400 0.003061292 1.348407984 -0.003752884 0.999991357 0.001787637 -1.736890554 -0.003054567 -0.001799105 0.999993742 65.987045288
0.999987781 0.003749186 0.003216234 1.363649368 -0.003753952 0.999991834 0.001477493 -1.748565793 -0.003210669 -0.001489549 0.999993742 66.534141541
0.999993265 0.002688332 0.002499889 1.377070427 -0.002692355 0.999995112 0.001607289 -1.762772799 -0.002495557 -0.001614009 0.999995589 67.082603455
0.999989748 0.003248631 0.003160022 1.387223125 -0.003254365 0.999993086 0.001811020 -1.779474497 -0.003154116 -0.001821285 0.999993384 67.632537842
0.999989927 0.003333919 0.002984553 1.402686357 -0.003338361 0.999993324 0.001483710 -1.790056944 -0.002979587 -0.001493659 0.999994397 68.182891846
0.999987185 0.003619934 0.003521008 1.409801364 -0.003624120 0.999992669 0.001183564 -1.805756211 -0.003516697 -0.001196309 0.999993086 68.717323303
0.999988139 0.003296333 0.003591974 1.425291061 -0.003300541 0.999993861 0.001166304 -1.818005323 -0.003588108 -0.001178146 0.999992788 69.276275635
0.999987364 0.003518222 0.003574604 1.440282226 -0.003523862 0.999992549 0.001573446 -1.839752793 -0.003569041 -0.001586022 0.999992371 69.807228088
0.999989748 0.003034561 0.003402009 1.457338452 -0.003039560 0.999994338 0.001464707 -1.855377197 -0.003397545 -0.001475032 0.999993145 70.359771729
0.999987185 0.003399798 0.003734561 1.467999816 -0.003405784 0.999992907 0.001597093 -1.869374275 -0.003729104 -0.001609792 0.999991775 70.914733887
0.999989331 0.002971126 0.003521777 1.485580206 -0.002975815 0.999994695 0.001327232 -1.882069588 -0.003517814 -0.001337697 0.999992907 71.460327148
0.999992132 0.002332496 0.003214845 1.502508283 -0.002336129 0.999996781 0.001126529 -1.897588730 -0.003212207 -0.001134031 0.999994218 72.005302429
0.999990761 0.002277974 0.003638878 1.513302207 -0.002281747 0.999996841 0.001032956 -1.912581921 -0.003636513 -0.001041249 0.999992847 72.553489685
0.999991238 0.002513095 0.003352451 1.525703073 -0.002516856 0.999996185 0.001117752 -1.928571701 -0.003349631 -0.001126179 0.999993742 73.105842590
0.999989390 0.002407384 0.003927571 1.538516045 -0.002411060 0.999996662 0.000931389 -1.944039464 -0.003925317 -0.000940848 0.999991834 73.648147583
0.999987841 0.003185595 0.003750356 1.549093723 -0.003189097 0.999994397 0.000928370 -1.957793117 -0.003747378 -0.000940319 0.999992549 74.200538635
0.999987483 0.002848129 0.004109975 1.567641854 -0.002850711 0.999995768 0.000622143 -1.975045443 -0.004108187 -0.000633851 0.999991357 74.747123718
0.999984562 0.003417138 0.004383686 1.579873800 -0.003422685 0.999993265 0.001258555 -1.988633156 -0.004379357 -0.001273539 0.999989629 75.292976379
0.999985874 0.002819734 0.004509358 1.594544768 -0.002824475 0.999995470 0.001045539 -2.003471613 -0.004506388 -0.001058261 0.999989271 75.845321655
0.999984086 0.002886210 0.004843670 1.610811472 -0.002890583 0.999995410 0.000896093 -2.017297506 -0.004841063 -0.000910080 0.999987781 76.393806458
0.999984384 0.002812094 0.004827579 1.620121241 -0.002815538 0.999995768 0.000706826 -2.030531406 -0.004825572 -0.000720407 0.999988019 76.937309265
0.999978542 0.003330260 0.005638853 1.631606102 -0.003333624 0.999994218 0.000587470 -2.045423508 -0.005636865 -0.000606255 0.999983847 77.494445801
0.999979019 0.003362254 0.005535553 1.645802498 -0.003366063 0.999994099 0.000678571 -2.061409712 -0.005533238 -0.000697189 0.999984443 78.034591675
0.999979675 0.002892611 0.005670207 1.660421371 -0.002898073 0.999995351 0.000955279 -2.076506853 -0.005667417 -0.000971692 0.999983490 78.590759277
0.999972641 0.003432306 0.006555377 1.671903610 -0.003433625 0.999994099 0.000190137 -2.088305473 -0.006554685 -0.000212641 0.999978483 79.143234253
0.999969304 0.003540630 0.006988335 1.684054017 -0.003542458 0.999993682 0.000249247 -2.101486921 -0.006987408 -0.000273995 0.999975562 79.691246033
0.999969363 0.003143597 0.007168632 1.698374629 -0.003143655 0.999994993 -0.000002985 -2.116524935 -0.007168606 -0.000019551 0.999974310 80.241561890
0.999972641 0.002905594 0.006798740 1.717568636 -0.002904504 0.999995708 -0.000170345 -2.130122900 -0.006799206 0.000150594 0.999976873 80.793777466
0.999965489 0.002765868 0.007850474 1.734206200 -0.002766275 0.999996126 0.000041206 -2.145732164 -0.007850330 -0.000062921 0.999969184 81.342864990
0.999961317 0.002017353 0.008560373 1.755839467 -0.002016012 0.999997973 -0.000165112 -2.161338091 -0.008560689 0.000147848 0.999963343 81.892906189
0.999952674 0.001509562 0.009611412 1.777509689 -0.001509662 0.999998868 0.000003122 -2.177074432 -0.009611397 -0.000017632 0.999953806 82.438880920
0.999934912 0.001835524 0.011262981 1.789898634 -0.001834270 0.999998331 -0.000121650 -2.195453405 -0.011263186 0.000100983 0.999936521 82.982147217
0.999890208 0.001810027 0.014705309 1.811529756 -0.001815233 0.999998271 0.000340568 -2.217303276 -0.014704668 -0.000367224 0.999891818 83.522521973
0.999830902 0.001536115 0.018322827 1.838560581 -0.001537308 0.999998808 0.000050902 -2.227779865 -0.018322727 -0.000079061 0.999832094 84.072151184
0.999767065 0.000939765 0.021560552 1.867099643 -0.000937281 0.999999464 -0.000125294 -2.244049549 -0.021560658 0.000105057 0.999767542 84.622077942
0.999658167 0.001179087 0.026116399 1.893864393 -0.001187190 0.999999225 0.000294723 -2.262634039 -0.026116032 -0.000325628 0.999658823 85.172683716
0.999481320 0.001132663 0.032184035 1.925878167 -0.001137400 0.999999344 0.000128921 -2.275447130 -0.032183871 -0.000165460 0.999481916 85.721916199
0.999256730 0.001402221 0.038523234 1.960535288 -0.001390506 0.999998987 -0.000330887 -2.291132450 -0.038523663 0.000277074 0.999257565 86.264495850
0.999013722 0.001249552 0.044385385 1.998677254 -0.001231131 0.999999106 -0.000442347 -2.304018259 -0.044385899 0.000387267 0.999014378 86.815559387
0.998614132 0.001189665 0.052616075 2.045823336 -0.001173293 0.999999225 -0.000342042 -2.317589283 -0.052616436 0.000279834 0.998614728 87.372940063
0.998126984 0.000886558 0.061169758 2.099572659 -0.000833638 0.999999285 -0.000890637 -2.329965353 -0.061170511 0.000837976 0.998126984 87.921463013
0.997694016 0.000078327 0.067874461 2.154783010 -0.000028177 0.999999702 -0.000739797 -2.344036818 -0.067874506 0.000736179 0.997693598 88.470344543
0.997020721 0.000204603 0.077133015 2.214890003 -0.000172622 0.999999881 -0.000421313 -2.359933376 -0.077133112 0.000406743 0.997020662 89.015914917
0.996180475 -0.000612558 0.087315701 2.287497520 0.000709004 0.999999166 -0.001073574 -2.371822357 -0.087314971 0.001131381 0.996180117 89.558143616
0.995387077 -0.000755819 0.095937446 2.357447624 0.000836207 0.999999344 -0.000797700 -2.387476683 -0.095936775 0.000874243 0.995387018 90.104866028
0.994663596 -0.001324884 0.103163138 2.435389996 0.001467145 0.999998033 -0.001303106 -2.400266171 -0.103161193 0.001447507 0.994663596 90.648658752
0.993560612 -0.002210354 0.113280468 2.520173073 0.002391890 0.999996006 -0.001466649 -2.416025639 -0.113276780 0.001728159 0.993561983 91.187843323
0.992274761 -0.001554512 0.124049887 2.608633995 0.001681319 0.999998152 -0.000917562 -2.432912827 -0.124048240 0.001119041 0.992275476 91.728233337
0.991101205 -0.002311336 0.133090258 2.704538345 0.002440291 0.999996722 -0.000805816 -2.452472210 -0.133087963 0.001123424 0.991103590 92.269836426
0.989506304 -0.002308681 0.144471392 2.804295540 0.002449459 0.999996662 -0.000796570 -2.468039751 -0.144469097 0.001142088 0.989508629 92.806434631
0.987540543 -0.002633471 0.157342583 2.910130501 0.002813646 0.999995589 -0.000922385 -2.483766079 -0.157339439 0.001353599 0.987543583 93.335899353
0.985822439 -0.003271563 0.167759895 3.028349876 0.003434292 0.999993801 -0.000679895 -2.499625444 -0.167756647 0.001246392 0.985827565 93.878952026
0.984060109 -0.003856278 0.177794233 3.146444321 0.004028007 0.999991715 -0.000604943 -2.515309334 -0.177790403 0.001311456 0.984067440 94.406578064
0.981622458 -0.004133539 0.190788284 3.273937225 0.004365145 0.999990165 -0.000793689 -2.526850462 -0.190783113 0.001611922 0.981630862 94.946846008
0.979143560 -0.004462278 0.203120708 3.408680916 0.004781241 0.999988079 -0.001079637 -2.540727854 -0.203113467 0.002028289 0.979153037 95.470458984
0.977053165 -0.004895857 0.212939918 3.543909073 0.005136883 0.999986649 -0.000578639 -2.557777166 -0.212934285 0.001659208 0.977065086 96.005477905
0.974130273 -0.004940166 0.225933328 3.690629959 0.005201746 0.999986291 -0.000562464 -2.571530104 -0.225927427 0.001723160 0.974142730 96.539596558
0.970944047 -0.005714318 0.239238232 3.845016479 0.006040961 0.999981582 -0.000632103 -2.583219528 -0.239230186 0.002058965 0.970960677 97.071708679
0.968188584 -0.005944450 0.250150889 3.998012543 0.006223940 0.999980569 -0.000326250 -2.604654551 -0.250144094 0.001872795 0.968206823 97.581169128
0.965126991 -0.005798056 0.261717707 4.158821106 0.005990258 0.999982059 0.000063397 -2.624418259 -0.261713356 0.001506570 0.965144455 98.101760864
0.961517215 -0.006011060 0.274679065 4.335542679 0.006255758 0.999980450 -0.000014841 -2.634730816 -0.274673522 0.001732596 0.961535990 98.624008179
0.957719505 -0.006541394 0.287629724 4.514650345 0.006825072 0.999976695 0.000016477 -2.653899908 -0.287623107 0.001947313 0.957741678 99.141944885
0.954199672 -0.006796808 0.299093634 4.699192047 0.007099773 0.999974787 0.000073682 -2.669618845 -0.299086571 0.002053189 0.954223752 99.653167725
0.949745417 -0.006805180 0.312949151 4.896255493 0.007079547 0.999974906 0.000259597 -2.687000751 -0.312943041 0.001968988 0.949769855 100.156806946
0.944856107 -0.006932885 0.327412456 5.094675064 0.007405981 0.999972582 -0.000198195 -2.697736502 -0.327402115 0.002612076 0.944881499 100.666824341
0.940925360 -0.007490235 0.338531256 5.305273056 0.007782809 0.999969602 0.000493206 -2.712914467 -0.338524640 0.002170654 0.940955043 101.178962708
0.935997307 -0.006833903 0.351940781 5.512741089 0.007130764 0.999974489 0.000452782 -2.731183290 -0.351934850 0.002085803 0.936022162 101.671943665
0.930509627 -0.007888172 0.366182417 5.740850449 0.008226101 0.999965966 0.000637487 -2.744812965 -0.366174966 0.002419066 0.930542886 102.181449890
0.925691724 -0.008244725 0.378188938 5.967641830 0.008503207 0.999963343 0.000986477 -2.761537790 -0.378183156 0.002302645 0.925727904 102.678253174
0.920740545 -0.008218825 0.390088856 6.197807312 0.008478409 0.999963522 0.001056453 -2.777873755 -0.390083313 0.002334613 0.920776606 103.175674438
0.914533973 -0.008167962 0.404426664 6.436317444 0.008389334 0.999964058 0.001224788 -2.790797949 -0.404422015 0.002272760 0.914569616 103.661422729
0.908775270 -0.008547780 0.417198300 6.685256958 0.008827224 0.999960244 0.001259538 -2.803268671 -0.417192489 0.002538067 0.908814609 104.145942688
0.903729796 -0.008999304 0.428008616 6.938087463 0.009388290 0.999955177 0.001201897 -2.820507050 -0.428000271 0.002932080 0.903773844 104.622947693
0.897820175 -0.009941575 0.440250009 7.216350555 0.010036500 0.999947369 0.002112618 -2.849764824 -0.440247893 0.002521819 0.897872686 105.078262329
0.891118109 -0.009847254 0.453664690 7.484813690 0.009946834 0.999948204 0.002166667 -2.866480589 -0.453662574 0.002581771 0.891169786 105.559295654
0.884915113 -0.010119606 0.465642333 7.770202637 0.010157217 0.999945462 0.002428428 -2.888432980 -0.465641558 0.002580678 0.884969652 106.006492615
0.879121602 -0.010870260 0.476473570 8.056472778 0.010987667 0.999936342 0.002539646 -2.901040077 -0.476470798 0.003002675 0.879185140 106.482543945
0.871517181 -0.010743774 0.490247309 8.343795776 0.010892197 0.999937415 0.002550479 -2.915367126 -0.490243971 0.003117083 0.871579647 106.944656372
0.864242375 -0.011273228 0.502949238 8.637516022 0.011510164 0.999930203 0.002634204 -2.928827524 -0.502943933 0.003512437 0.864311814 107.401939392
0.857848346 -0.011301571 0.513778627 8.931812286 0.011513303 0.999929845 0.002771839 -2.942226410 -0.513773918 0.003537471 0.857918322 107.857948303
0.849791169 -0.011489077 0.526994348 9.241474152 0.011835960 0.999926269 0.002713759 -2.954065800 -0.526986659 0.003931355 0.849864483 108.314682007
