1.000000000 0.000000000 0.000000000 0.000000000 0.000000000 1.000000000 0.000000000 0.000000000 0.000000000 0.000000000 1.000000000 0.000000000
1.000000000 0.000077624 0.000001164 0.000132089 -0.000077624 1.000000000 -0.000024232 0.000076777 -0.000001166 0.000024232 1.000000000 -0.000011748
1.000000000 0.000105846 0.000075908 -0.000449246 -0.000105849 1.000000000 0.000048193 -0.000200810 -0.000075903 -0.000048201 1.000000000 0.000292808
1.000000000 -0.000034246 0.000051885 0.000207996 0.000034247 1.000000000 -0.000018465 0.000549629 -0.000051885 0.000018467 1.000000000 0.000738839
1.000000000 -0.000047690 0.000065193 -0.000430692 0.000047687 1.000000000 0.000046974 -0.000274419 -0.000065195 -0.000046971 1.000000000 -0.000417932
1.000000000 0.000014400 0.000128333 -0.000958947 -0.000014402 1.000000000 0.000014828 0.000433458 -0.000128333 -0.000014830 1.000000000 0.000396760
1.000000000 -0.000080035 0.000082117 -0.000043428 0.000080035 1.000000000 -0.000001728 0.000022271 -0.000082117 0.000001735 1.000000000 0.000157504
1.000000000 -0.000007008 0.000062586 0.000092150 0.000007002 1.000000000 0.000093804 -0.000841489 -0.000062587 -0.000093804 1.000000000 -0.000435772
1.000000000 0.000004299 0.000020535 -0.000264560 -0.000004298 1.000000000 -0.000059131 0.000090984 -0.000020535 0.000059130 1.000000000 -0.000026739
1.000000000 -0.000000628 0.000066413 0.000134338 0.000000623 1.000000000 0.000063020 -0.001216500 -0.000066413 -0.000063020 1.000000000 -0.000377426
1.000000000 0.000075112 0.000085192 -0.000724873 -0.000075119 1.000000000 0.000089989 -0.001025549 -0.000085186 -0.000089996 1.000000000 -0.000295376
1.000000000 0.000026704 0.000104833 -0.000190707 -0.000026707 1.000000000 0.000024146 0.000079088 -0.000104833 -0.000024148 1.000000000 0.000496677
1.000000000 0.000062612 0.000025448 -0.000442255 -0.000062611 1.000000000 -0.000041825 -0.000824126 -0.000025451 0.000041824 1.000000000 -0.001243647
1.000000000 0.000067368 0.000056486 -0.000464028 -0.000067370 1.000000000 0.000022594 0.000042963 -0.000056485 -0.000022598 1.000000000 0.000084150
1.000000000 -0.000014460 0.000045865 -0.000353593 0.000014463 1.000000000 -0.000066067 0.000544850 -0.000045864 0.000066068 1.000000000 0.000209295
1.000000000 -0.000002091 -0.000000981 0.000543297 0.000002091 1.000000000 -0.000033232 0.000904526 0.000000981 0.000033232 1.000000000 0.001260079
1.000000000 0.000034855 0.000090460 -0.000504266 -0.000034848 1.000000000 -0.000069787 0.001165018 -0.000090463 0.000069784 1.000000000 0.001575363
1.000000000 0.000100670 0.000091179 -0.001187627 -0.000100667 1.000000000 -0.000036058 0.000219796 -0.000091182 0.000036049 1.000000000 -0.000131053
1.000000000 0.000195429 0.000133824 -0.001495954 -0.000195427 1.000000000 -0.000017252 0.000449844 -0.000133828 0.000017225 1.000000000 0.000880019
1.000000000 0.000117855 0.000131333 -0.001080089 -0.000117849 1.000000000 -0.000044510 0.000930349 -0.000131338 0.000044494 1.000000000 0.001083931
1.000000000 0.000114304 0.000147386 -0.001200858 -0.000114301 1.000000000 -0.000018885 -0.000005604 -0.000147389 0.000018869 1.000000000 0.000436405
1.000000000 0.000175924 0.000119386 -0.001815216 -0.000175927 1.000000000 0.000025069 0.000394281 -0.000119382 -0.000025090 1.000000000 0.000811066
1.000000000 0.000160737 0.000039308 -0.000096896 -0.000160737 1.000000000 0.000011704 0.000624533 -0.000039306 -0.000011710 1.000000000 0.001168866
1.000000000 0.000109189 0.000050138 -0.000258095 -0.000109188 1.000000000 -0.000003466 0.000614976 -0.000050138 0.000003461 1.000000000 0.001018595
0.999999940 0.000325450 0.000041152 -0.001241994 -0.000325451 0.999999940 0.000024144 0.001247137 -0.000041144 -0.000024157 1.000000000 0.001628544
0.999999940 0.000339797 0.000113091 -0.001267058 -0.000339799 0.999999940 0.000020203 0.000934989 -0.000113084 -0.000020241 1.000000000 0.000446875
1.000000000 0.000185016 0.000136987 -0.000719966 -0.000185017 1.000000000 0.000006551 0.002158909 -0.000136986 -0.000006576 1.000000000 0.002204977
0.999999940 0.000213384 0.000173678 -0.001580933 -0.000213390 1.000000000 0.000032856 0.001198879 -0.000173671 -0.000032893 1.000000000 0.001503008
1.000000000 0.000142176 0.000067647 -0.000677896 -0.000142176 1.000000000 0.000000418 0.001811381 -0.000067647 -0.000000427 1.000000000 0.001300536
1.000000000 0.000161264 0.000128766 -0.001367047 -0.000161257 1.000000000 -0.000055198 0.002052675 -0.000128775 0.000055177 1.000000000 0.002171096
0.999999940 0.000166928 0.000180025 -0.000886372 -0.000166931 1.000000000 0.000016655 0.001020375 -0.000180022 -0.000016685 1.000000000 0.001940074
1.000000000 0.000096090 0.000133774 -0.000659204 -0.000096086 1.000000000 -0.000029906 0.002006979 -0.000133777 0.000029893 1.000000000 0.002184604
0.999999940 0.000238232 0.000074233 -0.000444075 -0.000238224 0.999999940 -0.000113189 0.002171594 -0.000074260 0.000113171 1.000000000 0.001603154
1.000000000 0.000177964 0.000145237 -0.001442958 -0.000177960 1.000000000 -0.000027536 0.001389271 -0.000145242 0.000027510 1.000000000 0.001220274
0.999999940 0.000271190 0.000180904 -0.002147380 -0.000271178 0.999999940 -0.000067824 0.000976575 -0.000180922 0.000067775 1.000000000 0.000933455
0.999999940 0.000283988 0.000199248 -0.001634063 -0.000283975 0.999999940 -0.000067319 0.001754493 -0.000199267 0.000067263 1.000000000 0.001695527
0.999999940 0.000211899 0.000141556 -0.000983770 -0.000211900 1.000000000 0.000010671 0.001371437 -0.000141554 -0.000010701 1.000000000 0.001076876
0.999999940 0.000252081 0.000102399 -0.001026127 -0.000252080 0.999999940 -0.000015922 0.002095727 -0.000102403 0.000015896 1.000000000 0.002135384
0.999999940 0.000313318 0.000165777 -0.001068979 -0.000313316 0.999999940 -0.000008779 0.001674843 -0.000165779 0.000008727 1.000000000 0.000830146
0.999999940 0.000223794 0.000108967 -0.000735654 -0.000223789 1.000000000 -0.000050838 0.002896121 -0.000108979 0.000050813 1.000000000 0.002098156
1.000000000 0.000116299 0.000083318 -0.000212257 -0.000116293 1.000000000 -0.000069590 0.001211846 -0.000083326 0.000069580 1.000000000 0.003285162
0.999999762 0.000485096 0.000277800 -0.000760492 -0.000484921 0.999999702 -0.000630452 -0.001356048 -0.000278106 0.000630317 0.999999762 0.051631272
0.999999702 0.000625226 0.000231768 0.001441629 -0.000624947 0.999999166 -0.001202377 -0.001533070 -0.000232520 0.001202233 0.999999225 0.142407507
0.999999821 0.000392234 0.000284502 0.001660025 -0.000392024 0.999999583 -0.000739211 -0.015634157 -0.000284792 0.000739099 0.999999702 0.245750338
0.999999881 0.000396567 0.000309757 0.004958070 -0.000396355 0.999999702 -0.000683835 -0.018047338 -0.000310028 0.000683712 0.999999702 0.378840864
0.999999702 0.000637957 0.000210425 0.006185052 -0.000637856 0.999999702 -0.000478913 -0.021054201 -0.000210730 0.000478779 0.999999881 0.523048639
0.999999821 0.000447684 0.000230458 0.009858747 -0.000447589 0.999999881 -0.000413251 -0.025664344 -0.000230643 0.000413148 0.999999881 0.676180840
0.999999702 0.000659932 0.000437471 0.014424088 -0.000659852 0.999999702 -0.000184023 -0.030740703 -0.000437593 0.000183734 0.999999881 0.830771625
0.999999702 0.000702993 0.000482865 0.015107690 -0.000702936 0.999999762 -0.000117406 -0.035475440 -0.000482948 0.000117066 0.999999821 1.000893950
0.999999642 0.000725049 0.000439241 0.019750055 -0.000724969 0.999999702 -0.000182336 -0.037208874 -0.000439373 0.000182017 0.999999881 1.184504271
0.999999523 0.000944176 0.000156109 0.022918040 -0.000944173 0.999999702 -0.000016558 -0.038685143 -0.000156124 0.000016410 1.000000000 1.371266007
0.999999583 0.000866962 0.000116744 0.025800336 -0.000866938 0.999999642 -0.000207095 -0.042414919 -0.000116924 0.000206993 0.999999940 1.567101479
0.999999821 0.000599959 0.000230081 0.032052632 -0.000600020 0.999999762 0.000265352 -0.050155926 -0.000229921 -0.000265490 0.999999940 1.756605864
0.999999642 0.000739226 0.000445202 0.034582470 -0.000739426 0.999999642 0.000448558 -0.057417072 -0.000444870 -0.000448887 0.999999821 1.958089471
0.999999940 0.000234219 0.000229326 0.041166283 -0.000234378 0.999999762 0.000692518 -0.065318540 -0.000229163 -0.000692572 0.999999762 2.164530754
0.999999702 0.000598145 0.000443811 0.045290109 -0.000598353 0.999999702 0.000469005 -0.070027776 -0.000443530 -0.000469271 0.999999762 2.384325027
0.999999702 0.000723634 0.000329315 0.049731672 -0.000723745 0.999999702 0.000336626 -0.076022252 -0.000329071 -0.000336865 0.999999881 2.596814632
0.999999762 0.000392538 0.000387593 0.058973592 -0.000392823 0.999999642 0.000733808 -0.085391976 -0.000387305 -0.000733960 0.999999642 2.819300413
0.999999762 0.000392639 0.000475774 0.064488024 -0.000392979 0.999999642 0.000715255 -0.091276675 -0.000475493 -0.000715442 0.999999583 3.058015347
0.999999702 0.000652222 0.000479287 0.066422090 -0.000652524 0.999999583 0.000629690 -0.092462145 -0.000478876 -0.000630003 0.999999702 3.289572477
0.999999762 0.000371276 0.000583966 0.066811815 -0.000371672 0.999999642 0.000677801 -0.102429494 -0.000583715 -0.000678018 0.999999523 3.539330959
0.999999762 0.000322709 0.000617692 0.070005499 -0.000323343 0.999999404 0.001027030 -0.109749086 -0.000617360 -0.001027229 0.999999285 3.785487652
0.999999702 0.000414354 0.000677771 0.078334987 -0.000415050 0.999999344 0.001027104 -0.115097448 -0.000677345 -0.001027385 0.999999225 4.040931225
0.999999404 0.000737234 0.000753509 0.081528038 -0.000737745 0.999999523 0.000677468 -0.115122929 -0.000753009 -0.000678024 0.999999404 4.300902367
0.999999225 0.000621297 0.001053129 0.083448663 -0.000622350 0.999999285 0.000999870 -0.127934352 -0.001052508 -0.001000524 0.999998868 4.552244663
0.999999106 0.000961457 0.000934736 0.096338436 -0.000962252 0.999999166 0.000850203 -0.133329272 -0.000933918 -0.000851102 0.999999225 4.803152561
0.999999225 0.001112621 0.000677622 0.100123741 -0.001113035 0.999999166 0.000610982 -0.135531083 -0.000676942 -0.000611736 0.999999583 5.055949211
0.999998391 0.001386476 0.001088621 0.103602119 -0.001387339 0.999998748 0.000792365 -0.146103397 -0.001087521 -0.000793874 0.999999106 5.319211006
0.999998569 0.001264764 0.001068279 0.108416677 -0.001265680 0.999998808 0.000857621 -0.155657917 -0.001067193 -0.000858972 0.999998987 5.578288078
0.999998927 0.001114423 0.000920345 0.111433066 -0.001115330 0.999998868 0.000985814 -0.162442580 -0.000919245 -0.000986840 0.999999106 5.842383385
0.999998689 0.001121314 0.001105971 0.118005790 -0.001122172 0.999998987 0.000775746 -0.172284961 -0.001105100 -0.000776986 0.999999046 6.120685577
0.999997914 0.001416420 0.001412206 0.123357259 -0.001417745 0.999998450 0.000936997 -0.179360807 -0.001410877 -0.000938997 0.999998569 6.408797264
0.999998212 0.001339065 0.001281247 0.131674245 -0.001340326 0.999998569 0.000984559 -0.186275288 -0.001279928 -0.000986274 0.999998689 6.699637890
0.999999225 0.000903366 0.000855975 0.139793143 -0.000904311 0.999998987 0.001103457 -0.194253206 -0.000854978 -0.001104230 0.999999046 6.996016979
0.999998808 0.001055091 0.001133949 0.146414652 -0.001056517 0.999998569 0.001257724 -0.207642779 -0.001132620 -0.001258921 0.999998510 7.288381100
0.999998093 0.001540271 0.001153275 0.151304021 -0.001541856 0.999997854 0.001375217 -0.221112326 -0.001151154 -0.001376993 0.999998331 7.590014458
0.999998212 0.001547449 0.001033869 0.159504145 -0.001548891 0.999997854 0.001395872 -0.226102412 -0.001031707 -0.001397471 0.999998450 7.910935402
0.999998033 0.001585878 0.001197705 0.162642658 -0.001587910 0.999997318 0.001697380 -0.242400557 -0.001195010 -0.001699278 0.999997854 8.226541519
0.999998868 0.001257156 0.000882619 0.173914701 -0.001258713 0.999997735 0.001765773 -0.250141531 -0.000880397 -0.001766882 0.999998033 8.540892601
0.999998450 0.001357667 0.001137544 0.175114423 -0.001359443 0.999997854 0.001561978 -0.254679084 -0.001135421 -0.001563521 0.999998152 8.881897926
0.999998748 0.001277681 0.000957640 0.184628382 -0.001279196 0.999997914 0.001583076 -0.265730560 -0.000955616 -0.001584299 0.999998331 9.219806671
0.999996781 0.001785953 0.001796660 0.176379800 -0.001788243 0.999997616 0.001273718 -0.280539989 -0.001794381 -0.001276927 0.999997556 9.553511620
0.999998331 0.001150873 0.001393861 0.189500779 -0.001153382 0.999997795 0.001800514 -0.290604293 -0.001391785 -0.001802119 0.999997377 9.895097733
0.999997735 0.001497357 0.001530332 0.193563178 -0.001499148 0.999998212 0.001170287 -0.297048956 -0.001528577 -0.001172578 0.999998152 10.268660545
0.999997199 0.001666916 0.001710750 0.201016515 -0.001669192 0.999997795 0.001329672 -0.310455829 -0.001708530 -0.001332524 0.999997675 10.628680229
0.999998629 0.001251027 0.001020027 0.216346458 -0.001252514 0.999998152 0.001458658 -0.313591778 -0.001018200 -0.001459933 0.999998391 10.988836288
0.999998391 0.001350998 0.001153615 0.222378314 -0.001352803 0.999997854 0.001564970 -0.321101099 -0.001151498 -0.001566528 0.999998093 11.367568016
0.999998152 0.001397919 0.001280400 0.232391864 -0.001400377 0.999997199 0.001920462 -0.344259560 -0.001277711 -0.001922252 0.999997318 11.731612206
0.999997139 0.001858700 0.001502316 0.234136403 -0.001861163 0.999996901 0.001639544 -0.354494303 -0.001499264 -0.001642336 0.999997556 12.121006966
0.999997437 0.001564184 0.001631492 0.244322538 -0.001567480 0.999996722 0.002021090 -0.370053202 -0.001628325 -0.002023642 0.999996662 12.506324768
0.999996305 0.001984473 0.001863659 0.247676268 -0.001987696 0.999996483 0.001728980 -0.371851861 -0.001860221 -0.001732677 0.999996781 12.925200462
0.999997318 0.001610241 0.001665790 0.264785498 -0.001612433 0.999997795 0.001315232 -0.381632775 -0.001663668 -0.001317914 0.999997675 13.329623222
0.999996185 0.001933526 0.001987320 0.269952118 -0.001937072 0.999996543 0.001783887 -0.395809025 -0.001983864 -0.001787730 0.999996424 13.728190422
0.999995708 0.002081377 0.002064322 0.278579354 -0.002085627 0.999995708 0.002059018 -0.406897306 -0.002060028 -0.002063314 0.999995708 14.145904541
0.999994874 0.002213821 0.002287531 0.291889101 -0.002217821 0.999996006 0.001747597 -0.419604391 -0.002283653 -0.001752661 0.999995768 14.549858093
0.999996006 0.001872553 0.002121515 0.304286271 -0.001876833 0.999996185 0.002017052 -0.435841262 -0.002117730 -0.002021026 0.999995708 14.964931488
0.999995172 0.002058970 0.002325998 0.314225852 -0.002063194 0.999996245 0.001815090 -0.443432808 -0.002322252 -0.001819880 0.999995649 15.409731865
0.999993086 0.001960828 0.003165343 0.316990912 -0.001966664 0.999996364 0.001841616 -0.455506593 -0.003161720 -0.001847829 0.999993324 15.865424156
0.999991715 0.002175685 0.003427306 0.328094453 -0.002181618 0.999996126 0.001728229 -0.463261873 -0.003423533 -0.001735692 0.999992609 16.311857224
0.999988616 0.002761869 0.003898850 0.337081313 -0.002767304 0.999995232 0.001389295 -0.473165989 -0.003894995 -0.001400068 0.999991477 16.761363983
0.999988377 0.002537732 0.004078585 0.354673207 -0.002546716 0.999994457 0.002199054 -0.493253469 -0.004072980 -0.002209416 0.999989271 17.228605270
0.999985337 0.002932829 0.004530973 0.362973422 -0.002943080 0.999993086 0.002257406 -0.505893469 -0.004524322 -0.002270708 0.999987185 17.694095612
0.999985754 0.002602346 0.004654227 0.378054500 -0.002610858 0.999994934 0.001823687 -0.516019940 -0.004649458 -0.001835813 0.999987483 18.164718628
0.999984026 0.002838417 0.004882125 0.388842970 -0.002847437 0.999994218 0.001841466 -0.527042270 -0.004876870 -0.001855338 0.999986410 18.632146835
0.999979079 0.003549504 0.005409557 0.399319530 -0.003559904 0.999991834 0.001914166 -0.542696059 -0.005402719 -0.001933384 0.999983490 19.130243301
0.999987125 0.002286246 0.004529951 0.422419548 -0.002294469 0.999995768 0.001811119 -0.550157905 -0.004525790 -0.001821489 0.999988079 19.620841980
0.999977410 0.003440254 0.005778091 0.420161664 -0.003452332 0.999991834 0.002081630 -0.570608199 -0.005770883 -0.002101531 0.999981165 20.113561630
0.999978602 0.003173983 0.005718505 0.433200955 -0.003184207 0.999993324 0.001779797 -0.575846434 -0.005712818 -0.001797969 0.999982059 20.607791901
0.999979198 0.003489626 0.005449424 0.448383987 -0.003501020 0.999991715 0.002082733 -0.593018591 -0.005442111 -0.002101768 0.999982953 21.114685059
0.999981046 0.003616767 0.004988266 0.461113423 -0.003628507 0.999990642 0.002346515 -0.610469937 -0.004979733 -0.002364571 0.999984741 21.614879608
0.999981999 0.003610448 0.004782721 0.470774949 -0.003620267 0.999991357 0.002045949 -0.625853360 -0.004775293 -0.002063227 0.999986410 22.129980087
0.999984264 0.003872829 0.004051771 0.478877455 -0.003881430 0.999990165 0.002117131 -0.636150002 -0.004043533 -0.002132825 0.999989569 22.638267517
0.999984860 0.003883546 0.003884882 0.485289901 -0.003893405 0.999989212 0.002533484 -0.659039497 -0.003875001 -0.002548571 0.999989271 23.141374588
0.999988258 0.003403116 0.003424283 0.490257263 -0.003411863 0.999990940 0.002551991 -0.679560483 -0.003415567 -0.002563645 0.999990880 23.648111343
0.999994040 0.002374358 0.002552131 0.509078860 -0.002381250 0.999993503 0.002701080 -0.697035551 -0.002545702 -0.002707141 0.999993086 24.167963028
0.999993861 0.002783562 0.002127161 0.519728780 -0.002788944 0.999992907 0.002531297 -0.709712267 -0.002120100 -0.002537214 0.999994457 24.698261261
0.999994218 0.003125096 0.001357444 0.534897327 -0.003129346 0.999990165 0.003139600 -0.730153382 -0.001347619 -0.003143830 0.999994159 25.223585129
0.999992847 0.003603412 0.001123912 0.541049957 -0.003607121 0.999988019 0.003316267 -0.741344213 -0.001111949 -0.003320298 0.999993861 25.773872375
0.999992192 0.003914107 0.000762379 0.552103460 -0.003916392 0.999987781 0.003018780 -0.757377088 -0.000750554 -0.003021742 0.999995172 26.333805084
0.999994934 0.003196691 0.000193165 0.566349328 -0.003197271 0.999990165 0.003085131 -0.764911771 -0.000183301 -0.003085732 0.999995232 26.895334244
0.999993384 0.003639166 0.000424145 0.575369835 -0.003640580 0.999987602 0.003382787 -0.794235647 -0.000411829 -0.003384308 0.999994159 27.457431793
0.999989271 0.004610021 0.000178423 0.583697498 -0.004610614 0.999983251 0.003478972 -0.809269130 -0.000162382 -0.003479757 0.999993920 28.002449036
0.999985576 0.005384869 0.000206383 0.593321621 -0.005385554 0.999979436 0.003486193 -0.822530866 -0.000187606 -0.003487254 0.999993920 28.552597046
0.999985993 0.005282043 0.000010744 0.611216664 -0.005282049 0.999980390 0.003357496 -0.836313903 0.000006990 -0.003357506 0.999994338 29.090314865
0.999985695 0.005328703 -0.000421400 0.618987024 -0.005327260 0.999980211 0.003352863 -0.846741319 0.000439258 -0.003350570 0.999994218 29.636627197
0.999987006 0.004991794 -0.001039395 0.631239057 -0.004988231 0.999981761 0.003401050 -0.862243474 0.001056353 -0.003395821 0.999993682 30.161167145
0.999985218 0.005324834 -0.001105478 0.642359912 -0.005321159 0.999980509 0.003301664 -0.873498440 0.001123037 -0.003295733 0.999993920 30.716827393
0.999985039 0.005330506 -0.001250050 0.655031979 -0.005326302 0.999980211 0.003342618 -0.887853920 0.001267842 -0.003335910 0.999993622 31.261358261
0.999980867 0.005973503 -0.001617742 0.662308335 -0.005968219 0.999976933 0.003252300 -0.898519814 0.001637132 -0.003242583 0.999993384 31.814441681
0.999970555 0.007393795 -0.002034689 0.663857102 -0.007388107 0.999968827 0.002788821 -0.917939544 0.002055246 -0.002773706 0.999994040 32.359394073
0.999982774 0.005234575 -0.002685611 0.685355365 -0.005223952 0.999978662 0.003947320 -0.928013086 0.002706216 -0.003933222 0.999988616 32.912937164
0.999979138 0.005990458 -0.002423362 0.692000389 -0.005983768 0.999978304 0.002758469 -0.940958977 0.002439834 -0.002743910 0.999993205 33.449802399
0.999978125 0.006026470 -0.002727804 0.701575637 -0.006016774 0.999975622 0.003548581 -0.968971491 0.002749122 -0.003532091 0.999989986 33.971511841
0.999977112 0.006016009 -0.003095009 0.715506554 -0.006007920 0.999978542 0.002615998 -0.969090283 0.003110680 -0.002597344 0.999991775 34.535858154
0.999978125 0.005904885 -0.002967891 0.714957833 -0.005892392 0.999973834 0.004200629 -1.010603547 0.002992618 -0.004183049 0.999986768 35.005554199
0.999975920 0.006002376 -0.003490237 0.718905151 -0.005991351 0.999977052 0.003160784 -1.004716754 0.003509128 -0.003139797 0.999988914 35.589881897
0.999967515 0.007134965 -0.003775773 0.727633297 -0.007124695 0.999970913 0.002726396 -1.014026880 0.003795117 -0.002699406 0.999989092 36.133331299
0.999976993 0.005910949 -0.003363898 0.726755261 -0.005900335 0.999977589 0.003156545 -1.041023612 0.003382480 -0.003136624 0.999989271 36.648448944
0.999965131 0.006632257 -0.005069837 0.757102549 -0.006620385 0.999975264 0.002355129 -1.036232114 0.005085331 -0.002321482 0.999984384 37.204936981
0.999971449 0.006538816 -0.003764834 0.755063891 -0.006528934 0.999975145 0.002631175 -1.076126814 0.003781945 -0.002606519 0.999989450 37.706039429
0.999974430 0.005424019 -0.004649012 0.767740667 -0.005408841 0.999979973 0.003271078 -1.086265087 0.004666660 -0.003245848 0.999983788 38.280746460
0.999967575 0.006800210 -0.004311092 0.771239877 -0.006789956 0.999974012 0.002388769 -1.095635295 0.004327225 -0.002359419 0.999987841 38.806777954
0.999974012 0.005191193 -0.005000014 0.797117710 -0.005174839 0.999981225 0.003277962 -1.108731151 0.005016936 -0.003252003 0.999982059 39.327438354
0.999974966 0.005279007 -0.004703839 0.800727427 -0.005262990 0.999980271 0.003410923 -1.126989603 0.004721753 -0.003386082 0.999983132 39.877971649
0.999976277 0.004425512 -0.005275238 0.819126248 -0.004411962 0.999986947 0.002577412 -1.128838658 0.005286576 -0.002554077 0.999982715 40.384147644
0.999970794 0.004538262 -0.006138075 0.841420412 -0.004522696 0.999986529 0.002547560 -1.146687508 0.006149555 -0.002519726 0.999977946 40.973266602
0.999969661 0.005456872 -0.005556016 0.836517692 -0.005443677 0.999982476 0.002387112 -1.157217860 0.005568944 -0.002356795 0.999981701 41.449340820
0.999966621 0.005971718 -0.005579658 0.843080699 -0.005961402 0.999980509 0.001863711 -1.165599108 0.005590680 -0.001830386 0.999982715 42.003902435
0.999966204 0.005272155 -0.006314957 0.866368294 -0.005257942 0.999983668 0.002265192 -1.189583778 0.006326797 -0.002231911 0.999977529 42.524734497
0.999968529 0.005167445 -0.006036373 0.852752745 -0.005153097 0.999983847 0.002390424 -1.192143917 0.006048629 -0.002359242 0.999978900 43.034053802
0.999966085 0.005191953 -0.006390492 0.867058277 -0.005178296 0.999984264 0.002151715 -1.209255219 0.006401564 -0.002118551 0.999977231 43.577384949
0.999968171 0.004690355 -0.006456000 0.878994405 -0.004675237 0.999986291 0.002354654 -1.221212745 0.006466955 -0.002324396 0.999976397 44.093551636
0.999969006 0.004666377 -0.006355788 0.880025744 -0.004650732 0.999986053 0.002474393 -1.239058375 0.006367248 -0.002444756 0.999976754 44.621871948
0.999969304 0.005055581 -0.005969468 0.886544466 -0.005043992 0.999985337 0.001954926 -1.252678275 0.005979265 -0.001924756 0.999980271 45.170886993
0.999966919 0.005349534 -0.006125648 0.891999722 -0.005338099 0.999983966 0.001881402 -1.264401674 0.006135616 -0.001848641 0.999979496 45.696823120
0.999967158 0.005484398 -0.005966156 0.898411453 -0.005476135 0.999984026 0.001400661 -1.276025653 0.005973742 -0.001367944 0.999981225 46.234447479
0.999965012 0.005336061 -0.006446621 0.912327588 -0.005325475 0.999984443 0.001658344 -1.290832996 0.006455369 -0.001623955 0.999977827 46.774986267
0.999967217 0.004720936 -0.006582408 0.910870790 -0.004705644 0.999986172 0.002336558 -1.307643652 0.006593350 -0.002305507 0.999975622 47.318836212
0.999964297 0.005196415 -0.006669119 0.915239036 -0.005186036 0.999985337 0.001572773 -1.319214821 0.006677194 -0.001538130 0.999976516 47.863056183
0.999963701 0.005869081 -0.006174879 0.926005006 -0.005859534 0.999981582 0.001562873 -1.332201123 0.006183939 -0.001526634 0.999979675 48.421134949
0.999963582 0.006093817 -0.005973590 0.929438233 -0.006085115 0.999980330 0.001473909 -1.347441673 0.005982454 -0.001437505 0.999981046 48.946487427
0.999962032 0.006591500 -0.005694931 0.938711762 -0.006582868 0.999977171 0.001533232 -1.366377354 0.005704906 -0.001495685 0.999982536 49.490024567
0.999967873 0.004861241 -0.006365456 0.945655465 -0.004848124 0.999986112 0.002074466 -1.382250428 0.006375452 -0.002043539 0.999977589 50.026878357
0.999959171 0.006800976 -0.005953231 0.952654958 -0.006795060 0.999976397 0.001013455 -1.391822457 0.005959985 -0.000972961 0.999981761 50.560173035
0.999957085 0.007341207 -0.005644876 0.962727845 -0.007333564 0.999972165 0.001373511 -1.408149719 0.005654803 -0.001332055 0.999983132 51.077186584
0.999955893 0.007411476 -0.005758039 0.964725018 -0.007403478 0.999971569 0.001409061 -1.420152068 0.005768318 -0.001366370 0.999982417 51.596240997
0.999954283 0.008016114 -0.005208442 0.964514196 -0.008011140 0.999967456 0.000975300 -1.430936694 0.005216093 -0.000933530 0.999985933 52.140937805
0.999956310 0.007683407 -0.005305342 0.972929060 -0.007676771 0.999969721 0.001269853 -1.444332480 0.005314938 -0.001229069 0.999985099 52.670001984
0.999953866 0.008064248 -0.005223733 0.979280591 -0.008058986 0.999966979 0.001027719 -1.460145950 0.005231848 -0.000985573 0.999985814 53.206081390
0.999954164 0.008010475 -0.005248704 0.990463912 -0.008007709 0.999967813 0.000547698 -1.473279953 0.005252922 -0.000505642 0.999986053 53.745506287
0.999955177 0.008085286 -0.004927044 0.995261729 -0.008079717 0.999966621 0.001149462 -1.491173387 0.004936172 -0.001109601 0.999987125 54.272342682
0.999951959 0.008608178 -0.004701625 0.998968959 -0.008605707 0.999962807 0.000545955 -1.504737139 0.004706149 -0.000505468 0.999988735 54.818706512
0.999953628 0.008535697 -0.004464541 1.006527901 -0.008531555 0.999963164 0.000946088 -1.521133304 0.004472455 -0.000907954 0.999989510 55.337856293
0.999950826 0.008723501 -0.004713115 1.013915181 -0.008718863 0.999961436 0.001003875 -1.537812471 0.004721690 -0.000962733 0.999988317 55.865146637
0.999952257 0.008567095 -0.004703195 1.026094556 -0.008562009 0.999962687 0.001100354 -1.553393364 0.004712447 -0.001060032 0.999988317 56.412258148
0.999949694 0.008931129 -0.004555896 1.033727288 -0.008928049 0.999959886 0.000696151 -1.567550063 0.004561931 -0.000655441 0.999989390 56.945106506
0.999947906 0.009133074 -0.004542430 1.042490005 -0.009129902 0.999958098 0.000718330 -1.585297704 0.004548800 -0.000676821 0.999989450 57.484710693
0.999950051 0.008792024 -0.004749320 1.059874058 -0.008788342 0.999961078 0.000795754 -1.596425772 0.004756131 -0.000753976 0.999988377 58.025520325
0.999948442 0.009176036 -0.004358427 1.060034633 -0.009169324 0.999956787 0.001557544 -1.613956571 0.004372530 -0.001517500 0.999989271 58.554279327
0.999952614 0.008276319 -0.005122693 1.074631453 -0.008271717 0.999965370 0.000918986 -1.628389597 0.005130121 -0.000876569 0.999986470 59.103767395
0.999950886 0.008782969 -0.004593275 1.076948285 -0.008782187 0.999961436 0.000190637 -1.638704181 0.004594771 -0.000150289 0.999989450 59.649864197
0.999954343 0.008200612 -0.004914434 1.086230636 -0.008201137 0.999966383 -0.000086561 -1.647463083 0.004913558 0.000126861 0.999987960 60.204906464
0.999945581 0.009461388 -0.004389821 1.086654067 -0.009459467 0.999955297 0.000458119 -1.672950864 0.004393958 -0.000416569 0.999990225 60.740501404
0.999948323 0.009179343 -0.004364361 1.098545074 -0.009177315 0.999957681 0.000484754 -1.686955214 0.004368627 -0.000444676 0.999990284 61.298049927
0.999948978 0.009002233 -0.004581749 1.104136944 -0.009001642 0.999959469 0.000149392 -1.705398083 0.004582911 -0.000108141 0.999989450 61.837261200
0.999945939 0.009327287 -0.004607271 1.111855268 -0.009329136 0.999956489 -0.000380304 -1.716902852 0.004603523 0.000423266 0.999989271 62.390758514
0.999944389 0.009671885 -0.004187841 1.111850023 -0.009670919 0.999953210 0.000250951 -1.734977365 0.004190072 -0.000210437 0.999991119 62.964607239
0.999946237 0.009396295 -0.004366900 1.121593952 -0.009394956 0.999955773 0.000327285 -1.755760550 0.004369781 -0.000286240 0.999990344 63.501075745
0.999945402 0.009606874 -0.004104787 1.125823975 -0.009606279 0.999953866 0.000163947 -1.766311407 0.004106173 -0.000124506 0.999991536 64.032936096
0.999945700 0.009708740 -0.003784535 1.127656698 -0.009708803 0.999952853 0.000002153 -1.778695822 0.003784376 0.000034590 0.999992847 64.566490173
0.999946237 0.009731478 -0.003588774 1.137696743 -0.009732241 0.999952614 -0.000195320 -1.793525696 0.003586703 0.000230236 0.999993503 65.097999573
0.999946475 0.009663113 -0.003703196 1.146752477 -0.009664277 0.999953270 -0.000296223 -1.807518721 0.003700161 0.000331995 0.999993086 65.634513855
0.999944329 0.009971537 -0.003451939 1.149991393 -0.009973329 0.999950111 -0.000501462 -1.820039988 0.003446766 0.000535862 0.999993920 66.177627563
0.999942660 0.010118025 -0.003505087 1.161245108 -0.010119868 0.999948680 -0.000507942 -1.839256525 0.003499768 0.000543384 0.999993742 66.700721741
0.999943495 0.010026339 -0.003525967 1.171817780 -0.010028020 0.999949634 -0.000459152 -1.854608774 0.003521184 0.000494485 0.999993682 67.229331970
0.999946415 0.009720791 -0.003559776 1.181262612 -0.009722789 0.999952555 -0.000544406 -1.872170687 0.003554314 0.000578988 0.999993503 67.753936768
0.999943078 0.010162479 -0.003258569 1.185534477 -0.010163765 0.999948204 -0.000378021 -1.889389634 0.003254559 0.000411119 0.999994636 68.289726257
0.999937773 0.010646261 -0.003326638 1.191849709 -0.010647487 0.999943197 -0.000351131 -1.903093100 0.003322710 0.000386529 0.999994338 68.823684692
0.999934077 0.011084067 -0.003000530 1.200467706 -0.011085838 0.999938369 -0.000573787 -1.921797514 0.002993986 0.000607013 0.999995351 69.354637146
0.999936461 0.010977617 -0.002529932 1.208763003 -0.010978783 0.999939561 -0.000447131 -1.937396765 0.002524871 0.000474878 0.999996722 69.884544373
0.999937475 0.010883379 -0.002576642 1.216835976 -0.010884874 0.999940574 -0.000566887 -1.953835964 0.002570320 0.000594898 0.999996543 70.424980164
0.999938965 0.010768413 -0.002471844 1.222327113 -0.010770168 0.999941707 -0.000698188 -1.969398499 0.002464181 0.000724767 0.999996722 70.965621948
0.999944866 0.010178470 -0.002579628 1.233621836 -0.010179445 0.999948144 -0.000365069 -1.988650799 0.002575779 0.000391308 0.999996543 71.492980957
0.999938965 0.010762878 -0.002488488 1.240475059 -0.010764562 0.999941826 -0.000665201 -2.002753496 0.002481185 0.000691948 0.999996662 72.033302307
0.999942005 0.010488458 -0.002448541 1.251998067 -0.010490142 0.999944746 -0.000675714 -2.019062042 0.002441319 0.000701360 0.999996781 72.574241638
0.999935091 0.011094544 -0.002591993 1.260480523 -0.011095505 0.999938369 -0.000356633 -2.036975861 0.002587877 0.000385369 0.999996603 73.115844727
0.999936402 0.011011588 -0.002402170 1.270365715 -0.011013351 0.999939084 -0.000722514 -2.053098917 0.002394067 0.000748924 0.999996841 73.652542114
0.999936283 0.011061188 -0.002254553 1.278573751 -0.011062637 0.999938607 -0.000631433 -2.064707279 0.002247430 0.000656334 0.999997199 74.186622620
0.999934375 0.011247724 -0.002171258 1.287605286 -0.011249335 0.999936461 -0.000729982 -2.081781626 0.002162910 0.000754359 0.999997377 74.732337952
0.999934196 0.011334615 -0.001762387 1.296668172 -0.011337015 0.999934733 -0.001356191 -2.095525742 0.001746901 0.001376082 0.999997556 75.269409180
0.999929309 0.011730130 -0.001931903 1.305673480 -0.011732848 0.999930143 -0.001402352 -2.111813068 0.001915318 0.001424920 0.999997079 75.799736023
0.999931097 0.011613698 -0.001693990 1.312225461 -0.011616255 0.999931395 -0.001507046 -2.130787134 0.001676371 0.001526620 0.999997437 76.321250916
0.999924541 0.012178856 -0.001616014 1.323751688 -0.012181094 0.999924839 -0.001380969 -2.147824287 0.001599074 0.001400550 0.999997675 76.852836609
0.999923527 0.012254582 -0.001656706 1.321161270 -0.012256260 0.999924362 -0.001007837 -2.168999910 0.001644230 0.001028064 0.999998093 77.365791321
0.999927223 0.011982637 -0.001496950 1.336468697 -0.011984509 0.999927342 -0.001247040 -2.190004110 0.001481899 0.001264889 0.999998093 77.883438110
0.999922335 0.012422659 -0.001010992 1.340846419 -0.012424528 0.999921083 -0.001863768 -2.198713303 0.000987760 0.001876184 0.999997735 78.419479370
0.999917388 0.012819462 -0.000938644 1.352473974 -0.012820910 0.999916613 -0.001552015 -2.219388008 0.000918669 0.001563921 0.999998271 78.937019348
0.999922097 0.012430194 -0.001109630 1.366604090 -0.012432011 0.999921322 -0.001646453 -2.237231970 0.001089077 0.001660119 0.999998033 79.460571289
0.999919534 0.012687747 0.000012808 1.374773502 -0.012687706 0.999918044 -0.001724135 -2.252234459 -0.000034683 0.001723833 0.999998510 80.002067566
0.999922812 0.012359944 0.001271456 1.395199418 -0.012357455 0.999921739 -0.001946995 -2.273925304 -0.001295421 0.001931133 0.999997318 80.517997742
0.999924183 0.012121923 0.002219240 1.403739691 -0.012117154 0.999924183 -0.002150604 -2.285440207 -0.002245141 0.002123551 0.999995232 81.063095093
0.999917984 0.012335266 0.003429757 1.415456891 -0.012328028 0.999921679 -0.002123454 -2.298942804 -0.003455683 0.002080997 0.999991834 81.603637695
0.999900222 0.012476136 0.006625282 1.439704418 -0.012460808 0.999919534 -0.002350155 -2.317252636 -0.006654071 0.002267363 0.999975264 82.145141602
0.999867916 0.012428956 0.010473066 1.455951691 -0.012403159 0.999919891 -0.002524532 -2.326175213 -0.010503606 0.002394300 0.999941885 82.671752930
0.999833882 0.012228933 0.013510687 1.481064081 -0.012196414 0.999922454 -0.002486851 -2.347174168 -0.013540052 0.002321656 0.999905586 83.201583862
0.999771953 0.012196448 0.017530391 1.504934311 -0.012147980 0.999922037 -0.002868651 -2.365216255 -0.017564015 0.002655038 0.999842167 83.739540100
0.999644458 0.012337970 0.023637533 1.529361010 -0.012268630 0.999919951 -0.003076285 -2.375585079 -0.023673603 0.002785191 0.999715805 84.287544250
0.999487758 0.012310425 0.029545899 1.562216282 -0.012220064 0.999920011 -0.003236893 -2.391551018 -0.029583393 0.002874181 0.999558151 84.822860718
0.999295294 0.012250402 0.035480987 1.597244620 -0.012147161 0.999921262 -0.003123838 -2.411287069 -0.035516467 0.002690644 0.999365449 85.363174438
0.998971045 0.012346008 0.043640353 1.636419296 -0.012212370 0.999919832 -0.003327580 -2.425804853 -0.043677937 0.002791204 0.999041677 85.912353516
0.998573363 0.012016965 0.052027214 1.683803320 -0.011835425 0.999922633 -0.003796007 -2.440202475 -0.052068803 0.003174827 0.998638451 86.471649170
0.998149753 0.011819819 0.059644498 1.732113361 -0.011613490 0.999925196 -0.003804777 -2.454453468 -0.059685018 0.003105056 0.998212397 87.031394958
0.997589350 0.011816926 0.068380490 1.781689644 -0.011568241 0.999924898 -0.004031636 -2.475266695 -0.068422996 0.003230875 0.997651160 87.571960449
0.996845543 0.011672080 0.078502677 1.846734524 -0.011381608 0.999926627 -0.004146593 -2.495453835 -0.078545325 0.003240026 0.996905208 88.105369568
0.996114731 0.010969640 0.087378889 1.913477898 -0.010567238 0.999931395 -0.005066474 -2.502191782 -0.087428458 0.004123435 0.996162236 88.652565002
0.995477140 0.010549663 0.094414778 1.980010509 -0.010161914 0.999937832 -0.004586715 -2.526895046 -0.094457306 0.003606535 0.995522320 89.222259521
0.994548619 0.009700526 0.103821859 2.068508148 -0.009154876 0.999941647 -0.005730876 -2.534297705 -0.103871390 0.004749158 0.994579434 89.752281189
0.993349552 0.010129007 0.114690877 2.153789520 -0.009637548 0.999941826 -0.004838787 -2.558125257 -0.114733219 0.003701270 0.993389428 90.325347900
0.992233336 0.009824763 0.124002114 2.239912987 -0.009274165 0.999944389 -0.005016693 -2.576937437 -0.124044508 0.003827712 0.992269278 90.864112854
0.990780354 0.009488161 0.135145664 2.340154648 -0.008854841 0.999946833 -0.005286537 -2.594843626 -0.135188654 0.004041102 0.990811646 91.394645691
0.988940537 0.010052993 0.147970930 2.439517975 -0.009431156 0.999943495 -0.004903473 -2.621487379 -0.148011878 0.003453707 0.988979578 91.957038879
0.987297714 0.009291313 0.158609003 2.551822662 -0.008575724 0.999949753 -0.005195498 -2.640729904 -0.158649325 0.003769317 0.987327814 92.492561340
0.985545814 0.009353444 0.169150561 2.663741112 -0.008624166 0.999950111 -0.005045598 -2.658432007 -0.169189289 0.003513886 0.985577285 93.054504395
0.983277321 0.009029369 0.181890786 2.782791138 -0.008249033 0.999953270 -0.005046218 -2.677731752 -0.181927845 0.003461408 0.983305752 93.589988708
0.980950236 0.008569559 0.194070116 2.906458855 -0.007737174 0.999957323 -0.005046687 -2.694327116 -0.194105119 0.003448994 0.980974674 94.107337952
0.978971362 0.008442306 0.203823060 3.041897774 -0.007702830 0.999960482 -0.004421109 -2.719906807 -0.203852355 0.002758126 0.978997707 94.638244629
0.976071179 0.008012972 0.217303440 3.181026459 -0.007147102 0.999963045 -0.004770265 -2.735826015 -0.217333660 0.003103030 0.976092398 95.157218933
0.972953498 0.007724863 0.230871677 3.321153641 -0.006679315 0.999963582 -0.005309961 -2.751878977 -0.230904281 0.003624281 0.972969711 95.755645752
0.970289648 0.007192698 0.241839588 3.475961685 -0.006010821 0.999966145 -0.005624467 -2.764776707 -0.241871864 0.004003707 0.970299959 96.276977539
0.967498064 0.006382145 0.252797842 3.632520676 -0.005184627 0.999971986 -0.005402935 -2.797460556 -0.252825230 0.003916667 0.967504025 96.810523987
0.964071751 0.006912123 0.265552461 3.816574097 -0.005937919 0.999972403 -0.004471254 -2.821542263 -0.265576035 0.002733781 0.964085996 97.291481018
0.960394621 0.006296472 0.278572381 3.984027863 -0.005015216 0.999973238 -0.005311789 -2.839622498 -0.278598398 0.003704312 0.960400522 97.880760193
0.956778347 0.006121140 0.290753514 4.161247253 -0.004823737 0.999975026 -0.005178750 -2.856386900 -0.290777922 0.003552398 0.956784010 98.387878418
0.952581108 0.006283225 0.304219991 4.353517532 -0.005055686 0.999975562 -0.004822566 -2.886846542 -0.304242849 0.003055844 0.952589571 98.931709290
0.948130429 0.005844665 0.317828000 4.561105728 -0.004495174 0.999977529 -0.004979179 -2.901028872 -0.317849994 0.003292219 0.948135316 99.460960388
0.944203675 0.005616663 0.329314649 4.752592087 -0.004300985 0.999979556 -0.004723577 -2.922687054 -0.329334438 0.003043641 0.944208384 99.941223145
0.939363837 0.005111072 0.342883825 4.981830597 -0.003560500 0.999980509 -0.005151499 -2.947170973 -0.342903435 0.003618294 0.939363599 100.512008667
0.934052289 0.004853747 0.357103229 5.197734833 -0.003217004 0.999981463 -0.005177232 -2.965075016 -0.357121795 0.003687003 0.934050560 101.015632629
0.929402351 0.003734804 0.369049072 5.428649902 -0.001784003 0.999982595 -0.005627116 -2.977036715 -0.369063675 0.004571471 0.929392755 101.507675171
0.924781740 0.003159747 0.380484730 5.667356491 -0.001216232 0.999984980 -0.005348309 -3.006925583 -0.380495876 0.004483261 0.924771726 102.057487488
0.918711424 0.003519900 0.394913852 5.912307739 -0.001582847 0.999985039 -0.005230680 -3.026452780 -0.394926369 0.004180397 0.918703258 102.586723328
0.912830055 0.003248885 0.408326715 6.155517578 -0.001266406 0.999985993 -0.005125370 -3.045157433 -0.408337682 0.004161484 0.912821412 103.080039978
0.907910705 0.002738459 0.419154555 6.409637451 -0.000456777 0.999984503 -0.005543788 -3.068336010 -0.419163257 0.004841805 0.907897949 103.581497192
0.902261913 0.002508236 0.431181163 6.679069519 -0.000408470 0.999987543 -0.004962317 -3.084455729 -0.431188256 0.004301184 0.902251780 104.065818787
0.895714641 0.002232154 0.444623649 6.936019897 -0.000025746 0.999987602 -0.004968395 -3.104374886 -0.444629252 0.004438816 0.895703733 104.548187256
0.889737785 0.001512814 0.456469536 7.226348877 0.001255512 0.999982715 -0.005761316 -3.125216484 -0.456470311 0.005699163 0.889720380 105.077812195
0.884010136 0.001471442 0.467465341 7.505527496 0.001496557 0.999980986 -0.005977738 -3.136372805 -0.467465252 0.005983970 0.883991241 105.555755615
0.876399815 0.001307362 0.481582433 7.795730591 0.001624717 0.999982536 -0.005671389 -3.164876938 -0.481581450 0.005752840 0.876382411 106.074218750
