1.000000000 0.000000000 0.000000000 0.000000000 0.000000000 1.000000000 0.000000000 0.000000000 0.000000000 0.000000000 1.000000000 0.000000000
1.000000000 0.000115009 0.000039961 -0.001492641 -0.000115007 1.000000000 -0.000049723 0.001481978 -0.000039967 0.000049718 1.000000000 0.003454603
1.000000000 0.000109103 0.000007542 0.000488363 -0.000109103 1.000000000 -0.000000271 0.000733281 -0.000007542 0.000000270 1.000000000 0.003928866
0.999999940 0.000250940 0.000099438 -0.000969500 -0.000250939 0.999999940 -0.000004977 0.001096619 -0.000099439 0.000004952 1.000000000 -0.001101133
1.000000000 0.000132252 0.000030706 0.000458192 -0.000132251 1.000000000 -0.000033067 0.000904056 -0.000030710 0.000033063 1.000000000 -0.000047748
1.000000000 0.000021937 -0.000004958 -0.000134372 -0.000021937 1.000000000 0.000030705 0.000635837 0.000004959 -0.000030705 1.000000000 0.000342368
1.000000000 0.000019783 0.000040584 -0.001850184 -0.000019782 1.000000000 -0.000034220 0.001003107 -0.000040585 0.000034219 1.000000000 0.000921265
1.000000000 0.000033261 0.000052026 -0.000216084 -0.000033264 1.000000000 0.000049969 0.000724444 -0.000052024 -0.000049971 1.000000000 -0.000097151
1.000000000 -0.000035594 0.000068569 -0.001655084 0.000035595 1.000000000 -0.000004368 0.000831344 -0.000068569 0.000004370 1.000000000 0.002459117
1.000000000 0.000165343 0.000102083 -0.000818593 -0.000165341 1.000000000 -0.000022137 0.000405880 -0.000102086 0.000022120 1.000000000 -0.001724715
1.000000000 0.000166781 0.000101877 -0.000461398 -0.000166785 1.000000000 0.000044902 0.000355079 -0.000101870 -0.000044919 1.000000000 -0.000888450
1.000000000 0.000025360 0.000045925 -0.001709779 -0.000025358 1.000000000 -0.000044079 0.000926192 -0.000045926 0.000044078 1.000000000 -0.002547671
1.000000000 0.000148319 0.000166295 -0.004110625 -0.000148322 1.000000000 0.000017213 0.001341586 -0.000166293 -0.000017237 1.000000000 -0.003886892
1.000000000 -0.000093133 0.000063350 -0.000800258 0.000093131 1.000000000 0.000031553 -0.000460098 -0.000063353 -0.000031547 1.000000000 -0.000040517
1.000000000 0.000071494 0.000066985 -0.000208932 -0.000071492 1.000000000 -0.000016043 0.000793513 -0.000066986 0.000016038 1.000000000 -0.001834462
1.000000000 -0.000006446 0.000041462 -0.000073057 0.000006445 1.000000000 0.000022612 0.000750962 -0.000041462 -0.000022612 1.000000000 -0.003092390
1.000000000 -0.000077318 0.000054217 -0.001811979 0.000077316 1.000000000 0.000032666 0.000249915 -0.000054219 -0.000032662 1.000000000 -0.002217678
1.000000000 0.000058418 0.000122922 -0.001703328 -0.000058426 1.000000000 0.000063248 -0.000871030 -0.000122918 -0.000063256 1.000000000 -0.003949282
1.000000000 0.000103365 0.000066869 -0.000390686 -0.000103367 1.000000000 0.000041887 0.001503381 -0.000066865 -0.000041894 1.000000000 -0.004082928
1.000000000 -0.000095710 -0.000000420 -0.000904527 0.000095710 1.000000000 0.000011787 0.000749083 0.000000419 -0.000011787 1.000000000 -0.005372684
1.000000000 0.000027843 0.000054833 -0.000468008 -0.000027844 1.000000000 0.000028511 0.000215305 -0.000054832 -0.000028513 1.000000000 -0.006695346
1.000000000 -0.000054919 0.000018246 -0.000186077 0.000054918 1.000000000 0.000032604 -0.001322021 -0.000018248 -0.000032603 1.000000000 -0.004409703
1.000000000 0.000088696 0.000154714 -0.005467467 -0.000088680 1.000000000 -0.000100481 0.002403667 -0.000154723 0.000100467 1.000000000 0.004308270
1.000000000 0.000004426 0.000036583 0.000343396 -0.000004427 1.000000000 0.000018454 -0.000151087 -0.000036583 -0.000018454 1.000000000 -0.000647730
1.000000000 -0.000040098 0.000075074 -0.001976607 0.000040098 1.000000000 0.000005233 0.001159921 -0.000075074 -0.000005230 1.000000000 0.000426049
1.000000000 -0.000048128 -0.000013889 0.000746938 0.000048128 1.000000000 -0.000023428 0.001003275 0.000013890 0.000023427 1.000000000 -0.003419174
1.000000000 -0.000126900 0.000083441 -0.002587272 0.000126905 1.000000000 -0.000058108 0.002233281 -0.000083433 0.000058118 1.000000000 0.000917328
1.000000000 0.000131063 0.000147153 -0.004273826 -0.000131054 1.000000000 -0.000064751 0.002163292 -0.000147161 0.000064731 1.000000000 0.000102819
1.000000000 -0.000085009 0.000062811 -0.001921038 0.000085004 1.000000000 0.000073505 0.000125311 -0.000062817 -0.000073500 1.000000000 0.000001052
1.000000000 -0.000122740 0.000026147 -0.002498597 0.000122740 1.000000000 0.000004172 0.001660436 -0.000026147 -0.000004169 1.000000000 0.001090576
1.000000000 -0.000017700 0.000022078 -0.001647812 0.000017701 1.000000000 -0.000035372 0.000812264 -0.000022077 0.000035373 1.000000000 0.001793961
1.000000000 -0.000070793 0.000074678 -0.003283721 0.000070790 1.000000000 0.000038242 0.000702274 -0.000074681 -0.000038237 1.000000000 0.003061085
1.000000000 -0.000123763 0.000036813 -0.002889617 0.000123763 1.000000000 -0.000020665 0.000794752 -0.000036811 0.000020670 1.000000000 -0.000511060
1.000000000 -0.000028526 0.000016637 -0.000646238 0.000028526 1.000000000 0.000033479 -0.000737332 -0.000016638 -0.000033478 1.000000000 -0.001950291
0.999999940 0.000198707 0.000167174 -0.004147674 -0.000198701 1.000000000 -0.000034793 0.001094145 -0.000167181 0.000034760 1.000000000 0.000639470
1.000000000 -0.000015032 0.000022053 -0.000904687 0.000015031 1.000000000 0.000030204 0.000415420 -0.000022053 -0.000030204 1.000000000 -0.001520038
1.000000000 0.000027764 0.000046269 -0.002402858 -0.000027765 1.000000000 0.000005983 0.001269905 -0.000046269 -0.000005984 1.000000000 -0.002577344
1.000000000 -0.000085215 0.000016113 -0.000622044 0.000085216 1.000000000 -0.000088849 0.001222689 -0.000016105 0.000088850 1.000000000 -0.003294637
1.000000000 -0.000015526 0.000119773 -0.003496096 0.000015529 1.000000000 -0.000024653 0.001047129 -0.000119773 0.000024654 1.000000000 0.000784914
1.000000000 -0.000064302 0.000004403 -0.000275966 0.000064302 1.000000000 0.000018726 0.000346505 -0.000004404 -0.000018725 1.000000000 -0.001500545
1.000000000 -0.000149284 -0.000026682 0.000794974 0.000149285 1.000000000 0.000051865 -0.000742669 0.000026674 -0.000051869 1.000000000 -0.000619289
1.000000000 0.000027743 0.000102666 0.002429199 -0.000027698 0.999999881 -0.000436922 -0.005803775 -0.000102678 0.000436919 0.999999881 0.048272938
1.000000000 -0.000040109 0.000087475 0.002948795 0.000040216 0.999999285 -0.001218560 -0.002972040 -0.000087427 0.001218564 0.999999225 0.146693185
1.000000000 -0.000066683 0.000013567 0.005595798 0.000066702 0.999998987 -0.001411502 -0.010724927 -0.000013473 0.001411503 0.999998987 0.260459512
1.000000000 0.000030569 0.000170643 0.004214026 -0.000030346 0.999999166 -0.001307747 -0.015187019 -0.000170683 0.001307742 0.999999106 0.391921580
1.000000000 0.000136951 0.000050312 0.006628343 -0.000136902 0.999999523 -0.000962743 -0.023547007 -0.000050444 0.000962736 0.999999523 0.533369362
1.000000000 0.000122432 0.000037790 0.007636415 -0.000122403 0.999999702 -0.000770290 -0.031787068 -0.000037885 0.000770285 0.999999702 0.684427381
1.000000000 0.000035756 0.000106207 0.009599593 -0.000035694 0.999999821 -0.000583205 -0.037418764 -0.000106228 0.000583201 0.999999821 0.860773146
1.000000000 0.000001673 -0.000140906 0.022381978 -0.000001747 0.999999881 -0.000523547 -0.036251195 0.000140905 0.000523548 0.999999881 1.027366757
0.999999881 0.000446621 0.000117444 0.009728740 -0.000446566 0.999999762 -0.000465959 -0.046429630 -0.000117652 0.000465907 0.999999881 1.220848799
0.999999940 -0.000051839 -0.000295573 0.027326498 0.000051776 1.000000000 -0.000214664 -0.055590887 0.000295584 0.000214648 0.999999940 1.418269992
0.999999821 0.000547239 0.000303061 0.023924839 -0.000547209 0.999999821 -0.000099240 -0.057386469 -0.000303115 0.000099074 0.999999940 1.579795361
0.999999583 0.000664065 0.000644425 0.021812525 -0.000663989 0.999999762 -0.000118741 -0.059543040 -0.000644503 0.000118313 0.999999762 1.778304338
0.999999821 0.000524764 0.000296459 0.027767390 -0.000524795 0.999999881 0.000104319 -0.065276407 -0.000296405 -0.000104474 0.999999940 1.986637950
0.999999881 0.000454559 0.000268567 0.034724277 -0.000454513 0.999999940 -0.000170195 -0.068484761 -0.000268645 0.000170073 1.000000000 2.208483934
0.999999702 0.000731288 0.000307980 0.032325972 -0.000731365 0.999999642 0.000249534 -0.081173845 -0.000307797 -0.000249759 0.999999881 2.412483931
0.999999583 0.000881372 0.000306639 0.036446754 -0.000881530 0.999999464 0.000512764 -0.091887057 -0.000306187 -0.000513034 0.999999821 2.640461206
0.999999821 0.000415846 0.000385429 0.038324308 -0.000416111 0.999999702 0.000687970 -0.102633789 -0.000385143 -0.000688131 0.999999702 2.867422104
0.999999762 0.000487333 0.000333432 0.050997317 -0.000487624 0.999999523 0.000872025 -0.110772431 -0.000333007 -0.000872188 0.999999523 3.102035761
0.999999940 0.000273946 0.000152267 0.052780975 -0.000273995 0.999999881 0.000324888 -0.110593155 -0.000152178 -0.000324929 0.999999881 3.351906776
0.999999940 0.000368912 0.000033971 0.056459669 -0.000368926 0.999999881 0.000412196 -0.115202695 -0.000033819 -0.000412209 0.999999940 3.596199751
0.999999821 0.000482638 0.000262955 0.059231572 -0.000482859 0.999999523 0.000841974 -0.127957478 -0.000262549 -0.000842101 0.999999583 3.852583885
0.999999881 0.000432455 0.000305672 0.072520681 -0.000432629 0.999999702 0.000569286 -0.130955696 -0.000305425 -0.000569418 0.999999702 4.107347488
0.999999881 0.000351324 0.000325586 0.068242066 -0.000351578 0.999999642 0.000780510 -0.137902215 -0.000325312 -0.000780624 0.999999642 4.364691734
1.000000000 -0.000104620 -0.000076111 0.088847063 0.000104693 0.999999523 0.000952583 -0.149638623 0.000076011 -0.000952591 0.999999523 4.614931583
0.999999940 -0.000025029 0.000300180 0.084927507 0.000024665 0.999999285 0.001212920 -0.159544945 -0.000300210 -0.001212913 0.999999225 4.856585503
1.000000000 -0.000094960 0.000191319 0.085144781 0.000094729 0.999999285 0.001210281 -0.170718253 -0.000191434 -0.001210263 0.999999285 5.107103348
0.999999821 0.000043780 0.000439790 0.096107595 -0.000044288 0.999999344 0.001156387 -0.172316343 -0.000439739 -0.001156406 0.999999225 5.389539719
0.999999702 0.000198041 0.000696143 0.098277785 -0.000198756 0.999999523 0.001026327 -0.178072378 -0.000695939 -0.001026465 0.999999225 5.659843922
1.000000000 0.000228645 0.000313038 0.099454895 -0.000229028 0.999999344 0.001225134 -0.195738226 -0.000312757 -0.001225206 0.999999225 5.932819843
1.000000000 0.000124510 0.000216328 0.107343875 -0.000124791 0.999999106 0.001302449 -0.208917364 -0.000216165 -0.001302476 0.999999166 6.190782547
0.999999702 0.000620348 0.000510887 0.113202631 -0.000620998 0.999998987 0.001273760 -0.211246774 -0.000510096 -0.001274077 0.999999106 6.483392239
0.999999881 0.000184294 0.000503772 0.114771180 -0.000185018 0.999998927 0.001438499 -0.221380562 -0.000503506 -0.001438592 0.999998868 6.784651279
0.999999762 -0.000245150 0.000608706 0.126904055 0.000244189 0.999998748 0.001579015 -0.234231576 -0.000609092 -0.001578866 0.999998629 7.070583820
0.999999940 -0.000125123 0.000290675 0.132467642 0.000124757 0.999999225 0.001259611 -0.239242792 -0.000290832 -0.001259575 0.999999166 7.371940613
1.000000000 -0.000291409 0.000186740 0.141210809 0.000291192 0.999999285 0.001162478 -0.251024842 -0.000187078 -0.001162424 0.999999285 7.678073883
0.999999881 -0.000024827 0.000490244 0.146345198 0.000024114 0.999999046 0.001453652 -0.265388966 -0.000490279 -0.001453640 0.999998808 8.010588646
0.999999821 0.000418918 0.000335654 0.160015702 -0.000419457 0.999998569 0.001608362 -0.280301750 -0.000334980 -0.001608503 0.999998569 8.321321487
0.999999821 0.000066031 0.000429738 0.165258512 -0.000066614 0.999999046 0.001357838 -0.287899494 -0.000429648 -0.001357867 0.999998927 8.634663582
0.999999821 -0.000543951 0.000167085 0.170578063 0.000543695 0.999998689 0.001528141 -0.297351867 -0.000167916 -0.001528051 0.999998808 8.969058990
0.999999762 -0.000408063 0.000609876 0.172076598 0.000407303 0.999999166 0.001246750 -0.302379757 -0.000610384 -0.001246502 0.999998987 9.316601753
0.999999881 -0.000030257 0.000503996 0.181789175 0.000029470 0.999998927 0.001560263 -0.315108001 -0.000504042 -0.001560248 0.999998569 9.638924599
0.999999881 -0.000026389 0.000527094 0.189674675 0.000025633 0.999998987 0.001434498 -0.324096650 -0.000527131 -0.001434484 0.999998808 9.978796005
0.999999881 -0.000117176 0.000356979 0.204684034 0.000116488 0.999998271 0.001925974 -0.343340665 -0.000357204 -0.001925933 0.999998093 10.330483437
0.999999940 0.000244383 0.000427081 0.205236271 -0.000245336 0.999997497 0.002234289 -0.354845583 -0.000426533 -0.002234393 0.999997437 10.692058563
0.999999940 -0.000016810 0.000414192 0.214724049 0.000015954 0.999997795 0.002065338 -0.364387333 -0.000414226 -0.002065331 0.999997795 11.066759109
0.999999821 -0.000100065 0.000464864 0.224516943 0.000099017 0.999997377 0.002254547 -0.379426122 -0.000465088 -0.002254500 0.999997377 11.434972763
0.999999881 -0.000252690 0.000394910 0.231599793 0.000251744 0.999997079 0.002392911 -0.389237791 -0.000395513 -0.002392811 0.999997079 11.818089485
0.999999702 0.000145601 0.000638583 0.244143888 -0.000147422 0.999995768 0.002852269 -0.405589968 -0.000638166 -0.002852363 0.999995768 12.180540085
0.999999583 -0.000135891 0.000833451 0.240735635 0.000133361 0.999995351 0.003034924 -0.420688033 -0.000833860 -0.003034812 0.999995053 12.569930077
0.999999702 -0.000152298 0.000705456 0.252906293 0.000150690 0.999997377 0.002279128 -0.421535552 -0.000705802 -0.002279021 0.999997139 12.976759911
0.999999762 0.000139144 0.000688978 0.267209888 -0.000140934 0.999996662 0.002597673 -0.442527711 -0.000688614 -0.002597769 0.999996364 13.370363235
0.999999642 0.000231908 0.000777546 0.275831878 -0.000234084 0.999996066 0.002798815 -0.450014949 -0.000776894 -0.002798995 0.999995768 13.778844833
0.999999344 0.000377410 0.001076173 0.278451800 -0.000380740 0.999995053 0.003095707 -0.464584738 -0.001074999 -0.003096115 0.999994576 14.176093102
0.999999404 -0.000040873 0.001049189 0.287922740 0.000037989 0.999996185 0.002748283 -0.488038689 -0.001049297 -0.002748241 0.999995649 14.618042946
0.999999225 -0.000518688 0.001118652 0.302227885 0.000515163 0.999994993 0.003149026 -0.502628267 -0.001120280 -0.003148448 0.999994397 15.024860382
0.999998629 -0.000932382 0.001365215 0.313669741 0.000927841 0.999994040 0.003322999 -0.511744618 -0.001368305 -0.003321728 0.999993563 15.466980934
0.999998569 -0.000460526 0.001628079 0.330112994 0.000454832 0.999993801 0.003496578 -0.542094767 -0.001629679 -0.003495833 0.999992549 15.882290840
0.999998033 -0.001241563 0.001569543 0.344099849 0.001235011 0.999990582 0.004168813 -0.557502687 -0.001574704 -0.004166866 0.999990046 16.320690155
0.999998569 -0.001050998 0.001297857 0.356616080 0.001046115 0.999992371 0.003757058 -0.570513427 -0.001301796 -0.003755695 0.999992132 16.758714676
0.999997675 -0.000797536 0.001961449 0.370789409 0.000790146 0.999992609 0.003765393 -0.578113019 -0.001964438 -0.003763835 0.999991000 17.212194443
0.999997914 -0.000256594 0.001997643 0.379221231 0.000248929 0.999992669 0.003836298 -0.589806080 -0.001998613 -0.003835793 0.999990642 17.671297073
0.999996126 -0.000880466 0.002629715 0.389419496 0.000870017 0.999991715 0.003972271 -0.605166554 -0.002633191 -0.003969968 0.999988675 18.123695374
0.999995470 -0.000597451 0.002923555 0.402050257 0.000585996 0.999992132 0.003917456 -0.613262057 -0.002925873 -0.003915726 0.999988079 18.589660645
0.999994636 -0.000812238 0.003184875 0.410339475 0.000800664 0.999993086 0.003633760 -0.628486097 -0.003187805 -0.003631191 0.999988377 19.070962906
0.999995947 -0.001348461 0.002503638 0.446946651 0.001338967 0.999991834 0.003789935 -0.646641493 -0.002508729 -0.003786567 0.999989748 19.535961151
0.999995053 -0.001036477 0.002966626 0.433892250 0.001023161 0.999989390 0.004486381 -0.664734244 -0.002971245 -0.004483323 0.999985516 20.004547119
0.999995410 -0.001527809 0.002610608 0.450783670 0.001516239 0.999989033 0.004428077 -0.679404378 -0.002617345 -0.004424099 0.999986768 20.483169556
0.999994278 -0.000606385 0.003336280 0.443034500 0.000591010 0.999989212 0.004607391 -0.701602638 -0.003339038 -0.004605392 0.999983847 20.999584198
0.999995947 -0.000745668 0.002743983 0.455260307 0.000732471 0.999988198 0.004807509 -0.712998390 -0.002747535 -0.004805480 0.999984741 21.505067825
0.999996901 -0.001389476 0.002069670 0.478686959 0.001378530 0.999985158 0.005281043 -0.727062345 -0.002076977 -0.005278174 0.999983966 22.003490448
0.999997795 -0.001408108 0.001573391 0.477965057 0.001399893 0.999985576 0.005210023 -0.751419902 -0.001580705 -0.005207809 0.999985218 22.485538483
0.999998212 -0.001564810 0.001094782 0.479617566 0.001558523 0.999982417 0.005720278 -0.770653605 -0.001103713 -0.005718563 0.999983072 22.993394852
0.999998152 -0.001898494 -0.000200507 0.497740865 0.001899520 0.999984384 0.005249162 -0.779511631 0.000190538 -0.005249533 0.999986231 23.517349243
0.999996483 -0.002585020 -0.000493897 0.506246209 0.002587510 0.999983549 0.005107976 -0.792484045 0.000480684 -0.005109236 0.999986827 24.027465820
0.999997318 -0.001984475 -0.001131416 0.515413284 0.001990281 0.999984741 0.005153857 -0.803110778 0.001121171 -0.005156095 0.999986053 24.549846649
0.999997497 -0.001540286 -0.001620584 0.523451030 0.001548524 0.999985814 0.005094151 -0.810219526 0.001612715 -0.005096647 0.999985695 25.086236954
0.999996126 -0.001703853 -0.002212924 0.528310955 0.001716068 0.999983251 0.005529943 -0.825504482 0.002203465 -0.005533719 0.999982238 25.608245850
0.999995530 -0.001324161 -0.002676348 0.536599338 0.001338868 0.999983966 0.005500797 -0.841368079 0.002669021 -0.005504356 0.999981284 26.152238846
0.999993563 -0.002013900 -0.002945521 0.548418880 0.002032472 0.999978125 0.006315983 -0.853577971 0.002932737 -0.006321932 0.999975741 26.703229904
0.999990940 -0.002067142 -0.003728059 0.562557161 0.002089954 0.999979019 0.006125432 -0.869359732 0.003715319 -0.006133168 0.999974310 27.229501724
0.999991894 -0.001384651 -0.003760500 0.569278002 0.001406752 0.999981701 0.005880975 -0.882939875 0.003752288 -0.005886218 0.999975622 27.765455246
0.999989033 -0.001675595 -0.004371992 0.579066634 0.001702359 0.999979794 0.006125148 -0.897681952 0.004361641 -0.006132524 0.999971628 28.300971985
0.999984264 -0.002432196 -0.005051950 0.594256818 0.002465585 0.999975085 0.006613489 -0.916593552 0.005035739 -0.006625841 0.999965370 28.832244873
0.999980688 -0.002599281 -0.005645295 0.606017649 0.002637540 0.999973476 0.006780264 -0.929671884 0.005627521 -0.006795024 0.999961078 29.369899750
0.999981880 -0.002088445 -0.005644678 0.608163655 0.002125799 0.999975801 0.006619820 -0.940971553 0.005630718 -0.006631698 0.999962151 29.892070770
0.999980867 -0.002080579 -0.005822178 0.611061811 0.002118558 0.999976456 0.006524695 -0.956496239 0.005808467 -0.006536905 0.999961734 30.437423706
0.999979794 -0.002050214 -0.006032907 0.621819973 0.002092424 0.999973238 0.006998601 -0.969602466 0.006018398 -0.007011083 0.999957323 30.976308823
0.999979436 -0.001802050 -0.006155645 0.622053683 0.001842358 0.999976873 0.006548692 -0.980838060 0.006143701 -0.006559899 0.999959588 31.517419815
0.999977052 -0.002257191 -0.006383636 0.631435812 0.002299942 0.999974966 0.006697505 -0.997812033 0.006368358 -0.006712032 0.999957204 32.052104950
0.999974668 -0.002395194 -0.006706384 0.637986064 0.002444422 0.999970019 0.007341847 -1.010797024 0.006688599 -0.007358055 0.999950528 32.584846497
0.999976218 -0.002411547 -0.006461672 0.620794892 0.002457189 0.999972045 0.007064769 -1.026751518 0.006444454 -0.007080479 0.999954164 33.090644836
0.999973238 -0.001963654 -0.007044579 0.636601567 0.002011030 0.999975383 0.006724430 -1.038674831 0.007031203 -0.006738417 0.999952555 33.637985229
0.999980509 -0.000443078 -0.006226308 0.629302382 0.000482803 0.999979556 0.006379986 -1.052048802 0.006223353 -0.006382868 0.999960244 34.181957245
0.999976099 -0.001236900 -0.006792331 0.630528152 0.001279962 0.999979138 0.006339085 -1.056878090 0.006784349 -0.006347629 0.999956787 34.692646027
0.999968886 -0.002297168 -0.007565944 0.665135980 0.002351567 0.999971390 0.007188884 -1.086743116 0.007549214 -0.007206452 0.999945521 35.229633331
0.999967337 -0.002092292 -0.007802148 0.649614930 0.002143004 0.999976575 0.006496953 -1.079463124 0.007788372 -0.006513461 0.999948382 35.838550568
0.999970019 -0.002492292 -0.007328693 0.663221836 0.002550949 0.999964714 0.008005209 -1.131750345 0.007308484 -0.008023664 0.999941111 36.274955750
0.999970436 -0.002113549 -0.007399523 0.640424728 0.002168946 0.999969602 0.007486596 -1.136927843 0.007383476 -0.007502424 0.999944568 36.780921936
0.999966860 -0.003310783 -0.007452636 0.657827199 0.003370676 0.999962032 0.008038297 -1.156786084 0.007425741 -0.008063151 0.999939919 37.335788727
0.999966979 -0.002736209 -0.007662119 0.662059009 0.002800308 0.999961138 0.008367512 -1.171281815 0.007638927 -0.008388693 0.999935627 37.871902466
0.999974191 -0.000781638 -0.007141506 0.688612103 0.000834133 0.999972641 0.007350581 -1.152082443 0.007135565 -0.007356348 0.999947488 38.328281403
0.999969900 -0.001590860 -0.007601765 0.743487597 0.001659474 0.999957860 0.009028207 -1.213456154 0.007587084 -0.009040549 0.999930322 38.830390930
0.999958694 -0.003100214 -0.008548353 0.738679647 0.003180364 0.999951065 0.009378500 -1.224951863 0.008518856 -0.009405299 0.999919474 39.381568909
0.999959826 -0.002603647 -0.008574803 0.727915525 0.002671166 0.999965429 0.007872046 -1.210418940 0.008554009 -0.007894634 0.999932230 39.982173920
0.999959230 -0.002449386 -0.008683435 0.742584705 0.002515629 0.999967694 0.007626050 -1.222934484 0.008664476 -0.007647585 0.999933183 40.522201538
0.999958575 -0.002145384 -0.008841441 0.742317557 0.002216460 0.999965250 0.008036975 -1.234300375 0.008823889 -0.008056239 0.999928534 41.047031403
0.999954879 -0.001900133 -0.009303909 0.761540174 0.001974760 0.999965906 0.008018362 -1.245982051 0.009288356 -0.008036373 0.999924541 41.585697174
0.999957263 -0.002113564 -0.008993750 0.760558546 0.002186159 0.999965072 0.008069505 -1.259923339 0.008976382 -0.008088822 0.999926984 42.124454498
0.999950826 -0.003138607 -0.009406617 0.770156026 0.003223278 0.999954283 0.008999621 -1.289418459 0.009377942 -0.009029498 0.999915242 42.651363373
0.999953032 -0.002771388 -0.009290288 0.773277402 0.002852157 0.999958158 0.008692087 -1.296669364 0.009265810 -0.008718175 0.999919057 43.184612274
0.999952316 -0.002890578 -0.009322768 0.778700411 0.002966524 0.999962389 0.008142890 -1.299763322 0.009298882 -0.008170158 0.999923408 43.719314575
0.999953449 -0.002851545 -0.009219517 0.786720514 0.002928685 0.999960721 0.008364312 -1.313699603 0.009195303 -0.008390924 0.999922514 44.252609253
0.999949574 -0.003469878 -0.009419417 0.795742393 0.003549990 0.999957681 0.008501736 -1.329086304 0.009389517 -0.008534748 0.999919415 44.788852692
0.999952674 -0.002759551 -0.009330146 0.794640303 0.002835146 0.999963105 0.008098635 -1.334065437 0.009307454 -0.008124703 0.999923706 45.320526123
0.999949813 -0.003096874 -0.009524867 0.807180285 0.003177095 0.999959528 0.008418667 -1.352923512 0.009498412 -0.008448506 0.999919176 45.853252411
0.999951720 -0.002665245 -0.009452409 0.807911456 0.002743838 0.999961734 0.008311410 -1.365025997 0.009429896 -0.008336945 0.999920785 46.420745850
0.999952793 -0.002558743 -0.009366857 0.803153872 0.002633351 0.999964833 0.007961412 -1.361610770 0.009346157 -0.007985703 0.999924421 46.930183411
0.999942780 -0.003036884 -0.010252162 0.830824256 0.003118019 0.999963939 0.007907194 -1.378816962 0.010227780 -0.007938708 0.999916196 47.487926483
0.999951541 -0.002595564 -0.009497484 0.812977433 0.002671430 0.999964535 0.007984200 -1.386609912 0.009476423 -0.008009186 0.999922991 48.002170563
0.999946058 -0.002744762 -0.010017888 0.827147663 0.002822874 0.999965608 0.007791461 -1.398870349 0.009996158 -0.007819319 0.999919474 48.525547028
0.999949932 -0.002330058 -0.009724326 0.834180355 0.002407481 0.999965370 0.007957687 -1.412395120 0.009705449 -0.007980699 0.999921024 49.057323456
0.999947727 -0.002510501 -0.009921136 0.837564945 0.002589442 0.999964952 0.007952003 -1.421129227 0.009900827 -0.007977276 0.999919176 49.582111359
0.999950588 -0.002457961 -0.009633803 0.842195392 0.002533242 0.999966264 0.007809897 -1.435835958 0.009614283 -0.007833916 0.999923050 50.112632751
0.999949932 -0.002507933 -0.009678987 0.847720742 0.002584048 0.999965787 0.007859449 -1.443911433 0.009658942 -0.007884067 0.999922276 50.634975433
0.999949753 -0.002459778 -0.009718728 0.846457243 0.002542012 0.999961019 0.008458178 -1.458926916 0.009697542 -0.008482459 0.999916971 51.163887024
0.999955237 -0.001815392 -0.009286554 0.843045413 0.001897388 0.999959230 0.008828346 -1.476932406 0.009270146 -0.008845570 0.999917865 51.693103790
0.999954402 -0.001938109 -0.009342411 0.854106963 0.002014247 0.999964714 0.008147249 -1.485769272 0.009326291 -0.008165697 0.999923110 52.207950592
0.999959946 -0.001877722 -0.008749776 0.840871036 0.001952534 0.999961555 0.008549484 -1.495396852 0.008733385 -0.008566225 0.999925137 52.762359619
0.999959826 -0.002447964 -0.008623349 0.839097857 0.002522687 0.999959290 0.008665005 -1.514391184 0.008601787 -0.008686410 0.999925256 53.251564026
0.999953449 -0.002098901 -0.009413616 0.856278896 0.002180582 0.999959946 0.008675108 -1.535129905 0.009395030 -0.008695233 0.999918044 53.783779144
0.999961734 -0.000670573 -0.008725681 0.892261028 0.000745443 0.999963045 0.008579951 -1.549388885 0.008719603 -0.008586127 0.999925137 54.201709747
0.999957800 -0.001080759 -0.009123154 0.888373196 0.001155142 0.999966025 0.008151973 -1.532555938 0.009114034 -0.008162170 0.999925137 54.936138153
0.999968588 0.000136970 -0.007928458 0.856413186 -0.000066267 0.999960244 0.008917239 -1.582665205 0.007929364 -0.008916434 0.999928832 55.229133606
0.999965966 -0.000255006 -0.008245759 0.890886545 0.000327190 0.999961615 0.008753857 -1.596291304 0.008243210 -0.008756256 0.999927700 55.736175537
0.999963462 -0.000454433 -0.008538050 0.924852371 0.000529222 0.999961495 0.008759326 -1.585635662 0.008533740 -0.008763527 0.999925196 56.227802277
0.999958158 -0.000956398 -0.009092606 0.940131783 0.001038708 0.999958515 0.009051997 -1.605083942 0.009083571 -0.009061065 0.999917626 56.763332367
0.999954224 -0.001452181 -0.009452575 0.959617972 0.001532410 0.999962866 0.008485864 -1.612740874 0.009439899 -0.008499961 0.999919295 57.291221619
0.999965608 -0.000189102 -0.008293135 0.953273058 0.000260804 0.999962568 0.008645781 -1.617952585 0.008291192 -0.008647647 0.999928236 57.819442749
0.999962747 -0.000386189 -0.008625635 0.965572536 0.000459254 0.999963939 0.008470279 -1.624793291 0.008622055 -0.008473923 0.999926925 58.343341827
0.999963760 -0.000086431 -0.008516538 0.971672058 0.000158918 0.999963701 0.008510994 -1.640581846 0.008515493 -0.008512037 0.999927521 58.885887146
0.999960542 -0.000597065 -0.008861592 0.982439518 0.000678615 0.999957383 0.009202475 -1.650875330 0.008855721 -0.009208125 0.999918342 59.373046875
0.999958515 -0.000928940 -0.009065434 0.994793713 0.001007729 0.999961674 0.008690483 -1.665715694 0.009057014 -0.008699258 0.999921143 59.913986206
0.999960721 -0.000521761 -0.008846132 1.014104128 0.000602690 0.999957919 0.009148306 -1.674749374 0.008840987 -0.009153279 0.999918997 60.451553345
0.999955297 -0.001078157 -0.009393236 1.035311460 0.001170983 0.999950409 0.009882322 -1.701748252 0.009382114 -0.009892878 0.999907076 60.971809387
0.999957979 -0.001202165 -0.009084168 1.026375532 0.001287342 0.999955177 0.009376326 -1.693528652 0.009072489 -0.009387627 0.999914765 61.502868652
0.999958634 0.000211278 -0.009095810 1.121597528 -0.000124677 0.999954641 0.009520492 -1.695340514 0.009097409 -0.009518962 0.999913275 62.093620300
0.999959111 0.000481654 -0.009030626 1.133286357 -0.000393630 0.999952435 0.009746500 -1.753135681 0.009034889 -0.009742547 0.999911726 62.522888184
0.999956906 0.000437012 -0.009268107 1.180315614 -0.000338424 0.999943435 0.010636293 -1.768884659 0.009272230 -0.010632700 0.999900460 63.048725128
0.999948621 0.000089291 -0.010135588 1.246803164 0.000005632 0.999956131 0.009364854 -1.734973192 0.010135978 -0.009364429 0.999904811 63.606483459
0.999957263 0.002502548 -0.008902781 1.301068068 -0.002411884 0.999945223 0.010179972 -1.770300388 0.008927769 -0.010158064 0.999908507 64.104202271
0.999948144 -0.001012221 -0.010138623 1.124399424 0.001107147 0.999955595 0.009361617 -1.723913431 0.010128697 -0.009372355 0.999904752 64.613281250
0.999965549 0.000230823 -0.008315139 1.032942295 -0.000152527 0.999955595 0.009415442 -1.780550361 0.008316945 -0.009413850 0.999921083 64.871238708
0.999963820 -0.000182614 -0.008512457 1.042483211 0.000248302 0.999970138 0.007716191 -1.778170228 0.008510794 -0.007718024 0.999934018 65.421707153
0.999969065 0.001335429 -0.007759022 1.039516449 -0.001279434 0.999973059 0.007217243 -1.785529375 0.007768453 -0.007207092 0.999943852 65.976081848
0.999963343 0.003213993 -0.007935854 1.154765487 -0.003138326 0.999949634 0.009528956 -1.901012421 0.007966080 -0.009503703 0.999923110 66.091217041
0.999957442 0.000799174 -0.009183753 1.190150738 -0.000715944 0.999958754 0.009062464 -1.818286419 0.009190616 -0.009055504 0.999916792 67.304298401
0.999964476 0.002555618 -0.008027977 1.172119141 -0.002479551 0.999952078 0.009471048 -1.924222946 0.008051797 -0.009450807 0.999922931 67.165466309
0.999965489 0.002657164 -0.007860458 1.142737865 -0.002581424 0.999950230 0.009630173 -1.934346437 0.007885654 -0.009609549 0.999922752 67.665664673
0.999965608 0.002856635 -0.007786358 1.147783637 -0.002781893 0.999950111 0.009593074 -1.948509693 0.007813375 -0.009571083 0.999923646 68.233856201
0.999961436 0.002424983 -0.008442072 1.162068248 -0.002345978 0.999953508 0.009355803 -1.958721280 0.008464367 -0.009335636 0.999920607 68.755546570
0.999959469 0.000349283 -0.009010586 1.181342244 -0.000266659 0.999957919 0.009169259 -1.985994458 0.009013409 -0.009166484 0.999917388 69.293693542
0.999964535 0.001362598 -0.008311743 1.179173708 -0.001284640 0.999955177 0.009377419 -1.994126916 0.008324148 -0.009366409 0.999921501 69.832275391
0.999963999 0.001765677 -0.008298534 1.190145493 -0.001690314 0.999957323 0.009079784 -2.002025127 0.008314212 -0.009065431 0.999924362 70.364631653
0.999964833 0.001932406 -0.008158697 1.203102589 -0.001856844 0.999955416 0.009258925 -2.016918182 0.008176226 -0.009243449 0.999923885 70.905715942
0.999964714 0.001913389 -0.008182579 1.201397896 -0.001843105 0.999961436 0.008588434 -2.016803741 0.008198696 -0.008573050 0.999929667 71.431777954
0.999964714 0.001589784 -0.008250118 1.220515847 -0.001519925 0.999962986 0.008466919 -2.017297268 0.008263273 -0.008454081 0.999930143 71.994415283
0.999968946 0.001916463 -0.007645729 1.224129677 -0.001851633 0.999962330 0.008477420 -2.031186581 0.007661688 -0.008462999 0.999934793 72.544944763
0.999968112 0.001836159 -0.007761324 1.213596702 -0.001772223 0.999964535 0.008236551 -2.032991171 0.007776174 -0.008222533 0.999935985 73.124969482
0.999968052 0.001552113 -0.007842151 1.236704111 -0.001486002 0.999963343 0.008428952 -2.065909147 0.007854946 -0.008417029 0.999933660 73.671669006
0.999967575 0.002076399 -0.007780922 1.248690248 -0.002011992 0.999963760 0.008276224 -2.074388504 0.007797824 -0.008260300 0.999935508 74.196876526
0.999966919 0.001985698 -0.007886396 1.252760172 -0.001920774 0.999964297 0.008231361 -2.087471724 0.007902459 -0.008215941 0.999935031 74.764045715
0.999967694 0.001662081 -0.007863412 1.273231268 -0.001598854 0.999966323 0.008040174 -2.103291273 0.007876513 -0.008027342 0.999936700 75.286743164
0.999966979 0.002583232 -0.007704596 1.268046618 -0.002518741 0.999961793 0.008368333 -2.111889362 0.007725921 -0.008348653 0.999935329 75.833602905
0.999966264 0.002790870 -0.007721337 1.282350063 -0.002729573 0.999964714 0.007937834 -2.124944925 0.007743218 -0.007916491 0.999938607 76.378677368
0.999966443 0.002286734 -0.007863433 1.297272921 -0.002223867 0.999965489 0.007994363 -2.132904530 0.007881444 -0.007976607 0.999937057 76.924232483
0.999965608 0.002207341 -0.007987891 1.301400304 -0.002143102 0.999965370 0.008041833 -2.148558140 0.008005363 -0.008024438 0.999935746 77.471763611
0.999964893 0.002626953 -0.007954485 1.315558910 -0.002567228 0.999968529 0.007509263 -2.158728361 0.007973961 -0.007488578 0.999940157 78.044578552
0.999976277 0.002307441 -0.006491895 1.331835985 -0.002256957 0.999967217 0.007773154 -2.177238703 0.006509618 -0.007758318 0.999948680 78.581779480
0.999982238 0.002503897 -0.005392406 1.347220421 -0.002462111 0.999966979 0.007741836 -2.192041636 0.005411612 -0.007728424 0.999955475 79.136520386
0.999988139 0.003116263 -0.003733819 1.356934786 -0.003088015 0.999966741 0.007547292 -2.208869219 0.003757214 -0.007535670 0.999964535 79.673423767
0.999991715 0.002756339 -0.002973898 1.368841410 -0.002732275 0.999963701 0.008065620 -2.222859859 0.002996023 -0.008057427 0.999962986 80.227462769
0.999994516 0.003232603 0.000693352 1.386352777 -0.003238027 0.999962986 0.007970502 -2.240419388 -0.000667561 -0.007972702 0.999967933 80.773033142
0.999988556 0.003200600 0.003548329 1.424998164 -0.003228965 0.999962568 0.008017340 -2.262386799 -0.003522536 -0.008028705 0.999961555 81.318649292
0.999972284 0.003373980 0.006638092 1.446043491 -0.003428035 0.999960899 0.008148779 -2.278160095 -0.006610339 -0.008171310 0.999944746 81.869880676
0.999937654 0.002827500 0.010805125 1.475289345 -0.002918766 0.999960124 0.008440130 -2.293701649 -0.010780829 -0.008471142 0.999906003 82.405807495
0.999865174 0.003389967 0.016069476 1.516440988 -0.003518286 0.999962091 0.007963764 -2.312994957 -0.016041867 -0.008019228 0.999839187 82.927955627
0.999762893 0.001858995 0.021695498 1.562106371 -0.002012947 0.999972939 0.007076357 -2.304224730 -0.021681756 -0.007118352 0.999739528 83.479141235
0.999602556 0.002396381 0.028088741 1.563671470 -0.002607454 0.999968648 0.007480267 -2.325864792 -0.028069936 -0.007550533 0.999577582 84.197189331
0.999325275 0.003043420 0.036601577 1.580178022 -0.003325391 0.999965250 0.007645363 -2.330432415 -0.036577038 -0.007761919 0.999300659 84.655754089
0.999021232 0.002521200 0.044159509 1.656336069 -0.002881656 0.999963045 0.008100847 -2.356912851 -0.044137444 -0.008220170 0.998991609 85.344734192
0.998693466 0.001881730 0.051065370 1.705961704 -0.002295672 0.999964952 0.008048696 -2.365944862 -0.051048435 -0.008155410 0.998662829 85.895111084
0.998197794 0.002169095 0.059970085 1.761117935 -0.002631458 0.999967396 0.007632003 -2.378972769 -0.059951581 -0.007776058 0.998170912 86.452064514
0.997560322 0.001601700 0.069790289 1.828331947 -0.002137509 0.999968827 0.007603424 -2.395134449 -0.069775939 -0.007734054 0.997532725 87.002052307
0.996896446 0.001629672 0.078707345 1.886065483 -0.002236567 0.999968469 0.007623235 -2.406611919 -0.078692444 -0.007775610 0.996868551 87.569435120
0.996229470 0.001427164 0.086744830 1.952551365 -0.002066313 0.999971390 0.007278811 -2.417219162 -0.086731948 -0.007430608 0.996203959 88.122840881
0.995266140 0.001003124 0.097181447 2.033062935 -0.001732385 0.999970973 0.007420032 -2.431931496 -0.097171187 -0.007553261 0.995239019 88.650001526
0.994191647 0.000398094 0.107623696 2.117904186 -0.001168928 0.999974072 0.007099317 -2.438562155 -0.107618086 -0.007183887 0.994166374 89.215370178
0.993190289 -0.000227096 0.116504356 2.205442429 -0.000563394 0.999977052 0.006752090 -2.455790758 -0.116503231 -0.006771748 0.993167222 89.746154785
0.991800487 0.000255095 0.127795637 2.293208122 -0.001181753 0.999973536 0.007175322 -2.467453003 -0.127790451 -0.007267511 0.991774559 90.290603638
0.990155339 0.000286046 0.139973462 2.393896103 -0.001282973 0.999974370 0.007032071 -2.482717276 -0.139967903 -0.007142422 0.990130246 90.826660156
0.988571465 -0.000390527 0.150752559 2.504674911 -0.000687063 0.999974728 0.007095917 -2.500130177 -0.150751531 -0.007118398 0.988546073 91.370079041
0.987029016 -0.000229212 0.160541549 2.612653732 -0.000920228 0.999974430 0.007085377 -2.510087490 -0.160539061 -0.007141207 0.987003624 91.912544250
0.984955430 -0.000537933 0.172807321 2.729720116 -0.000679622 0.999975383 0.006986494 -2.525334835 -0.172806799 -0.006998829 0.984930873 92.445312500
0.982642233 -0.000506219 0.185510188 2.851688385 -0.000784843 0.999975979 0.006886014 -2.534744978 -0.185509250 -0.006912084 0.982618213 92.981712341
0.980567455 -0.000815329 0.196180582 2.982021332 -0.000480802 0.999978364 0.006559106 -2.544566154 -0.196181685 -0.006525971 0.980545819 93.511970520
0.977840066 -0.001084038 0.209350631 3.121768951 -0.000290320 0.999978602 0.006534022 -2.561824560 -0.209353238 -0.006450008 0.977818787 94.040702820
0.974885881 -0.001582444 0.222699419 3.271238327 0.000044103 0.999976099 0.006912509 -2.571343184 -0.222705007 -0.006729085 0.974862754 94.566902161
0.972310245 -0.002095562 0.233684123 3.428108215 0.000627104 0.999979615 0.006358066 -2.583751440 -0.233692661 -0.006035468 0.972291768 95.097023010
0.969218314 -0.002430149 0.246190563 3.601848602 0.000869886 0.999978840 0.006446174 -2.598609447 -0.246201009 -0.006033594 0.969200015 95.645538330
0.965575457 -0.002576082 0.260110050 3.775295258 0.000790036 0.999975383 0.006970817 -2.620316505 -0.260121584 -0.006525355 0.965553820 96.150100708
0.962078631 -0.002639196 0.272759497 3.954227448 0.000752630 0.999975026 0.007020985 -2.641471863 -0.272771299 -0.006549452 0.962056637 96.666542053
0.959033370 -0.003402166 0.283272684 4.146432877 0.001404425 0.999972701 0.007255140 -2.658237457 -0.283289671 -0.006560086 0.959011972 97.168594360
0.954824984 -0.003707737 0.297145426 4.340951920 0.001702240 0.999974132 0.007007676 -2.662739754 -0.297163665 -0.006185291 0.954806507 97.703735352
0.950361192 -0.003739152 0.311126351 4.538047791 0.001567452 0.999972641 0.007229875 -2.678717136 -0.311144859 -0.006383316 0.950341046 98.221267700
0.946704507 -0.004488108 0.322072119 4.743402481 0.002300688 0.999971628 0.007172024 -2.687550545 -0.322095186 -0.006048801 0.946687996 98.750396729
0.942203164 -0.004363468 0.335013688 4.948751450 0.001963829 0.999969959 0.007501218 -2.707053661 -0.335036397 -0.006409761 0.942183375 99.258285522
0.936957777 -0.004638704 0.349411756 5.164453506 0.002140144 0.999969244 0.007536486 -2.715852976 -0.349436045 -0.006313578 0.936938941 99.773651123
0.932342052 -0.005051700 0.361542314 5.393159866 0.002471302 0.999967992 0.007599222 -2.728073359 -0.361569107 -0.006191594 0.932324767 100.297866821
0.927646399 -0.005168964 0.373423845 5.610975266 0.002496162 0.999967694 0.007640756 -2.742786169 -0.373451293 -0.006155793 0.927629292 100.798645020
0.921923757 -0.005381888 0.387334019 5.857540131 0.002732051 0.999968946 0.007391497 -2.747175932 -0.387361765 -0.005756180 0.921909809 101.321807861
0.916593015 -0.006297099 0.399772227 6.110290527 0.003603053 0.999965429 0.007490139 -2.758070946 -0.399805635 -0.005425008 0.916583896 101.826141357
0.911954522 -0.006844348 0.410234123 6.357681274 0.004314763 0.999965489 0.007091670 -2.764064789 -0.410268605 -0.004697218 0.911952674 102.333320618
0.906503439 -0.007336639 0.422134936 6.621734619 0.004628876 0.999961615 0.007439010 -2.778118134 -0.422173381 -0.004789478 0.906502485 102.827537537
0.899980605 -0.007151864 0.435871571 6.879131317 0.004452443 0.999964058 0.007214271 -2.787993193 -0.435907573 -0.004552009 0.899979949 103.316444397
0.894103944 -0.007756435 0.447792202 7.155212402 0.005039245 0.999960959 0.007258998 -2.795515776 -0.447831005 -0.004233764 0.894108176 103.815727234
0.888422668 -0.008357840 0.458950251 7.430644989 0.005629859 0.999957442 0.007311880 -2.803287983 -0.458991826 -0.003912215 0.888431847 104.303665161
0.881459653 -0.008324217 0.472185999 7.719596863 0.005686121 0.999959171 0.007013746 -2.815024376 -0.472225130 -0.003497427 0.881471038 104.776763916
