1.000000000 0.000000000 0.000000000 0.000000000 0.000000000 1.000000000 0.000000000 0.000000000 0.000000000 0.000000000 1.000000000 0.000000000
1.000000000 0.000036527 0.000004084 0.000452699 -0.000036528 1.000000000 0.000130176 -0.000631062 -0.000004079 -0.000130176 1.000000000 0.000197550
1.000000000 0.000074741 -0.000167724 0.001486599 -0.000074733 1.000000000 0.000049128 -0.000020909 0.000167727 -0.000049116 1.000000000 -0.000276376
1.000000000 0.000080376 -0.000034763 0.000460463 -0.000080374 1.000000000 0.000057085 -0.000741768 0.000034768 -0.000057083 1.000000000 0.000022319
0.999999940 0.000264811 0.000063307 -0.001258468 -0.000264816 0.999999940 0.000090037 -0.000492947 -0.000063283 -0.000090054 1.000000000 -0.000369834
1.000000000 0.000066783 -0.000021822 -0.000484859 -0.000066783 1.000000000 0.000039062 -0.000844962 0.000021824 -0.000039060 1.000000000 -0.000234452
1.000000000 -0.000075339 0.000032169 0.000312399 0.000075337 1.000000000 0.000050794 -0.000657965 -0.000032173 -0.000050791 1.000000000 -0.000260409
1.000000000 0.000009864 0.000014947 0.001200934 -0.000009865 1.000000000 0.000100399 -0.000930288 -0.000014946 -0.000100399 1.000000000 -0.000268040
1.000000000 -0.000145093 0.000109032 -0.000104132 0.000145090 1.000000000 0.000022344 -0.000210714 -0.000109035 -0.000022328 1.000000000 -0.000154732
1.000000000 -0.000135889 0.000000854 0.001192233 0.000135889 1.000000000 0.000075928 -0.000100145 -0.000000865 -0.000075928 1.000000000 0.000227598
1.000000000 -0.000039619 -0.000111582 0.000413132 0.000039624 1.000000000 0.000044618 -0.000997878 0.000111580 -0.000044623 1.000000000 -0.000913345
1.000000000 0.000106438 0.000109189 -0.001120216 -0.000106425 1.000000000 -0.000119208 0.001382003 -0.000109202 0.000119196 1.000000000 0.001823881
0.999999940 -0.000270662 0.000026343 -0.000102037 0.000270656 0.999999940 0.000195902 -0.001009631 -0.000026396 -0.000195895 1.000000000 0.000305722
1.000000000 0.000104011 0.000157850 -0.001552285 -0.000104027 1.000000000 0.000098778 -0.000339425 -0.000157839 -0.000098795 1.000000000 0.001207982
1.000000000 0.000089361 0.000017780 -0.000384077 -0.000089364 1.000000000 0.000152877 -0.001145266 -0.000017766 -0.000152879 1.000000000 -0.000125243
1.000000000 0.000089503 -0.000025538 -0.000272111 -0.000089504 1.000000000 -0.000035960 0.000308694 0.000025535 0.000035962 1.000000000 0.000743276
0.999999940 0.000278356 0.000283907 -0.002568954 -0.000278368 0.999999940 0.000043775 0.000479415 -0.000283895 -0.000043854 0.999999940 0.001880190
1.000000000 0.000052894 -0.000071242 0.000000687 -0.000052894 1.000000000 -0.000002683 -0.000114584 0.000071242 0.000002687 1.000000000 0.001231668
1.000000000 -0.000054814 -0.000032815 0.000163133 0.000054819 1.000000000 0.000170152 -0.001387364 0.000032806 -0.000170154 1.000000000 0.000297698
1.000000000 0.000057851 -0.000009944 0.000056856 -0.000057851 1.000000000 0.000013104 -0.000180203 0.000009945 -0.000013103 1.000000000 0.001005694
1.000000000 0.000205465 -0.000000991 -0.000849703 -0.000205465 1.000000000 0.000033189 -0.000169105 0.000000998 -0.000033188 1.000000000 0.001318745
1.000000000 -0.000021268 -0.000104271 0.000201624 0.000021268 1.000000000 -0.000000304 0.000473228 0.000104271 0.000000302 1.000000000 0.000191225
1.000000000 0.000069571 -0.000016517 0.000472067 -0.000069569 1.000000000 0.000105946 -0.000593546 0.000016524 -0.000105945 1.000000000 0.002317892
0.999999940 0.000248316 0.000171859 -0.000621566 -0.000248335 0.999999940 0.000109653 -0.000116413 -0.000171831 -0.000109696 1.000000000 0.000029817
1.000000000 0.000009541 -0.000062172 0.000519451 -0.000009537 1.000000000 0.000068806 0.000225792 0.000062172 -0.000068806 1.000000000 0.000791367
1.000000000 0.000065697 0.000033154 -0.000656292 -0.000065692 1.000000000 -0.000143151 0.001496825 -0.000033163 0.000143149 1.000000000 0.000127852
1.000000000 0.000133791 0.000066011 -0.000767112 -0.000133783 1.000000000 -0.000123559 0.000428020 -0.000066028 0.000123550 1.000000000 -0.001452507
1.000000000 0.000194043 0.000093663 -0.001118100 -0.000194034 1.000000000 -0.000096891 0.000874897 -0.000093681 0.000096873 1.000000000 0.002220966
1.000000000 0.000039287 0.000007417 -0.001455801 -0.000039287 1.000000000 0.000027740 0.001273700 -0.000007416 -0.000027740 1.000000000 0.004119185
1.000000000 0.000083126 -0.000019869 -0.000538460 -0.000083130 1.000000000 -0.000191982 0.001920445 0.000019853 0.000191983 1.000000000 0.001700579
1.000000000 0.000162238 -0.000058824 0.000188957 -0.000162232 1.000000000 0.000095096 0.000307360 0.000058840 -0.000095086 1.000000000 -0.000011743
1.000000000 0.000056492 0.000006756 -0.000551808 -0.000056492 1.000000000 0.000024165 0.000265607 -0.000006754 -0.000024166 1.000000000 0.000613939
1.000000000 0.000016445 0.000023680 0.000183156 -0.000016448 1.000000000 0.000103986 -0.000858260 -0.000023679 -0.000103987 1.000000000 0.000301402
1.000000000 0.000066594 -0.000024068 -0.000458959 -0.000066590 1.000000000 0.000138967 -0.000002572 0.000024077 -0.000138965 1.000000000 0.001309954
1.000000000 0.000058589 0.000022056 -0.000811993 -0.000058589 1.000000000 0.000004127 0.001141961 -0.000022055 -0.000004128 1.000000000 0.002721718
1.000000000 0.000196005 0.000135667 -0.002065805 -0.000196001 1.000000000 -0.000028565 0.002522864 -0.000135672 0.000028539 1.000000000 0.003451062
1.000000000 -0.000088339 0.000049099 -0.000620534 0.000088333 1.000000000 0.000132841 0.000218000 -0.000049110 -0.000132837 1.000000000 0.002083204
1.000000000 -0.000122664 0.000065882 -0.000629998 0.000122648 0.999999940 0.000250205 -0.000698554 -0.000065913 -0.000250197 0.999999940 0.000147428
1.000000000 -0.000037655 0.000082981 -0.000833672 0.000037650 1.000000000 0.000067318 0.000647256 -0.000082984 -0.000067315 1.000000000 0.001233650
1.000000000 -0.000073802 0.000179435 0.000322331 0.000073770 1.000000000 0.000180397 -0.002405633 -0.000179448 -0.000180384 0.999999940 -0.000811268
0.999999940 -0.000023976 0.000327199 -0.001576715 0.000024156 0.999999821 -0.000548681 -0.002706234 -0.000327186 0.000548689 0.999999821 0.052757476
0.999999940 0.000291503 0.000146393 -0.000390926 -0.000291328 0.999999225 -0.001196765 -0.005687612 -0.000146742 0.001196722 0.999999285 0.136337742
0.999999583 0.000910325 -0.000046589 0.001760107 -0.000910394 0.999998450 -0.001502241 -0.004680413 0.000045222 0.001502282 0.999998868 0.258757561
0.999999583 0.000895293 0.000089517 0.002612211 -0.000895210 0.999999166 -0.000925953 -0.014683426 -0.000090345 0.000925872 0.999999583 0.385910451
0.999999881 0.000497902 -0.000058972 0.007105570 -0.000497955 0.999999464 -0.000901131 -0.018812988 0.000058523 0.000901161 0.999999583 0.526589572
0.999999881 0.000527821 -0.000050588 0.013488563 -0.000527869 0.999999404 -0.000946039 -0.021907844 0.000050089 0.000946066 0.999999523 0.683866560
0.999999821 0.000592437 0.000206404 0.017674481 -0.000592266 0.999999464 -0.000829450 -0.021754263 -0.000206895 0.000829328 0.999999642 0.851550996
0.999999642 0.000713352 0.000492470 0.013678839 -0.000712994 0.999999464 -0.000724938 -0.027271910 -0.000492987 0.000724586 0.999999642 1.017214060
0.999999881 0.000370666 0.000281294 0.016810594 -0.000370674 0.999999940 0.000028114 -0.037766799 -0.000281284 -0.000028218 0.999999940 1.187666059
0.999999881 0.000285004 0.000388934 0.020666124 -0.000285089 0.999999940 0.000216969 -0.042184416 -0.000388873 -0.000217079 0.999999881 1.377815366
0.999999762 0.000508903 0.000422307 0.031387579 -0.000508683 0.999999762 -0.000521354 -0.044642493 -0.000422573 0.000521139 0.999999762 1.569659233
0.999999702 0.000627989 0.000486194 0.028277490 -0.000627955 0.999999821 -0.000069528 -0.054777447 -0.000486238 0.000069223 0.999999881 1.756890774
0.999999762 0.000390463 -0.000591214 0.045209404 -0.000390083 0.999999642 0.000643465 -0.073446266 0.000591465 -0.000643234 0.999999583 1.936397552
0.999999881 0.000455922 0.000059581 0.044141810 -0.000455946 0.999999821 0.000396461 -0.076400720 -0.000059400 -0.000396488 0.999999940 2.144976616
0.999999881 0.000360230 -0.000167667 0.052863888 -0.000360208 0.999999821 0.000135322 -0.081752770 0.000167716 -0.000135262 1.000000000 2.362748384
0.999999583 0.000812055 -0.000000224 0.051553480 -0.000812055 0.999999464 0.000493086 -0.088690758 0.000000624 -0.000493086 0.999999881 2.583337784
0.999999106 0.001269936 0.000211966 0.052730199 -0.001270081 0.999998927 0.000684830 -0.097039871 -0.000211096 -0.000685099 0.999999702 2.813960314
0.999999940 0.000332301 -0.000228877 0.060672883 -0.000332085 0.999999464 0.000940762 -0.105162144 0.000229190 -0.000940686 0.999999523 3.051864624
0.999999881 0.000522800 -0.000107105 0.067814119 -0.000522721 0.999999583 0.000740650 -0.108775899 0.000107492 -0.000740594 0.999999642 3.276771307
0.999999762 0.000806354 0.000026524 0.073000595 -0.000806382 0.999999106 0.001096780 -0.118513659 -0.000025640 -0.001096801 0.999999464 3.522712708
0.999999762 0.000753147 -0.000054012 0.077564836 -0.000753104 0.999999404 0.000790407 -0.121517301 0.000054607 -0.000790366 0.999999642 3.782136440
0.999999821 0.000678589 0.000004820 0.084308766 -0.000678592 0.999999642 0.000502111 -0.126746774 -0.000004479 -0.000502114 0.999999881 4.043190002
0.999999583 0.000899422 -0.000008234 0.088039920 -0.000899411 0.999998689 0.001295655 -0.138787895 0.000009399 -0.001295647 0.999999166 4.275957108
0.999999702 0.000753239 0.000052379 0.095536321 -0.000753291 0.999999225 0.000984332 -0.138771474 -0.000051638 -0.000984372 0.999999523 4.537343979
0.999999940 0.000233907 -0.000267261 0.107212909 -0.000233454 0.999998450 0.001696090 -0.154341817 0.000267658 -0.001696028 0.999998450 4.786415100
0.999999762 0.000691674 -0.000213533 0.108101495 -0.000691409 0.999998927 0.001240481 -0.155980632 0.000214391 -0.001240333 0.999999225 5.053105831
0.999999821 0.000622272 -0.000352120 0.116421767 -0.000621827 0.999998987 0.001264090 -0.166191056 0.000352906 -0.001263870 0.999999166 5.315560818
1.000000000 0.000197548 -0.000179680 0.119363897 -0.000197354 0.999999404 0.001081531 -0.168104425 0.000179893 -0.001081495 0.999999404 5.590862751
1.000000000 0.000186222 -0.000307434 0.126885012 -0.000185601 0.999997914 0.002021412 -0.187722549 0.000307810 -0.002021355 0.999997914 5.850240707
0.999999881 0.000487810 0.000006177 0.127138555 -0.000487816 0.999999344 0.001042152 -0.187323138 -0.000005668 -0.001042155 0.999999464 6.136453629
0.999999702 0.000685715 -0.000113780 0.131838977 -0.000685595 0.999999225 0.001055943 -0.192488566 0.000114504 -0.001055865 0.999999404 6.427306652
0.999999762 0.000607026 0.000429477 0.132780328 -0.000607442 0.999999344 0.000969273 -0.201989651 -0.000428889 -0.000969534 0.999999464 6.710753918
0.999999881 0.000465118 -0.000028874 0.152499333 -0.000465075 0.999998808 0.001475302 -0.220481157 0.000029560 -0.001475289 0.999998868 7.003764153
0.999999702 0.000539544 0.000407704 0.143031612 -0.000539967 0.999999344 0.001037217 -0.221066117 -0.000407144 -0.001037437 0.999999404 7.307458878
0.999999762 0.000495613 0.000419603 0.152553886 -0.000495954 0.999999523 0.000811712 -0.228747025 -0.000419201 -0.000811920 0.999999642 7.619088173
0.999999642 0.000531737 0.000644552 0.157751113 -0.000532322 0.999999404 0.000908506 -0.239141405 -0.000644069 -0.000908849 0.999999404 7.936645031
0.999999940 0.000041056 0.000420438 0.163602024 -0.000041487 0.999999464 0.001026592 -0.245286703 -0.000420396 -0.001026610 0.999999404 8.246610641
0.999999881 0.000434332 0.000510279 0.169755518 -0.000434840 0.999999404 0.000996546 -0.255555481 -0.000509846 -0.000996768 0.999999404 8.571729660
0.999999762 0.000287628 0.000631543 0.176718563 -0.000288336 0.999999344 0.001120208 -0.264714658 -0.000631220 -0.001120390 0.999999166 8.899093628
0.999999940 0.000082308 0.000435323 0.192169115 -0.000083064 0.999998510 0.001735750 -0.284968078 -0.000435180 -0.001735786 0.999998391 9.221886635
0.999999762 0.000100283 0.000717067 0.186611772 -0.000101363 0.999998808 0.001506566 -0.287422419 -0.000716915 -0.001506638 0.999998629 9.582454681
0.999999702 0.000103381 0.000788331 0.199172169 -0.000104487 0.999999046 0.001403610 -0.296540529 -0.000788186 -0.001403692 0.999998689 9.927996635
0.999999523 0.000473986 0.000914907 0.199917957 -0.000475181 0.999998987 0.001306331 -0.307034314 -0.000914287 -0.001306765 0.999998748 10.283649445
0.999999285 0.000579998 0.001062398 0.202239126 -0.000581328 0.999999046 0.001251816 -0.315994680 -0.001061671 -0.001252433 0.999998569 10.638623238
0.999999285 0.000558797 0.001038314 0.208041385 -0.000559535 0.999999583 0.000710679 -0.318740457 -0.001037917 -0.000711260 0.999999166 11.015127182
0.999999166 0.000686453 0.001103202 0.216670096 -0.000688111 0.999998629 0.001503262 -0.337525308 -0.001102168 -0.001504020 0.999998271 11.383489609
0.999999404 0.000489722 0.001000577 0.228390425 -0.000491225 0.999998748 0.001502834 -0.345738709 -0.000999840 -0.001503324 0.999998391 11.767965317
0.999999523 0.000172233 0.000971380 0.235450596 -0.000173591 0.999998987 0.001398716 -0.357856542 -0.000971138 -0.001398884 0.999998569 12.137169838
0.999999404 0.000319334 0.001069518 0.245027095 -0.000320502 0.999999344 0.001092736 -0.366813183 -0.001069169 -0.001093078 0.999998868 12.525640488
0.999999404 0.000450906 0.001006893 0.250216991 -0.000452510 0.999998629 0.001593687 -0.380311191 -0.001006173 -0.001594142 0.999998212 12.923652649
0.999999344 0.000327887 0.001037424 0.257034779 -0.000329541 0.999998689 0.001594305 -0.392136723 -0.001036900 -0.001594646 0.999998212 13.324369431
0.999999225 0.000493089 0.001084619 0.266956389 -0.000494911 0.999998450 0.001680662 -0.404153228 -0.001083789 -0.001681197 0.999998033 13.737209320
0.999998748 0.000237116 0.001556361 0.272740424 -0.000239648 0.999998629 0.001627444 -0.410882264 -0.001555973 -0.001627815 0.999997437 14.155977249
0.999998391 0.000107196 0.001821275 0.283440113 -0.000110557 0.999998271 0.001845707 -0.421843678 -0.001821074 -0.001845906 0.999996603 14.579378128
0.999997795 0.000286260 0.002051287 0.288876146 -0.000290647 0.999997675 0.002138976 -0.439990669 -0.002050670 -0.002139568 0.999995589 15.008288383
0.999997318 0.000537341 0.002263167 0.300978392 -0.000541065 0.999998510 0.001645368 -0.447321713 -0.002262280 -0.001646588 0.999996066 15.445076942
0.999996185 0.000628750 0.002668638 0.309934497 -0.000633058 0.999998510 0.001613985 -0.460051060 -0.002667620 -0.001615668 0.999995053 15.882632256
0.999996066 0.000538422 0.002732150 0.320898384 -0.000543729 0.999997973 0.001941880 -0.472490996 -0.002731099 -0.001943358 0.999994338 16.324476242
0.999993563 0.000545127 0.003538333 0.325917125 -0.000551801 0.999998093 0.001885494 -0.482003510 -0.003537299 -0.001887434 0.999991953 16.778873444
0.999993384 0.000893367 0.003522636 0.335403383 -0.000898092 0.999998689 0.001339933 -0.492403686 -0.003521436 -0.001343088 0.999992907 17.236124039
0.999990940 0.001278509 0.004058735 0.340660334 -0.001285389 0.999997854 0.001692863 -0.505423248 -0.004056561 -0.001698065 0.999990344 17.697492599
0.999988735 0.001402416 0.004539194 0.348418206 -0.001408981 0.999997973 0.001443355 -0.516335130 -0.004537160 -0.001449734 0.999988616 18.163667679
0.999990404 0.001189517 0.004215588 0.370211929 -0.001195968 0.999998152 0.001527990 -0.525804758 -0.004213762 -0.001533018 0.999989927 18.622879028
0.999987841 0.001348190 0.004737676 0.375753075 -0.001355373 0.999997854 0.001513279 -0.544531465 -0.004735627 -0.001519682 0.999987662 19.101602554
0.999986827 0.001384645 0.004925154 0.389230102 -0.001390450 0.999998331 0.001175329 -0.553540766 -0.004923519 -0.001182161 0.999987245 19.588411331
0.999989390 0.000321156 0.004591892 0.404053420 -0.000330269 0.999997973 0.001983965 -0.570853174 -0.004591246 -0.001985460 0.999987543 20.071802139
0.999990284 0.001181526 0.004231494 0.425927401 -0.001189132 0.999997675 0.001795569 -0.590842307 -0.004229363 -0.001800584 0.999989390 20.556556702
0.999989331 0.001364890 0.004406877 0.432088137 -0.001370796 0.999998152 0.001337436 -0.595518529 -0.004405044 -0.001343463 0.999989390 21.064729691
0.999992430 0.000859609 0.003776288 0.441934347 -0.000865060 0.999998569 0.001441988 -0.603511631 -0.003775044 -0.001445244 0.999991834 21.574913025
0.999993026 0.001529343 0.003415052 0.449093342 -0.001535167 0.999997318 0.001703412 -0.622767270 -0.003412439 -0.001708643 0.999992669 22.061449051
0.999994814 0.001541442 0.002833879 0.465278983 -0.001544605 0.999998212 0.001114146 -0.627450764 -0.002832156 -0.001118518 0.999995351 22.566621780
0.999995172 0.001317658 0.002785786 0.460624725 -0.001321409 0.999998212 0.001344988 -0.644396722 -0.002784008 -0.001348663 0.999995232 23.086565018
0.999995291 0.001542643 0.002640762 0.467751026 -0.001546552 0.999997735 0.001479109 -0.661813498 -0.002638474 -0.001483186 0.999995470 23.613666534
0.999998450 0.000745821 0.001552640 0.479429007 -0.000747555 0.999999106 0.001116501 -0.675132394 -0.001551806 -0.001117660 0.999998152 24.143377304
0.999998391 0.001470370 0.001030455 0.491599649 -0.001471998 0.999997675 0.001580958 -0.689142942 -0.001028128 -0.001582472 0.999998152 24.676313400
0.999998271 0.001806806 0.000369940 0.498930722 -0.001807587 0.999996126 0.002122242 -0.709019303 -0.000366104 -0.002122907 0.999997675 25.207508087
0.999997735 0.002074851 0.000382623 0.499757320 -0.002075586 0.999996006 0.001929118 -0.717673779 -0.000378619 -0.001929907 0.999998033 25.755174637
0.999998748 0.001541893 -0.000309217 0.509641171 -0.001541269 0.999996781 0.002006990 -0.733156323 0.000312310 -0.002006511 0.999997914 26.304994583
0.999998987 0.001118405 -0.000802271 0.521815300 -0.001116583 0.999996722 0.002268457 -0.745592713 0.000804806 -0.002267559 0.999997139 26.854372025
0.999998629 0.000794433 -0.001444098 0.538641453 -0.000790595 0.999996185 0.002656480 -0.765768170 0.001446203 -0.002655335 0.999995351 27.390592575
0.999997139 0.001652473 -0.001740443 0.548653543 -0.001647890 0.999995232 0.002631262 -0.782191396 0.001744783 -0.002628387 0.999994993 27.924201965
0.999996662 0.002043743 -0.001567500 0.548166037 -0.002039452 0.999994159 0.002734505 -0.793340921 0.001573080 -0.002731299 0.999995053 28.475727081
0.999996603 0.002118052 -0.001475064 0.556702256 -0.002113794 0.999993503 0.002882499 -0.808592975 0.001481160 -0.002879371 0.999994814 29.014064789
0.999995530 0.001989284 -0.002208086 0.570924699 -0.001983096 0.999994099 0.002801018 -0.823608756 0.002213645 -0.002796627 0.999993622 29.575960159
0.999994993 0.001844222 -0.002550661 0.576635778 -0.001837582 0.999994934 0.002602990 -0.831031263 0.002555449 -0.002598290 0.999993324 30.119726181
0.999993503 0.002159792 -0.002890065 0.589152038 -0.002152728 0.999994695 0.002445208 -0.844576240 0.002895331 -0.002438971 0.999992788 30.666444778
0.999992788 0.002040230 -0.003206251 0.600132644 -0.002031717 0.999994338 0.002656208 -0.860133290 0.003211652 -0.002649674 0.999991298 31.211025238
0.999990940 0.002156957 -0.003675467 0.610532224 -0.002147323 0.999994218 0.002623136 -0.872801363 0.003681104 -0.002615219 0.999989808 31.756067276
0.999991298 0.001768898 -0.003816256 0.622458160 -0.001757724 0.999994159 0.002929193 -0.892322421 0.003821415 -0.002922459 0.999988437 32.314041138
0.999988854 0.002143753 -0.004205808 0.630667806 -0.002131660 0.999993503 0.002877798 -0.903069913 0.004211951 -0.002868800 0.999987006 32.861473083
0.999987781 0.002106866 -0.004452996 0.641439915 -0.002094541 0.999993980 0.002770695 -0.917709649 0.004458806 -0.002761335 0.999986172 33.413364410
0.999986768 0.002323431 -0.004588755 0.648448586 -0.002309252 0.999992490 0.003092819 -0.932339489 0.004595906 -0.003082181 0.999984682 33.973442078
0.999986470 0.001649848 -0.004921823 0.652512252 -0.001634642 0.999993801 0.003091718 -0.945043921 0.004926894 -0.003083631 0.999983072 34.522914886
0.999986529 0.001978753 -0.004802357 0.664849281 -0.001964162 0.999993384 0.003041278 -0.958757460 0.004808344 -0.003031804 0.999983847 35.070549011
0.999973357 0.001527077 -0.007140357 0.686666012 -0.001503372 0.999993384 0.003324055 -0.981890857 0.007145384 -0.003313232 0.999969006 35.611064911
0.999987423 0.002121097 -0.004556914 0.672642827 -0.002106446 0.999992609 0.003217490 -0.988054872 0.004563706 -0.003207851 0.999984443 36.164466858
0.999986053 0.001921477 -0.004916486 0.681250334 -0.001907651 0.999994159 0.002815232 -0.997676969 0.004921867 -0.002805814 0.999983966 36.715576172
0.999986529 0.002344887 -0.004633099 0.688148320 -0.002331367 0.999992967 0.002921351 -1.010973692 0.004639917 -0.002910510 0.999984980 37.265686035
0.999987364 0.002403715 -0.004409820 0.687373638 -0.002394175 0.999994755 0.002167451 -1.017736554 0.004415007 -0.002156866 0.999987900 37.819995880
0.999983847 0.001654831 -0.005436339 0.700500429 -0.001638444 0.999994040 0.003017290 -1.043582678 0.005441300 -0.003008334 0.999980688 38.367122650
0.999986649 0.002050688 -0.004745784 0.699944496 -0.002036375 0.999993324 0.003018863 -1.057484627 0.004751943 -0.003009158 0.999984264 38.912826538
0.999983191 0.001541177 -0.005577042 0.717312038 -0.001525062 0.999994636 0.002892602 -1.070688248 0.005581469 -0.002884048 0.999980271 39.454162598
0.999981701 0.002118178 -0.005669989 0.727528989 -0.002099707 0.999992609 0.003261647 -1.086323619 0.005676855 -0.003249682 0.999978602 40.019977570
0.999981403 0.002217993 -0.005684708 0.738951206 -0.002198332 0.999991655 0.003462481 -1.103526592 0.005692340 -0.003449919 0.999977887 40.553501129
0.999980152 0.002305352 -0.005866595 0.753964305 -0.002287670 0.999992847 0.003018862 -1.108712673 0.005873512 -0.003005381 0.999978244 41.121032715
0.999976516 0.002781356 -0.006264838 0.757628798 -0.002763591 0.999992073 0.002842517 -1.118736863 0.006272695 -0.002825137 0.999976337 41.680198669
0.999972701 0.002750544 -0.006867065 0.776305318 -0.002729414 0.999991477 0.003084464 -1.137248158 0.006875490 -0.003065637 0.999971628 42.217952728
0.999973893 0.003243919 -0.006452098 0.780886889 -0.003226188 0.999990940 0.002756576 -1.145213842 0.006460981 -0.002735689 0.999975324 42.770717621
0.999975324 0.002885710 -0.006406934 0.769239306 -0.002867127 0.999991655 0.002907826 -1.157982945 0.006415272 -0.002889385 0.999975204 43.339031219
0.999979377 0.002805536 -0.005781671 0.770658553 -0.002790942 0.999992907 0.002530797 -1.170387983 0.005788730 -0.002514609 0.999980152 43.893383026
0.999978065 0.002355486 -0.006194336 0.775881648 -0.002338660 0.999993563 0.002722158 -1.183391452 0.006200708 -0.002707612 0.999977112 44.439048767
0.999977112 0.002567636 -0.006261475 0.786626339 -0.002550016 0.999992788 0.002820353 -1.196087718 0.006268671 -0.002804321 0.999976456 44.989223480
0.999976277 0.002318030 -0.006474475 0.797854900 -0.002299845 0.999993503 0.002814614 -1.212148786 0.006480958 -0.002799658 0.999975026 45.538055420
0.999978244 0.002053495 -0.006250768 0.808465242 -0.002040962 0.999995887 0.002010837 -1.218790889 0.006254871 -0.001998037 0.999978423 46.095275879
0.999974012 0.001352024 -0.007085257 0.821761787 -0.001333506 0.999995589 0.002617799 -1.234420300 0.007088765 -0.002608283 0.999971449 46.643810272
0.999973834 0.002309531 -0.006844563 0.828541875 -0.002288574 0.999992669 0.003068082 -1.257777095 0.006851599 -0.003052338 0.999971867 47.188598633
0.999970138 0.000922579 -0.007663620 0.840818524 -0.000901771 0.999995887 0.002718231 -1.267481327 0.007666096 -0.002711239 0.999966919 47.732410431
0.999973297 0.002148344 -0.006984917 0.837908030 -0.002127261 0.999993086 0.003024364 -1.282505274 0.006991367 -0.003009424 0.999970973 48.292499542
0.999970675 0.001753171 -0.007456570 0.857646346 -0.001729819 0.999993503 0.003137126 -1.292591214 0.007462023 -0.003124136 0.999967217 48.847309113
0.999974847 0.001756804 -0.006876111 0.853913546 -0.001733948 0.999992907 0.003328487 -1.310119629 0.006881910 -0.003316480 0.999970794 49.386188507
0.999975562 0.001619429 -0.006798712 0.856637001 -0.001597428 0.999993503 0.003240131 -1.328290701 0.006803914 -0.003229192 0.999971628 49.954963684
0.999975801 0.002137578 -0.006612317 0.854661465 -0.002112549 0.999990582 0.003790035 -1.342624187 0.006620356 -0.003775975 0.999970913 50.496337891
0.999973595 0.001773002 -0.007050392 0.864088178 -0.001751303 0.999993682 0.003082751 -1.353105068 0.007055814 -0.003070322 0.999970317 51.054130554
0.999972820 0.002029612 -0.007083957 0.878380060 -0.002004828 0.999991953 0.003504016 -1.375476360 0.007091010 -0.003489719 0.999968708 51.596580505
0.999971509 0.001545534 -0.007385295 0.883685470 -0.001523878 0.999994516 0.002936987 -1.380611897 0.007389794 -0.002925650 0.999968410 52.151775360
0.999972701 0.001281095 -0.007275970 0.891817510 -0.001260513 0.999995172 0.002832699 -1.397283912 0.007279564 -0.002823450 0.999969542 52.710746765
0.999975502 0.000905027 -0.006939959 0.894252419 -0.000885669 0.999995708 0.002791903 -1.406969547 0.006942456 -0.002785688 0.999972045 53.258834839
0.999974608 0.001302029 -0.007004091 0.899987042 -0.001280771 0.999994576 0.003038736 -1.426355720 0.007008010 -0.003029688 0.999970794 53.800415039
0.999975562 0.001794929 -0.006746052 0.900662303 -0.001774213 0.999993682 0.003075565 -1.441794038 0.006751529 -0.003063522 0.999972463 54.342174530
0.999976516 0.000869051 -0.006797863 0.909566998 -0.000849393 0.999995410 0.002894005 -1.449808359 0.006800348 -0.002888162 0.999972641 54.902698517
0.999973118 0.000731633 -0.007294388 0.922105193 -0.000711834 0.999996066 0.002716445 -1.466927767 0.007296347 -0.002711180 0.999969661 55.447227478
0.999977648 0.000686503 -0.006659323 0.922388613 -0.000669956 0.999996722 0.002486765 -1.476020098 0.006661009 -0.002482248 0.999974728 55.993045807
0.999973059 0.000961349 -0.007281134 0.939246774 -0.000943504 0.999996662 0.002453952 -1.489463329 0.007283468 -0.002447016 0.999970496 56.553867340
0.999973536 0.000617884 -0.007254561 0.959235370 -0.000595485 0.999995112 0.003089199 -1.511259079 0.007256435 -0.003084797 0.999968946 57.078311920
0.999972880 0.001387237 -0.007230361 0.958607435 -0.001365297 0.999994397 0.003038540 -1.522706866 0.007234536 -0.003028586 0.999969244 57.638397217
0.999975979 0.001241541 -0.006818587 0.959631979 -0.001223211 0.999995649 0.002691698 -1.535803676 0.006821899 -0.002683292 0.999973178 58.192531586
0.999973536 0.000830915 -0.007225688 0.973858893 -0.000813313 0.999996781 0.002438648 -1.547259092 0.007227690 -0.002432706 0.999970913 58.732517242
0.999974906 0.001442827 -0.006939674 0.970982075 -0.001427425 0.999996483 0.002223908 -1.552304029 0.006942859 -0.002213946 0.999973476 59.277442932
0.999971926 0.001287656 -0.007384214 0.983536899 -0.001273325 0.999997258 0.001945124 -1.566102386 0.007386698 -0.001935667 0.999970913 59.820465088
0.999973476 0.001322660 -0.007159972 0.985691786 -0.001308203 0.999997020 0.002023512 -1.577342749 0.007162628 -0.002014092 0.999972284 60.367835999
0.999970675 0.001402122 -0.007522786 0.997304022 -0.001384607 0.999996305 0.002332898 -1.591724396 0.007526030 -0.002322413 0.999969006 60.912937164
0.999973178 0.001833177 -0.007083065 0.996456921 -0.001817378 0.999995947 0.002236310 -1.605704784 0.007087136 -0.002223378 0.999972343 61.455459595
0.999974728 0.002047487 -0.006807907 1.006568670 -0.002030229 0.999994755 0.002540859 -1.622424722 0.006813073 -0.002526973 0.999973536 61.997535706
0.999972761 0.001555864 -0.007214656 1.009394646 -0.001542518 0.999997079 0.001855212 -1.625982165 0.007217522 -0.001844033 0.999972165 62.545154572
0.999975860 0.001887516 -0.006689703 1.013401270 -0.001875292 0.999996603 0.001833091 -1.641726494 0.006693140 -0.001820502 0.999975860 63.095455170
0.999976814 0.001932171 -0.006533057 1.016090155 -0.001920590 0.999996483 0.001778571 -1.656480551 0.006536472 -0.001765983 0.999977052 63.650497437
0.999972701 0.001893223 -0.007132800 1.020783901 -0.001878119 0.999996006 0.002123610 -1.676509380 0.007136791 -0.002110156 0.999972224 64.177360535
0.999979079 0.001904965 -0.006192054 1.016870499 -0.001892093 0.999996066 0.002084034 -1.689545512 0.006195999 -0.002072275 0.999978602 64.724418640
0.999974132 0.001774763 -0.006971917 1.032755733 -0.001759397 0.999995947 0.002209549 -1.696845174 0.006975811 -0.002197225 0.999973238 65.263374329
0.999977112 0.002036401 -0.006448126 1.038114786 -0.002022889 0.999995708 0.002101234 -1.711541891 0.006452378 -0.002088142 0.999976993 65.820304871
0.999973476 0.001339624 -0.007158925 1.058133483 -0.001322528 0.999996305 0.002392402 -1.724852800 0.007162103 -0.002382871 0.999971509 66.364906311
0.999975443 0.002078295 -0.006693858 1.045186996 -0.002067548 0.999996543 0.001612079 -1.732762098 0.006697186 -0.001598199 0.999976277 66.907463074
0.999976337 0.002533645 -0.006395725 1.056577444 -0.002525531 0.999996006 0.001276354 -1.744679570 0.006398933 -0.001260171 0.999978721 67.453918457
0.999975264 0.002050583 -0.006725179 1.065166950 -0.002036250 0.999995649 0.002137299 -1.766671062 0.006729530 -0.002123552 0.999975026 67.998130798
0.999974906 0.002447759 -0.006635502 1.079617143 -0.002432180 0.999994218 0.002354850 -1.785525799 0.006641228 -0.002338652 0.999975145 68.531684875
0.999972880 0.003553265 -0.006446000 1.080031633 -0.003539618 0.999991417 0.002127338 -1.801637769 0.006453504 -0.002104464 0.999976933 69.074310303
0.999975026 0.002363082 -0.006662164 1.075329065 -0.002352032 0.999995768 0.001665940 -1.810528994 0.006666073 -0.001650228 0.999976397 69.635482788
0.999975979 0.002100374 -0.006595954 1.083356857 -0.002088690 0.999996245 0.001777555 -1.826360703 0.006599662 -0.001763735 0.999976635 70.173645020
0.999974608 0.002351520 -0.006734336 1.092740178 -0.002338196 0.999995232 0.001985682 -1.845976591 0.006738973 -0.001969886 0.999975324 70.724708557
0.999977827 0.001784366 -0.006417930 1.092699766 -0.001773002 0.999996960 0.001775916 -1.850662351 0.006421079 -0.001764498 0.999977827 71.266555786
0.999974489 0.002368512 -0.006744673 1.102467537 -0.002355213 0.999995351 0.001979034 -1.868201256 0.006749328 -0.001963098 0.999975324 71.807128906
0.999974549 0.002039491 -0.006833416 1.108968854 -0.002025923 0.999995887 0.001991891 -1.881273627 0.006837451 -0.001977996 0.999974668 72.369087219
0.999973238 0.002042803 -0.007022212 1.118484974 -0.002031257 0.999996543 0.001650770 -1.896659374 0.007025560 -0.001636462 0.999974012 72.912986755
0.999976695 0.002301185 -0.006431325 1.117681623 -0.002287926 0.999995172 0.002068223 -1.914704800 0.006436054 -0.002053460 0.999977171 73.460929871
0.999975801 0.002391646 -0.006541375 1.122259855 -0.002378281 0.999995053 0.002050092 -1.928736210 0.006546246 -0.002034485 0.999976516 74.004920959
0.999975383 0.002120689 -0.006676320 1.129613638 -0.002106499 0.999995530 0.002131816 -1.943201542 0.006680811 -0.002117700 0.999975443 74.537124634
0.999974191 0.001700768 -0.006983042 1.146073103 -0.001683057 0.999995351 0.002541380 -1.960628510 0.006987331 -0.002529561 0.999972403 75.079216003
0.999974370 0.001977968 -0.006888221 1.149017811 -0.001959774 0.999994576 0.002647043 -1.975132108 0.006893420 -0.002633475 0.999972820 75.625312805
0.999976277 0.001560086 -0.006706303 1.157444715 -0.001543531 0.999995768 0.002473000 -1.991150498 0.006710131 -0.002462590 0.999974430 76.177635193
0.999976933 0.002628424 -0.006264244 1.159837604 -0.002611108 0.999992728 0.002770702 -2.005569696 0.006271482 -0.002754282 0.999976456 76.727149963
0.999975502 0.002042376 -0.006695419 1.172407031 -0.002024587 0.999994516 0.002662743 -2.023647070 0.006700820 -0.002649124 0.999974012 77.283851624
0.999973714 0.001693560 -0.007051682 1.182519913 -0.001678416 0.999996364 0.002152840 -2.029858589 0.007055302 -0.002140948 0.999972820 77.834754944
0.999969780 0.002029956 -0.007503578 1.192950964 -0.002010279 0.999994516 0.002629126 -2.049546719 0.007508874 -0.002613963 0.999968350 78.330650330
0.999969900 0.002222192 -0.007424197 1.198100805 -0.002204434 0.999994695 0.002399085 -2.062320948 0.007429489 -0.002382647 0.999969482 78.912261963
0.999971986 0.002175090 -0.007160257 1.206831217 -0.002155546 0.999993861 0.002736182 -2.075225353 0.007166164 -0.002720671 0.999970555 79.463554382
0.999972761 0.001873270 -0.007140879 1.208962440 -0.001860864 0.999996722 0.001743578 -2.082703829 0.007144122 -0.001730242 0.999972999 80.024749756
0.999971449 0.002020098 -0.007269328 1.220132589 -0.002005595 0.999996006 0.002001626 -2.100856781 0.007273341 -0.001986990 0.999971569 80.564567566
0.999979913 0.001884424 -0.006045855 1.227723002 -0.001869840 0.999995351 0.002416967 -2.115873814 0.006050381 -0.002405614 0.999978781 81.121086121
0.999984741 0.002313953 -0.005025550 1.237483144 -0.002304398 0.999995589 0.001906248 -2.130625963 0.005029938 -0.001894638 0.999985516 81.658760071
0.999989688 0.002161699 -0.003995388 1.242440224 -0.002152605 0.999995112 0.002279125 -2.145619392 0.004000295 -0.002270501 0.999989450 82.189918518
0.999994695 0.002047823 -0.002539154 1.252546430 -0.002042357 0.999995589 0.002153323 -2.159663677 0.002543553 -0.002148126 0.999994397 82.734687805
0.999998331 0.001854624 0.000252570 1.272342801 -0.001855144 0.999996126 0.002071958 -2.171684504 -0.000248726 -0.002072422 0.999997795 83.294227600
0.999985695 0.001913624 0.004998806 1.274355650 -0.001922793 0.999996483 0.001830177 -2.182975769 -0.004995286 -0.001839762 0.999985814 83.829818726
0.999965847 0.002417911 0.007894298 1.291980386 -0.002434046 0.999994934 0.002034885 -2.201331854 -0.007889339 -0.002054030 0.999966741 84.376083374
0.999918759 0.002285706 0.012533421 1.318119287 -0.002312704 0.999995053 0.002139978 -2.216959000 -0.012528468 -0.002168791 0.999919176 84.924430847
0.999827921 0.002616892 0.018366581 1.345886230 -0.002660892 0.999993622 0.002371646 -2.234518290 -0.018360255 -0.002420109 0.999828637 85.477020264
0.999711215 0.002026588 0.023945691 1.378353357 -0.002083953 0.999994993 0.002370942 -2.250188351 -0.023940768 -0.002420159 0.999710441 86.018745422
0.999560654 0.001359822 0.029607402 1.410198927 -0.001410349 0.999997556 0.001685742 -2.258958340 -0.029605042 -0.001726758 0.999560177 86.562477112
0.999273598 0.001805106 0.038068477 1.438978076 -0.001885230 0.999996066 0.002068945 -2.275279522 -0.038064592 -0.002139210 0.999273121 87.118591309
0.998930693 0.001477783 0.046208829 1.485677481 -0.001595372 0.999995589 0.002507939 -2.293140411 -0.046204921 -0.002578978 0.998928666 87.669509888
0.998586595 0.001293235 0.053130746 1.528960228 -0.001438139 0.999995410 0.002689152 -2.309984207 -0.053127021 -0.002761761 0.998583913 88.211105347
0.998060703 0.001513981 0.062229671 1.579851627 -0.001659824 0.999995947 0.002292004 -2.318400621 -0.062225953 -0.002390850 0.998059213 88.764083862
0.997387826 0.001290129 0.072222292 1.643331051 -0.001450816 0.999996483 0.002172476 -2.330725431 -0.072219245 -0.002271582 0.997386217 89.285636902
0.996694028 0.001027424 0.081239983 1.703465462 -0.001231429 0.999996245 0.002461081 -2.348589182 -0.081237152 -0.002552987 0.996691585 89.857421875
0.996056080 0.001002408 0.088719755 1.769926071 -0.001184768 0.999997318 0.002002825 -2.361034632 -0.088717505 -0.002100038 0.996054590 90.405990601
0.995040476 0.000525105 0.099469677 1.852984428 -0.000741954 0.999997437 0.002143067 -2.369380951 -0.099468298 -0.002206240 0.995038271 90.949157715
0.993893087 0.000987724 0.110342555 1.917630196 -0.001283259 0.999995768 0.002607364 -2.391064405 -0.110339507 -0.002733039 0.993890107 91.502456665
0.992828012 0.000191058 0.119550854 2.002891541 -0.000458997 0.999997437 0.002213684 -2.405658245 -0.119550101 -0.002252682 0.992825508 92.050468445
0.991440296 0.000566575 0.130559847 2.098242760 -0.000954156 0.999995351 0.002906076 -2.420490742 -0.130557597 -0.003005775 0.991436183 92.597656250
0.989836812 -0.000170552 0.142207459 2.203004837 -0.000199869 0.999996603 0.002590510 -2.432429552 -0.142207399 -0.002592605 0.989833474 93.146484375
0.988221347 -0.000374120 0.153030887 2.309988976 -0.000056070 0.999996185 0.002806803 -2.450531960 -0.153031364 -0.002782323 0.988217413 93.689567566
0.986576617 -0.000736396 0.163297802 2.421301842 0.000284706 0.999996066 0.002789435 -2.463523388 -0.163299203 -0.002705499 0.986572921 94.226333618
0.984307289 -0.000607713 0.176462010 2.531404495 0.000119769 0.999996126 0.002775786 -2.474933147 -0.176463038 -0.002711092 0.984303534 94.764434814
0.982062519 -0.000446240 0.188555256 2.652940750 -0.000126397 0.999995410 0.003024934 -2.486816645 -0.188555747 -0.002994508 0.982057989 95.301200867
0.979918599 -0.001158017 0.199394196 2.769308090 0.000552004 0.999995053 0.003094832 -2.504428625 -0.199396804 -0.002922617 0.979914486 95.825523376
0.977093697 -0.001317135 0.212805450 2.911365509 0.000575807 0.999993563 0.003545535 -2.522936344 -0.212808758 -0.003341786 0.977088213 96.358039856
0.974217296 -0.002469293 0.225597858 3.066797256 0.001744023 0.999992609 0.003414115 -2.534907103 -0.225604624 -0.002932642 0.974214554 96.874450684
0.971489906 -0.001904328 0.237073243 3.199134827 0.001147683 0.999993742 0.003329576 -2.548717260 -0.237078086 -0.002962564 0.971486092 97.418876648
0.968531847 -0.002484876 0.248877138 3.363649368 0.001741006 0.999993324 0.003208971 -2.566302538 -0.248883486 -0.002674694 0.968529701 97.942810059
0.964813292 -0.002389694 0.262925059 3.521320343 0.001587273 0.999993384 0.003264263 -2.573027134 -0.262931168 -0.002732070 0.964810729 98.474746704
0.961173058 -0.002366116 0.275936365 3.677701950 0.001642789 0.999994576 0.002852465 -2.577654600 -0.275941551 -0.002288407 0.961171627 99.016471863
0.957933009 -0.002664316 0.286979407 3.863147736 0.001902958 0.999993920 0.002931894 -2.592230797 -0.286985457 -0.002262448 0.957932293 99.549346924
0.953742206 -0.003380601 0.300606728 4.044452667 0.002404476 0.999990582 0.003617081 -2.615108252 -0.300616115 -0.002726961 0.953741312 100.044021606
0.949547172 -0.003653226 0.313602984 4.244373322 0.002505467 0.999988616 0.004062863 -2.636065006 -0.313614279 -0.003072159 0.949545503 100.539695740
0.945557773 -0.004275372 0.325426131 4.441766739 0.003180684 0.999987364 0.003895808 -2.640816212 -0.325438648 -0.002648634 0.945559323 101.071899414
0.940840065 -0.004085892 0.338826418 4.645284653 0.003113459 0.999989390 0.003413493 -2.649158239 -0.338836789 -0.002156629 0.940842628 101.595123291
0.935807526 -0.004045485 0.352487922 4.861459732 0.002965043 0.999989092 0.003605034 -2.665383101 -0.352498680 -0.002328477 0.935809374 102.093109131
0.931070030 -0.004555641 0.364812046 5.088619232 0.003287866 0.999986231 0.004096203 -2.683542728 -0.364825636 -0.002614398 0.931072176 102.612945557
0.926427722 -0.005494647 0.376432568 5.317358017 0.004299349 0.999982715 0.004015368 -2.695424557 -0.376448154 -0.002101533 0.926435292 103.116752625
0.920469940 -0.005820201 0.390769869 5.548912048 0.004715971 0.999981821 0.003785307 -2.702586889 -0.390784740 -0.001641401 0.920480609 103.616455078
0.914675951 -0.006161040 0.404140949 5.792606354 0.005051503 0.999979973 0.003811612 -2.715391636 -0.404156357 -0.001444870 0.914688766 104.108856201
0.909752309 -0.006520268 0.415100276 6.040569305 0.005455130 0.999978125 0.003751644 -2.729627848 -0.415115654 -0.001148641 0.909767926 104.593910217
0.903798938 -0.007571706 0.427890241 6.316261292 0.006621643 0.999971211 0.003708554 -2.736911774 -0.427906007 -0.000518451 0.903823078 105.106811523
0.897002816 -0.007179857 0.441966504 6.563652039 0.005824080 0.999973238 0.004424428 -2.761743307 -0.441986412 -0.001394676 0.897020638 105.565612793
0.891203344 -0.008249558 0.453529030 6.845615387 0.007031456 0.999965668 0.004371978 -2.770476341 -0.453549474 -0.000707353 0.891230822 106.065765381
0.885494888 -0.008490277 0.464571506 7.115272522 0.007162790 0.999963641 0.004622227 -2.781398773 -0.464593768 -0.000765330 0.885523617 106.545585632
0.878448188 -0.008799064 0.477756590 7.407077789 0.007373170 0.999961019 0.004859740 -2.795630693 -0.477780670 -0.000746449 0.878478825 107.019790649
0.871534169 -0.009193596 0.490248740 7.680225372 0.008064226 0.999957740 0.004416046 -2.804359436 -0.490268677 0.000104742 0.871571362 107.470726013
