1.000000000 0.000000000 0.000000000 0.000000000 0.000000000 1.000000000 0.000000000 0.000000000 0.000000000 0.000000000 1.000000000 0.000000000
1.000000000 0.000050214 -0.000010036 -0.000245769 -0.000050213 1.000000000 0.000008789 -0.000633475 0.000010037 -0.000008789 1.000000000 0.000936545
1.000000000 0.000003244 -0.000044669 0.000912881 -0.000003242 1.000000000 0.000042801 -0.000737603 0.000044669 -0.000042801 1.000000000 0.000639124
1.000000000 -0.000033156 -0.000047118 0.001220319 0.000033155 1.000000000 -0.000035618 -0.000640955 0.000047119 0.000035617 1.000000000 -0.000172128
1.000000000 -0.000098983 -0.000090665 0.001209565 0.000098991 1.000000000 0.000079567 -0.000705224 0.000090657 -0.000079576 1.000000000 0.000092161
1.000000000 -0.000087074 -0.000109530 -0.000337547 0.000087070 1.000000000 -0.000036443 0.001326169 0.000109534 0.000036433 1.000000000 0.001939259
1.000000000 -0.000132406 -0.000081388 0.001258569 0.000132412 1.000000000 0.000072167 -0.000368052 0.000081378 -0.000072178 1.000000000 0.000860982
1.000000000 -0.000088273 -0.000053673 0.000201517 0.000088277 1.000000000 0.000078573 -0.001123240 0.000053666 -0.000078577 1.000000000 -0.001247880
1.000000000 0.000010042 -0.000066739 0.000727628 -0.000010039 1.000000000 0.000047862 -0.000384342 0.000066740 -0.000047861 1.000000000 -0.000970983
1.000000000 0.000037768 -0.000012076 -0.000143370 -0.000037768 1.000000000 0.000025063 0.000424689 0.000012077 -0.000025062 1.000000000 0.002118781
1.000000000 0.000030828 -0.000034172 0.000524229 -0.000030828 1.000000000 0.000001385 0.000391653 0.000034172 -0.000001384 1.000000000 0.001487087
1.000000000 -0.000078163 -0.000071033 0.001004338 0.000078170 1.000000000 0.000100911 -0.001037336 0.000071025 -0.000100917 1.000000000 0.000700716
1.000000000 -0.000045424 -0.000062563 0.000639019 0.000045423 1.000000000 -0.000013058 0.000655515 0.000062564 0.000013055 1.000000000 0.001938548
1.000000000 -0.000128140 -0.000119703 0.000776963 0.000128154 1.000000000 0.000116366 -0.000465663 0.000119688 -0.000116381 1.000000000 0.000140670
1.000000000 -0.000093958 -0.000126656 0.001524553 0.000093965 1.000000000 0.000055216 -0.000684260 0.000126651 -0.000055228 1.000000000 -0.003622924
1.000000000 -0.000044671 -0.000114065 0.002589170 0.000044683 1.000000000 0.000105078 -0.000951277 0.000114060 -0.000105083 1.000000000 -0.001645128
1.000000000 -0.000043299 -0.000055058 0.001390736 0.000043305 1.000000000 0.000102953 -0.001061348 0.000055054 -0.000102955 1.000000000 -0.003065357
1.000000000 -0.000036614 -0.000070925 0.002621324 0.000036618 1.000000000 0.000054649 -0.000259056 0.000070923 -0.000054651 1.000000000 0.001041837
1.000000000 0.000020973 -0.000088471 0.002070296 -0.000020963 1.000000000 0.000114136 -0.000858948 0.000088473 -0.000114134 1.000000000 -0.002106067
1.000000000 -0.000119615 -0.000098167 0.001981200 0.000119619 1.000000000 0.000037328 -0.000999455 0.000098163 -0.000037340 1.000000000 -0.003483468
1.000000000 -0.000121867 -0.000123402 0.001676064 0.000121875 1.000000000 0.000063159 0.000224862 0.000123394 -0.000063175 1.000000000 0.001494276
1.000000000 -0.000136962 -0.000101454 0.001478002 0.000136970 1.000000000 0.000084434 -0.001486119 0.000101442 -0.000084448 1.000000000 -0.004986551
1.000000000 0.000005360 -0.000128196 0.004012273 -0.000005348 1.000000000 0.000097714 -0.000531897 0.000128196 -0.000097714 1.000000000 -0.001036330
1.000000000 -0.000100469 -0.000164588 0.003249902 0.000100480 1.000000000 0.000069500 -0.001000910 0.000164581 -0.000069517 1.000000000 -0.002469967
1.000000000 -0.000155609 -0.000134450 0.002420771 0.000155619 1.000000000 0.000077331 -0.000876628 0.000134438 -0.000077351 1.000000000 -0.002613461
1.000000000 -0.000078540 -0.000141942 0.003041781 0.000078550 1.000000000 0.000064997 -0.000346566 0.000141937 -0.000065008 1.000000000 -0.000845564
1.000000000 -0.000123434 -0.000109511 0.003573867 0.000123439 1.000000000 0.000048681 -0.000010303 0.000109505 -0.000048695 1.000000000 -0.001905924
1.000000000 -0.000147044 -0.000145533 0.002425951 0.000147062 1.000000000 0.000127751 -0.000556302 0.000145514 -0.000127772 1.000000000 -0.002723914
1.000000000 -0.000176500 -0.000086056 0.000595436 0.000176508 1.000000000 0.000084655 -0.001484599 0.000086041 -0.000084670 1.000000000 -0.002713428
1.000000000 -0.000070592 -0.000189519 0.004613437 0.000070626 1.000000000 0.000180275 -0.002309299 0.000189506 -0.000180288 0.999999940 -0.004990965
1.000000000 -0.000155938 -0.000172240 0.004354557 0.000155949 1.000000000 0.000061390 -0.000585677 0.000172230 -0.000061417 1.000000000 -0.003182187
1.000000000 -0.000134752 -0.000162379 0.003668165 0.000134767 1.000000000 0.000095000 -0.000596825 0.000162366 -0.000095022 1.000000000 -0.001911143
1.000000000 -0.000135630 -0.000152207 0.003292899 0.000135645 1.000000000 0.000103523 -0.000734432 0.000152193 -0.000103544 1.000000000 -0.004086792
1.000000000 -0.000060430 -0.000115331 0.003108294 0.000060438 1.000000000 0.000069190 -0.000420240 0.000115326 -0.000069197 1.000000000 -0.003380595
1.000000000 -0.000090021 -0.000145938 0.002503356 0.000090032 1.000000000 0.000075048 -0.000595669 0.000145931 -0.000075061 1.000000000 -0.001301424
1.000000000 -0.000187456 -0.000110721 0.001905714 0.000187470 1.000000000 0.000130850 -0.001883999 0.000110697 -0.000130870 1.000000000 -0.004869393
0.999999940 -0.000188544 -0.000203300 0.003830203 0.000188562 1.000000000 0.000088222 -0.000796691 0.000203283 -0.000088260 1.000000000 -0.003377927
1.000000000 -0.000107731 -0.000161427 0.004531510 0.000107754 1.000000000 0.000143851 -0.000803681 0.000161411 -0.000143868 1.000000000 -0.006698137
1.000000000 -0.000143417 -0.000119090 0.002218363 0.000143426 1.000000000 0.000083237 -0.000727971 0.000119078 -0.000083254 1.000000000 -0.002813980
1.000000000 -0.000167731 -0.000177365 0.003051977 0.000167762 1.000000000 0.000173271 -0.001488974 0.000177336 -0.000173300 0.999999940 -0.004229433
1.000000000 -0.000133869 -0.000203558 0.004870268 0.000133880 1.000000000 0.000054522 -0.002046238 0.000203551 -0.000054550 1.000000000 -0.002599895
1.000000000 -0.000230503 -0.000046566 0.002290786 0.000230478 0.999999821 -0.000526443 -0.002382968 0.000046688 0.000526432 0.999999881 0.050294209
1.000000000 0.000074909 -0.000076182 0.003057236 -0.000074999 0.999999285 -0.001180254 -0.004775112 0.000076093 0.001180259 0.999999285 0.139570415
1.000000000 -0.000091178 -0.000016919 0.005077111 0.000091154 0.999998927 -0.001453932 -0.008458779 0.000017051 0.001453931 0.999998927 0.255731761
1.000000000 -0.000093504 -0.000011724 0.007176580 0.000093488 0.999998987 -0.001424282 -0.011260504 0.000011857 0.001424281 0.999998987 0.390708327
1.000000000 -0.000012809 -0.000044221 0.009283649 0.000012756 0.999999285 -0.001213805 -0.017155616 0.000044236 0.001213804 0.999999285 0.528360307
1.000000000 0.000187566 0.000033038 0.012763874 -0.000187530 0.999999404 -0.001101019 -0.023719078 -0.000033245 0.001101013 0.999999404 0.682044029
1.000000000 -0.000052339 0.000113806 0.014334024 0.000052439 0.999999642 -0.000873866 -0.027066767 -0.000113760 0.000873872 0.999999583 0.844116569
0.999999940 0.000291613 0.000167740 0.015326072 -0.000291491 0.999999702 -0.000728285 -0.027649853 -0.000167952 0.000728236 0.999999702 1.021215677
1.000000000 0.000167861 -0.000091869 0.025960462 -0.000167911 0.999999821 -0.000543724 -0.037831243 0.000091777 0.000543739 0.999999821 1.188925147
1.000000000 0.000087051 -0.000018475 0.029423650 -0.000087055 0.999999940 -0.000242636 -0.043831177 0.000018454 0.000242637 1.000000000 1.368993044
0.999999583 0.000906614 0.000123189 0.019566024 -0.000906639 0.999999523 0.000205807 -0.048620597 -0.000123003 -0.000205919 1.000000000 1.525788307
0.999999881 0.000421860 0.000230496 0.024497775 -0.000421948 0.999999821 0.000379901 -0.054656174 -0.000230336 -0.000379998 0.999999940 1.717077136
0.999999940 0.000169962 -0.000022201 0.035152577 -0.000169947 0.999999702 0.000673160 -0.062198516 0.000022315 -0.000673156 0.999999762 1.925351024
0.999999523 0.000979410 0.000262310 0.027894260 -0.000979562 0.999999404 0.000579866 -0.066103019 -0.000261742 -0.000580123 0.999999821 2.138771057
0.999999464 0.000923262 0.000297993 0.030043161 -0.000923456 0.999999344 0.000651905 -0.073709913 -0.000297391 -0.000652180 0.999999702 2.349633694
0.999999642 0.000879590 0.000119224 0.036626521 -0.000879646 0.999999523 0.000469908 -0.077816397 -0.000118811 -0.000470013 0.999999940 2.576219797
0.999999523 0.000839710 0.000401823 0.041784752 -0.000839924 0.999999464 0.000532263 -0.087554097 -0.000401376 -0.000532600 0.999999821 2.804384470
0.999999940 0.000488183 0.000197420 0.051976848 -0.000488342 0.999999523 0.000806131 -0.095218539 -0.000197026 -0.000806227 0.999999642 3.025328636
0.999999940 0.000394633 -0.000020890 0.057191737 -0.000394614 0.999999523 0.000903107 -0.103276260 0.000021246 -0.000903098 0.999999583 3.264749765
0.999999762 0.000692110 0.000209584 0.063008875 -0.000692319 0.999999285 0.000998525 -0.111540288 -0.000208893 -0.000998670 0.999999464 3.509103298
0.999999762 0.000670629 0.000206500 0.067779116 -0.000670882 0.999999046 0.001229180 -0.118145764 -0.000205675 -0.001229319 0.999999166 3.759833097
0.999999881 0.000462601 0.000369911 0.068484776 -0.000463033 0.999999225 0.001168844 -0.123403877 -0.000369369 -0.001169015 0.999999225 4.027094364
0.999999225 0.001080888 0.000636299 0.070002973 -0.001082102 0.999997556 0.001910553 -0.134353071 -0.000634232 -0.001911240 0.999997973 4.269239426
0.999999642 0.000773635 0.000419983 0.077163450 -0.000774463 0.999997735 0.001975623 -0.141306594 -0.000418454 -0.001975948 0.999997914 4.526201725
0.999999583 0.000695415 0.000535258 0.082452752 -0.000696603 0.999997258 0.002222847 -0.149288714 -0.000533710 -0.002223219 0.999997377 4.782241344
0.999999523 0.000744377 0.000637936 0.085149214 -0.000745630 0.999997735 0.001965359 -0.156060591 -0.000636472 -0.001965834 0.999997854 5.057233334
0.999999404 0.000897413 0.000641724 0.093280718 -0.000898718 0.999997497 0.002036231 -0.163562879 -0.000639895 -0.002036806 0.999997735 5.318910122
0.999999046 0.001095988 0.000811233 0.095013678 -0.001097645 0.999997318 0.002045326 -0.172589585 -0.000808990 -0.002046215 0.999997616 5.591269493
0.999999046 0.001338816 0.000584784 0.097838409 -0.001339975 0.999997139 0.001985271 -0.178195253 -0.000582124 -0.001986052 0.999997854 5.864881516
0.999999464 0.000871304 0.000564851 0.109955505 -0.000872521 0.999997318 0.002157662 -0.193116307 -0.000562970 -0.002158153 0.999997437 6.137110710
0.999999702 0.000580796 0.000529699 0.104580350 -0.000582069 0.999997079 0.002405485 -0.212919891 -0.000528300 -0.002405793 0.999996960 6.404854298
0.999999404 0.000846024 0.000713470 0.112697117 -0.000847786 0.999996603 0.002471918 -0.223204732 -0.000711376 -0.002472521 0.999996722 6.687659264
0.999999583 0.000623854 0.000709660 0.118281126 -0.000625644 0.999996662 0.002524254 -0.230337143 -0.000708083 -0.002524697 0.999996543 6.997114658
0.999999523 0.000725117 0.000683688 0.124453291 -0.000726900 0.999996424 0.002610832 -0.240237653 -0.000681792 -0.002611328 0.999996305 7.281865597
0.999999583 0.000566107 0.000772106 0.130637392 -0.000568105 0.999996543 0.002590028 -0.250858068 -0.000770637 -0.002590465 0.999996305 7.583636284
0.999999225 0.000985914 0.000760635 0.139886752 -0.000987688 0.999996781 0.002336399 -0.261637151 -0.000758329 -0.002337148 0.999996960 7.904944897
0.999999523 0.000697229 0.000720785 0.147514656 -0.000698898 0.999997139 0.002317479 -0.267423540 -0.000719167 -0.002317982 0.999997020 8.225527763
0.999999464 0.000850069 0.000606521 0.153187945 -0.000851403 0.999997199 0.002202755 -0.276654035 -0.000604647 -0.002203270 0.999997318 8.558694839
0.999998569 0.001380354 0.000928715 0.152150005 -0.001382417 0.999996543 0.002224050 -0.281378418 -0.000925642 -0.002225331 0.999997020 8.905784607
0.999998510 0.001339689 0.001048921 0.154582202 -0.001342230 0.999996126 0.002425779 -0.293634892 -0.001045667 -0.002427183 0.999996483 9.234189987
0.999998391 0.001188548 0.001355688 0.158971012 -0.001192687 0.999994636 0.003056098 -0.313077778 -0.001352049 -0.003057710 0.999994397 9.560472488
0.999998152 0.001443698 0.001304155 0.168946922 -0.001447812 0.999994040 0.003159497 -0.321174175 -0.001299586 -0.003161379 0.999994159 9.903846741
0.999998927 0.000784675 0.001223911 0.174521148 -0.000788466 0.999994874 0.003099995 -0.328783512 -0.001221472 -0.003100956 0.999994397 10.272497177
0.999998987 0.000858180 0.001139677 0.191191107 -0.000861875 0.999994278 0.003245309 -0.352933407 -0.001136886 -0.003246288 0.999994099 10.658787727
0.999998987 0.000723615 0.001197940 0.196805850 -0.000727633 0.999994040 0.003357356 -0.362648576 -0.001195503 -0.003358224 0.999993682 11.026847839
0.999998689 0.000931382 0.001340717 0.206352726 -0.000936029 0.999993563 0.003469805 -0.372925460 -0.001337476 -0.003471055 0.999993086 11.403036118
0.999998510 0.000999918 0.001416359 0.206194952 -0.001004929 0.999993145 0.003541091 -0.385721922 -0.001412809 -0.003542509 0.999992728 11.758520126
0.999999106 0.000742715 0.001096115 0.217978895 -0.000746589 0.999993384 0.003537957 -0.398129553 -0.001093481 -0.003538772 0.999993145 12.143709183
0.999997199 0.001705074 0.001615999 0.223914176 -0.001710982 0.999991775 0.003661946 -0.406603783 -0.001609742 -0.003664701 0.999992013 12.537247658
0.999998808 0.000937699 0.001267674 0.241391256 -0.000942805 0.999991417 0.004033019 -0.425925940 -0.001263882 -0.004034210 0.999991000 12.894666672
0.999998987 0.000826144 0.001140128 0.262454689 -0.000830771 0.999991417 0.004064256 -0.453665584 -0.001136760 -0.004065200 0.999991119 13.336946487
0.999998450 0.000764695 0.001584442 0.271238804 -0.000771237 0.999991179 0.004132792 -0.463447094 -0.001581268 -0.004134008 0.999990284 13.747100830
0.999997735 0.001219504 0.001749867 0.278467476 -0.001227425 0.999989092 0.004532721 -0.475543290 -0.001744321 -0.004534859 0.999988198 14.157220840
0.999997199 0.001245323 0.002018704 0.291795582 -0.001254264 0.999989450 0.004433792 -0.483354360 -0.002013161 -0.004436311 0.999988139 14.588231087
0.999996841 0.001241183 0.002190567 0.303775460 -0.001251667 0.999987662 0.004791138 -0.510814011 -0.002184594 -0.004793864 0.999986112 15.029919624
0.999997854 0.000589467 0.002010148 0.316375673 -0.000599159 0.999988139 0.004824058 -0.521329403 -0.002007281 -0.004825251 0.999986351 15.458903313
0.999995947 0.001161519 0.002601661 0.328979611 -0.001174751 0.999986351 0.005090513 -0.538749337 -0.002595713 -0.005093548 0.999983668 15.905289650
0.999995708 0.001087804 0.002713652 0.343416005 -0.001101887 0.999985874 0.005193640 -0.549896359 -0.002707965 -0.005196608 0.999982834 16.350021362
0.999995768 0.001097325 0.002697206 0.354895771 -0.001111169 0.999986172 0.005136846 -0.562055469 -0.002691532 -0.005139821 0.999983191 16.792819977
0.999993801 0.001166689 0.003326636 0.362019777 -0.001185416 0.999983430 0.005632946 -0.576741934 -0.003320009 -0.005636853 0.999978602 17.252149582
0.999991655 0.001361508 0.003855471 0.372931540 -0.001384895 0.999980628 0.006069905 -0.589433074 -0.003847132 -0.006075195 0.999974132 17.713775635
0.999991715 0.001061746 0.003936960 0.388471723 -0.001084799 0.999982297 0.005858161 -0.604839087 -0.003930670 -0.005862383 0.999975145 18.174154282
0.999989688 0.001113883 0.004406009 0.384025514 -0.001138196 0.999984145 0.005519515 -0.611157060 -0.004399791 -0.005524472 0.999975085 18.662977219
0.999990761 0.001035346 0.004169469 0.395109683 -0.001059014 0.999983311 0.005678174 -0.624246836 -0.004163521 -0.005682537 0.999975264 19.128730774
0.999989808 0.001102633 0.004374039 0.411793530 -0.001127237 0.999983549 0.005626692 -0.635552883 -0.004367763 -0.005631566 0.999974608 19.608957291
0.999989390 0.001379256 0.004393340 0.422391295 -0.001405825 0.999980688 0.006050275 -0.654102921 -0.004384910 -0.006056386 0.999972105 20.067272186
0.999992251 0.000806716 0.003855807 0.451802492 -0.000831714 0.999978542 0.006485953 -0.693727314 -0.003850492 -0.006489110 0.999971449 20.572673798
0.999995291 0.000224080 0.003047802 0.466751575 -0.000243396 0.999979794 0.006338761 -0.706415594 -0.003046320 -0.006339474 0.999975204 21.059412003
0.999996006 0.000532997 0.002766532 0.476945728 -0.000550898 0.999978781 0.006473773 -0.716576338 -0.002763024 -0.006475270 0.999975204 21.552606583
0.999995768 0.001157017 0.002662014 0.476310611 -0.001175420 0.999975383 0.006922123 -0.736099660 -0.002653940 -0.006925223 0.999972463 22.061067581
0.999998212 -0.001040421 0.001569705 0.511667907 0.001028711 0.999971747 0.007442831 -0.785326838 -0.001577404 -0.007441203 0.999971092 22.600948334
0.999998450 -0.000451183 0.001734862 0.517311275 0.000438363 0.999972582 0.007383151 -0.796220958 -0.001738146 -0.007382379 0.999971271 23.122493744
0.999999106 -0.001193525 0.000641915 0.533064961 0.001188722 0.999971688 0.007430617 -0.807948351 -0.000650765 -0.007429847 0.999972165 23.622039795
0.999996603 -0.002608936 0.000067994 0.536772728 0.002608371 0.999970019 0.007293840 -0.827171683 -0.000087021 -0.007293638 0.999973416 24.133695602
0.999998927 -0.001460561 -0.000189614 0.545578778 0.001461946 0.999970615 0.007520308 -0.836007297 0.000178625 -0.007520577 0.999971688 24.658981323
0.999997914 -0.001575789 -0.001311234 0.560330689 0.001586008 0.999968112 0.007829219 -0.846946478 0.001298855 -0.007831283 0.999968469 25.182922363
0.999998808 -0.000322781 -0.001509149 0.556867778 0.000335142 0.999966323 0.008197753 -0.860527396 0.001506452 -0.008198249 0.999965250 25.692602158
0.999997973 -0.000808755 -0.001806945 0.566721261 0.000823533 0.999966085 0.008192998 -0.878521681 0.001800258 -0.008194472 0.999964774 26.237174988
0.999996185 -0.001373567 -0.002397826 0.564418018 0.001394115 0.999962091 0.008589182 -0.886842012 0.002385937 -0.008592491 0.999960244 26.756544113
0.999994814 -0.001435522 -0.002890537 0.577307999 0.001461603 0.999958098 0.009041169 -0.910693407 0.002877438 -0.009045347 0.999954939 27.299861908
0.999994695 -0.000740160 -0.003175789 0.565743923 0.000767425 0.999962807 0.008592553 -0.893778622 0.003169311 -0.008594944 0.999958038 27.775913239
0.999992728 -0.000762561 -0.003739037 0.576394618 0.000794421 0.999963343 0.008527021 -0.904464841 0.003732397 -0.008529930 0.999956667 28.317544937
0.999993265 -0.000280402 -0.003652922 0.589034081 0.000312965 0.999960184 0.008916777 -0.944269419 0.003650276 -0.008917860 0.999953568 28.852579117
0.999993801 -0.000063846 -0.003520567 0.593149304 0.000095775 0.999958813 0.009069729 -0.957637370 0.003519843 -0.009070007 0.999952674 29.405567169
0.999988139 -0.001482228 -0.004634556 0.600349307 0.001526230 0.999953628 0.009505195 -0.978716671 0.004620252 -0.009512153 0.999944091 29.905635834
0.999987900 -0.001180764 -0.004770821 0.611098647 0.001224655 0.999956846 0.009207392 -0.990261853 0.004759743 -0.009213124 0.999946237 30.457324982
0.999988616 -0.000530053 -0.004740640 0.628664494 0.000573909 0.999957025 0.009254540 -0.996281564 0.004735530 -0.009257155 0.999945939 30.962598801
0.999986053 -0.000628958 -0.005228854 0.650816321 0.000676976 0.999957621 0.009186519 -1.013715506 0.005222854 -0.009189931 0.999944150 31.502019882
0.999983788 -0.000683461 -0.005659140 0.664107621 0.000735314 0.999957800 0.009165748 -1.031079769 0.005652637 -0.009169759 0.999942005 32.025299072
0.999986887 -0.000190092 -0.005106923 0.640022099 0.000237912 0.999956071 0.009364679 -1.051033497 0.005104919 -0.009365772 0.999943078 32.469524384
0.999984026 -0.000435072 -0.005631563 0.646754146 0.000489297 0.999953508 0.009630869 -1.063578248 0.005627112 -0.009633472 0.999937713 33.018562317
0.999983430 -0.000352536 -0.005749582 0.653752089 0.000410107 0.999949753 0.010014966 -1.077843189 0.005745764 -0.010017158 0.999933362 33.554824829
0.999983728 -0.000429283 -0.005678505 0.661173820 0.000484221 0.999953032 0.009676736 -1.084798813 0.005674084 -0.009679331 0.999937057 34.105560303
0.999983191 -0.000579811 -0.005776041 0.670551002 0.000636401 0.999951720 0.009800433 -1.092965007 0.005770080 -0.009803943 0.999935329 34.684154510
0.999975920 -0.001573707 -0.006758501 0.692327619 0.001641551 0.999948204 0.010044428 -1.109516859 0.006742345 -0.010055279 0.999926686 35.187736511
0.999973118 -0.002185741 -0.007000378 0.701961398 0.002254535 0.999949098 0.009834366 -1.118677378 0.006978526 -0.009849884 0.999927104 35.740024567
0.999974191 -0.002060070 -0.006878907 0.708644867 0.002129456 0.999946773 0.010094719 -1.137005091 0.006857746 -0.010109107 0.999925315 36.265335083
0.999978483 0.000080472 -0.006548263 0.686076462 -0.000015019 0.999950051 0.009994944 -1.131810665 0.006548739 -0.009994631 0.999928594 36.659961700
0.999977529 -0.000159088 -0.006702277 0.694682419 0.000228266 0.999946713 0.010322073 -1.146923423 0.006700279 -0.010323372 0.999924183 37.201618195
0.999975502 -0.000420118 -0.006989921 0.708713651 0.000494264 0.999943554 0.010609168 -1.158177614 0.006985070 -0.010612360 0.999919236 37.752452850
0.999976218 -0.000274650 -0.006882241 0.705693901 0.000347980 0.999943078 0.010655968 -1.173719764 0.006878923 -0.010658108 0.999919474 38.280250549
0.999974668 -0.000695486 -0.007087851 0.729984224 0.000768437 0.999946773 0.010294884 -1.189548016 0.007080314 -0.010300066 0.999921799 38.937026978
0.999974132 -0.000123318 -0.007189831 0.738193154 0.000204761 0.999935806 0.011327918 -1.235227704 0.007187973 -0.011329099 0.999909997 39.340049744
0.999971092 -0.000391715 -0.007586597 0.757669151 0.000478922 0.999933779 0.011496448 -1.254951835 0.007581592 -0.011499749 0.999905109 39.854564667
0.999972284 -0.000818834 -0.007400258 0.763070703 0.000905151 0.999931514 0.011668199 -1.266253233 0.007390197 -0.011674575 0.999904573 40.415649414
0.999972463 -0.000093365 -0.007412562 0.775434136 0.000182147 0.999928236 0.011977382 -1.279584408 0.007410911 -0.011978405 0.999900818 40.936458588
0.999968469 -0.000765559 -0.007905453 0.787184238 0.000858570 0.999930322 0.011768795 -1.287914872 0.007895893 -0.011775210 0.999899507 41.498626709
0.999959528 -0.002770739 -0.008570293 0.787536621 0.002876174 0.999920011 0.012314549 -1.312356234 0.008535489 -0.012338700 0.999887407 41.945938110
0.999957323 -0.002870352 -0.008778379 0.798874617 0.002979008 0.999918699 0.012389740 -1.319934487 0.008742102 -0.012415363 0.999884725 42.490402222
0.999954700 -0.003034140 -0.009025249 0.810152650 0.003144506 0.999920070 0.012239535 -1.330044270 0.008987392 -0.012267360 0.999884307 43.038394928
0.999958992 -0.002984809 -0.008553273 0.747508407 0.003096133 0.999910414 0.013032012 -1.404145241 0.008513609 -0.013057963 0.999878466 43.588306427
0.999967515 -0.001771624 -0.007874790 0.734753609 0.001873883 0.999913752 0.012997329 -1.417637944 0.007851086 -0.013011663 0.999884486 44.134742737
0.999967694 -0.001427200 -0.007911391 0.736727059 0.001527823 0.999917805 0.012727291 -1.426982403 0.007892577 -0.012738967 0.999887705 44.684303284
0.999965549 -0.002298358 -0.007977547 0.750576854 0.002403534 0.999909997 0.013199562 -1.442206144 0.007946492 -0.013218284 0.999881029 45.167045593
0.999951839 -0.003309275 -0.009241026 0.793817222 0.003432611 0.999904752 0.013362803 -1.442816734 0.009195925 -0.013393879 0.999868035 45.743381500
0.999963045 -0.002292457 -0.008282334 0.759857893 0.002401816 0.999909759 0.013218183 -1.459990263 0.008251283 -0.013237588 0.999878287 46.265693665
0.999959230 -0.002923016 -0.008533736 0.768857241 0.003039919 0.999901235 0.013718309 -1.471678972 0.008492794 -0.013743694 0.999869466 46.793495178
0.999968052 -0.001452964 -0.007861450 0.788521469 0.001553896 0.999916255 0.012848069 -1.469574213 0.007842124 -0.012859874 0.999886513 47.352939606
0.999960303 -0.002645303 -0.008503231 0.790511668 0.002760168 0.999904633 0.013525177 -1.489517450 0.008466643 -0.013548112 0.999872386 47.886508942
0.999963582 -0.002877522 -0.008036411 0.777051449 0.002981161 0.999912143 0.012914243 -1.489165545 0.007998545 -0.012937730 0.999884307 48.456222534
0.999963462 -0.002321488 -0.008225080 0.796489298 0.002433951 0.999903321 0.013689692 -1.508993268 0.008192503 -0.013709211 0.999872386 48.940963745
0.999965727 -0.001900753 -0.008054397 0.797843814 0.002011134 0.999903858 0.013718605 -1.513414383 0.008027547 -0.013734334 0.999873400 49.480232239
0.999962389 -0.002259478 -0.008363911 0.811445355 0.002374269 0.999902725 0.013740133 -1.527977109 0.008332051 -0.013759474 0.999870598 49.992912292
0.999968052 -0.001688128 -0.007812936 0.803747892 0.001792081 0.999909699 0.013317390 -1.525673628 0.007789748 -0.013330966 0.999880731 50.570209503
0.999963939 -0.002222190 -0.008191019 0.816216707 0.002336937 0.999898911 0.014025955 -1.539527655 0.008159022 -0.014044591 0.999868095 51.062232971
0.999964356 -0.001909014 -0.008216481 0.822355449 0.002021195 0.999904513 0.013666657 -1.562832355 0.008189606 -0.013682777 0.999872863 51.605049133
0.999963045 -0.001953406 -0.008366653 0.823452234 0.002070819 0.999899149 0.014047822 -1.574267149 0.008338368 -0.014064629 0.999866247 52.117729187
0.999961674 -0.002017039 -0.008516903 0.832107663 0.002136825 0.999898672 0.014078842 -1.585046887 0.008487641 -0.014096502 0.999864578 52.670429230
0.999965429 -0.001773768 -0.008123644 0.832172751 0.001886283 0.999902129 0.013863712 -1.583003998 0.008098256 -0.013878556 0.999870896 53.169864655
0.999963820 -0.001894384 -0.008292069 0.837270081 0.002006973 0.999905646 0.013590714 -1.594249129 0.008265539 -0.013606864 0.999873221 53.796806335
0.999965847 -0.001504251 -0.008127853 0.840371966 0.001614578 0.999906421 0.013584512 -1.592958331 0.008106659 -0.013597173 0.999874651 54.222270966
0.999965608 -0.001629893 -0.008130162 0.845556438 0.001742416 0.999902606 0.013852336 -1.600056648 0.008106792 -0.013866029 0.999870956 54.774810791
0.999964774 -0.001831403 -0.008191693 0.851426303 0.001946212 0.999899685 0.014029359 -1.608410239 0.008165178 -0.014044808 0.999868035 55.248062134
0.999972820 -0.000895525 -0.007324333 0.858102322 0.000995098 0.999907017 0.013602531 -1.612134933 0.007311471 -0.013609450 0.999880672 55.870822906
0.999970615 -0.001152462 -0.007590199 0.864147544 0.001255472 0.999906957 0.013580759 -1.616643667 0.007573843 -0.013589887 0.999879003 56.340129852
0.999970317 -0.000869919 -0.007658188 0.870039999 0.000975580 0.999904156 0.013804218 -1.635052443 0.007645446 -0.013811279 0.999875426 56.891040802
0.999969184 -0.001459493 -0.007712681 0.876615882 0.001569790 0.999896288 0.014314060 -1.650490403 0.007690991 -0.014325727 0.999867797 57.301074982
0.999970257 -0.000443122 -0.007706420 0.910989344 0.000546969 0.999908984 0.013478393 -1.615511775 0.007699749 -0.013482207 0.999879420 58.048698425
0.999966025 -0.001341049 -0.008133234 0.916675925 0.001457566 0.999896169 0.014337043 -1.701398849 0.008113162 -0.014348411 0.999864161 58.233268738
0.999964654 -0.001301640 -0.008305166 0.926306665 0.001421045 0.999895513 0.014387470 -1.707954645 0.008285570 -0.014398763 0.999862015 58.777786255
0.999964535 -0.001460313 -0.008290392 0.936296821 0.001579724 0.999894857 0.014415379 -1.715854645 0.008268468 -0.014427966 0.999861777 59.302497864
0.999959588 -0.001989388 -0.008766696 0.966506422 0.002114142 0.999896348 0.014244178 -1.726146221 0.008737450 -0.014262136 0.999860168 59.822601318
0.999968767 -0.000568258 -0.007877985 0.976362824 0.000681265 0.999896824 0.014349488 -1.745412350 0.007869018 -0.014354407 0.999866009 60.364204407
0.999956846 -0.002180662 -0.009029659 0.983370304 0.002308221 0.999897420 0.014140340 -1.747463346 0.008997897 -0.014160573 0.999859333 60.924560547
0.999957621 -0.002108591 -0.008959938 0.987253070 0.002233667 0.999899864 0.013972427 -1.742658615 0.008929579 -0.013991847 0.999862313 61.466995239
0.999960065 -0.002144554 -0.008679229 0.996656954 0.002272486 0.999888480 0.014757072 -1.765332818 0.008646615 -0.014776208 0.999853373 61.925498962
0.999962091 -0.001225934 -0.008620066 1.001509309 0.001350668 0.999894261 0.014479320 -1.731993556 0.008601404 -0.014490413 0.999858022 62.411846161
0.999965549 -0.000723170 -0.008258141 1.000215054 0.000843329 0.999893606 0.014556183 -1.738646746 0.008246737 -0.014562648 0.999859989 62.954849243
0.999964893 -0.000991000 -0.008314951 1.002642870 0.001111648 0.999894023 0.014517717 -1.746028304 0.008299685 -0.014526452 0.999860048 63.499782562
0.999969900 -0.000289165 -0.007752052 0.992317855 0.000400694 0.999896348 0.014389326 -1.755214930 0.007747089 -0.014392001 0.999866366 64.042770386
0.999970496 0.000318519 -0.007672574 0.982178450 -0.000201367 0.999883413 0.015264811 -1.828979969 0.007676544 -0.015262817 0.999854028 64.538475037
0.999970198 -0.000360805 -0.007710072 1.004249692 0.000469042 0.999901354 0.014041236 -1.754967690 0.007704245 -0.014044435 0.999871731 65.165321350
0.999970138 0.000395119 -0.007711820 0.993917465 -0.000277336 0.999883413 0.015268138 -1.844838500 0.007716954 -0.015265542 0.999853611 65.623947144
0.999970794 0.000883418 -0.007588341 1.002792358 -0.000770243 0.999888539 0.014904317 -1.856313467 0.007600665 -0.014898036 0.999860048 66.138816833
0.999970555 0.001029068 -0.007606786 1.006412983 -0.000918160 0.999893427 0.014569198 -1.862375379 0.007620969 -0.014561783 0.999864936 66.676330566
0.999969482 0.000006997 -0.007815178 0.992706835 0.000105822 0.999895751 0.014435320 -1.867378473 0.007814466 -0.014435706 0.999865234 67.221748352
0.999970317 0.000022251 -0.007695219 0.991775155 0.000101405 0.999870896 0.016068403 -1.918639302 0.007694582 -0.016068708 0.999841273 67.557586670
0.999971211 0.000462067 -0.007569422 0.997834444 -0.000340551 0.999871254 0.016047005 -1.928562641 0.007575862 -0.016043965 0.999842584 68.095748901
0.999966979 -0.000045878 -0.008121832 1.016080618 0.000173666 0.999876261 0.015733916 -1.930245757 0.008120107 -0.015734809 0.999843240 68.642028809
0.999970913 0.000124043 -0.007620515 1.018787622 -0.000004450 0.999876916 0.015691571 -1.936850548 0.007621523 -0.015691083 0.999847770 69.195007324
0.999970794 0.000219232 -0.007636964 1.033656836 -0.000100399 0.999879003 0.015557184 -1.940487742 0.007639451 -0.015555963 0.999849796 69.739418030
0.999969482 0.000240546 -0.007808552 1.042233706 -0.000121065 0.999882936 0.015298225 -1.932603598 0.007811319 -0.015296815 0.999852419 70.292053223
0.999970675 0.000747153 -0.007621450 1.050059199 -0.000631788 0.999885321 0.015128169 -1.952154875 0.007631882 -0.015122908 0.999856532 70.836456299
0.999970257 -0.000134465 -0.007713908 1.063452005 0.000257173 0.999873340 0.015908537 -1.970600724 0.007710791 -0.015910048 0.999843657 71.366065979
0.999969959 0.000753055 -0.007707606 1.070793390 -0.000634298 0.999881208 0.015398675 -1.965587616 0.007718286 -0.015393325 0.999851644 71.899765015
0.999970019 -0.000037816 -0.007741138 1.074840546 0.000158468 0.999878466 0.015585717 -1.969065309 0.007739609 -0.015586476 0.999848545 72.463981628
0.999970019 -0.000313695 -0.007729965 1.082528234 0.000431603 0.999883473 0.015256453 -1.973361373 0.007724278 -0.015259334 0.999853730 73.006027222
0.999968469 -0.000102454 -0.007937768 1.100609779 0.000223685 0.999883294 0.015273214 -1.992517233 0.007935275 -0.015274510 0.999851823 73.601577759
0.999969780 -0.000184527 -0.007761014 1.100372791 0.000300136 0.999889016 0.014897573 -1.986539960 0.007757403 -0.014899455 0.999858856 74.076362610
0.999967337 -0.000341648 -0.008070822 1.127328396 0.000464160 0.999884605 0.015182651 -2.011672497 0.008064702 -0.015185903 0.999852121 74.643875122
0.999968052 0.000026420 -0.007987556 1.120347023 0.000092326 0.999889493 0.014865611 -2.014761925 0.007987065 -0.014865876 0.999857605 75.205642700
0.999966621 -0.000530739 -0.008144189 1.143574476 0.000649289 0.999893785 0.014560668 -2.019251585 0.008135597 -0.014565469 0.999860764 75.746757507
0.999966323 -0.000576012 -0.008189310 1.146257162 0.000701970 0.999881327 0.015386270 -2.050004482 0.008179476 -0.015391500 0.999848068 76.320518494
0.999968052 -0.000867868 -0.007948908 1.157665372 0.000988769 0.999883711 0.015218474 -2.054227352 0.007934775 -0.015225845 0.999852538 76.865074158
0.999967515 -0.000697822 -0.008031807 1.156266570 0.000817642 0.999888301 0.014924587 -2.037406683 0.008020495 -0.014930668 0.999856353 77.408363342
0.999970019 -0.000150427 -0.007744004 1.154889226 0.000263016 0.999894202 0.014539868 -2.039698124 0.007740995 -0.014541470 0.999864280 77.961006165
0.999970734 0.000050125 -0.007642669 1.159708261 0.000061295 0.999893665 0.014577742 -2.050758362 0.007642587 -0.014577785 0.999864519 78.512237549
0.999974966 0.000227490 -0.007073792 1.165417314 -0.000124898 0.999894857 0.014500146 -2.049619913 0.007076348 -0.014498901 0.999869823 79.083297729
0.999981999 -0.000140747 -0.006017033 1.177511930 0.000225083 0.999901712 0.014017857 -2.053901196 0.006014469 -0.014018958 0.999883592 79.637825012
0.999989867 0.000374743 -0.004470683 1.186855078 -0.000310725 0.999897480 0.014311490 -2.068778515 0.004475588 -0.014309956 0.999887586 80.187973022
0.999995589 -0.000109550 -0.002941760 1.196309328 0.000150542 0.999902785 0.013937857 -2.070113659 0.002939947 -0.013938240 0.999898493 80.739852905
0.999999881 -0.000000632 0.000491729 1.207386613 -0.000006179 0.999904037 0.013849555 -2.080387115 -0.000491690 -0.013849557 0.999903917 81.290550232
0.999992371 -0.000653003 0.003844030 1.239329100 0.000598466 0.999899387 0.014171584 -2.089919567 -0.003852897 -0.014169176 0.999892175 81.831848145
0.999973714 -0.000302026 0.007247913 1.260397196 0.000200669 0.999902189 0.013981022 -2.087944508 -0.007251427 -0.013979199 0.999875903 82.367660522
0.999925792 0.000363592 0.012171856 1.284782648 -0.000527238 0.999909461 0.013444113 -2.097867489 -0.012165865 -0.013449535 0.999835491 82.917579651
0.999833047 0.000069529 0.018274739 1.291813254 -0.000322740 0.999903977 0.013853251 -2.099527359 -0.018272014 -0.013856832 0.999737144 83.463401794
0.999720216 -0.000222288 0.023652405 1.339551330 -0.000117199 0.999896944 0.014350821 -2.127151489 -0.023653161 -0.014349580 0.999617159 84.000389099
0.999561727 0.000234112 0.029599765 1.366858840 -0.000626009 0.999912262 0.013231315 -2.106702566 -0.029594073 -0.013244047 0.999474227 84.594673157
0.999313474 -0.000066662 0.037047658 1.410837412 -0.000431399 0.999909639 0.013435625 -2.111421585 -0.037045203 -0.013442381 0.999223173 85.174911499
0.998996913 -0.001113047 0.044764414 1.463850498 0.000513664 0.999910116 0.013398997 -2.122160435 -0.044775307 -0.013362563 0.998907626 85.715843201
0.998654485 -0.000504848 0.051855639 1.505616426 -0.000208004 0.999905527 0.013740539 -2.129433870 -0.051857680 -0.013732838 0.998560071 86.249977112
0.998152792 -0.000322970 0.060753115 1.556082249 -0.000492865 0.999909937 0.013413227 -2.134251595 -0.060751963 -0.013418393 0.998062611 86.804130554
0.997481108 -0.000379061 0.070931330 1.617659569 -0.000584976 0.999907672 0.013569861 -2.140843868 -0.070929937 -0.013577174 0.997388899 87.372406006
0.996839166 -0.000644251 0.079443298 1.684357643 -0.000419161 0.999910533 0.013368401 -2.147562504 -0.079444818 -0.013359445 0.996749759 87.914817810
0.996150732 -0.000888410 0.087652363 1.751424313 -0.000268754 0.999912977 0.013189063 -2.154387474 -0.087656453 -0.013161850 0.996063828 88.472999573
0.995190978 -0.001177478 0.097946860 1.829744816 -0.000125053 0.999911606 0.013291141 -2.160424709 -0.097953871 -0.013239471 0.995102942 89.027725220
0.994045973 -0.000348423 0.108961061 1.919023514 -0.001124377 0.999908864 0.013455016 -2.172633171 -0.108955815 -0.013497418 0.993954957 89.614639282
0.993004978 -0.001387474 0.118063755 2.008220673 -0.000130174 0.999917507 0.012845801 -2.172725916 -0.118071824 -0.012771315 0.992922902 90.175971985
0.991581023 -0.000122643 0.129487842 2.094976425 -0.001623219 0.999909222 0.013377208 -2.190110683 -0.129477724 -0.013474773 0.991490841 90.708564758
0.990006745 -0.001414196 0.141012430 2.203617096 -0.000452259 0.999912739 0.013203179 -2.201840401 -0.141018808 -0.013135013 0.989919782 91.241310120
0.988404036 -0.001497373 0.151839033 2.309158325 -0.000489567 0.999914706 0.013047596 -2.207507610 -0.151845619 -0.012970631 0.988319039 91.803131104
0.986794174 -0.002590668 0.161958471 2.426948547 0.000563758 0.999920964 0.012559706 -2.208302021 -0.161978215 -0.012302537 0.986717641 92.338096619
0.984578967 -0.002134609 0.174927846 2.545960426 -0.000147200 0.999915063 0.013030275 -2.221256971 -0.174940795 -0.012855082 0.984494984 92.878707886
0.982293427 -0.002434585 0.187332973 2.671709061 0.000041062 0.999918282 0.012779661 -2.229239464 -0.187348768 -0.012545687 0.982213259 93.421127319
0.980256855 -0.002421823 0.197713509 2.799109459 -0.000052724 0.999921739 0.012509601 -2.232009649 -0.197728336 -0.012273046 0.980180025 93.967353821
0.977540076 -0.002834771 0.210730135 2.943990707 0.000187181 0.999920785 0.012582771 -2.241478920 -0.210749134 -0.012260717 0.977463305 94.504676819
0.974564612 -0.003215802 0.224083632 3.096240997 0.000360937 0.999918282 0.012779970 -2.248877525 -0.224106386 -0.012374025 0.974486113 95.059539795
0.971909523 -0.003530834 0.235328272 3.243049622 0.000554123 0.999918997 0.012714116 -2.259133816 -0.235354111 -0.012226571 0.971832752 95.589950562
0.968967557 -0.004023900 0.247155264 3.405359268 0.000959077 0.999921143 0.012519532 -2.267776012 -0.247186169 -0.011893980 0.968894958 96.113708496
0.965319455 -0.004123708 0.261039197 3.578546524 0.000799682 0.999917269 0.012838762 -2.280611515 -0.261070549 -0.012184756 0.965242863 96.624671936
0.961923778 -0.004832436 0.273275048 3.752506256 0.001356670 0.999915779 0.012906471 -2.286820412 -0.273314357 -0.012044299 0.961849332 97.163642883
0.958698809 -0.005217594 0.284375399 3.937780380 0.001682452 0.999918282 0.012674100 -2.289449215 -0.284418285 -0.011672197 0.958629251 97.701675415
0.954571426 -0.005351536 0.297934413 4.127521515 0.001756081 0.999922395 0.012334306 -2.293758392 -0.297977328 -0.011250780 0.954506695 98.226501465
0.950027585 -0.005549878 0.312116534 4.330263138 0.001622665 0.999916196 0.012840836 -2.304638386 -0.312161624 -0.011692688 0.949957013 98.769821167
0.946341753 -0.006550020 0.323101163 4.535238266 0.002590233 0.999916196 0.012684033 -2.311518431 -0.323157191 -0.011166523 0.946279407 99.277763367
0.941868842 -0.006684209 0.335914373 4.744333267 0.002566248 0.999916017 0.012701388 -2.317821503 -0.335971057 -0.011101001 0.941806912 99.796951294
0.936737835 -0.006586606 0.349969745 4.959985733 0.002374714 0.999919534 0.012462766 -2.322801113 -0.350023657 -0.010843266 0.936678112 100.308212280
0.932088256 -0.007212165 0.362159342 5.184890747 0.002828490 0.999916196 0.012633002 -2.331285238 -0.362220079 -0.010750707 0.932030559 100.819740295
0.927783906 -0.007466084 0.373043209 5.406000137 0.002959327 0.999915540 0.012652257 -2.340504169 -0.373106241 -0.010634604 0.927727699 101.322853088
0.922291636 -0.007855788 0.386414737 5.641798019 0.003267952 0.999916196 0.012528308 -2.340336323 -0.386480838 -0.010291968 0.922240019 101.826332092
0.916755497 -0.008547519 0.399357378 5.883094788 0.003873320 0.999914229 0.012509851 -2.346094847 -0.399430066 -0.009921636 0.916709960 102.314323425
0.911867142 -0.009292441 0.410380244 6.134166718 0.004495067 0.999909759 0.012653385 -2.355959892 -0.410460860 -0.009693518 0.911826611 102.803123474
0.905589521 -0.009240230 0.424054474 6.397434235 0.004206514 0.999909103 0.012804996 -2.365030527 -0.424134284 -0.009812278 0.905546129 103.294647217
0.898921907 -0.009716328 0.438000977 6.659015656 0.004646270 0.999909163 0.012645663 -2.367201567 -0.438084066 -0.009332392 0.898885548 103.793869019
0.893143892 -0.010821503 0.449640840 6.939884186 0.005331311 0.999894977 0.013474615 -2.389863968 -0.449739426 -0.009637596 0.893107712 104.251174927
0.887418807 -0.010649513 0.460840911 7.217765808 0.005437629 0.999905407 0.012635707 -2.376881123 -0.460931897 -0.008707283 0.887392819 104.771331787
0.880072773 -0.011063284 0.474709928 7.498561859 0.005837976 0.999905169 0.012480017 -2.384384155 -0.474803001 -0.008211979 0.880053818 105.254539490
