1.000000000 0.000000000 0.000000000 0.000000000 0.000000000 1.000000000 0.000000000 0.000000000 0.000000000 0.000000000 1.000000000 0.000000000
1.000000000 0.000068287 0.000062975 -0.000838601 -0.000068294 1.000000000 0.000107074 -0.000222381 -0.000062968 -0.000107078 1.000000000 -0.000185477
1.000000000 0.000020745 0.000074692 -0.000899698 -0.000020746 1.000000000 0.000010591 0.000509386 -0.000074692 -0.000010593 1.000000000 -0.000141729
1.000000000 0.000033068 0.000030365 -0.000281546 -0.000033069 1.000000000 0.000038148 -0.000451547 -0.000030364 -0.000038149 1.000000000 0.000015871
1.000000000 0.000073696 0.000179381 -0.001118177 -0.000073704 1.000000000 0.000048860 -0.000168198 -0.000179377 -0.000048873 1.000000000 0.000468072
1.000000000 -0.000071782 0.000014127 -0.000197796 0.000071782 1.000000000 0.000022875 0.000153169 -0.000014129 -0.000022874 1.000000000 0.000033117
1.000000000 0.000028629 0.000101518 -0.001374655 -0.000028636 1.000000000 0.000073794 -0.000635976 -0.000101516 -0.000073797 1.000000000 -0.000948330
1.000000000 0.000074784 0.000058824 -0.000837764 -0.000074781 1.000000000 -0.000057492 0.000097882 -0.000058829 0.000057487 1.000000000 -0.000464138
1.000000000 0.000099413 0.000159672 -0.001244338 -0.000099418 1.000000000 0.000028931 -0.000862706 -0.000159669 -0.000028947 1.000000000 -0.000231946
1.000000000 0.000177224 0.000134626 -0.001499808 -0.000177241 1.000000000 0.000128796 -0.000778827 -0.000134603 -0.000128820 1.000000000 0.000512088
1.000000000 0.000111187 0.000140340 -0.001083408 -0.000111196 1.000000000 0.000065095 -0.000744057 -0.000140333 -0.000065111 1.000000000 -0.000107609
1.000000000 0.000127166 0.000173128 -0.001473126 -0.000127162 1.000000000 -0.000022854 -0.000673958 -0.000173131 0.000022832 1.000000000 -0.000579246
1.000000000 0.000044166 0.000080407 -0.000589769 -0.000044167 1.000000000 0.000006620 0.000232661 -0.000080407 -0.000006624 1.000000000 0.000015952
1.000000000 0.000114888 0.000124461 -0.001910570 -0.000114879 1.000000000 -0.000064789 0.000514537 -0.000124469 0.000064775 1.000000000 -0.000531449
1.000000000 0.000172644 0.000118447 -0.000652893 -0.000172645 1.000000000 0.000008128 0.001010857 -0.000118445 -0.000008148 1.000000000 0.001155086
0.999999940 0.000230974 0.000173281 -0.001314817 -0.000230967 1.000000000 -0.000042530 0.000947146 -0.000173291 0.000042490 1.000000000 0.000919351
0.999999940 0.000331601 0.000197756 -0.001709447 -0.000331603 0.999999940 0.000008761 0.000329400 -0.000197753 -0.000008826 1.000000000 0.001291617
0.999999940 0.000202865 0.000194693 -0.001633207 -0.000202862 1.000000000 -0.000010561 0.001353963 -0.000194695 0.000010522 1.000000000 0.002527649
0.999999940 0.000260274 0.000232822 -0.001922697 -0.000260258 0.999999940 -0.000071354 0.001223538 -0.000232841 0.000071293 1.000000000 0.001364297
0.999999940 0.000208562 0.000205035 -0.001976116 -0.000208558 1.000000000 -0.000017946 0.000838350 -0.000205039 0.000017903 1.000000000 0.002206425
0.999999940 0.000330812 0.000119946 -0.001567442 -0.000330803 0.999999940 -0.000074977 0.001472613 -0.000119971 0.000074937 1.000000000 0.001669001
0.999999940 0.000290709 0.000178888 -0.001692056 -0.000290696 0.999999940 -0.000069383 0.001441072 -0.000178908 0.000069331 1.000000000 0.002366833
0.999999940 0.000241757 0.000215054 -0.002347549 -0.000241749 0.999999940 -0.000038180 0.001386123 -0.000215063 0.000038128 1.000000000 0.001625665
0.999999940 0.000382374 0.000147402 -0.002196429 -0.000382370 0.999999940 -0.000030546 0.001451560 -0.000147413 0.000030490 1.000000000 0.002290986
0.999999940 0.000321322 0.000227317 -0.001865008 -0.000321337 0.999999940 0.000065963 0.000409265 -0.000227296 -0.000066036 1.000000000 0.001585698
0.999999940 0.000257461 0.000215368 -0.002191220 -0.000257454 0.999999940 -0.000034690 0.002278583 -0.000215377 0.000034634 1.000000000 0.002787776
0.999999940 0.000304948 0.000184261 -0.001762227 -0.000304957 0.999999940 0.000049849 0.001054744 -0.000184245 -0.000049905 1.000000000 0.001928365
0.999999940 0.000319060 0.000125260 -0.001988111 -0.000319046 0.999999940 -0.000111536 0.001978163 -0.000125295 0.000111496 1.000000000 0.001503101
0.999999940 0.000334881 0.000106141 -0.001017127 -0.000334862 0.999999940 -0.000185240 0.003050616 -0.000106203 0.000185204 1.000000000 0.002362785
0.999999881 0.000394019 0.000233375 -0.001687168 -0.000394000 0.999999940 -0.000078088 0.001564172 -0.000233406 0.000077996 0.999999940 0.002138385
0.999999881 0.000390176 0.000336767 -0.002918054 -0.000390134 0.999999940 -0.000122442 0.002455698 -0.000336814 0.000122311 0.999999940 0.002445613
0.999999881 0.000416130 0.000211120 -0.001968872 -0.000416111 0.999999881 -0.000090183 0.002052798 -0.000211158 0.000090095 1.000000000 0.002774364
0.999999940 0.000345418 0.000158641 -0.001368243 -0.000345420 0.999999940 0.000013632 0.000351644 -0.000158636 -0.000013687 1.000000000 0.001401972
0.999999881 0.000424933 0.000311088 -0.003114746 -0.000424924 0.999999881 -0.000026757 0.001110453 -0.000311099 0.000026625 0.999999940 0.002048411
0.999999940 0.000354696 0.000225373 -0.001507205 -0.000354669 0.999999940 -0.000119592 0.001836853 -0.000225416 0.000119512 0.999999940 0.001662351
0.999999940 0.000292269 0.000224840 -0.002796036 -0.000292255 0.999999940 -0.000062253 0.001676377 -0.000224858 0.000062187 1.000000000 0.001998362
0.999999940 0.000356767 0.000142043 -0.001803169 -0.000356752 0.999999940 -0.000106464 0.002778096 -0.000142081 0.000106413 1.000000000 0.002367819
0.999999881 0.000433722 0.000239602 -0.002151580 -0.000433706 0.999999881 -0.000064977 0.001906332 -0.000239630 0.000064873 0.999999940 0.002208389
0.999999881 0.000429895 0.000203974 -0.001461614 -0.000429887 0.999999881 -0.000036039 0.002024862 -0.000203989 0.000035951 1.000000000 0.001591702
0.999999940 0.000273227 0.000179128 -0.000933213 -0.000273208 0.999999940 -0.000110382 0.001106857 -0.000179158 0.000110333 1.000000000 0.001469702
0.999999821 0.000534099 0.000293553 -0.001566671 -0.000533917 0.999999642 -0.000618828 -0.002294451 -0.000293884 0.000618671 0.999999762 0.048156817
0.999999821 0.000530836 0.000236236 0.000267603 -0.000530566 0.999999225 -0.001143829 -0.003528625 -0.000236844 0.001143703 0.999999344 0.140618727
0.999999762 0.000706963 0.000143064 0.002560457 -0.000706805 0.999999166 -0.001101572 -0.009473628 -0.000143843 0.001101470 0.999999344 0.252394378
0.999999464 0.001010887 0.000186683 0.005381165 -0.001010683 0.999998868 -0.001089302 -0.012691544 -0.000187784 0.001089113 0.999999344 0.384618580
0.999999642 0.000870727 0.000130452 0.006703334 -0.000870615 0.999999285 -0.000858758 -0.016138023 -0.000131199 0.000858645 0.999999702 0.527321637
0.999999821 0.000301941 0.000514631 0.010105351 -0.000301763 0.999999881 -0.000346637 -0.025175132 -0.000514735 0.000346482 0.999999821 0.678264797
0.999999881 0.000060314 0.000357058 0.017833833 -0.000060299 1.000000000 -0.000042443 -0.029923897 -0.000357060 0.000042422 0.999999940 0.839879572
0.999999702 0.000619871 0.000494256 0.014901133 -0.000619683 0.999999762 -0.000379269 -0.030089380 -0.000494491 0.000378962 0.999999762 1.014287114
0.999999523 0.000837763 0.000475049 0.018626919 -0.000837604 0.999999583 -0.000335289 -0.033417586 -0.000475329 0.000334891 0.999999821 1.193315744
0.999999702 0.000632988 0.000308658 0.026027031 -0.000632985 0.999999821 -0.000008401 -0.041254420 -0.000308664 0.000008206 0.999999881 1.377113461
0.999999702 0.000820588 0.000141488 0.029472331 -0.000820584 0.999999702 -0.000031145 -0.043940268 -0.000141514 0.000031029 1.000000000 1.569760442
0.999999881 0.000339472 0.000296788 0.031132650 -0.000339525 1.000000000 0.000180263 -0.051928360 -0.000296726 -0.000180364 0.999999940 1.769740939
0.999999464 0.000768197 0.000717347 0.029769892 -0.000768555 0.999999523 0.000499083 -0.063165322 -0.000716964 -0.000499634 0.999999642 1.964342475
0.999999821 -0.000085312 0.000582071 0.037463881 0.000084843 0.999999642 0.000806846 -0.073529273 -0.000582139 -0.000806797 0.999999523 2.171867609
0.999999881 0.000120072 0.000463311 0.042908426 -0.000120332 0.999999762 0.000560939 -0.074547365 -0.000463244 -0.000560994 0.999999762 2.394361734
0.999999881 0.000411272 0.000549681 0.048442956 -0.000411572 0.999999762 0.000546265 -0.080748200 -0.000549457 -0.000546492 0.999999702 2.616941929
0.999999642 0.000384039 0.000680442 0.051695883 -0.000384538 0.999999583 0.000734330 -0.088701643 -0.000680160 -0.000734591 0.999999523 2.839520931
0.999999881 -0.000183901 0.000665518 0.057464059 0.000183389 0.999999702 0.000769195 -0.094890118 -0.000665659 -0.000769072 0.999999464 3.080052853
0.999999821 -0.000039763 0.000583216 0.063050605 0.000039129 0.999999404 0.001087153 -0.105114266 -0.000583259 -0.001087130 0.999999225 3.318095207
0.999999642 0.000405603 0.000768233 0.065830514 -0.000406443 0.999999285 0.001093621 -0.110231571 -0.000767789 -0.001093932 0.999999046 3.570173025
0.999999583 0.000475348 0.000854251 0.070273943 -0.000476260 0.999999344 0.001067335 -0.118079372 -0.000853743 -0.001067741 0.999999046 3.821017504
0.999999344 0.000389694 0.000991916 0.075606346 -0.000390478 0.999999583 0.000790236 -0.120931521 -0.000991607 -0.000790623 0.999999166 4.083489895
0.999999344 0.000450740 0.000987434 0.081906013 -0.000451535 0.999999583 0.000805306 -0.125009358 -0.000987071 -0.000805751 0.999999166 4.345911503
0.999999464 0.000171297 0.001017822 0.086323433 -0.000172225 0.999999464 0.000911998 -0.132101387 -0.001017665 -0.000912173 0.999999106 4.606180191
0.999999404 0.000382812 0.000934522 0.095901683 -0.000383614 0.999999523 0.000857573 -0.137736276 -0.000934193 -0.000857931 0.999999225 4.867475986
0.999999106 0.000775640 0.001072667 0.100018844 -0.000776628 0.999999225 0.000921205 -0.144584313 -0.001071952 -0.000922038 0.999999046 5.127200127
0.999998868 0.000767954 0.001256679 0.100013502 -0.000768888 0.999999404 0.000742364 -0.153381348 -0.001256108 -0.000743330 0.999998927 5.381855488
0.999999344 0.000446379 0.001058424 0.107648179 -0.000447382 0.999999464 0.000947292 -0.162020057 -0.001058001 -0.000947765 0.999998987 5.648192883
0.999999046 0.000664221 0.001180591 0.109967031 -0.000665229 0.999999404 0.000853501 -0.169137999 -0.001180024 -0.000854285 0.999998927 5.915127754
0.999999166 0.000928826 0.001001370 0.119115070 -0.000929583 0.999999225 0.000755488 -0.178202987 -0.001000668 -0.000756418 0.999999225 6.195703506
0.999998629 0.000816103 0.001443165 0.124764174 -0.000817161 0.999999404 0.000732548 -0.182902411 -0.001442567 -0.000733727 0.999998689 6.481096745
0.999997973 0.001310110 0.001492251 0.127218992 -0.001311198 0.999998868 0.000728263 -0.191169769 -0.001491295 -0.000730218 0.999998629 6.776700497
0.999998271 0.001084718 0.001520945 0.134175643 -0.001085850 0.999999106 0.000743449 -0.200357765 -0.001520137 -0.000745099 0.999998510 7.075824738
0.999998927 0.000786264 0.001234450 0.141644880 -0.000787647 0.999998987 0.001120049 -0.212186798 -0.001233569 -0.001121020 0.999998629 7.375209808
0.999997914 0.001197577 0.001646346 0.143514201 -0.001198613 0.999999106 0.000628515 -0.220774099 -0.001645592 -0.000630488 0.999998391 7.678242207
0.999997616 0.001359807 0.001682028 0.153022662 -0.001360566 0.999999046 0.000450390 -0.223602295 -0.001681414 -0.000452678 0.999998450 7.998919487
0.999996364 0.001775710 0.002021746 0.155816868 -0.001777006 0.999998271 0.000639384 -0.237062395 -0.002020607 -0.000642975 0.999997735 8.311289787
0.999997079 0.001573758 0.001841897 0.163835883 -0.001575042 0.999998510 0.000695794 -0.245846286 -0.001840799 -0.000698693 0.999997973 8.637762070
0.999997377 0.001398577 0.001818838 0.174276233 -0.001399743 0.999998868 0.000639986 -0.255410194 -0.001817941 -0.000642531 0.999998093 8.970191956
0.999997854 0.001390692 0.001548007 0.180114537 -0.001391914 0.999998868 0.000788781 -0.271157384 -0.001546908 -0.000790934 0.999998510 9.312027931
0.999996781 0.001891915 0.001717361 0.185386926 -0.001893084 0.999998033 0.000679537 -0.280998647 -0.001716072 -0.000682786 0.999998331 9.652105331
0.999997139 0.001478287 0.001838633 0.192339763 -0.001480017 0.999998391 0.000939530 -0.287336498 -0.001837242 -0.000942248 0.999997795 10.001247406
0.999997973 0.001188600 0.001611366 0.202958167 -0.001190096 0.999998868 0.000928014 -0.296549201 -0.001610261 -0.000929930 0.999998271 10.355464935
0.999998152 0.001158150 0.001521212 0.213829294 -0.001159817 0.999998689 0.001095833 -0.308992773 -0.001519941 -0.001097595 0.999998212 10.714401245
0.999998569 0.001169683 0.001237249 0.225440696 -0.001170692 0.999998987 0.000815745 -0.314147651 -0.001236293 -0.000817193 0.999998927 11.084027290
0.999999106 0.000663909 0.001156636 0.231020138 -0.000664826 0.999999464 0.000792033 -0.325472832 -0.001156110 -0.000792801 0.999998987 11.469792366
0.999998569 0.001032702 0.001315676 0.239172608 -0.001033733 0.999999106 0.000782681 -0.334600657 -0.001314866 -0.000784040 0.999998808 11.853399277
0.999997020 0.001697143 0.001736766 0.235462397 -0.001699592 0.999997556 0.001410066 -0.352068067 -0.001734369 -0.001413013 0.999997497 12.225280762
0.999996722 0.001556471 0.002063169 0.247082889 -0.001560311 0.999997079 0.001861189 -0.369303167 -0.002060266 -0.001864401 0.999996185 12.612128258
0.999997437 0.001410385 0.001785027 0.254190624 -0.001412203 0.999998510 0.001017442 -0.370337784 -0.001783589 -0.001019961 0.999997914 13.019722939
0.999997854 0.000858220 0.001872543 0.264702618 -0.000860381 0.999998987 0.001153588 -0.385273933 -0.001871551 -0.001155197 0.999997556 13.418877602
0.999995708 0.001691436 0.002381471 0.269719094 -0.001695306 0.999997258 0.001624134 -0.399044752 -0.002378717 -0.001628164 0.999995768 13.815531731
0.999995232 0.001729687 0.002560169 0.278197706 -0.001732993 0.999997675 0.001289665 -0.406769991 -0.002557932 -0.001294096 0.999995828 14.231537819
0.999995053 0.001843961 0.002556069 0.290603578 -0.001847082 0.999997556 0.001219357 -0.420546472 -0.002553814 -0.001224072 0.999996006 14.654694557
0.999995470 0.001475841 0.002620907 0.298882067 -0.001477669 0.999998629 0.000695787 -0.427759230 -0.002619876 -0.000699657 0.999996364 15.089775085
0.999995530 0.001679712 0.002451064 0.308590531 -0.001682764 0.999997795 0.001243690 -0.443907142 -0.002448969 -0.001247809 0.999996185 15.507855415
0.999993443 0.001558421 0.003241387 0.311683148 -0.001562389 0.999997973 0.001222022 -0.455798626 -0.003239476 -0.001227078 0.999993980 15.951551437
0.999991238 0.001943513 0.003695097 0.325800151 -0.001948384 0.999997258 0.001315082 -0.468735069 -0.003692531 -0.001322270 0.999992311 16.391099930
0.999989033 0.002457390 0.003964965 0.335279018 -0.002460855 0.999996603 0.000869435 -0.482397616 -0.003962815 -0.000879183 0.999991715 16.830902100
0.999988854 0.002032456 0.004249023 0.342650414 -0.002038665 0.999996841 0.001457198 -0.499541879 -0.004246048 -0.001465844 0.999989927 17.274343491
0.999989092 0.001593085 0.004393549 0.354073524 -0.001600657 0.999997258 0.001720256 -0.511457443 -0.004390798 -0.001727270 0.999988794 17.712486267
0.999987483 0.001595416 0.004733120 0.366372764 -0.001603993 0.999997079 0.001808945 -0.523041725 -0.004730221 -0.001816515 0.999987125 18.181602478
0.999984562 0.002170931 0.005107305 0.374954343 -0.002178289 0.999996603 0.001435777 -0.533948660 -0.005104170 -0.001446880 0.999985933 18.662647247
0.999986291 0.001735882 0.004931856 0.393862724 -0.001742527 0.999997556 0.001343336 -0.539587200 -0.004929512 -0.001351912 0.999986947 19.171754837
0.999982595 0.002283161 0.005436889 0.397563100 -0.002290580 0.999996483 0.001358701 -0.556216180 -0.005433769 -0.001371132 0.999984324 19.633771896
0.999981046 0.002739863 0.005502700 0.403419912 -0.002748965 0.999994934 0.001647123 -0.571023583 -0.005498159 -0.001662219 0.999983490 20.119548798
0.999982357 0.002236718 0.005508006 0.417833924 -0.002247274 0.999995589 0.001910998 -0.590384662 -0.005503707 -0.001923342 0.999983013 20.608942032
0.999985039 0.002417977 0.004899347 0.430104375 -0.002426908 0.999995351 0.001818000 -0.600721776 -0.004894929 -0.001829863 0.999986351 21.117206573
0.999990284 0.001175613 0.004251365 0.445358902 -0.001183100 0.999997735 0.001758931 -0.609755158 -0.004249287 -0.001763944 0.999989331 21.624860764
0.999992490 0.001325202 0.003648923 0.460847646 -0.001329657 0.999998331 0.001218768 -0.620376289 -0.003647302 -0.001223611 0.999992549 22.138126373
0.999991179 0.001934782 0.003730087 0.467748344 -0.001940740 0.999996841 0.001594626 -0.634691060 -0.003726989 -0.001601851 0.999991775 22.623643875
0.999994159 0.001553126 0.003040896 0.478418887 -0.001559402 0.999996662 0.002062357 -0.654590249 -0.003037682 -0.002067088 0.999993265 23.142427444
0.999996901 0.000753795 0.002351054 0.489896268 -0.000758414 0.999997735 0.001964288 -0.671747684 -0.002349568 -0.001966065 0.999995291 23.655553818
0.999997139 0.001797870 0.001573941 0.498396784 -0.001799771 0.999997675 0.001206978 -0.678317130 -0.001571767 -0.001209807 0.999997973 24.179702759
0.999999404 -0.000405885 0.000953231 0.509495974 0.000404021 0.999997973 0.001955079 -0.701529145 -0.000954022 -0.001954692 0.999997616 24.699502945
0.999999940 0.000015485 0.000246772 0.524096906 -0.000015960 0.999998152 0.001925665 -0.711176634 -0.000246742 -0.001925669 0.999998093 25.242410660
0.999999940 0.000336178 -0.000138266 0.531721175 -0.000335875 0.999997497 0.002187521 -0.725112557 0.000139001 -0.002187474 0.999997616 25.784057617
0.999999762 -0.000069502 -0.000685308 0.545884609 0.000070839 0.999998093 0.001950838 -0.742325366 0.000685172 -0.001950886 0.999997854 26.331636429
0.999999046 -0.000482965 -0.001236494 0.556928277 0.000485991 0.999996901 0.002447614 -0.753687322 0.001235308 -0.002448213 0.999996245 26.888265610
0.999998331 -0.000248296 -0.001819913 0.567478657 0.000252919 0.999996722 0.002540491 -0.772628367 0.001819276 -0.002540948 0.999995053 27.440927505
0.999997914 0.000128866 -0.002077474 0.573820472 -0.000124289 0.999997556 0.002203117 -0.785432696 0.002077752 -0.002202854 0.999995410 28.000064850
0.999997497 0.000612949 -0.002149883 0.584231675 -0.000608222 0.999997318 0.002198865 -0.796611309 0.002151224 -0.002197551 0.999995291 28.555547714
0.999996185 0.000215565 -0.002755063 0.598686099 -0.000208859 0.999997020 0.002434081 -0.815649152 0.002755578 -0.002433496 0.999993265 29.107725143
0.999994874 -0.000197161 -0.003194777 0.607312560 0.000205271 0.999996781 0.002538183 -0.833110511 0.003194266 -0.002538826 0.999991655 29.654039383
0.999994218 0.000859876 -0.003287140 0.610350668 -0.000851942 0.999996722 0.002414352 -0.846290588 0.003289205 -0.002411538 0.999991596 30.217443466
0.999992669 0.001293627 -0.003587092 0.619410992 -0.001283785 0.999995410 0.002744709 -0.866054177 0.003590626 -0.002740084 0.999989688 30.759944916
0.999993443 0.000495165 -0.003592763 0.622031450 -0.000486589 0.999996960 0.002387384 -0.880871713 0.003593934 -0.002385620 0.999990702 31.308946609
0.999991953 0.001634884 -0.003670078 0.638878047 -0.001626546 0.999996126 0.002273702 -0.882460833 0.003673780 -0.002267714 0.999990702 31.871780396
0.999991775 0.001317856 -0.003835693 0.631473541 -0.001309219 0.999996722 0.002253469 -0.912530363 0.003838649 -0.002248429 0.999990106 32.407104492
0.999990165 0.002128646 -0.003905660 0.635613620 -0.002118659 0.999994457 0.002559296 -0.925080657 0.003911087 -0.002550996 0.999989092 32.962890625
0.999990880 0.000695544 -0.004212662 0.645699441 -0.000684450 0.999996305 0.002634304 -0.945932090 0.004214478 -0.002631397 0.999987602 33.479774475
0.999989748 0.000745018 -0.004464603 0.658105671 -0.000734006 0.999996662 0.002467555 -0.958533347 0.004466427 -0.002464253 0.999987006 34.031757355
0.999989212 0.001526497 -0.004390581 0.661102057 -0.001515986 0.999996006 0.002396360 -0.971682489 0.004394221 -0.002389678 0.999987423 34.554279327
0.999988258 0.001198559 -0.004693828 0.671029270 -0.001186277 0.999995887 0.002618551 -0.993197024 0.004696948 -0.002612953 0.999985576 35.084087372
0.999987543 0.000626405 -0.004955421 0.687188983 -0.000615062 0.999997199 0.002290393 -1.002954721 0.004956841 -0.002287317 0.999985099 35.617717743
0.999986231 0.001038910 -0.005146404 0.690926909 -0.001029093 0.999997616 0.001909658 -1.010143280 0.005148376 -0.001904336 0.999984920 36.178035736
0.999985993 0.001012466 -0.005196417 0.697852015 -0.001003391 0.999997973 0.001748637 -1.025326014 0.005198176 -0.001743398 0.999984980 36.725559235
0.999986649 0.000900770 -0.005092857 0.709098101 -0.000890858 0.999997675 0.001948105 -1.038699746 0.005094600 -0.001943542 0.999985099 37.282348633
0.999984264 0.000699723 -0.005569766 0.723693132 -0.000689438 0.999998033 0.001848363 -1.058236957 0.005571049 -0.001844493 0.999982774 37.825656891
0.999981463 0.000577059 -0.006060692 0.733950615 -0.000567219 0.999998510 0.001625225 -1.069645047 0.006061621 -0.001621757 0.999980271 38.373790741
0.999983966 0.001254500 -0.005515742 0.734946370 -0.001247620 0.999998450 0.001250502 -1.076610565 0.005517303 -0.001243601 0.999984026 38.933441162
0.999985695 0.001126984 -0.005229342 0.740452170 -0.001118746 0.999998152 0.001577935 -1.093919992 0.005231109 -0.001572062 0.999985099 39.484683990
0.999984980 0.001270557 -0.005331933 0.747676790 -0.001263817 0.999998331 0.001267208 -1.106798530 0.005333534 -0.001260450 0.999984980 40.036079407
0.999985456 0.001030722 -0.005297290 0.760186970 -0.001023148 0.999998391 0.001432519 -1.127383471 0.005298758 -0.001427078 0.999984920 40.578262329
0.999985874 0.000938323 -0.005240436 0.769727588 -0.000929691 0.999998212 0.001649391 -1.141106486 0.005241974 -0.001644496 0.999984920 41.131202698
0.999984145 0.001173834 -0.005519927 0.777822495 -0.001165464 0.999998152 0.001519206 -1.151759982 0.005521700 -0.001512749 0.999983609 41.686107635
0.999986351 0.001316643 -0.005039527 0.783668518 -0.001313428 0.999998927 0.000641128 -1.170626044 0.005040365 -0.000634500 0.999987125 42.277805328
0.999985635 0.001324263 -0.005198421 0.794597208 -0.001318483 0.999998510 0.001115042 -1.187271357 0.005199891 -0.001108172 0.999985874 42.828182220
0.999984801 0.001082090 -0.005398749 0.807006657 -0.001071871 0.999997616 0.001895542 -1.214203477 0.005400788 -0.001889726 0.999983668 43.346523285
0.999985635 0.001539596 -0.005133716 0.804476142 -0.001535351 0.999998450 0.000830560 -1.216000199 0.005134988 -0.000822667 0.999986410 43.927398682
0.999987245 0.001484507 -0.004816484 0.808451533 -0.001478461 0.999998093 0.001258823 -1.232673645 0.004818343 -0.001251686 0.999987543 44.469711304
0.999988079 0.001937398 -0.004471079 0.815851450 -0.001934204 0.999997795 0.000718690 -1.241400003 0.004472460 -0.000710034 0.999989748 45.018562317
0.999989271 0.002035618 -0.004153574 0.822678804 -0.002032191 0.999997616 0.000829124 -1.257512450 0.004155253 -0.000820675 0.999991059 45.581115723
0.999989748 0.002838928 -0.003542447 0.824750543 -0.002836674 0.999995887 0.000640966 -1.270371795 0.003544253 -0.000630911 0.999993563 46.130886078
0.999991655 0.002243801 -0.003404394 0.835692525 -0.002241987 0.999997318 0.000536523 -1.287341356 0.003405590 -0.000528886 0.999993980 46.672565460
0.999990404 0.001774199 -0.004024903 0.851056337 -0.001772293 0.999998331 0.000477061 -1.296280146 0.004025742 -0.000469923 0.999991715 47.225551605
0.999989510 0.002100357 -0.004071101 0.868473411 -0.002097422 0.999997556 0.000725006 -1.319240570 0.004072614 -0.000716459 0.999991417 47.791580200
0.999990880 0.001594411 -0.003948901 0.875373602 -0.001589734 0.999998033 0.001187186 -1.340651035 0.003950786 -0.001180897 0.999991536 48.327243805
0.999991119 0.001591363 -0.003892221 0.887612224 -0.001585845 0.999997735 0.001420552 -1.358473301 0.003894473 -0.001414367 0.999991357 48.877265930
0.999988258 0.001338940 -0.004658802 0.901861370 -0.001334415 0.999998689 0.000974048 -1.361901522 0.004660100 -0.000967819 0.999988675 49.439624786
0.999990523 0.002328876 -0.003668293 0.902084708 -0.002325882 0.999996901 0.000820138 -1.383957028 0.003670192 -0.000811599 0.999992847 49.973304749
0.999989569 0.002515222 -0.003815327 0.907348216 -0.002513001 0.999996603 0.000586840 -1.394997835 0.003816790 -0.000577245 0.999992549 50.501983643
0.999990344 0.002144424 -0.003844809 0.915470004 -0.002142196 0.999997497 0.000583504 -1.413109899 0.003846051 -0.000575262 0.999992430 51.033634186
0.999988914 0.001888944 -0.004319958 0.936504066 -0.001885657 0.999997914 0.000765019 -1.429565310 0.004321394 -0.000756864 0.999990404 51.617099762
0.999988258 0.002363191 -0.004222255 0.944087982 -0.002359925 0.999996841 0.000778509 -1.442934275 0.004224083 -0.000768536 0.999990702 52.175552368
0.999989808 0.002860124 -0.003499175 0.946683705 -0.002857780 0.999995649 0.000674830 -1.460875034 0.003501090 -0.000664823 0.999993622 52.718910217
0.999990582 0.002230339 -0.003728847 0.959106266 -0.002227521 0.999997258 0.000760010 -1.474212408 0.003730533 -0.000751697 0.999992788 53.261219025
0.999988437 0.002024494 -0.004346122 0.966652334 -0.002021332 0.999997616 0.000731740 -1.489651322 0.004347593 -0.000722947 0.999990284 53.832416534
0.999989331 0.002893557 -0.003584655 0.971308112 -0.002892288 0.999995768 0.000359018 -1.503377795 0.003585679 -0.000348646 0.999993503 54.371643066
0.999989808 0.003104692 -0.003276706 0.973953426 -0.003104535 0.999995172 0.000053399 -1.518230081 0.003276857 -0.000043225 0.999994636 54.903491974
0.999988735 0.003384765 -0.003307194 0.982116580 -0.003385655 0.999994218 -0.000263647 -1.531932235 0.003306282 0.000274841 0.999994516 55.452125549
0.999991536 0.002262814 -0.003429442 1.003367066 -0.002262861 0.999997437 -0.000009792 -1.549475193 0.003429411 0.000017552 0.999994040 56.027961731
0.999990821 0.002516620 -0.003448018 1.005420804 -0.002516391 0.999996841 0.000070893 -1.543253899 0.003448186 -0.000062215 0.999994040 56.583969116
0.999989510 0.002253934 -0.003983635 1.028044462 -0.002253669 0.999997437 0.000071059 -1.587731719 0.003983785 -0.000062081 0.999992073 57.152584076
0.999991655 0.002378852 -0.003320901 1.027703643 -0.002380659 0.999996960 -0.000540007 -1.595007300 0.003319607 0.000547909 0.999994338 57.682399750
0.999991417 0.002109959 -0.003567404 1.041489840 -0.002112777 0.999997497 -0.000786362 -1.610934854 0.003565735 0.000793893 0.999993324 58.232112885
0.999991119 0.002989854 -0.002977073 1.031455398 -0.002990545 0.999995470 -0.000227454 -1.622683406 0.002976380 0.000236355 0.999995530 58.723045349
0.999989867 0.003368218 -0.002981481 1.033795118 -0.003368807 0.999994278 -0.000192423 -1.637457967 0.002980816 0.000202465 0.999995530 59.256542206
0.999991536 0.003173552 -0.002622249 1.042417169 -0.003175328 0.999994695 -0.000672960 -1.656412482 0.002620099 0.000681281 0.999996305 59.793437958
0.999990880 0.003289158 -0.002721334 1.048473835 -0.003290332 0.999994457 -0.000427036 -1.669197202 0.002719914 0.000435987 0.999996126 60.339687347
0.999994397 0.002383114 -0.002358702 1.067250729 -0.002384000 0.999997079 -0.000373329 -1.680288672 0.002357806 0.000378950 0.999997139 60.907501221
0.999991000 0.003677880 -0.002114927 1.063888073 -0.003679744 0.999992847 -0.000878463 -1.697163224 0.002111681 0.000886238 0.999997377 61.424301147
0.999991655 0.003648326 -0.001836709 1.075211406 -0.003649537 0.999993145 -0.000656531 -1.711183429 0.001834302 0.000663229 0.999998093 61.968235016
0.999990463 0.003843004 -0.002064827 1.083564162 -0.003844893 0.999992251 -0.000912006 -1.729176044 0.002061306 0.000919936 0.999997437 62.509311676
0.999989569 0.004492871 -0.000845085 1.091091633 -0.004493507 0.999989629 -0.000748860 -1.746559620 0.000841712 0.000752649 0.999999344 63.064277649
0.999988019 0.004746519 -0.001206599 1.103831768 -0.004747378 0.999988496 -0.000710220 -1.758131146 0.001203214 0.000715939 0.999999046 63.614158630
0.999989092 0.004515024 -0.001188304 1.117086887 -0.004516294 0.999989212 -0.001067803 -1.775817990 0.001183470 0.001073158 0.999998748 64.166503906
0.999988973 0.004384374 -0.001648854 1.126936316 -0.004385845 0.999989927 -0.000888695 -1.791409254 0.001644941 0.000895917 0.999998271 64.730690002
0.999986708 0.005040592 -0.001071268 1.126852751 -0.005041704 0.999986768 -0.001038322 -1.808868051 0.001066021 0.001043709 0.999998868 65.269439697
0.999989212 0.004460266 -0.001311063 1.142547250 -0.004461748 0.999989390 -0.001130516 -1.822568178 0.001306007 0.001136353 0.999998510 65.816528320
0.999990344 0.004275082 -0.000993830 1.153620005 -0.004276111 0.999990284 -0.001035912 -1.843211293 0.000989391 0.001040152 0.999998987 66.355949402
0.999987662 0.004810045 -0.001244169 1.167075157 -0.004811741 0.999987483 -0.001364335 -1.852395654 0.001237591 0.001370305 0.999998212 66.880737305
0.999986708 0.004973484 -0.001341035 1.180562496 -0.004975424 0.999986589 -0.001448147 -1.871101618 0.001333814 0.001454800 0.999998033 67.407333374
0.999986827 0.004906640 -0.001489119 1.195636272 -0.004908360 0.999987304 -0.001153528 -1.883640766 0.001483441 0.001160822 0.999998212 67.933494568
0.999986827 0.004964946 -0.001305919 1.206326008 -0.004967141 0.999986231 -0.001682940 -1.898063779 0.001297545 0.001689404 0.999997675 68.454216003
0.999983728 0.005623267 -0.000924901 1.211765885 -0.005624500 0.999983311 -0.001333696 -1.917210102 0.000917386 0.001338876 0.999998629 68.968605042
0.999982953 0.005797903 -0.000682556 1.215061069 -0.005798883 0.999982119 -0.001442471 -1.927886605 0.000674181 0.001446404 0.999998748 69.496459961
0.999979675 0.006349586 -0.000583711 1.228734255 -0.006350529 0.999978483 -0.001627945 -1.946852446 0.000573361 0.001631619 0.999998450 70.020584106
0.999981403 0.006074584 -0.000439520 1.236490846 -0.006075319 0.999980032 -0.001690533 -1.961521149 0.000429243 0.001693172 0.999998450 70.579864502
0.999983490 0.005743718 -0.000228894 1.252914429 -0.005744176 0.999981403 -0.002047308 -1.971370339 0.000217131 0.002048589 0.999997854 71.082382202
0.999977827 0.006656614 0.000462504 1.259145975 -0.006655646 0.999975681 -0.002066362 -1.986635923 -0.000476248 0.002063238 0.999997735 71.609565735
0.999987125 0.005061132 -0.000371006 1.279481411 -0.005061813 0.999985456 -0.001858440 -2.003063202 0.000361594 0.001860294 0.999998212 72.147918701
0.999981463 0.006079559 0.000272972 1.280207157 -0.006079013 0.999979615 -0.001961855 -2.021067381 -0.000284893 0.001960159 0.999998033 72.676803589
0.999982536 0.005910715 0.000148466 1.295138717 -0.005910412 0.999980628 -0.001956252 -2.036635399 -0.000160026 0.001955340 0.999998093 73.210723877
0.999977767 0.006656979 0.000369550 1.300769567 -0.006656285 0.999976158 -0.001844926 -2.052422762 -0.000381824 0.001842425 0.999998271 73.760749817
0.999980152 0.006284362 0.000363418 1.319358945 -0.006283733 0.999978781 -0.001706780 -2.074025393 -0.000374136 0.001704462 0.999998391 74.290588379
0.999976933 0.006760183 0.000667655 1.328784704 -0.006759256 0.999976218 -0.001383300 -2.088886976 -0.000676991 0.001378755 0.999998748 74.827751160
0.999977589 0.006663327 0.000641066 1.342378497 -0.006662214 0.999976277 -0.001722989 -2.104458809 -0.000652532 0.001718679 0.999998271 75.364204407
0.999976933 0.006761511 0.000643592 1.355354786 -0.006760037 0.999974728 -0.002264723 -2.117574930 -0.000658888 0.002260320 0.999997258 75.889717102
0.999973595 0.007240097 0.000635417 1.363818526 -0.007238409 0.999970317 -0.002617384 -2.130122423 -0.000654348 0.002612715 0.999996364 76.416664124
0.999974549 0.007067424 0.000899116 1.372473359 -0.007065063 0.999971628 -0.002602071 -2.147349119 -0.000917480 0.002595653 0.999996185 76.943862915
0.999969959 0.007680710 0.001054300 1.385107160 -0.007677811 0.999966741 -0.002726132 -2.158748865 -0.001075204 0.002717955 0.999995708 77.461936951
0.999971926 0.007466958 0.000614795 1.399547815 -0.007465624 0.999969780 -0.002145134 -2.177214622 -0.000630794 0.002140484 0.999997497 77.984069824
0.999976099 0.006830662 0.000993776 1.409166813 -0.006828088 0.999973357 -0.002570496 -2.191753149 -0.001011307 0.002563649 0.999996185 78.500823975
0.999967635 0.007932266 0.001414084 1.417738199 -0.007928296 0.999964654 -0.002792044 -2.202363968 -0.001436182 0.002780742 0.999995053 79.031127930
0.999968708 0.007842259 0.001066751 1.434826732 -0.007839159 0.999965131 -0.002879399 -2.219595194 -0.001089295 0.002870946 0.999995232 79.550842285
0.999972403 0.007372390 0.000891510 1.452022672 -0.007369724 0.999968469 -0.002956812 -2.237816811 -0.000913280 0.002950160 0.999995232 80.067436218
0.999966383 0.007885094 0.002246653 1.460674047 -0.007878567 0.999964774 -0.002899145 -2.251818419 -0.002269434 0.002881347 0.999993265 80.596862793
0.999963105 0.007933619 0.003288108 1.474600315 -0.007921228 0.999961495 -0.003764311 -2.265955448 -0.003317846 0.003738127 0.999987483 81.123023987
0.999962032 0.007596602 0.004267412 1.484894276 -0.007581317 0.999964952 -0.003586665 -2.282921314 -0.004294509 0.003554177 0.999984443 81.646873474
0.999945819 0.008664194 0.005764829 1.492866278 -0.008645461 0.999957323 -0.003266677 -2.298638105 -0.005792885 0.003216661 0.999978065 82.194671631
0.999936223 0.007323076 0.008586248 1.520433187 -0.007293723 0.999967456 -0.003445078 -2.320058346 -0.008611199 0.003382233 0.999957144 82.672317505
0.999889672 0.007763846 0.012659458 1.536213040 -0.007715028 0.999962628 -0.003900750 -2.324833393 -0.012689267 0.003802652 0.999912202 83.227310181
0.999851882 0.007390794 0.015543495 1.561536193 -0.007331837 0.999965727 -0.003846604 -2.346946239 -0.015571393 0.003732072 0.999871731 83.754402161
0.999771357 0.007645276 0.019968918 1.585063577 -0.007565365 0.999963105 -0.004074199 -2.359199286 -0.019999325 0.003922195 0.999792278 84.296257019
0.999635458 0.008121177 0.025748340 1.617376328 -0.008020938 0.999959767 -0.003993914 -2.374578238 -0.025779743 0.003785933 0.999660432 84.821723938
0.999463022 0.008470107 0.031653438 1.650942087 -0.008342257 0.999956489 -0.004168951 -2.398648262 -0.031687371 0.003902651 0.999490201 85.361450195
0.999244094 0.008939560 0.037836075 1.678293824 -0.008795102 0.999953389 -0.003982707 -2.414673090 -0.037869908 0.003646924 0.999275982 85.911613464
0.998879731 0.008973659 0.046462022 1.719987392 -0.008777391 0.999951661 -0.004426560 -2.426204920 -0.046499506 0.004013786 0.998910248 86.480537415
0.998476684 0.008230136 0.054558169 1.770614862 -0.007993941 0.999957740 -0.004546022 -2.445990562 -0.054593276 0.004102962 0.998500228 87.025985718
0.998061955 0.008085720 0.061700955 1.817438364 -0.007815474 0.999958754 -0.004620050 -2.461952686 -0.061735783 0.004128873 0.998084009 87.571426392
0.997471929 0.007597657 0.070653878 1.874852180 -0.007280141 0.999962211 -0.004750384 -2.479739428 -0.070687316 0.004224004 0.997489572 88.115776062
0.996742904 0.007236680 0.080319412 1.950471401 -0.006845518 0.999963343 -0.005144384 -2.497440338 -0.080353692 0.004577799 0.996755898 88.648452759
0.995989680 0.006902534 0.089200646 2.018096447 -0.006469384 0.999965847 -0.005144106 -2.512500763 -0.089233086 0.004546404 0.996000409 89.194480896
0.995317638 0.006564322 0.096434906 2.082717896 -0.006069690 0.999966979 -0.005421644 -2.531741381 -0.096467286 0.004810928 0.995324552 89.741683960
0.994243562 0.007531474 0.106878750 2.156169891 -0.007014449 0.999961793 -0.005212619 -2.551596165 -0.106913924 0.004432917 0.994258404 90.278289795
0.993171692 0.005875754 0.116514787 2.244956970 -0.005262217 0.999970615 -0.005572662 -2.566986322 -0.116544120 0.004921483 0.993173301 90.854293823
0.992050648 0.005324897 0.125726596 2.341373444 -0.004618390 0.999971867 -0.005910208 -2.581860065 -0.125754535 0.005282571 0.992047310 91.406997681
0.990391314 0.005405421 0.138187662 2.430177689 -0.004680252 0.999973595 -0.005572111 -2.600288868 -0.138214111 0.004871819 0.990390360 91.944114685
0.988598883 0.006095183 0.150449827 2.527930260 -0.005230249 0.999967396 -0.006144012 -2.616101742 -0.150482401 0.005287073 0.988598466 92.525482178
0.986726880 0.005337354 0.162301168 2.602668762 -0.004357802 0.999970078 -0.006390797 -2.598656416 -0.162330404 0.005598695 0.986720502 93.151641846
0.985134959 0.005196794 0.171703309 2.752989769 -0.004156277 0.999970734 -0.006418911 -2.655411482 -0.171731651 0.005609847 0.985127807 93.619773865
0.982783675 0.004721101 0.184699565 2.872992516 -0.003495414 0.999969661 -0.006961161 -2.671147108 -0.184726819 0.006195715 0.982770324 94.158096313
0.980466604 0.004173039 0.196641043 3.017786980 -0.002970041 0.999974966 -0.006412240 -2.696033716 -0.196662873 0.005702957 0.980454564 94.746597290
0.978321493 0.004300723 0.207047552 3.134401321 -0.002995234 0.999973595 -0.006618321 -2.702040434 -0.207070559 0.005854690 0.978308499 95.310630798
0.975486398 0.003956910 0.220024168 3.293752670 -0.002633569 0.999976635 -0.006307514 -2.732529640 -0.220043957 0.005573446 0.975474060 95.829002380
0.972338378 0.003065904 0.233556941 3.443265915 -0.001508684 0.999975443 -0.006845766 -2.747077465 -0.233572215 0.006304037 0.972319067 96.362335205
0.969675720 0.002605001 0.244381189 3.596763611 -0.001035584 0.999977946 -0.006550265 -2.766563416 -0.244392887 0.006098556 0.969657123 96.871269226
0.966734231 0.002991214 0.255765527 3.757545471 -0.001316417 0.999976516 -0.006719116 -2.790757656 -0.255779654 0.006158905 0.966715455 97.458953857
0.963198483 0.002799639 0.268776536 3.933010101 -0.001256043 0.999981701 -0.005914838 -2.817563534 -0.268788159 0.005359567 0.963184416 97.986633301
0.959409893 0.002401174 0.282005042 4.107301712 -0.000590731 0.999978602 -0.006504737 -2.829298496 -0.282014608 0.006074120 0.959390819 98.547470093
0.955996394 0.002099281 0.293370605 4.295196533 -0.000129567 0.999977291 -0.006733350 -2.844001293 -0.293378085 0.006399047 0.955975056 99.074531555
0.951457798 0.002420694 0.307769686 4.483533859 -0.000553025 0.999980927 -0.006155473 -2.878117323 -0.307778716 0.005686469 0.951440990 99.616584778
0.946823657 0.002060207 0.321746379 4.692646027 -0.000075342 0.999980867 -0.006181361 -2.895146370 -0.321752995 0.005828418 0.946805656 100.157646179
0.942840278 0.001539466 0.333241343 4.902351379 0.000529364 0.999981165 -0.006117314 -2.912182331 -0.333244473 0.005944057 0.942821681 100.672103882
0.938163936 0.001822726 0.346186489 5.111518860 0.000236438 0.999982476 -0.005905809 -2.938078880 -0.346191227 0.005622468 0.938147068 101.153747559
0.933066785 -0.001481091 0.359700084 5.358636856 0.004153216 0.999969244 -0.006656047 -2.955557108 -0.359679133 0.007704449 0.933044195 101.790634155
0.928466439 -0.002152278 0.371410191 5.591522217 0.004856966 0.999968112 -0.006346946 -2.969088554 -0.371384650 0.007696852 0.928447247 102.300521851
0.923641145 -0.002535864 0.383250117 5.828283310 0.005247935 0.999967992 -0.006031114 -2.982084751 -0.383222520 0.007581856 0.923624933 102.809120178
0.917686224 -0.002799360 0.397296309 6.069393158 0.005754152 0.999964058 -0.006245330 -3.009248972 -0.397264570 0.008017357 0.917669117 103.239807129
0.911925435 -0.001931518 0.410351545 6.317863464 0.004829879 0.999970257 -0.006026610 -3.023707628 -0.410327703 0.007477767 0.911907494 103.737571716
0.907065213 -0.003812157 0.420972705 6.570976257 0.007065384 0.999956012 -0.006168512 -3.047226906 -0.420930684 0.008569577 0.907052338 104.209724426
0.901212692 -0.003792396 0.433360189 6.836662292 0.007102936 0.999956608 -0.006020455 -3.054044485 -0.433318526 0.008503840 0.901200652 104.706863403
0.894592226 -0.004403749 0.446861446 7.099044800 0.008158728 0.999945760 -0.006479023 -3.071208954 -0.446808696 0.009441905 0.894579768 105.188735962
0.888493061 -0.004961556 0.458863229 7.382034302 0.008800145 0.999941885 -0.006227565 -3.099346638 -0.458805650 0.009571210 0.888485074 105.707138062
0.882687390 -0.005291024 0.469930977 7.661869049 0.008986406 0.999943912 -0.005620954 -3.119514704 -0.469874799 0.009184534 0.882685304 106.183280945
0.875028074 -0.004687495 0.484049320 7.929195404 0.008218693 0.999952853 -0.005173677 -3.143063545 -0.484002233 0.008505366 0.875025392 106.635742188
0.867735982 -0.005051706 0.496999860 8.218246460 0.008855905 0.999946773 -0.005298091 -3.157447100 -0.496946663 0.008998726 0.867734432 107.095108032
