1.000000000 0.000000000 0.000000000 0.000000000 0.000000000 1.000000000 0.000000000 0.000000000 0.000000000 0.000000000 1.000000000 0.000000000
0.999999940 -0.000320666 0.000045968 0.000275907 0.000320666 0.999999940 0.000013134 0.000293262 -0.000045972 -0.000013119 1.000000000 -0.000108992
1.000000000 -0.000124928 0.000144504 -0.000677239 0.000124903 1.000000000 0.000169645 -0.000370128 -0.000144525 -0.000169627 1.000000000 0.000326773
1.000000000 -0.000062290 0.000009392 0.000259229 0.000062289 1.000000000 0.000100022 0.000108097 -0.000009398 -0.000100021 1.000000000 0.000038846
0.999999106 0.000610083 -0.001172512 0.007401917 -0.000608248 0.999998569 0.001564224 -0.009637589 0.001173465 -0.001563510 0.999998093 0.000778619
0.999999166 0.000338922 -0.001200009 0.007463863 -0.000337109 0.999998748 0.001510841 -0.008977213 0.001200519 -0.001510435 0.999998152 0.000662017
0.999999344 0.000219705 -0.001143463 0.007822928 -0.000217938 0.999998808 0.001545122 -0.009141728 0.001143801 -0.001544871 0.999998152 0.001767740
0.999999225 0.000330104 -0.001189514 0.008381745 -0.000328225 0.999998689 0.001579801 -0.009475364 0.001190034 -0.001579409 0.999998033 0.001435675
0.999999225 0.000521412 -0.001107688 0.007288581 -0.000519751 0.999998748 0.001499114 -0.008214579 0.001108468 -0.001498537 0.999998271 0.002251108
0.999999166 0.000635855 -0.001123345 0.006914115 -0.000634123 0.999998629 0.001541231 -0.009255607 0.001124324 -0.001540517 0.999998212 0.001110834
0.999999166 0.000561607 -0.001144207 0.007820583 -0.000559864 0.999998629 0.001522730 -0.008486143 0.001145061 -0.001522089 0.999998212 0.001083977
0.999999106 0.000604916 -0.001175974 0.007807042 -0.000603146 0.999998689 0.001504915 -0.009231119 0.001176883 -0.001504205 0.999998152 -0.000482425
0.999999166 0.000640418 -0.001115737 0.007470688 -0.000638784 0.999998748 0.001464416 -0.008239685 0.001116674 -0.001463702 0.999998331 0.001498591
0.999999166 0.000548163 -0.001178023 0.007003151 -0.000546307 0.999998629 0.001575839 -0.008840913 0.001178885 -0.001575194 0.999998093 0.001552926
0.999999166 0.000670071 -0.001094753 0.006774333 -0.000668505 0.999998748 0.001429665 -0.008195042 0.001095710 -0.001428932 0.999998391 0.000801800
0.999999106 0.000569166 -0.001182518 0.007531865 -0.000567237 0.999998450 0.001630872 -0.009108472 0.001183445 -0.001630200 0.999997973 0.001477117
0.999999166 0.000318075 -0.001229384 0.007719127 -0.000316041 0.999998569 0.001654387 -0.009883591 0.001229908 -0.001653997 0.999997914 0.000609992
0.999999225 0.000366578 -0.001114361 0.007253811 -0.000364706 0.999998450 0.001680267 -0.010508213 0.001114975 -0.001679859 0.999997973 0.000152843
0.999999225 0.000640233 -0.001090305 0.006701321 -0.000638524 0.999998569 0.001566913 -0.008837054 0.001091307 -0.001566216 0.999998212 0.000911169
0.999998987 0.000741894 -0.001247748 0.007643569 -0.000739847 0.999998391 0.001640321 -0.009570814 0.001248962 -0.001639396 0.999997914 0.000960829
0.999999046 0.000484189 -0.001281521 0.008345463 -0.000482047 0.999998450 0.001671439 -0.009571748 0.001282328 -0.001670819 0.999997795 0.000024918
0.999999106 0.000602609 -0.001162710 0.007292930 -0.000600726 0.999998510 0.001619002 -0.009537512 0.001163684 -0.001618303 0.999998033 -0.000045905
0.999999166 0.000545301 -0.001176216 0.007000931 -0.000543346 0.999998450 0.001661804 -0.009614252 0.001177121 -0.001661164 0.999997914 -0.000129563
0.999999285 0.000387546 -0.001119344 0.008014362 -0.000385900 0.999998808 0.001470375 -0.008109238 0.001119913 -0.001469942 0.999998331 0.001222854
0.999999046 0.000796166 -0.001069742 0.007179976 -0.000794446 0.999998391 0.001607806 -0.008976443 0.001071021 -0.001606954 0.999998152 0.001993922
0.999999106 0.000572910 -0.001169430 0.008228046 -0.000571038 0.999998510 0.001600030 -0.008573589 0.001170345 -0.001599361 0.999998033 0.000514536
0.999999285 0.000430864 -0.001134021 0.007326835 -0.000429074 0.999998689 0.001577838 -0.009740172 0.001134699 -0.001577351 0.999998093 -0.000789809
0.999999166 0.000385808 -0.001240505 0.007832395 -0.000383837 0.999998629 0.001589392 -0.009602974 0.001241117 -0.001588914 0.999997973 0.000217722
0.999999106 0.000739611 -0.001103905 0.006799658 -0.000737736 0.999998212 0.001697904 -0.009619377 0.001105159 -0.001697088 0.999997973 0.001195524
0.999999046 0.000600562 -0.001216331 0.007388685 -0.000598534 0.999998391 0.001666459 -0.009367583 0.001217330 -0.001665729 0.999997854 0.000926815
0.999999404 0.000361546 -0.001024750 0.006639375 -0.000359989 0.999998808 0.001519589 -0.008579460 0.001025298 -0.001519219 0.999998331 0.001618251
0.999999344 0.000455439 -0.001062342 0.006799009 -0.000453671 0.999998510 0.001664332 -0.009655776 0.001063099 -0.001663849 0.999998093 -0.000050261
0.999999225 0.000619061 -0.001091692 0.006632649 -0.000617226 0.999998391 0.001679575 -0.010124131 0.001092730 -0.001678900 0.999998033 0.000572069
0.999999285 0.000545588 -0.001061807 0.006916187 -0.000544015 0.999998748 0.001480993 -0.008877715 0.001062614 -0.001480414 0.999998331 0.000254156
0.999999285 0.000463527 -0.001089088 0.006979838 -0.000461858 0.999998689 0.001531647 -0.008812842 0.001089797 -0.001531143 0.999998212 0.000023451
0.999999106 0.000685622 -0.001143578 0.007410170 -0.000683765 0.999998391 0.001623630 -0.008919889 0.001144689 -0.001622847 0.999998033 0.000390451
0.999999344 0.000453048 -0.001059165 0.007223979 -0.000451396 0.999998689 0.001558984 -0.008913993 0.001059870 -0.001558505 0.999998212 0.000222881
0.999999225 0.000399664 -0.001170385 0.007492110 -0.000397721 0.999998450 0.001660255 -0.009012671 0.001171047 -0.001659788 0.999997973 0.001273042
0.999999166 0.000595589 -0.001141793 0.007064528 -0.000593713 0.999998450 0.001642499 -0.009838270 0.001142769 -0.001641820 0.999998033 -0.000496459
0.999999166 0.000607904 -0.001101258 0.007420066 -0.000606130 0.999998510 0.001610609 -0.009234155 0.001102235 -0.001609941 0.999998093 -0.000474403
0.999999344 0.000542204 -0.000950843 0.007206313 -0.000540914 0.999998927 0.001356365 -0.008093888 0.000951577 -0.001355850 0.999998629 0.002262220
0.999999285 0.000417321 -0.001099191 0.009184634 -0.000416425 0.999999583 0.000815149 -0.010239129 0.001099531 -0.000814691 0.999999046 0.052231025
0.999998271 0.000587428 -0.001749469 0.011637162 -0.000587192 0.999999821 0.000135403 -0.009000131 0.001749548 -0.000134376 0.999998450 0.157674104
0.999997675 0.000877419 -0.001941236 0.013693690 -0.000877731 0.999999583 -0.000159731 -0.012086997 0.001941096 0.000161434 0.999998093 0.270198315
0.999998212 0.000260044 -0.001843836 0.017289460 -0.000259636 0.999999940 0.000221545 -0.018243833 0.001843893 -0.000221065 0.999998271 0.399466634
0.999998391 0.000917154 -0.001557254 0.017451035 -0.000916475 0.999999464 0.000436842 -0.025558105 0.001557654 -0.000435414 0.999998689 0.528752863
0.999998033 0.001203384 -0.001637406 0.019330876 -0.001202603 0.999999225 0.000477638 -0.030730205 0.001637979 -0.000475668 0.999998569 0.677404583
0.999998033 0.001340798 -0.001479010 0.023465214 -0.001339742 0.999998868 0.000714355 -0.033967275 0.001479966 -0.000712372 0.999998689 0.842078567
0.999998510 0.000126373 -0.001688543 0.032639060 -0.000124902 0.999999642 0.000871331 -0.044693809 0.001688652 -0.000871119 0.999998152 1.001049638
0.999998569 0.000671981 -0.001538139 0.035574932 -0.000670241 0.999999225 0.001131496 -0.048567589 0.001538898 -0.001130464 0.999998152 1.182552218
0.999998629 0.000686377 -0.001494376 0.038410828 -0.000684355 0.999998868 0.001353708 -0.056319833 0.001495303 -0.001352683 0.999997973 1.364359856
0.999998569 0.000187911 -0.001691521 0.043323763 -0.000185926 0.999999344 0.001173457 -0.058752790 0.001691740 -0.001173140 0.999997854 1.555261254
0.999998569 0.000386600 -0.001639988 0.043383885 -0.000383462 0.999998033 0.001913801 -0.069270156 0.001640725 -0.001913169 0.999996841 1.751388192
0.999998093 0.000511898 -0.001859125 0.046650436 -0.000507939 0.999997616 0.002129229 -0.074228391 0.001860211 -0.002128280 0.999996066 1.950665832
0.999998748 0.000343566 -0.001509019 0.052039541 -0.000339870 0.999996901 0.002449199 -0.084373035 0.001509856 -0.002448683 0.999995887 2.161837578
0.999998748 0.000948255 -0.001196697 0.052360073 -0.000945637 0.999997139 0.002186499 -0.090976410 0.001198767 -0.002185364 0.999996901 2.379973412
0.999998391 0.000804712 -0.001609375 0.058300026 -0.000801185 0.999997258 0.002190534 -0.100212000 0.001611133 -0.002189241 0.999996305 2.617493153
0.999998391 0.000870616 -0.001562555 0.063999139 -0.000866207 0.999995708 0.002820097 -0.108658448 0.001565003 -0.002818739 0.999994814 2.847679377
0.999998331 0.001560073 -0.000992106 0.058659803 -0.001557817 0.999996245 0.002270789 -0.111039199 0.000995644 -0.002269240 0.999996960 3.080774784
0.999999046 0.000788193 -0.001106684 0.064599261 -0.000785087 0.999995708 0.002804488 -0.129721299 0.001108889 -0.002803616 0.999995470 3.312560797
0.999999523 0.000639483 -0.000769055 0.069728620 -0.000637416 0.999996185 0.002684695 -0.133219376 0.000770769 -0.002684203 0.999996126 3.568110943
0.999999464 0.000112795 -0.001059635 0.075164907 -0.000109800 0.999995947 0.002826257 -0.141149104 0.001059950 -0.002826138 0.999995470 3.814558744
0.999999225 0.000629965 -0.001058398 0.078356184 -0.000627893 0.999997854 0.001956587 -0.137323961 0.001059628 -0.001955920 0.999997497 4.085367680
0.999998868 0.001382900 -0.000588964 0.080036238 -0.001381497 0.999996185 0.002376477 -0.145676523 0.000592249 -0.002375660 0.999997020 4.339908600
0.999998927 0.000977180 -0.001094685 0.090059265 -0.000974949 0.999997437 0.002036011 -0.148018360 0.001096672 -0.002034941 0.999997318 4.598744869
0.999999225 0.000633689 -0.001057008 0.089855805 -0.000630907 0.999996364 0.002629452 -0.168174639 0.001058670 -0.002628783 0.999995947 4.857151985
0.999999225 0.000529122 -0.001111628 0.094728939 -0.000525776 0.999995351 0.003007931 -0.174013451 0.001113214 -0.003007344 0.999994874 5.115564346
0.999999523 0.000387198 -0.000889692 0.096114442 -0.000384107 0.999993920 0.003471491 -0.190257728 0.000891031 -0.003471148 0.999993563 5.375077724
0.999999523 0.000617225 -0.000732912 0.104718633 -0.000614809 0.999994397 0.003292337 -0.194762662 0.000734941 -0.003291885 0.999994338 5.646338940
0.999998212 -0.000135231 -0.001877047 0.111462869 0.000141998 0.999993622 0.003605712 -0.214895234 0.001876547 -0.003605973 0.999991715 5.952054501
0.999998152 -0.000140568 -0.001895227 0.116052322 0.000147915 0.999992549 0.003876595 -0.221840933 0.001894668 -0.003876868 0.999990702 6.234295368
0.999998689 0.000016766 -0.001558545 0.120240688 -0.000011123 0.999993443 0.003620283 -0.226939857 0.001558596 -0.003620262 0.999992132 6.518762589
0.999997973 0.000455423 -0.001966918 0.129161432 -0.000448388 0.999993503 0.003575838 -0.243182734 0.001968534 -0.003574949 0.999991655 6.824366570
0.999998927 0.000451678 -0.001431229 0.130851001 -0.000446712 0.999993861 0.003468299 -0.251056194 0.001432787 -0.003467656 0.999992907 7.123123169
0.999997735 0.000034179 -0.002137482 0.142742291 -0.000026327 0.999993265 0.003673120 -0.257117271 0.002137593 -0.003673055 0.999991000 7.424578667
0.999998271 -0.000153701 -0.001849014 0.145674199 0.000159956 0.999994278 0.003383520 -0.267732233 0.001848484 -0.003383810 0.999992549 7.755609512
0.999998331 -0.000587746 -0.001706013 0.151500195 0.000593781 0.999993563 0.003538876 -0.274129212 0.001703922 -0.003539883 0.999992311 8.079062462
0.999998212 -0.000150203 -0.001871224 0.157061949 0.000157181 0.999993026 0.003729430 -0.286549926 0.001870651 -0.003729718 0.999991238 8.402827263
0.999998093 -0.000510164 -0.001880556 0.165977314 0.000517118 0.999993026 0.003698998 -0.295142889 0.001878656 -0.003699964 0.999991357 8.734125137
0.999997973 -0.000673052 -0.001902428 0.168392867 0.000680706 0.999991655 0.004025289 -0.307666272 0.001899703 -0.004026576 0.999990046 9.078921318
0.999997914 -0.001047655 -0.001766553 0.172765270 0.001054647 0.999991655 0.003961731 -0.315679550 0.001762388 -0.003963586 0.999990582 9.416737556
0.999997914 -0.000485890 -0.001946873 0.174311921 0.000492723 0.999993682 0.003510689 -0.318788737 0.001945155 -0.003511641 0.999991953 9.789442062
0.999998450 -0.000436843 -0.001668822 0.177197754 0.000442844 0.999993384 0.003597180 -0.330285907 0.001667240 -0.003597913 0.999992132 10.131162643
0.999997258 -0.000921043 -0.002143332 0.187846616 0.000929344 0.999992073 0.003875308 -0.342598289 0.002139746 -0.003877289 0.999990165 10.501461029
0.999996901 -0.001288515 -0.002118581 0.196405798 0.001297920 0.999989390 0.004444048 -0.358581394 0.002112832 -0.004446784 0.999987900 10.866749763
0.999997258 -0.000962011 -0.002127653 0.205185264 0.000971631 0.999989271 0.004525189 -0.362519562 0.002123277 -0.004527243 0.999987543 11.226279259
0.999997318 -0.000966161 -0.002118992 0.208815202 0.000974982 0.999990821 0.004165921 -0.376250416 0.002114948 -0.004167976 0.999989092 11.645224571
0.999997377 -0.001042189 -0.002074431 0.216184363 0.001051738 0.999988854 0.004607205 -0.385188818 0.002069606 -0.004609375 0.999987304 12.026645660
0.999995172 -0.001698705 -0.002610755 0.225037292 0.001710851 0.999987662 0.004657272 -0.403780133 0.002602812 -0.004661716 0.999985754 12.436534882
0.999995649 -0.001570413 -0.002487138 0.234224290 0.001581661 0.999988496 0.004526850 -0.414523691 0.002480000 -0.004530765 0.999986708 12.820384026
0.999992192 -0.002527089 -0.003021991 0.245175302 0.002542440 0.999983847 0.005087008 -0.426914364 0.003009087 -0.005094652 0.999982476 13.242788315
0.999991775 -0.002602452 -0.003113188 0.256357729 0.002617509 0.999984860 0.004842304 -0.436560929 0.003100539 -0.004850412 0.999983430 13.662131310
0.999990463 -0.003201663 -0.002969985 0.262454450 0.003215944 0.999983251 0.004816269 -0.444219559 0.002954515 -0.004825775 0.999983966 14.092625618
0.999994338 -0.002277849 -0.002474589 0.262555987 0.002289671 0.999985933 0.004784650 -0.452705979 0.002463656 -0.004790289 0.999985516 14.523116112
0.999992251 -0.002788271 -0.002788137 0.275229007 0.002801099 0.999985456 0.004607701 -0.461750329 0.002775250 -0.004615475 0.999985456 14.957706451
0.999990344 -0.003459239 -0.002703006 0.282796770 0.003472666 0.999981582 0.004978667 -0.477686256 0.002685734 -0.004988007 0.999983907 15.399980545
0.999993384 -0.002887634 -0.002213019 0.289736629 0.002898434 0.999983788 0.004892766 -0.485332310 0.002198854 -0.004899148 0.999985576 15.843666077
0.999992311 -0.003232496 -0.002230463 0.301344097 0.003243117 0.999983370 0.004774631 -0.495530754 0.002214992 -0.004781828 0.999986112 16.294832230
0.999992192 -0.003449088 -0.001921143 0.306574762 0.003458974 0.999980688 0.005166412 -0.507644176 0.001903287 -0.005173017 0.999984801 16.746335983
0.999993682 -0.003224695 -0.001479633 0.311194122 0.003231982 0.999982595 0.004949317 -0.519012809 0.001463647 -0.004954068 0.999986649 17.191488266
0.999991119 -0.003931508 -0.001531967 0.326017529 0.003939589 0.999978065 0.005307887 -0.530269384 0.001511066 -0.005313876 0.999984682 17.677974701
0.999990165 -0.004009916 -0.001905005 0.331396848 0.004022147 0.999970973 0.006460585 -0.555653691 0.001879044 -0.006468184 0.999977291 18.108779907
0.999992311 -0.003691348 -0.001287772 0.332076341 0.003697873 0.999980092 0.005101470 -0.550106406 0.001268915 -0.005106193 0.999986172 18.642539978
0.999993324 -0.003594895 -0.000645712 0.339936346 0.003598000 0.999981701 0.004874361 -0.556869507 0.000628176 -0.004876653 0.999987900 19.120306015
0.999995530 -0.002988396 -0.000233537 0.341133475 0.002989666 0.999979615 0.005639722 -0.580386400 0.000216678 -0.005640395 0.999984086 19.579938889
0.999990106 -0.004304853 -0.001125740 0.359699607 0.004310268 0.999978960 0.004852256 -0.585396349 0.001104829 -0.004857060 0.999987602 20.114318848
0.999992371 -0.003755437 -0.001095262 0.369007438 0.003760876 0.999980450 0.005007667 -0.596021593 0.001076435 -0.005011748 0.999986887 20.599931717
0.999992967 -0.003721743 -0.000590482 0.381366432 0.003724630 0.999980748 0.004963470 -0.605445027 0.000571998 -0.004965635 0.999987483 21.085477829
0.999985695 -0.004662398 -0.002617811 0.399840802 0.004677216 0.999972939 0.005683313 -0.624085009 0.002591242 -0.005695476 0.999980450 21.627464294
0.999985516 -0.004765131 -0.002494586 0.402445823 0.004779108 0.999972761 0.005627750 -0.632372558 0.002467701 -0.005639591 0.999981105 22.126182556
0.999981165 -0.004863245 -0.003741753 0.415140778 0.004883422 0.999973476 0.005402219 -0.647241712 0.003715381 -0.005420391 0.999978364 22.680257797
0.999976754 -0.004882211 -0.004753808 0.430035800 0.004906054 0.999975383 0.005016694 -0.650495052 0.004729198 -0.005039900 0.999976099 23.217609406
0.999972522 -0.004870059 -0.005575054 0.438905239 0.004895919 0.999977291 0.004634269 -0.663122356 0.005552357 -0.004661435 0.999973714 23.734468460
0.999967158 -0.005053574 -0.006330666 0.446138084 0.005081298 0.999977589 0.004370816 -0.673921764 0.006308435 -0.004402840 0.999970436 24.272554398
0.999949872 -0.006966877 -0.007189742 0.450022280 0.007002592 0.999963164 0.004954312 -0.702597320 0.007154962 -0.005004411 0.999961793 24.821495056
0.999945045 -0.006557540 -0.008178448 0.460097462 0.006601473 0.999963880 0.005356416 -0.713276148 0.008143027 -0.005410112 0.999952137 25.358491898
0.999944508 -0.006119994 -0.008574887 0.457775742 0.006168040 0.999965370 0.005587916 -0.727592945 0.008540393 -0.005640497 0.999947548 25.904880524
0.999941289 -0.006395762 -0.008744736 0.460884750 0.006439438 0.999966860 0.004975468 -0.736219049 0.008712624 -0.005031488 0.999949336 26.444391251
0.999935448 -0.006550326 -0.009277555 0.464380652 0.006605808 0.999960363 0.005962302 -0.751561999 0.009238133 -0.006023204 0.999939144 26.971885681
0.999913812 -0.007645491 -0.010685413 0.471005470 0.007714023 0.999949872 0.006387158 -0.771357358 0.010636046 -0.006469036 0.999922514 27.558107376
0.999914587 -0.007585086 -0.010643531 0.471834868 0.007651680 0.999951363 0.006230056 -0.781203389 0.010595758 -0.006310964 0.999923944 28.112815857
0.999916494 -0.007171111 -0.010752643 0.472907066 0.007232474 0.999957681 0.005678739 -0.790523291 0.010711466 -0.005756033 0.999926090 28.685058594
0.999903619 -0.007505435 -0.011681959 0.482531697 0.007579601 0.999951303 0.006317476 -0.806220055 0.011633975 -0.006405412 0.999911726 29.198606491
0.999900877 -0.006943595 -0.012243831 0.486537546 0.007017697 0.999957263 0.006019679 -0.815935314 0.012201509 -0.006105007 0.999906838 29.749986649
0.999891937 -0.007146870 -0.012848315 0.502543449 0.007217406 0.999959052 0.005451938 -0.815348864 0.012808824 -0.005544080 0.999902606 30.295822144
0.999889612 -0.007271772 -0.012958375 0.504094124 0.007353093 0.999953508 0.006238914 -0.836155713 0.012912405 -0.006333509 0.999896586 30.778028488
0.999901712 -0.006576365 -0.012382544 0.509384751 0.006653957 0.999958456 0.006235493 -0.854085207 0.012341022 -0.006317273 0.999903917 31.314273834
0.999888718 -0.006464093 -0.013442776 0.513494372 0.006543173 0.999961436 0.005846994 -0.851744890 0.013404462 -0.005934303 0.999892533 31.831741333
0.999883175 -0.006871028 -0.013650624 0.516476393 0.006954734 0.999957204 0.006094066 -0.862801850 0.013608166 -0.006188291 0.999888301 32.377483368
0.999885559 -0.007076335 -0.013370274 0.522651672 0.007151383 0.999958873 0.005573608 -0.871229649 0.013330284 -0.005668586 0.999895096 32.868057251
0.999876976 -0.006781535 -0.014143890 0.522855043 0.006860266 0.999961197 0.005525425 -0.876024783 0.014105871 -0.005621776 0.999884725 33.425724030
0.999871790 -0.006659656 -0.014562833 0.525752664 0.006753456 0.999956667 0.006401401 -0.899165392 0.014519572 -0.006498930 0.999873459 33.973079681
0.999887466 -0.006821911 -0.013361435 0.520337820 0.006893842 0.999961913 0.005344800 -0.899134219 0.013324466 -0.005436309 0.999896467 34.359680176
0.999891698 -0.006753647 -0.013074554 0.515871406 0.006825939 0.999961615 0.005492524 -0.911700904 0.013036958 -0.005581176 0.999899447 34.863903046
0.999891758 -0.006354176 -0.013264433 0.523178101 0.006432053 0.999962389 0.005836837 -0.930105567 0.013226844 -0.005921524 0.999894977 35.361347198
0.999886990 -0.006963585 -0.013321180 0.531138897 0.007047032 0.999955833 0.006227628 -0.946125388 0.013277225 -0.006320799 0.999891877 35.907741547
0.999888539 -0.006920257 -0.013229928 0.528001904 0.006996748 0.999959052 0.005744169 -0.952619851 0.013189635 -0.005836095 0.999895990 36.372318268
0.999889374 -0.006533689 -0.013362195 0.527993083 0.006612130 0.999961078 0.005834646 -0.965352416 0.013323555 -0.005922354 0.999893725 36.919269562
0.999894142 -0.006582926 -0.012976392 0.527349889 0.006654326 0.999962926 0.005466759 -0.973132372 0.012939923 -0.005552530 0.999900877 37.441322327
0.999878407 -0.006601303 -0.014124502 0.547270179 0.006675306 0.999964178 0.005198653 -0.972119927 0.014089678 -0.005292306 0.999886751 37.818542480
0.999883711 -0.006604667 -0.013747669 0.547144473 0.006684280 0.999961078 0.005753088 -0.987691760 0.013709138 -0.005844312 0.999888957 38.361660004
0.999873102 -0.006833021 -0.014397072 0.556001484 0.006913732 0.999960542 0.005563743 -0.998200178 0.014358489 -0.005662574 0.999880970 38.914638519
0.999888778 -0.006036413 -0.013639012 0.545484841 0.006111437 0.999966323 0.005465636 -1.003678560 0.013605561 -0.005548381 0.999892056 39.246696472
0.999885380 -0.006614408 -0.013620134 0.549722373 0.006696727 0.999959469 0.006007214 -1.017230034 0.013579848 -0.006097736 0.999889255 39.796096802
0.999895036 -0.006105098 -0.013140211 0.554075837 0.006174270 0.999967217 0.005230011 -1.024675608 0.013107850 -0.005310593 0.999900043 40.323562622
0.999875069 -0.006154376 -0.014557552 0.578683376 0.006232803 0.999966264 0.005348181 -1.027642965 0.014524147 -0.005438247 0.999879658 40.716300964
0.999878287 -0.006219140 -0.014305612 0.578205049 0.006298434 0.999964952 0.005504471 -1.037608504 0.014270880 -0.005593904 0.999882519 41.268310547
0.999893904 -0.005727795 -0.013388856 0.570844352 0.005790771 0.999972343 0.004669609 -1.048943043 0.013361739 -0.004746645 0.999899387 41.822296143
0.999887168 -0.005015528 -0.014159131 0.574778199 0.005094411 0.999971688 0.005540642 -1.066049099 0.014130942 -0.005612149 0.999884427 42.378292084
0.999894261 -0.004584594 -0.013801202 0.579414666 0.004648350 0.999978662 0.004591059 -1.053977370 0.013779858 -0.004654726 0.999894142 42.670837402
0.999925852 -0.003641851 -0.011620322 0.554032087 0.003701014 0.999980271 0.005073960 -1.077359676 0.011601617 -0.005116592 0.999919593 43.156837463
0.999922991 -0.004300109 -0.011644468 0.561541080 0.004363854 0.999975681 0.005454459 -1.091277957 0.011620731 -0.005504853 0.999917328 43.686557770
0.999929011 -0.003413656 -0.011418467 0.561864734 0.003478652 0.999977827 0.005677104 -1.107317328 0.011398835 -0.005716422 0.999918699 44.218696594
0.999904156 -0.005149086 -0.012851109 0.589803755 0.005236729 0.999963224 0.006795563 -1.127974033 0.012815645 -0.006862209 0.999894321 44.688674927
0.999904394 -0.005304808 -0.012765734 0.595482528 0.005381185 0.999967813 0.005956017 -1.135895848 0.012733728 -0.006024144 0.999900758 45.238891602
0.999898434 -0.005886688 -0.012981903 0.602590799 0.005978880 0.999957085 0.007074100 -1.155122995 0.012939707 -0.007150998 0.999890685 45.757381439
0.999900043 -0.004846894 -0.013279310 0.604347467 0.004926077 0.999970376 0.005936698 -1.149920464 0.013250143 -0.006001520 0.999894202 46.314132690
0.999894977 -0.005344749 -0.013463783 0.609826267 0.005428937 0.999966085 0.006224244 -1.166010141 0.013430057 -0.006296685 0.999889970 46.851631165
0.999905646 -0.004151256 -0.013097068 0.607912540 0.004227120 0.999974608 0.005770142 -1.177486777 0.013072783 -0.005824960 0.999897599 47.400028229
0.999887288 -0.005280173 -0.014064866 0.612214565 0.005346976 0.999974549 0.004716197 -1.170616031 0.014039608 -0.004790870 0.999889970 47.985725403
0.999878287 -0.005670763 -0.014531857 0.617278993 0.005744529 0.999970794 0.005039490 -1.189402819 0.014502853 -0.005122356 0.999881744 48.526962280
0.999887347 -0.005402785 -0.014007745 0.620930731 0.005464493 0.999975502 0.004370725 -1.193382263 0.013983787 -0.004446778 0.999892414 49.087181091
0.999886096 -0.005407600 -0.014085827 0.631249964 0.005481628 0.999971271 0.005222249 -1.211969852 0.014057185 -0.005298867 0.999887168 49.617446899
0.999894381 -0.005010589 -0.013638133 0.617265761 0.005080170 0.999974251 0.005072127 -1.226745248 0.013612368 -0.005140875 0.999894083 50.169715881
0.999899805 -0.004831276 -0.013302993 0.618555367 0.004898605 0.999975324 0.005033283 -1.239584684 0.013278347 -0.005097946 0.999898851 50.722175598
0.999896944 -0.004649786 -0.013581024 0.623677373 0.004714695 0.999977589 0.004751321 -1.247909665 0.013558627 -0.004814862 0.999896467 51.254695892
0.999903262 -0.004804183 -0.013048020 0.630395949 0.004865150 0.999977410 0.004644765 -1.261710167 0.013025410 -0.004707797 0.999904037 51.802558899
0.999900699 -0.005214151 -0.013092219 0.620687664 0.005277500 0.999974489 0.004808764 -1.279831052 0.013066812 -0.004877381 0.999902725 52.333595276
0.999899387 -0.004643853 -0.013405144 0.631381273 0.004701865 0.999979675 0.004299347 -1.281830072 0.013384906 -0.004361944 0.999900818 52.870223999
0.999896228 -0.004888954 -0.013548668 0.638722599 0.004946266 0.999978960 0.004199857 -1.290355921 0.013527852 -0.004266437 0.999899328 53.423072815
0.999889612 -0.005333269 -0.013867809 0.640673578 0.005387988 0.999977767 0.003911460 -1.302870631 0.013846641 -0.003985747 0.999896228 53.966762543
0.999898672 -0.005022762 -0.013321961 0.636372328 0.005080341 0.999977887 0.004291786 -1.318400264 0.013300111 -0.004359032 0.999902010 54.496139526
0.999893248 -0.005421168 -0.013567678 0.641881168 0.005485424 0.999973893 0.004703203 -1.332805276 0.013541825 -0.004777126 0.999896884 55.043334961
0.999896049 -0.005385790 -0.013374771 0.637974977 0.005442159 0.999976456 0.004181711 -1.339792013 0.013351936 -0.004254064 0.999901831 55.581958771
0.999907672 -0.004602284 -0.012784404 0.643938363 0.004654172 0.999981105 0.004032011 -1.357690215 0.012765603 -0.004091140 0.999910176 56.111324310
0.999899983 -0.004541342 -0.013393593 0.643592954 0.004594855 0.999981582 0.003967416 -1.361079574 0.013375328 -0.004028562 0.999902368 56.664955139
0.999896288 -0.004618112 -0.013646499 0.647179663 0.004678136 0.999979496 0.004369841 -1.379247189 0.013626040 -0.004433228 0.999897301 57.211006165
0.999897242 -0.005586408 -0.013200620 0.650343657 0.005637170 0.999976814 0.003811333 -1.387248993 0.013179025 -0.003885356 0.999905586 57.753532410
0.999902964 -0.004942575 -0.013022355 0.650796950 0.004992034 0.999980390 0.003768223 -1.404715896 0.013003476 -0.003832865 0.999908030 58.283443451
0.999898374 -0.005416738 -0.013184383 0.654798985 0.005463878 0.999978840 0.003542088 -1.419387221 0.013164918 -0.003613766 0.999906778 58.829017639
0.999903679 -0.005290566 -0.012829032 0.658750296 0.005338284 0.999978960 0.003688154 -1.433781147 0.012809250 -0.003756283 0.999910831 59.363174438
0.999907374 -0.004555746 -0.012825596 0.646574616 0.004597806 0.999984145 0.003251764 -1.426441789 0.012810580 -0.003310433 0.999912381 59.913616180
0.999907017 -0.004703905 -0.012799690 0.656079054 0.004741792 0.999984443 0.002931190 -1.438818336 0.012785703 -0.002991611 0.999913752 60.472896576
0.999906600 -0.004584426 -0.012883095 0.658125162 0.004626246 0.999984145 0.003218182 -1.451680064 0.012868139 -0.003277482 0.999911845 60.993698120
0.999906123 -0.004577922 -0.012913646 0.657304525 0.004620970 0.999983847 0.003305714 -1.470051408 0.012898306 -0.003365077 0.999911129 61.528060913
0.999908209 -0.004768930 -0.012683142 0.662176967 0.004808248 0.999983728 0.003071403 -1.483334064 0.012668288 -0.003132105 0.999914825 62.076416016
0.999904454 -0.005087919 -0.012850555 0.668733656 0.005128488 0.999981940 0.003126057 -1.491058230 0.012834417 -0.003191662 0.999912560 62.619728088
0.999911726 -0.004333379 -0.012558417 0.664771199 0.004365273 0.999987245 0.002513369 -1.501247764 0.012547368 -0.002567969 0.999917984 63.157478333
0.999900341 -0.005134836 -0.013144434 0.674035311 0.005167316 0.999983609 0.002438302 -1.513288856 0.013131700 -0.002505982 0.999910653 63.703464508
0.999907494 -0.004782420 -0.012742374 0.679988861 0.004821102 0.999983788 0.003006606 -1.527660370 0.012727792 -0.003067760 0.999914229 64.247573853
0.999911070 -0.004544680 -0.012535844 0.681327939 0.004577526 0.999986172 0.002592761 -1.543140292 0.012523886 -0.002649914 0.999918044 64.787971497
0.999911547 -0.004587132 -0.012483788 0.678448558 0.004621756 0.999985576 0.002746100 -1.554199696 0.012471009 -0.002803554 0.999918282 65.342086792
0.999907196 -0.004774054 -0.012758844 0.683676720 0.004812161 0.999983966 0.002957646 -1.568333864 0.012744520 -0.003018769 0.999914229 65.888084412
0.999912143 -0.004249913 -0.012551699 0.689060926 0.004284597 0.999987066 0.002737716 -1.580269814 0.012539901 -0.002791254 0.999917448 66.432075500
0.999913931 -0.004258804 -0.012404077 0.688880384 0.004290973 0.999987483 0.002568043 -1.586933017 0.012392985 -0.002621047 0.999919713 66.980369568
0.999911487 -0.004670709 -0.012458314 0.694769144 0.004699904 0.999986231 0.002315202 -1.600902557 0.012447329 -0.002373550 0.999919713 67.527435303
0.999911189 -0.003963822 -0.012726154 0.702721238 0.003990135 0.999989927 0.002042912 -1.612415314 0.012717929 -0.002093510 0.999916911 68.064857483
0.999909520 -0.004327264 -0.012737183 0.708907843 0.004354050 0.999988377 0.002075980 -1.621777892 0.012728049 -0.002131250 0.999916732 68.612419128
0.999915600 -0.004140849 -0.012315330 0.704694927 0.004164711 0.999989450 0.001912498 -1.636462212 0.012307283 -0.001963627 0.999922335 69.155838013
0.999910951 -0.004410193 -0.012597330 0.714694202 0.004432512 0.999988675 0.001744335 -1.647958398 0.012589495 -0.001800017 0.999919116 69.699676514
0.999915183 -0.003899261 -0.012427808 0.713798523 0.003920232 0.999990880 0.001663513 -1.661977649 0.012421208 -0.001712092 0.999921381 70.233879089
0.999918342 -0.003556447 -0.012268754 0.714541376 0.003575553 0.999992430 0.001535744 -1.674020410 0.012263201 -0.001579487 0.999923527 70.790588379
0.999916852 -0.003608127 -0.012382013 0.719417036 0.003630131 0.999991834 0.001755127 -1.687518001 0.012375577 -0.001799930 0.999921799 71.328605652
0.999914587 -0.003657296 -0.012550623 0.730688453 0.003686880 0.999990523 0.002334920 -1.710875273 0.012541963 -0.002380993 0.999918520 71.864608765
0.999923289 -0.003525804 -0.011871756 0.722230375 0.003548672 0.999991834 0.001905676 -1.717810273 0.011864941 -0.001947658 0.999927700 72.408828735
0.999918699 -0.004592398 -0.011896989 0.726998389 0.004616505 0.999987304 0.001999607 -1.727552533 0.011887657 -0.002054367 0.999927223 72.956359863
0.999932647 -0.003203043 -0.011151399 0.720951915 0.003222320 0.999993324 0.001711142 -1.740959287 0.011145842 -0.001746960 0.999936283 73.513999939
0.999927819 -0.003487271 -0.011500156 0.730435073 0.003510426 0.999991775 0.001993898 -1.754128218 0.011493110 -0.002034124 0.999931872 74.055824280
0.999927938 -0.003673504 -0.011430272 0.732734859 0.003693161 0.999991655 0.001699116 -1.766634941 0.011423935 -0.001741208 0.999933243 74.608062744
0.999922872 -0.004037976 -0.011754266 0.741400778 0.004054493 0.999990761 0.001381655 -1.779860377 0.011748580 -0.001429205 0.999929965 75.141380310
0.999928355 -0.003660586 -0.011394248 0.742299676 0.003674640 0.999992490 0.001212715 -1.788558245 0.011389725 -0.001254498 0.999934375 75.690155029
0.999919355 -0.004050672 -0.012030993 0.756517410 0.004064027 0.999991119 0.001085846 -1.804975986 0.012026488 -0.001134653 0.999927104 76.242156982
0.999930382 -0.003273160 -0.011336314 0.753949106 0.003290623 0.999993384 0.001522157 -1.820649862 0.011331258 -0.001559355 0.999934494 76.769950867
0.999921679 -0.003518816 -0.012012423 0.757327378 0.003533063 0.999993145 0.001164972 -1.827889562 0.012008241 -0.001207321 0.999927104 77.319740295
0.999929726 -0.003755194 -0.011244870 0.753829360 0.003772146 0.999991715 0.001486678 -1.853976727 0.011239194 -0.001528990 0.999935687 77.858352661
0.999931514 -0.003691285 -0.011106618 0.757954597 0.003707707 0.999992073 0.001458354 -1.864181280 0.011101146 -0.001499434 0.999937236 78.402114868
0.999922097 -0.003912695 -0.011857823 0.767855108 0.003921924 0.999992013 0.000755160 -1.871938229 0.011854772 -0.000801607 0.999929368 78.962013245
0.999933183 -0.003189773 -0.011113302 0.768437266 0.003203967 0.999994099 0.001259732 -1.895285130 0.011109218 -0.001295255 0.999937475 79.480316162
0.999941230 -0.003369869 -0.010301412 0.776047289 0.003387110 0.999993026 0.001656750 -1.911171317 0.010295755 -0.001691545 0.999945521 80.020179749
0.999952316 -0.003122128 -0.009250187 0.782342315 0.003134671 0.999994159 0.001341781 -1.922078371 0.009245944 -0.001370714 0.999956310 80.568611145
0.999965370 -0.003268102 -0.007652809 0.786722422 0.003275207 0.999994159 0.000916115 -1.934106350 0.007649770 -0.000941148 0.999970317 81.110244751
0.999972761 -0.003408060 -0.006547157 0.800474584 0.003416973 0.999993205 0.001350495 -1.953187346 0.006542510 -0.001372830 0.999977589 81.655715942
0.999988019 -0.003613034 -0.003303305 0.814885259 0.003614424 0.999993324 0.000414840 -1.967084765 0.003301785 -0.000426774 0.999994457 82.197929382
0.999993682 -0.003561876 -0.000093607 0.838110149 0.003561982 0.999992967 0.001162443 -1.976499081 0.000089465 -0.001162770 0.999999344 82.717353821
0.999992132 -0.003148664 0.002440417 0.852945983 0.003146468 0.999994636 0.000903031 -1.989604115 -0.002443247 -0.000895345 0.999996662 83.260559082
0.999959588 -0.001825677 0.008802094 0.850937545 0.001815199 0.999997616 0.001198286 -2.002106667 -0.008804263 -0.001182260 0.999960542 83.815490723
0.999893665 -0.002286296 0.014403136 0.882583022 0.002267502 0.999996543 0.001321072 -2.016158104 -0.014406105 -0.001288272 0.999895513 84.364669800
0.999791622 -0.001599762 0.020349201 0.905650973 0.001564929 0.999997199 0.001727591 -2.037003279 -0.020351909 -0.001695386 0.999791503 84.918777466
0.999673724 -0.003028668 0.025363104 0.944036841 0.002992357 0.999994397 0.001469498 -2.052665234 -0.025367416 -0.001393123 0.999677181 85.458335876
0.999424100 -0.002574301 0.033835310 0.971012950 0.002529649 0.999995887 0.001362434 -2.061943531 -0.033838678 -0.001276058 0.999426484 86.009292603
0.999122441 -0.003316157 0.041755952 1.017128229 0.003264569 0.999993801 0.001303613 -2.075539827 -0.041760024 -0.001166154 0.999126971 86.558029175
0.998808324 -0.002717625 0.048732117 1.055534363 0.002637635 0.999995053 0.001705673 -2.090888023 -0.048736513 -0.001575102 0.998810410 87.104385376
0.998304486 -0.003073135 0.058127671 1.102616310 0.002995797 0.999994576 0.001417564 -2.100903988 -0.058131710 -0.001241021 0.998308122 87.651893616
0.997681618 -0.002786560 0.067996316 1.158799171 0.002679760 0.999995053 0.001661834 -2.115686417 -0.068000600 -0.001475767 0.997684181 88.202522278
0.997060239 -0.003516410 0.076542258 1.218559265 0.003435979 0.999993384 0.001182471 -2.127951145 -0.076545916 -0.000915997 0.997065663 88.755935669
0.996423542 -0.003818492 0.084413096 1.282281399 0.003712934 0.999992251 0.001407445 -2.146206379 -0.084417790 -0.001088991 0.996429861 89.307083130
0.995377481 -0.003312368 0.095982812 1.349834442 0.003193087 0.999993980 0.001396304 -2.156653166 -0.095986843 -0.001083368 0.995382011 89.848060608
0.994342566 -0.003692423 0.106156737 1.430593491 0.003512175 0.999992073 0.001884842 -2.172146320 -0.106162854 -0.001501338 0.994347632 90.399101257
0.993314981 -0.004126664 0.115361512 1.509658813 0.003984611 0.999991000 0.001461959 -2.183885813 -0.115366504 -0.000992515 0.993322492 90.942932129
0.991993964 -0.003801888 0.126227990 1.599833488 0.003567082 0.999991417 0.002086164 -2.197189093 -0.126234859 -0.001619196 0.991999030 91.503517151
0.990391850 -0.004343430 0.138221413 1.699107170 0.004189305 0.999990225 0.001405957 -2.205952168 -0.138226241 -0.000813397 0.990400374 92.056457520
0.988813043 -0.004915853 0.149079338 1.798012733 0.004654559 0.999986947 0.002101567 -2.226021767 -0.149087727 -0.001384159 0.988822997 92.591262817
0.987168908 -0.005498590 0.159584925 1.902399063 0.005251259 0.999984264 0.001971515 -2.235956669 -0.159593239 -0.001108196 0.987182200 93.143402100
0.984952867 -0.004944931 0.172753021 2.013628960 0.004669807 0.999987125 0.001998967 -2.249325991 -0.172760680 -0.001162165 0.984963059 93.675209045
0.982881129 -0.005370724 0.184162319 2.138672829 0.005024920 0.999984682 0.002344358 -2.264153719 -0.184172064 -0.001378824 0.982892990 94.206649780
0.980887890 -0.006378741 0.194469362 2.271680832 0.006013975 0.999978900 0.002466052 -2.290666819 -0.194480956 -0.001249387 0.980905473 94.702545166
0.978094637 -0.005325397 0.208092749 2.401983261 0.004813128 0.999984026 0.002967983 -2.300212622 -0.208105266 -0.001901392 0.978104651 95.260406494
0.975051403 -0.004995195 0.221922934 2.537712097 0.004523543 0.999986291 0.002633525 -2.301715136 -0.221933067 -0.001563944 0.975060582 95.799858093
0.972545087 -0.004943688 0.232661963 2.691888809 0.004292964 0.999985337 0.003303140 -2.326581240 -0.232674867 -0.002213643 0.972552061 96.321563721
0.969691753 -0.006218446 0.244252712 2.835821152 0.005719936 0.999979854 0.002750208 -2.336396933 -0.244264916 -0.001269744 0.969707608 96.798156738
0.965979695 -0.005001194 0.258569568 3.010351181 0.004345364 0.999985754 0.003107825 -2.352821350 -0.258581489 -0.001878517 0.965987563 97.379333496
0.962504745 -0.004199581 0.271232158 3.176280975 0.003409743 0.999988496 0.003383220 -2.366507530 -0.271243244 -0.002331533 0.962507963 97.912208557
0.959412098 -0.005078034 0.281962007 3.352067947 0.004337926 0.999985337 0.003249017 -2.381717443 -0.281974345 -0.001894016 0.959420085 98.428649902
0.955093145 -0.006059410 0.296243727 3.528224945 0.005311367 0.999980330 0.003329828 -2.385633230 -0.296258062 -0.001606838 0.955106556 98.946792603
0.950805962 -0.006721143 0.309713989 3.719078064 0.005941307 0.999976337 0.003461107 -2.404107094 -0.309729934 -0.001450736 0.950823367 99.453292847
0.946849167 -0.006554700 0.321611017 3.915445328 0.005826799 0.999977827 0.003225806 -2.403558969 -0.321625024 -0.001180389 0.946866393 99.977531433
0.942189276 -0.006244455 0.335022867 4.119243622 0.005502243 0.999979913 0.003164483 -2.418531418 -0.335035890 -0.001138165 0.942204773 100.500610352
0.936929703 -0.005526968 0.349474072 4.328342438 0.004517023 0.999983013 0.003704825 -2.436532497 -0.349488556 -0.001892579 0.936938643 101.004936218
0.932453811 -0.007089241 0.361219704 4.555664062 0.006221175 0.999974310 0.003565978 -2.443920851 -0.361235648 -0.001077899 0.932473958 101.527862549
0.927825034 -0.008030565 0.372929364 4.781238556 0.007548929 0.999967694 0.002751788 -2.448966265 -0.372939438 0.000262040 0.927855730 102.033058167
0.922072649 -0.008149797 0.386930823 5.018218994 0.007454089 0.999966800 0.003298562 -2.467180967 -0.386944801 -0.000157297 0.922102869 102.510185242
0.916458189 -0.007972127 0.400051057 5.253406525 0.007084922 0.999968052 0.003696621 -2.473354578 -0.400067687 -0.000553468 0.916485429 103.019760132
0.911771119 -0.009039331 0.410599560 5.505916595 0.008532576 0.999958873 0.003066747 -2.483666182 -0.410610378 0.000707301 0.911810637 103.499160767
0.905410171 -0.009415695 0.424433321 5.757556915 0.008739971 0.999955475 0.003538876 -2.502985954 -0.424447775 0.000505400 0.905452311 103.988960266
0.898669302 -0.008792316 0.438538730 5.997276306 0.007891352 0.999961376 0.003877102 -2.511687517 -0.438555807 -0.000023569 0.898703933 104.472808838
0.892730236 -0.009384584 0.450493902 6.263854980 0.008168723 0.999955833 0.004643133 -2.534559727 -0.450517565 -0.000465105 0.892767489 104.949401855
0.887124002 -0.010208702 0.461418480 6.542575836 0.009059747 0.999947906 0.004705169 -2.545238018 -0.461442441 0.000006267 0.887170076 105.428169250
0.880177796 -0.010044397 0.474537909 6.799274445 0.008922496 0.999949515 0.004616088 -2.553838730 -0.474560261 0.000171084 0.880222976 105.891235352
