1.000000000 0.000000000 0.000000000 0.000000000 0.000000000 1.000000000 0.000000000 0.000000000 0.000000000 0.000000000 1.000000000 0.000000000
1.000000000 0.000097250 0.000017953 0.000061269 -0.000097250 1.000000000 -0.000040963 0.000567526 -0.000017957 0.000040962 1.000000000 0.000054035
1.000000000 0.000049960 0.000057816 -0.000205168 -0.000049964 1.000000000 0.000064501 -0.000262604 -0.000057813 -0.000064503 1.000000000 0.000181790
1.000000000 -0.000086484 0.000094735 -0.000283058 0.000086485 1.000000000 -0.000013006 0.000407179 -0.000094734 0.000013014 1.000000000 0.000183519
1.000000000 -0.000091301 0.000037097 -0.000105223 0.000091299 1.000000000 0.000044955 -0.000530639 -0.000037101 -0.000044952 1.000000000 -0.000909242
1.000000000 -0.000021001 0.000133454 -0.000661634 0.000020998 1.000000000 0.000022145 -0.000030150 -0.000133455 -0.000022142 1.000000000 -0.000159120
1.000000000 -0.000117632 0.000077101 0.000084117 0.000117632 1.000000000 -0.000001369 0.000114687 -0.000077101 0.000001378 1.000000000 -0.000153181
1.000000000 0.000008429 0.000084480 -0.000681887 -0.000008438 1.000000000 0.000110261 -0.000576866 -0.000084479 -0.000110261 1.000000000 -0.000561868
1.000000000 -0.000027926 -0.000022421 -0.000232355 0.000027926 1.000000000 -0.000037394 -0.000369969 0.000022422 0.000037394 1.000000000 -0.000928613
1.000000000 -0.000114428 0.000039623 -0.000174530 0.000114425 1.000000000 0.000080463 -0.001450927 -0.000039632 -0.000080458 1.000000000 -0.001523122
1.000000000 0.000026310 0.000037530 -0.000534021 -0.000026313 1.000000000 0.000081868 -0.000855472 -0.000037528 -0.000081869 1.000000000 -0.000140259
1.000000000 -0.000047903 0.000057839 -0.000815104 0.000047900 1.000000000 0.000049105 -0.000539667 -0.000057841 -0.000049102 1.000000000 -0.001777684
1.000000000 0.000009271 -0.000001931 -0.000638144 -0.000009272 1.000000000 -0.000063721 -0.000377409 0.000001931 0.000063721 1.000000000 -0.001064457
1.000000000 -0.000021986 0.000056315 -0.001215986 0.000021986 1.000000000 -0.000001217 0.001004099 -0.000056315 0.000001218 1.000000000 0.000618039
1.000000000 -0.000073174 0.000031857 -0.001273648 0.000073177 1.000000000 -0.000094373 0.000614348 -0.000031850 0.000094375 1.000000000 -0.000793341
1.000000000 0.000065187 -0.000009559 0.000193813 -0.000065188 1.000000000 -0.000119662 0.002303468 0.000009551 0.000119663 1.000000000 0.002032311
1.000000000 0.000033696 0.000082653 -0.000780641 -0.000033684 1.000000000 -0.000147793 0.002465546 -0.000082658 0.000147790 1.000000000 0.003211390
1.000000000 0.000100119 0.000071594 -0.001414164 -0.000100110 1.000000000 -0.000133763 0.001804925 -0.000071608 0.000133756 1.000000000 0.001407130
1.000000000 0.000170776 0.000153772 -0.001553547 -0.000170763 1.000000000 -0.000084636 0.002105908 -0.000153787 0.000084610 1.000000000 0.002876878
1.000000000 0.000060745 0.000129812 -0.001136906 -0.000060731 1.000000000 -0.000108156 0.001899943 -0.000129818 0.000108148 1.000000000 0.002211828
1.000000000 0.000108894 0.000151067 -0.001845324 -0.000108879 1.000000000 -0.000099681 0.001859567 -0.000151078 0.000099665 1.000000000 0.002068499
1.000000000 0.000138804 0.000070663 -0.001694991 -0.000138798 1.000000000 -0.000086518 0.002218456 -0.000070675 0.000086508 1.000000000 0.001979987
1.000000000 0.000137846 0.000021737 -0.000637042 -0.000137844 1.000000000 -0.000098656 0.002306626 -0.000021751 0.000098653 1.000000000 0.003359408
1.000000000 0.000134169 0.000067811 -0.001185111 -0.000134163 1.000000000 -0.000091326 0.002931288 -0.000067823 0.000091317 1.000000000 0.003806694
0.999999940 0.000350688 0.000023115 -0.001109441 -0.000350687 0.999999940 -0.000062920 0.002793415 -0.000023137 0.000062912 1.000000000 0.004326834
0.999999940 0.000259250 0.000078171 -0.001275078 -0.000259246 0.999999940 -0.000048115 0.001891164 -0.000078184 0.000048095 1.000000000 0.002275350
1.000000000 0.000086068 0.000125710 -0.001580528 -0.000086061 1.000000000 -0.000059586 0.002846867 -0.000125715 0.000059575 1.000000000 0.003833194
1.000000000 0.000143118 0.000160934 -0.002044903 -0.000143117 1.000000000 -0.000000709 0.001552324 -0.000160935 0.000000686 1.000000000 0.003025827
1.000000000 0.000107073 0.000090090 -0.001477816 -0.000107064 1.000000000 -0.000107326 0.002649078 -0.000090102 0.000107316 1.000000000 0.002766889
0.999999940 0.000188605 0.000155669 -0.002141491 -0.000188587 1.000000000 -0.000118235 0.003188983 -0.000155691 0.000118206 1.000000000 0.003412951
1.000000000 0.000158552 0.000183784 -0.001259248 -0.000158545 1.000000000 -0.000041967 0.002085301 -0.000183791 0.000041938 1.000000000 0.003372295
1.000000000 0.000129427 0.000160512 -0.001061799 -0.000129407 1.000000000 -0.000125724 0.003894583 -0.000160528 0.000125703 1.000000000 0.004245701
1.000000000 0.000150394 0.000046736 -0.000487259 -0.000150383 0.999999940 -0.000224318 0.004123562 -0.000046770 0.000224311 1.000000000 0.004325610
1.000000000 0.000133587 0.000164200 -0.001196933 -0.000133575 1.000000000 -0.000073604 0.002299564 -0.000164210 0.000073582 1.000000000 0.002324592
0.999999940 0.000202042 0.000146002 -0.002040219 -0.000202022 1.000000000 -0.000137015 0.002382429 -0.000146030 0.000136985 1.000000000 0.002287552
1.000000000 0.000181104 0.000137225 -0.001092074 -0.000181084 1.000000000 -0.000143502 0.002653679 -0.000137251 0.000143477 1.000000000 0.002631161
1.000000000 0.000124839 0.000060570 -0.000350382 -0.000124834 1.000000000 -0.000073950 0.002513178 -0.000060579 0.000073942 1.000000000 0.002704219
1.000000000 0.000189124 0.000117813 -0.001727969 -0.000189120 1.000000000 -0.000030509 0.002741200 -0.000117819 0.000030487 1.000000000 0.004052274
0.999999940 0.000206927 0.000137749 -0.001045048 -0.000206921 1.000000000 -0.000042346 0.002139030 -0.000137758 0.000042317 1.000000000 0.002799162
1.000000000 0.000169906 0.000080221 -0.000424732 -0.000169898 1.000000000 -0.000098454 0.003822028 -0.000080238 0.000098440 1.000000000 0.003605760
1.000000000 0.000030254 0.000059206 0.000334780 -0.000030247 1.000000000 -0.000104582 0.001526232 -0.000059209 0.000104581 1.000000000 0.004280417
0.999999881 0.000424232 0.000110095 0.001296635 -0.000424177 0.999999762 -0.000498505 -0.002029651 -0.000110306 0.000498458 0.999999881 0.051232740
0.999999940 0.000367631 0.000111238 0.001436614 -0.000367509 0.999999344 -0.001100826 -0.003893601 -0.000111643 0.001100785 0.999999404 0.138937399
1.000000000 0.000162673 0.000023084 0.004558758 -0.000162640 0.999998987 -0.001394091 -0.008382980 -0.000023310 0.001394087 0.999999046 0.254423052
0.999999940 0.000363505 0.000161913 0.006844998 -0.000363288 0.999999046 -0.001337641 -0.009281481 -0.000162399 0.001337582 0.999999106 0.389325410
0.999999940 0.000199656 0.000299280 0.007244271 -0.000199348 0.999999464 -0.001027343 -0.014236795 -0.000299484 0.001027283 0.999999404 0.535819173
0.999999046 0.001314969 -0.000014908 0.009398453 -0.001314984 0.999998569 -0.001024837 -0.025573649 0.000013561 0.001024856 0.999999464 0.657746673
0.999998987 0.001341007 0.000221463 0.012264725 -0.001340860 0.999998808 -0.000661673 -0.029993856 -0.000222350 0.000661375 0.999999702 0.820316017
0.999998510 0.001669759 0.000295452 0.012825542 -0.001669606 0.999998450 -0.000515182 -0.034791805 -0.000296312 0.000514688 0.999999821 0.991854489
0.999998331 0.001768779 0.000180558 0.014670487 -0.001768610 0.999997973 -0.000932076 -0.035200842 -0.000182207 0.000931756 0.999999523 1.176623344
0.999997616 0.002102458 0.000476057 0.014576831 -0.002102238 0.999997616 -0.000463234 -0.042813748 -0.000477030 0.000462232 0.999999762 1.361883283
0.999997437 0.002226570 0.000295792 0.019167395 -0.002226425 0.999997318 -0.000489225 -0.046220571 -0.000296880 0.000488565 0.999999821 1.561153889
0.999998450 0.001727346 0.000331716 0.024520570 -0.001727236 0.999998391 -0.000333120 -0.053071190 -0.000332291 0.000332547 0.999999940 1.762877941
0.999997795 0.001961959 0.000726838 0.020612165 -0.001961895 0.999998093 -0.000089059 -0.061688166 -0.000727011 0.000087633 0.999999762 1.961441517
0.999999166 0.001210347 0.000452159 0.028496658 -0.001210296 0.999999344 -0.000114413 -0.068668731 -0.000452297 0.000113866 0.999999881 2.173529625
0.999998093 0.001798015 0.000785978 0.030386005 -0.001797931 0.999998391 -0.000107538 -0.075264163 -0.000786170 0.000106125 0.999999702 2.394247293
0.999997735 0.001955385 0.000750275 0.037690807 -0.001955307 0.999998033 -0.000105200 -0.082702063 -0.000750479 0.000103732 0.999999702 2.612276077
0.999998748 0.001285297 0.000901026 0.038999833 -0.001285346 0.999999166 0.000053941 -0.089128375 -0.000900956 -0.000055099 0.999999642 2.851032972
0.999997377 0.001945323 0.001151026 0.044840299 -0.001945666 0.999998093 0.000297255 -0.096573606 -0.001150446 -0.000299494 0.999999225 3.086247683
0.999997675 0.001925798 0.000980107 0.051330321 -0.001926382 0.999998033 0.000595060 -0.105430163 -0.000978959 -0.000596946 0.999999285 3.328263760
0.999996960 0.002038548 0.001388746 0.049891751 -0.002038915 0.999997914 0.000262676 -0.112767316 -0.001388207 -0.000265506 0.999998987 3.574801922
0.999997020 0.002053517 0.001321746 0.056368306 -0.002053944 0.999997854 0.000321848 -0.119269222 -0.001321083 -0.000324562 0.999999046 3.829008341
0.999997497 0.001910959 0.001192946 0.061884757 -0.001911305 0.999998152 0.000288936 -0.124169007 -0.001192392 -0.000291216 0.999999166 4.094965935
0.999993980 0.002823677 0.002011633 0.061721854 -0.002824847 0.999995828 0.000578719 -0.129951000 -0.002009991 -0.000584398 0.999997735 4.365038395
0.999994874 0.002404629 0.002086156 0.068277121 -0.002406134 0.999996841 0.000719140 -0.138670683 -0.002084419 -0.000724156 0.999997556 4.625033379
0.999993563 0.002692775 0.002370344 0.077144295 -0.002694383 0.999996066 0.000675192 -0.144112721 -0.002368516 -0.000681575 0.999996960 4.886303902
0.999994278 0.002934730 0.001671116 0.083916746 -0.002936155 0.999995291 0.000850604 -0.153072163 -0.001668612 -0.000855506 0.999998271 5.144452095
0.999992609 0.003388594 0.001780175 0.086953960 -0.003389283 0.999994218 0.000384200 -0.157441720 -0.001778863 -0.000390231 0.999998450 5.411044598
0.999993801 0.002755559 0.002163951 0.088602163 -0.002756766 0.999996066 0.000554934 -0.165927693 -0.002162413 -0.000560896 0.999997497 5.678506851
0.999996066 0.002021428 0.001936284 0.094610468 -0.002022952 0.999997556 0.000785301 -0.177999586 -0.001934692 -0.000789215 0.999997795 5.945339203
0.999995530 0.002250874 0.001963766 0.099268094 -0.002252287 0.999997139 0.000717606 -0.184893370 -0.001962146 -0.000722026 0.999997795 6.225855827
0.999993563 0.002752862 0.002276509 0.108210713 -0.002753949 0.999996006 0.000474285 -0.187156320 -0.002275195 -0.000480551 0.999997199 6.523886681
0.999995291 0.002240171 0.002099155 0.110053591 -0.002241008 0.999997377 0.000396633 -0.193412900 -0.002098261 -0.000401335 0.999997675 6.813618183
0.999992490 0.003165466 0.002242876 0.113204017 -0.003166915 0.999994755 0.000642666 -0.207192704 -0.002240830 -0.000649764 0.999997258 7.101649761
0.999994516 0.002375560 0.002314834 0.123114839 -0.002377658 0.999996722 0.000903794 -0.218154907 -0.002312680 -0.000909293 0.999996841 7.403884888
0.999993861 0.002639093 0.002314798 0.129648417 -0.002641260 0.999996066 0.000933528 -0.228720933 -0.002312325 -0.000939636 0.999996841 7.709067822
0.999992490 0.002885894 0.002588883 0.134999499 -0.002888344 0.999995410 0.000943354 -0.240524039 -0.002586149 -0.000950824 0.999996126 8.035737038
0.999990880 0.003328270 0.002705467 0.136835232 -0.003330915 0.999994099 0.000973956 -0.249857649 -0.002702209 -0.000982959 0.999995828 8.345044136
0.999991775 0.002865935 0.002853931 0.140812084 -0.002868860 0.999995410 0.001021411 -0.257758230 -0.002850991 -0.001029590 0.999995351 8.679562569
0.999987602 0.003644666 0.003372216 0.141918421 -0.003647865 0.999992907 0.000943044 -0.263480723 -0.003368755 -0.000955334 0.999993861 9.018382072
0.999990284 0.003436319 0.002758369 0.162914529 -0.003439369 0.999993503 0.001101688 -0.283048451 -0.002754565 -0.001111164 0.999995589 9.355046272
0.999987006 0.004281444 0.002760188 0.168700039 -0.004283566 0.999990523 0.000763373 -0.293742120 -0.002756894 -0.000775187 0.999995887 9.694169998
0.999987364 0.003990677 0.003062480 0.171373546 -0.003994212 0.999991357 0.001149089 -0.298372984 -0.003057868 -0.001161307 0.999994636 10.052560806
0.999990344 0.003347566 0.002838985 0.184582010 -0.003350255 0.999993920 0.000942876 -0.307259530 -0.002835812 -0.000952378 0.999995530 10.428448677
0.999989867 0.003507332 0.002824525 0.191244185 -0.003510256 0.999993324 0.001030888 -0.317253321 -0.002820891 -0.001040792 0.999995470 10.791828156
0.999991477 0.003047010 0.002806883 0.199663043 -0.003049409 0.999994934 0.000850727 -0.323042601 -0.002804277 -0.000859279 0.999995708 11.156103134
0.999991059 0.003264666 0.002694133 0.211458802 -0.003267049 0.999994278 0.000880281 -0.336861610 -0.002691244 -0.000889075 0.999996006 11.532941818
0.999988794 0.003821074 0.002807861 0.219845638 -0.003823217 0.999992430 0.000758432 -0.340980887 -0.002804942 -0.000769158 0.999995828 11.914575577
0.999988437 0.003653896 0.003108586 0.225805178 -0.003657859 0.999992490 0.001270363 -0.362760484 -0.003103921 -0.001281719 0.999994338 12.293982506
0.999989033 0.003465809 0.003147959 0.237306714 -0.003472517 0.999991715 0.002127943 -0.377368867 -0.003140558 -0.002138851 0.999992788 12.685877800
0.999987423 0.003655765 0.003435591 0.239659399 -0.003660788 0.999992251 0.001457024 -0.385823935 -0.003430238 -0.001469582 0.999993026 13.083387375
0.999990582 0.003007777 0.003138253 0.258107990 -0.003011049 0.999994934 0.001038440 -0.396636635 -0.003135114 -0.001047879 0.999994516 13.485003471
0.999987125 0.003559071 0.003610807 0.258418888 -0.003564980 0.999992311 0.001631324 -0.409585744 -0.003604974 -0.001644176 0.999992132 13.900700569
0.999980032 0.004559044 0.004376946 0.259764522 -0.004568336 0.999987364 0.002115100 -0.419801682 -0.004367247 -0.002135054 0.999988139 14.322992325
0.999985218 0.003582010 0.004086362 0.280469954 -0.003589293 0.999991953 0.001776316 -0.434558660 -0.004079966 -0.001790957 0.999990046 14.723891258
0.999987185 0.003307588 0.003840847 0.291677624 -0.003312916 0.999993622 0.001381568 -0.442521691 -0.003836253 -0.001394275 0.999991655 15.162589073
0.999981999 0.003942695 0.004550711 0.297210932 -0.003949574 0.999991000 0.001503742 -0.456189930 -0.004544742 -0.001521688 0.999988437 15.589297295
0.999978960 0.003926687 0.005167009 0.305625260 -0.003935340 0.999990821 0.001665410 -0.467344552 -0.005160423 -0.001685709 0.999985218 16.033168793
0.999974966 0.004254903 0.005656471 0.314101517 -0.004263121 0.999989867 0.001441483 -0.476095349 -0.005650280 -0.001465562 0.999982953 16.480316162
0.999971330 0.004587375 0.006018749 0.323736697 -0.004593105 0.999988914 0.000938639 -0.485745668 -0.006014376 -0.000966257 0.999981463 16.927845001
0.999970913 0.004439379 0.006202924 0.335060537 -0.004447783 0.999989212 0.001341843 -0.501894414 -0.006196901 -0.001369393 0.999979854 17.371810913
0.999970138 0.004494428 0.006283694 0.348111868 -0.004500492 0.999989390 0.000951171 -0.506957769 -0.006279352 -0.000979423 0.999979854 17.838441849
0.999963403 0.004762986 0.007113175 0.356489539 -0.004773346 0.999987602 0.001439954 -0.521119893 -0.007106229 -0.001473855 0.999973655 18.309862137
0.999965668 0.004274321 0.007100374 0.367895186 -0.004287611 0.999989092 0.001857440 -0.542831182 -0.007092358 -0.001887819 0.999973059 18.778295517
0.999967873 0.004061522 0.006918972 0.387051284 -0.004077703 0.999988973 0.002326163 -0.556334853 -0.006909450 -0.002354301 0.999973357 19.263360977
0.999959230 0.004955622 0.007543108 0.400596082 -0.004965759 0.999986827 0.001325713 -0.564160645 -0.007536439 -0.001363117 0.999970675 19.746131897
0.999962687 0.004618254 0.007298602 0.407910645 -0.004631876 0.999987543 0.001850706 -0.580263972 -0.007289964 -0.001884443 0.999971628 20.223527908
0.999965012 0.004285182 0.007180278 0.425697029 -0.004296026 0.999989629 0.001495518 -0.592566133 -0.007173795 -0.001526312 0.999973118 20.715473175
0.999968588 0.004549461 0.006485404 0.441974372 -0.004559609 0.999988437 0.001550869 -0.600823343 -0.006478273 -0.001580391 0.999977767 21.229084015
0.999967217 0.004976701 0.006408202 0.450028598 -0.004991315 0.999984980 0.002266431 -0.631196141 -0.006396826 -0.002298343 0.999976873 21.717416763
0.999975145 0.004583806 0.005361333 0.470703900 -0.004594764 0.999987364 0.002033490 -0.640257061 -0.005351944 -0.002058073 0.999983549 22.237308502
0.999975681 0.004799323 0.005060589 0.477341235 -0.004807784 0.999987006 0.001660996 -0.649487197 -0.005052552 -0.001685286 0.999985814 22.748508453
0.999978840 0.004266029 0.004906400 0.492992729 -0.004275653 0.999988973 0.001952586 -0.668887854 -0.004898017 -0.001973522 0.999985993 23.256774902
0.999983907 0.003948636 0.004070295 0.507186294 -0.003957339 0.999989927 0.002131929 -0.684078038 -0.004061836 -0.002148002 0.999989450 23.784339905
0.999988556 0.003356089 0.003417484 0.512284636 -0.003363587 0.999991953 0.002190586 -0.701993763 -0.003410105 -0.002202056 0.999991775 24.294292450
0.999986529 0.003845106 0.003475659 0.518813610 -0.003852375 0.999990344 0.002087228 -0.717081726 -0.003467599 -0.002100589 0.999991775 24.839199066
0.999988019 0.004180737 0.002535620 0.536840677 -0.004186006 0.999989092 0.002076392 -0.725820839 -0.002526911 -0.002086981 0.999994636 25.361917496
0.999988496 0.004218081 0.002286499 0.538380623 -0.004223437 0.999988317 0.002342180 -0.744811833 -0.002276593 -0.002351810 0.999994636 25.922685623
0.999988556 0.004419246 0.001836549 0.551545024 -0.004424124 0.999986649 0.002660180 -0.761841893 -0.001824769 -0.002668275 0.999994814 26.476068497
0.999988377 0.004576923 0.001545491 0.559314668 -0.004581896 0.999984205 0.003229557 -0.776987433 -0.001530685 -0.003236600 0.999993622 27.034143448
0.999991775 0.003939203 0.001056854 0.570903480 -0.003941870 0.999989033 0.002532496 -0.789720178 -0.001046867 -0.002536641 0.999996245 27.572372437
0.999987543 0.004914281 0.000810712 0.582645476 -0.004916308 0.999984860 0.002518937 -0.806411624 -0.000798321 -0.002522892 0.999996483 28.121551514
0.999985516 0.005278901 0.000985984 0.588185012 -0.005281334 0.999983072 0.002482706 -0.815272868 -0.000972861 -0.002487878 0.999996364 28.662626266
0.999984801 0.005462501 0.000714856 0.598631561 -0.005464356 0.999981642 0.002617521 -0.829910636 -0.000700545 -0.002621387 0.999996245 29.207437515
0.999988854 0.004723161 0.000215472 0.611063600 -0.004723662 0.999985993 0.002385068 -0.843652129 -0.000204203 -0.002386059 0.999997079 29.746343613
0.999986589 0.005173763 0.000163462 0.621095240 -0.005174140 0.999983728 0.002390890 -0.856082916 -0.000151089 -0.002391704 0.999997139 30.302749634
0.999983490 0.005743443 0.000033467 0.621665120 -0.005743504 0.999980867 0.002294267 -0.863370478 -0.000020290 -0.002294422 0.999997377 30.830705643
0.999979854 0.006349560 0.000111968 0.631007791 -0.006349796 0.999977350 0.002233583 -0.877147675 -0.000097783 -0.002234248 0.999997497 31.382753372
0.999974072 0.007201743 -0.000107513 0.639572322 -0.007201541 0.999972463 0.001782567 -0.887375534 0.000120348 -0.001781746 0.999998391 31.933725357
0.999980152 0.006284360 -0.000401610 0.656733274 -0.006283503 0.999978065 0.002100021 -0.906386375 0.000414798 -0.002097456 0.999997735 32.462165833
0.999977350 0.006696227 -0.000718707 0.661530852 -0.006694621 0.999975145 0.002214329 -0.919509411 0.000733516 -0.002209467 0.999997318 33.014320374
0.999975562 0.006969096 -0.000477435 0.682277441 -0.006967892 0.999972701 0.002477696 -0.938189983 0.000494689 -0.002474309 0.999996841 33.557125092
0.999982357 0.005868236 -0.000948619 0.684405982 -0.005865668 0.999979317 0.002686957 -0.957336485 0.000964367 -0.002681345 0.999995947 34.081329346
0.999981403 0.005851603 -0.001753588 0.698205233 -0.005847037 0.999979556 0.002598120 -0.969943166 0.001768755 -0.002587818 0.999995053 34.620765686
0.999979913 0.006088628 -0.001762252 0.702709913 -0.006083527 0.999977291 0.002885527 -0.988872647 0.001779781 -0.002874749 0.999994338 35.153575897
0.999981642 0.005883049 -0.001443371 0.709126592 -0.005879354 0.999979436 0.002551198 -0.993875265 0.001458350 -0.002542665 0.999995708 35.680408478
0.999979794 0.006109762 -0.001720071 0.725781441 -0.006105547 0.999978364 0.002445452 -1.008878589 0.001734975 -0.002434901 0.999995589 36.223606110
0.999984443 0.005050078 -0.002356209 0.751538515 -0.005044040 0.999984026 0.002561725 -1.025942802 0.002369108 -0.002549800 0.999993980 36.756504059
0.999981642 0.005837962 -0.001609198 0.738362670 -0.005833830 0.999979675 0.002561194 -1.034184098 0.001624117 -0.002551760 0.999995351 37.305458069
0.999978662 0.006330934 -0.001617148 0.748626292 -0.006327345 0.999977469 0.002215046 -1.045442104 0.001631135 -0.002204766 0.999996185 37.858272552
0.999976099 0.006752344 -0.001477548 0.753262877 -0.006748889 0.999974430 0.002331813 -1.058951735 0.001493255 -0.002321785 0.999996126 38.415573120
0.999978483 0.006367448 -0.001531136 0.757553935 -0.006364426 0.999977767 0.001970055 -1.074951410 0.001543646 -0.001960268 0.999996901 38.925834656
0.999971926 0.007353866 -0.001379932 0.764906406 -0.007351380 0.999971390 0.001797019 -1.087078214 0.001393108 -0.001786824 0.999997497 39.475627899
0.999977946 0.006536323 -0.001144539 0.779363692 -0.006534451 0.999977350 0.001631555 -1.101761222 0.001155177 -0.001624040 0.999997973 40.040714264
0.999979556 0.006213542 -0.001488225 0.776313126 -0.006210998 0.999979258 0.001708536 -1.109690785 0.001498810 -0.001699258 0.999997377 40.548828125
0.999981165 0.005949154 -0.001556556 0.789146066 -0.005946852 0.999981344 0.001478594 -1.124085784 0.001565323 -0.001469309 0.999997735 41.095783234
0.999980569 0.005957889 -0.001836919 0.804021835 -0.005955950 0.999981821 0.001058815 -1.133830905 0.001843194 -0.001047854 0.999997795 41.648952484
0.999980628 0.005967246 -0.001806976 0.821416080 -0.005965190 0.999981582 0.001141136 -1.153672099 0.001813752 -0.001130335 0.999997675 42.187175751
0.999975979 0.006852605 -0.000967744 0.795655966 -0.006850870 0.999974966 0.001784609 -1.165635347 0.000979948 -0.001777937 0.999997914 42.688297272
0.999972820 0.007307822 -0.000943141 0.802535772 -0.007305403 0.999970078 0.002543092 -1.183617473 0.000961697 -0.002536133 0.999996305 43.232418060
0.999972880 0.007235487 -0.001327539 0.820438445 -0.007232070 0.999970615 0.002560885 -1.200080633 0.001346029 -0.002551215 0.999995828 43.776279449
0.999974430 0.007072384 -0.000995386 0.824542105 -0.007070866 0.999973834 0.001519952 -1.199436784 0.001006109 -0.001512875 0.999998331 44.286952972
0.999970555 0.007584772 -0.001107965 0.832524776 -0.007583442 0.999970436 0.001201095 -1.210890770 0.001117043 -0.001192657 0.999998629 44.843868256
0.999962449 0.008623137 -0.000734441 0.842384934 -0.008622302 0.999962151 0.001132886 -1.225184202 0.000744182 -0.001126511 0.999999046 45.390392303
0.999967217 0.008062878 -0.000770822 0.846542776 -0.008061841 0.999966621 0.001337887 -1.243157029 0.000781583 -0.001331629 0.999998808 45.889720917
0.999971271 0.007548141 -0.000746032 0.855156839 -0.007546952 0.999970198 0.001584401 -1.262029767 0.000757969 -0.001578725 0.999998450 46.429019928
0.999966264 0.008160656 -0.000979569 0.870179892 -0.008158958 0.999965250 0.001726039 -1.279844403 0.000993620 -0.001717989 0.999998033 46.970832825
0.999972403 0.007393429 -0.000654421 0.868514419 -0.007392354 0.999971271 0.001629425 -1.282523513 0.000666449 -0.001624543 0.999998450 47.491653442
0.999967039 0.008102946 -0.000342840 0.872336984 -0.008102641 0.999966741 0.000877922 -1.293664098 0.000349943 -0.000875116 0.999999523 48.027317047
0.999972343 0.007432262 -0.000271490 0.881660938 -0.007431825 0.999971151 0.001579113 -1.311477780 0.000283219 -0.001577051 0.999998689 48.570262909
0.999973655 0.007250904 -0.000506257 0.890115857 -0.007250337 0.999973118 0.001111808 -1.319842577 0.000514305 -0.001108108 0.999999225 49.116615295
0.999969423 0.007808315 -0.000564375 0.908282995 -0.007807461 0.999968410 0.001499229 -1.334547997 0.000576063 -0.001494776 0.999998748 49.663566589
0.999966145 0.008226647 0.000076753 0.905197561 -0.008226756 0.999964952 0.001529998 -1.351002216 -0.000064164 -0.001530578 0.999998808 50.182601929
0.999961138 0.008743422 0.001159683 0.905361176 -0.008744905 0.999960899 0.001278507 -1.367054820 -0.001148459 -0.001288599 0.999998510 50.723384857
0.999965131 0.008321795 0.000727581 0.927657127 -0.008322891 0.999964237 0.001517811 -1.378896952 -0.000714926 -0.001523813 0.999998510 51.276367188
0.999965072 0.008347714 0.000105432 0.929183602 -0.008347863 0.999963999 0.001510090 -1.391312361 -0.000092822 -0.001510917 0.999998808 51.777149200
0.999965370 0.008303835 0.000518223 0.933985949 -0.008304572 0.999964476 0.001435520 -1.406994939 -0.000506285 -0.001439774 0.999998808 52.318256378
0.999965072 0.008334634 0.000511889 0.944121182 -0.008335402 0.999964118 0.001519131 -1.418914676 -0.000499209 -0.001523345 0.999998629 52.855743408
0.999955535 0.009379939 0.000988537 0.948801041 -0.009381058 0.999955416 0.001132377 -1.435053229 -0.000977871 -0.001141600 0.999998808 53.403892517
0.999961615 0.008716904 0.000889633 0.962907314 -0.008717719 0.999961555 0.000915861 -1.447321177 -0.000881615 -0.000923582 0.999999166 53.939331055
0.999955595 0.009335248 0.001280765 0.967629015 -0.009336357 0.999956012 0.000863628 -1.460086346 -0.001272647 -0.000875547 0.999998748 54.469268799
0.999947906 0.010118013 0.001324181 0.976443470 -0.010118599 0.999948680 0.000437893 -1.473299384 -0.001319683 -0.000451269 0.999999046 55.019332886
0.999961495 0.008697600 0.001132299 0.996717393 -0.008698139 0.999962032 0.000471792 -1.483732104 -0.001128153 -0.000481623 0.999999225 55.560443878
0.999955952 0.009139169 0.002136195 1.000807881 -0.009141081 0.999957800 0.000887390 -1.500767708 -0.002127995 -0.000906878 0.999997318 56.088973999
0.999958575 0.009009567 0.001304829 1.009269834 -0.009010462 0.999959111 0.000679105 -1.513911605 -0.001298657 -0.000690834 0.999998927 56.646007538
0.999952734 0.009600208 0.001555489 1.021899104 -0.009601704 0.999953449 0.000956252 -1.530241489 -0.001546236 -0.000971142 0.999998331 57.181922913
0.999957383 0.009126554 0.001372751 1.027227521 -0.009127782 0.999957919 0.000891834 -1.545681715 -0.001364554 -0.000904326 0.999998689 57.709575653
0.999956012 0.009234205 0.001597747 1.042833924 -0.009235788 0.999956846 0.000986494 -1.559508681 -0.001588568 -0.001001208 0.999998271 58.247005463
0.999947965 0.010024892 0.001863349 1.040353179 -0.010026446 0.999949276 0.000825971 -1.569824934 -0.001854974 -0.000844610 0.999997973 58.782585144
0.999952793 0.009536517 0.001848956 1.050708413 -0.009537819 0.999954283 0.000695535 -1.587811828 -0.001842238 -0.000713137 0.999997973 59.303531647
0.999954522 0.009434496 0.001371783 1.067097068 -0.009435025 0.999955475 0.000379916 -1.601570249 -0.001368138 -0.000392842 0.999998927 59.851692200
0.999955058 0.009333319 0.001688126 1.075174689 -0.009334243 0.999956369 0.000540057 -1.613638759 -0.001683012 -0.000555790 0.999998391 60.407985687
0.999951899 0.009608863 0.001975280 1.082870126 -0.009609551 0.999953687 0.000338848 -1.624584317 -0.001971934 -0.000357813 0.999997914 60.930580139
0.999947071 0.009996573 0.002453473 1.097332954 -0.009997890 0.999949813 0.000525642 -1.639562607 -0.002448096 -0.000550144 0.999996841 61.483016968
0.999954641 0.009319362 0.001924856 1.103874207 -0.009320373 0.999956429 0.000517496 -1.655224562 -0.001919949 -0.000535413 0.999998033 61.991672516
0.999949574 0.009819347 0.002071866 1.113500714 -0.009818938 0.999951780 -0.000207937 -1.663351536 -0.002073808 0.000187584 0.999997914 62.544277191
0.999945760 0.010107164 0.002508300 1.120774150 -0.010108092 0.999948859 0.000357076 -1.680900335 -0.002504563 -0.000382411 0.999996781 63.084136963
0.999944985 0.010154582 0.002612980 1.132371426 -0.010154546 0.999948442 -0.000027083 -1.696928859 -0.002613120 0.000000548 0.999996603 63.628787994
0.999947846 0.009874706 0.002605245 1.140226603 -0.009875172 0.999951243 0.000166848 -1.712657332 -0.002603471 -0.000192566 0.999996543 64.137870789
0.999945760 0.010019078 0.002845712 1.149311304 -0.010019553 0.999949813 0.000153195 -1.723489523 -0.002844034 -0.000181700 0.999996006 64.681510925
0.999948025 0.009697726 0.003146473 1.156069875 -0.009698397 0.999952912 0.000198025 -1.741845965 -0.003144404 -0.000228530 0.999995053 65.206100464
0.999943852 0.010254400 0.002711655 1.169162869 -0.010253241 0.999947369 -0.000440908 -1.748682141 -0.002716034 0.000413080 0.999996245 65.750144958
0.999943972 0.010067441 0.003270491 1.176199555 -0.010066193 0.999949217 -0.000398605 -1.765648961 -0.003274338 0.000365662 0.999994576 66.295051575
0.999932289 0.010929101 0.003988049 1.177656174 -0.010926312 0.999940097 -0.000720414 -1.782116771 -0.003995684 0.000676790 0.999991775 66.828414917
0.999947727 0.009713710 0.003172738 1.201763749 -0.009712095 0.999952614 -0.000523881 -1.796324968 -0.003177677 0.000493040 0.999994755 67.363037109
0.999938309 0.010502113 0.003623107 1.209083915 -0.010499666 0.999944687 -0.000693712 -1.807465672 -0.003630192 0.000655628 0.999993145 67.900802612
0.999944806 0.009902195 0.003504926 1.226646304 -0.009899469 0.999950707 -0.000794236 -1.826364279 -0.003512617 0.000759496 0.999993563 68.446006775
0.999943495 0.010172688 0.003072444 1.239359140 -0.010169933 0.999947846 -0.000911634 -1.839568853 -0.003081558 0.000880336 0.999994874 68.994972229
0.999931633 0.010897652 0.004222552 1.242000699 -0.010895378 0.999940515 -0.000561299 -1.858907342 -0.004228418 0.000515254 0.999991000 69.553474426
0.999943197 0.010050958 0.003548712 1.261164665 -0.010048063 0.999949157 -0.000832177 -1.867700815 -0.003556896 0.000796472 0.999993384 70.029579163
0.999935329 0.010759078 0.003686705 1.271295309 -0.010755615 0.999941707 -0.000957889 -1.884137988 -0.003696796 0.000918174 0.999992788 70.584800720
0.999932885 0.010789513 0.004219813 1.280634165 -0.010781984 0.999940217 -0.001803136 -1.894127488 -0.004239016 0.001757517 0.999989450 71.129096985
0.999940217 0.010246789 0.003821956 1.296606064 -0.010243447 0.999947131 -0.000893289 -1.915471554 -0.003830907 0.000854086 0.999992311 71.616142273
0.999925613 0.011179559 0.004886713 1.298742294 -0.011174534 0.999936998 -0.001054493 -1.932230234 -0.004898194 0.000999808 0.999987483 72.174018860
0.999936640 0.010529549 0.003964220 1.319149256 -0.010526032 0.999944210 -0.000907290 -1.948728800 -0.003973552 0.000865505 0.999991655 72.689590454
0.999931514 0.011015748 0.003940525 1.326988339 -0.011013569 0.999939203 -0.000573992 -1.959705949 -0.003946607 0.000530554 0.999992013 73.239486694
0.999929249 0.011046057 0.004396765 1.342271805 -0.011042540 0.999938667 -0.000823561 -1.980159283 -0.004405593 0.000774951 0.999989986 73.751457214
0.999931455 0.011064006 0.003808409 1.356307030 -0.011061402 0.999938548 -0.000704242 -1.986994028 -0.003815967 0.000662067 0.999992490 74.309104919
0.999924123 0.011417715 0.004619855 1.363918900 -0.011413450 0.999934435 -0.000947857 -2.008520365 -0.004630374 0.000895056 0.999988854 74.830780029
0.999922395 0.011627987 0.004464014 1.376995087 -0.011621867 0.999931455 -0.001393759 -2.021044970 -0.004479914 0.001341771 0.999989033 75.374267578
0.999920487 0.011677514 0.004759431 1.390287638 -0.011672470 0.999931216 -0.001086394 -2.038104057 -0.004771790 0.001030753 0.999988079 75.924835205
0.999929547 0.010942429 0.004600056 1.409875154 -0.010936825 0.999939382 -0.001241301 -2.051190853 -0.004613360 0.001190904 0.999988616 76.474571228
0.999917328 0.011886344 0.004897858 1.414296865 -0.011878714 0.999928176 -0.001583832 -2.066643476 -0.004916332 0.001525522 0.999986768 77.003555298
0.999918878 0.011823693 0.004734506 1.424329281 -0.011817914 0.999929368 -0.001246714 -2.082517624 -0.004748913 0.001190662 0.999987960 77.547004700
0.999919713 0.011726736 0.004798048 1.439590454 -0.011717129 0.999929309 -0.002025771 -2.095561743 -0.004821465 0.001969390 0.999986470 78.087852478
0.999905944 0.012481812 0.005688541 1.452091932 -0.012472533 0.999920845 -0.001664243 -2.113224745 -0.005708863 0.001593136 0.999982417 78.635871887
0.999910355 0.012449169 0.004928934 1.464645863 -0.012442911 0.999921620 -0.001298849 -2.133966208 -0.004944718 0.001237403 0.999987006 79.158172607
0.999922156 0.011534098 0.004746642 1.484759927 -0.011528164 0.999932706 -0.001275301 -2.151627541 -0.004761031 0.001220482 0.999987960 79.706718445
0.999903083 0.012474525 0.006169369 1.488996029 -0.012465094 0.999921083 -0.001564528 -2.161636353 -0.006188398 0.001487476 0.999979734 80.248748779
0.999879599 0.013449538 0.007733535 1.497320652 -0.013437123 0.999908328 -0.001654860 -2.179919481 -0.007755083 0.001550744 0.999968767 80.802757263
0.999887288 0.012328564 0.008569650 1.519198656 -0.012314973 0.999922812 -0.001637038 -2.193916559 -0.008589171 0.001531318 0.999961913 81.346855164
0.999868929 0.012626685 0.010134714 1.530413389 -0.012612095 0.999919295 -0.001502328 -2.209533453 -0.010152864 0.001374311 0.999947548 81.893447876
0.999820232 0.013612929 0.013204105 1.540965796 -0.013598205 0.999906838 -0.001204467 -2.239943027 -0.013219271 0.001024698 0.999912083 82.406394958
0.999780416 0.012168980 0.017066738 1.568731546 -0.012147145 0.999925196 -0.001382474 -2.243147612 -0.017082287 0.001174858 0.999853373 82.914031982
0.999711990 0.012527772 0.020468840 1.590261698 -0.012488520 0.999919891 -0.002044389 -2.254663944 -0.020492811 0.001788175 0.999788404 83.478607178
0.999618411 0.012660663 0.024549460 1.616660118 -0.012611977 0.999918103 -0.002136936 -2.272768974 -0.024574505 0.001826504 0.999696255 84.034523010
0.999450743 0.012319066 0.030763164 1.653198004 -0.012257913 0.999922514 -0.002175603 -2.282154560 -0.030787582 0.001797316 0.999524295 84.547904968
0.999258399 0.012659844 0.036363348 1.673870087 -0.012581487 0.999917984 -0.002382832 -2.295553923 -0.036390536 0.001923560 0.999335706 85.065872192
0.999012172 0.013172300 0.042440984 1.710669041 -0.013108415 0.999912441 -0.001783249 -2.315828085 -0.042460762 0.001225153 0.999097288 85.612831116
0.998652697 0.012497927 0.050364956 1.755335808 -0.012404270 0.999920726 -0.002171764 -2.330187559 -0.050388109 0.001544097 0.998728454 86.138977051
0.998193622 0.012250364 0.058816314 1.806001663 -0.012111195 0.999922872 -0.002722055 -2.342006445 -0.058845118 0.002004802 0.998265088 86.688629150
0.997765601 0.011598018 0.065797552 1.858537436 -0.011443734 0.999930799 -0.002721243 -2.356889486 -0.065824561 0.001962193 0.997829258 87.235885620
0.997129500 0.011771860 0.074793421 1.915887833 -0.011593182 0.999928832 -0.002822692 -2.372677565 -0.074821338 0.001947496 0.997195005 87.733970642
0.996397555 0.011000172 0.084088288 1.991501331 -0.010782300 0.999937296 -0.003044702 -2.390398979 -0.084116504 0.002127068 0.996453643 88.246269226
0.995617390 0.010806243 0.092893794 2.066738129 -0.010572244 0.999939561 -0.003010753 -2.404666901 -0.092920706 0.002015462 0.995671511 88.820518494
0.994860291 0.010883155 0.100669749 2.120435715 -0.010578133 0.999937654 -0.003563251 -2.416846752 -0.100702249 0.002480039 0.994913518 89.328742981
0.993795216 0.010824406 0.110696621 2.202865601 -0.010442730 0.999937415 -0.004027161 -2.427362442 -0.110733293 0.002846199 0.993846118 89.873825073
0.992630780 0.010008425 0.120764218 2.296011925 -0.009561736 0.999945104 -0.004277779 -2.444461346 -0.120800391 0.003091540 0.992671967 90.402435303
0.991458118 0.009462212 0.130081758 2.384440422 -0.009021372 0.999951422 -0.003977828 -2.464034081 -0.130113080 0.002770334 0.991495252 90.884056091
0.989929676 0.010069184 0.141200855 2.481161118 -0.009702753 0.999947548 -0.003283352 -2.482468843 -0.141226485 0.001880250 0.989975512 91.418983459
0.987983227 0.009710789 0.154255256 2.575396538 -0.009225622 0.999949992 -0.003860743 -2.499680519 -0.154284999 0.002391248 0.988023400 91.941986084
0.986221492 0.009484355 0.165157989 2.685776711 -0.008930566 0.999951720 -0.004095352 -2.512526751 -0.165188849 0.002563970 0.986258507 92.485069275
0.984442174 0.009532238 0.175450698 2.797934532 -0.008915787 0.999951124 -0.004301470 -2.528959513 -0.175483137 0.002670267 0.984478772 93.014205933
0.982008457 0.008805305 0.188632146 2.920952797 -0.008114439 0.999957204 -0.004434469 -2.544714212 -0.188663155 0.002824041 0.982037842 93.550651550
0.979708970 0.007786090 0.200274006 3.061747551 -0.007052035 0.999965608 -0.004378404 -2.563529015 -0.200301200 0.002877223 0.979730070 94.058029175
0.977569222 0.007970435 0.210463539 3.178750992 -0.007261864 0.999965072 -0.004139342 -2.580822706 -0.210489199 0.002518135 0.977592885 94.572731018
0.974684715 0.006652921 0.223484948 3.330972672 -0.005709195 0.999971867 -0.004868645 -2.595441103 -0.223511070 0.003469474 0.974695265 95.108970642
0.971617579 0.006602674 0.236464947 3.479263306 -0.005682333 0.999973416 -0.004573375 -2.617604733 -0.236488864 0.003099897 0.971629202 95.638183594
0.968739271 0.007615814 0.247964218 3.621990204 -0.006755228 0.999967873 -0.004321241 -2.631584406 -0.247989193 0.002511100 0.968759537 96.154022217
0.965714931 0.006865612 0.259514004 3.781250000 -0.005866294 0.999972165 -0.004625001 -2.648295164 -0.259538561 0.002944046 0.965728223 96.689849854
0.962195694 0.006460067 0.272282451 3.957138062 -0.005451342 0.999975145 -0.004460988 -2.664232969 -0.272304505 0.002808039 0.962206960 97.198921204
0.958403647 0.006788811 0.285335481 4.118957520 -0.005702320 0.999972999 -0.004638413 -2.677200079 -0.285359263 0.002818398 0.958416462 97.741561890
0.954898357 0.006262965 0.296866566 4.303232193 -0.005100110 0.999975979 -0.004691424 -2.695982456 -0.296888798 0.002965781 0.954907417 98.256324768
0.950485706 0.006362716 0.310702831 4.491598129 -0.005188194 0.999975979 -0.004606518 -2.715784550 -0.310724646 0.002766444 0.950495839 98.750808716
0.945806146 0.006004408 0.324676335 4.688116074 -0.004794358 0.999978244 -0.004526799 -2.729585409 -0.324696422 0.002724859 0.945814490 99.267829895
0.941807687 0.006256992 0.336094141 4.893199921 -0.004992070 0.999976814 -0.004627506 -2.744547367 -0.336115301 0.002680416 0.941817045 99.785179138
0.936991215 0.006031457 0.349300861 5.107793808 -0.004623632 0.999977529 -0.004864055 -2.757352114 -0.349322289 0.002942538 0.936998010 100.318527222
0.931708992 0.004585098 0.363176674 5.322402954 -0.003054105 0.999983847 -0.004789642 -2.776635408 -0.363192797 0.003353372 0.931707978 100.788375854
0.927042961 0.003437504 0.374939442 5.563837051 -0.001701469 0.999986231 -0.004961126 -2.799556732 -0.374951303 0.003961230 0.927035987 101.268447876
0.922185481 0.003639385 0.386730820 5.790515900 -0.001920902 0.999986470 -0.004829997 -2.816733360 -0.386743158 0.003711280 0.922180057 101.770339966
0.916087508 0.003124592 0.400966197 6.031871796 -0.001316067 0.999987662 -0.004785741 -2.832528830 -0.400976181 0.003856458 0.916080296 102.254615784
0.910157204 0.003383897 0.414249301 6.284248352 -0.001518129 0.999987066 -0.004833126 -2.841938972 -0.414260358 0.003770020 0.910150647 102.768218994
0.905254245 0.002693015 0.424861699 6.554737091 -0.000693492 0.999987900 -0.004860866 -2.858543634 -0.424869716 0.004105682 0.905245304 103.249740601
0.899651825 0.001105907 0.436606765 6.796314240 0.001118893 0.999987662 -0.004838468 -2.878459692 -0.436606705 0.004841452 0.899639547 103.682815552
0.892625988 0.003028659 0.450787663 7.041965485 -0.001083894 0.999988973 -0.004572247 -2.914028168 -0.450796515 0.003592701 0.892619431 104.215354919
0.886492670 0.002591499 0.462735176 7.318885803 -0.000164483 0.999985993 -0.005285205 -2.922722340 -0.462742388 0.004609184 0.886480749 104.699806213
0.880639136 0.002191120 0.473782480 7.614074707 0.000282677 0.999986649 -0.005150100 -2.937209606 -0.473787397 0.004669308 0.880626857 105.207489014
0.873047650 0.001981646 0.487630874 7.903640747 0.000475262 0.999987900 -0.004914677 -2.968158245 -0.487634689 0.004522499 0.873036027 105.658660889
