1.000000000 0.000000000 0.000000000 0.000000000 0.000000000 1.000000000 0.000000000 0.000000000 0.000000000 0.000000000 1.000000000 0.000000000
1.000000000 0.000041684 -0.000021564 0.000443591 -0.000041683 1.000000000 0.000013526 -0.000358452 0.000021564 -0.000013525 1.000000000 0.001361112
1.000000000 0.000007993 -0.000013386 0.001067403 -0.000007993 1.000000000 0.000047291 -0.000760377 0.000013387 -0.000047291 1.000000000 0.001019823
1.000000000 -0.000029173 -0.000060176 0.001680024 0.000029171 1.000000000 -0.000032018 -0.000850805 0.000060177 0.000032016 1.000000000 -0.001042938
1.000000000 -0.000052504 -0.000081960 0.001274911 0.000052510 1.000000000 0.000076375 -0.000854970 0.000081956 -0.000076379 1.000000000 -0.000142540
1.000000000 -0.000074481 -0.000060719 -0.000788618 0.000074480 1.000000000 -0.000009005 0.001151009 0.000060720 0.000009001 1.000000000 0.002282703
1.000000000 -0.000090724 -0.000072787 0.000745576 0.000090731 1.000000000 0.000098064 -0.000400521 0.000072778 -0.000098070 1.000000000 0.000848113
1.000000000 -0.000030484 -0.000003573 -0.000389058 0.000030484 1.000000000 0.000075763 -0.001105260 0.000003570 -0.000075764 1.000000000 -0.000861109
1.000000000 0.000055287 -0.000039453 0.001048285 -0.000055285 1.000000000 0.000068770 -0.000689292 0.000039457 -0.000068768 1.000000000 -0.001792628
1.000000000 0.000043788 0.000000009 -0.000069261 -0.000043788 1.000000000 0.000064440 0.000081617 -0.000000006 -0.000064440 1.000000000 0.001710770
1.000000000 0.000066999 0.000007793 -0.000076754 -0.000066999 1.000000000 -0.000000528 0.000192838 -0.000007793 0.000000527 1.000000000 -0.000136786
1.000000000 -0.000054597 -0.000100941 0.001212109 0.000054607 1.000000000 0.000090762 -0.000895988 0.000100936 -0.000090767 1.000000000 -0.000879338
1.000000000 -0.000001350 -0.000028740 0.000273386 0.000001349 1.000000000 -0.000007852 0.000367116 0.000028740 0.000007852 1.000000000 0.001687511
1.000000000 -0.000147159 -0.000109267 0.000720258 0.000147171 1.000000000 0.000117702 -0.000124339 0.000109249 -0.000117718 1.000000000 -0.000004643
1.000000000 -0.000004744 -0.000092376 0.001283420 0.000004748 1.000000000 0.000033507 -0.000375068 0.000092375 -0.000033507 1.000000000 -0.003628740
1.000000000 -0.000055366 -0.000131709 0.003089337 0.000055380 1.000000000 0.000105924 -0.000767925 0.000131703 -0.000105931 1.000000000 -0.002579968
1.000000000 -0.000065853 -0.000085915 0.002586324 0.000065864 1.000000000 0.000118917 -0.001605480 0.000085907 -0.000118922 1.000000000 -0.002960693
1.000000000 -0.000030625 -0.000088314 0.002777768 0.000030629 1.000000000 0.000049654 -0.000749264 0.000088312 -0.000049657 1.000000000 -0.001361878
1.000000000 0.000033505 -0.000075746 0.001828049 -0.000033495 1.000000000 0.000136940 -0.001345539 0.000075751 -0.000136938 1.000000000 -0.002544229
1.000000000 -0.000079671 -0.000088215 0.002514879 0.000079680 1.000000000 0.000100505 -0.001948001 0.000088207 -0.000100512 1.000000000 -0.003982309
1.000000000 -0.000072081 -0.000100564 0.001271066 0.000072090 1.000000000 0.000087942 0.000194171 0.000100558 -0.000087949 1.000000000 0.001461309
1.000000000 -0.000109825 -0.000091455 0.001192633 0.000109836 1.000000000 0.000123157 -0.001690817 0.000091442 -0.000123167 1.000000000 -0.005356132
1.000000000 0.000035902 -0.000126410 0.003313320 -0.000035888 1.000000000 0.000113417 -0.001089848 0.000126414 -0.000113413 1.000000000 -0.002220145
1.000000000 -0.000060036 -0.000152664 0.003027012 0.000060049 1.000000000 0.000088183 -0.001351756 0.000152659 -0.000088192 1.000000000 -0.002235457
1.000000000 -0.000088262 -0.000113901 0.002214745 0.000088273 1.000000000 0.000096243 -0.001625985 0.000113892 -0.000096253 1.000000000 -0.002692033
1.000000000 -0.000032534 -0.000124874 0.002782603 0.000032543 1.000000000 0.000077019 -0.000455656 0.000124871 -0.000077023 1.000000000 -0.001031716
1.000000000 -0.000035818 -0.000080457 0.003143967 0.000035823 1.000000000 0.000057962 -0.000460700 0.000080455 -0.000057965 1.000000000 -0.001390083
1.000000000 -0.000156740 -0.000159793 0.002281625 0.000156761 1.000000000 0.000128117 -0.000717228 0.000159773 -0.000128142 1.000000000 -0.003483088
1.000000000 -0.000168239 -0.000107869 0.001742135 0.000168248 1.000000000 0.000084508 -0.001527779 0.000107854 -0.000084527 1.000000000 -0.001212482
1.000000000 -0.000042267 -0.000171871 0.004394785 0.000042298 1.000000000 0.000181856 -0.002393358 0.000171863 -0.000181863 0.999999940 -0.004874508
1.000000000 -0.000146349 -0.000162069 0.004444142 0.000146368 1.000000000 0.000114973 -0.001251041 0.000162053 -0.000114996 1.000000000 -0.002873650
1.000000000 -0.000059502 -0.000147923 0.003226871 0.000059518 1.000000000 0.000102707 -0.000520692 0.000147917 -0.000102716 1.000000000 -0.003141636
1.000000000 -0.000045100 -0.000104018 0.003037712 0.000045111 1.000000000 0.000102568 -0.001167423 0.000104013 -0.000102573 1.000000000 -0.004224423
1.000000000 0.000025038 -0.000062832 0.001852204 -0.000025036 1.000000000 0.000037606 -0.000177110 0.000062833 -0.000037605 1.000000000 -0.001734223
1.000000000 -0.000017610 -0.000092344 0.001962909 0.000017619 1.000000000 0.000096708 -0.000684713 0.000092343 -0.000096709 1.000000000 -0.001467283
1.000000000 -0.000146877 -0.000123299 0.002510088 0.000146895 1.000000000 0.000149987 -0.002123788 0.000123277 -0.000150005 1.000000000 -0.004170710
1.000000000 -0.000105356 -0.000143899 0.002934599 0.000105371 1.000000000 0.000103527 -0.000604259 0.000143888 -0.000103542 1.000000000 -0.002327586
1.000000000 -0.000059846 -0.000160379 0.005172420 0.000059873 1.000000000 0.000169622 -0.001438284 0.000160369 -0.000169631 1.000000000 -0.005528654
1.000000000 -0.000080470 -0.000092836 0.001663693 0.000080478 1.000000000 0.000089150 -0.000809727 0.000092829 -0.000089157 1.000000000 -0.002790150
1.000000000 -0.000145255 -0.000174093 0.003050803 0.000145283 1.000000000 0.000161665 -0.001856952 0.000174070 -0.000161690 1.000000000 -0.004996568
1.000000000 -0.000065427 -0.000190363 0.004672925 0.000065440 1.000000000 0.000065370 -0.001713584 0.000190359 -0.000065382 1.000000000 -0.002143761
1.000000000 -0.000215308 -0.000048723 0.002291317 0.000215283 0.999999821 -0.000519532 -0.002983880 0.000048835 0.000519521 0.999999881 0.049958669
1.000000000 0.000037629 -0.000110661 0.004057321 -0.000037755 0.999999344 -0.001138626 -0.005716965 0.000110618 0.001138630 0.999999344 0.138149291
1.000000000 -0.000042629 -0.000019584 0.005260396 0.000042600 0.999998927 -0.001448217 -0.009130969 0.000019646 0.001448216 0.999998927 0.255021721
1.000000000 0.000033029 0.000000625 0.008117830 -0.000033028 0.999998927 -0.001453680 -0.011958212 -0.000000673 0.001453680 0.999998927 0.387676120
1.000000000 0.000057542 -0.000018315 0.010720093 -0.000057564 0.999999285 -0.001200768 -0.016900405 0.000018246 0.001200769 0.999999285 0.527264595
1.000000000 0.000203336 0.000047924 0.014731972 -0.000203286 0.999999464 -0.001034686 -0.023868395 -0.000048135 0.001034676 0.999999464 0.679644525
1.000000000 -0.000026679 0.000102561 0.014603425 0.000026768 0.999999642 -0.000860194 -0.029316502 -0.000102538 0.000860197 0.999999642 0.843923390
0.999999881 0.000400245 0.000266039 0.014203370 -0.000400055 0.999999642 -0.000715494 -0.027755780 -0.000266325 0.000715388 0.999999702 1.020905852
0.999999940 0.000302001 0.000026259 0.024559582 -0.000301986 0.999999821 -0.000565213 -0.036108714 -0.000026430 0.000565205 0.999999821 1.189303041
0.999999940 0.000053671 0.000340257 0.017853519 -0.000053724 0.999999940 0.000157556 -0.040826663 -0.000340249 -0.000157574 0.999999881 1.360021830
0.999999940 0.000110964 0.000139478 0.022736540 -0.000110988 0.999999940 0.000172360 -0.045045801 -0.000139459 -0.000172375 0.999999940 1.550804853
0.999999762 0.000139880 0.000634703 0.023628725 -0.000140000 1.000000000 0.000188797 -0.052842733 -0.000634677 -0.000188886 0.999999762 1.744429231
0.999999881 0.000281605 0.000474197 0.029192092 -0.000281729 1.000000000 0.000262592 -0.055883452 -0.000474124 -0.000262725 0.999999821 1.955431104
0.999999762 0.000064345 0.000648881 0.035753962 -0.000064560 1.000000000 0.000331129 -0.064733475 -0.000648860 -0.000331170 0.999999702 2.157978773
0.999999464 0.000666770 0.000737665 0.035457663 -0.000667114 0.999999702 0.000465932 -0.069395550 -0.000737355 -0.000466424 0.999999642 2.377241135
0.999999881 -0.000172778 0.000487096 0.047841288 0.000172360 0.999999583 0.000858469 -0.084683262 -0.000487244 -0.000858385 0.999999464 2.601475000
0.999999881 -0.000344779 0.000440369 0.049406074 0.000344454 0.999999762 0.000737888 -0.088934846 -0.000440624 -0.000737736 0.999999642 2.835733891
0.999999762 -0.000366688 0.000545246 0.055482063 0.000366157 0.999999404 0.000973912 -0.095502034 -0.000545603 -0.000973712 0.999999404 3.064573050
0.999999762 -0.000511896 0.000530976 0.059846900 0.000511403 0.999999464 0.000926428 -0.103668183 -0.000531450 -0.000926156 0.999999404 3.307271957
0.999999702 0.000305500 0.000712369 0.061798528 -0.000306134 0.999999583 0.000890486 -0.111560531 -0.000712096 -0.000890704 0.999999344 3.546606541
0.999999583 0.000623216 0.000729754 0.066408060 -0.000624060 0.999999106 0.001155781 -0.117212072 -0.000729033 -0.001156236 0.999999106 3.796710491
0.999999702 0.000231276 0.000745178 0.075375400 -0.000232062 0.999999464 0.001054177 -0.126222134 -0.000744934 -0.001054349 0.999999166 4.057991982
0.999999523 0.000043605 0.000966186 0.073613994 -0.000044962 0.999998987 0.001404551 -0.135783374 -0.000966124 -0.001404594 0.999998569 4.321386814
0.999999523 0.000001900 0.000970062 0.078251809 -0.000003243 0.999998987 0.001384400 -0.143431708 -0.000970058 -0.001384403 0.999998569 4.580057621
0.999999404 0.000064323 0.001112605 0.085719012 -0.000066121 0.999998629 0.001615861 -0.150108129 -0.001112500 -0.001615933 0.999998152 4.832965374
0.999999762 -0.000299165 0.000614639 0.097108141 0.000297800 0.999997497 0.002219880 -0.171267897 -0.000615302 -0.002219697 0.999997258 5.081355572
0.999999940 -0.000311184 0.000343441 0.102995351 0.000310487 0.999997914 0.002027274 -0.175142273 -0.000344071 -0.002027167 0.999997854 5.352858543
0.999999762 0.000152796 0.000670351 0.106879666 -0.000154295 0.999997377 0.002236645 -0.185003594 -0.000670008 -0.002236747 0.999997199 5.616238594
0.999999523 -0.000112837 0.000999664 0.106260918 0.000110609 0.999997616 0.002228871 -0.196868762 -0.000999913 -0.002228760 0.999997020 5.895189285
0.999999523 -0.000504819 0.000842574 0.113211304 0.000503027 0.999997556 0.002125995 -0.205859661 -0.000843645 -0.002125570 0.999997377 6.174401283
0.999999404 -0.000509546 0.001029394 0.117494479 0.000507141 0.999997079 0.002334614 -0.215680212 -0.001030581 -0.002334090 0.999996722 6.459634304
0.999999404 -0.000019292 0.001128991 0.123791270 0.000016665 0.999997258 0.002326693 -0.224076599 -0.001129033 -0.002326672 0.999996662 6.737578392
0.999999404 0.000479852 0.001108554 0.136780098 -0.000482708 0.999996543 0.002578127 -0.235189870 -0.001107313 -0.002578660 0.999996066 7.041710377
0.999999523 0.000138996 0.000982953 0.143697709 -0.000141595 0.999996543 0.002644675 -0.243848994 -0.000982582 -0.002644813 0.999996006 7.352869987
0.999999225 0.000417514 0.001147297 0.153182089 -0.000420415 0.999996722 0.002529377 -0.253411055 -0.001146238 -0.002529857 0.999996066 7.654500961
0.999999642 -0.000145340 0.000836836 0.167076781 0.000143047 0.999996245 0.002739515 -0.263723940 -0.000837231 -0.002739394 0.999995887 7.975025177
0.999999225 0.000219164 0.001190857 0.155284449 -0.000222832 0.999995172 0.003080804 -0.280986369 -0.001190176 -0.003081067 0.999994516 8.291831017
0.999999285 0.000023356 0.001213408 0.169798106 -0.000027410 0.999994457 0.003341064 -0.292211622 -0.001213323 -0.003341095 0.999993682 8.607502937
0.999998808 0.000581751 0.001479206 0.168078586 -0.000586533 0.999994636 0.003234546 -0.298413336 -0.001477316 -0.003235409 0.999993682 8.954419136
0.999998450 0.000713100 0.001628699 0.175242081 -0.000718463 0.999994338 0.003294387 -0.311253011 -0.001626341 -0.003295552 0.999993265 9.311178207
0.999999046 0.000287441 0.001343116 0.186403200 -0.000291381 0.999995649 0.002934578 -0.316483974 -0.001342267 -0.002934966 0.999994814 9.636972427
0.999998271 0.000822401 0.001648281 0.192212954 -0.000826988 0.999995768 0.002784381 -0.320256501 -0.001645984 -0.002785739 0.999994814 9.990401268
0.999998868 0.000390866 0.001429308 0.195993632 -0.000394998 0.999995649 0.002891603 -0.332118869 -0.001428172 -0.002892165 0.999994755 10.356941223
0.999997973 0.000990391 0.001761619 0.200316370 -0.000996522 0.999993443 0.003483040 -0.359749526 -0.001758158 -0.003484788 0.999992371 10.725638390
0.999997854 0.000742439 0.001972417 0.207243785 -0.000749214 0.999993861 0.003436373 -0.367787659 -0.001969854 -0.003437843 0.999992132 11.088084221
0.999997079 0.001083487 0.002152913 0.214702368 -0.001091042 0.999993265 0.003511294 -0.375867039 -0.002149094 -0.003513632 0.999991536 11.470529556
0.999996662 0.001273624 0.002266367 0.222583458 -0.001281578 0.999993086 0.003511439 -0.382012308 -0.002261878 -0.003514332 0.999991298 11.850890160
0.999997318 0.001015188 0.002083124 0.238361299 -0.001023040 0.999992371 0.003771684 -0.401448607 -0.002079279 -0.003773805 0.999990702 12.233044624
0.999997318 0.000973916 0.002064374 0.247550413 -0.000982390 0.999991000 0.004107841 -0.414481699 -0.002060355 -0.004109858 0.999989450 12.625208855
0.999998510 0.000338547 0.001701243 0.262693375 -0.000345468 0.999991596 0.004069327 -0.426142901 -0.001699851 -0.004069908 0.999990284 13.016392708
0.999997258 0.001201974 0.002021379 0.267199665 -0.001210812 0.999989569 0.004377022 -0.438836753 -0.002016098 -0.004379457 0.999988437 13.414575577
0.999996305 0.001220454 0.002427803 0.276545256 -0.001231090 0.999989629 0.004384511 -0.445652783 -0.002422426 -0.004387483 0.999987423 13.828628540
0.999996543 0.000777375 0.002507009 0.274477482 -0.000789045 0.999988973 0.004657333 -0.467166841 -0.002503360 -0.004659296 0.999985933 14.224693298
0.999996126 0.000614684 0.002696781 0.283218354 -0.000626796 0.999989748 0.004492693 -0.477098733 -0.002693992 -0.004494366 0.999986231 14.657425880
0.999995410 0.000514703 0.002974265 0.295517504 -0.000529300 0.999987841 0.004909056 -0.494520694 -0.002971702 -0.004910608 0.999983490 15.074162483
0.999996066 0.000248726 0.002790614 0.319299489 -0.000262436 0.999987900 0.004913718 -0.520830870 -0.002789358 -0.004914431 0.999984026 15.503962517
0.999994695 0.000189906 0.003259805 0.328696847 -0.000206778 0.999986529 0.005175989 -0.531923115 -0.003258779 -0.005176635 0.999981225 15.947988510
0.999993026 0.000504520 0.003704196 0.336181790 -0.000524324 0.999985576 0.005347208 -0.543939590 -0.003701444 -0.005349113 0.999978781 16.396858215
0.999993324 0.000144755 0.003657435 0.345840037 -0.000165797 0.999983370 0.005753470 -0.573607504 -0.003656541 -0.005754037 0.999976754 16.833473206
0.999992728 0.000064956 0.003824502 0.360215098 -0.000087330 0.999982834 0.005850355 -0.585018158 -0.003824057 -0.005850646 0.999975502 17.295808792
0.999990940 0.000167941 0.004263744 0.372029215 -0.000194504 0.999980628 0.006230379 -0.597416580 -0.004262615 -0.006231152 0.999971509 17.754554749
0.999991298 -0.000548873 0.004139270 0.395124674 0.000522893 0.999980211 0.006274913 -0.615341246 -0.004142633 -0.006272694 0.999971747 18.206897736
0.999989092 0.000639958 0.004631434 0.399932861 -0.000668093 0.999981284 0.006075819 -0.634338140 -0.004627459 -0.006078848 0.999970794 18.738906860
0.999990165 0.000297154 0.004432507 0.416227102 -0.000324284 0.999981225 0.006121363 -0.647905350 -0.004430604 -0.006122739 0.999971449 19.200902939
0.999991000 -0.000010311 0.004250852 0.438123763 -0.000016070 0.999980748 0.006205861 -0.660161018 -0.004250834 -0.006205874 0.999971688 19.684265137
0.999989986 0.000679220 0.004438306 0.448124915 -0.000708543 0.999977946 0.006608661 -0.679520965 -0.004433719 -0.006611739 0.999968290 20.160062790
0.999990165 0.000463076 0.004404550 0.466549695 -0.000491902 0.999978483 0.006545840 -0.719386220 -0.004401424 -0.006547943 0.999968886 20.656885147
0.999990404 0.000877998 0.004288360 0.476230025 -0.000906448 0.999977589 0.006636834 -0.731566906 -0.004282437 -0.006640657 0.999968827 21.146753311
0.999994814 0.000130988 0.003195505 0.498221308 -0.000153001 0.999976277 0.006889709 -0.745149374 -0.003194527 -0.006890162 0.999971151 21.652471542
0.999996066 0.000178228 0.002782606 0.504368663 -0.000197474 0.999976039 0.006917628 -0.761312246 -0.002781306 -0.006918150 0.999972165 22.159828186
0.999996543 0.000103223 0.002621312 0.515874088 -0.000122636 0.999972582 0.007406688 -0.771904647 -0.002620477 -0.007406984 0.999969065 22.666477203
0.999997020 0.000616587 0.002375728 0.523839653 -0.000633961 0.999973059 0.007319175 -0.782291651 -0.002371151 -0.007320659 0.999970376 23.190036774
0.999998629 -0.000184335 0.001629393 0.535263658 0.000172599 0.999974072 0.007199627 -0.796224654 -0.001630678 -0.007199336 0.999972761 23.681678772
0.999998748 -0.001124359 0.001103381 0.541177809 0.001116352 0.999973178 0.007231171 -0.814294815 -0.001111481 -0.007229931 0.999973238 24.196002960
0.999999404 -0.000784624 0.000772869 0.554611206 0.000778792 0.999971449 0.007517606 -0.819596052 -0.000778745 -0.007517000 0.999971449 24.723588943
0.999999821 -0.000738919 0.000025203 0.569985986 0.000738703 0.999970078 0.007700263 -0.833534002 -0.000030892 -0.007700243 0.999970436 25.252044678
0.999999881 0.000181198 -0.000470407 0.562768757 -0.000177613 0.999971151 0.007609847 -0.843366981 0.000471773 -0.007609763 0.999970913 25.778629303
0.999999702 0.000003465 -0.000856204 0.572817445 0.000003181 0.999969959 0.007762232 -0.858505726 0.000856205 -0.007762232 0.999969423 26.330410004
0.999999404 -0.000467613 -0.000981583 0.579540789 0.000475648 0.999966264 0.008201655 -0.865383148 0.000977714 -0.008202117 0.999965906 26.876485825
0.999997914 -0.001089957 -0.001699117 0.598307133 0.001104542 0.999962330 0.008606595 -0.886497378 0.001689672 -0.008608455 0.999961495 27.429656982
0.999997616 -0.000145951 -0.002190515 0.598496437 0.000164436 0.999964356 0.008441018 -0.901886702 0.002189205 -0.008441358 0.999961972 27.984331131
0.999996185 0.000058720 -0.002778446 0.611376524 -0.000035221 0.999964297 0.008457047 -0.913535833 0.002778844 -0.008456916 0.999960423 28.522035599
0.999996006 0.000146360 -0.002796311 0.626287639 -0.000123411 0.999966264 0.008205074 -0.931613386 0.002797418 -0.008204696 0.999962449 29.069318771
0.999995291 -0.000048926 -0.003038456 0.635283530 0.000073600 0.999966979 0.008121233 -0.943736017 0.003037958 -0.008121420 0.999962389 29.613824844
0.999995232 -0.000133476 -0.003064014 0.634255111 0.000161578 0.999957860 0.009173163 -0.963296175 0.003062661 -0.009173614 0.999953210 30.114770889
0.999994338 0.000147432 -0.003378391 0.647213936 -0.000116852 0.999958992 0.009050182 -0.976418734 0.003379587 -0.009049735 0.999953330 30.666593552
0.999993622 0.000127840 -0.003569726 0.654037476 -0.000096919 0.999962509 0.008661007 -0.978563368 0.003570699 -0.008660605 0.999956131 31.205411911
0.999991834 -0.000146455 -0.004036550 0.673849225 0.000180008 0.999965429 0.008313130 -0.991893709 0.004035193 -0.008313788 0.999957323 31.747848511
0.999990284 -0.000015191 -0.004415889 0.690760732 0.000052709 0.999963939 0.008496177 -1.009617329 0.004415600 -0.008496326 0.999954164 32.277946472
0.999991000 -0.000145840 -0.004242382 0.693200111 0.000185086 0.999957144 0.009252124 -1.045018435 0.004240851 -0.009252825 0.999948204 32.798187256
0.999989927 0.000520815 -0.004455790 0.708108664 -0.000482645 0.999963164 0.008563212 -1.020609975 0.004460085 -0.008560976 0.999953389 33.367824554
0.999988914 0.000157863 -0.004701948 0.708481431 -0.000115018 0.999958456 0.009111162 -1.062968254 0.004703191 -0.009110520 0.999947429 33.870449066
0.999988556 0.000296618 -0.004773187 0.712794363 -0.000253687 0.999959469 0.008992238 -1.071722269 0.004775661 -0.008990923 0.999948204 34.410312653
0.999987245 0.000199704 -0.005048520 0.721366346 -0.000154800 0.999960423 0.008893430 -1.078736544 0.005050096 -0.008892534 0.999947727 34.943984985
0.999988258 0.000333224 -0.004842997 0.732363522 -0.000287691 0.999955833 0.009399513 -1.100824475 0.004845915 -0.009398006 0.999944150 35.470306396
0.999985635 -0.000305316 -0.005345899 0.738141418 0.000358116 0.999951124 0.009878654 -1.122572184 0.005342622 -0.009880430 0.999936879 36.055770874
0.999984205 -0.000590016 -0.005585717 0.754807115 0.000648036 0.999945760 0.010391078 -1.138803959 0.005579283 -0.010394534 0.999930441 36.598991394
0.999985933 0.000658092 -0.005250936 0.754774749 -0.000607537 0.999953508 0.009623729 -1.138427258 0.005257024 -0.009620407 0.999939859 37.095527649
0.999982953 -0.000225513 -0.005841549 0.768217742 0.000284418 0.999949098 0.010084894 -1.153474212 0.005838978 -0.010086385 0.999932051 37.689151764
0.999984443 0.000675263 -0.005538958 0.775278807 -0.000622406 0.999954343 0.009538851 -1.159731865 0.005545145 -0.009535258 0.999939144 38.198738098
0.999984622 0.000551381 -0.005512139 0.772423983 -0.000496922 0.999951065 0.009876178 -1.176119804 0.005517314 -0.009873287 0.999935985 38.736511230
0.999980628 -0.000169358 -0.006226187 0.796739817 0.000232423 0.999948621 0.010129759 -1.188742161 0.006224153 -0.010131011 0.999929309 39.275398254
0.999978602 -0.000346303 -0.006533042 0.810109735 0.000411792 0.999949634 0.010025566 -1.203225732 0.006529242 -0.010028041 0.999928415 39.815036774
0.999977529 -0.000726650 -0.006669237 0.831259012 0.000797200 0.999943674 0.010581911 -1.225401640 0.006661173 -0.010586989 0.999921799 40.351566315
0.999980986 -0.000551231 -0.006145365 0.829478621 0.000617121 0.999942303 0.010725153 -1.238450766 0.006139098 -0.010728741 0.999923646 40.921176910
0.999978483 0.000078510 -0.006559506 0.847356677 -0.000007106 0.999940753 0.010884916 -1.270942926 0.006559971 -0.010884637 0.999919236 41.460975647
0.999973416 0.000381376 -0.007290175 0.865171015 -0.000302976 0.999942124 0.010752322 -1.285541654 0.007293854 -0.010749827 0.999915600 42.005371094
0.999977469 -0.000011501 -0.006716587 0.874235749 0.000085266 0.999939620 0.010982346 -1.297518969 0.006716055 -0.010982671 0.999917150 42.548160553
0.999978483 0.000560386 -0.006533270 0.874186397 -0.000489219 0.999940515 0.010889533 -1.301262856 0.006538984 -0.010886103 0.999919355 43.091293335
0.999973118 -0.000350390 -0.007326620 0.903103232 0.000431364 0.999938786 0.011053440 -1.338629484 0.007322297 -0.011056304 0.999912024 43.638389587
0.999974728 0.000459888 -0.007107766 0.907685816 -0.000382244 0.999940276 0.010921472 -1.347881556 0.007112364 -0.010918476 0.999915123 44.144149780
0.999974370 0.000189098 -0.007159767 0.916593552 -0.000110089 0.999939144 0.011033977 -1.359223962 0.007161418 -0.011032906 0.999913454 44.674903870
0.999975204 0.000592592 -0.007022463 0.921591640 -0.000516368 0.999941051 0.010851260 -1.368011951 0.007028479 -0.010847364 0.999916434 45.228603363
0.999971151 0.000275737 -0.007583863 0.950902700 -0.000193042 0.999940515 0.010902640 -1.380370021 0.007586419 -0.010900864 0.999911726 45.753314972
0.999971807 -0.000070622 -0.007512546 0.952021837 0.000153306 0.999939382 0.011006042 -1.386721969 0.007511315 -0.011006882 0.999911249 46.273670197
0.999973714 0.001052195 -0.007159273 0.976713896 -0.000970284 0.999934137 0.011435133 -1.413808703 0.007170833 -0.011427887 0.999909103 46.806648254
0.999971628 0.000376979 -0.007523530 0.956106544 -0.000289706 0.999932706 0.011597699 -1.425010681 0.007527395 -0.011595189 0.999904454 47.357471466
0.999973416 0.000554638 -0.007272682 0.984550416 -0.000470691 0.999933362 0.011539329 -1.426058769 0.007278598 -0.011535599 0.999906957 47.904216766
0.999971688 -0.000616997 -0.007497344 0.970416903 0.000704605 0.999931395 0.011688040 -1.448428154 0.007489618 -0.011692991 0.999903560 48.392803192
0.999972522 -0.000654670 -0.007383601 0.980760872 0.000741478 0.999930620 0.011760195 -1.459516287 0.007375389 -0.011765346 0.999903560 48.940547943
0.999974549 0.000529439 -0.007109702 0.975493670 -0.000445170 0.999929726 0.011849015 -1.473235130 0.007115474 -0.011845550 0.999904454 49.485843658
0.999974072 -0.000278492 -0.007187414 1.000289202 0.000365640 0.999926388 0.012126723 -1.477665186 0.007183508 -0.012129038 0.999900639 50.021987915
0.999973416 0.000784499 -0.007250094 0.989353836 -0.000698123 0.999928832 0.011908699 -1.497699738 0.007258920 -0.011903320 0.999902785 50.540126801
0.999972045 0.001023654 -0.007417060 0.997604609 -0.000937253 0.999931753 0.011642985 -1.502813816 0.007428474 -0.011635710 0.999904692 51.094715118
0.999972165 0.000368214 -0.007454708 0.996878624 -0.000276023 0.999923527 0.012364154 -1.522952914 0.007458692 -0.012361752 0.999895751 51.671504974
0.999972403 0.000879414 -0.007377007 1.001979351 -0.000790609 0.999927282 0.012032246 -1.525201678 0.007387052 -0.012026080 0.999900401 52.223304749
0.999972045 0.000222432 -0.007472076 1.012877703 -0.000131027 0.999925196 0.012231164 -1.533750176 0.007474238 -0.012229845 0.999897301 52.770935059
0.999972641 0.000467940 -0.007376233 1.019725084 -0.000378385 0.999926269 0.012137773 -1.543427825 0.007381369 -0.012134651 0.999899149 53.318565369
0.999974132 0.001370190 -0.007060872 1.017093062 -0.001285506 0.999927342 0.011984096 -1.551112413 0.007076779 -0.011974708 0.999903202 53.889751434
0.999970496 0.000750306 -0.007642280 1.034456730 -0.000657714 0.999926448 0.012110943 -1.561017752 0.007650804 -0.012105559 0.999897480 54.430332184
0.999976456 0.001553823 -0.006679998 1.003321409 -0.001472253 0.999924600 0.012198764 -1.558160543 0.006698449 -0.012188643 0.999903202 54.982009888
0.999976575 0.001655050 -0.006636922 1.008765459 -0.001572956 0.999922454 0.012355430 -1.565420151 0.006656857 -0.012344699 0.999901593 55.530353546
0.999976695 0.001359788 -0.006679327 1.034981966 -0.001279103 0.999926269 0.012069196 -1.578743696 0.006695246 -0.012060370 0.999904871 56.040340424
0.999977767 0.001497123 -0.006488573 1.029638529 -0.001417639 0.999924064 0.012237207 -1.586764812 0.006506402 -0.012227739 0.999904037 56.618278503
0.999974847 0.000907431 -0.007026659 1.055308104 -0.000824404 0.999929965 0.011809974 -1.589945316 0.007036883 -0.011803886 0.999905586 57.132221222
0.999976695 0.001978654 -0.006530430 1.063969135 -0.001895691 0.999917746 0.012685902 -1.632237673 0.006554992 -0.012673227 0.999898195 57.689487457
0.999974728 0.000914825 -0.007057025 1.074930906 -0.000829662 0.999926925 0.012061391 -1.607838392 0.007067544 -0.012055230 0.999902368 58.259830475
0.999976337 0.001404562 -0.006731323 1.095675111 -0.001321188 0.999922514 0.012374282 -1.645912170 0.006748181 -0.012365093 0.999900758 58.772499084
0.999972641 0.000327850 -0.007382405 1.110193133 -0.000236069 0.999922752 0.012429764 -1.658643007 0.007385910 -0.012427682 0.999895453 59.311782837
0.999976933 0.002007820 -0.006488534 1.115508556 -0.001925712 0.999918282 0.012635938 -1.659235001 0.006513373 -0.012623151 0.999899089 59.864295959
0.999978721 0.001603001 -0.006303088 1.118676543 -0.001526034 0.999924481 0.012196923 -1.664422393 0.006322162 -0.012187045 0.999905705 60.430080414
0.999976456 0.001547513 -0.006678244 1.139693975 -0.001463402 0.999919832 0.012581416 -1.681170464 0.006697178 -0.012571348 0.999898493 60.967494965
0.999976277 0.002351172 -0.006479042 1.147513628 -0.002265670 0.999910653 0.013172744 -1.690920830 0.006509434 -0.013157752 0.999892175 61.518993378
0.999973297 0.000383034 -0.007288817 1.178205490 -0.000286917 0.999913037 0.013183304 -1.728350282 0.007293232 -0.013180861 0.999886513 62.090065002
0.999976277 0.001192443 -0.006779695 1.189823151 -0.001104544 0.999915421 0.012953915 -1.737508059 0.006794570 -0.012946119 0.999893129 62.639511108
0.999974430 0.001355989 -0.007028407 1.205713868 -0.001264549 0.999914646 0.012998281 -1.749641418 0.007045434 -0.012989059 0.999890864 63.176406860
0.999975383 0.001526372 -0.006844895 1.206645966 -0.001440039 0.999919593 0.012599954 -1.756746292 0.006863577 -0.012589788 0.999897242 63.714179993
0.999975324 0.001973920 -0.006745637 1.214769959 -0.001887084 0.999915600 0.012855100 -1.768011570 0.006770443 -0.012842051 0.999894619 64.232376099
0.999974489 0.001514705 -0.006977682 1.224522948 -0.001419567 0.999906242 0.013619478 -1.791900873 0.006997658 -0.013609228 0.999882877 64.760749817
0.999974072 0.002153379 -0.006870477 1.220862389 -0.002063093 0.999911785 0.013121227 -1.744230270 0.006898126 -0.013106712 0.999890327 65.282974243
0.999976456 0.000710484 -0.006833214 1.242328763 -0.000622039 0.999916077 0.012936832 -1.740180373 0.006841833 -0.012932276 0.999893010 65.873184204
0.999971509 0.001482802 -0.007402362 1.247079134 -0.001383724 0.999909699 0.013371846 -1.765970469 0.007421522 -0.013361222 0.999883235 66.380928040
0.999974012 0.001687919 -0.007008666 1.243677616 -0.001597874 0.999916375 0.012833434 -1.765753031 0.007029741 -0.012821902 0.999893069 66.902122498
0.999975562 0.001236318 -0.006877208 1.247764826 -0.001147098 0.999915361 0.012962101 -1.756584167 0.006892650 -0.012953897 0.999892354 67.486244202
0.999974191 0.001152357 -0.007094200 1.263481617 -0.001059485 0.999913871 0.013081131 -1.785731077 0.007108662 -0.013073278 0.999889314 67.983673096
0.999970675 0.000571447 -0.007634627 1.276808023 -0.000469922 0.999911547 0.013293144 -1.803130627 0.007641548 -0.013289168 0.999882519 68.546951294
0.999973655 0.001370731 -0.007129230 1.253046751 -0.001274787 0.999908745 0.013445061 -1.804717302 0.007147009 -0.013435617 0.999884188 69.104270935
0.999968052 -0.000040149 -0.007989152 1.302981615 0.000147539 0.999909639 0.013441780 -1.781706333 0.007987890 -0.013442528 0.999877691 69.643180847
0.999972463 0.001048908 -0.007348361 1.278043270 -0.000950941 0.999910772 0.013322750 -1.823227167 0.007361680 -0.013315394 0.999884188 70.189697266
0.999972761 0.001232964 -0.007276124 1.277436733 -0.001138169 0.999914587 0.013017973 -1.800410271 0.007291554 -0.013009338 0.999888718 70.709304810
0.999972045 0.000406060 -0.007456149 1.305842519 -0.000304444 0.999907196 0.013624538 -1.825060129 0.007460989 -0.013621887 0.999879360 71.293533325
0.999964595 -0.000415941 -0.008402726 1.321014524 0.000527376 0.999911845 0.013263819 -1.829916120 0.008396470 -0.013267778 0.999876738 71.717323303
0.999967039 0.000573707 -0.008095575 1.322477579 -0.000469106 0.999916494 0.012916717 -1.838139296 0.008102309 -0.012912493 0.999883831 72.259582520
0.999975026 0.000894464 -0.007012827 1.311445713 -0.000804190 0.999916852 0.012865074 -1.811133862 0.007023752 -0.012859111 0.999892592 72.783752441
0.999972582 0.001267362 -0.007281453 1.328851461 -0.001171903 0.999913454 0.013099273 -1.850796223 0.007297426 -0.013090381 0.999887705 73.364677429
0.999976873 0.001262226 -0.006683553 1.286522031 -0.001173440 0.999911249 0.013271431 -1.817765713 0.006699714 -0.013263282 0.999889553 73.725685120
0.999978185 0.001417651 -0.006459079 1.291553974 -0.001332255 0.999911904 0.013206308 -1.824347258 0.006477233 -0.013197414 0.999891937 74.267074585
0.999977291 0.001256284 -0.006622097 1.307689190 -0.001174983 0.999924064 0.012266902 -1.811478615 0.006637004 -0.012258844 0.999902785 74.884811401
0.999974906 0.000510790 -0.007073678 1.349219799 -0.000420219 0.999917984 0.012799536 -1.855691910 0.007079636 -0.012796240 0.999893069 75.475555420
0.999978006 0.001593821 -0.006443707 1.326503873 -0.001516307 0.999926627 0.012016322 -1.829462290 0.006462387 -0.012006287 0.999907017 75.932769775
0.999978662 0.001936541 -0.006241318 1.327750444 -0.001857151 0.999917626 0.012700888 -1.845701456 0.006265399 -0.012689026 0.999899864 76.389617920
0.999978304 0.001835890 -0.006327494 1.334371567 -0.001764780 0.999935389 0.011225661 -1.826192856 0.006347696 -0.011214253 0.999916971 77.069549561
0.999976099 0.001172627 -0.006812642 1.337790012 -0.001085798 0.999918342 0.012735009 -1.871305227 0.006827020 -0.012727309 0.999895692 77.405700684
0.999979794 0.001545810 -0.006162899 1.360015154 -0.001467137 0.999917686 0.012749603 -1.872680068 0.006182100 -0.012740305 0.999899745 78.038681030
0.999978542 0.000966283 -0.006475197 1.351141810 -0.000882551 0.999916077 0.012921728 -1.888698578 0.006487141 -0.012915737 0.999895573 78.450126648
0.999978483 0.001486371 -0.006379176 1.356396675 -0.001405439 0.999918699 0.012672804 -1.899290323 0.006397495 -0.012663568 0.999899328 78.990257263
0.999978542 0.001140664 -0.006442711 1.360573292 -0.001059008 0.999919176 0.012663327 -1.912873387 0.006456635 -0.012656234 0.999899030 79.521957397
0.999983251 0.001626950 -0.005552241 1.365250587 -0.001555444 0.999916136 0.012858903 -1.917769670 0.005572696 -0.012850052 0.999901891 80.082321167
0.999988556 0.001549169 -0.004531614 1.370276809 -0.001492217 0.999920189 0.012544111 -1.926425099 0.004550686 -0.012537207 0.999911070 80.626464844
0.999994218 0.001722267 -0.002935938 1.381982803 -0.001685476 0.999920607 0.012487868 -1.937470078 0.002957212 -0.012482847 0.999917686 81.180160522
0.999997020 0.001969709 -0.001442236 1.395619392 -0.001951699 0.999921322 0.012384609 -1.945731163 0.001466517 -0.012381760 0.999922276 81.733650208
0.999995053 0.002146948 0.002299527 1.411393523 -0.002174826 0.999923348 0.012190126 -1.952091098 -0.002273179 -0.012195067 0.999923050 82.287017822
0.999982178 0.001731268 0.005723935 1.435080171 -0.001801756 0.999922335 0.012332414 -1.964458227 -0.005702139 -0.012342507 0.999907553 82.820457458
0.999956906 0.002004722 0.009066200 1.450260639 -0.002117552 0.999920189 0.012452723 -1.975406289 -0.009040514 -0.012471386 0.999881387 83.359329224
0.999902427 0.001822080 0.013846988 1.473030090 -0.001984689 0.999929190 0.011738617 -1.967052937 -0.013824617 -0.011764953 0.999835253 83.940971375
0.999803424 0.001859073 0.019738430 1.506773233 -0.002103255 0.999921441 0.012357376 -1.991355300 -0.019713907 -0.012396461 0.999728799 84.483108521
0.999677300 0.002037171 0.025321558 1.535971642 -0.002347576 0.999922395 0.012234851 -2.001839876 -0.025294669 -0.012290346 0.999604464 85.034271240
0.999509633 0.001994915 0.031249652 1.569407940 -0.002370300 0.999925435 0.011980040 -2.005192280 -0.031223426 -0.012048236 0.999439836 85.594825745
0.999243736 0.001746479 0.038845204 1.615674019 -0.002209969 0.999926865 0.011891981 -2.010879993 -0.038821593 -0.011968835 0.999174476 86.179702759
0.998911619 0.001004184 0.046633407 1.663158417 -0.001545473 0.999931812 0.011572707 -2.019906998 -0.046618611 -0.011632181 0.998845041 86.728721619
0.998552382 0.001206600 0.053774118 1.706424475 -0.001858255 0.999925435 0.012070009 -2.034427166 -0.053755552 -0.012152463 0.998480201 87.295387268
0.998050511 0.000971323 0.062403999 1.763193846 -0.001709461 0.999929190 0.011776070 -2.043133259 -0.062388152 -0.011859789 0.997981489 87.841560364
0.997380137 0.000211311 0.072337858 1.824956417 -0.001064220 0.999930382 0.011752282 -2.049640417 -0.072330341 -0.011798474 0.997310936 88.391227722
0.996729791 0.000014223 0.080806911 1.888862133 -0.000962413 0.999931097 0.011695087 -2.060359955 -0.080801181 -0.011734610 0.996661186 88.938682556
0.996070921 -0.000194646 0.088558674 1.964510918 -0.000822384 0.999934137 0.011447620 -2.073478699 -0.088555075 -0.011475472 0.996005118 89.489356995
0.995063603 -0.000644010 0.099236906 2.042613029 -0.000513343 0.999932110 0.011636552 -2.082857609 -0.099237658 -0.011630052 0.994995773 90.031913757
0.994013608 -0.001285109 0.109248504 2.135447979 0.000030140 0.999934018 0.011488157 -2.092679739 -0.109256051 -0.011416093 0.993948102 90.579902649
0.992977440 -0.001845898 0.118289404 2.233798027 0.000511581 0.999935925 0.011309474 -2.107658863 -0.118302695 -0.011169537 0.992914677 91.125900269
0.991615891 -0.002005898 0.129205599 2.328509331 0.000494636 0.999931216 0.011727600 -2.116863728 -0.129220247 -0.011565365 0.991548419 91.670997620
0.989999771 -0.002231044 0.141050801 2.433002472 0.000591521 0.999931931 0.011664498 -2.132884026 -0.141067162 -0.011464417 0.989933670 92.217109680
0.988327563 -0.002512286 0.152323022 2.541713715 0.000800456 0.999935806 0.011298437 -2.138439178 -0.152341664 -0.011044628 0.988266170 92.790725708
0.986717761 -0.002941746 0.162416995 2.656106949 0.001096786 0.999933898 0.011447899 -2.149451256 -0.162439927 -0.011117713 0.986655712 93.337997437
0.984498382 -0.003161623 0.175364733 2.776892662 0.001216825 0.999936581 0.011196434 -2.157951355 -0.175388977 -0.010809483 0.984439969 93.882690430
0.982248068 -0.003725622 0.187549546 2.903136253 0.001655457 0.999935985 0.011193382 -2.166899681 -0.187579274 -0.010684197 0.982191384 94.427719116
0.980267525 -0.004305020 0.197627828 3.037222862 0.002176788 0.999937236 0.010984871 -2.174962044 -0.197662696 -0.010337920 0.980215549 94.970062256
0.977506518 -0.004087536 0.210865259 3.178039551 0.001721349 0.999933481 0.011403644 -2.187294006 -0.210897908 -0.010784164 0.977448523 95.526138306
0.974545956 -0.004804026 0.224136412 3.334329605 0.002302972 0.999932170 0.011418707 -2.198204041 -0.224176049 -0.010611875 0.974490881 96.073608398
0.971966624 -0.005489905 0.235054716 3.489645004 0.002938591 0.999932885 0.011203031 -2.207811356 -0.235100448 -0.010198241 0.971917570 96.617408752
0.969021320 -0.005982795 0.246905014 3.655586243 0.003301741 0.999931037 0.011271241 -2.218053341 -0.246955454 -0.010106857 0.968974113 97.160011292
0.965427876 -0.006617330 0.260586739 3.828245163 0.003807995 0.999929011 0.011284217 -2.226031303 -0.260642976 -0.009901782 0.965384483 97.699821472
0.962046802 -0.006887426 0.272797704 4.007415771 0.004026232 0.999930799 0.011046747 -2.235219955 -0.272854894 -0.009529138 0.962008119 98.236534119
0.958812237 -0.007514914 0.283941120 4.191102982 0.004526922 0.999927223 0.011178019 -2.246571064 -0.284004420 -0.009432244 0.958776593 98.766777039
0.954554081 -0.007411390 0.297945291 4.385654449 0.004238062 0.999927342 0.011295332 -2.255781412 -0.298007250 -0.009519296 0.954516113 99.314208984
0.950120926 -0.007704602 0.311786622 4.582944870 0.004446622 0.999927819 0.011158969 -2.259861469 -0.311850041 -0.009215971 0.950086653 99.852317810
0.946415424 -0.008863072 0.322829962 4.783962250 0.005514993 0.999921143 0.011284256 -2.268085480 -0.322904587 -0.008899190 0.946389616 100.367057800
0.941866279 -0.008666658 0.335876256 4.994882584 0.005143094 0.999921978 0.011378826 -2.280398369 -0.335948646 -0.008989888 0.941837370 100.890502930
0.936665237 -0.008587244 0.350120693 5.210815430 0.004781871 0.999919713 0.011731792 -2.291054726 -0.350193381 -0.009314529 0.936631143 101.411666870
0.932053566 -0.009495739 0.362195909 5.439430237 0.005671252 0.999916375 0.011620876 -2.298187017 -0.362275928 -0.008777176 0.932029545 101.930633545
0.927911222 -0.010094077 0.372664273 5.673709869 0.006160954 0.999912083 0.011743461 -2.308003426 -0.372750103 -0.008600922 0.927891850 102.448997498
0.922396660 -0.010056444 0.386112839 5.911706924 0.006073882 0.999915004 0.011533055 -2.310526848 -0.386195987 -0.008292846 0.922379434 102.962852478
0.916720092 -0.010221611 0.399399340 6.154605865 0.006166090 0.999915481 0.011437601 -2.318262100 -0.399482548 -0.008022345 0.916705728 103.467498779
0.911877036 -0.011696097 0.410296708 6.392822266 0.007639629 0.999904454 0.011524770 -2.326036453 -0.410392314 -0.007374659 0.911879241 103.922973633
0.905215800 -0.010892525 0.424812585 6.673519135 0.006598808 0.999911189 0.011577372 -2.336797714 -0.424900979 -0.007676763 0.905207276 104.487648010
0.898441613 -0.011315270 0.438947231 6.944366455 0.006912443 0.999908626 0.011627386 -2.344563484 -0.439038634 -0.007412329 0.898437619 104.995536804
0.892415166 -0.011990018 0.451056182 7.216037750 0.007399056 0.999901354 0.011940438 -2.356955051 -0.451154858 -0.007318436 0.892415702 105.483329773
0.886775017 -0.012583536 0.462029815 7.491901398 0.007858319 0.999895275 0.012149985 -2.364812851 -0.462134331 -0.007143528 0.886781096 105.969093323
0.879600048 -0.013287952 0.475528181 7.785106659 0.008643815 0.999891222 0.011951776 -2.368581295 -0.475635290 -0.006402406 0.879619300 106.466812134
