1.000000000 0.000000000 0.000000000 0.000000000 0.000000000 1.000000000 0.000000000 0.000000000 0.000000000 0.000000000 1.000000000 0.000000000
1.000000000 0.000022694 -0.000021273 0.000444024 -0.000022695 1.000000000 -0.000038031 0.000772573 0.000021272 0.000038031 1.000000000 0.000389149
1.000000000 0.000001013 0.000059044 -0.000168229 -0.000001016 1.000000000 0.000045478 0.000026352 -0.000059044 -0.000045478 1.000000000 0.000144559
1.000000000 -0.000081453 0.000022910 0.000111367 0.000081453 1.000000000 -0.000026981 0.000740533 -0.000022907 0.000026983 1.000000000 0.000022851
1.000000000 -0.000133927 0.000047371 -0.000144965 0.000133926 1.000000000 0.000026196 -0.000156889 -0.000047374 -0.000026190 1.000000000 -0.000622461
1.000000000 0.000027332 0.000120000 -0.000474370 -0.000027329 1.000000000 -0.000028274 0.000830480 -0.000120001 0.000028271 1.000000000 0.000066101
1.000000000 -0.000103171 0.000074300 0.000153340 0.000103171 1.000000000 -0.000003634 0.000488040 -0.000074300 0.000003642 1.000000000 0.000262197
1.000000000 0.000000287 0.000070475 -0.000550649 -0.000000293 1.000000000 0.000088612 -0.000092615 -0.000070475 -0.000088612 1.000000000 -0.000087830
1.000000000 -0.000013094 -0.000005521 -0.000736172 0.000013094 1.000000000 -0.000061897 -0.000165585 0.000005522 0.000061897 1.000000000 -0.001092291
1.000000000 -0.000048443 0.000078881 -0.000087292 0.000048440 1.000000000 0.000040853 -0.000729419 -0.000078883 -0.000040849 1.000000000 -0.000422180
1.000000000 0.000072013 0.000053051 -0.000834900 -0.000072016 1.000000000 0.000056892 -0.000903906 -0.000053047 -0.000056896 1.000000000 -0.000640207
1.000000000 -0.000043780 0.000066207 -0.000950653 0.000043778 1.000000000 0.000036259 -0.000411990 -0.000066209 -0.000036256 1.000000000 -0.000960449
1.000000000 0.000053409 0.000033275 -0.000812227 -0.000053406 1.000000000 -0.000075491 -0.000338751 -0.000033279 0.000075489 1.000000000 -0.001540915
1.000000000 0.000042954 0.000069550 -0.000992714 -0.000042952 1.000000000 -0.000028480 0.000497182 -0.000069552 0.000028477 1.000000000 0.000294592
1.000000000 0.000029401 0.000047641 -0.000966663 -0.000029395 1.000000000 -0.000116209 0.001250808 -0.000047644 0.000116208 1.000000000 0.000887138
1.000000000 -0.000017933 -0.000039359 0.000386349 0.000017930 1.000000000 -0.000083778 0.001316118 0.000039360 0.000083777 1.000000000 0.001334169
1.000000000 0.000090349 0.000104944 -0.000992430 -0.000090332 1.000000000 -0.000155241 0.002298769 -0.000104958 0.000155231 1.000000000 0.002550527
1.000000000 0.000169208 0.000079396 -0.001304574 -0.000169194 1.000000000 -0.000167074 0.001875544 -0.000079424 0.000167060 1.000000000 0.001594341
0.999999940 0.000189397 0.000158752 -0.001498096 -0.000189381 1.000000000 -0.000099874 0.002107507 -0.000158771 0.000099844 1.000000000 0.002457414
1.000000000 0.000105253 0.000154059 -0.001438660 -0.000105238 1.000000000 -0.000096682 0.001004088 -0.000154069 0.000096666 1.000000000 0.001273664
1.000000000 0.000047143 0.000093097 -0.001204595 -0.000047140 1.000000000 -0.000031597 0.000345162 -0.000093098 0.000031592 1.000000000 0.000622202
1.000000000 0.000169808 0.000052617 -0.000835459 -0.000169807 1.000000000 -0.000030241 0.001303488 -0.000052622 0.000030232 1.000000000 0.000907577
1.000000000 0.000092214 0.000007074 -0.000567160 -0.000092214 1.000000000 -0.000078032 0.001344098 -0.000007082 0.000078032 1.000000000 0.002182143
1.000000000 0.000097382 0.000079188 -0.001195015 -0.000097377 1.000000000 -0.000062889 0.001646759 -0.000079194 0.000062882 1.000000000 0.002455309
0.999999940 0.000336130 0.000037768 -0.001103108 -0.000336128 0.999999940 -0.000067383 0.002369538 -0.000037791 0.000067370 1.000000000 0.003688070
0.999999940 0.000238260 0.000106141 -0.001519082 -0.000238253 0.999999940 -0.000065249 0.002204131 -0.000106156 0.000065224 1.000000000 0.001894692
1.000000000 0.000052237 0.000105309 -0.000500712 -0.000052229 1.000000000 -0.000071060 0.002436547 -0.000105313 0.000071055 1.000000000 0.002969571
1.000000000 0.000140657 0.000172939 -0.001786116 -0.000140654 1.000000000 -0.000022293 0.001466546 -0.000172942 0.000022268 1.000000000 0.002298002
1.000000000 0.000147846 0.000058844 -0.001200097 -0.000147841 1.000000000 -0.000074684 0.002262374 -0.000058855 0.000074675 1.000000000 0.002122993
1.000000000 0.000067669 0.000089047 -0.001615002 -0.000067664 1.000000000 -0.000057488 0.001004130 -0.000089051 0.000057482 1.000000000 0.001643425
1.000000000 0.000129296 0.000199118 -0.001886735 -0.000129295 1.000000000 -0.000008290 0.000970694 -0.000199119 0.000008264 1.000000000 0.001920060
1.000000000 0.000088225 0.000193218 -0.001370404 -0.000088213 1.000000000 -0.000061717 0.002135229 -0.000193223 0.000061700 1.000000000 0.003770365
1.000000000 0.000206755 0.000098584 -0.000893235 -0.000206734 0.999999940 -0.000211718 0.003331129 -0.000098627 0.000211698 1.000000000 0.003801499
1.000000000 0.000109201 0.000132383 -0.000902231 -0.000109187 1.000000000 -0.000105815 0.001697638 -0.000132394 0.000105801 1.000000000 0.001869016
0.999999940 0.000230348 0.000187081 -0.002570994 -0.000230317 0.999999940 -0.000163841 0.002159422 -0.000187119 0.000163798 0.999999940 0.002558789
1.000000000 0.000161687 0.000182404 -0.001687843 -0.000161672 1.000000000 -0.000080595 0.001065652 -0.000182417 0.000080565 1.000000000 0.001570552
1.000000000 0.000092814 0.000046845 -0.002068867 -0.000092815 1.000000000 0.000020073 0.000485010 -0.000046844 -0.000020077 1.000000000 0.000317672
1.000000000 0.000137859 0.000084323 -0.001438579 -0.000137856 1.000000000 -0.000034633 0.001905551 -0.000084328 0.000034621 1.000000000 0.002279567
1.000000000 0.000154565 0.000156740 -0.002017936 -0.000154557 1.000000000 -0.000050462 0.001591910 -0.000156748 0.000050438 1.000000000 0.001321969
1.000000000 0.000185901 0.000123404 -0.000875165 -0.000185890 1.000000000 -0.000095870 0.002897572 -0.000123422 0.000095847 1.000000000 0.003219365
1.000000000 0.000000370 0.000067778 0.000228439 -0.000000363 1.000000000 -0.000101643 0.000809979 -0.000067778 0.000101643 1.000000000 0.002531258
0.999999762 0.000603819 0.000108686 -0.000076647 -0.000603752 0.999999642 -0.000618164 -0.001362246 -0.000109060 0.000618098 0.999999821 0.052671004
0.999999821 0.000479470 0.000141323 0.001483826 -0.000479290 0.999999046 -0.001266438 -0.002287706 -0.000141930 0.001266371 0.999999225 0.142301634
0.999999762 0.000687873 -0.000011505 0.005499761 -0.000687885 0.999999106 -0.001121109 -0.008929460 0.000010734 0.001121117 0.999999285 0.259068549
0.999999762 0.000721548 0.000030779 0.008186701 -0.000721513 0.999999106 -0.001109193 -0.011211819 -0.000031580 0.001109170 0.999999344 0.391593486
0.999999762 0.000703826 -0.000008217 0.009847280 -0.000703833 0.999999404 -0.000851557 -0.015101126 0.000007617 0.000851563 0.999999583 0.535714209
0.999999881 0.000426741 0.000303169 0.012492079 -0.000426568 0.999999762 -0.000571783 -0.021644009 -0.000303413 0.000571653 0.999999762 0.686191559
1.000000000 0.000049375 0.000275865 0.018167207 -0.000049255 0.999999881 -0.000434383 -0.024015075 -0.000275887 0.000434370 0.999999821 0.846402168
0.999999881 0.000496284 -0.000078363 0.019355107 -0.000496338 0.999999583 -0.000690305 -0.023678500 0.000078020 0.000690343 0.999999702 1.026552677
0.999999762 0.000714043 -0.000132376 0.023890315 -0.000714131 0.999999523 -0.000665007 -0.028745659 0.000131901 0.000665101 0.999999762 1.202129126
0.999999702 0.000701543 0.000348605 0.026476789 -0.000701586 0.999999762 0.000124807 -0.042651176 -0.000348518 -0.000125052 0.999999940 1.382249355
0.999999642 0.000770625 0.000173960 0.031065600 -0.000770626 0.999999702 0.000005245 -0.044615492 -0.000173955 -0.000005379 1.000000000 1.576598883
0.999999642 0.000783492 0.000298277 0.030336702 -0.000783447 0.999999702 -0.000150837 -0.046925683 -0.000298396 0.000150603 0.999999881 1.787028790
0.999999642 0.000652940 0.000526435 0.032844771 -0.000653238 0.999999583 0.000567181 -0.059317771 -0.000526064 -0.000567524 0.999999702 1.971686721
0.999999702 0.000364627 0.000536871 0.036297441 -0.000364993 0.999999642 0.000681841 -0.069074400 -0.000536622 -0.000682037 0.999999642 2.176261663
0.999999762 0.000511004 0.000504906 0.040690809 -0.000511289 0.999999702 0.000565597 -0.071712829 -0.000504617 -0.000565855 0.999999642 2.396326780
0.999999464 0.000918489 0.000653537 0.043837190 -0.000918766 0.999999523 0.000424383 -0.075594537 -0.000653147 -0.000424984 0.999999702 2.622121334
0.999999642 0.000537171 0.000686327 0.050165053 -0.000537585 0.999999702 0.000603289 -0.084442064 -0.000686002 -0.000603657 0.999999583 2.846756935
0.999999642 0.000538742 0.000715326 0.053539574 -0.000539342 0.999999583 0.000838394 -0.089584529 -0.000714874 -0.000838779 0.999999404 3.091062069
0.999999404 0.001139714 0.000277525 0.063051857 -0.001139881 0.999999166 0.000600459 -0.096904583 -0.000276840 -0.000600775 0.999999762 3.327500105
0.999999881 0.000443163 0.000310653 0.065294594 -0.000443442 0.999999642 0.000899366 -0.107420497 -0.000310254 -0.000899503 0.999999464 3.578507185
0.999999583 0.000872037 0.000238274 0.070324004 -0.000872199 0.999999404 0.000678056 -0.111655571 -0.000237682 -0.000678263 0.999999702 3.839364767
0.999999106 0.000984978 0.000921655 0.064645000 -0.000985349 0.999999404 0.000402274 -0.110494271 -0.000921258 -0.000403182 0.999999523 4.099173069
0.999998629 0.001363873 0.000981385 0.071128167 -0.001364180 0.999999046 0.000312599 -0.114386000 -0.000980958 -0.000313937 0.999999523 4.359169960
0.999999106 0.000787898 0.001131479 0.072649166 -0.000788460 0.999999523 0.000496977 -0.123263039 -0.001131087 -0.000497869 0.999999285 4.618610382
0.999998391 0.001323301 0.001230079 0.083618291 -0.001324654 0.999998510 0.001099517 -0.136704355 -0.001228622 -0.001101145 0.999998629 4.870763302
0.999998152 0.001569949 0.001114875 0.090249501 -0.001571695 0.999997556 0.001567168 -0.145524606 -0.001112412 -0.001568917 0.999998212 5.133139133
0.999997377 0.001739825 0.001493527 0.090082735 -0.001741462 0.999997973 0.001095175 -0.151775822 -0.001491619 -0.001097773 0.999998212 5.393309116
0.999998033 0.001345681 0.001455733 0.097729355 -0.001347024 0.999998629 0.000921786 -0.158008233 -0.001454491 -0.000923745 0.999998510 5.666866779
0.999998033 0.001298674 0.001490730 0.098829195 -0.001300295 0.999998569 0.001087166 -0.165618554 -0.001489316 -0.001089103 0.999998271 5.940393925
0.999997973 0.001462362 0.001394416 0.104538426 -0.001463584 0.999998569 0.000875539 -0.174110666 -0.001393133 -0.000877578 0.999998629 6.221997738
0.999997437 0.001672468 0.001545976 0.110959411 -0.001673928 0.999998152 0.000943524 -0.178591460 -0.001544395 -0.000946109 0.999998331 6.516773224
0.999997616 0.001430660 0.001617131 0.118281104 -0.001432349 0.999998391 0.001043887 -0.188577220 -0.001615635 -0.001046200 0.999998152 6.801395416
0.999996722 0.001872429 0.001719588 0.125618100 -0.001873601 0.999997973 0.000680051 -0.191799119 -0.001718311 -0.000683270 0.999998271 7.105911732
0.999997437 0.001521913 0.001625332 0.133744761 -0.001523860 0.999998093 0.001197457 -0.206010878 -0.001623507 -0.001199930 0.999997973 7.402568817
0.999997377 0.001582611 0.001627412 0.138859794 -0.001584496 0.999998033 0.001157246 -0.215217024 -0.001625578 -0.001159822 0.999998033 7.708378315
0.999996305 0.001860957 0.001987650 0.140071630 -0.001863158 0.999997675 0.001106073 -0.226320639 -0.001985588 -0.001109772 0.999997437 8.034588814
0.999995530 0.001985127 0.002208217 0.142195195 -0.001987732 0.999997258 0.001178079 -0.238000184 -0.002205872 -0.001182463 0.999996841 8.356794357
0.999996006 0.001716696 0.002225581 0.152710468 -0.001718569 0.999998212 0.000839889 -0.244485915 -0.002224135 -0.000843711 0.999997139 8.684123039
0.999994159 0.002245728 0.002549246 0.156539202 -0.002248614 0.999996960 0.001130079 -0.255865306 -0.002546700 -0.001135804 0.999996126 9.004047394
0.999994159 0.002285589 0.002493086 0.165728286 -0.002288784 0.999996543 0.001279660 -0.269533664 -0.002490153 -0.001285359 0.999996126 9.344468117
0.999991417 0.002957661 0.002910556 0.163484380 -0.002962116 0.999994457 0.001527336 -0.286899447 -0.002906022 -0.001535945 0.999994576 9.678084373
0.999991953 0.002787926 0.002878023 0.172085926 -0.002793345 0.999994338 0.001880741 -0.299241394 -0.002872764 -0.001888766 0.999994099 10.028356552
0.999992430 0.002676243 0.002831203 0.181556270 -0.002679996 0.999995470 0.001322684 -0.303347856 -0.002827651 -0.001330261 0.999995053 10.401607513
0.999993086 0.002426450 0.002822100 0.191330105 -0.002430230 0.999996126 0.001336685 -0.312643975 -0.002818846 -0.001343534 0.999995112 10.763402939
0.999993145 0.002607862 0.002625122 0.198997155 -0.002610766 0.999996006 0.001102999 -0.318568349 -0.002622235 -0.001109845 0.999995887 11.131282806
0.999992788 0.002749057 0.002610548 0.208810583 -0.002752752 0.999995232 0.001412725 -0.333402038 -0.002606651 -0.001419901 0.999995530 11.510486603
0.999991894 0.002982114 0.002666768 0.218290597 -0.002984949 0.999994993 0.001059721 -0.341016352 -0.002663594 -0.001067673 0.999995887 11.885396004
0.999991477 0.002904844 0.002910685 0.222807646 -0.002910161 0.999994099 0.001824504 -0.358223349 -0.002905368 -0.001832959 0.999994099 12.283421516
0.999991655 0.002747948 0.003024368 0.231868550 -0.002755588 0.999993086 0.002525038 -0.373885900 -0.003017408 -0.002533351 0.999992311 12.674954414
0.999989927 0.003002199 0.003338251 0.233877555 -0.003009266 0.999993205 0.002114057 -0.374584317 -0.003331882 -0.002124081 0.999992192 13.078108788
0.999990463 0.002664015 0.003463275 0.249563679 -0.002669629 0.999995112 0.001617356 -0.385827094 -0.003458950 -0.001626587 0.999992728 13.475788116
0.999986410 0.003346712 0.003990707 0.248550132 -0.003356049 0.999991655 0.002335309 -0.402582526 -0.003982858 -0.002348670 0.999989331 13.892519951
0.999985397 0.003597124 0.004034435 0.259714007 -0.003605782 0.999991179 0.002140577 -0.410341889 -0.004026700 -0.002155093 0.999989510 14.306736946
0.999983966 0.003739945 0.004247000 0.267635792 -0.003746765 0.999991596 0.001599125 -0.422329009 -0.004240984 -0.001615011 0.999989629 14.724796295
0.999983191 0.003715580 0.004456386 0.289376020 -0.003726372 0.999990165 0.002415773 -0.442092866 -0.004447365 -0.002432339 0.999987125 15.159873962
0.999979615 0.003875730 0.005073288 0.291013658 -0.003890125 0.999988437 0.002830531 -0.458902687 -0.005062258 -0.002850209 0.999983132 15.598443985
0.999978900 0.003826279 0.005239427 0.304392666 -0.003838954 0.999989688 0.002411248 -0.468418211 -0.005230147 -0.002431312 0.999983311 16.037477493
0.999970794 0.004698023 0.006051983 0.308376670 -0.004713862 0.999985516 0.002605453 -0.478822798 -0.006039655 -0.002633905 0.999978304 16.476573944
0.999968529 0.005074615 0.006088712 0.319160849 -0.005089945 0.999983907 0.002504944 -0.491951108 -0.006075902 -0.002535857 0.999978364 16.919111252
0.999964356 0.005180261 0.006664668 0.325877964 -0.005199268 0.999982476 0.002837693 -0.507565916 -0.006649852 -0.002872243 0.999973774 17.379859924
0.999964774 0.004751779 0.006923152 0.339592814 -0.004774756 0.999983072 0.003306200 -0.528434932 -0.006907326 -0.003339139 0.999970555 17.837055206
0.999965012 0.004457673 0.007080641 0.356240928 -0.004479766 0.999985099 0.003107555 -0.539468765 -0.007066682 -0.003139165 0.999970138 18.301599503
0.999960482 0.004744354 0.007520163 0.364269316 -0.004766309 0.999984443 0.002904163 -0.546188533 -0.007506267 -0.002939891 0.999967456 18.785142899
0.999959648 0.005062143 0.007423198 0.376295030 -0.005085282 0.999982238 0.003101567 -0.567441523 -0.007407365 -0.003139190 0.999967635 19.258251190
0.999957621 0.005563836 0.007337649 0.398221374 -0.005586578 0.999979615 0.003082377 -0.571181536 -0.007320349 -0.003123238 0.999968350 19.732294083
0.999961853 0.004977207 0.007170811 0.407644987 -0.004996941 0.999983788 0.002736714 -0.584235430 -0.007157073 -0.002772443 0.999970496 20.220363617
0.999957323 0.005140349 0.007675358 0.420783818 -0.005162795 0.999982536 0.002907325 -0.601122022 -0.007660278 -0.002946828 0.999966264 20.704797745
0.999957919 0.005431068 0.007390403 0.431001961 -0.005451839 0.999981284 0.002793331 -0.612429142 -0.007375094 -0.002833505 0.999968708 21.214544296
0.999960601 0.005606632 0.006885838 0.446760893 -0.005626693 0.999979973 0.002897596 -0.619370580 -0.006869454 -0.002936227 0.999972105 21.715190887
0.999965906 0.005226290 0.006409257 0.457624793 -0.005243414 0.999982834 0.002657834 -0.631880403 -0.006395256 -0.002691350 0.999975920 22.220161438
0.999969423 0.004921237 0.006083410 0.472539902 -0.004937350 0.999984384 0.002636494 -0.644101262 -0.006070340 -0.002666449 0.999978065 22.741800308
0.999963284 0.005993657 0.006126376 0.481606722 -0.006010362 0.999978185 0.002711916 -0.653283179 -0.006109989 -0.002748638 0.999977529 23.239000320
0.999969006 0.005770425 0.005350430 0.502096772 -0.005787118 0.999978423 0.003109650 -0.676244259 -0.005332370 -0.003140517 0.999980807 23.765415192
0.999980927 0.004282495 0.004465570 0.513391495 -0.004296055 0.999986231 0.003031442 -0.694375813 -0.004452527 -0.003050569 0.999985456 24.291713715
0.999985456 0.003837335 0.003794813 0.528076947 -0.003848408 0.999988317 0.002915070 -0.693365097 -0.003783582 -0.002929632 0.999988496 24.752901077
0.999976039 0.005835750 0.003707690 0.538709641 -0.005848664 0.999976814 0.003481690 -0.723104000 -0.003687286 -0.003503292 0.999987066 25.306009293
0.999978483 0.005920751 0.002823510 0.549818218 -0.005932434 0.999973774 0.004147829 -0.747555614 -0.002798878 -0.004164491 0.999987423 25.845064163
0.999984264 0.005286568 0.001868538 0.569284439 -0.005293374 0.999979258 0.003656400 -0.761663377 -0.001849169 -0.003666233 0.999991596 26.407526016
0.999984682 0.005098925 0.002129831 0.564161301 -0.005107787 0.999978244 0.004176739 -0.771951914 -0.002108487 -0.004187554 0.999989033 26.958679199
0.999987006 0.005027685 0.000829503 0.600054741 -0.005031150 0.999978423 0.004229153 -0.799512804 -0.000808223 -0.004233271 0.999990702 27.494220734
0.999985337 0.005362163 0.000746360 0.600622416 -0.005364596 0.999980152 0.003296862 -0.801066875 -0.000728667 -0.003300818 0.999994278 28.044706345
0.999987066 0.005069055 0.000282385 0.620689332 -0.005070003 0.999981046 0.003468987 -0.814279735 -0.000264796 -0.003470374 0.999993920 28.617536545
0.999987781 0.004926621 0.000108968 0.625091672 -0.004927024 0.999979496 0.004088570 -0.841497838 -0.000088823 -0.004089058 0.999991596 29.156795502
0.999988496 0.004757124 -0.000715756 0.632780671 -0.004754225 0.999980688 0.004000081 -0.853814483 0.000734771 -0.003996632 0.999991775 29.710994720
0.999985993 0.005237302 -0.000738556 0.635350525 -0.005234406 0.999978840 0.003868645 -0.861721694 0.000758801 -0.003864725 0.999992192 30.273422241
0.999988139 0.004798079 -0.000722975 0.645151556 -0.004795285 0.999981225 0.003816708 -0.878561616 0.000741274 -0.003813196 0.999992371 30.823074341
0.999983847 0.005650894 -0.000594619 0.653751850 -0.005648275 0.999974728 0.004317455 -0.895780861 0.000619001 -0.004314027 0.999990463 31.370227814
0.999989629 0.004271298 -0.001548039 0.664791703 -0.004266784 0.999986708 0.002907958 -0.899042845 0.001560439 -0.002901324 0.999994516 31.923885345
0.999984503 0.005360699 -0.001513063 0.678131640 -0.005355048 0.999978781 0.003714585 -0.911444664 0.001532944 -0.003706425 0.999991894 32.484081268
0.999984384 0.005023002 -0.002438659 0.687486768 -0.005013470 0.999979854 0.003899397 -0.925779700 0.002458196 -0.003887110 0.999989390 33.027278900
0.999984980 0.005091027 -0.002043241 0.702564180 -0.005081973 0.999977350 0.004412016 -0.948035598 0.002065657 -0.004401566 0.999988139 33.583702087
0.999984384 0.005078162 -0.002336215 0.710698605 -0.005067151 0.999976158 0.004695384 -0.967191458 0.002360004 -0.004683473 0.999986231 34.130062103
0.999984145 0.005256968 -0.002009399 0.704211473 -0.005249078 0.999978602 0.003911403 -0.969232559 0.002029918 -0.003900794 0.999990344 34.688003540
0.999983072 0.005201573 -0.002632464 0.719638228 -0.005191027 0.999978602 0.003997466 -0.990290940 0.002653201 -0.003983732 0.999988556 35.205711365
0.999985576 0.004392842 -0.003096336 0.748787105 -0.004379735 0.999981463 0.004227011 -1.007314682 0.003114848 -0.004213389 0.999986291 35.771850586
0.999984443 0.004597598 -0.003174963 0.756402433 -0.004584435 0.999980867 0.004140902 -1.017228365 0.003193941 -0.004126282 0.999986410 36.322429657
0.999980330 0.005336944 -0.003271251 0.758882284 -0.005328262 0.999982238 0.002656987 -1.022232652 0.003285373 -0.002639505 0.999991119 36.871158600
0.999979138 0.005299020 -0.003673806 0.767133832 -0.005287756 0.999981225 0.003068910 -1.034784079 0.003690000 -0.003049419 0.999988556 37.418689728
0.999976993 0.005694591 -0.003722212 0.786432683 -0.005686449 0.999981344 0.002194091 -1.050647497 0.003734638 -0.002172874 0.999990642 37.966979980
0.999973118 0.005677134 -0.004644380 0.801381767 -0.005666580 0.999981344 0.002282433 -1.063312531 0.004657251 -0.002256055 0.999986589 38.515277863
0.999972224 0.006124566 -0.004263404 0.802974641 -0.006118167 0.999980092 0.001512552 -1.073574662 0.004272583 -0.001486426 0.999989748 39.064834595
0.999974489 0.005719759 -0.004275142 0.799481571 -0.005713029 0.999982357 0.001584657 -1.078358889 0.004284130 -0.001560193 0.999989629 39.596122742
0.999972820 0.006264213 -0.003884170 0.801398873 -0.006258089 0.999979079 0.001586943 -1.092199326 0.003894030 -0.001562592 0.999991179 40.160114288
0.999972761 0.006111421 -0.004139061 0.810584307 -0.006105106 0.999980211 0.001536846 -1.108188152 0.004148370 -0.001511534 0.999990165 40.702445984
0.999973118 0.006071835 -0.004109717 0.820016682 -0.006067903 0.999981225 0.000968767 -1.116456628 0.004115522 -0.000943804 0.999991059 41.262001038
0.999970555 0.006274610 -0.004398679 0.817612708 -0.006267457 0.999979019 0.001638208 -1.143328667 0.004408867 -0.001610591 0.999988973 41.817604065
0.999969125 0.007152275 -0.003244897 0.810508072 -0.007147083 0.999973238 0.001609171 -1.159564853 0.003256318 -0.001585929 0.999993443 42.357013702
0.999968290 0.006804634 -0.004125820 0.821224093 -0.006798289 0.999975681 0.001550279 -1.177657247 0.004136270 -0.001522181 0.999990284 42.873664856
0.999965250 0.007052781 -0.004451186 0.830848634 -0.007045152 0.999973714 0.001727177 -1.186120510 0.004463249 -0.001695758 0.999988616 43.453453064
0.999965250 0.007072511 -0.004416198 0.837704241 -0.007066366 0.999974012 0.001405674 -1.200719476 0.004426026 -0.001374419 0.999989271 44.001171112
0.999969184 0.006542157 -0.004344922 0.851307452 -0.006536197 0.999977708 0.001384539 -1.218032360 0.004353882 -0.001356098 0.999989629 44.541362762
0.999970198 0.006179683 -0.004616129 0.856936812 -0.006173269 0.999979973 0.001402370 -1.230315685 0.004624702 -0.001373832 0.999988377 45.096614838
0.999968648 0.006386707 -0.004666900 0.865684807 -0.006381012 0.999978840 0.001234194 -1.248298645 0.004674684 -0.001204376 0.999988317 45.652683258
0.999967039 0.006841062 -0.004344944 0.869346499 -0.006837097 0.999976158 0.000926883 -1.257809401 0.004351181 -0.000897146 0.999990165 46.200023651
0.999970973 0.006265901 -0.004336375 0.881470203 -0.006263308 0.999980152 0.000611550 -1.271932960 0.004340121 -0.000584372 0.999990404 46.761062622
0.999970138 0.006604535 -0.004002522 0.892814279 -0.006602171 0.999977946 0.000603384 -1.278675437 0.004006419 -0.000576940 0.999991834 47.331230164
0.999960184 0.007919789 -0.004096049 0.876668930 -0.007917384 0.999968410 0.000603149 -1.308264017 0.004100697 -0.000570695 0.999991417 47.866367340
0.999955177 0.008611180 -0.003926946 0.883828878 -0.008611425 0.999962926 -0.000045589 -1.320911527 0.003926408 0.000079403 0.999992311 48.408943176
0.999968648 0.006364375 -0.004712149 0.929616988 -0.006361149 0.999979496 0.000699194 -1.322139382 0.004716503 -0.000669198 0.999988675 48.990245819
0.999967635 0.006647137 -0.004532811 0.933625340 -0.006640839 0.999976993 0.001402948 -1.347337008 0.004542032 -0.001372801 0.999988735 49.513004303
0.999965668 0.006937379 -0.004533753 0.935083687 -0.006930429 0.999974728 0.001546375 -1.365264297 0.004544365 -0.001514901 0.999988556 50.074100494
0.999964297 0.007425305 -0.004036350 0.924682796 -0.007417184 0.999970436 0.002022631 -1.390671372 0.004051250 -0.001992621 0.999989808 50.607295990
0.999965370 0.007069043 -0.004396496 0.946347892 -0.007064131 0.999974430 0.001131655 -1.401247501 0.004404383 -0.001100559 0.999989629 51.177497864
0.999958992 0.007786830 -0.004620583 0.959372103 -0.007782781 0.999969304 0.000893531 -1.409947872 0.004627401 -0.000857533 0.999988914 51.707221985
0.999958813 0.007741339 -0.004726972 0.966916263 -0.007734589 0.999969006 0.001444472 -1.426157832 0.004738008 -0.001407851 0.999987781 52.244815826
0.999959409 0.007698014 -0.004665106 0.977913678 -0.007694364 0.999970019 0.000799883 -1.439985514 0.004671124 -0.000763955 0.999988735 52.795108795
0.999956191 0.008248543 -0.004429046 0.987043381 -0.008245219 0.999965668 0.000768419 -1.448812485 0.004435233 -0.000731867 0.999989867 53.329566956
0.999954581 0.008034561 -0.005131998 1.002770662 -0.008030356 0.999967515 0.000838965 -1.472397685 0.005138571 -0.000797716 0.999986410 53.871196747
0.999959648 0.007644454 -0.004719235 1.002439380 -0.007639411 0.999970257 0.001085593 -1.486675858 0.004727393 -0.001049497 0.999988258 54.412719727
0.999959588 0.007744244 -0.004568389 1.003143072 -0.007745835 0.999969959 -0.000331137 -1.486505151 0.004565687 0.000366510 0.999989510 54.977493286
0.999957681 0.008074923 -0.004411649 1.020304799 -0.008076268 0.999967337 -0.000287205 -1.511729360 0.004409185 0.000322823 0.999990225 55.500915527
0.999959111 0.007843362 -0.004506249 1.034091353 -0.007842441 0.999969184 0.000222101 -1.537148237 0.004507854 -0.000186751 0.999989808 56.064342499
0.999958098 0.007928230 -0.004604640 1.035197377 -0.007928524 0.999968588 -0.000045774 -1.538650751 0.004604132 0.000082280 0.999989390 56.575553894
0.999949872 0.008693771 -0.004966296 1.067655087 -0.008691831 0.999962151 0.000411804 -1.574160099 0.004969688 -0.000368617 0.999987602 57.141975403
0.999957919 0.008239513 -0.004039761 1.055977941 -0.008239075 0.999966025 0.000125046 -1.579202056 0.004040654 -0.000091757 0.999991834 57.701030731
0.999958932 0.007770446 -0.004669791 1.073261023 -0.007767776 0.999969661 0.000589998 -1.607404232 0.004674233 -0.000553700 0.999988914 58.226974487
0.999951780 0.009127410 -0.003608735 1.070488214 -0.009125985 0.999958396 0.000410775 -1.627041698 0.003612334 -0.000377822 0.999993384 58.734806061
0.999954164 0.008705809 -0.003985250 1.078703165 -0.008704235 0.999962032 0.000412006 -1.644588709 0.003988685 -0.000377299 0.999991953 59.273952484
0.999955416 0.008721917 -0.003601249 1.073211074 -0.008721321 0.999961972 0.000180919 -1.656443119 0.003602690 -0.000149503 0.999993443 59.820926666
0.999952793 0.008647772 -0.004432514 1.095511913 -0.008647912 0.999962747 -0.000013215 -1.675201178 0.004432234 0.000051547 0.999990165 60.355918884
0.999946058 0.009502138 -0.004192558 1.104311466 -0.009501152 0.999954820 0.000255149 -1.688413143 0.004194793 -0.000215301 0.999991179 60.895763397
0.999948323 0.009235426 -0.004232101 1.120713592 -0.009233976 0.999957323 0.000361889 -1.705076098 0.004235263 -0.000322791 0.999991000 61.452941895
0.999943852 0.010018066 -0.003453880 1.126355886 -0.010018871 0.999949813 -0.000216614 -1.709232807 0.003451537 0.000251206 0.999994040 62.006591797
0.999950767 0.009417218 -0.003123356 1.130728483 -0.009418367 0.999955535 -0.000353163 -1.724561930 0.003119892 0.000382562 0.999995053 62.550514221
0.999940991 0.010504661 -0.002810322 1.143026114 -0.010506384 0.999944627 -0.000599504 -1.750384808 0.002803869 0.000628994 0.999995887 63.084236145
0.999941409 0.010365933 -0.003109027 1.158484221 -0.010368407 0.999945879 -0.000780471 -1.763406634 0.003100769 0.000812661 0.999994874 63.619636536
0.999941945 0.010347509 -0.002996136 1.165191770 -0.010349690 0.999946177 -0.000713272 -1.776010633 0.002988595 0.000744239 0.999995232 64.160476685
0.999933839 0.011228856 -0.002486612 1.170790434 -0.011230783 0.999936640 -0.000763018 -1.797374249 0.002477887 0.000790894 0.999996603 64.679336548
0.999932766 0.011360931 -0.002311280 1.174557924 -0.011361942 0.999935389 -0.000424504 -1.805201650 0.002306309 0.000450736 0.999997258 65.247184753
0.999937057 0.010969828 -0.002323003 1.191596270 -0.010971336 0.999939620 -0.000637692 -1.824116349 0.002315867 0.000663139 0.999997079 65.765327454
0.999935389 0.011137452 -0.002255523 1.202042580 -0.011138912 0.999937713 -0.000635761 -1.839202881 0.002248302 0.000660844 0.999997258 66.309967041
0.999937415 0.010947906 -0.002293804 1.210529447 -0.010951172 0.999939024 -0.001415666 -1.849551797 0.002278166 0.001440697 0.999996364 66.865158081
0.999940991 0.010644565 -0.002165737 1.221083641 -0.010647692 0.999942303 -0.001436893 -1.873326302 0.002150317 0.001459868 0.999996543 67.403144836
0.999938548 0.010848535 -0.002279241 1.228929996 -0.010851988 0.999939978 -0.001507911 -1.884040117 0.002262745 0.001532553 0.999996245 67.957153320
0.999949098 0.009703043 -0.002741960 1.246376753 -0.009707901 0.999951303 -0.001764934 -1.900277853 0.002724702 0.001791463 0.999994636 68.498458862
0.999948502 0.009784173 -0.002703565 1.251848578 -0.009789458 0.999950171 -0.001948253 -1.917022705 0.002684368 0.001974619 0.999994457 69.036712646
0.999938905 0.010628676 -0.003034264 1.262426257 -0.010634227 0.999941826 -0.001820469 -1.932709932 0.003014737 0.001852625 0.999993742 69.572692871
0.999939978 0.010639202 -0.002607398 1.268315911 -0.010645742 0.999940217 -0.002507494 -1.945430160 0.002580565 0.002535101 0.999993384 70.115509033
0.999944150 0.010202383 -0.002754711 1.280227184 -0.010209310 0.999944746 -0.002511583 -1.960279465 0.002728935 0.002539566 0.999993026 70.659530640
0.999945402 0.010029699 -0.002921466 1.289424181 -0.010037471 0.999946117 -0.002656897 -1.976902843 0.002894661 0.002686076 0.999992132 71.215393066
0.999944627 0.010197103 -0.002592521 1.301164508 -0.010203112 0.999945283 -0.002314565 -1.996116161 0.002568777 0.002340888 0.999993980 71.795295715
0.999956369 0.008895230 -0.002843391 1.311648846 -0.008903459 0.999956191 -0.002894755 -2.012199402 0.002817517 0.002919945 0.999991775 72.350334167
0.999952078 0.009261436 -0.003160887 1.321003199 -0.009270317 0.999953032 -0.002806590 -2.030015707 0.003134747 0.002835758 0.999991059 72.907112122
0.999942899 0.010453929 -0.002228624 1.321642637 -0.010459125 0.999942720 -0.002333092 -2.063644648 0.002204106 0.002356268 0.999994814 73.457298279
0.999950409 0.009349290 -0.003422307 1.345937848 -0.009356056 0.999954224 -0.001966133 -2.078490257 0.003403770 0.001998055 0.999992132 73.993453979
0.999939680 0.010701760 -0.002456521 1.350386620 -0.010706792 0.999940693 -0.002045198 -2.094567299 0.002434487 0.002071377 0.999994874 74.554588318
0.999940217 0.010771830 -0.001872755 1.354818106 -0.010773787 0.999941409 -0.001038327 -2.118733644 0.001861460 0.001058441 0.999997735 75.080810547
0.999931216 0.011685235 -0.000947602 1.348063946 -0.011686895 0.999930084 -0.001764292 -2.133840322 0.000926919 0.001775245 0.999997973 75.658462524
0.999925613 0.011999043 -0.002202109 1.389592648 -0.012004171 0.999925196 -0.002330729 -2.151686907 0.002173978 0.002356990 0.999994814 76.173088074
0.999937177 0.011027534 -0.002070312 1.389702678 -0.011033909 0.999934256 -0.003093690 -2.165037632 0.002036060 0.003116339 0.999993086 76.741813660
0.999929070 0.011826207 -0.001408872 1.398986220 -0.011828477 0.999928713 -0.001615426 -2.192504883 0.001389667 0.001631976 0.999997675 77.278755188
0.999929070 0.011779456 -0.001756937 1.407013774 -0.011783445 0.999927938 -0.002278589 -2.203070402 0.001729971 0.002299130 0.999995828 77.828338623
0.999944866 0.010024539 -0.003107034 1.430634260 -0.010032851 0.999946117 -0.002671230 -2.216514826 0.003080088 0.002702255 0.999991596 78.417922974
0.999948263 0.009847393 -0.002549906 1.431873798 -0.009854092 0.999947965 -0.002628289 -2.233822823 0.002523892 0.002653280 0.999993324 78.972473145
0.999946892 0.009960712 -0.002643410 1.441897869 -0.009967753 0.999946713 -0.002663953 -2.246278763 0.002616734 0.002690160 0.999992967 79.526939392
0.999959052 0.008855681 -0.001835656 1.438874125 -0.008858861 0.999959230 -0.001732412 -2.272591114 0.001820240 0.001748604 0.999996841 79.949890137
0.999952257 0.009568891 -0.001960305 1.457942605 -0.009573599 0.999951303 -0.002407125 -2.288410187 0.001937177 0.002425777 0.999995172 80.486709595
0.999959290 0.008970200 -0.000962865 1.453665733 -0.008972449 0.999956906 -0.002358599 -2.307676077 0.000941667 0.002367142 0.999996781 81.051155090
0.999946415 0.010341949 0.000412375 1.466435909 -0.010340854 0.999943197 -0.002575387 -2.332742453 -0.000438986 0.002570985 0.999996603 81.608123779
0.999956727 0.009233148 0.001100860 1.483743906 -0.009229920 0.999953151 -0.002902211 -2.341463566 -0.001127605 0.002891925 0.999995112 82.201889038
0.999962449 0.008471279 0.001836600 1.495564938 -0.008466422 0.999960601 -0.002636358 -2.357039452 -0.001858861 0.002620709 0.999994814 82.749969482
0.999937892 0.009789997 0.005324887 1.508467078 -0.009772719 0.999946952 -0.003260816 -2.371225357 -0.005356527 0.003208574 0.999980509 83.292182922
0.999911010 0.009882496 0.008957498 1.539079189 -0.009848093 0.999944091 -0.003876896 -2.371440411 -0.008995309 0.003788337 0.999952376 83.881423950
0.999892235 0.009308935 0.011353060 1.583414078 -0.009262442 0.999948621 -0.004140910 -2.395290613 -0.011391022 0.004035308 0.999926984 84.387443542
0.999831557 0.009073912 0.015955238 1.577983737 -0.009015503 0.999952435 -0.003728994 -2.410017967 -0.015988318 0.003584522 0.999865770 85.033271790
0.999725759 0.009411433 0.021442758 1.634156704 -0.009330533 0.999948919 -0.003869791 -2.430444479 -0.021478087 0.003668657 0.999762535 85.465446472
0.999572873 0.009498526 0.027637383 1.661150932 -0.009395179 0.999948382 -0.003866915 -2.439375401 -0.027672691 0.003605605 0.999610543 86.003654480
0.999388814 0.009397963 0.033670150 1.691412807 -0.009282489 0.999950409 -0.003584283 -2.469128609 -0.033702161 0.003269550 0.999426544 86.490364075
0.999070108 0.009322373 0.042094629 1.737768531 -0.009178070 0.999951303 -0.003620023 -2.478700161 -0.042126335 0.003230309 0.999107063 87.060813904
0.998690009 0.009830296 0.050215408 1.780407429 -0.009604060 0.999942601 -0.004744634 -2.489990473 -0.050259169 0.004256146 0.998727143 87.627540588
0.998327076 0.008938656 0.057123728 1.831662178 -0.008677514 0.999950767 -0.004817939 -2.503255367 -0.057163980 0.004314187 0.998355508 88.153800964
0.997747779 0.009414219 0.066412963 1.880910397 -0.009145691 0.999948740 -0.004346181 -2.524356842 -0.066450469 0.003729000 0.997782767 88.687286377
0.997050107 0.008767580 0.076251224 1.951220989 -0.008410356 0.999952078 -0.005004699 -2.545065880 -0.076291449 0.004348637 0.997076094 89.229179382
0.996353447 0.008676494 0.084879510 2.013777256 -0.008249814 0.999951541 -0.005376370 -2.559911013 -0.084922053 0.004656525 0.996376634 89.768646240
0.995694757 0.007888068 0.092356376 2.076515675 -0.007407445 0.999957323 -0.005545640 -2.576309681 -0.092396170 0.004837641 0.995710552 90.304153442
0.994749188 0.007199637 0.102089472 2.161791801 -0.006621995 0.999960244 -0.005995955 -2.590389967 -0.102128580 0.005288437 0.994757175 90.836524963
0.993659377 0.007136097 0.112205908 2.254697800 -0.006505578 0.999960959 -0.005984430 -2.604484081 -0.112244226 0.005216522 0.993666947 91.362426758
0.992581546 0.006853815 0.121386789 2.337990761 -0.006200937 0.999964237 -0.005755421 -2.626745939 -0.121421888 0.004960015 0.992588520 91.888023376
0.991125882 0.006407504 0.132772028 2.433085442 -0.005670869 0.999966323 -0.005925531 -2.640700817 -0.132805556 0.005120015 0.991128862 92.418479919
0.989362657 0.005891502 0.145350546 2.529394150 -0.005081955 0.999969423 -0.005940308 -2.658786058 -0.145381093 0.005138454 0.989362299 92.944389343
0.987716854 0.005205361 0.156167656 2.634203911 -0.004258233 0.999970376 -0.006398765 -2.675240993 -0.156196341 0.005655169 0.987709761 93.486503601
0.985983431 0.005667883 0.166747034 2.755860329 -0.004674007 0.999968886 -0.006352211 -2.689361334 -0.166777879 0.005483798 0.985979199 94.024055481
0.983762145 0.005361267 0.179397345 2.874297142 -0.004320373 0.999971449 -0.006192370 -2.705987930 -0.179425433 0.005316755 0.983757198 94.557861328
0.981453598 0.004415020 0.191649035 3.002549171 -0.003201335 0.999972820 -0.006642032 -2.728101730 -0.191673160 0.005905314 0.981441021 95.068511963
0.979370475 0.004102847 0.202031359 3.125323296 -0.002836447 0.999974430 -0.006557451 -2.751837492 -0.202053115 0.005849123 0.979357123 95.585014343
0.976608098 0.004152927 0.214986756 3.269292831 -0.002847246 0.999975443 -0.006382636 -2.772831440 -0.215008035 0.005621213 0.976596117 96.119720459
0.973607600 0.003361950 0.228204161 3.412639618 -0.001929010 0.999976993 -0.006501956 -2.787658691 -0.228220776 0.005890144 0.973591566 96.637527466
0.970931470 0.003361969 0.239333779 3.564754486 -0.002015868 0.999980807 -0.005868936 -2.808303595 -0.239348903 0.005215870 0.970919549 97.157249451
0.968286276 0.002747463 0.249827951 3.728595734 -0.001091200 0.999976516 -0.006767873 -2.822275162 -0.249840677 0.006280628 0.968266547 97.698226929
0.964776218 0.003431728 0.263049424 3.895978928 -0.001795564 0.999977469 -0.006460127 -2.839689493 -0.263065666 0.005760254 0.964760780 98.211639404
0.961229682 0.002297664 0.275739372 4.064584732 -0.000494213 0.999978006 -0.006609722 -2.862426996 -0.275748491 0.006217186 0.961209714 98.730400085
0.957895517 0.002094840 0.287109345 4.242506027 -0.000299488 0.999980152 -0.006296969 -2.884885550 -0.287116766 0.005945854 0.957877100 99.239509583
0.953578055 0.002176489 0.301138163 4.432439804 -0.000213999 0.999978542 -0.006549743 -2.900082111 -0.301145911 0.006181248 0.953558028 99.746536255
0.949160874 0.001261448 0.314788967 4.635269165 0.000785632 0.999979377 -0.006376060 -2.918940306 -0.314790517 0.006299214 0.949140251 100.256874084
0.945327759 0.001158701 0.326119840 4.840774536 0.001114525 0.999976456 -0.006783598 -2.932515860 -0.326120079 0.006776191 0.945304036 100.779693604
0.940691352 0.001425507 0.339260638 5.045764923 0.000780824 0.999979377 -0.006366766 -2.958428144 -0.339262724 0.006254063 0.940670848 101.283096313
0.935354173 0.000846864 0.353711396 5.263412476 0.001482220 0.999978900 -0.006313754 -2.973616123 -0.353709251 0.006429874 0.935333252 101.793769836
0.930582762 0.000709008 0.366081029 5.488548279 0.001937866 0.999974489 -0.006862782 -2.989864588 -0.366076529 0.007095802 0.930557668 102.315521240
0.925948620 0.000025383 0.377649426 5.720903397 0.002583998 0.999976099 -0.006402847 -3.010763168 -0.377640605 0.006904553 0.925926507 102.807655334
0.919935286 0.000008938 0.392070204 5.954116821 0.002508771 0.999979317 -0.005909258 -3.030217409 -0.392062247 0.006419749 0.919916332 103.301315308
0.914324343 -0.000185557 0.404982686 6.221244812 0.002880848 0.999977529 -0.006045877 -3.049580574 -0.404972494 0.006694586 0.914304376 103.836174011
0.909547210 -0.000566965 0.415600121 6.472415924 0.003281264 0.999977648 -0.005816918 -3.066846609 -0.415587574 0.006654456 0.909528852 104.316246033
0.903468609 -0.000604986 0.428653747 6.724418640 0.003532133 0.999975562 -0.006033306 -3.090406895 -0.428639680 0.006964966 0.903448701 104.824813843
0.896940053 0.000041748 0.442152083 6.993354797 0.002902618 0.999977946 -0.005982608 -3.104131699 -0.442142546 0.006649439 0.896920204 105.314117432
0.891167819 -0.001562612 0.453671396 7.265247345 0.004753551 0.999971449 -0.005893348 -3.133009434 -0.453649193 0.007408512 0.891149580 105.790382385
0.885433018 -0.002165695 0.464762151 7.545211792 0.005341232 0.999970555 -0.005516093 -3.151735306 -0.464736462 0.007366533 0.885418355 106.266540527
0.878091335 -0.002339938 0.478487194 7.836071014 0.005582975 0.999970019 -0.005355409 -3.176019669 -0.478460342 0.007373921 0.878078103 106.741165161
