1.000000000 0.000000000 0.000000000 0.000000000 0.000000000 1.000000000 0.000000000 0.000000000 0.000000000 0.000000000 1.000000000 0.000000000
1.000000000 -0.000063863 0.000120732 -0.001435306 0.000063853 1.000000000 0.000081622 0.000529630 -0.000120737 -0.000081615 1.000000000 0.002282737
1.000000000 0.000183691 0.000113414 -0.001353410 -0.000183708 1.000000000 0.000150717 0.000507571 -0.000113386 -0.000150738 1.000000000 0.002152970
1.000000000 0.000148868 -0.000074096 0.000520855 -0.000148858 1.000000000 0.000136747 -0.000539466 0.000074116 -0.000136736 1.000000000 -0.000417137
0.999999881 0.000464252 0.000208266 -0.002431771 -0.000464290 0.999999881 0.000185220 -0.000040970 -0.000208180 -0.000185317 0.999999940 0.001579276
0.999999940 0.000222655 0.000114201 -0.001698116 -0.000222675 0.999999940 0.000177665 0.000022814 -0.000114162 -0.000177691 1.000000000 0.000287965
1.000000000 0.000035689 0.000201221 -0.002024322 -0.000035701 1.000000000 0.000059371 0.000931986 -0.000201219 -0.000059378 1.000000000 0.002308620
0.999999940 -0.000123090 0.000269696 -0.002235077 0.000123076 1.000000000 0.000055081 0.001567420 -0.000269702 -0.000055047 0.999999940 0.003710586
1.000000000 0.000029388 0.000165024 -0.001065385 -0.000029398 1.000000000 0.000056776 0.000719017 -0.000165023 -0.000056781 1.000000000 0.002648589
0.999999940 0.000096248 0.000250422 -0.002043009 -0.000096275 1.000000000 0.000108378 0.000543468 -0.000250412 -0.000108402 0.999999940 0.002037856
0.999999940 -0.000049981 0.000245036 -0.001433375 0.000050001 1.000000000 -0.000079362 0.002347114 -0.000245032 0.000079374 0.999999940 0.003394450
1.000000000 -0.000034854 0.000058211 -0.000288276 0.000034846 1.000000000 0.000138825 0.000060617 -0.000058215 -0.000138823 1.000000000 0.001030855
0.999999940 0.000160699 0.000227372 -0.002827107 -0.000160682 1.000000000 -0.000074397 0.003088488 -0.000227384 0.000074361 1.000000000 0.006079384
0.999999940 -0.000043960 0.000328039 -0.003173693 0.000043907 1.000000000 0.000164315 0.000745848 -0.000328046 -0.000164301 0.999999940 0.003595157
0.999999940 0.000190291 0.000285480 -0.002662163 -0.000190335 0.999999940 0.000154799 0.000153623 -0.000285450 -0.000154853 0.999999940 0.001712820
0.999999940 0.000213848 0.000182961 -0.000864481 -0.000213888 0.999999940 0.000219202 -0.000982828 -0.000182914 -0.000219241 0.999999940 -0.000768731
1.000000000 -0.000089392 0.000107382 -0.001855275 0.000089389 1.000000000 0.000024440 0.001359108 -0.000107384 -0.000024430 1.000000000 0.003561860
0.999999881 0.000249706 0.000445593 -0.002609991 -0.000249749 0.999999940 0.000095180 0.000454113 -0.000445569 -0.000095291 0.999999881 0.001163165
0.999999940 0.000165613 0.000310188 -0.003700786 -0.000165651 1.000000000 0.000122992 0.001280920 -0.000310168 -0.000123043 0.999999940 0.005274699
0.999999940 0.000269076 0.000150406 -0.001970358 -0.000269099 0.999999940 0.000158089 0.000821642 -0.000150364 -0.000158130 1.000000000 0.003408597
0.999999821 0.000476990 0.000328628 -0.002387380 -0.000477097 0.999999821 0.000326298 -0.000701084 -0.000328472 -0.000326455 0.999999881 0.001962349
0.999999821 0.000488700 0.000362354 -0.004190766 -0.000488759 0.999999881 0.000164369 0.000970537 -0.000362274 -0.000164546 0.999999940 0.004002630
0.999999940 0.000084340 0.000249206 -0.001796196 -0.000084392 1.000000000 0.000209786 -0.000047339 -0.000249188 -0.000209807 0.999999940 0.000827359
0.999999940 0.000185910 0.000311280 -0.002752844 -0.000185950 1.000000000 0.000129024 0.000885012 -0.000311256 -0.000129082 0.999999940 0.005247619
0.999999940 0.000148991 0.000232803 -0.002951094 -0.000149014 1.000000000 0.000097101 0.001954209 -0.000232789 -0.000097136 0.999999940 0.004763195
0.999999940 0.000057665 0.000289613 -0.002720414 -0.000057677 1.000000000 0.000039086 0.002575170 -0.000289611 -0.000039103 0.999999940 0.004960202
0.999999940 0.000016962 0.000283344 -0.001731423 -0.000016947 1.000000000 -0.000051073 0.001904130 -0.000283345 0.000051068 0.999999940 0.002062720
0.999999940 0.000226874 0.000222481 -0.001904723 -0.000226880 1.000000000 0.000024211 0.001833430 -0.000222475 -0.000024261 1.000000000 0.003528723
0.999999821 0.000396054 0.000432687 -0.004413619 -0.000396029 0.999999940 -0.000057281 0.002883054 -0.000432710 0.000057109 0.999999881 0.005116553
0.999999940 0.000077028 0.000276308 -0.002569321 -0.000077063 1.000000000 0.000127755 0.001796259 -0.000276298 -0.000127776 0.999999940 0.003484377
1.000000000 0.000060634 0.000200843 -0.002060045 -0.000060658 1.000000000 0.000119738 0.000631655 -0.000200835 -0.000119750 1.000000000 0.003741611
1.000000000 -0.000157041 0.000122124 -0.001082680 0.000157018 0.999999940 0.000189434 0.000783398 -0.000122153 -0.000189415 1.000000000 0.002420106
1.000000000 -0.000047017 0.000194045 -0.002076494 0.000047015 1.000000000 0.000006899 0.002474967 -0.000194045 -0.000006889 1.000000000 0.005117268
0.999999940 0.000097472 0.000359892 -0.002468055 -0.000097488 1.000000000 0.000043186 0.001886983 -0.000359887 -0.000043221 0.999999940 0.004176348
0.999999940 0.000133134 0.000277033 -0.002361399 -0.000133174 1.000000000 0.000145716 0.000858739 -0.000277014 -0.000145753 0.999999940 0.003635967
0.999999940 0.000217570 0.000358627 -0.001935402 -0.000217642 0.999999940 0.000200436 0.000420892 -0.000358584 -0.000200514 0.999999940 0.001186477
0.999999940 0.000110914 0.000270965 -0.000908306 -0.000110960 1.000000000 0.000166391 0.002182466 -0.000270946 -0.000166421 0.999999940 0.003349755
1.000000000 -0.000200642 0.000139002 -0.001206511 0.000200627 1.000000000 0.000104606 0.001889660 -0.000139023 -0.000104578 1.000000000 0.004562126
0.999999940 -0.000027532 0.000318789 -0.003420527 0.000027483 1.000000000 0.000155122 0.002281205 -0.000318794 -0.000155113 0.999999940 0.005973775
0.999999940 -0.000164065 0.000301657 -0.001102669 0.000164046 1.000000000 0.000062584 0.001040238 -0.000301667 -0.000062535 0.999999940 0.001848888
0.999999881 -0.000042053 0.000428153 -0.002066835 0.000042000 1.000000000 0.000124588 0.000671388 -0.000428159 -0.000124570 0.999999881 0.002966055
0.999999940 -0.000272709 0.000222782 0.001239682 0.000272844 0.999999762 -0.000604030 -0.000676093 -0.000222617 0.000604091 0.999999821 0.051510680
0.999999940 0.000206138 0.000312655 -0.001753669 -0.000205802 0.999999404 -0.001075464 -0.003866888 -0.000312876 0.001075400 0.999999344 0.136733294
0.999999940 0.000250789 0.000003655 0.003004212 -0.000250783 0.999998868 -0.001469654 -0.004491988 -0.000004023 0.001469653 0.999998927 0.254220903
1.000000000 0.000160452 -0.000092236 0.005697417 -0.000160551 0.999999404 -0.001067885 -0.011814345 0.000092065 0.001067899 0.999999404 0.385633081
0.999999881 0.000473243 0.000149821 0.007258110 -0.000473155 0.999999702 -0.000584889 -0.019199869 -0.000150098 0.000584818 0.999999821 0.523029387
0.999999940 0.000250595 0.000073987 0.012820938 -0.000250550 0.999999762 -0.000612757 -0.025934165 -0.000074141 0.000612738 0.999999821 0.672845125
0.999999940 0.000267648 0.000200083 0.017824637 -0.000267478 0.999999583 -0.000850487 -0.023790874 -0.000200311 0.000850434 0.999999642 0.838980436
1.000000000 -0.000013517 -0.000105214 0.020232530 0.000013465 0.999999881 -0.000501429 -0.027860217 0.000105221 0.000501427 0.999999881 1.015429974
0.999999940 0.000343987 -0.000058914 0.022756511 -0.000343996 0.999999940 -0.000149212 -0.034571629 0.000058863 0.000149232 1.000000000 1.188360691
0.999999881 0.000481726 0.000136096 0.020421173 -0.000481707 0.999999881 -0.000137259 -0.040293645 -0.000136163 0.000137193 1.000000000 1.372772574
0.999999940 0.000225986 -0.000238390 0.040977161 -0.000225905 0.999999940 0.000340696 -0.055143472 0.000238467 -0.000340642 0.999999940 1.565476894
0.999999940 0.000197982 0.000193890 0.041311376 -0.000197979 1.000000000 -0.000013541 -0.053377081 -0.000193893 0.000013503 1.000000000 1.768105149
0.999998748 -0.001060279 -0.001188198 0.057236638 0.001057607 0.999996901 -0.002247720 -0.034163922 0.001190578 0.002246461 0.999996722 1.959923267
0.999999285 -0.000849676 -0.000870507 0.058540605 0.000847928 0.999997616 -0.002005712 -0.042803790 0.000872209 0.002004972 0.999997616 2.161831141
0.999999404 -0.000855269 -0.000743743 0.064029783 0.000853736 0.999997497 -0.002059713 -0.047678396 0.000745503 0.002059076 0.999997616 2.381603241
0.999999106 -0.000963683 -0.000955180 0.071853191 0.000961838 0.999997675 -0.001930452 -0.057707459 0.000957038 0.001929531 0.999997675 2.601164818
0.999999583 -0.000620117 -0.000672797 0.069686562 0.000618851 0.999998033 -0.001881614 -0.062924348 0.000673963 0.001881197 0.999998033 2.830942154
0.999999344 -0.000922926 -0.000801896 0.073865101 0.000921390 0.999997735 -0.001914012 -0.068736896 0.000803661 0.001913271 0.999997914 3.065584660
0.999999046 -0.001246120 -0.000571555 0.074844442 0.001244702 0.999996245 -0.002473891 -0.068951599 0.000574636 0.002473178 0.999996781 3.310477734
0.999998987 -0.001058041 -0.000909570 0.087960325 0.001056043 0.999997020 -0.002193787 -0.077859581 0.000911888 0.002192824 0.999997139 3.554200649
0.999999046 -0.001117683 -0.000820118 0.086243264 0.001115856 0.999997020 -0.002223963 -0.086531766 0.000822601 0.002223046 0.999997199 3.807703495
0.999999702 -0.000716201 -0.000397226 0.083396941 0.000715416 0.999997795 -0.001972650 -0.094793588 0.000398638 0.001972365 0.999998033 4.070582867
0.999999583 -0.000926748 -0.000328320 0.088456057 0.000926214 0.999998271 -0.001622961 -0.105457276 0.000329824 0.001622656 0.999998629 4.317843914
0.999999762 -0.000728678 0.000045690 0.086318091 0.000728769 0.999997675 -0.002006636 -0.104452007 -0.000044227 0.002006669 0.999997914 4.577798843
0.999999642 -0.000876595 -0.000117125 0.095272556 0.000876385 0.999998033 -0.001780190 -0.114123866 0.000118685 0.001780087 0.999998391 4.832247257
0.999999225 -0.001247127 -0.000143424 0.103514254 0.001246877 0.999997735 -0.001725312 -0.123196058 0.000145575 0.001725132 0.999998510 5.093992710
0.999999642 -0.000824530 -0.000013492 0.102885924 0.000824507 0.999998331 -0.001650101 -0.132485673 0.000014852 0.001650089 0.999998569 5.354631901
0.999999821 -0.000719822 0.000265462 0.104114950 0.000720310 0.999998033 -0.001843581 -0.140084922 -0.000264134 0.001843771 0.999998271 5.617428780
0.999999464 -0.001019342 -0.000334069 0.113118164 0.001018816 0.999998212 -0.001571300 -0.150889918 0.000335670 0.001570959 0.999998748 5.885228157
0.999999702 -0.000826597 0.000034483 0.118140504 0.000826655 0.999998212 -0.001707615 -0.157099307 -0.000033071 0.001707643 0.999998569 6.164106369
0.999999702 -0.000591845 0.000426693 0.118547201 0.000592632 0.999998093 -0.001847308 -0.164499268 -0.000425599 0.001847561 0.999998212 6.439699650
0.999999285 -0.001073594 0.000510736 0.121484354 0.001074491 0.999997854 -0.001760895 -0.177532956 -0.000508844 0.001761443 0.999998331 6.729452610
0.999999821 -0.000623833 0.000296049 0.136362553 0.000624367 0.999998152 -0.001806826 -0.186666638 -0.000294921 0.001807010 0.999998331 7.008104801
0.999999523 -0.000898367 0.000381973 0.140838638 0.000898910 0.999998569 -0.001424327 -0.198243320 -0.000380693 0.001424669 0.999998927 7.311340809
0.999998987 -0.000724955 0.001154157 0.135055572 0.000727287 0.999997675 -0.002021663 -0.200639442 -0.001152689 0.002022501 0.999997258 7.630184650
0.999999523 -0.000326535 0.000834238 0.142866120 0.000327443 0.999999344 -0.001089087 -0.222737253 -0.000833881 0.001089360 0.999999046 7.943421364
0.999999642 -0.000335856 0.000793223 0.148571700 0.000337408 0.999998033 -0.001957702 -0.219158024 -0.000792564 0.001957969 0.999997735 8.261951447
0.999999225 -0.000648732 0.001065551 0.154304296 0.000650769 0.999997973 -0.001912722 -0.234840900 -0.001064308 0.001913414 0.999997616 8.580090523
0.999997973 -0.000037562 0.001969610 0.149701968 0.000040009 0.999999225 -0.001242368 -0.250986099 -0.001969562 0.001242444 0.999997258 8.909462929
0.999998212 -0.000023444 0.001838524 0.157339573 0.000025125 0.999999583 -0.000913949 -0.267670274 -0.001838501 0.000913994 0.999997854 9.245877266
0.999997318 0.000343040 0.002278045 0.157027453 -0.000341387 0.999999702 -0.000725797 -0.274369806 -0.002278293 0.000725018 0.999997199 9.599521637
0.999998093 -0.000124167 0.001938394 0.173950955 0.000126284 0.999999344 -0.001092205 -0.282552660 -0.001938257 0.001092448 0.999997556 9.933411598
0.999997914 0.000219888 0.002045300 0.175387695 -0.000217756 0.999999404 -0.001042269 -0.295636475 -0.002045528 0.001041822 0.999997377 10.280572891
0.999994457 0.000402501 0.003299741 0.158866018 -0.000400217 0.999999702 -0.000692789 -0.316961855 -0.003300018 0.000691465 0.999994338 10.627496719
0.999994397 0.000316717 0.003326875 0.169999778 -0.000314201 0.999999702 -0.000756745 -0.324862003 -0.003327113 0.000755695 0.999994218 10.990858078
0.999991655 0.000715953 0.004042702 0.168540865 -0.000711214 0.999999046 -0.001173521 -0.332506448 -0.004043538 0.001170635 0.999991179 11.377013206
0.999992192 0.000122135 0.003942488 0.183380455 -0.000119975 0.999999881 -0.000547992 -0.344107151 -0.003942554 0.000547515 0.999992132 11.749479294
0.999990463 0.000653649 0.004313867 0.180356011 -0.000650387 0.999999523 -0.000757582 -0.360188276 -0.004314360 0.000754769 0.999990344 12.120056152
0.999991655 0.001208622 0.003892237 0.195393398 -0.001204844 0.999998808 -0.000972989 -0.369514525 -0.003893408 0.000968291 0.999991953 12.515098572
0.999990821 0.000487498 0.004264213 0.201214448 -0.000484250 0.999999642 -0.000762704 -0.382447898 -0.004264583 0.000760632 0.999990642 12.911635399
0.999988616 0.000981549 0.004664455 0.205497265 -0.000979782 0.999999464 -0.000380928 -0.399010956 -0.004664827 0.000376353 0.999989033 13.300338745
0.999985576 0.001053751 0.005264996 0.212220311 -0.001051968 0.999999344 -0.000341321 -0.408843458 -0.005265353 0.000335777 0.999986053 13.718791962
0.999984145 0.000818977 0.005557332 0.218038082 -0.000816569 0.999999583 -0.000435441 -0.417970359 -0.005557686 0.000430897 0.999984443 14.125973701
0.999982417 0.001081500 0.005826982 0.227371797 -0.001079626 0.999999344 -0.000324838 -0.432784587 -0.005827330 0.000318542 0.999982953 14.547873497
0.999980867 0.000768272 0.006142746 0.237419516 -0.000767979 0.999999762 -0.000050134 -0.445893317 -0.006142783 0.000045416 0.999981105 14.974970818
0.999978304 0.001405367 0.006435141 0.251073718 -0.001405841 0.999998927 0.000069074 -0.466047198 -0.006435038 -0.000078119 0.999979317 15.395073891
0.999977052 0.000880898 0.006722396 0.264169514 -0.000880449 0.999999523 -0.000069605 -0.476403564 -0.006722454 0.000063684 0.999977410 15.841906548
0.999972999 0.001320126 0.007230136 0.274361372 -0.001321866 0.999999225 0.000235907 -0.493683189 -0.007229818 -0.000245458 0.999973774 16.272823334
0.999969780 0.001231485 0.007671489 0.284169614 -0.001231597 0.999999225 0.000009899 -0.506165683 -0.007671472 -0.000019346 0.999970496 16.719791412
0.999967098 0.001502000 0.007967733 0.292527765 -0.001506348 0.999998748 0.000539805 -0.521565855 -0.007966911 -0.000551789 0.999968052 17.175598145
0.999962389 0.002049601 0.008426168 0.301377475 -0.002053688 0.999997795 0.000476415 -0.532105327 -0.008425171 -0.000493702 0.999964297 17.645483017
0.999959946 0.001576019 0.008809575 0.314929605 -0.001578092 0.999998748 0.000228399 -0.544314861 -0.008809204 -0.000242292 0.999961138 18.100425720
0.999950588 0.001950915 0.009738924 0.317955196 -0.001956122 0.999997973 0.000525112 -0.556630135 -0.009737881 -0.000544137 0.999952435 18.539485931
0.999949455 0.002458622 0.009752373 0.334069371 -0.002460242 0.999997020 0.000154143 -0.567589045 -0.009751965 -0.000178128 0.999952435 19.014104843
0.999947429 0.001838243 0.010085813 0.353535771 -0.001837731 0.999998331 -0.000060006 -0.578775644 -0.010085907 0.000041468 0.999949157 19.497295380
0.999938786 0.002012026 0.010874692 0.357348084 -0.002007977 0.999997914 -0.000383252 -0.582717061 -0.010875441 0.000361392 0.999940753 19.988458633
0.999935329 0.002802604 0.011024348 0.351303816 -0.002810123 0.999995828 0.000666598 -0.616630077 -0.011022436 -0.000697534 0.999939024 20.466854095
0.999936044 0.002778591 0.010963297 0.364790916 -0.002782422 0.999996126 0.000334240 -0.623770416 -0.010962325 -0.000364723 0.999939859 20.966640472
0.999932289 0.003028231 0.011229898 0.372154385 -0.003021001 0.999995291 -0.000660623 -0.626887679 -0.011231844 0.000626653 0.999936759 21.478244781
0.999927759 0.003521704 0.011499889 0.358764678 -0.003521715 0.999993801 -0.000019321 -0.651621521 -0.011499887 -0.000021180 0.999933898 21.951133728
0.999939680 0.002912620 0.010591247 0.372884482 -0.002925151 0.999995053 0.001167790 -0.678841949 -0.010587792 -0.001198700 0.999943256 22.464847565
0.999948025 0.002813458 0.009807440 0.388344556 -0.002829241 0.999994755 0.001595866 -0.698109269 -0.009802899 -0.001623530 0.999950707 22.977668762
0.999949813 0.003588352 0.009354309 0.402887166 -0.003599562 0.999992847 0.001181849 -0.711431742 -0.009349999 -0.001215461 0.999955595 23.515213013
0.999955595 0.002364748 0.009114395 0.412138820 -0.002371295 0.999996901 0.000707524 -0.731535733 -0.009112694 -0.000729106 0.999958277 24.002222061
0.999956191 0.002952828 0.008884322 0.409316719 -0.002966207 0.999994457 0.001493104 -0.743238389 -0.008879864 -0.001519391 0.999959350 24.534887314
0.999952734 0.003729699 0.008978317 0.419311643 -0.003745224 0.999991477 0.001712989 -0.756679118 -0.008971852 -0.001746534 0.999958158 25.074890137
0.999946475 0.004403275 0.009367100 0.416060239 -0.004411119 0.999989927 0.000816844 -0.760366857 -0.009363409 -0.000858120 0.999955773 25.636032104
0.999961317 0.003592886 0.008017769 0.429436207 -0.003609042 0.999991477 0.002001440 -0.788515449 -0.008010509 -0.002030299 0.999965787 26.162357330
0.999967813 0.002473326 0.007617054 0.446267307 -0.002489838 0.999994576 0.002159026 -0.802689910 -0.007611672 -0.002177922 0.999968708 26.712772369
0.999966204 0.003296026 0.007524267 0.466535687 -0.003315398 0.999991238 0.002563565 -0.823428869 -0.007515750 -0.002588425 0.999968469 27.255222321
0.999960542 0.004049893 0.007905272 0.447305918 -0.004065576 0.999989808 0.001968945 -0.829181671 -0.007897217 -0.002001007 0.999966800 27.804246902
0.999956131 0.004777550 0.008057414 0.453616530 -0.004797008 0.999985695 0.002397317 -0.841440141 -0.008045845 -0.002435863 0.999964654 28.348138809
0.999960065 0.004646185 0.007625651 0.474118769 -0.004665853 0.999985814 0.002563613 -0.863750339 -0.007613630 -0.002599091 0.999967575 28.882471085
0.999959052 0.004815971 0.007663339 0.477023125 -0.004836524 0.999984682 0.002665786 -0.881646037 -0.007650385 -0.002702741 0.999967039 29.432764053
0.999958098 0.005114732 0.007591155 0.487981409 -0.005135340 0.999983191 0.002697766 -0.893425703 -0.007577230 -0.002736636 0.999967515 29.982791901
0.999958694 0.004254976 0.008034934 0.505641341 -0.004277669 0.999986887 0.002809177 -0.909261346 -0.008022876 -0.002843432 0.999963760 30.526334763
0.999954998 0.005364247 0.007823136 0.500964046 -0.005387807 0.999980986 0.002993690 -0.926991522 -0.007806928 -0.003035705 0.999964893 31.065956116
0.999954224 0.005567011 0.007770803 0.517691791 -0.005593520 0.999978602 0.003393805 -0.941187680 -0.007751743 -0.003437116 0.999964058 31.612211227
0.999952137 0.005385887 0.008163888 0.532385051 -0.005417557 0.999977827 0.003862003 -0.960027933 -0.008142907 -0.003906047 0.999959230 32.146202087
0.999955773 0.005602540 0.007556689 0.535612643 -0.005626819 0.999979079 0.003195607 -0.966597199 -0.007538628 -0.003237986 0.999966323 32.694469452
0.999949574 0.006011261 0.008050883 0.542560935 -0.006034920 0.999977589 0.002917737 -0.979071498 -0.008033163 -0.002966176 0.999963343 33.244297028
0.999947250 0.006465666 0.007986840 0.564855933 -0.006492661 0.999973297 0.003358806 -0.998293281 -0.007964910 -0.003410484 0.999962449 33.782974243
0.999954581 0.005867000 0.007511503 0.569104135 -0.005888071 0.999978781 0.002786149 -1.003435493 -0.007494997 -0.002830250 0.999967933 34.348140717
0.999941289 0.006968512 0.008303137 0.571837246 -0.006986508 0.999973297 0.002140309 -1.012486339 -0.008288001 -0.002198193 0.999963224 34.910331726
0.999947608 0.006424510 0.007969003 0.592593133 -0.006435480 0.999978423 0.001351821 -1.015617490 -0.007960146 -0.001403034 0.999967277 35.471664429
0.999951720 0.006379936 0.007472165 0.594976187 -0.006399451 0.999976158 0.002590657 -1.031607866 -0.007455459 -0.002638350 0.999968708 35.987537384
0.999952555 0.006234110 0.007486092 0.609670520 -0.006253915 0.999976993 0.002625208 -1.043373227 -0.007469554 -0.002671901 0.999968529 36.538734436
0.999949038 0.006266383 0.007904897 0.622993946 -0.006284168 0.999977708 0.002227041 -1.058593512 -0.007890765 -0.002276604 0.999966264 37.066509247
0.999948800 0.006577268 0.007683345 0.630409241 -0.006598093 0.999974608 0.002688289 -1.080921292 -0.007665468 -0.002738847 0.999966860 37.642456055
0.999945819 0.006856839 0.007824971 0.645727038 -0.006873157 0.999974191 0.002060580 -1.089644551 -0.007810640 -0.002114250 0.999967217 38.195350647
0.999954462 0.006111642 0.007330064 0.657426775 -0.006128510 0.999978542 0.002281037 -1.108329177 -0.007315966 -0.002325855 0.999970555 38.744728088
0.999956250 0.006493782 0.006735605 0.675679564 -0.006514823 0.999973953 0.003106600 -1.128406763 -0.006715255 -0.003150344 0.999972463 39.284275055
0.999960780 0.005881564 0.006639093 0.695145071 -0.005902492 0.999977648 0.003137018 -1.139084935 -0.006620494 -0.003176081 0.999972999 39.832660675
0.999960959 0.006286510 0.006217075 0.719958603 -0.006309300 0.999973476 0.003652862 -1.164736629 -0.006193945 -0.003691945 0.999974012 40.363090515
0.999959946 0.006276628 0.006387839 0.735833168 -0.006290963 0.999977708 0.002226602 -1.163013816 -0.006373720 -0.002266699 0.999977112 40.926010132
0.999955118 0.006423709 0.006959307 0.722008348 -0.006443273 0.999975324 0.002792637 -1.176911831 -0.006941195 -0.002837353 0.999971867 41.479663849
0.999959826 0.006362608 0.006306586 0.745010138 -0.006381567 0.999975145 0.002990636 -1.193355918 -0.006287402 -0.003030762 0.999975622 42.017257690
0.999957800 0.006247721 0.006739530 0.756328344 -0.006265954 0.999976695 0.002687631 -1.201349258 -0.006722582 -0.002729747 0.999973655 42.568367004
0.999950409 0.006681304 0.007380693 0.744844794 -0.006702891 0.999973416 0.002904058 -1.209833026 -0.007361093 -0.002953387 0.999968529 43.119506836
0.999950349 0.006965715 0.007132626 0.760843098 -0.006987873 0.999970794 0.003086505 -1.227538943 -0.007110919 -0.003136194 0.999969780 43.664501190
0.999956846 0.006286770 0.006850845 0.770289660 -0.006307145 0.999975741 0.002956523 -1.238919497 -0.006832091 -0.002999604 0.999972165 44.207939148
0.999949694 0.006514301 0.007622047 0.773938060 -0.006539072 0.999973416 0.003229616 -1.249176502 -0.007600804 -0.003279295 0.999965727 44.739528656
0.999953389 0.006178548 0.007413563 0.793177485 -0.006205231 0.999974310 0.003581638 -1.272112012 -0.007391243 -0.003627474 0.999966085 45.313323975
0.999945879 0.006832269 0.007852782 0.807220340 -0.006857485 0.999971330 0.003188617 -1.281947017 -0.007830772 -0.003242294 0.999964118 45.870273590
0.999953866 0.005920436 0.007561940 0.824561715 -0.005943852 0.999977529 0.003077936 -1.294180155 -0.007543548 -0.003122741 0.999966621 46.389476776
0.999952197 0.006497336 0.007304902 0.839449167 -0.006522398 0.999972999 0.003412413 -1.304748416 -0.007282532 -0.003459896 0.999967515 46.944847107
0.999958873 0.005928827 0.006865281 0.851921380 -0.005953367 0.999975920 0.003559491 -1.318373680 -0.006844013 -0.003600216 0.999970078 47.490287781
0.999948859 0.006638053 0.007621927 0.859512031 -0.006662227 0.999972820 0.003150599 -1.330700755 -0.007600806 -0.003201217 0.999965966 48.023571014
0.999959707 0.006248574 0.006442830 0.893021166 -0.006272096 0.999973714 0.003637102 -1.344227076 -0.006419933 -0.003677366 0.999972641 48.589752197
0.999958694 0.006292152 0.006558466 0.904165387 -0.006314647 0.999974251 0.003414853 -1.357193351 -0.006536811 -0.003456126 0.999972701 49.138694763
0.999962986 0.005763916 0.006395898 0.924154758 -0.005785194 0.999977708 0.003313212 -1.368139029 -0.006376659 -0.003350090 0.999974072 49.688278198
0.999975860 0.005008186 0.004818045 0.962801099 -0.005025437 0.999980927 0.003574951 -1.381858349 -0.004800051 -0.003599077 0.999981940 50.230987549
0.999972105 0.005626224 0.004913379 0.974598646 -0.005641537 0.999979317 0.003108253 -1.396251678 -0.004895790 -0.003135885 0.999983072 50.776683807
0.999968350 0.006023493 0.005200568 0.982304215 -0.006037383 0.999978244 0.002659208 -1.404062867 -0.005184437 -0.002690522 0.999982953 51.325710297
0.999982476 0.004979296 0.003194157 1.025526762 -0.004987823 0.999984026 0.002667192 -1.413896561 -0.003180825 -0.002683077 0.999991357 51.880966187
0.999983251 0.004616314 0.003492318 1.041730762 -0.004625318 0.999985993 0.002574770 -1.429375172 -0.003480384 -0.002590880 0.999990582 52.429740906
0.999984682 0.004429666 0.003304981 1.056880236 -0.004438742 0.999986410 0.002743795 -1.442973971 -0.003292781 -0.002758423 0.999990702 52.972969055
0.999983311 0.004650136 0.003442176 1.066795230 -0.004659675 0.999985337 0.002768251 -1.458256364 -0.003429253 -0.002784244 0.999990165 53.517524719
0.999976516 0.005414621 0.004207666 1.071122646 -0.005426924 0.999981105 0.002918157 -1.474181533 -0.004191786 -0.002940924 0.999986887 54.015007019
0.999989986 0.004017583 0.001938709 1.116352439 -0.004022434 0.999988794 0.002505214 -1.479623556 -0.001928623 -0.002512988 0.999994993 54.572799683
0.999991775 0.003744101 0.001515288 1.128906965 -0.003747185 0.999991000 0.002038138 -1.492821097 -0.001507643 -0.002043800 0.999996722 55.125553131
0.999992132 0.003512169 0.001827529 1.143817067 -0.003515759 0.999991894 0.001965030 -1.502226830 -0.001820613 -0.001971440 0.999996424 55.650524139
0.999992907 0.003635957 0.000903074 1.174110413 -0.003637584 0.999991715 0.001806656 -1.503877997 -0.000896498 -0.001809929 0.999997914 56.188755035
0.999993563 0.003387828 0.001139237 1.193402529 -0.003390751 0.999990940 0.002573457 -1.529898643 -0.001130508 -0.002577303 0.999996066 56.716449738
0.999992669 0.003722103 0.000912939 1.200373054 -0.003723927 0.999991119 0.002004418 -1.534744740 -0.000905471 -0.002007804 0.999997556 57.263595581
0.999994636 0.003195779 0.000661660 1.208558798 -0.003197035 0.999993086 0.001906116 -1.547549963 -0.000655563 -0.001908221 0.999997973 57.804031372
0.999996364 0.002692758 0.000238568 1.234823346 -0.002693099 0.999995291 0.001441310 -1.558828473 -0.000234687 -0.001441947 0.999998927 58.336433411
0.999995470 0.002943885 0.000701718 1.234325528 -0.002944659 0.999995053 0.001105256 -1.562334538 -0.000698460 -0.001107317 0.999999166 58.887802124
0.999993384 0.003548198 0.000805232 1.243314981 -0.003549123 0.999992967 0.001150895 -1.578824639 -0.000801141 -0.001153745 0.999999046 59.418773651
0.999994755 0.003246562 -0.000004205 1.270135522 -0.003246551 0.999993443 0.001593243 -1.604526401 0.000009378 -0.001593221 0.999998748 59.979820251
0.999995351 0.003038835 -0.000260163 1.286726475 -0.003038088 0.999991298 0.002823263 -1.625512600 0.000268739 -0.002822460 0.999995947 60.527359009
0.999993682 0.003572412 0.000042041 1.300984740 -0.003572501 0.999990821 0.002366110 -1.637947559 -0.000033589 -0.002366245 0.999997199 61.085002899
0.999993920 0.003411727 -0.000591674 1.310436845 -0.003410715 0.999992669 0.001703084 -1.646417737 0.000597479 -0.001701055 0.999998391 61.619640350
0.999993205 0.003625129 -0.000611297 1.317411900 -0.003624301 0.999992549 0.001349035 -1.658231497 0.000616184 -0.001346810 0.999998927 62.169685364
0.999994636 0.003234476 -0.000537518 1.335718393 -0.003233359 0.999992669 0.002065739 -1.678763866 0.000544195 -0.002063990 0.999997735 62.716976166
0.999994814 0.003092867 -0.000858548 1.347360134 -0.003090852 0.999992490 0.002338164 -1.696404576 0.000865775 -0.002335498 0.999996901 63.247425079
0.999993026 0.003690545 -0.000559725 1.355774760 -0.003689357 0.999990940 0.002108706 -1.712384582 0.000567503 -0.002106627 0.999997616 63.802467346
0.999993443 0.003648950 -0.000105906 1.348727345 -0.003648689 0.999990582 0.002363289 -1.729286909 0.000114529 -0.002362887 0.999997199 64.342987061
0.999993026 0.003559152 -0.001220633 1.378593445 -0.003556407 0.999991179 0.002243590 -1.740131736 0.001228608 -0.002239233 0.999996722 64.867881775
0.999994516 0.003270830 -0.000487158 1.380875349 -0.003269908 0.999992847 0.001882637 -1.750028014 0.000493312 -0.001881033 0.999998093 65.438140869
0.999994099 0.003407093 -0.000457747 1.392222404 -0.003406335 0.999992847 0.001646164 -1.759447694 0.000463352 -0.001644595 0.999998510 65.987220764
0.999994218 0.003238055 -0.001026836 1.401092291 -0.003236962 0.999994218 0.001064199 -1.766883612 0.001030276 -0.001060869 0.999998927 66.543472290
0.999993622 0.003317093 -0.001303444 1.419893503 -0.003315134 0.999993384 0.001502112 -1.789462924 0.001308416 -0.001497782 0.999997973 67.085609436
0.999992609 0.003487045 -0.001606841 1.439452171 -0.003484450 0.999992549 0.001614986 -1.797761083 0.001612458 -0.001609375 0.999997377 67.608169556
0.999994338 0.002928672 -0.001663707 1.456735730 -0.002925673 0.999994099 0.001802152 -1.817018151 0.001668974 -0.001797274 0.999996960 68.132888794
0.999991298 0.003822523 -0.001669222 1.465970874 -0.003820093 0.999991596 0.001456413 -1.834390044 0.001674775 -0.001450024 0.999997556 68.678825378
0.999993622 0.003236612 -0.001527768 1.475919724 -0.003235139 0.999994338 0.000965890 -1.834758639 0.001530886 -0.000960941 0.999998391 69.234931946
0.999991536 0.003984259 -0.000963110 1.469728589 -0.003982242 0.999989867 0.002087044 -1.870048046 0.000971415 -0.002083191 0.999997318 69.741386414
0.999993265 0.003468500 -0.001206256 1.483862162 -0.003466356 0.999992371 0.001775204 -1.879414678 0.001212403 -0.001771011 0.999997675 70.290596008
0.999991238 0.004066911 -0.000968885 1.488855124 -0.004065318 0.999990344 0.001638950 -1.886770248 0.000975542 -0.001634997 0.999998212 70.830101013
0.999988496 0.004499422 -0.001624362 1.511176944 -0.004496410 0.999988198 0.001853126 -1.907710791 0.001632680 -0.001845801 0.999996960 71.374313354
0.999989927 0.004178001 -0.001609775 1.524215937 -0.004175585 0.999990165 0.001501100 -1.920413733 0.001616031 -0.001494363 0.999997556 71.927734375
0.999989927 0.004016345 -0.001986992 1.535931826 -0.004013918 0.999991238 0.001223886 -1.936868787 0.001991889 -0.001215898 0.999997318 72.481819153
0.999989033 0.004414357 -0.001542803 1.529425144 -0.004410781 0.999987602 0.002312976 -1.960009098 0.001552994 -0.002306146 0.999996066 72.956993103
0.999990940 0.003844821 -0.001809131 1.541641951 -0.003840679 0.999989986 0.002287978 -1.972436428 0.001817909 -0.002281009 0.999995708 73.501403809
0.999990165 0.003486806 -0.002739315 1.561221361 -0.003479409 0.999990284 0.002700428 -1.989574909 0.002748704 -0.002690871 0.999992549 74.046310425
0.999989867 0.004088504 -0.001884758 1.563561082 -0.004083011 0.999987423 0.002908849 -2.002824306 0.001896629 -0.002901124 0.999993980 74.563545227
0.999992549 0.003569592 -0.001489427 1.570407391 -0.003565063 0.999989033 0.003032993 -2.018589497 0.001500238 -0.003027661 0.999994218 75.105766296
0.999992907 0.002917803 -0.002373516 1.593568444 -0.002909587 0.999989748 0.003457685 -2.037295103 0.002383580 -0.003450755 0.999991179 75.636207581
0.999991477 0.003354060 -0.002389302 1.604741931 -0.003347842 0.999991000 0.002601151 -2.041985273 0.002398005 -0.002593130 0.999993682 76.185890198
0.999991059 0.003569795 -0.002253611 1.613265872 -0.003563520 0.999989808 0.002782123 -2.058899641 0.002263519 -0.002774067 0.999993563 76.724685669
0.999992430 0.002522631 -0.002974469 1.634227037 -0.002515666 0.999994040 0.002342867 -2.069181919 0.002980360 -0.002335367 0.999992788 77.272247314
0.999992073 0.002904650 -0.002717860 1.630594015 -0.002898242 0.999993026 0.002358667 -2.084558010 0.002724692 -0.002350772 0.999993443 77.784683228
0.999992490 0.003155228 -0.002265208 1.637295961 -0.003149872 0.999992311 0.002364087 -2.097459793 0.002272650 -0.002356934 0.999994576 78.333564758
0.999993324 0.002767969 -0.002393482 1.655552506 -0.002762824 0.999993920 0.002150310 -2.106736660 0.002399420 -0.002143683 0.999994814 78.882164001
0.999992013 0.003072424 -0.002550416 1.658781648 -0.003066203 0.999992311 0.002439646 -2.128837109 0.002557892 -0.002431806 0.999993801 79.421623230
0.999990940 0.003088066 -0.002933052 1.673005104 -0.003081275 0.999992549 0.002316762 -2.143518448 0.002940186 -0.002307703 0.999993086 79.970069885
0.999992907 0.003188630 -0.002003670 1.683889151 -0.003184020 0.999992311 0.002299965 -2.156163454 0.002010987 -0.002293569 0.999995410 80.518707275
0.999991536 0.004047452 -0.000763884 1.695908546 -0.004045503 0.999988616 0.002536601 -2.169500113 0.000774142 -0.002533490 0.999996483 81.013114929
0.999992907 0.003770810 0.000213463 1.710104108 -0.003771306 0.999990106 0.002373253 -2.182341576 -0.000204512 -0.002374040 0.999997139 81.561759949
0.999991179 0.003664228 0.002018856 1.714884877 -0.003668973 0.999990642 0.002351769 -2.193601608 -0.002010219 -0.002359156 0.999995172 82.088539124
0.999977350 0.004043762 0.005376116 1.732864857 -0.004053222 0.999990344 0.001749922 -2.203340054 -0.005368987 -0.001771673 0.999984026 82.646911621
0.999955177 0.003741773 0.008694951 1.754456282 -0.003758333 0.999991179 0.001888989 -2.217477560 -0.008687806 -0.001921583 0.999960423 83.160163879
0.999928236 0.003577107 0.011434734 1.781186819 -0.003608028 0.999989927 0.002684684 -2.242810011 -0.011425016 -0.002725748 0.999931037 83.698036194
0.999860466 0.003283594 0.016378557 1.800711751 -0.003316880 0.999992490 0.002005535 -2.249819279 -0.016371850 -0.002059581 0.999863863 84.217506409
0.999763429 0.002673294 0.021585936 1.837393045 -0.002719767 0.999994040 0.002123869 -2.266895056 -0.021580134 -0.002182075 0.999764800 84.760887146
0.999628365 0.003021020 0.027090771 1.867040396 -0.003095418 0.999991477 0.002704733 -2.284750223 -0.027082372 -0.002787585 0.999629319 85.287864685
0.999443293 0.002662085 0.033261068 1.893677711 -0.002719762 0.999994814 0.001688935 -2.282613993 -0.033256404 -0.001778457 0.999445260 85.858299255
0.999111414 0.003827315 0.041972894 1.919378877 -0.003900702 0.999991000 0.001666689 -2.294142962 -0.041966133 -0.001828932 0.999117374 86.424148560
0.998787642 0.002997112 0.049136169 1.979395628 -0.003109019 0.999992788 0.002201223 -2.318203449 -0.049129214 -0.002351320 0.998789608 86.963569641
0.998387754 0.002411116 0.056710068 2.014825821 -0.002522477 0.999995053 0.001892204 -2.324504375 -0.056705225 -0.002032204 0.998388886 87.485366821
0.997864425 0.002174533 0.065282576 2.077315569 -0.002273639 0.999996364 0.001443861 -2.336205244 -0.065279193 -0.001589206 0.997865796 88.036987305
0.997100592 0.002316808 0.076059282 2.126573563 -0.002441227 0.999995828 0.001542876 -2.349778175 -0.076055400 -0.001724081 0.997102082 88.562255859
0.996434331 0.002013809 0.084348008 2.190693378 -0.002139972 0.999996781 0.001405356 -2.362083197 -0.084344901 -0.001580848 0.996435404 89.114242554
0.995747566 0.001534012 0.092111059 2.255599499 -0.001697572 0.999997139 0.001697360 -2.383594513 -0.092108190 -0.001846507 0.995747268 89.641410828
0.994646072 0.001450297 0.103330165 2.330579758 -0.001629026 0.999997318 0.001645326 -2.394530296 -0.103327505 -0.001804845 0.994645774 90.195419312
0.993469656 0.002175402 0.114075497 2.403673649 -0.002372113 0.999995947 0.001588680 -2.409092665 -0.114071578 -0.001848906 0.993470848 90.732322693
0.992429495 0.001096216 0.122810461 2.497425079 -0.001323249 0.999997556 0.001767098 -2.430246115 -0.122808211 -0.001916229 0.992428482 91.272064209
0.990981102 0.001513076 0.133993104 2.580488205 -0.001806219 0.999996305 0.002066220 -2.438991547 -0.133989453 -0.002289606 0.990980089 91.814781189
0.989374697 0.000540513 0.145387411 2.708752632 -0.000859612 0.999997377 0.002132003 -2.461890697 -0.145385861 -0.002234326 0.989372492 92.345886230
0.987677932 -0.000041079 0.156500146 2.802236557 -0.000306727 0.999997556 0.002198248 -2.475551367 -0.156499848 -0.002219164 0.987675488 92.883865356
0.985957444 0.000237607 0.166996896 2.908890724 -0.000564170 0.999998033 0.001908062 -2.487460136 -0.166996121 -0.001975482 0.985955596 93.429283142
0.983716249 -0.000358469 0.179727808 3.030702591 0.000000844 0.999998093 0.001989888 -2.494972229 -0.179728180 -0.001957333 0.983714342 93.964225769
0.981338501 -0.000622885 0.192287087 3.159322739 0.000194079 0.999997377 0.002248852 -2.518280745 -0.192287967 -0.002169566 0.981336117 94.513565063
0.979224861 -0.001302769 0.202773184 3.287679672 0.000905402 0.999997556 0.002052407 -2.528683186 -0.202775344 -0.001826177 0.979223549 95.044227600
0.976637125 -0.001369393 0.214890942 3.449234009 0.000857726 0.999996543 0.002474286 -2.545519352 -0.214893579 -0.002232162 0.976634860 95.534706116
0.973671794 -0.001206494 0.227951288 3.595026016 0.000543127 0.999995470 0.002972830 -2.571236610 -0.227953836 -0.002770754 0.973667920 96.056930542
0.970609963 -0.001022476 0.240655884 3.695875168 0.000378548 0.999996185 0.002721936 -2.578868628 -0.240657747 -0.002550839 0.970606625 96.645507812
0.967547059 -0.000734250 0.252689749 3.863948822 0.000072195 0.999996543 0.002629292 -2.598169327 -0.252690822 -0.002525721 0.967543781 97.173645020
0.964028120 -0.000595005 0.265799582 4.026239395 -0.000191946 0.999995649 0.002934707 -2.610472679 -0.265800148 -0.002880159 0.964023829 97.675842285
0.960310638 -0.000313191 0.278932869 4.183750153 -0.000583220 0.999994934 0.003130724 -2.620363235 -0.278932452 -0.003169147 0.960305393 98.176322937
0.956859529 -0.001540308 0.290546775 4.356969833 0.000568314 0.999993980 0.003429750 -2.643536806 -0.290550292 -0.003116667 0.956854641 98.746444702
0.952595770 -0.001723509 0.304233968 4.543479919 0.000755842 0.999994338 0.003298405 -2.651732445 -0.304237902 -0.002912095 0.952591598 99.265571594
0.948284388 -0.002929916 0.317408651 4.742326736 0.002003631 0.999992728 0.003244661 -2.669002771 -0.317415833 -0.002440891 0.948283374 99.755447388
0.944402158 -0.003665959 0.328772306 4.931015015 0.002584250 0.999989688 0.003727049 -2.681690693 -0.328782558 -0.002670203 0.944401801 100.255966187
0.939578116 -0.003924167 0.342311919 5.154079437 0.002836060 0.999989212 0.003679173 -2.710600853 -0.342322618 -0.002486053 0.939579129 100.797851562
0.934236348 -0.003423303 0.356637985 5.369649887 0.002337395 0.999991238 0.003475776 -2.723898411 -0.356646836 -0.002413593 0.934236109 101.304733276
0.929831386 -0.003866012 0.367965668 5.592100143 0.002811557 0.999990284 0.003401678 -2.731157541 -0.367975205 -0.002128431 0.929833114 101.806335449
0.924920440 -0.004459085 0.380134642 5.806629181 0.003357137 0.999988019 0.003561756 -2.749209404 -0.380145907 -0.002018177 0.924924314 102.293228149
0.918811560 -0.005938346 0.394651800 6.051750183 0.004959203 0.999981523 0.003500968 -2.755636692 -0.394665331 -0.001259571 0.918824077 102.808761597
0.913125157 -0.006216511 0.407631904 6.294841766 0.005207913 0.999979973 0.003583894 -2.766153336 -0.407646000 -0.001149632 0.913139343 103.305587769
0.908351600 -0.007158884 0.418145925 6.546466827 0.006388912 0.999974310 0.003241267 -2.777742386 -0.418158352 -0.000272713 0.908374071 103.779861450
0.901558518 -0.007113776 0.432598770 6.791923523 0.006233964 0.999974608 0.003451958 -2.787509918 -0.432612300 -0.000415337 0.901579916 104.292686462
0.895022154 -0.007778967 0.445954174 7.067516327 0.006703903 0.999969602 0.003988281 -2.805144548 -0.445971608 -0.000579966 0.895046949 104.772872925
0.889208972 -0.008476141 0.457422674 7.336784363 0.007718957 0.999963999 0.003524244 -2.817149878 -0.457436055 0.000397036 0.889242470 105.240402222
0.883183002 -0.008650370 0.468948603 7.585926056 0.007763586 0.999962568 0.003824251 -2.822108746 -0.468964100 0.000263210 0.883217156 105.728576660
0.876053810 -0.008436989 0.482139379 7.878063202 0.007786371 0.999964118 0.003350494 -2.828271151 -0.482150376 0.000818902 0.876088083 106.217567444
