1.000000000 0.000000000 0.000000000 0.000000000 0.000000000 1.000000000 0.000000000 0.000000000 0.000000000 0.000000000 1.000000000 0.000000000
1.000000000 0.000010348 0.000028250 0.000171290 -0.000010354 1.000000000 0.000190779 -0.001034073 -0.000028248 -0.000190779 1.000000000 0.000104990
1.000000000 -0.000027374 -0.000163678 0.001453618 0.000027388 1.000000000 0.000091040 -0.000840234 0.000163675 -0.000091045 1.000000000 -0.001225168
1.000000000 -0.000117328 -0.000057438 0.000647618 0.000117332 1.000000000 0.000069972 -0.000275663 0.000057430 -0.000069978 1.000000000 0.000668954
1.000000000 -0.000227307 -0.000079304 0.000329774 0.000227303 1.000000000 -0.000045400 0.000319335 0.000079315 0.000045382 1.000000000 -0.000611751
1.000000000 -0.000168701 -0.000034449 0.000151987 0.000168695 1.000000000 -0.000165805 0.001227175 0.000034477 0.000165799 1.000000000 -0.000090000
1.000000000 -0.000072918 -0.000029236 0.000917301 0.000072915 1.000000000 -0.000093724 0.000562616 0.000029243 0.000093722 1.000000000 -0.001024749
1.000000000 0.000052664 0.000067036 0.000093542 -0.000052661 1.000000000 -0.000055417 0.000649797 -0.000067039 0.000055413 1.000000000 -0.000294096
1.000000000 0.000108951 0.000029151 0.000437292 -0.000108950 1.000000000 -0.000032976 0.000493239 -0.000029155 0.000032972 1.000000000 -0.001241421
0.999999046 0.000894263 -0.001024414 0.006824752 -0.000894144 0.999999583 0.000116838 0.000918631 0.001024518 -0.000115921 0.999999464 0.000394524
0.999998987 0.000978340 -0.001007926 0.006716505 -0.000978241 0.999999523 0.000099063 0.000573641 0.001008023 -0.000098077 0.999999464 -0.000961603
0.999999106 0.000958629 -0.000934620 0.006088368 -0.000958628 0.999999523 0.000001271 0.001542084 0.000934621 -0.000000375 0.999999583 0.000094456
0.999999046 0.000898943 -0.001026089 0.006502461 -0.000898890 0.999999583 0.000051956 0.001076175 0.001026135 -0.000051033 0.999999464 -0.000749967
0.999998987 0.001004785 -0.000985055 0.006504209 -0.001004686 0.999999464 0.000101133 0.000714437 0.000985157 -0.000100143 0.999999523 -0.000886006
0.999999166 0.000847790 -0.000979491 0.006640178 -0.000847714 0.999999642 0.000078817 0.000870415 0.000979558 -0.000077986 0.999999523 -0.000827193
0.999999106 0.000779346 -0.001062075 0.007053931 -0.000779268 0.999999702 0.000074163 0.000472690 0.001062133 -0.000073335 0.999999404 -0.000918214
0.999999106 0.000905365 -0.000994204 0.006558080 -0.000905216 0.999999583 0.000150106 0.000442984 0.000994340 -0.000149206 0.999999464 -0.000393741
0.999998987 0.001007772 -0.000957335 0.005961765 -0.001007711 0.999999464 0.000063481 0.000497011 0.000957398 -0.000062516 0.999999523 -0.001367019
0.999999046 0.000862504 -0.001031098 0.006870566 -0.000862344 0.999999583 0.000155624 0.000411540 0.001031232 -0.000154735 0.999999464 -0.000708402
0.999998927 0.000802707 -0.001138982 0.007399125 -0.000802623 0.999999642 0.000074105 0.000904495 0.001139041 -0.000073191 0.999999344 -0.000377753
0.999999046 0.000965724 -0.000940054 0.005788084 -0.000965706 0.999999523 0.000020492 0.001476771 0.000940073 -0.000019585 0.999999583 0.000660448
0.999999046 0.000910509 -0.001036123 0.006513048 -0.000910598 0.999999583 -0.000085730 0.001682895 0.001036044 0.000086673 0.999999464 -0.000974887
0.999999166 0.000768482 -0.001009578 0.007151007 -0.000768461 0.999999702 0.000020963 0.001419226 0.001009594 -0.000020187 0.999999464 0.000220796
0.999998987 0.001121045 -0.000935365 0.006168913 -0.001120951 0.999999404 0.000100842 0.001003296 0.000935477 -0.000099793 0.999999583 -0.000422477
0.999999046 0.000916623 -0.001037223 0.007418371 -0.000916538 0.999999583 0.000082378 0.000991703 0.001037298 -0.000081427 0.999999464 -0.000835826
0.999998987 0.000863635 -0.001099020 0.007212634 -0.000863695 0.999999583 -0.000054313 0.001340710 0.001098973 0.000055262 0.999999404 -0.002448198
0.999998987 0.001022178 -0.000975976 0.006221995 -0.001022352 0.999999464 -0.000177547 0.002636095 0.000975794 0.000178545 0.999999464 0.000696502
0.999998927 0.001099503 -0.000937916 0.005859516 -0.001099399 0.999999404 0.000111673 0.001084686 0.000938038 -0.000110642 0.999999523 0.000363933
0.999998987 0.000969753 -0.001027380 0.005970502 -0.000969495 0.999999523 0.000251572 0.000315665 0.001027624 -0.000250575 0.999999464 0.000974473
0.999999046 0.000992024 -0.000991004 0.005853191 -0.000991977 0.999999523 0.000047747 0.001382430 0.000991051 -0.000046764 0.999999523 0.000473372
0.999998868 0.001217670 -0.000892189 0.005303569 -0.001217540 0.999999285 0.000146792 0.001177445 0.000892367 -0.000145706 0.999999583 -0.000069967
0.999998927 0.000969731 -0.001103212 0.006371099 -0.000969466 0.999999523 0.000240702 0.000476094 0.001103444 -0.000239632 0.999999344 -0.000188773
0.999998987 0.001113827 -0.000932327 0.005553027 -0.001113646 0.999999404 0.000194552 0.000368451 0.000932543 -0.000193513 0.999999523 -0.000299147
0.999999106 0.000865582 -0.000969031 0.006424048 -0.000865315 0.999999523 0.000275845 0.000123306 0.000969269 -0.000275007 0.999999523 0.000274327
0.999998927 0.001125828 -0.000978185 0.005789317 -0.001125781 0.999999404 0.000048950 0.001505036 0.000978240 -0.000047849 0.999999523 0.000459131
0.999999046 0.000931092 -0.000983360 0.006035877 -0.000931014 0.999999523 0.000080136 0.001038090 0.000983434 -0.000079220 0.999999523 0.000247165
0.999998987 0.000992295 -0.001014795 0.005783621 -0.000992180 0.999999523 0.000113920 0.001142077 0.001014908 -0.000112913 0.999999464 0.000808484
0.999998987 0.001120452 -0.000926718 0.005510929 -0.001120291 0.999999404 0.000173848 0.000595208 0.000926912 -0.000172809 0.999999583 0.000511194
0.999999106 0.000881235 -0.000968835 0.006627136 -0.000881195 0.999999583 0.000042371 0.001287340 0.000968872 -0.000041518 0.999999523 0.000141401
0.999999225 0.000915174 -0.000858139 0.005719650 -0.000915205 0.999999583 -0.000035691 0.001192571 0.000858106 0.000036477 0.999999642 0.001578047
0.999999166 0.000988782 -0.000863000 0.006452855 -0.000989189 0.999999404 -0.000471271 -0.001587667 0.000862534 0.000472124 0.999999523 0.051357135
1.000000000 -0.000222765 -0.000059481 0.004116664 0.000222694 0.999999285 -0.001187984 -0.004494916 0.000059745 0.001187971 0.999999285 0.138038188
0.999999046 0.000915304 -0.000976353 0.010825020 -0.000916366 0.999998927 -0.001087755 -0.010708499 0.000975356 0.001088649 0.999998927 0.247753412
0.999999404 0.000277887 -0.001086984 0.016195746 -0.000278941 0.999999464 -0.000969244 -0.016135424 0.001086714 0.000969546 0.999998927 0.377215832
0.999999464 0.000551891 -0.000917401 0.018055946 -0.000552963 0.999999285 -0.001169389 -0.019081000 0.000916755 0.001169896 0.999998868 0.516721189
0.999998868 0.000661607 -0.001372812 0.021465838 -0.000662861 0.999999344 -0.000913428 -0.025253695 0.001372207 0.000914336 0.999998629 0.668594420
0.999999285 0.000626294 -0.001011462 0.022316385 -0.000627192 0.999999344 -0.000887923 -0.026372377 0.001010906 0.000888556 0.999999106 0.837563455
0.999999285 0.000647378 -0.001041472 0.023837090 -0.000647876 0.999999642 -0.000477988 -0.034202039 0.001041162 0.000478662 0.999999285 0.998639882
0.999998629 0.001220390 -0.001129107 0.027054248 -0.001221210 0.999998927 -0.000725723 -0.035376638 0.001128221 0.000727101 0.999999106 1.172512412
0.999998927 0.000860886 -0.001176507 0.030824050 -0.000861928 0.999999225 -0.000886268 -0.037469335 0.001175743 0.000887281 0.999998927 1.362844944
0.999998510 0.001404974 -0.001001135 0.031747837 -0.001405486 0.999998927 -0.000510732 -0.045622546 0.001000416 0.000512138 0.999999404 1.552096605
0.999999106 0.000588770 -0.001196942 0.041882396 -0.000589511 0.999999642 -0.000618539 -0.043586586 0.001196577 0.000619244 0.999999106 1.758204818
0.999997854 0.001609304 -0.001302081 0.038600914 -0.001609690 0.999998689 -0.000295516 -0.053758226 0.001301604 0.000297611 0.999999106 1.944171309
0.999998748 0.001321463 -0.000879915 0.040032458 -0.001321570 0.999999225 -0.000121420 -0.058887709 0.000879754 0.000122583 0.999999583 2.155308962
0.999998450 0.001486705 -0.000899095 0.044612527 -0.001487043 0.999998868 -0.000376317 -0.062720180 0.000898535 0.000377654 0.999999523 2.378152370
0.999998629 0.001438900 -0.000782484 0.048732691 -0.001439105 0.999998927 -0.000261068 -0.070111752 0.000782108 0.000262193 0.999999702 2.594191551
0.999998450 0.001355635 -0.001073286 0.054911152 -0.001355737 0.999999106 -0.000094612 -0.083309941 0.001073157 0.000096067 0.999999344 2.823807955
0.999998391 0.001248441 -0.001229181 0.060889691 -0.001248252 0.999999166 0.000154316 -0.091504730 0.001229372 -0.000152781 0.999999225 3.056442022
0.999998510 0.001006653 -0.001395174 0.073352642 -0.001006315 0.999999583 0.000242409 -0.100788608 0.001395417 -0.000241004 0.999998987 3.293269396
0.999998569 0.001621961 -0.000535206 0.065124780 -0.001621691 0.999998629 0.000504615 -0.106657654 0.000536024 -0.000503746 0.999999702 3.537502527
0.999999464 0.000922160 -0.000521251 0.058751661 -0.000922057 0.999999583 0.000196806 -0.109222636 0.000521432 -0.000196325 0.999999821 3.811169624
0.999999583 0.000831158 -0.000439688 0.064230122 -0.000831185 0.999999702 -0.000062408 -0.113509081 0.000439637 0.000062774 0.999999881 4.080354691
0.999999166 0.001276673 -0.000379859 0.066091828 -0.001276555 0.999999225 0.000309441 -0.120879166 0.000380254 -0.000308956 0.999999881 4.332985878
0.999999762 0.000510155 -0.000408331 0.076667830 -0.000509948 0.999999762 0.000507016 -0.130751923 0.000408589 -0.000506807 0.999999762 4.592424870
0.999998331 0.001786815 0.000062063 0.072700508 -0.001786834 0.999998271 0.000312108 -0.136456490 -0.000061506 -0.000312219 0.999999940 4.840474606
0.999999166 0.001281040 0.000024471 0.081772998 -0.001281046 0.999999106 0.000258259 -0.144132257 -0.000024140 -0.000258290 0.999999940 5.108227253
0.999998569 0.001680006 0.000268765 0.078830034 -0.001680109 0.999998510 0.000382705 -0.148786455 -0.000268122 -0.000383156 0.999999881 5.366725445
0.999998093 0.001906160 -0.000126473 0.095348626 -0.001906146 0.999998093 0.000105939 -0.155493423 0.000126675 -0.000105698 0.999999940 5.647176743
0.999998629 0.001645814 0.000085731 0.093564160 -0.001645831 0.999998629 0.000200107 -0.162181795 -0.000085402 -0.000200248 0.999999940 5.888220310
0.999998569 0.001656156 -0.000339035 0.107411712 -0.001655920 0.999998391 0.000694315 -0.184316009 0.000340184 -0.000693753 0.999999702 6.176972866
0.999998987 0.001360412 -0.000334961 0.112903170 -0.001360113 0.999998748 0.000892182 -0.194150075 0.000336174 -0.000891726 0.999999583 6.458465576
0.999998152 0.001915589 -0.000295272 0.114992507 -0.001915378 0.999997973 0.000711331 -0.198972151 0.000296634 -0.000710764 0.999999702 6.749729633
0.999999642 0.000881796 0.000034474 0.119004704 -0.000881806 0.999999642 0.000308281 -0.198579282 -0.000034202 -0.000308311 1.000000000 7.063465118
0.999999225 0.001212954 -0.000038704 0.125963405 -0.001212916 0.999998808 0.000940484 -0.209889740 0.000039845 -0.000940437 0.999999583 7.343281269
0.999998569 0.001682793 0.000022195 0.130168274 -0.001682808 0.999998271 0.000674907 -0.225667596 -0.000021060 -0.000674944 0.999999762 7.663132191
0.999998093 0.001956069 0.000221920 0.132781282 -0.001956244 0.999997795 0.000794615 -0.235441223 -0.000220366 -0.000795047 0.999999702 7.978609562
0.999998033 0.001917144 0.000510624 0.139838904 -0.001917581 0.999997735 0.000856015 -0.242756799 -0.000508981 -0.000856992 0.999999523 8.293884277
0.999998808 0.001555382 -0.000011628 0.149959013 -0.001555372 0.999998391 0.000794200 -0.258285522 0.000012863 -0.000794181 0.999999702 8.615387917
0.999999344 0.001155408 -0.000138378 0.156446755 -0.001155210 0.999998271 0.001425163 -0.269856721 0.000140025 -0.001425002 0.999999046 8.954620361
0.999999702 0.000809484 0.000030631 0.164171740 -0.000809528 0.999998569 0.001476042 -0.282896847 -0.000029437 -0.001476066 0.999998927 9.284841537
0.999998569 0.001653546 0.000401879 0.167939648 -0.001654043 0.999997854 0.001240699 -0.290139854 -0.000399826 -0.001241361 0.999999166 9.628829002
0.999997973 0.001937024 0.000598824 0.171650097 -0.001937668 0.999997497 0.001075740 -0.299352497 -0.000596738 -0.001076898 0.999999225 9.978395462
0.999997437 0.002167141 0.000697795 0.181745067 -0.002168316 0.999996245 0.001687405 -0.317092597 -0.000694136 -0.001688914 0.999998391 10.337893486
0.999998510 0.001646190 0.000512292 0.186774924 -0.001646862 0.999997795 0.001314898 -0.320555329 -0.000510126 -0.001315739 0.999998987 10.678727150
0.999998152 0.001784012 0.000795508 0.190760970 -0.001784941 0.999997675 0.001168565 -0.327018261 -0.000793422 -0.001169983 0.999998987 11.053381920
0.999998271 0.001227470 0.001394021 0.195727527 -0.001229378 0.999998331 0.001368308 -0.340073824 -0.001392339 -0.001370020 0.999998033 11.419234276
0.999998868 0.001409088 0.000494712 0.210301861 -0.001409741 0.999998152 0.001322151 -0.350082368 -0.000492848 -0.001322847 0.999998987 11.817764282
0.999999106 0.001227476 0.000448357 0.221121982 -0.001228009 0.999998569 0.001190804 -0.361961067 -0.000446895 -0.001191353 0.999999166 12.206364632
0.999998271 0.001685868 0.000813843 0.230741620 -0.001687161 0.999997318 0.001590711 -0.378464550 -0.000811159 -0.001592082 0.999998391 12.587741852
0.999998212 0.001644267 0.000953023 0.238607258 -0.001646040 0.999996960 0.001862472 -0.389539450 -0.000949958 -0.001864038 0.999997795 12.977497101
0.999997199 0.002111241 0.001093965 0.238872185 -0.002112648 0.999996960 0.001286699 -0.396865308 -0.001091245 -0.001289007 0.999998569 13.394406319
0.999997318 0.001892640 0.001369737 0.247902066 -0.001894193 0.999997556 0.001133404 -0.406525940 -0.001367588 -0.001135995 0.999998391 13.805662155
0.999996960 0.002039014 0.001391844 0.257438689 -0.002041006 0.999996901 0.001431521 -0.415062487 -0.001388921 -0.001434358 0.999998033 14.227017403
0.999997973 0.001430760 0.001457274 0.267893761 -0.001432884 0.999997914 0.001457385 -0.429391384 -0.001455186 -0.001459470 0.999997914 14.658641815
0.999996901 0.001837584 0.001683612 0.278417617 -0.001840330 0.999996960 0.001630888 -0.440746784 -0.001680610 -0.001633981 0.999997258 15.083657265
0.999995887 0.002084311 0.001971778 0.287192196 -0.002087756 0.999996305 0.001746441 -0.453660905 -0.001968131 -0.001750551 0.999996543 15.520294189
0.999995351 0.001909195 0.002378912 0.296738774 -0.001913151 0.999996781 0.001661382 -0.466431618 -0.002375732 -0.001665925 0.999995708 15.964424133
0.999995351 0.001339344 0.002724685 0.305461943 -0.001343734 0.999997735 0.001610014 -0.474053681 -0.002722523 -0.001613667 0.999994993 16.404619217
0.999991298 0.002440650 0.003385037 0.316495210 -0.002445197 0.999996126 0.001339804 -0.483118117 -0.003381753 -0.001348070 0.999993384 16.848768234
0.999992609 0.001733152 0.003414931 0.323302686 -0.001738676 0.999997199 0.001615432 -0.501743793 -0.003412122 -0.001621358 0.999992847 17.313028336
0.999990582 0.002593423 0.003485264 0.331915945 -0.002596654 0.999996245 0.000922677 -0.506569564 -0.003482857 -0.000931718 0.999993563 17.784601212
0.999988675 0.002148875 0.004243690 0.341121107 -0.002153501 0.999997139 0.001085650 -0.520222783 -0.004241345 -0.001094776 0.999990404 18.255777359
0.999993086 0.001614403 0.003358248 0.377535403 -0.001621165 0.999996662 0.002011791 -0.542437077 -0.003354989 -0.002017221 0.999992311 18.686962128
0.999993265 0.001685182 0.003261575 0.391433001 -0.001692264 0.999996185 0.002169493 -0.557086885 -0.003257906 -0.002174997 0.999992311 19.161775589
0.999992430 0.001084161 0.003726003 0.406295955 -0.001093140 0.999996483 0.002408829 -0.568285942 -0.003723379 -0.002412884 0.999990106 19.650419235
0.999990404 0.002145683 0.003820142 0.406165421 -0.002152562 0.999996066 0.001797608 -0.571505189 -0.003816268 -0.001805814 0.999991059 20.120758057
0.999990404 0.002329031 0.003711260 0.416249603 -0.002334539 0.999996185 0.001480519 -0.580161035 -0.003707798 -0.001489169 0.999992013 20.618118286
0.999989688 0.002270963 0.003948609 0.422715962 -0.002276380 0.999996483 0.001367951 -0.588611960 -0.003945488 -0.001376925 0.999991238 21.129276276
0.999989629 0.002845147 0.003551718 0.419234693 -0.002851332 0.999994338 0.001737501 -0.610369503 -0.003546754 -0.001747610 0.999992192 21.605514526
0.999991179 0.002908720 0.003017766 0.432976216 -0.002915855 0.999992967 0.002362719 -0.628632247 -0.003010872 -0.002371497 0.999992669 22.110385895
0.999989271 0.003585215 0.002908351 0.443245739 -0.003590862 0.999991655 0.001938498 -0.636833251 -0.002901377 -0.001948921 0.999993861 22.626853943
0.999989986 0.003860728 0.002255697 0.456309140 -0.003865818 0.999989927 0.002256457 -0.656640768 -0.002246963 -0.002265155 0.999994934 23.143356323
0.999992371 0.003617318 0.001440958 0.470585853 -0.003621323 0.999989510 0.002786029 -0.679764152 -0.001430865 -0.002791226 0.999995112 23.662384033
0.999997973 0.001708213 0.001022969 0.474192351 -0.001709814 0.999997318 0.001566854 -0.683409870 -0.001020289 -0.001568600 0.999998212 24.180231094
0.999997437 0.002242760 0.000468567 0.488605857 -0.002243648 0.999995649 0.001901802 -0.694563270 -0.000464299 -0.001902848 0.999998093 24.725650787
0.999994457 0.003313114 -0.000351208 0.494613290 -0.003312642 0.999993622 0.001338488 -0.700279772 0.000355641 -0.001337317 0.999999046 25.272756577
0.999995351 0.002999442 -0.000593775 0.501866162 -0.002998456 0.999994099 0.001655141 -0.715210974 0.000598736 -0.001653353 0.999998450 25.814205170
0.999996126 0.002544653 -0.001129692 0.502478123 -0.002543022 0.999995708 0.001442762 -0.727536023 0.001133358 -0.001439883 0.999998331 26.350278854
0.999997139 0.001895254 -0.001468638 0.511482954 -0.001892370 0.999996305 0.001962141 -0.740262866 0.001472351 -0.001959357 0.999996960 26.904109955
0.999996543 0.002131661 -0.001569210 0.514742732 -0.002128281 0.999995410 0.002152444 -0.752533913 0.001573791 -0.002149097 0.999996483 27.457836151
0.999994457 0.002597184 -0.002093552 0.526693106 -0.002592710 0.999994338 0.002136908 -0.771537185 0.002099090 -0.002131469 0.999995470 27.988006592
0.999993145 0.002786511 -0.002466400 0.533784389 -0.002779915 0.999992609 0.002673653 -0.788099408 0.002473832 -0.002666778 0.999993384 28.532962799
0.999992490 0.003197686 -0.002216869 0.539283872 -0.003191610 0.999991119 0.002739234 -0.806345761 0.002225609 -0.002732138 0.999993801 29.061582565
0.999991059 0.003252313 -0.002690888 0.553283572 -0.003247249 0.999992967 0.001884310 -0.812759161 0.002696998 -0.001875554 0.999994516 29.616365433
0.999990284 0.003278859 -0.002966348 0.560165107 -0.003272955 0.999992728 0.001993203 -0.823781788 0.002972862 -0.001983474 0.999993563 30.167297363
0.999988317 0.003381293 -0.003454733 0.569913924 -0.003374244 0.999992192 0.002044227 -0.842696428 0.003461619 -0.002032545 0.999991953 30.721302032
0.999988139 0.003333337 -0.003592473 0.576326191 -0.003324532 0.999991477 0.002454219 -0.859417379 0.003600623 -0.002442247 0.999990523 31.262735367
0.999985754 0.003628243 -0.003941926 0.584661305 -0.003617535 0.999989808 0.002720318 -0.876188040 0.003951755 -0.002706019 0.999988496 31.805318832
0.999988556 0.002912493 -0.003815457 0.592054427 -0.002905125 0.999993920 0.001935261 -0.883079290 0.003821070 -0.001924154 0.999990821 32.354518890
0.999985933 0.002844475 -0.004471552 0.607330918 -0.002833770 0.999993086 0.002398371 -0.901056767 0.004478343 -0.002385666 0.999987125 32.904438019
0.999986291 0.002717246 -0.004479379 0.613552690 -0.002708844 0.999994516 0.001880622 -0.910433233 0.004484464 -0.001868462 0.999988198 33.464653015
0.999984562 0.002819189 -0.004776884 0.626157522 -0.002812715 0.999995112 0.001361328 -0.919148922 0.004780699 -0.001347871 0.999987662 34.018684387
0.999981403 0.003097520 -0.005249818 0.635828435 -0.003085547 0.999992609 0.002287223 -0.936712027 0.005256864 -0.002270982 0.999983609 34.533962250
0.999981344 0.003774236 -0.004810438 0.649969161 -0.003763922 0.999990582 0.002151251 -0.953712046 0.004818513 -0.002133104 0.999986112 35.072463989
0.999980867 0.002835486 -0.005504765 0.659791589 -0.002824972 0.999994099 0.001916889 -0.954681695 0.005510169 -0.001901301 0.999983013 35.636436462
0.999979615 0.002860870 -0.005707008 0.662697554 -0.002847374 0.999993145 0.002371479 -0.985357404 0.005713753 -0.002355181 0.999980927 36.166725159
0.999980509 0.002733221 -0.005607159 0.669567943 -0.002720364 0.999993682 0.002299342 -0.998247683 0.005613407 -0.002284044 0.999981642 36.721118927
0.999981463 0.003212755 -0.005171606 0.667043567 -0.003199389 0.999991536 0.002590606 -1.011920452 0.005179885 -0.002574012 0.999983251 37.263671875
0.999978840 0.003452977 -0.005502933 0.678615808 -0.003438473 0.999990642 0.002642958 -1.029609323 0.005512007 -0.002623980 0.999981344 37.806861877
0.999979854 0.003025040 -0.005575991 0.680586159 -0.003012864 0.999993086 0.002190735 -1.038081884 0.005582579 -0.002173891 0.999981999 38.348937988
0.999978960 0.003535661 -0.005433525 0.686577916 -0.003525574 0.999992073 0.001864803 -1.048588991 0.005440075 -0.001845607 0.999983490 38.895351410
0.999980271 0.003927333 -0.004898982 0.691010475 -0.003918953 0.999990821 0.001719021 -1.067269802 0.004905688 -0.001699788 0.999986529 39.435123444
0.999975383 0.004083451 -0.005699994 0.726526141 -0.004065420 0.999986768 0.003171385 -1.107924342 0.005712869 -0.003148134 0.999978662 39.963928223
0.999975920 0.003471243 -0.005997628 0.719951868 -0.003452410 0.999989092 0.003147447 -1.110648751 0.006008488 -0.003126665 0.999977052 40.506011963
0.999978065 0.002804372 -0.006002916 0.729495347 -0.002787953 0.999992311 0.002741717 -1.117981672 0.006010560 -0.002724920 0.999978185 41.057498932
0.999975741 0.003699204 -0.005891475 0.733279705 -0.003685844 0.999990582 0.002276945 -1.122692466 0.005899841 -0.002255175 0.999980032 41.597988129
0.999975502 0.003737683 -0.005922051 0.736434102 -0.003723272 0.999990225 0.002442503 -1.139270902 0.005931122 -0.002420394 0.999979436 42.141750336
0.999972165 0.004993271 -0.005546663 0.736008406 -0.004978796 0.999984264 0.002620354 -1.152853012 0.005559660 -0.002592665 0.999981165 42.686721802
0.999970138 0.004991916 -0.005913873 0.750929773 -0.004974741 0.999983490 0.002915356 -1.171202660 0.005928328 -0.002885849 0.999978244 43.236701965
0.999973834 0.004083626 -0.005964795 0.754263282 -0.004067549 0.999988079 0.002705223 -1.185445309 0.005975771 -0.002680890 0.999978542 43.777801514
0.999977708 0.003820116 -0.005471688 0.756250143 -0.003804978 0.999988973 0.002774310 -1.197316051 0.005482227 -0.002753428 0.999981165 44.321033478
0.999974489 0.004594648 -0.005469440 0.766850591 -0.004581953 0.999986827 0.002331420 -1.211042523 0.005480079 -0.002306299 0.999982357 44.855129242
0.999976158 0.003652497 -0.005865026 0.781460524 -0.003639944 0.999991000 0.002149459 -1.212305427 0.005872824 -0.002128059 0.999980509 45.411666870
0.999979615 0.003250539 -0.005510286 0.786538601 -0.003238571 0.999992430 0.002179524 -1.226921320 0.005517329 -0.002161634 0.999982417 45.955905914
0.999976635 0.002740512 -0.006262129 0.804362416 -0.002726078 0.999993622 0.002312481 -1.240008831 0.006268427 -0.002295356 0.999977708 46.475627899
0.999973476 0.003592175 -0.006337199 0.818253517 -0.003573130 0.999989212 0.003013927 -1.263061285 0.006347956 -0.002991204 0.999975383 47.031143188
0.999972939 0.003567411 -0.006433088 0.823609352 -0.003548939 0.999989569 0.002880489 -1.275648236 0.006443296 -0.002857581 0.999975204 47.569190979
0.999973416 0.003518565 -0.006389587 0.833702326 -0.003501020 0.999990106 0.002754894 -1.289843321 0.006399217 -0.002732451 0.999975860 48.121952057
0.999972641 0.003890129 -0.006279813 0.839753091 -0.003870963 0.999987841 0.003061295 -1.300315380 0.006291645 -0.003036902 0.999975622 48.658329010
0.999973416 0.003470166 -0.006412979 0.849613667 -0.003448849 0.999988496 0.003332148 -1.319786072 0.006424468 -0.003309942 0.999973893 49.191661835
0.999976099 0.002820176 -0.006306551 0.863338590 -0.002799157 0.999990582 0.003339244 -1.335560799 0.006315909 -0.003321512 0.999974549 49.733444214
0.999974549 0.003084273 -0.006427963 0.864079237 -0.003066341 0.999991357 0.002797706 -1.337654233 0.006436537 -0.002777924 0.999975443 50.286334991
0.999972641 0.003250928 -0.006637935 0.871084690 -0.003235902 0.999992132 0.002273114 -1.348587990 0.006645273 -0.002251573 0.999975383 50.828071594
0.999973357 0.003713733 -0.006289912 0.873737097 -0.003701303 0.999991179 0.001986624 -1.363166094 0.006297234 -0.001963290 0.999978244 51.377555847
0.999975204 0.003209390 -0.006272923 0.875983238 -0.003194298 0.999991953 0.002414225 -1.375344515 0.006280621 -0.002394127 0.999977410 51.909076691
0.999975920 0.003601659 -0.005933488 0.887587905 -0.003580842 0.999987364 0.003515368 -1.400754213 0.005946075 -0.003494037 0.999976218 52.449634552
0.999976218 0.002882264 -0.006266908 0.892669380 -0.002866244 0.999992549 0.002563794 -1.406232238 0.006274251 -0.002545770 0.999977052 52.985607147
0.999976456 0.003084917 -0.006125986 0.894476593 -0.003067693 0.999991238 0.002819011 -1.426788807 0.006134629 -0.002800152 0.999977291 53.509708405
0.999975085 0.003601326 -0.006057426 0.900901556 -0.003584994 0.999989867 0.002704886 -1.440068722 0.006067107 -0.002683103 0.999978006 54.049205780
0.999976933 0.003273208 -0.005944951 0.902653694 -0.003255989 0.999990523 0.002903726 -1.458881140 0.005954399 -0.002884302 0.999978125 54.592323303
0.999975383 0.003766677 -0.005907821 0.913452923 -0.003750102 0.999989033 0.002814256 -1.471297503 0.005918358 -0.002792032 0.999978602 55.135208130
0.999977231 0.003253714 -0.005907972 0.922961771 -0.003239139 0.999991715 0.002474842 -1.480229020 0.005915976 -0.002455649 0.999979436 55.662578583
0.999975383 0.002532686 -0.006544531 0.933155954 -0.002515907 0.999993503 0.002570875 -1.493471384 0.006551000 -0.002554345 0.999975264 56.196735382
0.999976695 0.002966836 -0.006162554 0.942915976 -0.002949439 0.999991655 0.002830179 -1.512079716 0.006170898 -0.002811936 0.999976993 56.730022430
0.999975383 0.003720901 -0.005936247 0.943471253 -0.003704663 0.999989390 0.002744139 -1.526196122 0.005946396 -0.002722080 0.999978602 57.265911102
0.999974251 0.003482245 -0.006266264 0.954359412 -0.003466124 0.999990702 0.002581636 -1.541198969 0.006275197 -0.002559850 0.999976993 57.811412811
0.999969900 0.003431214 -0.006951270 0.961955369 -0.003413157 0.999990821 0.002607824 -1.552971005 0.006960154 -0.002584020 0.999972403 58.365669250
0.999978840 0.003662728 -0.005376121 0.954860747 -0.003652599 0.999991536 0.001892410 -1.555045724 0.005383007 -0.001872734 0.999983788 58.876300812
0.999979258 0.003324555 -0.005518562 0.964892268 -0.003316527 0.999993443 0.001463243 -1.568406105 0.005523391 -0.001444910 0.999983788 59.422515869
0.999978125 0.003606504 -0.005546902 0.975017071 -0.003593861 0.999990940 0.002287482 -1.585454583 0.005555101 -0.002267497 0.999981999 59.953823090
0.999976814 0.003379203 -0.005918380 0.983359098 -0.003364705 0.999991357 0.002458023 -1.599179149 0.005926634 -0.002438053 0.999979436 60.504997253
0.999979734 0.003686312 -0.005191025 0.980890989 -0.003676119 0.999991417 0.001971628 -1.614610791 0.005198250 -0.001952505 0.999984562 61.018951416
0.999981463 0.003755258 -0.004799109 0.987194002 -0.003746890 0.999991477 0.001751392 -1.626729846 0.004805647 -0.001733378 0.999986887 61.562110901
0.999977291 0.003918823 -0.005477675 1.004766703 -0.003908006 0.999990404 0.001983985 -1.638848305 0.005485398 -0.001962533 0.999983013 62.096214294
0.999976337 0.004446015 -0.005244937 1.007563353 -0.004436423 0.999988496 0.001839154 -1.653596997 0.005253053 -0.001815842 0.999984503 62.648979187
0.999978244 0.003844664 -0.005365354 1.017199159 -0.003832720 0.999990165 0.002234653 -1.666933298 0.005373892 -0.002214041 0.999983132 63.170036316
0.999977291 0.004159088 -0.005305232 1.024133921 -0.004147212 0.999988854 0.002247583 -1.685157537 0.005314521 -0.002225531 0.999983370 63.708160400
0.999979794 0.003581037 -0.005260401 1.034102440 -0.003567529 0.999990344 0.002574986 -1.696695328 0.005269573 -0.002556167 0.999982834 64.268524170
0.999979675 0.003921130 -0.005031604 1.036943674 -0.003910437 0.999990046 0.002133119 -1.708721638 0.005039917 -0.002113399 0.999985039 64.776992798
0.999980092 0.003717768 -0.005097946 1.047465801 -0.003707006 0.999990880 0.002118842 -1.724945545 0.005105776 -0.002099902 0.999984741 65.316513062
0.999981403 0.003639398 -0.004889080 1.056000829 -0.003632111 0.999992311 0.001498478 -1.732736945 0.004894495 -0.001480692 0.999986947 65.869277954
0.999980450 0.003885804 -0.004899300 1.056691170 -0.003875124 0.999990046 0.002187556 -1.756943464 0.004907751 -0.002168528 0.999985576 66.387298584
0.999979317 0.004306471 -0.004781670 1.068707943 -0.004294152 0.999987423 0.002583450 -1.772518396 0.004792737 -0.002562864 0.999985218 66.928382874
0.999983788 0.003691891 -0.004340534 1.074147224 -0.003677980 0.999988079 0.003208640 -1.791619182 0.004352328 -0.003192624 0.999985397 67.469001770
0.999978602 0.004466323 -0.004782611 1.082210541 -0.004454080 0.999986708 0.002567553 -1.804839611 0.004794014 -0.002546196 0.999985278 67.994987488
0.999979079 0.004595393 -0.004552475 1.086462975 -0.004583966 0.999986351 0.002517598 -1.818618774 0.004563982 -0.002496677 0.999986470 68.527122498
0.999978483 0.004360542 -0.004900691 1.097043514 -0.004350035 0.999988198 0.002152640 -1.827361822 0.004910021 -0.002131276 0.999985695 69.056167603
0.999980509 0.004331650 -0.004478331 1.103513479 -0.004321791 0.999988198 0.002208711 -1.838877797 0.004487845 -0.002189314 0.999987483 69.602668762
0.999981165 0.004384528 -0.004282771 1.112150908 -0.004375492 0.999988139 0.002116637 -1.850713730 0.004292001 -0.002097858 0.999988556 70.155342102
0.999981523 0.004281518 -0.004321808 1.117375374 -0.004271456 0.999988139 0.002334614 -1.867537260 0.004331752 -0.002316110 0.999987960 70.674804688
0.999981105 0.004319611 -0.004374028 1.127365112 -0.004309959 0.999988258 0.002213718 -1.881471872 0.004383539 -0.002194824 0.999987900 71.211868286
0.999980927 0.004654467 -0.004056282 1.133201957 -0.004645217 0.999986589 0.002286801 -1.895624399 0.004066872 -0.002267916 0.999989152 71.760421753
0.999981225 0.004541098 -0.004110900 1.134824514 -0.004530491 0.999986351 0.002585463 -1.912942767 0.004122585 -0.002566789 0.999988198 72.267272949
0.999980748 0.004680586 -0.004079695 1.142990589 -0.004671400 0.999986529 0.002257968 -1.926701903 0.004090209 -0.002238867 0.999989152 72.790206909
0.999982238 0.004682492 -0.003706584 1.150273800 -0.004675439 0.999987185 0.001909334 -1.933233142 0.003715477 -0.001891971 0.999991357 73.335548401
0.999981523 0.004112362 -0.004477485 1.161238074 -0.004101687 0.999988675 0.002390868 -1.953771114 0.004487267 -0.002372459 0.999987125 73.861907959
0.999981046 0.004155851 -0.004528693 1.172378659 -0.004143553 0.999987721 0.002721717 -1.968865514 0.004539949 -0.002702901 0.999986053 74.390396118
0.999980509 0.004487703 -0.004328127 1.177137375 -0.004476548 0.999986649 0.002583499 -1.981453538 0.004339662 -0.002564074 0.999987245 74.932991028
0.999982893 0.003784676 -0.004484465 1.188013673 -0.003774747 0.999990404 0.002220665 -1.992198586 0.004492826 -0.002203699 0.999987483 75.466865540
0.999981761 0.004292695 -0.004254974 1.191802025 -0.004281515 0.999987423 0.002633187 -2.010890484 0.004266224 -0.002614922 0.999987483 75.999519348
0.999974310 0.004698430 -0.005413841 1.211431980 -0.004683900 0.999985397 0.002693444 -2.032482862 0.005426417 -0.002668017 0.999981701 76.520683289
0.999982357 0.004136889 -0.004250071 1.214609146 -0.004127268 0.999988914 0.002269947 -2.035336494 0.004259415 -0.002252367 0.999988377 77.075355530
0.999980986 0.002895111 -0.005435302 1.228934646 -0.002882583 0.999993145 0.002311329 -2.050389290 0.005441956 -0.002295617 0.999982595 77.607772827
0.999982476 0.003938429 -0.004421015 1.224380732 -0.003928719 0.999989867 0.002202867 -2.063755512 0.004429646 -0.002185459 0.999987781 78.159774780
0.999980390 0.004290133 -0.004563328 1.228847980 -0.004279222 0.999988019 0.002398115 -2.078356743 0.004573561 -0.002378540 0.999986708 78.681388855
0.999984503 0.003807770 -0.004083836 1.237033844 -0.003797345 0.999989510 0.002557519 -2.096635103 0.004093532 -0.002541972 0.999988317 79.231147766
0.999984920 0.003824450 -0.003939291 1.248465896 -0.003814769 0.999989688 0.002462283 -2.110750675 0.003948667 -0.002447219 0.999989212 79.765296936
0.999987364 0.004068224 -0.002945399 1.257873654 -0.004060600 0.999988377 0.002589534 -2.124965191 0.002955901 -0.002577541 0.999992251 80.322067261
0.999989629 0.004248086 -0.001635071 1.267333269 -0.004243512 0.999987125 0.002791024 -2.143168688 0.001646908 -0.002784057 0.999994755 80.861549377
0.999990523 0.004332485 -0.000488589 1.279739141 -0.004331300 0.999987841 0.002399924 -2.153350830 0.000498980 -0.002397785 0.999997020 81.411972046
0.999990344 0.004332374 0.000731574 1.293129206 -0.004334346 0.999986947 0.002713936 -2.172668934 -0.000719806 -0.002717081 0.999996066 81.937187195
0.999980927 0.004521892 0.004211883 1.311893463 -0.004532547 0.999986529 0.002523755 -2.183927536 -0.004200414 -0.002542798 0.999987960 82.491378784
0.999961853 0.004396132 0.007553989 1.336554527 -0.004417151 0.999986410 0.002768000 -2.198850155 -0.007541718 -0.002801262 0.999967635 83.030212402
0.999933660 0.003858242 0.010851946 1.351182938 -0.003889714 0.999988198 0.002880570 -2.217873573 -0.010840705 -0.002922589 0.999936938 83.572105408
0.999859929 0.004094362 0.016229006 1.366141200 -0.004140248 0.999987483 0.002794848 -2.231102943 -0.016217360 -0.002861649 0.999864399 84.124755859
0.999739110 0.005146888 0.022249803 1.393878818 -0.005199017 0.999983788 0.002285664 -2.240290642 -0.022237677 -0.002400745 0.999749780 84.671958923
0.999619603 0.005025225 0.027116476 1.434560418 -0.005104149 0.999982893 0.002842127 -2.262106180 -0.027101729 -0.002979452 0.999628246 85.195007324
0.999454260 0.003813159 0.032807916 1.470132709 -0.003908965 0.999988258 0.002856581 -2.275738239 -0.032796636 -0.002983268 0.999457598 85.769416809
0.999156773 0.003763958 0.040884480 1.502686739 -0.003863177 0.999989808 0.002348063 -2.280390263 -0.040875223 -0.002504027 0.999161124 86.330947876
0.998806834 0.003104130 0.048735894 1.550795555 -0.003246158 0.999990761 0.002835375 -2.300646067 -0.048726633 -0.002990196 0.998807669 86.884727478
0.998415351 0.003205652 0.056184556 1.595645666 -0.003392836 0.999988973 0.003236514 -2.318546057 -0.056173567 -0.003422010 0.998415112 87.433723450
0.997809172 0.002899306 0.066093825 1.642429352 -0.003131600 0.999989271 0.003411279 -2.328026056 -0.066083215 -0.003610784 0.997807562 87.982872009
0.997171164 0.003400555 0.075087167 1.714465141 -0.003583565 0.999990940 0.002302703 -2.336771727 -0.075078636 -0.002565269 0.997174442 88.546318054
0.996398866 0.003260318 0.084727511 1.766541481 -0.003434438 0.999992311 0.001909380 -2.340668201 -0.084720641 -0.002193496 0.996402323 89.099800110
0.995792449 0.002542320 0.091602296 1.838821411 -0.002797794 0.999992669 0.002660644 -2.369976759 -0.091594845 -0.002905734 0.995792091 89.659477234
0.994723260 0.002480819 0.102564044 1.911953926 -0.002759373 0.999992847 0.002574107 -2.380193949 -0.102556936 -0.002843537 0.994723082 90.214324951
0.993557215 0.002083067 0.113311872 1.989263535 -0.002376104 0.999994159 0.002451108 -2.389564514 -0.113306105 -0.002704557 0.993556499 90.762405396
0.992469132 0.002325689 0.122473836 2.082954407 -0.002620727 0.999994040 0.002247947 -2.406461954 -0.122467898 -0.002551988 0.992469132 91.339912415
0.991023481 0.002185405 0.133670047 2.176273346 -0.002536021 0.999993801 0.002452800 -2.416780233 -0.133663863 -0.002769772 0.991022766 91.900268555
0.989318430 0.002011690 0.145756707 2.272444725 -0.002376506 0.999994457 0.002328827 -2.430898905 -0.145751208 -0.002650343 0.989317656 92.435783386
0.987721860 0.001169361 0.156218350 2.386542320 -0.001515376 0.999996603 0.002095865 -2.438956738 -0.156215385 -0.002306861 0.987720311 92.987342834
0.985919237 0.001146410 0.167218164 2.488210678 -0.001525506 0.999996483 0.002138643 -2.454041719 -0.167215154 -0.002363621 0.985917628 93.530044556
0.983693659 0.000905012 0.179850161 2.618621826 -0.001421308 0.999995172 0.002741866 -2.475033522 -0.179846823 -0.002952779 0.983690202 94.049392700
0.981225312 0.000700218 0.192864403 2.716251373 -0.001256831 0.999995351 0.002763700 -2.504447937 -0.192861587 -0.002954210 0.981221557 94.586982727
0.979174018 0.000602581 0.203021973 2.863672256 -0.001202909 0.999995291 0.002833580 -2.497986794 -0.203019321 -0.003018785 0.979170024 95.170623779
0.976338804 0.000803860 0.216245458 3.008274078 -0.001467643 0.999994695 0.002909011 -2.515948772 -0.216241971 -0.003157551 0.976334631 95.700798035
0.973199427 0.000577896 0.229962543 3.158767700 -0.001324528 0.999994397 0.003092405 -2.529944181 -0.229959458 -0.003314118 0.973194599 96.229751587
0.970604837 0.000799428 0.240677342 3.306251526 -0.001584843 0.999994159 0.003069808 -2.543582439 -0.240673468 -0.003361007 0.970600247 96.787826538
0.967573643 -0.000364030 0.252588660 3.470954895 -0.000202359 0.999997497 0.002216356 -2.553112745 -0.252588779 -0.002195601 0.967571199 97.317855835
0.963777781 0.000827398 0.266705304 3.637111664 -0.001582728 0.999995291 0.002617136 -2.562247276 -0.266701877 -0.002944459 0.963774562 97.851470947
0.960178912 -0.000130323 0.279385597 3.803215027 -0.000625444 0.999996364 0.002615955 -2.573253393 -0.279384881 -0.002686525 0.960175455 98.388809204
0.957028329 -0.000848644 0.289993107 3.994281769 0.000125150 0.999996841 0.002513400 -2.580683231 -0.289994329 -0.002369103 0.957025409 98.908813477
0.952723503 -0.001009711 0.303836912 4.179609299 0.000208579 0.999996364 0.002669160 -2.595475435 -0.303838491 -0.002479598 0.952720284 99.431632996
0.948426187 -0.000618541 0.316997439 4.390064240 -0.000346409 0.999995410 0.002987664 -2.617548466 -0.316997856 -0.002943391 0.948421717 99.924949646
0.944295526 -0.001979424 0.329092801 4.567287445 0.001029513 0.999994814 0.003060682 -2.633265734 -0.329097152 -0.002551382 0.944292605 100.478950500
0.939321518 -0.001366708 0.343035251 4.772903442 0.000461277 0.999996245 0.002721049 -2.643048048 -0.343037665 -0.002397705 0.939318538 101.012619019
0.934057534 -0.001372532 0.357119709 4.997987747 0.000429560 0.999996185 0.002719797 -2.653445005 -0.357122123 -0.002387044 0.934054613 101.530448914
0.929527104 -0.001512295 0.368750691 5.224283218 0.000617250 0.999996543 0.002545186 -2.662870646 -0.368753284 -0.002138208 0.929524839 102.033958435
0.924709320 -0.003471517 0.380658120 5.459676743 0.002660033 0.999992847 0.002657857 -2.691466093 -0.380664617 -0.001445182 0.924712062 102.574478149
0.918630064 -0.002859135 0.395108491 5.683536530 0.001833610 0.999993861 0.002973129 -2.706967115 -0.395114601 -0.002006731 0.918629706 103.060432434
0.913320720 -0.004089285 0.407220572 5.945156097 0.003336309 0.999991119 0.002559127 -2.711125851 -0.407227457 -0.000978690 0.913326263 103.563430786
0.907996058 -0.004282967 0.418956846 6.212039948 0.003483384 0.999990344 0.002673369 -2.731603384 -0.418964297 -0.000968021 0.908002198 104.092300415
0.901611567 -0.004671417 0.432521611 6.469993591 0.003912460 0.999988914 0.002644600 -2.744717121 -0.432529181 -0.000692178 0.901619673 104.577194214
0.895138323 -0.005198062 0.445758283 6.734939575 0.004406225 0.999986351 0.002812755 -2.753591061 -0.445766807 -0.000553693 0.895148993 105.055450439
0.889717758 -0.006408061 0.456465989 7.043972015 0.005525556 0.999979377 0.003268027 -2.775661469 -0.456477463 -0.000385393 0.889734983 105.565368652
0.883923829 -0.006856382 0.467580616 7.316425323 0.006114786 0.999976516 0.003103669 -2.785350800 -0.467590868 0.000115748 0.883944988 106.041763306
0.876904964 -0.006754659 0.480616361 7.604900360 0.005852906 0.999977171 0.003374965 -2.803850651 -0.480628192 -0.000146521 0.876924515 106.517944336
0.869792044 -0.007398732 0.493363023 7.897663116 0.006640376 0.999972522 0.003289223 -2.814243078 -0.493373811 0.000415176 0.869817317 106.968849182
0.863755584 -0.008006034 0.503847539 8.202262878 0.007457793 0.999967396 0.003104239 -2.824115038 -0.503855944 0.001076287 0.863787055 107.452606201
