1.000000000 0.000000000 0.000000000 0.000000000 0.000000000 1.000000000 0.000000000 0.000000000 0.000000000 0.000000000 1.000000000 0.000000000
1.000000000 0.000127759 -0.000109394 0.000764626 -0.000127760 1.000000000 -0.000004878 -0.000293177 0.000109394 0.000004892 1.000000000 -0.001810351
0.999999940 0.000216334 0.000133829 -0.001112868 -0.000216335 1.000000000 0.000009735 0.000162248 -0.000133827 -0.000009764 1.000000000 -0.000258196
1.000000000 0.000055776 -0.000062246 0.000435068 -0.000055777 1.000000000 -0.000010368 -0.000155182 0.000062245 0.000010371 1.000000000 -0.002620660
1.000000000 -0.000132403 -0.000151449 0.001140434 0.000132385 1.000000000 -0.000118426 0.000164063 0.000151465 0.000118406 1.000000000 -0.001699119
1.000000000 -0.000050641 0.000043840 0.000235551 0.000050641 1.000000000 -0.000004155 -0.000285336 -0.000043840 0.000004157 1.000000000 -0.000247136
1.000000000 0.000090432 0.000057897 0.000540070 -0.000090430 1.000000000 -0.000045750 0.000512463 -0.000057901 0.000045744 1.000000000 0.000044734
0.999999940 -0.000243691 -0.000057330 0.001515020 0.000243691 1.000000000 0.000001201 0.000156386 0.000057329 -0.000001215 1.000000000 -0.000469491
1.000000000 -0.000118679 -0.000022667 0.001047529 0.000118679 1.000000000 0.000007604 0.001010473 0.000022666 -0.000007606 1.000000000 0.001170910
1.000000000 -0.000059215 -0.000203202 0.002469067 0.000059229 1.000000000 0.000068979 -0.000977891 0.000203198 -0.000068991 1.000000000 -0.001932201
1.000000000 -0.000034608 0.000018520 0.000574937 0.000034607 1.000000000 0.000032531 0.000075823 -0.000018521 -0.000032530 1.000000000 -0.000626769
1.000000000 -0.000026930 -0.000101032 0.000315190 0.000026955 0.999999940 0.000254388 -0.001633712 0.000101025 -0.000254390 0.999999940 -0.000998143
1.000000000 -0.000122869 -0.000034141 -0.000438092 0.000122874 1.000000000 0.000143916 -0.000195131 0.000034123 -0.000143920 1.000000000 0.000740488
1.000000000 -0.000153270 -0.000074330 0.000669420 0.000153286 0.999999940 0.000221646 -0.001593798 0.000074296 -0.000221657 1.000000000 -0.002134655
0.999999940 -0.000265231 -0.000140229 0.001365681 0.000265256 0.999999940 0.000180194 -0.001607613 0.000140182 -0.000180231 1.000000000 -0.002726976
1.000000000 0.000036020 0.000079083 0.000219807 -0.000036025 1.000000000 0.000068218 0.000133883 -0.000079080 -0.000068220 1.000000000 0.000506943
1.000000000 -0.000053581 -0.000052669 0.000325073 0.000053592 1.000000000 0.000204971 -0.001098191 0.000052658 -0.000204973 1.000000000 -0.001566070
1.000000000 -0.000106156 -0.000118302 0.001153547 0.000106167 1.000000000 0.000097036 -0.000704306 0.000118291 -0.000097049 1.000000000 -0.001991802
1.000000000 -0.000003429 0.000201587 -0.001075513 0.000003408 1.000000000 0.000100246 0.000094191 -0.000201588 -0.000100245 1.000000000 0.001223188
1.000000000 -0.000001599 0.000086787 -0.000105057 0.000001600 1.000000000 -0.000008533 0.000086944 -0.000086787 0.000008533 1.000000000 -0.000813397
1.000000000 0.000007244 -0.000068880 0.000325089 -0.000007236 1.000000000 0.000119569 -0.000637045 0.000068881 -0.000119568 1.000000000 0.000025223
1.000000000 -0.000007051 0.000115994 -0.000568759 0.000007025 1.000000000 0.000221916 -0.001284860 -0.000115995 -0.000221915 0.999999940 -0.000268564
1.000000000 0.000007993 0.000033315 -0.000119399 -0.000007999 1.000000000 0.000183639 0.000396998 -0.000033314 -0.000183639 1.000000000 0.000553089
1.000000000 0.000198757 -0.000047262 0.000908995 -0.000198750 0.999999940 0.000143028 -0.001106275 0.000047291 -0.000143018 1.000000000 -0.002582350
1.000000000 -0.000006260 -0.000223467 0.002419626 0.000006279 1.000000000 0.000083021 -0.000485959 0.000223466 -0.000083022 1.000000000 -0.003254650
1.000000000 0.000199067 -0.000102574 0.000275017 -0.000199075 1.000000000 -0.000079584 0.000552561 0.000102558 0.000079604 1.000000000 -0.000731394
1.000000000 0.000178273 -0.000036569 -0.000507501 -0.000178273 1.000000000 -0.000007310 -0.000050612 0.000036567 0.000007316 1.000000000 -0.000505713
1.000000000 -0.000011913 -0.000155585 0.000428002 0.000011929 1.000000000 0.000107005 0.000107883 0.000155584 -0.000107007 1.000000000 -0.000238197
1.000000000 0.000066679 -0.000161072 0.000785368 -0.000066665 1.000000000 0.000087513 -0.001076115 0.000161077 -0.000087502 1.000000000 -0.002376171
0.999999940 0.000251672 -0.000149276 0.000736601 -0.000251638 0.999999940 0.000227464 -0.001200368 0.000149333 -0.000227426 0.999999940 -0.002323959
1.000000000 0.000151552 0.000001008 -0.000395070 -0.000151552 1.000000000 0.000037703 0.000479626 -0.000001002 -0.000037703 1.000000000 0.000854582
1.000000000 0.000057678 -0.000033871 0.001596383 -0.000057676 1.000000000 0.000065623 -0.000495373 0.000033875 -0.000065621 1.000000000 -0.001790545
1.000000000 0.000080491 -0.000227861 0.001264289 -0.000080472 1.000000000 0.000086112 -0.000511267 0.000227868 -0.000086094 1.000000000 -0.001310729
1.000000000 0.000177545 -0.000092656 0.001023424 -0.000177537 1.000000000 0.000087615 -0.000167782 0.000092672 -0.000087599 1.000000000 -0.001195510
1.000000000 0.000016138 -0.000112854 0.001125982 -0.000016141 1.000000000 -0.000026429 0.000511921 0.000112854 0.000026431 1.000000000 -0.002211585
1.000000000 -0.000008430 0.000088349 -0.001228699 0.000008438 1.000000000 -0.000082920 0.002441111 -0.000088348 0.000082921 1.000000000 0.003143909
1.000000000 -0.000110153 -0.000106530 0.000859811 0.000110167 1.000000000 0.000126807 -0.000226150 0.000106516 -0.000126819 1.000000000 -0.001448751
1.000000000 -0.000106746 -0.000070811 0.001030039 0.000106741 1.000000000 -0.000066082 0.001215890 0.000070818 0.000066074 1.000000000 0.000527490
1.000000000 -0.000086658 0.000123254 0.000299411 0.000086660 1.000000000 -0.000009683 0.000625661 -0.000123253 0.000009694 1.000000000 0.001477350
0.999999881 -0.000412102 0.000099880 0.002373574 0.000412173 0.999999642 -0.000707837 -0.001783269 -0.000099588 0.000707878 0.999999762 0.052152652
1.000000000 0.000146863 0.000028915 0.002322392 -0.000146830 0.999999344 -0.001138513 -0.006165338 -0.000029082 0.001138509 0.999999344 0.134376362
0.999999940 0.000338742 -0.000156708 0.005445760 -0.000338965 0.999998927 -0.001422426 -0.007884324 0.000156226 0.001422479 0.999998987 0.250871807
0.999999940 0.000389132 -0.000112429 0.006780219 -0.000389269 0.999999166 -0.001222164 -0.012751011 0.000111953 0.001222208 0.999999225 0.381739914
0.999999404 0.001086232 -0.000136630 0.009729414 -0.001086295 0.999999225 -0.000457351 -0.024415459 0.000136133 0.000457499 0.999999881 0.521173954
0.999999464 0.001015739 -0.000105700 0.014594942 -0.001015779 0.999999404 -0.000381093 -0.029798111 0.000105313 0.000381200 0.999999940 0.670782626
0.999998868 0.001502422 0.000200267 0.017123442 -0.001502327 0.999998689 -0.000470494 -0.033832543 -0.000200973 0.000470192 0.999999940 0.828117728
0.999999464 0.000944038 -0.000242370 0.023727620 -0.000943998 0.999999464 0.000162471 -0.041326161 0.000242523 -0.000162243 0.999999940 1.005322695
0.999999344 0.001048015 -0.000198591 0.027695784 -0.001047915 0.999999225 0.000500379 -0.047674559 0.000199115 -0.000500171 0.999999821 1.182517886
0.999999464 0.000996251 -0.000196261 0.031887565 -0.000996176 0.999999344 0.000384772 -0.050967228 0.000196644 -0.000384576 0.999999940 1.366310000
0.999999344 0.001062791 -0.000129877 0.034049105 -0.001062746 0.999999404 0.000347084 -0.057062250 0.000130246 -0.000346946 0.999999940 1.561205268
0.999999285 0.001202745 -0.000334127 0.040688265 -0.001202613 0.999999285 0.000394270 -0.058359563 0.000334601 -0.000393868 0.999999881 1.764555931
0.999999285 0.000971509 -0.000580926 0.047980811 -0.000971038 0.999999225 0.000810547 -0.068920299 0.000581713 -0.000809982 0.999999464 1.957230449
0.999999642 0.000705731 -0.000086602 0.052185815 -0.000705618 0.999998868 0.001291865 -0.081346393 0.000087514 -0.001291804 0.999999225 2.154247999
0.999999285 0.001185695 -0.000120213 0.047537751 -0.001185594 0.999998927 0.000838297 -0.086311638 0.000121207 -0.000838154 0.999999642 2.380031109
0.999999166 0.001144779 -0.000478720 0.058802519 -0.001144490 0.999999106 0.000602939 -0.089299560 0.000479410 -0.000602390 0.999999762 2.596516609
0.999998927 0.001370737 -0.000387734 0.061974343 -0.001370227 0.999998152 0.001313444 -0.102961987 0.000389534 -0.001312912 0.999999106 2.818519354
0.999999225 0.001122248 -0.000431612 0.067546517 -0.001121707 0.999998569 0.001251665 -0.107964665 0.000433016 -0.001251180 0.999999166 3.056269407
0.999999046 0.001352688 -0.000309135 0.069728792 -0.001352336 0.999998450 0.001134530 -0.115771130 0.000310669 -0.001134111 0.999999285 3.301343679
0.999998510 0.001543043 -0.000836245 0.080427453 -0.001541750 0.999997675 0.001544649 -0.127457783 0.000838627 -0.001543357 0.999998391 3.543976784
0.999999106 0.001280168 -0.000287077 0.080988914 -0.001279755 0.999998093 0.001434946 -0.131179377 0.000288913 -0.001434578 0.999998868 3.801645279
0.999999106 0.001343969 0.000025583 0.077784188 -0.001343989 0.999998748 0.000765818 -0.131513253 -0.000024554 -0.000765851 0.999999702 4.071399212
0.999998569 0.001704766 -0.000067693 0.088578656 -0.001704635 0.999996781 0.001890412 -0.143877015 0.000070915 -0.001890294 0.999998212 4.311314106
0.999998629 0.001638738 -0.000042292 0.089057185 -0.001638672 0.999997556 0.001501187 -0.151491746 0.000044752 -0.001501115 0.999998868 4.550336361
0.999999464 0.001028427 -0.000370822 0.098633595 -0.001027809 0.999998152 0.001663352 -0.158731520 0.000372532 -0.001662970 0.999998569 4.806632519
0.999999106 0.001194687 -0.000434710 0.106747471 -0.001193931 0.999997735 0.001736370 -0.163560569 0.000436784 -0.001735849 0.999998391 5.067162514
0.999999464 0.001022810 -0.000205302 0.104430929 -0.001022505 0.999998391 0.001482018 -0.171247929 0.000206818 -0.001481808 0.999998868 5.327692032
0.999999046 0.001378219 0.000111372 0.105742522 -0.001378360 0.999998212 0.001276731 -0.175767988 -0.000109612 -0.001276884 0.999999166 5.596686363
0.999999225 0.001121292 -0.000411900 0.117907882 -0.001120481 0.999997437 0.001964159 -0.190257892 0.000414101 -0.001963696 0.999997973 5.868747234
0.999998987 0.001274345 -0.000662864 0.131006971 -0.001272874 0.999996781 0.002215288 -0.201201767 0.000665684 -0.002214442 0.999997318 6.137660027
0.999999583 0.000924003 -0.000155456 0.126687661 -0.000923664 0.999997199 0.002168942 -0.209663659 0.000157460 -0.002168797 0.999997616 6.414433002
0.999999523 0.000893708 0.000019711 0.129524842 -0.000893747 0.999997377 0.002077513 -0.216471210 -0.000017855 -0.002077529 0.999997854 6.704349041
0.999999464 0.001046207 -0.000061743 0.141110882 -0.001046051 0.999996305 0.002488543 -0.232129931 0.000064347 -0.002488476 0.999996901 6.997539520
0.999999940 0.000421406 -0.000272141 0.151832387 -0.000420708 0.999996662 0.002560897 -0.236982211 0.000273219 -0.002560783 0.999996603 7.296194077
0.999999344 0.001056594 0.000127968 0.148156822 -0.001056854 0.999997258 0.002050063 -0.244854033 -0.000125801 -0.002050197 0.999997914 7.599549294
0.999999106 0.001272892 0.000200770 0.151253238 -0.001273365 0.999996364 0.002372389 -0.254845113 -0.000197749 -0.002372643 0.999997199 7.925293446
0.999999225 0.001142866 -0.000034028 0.162193269 -0.001142773 0.999995828 0.002603104 -0.264252424 0.000037003 -0.002603063 0.999996603 8.233775139
0.999999166 0.001240401 0.000206490 0.165732458 -0.001240888 0.999996364 0.002378219 -0.276119292 -0.000203539 -0.002378473 0.999997139 8.543187141
0.999998748 0.001467353 0.000568268 0.170097589 -0.001468891 0.999995172 0.002716838 -0.285851389 -0.000564278 -0.002717669 0.999996126 8.882367134
0.999999166 0.001274802 0.000251043 0.177338317 -0.001275527 0.999994934 0.002906824 -0.295692533 -0.000247337 -0.002907141 0.999995708 9.216852188
0.999999285 0.001102060 0.000462020 0.180975243 -0.001103423 0.999994993 0.002959524 -0.308659762 -0.000458757 -0.002960032 0.999995470 9.564514160
0.999999523 0.000915127 0.000140732 0.197493911 -0.000915555 0.999994814 0.003071124 -0.320508063 -0.000137921 -0.003071252 0.999995232 9.898663521
0.999999464 0.001038556 0.000135950 0.202054277 -0.001038955 0.999995053 0.002966978 -0.328133136 -0.000132868 -0.002967118 0.999995530 10.267367363
0.999998689 0.001519889 0.000519518 0.203230426 -0.001521623 0.999993205 0.003353153 -0.342243314 -0.000514418 -0.003353939 0.999994218 10.608372688
0.999998927 0.001262823 0.000779739 0.206726268 -0.001265281 0.999994218 0.003159234 -0.346890628 -0.000775745 -0.003160217 0.999994755 10.980982780
0.999998093 0.001748431 0.000877445 0.211597934 -0.001751226 0.999993384 0.003194500 -0.362919629 -0.000871853 -0.003196030 0.999994516 11.362449646
0.999998689 0.001458705 0.000653246 0.226009145 -0.001460813 0.999993742 0.003237826 -0.371832639 -0.000648519 -0.003238776 0.999994576 11.738732338
0.999998510 0.001425685 0.000915164 0.229887664 -0.001428811 0.999993145 0.003424238 -0.386537343 -0.000910276 -0.003425541 0.999993742 12.104074478
0.999998152 0.001769123 0.000809993 0.238034606 -0.001771585 0.999993861 0.003048979 -0.393857509 -0.000804593 -0.003050409 0.999995053 12.497635841
0.999998450 0.001394450 0.001083372 0.240731165 -0.001398402 0.999992371 0.003655094 -0.406376779 -0.001078267 -0.003656604 0.999992669 12.888284683
0.999998450 0.001396816 0.001050079 0.249751762 -0.001400621 0.999992430 0.003630878 -0.416093558 -0.001045000 -0.003632343 0.999992847 13.288843155
0.999998331 0.001476304 0.000977054 0.262071848 -0.001479906 0.999992073 0.003696231 -0.429134429 -0.000971589 -0.003697671 0.999992669 13.690438271
0.999996960 0.001867556 0.001609535 0.263165057 -0.001873339 0.999991894 0.003599339 -0.433214605 -0.001602800 -0.003602344 0.999992251 14.117703438
0.999997377 0.001515960 0.001732636 0.274778873 -0.001521974 0.999992788 0.003474812 -0.444893122 -0.001727356 -0.003477440 0.999992490 14.538891792
0.999997795 0.001259048 0.001711954 0.285538882 -0.001265502 0.999992192 0.003774432 -0.454662919 -0.001707188 -0.003776590 0.999991477 14.969742775
0.999996245 0.001819821 0.002048160 0.296011895 -0.001828372 0.999989569 0.004180686 -0.471715331 -0.002040530 -0.004184415 0.999989152 15.399444580
0.999994755 0.001756401 0.002695242 0.303738773 -0.001766840 0.999990880 0.003875402 -0.479835212 -0.002688410 -0.003880143 0.999988854 15.837464333
0.999994934 0.001232017 0.002927555 0.316021740 -0.001243641 0.999991417 0.003972280 -0.489732832 -0.002922636 -0.003975900 0.999987841 16.291547775
0.999994218 0.001729432 0.002913234 0.327850789 -0.001740509 0.999991179 0.003803926 -0.502396882 -0.002906630 -0.003808975 0.999988496 16.722459793
0.999992728 0.002094315 0.003167405 0.335823029 -0.002105747 0.999991179 0.003610120 -0.512362242 -0.003159816 -0.003616764 0.999988496 17.179176331
0.999989927 0.002527994 0.003705943 0.339677632 -0.002542183 0.999989450 0.003828862 -0.523492754 -0.003696225 -0.003838244 0.999985814 17.645145416
0.999989748 0.001993663 0.004069630 0.350664794 -0.002008440 0.999991417 0.003630242 -0.532271922 -0.004062357 -0.003638378 0.999985158 18.116050720
0.999990463 0.001681635 0.004031029 0.366290033 -0.001697078 0.999991238 0.003830668 -0.543831944 -0.004024550 -0.003837473 0.999984562 18.561435699
0.999986827 0.002346911 0.004558712 0.376587629 -0.002364226 0.999989986 0.003796617 -0.554278553 -0.004549757 -0.003807345 0.999982476 19.033811569
0.999991655 0.001138694 0.003934350 0.401788950 -0.001153397 0.999992311 0.003736966 -0.565199077 -0.003930065 -0.003741473 0.999985337 19.507648468
0.999988437 0.001924035 0.004406853 0.399128795 -0.001939915 0.999991655 0.003602037 -0.576651871 -0.004399885 -0.003610545 0.999983788 19.989206314
0.999989390 0.001988192 0.004154291 0.412165105 -0.002003940 0.999990821 0.003790043 -0.588898659 -0.004146717 -0.003798328 0.999984145 20.480741501
0.999989450 0.002009325 0.004136791 0.426270634 -0.002025056 0.999990702 0.003801907 -0.600235820 -0.004129114 -0.003810244 0.999984205 20.973882675
0.999987841 0.002476971 0.004262934 0.426660717 -0.002492088 0.999990642 0.003544353 -0.602668941 -0.004254115 -0.003554934 0.999984562 21.490299225
0.999992311 0.002263834 0.003180234 0.435434908 -0.002277403 0.999988317 0.004269517 -0.641878664 -0.003170531 -0.004276727 0.999985754 22.006603241
0.999989152 0.002955173 0.003604496 0.439524800 -0.002969337 0.999987900 0.003930451 -0.647990108 -0.003592838 -0.003941112 0.999985814 22.518693924
0.999989569 0.003420771 0.003038724 0.449559778 -0.003433775 0.999984980 0.004284537 -0.664876580 -0.003024021 -0.004294927 0.999986172 23.046724319
0.999996245 0.002298541 0.001501437 0.469696224 -0.002304505 0.999989331 0.003982058 -0.679271579 -0.001492268 -0.003985503 0.999990940 23.569751740
0.999998271 0.001550645 0.001044113 0.479604721 -0.001555139 0.999989390 0.004316756 -0.696006775 -0.001037408 -0.004318372 0.999990106 24.098031998
0.999996006 0.002674313 0.000859527 0.475897193 -0.002678069 0.999986589 0.004398067 -0.702866912 -0.000847754 -0.004400352 0.999989927 24.635911942
0.999995410 0.003037591 0.000053442 0.480653703 -0.003037795 0.999985874 0.004351062 -0.727805972 -0.000040224 -0.004351204 0.999990463 25.156940460
0.999993026 0.003740810 -0.000255287 0.487452567 -0.003739551 0.999981701 0.004765688 -0.743175328 0.000273110 -0.004764700 0.999988556 25.695831299
0.999996424 0.002460025 -0.001031620 0.502621174 -0.002454936 0.999985039 0.004905791 -0.758210421 0.001043673 -0.004903241 0.999987423 26.259016037
0.999996424 0.002216359 -0.001485746 0.509174943 -0.002208679 0.999984205 0.005151093 -0.766349077 0.001497140 -0.005147793 0.999985576 26.791374207
0.999996126 0.002178127 -0.001745438 0.514582515 -0.002168580 0.999982715 0.005453066 -0.782525301 0.001757286 -0.005449260 0.999983549 27.341691971
0.999993205 0.003166735 -0.001851333 0.523047030 -0.003159196 0.999986708 0.004060949 -0.787972271 0.001864168 -0.004055073 0.999990046 27.910074234
0.999991357 0.003314033 -0.002500136 0.534776926 -0.003300663 0.999980330 0.005333330 -0.812947392 0.002517762 -0.005325031 0.999982655 28.415378571
0.999990106 0.003745674 -0.002371566 0.540606201 -0.003732683 0.999978125 0.005458637 -0.826639771 0.002391960 -0.005449731 0.999982238 28.954803467
0.999990404 0.003023673 -0.003164975 0.558132827 -0.003006433 0.999980688 0.005437947 -0.837382436 0.003181357 -0.005428379 0.999980211 29.510541916
0.999990404 0.002899644 -0.003287585 0.561508656 -0.002881509 0.999980688 0.005507567 -0.847479343 0.003303492 -0.005498041 0.999979436 30.056877136
0.999990225 0.003026825 -0.003238854 0.571845651 -0.003007398 0.999977589 0.005986304 -0.867599726 0.003256901 -0.005976505 0.999976814 30.593276978
0.999987841 0.003042197 -0.003885457 0.580459893 -0.003022038 0.999981940 0.005183675 -0.872424483 0.003901157 -0.005171869 0.999979019 31.152418137
0.999988139 0.002901233 -0.003914810 0.590586722 -0.002877843 0.999978065 0.005966945 -0.888801277 0.003932036 -0.005955608 0.999974549 31.687049866
0.999987602 0.002840786 -0.004096395 0.595413744 -0.002820628 0.999983907 0.004918538 -0.890177488 0.004110302 -0.004906924 0.999979436 32.244800568
0.999985576 0.003159038 -0.004331766 0.602146327 -0.003137656 0.999982834 0.004933938 -0.898081779 0.004347278 -0.004920275 0.999978423 32.791370392
0.999982893 0.003456532 -0.004715291 0.610213757 -0.003433095 0.999981701 0.004969370 -0.913508713 0.004732382 -0.004953097 0.999976516 33.334358215
0.999982119 0.003484273 -0.004855105 0.623404503 -0.003459973 0.999981463 0.005004464 -0.924158692 0.004872452 -0.004987576 0.999975681 33.874588013
0.999982655 0.002923845 -0.005114191 0.632756114 -0.002896034 0.999981046 0.005437015 -0.940418720 0.005129992 -0.005422109 0.999972165 34.413539886
0.999979973 0.003730278 -0.005111752 0.635874510 -0.003703131 0.999979079 0.005309951 -0.951262176 0.005131452 -0.005290915 0.999972880 34.970211029
0.999981344 0.003104305 -0.005259496 0.645992041 -0.003078113 0.999982834 0.004980720 -0.958229244 0.005274868 -0.004964438 0.999973774 35.497276306
0.999980152 0.003381336 -0.005313853 0.651717901 -0.003355499 0.999982536 0.004863443 -0.967442751 0.005330205 -0.004845516 0.999974072 36.053569794
0.999978483 0.003604121 -0.005476899 0.661983430 -0.003579060 0.999983072 0.004578622 -0.983044565 0.005493308 -0.004558921 0.999974549 36.608150482
0.999978960 0.003592866 -0.005401569 0.671296835 -0.003568592 0.999983490 0.004496761 -0.993535936 0.005417636 -0.004477390 0.999975324 37.153610229
0.999976158 0.003739770 -0.005790313 0.675203145 -0.003711074 0.999980807 0.004958755 -1.014869452 0.005808746 -0.004937149 0.999970913 37.698368073
0.999977112 0.003402980 -0.005846883 0.685401797 -0.003375012 0.999982834 0.004786872 -1.025112033 0.005863072 -0.004767029 0.999971449 38.240345001
0.999976635 0.003789528 -0.005689985 0.690194428 -0.003760308 0.999979734 0.005137367 -1.043930888 0.005709338 -0.005115850 0.999970615 38.788585663
0.999972105 0.003744918 -0.006452118 0.704687119 -0.003713814 0.999981403 0.004825981 -1.049667001 0.006470071 -0.004801885 0.999967515 39.329624176
0.999970078 0.003698444 -0.006792296 0.724150538 -0.003658464 0.999975920 0.005889313 -1.072235227 0.006813913 -0.005864288 0.999959588 39.857097626
0.999972045 0.003965068 -0.006337585 0.731661916 -0.003930713 0.999977648 0.005424128 -1.081957936 0.006358950 -0.005399066 0.999965191 40.412574768
0.999969542 0.004044459 -0.006675825 0.727619946 -0.004013586 0.999981225 0.004631559 -1.082862258 0.006694432 -0.004604625 0.999966919 40.981552124
0.999967039 0.004225598 -0.006929956 0.738335311 -0.004197862 0.999983191 0.004012051 -1.085187435 0.006946792 -0.003982828 0.999967873 41.529224396
0.999966919 0.004053473 -0.007054985 0.750687122 -0.004018470 0.999979615 0.004968526 -1.111199617 0.007074981 -0.004940012 0.999962687 42.062595367
0.999963343 0.004719885 -0.007139840 0.746537566 -0.004687310 0.999978542 0.004572185 -1.114752054 0.007161267 -0.004538551 0.999964058 42.634429932
0.999958992 0.004554772 -0.007811645 0.760521054 -0.004516809 0.999977887 0.004870468 -1.131636381 0.007833657 -0.004834985 0.999957621 43.167964935
0.999965429 0.004962450 -0.006678511 0.760050952 -0.004934954 0.999979258 0.004127096 -1.134798050 0.006698853 -0.004093995 0.999969125 43.735908508
0.999963522 0.004232966 -0.007416797 0.763863683 -0.004196519 0.999979079 0.004922890 -1.157378078 0.007437480 -0.004891586 0.999960363 44.273921967
0.999961674 0.004096502 -0.007728918 0.775785029 -0.004062475 0.999981999 0.004413125 -1.161274076 0.007746857 -0.004381557 0.999960423 44.827541351
0.999963164 0.004834471 -0.007093994 0.777360439 -0.004803861 0.999979079 0.004325555 -1.170431137 0.007114759 -0.004291317 0.999965489 45.364791870
0.999961436 0.004448644 -0.007568468 0.786113620 -0.004410913 0.999977827 0.004994697 -1.195432901 0.007590519 -0.004961121 0.999958873 45.911258698
0.999962449 0.003877128 -0.007741031 0.800788879 -0.003842016 0.999982297 0.004545623 -1.202201605 0.007758517 -0.004515711 0.999959767 46.455291748
0.999961197 0.004624103 -0.007497153 0.800460458 -0.004588819 0.999978364 0.004716938 -1.216099143 0.007518801 -0.004682352 0.999960721 46.994781494
0.999962449 0.003818704 -0.007781503 0.798851967 -0.003781445 0.999981344 0.004797244 -1.229345918 0.007799677 -0.004767639 0.999958217 47.555721283
0.999957919 0.004750423 -0.007846773 0.804436564 -0.004712223 0.999976993 0.004879614 -1.243515730 0.007869773 -0.004842433 0.999957323 48.113700867
0.999963105 0.004183651 -0.007496388 0.812377393 -0.004151271 0.999982059 0.004329807 -1.244802237 0.007514366 -0.004298527 0.999962568 48.674156189
0.999963105 0.003483716 -0.007851021 0.818707168 -0.003443660 0.999980986 0.005109845 -1.269716740 0.007868674 -0.005082620 0.999956131 49.200977325
0.999965906 0.003531826 -0.007467501 0.825500011 -0.003495699 0.999982119 0.004845427 -1.281077623 0.007484480 -0.004819157 0.999960363 49.745162964
0.999963939 0.003628164 -0.007670736 0.829119682 -0.003591119 0.999981880 0.004837603 -1.289706707 0.007688148 -0.004809882 0.999958873 50.297019958
0.999963522 0.003892727 -0.007601600 0.839314580 -0.003858017 0.999982119 0.004575391 -1.305722713 0.007619275 -0.004545897 0.999960661 50.834140778
0.999960601 0.003442969 -0.008178437 0.850281477 -0.003406668 0.999984324 0.004448349 -1.313279629 0.008193624 -0.004420313 0.999956667 51.392917633
0.999960661 0.003472731 -0.008153563 0.854227781 -0.003435974 0.999983907 0.004517722 -1.323470831 0.008169121 -0.004489529 0.999956548 51.937782288
0.999959111 0.003694881 -0.008252915 0.861870646 -0.003659109 0.999983847 0.004345277 -1.335884333 0.008268838 -0.004314902 0.999956429 52.480808258
0.999959290 0.003460312 -0.008331213 0.869461060 -0.003424853 0.999985039 0.004266542 -1.344222546 0.008345851 -0.004237836 0.999956191 53.025623322
0.999962091 0.003612404 -0.007917421 0.871510446 -0.003577685 0.999983966 0.004394959 -1.360127449 0.007933169 -0.004366467 0.999958992 53.567153931
0.999961257 0.003957101 -0.007852918 0.880392909 -0.003923687 0.999983132 0.004265942 -1.371757627 0.007869666 -0.004234964 0.999960065 54.113639832
0.999962091 0.003145740 -0.008122696 0.891149044 -0.003112667 0.999986827 0.004081154 -1.382728100 0.008135428 -0.004055716 0.999958694 54.652797699
0.999961793 0.003709574 -0.007916417 0.890058219 -0.003677567 0.999985039 0.004053999 -1.397860527 0.007931337 -0.004024731 0.999960423 55.198169708
0.999964356 0.003774183 -0.007549864 0.894633949 -0.003745716 0.999985814 0.003781127 -1.408617377 0.007564027 -0.003752713 0.999964297 55.751071930
0.999957800 0.004033610 -0.008254646 0.901888013 -0.003999299 0.999983251 0.004168721 -1.419170618 0.008271324 -0.004135532 0.999957263 56.308547974
0.999957502 0.004416194 -0.008085338 0.915532827 -0.004381997 0.999981403 0.004242369 -1.434523940 0.008103923 -0.004206758 0.999958336 56.842334747
0.999957263 0.004390322 -0.008131168 0.920132160 -0.004359235 0.999983132 0.003836939 -1.442210674 0.008147875 -0.003801329 0.999959588 57.393276215
0.999959171 0.004268618 -0.007970119 0.921555996 -0.004238395 0.999983907 0.003805072 -1.457455277 0.007986232 -0.003771136 0.999961019 57.950332642
0.999958873 0.003987554 -0.008149101 0.932714462 -0.003957951 0.999985456 0.003645711 -1.467710733 0.008163519 -0.003613307 0.999960184 58.498409271
0.999960303 0.004073821 -0.007922375 0.934951365 -0.004048083 0.999986410 0.003262219 -1.475408673 0.007935558 -0.003230019 0.999963284 59.023284912
0.999960363 0.003573455 -0.008155641 0.945962071 -0.003551271 0.999989927 0.002732959 -1.488217950 0.008165325 -0.002703887 0.999963045 59.563743591
0.999958038 0.004504805 -0.007975653 0.943047285 -0.004481731 0.999985754 0.002908407 -1.497223377 0.007988640 -0.002872540 0.999963939 60.123416901
0.999956787 0.004927381 -0.007875910 0.949569106 -0.004900365 0.999982059 0.003445730 -1.512837529 0.007892746 -0.003406986 0.999963045 60.671150208
0.999956250 0.004489216 -0.008200069 0.960243762 -0.004463665 0.999985099 0.003131665 -1.526212931 0.008214005 -0.003094926 0.999961495 61.197757721
0.999956250 0.004450998 -0.008227271 0.973398566 -0.004422490 0.999984205 0.003480045 -1.545317411 0.008242630 -0.003443507 0.999960124 61.730350494
0.999954581 0.005118543 -0.008037938 0.963751078 -0.005097382 0.999983609 0.002650850 -1.541861773 0.008051375 -0.002609758 0.999964118 62.302936554
0.999953151 0.004715772 -0.008451019 0.984883964 -0.004691054 0.999984682 0.002942355 -1.564335942 0.008464766 -0.002902573 0.999959946 62.826015472
0.999954760 0.004802721 -0.008209378 0.982364535 -0.004775896 0.999983191 0.003284003 -1.576211095 0.008225012 -0.003244647 0.999960899 63.373172760
0.999953270 0.005128870 -0.008191753 0.994136512 -0.005102092 0.999981523 0.003286407 -1.592859149 0.008208459 -0.003244459 0.999960959 63.907745361
0.999953449 0.005067805 -0.008211569 0.997885704 -0.005046660 0.999983847 0.002593811 -1.603599787 0.008224582 -0.002552249 0.999962807 64.455825806
0.999947190 0.005415427 -0.008737608 1.019477844 -0.005390047 0.999981165 0.002925688 -1.610475779 0.008753288 -0.002878438 0.999957561 64.982727051
0.999944389 0.004796338 -0.009393219 1.036407948 -0.004771187 0.999984920 0.002698324 -1.625770807 0.009406020 -0.002653357 0.999952257 65.528091431
0.999947906 0.004969011 -0.008929651 1.034386396 -0.004942731 0.999983370 0.002962505 -1.641847014 0.008944225 -0.002918213 0.999955714 66.072242737
0.999948740 0.004870335 -0.008874928 1.036554337 -0.004847379 0.999984860 0.002606171 -1.647835612 0.008887487 -0.002563018 0.999957204 66.625900269
0.999950290 0.005061181 -0.008584200 1.040445805 -0.005034366 0.999982417 0.003142434 -1.671195745 0.008599953 -0.003099062 0.999958217 67.159729004
0.999951839 0.005084058 -0.008395148 1.042974710 -0.005057583 0.999982178 0.003171772 -1.683776259 0.008411124 -0.003129160 0.999959707 67.706848145
0.999948919 0.005103502 -0.008721111 1.051628232 -0.005077499 0.999982536 0.003001038 -1.695375681 0.008736276 -0.002956604 0.999957383 68.229682922
0.999951780 0.005160189 -0.008351083 1.051252365 -0.005138288 0.999983251 0.002641753 -1.709818125 0.008364575 -0.002598715 0.999961555 68.772895813
0.999950528 0.005011934 -0.008592361 1.065409899 -0.004988426 0.999983788 0.002755173 -1.721687913 0.008606031 -0.002712174 0.999959230 69.309288025
0.999951720 0.005016890 -0.008446867 1.071872473 -0.004996684 0.999984622 0.002411518 -1.730687857 0.008458836 -0.002369195 0.999961436 69.853553772
0.999951839 0.005649957 -0.008018595 1.065940857 -0.005627991 0.999980330 0.002759242 -1.742947102 0.008034026 -0.002713981 0.999964058 70.385581970
0.999946952 0.005707413 -0.008574178 1.076498270 -0.005679137 0.999978304 0.003318570 -1.763946295 0.008592933 -0.003269700 0.999957681 70.913635254
0.999947727 0.005753377 -0.008452140 1.086041331 -0.005730481 0.999979854 0.002730678 -1.773452759 0.008467680 -0.002682101 0.999960542 71.476577759
0.999947071 0.005920943 -0.008413817 1.094672918 -0.005895763 0.999978065 0.003014286 -1.790788651 0.008431479 -0.002964521 0.999960065 72.021545410
0.999946594 0.005954473 -0.008446847 1.096362352 -0.005934292 0.999979496 0.002412105 -1.804505348 0.008461036 -0.002361850 0.999961376 72.570930481
0.999949098 0.005604503 -0.008388328 1.097742200 -0.005578041 0.999979377 0.003174749 -1.820145249 0.008405949 -0.003127797 0.999959707 73.082168579
0.999945641 0.005586686 -0.008792698 1.103448868 -0.005562959 0.999980748 0.002720583 -1.827337861 0.008807729 -0.002671521 0.999957621 73.626846313
0.999943793 0.005848608 -0.008843113 1.112897635 -0.005822340 0.999978542 0.002993078 -1.847695231 0.008860429 -0.002941422 0.999956429 74.153274536
0.999942243 0.005941511 -0.008958407 1.122465372 -0.005910204 0.999976337 0.003517271 -1.863268971 0.008979092 -0.003464122 0.999953687 74.693267822
0.999941051 0.006027438 -0.009033018 1.127359629 -0.005995617 0.999975741 0.003545734 -1.879673243 0.009054169 -0.003491367 0.999952912 75.228889465
0.999945283 0.005438757 -0.008932451 1.139415264 -0.005407090 0.999978960 0.003565499 -1.895422697 0.008951655 -0.003517005 0.999953747 75.776313782
0.999945223 0.005601522 -0.008841968 1.144914389 -0.005570269 0.999978185 0.003555152 -1.906210780 0.008861689 -0.003505705 0.999954581 76.323211670
0.999952078 0.004937685 -0.008453639 1.149895310 -0.004911141 0.999982953 0.003157716 -1.918246746 0.008469087 -0.003116048 0.999959290 76.878753662
0.999948323 0.005199117 -0.008732972 1.158326149 -0.005172526 0.999981880 0.003064631 -1.929618001 0.008748747 -0.003019301 0.999957204 77.428192139
0.999952376 0.004431598 -0.008700932 1.167455792 -0.004400299 0.999983788 0.003613058 -1.952097654 0.008716804 -0.003574599 0.999955595 77.948707581
0.999944627 0.005238798 -0.009124051 1.168921351 -0.005213310 0.999982476 0.002815037 -1.956993103 0.009138641 -0.002767315 0.999954343 78.481140137
0.999944627 0.005747505 -0.008808471 1.176041603 -0.005721971 0.999979436 0.002921203 -1.967803240 0.008825081 -0.002870640 0.999956906 79.033737183
0.999942005 0.005803452 -0.009073446 1.182613134 -0.005777221 0.999979079 0.002914623 -1.981986046 0.009090171 -0.002862035 0.999954522 79.572158813
0.999941707 0.006208076 -0.008834162 1.186095238 -0.006182580 0.999976575 0.002910523 -1.994673848 0.008852024 -0.002855736 0.999956727 80.108879089
0.999948263 0.006606319 -0.007731523 1.195493817 -0.006582610 0.999973536 0.003087838 -2.002925634 0.007751719 -0.003036785 0.999965370 80.644134521
0.999953032 0.006657692 -0.007036685 1.205584407 -0.006638974 0.999974370 0.002680141 -2.014041424 0.007054349 -0.002633299 0.999971628 81.192901611
0.999967456 0.006086032 -0.005298572 1.205267310 -0.006070542 0.999977291 0.002934658 -2.034924030 0.005316311 -0.002902397 0.999981642 81.726448059
0.999976337 0.005879343 -0.003555383 1.211593509 -0.005868490 0.999978125 0.003055502 -2.048454046 0.003573269 -0.003034565 0.999989033 82.265266418
0.999985516 0.005320242 -0.000720393 1.240597248 -0.005318461 0.999982774 0.002452077 -2.057197571 0.000733426 -0.002448210 0.999996722 82.832740784
0.999982297 0.005134938 0.002989503 1.259126425 -0.005142861 0.999983191 0.002648716 -2.070693254 -0.002975852 -0.002664044 0.999992013 83.374008179
0.999967217 0.004873208 0.006461032 1.272654295 -0.004888740 0.999985158 0.002390350 -2.089537859 -0.006449287 -0.002421858 0.999976277 83.945785522
0.999925971 0.005790175 0.010697761 1.294710636 -0.005820679 0.999979079 0.002822495 -2.103327990 -0.010681193 -0.002884554 0.999938726 84.414253235
0.999842942 0.005550009 0.016826257 1.312021852 -0.005602137 0.999979615 0.003052473 -2.118774414 -0.016808972 -0.003146256 0.999853790 84.984924316
0.999729514 0.006187511 0.022418939 1.338353872 -0.006260429 0.999975443 0.003183803 -2.139395952 -0.022398686 -0.003323294 0.999743581 85.519531250
0.999586284 0.005980403 0.028134383 1.361483216 -0.006076054 0.999976039 0.003315560 -2.157104969 -0.028113881 -0.003485134 0.999598622 86.049438477
0.999333203 0.005128685 0.036149770 1.405786276 -0.005229853 0.999982655 0.002704557 -2.158387423 -0.036135275 -0.002891812 0.999342680 86.616409302
0.998989224 0.005163884 0.044653285 1.437793970 -0.005302058 0.999981523 0.002976484 -2.177017450 -0.044637091 -0.003210230 0.998998106 87.155578613
0.998644590 0.004928009 0.051814325 1.481697798 -0.005084908 0.999982893 0.002896730 -2.188480139 -0.051799163 -0.003156274 0.998652518 87.696769714
0.998135507 0.005864602 0.060753409 1.530317068 -0.006043801 0.999977887 0.002766250 -2.198273659 -0.060735840 -0.003128274 0.998148978 88.263755798
0.997457147 0.005299142 0.071071669 1.584973812 -0.005486908 0.999981880 0.002446961 -2.210931063 -0.071057424 -0.002830702 0.997468233 88.814041138
0.996846437 0.005512105 0.079162769 1.651093483 -0.005730258 0.999980330 0.002528842 -2.224927902 -0.079147264 -0.002974490 0.996858478 89.369636536
0.996198773 0.005329680 0.086946018 1.717319489 -0.005543485 0.999982178 0.002217788 -2.236276865 -0.086932644 -0.002691342 0.996210515 89.922210693
0.995155692 0.004750746 0.098196909 1.785667896 -0.005026953 0.999984026 0.002565578 -2.250794411 -0.098183155 -0.003046781 0.995163679 90.460212708
0.994034588 0.005105130 0.108945914 1.861057281 -0.005424952 0.999981821 0.002639404 -2.268596172 -0.108930483 -0.003214685 0.994044125 91.010070801
0.993033886 0.004318978 0.117749870 1.945571899 -0.004593278 0.999987304 0.002058244 -2.276520967 -0.117739484 -0.002584764 0.993041217 91.545669556
0.991650641 0.004666257 0.128869131 2.037798882 -0.005056920 0.999983549 0.002704424 -2.296203852 -0.128854409 -0.003333525 0.991657853 92.098709106
0.990010202 0.004223851 0.140932426 2.138203621 -0.004599616 0.999986708 0.002340631 -2.309530735 -0.140920654 -0.002965484 0.990016460 92.649803162
0.988398790 0.003897109 0.151830867 2.238973618 -0.004329439 0.999987483 0.002516961 -2.326518774 -0.151819170 -0.003145104 0.988403380 93.190696716
0.986719131 0.003441903 0.162399203 2.346293449 -0.003866056 0.999989867 0.002295839 -2.334172726 -0.162389666 -0.002893193 0.986722469 93.753067017
0.984556139 0.003603184 0.175032169 2.463257790 -0.004093891 0.999988616 0.002442539 -2.351046801 -0.175021380 -0.003121380 0.984559655 94.272872925
0.982218683 0.003337302 0.187710315 2.587289810 -0.003827326 0.999990165 0.002248161 -2.359829903 -0.187700987 -0.002926614 0.982221782 94.816764832
0.980122626 0.002177639 0.198380396 2.711486816 -0.002650403 0.999994278 0.002117623 -2.370522261 -0.198374614 -0.002601319 0.980122805 95.340469360
0.977555752 0.003263030 0.210651457 2.864841461 -0.003842351 0.999989927 0.002340909 -2.388198137 -0.210641652 -0.003097766 0.977558374 95.874450684
0.974538922 0.002542816 0.224204034 2.993667603 -0.003303819 0.999989927 0.003019166 -2.408255577 -0.224194124 -0.003683024 0.974537492 96.388290405
0.971903324 0.002741461 0.235364586 3.139196396 -0.003588492 0.999988496 0.003170561 -2.425727367 -0.235353231 -0.003926083 0.971901953 96.918907166
0.968927205 0.002538282 0.247333393 3.297836304 -0.003376582 0.999989927 0.002965251 -2.433237553 -0.247323379 -0.003708253 0.968925893 97.448768616
0.965254009 0.002637910 0.261299789 3.470201492 -0.003513276 0.999989688 0.002882977 -2.443953514 -0.261289507 -0.003700823 0.965253413 98.014205933
0.961953282 0.001969258 0.273206860 3.643072128 -0.002954568 0.999990582 0.003195078 -2.465075731 -0.273197979 -0.003880724 0.961950123 98.526298523
0.958527267 0.001042041 0.284999430 3.803941727 -0.001939293 0.999994040 0.002866078 -2.474146843 -0.284994721 -0.003299911 0.958523393 99.050834656
0.954190016 0.001312862 0.299198568 3.976797104 -0.002272511 0.999993384 0.002859486 -2.483097076 -0.299192786 -0.003408425 0.954186559 99.562728882
0.949890375 0.001360225 0.312580317 4.180988312 -0.002314042 0.999993742 0.002680493 -2.500908852 -0.312574714 -0.003269498 0.949887574 100.093460083
0.945959628 0.000560157 0.324283868 4.371105194 -0.001464065 0.999995649 0.002543425 -2.510209322 -0.324281007 -0.002880750 0.945956349 100.615745544
0.941112459 0.000203534 0.338093519 4.573249817 -0.000886174 0.999997854 0.001864737 -2.518858671 -0.338092417 -0.002054537 0.941110551 101.138305664
0.936219692 0.000327022 0.351415426 4.791572571 -0.001184387 0.999996841 0.002224789 -2.536360741 -0.351413608 -0.002499102 0.936217010 101.632408142
0.931559324 -0.000231436 0.363589376 5.012567520 -0.000857025 0.999995649 0.002832328 -2.553196430 -0.363588482 -0.002950086 0.931555033 102.137237549
0.927216291 -0.000869076 0.374525577 5.233913422 -0.000208486 0.999996066 0.002836611 -2.566557884 -0.374526501 -0.002708235 0.927212298 102.630546570
0.920772731 -0.001142723 0.390097737 5.456176758 0.000281369 0.999997318 0.002265183 -2.573854685 -0.390099317 -0.001975958 0.920770645 103.156936646
0.915133655 -0.001845507 0.403146327 5.700042725 0.000870754 0.999996245 0.002601148 -2.588831663 -0.403149545 -0.002029357 0.915131867 103.652442932
0.910124421 -0.002825054 0.414325505 5.951606750 0.001850227 0.999994397 0.002754120 -2.606820345 -0.414330959 -0.001739995 0.910124600 104.129371643
0.903965950 -0.003175558 0.427592844 6.222461700 0.002220600 0.999993801 0.002732018 -2.619003534 -0.427598864 -0.001520139 0.903967321 104.629791260
0.897207975 -0.003530759 0.441594124 6.470581055 0.002517411 0.999992669 0.002880682 -2.635495186 -0.441601038 -0.001472897 0.897210360 105.105293274
0.891583025 -0.004012834 0.452839673 6.737220764 0.003071029 0.999991298 0.002814953 -2.649025440 -0.452847123 -0.001119080 0.891587496 105.600372314
0.886072814 -0.004084518 0.463528097 7.010295868 0.003158876 0.999991179 0.002773267 -2.658949852 -0.463535368 -0.000993088 0.886077881 106.083724976
0.878522217 -0.004364610 0.477681726 7.277202606 0.003418858 0.999990106 0.002849230 -2.675928593 -0.477689534 -0.000869986 0.878528237 106.555984497
0.871468902 -0.004352070 0.490431339 7.569416046 0.003633332 0.999990463 0.002417652 -2.685281754 -0.490437150 -0.000325008 0.871476471 107.024505615
0.865747452 -0.004862852 0.500457406 7.849742889 0.004148668 0.999988317 0.002539864 -2.691134691 -0.500463903 -0.000122649 0.865757346 107.493316650
