1.000000000 0.000000000 0.000000000 0.000000000 0.000000000 1.000000000 0.000000000 0.000000000 0.000000000 0.000000000 1.000000000 0.000000000
1.000000000 0.000046222 0.000016567 0.000195074 -0.000046221 1.000000000 -0.000030813 0.000658217 -0.000016568 0.000030813 1.000000000 0.000299138
1.000000000 0.000045494 0.000037956 -0.000094845 -0.000045496 1.000000000 0.000048926 -0.000046919 -0.000037953 -0.000048927 1.000000000 0.000129040
1.000000000 -0.000161133 0.000052302 0.000027590 0.000161133 1.000000000 -0.000004119 0.000506467 -0.000052301 0.000004127 1.000000000 0.000331089
1.000000000 -0.000090796 0.000084145 -0.000197461 0.000090792 1.000000000 0.000047870 -0.000060781 -0.000084150 -0.000047862 1.000000000 0.000090138
1.000000000 0.000006986 0.000141543 -0.000728275 -0.000006986 1.000000000 -0.000002924 0.000622681 -0.000141543 0.000002923 1.000000000 0.000067940
1.000000000 -0.000132531 0.000064765 0.000222948 0.000132531 1.000000000 -0.000002877 0.000506365 -0.000064765 0.000002886 1.000000000 -0.000007258
1.000000000 -0.000007988 0.000070680 -0.000426049 0.000007981 1.000000000 0.000093535 -0.000237591 -0.000070681 -0.000093535 1.000000000 -0.000125925
1.000000000 -0.000030055 -0.000010297 -0.000502675 0.000030054 1.000000000 -0.000051904 -0.000098150 0.000010298 0.000051904 1.000000000 -0.001070195
1.000000000 -0.000102467 0.000062267 -0.000536185 0.000102462 1.000000000 0.000079463 -0.001279020 -0.000062275 -0.000079457 1.000000000 -0.001092300
1.000000000 0.000045143 0.000065580 -0.001104566 -0.000045148 1.000000000 0.000085705 -0.001014347 -0.000065576 -0.000085708 1.000000000 -0.000748904
1.000000000 -0.000048685 0.000079794 -0.001141045 0.000048680 1.000000000 0.000063240 -0.000404991 -0.000079797 -0.000063236 1.000000000 -0.001510467
1.000000000 0.000016482 -0.000015997 -0.000626798 -0.000016482 1.000000000 -0.000034190 -0.000228895 0.000015996 0.000034190 1.000000000 -0.001086397
1.000000000 -0.000016656 0.000054136 -0.001105506 0.000016657 1.000000000 -0.000008296 0.000979038 -0.000054136 0.000008297 1.000000000 0.000934156
1.000000000 0.000049377 0.000087760 -0.000622314 -0.000049370 1.000000000 -0.000083091 0.001437862 -0.000087764 0.000083086 1.000000000 0.000561636
1.000000000 -0.000068430 -0.000046384 0.000730165 0.000068426 1.000000000 -0.000074844 0.001557055 0.000046389 0.000074841 1.000000000 0.001447992
1.000000000 0.000025243 0.000085393 -0.000718945 -0.000025230 1.000000000 -0.000152810 0.002642317 -0.000085397 0.000152808 1.000000000 0.003114783
1.000000000 0.000117701 0.000090137 -0.001503976 -0.000117689 1.000000000 -0.000137872 0.001705881 -0.000090153 0.000137861 1.000000000 0.001669357
1.000000000 0.000114959 0.000149606 -0.001479022 -0.000114945 1.000000000 -0.000091906 0.002226165 -0.000149617 0.000091889 1.000000000 0.002334046
1.000000000 0.000036835 0.000122980 -0.001062334 -0.000036825 1.000000000 -0.000077146 0.001157255 -0.000122983 0.000077141 1.000000000 0.001525128
1.000000000 0.000055868 0.000134155 -0.001534482 -0.000055857 1.000000000 -0.000078553 0.001227401 -0.000134160 0.000078546 1.000000000 0.001705362
1.000000000 0.000154064 0.000072091 -0.001129179 -0.000154059 1.000000000 -0.000069734 0.001819051 -0.000072102 0.000069723 1.000000000 0.001231672
1.000000000 0.000051106 -0.000013903 -0.000211789 -0.000051107 1.000000000 -0.000084827 0.001850370 0.000013898 0.000084827 1.000000000 0.002792663
1.000000000 0.000018142 0.000038338 -0.000828373 -0.000018139 1.000000000 -0.000068085 0.002013517 -0.000038339 0.000068085 1.000000000 0.002736787
0.999999940 0.000329878 0.000038858 -0.000716967 -0.000329877 0.999999940 -0.000040583 0.002034802 -0.000038871 0.000040570 1.000000000 0.003287158
0.999999940 0.000253384 0.000093681 -0.001414696 -0.000253380 0.999999940 -0.000043921 0.001661437 -0.000093692 0.000043897 1.000000000 0.002356842
1.000000000 0.000081308 0.000142277 -0.001411289 -0.000081302 1.000000000 -0.000039177 0.002575110 -0.000142280 0.000039165 1.000000000 0.003560434
1.000000000 0.000113558 0.000144202 -0.001580498 -0.000113554 1.000000000 -0.000028595 0.001956313 -0.000144206 0.000028579 1.000000000 0.003094126
1.000000000 0.000100741 0.000077414 -0.001128401 -0.000100733 1.000000000 -0.000112604 0.002895269 -0.000077425 0.000112596 1.000000000 0.002969221
1.000000000 0.000048173 0.000109224 -0.001440713 -0.000048164 1.000000000 -0.000074774 0.001600044 -0.000109228 0.000074769 1.000000000 0.002455241
1.000000000 0.000060181 0.000158948 -0.001718077 -0.000060177 1.000000000 -0.000019301 0.001405518 -0.000158949 0.000019291 1.000000000 0.003046683
1.000000000 0.000085522 0.000146702 -0.000712423 -0.000085510 1.000000000 -0.000078621 0.002789124 -0.000146709 0.000078609 1.000000000 0.004297346
1.000000000 0.000116786 0.000053029 -0.000135053 -0.000116775 1.000000000 -0.000204010 0.003793985 -0.000053053 0.000204004 1.000000000 0.004473775
1.000000000 0.000121521 0.000155561 -0.001320514 -0.000121511 1.000000000 -0.000064359 0.001883160 -0.000155569 0.000064340 1.000000000 0.002958892
1.000000000 0.000176470 0.000154900 -0.002332505 -0.000176445 1.000000000 -0.000159272 0.002527789 -0.000154928 0.000159245 1.000000000 0.002933587
0.999999940 0.000174704 0.000174838 -0.001597362 -0.000174683 1.000000000 -0.000120977 0.002016386 -0.000174859 0.000120947 1.000000000 0.002907392
1.000000000 0.000100862 0.000093494 -0.001186306 -0.000100856 1.000000000 -0.000068413 0.002212977 -0.000093501 0.000068404 1.000000000 0.002529128
1.000000000 0.000159951 0.000097110 -0.001491178 -0.000159947 1.000000000 -0.000049473 0.002919365 -0.000097118 0.000049457 1.000000000 0.003785539
0.999999940 0.000240702 0.000188946 -0.001853310 -0.000240688 0.999999940 -0.000070183 0.002849574 -0.000188963 0.000070137 1.000000000 0.003171041
1.000000000 0.000176236 0.000086147 -0.000333158 -0.000176228 1.000000000 -0.000089282 0.003292022 -0.000086162 0.000089267 1.000000000 0.003843164
1.000000000 0.000072347 0.000119177 -0.000845253 -0.000072332 1.000000000 -0.000125474 0.002373063 -0.000119186 0.000125466 1.000000000 0.004678074
0.999999821 0.000429397 0.000158112 -0.000472597 -0.000429303 0.999999702 -0.000593191 -0.001383295 -0.000158366 0.000593123 0.999999821 0.053581417
0.999999881 0.000299398 0.000160522 0.001932386 -0.000299199 0.999999166 -0.001237041 -0.002150864 -0.000160892 0.001236993 0.999999285 0.143767625
0.999999583 0.000613179 0.000709638 -0.005815085 -0.000612815 0.999999702 -0.000512724 -0.019581242 -0.000709952 0.000512289 0.999999583 0.242733747
0.999999523 0.000605538 0.000755822 -0.002635712 -0.000605182 0.999999642 -0.000470144 -0.022217110 -0.000756107 0.000469686 0.999999642 0.375108868
0.999999583 0.000565704 0.000690017 -0.000792538 -0.000565575 0.999999821 -0.000187477 -0.026354890 -0.000690123 0.000187087 0.999999821 0.517671704
0.999999881 0.000028789 0.000393833 0.010311071 -0.000028883 1.000000000 0.000240341 -0.029523673 -0.000393826 -0.000240353 0.999999881 0.681834161
0.999999940 -0.000201137 0.000325693 0.017216576 0.000201003 0.999999940 0.000410399 -0.032471575 -0.000325775 -0.000410333 0.999999821 0.844159603
0.999999821 0.000582086 0.000199487 0.015787002 -0.000582130 0.999999821 0.000222439 -0.033128630 -0.000199357 -0.000222555 0.999999940 1.015815139
0.999999702 0.000734503 0.000174411 0.019618778 -0.000734568 0.999999702 0.000373362 -0.038817719 -0.000174137 -0.000373490 0.999999940 1.190545321
0.999999821 0.000211834 0.000446316 0.019400429 -0.000212100 0.999999821 0.000597607 -0.047154963 -0.000446190 -0.000597702 0.999999702 1.366333961
0.999999881 0.000362713 0.000284432 0.023748165 -0.000362842 0.999999821 0.000454492 -0.049667966 -0.000284267 -0.000454595 0.999999821 1.559550643
1.000000000 -0.000028088 0.000151078 0.031249713 0.000027948 0.999999583 0.000927316 -0.058513004 -0.000151104 -0.000927312 0.999999583 1.761227012
0.999999702 0.000427560 0.000621368 0.029932218 -0.000428045 0.999999583 0.000781329 -0.061030842 -0.000621034 -0.000781594 0.999999464 1.961292386
0.999999881 -0.000114917 0.000332759 0.038165458 0.000114514 0.999999285 0.001208410 -0.072847754 -0.000332898 -0.001208372 0.999999225 2.169891596
0.999999940 0.000108839 0.000374657 0.042641602 -0.000109330 0.999999106 0.001309190 -0.077067144 -0.000374514 -0.001309231 0.999998987 2.385675907
0.999999821 0.000386132 0.000536778 0.045060579 -0.000386753 0.999999225 0.001157323 -0.082819477 -0.000536331 -0.001157530 0.999999166 2.606675863
0.999999464 0.000425713 0.000946256 0.046703573 -0.000426826 0.999999225 0.001176372 -0.090429001 -0.000945754 -0.001176776 0.999998868 2.833021164
0.999999464 0.000349733 0.000982028 0.051556043 -0.000350964 0.999999166 0.001253848 -0.094845310 -0.000981589 -0.001254192 0.999998748 3.072537899
0.999999821 0.000252568 0.000546943 0.066520162 -0.000253376 0.999998868 0.001477558 -0.105548650 -0.000546570 -0.001477696 0.999998689 3.309072495
0.999999642 0.000458015 0.000716374 0.067042381 -0.000459105 0.999998748 0.001522083 -0.112384170 -0.000715676 -0.001522411 0.999998569 3.560257673
0.999999404 0.000848814 0.000741608 0.069923356 -0.000849857 0.999998748 0.001405927 -0.118549325 -0.000740413 -0.001406557 0.999998748 3.820576191
0.999999344 0.000591175 0.000995669 0.070706099 -0.000592331 0.999999166 0.001161723 -0.120815985 -0.000994981 -0.001162312 0.999998808 4.070210457
0.999999285 0.000846755 0.000854982 0.076874152 -0.000847852 0.999998868 0.001283083 -0.125547245 -0.000853894 -0.001283807 0.999998808 4.327404499
0.999998689 0.000897436 0.001323198 0.073936336 -0.000899721 0.999998033 0.001726709 -0.140582711 -0.001321646 -0.001727898 0.999997616 4.576252460
0.999999404 0.000493490 0.000982709 0.090589724 -0.000495077 0.999998510 0.001615136 -0.142891735 -0.000981911 -0.001615621 0.999998212 4.838491440
0.999999166 0.000959342 0.000888397 0.095692366 -0.000960878 0.999998033 0.001730088 -0.148990482 -0.000886736 -0.001730940 0.999998093 5.097080708
0.999998510 0.001185391 0.001270577 0.094645269 -0.001187602 0.999997795 0.001740387 -0.160888031 -0.001268511 -0.001741893 0.999997616 5.368249893
0.999998569 0.000814419 0.001466036 0.098846138 -0.000816773 0.999998331 0.001605936 -0.167339265 -0.001464726 -0.001607131 0.999997616 5.634292603
0.999998629 0.001020553 0.001323338 0.100569092 -0.001022530 0.999998391 0.001494165 -0.172227770 -0.001321811 -0.001495517 0.999998033 5.906089783
0.999998331 0.001113916 0.001454630 0.105415612 -0.001115903 0.999998391 0.001365854 -0.179618821 -0.001453107 -0.001367475 0.999997973 6.188092709
0.999998450 0.001093054 0.001367755 0.112956703 -0.001094952 0.999998331 0.001388035 -0.184003577 -0.001366236 -0.001389531 0.999998093 6.482113361
0.999998987 0.000893461 0.001126451 0.120947205 -0.000895609 0.999997795 0.001908582 -0.197224408 -0.001124744 -0.001909589 0.999997556 6.759193897
0.999997854 0.001372097 0.001542739 0.120684363 -0.001374555 0.999997795 0.001593383 -0.202034548 -0.001540549 -0.001595500 0.999997556 7.059307575
0.999998450 0.001047346 0.001409574 0.132706612 -0.001049442 0.999998271 0.001487107 -0.210036755 -0.001408014 -0.001488584 0.999997854 7.357099533
0.999998331 0.001154297 0.001386505 0.138225809 -0.001156167 0.999998391 0.001348331 -0.218550414 -0.001384947 -0.001349932 0.999998152 7.661009789
0.999998987 0.000717871 0.001227417 0.143698290 -0.000720386 0.999997616 0.002050076 -0.232201278 -0.001225942 -0.002050958 0.999997079 7.985499859
0.999998391 0.000931549 0.001482379 0.148050174 -0.000935098 0.999996603 0.002395120 -0.242344975 -0.001480143 -0.002396502 0.999996006 8.298848152
0.999998927 0.000495269 0.001392467 0.156835273 -0.000498634 0.999996901 0.002417942 -0.251074582 -0.001391265 -0.002418634 0.999996066 8.620449066
0.999998510 0.000847742 0.001517066 0.156938180 -0.000850450 0.999997973 0.001785564 -0.256833524 -0.001515549 -0.001786851 0.999997258 8.951965332
0.999998331 0.000973843 0.001512141 0.165913418 -0.000977075 0.999997139 0.002138380 -0.271001071 -0.001510054 -0.002139854 0.999996603 9.290995598
0.999998450 0.001143357 0.001333041 0.172693893 -0.001146472 0.999996603 0.002339031 -0.290947735 -0.001330362 -0.002340555 0.999996364 9.625808716
0.999999046 0.000770748 0.001121698 0.188708052 -0.000773398 0.999996901 0.002363425 -0.298005819 -0.001119873 -0.002364290 0.999996603 9.952507019
0.999998212 0.001404035 0.001253234 0.184374452 -0.001406908 0.999996364 0.002294357 -0.306171983 -0.001250008 -0.002296116 0.999996603 10.332259178
0.999998808 0.000928453 0.001236600 0.195132792 -0.000930921 0.999997556 0.001997226 -0.312244475 -0.001234743 -0.001998375 0.999997258 10.684020996
0.999999225 0.000749252 0.001065595 0.203189686 -0.000751430 0.999997556 0.002045604 -0.319643408 -0.001064060 -0.002046403 0.999997377 11.054014206
0.999998271 0.001204482 0.001487317 0.210534081 -0.001207779 0.999996781 0.002217768 -0.332411379 -0.001484641 -0.002219561 0.999996424 11.434891701
0.999997377 0.001526339 0.001714341 0.214747474 -0.001530756 0.999995649 0.002578248 -0.345799804 -0.001710398 -0.002580866 0.999995232 11.809766769
0.999997735 0.001272102 0.001698032 0.220805943 -0.001276492 0.999995768 0.002586873 -0.358771354 -0.001694734 -0.002589035 0.999995232 12.196327209
0.999997616 0.000864696 0.001997570 0.231441543 -0.000871170 0.999994338 0.003242576 -0.374648392 -0.001994755 -0.003244309 0.999992788 12.586015701
0.999997079 0.001565894 0.001851135 0.235395342 -0.001571367 0.999994397 0.002958936 -0.379122794 -0.001846491 -0.002961836 0.999993920 12.984713554
0.999997199 0.001447250 0.001860094 0.245069981 -0.001452801 0.999994457 0.002986249 -0.393519312 -0.001855761 -0.002988943 0.999993801 13.385029793
0.999996066 0.001741852 0.002195255 0.251712590 -0.001748172 0.999994278 0.002880154 -0.403506637 -0.002190226 -0.002883980 0.999993443 13.794588089
0.999996066 0.001766176 0.002188249 0.266778350 -0.001772648 0.999993980 0.002959405 -0.415412903 -0.002183009 -0.002963271 0.999993145 14.199461937
0.999994695 0.002170541 0.002442589 0.273170590 -0.002178249 0.999992609 0.003157337 -0.430699527 -0.002435718 -0.003162641 0.999992013 14.615822792
0.999995232 0.001713817 0.002537847 0.283779889 -0.001721562 0.999993861 0.003052757 -0.441354752 -0.002532600 -0.003057112 0.999992073 15.055750847
0.999995530 0.001576003 0.002525451 0.294667184 -0.001584188 0.999993503 0.003242476 -0.460723430 -0.002520324 -0.003246463 0.999991477 15.491369247
0.999994874 0.001587252 0.002783720 0.302782029 -0.001594937 0.999994934 0.002760802 -0.467951298 -0.002779324 -0.002765228 0.999992251 15.935863495
0.999990284 0.002166288 0.003822811 0.306461304 -0.002178304 0.999992609 0.003142033 -0.481865466 -0.003815976 -0.003150329 0.999987721 16.379337311
0.999988139 0.002599203 0.004106791 0.309315503 -0.002611252 0.999992192 0.002931211 -0.495181084 -0.004099141 -0.002941900 0.999987304 16.823865891
0.999989927 0.002289908 0.003861073 0.326659262 -0.002303015 0.999991596 0.003393651 -0.507561445 -0.003853269 -0.003402508 0.999986768 17.287635803
0.999988556 0.001978125 0.004352781 0.333279073 -0.001995665 0.999989867 0.004028858 -0.526328146 -0.004344767 -0.004037498 0.999982417 17.746719360
0.999987662 0.001825894 0.004623634 0.344800115 -0.001842082 0.999992132 0.003499202 -0.532638013 -0.004617209 -0.003507675 0.999983191 18.216991425
0.999986291 0.002171242 0.004767896 0.359686494 -0.002187932 0.999991477 0.003497952 -0.542679548 -0.004760261 -0.003508335 0.999982595 18.688756943
0.999984860 0.002250592 0.005009159 0.366400152 -0.002269683 0.999990165 0.003808815 -0.564119816 -0.005000538 -0.003820127 0.999980211 19.154296875
0.999983788 0.002696180 0.005020305 0.379382640 -0.002715159 0.999989152 0.003777443 -0.575908065 -0.005010066 -0.003791012 0.999980271 19.638334274
0.999984145 0.002940073 0.004808961 0.385928273 -0.002958690 0.999988079 0.003868675 -0.586874962 -0.004797530 -0.003882842 0.999980986 20.130445480
0.999985278 0.002624985 0.004753816 0.403805971 -0.002641808 0.999990225 0.003536107 -0.597879052 -0.004744488 -0.003548613 0.999982476 20.626739502
0.999987245 0.002114743 0.004613966 0.401462704 -0.002131693 0.999990940 0.003671778 -0.610840917 -0.004606160 -0.003681566 0.999982595 21.092676163
0.999986887 0.002494019 0.004462645 0.408546537 -0.002511799 0.999988914 0.003983258 -0.623348951 -0.004452661 -0.003994416 0.999982059 21.582225800
0.999987185 0.002723600 0.004255207 0.414286673 -0.002740514 0.999988377 0.003974122 -0.638082027 -0.004244334 -0.003985732 0.999983072 22.091121674
0.999988317 0.002997000 0.003794861 0.431203961 -0.003011425 0.999988258 0.003801200 -0.647015691 -0.003783425 -0.003812584 0.999985576 22.603031158
0.999989390 0.003048693 0.003460295 0.432306737 -0.003061571 0.999988377 0.003722507 -0.661984503 -0.003448905 -0.003733061 0.999987006 23.110054016
0.999993086 0.002729387 0.002516975 0.446336925 -0.002739259 0.999988556 0.003926667 -0.678662300 -0.002506229 -0.003933534 0.999989152 23.632642746
0.999997199 0.001131730 0.002042628 0.455860555 -0.001139581 0.999991894 0.003846664 -0.696327746 -0.002038258 -0.003848981 0.999990523 24.150869370
0.999995828 0.002342399 0.001676682 0.466337770 -0.002349513 0.999988198 0.004252852 -0.710095346 -0.001666700 -0.004256773 0.999989569 24.683492661
0.999995887 0.002666386 0.000992349 0.471490413 -0.002670728 0.999986708 0.004400452 -0.726160109 -0.000980602 -0.004403084 0.999989808 25.223381042
0.999995053 0.003072477 0.000524975 0.471997529 -0.003074770 0.999985397 0.004424297 -0.738108397 -0.000511374 -0.004425889 0.999990046 25.758670807
0.999994993 0.003139060 -0.000044403 0.483824551 -0.003138859 0.999987185 0.003973679 -0.748704553 0.000056876 -0.003973520 0.999992132 26.310857773
0.999995649 0.002934091 -0.000198174 0.493357897 -0.002933178 0.999985635 0.004466221 -0.762111068 0.000211275 -0.004465620 0.999989986 26.860248566
0.999995887 0.002635058 -0.001069499 0.505732059 -0.002630199 0.999986351 0.004519863 -0.778185666 0.001081394 -0.004517032 0.999989212 27.401559830
0.999993563 0.003487870 -0.000856246 0.508707285 -0.003484214 0.999984980 0.004234372 -0.790514350 0.000871002 -0.004231362 0.999990642 27.967323303
0.999992490 0.003678370 -0.001225195 0.515871763 -0.003673117 0.999984145 0.004262172 -0.801624060 0.001240854 -0.004257640 0.999990165 28.514686584
0.999991715 0.003887917 -0.001176405 0.525921822 -0.003882880 0.999983430 0.004253619 -0.815064788 0.001192924 -0.004249017 0.999990225 29.073015213
0.999991775 0.003685779 -0.001650418 0.534544230 -0.003678625 0.999983907 0.004316794 -0.827543855 0.001666302 -0.004310688 0.999989331 29.618904114
0.999990404 0.003871390 -0.002036269 0.541161835 -0.003862421 0.999982893 0.004390690 -0.840296865 0.002053232 -0.004382784 0.999988258 30.163492203
0.999989629 0.003978875 -0.002228265 0.552964091 -0.003969038 0.999982357 0.004402053 -0.853141248 0.002245741 -0.004393163 0.999987841 30.715333939
0.999988616 0.004253381 -0.002163950 0.560698748 -0.004244073 0.999981821 0.004287940 -0.864934683 0.002182149 -0.004278708 0.999988437 31.266977310
0.999984145 0.005239259 -0.002058301 0.563198805 -0.005230987 0.999978304 0.004004125 -0.871129155 0.002079235 -0.003993294 0.999989867 31.821928024
0.999985158 0.004098675 -0.003594730 0.588786602 -0.004084071 0.999983430 0.004060338 -0.889202118 0.003611313 -0.004045597 0.999985278 32.366565704
0.999982893 0.003662705 -0.004568944 0.596737742 -0.003643600 0.999984622 0.004182632 -0.905322134 0.004584193 -0.004165912 0.999980807 32.914585114
0.999985993 0.003686958 -0.003774311 0.602874458 -0.003671928 0.999985278 0.003981558 -0.917715251 0.003788936 -0.003967644 0.999984980 33.466182709
0.999985874 0.003685110 -0.003837524 0.615117431 -0.003667647 0.999982953 0.004547722 -0.937748015 0.003854218 -0.004533583 0.999982297 34.014732361
0.999984920 0.003810460 -0.003933305 0.609156132 -0.003790576 0.999980092 0.005050279 -0.953551173 0.003952470 -0.005035293 0.999979436 34.550083160
0.999982178 0.004017655 -0.004400824 0.622084320 -0.003996698 0.999980748 0.004760415 -0.971839786 0.004419865 -0.004742743 0.999978960 35.070075989
0.999981999 0.003971222 -0.004492350 0.635761023 -0.003952254 0.999983251 0.004223575 -0.973685086 0.004509048 -0.004205745 0.999980927 35.644149780
0.999981523 0.003748799 -0.004771979 0.650295615 -0.003728160 0.999983728 0.004326454 -0.981677294 0.004788119 -0.004308584 0.999979198 36.199176788
0.999981344 0.003918318 -0.004680867 0.654954553 -0.003899581 0.999984324 0.004005521 -1.000371814 0.004696490 -0.003987193 0.999981046 36.760589600
0.999979556 0.004255993 -0.004773196 0.664026916 -0.004234534 0.999980927 0.004496973 -1.024024129 0.004792243 -0.004476668 0.999978483 37.277366638
0.999978244 0.004305859 -0.005000023 0.674265325 -0.004284046 0.999981284 0.004365130 -1.035873413 0.005018726 -0.004343615 0.999978006 37.828983307
0.999976993 0.004125796 -0.005368314 0.686483443 -0.004104267 0.999983490 0.004015088 -1.055636644 0.005384790 -0.003992964 0.999977469 38.405567169
0.999978602 0.003881364 -0.005260441 0.697128832 -0.003860086 0.999984324 0.004049165 -1.047624469 0.005276076 -0.004028772 0.999977946 38.953914642
0.999980569 0.004078140 -0.004716637 0.684606850 -0.004063259 0.999986768 0.003160364 -1.065629840 0.004729463 -0.003141138 0.999983907 39.511611938
0.999978065 0.003393393 -0.005683892 0.713498116 -0.003369011 0.999985099 0.004293797 -1.096536756 0.005698378 -0.004274554 0.999974549 40.055759430
0.999976218 0.003658811 -0.005856934 0.723597825 -0.003634264 0.999984562 0.004196169 -1.110316515 0.005872197 -0.004174783 0.999974012 40.607368469
0.999980867 0.003357275 -0.005197996 0.732112348 -0.003335607 0.999985754 0.004171641 -1.121794462 0.005211928 -0.004154223 0.999977767 41.173324585
0.999980390 0.003734405 -0.005034446 0.738845170 -0.003713825 0.999984801 0.004091098 -1.134672880 0.005049648 -0.004072320 0.999978960 41.719806671
0.999976158 0.005121399 -0.004627431 0.745136380 -0.005104021 0.999979913 0.003759428 -1.145927668 0.004646592 -0.003735719 0.999982238 42.265541077
0.999976635 0.005039634 -0.004620311 0.756742001 -0.005022112 0.999980211 0.003796112 -1.157022238 0.004639349 -0.003772819 0.999982119 42.819122314
0.999975502 0.005495076 -0.004329359 0.767672181 -0.005478694 0.999977827 0.003786574 -1.171211839 0.004350070 -0.003762762 0.999983490 43.350753784
0.999977291 0.004605779 -0.004902743 0.780122459 -0.004587600 0.999982595 0.003712917 -1.183302999 0.004919759 -0.003690341 0.999981105 43.911495209
0.999976099 0.005559926 -0.004083355 0.780432224 -0.005544340 0.999977350 0.003818739 -1.197991610 0.004104495 -0.003796009 0.999984443 44.455970764
0.999974847 0.005072261 -0.004940817 0.795595407 -0.005056388 0.999981999 0.003219611 -1.200965881 0.004957059 -0.003194547 0.999982595 44.990123749
0.999975622 0.004841089 -0.005037536 0.805304825 -0.004821585 0.999980867 0.003876675 -1.225069880 0.005056208 -0.003852291 0.999979794 45.540451050
0.999975801 0.004790971 -0.005052226 0.812045932 -0.004772358 0.999981821 0.003690007 -1.235114098 0.005069812 -0.003665807 0.999980450 46.093460083
0.999976099 0.005299373 -0.004441141 0.815389097 -0.005285115 0.999980867 0.003215982 -1.240942240 0.004458099 -0.003192433 0.999984980 46.641654968
0.999976754 0.005593040 -0.003900595 0.820895493 -0.005580312 0.999979019 0.003266535 -1.247959614 0.003918784 -0.003244692 0.999987066 47.200759888
0.999975622 0.005334605 -0.004505149 0.831503987 -0.005319223 0.999979973 0.003419467 -1.259462237 0.004523300 -0.003395420 0.999984026 47.764984131
0.999974072 0.005665836 -0.004474512 0.842273951 -0.005651871 0.999979258 0.003127501 -1.276033759 0.004492139 -0.003102130 0.999985099 48.308849335
0.999973595 0.005386962 -0.004882294 0.856302679 -0.005371148 0.999980330 0.003246398 -1.288483739 0.004899687 -0.003220089 0.999982774 48.848743439
0.999974728 0.005576225 -0.004412550 0.857135177 -0.005561760 0.999979079 0.003283568 -1.302333474 0.004430769 -0.003258943 0.999984801 49.402694702
0.999971092 0.006418097 -0.004083638 0.870472789 -0.006405627 0.999974728 0.003059461 -1.312812924 0.004103171 -0.003033215 0.999987006 49.941669464
0.999967992 0.006622569 -0.004493997 0.880247593 -0.006608031 0.999972939 0.003241630 -1.328129411 0.004515344 -0.003211829 0.999984622 50.473285675
0.999970913 0.006462776 -0.004029344 0.883841336 -0.006449446 0.999973655 0.003311972 -1.344551802 0.004050643 -0.003285890 0.999986410 51.001651764
0.999970376 0.006098348 -0.004696130 0.899739027 -0.006083160 0.999976218 0.003241789 -1.357536197 0.004715789 -0.003213126 0.999983728 51.544654846
0.999968231 0.006572120 -0.004516496 0.901137352 -0.006555612 0.999971807 0.003659700 -1.370670795 0.004540422 -0.003629976 0.999983132 52.085109711
0.999967396 0.006803309 -0.004348779 0.908540010 -0.006791629 0.999973238 0.002694601 -1.379845500 0.004366995 -0.002664977 0.999986887 52.633060455
0.999966741 0.006868142 -0.004380392 0.918495774 -0.006855220 0.999972105 0.002958180 -1.395265222 0.004400587 -0.002928054 0.999986053 53.175762177
0.999966741 0.006962778 -0.004236100 0.925511837 -0.006951690 0.999972403 0.002626756 -1.406793952 0.004254271 -0.002597221 0.999987543 53.722251892
0.999965072 0.007331330 -0.004013696 0.931064188 -0.007322514 0.999970675 0.002207472 -1.419967890 0.004029763 -0.002178005 0.999989510 54.276294708
0.999964356 0.007377937 -0.004085138 0.936006427 -0.007368768 0.999970257 0.002255077 -1.431509614 0.004101654 -0.002224895 0.999989092 54.820697784
0.999965310 0.007306230 -0.003984376 0.944478631 -0.007298506 0.999971449 0.001949538 -1.443518519 0.003998507 -0.001920391 0.999990106 55.374217987
0.999964178 0.007445468 -0.004004149 0.952418625 -0.007438548 0.999970794 0.001740339 -1.452695489 0.004016989 -0.001710491 0.999990404 55.926288605
0.999965966 0.007048981 -0.004293588 0.961785495 -0.007039341 0.999972701 0.002256372 -1.471608639 0.004309376 -0.002226071 0.999988258 56.460189819
0.999964952 0.007417300 -0.003889365 0.968898118 -0.007409528 0.999970555 0.002008138 -1.485839367 0.003904144 -0.001979250 0.999990404 57.009849548
0.999961972 0.007853986 -0.003784674 0.973023653 -0.007846460 0.999967337 0.001999066 -1.498328447 0.003800251 -0.001969294 0.999990821 57.556003571
0.999964535 0.007436184 -0.003933753 0.981780767 -0.007429241 0.999970853 0.001776984 -1.511880755 0.003946852 -0.001747696 0.999990642 58.101631165
0.999965072 0.007403210 -0.003912629 0.995237589 -0.007397013 0.999971390 0.001595845 -1.525396585 0.003924331 -0.001566848 0.999991059 58.637271881
0.999963582 0.007592145 -0.003896446 1.001791120 -0.007585223 0.999969661 0.001788045 -1.538230181 0.003909902 -0.001758424 0.999990821 59.180442810
0.999963522 0.007708481 -0.003677480 1.010486007 -0.007703382 0.999969363 0.001398686 -1.553128242 0.003688149 -0.001370305 0.999992251 59.721984863
0.999963164 0.007554654 -0.004057960 1.020240784 -0.007547934 0.999970257 0.001668373 -1.571977496 0.004070444 -0.001637682 0.999990404 60.257225037
0.999960780 0.007813109 -0.004170163 1.027655959 -0.007806526 0.999968231 0.001592610 -1.581762910 0.004182474 -0.001559993 0.999990046 60.805397034
0.999962330 0.007911332 -0.003575161 1.032615304 -0.007906348 0.999967754 0.001406719 -1.598352075 0.003586174 -0.001378399 0.999992609 61.341278076
0.999962926 0.007879458 -0.003510946 1.045019507 -0.007872767 0.999967158 0.001915836 -1.614209771 0.003525927 -0.001888124 0.999992013 61.885707855
0.999961197 0.008070967 -0.003519503 1.051347017 -0.008065375 0.999966204 0.001599836 -1.628671527 0.003532296 -0.001571388 0.999992549 62.415012360
0.999961317 0.008126466 -0.003360773 1.059592366 -0.008122370 0.999966264 0.001230778 -1.641636968 0.003370660 -0.001203433 0.999993563 62.953010559
0.999958634 0.008448390 -0.003365098 1.066985965 -0.008444302 0.999963582 0.001227037 -1.655362487 0.003375343 -0.001198571 0.999993563 63.493083954
0.999958813 0.008371870 -0.003488143 1.074923158 -0.008367822 0.999964297 0.001173235 -1.671909571 0.003497840 -0.001143998 0.999993205 64.034194946
0.999957442 0.008546763 -0.003469764 1.081866860 -0.008543056 0.999962926 0.001082095 -1.685747862 0.003478882 -0.001052406 0.999993384 64.576652527
0.999960661 0.008219362 -0.003340564 1.087688684 -0.008215054 0.999965429 0.001301385 -1.699739099 0.003351145 -0.001273891 0.999993563 65.103691101
0.999963582 0.007835444 -0.003382850 1.099784732 -0.007831544 0.999968648 0.001164593 -1.716033101 0.003391869 -0.001138058 0.999993622 65.634346008
0.999966621 0.007699775 -0.002732204 1.105777502 -0.007696761 0.999969780 0.001111646 -1.729208350 0.002740681 -0.001090580 0.999995708 66.175498962
0.999962807 0.007934062 -0.003375994 1.113358259 -0.007931134 0.999968112 0.000880093 -1.742729783 0.003382869 -0.000853284 0.999993920 66.715438843
0.999969125 0.006770113 -0.003978220 1.133841038 -0.006767007 0.999976754 0.000793842 -1.750692964 0.003983502 -0.000766897 0.999991834 67.299194336
0.999961555 0.008134305 -0.003272020 1.132120252 -0.008131227 0.999966502 0.000953174 -1.776308179 0.003279664 -0.000926532 0.999994159 67.772377014
0.999962270 0.008039898 -0.003292654 1.143591166 -0.008036903 0.999967277 0.000922043 -1.794019222 0.003299960 -0.000895545 0.999994159 68.303680420
0.999963522 0.007920885 -0.003190718 1.147339344 -0.007918370 0.999968350 0.000800061 -1.807531118 0.003196954 -0.000774767 0.999994516 68.843589783
0.999960363 0.008133709 -0.003619608 1.157502174 -0.008131567 0.999966681 0.000605921 -1.819496870 0.003624415 -0.000576464 0.999993265 69.369903564
0.999960363 0.008315926 -0.003174001 1.170867682 -0.008315547 0.999965429 0.000132380 -1.836162329 0.003174993 -0.000105981 0.999994874 69.893585205
0.999962926 0.008064766 -0.002987634 1.178613782 -0.008063328 0.999967396 0.000492836 -1.853145719 0.002991512 -0.000468728 0.999995351 70.446174622
0.999961734 0.008099774 -0.003349076 1.193392873 -0.008098894 0.999967158 0.000277232 -1.869231582 0.003351212 -0.000250098 0.999994338 70.942970276
0.999961436 0.008203845 -0.003139085 1.203097820 -0.008203429 0.999966264 0.000145728 -1.883841753 0.003140174 -0.000119971 0.999995053 71.471382141
0.999962986 0.007940235 -0.003317485 1.215825438 -0.007938790 0.999968410 0.000449022 -1.901365161 0.003320946 -0.000422669 0.999994338 71.996673584
0.999962926 0.007957240 -0.003298665 1.223683119 -0.007957482 0.999968350 -0.000060387 -1.915539265 0.003298081 0.000086634 0.999994516 72.532501221
0.999961674 0.008098251 -0.003334082 1.234804034 -0.008098061 0.999967217 0.000070420 -1.930782080 0.003334542 -0.000043418 0.999994457 73.065277100
0.999960184 0.008290352 -0.003301364 1.244528890 -0.008289210 0.999965608 0.000358596 -1.946817160 0.003304224 -0.000331216 0.999994457 73.597610474
0.999963641 0.007887011 -0.003242076 1.257950902 -0.007886757 0.999968827 0.000091299 -1.962990880 0.003242695 -0.000065726 0.999994695 74.132972717
0.999961615 0.008106856 -0.003327167 1.271186233 -0.008105602 0.999967039 0.000390332 -1.981135488 0.003330222 -0.000363348 0.999994338 74.660118103
0.999958098 0.008611691 -0.003096481 1.280967116 -0.008610012 0.999962807 0.000555230 -1.999795198 0.003101147 -0.000528546 0.999995053 75.198684692
0.999958813 0.008510257 -0.003132000 1.296631694 -0.008509486 0.999963760 0.000259196 -2.013117552 0.003134093 -0.000232533 0.999995053 75.732322693
0.999958754 0.008425469 -0.003382404 1.307918668 -0.008425076 0.999964476 0.000130300 -2.028272390 0.003383381 -0.000101798 0.999994278 76.267509460
0.999959111 0.008218149 -0.003752588 1.327414393 -0.008218125 0.999966204 0.000021528 -2.047205210 0.003752638 0.000009312 0.999992967 76.810928345
0.999961495 0.007782998 -0.004035268 1.347119331 -0.007783561 0.999969721 -0.000123970 -2.068801403 0.004034181 0.000155374 0.999991775 77.327850342
0.999960244 0.007358425 -0.005030874 1.373665214 -0.007360490 0.999972820 -0.000392136 -2.066884756 0.005027852 0.000429150 0.999987185 77.959121704
0.999961436 0.007684379 -0.004247435 1.371699214 -0.007685406 0.999970436 -0.000224884 -2.092930317 0.004245582 0.000257518 0.999990940 78.463287354
0.999957979 0.008339464 -0.003802093 1.376781821 -0.008341958 0.999965012 -0.000640644 -2.101477861 0.003796617 0.000672334 0.999992549 79.000907898
0.999956489 0.008518821 -0.003803578 1.381687403 -0.008520780 0.999963582 -0.000499228 -2.120695353 0.003799187 0.000531616 0.999992669 79.541191101
0.999956250 0.008524010 -0.003838165 1.399845600 -0.008526234 0.999963522 -0.000563387 -2.139071703 0.003833223 0.000596088 0.999992430 80.077789307
0.999958575 0.008754760 -0.002495428 1.398548126 -0.008756484 0.999961436 -0.000680691 -2.152818203 0.002489373 0.000702514 0.999996662 80.613090515
0.999956608 0.009263549 -0.001004583 1.405208349 -0.009264360 0.999956727 -0.000802662 -2.169113159 0.000997103 0.000811934 0.999999106 81.158996582
0.999965608 0.008283953 -0.000209787 1.417706251 -0.008284137 0.999965310 -0.000890852 -2.186303139 0.000202400 0.000892559 0.999999583 81.709945679
0.999962509 0.008604824 0.000940603 1.427865744 -0.008603908 0.999962509 -0.000975531 -2.201267242 -0.000948962 0.000967401 0.999999106 82.263587952
0.999953926 0.008651349 0.004148051 1.446329117 -0.008646839 0.999962032 -0.001103079 -2.219215870 -0.004157436 0.001067161 0.999990761 82.816307068
0.999940217 0.007614294 0.007839637 1.466348171 -0.007606959 0.999970734 -0.000964765 -2.234371185 -0.007846752 0.000905072 0.999968767 83.372337341
0.999905407 0.007880010 0.011267171 1.479972243 -0.007867274 0.999968350 -0.001173953 -2.250200510 -0.011276064 0.001085200 0.999935806 83.920768738
0.999847054 0.008302970 0.015394020 1.503327131 -0.008281738 0.999964654 -0.001442384 -2.264492273 -0.015405452 0.001314674 0.999880493 84.473594666
0.999731004 0.008576280 0.021548117 1.529640079 -0.008554206 0.999962807 -0.001116233 -2.283706427 -0.021556884 0.000931606 0.999767184 85.021446228
0.999600410 0.007866764 0.027150445 1.560714126 -0.007831340 0.999968350 -0.001410810 -2.303997278 -0.027160680 0.001197621 0.999630392 85.574165344
0.999417484 0.007722649 0.033239830 1.595533252 -0.007675386 0.999969363 -0.001549294 -2.318032026 -0.033250771 0.001293263 0.999446213 86.108451843
0.999120951 0.007767845 0.041194078 1.636673570 -0.007712255 0.999969125 -0.001508210 -2.340800047 -0.041204516 0.001189185 0.999150038 86.665237427
0.998739719 0.007544967 0.049618937 1.684403658 -0.007442200 0.999969780 -0.002255577 -2.355767012 -0.049634445 0.001883460 0.998765647 87.233428955
0.998346329 0.007183865 0.057034701 1.726647854 -0.007066778 0.999972463 -0.002254356 -2.376310587 -0.057049327 0.001847577 0.998369634 87.786598206
0.997792482 0.006919896 0.066047736 1.783315659 -0.006766485 0.999973893 -0.002546145 -2.386402130 -0.066063635 0.002093613 0.997813165 88.360855103
0.997046411 0.006836334 0.076496795 1.841918468 -0.006626837 0.999973595 -0.002992138 -2.410627604 -0.076515242 0.002476369 0.997065365 88.916450500
0.996338010 0.006313913 0.085268252 1.905079365 -0.006022697 0.999975145 -0.003672082 -2.417222977 -0.085289314 0.003145090 0.996351242 89.476226807
0.995670319 0.004981645 0.092821404 1.970186710 -0.004608006 0.999980390 -0.004239261 -2.436866283 -0.092840709 0.003793186 0.995673716 90.031044006
0.994703591 0.004819074 0.102672026 2.049556255 -0.004389194 0.999980569 -0.004412406 -2.448283434 -0.102691285 0.003938388 0.994705617 90.562385559
0.993512630 0.005574983 0.113585174 2.125743866 -0.005206500 0.999980152 -0.003540499 -2.472266674 -0.113602661 0.002926150 0.993521929 91.079055786
0.992500007 0.003569453 0.122192331 2.222601891 -0.002943891 0.999981642 -0.005299642 -2.481950283 -0.122208998 0.004900174 0.992492318 91.611984253
0.990992486 0.003236389 0.133878529 2.324327469 -0.002577180 0.999983668 -0.005096935 -2.495883226 -0.133892834 0.004705996 0.990984619 92.153312683
0.989227355 0.002817712 0.146359995 2.421738625 -0.002106244 0.999985218 -0.005015823 -2.516824484 -0.146371976 0.004653520 0.989218593 92.681465149
0.987592280 0.002465534 0.157020256 2.528420448 -0.001638120 0.999984086 -0.005398667 -2.529159069 -0.157031074 0.005074464 0.987580597 93.217720032
0.985919893 0.002271833 0.167202950 2.641962051 -0.001315254 0.999982119 -0.005831581 -2.547754765 -0.167213231 0.005529557 0.985905230 93.757217407
0.983743012 0.001763971 0.179573461 2.761633873 -0.000765230 0.999983847 -0.005630857 -2.567762136 -0.179580525 0.005401901 0.983728409 94.294776917
0.981342852 0.001536228 0.192259818 2.899924278 -0.000422875 0.999982893 -0.005831765 -2.584728718 -0.192265525 0.005641660 0.981326699 94.825195312
0.978999734 0.001954899 0.203851759 3.001367569 -0.001041236 0.999988914 -0.004589158 -2.622420073 -0.203858465 0.004280528 0.978991032 95.307769775
0.976487339 0.000894459 0.215572998 3.166688919 0.000348243 0.999983549 -0.005726601 -2.621900082 -0.215574548 0.005667024 0.976470947 95.875045776
0.973443151 0.001226713 0.228925511 3.310825348 0.000061849 0.999984205 -0.005621483 -2.636830807 -0.228928789 0.005486354 0.973427653 96.408782959
0.970759630 -0.000397617 0.240053236 3.464313507 0.001908569 0.999979734 -0.006061792 -2.649897337 -0.240045980 0.006342700 0.970740795 96.929840088
0.967733324 0.000059018 0.251976609 3.630077362 0.001375669 0.999983847 -0.005517565 -2.680392742 -0.251972914 0.005686168 0.967717588 97.577644348
0.963994861 0.001131688 0.265918791 3.751081467 0.000573868 0.999979794 -0.006336038 -2.655229092 -0.265920550 0.006260511 0.963974595 98.370376587
0.960547388 0.000627893 0.278115541 3.972827911 0.000941323 0.999984324 -0.005508748 -2.705142021 -0.278114676 0.005553211 0.960531771 98.666175842
0.957131743 -0.000470269 0.289652646 4.150266647 0.002081372 0.999984145 -0.005254175 -2.731079578 -0.289645523 0.005631812 0.957117379 99.180076599
0.952784896 -0.000371817 0.303645790 4.342042923 0.002104788 0.999983311 -0.005379950 -2.746340752 -0.303638726 0.005765044 0.952769816 99.704254150
0.948256135 -0.000665917 0.317505568 4.540637970 0.002412830 0.999984026 -0.005108807 -2.756415367 -0.317497075 0.005610545 0.948242664 100.234413147
0.944417834 -0.001192005 0.328745276 4.748346329 0.003101072 0.999981225 -0.005282890 -2.769900799 -0.328732789 0.006008719 0.944403887 100.755470276
0.939741790 -0.001317110 0.341882437 4.978670120 0.003191111 0.999982774 -0.004919040 -2.804763079 -0.341870129 0.005713612 0.939729810 101.274085999
0.934095085 -0.000053146 0.357024252 5.162534714 0.001876172 0.999986947 -0.004759838 -2.799993992 -0.357019335 0.005115981 0.934083045 101.838073730
0.929794252 -0.001314142 0.368077308 5.426445007 0.003114642 0.999985874 -0.004297609 -2.844511509 -0.368066519 0.005142321 0.929785252 102.284011841
0.925047517 -0.002780076 0.379841268 5.616853714 0.004686568 0.999980628 -0.004094542 -2.878283978 -0.379822463 0.005567798 0.925042629 102.682579041
0.919266105 -0.001497139 0.393634051 5.863399506 0.003332217 0.999986589 -0.003978505 -2.888911724 -0.393622816 0.004968978 0.919258654 103.190666199
0.913303435 -0.003054464 0.407268107 6.097145081 0.005077935 0.999979556 -0.003887599 -2.911000967 -0.407247841 0.005618639 0.913300395 103.677185059
0.908018410 -0.002713710 0.418921530 6.328746796 0.004411140 0.999985516 -0.003083455 -2.940490246 -0.418907046 0.004647755 0.908017159 104.154205322
0.902331352 -0.002675902 0.431034744 6.599922180 0.004824506 0.999980807 -0.003891687 -2.944029570 -0.431016088 0.005591121 0.902326882 104.669349670
0.895937622 -0.003297697 0.444167614 6.867996216 0.005189436 0.999981821 -0.003043386 -2.970836878 -0.444149554 0.005031663 0.895938516 105.163177490
0.889905870 -0.003231998 0.456132799 7.126876831 0.005495444 0.999978304 -0.003636003 -2.978582144 -0.456111103 0.005742354 0.889904261 105.604110718
0.884193003 -0.003816516 0.467106223 7.405879974 0.005778185 0.999979496 -0.002767236 -2.998326778 -0.467086077 0.005145797 0.884196937 106.086227417
0.876832843 -0.004344911 0.480775714 7.698200226 0.006637798 0.999973178 -0.003068881 -3.016759396 -0.480749547 0.005882188 0.876838207 106.571212769
