1.000000000 0.000000000 0.000000000 0.000000000 0.000000000 1.000000000 0.000000000 0.000000000 0.000000000 0.000000000 1.000000000 0.000000000
1.000000000 -0.000040715 0.000120744 -0.001339393 0.000040702 1.000000000 0.000101662 0.000177869 -0.000120748 -0.000101657 1.000000000 0.001829759
1.000000000 0.000172156 0.000147858 -0.000721404 -0.000172183 0.999999940 0.000178720 -0.000373972 -0.000147827 -0.000178746 1.000000000 0.000110549
1.000000000 0.000188462 -0.000063676 0.000657811 -0.000188450 0.999999940 0.000185864 -0.001265626 0.000063711 -0.000185852 1.000000000 -0.000812288
0.999999940 0.000305210 0.000136457 -0.001625241 -0.000305230 0.999999940 0.000142802 -0.000179320 -0.000136414 -0.000142844 1.000000000 0.000911317
1.000000000 0.000153398 0.000089558 -0.001607669 -0.000153412 1.000000000 0.000159292 -0.000413942 -0.000089533 -0.000159306 1.000000000 -0.000559737
1.000000000 0.000029318 0.000151163 -0.000721235 -0.000029339 1.000000000 0.000139895 -0.000675650 -0.000151159 -0.000139900 1.000000000 -0.000486356
0.999999940 -0.000121183 0.000277971 -0.002235195 0.000121161 1.000000000 0.000079648 0.001222400 -0.000277980 -0.000079614 0.999999940 0.003879191
0.999999940 0.000152564 0.000267302 -0.002094979 -0.000152602 1.000000000 0.000143417 0.000682611 -0.000267280 -0.000143458 0.999999940 0.003305793
0.999999940 0.000124433 0.000230506 -0.001330736 -0.000124463 1.000000000 0.000131194 0.000148123 -0.000230490 -0.000131223 0.999999940 0.001718869
0.999999940 0.000041916 0.000268344 -0.001366232 -0.000041924 1.000000000 0.000030312 0.001679724 -0.000268343 -0.000030323 0.999999940 0.003050381
1.000000000 -0.000085837 0.000040370 -0.000211607 0.000085831 1.000000000 0.000147897 -0.000370342 -0.000040383 -0.000147893 1.000000000 0.000614565
0.999999940 0.000221303 0.000229117 -0.002905592 -0.000221310 1.000000000 0.000030468 0.002100346 -0.000229110 -0.000030518 1.000000000 0.005661011
0.999999940 -0.000071913 0.000258619 -0.001845907 0.000071841 0.999999940 0.000278236 -0.000671590 -0.000258639 -0.000278217 0.999999940 0.001403761
0.999999940 0.000110266 0.000230809 -0.001742086 -0.000110314 1.000000000 0.000205686 -0.001066805 -0.000230786 -0.000205711 0.999999940 -0.000208824
1.000000000 0.000080738 0.000141147 -0.000192443 -0.000080759 1.000000000 0.000147980 -0.001446329 -0.000141135 -0.000147991 1.000000000 -0.002076707
1.000000000 0.000018964 0.000072997 0.000190412 -0.000018978 1.000000000 0.000187867 -0.001358383 -0.000072994 -0.000187868 1.000000000 -0.001869682
0.999999881 0.000297728 0.000440990 -0.003015642 -0.000297800 0.999999940 0.000164000 0.000193352 -0.000440941 -0.000164131 0.999999881 0.001834498
0.999999940 0.000194141 0.000357277 -0.003852631 -0.000194186 1.000000000 0.000125551 0.000595027 -0.000357252 -0.000125620 0.999999940 0.003943597
0.999999940 0.000229248 0.000203888 -0.002326408 -0.000229275 0.999999940 0.000131576 0.000590943 -0.000203858 -0.000131623 1.000000000 0.003036331
0.999999881 0.000351323 0.000277612 -0.002304558 -0.000351403 0.999999881 0.000289376 -0.000812840 -0.000277510 -0.000289474 0.999999940 0.001288313
0.999999762 0.000533953 0.000392954 -0.003477364 -0.000534037 0.999999821 0.000212484 -0.000224368 -0.000392841 -0.000212694 0.999999881 0.001735570
0.999999940 0.000251561 0.000335706 -0.002647666 -0.000251650 0.999999940 0.000263056 -0.001218882 -0.000335640 -0.000263141 0.999999881 0.000338702
0.999999881 0.000183281 0.000394074 -0.002758127 -0.000183370 0.999999940 0.000227587 -0.000769478 -0.000394032 -0.000227660 0.999999881 0.002743716
0.999999940 0.000184383 0.000324344 -0.002396638 -0.000184441 0.999999940 0.000178648 -0.000423907 -0.000324311 -0.000178707 0.999999940 0.000250470
0.999999881 0.000258746 0.000385647 -0.002924485 -0.000258802 0.999999940 0.000145210 0.001003986 -0.000385610 -0.000145309 0.999999940 0.003463766
0.999999940 0.000081228 0.000305247 -0.001917859 -0.000081245 1.000000000 0.000053397 0.000310702 -0.000305242 -0.000053422 0.999999940 0.000243267
0.999999940 0.000201445 0.000195824 -0.000861490 -0.000201470 1.000000000 0.000129091 -0.000187766 -0.000195798 -0.000129131 1.000000000 0.000577060
0.999999821 0.000430968 0.000421457 -0.003803264 -0.000430978 0.999999881 0.000023304 0.001255166 -0.000421447 -0.000023485 0.999999940 0.002750445
0.999999940 0.000185975 0.000272793 -0.002836343 -0.000186019 0.999999940 0.000161560 0.000951219 -0.000272763 -0.000161611 0.999999940 0.002854085
0.999999940 0.000211698 0.000256510 -0.002374594 -0.000211724 1.000000000 0.000100482 0.000977939 -0.000256489 -0.000100537 0.999999940 0.003345846
0.999999940 0.000019058 0.000259098 -0.002086478 -0.000019108 1.000000000 0.000191607 0.000089832 -0.000259094 -0.000191612 0.999999940 0.001852885
0.999999940 0.000040311 0.000259247 -0.002310336 -0.000040316 1.000000000 0.000018958 0.001645652 -0.000259246 -0.000018969 0.999999940 0.003363816
0.999999940 0.000000453 0.000340616 -0.001665139 -0.000000461 1.000000000 0.000023341 0.000918085 -0.000340616 -0.000023341 0.999999940 0.001776869
1.000000000 -0.000002445 0.000183195 -0.000383345 0.000002403 1.000000000 0.000230803 -0.001096634 -0.000183196 -0.000230803 0.999999940 -0.000302532
0.999999881 0.000358746 0.000365298 -0.002039700 -0.000358805 0.999999940 0.000161829 -0.000164867 -0.000365240 -0.000161960 0.999999940 -0.000192739
0.999999940 0.000237905 0.000349381 -0.003612862 -0.000237912 1.000000000 0.000019536 0.003946921 -0.000349376 -0.000019619 0.999999940 0.007571285
0.999999940 0.000009368 0.000344932 -0.002975638 -0.000009387 1.000000000 0.000055589 0.002049509 -0.000344931 -0.000055592 0.999999940 0.005142611
0.999999940 0.000075350 0.000308606 -0.003444970 -0.000075415 1.000000000 0.000210773 0.001424733 -0.000308590 -0.000210796 0.999999940 0.005421264
0.999999940 -0.000128292 0.000294323 -0.001289817 0.000128255 1.000000000 0.000124416 0.000686345 -0.000294339 -0.000124378 0.999999940 0.001913649
0.999999881 -0.000038327 0.000427140 -0.002131163 0.000038288 1.000000000 0.000091214 0.000453009 -0.000427143 -0.000091197 0.999999881 0.002855415
0.999999940 -0.000273843 0.000236361 0.000375367 0.000274006 0.999999702 -0.000690699 0.000517134 -0.000236172 0.000690763 0.999999762 0.054469727
0.999999940 0.000182108 0.000335260 -0.001782097 -0.000181759 0.999999464 -0.001039821 -0.005282642 -0.000335449 0.001039760 0.999999404 0.136265144
0.999999940 0.000268244 0.000079148 0.002927672 -0.000268127 0.999998868 -0.001478065 -0.004810285 -0.000079544 0.001478044 0.999998927 0.255556375
1.000000000 0.000231123 -0.000050080 0.005698343 -0.000231176 0.999999404 -0.001059708 -0.013109086 0.000049835 0.001059720 0.999999464 0.385728449
0.999999940 0.000396733 0.000089016 0.007827190 -0.000396667 0.999999642 -0.000732175 -0.020397706 -0.000089306 0.000732139 0.999999702 0.522179008
0.999999881 0.000482866 0.000073880 0.011627262 -0.000482820 0.999999702 -0.000622465 -0.027601492 -0.000074181 0.000622429 0.999999821 0.669941843
0.999999881 0.000388477 0.000238747 0.016864764 -0.000388313 0.999999702 -0.000689189 -0.026911320 -0.000239015 0.000689096 0.999999762 0.837435067
1.000000000 0.000205462 0.000029482 0.018461484 -0.000205446 0.999999821 -0.000518017 -0.029371168 -0.000029588 0.000518011 0.999999881 1.014601231
0.999999881 0.000475276 -0.000044784 0.022019468 -0.000475283 0.999999881 -0.000160700 -0.036279701 0.000044707 0.000160721 1.000000000 1.188024163
0.999999881 0.000439015 0.000060285 0.021861261 -0.000439003 0.999999881 -0.000185770 -0.040377792 -0.000060366 0.000185744 1.000000000 1.372188687
0.999999881 0.000490361 -0.000061900 0.037940104 -0.000490350 0.999999881 0.000174144 -0.052667927 0.000061985 -0.000174114 1.000000000 1.565944552
0.999999940 0.000262031 0.000129201 0.038956720 -0.000262061 0.999999940 0.000228561 -0.056214437 -0.000129142 -0.000228594 0.999999940 1.753288865
0.999999523 0.000968405 -0.000086015 0.039540820 -0.000968591 0.999997139 -0.002187092 -0.039356895 0.000083897 0.002187174 0.999997616 1.924716234
0.999999285 0.001138818 0.000236922 0.039720360 -0.001138222 0.999996245 -0.002498657 -0.044796985 -0.000239767 0.002498386 0.999996841 2.127189875
0.999999046 0.001256460 0.000468823 0.043643452 -0.001255015 0.999994457 -0.003067943 -0.045645565 -0.000472675 0.003067353 0.999995112 2.352802277
0.999998689 0.001519472 0.000465075 0.046792444 -0.001518417 0.999996305 -0.002261058 -0.055687696 -0.000468509 0.002260349 0.999997258 2.566462994
0.999998271 0.001822157 0.000288071 0.053869192 -0.001821571 0.999996305 -0.002021295 -0.066909686 -0.000291753 0.002020767 0.999997914 2.789998055
0.999999285 0.001225037 0.000260893 0.059852816 -0.001224544 0.999997497 -0.001878250 -0.073409423 -0.000263193 0.001877929 0.999998212 3.022989511
0.999999464 0.000967607 0.000389589 0.066098496 -0.000966549 0.999995887 -0.002704863 -0.074647591 -0.000392205 0.002704485 0.999996245 3.277599812
0.999999344 0.001056531 0.000441226 0.062326044 -0.001055813 0.999998152 -0.001624662 -0.089066058 -0.000442941 0.001624195 0.999998569 3.494526863
0.999999166 0.001049068 0.000789966 0.067345053 -0.001047417 0.999997318 -0.002087355 -0.091137670 -0.000792154 0.002086526 0.999997556 3.751221418
0.999999464 0.000755628 0.000686957 0.071756564 -0.000754225 0.999997735 -0.002040623 -0.100399479 -0.000688497 0.002040104 0.999997735 4.005251408
0.999998569 0.001403330 0.000925901 0.068365261 -0.001401467 0.999996960 -0.002009944 -0.101630606 -0.000928719 0.002008643 0.999997556 4.266812801
0.999998689 0.001225760 0.000975463 0.076454617 -0.001223641 0.999996901 -0.002169535 -0.107980095 -0.000978119 0.002168339 0.999997139 4.528972626
0.999999106 0.001098128 0.000710366 0.086766005 -0.001096688 0.999997377 -0.002024219 -0.116422914 -0.000712587 0.002023438 0.999997735 4.782581329
0.999998868 0.001177175 0.000866078 0.089012064 -0.001175327 0.999997079 -0.002130317 -0.122145653 -0.000868583 0.002129297 0.999997377 5.043607235
0.999998629 0.001437454 0.000798572 0.092490792 -0.001435867 0.999997020 -0.001985009 -0.136847690 -0.000801423 0.001983860 0.999997735 5.297046661
0.999999225 0.000973450 0.000757943 0.099457256 -0.000972004 0.999997735 -0.001905605 -0.142472714 -0.000759796 0.001904867 0.999997914 5.570332527
0.999998748 0.001262438 0.000878598 0.103568144 -0.001260782 0.999997377 -0.001882145 -0.151227847 -0.000880972 0.001881034 0.999997854 5.838861465
0.999998212 0.001666357 0.000806786 0.115623333 -0.001665040 0.999997258 -0.001630195 -0.165180445 -0.000809500 0.001628849 0.999998331 6.108617783
0.999999046 0.001092262 0.000821763 0.114184104 -0.001090888 0.999998033 -0.001669864 -0.173646510 -0.000823586 0.001668966 0.999998271 6.381661892
0.999998510 0.001329482 0.001115946 0.113874659 -0.001327821 0.999998093 -0.001487430 -0.183651522 -0.001117921 0.001485946 0.999998271 6.674941063
0.999998748 0.001042327 0.001162127 0.120603941 -0.001040577 0.999998391 -0.001505122 -0.191958711 -0.001163694 0.001503911 0.999998212 6.979885578
0.999998868 0.000889098 0.001200983 0.127237111 -0.000887048 0.999998212 -0.001705872 -0.197128400 -0.001202498 0.001704805 0.999997914 7.272102356
0.999998033 0.001203380 0.001582615 0.133339673 -0.001200063 0.999997139 -0.002094870 -0.205884889 -0.001585131 0.002092967 0.999996603 7.572889328
0.999998033 0.001329447 0.001481538 0.133248270 -0.001327377 0.999998152 -0.001397574 -0.225517139 -0.001483393 0.001395605 0.999997914 7.868730545
0.999997973 0.001192127 0.001592407 0.136453077 -0.001189418 0.999997854 -0.001700682 -0.227215663 -0.001594431 0.001698785 0.999997258 8.191452980
0.999996543 0.001968543 0.001772552 0.141359195 -0.001964790 0.999995828 -0.002116185 -0.236272201 -0.001776711 0.002112695 0.999996185 8.517697334
0.999994695 0.001962079 0.002599293 0.135142013 -0.001958262 0.999997020 -0.001470003 -0.256029725 -0.002602170 0.001464905 0.999995530 8.849275589
0.999994814 0.001955676 0.002545910 0.152213097 -0.001953070 0.999997616 -0.001025592 -0.276126832 -0.002547910 0.001020615 0.999996245 9.174767494
0.999996245 0.001524442 0.002288694 0.155804381 -0.001523437 0.999998748 -0.000440707 -0.290927649 -0.002289363 0.000437219 0.999997199 9.529544830
0.999995947 0.001448754 0.002461219 0.167084903 -0.001447389 0.999998808 -0.000556209 -0.300596327 -0.002462022 0.000552645 0.999996841 9.867238998
0.999994457 0.001593576 0.002907066 0.166087449 -0.001591892 0.999998569 -0.000581356 -0.309587151 -0.002907989 0.000576726 0.999995589 10.225351334
0.999994695 0.001604501 0.002833082 0.173689440 -0.001602574 0.999998510 -0.000682143 -0.320294887 -0.002834172 0.000677599 0.999995768 10.577692032
0.999994040 0.001673534 0.003025562 0.180939600 -0.001670338 0.999998093 -0.001058505 -0.325350076 -0.003027328 0.001053445 0.999994934 10.949902534
0.999993682 0.001880195 0.002987263 0.186636895 -0.001877801 0.999997914 -0.000803719 -0.342647642 -0.002988768 0.000798105 0.999995172 11.324835777
0.999994934 0.001405281 0.002847863 0.198474601 -0.001403754 0.999998868 -0.000538279 -0.357158154 -0.002848616 0.000534279 0.999995828 11.696602821
0.999993443 0.002012270 0.003056200 0.203321368 -0.002010165 0.999997735 -0.000691689 -0.365709096 -0.003057585 0.000685541 0.999995053 12.087207794
0.999993443 0.001898108 0.003125208 0.214808643 -0.001896246 0.999998033 -0.000598845 -0.377626032 -0.003126340 0.000592915 0.999994874 12.474345207
0.999992788 0.002136937 0.003139248 0.219388992 -0.002134544 0.999997437 -0.000765617 -0.387685448 -0.003140876 0.000758911 0.999994695 12.872713089
0.999992192 0.002056428 0.003379414 0.227692991 -0.002055669 0.999997795 -0.000228429 -0.408459991 -0.003379876 0.000221481 0.999994218 13.265462875
0.999991715 0.001751602 0.003662892 0.243740022 -0.001751697 0.999998391 0.000022688 -0.419772804 -0.003662847 -0.000029104 0.999993265 13.678833008
0.999991000 0.001766235 0.003843562 0.244753242 -0.001764124 0.999998271 -0.000552602 -0.425498694 -0.003844530 0.000545817 0.999992430 14.095907211
0.999991834 0.001525892 0.003742958 0.258183986 -0.001523952 0.999998629 -0.000520969 -0.439888626 -0.003743748 0.000515260 0.999992847 14.517166138
0.999989033 0.002060648 0.004201910 0.264484465 -0.002059967 0.999997795 -0.000166243 -0.452319324 -0.004202242 0.000157586 0.999991119 14.944625854
0.999988675 0.001905838 0.004356969 0.278240263 -0.001907282 0.999998152 0.000327387 -0.472778857 -0.004356337 -0.000335693 0.999990404 15.367596626
0.999987483 0.001829347 0.004680531 0.287951201 -0.001827776 0.999998271 -0.000339920 -0.480885714 -0.004681144 0.000331360 0.999988973 15.807523727
0.999989390 0.000959854 0.004492357 0.304398894 -0.000960380 0.999999642 0.000114795 -0.496846616 -0.004492245 -0.000119108 0.999989927 16.250938416
0.999983966 0.001706916 0.005400449 0.307932079 -0.001706204 0.999998510 -0.000136527 -0.508722901 -0.005400674 0.000127311 0.999985397 16.694128036
0.999984920 0.001550016 0.005268057 0.322854549 -0.001550795 0.999998808 0.000143650 -0.524117947 -0.005267829 -0.000151817 0.999986053 17.151912689
0.999981940 0.001716890 0.005759228 0.331769556 -0.001718585 0.999998569 0.000289285 -0.535337031 -0.005758722 -0.000299177 0.999983370 17.618783951
0.999979079 0.001467905 0.006301528 0.335197985 -0.001467159 0.999998927 -0.000123076 -0.542433679 -0.006301702 0.000113828 0.999980152 18.076452255
0.999976575 0.001657533 0.006644451 0.344808221 -0.001659830 0.999998569 0.000340186 -0.554064155 -0.006643876 -0.000351207 0.999977946 18.555831909
0.999973357 0.002122744 0.006987996 0.359313905 -0.002124752 0.999997675 0.000280118 -0.576469839 -0.006987387 -0.000294958 0.999975562 18.999435425
0.999973118 0.001650859 0.007158220 0.375540346 -0.001651626 0.999998569 0.000101259 -0.585572660 -0.007158044 -0.000113079 0.999974370 19.482427597
0.999974608 0.001464293 0.006968335 0.388598412 -0.001467496 0.999998748 0.000454584 -0.601088703 -0.006967660 -0.000464799 0.999975562 19.961292267
0.999973953 0.002132198 0.006893245 0.395819545 -0.002136570 0.999997437 0.000627041 -0.628181159 -0.006891891 -0.000641753 0.999976039 20.454843521
0.999971509 0.002824702 0.007006173 0.404372334 -0.002825239 0.999995947 0.000066904 -0.635500669 -0.007005956 -0.000086696 0.999975502 20.955354691
0.999973774 0.002325809 0.006855058 0.414948851 -0.002323500 0.999997139 -0.000344804 -0.639450788 -0.006855840 0.000328867 0.999976456 21.470899582
0.999979615 0.001990974 0.006069206 0.424678862 -0.001996615 0.999997675 0.000923578 -0.668076456 -0.006067356 -0.000935678 0.999981165 21.979049683
0.999981821 0.001973495 0.005707218 0.444388181 -0.001978550 0.999997675 0.000880129 -0.678542197 -0.005705469 -0.000891405 0.999983370 22.482872009
0.999985039 0.002572684 0.004830732 0.455719620 -0.002578478 0.999995947 0.001193542 -0.703942060 -0.004827642 -0.001205980 0.999987602 23.009681702
0.999987960 0.002672858 0.004112623 0.467277229 -0.002674100 0.999996364 0.000296733 -0.714502513 -0.004111815 -0.000307727 0.999991536 23.538965225
0.999992073 0.001034590 0.003844540 0.468579054 -0.001037933 0.999999106 0.000867734 -0.732363939 -0.003843636 -0.000871717 0.999992251 24.062271118
0.999994457 0.002022104 0.002671609 0.484288365 -0.002024645 0.999997616 0.000948924 -0.745486498 -0.002669682 -0.000954327 0.999996006 24.595443726
0.999991953 0.002824242 0.002858928 0.490275145 -0.002827974 0.999995172 0.001301793 -0.759552956 -0.002855236 -0.001309868 0.999994993 25.132995605
0.999989629 0.003360933 0.003098386 0.491780251 -0.003363921 0.999993920 0.000959571 -0.767495036 -0.003095142 -0.000969984 0.999994695 25.683418274
0.999995887 0.002201710 0.001830825 0.503090680 -0.002204065 0.999996722 0.001285011 -0.784269214 -0.001827989 -0.001289041 0.999997497 26.242326736
0.999999225 0.001099987 -0.000493334 0.522480190 -0.001099013 0.999997437 0.001970293 -0.798463225 0.000495500 -0.001969750 0.999997973 26.798112869
0.999999285 0.001100044 -0.000480344 0.530181885 -0.001099150 0.999997675 0.001858092 -0.814296544 0.000482387 -0.001857562 0.999998152 27.334564209
0.999997020 0.002269842 0.000871159 0.534428596 -0.002271350 0.999995887 0.001734153 -0.836582184 -0.000867219 -0.001736126 0.999998033 27.876316071
0.999995232 0.002840602 0.001188656 0.536971569 -0.002843491 0.999992967 0.002435911 -0.854219913 -0.001181728 -0.002439279 0.999996305 28.420970917
0.999995947 0.002814526 0.000464214 0.554422259 -0.002815504 0.999993801 0.002121106 -0.866724312 -0.000458241 -0.002122405 0.999997556 28.961399078
0.999997497 0.002268595 -0.000151542 0.567323625 -0.002268309 0.999995768 0.001861806 -0.875192642 0.000155765 -0.001861457 0.999998212 29.520523071
0.999995232 0.003059538 0.000072125 0.573315978 -0.003059692 0.999992847 0.002226748 -0.894730091 -0.000065311 -0.002226958 0.999997497 30.058900833
0.999994457 0.003309158 -0.000233631 0.587569654 -0.003308692 0.999992609 0.001967421 -0.910965145 0.000240140 -0.001966637 0.999997973 30.609460831
0.999993980 0.003460863 -0.000290206 0.596785545 -0.003460247 0.999991953 0.002095241 -0.924818575 0.000297455 -0.002094224 0.999997675 31.160924911
0.999993920 0.003426070 -0.000689691 0.607229412 -0.003424585 0.999991834 0.002144157 -0.936859012 0.000697032 -0.002141782 0.999997437 31.710903168
0.999994755 0.003135730 -0.000810031 0.618770421 -0.003133992 0.999992788 0.002138663 -0.951717377 0.000816731 -0.002136113 0.999997377 32.258979797
0.999992728 0.003700043 -0.000914271 0.625236332 -0.003698081 0.999990880 0.002137226 -0.963757515 0.000922170 -0.002133829 0.999997318 32.806518555
0.999993205 0.003386007 -0.001448805 0.641917467 -0.003382584 0.999991477 0.002359236 -0.984720290 0.001456782 -0.002354320 0.999996126 33.341266632
0.999992132 0.003670612 -0.001467529 0.649849653 -0.003667394 0.999991000 0.002189838 -0.993613124 0.001475553 -0.002184439 0.999996543 33.894130707
0.999994278 0.003273503 -0.000749105 0.646529615 -0.003272114 0.999992907 0.001848315 -1.001861453 0.000755150 -0.001845854 0.999998033 34.449962616
0.999992967 0.003538500 -0.001251519 0.659728110 -0.003536123 0.999992073 0.001896284 -1.016862988 0.001258220 -0.001891845 0.999997377 34.984683990
0.999993861 0.003183365 -0.001440826 0.675560474 -0.003180779 0.999993324 0.001794216 -1.030983210 0.001446528 -0.001789622 0.999997318 35.526283264
0.999992192 0.003556968 -0.001785006 0.683321536 -0.003553838 0.999992132 0.001752999 -1.041108370 0.001791228 -0.001746642 0.999996841 36.067646027
0.999991655 0.003731862 -0.001681313 0.693499386 -0.003729501 0.999992073 0.001405411 -1.050743103 0.001686545 -0.001399129 0.999997616 36.620849609
0.999991775 0.003932032 -0.001059550 0.695631325 -0.003930676 0.999991477 0.001278397 -1.065222621 0.001064568 -0.001274222 0.999998569 37.147884369
0.999990046 0.004078264 -0.001802444 0.703019023 -0.004075934 0.999990880 0.001294459 -1.081495643 0.001807707 -0.001287099 0.999997556 37.725269318
0.999991059 0.004095119 -0.001082691 0.708023131 -0.004094101 0.999991179 0.000940809 -1.095053911 0.001086534 -0.000936368 0.999998987 38.274074554
0.999986589 0.005066753 -0.001042838 0.712825418 -0.005065258 0.999986172 0.001431434 -1.113279462 0.001050076 -0.001426133 0.999998450 38.822628021
0.999989986 0.004080346 -0.001846344 0.735516131 -0.004079704 0.999991596 0.000350755 -1.119556308 0.001847760 -0.000343219 0.999998212 39.364818573
0.999988198 0.004500928 -0.001786140 0.731352985 -0.004497579 0.999988139 0.001874888 -1.141933918 0.001794557 -0.001866833 0.999996662 39.912891388
0.999988556 0.004373044 -0.001911668 0.749196053 -0.004368685 0.999987900 0.002278789 -1.163856745 0.001921610 -0.002270411 0.999995649 40.437145233
0.999986529 0.004824223 -0.001940154 0.762342513 -0.004820654 0.999986768 0.001840183 -1.171664834 0.001949006 -0.001830806 0.999996364 40.999725342
0.999989331 0.004362374 -0.001584827 0.753165185 -0.004359712 0.999989092 0.001678993 -1.184426308 0.001592134 -0.001672066 0.999997318 41.572151184
0.999988139 0.004388213 -0.002111122 0.775852144 -0.004384788 0.999989092 0.001624126 -1.204298258 0.002118226 -0.001614850 0.999996424 42.102302551
0.999986589 0.004775554 -0.001981576 0.788739204 -0.004771783 0.999986827 0.001903889 -1.216944218 0.001990642 -0.001894408 0.999996185 42.651290894
0.999987543 0.004627057 -0.001872711 0.775588036 -0.004623710 0.999987662 0.001788258 -1.229413033 0.001880963 -0.001779577 0.999996662 43.228435516
0.999988675 0.004634587 -0.001078130 0.779493451 -0.004632732 0.999987721 0.001716711 -1.241701961 0.001086073 -0.001711697 0.999997973 43.782169342
0.999990761 0.003874420 -0.001824333 0.790907860 -0.003870781 0.999990523 0.001994128 -1.257903934 0.001832041 -0.001987048 0.999996364 44.323093414
0.999987483 0.004601091 -0.001939457 0.796353340 -0.004597356 0.999987602 0.001925753 -1.273158312 0.001948293 -0.001916813 0.999996305 44.862548828
0.999988496 0.004318700 -0.002081791 0.817672610 -0.004315454 0.999989450 0.001561061 -1.283402085 0.002088511 -0.001552059 0.999996603 45.433738708
0.999989748 0.004097890 -0.001935818 0.828352094 -0.004095008 0.999990463 0.001490171 -1.297564268 0.001941906 -0.001482229 0.999997020 45.981258392
0.999989629 0.003970934 -0.002231413 0.834576190 -0.003966371 0.999990165 0.002045024 -1.318099856 0.002239512 -0.002036152 0.999995410 46.531848907
0.999986589 0.004820248 -0.001891541 0.847942054 -0.004815621 0.999985456 0.002443146 -1.338300705 0.001903290 -0.002434004 0.999995172 47.087337494
0.999991119 0.003937612 -0.001503661 0.847547650 -0.003935059 0.999990821 0.001697832 -1.339143634 0.001510333 -0.001691900 0.999997437 47.631446838
0.999990582 0.003655770 -0.002326520 0.855024695 -0.003652690 0.999992430 0.001327276 -1.348393679 0.002331355 -0.001318765 0.999996424 48.187248230
0.999990761 0.003642012 -0.002284602 0.870890915 -0.003637801 0.999991596 0.001845076 -1.366185188 0.002291302 -0.001836748 0.999995708 48.734100342
0.999991179 0.003535880 -0.002258072 0.878538013 -0.003532657 0.999992728 0.001429977 -1.379760385 0.002263112 -0.001421988 0.999996424 49.283519745
0.999991715 0.003544423 -0.002000959 0.877080083 -0.003542465 0.999993265 0.000980909 -1.388375759 0.002004422 -0.000973812 0.999997497 49.843334198
0.999991179 0.003810638 -0.001761772 0.881688476 -0.003808264 0.999991834 0.001348509 -1.403321743 0.001766896 -0.001341788 0.999997497 50.387989044
0.999987483 0.004893098 -0.001043232 0.878940403 -0.004891976 0.999987483 0.001076115 -1.412443042 0.001048484 -0.001070997 0.999998927 50.929767609
0.999990284 0.003757261 -0.002296226 0.903959036 -0.003755236 0.999992490 0.000884842 -1.430172682 0.002299534 -0.000876210 0.999996901 51.500102997
0.999993622 0.002746424 -0.002297011 0.913415194 -0.002743590 0.999995470 0.001236021 -1.446289778 0.002300395 -0.001229711 0.999996603 52.036865234
0.999991536 0.003554398 -0.002062803 0.920033216 -0.003552717 0.999993384 0.000817812 -1.464114070 0.002065697 -0.000810477 0.999997497 52.598377228
0.999992311 0.003322305 -0.002070333 0.930199206 -0.003319308 0.999993443 0.001449397 -1.482417583 0.002075135 -0.001442514 0.999996781 53.146003723
0.999994218 0.002690298 -0.002088078 0.935052454 -0.002688230 0.999995828 0.000992895 -1.491595030 0.002090741 -0.000987275 0.999997318 53.697731018
0.999992311 0.003482354 -0.001808333 0.945431709 -0.003480373 0.999993324 0.001096547 -1.510925889 0.001812139 -0.001090244 0.999997735 54.228389740
0.999992788 0.003358694 -0.001776104 0.955250502 -0.003356766 0.999993742 0.001086676 -1.523772359 0.001779743 -0.001080706 0.999997795 54.772769928
0.999992549 0.003038225 -0.002347130 0.969237208 -0.003035391 0.999994636 0.001209850 -1.541157007 0.002350793 -0.001202716 0.999996543 55.315292358
0.999992073 0.003401394 -0.002017576 0.975676119 -0.003399180 0.999993563 0.001099499 -1.555389404 0.002021302 -0.001092632 0.999997377 55.861076355
0.999992430 0.003151413 -0.002287675 0.980321884 -0.003149457 0.999994695 0.000857994 -1.566968203 0.002290367 -0.000850783 0.999996960 56.431766510
0.999995291 0.002459432 -0.001808836 0.996691227 -0.002457902 0.999996722 0.000847530 -1.585715175 0.001810914 -0.000843080 0.999998033 56.964096069
0.999992132 0.003334635 -0.002153387 1.008828282 -0.003332724 0.999994040 0.000890468 -1.597105742 0.002156343 -0.000883284 0.999997199 57.514743805
0.999992490 0.003497723 -0.001689241 1.011217475 -0.003496815 0.999993682 0.000539768 -1.611459970 0.001691119 -0.000533857 0.999998391 58.070343018
0.999991417 0.004018871 -0.001009618 1.014333725 -0.004018369 0.999991834 0.000498097 -1.622447371 0.001011612 -0.000494036 0.999999285 58.608013153
0.999993145 0.003046958 -0.002100893 1.033435583 -0.003045802 0.999995232 0.000553109 -1.634140015 0.002102568 -0.000546706 0.999997616 59.138011932
0.999992251 0.003355910 -0.002070996 1.045804381 -0.003356494 0.999994397 -0.000278514 -1.646996737 0.002070049 0.000285463 0.999997795 59.677993774
0.999992847 0.003212786 -0.001954194 1.048893690 -0.003212203 0.999994814 0.000301647 -1.662051082 0.001955153 -0.000295368 0.999997973 60.235290527
0.999993265 0.003168693 -0.001827945 1.059502363 -0.003167280 0.999994695 0.000775859 -1.678982019 0.001830394 -0.000770065 0.999997973 60.781536102
0.999990582 0.003925745 -0.001862427 1.062784791 -0.003924963 0.999992132 0.000423334 -1.688674808 0.001864074 -0.000416020 0.999998152 61.311325073
0.999989927 0.003899397 -0.002242083 1.081013918 -0.003897693 0.999992073 0.000763617 -1.708257198 0.002245043 -0.000754871 0.999997139 61.844509125
0.999990761 0.003548052 -0.002423441 1.090286374 -0.003547264 0.999993682 0.000328683 -1.714433551 0.002424592 -0.000320083 0.999997020 62.410324097
0.999990821 0.003652184 -0.002236157 1.099797368 -0.003649544 0.999992669 0.001183221 -1.737329721 0.002240462 -0.001175049 0.999996841 62.954421997
0.999989510 0.003983553 -0.002266597 1.104437470 -0.003981201 0.999991536 0.001041452 -1.753934503 0.002270726 -0.001032418 0.999996901 63.479747772
0.999989450 0.004101135 -0.002089548 1.111963391 -0.004098784 0.999990940 0.001127770 -1.773976207 0.002094154 -0.001119193 0.999997199 64.030746460
0.999989390 0.004197317 -0.001910757 1.111249566 -0.004196425 0.999991059 0.000470757 -1.783941627 0.001912716 -0.000462734 0.999998093 64.558647156
0.999989331 0.004044888 -0.002251328 1.128712296 -0.004043053 0.999991477 0.000819209 -1.799061656 0.002254623 -0.000810098 0.999997139 65.091918945
0.999988616 0.004348875 -0.001980851 1.130634308 -0.004346577 0.999989867 0.001163537 -1.818192720 0.001985891 -0.001154914 0.999997377 65.627296448
0.999990106 0.004039240 -0.001822808 1.138556004 -0.004037853 0.999991536 0.000764060 -1.830207825 0.001825879 -0.000756692 0.999998033 66.188621521
0.999990880 0.003932505 -0.001637026 1.143682480 -0.003931088 0.999991834 0.000867767 -1.842877984 0.001640425 -0.000861324 0.999998271 66.741073608
0.999986947 0.004788924 -0.001752165 1.155754566 -0.004787295 0.999988079 0.000933008 -1.860891342 0.001756613 -0.000924607 0.999998033 67.293975830
0.999989271 0.004091504 -0.002179387 1.161831975 -0.004090110 0.999991417 0.000644123 -1.867073536 0.002182004 -0.000635203 0.999997437 67.801223755
0.999987781 0.004149262 -0.002706661 1.179010034 -0.004147220 0.999991119 0.000759999 -1.886810303 0.002709791 -0.000748765 0.999996006 68.330360413
0.999988139 0.004133793 -0.002595434 1.188069105 -0.004131807 0.999991179 0.000769855 -1.906285882 0.002598594 -0.000759122 0.999996364 68.875442505
0.999991417 0.003863788 -0.001506983 1.176168203 -0.003863725 0.999992549 0.000044058 -1.899564266 0.001507142 -0.000038235 0.999998868 69.422523499
0.999992430 0.003623592 -0.001411715 1.191235900 -0.003623470 0.999993443 0.000088873 -1.914966941 0.001412028 -0.000083757 0.999998987 69.963134766
0.999989450 0.004450968 -0.001179803 1.192897916 -0.004450444 0.999989986 0.000447470 -1.932585716 0.001181783 -0.000442215 0.999999225 70.505004883
0.999990821 0.003792098 -0.002057773 1.214246273 -0.003790856 0.999992549 0.000606937 -1.955768466 0.002060060 -0.000599130 0.999997675 71.028472900
0.999989331 0.003964787 -0.002371007 1.233410478 -0.003963166 0.999991834 0.000688340 -1.972892404 0.002373716 -0.000678936 0.999996960 71.575660706
0.999988198 0.004368028 -0.002137854 1.231539369 -0.004365535 0.999989748 0.001169370 -1.994307756 0.002142940 -0.001160023 0.999996960 72.116561890
0.999985635 0.005021593 -0.001880737 1.241395235 -0.005019790 0.999986887 0.000961813 -2.013889313 0.001885542 -0.000952358 0.999997675 72.655654907
0.999993384 0.003395554 -0.001303624 1.235935330 -0.003394178 0.999993682 0.001055241 -2.026692152 0.001307199 -0.001050809 0.999998510 73.222396851
0.999992609 0.003644397 -0.001196077 1.239274859 -0.003643840 0.999993265 0.000466612 -2.035366058 0.001197770 -0.000462250 0.999999106 73.775489807
0.999991298 0.003692940 -0.001918958 1.257436752 -0.003690582 0.999992430 0.001230826 -2.060279846 0.001923488 -0.001223733 0.999997377 74.282157898
0.999992251 0.003436199 -0.001905154 1.271833181 -0.003433950 0.999993324 0.001183222 -2.073172569 0.001909207 -0.001176671 0.999997497 74.825149536
0.999992430 0.003569982 -0.001525129 1.277799487 -0.003567248 0.999991953 0.001792651 -2.092285156 0.001531517 -0.001787197 0.999997199 75.367790222
0.999992847 0.003106058 -0.002116713 1.296091199 -0.003103328 0.999994338 0.001292442 -2.106751919 0.002120715 -0.001285863 0.999996901 75.911682129
0.999991298 0.003699258 -0.001905030 1.303639650 -0.003696700 0.999992311 0.001344775 -2.119546175 0.001909990 -0.001337721 0.999997199 76.458160400
0.999993205 0.003248810 -0.001711489 1.315947533 -0.003247322 0.999994338 0.000871642 -2.131470919 0.001714311 -0.000866078 0.999998093 77.017166138
0.999992430 0.002950231 -0.002548452 1.336643100 -0.002949271 0.999995589 0.000380179 -2.138546705 0.002549562 -0.000372660 0.999996662 77.566169739
0.999992847 0.002758764 -0.002597414 1.353340983 -0.002758119 0.999996126 0.000251932 -2.153330088 0.002598099 -0.000244766 0.999996603 78.108238220
0.999989986 0.003399731 -0.002910205 1.359851718 -0.003397083 0.999993801 0.000914523 -2.174281836 0.002913296 -0.000904628 0.999995291 78.621299744
0.999990284 0.003243858 -0.002991189 1.377674341 -0.003240979 0.999994218 0.000966971 -2.189093351 0.002994309 -0.000957268 0.999995053 79.167472839
0.999989212 0.003338142 -0.003258152 1.385306716 -0.003337405 0.999994338 0.000231787 -2.196173668 0.003258908 -0.000220911 0.999994636 79.706771851
0.999989152 0.003176419 -0.003402889 1.395400524 -0.003174069 0.999994695 0.000695495 -2.213638306 0.003405080 -0.000684687 0.999993920 80.237724304
0.999992549 0.003331845 -0.001946611 1.404436350 -0.003330844 0.999994278 0.000517568 -2.227902651 0.001948325 -0.000511080 0.999997973 80.792060852
0.999993384 0.003559165 -0.000717878 1.412792563 -0.003558847 0.999993563 0.000443455 -2.241688728 0.000719452 -0.000440897 0.999999642 81.341964722
0.999991477 0.004051953 0.000786375 1.420343161 -0.004052314 0.999991655 0.000460186 -2.257445097 -0.000784504 -0.000463369 0.999999583 81.888290405
0.999990702 0.003860226 0.001907426 1.436323166 -0.003861076 0.999992430 0.000442508 -2.272231579 -0.001905704 -0.000449869 0.999998033 82.429611206
0.999975562 0.003983251 0.005748899 1.453885198 -0.003983034 0.999992132 -0.000049186 -2.283078909 -0.005749050 0.000026287 0.999983430 82.983367920
0.999954104 0.003689449 0.008857169 1.466244578 -0.003688195 0.999993324 -0.000157841 -2.299973726 -0.008857692 0.000125167 0.999960721 83.514808655
0.999919653 0.003959780 0.012046376 1.484719992 -0.003967715 0.999992013 0.000634777 -2.321578979 -0.012043766 -0.000682522 0.999927223 84.065399170
0.999848604 0.004386505 0.016833842 1.506290317 -0.004386300 0.999990344 -0.000049159 -2.329230785 -0.016833894 -0.000024686 0.999858320 84.594757080
0.999735773 0.003910326 0.022651149 1.540129542 -0.003924232 0.999992073 0.000569533 -2.353018761 -0.022648742 -0.000658271 0.999743283 85.129028320
0.999595881 0.004004689 0.028142819 1.571093082 -0.004018310 0.999991834 0.000427433 -2.369071722 -0.028140882 -0.000540348 0.999603808 85.677673340
0.999421835 0.003394421 0.033827942 1.603002310 -0.003408811 0.999994099 0.000367724 -2.376236200 -0.033826489 -0.000482824 0.999427617 86.232421875
0.999071300 0.003825812 0.042915940 1.630080700 -0.003837914 0.999992669 0.000199612 -2.388194084 -0.042914860 -0.000364135 0.999078631 86.800064087
0.998731434 0.003798578 0.050211072 1.690414906 -0.003830051 0.999992490 0.000530605 -2.411015987 -0.050208684 -0.000722243 0.998738468 87.346382141
0.998369336 0.003133861 0.056998886 1.733735800 -0.003170091 0.999994934 0.000545219 -2.424172401 -0.056996871 -0.000725021 0.998374045 87.891571045
0.997789979 0.003338129 0.066363037 1.786328793 -0.003370906 0.999994218 0.000381944 -2.437206984 -0.066361375 -0.000604804 0.997795463 88.445678711
0.997120678 0.003204836 0.075763963 1.852714539 -0.003241590 0.999994695 0.000362139 -2.452674389 -0.075762384 -0.000606692 0.997125685 88.977752686
0.996387839 0.002756734 0.084874406 1.914241314 -0.002773668 0.999996126 0.000081588 -2.460227966 -0.084873818 -0.000316707 0.996391654 89.539710999
0.995656550 0.002467085 0.093069278 1.979119301 -0.002452847 0.999996960 -0.000267373 -2.471010923 -0.093069643 0.000037927 0.995659590 90.102310181
0.994618893 0.002330814 0.103575170 2.063457012 -0.002352562 0.999997258 0.000087803 -2.493202925 -0.103574708 -0.000330997 0.994621634 90.627792358
0.993427515 0.002263398 0.114440851 2.137160301 -0.002288663 0.999997437 0.000089376 -2.512338400 -0.114440367 -0.000350705 0.993430018 91.159255981
0.992360890 0.002316717 0.123347118 2.233695030 -0.002354720 0.999997139 0.000162332 -2.529046059 -0.123346403 -0.000451540 0.992363513 91.731086731
0.990896165 0.001985278 0.134613588 2.324564934 -0.002046232 0.999997854 0.000314449 -2.539961100 -0.134612709 -0.000587037 0.990898073 92.283905029
0.989214659 0.001464952 0.146465644 2.426678658 -0.001518182 0.999998927 0.000251647 -2.554468632 -0.146465138 -0.000471294 0.989215732 92.829231262
0.987535954 0.001432583 0.157387912 2.528992653 -0.001520569 0.999998748 0.000438635 -2.575436354 -0.157387108 -0.000672487 0.987536788 93.368621826
0.985788226 0.001163851 0.167988658 2.637122154 -0.001256181 0.999999046 0.000443352 -2.587660551 -0.167988002 -0.000648075 0.985788822 93.916633606
0.983524740 0.001013906 0.180770725 2.759125710 -0.001117995 0.999999285 0.000473909 -2.604200125 -0.180770084 -0.000668201 0.983525157 94.446723938
0.981163442 0.000435686 0.193178996 2.885873795 -0.000565395 0.999999702 0.000616314 -2.619214296 -0.193178639 -0.000713927 0.981163323 94.972824097
0.979028404 0.000406905 0.203723252 3.009578705 -0.000539087 0.999999702 0.000593346 -2.628267765 -0.203722939 -0.000690727 0.979028344 95.513847351
0.976369977 -0.000213940 0.216105446 3.166862488 -0.000030979 0.999999404 0.001129949 -2.652146101 -0.216105521 -0.001109943 0.976369381 96.021499634
0.973348737 -0.000611945 0.229328960 3.313125610 0.000363886 0.999999285 0.001123960 -2.666061878 -0.229329497 -0.001010555 0.973348320 96.536094666
0.970381439 -0.000079507 0.241577655 3.443557739 -0.000064402 0.999999821 0.000587809 -2.677251101 -0.241577640 -0.000585957 0.970381320 97.126960754
0.967316866 -0.001098587 0.253567815 3.610565186 0.001068195 0.999999344 0.000257539 -2.694557190 -0.253567934 0.000021738 0.967317581 97.651611328
0.963609636 -0.000472721 0.267312795 3.773023605 0.000311176 0.999999762 0.000646689 -2.706957817 -0.267313004 -0.000539975 0.963609576 98.186729431
0.959980190 -0.000768328 0.280067146 3.936353683 0.000727875 0.999999702 0.000248449 -2.713759899 -0.280067265 -0.000034652 0.959980428 98.720298767
0.956741273 -0.001107869 0.290938348 4.128046036 0.000977620 0.999999344 0.000593043 -2.736726046 -0.290938795 -0.000282961 0.956741691 99.232315063
0.952434599 -0.001806630 0.304737806 4.313367844 0.001407332 0.999997854 0.001529954 -2.763011456 -0.304739892 -0.001028313 0.952435076 99.758323669
0.947981238 -0.002068630 0.318319261 4.509248734 0.001708381 0.999997556 0.001410885 -2.777035952 -0.318321377 -0.000793682 0.947982430 100.270408630
0.944141507 -0.002894890 0.329527706 4.714344025 0.002541757 0.999995708 0.001502451 -2.789763212 -0.329530656 -0.000580947 0.944144547 100.777099609
0.939362526 -0.002509815 0.342916638 4.910230637 0.002357272 0.999996781 0.000861649 -2.797607422 -0.342917651 -0.000001053 0.939365447 101.300399780
0.934143424 -0.002863600 0.356886208 5.132287979 0.002510565 0.999995708 0.001452453 -2.820722580 -0.356888860 -0.000460813 0.934146643 101.796264648
0.929292083 -0.002551142 0.369337022 5.347934723 0.002259250 0.999996722 0.001222814 -2.830284119 -0.369338870 -0.000301926 0.929294765 102.312362671
0.924576163 -0.003797857 0.380978584 5.561424255 0.003561124 0.999992728 0.001326322 -2.844965935 -0.380980819 0.000130426 0.924582899 102.794395447
0.918641746 -0.004065983 0.395070702 5.820533752 0.003697859 0.999991715 0.001693218 -2.864399433 -0.395074338 -0.000094545 0.918649137 103.319633484
0.912803590 -0.004654309 0.408372253 6.066070557 0.004375281 0.999989033 0.001617364 -2.874264956 -0.408375353 0.000310407 0.912814021 103.822052002
0.907663941 -0.004561306 0.419672757 6.311676025 0.004225981 0.999989510 0.001728698 -2.890877724 -0.419676244 0.000204453 0.907673836 104.316337585
0.901805937 -0.004791958 0.432114631 6.592411041 0.004817711 0.999987781 0.001035047 -2.897004604 -0.432114363 0.001148392 0.901818037 104.819602966
0.894763768 -0.005730669 0.446502954 6.842575073 0.005513178 0.999983191 0.001786282 -2.917298317 -0.446505755 0.000863350 0.894780338 105.291656494
0.888954043 -0.006381890 0.457951963 7.122871399 0.006416941 0.999978364 0.001479166 -2.927515030 -0.457951546 0.001623740 0.888975739 105.781745911
0.883196533 -0.006463472 0.468958437 7.388202667 0.006441533 0.999977827 0.001650870 -2.943492651 -0.468958676 0.001562769 0.883218706 106.249572754
0.875788510 -0.006869176 0.482646137 7.663921356 0.006900130 0.999974728 0.001711292 -2.953360558 -0.482645720 0.001831591 0.875813723 106.735015869
