1.000000000 0.000000000 0.000000000 0.000000000 0.000000000 1.000000000 0.000000000 0.000000000 0.000000000 0.000000000 1.000000000 0.000000000
1.000000000 -0.000105312 -0.000188190 0.003403144 0.000105333 1.000000000 0.000108073 -0.003122233 0.000188179 -0.000108093 1.000000000 -0.001071275
1.000000000 0.000048341 0.000085835 -0.001592021 -0.000048346 1.000000000 0.000053661 -0.002375466 -0.000085833 -0.000053665 1.000000000 -0.001245319
1.000000000 -0.000112378 -0.000176480 0.006835792 0.000112409 1.000000000 0.000172674 -0.003422211 0.000176460 -0.000172694 0.999999940 -0.004364725
1.000000000 -0.000059420 -0.000095871 0.001698116 0.000059424 1.000000000 0.000036920 -0.000048625 0.000095869 -0.000036926 1.000000000 0.001345603
1.000000000 -0.000033621 0.000061831 -0.000007598 0.000033623 1.000000000 -0.000038503 -0.000804393 -0.000061830 0.000038505 1.000000000 -0.000930398
1.000000000 -0.000140965 -0.000141665 0.004896342 0.000140985 1.000000000 0.000142173 -0.002952280 0.000141645 -0.000142193 1.000000000 -0.007119032
1.000000000 -0.000184299 -0.000069913 -0.000684809 0.000184300 1.000000000 0.000018604 0.000522820 0.000069910 -0.000018617 1.000000000 0.001372303
1.000000000 -0.000027132 -0.000117840 0.003030609 0.000027140 1.000000000 0.000064565 -0.003051983 0.000117839 -0.000064568 1.000000000 -0.008124695
1.000000000 -0.000053715 0.000016409 0.001378968 0.000053713 1.000000000 0.000083387 -0.002047292 -0.000016414 -0.000083386 1.000000000 -0.006777605
1.000000000 0.000077490 0.000103014 -0.001421617 -0.000077489 1.000000000 -0.000011707 -0.001304960 -0.000103015 0.000011699 1.000000000 -0.004318132
1.000000000 -0.000161624 -0.000029250 0.000350446 0.000161626 1.000000000 0.000036753 -0.003264059 0.000029244 -0.000036758 1.000000000 -0.008801127
1.000000000 -0.000091598 -0.000006465 0.000792097 0.000091598 1.000000000 0.000046546 -0.002356375 0.000006461 -0.000046547 1.000000000 -0.006124940
1.000000000 -0.000069390 -0.000006166 0.001314849 0.000069391 1.000000000 0.000094506 -0.002107782 0.000006160 -0.000094506 1.000000000 -0.007026903
1.000000000 -0.000200309 -0.000074497 0.001113997 0.000200321 0.999999940 0.000158430 -0.001352633 0.000074465 -0.000158445 1.000000000 -0.007788189
0.999999940 -0.000274973 -0.000125030 -0.000135357 0.000274985 0.999999940 0.000094682 -0.002193253 0.000125004 -0.000094716 1.000000000 -0.008249273
0.999999940 -0.000260984 0.000014434 0.000624579 0.000260983 0.999999940 0.000081631 -0.001197133 -0.000014456 -0.000081627 1.000000000 -0.008315980
1.000000000 0.000012597 0.000004006 0.002469009 -0.000012598 1.000000000 0.000187415 -0.004143900 -0.000004003 -0.000187415 1.000000000 -0.011949621
0.999999940 -0.000266591 -0.000075728 0.002757841 0.000266601 0.999999940 0.000134816 -0.004636044 0.000075692 -0.000134836 1.000000000 -0.010608070
0.999999940 -0.000270294 -0.000034120 0.003017906 0.000270298 0.999999940 0.000106119 -0.004609745 0.000034091 -0.000106128 1.000000000 -0.012838949
1.000000000 -0.000083071 -0.000023361 0.003500363 0.000083076 1.000000000 0.000194259 -0.005855334 0.000023345 -0.000194261 1.000000000 -0.010905606
1.000000000 0.000028482 0.000039358 -0.000142250 -0.000028485 1.000000000 0.000087740 -0.001165753 -0.000039356 -0.000087741 1.000000000 -0.007254069
0.999999940 -0.000301010 -0.000214994 0.006329377 0.000301039 0.999999940 0.000135361 -0.003450298 0.000214954 -0.000135426 0.999999940 -0.015038895
0.999999940 -0.000239600 -0.000089939 0.001614404 0.000239618 0.999999940 0.000203609 -0.003403741 0.000089890 -0.000203631 1.000000000 -0.006964831
1.000000000 -0.000052443 -0.000110667 0.005763129 0.000052466 1.000000000 0.000207222 -0.003782449 0.000110656 -0.000207227 1.000000000 -0.016026631
1.000000000 -0.000117305 -0.000058951 0.001530404 0.000117317 1.000000000 0.000208530 -0.003054720 0.000058927 -0.000208537 1.000000000 -0.012834415
1.000000000 -0.000150714 -0.000043227 0.000437405 0.000150720 1.000000000 0.000136232 -0.004384589 0.000043207 -0.000136239 1.000000000 -0.013684648
1.000000000 -0.000111542 -0.000034339 0.001934296 0.000111548 1.000000000 0.000180683 -0.003736657 0.000034319 -0.000180687 1.000000000 -0.006981424
0.999999940 -0.000244335 -0.000114890 0.000471366 0.000244351 0.999999940 0.000136516 -0.001668132 0.000114857 -0.000136544 1.000000000 -0.007957929
1.000000000 -0.000066180 -0.000097466 0.002151828 0.000066196 1.000000000 0.000171708 -0.002274677 0.000097455 -0.000171714 1.000000000 -0.008460840
1.000000000 -0.000211085 0.000001167 -0.000647981 0.000211085 0.999999940 0.000142246 -0.001522163 -0.000001197 -0.000142245 1.000000000 -0.002726127
0.999999940 -0.000248006 -0.000119594 -0.000914213 0.000248034 0.999999940 0.000231328 -0.002740406 0.000119537 -0.000231358 0.999999940 -0.008256047
0.999999940 -0.000298355 -0.000163167 0.003864670 0.000298402 0.999999940 0.000289622 -0.003735770 0.000163080 -0.000289671 0.999999940 -0.012117103
1.000000000 -0.000068396 -0.000083141 0.000510511 0.000068401 1.000000000 0.000057425 -0.001476973 0.000083137 -0.000057431 1.000000000 -0.004905841
0.999999940 -0.000203694 -0.000148951 0.002390965 0.000203706 1.000000000 0.000079660 -0.002063522 0.000148934 -0.000079691 1.000000000 -0.004128451
0.999999940 -0.000272205 -0.000092761 -0.000633362 0.000272205 0.999999940 -0.000001101 -0.000541885 0.000092761 0.000001076 1.000000000 -0.008529360
0.999999940 -0.000339686 -0.000196383 0.004857877 0.000339709 0.999999940 0.000114623 -0.001805092 0.000196344 -0.000114689 1.000000000 -0.012399295
1.000000000 -0.000233554 -0.000038526 0.000540831 0.000233556 1.000000000 0.000048774 0.000045786 0.000038515 -0.000048783 1.000000000 -0.007340786
1.000000000 -0.000126256 -0.000074238 0.000199529 0.000126276 0.999999940 0.000264224 -0.002206390 0.000074204 -0.000264234 0.999999940 -0.010547970
0.999999940 -0.000336345 -0.000232687 0.004700414 0.000336382 0.999999940 0.000159850 -0.005358065 0.000232633 -0.000159928 0.999999940 -0.006689400
1.000000000 -0.000112566 -0.000192391 0.007730070 0.000112488 0.999999940 -0.000404945 -0.008563125 0.000192437 0.000404924 0.999999881 0.042890131
0.999999940 -0.000181002 -0.000205337 0.008029743 0.000180775 0.999999344 -0.001105008 -0.006641799 0.000205537 0.001104971 0.999999344 0.142816693
1.000000000 -0.000159725 -0.000050414 0.003129768 0.000159663 0.999999225 -0.001230310 -0.013099442 0.000050611 0.001230302 0.999999225 0.262075633
0.999999940 -0.000397731 0.000032111 0.006228704 0.000397768 0.999999285 -0.001152606 -0.016900944 -0.000031653 0.001152619 0.999999344 0.388639897
1.000000000 0.000045866 -0.000127419 0.008840092 -0.000046000 0.999999464 -0.001056956 -0.023792069 0.000127371 0.001056962 0.999999404 0.531496346
0.999999940 0.000165869 0.000279473 0.006066042 -0.000165598 0.999999523 -0.000969441 -0.035992876 -0.000279633 0.000969394 0.999999464 0.681610286
0.999999940 0.000068507 0.000371635 0.020929785 -0.000068246 0.999999762 -0.000702855 -0.036266889 -0.000371683 0.000702829 0.999999702 0.848328948
0.999999940 -0.000023213 0.000249874 0.019578997 0.000023361 0.999999821 -0.000591805 -0.039069477 -0.000249860 0.000591810 0.999999821 1.025001884
0.999999821 0.000248812 0.000494431 0.019881310 -0.000248468 0.999999702 -0.000695359 -0.036782864 -0.000494604 0.000695236 0.999999642 1.191722035
1.000000000 -0.000148824 0.000074414 0.041643236 0.000148853 0.999999940 -0.000395455 -0.051160350 -0.000074355 0.000395466 0.999999940 1.412669182
1.000000000 0.000153240 0.000041611 0.046507414 -0.000153221 0.999999881 -0.000470619 -0.060605291 -0.000041683 0.000470613 0.999999881 1.628431320
0.999999940 -0.000367722 0.000189368 0.048112512 0.000367732 0.999999940 -0.000050840 -0.064329296 -0.000189349 0.000050910 1.000000000 1.824024558
0.999996006 -0.002561978 -0.001179788 0.043059744 0.002565413 0.999992371 0.002918993 -0.097107269 0.001172301 -0.002922008 0.999995053 2.032425642
0.999998271 -0.001839222 -0.000420499 0.043485753 0.001840328 0.999994814 0.002644481 -0.102472179 0.000415634 -0.002645250 0.999996364 2.253732920
0.999998868 -0.001383907 -0.000505868 0.046266694 0.001385321 0.999995112 0.002807089 -0.104551412 0.000501981 -0.002807787 0.999995947 2.457729578
0.999994278 -0.002929340 -0.001703161 0.064143561 0.002935091 0.999989986 0.003384116 -0.124368183 0.001693230 -0.003389096 0.999992847 2.747356892
0.999995112 -0.002749477 -0.001518780 0.067659833 0.002754984 0.999989688 0.003635959 -0.130967140 0.001508768 -0.003640125 0.999992251 2.974918604
0.999993801 -0.003094281 -0.001699798 0.075329587 0.003100061 0.999989450 0.003408386 -0.131995961 0.001689233 -0.003413634 0.999992788 3.221636772
0.999994099 -0.003105495 -0.001507364 0.076206312 0.003110373 0.999989927 0.003244482 -0.133212626 0.001497273 -0.003249151 0.999993682 3.470634699
0.999995053 -0.002615869 -0.001720265 0.076495968 0.002621839 0.999990523 0.003477515 -0.154146627 0.001711152 -0.003482008 0.999992490 3.754350662
0.999995291 -0.002392944 -0.001943863 0.085416764 0.002399800 0.999990940 0.003532496 -0.158718035 0.001935393 -0.003537144 0.999991834 4.009425640
0.999994338 -0.002720697 -0.001956078 0.092005134 0.002727896 0.999989450 0.003687039 -0.167133063 0.001946025 -0.003692355 0.999991298 4.280286789
0.999997377 -0.001742473 -0.001508067 0.085214555 0.001748150 0.999991357 0.003771403 -0.173477799 0.001501483 -0.003774029 0.999991775 4.534409523
0.999995232 -0.002453970 -0.001887795 0.095598295 0.002461905 0.999988139 0.004212581 -0.187415764 0.001877435 -0.004217208 0.999989331 4.779619217
0.999996424 -0.002578016 -0.000670222 0.065301612 0.002580384 0.999990344 0.003556366 -0.198367476 0.000661047 -0.003558083 0.999993443 5.072690964
0.999995410 -0.002957637 -0.000651410 0.072066344 0.002959772 0.999990165 0.003302437 -0.202892154 0.000641636 -0.003304349 0.999994278 5.327262402
0.999996424 -0.002556856 -0.000674726 0.080310307 0.002559089 0.999991119 0.003330224 -0.208957091 0.000666205 -0.003331939 0.999994218 5.599929810
0.999996066 -0.002765359 -0.000376943 0.078080073 0.002766606 0.999990582 0.003347063 -0.216673568 0.000367684 -0.003348092 0.999994338 5.849524975
0.999995470 -0.002956148 -0.000535566 0.082867235 0.002957964 0.999989748 0.003421052 -0.225093946 0.000525447 -0.003422620 0.999994040 6.134529591
0.999995470 -0.002941016 -0.000373970 0.090510279 0.002942323 0.999989331 0.003543343 -0.233896837 0.000363545 -0.003544427 0.999993682 6.394784927
0.999995589 -0.002945045 -0.000264093 0.092299849 0.002945971 0.999989271 0.003576416 -0.244784757 0.000253558 -0.003577178 0.999993503 6.723539352
0.999998331 -0.001860898 0.000077740 0.085237622 0.001860631 0.999992847 0.003308167 -0.249223471 -0.000083895 -0.003308017 0.999994516 7.026633739
0.999995708 -0.002943691 -0.000127809 0.103301629 0.002944094 0.999990344 0.003276925 -0.258089781 0.000118161 -0.003277287 0.999994636 7.315929890
0.999996066 -0.002788735 -0.000274658 0.113535009 0.002789702 0.999989748 0.003584051 -0.269893914 0.000264660 -0.003584803 0.999993503 7.624890327
0.999996543 -0.002592709 0.000056028 0.113520168 0.002592480 0.999989450 0.003773503 -0.280798376 -0.000065811 -0.003773344 0.999992907 7.935011864
0.999995708 -0.002921608 -0.000261866 0.136269867 0.002922639 0.999987662 0.004028732 -0.288127661 0.000250093 -0.004029481 0.999991834 8.273909569
0.999993920 -0.003453300 -0.000495698 0.121710740 0.003455521 0.999983609 0.004551889 -0.318172187 0.000479971 -0.004553574 0.999989450 8.577005386
0.999992967 -0.003733959 -0.000474338 0.133397415 0.003736196 0.999981523 0.004805342 -0.326583028 0.000456386 -0.004807081 0.999988317 8.904762268
0.999993086 -0.003655098 -0.000566386 0.133763492 0.003657662 0.999982715 0.004595007 -0.331664056 0.000549581 -0.004597047 0.999989271 9.251119614
0.999995589 -0.002975611 -0.000126302 0.132631868 0.002976142 0.999985754 0.004435496 -0.340260714 0.000113102 -0.004435852 0.999990165 9.593820572
0.999991119 -0.004128519 -0.000874098 0.158604383 0.004132738 0.999979556 0.004880796 -0.349706173 0.000853929 -0.004884365 0.999987721 9.933868408
0.999994338 -0.003318135 -0.000629371 0.156423435 0.003321279 0.999981642 0.005061923 -0.355338931 0.000612564 -0.005063985 0.999987006 10.285375595
0.999993682 -0.003484378 -0.000735295 0.177293807 0.003488185 0.999980092 0.005240588 -0.368893325 0.000717020 -0.005243120 0.999985933 10.672024727
0.999993503 -0.003593373 -0.000342010 0.155591577 0.003594990 0.999981761 0.004852785 -0.395282298 0.000324566 -0.004853983 0.999988139 11.055763245
0.999991596 -0.004032363 -0.000800437 0.162373200 0.004036130 0.999980569 0.004762037 -0.400234848 0.000781219 -0.004765227 0.999988317 11.441929817
0.999991000 -0.004208711 -0.000499629 0.163839310 0.004211220 0.999977946 0.005134327 -0.414008766 0.000478009 -0.005136386 0.999986589 11.821413994
0.999990165 -0.004416683 -0.000408870 0.176385537 0.004418462 0.999980271 0.004459155 -0.413553476 0.000389167 -0.004460918 0.999989927 12.188828468
0.999990106 -0.004428895 -0.000587696 0.189882860 0.004431748 0.999977887 0.004945335 -0.416665882 0.000565781 -0.004947891 0.999987543 12.594719887
0.999993980 -0.003464149 -0.000159481 0.201547086 0.003464935 0.999980330 0.005219813 -0.434075117 0.000141395 -0.005220334 0.999986291 12.977134705
0.999992251 -0.003906879 -0.000565976 0.211317152 0.003909814 0.999978423 0.005280902 -0.441094935 0.000545332 -0.005283074 0.999985874 13.371591568
0.999987960 -0.004815073 -0.000923401 0.208602920 0.004819689 0.999975502 0.005063382 -0.476510078 0.000898998 -0.005067772 0.999986768 13.737277985
0.999992192 -0.003939458 -0.000436039 0.211521477 0.003941864 0.999976218 0.005660554 -0.490601599 0.000413729 -0.005662229 0.999983907 14.155257225
0.999990106 -0.004428691 -0.000443020 0.223145321 0.004431331 0.999971211 0.006145440 -0.500265360 0.000415791 -0.006147343 0.999981046 14.582177162
0.999983430 -0.005689729 -0.000784947 0.240463555 0.005694589 0.999963701 0.006334786 -0.529082417 0.000748876 -0.006339152 0.999979615 14.979315758
0.999984384 -0.005561212 -0.000480931 0.240844309 0.005564098 0.999965131 0.006222032 -0.524718225 0.000446312 -0.006224612 0.999980509 15.366948128
0.999983013 -0.005813347 -0.000407607 0.234044522 0.005816012 0.999959409 0.006875003 -0.542996347 0.000367624 -0.006877257 0.999976277 15.815828323
0.999990642 -0.004282565 0.000616349 0.254523814 0.004278638 0.999971390 0.006238151 -0.565322161 -0.000643047 -0.006235456 0.999980330 16.348232269
0.999988377 -0.004825982 0.000242685 0.272316843 0.004824365 0.999968648 0.006274214 -0.572865129 -0.000272956 -0.006272970 0.999980211 16.794914246
0.999981761 -0.006032654 0.000185002 0.284269035 0.006031433 0.999963701 0.006011762 -0.582138538 -0.000221262 -0.006010538 0.999981880 17.246019363
0.999984682 -0.005499279 0.000597445 0.283466935 0.005495836 0.999969125 0.005619342 -0.590502739 -0.000628329 -0.005615973 0.999984026 17.720924377
0.999988377 -0.004658722 0.001224687 0.294694364 0.004651490 0.999972105 0.005843679 -0.596993506 -0.001251877 -0.005837915 0.999982178 18.189409256
0.999989212 -0.004396137 0.001511244 0.303050250 0.004386456 0.999970257 0.006350826 -0.610144198 -0.001539118 -0.006344129 0.999978662 18.619632721
0.999990523 -0.003340340 0.002786487 0.299914896 0.003324612 0.999978602 0.005629985 -0.602153480 -0.002805233 -0.005620668 0.999980271 19.156501770
0.999989808 -0.003937014 0.002210920 0.304844022 0.003924192 0.999975562 0.005774048 -0.626205683 -0.002233597 -0.005765313 0.999980807 19.584476471
0.999989927 -0.003812107 0.002358841 0.321179867 0.003799316 0.999978125 0.005403372 -0.634200096 -0.002379386 -0.005394355 0.999982536 20.062206268
0.999993026 -0.002889923 0.002336024 0.327464938 0.002875838 0.999977708 0.006010743 -0.653647125 -0.002353342 -0.006003983 0.999979198 20.551542282
0.999991357 -0.003607827 0.002086754 0.329004049 0.003594711 0.999973953 0.006255366 -0.676165223 -0.002109267 -0.006247811 0.999978244 21.064867020
0.999991834 -0.003203056 0.002482446 0.335080177 0.003187335 0.999974966 0.006311163 -0.687184155 -0.002502598 -0.006303199 0.999976993 21.577922821
0.999994755 -0.002737958 0.001716976 0.384054750 0.002726512 0.999974251 0.006633834 -0.712912142 -0.001735094 -0.006629120 0.999976456 22.084974289
0.999995589 -0.002448416 0.001688034 0.345459044 0.002439009 0.999981582 0.005552717 -0.693781018 -0.001701598 -0.005548574 0.999983072 22.501323700
0.999995589 -0.002750098 0.001146725 0.354265153 0.002742319 0.999973595 0.006731602 -0.714823425 -0.001165207 -0.006728428 0.999976695 23.035114288
0.999997616 -0.001991098 0.000902320 0.349781722 0.001985281 0.999977589 0.006401436 -0.725377440 -0.000915046 -0.006399629 0.999979079 23.569250107
0.999996662 -0.002566567 0.000280567 0.344647020 0.002564477 0.999970734 0.007212518 -0.752866328 -0.000299070 -0.007211775 0.999973893 24.084321976
0.999996185 -0.002738358 -0.000224859 0.350457728 0.002739744 0.999975681 0.006413729 -0.768253028 0.000207291 -0.006414322 0.999979317 24.626861572
0.999989152 -0.004366926 -0.001600019 0.363872886 0.004376629 0.999971747 0.006111843 -0.785335302 0.001573284 -0.006118780 0.999980032 25.046817780
0.999986053 -0.004440505 -0.002848641 0.383835673 0.004457501 0.999972105 0.005988111 -0.788961589 0.002821972 -0.006000725 0.999978006 25.593502045
0.999988019 -0.003486936 -0.003459139 0.378775507 0.003509322 0.999972820 0.006486608 -0.799533725 0.003436426 -0.006498669 0.999972939 26.139793396
0.999981999 -0.004860878 -0.003557560 0.378754318 0.004885471 0.999963999 0.006936988 -0.824922502 0.003523713 -0.006954243 0.999969542 26.669380188
0.999976575 -0.005611801 -0.003898650 0.381329596 0.005642300 0.999953151 0.007856349 -0.845428109 0.003854379 -0.007878161 0.999961555 27.159648895
0.999967992 -0.006441504 -0.004720509 0.393997848 0.006479568 0.999946237 0.008093132 -0.866215229 0.004668122 -0.008123460 0.999956131 27.696626663
0.999980092 -0.004238143 -0.004660433 0.394728839 0.004277681 0.999954641 0.008506766 -0.886451244 0.004624169 -0.008526532 0.999952912 28.261787415
0.999971807 -0.005373870 -0.005232601 0.399367094 0.005415634 0.999953270 0.008000476 -0.886868238 0.005189363 -0.008028588 0.999954343 28.800540924
0.999958932 -0.006417284 -0.006398549 0.428929269 0.006470818 0.999943972 0.008381307 -0.903641999 0.006344406 -0.008422365 0.999944389 29.450201035
0.999972165 -0.005307286 -0.005245121 0.374792516 0.005356991 0.999940455 0.009508360 -0.965469658 0.005194345 -0.009536196 0.999941051 29.836296082
0.999973118 -0.004773871 -0.005567604 0.385141641 0.004824123 0.999947429 0.009047491 -0.967578888 0.005524119 -0.009074107 0.999943614 30.384973526
0.999963701 -0.005671060 -0.006371691 0.422707707 0.005731180 0.999938786 0.009457312 -0.996355534 0.006317670 -0.009493485 0.999935031 30.890449524
0.999963880 -0.005680097 -0.006318249 0.427139431 0.005743624 0.999932706 0.010082390 -1.024913907 0.006260554 -0.010118315 0.999929249 31.470129013
0.999968290 -0.004702655 -0.006420831 0.403156996 0.004771646 0.999930561 0.010772148 -1.055598736 0.006369728 -0.010802446 0.999921381 31.964771271
0.999966681 -0.004700672 -0.006668357 0.414382875 0.004773739 0.999928355 0.010983877 -1.068276882 0.006616247 -0.011015346 0.999917448 32.501930237
0.999971747 -0.003833828 -0.006473767 0.412743688 0.003902870 0.999935269 0.010686241 -1.066990376 0.006432379 -0.010711206 0.999921978 33.020229340
0.999973357 -0.003453473 -0.006441191 0.382635146 0.003521376 0.999938071 0.010560618 -1.078189373 0.006404321 -0.010583018 0.999923527 33.575195312
0.999962687 -0.004727707 -0.007236956 0.406307578 0.004805980 0.999929786 0.010836659 -1.096368432 0.007185215 -0.010871035 0.999915063 34.111389160
0.999967813 -0.004364996 -0.006735004 0.408087611 0.004442794 0.999923170 0.011579797 -1.104981899 0.006683939 -0.011609347 0.999910295 34.663986206
0.999948859 -0.006326466 -0.007892167 0.433776647 0.006413556 0.999918282 0.011058900 -1.119727373 0.007821559 -0.011108951 0.999907732 35.141765594
0.999945283 -0.006418446 -0.008260395 0.444211841 0.006509841 0.999917328 0.011085299 -1.124048233 0.008188562 -0.011138464 0.999904454 35.683582306
0.999949396 -0.005953524 -0.008107634 0.439301252 0.006042521 0.999921262 0.010997036 -1.138815999 0.008041526 -0.011045471 0.999906719 36.223918915
0.999945402 -0.005796737 -0.008696274 0.463394552 0.005888239 0.999927163 0.010533479 -1.146755934 0.008634582 -0.010584109 0.999906719 36.821258545
0.999963462 -0.003725335 -0.007684323 0.456439555 0.003808974 0.999933362 0.010898750 -1.154168844 0.007643211 -0.010927621 0.999911070 37.307373047
0.999949396 -0.006115575 -0.007985464 0.455062121 0.006198767 0.999926329 0.010435108 -1.151943088 0.007921060 -0.010484080 0.999913692 37.886554718
0.999952257 -0.005413144 -0.008137886 0.456641167 0.005509744 0.999914110 0.011895115 -1.208451867 0.008072798 -0.011939384 0.999896109 38.482944489
0.999935091 -0.007765091 -0.008334043 0.429865181 0.007861038 0.999902487 0.011542323 -1.182939887 0.008243604 -0.011607090 0.999898672 38.998142242
0.999919534 -0.008122331 -0.009746144 0.482643634 0.008248212 0.999882162 0.012946014 -1.251428246 0.009639843 -0.013025360 0.999868691 39.535892487
0.999936700 -0.007211282 -0.008635382 0.449555635 0.007319126 0.999894738 0.012522686 -1.228529572 0.008544168 -0.012585095 0.999884248 39.890071869
0.999951959 -0.006138590 -0.007640239 0.447205216 0.006230715 0.999907434 0.012092991 -1.238462567 0.007565297 -0.012140012 0.999897659 40.440052032
0.999931693 -0.007329101 -0.009095214 0.475158840 0.007439253 0.999898672 0.012136891 -1.242134571 0.009005339 -0.012203725 0.999884903 40.984539032
0.999930620 -0.007441210 -0.009138127 0.479535192 0.007559604 0.999887049 0.012990558 -1.271872759 0.009040429 -0.013058735 0.999873877 41.545257568
0.999936640 -0.006923775 -0.008872149 0.466766268 0.007037722 0.999892294 0.012876933 -1.276887178 0.008782036 -0.012938557 0.999877691 42.102649689
0.999929011 -0.007966853 -0.008862835 0.470657796 0.008083773 0.999879777 0.013235615 -1.300849199 0.008756323 -0.013306322 0.999873102 42.653858185
0.999936223 -0.007210552 -0.008686366 0.469519794 0.007325544 0.999885023 0.013279979 -1.289731741 0.008589610 -0.013342765 0.999874055 43.208209991
0.999935031 -0.007072152 -0.008941376 0.477893561 0.007184527 0.999894857 0.012598910 -1.308118105 0.008851333 -0.012662331 0.999880672 43.763305664
0.999933898 -0.007803701 -0.008445925 0.446790397 0.007913658 0.999883354 0.013064889 -1.303390265 0.008342985 -0.013130862 0.999879003 44.269733429
0.999923348 -0.008264956 -0.009215265 0.478190273 0.008391526 0.999869823 0.013781826 -1.330684781 0.009100158 -0.013858101 0.999862552 44.681148529
0.999930263 -0.007360610 -0.009227978 0.490819365 0.007482969 0.999883592 0.013295837 -1.330523252 0.009129038 -0.013363964 0.999868989 45.243938446
0.999919295 -0.008207206 -0.009701286 0.499916077 0.008345765 0.999862432 0.014329200 -1.343715310 0.009582348 -0.014409008 0.999850273 45.762260437
0.999922395 -0.007851331 -0.009673815 0.497709721 0.007992663 0.999860585 0.014658851 -1.360532761 0.009557374 -0.014735032 0.999845684 46.264682770
0.999932647 -0.007261517 -0.009061964 0.467738688 0.007386264 0.999877334 0.013809106 -1.356659651 0.008960579 -0.013875108 0.999863565 46.849468231
0.999924421 -0.007188931 -0.009971421 0.518694401 0.007324425 0.999880433 0.013618842 -1.388243914 0.009872325 -0.013690848 0.999857545 47.424865723
0.999937654 -0.006300414 -0.009217416 0.466195345 0.006434513 0.999872804 0.014591754 -1.419812083 0.009124311 -0.014650157 0.999850988 47.855403900
0.999936640 -0.007065673 -0.008761908 0.470255047 0.007196417 0.999861896 0.014981329 -1.438578129 0.008654845 -0.015043435 0.999849379 48.387107849
0.999934196 -0.006882960 -0.009184018 0.476134568 0.007019755 0.999863565 0.014946744 -1.447640061 0.009079888 -0.015010227 0.999846101 48.935970306
0.999932945 -0.007095546 -0.009149622 0.489765257 0.007232108 0.999861658 0.014979851 -1.449911833 0.009042065 -0.015045021 0.999845862 49.490345001
0.999927223 -0.007751762 -0.009239695 0.467955798 0.007892855 0.999851227 0.015332962 -1.473787308 0.009119462 -0.015404775 0.999839723 50.055042267
0.999940515 -0.006596737 -0.008680511 0.451240122 0.006726543 0.999864697 0.015010457 -1.476131439 0.008580317 -0.015067955 0.999849617 50.600147247
0.999927521 -0.007018619 -0.009781932 0.494371533 0.007166243 0.999859691 0.015138976 -1.480332851 0.009674305 -0.015207978 0.999837518 50.939361572
0.999933541 -0.006765743 -0.009336228 0.484508067 0.006910717 0.999854684 0.015584113 -1.490006685 0.009229435 -0.015647598 0.999834955 51.483489990
0.999936700 -0.006833634 -0.008941740 0.485214978 0.006968002 0.999861896 0.015083193 -1.493432760 0.008837432 -0.015144544 0.999846280 52.015281677
0.999923289 -0.007966049 -0.009485486 0.506655931 0.008109187 0.999852359 0.015148520 -1.497172475 0.009363414 -0.015224278 0.999840260 52.571594238
0.999917865 -0.008201148 -0.009846634 0.502095401 0.008345420 0.999857068 0.014701398 -1.506690502 0.009724660 -0.014782366 0.999843478 53.108531952
0.999940217 -0.006454864 -0.008821110 0.465496719 0.006599393 0.999842763 0.016454823 -1.548259974 0.008713510 -0.016512055 0.999825656 53.488376617
0.999941528 -0.006259526 -0.008825775 0.465082139 0.006399991 0.999851823 0.015978020 -1.552067280 0.008724454 -0.016033569 0.999833405 54.038322449
0.999943376 -0.005968512 -0.008817267 0.474830210 0.006108565 0.999854147 0.015943339 -1.560559869 0.008720823 -0.015996296 0.999834001 54.595230103
0.999942720 -0.005933533 -0.008915504 0.478941977 0.006070025 0.999863565 0.015361261 -1.547915697 0.008823141 -0.015414495 0.999842286 55.138969421
0.999926448 -0.007022262 -0.009882396 0.523948848 0.007175570 0.999853075 0.015564311 -1.548256874 0.009771647 -0.015634080 0.999830067 55.667911530
0.999931812 -0.006656118 -0.009592883 0.557540655 0.006801023 0.999861956 0.015152880 -1.568810463 0.009490700 -0.015217090 0.999839187 56.293540955
0.999943256 -0.006114026 -0.008718888 0.487115622 0.006258118 0.999842703 0.016596114 -1.581805229 0.008616046 -0.016649738 0.999824286 56.470680237
0.999952197 -0.005296253 -0.008220444 0.492881656 0.005431025 0.999849796 0.016459949 -1.593304634 0.008132034 -0.016503809 0.999830723 57.043746948
0.999955833 -0.005374323 -0.007712935 0.503558517 0.005499515 0.999851942 0.016303055 -1.595376015 0.007624176 -0.016344754 0.999837339 57.592929840
0.999947369 -0.005842592 -0.008434941 0.514150620 0.005982720 0.999842882 0.016684284 -1.597426534 0.008336137 -0.016733872 0.999825180 58.173645020
0.999944389 -0.006212405 -0.008523862 0.487834007 0.006356535 0.999835491 0.016987378 -1.624066353 0.008416925 -0.017040616 0.999819398 58.528797150
0.999948204 -0.005692551 -0.008434062 0.500658870 0.005834683 0.999839842 0.016924560 -1.634725690 0.008336363 -0.016972894 0.999821246 59.071773529
0.999951422 -0.005570566 -0.008141223 0.502959251 0.005708760 0.999838293 0.017051186 -1.632377625 0.008044921 -0.017096834 0.999821484 59.629341125
0.999945998 -0.006252948 -0.008305478 0.511828363 0.006392325 0.999837399 0.016862165 -1.640162945 0.008198688 -0.016914345 0.999823332 60.158145905
0.999949098 -0.005363110 -0.008558027 0.578078508 0.005514055 0.999827862 0.017712763 -1.683163166 0.008461557 -0.017759049 0.999806464 60.636219025
0.999950409 -0.005353867 -0.008394827 0.532278478 0.005498588 0.999835014 0.017312078 -1.660966158 0.008300756 -0.017357379 0.999814868 61.086063385
0.999950767 -0.005524433 -0.008242370 0.541249394 0.005666705 0.999833584 0.017338861 -1.672676921 0.008145210 -0.017384715 0.999815702 61.614608765
0.999953091 -0.005171833 -0.008184865 0.542429745 0.005313865 0.999834061 0.017427592 -1.671630025 0.008093373 -0.017470269 0.999814570 62.127418518
0.999957740 -0.004884534 -0.007786647 0.550931811 0.005021465 0.999831378 0.017663984 -1.691857219 0.007699054 -0.017702337 0.999813557 62.673049927
0.999941587 -0.006457613 -0.008660639 0.553492427 0.006613616 0.999814212 0.018106868 -1.711358666 0.008542102 -0.018163092 0.999798477 63.165359497
0.999935448 -0.007034521 -0.008925079 0.561304271 0.007198215 0.999804020 0.018443219 -1.717744589 0.008793590 -0.018506272 0.999790013 63.712097168
0.999939859 -0.006001485 -0.009192543 0.562848747 0.006165568 0.999820292 0.017926393 -1.727150679 0.009083307 -0.017981989 0.999797046 64.230613708
0.999944806 -0.006181039 -0.008492204 0.574392915 0.006331979 0.999820411 0.017863467 -1.732881904 0.008380263 -0.017916253 0.999804378 64.807685852
0.999944508 -0.006323809 -0.008424271 0.581052542 0.006475210 0.999815822 0.018067557 -1.734382033 0.008308463 -0.018121103 0.999801278 65.188613892
0.999946773 -0.005940414 -0.008448648 0.587855577 0.006092804 0.999817133 0.018127203 -1.745204329 0.008339420 -0.018177712 0.999799967 65.740188599
0.999940693 -0.006309910 -0.008877750 0.598031580 0.006472152 0.999810338 0.018366596 -1.751600504 0.008760174 -0.018422963 0.999791861 66.276145935
0.999951839 -0.005940623 -0.007813698 0.573080122 0.006087658 0.999802291 0.018930405 -1.779071689 0.007699694 -0.018977059 0.999790311 66.815620422
0.999945462 -0.006150350 -0.008440617 0.601341009 0.006304372 0.999811769 0.018344108 -1.770014405 0.008326206 -0.018396320 0.999796093 67.198356628
0.999958336 -0.004706627 -0.007826382 0.580022633 0.004849353 0.999820411 0.018318502 -1.781123638 0.007738759 -0.018355694 0.999801576 67.758735657
0.999960721 -0.003961185 -0.007928765 0.621059000 0.004107801 0.999819219 0.018561525 -1.799233079 0.007853809 -0.018593369 0.999796271 68.251525879
0.999953449 -0.005535274 -0.007905410 0.595209062 0.005681197 0.999811590 0.018556904 -1.799746275 0.007801204 -0.018600954 0.999796510 68.743652344
0.999953270 -0.005625519 -0.007864802 0.604678750 0.005770065 0.999812484 0.018478654 -1.798601270 0.007759376 -0.018523170 0.999798357 69.292045593
0.999961913 -0.004329624 -0.007592256 0.622290015 0.004471632 0.999813497 0.018788137 -1.822088242 0.007509495 -0.018821372 0.999794662 69.825294495
0.999954760 -0.005010089 -0.008083657 0.636843204 0.005158756 0.999815941 0.018476374 -1.819661975 0.007989601 -0.018517241 0.999796569 70.384490967
0.999937952 -0.006727402 -0.008894260 0.657477796 0.006895652 0.999795258 0.019023130 -1.830981374 0.008764465 -0.019083282 0.999779403 70.760757446
0.999951482 -0.005290621 -0.008309576 0.655249476 0.005446741 0.999806881 0.018878948 -1.838618279 0.008208091 -0.018923294 0.999787152 71.313362122
0.999954641 -0.005165645 -0.008004602 0.661929488 0.005313571 0.999813378 0.018570257 -1.835920095 0.007907182 -0.018611949 0.999795496 71.867988586
0.999943078 -0.006308861 -0.008607184 0.668602586 0.006465559 0.999811530 0.018300680 -1.826737761 0.008490106 -0.018355289 0.999795437 72.420036316
0.999938428 -0.006783632 -0.008778602 0.664251626 0.006942720 0.999809861 0.018220443 -1.840286970 0.008653332 -0.018280271 0.999795437 73.022361755
0.999936581 -0.006795913 -0.008987733 0.705567837 0.006962578 0.999801815 0.018644067 -1.860448122 0.008859250 -0.018705461 0.999785721 73.448829651
0.999934852 -0.006682142 -0.009252924 0.717614412 0.006866758 0.999775052 0.020066328 -1.898639202 0.009116756 -0.020128557 0.999755859 73.706420898
0.999933898 -0.006816704 -0.009259555 0.729650795 0.006999446 0.999778509 0.019848600 -1.904728293 0.009122201 -0.019912099 0.999760151 74.251312256
0.999933600 -0.006965912 -0.009179936 0.746448398 0.007148820 0.999773383 0.020044830 -1.924045920 0.009038227 -0.020109124 0.999756992 74.820060730
0.999937296 -0.006770728 -0.008922954 0.731875002 0.006942209 0.999789059 0.019329200 -1.911519289 0.008790200 -0.019389926 0.999773383 75.370498657
0.999947369 -0.005692943 -0.008534173 0.725455642 0.005861520 0.999785483 0.019860020 -1.935614824 0.008419281 -0.019908996 0.999766409 75.887832642
0.999940217 -0.006024696 -0.009126949 0.751247883 0.006211779 0.999768257 0.020610040 -1.961484194 0.009000665 -0.020665498 0.999745846 76.249893188
0.999935925 -0.006484052 -0.009281826 0.759296179 0.006679553 0.999753118 0.021189049 -1.966363788 0.009142144 -0.021249685 0.999732375 76.792198181
0.999934852 -0.006674876 -0.009264125 0.757322967 0.006864563 0.999764264 0.020596985 -1.965274811 0.009124459 -0.020659231 0.999744952 77.317863464
0.999936223 -0.006366328 -0.009332537 0.768983126 0.006554725 0.999772608 0.020297542 -1.968622804 0.009201191 -0.020357419 0.999750435 77.836845398
0.999956429 -0.005720169 -0.007371003 0.764880896 0.005872291 0.999766707 0.020784253 -1.976665139 0.007250393 -0.020826632 0.999756813 78.268791199
0.999967217 -0.005679348 -0.005771417 0.762956619 0.005797842 0.999768376 0.020726133 -1.990275860 0.005652369 -0.020758914 0.999768555 78.819381714
0.999971032 -0.005941037 -0.004761709 0.784191489 0.006037491 0.999771535 0.020504564 -2.000679493 0.004638802 -0.020532718 0.999778509 79.389587402
0.999974787 -0.005935628 -0.003905217 0.775741100 0.006015235 0.999767661 0.020699127 -1.982346416 0.003781446 -0.020722093 0.999778152 79.912002563
0.999982834 -0.005735190 -0.001214101 0.816766798 0.005759744 0.999756694 0.021292770 -2.012797117 0.001091687 -0.021299398 0.999772549 80.333351135
0.999979019 -0.005919890 0.002643774 0.830773890 0.005862227 0.999755740 0.021310361 -2.011723042 -0.002769283 -0.021294417 0.999769390 80.866813660
0.999967694 -0.006169254 0.005165263 0.867300510 0.006057953 0.999754906 0.021293215 -2.016287088 -0.005295360 -0.021261236 0.999759972 81.393081665
0.999936402 -0.005647718 0.009762408 0.877648413 0.005448889 0.999779701 0.020274723 -2.006204128 -0.009874762 -0.020220242 0.999746799 81.936408997
0.999858201 -0.003575834 0.016455395 0.903037190 0.003230282 0.999774754 0.020978181 -2.044823170 -0.016526703 -0.020922052 0.999644518 82.431243896
0.999749780 -0.004952241 0.021820730 0.903914332 0.004471249 0.999747157 0.022036817 -2.069716930 -0.021924343 -0.021933740 0.999518931 82.929771423
0.999596238 -0.004968651 0.027976191 0.935867429 0.004353856 0.999748647 0.021993833 -2.071092606 -0.028078435 -0.021863151 0.999366641 83.454811096
0.999318421 -0.004601041 0.036624953 0.949841976 0.003814634 0.999761343 0.021512868 -2.051035404 -0.036715187 -0.021358497 0.999097526 84.058418274
0.998990476 -0.004136490 0.044729687 1.016944408 0.003098539 0.999724925 0.023249423 -2.088223457 -0.044813555 -0.023087364 0.998728454 84.571243286
0.998613179 -0.004101880 0.052487243 1.051489830 0.002912387 0.999737680 0.022718966 -2.083099842 -0.052566662 -0.022534596 0.998363137 85.094589233
0.998161137 -0.004535062 0.060446974 1.118191242 0.003129611 0.999723017 0.023325402 -2.117441654 -0.060536016 -0.023093333 0.997898817 85.577064514
0.997548819 -0.004641025 0.069819950 1.192833900 0.002955533 0.999702096 0.024224525 -2.128150940 -0.069911569 -0.023958791 0.997265458 86.117118835
0.996756792 -0.004162238 0.080364943 1.213404655 0.002257199 0.999714673 0.023781147 -2.129108906 -0.080440998 -0.023522623 0.996481717 86.645973206
0.996109247 -0.005602410 0.087948814 1.268396378 0.003602661 0.999731719 0.022879926 -2.115458965 -0.088053405 -0.022474056 0.995862186 87.229629517
0.995192766 -0.006047931 0.097748280 1.323751450 0.003773326 0.999718189 0.023438163 -2.115296364 -0.097862482 -0.022956654 0.994935155 87.657386780
0.994105816 -0.006543816 0.108216375 1.410332680 0.004000472 0.999711096 0.023702811 -2.118646860 -0.108340219 -0.023130191 0.993844807 88.195167542
0.993043184 -0.007006986 0.117541812 1.494994164 0.004320624 0.999723971 0.023093779 -2.116830111 -0.117671192 -0.022425268 0.992799401 88.743309021
0.991666794 -0.006431057 0.128668875 1.588239670 0.003466078 0.999723554 0.023254149 -2.117840052 -0.128782898 -0.022614390 0.991414905 89.302032471
0.990074039 -0.006567030 0.140393078 1.693116188 0.003277805 0.999715030 0.023647105 -2.138575792 -0.140508354 -0.022952205 0.989813387 89.881874084
0.988447189 -0.006801981 0.151412994 1.749484062 0.003352251 0.999729216 0.023027189 -2.112055302 -0.151528642 -0.022253582 0.988202333 90.347068787
0.986932218 -0.007769704 0.160948709 1.863600731 0.004154966 0.999731779 0.022783356 -2.106004000 -0.161082521 -0.021816889 0.986699820 90.891151428
0.984830558 -0.006659070 0.173391074 1.967322350 0.002655854 0.999724805 0.023309566 -2.121969938 -0.173498541 -0.022495471 0.984577179 91.423271179
0.982586026 -0.006691900 0.185687616 2.088498116 0.002364816 0.999720752 0.023514731 -2.132405519 -0.185793117 -0.022666132 0.982327402 91.951126099
0.980507970 -0.008764959 0.196283683 2.229646683 0.004224066 0.999713898 0.023541039 -2.124352932 -0.196433872 -0.022253063 0.980264664 92.546928406
0.977550328 -0.007020523 0.210584700 2.363885880 0.002104737 0.999720275 0.023558566 -2.127329111 -0.210691184 -0.022586461 0.977291763 93.132812500
0.974529445 -0.007628395 0.224129498 2.503366470 0.002361279 0.999714911 0.023758963 -2.127959728 -0.224246800 -0.022624575 0.974269688 93.636146545
0.971862733 -0.007115503 0.235440552 2.674024582 0.001309279 0.999691367 0.024808252 -2.157456636 -0.235544428 -0.023801956 0.971572042 94.135101318
0.968673348 -0.006435669 0.248254925 2.848014832 0.000378786 0.999701262 0.024437895 -2.148362875 -0.248338044 -0.023578303 0.968386352 94.801681519
0.964932263 -0.007072899 0.262403607 2.927455902 0.000837413 0.999714792 0.023867179 -2.129554033 -0.262497574 -0.022810470 0.964662969 95.267379761
0.961371243 -0.007642030 0.275148928 3.105472565 0.001035247 0.999707818 0.024148889 -2.141748190 -0.275253028 -0.022931201 0.961098254 95.767997742
0.958269119 -0.008555958 0.285739601 3.295400620 0.001682450 0.999703467 0.024291987 -2.144261122 -0.285862654 -0.022797516 0.957999349 96.312561035
0.953860998 -0.008265411 0.300134778 3.477573395 0.001078214 0.999708891 0.024104295 -2.136587143 -0.300246626 -0.022668539 0.953592181 96.898765564
0.949416816 -0.008903157 0.313892484 3.696170807 0.001277415 0.999699295 0.024491442 -2.149962902 -0.314016074 -0.022851618 0.949142575 97.411270142
0.945744216 -0.009127541 0.324783862 3.879373550 0.001297220 0.999703407 0.024317697 -2.139742374 -0.324909538 -0.022577003 0.945475578 97.875961304
0.941268802 -0.009632370 0.337520689 4.087211609 0.001779064 0.999720633 0.023569219 -2.126369715 -0.337653488 -0.021584500 0.941022992 98.463241577
0.935909092 -0.008377125 0.352142125 4.302682877 -0.000151627 0.999707520 0.024185071 -2.130312681 -0.352241784 -0.022688424 0.935634017 98.985275269
0.931386828 -0.010187889 0.363888472 4.531438828 0.001602738 0.999713421 0.023886980 -2.133080482 -0.364027590 -0.021664804 0.931136191 99.494056702
0.926523447 -0.009777926 0.376109838 4.764320374 0.000968524 0.999720931 0.023604373 -2.136606932 -0.376235664 -0.021505736 0.926274359 100.029083252
0.921161532 -0.010896314 0.389027923 5.014753342 0.001269291 0.999686778 0.024994805 -2.165483236 -0.389178485 -0.022530464 0.920886874 100.447937012
0.915766776 -0.011477144 0.401546359 5.297985077 0.001305060 0.999671519 0.025596656 -2.202133179 -0.401708215 -0.022916529 0.915480912 101.006546021
0.910827637 -0.012032243 0.412611425 5.540164948 0.001822914 0.999682605 0.025127908 -2.198834419 -0.412782818 -0.022135040 0.910560369 101.490974426
0.905370057 -0.012177235 0.424448878 5.796169281 0.001316725 0.999664485 0.025871255 -2.210273981 -0.424621463 -0.022864176 0.905082226 101.977279663
0.899302423 -0.014230429 0.437095702 6.067401886 0.003219737 0.999658763 0.025921227 -2.226583004 -0.437315434 -0.021903688 0.899041355 102.430007935
0.892891407 -0.012901760 0.450087309 6.331287384 0.001365539 0.999662340 0.025946358 -2.225605488 -0.450270057 -0.022552665 0.892607510 102.950477600
0.886915743 -0.013829948 0.461724043 6.544517517 0.002345015 0.999673665 0.025438577 -2.176501036 -0.461925209 -0.021479126 0.886658728 103.460311890
0.879492402 -0.013872739 0.475710630 6.824317932 0.002035571 0.999675572 0.025389317 -2.182478905 -0.475908518 -0.021361372 0.879235327 103.932846069
0.872982264 -0.014866920 0.487525165 7.131988525 0.002899171 0.999675870 0.025293417 -2.194223881 -0.487743199 -0.020667287 0.872742355 104.389465332
