1.000000000 0.000000000 0.000000000 0.000000000 0.000000000 1.000000000 0.000000000 0.000000000 0.000000000 0.000000000 1.000000000 0.000000000
1.000000000 0.000026921 -0.000057713 0.000200372 -0.000026926 1.000000000 -0.000076265 0.000319537 0.000057711 0.000076266 1.000000000 -0.000785346
1.000000000 0.000088559 -0.000043019 0.000624409 -0.000088558 1.000000000 0.000015133 -0.000270249 0.000043020 -0.000015129 1.000000000 -0.001444051
1.000000000 0.000007738 -0.000079004 0.000754153 -0.000007734 1.000000000 0.000058646 -0.000360245 0.000079004 -0.000058646 1.000000000 -0.002549374
1.000000000 -0.000057410 -0.000025122 0.000418044 0.000057407 1.000000000 -0.000122466 0.001168631 0.000025129 0.000122465 1.000000000 0.000897413
1.000000000 0.000033859 -0.000048935 0.001275286 -0.000033863 1.000000000 -0.000084474 0.000533864 0.000048932 0.000084476 1.000000000 0.000063275
1.000000000 -0.000002052 -0.000016663 0.000864458 0.000002050 1.000000000 -0.000098423 0.000356457 0.000016664 0.000098423 1.000000000 -0.000932550
1.000000000 -0.000195772 0.000013971 0.001099379 0.000195773 1.000000000 -0.000077314 0.000284585 -0.000013956 0.000077316 1.000000000 -0.001241161
1.000000000 -0.000189909 -0.000014265 0.001023083 0.000189907 1.000000000 -0.000151065 0.001887176 0.000014293 0.000151062 1.000000000 0.002007583
1.000000000 -0.000053164 -0.000101740 0.001998786 0.000053165 1.000000000 0.000008503 0.000138200 0.000101740 -0.000008509 1.000000000 0.000145884
1.000000000 -0.000142713 -0.000084463 0.001952977 0.000142698 1.000000000 -0.000175108 0.001589362 0.000084488 0.000175096 1.000000000 0.000119523
1.000000000 -0.000152595 -0.000011643 0.000077343 0.000152594 1.000000000 -0.000039371 0.000438013 0.000011649 0.000039369 1.000000000 0.000494354
0.999999940 -0.000269937 -0.000151459 0.002131185 0.000269949 0.999999940 0.000075389 -0.000250515 0.000151439 -0.000075430 1.000000000 -0.000238241
1.000000000 -0.000154177 -0.000159340 0.001929311 0.000154192 1.000000000 0.000094235 -0.000504142 0.000159325 -0.000094260 1.000000000 -0.000563839
1.000000000 -0.000149296 -0.000100202 0.000303437 0.000149302 1.000000000 0.000060832 -0.000303423 0.000100193 -0.000060847 1.000000000 0.000073200
1.000000000 0.000136301 0.000132673 0.000061063 -0.000136306 1.000000000 0.000036279 0.000609302 -0.000132668 -0.000036297 1.000000000 0.001717345
1.000000000 0.000044154 -0.000069094 0.000550982 -0.000044155 1.000000000 -0.000026442 0.001037214 0.000069092 0.000026445 1.000000000 0.001575615
1.000000000 -0.000006698 -0.000034634 0.000553493 0.000006696 1.000000000 -0.000061923 0.000694932 0.000034634 0.000061923 1.000000000 0.000563066
1.000000000 -0.000036679 0.000091928 -0.000046131 0.000036682 1.000000000 -0.000036004 0.000383763 -0.000091927 0.000036007 1.000000000 0.000727784
1.000000000 0.000056960 0.000158741 -0.000711017 -0.000056938 1.000000000 -0.000135031 0.001415832 -0.000158748 0.000135022 1.000000000 0.001576531
1.000000000 -0.000171385 -0.000086758 0.000922606 0.000171388 1.000000000 0.000035459 0.000336292 0.000086752 -0.000035474 1.000000000 0.001260980
0.999999940 -0.000293001 0.000013682 0.001925553 0.000293000 0.999999940 0.000078507 -0.000730541 -0.000013705 -0.000078503 1.000000000 -0.000284388
1.000000000 -0.000016962 0.000163635 -0.000137205 0.000016951 1.000000000 0.000063427 0.000379486 -0.000163636 -0.000063424 1.000000000 -0.000816024
1.000000000 0.000109100 -0.000006544 0.001303328 -0.000109100 1.000000000 0.000032311 0.000380211 0.000006548 -0.000032310 1.000000000 -0.001013355
1.000000000 0.000061098 -0.000025097 0.001228081 -0.000061099 1.000000000 -0.000026973 0.000842507 0.000025096 0.000026975 1.000000000 -0.000868295
1.000000000 -0.000040527 -0.000078216 0.001532956 0.000040517 1.000000000 -0.000132461 0.001215712 0.000078221 0.000132458 1.000000000 -0.001038111
1.000000000 0.000065283 0.000019083 -0.000411742 -0.000065281 1.000000000 -0.000129539 0.001511803 -0.000019092 0.000129538 1.000000000 0.001423595
1.000000000 -0.000060943 0.000034680 -0.000882615 0.000060943 1.000000000 0.000000378 0.001829588 -0.000034680 -0.000000376 1.000000000 0.002833188
1.000000000 0.000151225 0.000132443 -0.000450015 -0.000151220 1.000000000 -0.000039572 0.001462213 -0.000132449 0.000039552 1.000000000 0.001099035
1.000000000 0.000059556 0.000098111 0.000282050 -0.000059558 1.000000000 0.000024913 -0.000185216 -0.000098109 -0.000024919 1.000000000 -0.001989707
1.000000000 0.000113114 0.000130657 -0.000210704 -0.000113130 1.000000000 0.000124299 -0.000615999 -0.000130643 -0.000124314 1.000000000 -0.000786429
1.000000000 -0.000086226 0.000076572 0.000712290 0.000086228 1.000000000 -0.000025255 0.000066272 -0.000076570 0.000025262 1.000000000 -0.000928566
1.000000000 -0.000133309 -0.000011084 0.000880246 0.000133309 1.000000000 -0.000011806 0.000737135 0.000011085 0.000011804 1.000000000 0.000735675
1.000000000 0.000066153 0.000072197 0.000836560 -0.000066156 1.000000000 0.000039354 0.000185650 -0.000072194 -0.000039358 1.000000000 -0.000694262
1.000000000 0.000180397 0.000022867 0.000446520 -0.000180395 1.000000000 -0.000092938 0.001487065 -0.000022883 0.000092933 1.000000000 -0.000892025
1.000000000 -0.000155659 0.000033152 -0.000429587 0.000155665 1.000000000 -0.000160754 0.002674269 -0.000033127 0.000160759 1.000000000 0.003506195
1.000000000 -0.000035253 -0.000006861 0.000347705 0.000035254 1.000000000 0.000031596 0.000919334 0.000006860 -0.000031596 1.000000000 0.000915387
1.000000000 -0.000189121 -0.000005903 0.000930091 0.000189121 1.000000000 0.000035291 0.000759687 0.000005896 -0.000035292 1.000000000 0.000349301
1.000000000 0.000039621 0.000217252 -0.000527542 -0.000039621 1.000000000 0.000000422 0.000596844 -0.000217252 -0.000000431 1.000000000 0.002099096
0.999999881 -0.000433680 0.000075828 0.001791292 0.000433726 0.999999702 -0.000616772 -0.002752721 -0.000075560 0.000616805 0.999999821 0.050018322
1.000000000 -0.000042784 0.000175492 0.000982631 0.000042990 0.999999285 -0.001170984 -0.005979754 -0.000175442 0.001170992 0.999999285 0.132460222
0.999999940 0.000310108 -0.000088297 0.005149019 -0.000310236 0.999998868 -0.001457265 -0.006497315 0.000087845 0.001457293 0.999998927 0.251030087
0.999999940 0.000289316 0.000082645 0.005929637 -0.000289219 0.999999285 -0.001171240 -0.013912312 -0.000082984 0.001171216 0.999999285 0.379811794
1.000000000 0.000143378 0.000078972 0.008318719 -0.000143289 0.999999344 -0.001118846 -0.015745208 -0.000079132 0.001118834 0.999999344 0.525169015
0.999999940 0.000291525 -0.000012846 0.015086317 -0.000291542 0.999998987 -0.001373808 -0.018120322 0.000012445 0.001373811 0.999999046 0.674945951
0.999999940 0.000255788 0.000311784 0.017534018 -0.000255440 0.999999344 -0.001114897 -0.023330271 -0.000312069 0.001114818 0.999999344 0.839233100
0.999999940 0.000170700 0.000301949 0.015636439 -0.000170418 0.999999523 -0.000931888 -0.026655125 -0.000302107 0.000931836 0.999999523 1.013306856
0.999999940 0.000141723 0.000372167 0.020431213 -0.000141521 0.999999821 -0.000540434 -0.036205035 -0.000372243 0.000540381 0.999999762 1.180896640
0.999999523 0.000756356 0.000652850 0.017423335 -0.000755859 0.999999404 -0.000761121 -0.038923621 -0.000653425 0.000760627 0.999999523 1.362988710
1.000000000 0.000001858 0.000160268 0.034315359 -0.000001827 1.000000000 -0.000195397 -0.054413952 -0.000160269 0.000195397 0.999999940 1.555795789
0.999999762 0.000485497 0.000483500 0.031585064 -0.000485296 0.999999821 -0.000415159 -0.051191688 -0.000483702 0.000414924 0.999999821 1.761180401
0.999999940 0.000238966 -0.000290268 0.044053681 -0.000239096 0.999999881 -0.000447719 -0.055279192 0.000290161 0.000447789 0.999999881 1.955882311
0.999999523 0.000502824 0.000854821 0.027119497 -0.000502454 0.999999762 -0.000433027 -0.058950886 -0.000855039 0.000432598 0.999999523 2.163217545
0.999997735 0.002023801 -0.000652738 0.067589343 -0.002023281 0.999997556 0.000795909 -0.094217025 0.000654348 -0.000794586 0.999999404 2.359370232
0.999997556 0.001600504 -0.001478609 0.082947619 -0.001598999 0.999998093 0.001018597 -0.102047093 0.001480236 -0.001016230 0.999998391 2.575863838
0.999996841 0.002389627 -0.000759119 0.081385933 -0.002388954 0.999996781 0.000885362 -0.110188171 0.000761232 -0.000883546 0.999999344 2.800324202
0.999996483 0.002416109 -0.001066388 0.089545414 -0.002415025 0.999996543 0.001016285 -0.117228560 0.001068839 -0.001013706 0.999998987 3.035172224
0.999997258 0.002163931 -0.000922873 0.090339690 -0.002163275 0.999997437 0.000711585 -0.119245075 0.000924410 -0.000709586 0.999999344 3.274265766
0.999997318 0.002086941 -0.001023627 0.098786801 -0.002085958 0.999997377 0.000960342 -0.127692506 0.001025628 -0.000958204 0.999998987 3.511388779
0.999997735 0.001812245 -0.001160472 0.104109116 -0.001811465 0.999998212 0.000672727 -0.130793542 0.001161689 -0.000670624 0.999999046 3.771381140
0.999997616 0.001947833 -0.000980221 0.108966626 -0.001947215 0.999997914 0.000631038 -0.137753338 0.000981448 -0.000629128 0.999999285 4.030542374
0.999997437 0.002071155 -0.000957953 0.111777127 -0.002070277 0.999997437 0.000916437 -0.145081937 0.000959849 -0.000914452 0.999999106 4.285272598
0.999996781 0.002422694 -0.000758758 0.112311095 -0.002421857 0.999996483 0.001101463 -0.156248078 0.000761424 -0.001099622 0.999999106 4.535881519
0.999995828 0.002809722 -0.000591927 0.117427915 -0.002809035 0.999995410 0.001157474 -0.161318615 0.000595176 -0.001155806 0.999999106 4.793934345
0.999997318 0.002056180 -0.001075456 0.130622938 -0.002054616 0.999996960 0.001453735 -0.173276693 0.001078442 -0.001451521 0.999998331 5.052826405
0.999997020 0.002367178 -0.000551393 0.126206234 -0.002366633 0.999996722 0.000985796 -0.175067484 0.000553724 -0.000984488 0.999999344 5.312218666
0.999996364 0.002551968 -0.001019842 0.144906387 -0.002550695 0.999995947 0.001248350 -0.187870011 0.001023024 -0.001245745 0.999998629 5.585167408
0.999995589 0.002760110 -0.001161403 0.149211749 -0.002758353 0.999994993 0.001512076 -0.196041629 0.001165571 -0.001508866 0.999998152 5.852073669
0.999996483 0.002459805 -0.001022618 0.157767028 -0.002458200 0.999995768 0.001567921 -0.205606043 0.001026470 -0.001565402 0.999998212 6.130111217
0.999995887 0.002596936 -0.001197849 0.159062117 -0.002595308 0.999995708 0.001358652 -0.211888447 0.001201373 -0.001355538 0.999998331 6.407804012
0.999997556 0.002096953 -0.000771975 0.159194782 -0.002095935 0.999996960 0.001316825 -0.218808278 0.000774734 -0.001315204 0.999998868 6.700504303
0.999997020 0.002317464 -0.000799581 0.163006261 -0.002316502 0.999996603 0.001201576 -0.224143863 0.000802363 -0.001199720 0.999998927 7.002019882
0.999997020 0.002236911 -0.001034809 0.176154613 -0.002235297 0.999996245 0.001558435 -0.238507375 0.001038291 -0.001556117 0.999998212 7.288309574
0.999995887 0.002707181 -0.000908611 0.180019528 -0.002705984 0.999995470 0.001316316 -0.248354271 0.000912170 -0.001313852 0.999998748 7.598637104
0.999994993 0.003008147 -0.001002388 0.187802970 -0.003006212 0.999993682 0.001925882 -0.264353573 0.001008175 -0.001922859 0.999997675 7.911228657
0.999995708 0.002842105 -0.000768468 0.190422863 -0.002841043 0.999995053 0.001379611 -0.262828201 0.000772386 -0.001377422 0.999998808 8.234452248
0.999995053 0.003097052 -0.000520539 0.192665443 -0.003096406 0.999994457 0.001238831 -0.276513249 0.000524373 -0.001237213 0.999999166 8.555137634
0.999995887 0.002820899 -0.000502736 0.201529399 -0.002820153 0.999994874 0.001479349 -0.284158140 0.000506907 -0.001477925 0.999998748 8.893804550
0.999997735 0.001936638 -0.000866638 0.215131044 -0.001935290 0.999996901 0.001553362 -0.298231632 0.000869644 -0.001551681 0.999998391 9.226684570
0.999995887 0.002759240 -0.000728537 0.215729624 -0.002757999 0.999994814 0.001698416 -0.308075041 0.000733220 -0.001696400 0.999998271 9.574304581
0.999994576 0.003262937 -0.000522511 0.224819392 -0.003262318 0.999993920 0.001180628 -0.312168151 0.000526360 -0.001178917 0.999999166 9.912850380
0.999996066 0.002687114 -0.000780092 0.229438394 -0.002685776 0.999994874 0.001710997 -0.327938497 0.000784686 -0.001708895 0.999998271 10.255325317
0.999996603 0.002556936 -0.000451882 0.228946835 -0.002555944 0.999994278 0.002181848 -0.339668870 0.000457458 -0.002180686 0.999997497 10.609836578
0.999996722 0.002561390 0.000057655 0.234467566 -0.002561501 0.999994636 0.002010257 -0.345913231 -0.000052506 -0.002010397 0.999997973 10.978395462
0.999995470 0.002997827 0.000182339 0.237661287 -0.002998096 0.999994397 0.001495510 -0.354257792 -0.000177855 -0.001496049 0.999998808 11.360134125
0.999996364 0.002646846 -0.000351523 0.252093166 -0.002646108 0.999994338 0.002081175 -0.367218107 0.000357029 -0.002080237 0.999997795 11.733471870
0.999994934 0.003159207 -0.000242916 0.258919984 -0.003158684 0.999992788 0.002123292 -0.379553556 0.000249622 -0.002122513 0.999997735 12.120428085
0.999995649 0.002908740 -0.000429320 0.271571070 -0.002907999 0.999994278 0.001716722 -0.388301015 0.000434311 -0.001715466 0.999998450 12.513065338
0.999996066 0.002792618 -0.000356462 0.276391476 -0.002792110 0.999995172 0.001419003 -0.394850105 0.000360423 -0.001418002 0.999998927 12.913900375
0.999994338 0.003357527 -0.000115026 0.280732900 -0.003357300 0.999992430 0.001927568 -0.410028934 0.000121498 -0.001927171 0.999998093 13.308358192
0.999996006 0.002801590 0.000247082 0.290988803 -0.002802112 0.999993742 0.002136641 -0.417685479 -0.000241094 -0.002137325 0.999997675 13.719195366
0.999995530 0.002965387 0.000423016 0.291629940 -0.002966208 0.999993622 0.001952718 -0.429182082 -0.000417224 -0.001953964 0.999998033 14.136105537
0.999994040 0.003378164 0.000753436 0.300792098 -0.003379747 0.999992013 0.002109716 -0.441009879 -0.000746303 -0.002112249 0.999997556 14.558421135
0.999994397 0.003275810 0.000733411 0.311818033 -0.003277605 0.999991596 0.002460718 -0.454811007 -0.000725344 -0.002463108 0.999996722 14.987969398
0.999995351 0.002930378 0.000827675 0.322646111 -0.002932320 0.999993026 0.002354185 -0.469129205 -0.000820770 -0.002356601 0.999996901 15.399146080
0.999995351 0.002820203 0.001160370 0.331276298 -0.002822775 0.999993563 0.002221125 -0.480118752 -0.001154097 -0.002224390 0.999996781 15.837317467
0.999994934 0.002877923 0.001366278 0.340228230 -0.002881191 0.999992967 0.002396375 -0.491545051 -0.001359370 -0.002400299 0.999996185 16.282121658
0.999992728 0.003388280 0.001741617 0.347592562 -0.003391886 0.999992073 0.002072080 -0.500605404 -0.001734582 -0.002077972 0.999996364 16.733842850
0.999991179 0.003663898 0.002043956 0.356397867 -0.003668361 0.999990880 0.002183968 -0.513852358 -0.002035936 -0.002191447 0.999995530 17.187576294
0.999990761 0.003650333 0.002264621 0.365197301 -0.003655429 0.999990761 0.002250375 -0.523254275 -0.002256385 -0.002258633 0.999994874 17.648912430
0.999987841 0.004011230 0.002874355 0.372866005 -0.004016669 0.999990225 0.001888888 -0.532676101 -0.002866751 -0.001900411 0.999994040 18.116575241
0.999990880 0.003439672 0.002533029 0.395479023 -0.003445791 0.999991059 0.002415348 -0.546187162 -0.002524698 -0.002424054 0.999993861 18.574087143
0.999988377 0.003941078 0.002766101 0.404535890 -0.003946529 0.999990165 0.001968130 -0.554165006 -0.002758317 -0.001979023 0.999994218 19.044918060
0.999986947 0.003762096 0.003437871 0.412170887 -0.003767858 0.999991417 0.001671373 -0.563485801 -0.003431554 -0.001684305 0.999992669 19.540367126
0.999990284 0.003327369 0.002861133 0.422462821 -0.003332840 0.999992609 0.001909417 -0.577273309 -0.002854759 -0.001918935 0.999994040 20.019176483
0.999988377 0.004006068 0.002672738 0.434774131 -0.004011815 0.999989629 0.002148245 -0.591551304 -0.002664104 -0.002158943 0.999994099 20.513553619
0.999990523 0.003623102 0.002407878 0.449595928 -0.003628238 0.999991119 0.002131836 -0.604821742 -0.002400133 -0.002140552 0.999994814 21.010482788
0.999991775 0.003459397 0.002112502 0.458005071 -0.003464187 0.999991417 0.002268334 -0.615783513 -0.002104637 -0.002275634 0.999995232 21.516101837
0.999992847 0.003430354 0.001578276 0.467044681 -0.003434534 0.999990582 0.002653313 -0.638526917 -0.001569159 -0.002658715 0.999995232 22.019983292
0.999991536 0.003957796 0.001123583 0.481658936 -0.003960593 0.999989092 0.002497945 -0.648172736 -0.001113685 -0.002502374 0.999996245 22.528337479
0.999992013 0.003984619 0.000597159 0.486987501 -0.003986008 0.999989271 0.002341040 -0.662994564 -0.000587824 -0.002343402 0.999997020 23.048501968
0.999993503 0.003612573 -0.000201687 0.501794696 -0.003612170 0.999991536 0.001968157 -0.679253638 0.000208795 -0.001967416 0.999998033 23.561586380
0.999996126 0.002647313 -0.000872636 0.509826362 -0.002645569 0.999994516 0.001993586 -0.693586886 0.000877909 -0.001991269 0.999997616 24.084630966
0.999992430 0.003648435 -0.001349078 0.515777409 -0.003645342 0.999990761 0.002288014 -0.706960917 0.001357413 -0.002283079 0.999996483 24.619636536
0.999989271 0.004112536 -0.002103862 0.527129948 -0.004106889 0.999987960 0.002680740 -0.722998679 0.002114862 -0.002672071 0.999994159 25.152536392
0.999987781 0.004207430 -0.002583310 0.533973873 -0.004200659 0.999987721 0.002620575 -0.733979344 0.002594304 -0.002609691 0.999993205 25.696531296
0.999986947 0.004101745 -0.003054270 0.538911104 -0.004093821 0.999988198 0.002596119 -0.748008430 0.003064882 -0.002583581 0.999991953 26.242645264
0.999987006 0.003453338 -0.003762229 0.549170673 -0.003440203 0.999987960 0.003492126 -0.762575388 0.003774244 -0.003479138 0.999986827 26.795089722
0.999987006 0.003556094 -0.003684869 0.551781774 -0.003544327 0.999988616 0.003194918 -0.775333047 0.003696189 -0.003181816 0.999988139 27.344129562
0.999983549 0.003994701 -0.004101789 0.560653865 -0.003981056 0.999986529 0.003329740 -0.798489869 0.004115035 -0.003313356 0.999986053 27.879627228
0.999981999 0.004382616 -0.004081536 0.564791203 -0.004367032 0.999983191 0.003819381 -0.812246382 0.004098206 -0.003801489 0.999984384 28.418279648
0.999981225 0.004309122 -0.004365208 0.575839162 -0.004293851 0.999984682 0.003501861 -0.825459003 0.004380232 -0.003483052 0.999984324 28.948326111
0.999975264 0.004716021 -0.005216318 0.588885069 -0.004696487 0.999981940 0.003750640 -0.845287323 0.005233912 -0.003726049 0.999979377 29.515291214
0.999974430 0.004593018 -0.005476468 0.592979908 -0.004572868 0.999982774 0.003686316 -0.853578687 0.005493306 -0.003661179 0.999978125 30.061140060
0.999972701 0.004898906 -0.005515049 0.602812052 -0.004877951 0.999980986 0.003806700 -0.872571290 0.005533591 -0.003779695 0.999977529 30.608009338
0.999971151 0.004525406 -0.006116272 0.611503839 -0.004503572 0.999983430 0.003579015 -0.883005619 0.006132369 -0.003551367 0.999974847 31.155658722
0.999968052 0.004654089 -0.006489952 0.618356347 -0.004630659 0.999982715 0.003620558 -0.894504547 0.006506689 -0.003590389 0.999972403 31.707908630
0.999966085 0.005026131 -0.006529691 0.628198147 -0.005000821 0.999979913 0.003886748 -0.913746536 0.006549095 -0.003853962 0.999971211 32.254390717
0.999965787 0.004782870 -0.006740182 0.635270238 -0.004757091 0.999981284 0.003835385 -0.923169255 0.006758399 -0.003803191 0.999969840 32.789104462
0.999959171 0.004373896 -0.007905046 0.651341558 -0.004339405 0.999981046 0.004375022 -0.944662273 0.007924032 -0.004340541 0.999959111 33.323314667
0.999962091 0.004996286 -0.007135214 0.646910131 -0.004970378 0.999980927 0.003644094 -0.947566509 0.007153284 -0.003608491 0.999967933 33.890827179
0.999965668 0.004675481 -0.006849946 0.647280574 -0.004651872 0.999983191 0.003458432 -0.960270762 0.006866001 -0.003426448 0.999970615 34.436466217
0.999961078 0.004734976 -0.007437828 0.661592603 -0.004707228 0.999981880 0.003743639 -0.978110492 0.007455420 -0.003708481 0.999965310 34.961788177
0.999959767 0.004967333 -0.007462377 0.666133881 -0.004940988 0.999981582 0.003544664 -0.990253448 0.007479846 -0.003507650 0.999965847 35.509113312
0.999961376 0.005582508 -0.006789151 0.671980441 -0.005553318 0.999975324 0.004310846 -1.014029145 0.006813048 -0.004272978 0.999967635 36.047271729
0.999954820 0.005106298 -0.008019812 0.683588982 -0.005076948 0.999980450 0.003675934 -1.018605709 0.008038425 -0.003635052 0.999961078 36.593955994
0.999953985 0.005378114 -0.007945424 0.688722193 -0.005350197 0.999979436 0.003530661 -1.030075669 0.007964248 -0.003487989 0.999962211 37.144805908
0.999952972 0.005257795 -0.008146699 0.692556500 -0.005229556 0.999980271 0.003483597 -1.045478225 0.008164854 -0.003440829 0.999960721 37.682952881
0.999955416 0.004600122 -0.008245461 0.699152827 -0.004572566 0.999983907 0.003357668 -1.056444287 0.008260773 -0.003319815 0.999960363 38.230831146
0.999951005 0.005053388 -0.008512916 0.708130598 -0.005025468 0.999981940 0.003297871 -1.070767641 0.008529429 -0.003254927 0.999958336 38.783420563
0.999946833 0.005460945 -0.008739489 0.712964654 -0.005428240 0.999978185 0.003761670 -1.089390993 0.008759841 -0.003714030 0.999954700 39.331264496
0.999942541 0.005521492 -0.009190082 0.732461214 -0.005482702 0.999975920 0.004240833 -1.112083673 0.009213276 -0.004190202 0.999948800 39.859169006
0.999940991 0.005391916 -0.009426991 0.740872085 -0.005351230 0.999976218 0.004335912 -1.128406763 0.009450145 -0.004285210 0.999946177 40.413795471
0.999945521 0.005005301 -0.009159280 0.734614670 -0.004969276 0.999979854 0.003951684 -1.133536696 0.009178875 -0.003905954 0.999950230 40.974197388
0.999943018 0.005324032 -0.009249482 0.745414734 -0.005286416 0.999977708 0.004086627 -1.144927382 0.009271033 -0.004037497 0.999948859 41.524204254
0.999938369 0.005171928 -0.009823923 0.760576606 -0.005129667 0.999977529 0.004322170 -1.163567543 0.009846058 -0.004271511 0.999942362 42.071708679
0.999938726 0.005869633 -0.009384432 0.750864327 -0.005833846 0.999975562 0.003836299 -1.169880390 0.009406721 -0.003781317 0.999948621 42.622943878
0.999937475 0.005358086 -0.009822214 0.762217164 -0.005318249 0.999977529 0.004077551 -1.184068561 0.009843841 -0.004025059 0.999943435 43.165882111
0.999935389 0.005823632 -0.009758469 0.768471241 -0.005782548 0.999974430 0.004232996 -1.203104734 0.009782870 -0.004176294 0.999943495 43.716297150
0.999938607 0.005406354 -0.009683180 0.765341699 -0.005362162 0.999975145 0.004583994 -1.216981292 0.009707722 -0.004531790 0.999942601 44.256996155
0.999937534 0.005748127 -0.009583294 0.771381795 -0.005711596 0.999976456 0.003834785 -1.223752022 0.009605111 -0.003779811 0.999946713 44.814250946
0.999938190 0.005701980 -0.009537932 0.780676007 -0.005667260 0.999977291 0.003663325 -1.228971720 0.009558601 -0.003609045 0.999947727 45.349155426
0.999938428 0.005376187 -0.009706361 0.782405496 -0.005329598 0.999974191 0.004819373 -1.259357572 0.009732022 -0.004767345 0.999941230 45.894123077
0.999937654 0.004788085 -0.010087937 0.795225620 -0.004743412 0.999978840 0.004447697 -1.271459699 0.010109020 -0.004399568 0.999939263 46.435009003
0.999933004 0.005202252 -0.010338668 0.809210062 -0.005154422 0.999975920 0.004647622 -1.292106986 0.010362597 -0.004594021 0.999935746 46.968364716
0.999942064 0.004767302 -0.009642692 0.784759879 -0.004722583 0.999978006 0.004655023 -1.295551658 0.009664672 -0.004609215 0.999942601 47.532352448
0.999938786 0.005403669 -0.009649261 0.789581776 -0.005357380 0.999974072 0.004816649 -1.309615493 0.009675039 -0.004764660 0.999941766 48.078689575
0.999937654 0.004083741 -0.010392939 0.809228897 -0.004035504 0.999980986 0.004658039 -1.319934249 0.010411764 -0.004615807 0.999935150 48.618762970
0.999943316 0.004612716 -0.009594887 0.794175625 -0.004566145 0.999977648 0.004870072 -1.336002231 0.009617137 -0.004825984 0.999942124 49.160961151
0.999935508 0.005246941 -0.010071235 0.809411705 -0.005195009 0.999973118 0.005175733 -1.354573727 0.010098122 -0.005123079 0.999935865 49.701580048
0.999940574 0.004603607 -0.009882184 0.814296067 -0.004555391 0.999977648 0.004896015 -1.364954114 0.009904503 -0.004850706 0.999939203 50.258991241
0.999943256 0.004637985 -0.009591077 0.810776234 -0.004593775 0.999978721 0.004626484 -1.376657724 0.009612331 -0.004582162 0.999943316 50.805477142
0.999945283 0.004958467 -0.009213061 0.815498829 -0.004911901 0.999975026 0.005070021 -1.391316414 0.009237971 -0.005024490 0.999944687 51.362957001
0.999936819 0.004550776 -0.010282158 0.835621297 -0.004504519 0.999979615 0.004517478 -1.399703145 0.010302506 -0.004470876 0.999936938 51.899394989
0.999939799 0.004596069 -0.009958924 0.836726904 -0.004551013 0.999979258 0.004542174 -1.415411592 0.009979593 -0.004496577 0.999940097 52.444179535
0.999944687 0.004425492 -0.009533005 0.837283313 -0.004384175 0.999980867 0.004350638 -1.423465490 0.009552075 -0.004308603 0.999945104 52.987796783
0.999936759 0.004507066 -0.010298318 0.859741330 -0.004461416 0.999980092 0.004451416 -1.437611461 0.010318177 -0.004405190 0.999936998 53.525775909
0.999937177 0.004804115 -0.010128749 0.867355943 -0.004758228 0.999978364 0.004549530 -1.451622128 0.010150386 -0.004501050 0.999938309 54.072257996
0.999938667 0.004582596 -0.010078487 0.868689537 -0.004541074 0.999981105 0.004138799 -1.459310532 0.010097264 -0.004092779 0.999940634 54.618068695
0.999937654 0.004834895 -0.010061667 0.868013024 -0.004793733 0.999980032 0.004111062 -1.474041224 0.010081344 -0.004062572 0.999940932 55.168800354
0.999936819 0.004514834 -0.010286746 0.878664076 -0.004472157 0.999981225 0.004167937 -1.485383630 0.010305370 -0.004121670 0.999938369 55.698127747
0.999934494 0.004623406 -0.010472886 0.878391325 -0.004583376 0.999982119 0.003843056 -1.490192294 0.010490468 -0.003794803 0.999937713 56.243934631
0.999935567 0.004540185 -0.010411642 0.890571535 -0.004499214 0.999982059 0.003955291 -1.505433679 0.010429413 -0.003908191 0.999937952 56.786804199
0.999934256 0.004768373 -0.010428692 0.897798240 -0.004727133 0.999980927 0.003975552 -1.519907713 0.010447451 -0.003925992 0.999937713 57.342617035
0.999929607 0.004451681 -0.011000247 0.904025018 -0.004408600 0.999982536 0.003937627 -1.534515023 0.011017584 -0.003888854 0.999931753 57.885936737
0.999934494 0.004307107 -0.010607366 0.914881706 -0.004265639 0.999983191 0.003928914 -1.546144724 0.010624111 -0.003883408 0.999936044 58.433200836
0.999939322 0.004502035 -0.010056450 0.905032814 -0.004472217 0.999985516 0.002985548 -1.538693070 0.010069747 -0.002940392 0.999944985 58.958595276
0.999936104 0.004149884 -0.010513678 0.915016592 -0.004123789 0.999988317 0.002502427 -1.551373482 0.010523941 -0.002458911 0.999941587 59.504634857
0.999943078 0.004328542 -0.009760153 0.916880667 -0.004306759 0.999988139 0.002251795 -1.559892654 0.009769785 -0.002209632 0.999949813 60.053638458
0.999934494 0.004909924 -0.010330927 0.915453136 -0.004879066 0.999983549 0.003010018 -1.581635952 0.010345534 -0.002959416 0.999942124 60.576644897
0.999935806 0.005935634 -0.009646126 0.918556750 -0.005902676 0.999976635 0.003441439 -1.601022959 0.009666326 -0.003384280 0.999947608 61.127738953
0.999933481 0.005281759 -0.010243016 0.929030180 -0.005250880 0.999981582 0.003039154 -1.609423995 0.010258880 -0.002985166 0.999942958 61.680667877
0.999927104 0.005442005 -0.010775956 0.943661928 -0.005411529 0.999981225 0.002855285 -1.628614902 0.010791291 -0.002796763 0.999937892 62.197589874
0.999929368 0.005419333 -0.010587852 0.942063093 -0.005389160 0.999981463 0.002876314 -1.637625337 0.010603243 -0.002819052 0.999939799 62.721382141
0.999934852 0.005146231 -0.010186640 0.940465152 -0.005116608 0.999982655 0.002931991 -1.645652056 0.010201551 -0.002879679 0.999943852 63.270725250
0.999927580 0.006144922 -0.010342798 0.943783522 -0.006111801 0.999976158 0.003230838 -1.669194698 0.010362404 -0.003167391 0.999941230 63.815441132
0.999927819 0.005565875 -0.010646149 0.955777705 -0.005532606 0.999979734 0.003151821 -1.682343841 0.010663476 -0.003092693 0.999938309 64.348419189
0.999925852 0.005629184 -0.010797905 0.960917175 -0.005595888 0.999979496 0.003111274 -1.688024879 0.010815198 -0.003050620 0.999936879 64.860610962
0.999927223 0.005084192 -0.010938917 0.970265806 -0.005050114 0.999982297 0.003140645 -1.701668620 0.010954693 -0.003085173 0.999935269 65.415016174
0.999928951 0.004663263 -0.010974769 0.980570436 -0.004625037 0.999983072 0.003505789 -1.716824174 0.010990934 -0.003454781 0.999933660 65.950454712
0.999928832 0.004763182 -0.010936711 0.980730832 -0.004735988 0.999985576 0.002511147 -1.720826268 0.010948516 -0.002459172 0.999937057 66.483055115
0.999925077 0.005404147 -0.010982501 0.982771695 -0.005369960 0.999980628 0.003139900 -1.746786952 0.010999259 -0.003080689 0.999934673 67.015403748
0.999920785 0.005465833 -0.011342977 0.987438262 -0.005430862 0.999980390 0.003111617 -1.759823203 0.011359764 -0.003049769 0.999930739 67.556816101
0.999925375 0.005631131 -0.010839154 0.990039945 -0.005598851 0.999979734 0.003006136 -1.772103071 0.010855861 -0.002945224 0.999936759 68.095146179
0.999926329 0.005507159 -0.010814557 0.988251984 -0.005480027 0.999981761 0.002536819 -1.780465961 0.010828329 -0.002477369 0.999938309 68.646057129
0.999922514 0.005695011 -0.011068945 1.003557682 -0.005663008 0.999979675 0.002920299 -1.798357964 0.011085351 -0.002857389 0.999934554 69.184608459
0.999925315 0.005670327 -0.010823155 1.001911283 -0.005643039 0.999980807 0.002550116 -1.806544065 0.010837407 -0.002488850 0.999938190 69.697113037
0.999926925 0.005858081 -0.010577819 1.003005743 -0.005827365 0.999978721 0.002932264 -1.820412397 0.010594772 -0.002870408 0.999939740 70.253814697
0.999924064 0.005544290 -0.011004222 1.011186838 -0.005514440 0.999981046 0.002741212 -1.834896684 0.011019211 -0.002680322 0.999935687 70.777587891
0.999923289 0.005826170 -0.010928429 1.022466421 -0.005798854 0.999980032 0.002529486 -1.846925735 0.010942947 -0.002465919 0.999937117 71.324516296
0.999926925 0.005688048 -0.010669550 1.013822794 -0.005658672 0.999980092 0.002781432 -1.861040473 0.010685158 -0.002720853 0.999939203 71.852706909
0.999923825 0.006130660 -0.010720575 1.018808842 -0.006098097 0.999976695 0.003067464 -1.880096078 0.010739131 -0.003001855 0.999937832 72.398788452
0.999925315 0.005641766 -0.010841227 1.025418997 -0.005611587 0.999980271 0.002812126 -1.890929937 0.010856879 -0.002751080 0.999937296 72.933776855
0.999922276 0.005858510 -0.011001864 1.027182102 -0.005832515 0.999980152 0.002393270 -1.900493503 0.011015666 -0.002328916 0.999936640 73.480354309
0.999923229 0.005665067 -0.011019399 1.034713030 -0.005631736 0.999979496 0.003053570 -1.920744896 0.011036471 -0.002991277 0.999934614 74.002700806
0.999921679 0.005561324 -0.011212531 1.046005726 -0.005525540 0.999979556 0.003219825 -1.933871150 0.011230208 -0.003157617 0.999931931 74.533958435
0.999923706 0.005378792 -0.011113740 1.047988415 -0.005340931 0.999979794 0.003433534 -1.949333668 0.011131984 -0.003373915 0.999932289 75.075820923
0.999922991 0.005211975 -0.011264225 1.055850744 -0.005177584 0.999981821 0.003080220 -1.963336229 0.011280075 -0.003021661 0.999931812 75.612854004
0.999914587 0.005825881 -0.011704640 1.064619780 -0.005790566 0.999978602 0.003048930 -1.975801587 0.011722154 -0.002980893 0.999926805 76.158622742
0.999923289 0.005121155 -0.011276987 1.068711162 -0.005083612 0.999981523 0.003355259 -1.996953487 0.011293962 -0.003297674 0.999930739 76.691558838
0.999923527 0.005411582 -0.011121831 1.064914942 -0.005382589 0.999982059 0.002635152 -1.995875716 0.011135892 -0.002575086 0.999934673 77.235961914
0.999927819 0.005276897 -0.010797133 1.064961195 -0.005246569 0.999982238 0.002835259 -2.012027025 0.010811904 -0.002778406 0.999937713 77.770599365
0.999923229 0.005644439 -0.011033999 1.073717594 -0.005615524 0.999980688 0.002649801 -2.024842739 0.011048744 -0.002587636 0.999935627 78.329330444
0.999920905 0.005667748 -0.011224702 1.081963062 -0.005633147 0.999979258 0.003111781 -2.041689634 0.011242106 -0.003048304 0.999932110 78.848945618
0.999916196 0.006424190 -0.011242234 1.083765984 -0.006388653 0.999974549 0.003194005 -2.056006670 0.011262466 -0.003121914 0.999931633 79.398147583
0.999915361 0.005937906 -0.011575923 1.094720960 -0.005906819 0.999978840 0.002717803 -2.066147804 0.011591814 -0.002649196 0.999929309 79.916473389
0.999931097 0.005957579 -0.010114599 1.094635844 -0.005930015 0.999978602 0.002752945 -2.078474760 0.010130784 -0.002692775 0.999945045 80.464477539
0.999939501 0.006662247 -0.008759419 1.096911430 -0.006638148 0.999974132 0.002777328 -2.093138933 0.008777697 -0.002719013 0.999957800 81.008186340
0.999947548 0.006292159 -0.008076145 1.110015273 -0.006269497 0.999976337 0.002828323 -2.108280659 0.008093750 -0.002777542 0.999963343 81.548538208
0.999960303 0.006196915 -0.006390086 1.114617825 -0.006177750 0.999976397 0.003014634 -2.124939442 0.006408616 -0.002975038 0.999975026 82.086425781
0.999973238 0.006151160 -0.003954091 1.131742597 -0.006139891 0.999977112 0.002855949 -2.135811329 0.003971568 -0.002831595 0.999988079 82.642158508
0.999981225 0.006119544 0.000042249 1.150699496 -0.006119656 0.999974906 0.003558952 -2.161365032 -0.000020469 -0.003559144 0.999993682 83.166755676
0.999973655 0.006357266 0.003511086 1.169647455 -0.006367941 0.999975085 0.003037737 -2.176265717 -0.003491688 -0.003060015 0.999989212 83.749092102
0.999943137 0.006375001 0.008559376 1.192428827 -0.006403367 0.999974012 0.003290620 -2.195092916 -0.008538177 -0.003345241 0.999957979 84.294921875
0.999889553 0.006492755 0.013370907 1.227000356 -0.006528537 0.999975204 0.002634226 -2.208755016 -0.013353473 -0.002721227 0.999907136 84.837516785
0.999794900 0.006307125 0.019243853 1.250140190 -0.006364534 0.999975443 0.002923444 -2.225702524 -0.019224944 -0.003045323 0.999810517 85.393142700
0.999673724 0.005516155 0.024939386 1.284559965 -0.005601219 0.999978781 0.003342299 -2.242650986 -0.024920421 -0.003480900 0.999683321 85.933135986
0.999431133 0.005474595 0.033277661 1.312577009 -0.005599718 0.999977589 0.003667929 -2.258761883 -0.033256833 -0.003852188 0.999439359 86.488403320
0.999110639 0.006009774 0.041737519 1.346605539 -0.006139086 0.999976695 0.002970720 -2.263504744 -0.041718692 -0.003224307 0.999124169 87.040184021
0.998787880 0.006533428 0.048786435 1.384508133 -0.006690284 0.999972939 0.003052547 -2.275875568 -0.048765175 -0.003375242 0.998804569 87.587219238
0.998332858 0.005969937 0.057410061 1.436577797 -0.006150860 0.999976695 0.002975211 -2.287344217 -0.057390962 -0.003323372 0.998346210 88.128906250
0.997664213 0.006004471 0.068044960 1.489622116 -0.006199870 0.999977231 0.002660786 -2.299984217 -0.068027452 -0.003076441 0.997678697 88.688629150
0.997050107 0.005499187 0.076556168 1.544901371 -0.005683599 0.999981463 0.002191161 -2.304052353 -0.076542705 -0.002619812 0.997062802 89.240348816
0.996393442 0.005648280 0.084664956 1.613422871 -0.005873701 0.999979854 0.002413642 -2.326730490 -0.084649608 -0.002902234 0.996406496 89.801879883
0.995443344 0.005338572 0.095205903 1.693607330 -0.005596680 0.999981344 0.002444230 -2.339064837 -0.095191084 -0.002965929 0.995454609 90.339370728
0.994343579 0.005520672 0.106067970 1.763924122 -0.005850434 0.999978960 0.002798074 -2.357048512 -0.106050298 -0.003402790 0.994354963 90.897529602
0.993346214 0.004418397 0.115082324 1.852414131 -0.004746006 0.999985456 0.002572889 -2.370244026 -0.115069270 -0.003101950 0.993352652 91.438781738
0.992034078 0.005306988 0.125858337 1.941511154 -0.005738358 0.999978840 0.003065108 -2.388117313 -0.125839412 -0.003762912 0.992043495 91.966110229
0.990396678 0.004465905 0.138182625 2.040437698 -0.004826256 0.999985754 0.002272831 -2.397725582 -0.138170511 -0.002917909 0.990404129 92.544410706
0.988836646 0.003805021 0.148955241 2.143360138 -0.004263964 0.999987185 0.002761843 -2.418813944 -0.148942813 -0.003366152 0.988840163 93.084159851
0.987187326 0.003966513 0.159516215 2.244628906 -0.004434558 0.999986768 0.002578281 -2.425096989 -0.159503892 -0.003252630 0.987191916 93.641746521
0.985070169 0.004029125 0.172106132 2.367943764 -0.004557506 0.999985993 0.002675067 -2.444603443 -0.172092959 -0.003419504 0.985074818 94.162094116
0.982710183 0.003709909 0.185114026 2.489894867 -0.004270089 0.999987423 0.002627554 -2.456130028 -0.185101956 -0.003372578 0.982713461 94.733993530
0.980718195 0.003355370 0.195398420 2.614027977 -0.003969230 0.999988317 0.002750101 -2.469408751 -0.195386946 -0.003472656 0.980720103 95.271049500
0.978066981 0.003192042 0.208266005 2.755540848 -0.003857612 0.999988675 0.002789689 -2.486002922 -0.208254740 -0.003531913 0.978068233 95.803390503
0.975114048 0.002960199 0.221684128 2.898887634 -0.003654896 0.999989569 0.002723567 -2.497378826 -0.221673757 -0.003466021 0.975114763 96.341789246
0.972580194 0.002833565 0.232550532 3.038000107 -0.003579289 0.999989688 0.002784812 -2.506375790 -0.232540265 -0.003540819 0.972580314 96.855583191
0.969491899 0.002146155 0.245113671 3.196840286 -0.002721774 0.999994278 0.002009663 -2.509109259 -0.245107934 -0.002615496 0.969492257 97.441215515
0.965981841 0.001979276 0.258602262 3.366464615 -0.002678715 0.999993622 0.002352363 -2.530487299 -0.258595943 -0.002965062 0.965981066 97.958030701
0.962423563 0.002176685 0.271544367 3.522695541 -0.002852913 0.999993742 0.002095569 -2.536763906 -0.271538079 -0.002791517 0.962423682 98.500717163
0.959061563 0.001607098 0.283193052 3.692474365 -0.002395098 0.999994159 0.002436351 -2.561842680 -0.283187509 -0.003014886 0.959059834 99.025268555
0.954829633 0.001855336 0.297148049 3.870279312 -0.002687133 0.999993563 0.002390828 -2.574571609 -0.297141731 -0.003081310 0.954828441 99.538810730
0.950542092 0.001072708 0.310594052 4.072620392 -0.001959300 0.999994814 0.002542531 -2.590431213 -0.310589731 -0.003025330 0.950539291 100.060493469
0.946728945 0.000610373 0.322030991 4.269886017 -0.001453639 0.999996126 0.002378130 -2.592931509 -0.322028279 -0.002719562 0.946726143 100.596099854
0.942129314 -0.000050945 0.335249662 4.474567413 -0.000915503 0.999995887 0.002724738 -2.610858917 -0.335248351 -0.002873978 0.942125440 101.120727539
0.937209427 -0.000119337 0.348767072 4.690219879 -0.000766014 0.999996781 0.002400606 -2.626997471 -0.348766208 -0.002517031 0.937206388 101.607902527
0.932388783 -0.000060766 0.361456782 4.907878876 -0.000835672 0.999996901 0.002323755 -2.638986826 -0.361455768 -0.002468703 0.932385981 102.141983032
0.927869797 -0.000572098 0.372903824 5.139923096 -0.000030842 0.999998689 0.001610911 -2.646530867 -0.372904241 -0.001506216 0.927868664 102.659164429
0.921862304 -0.001026773 0.387516290 5.368427277 0.000192168 0.999997497 0.002192472 -2.662737131 -0.387517601 -0.001946689 0.921860278 103.157730103
0.916301787 -0.001954291 0.400483608 5.610099792 0.001253767 0.999997079 0.002011211 -2.672811508 -0.400486410 -0.001340763 0.916301727 103.642623901
0.911463380 -0.001861575 0.411377102 5.853610992 0.001105129 0.999997199 0.002076649 -2.691638947 -0.411379814 -0.001438165 0.911462963 104.117317200
0.905041218 -0.002403446 0.425316930 6.109642029 0.001473223 0.999995768 0.002516025 -2.711870909 -0.425321221 -0.001650520 0.905040979 104.640693665
0.898727000 -0.002707956 0.438500375 6.376941681 0.001618731 0.999994636 0.002857795 -2.733285189 -0.438505799 -0.001858563 0.898726404 105.104354858
0.892809510 -0.003481230 0.450420797 6.646499634 0.002688890 0.999993503 0.002398960 -2.739240170 -0.450426280 -0.000930683 0.892813087 105.606254578
0.887165666 -0.003726817 0.461435944 6.902503967 0.002877457 0.999992609 0.002544251 -2.748806715 -0.461441994 -0.000929411 0.887169898 106.084884644
0.880027711 -0.003851642 0.474906743 7.187225342 0.002976811 0.999992192 0.002594061 -2.759417057 -0.474913001 -0.000869139 0.880032301 106.574340820
0.873235226 -0.004477773 0.487278342 7.473369598 0.003473531 0.999989569 0.002964459 -2.782893419 -0.487286568 -0.000896093 0.873241603 107.008628845
0.867407978 -0.004569686 0.497576654 7.754703522 0.003701098 0.999989390 0.002731792 -2.790572166 -0.497583926 -0.000527998 0.867415726 107.483383179
