1.000000000 0.000000000 0.000000000 0.000000000 0.000000000 1.000000000 0.000000000 0.000000000 0.000000000 0.000000000 1.000000000 0.000000000
1.000000000 -0.000062485 -0.000041675 0.001475026 0.000062482 1.000000000 -0.000069539 0.000408348 0.000041679 0.000069536 1.000000000 -0.000646191
1.000000000 0.000085590 0.000049571 0.000821780 -0.000085590 1.000000000 -0.000005426 0.000002918 -0.000049572 0.000005422 1.000000000 -0.000409216
1.000000000 -0.000013588 -0.000020399 0.000846025 0.000013588 1.000000000 0.000041927 -0.000790686 0.000020398 -0.000041928 1.000000000 -0.001028838
1.000000000 -0.000047428 -0.000012305 0.000735478 0.000047428 1.000000000 -0.000051228 0.000337064 0.000012307 0.000051228 1.000000000 0.000480307
1.000000000 0.000013962 -0.000044789 0.000753636 -0.000013961 1.000000000 0.000005564 -0.000431477 0.000044789 -0.000005563 1.000000000 0.001744418
1.000000000 0.000130498 0.000042167 -0.002214634 -0.000130494 1.000000000 -0.000086322 0.001632772 -0.000042178 0.000086317 1.000000000 0.002078349
1.000000000 0.000101146 0.000016985 -0.000158514 -0.000101145 1.000000000 -0.000014464 0.000442938 -0.000016986 0.000014462 1.000000000 0.001444878
1.000000000 -0.000042833 -0.000002770 0.000497971 0.000042833 1.000000000 -0.000037533 0.000191858 0.000002772 0.000037533 1.000000000 0.000248212
1.000000000 0.000034059 -0.000048812 0.001396284 -0.000034056 1.000000000 0.000060916 0.000731334 0.000048814 -0.000060915 1.000000000 -0.000522629
1.000000000 0.000032942 -0.000010416 0.001091151 -0.000032942 1.000000000 0.000023084 0.000188150 0.000010416 -0.000023083 1.000000000 0.001912125
1.000000000 -0.000012806 0.000002886 -0.000042206 0.000012806 1.000000000 0.000006309 0.000342083 -0.000002886 -0.000006309 1.000000000 0.001478580
1.000000000 0.000061237 -0.000063968 0.000161120 -0.000061238 1.000000000 -0.000020820 0.001007132 0.000063967 0.000020824 1.000000000 0.003424792
1.000000000 0.000085974 -0.000006748 -0.000422826 -0.000085975 1.000000000 -0.000064934 0.001620778 0.000006742 0.000064934 1.000000000 0.000275965
1.000000000 -0.000007878 -0.000042565 0.000162131 0.000007877 1.000000000 -0.000032870 0.001744081 0.000042565 0.000032869 1.000000000 0.001775850
1.000000000 -0.000066602 -0.000077460 0.001110868 0.000066599 1.000000000 -0.000043821 0.001319395 0.000077463 0.000043816 1.000000000 0.000696634
1.000000000 0.000116885 -0.000039604 0.001805390 -0.000116884 1.000000000 0.000020449 0.000577247 0.000039607 -0.000020444 1.000000000 0.000171370
1.000000000 -0.000206221 -0.000071137 0.001121494 0.000206225 1.000000000 0.000060685 0.000359259 0.000071124 -0.000060700 1.000000000 0.002486916
1.000000000 -0.000018794 -0.000016517 0.000410335 0.000018795 1.000000000 0.000018148 0.000699736 0.000016516 -0.000018148 1.000000000 0.000390032
1.000000000 -0.000087243 -0.000095985 0.001774871 0.000087251 1.000000000 0.000085887 0.000096665 0.000095978 -0.000085896 1.000000000 -0.000244843
1.000000000 -0.000115742 -0.000092544 0.001675509 0.000115745 1.000000000 0.000034309 -0.000222095 0.000092540 -0.000034319 1.000000000 0.000489008
1.000000000 -0.000094876 -0.000078007 0.001741325 0.000094882 1.000000000 0.000084666 0.000578403 0.000077999 -0.000084674 1.000000000 0.001086778
1.000000000 -0.000177572 -0.000135420 0.002545831 0.000177585 1.000000000 0.000097198 -0.001663190 0.000135403 -0.000097222 1.000000000 -0.001389541
1.000000000 -0.000079080 -0.000125138 0.002827767 0.000079086 1.000000000 0.000047722 -0.000026608 0.000125134 -0.000047732 1.000000000 0.000762827
1.000000000 -0.000140294 -0.000101602 0.002066903 0.000140303 1.000000000 0.000084253 -0.000242573 0.000101590 -0.000084267 1.000000000 -0.000233039
1.000000000 -0.000209823 -0.000083212 0.000481412 0.000209829 1.000000000 0.000075618 -0.000198618 0.000083197 -0.000075635 1.000000000 -0.000322718
1.000000000 -0.000118536 -0.000051603 0.001736732 0.000118539 1.000000000 0.000060027 0.000443571 0.000051595 -0.000060033 1.000000000 -0.000632651
1.000000000 -0.000087898 -0.000047438 0.001342281 0.000087899 1.000000000 0.000024306 0.000863263 0.000047436 -0.000024310 1.000000000 -0.000936933
1.000000000 -0.000170062 -0.000104252 0.001935836 0.000170073 1.000000000 0.000110336 0.000776276 0.000104234 -0.000110354 1.000000000 0.001173389
0.999999940 -0.000301205 -0.000086386 0.002149156 0.000301212 0.999999940 0.000077085 -0.000492752 0.000086363 -0.000077111 1.000000000 -0.000608356
1.000000000 -0.000060303 -0.000111199 0.001788759 0.000060311 1.000000000 0.000072131 0.000961973 0.000111194 -0.000072138 1.000000000 -0.000468201
0.999999940 -0.000308526 -0.000137693 0.002096843 0.000308539 0.999999940 0.000093763 0.000598498 0.000137664 -0.000093805 1.000000000 0.000538170
1.000000000 -0.000225627 -0.000077305 0.000469512 0.000225637 0.999999940 0.000135089 0.000140739 0.000077274 -0.000135107 1.000000000 -0.000474748
1.000000000 -0.000219125 -0.000055408 0.000753467 0.000219129 1.000000000 0.000081509 0.000196587 0.000055390 -0.000081521 1.000000000 -0.000846238
1.000000000 -0.000137370 -0.000064134 0.000855932 0.000137375 1.000000000 0.000080640 0.000722610 0.000064123 -0.000080649 1.000000000 0.000039846
1.000000000 -0.000192668 -0.000093532 0.001751342 0.000192677 1.000000000 0.000104960 -0.000504891 0.000093512 -0.000104978 1.000000000 -0.001534523
0.999999940 -0.000283873 -0.000098254 0.002616433 0.000283883 0.999999940 0.000096939 0.000529753 0.000098226 -0.000096967 1.000000000 0.000552603
0.999999940 -0.000259839 -0.000181153 0.003720077 0.000259844 0.999999940 0.000030550 0.000590133 0.000181145 -0.000030597 1.000000000 -0.002624351
0.999999940 -0.000281016 -0.000168825 0.003909667 0.000281035 0.999999940 0.000113759 -0.000046113 0.000168793 -0.000113806 1.000000000 -0.001893722
1.000000000 -0.000202746 -0.000122023 0.001434782 0.000202755 1.000000000 0.000069688 -0.000527731 0.000122009 -0.000069713 1.000000000 -0.001550123
1.000000000 -0.000103461 -0.000061085 0.000523060 0.000103467 1.000000000 0.000091917 -0.000386650 0.000061075 -0.000091924 1.000000000 -0.001304472
1.000000000 -0.000179211 -0.000082565 0.000683445 0.000179212 1.000000000 0.000021741 0.000052217 0.000082561 -0.000021756 1.000000000 0.002153836
0.999999940 -0.000262575 -0.000067969 0.002938896 0.000262545 0.999999881 -0.000446935 -0.003694116 0.000068086 0.000446917 0.999999881 0.049497724
1.000000000 -0.000197412 -0.000130449 0.004899351 0.000197277 0.999999464 -0.001028765 -0.005564626 0.000130652 0.001028739 0.999999464 0.140215442
0.999999940 -0.000209659 -0.000133830 0.009034762 0.000209464 0.999998927 -0.001453156 -0.008376970 0.000134134 0.001453128 0.999998927 0.259364158
1.000000000 -0.000179877 -0.000119086 0.007339343 0.000179714 0.999999046 -0.001362222 -0.014077444 0.000119331 0.001362200 0.999999046 0.379341513
0.999999940 -0.000281618 -0.000265184 0.013055082 0.000281310 0.999999285 -0.001161785 -0.018642768 0.000265511 0.001161711 0.999999285 0.524635971
1.000000000 0.000013319 0.000009919 0.014074061 -0.000013309 0.999999523 -0.000983307 -0.021213353 -0.000009932 0.000983307 0.999999523 0.682790339
0.999999940 -0.000273243 -0.000011247 0.023543121 0.000273231 0.999999404 -0.001033687 -0.015556090 0.000011529 0.001033684 0.999999464 0.844606519
1.000000000 -0.000013495 0.000134362 0.018602364 0.000013586 0.999999762 -0.000677958 -0.028652841 -0.000134353 0.000677960 0.999999762 1.017508745
1.000000000 -0.000111889 -0.000022018 0.022032384 0.000111875 0.999999821 -0.000629368 -0.036676601 0.000022088 0.000629365 0.999999821 1.203006983
0.999999940 -0.000335395 -0.000061148 0.031009480 0.000335372 0.999999881 -0.000384147 -0.043059528 0.000061277 0.000384126 0.999999940 1.368890047
1.000000000 -0.000085743 -0.000217825 0.039699879 0.000085691 0.999999940 -0.000241354 -0.042115945 0.000217846 0.000241335 0.999999940 1.587404490
1.000000000 -0.000236644 0.000020192 0.036832165 0.000236646 0.999999940 -0.000084784 -0.054481372 -0.000020172 0.000084789 1.000000000 1.770451546
1.000000000 0.000115020 0.000021121 0.048973363 -0.000115026 0.999999940 0.000246321 -0.064364724 -0.000021093 -0.000246324 0.999999940 1.943722486
0.999999940 0.000178370 0.000278201 0.043085698 -0.000178392 1.000000000 0.000079861 -0.067943096 -0.000278186 -0.000079910 0.999999940 2.200992107
1.000000000 0.000088129 -0.000017255 0.048719764 -0.000088123 0.999999940 0.000323421 -0.068555944 0.000017283 -0.000323419 0.999999940 2.404192448
1.000000000 -0.000231715 -0.000057151 0.067670643 0.000231748 0.999999821 0.000573336 -0.088334426 0.000057019 -0.000573349 0.999999821 2.579031706
0.999996781 -0.002236619 0.001189757 0.034495778 0.002235594 0.999997139 0.000862007 -0.088979609 -0.001191682 -0.000859345 0.999998927 2.734014988
0.999996960 -0.002202071 0.001067187 0.038188748 0.002200995 0.999997079 0.001008019 -0.093131945 -0.001069404 -0.001005667 0.999998927 2.969761848
0.999995768 -0.002611986 0.001230819 0.046751805 0.002610673 0.999996006 0.001067655 -0.100037716 -0.001233603 -0.001064437 0.999998689 3.212403536
0.999995768 -0.002668102 0.001160122 0.050229475 0.002666962 0.999995947 0.000982456 -0.111330867 -0.001162739 -0.000979358 0.999998868 3.428035975
0.999996662 -0.002367805 0.001052338 0.056382984 0.002366735 0.999996662 0.001016936 -0.116964363 -0.001054742 -0.001014442 0.999998987 3.679717064
0.999996126 -0.002491486 0.001237596 0.063596390 0.002490013 0.999996245 0.001189823 -0.128047422 -0.001240556 -0.001186737 0.999998569 3.937939405
0.999996006 -0.002468123 0.001375211 0.064148009 0.002466023 0.999995768 0.001526446 -0.131318480 -0.001378973 -0.001523049 0.999997914 4.199928761
0.999995589 -0.002596852 0.001378836 0.060361356 0.002594555 0.999995232 0.001664864 -0.140878499 -0.001383153 -0.001661279 0.999997675 4.412559509
0.999995589 -0.002509291 0.001554737 0.070916280 0.002506483 0.999995232 0.001804996 -0.150258571 -0.001559259 -0.001801091 0.999997139 4.673440456
0.999996245 -0.002318040 0.001481007 0.074281648 0.002315186 0.999995470 0.001925389 -0.158142790 -0.001485464 -0.001921953 0.999997020 4.928315163
0.999995708 -0.002470483 0.001583103 0.074590690 0.002467142 0.999994755 0.002108717 -0.166347295 -0.001588304 -0.002104803 0.999996543 5.182901382
0.999994516 -0.002911359 0.001579953 0.076404974 0.002908336 0.999993861 0.001912667 -0.173780262 -0.001585512 -0.001908061 0.999996901 5.422332764
0.999994636 -0.002949713 0.001415657 0.080106907 0.002947109 0.999993861 0.001837953 -0.181312233 -0.001421070 -0.001833771 0.999997318 5.689329624
0.999993443 -0.003262388 0.001609159 0.081324890 0.003259114 0.999992549 0.002033360 -0.191629365 -0.001615781 -0.002028102 0.999996603 5.967037678
0.999994993 -0.002600679 0.001806814 0.085945666 0.002597092 0.999994636 0.001984830 -0.193754852 -0.001811966 -0.001980128 0.999996364 6.262417316
0.999995708 -0.001898449 0.002247686 0.091212913 0.001893954 0.999996126 0.002000378 -0.202044919 -0.002251475 -0.001996112 0.999995410 6.545622349
0.999994934 -0.002732866 0.001597518 0.101819031 0.002729380 0.999993861 0.002179990 -0.220009729 -0.001603466 -0.002175619 0.999996305 6.774494171
0.999995291 -0.002555710 0.001696163 0.111362413 0.002552279 0.999994755 0.002021439 -0.228320792 -0.001701320 -0.002017100 0.999996543 7.073694706
0.999995708 -0.002369718 0.001696780 0.120161667 0.002366355 0.999995232 0.001981260 -0.237010375 -0.001701467 -0.001977237 0.999996662 7.389298439
0.999994397 -0.002886233 0.001669625 0.120313793 0.002882449 0.999993324 0.002264075 -0.250605583 -0.001676149 -0.002259250 0.999996066 7.701552391
0.999993265 -0.003279066 0.001620333 0.127002507 0.003274490 0.999990582 0.002818247 -0.259618372 -0.001629559 -0.002812922 0.999994695 7.956527233
0.999993682 -0.003182818 0.001559222 0.142301351 0.003178611 0.999991298 0.002693129 -0.271345407 -0.001567780 -0.002688155 0.999995172 8.270629883
0.999995470 -0.002307732 0.001909136 0.135790646 0.002302809 0.999993980 0.002576439 -0.271982402 -0.001915070 -0.002572032 0.999994874 8.619726181
0.999994278 -0.002518928 0.002244120 0.140290067 0.002512772 0.999993026 0.002741747 -0.282602727 -0.002251011 -0.002736093 0.999993742 8.953820229
0.999994814 -0.002445833 0.002102314 0.149523363 0.002440103 0.999993324 0.002723790 -0.289443493 -0.002108962 -0.002718646 0.999994040 9.308405876
0.999994457 -0.002851739 0.001701770 0.158698618 0.002846933 0.999991953 0.002820030 -0.305279016 -0.001709799 -0.002815170 0.999994516 9.568439484
0.999993742 -0.003025882 0.001835840 0.160340056 0.003020551 0.999991238 0.002899598 -0.315604806 -0.001844598 -0.002894035 0.999994099 9.938908577
0.999993920 -0.002945537 0.001870803 0.175461113 0.002939787 0.999991000 0.003069266 -0.327267617 -0.001879827 -0.003063748 0.999993443 10.287051201
0.999992311 -0.003466174 0.001844618 0.186225533 0.003460381 0.999989092 0.003134532 -0.333101034 -0.001855463 -0.003128125 0.999993324 10.645760536
0.999993503 -0.002946925 0.002043328 0.195006460 0.002940914 0.999991298 0.002938710 -0.343778610 -0.002051970 -0.002932682 0.999993563 11.022951126
0.999993145 -0.003224374 0.001799011 0.195214450 0.003218534 0.999989569 0.003239629 -0.355367512 -0.001809438 -0.003233817 0.999993086 11.331112862
0.999993086 -0.003095014 0.002050188 0.203787342 0.003088391 0.999990046 0.003225655 -0.367710948 -0.002060151 -0.003219301 0.999992669 11.711798668
0.999993265 -0.003099883 0.001975412 0.220200107 0.003092895 0.999988973 0.003530679 -0.384130508 -0.001986335 -0.003524545 0.999991894 12.089287758
0.999991536 -0.003641598 0.001908830 0.234333798 0.003634598 0.999986708 0.003657694 -0.392435670 -0.001922124 -0.003650726 0.999991477 12.486210823
0.999992907 -0.003188775 0.001988088 0.244592682 0.003181109 0.999987483 0.003847092 -0.403144956 -0.002000331 -0.003840741 0.999990642 12.877761841
0.999992013 -0.003477057 0.001974036 0.234191552 0.003469631 0.999986947 0.003752992 -0.413372159 -0.001987060 -0.003746113 0.999990940 13.201027870
0.999991417 -0.003560317 0.002118842 0.244777218 0.003551794 0.999985635 0.004012523 -0.422676682 -0.002133098 -0.004004963 0.999989688 13.626739502
0.999991179 -0.003402648 0.002449874 0.257015347 0.003392581 0.999985754 0.004101731 -0.435050339 -0.002463796 -0.004093383 0.999988556 14.080142975
0.999990880 -0.003120225 0.002930546 0.264204741 0.003106997 0.999985039 0.004507706 -0.450883418 -0.002944568 -0.004498559 0.999985516 14.465232849
0.999989092 -0.003978412 0.002456760 0.274964929 0.003966736 0.999980927 0.004739641 -0.466158420 -0.002475570 -0.004729844 0.999985754 14.827685356
0.999989212 -0.003566331 0.002999887 0.284669131 0.003551296 0.999981165 0.005002255 -0.481369972 -0.003017670 -0.004991547 0.999983013 15.263674736
0.999989212 -0.003080036 0.003480088 0.295357108 0.003062203 0.999982238 0.005118053 -0.493932068 -0.003495790 -0.005107341 0.999980807 15.702649117
0.999988616 -0.003188408 0.003554021 0.296056926 0.003170804 0.999982834 0.004948111 -0.509142220 -0.003569736 -0.004936786 0.999981403 16.130325317
0.999986410 -0.003784385 0.003586197 0.304245323 0.003766151 0.999979973 0.005077806 -0.518869996 -0.003605342 -0.005064230 0.999980688 16.548078537
0.999982119 -0.004813891 0.003572367 0.319070727 0.004794859 0.999974370 0.005317301 -0.531012237 -0.003597873 -0.005300077 0.999979496 17.009458542
0.999981880 -0.004383791 0.004108404 0.327156812 0.004360619 0.999974668 0.005632034 -0.549729109 -0.004132989 -0.005614017 0.999975741 17.478620529
0.999980807 -0.004479462 0.004268026 0.343007505 0.004455419 0.999974370 0.005626139 -0.555444002 -0.004293118 -0.005607015 0.999975026 17.949373245
0.999981523 -0.004438781 0.004149815 0.346547246 0.004415179 0.999974132 0.005679435 -0.572216332 -0.004174918 -0.005661008 0.999975264 18.359552383
0.999981284 -0.004604683 0.004033802 0.365197957 0.004581322 0.999972761 0.005781800 -0.581352949 -0.004060316 -0.005763211 0.999975145 18.839300156
0.999981701 -0.004602668 0.003931460 0.378259122 0.004579223 0.999971807 0.005951994 -0.599995077 -0.003958744 -0.005933882 0.999974608 19.305782318
0.999979913 -0.005052623 0.003799011 0.384223372 0.005030070 0.999969840 0.005922772 -0.608786941 -0.003828821 -0.005903545 0.999975204 19.820348740
0.999982476 -0.004929011 0.003284996 0.388161302 0.004909785 0.999970913 0.005835498 -0.620896637 -0.003313664 -0.005819268 0.999977529 20.251441956
0.999981225 -0.005542510 0.002634688 0.400426507 0.005527580 0.999968767 0.005640773 -0.626636744 -0.002665870 -0.005626102 0.999980628 20.757814407
0.999984503 -0.004926488 0.002594833 0.392457724 0.004911821 0.999972105 0.005628596 -0.639527619 -0.002622491 -0.005615763 0.999980748 21.270067215
0.999980032 -0.005987337 0.002083863 0.414984465 0.005972205 0.999956310 0.007194148 -0.665272892 -0.002126846 -0.007181558 0.999971926 21.723312378
0.999979496 -0.006194070 0.001631542 0.422609478 0.006182789 0.999957561 0.006831183 -0.668769360 -0.001673785 -0.006820954 0.999975324 22.233970642
0.999973893 -0.007203392 0.000727781 0.441592157 0.007198295 0.999951124 0.006781130 -0.686728358 -0.000776593 -0.006775713 0.999976754 22.769353867
0.999966204 -0.008222617 -0.000083987 0.453396916 0.008222994 0.999944389 0.006604007 -0.702656806 0.000029680 -0.006604475 0.999978185 23.286725998
0.999982238 -0.005945477 -0.000034515 0.446594715 0.005945572 0.999956608 0.007166000 -0.710042238 -0.000008092 -0.007166078 0.999974310 23.709489822
0.999981403 -0.006066409 -0.000594816 0.461531818 0.006070793 0.999952197 0.007666532 -0.723501980 0.000548279 -0.007670001 0.999970376 24.240652084
0.999980271 -0.006103853 -0.001444732 0.469959021 0.006114988 0.999950647 0.007832185 -0.731461346 0.001396854 -0.007840865 0.999968290 24.762639999
0.999982417 -0.005726238 -0.001501617 0.473292023 0.005738053 0.999951661 0.007985540 -0.746492147 0.001455818 -0.007994016 0.999967039 25.307781219
0.999970853 -0.007350771 -0.002032477 0.474259645 0.007367597 0.999937534 0.008398667 -0.763029218 0.001970613 -0.008413397 0.999962628 25.756580353
0.999968171 -0.007456527 -0.002810969 0.488021195 0.007479685 0.999937415 0.008320324 -0.780971169 0.002748752 -0.008341084 0.999961376 26.296321869
0.999972761 -0.006546805 -0.003390403 0.502770901 0.006573753 0.999946356 0.007999116 -0.790775418 0.003337853 -0.008021186 0.999962270 26.831464767
0.999978304 -0.005708034 -0.003280141 0.494254589 0.005733928 0.999952078 0.007939790 -0.796769679 0.003234663 -0.007958426 0.999963105 27.402437210
0.999966204 -0.007370431 -0.003622148 0.488948286 0.007400790 0.999936998 0.008440726 -0.815431476 0.003559708 -0.008467249 0.999957800 27.854200363
0.999957621 -0.008309411 -0.003970702 0.494888306 0.008343669 0.999927402 0.008690194 -0.828262448 0.003898204 -0.008722957 0.999954343 28.398012161
0.999952197 -0.008558606 -0.004720467 0.512610257 0.008600048 0.999924064 0.008829894 -0.842475474 0.004644536 -0.008870070 0.999949872 28.943529129
0.999958754 -0.007749616 -0.004731236 0.510057330 0.007789172 0.999934375 0.008400328 -0.845559597 0.004665826 -0.008436834 0.999953508 29.425226212
0.999959111 -0.007628024 -0.004860075 0.519176364 0.007669906 0.999933124 0.008657892 -0.857606292 0.004793706 -0.008694814 0.999950647 29.966030121
0.999943733 -0.008954447 -0.005685711 0.539841652 0.009003029 0.999922693 0.008577147 -0.868196845 0.005608468 -0.008627853 0.999947071 30.519901276
0.999946713 -0.008384800 -0.006025918 0.551910222 0.008433805 0.999931216 0.008153540 -0.884910226 0.005957137 -0.008203926 0.999948621 31.067173004
0.999949634 -0.008243302 -0.005723339 0.544501126 0.008295634 0.999923468 0.009181026 -0.896875143 0.005647219 -0.009228042 0.999941468 31.477396011
0.999954700 -0.007444066 -0.005932917 0.548790634 0.007497754 0.999930680 0.009079144 -0.904540241 0.005864920 -0.009123216 0.999941230 32.031909943
0.999956787 -0.006966655 -0.006151157 0.561174393 0.007022098 0.999934494 0.009038673 -0.919557273 0.006087785 -0.009081478 0.999940276 32.569568634
0.999953330 -0.007143473 -0.006502032 0.564463735 0.007201026 0.999934733 0.008871688 -0.919917226 0.006438232 -0.008918094 0.999939501 33.141658783
0.999941170 -0.008297877 -0.006970548 0.572962403 0.008361805 0.999922812 0.009192783 -0.942163467 0.006893729 -0.009250531 0.999933422 33.683822632
0.999944448 -0.008276271 -0.006526227 0.559053600 0.008338034 0.999920189 0.009494131 -0.950967193 0.006447130 -0.009548019 0.999933660 34.109504700
0.999939740 -0.008636929 -0.006787796 0.566932976 0.008702707 0.999914885 0.009721646 -0.962262869 0.006703252 -0.009780131 0.999929786 34.669872284
0.999947309 -0.007758329 -0.006724537 0.574569464 0.007821977 0.999924302 0.009490824 -0.969846010 0.006650396 -0.009542923 0.999932408 35.213176727
0.999941707 -0.008184527 -0.007042828 0.586687684 0.008250030 0.999922574 0.009322350 -0.977383375 0.006965983 -0.009379910 0.999931812 35.772899628
0.999939859 -0.008229324 -0.007249276 0.580084801 0.008298023 0.999920487 0.009498121 -0.989064217 0.007170535 -0.009557703 0.999928594 36.187026978
0.999937952 -0.008564599 -0.007134727 0.584214568 0.008631097 0.999919116 0.009342295 -0.996769190 0.007054137 -0.009403294 0.999930918 36.739868164
0.999940336 -0.008069259 -0.007359948 0.593162775 0.008139759 0.999920845 0.009599977 -1.003353357 0.007281900 -0.009659312 0.999926805 37.283481598
0.999930859 -0.008794134 -0.007810165 0.607563674 0.008867203 0.999916673 0.009370863 -1.019379377 0.007727106 -0.009439467 0.999925613 37.792865753
0.999939620 -0.008040170 -0.007484486 0.592484832 0.008112412 0.999920428 0.009672664 -1.028986931 0.007406120 -0.009732801 0.999925196 38.268997192
0.999935687 -0.008136859 -0.007894675 0.607440948 0.008211696 0.999921262 0.009493679 -1.040295601 0.007816805 -0.009557896 0.999923766 38.786613464
0.999938846 -0.008036823 -0.007592853 0.601722360 0.008109522 0.999921262 0.009593119 -1.045340300 0.007515156 -0.009654108 0.999925137 39.386192322
0.999948084 -0.006944111 -0.007453919 0.606330216 0.007012269 0.999933541 0.009157095 -1.042326093 0.007389836 -0.009208889 0.999930322 39.895565033
0.999942183 -0.007220625 -0.007965090 0.634311497 0.007292819 0.999932230 0.009072152 -1.059344769 0.007899044 -0.009129714 0.999927104 40.478736877
0.999929011 -0.008724163 -0.008118378 0.620032907 0.008806502 0.999909699 0.010162530 -1.081170440 0.008028986 -0.010233304 0.999915361 40.882789612
0.999927700 -0.008724270 -0.008276312 0.634599090 0.008806917 0.999911189 0.010002431 -1.085208178 0.008188313 -0.010074596 0.999915719 41.424880981
0.999928594 -0.008599839 -0.008300506 0.643463492 0.008683006 0.999911964 0.010036026 -1.100534201 0.008213466 -0.010107381 0.999915242 41.971488953
0.999928772 -0.008656034 -0.008221283 0.650304198 0.008737002 0.999913216 0.009864246 -1.109763145 0.008135185 -0.009935373 0.999917567 42.509784698
0.999922454 -0.009121928 -0.008472321 0.632640541 0.009210397 0.999902844 0.010462509 -1.119193435 0.008376060 -0.010539731 0.999909401 42.950721741
0.999925315 -0.008907395 -0.008355617 0.639389157 0.008993095 0.999906778 0.010275848 -1.128789306 0.008263305 -0.010350225 0.999912322 43.510391235
0.999915183 -0.009410801 -0.008995101 0.660927653 0.009501562 0.999903858 0.010101122 -1.131431580 0.008899176 -0.010185733 0.999908507 44.045593262
0.999914289 -0.009536669 -0.008966409 0.664409399 0.009630787 0.999898374 0.010512897 -1.149403930 0.008865239 -0.010598350 0.999904633 44.571704865
0.999916315 -0.009792908 -0.008471103 0.638645291 0.009884282 0.999892712 0.010812685 -1.153978229 0.008364310 -0.010895511 0.999905646 45.000591278
0.999919176 -0.009499861 -0.008457926 0.634349346 0.009591212 0.999895394 0.010826388 -1.162629485 0.008354192 -0.010906635 0.999905586 45.568462372
0.999911427 -0.010051331 -0.008733745 0.641191006 0.010143105 0.999893129 0.010527799 -1.168562412 0.008626994 -0.010615454 0.999906421 46.100891113
0.999922991 -0.009296230 -0.008237944 0.651869774 0.009385657 0.999896646 0.010884007 -1.181566000 0.008135914 -0.010960487 0.999906838 46.631122589
0.999921143 -0.009586316 -0.008117842 0.636831641 0.009668109 0.999902308 0.010097180 -1.180955887 0.008020255 -0.010174867 0.999916077 47.203823090
0.999917746 -0.009494438 -0.008624597 0.649871826 0.009588362 0.999894440 0.010915040 -1.191500902 0.008520057 -0.010996838 0.999903202 47.573532104
0.999912739 -0.009837191 -0.008821025 0.653008223 0.009932457 0.999892116 0.010821949 -1.193663359 0.008713614 -0.010908618 0.999902546 48.111598969
0.999912739 -0.010070043 -0.008554735 0.652350307 0.010158871 0.999894261 0.010404434 -1.205273986 0.008449059 -0.010490431 0.999909282 48.652431488
0.999910772 -0.009994132 -0.008873703 0.664907634 0.010089060 0.999891698 0.010718110 -1.215075254 0.008765624 -0.010806681 0.999903142 49.197715759
0.999921143 -0.009141720 -0.008612184 0.668110371 0.009229973 0.999904692 0.010264244 -1.219612956 0.008517531 -0.010342923 0.999910295 49.718551636
0.999908090 -0.010096479 -0.009046750 0.660241365 0.010190278 0.999894142 0.010382837 -1.221196771 0.008940960 -0.010474072 0.999905169 50.238529205
0.999910831 -0.010011383 -0.008840002 0.663539886 0.010107425 0.999889612 0.010887366 -1.230312824 0.008730028 -0.010975747 0.999901593 50.775444031
0.999910712 -0.010049619 -0.008800823 0.668150663 0.010141728 0.999893606 0.010484659 -1.239607334 0.008694518 -0.010572979 0.999906361 51.316547394
0.999918878 -0.009228835 -0.008786134 0.665622115 0.009315684 0.999907613 0.009895639 -1.245943189 0.008693997 -0.009976687 0.999912441 51.838481903
0.999911189 -0.009687391 -0.009154177 0.677071095 0.009772588 0.999908864 0.009308257 -1.247313976 0.009063169 -0.009396889 0.999914825 52.413551331
0.999914765 -0.009557813 -0.008888806 0.666995883 0.009646431 0.999903679 0.009980827 -1.251509905 0.008792556 -0.010065724 0.999910653 52.766872406
0.999917448 -0.009405664 -0.008748071 0.667534471 0.009486591 0.999912202 0.009255935 -1.250042677 0.008660243 -0.009338163 0.999918878 53.312274933
0.999913037 -0.009797892 -0.008831486 0.683502853 0.009882916 0.999904811 0.009635779 -1.259832978 0.008736235 -0.009722224 0.999914527 53.850067139
0.999912262 -0.009719213 -0.008997361 0.699408650 0.009799928 0.999911726 0.008970774 -1.265061021 0.008909378 -0.009058162 0.999919236 54.382255554
0.999924481 -0.008990603 -0.008385905 0.688201725 0.009065968 0.999918461 0.008992809 -1.273127198 0.008304371 -0.009068155 0.999924362 54.906261444
0.999908090 -0.010379886 -0.008722659 0.679482460 0.010470001 0.999891639 0.010349678 -1.298962831 0.008614285 -0.010440053 0.999908388 55.298274994
0.999907732 -0.010180806 -0.008992130 0.687699497 0.010266685 0.999901652 0.009556553 -1.300907612 0.008893951 -0.009647993 0.999913871 55.834217072
0.999908268 -0.010261239 -0.008844856 0.697613358 0.010351342 0.999894321 0.010202039 -1.312611818 0.008739236 -0.010292659 0.999908864 56.376766205
0.999905467 -0.010215061 -0.009206906 0.700690031 0.010309255 0.999894381 0.010241914 -1.323761582 0.009101310 -0.010335860 0.999905169 56.897994995
0.999907553 -0.010301119 -0.008877805 0.703466237 0.010389919 0.999895871 0.010015022 -1.324928999 0.008773714 -0.010106338 0.999910414 57.433910370
0.999902129 -0.010487630 -0.009260941 0.720663965 0.010578856 0.999895453 0.009856853 -1.324893475 0.009156597 -0.009953858 0.999908566 57.989177704
0.999907970 -0.010385702 -0.008727407 0.693728268 0.010475372 0.999892116 0.010292337 -1.354048252 0.008619572 -0.010382814 0.999908924 58.274719238
0.999906659 -0.010569803 -0.008658263 0.710605979 0.010661528 0.999886751 0.010617183 -1.364717245 0.008545060 -0.010708501 0.999906123 58.806541443
0.999911606 -0.010128412 -0.008617738 0.712802827 0.010215696 0.999896348 0.010145426 -1.373225451 0.008514086 -0.010232565 0.999911368 59.356719971
0.999905586 -0.010635392 -0.008698421 0.722432077 0.010720709 0.999894321 0.009821543 -1.389853239 0.008593044 -0.009913869 0.999913990 59.895610809
0.999911427 -0.010070404 -0.008702292 0.716663182 0.010156448 0.999899447 0.009900612 -1.382096648 0.008601712 -0.009988119 0.999913037 60.449420929
0.999904335 -0.010609377 -0.008876649 0.710919142 0.010702450 0.999887466 0.010503966 -1.387894154 0.008764209 -0.010597964 0.999905407 60.833892822
0.999914825 -0.009716320 -0.008718247 0.711047947 0.009808800 0.999895334 0.010628253 -1.398500919 0.008614067 -0.010712862 0.999905527 61.367870331
0.999912441 -0.010049389 -0.008608386 0.712015808 0.010136211 0.999897480 0.010102089 -1.401945114 0.008505985 -0.010188460 0.999911904 61.905464172
0.999935627 -0.008290427 -0.007749027 0.699056983 0.008370110 0.999911785 0.010307644 -1.414130688 0.007662890 -0.010371842 0.999916911 62.467479706
0.999928176 -0.008992971 -0.007926730 0.706174493 0.009072594 0.999908149 0.010066830 -1.426277399 0.007835471 -0.010138022 0.999917924 63.004451752
0.999920070 -0.009750623 -0.008046268 0.729180336 0.009833891 0.999897718 0.010374456 -1.434669495 0.007944288 -0.010452751 0.999913812 63.528205872
0.999910891 -0.009923878 -0.008930989 0.742378175 0.010008582 0.999904931 0.009490063 -1.443668723 0.008835959 -0.009578606 0.999915063 64.031791687
0.999897838 -0.011317443 -0.008728058 0.714600682 0.011412830 0.999874830 0.010957522 -1.450707912 0.008602954 -0.011056013 0.999901891 64.320640564
0.999887109 -0.011759683 -0.009351403 0.737920642 0.011863518 0.999867737 0.011126827 -1.466285229 0.009219317 -0.011236511 0.999894440 64.842491150
0.999903142 -0.010953767 -0.008579942 0.717128217 0.011051228 0.999873996 0.011395297 -1.478465319 0.008454038 -0.011489013 0.999898255 65.388893127
0.999903917 -0.010498476 -0.009049062 0.747172356 0.010598943 0.999881923 0.011126806 -1.487383723 0.008931179 -0.011221648 0.999897182 65.928894043
0.999907315 -0.010284932 -0.008919851 0.741610110 0.010381754 0.999886870 0.010876996 -1.490682840 0.008806973 -0.010968591 0.999901116 66.422172546
0.999903798 -0.010665744 -0.008873536 0.730634332 0.010762435 0.999882400 0.010921018 -1.501006365 0.008756013 -0.011015466 0.999900997 66.973976135
0.999897420 -0.010779141 -0.009420430 0.751600266 0.010871549 0.999892771 0.009813912 -1.499495029 0.009313636 -0.009915322 0.999907434 67.530410767
0.999920726 -0.009792457 -0.007918302 0.718847156 0.009877993 0.999892473 0.010836332 -1.513561010 0.007811336 -0.010913688 0.999909937 67.764457703
0.999922097 -0.009467989 -0.008134510 0.724105477 0.009555511 0.999896109 0.010788765 -1.521624327 0.008031518 -0.010865651 0.999908745 68.310005188
0.999920607 -0.009780691 -0.007945335 0.726224899 0.009863670 0.999896467 0.010472578 -1.529818177 0.007842083 -0.010550118 0.999913633 68.869216919
0.999903858 -0.011122353 -0.008280482 0.738619030 0.011207772 0.999883711 0.010341901 -1.543745995 0.008164493 -0.010433713 0.999912262 69.388534546
0.999903262 -0.011124910 -0.008358137 0.754058659 0.011211976 0.999882638 0.010443485 -1.543863297 0.008240974 -0.010536185 0.999910533 69.932853699
0.999905944 -0.010640517 -0.008654977 0.767644465 0.010725715 0.999893844 0.009857743 -1.538453579 0.008549167 -0.009949646 0.999913931 70.492172241
0.999913871 -0.010529757 -0.007830018 0.734814405 0.010615447 0.999883294 0.010983925 -1.567577720 0.007713446 -0.011066098 0.999909043 70.828399658
0.999917090 -0.010438238 -0.007537172 0.736080050 0.010520461 0.999884665 0.010953036 -1.579552293 0.007421973 -0.011031424 0.999911606 71.379119873
0.999908566 -0.010925283 -0.007968669 0.753890634 0.011013313 0.999877870 0.011088002 -1.589986444 0.007846557 -0.011174751 0.999906778 71.890983582
0.999907255 -0.010768392 -0.008341018 0.763111830 0.010859418 0.999881208 0.010945749 -1.598105073 0.008222158 -0.011035312 0.999905348 72.442054749
0.999913514 -0.010212754 -0.008291773 0.765556693 0.010299033 0.999892533 0.010430406 -1.597580910 0.008184357 -0.010514902 0.999911249 73.002349854
0.999912441 -0.010429868 -0.008149222 0.764744043 0.010514943 0.999890029 0.010467604 -1.615316153 0.008039148 -0.010552377 0.999912024 73.522346497
0.999925852 -0.009827944 -0.007191199 0.712358832 0.009906434 0.999890864 0.010961683 -1.629019022 0.007082684 -0.011032112 0.999913990 73.894691467
0.999930143 -0.009723261 -0.006732979 0.716952562 0.009794967 0.999894798 0.010700211 -1.636995077 0.006628230 -0.010765413 0.999920011 74.448699951
0.999922991 -0.010315984 -0.006903796 0.727651298 0.010390543 0.999887109 0.010852437 -1.644818544 0.006791064 -0.010923335 0.999917209 74.999710083
0.999928176 -0.009891083 -0.006761174 0.731244683 0.009960597 0.999897003 0.010326087 -1.648789763 0.006658343 -0.010392692 0.999923766 75.558868408
0.999925137 -0.010126199 -0.006863822 0.741134465 0.010197319 0.999893844 0.010406916 -1.662325501 0.006757711 -0.010476131 0.999922276 76.102523804
0.999918044 -0.010785453 -0.006900417 0.767714977 0.010853775 0.999891639 0.009941545 -1.660334826 0.006792445 -0.010015626 0.999926746 76.581222534
0.999933183 -0.010413868 -0.005013508 0.726263940 0.010466737 0.999888659 0.010637026 -1.671309948 0.004902176 -0.010688790 0.999930799 76.964584351
0.999947727 -0.009539769 -0.003667696 0.737182081 0.009579112 0.999895096 0.010863445 -1.681750774 0.003563675 -0.010898009 0.999934256 77.515258789
0.999956608 -0.009157846 -0.001683576 0.740611076 0.009175887 0.999896944 0.011040481 -1.693452001 0.001582294 -0.011055451 0.999937594 78.026489258
0.999960601 -0.008780877 0.001285630 0.767563105 0.008766960 0.999906898 0.010457451 -1.695833206 -0.001377337 -0.010445767 0.999944508 78.606712341
0.999927521 -0.011087150 0.004686776 0.797273278 0.011036968 0.999882936 0.010600807 -1.701126099 -0.004803761 -0.010548312 0.999932766 79.097587585
0.999911487 -0.010548331 0.008108913 0.779409230 0.010462925 0.999890089 0.010503613 -1.694010258 -0.008218817 -0.010417841 0.999911964 79.615814209
0.999861479 -0.010653760 0.012787508 0.805513144 0.010520557 0.999890149 0.010439087 -1.702177286 -0.012897318 -0.010303110 0.999863744 80.173271179
0.999773026 -0.009960361 0.018832693 0.828915894 0.009761488 0.999895930 0.010622673 -1.709737301 -0.018936537 -0.010436428 0.999766231 80.709884644
0.999649882 -0.009746695 0.024599206 0.857742310 0.009486594 0.999898136 0.010668231 -1.721196413 -0.024700679 -0.010431133 0.999640465 81.246269226
0.999500692 -0.010761999 0.029706325 0.898532391 0.010445904 0.999887407 0.010775397 -1.723178864 -0.029818946 -0.010459708 0.999500632 81.855354309
0.999222517 -0.011677926 0.037656568 0.954664946 0.011311083 0.999886572 0.009940213 -1.720207214 -0.037768379 -0.009506549 0.999241292 82.389801025
0.998877466 -0.011524631 0.045945872 0.937488079 0.011059603 0.999885142 0.010362599 -1.753558159 -0.046060011 -0.009842823 0.998890162 82.795745850
0.998531580 -0.011465298 0.052944731 0.985477448 0.010907469 0.999881983 0.010813006 -1.759164810 -0.053062458 -0.010219635 0.998538852 83.350761414
0.998011649 -0.011267903 0.062014185 1.037166595 0.010647909 0.999890149 0.010319027 -1.762165546 -0.062123641 -0.009638189 0.998021841 83.890213013
0.997363150 -0.012392784 0.071506366 1.110967159 0.011692597 0.999879599 0.010202239 -1.773849964 -0.071624182 -0.009339240 0.997387886 84.420936584
0.996726513 -0.012221918 0.079918802 1.170018673 0.011446017 0.999882817 0.010159533 -1.772848129 -0.080033615 -0.009211523 0.996749640 84.989364624
0.996038198 -0.012981808 0.087975062 1.183495522 0.012098569 0.999870956 0.010565498 -1.795132160 -0.088100880 -0.009459265 0.996066630 85.436195374
0.995000899 -0.012058051 0.099134751 1.256939411 0.011041128 0.999880731 0.010800254 -1.801046610 -0.099253163 -0.009651703 0.995015383 85.988281250
0.993938565 -0.013590689 0.109094180 1.345713615 0.012493663 0.999864340 0.010733050 -1.808695793 -0.109225258 -0.009305005 0.993973434 86.542335510
0.992870450 -0.012170423 0.118575521 1.433173180 0.010921984 0.999877930 0.011172834 -1.832612634 -0.118697032 -0.009798095 0.992882133 87.084701538
0.991509438 -0.013929477 0.129285842 1.521554947 0.012636470 0.999861658 0.010816091 -1.825846910 -0.129418612 -0.009090539 0.991548359 87.658569336
0.989795148 -0.012846277 0.141917273 1.560080528 0.011358501 0.999871731 0.011288572 -1.824299097 -0.142044082 -0.009561405 0.989814281 88.116798401
0.988215685 -0.013477359 0.152473375 1.671782494 0.011934562 0.999867976 0.011029193 -1.825676799 -0.152601868 -0.009079518 0.988246143 88.657974243
0.986617744 -0.014161129 0.162433952 1.786233902 0.012503372 0.999858856 0.011223523 -1.840500116 -0.162569970 -0.009042355 0.986655712 89.197166443
0.984338105 -0.014303289 0.175709158 1.903421402 0.012515520 0.999858022 0.011278616 -1.845636606 -0.175845563 -0.008902881 0.984377563 89.740196228
0.982066393 -0.014246232 0.187996134 2.021483421 0.012252114 0.999855697 0.011765065 -1.860961080 -0.188136622 -0.009250727 0.982099295 90.259040833
0.979847729 -0.013787132 0.199269518 2.102602005 0.011602188 0.999859154 0.012128356 -1.859328747 -0.199408650 -0.009571981 0.979869604 90.789291382
0.977130890 -0.014754042 0.212126404 2.245035172 0.012428679 0.999847233 0.012291466 -1.863513947 -0.212275371 -0.009373921 0.977164865 91.331283569
0.974140167 -0.014400149 0.225485265 2.390558243 0.011921124 0.999852598 0.012351946 -1.868907571 -0.225629911 -0.009344489 0.974168301 91.866058350
0.971446574 -0.014631569 0.236807048 2.537952423 0.011976287 0.999848306 0.012647541 -1.883188128 -0.236956179 -0.009450341 0.971474349 92.374961853
0.968409121 -0.015014520 0.248914212 2.691175461 0.012229179 0.999844134 0.012732628 -1.893690348 -0.249066576 -0.009286377 0.968441844 92.909362793
0.964636147 -0.014244241 0.263199985 2.820371628 0.011238854 0.999853373 0.012920775 -1.872988939 -0.263345480 -0.009505779 0.964654744 93.451889038
0.961104035 -0.014387494 0.275811672 2.996030807 0.011261478 0.999853194 0.012914356 -1.884781957 -0.275956988 -0.009305990 0.961124957 93.981208801
0.957935095 -0.015961559 0.286540866 3.186590195 0.012688998 0.999831319 0.013274309 -1.888437986 -0.286704451 -0.009080010 0.957976103 94.516769409
0.953587413 -0.015930016 0.300694466 3.372549057 0.012233693 0.999824822 0.014171610 -1.901118994 -0.300867528 -0.009835266 0.953615189 95.029319763
0.948918581 -0.015368903 0.315146565 3.572408676 0.011680737 0.999839485 0.013588496 -1.902402401 -0.315304786 -0.009213230 0.948945701 95.674766541
0.945163548 -0.015594587 0.326224923 3.751749039 0.012000143 0.999843121 0.013027953 -1.884694338 -0.326376915 -0.008398800 0.945202410 96.193214417
0.940719724 -0.015894925 0.338812232 3.962085724 0.011980829 0.999835134 0.013640895 -1.898818970 -0.338973165 -0.008773008 0.940755129 96.697494507
0.935434103 -0.015569326 0.353158116 4.161081314 0.011380590 0.999838114 0.013934304 -1.906875134 -0.353317916 -0.009015474 0.935459852 97.191909790
0.930783272 -0.016974265 0.365176976 4.387788773 0.012686654 0.999819517 0.014137466 -1.908862948 -0.365351051 -0.008526042 0.930830836 97.689445496
0.926501513 -0.017385453 0.375888944 4.607448578 0.013065666 0.999816000 0.014038439 -1.913670778 -0.376063943 -0.008095397 0.926558316 98.226478577
0.920721114 -0.016669458 0.389865100 4.838678360 0.012233319 0.999829113 0.013858990 -1.885987043 -0.390029371 -0.007990920 0.920767844 98.776901245
0.915137649 -0.016917940 0.402786434 5.080642700 0.012205499 0.999823749 0.014263761 -1.893829346 -0.402956784 -0.008137093 0.915182889 99.270256042
0.910108328 -0.017319610 0.414008439 5.328762054 0.012495942 0.999818802 0.014356745 -1.902629137 -0.414182097 -0.007892766 0.910159826 99.763351440
0.903583586 -0.017618176 0.428049475 5.599185944 0.012662382 0.999815822 0.014422196 -1.910182834 -0.428224742 -0.007611530 0.903640270 100.264968872
0.896569192 -0.018019190 0.442536741 5.872558594 0.012873144 0.999810159 0.014629522 -1.913311243 -0.442716300 -0.007419538 0.896631002 100.789665222
0.890274346 -0.017991569 0.455069065 6.115795135 0.012962227 0.999815702 0.014169960 -1.890480399 -0.455240130 -0.006716443 0.890343368 101.311759949
0.884680808 -0.018653806 0.465823770 6.391952515 0.013364896 0.999803305 0.014654614 -1.899723887 -0.466005445 -0.006738968 0.884756148 101.787818909
0.877563596 -0.019063940 0.479081035 6.678646088 0.013516990 0.999795794 0.015024651 -1.910078883 -0.479269564 -0.006709351 0.877642035 102.253578186
