1.000000000 0.000000000 0.000000000 0.000000000 0.000000000 1.000000000 0.000000000 0.000000000 0.000000000 0.000000000 1.000000000 0.000000000
1.000000000 0.000027864 -0.000021695 0.000359908 -0.000027863 1.000000000 0.000031372 -0.001008358 0.000021696 -0.000031371 1.000000000 -0.001582050
1.000000000 -0.000027662 -0.000009552 0.000978712 0.000027662 1.000000000 -0.000007940 -0.000317516 0.000009552 0.000007940 1.000000000 -0.002419290
1.000000000 -0.000147751 -0.000117542 0.001866193 0.000147759 1.000000000 0.000067962 -0.001924457 0.000117532 -0.000067979 1.000000000 -0.004394391
1.000000000 -0.000105291 -0.000074381 -0.000387538 0.000105290 1.000000000 -0.000014431 0.000320344 0.000074383 0.000014423 1.000000000 -0.002982323
1.000000000 -0.000173382 -0.000047330 0.000915842 0.000173385 1.000000000 0.000058024 -0.000624976 0.000047320 -0.000058032 1.000000000 -0.001428492
1.000000000 -0.000203133 -0.000020044 0.000148415 0.000203134 1.000000000 0.000035472 -0.000592802 0.000020036 -0.000035476 1.000000000 -0.003751256
1.000000000 -0.000085698 -0.000050387 0.000061977 0.000085700 1.000000000 0.000037778 0.000440078 0.000050384 -0.000037782 1.000000000 -0.003774643
1.000000000 -0.000074057 -0.000036713 0.000342081 0.000074057 1.000000000 -0.000010331 0.000607874 0.000036714 0.000010328 1.000000000 -0.000178644
1.000000000 -0.000077665 -0.000063682 -0.000324790 0.000077665 1.000000000 -0.000000342 0.001229626 0.000063682 0.000000337 1.000000000 -0.001647131
1.000000000 -0.000175436 -0.000128835 0.000993426 0.000175442 1.000000000 0.000050319 -0.000398445 0.000128826 -0.000050342 1.000000000 -0.002896588
1.000000000 -0.000200586 -0.000103350 0.000051695 0.000200586 1.000000000 -0.000001637 0.000381952 0.000103350 0.000001616 1.000000000 -0.000543502
1.000000000 -0.000193076 -0.000063362 -0.000787952 0.000193079 1.000000000 0.000039415 0.000969494 0.000063354 -0.000039427 1.000000000 -0.000813703
1.000000000 -0.000182358 -0.000053756 0.000338464 0.000182360 1.000000000 0.000037454 -0.000027526 0.000053749 -0.000037464 1.000000000 -0.003456712
1.000000000 -0.000163890 -0.000085057 0.001268112 0.000163900 1.000000000 0.000118126 -0.000486422 0.000085037 -0.000118140 1.000000000 -0.003786497
1.000000000 -0.000113331 -0.000032231 0.001977184 0.000113334 1.000000000 0.000109749 -0.001265641 0.000032219 -0.000109753 1.000000000 -0.006994898
1.000000000 -0.000114533 -0.000080469 0.001111058 0.000114535 1.000000000 0.000020663 0.000621528 0.000080466 -0.000020672 1.000000000 -0.002534928
1.000000000 -0.000106373 -0.000097635 0.001103174 0.000106380 1.000000000 0.000078188 -0.000252678 0.000097627 -0.000078198 1.000000000 -0.004396210
0.999999940 -0.000248429 -0.000110203 0.000702979 0.000248436 0.999999940 0.000069215 -0.000482279 0.000110186 -0.000069242 1.000000000 -0.003375901
0.999999940 -0.000241624 -0.000099318 0.000710202 0.000241627 0.999999940 0.000035165 0.000752363 0.000099309 -0.000035189 1.000000000 -0.000081263
0.999999940 -0.000258869 -0.000099199 0.000075467 0.000258875 0.999999940 0.000061040 -0.000858223 0.000099183 -0.000061065 1.000000000 -0.003215098
1.000000000 -0.000147839 -0.000112733 0.002952948 0.000147846 1.000000000 0.000066678 0.000008974 0.000112723 -0.000066694 1.000000000 -0.002126434
1.000000000 -0.000107605 -0.000115969 0.002448231 0.000107614 1.000000000 0.000075774 -0.000953581 0.000115961 -0.000075786 1.000000000 -0.002360105
0.999999940 -0.000238744 -0.000148500 0.001496065 0.000238756 0.999999940 0.000085881 -0.000567988 0.000148480 -0.000085916 1.000000000 -0.004452219
0.999999940 -0.000279970 -0.000204129 0.002816582 0.000279986 0.999999940 0.000075197 -0.000542096 0.000204108 -0.000075254 1.000000000 -0.004051646
0.999999940 -0.000248695 -0.000130885 0.001611491 0.000248702 0.999999940 0.000058431 0.000410665 0.000130871 -0.000058463 1.000000000 -0.003115481
0.999999940 -0.000297096 -0.000178260 0.002921368 0.000297109 0.999999940 0.000072193 -0.000357635 0.000178239 -0.000072246 1.000000000 -0.004531286
0.999999940 -0.000381625 -0.000138512 0.001054367 0.000381633 0.999999940 0.000062017 -0.000617930 0.000138488 -0.000062070 1.000000000 -0.004712789
1.000000000 -0.000183448 -0.000149420 0.001678919 0.000183458 1.000000000 0.000071206 0.000041969 0.000149407 -0.000071233 1.000000000 -0.002061208
1.000000000 -0.000186465 -0.000113742 0.002571650 0.000186478 1.000000000 0.000110253 -0.001112270 0.000113722 -0.000110274 1.000000000 -0.004242368
0.999999940 -0.000242647 -0.000157671 0.000690869 0.000242659 0.999999940 0.000073020 0.000739998 0.000157653 -0.000073058 1.000000000 -0.001079257
0.999999940 -0.000293693 -0.000156847 0.000611647 0.000293709 0.999999940 0.000101053 0.000119510 0.000156818 -0.000101099 1.000000000 -0.003716851
0.999999940 -0.000206898 -0.000156782 0.001501910 0.000206901 1.000000000 0.000016793 0.000273760 0.000156778 -0.000016826 1.000000000 -0.002035920
0.999999940 -0.000318834 -0.000157436 0.002014358 0.000318841 0.999999940 0.000043334 0.000029565 0.000157423 -0.000043384 1.000000000 -0.001721721
0.999999940 -0.000295157 -0.000102913 0.000887281 0.000295165 0.999999940 0.000083461 -0.000875020 0.000102888 -0.000083491 1.000000000 -0.005739454
0.999999940 -0.000313482 -0.000201929 0.003032586 0.000313487 0.999999940 0.000026924 0.000191552 0.000201921 -0.000026987 1.000000000 -0.003390991
1.000000000 -0.000185308 -0.000146310 0.002896504 0.000185323 1.000000000 0.000105385 -0.000458463 0.000146291 -0.000105412 1.000000000 -0.006902324
0.999999940 -0.000302058 -0.000148657 0.000591031 0.000302067 0.999999940 0.000064256 0.000006225 0.000148637 -0.000064301 1.000000000 -0.004504076
0.999999940 -0.000262644 -0.000155828 0.001380292 0.000262663 0.999999940 0.000125636 -0.000557143 0.000155795 -0.000125677 1.000000000 -0.003885033
0.999999940 -0.000257078 -0.000180313 0.002519014 0.000257086 0.999999940 0.000047441 -0.001009572 0.000180301 -0.000047487 1.000000000 0.000148421
0.999999940 -0.000248436 -0.000099579 0.001614029 0.000248381 0.999999821 -0.000548094 -0.000854082 0.000099715 0.000548070 0.999999821 0.048322950
1.000000000 -0.000120444 -0.000153917 0.001943170 0.000120273 0.999999404 -0.001108877 -0.003662594 0.000154050 0.001108859 0.999999344 0.140633613
1.000000000 -0.000177757 -0.000152190 0.005185339 0.000177540 0.999998987 -0.001421420 -0.007334350 0.000152443 0.001421393 0.999998987 0.254325718
1.000000000 -0.000220307 -0.000093529 0.006129311 0.000220175 0.999998987 -0.001415820 -0.012324702 0.000093841 0.001415799 0.999998987 0.389556915
0.999999940 -0.000144276 -0.000225424 0.011389497 0.000144022 0.999999344 -0.001128044 -0.019445032 0.000225587 0.001128011 0.999999344 0.523904681
1.000000000 -0.000172689 -0.000091993 0.012465595 0.000172590 0.999999404 -0.001066961 -0.022104496 0.000092178 0.001066945 0.999999404 0.684900761
1.000000000 -0.000140910 -0.000137128 0.019877058 0.000140779 0.999999523 -0.000953634 -0.025632923 0.000137263 0.000953615 0.999999523 0.844485462
0.999999940 0.000316486 0.000056180 0.017176809 -0.000316441 0.999999642 -0.000806880 -0.025382577 -0.000056435 0.000806862 0.999999702 1.021693110
1.000000000 -0.000099191 -0.000186259 0.027906775 0.000099082 0.999999821 -0.000583802 -0.036553662 0.000186317 0.000583784 0.999999821 1.178166986
0.999999881 0.000467512 0.000237857 -0.010559426 -0.000467454 0.999999881 -0.000244628 -0.040573020 -0.000237972 0.000244517 0.999999940 1.394742966
0.999999821 0.000546800 0.000236522 -0.007048988 -0.000546756 0.999999821 -0.000185102 -0.045394860 -0.000236623 0.000184973 0.999999940 1.587121606
0.999999821 0.000258905 0.000361952 -0.009077528 -0.000258747 0.999999881 -0.000435821 -0.046368666 -0.000362065 0.000435728 0.999999762 1.791802406
0.999999940 0.000176601 0.000094387 0.001924946 -0.000176590 0.999999940 -0.000118108 -0.053289868 -0.000094407 0.000118092 1.000000000 1.990294099
0.999999881 0.000213567 0.000333656 -0.001703677 -0.000213509 0.999999940 -0.000175372 -0.058141503 -0.000333694 0.000175301 0.999999881 2.203578234
0.999999881 0.000504618 0.000267282 0.004704553 -0.000504636 0.999999940 0.000068005 -0.065448448 -0.000267248 -0.000068139 0.999999940 2.424980402
0.999999821 0.000548723 0.000328776 0.005835104 -0.000548885 0.999999702 0.000490580 -0.081426367 -0.000328507 -0.000490761 0.999999821 2.645946503
0.999999583 0.000757158 0.000567354 0.008897668 -0.000757381 0.999999583 0.000391900 -0.088178284 -0.000567057 -0.000392330 0.999999762 2.873766661
0.999999702 0.000445729 0.000619267 0.013027623 -0.000446025 0.999999762 0.000477929 -0.091878071 -0.000619054 -0.000478205 0.999999702 3.110312700
1.000000000 0.000243154 0.000365482 0.020761633 -0.000243296 0.999999881 0.000387657 -0.099326968 -0.000365388 -0.000387746 0.999999881 3.348460913
0.999999940 0.000128522 0.000480313 0.023916602 -0.000128846 0.999999702 0.000673278 -0.104695551 -0.000480226 -0.000673340 0.999999642 3.573324680
0.999999940 0.000129069 0.000076832 0.032990489 -0.000129135 0.999999583 0.000857792 -0.124984458 -0.000076722 -0.000857802 0.999999642 3.820968628
0.999999821 0.000384502 0.000385324 0.036879797 -0.000384822 0.999999523 0.000829408 -0.130464658 -0.000385005 -0.000829556 0.999999583 4.085767746
0.999998391 0.001408226 0.001091174 0.022026466 -0.001409160 0.999998629 0.000855529 -0.131508812 -0.001089968 -0.000857066 0.999998987 4.324793816
0.999998569 0.001282479 0.001077494 0.028731881 -0.001283467 0.999998748 0.000916493 -0.140335485 -0.001076317 -0.000917875 0.999998987 4.579560280
0.999998510 0.001206185 0.001205666 0.033277605 -0.001207532 0.999998629 0.001117346 -0.146640480 -0.001204317 -0.001118801 0.999998629 4.844461918
0.999998748 0.001038502 0.001177754 0.044608053 -0.001040242 0.999998331 0.001477790 -0.159717858 -0.001176217 -0.001479013 0.999998152 5.093594551
0.999999762 0.000133833 0.000702463 0.052770525 -0.000135298 0.999997735 0.002085792 -0.188761309 -0.000702182 -0.002085886 0.999997556 5.352228642
0.999999642 0.000423261 0.000759516 0.057640463 -0.000424908 0.999997497 0.002169002 -0.196435645 -0.000758596 -0.002169324 0.999997318 5.622085094
0.999999642 0.000377576 0.000752489 0.062255353 -0.000379120 0.999997735 0.002053026 -0.201222375 -0.000751712 -0.002053310 0.999997616 5.902015209
0.999999642 -0.000029729 0.000746129 0.067567378 0.000028136 0.999997675 0.002134967 -0.214092121 -0.000746191 -0.002134945 0.999997437 6.181199551
0.999999642 0.000123759 0.000872984 0.076324433 -0.000125777 0.999997258 0.002312140 -0.220853478 -0.000872695 -0.002312248 0.999996901 6.460973263
0.999998033 0.001748197 0.000920782 0.068640396 -0.001750310 0.999995768 0.002298790 -0.236678541 -0.000916759 -0.002300397 0.999996960 6.737973213
0.999997914 0.001862082 0.000877261 0.077374294 -0.001864242 0.999995172 0.002467821 -0.245544136 -0.000872661 -0.002469451 0.999996543 7.037439823
0.999998391 0.001503048 0.000893511 0.086461514 -0.001505142 0.999996066 0.002346955 -0.254451424 -0.000889979 -0.002348296 0.999996901 7.325812817
0.999997854 0.001827799 0.000970827 0.096028969 -0.001830298 0.999994993 0.002578639 -0.267439127 -0.000966109 -0.002580411 0.999996245 7.625107288
0.999997318 0.001983962 0.001177843 0.099913180 -0.001986951 0.999994755 0.002541732 -0.281894892 -0.001172794 -0.002544065 0.999996126 7.962025166
0.999999404 0.000210956 0.001059252 0.102064662 -0.000213765 0.999996483 0.002652338 -0.290644914 -0.001058689 -0.002652563 0.999995887 8.238232613
0.999999225 0.000374892 0.001152967 0.115244947 -0.000377992 0.999996305 0.002690241 -0.302409679 -0.001151954 -0.002690675 0.999995708 8.558548927
0.999998689 0.000858250 0.001395306 0.119029991 -0.000862039 0.999996006 0.002717383 -0.308315158 -0.001392968 -0.002718582 0.999995351 8.892843246
0.999998808 0.000794528 0.001329068 0.120383084 -0.000798158 0.999995947 0.002732496 -0.318761170 -0.001326892 -0.002733554 0.999995470 9.246233940
0.999998271 0.001393560 0.001247543 0.129657447 -0.001396760 0.999995708 0.002567734 -0.330274284 -0.001243959 -0.002569472 0.999995947 9.561100006
0.999998033 0.001564027 0.001251247 0.141875580 -0.001567551 0.999994755 0.002820468 -0.339859068 -0.001246829 -0.002822423 0.999995291 9.903339386
0.999998212 0.001432560 0.001242774 0.143044531 -0.001436043 0.999994993 0.002806522 -0.352648437 -0.001238747 -0.002808301 0.999995351 10.267484665
0.999998033 0.001487001 0.001359328 0.153411239 -0.001490922 0.999994695 0.002888522 -0.360123992 -0.001355025 -0.002890543 0.999994934 10.651754379
0.999998093 0.001111863 0.001596407 0.149718687 -0.001116150 0.999995708 0.002687396 -0.366872162 -0.001593412 -0.002689173 0.999995112 10.995642662
0.999997497 0.001350739 0.001830508 0.157861590 -0.001355951 0.999995112 0.002849508 -0.378588200 -0.001826650 -0.002851984 0.999994218 11.371801376
0.999997199 0.001495815 0.001853433 0.166442126 -0.001500948 0.999995053 0.002771625 -0.386703402 -0.001849278 -0.002774399 0.999994457 11.764074326
0.999997437 0.001434452 0.001798021 0.175113752 -0.001440038 0.999994099 0.003108713 -0.400216669 -0.001793551 -0.003111294 0.999993563 12.135653496
0.999997675 0.001372166 0.001750189 0.194270983 -0.001378066 0.999993384 0.003374652 -0.433249295 -0.001745547 -0.003377056 0.999992728 12.520837784
0.999997079 0.001498015 0.001920624 0.199458271 -0.001504745 0.999992728 0.003507246 -0.444360137 -0.001915356 -0.003510125 0.999991953 12.926010132
0.999996603 0.001961224 0.001767382 0.212195069 -0.001967952 0.999990761 0.003812563 -0.462367386 -0.001759888 -0.003816028 0.999991238 13.313932419
0.999997139 0.001314884 0.001987729 0.220701605 -0.001322295 0.999992192 0.003731507 -0.465528041 -0.001982807 -0.003734125 0.999991119 13.734208107
0.999995947 0.001812738 0.002207080 0.230992928 -0.001821252 0.999990940 0.003861996 -0.477912545 -0.002200059 -0.003866000 0.999990165 14.150969505
0.999997139 0.001343462 0.001972532 0.253852695 -0.001351863 0.999989986 0.004263593 -0.520764649 -0.001966784 -0.004266248 0.999988973 14.532190323
0.999997854 0.000583021 0.001975334 0.266046911 -0.000592446 0.999988377 0.004774130 -0.534603000 -0.001972527 -0.004775290 0.999986649 14.950013161
0.999997556 0.000780749 0.002107502 0.280434966 -0.000790970 0.999987900 0.004853258 -0.550616562 -0.002103688 -0.004854912 0.999985933 15.374269485
0.999995410 0.001311685 0.002784953 0.288041532 -0.001324577 0.999988317 0.004632582 -0.558668137 -0.002778844 -0.004636249 0.999985337 15.801474571
0.999995768 0.001111654 0.002673442 0.300502181 -0.001124304 0.999988139 0.004734773 -0.570159197 -0.002668147 -0.004737759 0.999985158 16.246814728
0.999994755 0.001062244 0.003031966 0.307180703 -0.001076046 0.999989152 0.004554267 -0.582034886 -0.003027095 -0.004557507 0.999985039 16.687881470
0.999994278 0.001053518 0.003185783 0.320123106 -0.001068436 0.999988437 0.004684565 -0.593509912 -0.003180810 -0.004687943 0.999983966 17.150337219
0.999992251 0.000985146 0.003816783 0.328688860 -0.001004516 0.999986589 0.005076407 -0.607674181 -0.003811731 -0.005080202 0.999979854 17.585544586
0.999992013 0.000714105 0.003949450 0.344325840 -0.000733926 0.999987125 0.005019621 -0.620098233 -0.003945815 -0.005022480 0.999979556 18.047971725
0.999991179 0.000370147 0.004199212 0.355560988 -0.000391671 0.999986708 0.005126075 -0.631352782 -0.004197259 -0.005127674 0.999978006 18.524797440
0.999990284 0.001062762 0.004282938 0.366920590 -0.001085796 0.999984920 0.005379360 -0.654350817 -0.004277158 -0.005383959 0.999976337 18.950889587
0.999989390 0.001518388 0.004358820 0.381920040 -0.001542230 0.999983847 0.005471611 -0.669055760 -0.004350442 -0.005478276 0.999975502 19.425382614
0.999988616 0.001874718 0.004410954 0.387450188 -0.001898600 0.999983490 0.005416384 -0.671816111 -0.004400728 -0.005424696 0.999975502 19.916049957
0.999989808 0.001332239 0.004326557 0.403546333 -0.001357298 0.999982297 0.005794017 -0.688757360 -0.004318762 -0.005799829 0.999973774 20.407051086
0.999994457 0.000415529 0.003311106 0.435477853 -0.000434187 0.999983966 0.005636280 -0.721619904 -0.003308712 -0.005637687 0.999978662 20.826347351
0.999996364 0.000375888 0.002656911 0.443686187 -0.000389900 0.999985993 0.005275239 -0.727456689 -0.002654891 -0.005276256 0.999982595 21.338945389
0.999996483 0.000829638 0.002525490 0.443556249 -0.000843304 0.999984980 0.005414986 -0.745713592 -0.002520960 -0.005417097 0.999982238 21.838962555
0.999997318 0.000267800 0.002320000 0.455711693 -0.000280997 0.999983728 0.005689895 -0.749939322 -0.002318438 -0.005690532 0.999981165 22.339483261
0.999997020 0.000795788 0.002299441 0.452821732 -0.000810331 0.999979556 0.006330668 -0.771615028 -0.002294356 -0.006332512 0.999977231 22.718963623
0.999999166 0.000395548 0.001241748 0.467370778 -0.000403466 0.999979496 0.006382661 -0.788397372 -0.001239198 -0.006383156 0.999978781 23.242925644
0.999999344 -0.000785045 0.000845152 0.473976433 0.000779742 0.999980152 0.006255746 -0.804042935 -0.000850047 -0.006255082 0.999980092 23.744314194
0.999999821 0.000218669 0.000465419 0.480034292 -0.000221656 0.999979317 0.006428255 -0.816463709 -0.000464004 -0.006428358 0.999979258 24.258544922
0.999999821 0.000277721 -0.000557552 0.493713170 -0.000274040 0.999978244 0.006591039 -0.828491449 0.000559370 -0.006590885 0.999978065 24.789937973
0.999999106 0.000824969 -0.000988681 0.492453009 -0.000818236 0.999976516 0.006791424 -0.845039904 0.000994261 -0.006790610 0.999976456 25.306303024
0.999998748 0.000399388 -0.001533641 0.503579259 -0.000388878 0.999976456 0.006847186 -0.859967470 0.001536340 -0.006846582 0.999975443 25.859895706
0.999998748 0.000296380 -0.001556045 0.511056960 -0.000284892 0.999972761 0.007377475 -0.866410613 0.001558189 -0.007377021 0.999971569 26.371042252
0.999996722 0.000708590 -0.002434155 0.526938617 -0.000690546 0.999972463 0.007405628 -0.885828197 0.002439335 -0.007403924 0.999969661 26.907733917
0.999996543 0.000763219 -0.002499903 0.526066303 -0.000744918 0.999972999 0.007313520 -0.900816917 0.002505417 -0.007311633 0.999970078 27.428085327
0.999995649 0.000719890 -0.002854738 0.532156169 -0.000699269 0.999973774 0.007217812 -0.910842359 0.002859859 -0.007215786 0.999969840 27.970575333
0.999994516 0.000692476 -0.003229522 0.541599452 -0.000667276 0.999969423 0.007797642 -0.934267521 0.003234823 -0.007795444 0.999964416 28.533657074
0.999994040 0.000408866 -0.003426905 0.534361422 -0.000382720 0.999970794 0.007626721 -0.942135632 0.003429923 -0.007625364 0.999965072 29.027788162
0.999993443 0.000379476 -0.003593090 0.541395903 -0.000352189 0.999971032 0.007591701 -0.954912424 0.003595867 -0.007590387 0.999964714 29.558021545
0.999991417 0.000332612 -0.004130751 0.557832420 -0.000300730 0.999970198 0.007716405 -0.969455600 0.004133195 -0.007715097 0.999961674 30.094066620
0.999990523 0.000452335 -0.004335008 0.567056954 -0.000419013 0.999970376 0.007684458 -0.978063524 0.004338356 -0.007682569 0.999961078 30.644279480
0.999988616 0.000058538 -0.004774969 0.585256517 -0.000020570 0.999968410 0.007951063 -0.997621119 0.004775284 -0.007950874 0.999956965 31.174930573
0.999988198 0.000252136 -0.004841165 0.584194005 -0.000212707 0.999966800 0.008143248 -1.019373298 0.004843057 -0.008142122 0.999955118 31.755853653
0.999988079 0.000377906 -0.004873985 0.584882915 -0.000337698 0.999965847 0.008247673 -1.035639524 0.004876937 -0.008245928 0.999954104 32.197612762
0.999987364 0.000820619 -0.004960858 0.588529706 -0.000778560 0.999963701 0.008474268 -1.046532393 0.004967633 -0.008470296 0.999951839 32.750179291
0.999987006 0.001160443 -0.004954168 0.591065347 -0.001119937 0.999965966 0.008171037 -1.051478863 0.004963481 -0.008165383 0.999954343 33.310237885
0.999984026 0.000737201 -0.005602069 0.602600694 -0.000689678 0.999963760 0.008480325 -1.067944765 0.005608118 -0.008476326 0.999948323 33.826740265
0.999984264 0.000221043 -0.005591412 0.619123101 -0.000173138 0.999963284 0.008566753 -1.110974908 0.005593100 -0.008565648 0.999947667 34.349811554
0.999983907 0.000226818 -0.005658445 0.623614848 -0.000178338 0.999963284 0.008566867 -1.120290875 0.005660179 -0.008565719 0.999947309 34.897869110
0.999981880 -0.000318215 -0.006005323 0.635575771 0.000369276 0.999963820 0.008503481 -1.127295971 0.006002399 -0.008505545 0.999945760 35.447875977
0.999982715 0.000800854 -0.005819555 0.628184080 -0.000749736 0.999961078 0.008780663 -1.157257199 0.005826361 -0.008776149 0.999944508 35.970077515
0.999981344 0.000688431 -0.006066083 0.643646717 -0.000634378 0.999960124 0.008908033 -1.157810330 0.006071975 -0.008904020 0.999941885 36.485340118
0.999978602 -0.000124513 -0.006533873 0.656318247 0.000184087 0.999958456 0.009117995 -1.171476245 0.006532467 -0.009119004 0.999937057 37.027965546
0.999978065 -0.000023837 -0.006614880 0.665259957 0.000083250 0.999959707 0.008981754 -1.181609392 0.006614399 -0.008982108 0.999937832 37.572113037
0.999979079 0.000921677 -0.006393956 0.659809530 -0.000863675 0.999958575 0.009068200 -1.201861858 0.006402049 -0.009062489 0.999938488 38.126262665
0.999979258 0.000446756 -0.006413525 0.659397960 -0.000388023 0.999957979 0.009156000 -1.222871304 0.006417346 -0.009153324 0.999937534 38.650768280
0.999976873 0.000309581 -0.006797078 0.668354392 -0.000247222 0.999957860 0.009173376 -1.233906984 0.006799633 -0.009171484 0.999934852 39.197193146
0.999976754 0.000462564 -0.006802923 0.683709621 -0.000397479 0.999954104 0.009565432 -1.254877329 0.006807036 -0.009562505 0.999931097 39.742454529
0.999978364 -0.000360664 -0.006568681 0.688440979 0.000423947 0.999953389 0.009635233 -1.266758204 0.006564902 -0.009637809 0.999932051 40.307212830
0.999979973 0.000869657 -0.006272200 0.683674395 -0.000808756 0.999952555 0.009705822 -1.272175074 0.006280344 -0.009700554 0.999933243 40.803913116
0.999970496 -0.000046073 -0.007684900 0.719245315 0.000124674 0.999947667 0.010227812 -1.306827426 0.007684026 -0.010228467 0.999918163 41.362312317
0.999971509 0.000160297 -0.007549444 0.725522399 -0.000085738 0.999951124 0.009875434 -1.308758020 0.007550659 -0.009874505 0.999922693 41.912876129
0.999966562 -0.000279072 -0.008184997 0.737078190 0.000363408 0.999946833 0.010304073 -1.322207928 0.008181687 -0.010306701 0.999913335 42.459388733
0.999964833 -0.000561242 -0.008374915 0.752972007 0.000646432 0.999948025 0.010172809 -1.334267855 0.008368770 -0.010177865 0.999913096 43.007255554
0.999969125 -0.000418068 -0.007848420 0.734404683 0.000499345 0.999946356 0.010356671 -1.350562334 0.007843669 -0.010360270 0.999915540 43.519435883
0.999968171 -0.000207624 -0.007969268 0.745924294 0.000291027 0.999945104 0.010465858 -1.366279006 0.007966657 -0.010467843 0.999913454 44.047382355
0.999968886 0.000232152 -0.007888268 0.750822723 -0.000151006 0.999947011 0.010285893 -1.376558900 0.007890238 -0.010284383 0.999915898 44.603240967
0.999966681 0.000113094 -0.008153967 0.766921282 -0.000028066 0.999945641 0.010427107 -1.387135029 0.008154702 -0.010426532 0.999912322 45.117176056
0.999967277 0.000193606 -0.008080049 0.775600135 -0.000106730 0.999942124 0.010750972 -1.403203726 0.008081664 -0.010749757 0.999909520 45.640537262
0.999967575 -0.000134528 -0.008044562 0.772015393 0.000221069 0.999942064 0.010757836 -1.419680715 0.008042649 -0.010759268 0.999909699 46.212886810
0.999968112 -0.000014132 -0.007985063 0.777292013 0.000100900 0.999940872 0.010866017 -1.429221630 0.007984438 -0.010866478 0.999909103 46.769084930
0.999970496 0.000389717 -0.007664014 0.772420049 -0.000307506 0.999942482 0.010725120 -1.436346292 0.007667753 -0.010722449 0.999913037 47.320301056
0.999966562 -0.000378965 -0.008167769 0.789038420 0.000467133 0.999941647 0.010795388 -1.452292681 0.008163201 -0.010798843 0.999908388 47.816371918
0.999961615 -0.000715507 -0.008733361 0.801685572 0.000808998 0.999942362 0.010706182 -1.464231491 0.008725198 -0.010712837 0.999904573 48.364414215
0.999967396 0.000171583 -0.008071703 0.795465469 -0.000082894 0.999939620 0.010986616 -1.477864742 0.008073101 -0.010985589 0.999907076 48.909610748
0.999966443 0.000076596 -0.008180125 0.798366249 0.000014331 0.999938190 0.011114989 -1.487760901 0.008180469 -0.011114734 0.999904811 49.452793121
0.999965966 0.000038181 -0.008248710 0.808469832 0.000052486 0.999939620 0.010991181 -1.502023101 0.008248632 -0.010991243 0.999905586 49.992053986
0.999965906 0.000133474 -0.008257444 0.816303134 -0.000043491 0.999940634 0.010896442 -1.509833574 0.008258408 -0.010895712 0.999906540 50.540260315
0.999964237 -0.000588282 -0.008426582 0.819993854 0.000682875 0.999936759 0.011227103 -1.525367022 0.008419444 -0.011232456 0.999901474 51.069599152
0.999963760 -0.000184469 -0.008510487 0.841877520 0.000275007 0.999943376 0.010638392 -1.523768902 0.008508043 -0.010640348 0.999907255 51.618499756
0.999965727 -0.000239780 -0.008267606 0.824235797 0.000333718 0.999935329 0.011362583 -1.544903517 0.008264346 -0.011364953 0.999901235 52.144092560
0.999965727 -0.000015871 -0.008265261 0.830831468 0.000107455 0.999938607 0.011080312 -1.552506924 0.008264579 -0.011080821 0.999904394 52.692150116
0.999961078 -0.000999141 -0.008764031 0.851944506 0.001096753 0.999937296 0.011140060 -1.564590931 0.008752353 -0.011149237 0.999899447 53.256149292
0.999960780 -0.001031124 -0.008792738 0.854905128 0.001128666 0.999937713 0.011095832 -1.574322701 0.008780750 -0.011105320 0.999899685 53.799621582
0.999958336 -0.001363590 -0.009021018 0.870258927 0.001464619 0.999936104 0.011202118 -1.589903235 0.009005167 -0.011214864 0.999896526 54.338584900
0.999964595 -0.000234020 -0.008408536 0.868238330 0.000330891 0.999933600 0.011520951 -1.608131051 0.008405282 -0.011523326 0.999898195 54.842010498
0.999957800 -0.001284192 -0.009093130 0.880931616 0.001382073 0.999941111 0.010766236 -1.569313049 0.009078768 -0.010778346 0.999900639 55.451526642
0.999960899 -0.000600800 -0.008829328 0.883677721 0.000703477 0.999932170 0.011630533 -1.632318020 0.008821742 -0.011636288 0.999893308 55.929988861
0.999963522 -0.000287217 -0.008531775 0.876731634 0.000385123 0.999934137 0.011475926 -1.642387390 0.008527916 -0.011478796 0.999897659 56.497798920
0.999969065 -0.000059710 -0.007861915 0.881453276 0.000153314 0.999929190 0.011905991 -1.669409752 0.007860647 -0.011906829 0.999898195 56.997493744
0.999961972 -0.000885426 -0.008673401 0.913935781 0.000987372 0.999930382 0.011756654 -1.661133766 0.008662386 -0.011764771 0.999893188 57.553150177
0.999956071 -0.001267442 -0.009287065 0.926172018 0.001367611 0.999940932 0.010787507 -1.668529749 0.009272844 -0.010799733 0.999898612 58.087013245
0.999959826 -0.000663450 -0.008944006 0.928998530 0.000762879 0.999937892 0.011117972 -1.682384133 0.008936073 -0.011124346 0.999898195 58.621795654
0.999959588 -0.001300000 -0.008885937 0.933154106 0.001403462 0.999931157 0.011647029 -1.686322451 0.008870184 -0.011659030 0.999892712 59.201686859
0.999948621 -0.001961422 -0.009938249 0.989353418 0.002074274 0.999933302 0.011357755 -1.645756006 0.009915308 -0.011377788 0.999886096 59.884437561
0.999958336 -0.001644948 -0.008970033 0.952522337 0.001753615 0.999924958 0.012120017 -1.713966608 0.008949422 -0.012135241 0.999886334 60.285900116
0.999960721 -0.000779344 -0.008820514 0.957156003 0.000886867 0.999925196 0.012192711 -1.713406920 0.008810354 -0.012200053 0.999886811 60.861770630
0.999952912 -0.002380955 -0.009397311 0.957457364 0.002499053 0.999917686 0.012575526 -1.761873007 0.009366595 -0.012598418 0.999876738 61.289184570
0.999959528 -0.001265164 -0.008902998 0.983530581 0.001369406 0.999930382 0.011712323 -1.738227844 0.008887561 -0.011724042 0.999891758 61.910385132
0.999961972 -0.000904945 -0.008675152 0.979508877 0.001006995 0.999930143 0.011766330 -1.738629699 0.008663900 -0.011774617 0.999893069 62.477912903
0.999958754 -0.000978353 -0.009028077 0.990767360 0.001082774 0.999932468 0.011568553 -1.754003763 0.009016150 -0.011577851 0.999892354 63.025291443
0.999961019 -0.000752151 -0.008803510 0.991824985 0.000854615 0.999931872 0.011641002 -1.764896274 0.008794156 -0.011648071 0.999893486 63.518833160
0.999959648 -0.000761530 -0.008953367 0.985463858 0.000872990 0.999922097 0.012451717 -1.780344248 0.008943187 -0.012459029 0.999882400 64.095954895
0.999960601 -0.000942641 -0.008826288 1.001512170 0.001048440 0.999927580 0.011989852 -1.791792750 0.008814350 -0.011998635 0.999889076 64.630790710
0.999958038 -0.001109633 -0.009087195 1.013787031 0.001217629 0.999928653 0.011887565 -1.795180202 0.009073355 -0.011898131 0.999888003 65.185630798
0.999958098 -0.001000435 -0.009099280 1.020252347 0.001108902 0.999928296 0.011923142 -1.801340699 0.009086698 -0.011932732 0.999887466 65.736671448
0.999957144 -0.001277039 -0.009169389 1.031219125 0.001388299 0.999925315 0.012137718 -1.814852715 0.009153203 -0.012149926 0.999884188 66.280723572
0.999964118 -0.000219824 -0.008464303 1.014941692 0.000318459 0.999932110 0.011653415 -1.822498322 0.008461165 -0.011655694 0.999896228 66.819862366
0.999957025 -0.001244570 -0.009183689 1.041020274 0.001355650 0.999925911 0.012099055 -1.853077292 0.009167952 -0.012110988 0.999884546 67.329971313
0.999957740 -0.001110479 -0.009116867 1.047230005 0.001220864 0.999925971 0.012111153 -1.860058546 0.009102741 -0.012121775 0.999885082 67.882705688
0.999959171 -0.001168194 -0.008953560 1.043761015 0.001276054 0.999926627 0.012050402 -1.864992142 0.008938826 -0.012061336 0.999887228 68.450737000
0.999951124 -0.001875182 -0.009700967 1.061309099 0.001996441 0.999919891 0.012505137 -1.884918928 0.009676739 -0.012523897 0.999874711 68.947303772
0.999947071 -0.002506736 -0.009974716 1.073834538 0.002629902 0.999920249 0.012353851 -1.885545492 0.009942953 -0.012379430 0.999873877 69.483345032
0.999961197 -0.000507594 -0.008795304 1.060902357 0.000614747 0.999925554 0.012184575 -1.889681339 0.008788463 -0.012189509 0.999887109 70.080116272
0.999960780 -0.000775444 -0.008827953 1.069431424 0.000881501 0.999927342 0.012016174 -1.898044348 0.008817995 -0.012023484 0.999888837 70.624908447
0.999960721 -0.000633693 -0.008832576 1.072641850 0.000739447 0.999928057 0.011975140 -1.902276635 0.008824351 -0.011981202 0.999889314 71.162506104
0.999961138 -0.001018381 -0.008757520 1.086010933 0.001119111 0.999933183 0.011504894 -1.903732538 0.008745217 -0.011514247 0.999895513 71.687156677
0.999962389 -0.000602789 -0.008650322 1.084045887 0.000707014 0.999927163 0.012050768 -1.931202650 0.008642428 -0.012056428 0.999889910 72.198074341
0.999957979 -0.000844211 -0.009133605 1.093042135 0.000957640 0.999922395 0.012421586 -1.935728073 0.009122410 -0.012429808 0.999881089 72.749443054
0.999962747 -0.000607018 -0.008613631 1.094930887 0.000712316 0.999925017 0.012226737 -1.952131629 0.008605563 -0.012232418 0.999888122 73.279663086
0.999961972 -0.000496688 -0.008700768 1.098384976 0.000600225 0.999929011 0.011901261 -1.951591969 0.008694240 -0.011906032 0.999891281 73.842124939
0.999964714 -0.000517829 -0.008381910 1.095975876 0.000615122 0.999932468 0.011609060 -1.962559462 0.008375331 -0.011613807 0.999897480 74.371574402
0.999965012 -0.000268152 -0.008358797 1.104750872 0.000370562 0.999924839 0.012252568 -1.994041562 0.008354885 -0.012255237 0.999889970 74.895919800
0.999966860 -0.000176658 -0.008133493 1.127038717 0.000271498 0.999931991 0.011660831 -1.976272345 0.008130880 -0.011662654 0.999898851 75.410530090
0.999967098 0.000482912 -0.008095371 1.107677341 -0.000385112 0.999926984 0.012078230 -2.004322767 0.008100611 -0.012074715 0.999894261 76.003692627
0.999963641 -0.000695271 -0.008493112 1.125634670 0.000799095 0.999924898 0.012227311 -2.023543835 0.008483973 -0.012233653 0.999889076 76.504974365
0.999961019 -0.000844863 -0.008790275 1.128035426 0.000955001 0.999921024 0.012532894 -2.036153316 0.008778991 -0.012540801 0.999882758 77.053047180
0.999961853 -0.001136201 -0.008666398 1.128306389 0.001238052 0.999930084 0.011756025 -2.029874563 0.008652436 -0.011766303 0.999893308 77.624389648
0.999963164 -0.000950352 -0.008532652 1.143643856 0.001057129 0.999921083 0.012518149 -2.053307295 0.008520083 -0.012526707 0.999885201 78.155281067
0.999965250 -0.000460314 -0.008326902 1.148890972 0.000563077 0.999923646 0.012342968 -2.064853907 0.008320585 -0.012347228 0.999889135 78.694335938
0.999965608 -0.000378546 -0.008287542 1.156602621 0.000480064 0.999924779 0.012250955 -2.073556662 0.008282281 -0.012254514 0.999890625 79.239089966
0.999969006 -0.000586380 -0.007849376 1.162463188 0.000683052 0.999923825 0.012318917 -2.079810619 0.007841554 -0.012323897 0.999893308 79.786628723
0.999976039 -0.000645505 -0.006891165 1.172861695 0.000727830 0.999928296 0.011950751 -2.084588051 0.006882956 -0.011955482 0.999904811 80.336746216
0.999987304 0.000202911 -0.005026245 1.176257133 -0.000141469 0.999925256 0.012221511 -2.097811937 0.005028348 -0.012220645 0.999912620 80.892356873
0.999994040 -0.000054665 -0.003493426 1.187813878 0.000097123 0.999926150 0.012154803 -2.109822989 0.003492505 -0.012155069 0.999920011 81.424827576
1.000000000 0.000209401 0.000035187 1.203508258 -0.000209812 0.999926805 0.012096044 -2.120314598 -0.000032652 -0.012096050 0.999926865 81.970520020
0.999992669 0.000083209 0.003838665 1.220816493 -0.000129655 0.999926805 0.012101059 -2.128597736 -0.003837377 -0.012101465 0.999919474 82.526771545
0.999974966 0.000720337 0.007040913 1.244090080 -0.000810281 0.999917984 0.012779961 -2.152224541 -0.007031129 -0.012785346 0.999893546 83.096641541
0.999936759 -0.000405421 0.011242819 1.260455251 0.000275372 0.999933064 0.011566376 -2.114795685 -0.011246752 -0.011562548 0.999869823 83.629768372
0.999837041 0.001371264 0.017999083 1.299370646 -0.001598122 0.999919355 0.012595539 -2.166728497 -0.017980359 -0.012622252 0.999758661 84.208602905
0.999724388 0.000757795 0.023466408 1.332978487 -0.001045801 0.999924242 0.012263254 -2.175948143 -0.023455337 -0.012284414 0.999649405 84.754135132
0.999570847 0.001285656 0.029265886 1.364486694 -0.001659876 0.999917090 0.012766208 -2.191487551 -0.029247047 -0.012809306 0.999490142 85.272003174
0.999312401 0.001069958 0.037061542 1.398194194 -0.001525926 0.999923527 0.012276892 -2.187290192 -0.037045568 -0.012325005 0.999237537 85.872520447
0.999001086 0.000517805 0.044683024 1.456582785 -0.001084014 0.999919415 0.012648370 -2.212574244 -0.044672888 -0.012684176 0.998921096 86.363571167
0.998694181 -0.000126190 0.051087789 1.505548716 -0.000516168 0.999920964 0.012560220 -2.217770100 -0.051085345 -0.012570189 0.998615146 86.903198242
0.998178244 -0.000023951 0.060333043 1.558212757 -0.000734118 0.999921024 0.012542537 -2.228295088 -0.060328584 -0.012563980 0.998099446 87.445610046
0.997514904 -0.000217745 0.070455484 1.611520290 -0.000679433 0.999918997 0.012709755 -2.237773895 -0.070452549 -0.012726041 0.997433901 88.011978149
0.996887088 -0.000415977 0.078841165 1.676263332 -0.000583549 0.999919772 0.012654243 -2.247481823 -0.078840099 -0.012660860 0.996806860 88.562721252
0.996200860 -0.000728066 0.087082408 1.738052368 -0.000348015 0.999923766 0.012341226 -2.257304907 -0.087084770 -0.012324646 0.996124685 89.103752136
0.995213628 -0.000127670 0.097724386 1.809842587 -0.001066223 0.999925435 0.012164613 -2.261488438 -0.097718649 -0.012210583 0.995139241 89.659629822
0.994144022 -0.001059866 0.108057894 1.899555683 -0.000301071 0.999920845 0.012577418 -2.277140141 -0.108062692 -0.012536298 0.994065046 90.180145264
0.993088782 -0.001319038 0.117358118 1.984375000 -0.000163857 0.999920309 0.012625093 -2.287404060 -0.117365412 -0.012557068 0.993009388 90.730895996
0.991727054 -0.001614011 0.128354922 2.076110840 -0.000017424 0.999919236 0.012708199 -2.294473648 -0.128365070 -0.012605299 0.991646826 91.271232605
0.990153074 -0.001746035 0.139977410 2.174827576 -0.000048408 0.999917865 0.012815091 -2.313156366 -0.139988303 -0.012695679 0.990071714 91.748374939
0.988551497 -0.002229480 0.150866956 2.276594162 0.000327524 0.999920189 0.012630522 -2.318553686 -0.150883034 -0.012436508 0.988473415 92.290763855
0.986897707 -0.002180176 0.161332473 2.380764008 0.000145452 0.999920309 0.012622727 -2.328209877 -0.161347166 -0.012433874 0.986819386 92.833496094
0.984722614 -0.002572084 0.174111113 2.503828049 0.000415498 0.999922752 0.012421579 -2.337906599 -0.174129590 -0.012159467 0.984647751 93.360961914
0.982491255 -0.003210407 0.186280996 2.642688751 0.000921135 0.999923110 0.012374597 -2.350958824 -0.186306357 -0.011986348 0.982418597 93.917900085
0.980549514 -0.003681028 0.196237236 2.769488335 0.001262964 0.999921739 0.012445861 -2.360048294 -0.196267724 -0.011955942 0.980477452 94.443176270
0.977835834 -0.003972022 0.209335327 2.909883499 0.001281447 0.999914885 0.012987008 -2.373467445 -0.209369093 -0.012430910 0.977757692 94.969909668
0.974794388 -0.003610962 0.223075852 3.051359177 0.000750755 0.999916375 0.012905156 -2.379676342 -0.223103806 -0.012412396 0.974715650 95.503173828
0.971924901 -0.002859331 0.235273659 3.195859909 -0.000212617 0.999915063 0.013030512 -2.388590813 -0.235290945 -0.012714705 0.971841812 96.044692993
0.969134569 -0.004342287 0.246494099 3.362283707 0.001199493 0.999916017 0.012898699 -2.400989532 -0.246529460 -0.012204906 0.969058454 96.563262939
0.965480566 -0.003936890 0.260445476 3.528442383 0.000479701 0.999911010 0.013336370 -2.413961887 -0.260474831 -0.012751069 0.965396523 97.079994202
0.962182403 -0.004312183 0.272371769 3.703014374 0.000709727 0.999910951 0.013323383 -2.420059443 -0.272404999 -0.012626215 0.962099850 97.622650146
0.958833873 -0.005102886 0.283921748 3.908575058 0.001482063 0.999914825 0.012966248 -2.418735981 -0.283963740 -0.012011688 0.958759785 98.211448669
0.954544008 -0.004487548 0.298036247 4.074739456 0.000507922 0.999909699 0.013428936 -2.419840097 -0.298069626 -0.012667128 0.954460144 98.680541992
0.950211763 -0.004973033 0.311564922 4.303491592 0.001008031 0.999916434 0.012885833 -2.428499460 -0.311603040 -0.011930205 0.950137377 99.284530640
0.946502566 -0.005612917 0.322647274 4.503925323 0.001532840 0.999915659 0.012898316 -2.436474800 -0.322692454 -0.011713724 0.946431398 99.791000366
0.941905916 -0.005862970 0.335825711 4.707056046 0.001461521 0.999909699 0.013357600 -2.449618340 -0.335873723 -0.012090786 0.941829443 100.305877686
0.936793208 -0.006480896 0.349823475 4.926706314 0.001963971 0.999910057 0.013265205 -2.455067635 -0.349878013 -0.011739708 0.936721683 100.815475464
0.932149172 -0.006428753 0.362017184 5.148353577 0.001716845 0.999909580 0.013335872 -2.462265968 -0.362070203 -0.011809496 0.932075977 101.332489014
0.927979827 -0.006793979 0.372568339 5.365886688 0.002006209 0.999910355 0.013236897 -2.473452568 -0.372624844 -0.011536124 0.927910328 101.818618774
0.922501683 -0.007433042 0.385921508 5.599597931 0.002581134 0.999910951 0.013088883 -2.474784613 -0.385984451 -0.011078401 0.922438741 102.321411133
0.916791499 -0.007312902 0.399299175 5.838493347 0.002199504 0.999909759 0.013262618 -2.481614590 -0.399360061 -0.011280797 0.916724741 102.823135376
0.911935568 -0.007780170 0.410259426 6.090686798 0.002717324 0.999912858 0.012922232 -2.490568161 -0.410324126 -0.010669438 0.911877275 103.317665100
0.905609548 -0.008362028 0.424029976 6.359668732 0.002968308 0.999906063 0.013379041 -2.496486902 -0.424102038 -0.010857536 0.905549347 103.812835693
0.898826122 -0.008642551 0.438220382 6.631488800 0.003126710 0.999906600 0.013306952 -2.504573822 -0.438294470 -0.010590447 0.898769081 104.299079895
0.892950237 -0.008871136 0.450067937 6.901649475 0.003284002 0.999907613 0.013193266 -2.513667583 -0.450143427 -0.010302905 0.892896831 104.773841858
0.887400031 -0.009277425 0.460906804 7.185752869 0.003467154 0.999903500 0.013451258 -2.521414995 -0.460987180 -0.010338611 0.887346506 105.283966064
0.880106091 -0.009220252 0.474687636 7.451133728 0.003391677 0.999908030 0.013133620 -2.520778656 -0.474765033 -0.009948992 0.880056262 105.745422363
0.873243093 -0.009909484 0.487184018 7.765991211 0.003760942 0.999900460 0.013597086 -2.532207012 -0.487270266 -0.010041287 0.873193502 106.258773804
