1.000000000 0.000000000 0.000000000 0.000000000 0.000000000 1.000000000 0.000000000 0.000000000 0.000000000 0.000000000 1.000000000 0.000000000
1.000000000 0.000172023 0.000137240 -0.003554628 -0.000172003 1.000000000 -0.000149865 0.003180737 -0.000137266 0.000149841 1.000000000 0.004991494
1.000000000 0.000149054 0.000035819 -0.001081230 -0.000149051 1.000000000 -0.000095373 0.001322016 -0.000035833 0.000095368 1.000000000 0.002733747
0.999999881 0.000432662 0.000120164 -0.000082353 -0.000432652 0.999999881 -0.000083148 0.002911618 -0.000120200 0.000083096 1.000000000 -0.000625755
1.000000000 0.000057330 -0.000027352 0.002946355 -0.000057334 1.000000000 -0.000129242 0.002809589 0.000027345 0.000129244 1.000000000 -0.000296687
1.000000000 0.000086204 -0.000055521 0.001558856 -0.000086205 1.000000000 -0.000022341 0.000541802 0.000055519 0.000022346 1.000000000 -0.002318530
0.999999940 0.000176590 0.000196747 -0.005961826 -0.000176555 0.999999940 -0.000181042 0.003157159 -0.000196779 0.000181008 0.999999940 0.003047948
1.000000000 0.000059164 -0.000001896 -0.000322034 -0.000059164 1.000000000 -0.000016840 0.001386831 0.000001895 0.000016841 1.000000000 -0.000339821
1.000000000 0.000032092 0.000139547 -0.004676050 -0.000032072 1.000000000 -0.000147248 0.003174548 -0.000139552 0.000147244 1.000000000 0.004554656
0.999999940 0.000224867 0.000192520 -0.004284137 -0.000224835 0.999999940 -0.000165455 0.001674603 -0.000192557 0.000165411 0.999999940 0.000638732
1.000000000 0.000179862 0.000061640 0.001249253 -0.000179863 1.000000000 0.000007294 0.000620024 -0.000061639 -0.000007305 1.000000000 -0.003712285
1.000000000 0.000121446 0.000068146 0.000064849 -0.000121444 1.000000000 -0.000028378 0.000837622 -0.000068149 0.000028370 1.000000000 -0.005918759
1.000000000 0.000078886 0.000106483 -0.003566623 -0.000078880 1.000000000 -0.000053152 0.000344031 -0.000106487 0.000053144 1.000000000 -0.005043662
1.000000000 -0.000021516 0.000109269 -0.002292347 0.000021519 1.000000000 -0.000033985 -0.000106012 -0.000109268 0.000033987 1.000000000 0.000344379
1.000000000 0.000130897 0.000066621 -0.000487776 -0.000130893 1.000000000 -0.000063407 0.001062582 -0.000066629 0.000063398 1.000000000 -0.003303299
1.000000000 -0.000067475 -0.000089482 0.002032590 0.000067471 1.000000000 -0.000050724 0.001067273 0.000089485 0.000050718 1.000000000 -0.005392701
1.000000000 0.000043196 0.000033190 -0.002193988 -0.000043194 1.000000000 -0.000058236 0.000152444 -0.000033192 0.000058235 1.000000000 -0.003942292
1.000000000 -0.000028894 0.000079701 -0.000228558 0.000028889 1.000000000 0.000064167 -0.001351382 -0.000079703 -0.000064165 1.000000000 -0.006620381
1.000000000 0.000038012 -0.000003181 0.000299290 -0.000038012 1.000000000 0.000051004 0.000935742 0.000003183 -0.000051004 1.000000000 -0.006191093
1.000000000 -0.000135920 -0.000001258 -0.000901585 0.000135920 1.000000000 0.000045133 -0.001377477 0.000001252 -0.000045133 1.000000000 -0.007003204
1.000000000 0.000079449 0.000053027 -0.000992672 -0.000079453 1.000000000 0.000062516 -0.000771024 -0.000053022 -0.000062520 1.000000000 -0.006168981
1.000000000 -0.000098031 0.000030071 0.000132952 0.000098029 1.000000000 0.000056774 -0.001494222 -0.000030077 -0.000056771 1.000000000 -0.004927364
1.000000000 0.000092267 0.000151292 -0.005772199 -0.000092241 1.000000000 -0.000174622 0.001843868 -0.000151308 0.000174608 1.000000000 0.002756896
1.000000000 0.000040080 0.000020290 0.000387891 -0.000040079 1.000000000 -0.000029727 -0.000810245 -0.000020291 0.000029727 1.000000000 -0.001918258
1.000000000 0.000047834 0.000075254 -0.002561840 -0.000047837 1.000000000 0.000041880 0.000205768 -0.000075252 -0.000041883 1.000000000 -0.000150095
1.000000000 0.000047069 -0.000028234 0.003069265 -0.000047071 1.000000000 -0.000090109 0.002447681 0.000028229 0.000090110 1.000000000 -0.007274143
1.000000000 -0.000029818 0.000064681 -0.002853579 0.000029821 1.000000000 -0.000055988 0.001588889 -0.000064679 0.000055990 1.000000000 -0.002511664
1.000000000 0.000228815 0.000071113 -0.000610257 -0.000228812 1.000000000 -0.000043671 -0.000008004 -0.000071123 0.000043655 1.000000000 -0.005908990
1.000000000 0.000056988 0.000100256 -0.003503033 -0.000056988 1.000000000 -0.000000500 0.000788125 -0.000100256 0.000000495 1.000000000 -0.001616293
1.000000000 -0.000146489 -0.000173289 0.003697895 0.000146491 1.000000000 0.000009918 0.001388481 0.000173288 -0.000009943 1.000000000 -0.006016008
1.000000000 0.000160527 0.000088125 -0.003733253 -0.000160519 1.000000000 -0.000089429 0.001903167 -0.000088139 0.000089415 1.000000000 0.001720939
1.000000000 0.000097166 0.000088421 -0.002948619 -0.000097177 1.000000000 0.000123884 -0.000155479 -0.000088408 -0.000123893 1.000000000 0.000496167
1.000000000 -0.000125488 0.000072744 -0.004968048 0.000125491 1.000000000 -0.000028402 0.001240787 -0.000072740 0.000028411 1.000000000 -0.002254111
1.000000000 -0.000114769 -0.000037191 -0.001278146 0.000114770 1.000000000 0.000033171 0.000990313 0.000037187 -0.000033175 1.000000000 -0.003356688
1.000000000 0.000149583 0.000146312 -0.003731498 -0.000149579 1.000000000 -0.000029892 0.000241119 -0.000146317 0.000029870 1.000000000 0.000068055
1.000000000 -0.000021475 0.000147727 -0.004315782 0.000021480 1.000000000 -0.000034540 0.001125128 -0.000147727 0.000034543 1.000000000 0.000604922
1.000000000 -0.000070807 0.000014169 -0.002365006 0.000070807 1.000000000 0.000030066 0.000554453 -0.000014171 -0.000030065 1.000000000 -0.004251317
1.000000000 0.000041454 -0.000047813 -0.000375979 -0.000041456 1.000000000 -0.000051667 0.001473614 0.000047811 0.000051669 1.000000000 -0.004930476
1.000000000 -0.000068988 0.000003212 -0.000494165 0.000068988 1.000000000 0.000008584 0.000390038 -0.000003212 -0.000008584 1.000000000 -0.003218765
1.000000000 -0.000072850 -0.000033493 0.001013798 0.000072853 1.000000000 0.000099111 -0.001130866 0.000033486 -0.000099113 1.000000000 -0.009216893
1.000000000 -0.000195264 -0.000084619 0.000529021 0.000195267 1.000000000 0.000031995 -0.001845236 0.000084612 -0.000032011 1.000000000 -0.001218905
1.000000000 -0.000043553 -0.000012779 0.002661128 0.000043546 0.999999821 -0.000570326 -0.004844285 0.000012804 0.000570325 0.999999821 0.050623499
1.000000000 -0.000004173 0.000038214 0.001035491 0.000004222 0.999999166 -0.001296791 -0.002687260 -0.000038209 0.001296791 0.999999166 0.148761794
1.000000000 0.000015688 -0.000040291 0.005079602 -0.000015748 0.999998927 -0.001470206 -0.010449320 0.000040268 0.001470207 0.999998927 0.261372179
1.000000000 -0.000140943 0.000045503 0.003620103 0.000141004 0.999999046 -0.001360584 -0.017972354 -0.000045311 0.001360590 0.999999046 0.391485274
1.000000000 -0.000009599 -0.000092035 0.006386798 0.000009496 0.999999344 -0.001120564 -0.020094618 0.000092046 0.001120563 0.999999344 0.534390748
1.000000000 -0.000066752 -0.000098314 0.015850186 0.000066650 0.999999464 -0.001033700 -0.028070122 0.000098383 0.001033694 0.999999464 0.692990184
0.999999940 -0.000272566 0.000070291 0.018793611 0.000272616 0.999999702 -0.000717453 -0.030723805 -0.000070095 0.000717473 0.999999762 0.850928068
0.999999940 -0.000186493 -0.000340760 0.026585005 0.000186236 0.999999702 -0.000756817 -0.037079945 0.000340901 0.000756754 0.999999642 1.032773256
1.000000000 0.000031317 0.000099723 0.017289504 -0.000031254 0.999999821 -0.000631694 -0.043571476 -0.000099742 0.000631691 0.999999821 1.210679412
0.999999881 -0.000431816 -0.000195457 0.036308307 0.000431745 0.999999821 -0.000362975 -0.051233869 0.000195614 0.000362891 0.999999940 1.421799779
0.999999583 -0.000654361 -0.000654951 0.041783378 0.000654292 0.999999762 -0.000105236 -0.065073997 0.000655020 0.000104808 0.999999762 1.600552559
0.999999464 -0.000944302 -0.000405379 0.043885034 0.000944435 0.999999523 0.000328815 -0.068913542 0.000405068 -0.000329197 0.999999881 1.803490520
0.999995112 -0.002286967 0.002144551 -0.024213135 0.002286029 0.999997318 0.000439922 -0.061850645 -0.002145551 -0.000435017 0.999997616 1.920526147
0.999994814 -0.002513064 0.001995213 -0.012855885 0.002512628 0.999996841 0.000220723 -0.066969581 -0.001995762 -0.000215709 0.999997973 2.142571449
0.999995172 -0.002105438 0.002287261 -0.014688281 0.002105323 0.999997795 0.000052835 -0.066425547 -0.002287367 -0.000048019 0.999997377 2.335910559
0.999995768 -0.001865006 0.002233645 -0.006467466 0.001864858 0.999998271 0.000068338 -0.075517319 -0.002233769 -0.000064172 0.999997497 2.564486265
0.999995291 -0.001849059 0.002469012 -0.003553960 0.001848664 0.999998271 0.000162538 -0.081905939 -0.002469308 -0.000157972 0.999996960 2.793583870
0.999995530 -0.001772205 0.002429876 -0.002603242 0.001771539 0.999998450 0.000276424 -0.088529944 -0.002430361 -0.000272118 0.999996960 3.025948286
0.999993503 -0.002513544 0.002639446 -0.006402804 0.002512000 0.999996781 0.000587878 -0.097525142 -0.002640916 -0.000581243 0.999996364 3.205621004
0.999994159 -0.002187522 0.002644047 0.002410820 0.002185666 0.999997377 0.000704375 -0.105349168 -0.002645581 -0.000698592 0.999996305 3.449452639
0.999994338 -0.002249036 0.002470921 0.012055850 0.002247871 0.999997318 0.000473963 -0.108186483 -0.002471980 -0.000468406 0.999996901 3.710364103
0.999993503 -0.002471632 0.002603489 0.010488476 0.002469915 0.999996722 0.000662346 -0.113407873 -0.002605117 -0.000655911 0.999996305 3.960806847
0.999994159 -0.001910077 0.002803850 0.016281089 0.001906884 0.999997497 0.001140937 -0.124363296 -0.002806022 -0.001135584 0.999995351 4.200051785
0.999993443 -0.002389784 0.002694444 0.023825068 0.002386736 0.999996483 0.001133739 -0.131478980 -0.002697143 -0.001127301 0.999995708 4.477785110
0.999992549 -0.002660901 0.002811111 0.030072590 0.002658021 0.999995947 0.001027864 -0.141253546 -0.002813835 -0.001020384 0.999995470 4.736820698
0.999993324 -0.002350092 0.002805978 0.032695301 0.002346699 0.999996483 0.001211991 -0.150097147 -0.002808816 -0.001205398 0.999995351 4.930751801
0.999992907 -0.002702758 0.002640375 0.041536473 0.002698841 0.999995172 0.001485829 -0.161838576 -0.002644378 -0.001478693 0.999995470 5.196064949
0.999993205 -0.002280823 0.002914133 0.036814876 0.002276893 0.999996483 0.001350864 -0.172617227 -0.002917204 -0.001344219 0.999994874 5.459276199
0.999992728 -0.002494376 0.002859715 0.048584905 0.002489692 0.999995470 0.001640216 -0.185665950 -0.002863793 -0.001633084 0.999994636 5.728202343
0.999992788 -0.002527473 0.002843422 0.048255734 0.002523406 0.999995708 0.001433017 -0.190904140 -0.002847032 -0.001425832 0.999994874 5.961042404
0.999992251 -0.002697384 0.002864318 0.051933266 0.002692600 0.999994874 0.001672705 -0.200353161 -0.002868815 -0.001664980 0.999994457 6.236588955
0.999991059 -0.003119960 0.002869394 0.059392471 0.003115632 0.999993980 0.001511547 -0.206780106 -0.002874093 -0.001502594 0.999994755 6.523740292
0.999990642 -0.003222694 0.002909982 0.078709498 0.003217577 0.999993265 0.001761339 -0.216441467 -0.002915638 -0.001751959 0.999994218 6.818906307
0.999989808 -0.003663802 0.002645630 0.091163754 0.003658610 0.999991357 0.001964645 -0.229200974 -0.002652805 -0.001954945 0.999994636 7.113625526
0.999991536 -0.002752874 0.003030963 0.079825647 0.002746600 0.999994040 0.002072049 -0.244295120 -0.003036649 -0.002063706 0.999993265 7.372807980
0.999992371 -0.002659541 0.002823503 0.093586870 0.002652406 0.999993205 0.002527928 -0.261408657 -0.002830207 -0.002520419 0.999992847 7.689480305
0.999992073 -0.002548127 0.003025400 0.088492759 0.002541327 0.999994159 0.002249184 -0.262440979 -0.003031114 -0.002241477 0.999992907 8.000181198
0.999992013 -0.002901638 0.002707960 0.100750521 0.002896357 0.999993920 0.001952330 -0.267788827 -0.002713608 -0.001944472 0.999994457 8.352171898
0.999992132 -0.002292390 0.003235165 0.098317266 0.002285264 0.999994934 0.002204680 -0.268562555 -0.003240203 -0.002197269 0.999992371 8.698228836
0.999989390 -0.003058839 0.003450139 0.097016171 0.003049901 0.999992013 0.002592809 -0.302844405 -0.003458042 -0.002582259 0.999990702 8.952542305
0.999988496 -0.003366982 0.003416122 0.113458812 0.003359089 0.999991655 0.002313416 -0.306636065 -0.003423883 -0.002301915 0.999991477 9.292417526
0.999988079 -0.003356719 0.003566691 0.112917528 0.003348460 0.999991715 0.002319018 -0.310631156 -0.003574446 -0.002307047 0.999990940 9.638756752
0.999989331 -0.002506959 0.003899779 0.112537131 0.002497570 0.999993980 0.002410587 -0.328320950 -0.003905799 -0.002400821 0.999989510 10.000461578
0.999989271 -0.002936255 0.003582410 0.130513012 0.002926255 0.999991834 0.002793373 -0.336561054 -0.003590582 -0.002782860 0.999989748 10.358111382
0.999989867 -0.003112771 0.003225659 0.149553925 0.003102043 0.999989629 0.003325646 -0.362672269 -0.003235977 -0.003315605 0.999989271 10.634312630
0.999989927 -0.002361860 0.003809688 0.151907042 0.002348925 0.999991477 0.003396290 -0.377546519 -0.003817677 -0.003387307 0.999987006 11.018413544
0.999985754 -0.004002676 0.003539433 0.170842126 0.003990691 0.999986410 0.003386910 -0.380850792 -0.003552941 -0.003372737 0.999988019 11.394457817
0.999988973 -0.003247024 0.003396407 0.176963225 0.003234837 0.999988317 0.003587542 -0.397183478 -0.003408016 -0.003576516 0.999987781 11.757697105
0.999986947 -0.003665143 0.003551791 0.178841457 0.003652696 0.999987245 0.003504549 -0.406386703 -0.003564591 -0.003491529 0.999987543 12.132875443
0.999986470 -0.003610141 0.003743176 0.184146255 0.003596672 0.999987066 0.003598703 -0.424596429 -0.003756120 -0.003585191 0.999986470 12.469204903
0.999987066 -0.003562127 0.003637058 0.202503890 0.003546788 0.999984860 0.004215453 -0.444155186 -0.003652019 -0.004202499 0.999984503 12.867600441
0.999986291 -0.002906829 0.004360763 0.206749544 0.002887227 0.999985754 0.004494901 -0.450330853 -0.004373767 -0.004482249 0.999980390 13.270915031
0.999987781 -0.002045452 0.004499218 0.202434659 0.002025839 0.999988496 0.004359449 -0.458764315 -0.004508083 -0.004350281 0.999980450 13.686196327
0.999983847 -0.003498148 0.004484642 0.213622093 0.003477259 0.999983132 0.004657108 -0.498654068 -0.004500858 -0.004641438 0.999979019 14.018598557
0.999983191 -0.003558293 0.004589563 0.225436568 0.003536179 0.999982238 0.004817391 -0.509184122 -0.004606623 -0.004801080 0.999977887 14.448529243
0.999981761 -0.003331459 0.005039821 0.239656270 0.003306775 0.999982536 0.004898146 -0.517986059 -0.005056052 -0.004881390 0.999975204 14.869410515
0.999980807 -0.002318157 0.005764929 0.259230614 0.002286457 0.999982238 0.005499221 -0.536456406 -0.005777575 -0.005485932 0.999968290 15.331586838
0.999976575 -0.003638755 0.005795344 0.254677445 0.003604955 0.999976516 0.005832058 -0.568889201 -0.005816430 -0.005811030 0.999966145 15.697299957
0.999974728 -0.003888401 0.005944163 0.270912826 0.003858474 0.999979973 0.005037853 -0.569974065 -0.005963631 -0.005014791 0.999969602 16.147935867
0.999973893 -0.003179843 0.006483674 0.279307187 0.003146010 0.999981463 0.005221593 -0.579120636 -0.006500158 -0.005201058 0.999965310 16.630065918
0.999974787 -0.002831503 0.006505740 0.292409301 0.002797868 0.999982715 0.005173310 -0.594782948 -0.006520276 -0.005154977 0.999965429 17.065813065
0.999970376 -0.004326352 0.006362895 0.326991856 0.004292917 0.999976873 0.005259082 -0.603699327 -0.006385500 -0.005231610 0.999965906 17.505315781
0.999968946 -0.003854390 0.006871581 0.312808722 0.003814622 0.999975979 0.005790974 -0.625503063 -0.006893736 -0.005764581 0.999959648 17.913597107
0.999969244 -0.004244541 0.006587785 0.334093392 0.004210997 0.999978125 0.005097400 -0.632418513 -0.006609276 -0.005069502 0.999965310 18.384298325
0.999971390 -0.003839263 0.006515182 0.354819685 0.003803800 0.999977946 0.005446846 -0.640871227 -0.006535949 -0.005421907 0.999963999 18.866661072
0.999972820 -0.003255618 0.006612124 0.374133289 0.003213902 0.999974966 0.006309906 -0.673145533 -0.006632500 -0.006288484 0.999958217 19.335460663
0.999970615 -0.003464660 0.006841338 0.360973269 0.003421026 0.999973774 0.006379483 -0.685889721 -0.006863263 -0.006355891 0.999956250 19.742218018
0.999972701 -0.003149609 0.006686535 0.370919645 0.003108040 0.999975801 0.006218152 -0.698454678 -0.006705959 -0.006197199 0.999958336 20.243041992
0.999976218 -0.004430047 0.005300036 0.397692651 0.004402189 0.999976516 0.005256318 -0.705542743 -0.005323198 -0.005232860 0.999972105 20.772718430
0.999978244 -0.003926687 0.005304044 0.399574488 0.003894888 0.999974489 0.005992428 -0.722619057 -0.005327438 -0.005971640 0.999967992 21.144176483
0.999976695 -0.003502267 0.005879759 0.399567604 0.003464638 0.999973536 0.006397965 -0.736307561 -0.005902011 -0.006377443 0.999962270 21.675268173
0.999979496 -0.004139110 0.004902106 0.407835722 0.004106523 0.999969602 0.006639171 -0.755241454 -0.004929436 -0.006618904 0.999965966 22.200933456
0.999979973 -0.004236137 0.004714928 0.408409476 0.004208093 0.999973595 0.005942319 -0.766035318 -0.004739976 -0.005922358 0.999971211 22.723854065
0.999981046 -0.005304193 0.003155873 0.429981887 0.005285703 0.999969006 0.005838657 -0.778588533 -0.003186744 -0.005821865 0.999977946 23.109073639
0.999986827 -0.004442389 0.002581920 0.437721789 0.004425800 0.999969780 0.006395254 -0.791228533 -0.002610252 -0.006383741 0.999976158 23.620336533
0.999988317 -0.004489877 0.001774929 0.451857358 0.004478544 0.999969900 0.006338464 -0.804177701 -0.001803334 -0.006330440 0.999978364 24.128881454
0.999988794 -0.004633453 0.000897909 0.463442534 0.004627448 0.999967635 0.006578973 -0.819191933 -0.000928364 -0.006574745 0.999978006 24.645214081
0.999989867 -0.004421494 0.000748633 0.462098330 0.004416616 0.999969780 0.006396447 -0.828712881 -0.000776892 -0.006393077 0.999979198 25.168258667
0.999989569 -0.004474528 0.000792362 0.471118629 0.004468824 0.999965131 0.007059531 -0.841890097 -0.000823922 -0.007055918 0.999974728 25.712854385
0.999988794 -0.004729033 0.000298806 0.488965482 0.004726722 0.999962032 0.007310349 -0.856771648 -0.000333366 -0.007308855 0.999973238 26.190816879
0.999992967 -0.003744631 -0.000072936 0.501021206 0.003745056 0.999967396 0.007149346 -0.873068571 0.000046162 -0.007149571 0.999974489 26.741163254
0.999989629 -0.004531860 -0.000508923 0.512904644 0.004535229 0.999966383 0.006826285 -0.874667645 0.000477969 -0.006828522 0.999976516 27.288656235
0.999989033 -0.004613846 -0.000813761 0.522589922 0.004619909 0.999960303 0.007613400 -0.894777536 0.000778601 -0.007617075 0.999970675 27.739913940
0.999985456 -0.005231191 -0.001292001 0.538404107 0.005240378 0.999960303 0.007213336 -0.908729494 0.001254216 -0.007220003 0.999973178 28.272129059
0.999991179 -0.003934314 -0.001462863 0.537873805 0.003945319 0.999963343 0.007597033 -0.918658257 0.001432920 -0.007602739 0.999970078 28.793521881
0.999992430 -0.003493844 -0.001692120 0.545130610 0.003506435 0.999965727 0.007496114 -0.930382371 0.001665871 -0.007501990 0.999970496 29.347307205
0.999990225 -0.004054207 -0.001756602 0.550704777 0.004067881 0.999960899 0.007851752 -0.953334510 0.001724701 -0.007858818 0.999967635 29.843936920
0.999990582 -0.003681453 -0.002269264 0.565488458 0.003699147 0.999962389 0.007842950 -0.970024884 0.002240305 -0.007851268 0.999966681 30.383045197
0.999988019 -0.004309900 -0.002311588 0.584878683 0.004328364 0.999958336 0.008043024 -0.991317511 0.002276827 -0.008052933 0.999964952 30.918569565
0.999987543 -0.004316107 -0.002558751 0.590158105 0.004336508 0.999958336 0.008021446 -0.982272983 0.002524023 -0.008032442 0.999964535 31.396606445
0.999984384 -0.005065744 -0.002395054 0.587684155 0.005086565 0.999948621 0.008768245 -1.003648043 0.002350513 -0.008780289 0.999958694 31.937450409
0.999989212 -0.003970323 -0.002444158 0.600635171 0.003990044 0.999958992 0.008116938 -1.009398460 0.002411832 -0.008126603 0.999964058 32.486736298
0.999982059 -0.004985948 -0.003313594 0.604714811 0.005015911 0.999945998 0.009096395 -1.038062215 0.003268062 -0.009112854 0.999953091 32.999362946
0.999986708 -0.004241017 -0.002905033 0.613564432 0.004266949 0.999950588 0.008979367 -1.060354948 0.002866807 -0.008991645 0.999955416 33.420452118
0.999984145 -0.004291752 -0.003634388 0.632272840 0.004321998 0.999955773 0.008355357 -1.061101794 0.003598368 -0.008370932 0.999958456 33.960372925
0.999985218 -0.004122311 -0.003556678 0.637156963 0.004151287 0.999957979 0.008178479 -1.077751756 0.003522814 -0.008193121 0.999960244 34.504863739
0.999987423 -0.003300015 -0.003761454 0.652873278 0.003330532 0.999961436 0.008135890 -1.094575405 0.003734459 -0.008148315 0.999959767 35.101257324
0.999989927 -0.003156899 -0.003201180 0.631925762 0.003183550 0.999960065 0.008354485 -1.088410854 0.003174678 -0.008364592 0.999959946 35.532886505
0.999984860 -0.004434698 -0.003257706 0.630085826 0.004463114 0.999951601 0.008768037 -1.115229130 0.003218665 -0.008782445 0.999956250 36.032485962
0.999986231 -0.004210346 -0.003150414 0.637277722 0.004237856 0.999952495 0.008776776 -1.128601313 0.003113311 -0.008790006 0.999956548 36.573955536
0.999978006 -0.005395379 -0.003883072 0.646021068 0.005429387 0.999946594 0.008801247 -1.141849518 0.003835378 -0.008822137 0.999953687 37.119724274
0.999978244 -0.005157880 -0.004116526 0.642805874 0.005194505 0.999946594 0.008936718 -1.139806867 0.004070211 -0.008957907 0.999951541 37.604774475
0.999973238 -0.005544682 -0.004775259 0.689986408 0.005589274 0.999940455 0.009376190 -1.164874554 0.004722985 -0.009402630 0.999944687 38.217750549
0.999976814 -0.005494107 -0.004025195 0.686097205 0.005530547 0.999943376 0.009098420 -1.151431799 0.003974980 -0.009120470 0.999950469 38.780685425
0.999977767 -0.005092915 -0.004300922 0.696857631 0.005135187 0.999938071 0.009875554 -1.219801664 0.004250360 -0.009897423 0.999941945 39.163818359
0.999981880 -0.004224052 -0.004268832 0.699891150 0.004263489 0.999947965 0.009271772 -1.223673105 0.004229445 -0.009289806 0.999947906 39.690753937
0.999984443 -0.004062462 -0.003825719 0.713186741 0.004099982 0.999943078 0.009851012 -1.236824036 0.003785482 -0.009866545 0.999944150 40.236133575
0.999984741 -0.003567654 -0.004217957 0.727004945 0.003604589 0.999954939 0.008781547 -1.228886366 0.004186437 -0.008796616 0.999952495 40.802516937
0.999979615 -0.003812339 -0.005110537 0.752966225 0.003858014 0.999952495 0.008957354 -1.231064439 0.005076146 -0.008976888 0.999946833 41.373569489
0.999980628 -0.004445200 -0.004363605 0.729435980 0.004488506 0.999940217 0.009965247 -1.266653895 0.004319047 -0.009984638 0.999940813 41.756538391
0.999978960 -0.004672682 -0.004519791 0.740168452 0.004717212 0.999939919 0.009892051 -1.274755001 0.004473298 -0.009913164 0.999940813 42.288303375
0.999975562 -0.005067979 -0.004820409 0.754736722 0.005114105 0.999940753 0.009605268 -1.277934670 0.004771444 -0.009629685 0.999942243 42.840877533
0.999977708 -0.004815971 -0.004611757 0.763302505 0.004859906 0.999942482 0.009563354 -1.294077516 0.004565435 -0.009585554 0.999943614 43.340965271
0.999978781 -0.004598795 -0.004616300 0.761535883 0.004643033 0.999942958 0.009618619 -1.306243420 0.004571803 -0.009639849 0.999943078 43.854949951
0.999977350 -0.004700692 -0.004801648 0.778978348 0.004745472 0.999944985 0.009357457 -1.323893547 0.004757397 -0.009380030 0.999944627 44.422973633
0.999976993 -0.004687593 -0.004901967 0.798549175 0.004735339 0.999940932 0.009774112 -1.329360247 0.004855862 -0.009797101 0.999940217 44.903396606
0.999977648 -0.004497024 -0.004941445 0.807686269 0.004545550 0.999941051 0.009853172 -1.340559959 0.004896844 -0.009875414 0.999939263 45.441886902
0.999982357 -0.003986291 -0.004402058 0.790842414 0.004027662 0.999947429 0.009429606 -1.341598153 0.004364237 -0.009447171 0.999945819 45.971225739
0.999981046 -0.004275021 -0.004433820 0.800473213 0.004316409 0.999946833 0.009367588 -1.354776859 0.004393537 -0.009386549 0.999946237 46.532524109
0.999975741 -0.004995206 -0.004854380 0.830852747 0.005043615 0.999937177 0.010011811 -1.377223849 0.004804064 -0.010036054 0.999938071 46.961391449
0.999978721 -0.004202024 -0.004990792 0.844358623 0.004256169 0.999931693 0.010888285 -1.394090176 0.004944697 -0.010909295 0.999928236 47.506374359
0.999974191 -0.004785593 -0.005366903 0.859872699 0.004836362 0.999943316 0.009486891 -1.392886400 0.005321197 -0.009512604 0.999940574 48.056056976
0.999981284 -0.003935578 -0.004690244 0.849294007 0.003982002 0.999942780 0.009930084 -1.406980515 0.004650896 -0.009948574 0.999939680 48.522716522
0.999975383 -0.004485816 -0.005418943 0.871603847 0.004539337 0.999940634 0.009904885 -1.423787713 0.005374190 -0.009929238 0.999936283 49.052001953
0.999971509 -0.004981456 -0.005688541 0.905436039 0.005041219 0.999931693 0.010540323 -1.427885413 0.005635647 -0.010568699 0.999928296 49.543739319
0.999978900 -0.004096437 -0.005034817 0.895812929 0.004148214 0.999938130 0.010316667 -1.441548824 0.004992243 -0.010337335 0.999934018 50.046405792
0.999979198 -0.004014864 -0.005057212 0.909524918 0.004064658 0.999942958 0.009874701 -1.442956567 0.005017278 -0.009895052 0.999938428 50.590606689
0.999978244 -0.004229668 -0.005069485 0.901438773 0.004276917 0.999947131 0.009345840 -1.454301357 0.005029688 -0.009367318 0.999943376 51.147239685
0.999983668 -0.003251254 -0.004703042 0.919627190 0.003294448 0.999952197 0.009205904 -1.456322074 0.004672887 -0.009221246 0.999946475 51.674907684
0.999984443 -0.003299099 -0.004494940 0.897557318 0.003341919 0.999948859 0.009552144 -1.471213818 0.004463196 -0.009567015 0.999944210 52.195037842
0.999981940 -0.003769909 -0.004678289 0.927861571 0.003815357 0.999945223 0.009744170 -1.475911498 0.004641298 -0.009761844 0.999941587 52.658752441
0.999977589 -0.003960461 -0.005410549 0.941746712 0.004013662 0.999943376 0.009857488 -1.484476924 0.005371203 -0.009878982 0.999936759 53.199085236
0.999978185 -0.004038756 -0.005231212 0.944161773 0.004092013 0.999939501 0.010210449 -1.494848132 0.005189658 -0.010231635 0.999934196 53.726421356
0.999977171 -0.004169194 -0.005316760 0.977900743 0.004222365 0.999940753 0.010028874 -1.498226404 0.005274633 -0.010051094 0.999935567 54.260379791
0.999983191 -0.003512908 -0.004612216 0.977019787 0.003558384 0.999944687 0.009888949 -1.510504127 0.004577222 -0.009905193 0.999940395 54.697319031
0.999978840 -0.004355528 -0.004825437 0.988014698 0.004400384 0.999946833 0.009324156 -1.524910927 0.004784569 -0.009345194 0.999944806 55.266693115
0.999983668 -0.003590030 -0.004450421 1.005523682 0.003628117 0.999956548 0.008579738 -1.522102952 0.004419427 -0.008595746 0.999953330 55.795471191
0.999978662 -0.004137426 -0.005038866 1.010412931 0.004184548 0.999947190 0.009377277 -1.535837412 0.004999802 -0.009398164 0.999943316 56.255718231
0.999975204 -0.004735704 -0.005200722 1.024091840 0.004784208 0.999944746 0.009353911 -1.548226714 0.005156137 -0.009378560 0.999942720 56.796298981
0.999984443 -0.003860300 -0.004030136 1.025702119 0.003897148 0.999950290 0.009175603 -1.564610004 0.003994515 -0.009191166 0.999949753 57.332305908
0.999979198 -0.004064594 -0.005030823 1.028670907 0.004112282 0.999946296 0.009505094 -1.573065519 0.004991918 -0.009525582 0.999942183 57.836566925
0.999979973 -0.003974384 -0.004917411 1.038007975 0.004018427 0.999951541 0.008979307 -1.585636854 0.004881484 -0.008998887 0.999947548 58.387493134
0.999979436 -0.004040802 -0.004974651 1.057988882 0.004086784 0.999948740 0.009268071 -1.597779751 0.004936946 -0.009288210 0.999944746 58.920307159
0.999978960 -0.003893156 -0.005187732 1.072462678 0.003942705 0.999946415 0.009575526 -1.618458748 0.005150175 -0.009595779 0.999940693 59.452507019
0.999982655 -0.003518972 -0.004707548 1.071523428 0.003562365 0.999950945 0.009241511 -1.611423492 0.004674796 -0.009258119 0.999946237 59.898689270
0.999983251 -0.003490718 -0.004617219 1.077275991 0.003530314 0.999956787 0.008595674 -1.613878846 0.004587015 -0.008611829 0.999952376 60.434181213
0.999975383 -0.004455219 -0.005413150 1.091928720 0.004503758 0.999949455 0.008987900 -1.631511927 0.005372834 -0.009012057 0.999944985 60.971202850
0.999980867 -0.003740471 -0.004925044 1.097372413 0.003785801 0.999950290 0.009227077 -1.642094851 0.004890285 -0.009245544 0.999945223 61.460227966
0.999980688 -0.003788616 -0.004931301 1.101505518 0.003834542 0.999949098 0.009337394 -1.656498194 0.004895674 -0.009356122 0.999944210 61.999534607
0.999984026 -0.003154413 -0.004695370 1.109454036 0.003195685 0.999956131 0.008808440 -1.659848452 0.004667379 -0.008823304 0.999950111 62.555667877
0.999986947 -0.002932918 -0.004189703 1.105916142 0.002972939 0.999949634 0.009578194 -1.686391354 0.004161401 -0.009590523 0.999945283 63.058349609
0.999977648 -0.004234221 -0.005175313 1.152257919 0.004280278 0.999951065 0.008920938 -1.674164295 0.005137288 -0.008942890 0.999946833 63.495582581
0.999982774 -0.003524844 -0.004678466 1.156597018 0.003564758 0.999957144 0.008550909 -1.682576537 0.004648125 -0.008567438 0.999952495 64.044059753
0.999981821 -0.003261095 -0.005064026 1.186816812 0.003305336 0.999956250 0.008752745 -1.696148872 0.005035261 -0.008769324 0.999948919 64.586250305
0.999979556 -0.003667672 -0.005230404 1.181354642 0.003713867 0.999953985 0.008849802 -1.710329056 0.005197705 -0.008869048 0.999947131 65.007194519
0.999982059 -0.003611364 -0.004766975 1.196663022 0.003651921 0.999957085 0.008527059 -1.712867975 0.004735976 -0.008544317 0.999952257 65.535720825
0.999986470 -0.002764988 -0.004406779 1.193733335 0.002803153 0.999958456 0.008677761 -1.720002413 0.004382602 -0.008689997 0.999952614 66.058776855
0.999986351 -0.002863911 -0.004366823 1.219569683 0.002901614 0.999958336 0.008652251 -1.744135380 0.004341862 -0.008664804 0.999952972 66.560913086
0.999983370 -0.003607827 -0.004496943 1.229997516 0.003647031 0.999955118 0.008740425 -1.748654127 0.004465207 -0.008756680 0.999951661 67.090591431
0.999984205 -0.003014129 -0.004737765 1.251374722 0.003055365 0.999957263 0.008720736 -1.751793861 0.004711278 -0.008735074 0.999950767 67.544082642
0.999986053 -0.002597535 -0.004578587 1.274430394 0.002637139 0.999958873 0.008665117 -1.767179132 0.004555891 -0.008677070 0.999952018 68.059074402
0.999987662 -0.002610757 -0.004196561 1.272457004 0.002647253 0.999958515 0.008714908 -1.776061416 0.004173634 -0.008725911 0.999953210 68.608306885
0.999981940 -0.003282355 -0.005037663 1.276579380 0.003325937 0.999956846 0.008667394 -1.791397572 0.005008997 -0.008683991 0.999949753 69.112518311
0.999982655 -0.003157611 -0.004971627 1.289168000 0.003198746 0.999960542 0.008287804 -1.805085897 0.004945262 -0.008303562 0.999953330 69.648864746
0.999988377 -0.002077923 -0.004346946 1.285048246 0.002114007 0.999963164 0.008312841 -1.810709953 0.004329513 -0.008321933 0.999955952 70.210510254
0.999983966 -0.002975669 -0.004822942 1.304630399 0.003017015 0.999958575 0.008588570 -1.818143249 0.004797186 -0.008602980 0.999951422 70.659347534
0.999979794 -0.003913907 -0.005021140 1.316887140 0.003958640 0.999952257 0.008930131 -1.834761143 0.004985948 -0.008949825 0.999947488 71.215255737
0.999979138 -0.003848251 -0.005191580 1.336274624 0.003891258 0.999957979 0.008299494 -1.831399083 0.005159424 -0.008319520 0.999952078 71.725524902
0.999985337 -0.003036269 -0.004477464 1.319022417 0.003075878 0.999955952 0.008866116 -1.864592791 0.004450348 -0.008879758 0.999950647 72.199851990
0.999987364 -0.002663037 -0.004267930 1.333700657 0.002699300 0.999960065 0.008513426 -1.870438576 0.004245088 -0.008524841 0.999954641 72.740516663
0.999981940 -0.003590415 -0.004826098 1.359314322 0.003631648 0.999956727 0.008562216 -1.878258467 0.004795147 -0.008579588 0.999951720 73.304519653
0.999977291 -0.004386145 -0.005097273 1.377221704 0.004429461 0.999953866 0.008517818 -1.886190653 0.005059677 -0.008540202 0.999950707 73.829376221
0.999983907 -0.002955483 -0.004818898 1.404687643 0.002998860 0.999954820 0.009019333 -1.916177988 0.004792023 -0.009033640 0.999947727 74.320411682
0.999989271 -0.002260944 -0.004070957 1.357724190 0.002294460 0.999963462 0.008247224 -1.905584574 0.004052163 -0.008256477 0.999957681 74.734420776
0.999986172 -0.002669204 -0.004539297 1.370031357 0.002706572 0.999962270 0.008245932 -1.912770033 0.004517115 -0.008258104 0.999955714 75.284027100
0.999988973 -0.002137909 -0.004184557 1.374759674 0.002173575 0.999961197 0.008537319 -1.925128222 0.004166143 -0.008546317 0.999954760 75.724098206
0.999989629 -0.002559030 -0.003763770 1.383818030 0.002589375 0.999964058 0.008079704 -1.931708694 0.003742959 -0.008089364 0.999960244 76.282539368
0.999990344 -0.003080027 -0.003108121 1.395164132 0.003105223 0.999962032 0.008134260 -1.941865563 0.003082949 -0.008143834 0.999962091 76.794059753
0.999994338 -0.003034189 -0.001384010 1.396907806 0.003045283 0.999962568 0.008085431 -1.959254265 0.001359425 -0.008089600 0.999966383 77.343673706
0.999998152 -0.001907774 -0.000060659 1.383288383 0.001908214 0.999963164 0.008365021 -1.984669089 0.000044699 -0.008365121 0.999964952 77.916465759
0.999997199 -0.001957675 0.001302173 1.407904029 0.001946696 0.999962926 0.008379348 -1.973453999 -0.001318529 -0.008376789 0.999964058 78.353477478
0.999988556 -0.002814440 0.003882260 1.430143833 0.002783207 0.999963939 0.008027127 -1.985890746 -0.003904711 -0.008016230 0.999960303 78.904556274
0.999967158 -0.001725904 0.007917260 1.436029434 0.001657774 0.999961615 0.008603787 -2.015896320 -0.007931804 -0.008590380 0.999931693 79.446449280
0.999938369 -0.001572726 0.010990142 1.449584246 0.001482308 0.999964952 0.008230512 -2.005703449 -0.011002702 -0.008213713 0.999905705 79.927810669
0.999888480 -0.001754275 0.014829887 1.483464718 0.001635761 0.999966621 0.007999900 -2.026449203 -0.014843426 -0.007974748 0.999858022 80.464378357
0.999772847 -0.000907441 0.021292860 1.492095470 0.000746354 0.999971032 0.007572061 -2.013185024 -0.021299116 -0.007554448 0.999744534 80.973754883
0.999643385 -0.001766950 0.026645087 1.540873051 0.001575949 0.999972939 0.007187636 -2.012962580 -0.026657067 -0.007143080 0.999619126 81.516006470
0.999464214 -0.001525099 0.032694157 1.545147181 0.001267794 0.999968052 0.007889333 -2.046721935 -0.032705151 -0.007843657 0.999434233 82.007766724
0.999155939 -0.001275093 0.041055769 1.598782539 0.000961098 0.999970138 0.007666830 -2.055947304 -0.041064318 -0.007620901 0.999127448 82.552619934
0.998757422 -0.001239535 0.049819976 1.635760546 0.000852475 0.999969304 0.007789672 -2.071893215 -0.049828105 -0.007737523 0.998727798 83.056724548
0.998392463 -0.002049701 0.056640882 1.696936369 0.001626902 0.999970436 0.007509665 -2.073103666 -0.056654602 -0.007405442 0.998366416 83.604011536
0.997833908 -0.001669724 0.065762565 1.738679409 0.001213408 0.999974787 0.006978168 -2.085897684 -0.065772571 -0.006883254 0.997810960 84.159507751
0.997033775 0.000158879 0.076964624 1.771658897 -0.000737612 0.999971688 0.007491106 -2.076129198 -0.076961242 -0.007525656 0.997005701 84.537796021
0.996359825 -0.000623467 0.085245408 1.839150906 -0.000007714 0.999972582 0.007403746 -2.083315134 -0.085247673 -0.007377451 0.996332526 85.096374512
0.995665371 -0.001151648 0.093000747 1.901815891 0.000495269 0.999974906 0.007080556 -2.090470791 -0.093006551 -0.007003805 0.995640874 85.629806519
0.994638145 -0.000250506 0.103416167 2.001724243 -0.000546359 0.999970317 0.007677014 -2.129062891 -0.103415012 -0.007692354 0.994608521 86.058624268
0.993471801 -0.000780385 0.114075169 2.083206177 -0.000025968 0.999975026 0.007066952 -2.133296967 -0.114077844 -0.007023780 0.993447006 86.612487793
0.992411792 -0.001319733 0.122950725 2.173593521 0.000379694 0.999970496 0.007668769 -2.158161640 -0.122957207 -0.007563894 0.992383242 87.091827393
0.990948498 -0.001301617 0.134235889 2.267106056 0.000287998 0.999971271 0.007570159 -2.163512230 -0.134241894 -0.007462978 0.990920484 87.636100769
0.989227533 -0.000555681 0.146384552 2.358743668 -0.000591864 0.999969363 0.007795581 -2.176675558 -0.146384433 -0.007798243 0.989197016 88.189605713
0.987516284 -0.001448798 0.157510892 2.467903137 0.000338742 0.999974847 0.007074101 -2.184746027 -0.157517225 -0.006932435 0.987491846 88.738189697
0.985994935 -0.001003181 0.166771889 2.565135002 -0.000220510 0.999973178 0.007318838 -2.176008940 -0.166774750 -0.007253115 0.985968351 89.220001221
0.983902454 -0.001687030 0.178698108 2.691205025 0.000413755 0.999974251 0.007162314 -2.188388824 -0.178705603 -0.006973081 0.983877897 89.750137329
0.981489360 -0.001048612 0.191513285 2.813057899 -0.000297744 0.999975383 0.007001181 -2.199769020 -0.191515923 -0.006928606 0.981465042 90.297271729
0.979298294 -0.001086368 0.202419475 2.942613602 -0.000468911 0.999970734 0.007635329 -2.202273846 -0.202421889 -0.007572182 0.979269147 90.798667908
0.976224065 0.000661726 0.216762692 3.072504044 -0.002422116 0.999966204 0.007855708 -2.213625431 -0.216750190 -0.008193958 0.976192713 91.373695374
0.973431528 -0.002024389 0.228969097 3.261276245 0.000337772 0.999972463 0.007405086 -2.239501238 -0.228977785 -0.007131005 0.973405540 91.850807190
0.970564663 -0.001518787 0.240835994 3.408851624 -0.000418242 0.999967992 0.007991616 -2.257901192 -0.240840420 -0.007857108 0.970532894 92.388397217
0.967433751 -0.001618385 0.253119320 3.584024429 -0.000116345 0.999976635 0.006838287 -2.268764734 -0.253124475 -0.006645039 0.967410922 92.929229736
0.963818192 -0.002902477 0.266544819 3.742717743 0.001119069 0.999975920 0.006842484 -2.271626472 -0.266558200 -0.006296630 0.963798225 93.406455994
0.960318208 -0.003081614 0.278889567 3.925626755 0.001250725 0.999976456 0.006742625 -2.285313606 -0.278903723 -0.006126252 0.960299551 93.924102783
0.957035124 -0.004515926 0.289937258 4.095270157 0.002659979 0.999973357 0.006794958 -2.291951180 -0.289960325 -0.005731788 0.957021534 94.431411743
0.952578366 -0.003635470 0.304271787 4.278749466 0.001537565 0.999973357 0.007134151 -2.306845665 -0.304289669 -0.006328001 0.952558517 94.966453552
0.947687447 -0.002517060 0.319189787 4.462961197 0.000205408 0.999973476 0.007275703 -2.329363823 -0.319199681 -0.006829530 0.947662890 95.485740662
0.944191098 -0.004967904 0.329360604 4.654380798 0.002829377 0.999971688 0.006971964 -2.320888519 -0.329385966 -0.005650984 0.944178402 95.930915833
0.939677119 -0.004513531 0.342033029 4.870616913 0.002263870 0.999973059 0.006976236 -2.337947369 -0.342055380 -0.005781092 0.939661980 96.443351746
0.934453726 -0.004802531 0.356052041 5.076885223 0.002146586 0.999966741 0.007854150 -2.356723309 -0.356077969 -0.006575044 0.934433043 96.957427979
0.929832458 -0.006575471 0.367924094 5.267988205 0.003904546 0.999960363 0.008003378 -2.370115280 -0.367962152 -0.006005225 0.929821372 97.410583496
0.925178885 -0.006294188 0.379478902 5.498826981 0.003530447 0.999961913 0.007978450 -2.384033680 -0.379514694 -0.006041764 0.925165951 97.910507202
0.919318795 -0.008234441 0.393427402 5.715154648 0.005422505 0.999951184 0.008258268 -2.391193151 -0.393476218 -0.005458620 0.919318616 98.396118164
0.914059818 -0.010006704 0.405455768 5.972143173 0.007252030 0.999939024 0.008329648 -2.398024082 -0.405514419 -0.004673420 0.914076805 98.869514465
0.908816755 -0.009668714 0.417083293 6.208637238 0.006752558 0.999941289 0.008466680 -2.422600031 -0.417140752 -0.004878281 0.908828795 99.361083984
0.903132021 -0.008710626 0.429274589 6.417480469 0.005264473 0.999943674 0.009214665 -2.426390409 -0.429330677 -0.006062155 0.903127015 99.795227051
0.896510184 -0.008663977 0.442938358 6.683792114 0.005270157 0.999946594 0.008892353 -2.438251495 -0.442991674 -0.005637731 0.896507978 100.277565002
0.890687048 -0.009155197 0.454524785 6.939891815 0.005956498 0.999946356 0.008468914 -2.429582596 -0.454577982 -0.004835775 0.890693843 100.750579834
0.884893596 -0.009469989 0.465696722 7.203697205 0.006071905 0.999942899 0.008796402 -2.445913076 -0.465753496 -0.004956214 0.884900570 101.195114136
0.877591074 -0.009188931 0.479321867 7.490650177 0.005834136 0.999946952 0.008487945 -2.456409931 -0.479374439 -0.004652516 0.877598107 101.670928955
