1.000000000 0.000000000 0.000000000 0.000000000 0.000000000 1.000000000 0.000000000 0.000000000 0.000000000 0.000000000 1.000000000 0.000000000
1.000000000 -0.000022742 0.000031903 -0.000459259 0.000022740 1.000000000 0.000067045 -0.000415464 -0.000031904 -0.000067044 1.000000000 -0.000436079
1.000000000 -0.000059813 0.000067848 -0.000456258 0.000059813 1.000000000 -0.000005745 0.000178424 -0.000067847 0.000005749 1.000000000 -0.000287191
1.000000000 0.000013346 0.000026921 -0.000276327 -0.000013344 1.000000000 -0.000066839 -0.000041693 -0.000026922 0.000066839 1.000000000 -0.000727137
1.000000000 0.000085711 0.000083897 -0.001291459 -0.000085717 1.000000000 0.000061963 -0.000192826 -0.000083891 -0.000061970 1.000000000 0.000423252
1.000000000 0.000016611 -0.000009860 -0.000152539 -0.000016611 1.000000000 -0.000020080 -0.000270662 0.000009859 0.000020080 1.000000000 -0.000244791
1.000000000 0.000095277 0.000054494 0.000057456 -0.000095278 1.000000000 0.000015240 0.000047542 -0.000054493 -0.000015245 1.000000000 0.000857647
1.000000000 0.000104057 -0.000020961 -0.000349438 -0.000104059 1.000000000 -0.000067117 0.000205917 0.000020954 0.000067119 1.000000000 0.000078623
1.000000000 0.000110488 0.000049018 -0.000312539 -0.000110484 1.000000000 -0.000086485 0.000092081 -0.000049027 0.000086479 1.000000000 0.000250193
1.000000000 0.000169193 0.000035847 -0.000309279 -0.000169195 1.000000000 0.000056658 -0.000053014 -0.000035837 -0.000056664 1.000000000 0.000641232
1.000000000 0.000108471 0.000047251 0.000390296 -0.000108470 1.000000000 -0.000025530 0.000503633 -0.000047254 0.000025525 1.000000000 0.001886802
1.000000000 0.000034071 0.000044635 -0.000395309 -0.000034072 1.000000000 0.000027030 -0.000667502 -0.000044634 -0.000027032 1.000000000 -0.000094101
1.000000000 0.000164109 0.000042397 -0.000366483 -0.000164106 1.000000000 -0.000068632 0.000756241 -0.000042408 0.000068625 1.000000000 0.000862874
1.000000000 0.000186069 0.000096805 -0.001739533 -0.000186060 1.000000000 -0.000094512 0.000753391 -0.000096823 0.000094494 1.000000000 0.000152033
1.000000000 0.000083783 0.000074706 -0.000127272 -0.000083781 1.000000000 -0.000028831 0.000881957 -0.000074709 0.000028825 1.000000000 0.002304292
1.000000000 0.000183822 0.000091726 -0.000836318 -0.000183817 1.000000000 -0.000058368 0.000944307 -0.000091737 0.000058351 1.000000000 0.001332441
1.000000000 0.000223673 0.000087074 -0.001221741 -0.000223665 1.000000000 -0.000088999 0.001132980 -0.000087094 0.000088980 1.000000000 0.002421728
1.000000000 0.000196877 0.000142541 -0.001704217 -0.000196874 1.000000000 -0.000026341 0.001182104 -0.000142546 0.000026313 1.000000000 0.001669738
0.999999940 0.000227430 0.000188230 -0.001793575 -0.000227405 0.999999940 -0.000133939 0.001266327 -0.000188260 0.000133896 1.000000000 0.001107083
0.999999940 0.000276270 0.000182808 -0.002276217 -0.000276258 0.999999940 -0.000062672 0.000853269 -0.000182825 0.000062622 1.000000000 0.001529973
0.999999940 0.000249240 0.000109413 -0.001847790 -0.000249233 0.999999940 -0.000064714 0.001189934 -0.000109429 0.000064686 1.000000000 0.001502567
1.000000000 0.000201409 0.000123194 -0.001639446 -0.000201395 1.000000000 -0.000111354 0.000885824 -0.000123217 0.000111329 1.000000000 0.001526155
0.999999940 0.000267584 0.000164822 -0.002155017 -0.000267571 0.999999940 -0.000078237 0.001312663 -0.000164843 0.000078193 1.000000000 0.002194102
0.999999881 0.000392667 0.000158307 -0.002397653 -0.000392659 0.999999940 -0.000049504 0.001480638 -0.000158327 0.000049442 1.000000000 0.001785108
0.999999940 0.000264017 0.000131953 -0.000959607 -0.000264016 0.999999940 -0.000013097 0.000769382 -0.000131956 0.000013062 1.000000000 0.001636164
0.999999940 0.000245981 0.000210129 -0.002292740 -0.000245962 0.999999940 -0.000093879 0.002424038 -0.000210152 0.000093827 1.000000000 0.002483162
0.999999940 0.000321972 0.000209908 -0.002246895 -0.000321965 0.999999940 -0.000032859 0.001217415 -0.000209919 0.000032792 1.000000000 0.001737090
0.999999940 0.000306047 0.000102728 -0.002036647 -0.000306031 0.999999940 -0.000151039 0.002161979 -0.000102774 0.000151007 1.000000000 0.001160375
0.999999940 0.000392258 0.000141813 -0.001895501 -0.000392238 0.999999940 -0.000144897 0.002540946 -0.000141870 0.000144841 1.000000000 0.000712667
0.999999881 0.000371703 0.000229568 -0.001849083 -0.000371687 0.999999940 -0.000068901 0.000827529 -0.000229594 0.000068816 1.000000000 0.001416023
0.999999940 0.000315380 0.000265972 -0.002219368 -0.000315356 0.999999940 -0.000090800 0.001975071 -0.000266000 0.000090717 0.999999940 0.002695668
0.999999940 0.000256018 0.000150182 -0.001162902 -0.000256009 0.999999940 -0.000055357 0.001328752 -0.000150196 0.000055319 1.000000000 0.002606203
0.999999940 0.000222868 0.000155432 -0.001519921 -0.000222861 1.000000000 -0.000042796 0.000515432 -0.000155442 0.000042761 1.000000000 0.000798332
0.999999881 0.000414022 0.000262251 -0.002714826 -0.000414002 0.999999940 -0.000075915 0.001417152 -0.000262283 0.000075806 0.999999940 0.001743825
0.999999940 0.000357786 0.000172334 -0.001406070 -0.000357778 0.999999940 -0.000045469 0.000852009 -0.000172351 0.000045407 1.000000000 0.001446113
0.999999940 0.000306261 0.000147145 -0.001541121 -0.000306250 0.999999940 -0.000079658 0.001468197 -0.000147169 0.000079613 1.000000000 0.001473196
0.999999940 0.000375915 0.000158823 -0.002316639 -0.000375905 0.999999940 -0.000062298 0.001603413 -0.000158846 0.000062238 1.000000000 0.002006648
0.999999881 0.000392121 0.000209786 -0.002108380 -0.000392109 0.999999940 -0.000057724 0.001522575 -0.000209808 0.000057641 1.000000000 0.002132671
0.999999940 0.000286045 0.000116699 -0.000415724 -0.000286037 0.999999940 -0.000062874 0.001860127 -0.000116717 0.000062840 1.000000000 0.001829236
0.999999940 0.000202046 0.000137732 -0.000550925 -0.000202024 0.999999940 -0.000156263 0.001107216 -0.000137764 0.000156235 1.000000000 0.001723678
0.999999881 0.000376652 0.000238045 -0.001405043 -0.000376479 0.999999642 -0.000729798 -0.002458635 -0.000238320 0.000729708 0.999999702 0.048261024
0.999999821 0.000550403 0.000273629 -0.000061456 -0.000550032 0.999998927 -0.001355004 -0.003962582 -0.000274374 0.001354853 0.999999046 0.139026165
0.999999940 0.000243699 0.000228468 0.002070553 -0.000243365 0.999998927 -0.001463299 -0.007508307 -0.000228825 0.001463243 0.999998927 0.252924353
0.999999881 0.000356881 0.000291996 0.004506994 -0.000356495 0.999999046 -0.001322481 -0.011553519 -0.000292467 0.001322376 0.999999106 0.384714127
0.999999821 0.000403572 0.000370420 0.004971222 -0.000403112 0.999999166 -0.001239669 -0.014918653 -0.000370920 0.001239519 0.999999166 0.525880754
0.999999940 -0.000042784 0.000340718 0.011045107 0.000043106 0.999999523 -0.000947560 -0.019810339 -0.000340677 0.000947575 0.999999464 0.688244224
0.999999702 0.000496424 0.000540176 0.010815863 -0.000496011 0.999999583 -0.000764418 -0.025786579 -0.000540555 0.000764150 0.999999583 0.845952570
0.999999583 0.000566909 0.000695749 0.010147493 -0.000566272 0.999999404 -0.000915998 -0.028337801 -0.000696268 0.000915604 0.999999344 1.018466115
0.999999881 0.000251169 0.000440153 0.018851064 -0.000250751 0.999999523 -0.000949616 -0.030288326 -0.000440391 0.000949505 0.999999464 1.200672865
0.999999881 0.000306692 0.000354572 0.024723521 -0.000306548 0.999999881 -0.000406679 -0.038945649 -0.000354696 0.000406570 0.999999881 1.371266484
0.999999523 0.000639638 0.000714912 0.021666860 -0.000639661 0.999999821 0.000031659 -0.047518171 -0.000714892 -0.000032116 0.999999762 1.572482586
0.999999404 0.000701493 0.000850412 0.020838143 -0.000701679 0.999999702 0.000219346 -0.057200946 -0.000850258 -0.000219943 0.999999642 1.759795904
0.999998987 -0.001268117 -0.000611722 0.043750357 0.001268978 0.999998212 0.001408714 -0.080596320 0.000609935 -0.001409489 0.999998808 1.894542813
0.999998569 -0.001570354 -0.000589509 0.049176671 0.001571228 0.999997675 0.001484506 -0.087312058 0.000587176 -0.001485430 0.999998629 2.106794119
0.999997139 -0.002198978 -0.000821632 0.055497307 0.002200339 0.999996126 0.001659843 -0.092704885 0.000817978 -0.001661647 0.999998271 2.320551872
0.999997795 -0.001805641 -0.001047130 0.061266150 0.001807471 0.999996841 0.001749711 -0.099276610 0.001043967 -0.001751600 0.999997914 2.537570953
0.999997437 -0.002032422 -0.000985140 0.064819746 0.002034174 0.999996305 0.001780266 -0.105281316 0.000981518 -0.001782265 0.999997914 2.767327309
0.999997020 -0.002270696 -0.000924390 0.070321478 0.002272500 0.999995530 0.001954586 -0.109834924 0.000919948 -0.001956681 0.999997675 3.005001068
0.999998569 -0.001514624 -0.000750895 0.072398789 0.001516144 0.999996722 0.002028626 -0.120448962 0.000747821 -0.002029762 0.999997675 3.239111900
0.999998331 -0.001723158 -0.000587825 0.076872364 0.001724462 0.999995947 0.002225333 -0.127034411 0.000583988 -0.002226343 0.999997318 3.489169598
0.999998748 -0.001469843 -0.000615953 0.082633696 0.001471217 0.999996424 0.002236916 -0.134154037 0.000612663 -0.002237819 0.999997377 3.749474764
0.999998569 -0.001661442 -0.000326965 0.086038187 0.001662268 0.999995470 0.002543441 -0.142916843 0.000322737 -0.002543981 0.999996722 4.005574703
0.999997795 -0.001941243 -0.000822076 0.093298405 0.001943673 0.999993742 0.002965193 -0.154495507 0.000816315 -0.002966784 0.999995291 4.241748333
0.999998569 -0.001617814 -0.000657241 0.097161412 0.001619583 0.999995112 0.002699606 -0.160128504 0.000652870 -0.002700666 0.999996185 4.502192497
0.999997854 -0.002026180 -0.000556556 0.102130294 0.002027716 0.999994099 0.002772848 -0.166689083 0.000550935 -0.002773970 0.999996006 4.765645027
0.999997199 -0.002143702 -0.001021263 0.111650795 0.002146600 0.999993563 0.002844547 -0.170754358 0.001015158 -0.002846731 0.999995410 5.003720760
0.999997675 -0.002017463 -0.000785672 0.115206122 0.002019621 0.999994159 0.002757022 -0.177038968 0.000780104 -0.002758602 0.999995887 5.267645836
0.999997854 -0.001921233 -0.000813226 0.121329710 0.001923670 0.999993563 0.003006788 -0.189576223 0.000807443 -0.003008346 0.999995172 5.535318375
0.999998033 -0.001807727 -0.000840198 0.129193917 0.001810229 0.999993861 0.002986980 -0.193978056 0.000834794 -0.002988495 0.999995112 5.813706398
0.999996603 -0.002122997 -0.001461550 0.133505508 0.002127794 0.999992311 0.003288856 -0.206011072 0.001454556 -0.003291955 0.999993503 6.078269958
0.999997556 -0.001672214 -0.001440417 0.137704059 0.001677100 0.999992788 0.003397820 -0.212828442 0.001434725 -0.003400227 0.999993205 6.363185406
0.999997497 -0.001823916 -0.001307896 0.141272366 0.001828460 0.999992251 0.003481419 -0.223593682 0.001301537 -0.003483802 0.999993026 6.651229858
0.999997020 -0.002001308 -0.001362331 0.147207916 0.002005895 0.999992251 0.003373999 -0.232987359 0.001355569 -0.003376723 0.999993324 6.954970360
0.999998808 -0.001263305 -0.000860173 0.148793444 0.001265990 0.999994278 0.003127682 -0.233877644 0.000856217 -0.003128767 0.999994755 7.214724064
0.999998927 -0.001311907 -0.000637236 0.153890610 0.001313916 0.999994040 0.003162782 -0.244273439 0.000633083 -0.003163616 0.999994814 7.519738197
0.999999166 -0.001102778 -0.000642986 0.163727850 0.001104760 0.999994576 0.003091111 -0.249149054 0.000639573 -0.003091819 0.999995053 7.834740162
0.999998093 -0.001782491 -0.000701674 0.160357326 0.001784879 0.999992549 0.003418327 -0.262178719 0.000695576 -0.003419573 0.999993920 8.125812531
0.999997377 -0.002107577 -0.000810450 0.167510942 0.002110464 0.999991357 0.003577765 -0.271530062 0.000802903 -0.003579466 0.999993324 8.451646805
0.999998450 -0.001601498 -0.000659718 0.176080883 0.001603597 0.999993622 0.003192681 -0.273705333 0.000654601 -0.003193735 0.999994636 8.797719002
0.999999166 -0.001109492 -0.000518302 0.173316926 0.001111232 0.999993682 0.003369056 -0.288288325 0.000514561 -0.003369629 0.999994218 9.103632927
0.999999642 -0.000695284 -0.000434319 0.177899137 0.000696821 0.999993503 0.003548313 -0.300860912 0.000431849 -0.003548614 0.999993682 9.443045616
0.999999702 -0.000686283 -0.000159975 0.180973142 0.000686881 0.999992609 0.003770835 -0.307642877 0.000157386 -0.003770944 0.999992907 9.796094894
0.999999285 -0.001052745 -0.000554812 0.188290074 0.001054647 0.999993443 0.003438488 -0.317789465 0.000551188 -0.003439071 0.999993920 10.128603935
0.999999583 -0.000839134 -0.000416814 0.194472209 0.000840630 0.999993145 0.003603089 -0.327982724 0.000413788 -0.003603438 0.999993384 10.491309166
0.999999046 -0.001358115 -0.000482503 0.202178642 0.001359919 0.999992013 0.003756652 -0.335039347 0.000477397 -0.003757304 0.999992788 10.863417625
0.999998212 -0.001830076 -0.000519516 0.210137606 0.001831959 0.999991655 0.003646855 -0.344796240 0.000512839 -0.003647801 0.999993145 11.205149651
0.999998510 -0.001667266 -0.000515545 0.220048428 0.001669127 0.999991953 0.003630570 -0.352146477 0.000509488 -0.003631424 0.999993265 11.588726997
0.999998689 -0.001606032 -0.000403459 0.231422201 0.001607633 0.999990642 0.003999769 -0.365788370 0.000397032 -0.004000412 0.999991894 11.963848114
0.999998391 -0.001729144 -0.000301310 0.235596702 0.001730326 0.999990582 0.003966786 -0.375593185 0.000294448 -0.003967301 0.999992073 12.356039047
0.999998808 -0.001524499 -0.000234863 0.233846605 0.001525585 0.999987841 0.004694813 -0.393882781 0.000227702 -0.004695167 0.999988973 12.709621429
0.999998808 -0.001541594 -0.000256530 0.245159835 0.001542829 0.999986947 0.004886230 -0.406821787 0.000248994 -0.004886620 0.999988079 13.107705116
0.999999404 -0.001074585 0.000120528 0.248841956 0.001073997 0.999988019 0.004776597 -0.415502131 -0.000125659 -0.004776465 0.999988616 13.517799377
0.999999762 -0.000733291 0.000201642 0.248378113 0.000732285 0.999987483 0.004943076 -0.422536761 -0.000205264 -0.004942927 0.999987721 13.963886261
0.999999523 -0.000863166 0.000476732 0.256430030 0.000860979 0.999989212 0.004568584 -0.435589969 -0.000480670 -0.004568172 0.999989390 14.331119537
0.999999344 -0.001069792 0.000423612 0.265760839 0.001067890 0.999989450 0.004464979 -0.443663836 -0.000428384 -0.004464523 0.999989867 14.764497757
0.999999285 -0.000823299 0.000961650 0.275068253 0.000818708 0.999988317 0.004765015 -0.459439278 -0.000965562 -0.004764223 0.999988198 15.189256668
0.999998331 -0.001239785 0.001346631 0.280959994 0.001233197 0.999987304 0.004881779 -0.470359832 -0.001352666 -0.004880110 0.999987125 15.600565910
0.999998271 -0.001209230 0.001442240 0.292532116 0.001201980 0.999986708 0.005017255 -0.480012923 -0.001448288 -0.005015512 0.999986351 16.043933868
0.999998212 -0.000991361 0.001630544 0.303924710 0.000983190 0.999986947 0.005004409 -0.486998856 -0.001635483 -0.005002797 0.999986172 16.490686417
0.999997020 -0.000866612 0.002291043 0.295531839 0.000854819 0.999986410 0.005143399 -0.504366994 -0.002295470 -0.005141425 0.999984145 16.907508850
0.999996245 -0.001416253 0.002345670 0.308817714 0.001403612 0.999984503 0.005382072 -0.517459273 -0.002353255 -0.005378759 0.999982774 17.373916626
0.999996126 -0.000981008 0.002631501 0.315024197 0.000968201 0.999987602 0.004863598 -0.522149086 -0.002636240 -0.004861032 0.999984741 17.847909927
0.999994636 -0.001243523 0.003034492 0.327405930 0.001228225 0.999986529 0.005038229 -0.531914473 -0.003040717 -0.005034475 0.999982715 18.269405365
0.999995112 -0.001519616 0.002732955 0.342296362 0.001504879 0.999984324 0.005386497 -0.544809878 -0.002741098 -0.005382359 0.999981821 18.751779556
0.999994576 -0.000893075 0.003142885 0.347577572 0.000876976 0.999986529 0.005120012 -0.556914687 -0.003147415 -0.005117228 0.999981940 19.196418762
0.999994338 -0.000568763 0.003307027 0.354496658 0.000550619 0.999984860 0.005484784 -0.570496798 -0.003310096 -0.005482933 0.999979496 19.681528091
0.999993682 -0.001239750 0.003319764 0.369218409 0.001220536 0.999982595 0.005783602 -0.583041430 -0.003326876 -0.005779514 0.999977827 20.170635223
0.999994934 -0.001268990 0.002927483 0.367817849 0.001253670 0.999985516 0.005229228 -0.589636862 -0.002934075 -0.005225531 0.999982059 20.620056152
0.999995589 -0.001743320 0.002417154 0.379901558 0.001730670 0.999984801 0.005225800 -0.596457839 -0.002426228 -0.005221594 0.999983430 21.129436493
0.999997258 -0.000770447 0.002204197 0.383018136 0.000759236 0.999986768 0.005082505 -0.610127270 -0.002208083 -0.005080817 0.999984682 21.608982086
0.999997795 -0.001269840 0.001688950 0.394577026 0.001260952 0.999985337 0.005253187 -0.621180177 -0.001695596 -0.005251045 0.999984741 22.128684998
0.999998927 -0.000192070 0.001479108 0.393305123 0.000184459 0.999986708 0.005144297 -0.627122283 -0.001480078 -0.005144017 0.999985754 22.651802063
0.999999166 -0.000531464 0.001192856 0.394825339 0.000524888 0.999984682 0.005506161 -0.650122106 -0.001195765 -0.005505531 0.999984086 23.085639954
0.999997795 -0.002062045 0.000243185 0.408476144 0.002060750 0.999984324 0.005210167 -0.660774648 -0.000253925 -0.005209656 0.999986351 23.622726440
0.999998987 -0.001433468 0.000112316 0.417009920 0.001432846 0.999984682 0.005353211 -0.670794129 -0.000119988 -0.005353045 0.999985695 24.160429001
0.999999762 -0.000495869 -0.000355996 0.413998157 0.000497803 0.999985039 0.005452170 -0.679388404 0.000353287 -0.005452346 0.999985099 24.630014420
0.999998927 -0.000753888 -0.001244365 0.425377399 0.000761059 0.999983072 0.005771920 -0.690065444 0.001239992 -0.005772862 0.999982595 25.175609589
0.999999106 -0.000198243 -0.001265374 0.430501759 0.000205524 0.999983430 0.005757004 -0.701130986 0.001264212 -0.005757260 0.999982655 25.731321335
0.999998510 -0.000819402 -0.001484219 0.431648076 0.000828343 0.999981463 0.006033371 -0.717174172 0.001479248 -0.006034592 0.999980628 26.212543488
0.999997675 -0.000157078 -0.002139381 0.444027722 0.000169840 0.999982178 0.005966623 -0.731305897 0.002138406 -0.005966973 0.999979854 26.763586044
0.999995649 -0.000233541 -0.002921015 0.449369311 0.000250270 0.999983549 0.005727909 -0.741893411 0.002919629 -0.005728615 0.999979317 27.313682556
0.999997616 0.000043372 -0.002239308 0.448152900 -0.000029867 0.999981761 0.006030213 -0.756218791 0.002239529 -0.006030130 0.999979317 27.803554535
0.999997020 0.000183036 -0.002465265 0.457374662 -0.000168190 0.999981880 0.006020685 -0.768194795 0.002466323 -0.006020252 0.999978781 28.356790543
0.999997616 0.000656881 -0.002113341 0.456276685 -0.000644007 0.999981225 0.006086968 -0.783519506 0.002117300 -0.006085592 0.999979198 28.891571045
0.999995947 0.000089348 -0.002836523 0.450851828 -0.000071824 0.999980927 0.006177226 -0.792459369 0.002837021 -0.006176997 0.999976873 29.369235992
0.999995768 0.001029379 -0.002706529 0.462449640 -0.001012971 0.999981165 0.006056778 -0.809018731 0.002712712 -0.006054010 0.999978006 29.907226562
0.999994934 0.000859498 -0.003075473 0.469421804 -0.000840452 0.999980509 0.006188934 -0.819286048 0.003080732 -0.006186317 0.999976099 30.450746536
0.999995112 0.000391955 -0.003106260 0.470032662 -0.000371159 0.999977469 0.006692578 -0.833769143 0.003108814 -0.006691392 0.999972701 30.931800842
0.999994874 0.000370711 -0.003182912 0.477380604 -0.000348840 0.999976277 0.006869172 -0.849076390 0.003185384 -0.006868026 0.999971271 31.467605591
0.999993384 0.001068932 -0.003484581 0.491414070 -0.001043358 0.999972522 0.007332597 -0.863895297 0.003492324 -0.007328914 0.999966979 32.010723114
0.999992013 0.001207953 -0.003841600 0.512455821 -0.001179437 0.999971747 0.007416596 -0.880888402 0.003850450 -0.007412005 0.999965072 32.562511444
0.999994099 0.000131967 -0.003435902 0.477316320 -0.000108417 0.999976516 0.006853166 -0.880351901 0.003436726 -0.006852754 0.999970615 33.011615753
0.999993384 0.000876184 -0.003530823 0.483107746 -0.000852041 0.999976277 0.006833695 -0.892325521 0.003536727 -0.006830642 0.999970436 33.554569244
0.999993563 0.000777131 -0.003517980 0.484798431 -0.000752878 0.999975979 0.006889870 -0.906649292 0.003523250 -0.006887177 0.999970078 34.086456299
0.999995172 0.000441580 -0.003063674 0.490827501 -0.000420045 0.999975204 0.007026354 -0.913790107 0.003066701 -0.007025035 0.999970615 34.645606995
0.999992549 0.000183535 -0.003850352 0.481487483 -0.000155377 0.999973238 0.007312096 -0.929644465 0.003851591 -0.007311442 0.999965787 35.073261261
0.999993086 -0.000150936 -0.003728793 0.490765452 0.000177106 0.999975383 0.007018899 -0.938829482 0.003727643 -0.007019510 0.999968410 35.623344421
0.999991000 0.000380236 -0.004200489 0.500798464 -0.000352567 0.999978185 0.006585767 -0.944872499 0.004202902 -0.006584226 0.999969482 36.172973633
0.999991238 0.000144106 -0.004171263 0.511187851 -0.000114784 0.999975264 0.007028828 -0.962800920 0.004172173 -0.007028287 0.999966562 36.708003998
0.999992371 -0.000101322 -0.003911052 0.490064383 0.000130017 0.999973059 0.007337263 -0.973036647 0.003910203 -0.007337716 0.999965429 37.155685425
0.999992669 0.000313598 -0.003824441 0.497483850 -0.000287986 0.999977589 0.006695668 -0.977650285 0.003826455 -0.006694518 0.999970257 37.705924988
0.999993503 0.000092777 -0.003606697 0.503126919 -0.000067276 0.999974966 0.007070043 -0.992671311 0.003607263 -0.007069754 0.999968529 38.244449615
0.999991238 -0.000200635 -0.004205040 0.524154186 0.000230513 0.999974668 0.007105907 -1.001924872 0.004203509 -0.007106814 0.999965906 38.779666901
0.999991894 -0.000367635 -0.004014538 0.504705012 0.000396596 0.999973893 0.007215709 -1.011964917 0.004011780 -0.007217243 0.999965906 39.213920593
0.999990523 -0.000862762 -0.004260813 0.516953766 0.000893303 0.999973953 0.007171175 -1.021475434 0.004254515 -0.007174914 0.999965191 39.765899658
0.999991059 -0.000498597 -0.004192966 0.523966074 0.000527561 0.999975979 0.006909579 -1.028570175 0.004189420 -0.006911729 0.999967337 40.329166412
0.999991775 -0.000383655 -0.004039539 0.539551854 0.000411753 0.999975741 0.006957056 -1.039581537 0.004036772 -0.006958663 0.999967635 40.872486115
0.999992430 -0.000578380 -0.003845022 0.564120173 0.000606968 0.999972224 0.007438118 -1.077540636 0.003840612 -0.007440395 0.999964952 41.390945435
0.999993324 0.000222718 -0.003645901 0.507845521 -0.000196290 0.999973714 0.007247814 -1.062639594 0.003647419 -0.007247049 0.999967098 41.788875580
0.999994040 0.000854193 -0.003344135 0.516047597 -0.000830895 0.999975502 0.006962166 -1.075192928 0.003349999 -0.006959347 0.999970198 42.337081909
0.999993742 0.000560181 -0.003496732 0.533384502 -0.000535885 0.999975801 0.006945547 -1.085413098 0.003500538 -0.006943629 0.999969840 42.880531311
0.999992132 0.000289657 -0.003951033 0.557486117 -0.000261319 0.999974251 0.007171134 -1.101764560 0.003953008 -0.007170045 0.999966443 43.414535522
0.999996006 -0.000139708 -0.002829331 0.506995320 0.000160394 0.999973238 0.007312360 -1.110307217 0.002828234 -0.007312784 0.999969244 43.841091156
0.999997914 0.000753803 -0.001908100 0.512509048 -0.000739542 0.999971807 0.007464288 -1.121931076 0.001913673 -0.007462861 0.999970317 44.382003784
0.999997556 0.000961654 -0.002009190 0.525030494 -0.000947656 0.999975383 0.006956556 -1.125662804 0.002015830 -0.006954635 0.999973834 44.931369781
0.999996662 0.000839315 -0.002448369 0.544468164 -0.000820905 0.999971509 0.007511277 -1.147439480 0.002454604 -0.007509242 0.999968827 45.427780151
0.999997377 0.000191076 -0.002263932 0.498410523 -0.000174389 0.999972820 0.007368784 -1.144899249 0.002265279 -0.007368369 0.999970317 45.874618530
0.999997497 -0.000310544 -0.002222534 0.508144259 0.000325743 0.999976456 0.006841833 -1.151902676 0.002220357 -0.006842540 0.999974191 46.420825958
0.999997437 0.000494970 -0.002219073 0.521070778 -0.000479203 0.999974668 0.007101004 -1.165128112 0.002222532 -0.007099923 0.999972343 46.954166412
0.999996603 -0.000080628 -0.002642422 0.545707524 0.000100381 0.999972045 0.007476235 -1.179677844 0.002641745 -0.007476474 0.999968588 47.492450714
0.999998868 0.000411863 -0.001423883 0.493488729 -0.000401883 0.999975383 0.007002521 -1.170639992 0.001426732 -0.007001941 0.999974489 47.902145386
0.999998927 0.000174255 -0.001441939 0.500214338 -0.000163874 0.999974072 0.007196488 -1.178614616 0.001443156 -0.007196244 0.999973118 48.455242157
0.999999285 0.000670395 -0.000993842 0.504737854 -0.000663573 0.999976277 0.006848084 -1.192451715 0.000998409 -0.006847419 0.999976099 48.976566315
0.999999285 0.000411232 -0.001143310 0.522518158 -0.000403081 0.999974549 0.007120606 -1.203810692 0.001146209 -0.007120139 0.999974072 49.539844513
0.999999404 0.000369112 -0.001044187 0.488446027 -0.000362119 0.999977529 0.006688721 -1.198944926 0.001046632 -0.006688339 0.999977112 49.914314270
0.999999762 0.000339837 -0.000555662 0.497681290 -0.000336113 0.999977529 0.006691582 -1.211646318 0.000557923 -0.006691393 0.999977469 50.460365295
0.999999821 0.000336739 -0.000536407 0.507490754 -0.000333144 0.999977589 0.006688437 -1.222672105 0.000538648 -0.006688258 0.999977469 51.007553101
0.999999583 0.000852321 -0.000241151 0.506475568 -0.000850750 0.999978900 0.006435656 -1.220373988 0.000246631 -0.006435448 0.999979258 51.595218658
0.999999583 0.000904199 0.000105912 0.471083075 -0.000904818 0.999981523 0.006010782 -1.233440280 -0.000100475 -0.006010874 0.999981940 51.971920013
0.999998808 0.001298423 0.000802665 0.475463331 -0.001303407 0.999979734 0.006238959 -1.246700764 -0.000794547 -0.006239999 0.999980211 52.519115448
0.999997675 0.001643294 0.001352732 0.481299400 -0.001651266 0.999981225 0.005912997 -1.256314039 -0.001342990 -0.005915218 0.999981642 53.067966461
0.999998927 0.000987415 0.001050432 0.500871062 -0.000993569 0.999982297 0.005873095 -1.253535271 -0.001044615 -0.005874132 0.999982178 53.632965088
0.999996960 0.001843198 0.001676964 0.497753024 -0.001854291 0.999976218 0.006638668 -1.293251395 -0.001664687 -0.006641756 0.999976575 54.314666748
0.999994814 0.002506490 0.002029858 0.515951037 -0.002519787 0.999975264 0.006574782 -1.314446688 -0.002013328 -0.006579862 0.999976397 54.782791138
0.999995351 0.002026111 0.002256731 0.469416916 -0.002038846 0.999981940 0.005655119 -1.299905658 -0.002245232 -0.005659695 0.999981463 54.983058929
0.999995887 0.001805086 0.002226458 0.475591123 -0.001816751 0.999984622 0.005248590 -1.308611989 -0.002216949 -0.005252613 0.999983728 55.536773682
0.999995589 0.002041448 0.002164204 0.490486592 -0.002052365 0.999985158 0.005054261 -1.314142823 -0.002153853 -0.005058681 0.999984920 56.092048645
0.999995887 0.001414920 0.002519330 0.496483564 -0.001427186 0.999987125 0.004873836 -1.330172539 -0.002512401 -0.004877412 0.999984920 56.600986481
0.999993026 0.001901939 0.003231949 0.490542442 -0.001919576 0.999983251 0.005463075 -1.351098180 -0.003221504 -0.005469241 0.999979854 57.117725372
0.999992609 0.001880935 0.003357645 0.481209576 -0.001900292 0.999981523 0.005771250 -1.362923265 -0.003346728 -0.005777587 0.999977648 57.474987030
0.999991298 0.002484067 0.003361864 0.491622329 -0.002503441 0.999980271 0.005770967 -1.371554613 -0.003347462 -0.005779333 0.999977648 58.036834717
0.999990702 0.002761740 0.003316720 0.504602671 -0.002779915 0.999981046 0.005487780 -1.383570433 -0.003301502 -0.005496949 0.999979436 58.576042175
0.999991059 0.002879261 0.003102273 0.526764512 -0.002895907 0.999981284 0.005374508 -1.394689560 -0.003086741 -0.005383442 0.999980748 59.133056641
0.999988735 0.002420363 0.004062637 0.499022692 -0.002444507 0.999979317 0.005948704 -1.403658390 -0.004048155 -0.005958569 0.999974072 59.454483032
0.999986410 0.002847341 0.004369699 0.509988427 -0.002871952 0.999980032 0.005636268 -1.412836552 -0.004353564 -0.005648741 0.999974549 60.001609802
0.999986053 0.002929515 0.004387135 0.524300456 -0.002955106 0.999978602 0.005837854 -1.425016642 -0.004369939 -0.005850737 0.999973357 60.551330566
0.999987304 0.002583129 0.004319969 0.531193733 -0.002605281 0.999983430 0.005129781 -1.439619184 -0.004306646 -0.005140971 0.999977529 61.070549011
0.999981105 0.002946736 0.005377991 0.517379642 -0.002976070 0.999980628 0.005454547 -1.454525709 -0.005361814 -0.005470451 0.999970675 61.603603363
0.999977589 0.003707668 0.005577678 0.496424079 -0.003739929 0.999976277 0.005784907 -1.467347383 -0.005556098 -0.005805638 0.999967635 61.949550629
0.999976993 0.003675381 0.005704209 0.514200330 -0.003708421 0.999976337 0.005792408 -1.478899360 -0.005682785 -0.005813428 0.999966919 62.494430542
0.999975920 0.003976978 0.005683384 0.529164791 -0.004008034 0.999977052 0.005463515 -1.488923311 -0.005661525 -0.005486162 0.999968827 63.035629272
0.999977767 0.003942456 0.005384353 0.559285045 -0.003970590 0.999978423 0.005224364 -1.496948719 -0.005363639 -0.005245626 0.999971747 63.573764801
0.999976993 0.003418203 0.005856735 0.562063158 -0.003450754 0.999978602 0.005556946 -1.518975496 -0.005837615 -0.005577028 0.999967396 64.116447449
0.999970734 0.003831642 0.006614912 0.515688360 -0.003866904 0.999978364 0.005326628 -1.509426117 -0.006594359 -0.005352052 0.999963880 64.495185852
0.999967813 0.004553033 0.006608616 0.526172876 -0.004588433 0.999975145 0.005351542 -1.525543571 -0.006584086 -0.005381693 0.999963820 65.030685425
0.999968469 0.004506820 0.006546437 0.538516581 -0.004538139 0.999978244 0.004776984 -1.535874248 -0.006524766 -0.004806541 0.999967158 65.577667236
0.999962866 0.004700237 0.007220354 0.528058767 -0.004738850 0.999974608 0.005339722 -1.545980811 -0.007195073 -0.005373741 0.999959648 65.983551025
0.999959886 0.005122913 0.007348842 0.544205844 -0.005160469 0.999973655 0.005100699 -1.559102416 -0.007322519 -0.005138419 0.999959946 66.531219482
0.999956369 0.005744144 0.007373570 0.565676391 -0.005781368 0.999970555 0.005036757 -1.578580856 -0.007344422 -0.005079167 0.999960124 67.015876770
0.999956489 0.005752135 0.007350541 0.580688596 -0.005794459 0.999966681 0.005749563 -1.597822189 -0.007317225 -0.005791905 0.999956429 67.534095764
0.999950528 0.005573150 0.008241525 0.543842614 -0.005616355 0.999970555 0.005228790 -1.594817519 -0.008212141 -0.005274818 0.999952376 67.954475403
0.999952793 0.005192264 0.008215317 0.561570942 -0.005238828 0.999970257 0.005656546 -1.612600565 -0.008185701 -0.005699317 0.999950290 68.501419067
0.999946594 0.006020615 0.008403781 0.575731218 -0.006065769 0.999967217 0.005357911 -1.622867584 -0.008371246 -0.005408600 0.999950349 69.052223206
0.999945283 0.006098126 0.008489472 0.570869148 -0.006142797 0.999967337 0.005245709 -1.634554505 -0.008457204 -0.005297571 0.999950230 69.487358093
0.999940693 0.006754451 0.008539800 0.581218600 -0.006797177 0.999964476 0.004984032 -1.644054413 -0.008505831 -0.005041784 0.999951124 70.039337158
0.999938130 0.006938247 0.008693144 0.596275568 -0.006980264 0.999964058 0.004812303 -1.661290169 -0.008659441 -0.004872686 0.999950647 70.590736389
0.999933720 0.007092421 0.009063561 0.599079370 -0.007139747 0.999960959 0.005199819 -1.671025753 -0.009026327 -0.005264186 0.999945402 71.031433105
0.999935448 0.006896135 0.009024180 0.614931643 -0.006942399 0.999962866 0.005105377 -1.682682991 -0.008988637 -0.005167698 0.999946237 71.593994141
0.999940872 0.006288286 0.008869857 0.640746951 -0.006331158 0.999968410 0.004813470 -1.692398548 -0.008839308 -0.004869342 0.999949038 72.120750427
0.999935448 0.006951282 0.008983650 0.635138988 -0.006997287 0.999962449 0.005099482 -1.702248096 -0.008947865 -0.005162014 0.999946654 72.586318970
0.999935687 0.006596063 0.009220821 0.654154778 -0.006644824 0.999964058 0.005267362 -1.715185165 -0.009185745 -0.005328294 0.999943674 73.135406494
0.999933302 0.006789725 0.009341175 0.658758759 -0.006833787 0.999965608 0.004692905 -1.720733047 -0.009308991 -0.004756428 0.999945343 73.697242737
0.999930739 0.007245163 0.009268867 0.660372853 -0.007294133 0.999959588 0.005260448 -1.741459012 -0.009230378 -0.005327693 0.999943197 74.102676392
0.999923944 0.007778661 0.009568289 0.678566217 -0.007830030 0.999955177 0.005342916 -1.758468747 -0.009526298 -0.005417430 0.999939919 74.648681641
0.999927223 0.007267831 0.009625676 0.692693174 -0.007319577 0.999958932 0.005351337 -1.764626503 -0.009586387 -0.005421403 0.999939263 75.187843323
0.999920309 0.007848178 0.009889643 0.690169156 -0.007898068 0.999956250 0.005015779 -1.773704052 -0.009849846 -0.005093488 0.999938428 75.662933350
0.999923229 0.007319950 0.009996824 0.711021423 -0.007369111 0.999960899 0.004889893 -1.783421636 -0.009960639 -0.004963185 0.999938071 76.213714600
0.999910533 0.007387178 0.011156173 0.728180587 -0.007442978 0.999959886 0.004968449 -1.799252033 -0.011119025 -0.005051040 0.999925375 76.755058289
0.999893248 0.008010774 0.012221955 0.733096600 -0.008070684 0.999955595 0.004860308 -1.810718536 -0.012182478 -0.004958429 0.999913514 77.233947754
0.999873638 0.008112534 0.013670430 0.751929760 -0.008179176 0.999954879 0.004826139 -1.818619251 -0.013630660 -0.004937342 0.999894977 77.793716431
0.999853313 0.008354198 0.014950974 0.769384861 -0.008430882 0.999951601 0.005073423 -1.838990927 -0.014907865 -0.005198729 0.999875367 78.314201355
0.999796152 0.008722696 0.018209346 0.781746864 -0.008810475 0.999949932 0.004745901 -1.842535973 -0.018167036 -0.004905367 0.999822915 78.791618347
0.999711275 0.009014103 0.022274232 0.804350436 -0.009123576 0.999946833 0.004817966 -1.853194237 -0.022229614 -0.005019796 0.999740303 79.341239929
0.999647558 0.008823007 0.025035810 0.839274049 -0.008945587 0.999948561 0.004788293 -1.874264836 -0.024992276 -0.005010566 0.999675095 79.865676880
0.999523878 0.009210315 0.029446378 0.877203822 -0.009343337 0.999946833 0.004382997 -1.866901040 -0.029404439 -0.004656039 0.999556720 80.307647705
0.999321342 0.008769523 0.035775989 0.876550198 -0.008933033 0.999950349 0.004413090 -1.877433419 -0.035735514 -0.004729683 0.999350071 80.845703125
0.999090016 0.008361423 0.041822836 0.913872480 -0.008529842 0.999956191 0.003850158 -1.885738254 -0.041788809 -0.004203397 0.999117494 81.393341064
0.998813331 0.008504342 0.047955178 0.953673840 -0.008724353 0.999952316 0.004380410 -1.898092985 -0.047915637 -0.004793589 0.998839855 81.943923950
0.998396099 0.008448263 0.055980522 0.983359814 -0.008705020 0.999952674 0.004344283 -1.908580542 -0.055941172 -0.004824627 0.998422384 82.430847168
0.997875035 0.008779332 0.064563751 1.036541462 -0.009041364 0.999951959 0.003767448 -1.921100974 -0.064527571 -0.004343187 0.997906506 82.976348877
0.997384787 0.008757541 0.071740925 1.082956791 -0.009079465 0.999950111 0.004162416 -1.939500928 -0.071700908 -0.004802900 0.997414529 83.523452759
0.996686637 0.008476741 0.080893926 1.135509014 -0.008798661 0.999954700 0.003623926 -1.937457681 -0.080859520 -0.004323677 0.996716142 84.017333984
0.995846570 0.008027233 0.090693310 1.212620735 -0.008384476 0.999958515 0.003558729 -1.954989433 -0.090660967 -0.004304363 0.995872557 84.539314270
0.995099008 0.007457399 0.098602206 1.308450699 -0.007818894 0.999963999 0.003280269 -1.964375496 -0.098574191 -0.004035152 0.995121539 85.066345215
0.994253099 0.008062861 0.106750950 1.346827507 -0.008465356 0.999958575 0.003317792 -1.977757692 -0.106719770 -0.004202410 0.994280279 85.611846924
0.993104577 0.008471439 0.116925493 1.433638573 -0.008909333 0.999955118 0.003222890 -1.987406731 -0.116892949 -0.004242396 0.993135452 86.154243469
0.991887808 0.008141652 0.126855835 1.535496712 -0.008616995 0.999957681 0.003198773 -2.000297308 -0.126824439 -0.004265940 0.991916060 86.674240112
0.990708888 0.007136676 0.135812029 1.640219688 -0.007573648 0.999967635 0.002701034 -2.006489277 -0.135788366 -0.003704531 0.990730941 87.175003052
0.988991797 0.006769199 0.147815600 1.708457947 -0.007254399 0.999969900 0.002743591 -2.014670134 -0.147792593 -0.003785702 0.989011109 87.712120056
0.987016022 0.006525544 0.160489097 1.815137863 -0.007023172 0.999972165 0.002533643 -2.029818296 -0.160468102 -0.003627889 0.987034321 88.245750427
0.985271156 0.005811719 0.170900494 1.935648918 -0.006284678 0.999977827 0.002226582 -2.042699337 -0.170883745 -0.003267842 0.985285759 88.781166077
0.983294249 0.006695395 0.181899607 2.037155151 -0.007288016 0.999970078 0.002589722 -2.054361582 -0.181876868 -0.003872147 0.983313680 89.320816040
0.980912089 0.006174884 0.194353640 2.165380478 -0.006838855 0.999972761 0.002745507 -2.064644814 -0.194331378 -0.004022257 0.980927706 89.768989563
0.978351176 0.005910731 0.206866905 2.257936478 -0.006509456 0.999976277 0.002213705 -2.067962408 -0.206848919 -0.003512372 0.978366613 90.289138794
0.976105571 0.005625730 0.217223972 2.392713547 -0.006202864 0.999978721 0.001975097 -2.081365824 -0.217208251 -0.003275313 0.976119757 90.824340820
0.973050773 0.006180284 0.230508417 2.537055969 -0.006902715 0.999973416 0.002327772 -2.097990036 -0.230487913 -0.003856174 0.973067522 91.350410461
0.969869375 0.005354783 0.243566662 2.691148758 -0.006072019 0.999979079 0.002194037 -2.108828068 -0.243549868 -0.003606872 0.969881713 91.880821228
0.966995120 0.004322679 0.254758149 2.815221786 -0.004844292 0.999987245 0.001420105 -2.105661154 -0.254748762 -0.002607358 0.967003763 92.352958679
0.963971674 0.004337781 0.265969485 2.981004715 -0.004844513 0.999987483 0.001249189 -2.119060755 -0.265960723 -0.002492675 0.963980615 92.872962952
0.960222363 0.005629086 0.279179841 3.148353577 -0.006404283 0.999977767 0.001864658 -2.133465290 -0.279163182 -0.003578433 0.960237026 93.387954712
0.956569850 0.004109615 0.291474074 3.338344574 -0.004855026 0.999986529 0.001834171 -2.164186478 -0.291462511 -0.003169627 0.956577003 93.841682434
0.952733815 0.004613249 0.303771257 3.457612991 -0.005383682 0.999984086 0.001698776 -2.153980255 -0.303758591 -0.003253889 0.952743471 94.344169617
0.948280215 0.003960511 0.317409754 3.658752441 -0.004688581 0.999987841 0.001529966 -2.170232534 -0.317399830 -0.002939038 0.948287308 94.849510193
0.943501830 0.003774776 0.331345797 3.865125656 -0.004339695 0.999990165 0.000965068 -2.174616098 -0.331338882 -0.002348483 0.943508923 95.378570557
0.939520776 0.004401366 0.342463642 4.078277588 -0.005203936 0.999985456 0.001424688 -2.205862999 -0.342452407 -0.003120683 0.939530015 95.881935120
0.934327662 0.004337515 0.356388837 4.249073029 -0.005172296 0.999985635 0.001389401 -2.199643612 -0.356377691 -0.003141505 0.934336722 96.368408203
0.928759515 0.004249231 0.370658338 4.471361160 -0.005123453 0.999985933 0.001374002 -2.213046074 -0.370647281 -0.003175169 0.928768218 96.870445251
0.923813701 0.003854210 0.382822931 4.708534241 -0.004631808 0.999988616 0.001109551 -2.222583055 -0.382814318 -0.002798181 0.923821092 97.393218994
0.919036150 0.003497106 0.394157529 4.945261002 -0.004439295 0.999989033 0.001478612 -2.239357233 -0.394148052 -0.003108680 0.919041753 97.864738464
0.912695765 0.003665189 0.408623099 5.111022949 -0.004680047 0.999987900 0.001483797 -2.241858721 -0.408612818 -0.003266631 0.912701905 98.260627747
0.906768918 0.002997180 0.421617270 5.365989685 -0.003929303 0.999991357 0.001342011 -2.252564430 -0.421609640 -0.002873556 0.906772792 98.750885010
0.901594162 0.001948121 0.432578444 5.612350464 -0.002647572 0.999996006 0.001014663 -2.267149925 -0.432574838 -0.002060097 0.901595592 99.217765808
0.895499051 0.002515550 0.445056289 5.845310211 -0.003327484 0.999993920 0.001043069 -2.275706053 -0.445050985 -0.002414986 0.895501912 99.686981201
0.888782799 0.002609852 0.458321303 6.116649628 -0.003529948 0.999993086 0.001150987 -2.293564081 -0.458315134 -0.002640828 0.888785839 100.163925171
0.882656872 0.002125957 0.470013201 6.400806427 -0.002854652 0.999995589 0.000837701 -2.305124521 -0.470009416 -0.002081126 0.882658899 100.652999878
0.876432300 0.002220431 0.481519967 6.629001617 -0.003001143 0.999995053 0.000851217 -2.312556028 -0.481515676 -0.002191144 0.876434743 101.073883057
0.868773520 0.002251570 0.495204419 6.919330597 -0.002974366 0.999995351 0.000671422 -2.329914093 -0.495200574 -0.002056233 0.868776202 101.530662537
0.861262977 0.001969621 0.508155644 7.202083588 -0.002574762 0.999996483 0.000487908 -2.340069771 -0.508152962 -0.001728596 0.861265123 101.979949951
