1.000000000 0.000000000 0.000000000 0.000000000 0.000000000 1.000000000 0.000000000 0.000000000 0.000000000 0.000000000 1.000000000 0.000000000
1.000000000 -0.000024836 0.000120842 -0.001407022 0.000024827 1.000000000 0.000075692 0.000332881 -0.000120844 -0.000075689 1.000000000 0.001902096
1.000000000 0.000163184 0.000140092 -0.001825838 -0.000163191 1.000000000 0.000050106 0.001238291 -0.000140084 -0.000050129 1.000000000 0.002658941
1.000000000 0.000126557 -0.000014417 -0.000174368 -0.000126555 1.000000000 0.000152163 -0.000429585 0.000014437 -0.000152161 1.000000000 0.000354670
0.999999940 0.000211103 0.000143425 -0.001434524 -0.000211119 1.000000000 0.000113754 -0.000341182 -0.000143401 -0.000113785 1.000000000 0.001100417
1.000000000 -0.000082034 -0.000005599 -0.000759870 0.000082035 1.000000000 0.000112063 -0.000311677 0.000005590 -0.000112063 1.000000000 0.000195244
1.000000000 -0.000171733 0.000100334 -0.001569435 0.000171743 1.000000000 -0.000103889 0.001188498 -0.000100317 0.000103906 1.000000000 0.002903313
0.999999940 -0.000244411 0.000225517 -0.001861829 0.000244403 0.999999940 0.000035977 0.000957850 -0.000225526 -0.000035922 1.000000000 0.004103465
1.000000000 -0.000008276 0.000171371 -0.001382866 0.000008282 1.000000000 -0.000037614 0.001652163 -0.000171371 0.000037615 1.000000000 0.003232817
1.000000000 -0.000109772 0.000128809 -0.000441553 0.000109764 1.000000000 0.000063254 -0.000004489 -0.000128816 -0.000063239 1.000000000 0.001695908
0.999999940 -0.000126981 0.000221389 -0.001286702 0.000126982 1.000000000 -0.000007202 0.001327306 -0.000221388 0.000007231 1.000000000 0.003343239
1.000000000 0.000017846 0.000119340 -0.001189464 -0.000017866 1.000000000 0.000170243 -0.000226360 -0.000119337 -0.000170245 1.000000000 0.002944295
1.000000000 0.000052226 0.000224479 -0.002059010 -0.000052240 1.000000000 0.000062807 0.000898299 -0.000224476 -0.000062819 1.000000000 0.004239791
0.999999940 -0.000309734 0.000162355 -0.001595659 0.000309712 0.999999940 0.000134125 0.001229355 -0.000162397 -0.000134075 1.000000000 0.003522168
1.000000000 -0.000059036 0.000168513 -0.001298806 0.000059007 1.000000000 0.000172941 -0.000660125 -0.000168523 -0.000172931 1.000000000 0.000223764
1.000000000 0.000032332 0.000140153 -0.001672895 -0.000032345 1.000000000 0.000093501 0.000408252 -0.000140150 -0.000093505 1.000000000 0.002041386
1.000000000 -0.000067871 0.000135598 -0.000380612 0.000067850 1.000000000 0.000153236 -0.000838951 -0.000135608 -0.000153227 1.000000000 -0.001184093
0.999999940 0.000207108 0.000310032 -0.001860057 -0.000207174 0.999999940 0.000213724 -0.001028334 -0.000309988 -0.000213789 0.999999940 0.000785568
0.999999940 0.000132431 0.000292957 -0.003121013 -0.000132470 1.000000000 0.000131857 -0.000197117 -0.000292940 -0.000131896 0.999999940 0.002907729
1.000000000 0.000182394 0.000117114 -0.001576300 -0.000182399 1.000000000 0.000047283 0.000864581 -0.000117106 -0.000047304 1.000000000 0.002814127
0.999999881 0.000277396 0.000319268 -0.003275681 -0.000277442 0.999999940 0.000144571 0.000773526 -0.000319228 -0.000144660 0.999999940 0.005723581
0.999999940 0.000246654 0.000230679 -0.003265704 -0.000246665 0.999999940 0.000049835 0.000937300 -0.000230667 -0.000049892 1.000000000 0.004679466
1.000000000 -0.000121971 0.000180786 -0.002037776 0.000121955 1.000000000 0.000090586 0.001496731 -0.000180797 -0.000090563 1.000000000 0.004235751
0.999999940 0.000064880 0.000291546 -0.002554893 -0.000064917 1.000000000 0.000129609 0.000474379 -0.000291537 -0.000129628 0.999999940 0.004305633
0.999999940 0.000128479 0.000238892 -0.001263317 -0.000128528 1.000000000 0.000207554 -0.001075845 -0.000238865 -0.000207585 0.999999940 -0.000588061
1.000000000 -0.000015835 0.000127467 0.000018176 0.000015814 1.000000000 0.000163586 -0.000351979 -0.000127469 -0.000163584 1.000000000 0.001513655
0.999999940 -0.000034196 0.000242058 -0.001259105 0.000034188 1.000000000 0.000031022 -0.000273902 -0.000242059 -0.000031014 1.000000000 0.000225340
0.999999940 0.000014658 0.000263392 -0.001923201 -0.000014649 1.000000000 -0.000033658 0.000724739 -0.000263393 0.000033654 0.999999940 0.002828220
0.999999940 0.000180727 0.000215831 -0.003334229 -0.000180724 1.000000000 -0.000013661 0.002308124 -0.000215833 0.000013622 1.000000000 0.007262010
1.000000000 -0.000013331 0.000197741 -0.002912509 0.000013317 1.000000000 0.000068915 0.002208483 -0.000197742 -0.000068912 1.000000000 0.006824046
1.000000000 -0.000102577 0.000182094 -0.001892250 0.000102568 1.000000000 0.000049743 0.000760580 -0.000182099 -0.000049724 1.000000000 0.003752493
0.999999940 -0.000039319 0.000256066 -0.002357644 0.000039277 1.000000000 0.000164382 0.000291792 -0.000256072 -0.000164372 0.999999940 0.003402863
0.999999940 0.000022374 0.000259639 -0.002426368 -0.000022375 1.000000000 0.000001656 0.001398183 -0.000259639 -0.000001662 0.999999940 0.002091326
0.999999940 0.000020275 0.000402106 -0.002774370 -0.000020278 1.000000000 0.000007711 0.001566125 -0.000402106 -0.000007720 0.999999940 0.004486032
1.000000000 0.000047504 0.000226390 -0.001765567 -0.000047541 1.000000000 0.000161922 0.000173906 -0.000226382 -0.000161933 0.999999940 0.003862021
0.999999940 0.000205010 0.000231551 -0.002287346 -0.000205013 1.000000000 0.000011343 0.002150158 -0.000231548 -0.000011391 1.000000000 0.003944005
0.999999940 0.000121403 0.000260665 -0.002809399 -0.000121407 1.000000000 0.000013449 0.002971527 -0.000260663 -0.000013481 0.999999940 0.004907862
0.999999940 0.000003971 0.000303327 -0.003353297 -0.000004007 1.000000000 0.000117981 0.001568968 -0.000303326 -0.000117982 0.999999940 0.006446571
0.999999940 0.000089479 0.000251342 -0.002616651 -0.000089543 0.999999940 0.000255789 0.000055912 -0.000251319 -0.000255811 0.999999940 0.004340700
1.000000000 -0.000139626 0.000197757 -0.000638235 0.000139598 1.000000000 0.000141957 0.000063924 -0.000197776 -0.000141930 1.000000000 0.001814111
0.999999940 -0.000255190 0.000325990 -0.001847825 0.000255227 0.999999940 -0.000113517 0.002570361 -0.000325961 0.000113600 0.999999940 0.004314530
0.999999940 -0.000380818 0.000176304 0.001716473 0.000380929 0.999999702 -0.000629780 -0.001079183 -0.000176064 0.000629847 0.999999762 0.052231848
0.999999940 0.000320239 0.000272656 -0.000282325 -0.000319999 0.999999583 -0.000879193 -0.007579508 -0.000272937 0.000879105 0.999999583 0.132940471
0.999999940 0.000233185 0.000128105 0.001962547 -0.000232990 0.999998808 -0.001525687 -0.004799696 -0.000128461 0.001525657 0.999998808 0.254198492
0.999999940 0.000320256 0.000009276 0.005966326 -0.000320246 0.999999344 -0.001121355 -0.011784047 -0.000009636 0.001121352 0.999999344 0.385768741
0.999999881 0.000420192 0.000180071 0.007231460 -0.000420028 0.999999523 -0.000907333 -0.018200787 -0.000180452 0.000907258 0.999999583 0.521929145
0.999999940 0.000287063 0.000001514 0.013079529 -0.000287062 0.999999762 -0.000636326 -0.027057951 -0.000001697 0.000636325 0.999999821 0.669702649
0.999999940 0.000110701 0.000333826 0.016469963 -0.000110481 0.999999762 -0.000659058 -0.027278913 -0.000333898 0.000659021 0.999999702 0.837565899
1.000000000 0.000086973 0.000192397 0.018817808 -0.000086872 0.999999881 -0.000521996 -0.030380622 -0.000192443 0.000521979 0.999999821 1.010096788
1.000000000 0.000175367 0.000102073 0.022095727 -0.000175321 0.999999881 -0.000453924 -0.034706935 -0.000102153 0.000453906 0.999999881 1.187208056
0.999999821 0.000358455 0.000484979 0.018273609 -0.000358327 0.999999881 -0.000265442 -0.039935533 -0.000485074 0.000265268 0.999999821 1.370006323
0.999999821 0.000485402 0.000387520 0.033017091 -0.000485363 0.999999881 -0.000100927 -0.051329572 -0.000387569 0.000100738 0.999999940 1.561408997
0.999999762 0.000603173 0.000335426 0.036224604 -0.000603195 0.999999821 0.000066845 -0.052523684 -0.000335386 -0.000067047 0.999999940 1.753681183
0.999998927 0.001339610 -0.000577320 0.047560148 -0.001340094 0.999998748 -0.000839353 -0.057142567 0.000576195 0.000840126 0.999999464 1.922821641
0.999998689 0.001615147 -0.000178202 0.045599431 -0.001615341 0.999998093 -0.001092415 -0.062102519 0.000176437 0.001092702 0.999999344 2.135258198
0.999998391 0.001716379 -0.000575153 0.053933017 -0.001717210 0.999997497 -0.001446980 -0.064512782 0.000572668 0.001447965 0.999998748 2.356766939
0.999998271 0.001852725 -0.000283262 0.056405347 -0.001852940 0.999997973 -0.000758622 -0.074406765 0.000281856 0.000759146 0.999999642 2.575988293
0.999998331 0.001786352 -0.000488644 0.064817928 -0.001786590 0.999998271 -0.000487327 -0.086247928 0.000487772 0.000488199 0.999999762 2.798972607
0.999999046 0.001326811 -0.000468998 0.068293661 -0.001326996 0.999999046 -0.000394235 -0.090394191 0.000468474 0.000394857 0.999999821 3.034209490
0.999998868 0.001332969 -0.000677421 0.078742661 -0.001333390 0.999998927 -0.000620583 -0.098822512 0.000676594 0.000621485 0.999999583 3.277966022
0.999999046 0.001312060 -0.000353451 0.075184084 -0.001312236 0.999998987 -0.000500351 -0.102598488 0.000352795 0.000500815 0.999999821 3.520197630
0.999998987 0.001310173 -0.000476268 0.082147978 -0.001310559 0.999998808 -0.000811198 -0.106204793 0.000475204 0.000811821 0.999999583 3.775414944
0.999999106 0.001368607 -0.000222681 0.083090313 -0.001368769 0.999998808 -0.000726871 -0.114218965 0.000221686 0.000727175 0.999999762 4.038679123
0.999998391 0.001646042 -0.000672350 0.093050808 -0.001646167 0.999998629 -0.000185493 -0.123972744 0.000672044 0.000186599 0.999999762 4.286866665
0.999998450 0.001488559 -0.000843570 0.102500886 -0.001488693 0.999998808 -0.000157932 -0.129537463 0.000843334 0.000159187 0.999999642 4.550567150
0.999998808 0.001230138 -0.000893383 0.109812066 -0.001230169 0.999999166 -0.000033671 -0.138801292 0.000893341 0.000034770 0.999999583 4.804405212
0.999998391 0.001665918 -0.000607308 0.109269813 -0.001665923 0.999998629 -0.000007061 -0.147700951 0.000607295 0.000008072 0.999999821 5.063909054
0.999998450 0.001708830 -0.000627861 0.114965655 -0.001709267 0.999998212 -0.000694110 -0.152848214 0.000626674 0.000695182 0.999999583 5.315407276
0.999998569 0.001547019 -0.000754051 0.120753638 -0.001547484 0.999998569 -0.000615786 -0.158540085 0.000753098 0.000616952 0.999999583 5.586555004
0.999998331 0.001607537 -0.000779130 0.127143919 -0.001607897 0.999998569 -0.000460887 -0.168002978 0.000778388 0.000462139 0.999999642 5.855323792
0.999998391 0.001479030 -0.000977964 0.137615830 -0.001479386 0.999998868 -0.000363945 -0.179240093 0.000977425 0.000365391 0.999999464 6.130315781
0.999998689 0.001529611 -0.000453988 0.126161993 -0.001529980 0.999998450 -0.000814168 -0.177642554 0.000452742 0.000814861 0.999999583 6.421123505
0.999998868 0.001370939 -0.000535910 0.126968607 -0.001371332 0.999998748 -0.000733939 -0.186592042 0.000534903 0.000734673 0.999999583 6.721979141
0.999998927 0.001501011 0.000035110 0.133864313 -0.001501002 0.999998808 -0.000268397 -0.201206058 -0.000035512 0.000268344 1.000000000 7.013910770
0.999998927 0.001402236 -0.000494612 0.145890459 -0.001402554 0.999998808 -0.000643544 -0.204277426 0.000493709 0.000644237 0.999999702 7.311384201
0.999998987 0.001394219 0.000194974 0.142071620 -0.001393946 0.999998033 -0.001393487 -0.199318543 -0.000196916 0.001393214 0.999999046 7.615485668
0.999997795 0.002074743 -0.000171500 0.158354312 -0.002074881 0.999997497 -0.000806553 -0.220932275 0.000169826 0.000806907 0.999999642 7.951426506
0.999998987 0.001432171 0.000132621 0.154483616 -0.001432120 0.999998927 -0.000385596 -0.241556570 -0.000133173 0.000385406 0.999999940 8.227070808
0.999998868 0.001416091 0.000358401 0.162114322 -0.001415974 0.999998927 -0.000324098 -0.253327221 -0.000358859 0.000323590 0.999999940 8.549249649
0.999999523 0.000989992 0.000345063 0.168581158 -0.000990027 0.999999523 0.000099716 -0.263763696 -0.000344964 -0.000100058 1.000000000 8.891059875
0.999999106 0.001319720 0.000163084 0.178010046 -0.001319705 0.999999166 -0.000096117 -0.276212782 -0.000163211 0.000095902 1.000000000 9.217700005
0.999999106 0.001320474 -0.000157052 0.182839021 -0.001320480 0.999999106 -0.000035537 -0.285079837 0.000157005 0.000035745 1.000000000 9.565608025
0.999999821 0.000650282 -0.000222690 0.194134563 -0.000650340 0.999999762 -0.000258204 -0.293539166 0.000222522 0.000258348 0.999999940 9.916049957
0.999999046 0.001360051 0.000180143 0.192904785 -0.001360059 0.999998987 0.000039889 -0.307050705 -0.000180089 -0.000040134 1.000000000 10.276313782
0.999999166 0.001243590 0.000072266 0.202669322 -0.001243609 0.999999166 0.000266816 -0.320952296 -0.000071934 -0.000266906 0.999999940 10.622368813
0.999999046 0.001354904 0.000298523 0.206646144 -0.001354937 0.999999106 0.000109178 -0.328121603 -0.000298375 -0.000109582 0.999999940 10.993391037
0.999999106 0.001257476 0.000219107 0.217263401 -0.001257506 0.999999166 0.000136087 -0.339559346 -0.000218936 -0.000136363 0.999999940 11.365841866
0.999999702 0.000715595 0.000168940 0.230831310 -0.000715654 0.999999702 0.000353934 -0.351981759 -0.000168687 -0.000354054 0.999999940 11.740511894
0.999999821 0.000573186 0.000092230 0.235372022 -0.000573234 0.999999642 0.000512760 -0.365005463 -0.000091936 -0.000512812 0.999999881 12.129956245
0.999999762 0.000680337 0.000149107 0.244851634 -0.000680360 0.999999762 0.000159695 -0.373224556 -0.000148998 -0.000159796 1.000000000 12.525121689
0.999999642 0.000694040 0.000455021 0.248993546 -0.000694244 0.999999702 0.000449206 -0.386460215 -0.000454709 -0.000449522 0.999999821 12.920453072
0.999999523 0.000975938 0.000097586 0.256552875 -0.000975974 0.999999464 0.000371611 -0.396986812 -0.000097224 -0.000371706 0.999999940 13.333003044
0.999999940 0.000340674 0.000257595 0.275824338 -0.000340879 0.999999583 0.000796902 -0.413792431 -0.000257323 -0.000796990 0.999999642 13.724680901
0.999999285 0.000951237 0.000634242 0.270204812 -0.000951470 0.999999404 0.000367816 -0.415199667 -0.000633891 -0.000368419 0.999999702 14.171940804
0.999999702 0.000581898 0.000470996 0.283149242 -0.000582105 0.999999762 0.000439493 -0.430289477 -0.000470740 -0.000439767 0.999999821 14.592885017
0.999999285 0.000623051 0.000953990 0.289305389 -0.000623744 0.999999523 0.000726870 -0.442547232 -0.000953536 -0.000727464 0.999999285 15.017495155
0.999999166 0.000703711 0.001040958 0.302503854 -0.000704405 0.999999464 0.000666466 -0.454491645 -0.001040489 -0.000667199 0.999999225 15.455326080
0.999998331 0.000818424 0.001616605 0.308028698 -0.000819270 0.999999464 0.000522691 -0.466743499 -0.001616176 -0.000524015 0.999998510 15.893197060
0.999997854 0.000849530 0.001844829 0.319375426 -0.000850596 0.999999464 0.000577258 -0.478456408 -0.001844338 -0.000578826 0.999998152 16.333703995
0.999996424 0.001310666 0.002337817 0.324859411 -0.001311688 0.999999046 0.000435428 -0.490795642 -0.002337245 -0.000438493 0.999997199 16.780820847
0.999996185 0.001031289 0.002533984 0.335795552 -0.001032444 0.999999344 0.000454442 -0.500267088 -0.002533513 -0.000457056 0.999996603 17.240663528
0.999993265 0.001389748 0.003382706 0.341679007 -0.001391486 0.999998868 0.000511319 -0.513493717 -0.003381992 -0.000516023 0.999994099 17.704179764
0.999992192 0.000880828 0.003852996 0.350799710 -0.000882647 0.999999523 0.000470491 -0.523873210 -0.003852579 -0.000473888 0.999992430 18.172805786
0.999993682 0.001139612 0.003363863 0.366479129 -0.001141516 0.999999166 0.000564292 -0.539915621 -0.003363217 -0.000568128 0.999994159 18.619205475
0.999994040 0.001293541 0.003198066 0.382634223 -0.001295229 0.999998987 0.000525772 -0.553085744 -0.003197384 -0.000529911 0.999994755 19.087417603
0.999993205 0.001217150 0.003454105 0.394089520 -0.001218059 0.999999225 0.000260981 -0.561253488 -0.003453785 -0.000265186 0.999993920 19.566961288
0.999993920 0.001426926 0.003161508 0.406883210 -0.001427232 0.999998987 0.000094463 -0.574473262 -0.003161370 -0.000098975 0.999994993 20.056020737
0.999993861 0.000918558 0.003387890 0.417417049 -0.000920474 0.999999464 0.000563917 -0.591802299 -0.003387370 -0.000567032 0.999994040 20.534885406
0.999995172 0.001280018 0.002823883 0.432157636 -0.001280588 0.999999166 0.000199978 -0.598330200 -0.002823624 -0.000203593 0.999995947 21.043741226
0.999996245 0.001296699 0.002414431 0.437541366 -0.001296839 0.999999166 0.000056453 -0.607475638 -0.002414356 -0.000059584 0.999997079 21.561204910
0.999996126 0.001467351 0.002364748 0.439361781 -0.001469775 0.999998391 0.001023558 -0.632367909 -0.002363242 -0.001027030 0.999996662 22.051784515
0.999997735 0.001555846 0.001461409 0.459861964 -0.001556621 0.999998569 0.000529257 -0.642504275 -0.001460584 -0.000531531 0.999998808 22.569982529
0.999998093 0.001636967 0.001080574 0.467462331 -0.001637508 0.999998510 0.000500180 -0.657893419 -0.001079754 -0.000501948 0.999999285 23.084041595
0.999998212 0.001731284 0.000735028 0.473488897 -0.001731456 0.999998391 0.000234478 -0.671576083 -0.000734620 -0.000235750 0.999999642 23.606069565
0.999999940 0.000415992 -0.000029876 0.484711528 -0.000415988 0.999999881 0.000139174 -0.691342771 0.000029933 -0.000139162 1.000000000 24.140922546
0.999998569 0.001692156 -0.000325940 0.492039382 -0.001692017 0.999998450 0.000425544 -0.699481428 0.000326659 -0.000424992 0.999999881 24.684425354
0.999996603 0.002199536 -0.001391843 0.502856672 -0.002199018 0.999997437 0.000374008 -0.715777695 0.001392662 -0.000370946 0.999998987 25.219676971
0.999996245 0.002236786 -0.001602545 0.508904696 -0.002235389 0.999997079 0.000873298 -0.731372774 0.001604494 -0.000869713 0.999998331 25.761430740
0.999995828 0.001432693 -0.002495546 0.525131822 -0.001431007 0.999998629 0.000677595 -0.749051869 0.002496514 -0.000674021 0.999996662 26.317222595
0.999995947 0.001239765 -0.002571709 0.521783233 -0.001237411 0.999998808 0.000916747 -0.760912240 0.002572843 -0.000913561 0.999996245 26.858617783
0.999996781 0.001651992 -0.001892995 0.521044850 -0.001650714 0.999998391 0.000676114 -0.774533987 0.001894109 -0.000672987 0.999997973 27.417282104
0.999992132 0.003127997 -0.002468324 0.529976130 -0.003126891 0.999995053 0.000451661 -0.791796029 0.002469725 -0.000443939 0.999996901 27.968482971
0.999992728 0.002133805 -0.003159889 0.536002636 -0.002130360 0.999997139 0.001093008 -0.810765624 0.003162212 -0.001086269 0.999994397 28.498716354
0.999992430 0.001690015 -0.003503211 0.547943175 -0.001687021 0.999998212 0.000857249 -0.824593544 0.003504653 -0.000851333 0.999993503 29.034585953
0.999990404 0.002053793 -0.003864941 0.555109262 -0.002048883 0.999997079 0.001273805 -0.842941582 0.003867546 -0.001265874 0.999991655 29.599008560
0.999989271 0.002216586 -0.004062336 0.559267104 -0.002211685 0.999996781 0.001210519 -0.855356336 0.004065007 -0.001201521 0.999990940 30.140735626
0.999987960 0.002509088 -0.004214327 0.567180574 -0.002505120 0.999996364 0.000946604 -0.868903041 0.004216688 -0.000936036 0.999990582 30.693101883
0.999986708 0.002426429 -0.004546451 0.577903688 -0.002421476 0.999996483 0.001094601 -0.884706974 0.004549092 -0.001083577 0.999989033 31.225692749
0.999985576 0.002547003 -0.004726661 0.588455498 -0.002541918 0.999996185 0.001081478 -0.897992134 0.004729398 -0.001069448 0.999988258 31.768367767
0.999984860 0.002529007 -0.004873103 0.595559955 -0.002523492 0.999996185 0.001137634 -0.913364232 0.004875961 -0.001125320 0.999987423 32.329975128
0.999982238 0.002652965 -0.005341413 0.604125977 -0.002646826 0.999995828 0.001156124 -0.925982237 0.005344458 -0.001141966 0.999985039 32.877811432
0.999981642 0.002513993 -0.005515482 0.611688912 -0.002509621 0.999996483 0.000799523 -0.940009117 0.005517473 -0.000785667 0.999984443 33.424732208
0.999980927 0.002828069 -0.005483690 0.615710199 -0.002824589 0.999995828 0.000642212 -0.949902594 0.005485483 -0.000626711 0.999984682 33.982433319
0.999979019 0.002256094 -0.006065754 0.628563523 -0.002250549 0.999996960 0.000920740 -0.967741191 0.006067813 -0.000907069 0.999981165 34.528305054
0.999978960 0.002628525 -0.005924260 0.633115888 -0.002623825 0.999996245 0.000800893 -0.981111288 0.005926343 -0.000785332 0.999982059 35.082061768
0.999977767 0.002212636 -0.006289430 0.646606088 -0.002206402 0.999997079 0.000997925 -0.997013569 0.006291620 -0.000984026 0.999979734 35.621341705
0.999975920 0.002318781 -0.006535264 0.654793143 -0.002311131 0.999996662 0.001177881 -1.012338042 0.006537973 -0.001162748 0.999977946 36.173080444
0.999974906 0.002550728 -0.006601572 0.664293528 -0.002546277 0.999996543 0.000682471 -1.022171855 0.006603289 -0.000665645 0.999978006 36.723140717
0.999977827 0.002802115 -0.006031017 0.663824439 -0.002801484 0.999996126 0.000113016 -1.028205752 0.006031309 -0.000096117 0.999981880 37.273227692
0.999974132 0.002545422 -0.006718892 0.677880764 -0.002541840 0.999996662 0.000541606 -1.046934843 0.006720248 -0.000524514 0.999977350 37.813568115
0.999972343 0.002162291 -0.007117373 0.681137562 -0.002158870 0.999997556 0.000488409 -1.063588023 0.007118412 -0.000473030 0.999974489 38.348217010
0.999973953 0.002872042 -0.006624964 0.683019042 -0.002868015 0.999995708 0.000617187 -1.081658363 0.006626708 -0.000598170 0.999977887 38.893775940
0.999970973 0.002497962 -0.007207542 0.697439551 -0.002493012 0.999996662 0.000695701 -1.101112962 0.007209255 -0.000677712 0.999973834 39.436073303
0.999969423 0.003259991 -0.007104108 0.710394323 -0.003251116 0.999993920 0.001260550 -1.123902678 0.007108175 -0.001237415 0.999973953 39.977043152
0.999964118 0.002659279 -0.008043048 0.720810592 -0.002650804 0.999995947 0.001064255 -1.130469799 0.008045846 -0.001042896 0.999967098 40.535865784
0.999962568 0.003281625 -0.008003018 0.728584707 -0.003275557 0.999994397 0.000771225 -1.142204523 0.008005504 -0.000744982 0.999967694 41.084323883
0.999962032 0.002958531 -0.008197005 0.743873835 -0.002952074 0.999995351 0.000799763 -1.154801130 0.008199333 -0.000775535 0.999966085 41.646850586
0.999959648 0.003254431 -0.008370608 0.737883508 -0.003247826 0.999994397 0.000802482 -1.168424368 0.008373173 -0.000775263 0.999964654 42.170230865
0.999959469 0.002918515 -0.008513343 0.746281624 -0.002913705 0.999995589 0.000577312 -1.179272294 0.008514989 -0.000552483 0.999963641 42.714580536
0.999960661 0.003282850 -0.008237918 0.755158603 -0.003270668 0.999993563 0.001491850 -1.202869415 0.008242762 -0.001464848 0.999964952 43.258098602
0.999959707 0.002815495 -0.008527216 0.756830812 -0.002808971 0.999995768 0.000776908 -1.208943248 0.008529367 -0.000752924 0.999963343 43.813579559
0.999962211 0.002756191 -0.008247452 0.759089231 -0.002750296 0.999996006 0.000725946 -1.221910357 0.008249418 -0.000703236 0.999965787 44.351875305
0.999963403 0.003679844 -0.007728768 0.759569526 -0.003678805 0.999993205 0.000148574 -1.232336283 0.007729263 -0.000120136 0.999970078 44.893188477
0.999962151 0.002505061 -0.008333957 0.766890347 -0.002499076 0.999996543 0.000728489 -1.248705149 0.008335754 -0.000707634 0.999965012 45.465278625
0.999960840 0.001910699 -0.008652445 0.782331467 -0.001907582 0.999998093 0.000368470 -1.261365891 0.008653132 -0.000351951 0.999962509 46.006027222
0.999961972 0.001734476 -0.008551164 0.789996862 -0.001731666 0.999998450 0.000335995 -1.271392107 0.008551734 -0.000321175 0.999963343 46.515583038
0.999960184 0.002773151 -0.008483943 0.791250348 -0.002767407 0.999995947 0.000688898 -1.289261103 0.008485819 -0.000665393 0.999963701 47.076385498
0.999955297 0.001738420 -0.009298667 0.803231120 -0.001731637 0.999998212 0.000737485 -1.302209735 0.009299931 -0.000721351 0.999956429 47.618373871
0.999961615 0.002610400 -0.008361939 0.802173853 -0.002605210 0.999996483 0.000631498 -1.320080757 0.008363557 -0.000609690 0.999964833 48.157520294
0.999958515 0.002259996 -0.008820176 0.805825591 -0.002254764 0.999997258 0.000603109 -1.326321602 0.008821515 -0.000583197 0.999960840 48.719131470
0.999960244 0.001966256 -0.008690883 0.812776685 -0.001961863 0.999997914 0.000514088 -1.340076089 0.008691877 -0.000497017 0.999962032 49.265014648
0.999964476 0.001963371 -0.008191898 0.821214557 -0.001960429 0.999997973 0.000367282 -1.355541945 0.008192602 -0.000351210 0.999966323 49.809463501
0.999969006 0.001999040 -0.007613773 0.823713183 -0.002000750 0.999997973 -0.000216992 -1.360973001 0.007613323 0.000232218 0.999970973 50.341670990
0.999957442 0.002270350 -0.008938539 0.825786829 -0.002271026 0.999997556 -0.000065452 -1.383711457 0.008938367 0.000085749 0.999960065 50.882854462
0.999958098 0.002580274 -0.008780505 0.834187746 -0.002578075 0.999996662 0.000261758 -1.400726199 0.008781151 -0.000239111 0.999961376 51.441223145
0.999954998 0.002831604 -0.009064430 0.839634895 -0.002831516 0.999996006 0.000022630 -1.419086933 0.009064458 0.000003037 0.999958932 51.989292145
0.999954879 0.002409551 -0.009190910 0.850909650 -0.002409944 0.999997079 -0.000031801 -1.432300568 0.009190807 0.000053949 0.999957740 52.508159637
0.999957263 0.001894293 -0.009050431 0.853369832 -0.001894870 0.999998212 -0.000055210 -1.442905545 0.009050309 0.000072357 0.999959052 53.051731110
0.999956191 0.002034873 -0.009149154 0.859130740 -0.002033999 0.999997914 0.000104727 -1.461264610 0.009149348 -0.000086113 0.999958158 53.603973389
0.999956310 0.002610641 -0.008974527 0.868870616 -0.002609917 0.999996603 0.000092444 -1.477332234 0.008974738 -0.000069017 0.999959707 54.143722534
0.999952674 0.002218226 -0.009468795 0.879980445 -0.002215285 0.999997556 0.000321137 -1.494073153 0.009469484 -0.000300146 0.999955118 54.683139801
0.999954462 0.002481848 -0.009214523 0.876940608 -0.002484040 0.999996901 -0.000226617 -1.505827308 0.009213934 0.000249496 0.999957442 55.233371735
0.999957085 0.002421948 -0.008943438 0.878849387 -0.002423908 0.999997020 -0.000208206 -1.518538237 0.008942907 0.000229875 0.999960005 55.785655975
0.999953508 0.002505463 -0.009301894 0.884661913 -0.002508934 0.999996781 -0.000361489 -1.529893160 0.009300957 0.000384811 0.999956667 56.333751678
0.999953806 0.001685230 -0.009457655 0.906048894 -0.001684789 0.999998629 0.000054563 -1.558456063 0.009457734 -0.000038626 0.999955237 56.856048584
0.999953568 0.002549355 -0.009285807 0.902557790 -0.002553700 0.999996662 -0.000456029 -1.562144995 0.009284612 0.000479721 0.999956787 57.428428650
0.999956548 0.002641919 -0.008931923 0.896615565 -0.002649106 0.999996185 -0.000792934 -1.576665521 0.008929794 0.000816562 0.999959826 57.990955353
0.999956727 0.002495960 -0.008957956 0.910342991 -0.002501854 0.999996722 -0.000646718 -1.593833804 0.008956311 0.000669101 0.999959648 58.521606445
0.999957383 0.002162473 -0.008976123 0.910358250 -0.002168421 0.999997437 -0.000652999 -1.604957461 0.008974688 0.000672435 0.999959528 59.072265625
0.999957383 0.002301146 -0.008940610 0.919467390 -0.002309659 0.999996901 -0.000941978 -1.622105360 0.008938416 0.000962588 0.999959588 59.611915588
0.999957919 0.002526070 -0.008821020 0.914877772 -0.002535668 0.999996185 -0.001076867 -1.630799651 0.008818266 0.001099190 0.999960542 60.154716492
0.999955773 0.002626549 -0.009031788 0.923432469 -0.002632916 0.999996305 -0.000692991 -1.647992611 0.009029933 0.000716740 0.999959052 60.697357178
0.999955535 0.002671062 -0.009041087 0.925827324 -0.002679521 0.999995947 -0.000923494 -1.660788298 0.009038583 0.000947679 0.999958694 61.229297638
0.999952972 0.002568792 -0.009359186 0.941713512 -0.002575300 0.999996483 -0.000683403 -1.680302620 0.009357397 0.000707474 0.999955952 61.767650604
0.999952078 0.001857603 -0.009602222 0.953462720 -0.001870392 0.999997377 -0.001323090 -1.689573526 0.009599738 0.001340986 0.999953032 62.312793732
0.999952614 0.003033959 -0.009247835 0.953666389 -0.003046291 0.999994516 -0.001319740 -1.701122165 0.009243780 0.001347849 0.999956369 62.855045319
0.999952614 0.003175580 -0.009196898 0.955417573 -0.003184967 0.999994457 -0.001006149 -1.715173125 0.009193651 0.001035393 0.999957204 63.403972626
0.999952257 0.003503793 -0.009111793 0.955077648 -0.003516467 0.999992847 -0.001375240 -1.733269811 0.009106909 0.001407216 0.999957502 63.944931030
0.999949098 0.003072306 -0.009609750 0.979568362 -0.003082127 0.999994695 -0.001007481 -1.755071998 0.009606604 0.001037048 0.999953330 64.477256775
0.999953270 0.003059718 -0.009166674 0.985889137 -0.003063743 0.999995232 -0.000425221 -1.772667050 0.009165328 0.000453286 0.999957919 65.020530701
0.999947727 0.003296562 -0.009676721 0.997247636 -0.003308682 0.999993682 -0.001236676 -1.783795834 0.009672583 0.001268628 0.999952435 65.576393127
0.999949932 0.003246257 -0.009466793 0.989771247 -0.003258499 0.999993801 -0.001278049 -1.796422005 0.009462587 0.001308833 0.999954343 66.098854065
0.999955535 0.003136983 -0.008888409 0.988736391 -0.003154347 0.999993205 -0.001940227 -1.804247499 0.008882261 0.001968179 0.999958634 66.651435852
0.999943674 0.003509226 -0.010013059 1.007899761 -0.003518468 0.999993324 -0.000905590 -1.833489537 0.010009814 0.000940770 0.999949396 67.175247192
0.999944210 0.003624733 -0.009925116 1.010667086 -0.003634461 0.999992847 -0.000962324 -1.847459555 0.009921557 0.000998343 0.999950290 67.717231750
0.999945223 0.003883485 -0.009710859 1.014064550 -0.003889386 0.999992251 -0.000588868 -1.870698214 0.009708496 0.000626605 0.999952674 68.247100830
0.999947190 0.003652116 -0.009608629 1.013549685 -0.003664371 0.999992549 -0.001258066 -1.881596923 0.009603961 0.001293209 0.999953032 68.794624329
0.999938786 0.003489577 -0.010492923 1.034089327 -0.003501640 0.999993205 -0.001131542 -1.898468614 0.010488903 0.001168215 0.999944270 69.331878662
0.999948621 0.003798538 -0.009398626 1.019576311 -0.003812065 0.999991715 -0.001421743 -1.906218529 0.009393147 0.001457498 0.999954820 69.866882324
0.999952734 0.003652383 -0.009016051 1.024733782 -0.003661597 0.999992788 -0.001005694 -1.922850132 0.009012312 0.001038659 0.999958813 70.417602539
0.999942422 0.003796267 -0.010039417 1.040888071 -0.003812364 0.999991477 -0.001584640 -1.937084436 0.010033316 0.001622822 0.999948323 70.953422546
0.999937117 0.004216122 -0.010387666 1.054927111 -0.004229189 0.999990284 -0.001236373 -1.958365679 0.010382353 0.001280227 0.999945283 71.494979858
0.999945045 0.003491182 -0.009899508 1.053322792 -0.003499237 0.999993563 -0.000796637 -1.980315328 0.009896663 0.000831233 0.999950707 72.045646667
0.999944210 0.003727446 -0.009887256 1.056619644 -0.003742138 0.999991894 -0.001467875 -1.993044019 0.009881704 0.001504793 0.999950051 72.597625732
0.999943912 0.003486469 -0.009996298 1.067946553 -0.003497872 0.999993265 -0.001123346 -2.012689114 0.009992314 0.001158249 0.999949336 73.141525269
0.999941051 0.003520299 -0.010269471 1.073198199 -0.003535014 0.999992788 -0.001415010 -2.025242329 0.010264414 0.001451229 0.999946237 73.684852600
0.999944031 0.003639874 -0.009932104 1.075378656 -0.003650855 0.999992669 -0.001087848 -2.043938637 0.009928070 0.001124048 0.999950111 74.210090637
0.999942183 0.003295175 -0.010236683 1.088090062 -0.003305395 0.999994040 -0.000981680 -2.060181618 0.010233386 0.001015459 0.999947071 74.751808167
0.999943733 0.003003694 -0.010172489 1.090329409 -0.003012300 0.999995112 -0.000830769 -2.076680660 0.010169946 0.000861365 0.999947906 75.300559998
0.999942183 0.002895697 -0.010355815 1.101780653 -0.002905274 0.999995351 -0.000909843 -2.096389055 0.010353132 0.000939877 0.999945879 75.830665588
0.999937057 0.003484836 -0.010662705 1.104237080 -0.003495808 0.999993324 -0.001010412 -2.108786583 0.010659114 0.001047623 0.999942541 76.384162903
0.999942899 0.003311330 -0.010162605 1.109429598 -0.003326773 0.999993265 -0.001502976 -2.122807503 0.010157561 0.001536699 0.999947190 76.918830872
0.999941707 0.002823443 -0.010420335 1.114311934 -0.002834138 0.999995589 -0.001011782 -2.143579006 0.010417429 0.001041256 0.999945223 77.459014893
0.999933779 0.002523920 -0.011220936 1.128221512 -0.002534205 0.999996424 -0.000902391 -2.163511276 0.011218618 0.000930767 0.999936640 77.992973328
0.999934494 0.002895839 -0.011067570 1.131873608 -0.002906165 0.999995351 -0.000916938 -2.178687334 0.011064863 0.000949042 0.999938309 78.552192688
0.999940276 0.002824754 -0.010558670 1.139675975 -0.002832452 0.999995708 -0.000714150 -2.193700075 0.010556608 0.000744014 0.999943972 79.106849670
0.999936581 0.003347652 -0.010753034 1.143273592 -0.003357272 0.999993980 -0.000876594 -2.208330631 0.010750035 0.000912639 0.999941766 79.649635315
0.999933839 0.002432356 -0.011236597 1.159210563 -0.002443988 0.999996483 -0.001021599 -2.227832317 0.011234072 0.001048993 0.999936342 80.190017700
0.999945283 0.002491375 -0.010158268 1.164980173 -0.002501862 0.999996364 -0.001019846 -2.240518808 0.010155690 0.001045205 0.999947906 80.741821289
0.999952137 0.003178136 -0.009250569 1.170976520 -0.003188247 0.999994338 -0.001078524 -2.254984379 0.009247090 0.001107966 0.999956667 81.291137695
0.999964058 0.002773331 -0.008015015 1.177849054 -0.002781359 0.999995649 -0.000990676 -2.277500629 0.008012232 0.001012932 0.999967396 81.814636230
0.999974728 0.003070528 -0.006414045 1.182265759 -0.003077536 0.999994695 -0.001082981 -2.289796829 0.006410687 0.001102693 0.999978840 82.360481262
0.999988675 0.003780718 -0.002894124 1.193850636 -0.003782926 0.999992549 -0.000757731 -2.305112600 0.002891238 0.000768670 0.999995530 82.910682678
0.999991715 0.003939627 0.001019101 1.204117417 -0.003938837 0.999991953 -0.000776527 -2.311906338 -0.001022152 0.000772506 0.999999166 83.429611206
0.999991536 0.002612361 0.003156593 1.237540245 -0.002608580 0.999995887 -0.001201131 -2.336138248 -0.003159717 0.001192887 0.999994338 83.968727112
0.999956131 0.003254284 0.008780023 1.242938995 -0.003246547 0.999994338 -0.000895382 -2.366062164 -0.008782887 0.000866838 0.999961078 84.561698914
0.999882936 0.002684552 0.015060399 1.265084028 -0.002667291 0.999995768 -0.001166078 -2.378916264 -0.015063467 0.001125771 0.999885976 85.119087219
0.999793291 0.003474286 0.020029457 1.293354511 -0.003459285 0.999993682 -0.000783517 -2.401416063 -0.020032052 0.000714067 0.999799073 85.653930664
0.999667764 0.002894898 0.025609599 1.326507926 -0.002873655 0.999995410 -0.000866256 -2.416851521 -0.025611993 0.000792375 0.999671578 86.191696167
0.999411345 0.002928093 0.034179814 1.350027800 -0.002901435 0.999995410 -0.000829508 -2.430771828 -0.034182090 0.000729850 0.999415338 86.753120422
0.999093175 0.002837006 0.042482112 1.396349669 -0.002812712 0.999995828 -0.000631641 -2.450831413 -0.042483732 0.000511578 0.999097049 87.296134949
0.998789907 0.002444150 0.049119573 1.438183308 -0.002421413 0.999996960 -0.000522382 -2.464246750 -0.049120698 0.000402811 0.998792768 87.837684631
0.998306155 0.002300540 0.058134146 1.486429214 -0.002258878 0.999997139 -0.000782354 -2.475887775 -0.058135785 0.000649711 0.998308480 88.395187378
0.997636795 0.002555504 0.068661071 1.539332867 -0.002491643 0.999996364 -0.001015714 -2.491041422 -0.068663426 0.000842235 0.997639596 88.924926758
0.997046769 0.002132976 0.076767020 1.603196144 -0.002055065 0.999997258 -0.001093896 -2.502719164 -0.076769158 0.000932904 0.997048438 89.482223511
0.996419847 0.001953083 0.084519237 1.659081936 -0.001838243 0.999997258 -0.001436543 -2.508631229 -0.084521823 0.001276033 0.996420801 90.038864136
0.995422423 0.001624266 0.095559262 1.735407352 -0.001530921 0.999998212 -0.001050133 -2.538503408 -0.095560819 0.000899032 0.995423198 90.582099915
0.994324803 0.001982553 0.106368713 1.811736107 -0.001905905 0.999997854 -0.000822238 -2.554244757 -0.106370114 0.000614844 0.994326413 91.125961304
0.993317783 0.001615057 0.115400560 1.896073341 -0.001518690 0.999998450 -0.000922986 -2.571039200 -0.115401879 0.000741561 0.993318617 91.662986755
0.991970122 0.001317660 0.126465619 1.983979225 -0.001253808 0.999998987 -0.000584496 -2.587501287 -0.126466289 0.000421238 0.991970778 92.221992493
0.990412652 0.000984864 0.138137624 2.086252213 -0.000835560 0.999998987 -0.001138819 -2.598433018 -0.138138652 0.001012478 0.990412414 92.771308899
0.988865554 0.000872387 0.148809299 2.187436104 -0.000769901 0.999999344 -0.000746307 -2.619798183 -0.148809865 0.000623429 0.988865614 93.309112549
0.987182558 0.000700139 0.159593597 2.292387009 -0.000588216 0.999999464 -0.000748537 -2.630733013 -0.159594014 0.000645067 0.987182498 93.866058350
0.985075772 0.001034434 0.172117978 2.413581848 -0.000895282 0.999999225 -0.000886096 -2.649685144 -0.172118798 0.000718778 0.985075951 94.394706726
0.982861102 0.000042242 0.184347436 2.535832405 0.000188175 0.999999285 -0.001232409 -2.658976316 -0.184347346 0.001245976 0.982860386 94.930900574
0.980784833 0.000496700 0.195091531 2.663157463 -0.000381849 0.999999702 -0.000626312 -2.678922892 -0.195091784 0.000539781 0.980784774 95.477005005
0.978062809 0.000833285 0.208308399 2.797626495 -0.000801379 0.999999583 -0.000237560 -2.692950010 -0.208308533 0.000065415 0.978063047 96.019348145
0.975325465 -0.000564931 0.220770836 2.957059860 0.000715805 0.999999523 -0.000603395 -2.703582764 -0.220770374 0.000746536 0.975325465 96.531158447
0.972802579 -0.000415340 0.231635571 3.095998764 0.000454984 0.999999821 -0.000117727 -2.728420496 -0.231635496 0.000219916 0.972802579 97.035964966
0.969725251 -0.000294627 0.244198218 3.260549545 0.000441619 0.999999881 -0.000547188 -2.745791912 -0.244197950 0.000638464 0.969725311 97.629356384
0.966056883 0.000237884 0.258329093 3.422389984 -0.000240807 1.000000000 -0.000020324 -2.763564587 -0.258329093 -0.000042573 0.966057003 98.162773132
0.962609172 -0.000032484 0.270893991 3.587583542 0.000016199 1.000000000 0.000062352 -2.775221586 -0.270893991 -0.000055633 0.962609172 98.681907654
0.959389925 -0.001380766 0.282079399 3.754926682 0.001402944 0.999998987 0.000123346 -2.795535564 -0.282079250 0.000277405 0.959391057 99.215621948
0.955262363 -0.001492589 0.295755923 3.930978775 0.001376732 0.999998868 0.000599979 -2.813691139 -0.295756489 -0.000165960 0.955263436 99.725921631
0.950844347 -0.001640319 0.309664756 4.128604889 0.001751997 0.999998450 -0.000082540 -2.820491552 -0.309664130 0.000621015 0.950845778 100.268295288
0.947026849 -0.002390579 0.321145445 4.323877335 0.002579127 0.999996781 -0.000161709 -2.831910133 -0.321144015 0.000981418 0.947029889 100.790054321
0.942400098 -0.002302106 0.334479779 4.526968002 0.002695938 0.999996066 -0.000713213 -2.843559504 -0.334476858 0.001573868 0.942402720 101.306907654
0.937351286 -0.002290073 0.348378122 4.746826172 0.002684369 0.999996305 -0.000649100 -2.859222889 -0.348375320 0.001543610 0.937353849 101.841766357
0.932611763 -0.002772563 0.360870540 4.967193604 0.003100225 0.999995172 -0.000329085 -2.876748800 -0.360867918 0.001425688 0.932615876 102.352554321
0.928586900 -0.003357593 0.371099830 5.188980103 0.003983407 0.999991715 -0.000919900 -2.889205456 -0.371093631 0.002332449 0.928592503 102.843673706
0.922293007 -0.003798247 0.386472583 5.428001404 0.004118065 0.999991536 0.000000392 -2.908209324 -0.386469275 0.001591158 0.922300875 103.352256775
0.916693687 -0.004383551 0.399566591 5.670070648 0.004703386 0.999988914 0.000180043 -2.924088240 -0.399562925 0.001714271 0.916704118 103.844177246
0.911803305 -0.004976023 0.410597086 5.913249969 0.005302449 0.999985874 0.000343800 -2.939309359 -0.410593033 0.001863692 0.911816776 104.330718994
0.905488491 -0.005389611 0.424336612 6.174301147 0.005840517 0.999983013 0.000238014 -2.949241400 -0.424330682 0.002262826 0.905504405 104.828002930
0.898987889 -0.005595039 0.437938005 6.441108704 0.005958148 0.999982059 0.000544910 -2.972783566 -0.437933326 0.002119432 0.899004996 105.330909729
0.893257260 -0.006640705 0.449497014 6.718811035 0.007135927 0.999974430 0.000592479 -2.986624479 -0.449489504 0.002678341 0.893281639 105.815223694
0.887757063 -0.005966461 0.460273713 6.985923767 0.006294769 0.999979913 0.000821501 -3.003715038 -0.460269332 0.002168023 0.887776673 106.308914185
0.880332112 -0.006722644 0.474310249 7.254497528 0.007085511 0.999974370 0.001022260 -3.020431280 -0.474304944 0.002460802 0.880357146 106.780319214
