1.000000000 0.000000000 0.000000000 0.000000000 0.000000000 1.000000000 0.000000000 0.000000000 0.000000000 0.000000000 1.000000000 0.000000000
1.000000000 -0.000098933 -0.000190117 0.003461330 0.000098951 1.000000000 0.000092376 -0.002711282 0.000190108 -0.000092395 1.000000000 -0.001101015
1.000000000 0.000021003 0.000094008 -0.001783423 -0.000021008 1.000000000 0.000052021 -0.002383276 -0.000094007 -0.000052023 1.000000000 -0.001204743
1.000000000 -0.000119681 -0.000165858 0.006629164 0.000119708 1.000000000 0.000162490 -0.003038654 0.000165838 -0.000162510 1.000000000 -0.004482971
1.000000000 -0.000067495 -0.000084466 0.001615704 0.000067498 1.000000000 0.000026297 0.000153401 0.000084465 -0.000026302 1.000000000 0.001385528
1.000000000 -0.000047814 0.000087790 -0.000186227 0.000047818 1.000000000 -0.000052573 -0.000822840 -0.000087787 0.000052577 1.000000000 -0.000606965
1.000000000 -0.000165470 -0.000138631 0.004716977 0.000165489 1.000000000 0.000138178 -0.002886677 0.000138608 -0.000138201 1.000000000 -0.007144312
1.000000000 -0.000155735 -0.000063356 -0.000757300 0.000155735 1.000000000 -0.000001548 0.000689231 0.000063356 0.000001538 1.000000000 0.001338547
1.000000000 -0.000013013 -0.000097416 0.002987076 0.000013018 1.000000000 0.000049983 -0.002985811 0.000097415 -0.000049984 1.000000000 -0.008302692
1.000000000 -0.000018159 0.000031126 0.001430983 0.000018156 1.000000000 0.000086741 -0.002248834 -0.000031127 -0.000086741 1.000000000 -0.006572384
1.000000000 0.000084899 0.000107110 -0.001633107 -0.000084898 1.000000000 -0.000011141 -0.001086129 -0.000107111 0.000011132 1.000000000 -0.004309479
1.000000000 -0.000155347 0.000004105 -0.000032373 0.000155347 1.000000000 0.000050247 -0.003335203 -0.000004113 -0.000050246 1.000000000 -0.008695270
1.000000000 -0.000116194 0.000038064 0.000352045 0.000116192 1.000000000 0.000034448 -0.002259573 -0.000038068 -0.000034443 1.000000000 -0.005897066
1.000000000 -0.000070747 0.000008397 0.001122468 0.000070746 1.000000000 0.000078624 -0.001897858 -0.000008402 -0.000078623 1.000000000 -0.006865354
1.000000000 -0.000213727 -0.000064880 0.000959286 0.000213737 0.999999940 0.000152201 -0.001241772 0.000064847 -0.000152215 1.000000000 -0.007655215
0.999999940 -0.000299047 -0.000100378 -0.000454265 0.000299056 0.999999940 0.000087460 -0.002156794 0.000100352 -0.000087490 1.000000000 -0.008120778
0.999999940 -0.000270498 0.000015556 0.000409660 0.000270497 0.999999940 0.000069231 -0.001177943 -0.000015574 -0.000069227 1.000000000 -0.008167380
1.000000000 -0.000021840 0.000007155 0.002265365 0.000021839 1.000000000 0.000162072 -0.003738596 -0.000007158 -0.000162072 1.000000000 -0.011792704
0.999999940 -0.000278833 -0.000069328 0.002767957 0.000278842 0.999999940 0.000130248 -0.004624038 0.000069292 -0.000130268 1.000000000 -0.010729759
0.999999940 -0.000298855 -0.000021780 0.002868403 0.000298857 0.999999940 0.000091852 -0.004288550 0.000021753 -0.000091859 1.000000000 -0.012732416
1.000000000 -0.000089795 -0.000017983 0.003432863 0.000089798 1.000000000 0.000185796 -0.005756855 0.000017966 -0.000185797 1.000000000 -0.010842227
1.000000000 0.000041381 0.000050860 -0.000166734 -0.000041386 1.000000000 0.000091477 -0.001248126 -0.000050856 -0.000091479 1.000000000 -0.007250025
0.999999940 -0.000280428 -0.000190941 0.006163201 0.000280458 0.999999940 0.000156252 -0.003427044 0.000190897 -0.000156306 0.999999940 -0.014855625
0.999999940 -0.000236848 -0.000090884 0.001720217 0.000236867 0.999999940 0.000211324 -0.003492250 0.000090834 -0.000211346 1.000000000 -0.007018665
1.000000000 -0.000032784 -0.000100561 0.005914986 0.000032806 1.000000000 0.000219760 -0.003652013 0.000100553 -0.000219763 1.000000000 -0.016130064
1.000000000 -0.000100593 -0.000057009 0.001657474 0.000100605 1.000000000 0.000220807 -0.003267834 0.000056987 -0.000220813 1.000000000 -0.013174647
1.000000000 -0.000150662 -0.000029468 0.000286643 0.000150667 1.000000000 0.000148675 -0.004475625 0.000029446 -0.000148680 1.000000000 -0.013696333
1.000000000 -0.000129468 -0.000015295 0.001735687 0.000129470 1.000000000 0.000175142 -0.003646566 0.000015272 -0.000175144 1.000000000 -0.006842330
0.999999940 -0.000240614 -0.000112074 0.000435985 0.000240630 0.999999940 0.000144215 -0.001748734 0.000112040 -0.000144242 1.000000000 -0.007988236
1.000000000 -0.000076850 -0.000085894 0.001910515 0.000076866 1.000000000 0.000186733 -0.002479179 0.000085880 -0.000186740 1.000000000 -0.008428101
1.000000000 -0.000204939 -0.000004373 -0.000628271 0.000204940 0.999999940 0.000149003 -0.001567351 0.000004342 -0.000149004 1.000000000 -0.002719478
0.999999940 -0.000257179 -0.000103729 -0.000950328 0.000257203 0.999999940 0.000231644 -0.002537311 0.000103669 -0.000231670 0.999999940 -0.008157819
0.999999940 -0.000307793 -0.000148533 0.003684943 0.000307834 0.999999940 0.000272180 -0.003705128 0.000148449 -0.000272226 0.999999940 -0.012030452
1.000000000 -0.000046077 -0.000062908 0.000250012 0.000046081 1.000000000 0.000053163 -0.001520714 0.000062905 -0.000053166 1.000000000 -0.004865205
0.999999940 -0.000203628 -0.000139840 0.002295385 0.000203640 1.000000000 0.000085178 -0.002103970 0.000139823 -0.000085206 1.000000000 -0.004080818
0.999999940 -0.000266251 -0.000100434 -0.000555159 0.000266252 0.999999940 0.000000896 -0.000571317 0.000100434 -0.000000923 1.000000000 -0.008573474
0.999999940 -0.000362428 -0.000194540 0.004842991 0.000362452 0.999999940 0.000127088 -0.001967599 0.000194494 -0.000127158 1.000000000 -0.012625808
1.000000000 -0.000219557 -0.000047989 0.000560921 0.000219560 1.000000000 0.000063440 -0.000152199 0.000047975 -0.000063450 1.000000000 -0.007450148
1.000000000 -0.000088479 -0.000092117 0.000283648 0.000088506 0.999999940 0.000290782 -0.002726510 0.000092091 -0.000290790 0.999999940 -0.010843780
0.999999940 -0.000281128 -0.000231483 0.004769078 0.000281170 0.999999940 0.000183468 -0.005332333 0.000231432 -0.000183533 0.999999940 -0.006908497
1.000000000 -0.000113834 -0.000173121 0.007972651 0.000113767 0.999999940 -0.000388318 -0.008534916 0.000173165 0.000388298 0.999999881 0.042232141
0.999999940 -0.000195072 -0.000203415 0.007926660 0.000194844 0.999999344 -0.001118180 -0.006588544 0.000203633 0.001118140 0.999999344 0.142956808
1.000000000 -0.000166437 -0.000022585 0.002846942 0.000166409 0.999999225 -0.001257310 -0.012677502 0.000022794 0.001257306 0.999999225 0.262401521
0.999999940 -0.000361970 0.000099052 0.003853150 0.000362087 0.999999225 -0.001186846 -0.015528098 -0.000098622 0.001186882 0.999999285 0.384939075
1.000000000 0.000109635 -0.000112714 0.008331882 -0.000109754 0.999999464 -0.001052900 -0.023691664 0.000112598 0.001052912 0.999999464 0.531781554
0.999999940 0.000120786 0.000262974 0.005630466 -0.000120526 0.999999523 -0.000989130 -0.035943888 -0.000263093 0.000989099 0.999999464 0.681104481
0.999999881 0.000075254 0.000445430 0.020033496 -0.000074894 0.999999642 -0.000807753 -0.035290308 -0.000445491 0.000807720 0.999999583 0.849053741
0.999999940 -0.000125489 0.000232882 0.018690623 0.000125626 0.999999821 -0.000588206 -0.038603056 -0.000232808 0.000588235 0.999999821 1.021764278
0.999999821 0.000262261 0.000534963 0.017780570 -0.000261857 0.999999702 -0.000756723 -0.034773748 -0.000535161 0.000756583 0.999999583 1.187580585
1.000000000 -0.000148128 0.000159596 0.040073924 0.000148205 0.999999881 -0.000485150 -0.050473262 -0.000159524 0.000485174 0.999999881 1.411761880
0.999999940 0.000286295 0.000307080 0.032498576 -0.000286151 0.999999821 -0.000468526 -0.060939811 -0.000307214 0.000468438 0.999999821 1.607547522
0.999999821 -0.000032838 0.000577271 0.026590658 0.000032802 1.000000000 0.000063440 -0.068965241 -0.000577273 -0.000063421 0.999999821 1.792549610
0.999998808 -0.001490712 -0.000458787 0.053491279 0.001491245 0.999998212 0.001163983 -0.080879860 0.000457051 -0.001164666 0.999999225 1.940625191
0.999999523 -0.001006312 0.000027635 0.056288783 0.001006279 0.999998808 0.001175959 -0.087955222 -0.000028819 -0.001175930 0.999999344 2.162495375
0.999999106 -0.001240478 -0.000459274 0.064947046 0.001240987 0.999998629 0.001110377 -0.093370557 0.000457896 -0.001110946 0.999999285 2.362091541
0.999998987 -0.001313000 -0.000430221 0.070951268 0.001313540 0.999998271 0.001257451 -0.104898848 0.000428569 -0.001258015 0.999999106 2.587231636
0.999999285 -0.001237474 0.000003902 0.072710618 0.001237468 0.999998271 0.001372006 -0.106734499 -0.000005600 -0.001372000 0.999999106 2.826572657
0.999999344 -0.001041932 0.000270284 0.075523756 0.001041567 0.999998569 0.001346798 -0.114590511 -0.000271686 -0.001346515 0.999999046 3.031717777
0.999999702 -0.000822221 0.000151277 0.080590956 0.000822069 0.999999225 0.001001181 -0.116987675 -0.000152100 -0.001001056 0.999999464 3.279491663
0.999999702 -0.000591156 0.000577043 0.081114694 0.000590378 0.999998927 0.001348600 -0.128948376 -0.000577840 -0.001348259 0.999998987 3.523910284
1.000000000 -0.000269445 -0.000006757 0.100081004 0.000269454 0.999999106 0.001316693 -0.129770532 0.000006402 -0.001316695 0.999999166 3.776715517
0.999999762 -0.000634365 0.000331337 0.089788541 0.000633832 0.999998450 0.001604717 -0.150342733 -0.000332354 -0.001604507 0.999998569 4.001764297
0.999999702 -0.000216090 0.000643364 0.090175532 0.000214855 0.999998093 0.001918024 -0.158723637 -0.000643777 -0.001917885 0.999997914 4.252889156
0.999999821 -0.000546535 0.000288380 0.106476925 0.000545999 0.999998093 0.001855229 -0.164149940 -0.000289394 -0.001855071 0.999998152 4.529078484
0.999999464 -0.000988588 0.000112448 0.115911782 0.000988356 0.999997437 0.002037621 -0.175586477 -0.000114463 -0.002037509 0.999997854 4.775595665
0.999999642 -0.000311182 0.000753079 0.104977757 0.000309779 0.999998212 0.001861184 -0.179042369 -0.000753657 -0.001860950 0.999997973 5.002458096
0.999999583 -0.000686178 0.000424710 0.111876406 0.000685284 0.999997497 0.002101333 -0.192257956 -0.000426151 -0.002101041 0.999997675 5.266232491
0.999999046 0.000422999 0.001270473 0.097278990 -0.000425620 0.999997795 0.002063642 -0.199656978 -0.001269597 -0.002064180 0.999997020 5.507719517
0.999998629 0.000843829 0.001365507 0.101608604 -0.000846972 0.999996960 0.002302637 -0.214002490 -0.001363560 -0.002303791 0.999996364 5.777636051
0.999998987 -0.001051556 0.000955075 0.122421004 0.001048913 0.999995589 0.002764081 -0.226822451 -0.000957977 -0.002763076 0.999995708 6.024589062
0.999998808 -0.001068322 0.001104740 0.124409363 0.001065106 0.999995172 0.002907830 -0.235409319 -0.001107841 -0.002906650 0.999995112 6.301688194
0.999999046 -0.000606351 0.001214470 0.129641190 0.000603179 0.999996424 0.002610621 -0.243235603 -0.001216049 -0.002609886 0.999995828 6.595841408
0.999999225 -0.000836245 0.000985451 0.137900025 0.000833884 0.999996781 0.002394065 -0.243041530 -0.000987450 -0.002393242 0.999996662 6.885232449
0.999998987 -0.001146903 0.000860980 0.155785263 0.001144766 0.999996305 0.002478723 -0.256568789 -0.000863819 -0.002477736 0.999996543 7.177101612
0.999998748 -0.000573569 0.001437634 0.152360827 0.000569672 0.999996126 0.002709800 -0.267474860 -0.001439183 -0.002708978 0.999995291 7.472189903
0.999999225 -0.000773502 0.000978412 0.162844673 0.000770382 0.999994636 0.003185136 -0.282367706 -0.000980871 -0.003184379 0.999994457 7.790141582
0.999999046 -0.000431810 0.001284411 0.162463605 0.000428166 0.999995887 0.002835764 -0.284197211 -0.001285630 -0.002835211 0.999995172 8.122145653
0.999999285 -0.000937924 0.000812785 0.182827532 0.000935366 0.999994636 0.003141523 -0.290328771 -0.000815728 -0.003140760 0.999994695 8.436541557
0.999999106 -0.000750477 0.001076740 0.175245151 0.000746944 0.999994278 0.003278308 -0.299798965 -0.001079194 -0.003277501 0.999993980 8.785229683
0.999999046 -0.000381281 0.001265689 0.188564494 0.000377436 0.999995351 0.003036253 -0.305974603 -0.001266840 -0.003035773 0.999994516 9.140627861
0.999998450 -0.000952364 0.001465237 0.186366946 0.000947661 0.999994397 0.003207528 -0.316978097 -0.001468283 -0.003206134 0.999993801 9.489703178
0.999998450 -0.001310920 0.001139033 0.191351190 0.001306916 0.999992967 0.003508661 -0.347003758 -0.001143624 -0.003507167 0.999993145 9.754790306
0.999998808 -0.000907914 0.001271797 0.200666010 0.000903599 0.999993801 0.003388954 -0.357896119 -0.001274866 -0.003387800 0.999993443 10.120589256
0.999998391 -0.001349879 0.001195364 0.207129300 0.001345340 0.999991894 0.003789832 -0.366529226 -0.001200470 -0.003788217 0.999992132 10.489284515
0.999998569 -0.001370054 0.001019812 0.213123024 0.001366535 0.999993145 0.003442755 -0.367953777 -0.001024522 -0.003441355 0.999993563 10.865381241
0.999997795 -0.001547948 0.001463013 0.205984026 0.001541897 0.999990344 0.004128058 -0.395170897 -0.001469389 -0.004125793 0.999990404 11.259469032
0.999996245 -0.002643247 0.000839425 0.256456554 0.002639852 0.999988437 0.004019818 -0.394435942 -0.000850040 -0.004017587 0.999991596 11.591763496
0.999997437 -0.002119689 0.000827538 0.259411097 0.002116613 0.999990880 0.003700536 -0.400288224 -0.000835374 -0.003698775 0.999992847 11.971775055
0.999998391 -0.000581958 0.001762603 0.238179535 0.000574557 0.999991000 0.004196745 -0.426495850 -0.001765029 -0.004195726 0.999989629 12.310034752
0.999998868 -0.000908178 0.001229924 0.254715860 0.000903085 0.999990940 0.004135211 -0.430595130 -0.001233668 -0.004134096 0.999990642 12.720058441
0.999998510 -0.001377597 0.000978201 0.272837371 0.001373524 0.999990404 0.004151966 -0.444772393 -0.000983911 -0.004150617 0.999990880 13.115942955
0.999998093 -0.001503970 0.001185906 0.288247257 0.001498446 0.999988019 0.004645239 -0.447710246 -0.001192878 -0.004643453 0.999988496 13.557955742
0.999997973 -0.000855821 0.001790333 0.277855754 0.000847019 0.999987602 0.004911419 -0.467925787 -0.001794514 -0.004909893 0.999986351 13.948351860
0.999997556 -0.001483166 0.001621668 0.265246898 0.001474136 0.999983370 0.005555601 -0.492288053 -0.001629882 -0.005553197 0.999983251 14.260088921
0.999996483 -0.002064780 0.001663584 0.287082195 0.002055149 0.999981225 0.005770455 -0.503697574 -0.001675468 -0.005767017 0.999981940 14.663366318
0.999995291 -0.002197580 0.002105973 0.295920134 0.002185177 0.999980271 0.005873540 -0.513652921 -0.002118839 -0.005868911 0.999980509 15.142043114
0.999992907 -0.003340349 0.001746011 0.317657113 0.003328874 0.999973059 0.006534508 -0.585050702 -0.001767791 -0.006528648 0.999977112 15.578274727
0.999992609 -0.003559358 0.001507875 0.334915161 0.003549860 0.999974191 0.006255232 -0.591310740 -0.001530101 -0.006249833 0.999979258 16.024858475
0.999988794 -0.004558492 0.001307365 0.349044114 0.004550458 0.999971092 0.006083380 -0.597686172 -0.001335058 -0.006077363 0.999980628 16.484016418
0.999990880 -0.003617743 0.002267882 0.350956887 0.003604420 0.999976397 0.005851611 -0.604569554 -0.002288999 -0.005843385 0.999980330 16.940881729
0.999992967 -0.002545390 0.002779006 0.354906708 0.002527153 0.999975383 0.006546309 -0.618984938 -0.002795601 -0.006539241 0.999974668 17.418037415
0.999992192 -0.001421187 0.003694692 0.359180927 0.001393983 0.999971926 0.007355514 -0.636515677 -0.003705042 -0.007350306 0.999966145 17.836845398
0.999988377 -0.003879315 0.002863247 0.371184886 0.003860461 0.999971032 0.006561108 -0.642870069 -0.002888617 -0.006549978 0.999974370 18.284263611
0.999988139 -0.004225383 0.002403306 0.395944715 0.004209822 0.999970436 0.006443292 -0.651613414 -0.002430462 -0.006433099 0.999976337 18.761476517
0.999987125 -0.004313834 0.002681477 0.410851717 0.004296859 0.999970853 0.006304553 -0.656948090 -0.002708595 -0.006292949 0.999976516 19.231748581
0.999991059 -0.002457248 0.003453080 0.401914120 0.002434212 0.999974847 0.006659728 -0.670689225 -0.003469357 -0.006651263 0.999971867 19.718914032
0.999991596 -0.002857456 0.002941938 0.409233451 0.002837204 0.999972463 0.006865072 -0.678176761 -0.002961474 -0.006856667 0.999972105 20.223142624
0.999988616 -0.003848455 0.002827961 0.413415968 0.003829581 0.999970496 0.006649593 -0.691162050 -0.002853469 -0.006638686 0.999973893 20.625080109
0.999990523 -0.003646499 0.002379226 0.421455532 0.003631553 0.999973893 0.006256533 -0.692442358 -0.002401977 -0.006247833 0.999977589 21.127077103
0.999990284 -0.003513496 0.002688072 0.411037713 0.003496248 0.999973357 0.006394700 -0.709734917 -0.002710468 -0.006385239 0.999975920 21.656320572
0.999990046 -0.003983551 0.001999258 0.442407966 0.003969245 0.999966800 0.007109331 -0.740536094 -0.002027512 -0.007101324 0.999972701 22.212368011
0.999985039 -0.005421406 0.000650943 0.441771895 0.005416824 0.999961853 0.006846000 -0.741124153 -0.000688033 -0.006842372 0.999976337 22.599756241
0.999984562 -0.005566122 0.000014997 0.450557798 0.005565881 0.999960124 0.006986795 -0.756258607 -0.000053885 -0.006986603 0.999975622 23.123018265
0.999986827 -0.005130943 -0.000053315 0.446678728 0.005131192 0.999962270 0.007011500 -0.772632837 0.000017338 -0.007011681 0.999975383 23.668758392
0.999993980 -0.003433647 -0.000536906 0.434784085 0.003437175 0.999971628 0.006713775 -0.790108800 0.000513838 -0.006715581 0.999977291 24.201414108
0.999987483 -0.004665684 -0.001794093 0.470892489 0.004679041 0.999960840 0.007514418 -0.796126962 0.001758963 -0.007522719 0.999970138 24.658023834
0.999981403 -0.005366869 -0.002900760 0.483080745 0.005388008 0.999958694 0.007329635 -0.801697731 0.002861303 -0.007345128 0.999968886 25.194185257
0.999985754 -0.004645134 -0.002612267 0.481274724 0.004663936 0.999962926 0.007237987 -0.811652243 0.002578549 -0.007250068 0.999970376 25.736835480
0.999976456 -0.005896109 -0.003496405 0.507785559 0.005923328 0.999951839 0.007826332 -0.817482829 0.003450091 -0.007846859 0.999963224 26.231435776
0.999974489 -0.006169966 -0.003613171 0.514397979 0.006197482 0.999951541 0.007654427 -0.832074046 0.003565768 -0.007676624 0.999964237 26.768417358
0.999978960 -0.005258488 -0.003796645 0.517022610 0.005288659 0.999954164 0.007980768 -0.852964938 0.003754505 -0.008000678 0.999960959 27.341716766
0.999977231 -0.004941842 -0.004607541 0.519476295 0.004975994 0.999960005 0.007430505 -0.852535963 0.004570637 -0.007453263 0.999961853 27.880842209
0.999948263 -0.007596395 -0.006765971 0.563256264 0.007651548 0.999937415 0.008163162 -0.876936197 0.006703536 -0.008214509 0.999943852 28.512723923
0.999958873 -0.006925516 -0.005860631 0.530444741 0.006978238 0.999934912 0.009023997 -0.920158505 0.005797755 -0.009064523 0.999942124 28.853849411
0.999961138 -0.006625280 -0.005826137 0.535661221 0.006676483 0.999938846 0.008813304 -0.924663007 0.005767391 -0.008851858 0.999944210 29.402372360
0.999958217 -0.006769009 -0.006147855 0.535639226 0.006821173 0.999940574 0.008504010 -0.951198101 0.006089926 -0.008545591 0.999944866 29.950489044
0.999961734 -0.006241896 -0.006124975 0.517509699 0.006296923 0.999939620 0.009006395 -0.976613104 0.006068389 -0.009044619 0.999940693 30.365570068
0.999961853 -0.006127662 -0.006226049 0.529877663 0.006185923 0.999936819 0.009381915 -0.993785262 0.006168167 -0.009420071 0.999936581 30.901718140
0.999963701 -0.005678191 -0.006354576 0.543613195 0.005737216 0.999940217 0.009309355 -1.012720704 0.006301336 -0.009345474 0.999936461 31.462087631
0.999965549 -0.005276327 -0.006406874 0.538199067 0.005330161 0.999950349 0.008414531 -0.976483107 0.006362158 -0.008448391 0.999944031 31.990159988
0.999967396 -0.004947172 -0.006386474 0.500772655 0.005005333 0.999945879 0.009123159 -1.025695086 0.006340994 -0.009154829 0.999938011 32.465484619
0.999965131 -0.005459720 -0.006328259 0.498360336 0.005515830 0.999945343 0.008883292 -1.033561587 0.006279413 -0.008917888 0.999940574 33.031208038
0.999962211 -0.005241182 -0.006936660 0.516203225 0.005305778 0.999942422 0.009326966 -1.049726963 0.006887375 -0.009363418 0.999932468 33.582691193
0.999962687 -0.005264847 -0.006853858 0.503260970 0.005327212 0.999944270 0.009113058 -1.058526158 0.006805498 -0.009149231 0.999934971 34.110649109
0.999956310 -0.005843854 -0.007290468 0.512392104 0.005916411 0.999932885 0.009970977 -1.087984324 0.007231709 -0.010013677 0.999923646 34.561183929
0.999955356 -0.005751439 -0.007490025 0.509610474 0.005824087 0.999935865 0.009713939 -1.098527908 0.007433675 -0.009757131 0.999924779 35.122699738
0.999958873 -0.004915055 -0.007630546 0.528143644 0.004982692 0.999948263 0.008870397 -1.091927528 0.007586552 -0.008908054 0.999931574 35.707286835
0.999962926 -0.004610304 -0.007270456 0.532585025 0.004677551 0.999946117 0.009259585 -1.098101139 0.007227376 -0.009293250 0.999930680 36.209606171
0.999957263 -0.006066745 -0.006978201 0.499847591 0.006138724 0.999927640 0.010340089 -1.150253534 0.006914967 -0.010382485 0.999922156 36.680141449
0.999960423 -0.004358403 -0.007762551 0.551003516 0.004425761 0.999952435 0.008681312 -1.108303547 0.007724346 -0.008715324 0.999932170 37.257854462
0.999946177 -0.006500540 -0.008095311 0.538467288 0.006581218 0.999928534 0.009979613 -1.158136010 0.008029860 -0.010032352 0.999917388 37.821109772
0.999941766 -0.006401863 -0.008690506 0.556241810 0.006493669 0.999922991 0.010577067 -1.182088614 0.008622124 -0.010632885 0.999906301 38.238315582
0.999939144 -0.006570789 -0.008867982 0.578404427 0.006669127 0.999916077 0.011105433 -1.199309349 0.008794267 -0.011163900 0.999899030 38.775367737
0.999943972 -0.005746708 -0.008884612 0.588080049 0.005822948 0.999946237 0.008579271 -1.160985947 0.008834832 -0.008630526 0.999923706 39.355472565
0.999955177 -0.004913076 -0.008089930 0.561714649 0.004980286 0.999953091 0.008308779 -1.171982527 0.008048728 -0.008348698 0.999932766 39.903755188
0.999957919 -0.003821078 -0.008336358 0.583004236 0.003890814 0.999957442 0.008365091 -1.180789948 0.008304038 -0.008397177 0.999930263 40.437969208
0.999943793 -0.006003966 -0.008735972 0.563042462 0.006085075 0.999938428 0.009287858 -1.204222798 0.008679669 -0.009340498 0.999918699 40.956851959
0.999943674 -0.006034911 -0.008729903 0.576267481 0.006120234 0.999933481 0.009780341 -1.218313456 0.008670298 -0.009833221 0.999914110 41.538360596
0.999934316 -0.007043054 -0.009043317 0.553753734 0.007130994 0.999927282 0.009729147 -1.224330664 0.008974135 -0.009792996 0.999911845 42.067424774
0.999952674 -0.005019779 -0.008340364 0.561568856 0.005104195 0.999935627 0.010131036 -1.242309809 0.008288972 -0.010173128 0.999913931 42.508308411
0.999937534 -0.006226014 -0.009277415 0.615156651 0.006333348 0.999912798 0.011585219 -1.309694529 0.009204476 -0.011643251 0.999889851 42.937583923
0.999935865 -0.006642109 -0.009172577 0.625154912 0.006745092 0.999914110 0.011242378 -1.311352849 0.009097116 -0.011303527 0.999894679 43.499076843
0.999936283 -0.006174328 -0.009451407 0.638729095 0.006268428 0.999930739 0.009959172 -1.305842280 0.009389263 -0.010017782 0.999905705 44.050243378
0.999932766 -0.006550380 -0.009571518 0.659627080 0.006644449 0.999929607 0.009829488 -1.306354642 0.009506457 -0.009892423 0.999905884 44.578376770
0.999932289 -0.006900798 -0.009367569 0.632847786 0.007011799 0.999905109 0.011869023 -1.357625484 0.009284778 -0.011933905 0.999885678 45.011505127
0.999935091 -0.006528236 -0.009325914 0.629612327 0.006636263 0.999910772 0.011599975 -1.366756916 0.009249357 -0.011661113 0.999889195 45.563453674
0.999933541 -0.006371788 -0.009612129 0.640347958 0.006477452 0.999918461 0.011001967 -1.358903527 0.009541245 -0.011063499 0.999893188 46.111606598
0.999949038 -0.005824193 -0.008254454 0.619728446 0.005912276 0.999925375 0.010686919 -1.374986172 0.008191597 -0.010735177 0.999908745 46.632884979
0.999937356 -0.006781878 -0.008906313 0.649190187 0.006872548 0.999924481 0.010189618 -1.364088058 0.008836536 -0.010250192 0.999908388 47.147113800
0.999933660 -0.006656512 -0.009398283 0.649426341 0.006776398 0.999895334 0.012782475 -1.430570841 0.009312214 -0.012845314 0.999874055 47.611209869
0.999936342 -0.006726214 -0.009057187 0.656530738 0.006839728 0.999897659 0.012560750 -1.436842918 0.008971776 -0.012621899 0.999880016 48.160942078
0.999922156 -0.007529674 -0.009958627 0.674923301 0.007656327 0.999889553 0.012741582 -1.448029280 0.009861588 -0.012816835 0.999869168 48.704902649
0.999936163 -0.006246202 -0.009418814 0.672257066 0.006364895 0.999900043 0.012624741 -1.452638984 0.009339017 -0.012683881 0.999875963 49.270935059
0.999931574 -0.006597331 -0.009659042 0.684786201 0.006719001 0.999897778 0.012618657 -1.463745594 0.009574805 -0.012682689 0.999873757 49.696472168
0.999937236 -0.005834320 -0.009552463 0.679916739 0.005956223 0.999900520 0.012783204 -1.472593784 0.009476932 -0.012839299 0.999872625 50.235549927
0.999935448 -0.005997966 -0.009644923 0.689635575 0.006109607 0.999914169 0.011587653 -1.473005533 0.009574591 -0.011645831 0.999886453 50.773567200
0.999937296 -0.006247025 -0.009297822 0.704322219 0.006356190 0.999910653 0.011758018 -1.468464613 0.009223539 -0.011816381 0.999887705 51.296520233
0.999931693 -0.006344959 -0.009810478 0.710955620 0.006466731 0.999901772 0.012431030 -1.490095139 0.009730641 -0.012493622 0.999874592 51.735694885
0.999938786 -0.005738357 -0.009451176 0.721447051 0.005858700 0.999901414 0.012755103 -1.495213509 0.009377052 -0.012809696 0.999873996 52.273105621
0.999927044 -0.006532619 -0.010167800 0.729724050 0.006656223 0.999903798 0.012170370 -1.501894474 0.010087318 -0.012237160 0.999874234 52.827781677
0.999924719 -0.006677009 -0.010295316 0.749291182 0.006803397 0.999901354 0.012290512 -1.520727634 0.010212236 -0.012359628 0.999871492 53.330917358
0.999943972 -0.005173223 -0.009237032 0.723663568 0.005286234 0.999910951 0.012252335 -1.514571190 0.009172827 -0.012300476 0.999882340 53.853904724
0.999938428 -0.006314562 -0.009126656 0.675307572 0.006438163 0.999887109 0.013577553 -1.558021665 0.009039890 -0.013635477 0.999866188 54.232013702
0.999944329 -0.005926203 -0.008730566 0.671844721 0.006046401 0.999886453 0.013805998 -1.577681422 0.008647758 -0.013858017 0.999866605 54.764160156
0.999939501 -0.006467479 -0.008905382 0.687434912 0.006581351 0.999896228 0.012817531 -1.569704175 0.008821560 -0.012875365 0.999878228 55.294254303
0.999935508 -0.006644132 -0.009219547 0.689747930 0.006760835 0.999896646 0.012685268 -1.583102345 0.009134311 -0.012746780 0.999877036 55.825881958
0.999941111 -0.006345977 -0.008793691 0.686599493 0.006467226 0.999883473 0.013829111 -1.605419159 0.008704907 -0.013885170 0.999865651 56.257923126
0.999933839 -0.006633653 -0.009394768 0.697607160 0.006765942 0.999877453 0.014119909 -1.612497568 0.009299950 -0.014182541 0.999856174 56.794849396
0.999941111 -0.006268475 -0.008860069 0.696111381 0.006386036 0.999891102 0.013303098 -1.615678549 0.008775714 -0.013358896 0.999872208 57.333309174
0.999934852 -0.007081703 -0.008944443 0.710087895 0.007201671 0.999883592 0.013452283 -1.624960423 0.008848136 -0.013515824 0.999869466 57.860195160
0.999939620 -0.006330865 -0.008974688 0.692050099 0.006454756 0.999883354 0.013843441 -1.638210058 0.008885999 -0.013900536 0.999863923 58.332263947
0.999939919 -0.006495256 -0.008829397 0.701900423 0.006614149 0.999886990 0.013503710 -1.648604989 0.008740689 -0.013561298 0.999869883 58.877456665
0.999923468 -0.006594236 -0.010471707 0.784994721 0.006749601 0.999866664 0.014871262 -1.691315174 0.010372247 -0.014940806 0.999834597 59.348152161
0.999926746 -0.006661873 -0.010105106 0.765421748 0.006807113 0.999873042 0.014407266 -1.684142828 0.010007844 -0.014474997 0.999845207 59.893028259
0.999931216 -0.006643572 -0.009668228 0.750272691 0.006779972 0.999876916 0.014144290 -1.672705531 0.009573070 -0.014208865 0.999853253 60.379184723
0.999933779 -0.006998943 -0.009148472 0.708965302 0.007124232 0.999880254 0.013734969 -1.670676231 0.009051248 -0.013799233 0.999863744 60.890193939
0.999929070 -0.007031891 -0.009615330 0.722169340 0.007162353 0.999881804 0.013601668 -1.682093859 0.009518549 -0.013669570 0.999861181 61.450946808
0.999941111 -0.006423021 -0.008749018 0.700240135 0.006546153 0.999878824 0.014118720 -1.714820981 0.008657274 -0.014175159 0.999862015 61.989002228
0.999932766 -0.006565547 -0.009556884 0.733584523 0.006692470 0.999888957 0.013309845 -1.705027342 0.009468437 -0.013372907 0.999865711 62.567008972
0.999927938 -0.007054649 -0.009718628 0.734580100 0.007180125 0.999890506 0.012937051 -1.697781086 0.009626297 -0.013005897 0.999869049 63.092147827
0.999931216 -0.007392598 -0.009106958 0.720834672 0.007526124 0.999863386 0.014716026 -1.742328882 0.008996924 -0.014783555 0.999850214 63.463218689
0.999931216 -0.007552536 -0.008978314 0.733013630 0.007677162 0.999873579 0.013928226 -1.741641760 0.008871984 -0.013996198 0.999862671 64.002258301
0.999936759 -0.007047156 -0.008772458 0.728220165 0.007170371 0.999874890 0.014094349 -1.754636765 0.008672034 -0.014156358 0.999862194 64.550857544
0.999920726 -0.007763729 -0.009916260 0.760770202 0.007900092 0.999873698 0.013787043 -1.749947190 0.009807969 -0.013864287 0.999855697 65.027061462
0.999922574 -0.007934705 -0.009585879 0.745417118 0.008072339 0.999863625 0.014405618 -1.766465187 0.009470267 -0.014481883 0.999850214 65.493476868
0.999922395 -0.008212070 -0.009368212 0.748333573 0.008345473 0.999863029 0.014290756 -1.769242525 0.009249573 -0.014367828 0.999853969 66.032371521
0.999920428 -0.007966523 -0.009786169 0.763287544 0.008106483 0.999864161 0.014346326 -1.784453154 0.009670550 -0.014424514 0.999849200 66.592857361
0.999931872 -0.006827866 -0.009469270 0.759984910 0.006961190 0.999876142 0.014118825 -1.782883525 0.009371694 -0.014183781 0.999855518 67.131301880
0.999923050 -0.007681599 -0.009742122 0.776509702 0.007812257 0.999879062 0.013445289 -1.786484241 0.009637662 -0.013520361 0.999862134 67.639312744
0.999929845 -0.007304450 -0.009325651 0.775990009 0.007438869 0.999867678 0.014461407 -1.808984518 0.009218786 -0.014529765 0.999851942 68.038414001
0.999928415 -0.006913173 -0.009771574 0.797298372 0.007052504 0.999872863 0.014296977 -1.823261023 0.009671496 -0.014364869 0.999850035 68.580154419
0.999941111 -0.006497620 -0.008688633 0.771146417 0.006624236 0.999871135 0.014624146 -1.835979223 0.008592490 -0.014680841 0.999855280 69.127243042
0.999925792 -0.007611651 -0.009516787 0.826680899 0.007746994 0.999868214 0.014266498 -1.847467422 0.009406943 -0.014339167 0.999852896 69.601486206
0.999933004 -0.006930962 -0.009270147 0.815028369 0.007068716 0.999863863 0.014910718 -1.857328057 0.009165538 -0.014975249 0.999845862 70.049797058
0.999936402 -0.006641356 -0.009112554 0.822461963 0.006775697 0.999867678 0.014791682 -1.860881329 0.009013111 -0.014852487 0.999849021 70.602760315
0.999939382 -0.006258158 -0.009063429 0.827175736 0.006391877 0.999870062 0.014800704 -1.873199821 0.008969627 -0.014857738 0.999849379 71.162086487
0.999920964 -0.007961955 -0.009733264 0.843154371 0.008104692 0.999858916 0.014714519 -1.882966995 0.009614735 -0.014792239 0.999844372 71.738143921
0.999933481 -0.006703007 -0.009386810 0.882177591 0.006844570 0.999862134 0.015131088 -1.903490305 0.009284093 -0.015194330 0.999841452 72.194145203
0.999928594 -0.007264626 -0.009484526 0.815674484 0.007407283 0.999858677 0.015093565 -1.882799029 0.009373537 -0.015162744 0.999841034 72.659461975
0.999932408 -0.006897605 -0.009359512 0.825633347 0.007035079 0.999866724 0.014735623 -1.889826775 0.009256624 -0.014800474 0.999847591 73.198493958
0.999926448 -0.007635998 -0.009424727 0.840237498 0.007769498 0.999868870 0.014210418 -1.900704980 0.009314979 -0.014282598 0.999854565 73.776527405
0.999931991 -0.007314742 -0.009084549 0.835202575 0.007441343 0.999874592 0.013981128 -1.903738976 0.008981139 -0.014047780 0.999860942 74.296463013
0.999935508 -0.006683181 -0.009180657 0.849187195 0.006811365 0.999878824 0.014002966 -1.907468438 0.009085959 -0.014064595 0.999859750 74.824645996
0.999923468 -0.007502509 -0.009833609 0.843484342 0.007645038 0.999865115 0.014537537 -1.915604711 0.009723213 -0.014611602 0.999845982 75.297386169
0.999925613 -0.007580627 -0.009555886 0.846115410 0.007720574 0.999862254 0.014694341 -1.919271946 0.009443178 -0.014767024 0.999846399 75.842269897
0.999918938 -0.008099202 -0.009830663 0.847386360 0.008238479 0.999865115 0.014210712 -1.925137758 0.009714241 -0.014290550 0.999850690 76.357681274
0.999932945 -0.007022560 -0.009217732 0.852576911 0.007158391 0.999865055 0.014786464 -1.939349651 0.009112650 -0.014851457 0.999848187 76.891288757
0.999948442 -0.006352663 -0.007919924 0.856038094 0.006467425 0.999873161 0.014549857 -1.945857286 0.007826490 -0.014600327 0.999862790 77.364715576
0.999966383 -0.005802381 -0.005789602 0.847517252 0.005887970 0.999871969 0.014877302 -1.965265870 0.005702539 -0.014910890 0.999872565 77.913398743
0.999971032 -0.005879926 -0.004834102 0.866063595 0.005950288 0.999874651 0.014672183 -1.977638602 0.004747226 -0.014700522 0.999880672 78.485450745
0.999989331 -0.003667304 -0.002829482 0.837373435 0.003710394 0.999874890 0.015376656 -2.006652832 0.002772738 -0.015386989 0.999877751 79.030601501
0.999980509 -0.006164757 -0.000938923 0.879441977 0.006178437 0.999863207 0.015340748 -2.002363205 0.000844223 -0.015346251 0.999881804 79.460670471
0.999974966 -0.006518027 0.002791716 0.893940866 0.006473989 0.999858797 0.015503376 -2.006593943 -0.002892374 -0.015484911 0.999875903 79.994941711
0.999967039 -0.005863751 0.005617084 0.923477411 0.005775650 0.999862015 0.015574431 -2.018626690 -0.005707633 -0.015541475 0.999862909 80.533065796
0.999932408 -0.005188656 0.010412523 0.935780525 0.005032525 0.999875367 0.014965139 -2.015357733 -0.010488873 -0.014911726 0.999833703 81.071113586
0.999851704 -0.004297822 0.016677041 0.967586458 0.004037232 0.999869764 0.015628047 -2.051068544 -0.016742034 -0.015558402 0.999738693 81.575714111
0.999722242 -0.003986553 0.023230445 0.997312963 0.003628293 0.999874115 0.015443884 -2.063610554 -0.023289086 -0.015355307 0.999610841 82.055511475
0.999593019 -0.005108592 0.028066574 0.990566850 0.004660809 0.999861181 0.015996635 -2.064098358 -0.028144395 -0.015859311 0.999478042 82.622604370
0.999314964 -0.005188666 0.036642674 1.031646252 0.004601905 0.999860168 0.016079323 -2.065968037 -0.036720984 -0.015899681 0.999199033 83.180625916
0.998997450 -0.005464412 0.044433244 1.087646246 0.004724056 0.999848545 0.016750159 -2.088809967 -0.044518039 -0.016523460 0.998871982 83.695419312
0.998649836 -0.005433334 0.051662296 1.123363733 0.004570161 0.999848247 0.016811475 -2.086760044 -0.051745795 -0.016552670 0.998523116 84.269172668
0.998154104 -0.005633493 0.060471646 1.182090998 0.004700891 0.999868035 0.015553338 -2.093141794 -0.060551286 -0.015240354 0.998048723 84.875236511
0.997496307 -0.005996163 0.070464022 1.236723900 0.004866280 0.999857008 0.016195640 -2.109668255 -0.070551053 -0.015812192 0.997382879 85.431098938
0.996772707 -0.005328502 0.080098420 1.264227867 0.004022069 0.999856412 0.016462840 -2.136708260 -0.080174655 -0.016087553 0.996650994 85.983169556
0.996065617 -0.005561711 0.088443592 1.325342655 0.004164787 0.999863744 0.015971225 -2.137735844 -0.088520370 -0.015540039 0.995953143 86.536827087
0.995037973 -0.003309594 0.099440478 1.397910118 0.001606607 0.999850750 0.017200893 -2.160506964 -0.099482574 -0.016955780 0.994894803 87.088264465
0.994017541 -0.005466776 0.109083347 1.523310661 0.003697433 0.999858439 0.016415779 -2.172756672 -0.109157659 -0.015914243 0.993897080 87.583869934
0.993056715 -0.006693225 0.117445469 1.581366539 0.004708532 0.999841452 0.017168175 -2.182147264 -0.117541760 -0.016495978 0.992930949 88.001457214
0.991661608 -0.006201611 0.128719851 1.670822144 0.003982935 0.999839187 0.017486736 -2.186984062 -0.128807604 -0.016828243 0.991526842 88.548477173
0.989987135 -0.006076948 0.141026869 1.763003349 0.003671385 0.999843359 0.017311405 -2.194015026 -0.141109988 -0.016620303 0.989854455 89.080390930
0.988330603 -0.005884471 0.152210400 1.869668007 0.003297736 0.999845862 0.017241342 -2.201872349 -0.152288377 -0.016538197 0.988197744 89.629196167
0.986808956 -0.005789935 0.161785722 1.968162537 0.002939200 0.999836206 0.017854229 -2.213706493 -0.161862582 -0.017143188 0.986664414 90.155845642
0.984707355 -0.006891583 0.174080610 2.061655045 0.003933810 0.999841988 0.017330155 -2.203803778 -0.174172565 -0.016380325 0.984578967 90.684486389
0.982579350 -0.006986128 0.185712278 2.250480652 0.003542044 0.999815643 0.018870592 -2.250995636 -0.185809910 -0.017884051 0.982422948 91.081977844
0.980469286 -0.007163736 0.196541429 2.357194901 0.003826958 0.999842107 0.017352017 -2.177350044 -0.196634710 -0.016260961 0.980341971 91.798156738
0.977646649 -0.006399771 0.210157499 2.488916397 0.002786865 0.999843299 0.017483080 -2.185264111 -0.210236430 -0.016506590 0.977511227 92.356987000
0.974650264 -0.006726584 0.223632917 2.648036957 0.002831494 0.999838710 0.017733449 -2.201968908 -0.223716155 -0.016650695 0.974512100 92.843505859
0.972020507 -0.007714558 0.234769300 2.819759369 0.003509881 0.999825954 0.018322412 -2.225578547 -0.234869763 -0.016985746 0.971878409 93.348075867
0.968997300 -0.006255790 0.246992648 3.036054611 0.002059241 0.999849141 0.017245244 -2.172219276 -0.247063279 -0.016201975 0.968863845 93.867828369
0.965401292 -0.006522804 0.260687232 3.180027008 0.001656807 0.999820292 0.018881435 -2.237138510 -0.260763526 -0.017796250 0.965238750 94.278961182
0.961768270 -0.008335052 0.273737609 3.326646805 0.003467601 0.999827266 0.018260498 -2.249017239 -0.273842514 -0.016613156 0.961631060 94.984176636
0.958644986 -0.009563120 0.284444213 3.517690659 0.004337130 0.999810159 0.018996827 -2.267822266 -0.284571916 -0.016977541 0.958504438 95.479507446
0.954282463 -0.008520650 0.298784882 3.691526413 0.003177381 0.999826252 0.018364560 -2.257883072 -0.298889458 -0.016575621 0.954143763 96.034637451
0.949834526 -0.009358403 0.312612921 3.906139374 0.003873309 0.999827564 0.018162360 -2.257178307 -0.312729001 -0.016040388 0.949706912 96.569198608
0.946109056 -0.009141953 0.323719054 4.094497681 0.003505171 0.999831975 0.017991355 -2.267162085 -0.323829085 -0.015887093 0.945982158 97.103012085
0.941649735 -0.009394472 0.336463004 4.286647797 0.003349625 0.999822497 0.018541802 -2.262279510 -0.336577445 -0.016332859 0.941514134 97.541656494
0.936326027 -0.009087021 0.351014256 4.509773254 0.002676440 0.999820769 0.018743893 -2.264402866 -0.351121604 -0.016610924 0.936182559 98.070755005
0.931694269 -0.010324840 0.363096565 4.732633591 0.003728797 0.999815166 0.018862288 -2.276319742 -0.363224238 -0.016219972 0.931560636 98.574729919
0.926893890 -0.009687646 0.375198543 4.958173752 0.002898303 0.999821782 0.018655460 -2.286943436 -0.375312328 -0.016204190 0.926756859 99.103118896
0.921444595 -0.011301287 0.388345361 5.216402054 0.004152438 0.999806225 0.019242810 -2.295040131 -0.388487577 -0.016118607 0.921312928 99.557739258
0.915757179 -0.012186780 0.401547194 5.441505432 0.004666203 0.999795079 0.019701725 -2.329248428 -0.401705027 -0.016168296 0.915626466 100.010421753
0.910791397 -0.011069486 0.412718326 5.695915222 0.003444075 0.999809504 0.019215386 -2.318896770 -0.412852377 -0.016079774 0.910655975 100.548255920
0.905144811 -0.011367708 0.424951077 5.912601471 0.003023763 0.999789357 0.020304380 -2.327975750 -0.425092369 -0.017093457 0.904988587 100.993194580
0.898718178 -0.010419432 0.438402921 6.160266876 0.002238635 0.999813676 0.019173205 -2.269166946 -0.438520998 -0.016249882 0.898573995 101.561706543
0.893024683 -0.011485313 0.449861228 6.432476044 0.003050621 0.999805808 0.019470010 -2.275040627 -0.449997485 -0.016014842 0.892886102 102.038055420
0.887187243 -0.012356964 0.461244226 6.704647064 0.003384838 0.999788761 0.020274227 -2.289498329 -0.461397260 -0.016425796 0.887041509 102.515899658
0.879614472 -0.011426304 0.475550115 6.983894348 0.002541119 0.999810040 0.019322736 -2.274776459 -0.475680590 -0.015788129 0.879476368 103.026237488
0.872747779 -0.011561795 0.488034576 7.261264801 0.002250083 0.999804139 0.019662082 -2.291229248 -0.488166332 -0.016061917 0.872602761 103.448440552
