1.000000000 0.000000000 0.000000000 0.000000000 0.000000000 1.000000000 0.000000000 0.000000000 0.000000000 0.000000000 1.000000000 0.000000000
1.000000000 -0.000051290 -0.000010319 -0.000065566 0.000051290 1.000000000 -0.000055756 0.000279017 0.000010322 0.000055756 1.000000000 -0.000000589
1.000000000 -0.000062048 0.000013259 -0.000549995 0.000062048 1.000000000 -0.000008441 0.000057841 -0.000013258 0.000008441 1.000000000 -0.000120950
1.000000000 -0.000028685 0.000071669 -0.000221494 0.000028691 1.000000000 -0.000089135 0.001164500 -0.000071667 0.000089137 1.000000000 0.000831732
1.000000000 -0.000132549 -0.000026523 0.000225051 0.000132548 1.000000000 -0.000031577 0.000465379 0.000026527 0.000031573 1.000000000 0.000154562
1.000000000 -0.000011568 0.000059470 -0.001263232 0.000011566 1.000000000 0.000031876 -0.000386920 -0.000059470 -0.000031876 1.000000000 -0.001113936
1.000000000 0.000019199 0.000037336 -0.000959839 -0.000019193 1.000000000 -0.000162687 0.000681300 -0.000037339 0.000162686 1.000000000 -0.000515413
1.000000000 0.000011011 0.000102406 -0.001013800 -0.000011006 1.000000000 -0.000047199 -0.000331622 -0.000102407 0.000047198 1.000000000 -0.000310492
1.000000000 0.000174856 0.000103890 -0.002129838 -0.000174860 1.000000000 0.000030741 -0.000249066 -0.000103885 -0.000030759 1.000000000 -0.000374467
1.000000000 0.000035174 0.000125617 -0.001539021 -0.000035157 1.000000000 -0.000133436 0.000663983 -0.000125621 0.000133432 1.000000000 -0.000388043
1.000000000 0.000207398 0.000084992 -0.001501223 -0.000207387 1.000000000 -0.000125693 -0.000016311 -0.000085018 0.000125675 1.000000000 -0.000739768
1.000000000 0.000018043 0.000088808 -0.001254785 -0.000018041 1.000000000 -0.000026014 0.000388204 -0.000088809 0.000026012 1.000000000 -0.000131257
1.000000000 0.000136067 0.000097114 -0.001713978 -0.000136053 1.000000000 -0.000150641 0.001065392 -0.000097134 0.000150628 1.000000000 0.000554572
1.000000000 0.000221517 0.000070726 -0.000655680 -0.000221509 0.999999940 -0.000112636 0.001609664 -0.000070751 0.000112620 1.000000000 0.000780498
0.999999940 0.000185973 0.000206108 -0.002206210 -0.000185937 0.999999940 -0.000175432 0.001875064 -0.000206140 0.000175394 0.999999940 0.001536982
0.999999940 0.000369219 0.000159985 -0.002402831 -0.000369194 0.999999940 -0.000157915 0.001631597 -0.000160043 0.000157856 1.000000000 0.001400463
0.999999940 0.000332590 0.000212894 -0.002283026 -0.000332561 0.999999940 -0.000140510 0.002217131 -0.000212941 0.000140440 0.999999940 0.002483545
0.999999940 0.000233405 0.000202153 -0.002023470 -0.000233372 0.999999940 -0.000164413 0.001621426 -0.000202191 0.000164366 0.999999940 0.001533713
0.999999940 0.000260754 0.000229903 -0.002503411 -0.000260745 0.999999940 -0.000038460 0.001579460 -0.000229913 0.000038400 1.000000000 0.002279107
0.999999940 0.000254236 0.000132704 -0.001989026 -0.000254228 0.999999940 -0.000061983 0.001851134 -0.000132719 0.000061949 1.000000000 0.002265824
0.999999940 0.000316806 0.000143375 -0.001878177 -0.000316796 0.999999940 -0.000074127 0.001607202 -0.000143398 0.000074082 1.000000000 0.002224214
0.999999940 0.000267807 0.000104822 -0.001541820 -0.000267794 0.999999940 -0.000124204 0.002202560 -0.000104855 0.000124176 1.000000000 0.002453753
0.999999881 0.000405736 0.000201722 -0.002662085 -0.000405715 0.999999940 -0.000105975 0.002302393 -0.000201765 0.000105894 1.000000000 0.002977089
0.999999940 0.000340047 0.000219407 -0.001986825 -0.000340020 0.999999940 -0.000124913 0.001714067 -0.000219449 0.000124838 0.999999940 0.001743161
0.999999940 0.000291320 0.000194301 -0.001328675 -0.000291286 0.999999940 -0.000176109 0.002977602 -0.000194353 0.000176053 0.999999940 0.004082144
0.999999940 0.000334955 0.000214344 -0.002501837 -0.000334945 0.999999940 -0.000046387 0.001232113 -0.000214360 0.000046315 1.000000000 0.001963446
0.999999940 0.000276812 0.000143347 -0.001797971 -0.000276796 0.999999940 -0.000112086 0.002030417 -0.000143378 0.000112047 1.000000000 0.001980682
0.999999940 0.000250145 0.000168966 -0.002034673 -0.000250119 0.999999940 -0.000151406 0.002474135 -0.000169004 0.000151364 1.000000000 0.003024347
0.999999940 0.000258234 0.000176802 -0.001079549 -0.000258219 0.999999940 -0.000086818 0.001607864 -0.000176824 0.000086773 1.000000000 0.002935815
0.999999940 0.000291554 0.000188595 -0.002252123 -0.000291523 0.999999940 -0.000161666 0.002388099 -0.000188643 0.000161611 0.999999940 0.001981709
0.999999940 0.000363927 0.000187222 -0.001600113 -0.000363890 0.999999940 -0.000193263 0.002908255 -0.000187292 0.000193194 0.999999940 0.003446489
0.999999940 0.000299861 0.000269797 -0.001816252 -0.000299828 0.999999940 -0.000121748 0.001559499 -0.000269833 0.000121667 0.999999940 0.001373409
0.999999881 0.000425898 0.000234781 -0.002876191 -0.000425860 0.999999881 -0.000158200 0.001659861 -0.000234848 0.000158100 0.999999940 0.001900301
0.999999940 0.000355058 0.000194498 -0.001635560 -0.000355016 0.999999940 -0.000213388 0.001893565 -0.000194574 0.000213319 0.999999940 0.002234280
0.999999940 0.000248122 0.000163273 -0.000985391 -0.000248095 0.999999940 -0.000165983 0.002423096 -0.000163314 0.000165943 1.000000000 0.003117294
0.999999940 0.000252444 0.000136057 -0.001399847 -0.000252431 0.999999940 -0.000094044 0.002621544 -0.000136081 0.000094010 1.000000000 0.003527754
0.999999940 0.000343415 0.000193255 -0.001704499 -0.000343390 0.999999940 -0.000129231 0.001571713 -0.000193299 0.000129164 1.000000000 0.002433093
0.999999940 0.000394069 0.000141608 -0.001074900 -0.000394059 0.999999940 -0.000073169 0.002036568 -0.000141637 0.000073113 1.000000000 0.001501860
0.999999940 0.000315739 0.000136887 -0.000995437 -0.000315717 0.999999940 -0.000161826 0.001259650 -0.000136938 0.000161783 1.000000000 0.002525032
0.999999881 0.000414499 0.000296166 -0.000732496 -0.000414299 0.999999702 -0.000674320 -0.001557082 -0.000296445 0.000674197 0.999999702 0.049727403
0.999999821 0.000535749 0.000345826 -0.002225083 -0.000535388 0.999999285 -0.001042456 -0.005529264 -0.000346385 0.001042271 0.999999404 0.135780260
0.999999881 0.000457942 0.000215811 0.002781266 -0.000457618 0.999998748 -0.001501677 -0.008158139 -0.000216498 0.001501578 0.999998868 0.253825366
0.999999940 0.000371039 0.000180278 0.006748930 -0.000370778 0.999998868 -0.001447129 -0.007288042 -0.000180815 0.001447062 0.999998927 0.391747177
0.999999821 0.000509516 0.000322505 0.002583762 -0.000509177 0.999999344 -0.001048927 -0.013958819 -0.000323039 0.001048763 0.999999404 0.531110644
0.999999821 0.000408030 0.000431097 0.005963065 -0.000407595 0.999999404 -0.001010667 -0.019531956 -0.000431509 0.001010491 0.999999404 0.683195472
0.999999642 0.000753602 0.000328144 0.018565262 -0.000753331 0.999999404 -0.000825660 -0.019830495 -0.000328766 0.000825412 0.999999583 0.849887669
0.999999404 0.000707136 0.000833099 0.012178422 -0.000706492 0.999999464 -0.000773080 -0.023736048 -0.000833645 0.000772491 0.999999344 1.022202373
0.999999642 0.000710684 0.000454064 0.021530941 -0.000710185 0.999999166 -0.001096915 -0.021080313 -0.000454843 0.001096592 0.999999285 1.208850026
0.999999225 0.000811194 0.000962542 0.015753007 -0.000810518 0.999999404 -0.000702061 -0.030905778 -0.000963111 0.000701281 0.999999285 1.398931026
0.999999940 -0.000013371 0.000297102 0.023107218 0.000013445 0.999999940 -0.000250301 -0.049639430 -0.000297099 0.000250305 0.999999940 1.557560802
0.999999881 -0.000414487 0.000333425 0.027051045 0.000414506 0.999999940 -0.000058905 -0.054397650 -0.000333400 0.000059043 0.999999940 1.757089138
0.999999940 -0.000312625 0.000399342 0.029678635 0.000312489 0.999999940 0.000340702 -0.063106567 -0.000399448 -0.000340578 0.999999821 1.955608845
0.999999940 -0.000555582 0.000277077 0.030985607 0.000555504 0.999999821 0.000280658 -0.071205035 -0.000277233 -0.000280504 0.999999881 2.164373398
0.999999762 -0.000513110 0.000448896 0.034335397 0.000512971 0.999999821 0.000309643 -0.076374158 -0.000449055 -0.000309413 0.999999821 2.381177425
0.999999881 0.000061066 0.000525798 0.037944540 -0.000061038 1.000000000 -0.000054348 -0.077551022 -0.000525801 0.000054315 0.999999881 2.614072323
0.999999762 -0.000365553 0.000554232 0.047101967 0.000365325 0.999999821 0.000410646 -0.087948523 -0.000554382 -0.000410443 0.999999702 2.836885452
0.999999642 -0.000618779 0.000412439 0.051913142 0.000618556 0.999999642 0.000540026 -0.092532501 -0.000412773 -0.000539770 0.999999702 3.078416109
0.999999762 -0.000395287 0.000506080 0.058600064 0.000395020 0.999999762 0.000527762 -0.102441907 -0.000506289 -0.000527562 0.999999702 3.311019659
0.999999523 -0.000842028 0.000386614 0.065930121 0.000841809 0.999999464 0.000565113 -0.106842771 -0.000387090 -0.000564788 0.999999762 3.549003124
0.999999762 -0.000585877 0.000500033 0.070249550 0.000585576 0.999999702 0.000602334 -0.112424932 -0.000500386 -0.000602041 0.999999642 3.807263374
0.999999404 -0.000880960 0.000563263 0.070489973 0.000880415 0.999999106 0.000966770 -0.122237019 -0.000564115 -0.000966273 0.999999344 4.056725979
0.999999642 -0.000384404 0.000761584 0.079467811 0.000383754 0.999999523 0.000854326 -0.122363381 -0.000761912 -0.000854033 0.999999344 4.318750381
0.999999523 -0.000688169 0.000694865 0.081150234 0.000687586 0.999999404 0.000837961 -0.137251109 -0.000695441 -0.000837483 0.999999404 4.565773487
0.999999642 -0.000398084 0.000766549 0.088407762 0.000397591 0.999999702 0.000642174 -0.140079781 -0.000766804 -0.000641869 0.999999464 4.829855442
0.999999523 -0.000414719 0.000894562 0.096357629 0.000413859 0.999999404 0.000961457 -0.145984307 -0.000894960 -0.000961086 0.999999166 5.089434147
0.999999523 -0.000633725 0.000775393 0.103404596 0.000633310 0.999999642 0.000535271 -0.153772354 -0.000775732 -0.000534779 0.999999583 5.349134922
0.999999285 -0.000302453 0.001133064 0.106754065 0.000301653 0.999999702 0.000705850 -0.161222145 -0.001133278 -0.000705508 0.999999106 5.614940643
0.999999285 -0.000322263 0.001139622 0.098857686 0.000321098 0.999999404 0.001022614 -0.174888059 -0.001139951 -0.001022248 0.999998808 5.870177269
0.999999166 0.000137729 0.001248843 0.103466891 -0.000138999 0.999999404 0.001016820 -0.181916833 -0.001248702 -0.001016993 0.999998689 6.150833130
0.999998689 0.000512036 0.001564982 0.112924412 -0.000513105 0.999999583 0.000683046 -0.181381434 -0.001564632 -0.000683848 0.999998510 6.452371597
0.999999166 -0.000369363 0.001222352 0.116085000 0.000368044 0.999999344 0.001078681 -0.191180855 -0.001222750 -0.001078230 0.999998629 6.740679264
0.999998987 0.000268653 0.001400378 0.113045983 -0.000269567 0.999999762 0.000652135 -0.201709256 -0.001400202 -0.000652512 0.999998748 7.035254478
0.999999285 -0.000136021 0.001202377 0.122710302 0.000135310 0.999999881 0.000592029 -0.208413392 -0.001202457 -0.000591866 0.999999046 7.341829777
0.999998629 0.000097346 0.001683678 0.124935091 -0.000098810 0.999999702 0.000869746 -0.222667336 -0.001683593 -0.000869912 0.999998271 7.633586407
0.999999046 0.000404341 0.001306669 0.136575550 -0.000405489 0.999999523 0.000877950 -0.229979321 -0.001306313 -0.000878479 0.999998808 7.961907387
0.999998868 -0.000003722 0.001450928 0.134674519 0.000002402 0.999999523 0.000909847 -0.241867214 -0.001450930 -0.000909842 0.999998510 8.260651588
0.999998868 -0.000332825 0.001447938 0.142680660 0.000331649 0.999999583 0.000811979 -0.248214915 -0.001448207 -0.000811498 0.999998629 8.588702202
0.999998927 -0.000178212 0.001467218 0.150849462 0.000176427 0.999999285 0.001216643 -0.256694466 -0.001467434 -0.001216383 0.999998152 8.935305595
0.999999166 -0.000123615 0.001224107 0.155212134 0.000122173 0.999999285 0.001177623 -0.271002233 -0.001224252 -0.001177472 0.999998569 9.247887611
0.999998629 0.000412724 0.001542914 0.159432262 -0.000414443 0.999999285 0.001113735 -0.281285793 -0.001542453 -0.001114373 0.999998212 9.587875366
0.999999106 0.000056582 0.001300786 0.165754348 -0.000057616 0.999999762 0.000795322 -0.285775810 -0.001300741 -0.000795397 0.999998868 9.943757057
0.999998629 0.000384956 0.001556975 0.168334126 -0.000385860 0.999999821 0.000580423 -0.293626875 -0.001556751 -0.000581023 0.999998629 10.307889938
0.999998927 0.000159151 0.001461139 0.177511856 -0.000160812 0.999999285 0.001136460 -0.310105622 -0.001460957 -0.001136693 0.999998271 10.640151978
0.999998868 -0.000396995 0.001412408 0.187226266 0.000395716 0.999999523 0.000905681 -0.314751446 -0.001412766 -0.000905121 0.999998629 11.019001961
0.999998689 -0.000839499 0.001410790 0.198654667 0.000837409 0.999998569 0.001481223 -0.330596507 -0.001412031 -0.001480040 0.999997914 11.398166656
0.999998868 0.000419337 0.001539660 0.202906355 -0.000422185 0.999998152 0.001849155 -0.343163878 -0.001538881 -0.001849803 0.999997020 11.739334106
0.999998808 0.000191442 0.001562272 0.212306216 -0.000194473 0.999998093 0.001939853 -0.355651498 -0.001561898 -0.001940155 0.999996841 12.127059937
0.999998629 -0.000120354 0.001684966 0.222419173 0.000116810 0.999997795 0.002103137 -0.368633121 -0.001685215 -0.002102937 0.999996364 12.511136055
0.999998510 0.000432136 0.001681950 0.225886181 -0.000435125 0.999998271 0.001776972 -0.376234442 -0.001681179 -0.001777702 0.999997020 12.911492348
0.999998748 -0.000122885 0.001573519 0.244458094 0.000120283 0.999998629 0.001653704 -0.384859622 -0.001573721 -0.001653512 0.999997437 13.311697006
0.999996543 0.000793164 0.002494284 0.246215641 -0.000797235 0.999998271 0.001631454 -0.396009505 -0.002492986 -0.001633437 0.999995530 13.717154503
0.999997854 0.000610596 0.001972246 0.249359325 -0.000614183 0.999998093 0.001818075 -0.409126967 -0.001971132 -0.001819282 0.999996424 14.133617401
0.999997199 0.000317257 0.002338322 0.257781208 -0.000320735 0.999998868 0.001487197 -0.422254503 -0.002337847 -0.001487942 0.999996185 14.553308487
0.999997020 0.000735154 0.002336840 0.266435862 -0.000738110 0.999998927 0.001263915 -0.428824842 -0.002335908 -0.001265636 0.999996483 14.998123169
0.999996364 0.000012402 0.002701417 0.271951050 -0.000018416 0.999997437 0.002226623 -0.452314049 -0.002701383 -0.002226665 0.999993801 15.406378746
0.999995887 -0.000111419 0.002871799 0.281204224 0.000104701 0.999997258 0.002339314 -0.463900954 -0.002872052 -0.002339004 0.999993086 15.852952957
0.999993086 0.000566781 0.003667862 0.287665248 -0.000574469 0.999997616 0.002095263 -0.466997206 -0.003666666 -0.002097356 0.999991059 16.309265137
0.999991834 0.000377184 0.004023962 0.295773506 -0.000385966 0.999997556 0.002181634 -0.487319469 -0.004023130 -0.002183169 0.999989510 16.744026184
0.999992251 -0.000290083 0.003923793 0.310446739 0.000281631 0.999997675 0.002154381 -0.501385987 -0.003924408 -0.002153260 0.999989986 17.210355759
0.999990463 0.000687524 0.004312558 0.317126423 -0.000699012 0.999996185 0.002662970 -0.516003311 -0.004310710 -0.002665959 0.999987125 17.668527603
0.999989331 0.000170786 0.004613977 0.326131254 -0.000179885 0.999998033 0.001971749 -0.523973584 -0.004613631 -0.001972558 0.999987423 18.098682404
0.999986887 0.000552651 0.005100925 0.332697570 -0.000562763 0.999997854 0.001981199 -0.533939004 -0.005099820 -0.001984043 0.999985039 18.561403275
0.999986827 0.000537312 0.005110294 0.349341542 -0.000546569 0.999998212 0.001810313 -0.547531903 -0.005109312 -0.001813082 0.999985278 19.049224854
0.999989510 0.000253645 0.004570492 0.365645587 -0.000263884 0.999997377 0.002239777 -0.561864972 -0.004569913 -0.002240960 0.999987066 19.502330780
0.999988437 0.000655307 0.004764410 0.374658823 -0.000667767 0.999996364 0.002613983 -0.577676952 -0.004762680 -0.002617135 0.999985218 19.986909866
0.999989808 0.000826033 0.004458302 0.390121579 -0.000836681 0.999996722 0.002387263 -0.588657260 -0.004456315 -0.002390969 0.999987245 20.475706100
0.999991477 -0.000206002 0.004116187 0.398910910 0.000197087 0.999997556 0.002166202 -0.593548715 -0.004116623 -0.002165373 0.999989212 20.959573746
0.999993384 0.000284371 0.003637780 0.408908397 -0.000290969 0.999998271 0.001813235 -0.600029290 -0.003637259 -0.001814281 0.999991775 21.470615387
0.999992788 0.000461369 0.003766539 0.414794356 -0.000469316 0.999997616 0.002109336 -0.615619540 -0.003765557 -0.002111088 0.999990702 21.978702545
0.999995351 0.000174568 0.003039232 0.423164517 -0.000181216 0.999997616 0.002187527 -0.632542133 -0.003038842 -0.002188067 0.999992967 22.473537445
0.999996126 0.000560204 0.002727000 0.430503041 -0.000566432 0.999997258 0.002283670 -0.649356961 -0.002725712 -0.002285206 0.999993622 22.993642807
0.999994099 0.001763914 0.002947242 0.424987882 -0.001770631 0.999995887 0.002277844 -0.663473785 -0.002943211 -0.002283049 0.999993026 23.509403229
0.999998629 -0.000449559 0.001603886 0.436779618 0.000446070 0.999997556 0.002175129 -0.686894178 -0.001604860 -0.002174411 0.999996305 24.025255203
0.999999166 0.000173502 0.001295268 0.448671043 -0.000176564 0.999997199 0.002364257 -0.695017219 -0.001294854 -0.002364484 0.999996305 24.578094482
0.999999225 0.000792121 0.000886017 0.449491054 -0.000794206 0.999996901 0.002355221 -0.708558977 -0.000884148 -0.002355923 0.999996901 25.100297928
0.999999404 0.001029662 0.000635036 0.437406182 -0.001031282 0.999996185 0.002556736 -0.733551025 -0.000632401 -0.002557389 0.999996543 25.609388351
0.999999344 0.001145807 0.000221459 0.447675437 -0.001146375 0.999996006 0.002582412 -0.743766844 -0.000218499 -0.002582665 0.999996603 26.177383423
0.999998868 0.001526164 0.000307125 0.450390458 -0.001527184 0.999993205 0.003345905 -0.760874450 -0.000302017 -0.003346370 0.999994338 26.727210999
0.999997973 0.002029212 -0.000203137 0.456090689 -0.002028640 0.999994099 0.002781407 -0.765251875 0.000208780 -0.002780989 0.999996126 27.304203033
0.999998331 0.001726874 -0.000600414 0.467538804 -0.001724999 0.999993682 0.003109845 -0.793077826 0.000605781 -0.003108804 0.999994993 27.792083740
0.999996662 0.002573338 -0.000035809 0.472875357 -0.002573225 0.999992669 0.002834915 -0.800257266 0.000043104 -0.002834814 0.999996006 28.347745895
0.999995649 0.002950204 0.000462081 0.477802396 -0.002951892 0.999988854 0.003697606 -0.823992074 -0.000451167 -0.003698953 0.999993086 28.883621216
0.999998212 0.001738105 -0.000790868 0.499539554 -0.001735552 0.999993265 0.003216232 -0.835139036 0.000796453 -0.003214854 0.999994516 29.445825577
0.999996543 0.002221342 -0.001409433 0.478084505 -0.002216146 0.999990761 0.003677966 -0.860749245 0.001417590 -0.003674831 0.999992251 29.947877884
0.999995470 0.002504029 -0.001643624 0.487019151 -0.002498618 0.999991477 0.003285603 -0.873502851 0.001651837 -0.003281482 0.999993324 30.506120682
0.999995351 0.002702110 -0.001466944 0.495988905 -0.002696686 0.999989510 0.003687219 -0.890697539 0.001476893 -0.003683246 0.999992132 31.032220840
0.999994516 0.002884705 -0.001620641 0.496097088 -0.002878584 0.999988914 0.003766222 -0.911657631 0.001631487 -0.003761536 0.999991536 31.582006454
0.999993205 0.003087828 -0.002030987 0.511350691 -0.003080448 0.999988735 0.003626978 -0.925665498 0.002042164 -0.003620697 0.999991357 32.130496979
0.999990821 0.003753352 -0.002108070 0.519167721 -0.003745039 0.999985337 0.003933271 -0.935671091 0.002122801 -0.003925340 0.999989986 32.686248779
0.999994278 0.002365230 -0.002422178 0.514778495 -0.002355065 0.999988437 0.004191223 -0.959995508 0.002432063 -0.004185494 0.999988258 33.209300995
0.999992907 0.002994899 -0.002272202 0.523286939 -0.002985411 0.999986827 0.004166902 -0.972489953 0.002284651 -0.004160088 0.999988735 33.763065338
0.999991000 0.002753818 -0.003243922 0.541573703 -0.002740502 0.999987841 0.004102161 -0.982190073 0.003255180 -0.004093233 0.999986291 34.302532196
0.999991179 0.003031969 -0.002915270 0.535843790 -0.003018877 0.999985337 0.004484593 -1.012119770 0.002928825 -0.004475752 0.999985635 34.811923981
0.999993622 0.002078443 -0.002903438 0.531456470 -0.002065714 0.999988258 0.004380566 -1.012011528 0.002912508 -0.004374539 0.999986172 35.339843750
0.999993503 0.002334651 -0.002755365 0.539945424 -0.002324716 0.999990821 0.003603757 -1.016613126 0.002763753 -0.003597328 0.999989688 35.891033173
0.999989808 0.002850701 -0.003501029 0.550755918 -0.002836844 0.999988139 0.003956760 -1.037081599 0.003512267 -0.003946789 0.999985993 36.468078613
0.999991715 0.002265915 -0.003372885 0.570115209 -0.002253902 0.999991059 0.003561397 -1.039597034 0.003380925 -0.003553766 0.999987900 37.021064758
0.999992013 0.002873990 -0.002766411 0.544244587 -0.002861471 0.999985695 0.004518888 -1.079212070 0.002779359 -0.004510937 0.999985933 37.493953705
0.999991596 0.001934457 -0.003625732 0.561247647 -0.001916374 0.999985695 0.004984296 -1.094625950 0.003635322 -0.004977305 0.999980986 38.043357849
0.999987900 0.001688133 -0.004609283 0.577404618 -0.001668926 0.999989927 0.004168036 -1.098020911 0.004616272 -0.004160292 0.999980688 38.598281860
0.999991596 0.002606292 -0.003143311 0.564197183 -0.002591673 0.999985874 0.004645993 -1.112521172 0.003155375 -0.004637808 0.999984264 39.103874207
0.999990165 0.003076189 -0.003156597 0.572477639 -0.003061656 0.999984801 0.004598792 -1.126294136 0.003170695 -0.004589083 0.999984443 39.656417847
0.999990225 0.002642733 -0.003544170 0.587786257 -0.002626888 0.999986589 0.004467692 -1.140863180 0.003555930 -0.004458338 0.999983728 40.194538116
0.999991298 0.002412448 -0.003381146 0.589246392 -0.002397668 0.999987602 0.004368928 -1.151183486 0.003391644 -0.004360783 0.999984741 40.725444794
0.999989569 0.003014189 -0.003440761 0.598232269 -0.002997736 0.999984086 0.004777645 -1.163210392 0.003455107 -0.004767280 0.999982715 41.274753571
0.999988079 0.002468876 -0.004223940 0.621299982 -0.002450404 0.999987483 0.004372382 -1.176571608 0.004234683 -0.004361978 0.999981523 41.807495117
0.999990463 0.002244501 -0.003728614 0.606091201 -0.002228374 0.999988198 0.004323458 -1.181730986 0.003738274 -0.004315109 0.999983668 42.299892426
0.999991059 0.002498745 -0.003395447 0.610432446 -0.002483782 0.999987304 0.004403934 -1.195296407 0.003406407 -0.004395462 0.999984562 42.850910187
0.999988556 0.002984795 -0.003719751 0.632451773 -0.002970889 0.999988556 0.003738777 -1.207111359 0.003730868 -0.003727684 0.999986112 43.382053375
0.999990225 0.002497403 -0.003641537 0.625856698 -0.002482445 0.999988616 0.004106650 -1.216116786 0.003651751 -0.004097570 0.999984920 43.912025452
0.999989569 0.002876246 -0.003557500 0.631469905 -0.002861722 0.999987602 0.004080931 -1.229716063 0.003569193 -0.004070708 0.999985278 44.460853577
0.999989808 0.002880635 -0.003477352 0.647596300 -0.002865644 0.999986708 0.004308664 -1.246223688 0.003489717 -0.004298655 0.999984682 45.005294800
0.999989450 0.003313259 -0.003177225 0.637336493 -0.003301512 0.999987721 0.003695656 -1.248960137 0.003189431 -0.003685127 0.999988139 45.514492035
0.999989152 0.003002292 -0.003542706 0.645894527 -0.002989955 0.999989450 0.003482800 -1.262615323 0.003553126 -0.003472171 0.999987721 46.057781219
0.999989390 0.003441538 -0.003052458 0.642261147 -0.003431276 0.999988377 0.003360881 -1.263589144 0.003063990 -0.003350372 0.999989688 46.577297211
0.999988258 0.003500715 -0.003371211 0.650237799 -0.003489267 0.999988139 0.003395731 -1.276979804 0.003383058 -0.003383928 0.999988616 47.128990173
0.999986887 0.003724060 -0.003507170 0.662881970 -0.003713822 0.999988854 0.002921047 -1.289607048 0.003518009 -0.002907984 0.999989629 47.686973572
0.999990463 0.002887431 -0.003275085 0.658512652 -0.002877085 0.999990821 0.003159182 -1.292667866 0.003284177 -0.003149729 0.999989569 48.195636749
0.999990523 0.002255900 -0.003723403 0.670080543 -0.002242322 0.999990880 0.003647052 -1.308384776 0.003731596 -0.003638669 0.999986410 48.746829987
0.999991119 0.002674984 -0.003262183 0.683262706 -0.002663448 0.999990165 0.003535405 -1.318969250 0.003271609 -0.003526686 0.999988377 49.290435791
0.999987960 0.003697722 -0.003217054 0.670932531 -0.003687179 0.999987841 0.003276153 -1.327561259 0.003229129 -0.003264252 0.999989450 49.798717499
0.999989450 0.003567549 -0.002910773 0.678738713 -0.003558318 0.999988616 0.003169996 -1.343466401 0.002922049 -0.003159605 0.999990761 50.334709167
0.999987543 0.003278718 -0.003754116 0.701241612 -0.003265363 0.999988377 0.003558172 -1.359979391 0.003765738 -0.003545870 0.999986649 50.875362396
0.999987245 0.003931636 -0.003174163 0.691066504 -0.003922205 0.999987900 0.002971656 -1.355726719 0.003185808 -0.002959169 0.999990523 51.394519806
0.999989450 0.003599793 -0.002861882 0.699392796 -0.003590720 0.999988556 0.003168577 -1.369683027 0.002873255 -0.003158268 0.999990880 51.948009491
0.999989212 0.002348216 -0.003993283 0.711567283 -0.002338074 0.999993980 0.002542800 -1.379448056 0.003999230 -0.002533435 0.999988794 52.491798401
0.999988616 0.003526739 -0.003199827 0.707081795 -0.003518171 0.999990165 0.002678603 -1.393580675 0.003209242 -0.002667315 0.999991298 52.992706299
0.999987125 0.003958923 -0.003161409 0.718147516 -0.003950946 0.999989033 0.002525030 -1.406620741 0.003171371 -0.002512507 0.999991834 53.541339874
0.999984086 0.004735370 -0.003078675 0.714152455 -0.004727565 0.999985576 0.002537392 -1.425611854 0.003090646 -0.002522797 0.999992073 54.075439453
0.999989271 0.003547213 -0.002977469 0.724070430 -0.003539882 0.999990702 0.002463169 -1.431975245 0.002986178 -0.002452602 0.999992549 54.591667175
0.999989569 0.003320457 -0.003145403 0.736916780 -0.003313450 0.999992073 0.002230200 -1.443105698 0.003152783 -0.002219754 0.999992549 55.136501312
0.999989033 0.003070251 -0.003536191 0.746516585 -0.003060224 0.999991298 0.002837589 -1.462303162 0.003544873 -0.002826737 0.999989688 55.653388977
0.999989510 0.003831393 -0.002495992 0.729851842 -0.003825923 0.999990225 0.002192159 -1.463232160 0.002504366 -0.002182587 0.999994397 56.173934937
0.999988675 0.004172178 -0.002306187 0.738650262 -0.004165902 0.999987543 0.002719470 -1.479437947 0.002317504 -0.002709833 0.999993622 56.711681366
0.999990344 0.003216363 -0.002993535 0.755830348 -0.003209187 0.999991953 0.002399345 -1.493848443 0.003001228 -0.002389716 0.999992669 57.264842987
0.999988914 0.003799556 -0.002785266 0.761581957 -0.003795375 0.999991715 0.001504941 -1.496846557 0.002790961 -0.001494353 0.999994993 57.818084717
0.999990940 0.003541823 -0.002323264 0.749484122 -0.003538160 0.999992430 0.001578279 -1.499979377 0.002328837 -0.001570045 0.999996066 58.280788422
0.999989867 0.004124124 -0.001749818 0.756670237 -0.004121145 0.999990046 0.001702065 -1.519649267 0.001756820 -0.001694837 0.999997020 58.825229645
0.999990582 0.003589546 -0.002435256 0.777727723 -0.003586343 0.999992669 0.001317324 -1.531383872 0.002439967 -0.001308578 0.999996245 59.383148193
0.999990404 0.003376434 -0.002800083 0.777467310 -0.003372557 0.999993265 0.001388372 -1.540745616 0.002804751 -0.001378915 0.999995112 59.893684387
0.999987245 0.004108991 -0.002959847 0.787749529 -0.004106861 0.999991179 0.000725748 -1.552653313 0.002962802 -0.000713584 0.999995351 60.438552856
0.999989331 0.003762372 -0.002699042 0.799516082 -0.003760861 0.999992728 0.000563974 -1.561541438 0.002701144 -0.000553817 0.999996185 60.992141724
0.999992013 0.002921349 -0.002717996 0.796468616 -0.002918145 0.999994993 0.001181925 -1.586128354 0.002721435 -0.001173984 0.999995589 61.480300903
0.999989808 0.003140956 -0.003230645 0.810786963 -0.003136798 0.999994218 0.001291280 -1.598835111 0.003234683 -0.001281132 0.999993920 62.034164429
0.999991834 0.002686595 -0.003014776 0.821728230 -0.002681027 0.999994695 0.001849097 -1.613460660 0.003019728 -0.001841000 0.999993742 62.585044861
0.999989271 0.003845830 -0.002590138 0.816471696 -0.003842631 0.999991834 0.001237893 -1.627308249 0.002594877 -0.001227927 0.999995887 63.089557648
0.999988377 0.003963493 -0.002752474 0.823308647 -0.003960527 0.999991536 0.001081586 -1.639302969 0.002756737 -0.001070672 0.999995649 63.634674072
0.999990582 0.003593487 -0.002433069 0.826052129 -0.003590958 0.999992967 0.001043299 -1.651959300 0.002436801 -0.001034553 0.999996483 64.168571472
0.999992073 0.003381839 -0.002060444 0.828055263 -0.003379872 0.999993742 0.000956958 -1.658156872 0.002063667 -0.000949987 0.999997437 64.646690369
0.999990761 0.003934287 -0.001713872 0.835744739 -0.003933949 0.999992251 0.000200414 -1.664979219 0.001714647 -0.000193670 0.999998510 65.195327759
0.999992847 0.002474929 -0.002856081 0.853274465 -0.002476367 0.999996722 -0.000499650 -1.675276518 0.002854835 0.000506719 0.999995828 65.756805420
0.999992013 0.003460434 -0.001986752 0.853491902 -0.003459813 0.999993980 0.000315913 -1.696240664 0.001987834 -0.000309037 0.999997973 66.213752747
0.999990940 0.003895802 -0.001729926 0.861146212 -0.003894858 0.999992311 0.000549317 -1.711717963 0.001732053 -0.000542574 0.999998331 66.762901306
0.999991000 0.003893995 -0.001612083 0.873328269 -0.003892355 0.999991953 0.001019644 -1.730320215 0.001616040 -0.001013360 0.999998212 67.310646057
0.999992728 0.003410622 -0.001665899 0.875453949 -0.003410546 0.999994159 0.000048565 -1.730425835 0.001666055 -0.000042883 0.999998629 67.840820312
0.999994159 0.003017508 -0.001545195 0.884552121 -0.003017995 0.999995291 -0.000312898 -1.742163420 0.001544243 0.000317560 0.999998868 68.389396667
0.999992371 0.003381722 -0.001915880 0.898535192 -0.003380602 0.999994099 0.000587049 -1.770379543 0.001917853 -0.000580568 0.999998093 68.917709351
0.999992251 0.003585501 -0.001577790 0.894206345 -0.003584970 0.999993443 0.000339937 -1.774766088 0.001578999 -0.000334278 0.999998689 69.434173584
0.999993205 0.003237234 -0.001739998 0.905344188 -0.003236403 0.999994636 0.000480419 -1.790600181 0.001741544 -0.000474784 0.999998391 69.988739014
0.999993086 0.003614611 -0.000820814 0.906739771 -0.003614855 0.999993443 -0.000294674 -1.805156708 0.000819744 0.000297639 0.999999642 70.507179260
0.999995112 0.002702860 -0.001572558 0.923024535 -0.002702783 0.999996364 0.000050543 -1.814619541 0.001572689 -0.000046293 0.999998689 71.033035278
0.999993145 0.003305309 -0.001658939 0.931370914 -0.003305501 0.999994576 -0.000112378 -1.830987453 0.001658559 0.000117861 0.999998569 71.585655212
0.999993265 0.003265440 -0.001655695 0.937748373 -0.003265252 0.999994695 0.000116053 -1.844513535 0.001656065 -0.000110646 0.999998569 72.148635864
0.999995470 0.002656503 -0.001429642 0.946060777 -0.002656451 0.999996483 0.000039331 -1.852097034 0.001429742 -0.000035533 0.999998987 72.630989075
0.999994934 0.003005384 -0.001070675 0.956322968 -0.003005090 0.999995470 0.000276852 -1.869130254 0.001071502 -0.000273633 0.999999404 73.184982300
0.999992728 0.003612968 -0.001186706 0.965254009 -0.003612500 0.999993384 0.000397165 -1.878675818 0.001188134 -0.000392875 0.999999285 73.750450134
0.999995470 0.002645035 -0.001441741 0.979805470 -0.002645640 0.999996424 -0.000418062 -1.887740135 0.001440631 0.000421874 0.999998868 74.215866089
0.999994993 0.002610435 -0.001795512 0.993526101 -0.002610954 0.999996543 -0.000286853 -1.904176354 0.001794757 0.000291540 0.999998331 74.760482788
0.999993563 0.003297719 -0.001421986 0.997825801 -0.003298724 0.999994278 -0.000705162 -1.915853739 0.001419652 0.000709849 0.999998689 75.278335571
0.999994159 0.003155774 -0.001327548 1.011702061 -0.003156627 0.999994874 -0.000640729 -1.931659698 0.001325519 0.000644916 0.999998868 75.818153381
0.999991894 0.003791513 -0.001367912 1.012418985 -0.003792793 0.999992311 -0.000934389 -1.943574905 0.001364359 0.000939570 0.999998569 76.353713989
0.999993622 0.003164751 -0.001676081 1.024890065 -0.003165487 0.999994874 -0.000436694 -1.960374832 0.001674690 0.000441997 0.999998450 76.915054321
0.999994397 0.002911706 -0.001646388 1.026864529 -0.002912909 0.999995470 -0.000728916 -1.976062417 0.001644259 0.000733708 0.999998391 77.411499023
0.999994457 0.002877342 -0.001646080 1.036558390 -0.002878234 0.999995649 -0.000539437 -1.986875653 0.001644520 0.000544172 0.999998510 77.939414978
0.999994814 0.002923745 -0.001369011 1.044187307 -0.002924727 0.999995410 -0.000715566 -2.004015207 0.001366913 0.000719566 0.999998808 78.492721558
0.999993980 0.003059773 -0.001617045 1.054204106 -0.003061568 0.999994695 -0.001108488 -2.020510435 0.001613645 0.001113432 0.999998093 79.032081604
0.999994457 0.003311371 0.000008384 1.058385134 -0.003311364 0.999994099 -0.000831609 -2.036145449 -0.000011138 0.000831577 0.999999642 79.577445984
0.999996126 0.002725031 0.000427247 1.074384332 -0.002724482 0.999995410 -0.001280532 -2.036899090 -0.000430734 0.001279363 0.999999106 80.062705994
0.999991953 0.003426523 0.002107681 1.080554843 -0.003424264 0.999993622 -0.001074645 -2.052180052 -0.002111350 0.001067419 0.999997199 80.618141174
0.999989152 0.003442077 0.003147374 1.093662024 -0.003439998 0.999993801 -0.000666054 -2.072993040 -0.003149647 0.000655219 0.999994814 81.145782471
0.999975145 0.003520558 0.006108789 1.108892560 -0.003513360 0.999993145 -0.001188620 -2.080057859 -0.006112932 0.001167128 0.999980569 81.697387695
0.999943495 0.003274491 0.010116318 1.124403834 -0.003269042 0.999994576 -0.000555012 -2.100564003 -0.010118080 0.000521910 0.999948621 82.239974976
0.999908388 0.003379401 0.013107043 1.151768804 -0.003369710 0.999994040 -0.000761407 -2.120706558 -0.013109536 0.000717170 0.999913812 82.773345947
0.999853194 0.002525511 0.016947435 1.169312716 -0.002504643 0.999996006 -0.001252422 -2.121830225 -0.016950531 0.001209791 0.999855578 83.303596497
0.999730110 0.003086212 0.023026861 1.192281246 -0.003058656 0.999994516 -0.001231726 -2.134093046 -0.023030538 0.001160963 0.999734104 83.856422424
0.999574840 0.003053011 0.028995644 1.228829384 -0.003010385 0.999994278 -0.001513632 -2.150086880 -0.029000096 0.001425700 0.999578357 84.398643494
0.999384046 0.002698802 0.034992833 1.258176327 -0.002647101 0.999995351 -0.001523713 -2.160335064 -0.034996785 0.001430145 0.999386430 84.953742981
0.999049604 0.002328201 0.043526378 1.296951056 -0.002252472 0.999995887 -0.001788811 -2.173447609 -0.043530367 0.001689069 0.999050617 85.501312256
0.998660266 0.002631737 0.051681150 1.346941948 -0.002552216 0.999995410 -0.001604589 -2.188211203 -0.051685136 0.001470537 0.998662353 86.045875549
0.998297393 0.001982469 0.058295123 1.399728537 -0.001875388 0.999996424 -0.001891518 -2.198620081 -0.058298662 0.001778972 0.998297513 86.601448059
0.997680545 0.002653178 0.068018764 1.447474480 -0.002551100 0.999995530 -0.001587564 -2.221878529 -0.068022661 0.001410359 0.997682810 87.125961304
0.996965885 0.001965643 0.077814348 1.515365124 -0.001813391 0.999996245 -0.002027226 -2.231285572 -0.077818058 0.001879967 0.996965826 87.689247131
0.996242106 0.001671420 0.086596429 1.579442024 -0.001520736 0.999997199 -0.001806016 -2.243425369 -0.086599223 0.001667539 0.996241868 88.233619690
0.995542228 0.001668050 0.094301872 1.643632889 -0.001495540 0.999997079 -0.001899997 -2.262870312 -0.094304770 0.001750495 0.995541811 88.799186707
0.994581938 0.002013196 0.103936382 1.711547375 -0.001830083 0.999996543 -0.001857121 -2.281734467 -0.103939772 0.001656847 0.994582176 89.305839539
0.993443310 0.001657969 0.114314087 1.799849510 -0.001405201 0.999996364 -0.002291730 -2.296180964 -0.114317477 0.002116069 0.993441999 89.843864441
0.992313743 0.001269484 0.123740979 1.885357857 -0.001014604 0.999997258 -0.002122783 -2.313436031 -0.123743318 0.001980918 0.992312253 90.398361206
0.990800023 0.000988659 0.135330260 1.978965759 -0.000708224 0.999997497 -0.002120360 -2.328006506 -0.135332033 0.002005008 0.990798235 90.934646606
0.989000678 0.001684035 0.147901341 2.072219849 -0.001424766 0.999997258 -0.001858919 -2.348565817 -0.147904068 0.001627747 0.989000261 91.471679688
0.987334609 0.000800771 0.158649877 2.187890053 -0.000515706 0.999998152 -0.001837972 -2.359411478 -0.158651069 0.001732876 0.987333179 92.015045166
0.985596001 0.000572856 0.169116020 2.300694466 -0.000214634 0.999997675 -0.002136477 -2.371702909 -0.169116855 0.002069405 0.985593855 92.563758850
0.983347476 0.000137282 0.181735218 2.422210693 0.000198369 0.999998271 -0.001828745 -2.388543606 -0.181735203 0.001834343 0.983345807 93.079772949
0.981036127 -0.000778931 0.193823025 2.555791855 0.001207696 0.999997079 -0.002093996 -2.405997515 -0.193820834 0.002288365 0.981034279 93.596389771
0.978886425 -0.000812383 0.204403326 2.675642014 0.001224193 0.999997497 -0.001888255 -2.421382666 -0.204401270 0.002098617 0.978884935 94.139572144
0.976058960 -0.000795542 0.217505217 2.804695129 0.001273928 0.999997020 -0.002059208 -2.423003674 -0.217502967 0.002286994 0.976056993 94.672851562
0.973013341 -0.000921988 0.230747163 2.952421188 0.001513504 0.999996006 -0.002386485 -2.434401274 -0.230744049 0.002671318 0.973010778 95.203491211
0.970239460 -0.000862110 0.242145851 3.101711273 0.001405630 0.999996841 -0.002071848 -2.451767683 -0.242143303 0.002350557 0.970237672 95.732101440
0.967526257 -0.001744412 0.252764881 3.259504318 0.002347560 0.999995053 -0.002084629 -2.464004278 -0.252760023 0.002610314 0.967525482 96.224838257
0.963941514 -0.001843982 0.266108066 3.429357529 0.002340860 0.999996006 -0.001550038 -2.487316370 -0.266104192 0.002117068 0.963941932 96.741264343
0.960345924 -0.002396748 0.278800964 3.602313995 0.003131230 0.999992669 -0.002189140 -2.497523546 -0.278793693 0.002975321 0.960346401 97.268531799
0.956886649 -0.002270038 0.290452361 3.773170471 0.002997804 0.999993384 -0.002060703 -2.503868103 -0.290445745 0.002842579 0.956887245 97.796875000
0.952653408 -0.002504130 0.304047823 3.967832565 0.003255019 0.999992728 -0.001962827 -2.517094612 -0.304040730 0.002859575 0.952654779 98.333160400
0.947958767 -0.003485727 0.318373919 4.170909882 0.004489087 0.999987006 -0.002417871 -2.529274940 -0.318361342 0.003721250 0.947962224 98.847167969
0.943848431 -0.002588061 0.330368638 4.382650375 0.003459704 0.999991834 -0.002050423 -2.552061081 -0.330360681 0.003078266 0.943849802 99.381713867
0.939314425 -0.002539170 0.343047976 4.594661713 0.003234260 0.999993742 -0.001454123 -2.567898035 -0.343042135 0.002475385 0.939316750 99.896812439
0.934124529 -0.003144861 0.356933564 4.811569214 0.003917245 0.999991298 -0.001441056 -2.585489035 -0.356925905 0.002744322 0.934128702 100.400917053
0.929218590 -0.002888551 0.369519293 5.038257599 0.003792487 0.999991298 -0.001719864 -2.594771385 -0.369511127 0.002999527 0.929221511 100.922706604
0.924749076 -0.005227589 0.380541086 5.263437271 0.006308654 0.999978840 -0.001593639 -2.618661404 -0.380524725 0.003874419 0.924762607 101.377037048
0.918744802 -0.003821703 0.394833207 5.523273468 0.004737691 0.999987900 -0.001345054 -2.640179157 -0.394823343 0.003106360 0.918751776 101.881553650
0.912619829 -0.003110454 0.408797473 5.760776520 0.003666195 0.999993086 -0.000575859 -2.641328812 -0.408792913 0.002024271 0.912624955 102.424163818
0.907777965 -0.004108957 0.419430852 6.013336182 0.005001556 0.999986947 -0.001028534 -2.653759003 -0.419421196 0.003031487 0.907786667 102.907745361
0.902133524 -0.004842460 0.431429893 6.275573730 0.006053414 0.999980569 -0.001433885 -2.664871693 -0.431414634 0.003905180 0.902145326 103.407081604
0.895384729 -0.003487689 0.445279688 6.542114258 0.004429765 0.999989629 -0.001075034 -2.682155371 -0.445271343 0.002935054 0.895390928 103.927963257
0.889260888 -0.003406127 0.457387686 6.825878143 0.004411984 0.999989569 -0.001131016 -2.699957609 -0.457379103 0.003023755 0.889266729 104.426132202
0.883418918 -0.003850598 0.468568265 7.076583862 0.004803668 0.999988139 -0.000838936 -2.713793516 -0.468559504 0.002991978 0.883426964 104.878463745
0.875632584 -0.005479246 0.482946634 7.281730652 0.006678436 0.999977350 -0.000763510 -2.712178707 -0.482931584 0.003893883 0.875649393 105.286270142
0.868452549 -0.006277060 0.495732456 7.570930481 0.007643557 0.999970496 -0.000728603 -2.728840351 -0.495713264 0.004421916 0.868474960 105.744186401
0.862137973 -0.006019942 0.506637871 7.867492676 0.007554385 0.999971032 -0.000973387 -2.739139318 -0.506617308 0.004666532 0.862158358 106.207015991
