1.000000000 0.000000000 0.000000000 0.000000000 0.000000000 1.000000000 0.000000000 0.000000000 0.000000000 0.000000000 1.000000000 0.000000000
1.000000000 0.000098967 0.000020068 0.000974821 -0.000098967 1.000000000 0.000024196 -0.000779426 -0.000020066 -0.000024198 1.000000000 0.001290016
1.000000000 0.000057958 0.000022148 0.000339610 -0.000057960 1.000000000 0.000082861 -0.001974754 -0.000022143 -0.000082862 1.000000000 -0.000912462
1.000000000 -0.000026934 -0.000078952 0.000583821 0.000026935 1.000000000 0.000011032 -0.000902476 0.000078952 -0.000011034 1.000000000 -0.004003696
1.000000000 -0.000150874 -0.000176282 0.002538335 0.000150893 1.000000000 0.000103594 -0.001119364 0.000176266 -0.000103621 1.000000000 -0.000169127
1.000000000 -0.000155657 -0.000090227 0.000100366 0.000155669 1.000000000 0.000127690 -0.001053526 0.000090207 -0.000127704 1.000000000 -0.001135241
1.000000000 -0.000099175 -0.000000910 0.000538724 0.000099175 1.000000000 0.000023011 -0.000547164 0.000000908 -0.000023011 1.000000000 -0.000999984
1.000000000 -0.000070472 -0.000040899 -0.000016436 0.000070473 1.000000000 0.000010764 -0.000964840 0.000040898 -0.000010767 1.000000000 -0.001323171
1.000000000 -0.000060193 -0.000068734 0.001959549 0.000060194 1.000000000 0.000024071 0.000367512 0.000068733 -0.000024075 1.000000000 -0.001818488
1.000000000 0.000096581 0.000062120 -0.000823629 -0.000096582 1.000000000 0.000015811 0.001044767 -0.000062119 -0.000015817 1.000000000 0.002516521
1.000000000 -0.000011013 0.000071421 -0.001529057 0.000011006 1.000000000 0.000093874 -0.000624009 -0.000071422 -0.000093873 1.000000000 -0.002084609
1.000000000 -0.000104894 -0.000073734 0.000780855 0.000104901 1.000000000 0.000096617 -0.000448697 0.000073724 -0.000096625 1.000000000 -0.000358238
1.000000000 -0.000177353 -0.000019198 -0.000644419 0.000177355 1.000000000 0.000084306 0.000654991 0.000019183 -0.000084309 1.000000000 0.001182377
1.000000000 -0.000129025 -0.000044115 0.000468479 0.000129031 1.000000000 0.000115863 0.000126251 0.000044100 -0.000115868 1.000000000 -0.002018920
1.000000000 -0.000041340 -0.000121219 0.000982874 0.000041337 1.000000000 -0.000025535 0.000779535 0.000121220 0.000025530 1.000000000 -0.003012611
1.000000000 -0.000117771 -0.000138961 0.002739683 0.000117786 1.000000000 0.000107563 -0.001318532 0.000138949 -0.000107579 1.000000000 -0.009463975
1.000000000 -0.000171440 -0.000093796 0.001899066 0.000171444 1.000000000 0.000046579 -0.000878343 0.000093788 -0.000046595 1.000000000 -0.005565850
1.000000000 -0.000043505 -0.000025835 0.000193985 0.000043506 1.000000000 0.000047816 0.000154737 0.000025833 -0.000047817 1.000000000 -0.004351291
1.000000000 -0.000004954 -0.000096192 0.001378411 0.000004964 1.000000000 0.000105507 -0.000256246 0.000096191 -0.000105507 1.000000000 -0.004364686
1.000000000 -0.000197483 -0.000130333 0.001746628 0.000197491 1.000000000 0.000065527 0.000079792 0.000130320 -0.000065552 1.000000000 -0.006676350
1.000000000 -0.000062853 -0.000000237 0.000097915 0.000062853 1.000000000 0.000030770 0.000628071 0.000000235 -0.000030770 1.000000000 0.000532383
1.000000000 -0.000071787 -0.000078459 -0.000468217 0.000071794 1.000000000 0.000086290 -0.001734080 0.000078453 -0.000086296 1.000000000 -0.002373523
1.000000000 -0.000088818 -0.000101182 0.001874306 0.000088824 1.000000000 0.000058377 -0.000621910 0.000101177 -0.000058386 1.000000000 -0.005684222
1.000000000 -0.000048083 -0.000105357 0.000633694 0.000048083 1.000000000 -0.000001812 0.000587373 0.000105357 0.000001807 1.000000000 -0.003357671
1.000000000 -0.000170054 -0.000060422 0.000727911 0.000170057 1.000000000 0.000051122 -0.000649501 0.000060413 -0.000051133 1.000000000 -0.003810079
1.000000000 -0.000102683 -0.000109538 0.001603974 0.000102696 1.000000000 0.000121108 -0.000269537 0.000109525 -0.000121119 1.000000000 -0.002703906
1.000000000 -0.000108754 -0.000067548 0.002021144 0.000108762 1.000000000 0.000120495 -0.000108706 0.000067535 -0.000120502 1.000000000 -0.004624619
1.000000000 -0.000159225 -0.000116401 0.002973040 0.000159235 1.000000000 0.000084129 -0.000872334 0.000116387 -0.000084147 1.000000000 -0.007000742
1.000000000 -0.000216431 -0.000110986 0.000862211 0.000216439 1.000000000 0.000072641 -0.001474421 0.000110970 -0.000072665 1.000000000 -0.001815290
1.000000000 -0.000012036 -0.000103890 0.003026193 0.000012051 1.000000000 0.000146000 -0.001742295 0.000103889 -0.000146001 1.000000000 -0.007559043
0.999999940 -0.000208454 -0.000138508 0.001939568 0.000208467 1.000000000 0.000089709 -0.000239159 0.000138489 -0.000089738 1.000000000 -0.003008606
1.000000000 -0.000143364 -0.000057734 -0.000340560 0.000143368 1.000000000 0.000067284 0.000168502 0.000057725 -0.000067292 1.000000000 -0.004978619
0.999999940 -0.000334345 -0.000073510 0.001838110 0.000334349 0.999999940 0.000059650 0.000543724 0.000073490 -0.000059674 1.000000000 -0.005330482
1.000000000 -0.000111556 -0.000061388 0.001178689 0.000111559 1.000000000 0.000042219 0.000959543 0.000061383 -0.000042226 1.000000000 -0.002820276
1.000000000 -0.000026244 -0.000031976 0.000226070 0.000026246 1.000000000 0.000080600 0.000123387 0.000031974 -0.000080601 1.000000000 -0.003851201
0.999999940 -0.000275536 -0.000183858 0.001770348 0.000275557 0.999999940 0.000114696 -0.000500957 0.000183827 -0.000114746 1.000000000 -0.004868140
1.000000000 -0.000153889 -0.000123664 0.002669255 0.000153899 1.000000000 0.000074949 -0.000577815 0.000123652 -0.000074968 1.000000000 -0.006789851
1.000000000 -0.000116402 -0.000115224 0.002403142 0.000116421 1.000000000 0.000163906 -0.000586192 0.000115205 -0.000163919 1.000000000 -0.007000014
1.000000000 -0.000192354 -0.000068154 0.000286252 0.000192363 1.000000000 0.000118355 -0.000413590 0.000068132 -0.000118368 1.000000000 -0.004137317
1.000000000 -0.000193918 -0.000111455 0.001499953 0.000193932 1.000000000 0.000122766 -0.000360256 0.000111431 -0.000122788 1.000000000 -0.004067521
1.000000000 -0.000151378 -0.000128917 0.002124657 0.000151389 1.000000000 0.000081959 -0.000315551 0.000128904 -0.000081979 1.000000000 -0.005804510
1.000000000 -0.000227072 -0.000057950 0.001776366 0.000227042 0.999999821 -0.000523204 -0.003173210 0.000058069 0.000523191 0.999999881 0.050578564
1.000000000 0.000076570 -0.000136745 0.004312227 -0.000076707 0.999999464 -0.001004159 -0.007099527 0.000136668 0.001004169 0.999999464 0.140556037
1.000000000 -0.000084983 -0.000069616 0.004981074 0.000084889 0.999999106 -0.001346683 -0.009280114 0.000069730 0.001346677 0.999999106 0.257832438
1.000000000 -0.000169790 -0.000083084 0.006136256 0.000169681 0.999999106 -0.001316112 -0.015481841 0.000083307 0.001316098 0.999999106 0.382910520
1.000000000 -0.000103933 -0.000106923 0.004563795 0.000103802 0.999999225 -0.001221923 -0.015309580 0.000107050 0.001221912 0.999999225 0.523884833
1.000000000 0.000220437 -0.000034730 0.009636772 -0.000220475 0.999999404 -0.001085328 -0.020042131 0.000034490 0.001085335 0.999999404 0.684268594
1.000000000 -0.000061596 0.000114346 0.009724766 0.000061688 0.999999702 -0.000805037 -0.031647634 -0.000114296 0.000805044 0.999999642 0.842711329
0.999999940 0.000311138 0.000222354 0.012659352 -0.000310988 0.999999702 -0.000675871 -0.027075564 -0.000222564 0.000675802 0.999999762 1.019240975
0.999999940 0.000250677 -0.000077869 0.024037832 -0.000250707 0.999999881 -0.000392783 -0.041485187 0.000077770 0.000392803 0.999999940 1.191528440
1.000000000 0.000068619 0.000079324 0.029981392 -0.000068606 1.000000000 -0.000163111 -0.046237506 -0.000079335 0.000163106 1.000000000 1.369492531
0.999999881 0.000433588 -0.000121842 0.031131729 -0.000433634 0.999999821 -0.000382819 -0.044455413 0.000121676 0.000382872 0.999999940 1.574035764
1.000000000 -0.000118186 -0.000108812 0.035208642 0.000118183 1.000000000 -0.000022658 -0.056269206 0.000108814 0.000022645 1.000000000 1.777629614
1.000000000 -0.000046147 -0.000043001 0.047109719 0.000046148 1.000000000 0.000012649 -0.058254849 0.000043000 -0.000012651 1.000000000 1.975871325
0.999999940 0.000115016 0.000312172 0.041423231 -0.000115036 1.000000000 0.000064117 -0.072139166 -0.000312165 -0.000064153 0.999999940 2.180487871
0.999999762 0.000638222 0.000291484 0.040746525 -0.000638281 0.999999762 0.000203276 -0.065182172 -0.000291354 -0.000203462 0.999999940 2.410853148
0.999992192 -0.001581927 0.003625467 -0.011537747 0.001576134 0.999997497 0.001600038 -0.100215234 -0.003627989 -0.001594311 0.999992132 2.506322622
0.999992609 -0.002162202 0.003198577 -0.000884772 0.002156432 0.999996066 0.001806125 -0.108556204 -0.003202469 -0.001799214 0.999993265 2.731148243
0.999993265 -0.001625111 0.003299454 -0.000012630 0.001618696 0.999996841 0.001946045 -0.111491270 -0.003302606 -0.001940691 0.999992728 2.970244408
0.999991417 -0.001668870 0.003795714 -0.003277759 0.001662283 0.999997079 0.001738111 -0.121852160 -0.003798603 -0.001731787 0.999991298 3.167163849
0.999991298 -0.001624885 0.003837733 0.002907902 0.001617735 0.999996901 0.001865259 -0.131516650 -0.003840751 -0.001859035 0.999990940 3.407052279
0.999992311 -0.001113541 0.003774348 0.015260668 0.001106466 0.999997616 0.001876210 -0.137322158 -0.003776428 -0.001872019 0.999991119 3.665595293
0.999990404 -0.001136450 0.004237897 0.007614712 0.001127371 0.999997020 0.002143992 -0.145305678 -0.004240321 -0.002139194 0.999988735 3.910369635
0.999988973 -0.001193256 0.004540194 0.011416653 0.001182970 0.999996781 0.002267756 -0.150919825 -0.004542885 -0.002262361 0.999987125 4.170592785
0.999990463 -0.000951017 0.004285822 0.012452016 0.000939881 0.999996305 0.002599801 -0.159988359 -0.004288278 -0.002595748 0.999987423 4.422397614
0.999989867 -0.001537022 0.004241800 0.027559387 0.001524212 0.999994218 0.003021522 -0.171132952 -0.004246420 -0.003015026 0.999986470 4.668146610
0.999989212 -0.001399448 0.004422024 0.022918813 0.001385238 0.999993801 0.003214725 -0.185139418 -0.004426496 -0.003208564 0.999985039 4.907723904
0.999989629 -0.001335752 0.004352982 0.029108174 0.001322444 0.999994338 0.003058787 -0.190850526 -0.004357044 -0.003052998 0.999985874 5.172568321
0.999987960 -0.000767862 0.004852328 0.030337403 0.000753320 0.999995232 0.002998084 -0.196711957 -0.004854606 -0.002994392 0.999983728 5.449662209
0.999989390 -0.000606080 0.004575508 0.039170373 0.000591221 0.999994397 0.003248210 -0.205237523 -0.004577452 -0.003245470 0.999984264 5.721888065
0.999989688 -0.001806056 0.004175830 0.055935293 0.001793079 0.999993563 0.003109484 -0.217034355 -0.004181419 -0.003101964 0.999986410 5.986995697
0.999989808 -0.001733234 0.004182644 0.058279745 0.001718340 0.999992132 0.003561924 -0.222043648 -0.004188785 -0.003554700 0.999984920 6.287776947
0.999988675 -0.000385320 0.004740009 0.055535194 0.000367046 0.999992430 0.003855505 -0.240021095 -0.004741460 -0.003853721 0.999981284 6.476768970
0.999988317 -0.000347095 0.004811901 0.061885279 0.000328889 0.999992788 0.003783888 -0.245906860 -0.004813179 -0.003782262 0.999981284 6.781084538
0.999988377 -0.000459785 0.004803928 0.071436420 0.000438905 0.999990463 0.004346622 -0.258685619 -0.004805881 -0.004344463 0.999979019 7.076660633
0.999986053 -0.000184247 0.005269812 0.068735927 0.000162764 0.999991715 0.004076715 -0.268760353 -0.005270520 -0.004075800 0.999977827 7.395373821
0.999985635 -0.000319558 0.005332880 0.078302339 0.000297001 0.999991000 0.004230102 -0.278288722 -0.005334184 -0.004228458 0.999976873 7.701690197
0.999986827 -0.000624548 0.005093777 0.086249575 0.000600981 0.999989152 0.004626832 -0.284633487 -0.005096611 -0.004623709 0.999976277 8.000448227
0.999987125 -0.000749373 0.005010873 0.100217953 0.000727055 0.999989867 0.004454214 -0.291660219 -0.005014159 -0.004450514 0.999977529 8.304082870
0.999986291 -0.000911248 0.005140445 0.089265719 0.000887890 0.999989212 0.004544405 -0.311575413 -0.005144531 -0.004539779 0.999976397 8.602051735
0.999987006 -0.001176971 0.004958855 0.101936303 0.001154096 0.999988675 0.004613339 -0.322975993 -0.004964229 -0.004607555 0.999977052 8.939175606
0.999987066 -0.001513135 0.004833296 0.118930809 0.001491234 0.999988616 0.004531705 -0.330852687 -0.004840098 -0.004524440 0.999978006 9.295337677
0.999986351 -0.001523142 0.004987034 0.118642971 0.001499475 0.999987602 0.004746094 -0.335363865 -0.004994202 -0.004738552 0.999976277 9.630832672
0.999986649 -0.002078536 0.004720639 0.132054865 0.002056280 0.999986768 0.004714645 -0.348030865 -0.004730376 -0.004704875 0.999977708 9.989219666
0.999985874 -0.001472870 0.005098292 0.126912743 0.001446616 0.999985754 0.005149437 -0.363406360 -0.005105804 -0.005141989 0.999973774 10.312138557
0.999986470 -0.001504986 0.004967026 0.141778857 0.001478799 0.999985039 0.005271750 -0.369787961 -0.004974885 -0.005264334 0.999973774 10.654353142
0.999986112 -0.002429882 0.004661971 0.156339884 0.002405316 0.999983191 0.005267797 -0.373315305 -0.004674694 -0.005256510 0.999975264 11.063114166
0.999984384 -0.002076680 0.005192172 0.126577795 0.002047607 0.999982178 0.005598467 -0.425821871 -0.005203706 -0.005587748 0.999970794 11.325722694
0.999983907 -0.002743914 0.004973919 0.141985819 0.002715125 0.999979556 0.005785558 -0.437581956 -0.004989692 -0.005771961 0.999970853 11.709510803
0.999984682 -0.002078040 0.005128359 0.152953878 0.002048393 0.999981165 0.005779426 -0.449127018 -0.005140272 -0.005768832 0.999970198 12.090288162
0.999984562 -0.002604411 0.004900278 0.170693666 0.002574992 0.999978662 0.006000194 -0.460758358 -0.004915800 -0.005987483 0.999970019 12.486197472
0.999983609 -0.002538503 0.005132053 0.181967586 0.002507140 0.999978185 0.006108379 -0.465475678 -0.005147447 -0.006095411 0.999968171 12.887783051
0.999984384 -0.002508999 0.005015764 0.174010277 0.002477522 0.999977410 0.006272074 -0.484186977 -0.005031387 -0.006259549 0.999967754 13.215882301
0.999983430 -0.001438289 0.005569761 0.176546052 0.001402173 0.999978065 0.006482703 -0.490295053 -0.005578962 -0.006474786 0.999963462 13.649827957
0.999980569 -0.002949306 0.005480498 0.199328154 0.002914984 0.999976158 0.006260051 -0.497406542 -0.005498830 -0.006243955 0.999965310 14.065676689
0.999979079 -0.002784483 0.005824615 0.206690207 0.002745964 0.999974430 0.006610722 -0.508526444 -0.005842872 -0.006594590 0.999961138 14.499006271
0.999976277 -0.003413555 0.005980689 0.219272077 0.003375230 0.999973774 0.006406454 -0.518658698 -0.006002400 -0.006386116 0.999961615 14.943462372
0.999978304 -0.002723403 0.005983337 0.228285849 0.002681959 0.999972463 0.006923673 -0.548425853 -0.006002028 -0.006907476 0.999958158 15.273546219
0.999977589 -0.002639637 0.006148354 0.237504989 0.002596731 0.999972343 0.006976049 -0.557899594 -0.006166598 -0.006959928 0.999956787 15.722491264
0.999976099 -0.002656322 0.006384229 0.252411544 0.002611817 0.999972343 0.006969421 -0.563635170 -0.006402566 -0.006952581 0.999955356 16.180915833
0.999974430 -0.002556160 0.006667047 0.260695815 0.002508433 0.999971211 0.007157216 -0.579960823 -0.006685150 -0.007140310 0.999952197 16.631164551
0.999973118 -0.003100384 0.006636540 0.277688920 0.003052933 0.999969840 0.007148125 -0.585670888 -0.006658501 -0.007127673 0.999952495 17.093393326
0.999967694 -0.002791608 0.007537744 0.274960995 0.002732211 0.999965250 0.007878790 -0.619797051 -0.007559476 -0.007857940 0.999940574 17.473636627
0.999962926 -0.002627771 0.008197168 0.286052287 0.002563158 0.999965668 0.007882924 -0.626322389 -0.008217601 -0.007861621 0.999935329 17.952337265
0.999963999 -0.003366278 0.007801316 0.303244591 0.003304393 0.999963164 0.007932023 -0.637606323 -0.007827730 -0.007905957 0.999938190 18.421697617
0.999963880 -0.002673601 0.008077702 0.315921307 0.002607556 0.999963224 0.008175835 -0.645472467 -0.008099263 -0.008154475 0.999933958 18.889322281
0.999964297 -0.001659400 0.008287564 0.315341443 0.001589819 0.999963522 0.008395455 -0.658332884 -0.008301193 -0.008381980 0.999930441 19.377683640
0.999965668 -0.002405838 0.007927588 0.331789970 0.002340734 0.999963522 0.008211288 -0.697018385 -0.007947056 -0.008192451 0.999934793 19.793188095
0.999969602 -0.002845565 0.007249875 0.347743988 0.002784647 0.999960840 0.008398821 -0.706455886 -0.007273491 -0.008378378 0.999938428 20.291843414
0.999971628 -0.003146901 0.006843245 0.360576302 0.003089705 0.999960303 0.008352682 -0.704556823 -0.006869259 -0.008331301 0.999941707 20.816390991
0.999974191 -0.003147449 0.006457757 0.359206557 0.003090932 0.999956906 0.008743349 -0.731690466 -0.006484999 -0.008723164 0.999940932 21.299560547
0.999973595 -0.003802448 0.006195063 0.370228410 0.003741375 0.999944508 0.009840212 -0.763461292 -0.006232136 -0.009816772 0.999932349 21.684432983
0.999977529 -0.003427079 0.005772912 0.377871037 0.003373490 0.999951303 0.009267235 -0.763334692 -0.005804391 -0.009247550 0.999940395 22.201087952
0.999976993 -0.004491436 0.005081868 0.400943756 0.004446603 0.999951363 0.008799301 -0.773663878 -0.005121143 -0.008776501 0.999948382 22.737630844
0.999977946 -0.004902518 0.004475195 0.396120191 0.004860428 0.999944329 0.009368148 -0.796624899 -0.004520873 -0.009346190 0.999946117 23.184320450
0.999983132 -0.004048298 0.004159300 0.404359996 0.004009239 0.999948204 0.009356547 -0.804161251 -0.004196962 -0.009339713 0.999947667 23.726749420
0.999986231 -0.004478589 0.002713868 0.431055158 0.004453959 0.999949455 0.009014550 -0.809776187 -0.002754103 -0.009002338 0.999955714 24.236902237
0.999991000 -0.003170644 0.002821326 0.412191808 0.003142386 0.999945402 0.009964380 -0.836929142 -0.002852767 -0.009955426 0.999946296 24.687223434
0.999989331 -0.004027158 0.002250605 0.430232197 0.004003872 0.999939382 0.010257323 -0.846556067 -0.002291777 -0.010248203 0.999944806 25.230913162
0.999990225 -0.004107856 0.001611221 0.439624786 0.004091406 0.999940813 0.010083241 -0.852959752 -0.001652546 -0.010076551 0.999947846 25.782058716
0.999991238 -0.004030123 0.001082927 0.462673724 0.004018515 0.999936640 0.010515515 -0.874248385 -0.001125237 -0.010511070 0.999944091 26.325979233
0.999991000 -0.004148113 0.000838880 0.445929766 0.004138526 0.999929488 0.011123803 -0.899607778 -0.000884964 -0.011120233 0.999937713 26.770730972
0.999992311 -0.003915373 0.000362954 0.456241339 0.003911267 0.999935091 0.010696436 -0.903169334 -0.000404811 -0.010694937 0.999942660 27.319589615
0.999995291 -0.003059079 0.000510926 0.462416232 0.003053714 0.999943376 0.010190776 -0.908789992 -0.000542071 -0.010189167 0.999947965 27.874717712
0.999995649 -0.002912169 0.000484739 0.463645041 0.002906825 0.999938667 0.010682926 -0.925146937 -0.000515820 -0.010681470 0.999942839 28.428115845
0.999994338 -0.003351842 0.000226269 0.454334080 0.003348997 0.999927342 0.011579696 -0.945203900 -0.000265066 -0.011578875 0.999932945 28.841180801
0.999993384 -0.003600679 -0.000543936 0.478989482 0.003606739 0.999926388 0.011582870 -0.955693007 0.000502190 -0.011584755 0.999932766 29.380449295
0.999988735 -0.004632036 -0.001030292 0.486304015 0.004643759 0.999921024 0.011682540 -0.964788675 0.000976097 -0.011687192 0.999931216 29.952983856
0.999990761 -0.004230159 -0.000727888 0.487025827 0.004238559 0.999919474 0.011954388 -0.980776787 0.000677260 -0.011957363 0.999928236 30.450422287
0.999991715 -0.003931005 -0.001066779 0.505627513 0.003942840 0.999927998 0.011329472 -0.990042806 0.001022165 -0.011333586 0.999935210 30.992420197
0.999987602 -0.004795323 -0.001297372 0.515542805 0.004811030 0.999911726 0.012387158 -1.010329723 0.001237858 -0.012393248 0.999922395 31.514068604
0.999992311 -0.003487633 -0.001775793 0.519471884 0.003508964 0.999919951 0.012154618 -1.013561010 0.001733261 -0.012160758 0.999924541 32.043994904
0.999991119 -0.003897424 -0.001614097 0.519592762 0.003916554 0.999920011 0.012023301 -1.023884058 0.001567108 -0.012029516 0.999926329 32.558166504
0.999990940 -0.003830210 -0.001887709 0.527320087 0.003852216 0.999923050 0.011795217 -1.029258490 0.001842386 -0.011802382 0.999928594 33.111255646
0.999989450 -0.003970876 -0.002342733 0.544532537 0.003997152 0.999927938 0.011320105 -1.033330441 0.002297613 -0.011329350 0.999933124 33.642566681
0.999988914 -0.004047929 -0.002416425 0.547654271 0.004076888 0.999918461 0.012102368 -1.048392057 0.002367238 -0.012112085 0.999923766 34.163208008
0.999992728 -0.003221923 -0.002060949 0.540716410 0.003245812 0.999926329 0.011694920 -1.052962184 0.002023117 -0.011701523 0.999929428 34.719921112
0.999993563 -0.003044346 -0.001904241 0.535517454 0.003066939 0.999923527 0.011976285 -1.074762225 0.001867635 -0.011982049 0.999926448 35.288051605
0.999992013 -0.003301207 -0.002257775 0.569233477 0.003328043 0.999922633 0.011987861 -1.076401591 0.002218025 -0.011995283 0.999925554 35.808322906
0.999983609 -0.004911299 -0.002929116 0.555356860 0.004949290 0.999901831 0.013107342 -1.108153343 0.002864455 -0.013121625 0.999909759 36.258255005
0.999984980 -0.004752723 -0.002730542 0.563627362 0.004788410 0.999901175 0.013215380 -1.114850283 0.002667463 -0.013228254 0.999908984 36.815986633
0.999983788 -0.004816667 -0.003036245 0.568675637 0.004857125 0.999897540 0.013461491 -1.121175528 0.002971095 -0.013476020 0.999904752 37.354572296
0.999980450 -0.005018620 -0.003710936 0.581878364 0.005064679 0.999908924 0.012508270 -1.112476826 0.003647824 -0.012526824 0.999914825 37.915554047
0.999980628 -0.004988273 -0.003726679 0.592161953 0.005036412 0.999902546 0.013021814 -1.135110617 0.003661360 -0.013040331 0.999908268 38.483325958
0.999985814 -0.004226361 -0.003255408 0.582174301 0.004267476 0.999909818 0.012727826 -1.141083360 0.003201322 -0.012741538 0.999913692 38.992912292
0.999979079 -0.005319477 -0.003675648 0.574133098 0.005363696 0.999912083 0.012126810 -1.155212045 0.003610817 -0.012146273 0.999919713 39.567127228
0.999975681 -0.005763711 -0.003920840 0.583315611 0.005814706 0.999897003 0.013121624 -1.172888994 0.003844809 -0.013144102 0.999906242 39.970531464
0.999973893 -0.005910120 -0.004154532 0.598473191 0.005964353 0.999895573 0.013165069 -1.183237553 0.004076292 -0.013189505 0.999904752 40.518825531
0.999972522 -0.005856422 -0.004527148 0.606705785 0.005915068 0.999897361 0.013051353 -1.181226373 0.004450249 -0.013077774 0.999904573 41.044219971
0.999964476 -0.006893764 -0.004844908 0.609701633 0.006957754 0.999887109 0.013317364 -1.191713333 0.004752555 -0.013350604 0.999899566 41.615310669
0.999972701 -0.005815462 -0.004543917 0.601469994 0.005876407 0.999891460 0.013516271 -1.207452297 0.004464820 -0.013542605 0.999898314 42.153366089
0.999970078 -0.006320624 -0.004459009 0.609596789 0.006380109 0.999889076 0.013454789 -1.232307196 0.004373470 -0.013482836 0.999899507 42.618293762
0.999969423 -0.006111349 -0.004873917 0.623013973 0.006176881 0.999889135 0.013545921 -1.240293741 0.004790591 -0.013575613 0.999896348 43.163505554
0.999967694 -0.006006600 -0.005351837 0.643849373 0.006075491 0.999897718 0.012950609 -1.243553877 0.005273501 -0.012982705 0.999901831 43.728878021
0.999962509 -0.007099581 -0.004957278 0.650519729 0.007163974 0.999888599 0.013094692 -1.250727415 0.004863758 -0.013129715 0.999902010 44.216480255
0.999968350 -0.006567791 -0.004484647 0.614978671 0.006628925 0.999883413 0.013755515 -1.280434370 0.004393782 -0.013784809 0.999895334 44.754451752
0.999969482 -0.006335918 -0.004536150 0.621697426 0.006399807 0.999878585 0.014211277 -1.293347359 0.004445558 -0.014239876 0.999888718 45.309871674
0.999967813 -0.006232568 -0.005059980 0.635928690 0.006303845 0.999879420 0.014194604 -1.301557541 0.004970902 -0.014226045 0.999886394 45.865295410
0.999975085 -0.005601857 -0.004288254 0.635138452 0.005660108 0.999890208 0.013694659 -1.305691719 0.004211070 -0.013718591 0.999897003 46.377212524
0.999969959 -0.006269120 -0.004550079 0.634198308 0.006328973 0.999891996 0.013261545 -1.314404011 0.004466449 -0.013289943 0.999901712 46.946552277
0.999966860 -0.006675144 -0.004656426 0.628242433 0.006739497 0.999880016 0.013944277 -1.336139321 0.004562789 -0.013975199 0.999891877 47.473339081
0.999979317 -0.005225751 -0.003756484 0.625556946 0.005279924 0.999880016 0.014559086 -1.344309568 0.003679951 -0.014578618 0.999886870 47.866592407
0.999976218 -0.005539190 -0.004113854 0.629598856 0.005596689 0.999884903 0.014099818 -1.345412731 0.004035280 -0.014122505 0.999892116 48.407138824
0.999977112 -0.005515763 -0.003921895 0.632920384 0.005569162 0.999890149 0.013737796 -1.352849245 0.003845689 -0.013759324 0.999897897 48.949581146
0.999975502 -0.005632305 -0.004167524 0.645533979 0.005688350 0.999891818 0.013560633 -1.356078386 0.004090696 -0.013584007 0.999899328 49.505416870
0.999973238 -0.006094001 -0.004057483 0.661743879 0.006149524 0.999885619 0.013815342 -1.361641884 0.003972828 -0.013839924 0.999896288 50.008731842
0.999971867 -0.006388437 -0.003918348 0.672230899 0.006441087 0.999887109 0.013574723 -1.366533995 0.003831183 -0.013599580 0.999900103 50.572360992
0.999979436 -0.005234270 -0.003701150 0.644725800 0.005289609 0.999871969 0.015103564 -1.401659727 0.003621622 -0.015122833 0.999879062 50.940307617
0.999977052 -0.005378439 -0.004114417 0.654713631 0.005438513 0.999876738 0.014731666 -1.411221981 0.004034676 -0.014753706 0.999883056 51.472293854
0.999982715 -0.004716916 -0.003514518 0.646437883 0.004765572 0.999891102 0.013966718 -1.411538601 0.003448256 -0.013983226 0.999896228 52.026657104
0.999984026 -0.004331231 -0.003650823 0.664803922 0.004383507 0.999886215 0.014434725 -1.426638246 0.003587888 -0.014450496 0.999889135 52.538112640
0.999981344 -0.004678353 -0.003920872 0.687028170 0.004736219 0.999878049 0.014881451 -1.448916435 0.003850775 -0.014899745 0.999881566 53.099300385
0.999985516 -0.004230472 -0.003309744 0.696308970 0.004276928 0.999890566 0.014157366 -1.455254078 0.003249490 -0.014171319 0.999894261 53.651260376
0.999982357 -0.004970624 -0.003247522 0.666662693 0.005019194 0.999873042 0.015123168 -1.450046301 0.003171938 -0.015139203 0.999880314 53.934776306
0.999983609 -0.004789898 -0.003112045 0.676494479 0.004836129 0.999875426 0.015022012 -1.461007953 0.003039703 -0.015036818 0.999882281 54.480327606
0.999984443 -0.004773137 -0.002900681 0.682698131 0.004815705 0.999878168 0.014849560 -1.461179018 0.002829448 -0.014863298 0.999885499 55.041435242
0.999985695 -0.004576799 -0.002772854 0.687639475 0.004617416 0.999879479 0.014823291 -1.474024534 0.002704678 -0.014835881 0.999886334 55.590164185
0.999990880 -0.003426383 -0.002532827 0.704982460 0.003461800 0.999894381 0.014113520 -1.473968744 0.002484201 -0.014122162 0.999897182 56.109096527
0.999984920 -0.004600073 -0.003009741 0.702238023 0.004645747 0.999871433 0.015348288 -1.486476898 0.002938752 -0.015362041 0.999877691 56.430671692
0.999985814 -0.004376609 -0.003020701 0.712215900 0.004422082 0.999874413 0.015215117 -1.497583151 0.002953732 -0.015228260 0.999879718 56.972423553
0.999984086 -0.004441707 -0.003491631 0.731606960 0.004494866 0.999871850 0.015366978 -1.503232002 0.003422928 -0.015382427 0.999875844 57.534004211
0.999983132 -0.004960177 -0.003024488 0.716554880 0.005007237 0.999863327 0.015755629 -1.513562799 0.002945925 -0.015770510 0.999871254 57.949977875
0.999984860 -0.004668554 -0.002904528 0.729301155 0.004711275 0.999878228 0.014879880 -1.517969608 0.002834705 -0.014893341 0.999885082 58.498802185
0.999988675 -0.004134702 -0.002368313 0.726803422 0.004168883 0.999884486 0.014614324 -1.518787622 0.002307613 -0.014624032 0.999890387 59.014457703
0.999983668 -0.004828816 -0.003028864 0.740026116 0.004876224 0.999862492 0.015845165 -1.536217928 0.002951932 -0.015859677 0.999869883 59.484447479
0.999982715 -0.005180979 -0.002771475 0.756304622 0.005223720 0.999863982 0.015643733 -1.544780731 0.002690048 -0.015657939 0.999873877 60.015464783
0.999988377 -0.004190997 -0.002396911 0.741927207 0.004225684 0.999883592 0.014654811 -1.535007238 0.002335213 -0.014664767 0.999889731 60.574317932
0.999983728 -0.004721597 -0.003205721 0.768166780 0.004771167 0.999866366 0.015635436 -1.552353382 0.003131468 -0.015650475 0.999872625 61.055259705
0.999984741 -0.004827078 -0.002709934 0.767125010 0.004869143 0.999864280 0.015736410 -1.557023764 0.002633605 -0.015749363 0.999872446 61.591773987
0.999983907 -0.004710806 -0.003171300 0.779774070 0.004757454 0.999878168 0.014866306 -1.555266380 0.003100881 -0.014881152 0.999884486 62.145275116
0.999988675 -0.003909661 -0.002733387 0.781760812 0.003949602 0.999883175 0.014762912 -1.558989882 0.002675349 -0.014773540 0.999887228 62.670917511
0.999984205 -0.004869769 -0.002778408 0.783935249 0.004913037 0.999863327 0.015784778 -1.574768782 0.002701160 -0.015798179 0.999871552 63.102989197
0.999985695 -0.004802794 -0.002378153 0.788338661 0.004838965 0.999869049 0.015445453 -1.577363729 0.002303660 -0.015456737 0.999877930 63.669754028
0.999983490 -0.004966684 -0.002882906 0.802394271 0.005010225 0.999870420 0.015297993 -1.589391708 0.002806552 -0.015312186 0.999878824 64.183418274
0.999983728 -0.004927474 -0.002870274 0.799307108 0.004969182 0.999879420 0.014709868 -1.594160318 0.002797445 -0.014723890 0.999887645 64.700981140
0.999985278 -0.004536482 -0.002975140 0.815962434 0.004582369 0.999867797 0.015602469 -1.605425835 0.002903966 -0.015615874 0.999873817 65.134643555
0.999986947 -0.004335264 -0.002696813 0.823324502 0.004376674 0.999869645 0.015543596 -1.610064626 0.002629076 -0.015555196 0.999875546 65.690856934
0.999984503 -0.004626608 -0.003074907 0.832122862 0.004672854 0.999873519 0.015206615 -1.613673449 0.003004164 -0.015220749 0.999879658 66.254676819
0.999986887 -0.004169879 -0.002971299 0.845826149 0.004212182 0.999887705 0.014375768 -1.611359119 0.002911021 -0.014388095 0.999892235 66.752708435
0.999982834 -0.004984393 -0.003087307 0.830359459 0.005031896 0.999866009 0.015574543 -1.621677399 0.003009262 -0.015589810 0.999873877 67.204597473
0.999984860 -0.004845723 -0.002622625 0.829761982 0.004885096 0.999872208 0.015220559 -1.628521681 0.002548534 -0.015233140 0.999880731 67.763511658
0.999984145 -0.004828778 -0.002896605 0.848368585 0.004869771 0.999885678 0.014316151 -1.620605946 0.002827143 -0.014330029 0.999893367 68.302947998
0.999985456 -0.004567679 -0.002844047 0.864248991 0.004608758 0.999882698 0.014608765 -1.635184050 0.002776984 -0.014621662 0.999889255 68.829467773
0.999983668 -0.004931946 -0.002880521 0.864720225 0.004976454 0.999865055 0.015653897 -1.663313746 0.002802929 -0.015667979 0.999873340 69.299072266
0.999983728 -0.005051014 -0.002640688 0.868148327 0.005091602 0.999865413 0.015596374 -1.666332483 0.002561554 -0.015609567 0.999874890 69.856002808
0.999983311 -0.004890696 -0.003061364 0.879526556 0.004937002 0.999870718 0.015306019 -1.667184114 0.002986111 -0.015320878 0.999878228 70.411811829
0.999978721 -0.005686665 -0.003187408 0.894458890 0.005734771 0.999866664 0.015291710 -1.676071525 0.003100025 -0.015309664 0.999877989 70.922904968
0.999978900 -0.005749064 -0.003017899 0.892075241 0.005793711 0.999870777 0.014999661 -1.680367470 0.002931276 -0.015016830 0.999882996 71.445594788
0.999979496 -0.005744304 -0.002834253 0.903741479 0.005783695 0.999884069 0.014091475 -1.674121141 0.002752979 -0.014107579 0.999896765 71.961448669
0.999984205 -0.005230264 -0.002026000 0.856920958 0.005259767 0.999876022 0.014841524 -1.663347602 0.001948124 -0.014851945 0.999887824 72.369354248
0.999986529 -0.004776288 -0.002023459 0.863827348 0.004805271 0.999882340 0.014568707 -1.666982889 0.001953638 -0.014578232 0.999891818 72.905181885
0.999984384 -0.005282875 -0.001807222 0.865629315 0.005307149 0.999892056 0.013701733 -1.662284136 0.001734642 -0.013711110 0.999904513 73.474075317
0.999988139 -0.004538324 -0.001717661 0.875109553 0.004561709 0.999893546 0.013864695 -1.680331588 0.001654555 -0.013872368 0.999902427 74.027030945
0.999984622 -0.005122910 -0.002139950 0.884268761 0.005150969 0.999898016 0.013319022 -1.679522991 0.002071500 -0.013329837 0.999909043 74.592971802
0.999983549 -0.005425017 -0.001848283 0.883843422 0.005448738 0.999899626 0.013080685 -1.690281868 0.001777134 -0.013090541 0.999912798 75.158271790
0.999991298 -0.004111147 -0.000670769 0.841568232 0.004120390 0.999887586 0.014415720 -1.717974067 0.000611427 -0.014418357 0.999895871 75.535507202
0.999989748 -0.004448792 -0.000813207 0.856177807 0.004460138 0.999884605 0.014527597 -1.727459192 0.000748482 -0.014531075 0.999894142 76.088272095
0.999990702 -0.004147745 -0.001180736 0.875525773 0.004163899 0.999892950 0.014025220 -1.732803345 0.001122437 -0.014030005 0.999900997 76.639122009
0.999990940 -0.004246436 -0.000213089 0.862689912 0.004249027 0.999890804 0.014154935 -1.730739713 0.000152959 -0.014155711 0.999899805 77.118400574
0.999989450 -0.004538298 0.000639752 0.876009703 0.004528896 0.999891639 0.014002604 -1.736784935 -0.000703230 -0.013999558 0.999901712 77.664886475
0.999988258 -0.004585060 0.001567243 0.898047507 0.004563598 0.999899328 0.013433773 -1.739246845 -0.001628679 -0.013426463 0.999908566 78.209541321
0.999979973 -0.005301699 0.003434769 0.911991715 0.005253097 0.999888003 0.014008108 -1.753729939 -0.003508650 -0.013989784 0.999895990 78.735717773
0.999965549 -0.003354009 0.007593511 0.894978523 0.003248405 0.999898434 0.013877036 -1.767185450 -0.007639283 -0.013851893 0.999874890 79.215293884
0.999924123 -0.003552561 0.011799224 0.913259983 0.003383146 0.999891281 0.014347246 -1.778435946 -0.011848912 -0.014306237 0.999827504 79.757156372
0.999884307 -0.003668573 0.014759198 0.936159968 0.003469097 0.999902606 0.013518353 -1.774515033 -0.014807353 -0.013465590 0.999799669 80.325057983
0.999806046 -0.003831579 0.019317117 0.975071967 0.003568267 0.999900460 0.013647142 -1.777722120 -0.019367484 -0.013575567 0.999720275 80.854949951
0.999656498 -0.002968885 0.026040381 0.995366096 0.002601384 0.999896705 0.014135296 -1.789246082 -0.026079655 -0.014062699 0.999560952 81.354141235
0.999505222 -0.003559366 0.031251136 0.992838860 0.003129731 0.999900043 0.013785969 -1.792477727 -0.031297084 -0.013681338 0.999416471 81.875709534
0.999284863 -0.002906953 0.037698995 1.021063089 0.002374454 0.999896884 0.014162116 -1.800190687 -0.037736282 -0.014062474 0.999188721 82.425750732
0.998967350 -0.003150112 0.045322314 1.064550400 0.002508781 0.999896049 0.014200395 -1.804747581 -0.045362331 -0.014072028 0.998871446 82.983016968
0.998589218 -0.003241277 0.053000662 1.113818169 0.002521923 0.999903858 0.013633790 -1.810616255 -0.053039759 -0.013480893 0.998501360 83.534370422
0.998189211 -0.003244608 0.060065132 1.161984682 0.002442898 0.999906957 0.013415962 -1.813413262 -0.060103077 -0.013244935 0.998104274 84.085014343
0.997611344 -0.003274684 0.068998478 1.225317001 0.002334500 0.999903381 0.013702399 -1.822917461 -0.069036685 -0.013508593 0.997522652 84.640159607
0.996910393 -0.004158047 0.078436784 1.296134472 0.003087108 0.999900401 0.013769857 -1.832907677 -0.078486234 -0.013485171 0.996823967 85.163787842
0.996124864 -0.002564006 0.087912247 1.307219505 0.001329802 0.999899805 0.014094739 -1.845018744 -0.087939575 -0.013923216 0.996028423 85.665756226
0.995364726 -0.002970764 0.096126452 1.372016907 0.001639901 0.999901772 0.013920971 -1.854618549 -0.096158355 -0.013698805 0.995271742 86.198226929
0.994289458 -0.003285377 0.106666312 1.452827930 0.001857294 0.999907315 0.013484903 -1.851345778 -0.106700733 -0.013209784 0.994203448 86.756019592
0.993094504 -0.003321602 0.117271118 1.507748604 0.001683679 0.999899685 0.014063281 -1.856179357 -0.117306069 -0.013768717 0.993000329 87.257781982
0.992023408 -0.003700397 0.125999346 1.596650124 0.001985066 0.999903679 0.013736648 -1.863661647 -0.126038045 -0.013376959 0.991935194 87.803794861
0.990489900 -0.003355521 0.137544841 1.695966721 0.001425722 0.999899149 0.014126443 -1.868364930 -0.137578398 -0.013795996 0.990394831 88.363159180
0.988774717 -0.004186073 0.149355292 1.792069435 0.002124314 0.999900281 0.013961255 -1.872432828 -0.149398863 -0.013487259 0.988685071 88.900810242
0.987012565 -0.003438702 0.160606146 1.890907288 0.001171759 0.999898314 0.014207498 -1.889644623 -0.160638690 -0.013834787 0.986916244 89.423545837
0.985360622 -0.004443872 0.170424938 1.972237587 0.002143202 0.999904096 0.013681212 -1.880692482 -0.170469388 -0.013115671 0.985275626 89.899658203
0.982899427 -0.004233695 0.184094310 2.089293480 0.001841379 0.999911606 0.013164070 -1.886569142 -0.184133768 -0.012599968 0.982820392 90.428649902
0.980554760 -0.004272087 0.196199164 2.224236488 0.001521576 0.999898434 0.014167575 -1.903717756 -0.196239769 -0.013593549 0.980461776 90.976104736
0.978487730 -0.004439107 0.206257135 2.358064651 0.001535972 0.999897420 0.014233315 -1.913425446 -0.206299186 -0.013610318 0.978394270 91.506698608
0.975487769 -0.004399114 0.220009625 2.449089050 0.001367857 0.999902070 0.013928277 -1.885755658 -0.220049351 -0.013285924 0.975398183 92.068855286
0.972373247 -0.004744262 0.233383179 2.605497360 0.001593416 0.999905109 0.013687436 -1.884929061 -0.233425930 -0.012937420 0.972288489 92.614646912
0.969625056 -0.005309165 0.244538426 2.757492065 0.002002254 0.999903202 0.013769677 -1.896442413 -0.244587854 -0.012861798 0.969541788 93.135047913
0.966391325 -0.004959008 0.257027507 2.916362762 0.001525502 0.999907017 0.013556195 -1.907698393 -0.257070839 -0.012708494 0.966309011 93.654777527
0.962409496 -0.004375260 0.271567374 3.023399353 0.000611857 0.999902546 0.013941212 -1.887326360 -0.271601945 -0.013250991 0.962318420 94.178764343
0.958752871 -0.004533162 0.284205049 3.196958542 0.000617804 0.999903619 0.013864650 -1.893468738 -0.284240544 -0.013117189 0.958663285 94.708778381
0.955645978 -0.005969101 0.294457346 3.395858765 0.001950584 0.999900937 0.013939005 -1.896324635 -0.294511408 -0.012746389 0.955562949 95.236358643
0.951171756 -0.005009569 0.308621287 3.591495514 0.000555060 0.999894381 0.014519677 -1.908162475 -0.308661461 -0.013639404 0.951074064 95.767272949
0.946525395 -0.004943372 0.322591454 3.753414154 0.000354293 0.999897957 0.014282840 -1.908263445 -0.322629124 -0.013404778 0.946430564 96.253997803
0.942583203 -0.005319863 0.333928913 3.958936691 0.000747017 0.999904275 0.013820993 -1.911051750 -0.333970487 -0.012777987 0.942496955 96.765014648
0.938178122 -0.005957184 0.346101701 4.166681290 0.001292172 0.999905229 0.013707917 -1.917420268 -0.346150517 -0.012413241 0.938096881 97.264411926
0.932780206 -0.006223452 0.360391885 4.374652863 0.001100937 0.999895394 0.014417280 -1.935157537 -0.360443890 -0.013051384 0.932689607 97.764480591
0.928094149 -0.006769917 0.372284144 4.631643295 0.001505999 0.999894738 0.014428484 -1.936541319 -0.372342587 -0.012830333 0.928006649 98.302078247
0.923643708 -0.006574371 0.383195698 4.830595016 0.001372481 0.999903142 0.013846846 -1.927979231 -0.383249640 -0.012263624 0.923563361 98.783203125
0.917832732 -0.006420640 0.396915406 5.066650391 0.000710296 0.999894083 0.014532134 -1.935887575 -0.396966666 -0.013056141 0.917740166 99.284942627
0.912161350 -0.006735270 0.409775943 5.312160492 0.000958793 0.999897242 0.014300507 -1.940116644 -0.409830123 -0.012651481 0.912074089 99.783584595
0.907350123 -0.007793339 0.420303464 5.578498840 0.002032729 0.999897778 0.014152028 -1.953427315 -0.420370728 -0.011986484 0.907273233 100.245986938
0.900863111 -0.008314407 0.434023678 5.845394135 0.002399548 0.999896646 0.014174074 -1.959513783 -0.434096634 -0.011727441 0.900789976 100.740112305
0.892728388 -0.005870363 0.450556934 5.986152649 -0.000160338 0.999910891 0.013345656 -1.903183937 -0.450595140 -0.011986288 0.892647922 101.287788391
0.886566341 -0.006358774 0.462557793 6.261531830 0.000381481 0.999915242 0.013014648 -1.908601522 -0.462601364 -0.011361892 0.886493564 101.768821716
0.880865216 -0.006890806 0.473316938 6.538784027 0.000731523 0.999912679 0.013195872 -1.918149233 -0.473366529 -0.011277542 0.880793393 102.233779907
0.873338580 -0.007175483 0.487060845 6.794719696 0.000674211 0.999908328 0.013521947 -1.927021027 -0.487113208 -0.011480856 0.873263359 102.654563904
