1.000000000 0.000000000 0.000000000 0.000000000 0.000000000 1.000000000 0.000000000 0.000000000 0.000000000 0.000000000 1.000000000 0.000000000
1.000000000 0.000022866 0.000136089 -0.003387363 -0.000022838 1.000000000 -0.000205599 0.004352531 -0.000136094 0.000205596 0.999999940 0.004232085
1.000000000 0.000036590 0.000065969 -0.002253732 -0.000036581 1.000000000 -0.000137564 0.002391005 -0.000065974 0.000137562 1.000000000 0.000703521
0.999999940 0.000309215 0.000112054 0.000102996 -0.000309198 0.999999940 -0.000157690 0.003725938 -0.000112103 0.000157656 1.000000000 -0.001846427
1.000000000 0.000238585 0.000049149 0.002687702 -0.000238581 0.999999940 -0.000082507 0.002006530 -0.000049169 0.000082495 1.000000000 -0.001335261
1.000000000 0.000145984 0.000062817 0.000241440 -0.000145980 1.000000000 -0.000063753 0.002172260 -0.000062826 0.000063744 1.000000000 -0.001229727
1.000000000 0.000129217 0.000132078 -0.001830740 -0.000129205 1.000000000 -0.000095398 0.002074460 -0.000132090 0.000095381 1.000000000 -0.000709973
1.000000000 0.000024971 -0.000003354 0.000955602 -0.000024971 1.000000000 -0.000027135 0.001644687 0.000003353 0.000027135 1.000000000 -0.002511688
1.000000000 0.000048941 0.000136957 -0.005101089 -0.000048912 1.000000000 -0.000210764 0.004130934 -0.000136968 0.000210757 0.999999940 0.004363519
0.999999940 0.000214608 0.000231365 -0.004786524 -0.000214579 0.999999940 -0.000127483 0.002206832 -0.000231393 0.000127433 0.999999940 -0.001350009
0.999999940 0.000206720 0.000207185 -0.003882553 -0.000206685 0.999999940 -0.000165787 0.002089681 -0.000207219 0.000165744 0.999999940 -0.000717267
1.000000000 0.000165309 0.000085336 0.000134201 -0.000165302 1.000000000 -0.000081349 0.002287141 -0.000085349 0.000081335 1.000000000 -0.004796114
1.000000000 0.000116568 0.000197436 -0.005503976 -0.000116558 1.000000000 -0.000049583 0.000551090 -0.000197442 0.000049559 1.000000000 -0.003064007
1.000000000 -0.000001167 0.000108925 -0.003211276 0.000001180 1.000000000 -0.000116651 0.000704317 -0.000108925 0.000116651 1.000000000 -0.001750304
1.000000000 0.000085221 0.000094824 -0.000957566 -0.000085208 1.000000000 -0.000132653 0.002599745 -0.000094835 0.000132645 1.000000000 -0.003443763
1.000000000 -0.000192079 -0.000128171 0.002488206 0.000192076 1.000000000 -0.000028804 0.000728449 0.000128177 0.000028779 1.000000000 -0.006667863
1.000000000 -0.000231222 0.000012995 -0.002304755 0.000231223 0.999999940 -0.000124600 0.000739094 -0.000012966 0.000124603 1.000000000 -0.004689444
1.000000000 -0.000055877 0.000055942 0.000224630 0.000055879 1.000000000 -0.000037614 0.000359623 -0.000055940 0.000037617 1.000000000 -0.006598690
1.000000000 0.000106402 -0.000003382 0.000218374 -0.000106402 1.000000000 0.000005332 0.002095653 0.000003383 -0.000005331 1.000000000 -0.007769112
1.000000000 -0.000080441 -0.000002829 -0.001725387 0.000080441 1.000000000 -0.000034848 -0.000305457 0.000002831 0.000034847 1.000000000 -0.007326362
1.000000000 -0.000006994 0.000068577 -0.001110213 0.000006999 1.000000000 -0.000077788 0.000812764 -0.000068576 0.000077788 1.000000000 -0.007727227
1.000000000 -0.000129865 0.000019908 0.000235754 0.000129865 1.000000000 -0.000021248 -0.000504205 -0.000019905 0.000021251 1.000000000 -0.004062077
1.000000000 0.000141072 0.000173371 -0.006058511 -0.000141037 0.999999940 -0.000201591 0.003556611 -0.000173400 0.000201566 0.999999940 0.003515173
1.000000000 -0.000087987 -0.000079240 0.000783506 0.000087979 1.000000000 -0.000103173 0.000654791 0.000079249 0.000103166 1.000000000 0.000374379
1.000000000 -0.000074255 0.000017750 -0.000882597 0.000074256 1.000000000 -0.000012914 0.002267118 -0.000017749 0.000012915 1.000000000 0.000131740
1.000000000 0.000006451 -0.000040268 0.002417604 -0.000006456 1.000000000 -0.000143327 0.003315643 0.000040267 0.000143328 1.000000000 -0.006685680
1.000000000 -0.000066002 0.000112671 -0.003223382 0.000066020 1.000000000 -0.000161766 0.003460750 -0.000112660 0.000161773 1.000000000 -0.001142748
0.999999940 0.000258231 0.000215223 -0.005412833 -0.000258188 0.999999940 -0.000201242 0.003357265 -0.000215275 0.000201187 0.999999940 0.000223756
1.000000000 0.000027834 0.000114538 -0.003332817 -0.000027831 1.000000000 -0.000026889 0.002068221 -0.000114539 0.000026886 1.000000000 -0.000686649
1.000000000 -0.000193299 0.000011398 -0.004493803 0.000193301 0.999999940 -0.000161235 0.005888107 -0.000011367 0.000161238 1.000000000 0.002558964
1.000000000 -0.000083713 0.000040206 -0.003460807 0.000083717 1.000000000 -0.000090366 0.002699358 -0.000040199 0.000090369 1.000000000 0.000687549
1.000000000 -0.000131328 0.000100684 -0.003424079 0.000131326 1.000000000 0.000015751 0.001164220 -0.000100686 -0.000015738 1.000000000 0.000171386
1.000000000 -0.000184491 0.000077679 -0.004654510 0.000184492 1.000000000 -0.000014289 0.001732351 -0.000077676 0.000014303 1.000000000 -0.002155547
1.000000000 -0.000133800 0.000003169 -0.002761758 0.000133800 1.000000000 -0.000003240 0.001907051 -0.000003168 0.000003240 1.000000000 -0.002392073
1.000000000 0.000091642 0.000071726 -0.004115317 -0.000091631 1.000000000 -0.000150158 0.001862850 -0.000071740 0.000150151 1.000000000 0.000330974
1.000000000 0.000052920 0.000125845 -0.004801950 -0.000052908 1.000000000 -0.000099567 0.002937381 -0.000125851 0.000099560 1.000000000 0.000552786
1.000000000 -0.000152708 -0.000155381 0.002989250 0.000152729 1.000000000 0.000134199 -0.000216690 0.000155361 -0.000134223 1.000000000 -0.012420015
1.000000000 -0.000007567 0.000068686 -0.003647476 0.000007586 0.999999940 -0.000267445 0.004596171 -0.000068684 0.000267446 0.999999940 0.001291376
1.000000000 -0.000180228 0.000069542 -0.002938989 0.000180229 1.000000000 -0.000024650 0.001974628 -0.000069538 0.000024662 1.000000000 -0.000572509
1.000000000 -0.000022284 -0.000043092 0.001046814 0.000022290 1.000000000 0.000158085 -0.000963932 0.000043089 -0.000158086 1.000000000 -0.008525822
0.999999940 -0.000278358 -0.000134956 0.000137100 0.000278357 0.999999940 -0.000009560 -0.000643442 0.000134959 0.000009523 1.000000000 -0.000238950
1.000000000 0.000056435 0.000087219 0.002045613 -0.000056382 0.999999821 -0.000608462 -0.004039176 -0.000087253 0.000608457 0.999999821 0.048981391
1.000000000 0.000040717 -0.000013934 -0.000197735 -0.000040739 0.999998748 -0.001564742 0.001261571 0.000013870 0.001564743 0.999998748 0.148211569
1.000000000 -0.000065374 -0.000082400 0.004962792 0.000065247 0.999998808 -0.001540583 -0.007941382 0.000082501 0.001540577 0.999998808 0.263934106
1.000000000 -0.000205924 0.000032602 0.002477763 0.000205968 0.999999046 -0.001381547 -0.012383140 -0.000032318 0.001381553 0.999999046 0.395802855
1.000000000 0.000030007 -0.000101280 0.005175906 -0.000030127 0.999999285 -0.001188402 -0.017494753 0.000101244 0.001188405 0.999999285 0.537713706
1.000000000 -0.000028391 0.000147591 0.006299995 0.000028533 0.999999523 -0.000962886 -0.031577840 -0.000147564 0.000962890 0.999999523 0.680175781
0.999999881 -0.000461415 -0.000078036 0.019730680 0.000461367 0.999999702 -0.000614648 -0.031008206 0.000078320 0.000614612 0.999999821 0.850023031
1.000000000 -0.000166631 -0.000144261 0.022998398 0.000166553 0.999999821 -0.000537303 -0.037604202 0.000144351 0.000537279 0.999999821 1.030840516
0.999999940 -0.000098976 0.000231406 0.014522993 0.000099148 0.999999702 -0.000744434 -0.037869312 -0.000231332 0.000744457 0.999999702 1.211797595
1.000000000 -0.000167744 -0.000034927 0.030297609 0.000167721 0.999999762 -0.000651682 -0.046571445 0.000035036 0.000651676 0.999999762 1.416027188
0.999999583 -0.000596400 -0.000718767 0.043140352 0.000596188 0.999999762 -0.000295774 -0.056961697 0.000718944 0.000295345 0.999999702 1.611454606
0.999999344 -0.000886579 0.000714547 0.018860126 0.000885684 0.999998808 0.001251795 -0.081519626 -0.000715656 -0.001251161 0.999998987 1.657578468
0.999998927 -0.001244801 0.000822061 0.024286868 0.001243630 0.999998212 0.001424000 -0.086579904 -0.000823833 -0.001422976 0.999998629 1.865454435
0.999999523 -0.000268398 0.000946475 0.025425473 0.000267458 0.999999464 0.000993827 -0.092129901 -0.000946741 -0.000993573 0.999999046 2.051182270
0.999999702 -0.000214706 0.000760284 0.032450315 0.000213787 0.999999225 0.001208817 -0.098283492 -0.000760543 -0.001208654 0.999998987 2.271799326
0.999999523 -0.000358193 0.000915537 0.030193077 0.000356993 0.999999106 0.001310498 -0.106286861 -0.000916005 -0.001310170 0.999998748 2.498431444
0.999998868 0.000196039 0.001442279 0.032994952 -0.000198276 0.999998748 0.001551054 -0.113924444 -0.001441973 -0.001551338 0.999997795 2.736422300
0.999999046 -0.000046363 0.001397333 0.037494611 0.000044173 0.999998748 0.001566875 -0.128842935 -0.001397404 -0.001566812 0.999997795 2.971403837
0.999999106 -0.001161988 0.000594817 0.049858347 0.001160560 0.999996424 0.002394777 -0.139079973 -0.000597598 -0.002394085 0.999996960 3.154498577
0.999999106 -0.001167962 0.000594102 0.061772998 0.001166480 0.999996185 0.002489014 -0.146506995 -0.000597006 -0.002488319 0.999996722 3.418687105
0.999999583 -0.000349882 0.000841390 0.060636211 0.000347837 0.999997020 0.002428596 -0.151693508 -0.000842237 -0.002428303 0.999996662 3.669329405
0.999999166 -0.000923488 0.000921897 0.073981360 0.000920987 0.999995887 0.002709143 -0.160153985 -0.000924395 -0.002708291 0.999995887 3.964782238
0.999999762 -0.000561322 0.000520206 0.076209180 0.000559832 0.999995828 0.002859277 -0.163472548 -0.000521809 -0.002858985 0.999995768 4.203618526
0.999999285 -0.000569213 0.001056175 0.058037467 0.000565748 0.999994457 0.003277950 -0.191388831 -0.001058035 -0.003277351 0.999994099 4.381224632
0.999999166 -0.000505595 0.001245613 0.062330332 0.000501317 0.999993920 0.003432677 -0.199858248 -0.001247341 -0.003432050 0.999993324 4.635650158
0.999999166 -0.000474556 0.001242765 0.069190226 0.000470567 0.999994755 0.003207945 -0.202664956 -0.001244281 -0.003207357 0.999994099 4.892040730
0.999998689 -0.001349352 0.000862166 0.070288137 0.001346475 0.999993503 0.003329520 -0.209881976 -0.000866654 -0.003328355 0.999994159 5.167240143
0.999998629 -0.001000771 0.001265928 0.067497641 0.000996167 0.999992907 0.003631840 -0.236496642 -0.001269554 -0.003630575 0.999992549 5.388751984
0.999998748 -0.000862913 0.001317253 0.073839933 0.000858058 0.999992788 0.003681760 -0.245618865 -0.001320421 -0.003680625 0.999992371 5.657634735
0.999998629 0.000142143 0.001607332 0.074657559 -0.000147899 0.999993503 0.003581277 -0.253445238 -0.001606813 -0.003581510 0.999992251 5.935698986
0.999998212 -0.000600675 0.001819239 0.077740610 0.000593524 0.999992132 0.003928657 -0.259939522 -0.001821585 -0.003927570 0.999990582 6.221569538
0.999998271 -0.001170338 0.001391471 0.087177657 0.001164828 0.999991417 0.003954100 -0.279497594 -0.001396087 -0.003952472 0.999991179 6.508573055
0.999998391 -0.000996631 0.001504673 0.092501767 0.000991257 0.999993145 0.003568494 -0.274632961 -0.001508219 -0.003566996 0.999992430 6.766202927
0.999998391 -0.001150129 0.001328867 0.106760710 0.001145223 0.999992549 0.003686179 -0.291177720 -0.001333097 -0.003684651 0.999992251 7.059921741
0.999997973 -0.001587819 0.001269101 0.119354792 0.001582558 0.999990225 0.004135560 -0.308355272 -0.001275655 -0.004133543 0.999990642 7.372443199
0.999998212 -0.001136825 0.001551261 0.121865958 0.001130122 0.999990106 0.004315050 -0.306668997 -0.001556151 -0.004313289 0.999989450 7.697653770
0.999997854 -0.001478449 0.001456513 0.121043682 0.001472591 0.999990880 0.004015038 -0.303303957 -0.001462435 -0.004012884 0.999990880 8.005105972
0.999998391 -0.001231026 0.001322926 0.119870886 0.001225088 0.999989212 0.004480132 -0.332611948 -0.001328427 -0.004478504 0.999989092 8.266160965
0.999997556 -0.001720834 0.001425690 0.125181124 0.001714592 0.999988973 0.004368574 -0.337935477 -0.001433192 -0.004366119 0.999989450 8.601288795
0.999998093 -0.000734572 0.001830308 0.132736072 0.000725641 0.999987841 0.004875115 -0.353334188 -0.001833867 -0.004873777 0.999986410 8.929294586
0.999997258 -0.001908339 0.001349918 0.152552769 0.001901748 0.999986351 0.004867104 -0.360461801 -0.001359188 -0.004864523 0.999987185 9.277540207
0.999998271 -0.001276841 0.001371063 0.158910826 0.001269950 0.999986649 0.005015028 -0.364725560 -0.001377448 -0.005013278 0.999986470 9.618572235
0.999998331 -0.001197779 0.001355573 0.172439098 0.001190778 0.999985993 0.005153252 -0.376497477 -0.001361726 -0.005151629 0.999985874 9.935670853
0.999998629 -0.001235886 0.001209160 0.157059893 0.001230194 0.999988198 0.004696959 -0.388225287 -0.001214951 -0.004695465 0.999988198 10.290751457
0.999997139 -0.001915660 0.001423130 0.160011798 0.001909125 0.999987662 0.004578812 -0.393140614 -0.001431884 -0.004576082 0.999988496 10.673053741
0.999997675 -0.001703678 0.001309976 0.165873557 0.001697474 0.999987364 0.004722656 -0.407278150 -0.001318006 -0.004720422 0.999988019 11.056156158
0.999995828 -0.002464910 0.001535419 0.184210777 0.002457731 0.999986112 0.004659669 -0.410832077 -0.001546883 -0.004655876 0.999987960 11.437382698
0.999997854 -0.001238974 0.001670971 0.184434757 0.001230317 0.999985874 0.005172076 -0.427318394 -0.001677355 -0.005170009 0.999985218 11.824406624
0.999997854 -0.001452167 0.001482188 0.199177936 0.001443998 0.999983847 0.005497736 -0.455725968 -0.001490147 -0.005495584 0.999983788 12.107659340
0.999997199 -0.001927664 0.001404116 0.211913422 0.001919719 0.999982238 0.005638027 -0.461578697 -0.001414959 -0.005635316 0.999983132 12.501063347
0.999997318 -0.002006089 0.001151279 0.230531886 0.001999200 0.999980330 0.005953678 -0.474191695 -0.001163200 -0.005951360 0.999981582 12.917073250
0.999998152 -0.001050815 0.001649624 0.239864081 0.001041742 0.999984443 0.005491120 -0.474048764 -0.001655368 -0.005489391 0.999983549 13.345679283
0.999997616 -0.001848676 0.001148676 0.245458230 0.001841427 0.999978662 0.006280783 -0.491838157 -0.001160262 -0.006278653 0.999979615 13.785995483
0.999995708 -0.002495407 0.001520405 0.265843183 0.002485654 0.999976516 0.006382829 -0.540599763 -0.001536297 -0.006379023 0.999978483 14.172713280
0.999995947 -0.002081121 0.001923687 0.277270198 0.002068033 0.999974847 0.006780520 -0.552910924 -0.001937749 -0.006776514 0.999975204 14.582674980
0.999993503 -0.003340833 0.001391329 0.292598039 0.003330857 0.999969184 0.007111308 -0.567393780 -0.001415044 -0.007106627 0.999973714 15.001538277
0.999994755 -0.001824418 0.002687867 0.298806369 0.001805487 0.999973595 0.007029142 -0.578316092 -0.002700621 -0.007024252 0.999971747 15.460336685
0.999993265 -0.001677238 0.003253409 0.279809952 0.001651610 0.999967694 0.007863817 -0.605764866 -0.003266494 -0.007858391 0.999963820 15.924612045
0.999991536 -0.003161102 0.002597993 0.308314562 0.003142230 0.999968827 0.007235930 -0.614127278 -0.002620785 -0.007227706 0.999970436 16.444307327
0.999992847 -0.002534481 0.002825638 0.303784937 0.002513862 0.999970317 0.007276912 -0.616007864 -0.002843997 -0.007269756 0.999969542 16.828714371
0.999992251 -0.002264163 0.003209326 0.329678953 0.002241198 0.999971926 0.007141670 -0.641065657 -0.003225406 -0.007134422 0.999969363 17.194814682
0.999991655 -0.001972749 0.003581228 0.339587927 0.001948792 0.999975741 0.006680870 -0.647739112 -0.003594321 -0.006673834 0.999971271 17.666246414
0.999990046 -0.002202591 0.003900201 0.355210483 0.002175395 0.999973416 0.006963644 -0.658455849 -0.003915435 -0.006955090 0.999968112 18.134752274
0.999990761 -0.002290161 0.003662153 0.375303626 0.002261931 0.999967873 0.007694236 -0.676944613 -0.003679657 -0.007685883 0.999963641 18.634660721
0.999988794 -0.001698006 0.004442201 0.385237902 0.001663480 0.999968469 0.007764508 -0.681592584 -0.004455245 -0.007757031 0.999960005 19.118534088
0.999989867 -0.002839656 0.003492473 0.403272659 0.002810040 0.999960303 0.008455806 -0.719119489 -0.003516347 -0.008445907 0.999958158 19.544370651
0.999991953 -0.001892658 0.003519883 0.403717428 0.001863784 0.999964833 0.008188312 -0.725520849 -0.003535256 -0.008181687 0.999960303 20.045417786
0.999990821 -0.001702845 0.003932338 0.405557603 0.001670199 0.999964237 0.008290335 -0.738821208 -0.003946314 -0.008283691 0.999957919 20.563676834
0.999992311 -0.003290386 0.002132008 0.434459388 0.003271903 0.999957621 0.008615064 -0.764490068 -0.002160264 -0.008608022 0.999960601 21.086044312
0.999990702 -0.003764770 0.002097634 0.428171843 0.003745791 0.999952674 0.008979340 -0.787071824 -0.002131341 -0.008971400 0.999957442 21.554435730
0.999991834 -0.003474888 0.002062609 0.429885179 0.003456275 0.999953866 0.008959822 -0.796897352 -0.002093649 -0.008952619 0.999957681 22.101789474
0.999990761 -0.003886793 0.001807288 0.427462965 0.003869338 0.999946713 0.009563324 -0.812597632 -0.001844363 -0.009556242 0.999952614 22.621414185
0.999994040 -0.003347632 0.000886541 0.427842140 0.003339064 0.999949336 0.009495729 -0.833748817 -0.000918285 -0.009492711 0.999954522 23.138635635
0.999983847 -0.005672372 -0.000409510 0.447886229 0.005676044 0.999937713 0.009605733 -0.858157098 0.000354997 -0.009607902 0.999953747 23.621498108
0.999988496 -0.004701240 -0.000946136 0.456592500 0.004710109 0.999942780 0.009600806 -0.861231923 0.000900946 -0.009605154 0.999953449 24.151742935
0.999990225 -0.004229556 -0.001222248 0.473825216 0.004241509 0.999941468 0.009948556 -0.870744348 0.001180099 -0.009953644 0.999949813 24.702873230
0.999993682 -0.003433220 -0.000950513 0.441697776 0.003442744 0.999941945 0.010206995 -0.904139280 0.000915415 -0.010210205 0.999947429 25.170764923
0.999985456 -0.005061955 -0.001867251 0.450413227 0.005081788 0.999929070 0.010773744 -0.921635747 0.001812582 -0.010783077 0.999940217 25.712785721
0.999987364 -0.004602897 -0.002027212 0.458109736 0.004625622 0.999924898 0.011351904 -0.925448775 0.001974808 -0.011361138 0.999933481 26.255268097
0.999982357 -0.005260941 -0.002758738 0.478602767 0.005292163 0.999920666 0.011435220 -0.953425765 0.002698359 -0.011449618 0.999930859 26.795894623
0.999981344 -0.004993964 -0.003523870 0.520974338 0.005034567 0.999919951 0.011608671 -0.964572549 0.003465615 -0.011626196 0.999926388 27.339546204
0.999982297 -0.004626610 -0.003736750 0.515884459 0.004671253 0.999916732 0.012027905 -0.980442405 0.003680790 -0.012045149 0.999920607 27.892707825
0.999984443 -0.004151118 -0.003719725 0.516707003 0.004193997 0.999923885 0.011594923 -0.993311644 0.003671310 -0.011610344 0.999925792 28.441585541
0.999982119 -0.004539285 -0.003884004 0.514000475 0.004585945 0.999916375 0.012089852 -1.008593678 0.003828800 -0.012107448 0.999919355 29.005472183
0.999979436 -0.004767112 -0.004294120 0.497374952 0.004821515 0.999907076 0.012749012 -1.025263548 0.004232945 -0.012769452 0.999909580 29.498672485
0.999971628 -0.005650915 -0.004981572 0.549904883 0.005714909 0.999900103 0.012926959 -1.045550585 0.004908027 -0.012955064 0.999904037 30.014389038
0.999972343 -0.005133694 -0.005393551 0.567797184 0.005205085 0.999897838 0.013306716 -1.059959650 0.005324689 -0.013334422 0.999896884 30.557706833
0.999962509 -0.005816546 -0.006421152 0.597492099 0.005900448 0.999896407 0.013125774 -1.046319723 0.006344141 -0.013163170 0.999893248 31.100597382
0.999952555 -0.007199861 -0.006559405 0.606541157 0.007291086 0.999875546 0.013991441 -1.101931214 0.006457853 -0.014038603 0.999880552 31.651952744
0.999956191 -0.006806308 -0.006412782 0.600568235 0.006895498 0.999878287 0.013990231 -1.110533476 0.006316779 -0.014033837 0.999881566 32.196147919
0.999952435 -0.007182032 -0.006589409 0.608992696 0.007276386 0.999869704 0.014408529 -1.126497746 0.006485068 -0.014455791 0.999874473 32.735515594
0.999955595 -0.006917230 -0.006399877 0.595630705 0.007010088 0.999868751 0.014602493 -1.143905878 0.006298028 -0.014646708 0.999872923 33.250949860
0.999956369 -0.006636642 -0.006566365 0.607058287 0.006736638 0.999859810 0.015325394 -1.152737141 0.006463736 -0.015368960 0.999861002 33.836444855
0.999942482 -0.007907473 -0.007252810 0.602217376 0.008016220 0.999853969 0.015089270 -1.143956423 0.007132432 -0.015146541 0.999859810 34.350143433
0.999939263 -0.007900652 -0.007680675 0.569666028 0.008014243 0.999857247 0.014872653 -1.182759047 0.007562075 -0.014933305 0.999859869 34.984992981
0.999941409 -0.007835645 -0.007473024 0.562792480 0.007946005 0.999858081 0.014854279 -1.192037344 0.007355570 -0.014912791 0.999861658 35.549461365
0.999948382 -0.006886187 -0.007462820 0.569430351 0.006999674 0.999858618 0.015289349 -1.208810687 0.007356478 -0.015340799 0.999855280 36.052879333
0.999941230 -0.007699314 -0.007625307 0.558630466 0.007821192 0.999840081 0.016084578 -1.230907202 0.007500247 -0.016143272 0.999841571 36.543056488
0.999935865 -0.008349126 -0.007657807 0.565711260 0.008466461 0.999845207 0.015420042 -1.229585886 0.007527879 -0.015483887 0.999851704 37.226432800
0.999943078 -0.007294417 -0.007779490 0.588886142 0.007416427 0.999848068 0.015771816 -1.244246006 0.007663262 -0.015828615 0.999845326 37.738605499
0.999907494 -0.010795314 -0.008272271 0.563436270 0.010938199 0.999788284 0.017426757 -1.292005301 0.008082393 -0.017515628 0.999813855 38.262897491
0.999920428 -0.009046991 -0.008795727 0.624043703 0.009194252 0.999815762 0.016848659 -1.287029743 0.008641676 -0.016928189 0.999819338 38.730300903
0.999900281 -0.010709336 -0.009197661 0.607442975 0.010865892 0.999794006 0.017143413 -1.309266567 0.009012171 -0.017241647 0.999810696 39.314098358
0.999917090 -0.009894292 -0.008234930 0.600537837 0.010038300 0.999794126 0.017634079 -1.330986261 0.008058758 -0.017715283 0.999810517 39.833400726
0.999902666 -0.010114123 -0.009605577 0.636146188 0.010276650 0.999802291 0.017024219 -1.327307463 0.009431494 -0.017121276 0.999808908 40.397804260
0.999891281 -0.010618752 -0.010229908 0.658870339 0.010793655 0.999793828 0.017196521 -1.346592665 0.010045193 -0.017305065 0.999799728 40.959766388
0.999891281 -0.010903168 -0.009921685 0.647747159 0.011082293 0.999773264 0.018181460 -1.353778601 0.009721200 -0.018289439 0.999785483 41.493843079
0.999887407 -0.011026929 -0.010173900 0.652264476 0.011211989 0.999769449 0.018315785 -1.377747536 0.009969587 -0.018427787 0.999780536 42.060745239
0.999889553 -0.010921954 -0.010082034 0.656078815 0.011110286 0.999761224 0.018817078 -1.379968166 0.009874108 -0.018927014 0.999772131 42.601364136
0.999897599 -0.010292782 -0.009940332 0.667939782 0.010477329 0.999770284 0.018695448 -1.394409776 0.009745621 -0.018797684 0.999775827 43.162868500
0.999891996 -0.011317407 -0.009368949 0.633809805 0.011493347 0.999754429 0.018942960 -1.415371895 0.009152264 -0.019048588 0.999776661 43.602394104
0.999887109 -0.011714989 -0.009408867 0.644323170 0.011891006 0.999751151 0.018874530 -1.415296078 0.009185411 -0.018984279 0.999777555 44.163078308
0.999886274 -0.011704357 -0.009507603 0.654288411 0.011889879 0.999735296 0.019696616 -1.426585674 0.009274548 -0.019807415 0.999760866 44.711597443
0.999864459 -0.012682692 -0.010499448 0.690837622 0.012889062 0.999720275 0.019826831 -1.414047480 0.010245054 -0.019959472 0.999748349 45.267478943
0.999866128 -0.012306814 -0.010777419 0.704102874 0.012515244 0.999731719 0.019490482 -1.421092033 0.010534660 -0.019622754 0.999752045 45.790946960
0.999906659 -0.010168980 -0.009127690 0.680286646 0.010344950 0.999757469 0.019442959 -1.458990574 0.008927761 -0.019535568 0.999769330 46.205043793
0.999902010 -0.009870439 -0.009924031 0.698596418 0.010060902 0.999762595 0.019329038 -1.463100910 0.009730889 -0.019426985 0.999763966 46.749603271
0.999899626 -0.010543934 -0.009466343 0.692612112 0.010727673 0.999750853 0.019573389 -1.469448209 0.009257603 -0.019672973 0.999763668 47.303157806
0.999909937 -0.010500676 -0.008360649 0.669746637 0.010656666 0.999765694 0.018836839 -1.467358112 0.008160891 -0.018924238 0.999787569 47.828872681
0.999933600 -0.008650961 -0.007611445 0.663899422 0.008796238 0.999775708 0.019264592 -1.480410814 0.007443081 -0.019330265 0.999785364 48.387470245
0.999905050 -0.010064856 -0.009410137 0.724897861 0.010247557 0.999755859 0.019573219 -1.484714746 0.009210839 -0.019667793 0.999764144 48.810020447
0.999900579 -0.010247156 -0.009689100 0.730127692 0.010433977 0.999756634 0.019431811 -1.488032341 0.009487622 -0.019530974 0.999764204 49.355354309
0.999912441 -0.009315881 -0.009399222 0.722916961 0.009497100 0.999766231 0.019423453 -1.490674973 0.009216078 -0.019511022 0.999767125 49.899944305
0.999918818 -0.008948772 -0.009062294 0.727178454 0.009120343 0.999776542 0.019071538 -1.492588758 0.008889602 -0.019152643 0.999777019 50.438880920
0.999915302 -0.009504648 -0.008894312 0.721859574 0.009683033 0.999748349 0.020232674 -1.506786227 0.008699771 -0.020317083 0.999755681 50.890254974
0.999913394 -0.009286324 -0.009328471 0.742601931 0.009467615 0.999763370 0.019581659 -1.508915186 0.009144423 -0.019668279 0.999764681 51.422874451
0.999907553 -0.009916880 -0.009306182 0.760800302 0.010095182 0.999762475 0.019312240 -1.497300744 0.009112455 -0.019404402 0.999770284 51.969715118
0.999913394 -0.009585254 -0.009020681 0.739631653 0.009755475 0.999771535 0.019019175 -1.508919120 0.008836315 -0.019105526 0.999778509 52.505073547
0.999908149 -0.010255679 -0.008861764 0.724219561 0.010436089 0.999734223 0.020557659 -1.546947002 0.008648575 -0.020648248 0.999749422 52.963214874
0.999917150 -0.009607720 -0.008573961 0.720241666 0.009781383 0.999743104 0.020448111 -1.547591805 0.008375298 -0.020530280 0.999754190 53.518207550
0.999918342 -0.009277801 -0.008791034 0.735243857 0.009447346 0.999766231 0.019444892 -1.542815328 0.008608574 -0.019526355 0.999772251 54.079929352
0.999914706 -0.009553008 -0.008908218 0.742561340 0.009724744 0.999763787 0.019438732 -1.535995603 0.008720416 -0.019523703 0.999771416 54.608806610
0.999922752 -0.009014521 -0.008560020 0.755662918 0.009175048 0.999779284 0.018902827 -1.530949712 0.008387730 -0.018979901 0.999784768 55.125698090
0.999912500 -0.009944344 -0.008726962 0.744689941 0.010123576 0.999733508 0.020739630 -1.574332714 0.008518396 -0.020826161 0.999746799 55.549495697
0.999906600 -0.009998661 -0.009317365 0.758028388 0.010186143 0.999741971 0.020296561 -1.572340488 0.009112023 -0.020389570 0.999750614 56.069282532
0.999905407 -0.010485662 -0.008900657 0.762901843 0.010656326 0.999755919 0.019348437 -1.574117541 0.008695605 -0.019441457 0.999773204 56.654411316
0.999914527 -0.009913931 -0.008530516 0.766547680 0.010084867 0.999744356 0.020234089 -1.582678437 0.008327737 -0.020318389 0.999758899 57.219257355
0.999898434 -0.010909192 -0.009179678 0.803428531 0.011088691 0.999743700 0.019735496 -1.571666360 0.008962027 -0.019835280 0.999763131 57.675945282
0.999910653 -0.010466530 -0.008319636 0.741727471 0.010631442 0.999742746 0.020031596 -1.591934085 0.008107835 -0.020118253 0.999764740 58.203868866
0.999909282 -0.010579264 -0.008336022 0.754426599 0.010751214 0.999724627 0.020859916 -1.604362130 0.008113042 -0.020947646 0.999747634 58.652263641
0.999894321 -0.011303432 -0.009144388 0.770023286 0.011491421 0.999718130 0.020773431 -1.599367976 0.008906999 -0.020876320 0.999742329 59.218418121
0.999897361 -0.011058590 -0.009101633 0.776208997 0.011233911 0.999747872 0.019442283 -1.597633958 0.008884334 -0.019542534 0.999769568 59.742267609
0.999904752 -0.010522231 -0.008917316 0.818828821 0.010704454 0.999729753 0.020639572 -1.622596502 0.008697731 -0.020733066 0.999747217 60.205600739
0.999913812 -0.009746690 -0.008797077 0.816728294 0.009929537 0.999730527 0.020986339 -1.642298698 0.008590159 -0.021071883 0.999741018 60.759548187
0.999900579 -0.010950825 -0.008879936 0.808001876 0.011132852 0.999723375 0.020715052 -1.629426241 0.008650633 -0.020811854 0.999746084 61.252525330
0.999895096 -0.011291886 -0.009065019 0.814089775 0.011479056 0.999716282 0.020868236 -1.634081244 0.008826805 -0.020970108 0.999741137 61.772827148
0.999893486 -0.011361284 -0.009163146 0.819519699 0.011547728 0.999722004 0.020557515 -1.642659545 0.008927040 -0.020661138 0.999746740 62.312629700
0.999908209 -0.010371034 -0.008712781 0.803752840 0.010545990 0.999738753 0.020280460 -1.643276691 0.008500175 -0.020370489 0.999756336 62.880683899
0.999883413 -0.011695364 -0.009810119 0.864780545 0.011882632 0.999743998 0.019253401 -1.606200576 0.009582433 -0.019367728 0.999766469 63.347251892
0.999885023 -0.011872078 -0.009434006 0.824516177 0.012060944 0.999722898 0.020221807 -1.638387203 0.009191316 -0.020333264 0.999751151 63.857681274
0.999887705 -0.012112629 -0.008816270 0.834095836 0.012287039 0.999724329 0.020004893 -1.643192768 0.008571528 -0.020110972 0.999761045 64.388015747
0.999910653 -0.010853430 -0.007803810 0.832866848 0.011009216 0.999735236 0.020205017 -1.655465364 0.007582451 -0.020289123 0.999765515 64.924461365
0.999884784 -0.012216935 -0.009003407 0.874646306 0.012387685 0.999739647 0.019159848 -1.615573525 0.008766990 -0.019269172 0.999776006 65.440071106
0.999886334 -0.011784742 -0.009404172 0.873857796 0.011974556 0.999720335 0.020389840 -1.652126670 0.009161253 -0.020500133 0.999747992 65.910690308
0.999877274 -0.012161010 -0.009876082 0.883870900 0.012354136 0.999728858 0.019735062 -1.651172400 0.009633405 -0.019854650 0.999756515 66.460868835
0.999871433 -0.012815868 -0.009626871 0.906040549 0.013003576 0.999721467 0.019695593 -1.652567625 0.009371772 -0.019818245 0.999759614 66.985542297
0.999885559 -0.011814276 -0.009448085 0.894689023 0.012005434 0.999719024 0.020438427 -1.659824729 0.009203966 -0.020549517 0.999746442 67.420478821
0.999892056 -0.011223882 -0.009476128 0.914936125 0.011413702 0.999730349 0.020220924 -1.669819593 0.009246618 -0.020326898 0.999750614 67.939521790
0.999894440 -0.011115400 -0.009350945 0.925875843 0.011300288 0.999736965 0.019957401 -1.672578812 0.009126652 -0.020060964 0.999757051 68.486495972
0.999891818 -0.011354744 -0.009348569 0.919103444 0.011536600 0.999740601 0.019634256 -1.670168757 0.009123206 -0.019739980 0.999763548 69.017646790
0.999884009 -0.011791775 -0.009653866 0.937644005 0.011985859 0.999722064 0.020299355 -1.670062184 0.009411816 -0.020412704 0.999747455 69.450065613
0.999877274 -0.012029913 -0.010039719 0.958532453 0.012239242 0.999703407 0.021055516 -1.679963350 0.009783444 -0.021175809 0.999727905 69.965095520
0.999896228 -0.010986530 -0.009322106 0.960177064 0.011173118 0.999733448 0.020205259 -1.696390986 0.009097634 -0.020307321 0.999752402 70.483123779
0.999916255 -0.009135585 -0.009168892 1.001585484 0.009321678 0.999747157 0.020462733 -1.714469314 0.008979635 -0.020546488 0.999748647 70.951622009
0.999867141 -0.012948965 -0.009891775 0.981431544 0.013143323 0.999716640 0.019842938 -1.664492130 0.009632024 -0.019970313 0.999754190 71.506782532
0.999862254 -0.012854977 -0.010493909 0.991380930 0.013058737 0.999722779 0.019585004 -1.669711471 0.010239236 -0.019719344 0.999753177 72.059272766
0.999866843 -0.013035043 -0.009817954 0.987325907 0.013220433 0.999730885 0.019060798 -1.674708009 0.009566854 -0.019188056 0.999770164 72.633666992
0.999873936 -0.012669533 -0.009563606 1.002787828 0.012847196 0.999741614 0.018750254 -1.674116850 0.009323579 -0.018870762 0.999778450 73.102867126
0.999864399 -0.013066123 -0.010020291 1.004754305 0.013264634 0.999711871 0.020007094 -1.685337782 0.009755989 -0.020137291 0.999749720 73.445259094
0.999850094 -0.013680000 -0.010616181 1.026128292 0.013886917 0.999710143 0.019668045 -1.688978553 0.010344046 -0.019812515 0.999750257 73.978347778
0.999864399 -0.013042709 -0.010047023 1.041141272 0.013236317 0.999723256 0.019450914 -1.706847906 0.009790549 -0.019581262 0.999760330 74.546531677
0.999854982 -0.013717014 -0.010087554 1.035635233 0.013902077 0.999732018 0.018510239 -1.683450103 0.009830946 -0.018647790 0.999777794 75.127647400
0.999874055 -0.012584779 -0.009668500 1.012902498 0.012773013 0.999725103 0.019660044 -1.696392417 0.009418425 -0.019781064 0.999759972 75.468818665
0.999874055 -0.012454692 -0.009834182 1.024593353 0.012643790 0.999731600 0.019406293 -1.702817559 0.009589843 -0.019528190 0.999763310 76.022972107
0.999848902 -0.014308416 -0.009865942 1.038537502 0.014494847 0.999712646 0.019091053 -1.703051925 0.009589942 -0.019231170 0.999769151 76.537734985
0.999829292 -0.015095922 -0.010648446 1.066591978 0.015292374 0.999709725 0.018615171 -1.689477444 0.010364342 -0.018774835 0.999770045 77.072746277
0.999876022 -0.012347233 -0.009773898 1.062306166 0.012535071 0.999733150 0.019396119 -1.726028681 0.009531802 -0.019516230 0.999764085 77.460472107
0.999890983 -0.012163346 -0.008382450 1.074754477 0.012326098 0.999730885 0.019645575 -1.731680274 0.008141241 -0.019746756 0.999771833 77.988792419
0.999901354 -0.012074679 -0.007178489 1.077330709 0.012209715 0.999743402 0.019074947 -1.737594724 0.006946323 -0.019160712 0.999792278 78.576492310
0.999921799 -0.011275001 -0.005396069 1.062277913 0.011378682 0.999743521 0.019586008 -1.743783593 0.005173852 -0.019645881 0.999793589 79.050910950
0.999922812 -0.011644176 -0.004331738 1.063453078 0.011724908 0.999748766 0.019103918 -1.745165467 0.004108200 -0.019153232 0.999808133 79.605590820
0.999919236 -0.012502956 -0.002251218 1.094941497 0.012543467 0.999741077 0.018983485 -1.747148156 0.002013284 -0.019010190 0.999817312 80.187332153
0.999950409 -0.009712324 0.002215608 1.077305079 0.009665406 0.999747455 0.020285765 -1.802127361 -0.002412071 -0.020263342 0.999791801 80.656745911
0.999923766 -0.011190771 0.005223003 1.093347192 0.011087625 0.999750912 0.019376073 -1.741535544 -0.005438533 -0.019316688 0.999798596 81.162361145
0.999890506 -0.011713640 0.009044858 1.135067582 0.011540285 0.999753118 0.018986024 -1.740887761 -0.009265020 -0.018879568 0.999778807 81.712043762
0.999825537 -0.010412552 0.015503677 1.142938375 0.010113632 0.999763906 0.019235726 -1.751351118 -0.015700310 -0.019075578 0.999694705 82.243354797
0.999718189 -0.010685029 0.021200253 1.189743519 0.010276268 0.999760985 0.019297089 -1.759975076 -0.021401376 -0.019073794 0.999588907 82.766517639
0.999575913 -0.011116813 0.026914233 1.221725345 0.010595815 0.999755263 0.019423515 -1.766319394 -0.027123572 -0.019130100 0.999449015 83.264335632
0.999305487 -0.011787984 0.035348751 1.199157715 0.011108140 0.999750733 0.019367589 -1.751304626 -0.035568245 -0.018961480 0.999187350 83.752220154
0.999014378 -0.011971253 0.042742424 1.275429964 0.011111700 0.999732375 0.020291336 -1.775671601 -0.042973902 -0.019796396 0.998880029 84.230049133
0.998648286 -0.012366703 0.050483871 1.292120934 0.011410836 0.999750912 0.019178644 -1.751165390 -0.050708476 -0.018576661 0.998540699 84.837348938
0.998178840 -0.012715555 0.058968414 1.352179050 0.011598737 0.999747515 0.019243039 -1.762610197 -0.059198216 -0.018524040 0.998074412 85.415908813
0.997537911 -0.012730135 0.068964556 1.411478043 0.011441017 0.999752939 0.019055350 -1.774271250 -0.069190100 -0.018219408 0.997437119 85.962219238
0.996831536 -0.012075074 0.078620128 1.424919128 0.010556400 0.999750137 0.019703660 -1.763252139 -0.078838408 -0.018811284 0.996709883 86.414955139
0.996179044 -0.012746676 0.086398996 1.496182919 0.011135580 0.999755442 0.019103548 -1.766540408 -0.086621381 -0.018068450 0.996077359 86.955703735
0.995172024 -0.012187544 0.097386681 1.575141430 0.010319580 0.999753416 0.019661631 -1.769718528 -0.097602293 -0.018561717 0.995052338 87.490692139
0.994144440 -0.012822057 0.107296482 1.677631855 0.010696236 0.999735296 0.020364711 -1.795450091 -0.107529193 -0.019097794 0.994018435 87.990661621
0.993183851 -0.013552677 0.115767539 1.749843597 0.011274061 0.999730051 0.020314863 -1.809058309 -0.116011605 -0.018871227 0.993068516 88.470649719
0.991708577 -0.012370571 0.127910301 1.770728111 0.009952024 0.999759674 0.019530045 -1.739469767 -0.128121197 -0.018095141 0.991593421 89.115043640
0.990040421 -0.012439543 0.140232712 1.869521141 0.009806165 0.999762595 0.019454032 -1.743820548 -0.140441433 -0.017885130 0.989927411 89.665122986
0.988428891 -0.013078260 0.151119679 1.984706879 0.010316963 0.999765456 0.019041913 -1.748824358 -0.151333258 -0.017262479 0.988331974 90.188308716
0.986904502 -0.012887537 0.160790309 2.085951805 0.009868466 0.999759912 0.019560939 -1.752984881 -0.161003798 -0.017718023 0.986794710 90.742881775
0.984881043 -0.013651428 0.172693133 2.203477859 0.010420766 0.999753594 0.019600375 -1.760526776 -0.172918156 -0.017504444 0.984780669 91.249145508
0.982647836 -0.013841746 0.184963867 2.323550224 0.010308771 0.999745786 0.020048983 -1.743899822 -0.185194373 -0.017794339 0.982540786 91.808944702
0.980695605 -0.014589517 0.194995329 2.457994461 0.010933690 0.999743879 0.019811550 -1.746700883 -0.195234433 -0.017297084 0.980604053 92.343475342
0.977925062 -0.013916374 0.208491892 2.592767715 0.009761654 0.999733031 0.020943224 -1.752736449 -0.208727673 -0.018445684 0.977799773 92.886260986
0.974841714 -0.014157164 0.222447932 2.725036621 0.009794868 0.999737740 0.020701485 -1.754108667 -0.222682655 -0.018001830 0.974724770 93.387565613
0.972329259 -0.016050875 0.233062387 2.892318726 0.011512617 0.999716997 0.020819647 -1.765725493 -0.233330593 -0.017560400 0.972238839 93.944564819
0.968833029 -0.013211417 0.247362092 2.985988617 0.008492684 0.999761224 0.020133518 -1.717477322 -0.247569039 -0.017405251 0.968713880 94.465599060
0.965334237 -0.013841351 0.260649562 3.162801743 0.008829612 0.999753058 0.020389086 -1.722702503 -0.260867387 -0.017380849 0.965218186 94.983810425
0.961492479 -0.012866201 0.274529845 3.319385529 0.007558393 0.999763608 0.020383289 -1.723555088 -0.274727196 -0.017523374 0.961362541 95.517150879
0.958385408 -0.014374664 0.285115480 3.512697220 0.008866908 0.999748468 0.020599142 -1.734566689 -0.285339803 -0.017213825 0.958271801 96.039306641
0.954138398 -0.014434559 0.299017400 3.721031189 0.008328959 0.999730110 0.021683304 -1.749035120 -0.299249679 -0.018198367 0.954001188 96.594131470
0.949745417 -0.014410081 0.312691480 3.879173279 0.008089090 0.999736071 0.021502664 -1.752517462 -0.312918782 -0.017892672 0.949611306 97.038459778
0.945996821 -0.014994761 0.323828906 4.094306946 0.008456971 0.999731243 0.021586902 -1.752415180 -0.324065506 -0.017682532 0.945869327 97.562629700
0.941304743 -0.014448294 0.337248385 4.279895782 0.007656803 0.999740362 0.021459432 -1.756756306 -0.337470800 -0.017617619 0.941171110 98.081886292
0.936389089 -0.015435033 0.350623846 4.503866196 0.008373225 0.999730587 0.021647919 -1.771241188 -0.350863487 -0.017335024 0.936266124 98.573150635
0.931672573 -0.015903413 0.362950683 4.727693558 0.008607177 0.999727249 0.021710951 -1.776531219 -0.363196909 -0.017103516 0.931555390 99.149765015
0.927168548 -0.016175263 0.374295086 4.964504242 0.008786718 0.999731600 0.021438034 -1.767232180 -0.374541372 -0.016587846 0.927061796 99.629440308
0.921305180 -0.015934177 0.388513595 5.185514450 0.008018580 0.999726117 0.021987010 -1.757692337 -0.388757497 -0.017141419 0.921180606 100.079040527
0.915620506 -0.015694618 0.401737094 5.428596497 0.007583796 0.999734223 0.021771863 -1.761274576 -0.401972026 -0.016888075 0.915496111 100.576652527
0.910763025 -0.016428908 0.412602603 5.671367645 0.007952671 0.999720871 0.022252219 -1.761996508 -0.412853003 -0.016985202 0.910639286 101.077827454
0.905539274 -0.017084140 0.423918307 5.939807892 0.008735582 0.999727905 0.021629356 -1.756370068 -0.424172580 -0.015883056 0.905442059 101.579902649
0.898891747 -0.017263960 0.437830657 6.188064575 0.008416229 0.999719501 0.022140617 -1.782767773 -0.438090056 -0.016217131 0.898784816 102.055183411
0.893015742 -0.017659964 0.449678630 6.459121704 0.008286770 0.999705613 0.022804167 -1.777090788 -0.449948967 -0.016638100 0.892899215 102.544921875
0.887365282 -0.018531358 0.460694611 6.732837677 0.008660857 0.999685585 0.023530109 -1.783489466 -0.460985780 -0.016889790 0.887246788 103.022155762
0.880171180 -0.018304987 0.474303424 7.020450592 0.008221065 0.999694109 0.023325667 -1.787120581 -0.474585354 -0.016631300 0.880052328 103.504158020
