1.000000000 0.000000000 0.000000000 0.000000000 0.000000000 1.000000000 0.000000000 0.000000000 0.000000000 0.000000000 1.000000000 0.000000000
1.000000000 0.000022688 -0.000021277 0.000444024 -0.000022689 1.000000000 -0.000038032 0.000772561 0.000021276 0.000038033 1.000000000 0.000389112
1.000000000 0.000027604 0.000033132 -0.000056429 -0.000027606 1.000000000 0.000036469 0.000067035 -0.000033131 -0.000036470 1.000000000 0.000086181
1.000000000 -0.000129077 0.000060277 -0.000078780 0.000129078 1.000000000 -0.000024211 0.000755585 -0.000060274 0.000024219 1.000000000 0.000119923
1.000000000 -0.000114479 0.000053912 -0.000206675 0.000114476 1.000000000 0.000057729 -0.000239735 -0.000053919 -0.000057722 1.000000000 -0.000557472
1.000000000 0.000027017 0.000119632 -0.000472155 -0.000027014 1.000000000 -0.000028309 0.000829912 -0.000119633 0.000028306 1.000000000 0.000064331
1.000000000 -0.000103363 0.000074185 0.000155109 0.000103363 1.000000000 -0.000003678 0.000489021 -0.000074185 0.000003686 1.000000000 0.000263526
1.000000000 0.000021823 0.000050888 -0.000462833 -0.000021827 1.000000000 0.000082030 -0.000048364 -0.000050886 -0.000082031 1.000000000 -0.000100370
1.000000000 -0.000012922 -0.000005178 -0.000738374 0.000012922 1.000000000 -0.000061947 -0.000165910 0.000005179 0.000061947 1.000000000 -0.001093904
1.000000000 -0.000046214 0.000080969 -0.000089064 0.000046211 1.000000000 0.000040908 -0.000724641 -0.000080971 -0.000040904 1.000000000 -0.000410569
1.000000000 0.000072026 0.000053061 -0.000834151 -0.000072029 1.000000000 0.000056691 -0.000900455 -0.000053057 -0.000056695 1.000000000 -0.000636312
1.000000000 -0.000032369 0.000074135 -0.001073093 0.000032365 1.000000000 0.000041343 -0.000378549 -0.000074137 -0.000041340 1.000000000 -0.000981916
1.000000000 0.000053409 0.000033275 -0.000812230 -0.000053407 1.000000000 -0.000075492 -0.000338735 -0.000033279 0.000075490 1.000000000 -0.001540913
1.000000000 0.000042949 0.000069554 -0.000992760 -0.000042947 1.000000000 -0.000028479 0.000497354 -0.000069555 0.000028476 1.000000000 0.000294774
1.000000000 0.000034273 0.000050672 -0.001009817 -0.000034267 1.000000000 -0.000121913 0.001339677 -0.000050677 0.000121911 1.000000000 0.000963475
1.000000000 -0.000006539 -0.000034431 0.000337938 0.000006536 1.000000000 -0.000086700 0.001328813 0.000034431 0.000086700 1.000000000 0.001318711
1.000000000 0.000101634 0.000114409 -0.001068433 -0.000101615 1.000000000 -0.000162301 0.002340004 -0.000114425 0.000162290 1.000000000 0.002543435
1.000000000 0.000185927 0.000087109 -0.001376514 -0.000185912 0.999999940 -0.000171365 0.001898599 -0.000087141 0.000171348 1.000000000 0.001581681
0.999999940 0.000201411 0.000164931 -0.001632668 -0.000201394 1.000000000 -0.000107772 0.002040177 -0.000164952 0.000107738 1.000000000 0.002332474
1.000000000 0.000124941 0.000161019 -0.001508937 -0.000124924 1.000000000 -0.000102693 0.001033286 -0.000161032 0.000102673 1.000000000 0.001264033
1.000000000 0.000052291 0.000093606 -0.001186449 -0.000052288 1.000000000 -0.000033589 0.000354215 -0.000093607 0.000033584 1.000000000 0.000641507
1.000000000 0.000169636 0.000051886 -0.000830268 -0.000169635 1.000000000 -0.000030443 0.001305540 -0.000051891 0.000030434 1.000000000 0.000908821
1.000000000 0.000112080 0.000010661 -0.000626868 -0.000112079 1.000000000 -0.000089457 0.001396442 -0.000010671 0.000089456 1.000000000 0.002161843
1.000000000 0.000097132 0.000078926 -0.001192992 -0.000097127 1.000000000 -0.000062938 0.001646195 -0.000078932 0.000062930 1.000000000 0.002452747
0.999999940 0.000362483 0.000048235 -0.001214821 -0.000362480 0.999999940 -0.000070753 0.002368890 -0.000048261 0.000070736 1.000000000 0.003648387
0.999999940 0.000228579 0.000098711 -0.001403620 -0.000228573 1.000000000 -0.000064845 0.002148932 -0.000098726 0.000064823 1.000000000 0.001756201
1.000000000 0.000052237 0.000105309 -0.000500712 -0.000052229 1.000000000 -0.000071060 0.002436547 -0.000105313 0.000071055 1.000000000 0.002969570
1.000000000 0.000121083 0.000182172 -0.001802953 -0.000121076 1.000000000 -0.000037440 0.001564197 -0.000182177 0.000037418 1.000000000 0.002299216
1.000000000 0.000123885 0.000069082 -0.001247146 -0.000123880 1.000000000 -0.000067670 0.002286095 -0.000069090 0.000067661 1.000000000 0.002292484
1.000000000 0.000043973 0.000088828 -0.001575449 -0.000043966 1.000000000 -0.000083551 0.001120989 -0.000088832 0.000083547 1.000000000 0.001634234
1.000000000 0.000129318 0.000199130 -0.001887124 -0.000129316 1.000000000 -0.000008258 0.000969775 -0.000199132 0.000008232 1.000000000 0.001918318
1.000000000 0.000082705 0.000190980 -0.001375932 -0.000082693 1.000000000 -0.000062558 0.002147312 -0.000190985 0.000062542 1.000000000 0.003754799
1.000000000 0.000206756 0.000098584 -0.000893249 -0.000206735 0.999999940 -0.000211717 0.003331120 -0.000098628 0.000211697 1.000000000 0.003801474
1.000000000 0.000081889 0.000132421 -0.000851198 -0.000081876 1.000000000 -0.000098137 0.001665881 -0.000132429 0.000098126 1.000000000 0.001882075
0.999999940 0.000229966 0.000187029 -0.002569770 -0.000229935 0.999999940 -0.000163423 0.002153955 -0.000187067 0.000163380 0.999999940 0.002553970
1.000000000 0.000155467 0.000174269 -0.001629900 -0.000155453 1.000000000 -0.000080083 0.001054854 -0.000174281 0.000080056 1.000000000 0.001555799
1.000000000 0.000110448 0.000046737 -0.002109523 -0.000110448 1.000000000 0.000014960 0.000502416 -0.000046736 -0.000014965 1.000000000 0.000315886
1.000000000 0.000147796 0.000091111 -0.001551118 -0.000147792 1.000000000 -0.000035806 0.001971677 -0.000091116 0.000035793 1.000000000 0.002439519
1.000000000 0.000130664 0.000156698 -0.001961974 -0.000130657 1.000000000 -0.000047281 0.001579308 -0.000156704 0.000047260 1.000000000 0.001305973
1.000000000 0.000182977 0.000119122 -0.000870539 -0.000182966 1.000000000 -0.000093221 0.002887446 -0.000119139 0.000093199 1.000000000 0.003199071
1.000000000 0.000000051 0.000067545 0.000231544 -0.000000044 1.000000000 -0.000101572 0.000807585 -0.000067545 0.000101572 1.000000000 0.002527655
0.999999762 0.000523949 0.000159998 0.000000529 -0.000523849 0.999999642 -0.000624659 -0.001667005 -0.000160325 0.000624575 0.999999821 0.052728292
0.999999821 0.000424904 0.000204682 0.001410346 -0.000424644 0.999999046 -0.001265915 -0.002429250 -0.000205220 0.001265828 0.999999225 0.142315194
0.999999821 0.000598383 0.000181045 0.002763154 -0.000598196 0.999999285 -0.001031999 -0.009511637 -0.000181662 0.001031891 0.999999404 0.250582427
0.999999821 0.000588700 0.000206364 0.005916543 -0.000588492 0.999999285 -0.001005500 -0.012423763 -0.000206955 0.001005378 0.999999464 0.382948697
0.999999821 0.000607109 0.000176031 0.007173883 -0.000606971 0.999999523 -0.000778829 -0.015719557 -0.000176504 0.000778722 0.999999702 0.527233005
0.999999940 0.000284202 0.000296672 0.012669635 -0.000284040 0.999999762 -0.000544098 -0.022664642 -0.000296826 0.000544014 0.999999821 0.681121707
1.000000000 -0.000033147 0.000278970 0.018518327 0.000033255 0.999999881 -0.000385379 -0.026507458 -0.000278957 0.000385388 0.999999881 0.842562616
0.999999821 0.000196158 0.000404420 0.016123993 -0.000195915 0.999999821 -0.000599868 -0.027247475 -0.000404537 0.000599789 0.999999702 1.021155357
0.999999881 0.000260429 0.000344839 0.020703718 -0.000260255 0.999999821 -0.000505123 -0.032344270 -0.000344971 0.000505033 0.999999762 1.196772575
0.999999642 0.000619723 0.000501885 0.023076786 -0.000619724 0.999999821 0.000001186 -0.042500123 -0.000501884 -0.000001497 0.999999881 1.379346848
0.999999762 0.000676637 0.000322485 0.027720414 -0.000676595 0.999999702 -0.000128332 -0.044538900 -0.000322572 0.000128114 1.000000000 1.573519230
0.999999821 0.000490506 0.000330803 0.031159313 -0.000490584 0.999999881 0.000235071 -0.050952438 -0.000330688 -0.000235233 0.999999881 1.779498339
0.999999702 0.000468125 0.000611264 0.031973306 -0.000468433 0.999999762 0.000503841 -0.058744803 -0.000611028 -0.000504127 0.999999702 1.974624991
0.999999881 0.000182781 0.000508211 0.036431946 -0.000183112 0.999999762 0.000650886 -0.067258298 -0.000508092 -0.000650979 0.999999642 2.184604645
0.999999702 0.000500428 0.000623840 0.038686771 -0.000500896 0.999999583 0.000749419 -0.072945818 -0.000623465 -0.000749731 0.999999523 2.398113966
0.999999404 0.000776308 0.000782286 0.041843783 -0.000776835 0.999999523 0.000673850 -0.078227490 -0.000781763 -0.000674457 0.999999464 2.622215271
0.999999702 0.000332980 0.000732309 0.050264221 -0.000333365 0.999999821 0.000526407 -0.084520765 -0.000732134 -0.000526651 0.999999583 2.852186918
0.999999583 0.000287408 0.000789760 0.056769490 -0.000287919 0.999999762 0.000646366 -0.088848740 -0.000789574 -0.000646594 0.999999404 3.099007130
0.999999821 0.000335519 0.000448938 0.064827502 -0.000335925 0.999999642 0.000905251 -0.100239456 -0.000448635 -0.000905401 0.999999464 3.333921194
0.999999762 0.000223427 0.000688838 0.065128103 -0.000224211 0.999999344 0.001137883 -0.110751063 -0.000688583 -0.001138037 0.999999106 3.584411144
0.999999464 0.000639724 0.000797993 0.068839483 -0.000640579 0.999999225 0.001070749 -0.116921619 -0.000797308 -0.001071260 0.999999106 3.854187727
0.999999702 0.000431171 0.000678160 0.072563596 -0.000431574 0.999999702 0.000594295 -0.118387155 -0.000677904 -0.000594587 0.999999583 4.101250648
0.999999642 0.000724567 0.000534194 0.078831017 -0.000724922 0.999999523 0.000663965 -0.123719580 -0.000533713 -0.000664352 0.999999642 4.358676434
0.999999583 0.000380407 0.000838764 0.081373446 -0.000380935 0.999999702 0.000628892 -0.129882663 -0.000838525 -0.000629212 0.999999464 4.621793270
0.999998510 0.001108274 0.001341436 0.080241166 -0.001109695 0.999998748 0.001058858 -0.140019953 -0.001340261 -0.001060345 0.999998450 4.877283573
0.999998748 0.000980680 0.001261185 0.086936690 -0.000982537 0.999998391 0.001472161 -0.150637984 -0.001259740 -0.001473398 0.999998033 5.133958817
0.999998927 0.000748440 0.001187994 0.094477169 -0.000749709 0.999999166 0.001068471 -0.156007499 -0.001187193 -0.001069361 0.999998689 5.396787167
0.999998868 0.000818003 0.001283692 0.098188452 -0.000819503 0.999999106 0.001168961 -0.162624061 -0.001282735 -0.001170012 0.999998450 5.664365768
0.999998391 0.001108107 0.001427559 0.097146325 -0.001109662 0.999998927 0.001089463 -0.169889867 -0.001426350 -0.001091046 0.999998391 5.937238693
0.999997735 0.001440446 0.001569986 0.099462740 -0.001442519 0.999998152 0.001319681 -0.180983454 -0.001568082 -0.001321943 0.999997914 6.214758396
0.999998510 0.000973930 0.001398260 0.113076590 -0.000975655 0.999998748 0.001233821 -0.183949769 -0.001397057 -0.001235183 0.999998271 6.506250858
0.999997973 0.001377933 0.001501123 0.114595748 -0.001379871 0.999998152 0.001290767 -0.190809786 -0.001499342 -0.001292835 0.999998033 6.796977043
0.999997854 0.001429929 0.001516519 0.120260388 -0.001431916 0.999998033 0.001309690 -0.200969905 -0.001514644 -0.001311858 0.999997973 7.099224091
0.999998093 0.001225237 0.001521929 0.127513677 -0.001227142 0.999998391 0.001251085 -0.214965403 -0.001520394 -0.001252950 0.999998033 7.392087460
0.999998331 0.001095102 0.001484598 0.133176938 -0.001097035 0.999998569 0.001301444 -0.224891648 -0.001483171 -0.001303071 0.999998033 7.698967457
0.999998152 0.001314267 0.001416282 0.144661248 -0.001315846 0.999998450 0.001114787 -0.231437236 -0.001414815 -0.001116648 0.999998391 8.023087502
0.999996901 0.001549039 0.001903845 0.140099183 -0.001552390 0.999997258 0.001760028 -0.248805523 -0.001901113 -0.001762978 0.999996662 8.335409164
0.999997258 0.001309309 0.001899459 0.147757620 -0.001312280 0.999997914 0.001563695 -0.254390478 -0.001897407 -0.001566184 0.999996960 8.661869049
0.999996483 0.001597497 0.002107725 0.149837747 -0.001600460 0.999997854 0.001404909 -0.262459695 -0.002105477 -0.001408277 0.999996722 8.999213219
0.999996185 0.001820543 0.002047331 0.159692168 -0.001823737 0.999997079 0.001558953 -0.273735136 -0.002044487 -0.001562681 0.999996722 9.342767715
0.999995589 0.001904058 0.002286360 0.163201749 -0.001907392 0.999997258 0.001457378 -0.284952044 -0.002283579 -0.001461733 0.999996305 9.688516617
0.999995172 0.001710907 0.002589814 0.169271439 -0.001715702 0.999996901 0.001850449 -0.295392931 -0.002586639 -0.001854883 0.999994934 10.042753220
0.999996603 0.001701844 0.001957676 0.180479735 -0.001704723 0.999997497 0.001469787 -0.304505587 -0.001955170 -0.001473119 0.999996960 10.391389847
0.999996066 0.001884392 0.002092206 0.187670827 -0.001887449 0.999997199 0.001460440 -0.314420193 -0.002089448 -0.001464384 0.999996722 10.756556511
0.999996245 0.002010070 0.001860294 0.196535051 -0.002012981 0.999996722 0.001564443 -0.323899209 -0.001857143 -0.001568181 0.999997020 11.117567062
0.999996722 0.001697678 0.001899018 0.206085727 -0.001700660 0.999997258 0.001570085 -0.334309697 -0.001896347 -0.001573309 0.999996960 11.492615700
0.999995589 0.001752492 0.002392750 0.204756826 -0.001756164 0.999997258 0.001533081 -0.345883250 -0.002390056 -0.001537276 0.999995947 11.869692802
0.999995351 0.001977913 0.002332781 0.215681076 -0.001982606 0.999996006 0.002011174 -0.361037850 -0.002328794 -0.002015790 0.999995232 12.253948212
0.999995589 0.001799923 0.002370118 0.229452342 -0.001805884 0.999995172 0.002515222 -0.376977682 -0.002365579 -0.002519491 0.999994040 12.644400597
0.999993920 0.001959846 0.002881175 0.228285581 -0.001965784 0.999995947 0.002059398 -0.385161906 -0.002877127 -0.002065049 0.999993742 13.051959991
0.999994218 0.001896077 0.002817870 0.240516499 -0.001901556 0.999996305 0.001942848 -0.395009965 -0.002814176 -0.001948195 0.999994159 13.456962585
0.999992013 0.002429702 0.003215269 0.242705360 -0.002437312 0.999994218 0.002365168 -0.410570592 -0.003209505 -0.002372985 0.999992013 13.857775688
0.999991477 0.002561176 0.003227071 0.254797071 -0.002569562 0.999993265 0.002597048 -0.420880347 -0.003220398 -0.002605317 0.999991417 14.266434669
0.999988735 0.002925092 0.003728674 0.259297550 -0.002933823 0.999992907 0.002338161 -0.432867080 -0.003721809 -0.002349074 0.999990284 14.682309151
0.999991596 0.002262353 0.003426620 0.278076351 -0.002270235 0.999994874 0.002297977 -0.445248276 -0.003421403 -0.002305737 0.999991477 15.106555939
0.999990284 0.002442354 0.003698429 0.285277754 -0.002451544 0.999993920 0.002482387 -0.460691839 -0.003692344 -0.002491430 0.999990106 15.544148445
0.999989867 0.001797783 0.004124362 0.290834725 -0.001807747 0.999995589 0.002413660 -0.469493777 -0.004120005 -0.002421091 0.999988556 15.980325699
0.999986589 0.002621739 0.004467862 0.302555263 -0.002634152 0.999992669 0.002774544 -0.485410541 -0.004460556 -0.002786275 0.999986172 16.416481018
0.999988556 0.002184946 0.004248064 0.316224605 -0.002194405 0.999995053 0.002223195 -0.495688766 -0.004243187 -0.002232491 0.999988496 16.859020233
0.999985635 0.002511274 0.004728743 0.326306105 -0.002524440 0.999992967 0.002780427 -0.511981905 -0.004721727 -0.002792325 0.999984980 17.322710037
0.999984324 0.002313965 0.005094208 0.334635645 -0.002329456 0.999992669 0.003036927 -0.524373770 -0.005087144 -0.003048746 0.999982357 17.783449173
0.999983847 0.001905214 0.005349902 0.347570539 -0.001919064 0.999994814 0.002584926 -0.532611847 -0.005344950 -0.002595151 0.999982297 18.253908157
0.999980986 0.002335635 0.005695852 0.361937881 -0.002350636 0.999993801 0.002628358 -0.544459164 -0.005689677 -0.002641697 0.999980330 18.726757050
0.999981403 0.002462093 0.005578195 0.371279597 -0.002478051 0.999992788 0.002855766 -0.566870689 -0.005571124 -0.002869536 0.999980390 19.196369171
0.999979496 0.002823334 0.005734487 0.384367704 -0.002841835 0.999990761 0.003220648 -0.579745948 -0.005725340 -0.003236879 0.999978364 19.669818878
0.999980688 0.002984263 0.005444807 0.394360512 -0.003002295 0.999989927 0.003306780 -0.591733277 -0.005434884 -0.003323063 0.999979734 20.162500381
0.999978662 0.002928482 0.005841031 0.411445200 -0.002948125 0.999990046 0.003357241 -0.610231161 -0.005831141 -0.003374390 0.999977231 20.641033173
0.999984205 0.002426200 0.005080067 0.426563233 -0.002443324 0.999991417 0.003367495 -0.624147356 -0.005071853 -0.003379854 0.999981403 21.139688492
0.999985397 0.002831878 0.004596721 0.437055022 -0.002847537 0.999990165 0.003403558 -0.640375733 -0.004587037 -0.003416597 0.999983668 21.662023544
0.999989390 0.002211531 0.004035004 0.451427639 -0.002224532 0.999992251 0.003220428 -0.649115920 -0.004027851 -0.003229370 0.999986589 22.178388596
0.999991238 0.002261041 0.003498074 0.466529727 -0.002272282 0.999992192 0.003213041 -0.661241412 -0.003490782 -0.003220961 0.999988675 22.698385239
0.999993742 0.002026902 0.002937124 0.470857322 -0.002037412 0.999991536 0.003579939 -0.679005742 -0.002929843 -0.003585900 0.999989271 23.191993713
0.999994099 0.002407837 0.002457750 0.483567506 -0.002416780 0.999990463 0.003642262 -0.695151389 -0.002448956 -0.003648180 0.999990344 23.716981888
0.999998391 0.000302147 0.001779084 0.493815064 -0.000308098 0.999994397 0.003345277 -0.711955070 -0.001778063 -0.003345820 0.999992788 24.243598938
0.999997914 0.001314743 0.001510876 0.497267067 -0.001319790 0.999993563 0.003344687 -0.723166823 -0.001506469 -0.003346673 0.999993265 24.781126022
0.999999046 0.001341484 0.000336613 0.513677955 -0.001342740 0.999992013 0.003758268 -0.742261350 -0.000331568 -0.003758716 0.999992907 25.319490433
0.999999106 0.001261338 -0.000426829 0.521146238 -0.001259570 0.999990702 0.004116987 -0.755942464 0.000432018 -0.004116445 0.999991417 25.864948273
0.999998927 0.001200592 -0.000747142 0.530778825 -0.001197794 0.999992311 0.003734866 -0.770263791 0.000751621 -0.003733968 0.999992669 26.419937134
0.999998510 0.000882667 -0.001424694 0.546210706 -0.000877435 0.999992907 0.003669025 -0.777279437 0.001427923 -0.003667769 0.999992251 26.987350464
0.999998033 0.000922855 -0.001711461 0.552670836 -0.000915844 0.999991119 0.004092589 -0.798886418 0.001715223 -0.004091013 0.999990165 27.542406082
0.999996603 0.001303909 -0.002217385 0.562950313 -0.001295224 0.999991477 0.003913367 -0.810308337 0.002222469 -0.003910481 0.999989927 28.103296280
0.999994636 0.002233493 -0.002393177 0.571663797 -0.002223486 0.999988794 0.004175815 -0.827409565 0.002402476 -0.004170471 0.999988437 28.644256592
0.999994099 0.002044481 -0.002769812 0.584736824 -0.002033324 0.999989808 0.004025137 -0.841408670 0.002778013 -0.004019481 0.999988019 29.188003540
0.999993384 0.001820928 -0.003156159 0.589918911 -0.001809972 0.999992311 0.003470651 -0.848148048 0.003162456 -0.003464916 0.999988973 29.733562469
0.999992728 0.001605393 -0.003450381 0.598172367 -0.001593419 0.999992669 0.003470087 -0.857789934 0.003455927 -0.003464563 0.999988019 30.282911301
0.999990165 0.001739679 -0.004073329 0.615186751 -0.001723577 0.999990702 0.003953278 -0.878042161 0.004080168 -0.003946219 0.999983847 30.813901901
0.999988973 0.001426831 -0.004480135 0.622642696 -0.001408887 0.999991000 0.004005981 -0.889943659 0.004485810 -0.003999625 0.999981880 31.361328125
0.999986649 0.002511172 -0.004517823 0.625753880 -0.002493504 0.999989212 0.003912170 -0.901339769 0.004527598 -0.003900853 0.999982119 31.908617020
0.999984443 0.001646401 -0.005333288 0.647075891 -0.001625961 0.999991238 0.003834780 -0.917111874 0.005339554 -0.003826049 0.999978423 32.473846436
0.999979794 0.001580613 -0.006173104 0.645999491 -0.001553175 0.999988914 0.004447042 -0.937886119 0.006180064 -0.004437364 0.999971092 33.009727478
0.999984562 0.000935255 -0.005482345 0.652655900 -0.000913628 0.999991775 0.003945865 -0.953595400 0.005485990 -0.003940795 0.999977171 33.578845978
0.999984443 0.001400821 -0.005403320 0.662966013 -0.001377249 0.999989510 0.004363710 -0.971753120 0.005409377 -0.004356200 0.999975801 34.118072510
0.999982476 0.001287713 -0.005772667 0.664115608 -0.001262956 0.999989927 0.004290214 -0.977910042 0.005778135 -0.004282848 0.999974132 34.676349640
0.999979019 0.001405658 -0.006315387 0.677013099 -0.001377402 0.999989092 0.004476326 -0.999481916 0.006321610 -0.004467533 0.999970078 35.202571869
0.999981642 0.000900223 -0.005988237 0.673159719 -0.000874463 0.999990344 0.004302951 -1.009956002 0.005992054 -0.004297635 0.999972820 35.746997833
0.999980152 0.001263711 -0.006166720 0.678992808 -0.001238480 0.999990880 0.004093573 -1.018969893 0.006171837 -0.004085855 0.999972641 36.297805786
0.999981046 0.001325386 -0.006009509 0.690510154 -0.001303802 0.999992669 0.003594267 -1.031162024 0.006014229 -0.003586364 0.999975443 36.852153778
0.999978602 0.001417575 -0.006378422 0.698806882 -0.001393797 0.999992073 0.003730892 -1.044130683 0.006383661 -0.003721922 0.999972641 37.399993896
0.999975026 0.001277168 -0.006935943 0.711689591 -0.001254704 0.999993920 0.003242142 -1.054146528 0.006940043 -0.003233359 0.999970675 37.947254181
0.999971092 0.001092843 -0.007523303 0.722573519 -0.001066333 0.999993145 0.003526798 -1.071190476 0.007527106 -0.003518674 0.999965489 38.453823090
0.999972522 0.000502261 -0.007401183 0.725907624 -0.000474657 0.999992907 0.003730925 -1.085330963 0.007403005 -0.003727309 0.999965668 39.004047394
0.999972880 0.001169737 -0.007261672 0.729826093 -0.001148113 0.999994874 0.002981209 -1.092231512 0.007265120 -0.002972791 0.999969125 39.550510406
0.999971569 0.001304506 -0.007418251 0.732291639 -0.001281833 0.999994516 0.003060224 -1.107953072 0.007422201 -0.003050627 0.999967813 40.090393066
0.999972641 0.001083573 -0.007316947 0.739558458 -0.001060990 0.999994636 0.003089607 -1.122723579 0.007320256 -0.003081759 0.999968410 40.641059875
0.999971151 0.001266627 -0.007488128 0.748322368 -0.001247426 0.999995947 0.002568187 -1.133100867 0.007491349 -0.002558772 0.999968648 41.190364838
0.999969065 0.001003427 -0.007794341 0.746200621 -0.000980605 0.999995232 0.002931282 -1.150991440 0.007797246 -0.002923548 0.999965310 41.728771210
0.999972582 0.001578356 -0.007239497 0.746580720 -0.001561869 0.999996245 0.002282542 -1.161169291 0.007243071 -0.002271172 0.999971151 42.277278900
0.999975204 0.000955586 -0.006972906 0.744242907 -0.000934991 0.999995232 0.002956299 -1.181061029 0.006975699 -0.002949706 0.999971271 42.811691284
0.999973655 0.001740212 -0.007044616 0.753211439 -0.001719483 0.999994218 0.002947466 -1.190602779 0.007049704 -0.002935275 0.999970853 43.338451385
0.999968767 0.000628934 -0.007880220 0.767691255 -0.000607883 0.999996245 0.002673447 -1.208588243 0.007881870 -0.002668573 0.999965370 43.883251190
0.999971032 0.000613689 -0.007584774 0.770255208 -0.000595006 0.999996781 0.002465252 -1.221568227 0.007586265 -0.002460667 0.999968171 44.423461914
0.999972522 0.001192278 -0.007314621 0.764964998 -0.001171765 0.999995291 0.002808072 -1.226136446 0.007317937 -0.002799424 0.999969304 44.988735199
0.999973893 0.001727158 -0.007013895 0.768741965 -0.001708759 0.999995112 0.002628431 -1.253412485 0.007018400 -0.002616378 0.999971926 45.542003632
0.999975383 0.001409264 -0.006873298 0.774994373 -0.001390449 0.999995291 0.002741378 -1.266626239 0.006877128 -0.002731753 0.999972641 46.092269897
0.999967098 -0.000085328 -0.008114792 0.815605521 0.000101482 0.999997973 0.001990335 -1.278078437 0.008114606 -0.001991093 0.999965072 46.609958649
0.999969304 0.001075605 -0.007764452 0.819710970 -0.001054251 0.999995649 0.002753769 -1.293400168 0.007767380 -0.002745499 0.999966085 47.148471832
0.999970376 0.001500806 -0.007548833 0.821045637 -0.001478400 0.999994457 0.002972775 -1.316669941 0.007553254 -0.002961526 0.999967039 47.688491821
0.999969780 0.001897851 -0.007538000 0.827778339 -0.001879495 0.999995232 0.002441409 -1.328136683 0.007542599 -0.002427167 0.999968588 48.231426239
0.999967933 0.000552536 -0.007979293 0.865777671 -0.000526693 0.999994636 0.003240587 -1.341153145 0.007981038 -0.003236281 0.999962926 48.729484558
0.999967098 0.000028360 -0.008099461 0.871384263 -0.000000358 0.999994040 0.003457183 -1.357678175 0.008099509 -0.003457067 0.999961257 49.277046204
0.999970973 0.001366768 -0.007488855 0.868210316 -0.001347498 0.999995768 0.002577586 -1.365610480 0.007492346 -0.002567420 0.999968648 49.833675385
0.999965966 0.000417411 -0.008233121 0.891138196 -0.000393020 0.999995470 0.002963873 -1.380344391 0.008234324 -0.002960536 0.999961734 50.369232178
0.999966621 0.000705096 -0.008129005 0.891920984 -0.000681706 0.999995589 0.002879840 -1.399409056 0.008131003 -0.002874202 0.999962866 50.895351410
0.999958396 0.000289333 -0.009115101 0.933853626 -0.000259335 0.999994576 0.003292051 -1.422565818 0.009116002 -0.003289551 0.999952972 51.390518188
0.999958873 0.000364077 -0.009058986 0.933076978 -0.000337171 0.999995649 0.002971425 -1.418036699 0.009060028 -0.002968249 0.999954522 51.934314728
0.999960124 0.000026987 -0.008933160 0.937613606 -0.000000602 0.999995589 0.002953541 -1.436960220 0.008933201 -0.002953418 0.999955714 52.425163269
0.999959946 -0.000030844 -0.008951837 0.917599082 0.000056030 0.999996066 0.002813281 -1.442819953 0.008951715 -0.002813670 0.999955952 53.105918884
0.999964058 -0.000322182 -0.008470004 0.885702014 0.000333199 0.999999106 0.001299360 -1.453781366 0.008469578 -0.001302135 0.999963284 53.706775665
0.999964595 0.000717611 -0.008382963 0.882584572 -0.000701051 0.999997735 0.001978200 -1.471513033 0.008384366 -0.001972253 0.999962866 54.224445343
0.999969065 0.000464962 -0.007869177 0.878117859 -0.000452446 0.999998569 0.001592191 -1.490465403 0.007869908 -0.001588581 0.999967754 54.796070099
0.999965787 0.000535227 -0.008255470 0.886835575 -0.000524823 0.999999046 0.001262258 -1.504217744 0.008256139 -0.001257882 0.999965072 55.344738007
0.999972224 -0.000222630 -0.007449990 0.833171606 0.000235535 0.999998391 0.001731349 -1.503081560 0.007449593 -0.001733055 0.999970734 55.860309601
0.999970615 -0.000060054 -0.007659176 0.839094162 0.000076934 0.999997675 0.002203658 -1.527932882 0.007659026 -0.002204183 0.999968231 56.369247437
0.999971628 0.000451950 -0.007522146 0.846386433 -0.000436133 0.999997675 0.002104245 -1.544152975 0.007523078 -0.002100904 0.999969482 56.902404785
0.999972880 0.000590457 -0.007335448 0.839038372 -0.000574180 0.999997377 0.002220892 -1.556402802 0.007336741 -0.002216620 0.999970615 57.450748444
0.999973238 0.000806831 -0.007272838 0.830231190 -0.000789175 0.999996722 0.002430133 -1.582377791 0.007274775 -0.002424328 0.999970615 57.980667114
0.999975145 0.000808518 -0.006998604 0.824954033 -0.000792272 0.999996960 0.002323731 -1.594444633 0.007000461 -0.002318128 0.999972820 58.498687744
0.999980450 0.001721174 -0.006011145 0.773209155 -0.001701756 0.999993265 0.003234075 -1.654989600 0.006016671 -0.003223782 0.999976695 59.052429199
0.999981463 0.001567184 -0.005870103 0.781345427 -0.001549029 0.999993920 0.003095902 -1.673760176 0.005874919 -0.003086752 0.999978006 59.598911285
0.999982655 0.000432771 -0.005862204 0.754009068 -0.000419249 0.999997258 0.002307728 -1.647002459 0.005863188 -0.002305231 0.999980152 60.158763885
0.999984860 0.001384578 -0.005320106 0.734490037 -0.001371650 0.999996066 0.002433071 -1.662267327 0.005323454 -0.002425737 0.999982834 60.685577393
0.999986410 0.001765182 -0.004899719 0.716184318 -0.001754255 0.999995887 0.002233420 -1.686406255 0.004903643 -0.002224795 0.999985516 61.235828400
0.999987602 0.001324300 -0.004785012 0.725458562 -0.001312872 0.999996305 0.002390763 -1.688041449 0.004788160 -0.002384451 0.999985635 61.769493103
0.999986649 0.001742798 -0.004883259 0.725661993 -0.001731234 0.999995708 0.002371267 -1.706894636 0.004887371 -0.002362782 0.999985218 62.293266296
0.999988735 0.001535998 -0.004472713 0.730232835 -0.001526120 0.999996364 0.002211018 -1.720731139 0.004476092 -0.002204167 0.999987543 62.811904907
0.999986768 0.001621203 -0.004886282 0.745634913 -0.001608619 0.999995410 0.002578296 -1.730346203 0.004890439 -0.002570402 0.999984682 63.337558746
0.999983132 0.002467059 -0.005256683 0.750152826 -0.002452299 0.999993026 0.002812441 -1.777634621 0.005263587 -0.002799502 0.999982238 63.878356934
0.999984026 0.001722149 -0.005384458 0.759392500 -0.001706316 0.999994159 0.002943718 -1.796710014 0.005389493 -0.002934484 0.999981105 64.403373718
0.999986172 0.002136476 -0.004807650 0.725807071 -0.002122766 0.999993622 0.002854923 -1.819997430 0.004813720 -0.002844677 0.999984324 64.935241699
0.999987721 0.002429227 -0.004323590 0.726859450 -0.002416067 0.999992549 0.003046215 -1.846275568 0.004330959 -0.003035732 0.999985993 65.456115723
0.999986053 0.002581523 -0.004604347 0.738359153 -0.002567880 0.999992311 0.002966487 -1.859157205 0.004611970 -0.002954622 0.999984980 65.997253418
0.999988973 0.002364158 -0.004043892 0.702887475 -0.002351507 0.999992311 0.003130208 -1.873357296 0.004051258 -0.003120665 0.999986947 66.537864685
0.999989092 0.003236108 -0.003371559 0.695373654 -0.003226052 0.999990284 0.002983799 -1.901343107 0.003381182 -0.002972889 0.999989867 67.060112000
0.999988854 0.002881817 -0.003723423 0.698157489 -0.002870369 0.999991179 0.003076232 -1.913628101 0.003732258 -0.003065510 0.999988317 67.585937500
0.999987781 0.003361600 -0.003615004 0.708707333 -0.003351273 0.999990284 0.002859020 -1.927767038 0.003624580 -0.002846871 0.999989390 68.091560364
0.999987662 0.004168608 -0.002691713 0.670206547 -0.004159068 0.999985099 0.003540058 -1.990166903 0.002706430 -0.003528820 0.999990046 68.638244629
0.999985039 0.002730618 -0.004741339 0.782989979 -0.002716641 0.999991953 0.002951793 -1.927880645 0.004749359 -0.002938869 0.999984384 69.060867310
0.999984562 0.003415326 -0.004387499 0.756127238 -0.003402840 0.999990165 0.002850104 -1.975394607 0.004397190 -0.002835130 0.999986291 69.619079590
0.999985218 0.003299605 -0.004328089 0.762330115 -0.003285517 0.999989331 0.003258224 -1.990561008 0.004338794 -0.003243955 0.999985337 70.177467346
0.999984443 0.004940029 -0.002641119 0.686890066 -0.004928603 0.999978483 0.004315976 -2.100516796 0.002662383 -0.004302891 0.999987185 70.703636169
0.999982953 0.005294274 -0.002455729 0.703878820 -0.005283544 0.999976575 0.004355337 -2.117911339 0.002478730 -0.004342287 0.999987483 71.228691101
0.999984145 0.005230701 -0.002094491 0.675060749 -0.005221630 0.999977052 0.004313095 -2.120177031 0.002117001 -0.004302089 0.999988496 71.854743958
0.999982119 0.005734572 -0.001693849 0.683785260 -0.005727658 0.999975324 0.004059327 -2.137869835 0.001717088 -0.004049552 0.999990344 72.372230530
0.999985576 0.004919417 -0.002117741 0.702628016 -0.004910649 0.999979556 0.004125365 -2.145990133 0.002137992 -0.004114907 0.999989212 72.935295105
0.999984741 0.005002333 -0.002348571 0.705027163 -0.004991982 0.999977887 0.004392628 -2.159464121 0.002370492 -0.004380837 0.999987602 73.476135254
0.999985874 0.004801563 -0.002279744 0.723203778 -0.004793224 0.999981880 0.003648970 -2.172640562 0.002297223 -0.003637991 0.999990761 74.026092529
0.999983907 0.005329062 -0.001942095 0.722545266 -0.005320760 0.999976814 0.004254776 -2.190004349 0.001964723 -0.004244374 0.999989033 74.540695190
0.999987423 0.004362443 -0.002474445 0.751650870 -0.004351911 0.999981523 0.004246102 -2.203162432 0.002492925 -0.004235280 0.999987841 75.055122375
0.999984264 0.005138292 -0.002260437 0.768273234 -0.005129321 0.999979019 0.003956698 -2.219708920 0.002280720 -0.003945041 0.999989629 75.589347839
0.999984264 0.004984302 -0.002568223 0.787084222 -0.004974717 0.999980688 0.003725177 -2.235029459 0.002586741 -0.003712342 0.999989748 76.132652283
0.999983847 0.005271085 -0.002131938 0.787890673 -0.005262232 0.999977589 0.004137383 -2.263908625 0.002153698 -0.004126098 0.999989092 76.661376953
0.999982238 0.005577052 -0.002087034 0.805302322 -0.005568699 0.999976575 0.003986578 -2.281105280 0.002109220 -0.003974885 0.999989808 77.203300476
0.999985218 0.004924666 -0.002268285 0.798668027 -0.004915791 0.999980330 0.003901408 -2.277831554 0.002287454 -0.003890200 0.999989808 77.806602478
0.999985456 0.004723105 -0.002606949 0.829355061 -0.004712593 0.999980748 0.004023918 -2.306973219 0.002625902 -0.004011574 0.999988496 78.295310974
0.999984324 0.004970320 -0.002578609 0.839144468 -0.004960016 0.999979734 0.003986747 -2.317195177 0.002598372 -0.003973895 0.999988735 78.845520020
0.999984622 0.004936167 -0.002518733 0.861776650 -0.004926178 0.999980032 0.003956700 -2.333518982 0.002538211 -0.003944232 0.999988973 79.388839722
0.999983609 0.005189226 -0.002479163 0.872272611 -0.005179652 0.999979138 0.003852982 -2.348910570 0.002499105 -0.003840077 0.999989450 79.935218811
0.999984384 0.005352749 -0.001598501 0.892554998 -0.005345901 0.999976635 0.004257780 -2.370093822 0.001621256 -0.004249168 0.999989629 80.480957031
0.999988019 0.004828151 -0.000766262 0.922444940 -0.004825434 0.999982297 0.003508703 -2.364479542 0.000783189 -0.003504964 0.999993503 81.066749573
0.999989450 0.004592029 -0.000116725 0.964111328 -0.004591587 0.999983191 0.003545502 -2.372793913 0.000133004 -0.003544929 0.999993682 81.576843262
0.999984622 0.005465338 0.000875225 1.013857603 -0.005468455 0.999978662 0.003599811 -2.411856413 -0.000855533 -0.003604542 0.999993145 82.112777710
0.999976695 0.005610085 0.003894921 1.024907827 -0.005625587 0.999976277 0.003980507 -2.419465065 -0.003872497 -0.004002325 0.999984503 82.655433655
0.999955058 0.005429975 0.007769609 1.042577744 -0.005460045 0.999977648 0.003854276 -2.433223486 -0.007748508 -0.003896526 0.999962330 83.218292236
0.999933124 0.005063512 0.010394645 1.081534505 -0.005103843 0.999979496 0.003857153 -2.454895258 -0.010374900 -0.003909948 0.999938548 83.756736755
0.999879837 0.004887422 0.014707464 1.099061966 -0.004945868 0.999979973 0.003940164 -2.460402250 -0.014687912 -0.004012431 0.999884069 84.314918518
0.999763310 0.005322142 0.021096388 1.134546518 -0.005400619 0.999978721 0.003664725 -2.470607042 -0.021076435 -0.003777791 0.999770701 84.873931885
0.999647915 0.003919919 0.026243575 1.179070830 -0.004011949 0.999985993 0.003455019 -2.492134094 -0.026229663 -0.003559090 0.999649584 85.422355652
0.999462187 0.003878556 0.032562941 1.223110080 -0.003989777 0.999986351 0.003351283 -2.505409479 -0.032549500 -0.003479399 0.999464095 85.995635986
0.999152422 0.005246293 0.040825531 1.266857862 -0.005420260 0.999976695 0.004151687 -2.524966955 -0.040802792 -0.004369454 0.999157667 86.536231995
0.998793244 0.004424790 0.048913393 1.324844360 -0.004608301 0.999982715 0.003639590 -2.537994862 -0.048896447 -0.003860605 0.998796403 87.095802307
0.998382032 0.005079691 0.056635126 1.385920048 -0.005288710 0.999979734 0.003541349 -2.542368650 -0.056615990 -0.003835146 0.998388648 87.617546082
0.997820556 0.005291036 0.065773532 1.434154034 -0.005519701 0.999979317 0.003295308 -2.547687769 -0.065754749 -0.003651177 0.997829080 88.205932617
0.997203052 0.004935018 0.074577227 1.529980659 -0.005155737 0.999982834 0.002767366 -2.551065922 -0.074562274 -0.003144126 0.997211397 88.770606995
0.996492982 0.005088751 0.083521016 1.583110809 -0.005385862 0.999979973 0.003332392 -2.566596031 -0.083502367 -0.003770538 0.996500373 89.278160095
0.995890915 0.004362264 0.090455778 1.662940502 -0.004580422 0.999987066 0.002204312 -2.573037863 -0.090444997 -0.002609580 0.995898008 89.818161011
0.994886696 0.004216564 0.100909404 1.739122868 -0.004512396 0.999986172 0.002703575 -2.584594727 -0.100896604 -0.003145094 0.994891942 90.380157471
0.993777394 0.005292018 0.111258261 1.828820229 -0.005644275 0.999980032 0.002851393 -2.598269463 -0.111240946 -0.003461623 0.993787348 90.924041748
0.992769539 0.003123702 0.119994164 1.919293404 -0.003471004 0.999990344 0.002685433 -2.615704060 -0.119984619 -0.003082516 0.992770970 91.464500427
0.991248012 0.003582517 0.131964132 2.007453918 -0.003998669 0.999987841 0.002888660 -2.629541636 -0.131952167 -0.003391060 0.991250277 91.997177124
0.989525795 0.002152127 0.144340768 2.126177788 -0.002458531 0.999995112 0.001944445 -2.623931408 -0.144335851 -0.002278945 0.989526153 92.611709595
0.987860203 0.002158169 0.155330151 2.246697426 -0.002571942 0.999993682 0.002462908 -2.630313396 -0.155323833 -0.002832509 0.987859547 93.157424927
0.986304581 0.002197207 0.164919630 2.381008148 -0.002605350 0.999994040 0.002258520 -2.633517504 -0.164913684 -0.002657262 0.986304402 93.697570801
0.984146059 0.001153146 0.177356169 2.544032097 -0.001527766 0.999996841 0.001975703 -2.658791304 -0.177353352 -0.002215339 0.984144688 94.298934937
0.981790066 0.000930849 0.189966962 2.656308174 -0.001362676 0.999996781 0.002142561 -2.673749208 -0.189964354 -0.002362408 0.981788278 94.823318481
0.979926944 -0.002335752 0.199343175 2.844227791 0.002261248 0.999997258 0.000601416 -2.670100689 -0.199343994 -0.000138579 0.979929566 95.438903809
0.977116823 -0.001889990 0.212694943 2.984111786 0.001781572 0.999998152 0.000701389 -2.688903332 -0.212695882 -0.000306408 0.977118433 95.966911316
0.974097967 -0.002419268 0.226113006 3.129987717 0.002339813 0.999997020 0.000619392 -2.699468851 -0.226113841 -0.000074286 0.974100828 96.492912292
0.971337497 -0.000870347 0.237702936 3.244447708 0.000465808 0.999998331 0.001758031 -2.723003864 -0.237704083 -0.001596918 0.971336246 96.998390198
0.968660295 -0.000996635 0.248386875 3.412714005 0.000628388 0.999998569 0.001561836 -2.732860088 -0.248388052 -0.001356806 0.968659639 97.534812927
0.965135992 -0.000750356 0.261747718 3.579433441 0.000286022 0.999998331 0.001812069 -2.743636131 -0.261748612 -0.001674028 0.965134621 98.055236816
0.961704493 -0.000956665 0.274086624 3.755495071 0.000663205 0.999999106 0.001163340 -2.761359692 -0.274087518 -0.000937013 0.961704254 98.592445374
0.958287239 -0.001531908 0.285802722 3.928380966 0.001153423 0.999998152 0.001492620 -2.776561737 -0.285804480 -0.001100707 0.958287299 99.111175537
0.954061031 -0.003593811 0.299590707 4.127634048 0.003439121 0.999993563 0.001043611 -2.784624100 -0.299592555 0.000034660 0.954067349 99.637367249
0.949638784 -0.004348590 0.313316226 4.331794739 0.004216086 0.999990523 0.001100450 -2.804036140 -0.313317984 0.000275938 0.949648142 100.135055542
0.945756793 -0.004595992 0.324842900 4.535535812 0.004459569 0.999989390 0.001164486 -2.817926407 -0.324844837 0.000347339 0.945767224 100.651931763
0.941024661 -0.002873984 0.338326097 4.744535446 0.002329003 0.999995172 0.002016757 -2.837361097 -0.338330388 -0.001109855 0.941026747 101.195770264
0.935900331 -0.002752444 0.352254212 4.953744888 0.002016294 0.999994934 0.002456690 -2.851881981 -0.352259219 -0.001588969 0.935901165 101.696594238
0.931071103 -0.003226954 0.364823401 5.170988083 0.002277359 0.999992788 0.003033105 -2.874586582 -0.364830613 -0.001993202 0.931071818 102.201461792
0.926428854 -0.005343370 0.376431942 5.399507523 0.004946522 0.999985695 0.002020797 -2.889198065 -0.376437366 -0.000010096 0.926442087 102.695915222
0.920440435 -0.005302623 0.390847057 5.633373260 0.004335835 0.999984920 0.003355958 -2.909668922 -0.390858978 -0.001394311 0.920449495 103.192893982
0.914779007 -0.005953976 0.403910726 5.885597229 0.005543011 0.999982178 0.002186721 -2.918571711 -0.403916568 0.000238515 0.914795816 103.719650269
0.910036385 -0.006275550 0.414480686 6.136711121 0.005994499 0.999980092 0.001978891 -2.926159859 -0.414484799 0.000683742 0.910055995 104.206123352
0.904082179 -0.006568037 0.427308172 6.386550903 0.006134465 0.999978304 0.002391329 -2.949344873 -0.427314609 0.000459350 0.904102862 104.699165344
0.897533536 -0.006846365 0.440892816 6.653465271 0.006368815 0.999976456 0.002562930 -2.955230474 -0.440899968 0.000507650 0.897556067 105.185821533
0.891398966 -0.006386647 0.453174353 6.925292969 0.005949880 0.999979436 0.002389366 -2.978446960 -0.453180373 0.000566455 0.891418636 105.691528320
0.885637879 -0.006891943 0.464325368 7.202957153 0.006388291 0.999976039 0.002657761 -2.987775326 -0.464332521 0.000612431 0.885660768 106.168846130
0.878014088 -0.006637805 0.478588790 7.484287262 0.005680577 0.999977887 0.003447703 -3.019363880 -0.478601098 -0.000308471 0.878032386 106.657623291
