1.000000000 0.000000000 0.000000000 0.000000000 0.000000000 1.000000000 0.000000000 0.000000000 0.000000000 0.000000000 1.000000000 0.000000000
1.000000000 0.000119316 0.000112588 -0.003168161 -0.000119300 1.000000000 -0.000141319 0.003910844 -0.000112605 0.000141306 1.000000000 0.003729694
1.000000000 0.000054064 0.000055283 -0.002114185 -0.000054055 1.000000000 -0.000159651 0.002746859 -0.000055291 0.000159648 1.000000000 0.001208816
0.999999940 0.000300936 0.000134834 -0.000735575 -0.000300918 0.999999940 -0.000132258 0.003289945 -0.000134874 0.000132217 1.000000000 -0.002043320
1.000000000 0.000192098 0.000034197 0.002550944 -0.000192097 1.000000000 -0.000045146 0.001518365 -0.000034206 0.000045140 1.000000000 -0.001190917
1.000000000 0.000126958 0.000012395 0.000941566 -0.000126958 1.000000000 -0.000031743 0.001634277 -0.000012399 0.000031742 1.000000000 -0.002318509
1.000000000 0.000105753 0.000107673 -0.002056778 -0.000105735 1.000000000 -0.000166886 0.002809452 -0.000107690 0.000166875 1.000000000 -0.000686321
1.000000000 0.000037511 -0.000013763 0.000213844 -0.000037511 1.000000000 -0.000052728 0.002221646 0.000013761 0.000052728 1.000000000 -0.002769793
1.000000000 0.000059015 0.000156458 -0.005593778 -0.000058988 1.000000000 -0.000170079 0.004111701 -0.000156469 0.000170070 1.000000000 0.003909682
0.999999940 0.000191363 0.000231406 -0.005408602 -0.000191336 1.000000000 -0.000117319 0.001570299 -0.000231428 0.000117275 0.999999940 -0.001442431
1.000000000 0.000202092 0.000117559 0.000300618 -0.000202078 1.000000000 -0.000120537 0.001351563 -0.000117583 0.000120513 1.000000000 -0.003643641
0.999999940 0.000193808 0.000149478 -0.002563918 -0.000193795 1.000000000 -0.000086638 0.002141474 -0.000149495 0.000086609 1.000000000 -0.002655991
1.000000000 0.000051795 0.000184865 -0.005249328 -0.000051786 1.000000000 -0.000051632 -0.000007956 -0.000184868 0.000051622 1.000000000 -0.002605542
1.000000000 -0.000036355 0.000117167 -0.003441325 0.000036365 1.000000000 -0.000083804 0.000097056 -0.000117164 0.000083808 1.000000000 -0.001580866
1.000000000 0.000080873 0.000070487 -0.000745847 -0.000080864 1.000000000 -0.000131206 0.002438351 -0.000070498 0.000131200 1.000000000 -0.003842430
1.000000000 -0.000117954 -0.000091168 0.001996343 0.000117953 1.000000000 -0.000013562 0.001030744 0.000091169 0.000013551 1.000000000 -0.006410468
1.000000000 -0.000240341 0.000010985 -0.002539660 0.000240342 0.999999940 -0.000134923 0.000965422 -0.000010953 0.000134926 1.000000000 -0.004863944
1.000000000 -0.000061077 0.000033970 -0.000021692 0.000061078 1.000000000 -0.000034557 0.000238270 -0.000033968 0.000034559 1.000000000 -0.006539353
1.000000000 0.000073435 -0.000018885 -0.000064065 -0.000073434 1.000000000 0.000007840 0.002075720 0.000018885 -0.000007838 1.000000000 -0.007477091
1.000000000 -0.000080422 -0.000019288 -0.001539162 0.000080421 1.000000000 -0.000044511 -0.000064872 0.000019292 0.000044510 1.000000000 -0.007646607
1.000000000 0.000031770 0.000037686 -0.000541074 -0.000031766 1.000000000 -0.000089185 0.001555909 -0.000037689 0.000089184 1.000000000 -0.008434152
1.000000000 -0.000099485 0.000046300 -0.000655404 0.000099485 1.000000000 0.000003932 -0.000699661 -0.000046301 -0.000003927 1.000000000 -0.006093244
1.000000000 0.000161139 0.000176103 -0.007332622 -0.000161097 0.999999940 -0.000237279 0.003264266 -0.000176141 0.000237251 0.999999940 0.002538913
1.000000000 -0.000130882 -0.000101307 0.001391938 0.000130870 1.000000000 -0.000115104 0.000727212 0.000101322 0.000115091 1.000000000 -0.001805774
1.000000000 -0.000025977 0.000037908 -0.001675055 0.000025978 1.000000000 -0.000039282 0.002611334 -0.000037907 0.000039282 1.000000000 0.001113201
1.000000000 0.000089418 -0.000016473 0.002020631 -0.000089420 1.000000000 -0.000111703 0.003202385 0.000016463 0.000111705 1.000000000 -0.006791211
1.000000000 -0.000065176 0.000103641 -0.002428209 0.000065188 1.000000000 -0.000116295 0.002824541 -0.000103634 0.000116302 1.000000000 -0.003709327
0.999999940 0.000208074 0.000215010 -0.004395319 -0.000208030 0.999999940 -0.000203646 0.002853333 -0.000215052 0.000203601 0.999999940 -0.001887328
1.000000000 0.000034538 0.000128027 -0.004417460 -0.000034532 1.000000000 -0.000045217 0.002463114 -0.000128029 0.000045212 1.000000000 0.000740821
1.000000000 -0.000116990 0.000061796 -0.004797236 0.000116997 1.000000000 -0.000120778 0.005580289 -0.000061782 0.000120785 1.000000000 0.002452572
1.000000000 -0.000016253 0.000056648 -0.004055329 0.000016257 1.000000000 -0.000079177 0.002576110 -0.000056647 0.000079177 1.000000000 0.001430347
1.000000000 -0.000119515 0.000143822 -0.004600530 0.000119512 1.000000000 0.000022338 0.001663264 -0.000143824 -0.000022321 1.000000000 0.001218334
1.000000000 -0.000146336 0.000109660 -0.005307550 0.000146337 1.000000000 -0.000008400 0.001829968 -0.000109659 0.000008416 1.000000000 -0.001349835
1.000000000 -0.000123576 0.000040309 -0.002860896 0.000123574 1.000000000 0.000031962 0.001579308 -0.000040313 -0.000031957 1.000000000 -0.003073193
1.000000000 0.000069015 0.000082774 -0.004007872 -0.000069003 1.000000000 -0.000153829 0.001510269 -0.000082785 0.000153824 1.000000000 -0.000212270
1.000000000 0.000074872 0.000112496 -0.004414100 -0.000074861 1.000000000 -0.000103015 0.002501282 -0.000112503 0.000103007 1.000000000 0.000333372
1.000000000 -0.000141647 -0.000148382 0.002852028 0.000141663 1.000000000 0.000102085 -0.000426929 0.000148368 -0.000102106 1.000000000 -0.012680301
1.000000000 0.000077665 0.000067134 -0.003694788 -0.000077649 0.999999940 -0.000242511 0.004409491 -0.000067153 0.000242506 0.999999940 0.001362732
1.000000000 -0.000117216 0.000116151 -0.003759852 0.000117217 1.000000000 -0.000007741 0.001495892 -0.000116150 0.000007754 1.000000000 -0.000168877
1.000000000 0.000011109 -0.000023426 0.000637075 -0.000011105 1.000000000 0.000183752 -0.001498966 0.000023428 -0.000183752 1.000000000 -0.008548969
0.999999940 -0.000276941 -0.000151554 0.000450270 0.000276941 0.999999940 0.000002233 -0.000950949 0.000151553 -0.000002275 1.000000000 -0.000904237
1.000000000 0.000107668 0.000063001 0.001996548 -0.000107630 0.999999821 -0.000599180 -0.004715638 -0.000063065 0.000599173 0.999999821 0.049797751
1.000000000 0.000043200 -0.000016528 0.000796331 -0.000043224 0.999998927 -0.001450599 -0.000437739 0.000016466 0.001450599 0.999998927 0.147613510
1.000000000 -0.000096574 -0.000079753 0.004890915 0.000096459 0.999998927 -0.001445397 -0.009781094 0.000079893 0.001445389 0.999998927 0.262596935
1.000000000 -0.000227623 0.000038356 0.003365672 0.000227674 0.999999106 -0.001338991 -0.011885593 -0.000038051 0.001338999 0.999999106 0.395126939
1.000000000 -0.000051601 -0.000132176 0.006555256 0.000051442 0.999999285 -0.001200009 -0.017975800 0.000132238 0.001200002 0.999999285 0.535430014
0.999999940 0.000152233 0.000363882 -0.003167873 -0.000151859 0.999999464 -0.001024946 -0.032310605 -0.000364038 0.001024891 0.999999404 0.691298008
0.999999940 -0.000403794 -0.000080055 0.017357942 0.000403750 0.999999762 -0.000555959 -0.031117788 0.000080279 0.000555927 0.999999821 0.854443014
0.999999881 -0.000337796 -0.000340988 0.027022375 0.000337634 0.999999821 -0.000475835 -0.037645809 0.000341149 0.000475719 0.999999821 1.032122493
1.000000000 -0.000192650 -0.000005923 0.021583982 0.000192645 0.999999702 -0.000752291 -0.033927709 0.000006068 0.000752289 0.999999702 1.215389132
0.999999821 -0.000398759 -0.000409913 0.039648298 0.000398561 0.999999821 -0.000481215 -0.046288185 0.000410104 0.000481052 0.999999821 1.418070793
0.999999523 -0.000435702 -0.000906788 0.045767259 0.000435694 0.999999881 -0.000009299 -0.063070714 0.000906792 0.000008903 0.999999583 1.611050725
0.999999583 0.000478361 0.000674478 0.030948663 -0.000478284 0.999999821 -0.000115415 -0.054857865 -0.000674533 0.000115092 0.999999762 1.718587756
0.999999940 -0.000066050 0.000199379 0.042683493 0.000066045 1.000000000 0.000025683 -0.060638413 -0.000199381 -0.000025670 1.000000000 1.921940207
1.000000000 -0.000053094 0.000235396 0.049235296 0.000053104 1.000000000 -0.000041327 -0.067693993 -0.000235394 0.000041340 1.000000000 2.143879414
0.999999821 0.000313847 0.000634385 0.051142432 -0.000313844 0.999999881 -0.000004793 -0.068863422 -0.000634386 0.000004594 0.999999821 2.351393223
0.999999702 0.000710596 0.000413520 0.051350787 -0.000710578 0.999999702 -0.000043695 -0.077545635 -0.000413551 0.000043401 0.999999881 2.589604378
0.999999642 0.000241282 0.000776295 0.062139031 -0.000241511 0.999999940 0.000294503 -0.094031706 -0.000776224 -0.000294690 0.999999642 2.823354244
0.999999464 0.000214690 0.000909549 0.070338927 -0.000215089 0.999999821 0.000437838 -0.101280555 -0.000909455 -0.000438033 0.999999464 3.065658331
0.999999642 0.000235368 0.000782645 0.075581744 -0.000235410 1.000000000 0.000052510 -0.106402263 -0.000782632 -0.000052694 0.999999642 3.327026606
0.999999642 0.000153383 0.000755304 0.088655800 -0.000153767 0.999999821 0.000509189 -0.114295967 -0.000755225 -0.000509305 0.999999523 3.576879025
0.999999762 0.000164593 0.000701046 0.075639561 -0.000165114 0.999999821 0.000742779 -0.135120660 -0.000700924 -0.000742895 0.999999464 3.790587664
0.999999225 -0.001116719 0.000506682 0.079929367 0.001116199 0.999998808 0.001025649 -0.149359152 -0.000507827 -0.001025083 0.999999344 4.051044941
0.999999642 -0.000416904 0.000753379 0.080030948 0.000415788 0.999998808 0.001480442 -0.154845357 -0.000753996 -0.001480128 0.999998569 4.300539017
0.999999285 -0.000897273 0.000751195 0.095727779 0.000896125 0.999998391 0.001527222 -0.161417305 -0.000752565 -0.001526548 0.999998569 4.579374790
0.999999464 0.000312132 0.000999942 0.081382394 -0.000313634 0.999998748 0.001502525 -0.177372232 -0.000999472 -0.001502838 0.999998391 4.816220760
0.999999642 -0.000232329 0.000887855 0.092796244 0.000231009 0.999998868 0.001486502 -0.183480799 -0.000888199 -0.001486297 0.999998510 5.072904587
0.999999583 0.000387440 0.000886942 0.094643608 -0.000388829 0.999998629 0.001566419 -0.190781325 -0.000886334 -0.001566763 0.999998331 5.343286991
0.999999285 0.000028576 0.001216210 0.093020320 -0.000030493 0.999998748 0.001576505 -0.201056018 -0.001216163 -0.001576541 0.999998033 5.607635498
0.999999404 0.000015944 0.001135076 0.097181164 -0.000017628 0.999998868 0.001483186 -0.207639605 -0.001135051 -0.001483205 0.999998271 5.891637325
0.999998808 0.000697517 0.001446970 0.094727054 -0.000700139 0.999998152 0.001812407 -0.224329576 -0.001445703 -0.001813417 0.999997318 6.159145832
0.999999464 -0.000610933 0.000736008 0.122845404 0.000609783 0.999998510 0.001561836 -0.225844860 -0.000736961 -0.001561387 0.999998510 6.496731758
0.999999762 -0.000129106 0.000664961 0.125452042 0.000128338 0.999999285 0.001155400 -0.231831968 -0.000665110 -0.001155315 0.999999106 6.784647942
0.999999583 0.000085029 0.000910585 0.129652306 -0.000086273 0.999999046 0.001366469 -0.239147052 -0.000910468 -0.001366548 0.999998689 7.085070610
0.999999702 0.000010372 0.000767102 0.143226489 -0.000011457 0.999998987 0.001414583 -0.249944940 -0.000767086 -0.001414592 0.999998689 7.393523216
0.999999225 0.000455671 0.001121862 0.139103413 -0.000457406 0.999998689 0.001547378 -0.260733843 -0.001121155 -0.001547891 0.999998212 7.707798004
0.999999702 0.000154683 0.000838111 0.157618776 -0.000156062 0.999998689 0.001645891 -0.273032278 -0.000837855 -0.001646021 0.999998331 8.014908791
0.999999404 -0.000669579 0.000836848 0.138880104 0.000667871 0.999997795 0.002039714 -0.298326284 -0.000838212 -0.002039155 0.999997556 8.351932526
0.999999404 -0.001035907 0.000365522 0.154549807 0.001035095 0.999997020 0.002215808 -0.309610337 -0.000367816 -0.002215428 0.999997497 8.674782753
0.999999166 -0.001072551 0.000532922 0.155001089 0.001071417 0.999997079 0.002121673 -0.313547075 -0.000535196 -0.002121101 0.999997556 9.023200989
0.999999404 -0.000743876 0.000791599 0.156992421 0.000742344 0.999997854 0.001933971 -0.323294908 -0.000793036 -0.001933382 0.999997795 9.363963127
0.999999046 -0.001282374 0.000325435 0.172929510 0.001281674 0.999996901 0.002140569 -0.335543513 -0.000328179 -0.002140150 0.999997675 9.711567879
0.999999464 -0.000796444 0.000601178 0.183001518 0.000794892 0.999996364 0.002576970 -0.344632030 -0.000603228 -0.002576491 0.999996483 10.039897919
0.999999046 -0.001330821 0.000382048 0.192717895 0.001329861 0.999996006 0.002502950 -0.354395658 -0.000385377 -0.002502439 0.999996841 10.403598785
0.999998927 -0.001313456 0.000689462 0.174733549 0.001311520 0.999995172 0.002800801 -0.388129085 -0.000693137 -0.002799893 0.999995828 10.807505608
0.999997854 -0.002060340 0.000322003 0.182029873 0.002059355 0.999993324 0.003030420 -0.398057491 -0.000328244 -0.003029750 0.999995291 11.185854912
0.999997854 -0.002046196 0.000399780 0.184426248 0.002044923 0.999992967 0.003160800 -0.408470601 -0.000406245 -0.003159976 0.999994874 11.573448181
0.999995291 -0.003054557 0.000256307 0.198279187 0.003053933 0.999992490 0.002399235 -0.408584476 -0.000263633 -0.002398441 0.999997079 11.931039810
0.999996960 -0.002463751 0.000288018 0.208391607 0.002462854 0.999992251 0.003071423 -0.419312894 -0.000295583 -0.003070703 0.999995172 12.331655502
0.999998868 -0.001030242 0.001097459 0.206957906 0.001026456 0.999993503 0.003444485 -0.435902774 -0.001101001 -0.003443354 0.999993443 12.696899414
0.999997556 -0.002105287 0.000579429 0.218519926 0.002103320 0.999992073 0.003373185 -0.465356350 -0.000586526 -0.003371958 0.999994099 13.151320457
0.999997020 -0.002444412 0.000163537 0.232569516 0.002443787 0.999990106 0.003722778 -0.481845975 -0.000172636 -0.003722367 0.999993026 13.532427788
0.999997616 -0.002070226 0.000655751 0.245606199 0.002067836 0.999991238 0.003624773 -0.481191278 -0.000663249 -0.003623409 0.999993205 13.969572067
0.999998152 -0.001677880 0.000900060 0.238080248 0.001673925 0.999989033 0.004376845 -0.498663604 -0.000907394 -0.004375330 0.999990046 14.366671562
0.999998212 -0.001474410 0.001159013 0.237805575 0.001470027 0.999991715 0.003773572 -0.505536199 -0.001164567 -0.003771861 0.999992192 14.794650078
0.999995291 -0.002904347 0.000936753 0.258100182 0.002899718 0.999983788 0.004904987 -0.562163055 -0.000950984 -0.004902248 0.999987483 15.254477501
0.999992311 -0.003715173 0.001238101 0.273787796 0.003708976 0.999980807 0.004970713 -0.574648798 -0.001256544 -0.004966084 0.999986887 15.693800926
0.999995053 -0.002592253 0.001774442 0.279657483 0.002583890 0.999985635 0.004699473 -0.578871191 -0.001786598 -0.004694866 0.999987423 16.145141602
0.999994576 -0.002690924 0.001881921 0.289689511 0.002680394 0.999980807 0.005575425 -0.599182785 -0.001896888 -0.005570352 0.999982655 16.567224503
0.999993980 -0.003217248 0.001293717 0.301292598 0.003211451 0.999984980 0.004457907 -0.592497051 -0.001308040 -0.004453727 0.999989212 17.031770706
0.999991596 -0.003909818 0.001173738 0.326216340 0.003904972 0.999983966 0.004102864 -0.606578648 -0.001189760 -0.004098247 0.999990880 17.454601288
0.999994636 -0.002778864 0.001693846 0.320190728 0.002771306 0.999986291 0.004448484 -0.615310907 -0.001706184 -0.004443767 0.999988675 18.007816315
0.999992073 -0.003503805 0.001893006 0.337933064 0.003494008 0.999980628 0.005154141 -0.667726755 -0.001911028 -0.005147486 0.999984920 18.456058502
0.999987900 -0.004449227 0.002065460 0.356884450 0.004438482 0.999976814 0.005177778 -0.675593734 -0.002088449 -0.005168548 0.999984443 18.929277420
0.999990761 -0.003868752 0.001906158 0.367278397 0.003859072 0.999979734 0.005056005 -0.686604023 -0.001925680 -0.005048602 0.999985337 19.398305893
0.999992013 -0.002767527 0.002886102 0.376666993 0.002752310 0.999982357 0.005263446 -0.700815022 -0.002900618 -0.005255461 0.999981940 19.862018585
0.999992311 -0.001672786 0.003549825 0.375823975 0.001654129 0.999984860 0.005252281 -0.723708928 -0.003558558 -0.005246370 0.999979913 20.375822067
0.999993742 -0.002295817 0.002718086 0.384269446 0.002280492 0.999981523 0.005627658 -0.726821423 -0.002730956 -0.005621423 0.999980450 20.863290787
0.999994516 -0.002097216 0.002540714 0.430460811 0.002083455 0.999983191 0.005406476 -0.760072351 -0.002552009 -0.005401153 0.999982178 21.354814529
0.999994934 -0.002342107 0.002147892 0.441148311 0.002330848 0.999983609 0.005229112 -0.766475320 -0.002160104 -0.005224079 0.999984086 21.854454041
0.999996722 -0.001273317 0.002237825 0.445549011 0.001261974 0.999986351 0.005062683 -0.777955234 -0.002244242 -0.005059842 0.999984682 22.396600723
0.999996603 -0.002343324 0.001074469 0.468519777 0.002337005 0.999980152 0.005844912 -0.801383018 -0.001088145 -0.005842381 0.999982357 22.895195007
0.999995887 -0.002756406 0.000652690 0.437592924 0.002752930 0.999982297 0.005267987 -0.808675289 -0.000667199 -0.005266169 0.999985933 23.389696121
0.999993861 -0.003455548 -0.000413208 0.501389802 0.003457967 0.999975920 0.006005147 -0.837676406 0.000392447 -0.006006537 0.999981880 23.867115021
0.999992728 -0.003694260 -0.000845866 0.502613902 0.003699360 0.999974430 0.006108794 -0.850729465 0.000823277 -0.006111880 0.999980986 24.404790878
0.999996305 -0.002526846 -0.000930728 0.499237508 0.002532269 0.999979556 0.005872793 -0.863745153 0.000915869 -0.005875128 0.999982357 24.934942245
0.999995112 -0.002688456 -0.001560267 0.542860329 0.002698386 0.999975860 0.006397620 -0.865307868 0.001543029 -0.006401799 0.999978364 25.468042374
0.999991238 -0.003202302 -0.002686239 0.543162227 0.003221090 0.999970198 0.007019374 -0.902980506 0.002663680 -0.007027966 0.999971747 25.967163086
0.999987006 -0.003974707 -0.003182759 0.552277863 0.003997701 0.999965668 0.007250996 -0.918296933 0.003153829 -0.007263626 0.999968648 26.516241074
0.999983847 -0.004401474 -0.003605897 0.568247676 0.004427343 0.999964356 0.007197603 -0.915598154 0.003574088 -0.007213451 0.999967575 27.073635101
0.999989390 -0.003344973 -0.003175369 0.570771337 0.003368806 0.999966025 0.007530239 -0.946354687 0.003150073 -0.007540857 0.999966562 27.600381851
0.999984264 -0.003157980 -0.004647166 0.616908669 0.003201178 0.999951541 0.009317603 -0.983860612 0.004617516 -0.009332333 0.999945760 28.146764755
0.999982655 -0.003511121 -0.004728118 0.601417124 0.003549362 0.999960780 0.008103790 -0.966806173 0.004699480 -0.008120430 0.999956012 28.695728302
0.999979854 -0.003630973 -0.005209249 0.608142674 0.003674505 0.999958158 0.008371458 -0.987533092 0.005178635 -0.008390430 0.999951363 29.248422623
0.999977112 -0.003626809 -0.005707994 0.624961853 0.003669727 0.999964833 0.007526360 -0.991345167 0.005680497 -0.007547135 0.999955416 29.849239349
0.999964893 -0.004517528 -0.007060613 0.666368783 0.004566531 0.999965429 0.006939623 -0.984783471 0.007029019 -0.006971621 0.999950945 30.407442093
0.999953032 -0.006182118 -0.007475560 0.688598752 0.006241265 0.999949157 0.007914810 -1.008872151 0.007426250 -0.007961095 0.999940753 30.947937012
0.999970973 -0.004027219 -0.006461426 0.602136254 0.004091976 0.999941230 0.010040487 -1.108850956 0.006420611 -0.010066636 0.999928713 31.450460434
0.999974251 -0.003481935 -0.006275620 0.608826399 0.003546908 0.999939919 0.010372055 -1.127057552 0.006239128 -0.010394046 0.999926507 31.986055374
0.999965191 -0.005063483 -0.006636344 0.631420732 0.005128511 0.999938667 0.009818527 -1.138655066 0.006586221 -0.009852218 0.999929786 32.560337067
0.999963224 -0.004940354 -0.007003123 0.635168493 0.005011142 0.999936163 0.010126676 -1.141496420 0.006952647 -0.010161396 0.999924242 33.030086517
0.999973953 -0.003469687 -0.006330853 0.601328433 0.003533438 0.999942839 0.010086683 -1.150315046 0.006295493 -0.010108788 0.999929070 33.595497131
0.999962866 -0.005629949 -0.006540020 0.582087934 0.005706433 0.999914885 0.011735658 -1.195071697 0.006473391 -0.011772539 0.999909759 34.021778107
0.999959588 -0.004984105 -0.007478578 0.580978036 0.005070619 0.999919891 0.011594105 -1.233721852 0.007420193 -0.011631556 0.999904811 34.711204529
0.999958634 -0.005311563 -0.007380921 0.577378035 0.005395262 0.999920785 0.011366610 -1.241147518 0.007319962 -0.011405961 0.999908209 35.221073151
0.999951303 -0.005482194 -0.008207973 0.594343722 0.005579259 0.999914169 0.011849837 -1.262841225 0.008142306 -0.011895053 0.999896049 35.751407623
0.999952674 -0.005042754 -0.008325592 0.594887435 0.005142189 0.999915183 0.011965257 -1.281655669 0.008264548 -0.012007502 0.999893785 36.313640594
0.999959588 -0.004553303 -0.007749874 0.554445088 0.004646870 0.999916017 0.012098346 -1.299682260 0.007694135 -0.012133868 0.999896765 36.972805023
0.999962509 -0.004308426 -0.007507836 0.582084060 0.004403961 0.999908984 0.012754894 -1.311977744 0.007452197 -0.012787481 0.999890447 37.443733215
0.999953806 -0.005938614 -0.007558548 0.564871371 0.006032141 0.999904752 0.012411614 -1.322764635 0.007484120 -0.012456635 0.999894381 38.012351990
0.999930680 -0.007833567 -0.008800149 0.567646444 0.007956850 0.999869466 0.014062486 -1.398962736 0.008688841 -0.014131531 0.999862373 38.532341003
0.999942005 -0.007041884 -0.008149753 0.563747704 0.007152861 0.999881029 0.013669100 -1.366048813 0.008052526 -0.013726601 0.999873340 38.994262695
0.999924004 -0.008024679 -0.009353776 0.590778112 0.008166272 0.999851167 0.015199060 -1.458565235 0.009230416 -0.015274291 0.999840736 39.607517242
0.999910533 -0.008852256 -0.010026048 0.615147412 0.009010050 0.999834597 0.015803980 -1.475967169 0.009884488 -0.015892902 0.999824822 40.156417847
0.999915123 -0.008439221 -0.009932035 0.630707443 0.008594166 0.999840498 0.015662575 -1.486271024 0.009798271 -0.015746601 0.999827921 40.707908630
0.999898434 -0.010075758 -0.010079553 0.632387042 0.010240044 0.999813318 0.016382216 -1.522626519 0.009912609 -0.016483767 0.999814928 41.297843933
0.999895930 -0.009862052 -0.010528290 0.655882776 0.010037260 0.999809802 0.016720461 -1.536766052 0.010361390 -0.016824396 0.999804735 41.831356049
0.999888837 -0.010576568 -0.010516582 0.648850083 0.010754981 0.999796689 0.017055565 -1.531833410 0.010334057 -0.017166775 0.999799192 42.391422272
0.999894023 -0.010921142 -0.009633547 0.599738836 0.011084245 0.999793351 0.017042868 -1.536750793 0.009445428 -0.017147841 0.999808371 42.893573761
0.999893010 -0.009978847 -0.010706239 0.608434081 0.010150470 0.999818921 0.016097326 -1.512480736 0.010543671 -0.016204275 0.999813080 43.400596619
0.999918282 -0.008728361 -0.009350619 0.575132787 0.008878547 0.999830186 0.016142307 -1.514731407 0.009208138 -0.016224004 0.999825954 43.913200378
0.999906957 -0.009438406 -0.009849878 0.579484463 0.009611385 0.999797702 0.017664462 -1.611844778 0.009681162 -0.017757492 0.999795437 44.500762939
0.999896288 -0.010459813 -0.009904726 0.587399125 0.010631539 0.999791205 0.017446747 -1.614475489 0.009720170 -0.017550241 0.999798656 45.061302185
0.999894679 -0.010288050 -0.010234931 0.596667826 0.010461728 0.999799609 0.017062791 -1.616545200 0.010057340 -0.017168071 0.999801993 45.594360352
0.999881089 -0.010740577 -0.011067265 0.620100856 0.010936391 0.999781966 0.017787118 -1.619147539 0.010873808 -0.017906038 0.999780476 46.123672485
0.999885321 -0.010688255 -0.010733805 0.623881876 0.010880452 0.999778569 0.018009964 -1.629348040 0.010538933 -0.018124687 0.999780118 46.642162323
0.999922037 -0.008363481 -0.009266400 0.598996997 0.008531496 0.999797165 0.018243106 -1.674849510 0.009111944 -0.018320741 0.999790668 47.104610443
0.999919772 -0.008285330 -0.009576069 0.609640121 0.008462816 0.999790311 0.018644845 -1.683009744 0.009419582 -0.018724393 0.999780357 47.641231537
0.999918640 -0.008271936 -0.009709878 0.609178782 0.008446802 0.999800324 0.018108398 -1.684264421 0.009558149 -0.018188942 0.999788880 48.209609985
0.999929965 -0.008220025 -0.008510895 0.587036610 0.008376174 0.999794066 0.018476749 -1.699135780 0.008357265 -0.018546740 0.999793112 48.733081818
0.999940634 -0.007345367 -0.008047773 0.585405827 0.007495946 0.999794304 0.018843111 -1.708876848 0.007907708 -0.018902320 0.999790072 49.277904510
0.999922633 -0.008480456 -0.009098061 0.617934823 0.008651968 0.999782383 0.018980641 -1.720860004 0.008935118 -0.019057889 0.999778390 49.675895691
0.999905944 -0.009641422 -0.009752539 0.627672315 0.009815729 0.999790072 0.017985810 -1.718058825 0.009577082 -0.018079845 0.999790668 50.220664978
0.999925375 -0.008394961 -0.008875987 0.617122889 0.008553699 0.999801338 0.017999686 -1.721646786 0.008723117 -0.018074263 0.999798596 50.765815735
0.999937356 -0.007623577 -0.008189663 0.612957597 0.007781666 0.999780595 0.019448258 -1.741647720 0.008039600 -0.019510770 0.999777377 51.300701141
0.999936044 -0.007355585 -0.008605786 0.621028602 0.007530522 0.999762118 0.020475123 -1.756426811 0.008453132 -0.020538619 0.999753296 51.733741760
0.999934375 -0.007399491 -0.008745359 0.638886213 0.007578629 0.999758422 0.020631408 -1.765943766 0.008590584 -0.020696335 0.999748886 52.270114899
0.999941170 -0.006577203 -0.008628066 0.648288965 0.006745802 0.999783933 0.019659456 -1.754680157 0.008496898 -0.019716501 0.999769509 52.812564850
0.999946356 -0.006966719 -0.007673680 0.619461298 0.007117506 0.999778688 0.019801114 -1.773041010 0.007534033 -0.019854670 0.999774456 53.342247009
0.999941885 -0.006962487 -0.008229023 0.619325161 0.007130485 0.999763072 0.020565549 -1.792243004 0.008083886 -0.020623030 0.999754667 53.752506256
0.999942064 -0.006985840 -0.008191626 0.622130692 0.007149540 0.999771953 0.020127902 -1.790623069 0.008049145 -0.020185305 0.999763906 54.310359955
0.999946892 -0.006565964 -0.007931499 0.626757145 0.006721028 0.999783695 0.019684685 -1.795181274 0.007800533 -0.019736947 0.999774814 54.861923218
0.999945700 -0.006630752 -0.008037559 0.638717771 0.006784935 0.999790609 0.019309834 -1.777855277 0.007907835 -0.019363320 0.999781311 55.369091034
0.999944329 -0.006462042 -0.008336768 0.656448662 0.006622212 0.999791265 0.019330213 -1.775916815 0.008210113 -0.019384345 0.999778450 55.909286499
0.999948263 -0.006535334 -0.007786569 0.645113230 0.006693308 0.999768674 0.020437639 -1.818864942 0.007651201 -0.020488700 0.999760807 56.276287079
0.999946475 -0.006488997 -0.008054219 0.658239722 0.006651328 0.999771953 0.020294225 -1.822566390 0.007920692 -0.020346710 0.999761581 56.805450439
0.999946237 -0.006993289 -0.007644976 0.662900031 0.007139795 0.999788165 0.019307565 -1.824234605 0.007508331 -0.019361114 0.999784410 57.373340607
0.999955058 -0.006217137 -0.007149089 0.660216093 0.006356864 0.999785900 0.019691087 -1.826656580 0.007025135 -0.019735653 0.999780595 57.937355042
0.999948323 -0.006409735 -0.007888181 0.714204490 0.006559100 0.999796808 0.019057427 -1.805294752 0.007764425 -0.019108182 0.999787331 58.395915985
0.999944389 -0.006543449 -0.008268729 0.676176190 0.006718089 0.999751091 0.021272266 -1.871076941 0.008127477 -0.021326633 0.999739528 58.799232483
0.999952972 -0.006032771 -0.007593309 0.686045527 0.006193201 0.999754310 0.021284584 -1.878767252 0.007463038 -0.021330616 0.999744594 59.348087311
0.999945104 -0.006498098 -0.008214355 0.698071778 0.006669221 0.999757707 0.020979432 -1.867800593 0.008076039 -0.021033069 0.999746144 59.899196625
0.999943554 -0.006886954 -0.008084453 0.708050489 0.007051656 0.999764442 0.020524129 -1.869574189 0.007941199 -0.020579981 0.999756694 60.449817657
0.999957204 -0.005059625 -0.007739978 0.775885224 0.005231702 0.999735951 0.022375980 -1.926160455 0.007624720 -0.022415521 0.999719620 60.906593323
0.999949872 -0.006150025 -0.007902371 0.710178256 0.006318632 0.999749184 0.021491548 -1.885180950 0.007768214 -0.021540405 0.999737799 61.323234558
0.999949574 -0.006490713 -0.007662205 0.721941590 0.006649662 0.999759316 0.020904789 -1.886474133 0.007524675 -0.020954685 0.999752164 61.853767395
0.999953151 -0.005654748 -0.007859511 0.737745523 0.005825498 0.999743760 0.021874998 -1.897787213 0.007733800 -0.021919759 0.999729812 62.342567444
0.999960542 -0.005509855 -0.006964064 0.732619762 0.005657101 0.999757111 0.021303931 -1.907424212 0.006844990 -0.021342494 0.999748766 62.901641846
0.999952376 -0.005782939 -0.007862922 0.749372959 0.005952773 0.999745727 0.021750247 -1.902826071 0.007735142 -0.021796018 0.999732494 63.349342346
0.999952316 -0.005764798 -0.007889952 0.749218941 0.005937773 0.999738634 0.022078503 -1.914230943 0.007760612 -0.022124296 0.999725163 63.881130219
0.999963999 -0.004113528 -0.007422732 0.760408521 0.004271828 0.999761105 0.021438075 -1.908762455 0.007332771 -0.021469010 0.999742627 64.427932739
0.999959111 -0.005034739 -0.007512411 0.772236884 0.005197871 0.999747634 0.021855922 -1.915577769 0.007400476 -0.021894073 0.999732912 64.881538391
0.999962568 -0.004654411 -0.007289843 0.791405559 0.004814256 0.999744952 0.022065260 -1.932538509 0.007185282 -0.022099527 0.999729991 65.393959045
0.999969542 -0.004415707 -0.006441304 0.773912311 0.004551589 0.999764025 0.021235518 -1.918519974 0.006346015 -0.021264186 0.999753833 65.969367981
0.999968469 -0.004403616 -0.006616819 0.817374527 0.004547261 0.999750853 0.021853015 -1.922731280 0.006518939 -0.021882411 0.999739349 66.511650085
0.999956787 -0.005257247 -0.007662579 0.802924037 0.005422763 0.999748886 0.021742357 -1.925095797 0.007546349 -0.021782970 0.999734223 66.886596680
0.999957383 -0.005553992 -0.007366923 0.807673335 0.005706650 0.999765992 0.020865567 -1.912745595 0.007249312 -0.020906715 0.999755144 67.433006287
0.999957621 -0.005491111 -0.007392748 0.814257681 0.005648629 0.999753833 0.021457592 -1.934143543 0.007273102 -0.021498444 0.999742448 67.983299255
0.999970257 -0.003592912 -0.006829914 0.827346563 0.003734774 0.999775171 0.020872662 -1.924205780 0.006753384 -0.020897547 0.999758840 68.473022461
0.999955535 -0.005555943 -0.007620381 0.828012526 0.005715196 0.999762356 0.021038134 -1.928828835 0.007501684 -0.021080751 0.999749660 68.921127319
0.999958277 -0.004852313 -0.007734619 0.833257318 0.005009132 0.999779701 0.020386424 -1.920526743 0.007633993 -0.020424319 0.999762237 69.480468750
0.999964297 -0.003959676 -0.007470372 0.898340166 0.004113381 0.999777794 0.020673292 -1.945990682 0.007386853 -0.020703280 0.999758422 69.919036865
0.999960005 -0.004774015 -0.007565819 0.868708611 0.004926565 0.999782324 0.020274187 -1.941404104 0.007467383 -0.020310650 0.999765873 70.555885315
0.999942422 -0.006708883 -0.008372191 0.860755503 0.006880980 0.999762058 0.020699074 -1.929798841 0.008231332 -0.020755492 0.999750674 70.957389832
0.999956965 -0.005042544 -0.007790238 0.867154002 0.005206845 0.999761343 0.021216253 -1.944834352 0.007681395 -0.021255901 0.999744534 71.494934082
0.999953210 -0.005654160 -0.007849504 0.867152035 0.005812901 0.999776065 0.020349594 -1.931143403 0.007732687 -0.020394273 0.999762118 72.067161560
0.999948919 -0.006127955 -0.008035984 0.879749835 0.006291979 0.999769092 0.020547343 -1.930621624 0.007908216 -0.020596860 0.999756575 72.605995178
0.999938965 -0.006701028 -0.008780033 0.915680349 0.006878058 0.999770522 0.020290231 -1.936708212 0.008642053 -0.020349383 0.999755561 73.138229370
0.999947727 -0.006421722 -0.007959274 0.884933412 0.006582311 0.999771893 0.020317242 -1.944496870 0.007826987 -0.020368570 0.999761879 73.532386780
0.999941885 -0.006551156 -0.008565943 0.899437487 0.006723454 0.999772429 0.020242689 -1.951012254 0.008431381 -0.020299101 0.999758363 74.076553345
0.999933302 -0.007423424 -0.008849813 0.912752628 0.007598123 0.999773622 0.019872982 -1.949852347 0.008700283 -0.019938897 0.999763370 74.582748413
0.999931872 -0.007754238 -0.008721818 0.924007416 0.007920491 0.999784470 0.019191423 -1.939320922 0.008571124 -0.019259198 0.999777794 75.128021240
0.999923110 -0.008053132 -0.009434807 0.950514495 0.008235376 0.999777138 0.019439239 -1.956691742 0.009276157 -0.019515444 0.999766529 75.641799927
0.999940932 -0.007427091 -0.007932008 0.878617942 0.007588347 0.999761105 0.020496948 -1.943738937 0.007777880 -0.020555926 0.999758542 76.130851746
0.999931276 -0.008147708 -0.008416963 0.891908169 0.008310346 0.999775827 0.019471964 -1.938052416 0.008256423 -0.019540574 0.999774992 76.685112000
0.999922454 -0.009005057 -0.008595644 0.908106983 0.009175049 0.999758959 0.019946417 -1.949619770 0.008413955 -0.020023739 0.999764025 77.195533752
0.999912322 -0.009654050 -0.009064383 0.917384624 0.009826782 0.999767244 0.019209104 -1.934387803 0.008876827 -0.019296495 0.999774396 77.729110718
0.999946654 -0.007066594 -0.007535438 0.871108353 0.007214285 0.999778748 0.019755859 -1.956402540 0.007394165 -0.019809170 0.999776423 78.218917847
0.999960959 -0.006457188 -0.006027120 0.874781489 0.006573371 0.999789000 0.019460101 -1.949611783 0.005900192 -0.019498963 0.999792457 78.764839172
0.999961913 -0.006848683 -0.005401679 0.892973781 0.006952012 0.999788702 0.019348375 -1.966351748 0.005268027 -0.019385193 0.999798238 79.321754456
0.999966741 -0.007164357 -0.003909334 0.910902679 0.007238390 0.999788344 0.019264234 -1.970358729 0.003770491 -0.019291891 0.999806821 79.886009216
0.999973178 -0.006874888 -0.002526081 0.903926790 0.006922871 0.999785781 0.019504508 -1.951554656 0.002391448 -0.019521475 0.999806702 80.299728394
0.999975026 -0.007071735 -0.000139131 0.927257717 0.007073104 0.999788821 0.019291341 -1.963626385 0.000002679 -0.019291842 0.999813974 80.842605591
0.999973774 -0.006149958 0.003836876 0.931830168 0.006071957 0.999781132 0.020020291 -1.981583357 -0.003959160 -0.019996466 0.999792218 81.391815186
0.999956250 -0.006775010 0.006450257 0.959500551 0.006652221 0.999799848 0.018871205 -1.940802693 -0.006576818 -0.018827474 0.999801159 81.958244324
0.999925256 -0.005564881 0.010883707 1.019462585 0.005348613 0.999789596 0.019800059 -1.980969548 -0.010991603 -0.019740371 0.999744713 82.428329468
0.999832332 -0.005725307 0.017391924 1.000436306 0.005378524 0.999787092 0.019921074 -1.971595526 -0.017502273 -0.019824188 0.999650240 82.904525757
0.999709249 -0.005609802 0.023449082 1.024015784 0.005148539 0.999792933 0.019685116 -1.972325444 -0.023554653 -0.019558659 0.999531269 83.466697693
0.999557793 -0.005271363 0.029263306 1.064781070 0.004691097 0.999791741 0.019862521 -1.980501533 -0.029361915 -0.019716460 0.999374390 83.991859436
0.999266624 -0.004797347 0.037990924 1.088189125 0.004045568 0.999794900 0.019840594 -1.976101398 -0.038078316 -0.019672347 0.999081135 84.501029968
0.998938143 -0.004411284 0.045858391 1.161335230 0.003513203 0.999800861 0.019645954 -1.988545299 -0.045935921 -0.019463984 0.998754680 85.011558533
0.998605669 -0.006069152 0.052440293 1.232021809 0.005087271 0.999809682 0.018837009 -1.933576703 -0.052544646 -0.018543966 0.998446405 85.553390503
0.998093963 -0.006482715 0.061370783 1.257698536 0.005289683 0.999794245 0.019582298 -1.973574519 -0.061485123 -0.019220347 0.997922838 86.080253601
0.997435153 -0.006917740 0.071240686 1.321682930 0.005534784 0.999792755 0.019591581 -1.979078054 -0.071361445 -0.019147029 0.997266769 86.620788574
0.996765018 -0.007315167 0.080037452 1.368685722 0.005788873 0.999797285 0.019285193 -1.978951693 -0.080162317 -0.018759482 0.996605277 87.156410217
0.996089160 -0.007323623 0.088049486 1.422885895 0.005617337 0.999791920 0.019610917 -1.988338113 -0.088174790 -0.019039620 0.995922983 87.714355469
0.995122075 -0.006272905 0.098450795 1.514750481 0.004398379 0.999805093 0.019245734 -2.006220341 -0.098552339 -0.018718829 0.994955838 88.223342896
0.994051933 -0.006897723 0.108688563 1.617957592 0.004751928 0.999788880 0.019989250 -1.997245908 -0.108803518 -0.019353872 0.993874848 88.696746826
0.992954612 -0.007438525 0.118261933 1.701018333 0.005153765 0.999794364 0.019613586 -2.006578922 -0.118383504 -0.018865909 0.992788672 89.235733032
0.991599739 -0.007053663 0.129152387 1.794715881 0.004576564 0.999800026 0.019466402 -1.996663570 -0.129263893 -0.018711802 0.991433620 89.778778076
0.989887118 -0.005844756 0.141736776 1.890402794 0.002991169 0.999788702 0.020337706 -2.020634413 -0.141825691 -0.019708075 0.989695370 90.304481506
0.988353908 -0.007055227 0.152009338 2.000248909 0.004170728 0.999805272 0.019286292 -2.017863750 -0.152115792 -0.018427696 0.988190770 90.888412476
0.986812890 -0.006911255 0.161717832 2.095936775 0.003791769 0.999800861 0.019590374 -2.022754669 -0.161821023 -0.018718835 0.986642540 91.444778442
0.984663129 -0.007857976 0.174288988 2.155082703 0.004526779 0.999799550 0.019502366 -1.981613755 -0.174407303 -0.018414292 0.984501362 91.858802795
0.982424200 -0.007398007 0.186515421 2.283729553 0.003786590 0.999798596 0.019711390 -1.989453316 -0.186623678 -0.018658686 0.982254267 92.395698547
0.980315268 -0.008138959 0.197270572 2.410046577 0.004427571 0.999804914 0.019247450 -1.994343281 -0.197388798 -0.017995141 0.980160177 92.930198669
0.977623701 -0.007875516 0.210213840 2.569744110 0.003826969 0.999799430 0.019659033 -2.025930882 -0.210326493 -0.018414656 0.977457762 93.390953064
0.974680662 -0.009371423 0.223404944 2.705162048 0.005111946 0.999794126 0.019636890 -2.012009144 -0.223542988 -0.017997663 0.974527955 93.868682861
0.971782744 -0.009331319 0.235692963 2.810886383 0.004733760 0.999787450 0.020064866 -2.002785683 -0.235830098 -0.018382985 0.971620440 94.408782959
0.968903482 -0.009593650 0.247252911 2.987339020 0.004794398 0.999788404 0.020005058 -2.012132168 -0.247392520 -0.018197544 0.968744516 94.905426025
0.965187788 -0.009962121 0.261367738 3.155134201 0.004801554 0.999780893 0.020375652 -2.023656845 -0.261513412 -0.018411364 0.965024233 95.405944824
0.961489379 -0.008223758 0.274718761 3.339347839 0.002734649 0.999789059 0.020357860 -2.031255007 -0.274828225 -0.018822610 0.961309135 95.914566040
0.958385766 -0.010006870 0.285300732 3.493066788 0.004204075 0.999771833 0.020944424 -2.047293425 -0.285445243 -0.018873414 0.958209217 96.377151489
0.954249322 -0.010488645 0.298828185 3.678104401 0.004299390 0.999762595 0.021361666 -2.048425674 -0.298981220 -0.019099571 0.954067826 96.954772949
0.949633956 -0.010933722 0.313170522 3.876434326 0.004439718 0.999760330 0.021441981 -2.054344177 -0.313329816 -0.018971641 0.949454784 97.471755981
0.945710540 -0.010914833 0.324826807 4.070024490 0.004196332 0.999762774 0.021376710 -2.052747726 -0.324983060 -0.018853094 0.945531905 97.989509583
0.941242874 -0.010985187 0.337552071 4.265054703 0.003971559 0.999761879 0.021461489 -2.060938835 -0.337707400 -0.018859861 0.941062152 98.486724854
0.935808003 -0.009666430 0.352377653 4.494136810 0.002459144 0.999778688 0.020895211 -2.065296173 -0.352501631 -0.018687358 0.935624659 99.040596008
0.931437969 -0.010720780 0.363742173 4.735792160 0.003271779 0.999772251 0.021088781 -2.057690144 -0.363885462 -0.018452805 0.931260824 99.577758789
0.926867306 -0.010731138 0.375235915 4.969699860 0.002929860 0.999767601 0.021354713 -2.062756538 -0.375377893 -0.018693591 0.926683307 100.086357117
0.920963049 -0.010586890 0.389506191 5.210668564 0.002497822 0.999770701 0.021268111 -2.071002960 -0.389642030 -0.018614225 0.920778275 100.589744568
0.915495872 -0.012866973 0.402121663 5.443649292 0.004513493 0.999754131 0.021714130 -2.085169315 -0.402302206 -0.018064221 0.915328681 101.048278809
0.910859585 -0.012922730 0.412514001 5.713241577 0.004200004 0.999748170 0.022044975 -2.099260807 -0.412695020 -0.018347317 0.910684407 101.549102783
0.905000687 -0.012029220 0.425240040 5.912624359 0.003267038 0.999767184 0.021328539 -2.076959372 -0.425397545 -0.017913070 0.904829323 102.074272156
0.898059309 -0.011504756 0.439723760 6.128074646 0.002308272 0.999767542 0.021443266 -2.068597317 -0.439868152 -0.018242327 0.897877038 102.538986206
0.892302871 -0.012593891 0.451261550 6.402202606 0.003555019 0.999775887 0.020872403 -2.066259384 -0.451423287 -0.017020261 0.892147601 103.020660400
0.886617184 -0.012865830 0.462325007 6.676765442 0.003338075 0.999765038 0.021420453 -2.074249029 -0.462491900 -0.017448472 0.886451840 103.506965637
0.878985882 -0.011920172 0.476698875 6.957107544 0.002341877 0.999783337 0.020682057 -2.064389706 -0.476842165 -0.017062865 0.878823280 104.009597778
