1.000000000 0.000000000 0.000000000 0.000000000 0.000000000 1.000000000 0.000000000 0.000000000 0.000000000 0.000000000 1.000000000 0.000000000
1.000000000 0.000207631 -0.000043906 0.000095142 -0.000207635 1.000000000 -0.000087886 0.000438492 0.000043888 0.000087895 1.000000000 -0.000798758
1.000000000 0.000049216 0.000028112 0.000434190 -0.000049216 1.000000000 0.000009263 0.000463433 -0.000028111 -0.000009264 1.000000000 0.000370360
1.000000000 0.000000583 0.000078423 -0.000633381 -0.000000591 1.000000000 0.000106346 -0.000019441 -0.000078423 -0.000106347 1.000000000 -0.000197319
0.999999940 -0.000185211 -0.000164880 0.001676491 0.000185224 1.000000000 0.000078945 -0.001591657 0.000164865 -0.000078976 1.000000000 -0.001206617
1.000000000 -0.000163713 0.000079217 0.000602318 0.000163713 1.000000000 0.000010926 0.000331251 -0.000079219 -0.000010913 1.000000000 0.001125633
1.000000000 0.000055077 0.000103911 -0.000030803 -0.000055070 1.000000000 -0.000066881 0.001654987 -0.000103915 0.000066875 1.000000000 0.003063736
1.000000000 0.000024176 0.000094850 -0.000029590 -0.000024181 1.000000000 0.000050581 -0.000962214 -0.000094849 -0.000050584 1.000000000 -0.001881184
1.000000000 -0.000046244 0.000032143 0.001566861 0.000046250 1.000000000 -0.000177897 0.001880585 -0.000032135 0.000177898 1.000000000 0.001241755
1.000000000 -0.000065585 -0.000169852 0.002717729 0.000065567 1.000000000 -0.000106120 -0.000358944 0.000169859 0.000106109 1.000000000 -0.002493652
1.000000000 -0.000071161 -0.000023690 0.001761970 0.000071160 1.000000000 -0.000046938 0.000420111 0.000023693 0.000046936 1.000000000 -0.000248881
1.000000000 -0.000094152 0.000096345 0.000179829 0.000094156 1.000000000 -0.000044710 -0.000009966 -0.000096341 0.000044719 1.000000000 -0.000237654
1.000000000 -0.000040223 0.000095483 0.000278299 0.000040226 1.000000000 -0.000023103 0.000300875 -0.000095483 0.000023107 1.000000000 0.000133940
1.000000000 -0.000044300 -0.000007503 0.001759577 0.000044300 1.000000000 -0.000008198 0.000124293 0.000007503 0.000008198 1.000000000 -0.001455378
0.999999940 -0.000251464 -0.000128180 0.001406419 0.000251468 0.999999940 0.000031429 -0.000452832 0.000128172 -0.000031462 1.000000000 -0.002410286
1.000000000 -0.000146915 0.000067847 0.000205011 0.000146896 0.999999940 0.000269150 -0.001966263 -0.000067887 -0.000269140 0.999999940 0.000146992
1.000000000 0.000086445 -0.000082126 -0.000131611 -0.000086444 1.000000000 0.000020477 0.000283617 0.000082128 -0.000020469 1.000000000 0.000027449
1.000000000 0.000099627 -0.000096948 0.000823367 -0.000099619 1.000000000 0.000080988 -0.000110033 0.000096956 -0.000080978 1.000000000 -0.001428133
1.000000000 -0.000037273 -0.000100572 0.001412060 0.000037264 1.000000000 -0.000091892 0.001217089 0.000100575 0.000091888 1.000000000 -0.000606622
1.000000000 0.000108807 -0.000022378 0.000355617 -0.000108806 1.000000000 0.000055037 -0.000180487 0.000022384 -0.000055035 1.000000000 0.000140540
1.000000000 -0.000172585 -0.000031340 0.000589465 0.000172586 1.000000000 0.000049073 -0.000108907 0.000031332 -0.000049078 1.000000000 -0.000415772
1.000000000 0.000070642 -0.000086020 0.001976008 -0.000070639 1.000000000 0.000027515 -0.000699009 0.000086022 -0.000027509 1.000000000 -0.001177402
1.000000000 0.000095438 0.000037956 0.000293590 -0.000095444 1.000000000 0.000154661 -0.001029857 -0.000037942 -0.000154664 1.000000000 0.000165538
1.000000000 -0.000006333 -0.000065988 0.001201968 0.000006335 1.000000000 0.000036901 0.000572006 0.000065988 -0.000036901 1.000000000 -0.002162589
1.000000000 -0.000130454 -0.000091356 0.000521868 0.000130452 1.000000000 -0.000025172 0.000243370 0.000091359 0.000025160 1.000000000 -0.002907961
0.999999940 -0.000173983 -0.000195237 0.001380219 0.000173980 1.000000000 -0.000018256 -0.000607836 0.000195240 0.000018222 1.000000000 -0.001195183
0.999999940 0.000242462 0.000101375 -0.001010712 -0.000242464 1.000000000 0.000017372 0.000412232 -0.000101371 -0.000017397 1.000000000 0.000383145
1.000000000 -0.000008353 -0.000193173 0.001317121 0.000008388 1.000000000 0.000178563 -0.001395538 0.000193171 -0.000178565 0.999999940 -0.000387872
1.000000000 -0.000054109 -0.000109256 0.000669493 0.000054119 1.000000000 0.000098049 -0.001076288 0.000109250 -0.000098055 1.000000000 -0.002155927
1.000000000 -0.000168700 -0.000022278 0.000360719 0.000168705 0.999999940 0.000247215 -0.002551168 0.000022236 -0.000247219 0.999999940 -0.001429071
1.000000000 -0.000111305 0.000137175 -0.000398529 0.000111297 1.000000000 0.000057299 -0.000178247 -0.000137181 -0.000057283 1.000000000 -0.001131782
1.000000000 -0.000079481 -0.000022735 0.001348738 0.000079483 1.000000000 0.000053838 -0.001180348 0.000022731 -0.000053840 1.000000000 -0.001022187
1.000000000 -0.000165806 -0.000136316 0.001232669 0.000165822 1.000000000 0.000117333 -0.000570380 0.000136297 -0.000117356 1.000000000 -0.000143000
1.000000000 0.000184758 0.000111065 -0.001163334 -0.000184748 1.000000000 -0.000089770 0.001057897 -0.000111082 0.000089749 1.000000000 0.000316155
1.000000000 0.000034531 -0.000002435 0.000593304 -0.000034531 1.000000000 0.000093877 -0.000392054 0.000002438 -0.000093877 1.000000000 -0.001171562
1.000000000 0.000070830 0.000101968 -0.000671344 -0.000070825 1.000000000 -0.000050833 0.000766275 -0.000101971 0.000050826 1.000000000 0.000078775
1.000000000 -0.000124022 0.000019950 0.000813517 0.000124020 1.000000000 0.000109552 -0.001618804 -0.000019963 -0.000109550 1.000000000 -0.001480844
1.000000000 -0.000075959 -0.000013131 0.000542643 0.000075959 1.000000000 0.000021637 -0.000087776 0.000013129 -0.000021638 1.000000000 -0.001054011
0.999999940 -0.000248795 0.000142753 0.000411493 0.000248816 0.999999940 -0.000146057 0.000279418 -0.000142717 0.000146092 1.000000000 0.001306296
0.999999940 -0.000244586 -0.000013154 0.002509068 0.000244578 0.999999821 -0.000575378 -0.003298393 0.000013294 0.000575375 0.999999821 0.048607588
1.000000000 0.000213128 0.000017581 0.001382741 -0.000213103 0.999999046 -0.001359040 -0.002599279 -0.000017870 0.001359036 0.999999106 0.140107796
1.000000000 0.000152171 -0.000099703 0.005222350 -0.000152312 0.999998987 -0.001406958 -0.008347745 0.000099489 0.001406973 0.999998987 0.253391117
0.999999464 0.000375891 -0.000952545 0.009724800 -0.000377283 0.999998808 -0.001461358 -0.012220503 0.000951995 0.001461716 0.999998450 0.378129184
0.999999464 0.000260695 -0.001031465 0.011607892 -0.000262258 0.999998808 -0.001515283 -0.015440973 0.001031069 0.001515552 0.999998271 0.520288646
0.999999106 0.000593363 -0.001200801 0.015762232 -0.000595127 0.999998748 -0.001469212 -0.019351114 0.001199928 0.001469925 0.999998212 0.672198951
0.999999166 0.000962155 -0.000882671 0.020038998 -0.000963398 0.999998569 -0.001409182 -0.023606408 0.000881314 0.001410031 0.999998629 0.832529962
0.999999106 0.001006631 -0.000887369 0.022676777 -0.001007803 0.999998629 -0.001322046 -0.027861634 0.000886037 0.001322939 0.999998748 1.004559398
0.999999344 0.000828094 -0.000723686 0.027293215 -0.000829012 0.999998868 -0.001269059 -0.032060690 0.000722634 0.001269658 0.999998987 1.182048678
0.999999046 0.000844397 -0.001130998 0.029466290 -0.000845425 0.999999285 -0.000908238 -0.038075235 0.001130230 0.000909193 0.999998987 1.369707108
0.999998391 0.001654701 -0.000710142 0.034589719 -0.001655566 0.999997914 -0.001219318 -0.043660842 0.000708123 0.001220492 0.999999046 1.560894847
0.999999106 0.001193007 -0.000553411 0.025719734 -0.001193302 0.999999166 -0.000533530 -0.050609719 0.000552774 0.000534190 0.999999702 1.755394578
0.999999225 0.001100142 -0.000565370 0.028516775 -0.001100283 0.999999464 -0.000247509 -0.057029705 0.000565098 0.000248131 0.999999821 1.958422780
0.999999583 0.000652238 -0.000550862 0.035354745 -0.000652312 0.999999762 -0.000134832 -0.061017744 0.000550774 0.000135191 0.999999821 2.171594381
0.999998808 0.001457734 -0.000530033 0.035916094 -0.001457931 0.999998868 -0.000371446 -0.070872605 0.000529491 0.000372219 0.999999702 2.387550116
0.999998569 0.001624830 -0.000509659 0.040455304 -0.001625048 0.999998569 -0.000426594 -0.075226359 0.000508965 0.000427422 0.999999762 2.607822418
0.999998450 0.001698103 -0.000480912 0.046735555 -0.001698124 0.999998569 -0.000043667 -0.084999569 0.000480837 0.000044484 0.999999821 2.841525316
0.999997437 0.002277371 -0.000182454 0.046721201 -0.002277474 0.999997258 -0.000562116 -0.084922485 0.000181174 0.000562530 0.999999821 3.082582235
0.999998033 0.001948039 -0.000234944 0.044642266 -0.001948185 0.999997854 -0.000621040 -0.090586014 0.000233734 0.000621496 0.999999762 3.319769859
0.999998450 0.001725480 -0.000144330 0.052113775 -0.001725525 0.999998450 -0.000310190 -0.098685928 0.000143795 0.000310439 0.999999940 3.572052002
0.999998391 0.001792721 -0.000148715 0.055752777 -0.001792813 0.999998212 -0.000620290 -0.102569036 0.000147603 0.000620556 0.999999762 3.826703310
0.999999344 0.001181063 -0.000251934 0.063450858 -0.001181251 0.999999106 -0.000747904 -0.105940573 0.000251050 0.000748201 0.999999702 4.086593628
0.999998808 0.001511923 -0.000165747 0.065783374 -0.001511955 0.999998868 -0.000195181 -0.121542037 0.000165452 0.000195431 0.999999881 4.336024761
0.999999404 0.001086881 -0.000218033 0.073114879 -0.001086948 0.999999404 -0.000309467 -0.127776042 0.000217696 0.000309703 0.999999821 4.594390392
0.999999821 0.000703415 -0.000332010 0.082006581 -0.000703381 0.999999821 0.000104749 -0.138042584 0.000332083 -0.000104515 0.999999881 4.853635311
0.999999046 0.001365470 0.000199896 0.081750765 -0.001365449 0.999998987 -0.000108009 -0.142461076 -0.000200043 0.000107735 1.000000000 5.128593922
0.999999046 0.001423678 -0.000022252 0.087783553 -0.001423686 0.999998927 -0.000400677 -0.147162691 0.000021682 0.000400708 0.999999940 5.399438858
0.999999404 0.001069630 0.000223992 0.092126638 -0.001069595 0.999999404 -0.000155911 -0.160427973 -0.000224159 0.000155671 0.999999940 5.668347359
0.999999821 0.000577689 0.000044129 0.097533256 -0.000577698 0.999999762 0.000196099 -0.171806201 -0.000044015 -0.000196125 0.999999940 5.935118198
0.999999404 0.001088928 0.000344233 0.102290146 -0.001088849 0.999999404 -0.000229174 -0.177080348 -0.000344482 0.000228799 0.999999881 6.216936588
0.999999166 0.001276001 0.000211937 0.107525371 -0.001276001 0.999999166 -0.000004202 -0.187129602 -0.000211942 0.000003932 0.999999940 6.500185966
0.999999642 0.000786532 -0.000280644 0.120386906 -0.000786524 0.999999642 0.000030981 -0.192331851 0.000280669 -0.000030760 1.000000000 6.793975353
0.999998808 0.001292805 0.000912886 0.117546320 -0.001292363 0.999999046 -0.000484700 -0.196430236 -0.000913511 0.000483520 0.999999464 7.094896793
0.999999940 0.000240778 -0.000290906 0.130765557 -0.000240646 0.999999881 0.000451220 -0.222321525 0.000291015 -0.000451150 0.999999881 7.409073353
0.999999702 0.000627526 0.000302151 0.132033348 -0.000627636 0.999999762 0.000364857 -0.231104866 -0.000301922 -0.000365047 0.999999821 7.718106270
0.999999523 0.000690637 0.000629032 0.134106383 -0.000691097 0.999999523 0.000730316 -0.240534052 -0.000628527 -0.000730751 0.999999523 8.033777237
0.999999642 0.000761007 0.000326712 0.142433688 -0.000761245 0.999999404 0.000727640 -0.251757354 -0.000326159 -0.000727888 0.999999702 8.357272148
0.999999523 0.000876875 0.000456046 0.146267384 -0.000877187 0.999999404 0.000684417 -0.260521740 -0.000455445 -0.000684817 0.999999583 8.680811882
0.999999523 0.000386299 0.000917228 0.148511291 -0.000387158 0.999999464 0.000936207 -0.270211786 -0.000916866 -0.000936561 0.999999166 9.025798798
0.999999404 0.000707111 0.000776156 0.159147725 -0.000707815 0.999999344 0.000906674 -0.279314041 -0.000775515 -0.000907223 0.999999285 9.359911919
0.999999523 0.000684298 0.000698297 0.166618139 -0.000684848 0.999999464 0.000788309 -0.288409531 -0.000697757 -0.000788787 0.999999464 9.714552879
0.999999464 0.000895833 0.000641789 0.174238771 -0.000896129 0.999999523 0.000461809 -0.295996279 -0.000641375 -0.000462384 0.999999762 10.059449196
0.999999583 0.000774401 0.000539175 0.183785424 -0.000774601 0.999999642 0.000371929 -0.304964423 -0.000538887 -0.000372346 0.999999702 10.420575142
0.999999702 0.000228853 0.000769001 0.187762827 -0.000229755 0.999999225 0.001172100 -0.321837902 -0.000768733 -0.001172276 0.999999046 10.775139809
0.999998927 0.001036788 0.001056433 0.192009926 -0.001037613 0.999999166 0.000780644 -0.323494613 -0.001055623 -0.000781739 0.999999225 11.142902374
0.999999046 0.000660699 0.001234292 0.198312819 -0.000661913 0.999999285 0.000983355 -0.341764838 -0.001233641 -0.000984171 0.999998689 11.519393921
0.999999106 0.000104486 0.001266032 0.207341045 -0.000105791 0.999999464 0.001030805 -0.348288298 -0.001265923 -0.001030938 0.999998689 11.911098480
0.999999583 -0.000539776 0.000641246 0.220599234 0.000539168 0.999999344 0.000948272 -0.361817271 -0.000641758 -0.000947927 0.999999404 12.295165062
0.999999344 -0.000108960 0.001132801 0.227843255 0.000107479 0.999999166 0.001306918 -0.376052141 -0.001132942 -0.001306795 0.999998510 12.677634239
0.999998629 0.000327149 0.001589358 0.228531048 -0.000329146 0.999999166 0.001256511 -0.383607388 -0.001588945 -0.001257032 0.999997973 13.077434540
0.999999046 0.000225020 0.001375343 0.238215983 -0.000226657 0.999999285 0.001190318 -0.394700706 -0.001375074 -0.001190629 0.999998331 13.474193573
0.999998569 -0.000259901 0.001670219 0.248258010 0.000257852 0.999999344 0.001226919 -0.405103236 -0.001670536 -0.001226486 0.999997795 13.887863159
0.999998450 0.000103696 0.001762828 0.255485475 -0.000105801 0.999999285 0.001194500 -0.414655417 -0.001762703 -0.001194684 0.999997735 14.305602074
0.999998748 0.000211445 0.001595007 0.267138690 -0.000213653 0.999998987 0.001384525 -0.430726618 -0.001594713 -0.001384864 0.999997735 14.729089737
0.999996126 0.000497561 0.002749501 0.267946243 -0.000501638 0.999998868 0.001482330 -0.441337049 -0.002748760 -0.001483704 0.999995112 15.154853821
0.999996185 0.000556460 0.002693734 0.282370657 -0.000560223 0.999998868 0.001396417 -0.452474952 -0.002692954 -0.001397921 0.999995410 15.588932991
0.999994755 0.000658016 0.003174323 0.289996028 -0.000663861 0.999998093 0.001840476 -0.471300721 -0.003173106 -0.001842574 0.999993265 16.031522751
0.999994814 0.000562402 0.003175217 0.302499115 -0.000567950 0.999998331 0.001746678 -0.478734225 -0.003174230 -0.001748472 0.999993384 16.483463287
0.999995530 0.000495370 0.002967570 0.311695546 -0.000500273 0.999998569 0.001651668 -0.492172241 -0.002966747 -0.001653145 0.999994218 16.932296753
0.999991477 0.000983496 0.004011005 0.316935509 -0.000989476 0.999998450 0.001489185 -0.498862118 -0.004009534 -0.001493141 0.999990821 17.400526047
0.999990165 0.000391747 0.004421897 0.328290522 -0.000400198 0.999998033 0.001910558 -0.519033670 -0.004421140 -0.001912309 0.999988317 17.842039108
0.999987781 0.000707188 0.004906457 0.335660517 -0.000716497 0.999997914 0.001895694 -0.532757819 -0.004905107 -0.001899186 0.999986172 18.307834625
0.999989629 0.000681372 0.004505382 0.361971319 -0.000687513 0.999998808 0.001361660 -0.539262176 -0.004504449 -0.001364743 0.999988914 18.783397675
0.999990702 0.000667431 0.004271573 0.375289232 -0.000674408 0.999998391 0.001632005 -0.554370701 -0.004270477 -0.001634871 0.999989569 19.245279312
0.999986529 0.000888834 0.005111259 0.381561935 -0.000896312 0.999998510 0.001460981 -0.565311670 -0.005109954 -0.001465543 0.999985814 19.752292633
0.999987006 0.001513311 0.004876348 0.392027438 -0.001522118 0.999997258 0.001802816 -0.578877211 -0.004873606 -0.001810215 0.999986470 20.241228104
0.999989033 0.000786879 0.004610573 0.412630796 -0.000798152 0.999996662 0.002443556 -0.606162250 -0.004608635 -0.002447208 0.999986410 20.695487976
0.999990940 0.000939471 0.004146814 0.426750541 -0.000949346 0.999996722 0.002380175 -0.620598257 -0.004144564 -0.002384090 0.999988556 21.190410614
0.999993801 0.000442426 0.003500713 0.440877706 -0.000451758 0.999996305 0.002665509 -0.631581128 -0.003499521 -0.002667074 0.999990344 21.710090637
0.999995410 0.001054550 0.002837399 0.453772992 -0.001063159 0.999994755 0.003034049 -0.648849308 -0.002834185 -0.003037051 0.999991357 22.227880478
0.999994993 0.001130355 0.002952427 0.459772676 -0.001137374 0.999996543 0.002376639 -0.657009721 -0.002949731 -0.002379985 0.999992788 22.709489822
0.999997675 0.000844839 0.001989368 0.471359521 -0.000850633 0.999995410 0.002913366 -0.680088639 -0.001986898 -0.002915052 0.999993742 23.212816238
0.999999344 -0.000210684 0.001091061 0.481928468 0.000207681 0.999996185 0.002752134 -0.693246901 -0.001091637 -0.002751906 0.999995589 23.742172241
0.999999046 -0.000561110 0.001247957 0.486367077 0.000559657 0.999999106 0.001163899 -0.692081392 -0.001248610 -0.001163200 0.999998510 24.286426544
0.999999404 0.000496523 0.000977241 0.493768215 -0.000498489 0.999997795 0.002012483 -0.709279716 -0.000976240 -0.002012968 0.999997497 24.816158295
0.999998569 0.001546248 0.000679398 0.496324331 -0.001547752 0.999996364 0.002218917 -0.723594010 -0.000675964 -0.002219966 0.999997318 25.353353500
0.999998391 0.001676580 0.000594686 0.500974894 -0.001678121 0.999995291 0.002599435 -0.738644183 -0.000590325 -0.002600429 0.999996483 25.892974854
0.999996364 0.002580853 0.000643600 0.503823817 -0.002582307 0.999994099 0.002267175 -0.749817789 -0.000637745 -0.002268829 0.999997258 26.438097000
0.999999583 0.000004766 -0.000882591 0.523325741 -0.000002202 0.999995768 0.002904813 -0.770233870 0.000882601 -0.002904810 0.999995410 26.972909927
0.999998629 -0.000568885 -0.001538381 0.541119933 0.000572516 0.999997020 0.002360475 -0.779679596 0.001537033 -0.002361352 0.999996066 27.524984360
0.999998927 -0.000173227 -0.001437462 0.538310528 0.000175967 0.999998152 0.001906140 -0.793400824 0.001437129 -0.001906391 0.999997199 28.097396851
0.999996901 0.000650047 -0.002413457 0.553358316 -0.000642151 0.999994457 0.003270757 -0.816880822 0.002415570 -0.003269197 0.999991655 28.602167130
0.999996305 0.000053772 -0.002716366 0.563204765 -0.000046229 0.999996185 0.002777083 -0.825932741 0.002716504 -0.002776948 0.999992430 29.151073456
0.999995887 0.000752199 -0.002784015 0.573202074 -0.000744115 0.999995470 0.002903719 -0.839870036 0.002786187 -0.002901635 0.999991953 29.705011368
0.999995112 0.001296760 -0.002852130 0.576855719 -0.001285396 0.999991238 0.003982527 -0.868779063 0.002857269 -0.003978841 0.999988019 30.221658707
0.999996006 0.001776400 -0.002227981 0.584819198 -0.001768416 0.999992013 0.003580276 -0.885629356 0.002234323 -0.003576322 0.999991119 30.755727768
0.999993265 0.001261465 -0.003443319 0.601073623 -0.001250666 0.999994218 0.003136793 -0.889709294 0.003447256 -0.003132465 0.999989092 31.301389694
0.999994636 0.001280912 -0.003031595 0.600319386 -0.001270883 0.999993742 0.003307816 -0.899776042 0.003035812 -0.003303946 0.999989927 31.848764420
0.999992371 0.000881863 -0.003810591 0.618710518 -0.000870709 0.999995351 0.002927874 -0.912380040 0.003813155 -0.002924534 0.999988377 32.403198242
0.999990642 0.000886329 -0.004215905 0.626135111 -0.000873846 0.999995232 0.002961829 -0.924332678 0.004218509 -0.002958117 0.999986708 32.939167023
0.999986768 0.001009887 -0.005023103 0.635499120 -0.000993457 0.999994159 0.003272222 -0.942098975 0.005026379 -0.003267189 0.999981999 33.495567322
0.999990225 0.001197212 -0.004256269 0.639552593 -0.001184316 0.999994695 0.003030944 -0.951916575 0.004259874 -0.003025873 0.999986351 34.030391693
0.999988496 0.001224727 -0.004642345 0.647961795 -0.001211885 0.999995530 0.002768036 -0.960959017 0.004645714 -0.002762379 0.999985397 34.575756073
0.999988079 0.001007074 -0.004772402 0.658931851 -0.000992590 0.999994874 0.003036218 -0.975732148 0.004775435 -0.003031445 0.999984026 35.127750397
0.999988794 0.001059868 -0.004582261 0.661982298 -0.001048102 0.999996185 0.002569479 -0.984562993 0.004584967 -0.002564647 0.999986231 35.678073883
0.999987185 0.000612580 -0.005022254 0.675885737 -0.000597400 0.999995172 0.003023570 -1.004955411 0.005024082 -0.003020531 0.999982834 36.212173462
0.999988556 0.001721446 -0.004468259 0.679107428 -0.001706833 0.999993145 0.003272119 -1.017179966 0.004473861 -0.003264455 0.999984682 36.761798859
0.999986649 0.000496917 -0.005141312 0.691304326 -0.000481566 0.999995351 0.002986607 -1.028022170 0.005142773 -0.002984091 0.999982297 37.298885345
0.999985933 0.001094556 -0.005186374 0.697840571 -0.001082906 0.999996781 0.002248464 -1.033768535 0.005188820 -0.002242816 0.999984026 37.854297638
0.999985158 0.000875283 -0.005375211 0.705902040 -0.000859325 0.999995232 0.002970383 -1.060250282 0.005377784 -0.002965719 0.999981165 38.395618439
0.999983132 0.000543509 -0.005776407 0.713878214 -0.000526887 0.999995708 0.002878790 -1.071032405 0.005777947 -0.002875698 0.999979198 38.932037354
0.999982059 0.000659538 -0.005960912 0.717207432 -0.000644796 0.999996722 0.002474666 -1.083800435 0.005962525 -0.002470777 0.999979258 39.479064941
0.999982417 0.000657393 -0.005890467 0.728558838 -0.000638005 0.999994397 0.003292696 -1.101199150 0.005892599 -0.003288881 0.999977231 40.008331299
0.999984384 0.000795062 -0.005522872 0.735988677 -0.000778993 0.999995530 0.002911143 -1.112976193 0.005525161 -0.002906795 0.999980509 40.545902252
0.999979556 0.000563411 -0.006368257 0.745157599 -0.000545454 0.999995887 0.002821044 -1.123139620 0.006369820 -0.002817513 0.999975681 41.099025726
0.999974668 -0.000023628 -0.007114273 0.756268024 0.000047997 0.999994099 0.003425301 -1.137039185 0.007114151 -0.003425556 0.999968827 41.648487091
0.999979734 -0.000059979 -0.006354749 0.756497383 0.000076100 0.999996722 0.002536751 -1.148231268 0.006354577 -0.002537184 0.999976575 42.196212769
0.999979019 0.000889300 -0.006408108 0.769111514 -0.000874241 0.999996781 0.002352551 -1.156848192 0.006410180 -0.002346899 0.999976635 42.737663269
0.999976814 0.000750077 -0.006767084 0.775381386 -0.000733444 0.999996662 0.002460085 -1.166391850 0.006768906 -0.002455064 0.999974072 43.299030304
0.999979615 0.000154932 -0.006405069 0.772852302 -0.000139732 0.999997199 0.002373460 -1.189683557 0.006405418 -0.002372516 0.999976695 43.831352234
0.999980748 0.000437546 -0.006203481 0.776304960 -0.000424921 0.999997795 0.002036288 -1.200773835 0.006204359 -0.002033613 0.999978781 44.369583130
0.999976993 -0.000127818 -0.006783756 0.790988505 0.000141752 0.999997854 0.002053557 -1.207623482 0.006783480 -0.002054471 0.999974906 44.914119720
0.999979198 -0.000368057 -0.006427593 0.798103333 0.000385287 0.999996364 0.002679670 -1.228297710 0.006426583 -0.002682091 0.999975741 45.463043213
0.999979317 0.000010702 -0.006416861 0.809930682 0.000005113 0.999996960 0.002464596 -1.237631202 0.006416867 -0.002464577 0.999976397 46.014431000
0.999976575 -0.000555744 -0.006822753 0.810824633 0.000570731 0.999997437 0.002194935 -1.253947973 0.006821516 -0.002198778 0.999974251 46.547180176
0.999974489 -0.000533180 -0.007120899 0.815025687 0.000547327 0.999997914 0.001984818 -1.263737082 0.007119826 -0.001988665 0.999972641 47.095157623
0.999973178 -0.001202734 -0.007215302 0.821218789 0.001218554 0.999996781 0.002188616 -1.277350307 0.007212648 -0.002197350 0.999971569 47.638702393
0.999976516 -0.000382641 -0.006836809 0.825363457 0.000397152 0.999997675 0.002121189 -1.291723609 0.006835981 -0.002123855 0.999974370 48.189399719
0.999978960 -0.000004908 -0.006484516 0.834450245 0.000019605 0.999997497 0.002266327 -1.307137728 0.006484489 -0.002266407 0.999976397 48.728485107
0.999974668 -0.000666337 -0.007088026 0.851138592 0.000681565 0.999997437 0.002146189 -1.320772409 0.007086578 -0.002150965 0.999972582 49.274463654
0.999976218 -0.000396510 -0.006895789 0.851575673 0.000407879 0.999998510 0.001647333 -1.329841375 0.006895126 -0.001650107 0.999974906 49.818996429
0.999978065 -0.000030354 -0.006619874 0.858095765 0.000042765 0.999998391 0.001874583 -1.343391180 0.006619805 -0.001874825 0.999976337 50.358398438
0.999975920 -0.000451653 -0.006928414 0.868254423 0.000465530 0.999997854 0.002001428 -1.357613564 0.006927495 -0.002004605 0.999974012 50.912368774
0.999973953 -0.000771895 -0.007169414 0.879509985 0.000785326 0.999997914 0.001870725 -1.369334102 0.007167954 -0.001876306 0.999972522 51.464572906
0.999975860 -0.000913564 -0.006887720 0.879749060 0.000925160 0.999998152 0.001680475 -1.384084940 0.006886174 -0.001686807 0.999974847 51.997047424
0.999975204 -0.001245621 -0.006943567 0.891430855 0.001255825 0.999998152 0.001465373 -1.401139498 0.006941729 -0.001474057 0.999974787 52.538467407
0.999977112 -0.000275031 -0.006764329 0.895387053 0.000284062 0.999999046 0.001334158 -1.408691883 0.006763956 -0.001336049 0.999976218 53.090866089
0.999971509 -0.001011737 -0.007479073 0.910475731 0.001023982 0.999998093 0.001633598 -1.425169349 0.007477406 -0.001641209 0.999970675 53.636085510
0.999973416 -0.000503907 -0.007270882 0.913385749 0.000512220 0.999999225 0.001141490 -1.435824871 0.007270301 -0.001145184 0.999972939 54.168792725
0.999972761 -0.000689506 -0.007345118 0.921432495 0.000699881 0.999998748 0.001410026 -1.450012445 0.007344136 -0.001415128 0.999972045 54.713237762
0.999967456 -0.001619983 -0.007901019 0.931331038 0.001635325 0.999996841 0.001935687 -1.474637628 0.007897858 -0.001948545 0.999966919 55.251567841
0.999973536 -0.000932127 -0.007214487 0.932695866 0.000940561 0.999998987 0.001165732 -1.475266337 0.007213394 -0.001172488 0.999973297 55.796985626
0.999974310 -0.000746735 -0.007129536 0.932900727 0.000754804 0.999999046 0.001129179 -1.489913940 0.007128688 -0.001134531 0.999973953 56.333023071
0.999978483 -0.000329086 -0.006554530 0.940937877 0.000338701 0.999998927 0.001465752 -1.514914036 0.006554042 -0.001467941 0.999977410 56.862632751
0.999974251 -0.000109053 -0.007169899 0.948111057 0.000120664 0.999998689 0.001618880 -1.523054361 0.007169714 -0.001619704 0.999972999 57.432003021
0.999973357 0.000101170 -0.007294160 0.955889046 -0.000092952 0.999999285 0.001127050 -1.537624598 0.007294269 -0.001126341 0.999972761 57.976654053
0.999976218 0.000001190 -0.006897212 0.962465405 0.000002806 0.999999821 0.000579397 -1.546411872 0.006897210 -0.000579403 0.999975979 58.515182495
0.999978721 0.000132232 -0.006514541 0.959323049 -0.000127930 0.999999702 0.000660783 -1.558747172 0.006514627 -0.000659936 0.999978542 59.058277130
0.999976039 0.000043130 -0.006916956 0.969287992 -0.000042245 0.999999940 0.000128171 -1.574460030 0.006916961 -0.000127876 0.999976039 59.601688385
0.999974430 -0.000022165 -0.007155066 0.980196357 0.000024430 0.999999940 0.000316528 -1.587426305 0.007155057 -0.000316695 0.999974310 60.144554138
0.999975562 -0.000066818 -0.006989450 0.983477831 0.000069094 0.999999881 0.000325372 -1.598867297 0.006989428 -0.000325847 0.999975443 60.697422028
0.999975324 -0.000161694 -0.007027575 0.998654544 0.000163546 0.999999881 0.000262966 -1.611973643 0.007027532 -0.000264109 0.999975204 61.244136810
0.999976814 0.000688769 -0.006771774 0.993075609 -0.000686288 0.999999642 0.000368785 -1.627827764 0.006772025 -0.000364129 0.999976993 61.781707764
0.999976635 0.000633948 -0.006795841 0.998445272 -0.000632460 0.999999762 0.000221068 -1.640730262 0.006795982 -0.000216765 0.999976814 62.323505402
0.999978960 0.000625975 -0.006450251 1.003179789 -0.000622935 0.999999702 0.000473330 -1.658401966 0.006450546 -0.000469302 0.999979019 62.867759705
0.999979556 0.000328674 -0.006372248 1.005015135 -0.000328725 0.999999940 -0.000007049 -1.666561365 0.006372243 0.000009143 0.999979615 63.412624359
0.999979436 0.001107883 -0.006313386 1.010970831 -0.001109099 0.999999285 -0.000189127 -1.682707191 0.006313172 0.000196126 0.999980032 63.954441071
0.999979079 0.001168649 -0.006379442 1.021539092 -0.001168533 0.999999344 0.000021952 -1.698541880 0.006379462 -0.000014497 0.999979675 64.494186401
0.999976277 0.000551475 -0.006863137 1.031003952 -0.000551868 0.999999881 -0.000055485 -1.709895730 0.006863105 0.000059271 0.999976456 65.035789490
0.999980152 0.002081194 -0.005944776 1.027982712 -0.002077250 0.999997556 0.000669664 -1.733694792 0.005946154 -0.000657302 0.999982119 65.584960938
0.999982834 0.002286548 -0.005395853 1.029510975 -0.002286287 0.999997377 0.000054530 -1.742581010 0.005395962 -0.000042193 0.999985456 66.127449036
0.999982536 0.000477690 -0.005892827 1.040130615 -0.000477503 0.999999881 0.000033222 -1.757358432 0.005892842 -0.000030407 0.999982655 66.674667358
0.999984086 0.001002813 -0.005548323 1.045745134 -0.001001027 0.999999464 0.000324708 -1.774082303 0.005548646 -0.000319149 0.999984503 67.223091125
0.999983609 0.001701567 -0.005459950 1.048853397 -0.001700076 0.999998510 0.000277717 -1.787417412 0.005460415 -0.000268430 0.999985039 67.770973206
0.999983609 0.001209196 -0.005599590 1.060860038 -0.001207800 0.999999225 0.000252599 -1.810144663 0.005599891 -0.000245832 0.999984205 68.298210144
0.999981344 0.001591527 -0.005896193 1.073864579 -0.001589259 0.999998689 0.000389227 -1.824463964 0.005896807 -0.000379849 0.999982476 68.834213257
0.999981225 0.001698138 -0.005884313 1.075259566 -0.001695756 0.999998450 0.000409696 -1.839510322 0.005884999 -0.000399710 0.999982595 69.377578735
0.999985099 0.001727584 -0.005201989 1.074350834 -0.001727515 0.999998510 0.000017748 -1.847734571 0.005202013 -0.000008761 0.999986470 69.926116943
0.999984682 0.000889798 -0.005454951 1.089632034 -0.000891515 0.999999523 -0.000312484 -1.858783484 0.005454671 0.000317342 0.999985099 70.479209900
0.999982715 0.000933949 -0.005797943 1.098831534 -0.000936024 0.999999523 -0.000355205 -1.877812028 0.005797609 0.000360626 0.999983072 71.018493652
0.999986172 0.001213214 -0.005116854 1.102642775 -0.001216580 0.999999046 -0.000654858 -1.892359018 0.005116054 0.000661074 0.999986708 71.564376831
0.999985158 0.001197260 -0.005300166 1.112439156 -0.001200097 0.999999106 -0.000532151 -1.906953216 0.005299524 0.000538504 0.999985814 72.104850769
0.999984860 0.000862925 -0.005434918 1.119362712 -0.000865653 0.999999523 -0.000499726 -1.923049092 0.005434484 0.000504423 0.999985099 72.644676208
0.999985933 0.001241656 -0.005163289 1.122198224 -0.001237311 0.999998987 0.000844637 -1.946978331 0.005164333 -0.000838236 0.999986291 73.199485779
0.999985456 0.000438728 -0.005360070 1.132406950 -0.000442067 0.999999642 -0.000621800 -1.948478460 0.005359795 0.000624160 0.999985456 73.719848633
0.999982417 0.001900966 -0.005616651 1.137323260 -0.001896402 0.999997795 0.000817773 -1.977515697 0.005618194 -0.000807108 0.999983907 74.253097534
0.999984086 0.000733774 -0.005596465 1.155624986 -0.000735701 0.999999762 -0.000342267 -1.980139613 0.005596212 0.000346380 0.999984264 74.793945312
0.999985576 0.000798028 -0.005294992 1.147442937 -0.000802623 0.999999225 -0.000865494 -1.988778949 0.005294294 0.000869732 0.999985576 75.332771301
0.999981761 -0.000092021 -0.006037338 1.178675294 0.000088155 0.999999702 -0.000640746 -2.010777950 0.006037396 0.000640202 0.999981523 75.861213684
0.999982476 0.000050414 -0.005919273 1.182251096 -0.000055730 0.999999523 -0.000897965 -2.021584511 0.005919223 0.000898279 0.999982059 76.414405823
0.999982774 0.000474668 -0.005854400 1.191035986 -0.000479262 0.999999523 -0.000783439 -2.040591717 0.005854028 0.000786231 0.999982536 76.955047607
0.999979854 -0.000044724 -0.006356840 1.205673814 0.000034415 0.999998689 -0.001621833 -2.050118446 0.006356905 0.001621582 0.999978483 77.492034912
0.999981105 -0.000003293 -0.006168458 1.202244520 -0.000001569 0.999999642 -0.000788371 -2.070840597 0.006168462 0.000788366 0.999980688 78.022956848
0.999981344 0.000382219 -0.006090881 1.209766865 -0.000389038 0.999999285 -0.001118476 -2.085987329 0.006090450 0.001120825 0.999980748 78.566528320
0.999979973 -0.000463274 -0.006313607 1.223025799 0.000455225 0.999999106 -0.001276319 -2.094599962 0.006314196 0.001273419 0.999979258 79.115341187
0.999978900 0.000120226 -0.006492398 1.224710107 -0.000130827 0.999998629 -0.001632374 -2.106031895 0.006492192 0.001633189 0.999977529 79.677482605
0.999984622 -0.000283648 -0.005542689 1.231732368 0.000276152 0.999999046 -0.001353085 -2.128450394 0.005543068 0.001351533 0.999983728 80.198150635
0.999988496 -0.000577189 -0.004758227 1.243629694 0.000572263 0.999999285 -0.001036486 -2.144982815 0.004758821 0.001033751 0.999988139 80.735404968
0.999992728 0.000252136 -0.003798097 1.258111000 -0.000255930 0.999999464 -0.000998457 -2.160980701 0.003797843 0.000999421 0.999992251 81.284530640
0.999996901 -0.000123409 -0.002475361 1.265852690 0.000121300 0.999999583 -0.000852443 -2.177527189 0.002475466 0.000852140 0.999996603 81.820907593
0.999998987 -0.000949700 -0.001070820 1.275305986 0.000948601 0.999999046 -0.001026760 -2.192892313 0.001071794 0.001025744 0.999998927 82.363929749
0.999997616 -0.001058523 0.001915065 1.293369651 0.001062005 0.999997795 -0.001817805 -2.205028772 -0.001913137 0.001819834 0.999996543 82.910636902
0.999984205 -0.000780111 0.005570038 1.311205745 0.000788885 0.999998450 -0.001573251 -2.215033293 -0.005568802 0.001577620 0.999983251 83.460525513
0.999962747 -0.000712618 0.008601919 1.325477362 0.000724870 0.999998689 -0.001421246 -2.237485647 -0.008600895 0.001427428 0.999961972 84.003379822
0.999909997 -0.000369867 0.013407918 1.346527219 0.000385282 0.999999285 -0.001147147 -2.255247355 -0.013407483 0.001152210 0.999909461 84.547592163
0.999811769 -0.000331832 0.019400135 1.375723124 0.000367686 0.999998212 -0.001844588 -2.262995958 -0.019399488 0.001851374 0.999810100 85.099151611
0.999685466 -0.000494251 0.025074366 1.407544971 0.000532814 0.999998689 -0.001531285 -2.283790827 -0.025073577 0.001544163 0.999684393 85.651939392
0.999527276 -0.000658352 0.030737020 1.437104344 0.000697259 0.999998987 -0.001255089 -2.302059889 -0.030736163 0.001275928 0.999526739 86.189750671
0.999256790 -0.000889857 0.038536731 1.476434827 0.000954713 0.999998152 -0.001664607 -2.308283329 -0.038535178 0.001700161 0.999255776 86.757369995
0.998908460 -0.001270289 0.046696175 1.525423527 0.001346694 0.999997795 -0.001604781 -2.328042746 -0.046694037 0.001665915 0.998907804 87.309509277
0.998563230 -0.001378226 0.053568199 1.566667557 0.001451126 0.999998093 -0.001322021 -2.344316959 -0.053566273 0.001397856 0.998563230 87.853660583
0.998029113 -0.001218267 0.062741555 1.615504503 0.001297041 0.999998450 -0.001214821 -2.360211849 -0.062739983 0.001293805 0.998028994 88.384292603
0.997383773 -0.001408417 0.072274268 1.681172848 0.001500326 0.999998093 -0.001217394 -2.378453255 -0.072272412 0.001322644 0.997384191 88.942443848
0.996713936 -0.001440569 0.080989823 1.741457462 0.001531817 0.999998212 -0.001064539 -2.391760826 -0.080988146 0.001185103 0.996714473 89.503860474
0.996018052 -0.001698109 0.089134753 1.803340435 0.001787032 0.999997973 -0.000917834 -2.420602798 -0.089133017 0.001073466 0.996019125 90.073883057
0.994967043 -0.001779728 0.100186102 1.875623226 0.001903491 0.999997556 -0.001139753 -2.429232359 -0.100183800 0.001324720 0.994968057 90.614173889
0.993823409 -0.001777183 0.110958189 1.948801994 0.001884074 0.999997854 -0.000858507 -2.448381901 -0.110956430 0.001062258 0.993824661 91.154769897
0.992960572 -0.003060865 0.118405931 2.062484741 0.003207568 0.999994278 -0.001048430 -2.460394144 -0.118402049 0.001420845 0.992964745 91.728935242
0.991377890 -0.002726183 0.131004632 2.140574455 0.002871125 0.999995470 -0.000917527 -2.471068859 -0.131001547 0.001285747 0.991381347 92.272399902
0.989691913 -0.002428837 0.143192232 2.237133980 0.002679324 0.999995172 -0.001556507 -2.483026981 -0.143187761 0.001924121 0.989693701 92.825744629
0.988061905 -0.003184472 0.154024467 2.338535309 0.003331173 0.999994218 -0.000694374 -2.508327961 -0.154021353 0.001199167 0.988066792 93.367576599
0.986407459 -0.003832455 0.164273024 2.445933342 0.004097004 0.999990821 -0.001271638 -2.514046431 -0.164266646 0.001927380 0.986414075 93.905227661
0.984074473 -0.003264408 0.177726284 2.546875000 0.003524585 0.999993145 -0.001148224 -2.522133589 -0.177721307 0.001756350 0.984079242 94.425460815
0.982103050 -0.004550378 0.188289449 2.705803871 0.004774664 0.999988317 -0.000737622 -2.542856216 -0.188283890 0.001623439 0.982113302 94.990501404
0.980167150 -0.004601405 0.198119238 2.833758354 0.004774896 0.999988556 -0.000397967 -2.559608459 -0.198115125 0.001336073 0.980177820 95.510551453
0.977350235 -0.004778497 0.211574316 2.950593948 0.004864608 0.999988198 0.000113503 -2.582561970 -0.211572349 0.000918293 0.977361977 95.968215942
0.973908484 -0.004445487 0.226897582 3.085723877 0.004825123 0.999987721 -0.001118546 -2.575851440 -0.226889819 0.002184171 0.973917961 96.573928833
0.971192896 -0.003771928 0.238264665 3.223636627 0.003926637 0.999992311 -0.000174697 -2.599817038 -0.238262147 0.001105244 0.971200228 97.109031677
0.968215406 -0.004640177 0.250075251 3.384666443 0.005017499 0.999986947 -0.000871343 -2.606114864 -0.250067979 0.002098399 0.968226075 97.600219727
0.964619398 -0.003913288 0.263617277 3.557447433 0.004282822 0.999990463 -0.000827119 -2.624854565 -0.263611585 0.001926881 0.964626968 98.140495300
0.961076558 -0.004007618 0.276252985 3.724880219 0.004242487 0.999990880 -0.000252567 -2.642462492 -0.276249468 0.001414736 0.961084902 98.670021057
0.957676172 -0.004561304 0.287811786 3.897367477 0.005014394 0.999987006 -0.000837075 -2.649814844 -0.287804216 0.002244848 0.957686663 99.195243835
0.953893602 -0.006547453 0.300073504 4.121011734 0.006987718 0.999975502 -0.000394061 -2.681050062 -0.300063610 0.002472722 0.953915954 99.733428955
0.949524105 -0.007074084 0.313614458 4.322607040 0.007833968 0.999968648 -0.001162830 -2.694002390 -0.313596368 0.003560981 0.949549675 100.246528625
0.945469677 -0.007708104 0.325618863 4.514310837 0.008406249 0.999964356 -0.000737134 -2.701081753 -0.325601608 0.003434172 0.945500851 100.753364563
0.941077113 -0.007768961 0.338102460 4.715042114 0.008278008 0.999965727 -0.000063737 -2.727647066 -0.338090360 0.002858796 0.941109359 101.252883911
0.935406208 -0.007214702 0.353501320 4.937719345 0.007718790 0.999970198 -0.000016169 -2.744263411 -0.353490651 0.002743727 0.935433984 101.783546448
0.930655718 -0.007562302 0.365818053 5.152643204 0.007808810 0.999969184 0.000805746 -2.764555693 -0.365812927 0.002106731 0.930685997 102.286155701
0.926060319 -0.008190545 0.377286613 5.378131866 0.008613295 0.999962747 0.000566706 -2.779129028 -0.377277195 0.002724877 0.926096380 102.797088623
0.920155823 -0.009011981 0.391448617 5.625350952 0.009911099 0.999950826 -0.000276457 -2.770708084 -0.391426831 0.004134069 0.920199931 103.309852600
0.914474189 -0.009050610 0.404542953 5.871864319 0.010170507 0.999948084 -0.000619279 -2.778332949 -0.404516429 0.004680722 0.914518774 103.808609009
0.909658730 -0.009671959 0.415243864 6.122425079 0.010895211 0.999940515 -0.000576865 -2.794831753 -0.415213525 0.005048919 0.909709990 104.288879395
0.903292358 -0.009892303 0.428911418 6.387008667 0.010911197 0.999940395 0.000083267 -2.815220356 -0.428886771 0.004604723 0.903346539 104.796836853
0.896473229 -0.009485888 0.442996472 6.652976990 0.010308539 0.999946713 0.000550918 -2.830396414 -0.442978114 0.004072764 0.896523237 105.303558350
0.890717745 -0.011648341 0.454407454 6.915584564 0.012595488 0.999920249 0.000942736 -2.850856304 -0.454382211 0.004883773 0.890793443 105.759414673
0.884939611 -0.011239823 0.465570122 7.186267853 0.012359388 0.999923348 0.000647917 -2.857784986 -0.465541750 0.005180794 0.885010779 106.243957520
0.877644718 -0.011103051 0.479183167 7.469028473 0.012397428 0.999922991 0.000462578 -2.869179010 -0.479151398 0.005534659 0.877714872 106.716842651
0.870854974 -0.011440002 0.491406888 7.754776001 0.012572757 0.999920487 0.000997228 -2.886084795 -0.491379142 0.005309899 0.870929599 107.172065735
0.864820123 -0.011877696 0.501941144 8.043422699 0.013006793 0.999914646 0.001251432 -2.902896166 -0.501913190 0.005446382 0.864900887 107.636116028
