1.000000000 0.000000000 0.000000000 0.000000000 0.000000000 1.000000000 0.000000000 0.000000000 0.000000000 0.000000000 1.000000000 0.000000000
1.000000000 0.000162725 0.000124923 -0.003259495 -0.000162709 1.000000000 -0.000126538 0.002935326 -0.000124944 0.000126517 1.000000000 0.004470577
1.000000000 0.000109999 0.000039107 -0.000010555 -0.000109997 1.000000000 -0.000056898 0.001703387 -0.000039113 0.000056893 1.000000000 0.004440047
0.999999940 0.000282892 0.000112563 -0.000406585 -0.000282888 0.999999940 -0.000036022 0.001613927 -0.000112573 0.000035990 1.000000000 -0.000795829
1.000000000 0.000152144 0.000026439 0.001860180 -0.000152143 1.000000000 -0.000041271 0.001624227 -0.000026445 0.000041267 1.000000000 0.001117596
1.000000000 0.000039584 -0.000035277 0.000456789 -0.000039585 1.000000000 -0.000016321 0.000747075 0.000035276 0.000016323 1.000000000 -0.000061240
1.000000000 0.000124296 0.000178863 -0.005537823 -0.000124273 1.000000000 -0.000125002 0.002625323 -0.000178878 0.000124979 1.000000000 0.002183132
1.000000000 0.000014092 -0.000001131 0.000047434 -0.000014092 1.000000000 0.000015811 0.000888427 0.000001131 -0.000015811 1.000000000 -0.001459273
1.000000000 0.000002373 0.000133995 -0.003842785 -0.000002370 1.000000000 -0.000022293 0.001658907 -0.000133995 0.000022292 1.000000000 0.002035392
0.999999940 0.000187669 0.000199198 -0.003879268 -0.000187650 1.000000000 -0.000093191 0.001223694 -0.000199215 0.000093153 1.000000000 -0.000077972
1.000000000 0.000151435 0.000041983 0.001814096 -0.000151436 1.000000000 0.000027657 0.001253979 -0.000041979 -0.000027664 1.000000000 -0.003475359
1.000000000 0.000106237 0.000176775 -0.002753953 -0.000106228 1.000000000 -0.000054034 0.001664500 -0.000176781 0.000054016 1.000000000 -0.002271203
1.000000000 -0.000030935 0.000013609 -0.000649220 0.000030935 1.000000000 0.000011428 0.000627325 -0.000013609 -0.000011428 1.000000000 -0.007198593
1.000000000 -0.000098254 0.000085727 -0.001394742 0.000098254 1.000000000 0.000005211 -0.000128736 -0.000085728 -0.000005202 1.000000000 -0.001119460
1.000000000 0.000016676 0.000031335 0.000253199 -0.000016675 1.000000000 -0.000030485 0.000421547 -0.000031336 0.000030485 1.000000000 -0.003422492
0.999999940 -0.000230942 -0.000145786 0.003783032 0.000230937 1.000000000 -0.000030082 0.000419010 0.000145793 0.000030049 1.000000000 -0.007192133
1.000000000 -0.000104875 -0.000062528 0.002142106 0.000104875 1.000000000 -0.000003742 -0.000839735 0.000062529 0.000003735 1.000000000 -0.006885689
1.000000000 0.000012284 0.000133302 -0.002147295 -0.000012304 1.000000000 0.000146418 -0.003526804 -0.000133300 -0.000146419 1.000000000 -0.006424492
1.000000000 0.000032729 -0.000001457 0.001307146 -0.000032729 1.000000000 0.000054939 0.000801449 0.000001458 -0.000054939 1.000000000 -0.006692825
1.000000000 -0.000159575 -0.000013877 0.000173683 0.000159576 1.000000000 0.000031736 -0.000863176 0.000013872 -0.000031739 1.000000000 -0.008264532
1.000000000 0.000015429 0.000061610 -0.000464781 -0.000015429 1.000000000 0.000007779 -0.000255457 -0.000061610 -0.000007780 1.000000000 -0.007059520
1.000000000 -0.000110376 0.000045439 -0.000119724 0.000110373 1.000000000 0.000066241 -0.001739283 -0.000045446 -0.000066236 1.000000000 -0.004516869
1.000000000 0.000107455 0.000111318 -0.002913772 -0.000107449 1.000000000 -0.000047510 0.000489156 -0.000111323 0.000047498 1.000000000 0.000339020
1.000000000 -0.000064253 -0.000042063 0.001672313 0.000064252 1.000000000 -0.000010559 -0.000222925 0.000042064 0.000010556 1.000000000 -0.001572183
1.000000000 -0.000028751 0.000060828 -0.002695861 0.000028747 1.000000000 0.000067460 0.000365820 -0.000060830 -0.000067458 1.000000000 -0.000571646
1.000000000 -0.000098466 -0.000115790 0.004358024 0.000098455 1.000000000 -0.000093996 0.001897971 0.000115799 0.000093984 1.000000000 -0.007096372
1.000000000 -0.000078015 0.000070526 -0.002725846 0.000078023 1.000000000 -0.000101157 0.002564400 -0.000070518 0.000101163 1.000000000 -0.000031742
0.999999940 0.000268933 0.000159305 -0.004409177 -0.000268914 0.999999940 -0.000121850 0.002021116 -0.000159338 0.000121807 1.000000000 -0.000982678
1.000000000 0.000004238 0.000037944 -0.000799836 -0.000004240 1.000000000 0.000046635 0.000156048 -0.000037944 -0.000046636 1.000000000 -0.002125508
1.000000000 -0.000118109 -0.000112940 0.000756096 0.000118110 1.000000000 0.000011986 0.001886988 0.000112939 -0.000011999 1.000000000 -0.005845780
1.000000000 -0.000004046 0.000075947 -0.003755250 0.000004047 1.000000000 -0.000021927 0.001086983 -0.000075946 0.000021927 1.000000000 -0.000771385
1.000000000 -0.000080402 0.000065407 -0.003098307 0.000080393 1.000000000 0.000130385 0.000245419 -0.000065418 -0.000130379 1.000000000 0.002086471
1.000000000 -0.000194957 0.000025129 -0.003402565 0.000194956 1.000000000 0.000042539 0.000032974 -0.000025137 -0.000042534 1.000000000 -0.004824153
1.000000000 -0.000120615 -0.000013733 -0.001590525 0.000120616 1.000000000 0.000048817 0.000255464 0.000013727 -0.000048819 1.000000000 -0.006674712
0.999999940 0.000222258 0.000162309 -0.004202136 -0.000222257 1.000000000 -0.000009212 0.000933583 -0.000162311 0.000009176 1.000000000 -0.001833976
1.000000000 0.000003952 0.000104655 -0.003701645 -0.000003953 1.000000000 0.000003589 0.000828094 -0.000104655 -0.000003589 1.000000000 -0.000829186
1.000000000 -0.000001557 0.000072862 -0.005116370 0.000001561 1.000000000 -0.000059493 0.002122539 -0.000072861 0.000059493 1.000000000 -0.000941195
1.000000000 0.000078319 0.000082956 -0.004080903 -0.000078308 1.000000000 -0.000140271 0.002979270 -0.000082967 0.000140264 1.000000000 -0.001101022
1.000000000 -0.000133689 0.000020691 -0.002002750 0.000133688 1.000000000 0.000061098 0.000666693 -0.000020699 -0.000061095 1.000000000 -0.001077660
1.000000000 -0.000110997 -0.000004031 -0.000200740 0.000110997 1.000000000 0.000101601 -0.000402361 0.000004020 -0.000101602 1.000000000 -0.006102096
0.999999940 -0.000248962 -0.000061300 -0.001586263 0.000248964 0.999999940 0.000039337 -0.001102069 0.000061290 -0.000039352 1.000000000 -0.003038831
1.000000000 0.000072805 0.000086032 0.002363051 -0.000072759 0.999999881 -0.000528432 -0.005035295 -0.000086070 0.000528426 0.999999881 0.051212523
1.000000000 0.000084900 0.000035722 0.003081355 -0.000084855 0.999999225 -0.001256294 -0.003311311 -0.000035828 0.001256291 0.999999225 0.148510739
1.000000000 -0.000002967 -0.000084850 0.005003062 0.000002839 0.999998868 -0.001501364 -0.010295025 0.000084855 0.001501364 0.999998868 0.261020124
1.000000000 0.000002086 0.000075151 0.002325318 -0.000001983 0.999999046 -0.001380674 -0.016308367 -0.000075153 0.001380673 0.999999046 0.391659975
1.000000000 0.000017135 -0.000114182 0.005433860 -0.000017263 0.999999344 -0.001119262 -0.020045385 0.000114162 0.001119264 0.999999344 0.534346223
0.999999940 -0.000132672 -0.000224695 0.017378772 0.000132458 0.999999523 -0.000952060 -0.028711166 0.000224821 0.000952030 0.999999523 0.691349149
0.999999881 -0.000451390 -0.000160298 0.022098737 0.000451306 0.999999762 -0.000522363 -0.032685708 0.000160534 0.000522291 0.999999821 0.850610137
0.999999881 -0.000188255 -0.000390588 0.028701674 0.000188024 0.999999821 -0.000591457 -0.038473707 0.000390699 0.000591383 0.999999762 1.034780264
1.000000000 -0.000039192 0.000053176 0.017100994 0.000039221 0.999999821 -0.000551953 -0.045877200 -0.000053154 0.000551955 0.999999821 1.211215615
0.999999702 -0.000615820 -0.000397154 0.039556280 0.000615639 0.999999702 -0.000455023 -0.050005794 0.000397434 0.000454778 0.999999821 1.420852065
0.999999404 -0.000669071 -0.000859364 0.045952938 0.000669052 0.999999762 -0.000022076 -0.061388239 0.000859379 0.000021501 0.999999642 1.607468963
0.999999583 0.000135189 0.000914043 0.020258676 -0.000134672 0.999999821 -0.000565308 -0.050552186 -0.000914119 0.000565184 0.999999344 1.830149293
0.999999464 0.000008586 0.001052252 0.031086320 -0.000008257 0.999999940 -0.000312357 -0.060617108 -0.001052255 0.000312348 0.999999344 2.030860424
0.999999464 0.000409753 0.000934630 0.026899563 -0.000409458 0.999999821 -0.000315387 -0.068913139 -0.000934759 0.000315004 0.999999523 2.244673014
0.999999225 0.000572883 0.001043129 0.034895595 -0.000572758 0.999999881 -0.000120998 -0.075623028 -0.001043198 0.000120400 0.999999404 2.457398891
0.999998927 0.001102386 0.000955224 0.038137719 -0.001102233 0.999999404 -0.000160751 -0.077133611 -0.000955401 0.000159698 0.999999464 2.698844433
0.999998152 0.000937806 0.001605688 0.033216897 -0.000938282 0.999999523 0.000295893 -0.093210533 -0.001605409 -0.000297399 0.999998689 2.921061039
0.999999464 0.000508161 0.001008285 0.048111953 -0.000508205 1.000000000 0.000043090 -0.098286450 -0.001008263 -0.000043602 0.999999464 3.155894756
0.999998868 0.000903215 0.001191752 0.053014752 -0.000903131 0.999999642 -0.000071628 -0.102808818 -0.001191817 0.000070552 0.999999225 3.397894382
0.999999225 0.000575080 0.001082518 0.058638833 -0.000575197 0.999999821 0.000108149 -0.112099797 -0.001082456 -0.000108771 0.999999344 3.658940077
0.999998689 0.001094796 0.001206498 0.054488212 -0.001094727 0.999999404 -0.000057608 -0.120580278 -0.001206561 0.000056288 0.999999225 3.891820908
0.999998391 0.000943924 0.001538201 0.058225308 -0.000944529 0.999999464 0.000392310 -0.132955208 -0.001537830 -0.000393762 0.999998689 4.140004158
0.999997258 0.001394281 0.001893201 0.058880135 -0.001395568 0.999998808 0.000678658 -0.140586063 -0.001892252 -0.000681298 0.999997973 4.395557404
0.999998093 0.001193962 0.001595016 0.072194561 -0.001194798 0.999999166 0.000523127 -0.148902342 -0.001594390 -0.000525032 0.999998629 4.663871288
0.999997258 0.001233098 0.001980644 0.072966203 -0.001234690 0.999998868 0.000802485 -0.160127372 -0.001979652 -0.000804928 0.999997735 4.924952984
0.999997258 0.000788928 0.002171835 0.072908193 -0.000790618 0.999999404 0.000777746 -0.168660685 -0.002171220 -0.000779461 0.999997318 5.147015095
0.999997973 0.000566743 0.001911475 0.076325126 -0.000569218 0.999999046 0.001294516 -0.181367844 -0.001910740 -0.001295602 0.999997377 5.411297798
0.999997914 0.000290480 0.002023226 0.081392474 -0.000292376 0.999999642 0.000936970 -0.189752683 -0.002022953 -0.000937559 0.999997497 5.683982372
0.999997854 0.000516240 0.001967035 0.096234426 -0.000518486 0.999999225 0.001141270 -0.200969234 -0.001966445 -0.001142287 0.999997437 5.973718166
0.999996781 0.001069923 0.002309593 0.093887642 -0.001071832 0.999999106 0.000825257 -0.206869572 -0.002308708 -0.000827730 0.999997020 6.211576939
0.999995291 0.001441022 0.002687164 0.097507551 -0.001443921 0.999998450 0.001077089 -0.217733234 -0.002685607 -0.001080964 0.999995828 6.485991955
0.999996841 0.000643515 0.002445005 0.100032911 -0.000646183 0.999999285 0.001090587 -0.222159579 -0.002444302 -0.001092163 0.999996424 6.774584770
0.999997139 0.000313780 0.002374814 0.109645776 -0.000316134 0.999999583 0.000991020 -0.224599198 -0.002374501 -0.000991768 0.999996722 7.091203213
0.999997795 0.000362872 0.002087042 0.130847186 -0.000365198 0.999999344 0.001113941 -0.241685152 -0.002086636 -0.001114700 0.999997258 7.374135971
0.999995053 0.001067434 0.002966365 0.118056513 -0.001070426 0.999998927 0.001007270 -0.255863935 -0.002965287 -0.001010440 0.999995112 7.687650204
0.999994576 0.001416129 0.002993949 0.128215700 -0.001420574 0.999997973 0.001482904 -0.271899670 -0.002991843 -0.001487149 0.999994457 7.999068737
0.999995410 0.000951607 0.002885570 0.128243685 -0.000954824 0.999998927 0.001113705 -0.275472820 -0.002884507 -0.001116455 0.999995232 8.323670387
0.999994934 0.001462279 0.002840760 0.141980067 -0.001464494 0.999998689 0.000777937 -0.278033942 -0.002839619 -0.000782093 0.999995708 8.660112381
0.999994338 0.001426328 0.003069565 0.140113845 -0.001428967 0.999998689 0.000857762 -0.279810667 -0.003068337 -0.000862143 0.999994934 9.019044876
0.999994159 0.000932687 0.003286629 0.143783987 -0.000936818 0.999998689 0.001255525 -0.306906670 -0.003285454 -0.001258598 0.999993801 9.315429688
0.999994874 0.000976835 0.003043081 0.156524211 -0.000979894 0.999998927 0.001003755 -0.311919063 -0.003042098 -0.001006732 0.999994874 9.659237862
0.999994814 0.000721238 0.003120816 0.159578070 -0.000724905 0.999999046 0.001174325 -0.319787055 -0.003119966 -0.001176581 0.999994397 10.006368637
0.999994099 0.001149308 0.003227861 0.165087312 -0.001152035 0.999998987 0.000842908 -0.330096722 -0.003226889 -0.000846622 0.999994397 10.363352776
0.999993742 0.001164031 0.003346591 0.174641132 -0.001168417 0.999998450 0.001308733 -0.345422268 -0.003345062 -0.001312635 0.999993563 10.736308098
0.999994159 0.000602496 0.003352835 0.187764958 -0.000605434 0.999999344 0.000875392 -0.342373252 -0.003352306 -0.000877417 0.999993920 11.096096039
0.999994278 0.000935776 0.003257936 0.206178620 -0.000942491 0.999997437 0.002060147 -0.392726928 -0.003256000 -0.002063206 0.999992549 11.432847977
0.999994755 0.000511821 0.003229495 0.219383627 -0.000517995 0.999998093 0.001911232 -0.396414578 -0.003228510 -0.001912895 0.999992967 11.826917648
0.999994934 0.000765167 0.003113347 0.236911014 -0.000771290 0.999997795 0.001966156 -0.407601833 -0.003111836 -0.001968547 0.999993205 12.197701454
0.999992967 0.000730226 0.003694729 0.227383599 -0.000737709 0.999997675 0.002024351 -0.417319149 -0.003693242 -0.002027062 0.999991059 12.575656891
0.999992907 0.001020888 0.003652364 0.245525151 -0.001028277 0.999997437 0.002021937 -0.424967140 -0.003650290 -0.002025678 0.999991298 12.975228310
0.999995053 0.000196228 0.003134896 0.262457699 -0.000203603 0.999997199 0.002352454 -0.448981255 -0.003134425 -0.002353081 0.999992311 13.371518135
0.999989808 0.001486834 0.004262651 0.263979495 -0.001496212 0.999996483 0.002197646 -0.460382968 -0.004259368 -0.002204001 0.999988496 13.786215782
0.999989569 0.001117158 0.004415471 0.274984926 -0.001127944 0.999996305 0.002441261 -0.469529837 -0.004412727 -0.002446216 0.999987304 14.203685760
0.999993443 -0.000818643 0.003522397 0.299587786 0.000807651 0.999994755 0.003120888 -0.496341795 -0.003524934 -0.003118023 0.999988914 14.603026390
0.999989688 -0.000490467 0.004494930 0.298016220 0.000474224 0.999993265 0.003614031 -0.523586512 -0.004496672 -0.003611862 0.999983430 14.979298592
0.999983728 0.000334825 0.005694844 0.298381686 -0.000358723 0.999991119 0.004196057 -0.545687795 -0.005693389 -0.004198032 0.999975026 15.411787033
0.999988973 -0.000695461 0.004641095 0.326786518 0.000676584 0.999991477 0.004067646 -0.576348603 -0.004643884 -0.004064461 0.999980986 15.846984863
0.999987423 -0.001892033 0.004648258 0.345883518 0.001873628 0.999990344 0.003960737 -0.584198475 -0.004655707 -0.003951978 0.999981403 16.292907715
0.999986112 -0.000265170 0.005270286 0.349049598 0.000245903 0.999993265 0.003656166 -0.588774920 -0.005271221 -0.003654820 0.999979496 16.746492386
0.999983966 -0.000601369 0.005625677 0.361215889 0.000579270 0.999992073 0.003928894 -0.596607387 -0.005627996 -0.003925573 0.999976516 17.214315414
0.999979556 0.000640260 0.006361345 0.360013843 -0.000666843 0.999991059 0.004177468 -0.615155339 -0.006358615 -0.004181625 0.999970973 17.644472122
0.999974549 0.001405443 0.006998411 0.369125247 -0.001435273 0.999989927 0.004259258 -0.627986312 -0.006992353 -0.004269193 0.999966443 18.116626740
0.999972224 0.000399934 0.007436709 0.383029997 -0.000432824 0.999990165 0.004421683 -0.637974799 -0.007434868 -0.004424778 0.999962509 18.581615448
0.999974966 -0.000026275 0.007077108 0.403749436 -0.000006858 0.999989033 0.004681743 -0.654963493 -0.007077153 -0.004681674 0.999963999 19.046905518
0.999974310 -0.000266734 0.007173609 0.422043830 0.000234950 0.999990225 0.004431104 -0.665393651 -0.007174721 -0.004429305 0.999964416 19.526144028
0.999973595 0.000077492 0.007274063 0.435129762 -0.000112451 0.999988437 0.004805750 -0.680929840 -0.007273607 -0.004806440 0.999961972 19.998638153
0.999968290 0.000864818 0.007912297 0.430324972 -0.000901051 0.999989092 0.004576886 -0.688255966 -0.007908252 -0.004583870 0.999958217 20.522867203
0.999978840 -0.000320106 0.006498035 0.470708460 0.000288119 0.999987841 0.004922945 -0.716127634 -0.006499533 -0.004920968 0.999966741 20.984125137
0.999983072 -0.000167248 0.005818197 0.482182652 0.000141802 0.999990463 0.004373625 -0.715349078 -0.005818873 -0.004372726 0.999973476 21.491111755
0.999980152 0.000019744 0.006298070 0.491479725 -0.000050060 0.999988437 0.004813340 -0.741594553 -0.006297901 -0.004813561 0.999968588 21.997495651
0.999982357 0.000402002 0.005933859 0.503607392 -0.000432752 0.999986529 0.005181757 -0.754713416 -0.005931696 -0.005184234 0.999968946 22.501840591
0.999990582 -0.000569141 0.004300297 0.529952168 0.000547748 0.999987423 0.004974167 -0.767334402 -0.004303074 -0.004971765 0.999978364 22.994213104
0.999991715 -0.000836789 0.003988098 0.535665035 0.000817198 0.999987602 0.004911429 -0.786127687 -0.003992158 -0.004908129 0.999979973 23.533184052
0.999994099 -0.001779352 0.002948097 0.557752430 0.001765425 0.999987304 0.004719956 -0.795952439 -0.002956458 -0.004714722 0.999984503 24.027349472
0.999996126 -0.000800950 0.002644891 0.563747585 0.000787334 0.999986470 0.005144872 -0.809773862 -0.002648975 -0.005142768 0.999983251 24.552068710
0.999997675 -0.000600855 0.002081086 0.572812915 0.000589891 0.999986053 0.005265318 -0.819489002 -0.002084221 -0.005264078 0.999983966 25.094644547
0.999998093 -0.000194066 0.001955024 0.577643096 0.000184504 0.999988019 0.004889923 -0.828547001 -0.001955950 -0.004889553 0.999986112 25.633710861
0.999998629 -0.000933936 0.001418844 0.592034519 0.000927406 0.999989033 0.004596111 -0.838989735 -0.001423121 -0.004594789 0.999988437 26.179895401
0.999998689 -0.000861410 0.001389620 0.600395381 0.000853556 0.999983668 0.005642791 -0.855856121 -0.001394458 -0.005641597 0.999983132 26.717012405
0.999999225 -0.000693264 0.001086619 0.613420129 0.000687132 0.999983907 0.005633741 -0.871718407 -0.001090508 -0.005632990 0.999983549 27.254245758
0.999998629 0.000940345 0.001382681 0.625591397 -0.000948694 0.999981225 0.006049824 -0.896753490 -0.001376966 -0.006051127 0.999980807 27.797899246
0.999999702 0.000299833 0.000751706 0.625527620 -0.000304146 0.999983430 0.005743759 -0.898722768 -0.000749972 -0.005743987 0.999983191 28.323122025
0.999999344 0.000833154 0.000853156 0.632341564 -0.000838578 0.999979258 0.006376723 -0.919215977 -0.000847826 -0.006377435 0.999979317 28.876184464
0.999999285 0.000946034 0.000763721 0.633811951 -0.000950399 0.999983132 0.005735047 -0.932203948 -0.000758282 -0.005735769 0.999983311 29.455057144
0.999999702 0.000565534 -0.000469152 0.669938445 -0.000562843 0.999983430 0.005714827 -0.938184559 0.000472377 -0.005714559 0.999983549 29.963911057
0.999999583 0.000778941 -0.000368029 0.682831764 -0.000776605 0.999979734 0.006306169 -0.956364393 0.000372934 -0.006305881 0.999980032 30.509565353
0.999999285 0.000910890 -0.000700719 0.699104190 -0.000906588 0.999980927 0.006115568 -0.965949774 0.000706277 -0.006114929 0.999981046 31.064291000
0.999999046 0.000757300 -0.001178896 0.708792746 -0.000749678 0.999978900 0.006452854 -0.994098842 0.001183758 -0.006451964 0.999978483 31.575584412
0.999999166 0.000843702 -0.001052333 0.721041322 -0.000837065 0.999979854 0.006291241 -1.009619474 0.001057619 -0.006290355 0.999979675 32.112934113
0.999997854 0.001885275 -0.000978658 0.722021222 -0.001879674 0.999982059 0.005692387 -1.007605791 0.000989371 -0.005690535 0.999983251 32.645526886
0.999998927 0.000614308 -0.001314751 0.718381703 -0.000605657 0.999978185 0.006570672 -1.036008596 0.001318759 -0.006569865 0.999977469 33.153236389
0.999998093 0.001109647 -0.001575069 0.732294738 -0.001099520 0.999978781 0.006415323 -1.047174931 0.001582154 -0.006413578 0.999978125 33.714405060
0.999998271 0.001469187 -0.001098812 0.737830877 -0.001461572 0.999975145 0.006899757 -1.054254055 0.001108921 -0.006898138 0.999975502 34.265140533
0.999998271 0.000572832 -0.001783773 0.755277097 -0.000560853 0.999977350 0.006708788 -1.074695110 0.001787575 -0.006707774 0.999975920 34.777965546
0.999998212 0.000682619 -0.001769891 0.766163170 -0.000670684 0.999977231 0.006735315 -1.084193230 0.001774448 -0.006734116 0.999975741 35.317539215
0.999997437 0.001328820 -0.001896114 0.771164954 -0.001316289 0.999977410 0.006594911 -1.098899245 0.001904835 -0.006592398 0.999976397 35.873718262
0.999997020 0.001907206 -0.001510988 0.786295295 -0.001897554 0.999977946 0.006364383 -1.116849184 0.001523093 -0.006361495 0.999978542 36.416675568
0.999996603 0.002313242 -0.001173635 0.787729084 -0.002305530 0.999976039 0.006529638 -1.133766770 0.001188712 -0.006526910 0.999978006 36.968494415
0.999997854 0.001329977 -0.001517004 0.802412689 -0.001320332 0.999978960 0.006341374 -1.140766621 0.001525407 -0.006339360 0.999978721 37.509555817
0.999996781 0.001621456 -0.001930499 0.825507581 -0.001608273 0.999975502 0.006811013 -1.159378409 0.001941496 -0.006807887 0.999974966 38.066352844
0.999996960 0.001507715 -0.001928341 0.821433604 -0.001495966 0.999980390 0.006079725 -1.167943597 0.001937471 -0.006076823 0.999979675 38.605865479
0.999996305 0.002204587 -0.001591800 0.815930188 -0.002193354 0.999972939 0.007023872 -1.189427733 0.001607241 -0.007020356 0.999974072 39.096801758
0.999996245 0.000144587 -0.002728901 0.876541793 -0.000119488 0.999957740 0.009195441 -1.250696063 0.002730116 -0.009195079 0.999953985 39.615917206
0.999995410 -0.000023282 -0.003015031 0.885907531 0.000050830 0.999958277 0.009137208 -1.263481617 0.003014693 -0.009137320 0.999953687 40.162704468
0.999995768 0.000095026 -0.002908375 0.899462640 -0.000066408 0.999951601 0.009838488 -1.286069155 0.002909169 -0.009838251 0.999947369 40.690757751
0.999994993 0.000978912 -0.003010030 0.918675959 -0.000952662 0.999961615 0.008710004 -1.281417370 0.003018440 -0.008707093 0.999957502 41.272422791
0.999995530 0.000885369 -0.002866530 0.920073807 -0.000859294 0.999958396 0.009084861 -1.296052694 0.002874455 -0.009082358 0.999954641 41.836280823
0.999995947 0.000142026 -0.002849007 0.933593631 -0.000114438 0.999953091 0.009680926 -1.325366735 0.002850250 -0.009680561 0.999949098 42.316169739
0.999996126 0.000602181 -0.002724212 0.944889903 -0.000575259 0.999951124 0.009872670 -1.334209442 0.002730025 -0.009871065 0.999947608 42.868553162
0.999996245 0.000381157 -0.002723994 0.946592569 -0.000354134 0.999950767 0.009913850 -1.354879379 0.002727639 -0.009912848 0.999947131 43.394779205
0.999996960 0.000295806 -0.002452189 0.952277839 -0.000271624 0.999951422 0.009855806 -1.363451958 0.002454985 -0.009855107 0.999948442 43.926631927
0.999996781 0.000344093 -0.002520772 0.966522157 -0.000319883 0.999953866 0.009598574 -1.369962335 0.002523959 -0.009597737 0.999950707 44.474727631
0.999997318 0.000572925 -0.002237210 0.975129724 -0.000551632 0.999954641 0.009506476 -1.382450461 0.002242554 -0.009505214 0.999952316 45.019344330
0.999997497 0.000403306 -0.002208793 0.981208265 -0.000381942 0.999953210 0.009664143 -1.392923832 0.002212588 -0.009663272 0.999950886 45.528434753
0.999997318 0.000724150 -0.002250321 1.000188828 -0.000703055 0.999955893 0.009361207 -1.405032635 0.002257000 -0.009359598 0.999953628 46.094779968
0.999997258 0.001279153 -0.001967653 1.020649076 -0.001259578 0.999949992 0.009917417 -1.428812504 0.001980240 -0.009914911 0.999948800 46.627914429
0.999996781 0.001116823 -0.002282682 1.030602455 -0.001095188 0.999954641 0.009457335 -1.425517440 0.002293141 -0.009454804 0.999952674 47.199050903
0.999996901 0.000768725 -0.002358000 1.037111640 -0.000747157 0.999957979 0.009134105 -1.434739709 0.002364922 -0.009132316 0.999955416 47.730670929
0.999996603 0.000225578 -0.002575021 1.057963729 -0.000201871 0.999957561 0.009203337 -1.451484799 0.002576987 -0.009202787 0.999954343 48.268531799
0.999997318 0.000600087 -0.002203858 1.058957100 -0.000579103 0.999954581 0.009509669 -1.462815642 0.002209464 -0.009508369 0.999952376 48.822387695
0.999996960 0.001049963 -0.002191840 1.071852207 -0.001029004 0.999953926 0.009541713 -1.475556850 0.002201757 -0.009539429 0.999952078 49.366447449
0.999995470 0.000970286 -0.002823278 1.079740167 -0.000942537 0.999951363 0.009813778 -1.484901667 0.002832663 -0.009811074 0.999947906 49.919628143
0.999997258 0.000908452 -0.002157032 1.085491896 -0.000886594 0.999948502 0.010112558 -1.503018618 0.002166107 -0.010110619 0.999946535 50.440891266
0.999997854 0.001174357 -0.001723161 1.087749720 -0.001157092 0.999949455 0.009987026 -1.516200066 0.001734802 -0.009985011 0.999948621 50.980979919
0.999998331 0.000850166 -0.001615976 1.098783135 -0.000832851 0.999942601 0.010685758 -1.530505180 0.001624967 -0.010684394 0.999941528 51.507774353
0.999996722 0.000466443 -0.002514153 1.113116264 -0.000439934 0.999944389 0.010534437 -1.550539255 0.002518927 -0.010533297 0.999941349 52.075122833
0.999997020 0.000625571 -0.002374046 1.122438669 -0.000599916 0.999941528 0.010792151 -1.556103945 0.002380658 -0.010790695 0.999938905 52.623104095
0.999996901 0.001123897 -0.002198827 1.113260269 -0.001101404 0.999947190 0.010204237 -1.568994999 0.002210179 -0.010201784 0.999945462 53.165782928
0.999997437 0.000574461 -0.002155607 1.146991730 -0.000551938 0.999945402 0.010435107 -1.586725473 0.002161483 -0.010433892 0.999943256 53.666835785
0.999997258 0.001238933 -0.001987910 1.150997162 -0.001217527 0.999941707 0.010733585 -1.597015142 0.002001093 -0.010731135 0.999940455 54.225131989
0.999997139 0.001816213 -0.001563040 1.155916214 -0.001800252 0.999946773 0.010152621 -1.599683642 0.001581397 -0.010149780 0.999947309 54.756038666
0.999998391 0.001127709 -0.001375873 1.148997426 -0.001113070 0.999943256 0.010595135 -1.624206781 0.001387743 -0.010593588 0.999942839 55.306034088
0.999997914 0.001742466 -0.001092376 1.151559949 -0.001730285 0.999937475 0.011055568 -1.631292939 0.001111571 -0.011053654 0.999938250 55.874549866
0.999997795 0.001182090 -0.001724735 1.188594460 -0.001163005 0.999938607 0.011025350 -1.651381016 0.001737662 -0.011023319 0.999937654 56.436565399
0.999997914 0.001940549 -0.000637543 1.172818422 -0.001933961 0.999946356 0.010175783 -1.639640093 0.000657256 -0.010174528 0.999948025 56.944648743
0.999999523 0.000515646 -0.000857709 1.187247038 -0.000506119 0.999938548 0.011070311 -1.672271252 0.000863364 -0.011069869 0.999938369 57.467674255
0.999999344 0.001128143 -0.000416006 1.194296718 -0.001123155 0.999929726 0.011801776 -1.691617012 0.000429292 -0.011801300 0.999930322 57.998703003
0.999999583 0.000656414 -0.000645410 1.210001945 -0.000649418 0.999941647 0.010779949 -1.685177565 0.000652448 -0.010779528 0.999941707 58.541793823
0.999999464 0.000251465 -0.000970669 1.224762678 -0.000241342 0.999945700 0.010415902 -1.688969851 0.000973236 -0.010415664 0.999945283 59.093856812
0.999999583 0.000446514 -0.000799410 1.238609314 -0.000437746 0.999940157 0.010935298 -1.706590414 0.000804246 -0.010934941 0.999939919 59.618412018
0.999999642 0.000737497 -0.000468650 1.224469066 -0.000732106 0.999934673 0.011401970 -1.721965909 0.000477028 -0.011401622 0.999934912 60.166500092
0.999999464 0.001000744 -0.000492196 1.241576195 -0.000995232 0.999938250 0.011074063 -1.733564377 0.000503247 -0.011073569 0.999938607 60.717712402
0.999998868 0.001199706 -0.000948576 1.291404247 -0.001188771 0.999933779 0.011445598 -1.763024569 0.000962244 -0.011444456 0.999934077 61.195529938
0.999998868 0.000086967 -0.001525107 1.309514880 -0.000069503 0.999934494 0.011447372 -1.770254493 0.001526002 -0.011447254 0.999933302 61.777877808
0.999999762 0.000537854 -0.000191338 1.274667501 -0.000535704 0.999938667 0.011061360 -1.766197443 0.000197276 -0.011061258 0.999938786 62.326522827
0.999999762 0.000167905 -0.000495597 1.286269426 -0.000162190 0.999933779 0.011508632 -1.780558825 0.000497497 -0.011508551 0.999933660 62.848423004
0.999999166 0.001214729 -0.000101172 1.287898421 -0.001213550 0.999939561 0.010929102 -1.783573270 0.000114442 -0.010928971 0.999940276 63.389575958
0.999999702 0.000668855 -0.000187569 1.299624205 -0.000666603 0.999930561 0.011759853 -1.811498404 0.000195423 -0.011759725 0.999930859 63.933612823
0.999999881 0.000524235 -0.000223124 1.297288418 -0.000521646 0.999934256 0.011448540 -1.822448492 0.000229112 -0.011448422 0.999934435 64.469390869
0.999999940 0.000528804 0.000055698 1.317800999 -0.000529427 0.999929547 0.011859799 -1.834051609 -0.000049423 -0.011859827 0.999929667 65.010215759
0.999999583 0.000747183 0.000562019 1.351874948 -0.000754112 0.999922395 0.012431502 -1.846561909 -0.000552687 -0.012431921 0.999922633 65.594017029
0.999999821 0.000729522 0.000260622 1.372884035 -0.000732512 0.999931633 0.011664003 -1.840883493 -0.000252096 -0.011664189 0.999931931 66.058082581
0.999999166 0.001328159 0.000327125 1.381290555 -0.001331841 0.999932647 0.011526040 -1.849860907 -0.000311795 -0.011526463 0.999933541 66.603286743
0.999999404 0.001059718 -0.000217008 1.397704363 -0.001057122 0.999931812 0.011627614 -1.861400366 0.000229316 -0.011627377 0.999932289 67.154182434
0.999998033 0.001843304 0.000730306 1.403870344 -0.001851775 0.999928951 0.011773355 -1.887325644 -0.000708552 -0.011774684 0.999930382 67.642463684
0.999997556 0.001910980 0.001146969 1.408872604 -0.001923941 0.999933064 0.011407330 -1.892838120 -0.001125093 -0.011409508 0.999934256 68.188980103
0.999995947 0.002610332 0.001106667 1.418700457 -0.002624140 0.999916315 0.012664743 -1.925249815 -0.001073515 -0.012667595 0.999919176 68.723182678
0.999997497 0.001703290 0.001464380 1.419620275 -0.001720992 0.999924421 0.012174048 -1.919438958 -0.001443533 -0.012176537 0.999924779 69.229637146
0.999998331 0.001271286 0.001359042 1.435316324 -0.001287467 0.999927461 0.011972370 -1.933076382 -0.001343723 -0.011974097 0.999927402 69.766235352
0.999996781 0.001988375 0.001584670 1.466320634 -0.002006882 0.999928832 0.011764040 -1.934602976 -0.001561165 -0.011767182 0.999929547 70.286796570
0.999995172 0.002285772 0.002062272 1.478612304 -0.002310919 0.999921918 0.012275233 -1.951323271 -0.002034053 -0.012279941 0.999922514 70.795310974
0.999997735 0.001623087 0.001367057 1.484867930 -0.001639925 0.999921679 0.012407443 -1.961114645 -0.001346812 -0.012409656 0.999922097 71.288238525
0.999997556 0.001858864 0.001250172 1.490784526 -0.001873673 0.999926865 0.011950498 -1.967701674 -0.001227867 -0.011952810 0.999927819 71.849426270
0.999996901 0.002064947 0.001359884 1.517294049 -0.002081294 0.999924302 0.012130156 -1.981469393 -0.001334733 -0.012132949 0.999925494 72.387229919
0.999998212 0.001389565 0.001291497 1.517360806 -0.001404905 0.999927580 0.011953785 -1.985343099 -0.001274793 -0.011955581 0.999927700 72.874526978
0.999997497 0.001769982 0.001395769 1.529689193 -0.001786278 0.999929190 0.011761727 -1.996636629 -0.001374854 -0.011764190 0.999929786 73.419036865
0.999999106 0.000351874 0.001306881 1.552970052 -0.000367890 0.999924600 0.012274744 -2.012220144 -0.001302463 -0.012275214 0.999923706 73.967857361
0.999997318 0.001400095 0.001821116 1.549157977 -0.001421913 0.999926507 0.012035354 -2.021502733 -0.001804131 -0.012037911 0.999925911 74.420501709
0.999998868 0.000780889 0.001307889 1.568981647 -0.000797029 0.999922931 0.012386160 -2.033997536 -0.001298117 -0.012387186 0.999922454 74.959457397
0.999999344 0.000957220 0.000620589 1.650834918 -0.000965043 0.999918580 0.012730229 -2.087298870 -0.000608353 -0.012730818 0.999918759 75.405410767
0.999995172 0.002168029 0.002218896 1.590188980 -0.002195835 0.999918044 0.012606604 -2.079827309 -0.002191383 -0.012611417 0.999918044 75.942359924
0.999998629 0.000523710 0.001610553 1.613517284 -0.000543636 0.999922931 0.012396801 -2.087003231 -0.001603937 -0.012397660 0.999921799 76.476257324
0.999997735 0.000996061 0.001907300 1.610647082 -0.001019825 0.999921262 0.012499050 -2.093914509 -0.001894700 -0.012500967 0.999920011 77.038398743
0.999995470 0.001720295 0.002472586 1.612380385 -0.001751258 0.999919415 0.012575589 -2.100368738 -0.002450753 -0.012579862 0.999917865 77.495735168
0.999996722 0.001399378 0.002143744 1.626578927 -0.001426364 0.999919116 0.012638944 -2.104619026 -0.002125885 -0.012641961 0.999917805 78.039573669
0.999995828 0.001654780 0.002346712 1.642914295 -0.001684682 0.999916613 0.012797347 -2.119278431 -0.002325340 -0.012801248 0.999915302 78.526718140
0.999996006 0.001308432 0.002510314 1.656875968 -0.001340543 0.999916673 0.012832938 -2.126448870 -0.002493314 -0.012836250 0.999914527 79.079269409
0.999991357 0.001685404 0.003799668 1.681194067 -0.001734401 0.999915063 0.012928866 -2.144778013 -0.003777554 -0.012935346 0.999909222 79.594444275
0.999983072 0.001908950 0.005501639 1.683831334 -0.001979710 0.999915063 0.012884970 -2.155503750 -0.005476575 -0.012895642 0.999901891 80.150588989
0.999972939 0.002618669 0.006868414 1.695717573 -0.002710244 0.999907136 0.013357430 -2.181029797 -0.006832797 -0.013375685 0.999887109 80.649467468
0.999969900 0.002074848 0.007472842 1.707438707 -0.002176246 0.999905348 0.013586433 -2.185704947 -0.007443945 -0.013602285 0.999879718 81.209197998
0.999943018 0.002096372 0.010466441 1.728532076 -0.002234429 0.999910355 0.013196287 -2.196524620 -0.010437839 -0.013218921 0.999858081 81.772422791
0.999894977 0.002445008 0.014286925 1.759664059 -0.002643385 0.999900103 0.013882994 -2.218308210 -0.014251554 -0.013919299 0.999801576 82.261314392
0.999847412 0.002475703 0.017294636 1.795449972 -0.002707193 0.999906957 0.013374570 -2.225549698 -0.017259914 -0.013419350 0.999760985 82.834678650
0.999767065 0.002224389 0.021468446 1.818180680 -0.002502727 0.999913037 0.012946819 -2.213361025 -0.021437781 -0.012997533 0.999685645 83.344856262
0.999602437 0.002647214 0.028068181 1.828830004 -0.003036033 0.999899864 0.013819129 -2.256572247 -0.028028788 -0.013898851 0.999510467 83.866729736
0.999412835 0.002774397 0.034150638 1.860691547 -0.003239053 0.999902844 0.013558283 -2.258718014 -0.034109704 -0.013660938 0.999324739 84.430847168
0.999188125 0.002964972 0.040179446 1.906760573 -0.003528350 0.999896348 0.013957906 -2.278148651 -0.040133901 -0.014088340 0.999095082 84.928756714
0.998833597 0.002659249 0.048211146 1.939606905 -0.003325186 0.999900043 0.013738009 -2.292566776 -0.048169803 -0.013882293 0.998742640 85.505485535
0.998402596 0.002999934 0.056420095 2.000571012 -0.003783380 0.999897838 0.013784270 -2.307999372 -0.056372982 -0.013975708 0.998311996 86.037750244
0.997960210 0.003191183 0.063757934 2.042364836 -0.004089493 0.999894202 0.013963848 -2.314067841 -0.063706622 -0.014196103 0.997867703 86.525627136
0.997397304 0.002329339 0.072063640 2.111268997 -0.003306222 0.999904156 0.013439519 -2.330258369 -0.072025433 -0.013642798 0.997309446 87.141868591
0.996559560 0.003880803 0.082789496 2.174753666 -0.005034970 0.999892950 0.013736754 -2.351791859 -0.082727320 -0.014106335 0.996472418 87.685005188
0.995787859 0.001474775 0.091675371 2.223130703 -0.002869116 0.999882162 0.015079607 -2.407545090 -0.091642335 -0.015279121 0.995674789 88.158798218
0.995012045 0.001510435 0.099743478 2.304209232 -0.003061089 0.999876797 0.015395211 -2.418699741 -0.099707954 -0.015623743 0.994894147 88.682762146
0.993948936 0.000878989 0.109839536 2.387378693 -0.002488312 0.999891520 0.014515367 -2.421514511 -0.109814852 -0.014700849 0.993843317 89.271209717
0.992796421 0.000057789 0.119812690 2.483871460 -0.001799434 0.999894261 0.014428256 -2.431930780 -0.119799189 -0.014539914 0.992691636 89.799781799
0.991587043 0.000353957 0.129441112 2.573341370 -0.002270382 0.999889970 0.014658111 -2.446490765 -0.129421681 -0.014828675 0.991478741 90.336204529
0.990091860 0.000050658 0.140420526 2.664611816 -0.002074937 0.999895990 0.014269470 -2.447890759 -0.140405208 -0.014419448 0.989989042 90.890930176
0.988293052 -0.000228439 0.152567297 2.770948410 -0.001938457 0.999899387 0.014053992 -2.453491211 -0.152555153 -0.014185208 0.988193154 91.435188293
0.986532509 -0.000159893 0.163564831 2.881123543 -0.002145060 0.999900818 0.013915273 -2.466902733 -0.163550809 -0.014078724 0.986434579 91.981842041
0.984856248 0.000043350 0.173372567 2.994688034 -0.002565985 0.999894083 0.014326260 -2.475345850 -0.173353568 -0.014554180 0.984752119 92.520446777
0.982666671 -0.000782993 0.185379714 3.113388062 -0.001852273 0.999899626 0.014041882 -2.483976364 -0.185372144 -0.014141862 0.982566655 93.046165466
0.980244339 -0.000741582 0.197788775 3.243411064 -0.002107093 0.999897063 0.014191772 -2.496648788 -0.197778925 -0.014328159 0.980141938 93.562553406
0.977931738 -0.000796843 0.208923280 3.369964600 -0.002288353 0.999891877 0.014524997 -2.507991314 -0.208912268 -0.014682546 0.977824152 94.102447510
0.974850118 -0.000064399 0.222861573 3.503149033 -0.003173980 0.999894500 0.014172690 -2.508479118 -0.222838998 -0.014523606 0.974747062 94.671615601
0.971878111 -0.001452566 0.235480145 3.670644760 -0.001942035 0.999897599 0.014183103 -2.521172047 -0.235476613 -0.014241558 0.971775651 95.148307800
0.968993008 -0.002385722 0.247076422 3.821712494 -0.001187351 0.999896884 0.014311410 -2.539211273 -0.247085035 -0.014161021 0.968890309 95.664848328
0.965793729 -0.002987213 0.259294331 3.993688583 -0.000752241 0.999897182 0.014321234 -2.552889824 -0.259310424 -0.014026410 0.965692163 96.175308228
0.962051630 -0.003092780 0.272849739 4.178932190 -0.000939405 0.999892354 0.014646172 -2.569071770 -0.272865593 -0.014346689 0.961945176 96.649139404
0.958381832 -0.003390613 0.285469443 4.353353500 -0.000715742 0.999897778 0.014279009 -2.568283081 -0.285488695 -0.013889065 0.958281457 97.209632874
0.955118716 -0.004029610 0.296196043 4.551418304 -0.000218266 0.999897659 0.014306968 -2.582435608 -0.296223342 -0.013729502 0.955020070 97.721969604
0.950586140 -0.003085139 0.310445517 4.737173080 -0.001605504 0.999888480 0.014852731 -2.595019579 -0.310456723 -0.014617223 0.950475216 98.257110596
0.946091592 -0.005212790 0.323857248 4.966766357 0.000434366 0.999890029 0.014825257 -2.598002434 -0.323898941 -0.013885375 0.945989728 98.790298462
0.941984653 -0.004939065 0.335619688 5.171468735 0.000089435 0.999895394 0.014463706 -2.600142717 -0.335655987 -0.013594572 0.941886485 99.327972412
0.937499106 -0.005700151 0.347941250 5.368753433 0.000679523 0.999893963 0.014549853 -2.613382339 -0.347987264 -0.013404040 0.937403381 99.789909363
0.931985736 -0.005065890 0.362459481 5.602844238 -0.000308431 0.999890924 0.014767969 -2.631774902 -0.362494797 -0.013875329 0.931882501 100.318908691
0.927236676 -0.006807465 0.374413908 5.799072266 0.001165730 0.999882340 0.015292587 -2.652949333 -0.374473870 -0.013743382 0.927135587 100.828140259
0.922475278 -0.006310147 0.386004686 6.027950287 0.000484680 0.999884546 0.015187155 -2.661676645 -0.386055917 -0.013822683 0.922371745 101.325576782
0.916304290 -0.007117040 0.400419563 6.255661011 0.001130412 0.999884069 0.015185103 -2.670481443 -0.400481224 -0.013461539 0.916206062 101.837348938
0.910530984 -0.007353849 0.413375407 6.509616852 0.001090153 0.999881089 0.015386393 -2.680782795 -0.413439393 -0.013559144 0.910430670 102.329490662
0.905491948 -0.007345367 0.424299836 6.757080078 0.001023631 0.999885082 0.015125231 -2.683935165 -0.424362242 -0.013261447 0.905395389 102.818710327
0.899577379 -0.006815678 0.436708480 7.036556244 0.000359367 0.999889374 0.014864941 -2.685908318 -0.436761498 -0.013215225 0.899480224 103.357482910
0.892974913 -0.011381054 0.449962586 7.271785736 0.004512167 0.999856412 0.016335066 -2.742751598 -0.450083822 -0.012556499 0.892898023 103.808601379
0.887267232 -0.012083472 0.461097479 7.555187225 0.005033572 0.999850929 0.016516132 -2.748946190 -0.461228341 -0.012333255 0.887195766 104.288940430
0.880985260 -0.011991164 0.472991735 7.801563263 0.004743281 0.999852359 0.016513262 -2.752674341 -0.473119855 -0.012304404 0.880912125 104.745658875
0.873548150 -0.011677029 0.486597627 8.085086823 0.004218517 0.999856234 0.016420700 -2.760785580 -0.486719400 -0.012291550 0.873471797 105.214332581
