1.000000000 0.000000000 0.000000000 0.000000000 0.000000000 1.000000000 0.000000000 0.000000000 0.000000000 0.000000000 1.000000000 0.000000000
1.000000000 0.000071120 0.000108949 -0.003186612 -0.000071102 1.000000000 -0.000171666 0.004192544 -0.000108961 0.000171659 1.000000000 0.003845752
1.000000000 0.000056407 0.000060566 -0.002252583 -0.000056396 1.000000000 -0.000168884 0.002812321 -0.000060575 0.000168881 1.000000000 0.000936091
0.999999940 0.000300991 0.000141041 -0.000824567 -0.000300971 0.999999940 -0.000144081 0.003384347 -0.000141085 0.000144039 1.000000000 -0.001995874
1.000000000 0.000166621 0.000041010 0.002573699 -0.000166619 1.000000000 -0.000068041 0.001740432 -0.000041022 0.000068034 1.000000000 -0.001152595
1.000000000 0.000117650 0.000020007 0.000924739 -0.000117650 1.000000000 0.000008944 0.001172155 -0.000020006 -0.000008946 1.000000000 -0.003011221
1.000000000 0.000012057 0.000093010 -0.002396853 -0.000012046 1.000000000 -0.000118966 0.001484460 -0.000093012 0.000118965 1.000000000 -0.002059344
1.000000000 0.000005676 -0.000012092 0.000367463 -0.000005676 1.000000000 -0.000026603 0.001727331 0.000012092 0.000026603 1.000000000 -0.002769533
1.000000000 0.000001297 0.000129025 -0.005362449 -0.000001275 1.000000000 -0.000165629 0.003967658 -0.000129025 0.000165629 1.000000000 0.004105879
0.999999940 0.000180981 0.000237947 -0.005407766 -0.000180943 1.000000000 -0.000160768 0.003280867 -0.000237976 0.000160725 0.999999940 -0.000873751
1.000000000 0.000202072 0.000116942 0.000697977 -0.000202056 0.999999940 -0.000139624 0.002605498 -0.000116971 0.000139601 1.000000000 -0.004158037
0.999999940 0.000230903 0.000165182 -0.002287633 -0.000230889 0.999999940 -0.000085925 0.003011013 -0.000165202 0.000085887 1.000000000 -0.002872078
1.000000000 0.000069056 0.000172293 -0.004711918 -0.000069045 1.000000000 -0.000061889 0.000689348 -0.000172297 0.000061877 1.000000000 -0.003345742
1.000000000 -0.000030376 0.000113330 -0.002756805 0.000030382 1.000000000 -0.000054031 0.000215633 -0.000113329 0.000054034 1.000000000 -0.001976448
1.000000000 0.000053813 0.000050365 0.000123583 -0.000053809 1.000000000 -0.000080137 0.001799184 -0.000050369 0.000080134 1.000000000 -0.005509979
1.000000000 -0.000157179 -0.000079428 0.001891011 0.000157182 1.000000000 0.000032979 0.000545217 0.000079422 -0.000032991 1.000000000 -0.006558931
0.999999940 -0.000304818 -0.000106116 0.002057068 0.000304815 0.999999940 -0.000029011 -0.000960389 0.000106125 0.000028978 1.000000000 -0.009035904
1.000000000 -0.000047133 0.000122316 -0.003630732 0.000047138 1.000000000 -0.000036910 0.000132896 -0.000122314 0.000036916 1.000000000 -0.003051494
1.000000000 0.000099657 -0.000017946 0.000187775 -0.000099656 1.000000000 0.000051423 0.001433137 0.000017951 -0.000051421 1.000000000 -0.007788980
1.000000000 -0.000089416 -0.000022174 -0.001516240 0.000089416 1.000000000 -0.000033896 -0.000232934 0.000022177 0.000033894 1.000000000 -0.006943602
1.000000000 0.000009618 0.000048717 -0.001109432 -0.000009613 1.000000000 -0.000096294 0.001737599 -0.000048718 0.000096293 1.000000000 -0.007162537
1.000000000 -0.000141609 0.000051312 -0.001047533 0.000141608 1.000000000 0.000000975 -0.000385580 -0.000051312 -0.000000968 1.000000000 -0.005301399
1.000000000 0.000117948 0.000169291 -0.006477285 -0.000117914 1.000000000 -0.000199995 0.003337878 -0.000169315 0.000199975 0.999999940 0.002219682
1.000000000 -0.000146125 -0.000101028 0.000522670 0.000146114 1.000000000 -0.000102049 0.000681751 0.000101043 0.000102034 1.000000000 0.000007464
1.000000000 -0.000049665 0.000044230 -0.001584311 0.000049665 1.000000000 -0.000004547 0.002030314 -0.000044230 0.000004549 1.000000000 0.000833005
1.000000000 0.000054079 -0.000041561 0.002284602 -0.000054083 1.000000000 -0.000111113 0.002768158 0.000041555 0.000111115 1.000000000 -0.006876473
1.000000000 -0.000056108 0.000097832 -0.002977594 0.000056121 1.000000000 -0.000129932 0.003051193 -0.000097824 0.000129938 1.000000000 -0.001961359
0.999999940 0.000222033 0.000246169 -0.005409976 -0.000221976 0.999999940 -0.000229132 0.003183232 -0.000246220 0.000229078 0.999999940 0.000333302
1.000000000 0.000017406 0.000151274 -0.004368932 -0.000017401 1.000000000 -0.000032318 0.002348486 -0.000151274 0.000032315 1.000000000 0.000578186
1.000000000 -0.000144584 0.000067168 -0.004941982 0.000144593 1.000000000 -0.000132004 0.005850907 -0.000067149 0.000132014 1.000000000 0.003152044
1.000000000 -0.000095285 0.000040325 -0.002645097 0.000095288 1.000000000 -0.000055812 0.001973753 -0.000040319 0.000055816 1.000000000 -0.001831905
1.000000000 -0.000168808 0.000103471 -0.004295447 0.000168803 1.000000000 0.000048314 0.001645390 -0.000103479 -0.000048296 1.000000000 0.002058524
1.000000000 -0.000157516 0.000097465 -0.003680339 0.000157508 1.000000000 0.000087103 0.000390087 -0.000097479 -0.000087088 1.000000000 -0.005148896
1.000000000 -0.000188919 -0.000005731 -0.001255236 0.000188919 1.000000000 0.000074987 0.001030235 0.000005717 -0.000074988 1.000000000 -0.005002181
1.000000000 0.000043128 0.000059933 -0.003237355 -0.000043123 1.000000000 -0.000087254 0.000774357 -0.000059936 0.000087251 1.000000000 -0.001892613
1.000000000 0.000027613 0.000101944 -0.004149579 -0.000027603 1.000000000 -0.000096758 0.002570786 -0.000101947 0.000096756 1.000000000 -0.000477490
1.000000000 -0.000190887 -0.000136510 0.002252298 0.000190903 1.000000000 0.000112619 -0.000026189 0.000136489 -0.000112645 1.000000000 -0.011526669
1.000000000 -0.000032306 0.000069208 -0.003374055 0.000032322 1.000000000 -0.000236038 0.004227432 -0.000069201 0.000236040 0.999999940 0.000514597
1.000000000 -0.000168087 0.000108487 -0.003500137 0.000168085 1.000000000 0.000018083 0.001583105 -0.000108490 -0.000018065 1.000000000 0.000025131
1.000000000 -0.000011252 -0.000049612 0.001416846 0.000011262 1.000000000 0.000216093 -0.002183468 0.000049609 -0.000216094 1.000000000 -0.009431318
0.999999940 -0.000279703 -0.000147371 0.000388685 0.000279714 0.999999940 0.000073366 -0.001538565 0.000147350 -0.000073407 1.000000000 -0.001115877
1.000000000 0.000090552 0.000065514 0.002433812 -0.000090514 0.999999821 -0.000574551 -0.004832175 -0.000065566 0.000574545 0.999999821 0.048668940
1.000000000 0.000052088 -0.000029555 0.000585224 -0.000052130 0.999998987 -0.001415377 -0.000493000 0.000029481 0.001415378 0.999998987 0.148770303
1.000000000 -0.000055282 -0.000069016 0.004222685 0.000055186 0.999999046 -0.001386599 -0.010190362 0.000069093 0.001386595 0.999999046 0.263351977
0.999999940 -0.000263627 0.000045043 0.001440818 0.000263688 0.999999046 -0.001350046 -0.010834909 -0.000044687 0.001350058 0.999999106 0.391627491
1.000000000 0.000017333 -0.000172494 0.007632996 -0.000017537 0.999999285 -0.001181196 -0.018209642 0.000172474 0.001181199 0.999999285 0.534165382
1.000000000 0.000018542 0.000026803 0.007867137 -0.000018519 0.999999642 -0.000853259 -0.033434749 -0.000026819 0.000853259 0.999999642 0.679588974
0.999999881 -0.000502281 -0.000134482 0.017079093 0.000502213 0.999999762 -0.000498750 -0.033386864 0.000134733 0.000498682 0.999999881 0.852567077
0.999999940 -0.000213077 -0.000327251 0.026872100 0.000212900 0.999999821 -0.000541953 -0.036577776 0.000327366 0.000541883 0.999999821 1.028369069
1.000000000 -0.000168430 -0.000026759 0.024555407 0.000168411 0.999999702 -0.000717015 -0.034982320 0.000026880 0.000717011 0.999999762 1.208769679
0.999999762 -0.000551726 -0.000354088 0.039637249 0.000551568 0.999999762 -0.000445949 -0.046837654 0.000354334 0.000445754 0.999999821 1.414468408
0.999999464 0.000980886 0.000182072 0.038763639 -0.000980849 0.999999464 -0.000207297 -0.050940216 -0.000182275 0.000207118 0.999999940 1.418393135
0.999999881 0.000412495 0.000269252 0.048795119 -0.000412506 0.999999940 0.000039940 -0.056245107 -0.000269236 -0.000040051 1.000000000 1.616261482
0.999999940 -0.000004103 -0.000331635 0.056513324 0.000004244 0.999999881 0.000425172 -0.065745667 0.000331633 -0.000425173 0.999999881 1.786953568
1.000000000 0.000105356 -0.000154484 0.058490932 -0.000105317 0.999999940 0.000254747 -0.071731329 0.000154511 -0.000254731 1.000000000 2.017791033
0.999999821 0.000686635 0.000000270 0.061891742 -0.000686636 0.999999583 0.000535461 -0.076370060 0.000000097 -0.000535461 0.999999881 2.223035097
0.999999881 0.000529049 -0.000013698 0.068702370 -0.000529041 0.999999642 0.000586185 -0.087345392 0.000014008 -0.000586178 0.999999881 2.453867435
0.999997675 0.001517691 0.001488013 0.061555661 -0.001518294 0.999998748 0.000404515 -0.096039906 -0.001487397 -0.000406773 0.999998748 2.619113684
0.999997914 0.001339164 0.001511999 0.070053205 -0.001340043 0.999998987 0.000580558 -0.103723526 -0.001511220 -0.000582583 0.999998689 2.868842125
0.999998629 0.001176139 0.001186207 0.081763610 -0.001176718 0.999999166 0.000487797 -0.109490067 -0.001185632 -0.000489193 0.999999166 3.115651369
0.999997914 0.001433910 0.001440433 0.081065342 -0.001434725 0.999998808 0.000565098 -0.116380811 -0.001439621 -0.000567164 0.999998808 3.368010998
0.999999702 0.000692730 0.000376213 0.092313856 -0.000693134 0.999999166 0.001076050 -0.133529216 -0.000375467 -0.001076310 0.999999344 3.542345762
0.999999821 0.000376616 0.000502805 0.094097041 -0.000377346 0.999998868 0.001452568 -0.145270601 -0.000502257 -0.001452758 0.999998748 3.802970648
0.999999464 0.000771932 0.000618071 0.097751603 -0.000772983 0.999998212 0.001701988 -0.150086999 -0.000616756 -0.001702465 0.999998391 4.066309929
0.999999762 0.000175093 0.000626811 0.110474229 -0.000176181 0.999998450 0.001737004 -0.158689633 -0.000626506 -0.001737114 0.999998271 4.334842682
0.999999523 0.000717829 0.000677000 0.098687276 -0.000719048 0.999998093 0.001802288 -0.180361077 -0.000675705 -0.001802774 0.999998152 4.544201851
0.999999225 0.000822786 0.000944094 0.102387905 -0.000824189 0.999998569 0.001486319 -0.184330478 -0.000942869 -0.001487095 0.999998510 4.803838253
0.999998689 0.001396334 0.000868134 0.106975362 -0.001397779 0.999997616 0.001666698 -0.190155625 -0.000865804 -0.001667909 0.999998212 5.073853016
0.999997973 0.001697670 0.001137669 0.103251256 -0.001699478 0.999997258 0.001589798 -0.198070332 -0.001134967 -0.001591728 0.999998093 5.346684456
0.999999166 0.000964762 0.000843451 0.110824034 -0.000966084 0.999998331 0.001569269 -0.209140092 -0.000841936 -0.001570082 0.999998391 5.620820999
0.999998987 0.000935425 0.001017961 0.116729878 -0.000937504 0.999997437 0.002044220 -0.226529628 -0.001016046 -0.002045172 0.999997377 5.878170013
0.999999166 0.000769635 0.001008583 0.120720848 -0.000771794 0.999997497 0.002142992 -0.233053684 -0.001006931 -0.002143769 0.999997139 6.164723873
0.999998868 0.000979056 0.001071196 0.130598769 -0.000980960 0.999997973 0.001778848 -0.241566688 -0.001069452 -0.001779897 0.999997795 6.456631184
0.999999404 0.000357906 0.001007123 0.144986287 -0.000359759 0.999998331 0.001840835 -0.243497729 -0.001006462 -0.001841197 0.999997795 6.754536152
0.999998748 0.000515544 0.001512199 0.144335270 -0.000519118 0.999997139 0.002364138 -0.261527956 -0.001510976 -0.002364920 0.999996006 7.048682690
0.999999881 0.000331692 0.000395903 0.153033569 -0.000332744 0.999996364 0.002659704 -0.285701632 -0.000395019 -0.002659836 0.999996364 7.366241932
0.999999821 0.000590825 0.000321784 0.165215254 -0.000591817 0.999995112 0.003093862 -0.297850996 -0.000319954 -0.003094052 0.999995112 7.680735588
0.999999762 0.000162094 0.000725238 0.158017546 -0.000164178 0.999995828 0.002875046 -0.299584806 -0.000724768 -0.002875164 0.999995530 7.998217106
0.999999702 0.000474329 0.000588495 0.169525445 -0.000475837 0.999996543 0.002564249 -0.309572846 -0.000587277 -0.002564528 0.999996543 8.328489304
0.999999285 0.000550186 0.001101478 0.169339776 -0.000553578 0.999995053 0.003081146 -0.316260070 -0.001099777 -0.003081753 0.999994636 8.666719437
1.000000119 -0.000120474 -0.000043665 0.173053741 0.000120603 0.999995649 0.002951983 -0.340070963 0.000043309 -0.002951989 0.999995589 9.028631210
0.999999762 -0.000735414 -0.000271594 0.186905995 0.000736157 0.999996006 0.002745382 -0.344860971 0.000269573 -0.002745582 0.999996185 9.370605469
0.999999821 -0.000474388 -0.000443888 0.189603060 0.000475598 0.999996185 0.002729737 -0.349943906 0.000442591 -0.002729948 0.999996185 9.714635849
0.999999940 -0.000294659 -0.000311776 0.200620055 0.000295486 0.999996483 0.002656429 -0.362302184 0.000310992 -0.002656521 0.999996364 10.079286575
0.999999940 -0.000319279 -0.000211628 0.204630077 0.000319929 0.999995291 0.003076823 -0.374162644 0.000210645 -0.003076891 0.999995232 10.450177193
0.999999821 -0.000567562 -0.000359547 0.217440233 0.000568645 0.999995351 0.003020293 -0.372377127 0.000357832 -0.003020497 0.999995351 10.805469513
0.999998391 -0.001627183 -0.000774789 0.217316389 0.001630069 0.999991596 0.003739177 -0.416445792 0.000768698 -0.003740434 0.999992728 11.161995888
0.999997258 -0.002079899 -0.001116396 0.228806138 0.002083560 0.999992371 0.003287810 -0.416955471 0.001109549 -0.003290126 0.999993980 11.551133156
0.999997675 -0.002079994 -0.000616535 0.233420700 0.002082322 0.999990642 0.003798776 -0.432605147 0.000608628 -0.003800051 0.999992549 11.925148010
0.999999285 -0.001096768 -0.000296686 0.235809177 0.001097880 0.999992311 0.003776082 -0.440939039 0.000292543 -0.003776405 0.999992847 12.303516388
0.999999166 -0.001143313 -0.000696746 0.244854376 0.001146227 0.999990463 0.004196403 -0.457171202 0.000691942 -0.004197197 0.999990940 12.688820839
0.999996305 -0.002287686 -0.001457877 0.279639453 0.002293658 0.999988914 0.004108414 -0.458235383 0.001448462 -0.004111743 0.999990463 13.095730782
0.999998033 -0.001648838 -0.001035241 0.258907408 0.001653063 0.999990225 0.004093995 -0.495322734 0.001028481 -0.004095699 0.999991059 13.548750877
0.999998629 -0.001450536 -0.000801131 0.267573029 0.001454371 0.999987364 0.004806623 -0.507460892 0.000794148 -0.004807783 0.999988079 13.962037086
0.999997735 -0.001949484 -0.000886941 0.280447066 0.001953423 0.999988139 0.004462533 -0.526486814 0.000878231 -0.004464256 0.999989629 14.394424438
0.999996841 -0.002332190 -0.000995663 0.283557057 0.002336687 0.999986887 0.004539941 -0.530746758 0.000985062 -0.004542253 0.999989152 14.800275803
0.999996841 -0.002490739 -0.000540804 0.301790059 0.002493299 0.999985456 0.004785208 -0.556308329 0.000528878 -0.004786540 0.999988377 15.254026413
0.999999166 -0.001295156 0.000062904 0.306460202 0.001294862 0.999989152 0.004466803 -0.554141223 -0.000068689 -0.004466719 0.999989927 15.623215675
0.999998450 -0.001391927 0.001104319 0.278432131 0.001386763 0.999988139 0.004663209 -0.575316787 -0.001110797 -0.004661670 0.999988437 16.166757584
0.999998212 -0.001613087 0.001035874 0.291287959 0.001608820 0.999990225 0.004107964 -0.576171160 -0.001042491 -0.004106290 0.999991000 16.625823975
0.999997973 -0.001209361 0.001643385 0.310080111 0.001202508 0.999990463 0.004164992 -0.593765795 -0.001648407 -0.004163006 0.999989927 17.116279602
0.999997318 -0.001042205 0.002067426 0.311552346 0.001033347 0.999990225 0.004280863 -0.601536453 -0.002071868 -0.004278715 0.999988675 17.545547485
0.999996960 -0.001581100 0.001903456 0.329459161 0.001572052 0.999987483 0.004745283 -0.608708322 -0.001910935 -0.004742276 0.999986887 18.014448166
0.999996006 -0.001854529 0.002153360 0.355524480 0.001843625 0.999985456 0.005054758 -0.631919324 -0.002162703 -0.005050767 0.999984860 18.471113205
0.999996960 -0.001545053 0.001920107 0.338330209 0.001536196 0.999988198 0.004606067 -0.646735072 -0.001927202 -0.004603103 0.999987543 18.996875763
0.999996543 -0.001858537 0.001848280 0.355669737 0.001848818 0.999984562 0.005246354 -0.660450280 -0.001858002 -0.005242919 0.999984503 19.474985123
0.999997437 -0.000568098 0.002206787 0.364638269 0.000555800 0.999984324 0.005569402 -0.686853170 -0.002209917 -0.005568161 0.999981999 19.964063644
0.999997616 -0.001215392 0.001818799 0.365241140 0.001206291 0.999986827 0.004996435 -0.694405794 -0.001824847 -0.004994228 0.999985874 20.477712631
0.999997377 0.000003364 0.002284565 0.376461774 -0.000014479 0.999988139 0.004865588 -0.699912071 -0.002284522 -0.004865608 0.999985516 20.986934662
0.999995828 -0.002793151 0.000708497 0.381115317 0.002788662 0.999976516 0.006259331 -0.750745296 -0.000725963 -0.006257330 0.999980152 21.455886841
0.999994099 -0.003408162 0.000097920 0.392150551 0.003407460 0.999973476 0.006439129 -0.761918724 -0.000119863 -0.006438758 0.999979258 21.969097137
0.999995589 -0.002933386 -0.000160256 0.397061855 0.002934314 0.999976873 0.006133178 -0.774726391 0.000142261 -0.006133621 0.999981165 22.496055603
0.999995410 -0.002930170 -0.000704632 0.387661278 0.002934496 0.999976397 0.006219526 -0.786267400 0.000686391 -0.006221565 0.999980330 23.016006470
0.999994159 -0.003221735 -0.001129365 0.404059619 0.003228213 0.999978065 0.005782212 -0.809166551 0.001110712 -0.005785824 0.999982655 23.584835052
0.999990165 -0.003960820 -0.001998008 0.416712403 0.003971921 0.999976456 0.005582480 -0.812445760 0.001975850 -0.005590361 0.999982417 24.192781448
0.999991119 -0.003483067 -0.002412511 0.423366547 0.003495343 0.999980927 0.005102776 -0.812475801 0.002394692 -0.005111163 0.999984026 24.733434677
0.999987543 -0.003599697 -0.003456885 0.447091818 0.003617614 0.999979973 0.005190942 -0.820419550 0.003438129 -0.005203384 0.999980569 25.272943497
0.999991477 -0.001772798 -0.003715224 0.421549648 0.001792992 0.999983609 0.005439138 -0.847207189 0.003705521 -0.005445754 0.999978304 25.760572433
0.999986887 -0.003243846 -0.003961585 0.407655537 0.003267810 0.999976337 0.006057522 -0.894081891 0.003941842 -0.006070388 0.999973834 26.356006622
0.999984682 -0.003156861 -0.004551230 0.416215926 0.003182096 0.999979615 0.005548275 -0.893900394 0.004533621 -0.005562672 0.999974310 26.900074005
0.999977946 -0.004016093 -0.005292307 0.440824211 0.004049465 0.999971926 0.006310397 -0.927605212 0.005266815 -0.006331689 0.999966145 27.437854767
0.999969363 -0.004795768 -0.006176995 0.477754712 0.004840134 0.999962509 0.007187689 -0.951910198 0.006142293 -0.007217367 0.999955177 27.968488693
0.999957204 -0.005621803 -0.007338738 0.515633166 0.005677830 0.999954700 0.007636107 -0.950554490 0.007295477 -0.007677448 0.999943972 28.486356735
0.999969661 -0.003810019 -0.006798849 0.510042787 0.003863087 0.999962151 0.007809432 -0.968792737 0.006768837 -0.007835460 0.999946475 28.989812851
0.999962986 -0.005254221 -0.006809404 0.381715417 0.005308637 0.999953866 0.007997893 -1.033281684 0.006767068 -0.008033744 0.999944806 29.336585999
0.999962211 -0.004970846 -0.007123446 0.392702162 0.005027239 0.999955952 0.007920552 -1.038663387 0.007083760 -0.007956063 0.999943197 29.883132935
0.999963641 -0.004169737 -0.007440971 0.423764169 0.004227944 0.999960482 0.007823912 -1.076261401 0.007408053 -0.007855088 0.999941647 30.374828339
0.999960840 -0.004180219 -0.007797318 0.425426185 0.004251124 0.999949574 0.009099161 -1.097837687 0.007758887 -0.009131952 0.999928176 30.979740143
0.999950528 -0.005592195 -0.008215745 0.378645480 0.005670157 0.999938846 0.009496816 -1.118411064 0.008162133 -0.009542929 0.999921143 31.348234177
0.999968112 -0.003391739 -0.007231976 0.379653364 0.003449774 0.999961853 0.008027350 -1.124064088 0.007204475 -0.008052041 0.999941647 31.711282730
0.999966681 -0.003579977 -0.007328632 0.383218288 0.003635477 0.999964714 0.007573747 -1.124372721 0.007301259 -0.007600137 0.999944448 32.263679504
0.999964297 -0.003527767 -0.007667918 0.381051123 0.003590629 0.999959946 0.008199801 -1.145785332 0.007638684 -0.008227040 0.999936998 32.798339844
0.999950051 -0.004782081 -0.008786251 0.377792627 0.004854104 0.999954700 0.008194290 -1.157167912 0.008746668 -0.008236529 0.999927819 33.296268463
0.999944687 -0.004842847 -0.009338231 0.379010916 0.004924503 0.999949694 0.008741284 -1.178798199 0.009295428 -0.008786785 0.999918222 33.821533203
0.999972999 -0.002108862 -0.007042196 0.321067631 0.002162380 0.999968827 0.007600740 -1.128919005 0.007025948 -0.007615763 0.999946356 34.366588593
0.999948323 -0.005099401 -0.008789609 0.387720793 0.005178341 0.999946177 0.008981801 -1.231443405 0.008743335 -0.009026852 0.999920964 34.766925812
0.999955475 -0.004087750 -0.008509698 0.378205001 0.004163267 0.999951899 0.008875353 -1.241503477 0.008473009 -0.008910387 0.999924362 35.334514618
0.999942839 -0.005065729 -0.009411780 0.404067695 0.005144399 0.999951780 0.008353336 -1.247567058 0.009369010 -0.008401277 0.999920785 35.895835876
0.999951601 -0.004442241 -0.008787013 0.379165858 0.004524979 0.999945402 0.009418647 -1.278619528 0.008744691 -0.009457950 0.999917030 36.353466034
0.999949157 -0.004896188 -0.008816274 0.372611284 0.004976443 0.999946177 0.009104261 -1.289615393 0.008771223 -0.009147671 0.999919713 36.889591217
0.999948442 -0.003296307 -0.009612060 0.409852862 0.003378733 0.999957442 0.008571588 -1.270022511 0.009583398 -0.008603623 0.999917030 37.524284363
0.999929786 -0.006101032 -0.010165512 0.396351755 0.006199925 0.999933422 0.009725295 -1.309484363 0.010105500 -0.009787638 0.999900997 38.019058228
0.999933362 -0.005412162 -0.010207479 0.399517894 0.005499294 0.999948502 0.008527456 -1.327108264 0.010160801 -0.008583022 0.999911487 38.549526215
0.999936342 -0.005658542 -0.009752882 0.433354348 0.005766011 0.999922514 0.011026504 -1.378533602 0.009689734 -0.011082037 0.999891639 38.714683533
0.999945462 -0.004985956 -0.009175546 0.430626065 0.005087964 0.999925137 0.011127912 -1.397542715 0.009119377 -0.011173989 0.999896049 39.250625610
0.999937475 -0.005354967 -0.009816792 0.451470733 0.005453050 0.999935210 0.009991948 -1.389178991 0.009762651 -0.010044853 0.999901891 39.804676056
0.999947309 -0.004143184 -0.009390623 0.455608308 0.004226248 0.999951959 0.008842913 -1.382752419 0.009353536 -0.008882134 0.999916792 40.363277435
0.999923646 -0.005642409 -0.010990655 0.467998236 0.005750906 0.999934852 0.009865335 -1.401223302 0.010934274 -0.009927788 0.999890924 40.891323090
0.999937832 -0.005930369 -0.009441338 0.464120150 0.006033151 0.999922454 0.010895310 -1.445020795 0.009375992 -0.010951594 0.999896049 41.425518036
0.999951959 -0.004268578 -0.008818892 0.384368867 0.004343465 0.999954522 0.008490169 -1.360976815 0.008782250 -0.008528067 0.999925137 41.919582367
0.999937594 -0.005196415 -0.009890582 0.458600491 0.005314517 0.999914467 0.011952202 -1.469796777 0.009827631 -0.012004021 0.999879599 42.204162598
0.999940693 -0.004929147 -0.009717558 0.456447661 0.005036566 0.999926209 0.011060897 -1.472070694 0.009662320 -0.011109184 0.999891579 42.744518280
0.999935269 -0.005097919 -0.010171424 0.471154451 0.005208378 0.999927461 0.010863029 -1.474076748 0.010115308 -0.010915304 0.999889255 43.289497375
0.999938250 -0.004554763 -0.010133339 0.472860515 0.004658636 0.999936700 0.010250809 -1.472737789 0.010086007 -0.010297384 0.999896109 43.791851044
0.999934793 -0.004332925 -0.010571322 0.481869280 0.004440788 0.999938190 0.010201393 -1.491192460 0.010526468 -0.010247673 0.999892056 44.324657440
0.999953032 -0.002199287 -0.009442564 0.452925861 0.002296183 0.999944806 0.010263115 -1.525580883 0.009419471 -0.010284316 0.999902785 44.801548004
0.999929488 -0.004600601 -0.010940992 0.560038447 0.004742255 0.999904811 0.012956617 -1.560779810 0.010880341 -0.013007591 0.999856114 45.169826508
0.999922812 -0.004808039 -0.011449791 0.575577080 0.004951465 0.999909163 0.012531318 -1.560693026 0.011388501 -0.012587044 0.999855876 45.717571259
0.999923646 -0.004581118 -0.011479758 0.561947525 0.004725291 0.999909937 0.012563345 -1.571840525 0.011421170 -0.012616631 0.999855161 46.279972076
0.999933243 -0.004553406 -0.010615638 0.550072372 0.004681731 0.999915957 0.012094954 -1.579418302 0.010559672 -0.012143846 0.999870479 46.795173645
0.999942601 -0.003769322 -0.010025291 0.546112955 0.003898188 0.999909639 0.012865716 -1.597651720 0.009975890 -0.012904058 0.999866962 47.347358704
0.999949515 -0.002190376 -0.009803958 0.531574547 0.002310241 0.999922514 0.012231583 -1.591431141 0.009776408 -0.012253613 0.999877095 47.890686035
0.999928772 -0.004923315 -0.010873268 0.569104016 0.005067683 0.999898791 0.013289860 -1.616355896 0.010806738 -0.013344017 0.999852538 48.141246796
0.999933183 -0.004436843 -0.010682308 0.564427376 0.004579765 0.999899805 0.013392279 -1.625539660 0.010621819 -0.013440307 0.999853253 48.687973022
0.999929726 -0.004328164 -0.011037435 0.554286957 0.004473157 0.999903619 0.013145823 -1.635742426 0.010979475 -0.013194273 0.999852657 49.190593719
0.999921739 -0.005407925 -0.011276884 0.551097989 0.005556659 0.999897480 0.013200028 -1.627680659 0.011204340 -0.013261656 0.999849260 49.681243896
0.999920368 -0.005837040 -0.011186982 0.565320969 0.005988575 0.999890149 0.013560340 -1.653006077 0.011106602 -0.013626256 0.999845445 50.200077057
0.999924123 -0.005070837 -0.011228258 0.593289554 0.005234007 0.999880373 0.014550698 -1.673373342 0.011153130 -0.014608362 0.999831080 50.579338074
0.999921322 -0.005115541 -0.011460736 0.599325240 0.005273932 0.999890447 0.013833015 -1.677677631 0.011388718 -0.013892369 0.999838591 51.122768402
0.999933958 -0.004055313 -0.010751793 0.596855700 0.004202112 0.999897778 0.013666172 -1.686940908 0.010695275 -0.013710449 0.999848783 51.629409790
0.999928534 -0.004850732 -0.010927623 0.563732505 0.004994361 0.999901056 0.013154944 -1.688905120 0.010862730 -0.013208581 0.999853730 52.156513214
0.999935448 -0.003390788 -0.010842336 0.593730211 0.003532702 0.999908030 0.013096742 -1.702049017 0.010796932 -0.013134199 0.999855459 52.700416565
0.999922514 -0.004546151 -0.011588788 0.617387354 0.004693891 0.999907613 0.012753430 -1.695003986 0.011529739 -0.012806838 0.999851465 53.222972870
0.999930143 -0.005105326 -0.010662049 0.586916566 0.005262632 0.999876976 0.014778204 -1.733557940 0.010585289 -0.014833285 0.999833941 53.506195068
0.999932706 -0.005564305 -0.010182926 0.584881783 0.005715983 0.999872327 0.014927296 -1.751463890 0.010098564 -0.014984499 0.999836743 54.042736053
0.999933958 -0.005050934 -0.010320065 0.586553156 0.005200316 0.999881327 0.014499716 -1.747446299 0.010245603 -0.014552427 0.999841571 54.578601837
0.999937356 -0.005307038 -0.009859855 0.584901750 0.005443414 0.999889255 0.013856512 -1.764048219 0.009785226 -0.013909315 0.999855399 55.158805847
0.999943316 -0.005264185 -0.009248598 0.592375517 0.005388425 0.999894917 0.013460230 -1.757517099 0.009176770 -0.013509304 0.999866605 55.757286072
0.999922037 -0.005445465 -0.011234799 0.637894750 0.005602175 0.999886751 0.013964613 -1.762948155 0.011157483 -0.014026463 0.999839365 55.918708801
0.999926150 -0.005560985 -0.010802899 0.641307116 0.005703328 0.999896705 0.013190541 -1.770821571 0.010728430 -0.013251182 0.999854624 56.468326569
0.999921143 -0.005693986 -0.011188789 0.661894858 0.005837698 0.999900401 0.012853836 -1.772751093 0.011114484 -0.012918140 0.999854743 57.013626099
0.999934554 -0.004742224 -0.010414642 0.665880084 0.004871759 0.999910653 0.012447721 -1.768180370 0.010354683 -0.012497644 0.999868274 57.517047882
0.999906957 -0.006092417 -0.012206952 0.754706562 0.006246397 0.999900937 0.012615950 -1.793164730 0.012128881 -0.012691026 0.999845922 57.941162109
0.999917448 -0.004908321 -0.011872089 0.727101266 0.005083080 0.999878526 0.014735018 -1.812596440 0.011798320 -0.014794149 0.999820948 58.267478943
0.999926865 -0.004548279 -0.011207056 0.717364192 0.004708872 0.999886036 0.014345160 -1.815705538 0.011140533 -0.014396884 0.999834299 58.816970825
0.999925494 -0.004909439 -0.011175628 0.732064724 0.005057897 0.999898791 0.013294745 -1.814949989 0.011109228 -0.013350282 0.999849200 59.354221344
0.999916732 -0.004845899 -0.011966925 0.775726676 0.005002328 0.999901891 0.013076612 -1.796841383 0.011902384 -0.013135383 0.999842882 59.814598083
0.999922454 -0.004904627 -0.011443364 0.741820037 0.005050688 0.999905646 0.012769995 -1.821180344 0.011379652 -0.012826802 0.999852955 60.395618439
0.999922633 -0.004566469 -0.011570316 0.738968313 0.004737256 0.999879599 0.014776559 -1.841363192 0.011501445 -0.014830228 0.999823809 60.646770477
0.999920011 -0.004781702 -0.011712777 0.747117221 0.004954213 0.999879062 0.014743999 -1.848293066 0.011640858 -0.014800847 0.999822676 61.183410645
0.999932051 -0.003698938 -0.011051139 0.750306249 0.003851926 0.999896586 0.013854596 -1.846405268 0.010998750 -0.013896225 0.999842942 61.758495331
0.999924481 -0.004733375 -0.011343395 0.777402103 0.004889992 0.999892652 0.013819078 -1.846410751 0.011276766 -0.013873504 0.999840140 62.315826416
0.999910891 -0.005423265 -0.012193372 0.785787761 0.005606879 0.999870658 0.015075231 -1.863215566 0.012110040 -0.015142255 0.999812007 62.574440002
0.999907911 -0.005930284 -0.012204771 0.783998013 0.006109723 0.999873042 0.014717952 -1.869946003 0.012115940 -0.014791165 0.999817193 63.125064850
0.999911785 -0.004531146 -0.012482636 0.815240443 0.004717922 0.999876738 0.014974354 -1.888356447 0.012413247 -0.015031925 0.999809921 63.621532440
0.999918699 -0.004620280 -0.011885080 0.816761017 0.004801593 0.999871790 0.015272615 -1.895916700 0.011812993 -0.015328438 0.999812722 64.115898132
0.999909639 -0.005385815 -0.012327575 0.811036825 0.005570357 0.999872148 0.014984635 -1.896953344 0.012245297 -0.015051947 0.999811709 64.489509583
0.999919355 -0.004703030 -0.011807882 0.791224778 0.004881015 0.999874234 0.015090016 -1.909524679 0.011735428 -0.015146429 0.999816358 65.032752991
0.999924421 -0.003457201 -0.011797205 0.830372512 0.003629324 0.999886870 0.014600070 -1.922197461 0.011745394 -0.014641784 0.999823749 65.528648376
0.999910235 -0.005436266 -0.012244978 0.827699542 0.005611558 0.999881625 0.014326782 -1.917874575 0.012165643 -0.014394211 0.999822378 66.041587830
0.999912977 -0.004943367 -0.012230395 0.838311434 0.005125278 0.999876022 0.014887268 -1.924013019 0.012155289 -0.014948657 0.999814332 66.410881042
0.999909639 -0.004619944 -0.012628124 0.856216729 0.004809760 0.999875247 0.015042379 -1.944423199 0.012557055 -0.015101757 0.999807119 66.953384399
0.999923587 -0.004300113 -0.011593983 0.814251721 0.004467946 0.999885023 0.014489061 -1.938935757 0.011530347 -0.014539754 0.999827802 67.495544434
0.999921262 -0.005398423 -0.011329619 0.767931044 0.005562807 0.999878943 0.014528213 -1.961706281 0.011249819 -0.014590093 0.999830306 68.082679749
0.999917746 -0.004478381 -0.012012330 0.857841849 0.004665434 0.999867558 0.015589244 -1.971178174 0.011940923 -0.015644003 0.999806345 68.342590332
0.999919415 -0.004318662 -0.011928998 0.862170219 0.004498923 0.999875486 0.015125888 -1.971090317 0.011862190 -0.015178336 0.999814451 68.897506714
0.999922574 -0.003723268 -0.011873066 0.867406785 0.003900203 0.999881208 0.014914057 -1.981984377 0.011816126 -0.014959209 0.999818325 69.453735352
0.999919236 -0.004559694 -0.011859962 0.876373172 0.004737683 0.999875903 0.015022952 -1.993509293 0.011789992 -0.015077928 0.999816895 69.985626221
0.999926925 -0.003936938 -0.011425449 0.901183486 0.004103228 0.999885440 0.014567708 -1.996453166 0.011366786 -0.014613526 0.999828696 70.467117310
0.999907553 -0.005470746 -0.012456147 0.911788702 0.005672924 0.999851763 0.016254041 -2.017417192 0.012365381 -0.016323198 0.999790311 70.679916382
0.999909103 -0.005436589 -0.012341165 0.918352246 0.005631947 0.999858558 0.015850620 -2.023498297 0.012253245 -0.015918683 0.999798179 71.212707520
0.999908149 -0.005399811 -0.012430711 0.942574739 0.005595786 0.999859750 0.015785068 -2.044058800 0.012343732 -0.015853178 0.999798179 71.774688721
0.999901831 -0.005913847 -0.012702233 0.935051560 0.006110664 0.999861002 0.015512150 -2.038331509 0.012608731 -0.015588246 0.999799013 72.316047668
0.999899149 -0.006200279 -0.012779372 0.945469081 0.006391347 0.999867618 0.014965103 -2.031581879 0.012684890 -0.015045269 0.999806404 72.873695374
0.999900043 -0.006451201 -0.012582359 0.904629707 0.006638151 0.999867320 0.014873416 -2.014447212 0.012484740 -0.014955452 0.999810159 73.229103088
0.999899864 -0.006777755 -0.012427342 0.904898524 0.006969198 0.999856710 0.015426908 -2.018857241 0.012321001 -0.015511969 0.999803782 73.784042358
0.999898791 -0.006893930 -0.012445966 0.908467174 0.007080957 0.999861658 0.015046153 -2.029294491 0.012340518 -0.015132761 0.999809325 74.296463013
0.999906421 -0.006169414 -0.012211138 0.904453754 0.006349069 0.999871373 0.014728744 -2.031927824 0.012118699 -0.014804893 0.999816954 74.807373047
0.999921679 -0.005405539 -0.011283795 0.925288260 0.005576097 0.999869823 0.015139023 -2.050659180 0.011200490 -0.015200759 0.999821723 75.195358276
0.999948025 -0.004576318 -0.009115560 0.913240910 0.004715248 0.999872088 0.015278263 -2.068023920 0.009044475 -0.015320450 0.999841750 75.748039246
0.999953747 -0.004750873 -0.008363155 0.931811988 0.004872601 0.999881566 0.014595453 -2.075894833 0.008292822 -0.014635528 0.999858439 76.317466736
0.999974430 -0.003082935 -0.006460796 0.904634297 0.003180695 0.999879718 0.015175876 -2.106635571 0.006413234 -0.015196037 0.999863982 76.860237122
0.999977052 -0.004889112 -0.004676125 0.956378937 0.004961864 0.999864817 0.015675349 -2.099519014 0.004598855 -0.015698195 0.999866128 77.170677185
0.999988198 -0.004707860 -0.001164561 0.975237489 0.004725207 0.999870658 0.015370588 -2.094196320 0.001092047 -0.015375909 0.999881208 77.716560364
0.999984741 -0.005129615 0.002046468 0.998224437 0.005098688 0.999876857 0.014841394 -2.100256920 -0.002122347 -0.014830733 0.999887764 78.247848511
0.999968648 -0.004124934 0.006748182 1.013187528 0.004020695 0.999873519 0.015388283 -2.108895540 -0.006810806 -0.015360667 0.999858856 78.787391663
0.999916971 -0.002627715 0.012610645 1.044346094 0.002422124 0.999864399 0.016290624 -2.150485992 -0.012651740 -0.016258726 0.999787748 79.280982971
0.999814928 -0.003285455 0.018954722 1.068636537 0.002973638 0.999860227 0.016455384 -2.166734219 -0.019006133 -0.016395975 0.999684930 79.764739990
0.999701738 -0.003525576 0.024167197 1.109323859 0.003127812 0.999859393 0.016476909 -2.151964188 -0.024221888 -0.016396403 0.999572098 80.345481873
0.999502063 -0.005059318 0.031149941 1.139573455 0.004539346 0.999849558 0.016740743 -2.138170242 -0.031229947 -0.016591003 0.999374509 80.601913452
0.999184251 -0.004722045 0.040106669 1.186454773 0.004032791 0.999843121 0.017249109 -2.151983738 -0.040181823 -0.017073296 0.999046445 81.116737366
0.998865962 -0.005117032 0.047334082 1.223151684 0.004301887 0.999840975 0.017306978 -2.158399582 -0.047415107 -0.017083727 0.998729110 81.669662476
0.998422861 -0.006276025 0.055789217 1.262576818 0.005379952 0.999854386 0.016197450 -2.151509285 -0.055882744 -0.015871763 0.998311162 82.280578613
0.997797608 -0.006242872 0.066038258 1.322340012 0.005214588 0.999862611 0.015731964 -2.154858589 -0.066127397 -0.015352954 0.997693002 82.847381592
0.997199535 -0.007211789 0.074439324 1.367067814 0.006000575 0.999846220 0.016482007 -2.171132803 -0.074546739 -0.015989169 0.997089326 83.325798035
0.996515989 -0.005947915 0.083189152 1.442757130 0.004666027 0.999867558 0.015595242 -2.203121901 -0.083270893 -0.015152750 0.996411741 83.836547852
0.995598793 -0.005404027 0.093562081 1.437560558 0.003813837 0.999845386 0.017166564 -2.210890532 -0.093640387 -0.016734181 0.995465457 84.240402222
0.994512677 -0.005919077 0.104448825 1.514144897 0.004198903 0.999852121 0.016681269 -2.213697910 -0.104532108 -0.016151166 0.994390368 84.781066895
0.993459523 -0.005234475 0.114064954 1.593122482 0.003312408 0.999849439 0.017033668 -2.220146418 -0.114136927 -0.016544430 0.993327260 85.338073730
0.992181361 -0.005504923 0.124683350 1.691804886 0.003433262 0.999852598 0.016824169 -2.221864700 -0.124757566 -0.016264554 0.992053926 85.888832092
0.990470946 -0.004306142 0.137654454 1.776655197 0.001939006 0.999848068 0.017325696 -2.240839481 -0.137708113 -0.016893689 0.990328789 86.476280212
0.988821566 -0.003791742 0.149055153 1.847599030 0.001365004 0.999864876 0.016379742 -2.228203535 -0.149097130 -0.015993185 0.988693237 86.997413635
0.987420142 -0.005709194 0.158015281 1.978698730 0.003168161 0.999861717 0.016328154 -2.263889551 -0.158086643 -0.015622131 0.987301707 87.559799194
0.985243559 -0.004467251 0.171099514 2.084714890 0.001512008 0.999847531 0.017398495 -2.264782906 -0.171151161 -0.016883051 0.985100150 88.098396301
0.983236134 -0.006599396 0.182217360 2.161909103 0.003461193 0.999840200 0.017534954 -2.237344742 -0.182303950 -0.016610309 0.983101904 88.476478577
0.981156170 -0.007486104 0.193071604 2.287752151 0.004310180 0.999848545 0.016864264 -2.237372398 -0.193168610 -0.015714303 0.981039762 89.012840271
0.978474259 -0.007188501 0.206243739 2.425196648 0.003761088 0.999848247 0.017005529 -2.242943764 -0.206334665 -0.015863771 0.978352904 89.555686951
0.975540400 -0.008122093 0.219669789 2.564861298 0.004384063 0.999837279 0.017498719 -2.249032497 -0.219776183 -0.016107662 0.975417376 90.058601379
0.972852230 -0.009453410 0.231234163 2.721025467 0.005624393 0.999836028 0.017212668 -2.259857655 -0.231359005 -0.015444826 0.972745955 90.614669800
0.969423294 -0.005659148 0.245329335 2.796806335 0.001303114 0.999838591 0.017914550 -2.247232676 -0.245391145 -0.017047089 0.969274282 91.080291748
0.966066480 -0.006509722 0.258211464 2.973697662 0.001877445 0.999832869 0.018182373 -2.260032177 -0.258286685 -0.017080601 0.965917349 91.578987122
0.962186098 -0.005531387 0.272336930 3.132051468 0.000607797 0.999834836 0.018160079 -2.264505386 -0.272392422 -0.017307850 0.962030649 92.136100769
0.959284246 -0.006195710 0.282374680 3.339582443 0.000548324 0.999798357 0.020074258 -2.309670687 -0.282442123 -0.019102085 0.959094226 92.608398438
0.954863548 -0.007111158 0.296959966 3.516843796 0.001607529 0.999822378 0.018773319 -2.291626930 -0.297040761 -0.017448585 0.954705477 93.258003235
0.950015068 -0.005441055 0.312156558 3.697578430 -0.000417478 0.999825001 0.018698033 -2.280607700 -0.312203705 -0.017893735 0.949846685 93.717552185
0.946180224 -0.006837278 0.323568285 3.876781464 0.001071062 0.999837458 0.017995423 -2.280491352 -0.323638797 -0.016680352 0.946033716 94.217193604
0.942420840 -0.008478394 0.334321797 4.070587158 0.002517044 0.999830067 0.018260369 -2.289484978 -0.334419847 -0.016367448 0.942282081 94.621170044
0.937146664 -0.007783986 0.348848820 4.289381027 0.001508908 0.999832213 0.018256079 -2.289587021 -0.348932356 -0.016582243 0.937001228 95.148605347
0.932572722 -0.009798035 0.360849231 4.512983322 0.003658167 0.999836802 0.017694175 -2.291863918 -0.360963643 -0.015181055 0.932456315 95.651550293
0.927866817 -0.008923407 0.372805089 4.743553162 0.002544930 0.999841928 0.017598042 -2.305625439 -0.372903109 -0.015379878 0.927742839 96.185768127
0.922490716 -0.010847007 0.385866970 4.993698120 0.003923014 0.999816954 0.018726865 -2.323333502 -0.385999411 -0.015761597 0.922364354 96.632095337
0.917476296 -0.011721558 0.397617757 5.231941223 0.004974174 0.999825716 0.017996754 -2.340547562 -0.397759318 -0.014533776 0.917374730 97.075645447
0.911892354 -0.009151690 0.410327554 5.455518723 0.002379326 0.999852538 0.017012388 -2.301269770 -0.410422623 -0.014537163 0.911779523 97.624679565
0.906540930 -0.009453947 0.422011942 5.655357361 0.002019153 0.999834776 0.018060962 -2.303246975 -0.422112912 -0.015520896 0.906410336 98.065505981
0.899788678 -0.009685603 0.436218500 5.915088654 0.001774519 0.999826491 0.018539404 -2.312905073 -0.436322421 -0.015907466 0.899649739 98.559967041
0.894429803 -0.011960496 0.447048426 6.183456421 0.004297751 0.999826014 0.018151004 -2.315087080 -0.447187811 -0.014313496 0.894325495 99.040245056
0.888525784 -0.011931651 0.458671600 6.457691193 0.004079374 0.999827683 0.018106565 -2.316449165 -0.458808661 -0.014217058 0.888421297 99.536178589
0.880969942 -0.010865936 0.473047346 6.715248108 0.002634758 0.999833405 0.018059470 -2.319193363 -0.473164737 -0.014663488 0.880851865 100.008819580
