1.000000000 0.000000000 0.000000000 0.000000000 0.000000000 1.000000000 0.000000000 0.000000000 0.000000000 0.000000000 1.000000000 0.000000000
0.999999940 0.000182910 0.000166153 -0.001280291 -0.000182903 1.000000000 -0.000038068 -0.000504314 -0.000166160 0.000038038 1.000000000 0.000991340
1.000000000 0.000091727 -0.000016482 0.007485513 -0.000091726 1.000000000 0.000036697 -0.000156533 0.000016485 -0.000036695 1.000000000 -0.004357774
1.000000000 -0.000030729 0.000031739 0.001298915 0.000030729 1.000000000 -0.000019892 0.000184808 -0.000031739 0.000019893 1.000000000 0.000017500
1.000000000 0.000105046 0.000178717 -0.002421902 -0.000105030 1.000000000 -0.000089866 0.002264889 -0.000178726 0.000089847 1.000000000 0.001797809
1.000000000 0.000011364 0.000010901 -0.000328030 -0.000011364 1.000000000 0.000033800 0.001661273 -0.000010901 -0.000033800 1.000000000 -0.002072299
1.000000000 0.000075377 0.000135919 -0.004510891 -0.000075371 1.000000000 -0.000039196 0.002935010 -0.000135922 0.000039186 1.000000000 0.000849538
1.000000000 0.000142638 0.000050568 0.000218356 -0.000142637 1.000000000 -0.000024283 -0.000678592 -0.000050571 0.000024276 1.000000000 -0.004400444
1.000000000 0.000100783 0.000085500 0.001237813 -0.000100779 1.000000000 -0.000043443 -0.000298527 -0.000085504 0.000043435 1.000000000 -0.002350336
1.000000000 0.000188390 0.000087366 0.001076528 -0.000188392 1.000000000 0.000019366 0.001735186 -0.000087362 -0.000019382 1.000000000 -0.009307485
1.000000000 -0.000047130 0.000051740 0.000274066 0.000047135 1.000000000 -0.000083732 -0.000659249 -0.000051736 0.000083734 1.000000000 0.001426154
1.000000000 0.000029155 0.000131455 -0.005667552 -0.000029137 1.000000000 -0.000136736 0.001695157 -0.000131459 0.000136732 1.000000000 0.002218317
1.000000000 0.000116037 0.000207271 -0.003667514 -0.000116026 1.000000000 -0.000054925 0.001674205 -0.000207277 0.000054901 1.000000000 0.002225977
1.000000000 -0.000216388 -0.000005889 -0.002062602 0.000216389 0.999999940 0.000120344 0.001154381 0.000005863 -0.000120345 1.000000000 -0.005775247
0.999999940 -0.000300485 -0.000021413 -0.000845420 0.000300486 0.999999940 0.000036863 -0.001105328 0.000021402 -0.000036870 1.000000000 -0.002797262
1.000000000 -0.000134374 0.000083026 -0.000827506 0.000134377 1.000000000 -0.000040557 -0.000881810 -0.000083020 0.000040568 1.000000000 -0.001856891
1.000000000 0.000157773 0.000107910 -0.000750730 -0.000157781 1.000000000 0.000077846 -0.001553409 -0.000107898 -0.000077863 1.000000000 -0.014977016
1.000000000 -0.000159415 0.000019800 -0.000145968 0.000159417 1.000000000 -0.000069711 0.000671913 -0.000019788 0.000069714 1.000000000 -0.003641350
1.000000000 -0.000025729 0.000029097 -0.000394744 0.000025730 1.000000000 -0.000045049 -0.000396130 -0.000029096 0.000045050 1.000000000 -0.010556261
1.000000000 -0.000086422 0.000023674 -0.000254453 0.000086423 1.000000000 -0.000033303 0.000085434 -0.000023671 0.000033305 1.000000000 -0.007342525
1.000000000 0.000052439 0.000208774 -0.003606253 -0.000052436 1.000000000 -0.000012966 -0.001396602 -0.000208774 0.000012955 1.000000000 -0.003497703
1.000000000 -0.000106198 0.000084936 0.000684261 0.000106199 1.000000000 -0.000012116 -0.000544602 -0.000084935 0.000012125 1.000000000 -0.007009710
1.000000000 -0.000160064 0.000074948 -0.000946479 0.000160056 1.000000000 0.000113584 -0.001387429 -0.000074966 -0.000113572 1.000000000 -0.008743352
1.000000000 0.000037647 -0.000048577 0.006067654 -0.000037644 1.000000000 0.000064365 -0.001593011 0.000048580 -0.000064363 1.000000000 -0.013504483
1.000000000 -0.000081319 0.000060260 0.000722013 0.000081316 1.000000000 0.000041823 -0.001363712 -0.000060264 -0.000041818 1.000000000 -0.007520808
1.000000000 0.000152173 0.000185504 -0.005160469 -0.000152163 1.000000000 -0.000052559 0.000029846 -0.000185512 0.000052531 1.000000000 -0.007162362
1.000000000 0.000020826 0.000143741 -0.005891453 -0.000020842 1.000000000 0.000109414 -0.000197732 -0.000143739 -0.000109416 1.000000000 -0.006279314
1.000000000 -0.000236060 0.000014142 -0.005329684 0.000236060 1.000000000 0.000022400 0.002401046 -0.000014148 -0.000022397 1.000000000 -0.008315863
1.000000000 -0.000189925 -0.000037886 0.000077674 0.000189927 1.000000000 0.000047238 -0.001900231 0.000037877 -0.000047245 1.000000000 -0.002759940
1.000000000 -0.000050880 0.000124021 -0.003204017 0.000050882 1.000000000 -0.000018842 0.001561837 -0.000124020 0.000018848 1.000000000 -0.001441136
1.000000000 -0.000170249 0.000122211 -0.003731895 0.000170237 1.000000000 0.000093399 -0.000299770 -0.000122227 -0.000093378 1.000000000 -0.005172237
1.000000000 -0.000197891 -0.000014255 0.000648760 0.000197891 1.000000000 0.000011679 -0.000318804 0.000014252 -0.000011682 1.000000000 -0.006725327
1.000000000 -0.000031966 0.000035391 -0.003498327 0.000031969 1.000000000 -0.000085813 0.000862811 -0.000035388 0.000085815 1.000000000 -0.004200874
1.000000000 0.000025665 -0.000002420 -0.000963436 -0.000025665 1.000000000 -0.000155575 0.005677399 0.000002416 0.000155575 1.000000000 0.001052578
1.000000000 -0.000147202 -0.000008995 -0.003125505 0.000147200 1.000000000 -0.000120237 0.001600600 0.000009012 0.000120236 1.000000000 -0.006899667
0.999999940 -0.000269959 -0.000117342 -0.000722710 0.000269954 0.999999940 -0.000044045 -0.000842084 0.000117354 0.000044013 1.000000000 -0.005620318
1.000000000 -0.000138992 0.000085345 -0.002054066 0.000138987 1.000000000 0.000049585 -0.000906017 -0.000085352 -0.000049574 1.000000000 -0.002766328
1.000000000 0.000076771 0.000098437 -0.003285833 -0.000076785 1.000000000 0.000141189 -0.001934371 -0.000098426 -0.000141197 1.000000000 -0.008055154
0.999999940 -0.000297311 -0.000117273 0.000395785 0.000297317 0.999999940 0.000052485 -0.002807362 0.000117257 -0.000052519 1.000000000 -0.001624200
1.000000000 0.000070517 0.000067372 -0.000007261 -0.000070469 0.999999762 -0.000718184 -0.003704170 -0.000067423 0.000718179 0.999999762 0.049107537
1.000000000 0.000059681 -0.000078970 0.005217946 -0.000059788 0.999999106 -0.001349500 -0.002693289 0.000078889 0.001349505 0.999999106 0.143942058
1.000000000 -0.000029473 -0.000195305 0.008312366 0.000029198 0.999998987 -0.001406518 -0.011116829 0.000195346 0.001406512 0.999998987 0.260509998
1.000000000 -0.000040633 0.000035323 0.003492653 0.000040676 0.999999225 -0.001224349 -0.017204084 -0.000035274 0.001224350 0.999999225 0.384518743
1.000000000 0.000013534 -0.000189470 0.007442478 -0.000013775 0.999999225 -0.001267883 -0.017730135 0.000189453 0.001267886 0.999999166 0.530193925
0.999999940 0.000380424 0.000166702 0.007359817 -0.000380189 0.999998927 -0.001404122 -0.024199838 -0.000167236 0.001404058 0.999998987 0.680933237
1.000000000 -0.000168444 0.000102340 0.025464339 0.000168527 0.999999642 -0.000816014 -0.027514432 -0.000102202 0.000816031 0.999999642 0.865003645
0.999999940 0.000234269 0.000118222 0.017687920 -0.000234183 0.999999702 -0.000729413 -0.030595442 -0.000118393 0.000729385 0.999999702 1.036510825
1.000000000 -0.000021554 0.000242903 0.022199141 0.000021740 0.999999702 -0.000765688 -0.039510924 -0.000242886 0.000765693 0.999999702 1.227238059
0.999999940 -0.000171087 -0.000337911 0.049903553 0.000170872 0.999999762 -0.000635789 -0.045173790 0.000338020 0.000635731 0.999999762 1.444389820
0.999999881 -0.000064341 -0.000524200 0.045820337 0.000064012 0.999999821 -0.000628836 -0.048578952 0.000524241 0.000628802 0.999999642 1.649703026
0.999999702 -0.000771962 0.000117074 0.044309843 0.000771985 0.999999702 -0.000202306 -0.065935455 -0.000116918 0.000202396 1.000000000 1.840206742
0.999998331 0.001322470 0.001196920 0.064572535 -0.001322374 0.999999106 -0.000081422 -0.092969328 -0.001197026 0.000079839 0.999999225 2.003662825
0.999997854 0.001477423 0.001437867 0.068746954 -0.001477193 0.999998927 -0.000161525 -0.100177452 -0.001438104 0.000159401 0.999998927 2.229654551
0.999996006 0.002134827 0.001862350 0.067705236 -0.002134495 0.999997735 -0.000180204 -0.103025697 -0.001862730 0.000176228 0.999998271 2.440040827
0.999998927 0.001024084 0.000978507 0.085820831 -0.001024065 0.999999404 -0.000019882 -0.115389436 -0.000978527 0.000018880 0.999999523 2.675373316
0.999998212 0.001435154 0.001229081 0.088373102 -0.001435434 0.999998987 0.000227405 -0.121014535 -0.001228753 -0.000229169 0.999999225 2.908205986
0.999998629 0.001351106 0.000970728 0.096735537 -0.001351175 0.999999106 0.000070618 -0.125471011 -0.000970631 -0.000071930 0.999999523 3.140778780
0.999999344 0.000802585 0.000826230 0.099539332 -0.000802491 0.999999642 -0.000114232 -0.135694221 -0.000826321 0.000113569 0.999999642 3.402925491
0.999999344 0.000806970 0.000825592 0.107220180 -0.000807159 0.999999702 0.000228315 -0.145403311 -0.000825407 -0.000228981 0.999999642 3.654808998
0.999998748 0.001334805 0.000883080 0.107752495 -0.001334905 0.999999046 0.000112727 -0.149499968 -0.000882929 -0.000113906 0.999999583 3.906496048
0.999999166 0.000964796 0.000870479 0.120047256 -0.000964880 0.999999523 0.000096554 -0.158832699 -0.000870386 -0.000097394 0.999999583 4.185370922
0.999998808 0.000902308 0.001233389 0.112410180 -0.000903140 0.999999344 0.000674020 -0.177281216 -0.001232781 -0.000675133 0.999998987 4.433008194
0.999999106 0.000985848 0.000950994 0.124973819 -0.000986562 0.999999225 0.000750414 -0.183106005 -0.000950254 -0.000751352 0.999999225 4.693786621
0.999999344 0.000614930 0.000945112 0.135859460 -0.000615799 0.999999344 0.000919266 -0.193789840 -0.000944546 -0.000919848 0.999999106 4.953186989
0.999998868 0.000897842 0.001203350 0.148050830 -0.000898469 0.999999464 0.000520266 -0.197979450 -0.001202882 -0.000521347 0.999999106 5.230540752
0.999999642 0.000041825 0.000845638 0.125143811 -0.000043078 0.999998927 0.001481966 -0.213608384 -0.000845575 -0.001482001 0.999998569 5.509363651
0.999998868 0.001012415 0.001150082 0.131921113 -0.001013816 0.999998808 0.001218571 -0.217478693 -0.001148847 -0.001219735 0.999998629 5.760124207
0.999999344 0.000481634 0.001071272 0.134234920 -0.000483338 0.999998689 0.001591102 -0.235099971 -0.001070504 -0.001591618 0.999998212 6.033138275
0.999999523 0.000126617 0.001018499 0.135607153 -0.000128157 0.999998868 0.001512419 -0.236486420 -0.001018306 -0.001512549 0.999998331 6.338888645
0.999999523 0.000055757 0.000928316 0.154060975 -0.000057196 0.999998808 0.001550536 -0.247045889 -0.000928229 -0.001550588 0.999998391 6.592893124
0.999999166 0.000069287 0.001364196 0.122543968 -0.000071380 0.999998808 0.001534534 -0.275615007 -0.001364088 -0.001534630 0.999997854 6.936222553
0.999999046 -0.000205769 0.001357142 0.131734207 0.000203439 0.999998510 0.001717017 -0.278148979 -0.001357493 -0.001716739 0.999997556 7.241469860
0.999998927 0.000211454 0.001440244 0.140338898 -0.000213873 0.999998569 0.001679574 -0.291127950 -0.001439887 -0.001679880 0.999997616 7.528671265
0.999999046 -0.000183260 0.001370083 0.141615853 0.000180222 0.999997497 0.002217257 -0.306482047 -0.001370486 -0.002217008 0.999996603 7.847270489
0.999999404 0.000042456 0.001106875 0.164101288 -0.000045019 0.999997318 0.002315986 -0.311478317 -0.001106774 -0.002316034 0.999996722 8.160865784
0.999998629 -0.000259425 0.001638229 0.138359755 0.000257070 0.999998868 0.001437715 -0.324282795 -0.001638600 -0.001437292 0.999997556 8.551121712
0.999998808 -0.000271772 0.001521804 0.154695973 0.000269226 0.999998569 0.001672732 -0.335641742 -0.001522257 -0.001672320 0.999997437 8.879546165
0.999998689 -0.000674027 0.001477435 0.157535329 0.000671941 0.999998808 0.001411700 -0.342759699 -0.001478384 -0.001410706 0.999997854 9.215379715
0.999998093 0.000133821 0.001965107 0.158675537 -0.000137353 0.999998331 0.001797533 -0.355200857 -0.001964863 -0.001797800 0.999996424 9.558396339
0.999998271 -0.000797424 0.001664361 0.183382481 0.000794509 0.999998093 0.001751002 -0.361788273 -0.001665754 -0.001749678 0.999997079 9.898729324
0.999998391 -0.000403973 0.001719234 0.183449253 0.000400126 0.999997377 0.002237472 -0.370555341 -0.001720134 -0.002236781 0.999995947 10.250797272
0.999998450 -0.001090743 0.001366087 0.178757444 0.001087458 0.999996543 0.002403669 -0.405527532 -0.001368704 -0.002402179 0.999996185 10.644151688
0.999998629 -0.001011315 0.001229777 0.186144352 0.001008051 0.999995947 0.002652254 -0.416702151 -0.001232454 -0.002651011 0.999995708 11.005232811
0.999998808 -0.001030844 0.001113877 0.189631566 0.001027816 0.999995708 0.002715566 -0.423238277 -0.001116671 -0.002714419 0.999995649 11.384464264
0.999997854 -0.001937476 0.000813023 0.203228235 0.001934829 0.999992907 0.003244658 -0.438622653 -0.000819303 -0.003243078 0.999994397 11.759734154
0.999997854 -0.001992697 0.000528660 0.233552560 0.001991167 0.999993861 0.002879985 -0.437952578 -0.000534396 -0.002878926 0.999995708 12.157053947
0.999998450 -0.001441012 0.001007337 0.234959379 0.001437696 0.999993563 0.003285082 -0.459279835 -0.001012064 -0.003283629 0.999994099 12.555236816
0.999998510 -0.001196937 0.001216690 0.235594392 0.001192912 0.999993861 0.003303366 -0.466864347 -0.001220636 -0.003301911 0.999993742 12.905287743
0.999998629 -0.001447311 0.000789230 0.257970363 0.001444813 0.999994040 0.003157296 -0.471450150 -0.000793795 -0.003156152 0.999994695 13.346744537
0.999997973 -0.001977645 0.000438723 0.255209208 0.001975991 0.999991000 0.003739338 -0.553480625 -0.000446114 -0.003738463 0.999992847 13.786619186
0.999999106 -0.001101494 0.000835729 0.259790868 0.001098472 0.999992847 0.003608406 -0.562670708 -0.000839697 -0.003607485 0.999993086 14.200383186
0.999999166 -0.000794043 0.000995736 0.266648084 0.000789662 0.999990046 0.004392412 -0.573781073 -0.000999213 -0.004391623 0.999989867 14.634931564
0.999996483 -0.002622274 0.000476441 0.288510025 0.002619836 0.999983847 0.005047557 -0.605651557 -0.000489670 -0.005046290 0.999987185 15.034826279
0.999996066 -0.002666602 0.000863462 0.288973153 0.002662362 0.999984562 0.004875867 -0.608259737 -0.000876451 -0.004873550 0.999987781 15.408017159
0.999993682 -0.003417778 0.000922061 0.307780117 0.003412229 0.999976456 0.005953696 -0.649096727 -0.000942388 -0.005950512 0.999981880 15.826695442
0.999994278 -0.001675165 0.002934912 0.207539290 0.001661462 0.999987721 0.004665368 -0.611539900 -0.002942691 -0.004660464 0.999984801 16.300821304
0.999992728 -0.002419125 0.002936155 0.224387571 0.002406054 0.999987245 0.004447394 -0.617957354 -0.002946876 -0.004440297 0.999985754 16.745306015
0.999992669 -0.002527585 0.002855676 0.236215562 0.002513880 0.999985278 0.004792414 -0.632027030 -0.002867747 -0.004785200 0.999984384 17.199531555
0.999991179 -0.002761305 0.003166744 0.245947704 0.002745581 0.999983966 0.004959017 -0.643239498 -0.003180386 -0.004950279 0.999982715 17.666049957
0.999992371 -0.001550714 0.003589655 0.242863476 0.001531789 0.999984980 0.005269010 -0.659425259 -0.003597772 -0.005263471 0.999979675 18.140134811
0.999989510 -0.000928722 0.004471004 0.257011563 0.000903899 0.999984205 0.005550936 -0.664235830 -0.004476089 -0.005546837 0.999974608 18.576404572
0.999987125 -0.001577810 0.004822694 0.260803640 0.001553216 0.999985814 0.005099077 -0.673206985 -0.004830671 -0.005091520 0.999975383 19.103507996
0.999988794 -0.001357486 0.004524240 0.213291615 0.001327613 0.999977291 0.006599334 -0.721466541 -0.004533094 -0.006593255 0.999967992 19.576305389
0.999987721 -0.002421707 0.004320385 0.232891619 0.002393517 0.999975860 0.006518163 -0.732973874 -0.004336066 -0.006507743 0.999969363 20.053331375
0.999987185 -0.000203073 0.005064143 0.233728677 0.000166326 0.999973655 0.007255659 -0.751104236 -0.005065484 -0.007254723 0.999960780 20.548881531
0.999987245 -0.001126182 0.004918162 0.242585391 0.001090502 0.999973178 0.007251367 -0.764303923 -0.004926196 -0.007245911 0.999961615 21.080892563
0.999987960 -0.001187400 0.004760494 0.260034263 0.001150394 0.999969184 0.007768889 -0.784968078 -0.004769571 -0.007763319 0.999958456 21.577526093
0.999986410 -0.000423360 0.005199651 0.165956512 0.000389627 0.999978900 0.006486964 -0.751518786 -0.005202288 -0.006484850 0.999965429 22.063047409
0.999988139 -0.000923215 0.004778066 0.179531574 0.000893540 0.999980390 0.006209209 -0.760242701 -0.004783704 -0.006204868 0.999969304 22.584939957
0.999989867 -0.000954078 0.004398359 0.180862665 0.000924974 0.999977708 0.006614206 -0.779378951 -0.004404571 -0.006610070 0.999968469 23.106521606
0.999988914 -0.000748428 0.004648551 0.168128148 0.000716456 0.999976158 0.006875828 -0.797295451 -0.004653587 -0.006872423 0.999965549 23.617197037
0.999987781 0.000588114 0.004927194 0.098530531 -0.000629316 0.999964833 0.008364961 -0.820253015 -0.004922102 -0.008367961 0.999952853 24.173223495
0.999992132 -0.000387839 0.003951961 0.108176768 0.000356274 0.999967992 0.007984927 -0.830315530 -0.003954931 -0.007983456 0.999960303 24.710000992
0.999993443 0.000481997 0.003583499 0.110484876 -0.000511259 0.999966562 0.008169346 -0.847216249 -0.003579442 -0.008171126 0.999960184 25.242511749
0.999990463 0.000596078 0.004326904 0.023749769 -0.000631721 0.999965847 0.008240785 -0.801837087 -0.004321844 -0.008243440 0.999956667 25.809593201
0.999993861 -0.000104931 0.003502971 0.035356015 0.000075981 0.999965847 0.008263629 -0.807221174 -0.003503717 -0.008263311 0.999959767 26.350555420
0.999995470 -0.000173684 0.003009174 0.043940023 0.000150073 0.999969184 0.007844741 -0.817496657 -0.003010444 -0.007844252 0.999964654 26.889610291
0.999996066 -0.002474310 0.001382228 0.081474490 0.002461543 0.999954939 0.009163415 -0.822628498 -0.001404839 -0.009159976 0.999957025 27.442880630
0.999936223 0.007990251 0.007984652 -0.164166972 -0.008050842 0.999938846 0.007585317 -0.777188003 -0.007923555 -0.007649114 0.999939382 27.975349426
0.999940813 0.007957147 0.007414231 -0.142285764 -0.008013410 0.999939084 0.007590133 -0.794677079 -0.007353383 -0.007649097 0.999943733 28.525278091
0.999935269 0.008741177 0.007287346 -0.132427290 -0.008793500 0.999935567 0.007179093 -0.796158254 -0.007224122 -0.007242710 0.999947727 29.078628540
0.999944448 0.008030520 0.006830971 -0.104178637 -0.008081922 0.999939024 0.007530958 -0.808646619 -0.006770076 -0.007585746 0.999948382 29.614345551
0.999943435 0.008258483 0.006699955 -0.087287322 -0.008309695 0.999936223 0.007652034 -0.821399987 -0.006636332 -0.007707275 0.999948323 30.167804718
0.999969900 0.005580746 0.005395101 -0.122107163 -0.005624748 0.999950767 0.008175632 -0.813064933 -0.005349210 -0.008205732 0.999951959 30.687286377
0.999971449 0.005715678 0.004943225 -0.097599521 -0.005756142 0.999949753 0.008210604 -0.831651211 -0.004896048 -0.008238823 0.999953985 31.229583740
0.999974906 0.005221046 0.004794089 -0.087669268 -0.005259894 0.999953151 0.008126647 -0.842386723 -0.004751435 -0.008151658 0.999955475 31.794101715
0.999983549 0.003956221 0.004133445 -0.059858680 -0.003993356 0.999951363 0.009014998 -0.865369797 -0.004097578 -0.009031354 0.999950826 32.310550690
0.999983966 0.003963897 0.004040365 -0.042601943 -0.003999270 0.999953449 0.008784910 -0.878390193 -0.004005353 -0.008800928 0.999953270 32.844924927
0.999985635 0.003695094 0.003864623 -0.037466288 -0.003725609 0.999961674 0.007918865 -0.868905306 -0.003835213 -0.007933150 0.999961197 33.365573883
0.999974906 0.005364037 0.004613623 -0.058251172 -0.005401156 0.999952793 0.008071129 -0.902563334 -0.004570112 -0.008095846 0.999956787 33.857322693
0.999985814 0.003846583 0.003694087 -0.035974309 -0.003875463 0.999961793 0.007842921 -0.890375793 -0.003663777 -0.007857126 0.999962449 34.505775452
0.999998331 -0.001703635 0.000644897 0.081993505 0.001696510 0.999939263 0.010892106 -1.014594078 -0.000663416 -0.010890994 0.999940455 35.126441956
0.999997199 -0.002288089 0.000555745 0.082688183 0.002281677 0.999933839 0.011277067 -1.029337645 -0.000581512 -0.011275768 0.999936223 35.634593964
0.999996841 -0.002464785 0.000321220 0.097021692 0.002460902 0.999929905 0.011572601 -1.049290180 -0.000349721 -0.011571774 0.999933004 36.184673309
0.999999046 -0.001352742 0.000121019 0.106305987 0.001351320 0.999937832 0.011069082 -1.062018871 -0.000135986 -0.011068908 0.999938667 36.745708466
0.999990523 -0.003804956 -0.002083334 0.246694118 0.003830351 0.999916673 0.012323989 -1.151143670 0.002036268 -0.012331852 0.999921858 37.411987305
0.999987483 -0.004311214 -0.002552161 0.257322997 0.004343381 0.999909461 0.012735254 -1.167814970 0.002497026 -0.012746178 0.999915600 37.966388702
0.999988079 -0.003960516 -0.002817858 0.269084603 0.003993810 0.999921143 0.011909537 -1.162127614 0.002770467 -0.011920652 0.999925017 38.517410278
0.999984443 -0.004842169 -0.002765194 0.273798406 0.004876989 0.999907076 0.012727179 -1.188942909 0.002703310 -0.012740467 0.999915123 39.052322388
0.999978900 -0.005583788 -0.003328667 0.293932140 0.005625025 0.999905884 0.012510417 -1.187423706 0.003258499 -0.012528876 0.999916136 39.620964050
0.999979496 -0.005621730 -0.003065227 0.285394549 0.005661944 0.999895930 0.013272281 -1.226354718 0.002990294 -0.013289364 0.999907196 40.154174805
0.999968231 -0.006290230 -0.004895250 0.416705668 0.006359864 0.999876916 0.014341457 -1.309850216 0.004804437 -0.014372134 0.999885142 40.781223297
0.999975264 -0.005604709 -0.004255786 0.410993576 0.005663318 0.999887526 0.013886712 -1.319898367 0.004177476 -0.013910471 0.999894500 41.312572479
0.999975741 -0.005510238 -0.004248334 0.409329653 0.005569146 0.999886751 0.013981368 -1.329440236 0.004170812 -0.014004691 0.999893248 41.898777008
0.999965847 -0.006354066 -0.005285828 0.451328456 0.006429676 0.999875426 0.014412485 -1.350615501 0.005193593 -0.014445980 0.999882162 42.461978912
0.999971271 -0.005866669 -0.004792698 0.433381319 0.005937398 0.999871671 0.014879500 -1.354107380 0.004704790 -0.014907531 0.999877810 42.989730835
0.999965131 -0.006319745 -0.005458593 0.454939187 0.006402231 0.999863505 0.015228357 -1.380022407 0.005361608 -0.015262774 0.999869108 43.597148895
0.999957144 -0.007512433 -0.005419539 0.456349730 0.007598555 0.999842286 0.016049663 -1.379572392 0.005298113 -0.016090155 0.999856532 44.139949799
0.999973059 -0.005885877 -0.004369952 0.473515511 0.005953510 0.999859989 0.015629048 -1.422389507 0.004277350 -0.015654644 0.999868274 44.608776093
0.999977052 -0.005492115 -0.003953734 0.470072448 0.005550853 0.999872029 0.015001738 -1.427343369 0.003870837 -0.015023340 0.999879599 45.138465881
0.999975324 -0.005712211 -0.004087359 0.484669626 0.005771368 0.999876499 0.014610697 -1.425574303 0.004003396 -0.014633926 0.999884903 45.698024750
0.999974608 -0.005573695 -0.004428966 0.498448193 0.005638131 0.999876499 0.014671922 -1.424671173 0.004346643 -0.014696519 0.999882579 46.222679138
0.999968588 -0.006213468 -0.004931032 0.512372136 0.006289782 0.999858320 0.015614599 -1.449047804 0.004833312 -0.015645122 0.999866009 46.737422943
0.999974728 -0.005452824 -0.004557997 0.522092342 0.005517809 0.999881506 0.014368389 -1.446789742 0.004479108 -0.014393174 0.999886394 47.275695801
0.999951601 -0.008125432 -0.005563805 0.668679178 0.008207814 0.999854505 0.014947630 -1.460569859 0.005441539 -0.014992571 0.999872804 47.707260132
0.999947608 -0.008399251 -0.005850690 0.682929397 0.008485803 0.999852479 0.014929000 -1.464656591 0.005724436 -0.014977866 0.999871433 48.254501343
0.999951482 -0.007940489 -0.005821725 0.680330992 0.008023130 0.999865413 0.014312284 -1.467793465 0.005707296 -0.014358299 0.999880612 48.811725616
0.999959350 -0.007511606 -0.004980032 0.664206803 0.007583792 0.999864161 0.014638345 -1.478783369 0.004869399 -0.014675519 0.999880493 49.328578949
0.999963224 -0.007047912 -0.004873579 0.678042769 0.007119268 0.999865413 0.014782496 -1.486569405 0.004768737 -0.014816646 0.999878943 49.884639740
0.999962330 -0.007021524 -0.005102086 0.666391611 0.007096659 0.999864399 0.014860605 -1.498617172 0.004997050 -0.014896251 0.999876618 50.445888519
0.999957681 -0.007606245 -0.005162518 0.715278625 0.007678569 0.999870539 0.014137144 -1.496326685 0.005054319 -0.014176186 0.999886692 50.896640778
0.999958515 -0.007894471 -0.004516765 0.714843690 0.007959568 0.999862075 0.014580475 -1.506659269 0.004401037 -0.014615824 0.999883473 51.461257935
0.999960840 -0.007281246 -0.005014931 0.730750382 0.007347862 0.999883175 0.013395999 -1.500857115 0.004916807 -0.013432324 0.999897718 52.010135651
0.999950886 -0.008133769 -0.005657798 0.746478200 0.008211242 0.999870896 0.013807280 -1.512520075 0.005544764 -0.013853059 0.999888659 52.514133453
0.999951601 -0.008077033 -0.005602560 0.734459877 0.008152397 0.999874830 0.013561879 -1.521931410 0.005492319 -0.013606900 0.999892294 53.027694702
0.999964893 -0.007048476 -0.004535022 0.749036551 0.007113295 0.999870479 0.014438607 -1.540921926 0.004432667 -0.014470358 0.999885440 53.538700104
0.999963284 -0.007194329 -0.004669015 0.755625665 0.007259602 0.999874115 0.014117076 -1.549279213 0.004566864 -0.014150453 0.999889493 54.082149506
0.999964237 -0.007117298 -0.004571872 0.771909833 0.007178027 0.999884367 0.013406960 -1.549074888 0.004475923 -0.013439297 0.999899685 54.605018616
0.999957085 -0.007807292 -0.004984012 0.786549807 0.007875104 0.999874651 0.013734263 -1.560354829 0.004876160 -0.013772926 0.999893248 55.183315277
0.999962389 -0.007255761 -0.004738849 0.795633912 0.007319430 0.999881268 0.013559049 -1.569749355 0.004639906 -0.013593225 0.999896884 55.676696777
0.999961853 -0.006947517 -0.005302290 0.798373520 0.007017542 0.999886930 0.013304075 -1.565020442 0.005209261 -0.013340776 0.999897420 56.196079254
0.999953032 -0.008404197 -0.004824734 0.755691826 0.008470236 0.999868453 0.013834011 -1.611597538 0.004707837 -0.013874227 0.999892652 56.732608795
0.999950111 -0.008666549 -0.004971380 0.847391963 0.008738651 0.999854207 0.014670326 -1.655748129 0.004843514 -0.014713039 0.999879956 57.131248474
0.999946654 -0.009071509 -0.004950244 0.854125440 0.009143334 0.999850392 0.014685175 -1.659868002 0.004816286 -0.014729654 0.999879837 57.668704987
0.999946058 -0.008978645 -0.005226834 0.873098135 0.009048380 0.999868274 0.013474141 -1.663760185 0.005105167 -0.013520706 0.999895573 58.250576019
0.999954939 -0.008385132 -0.004448208 0.872101545 0.008448136 0.999861538 0.014339441 -1.674102783 0.004327354 -0.014376373 0.999887288 58.808929443
0.999951541 -0.008733287 -0.004532081 0.897224903 0.008796166 0.999862731 0.014044903 -1.663402319 0.004408799 -0.014084090 0.999891102 59.324459076
0.999949336 -0.008991806 -0.004527747 0.841359258 0.009055812 0.999856532 0.014320129 -1.688221216 0.004398334 -0.014360406 0.999887168 59.787670135
0.999940276 -0.009678356 -0.005071061 0.895110250 0.009752656 0.999842405 0.014837777 -1.712770224 0.004926657 -0.014886348 0.999876976 60.283653259
0.999947369 -0.009023492 -0.004881579 0.937645853 0.009096480 0.999843895 0.015141876 -1.722816467 0.004744185 -0.015185487 0.999873459 60.590286255
0.999953985 -0.008705982 -0.004046209 0.944445312 0.008762863 0.999859810 0.014259217 -1.730869055 0.003921500 -0.014294015 0.999890208 61.143051147
0.999935806 -0.009469585 -0.006217999 1.017452359 0.009567755 0.999826849 0.015952842 -1.764816046 0.006065856 -0.016011311 0.999853373 61.641044617
0.999943018 -0.009208000 -0.005392183 0.983747840 0.009286924 0.999847293 0.014799271 -1.748894453 0.005255088 -0.014848505 0.999875963 62.209976196
0.999940038 -0.009731501 -0.005021969 0.988862038 0.009803649 0.999846101 0.014547657 -1.737288594 0.004879626 -0.014596018 0.999881506 62.692955017
0.999946833 -0.009037069 -0.004969677 1.016357780 0.009111812 0.999842525 0.015228230 -1.758595705 0.004831276 -0.015272704 0.999871612 63.051345825
0.999952376 -0.008530900 -0.004734904 1.021513700 0.008598924 0.999857366 0.014536971 -1.760283709 0.004610213 -0.014576995 0.999883056 63.603973389
0.999956310 -0.008240724 -0.004421375 1.013297677 0.008306785 0.999850869 0.015136932 -1.787822247 0.004295978 -0.015172998 0.999875605 64.156829834
0.999954939 -0.008261717 -0.004667048 1.036560774 0.008327941 0.999862254 0.014353302 -1.776708245 0.004547821 -0.014391524 0.999886096 64.737892151
0.999959707 -0.007834223 -0.004393179 1.024293303 0.007897091 0.999863923 0.014479998 -1.792202473 0.004279141 -0.014514107 0.999885440 65.254776001
0.999943674 -0.009173126 -0.005331481 1.060575485 0.009248670 0.999854743 0.014321812 -1.773434877 0.005199330 -0.014370317 0.999883175 65.754905701
0.999939442 -0.009810489 -0.004978879 1.080452919 0.009884355 0.999838114 0.015034824 -1.798933268 0.004830576 -0.015083126 0.999874532 66.039367676
0.999942303 -0.009557169 -0.004917583 1.088382244 0.009627772 0.999847949 0.014539600 -1.807106733 0.004777879 -0.014586107 0.999882162 66.597923279
0.999945223 -0.009126380 -0.005135122 1.102486014 0.009200273 0.999851763 0.014554963 -1.817097187 0.005001528 -0.014601408 0.999880910 67.116752625
0.999939799 -0.009918580 -0.004680446 1.101626277 0.009987023 0.999840081 0.014833189 -1.830623627 0.004532575 -0.014879040 0.999879003 67.618782043
0.999933302 -0.010246594 -0.005331567 1.154226422 0.010324447 0.999837399 0.014785683 -1.833868623 0.005179195 -0.014839743 0.999876440 68.003097534
0.999936581 -0.010019081 -0.005143844 1.145599246 0.010091983 0.999846160 0.014348219 -1.840209365 0.004999297 -0.014399221 0.999883831 68.558227539
0.999942482 -0.009395993 -0.005177206 1.176352739 0.009468966 0.999853611 0.014255931 -1.851999283 0.005042500 -0.014304133 0.999884963 69.051994324
0.999937296 -0.009928053 -0.005195460 1.192154884 0.009998774 0.999855161 0.013767693 -1.846249342 0.005058021 -0.013818776 0.999891758 69.588211060
0.999938130 -0.009637051 -0.005563645 1.201330423 0.009714337 0.999854326 0.014035710 -1.852383852 0.005427571 -0.014088889 0.999885976 70.108253479
0.999938130 -0.009797594 -0.005292251 1.219327688 0.009877661 0.999833822 0.015320794 -1.892404556 0.005141265 -0.015372117 0.999868631 70.398300171
0.999935627 -0.009906098 -0.005537366 1.246419907 0.009993168 0.999823213 0.015923683 -1.909214616 0.005378647 -0.015977992 0.999857903 70.922050476
0.999939919 -0.009358059 -0.005705894 1.267073154 0.009442573 0.999843299 0.014968990 -1.931625485 0.005564919 -0.015021970 0.999871671 71.456039429
0.999953866 -0.008052608 -0.005247426 1.280333757 0.008132570 0.999848425 0.015399451 -1.939440012 0.005122625 -0.015441416 0.999867618 71.966949463
0.999945223 -0.008617191 -0.005937998 1.290934563 0.008699920 0.999863446 0.014050004 -1.923092008 0.005816116 -0.014100894 0.999883592 72.568832397
0.999911368 -0.011222353 -0.007164646 1.344739437 0.011323975 0.999833643 0.014304589 -1.935022950 0.007002921 -0.014384454 0.999871969 73.036941528
0.999928892 -0.010347934 -0.005918219 1.354906082 0.010435838 0.999832749 0.015020142 -1.956684113 0.005761800 -0.015080838 0.999869645 73.363632202
0.999931395 -0.010304566 -0.005559366 1.329212904 0.010388500 0.999829173 0.015286409 -1.977852941 0.005400897 -0.015343116 0.999867618 73.559402466
0.999918818 -0.011149240 -0.006165771 1.334052682 0.011245949 0.999810636 0.015879471 -1.988804817 0.005987560 -0.015947524 0.999854803 74.081512451
0.999907613 -0.012035098 -0.006309778 1.359135509 0.012127174 0.999817491 0.014763233 -1.988294244 0.006130949 -0.014838390 0.999871075 74.614913940
0.999907970 -0.012092923 -0.006150299 1.366587162 0.012178138 0.999827623 0.014012003 -1.960738182 0.005979792 -0.014085613 0.999882936 75.102279663
0.999895692 -0.012783429 -0.006713021 1.385251045 0.012873711 0.999824882 0.013582539 -1.987063527 0.006538214 -0.013667543 0.999885201 75.676986694
0.999913335 -0.011769164 -0.005888177 1.362692595 0.011858168 0.999812365 0.015316211 -1.997332335 0.005706813 -0.015384707 0.999865353 75.982887268
0.999912918 -0.011823062 -0.005851879 1.373700380 0.011907558 0.999822199 0.014621533 -2.003013611 0.005677967 -0.014689943 0.999875903 76.540588379
0.999878049 -0.014141402 -0.006622194 1.397616029 0.014233355 0.999799907 0.014050604 -2.002436876 0.006422176 -0.014143145 0.999879360 77.061622620
0.999855757 -0.015328703 -0.007305182 1.413988113 0.015431129 0.999780297 0.014176984 -2.007913113 0.007086264 -0.014287667 0.999872744 77.595436096
0.999928415 -0.010755329 -0.005239384 1.392601490 0.010832173 0.999830782 0.014865553 -2.029172421 0.005078614 -0.014921242 0.999875784 77.966964722
0.999935865 -0.010613593 -0.003949774 1.402343392 0.010673809 0.999822080 0.015550140 -2.033182144 0.003784029 -0.015591301 0.999871314 78.505256653
0.999943733 -0.010189869 -0.002949623 1.419022083 0.010232266 0.999839067 0.014734594 -2.047480106 0.002799006 -0.014763946 0.999887049 79.069198608
0.999950051 -0.009861135 -0.001605983 1.435096145 0.009884016 0.999839783 0.014923097 -2.068296909 0.001458568 -0.014938227 0.999887288 79.612922668
0.999944508 -0.010530054 -0.000344143 1.444384456 0.010534014 0.999833405 0.014906328 -2.052138567 0.000187121 -0.014909128 0.999888837 79.931976318
0.999943197 -0.010365510 0.002461256 1.462734699 0.010328045 0.999837518 0.014774344 -2.062516451 -0.002614000 -0.014748086 0.999887824 80.482009888
0.999935687 -0.009441448 0.006284019 1.476877689 0.009343274 0.999836624 0.015472669 -2.086678743 -0.006429077 -0.015412961 0.999860525 81.036178589
0.999900818 -0.010276834 0.009622294 1.476471424 0.010133838 0.999839246 0.014793453 -2.058938026 -0.009772777 -0.014694477 0.999844193 81.499237061
0.999858677 -0.009937078 0.013557749 1.518629551 0.009740473 0.999847591 0.014491027 -2.061855078 -0.013699681 -0.014356923 0.999803066 82.045310974
0.999758422 -0.009107864 0.020002559 1.525395513 0.008819656 0.999856651 0.014449994 -2.069848537 -0.020131305 -0.014270086 0.999695480 82.573310852
0.999623120 -0.009239185 0.025846828 1.574566364 0.008869410 0.999857247 0.014384662 -2.083244324 -0.025976041 -0.014149994 0.999562383 83.111190796
0.999458432 -0.008976722 0.031657554 1.593955636 0.008526571 0.999861062 0.014325867 -2.086694241 -0.031781752 -0.014048178 0.999396145 83.634963989
0.999150336 -0.010453289 0.039865490 1.594905972 0.009872999 0.999842823 0.014725423 -2.081498384 -0.040013153 -0.014319322 0.999096692 84.001876831
0.998815894 -0.010598163 0.047481269 1.661748648 0.009890217 0.999836743 0.015120199 -2.099386692 -0.047633760 -0.014632696 0.998757720 84.508300781
0.998426735 -0.010761208 0.055028904 1.687022686 0.009963388 0.999841511 0.014752048 -2.089461803 -0.055178933 -0.014180566 0.998375833 85.100128174
0.997900248 -0.011328475 0.063771039 1.745984077 0.010430349 0.999841869 0.014398949 -2.096768379 -0.063924074 -0.013703560 0.997860730 85.674385071
0.997184992 -0.010459855 0.074247539 1.798777580 0.009418229 0.999852419 0.014365406 -2.108785152 -0.074386835 -0.013625685 0.997136414 86.250938416
0.996458232 -0.010711800 0.083403856 1.849650383 0.009466428 0.999837935 0.015313009 -2.128578186 -0.083554380 -0.014469237 0.996398151 86.617164612
0.995757580 -0.010769858 0.091382831 1.924122810 0.009460170 0.999846399 0.014752963 -2.133058310 -0.091527678 -0.013825877 0.995706499 87.161483765
0.994749665 -0.011287261 0.101713941 2.016522408 0.009864345 0.999846399 0.014481558 -2.133208752 -0.101861790 -0.013402179 0.994708240 87.671798706
0.993672013 -0.011535724 0.111726522 2.110102177 0.009883964 0.999833643 0.015326614 -2.167732716 -0.111884758 -0.014125324 0.993620753 88.180046082
0.992659748 -0.012177303 0.120325923 2.202619553 0.010345918 0.999821067 0.015833244 -2.184139490 -0.120497212 -0.014472140 0.992608130 88.640220642
0.991219878 -0.011979654 0.131680071 2.241160393 0.010016770 0.999828756 0.015558780 -2.164356232 -0.131843910 -0.014103164 0.991170168 89.132476807
0.989545047 -0.012185125 0.143708363 2.344483376 0.010069851 0.999830127 0.015437403 -2.170631409 -0.143872097 -0.013828880 0.989499688 89.678627014
0.987894714 -0.012880400 0.154590502 2.454739571 0.010667628 0.999828517 0.015134824 -2.174059153 -0.154758930 -0.013302496 0.987862766 90.221122742
0.986408055 -0.012797587 0.163814798 2.567288399 0.010397454 0.999825776 0.015500576 -2.182135820 -0.163984627 -0.013586636 0.986369312 90.761627197
0.984238505 -0.012565091 0.176399410 2.679313660 0.009934235 0.999825895 0.015789445 -2.193579674 -0.176567122 -0.013788185 0.984192014 91.272346497
0.981951356 -0.013719626 0.188635558 2.809103012 0.011000910 0.999820054 0.015452019 -2.189535618 -0.188813657 -0.013097966 0.981925607 91.820617676
0.979752302 -0.013092816 0.199785396 2.860734940 0.009975822 0.999812365 0.016600445 -2.211561918 -0.199965298 -0.014271297 0.979699075 92.192192078
0.976854026 -0.012705425 0.213528991 2.994522095 0.009381250 0.999818623 0.016573898 -2.217550278 -0.213700861 -0.014187111 0.976796210 92.756202698
0.973727822 -0.012462257 0.227373675 3.144931793 0.008951869 0.999824286 0.016463578 -2.218298912 -0.227538913 -0.013995623 0.973668456 93.268226624
0.971032858 -0.012341570 0.238626823 3.316764832 0.008528039 0.999818981 0.017007010 -2.235513687 -0.238793492 -0.014479348 0.970962465 93.737182617
0.968462706 -0.014147748 0.248756260 3.590623856 0.010384947 0.999811053 0.016432306 -2.202749729 -0.248941749 -0.013330755 0.968426764 94.231956482
0.964367568 -0.014279750 0.264180392 3.638299942 0.010080125 0.999800444 0.017245624 -2.217040539 -0.264373958 -0.013968149 0.964319110 94.754570007
0.960769176 -0.014276871 0.276981562 3.814525604 0.009843148 0.999800265 0.017391147 -2.227035522 -0.277174532 -0.013982505 0.960717916 95.272949219
0.957600594 -0.015431991 0.287685215 4.007833481 0.010880358 0.999789178 0.017413823 -2.235721588 -0.287893325 -0.013545370 0.957566679 95.793724060
0.952985168 -0.013786322 0.302703232 4.179986954 0.008605926 0.999792874 0.018440990 -2.259495735 -0.302894771 -0.014968948 0.952906430 96.363914490
0.948442638 -0.014443874 0.316619545 4.383562088 0.009285741 0.999798656 0.017794134 -2.240008831 -0.316812843 -0.013936670 0.948385715 96.886260986
0.944857478 -0.015628375 0.327108771 4.586942673 0.010362177 0.999787211 0.017835872 -2.229475021 -0.327317923 -0.013462797 0.944818377 97.353828430
0.940319002 -0.015194862 0.339955062 4.800048828 0.009804827 0.999797583 0.017567391 -2.235665083 -0.340153158 -0.013185751 0.940277636 97.869934082
0.935352147 -0.015565947 0.353375375 5.035118103 0.009829769 0.999789298 0.018021550 -2.236140966 -0.353581458 -0.013382896 0.935307980 98.413238525
0.930445552 -0.015287243 0.366111100 5.241174698 0.009278703 0.999791861 0.018165892 -2.250849247 -0.366312683 -0.013505337 0.930393875 98.903091431
0.925806701 -0.015410574 0.377683133 5.504154205 0.009402005 0.999798298 0.017747756 -2.239306211 -0.377880484 -0.012880012 0.925764799 99.447219849
0.919799864 -0.015692165 0.392073750 5.697160721 0.008930010 0.999778390 0.019064941 -2.268608570 -0.392286062 -0.014034706 0.919736207 99.868881226
0.913995981 -0.014314199 0.405470461 5.938411713 0.007161008 0.999790967 0.019153235 -2.280840397 -0.405659825 -0.014602406 0.913907468 100.363632202
0.909495115 -0.016064782 0.415404141 6.189464569 0.008793689 0.999772906 0.019410778 -2.288712025 -0.415621608 -0.014001071 0.909429908 100.819572449
0.903966308 -0.016630989 0.427280247 6.439830780 0.008886107 0.999758244 0.020113792 -2.296447754 -0.427511424 -0.014385334 0.903895497 101.310317993
0.897519052 -0.017037194 0.440646559 6.691619873 0.009033918 0.999754012 0.020254076 -2.320430517 -0.440883309 -0.014197651 0.897452176 101.752807617
0.891145468 -0.017150987 0.453393281 6.934902191 0.009353376 0.999767303 0.019435173 -2.282669067 -0.453621179 -0.013078806 0.891098619 102.274337769
0.885309458 -0.017648293 0.464667290 7.209735870 0.009628387 0.999761045 0.019626888 -2.285099030 -0.464902639 -0.012901871 0.885267854 102.756027222
0.878342927 -0.018581454 0.477669775 7.497119904 0.010378775 0.999749899 0.019805912 -2.293273211 -0.477918357 -0.012438757 0.878316164 103.222099304
0.871059954 -0.017755970 0.490855545 7.803665161 0.009539256 0.999769390 0.019237047 -2.282768250 -0.491083980 -0.012074225 0.871028543 103.732124329
0.865031898 -0.018157445 0.501388192 8.086193085 0.009349708 0.999754786 0.020074660 -2.295032978 -0.501629710 -0.012677388 0.864989579 104.167152405
