1.000000000 0.000000000 0.000000000 0.000000000 0.000000000 1.000000000 0.000000000 0.000000000 0.000000000 0.000000000 1.000000000 0.000000000
1.000000000 0.000026921 -0.000057713 0.000200372 -0.000026926 1.000000000 -0.000076265 0.000319537 0.000057711 0.000076266 1.000000000 -0.000785346
1.000000000 0.000088559 -0.000043019 0.000624409 -0.000088558 1.000000000 0.000015133 -0.000270249 0.000043020 -0.000015129 1.000000000 -0.001444051
1.000000000 0.000007451 -0.000079510 0.000757719 -0.000007447 1.000000000 0.000058578 -0.000360056 0.000079511 -0.000058577 1.000000000 -0.002550127
1.000000000 -0.000057410 -0.000025122 0.000418044 0.000057407 1.000000000 -0.000122466 0.001168631 0.000025129 0.000122465 1.000000000 0.000897414
1.000000000 0.000053541 -0.000048050 0.001265191 -0.000053545 1.000000000 -0.000089763 0.000523432 0.000048045 0.000089766 1.000000000 0.000030432
1.000000000 0.000000447 -0.000014490 0.000856933 -0.000000448 1.000000000 -0.000097300 0.000353657 0.000014490 0.000097300 1.000000000 -0.000936842
1.000000000 -0.000201378 0.000017438 0.001105226 0.000201380 1.000000000 -0.000076342 0.000286136 -0.000017423 0.000076346 1.000000000 -0.001251699
1.000000000 -0.000200038 -0.000017072 0.001025674 0.000200036 1.000000000 -0.000139657 0.001802019 0.000017100 0.000139653 1.000000000 0.001963944
1.000000000 -0.000065954 -0.000112836 0.002059574 0.000065952 1.000000000 -0.000014671 0.000378572 0.000112837 0.000014664 1.000000000 0.000374636
1.000000000 -0.000158048 -0.000081040 0.002084561 0.000158034 1.000000000 -0.000166667 0.001509600 0.000081066 0.000166654 1.000000000 0.000120857
1.000000000 -0.000144665 -0.000022853 0.000154066 0.000144664 1.000000000 -0.000030713 0.000371985 0.000022857 0.000030709 1.000000000 0.000439505
0.999999940 -0.000224406 -0.000164327 0.002076367 0.000224418 1.000000000 0.000074689 -0.000192581 0.000164310 -0.000074725 1.000000000 -0.000026125
1.000000000 -0.000174862 -0.000124459 0.001716294 0.000174877 1.000000000 0.000118894 -0.000711333 0.000124439 -0.000118916 1.000000000 -0.000605627
0.999999940 -0.000248257 -0.000132740 0.001050781 0.000248264 0.999999940 0.000052473 -0.000397503 0.000132727 -0.000052506 1.000000000 -0.000471325
1.000000000 0.000093963 0.000072444 0.000909039 -0.000093965 1.000000000 0.000039962 0.000522671 -0.000072440 -0.000039968 1.000000000 0.000848697
1.000000000 0.000029705 -0.000092875 0.000719496 -0.000029707 1.000000000 -0.000027172 0.001048094 0.000092874 0.000027174 1.000000000 0.001588399
1.000000000 -0.000020680 -0.000028792 0.000515209 0.000020678 1.000000000 -0.000065010 0.000772810 0.000028794 0.000065009 1.000000000 0.000725518
1.000000000 -0.000085039 0.000084304 0.000139579 0.000085043 1.000000000 -0.000042883 0.000224661 -0.000084300 0.000042890 1.000000000 0.000130703
1.000000000 0.000005610 0.000039592 0.000755170 -0.000005606 1.000000000 -0.000086731 0.000538438 -0.000039593 0.000086731 1.000000000 -0.000175062
1.000000000 -0.000110644 -0.000088557 0.000932997 0.000110648 1.000000000 0.000044936 0.000255198 0.000088552 -0.000044945 1.000000000 0.000940707
0.999999940 -0.000316054 0.000001269 0.001736382 0.000316054 0.999999940 0.000079844 -0.000712225 -0.000001294 -0.000079844 1.000000000 -0.000410409
1.000000000 -0.000029340 0.000145485 -0.000039545 0.000029332 1.000000000 0.000055602 0.000467426 -0.000145486 -0.000055598 1.000000000 -0.000738859
1.000000000 0.000041440 0.000010910 0.001412711 -0.000041442 1.000000000 0.000135142 -0.000512475 -0.000010905 -0.000135142 1.000000000 -0.001426414
1.000000000 0.000123608 0.000048735 0.000742472 -0.000123607 1.000000000 -0.000020124 0.000697999 -0.000048737 0.000020118 1.000000000 -0.000931846
1.000000000 -0.000046974 -0.000103882 0.001496002 0.000046958 1.000000000 -0.000158854 0.001340844 0.000103889 0.000158849 1.000000000 -0.000338475
1.000000000 0.000110960 0.000055801 -0.000842092 -0.000110956 1.000000000 -0.000078703 0.000863096 -0.000055810 0.000078697 1.000000000 0.001699869
1.000000000 -0.000059107 0.000033073 -0.000847904 0.000059107 1.000000000 -0.000003381 0.001919972 -0.000033072 0.000003383 1.000000000 0.002871396
1.000000000 0.000148262 0.000129793 -0.000506875 -0.000148258 1.000000000 -0.000030135 0.001309892 -0.000129797 0.000030116 1.000000000 0.001091485
1.000000000 0.000074990 0.000134925 -0.000016415 -0.000074996 1.000000000 0.000044607 -0.000257579 -0.000134921 -0.000044617 1.000000000 -0.001749042
1.000000000 0.000099741 0.000136458 -0.000345027 -0.000099751 1.000000000 0.000078743 -0.000272395 -0.000136450 -0.000078756 1.000000000 -0.000823522
1.000000000 -0.000071436 0.000074725 0.000690486 0.000071438 1.000000000 -0.000024821 0.000063797 -0.000074723 0.000024826 1.000000000 -0.000911931
1.000000000 -0.000065068 0.000052513 0.000347028 0.000065068 1.000000000 0.000002699 0.000768379 -0.000052513 -0.000002696 1.000000000 0.001102360
1.000000000 0.000078588 0.000066183 0.000842569 -0.000078590 1.000000000 0.000027435 0.000241988 -0.000066181 -0.000027440 1.000000000 -0.000684990
1.000000000 0.000180852 0.000014209 0.000503209 -0.000180850 1.000000000 -0.000088440 0.001471144 -0.000014225 0.000088438 1.000000000 -0.000795291
1.000000000 -0.000153387 0.000031992 -0.000469422 0.000153392 1.000000000 -0.000160255 0.002756115 -0.000031968 0.000160260 1.000000000 0.003532339
1.000000000 -0.000044286 -0.000001285 0.000309706 0.000044286 1.000000000 0.000022733 0.000975740 0.000001284 -0.000022733 1.000000000 0.001006080
1.000000000 -0.000174069 0.000001786 0.000888445 0.000174069 1.000000000 0.000031690 0.000761366 -0.000001792 -0.000031690 1.000000000 0.000355813
1.000000000 -0.000001414 0.000242312 -0.000652705 0.000001414 1.000000000 -0.000000198 0.000601063 -0.000242312 0.000000199 1.000000000 0.002101917
0.999999881 -0.000407566 0.000116094 0.001138427 0.000407639 0.999999702 -0.000625004 -0.002390279 -0.000115839 0.000625052 0.999999821 0.049765617
1.000000000 -0.000057269 0.000175150 0.001227937 0.000057474 0.999999285 -0.001170103 -0.006105385 -0.000175083 0.001170113 0.999999285 0.132584691
0.999999940 0.000320088 -0.000096743 0.005237626 -0.000320229 0.999998868 -0.001464168 -0.006456775 0.000096274 0.001464199 0.999998927 0.251170367
0.999999940 0.000283775 0.000058938 0.006128278 -0.000283704 0.999999225 -0.001195764 -0.013813484 -0.000059278 0.001195747 0.999999285 0.379897714
1.000000000 0.000073820 0.000032485 0.009284848 -0.000073784 0.999999344 -0.001120979 -0.015760081 -0.000032567 0.001120977 0.999999344 0.525226116
1.000000000 0.000192437 -0.000070971 0.016296411 -0.000192536 0.999998987 -0.001398132 -0.018070383 0.000070702 0.001398145 0.999999046 0.675093710
0.999999940 0.000064420 0.000278978 0.017620606 -0.000064104 0.999999344 -0.001132587 -0.023653150 -0.000279050 0.001132569 0.999999344 0.837758720
0.999999940 0.000090125 0.000324837 0.016289378 -0.000089833 0.999999583 -0.000899136 -0.027026052 -0.000324918 0.000899106 0.999999523 1.013512373
0.999999881 0.000163678 0.000392606 0.020060338 -0.000163466 0.999999821 -0.000539494 -0.036307454 -0.000392694 0.000539429 0.999999762 1.180410147
0.999999523 0.000735516 0.000594889 0.018559096 -0.000735070 0.999999464 -0.000749353 -0.039904408 -0.000595440 0.000748915 0.999999523 1.365437865
1.000000000 0.000066264 0.000061678 0.035452966 -0.000066247 0.999999940 -0.000271134 -0.053366832 -0.000061696 0.000271130 0.999999940 1.556247115
0.999999762 0.000449400 0.000493042 0.030892286 -0.000449151 0.999999762 -0.000504768 -0.049549542 -0.000493269 0.000504547 0.999999762 1.762614131
0.999999940 0.000189105 -0.000373638 0.043597862 -0.000189297 0.999999821 -0.000512818 -0.053812917 0.000373541 0.000512889 0.999999821 1.959535241
0.999999583 0.000271888 0.000874173 0.028569542 -0.000271657 0.999999940 -0.000264478 -0.061095901 -0.000874245 0.000264240 0.999999583 2.160297871
0.999999285 0.001195587 0.000062254 0.048297789 -0.001195676 0.999998152 0.001455856 -0.099182032 -0.000060513 -0.001455929 0.999998927 2.342425346
0.999999404 0.000883114 -0.000665115 0.063275255 -0.000882277 0.999998808 0.001257224 -0.104559243 0.000666224 -0.001256637 0.999998987 2.557309151
0.999998748 0.001583802 0.000069805 0.061966669 -0.001583909 0.999997497 0.001572193 -0.114281207 -0.000067315 -0.001572301 0.999998748 2.787861824
0.999999166 0.001264548 -0.000514061 0.073814236 -0.001263647 0.999997675 0.001748631 -0.121126667 0.000516271 -0.001747979 0.999998331 3.025345325
0.999999166 0.001248854 -0.000351944 0.075369261 -0.001248291 0.999997914 0.001593896 -0.124776885 0.000353934 -0.001593455 0.999998689 3.260366440
0.999999166 0.001277026 -0.000199186 0.079014927 -0.001276689 0.999997735 0.001685898 -0.132630333 0.000201339 -0.001685642 0.999998569 3.494155884
0.999999285 0.001186926 -0.000299282 0.084871128 -0.001186489 0.999998152 0.001456244 -0.136618316 0.000301010 -0.001455888 0.999998927 3.753694057
0.999999285 0.001204312 -0.000146160 0.086892352 -0.001204074 0.999997973 0.001612348 -0.143924668 0.000148102 -0.001612171 0.999998689 4.008571148
0.999999225 0.001213151 -0.000316682 0.095406666 -0.001212566 0.999997556 0.001838901 -0.152386189 0.000318912 -0.001838515 0.999998271 4.264386654
0.999999344 0.001152110 0.000052105 0.094444416 -0.001152203 0.999997616 0.001813577 -0.158293962 -0.000050016 -0.001813636 0.999998331 4.512680531
0.999999106 0.001348440 0.000208305 0.099998519 -0.001348857 0.999997020 0.002014630 -0.165108219 -0.000205588 -0.002014909 0.999997973 4.771527767
0.999999285 0.001208734 0.000079751 0.108547606 -0.001208917 0.999996543 0.002331343 -0.176180631 -0.000076933 -0.002331438 0.999997258 5.032469273
0.999998987 0.001385892 0.000040385 0.109079942 -0.001385975 0.999996722 0.002131757 -0.179953188 -0.000037430 -0.002131811 0.999997735 5.292924404
0.999998391 0.001750026 0.000358912 0.111845970 -0.001750752 0.999996424 0.002031096 -0.190386176 -0.000355356 -0.002031722 0.999997854 5.559871674
0.999998748 0.001520257 0.000285211 0.117170841 -0.001520921 0.999996126 0.002342721 -0.198642001 -0.000281648 -0.002343151 0.999997199 5.827100754
0.999998927 0.001415629 0.000128398 0.127081260 -0.001415935 0.999996126 0.002419578 -0.208353594 -0.000124973 -0.002419758 0.999997020 6.105372429
0.999998331 0.001772844 -0.000142095 0.133416638 -0.001772516 0.999995828 0.002273348 -0.214843035 0.000146125 -0.002273093 0.999997377 6.382835388
0.999999404 0.001108310 0.000083868 0.135832593 -0.001108508 0.999996483 0.002388047 -0.228566840 -0.000081221 -0.002388139 0.999997079 6.662168503
0.999998748 0.001613156 0.000239795 0.139173344 -0.001613688 0.999996245 0.002236867 -0.232597277 -0.000236185 -0.002237251 0.999997437 6.966968060
0.999999106 0.001322383 -0.000028761 0.150318712 -0.001322305 0.999995828 0.002572352 -0.243830219 0.000032162 -0.002572312 0.999996662 7.252641678
0.999999225 0.001205049 0.000204247 0.151638687 -0.001205422 0.999997616 0.001832298 -0.246788725 -0.000202039 -0.001832543 0.999998271 7.568167686
0.999998808 0.001555692 0.000075713 0.163253799 -0.001555870 0.999995887 0.002407906 -0.259857267 -0.000071967 -0.002408021 0.999997020 7.870670319
0.999999046 0.001259413 0.000422851 0.162852108 -0.001260571 0.999995351 0.002749311 -0.273700386 -0.000419387 -0.002749841 0.999996126 8.186535835
0.999999106 0.001246863 0.000471229 0.172642380 -0.001248036 0.999996066 0.002496900 -0.283908576 -0.000468113 -0.002497486 0.999996781 8.511845589
0.999999106 0.001093912 0.000858430 0.170476452 -0.001095783 0.999997079 0.002182942 -0.283572555 -0.000856040 -0.002183881 0.999997258 8.861149788
0.999999225 0.000969067 0.000825290 0.179580271 -0.000971358 0.999995708 0.002780090 -0.303316236 -0.000822593 -0.002780889 0.999995828 9.182434082
0.999998271 0.001605454 0.001021908 0.184659928 -0.001608149 0.999995232 0.002641731 -0.308172494 -0.001017662 -0.002643370 0.999996006 9.529350281
0.999999285 0.000991080 0.000685077 0.196048856 -0.000993509 0.999993205 0.003554970 -0.328876942 -0.000681549 -0.003555648 0.999993443 9.846234322
0.999999106 0.001173582 0.000644252 0.204776466 -0.001175775 0.999993443 0.003414456 -0.337395459 -0.000640241 -0.003415211 0.999993980 10.203207016
0.999998808 0.001262246 0.000838783 0.214385077 -0.001265714 0.999990582 0.004147158 -0.353320301 -0.000833540 -0.004148215 0.999991059 10.548488617
0.999999583 0.000664483 0.000583045 0.221077248 -0.000666593 0.999993205 0.003625081 -0.356562674 -0.000580632 -0.003625468 0.999993265 10.929457664
0.999998212 0.001401757 0.001257113 0.216097385 -0.001405856 0.999993682 0.003265552 -0.363605529 -0.001252527 -0.003267313 0.999993861 11.304772377
0.999998689 0.001334521 0.000941104 0.229969203 -0.001337776 0.999993086 0.003467330 -0.372380286 -0.000936470 -0.003468585 0.999993563 11.682322502
0.999998271 0.001231489 0.001373839 0.234067336 -0.001236018 0.999993801 0.003300477 -0.384500980 -0.001369766 -0.003302170 0.999993563 12.058644295
0.999998093 0.001370351 0.001365407 0.244143739 -0.001374467 0.999994576 0.003018036 -0.392876506 -0.001361264 -0.003019908 0.999994516 12.451450348
0.999998033 0.001292860 0.001493370 0.248097032 -0.001297987 0.999993265 0.003437012 -0.403776437 -0.001488917 -0.003438944 0.999992967 12.846297264
0.999998391 0.001176624 0.001371926 0.257534415 -0.001181544 0.999992847 0.003591306 -0.415741891 -0.001367690 -0.003592921 0.999992609 13.248230934
0.999997973 0.000970188 0.001745383 0.267745793 -0.000976904 0.999992073 0.003850946 -0.425884783 -0.001741632 -0.003852643 0.999991059 13.654932022
0.999997199 0.001285691 0.001979406 0.271657884 -0.001293202 0.999991953 0.003798047 -0.437126875 -0.001974507 -0.003800596 0.999990821 14.068149567
0.999996603 0.001181505 0.002296425 0.284122825 -0.001190494 0.999991596 0.003916709 -0.446651012 -0.002291779 -0.003919430 0.999989688 14.489558220
0.999995828 0.001059068 0.002683260 0.289081573 -0.001070188 0.999990821 0.004146230 -0.459869862 -0.002678844 -0.004149085 0.999987721 14.915055275
0.999996066 0.001416064 0.002407001 0.306262881 -0.001425885 0.999990642 0.004083519 -0.474472165 -0.002401196 -0.004086935 0.999988794 15.350126266
0.999995649 0.001124936 0.002710205 0.316630721 -0.001136046 0.999990880 0.004101487 -0.484408677 -0.002705566 -0.004104548 0.999987900 15.791286469
0.999995351 0.000985989 0.002857899 0.327342540 -0.000998161 0.999990404 0.004260607 -0.495498866 -0.002853671 -0.004263440 0.999986827 16.236072540
0.999993622 0.001236518 0.003354138 0.335772246 -0.001249927 0.999991357 0.003998396 -0.506123364 -0.003349165 -0.004002564 0.999986351 16.680263519
0.999991536 0.001355865 0.003909932 0.344286770 -0.001372302 0.999990225 0.004204355 -0.519540548 -0.003904194 -0.004209684 0.999983549 17.135337830
0.999990880 0.001506114 0.003994484 0.352581799 -0.001522916 0.999989986 0.004206493 -0.527486503 -0.003988110 -0.004212538 0.999983191 17.593797684
0.999990880 0.001152491 0.004118932 0.368552536 -0.001168685 0.999991596 0.003931536 -0.538112283 -0.004114367 -0.003936314 0.999983788 18.056066513
0.999990523 0.001229886 0.004177744 0.384588003 -0.001247254 0.999990523 0.004157164 -0.547557533 -0.004172591 -0.004162335 0.999982655 18.528661728
0.999985516 0.002225833 0.004899846 0.385768473 -0.002245512 0.999989390 0.004014310 -0.561918676 -0.004890860 -0.004025255 0.999979913 19.008008957
0.999988556 0.001786833 0.004438336 0.405108690 -0.001803427 0.999991477 0.003737422 -0.570596218 -0.004431620 -0.003745384 0.999983191 19.483976364
0.999983966 0.002641039 0.005013221 0.409497589 -0.002662075 0.999987662 0.004194078 -0.583339453 -0.005002083 -0.004207356 0.999978662 19.963781357
0.999987960 0.001799432 0.004563519 0.422469914 -0.001820450 0.999987721 0.004605791 -0.609817028 -0.004555176 -0.004614043 0.999978960 20.449678421
0.999988139 0.001878422 0.004483352 0.431191355 -0.001896929 0.999989688 0.004127342 -0.614182830 -0.004475552 -0.004135798 0.999981403 20.950471878
0.999988258 0.001841067 0.004475944 0.438605726 -0.001857501 0.999991477 0.003670338 -0.618386924 -0.004469148 -0.003678609 0.999983251 21.458644867
0.999992073 0.001826721 0.003539961 0.450830638 -0.001844401 0.999985754 0.004997580 -0.648333430 -0.003530782 -0.005004069 0.999981225 21.948938370
0.999994338 0.001682209 0.002914266 0.465350211 -0.001696786 0.999985933 0.005006728 -0.655925989 -0.002905801 -0.005011644 0.999983191 22.460012436
0.999994218 0.002033866 0.002716494 0.468897521 -0.002046635 0.999986827 0.004705921 -0.669086814 -0.002706887 -0.004711454 0.999985218 22.987846375
0.999996722 0.001965333 0.001625734 0.480430812 -0.001972283 0.999988794 0.004284126 -0.680464149 -0.001617297 -0.004287319 0.999989510 23.513122559
0.999998212 0.001017984 0.001604541 0.487404406 -0.001024642 0.999990821 0.004153688 -0.692295313 -0.001600298 -0.004155324 0.999990106 24.034862518
0.999996603 0.002108511 0.001539660 0.494525790 -0.002115516 0.999987364 0.004562262 -0.706302822 -0.001530021 -0.004565504 0.999988437 24.568269730
0.999996960 0.002445980 0.000247389 0.512133420 -0.002447078 0.999986708 0.004542545 -0.720320463 -0.000236274 -0.004543138 0.999989569 25.090837479
0.999997020 0.002438753 0.000111765 0.514528096 -0.002439197 0.999988377 0.004156142 -0.726505756 -0.000101628 -0.004156402 0.999991357 25.653478622
0.999997199 0.002378962 -0.000373718 0.531065464 -0.002377200 0.999986351 0.004646506 -0.745329738 0.000384767 -0.004645604 0.999989092 26.199548721
0.999997318 0.002119585 -0.001074981 0.537539303 -0.002113972 0.999984205 0.005195262 -0.761939287 0.001085976 -0.005192975 0.999985933 26.726810455
0.999997139 0.001962643 -0.001463463 0.549631059 -0.001954880 0.999984145 0.005287428 -0.779637635 0.001473817 -0.005284551 0.999984920 27.275644302
0.999992609 0.003527204 -0.001516920 0.552707970 -0.003520090 0.999982893 0.004666427 -0.788040400 0.001533353 -0.004661052 0.999987960 27.837879181
0.999993324 0.003131886 -0.001874347 0.557560742 -0.003121604 0.999980211 0.005463594 -0.804707646 0.001891422 -0.005457706 0.999983311 28.367763519
0.999994576 0.002741400 -0.001803094 0.567661047 -0.002731702 0.999981940 0.005358975 -0.818854094 0.001817752 -0.005354021 0.999984026 28.900646210
0.999992967 0.002770411 -0.002520832 0.577849090 -0.002756049 0.999980032 0.005682876 -0.833349347 0.002536526 -0.005675889 0.999980688 29.464733124
0.999992073 0.002737700 -0.002879248 0.582803369 -0.002720976 0.999979436 0.005796268 -0.843908906 0.002895058 -0.005788387 0.999979079 30.009410858
0.999990702 0.002831232 -0.003249114 0.597522914 -0.002812744 0.999979913 0.005680782 -0.859292388 0.003265133 -0.005671590 0.999978602 30.550487518
0.999988854 0.003125674 -0.003532284 0.603052914 -0.003104695 0.999977589 0.005929285 -0.874050796 0.003550738 -0.005918252 0.999976158 31.106021881
0.999987125 0.003384476 -0.003775974 0.610702276 -0.003362332 0.999977231 0.005855266 -0.884437203 0.003795705 -0.005842494 0.999975741 31.656646729
0.999986053 0.003256770 -0.004157832 0.626085758 -0.003231100 0.999975801 0.006165786 -0.902765989 0.004177812 -0.006152265 0.999972343 32.196804047
0.999987006 0.003144528 -0.003998400 0.625469804 -0.003120549 0.999977112 0.005989292 -0.909527779 0.004017142 -0.005976737 0.999974072 32.737926483
0.999982238 0.003292562 -0.004968385 0.640718222 -0.003263220 0.999977231 0.005902503 -0.927434266 0.004987706 -0.005886185 0.999970257 33.272403717
0.999984622 0.003481460 -0.004320389 0.637167752 -0.003456075 0.999976754 0.005869325 -0.931817830 0.004340722 -0.005854303 0.999973416 33.840957642
0.999986172 0.003058791 -0.004292049 0.642463923 -0.003033448 0.999978006 0.005898593 -0.944578707 0.004309997 -0.005885491 0.999973357 34.385673523
0.999984026 0.003358406 -0.004551528 0.654443026 -0.003331250 0.999976695 0.005960763 -0.959156156 0.004571440 -0.005945505 0.999971867 34.916076660
0.999986470 0.002955580 -0.004300518 0.661681473 -0.002928371 0.999975741 0.006319349 -0.973435819 0.004319091 -0.006306670 0.999970794 35.463973999
0.999983370 0.003717274 -0.004421099 0.667885602 -0.003688508 0.999972045 0.006497027 -0.990038872 0.004445126 -0.006480611 0.999969125 36.014545441
0.999981225 0.003685484 -0.004884738 0.672894776 -0.003656714 0.999975979 0.005885790 -0.995207667 0.004906312 -0.005867816 0.999970734 36.555622101
0.999982536 0.003713276 -0.004603443 0.679926038 -0.003687056 0.999976933 0.005691164 -1.004834056 0.004624470 -0.005674091 0.999973178 37.104621887
0.999981105 0.003639559 -0.004953593 0.686794817 -0.003610514 0.999976337 0.005859526 -1.021812916 0.004974802 -0.005841531 0.999970496 37.645721436
0.999981761 0.002957461 -0.005265743 0.697049141 -0.002928833 0.999980986 0.005436065 -1.030515671 0.005281719 -0.005420544 0.999971390 38.194919586
0.999981821 0.003720783 -0.004743817 0.701481342 -0.003694775 0.999978185 0.005479625 -1.046632767 0.004764101 -0.005462000 0.999973714 38.746421814
0.999978185 0.003679146 -0.005487604 0.711001992 -0.003646905 0.999976099 0.005873622 -1.059620261 0.005509083 -0.005853481 0.999967694 39.296142578
0.999978662 0.003833653 -0.005299624 0.724189341 -0.003801023 0.999973834 0.006153254 -1.076440573 0.005323075 -0.006132978 0.999967039 39.836601257
0.999978483 0.003597602 -0.005490969 0.738526106 -0.003563783 0.999974668 0.006156248 -1.090274096 0.005512978 -0.006136546 0.999965966 40.389560699
0.999973774 0.004240148 -0.005863188 0.753273666 -0.004211680 0.999979258 0.004859044 -1.076176047 0.005883669 -0.004834223 0.999970973 40.910228729
0.999975443 0.003789966 -0.005910984 0.741441846 -0.003750774 0.999971032 0.006627563 -1.112638235 0.005935932 -0.006605229 0.999960542 41.465244293
0.999971926 0.003916718 -0.006384206 0.756371498 -0.003874327 0.999970496 0.006638935 -1.129697204 0.006410020 -0.006614014 0.999957621 41.999580383
0.999974251 0.003604489 -0.006207939 0.769966364 -0.003562831 0.999971211 0.006708369 -1.137794375 0.006231940 -0.006686077 0.999958217 42.541732788
0.999970078 0.003707830 -0.006786879 0.790176630 -0.003656568 0.999964833 0.007550093 -1.159709930 0.006814635 -0.007525051 0.999948442 43.081626892
0.999972463 0.003956063 -0.006278188 0.770094275 -0.003916814 0.999972761 0.006251744 -1.154598951 0.006302749 -0.006226981 0.999960721 43.656558990
0.999974012 0.002951923 -0.006577064 0.780457139 -0.002904641 0.999969959 0.007186889 -1.174171925 0.006598082 -0.007167598 0.999952495 44.190059662
0.999975324 0.003724923 -0.005956703 0.778422832 -0.003682071 0.999967396 0.007188848 -1.186528087 0.005983287 -0.007166738 0.999956369 44.735958099
0.999971271 0.004200868 -0.006305758 0.793324471 -0.004161501 0.999971867 0.006243155 -1.187580228 0.006331807 -0.006216736 0.999960601 45.294570923
0.999971926 0.003533393 -0.006607806 0.809727967 -0.003490866 0.999973238 0.006436407 -1.199930787 0.006630371 -0.006413159 0.999957442 45.836929321
0.999969840 0.003714160 -0.006810642 0.815786660 -0.003672478 0.999974430 0.006122658 -1.210962415 0.006833209 -0.006097461 0.999958038 46.385150909
0.999966860 0.004113459 -0.007014587 0.830856681 -0.004065340 0.999968171 0.006860655 -1.231334567 0.007042584 -0.006831911 0.999951839 46.929901123
0.999972165 0.003456706 -0.006616243 0.822928190 -0.003415650 0.999974906 0.006206553 -1.230524421 0.006637532 -0.006183782 0.999958813 47.473976135
0.999971092 0.004145581 -0.006381046 0.831438303 -0.004105790 0.999972224 0.006236292 -1.246056795 0.006406723 -0.006209913 0.999960184 48.026599884
0.999972105 0.003305424 -0.006701895 0.842413545 -0.003259920 0.999971628 0.006789343 -1.257566214 0.006724146 -0.006767305 0.999954522 48.561359406
0.999970436 0.003764207 -0.006705894 0.842520952 -0.003720155 0.999971449 0.006569532 -1.269404650 0.006730432 -0.006544390 0.999955952 49.101348877
0.999972284 0.003501254 -0.006575299 0.857575595 -0.003457716 0.999972045 0.006621145 -1.280434489 0.006598298 -0.006598225 0.999956489 49.649772644
0.999969423 0.003806731 -0.006821188 0.868225694 -0.003761482 0.999970853 0.006634149 -1.296726346 0.006846243 -0.006608289 0.999954760 50.188442230
0.999969959 0.003968064 -0.006651730 0.861258745 -0.003926127 0.999972343 0.006305994 -1.304102898 0.006676568 -0.006279688 0.999957979 50.742717743
0.999971926 0.003647523 -0.006543852 0.869755030 -0.003604375 0.999971747 0.006593349 -1.316552401 0.006567717 -0.006569577 0.999956846 51.297794342
0.999968588 0.003363006 -0.007184008 0.891624749 -0.003317463 0.999974310 0.006341953 -1.326775074 0.007205152 -0.006317921 0.999954104 51.823043823
0.999969065 0.003444145 -0.007075596 0.892463088 -0.003402788 0.999977231 0.005848865 -1.335427403 0.007095578 -0.005824608 0.999957860 52.367046356
0.999973714 0.003867814 -0.006128601 0.887684941 -0.003832530 0.999976158 0.005758538 -1.343746066 0.006150727 -0.005734899 0.999964595 52.904911041
0.999968350 0.003466156 -0.007179268 0.904479384 -0.003423610 0.999976575 0.005930060 -1.360256076 0.007199655 -0.005905292 0.999956608 53.462402344
0.999967694 0.003488129 -0.007246168 0.914093971 -0.003442625 0.999974430 0.006282720 -1.373810768 0.007267897 -0.006257571 0.999954045 54.013675690
0.999969721 0.003550215 -0.006921784 0.914450884 -0.003509045 0.999976158 0.005951131 -1.382673979 0.006942746 -0.005926662 0.999958336 54.552627563
0.999971211 0.003566425 -0.006701341 0.920308948 -0.003528336 0.999977589 0.005687120 -1.398591518 0.006721473 -0.005663311 0.999961376 55.089096069
0.999969006 0.003636477 -0.006970593 0.927257419 -0.003596101 0.999976754 0.005795912 -1.405298829 0.006991507 -0.005770667 0.999958932 55.637378693
0.999968171 0.003558854 -0.007144942 0.931614161 -0.003517490 0.999977052 0.005793439 -1.415211678 0.007165395 -0.005768122 0.999957621 56.182678223
0.999969721 0.003550022 -0.006933901 0.944640040 -0.003509727 0.999976933 0.005814793 -1.430589795 0.006954383 -0.005790280 0.999958992 56.727169037
0.999966323 0.003832567 -0.007257356 0.957463920 -0.003789393 0.999975085 0.005953356 -1.441901684 0.007279992 -0.005925655 0.999955893 57.275089264
0.999964416 0.003417983 -0.007715338 0.966233611 -0.003374422 0.999978304 0.005651982 -1.455920100 0.007734489 -0.005625746 0.999954283 57.815307617
0.999966085 0.003971531 -0.007215038 0.977283001 -0.003929121 0.999974966 0.005882548 -1.469557405 0.007238221 -0.005854000 0.999956667 58.357147217
0.999970496 0.003555161 -0.006807945 0.967601955 -0.003518803 0.999979496 0.005345140 -1.468226790 0.006826810 -0.005321027 0.999962568 58.904273987
0.999972522 0.003508186 -0.006538117 0.974974871 -0.003473984 0.999980271 0.005235203 -1.481583834 0.006556354 -0.005212346 0.999964952 59.447334290
0.999968588 0.003410886 -0.007149654 0.985040605 -0.003375222 0.999981821 0.004994295 -1.490656853 0.007166559 -0.004970007 0.999961972 59.999477386
0.999967635 0.003879966 -0.007045288 0.985600710 -0.003843301 0.999979019 0.005210203 -1.501334906 0.007065356 -0.005182957 0.999961615 60.526752472
0.999968112 0.004695703 -0.006460535 0.992246509 -0.004660898 0.999974549 0.005391947 -1.518658400 0.006485690 -0.005361664 0.999964595 61.076820374
0.999963701 0.004548533 -0.007205632 1.003051043 -0.004510894 0.999976099 0.005231151 -1.527277708 0.007229255 -0.005198457 0.999960363 61.630989075
0.999967039 0.004059198 -0.007031019 1.003256440 -0.004025459 0.999980271 0.004806188 -1.535269976 0.007050390 -0.004777726 0.999963760 62.151527405
0.999967813 0.004223228 -0.006825276 1.009327412 -0.004189407 0.999978840 0.004962113 -1.552118778 0.006846089 -0.004933359 0.999964416 62.700325012
0.999965787 0.005115834 -0.006505131 1.011528254 -0.005077800 0.999970019 0.005849789 -1.573224783 0.006534862 -0.005816557 0.999961793 63.236789703
0.999965549 0.004239468 -0.007139011 1.028106451 -0.004202981 0.999978065 0.005118125 -1.577316880 0.007160554 -0.005087943 0.999961436 63.784179688
0.999967813 0.004169369 -0.006857143 1.027434826 -0.004136402 0.999979854 0.004814836 -1.587625027 0.006877079 -0.004786317 0.999964952 64.334259033
0.999962747 0.004800558 -0.007184416 1.038738966 -0.004763304 0.999975145 0.005193644 -1.597138643 0.007209169 -0.005159229 0.999960721 64.865005493
0.999966979 0.004227798 -0.006942183 1.041228294 -0.004195038 0.999980032 0.004726703 -1.606798410 0.006962028 -0.004697425 0.999964654 65.415031433
0.999969780 0.004013339 -0.006646305 1.049533606 -0.003981608 0.999980628 0.004780515 -1.619112611 0.006665362 -0.004753908 0.999966443 65.969841003
0.999971807 0.003892933 -0.006420076 1.051676989 -0.003868327 0.999985099 0.003840789 -1.620804906 0.006434932 -0.003815845 0.999971986 66.520889282
0.999966502 0.004409659 -0.006901021 1.063501835 -0.004374056 0.999977112 0.005165709 -1.649601102 0.006923643 -0.005135351 0.999962866 67.056709290
0.999968171 0.004381452 -0.006667605 1.060741186 -0.004346611 0.999976873 0.005231000 -1.657612324 0.006690369 -0.005201852 0.999964118 67.572639465
0.999963999 0.004989374 -0.006852948 1.073171496 -0.004951467 0.999972343 0.005537354 -1.676147103 0.006880388 -0.005503222 0.999961138 68.102622986
0.999959946 0.006028723 -0.006610748 1.079354405 -0.005991082 0.999965787 0.005698974 -1.695582867 0.006644880 -0.005659139 0.999961913 68.646453857
0.999970317 0.004373133 -0.006344331 1.076628208 -0.004339776 0.999976754 0.005261919 -1.697344542 0.006367195 -0.005234231 0.999966025 69.196220398
0.999966621 0.005223571 -0.006284956 1.085548520 -0.005191486 0.999973476 0.005110441 -1.707015514 0.006311484 -0.005077643 0.999967217 69.713943481
0.999965489 0.005024218 -0.006607177 1.095419168 -0.004990444 0.999974430 0.005118265 -1.719405413 0.006632724 -0.005085117 0.999965072 70.263305664
0.999966681 0.005024852 -0.006426954 1.102500200 -0.004992185 0.999974608 0.005088785 -1.726626396 0.006452362 -0.005056532 0.999966443 70.800567627
0.999967575 0.005240629 -0.006115501 1.100805521 -0.005209381 0.999973357 0.005114214 -1.741667151 0.006142140 -0.005082191 0.999968231 71.334739685
0.999968529 0.004695007 -0.006402835 1.113784075 -0.004662341 0.999976158 0.005107208 -1.759206772 0.006426660 -0.005077194 0.999966502 71.880058289
0.999965549 0.005555686 -0.006163535 1.112997413 -0.005525785 0.999973059 0.004857743 -1.764022827 0.006190356 -0.004823518 0.999969184 72.421920776
0.999963939 0.005682289 -0.006307453 1.123909712 -0.005650608 0.999971390 0.005029300 -1.780156612 0.006335850 -0.004993478 0.999967456 72.965164185
0.999966741 0.005049397 -0.006395413 1.129032373 -0.005019631 0.999976575 0.004661721 -1.790141225 0.006418803 -0.004629465 0.999968648 73.512039185
0.999967456 0.005358870 -0.006028345 1.129859686 -0.005329084 0.999973595 0.004946307 -1.800359130 0.006054692 -0.004914020 0.999969602 74.025451660
0.999965966 0.005418552 -0.006217742 1.140782833 -0.005387062 0.999972641 0.005070257 -1.812371969 0.006245046 -0.005036589 0.999967754 74.560401917
0.999964297 0.005515574 -0.006400357 1.145341873 -0.005480545 0.999969900 0.005477696 -1.827342391 0.006430378 -0.005442423 0.999964476 75.106491089
0.999965191 0.005225534 -0.006503926 1.154909611 -0.005191972 0.999973118 0.005166473 -1.839814782 0.006530747 -0.005132524 0.999965489 75.635864258
0.999964356 0.005815620 -0.006129335 1.157443285 -0.005783746 0.999969661 0.005205250 -1.853239298 0.006159422 -0.005169614 0.999967635 76.184707642
0.999970376 0.004894190 -0.005933317 1.169385195 -0.004865035 0.999976099 0.004918169 -1.864794493 0.005957246 -0.004889158 0.999970317 76.717552185
0.999966979 0.005032978 -0.006384052 1.177154064 -0.005002075 0.999975681 0.004847682 -1.873297453 0.006408295 -0.004815589 0.999967873 77.270050049
0.999964595 0.005005715 -0.006774320 1.186978102 -0.004970799 0.999974310 0.005161297 -1.891441345 0.006799982 -0.005127440 0.999963760 77.817207336
0.999963343 0.004855087 -0.007069566 1.198481321 -0.004821044 0.999976695 0.004824598 -1.903601170 0.007092825 -0.004790337 0.999963343 78.360588074
0.999965191 0.005276414 -0.006484398 1.197329760 -0.005242649 0.999972582 0.005213227 -1.915629864 0.006511730 -0.005179050 0.999965310 78.883613586
0.999961495 0.005619411 -0.006745728 1.205034018 -0.005586457 0.999972343 0.004894277 -1.925468922 0.006773046 -0.004856403 0.999965191 79.431213379
0.999963939 0.005152051 -0.006754936 1.216086149 -0.005119106 0.999975085 0.004885456 -1.937892318 0.006779937 -0.004850701 0.999965250 79.971153259
0.999973238 0.004898579 -0.005426003 1.225574136 -0.004871474 0.999975622 0.004997619 -1.949767590 0.005450352 -0.004971053 0.999972761 80.526496887
0.999974072 0.005763912 -0.004316041 1.232793570 -0.005742566 0.999971271 0.004941898 -1.963008523 0.004344402 -0.004916986 0.999978483 81.069969177
0.999977410 0.005740742 -0.003483274 1.243545771 -0.005722508 0.999970019 0.005222369 -1.981170416 0.003513149 -0.005202318 0.999980271 81.596786499
0.999983728 0.005384760 -0.001895066 1.248817086 -0.005375385 0.999973476 0.004918563 -1.987434149 0.001921501 -0.004908295 0.999986112 82.134422302
0.999985397 0.005165169 0.001598538 1.264134526 -0.005172275 0.999976635 0.004473823 -1.996693730 -0.001575392 -0.004482025 0.999988735 82.689384460
0.999974430 0.004794689 0.005302831 1.283204675 -0.004819913 0.999977112 0.004754185 -2.012445688 -0.005279914 -0.004779623 0.999974608 83.224807739
0.999952674 0.005635536 0.007931168 1.299124479 -0.005674918 0.999971747 0.004951630 -2.029595137 -0.007903040 -0.004996405 0.999956310 83.766578674
0.999899924 0.005657500 0.012970237 1.324398637 -0.005725805 0.999969900 0.005235168 -2.049288511 -0.012940230 -0.005308909 0.999902248 84.308799744
0.999811649 0.005828038 0.018511318 1.349396229 -0.005919296 0.999970555 0.004878813 -2.056864738 -0.018482340 -0.004987467 0.999816775 84.857658386
0.999707878 0.005152062 0.023613291 1.385328412 -0.005276599 0.999972463 0.005214750 -2.076375484 -0.023585776 -0.005337824 0.999707580 85.401199341
0.999555826 0.004847387 0.029405404 1.420812964 -0.005001772 0.999974072 0.005178926 -2.086202860 -0.029379543 -0.005323705 0.999554157 85.945396423
0.999274194 0.004921535 0.037772402 1.447965145 -0.005118435 0.999973834 0.005117899 -2.101768732 -0.037746232 -0.005307520 0.999273241 86.491043091
0.998935163 0.005313586 0.045827616 1.493131399 -0.005554099 0.999971449 0.005122459 -2.115653515 -0.045799099 -0.005371537 0.998936117 87.043998718
0.998588920 0.005112829 0.052858245 1.535381317 -0.005415549 0.999969840 0.005585358 -2.131574869 -0.052828096 -0.005863735 0.998586416 87.583953857
0.998092592 0.004719275 0.061554477 1.594144344 -0.005027819 0.999975562 0.004858614 -2.136166811 -0.061530050 -0.005158831 0.998091877 88.136375427
0.997429729 0.004812806 0.071490541 1.656462193 -0.005143230 0.999976933 0.004438566 -2.145459890 -0.071467526 -0.004794849 0.997431397 88.676635742
0.996793389 0.004533362 0.079890251 1.719464779 -0.004896833 0.999978602 0.004354277 -2.157823086 -0.079868808 -0.004731524 0.996794105 89.227264404
0.996061563 0.004271153 0.088561438 1.774850368 -0.004676694 0.999979496 0.004372209 -2.169945002 -0.088540949 -0.004769166 0.996061146 89.770553589
0.995079517 0.003605908 0.099014193 1.855533600 -0.004039591 0.999983072 0.004179881 -2.179032803 -0.098997444 -0.004559292 0.995077312 90.310432434
0.993913352 0.004467114 0.110073887 1.926372528 -0.004989417 0.999977589 0.004470039 -2.194281340 -0.110051446 -0.004992037 0.993913352 90.864700317
0.992918313 0.003590161 0.118743978 2.016202927 -0.004133681 0.999982119 0.004331262 -2.205870628 -0.118726298 -0.004791440 0.992915511 91.412803650
0.991527796 0.004301864 0.129822850 2.104045868 -0.004976590 0.999975741 0.004873318 -2.222698450 -0.129798740 -0.005478106 0.991525233 91.939979553
0.989873290 0.003428169 0.141912475 2.198813438 -0.004098390 0.999981701 0.004430757 -2.236734629 -0.141894668 -0.004967501 0.989869297 92.491256714
0.988241851 0.003545231 0.152857319 2.301035881 -0.004288831 0.999980450 0.004535211 -2.253251314 -0.152838260 -0.005137465 0.988237798 93.037055969
0.986582518 0.002614889 0.163242444 2.409667969 -0.003409899 0.999983668 0.004590113 -2.261149645 -0.163227797 -0.005085165 0.986575305 93.567970276
0.984467685 0.002563074 0.175547630 2.532781601 -0.003514004 0.999980807 0.005106300 -2.282235384 -0.175531164 -0.005643861 0.984457731 94.083831787
0.982122838 0.002001454 0.188231155 2.656212807 -0.002939730 0.999984622 0.004705666 -2.289769888 -0.188218862 -0.005174890 0.982113540 94.640022278
0.979976535 0.002224550 0.199100569 2.775021553 -0.003213676 0.999984026 0.004644952 -2.299637556 -0.199087083 -0.005191789 0.979968071 95.175689697
0.977253318 0.002823364 0.212056264 2.913909912 -0.003939951 0.999980509 0.004843156 -2.315714598 -0.212038457 -0.005568482 0.977245450 95.708702087
0.974317968 0.002020078 0.225167409 3.065439224 -0.003202229 0.999982953 0.004885010 -2.323107481 -0.225153729 -0.005480591 0.974307835 96.225448608
0.971717596 0.001342986 0.236142084 3.211990356 -0.002510455 0.999986053 0.004643334 -2.337145329 -0.236132592 -0.005104833 0.971707463 96.755218506
0.968704045 0.000944532 0.248216674 3.370029449 -0.002190578 0.999986351 0.004743853 -2.355315924 -0.248208806 -0.005139127 0.968692958 97.285804749
0.965237141 0.000698138 0.261374712 3.541618347 -0.002079883 0.999985278 0.005009867 -2.368615627 -0.261367381 -0.005379338 0.965224445 97.784698486
0.961555600 0.000816815 0.274608910 3.706068039 -0.002176402 0.999986827 0.004646344 -2.376420975 -0.274601519 -0.005065377 0.961544752 98.329536438
0.958497822 0.000004321 0.285099953 3.885978699 -0.001424483 0.999987543 0.004773916 -2.391404390 -0.285096347 -0.004981908 0.958485901 98.834655762
0.954348743 -0.000078021 0.298694611 4.075813293 -0.001378138 0.999988079 0.004664446 -2.397528410 -0.298691422 -0.004863151 0.954337358 99.348350525
0.950069785 0.000309571 0.312037468 4.278835297 -0.001880924 0.999987066 0.004734822 -2.413826942 -0.312031984 -0.005085330 0.950057983 99.864311218
0.945757687 -0.000485285 0.324872524 4.450653076 -0.001072026 0.999988735 0.004614601 -2.423943520 -0.324871123 -0.004712566 0.945746541 100.402435303
0.941092908 -0.000179656 0.338147938 4.658657074 -0.001390440 0.999989331 0.004400992 -2.439196348 -0.338145167 -0.004611918 0.941082597 100.925559998
0.936145604 -0.000827261 0.351611286 4.888399124 -0.000879388 0.999988616 0.004694066 -2.456746578 -0.351611227 -0.004703532 0.936134338 101.422561646
0.931671023 -0.001605153 0.363299400 5.098901749 -0.000113355 0.999988973 0.004708912 -2.466871500 -0.363302946 -0.004428338 0.931660473 101.928375244
0.926772118 -0.001697939 0.375620097 5.329418182 0.000149705 0.999991357 0.004150951 -2.469013214 -0.375624001 -0.003790755 0.926764369 102.454437256
0.920922160 -0.001989161 0.389741480 5.565856934 0.000218787 0.999989450 0.004586768 -2.487530708 -0.389746577 -0.004138786 0.920912802 102.937683105
0.915257275 -0.002430009 0.402862519 5.821208954 0.000698828 0.999989867 0.004444139 -2.498865128 -0.402869254 -0.003785999 0.915249705 103.456291199
0.910411537 -0.003450364 0.413689554 6.068958282 0.001772207 0.999988496 0.004440256 -2.516362429 -0.413700163 -0.003309317 0.910407186 103.926940918
0.904682815 -0.003629652 0.426070243 6.341121674 0.001814406 0.999987483 0.004666237 -2.543899059 -0.426081866 -0.003448400 0.904678047 104.381088257
0.897304058 -0.003208014 0.441401362 6.574321747 0.001368701 0.999989033 0.004485345 -2.537240982 -0.441410840 -0.003420572 0.897298574 104.923278809
0.891553283 -0.003993978 0.452898204 6.844753265 0.002352487 0.999988556 0.004187617 -2.546262026 -0.452909738 -0.002668046 0.891552329 105.405403137
0.885715961 -0.004044844 0.464209974 7.112495422 0.001882205 0.999985158 0.005122002 -2.566175699 -0.464223772 -0.003662901 0.885710359 105.883300781
0.878661871 -0.004498264 0.477423340 7.404346466 0.002539870 0.999985516 0.004747386 -2.577371120 -0.477437764 -0.002958754 0.878660560 106.376358032
0.871893704 -0.004862538 0.489671022 7.694263458 0.002901558 0.999984503 0.004763633 -2.589670420 -0.489686549 -0.002732572 0.871894240 106.837837219
0.865979195 -0.005153649 0.500053346 7.977878571 0.003120309 0.999983132 0.004902354 -2.603565454 -0.500070214 -0.002685016 0.865980685 107.298171997
