1.000000000 0.000000000 0.000000000 0.000000000 0.000000000 1.000000000 0.000000000 0.000000000 0.000000000 0.000000000 1.000000000 0.000000000
1.000000000 0.000158666 0.000091857 -0.000371521 -0.000158666 1.000000000 0.000000548 0.000823739 -0.000091857 -0.000000563 1.000000000 0.001322032
1.000000000 0.000078671 0.000048009 -0.000349935 -0.000078676 1.000000000 0.000107344 -0.000088506 -0.000048001 -0.000107348 1.000000000 0.000102254
1.000000000 -0.000090688 0.000122849 -0.000809172 0.000090682 1.000000000 0.000048088 0.000337163 -0.000122853 -0.000048077 1.000000000 0.001683651
1.000000000 -0.000087144 0.000090056 0.000208914 0.000087143 1.000000000 0.000003664 0.000077768 -0.000090056 -0.000003656 1.000000000 0.000525591
1.000000000 -0.000008918 0.000111827 -0.000117376 0.000008924 1.000000000 -0.000055450 0.000864189 -0.000111827 0.000055451 1.000000000 0.001424416
1.000000000 0.000030245 0.000124602 -0.000087219 -0.000030259 1.000000000 0.000111376 0.000049776 -0.000124598 -0.000111379 1.000000000 0.000701582
1.000000000 -0.000150804 0.000118069 0.000081190 0.000150803 1.000000000 0.000004915 0.000460086 -0.000118070 -0.000004898 1.000000000 0.000763961
1.000000000 0.000011674 0.000043414 -0.000047350 -0.000011674 1.000000000 0.000007195 -0.000311397 -0.000043414 -0.000007195 1.000000000 -0.000478682
1.000000000 0.000008844 0.000155671 -0.000821761 -0.000008850 1.000000000 0.000033855 0.000529168 -0.000155671 -0.000033856 1.000000000 0.001470555
1.000000000 -0.000223182 0.000075069 -0.000238366 0.000223175 1.000000000 0.000093701 0.000003932 -0.000075090 -0.000093684 1.000000000 0.000703323
1.000000000 -0.000020838 0.000225160 -0.000919734 0.000020797 1.000000000 0.000182287 -0.000547823 -0.000225164 -0.000182282 0.999999940 0.000811093
1.000000000 -0.000091946 0.000066245 0.000166801 0.000091941 1.000000000 0.000073800 -0.000327772 -0.000066252 -0.000073794 1.000000000 0.000324862
0.999999940 -0.000310913 -0.000021886 0.001028194 0.000310913 0.999999940 0.000007393 0.000457428 0.000021884 -0.000007400 1.000000000 0.000018828
1.000000000 -0.000079778 0.000200205 -0.000674215 0.000079767 1.000000000 0.000053417 0.000558842 -0.000200210 -0.000053401 1.000000000 0.000429398
1.000000000 -0.000098393 0.000120210 -0.001198101 0.000098381 1.000000000 0.000103270 -0.000079249 -0.000120220 -0.000103259 1.000000000 0.001166632
1.000000000 0.000063864 0.000080765 -0.000631114 -0.000063872 1.000000000 0.000097892 0.000019117 -0.000080758 -0.000097898 1.000000000 0.000374501
1.000000000 0.000029284 0.000093159 -0.000651045 -0.000029298 1.000000000 0.000143906 -0.000765312 -0.000093155 -0.000143909 1.000000000 0.000361515
0.999999940 0.000266281 0.000176981 -0.001720514 -0.000266279 0.999999940 -0.000013805 0.000903303 -0.000176984 0.000013758 1.000000000 0.000312023
1.000000000 0.000013815 0.000200853 -0.001729089 -0.000013809 1.000000000 -0.000029768 0.000221247 -0.000200853 0.000029765 1.000000000 -0.000093438
1.000000000 -0.000074711 0.000132327 -0.000334397 0.000074727 1.000000000 -0.000120915 0.001132673 -0.000132318 0.000120925 1.000000000 0.000569082
1.000000000 0.000158991 0.000132413 -0.000723818 -0.000159007 1.000000000 0.000124855 0.000157385 -0.000132393 -0.000124876 1.000000000 0.000722321
1.000000000 -0.000008168 0.000036960 0.000252923 0.000008168 1.000000000 -0.000014027 0.000880667 -0.000036960 0.000014027 1.000000000 -0.000375299
1.000000000 0.000061688 0.000054573 0.000168578 -0.000061686 1.000000000 -0.000036380 0.000903920 -0.000054575 0.000036377 1.000000000 -0.000530999
1.000000000 0.000047145 0.000044457 0.000073609 -0.000047145 1.000000000 -0.000005547 0.000943793 -0.000044457 0.000005545 1.000000000 -0.000192003
0.999999940 0.000267922 0.000201668 -0.001926418 -0.000267931 0.999999940 0.000048119 0.001408349 -0.000201655 -0.000048173 1.000000000 0.001432436
1.000000000 -0.000020905 0.000078035 -0.000610255 0.000020884 0.999999940 0.000277633 -0.000774458 -0.000078041 -0.000277631 0.999999940 0.001039199
1.000000000 -0.000165507 0.000098453 -0.000338286 0.000165499 1.000000000 0.000075019 0.000064045 -0.000098465 -0.000075002 1.000000000 0.000911911
1.000000000 -0.000105916 0.000103860 -0.000855084 0.000105910 1.000000000 0.000061914 -0.000236956 -0.000103866 -0.000061903 1.000000000 0.000035130
1.000000000 -0.000000738 0.000130897 -0.001558345 0.000000711 1.000000000 0.000207188 -0.000689391 -0.000130897 -0.000207187 0.999999940 0.000104745
1.000000000 -0.000080292 0.000177398 -0.000589327 0.000080304 1.000000000 -0.000066870 0.000692034 -0.000177392 0.000066884 1.000000000 -0.000104146
1.000000000 -0.000009443 0.000191259 -0.000919409 0.000009425 1.000000000 0.000096438 0.000308386 -0.000191259 -0.000096436 1.000000000 0.001652878
1.000000000 -0.000011021 0.000172837 -0.000938728 0.000011014 1.000000000 0.000043758 0.000215802 -0.000172838 -0.000043756 1.000000000 0.000344915
1.000000000 0.000100886 0.000076267 -0.000151821 -0.000100898 1.000000000 0.000158019 -0.000353258 -0.000076251 -0.000158027 1.000000000 0.000247695
1.000000000 -0.000011537 0.000099215 -0.000719257 0.000011536 1.000000000 0.000010074 0.000606763 -0.000099215 -0.000010073 1.000000000 0.000949427
1.000000000 -0.000047498 0.000028477 -0.000310653 0.000047497 1.000000000 0.000045904 0.000024198 -0.000028479 -0.000045902 1.000000000 0.000064489
1.000000000 -0.000076334 0.000134081 -0.000695942 0.000076324 1.000000000 0.000073623 0.000008049 -0.000134086 -0.000073613 1.000000000 -0.000316340
0.999999940 -0.000344268 0.000168111 -0.000245555 0.000344275 0.999999940 -0.000041479 0.000482629 -0.000168097 0.000041537 1.000000000 0.002000976
0.999999940 -0.000267626 0.000024118 0.001281665 0.000267636 0.999999881 -0.000438477 -0.003148619 -0.000024001 0.000438484 0.999999881 0.051402777
1.000000000 0.000042570 0.000084853 0.001516728 -0.000042464 0.999999225 -0.001244945 -0.003037305 -0.000084905 0.001244942 0.999999225 0.140459374
0.999927759 0.011414687 0.003769102 -0.042925175 -0.011405744 0.999932110 -0.002385721 -0.010754616 -0.003796078 0.002342559 0.999990046 0.257607698
0.999943018 0.010466114 0.002089802 -0.026528602 -0.010461493 0.999942839 -0.002210011 -0.014778630 -0.002112813 0.002188022 0.999995351 0.380858511
0.999943793 0.010397644 0.002074039 -0.021761872 -0.010393197 0.999943674 -0.002144022 -0.020803424 -0.002096215 0.002122346 0.999995530 0.513610184
0.999943554 0.010138443 0.003181039 -0.036176600 -0.010136005 0.999948263 -0.000781849 -0.036318451 -0.003188802 0.000749562 0.999994576 0.651495337
0.999941587 0.010296414 0.003288974 -0.030706961 -0.010295164 0.999946892 -0.000396818 -0.040846262 -0.003292885 0.000362935 0.999994516 0.814800262
0.999923825 0.011592819 0.004229780 -0.050127126 -0.011584896 0.999931097 -0.001893067 -0.031788275 -0.004251435 0.001843922 0.999989271 0.967337251
0.999945223 0.009663637 0.004015439 -0.036131319 -0.009658519 0.999952495 -0.001291922 -0.044671077 -0.004027733 0.001253068 0.999991119 1.152996778
0.999947846 0.009373822 0.004040099 -0.030688878 -0.009368391 0.999955177 -0.001361320 -0.049560212 -0.004052678 0.001323400 0.999990940 1.337914824
0.999940395 0.010284015 0.003665475 -0.023187304 -0.010282220 0.999946952 -0.000508394 -0.060219254 -0.003670510 0.000470674 0.999993086 1.522750497
0.999940157 0.010196263 0.003961047 -0.026007682 -0.010195499 0.999947965 -0.000213202 -0.067383468 -0.003963015 0.000172804 0.999992073 1.720063925
0.999939442 0.010350916 0.003734230 -0.021341702 -0.010351027 0.999946415 0.000010361 -0.075054348 -0.003733923 -0.000049014 0.999993026 1.915516376
0.999937713 0.010348319 0.004166407 -0.022612207 -0.010349083 0.999946356 0.000161914 -0.094852395 -0.004164508 -0.000205022 0.999991298 2.096627235
0.999938428 0.010627869 0.003179929 0.003940436 -0.010629177 0.999943435 0.000395130 -0.094949357 -0.003175550 -0.000428906 0.999994814 2.307121038
0.999942362 0.009921025 0.004083809 0.000644194 -0.009919582 0.999950707 -0.000373187 -0.091656268 -0.004087310 0.000332656 0.999991596 2.536450386
0.999940753 0.010187652 0.003856174 0.005157514 -0.010186598 0.999948084 -0.000292989 -0.096639670 -0.003858960 0.000253691 0.999992549 2.765415668
0.999924481 0.011397857 0.004580896 0.011355467 -0.011395247 0.999934912 -0.000595428 -0.095652185 -0.004587385 0.000543183 0.999989271 2.978150606
0.999940634 0.010147763 0.003961236 0.014760341 -0.010147465 0.999948502 -0.000094917 -0.110139333 -0.003961994 0.000054715 0.999992132 3.215925932
0.999931335 0.010878361 0.004337149 0.012170022 -0.010879511 0.999940813 0.000241927 -0.119032443 -0.004334260 -0.000289096 0.999990582 3.454970121
0.999938309 0.010362729 0.003988302 0.019667361 -0.010362922 0.999946356 0.000028027 -0.122838467 -0.003987798 -0.000069355 0.999992073 3.709985733
0.999955416 0.008767672 0.003508903 0.037378818 -0.008767353 0.999961555 -0.000106093 -0.124006063 -0.003509699 0.000075325 0.999993861 3.991466999
0.999931157 0.011009942 0.004042628 0.023310130 -0.011015221 0.999938488 0.001286033 -0.149577886 -0.004028220 -0.001330475 0.999990940 4.199032784
0.999937892 0.010322737 0.004204683 0.031599011 -0.010327092 0.999946177 0.001015525 -0.153943807 -0.004193974 -0.001058884 0.999990642 4.456737041
0.999932289 0.010720887 0.004529756 0.041570507 -0.010723180 0.999942303 0.000482174 -0.149667799 -0.004524326 -0.000530715 0.999989569 4.734642982
0.999934733 0.010523264 0.004451740 0.040927909 -0.010523899 0.999944568 0.000118692 -0.163547873 -0.004450244 -0.000165534 0.999990106 4.967386246
0.999933779 0.010536100 0.004631700 0.047490250 -0.010535307 0.999944508 -0.000195649 -0.166620135 -0.004633504 0.000146839 0.999989271 5.235586166
0.999921381 0.011268468 0.005505136 0.041311145 -0.011267270 0.999936521 -0.000248646 -0.175858811 -0.005507589 0.000186598 0.999984741 5.528736115
0.999930620 0.010650178 0.005032880 0.050810885 -0.010652653 0.999943197 0.000465317 -0.187847510 -0.005027638 -0.000518898 0.999987245 5.801311016
0.999921978 0.011209157 0.005515769 0.046071816 -0.011210375 0.999937117 0.000189796 -0.206003353 -0.005513295 -0.000251615 0.999984741 6.055191517
0.999917984 0.011455590 0.005735213 0.049520861 -0.011455887 0.999934435 0.000019144 -0.210531518 -0.005734617 -0.000084844 0.999983549 6.335952282
0.999935567 0.010409804 0.004515916 0.078507841 -0.010412455 0.999945641 0.000564033 -0.220872208 -0.004509798 -0.000611018 0.999989569 6.585846901
0.999907136 0.012041193 0.006377278 0.064848088 -0.012047306 0.999926984 0.000920830 -0.231826276 -0.006365724 -0.000997573 0.999979258 6.882282734
0.999927998 0.011061976 0.004656451 0.093071252 -0.011062796 0.999938786 0.000150560 -0.230532750 -0.004654501 -0.000202063 0.999989152 7.204289436
0.999899626 0.012576112 0.006527317 0.067373581 -0.012580637 0.999920666 0.000652702 -0.243943825 -0.006518591 -0.000734755 0.999978423 7.513914108
0.999929726 0.010556508 0.005398522 0.097959548 -0.010561391 0.999943793 0.000876601 -0.255938321 -0.005388965 -0.000933555 0.999984980 7.816897869
0.999928892 0.010612168 0.005436885 0.105286501 -0.010618175 0.999943018 0.001077221 -0.268948734 -0.005425144 -0.001134875 0.999984622 8.125992775
0.999916732 0.011595014 0.005659808 0.110042647 -0.011595921 0.999932766 0.000127386 -0.270618349 -0.005657951 -0.000193005 0.999983907 8.450633049
0.999920964 0.011067873 0.005964017 0.115587488 -0.011072835 0.999938369 0.000799547 -0.281824946 -0.005954801 -0.000865522 0.999981821 8.788015366
0.999925077 0.010806667 0.005747522 0.132026479 -0.010817151 0.999939859 0.001796168 -0.308653682 -0.005727766 -0.001858205 0.999981880 9.096241951
0.999923587 0.011208592 0.005214584 0.138203025 -0.011209837 0.999937117 0.000209587 -0.298786283 -0.005211907 -0.000268025 0.999986410 9.458053589
0.999923348 0.011069864 0.005540440 0.149983928 -0.011073322 0.999938488 0.000593837 -0.312609911 -0.005533526 -0.000655142 0.999984503 9.795846939
0.999925256 0.011049096 0.005236226 0.160349429 -0.011054368 0.999938369 0.000978748 -0.325352579 -0.005225090 -0.001036558 0.999985754 10.147282600
0.999914825 0.011470386 0.006215241 0.158269107 -0.011474301 0.999933958 0.000594550 -0.330237567 -0.006208011 -0.000665815 0.999980450 10.505752563
0.999912679 0.011773614 0.005998932 0.173680708 -0.011780667 0.999929905 0.001141534 -0.341088295 -0.005985072 -0.001212105 0.999981344 10.874166489
0.999915957 0.011200297 0.006524756 0.172567487 -0.011214742 0.999934673 0.002181471 -0.370049506 -0.006499897 -0.002254462 0.999976277 11.216650009
0.999931216 0.009554029 0.006820518 0.189797580 -0.009571577 0.999950945 0.002544721 -0.386778295 -0.006795872 -0.002609829 0.999973476 11.590588570
0.999927938 0.010400510 0.005998358 0.202079415 -0.010412099 0.999943972 0.001903937 -0.394119650 -0.005978220 -0.001966255 0.999980211 11.967163086
0.999928296 0.010344711 0.006026036 0.216387659 -0.010352785 0.999945521 0.001310242 -0.396716028 -0.006012153 -0.001372534 0.999980986 12.354694366
0.999932647 0.009733155 0.006309829 0.228770718 -0.009741926 0.999951601 0.001360829 -0.405749619 -0.006296278 -0.001422208 0.999979079 12.772356987
0.999937832 0.009684136 0.005547175 0.244233951 -0.009696227 0.999950647 0.002156870 -0.425777972 -0.005526015 -0.002210522 0.999982297 13.149759293
0.999937832 0.009536843 0.005782349 0.249780178 -0.009551693 0.999951124 0.002545961 -0.442452729 -0.005757785 -0.002601034 0.999980032 13.563422203
0.999931991 0.009952451 0.006083679 0.253956795 -0.009972204 0.999945104 0.003225399 -0.459747136 -0.006051245 -0.003285848 0.999976218 13.972396851
0.999925494 0.010381651 0.006424674 0.262905449 -0.010396840 0.999943316 0.002335360 -0.465017885 -0.006400065 -0.002401983 0.999976635 14.381628990
0.999930680 0.009855650 0.006443725 0.283635706 -0.009876150 0.999946237 0.003157194 -0.480967760 -0.006412263 -0.003220614 0.999974251 14.810507774
0.999925494 0.010344283 0.006485066 0.298689991 -0.010368238 0.999939501 0.003671235 -0.508867383 -0.006446697 -0.003738200 0.999972165 15.202023506
0.999923289 0.010333451 0.006848003 0.308692127 -0.010357718 0.999940097 0.003517457 -0.513960004 -0.006811246 -0.003588116 0.999970376 15.654527664
0.999923289 0.010150789 0.007098819 0.321210384 -0.010179752 0.999939978 0.004055678 -0.535261631 -0.007057224 -0.004127631 0.999966562 16.089572906
0.999930739 0.009319098 0.007182863 0.330436975 -0.009345928 0.999949455 0.003710923 -0.545330524 -0.007147918 -0.003777796 0.999967337 16.536190033
0.999920189 0.009871592 0.007882395 0.338412046 -0.009902279 0.999943495 0.003863734 -0.559807360 -0.007843808 -0.003941480 0.999961495 17.003461838
0.999917030 0.009841985 0.008311690 0.344443798 -0.009879516 0.999941111 0.004486631 -0.576233029 -0.008267043 -0.004568374 0.999955416 17.434951782
0.999918640 0.009858215 0.008102387 0.360758901 -0.009892717 0.999942124 0.004229254 -0.588045120 -0.008060225 -0.004309063 0.999958277 17.904117584
0.999930739 0.008542614 0.008088885 0.374445677 -0.008577161 0.999954164 0.004245876 -0.598173916 -0.008052243 -0.004314961 0.999958277 18.354341507
0.999933600 0.008195113 0.008103585 0.388407767 -0.008238156 0.999952018 0.005292562 -0.620028079 -0.008059823 -0.005358969 0.999953151 18.818340302
0.999913216 0.009921932 0.008665208 0.402825117 -0.009972549 0.999933362 0.005817882 -0.662780225 -0.008606907 -0.005903792 0.999945521 19.299270630
0.999910533 0.009805648 0.009099036 0.408197731 -0.009846333 0.999941707 0.004437506 -0.649577916 -0.009054993 -0.004526701 0.999948740 19.796714783
0.999914646 0.009876315 0.008545906 0.427722424 -0.009916679 0.999939799 0.004693827 -0.669783950 -0.008499033 -0.004778173 0.999952495 20.304811478
0.999916911 0.009658977 0.008537264 0.439007699 -0.009703309 0.999939561 0.005166663 -0.688687563 -0.008486843 -0.005249073 0.999950230 20.792852402
0.999931872 0.008892003 0.007565134 0.447860062 -0.008934746 0.999944210 0.005635140 -0.702363193 -0.007514604 -0.005702348 0.999955535 21.285614014
0.999925971 0.009797679 0.007211063 0.460860789 -0.009839341 0.999934971 0.005764771 -0.718239307 -0.007154113 -0.005835298 0.999957323 21.788326263
0.999929667 0.010118222 0.006187054 0.485450864 -0.010153795 0.999931872 0.005745167 -0.726925969 -0.006128503 -0.005807586 0.999964297 22.321418762
0.999940991 0.008842516 0.006307166 0.490593702 -0.008879584 0.999943256 0.005873482 -0.752608657 -0.006254872 -0.005929140 0.999962866 22.840843201
0.999954104 0.008074000 0.005154433 0.511152387 -0.008106476 0.999947250 0.006311240 -0.770216823 -0.005103204 -0.006352735 0.999966800 23.340345383
0.999961615 0.007790927 0.003987712 0.525196195 -0.007816087 0.999949336 0.006333065 -0.782098293 -0.003938170 -0.006363990 0.999971986 23.876501083
0.999965608 0.007499066 0.003548701 0.526359081 -0.007520053 0.999954104 0.005937950 -0.788186371 -0.003504009 -0.005964432 0.999976099 24.431777954
0.999961436 0.008304212 0.002848992 0.548851192 -0.008320801 0.999948204 0.005860987 -0.793141544 -0.002800173 -0.005884467 0.999978781 24.979776382
0.999962568 0.008390616 0.002125804 0.552121818 -0.008403915 0.999944687 0.006326534 -0.811536491 -0.002072603 -0.006344162 0.999977708 25.480331421
0.999955952 0.009136829 0.002159311 0.558537543 -0.009150677 0.999937057 0.006493556 -0.824312091 -0.002099844 -0.006513028 0.999976575 26.024700165
0.999971390 0.007553555 0.000268467 0.618428469 -0.007555275 0.999946117 0.007121112 -0.859785497 -0.000214663 -0.007122937 0.999974608 26.636629105
0.999977946 0.006560891 -0.000972350 0.630314410 -0.006553818 0.999953210 0.007107138 -0.851377130 0.001018934 -0.007100608 0.999974251 27.150592804
0.999968648 0.007908622 -0.000294904 0.622582078 -0.007906199 0.999940872 0.007465051 -0.874135137 0.000353925 -0.007462486 0.999972105 27.691839218
0.999961197 0.008767411 -0.000880405 0.637248635 -0.008759746 0.999926686 0.008361724 -0.897806048 0.000953651 -0.008353688 0.999964654 28.212388992
0.999967933 0.007967085 -0.000697708 0.622457802 -0.007960409 0.999926865 0.009099044 -0.914697528 0.000770151 -0.009093198 0.999958336 28.721672058
0.999967635 0.007837343 -0.001817443 0.648197353 -0.007822532 0.999937236 0.008018136 -0.920589328 0.001880170 -0.008003660 0.999966204 29.293626785
0.999971390 0.007445688 -0.001344412 0.631228328 -0.007433517 0.999933302 0.008841942 -0.940106094 0.001410158 -0.008831695 0.999960005 29.824327469
0.999965727 0.008194955 -0.001126902 0.635668933 -0.008184167 0.999923587 0.009265456 -0.960412920 0.001202746 -0.009255917 0.999956429 30.401885986
0.999957323 0.008986708 -0.002104672 0.649420500 -0.008966947 0.999917328 0.009216977 -0.972189903 0.002187328 -0.009197713 0.999955237 30.932334900
0.999957740 0.008870169 -0.002400851 0.655155420 -0.008846527 0.999914050 0.009684791 -0.982729673 0.002486550 -0.009663143 0.999950171 31.481884003
0.999969423 0.007360773 -0.002620592 0.670975447 -0.007340619 0.999944031 0.007618877 -0.974177957 0.002676525 -0.007599407 0.999967515 32.049545288
0.999958336 0.008404331 -0.003544436 0.679993153 -0.008377888 0.999937475 0.007410073 -0.990128815 0.003606492 -0.007380069 0.999966264 32.615482330
0.999961495 0.008232225 -0.003038472 0.674403310 -0.008204699 0.999926150 0.008962720 -1.027473927 0.003112032 -0.008937445 0.999955237 33.152042389
0.999966741 0.007096189 -0.004053785 0.695002139 -0.007062728 0.999941289 0.008210210 -1.028638363 0.004111808 -0.008181304 0.999958098 33.711536407
0.999965727 0.007538139 -0.003415449 0.690784752 -0.007510389 0.999939263 0.008066192 -1.034843922 0.003476046 -0.008040265 0.999961615 34.272056580
0.999968290 0.007167356 -0.003448382 0.697214901 -0.007137286 0.999937057 0.008654735 -1.060823798 0.003510197 -0.008629849 0.999956608 34.823890686
0.999966741 0.007163326 -0.003904146 0.708729863 -0.007133742 0.999946117 0.007539538 -1.047562003 0.003957944 -0.007511436 0.999963880 35.345050812
0.999969184 0.006203135 -0.004813800 0.728896141 -0.006167777 0.999954164 0.007325578 -1.050909042 0.004859021 -0.007295663 0.999961555 35.936149597
0.999965549 0.006826763 -0.004713397 0.727776110 -0.006793309 0.999951839 0.007077474 -1.069694996 0.004761488 -0.007045210 0.999963820 36.473800659
0.999965370 0.006846119 -0.004717111 0.731319904 -0.006810881 0.999949038 0.007446285 -1.080011249 0.004767850 -0.007413900 0.999961078 37.017700195
0.999969482 0.006236154 -0.004711981 0.735910833 -0.006192828 0.999938905 0.009154269 -1.111459732 0.004768780 -0.009124808 0.999947011 37.549549103
0.999961138 0.007688927 -0.004309842 0.734021902 -0.007655164 0.999940336 0.007796302 -1.115945101 0.004369531 -0.007763008 0.999960303 38.099975586
0.999968588 0.006238310 -0.004890410 0.741700172 -0.006196769 0.999944985 0.008463884 -1.131824732 0.004942941 -0.008433313 0.999952197 38.637592316
0.999968231 0.005134296 -0.006088418 0.769607544 -0.005073685 0.999937832 0.009928927 -1.166564941 0.006139018 -0.009897721 0.999932170 39.183441162
0.999968410 0.005964811 -0.005249044 0.763719738 -0.005915032 0.999937892 0.009448354 -1.163577080 0.005305076 -0.009417008 0.999941587 39.717861176
0.999967396 0.006883856 -0.004207787 0.748368204 -0.006850162 0.999944746 0.007970233 -1.149773479 0.004262420 -0.007941150 0.999959409 40.271095276
0.999957740 0.007136093 -0.005793289 0.785529256 -0.007099498 0.999954879 0.006313033 -1.137720585 0.005838078 -0.006271638 0.999963284 40.844459534
0.999959350 0.006881318 -0.005824846 0.791677833 -0.006841262 0.999953032 0.006868874 -1.154227853 0.005871839 -0.006828745 0.999959409 41.381462097
0.999960303 0.006361980 -0.006226244 0.796997786 -0.006324448 0.999961853 0.006029265 -1.153414726 0.006264364 -0.005989648 0.999962449 41.910888672
0.999958038 0.006766456 -0.006174456 0.795723975 -0.006729878 0.999959826 0.005925668 -1.158114195 0.006214304 -0.005883866 0.999963403 42.482192993
0.999959230 0.006681225 -0.006074710 0.796463072 -0.006644414 0.999959588 0.006059847 -1.167193651 0.006114951 -0.006019237 0.999963164 43.023662567
0.999958515 0.007193407 -0.005585245 0.794035196 -0.007160046 0.999956667 0.005969911 -1.179768324 0.005627946 -0.005929674 0.999966502 43.557289124
0.999958873 0.006532139 -0.006294764 0.810276568 -0.006493032 0.999959588 0.006213212 -1.193240762 0.006335096 -0.006172085 0.999960899 44.106445312
0.999957025 0.007638494 -0.005237783 0.796243489 -0.007609267 0.999955475 0.005577428 -1.200175643 0.005280153 -0.005537333 0.999970734 44.631328583
0.999958158 0.007266747 -0.005555138 0.810570478 -0.007238483 0.999960840 0.005091207 -1.204675317 0.005591917 -0.005050784 0.999971628 45.181529999
0.999958932 0.007575385 -0.004963512 0.816131473 -0.007549142 0.999957561 0.005284567 -1.220816374 0.005003334 -0.005246881 0.999973655 45.725666046
0.999962687 0.006537991 -0.005637005 0.825966358 -0.006506511 0.999963164 0.005584851 -1.237761974 0.005673310 -0.005547965 0.999968529 46.257553101
0.999960899 0.006893033 -0.005542908 0.838462353 -0.006863166 0.999961913 0.005389430 -1.246273756 0.005579847 -0.005351177 0.999970138 46.805110931
0.999961913 0.006842550 -0.005408803 0.840412974 -0.006810375 0.999959111 0.005944938 -1.260797620 0.005449261 -0.005907877 0.999967694 47.336769104
0.999960482 0.007035804 -0.005433070 0.849474013 -0.007000850 0.999954820 0.006426045 -1.276218414 0.005478038 -0.006387755 0.999964535 47.882873535
0.999963939 0.006940632 -0.004895670 0.855983615 -0.006913202 0.999960423 0.005597816 -1.281579494 0.004934327 -0.005563769 0.999972343 48.438484192
0.999962389 0.006878841 -0.005267055 0.867795229 -0.006849879 0.999961436 0.005496918 -1.295132518 0.005304664 -0.005460633 0.999970973 48.977558136
0.999963582 0.006650515 -0.005345159 0.880545378 -0.006619831 0.999961615 0.005737952 -1.311420202 0.005383114 -0.005702359 0.999969244 49.521957397
0.999964416 0.006860952 -0.004896773 0.881448448 -0.006831990 0.999959230 0.005906947 -1.322586179 0.004937100 -0.005873282 0.999970555 50.060222626
0.999963403 0.007202153 -0.004617848 0.884757996 -0.007173294 0.999954820 0.006235754 -1.336527109 0.004662549 -0.006202401 0.999969840 50.593822479
0.999962389 0.007660217 -0.004046860 0.882360697 -0.007633386 0.999949038 0.006604271 -1.350319982 0.004097244 -0.006573133 0.999969959 51.135780334
0.999964178 0.007104030 -0.004597105 0.899306774 -0.007072854 0.999952078 0.006762893 -1.371493220 0.004644929 -0.006730136 0.999966562 51.673748016
0.999969006 0.007091763 -0.003455208 0.886377096 -0.007071234 0.999957502 0.005918214 -1.375662565 0.003497031 -0.005893597 0.999976516 52.207988739
0.999962866 0.007896687 -0.003444623 0.894322574 -0.007876094 0.999951184 0.005951444 -1.384861946 0.003491452 -0.005924093 0.999976277 52.748165131
0.999957740 0.008864232 -0.002435112 0.886033654 -0.008848647 0.999940753 0.006338056 -1.401618361 0.002491150 -0.006316241 0.999976933 53.275669098
0.999963224 0.007948931 -0.003216032 0.907248557 -0.007928351 0.999948323 0.006362339 -1.417663693 0.003266440 -0.006336608 0.999974608 53.816143036
0.999965489 0.007790751 -0.002865934 0.916134417 -0.007773116 0.999951124 0.006113647 -1.422758698 0.002913423 -0.006091159 0.999977231 54.381423950
0.999961019 0.008543260 -0.002218812 0.918891430 -0.008528908 0.999943137 0.006399152 -1.443233728 0.002273356 -0.006379978 0.999976993 54.913131714
0.999964774 0.007976402 -0.002614945 0.938761353 -0.007960570 0.999950230 0.006009636 -1.454959035 0.002662751 -0.005988607 0.999978483 55.435253143
0.999969423 0.007501513 -0.002210089 0.943805397 -0.007487988 0.999953568 0.006065461 -1.458383203 0.002255486 -0.006048726 0.999979138 56.007930756
0.999965727 0.007731943 -0.002967940 0.973426104 -0.007712970 0.999950111 0.006351624 -1.481388450 0.003016902 -0.006328516 0.999975443 56.525852203
0.999966562 0.007711346 -0.002717325 0.959187567 -0.007697377 0.999957323 0.005113846 -1.472803116 0.002756644 -0.005092759 0.999983251 57.104579926
0.999967873 0.007778925 -0.001914256 0.960904002 -0.007767658 0.999952853 0.005824273 -1.498040438 0.001959472 -0.005809218 0.999981225 57.633460999
0.999969423 0.007777674 -0.000789790 0.944846153 -0.007773873 0.999958694 0.004705480 -1.493224382 0.000826355 -0.004699197 0.999988616 58.191989899
0.999969482 0.007754194 -0.000936564 0.959563494 -0.007749214 0.999956429 0.005208079 -1.519648552 0.000976908 -0.005200663 0.999985993 58.735237122
0.999971271 0.007511401 -0.001016016 0.973668158 -0.007505888 0.999957621 0.005326163 -1.534723997 0.001055980 -0.005318384 0.999985278 59.299613953
0.999960601 0.008834320 -0.000850820 0.976985097 -0.008829609 0.999946475 0.005390150 -1.544228554 0.000898393 -0.005382426 0.999985099 59.859352112
0.999968588 0.007883621 -0.000837082 0.991842687 -0.007879154 0.999955356 0.005212915 -1.550505757 0.000878141 -0.005206155 0.999986053 60.418712616
0.999961197 0.008774202 -0.000705891 0.989073575 -0.008770647 0.999949574 0.004889418 -1.563639641 0.000748756 -0.004883038 0.999987721 60.968502045
0.999960005 0.008927634 -0.000505642 1.005055547 -0.008925240 0.999949813 0.004554798 -1.570563316 0.000546280 -0.004550103 0.999989510 61.518638611
0.999963045 0.008593084 -0.000209208 1.006855369 -0.008592022 0.999952495 0.004634355 -1.580646038 0.000249021 -0.004632387 0.999989152 62.070381165
0.999962151 0.008710727 0.000147248 1.014018774 -0.008711351 0.999949753 0.004960584 -1.596074343 -0.000104030 -0.004961678 0.999987602 62.619773865
0.999962330 0.008681413 0.000014597 1.026301861 -0.008681371 0.999948859 0.005188588 -1.610786080 0.000030448 -0.005188519 0.999986529 63.175102234
0.999958038 0.009140331 0.000570841 1.028593540 -0.009142633 0.999949515 0.004167382 -1.613778353 -0.000532721 -0.004172426 0.999991179 63.729190826
0.999961615 0.008772546 0.000251136 1.048304200 -0.008773666 0.999949634 0.004878210 -1.631830692 -0.000208329 -0.004880225 0.999988079 64.280563354
0.999954641 0.009519461 -0.000057995 1.055706501 -0.009519032 0.999941170 0.005183460 -1.644287705 0.000107335 -0.005182674 0.999986589 64.812728882
0.999962628 0.008640599 -0.000046683 1.070856810 -0.008640242 0.999949336 0.005167472 -1.658701181 0.000091331 -0.005166877 0.999986649 65.364997864
0.999959528 0.008957621 0.000790947 1.073240399 -0.008961487 0.999947190 0.005028515 -1.669166446 -0.000745861 -0.005035399 0.999987066 65.913032532
0.999961555 0.008761117 0.000223952 1.085246086 -0.008762057 0.999950945 0.004616689 -1.676846385 -0.000183494 -0.004618474 0.999989331 66.483139038
0.999962389 0.008662277 0.000335489 1.102052689 -0.008663937 0.999948382 0.005305306 -1.701086044 -0.000289516 -0.005308013 0.999985874 67.015975952
0.999963164 0.008551519 0.000626740 1.102694392 -0.008554644 0.999950051 0.005166959 -1.709681630 -0.000582523 -0.005172131 0.999986470 67.562080383
0.999959648 0.008940141 0.000843036 1.112889647 -0.008944671 0.999944627 0.005532002 -1.725435376 -0.000793533 -0.005539320 0.999984324 68.106056213
0.999949694 0.009985366 0.000935350 1.120443344 -0.009990532 0.999933898 0.005693068 -1.745381117 -0.000878440 -0.005702128 0.999983370 68.649978638
0.999954998 0.009467811 0.000568261 1.134234428 -0.009470601 0.999941945 0.005127745 -1.751428127 -0.000519679 -0.005132895 0.999986708 69.205467224
0.999937892 0.011055064 0.001417926 1.133164406 -0.011062480 0.999924600 0.005332901 -1.767808437 -0.001358864 -0.005348256 0.999984801 69.760185242
0.999957144 0.009198762 0.001059343 1.147998691 -0.009204324 0.999943197 0.005371624 -1.777444601 -0.001009870 -0.005381144 0.999985039 70.303054810
0.999949694 0.009977317 0.001133531 1.156589508 -0.009983385 0.999935150 0.005480942 -1.794130564 -0.001078773 -0.005491983 0.999984324 70.836860657
0.999945700 0.010310078 0.001510053 1.166562438 -0.010317842 0.999933124 0.005226574 -1.804811239 -0.001456066 -0.005241870 0.999985218 71.400054932
0.999931872 0.011445061 0.002282561 1.163932085 -0.011455174 0.999924421 0.004467635 -1.806062102 -0.002231256 -0.004493479 0.999987423 71.947593689
0.999933064 0.011342023 0.002292741 1.175197601 -0.011352997 0.999923885 0.004830607 -1.825733781 -0.002237777 -0.004856314 0.999985695 72.481658936
0.999929011 0.011599291 0.002735298 1.183293581 -0.011614718 0.999916315 0.005692971 -1.845744133 -0.002669035 -0.005724336 0.999980032 73.021514893
0.999937177 0.010942821 0.002439409 1.197270513 -0.010954204 0.999928951 0.004702771 -1.848080039 -0.002387774 -0.004729198 0.999985933 73.575180054
0.999938369 0.010835496 0.002414247 1.214032173 -0.010847778 0.999927998 0.005133758 -1.867081881 -0.002358446 -0.005159630 0.999983847 74.128761292
0.999939322 0.010858488 0.001856084 1.228869677 -0.010867743 0.999928176 0.005052180 -1.877146602 -0.001801092 -0.005072044 0.999985516 74.657752991
0.999940693 0.010731285 0.001861636 1.242142439 -0.010739353 0.999932766 0.004377963 -1.885021329 -0.001814529 -0.004397696 0.999988675 75.200515747
0.999944329 0.010467829 0.001422168 1.256960750 -0.010474776 0.999932826 0.004966250 -1.906471968 -0.001370087 -0.004980870 0.999986649 75.731857300
0.999948621 0.010074111 0.001058501 1.271552801 -0.010078679 0.999939442 0.004402916 -1.910200834 -0.001014081 -0.004413357 0.999989748 76.287528992
0.999944329 0.010303005 0.002257599 1.276167631 -0.010313339 0.999936104 0.004614277 -1.926393986 -0.002209914 -0.004637303 0.999986827 76.831665039
0.999938786 0.010675480 0.002899541 1.283330679 -0.010689633 0.999930799 0.004910974 -1.946097493 -0.002846913 -0.004941669 0.999983668 77.371414185
0.999951124 0.009689975 0.001953584 1.305676699 -0.009697651 0.999945104 0.003958166 -1.947379112 -0.001915123 -0.003976917 0.999990284 77.911567688
0.999947071 0.010016680 0.002346847 1.313516140 -0.010025589 0.999942482 0.003815727 -1.964066863 -0.002308491 -0.003839053 0.999989986 78.469001770
0.999951839 0.009663492 0.001678223 1.326863527 -0.009670815 0.999943495 0.004413127 -1.984486699 -0.001635481 -0.004429144 0.999988854 79.021469116
0.999949694 0.009855113 0.001851905 1.338728905 -0.009862518 0.999943256 0.004032882 -1.987405300 -0.001812055 -0.004050945 0.999990165 79.563194275
0.999941230 0.010564975 0.002397319 1.342149019 -0.010574549 0.999935985 0.004016602 -2.004712343 -0.002354731 -0.004041717 0.999988973 80.106887817
0.999937236 0.010653775 0.003466533 1.349197030 -0.010670596 0.999931216 0.004870601 -2.027281761 -0.003414404 -0.004907286 0.999982119 80.650604248
0.999925613 0.011483931 0.004098024 1.371798277 -0.011499390 0.999926805 0.003768806 -2.028055668 -0.004054443 -0.003815650 0.999984503 81.199386597
0.999904513 0.012436118 0.006022852 1.372388601 -0.012458929 0.999915302 0.003764926 -2.041966677 -0.005975521 -0.003839606 0.999974787 81.747459412
0.999898791 0.011612922 0.008211657 1.377510428 -0.011636358 0.999928355 0.002812146 -2.044670820 -0.008178410 -0.002907415 0.999962270 82.279693604
0.999882877 0.010740672 0.010900795 1.400994301 -0.010779202 0.999935865 0.003482251 -2.062001705 -0.010862696 -0.003599345 0.999934435 82.811744690
0.999862611 0.009766420 0.013393138 1.454777718 -0.009820354 0.999943852 0.003967015 -2.093486309 -0.013353644 -0.004097995 0.999902368 83.351249695
0.999771237 0.010350406 0.018715210 1.443765998 -0.010393000 0.999943614 0.002180143 -2.075894117 -0.018691594 -0.002374151 0.999822617 83.876625061
0.999688745 0.009992628 0.022858424 1.471122384 -0.010096024 0.999939322 0.004412373 -2.119400024 -0.022812946 -0.004641779 0.999728978 84.419555664
0.999555111 0.010016189 0.028094621 1.514219761 -0.010138036 0.999939799 0.004197929 -2.127218008 -0.028050881 -0.004480886 0.999596417 84.938880920
0.999389648 0.009726261 0.033550296 1.551352501 -0.009845970 0.999945700 0.003404677 -2.134348631 -0.033515368 -0.003732934 0.999431193 85.500205994
0.999154925 0.009556273 0.039976526 1.582498789 -0.009709808 0.999946177 0.003648236 -2.151577473 -0.039939512 -0.004033317 0.999193966 86.032836914
0.998833537 0.008704572 0.047495011 1.621988773 -0.008904790 0.999952316 0.004005596 -2.156276226 -0.047457881 -0.004423856 0.998863459 86.615470886
0.998405516 0.009174542 0.055697326 1.683592081 -0.009357458 0.999951661 0.003024214 -2.164785862 -0.055666883 -0.003540578 0.998443127 87.124282837
0.997919738 0.009402170 0.063781537 1.731646061 -0.009641910 0.999947548 0.003451992 -2.191088676 -0.063745745 -0.004059786 0.997957826 87.747383118
0.997279227 0.009265418 0.073132001 1.750559807 -0.009487082 0.999951363 0.002684202 -2.192130804 -0.073103577 -0.003370709 0.997318685 88.205192566
0.996570766 0.008305347 0.082325958 1.847147465 -0.008549807 0.999960005 0.002617331 -2.202593327 -0.082300916 -0.003312227 0.996601999 88.749717712
0.995822191 0.008786475 0.090889893 1.918313503 -0.009013782 0.999957144 0.002090723 -2.209576130 -0.090867631 -0.002901250 0.995858848 89.313568115
0.995017469 0.008435778 0.099343039 1.973714352 -0.008688346 0.999960005 0.002109990 -2.227851868 -0.099321268 -0.002962603 0.995051146 89.822868347
0.993906379 0.007840042 0.109948546 2.051977634 -0.008117254 0.999964893 0.002073912 -2.238488197 -0.109928429 -0.002953755 0.993935049 90.394157410
0.992736101 0.007744816 0.120062619 2.158347130 -0.007857083 0.999969006 0.000461712 -2.227252722 -0.120055325 -0.001401700 0.992766321 90.933158875
0.991610944 0.007381234 0.129048228 2.228013992 -0.007697587 0.999968469 0.001952834 -2.261375666 -0.129029796 -0.002929812 0.991636336 91.451019287
0.990002930 0.007877894 0.140826136 2.311762810 -0.008208451 0.999964714 0.001766522 -2.268600464 -0.140807241 -0.002904826 0.990032792 91.990264893
0.988348007 0.006563329 0.152069405 2.432551384 -0.006714869 0.999977350 0.000482991 -2.266323328 -0.152062789 -0.001498490 0.988369703 92.572601318
0.986573279 0.006191801 0.163202405 2.543030739 -0.006407570 0.999979138 0.000795730 -2.285139322 -0.163194105 -0.001830777 0.986592233 93.116958618
0.984757543 0.006774640 0.173800826 2.647512436 -0.006891777 0.999976218 0.000070482 -2.290667295 -0.173796222 -0.001267204 0.984780848 93.652595520
0.982406557 0.006577475 0.186638474 2.762887955 -0.006849858 0.999976337 0.000814557 -2.313037634 -0.186628699 -0.002078673 0.982428253 94.162178040
0.979978800 0.005638121 0.199022099 2.890018463 -0.005813789 0.999983072 0.000298288 -2.321147680 -0.199017018 -0.001449389 0.979994953 94.703765869
0.977746844 0.006806394 0.209677428 3.011861801 -0.007040297 0.999975085 0.000369162 -2.333241463 -0.209669739 -0.001837139 0.977770507 95.227149963
0.974746466 0.006651997 0.223215029 3.151132584 -0.006891694 0.999976218 0.000294855 -2.344607353 -0.223207712 -0.001825738 0.974769175 95.776496887
0.971577346 0.006992891 0.236618951 3.294948578 -0.007372754 0.999972582 0.000720580 -2.350536108 -0.236607447 -0.002444633 0.971602261 96.282806396
0.968691707 0.007166794 0.248163208 3.442884445 -0.007608830 0.999970734 0.000822145 -2.367091894 -0.248150080 -0.002684637 0.968717873 96.821762085
0.965496004 0.006883409 0.260326862 3.590236664 -0.007518465 0.999970615 0.001443730 -2.399864674 -0.260309339 -0.003351174 0.965519488 97.320632935
0.961632788 0.006676113 0.274258733 3.773895264 -0.007250694 0.999973118 0.001081363 -2.407321930 -0.274244070 -0.003028440 0.961655319 97.853271484
0.958126366 0.006850566 0.286263555 3.960325241 -0.007259436 0.999973595 0.000367040 -2.408034086 -0.286253452 -0.002429782 0.958150864 98.383804321
0.954800248 0.006027329 0.297187150 4.152433395 -0.006441708 0.999979138 0.000415027 -2.425858498 -0.297178477 -0.002310662 0.954819143 98.903587341
0.950502276 0.005420374 0.310670257 4.316984177 -0.005872535 0.999982536 0.000520095 -2.441328287 -0.310662001 -0.002318773 0.950517595 99.384994507
0.946266115 0.004715219 0.323354572 4.522706985 -0.004994213 0.999987483 0.000033071 -2.453631163 -0.323350459 -0.001646196 0.946277857 99.883079529
0.942251623 0.005399273 0.334862262 4.724700928 -0.005836070 0.999982893 0.000298229 -2.472528219 -0.334854931 -0.002235287 0.942267060 100.399017334
0.937648177 0.004967221 0.347550541 4.941484451 -0.005088572 0.999986887 -0.000563559 -2.481143475 -0.347548753 -0.001240116 0.937661171 100.924026489
0.931947112 0.004183294 0.362570167 5.154985428 -0.004201545 0.999990821 -0.000738167 -2.493138552 -0.362569988 -0.000835423 0.931956291 101.421737671
0.927368522 0.004443997 0.374122769 5.377126694 -0.004325755 0.999989986 -0.001155725 -2.507089138 -0.374124080 -0.000546580 0.927378595 101.933006287
0.922749698 0.003020105 0.385387927 5.606246948 -0.003060464 0.999995172 -0.000508702 -2.530319929 -0.385387599 -0.000710061 0.922754526 102.371139526
0.916910887 0.003169933 0.399079353 5.845764160 -0.003041410 0.999994874 -0.000955234 -2.542502165 -0.399080336 -0.000337899 0.916915894 102.872390747
0.910996258 0.002149306 0.412408978 6.087547302 -0.002043060 0.999997675 -0.000698535 -2.557542562 -0.412409574 -0.000206214 0.910998523 103.343338013
0.905752301 0.001961814 0.423802853 6.335021973 -0.001455965 0.999997795 -0.001517371 -2.561902523 -0.423804909 0.000757320 0.905753195 103.852279663
0.899722695 0.000862934 0.436461121 6.613269806 -0.000266582 0.999998868 -0.001427579 -2.580268383 -0.436461836 0.001168073 0.899721980 104.340988159
0.892852545 0.000782798 0.450348347 6.875808716 -0.000005661 0.999998510 -0.001726981 -2.589524031 -0.450349003 0.001539390 0.892851293 104.868034363
0.887484372 -0.000703149 0.460837334 7.195240021 0.001437199 0.999998212 -0.001241966 -2.597673416 -0.460835636 0.001764540 0.887483776 105.323760986
0.881833076 -0.000814740 0.471560955 7.468322754 0.001734614 0.999997377 -0.001516033 -2.610517502 -0.471558481 0.002154864 0.881832182 105.795150757
0.874213874 -0.002403806 0.485535353 7.758895874 0.002785460 0.999996126 -0.000064445 -2.680400372 -0.485533357 0.001408777 0.874217033 106.296936035
0.867329478 -0.001985285 0.497730523 8.056121826 0.002872461 0.999995351 -0.001016804 -2.677738667 -0.497726142 0.002311615 0.867331147 106.717163086
0.861115873 -0.000284591 0.508408606 8.339218140 0.000881251 0.999999166 -0.000932849 -2.674065351 -0.508407831 0.001251327 0.861115456 107.204589844
0.854323328 -0.001606537 0.519739449 8.664699554 0.002812774 0.999994874 -0.001532477 -2.674958229 -0.519734323 0.002771141 0.854323447 107.697677612
