1.000000000 0.000000000 0.000000000 0.000000000 0.000000000 1.000000000 0.000000000 0.000000000 0.000000000 0.000000000 1.000000000 0.000000000
0.999999940 -0.000321882 0.000009541 0.000644353 0.000321882 0.999999940 0.000022976 0.000106333 -0.000009548 -0.000022973 1.000000000 0.000476348
1.000000000 -0.000068556 0.000206581 -0.001144749 0.000068530 1.000000000 0.000125954 -0.000059717 -0.000206590 -0.000125940 1.000000000 0.001133543
1.000000000 0.000084173 0.000030806 -0.000190391 -0.000084177 1.000000000 0.000149386 -0.000547238 -0.000030794 -0.000149388 1.000000000 0.000180879
1.000000000 0.000056318 0.000162511 -0.001255449 -0.000056326 1.000000000 0.000052887 0.000524797 -0.000162508 -0.000052896 1.000000000 0.000963824
1.000000000 -0.000193544 0.000053999 -0.000690575 0.000193541 1.000000000 0.000066310 0.000137679 -0.000054012 -0.000066300 1.000000000 -0.001411051
0.999999940 -0.000202337 0.000241957 -0.002183868 0.000202350 1.000000000 -0.000053517 0.001036624 -0.000241946 0.000053566 0.999999940 0.000170588
0.999999940 -0.000263304 0.000162144 0.000040155 0.000263298 0.999999940 0.000034338 0.000770020 -0.000162153 -0.000034296 1.000000000 0.001391331
0.999999940 -0.000178122 0.000195159 -0.000794044 0.000178124 1.000000000 -0.000010302 0.000925636 -0.000195157 0.000010337 1.000000000 0.001724672
1.000000000 0.000018627 0.000239294 -0.001041664 -0.000018619 1.000000000 -0.000031849 0.000257600 -0.000239295 0.000031844 1.000000000 -0.000279305
1.000000000 -0.000038978 0.000156684 -0.000342672 0.000038980 1.000000000 -0.000014156 0.001178149 -0.000156683 0.000014162 1.000000000 0.001431653
1.000000000 0.000057724 0.000042380 0.000059430 -0.000057726 1.000000000 0.000042297 0.000384777 -0.000042377 -0.000042300 1.000000000 0.000341066
1.000000000 -0.000025685 0.000086621 -0.000276364 0.000025690 1.000000000 -0.000057012 0.001911908 -0.000086620 0.000057014 1.000000000 0.002707983
1.000000000 -0.000016244 0.000134336 -0.001414294 0.000016241 1.000000000 0.000029245 0.001296995 -0.000134337 -0.000029242 1.000000000 0.000868205
1.000000000 0.000044926 0.000206672 -0.001164588 -0.000044940 1.000000000 0.000070032 0.000321929 -0.000206669 -0.000070041 1.000000000 0.000413059
1.000000000 -0.000164574 0.000019422 0.000751065 0.000164569 0.999999940 0.000245159 -0.000611694 -0.000019463 -0.000245155 0.999999940 0.000115342
0.999999940 -0.000360334 0.000028685 -0.000083105 0.000360326 0.999999881 0.000264564 -0.000961802 -0.000028780 -0.000264554 0.999999940 -0.001148098
1.000000000 -0.000182698 0.000104497 -0.000389165 0.000182683 1.000000000 0.000144910 0.000648243 -0.000104524 -0.000144891 1.000000000 0.001823666
1.000000000 -0.000037652 0.000214984 -0.001082077 0.000037636 1.000000000 0.000073422 0.000999099 -0.000214987 -0.000073414 1.000000000 0.001353089
0.999999940 0.000337559 0.000105881 -0.001328249 -0.000337582 0.999999940 0.000215911 0.000035004 -0.000105808 -0.000215946 1.000000000 0.000641542
1.000000000 -0.000115712 0.000097192 -0.000275402 0.000115690 0.999999940 0.000220956 0.000413166 -0.000097217 -0.000220945 1.000000000 0.001221026
1.000000000 -0.000019393 0.000143277 -0.001183884 0.000019385 1.000000000 0.000058456 0.001774669 -0.000143278 -0.000058453 1.000000000 0.003664258
0.999999940 -0.000307300 0.000120538 -0.000154536 0.000307292 0.999999940 0.000066733 0.001278463 -0.000120559 -0.000066696 1.000000000 0.002496139
1.000000000 -0.000197926 0.000110309 0.000161612 0.000197933 1.000000000 -0.000059092 0.001857964 -0.000110298 0.000059114 1.000000000 0.002496642
1.000000000 0.000046724 0.000137689 -0.000740441 -0.000046714 1.000000000 -0.000069821 0.001852805 -0.000137692 0.000069814 1.000000000 0.001016849
0.999999940 -0.000328481 0.000105010 0.000828517 0.000328471 0.999999940 0.000098739 0.001646659 -0.000105043 -0.000098704 1.000000000 0.002590580
1.000000000 -0.000219252 0.000079615 -0.000801672 0.000219254 1.000000000 -0.000021686 0.000949594 -0.000079611 0.000021703 1.000000000 -0.001019503
1.000000000 -0.000205211 0.000123937 -0.000573190 0.000205208 1.000000000 0.000021444 0.001836673 -0.000123941 -0.000021419 1.000000000 0.002740512
0.999999940 0.000223412 0.000255587 -0.002077065 -0.000223436 1.000000000 0.000090458 0.001766542 -0.000255567 -0.000090515 0.999999940 0.003321666
1.000000000 0.000013497 0.000082628 -0.000884756 -0.000013512 1.000000000 0.000188272 0.000285983 -0.000082625 -0.000188273 1.000000000 0.000753544
1.000000000 -0.000070629 0.000101651 -0.000950125 0.000070617 1.000000000 0.000113236 0.000475417 -0.000101659 -0.000113229 1.000000000 0.000240756
1.000000000 -0.000236784 0.000006836 0.000626414 0.000236783 0.999999940 0.000136255 0.001043487 -0.000006869 -0.000136253 1.000000000 0.001483056
1.000000000 -0.000011840 0.000161206 -0.001087323 0.000011835 1.000000000 0.000028727 0.000831094 -0.000161206 -0.000028725 1.000000000 -0.000378489
1.000000000 -0.000103468 0.000130136 -0.000870401 0.000103463 1.000000000 0.000038371 0.001086085 -0.000130140 -0.000038358 1.000000000 0.000504325
1.000000000 -0.000211312 0.000118541 -0.000061964 0.000211310 1.000000000 0.000014033 0.000671393 -0.000118544 -0.000014008 1.000000000 -0.000358244
1.000000000 0.000010210 0.000088080 -0.000392414 -0.000010203 1.000000000 -0.000081532 0.002835406 -0.000088081 0.000081531 1.000000000 0.003534363
0.999999940 -0.000217879 0.000197970 -0.001036982 0.000217896 1.000000000 -0.000084427 0.002264042 -0.000197951 0.000084470 1.000000000 0.001475216
1.000000000 -0.000061088 0.000129452 -0.001269203 0.000061073 1.000000000 0.000115210 0.001067995 -0.000129459 -0.000115202 1.000000000 0.001918006
1.000000000 0.000007267 0.000130299 -0.000589081 -0.000007281 1.000000000 0.000105400 0.000600565 -0.000130298 -0.000105401 1.000000000 -0.000103351
1.000000000 -0.000071613 0.000104698 0.000013648 0.000071607 1.000000000 0.000055097 0.000906879 -0.000104702 -0.000055090 1.000000000 0.000925731
1.000000000 -0.000005620 0.000215113 -0.001116612 0.000005661 1.000000000 -0.000186991 0.002407120 -0.000215112 0.000186993 0.999999940 0.003103770
1.000000000 0.000038797 0.000178268 0.000433846 -0.000038693 0.999999821 -0.000584131 -0.001477069 -0.000178291 0.000584124 0.999999821 0.052360531
1.000000000 -0.000180237 0.000080528 0.001628516 0.000180328 0.999999344 -0.001142733 -0.002640492 -0.000080322 0.001142748 0.999999344 0.141335115
0.999999940 0.000271052 -0.000045695 0.003523674 -0.000271119 0.999998868 -0.001472804 -0.004643748 0.000045296 0.001472816 0.999998927 0.259347558
0.999999702 -0.000708522 -0.000312214 0.009715968 0.000708221 0.999999285 -0.000965005 -0.013453191 0.000312898 0.000964784 0.999999464 0.385259479
0.999999940 -0.000384889 0.000021321 0.007985419 0.000384913 0.999999285 -0.001148495 -0.015908241 -0.000020879 0.001148503 0.999999344 0.527087748
0.999999940 -0.000143800 -0.000264578 0.013312157 0.000143475 0.999999225 -0.001227116 -0.018716889 0.000264754 0.001227078 0.999999225 0.681411266
0.999999702 -0.000789658 -0.000033323 0.021128302 0.000789634 0.999999404 -0.000722555 -0.025062563 0.000033893 0.000722528 0.999999762 0.839885473
0.999999762 -0.000620019 -0.000189125 0.023459382 0.000619863 0.999999464 -0.000820563 -0.026349286 0.000189633 0.000820445 0.999999642 1.014457107
1.000000000 0.000202618 -0.000045407 0.019115441 -0.000202650 0.999999702 -0.000705562 -0.032035157 0.000045264 0.000705571 0.999999762 1.184625268
0.999999762 0.000486037 0.000465255 0.018730357 -0.000485760 0.999999702 -0.000595033 -0.032095306 -0.000465544 0.000594807 0.999999702 1.375982642
0.999999881 0.000225742 0.000492119 0.022387026 -0.000225357 0.999999642 -0.000781619 -0.031732846 -0.000492295 0.000781508 0.999999583 1.564717054
1.000000000 0.000200433 0.000033142 0.036279015 -0.000200431 1.000000000 -0.000071418 -0.048678208 -0.000033156 0.000071412 1.000000000 1.779977918
0.999998391 -0.001523248 -0.000928220 0.054264769 0.001522824 0.999998689 -0.000457841 -0.053531058 0.000928916 0.000456427 0.999999464 1.928604007
0.999998450 -0.001675277 -0.000604946 0.053928059 0.001675173 0.999998629 -0.000171643 -0.061775740 0.000605232 0.000170629 0.999999762 2.134047508
0.999999523 -0.000988920 -0.000152756 0.055165716 0.000988806 0.999999285 -0.000738541 -0.061805811 0.000153486 0.000738390 0.999999762 2.364250183
0.999998689 -0.001578276 -0.000355862 0.061486989 0.001578156 0.999998629 -0.000338255 -0.072521366 0.000356395 0.000337694 0.999999821 2.589563608
0.999998510 -0.001646000 -0.000544239 0.067014404 0.001645996 0.999998629 -0.000009000 -0.081234567 0.000544253 0.000008104 0.999999821 2.816822290
0.999999106 -0.001332803 -0.000278076 0.066554710 0.001332696 0.999998987 -0.000386554 -0.084925212 0.000278591 0.000386183 0.999999821 3.047835588
0.999996960 -0.002356516 -0.000693229 0.081076309 0.002356192 0.999997079 -0.000466823 -0.093099594 0.000694327 0.000465188 0.999999583 3.287985325
0.999999344 -0.001124517 0.000191271 0.073105849 0.001124509 0.999999344 0.000037578 -0.104903273 -0.000191313 -0.000037363 1.000000000 3.507609129
0.999998927 -0.001444572 0.000160538 0.078758903 0.001444565 0.999998927 0.000041048 -0.107545227 -0.000160598 -0.000040816 1.000000000 3.765749454
0.999998629 -0.001533774 0.000593844 0.077676713 0.001533908 0.999998748 -0.000226307 -0.115714058 -0.000593496 0.000227217 0.999999821 4.023837566
0.999999344 -0.001006152 0.000591629 0.085042328 0.001005658 0.999999106 0.000835050 -0.132740557 -0.000592469 -0.000834455 0.999999523 4.270326138
0.999998629 -0.001640724 -0.000177856 0.099338226 0.001640771 0.999998629 0.000263389 -0.129262209 0.000177424 -0.000263680 0.999999881 4.505533695
0.999998510 -0.001722066 0.000129942 0.105656855 0.001722030 0.999998510 0.000272332 -0.135808513 -0.000130411 -0.000272108 1.000000000 4.759290695
0.999999046 -0.001368044 0.000303887 0.111300543 0.001367930 0.999999106 0.000373160 -0.139703974 -0.000304397 -0.000372744 0.999999881 5.020065308
0.999999046 -0.001329993 0.000315250 0.116053753 0.001329955 0.999999166 0.000121017 -0.149102643 -0.000315411 -0.000120597 0.999999940 5.276068211
0.999998748 -0.001568705 0.000124174 0.123197474 0.001568698 0.999998808 0.000056321 -0.158864483 -0.000124262 -0.000056127 1.000000000 5.548944950
0.999998689 -0.001630047 0.000049368 0.117465146 0.001630023 0.999998569 0.000495916 -0.164052829 -0.000050177 -0.000495835 0.999999881 5.797924519
0.999998391 -0.001797862 0.000042599 0.125418335 0.001797849 0.999998391 0.000304378 -0.169698611 -0.000043146 -0.000304301 1.000000000 6.083502769
0.999999464 -0.001081337 0.000204907 0.127283156 0.001081302 0.999999404 0.000168296 -0.175867423 -0.000205089 -0.000168074 1.000000000 6.361793041
0.999999106 -0.001323009 0.000269488 0.130877182 0.001322872 0.999998927 0.000505977 -0.189827770 -0.000270157 -0.000505620 0.999999821 6.634707928
0.999999106 -0.001231748 0.000498682 0.133771792 0.001231569 0.999999106 0.000360680 -0.197639540 -0.000499126 -0.000360065 0.999999821 6.933654785
0.999999225 -0.001231025 0.000348425 0.145267248 0.001230705 0.999998868 0.000916443 -0.214276388 -0.000349553 -0.000916013 0.999999464 7.229306698
0.999999404 -0.000812365 0.000818731 0.149854630 0.000811806 0.999999404 0.000683376 -0.220301509 -0.000819286 -0.000682710 0.999999404 7.524121761
0.999998868 -0.001520924 0.000048824 0.163741916 0.001520882 0.999998450 0.000851768 -0.228416219 -0.000050119 -0.000851692 0.999999583 7.841071129
0.999999642 -0.000942247 0.000124263 0.166819558 0.000942136 0.999999166 0.000890414 -0.235700265 -0.000125102 -0.000890296 0.999999583 8.164527893
0.999998629 -0.001623104 0.000186464 0.175051123 0.001622960 0.999998391 0.000772832 -0.249299228 -0.000187719 -0.000772529 0.999999702 8.477500916
0.999998808 -0.001407453 0.000669856 0.176363871 0.001406926 0.999998748 0.000785827 -0.256732196 -0.000670961 -0.000784884 0.999999464 8.819650650
0.999997735 -0.001992331 0.000776372 0.185291886 0.001991568 0.999997556 0.000982607 -0.268956602 -0.000778328 -0.000981058 0.999999225 9.151840210
0.999997914 -0.001960680 0.000650386 0.193854451 0.001959943 0.999997437 0.001131674 -0.278583676 -0.000652604 -0.001130397 0.999999166 9.509608269
0.999998212 -0.001844706 0.000463200 0.198544040 0.001844125 0.999997497 0.001250873 -0.288056999 -0.000465506 -0.001250017 0.999999046 9.825514793
0.999997973 -0.001834409 0.000902197 0.205204591 0.001833654 0.999997973 0.000837235 -0.296482652 -0.000903731 -0.000835579 0.999999166 10.174778938
0.999998152 -0.001926873 0.000495703 0.214032933 0.001926095 0.999996901 0.001564021 -0.313157707 -0.000498714 -0.001563063 0.999998629 10.526619911
0.999998569 -0.001690330 0.000401441 0.220874816 0.001689654 0.999997199 0.001678971 -0.321164578 -0.000404278 -0.001678290 0.999998510 10.898776054
0.999998271 -0.001550820 0.001005928 0.220913142 0.001549287 0.999997556 0.001523220 -0.331356972 -0.001008288 -0.001521659 0.999998331 11.285706520
0.999997258 -0.002293716 0.000448000 0.236578792 0.002293132 0.999996543 0.001299214 -0.338954151 -0.000450978 -0.001298183 0.999999046 11.638622284
0.999997377 -0.002298850 0.000173863 0.247300565 0.002298747 0.999997199 0.000592065 -0.348039389 -0.000175223 -0.000591664 0.999999821 12.020900726
0.999997854 -0.002004735 0.000273822 0.260910988 0.002004300 0.999996781 0.001582138 -0.363311857 -0.000276993 -0.001581586 0.999998689 12.420950890
0.999997318 -0.002270415 0.000199398 0.272082001 0.002270003 0.999995410 0.002043792 -0.377469659 -0.000204037 -0.002043334 0.999997973 12.808472633
0.999997973 -0.001839897 0.000838855 0.269397378 0.001838641 0.999997139 0.001496553 -0.386579752 -0.000841605 -0.001495008 0.999998450 13.172320366
0.999998927 -0.000345979 0.001387189 0.273303390 0.000344531 0.999999344 0.001044394 -0.395936936 -0.001387550 -0.001043915 0.999998450 13.584558487
0.999998093 -0.001392358 0.001334747 0.280316979 0.001390423 0.999997973 0.001450032 -0.405275017 -0.001336763 -0.001448173 0.999997973 14.003775597
0.999997914 -0.001128931 0.001689240 0.288366705 0.001127281 0.999998868 0.000977388 -0.416449606 -0.001690341 -0.000975482 0.999998093 14.426605225
0.999996722 -0.001665277 0.001933617 0.299164951 0.001662099 0.999997258 0.001644306 -0.432012886 -0.001936350 -0.001641086 0.999996722 14.841521263
0.999996901 0.000047673 0.002479557 0.302655309 -0.000051733 0.999998629 0.001637729 -0.442834914 -0.002479476 -0.001637852 0.999995530 15.279908180
0.999995291 -0.001328904 0.002760367 0.314693034 0.001324353 0.999997735 0.001649807 -0.454315543 -0.002762554 -0.001646144 0.999994755 15.716623306
0.999992192 -0.002187385 0.003282293 0.323381484 0.002182365 0.999996424 0.001532348 -0.463448107 -0.003285633 -0.001525173 0.999993384 16.165018082
0.999993920 -0.001531202 0.003130500 0.336193442 0.001526497 0.999997795 0.001504642 -0.476364821 -0.003132797 -0.001499854 0.999993920 16.601427078
0.999991298 -0.001275767 0.003975686 0.341975600 0.001270020 0.999998152 0.001447681 -0.484247029 -0.003977526 -0.001442619 0.999991059 17.064088821
0.999988317 -0.001865451 0.004444594 0.354319394 0.001857948 0.999996841 0.001691572 -0.498704046 -0.004447737 -0.001683295 0.999988675 17.509422302
0.999988735 -0.001316236 0.004548912 0.362173915 0.001308297 0.999997616 0.001747708 -0.514666736 -0.004551203 -0.001741738 0.999988139 17.970956802
0.999988079 -0.001170671 0.004743780 0.373324275 0.001164200 0.999998331 0.001366594 -0.520393312 -0.004745372 -0.001361055 0.999987841 18.449386597
0.999989629 -0.000774289 0.004501718 0.389970869 0.000765857 0.999997973 0.001874478 -0.542694271 -0.004503160 -0.001871011 0.999988139 18.898445129
0.999985337 -0.001615721 0.005173082 0.395059139 0.001607744 0.999997497 0.001545699 -0.550990105 -0.005175566 -0.001537359 0.999985397 19.391740799
0.999985337 -0.000936164 0.005333589 0.399802387 0.000926389 0.999997914 0.001834959 -0.561824739 -0.005335296 -0.001829991 0.999984086 19.892210007
0.999987662 -0.002038489 0.004538034 0.434412628 0.002026272 0.999994278 0.002695047 -0.583965898 -0.004543502 -0.002685819 0.999985993 20.360244751
0.999990404 -0.001080774 0.004241488 0.447406977 0.001072455 0.999997497 0.001963133 -0.590031922 -0.004243600 -0.001958566 0.999989092 20.847537994
0.999992847 -0.001404192 0.003502162 0.459622800 0.001396798 0.999996781 0.002112759 -0.598525465 -0.003505117 -0.002107852 0.999991655 21.354198456
0.999994934 -0.001350420 0.002881239 0.475780070 0.001343282 0.999996066 0.002477999 -0.615481496 -0.002884575 -0.002474116 0.999992788 21.859174728
0.999996424 -0.001237645 0.002362460 0.480357617 0.001232089 0.999996424 0.002351992 -0.630062580 -0.002365361 -0.002349073 0.999994457 22.423322678
0.999997735 -0.001269536 0.001688651 0.493688852 0.001265939 0.999996901 0.002129497 -0.645693302 -0.001691350 -0.002127355 0.999996305 22.942106247
0.999998569 -0.000881763 0.001435898 0.503324330 0.000878227 0.999996543 0.002461121 -0.664447606 -0.001438063 -0.002459857 0.999995947 23.464197159
0.999997258 -0.002229655 0.000738176 0.510647595 0.002228327 0.999995828 0.001795036 -0.678439558 -0.000742176 -0.001793386 0.999998093 23.989360809
0.999998689 -0.001557654 -0.000412742 0.524180532 0.001558429 0.999996960 0.001883930 -0.690413594 0.000409806 -0.001884571 0.999998152 24.524305344
0.999998569 -0.001062961 -0.001354258 0.534833074 0.001065961 0.999996960 0.002216048 -0.705156326 0.001351899 -0.002217488 0.999996603 25.061763763
0.999999523 -0.000875537 -0.000468317 0.523661375 0.000876661 0.999996722 0.002406385 -0.723791003 0.000466208 -0.002406795 0.999997020 25.601194382
0.999999702 -0.000449528 -0.000555568 0.530053735 0.000450911 0.999996781 0.002491569 -0.738223732 0.000554446 -0.002491819 0.999996781 26.166973114
1.000000000 0.000161114 -0.000137781 0.532159805 -0.000160745 0.999996424 0.002676917 -0.748247027 0.000138212 -0.002676895 0.999996424 26.720806122
0.999999642 -0.000517562 -0.000767761 0.551484644 0.000519982 0.999994874 0.003154226 -0.767989278 0.000766125 -0.003154624 0.999994695 27.259159088
0.999998033 -0.000788454 -0.001821434 0.559466720 0.000793460 0.999995828 0.002749698 -0.784398258 0.001819258 -0.002751138 0.999994576 27.773538589
0.999997377 -0.000895302 -0.002115035 0.569588900 0.000900791 0.999996185 0.002595328 -0.798440397 0.002112703 -0.002597227 0.999994397 28.322439194
0.999995351 -0.002009886 -0.002278498 0.592175901 0.002016334 0.999993920 0.002831379 -0.817792773 0.002272794 -0.002835960 0.999993384 28.873271942
0.999995053 -0.001372649 -0.002798294 0.598775506 0.001380382 0.999995172 0.002763094 -0.825668216 0.002794487 -0.002766943 0.999992371 29.404064178
0.999995947 -0.000127565 -0.002854080 0.591940343 0.000137837 0.999993503 0.003599174 -0.845403254 0.002853602 -0.003599553 0.999989450 29.916790009
0.999994874 0.000342570 -0.003219171 0.610358596 -0.000329641 0.999991834 0.004015883 -0.866600931 0.003220521 -0.004014801 0.999986768 30.450775146
0.999993443 0.000453338 -0.003589834 0.615783811 -0.000439956 0.999992967 0.003727650 -0.874823689 0.003591498 -0.003726046 0.999986589 31.013328552
0.999993742 0.000339564 -0.003527033 0.623423338 -0.000326807 0.999993384 0.003616831 -0.885955691 0.003528238 -0.003615655 0.999987245 31.561323166
0.999994338 0.000827514 -0.003253822 0.630649924 -0.000814352 0.999991477 0.004044276 -0.906505167 0.003257141 -0.004041603 0.999986529 32.094734192
0.999988854 -0.000357553 -0.004696175 0.644715130 0.000372561 0.999994755 0.003195295 -0.905364811 0.004695007 -0.003197009 0.999983847 32.660903931
0.999988496 -0.001224600 -0.004642560 0.649924874 0.001238531 0.999994755 0.002999048 -0.921074152 0.004638862 -0.003004764 0.999984741 33.214828491
0.999988973 -0.000660250 -0.004644183 0.663906693 0.000676968 0.999993205 0.003599121 -0.935058713 0.004641776 -0.003602226 0.999982715 33.748847961
0.999987364 -0.000274966 -0.005021449 0.662223518 0.000295770 0.999991357 0.004142749 -0.960141718 0.005020267 -0.004144182 0.999978840 34.255012512
0.999981880 -0.000532365 -0.006007334 0.683905303 0.000555561 0.999992430 0.003860257 -0.966045082 0.006005234 -0.003863524 0.999974549 34.809642792
0.999985278 -0.000445763 -0.005398153 0.684688330 0.000465855 0.999992907 0.003721367 -0.975126445 0.005396456 -0.003723827 0.999978542 35.362747192
0.999987304 -0.000817804 -0.004967972 0.679544091 0.000838297 0.999991059 0.004124277 -1.007409453 0.004964555 -0.004128389 0.999979079 35.913360596
0.999988496 -0.000436919 -0.004770440 0.686037898 0.000455352 0.999992311 0.003863408 -1.017167926 0.004768717 -0.003865535 0.999981165 36.466678619
0.999988079 -0.000422364 -0.004847410 0.693482995 0.000442683 0.999991059 0.004191285 -1.032959342 0.004845597 -0.004193381 0.999979377 37.003025055
0.999986351 -0.000190663 -0.005208595 0.700952530 0.000214781 0.999989271 0.004630393 -1.054622412 0.005207655 -0.004631449 0.999975741 37.533794403
0.999986112 -0.000291902 -0.005268401 0.707394838 0.000316996 0.999988675 0.004762905 -1.066978812 0.005266950 -0.004764508 0.999974787 38.081871033
0.999983728 -0.001189810 -0.005571634 0.721358180 0.001217794 0.999986708 0.005021798 -1.085254073 0.005565584 -0.005028503 0.999971867 38.637928009
0.999985576 -0.000344971 -0.005354679 0.715915620 0.000370671 0.999988377 0.004799178 -1.093488336 0.005352961 -0.004801094 0.999974132 39.152851105
0.999981403 -0.000553581 -0.006075223 0.734362423 0.000582586 0.999988437 0.004773512 -1.112485528 0.006072510 -0.004776962 0.999970138 39.671089172
0.999977708 -0.001016843 -0.006607807 0.760299325 0.001055180 0.999982595 0.005800824 -1.143253803 0.006601794 -0.005807667 0.999961317 40.200046539
0.999979973 -0.001230442 -0.006198489 0.761503935 0.001261634 0.999986529 0.005030894 -1.140804887 0.006192215 -0.005038613 0.999968112 40.774116516
0.999981940 -0.000147538 -0.006001413 0.764030218 0.000176313 0.999988496 0.004794521 -1.146395445 0.006000638 -0.004795494 0.999970436 41.323665619
0.999981999 -0.000335425 -0.005980504 0.765293121 0.000367421 0.999985635 0.005349793 -1.166708350 0.005978624 -0.005351895 0.999967754 41.867424011
0.999975801 -0.000674537 -0.006925043 0.788727164 0.000707304 0.999988556 0.004730377 -1.166228175 0.006921773 -0.004735161 0.999964833 42.415058136
0.999975741 -0.000884369 -0.006915037 0.793754041 0.000920268 0.999986172 0.005190101 -1.180462837 0.006910352 -0.005196339 0.999962628 42.964942932
0.999974370 -0.001100949 -0.007068968 0.808402419 0.001133037 0.999989033 0.004536907 -1.192935944 0.007063896 -0.004544800 0.999964774 43.504226685
0.999975204 -0.000853827 -0.006979952 0.809377670 0.000889850 0.999986231 0.005159439 -1.213836670 0.006975451 -0.005165522 0.999962330 44.064056396
0.999972999 -0.000709968 -0.007310233 0.821121097 0.000745931 0.999987602 0.004917998 -1.223620534 0.007306651 -0.004923319 0.999961197 44.621849060
0.999976993 -0.000841934 -0.006727306 0.834515333 0.000873252 0.999988735 0.004653762 -1.228104115 0.006723313 -0.004659530 0.999966502 45.166313171
0.999974668 -0.000594567 -0.007084617 0.830370367 0.000630117 0.999987245 0.005016761 -1.244170189 0.007081544 -0.005021099 0.999962330 45.702251434
0.999970496 -0.001355116 -0.007555615 0.850484252 0.001389869 0.999988496 0.004596395 -1.250270128 0.007549300 -0.004606762 0.999960899 46.243843079
0.999975085 -0.000428806 -0.007040964 0.844195843 0.000465625 0.999986231 0.005228451 -1.263836861 0.007038625 -0.005231599 0.999961495 46.790508270
0.999977231 -0.000827883 -0.006689806 0.839329422 0.000862367 0.999986291 0.005153591 -1.283573508 0.006685448 -0.005159243 0.999964356 47.349082947
0.999978423 -0.000894633 -0.006512547 0.846150637 0.000928074 0.999986410 0.005133721 -1.297997355 0.006507866 -0.005139654 0.999965668 47.878772736
0.999973476 -0.001137419 -0.007188135 0.869351745 0.001174948 0.999985695 0.005218919 -1.307557225 0.007182097 -0.005227226 0.999960542 48.470310211
0.999976397 -0.000478672 -0.006857425 0.859394908 0.000513631 0.999986827 0.005097190 -1.322599411 0.006854895 -0.005100592 0.999963522 48.996623993
0.999974728 -0.000579696 -0.007099071 0.877316356 0.000616157 0.999986649 0.005134985 -1.336595535 0.007096000 -0.005139229 0.999961555 49.542995453
0.999973536 -0.000901818 -0.007225993 0.880275965 0.000940683 0.999985099 0.005376936 -1.346124768 0.007221037 -0.005383591 0.999959350 50.097114563
0.999980092 -0.000339112 -0.006296399 0.876649499 0.000369048 0.999988735 0.004753890 -1.356861115 0.006294714 -0.004756119 0.999968827 50.623840332
0.999971509 -0.001343177 -0.007430909 0.899482846 0.001386606 0.999981999 0.005842425 -1.383121490 0.007422927 -0.005852563 0.999955297 51.178794861
0.999963999 -0.001853618 -0.008290308 0.910188198 0.001891663 0.999987721 0.004583581 -1.388641119 0.008281708 -0.004599098 0.999955118 51.717109680
0.999971330 -0.001981778 -0.007303484 0.905657649 0.002012247 0.999989212 0.004166914 -1.396918654 0.007295148 -0.004181492 0.999964595 52.278755188
0.999973178 -0.001638362 -0.007138031 0.910900116 0.001677845 0.999983311 0.005528846 -1.422052383 0.007128854 -0.005540674 0.999959230 52.843936920
0.999972582 -0.002055964 -0.007107386 0.917146444 0.002097100 0.999981046 0.005785206 -1.437422514 0.007095357 -0.005799953 0.999958038 53.396511078
0.999973536 -0.001193026 -0.007176965 0.920812786 0.001237634 0.999979854 0.006214181 -1.460484385 0.007169408 -0.006222899 0.999954939 53.926258087
0.999970436 -0.001644242 -0.007512953 0.930579841 0.001694644 0.999976099 0.006707266 -1.477329969 0.007501745 -0.006719800 0.999949276 54.471820831
0.999972820 -0.001492443 -0.007214060 0.927439928 0.001537526 0.999979258 0.006247810 -1.485218644 0.007204587 -0.006258732 0.999954462 55.022346497
0.999975443 -0.001274232 -0.006887225 0.935774803 0.001316106 0.999980628 0.006078875 -1.496055365 0.006879346 -0.006087789 0.999957800 55.578063965
0.999972284 -0.001273533 -0.007329790 0.941345572 0.001317628 0.999981046 0.006014260 -1.503082871 0.007321991 -0.006023750 0.999954998 56.117126465
0.999976039 -0.001125410 -0.006827034 0.946633697 0.001166435 0.999981284 0.006008268 -1.516994596 0.006820144 -0.006016086 0.999958634 56.663719177
0.999975502 -0.000309440 -0.006997918 0.947766185 0.000347811 0.999984860 0.005482638 -1.517372608 0.006996116 -0.005484938 0.999960423 57.233032227
0.999976218 -0.000912753 -0.006839073 0.949021339 0.000952815 0.999982417 0.005856786 -1.544538021 0.006833606 -0.005863163 0.999959409 57.762702942
0.999971628 -0.000703348 -0.007497948 0.959930301 0.000744454 0.999984682 0.005480911 -1.552807570 0.007493977 -0.005486337 0.999956846 58.320075989
0.999974489 -0.000606735 -0.007129654 0.958391428 0.000648787 0.999982476 0.005897432 -1.563066244 0.007125950 -0.005901906 0.999957204 58.866092682
0.999975443 -0.001028763 -0.006932239 0.974149048 0.001068236 0.999983251 0.005692855 -1.583914161 0.006926266 -0.005700122 0.999959707 59.400608063
0.999974251 -0.000816491 -0.007131921 0.986039162 0.000852803 0.999986708 0.005089867 -1.590708375 0.007127670 -0.005095818 0.999961615 59.953521729
0.999971211 -0.001230958 -0.007491064 0.998404145 0.001269714 0.999985874 0.005171007 -1.598085642 0.007484592 -0.005180371 0.999958575 60.506763458
0.999971569 -0.001069626 -0.007455299 1.015408754 0.001107759 0.999986351 0.005112652 -1.616856575 0.007449727 -0.005120766 0.999959171 61.071937561
0.999974430 -0.000405793 -0.007136415 1.005534530 0.000446807 0.999983311 0.005746501 -1.632567048 0.007133966 -0.005749544 0.999958038 61.594165802
0.999973953 -0.000482319 -0.007206569 1.010915399 0.000519753 0.999986291 0.005193586 -1.641480923 0.007203965 -0.005197196 0.999960542 62.145481110
0.999976933 0.000623259 -0.006750484 1.012401342 -0.000590986 0.999988377 0.004781780 -1.650321960 0.006753385 -0.004777681 0.999965787 62.689411163
0.999972582 -0.000687436 -0.007369627 1.029187679 0.000730088 0.999983013 0.005786379 -1.664920092 0.007365526 -0.005791600 0.999956131 63.221843719
0.999970496 -0.000529397 -0.007658636 1.033507586 0.000573106 0.999983549 0.005706066 -1.679629564 0.007655488 -0.005710287 0.999954402 63.765331268
0.999968350 -0.000847591 -0.007905553 1.045079231 0.000892847 0.999983191 0.005722831 -1.686407685 0.007900570 -0.005729707 0.999952435 64.324142456
0.999971449 -0.000503614 -0.007536105 1.042360902 0.000547423 0.999982953 0.005812244 -1.699593306 0.007533048 -0.005816203 0.999954700 64.830383301
0.999963880 -0.001251156 -0.008417070 1.055985212 0.001297105 0.999984324 0.005455808 -1.711841822 0.008410109 -0.005466528 0.999949694 65.382797241
0.999972284 -0.000241402 -0.007431789 1.048745751 0.000283085 0.999984205 0.005608169 -1.724426985 0.007430318 -0.005610118 0.999956667 65.941024780
0.999980867 -0.000445697 -0.006171879 1.035169601 0.000478360 0.999985874 0.005291814 -1.732048512 0.006169435 -0.005294666 0.999966979 66.474617004
0.999976873 -0.000376865 -0.006794757 1.058310032 0.000416688 0.999982834 0.005860260 -1.747802854 0.006792432 -0.005862956 0.999959767 67.017158508
0.999973297 -0.000524720 -0.007287298 1.057194114 0.000567108 0.999982893 0.005815894 -1.761528969 0.007284121 -0.005819872 0.999956548 67.588027954
0.999974251 -0.000840381 -0.007142686 1.083625317 0.000878510 0.999985397 0.005336634 -1.770277858 0.007138098 -0.005342771 0.999960244 68.116241455
0.999976993 0.000339057 -0.006789856 1.079950929 -0.000296102 0.999979913 0.006326458 -1.791434050 0.006791865 -0.006324301 0.999957025 68.664031982
0.999972999 -0.000156220 -0.007343906 1.096351147 0.000194344 0.999986529 0.005190802 -1.787950873 0.007342996 -0.005192090 0.999959528 69.186767578
0.999975562 0.000277705 -0.006974551 1.097925901 -0.000239814 0.999985218 0.005432964 -1.805517197 0.006975956 -0.005431159 0.999960899 69.729057312
0.999974787 -0.000649110 -0.007055579 1.109494209 0.000682255 0.999988735 0.004696252 -1.810535669 0.007052452 -0.004700948 0.999964058 70.273376465
0.999971032 -0.000519682 -0.007597076 1.117219210 0.000560654 0.999985278 0.005391929 -1.829210520 0.007594163 -0.005396033 0.999956548 70.817733765
0.999968290 -0.000768977 -0.007930385 1.126740456 0.000813922 0.999983609 0.005665721 -1.843456984 0.007925897 -0.005671997 0.999952495 71.371345520
0.999971449 0.000080887 -0.007544265 1.127313137 -0.000042266 0.999986887 0.005119146 -1.852402925 0.007544579 -0.005118683 0.999958396 71.902473450
0.999973536 0.000250738 -0.007263870 1.135698795 -0.000214302 0.999987423 0.005016461 -1.867301106 0.007265037 -0.005014772 0.999961019 72.451049805
0.999975562 -0.000730893 -0.006954843 1.138718486 0.000767863 0.999985576 0.005314583 -1.880949140 0.006950859 -0.005319794 0.999961674 72.984466553
0.999971688 -0.000633229 -0.007494339 1.147854447 0.000669797 0.999987841 0.004877915 -1.886344790 0.007491162 -0.004882797 0.999960005 73.534057617
0.999976754 -0.000995311 -0.006744405 1.149399400 0.001026415 0.999988914 0.004609874 -1.901859760 0.006739742 -0.004616689 0.999966621 74.076110840
0.999973357 -0.000438939 -0.007289201 1.166591167 0.000476771 0.999986410 0.005189155 -1.911794424 0.007286822 -0.005192492 0.999959946 74.610977173
0.999974787 -0.000737806 -0.007062408 1.171498299 0.000777408 0.999984026 0.005606399 -1.927720189 0.007058157 -0.005611748 0.999959350 75.160255432
0.999973238 -0.001436681 -0.007174680 1.181884766 0.001474749 0.999984860 0.005303490 -1.941285849 0.007166953 -0.005313930 0.999960124 75.673141479
0.999971986 -0.001871384 -0.007246333 1.189207077 0.001906796 0.999986291 0.004883158 -1.952824235 0.007237095 -0.004896839 0.999961793 76.221847534
0.999973118 -0.000701925 -0.007293569 1.195880175 0.000737459 0.999987960 0.004870401 -1.962089062 0.007290062 -0.004875650 0.999961495 76.766860962
0.999968767 -0.001416523 -0.007772465 1.207253456 0.001452173 0.999988377 0.004583064 -1.972012877 0.007765882 -0.004594208 0.999959290 77.310691833
0.999969780 -0.000732176 -0.007741070 1.203586936 0.000770553 0.999987423 0.004955612 -1.984549999 0.007737342 -0.004961427 0.999957740 77.828315735
0.999972701 0.000313562 -0.007384106 1.203469753 -0.000276556 0.999987423 0.005012010 -1.999918580 0.007385584 -0.005009831 0.999960184 78.375129700
0.999965787 -0.001437685 -0.008137259 1.228515267 0.001468589 0.999991775 0.003793126 -2.002552032 0.008131738 -0.003804947 0.999959707 78.899703979
0.999969542 -0.001201297 -0.007712499 1.232255340 0.001235362 0.999989510 0.004413577 -2.025073051 0.007707118 -0.004422970 0.999960542 79.457771301
0.999967575 -0.000890365 -0.008010112 1.241190195 0.000928640 0.999988139 0.004775919 -2.039043427 0.008005764 -0.004783203 0.999956548 80.004516602
0.999978065 -0.000839492 -0.006568444 1.247470975 0.000872335 0.999987125 0.004998861 -2.052505970 0.006564163 -0.005004481 0.999965906 80.527954102
0.999982834 0.000021520 -0.005853837 1.257194996 0.000007055 0.999988139 0.004881328 -2.067657232 0.005853872 -0.004881285 0.999970973 81.070404053
0.999990642 -0.000282490 -0.004316989 1.263239264 0.000305648 0.999985516 0.005364511 -2.082146645 0.004315412 -0.005365780 0.999976277 81.617965698
0.999995351 -0.000432514 -0.003018105 1.274304271 0.000448581 0.999985695 0.005324932 -2.093054533 0.003015759 -0.005326261 0.999981284 82.143714905
1.000000000 -0.000085090 0.000186043 1.290950537 0.000084188 0.999988258 0.004845849 -2.105482817 -0.000186453 -0.004845833 0.999988258 82.687461853
0.999990880 -0.000419313 0.004261941 1.305185080 0.000397090 0.999986291 0.005213777 -2.114481688 -0.004264069 -0.005212036 0.999977350 83.223381042
0.999973655 0.000019668 0.007259708 1.323420405 -0.000057961 0.999986112 0.005274533 -2.140380859 -0.007259504 -0.005274815 0.999959767 83.780677795
0.999926746 0.000377872 0.012093035 1.343436003 -0.000444182 0.999984860 0.005481083 -2.157841444 -0.012090780 -0.005486053 0.999911845 84.335319519
0.999836743 0.001161527 0.018029103 1.367532492 -0.001256088 0.999985456 0.005234418 -2.170108795 -0.018022761 -0.005256209 0.999823749 84.881736755
0.999717176 0.000366662 0.023778930 1.398387909 -0.000500683 0.999983966 0.005630434 -2.188733339 -0.023776488 -0.005640747 0.999701381 85.424301147
0.999581337 -0.000077978 0.028933778 1.432036757 -0.000090522 0.999983191 0.005822279 -2.203412056 -0.028933739 -0.005822461 0.999564350 85.954681396
0.999308765 0.000001697 0.037175357 1.466005087 -0.000210999 0.999984145 0.005626190 -2.210943222 -0.037174750 -0.005630146 0.999292910 86.509132385
0.998973012 0.000362823 0.045304962 1.509829044 -0.000623589 0.999983370 0.005741780 -2.225185633 -0.045302127 -0.005764136 0.998956621 87.070404053
0.998648405 0.000364359 0.051973790 1.556027889 -0.000677584 0.999981701 0.006009098 -2.240630627 -0.051970653 -0.006036193 0.998630285 87.602828979
0.998139381 0.000905580 0.060967639 1.605772734 -0.001269473 0.999981582 0.005930160 -2.248044491 -0.060961146 -0.005996522 0.998122096 88.149642944
0.997479379 0.000232894 0.070958368 1.664327145 -0.000633789 0.999983966 0.005627268 -2.253535748 -0.070955910 -0.005658055 0.997463405 88.686820984
0.996827185 -0.000249476 0.079597093 1.720890045 -0.000185793 0.999985039 0.005460952 -2.259119511 -0.079597257 -0.005458414 0.996812224 89.245864868
0.996170580 -0.000622885 0.087428801 1.789560795 0.000142504 0.999984860 0.005500672 -2.281918049 -0.087430902 -0.005467148 0.996155560 89.775817871
0.995134056 -0.000540697 0.098529190 1.862012386 -0.000026942 0.999983430 0.005759700 -2.290462017 -0.098530672 -0.005734328 0.995117486 90.325325012
0.994068384 -0.000015374 0.108756118 1.943579674 -0.000628084 0.999982476 0.005882268 -2.308727026 -0.108754285 -0.005915684 0.994051158 90.863098145
0.993048787 -0.000898960 0.117700152 2.028269768 0.000213804 0.999982893 0.005833698 -2.317710400 -0.117703378 -0.005767982 0.993032098 91.407485962
0.991645932 -0.001513341 0.128980339 2.121550560 0.000800008 0.999984086 0.005582180 -2.324928284 -0.128986761 -0.005432361 0.991631448 91.978187561
0.990001023 -0.001964384 0.141046286 2.223471642 0.001210377 0.999984562 0.005431401 -2.339755774 -0.141054794 -0.005206373 0.989988029 92.503067017
0.988453686 -0.001706165 0.151513532 2.316882133 0.000796704 0.999981225 0.006063011 -2.357366800 -0.151521012 -0.005872294 0.988436580 93.051895142
0.986684322 -0.001590122 0.162638962 2.418024063 0.000715037 0.999984860 0.005438933 -2.363812923 -0.162645176 -0.005250217 0.986670613 93.599845886
0.984517395 -0.001960924 0.175276250 2.537416458 0.000910449 0.999981165 0.006073466 -2.385687351 -0.175284907 -0.005819852 0.984500527 94.114105225
0.982292414 -0.002094977 0.187342182 2.667885780 0.001007183 0.999982059 0.005901450 -2.390276909 -0.187351167 -0.005608262 0.982276976 94.673942566
0.980264008 -0.002088187 0.197681561 2.792718887 0.000939581 0.999982059 0.005903999 -2.399715900 -0.197690368 -0.005601740 0.980248570 95.207656860
0.977664649 -0.002311834 0.210158229 2.947801590 0.000940385 0.999977708 0.006625492 -2.429932117 -0.210168853 -0.006279881 0.977644920 95.697410583
0.974543273 -0.003111836 0.224177882 3.064966202 0.001653919 0.999976218 0.006690880 -2.433896065 -0.224193335 -0.006149780 0.974525273 96.250144958
0.971836150 -0.002667441 0.235642493 3.200756073 0.001075531 0.999975741 0.006883887 -2.445595741 -0.235655084 -0.006436569 0.971815467 96.780868530
0.968997896 -0.003572908 0.247043267 3.365156174 0.002060409 0.999977589 0.006380642 -2.455835342 -0.247060508 -0.005673818 0.968983412 97.283599854
0.965192199 -0.002459205 0.261530042 3.512996674 0.000581856 0.999973536 0.007255520 -2.475956440 -0.261540920 -0.006850798 0.965168059 97.813186646
0.961691380 -0.002706516 0.274121225 3.684764862 0.000892231 0.999976933 0.006743010 -2.479918957 -0.274133176 -0.006240116 0.961671472 98.353347778
0.958454549 -0.004296518 0.285213053 3.853109360 0.002412377 0.999972880 0.006957075 -2.494184494 -0.285235256 -0.005979998 0.958438873 98.854644775
0.954274058 -0.003998839 0.298906386 4.040744781 0.001888200 0.999971211 0.007349671 -2.505623817 -0.298927158 -0.006449206 0.954254091 99.392211914
0.949984610 -0.004259174 0.312267929 4.235158920 0.002263735 0.999974668 0.006752385 -2.510654449 -0.312288821 -0.005707770 0.949970126 99.909622192
0.946074903 -0.006027450 0.323891819 4.425725937 0.003973193 0.999967575 0.007003313 -2.518284082 -0.323923469 -0.005338774 0.946068168 100.400741577
0.941382647 -0.005507920 0.337295532 4.621116638 0.003349749 0.999970019 0.006980107 -2.535573483 -0.337323904 -0.005441096 0.941372991 100.896972656
0.936220586 -0.005314347 0.351372749 4.857698441 0.003270526 0.999974132 0.006409931 -2.536127090 -0.351397753 -0.004851936 0.936213613 101.467666626
0.931545913 -0.005244437 0.363586217 5.079030991 0.002962107 0.999972284 0.006834563 -2.545572519 -0.363611937 -0.005289726 0.931535482 101.975349426
0.927020729 -0.006113987 0.374960363 5.301479340 0.004014620 0.999971509 0.006379816 -2.557132721 -0.374988735 -0.004408897 0.927018881 102.480041504
0.921291649 -0.005948781 0.388826966 5.522247314 0.003474653 0.999969006 0.007065940 -2.572613716 -0.388856947 -0.005158753 0.921283662 102.953811646
0.915471733 -0.006824173 0.402324378 5.774749756 0.004609026 0.999968350 0.006473692 -2.575470924 -0.402355850 -0.004072158 0.915474296 103.456535339
0.910436988 -0.007078328 0.413587332 6.022323608 0.004714312 0.999966085 0.006736197 -2.592066765 -0.413621038 -0.004183102 0.910439551 103.942375183
0.904094815 -0.007641374 0.427263647 6.285556793 0.005133121 0.999962151 0.007022025 -2.604217052 -0.427301168 -0.004155381 0.904099762 104.445953369
0.897752821 -0.007439933 0.440436751 6.544612885 0.004345066 0.999958277 0.008034811 -2.631369591 -0.440478176 -0.005299547 0.897747695 104.924148560
0.891921997 -0.008517649 0.452109039 6.817455292 0.005183913 0.999949455 0.008612023 -2.650414705 -0.452159554 -0.005337558 0.891921103 105.401451111
0.886347473 -0.009066228 0.462931871 7.083133698 0.005596283 0.999945104 0.008868424 -2.655156374 -0.462986857 -0.005269807 0.886349440 105.851638794
0.879175127 -0.009147430 0.476410925 7.367134094 0.005989758 0.999948859 0.008146153 -2.661079884 -0.476461083 -0.004308309 0.879185021 106.365425110
