1.000000000 0.000000000 0.000000000 0.000000000 0.000000000 1.000000000 0.000000000 0.000000000 0.000000000 0.000000000 1.000000000 0.000000000
1.000000000 0.000014198 -0.000035312 0.000424383 -0.000014198 1.000000000 0.000017083 -0.000922200 0.000035312 -0.000017082 1.000000000 -0.001825310
1.000000000 -0.000052804 -0.000028356 0.001192283 0.000052804 1.000000000 -0.000010271 -0.000374304 0.000028356 0.000010269 1.000000000 -0.002627745
1.000000000 -0.000157478 -0.000126572 0.001969417 0.000157485 1.000000000 0.000060478 -0.001821281 0.000126563 -0.000060498 1.000000000 -0.004475785
1.000000000 -0.000115359 -0.000089046 -0.000173348 0.000115357 1.000000000 -0.000020917 0.000396014 0.000089048 0.000020906 1.000000000 -0.003182024
1.000000000 -0.000166173 -0.000047131 0.000875110 0.000166175 1.000000000 0.000041975 -0.000591762 0.000047125 -0.000041983 1.000000000 -0.001531623
1.000000000 -0.000192368 -0.000024500 0.000243621 0.000192368 1.000000000 0.000040267 -0.000750189 0.000024492 -0.000040271 1.000000000 -0.004093623
1.000000000 -0.000092949 -0.000062516 0.000184061 0.000092950 1.000000000 0.000013856 0.000479591 0.000062515 -0.000013862 1.000000000 -0.004009792
1.000000000 -0.000055884 -0.000029324 0.000312731 0.000055883 1.000000000 -0.000007945 0.000503560 0.000029324 0.000007943 1.000000000 -0.000411741
1.000000000 -0.000114875 -0.000083878 -0.000127502 0.000114876 1.000000000 0.000005015 0.001278786 0.000083877 -0.000005025 1.000000000 -0.001715248
1.000000000 -0.000173743 -0.000130693 0.000891262 0.000173748 1.000000000 0.000038894 -0.000222723 0.000130686 -0.000038917 1.000000000 -0.002659010
1.000000000 -0.000176226 -0.000114805 0.000289936 0.000176226 1.000000000 -0.000000184 0.000583297 0.000114805 0.000000164 1.000000000 -0.000153306
1.000000000 -0.000216226 -0.000071428 -0.000709627 0.000216229 1.000000000 0.000034486 0.001087067 0.000071420 -0.000034501 1.000000000 -0.000651742
1.000000000 -0.000170958 -0.000065060 0.000477293 0.000170960 1.000000000 0.000019759 -0.000014047 0.000065057 -0.000019770 1.000000000 -0.003590523
1.000000000 -0.000130738 -0.000090722 0.001300200 0.000130748 1.000000000 0.000107388 -0.000354969 0.000090708 -0.000107400 1.000000000 -0.003905474
1.000000000 -0.000119176 -0.000067514 0.002281865 0.000119184 1.000000000 0.000118910 -0.001403885 0.000067500 -0.000118918 1.000000000 -0.007307725
1.000000000 -0.000129344 -0.000087510 0.001202104 0.000129347 1.000000000 0.000032855 0.000622432 0.000087506 -0.000032867 1.000000000 -0.002635886
1.000000000 -0.000089495 -0.000101949 0.001036666 0.000089503 1.000000000 0.000080684 -0.000202887 0.000101941 -0.000080693 1.000000000 -0.004354181
0.999999940 -0.000252200 -0.000108185 0.000677641 0.000252205 0.999999940 0.000047576 -0.000331325 0.000108173 -0.000047603 1.000000000 -0.003443442
0.999999940 -0.000237607 -0.000097431 0.000619978 0.000237610 1.000000000 0.000036194 0.000859499 0.000097423 -0.000036218 1.000000000 0.000164353
0.999999940 -0.000257003 -0.000105815 0.000125566 0.000257008 0.999999940 0.000048754 -0.000763202 0.000105802 -0.000048781 1.000000000 -0.003219422
1.000000000 -0.000129580 -0.000123315 0.002709472 0.000129588 1.000000000 0.000060848 0.000224534 0.000123307 -0.000060864 1.000000000 -0.001400114
1.000000000 -0.000137802 -0.000127683 0.002530398 0.000137812 1.000000000 0.000076983 -0.000776122 0.000127672 -0.000077001 1.000000000 -0.002265204
0.999999940 -0.000256425 -0.000139012 0.001449261 0.000256438 0.999999940 0.000096081 -0.000578896 0.000138987 -0.000096117 1.000000000 -0.004298000
0.999999940 -0.000263671 -0.000193228 0.002740563 0.000263688 0.999999940 0.000085996 -0.000558868 0.000193206 -0.000086047 1.000000000 -0.004058050
0.999999940 -0.000297746 -0.000155087 0.001772494 0.000297756 0.999999940 0.000064851 0.000417470 0.000155068 -0.000064897 1.000000000 -0.003298028
0.999999940 -0.000295392 -0.000181624 0.002948912 0.000295403 0.999999940 0.000060526 -0.000241418 0.000181606 -0.000060579 1.000000000 -0.004498819
0.999999940 -0.000382404 -0.000135643 0.001074676 0.000382412 0.999999940 0.000059115 -0.000559096 0.000135621 -0.000059167 1.000000000 -0.004758483
0.999999940 -0.000201673 -0.000164721 0.001852877 0.000201686 1.000000000 0.000080458 -0.000040421 0.000164705 -0.000080491 1.000000000 -0.002183436
1.000000000 -0.000192231 -0.000120199 0.002614407 0.000192245 1.000000000 0.000113931 -0.001025169 0.000120178 -0.000113955 1.000000000 -0.004095804
0.999999940 -0.000287241 -0.000159009 0.000711792 0.000287253 0.999999940 0.000072958 0.000667318 0.000158988 -0.000073004 1.000000000 -0.001264150
0.999999940 -0.000327031 -0.000175994 0.000732261 0.000327047 0.999999940 0.000087412 0.000308015 0.000175965 -0.000087470 1.000000000 -0.003554275
0.999999940 -0.000219851 -0.000161305 0.001531930 0.000219852 1.000000000 0.000001321 0.000410262 0.000161304 -0.000001357 1.000000000 -0.001949781
0.999999940 -0.000303153 -0.000171324 0.002084257 0.000303160 0.999999940 0.000040290 0.000064164 0.000171311 -0.000040342 1.000000000 -0.001836446
0.999999940 -0.000313580 -0.000122265 0.001064015 0.000313588 0.999999940 0.000068855 -0.000761752 0.000122244 -0.000068893 1.000000000 -0.005751161
0.999999940 -0.000307663 -0.000210322 0.003115085 0.000307669 0.999999940 0.000028791 0.000220422 0.000210314 -0.000028856 1.000000000 -0.003448136
1.000000000 -0.000181924 -0.000147415 0.002925129 0.000181940 1.000000000 0.000105302 -0.000436230 0.000147396 -0.000105329 1.000000000 -0.006952706
0.999999940 -0.000277830 -0.000146109 0.000633076 0.000277839 0.999999940 0.000058234 -0.000137815 0.000146093 -0.000058274 1.000000000 -0.004680557
0.999999940 -0.000252578 -0.000162457 0.001330201 0.000252601 0.999999940 0.000138893 -0.000439419 0.000162422 -0.000138934 1.000000000 -0.003576769
0.999999940 -0.000259834 -0.000170012 0.002588150 0.000259839 0.999999940 0.000029445 -0.000769666 0.000170005 -0.000029489 1.000000000 0.001124606
0.999999940 -0.000232034 -0.000083903 0.001499033 0.000231989 0.999999821 -0.000541773 -0.000694196 0.000084029 0.000541753 0.999999821 0.048801351
1.000000000 -0.000075057 -0.000133640 0.001681961 0.000074909 0.999999404 -0.001108482 -0.003445969 0.000133723 0.001108472 0.999999404 0.140906289
1.000000000 -0.000187157 -0.000149997 0.005229488 0.000186942 0.999998987 -0.001430763 -0.007302468 0.000150265 0.001430735 0.999998987 0.254116833
1.000000000 -0.000214814 -0.000097166 0.006212898 0.000214676 0.999998987 -0.001414673 -0.012249457 0.000097470 0.001414652 0.999998987 0.389446259
0.999999940 -0.000126380 -0.000214064 0.011221894 0.000126138 0.999999344 -0.001128393 -0.019230334 0.000214207 0.001128366 0.999999344 0.524119914
1.000000000 -0.000194107 -0.000122915 0.012723184 0.000193979 0.999999464 -0.001036336 -0.022202510 0.000123116 0.001036312 0.999999464 0.684885621
1.000000000 -0.000127145 -0.000114950 0.019947674 0.000127036 0.999999523 -0.000945894 -0.025420407 0.000115070 0.000945879 0.999999523 0.845101535
0.999999940 0.000268482 0.000065144 0.017414646 -0.000268430 0.999999642 -0.000802226 -0.025630677 -0.000065359 0.000802208 0.999999702 1.021190524
1.000000000 -0.000089545 -0.000183337 0.028301328 0.000089434 0.999999821 -0.000602495 -0.037098877 0.000183391 0.000602479 0.999999821 1.180294156
1.000000000 0.000098207 0.000047926 0.028650951 -0.000098189 0.999999940 -0.000383286 -0.040107436 -0.000047963 0.000383282 0.999999940 1.369344711
1.000000000 0.000079286 -0.000083024 0.038791806 -0.000079308 0.999999940 -0.000258224 -0.049402080 0.000083003 0.000258230 0.999999940 1.560905457
1.000000000 -0.000010133 0.000203532 0.035984740 0.000010193 0.999999940 -0.000295903 -0.056050379 -0.000203529 0.000295905 0.999999940 1.779839873
0.999999940 -0.000403419 -0.000049296 0.040177561 0.000403421 0.999999940 0.000045764 -0.056340087 0.000049278 -0.000045784 1.000000000 1.987168312
0.999999881 0.000251224 0.000441522 0.036794975 -0.000251261 0.999999940 0.000083272 -0.069068931 -0.000441501 -0.000083383 0.999999881 2.182635546
1.000000000 -0.000104822 0.000027539 0.043797888 0.000104812 0.999999940 0.000356790 -0.077263996 -0.000027576 -0.000356787 0.999999940 2.399802685
0.999999940 -0.000269099 -0.000125797 0.061871212 0.000269154 0.999999881 0.000436326 -0.089055002 0.000125680 -0.000436360 0.999999881 2.591435909
0.999999762 -0.000612118 0.000304732 0.082920976 0.000611897 0.999999642 0.000724182 -0.103424542 -0.000305175 -0.000723995 0.999999702 2.796408892
0.999999940 -0.000076173 0.000478646 0.087074086 0.000075825 0.999999762 0.000727020 -0.108298384 -0.000478701 -0.000726984 0.999999642 3.030523539
0.999999881 -0.000363278 0.000554580 0.093921922 0.000362724 0.999999523 0.000997632 -0.115861751 -0.000554942 -0.000997430 0.999999285 3.274263859
0.999999642 -0.000723746 0.000377531 0.101411156 0.000723360 0.999999225 0.001022307 -0.127417177 -0.000378270 -0.001022034 0.999999404 3.519835472
0.999999762 -0.000624074 0.000263236 0.106524058 0.000623748 0.999999046 0.001238508 -0.135632545 -0.000264009 -0.001238344 0.999999166 3.769451141
0.999999344 -0.001059140 0.000377135 0.111197405 0.001058666 0.999998689 0.001256199 -0.141671538 -0.000378465 -0.001255798 0.999999166 4.035742283
0.999999583 -0.000353962 0.000704104 0.109074987 0.000352862 0.999998689 0.001560713 -0.150059879 -0.000704656 -0.001560464 0.999998510 4.289755344
0.999999583 -0.000488167 0.000706951 0.120899826 0.000486797 0.999997973 0.001936121 -0.158479288 -0.000707895 -0.001935776 0.999997854 4.544258118
0.999999583 -0.000514115 0.000814988 0.129550457 0.000512472 0.999997854 0.002014791 -0.165932342 -0.000816022 -0.002014372 0.999997616 4.801463604
0.999999404 -0.000683845 0.000852701 0.136215761 0.000681944 0.999997377 0.002227713 -0.177200019 -0.000854222 -0.002227130 0.999997199 5.060039997
0.999999106 -0.001038052 0.000768659 0.138914958 0.001036302 0.999996960 0.002272847 -0.186962023 -0.000771016 -0.002272048 0.999997139 5.302244663
0.999999583 -0.000548857 0.000825611 0.150741279 0.000546880 0.999997079 0.002392574 -0.194347069 -0.000826922 -0.002392121 0.999996841 5.580116749
0.999999404 -0.000743007 0.000824112 0.144882932 0.000741022 0.999996781 0.002405281 -0.204637274 -0.000825897 -0.002404669 0.999996722 5.844269753
0.999999225 -0.000951287 0.000797286 0.152190790 0.000949320 0.999996483 0.002463430 -0.215277195 -0.000799627 -0.002462671 0.999996603 6.121585846
0.999999225 -0.000685016 0.001085787 0.155083060 0.000682101 0.999996185 0.002683550 -0.223498642 -0.001087621 -0.002682807 0.999995828 6.405829430
0.999999106 -0.000552081 0.001246851 0.163185239 0.000548690 0.999996066 0.002718997 -0.234052524 -0.001248347 -0.002718310 0.999995530 6.681708336
0.999999285 -0.000582568 0.001096278 0.172020555 0.000579468 0.999995828 0.002825680 -0.242842928 -0.001097919 -0.002825042 0.999995410 6.977717400
0.999999166 -0.000785122 0.001019098 0.185891449 0.000782203 0.999995589 0.002861557 -0.256915927 -0.001021340 -0.002860757 0.999995410 7.253976822
0.999999404 -0.000315722 0.001025002 0.188516557 0.000312994 0.999996543 0.002660661 -0.269034028 -0.001025838 -0.002660339 0.999995947 7.555181503
0.999999046 -0.001034674 0.000853830 0.199114546 0.001032369 0.999995828 0.002695808 -0.276012778 -0.000856616 -0.002694924 0.999996006 7.866207123
0.999999046 -0.000606912 0.001231241 0.202853024 0.000603347 0.999995649 0.002893644 -0.288149297 -0.001232992 -0.002892898 0.999995053 8.186545372
0.999999285 -0.000364984 0.001152913 0.211483419 0.000361593 0.999995649 0.002940595 -0.291641623 -0.001153981 -0.002940176 0.999995053 8.511614799
0.999999285 -0.000360391 0.001114200 0.213282228 0.000357115 0.999995649 0.002939123 -0.306595147 -0.001115254 -0.002938723 0.999995053 8.852650642
0.999998987 -0.000336567 0.001408470 0.213845864 0.000332349 0.999995470 0.002994103 -0.314074308 -0.001409471 -0.002993632 0.999994516 9.186669350
0.999998748 -0.000051445 0.001523551 0.214353472 0.000046910 0.999995530 0.002976208 -0.320213765 -0.001523698 -0.002976133 0.999994397 9.540666580
0.999999166 -0.000533073 0.001162363 0.237852722 0.000529278 0.999994516 0.003263002 -0.331227779 -0.001164096 -0.003262385 0.999993980 9.852462769
0.999999106 -0.000313297 0.001326667 0.238756940 0.000308823 0.999994218 0.003371259 -0.341467023 -0.001327715 -0.003370847 0.999993443 10.223391533
0.999999046 -0.000419413 0.001330239 0.252998710 0.000414835 0.999993980 0.003439813 -0.352690995 -0.001331674 -0.003439258 0.999993205 10.567361832
0.999998689 -0.001241317 0.001096217 0.260497451 0.001237499 0.999993145 0.003477460 -0.355424017 -0.001100526 -0.003476099 0.999993384 10.945262909
0.999998927 -0.000858780 0.001141204 0.268916100 0.000854922 0.999993861 0.003376972 -0.364690155 -0.001144097 -0.003375993 0.999993622 11.328410149
0.999999046 -0.000413256 0.001306962 0.275111616 0.000407926 0.999991596 0.004076416 -0.389256418 -0.001308636 -0.004075879 0.999990821 11.629998207
0.999999166 -0.000403047 0.001154383 0.286117792 0.000398377 0.999991715 0.004042737 -0.401103526 -0.001156003 -0.004042274 0.999991179 12.016178131
0.999998689 -0.000073584 0.001572143 0.292505533 0.000067384 0.999992192 0.003943490 -0.407116175 -0.001572421 -0.003943379 0.999990940 12.405747414
0.999998808 -0.000219352 0.001468083 0.311923712 0.000213182 0.999991119 0.004201789 -0.424749285 -0.001468991 -0.004201472 0.999990046 12.771196365
0.999999106 0.000053571 0.001312403 0.322424054 -0.000059239 0.999990642 0.004319602 -0.435404271 -0.001312159 -0.004319676 0.999989808 13.160213470
0.999998868 -0.000397259 0.001463782 0.330729067 0.000390935 0.999990582 0.004317882 -0.443658084 -0.001465484 -0.004317306 0.999989569 13.568906784
0.999998450 -0.000945491 0.001463609 0.337644100 0.000938698 0.999988794 0.004634536 -0.469451010 -0.001467975 -0.004633156 0.999988139 13.964630127
0.999998152 -0.001287880 0.001431132 0.352961808 0.001281388 0.999988914 0.004527422 -0.483000875 -0.001436947 -0.004525579 0.999988735 14.380836487
0.999997854 -0.001110084 0.001750319 0.358149916 0.001102152 0.999989033 0.004526529 -0.489862263 -0.001755325 -0.004524590 0.999988198 14.815726280
0.999997318 -0.001546359 0.001687462 0.373410821 0.001538212 0.999987245 0.004818489 -0.508143127 -0.001694891 -0.004815881 0.999987006 15.227070808
0.999997139 -0.000796063 0.002254743 0.380213052 0.000785001 0.999987602 0.004902625 -0.517340302 -0.002258618 -0.004900841 0.999985456 15.656564713
0.999996424 -0.001220407 0.002383261 0.380987793 0.001206963 0.999983311 0.005634477 -0.542221367 -0.002390099 -0.005631581 0.999981284 16.057323456
0.999995768 -0.001685100 0.002389414 0.392924875 0.001671407 0.999982238 0.005721417 -0.554853618 -0.002399013 -0.005717400 0.999980807 16.499450684
0.999995708 -0.001267173 0.002663212 0.408512861 0.001251978 0.999982893 0.005699501 -0.565301538 -0.002670389 -0.005696142 0.999980271 16.962783813
0.999994397 -0.001688901 0.002910224 0.417018354 0.001671673 0.999981165 0.005912378 -0.573003948 -0.002920155 -0.005907480 0.999978304 17.447261810
0.999993145 -0.001905051 0.003169103 0.420033693 0.001886124 0.999980450 0.005964892 -0.591307580 -0.003180404 -0.005958874 0.999977171 17.833360672
0.999992847 -0.001556474 0.003444366 0.430243522 0.001535319 0.999980032 0.006136070 -0.599328339 -0.003453848 -0.006130738 0.999975204 18.308231354
0.999992371 -0.001790196 0.003472828 0.446459800 0.001768563 0.999979079 0.006222508 -0.615476489 -0.003483893 -0.006216318 0.999974608 18.768192291
0.999992549 -0.001798479 0.003390176 0.459123194 0.001778016 0.999980211 0.006029250 -0.624370754 -0.003400953 -0.006023177 0.999976099 19.241241455
0.999992609 -0.001840310 0.003368212 0.474034250 0.001818503 0.999977469 0.006466199 -0.647615433 -0.003380036 -0.006460027 0.999973416 19.684257507
0.999992192 -0.002016885 0.003397837 0.488539636 0.001995413 0.999978185 0.006310753 -0.658209205 -0.003410491 -0.006303924 0.999974310 20.176860809
0.999993086 -0.002631305 0.002642262 0.503157973 0.002614768 0.999977112 0.006242967 -0.667891860 -0.002658629 -0.006236015 0.999976993 20.667840958
0.999994695 -0.002326002 0.002248968 0.511334896 0.002311384 0.999976397 0.006481031 -0.687941372 -0.002263990 -0.006475799 0.999976456 21.172256470
0.999996245 -0.002052930 0.001769917 0.517050385 0.002041777 0.999978185 0.006280577 -0.698934913 -0.001782772 -0.006276939 0.999978662 21.662694931
0.999995112 -0.002877748 0.001329966 0.528141022 0.002868130 0.999970138 0.007178267 -0.718801856 -0.001350584 -0.007174416 0.999973297 22.114858627
0.999994934 -0.003126744 0.000666164 0.541031539 0.003121944 0.999969959 0.007089073 -0.727781117 -0.000688310 -0.007086956 0.999974668 22.635387421
0.999996126 -0.002758527 0.000193959 0.549606383 0.002757174 0.999974012 0.006661621 -0.736992896 -0.000212330 -0.006661059 0.999977827 23.162788391
0.999993026 -0.003719876 -0.000394033 0.552994847 0.003722382 0.999971569 0.006562986 -0.749863863 0.000369608 -0.006564407 0.999978423 23.668577194
0.999994576 -0.003255604 -0.000555155 0.563849330 0.003259399 0.999970257 0.006978566 -0.765994310 0.000532419 -0.006980337 0.999975502 24.128791809
0.999992430 -0.003637764 -0.001414977 0.579818308 0.003648349 0.999964833 0.007551570 -0.780278921 0.001387457 -0.007556675 0.999970555 24.656538010
0.999995410 -0.002270921 -0.002037939 0.582119346 0.002284978 0.999973416 0.006922197 -0.783316135 0.002022165 -0.006926821 0.999974012 25.189456940
0.999994159 -0.002615615 -0.002201974 0.590543449 0.002630637 0.999973059 0.006847122 -0.794649422 0.002184005 -0.006852874 0.999974132 25.727949142
0.999989212 -0.003849905 -0.002602762 0.597340167 0.003871058 0.999959052 0.008171512 -0.823048115 0.002571196 -0.008181498 0.999963224 26.230321884
0.999984443 -0.004493142 -0.003291089 0.616923809 0.004520954 0.999953687 0.008492437 -0.842386842 0.003252779 -0.008507185 0.999958515 26.780483246
0.999988496 -0.003279535 -0.003508297 0.628592074 0.003308209 0.999960959 0.008198735 -0.857151449 0.003481272 -0.008210248 0.999960244 27.318511963
0.999992728 -0.001994831 -0.003253072 0.617702425 0.002020967 0.999965489 0.008051123 -0.857921898 0.003236899 -0.008057640 0.999962330 27.847412109
0.999986768 -0.002916339 -0.004231988 0.625629127 0.002951436 0.999961078 0.008310760 -0.881566405 0.004207586 -0.008323140 0.999956489 28.317136765
0.999981463 -0.003614541 -0.004911380 0.637309134 0.003655172 0.999958932 0.008288974 -0.893886507 0.004881218 -0.008306771 0.999953568 28.866289139
0.999984503 -0.002550542 -0.004934173 0.642197609 0.002588441 0.999967098 0.007689861 -0.901335359 0.004914397 -0.007702514 0.999958217 29.413415909
0.999981582 -0.003230127 -0.005134225 0.649202466 0.003274067 0.999957860 0.008573011 -0.920475364 0.005106317 -0.008589662 0.999950051 29.899543762
0.999983251 -0.002829704 -0.005057042 0.649208903 0.002873782 0.999957740 0.008730028 -0.931554198 0.005032125 -0.008744415 0.999949098 30.438438416
0.999980330 -0.002831940 -0.005602499 0.671744704 0.002879877 0.999959230 0.008566963 -0.940012097 0.005578009 -0.008582930 0.999947608 30.980714798
0.999979019 -0.002447815 -0.005980487 0.698140502 0.002498610 0.999960840 0.008500858 -0.961114287 0.005959442 -0.008515625 0.999945939 31.513996124
0.999971807 -0.004159194 -0.006269425 0.694579303 0.004217599 0.999947548 0.009331442 -0.982483149 0.006230286 -0.009357622 0.999936759 31.974281311
0.999973178 -0.003620958 -0.006364141 0.700594664 0.003679869 0.999950290 0.009269473 -0.992556572 0.006330260 -0.009292645 0.999936819 32.514560699
0.999975145 -0.003030323 -0.006351530 0.704323411 0.003085582 0.999957263 0.008708530 -0.995705128 0.006324868 -0.008727915 0.999941945 33.065734863
0.999976218 -0.002460105 -0.006441187 0.704789102 0.002516007 0.999959111 0.008685141 -1.004701018 0.006419557 -0.008701141 0.999941528 33.618225098
0.999967039 -0.003896120 -0.007142150 0.724440336 0.003964847 0.999945760 0.009634009 -1.046576381 0.007104229 -0.009662009 0.999928057 34.097976685
0.999964833 -0.004234777 -0.007254708 0.732069850 0.004305336 0.999943256 0.009737897 -1.054769993 0.007213059 -0.009768787 0.999926269 34.644592285
0.999963820 -0.004255310 -0.007371405 0.741447508 0.004327936 0.999942005 0.009864695 -1.064388871 0.007329001 -0.009896240 0.999924123 35.199035645
0.999967158 -0.003376858 -0.007365218 0.739748716 0.003445168 0.999951005 0.009281802 -1.074360013 0.007333514 -0.009306871 0.999929786 35.756027222
0.999965250 -0.002876839 -0.007831233 0.765647888 0.002952590 0.999948800 0.009678531 -1.097712517 0.007802989 -0.009701316 0.999922395 36.320995331
0.999963403 -0.003324514 -0.007880658 0.754660249 0.003400235 0.999947965 0.009614534 -1.083692670 0.007848284 -0.009640977 0.999922693 36.812473297
0.999966145 -0.002974772 -0.007676762 0.758981586 0.003046411 0.999951780 0.009337098 -1.088234901 0.007648615 -0.009360169 0.999926865 37.311168671
0.999959707 -0.003929494 -0.008074656 0.758094668 0.004013241 0.999938011 0.010381674 -1.133167624 0.008033361 -0.010413661 0.999913514 37.775653839
0.999951005 -0.004569791 -0.008787537 0.773052931 0.004658225 0.999938488 0.010069611 -1.142640352 0.008740981 -0.010110051 0.999910712 38.324523926
0.999956369 -0.003853959 -0.008512765 0.775635958 0.003940215 0.999940813 0.010139146 -1.155797005 0.008473185 -0.010172244 0.999912381 38.872142792
0.999957263 -0.003426071 -0.008592958 0.784313202 0.003511888 0.999943912 0.009991799 -1.159484148 0.008558244 -0.010021549 0.999913156 39.414722443
0.999962389 -0.003208515 -0.008058285 0.783081532 0.003288022 0.999945819 0.009872634 -1.171291113 0.008026171 -0.009898757 0.999918818 39.944751740
0.999956310 -0.003545616 -0.008657762 0.791039944 0.003633936 0.999941289 0.010206894 -1.173202038 0.008621064 -0.010237909 0.999910414 40.510257721
0.999952257 -0.004509905 -0.008667194 0.797964334 0.004603841 0.999930561 0.010848875 -1.208086967 0.008617665 -0.010888260 0.999903560 40.961742401
0.999951899 -0.004455837 -0.008733079 0.805859327 0.004550009 0.999931335 0.010793246 -1.213625908 0.008684387 -0.010832462 0.999903560 41.507682800
0.999950528 -0.004551193 -0.008849210 0.816268981 0.004649797 0.999926925 0.011154237 -1.224959731 0.008797799 -0.011194834 0.999898553 42.054367065
0.999945521 -0.004734104 -0.009310094 0.829681039 0.004835494 0.999928892 0.010898054 -1.236669183 0.009257838 -0.010942479 0.999897242 42.600498199
0.999953091 -0.004081198 -0.008783953 0.817618191 0.004174409 0.999934912 0.010619542 -1.235626101 0.008740040 -0.010655711 0.999905050 43.117992401
0.999948800 -0.004520141 -0.009056311 0.831490755 0.004618998 0.999929667 0.010924774 -1.263437152 0.009006293 -0.010966046 0.999899328 43.618942261
0.999948561 -0.004642290 -0.009020773 0.839587331 0.004739733 0.999930382 0.010810884 -1.273590565 0.008969957 -0.010853083 0.999900877 44.171379089
0.999943435 -0.005320456 -0.009206532 0.861707807 0.005422470 0.999923766 0.011091294 -1.280602217 0.009146820 -0.011140589 0.999896169 44.709522247
0.999942601 -0.005083003 -0.009433657 0.871697545 0.005188342 0.999924183 0.011175631 -1.295249462 0.009376136 -0.011223936 0.999893069 45.242221832
0.999944925 -0.004977898 -0.009239204 0.873871803 0.005085084 0.999919593 0.011614127 -1.323721409 0.009180648 -0.011660469 0.999889851 45.696945190
0.999944806 -0.004825496 -0.009330674 0.880235970 0.004932120 0.999922395 0.011438146 -1.331657887 0.009274757 -0.011483536 0.999890983 46.247035980
0.999948025 -0.004473054 -0.009158612 0.874601007 0.004576356 0.999925792 0.011289474 -1.338534236 0.009107435 -0.011330802 0.999894321 46.798339844
0.999944806 -0.005215406 -0.009120409 0.881467223 0.005318261 0.999922097 0.011289673 -1.349821568 0.009060821 -0.011337555 0.999894619 47.326164246
0.999946594 -0.004944632 -0.009069213 0.875357211 0.005049639 0.999920070 0.011592256 -1.356567621 0.009011169 -0.011637435 0.999891639 47.871219635
0.999942005 -0.005067524 -0.009516867 0.903360903 0.005179232 0.999917567 0.011750097 -1.379823446 0.009456540 -0.011798704 0.999885678 48.319046021
0.999945581 -0.004724955 -0.009306242 0.904459953 0.004834677 0.999918640 0.011803131 -1.386093855 0.009249717 -0.011847478 0.999887049 48.859386444
0.999938965 -0.005582192 -0.009539467 0.907281160 0.005692578 0.999916673 0.011583788 -1.396188021 0.009474009 -0.011637384 0.999887407 49.394824982
0.999940455 -0.005272806 -0.009554860 0.924584746 0.005377831 0.999925077 0.010999586 -1.400399208 0.009496146 -0.011050317 0.999893785 49.920757294
0.999943495 -0.004875595 -0.009446153 0.925328851 0.004990004 0.999914050 0.012126218 -1.422976136 0.009386221 -0.012172669 0.999881864 50.355110168
0.999942839 -0.005234573 -0.009323915 0.931056321 0.005346238 0.999913752 0.011991874 -1.428147554 0.009260340 -0.012041036 0.999884665 50.913616180
0.999940336 -0.005326753 -0.009538822 0.937369585 0.005443271 0.999910474 0.012231199 -1.438712835 0.009472817 -0.012282393 0.999879718 51.449897766
0.999936819 -0.005468588 -0.009821868 0.955011845 0.005580535 0.999919415 0.011406746 -1.447436094 0.009758699 -0.011460836 0.999886692 51.978385925
0.999942482 -0.005084859 -0.009441873 0.948798895 0.005197464 0.999915183 0.011940234 -1.463985205 0.009380359 -0.011988621 0.999884129 52.420433044
0.999944270 -0.004677394 -0.009462724 0.954796672 0.004790076 0.999917507 0.011920622 -1.471585989 0.009406185 -0.011965284 0.999884188 52.960674286
0.999947727 -0.004262464 -0.009290736 0.952979863 0.004372986 0.999919593 0.011908284 -1.480453134 0.009239229 -0.011948290 0.999885917 53.526302338
0.999944448 -0.004872117 -0.009345111 0.981069624 0.004977460 0.999924004 0.011282746 -1.488962650 0.009289430 -0.011328636 0.999892652 54.001308441
0.999942541 -0.005262311 -0.009340313 0.973716021 0.005377750 0.999908924 0.012377466 -1.499038339 0.009274330 -0.012426984 0.999879777 54.438705444
0.999940097 -0.005436940 -0.009506197 0.983579397 0.005552732 0.999910116 0.012196966 -1.509446740 0.009439030 -0.012249019 0.999880433 54.979866028
0.999948621 -0.004661139 -0.009004307 0.983081341 0.004772588 0.999911785 0.012395713 -1.515879154 0.008945735 -0.012438052 0.999882638 55.536544800
0.999948740 -0.004957135 -0.008830203 0.980262756 0.005067683 0.999908507 0.012541235 -1.532564640 0.008767227 -0.012585342 0.999882340 56.081947327
0.999951482 -0.004634922 -0.008698725 0.992825389 0.004737323 0.999919295 0.011788530 -1.535964012 0.008643383 -0.011829166 0.999892712 56.569641113
0.999943435 -0.005495552 -0.009109527 1.003983378 0.005606751 0.999909639 0.012226715 -1.545993567 0.009041510 -0.012277100 0.999883711 56.987098694
0.999940634 -0.005694380 -0.009292101 1.013909459 0.005805891 0.999910951 0.012018193 -1.556321859 0.009222837 -0.012071430 0.999884605 57.528446198
0.999939144 -0.005684576 -0.009457193 1.027888060 0.005797539 0.999911606 0.011960318 -1.567180157 0.009388368 -0.012014418 0.999883771 58.082172394
0.999942899 -0.005354277 -0.009247168 1.031267643 0.005462982 0.999915838 0.011770584 -1.569946766 0.009183367 -0.011820428 0.999888003 58.633708954
0.999943495 -0.005417149 -0.009154302 1.049307585 0.005523157 0.999917567 0.011594792 -1.593529463 0.009090738 -0.011644698 0.999890864 59.194419861
0.999940574 -0.005190536 -0.009585171 1.081411839 0.005314383 0.999902070 0.012940709 -1.630659580 0.009517062 -0.012990878 0.999870300 59.546710968
0.999934733 -0.005786119 -0.009852235 1.089898586 0.005912470 0.999900043 0.012844061 -1.637434483 0.009776932 -0.012901476 0.999868989 60.091442108
0.999939799 -0.005159440 -0.009686765 1.095545530 0.005283613 0.999903619 0.012837383 -1.648092747 0.009619595 -0.012887790 0.999870658 60.640956879
0.999938250 -0.005300477 -0.009763028 1.104653358 0.005422739 0.999906719 0.012539457 -1.645949841 0.009695651 -0.012591627 0.999873757 61.181362152
0.999940932 -0.005229661 -0.009539231 1.101212025 0.005355442 0.999898434 0.013208135 -1.686563492 0.009469192 -0.013258442 0.999867201 61.596454620
0.999940634 -0.005004754 -0.009684742 1.102396011 0.005133938 0.999897540 0.013360308 -1.693901539 0.009616885 -0.013409234 0.999863803 62.129955292
0.999944270 -0.004774733 -0.009417674 1.102254868 0.004898935 0.999900758 0.013209461 -1.704430103 0.009353667 -0.013254859 0.999868393 62.676525116
0.999945164 -0.004718018 -0.009349979 1.102355719 0.004833639 0.999911606 0.012382115 -1.701425314 0.009290732 -0.012426630 0.999879539 63.216201782
0.999939799 -0.005283785 -0.009609920 1.110399365 0.005404360 0.999906480 0.012564618 -1.710310698 0.009542630 -0.012615798 0.999874830 63.770576477
0.999948382 -0.004498479 -0.009110035 1.125293255 0.004618588 0.999902129 0.013206358 -1.735150337 0.009049736 -0.013247753 0.999871254 64.126785278
0.999954224 -0.003962026 -0.008716665 1.132030964 0.004074367 0.999908328 0.012908260 -1.741122961 0.008664723 -0.012943183 0.999878705 64.673019409
0.999948084 -0.004446604 -0.009171199 1.139812231 0.004566505 0.999903858 0.013094355 -1.754001975 0.009112092 -0.013135556 0.999872208 65.187065125
0.999956250 -0.003650376 -0.008604344 1.134881258 0.003760280 0.999911129 0.012791763 -1.761589885 0.008556886 -0.012823561 0.999881148 65.717750549
0.999957085 -0.003775406 -0.008451399 1.138970613 0.003875378 0.999922276 0.011844052 -1.752512574 0.008406026 -0.011876297 0.999894142 66.272773743
0.999951720 -0.004178690 -0.008885213 1.150491595 0.004295647 0.999903798 0.013185035 -1.789788961 0.008829261 -0.013222568 0.999873579 66.639282227
0.999952853 -0.003374888 -0.009101452 1.160858393 0.003497394 0.999903023 0.013477887 -1.807277322 0.009055085 -0.013509084 0.999867737 67.164703369
0.999952257 -0.003583498 -0.009085665 1.168111086 0.003704126 0.999904811 0.013294855 -1.808635473 0.009037157 -0.013327877 0.999870360 67.710845947
0.999953866 -0.003265865 -0.009032040 1.183572769 0.003383005 0.999909937 0.012984656 -1.816821337 0.008988822 -0.013014612 0.999874890 68.280471802
0.999952555 -0.004274815 -0.008748152 1.171510220 0.004390357 0.999902844 0.013231312 -1.840625167 0.008690740 -0.013269094 0.999874175 68.676612854
0.999952316 -0.004096359 -0.008860076 1.177504778 0.004211375 0.999906600 0.013001963 -1.844672203 0.008805988 -0.013038655 0.999876201 69.223396301
0.999947011 -0.004564043 -0.009227159 1.187763453 0.004686456 0.999900818 0.013288890 -1.855759621 0.009165591 -0.013331429 0.999869108 69.785301208
0.999948740 -0.004714846 -0.008964972 1.195709705 0.004828584 0.999907613 0.012707983 -1.870235920 0.008904227 -0.012750620 0.999879003 70.302116394
0.999947965 -0.004523326 -0.009139841 1.194688916 0.004645449 0.999899626 0.013384979 -1.882053614 0.009078378 -0.013426744 0.999868631 70.717620850
0.999945819 -0.004921899 -0.009174689 1.206208944 0.005045299 0.999896526 0.013475775 -1.892543912 0.009107410 -0.013521335 0.999867082 71.273315430
0.999942124 -0.005122995 -0.009457572 1.213253260 0.005247473 0.999899328 0.013184151 -1.901796579 0.009389078 -0.013233017 0.999868274 71.819374084
0.999940217 -0.005105231 -0.009666570 1.236433029 0.005237105 0.999892831 0.013666456 -1.927978992 0.009595763 -0.013716266 0.999859869 72.281646729
0.999955714 -0.004322594 -0.008361958 1.182340622 0.004427713 0.999910891 0.012593687 -1.900793672 0.008306773 -0.012630154 0.999885738 72.870323181
0.999946892 -0.004816540 -0.009114288 1.218259454 0.004941474 0.999893486 0.013734980 -1.945616126 0.009047162 -0.013779289 0.999864101 73.251335144
0.999946058 -0.004685948 -0.009271993 1.221983671 0.004810092 0.999898493 0.013412430 -1.950353503 0.009208202 -0.013456306 0.999867022 73.811721802
0.999946773 -0.004736979 -0.009172071 1.229310751 0.004859372 0.999898911 0.013367980 -1.962258339 0.009107820 -0.013411840 0.999868572 74.332939148
0.999940395 -0.004930069 -0.009738699 1.243113041 0.005057930 0.999900758 0.013148440 -1.970640659 0.009672908 -0.013196914 0.999866128 74.886085510
0.999941885 -0.005399695 -0.009331011 1.256698132 0.005524381 0.999895096 0.013388814 -1.980728269 0.009257738 -0.013439585 0.999866843 75.240798950
0.999950051 -0.004919643 -0.008695498 1.257961035 0.005038477 0.999893427 0.013697620 -1.986144304 0.008627185 -0.013740748 0.999868333 75.779678345
0.999949098 -0.005017511 -0.008752254 1.257836580 0.005135632 0.999895334 0.013526359 -1.995575547 0.008683467 -0.013570621 0.999870241 76.335807800
0.999949515 -0.004730131 -0.008855524 1.255888700 0.004850484 0.999895513 0.013618933 -2.010164022 0.008790178 -0.013661202 0.999868035 76.863616943
0.999942303 -0.005948463 -0.008937689 1.266242385 0.006068226 0.999891341 0.013433062 -2.015155315 0.008856812 -0.013486523 0.999869823 77.416015625
0.999952734 -0.005711001 -0.007856352 1.274004102 0.005813810 0.999897003 0.013126099 -2.021202564 0.007780578 -0.013171155 0.999882996 77.969825745
0.999965847 -0.005413519 -0.006233852 1.278491020 0.005496140 0.999896288 0.013313530 -2.033246994 0.006161133 -0.013347337 0.999891937 78.470642090
0.999978364 -0.005156340 -0.004071581 1.262709141 0.005210774 0.999895632 0.013473648 -2.047277927 0.004001682 -0.013494573 0.999900937 78.982460022
0.999989510 -0.004539780 -0.000496665 1.281601071 0.004546188 0.999894917 0.013768404 -2.068099022 0.000434106 -0.013770518 0.999905050 79.530014038
0.999982953 -0.005358248 0.002325380 1.377559304 0.005325236 0.999888062 0.013978023 -2.074732542 -0.002400017 -0.013965401 0.999899626 79.817970276
0.999970138 -0.005268641 0.005659840 1.392424226 0.005190101 0.999891281 0.013803080 -2.080646276 -0.005731949 -0.013773292 0.999888778 80.365707397
0.999930978 -0.004959516 0.010653927 1.410982490 0.004812173 0.999893010 0.013811460 -2.085763454 -0.010721285 -0.013759235 0.999847889 80.917640686
0.999849200 -0.004698387 0.016718116 1.440237761 0.004458307 0.999886811 0.014368885 -2.103442669 -0.016783733 -0.014292184 0.999756992 81.432929993
0.999749064 -0.005851006 0.021621387 1.481060147 0.005538384 0.999879599 0.014490604 -2.116556644 -0.021703573 -0.014367220 0.999661207 81.938690186
0.999614775 -0.005774148 0.027146377 1.508131981 0.005385395 0.999882221 0.014371992 -2.116579056 -0.027226167 -0.014220262 0.999528170 82.491722107
0.999366105 -0.005930493 0.035102129 1.534131050 0.005441009 0.999886811 0.014023713 -2.148379087 -0.035181329 -0.013823831 0.999285281 83.051536560
0.999058902 -0.006129210 0.042939089 1.579046488 0.005524689 0.999884129 0.014183142 -2.156646967 -0.043021042 -0.013932567 0.998977005 83.606513977
0.998742163 -0.006697122 0.049689062 1.622574329 0.006008233 0.999883890 0.014000436 -2.160518885 -0.049777057 -0.013684284 0.998666525 84.143959045
0.998258114 -0.006146099 0.058675736 1.681195021 0.005331067 0.999887228 0.014036880 -2.168799877 -0.058755394 -0.013699626 0.998178363 84.685432434
0.997574031 -0.006299948 0.069329262 1.703331947 0.005311132 0.999881566 0.014437735 -2.204843521 -0.069412023 -0.014034492 0.997489333 85.136207581
0.996981680 -0.007812669 0.077243358 1.775831699 0.006739269 0.999877214 0.014147267 -2.207227945 -0.077344403 -0.013584004 0.996911824 85.677406311
0.996301293 -0.007267715 0.085620850 1.837070942 0.006100989 0.999885023 0.013880462 -2.217020035 -0.085711896 -0.013306751 0.996231139 86.219047546
0.995369136 -0.007551537 0.095829204 1.907011509 0.006214862 0.999879301 0.014239336 -2.233567715 -0.095925152 -0.013577830 0.995295942 86.675399780
0.994334996 -0.007984794 0.105990574 2.013852119 0.006487208 0.999874294 0.014466678 -2.235827208 -0.106092766 -0.013697144 0.994261920 87.184516907
0.993504822 -0.012475740 0.113104276 2.111700058 0.010847755 0.999828696 0.014997728 -2.333358765 -0.113272011 -0.013673387 0.993469954 87.506965637
0.992206931 -0.012728672 0.123949639 2.203528404 0.010927275 0.999824703 0.015202326 -2.338869333 -0.124121428 -0.013729419 0.992172122 88.049858093
0.990527749 -0.011845638 0.136801749 2.284680367 0.009776071 0.999827504 0.015790220 -2.353033543 -0.136965200 -0.014303267 0.990472555 88.584587097
0.989043713 -0.013466567 0.147007316 2.387072563 0.011305884 0.999815643 0.015523504 -2.356430054 -0.147189260 -0.013691379 0.989013612 89.116340637
0.987455070 -0.013078308 0.157358065 2.495811462 0.010779727 0.999822497 0.015451968 -2.369543314 -0.157532245 -0.013561844 0.987420738 89.624076843
0.984978974 -0.010619001 0.172347367 2.418400764 0.007902419 0.999833524 0.016440731 -2.422789097 -0.172493294 -0.014831814 0.984898984 90.113624573
0.982808053 -0.011747606 0.184256196 2.547708511 0.008791783 0.999819338 0.016850708 -2.433999538 -0.184420899 -0.014941072 0.982733786 90.637214661
0.980718553 -0.011614226 0.195079818 2.670811653 0.008535115 0.999825418 0.016617056 -2.429471731 -0.195238739 -0.014631627 0.980646610 91.208358765
0.978055775 -0.012244799 0.207982913 2.809313774 0.008996297 0.999822378 0.016557828 -2.439453602 -0.208148718 -0.014323402 0.977992296 91.726699829
0.974548876 -0.009571792 0.223970756 2.724624634 0.005470480 0.999805927 0.018925171 -2.547847033 -0.224108413 -0.017218277 0.974412084 92.104965210
0.971886575 -0.010105954 0.235232726 2.868301392 0.005756774 0.999799609 0.019168248 -2.552213192 -0.235379338 -0.017275181 0.971750021 92.640144348
0.968901515 -0.010844430 0.247208536 3.032531738 0.006324091 0.999798059 0.019072231 -2.558386087 -0.247365415 -0.016915744 0.968774617 93.165328979
0.965294302 -0.010439409 0.260955691 3.190536499 0.005628645 0.999800265 0.019175760 -2.565840006 -0.261103779 -0.017041424 0.965160310 93.662338257
0.961780071 -0.011081706 0.273598641 3.385831833 0.006588656 0.999827981 0.017335476 -2.439969301 -0.273743659 -0.014870269 0.961687744 94.434638977
0.958426654 -0.011202622 0.285119116 3.561452866 0.006444403 0.999824047 0.017621279 -2.442497253 -0.285266310 -0.015051279 0.958330154 94.974266052
0.954083085 -0.011019206 0.299339294 3.744039536 0.006010172 0.999826133 0.017649157 -2.448422194 -0.299481720 -0.015039682 0.953983486 95.500625610
0.949674249 -0.011371381 0.313033015 3.949340820 0.006153263 0.999825180 0.017652446 -2.444866180 -0.313179046 -0.014837896 0.949578226 96.030570984
0.945937812 -0.011773820 0.324134469 4.123004913 0.006271629 0.999818027 0.018014463 -2.467149734 -0.324287623 -0.015007706 0.945839524 96.495338440
0.941354573 -0.011273995 0.337230444 4.340316772 0.005720408 0.999831259 0.017457373 -2.424291611 -0.337370425 -0.014504484 0.941260159 97.152954102
0.936109304 -0.011673261 0.351515532 4.553083420 0.005811947 0.999825954 0.017724998 -2.431854248 -0.351661295 -0.014549545 0.936014235 97.654441833
0.931427717 -0.011599730 0.363741428 4.771957397 0.005392342 0.999822140 0.018076269 -2.438446522 -0.363886416 -0.014875321 0.931324482 98.163444519
0.927144945 -0.012149451 0.374506116 4.995775223 0.005914368 0.999824166 0.017793674 -2.438046455 -0.374656498 -0.014282347 0.927053690 98.711944580
0.921406269 -0.012036287 0.388414204 5.227075577 0.005581704 0.999827027 0.017741855 -2.438510418 -0.388560504 -0.014179443 0.921314120 99.212120056
0.915923953 -0.012877898 0.401145011 5.463996887 0.006232704 0.999820948 0.017866135 -2.444422722 -0.401303291 -0.013863803 0.915840268 99.684204102
0.911045790 -0.013841308 0.412072957 5.718803406 0.007055579 0.999813378 0.017984122 -2.458555222 -0.412245065 -0.013476945 0.910973251 100.148735046
0.904517651 -0.013725926 0.426215202 5.959308624 0.006622820 0.999813437 0.018143198 -2.454397202 -0.426384687 -0.013588097 0.904439807 100.671142578
0.897187948 -0.012627032 0.441468358 6.167251587 0.005288656 0.999826729 0.017849354 -2.414764404 -0.441617250 -0.013679453 0.897099257 101.215759277
0.891199648 -0.013264475 0.453417212 6.438522339 0.005966990 0.999828756 0.017521217 -2.418872118 -0.453571975 -0.012909369 0.891126156 101.692527771
0.885527313 -0.014086984 0.464373648 6.705081940 0.006561679 0.999819756 0.017817326 -2.429482698 -0.464540988 -0.012730659 0.885460079 102.144561768
0.878409684 -0.014201847 0.477697313 6.984497070 0.006496173 0.999820828 0.017779047 -2.428852558 -0.477864206 -0.012514083 0.878344595 102.637367249
0.870745718 -0.013072960 0.491559684 7.219459534 0.005068191 0.999831975 0.017612631 -2.408203125 -0.491707355 -0.012844804 0.870665789 103.143989563
