1.000000000 0.000000000 0.000000000 0.000000000 0.000000000 1.000000000 0.000000000 0.000000000 0.000000000 0.000000000 1.000000000 0.000000000
1.000000000 0.000129979 0.000014303 -0.000029800 -0.000129978 1.000000000 -0.000035317 0.000449672 -0.000014307 0.000035316 1.000000000 0.000161914
1.000000000 0.000043211 0.000050297 -0.000727138 -0.000043213 1.000000000 0.000045754 -0.000568609 -0.000050295 -0.000045756 1.000000000 -0.000884032
1.000000000 -0.000088037 0.000093442 -0.000298945 0.000088041 1.000000000 -0.000039615 0.000549768 -0.000093439 0.000039623 1.000000000 0.000308931
1.000000000 -0.000150351 0.000038621 -0.000203682 0.000150353 1.000000000 -0.000044835 0.000153302 -0.000038614 0.000044841 1.000000000 -0.000595013
1.000000000 0.000028518 0.000138495 -0.001095506 -0.000028518 1.000000000 0.000002314 0.000513851 -0.000138495 -0.000002318 1.000000000 -0.000007679
1.000000000 -0.000091799 0.000097275 -0.000170322 0.000091799 1.000000000 -0.000005577 0.000222735 -0.000097275 0.000005586 1.000000000 -0.000059988
1.000000000 0.000030416 0.000069359 -0.000727595 -0.000030420 1.000000000 0.000053143 -0.000279432 -0.000069357 -0.000053146 1.000000000 -0.000669601
1.000000000 0.000035436 0.000039081 -0.000993339 -0.000035432 1.000000000 -0.000081668 0.000521493 -0.000039084 0.000081667 1.000000000 0.000021688
1.000000000 -0.000016025 0.000092781 -0.000459282 0.000016021 1.000000000 0.000043770 -0.000931706 -0.000092782 -0.000043769 1.000000000 -0.000295251
1.000000000 0.000100181 0.000105526 -0.001265877 -0.000100189 1.000000000 0.000071504 -0.000597254 -0.000105519 -0.000071514 1.000000000 -0.000247283
1.000000000 0.000035906 0.000098856 -0.001142794 -0.000035906 1.000000000 -0.000006188 -0.000057415 -0.000098856 0.000006184 1.000000000 -0.001292222
1.000000000 0.000122396 0.000081903 -0.001279075 -0.000122387 1.000000000 -0.000107522 -0.000089355 -0.000081917 0.000107512 1.000000000 -0.001458418
1.000000000 0.000038889 0.000080177 -0.001538445 -0.000038885 1.000000000 -0.000042013 0.001465750 -0.000080178 0.000042010 1.000000000 0.000591653
1.000000000 0.000017151 0.000092611 -0.002024288 -0.000017142 1.000000000 -0.000094921 0.001128994 -0.000092613 0.000094919 1.000000000 -0.000586926
1.000000000 0.000128976 0.000035402 -0.000406510 -0.000128972 1.000000000 -0.000112529 0.002281057 -0.000035417 0.000112525 1.000000000 0.001792591
1.000000000 0.000127508 0.000134055 -0.001086294 -0.000127488 1.000000000 -0.000151643 0.002207423 -0.000134075 0.000151626 1.000000000 0.002254194
1.000000000 0.000172674 0.000099205 -0.001258411 -0.000172661 1.000000000 -0.000127127 0.001211717 -0.000099227 0.000127110 1.000000000 0.000983872
0.999999940 0.000229166 0.000167622 -0.002078908 -0.000229149 0.999999940 -0.000105571 0.002325978 -0.000167647 0.000105533 1.000000000 0.002248542
0.999999940 0.000188851 0.000174948 -0.001871157 -0.000188827 1.000000000 -0.000134458 0.002243225 -0.000174973 0.000134425 1.000000000 0.002078364
1.000000000 0.000135262 0.000190099 -0.002171909 -0.000135243 1.000000000 -0.000100115 0.001837210 -0.000190112 0.000100090 1.000000000 0.002205231
0.999999940 0.000217766 0.000129484 -0.001958296 -0.000217756 1.000000000 -0.000076842 0.002212804 -0.000129501 0.000076813 1.000000000 0.001622325
1.000000000 0.000123612 0.000075590 -0.000659226 -0.000123601 1.000000000 -0.000145063 0.002295459 -0.000075607 0.000145054 1.000000000 0.002791751
1.000000000 0.000100100 0.000102742 -0.001551195 -0.000100086 1.000000000 -0.000126659 0.002836765 -0.000102755 0.000126649 1.000000000 0.003407944
0.999999940 0.000268998 0.000070082 -0.001556870 -0.000268992 0.999999940 -0.000095743 0.002521419 -0.000070108 0.000095724 1.000000000 0.003450355
0.999999940 0.000319787 0.000140989 -0.001896806 -0.000319782 0.999999940 -0.000038859 0.001389865 -0.000141002 0.000038814 1.000000000 0.001542040
1.000000000 0.000117297 0.000148508 -0.000959905 -0.000117290 1.000000000 -0.000053028 0.002586007 -0.000148514 0.000053010 1.000000000 0.003050951
1.000000000 0.000164321 0.000168323 -0.001736387 -0.000164317 1.000000000 -0.000026884 0.001380313 -0.000168327 0.000026857 1.000000000 0.002219403
1.000000000 0.000149607 0.000103561 -0.001670089 -0.000149600 1.000000000 -0.000067962 0.002667181 -0.000103571 0.000067947 1.000000000 0.002637763
1.000000000 0.000152040 0.000165415 -0.002128445 -0.000152023 1.000000000 -0.000099040 0.002483389 -0.000165430 0.000099015 1.000000000 0.002835735
0.999999940 0.000140787 0.000206530 -0.001363973 -0.000140784 1.000000000 -0.000011261 0.001341474 -0.000206531 0.000011232 1.000000000 0.002619404
0.999999940 0.000114619 0.000222231 -0.001404990 -0.000114597 1.000000000 -0.000100186 0.003356541 -0.000222243 0.000100160 1.000000000 0.003956979
1.000000000 0.000160556 0.000075699 -0.000344433 -0.000160539 0.999999940 -0.000220623 0.003910744 -0.000075734 0.000220611 1.000000000 0.003761264
1.000000000 0.000160712 0.000163727 -0.001196540 -0.000160701 1.000000000 -0.000062908 0.001662716 -0.000163737 0.000062882 1.000000000 0.001950921
0.999999940 0.000266509 0.000228339 -0.002850726 -0.000266476 0.999999940 -0.000141849 0.002121384 -0.000228377 0.000141788 0.999999940 0.001667946
0.999999940 0.000273498 0.000222656 -0.001512390 -0.000273474 0.999999940 -0.000109529 0.001747871 -0.000222686 0.000109468 0.999999940 0.001566807
1.000000000 0.000058614 0.000151377 -0.001552276 -0.000058598 1.000000000 -0.000106441 0.002625827 -0.000151384 0.000106432 1.000000000 0.002288552
0.999999940 0.000236029 0.000149000 -0.001934570 -0.000236014 0.999999940 -0.000100550 0.002954422 -0.000149024 0.000100515 1.000000000 0.003046952
0.999999940 0.000303008 0.000227075 -0.001955739 -0.000302984 0.999999940 -0.000105290 0.002802918 -0.000227107 0.000105221 0.999999940 0.001827616
1.000000000 0.000181665 0.000112050 -0.000508361 -0.000181647 1.000000000 -0.000157004 0.003891069 -0.000112078 0.000156984 1.000000000 0.003000693
1.000000000 0.000083464 0.000089174 0.000264260 -0.000083451 1.000000000 -0.000141752 0.001540271 -0.000089186 0.000141744 1.000000000 0.003246133
0.999999821 0.000633991 0.000001305 0.000291578 -0.000633990 0.999999523 -0.000696767 -0.001223314 -0.000001747 0.000696766 0.999999762 0.051427722
0.999999881 0.000541548 -0.000109557 0.002599137 -0.000541693 0.999998987 -0.001327140 -0.001309721 0.000108838 0.001327199 0.999999166 0.142538831
0.999999940 0.000329317 -0.000126125 0.004806499 -0.000329502 0.999998868 -0.001470286 -0.005797561 0.000125641 0.001470327 0.999998927 0.255807817
0.999999881 0.000556016 -0.000124944 0.008364077 -0.000556180 0.999998987 -0.001317403 -0.010007151 0.000124212 0.001317472 0.999999166 0.389648110
0.999999762 0.000551061 0.000438519 0.006440049 -0.000550686 0.999999404 -0.000855390 -0.017913891 -0.000438990 0.000855148 0.999999523 0.526583731
0.999999821 0.000464144 0.000486890 0.010553848 -0.000463850 0.999999702 -0.000602043 -0.022930374 -0.000487169 0.000601817 0.999999642 0.680271029
0.999999821 0.000279653 0.000549593 0.016048394 -0.000279436 0.999999940 -0.000395342 -0.028215084 -0.000549704 0.000395188 0.999999821 0.839643657
0.999999642 0.000580953 0.000612489 0.014722806 -0.000580693 0.999999762 -0.000424068 -0.029666761 -0.000612735 0.000423712 0.999999702 1.012238026
0.999999821 0.000245995 0.000475433 0.019495994 -0.000245819 0.999999881 -0.000368782 -0.033897821 -0.000475523 0.000368666 0.999999821 1.191016078
0.999999702 0.000553218 0.000562471 0.023236427 -0.000553250 0.999999821 0.000057104 -0.042767372 -0.000562439 -0.000057415 0.999999762 1.373165607
0.999999642 0.000735907 0.000428408 0.026206343 -0.000735882 0.999999642 -0.000058631 -0.044515267 -0.000428451 0.000058316 0.999999881 1.564653635
0.999999702 0.000359084 0.000659828 0.029002562 -0.000359185 0.999999881 0.000152846 -0.051953904 -0.000659773 -0.000153083 0.999999762 1.766342402
0.999999344 0.000890293 0.000693221 0.029860267 -0.000890619 0.999999404 0.000470094 -0.061106011 -0.000692802 -0.000470711 0.999999642 1.963207364
0.999999881 -0.000016119 0.000666375 0.036455851 0.000015714 0.999999821 0.000609138 -0.069596052 -0.000666385 -0.000609127 0.999999583 2.178838015
0.999999762 0.000188794 0.000687169 0.039981473 -0.000189407 0.999999523 0.000893303 -0.074821427 -0.000687000 -0.000893433 0.999999285 2.400039911
0.999999523 0.000643385 0.000771389 0.044439886 -0.000643912 0.999999583 0.000684140 -0.079820424 -0.000770948 -0.000684636 0.999999404 2.623438120
0.999999642 0.000512900 0.000829341 0.052324243 -0.000513586 0.999999523 0.000826769 -0.087936126 -0.000828917 -0.000827195 0.999999225 2.856386900
0.999999404 0.000608016 0.000889678 0.055798002 -0.000608707 0.999999523 0.000777187 -0.092136040 -0.000889205 -0.000777728 0.999999285 3.097250938
0.999999523 0.000524226 0.000790712 0.060873993 -0.000524897 0.999999523 0.000848052 -0.100670144 -0.000790267 -0.000848467 0.999999285 3.337975740
0.999999523 0.000391352 0.000862141 0.064415716 -0.000392022 0.999999642 0.000776858 -0.107920878 -0.000861837 -0.000777196 0.999999344 3.588497639
0.999999583 0.000516507 0.000730802 0.070713706 -0.000516984 0.999999702 0.000651948 -0.113715611 -0.000730465 -0.000652326 0.999999523 3.844281912
0.999999225 0.000713514 0.001031515 0.071586952 -0.000714452 0.999999464 0.000909870 -0.122636124 -0.001030865 -0.000910606 0.999999046 4.108289719
0.999998271 0.001307119 0.001312659 0.076915950 -0.001308058 0.999998927 0.000714887 -0.125674412 -0.001311723 -0.000716603 0.999998868 4.366801262
0.999998987 0.000852850 0.001158666 0.081486143 -0.000854001 0.999999166 0.000993128 -0.136538282 -0.001157818 -0.000994116 0.999998868 4.626413345
0.999998689 0.001030450 0.001176705 0.089737475 -0.001031906 0.999998689 0.001236972 -0.142085239 -0.001175429 -0.001238185 0.999998569 4.881612301
0.999997675 0.001660683 0.001322530 0.093858816 -0.001662475 0.999997675 0.001354990 -0.149183437 -0.001320277 -0.001357186 0.999998271 5.142953396
0.999998808 0.000866025 0.001297035 0.100855753 -0.000867515 0.999998987 0.001148344 -0.157156751 -0.001296039 -0.001149468 0.999998510 5.405993938
0.999998808 0.000924408 0.001339831 0.102495529 -0.000926114 0.999998748 0.001273562 -0.169265822 -0.001338652 -0.001274801 0.999998212 5.672138691
0.999998629 0.000968982 0.001345461 0.104662955 -0.000970690 0.999998689 0.001269277 -0.171657622 -0.001344230 -0.001270581 0.999998212 5.947885036
0.999997735 0.001508550 0.001506224 0.110254884 -0.001510361 0.999998152 0.001202252 -0.181169480 -0.001504407 -0.001204525 0.999998093 6.229765892
0.999998152 0.001391203 0.001357402 0.124121569 -0.001392344 0.999998689 0.000839779 -0.181157902 -0.001356232 -0.000841667 0.999998689 6.521904469
0.999998331 0.001245808 0.001317223 0.132418752 -0.001247647 0.999998391 0.001396302 -0.197327346 -0.001315481 -0.001397943 0.999998152 6.811519146
0.999998510 0.001272704 0.001272699 0.139827788 -0.001274289 0.999998391 0.001244910 -0.204039946 -0.001271113 -0.001246530 0.999998331 7.109441757
0.999998808 0.001197703 0.001027477 0.144242853 -0.001199251 0.999998093 0.001507734 -0.218098104 -0.001025670 -0.001508964 0.999998331 7.403385639
0.999997914 0.001126404 0.001683090 0.145398557 -0.001129165 0.999998033 0.001640483 -0.233541161 -0.001681239 -0.001642380 0.999997258 7.720167160
0.999997437 0.001263196 0.001873846 0.154057965 -0.001266168 0.999997973 0.001585740 -0.238952711 -0.001871838 -0.001588109 0.999997020 8.041957855
0.999996662 0.001530646 0.002084823 0.155691296 -0.001534340 0.999997199 0.001771493 -0.248731315 -0.002082106 -0.001774686 0.999996245 8.360103607
0.999997497 0.001426017 0.001715238 0.166387171 -0.001428305 0.999998093 0.001333495 -0.254198849 -0.001713333 -0.001335941 0.999997616 8.687071800
0.999997020 0.001614678 0.001814822 0.174730167 -0.001617006 0.999997854 0.001282073 -0.263028949 -0.001812748 -0.001285004 0.999997497 9.021924973
0.999996960 0.001768020 0.001713089 0.179970786 -0.001771171 0.999996662 0.001839336 -0.280767322 -0.001709831 -0.001842364 0.999996781 9.347309113
0.999996245 0.002000854 0.001837224 0.184507862 -0.002003944 0.999996543 0.001681470 -0.289145499 -0.001833853 -0.001685145 0.999996841 9.687767029
0.999996364 0.001880990 0.001970591 0.194316715 -0.001884969 0.999996185 0.002019373 -0.298394293 -0.001966785 -0.002023080 0.999996006 10.039173126
0.999996662 0.001909601 0.001718351 0.207063138 -0.001912284 0.999996960 0.001560931 -0.307605386 -0.001715365 -0.001564212 0.999997318 10.404586792
0.999997079 0.001910436 0.001462200 0.219742239 -0.001912950 0.999996603 0.001720270 -0.318743587 -0.001458908 -0.001723062 0.999997377 10.767499924
0.999997616 0.001805030 0.001205068 0.225971177 -0.001807056 0.999996901 0.001681630 -0.328047216 -0.001202029 -0.001683803 0.999997795 11.135240555
0.999997437 0.001617963 0.001556187 0.237059131 -0.001620667 0.999997199 0.001738071 -0.336907387 -0.001553370 -0.001740589 0.999997258 11.513456345
0.999996305 0.002059604 0.001724110 0.240935326 -0.002062435 0.999996543 0.001642210 -0.345416039 -0.001720722 -0.001645760 0.999997079 11.891529083
0.999996006 0.001823300 0.002141755 0.246732563 -0.001827856 0.999996066 0.002127233 -0.361326545 -0.002137868 -0.002131140 0.999995470 12.275930405
0.999995887 0.001609945 0.002383760 0.259141862 -0.001615786 0.999995708 0.002450234 -0.377069682 -0.002379805 -0.002454076 0.999994218 12.658386230
0.999993682 0.002382013 0.002623991 0.259665281 -0.002388431 0.999994099 0.002445588 -0.384993702 -0.002618150 -0.002451840 0.999993563 13.058776855
0.999993980 0.002285055 0.002602314 0.268144011 -0.002290959 0.999994755 0.002268227 -0.397498935 -0.002597117 -0.002274175 0.999994040 13.449593544
0.999993324 0.002190297 0.002971365 0.276422918 -0.002196681 0.999995291 0.002146497 -0.406483442 -0.002966650 -0.002153010 0.999993265 13.860395432
0.999992311 0.002306186 0.003165033 0.286788911 -0.002313623 0.999994576 0.002347736 -0.417383373 -0.003159603 -0.002355041 0.999992251 14.277029037
0.999989629 0.002635069 0.003713844 0.292818874 -0.002643585 0.999993801 0.002290042 -0.430267274 -0.003707787 -0.002299836 0.999990463 14.696036339
0.999988437 0.003044362 0.003705998 0.305617869 -0.003053166 0.999992549 0.002372292 -0.441840380 -0.003698749 -0.002383580 0.999990284 15.127454758
0.999987066 0.003068936 0.004084017 0.317846358 -0.003078318 0.999992609 0.002292858 -0.453961521 -0.004076951 -0.002305399 0.999989033 15.560527802
0.999980867 0.003652740 0.004991588 0.321184963 -0.003664994 0.999990284 0.002447968 -0.467621326 -0.004982600 -0.002466216 0.999984503 15.988117218
0.999978781 0.003937270 0.005186482 0.331886381 -0.003950485 0.999988973 0.002540074 -0.480141103 -0.005176424 -0.002560508 0.999983311 16.428993225
0.999976575 0.004126695 0.005474875 0.341771871 -0.004139125 0.999988914 0.002261039 -0.489751488 -0.005465484 -0.002283646 0.999982476 16.878101349
0.999973536 0.004199899 0.005936506 0.347556591 -0.004215819 0.999987543 0.002671810 -0.505745769 -0.005925211 -0.002696767 0.999978721 17.337642670
0.999968827 0.004233503 0.006649800 0.360461354 -0.004254384 0.999986053 0.003129003 -0.522905111 -0.006636461 -0.003157197 0.999972939 17.798469543
0.999973059 0.003546586 0.006427863 0.379519165 -0.003565060 0.999989569 0.002864717 -0.530225873 -0.006417635 -0.002887556 0.999975264 18.277774811
0.999976635 0.002964753 0.006159853 0.399565965 -0.002983852 0.999990821 0.003093534 -0.536441743 -0.006150624 -0.003111842 0.999976277 18.757602692
0.999975204 0.003406423 0.006160019 0.413302302 -0.003422338 0.999990821 0.002574984 -0.542682469 -0.006151191 -0.002596002 0.999977708 19.245800018
0.999972641 0.003522357 0.006503155 0.425325990 -0.003544953 0.999987662 0.003466394 -0.579926431 -0.006490866 -0.003489353 0.999972820 19.712987900
0.999969125 0.003867375 0.006835446 0.436609745 -0.003886515 0.999988616 0.002788970 -0.572523534 -0.006824582 -0.002815450 0.999972761 20.221645355
0.999971509 0.004069585 0.006356617 0.453892648 -0.004095929 0.999983072 0.004136809 -0.619437695 -0.006339674 -0.004162727 0.999971211 20.682140350
0.999974549 0.004250955 0.005728985 0.470172346 -0.004274566 0.999982476 0.004115380 -0.631170988 -0.005711390 -0.004139765 0.999975085 21.175388336
0.999975443 0.004434623 0.005427334 0.474047929 -0.004455579 0.999982655 0.003855244 -0.640341282 -0.005410143 -0.003879331 0.999977827 21.707967758
0.999983072 0.003910407 0.004317575 0.502592087 -0.003927003 0.999984920 0.003842086 -0.649278641 -0.004302486 -0.003858976 0.999983311 22.202219009
0.999979436 0.004314488 0.004750171 0.495918095 -0.004331931 0.999983907 0.003668047 -0.668247461 -0.004734267 -0.003688549 0.999981940 22.730875015
0.999987721 0.003627951 0.003368493 0.520246029 -0.003641104 0.999985695 0.003906948 -0.680688202 -0.003354270 -0.003919165 0.999986708 23.246868134
0.999982297 0.004549652 0.003865836 0.519850075 -0.004563937 0.999982715 0.003694095 -0.701723218 -0.003848963 -0.003711672 0.999985695 23.782894135
0.999984503 0.004544669 0.003241225 0.521163464 -0.004553464 0.999985993 0.002711454 -0.699777663 -0.003228857 -0.002726171 0.999991059 24.298070908
0.999986827 0.004373515 0.002686038 0.540198982 -0.004384143 0.999982536 0.003963686 -0.738557458 -0.002668656 -0.003975409 0.999988556 24.838134766
0.999985516 0.004870082 0.002296927 0.550320923 -0.004879304 0.999979913 0.004026181 -0.748713970 -0.002277273 -0.004037329 0.999989271 25.379283905
0.999983907 0.005278053 0.002053124 0.559215367 -0.005286083 0.999978304 0.003925825 -0.763799191 -0.002032359 -0.003936615 0.999990165 25.916776657
0.999985933 0.005003589 0.001714826 0.573206663 -0.005009587 0.999981284 0.003512103 -0.774117827 -0.001697221 -0.003520644 0.999992371 26.473867416
0.999985814 0.005060469 0.001670549 0.579227269 -0.005067342 0.999978602 0.004136054 -0.787373424 -0.001649583 -0.004144460 0.999990046 27.027303696
0.999985039 0.005310606 0.001303619 0.586969137 -0.005316318 0.999976039 0.004418440 -0.809307575 -0.001280124 -0.004425304 0.999989331 27.568588257
0.999982536 0.005785409 0.001144799 0.591925919 -0.005789920 0.999975324 0.003977251 -0.821542621 -0.001121761 -0.003983810 0.999991417 28.125082016
0.999981463 0.006024200 0.000820945 0.605585098 -0.006027648 0.999972701 0.004263797 -0.832385898 -0.000795237 -0.004268666 0.999990582 28.669858932
0.999982178 0.005965445 0.000328866 0.624729276 -0.005966680 0.999974608 0.003890354 -0.844964147 -0.000305650 -0.003892247 0.999992371 29.223707199
0.999984205 0.005617682 -0.000056185 0.631019235 -0.005617424 0.999976814 0.003843652 -0.855426908 0.000077776 -0.003843276 0.999992609 29.766595840
0.999980688 0.006232008 -0.000018849 0.635732412 -0.006231884 0.999972582 0.003980333 -0.867196918 0.000043654 -0.003980138 0.999992073 30.312862396
0.999981284 0.006083732 -0.000582150 0.649678290 -0.006081535 0.999974608 0.003704229 -0.879968107 0.000604670 -0.003700619 0.999992967 30.860958099
0.999984026 0.005522560 -0.001184472 0.670034230 -0.005517558 0.999975979 0.004185966 -0.897528291 0.001207561 -0.004179363 0.999990523 31.404867172
0.999976873 0.006660861 -0.001369132 0.675887883 -0.006655376 0.999970019 0.003971710 -0.907095015 0.001395546 -0.003962506 0.999991119 31.958242416
0.999982715 0.005453142 -0.002183295 0.691822767 -0.005443892 0.999976277 0.004220683 -0.928030431 0.002206259 -0.004208725 0.999988735 32.496692657
0.999981821 0.005363644 -0.002755597 0.698769629 -0.005350675 0.999974668 0.004692301 -0.942770839 0.002780695 -0.004677472 0.999985278 33.045387268
0.999981046 0.005514653 -0.002723787 0.708499551 -0.005503044 0.999975801 0.004251470 -0.954816401 0.002747165 -0.004236401 0.999987245 33.597610474
0.999979496 0.005916894 -0.002439316 0.714163065 -0.005906485 0.999973476 0.004252003 -0.966134965 0.002464410 -0.004237508 0.999987900 34.147151947
0.999971569 0.006973865 -0.002878381 0.720137835 -0.006961302 0.999966264 0.004351780 -0.981278658 0.002908633 -0.004331618 0.999986351 34.688518524
0.999977946 0.005896559 -0.003034329 0.731286108 -0.005883257 0.999973059 0.004374287 -0.999135017 0.003060041 -0.004356338 0.999985814 35.213813782
0.999979913 0.005261066 -0.003505283 0.741808653 -0.005244424 0.999975026 0.004740501 -1.007646203 0.003530135 -0.004722023 0.999982655 35.764625549
0.999981761 0.004590787 -0.003894985 0.763710260 -0.004571607 0.999977410 0.004918697 -1.034081340 0.003917479 -0.004900802 0.999980271 36.286544800
0.999981582 0.004765709 -0.003764468 0.762051642 -0.004748529 0.999978244 0.004559718 -1.048482418 0.003786115 -0.004541758 0.999982536 36.826805115
0.999977708 0.005178597 -0.004213442 0.773577571 -0.005160567 0.999977529 0.004279131 -1.047716379 0.004235508 -0.004257291 0.999981999 37.383621216
0.999976695 0.005258739 -0.004358332 0.781113446 -0.005241361 0.999978304 0.003989522 -1.071023107 0.004379217 -0.003966585 0.999982536 37.917873383
0.999978900 0.004170344 -0.004984807 0.794128716 -0.004149689 0.999982774 0.004146776 -1.086098909 0.005002014 -0.004126003 0.999979019 38.460964203
0.999973774 0.004966787 -0.005266896 0.802475810 -0.004948818 0.999981821 0.003419260 -1.088046074 0.005283784 -0.003393106 0.999980271 39.019077301
0.999973655 0.005444777 -0.004804832 0.809577703 -0.005428355 0.999979377 0.003424081 -1.101804495 0.004823376 -0.003397908 0.999982595 39.504062653
0.999972522 0.005488166 -0.004970429 0.820019245 -0.005472581 0.999980092 0.003143628 -1.106930852 0.004987583 -0.003116340 0.999982715 40.060337067
0.999972463 0.005144523 -0.005337649 0.834151030 -0.005127291 0.999981582 0.003237035 -1.125356078 0.005354204 -0.003209578 0.999980509 40.600811005
0.999971569 0.005321110 -0.005347429 0.840078115 -0.005305078 0.999981403 0.003007684 -1.136769414 0.005363333 -0.002979230 0.999981165 41.141483307
0.999971032 0.005562608 -0.005215936 0.847196877 -0.005543997 0.999978244 0.003575955 -1.151447296 0.005235714 -0.003546934 0.999979973 41.676940918
0.999967754 0.006704182 -0.004415289 0.845039845 -0.006691079 0.999973178 0.002975747 -1.162833691 0.004435122 -0.002946108 0.999985814 42.189723969
0.999969721 0.004679203 -0.006223727 0.889271379 -0.004657923 0.999983251 0.003429172 -1.182208538 0.006239668 -0.003400078 0.999974728 42.779426575
0.999968648 0.006695013 -0.004230792 0.854462683 -0.006682618 0.999973357 0.002937351 -1.191827893 0.004250345 -0.002908986 0.999986768 43.278717041
0.999971330 0.005633791 -0.005060755 0.868158698 -0.005616643 0.999978483 0.003396270 -1.210156083 0.005079779 -0.003367748 0.999981403 43.793735504
0.999970019 0.005399409 -0.005539751 0.878268480 -0.005380666 0.999979734 0.003392708 -1.224951506 0.005557958 -0.003362798 0.999978900 44.330329895
0.999971509 0.005389078 -0.005289408 0.884160995 -0.005371802 0.999980211 0.003274948 -1.232690930 0.005306953 -0.003246441 0.999980628 44.874629974
0.999971628 0.005592700 -0.005041218 0.889185548 -0.005576656 0.999979317 0.003191249 -1.247125030 0.005058962 -0.003163046 0.999982178 45.423301697
0.999972105 0.006189026 -0.004182958 0.889356017 -0.006178215 0.999977589 0.002592917 -1.256792665 0.004198913 -0.002567002 0.999987900 45.969264984
0.999973059 0.005430519 -0.004944357 0.903724790 -0.005415291 0.999980569 0.003087985 -1.276831388 0.004961030 -0.003061126 0.999983013 46.505813599
0.999968052 0.005221555 -0.006050195 0.921032488 -0.005200648 0.999980509 0.003466326 -1.287878871 0.006068176 -0.003434751 0.999975741 47.051044464
0.999971092 0.005364317 -0.005387322 0.922594130 -0.005344332 0.999978781 0.003717097 -1.306699157 0.005407148 -0.003688198 0.999978602 47.603416443
0.999972820 0.005430878 -0.004984665 0.934807301 -0.005413446 0.999979138 0.003503985 -1.318528652 0.005003591 -0.003476906 0.999981403 48.151855469
0.999973476 0.004899019 -0.005376135 0.942913055 -0.004879502 0.999981463 0.003637329 -1.335067868 0.005393855 -0.003611000 0.999978960 48.679630280
0.999972939 0.005212152 -0.005180581 0.949069202 -0.005193060 0.999979675 0.003692136 -1.348603129 0.005199720 -0.003665134 0.999979794 49.231178284
0.999970853 0.006602265 -0.003837512 0.937508523 -0.006590009 0.999973178 0.003197860 -1.351286650 0.003858521 -0.003172478 0.999987543 49.768791199
0.999969304 0.006713138 -0.004042316 0.944624364 -0.006700386 0.999972701 0.003159986 -1.362153172 0.004063419 -0.003132805 0.999986827 50.301738739
0.999967396 0.007047034 -0.003923602 0.951116681 -0.007033943 0.999969721 0.003340501 -1.378972292 0.003947024 -0.003312794 0.999986708 50.835166931
0.999966681 0.007179475 -0.003890888 0.965282619 -0.007167715 0.999969721 0.003028133 -1.393427610 0.003912510 -0.003000144 0.999987841 51.401924133
0.999969602 0.005775989 -0.005238340 0.984729767 -0.005759029 0.999978125 0.003247038 -1.410622954 0.005256981 -0.003216771 0.999980927 51.952022552
0.999962330 0.007696583 -0.003999898 0.988859057 -0.007685157 0.999966383 0.002864194 -1.416206479 0.004021808 -0.002833346 0.999987841 52.490169525
0.999963164 0.007580697 -0.004029997 1.003044844 -0.007568474 0.999966741 0.003039764 -1.423697948 0.004052905 -0.003009151 0.999987245 53.039581299
0.999961376 0.007851814 -0.003931850 1.016815543 -0.007840632 0.999965131 0.002851104 -1.434624195 0.003954100 -0.002820166 0.999988198 53.582748413
0.999957442 0.008392088 -0.003838249 1.027815580 -0.008382318 0.999961615 0.002554541 -1.447293401 0.003859540 -0.002522258 0.999989390 54.125629425
0.999957204 0.008590433 -0.003409920 1.035094261 -0.008582414 0.999960363 0.002359692 -1.457360268 0.003430055 -0.002330326 0.999991357 54.664016724
0.999955893 0.008597274 -0.003773944 1.044649363 -0.008589264 0.999960840 0.002133837 -1.469848752 0.003792142 -0.002101327 0.999990523 55.215141296
0.999957919 0.008383764 -0.003708312 1.070824265 -0.008374822 0.999962091 0.002420430 -1.481032610 0.003728462 -0.002389272 0.999990165 55.749893188
0.999956131 0.008572831 -0.003779870 1.081871748 -0.008564031 0.999960601 0.002338227 -1.494638562 0.003799767 -0.002305754 0.999990106 56.296794891
0.999955237 0.008750957 -0.003590006 1.098426104 -0.008742761 0.999959111 0.002292033 -1.505210161 0.003609917 -0.002260544 0.999990940 56.845172882
0.999955058 0.008905216 -0.003247313 1.110440016 -0.008899234 0.999958694 0.001851708 -1.518347025 0.003263670 -0.001822726 0.999993026 57.377536774
0.999956489 0.008651777 -0.003482339 1.120930433 -0.008646110 0.999961317 0.001638930 -1.533010364 0.003496384 -0.001608750 0.999992609 57.928001404
0.999954998 0.008938254 -0.003171258 1.136883736 -0.008931081 0.999957561 0.002269650 -1.551309586 0.003191410 -0.002241225 0.999992371 58.462623596
0.999953568 0.008966594 -0.003532487 1.143351793 -0.008957874 0.999956846 0.002476573 -1.565077901 0.003554541 -0.002444814 0.999990702 59.003940582
0.999949813 0.009588616 -0.002882200 1.148973703 -0.009582893 0.999952197 0.001992140 -1.586574912 0.002901162 -0.001964420 0.999993861 59.547702789
0.999948084 0.009838535 -0.002649800 1.158791184 -0.009833756 0.999949992 0.001810280 -1.599387884 0.002667479 -0.001784129 0.999994874 60.087841034
0.999942720 0.010399414 -0.002542953 1.164664149 -0.010394223 0.999943852 0.002046220 -1.611043215 0.002564091 -0.002019671 0.999994755 60.643314362
0.999936759 0.010978675 -0.002432764 1.179964423 -0.010973873 0.999937832 0.001979409 -1.629013062 0.002454343 -0.001952586 0.999995053 61.204738617
0.999935567 0.011113376 -0.002299466 1.193295479 -0.011108494 0.999936044 0.002125267 -1.643754005 0.002322937 -0.002099586 0.999995053 61.762302399
0.999936640 0.011023018 -0.002290837 1.201123834 -0.011019557 0.999938190 0.001517762 -1.655310273 0.002307425 -0.001492422 0.999996185 62.307849884
0.999930620 0.011623390 -0.001922102 1.205543160 -0.011620065 0.999930918 0.001731663 -1.674439430 0.001942098 -0.001709208 0.999996662 62.861225128
0.999928296 0.011839056 -0.001782754 1.217719555 -0.011835528 0.999927998 0.001977701 -1.693564415 0.001806040 -0.001956459 0.999996483 63.417297363
0.999928534 0.011816833 -0.001788769 1.226776838 -0.011814157 0.999929070 0.001498662 -1.706012249 0.001806350 -0.001477423 0.999997258 63.964546204
0.999920666 0.012525727 -0.001316400 1.229591608 -0.012523700 0.999920487 0.001535280 -1.720559239 0.001335525 -0.001518672 0.999997914 64.499031067
0.999922276 0.012399636 -0.001252931 1.238088727 -0.012397842 0.999922097 0.001428210 -1.731327534 0.001270542 -0.001412565 0.999998212 65.038406372
0.999925971 0.012101264 -0.001254284 1.250916600 -0.012099602 0.999925852 0.001322582 -1.747886658 0.001270196 -0.001307308 0.999998331 65.577720642
0.999926567 0.012045291 -0.001312453 1.261058569 -0.012043643 0.999926805 0.001257119 -1.760006189 0.001327500 -0.001241220 0.999998331 66.112655640
0.999919832 0.012626825 -0.000883561 1.265169621 -0.012625893 0.999919653 0.001053401 -1.773612261 0.000896791 -0.001042160 0.999999046 66.656303406
0.999915659 0.012973402 -0.000626304 1.274971843 -0.012972771 0.999915361 0.001001262 -1.791946292 0.000639240 -0.000993052 0.999999285 67.176635742
0.999919474 0.012663353 -0.000958399 1.291112900 -0.012662383 0.999919295 0.001014047 -1.805351377 0.000971163 -0.001001829 0.999999046 67.715545654
0.999922037 0.012457357 -0.000780838 1.298127174 -0.012456687 0.999922037 0.000858301 -1.822888613 0.000791470 -0.000848508 0.999999344 68.233207703
0.999917150 0.012861872 -0.000535485 1.302517772 -0.012861728 0.999917269 0.000273725 -1.831357598 0.000538962 -0.000266815 0.999999762 68.768226624
0.999911129 0.013326308 -0.000307868 1.308044910 -0.013326045 0.999910831 0.000839738 -1.848139524 0.000319030 -0.000835561 0.999999523 69.290351868
0.999898970 0.014206728 0.000328204 1.317215681 -0.014206942 0.999898791 0.000662804 -1.865003109 -0.000318755 -0.000667399 0.999999702 69.837776184
0.999910772 0.013357940 -0.000189544 1.329920292 -0.013357752 0.999910355 0.000953158 -1.884686947 0.000202259 -0.000950541 0.999999523 70.340881348
0.999913573 0.013148278 -0.000066308 1.339263320 -0.013148245 0.999913573 0.000452074 -1.893505812 0.000072246 -0.000451163 0.999999881 70.886978149
0.999914765 0.013051586 0.000023258 1.345880389 -0.013051594 0.999914646 0.000556423 -1.908094287 -0.000015993 -0.000556679 0.999999821 71.405471802
0.999921501 0.012530933 -0.000026530 1.355623126 -0.012530914 0.999921262 0.000636980 -1.926788330 0.000034511 -0.000636598 0.999999821 71.931091309
0.999907792 0.013577896 0.000255872 1.361036420 -0.013578006 0.999907732 0.000433651 -1.939148068 -0.000249959 -0.000437085 0.999999881 72.465950012
0.999915361 0.013007782 0.000030426 1.373880744 -0.013007793 0.999915302 0.000471684 -1.955425262 -0.000024287 -0.000472040 0.999999881 72.995597839
0.999911487 0.013302729 -0.000172004 1.384880900 -0.013302610 0.999911249 0.000681794 -1.971194625 0.000181058 -0.000679446 0.999999762 73.528549194
0.999910295 0.013391856 0.000295003 1.396819115 -0.013391962 0.999910176 0.000349162 -1.987209082 -0.000290300 -0.000353082 0.999999881 74.054725647
0.999898493 0.014229607 0.000598667 1.402983665 -0.014229982 0.999898553 0.000625459 -1.998945355 -0.000589706 -0.000633915 0.999999642 74.596839905
0.999904513 0.013815153 0.000231850 1.416737318 -0.013815220 0.999904513 0.000288303 -2.013512850 -0.000227845 -0.000291479 0.999999940 75.136985779
0.999903142 0.013880004 0.000944816 1.423183680 -0.013879855 0.999903619 -0.000164667 -2.027287245 -0.000947011 0.000151537 0.999999523 75.670402527
0.999895632 0.014412951 0.000961094 1.433064461 -0.014413064 0.999896109 0.000110292 -2.050347090 -0.000959404 -0.000124133 0.999999523 76.185356140
0.999901593 0.014012144 0.000680134 1.443653107 -0.014012139 0.999901772 -0.000011803 -2.063038826 -0.000680233 0.000002272 0.999999702 76.713897705
0.999902606 0.013935444 0.000737405 1.455237269 -0.013935188 0.999902844 -0.000348810 -2.077587366 -0.000742195 0.000338500 0.999999642 77.256225586
0.999907792 0.013581111 0.000063395 1.466544271 -0.013581122 0.999907732 0.000172699 -2.088647127 -0.000061044 -0.000173544 1.000000000 77.734268188
0.999910414 0.013380456 0.000203636 1.477494478 -0.013380463 0.999910474 0.000040372 -2.106099606 -0.000203078 -0.000043093 0.999999940 78.243965149
0.999902606 0.013953771 0.000348962 1.482290983 -0.013953831 0.999902606 0.000168276 -2.120985746 -0.000346580 -0.000173129 0.999999940 78.764915466
0.999907851 0.013572963 -0.000092433 1.496123910 -0.013572976 0.999907851 -0.000142470 -2.135125637 0.000090491 0.000143712 0.999999940 79.289695740
0.999913692 0.013136690 -0.000134524 1.508038282 -0.013136744 0.999913573 -0.000408538 -2.152347565 0.000129145 0.000410270 0.999999881 79.812728882
0.999909222 0.013437863 0.000992070 1.510529399 -0.013437532 0.999909639 -0.000339491 -2.165004253 -0.000996543 0.000326129 0.999999464 80.350044250
0.999907613 0.013349459 0.002566912 1.521994233 -0.013348395 0.999910772 -0.000431199 -2.180319071 -0.002572439 0.000396896 0.999996603 80.866744995
0.999904037 0.013418062 0.003440728 1.533840537 -0.013417292 0.999909937 -0.000245993 -2.202864408 -0.003443719 0.000199804 0.999994040 81.390739441
0.999892652 0.013792331 0.004942317 1.540920854 -0.013792899 0.999904811 0.000080846 -2.218959093 -0.004940731 -0.000149006 0.999987781 81.937225342
0.999873996 0.013835792 0.007775725 1.558758974 -0.013836203 0.999904275 -0.000001109 -2.247612000 -0.007774996 -0.000106478 0.999969780 82.467712402
0.999838889 0.013737353 0.011555059 1.578211784 -0.013731858 0.999905586 -0.000554749 -2.256126881 -0.011561588 0.000395987 0.999933064 83.012405396
0.999802530 0.013462424 0.014616044 1.595394492 -0.013450181 0.999909043 -0.000935652 -2.264399529 -0.014627312 0.000738878 0.999892771 83.561576843
0.999737680 0.013376162 0.018598821 1.617870808 -0.013364310 0.999910355 -0.000761321 -2.285372019 -0.018607339 0.000512561 0.999826729 84.101440430
0.999587655 0.014057975 0.025036033 1.643701673 -0.014049466 0.999901116 -0.000515707 -2.302072763 -0.025040807 0.000163752 0.999686420 84.635505676
0.999418020 0.014008267 0.031102367 1.671465755 -0.013988634 0.999901772 -0.000848768 -2.317440510 -0.031111196 0.000413194 0.999515772 85.181427002
0.999204218 0.014087126 0.037316248 1.703583956 -0.014061337 0.999900699 -0.000953465 -2.331635714 -0.037325978 0.000427990 0.999302983 85.728218079
0.998862863 0.014253671 0.045495328 1.742610455 -0.014229790 0.999898314 -0.000848766 -2.351698637 -0.045502812 0.000200413 0.998964190 86.275588989
0.998445749 0.014079262 0.053924348 1.787079573 -0.014027510 0.999900699 -0.001338095 -2.366176605 -0.053937834 0.000579591 0.998544157 86.817024231
0.998037636 0.014088767 0.061013330 1.834690332 -0.014028427 0.999900520 -0.001417276 -2.380758286 -0.061027240 0.000558574 0.998135924 87.369102478
0.997435689 0.013777563 0.070229106 1.886122227 -0.013699367 0.999904871 -0.001595002 -2.397326231 -0.070244394 0.000628818 0.997529566 87.915504456
0.996684849 0.013644506 0.080207147 1.957676411 -0.013552344 0.999906719 -0.001693316 -2.415314913 -0.080222785 0.000600707 0.996776760 88.450752258
0.995952070 0.013453645 0.088872828 2.020305157 -0.013338359 0.999909222 -0.001890980 -2.430858374 -0.088890195 0.000697908 0.996041179 89.012763977
0.995254576 0.013079243 0.096423656 2.084488392 -0.012929728 0.999913990 -0.002175314 -2.445302486 -0.096443839 0.000918260 0.995337963 89.559707642
0.994233489 0.012985201 0.106447957 2.169744492 -0.012816570 0.999915302 -0.002268146 -2.463682652 -0.106468394 0.000890769 0.994315684 90.094131470
0.993043423 0.013544804 0.116966993 2.257671356 -0.013346134 0.999907851 -0.002481602 -2.478695393 -0.116989829 0.000903282 0.993132710 90.633392334
0.991967916 0.012096279 0.125909641 2.337183952 -0.011842363 0.999926031 -0.002764994 -2.504936934 -0.125933766 0.001251717 0.992037833 91.160079956
0.990402758 0.012667087 0.137629852 2.439903259 -0.012493071 0.999919653 -0.002128155 -2.521966457 -0.137645751 0.000388311 0.990481436 91.679603577
0.988521516 0.012634182 0.150550917 2.519972801 -0.012382776 0.999919951 -0.002607303 -2.544534683 -0.150571808 0.000713137 0.988598824 92.266014099
0.986812472 0.012520464 0.161382675 2.630610466 -0.012337225 0.999921620 -0.002137502 -2.562952280 -0.161396787 0.000118299 0.986889660 92.805374146
0.984985471 0.012501407 0.172184616 2.729285240 -0.012240115 0.999921739 -0.002579192 -2.576393604 -0.172203377 0.000432906 0.985061347 93.348785400
0.982591093 0.012068560 0.185388982 2.856815338 -0.011926229 0.999927044 -0.001882934 -2.591391087 -0.185398191 -0.000360837 0.982663393 93.903343201
0.980269492 0.011965198 0.197302967 2.984669685 -0.011631059 0.999928176 -0.002852294 -2.614117622 -0.197322935 0.000501174 0.980338395 94.434539795
0.978065848 0.011640023 0.207970783 3.112087250 -0.011290236 0.999932170 -0.002868862 -2.632148027 -0.207990065 0.000457897 0.978130877 94.968078613
0.975258529 0.011867489 0.220749140 3.252096176 -0.011505228 0.999929547 -0.002926775 -2.650381327 -0.220768347 0.000314593 0.975326240 95.494033813
0.972170353 0.011615162 0.233987018 3.401729584 -0.011090209 0.999932110 -0.003559187 -2.662566900 -0.234012470 0.000865171 0.972233176 96.023818970
0.969489515 0.010736170 0.244897217 3.559446335 -0.010177312 0.999941945 -0.003547399 -2.679581881 -0.244921073 0.000946770 0.969542623 96.540992737
0.966334760 0.011089656 0.257048696 3.705219269 -0.010643357 0.999938428 -0.003127528 -2.710328579 -0.257067561 0.000286377 0.966393292 97.148864746
0.962613642 0.011689995 0.270625412 3.873628616 -0.011456438 0.999931335 -0.002442748 -2.731089354 -0.270635426 -0.000748981 0.962681532 97.661842346
0.958969772 0.011427920 0.283277929 4.050205231 -0.011109286 0.999934554 -0.002731252 -2.760719299 -0.283290595 -0.000527828 0.959033906 98.200599670
0.955600500 0.011059376 0.294457704 4.239467621 -0.010720895 0.999938726 -0.002763753 -2.775696754 -0.294470221 -0.000515806 0.955660462 98.721755981
0.951020420 0.011238522 0.308923513 4.416744232 -0.010943675 0.999936521 -0.002687226 -2.794363499 -0.308934063 -0.000825152 0.951083004 99.241973877
0.946412623 0.011049833 0.322771072 4.625110626 -0.010481094 0.999938965 -0.003500065 -2.804481745 -0.322790086 -0.000070489 0.946470618 99.768669128
0.942382634 0.010578222 0.334369481 4.825670242 -0.010059020 0.999944031 -0.003284337 -2.826286077 -0.334385484 -0.000268328 0.942436337 100.306884766
0.937533617 0.010901302 0.347723991 5.035858154 -0.010478894 0.999940276 -0.003095378 -2.844253063 -0.347737044 -0.000741742 0.937591851 100.813972473
0.932248652 0.009907974 0.361682624 5.256324768 -0.009244789 0.999950886 -0.003564024 -2.866237164 -0.361700177 -0.000021122 0.932294488 101.331741333
0.927419901 0.009654984 0.373897433 5.485113144 -0.009091711 0.999953270 -0.003270148 -2.885619164 -0.373911530 -0.000366567 0.927464306 101.836090088
0.922652066 0.008794109 0.385533452 5.711977005 -0.007755711 0.999960840 -0.004248512 -2.889414787 -0.385555744 0.000929813 0.922684133 102.343658447
0.916398644 0.009506657 0.400153965 5.954971313 -0.008651196 0.999954820 -0.003944188 -2.909433603 -0.400173306 0.000152638 0.916439474 102.901489258
0.910316169 0.009141926 0.413812667 6.201950073 -0.008529590 0.999958098 -0.003327395 -2.926440239 -0.413825780 -0.000500672 0.910355985 103.397888184
0.905356348 0.009869785 0.424537897 6.451278687 -0.009126008 0.999951184 -0.003785321 -2.959671497 -0.424554527 -0.000447272 0.905402243 103.901626587
0.899530530 0.009293834 0.436758995 6.713554382 -0.008283884 0.999956787 -0.004217031 -2.968530178 -0.436779320 0.000175287 0.899568677 104.389854431
0.892745316 0.009361361 0.450464249 6.981628418 -0.008232416 0.999956131 -0.004465388 -2.987479448 -0.450486332 0.000278046 0.892783284 104.877716064
0.886991978 0.007658026 0.461721331 7.265449524 -0.006105937 0.999969542 -0.004855475 -2.996589661 -0.461744398 0.001487528 0.887011766 105.410827637
0.881346107 0.007536670 0.472411066 7.540775299 -0.006318367 0.999971330 -0.004165412 -3.017368555 -0.472428977 0.000686304 0.881368458 105.873756409
0.873189270 0.007783040 0.487319380 7.814308167 -0.006277253 0.999969125 -0.004722920 -3.034519434 -0.487341076 0.001064976 0.873211086 106.356285095
