1.000000000 0.000000000 0.000000000 0.000000000 0.000000000 1.000000000 0.000000000 0.000000000 0.000000000 0.000000000 1.000000000 0.000000000
1.000000000 0.000071499 -0.000030676 0.000298568 -0.000071498 1.000000000 0.000020721 0.000494070 0.000030678 -0.000020719 1.000000000 0.002213747
1.000000000 0.000034292 -0.000037798 0.000687212 -0.000034290 1.000000000 0.000062075 -0.001154480 0.000037800 -0.000062074 1.000000000 0.000974335
1.000000000 -0.000030708 -0.000041349 0.000638591 0.000030707 1.000000000 -0.000037174 0.000373764 0.000041350 0.000037173 1.000000000 -0.001695000
1.000000000 -0.000155212 -0.000116735 0.001432939 0.000155219 1.000000000 0.000061576 -0.000705584 0.000116726 -0.000061595 1.000000000 0.000165854
1.000000000 -0.000152776 -0.000117291 -0.000543187 0.000152782 1.000000000 0.000049498 -0.000164821 0.000117284 -0.000049516 1.000000000 -0.000665870
1.000000000 -0.000143194 -0.000063066 0.000839194 0.000143198 1.000000000 0.000066881 -0.000733411 0.000063056 -0.000066890 1.000000000 0.001265280
1.000000000 -0.000142791 -0.000058562 0.000085624 0.000142796 1.000000000 0.000079959 -0.000867779 0.000058551 -0.000079968 1.000000000 -0.000576071
1.000000000 -0.000037490 -0.000086756 0.000614336 0.000037495 1.000000000 0.000065275 -0.000158748 0.000086753 -0.000065278 1.000000000 -0.001895807
1.000000000 -0.000010308 -0.000003507 -0.000434121 0.000010308 1.000000000 0.000051138 0.000546092 0.000003507 -0.000051138 1.000000000 0.002657049
1.000000000 -0.000084419 -0.000051306 0.000862935 0.000084419 1.000000000 0.000010933 0.000557916 0.000051305 -0.000010937 1.000000000 0.000435116
1.000000000 -0.000106931 -0.000137956 0.001166498 0.000106939 1.000000000 0.000055945 0.000128347 0.000137950 -0.000055959 1.000000000 -0.000508523
1.000000000 -0.000091002 -0.000045448 -0.000092268 0.000091002 1.000000000 -0.000016982 0.001615586 0.000045450 0.000016978 1.000000000 0.002363784
0.999999940 -0.000206741 -0.000132323 0.000972624 0.000206755 1.000000000 0.000107054 0.000100569 0.000132300 -0.000107081 1.000000000 -0.001479008
1.000000000 -0.000131050 -0.000149212 0.001133861 0.000131058 1.000000000 0.000056327 -0.000467839 0.000149205 -0.000056347 1.000000000 -0.002112396
1.000000000 -0.000148292 -0.000165199 0.003163102 0.000148312 1.000000000 0.000125041 -0.000728741 0.000165180 -0.000125066 1.000000000 -0.004926473
1.000000000 -0.000103824 -0.000058767 0.001087172 0.000103829 1.000000000 0.000080006 -0.000313894 0.000058759 -0.000080012 1.000000000 -0.003166365
1.000000000 -0.000054803 -0.000072384 0.001387738 0.000054805 1.000000000 0.000024807 -0.000100519 0.000072383 -0.000024811 1.000000000 -0.000751042
1.000000000 -0.000026047 -0.000123446 0.001832731 0.000026064 1.000000000 0.000137405 -0.000885293 0.000123443 -0.000137408 1.000000000 -0.003532430
0.999999940 -0.000221147 -0.000141976 0.001591743 0.000221158 1.000000000 0.000071671 -0.000047754 0.000141960 -0.000071703 1.000000000 -0.003205113
1.000000000 -0.000191281 -0.000105346 0.000896077 0.000191291 1.000000000 0.000095316 0.000309057 0.000105328 -0.000095336 1.000000000 0.001191878
1.000000000 -0.000202489 -0.000109077 0.000444341 0.000202502 1.000000000 0.000115449 -0.001575270 0.000109053 -0.000115471 1.000000000 -0.003706422
1.000000000 -0.000064818 -0.000156444 0.003551305 0.000064836 1.000000000 0.000115716 -0.000617982 0.000156437 -0.000115726 1.000000000 -0.002298615
1.000000000 -0.000117385 -0.000171520 0.003399968 0.000117402 1.000000000 0.000096931 -0.001427448 0.000171509 -0.000096951 1.000000000 -0.002282014
0.999999940 -0.000210299 -0.000186090 0.002884994 0.000210325 0.999999940 0.000142158 -0.001276419 0.000186060 -0.000142197 1.000000000 -0.005280133
0.999999940 -0.000155415 -0.000190063 0.002727142 0.000155431 1.000000000 0.000081700 0.000321827 0.000190050 -0.000081729 1.000000000 -0.001569048
1.000000000 -0.000144008 -0.000142118 0.002737305 0.000144017 1.000000000 0.000060478 0.000236547 0.000142110 -0.000060499 1.000000000 -0.002875350
0.999999940 -0.000229411 -0.000162985 0.003340280 0.000229428 0.999999940 0.000102814 -0.000640059 0.000162961 -0.000102851 1.000000000 -0.003740909
0.999999940 -0.000230911 -0.000112029 0.000319089 0.000230919 1.000000000 0.000071985 -0.000860086 0.000112012 -0.000072011 1.000000000 -0.002858766
1.000000000 -0.000098804 -0.000220152 0.002997138 0.000098839 1.000000000 0.000156844 -0.001281988 0.000220137 -0.000156865 0.999999940 -0.003723171
0.999999940 -0.000217533 -0.000186551 0.003558187 0.000217554 0.999999940 0.000112300 -0.000725573 0.000186527 -0.000112340 1.000000000 -0.003384599
0.999999940 -0.000166608 -0.000198516 0.002773013 0.000166631 1.000000000 0.000116633 -0.000431535 0.000198496 -0.000116666 1.000000000 -0.002841974
1.000000000 -0.000167009 -0.000145521 0.002451504 0.000167024 1.000000000 0.000107501 -0.000484052 0.000145503 -0.000107525 1.000000000 -0.004774484
1.000000000 -0.000088691 -0.000140532 0.002893084 0.000088701 1.000000000 0.000069120 -0.001101755 0.000140525 -0.000069132 1.000000000 -0.003267127
1.000000000 -0.000121791 -0.000147580 0.002614113 0.000121803 1.000000000 0.000084449 -0.000537083 0.000147570 -0.000084467 1.000000000 -0.001537430
0.999999940 -0.000200381 -0.000151709 0.002093263 0.000200404 0.999999940 0.000150196 -0.001615147 0.000151679 -0.000150226 1.000000000 -0.004983613
0.999999940 -0.000194475 -0.000222819 0.003193186 0.000194494 1.000000000 0.000085888 0.000232850 0.000222802 -0.000085931 1.000000000 -0.002528765
0.999999940 -0.000193631 -0.000192461 0.003817108 0.000193657 1.000000000 0.000134783 -0.000045078 0.000192435 -0.000134820 1.000000000 -0.004640064
1.000000000 -0.000170207 -0.000121686 0.001078178 0.000170218 1.000000000 0.000093406 -0.000250712 0.000121670 -0.000093427 1.000000000 -0.003287150
0.999999940 -0.000183406 -0.000186362 0.002777521 0.000183434 1.000000000 0.000146407 -0.001293601 0.000186335 -0.000146441 1.000000000 -0.005089822
0.999999940 -0.000169641 -0.000212322 0.005251565 0.000169657 1.000000000 0.000075941 -0.001812874 0.000212309 -0.000075977 1.000000000 -0.001644430
1.000000000 -0.000226985 -0.000017841 0.001314689 0.000226975 0.999999821 -0.000538756 -0.002450456 0.000017963 0.000538751 0.999999881 0.050291464
1.000000000 -0.000055160 -0.000150717 0.003445992 0.000054991 0.999999404 -0.001117367 -0.004216775 0.000150778 0.001117358 0.999999344 0.141161084
1.000000000 -0.000137808 -0.000076384 0.003817454 0.000137695 0.999998927 -0.001475248 -0.007567250 0.000076587 0.001475237 0.999998927 0.259056985
1.000000000 -0.000140063 -0.000046004 0.006247469 0.000140000 0.999999046 -0.001377780 -0.011417411 0.000046197 0.001377774 0.999999046 0.393143147
1.000000000 -0.000045509 -0.000155707 0.010281590 0.000045330 0.999999344 -0.001146236 -0.018705247 0.000155759 0.001146229 0.999999344 0.528349578
1.000000000 0.000048972 -0.000067035 0.012059262 -0.000049047 0.999999344 -0.001119790 -0.020779721 0.000066980 0.001119793 0.999999344 0.685925603
1.000000000 -0.000023483 0.000072079 0.016046589 0.000023548 0.999999583 -0.000911660 -0.024492752 -0.000072058 0.000911662 0.999999583 0.846246421
0.999999940 0.000330468 0.000235492 0.010816211 -0.000330283 0.999999642 -0.000787492 -0.025809236 -0.000235752 0.000787415 0.999999642 1.028581381
1.000000000 0.000106156 -0.000182880 0.025251200 -0.000106261 0.999999821 -0.000578275 -0.037275288 0.000182819 0.000578294 0.999999821 1.187991261
1.000000000 0.000028216 -0.000018665 0.028231464 -0.000028221 0.999999940 -0.000269102 -0.041512031 0.000018658 0.000269103 0.999999940 1.366644979
1.000000000 0.000170067 -0.000096310 0.029584089 -0.000170097 0.999999940 -0.000312537 -0.049394988 0.000096257 0.000312554 0.999999940 1.573113203
1.000000000 0.000108752 0.000192732 0.031935427 -0.000108698 0.999999940 -0.000280805 -0.055121079 -0.000192762 0.000280784 0.999999940 1.777729392
0.999999940 -0.000238130 -0.000170545 0.044311814 0.000238146 0.999999940 0.000093497 -0.060407665 0.000170523 -0.000093538 1.000000000 1.968410134
1.000000000 0.000172051 0.000088124 0.037218634 -0.000172055 1.000000000 0.000053168 -0.068215318 -0.000088115 -0.000053183 1.000000000 2.186975956
1.000000000 -0.000080886 -0.000212674 0.039295509 0.000080948 0.999999940 0.000291197 -0.071887136 0.000212651 -0.000291214 0.999999940 2.394164324
0.999999762 -0.000067013 -0.000545895 0.057328869 0.000066811 0.999999881 -0.000370268 -0.084940389 0.000545920 0.000370231 0.999999762 2.612474918
0.999999881 -0.000000791 -0.000424287 0.058768809 0.000000668 1.000000000 -0.000289436 -0.090868019 0.000424287 0.000289436 0.999999881 2.849191189
0.999999821 0.000432321 -0.000390097 0.062921010 -0.000432389 0.999999940 -0.000173546 -0.096164376 0.000390022 0.000173715 0.999999940 3.078164577
0.999999940 -0.000030020 -0.000260267 0.067974031 0.000029954 0.999999940 -0.000253154 -0.102911703 0.000260274 0.000253146 0.999999940 3.323256969
0.999999702 -0.000528019 -0.000529426 0.075430214 0.000527677 0.999999642 -0.000646905 -0.107679278 0.000529767 0.000646625 0.999999583 3.556684017
0.999999762 -0.000260486 -0.000559664 0.079301730 0.000260221 0.999999821 -0.000473254 -0.115084872 0.000559787 0.000473109 0.999999762 3.808132172
0.999999762 -0.000569093 -0.000413525 0.082142755 0.000568909 0.999999762 -0.000444435 -0.122502059 0.000413778 0.000444200 0.999999821 4.073825836
0.999999940 0.000160707 -0.000025138 0.078454688 -0.000160715 0.999999881 -0.000343228 -0.127722040 0.000025083 0.000343232 1.000000000 4.334083557
0.999999821 -0.000253127 -0.000481883 0.095005557 0.000253159 0.999999940 0.000065589 -0.143834561 0.000481866 -0.000065711 0.999999881 4.565132618
0.999999881 -0.000465152 -0.000273970 0.100658312 0.000465290 0.999999762 0.000503352 -0.154871926 0.000273736 -0.000503479 0.999999762 4.827786922
0.999999821 -0.000506351 -0.000397450 0.107342556 0.000506557 0.999999881 0.000519270 -0.159857899 0.000397187 -0.000519471 0.999999762 5.084346771
0.999999762 -0.000642448 -0.000343999 0.112019628 0.000642627 0.999999702 0.000519744 -0.165388048 0.000343665 -0.000519965 0.999999821 5.355959892
0.999999940 -0.000069171 -0.000202353 0.115666874 0.000069291 0.999999762 0.000590135 -0.174983844 0.000202312 -0.000590149 0.999999821 5.615198612
0.999999762 -0.000256123 -0.000519774 0.117315300 0.000256378 0.999999940 0.000492004 -0.192837358 0.000519648 -0.000492138 0.999999762 5.877206326
0.999999762 -0.000517600 -0.000513989 0.123723403 0.000517858 0.999999762 0.000501466 -0.202447161 0.000513729 -0.000501732 0.999999762 6.155809402
0.999999940 -0.000253232 -0.000303866 0.126885772 0.000253456 0.999999702 0.000737934 -0.210205868 0.000303679 -0.000738011 0.999999762 6.441015720
0.999999940 0.000145090 -0.000095440 0.133543268 -0.000145021 0.999999762 0.000725403 -0.220750198 0.000095545 -0.000725388 0.999999762 6.710582256
0.999999940 0.000136430 -0.000333913 0.142847776 -0.000136181 0.999999702 0.000746043 -0.229844645 0.000334014 -0.000745997 0.999999762 6.995678425
0.999999881 0.000021088 -0.000268771 0.149484888 -0.000020846 0.999999583 0.000897034 -0.244849458 0.000268790 -0.000897028 0.999999642 7.309020519
0.999999940 0.000196810 -0.000277920 0.158006683 -0.000196586 0.999999642 0.000805265 -0.265340090 0.000278078 -0.000805210 0.999999642 7.613246441
0.999999404 -0.000978900 -0.000540994 0.172574654 0.000979336 0.999999225 0.000805845 -0.274718910 0.000540205 -0.000806374 0.999999523 7.916399002
0.999999940 -0.000418621 -0.000320781 0.172300398 0.000418924 0.999999464 0.000947001 -0.285898954 0.000320385 -0.000947135 0.999999464 8.243790627
0.999999940 0.000096986 -0.000374548 0.178666875 -0.000096629 0.999999523 0.000950724 -0.287239939 0.000374640 -0.000950688 0.999999523 8.570797920
0.999999940 0.000126135 -0.000206785 0.185707301 -0.000125924 0.999999404 0.001020576 -0.305379272 0.000206914 -0.001020550 0.999999464 8.901721954
1.000000000 0.000169036 0.000087520 0.181260362 -0.000169148 0.999999166 0.001276944 -0.315151244 -0.000087304 -0.001276959 0.999999166 9.231999397
1.000000000 0.000100548 -0.000004711 0.196069375 -0.000100542 0.999999404 0.001211257 -0.325088561 0.000004833 -0.001211257 0.999999285 9.577201843
0.999999940 0.000391394 0.000125975 0.203272596 -0.000391551 0.999999166 0.001249292 -0.334782034 -0.000125486 -0.001249341 0.999999225 9.918546677
0.999999940 0.000298824 0.000154207 0.208222553 -0.000299024 0.999999166 0.001303565 -0.346159369 -0.000153817 -0.001303611 0.999999166 10.290953636
1.000000000 0.000008425 0.000181675 0.219001725 -0.000008686 0.999998987 0.001434802 -0.355979025 -0.000181662 -0.001434804 0.999998927 10.652615547
1.000000000 -0.000091426 -0.000065417 0.224806115 0.000091550 0.999998093 0.001908380 -0.374600828 0.000065242 -0.001908386 0.999998152 11.009383202
1.000000119 -0.000128243 0.000039977 0.233630329 0.000128161 0.999997914 0.002033613 -0.387152642 -0.000040238 -0.002033608 0.999997914 11.385200500
0.999999940 0.000376814 0.000294498 0.239103675 -0.000377420 0.999997854 0.002060899 -0.396068782 -0.000293720 -0.002061010 0.999997854 11.775119781
1.000000000 0.000037729 0.000173497 0.250857145 -0.000038121 0.999997437 0.002261249 -0.410929382 -0.000173412 -0.002261256 0.999997377 12.140667915
0.999999940 -0.000032164 0.000107556 0.263033807 0.000031944 0.999997854 0.002045757 -0.425759494 -0.000107621 -0.002045754 0.999997914 12.511871338
1.000000000 0.000041726 0.000071743 0.268794596 -0.000041867 0.999998093 0.001968603 -0.435496271 -0.000071661 -0.001968606 0.999998093 12.917694092
0.999999940 0.000431076 0.000052101 0.280504912 -0.000431191 0.999997437 0.002222782 -0.452546299 -0.000051142 -0.002222804 0.999997556 13.309307098
0.999999821 0.000570610 0.000360240 0.285777360 -0.000571426 0.999997199 0.002270805 -0.460056156 -0.000358944 -0.002271010 0.999997377 13.716879845
0.999999940 -0.000169273 0.000328384 0.304818183 0.000168432 0.999996722 0.002559200 -0.491431475 -0.000328816 -0.002559145 0.999996662 14.088159561
0.999999762 -0.000671923 0.000369774 0.315803051 0.000671024 0.999996901 0.002425438 -0.503864467 -0.000371403 -0.002425190 0.999997020 14.512370110
0.999999583 -0.000771139 0.000598706 0.330908030 0.000769479 0.999995887 0.002766712 -0.519739270 -0.000600837 -0.002766249 0.999996006 14.926726341
0.999999464 -0.000878998 0.000570672 0.349802852 0.000877147 0.999994457 0.003236373 -0.544107199 -0.000573514 -0.003235871 0.999994576 15.331378937
0.999999285 -0.000207650 0.001105149 0.349054843 0.000204430 0.999995649 0.002912793 -0.548641145 -0.001105749 -0.002912565 0.999995172 15.762766838
0.999999046 -0.000050777 0.001385143 0.360621691 0.000046472 0.999995112 0.003108009 -0.561469555 -0.001385294 -0.003107942 0.999994218 16.209136963
0.999998927 -0.000373275 0.001333062 0.376740247 0.000369171 0.999995112 0.003077399 -0.578487873 -0.001334205 -0.003076904 0.999994397 16.642789841
0.999998569 -0.000623398 0.001558984 0.379184812 0.000618037 0.999993861 0.003436618 -0.594581485 -0.001561117 -0.003435649 0.999992847 17.070590973
0.999997795 -0.000362984 0.002081694 0.388107449 0.000355346 0.999993265 0.003668258 -0.605528951 -0.002083011 -0.003667510 0.999991119 17.536718369
0.999997377 -0.001121845 0.001980435 0.405317962 0.001114496 0.999992490 0.003707956 -0.618835688 -0.001984580 -0.003705738 0.999991179 18.002811432
0.999996603 -0.000865500 0.002442458 0.413112611 0.000856429 0.999992728 0.003712492 -0.633131623 -0.002445654 -0.003710387 0.999990165 18.469581604
0.999996245 -0.001005612 0.002554000 0.413912386 0.000995060 0.999990940 0.004129596 -0.659528732 -0.002558130 -0.004127039 0.999988198 18.902805328
0.999996483 -0.000722944 0.002578537 0.428676158 0.000711701 0.999990284 0.004358497 -0.672961056 -0.002581663 -0.004356646 0.999987185 19.378559113
0.999996543 -0.000489959 0.002601155 0.441530406 0.000478519 0.999990284 0.004396889 -0.685123920 -0.002603284 -0.004395630 0.999986887 19.850809097
0.999996245 -0.000495355 0.002718895 0.451087713 0.000483769 0.999990821 0.004260371 -0.694063962 -0.002720981 -0.004259040 0.999987185 20.348667145
0.999998033 -0.001138976 0.001692111 0.477728218 0.001131153 0.999988675 0.004617169 -0.718036175 -0.001697351 -0.004615246 0.999987900 20.790493011
0.999998152 -0.001680995 0.000986758 0.486376435 0.001676133 0.999986529 0.004908619 -0.727793396 -0.000994996 -0.004906955 0.999987423 21.301736832
0.999998808 -0.000837371 0.001285999 0.483218521 0.000831219 0.999988258 0.004776652 -0.745077789 -0.001289983 -0.004775578 0.999987781 21.793243408
0.999998808 -0.001290055 0.000804379 0.495103747 0.001286077 0.999987066 0.004926375 -0.752084315 -0.000810724 -0.004925335 0.999987543 22.304307938
0.999998629 -0.001652425 0.000259126 0.503282845 0.001651017 0.999984264 0.005344993 -0.777135849 -0.000267955 -0.005344556 0.999985695 22.762090683
0.999998331 -0.001752478 -0.000526161 0.513918102 0.001755362 0.999983072 0.005530396 -0.794664741 0.000516460 -0.005531310 0.999984562 23.288722992
0.999995410 -0.002847212 -0.001107756 0.527994752 0.002853442 0.999979854 0.005664085 -0.811616838 0.001091607 -0.005667219 0.999983311 23.806501389
0.999997616 -0.001725384 -0.001318809 0.537464678 0.001732653 0.999983191 0.005530611 -0.830951214 0.001309244 -0.005532883 0.999983847 24.301887512
0.999995947 -0.001601594 -0.002366388 0.550964296 0.001615056 0.999982476 0.005697988 -0.843450308 0.002357220 -0.005701786 0.999980986 24.833503723
0.999994874 -0.001300073 -0.002888217 0.554414630 0.001316474 0.999982953 0.005683835 -0.851669252 0.002880779 -0.005687608 0.999979675 25.365337372
0.999994516 -0.001347119 -0.003016635 0.565784097 0.001363837 0.999983668 0.005546621 -0.864482284 0.003009114 -0.005550705 0.999980092 25.898927689
0.999992251 -0.001940981 -0.003421677 0.559718430 0.001962400 0.999978423 0.006267573 -0.881699741 0.003409438 -0.006274238 0.999974489 26.420869827
0.999986351 -0.002761072 -0.004444527 0.579869032 0.002790774 0.999973655 0.006690552 -0.899975955 0.004425938 -0.006702864 0.999967754 26.967689514
0.999985695 -0.001784857 -0.005029820 0.591886342 0.001816911 0.999977946 0.006375595 -0.915386856 0.005018329 -0.006384642 0.999967039 27.490566254
0.999988317 -0.001223832 -0.004681546 0.585580587 0.001255209 0.999976695 0.006705139 -0.930525362 0.004673231 -0.006710936 0.999966562 28.008522034
0.999986887 -0.000714218 -0.005063096 0.591092885 0.000748083 0.999977410 0.006689910 -0.945197344 0.005058203 -0.006693610 0.999964774 28.561513901
0.999984741 -0.000790525 -0.005465508 0.604929626 0.000828824 0.999975085 0.007008689 -0.960547030 0.005459832 -0.007013110 0.999960482 29.112567902
0.999981403 -0.001457743 -0.005916073 0.606310487 0.001500758 0.999972522 0.007272995 -0.979648888 0.005905307 -0.007281737 0.999956071 29.612352371
0.999980748 -0.001084334 -0.006106991 0.615908206 0.001126850 0.999975085 0.006962850 -0.989660561 0.006099289 -0.006969598 0.999957144 30.169574738
0.999978542 -0.001265301 -0.006432291 0.625060260 0.001306381 0.999978721 0.006386417 -0.995085955 0.006424073 -0.006394682 0.999958992 30.719264984
0.999974728 -0.001648165 -0.006908271 0.656442761 0.001692267 0.999978125 0.006382886 -1.015001178 0.006897600 -0.006394415 0.999955833 31.225248337
0.999972820 -0.001865038 -0.007150655 0.650429010 0.001917414 0.999971330 0.007324776 -1.045331359 0.007136791 -0.007338287 0.999947548 31.745880127
0.999970555 -0.002209367 -0.007347925 0.663733840 0.002265381 0.999968350 0.007623594 -1.057687163 0.007330849 -0.007640016 0.999943972 32.277870178
0.999970913 -0.002303636 -0.007268671 0.668533087 0.002360294 0.999966860 0.007795960 -1.069945693 0.007250471 -0.007812887 0.999943197 32.837142944
0.999972522 -0.001163391 -0.007316597 0.658082664 0.001214461 0.999974966 0.006979514 -1.073133945 0.007308292 -0.006988207 0.999948919 33.402469635
0.999963641 -0.002364254 -0.008195813 0.681963444 0.002430239 0.999964654 0.008050432 -1.108592272 0.008176490 -0.008070057 0.999934018 33.863395691
0.999960601 -0.002482383 -0.008529567 0.693285823 0.002551026 0.999964356 0.008046148 -1.117868543 0.008509291 -0.008067590 0.999931276 34.406528473
0.999958813 -0.002818166 -0.008629479 0.703949928 0.002889711 0.999961495 0.008289507 -1.129113793 0.008605786 -0.008314102 0.999928415 34.959571838
0.999961853 -0.002330577 -0.008414970 0.709949017 0.002395102 0.999967754 0.007665988 -1.134548545 0.008396831 -0.007685849 0.999935210 35.492259979
0.999963880 -0.001582815 -0.008345681 0.714231968 0.001647533 0.999968588 0.007753558 -1.157898188 0.008333147 -0.007767027 0.999935150 36.016613007
0.999960601 -0.001810428 -0.008693103 0.726936221 0.001882602 0.999963701 0.008301479 -1.176302195 0.008677759 -0.008317517 0.999927759 36.521457672
0.999956965 -0.002850548 -0.008825083 0.702001333 0.002931782 0.999953270 0.009205583 -1.213813782 0.008798431 -0.009231062 0.999918699 37.026790619
0.999954104 -0.003084484 -0.009067496 0.713647604 0.003166154 0.999954462 0.009006402 -1.221248984 0.009039302 -0.009034699 0.999918342 37.576324463
0.999953508 -0.002775674 -0.009236380 0.717610836 0.002860493 0.999953747 0.009182556 -1.233366013 0.009210465 -0.009208552 0.999915242 38.106853485
0.999952257 -0.002741561 -0.009370791 0.729431391 0.002824285 0.999957085 0.008826094 -1.239751101 0.009346191 -0.008852139 0.999917150 38.651123047
0.999946117 -0.003157942 -0.009885566 0.752467752 0.003251489 0.999949932 0.009461270 -1.276150465 0.009855191 -0.009492902 0.999906301 39.169773102
0.999942243 -0.003380753 -0.010203323 0.769731998 0.003480805 0.999945879 0.009804045 -1.293752670 0.010169624 -0.009838994 0.999899864 39.689201355
0.999942660 -0.003527991 -0.010109042 0.768509567 0.003624548 0.999947846 0.009549238 -1.301034570 0.010074826 -0.009585331 0.999903262 40.259895325
0.999949574 -0.002214537 -0.009790484 0.770481646 0.002299857 0.999959409 0.008711939 -1.299963474 0.009770793 -0.008734018 0.999914110 40.816692352
0.999949217 -0.001353645 -0.009986306 0.777993202 0.001435157 0.999965668 0.008159719 -1.306445479 0.009974918 -0.008173637 0.999916792 41.371894836
0.999943793 -0.003220737 -0.010099905 0.757349312 0.003323653 0.999942482 0.010189613 -1.357023835 0.010066507 -0.010222607 0.999897003 41.808288574
0.999943018 -0.003192885 -0.010185736 0.767081738 0.003294611 0.999944746 0.009986007 -1.364204168 0.010153289 -0.010018994 0.999898195 42.351989746
0.999943376 -0.002986576 -0.010210994 0.771959662 0.003088258 0.999945641 0.009956871 -1.377249956 0.010180702 -0.009987841 0.999898255 42.904747009
0.999941111 -0.003135085 -0.010390630 0.783147454 0.003240293 0.999943435 0.010123917 -1.388305902 0.010358304 -0.010156987 0.999894679 43.435665131
0.999945283 -0.002966519 -0.010043706 0.768801808 0.003071227 0.999940872 0.010425844 -1.408463120 0.010012183 -0.010456120 0.999895155 43.907932281
0.999946296 -0.002767603 -0.009992233 0.776635766 0.002870587 0.999942780 0.010306846 -1.421934605 0.009963137 -0.010334977 0.999896884 44.458770752
0.999940038 -0.003201849 -0.010470970 0.795988441 0.003309217 0.999941945 0.010252713 -1.425951719 0.010437533 -0.010286747 0.999892592 44.998989105
0.999942243 -0.003132454 -0.010276913 0.785203934 0.003240071 0.999939859 0.010471773 -1.442782640 0.010243492 -0.010504467 0.999892354 45.493335724
0.999940515 -0.003468609 -0.010347875 0.795751095 0.003578055 0.999937594 0.010576895 -1.455770493 0.010310544 -0.010613290 0.999890506 46.042652130
0.999938965 -0.003552374 -0.010466216 0.800946116 0.003666808 0.999933481 0.010934846 -1.472700119 0.010426676 -0.010972556 0.999885380 46.596969604
0.999942839 -0.003283205 -0.010180420 0.799777985 0.003393236 0.999935865 0.010809769 -1.479102254 0.010144276 -0.010843694 0.999889672 47.077907562
0.999939620 -0.003490820 -0.010412348 0.809213579 0.003600773 0.999937773 0.010559905 -1.489396930 0.010374837 -0.010596761 0.999890029 47.559425354
0.999941170 -0.003457434 -0.010278632 0.815910697 0.003566202 0.999937654 0.010582494 -1.500128269 0.010241403 -0.010618526 0.999891162 48.112854004
0.999945283 -0.002872123 -0.010060565 0.826346695 0.002979619 0.999938428 0.010686262 -1.511003494 0.010029254 -0.010715652 0.999892235 48.650169373
0.999943674 -0.002606567 -0.010286874 0.821389258 0.002716305 0.999939382 0.010668260 -1.515994906 0.010258443 -0.010695602 0.999890149 49.105552673
0.999938428 -0.003386848 -0.010566251 0.830050766 0.003494634 0.999941885 0.010199211 -1.522721052 0.010531093 -0.010235508 0.999892116 49.655838013
0.999946296 -0.002464598 -0.010065090 0.823859215 0.002565632 0.999946356 0.010037502 -1.529684186 0.010039811 -0.010062790 0.999898911 50.205566406
0.999944091 -0.002808041 -0.010191174 0.829168916 0.002915367 0.999940395 0.010531821 -1.542418242 0.010160991 -0.010560945 0.999892592 50.665855408
0.999945521 -0.002973072 -0.010004789 0.834859610 0.003074271 0.999944091 0.010114990 -1.549736738 0.009974157 -0.010145195 0.999898851 51.220779419
0.999943137 -0.002645751 -0.010331715 0.841388822 0.002756343 0.999938846 0.010704531 -1.563860178 0.010302762 -0.010732399 0.999889314 51.708068848
0.999944985 -0.002614263 -0.010150576 0.847008586 0.002721434 0.999940574 0.010558750 -1.575272918 0.010122369 -0.010585793 0.999892771 52.251583099
0.999945223 -0.002656706 -0.010122593 0.861719012 0.002760375 0.999943733 0.010241208 -1.586316347 0.010094815 -0.010268587 0.999896288 52.786109924
0.999942303 -0.002524188 -0.010440724 0.859826505 0.002633771 0.999941409 0.010495284 -1.592755556 0.010413619 -0.010522177 0.999890387 53.264678955
0.999947369 -0.002305634 -0.009996676 0.861898065 0.002408821 0.999943793 0.010322376 -1.603633761 0.009972314 -0.010345913 0.999896705 53.820899963
0.999945104 -0.002408372 -0.010201348 0.865599215 0.002511936 0.999945343 0.010151365 -1.607239962 0.010176343 -0.010176433 0.999896407 54.378376007
0.999943733 -0.002491144 -0.010311209 0.872188628 0.002599243 0.999941647 0.010483569 -1.617085576 0.010284494 -0.010509782 0.999891877 54.810775757
0.999944329 -0.002608162 -0.010215549 0.879806578 0.002713431 0.999943197 0.010304525 -1.630197287 0.010188092 -0.010331672 0.999894738 55.360546112
0.999950886 -0.002144655 -0.009678148 0.889526010 0.002244375 0.999944389 0.010304461 -1.638755560 0.009655510 -0.010325677 0.999900043 55.880737305
0.999955773 -0.001510097 -0.009281885 0.879126549 0.001604956 0.999946415 0.010220871 -1.655903101 0.009265956 -0.010235318 0.999904633 56.444515228
0.999947608 -0.002427174 -0.009945443 0.894326448 0.002529718 0.999943614 0.010311113 -1.658762455 0.009919857 -0.010335732 0.999897301 56.853969574
0.999947608 -0.001711695 -0.010098401 0.934817493 0.001807921 0.999952912 0.009527484 -1.640529633 0.010081617 -0.009545241 0.999903619 57.532371521
0.999942005 -0.002684486 -0.010426193 0.910370767 0.002795178 0.999939680 0.010616820 -1.688284159 0.010397065 -0.010645347 0.999889255 57.922657013
0.999941409 -0.002792127 -0.010462975 0.920438766 0.002902839 0.999939740 0.010581118 -1.693718195 0.010432802 -0.010610869 0.999889255 58.458427429
0.999949098 -0.002119019 -0.009864625 0.909724116 0.002220380 0.999944746 0.010275640 -1.689969182 0.009842305 -0.010297020 0.999898553 58.915573120
0.999953687 -0.001755431 -0.009467432 0.918487370 0.001851009 0.999947309 0.010096132 -1.703711390 0.009449211 -0.010113189 0.999904275 59.462570190
0.999950111 -0.001995555 -0.009784927 0.947716653 0.002096627 0.999944508 0.010329966 -1.719610453 0.009763771 -0.010349968 0.999898791 59.989284515
0.999940634 -0.002849883 -0.010514927 0.957596064 0.002956580 0.999944150 0.010145605 -1.725010514 0.010485428 -0.010176090 0.999893248 60.530143738
0.999944985 -0.002636716 -0.010155698 0.961668611 0.002742318 0.999942243 0.010398397 -1.750396013 0.010127692 -0.010425675 0.999894440 61.035491943
0.999935925 -0.003379600 -0.010798987 0.989629924 0.003489190 0.999942482 0.010145517 -1.754421711 0.010764078 -0.010182548 0.999890208 61.542781830
0.999948859 -0.001645168 -0.009979371 0.961160183 0.001747860 0.999945521 0.010290437 -1.760792255 0.009961898 -0.010307354 0.999897242 61.978569031
0.999951661 -0.001723187 -0.009678376 0.960133851 0.001822184 0.999946058 0.010229253 -1.767513990 0.009660226 -0.010246398 0.999900818 62.507545471
0.999952197 -0.000945466 -0.009734198 0.962600887 0.001042632 0.999949634 0.009981730 -1.779395580 0.009724271 -0.009991404 0.999902785 63.055126190
0.999954522 -0.000974291 -0.009489928 0.955735862 0.001068907 0.999949753 0.009970113 -1.791095972 0.009479737 -0.009979803 0.999905229 63.593482971
0.999951959 -0.001604016 -0.009664586 0.970972657 0.001703367 0.999945700 0.010280486 -1.801673889 0.009647570 -0.010296455 0.999900460 64.053627014
0.999951959 -0.001648135 -0.009667578 0.973839819 0.001747262 0.999945939 0.010254026 -1.808980227 0.009650155 -0.010270423 0.999900699 64.609199524
0.999954164 -0.001073210 -0.009502959 0.977804661 0.001166346 0.999951303 0.009800697 -1.817945719 0.009491977 -0.009811331 0.999906898 65.143150330
0.999954939 -0.001013778 -0.009434009 0.970539391 0.001107021 0.999950528 0.009883753 -1.838718414 0.009423522 -0.009893751 0.999906719 65.636322021
0.999954462 -0.001013348 -0.009501548 0.992798686 0.001109759 0.999947846 0.010147099 -1.851235867 0.009490769 -0.010157180 0.999903381 66.087371826
0.999957860 -0.000587919 -0.009165408 1.002993584 0.000681913 0.999947190 0.010255626 -1.863222599 0.009158893 -0.010261444 0.999905407 66.619812012
0.999955714 -0.001302252 -0.009316340 0.992919028 0.001394817 0.999949694 0.009936208 -1.860116005 0.009302930 -0.009948764 0.999907255 67.208129883
0.999955237 -0.000860362 -0.009425711 1.006481886 0.000951332 0.999952972 0.009651123 -1.870120645 0.009416963 -0.009659657 0.999909043 67.697853088
0.999955654 -0.000604374 -0.009397557 1.020484209 0.000691126 0.999957144 0.009230806 -1.874353409 0.009391575 -0.009236892 0.999913275 68.236686707
0.999958634 -0.000645674 -0.009070792 1.008510590 0.000735609 0.999950528 0.009914881 -1.885630846 0.009063942 -0.009921146 0.999909639 68.658164978
0.999953568 -0.001258814 -0.009545332 1.020222664 0.001352579 0.999950767 0.009823071 -1.895664454 0.009532497 -0.009835526 0.999906123 69.201744080
0.999958813 -0.000775597 -0.009043465 1.017349243 0.000860254 0.999955714 0.009360984 -1.899727106 0.009035804 -0.009368379 0.999915242 69.755249023
0.999961078 0.000183049 -0.008822055 1.027091265 -0.000100006 0.999955654 0.009412585 -1.917741537 0.008823386 -0.009411337 0.999916673 70.257331848
0.999953330 -0.001483097 -0.009549774 1.042672157 0.001572363 0.999955118 0.009346744 -1.931412220 0.009535483 -0.009361323 0.999910712 70.775550842
0.999959409 -0.000602761 -0.008991568 1.026513100 0.000689682 0.999953032 0.009666954 -1.927109718 0.008985319 -0.009672763 0.999912858 71.222602844
0.999961972 -0.000599308 -0.008700941 1.035176516 0.000687458 0.999948442 0.010131654 -1.941221476 0.008694420 -0.010137253 0.999910831 71.781417847
0.999960363 -0.001111892 -0.008847136 1.042612314 0.001198069 0.999951839 0.009741298 -1.954762936 0.008835879 -0.009751512 0.999913454 72.320686340
0.999961734 -0.000797786 -0.008718509 1.039173722 0.000878169 0.999957085 0.009219935 -1.956104040 0.008710781 -0.009227237 0.999919534 72.910186768
0.999958694 -0.000991436 -0.009035847 1.064627886 0.001075742 0.999955893 0.009330005 -1.966283202 0.009026199 -0.009339340 0.999915659 73.288291931
0.999956965 -0.000951950 -0.009234648 1.074341536 0.001037031 0.999957025 0.009212815 -1.973878860 0.009225481 -0.009221994 0.999914944 73.819137573
0.999955773 -0.000772791 -0.009381644 1.077618837 0.000857927 0.999958456 0.009074107 -1.983678102 0.009374242 -0.009081754 0.999914825 74.371353149
0.999951780 -0.001733489 -0.009668186 1.078513861 0.001818639 0.999959648 0.008805431 -1.993232727 0.009652531 -0.008822588 0.999914527 74.930946350
0.999959171 -0.000532191 -0.009016193 1.063604355 0.000618337 0.999954283 0.009554378 -2.018748283 0.009010694 -0.009559563 0.999913692 75.387870789
0.999959767 -0.001159182 -0.008887145 1.056061149 0.001238073 0.999959826 0.008876685 -2.021883965 0.008876497 -0.008887330 0.999921143 76.044349670
0.999960899 -0.001091503 -0.008767685 1.080085635 0.001169735 0.999959528 0.008922566 -2.030889750 0.008757591 -0.008932473 0.999921799 76.495910645
0.999960840 -0.000822711 -0.008814709 1.084104061 0.000904456 0.999956608 0.009273721 -2.041320801 0.008806697 -0.009281329 0.999918103 76.969619751
0.999962389 -0.000437650 -0.008664729 1.090073109 0.000515924 0.999959052 0.009033478 -2.046033859 0.008660421 -0.009037608 0.999921679 77.517173767
0.999964654 -0.000688650 -0.008378969 1.097926259 0.000764293 0.999958932 0.009027855 -2.056142807 0.008372407 -0.009033940 0.999924123 78.039680481
0.999973357 -0.000803698 -0.007262564 1.105933428 0.000867545 0.999960959 0.008792453 -2.063632488 0.007255215 -0.008798516 0.999934971 78.588333130
0.999982297 -0.000716904 -0.005899599 1.114243507 0.000769074 0.999960542 0.008845460 -2.076147079 0.005893024 -0.008849842 0.999943495 79.105918884
0.999989867 -0.001072990 -0.004375912 1.117822170 0.001110782 0.999962032 0.008643128 -2.080225945 0.004366472 -0.008647903 0.999953091 79.635643005
0.999999464 -0.000565290 -0.000842745 1.134223104 0.000572487 0.999963164 0.008564344 -2.091743708 0.000837873 -0.008564823 0.999963045 80.176940918
0.999995053 -0.000640296 0.003078066 1.144565701 0.000613100 0.999960840 0.008827967 -2.099977970 -0.003083597 -0.008826035 0.999956250 80.746948242
0.999982953 -0.001623122 0.005618162 1.170369864 0.001573717 0.999960124 0.008787191 -2.106103420 -0.005632200 -0.008778200 0.999945641 81.249061584
0.999941051 -0.000678711 0.010829826 1.191927195 0.000587967 0.999964714 0.008380019 -2.105270386 -0.010835129 -0.008373160 0.999906182 81.824645996
0.999855220 -0.000737218 0.016998749 1.216978073 0.000594873 0.999964714 0.008377445 -2.117711067 -0.017004326 -0.008366118 0.999820411 82.358039856
0.999742687 -0.001185635 0.022652138 1.244300842 0.001001378 0.999966323 0.008143776 -2.128331661 -0.022661038 -0.008118997 0.999710262 82.911300659
0.999597371 -0.000556926 0.028368775 1.276674390 0.000320212 0.999965072 0.008348056 -2.140453815 -0.028372435 -0.008335610 0.999562681 83.449592590
0.999353468 -0.000663953 0.035946168 1.311895847 0.000360604 0.999964297 0.008444798 -2.143092155 -0.035950493 -0.008426376 0.999318063 84.081611633
0.999028027 -0.001102293 0.044065688 1.363940239 0.000735790 0.999965012 0.008332549 -2.161293507 -0.044073336 -0.008292028 0.998993814 84.541831970
0.998698354 -0.001383706 0.050987568 1.403666735 0.000970399 0.999966443 0.008129903 -2.164866447 -0.050997116 -0.008069842 0.998666167 85.091690063
0.998214364 -0.000724402 0.059728969 1.453515768 0.000237718 0.999966741 0.008154916 -2.173919201 -0.059732877 -0.008126156 0.998181283 85.640563965
0.997555912 -0.001285111 0.069860555 1.508715153 0.000716787 0.999966443 0.008159582 -2.186403751 -0.069868691 -0.008089564 0.997523367 86.186218262
0.996931374 -0.001703441 0.078261420 1.577343941 0.001081710 0.999967515 0.007985993 -2.197383881 -0.078272484 -0.007876831 0.996900856 86.721221924
0.996251285 -0.001557119 0.086492762 1.641043186 0.000858502 0.999966741 0.008113781 -2.209736586 -0.086502515 -0.008009111 0.996219456 87.254684448
0.995270908 -0.001511225 0.097126320 1.712143898 0.000717504 0.999966025 0.008206452 -2.217429638 -0.097135425 -0.008097955 0.995238185 87.827919006
0.994188070 -0.001817090 0.107642151 1.797108650 0.000911891 0.999963820 0.008457967 -2.229909658 -0.107653640 -0.008310652 0.994153738 88.332069397
0.993127763 -0.001909548 0.117019668 1.876221657 0.000920675 0.999963403 0.008503960 -2.240139723 -0.117031634 -0.008337781 0.993093133 88.901641846
0.991813123 -0.002093219 0.127679795 1.982399940 0.001017079 0.999963403 0.008493044 -2.251506567 -0.127692863 -0.008293652 0.991779208 89.444969177
0.990156233 -0.002275508 0.139947861 2.082691193 0.001123121 0.999964833 0.008312827 -2.258342505 -0.139961824 -0.008073819 0.990123987 89.996978760
0.988612950 -0.003019687 0.150450438 2.188844681 0.001813184 0.999965072 0.008155804 -2.269317865 -0.150469810 -0.007790139 0.988583863 90.540145874
0.986971378 -0.002770077 0.160872012 2.299882889 0.001499420 0.999966741 0.008019417 -2.276455164 -0.160888836 -0.007673720 0.986942708 91.085479736
0.984774113 -0.003181453 0.173809931 2.418105125 0.001830660 0.999966860 0.007931431 -2.288571358 -0.173829392 -0.007492479 0.984747231 91.606437683
0.982485592 -0.003253408 0.186310142 2.539690971 0.001755246 0.999964714 0.008205618 -2.299181938 -0.186330289 -0.007734881 0.982456744 92.149650574
0.980550110 -0.003927483 0.196229532 2.669319153 0.002434533 0.999966264 0.007848815 -2.307186604 -0.196253702 -0.007218430 0.980526567 92.678504944
0.977924824 -0.004521090 0.208908021 2.817680359 0.002935458 0.999964416 0.007899517 -2.320750475 -0.208936319 -0.007111893 0.977903366 93.202064514
0.974891663 -0.004376325 0.222636417 2.960414886 0.002656620 0.999964237 0.008023179 -2.328441143 -0.222663552 -0.007230270 0.974868536 93.743804932
0.972229540 -0.004263808 0.233990610 3.106090546 0.002422102 0.999963760 0.008157654 -2.340289593 -0.234016940 -0.007364362 0.972204626 94.273712158
0.969371676 -0.005512215 0.245536968 3.283292770 0.003705728 0.999962509 0.007818711 -2.347393513 -0.245570868 -0.006669343 0.969355702 94.804183960
0.965821147 -0.005705881 0.259146690 3.451862335 0.003638573 0.999957621 0.008456326 -2.366354227 -0.259183884 -0.007224374 0.965801060 95.315612793
0.962393939 -0.005342986 0.271605283 3.623535156 0.003162837 0.999959230 0.008464022 -2.375949383 -0.271639407 -0.007286680 0.962371528 95.852851868
0.959002137 -0.005588570 0.283343792 3.825868607 0.003488970 0.999962568 0.007914171 -2.368918657 -0.283377469 -0.006601129 0.958985686 96.481704712
0.954727948 -0.005501304 0.297429770 4.001277924 0.003208593 0.999961317 0.008196080 -2.381872654 -0.297463298 -0.006870694 0.954708517 96.994094849
0.950437009 -0.006261854 0.310854077 4.229442596 0.003977765 0.999960184 0.007981203 -2.384063482 -0.310891688 -0.006349127 0.950424135 97.549278259
0.946596622 -0.006280619 0.322359204 4.422763824 0.003924089 0.999960601 0.007959575 -2.394668818 -0.322396457 -0.006269541 0.946583986 98.058578491
0.942216516 -0.006747122 0.334936649 4.630298615 0.004195769 0.999956429 0.008340398 -2.411272526 -0.334978312 -0.006453144 0.942203760 98.561363220
0.937118232 -0.007120807 0.348939389 4.844076157 0.004586825 0.999956787 0.008087655 -2.417619228 -0.348981977 -0.005978564 0.937110364 99.073982239
0.932473958 -0.007028380 0.361168861 5.059211731 0.004333828 0.999956429 0.008270071 -2.429790974 -0.361211300 -0.006146382 0.932463706 99.578750610
0.928427398 -0.008086995 0.371425867 5.298933029 0.005416451 0.999951422 0.008232658 -2.440402031 -0.371474355 -0.005631616 0.928426147 100.081291199
0.922913790 -0.008162631 0.384920210 5.510118484 0.005272612 0.999949396 0.008562948 -2.454010487 -0.384970605 -0.005873328 0.922910213 100.532264709
0.917166471 -0.007739725 0.398429036 5.762195587 0.004898112 0.999954820 0.008149484 -2.451671839 -0.398474067 -0.005522883 0.917162955 101.079467773
0.912172437 -0.008333844 0.409722030 6.011390686 0.005510624 0.999952316 0.008070861 -2.461381435 -0.409769654 -0.005104192 0.912174761 101.570404053
0.905926526 -0.008910237 0.423341244 6.277694702 0.005846298 0.999946415 0.008535536 -2.471478939 -0.423394561 -0.005257589 0.905930102 102.076446533
0.898979306 -0.008240804 0.437913448 6.537910461 0.005049698 0.999951541 0.008451056 -2.483172417 -0.437961906 -0.005385994 0.898977399 102.555030823
0.893221200 -0.010243689 0.449500650 6.811279297 0.007092418 0.999936998 0.008693974 -2.491306305 -0.449561387 -0.004577593 0.893237710 103.031013489
0.887593985 -0.010088379 0.460516185 7.075630188 0.006913275 0.999939203 0.008580771 -2.496374130 -0.460574806 -0.004432567 0.887609839 103.511993408
0.880767941 -0.011257023 0.473414302 7.370563507 0.008025316 0.999928653 0.008845908 -2.511036158 -0.473480105 -0.003991892 0.880795479 103.978622437
