1.000000000 0.000000000 0.000000000 0.000000000 0.000000000 1.000000000 0.000000000 0.000000000 0.000000000 0.000000000 1.000000000 0.000000000
1.000000000 0.000009252 -0.000028785 0.000241106 -0.000009254 1.000000000 -0.000072889 0.000577801 0.000028784 0.000072889 1.000000000 0.000384126
1.000000000 -0.000084139 -0.000040287 -0.000402051 0.000084138 1.000000000 -0.000031656 0.000623068 0.000040289 0.000031653 1.000000000 0.001520254
1.000000000 -0.000017181 -0.000094393 -0.001264796 0.000017177 1.000000000 -0.000042644 0.001627083 0.000094393 0.000042643 1.000000000 0.000903451
1.000000000 -0.000016606 -0.000004856 -0.000688435 0.000016606 1.000000000 0.000028572 0.000048138 0.000004855 -0.000028572 1.000000000 0.000193525
1.000000000 -0.000061387 0.000010484 -0.000710311 0.000061387 1.000000000 -0.000019508 0.000276269 -0.000010483 0.000019508 1.000000000 0.000375692
1.000000000 0.000082173 -0.000050687 -0.000131558 -0.000082174 1.000000000 -0.000021923 0.000733977 0.000050685 0.000021927 1.000000000 -0.002461871
1.000000000 0.000017148 0.000008086 -0.000230682 -0.000017148 1.000000000 -0.000037254 0.001208663 -0.000008087 0.000037254 1.000000000 0.002381377
1.000000000 0.000045666 0.000028701 -0.001308296 -0.000045665 1.000000000 -0.000036886 0.001272826 -0.000028703 0.000036885 1.000000000 0.001362292
1.000000000 -0.000001952 -0.000054127 -0.000441369 0.000001951 1.000000000 -0.000020415 0.001303492 0.000054127 0.000020415 1.000000000 0.001579883
1.000000000 -0.000042865 -0.000055414 -0.000389150 0.000042863 1.000000000 -0.000037986 0.001199288 0.000055415 0.000037983 1.000000000 0.000851038
1.000000000 -0.000026810 -0.000027402 -0.001969175 0.000026812 1.000000000 0.000049752 0.001177283 0.000027401 -0.000049753 1.000000000 0.001692594
1.000000000 -0.000030451 -0.000043960 -0.001563642 0.000030450 1.000000000 -0.000018276 0.000777422 0.000043961 0.000018275 1.000000000 0.000835524
1.000000000 0.000005100 -0.000058640 0.000644610 -0.000005097 1.000000000 0.000046904 -0.000176232 0.000058640 -0.000046904 1.000000000 -0.002894804
1.000000000 -0.000057571 -0.000064904 0.000654739 0.000057575 1.000000000 0.000063629 -0.000159349 0.000064900 -0.000063633 1.000000000 -0.002332990
1.000000000 0.000005285 -0.000031339 -0.000109466 -0.000005285 1.000000000 -0.000027473 0.001755656 0.000031339 0.000027473 1.000000000 0.000983005
1.000000000 -0.000047291 -0.000099787 0.000536384 0.000047294 1.000000000 0.000029910 0.000635886 0.000099786 -0.000029915 1.000000000 -0.001427899
1.000000000 -0.000104624 -0.000099363 0.000511410 0.000104623 1.000000000 -0.000006777 0.000299178 0.000099363 0.000006767 1.000000000 -0.002478420
1.000000000 -0.000072863 -0.000052835 -0.000519463 0.000072864 1.000000000 0.000021274 0.000907657 0.000052833 -0.000021278 1.000000000 0.001295008
1.000000000 -0.000148510 -0.000091021 -0.000344966 0.000148516 1.000000000 0.000065485 -0.000174972 0.000091011 -0.000065499 1.000000000 -0.002445205
1.000000000 -0.000073081 -0.000118924 0.002219472 0.000073089 1.000000000 0.000063223 -0.000206555 0.000118919 -0.000063232 1.000000000 -0.001538716
1.000000000 -0.000110248 -0.000104925 0.000749032 0.000110250 1.000000000 0.000019769 0.000345442 0.000104922 -0.000019781 1.000000000 -0.001281790
1.000000000 -0.000088958 -0.000076630 -0.000516107 0.000088959 1.000000000 0.000008466 0.000756713 0.000076629 -0.000008473 1.000000000 -0.000016151
1.000000000 -0.000083502 -0.000088813 0.000891617 0.000083507 1.000000000 0.000056559 0.000486682 0.000088809 -0.000056566 1.000000000 -0.001104481
1.000000000 -0.000119154 -0.000078057 0.001226980 0.000119156 1.000000000 0.000026022 0.000612875 0.000078054 -0.000026031 1.000000000 -0.000603945
1.000000000 -0.000172822 -0.000126420 0.001316189 0.000172829 1.000000000 0.000061713 0.000092291 0.000126409 -0.000061735 1.000000000 -0.002802835
0.999999940 -0.000246159 -0.000088273 -0.000150298 0.000246161 0.999999940 0.000018987 -0.000030017 0.000088268 -0.000019008 1.000000000 -0.002803690
1.000000000 -0.000086489 -0.000119712 0.001150051 0.000086499 1.000000000 0.000078068 0.000035652 0.000119705 -0.000078079 1.000000000 -0.001850617
1.000000000 -0.000103782 -0.000113429 0.002290746 0.000103789 1.000000000 0.000060777 -0.000014328 0.000113422 -0.000060789 1.000000000 -0.002452023
1.000000000 -0.000183486 -0.000148297 0.001204823 0.000183491 1.000000000 0.000029910 0.000335012 0.000148291 -0.000029937 1.000000000 -0.002154970
1.000000000 -0.000121340 -0.000083018 0.000903082 0.000121345 1.000000000 0.000063129 -0.000163785 0.000083010 -0.000063139 1.000000000 -0.003171733
1.000000000 -0.000168421 -0.000123575 0.001731050 0.000168425 1.000000000 0.000024930 -0.000066223 0.000123571 -0.000024950 1.000000000 -0.004052123
1.000000000 -0.000116211 -0.000076262 0.000936649 0.000116217 1.000000000 0.000073290 -0.000254991 0.000076254 -0.000073299 1.000000000 -0.003171648
1.000000000 -0.000208872 -0.000100687 0.000044097 0.000208876 1.000000000 0.000039712 0.000647045 0.000100679 -0.000039733 1.000000000 -0.000801497
1.000000000 -0.000168725 -0.000115438 0.001834564 0.000168729 1.000000000 0.000037103 -0.000150298 0.000115432 -0.000037122 1.000000000 -0.003253634
1.000000000 -0.000117427 -0.000130932 0.003114702 0.000117448 1.000000000 0.000156969 -0.000610334 0.000130914 -0.000156985 1.000000000 -0.005070076
1.000000000 -0.000138721 -0.000115087 0.000489703 0.000138723 1.000000000 0.000021774 0.000135518 0.000115083 -0.000021790 1.000000000 -0.003284083
1.000000000 -0.000163549 -0.000091206 0.000454685 0.000163553 1.000000000 0.000039856 0.000176975 0.000091200 -0.000039871 1.000000000 -0.001079116
1.000000000 -0.000125620 -0.000164823 0.001465790 0.000125612 1.000000000 -0.000052035 0.000533872 0.000164829 0.000052014 1.000000000 0.002454907
1.000000000 -0.000207760 -0.000051169 0.000383787 0.000207732 0.999999821 -0.000549086 -0.002044807 0.000051283 0.000549075 0.999999821 0.052696601
1.000000000 0.000048111 -0.000065406 0.001933573 -0.000048186 0.999999344 -0.001152295 -0.004526342 0.000065351 0.001152298 0.999999344 0.141410336
1.000000000 -0.000102374 0.000008606 0.002594062 0.000102387 0.999998868 -0.001507320 -0.007443225 -0.000008452 0.001507321 0.999998868 0.260347188
1.000000000 0.000015315 -0.000068181 0.005636678 -0.000015416 0.999998927 -0.001480526 -0.011086415 0.000068158 0.001480527 0.999998927 0.391058236
1.000000000 0.000080886 -0.000086471 0.010171960 -0.000080992 0.999999225 -0.001226712 -0.016847754 0.000086372 0.001226719 0.999999225 0.528651536
1.000000000 0.000060834 0.000000244 0.013549708 -0.000060834 0.999999523 -0.000994718 -0.022493340 -0.000000305 0.000994718 0.999999523 0.684854984
1.000000000 0.000023341 -0.000058718 0.019946350 -0.000023400 0.999999523 -0.000998006 -0.026136667 0.000058695 0.000998007 0.999999523 0.844540477
0.999999881 0.000513601 0.000147667 0.016742863 -0.000513480 0.999999523 -0.000815379 -0.025668595 -0.000148086 0.000815303 0.999999642 1.024727464
1.000000000 0.000006921 -0.000067035 0.027302304 -0.000006962 0.999999821 -0.000616116 -0.031824499 0.000067031 0.000616116 0.999999821 1.202564955
0.999999702 0.000788224 -0.000062883 0.020650461 -0.000788254 0.999999523 -0.000479594 -0.041618839 0.000062505 0.000479643 0.999999821 1.377979159
0.999999702 0.000763698 -0.000255017 0.024212811 -0.000763805 0.999999583 -0.000422544 -0.044320382 0.000254694 0.000422739 0.999999821 1.571978450
0.999999881 0.000077256 0.000510278 0.022776209 -0.000077305 1.000000000 0.000095919 -0.055777021 -0.000510271 -0.000095958 0.999999881 1.774461269
0.999999940 0.000201911 0.000414806 0.030827111 -0.000201989 1.000000000 0.000188217 -0.061511882 -0.000414768 -0.000188301 0.999999940 1.978968382
0.999999821 0.000036497 0.000575674 0.032614049 -0.000036614 1.000000000 0.000204682 -0.066413060 -0.000575666 -0.000204703 0.999999821 2.189491749
0.999999821 0.000445301 0.000567996 0.034917686 -0.000445570 0.999999821 0.000472987 -0.073475458 -0.000567785 -0.000473240 0.999999821 2.410393715
0.999999762 0.000598608 0.000087263 0.043804463 -0.000598635 0.999999762 0.000318288 -0.083136141 -0.000087072 -0.000318340 0.999999940 2.632130384
0.999999881 0.000410838 -0.000019410 0.047685727 -0.000410832 0.999999881 0.000306731 -0.088209845 0.000019536 -0.000306723 0.999999940 2.864679337
0.999999702 0.000718847 0.000295965 0.047173209 -0.000718969 0.999999642 0.000412274 -0.091988295 -0.000295669 -0.000412487 0.999999881 3.099515676
1.000000000 0.000263498 0.000172416 0.054234166 -0.000263558 0.999999881 0.000345646 -0.102927178 -0.000172325 -0.000345692 0.999999940 3.340618372
0.999999881 0.000424441 0.000197930 0.064787172 -0.000424589 0.999999762 0.000751241 -0.120064683 -0.000197611 -0.000751325 0.999999702 3.581697941
0.999999762 0.000702868 0.000091284 0.067359097 -0.000702953 0.999999404 0.000931315 -0.124557011 -0.000090629 -0.000931379 0.999999583 3.834791660
0.999999881 0.000309722 0.000200505 0.077514738 -0.000309907 0.999999583 0.000922572 -0.134968445 -0.000200219 -0.000922634 0.999999583 4.096080780
0.999999464 0.000831464 0.000457936 0.076871537 -0.000831989 0.999998927 0.001147615 -0.147555292 -0.000456982 -0.001147995 0.999999225 4.356307507
0.999999464 0.000882397 0.000392034 0.083226509 -0.000882848 0.999998927 0.001153377 -0.153779164 -0.000391016 -0.001153722 0.999999225 4.609533787
0.999999404 0.000898450 0.000543607 0.088365853 -0.000899271 0.999998391 0.001511821 -0.162059709 -0.000542248 -0.001512309 0.999998689 4.869128227
0.999999702 0.000561831 0.000486788 0.089430682 -0.000562803 0.999997854 0.001998158 -0.180239901 -0.000485665 -0.001998432 0.999997914 5.118283749
0.999999762 0.000700987 0.000257257 0.094384909 -0.000701470 0.999998033 0.001882503 -0.185354203 -0.000255937 -0.001882683 0.999998271 5.390878201
0.999999404 0.000942866 0.000540440 0.098540388 -0.000943990 0.999997318 0.002083615 -0.195207268 -0.000538474 -0.002084124 0.999997735 5.653420448
0.999999523 0.000916164 0.000471366 0.102288432 -0.000917149 0.999997437 0.002092490 -0.202691987 -0.000469447 -0.002092921 0.999997675 5.931477070
0.999999285 0.000966188 0.000714634 0.099372558 -0.000967706 0.999997258 0.002127616 -0.219420776 -0.000712576 -0.002128306 0.999997497 6.203788280
0.999998271 0.001510665 0.001033609 0.103555627 -0.001513005 0.999996305 0.002266683 -0.227522567 -0.001030181 -0.002268243 0.999996960 6.485039711
0.999998331 0.001492106 0.001011543 0.109721228 -0.001494532 0.999995947 0.002401163 -0.236372635 -0.001007957 -0.002402671 0.999996662 6.770852089
0.999998868 0.001310266 0.000722513 0.127766669 -0.001311985 0.999996305 0.002383512 -0.250920683 -0.000719388 -0.002384457 0.999996841 7.069467068
0.999998987 0.001296437 0.000553603 0.131043211 -0.001297656 0.999996722 0.002207223 -0.254505545 -0.000550740 -0.002207940 0.999997377 7.374294281
0.999998629 0.001422649 0.000862925 0.135154545 -0.001424610 0.999996424 0.002275795 -0.266018271 -0.000859685 -0.002277022 0.999997020 7.679152489
0.999999285 0.000987004 0.000684121 0.149557769 -0.000988701 0.999996424 0.002484589 -0.278710812 -0.000681666 -0.002485263 0.999996662 7.999526978
0.999998927 0.001302328 0.000642985 0.151062235 -0.001303938 0.999996006 0.002509297 -0.288597405 -0.000639714 -0.002510133 0.999996603 8.320882797
0.999998391 0.001567161 0.000803952 0.165237486 -0.001569307 0.999995232 0.002675535 -0.300789922 -0.000799755 -0.002676793 0.999996066 8.637119293
0.999997318 0.002085731 0.000974760 0.164482340 -0.002088332 0.999994278 0.002674741 -0.305040091 -0.000969175 -0.002676770 0.999995947 8.978283882
0.999997973 0.001819157 0.000947718 0.170899168 -0.001821569 0.999995112 0.002549669 -0.316835195 -0.000943075 -0.002551390 0.999996364 9.340097427
0.999998093 0.001714661 0.000928706 0.180453554 -0.001717209 0.999994755 0.002749282 -0.335356265 -0.000923987 -0.002750871 0.999995768 9.645890236
0.999996305 0.002391012 0.001287766 0.185943767 -0.002394551 0.999993384 0.002753544 -0.343053311 -0.001281174 -0.002756617 0.999995351 9.999560356
0.999997020 0.002127838 0.001204769 0.193189651 -0.002131137 0.999993920 0.002743219 -0.353838027 -0.001198924 -0.002745779 0.999995470 10.358571053
0.999997437 0.001869278 0.001253678 0.201817051 -0.001873287 0.999993086 0.003204887 -0.367814183 -0.001247679 -0.003207227 0.999994099 10.728176117
0.999997914 0.001589389 0.001292388 0.209198549 -0.001593470 0.999993742 0.003162817 -0.376687914 -0.001287353 -0.003164870 0.999994159 11.094529152
0.999997318 0.001816423 0.001435012 0.214492336 -0.001821096 0.999992967 0.003262072 -0.387965173 -0.001429077 -0.003264677 0.999993563 11.473385811
0.999996841 0.002072284 0.001421314 0.222193599 -0.002076939 0.999992430 0.003280654 -0.395732909 -0.001414505 -0.003283595 0.999993563 11.856268883
0.999997675 0.001673675 0.001356358 0.235768199 -0.001678752 0.999991536 0.003750475 -0.413884133 -0.001350069 -0.003752743 0.999992013 12.243050575
0.999996185 0.002245072 0.001657961 0.242895633 -0.002251490 0.999989986 0.003880015 -0.423201770 -0.001649233 -0.003883733 0.999991059 12.629487038
0.999996603 0.002041631 0.001608386 0.252703965 -0.002047430 0.999991477 0.003612499 -0.436931878 -0.001600997 -0.003615781 0.999992192 13.000486374
0.999995053 0.002628556 0.001733310 0.265861899 -0.002634836 0.999989986 0.003630817 -0.447750479 -0.001723749 -0.003635366 0.999991953 13.406371117
0.999994159 0.002674355 0.002120157 0.275963098 -0.002682651 0.999988675 0.003919836 -0.460837334 -0.002109650 -0.003925501 0.999990165 13.800933838
0.999995291 0.002225541 0.002105600 0.279838800 -0.002234424 0.999988556 0.004225974 -0.485321373 -0.002096171 -0.004230659 0.999988794 14.224575043
0.999995470 0.002183911 0.002122120 0.294060409 -0.002192447 0.999989510 0.004028615 -0.497937769 -0.002113300 -0.004033249 0.999989569 14.648891449
0.999996305 0.001702577 0.002093639 0.308615208 -0.001712145 0.999988079 0.004576741 -0.513365746 -0.002085822 -0.004580310 0.999987304 15.077166557
0.999994457 0.001940263 0.002704957 0.309884220 -0.001952855 0.999987245 0.004660382 -0.528066635 -0.002695880 -0.004665639 0.999985397 15.499256134
0.999992967 0.002161778 0.003083791 0.318829894 -0.002176278 0.999986589 0.004706587 -0.538756251 -0.003073574 -0.004713265 0.999984086 15.942474365
0.999990463 0.002559487 0.003543233 0.327414602 -0.002576851 0.999984682 0.004904486 -0.549731493 -0.003530626 -0.004913569 0.999981701 16.388225555
0.999991357 0.002162975 0.003542636 0.335084140 -0.002181283 0.999984264 0.005172213 -0.568525910 -0.003531393 -0.005179896 0.999980271 16.807771683
0.999990880 0.002015156 0.003760294 0.347362787 -0.002034796 0.999984264 0.005226612 -0.579473078 -0.003749702 -0.005234216 0.999979198 17.270374298
0.999989212 0.002106648 0.004130146 0.357019275 -0.002129144 0.999982953 0.005450139 -0.586400330 -0.004118593 -0.005458875 0.999976575 17.735029221
0.999987841 0.001996711 0.004504199 0.368104696 -0.002021952 0.999982238 0.005606288 -0.619212806 -0.004492925 -0.005615327 0.999974132 18.183815002
0.999983609 0.002785412 0.004995310 0.377706617 -0.002813739 0.999979973 0.005672649 -0.628758550 -0.004979409 -0.005686611 0.999971449 18.654394150
0.999988616 0.001724092 0.004445722 0.399290949 -0.001750049 0.999981344 0.005841388 -0.643208623 -0.004435569 -0.005849102 0.999972999 19.126016617
0.999986231 0.002119458 0.004793638 0.410889208 -0.002148878 0.999978840 0.006140565 -0.659438372 -0.004780522 -0.006150781 0.999969661 19.597387314
0.999984920 0.002680073 0.004789175 0.425368667 -0.002709613 0.999977291 0.006172260 -0.684647620 -0.004772524 -0.006185143 0.999969482 20.094638824
0.999986947 0.002152917 0.004622382 0.439530611 -0.002181431 0.999978602 0.006172634 -0.695668340 -0.004608994 -0.006182637 0.999970257 20.589920044
0.999991119 0.001820906 0.003803812 0.470606565 -0.001846735 0.999975145 0.006797874 -0.734656334 -0.003791340 -0.006804839 0.999969602 21.040468216
0.999993384 0.001728424 0.003214472 0.479758292 -0.001750605 0.999974549 0.006910469 -0.743768454 -0.003202446 -0.006916050 0.999970973 21.548755646
0.999993622 0.002007537 0.002964398 0.485981435 -0.002029243 0.999971032 0.007337492 -0.762106121 -0.002949582 -0.007343461 0.999968708 22.053394318
0.999991536 0.002603864 0.003190356 0.488835931 -0.002626503 0.999971271 0.007112545 -0.774324298 -0.003171744 -0.007120865 0.999969602 22.557983398
0.999994040 0.002340894 0.002537237 0.500395596 -0.002359173 0.999971211 0.007225500 -0.784027278 -0.002520249 -0.007231444 0.999970675 23.080076218
0.999996543 0.001803087 0.001906462 0.515416384 -0.001817083 0.999971211 0.007364981 -0.801716805 -0.001893127 -0.007368419 0.999971032 23.584478378
0.999998927 0.000660766 0.001351407 0.523751676 -0.000671171 0.999970019 0.007713675 -0.823559463 -0.001346269 -0.007714574 0.999969304 24.095916748
0.999995530 0.002655079 0.001354609 0.520034432 -0.002664277 0.999973059 0.006833860 -0.824077129 -0.001336428 -0.006837438 0.999975741 24.644533157
0.999997079 0.002284416 0.000746080 0.537139177 -0.002289812 0.999970615 0.007313618 -0.841664016 -0.000729351 -0.007315305 0.999972999 25.172182083
0.999995053 0.003151727 -0.000060005 0.539578974 -0.003151199 0.999968052 0.007361704 -0.850941241 0.000083205 -0.007361480 0.999972880 25.716566086
0.999996960 0.002472628 -0.000269170 0.549044669 -0.002470627 0.999971151 0.007195108 -0.862060905 0.000286953 -0.007194421 0.999974072 26.271984100
0.999997675 0.001832846 -0.001150014 0.563826382 -0.001823717 0.999967158 0.007889310 -0.874432325 0.001164436 -0.007887195 0.999968231 26.804113388
0.999996901 0.001972999 -0.001552327 0.583452940 -0.001960585 0.999966383 0.007958282 -0.895235658 0.001567976 -0.007955214 0.999967158 27.350254059
0.999993563 0.003059774 -0.001847279 0.582708836 -0.003044460 0.999961436 0.008236594 -0.905462861 0.001872409 -0.008230917 0.999964356 27.876266479
0.999992967 0.002879144 -0.002390881 0.592083395 -0.002859609 0.999962747 0.008134264 -0.913383186 0.002414212 -0.008127370 0.999963999 28.422370911
0.999991775 0.003077697 -0.002611057 0.594964743 -0.003055536 0.999959588 0.008449184 -0.935377061 0.002636955 -0.008441136 0.999960899 28.947446823
0.999990702 0.003273626 -0.002791062 0.604915142 -0.003250420 0.999960363 0.008278655 -0.945804477 0.002818053 -0.008269507 0.999961793 29.496376038
0.999990821 0.002713060 -0.003312799 0.618528008 -0.002684481 0.999959350 0.008601090 -0.963706493 0.003336000 -0.008592118 0.999957502 30.000843048
0.999989331 0.003229197 -0.003305834 0.629055202 -0.003200732 0.999958038 0.008579973 -0.978479207 0.003333402 -0.008569300 0.999957681 30.557107925
0.999989212 0.003237459 -0.003304590 0.632892966 -0.003208110 0.999955714 0.008848400 -0.992104411 0.003333090 -0.008837705 0.999955356 31.096879959
0.999987960 0.002839455 -0.003993160 0.653514683 -0.002804321 0.999957502 0.008776907 -1.007708788 0.004017913 -0.008765604 0.999953449 31.634258270
0.999987125 0.003017771 -0.004063391 0.666424036 -0.002982304 0.999957621 0.008706436 -1.024538755 0.004089493 -0.008694206 0.999953866 32.167282104
0.999987364 0.003137878 -0.003959506 0.662849784 -0.003101279 0.999952734 0.009215769 -1.043591499 0.003988237 -0.009203373 0.999949694 32.692642212
0.999984920 0.003095417 -0.004527972 0.675490975 -0.003053588 0.999952853 0.009215775 -1.059828281 0.004556285 -0.009201811 0.999947250 33.230648041
0.999985099 0.002904061 -0.004622334 0.687898755 -0.002861317 0.999953389 0.009227166 -1.071438551 0.004648914 -0.009213803 0.999946773 33.757160187
0.999984920 0.002875951 -0.004660075 0.684230447 -0.002831448 0.999950528 0.009528429 -1.080191612 0.004687247 -0.009515091 0.999943733 34.352905273
0.999982476 0.003141268 -0.005028034 0.710776865 -0.003093732 0.999950647 0.009434228 -1.079080701 0.005057421 -0.009418505 0.999942839 34.897560120
0.999983907 0.003610450 -0.004366089 0.694498479 -0.003568258 0.999947190 0.009633099 -1.101414800 0.004400638 -0.009617365 0.999944031 35.454872131
0.999984741 0.003228476 -0.004480804 0.712281227 -0.003184637 0.999947250 0.009756538 -1.110073805 0.004512066 -0.009742118 0.999942422 35.992420197
0.999983966 0.003187627 -0.004670830 0.714840889 -0.003142358 0.999948442 0.009667343 -1.125360250 0.004701406 -0.009652512 0.999942303 36.554996490
0.999980628 0.003296943 -0.005289822 0.725915074 -0.003246122 0.999948740 0.009587440 -1.134349346 0.005321161 -0.009570082 0.999939978 37.100479126
0.999981701 0.002914537 -0.005295893 0.729142249 -0.002861655 0.999946237 0.009965842 -1.155731082 0.005324653 -0.009950505 0.999936342 37.630733490
0.999981225 0.002994489 -0.005336361 0.740351915 -0.002941239 0.999946117 0.009958665 -1.167458773 0.005365893 -0.009942783 0.999936223 38.182998657
0.999980927 0.003197995 -0.005275343 0.735116124 -0.003143326 0.999941647 0.010339040 -1.172635078 0.005308099 -0.010322261 0.999932647 38.732006073
0.999978542 0.003288094 -0.005660943 0.766508222 -0.003230591 0.999943495 0.010137123 -1.214621305 0.005693954 -0.010118619 0.999932587 39.402996063
0.999977708 0.003091562 -0.005913139 0.782054186 -0.003029399 0.999940395 0.010492790 -1.232610106 0.005945224 -0.010474644 0.999927521 39.939506531
0.999976814 0.003266380 -0.005963246 0.791670680 -0.003202394 0.999937475 0.010708207 -1.246967912 0.005997851 -0.010688864 0.999924839 40.504962921
0.999976695 0.003103266 -0.006072422 0.799724638 -0.003038754 0.999939144 0.010604305 -1.255122423 0.006104960 -0.010585605 0.999925315 41.074588776
0.999977410 0.003591190 -0.005686616 0.806917310 -0.003527378 0.999931157 0.011191901 -1.289123416 0.005726416 -0.011171591 0.999921203 41.611900330
0.999974370 0.003167558 -0.006421565 0.829336166 -0.003096269 0.999933839 0.011081155 -1.303549051 0.006456240 -0.011060989 0.999917984 42.146057129
0.999976754 0.003610682 -0.005792814 0.836989224 -0.003546264 0.999932230 0.011092301 -1.312506914 0.005832472 -0.011071500 0.999921679 42.690292358
0.999976277 0.003327545 -0.006040847 0.845885992 -0.003256422 0.999925733 0.011745559 -1.321915507 0.006079482 -0.011725607 0.999912798 43.225036621
0.999974251 0.003341735 -0.006343750 0.855018973 -0.003271272 0.999933183 0.011085661 -1.333108783 0.006380372 -0.011064626 0.999918401 43.880664825
0.999974787 0.003162879 -0.006357529 0.863809109 -0.003092113 0.999933422 0.011110324 -1.343349695 0.006392248 -0.011090383 0.999918044 44.420368195
0.999973774 0.003658212 -0.006251551 0.868085563 -0.003588981 0.999932528 0.011049824 -1.352101326 0.006291552 -0.011027095 0.999919415 44.953624725
0.999972522 0.004302877 -0.006039687 0.872082651 -0.004237151 0.999932110 0.010853329 -1.362653494 0.006085979 -0.010827440 0.999922872 45.504352570
0.999974668 0.003086920 -0.006401094 0.883477032 -0.003012884 0.999928832 0.011543687 -1.384039879 0.006436272 -0.011524110 0.999912858 46.050159454
0.999972582 0.002958162 -0.006787087 0.893162966 -0.002877714 0.999925852 0.011832364 -1.396410584 0.006821587 -0.011812509 0.999906957 46.584720612
0.999972701 0.002897625 -0.006794688 0.909557700 -0.002815910 0.999924004 0.012005217 -1.412229538 0.006828957 -0.011985757 0.999904811 47.142559052
0.999974728 0.003129494 -0.006387438 0.892664671 -0.003052975 0.999923885 0.011954363 -1.425852299 0.006424364 -0.011934560 0.999908149 47.708747864
0.999974787 0.002891910 -0.006481255 0.912087858 -0.002818886 0.999932826 0.011248078 -1.378987551 0.006513348 -0.011229526 0.999915779 48.222286224
0.999973714 0.002707109 -0.006729990 0.913844764 -0.002626082 0.999924302 0.012019452 -1.448551178 0.006762019 -0.012001460 0.999905109 48.806400299
0.999974012 0.002253905 -0.006865709 0.927622080 -0.002167994 0.999919593 0.012494991 -1.464851737 0.006893319 -0.012479780 0.999898374 49.350879669
0.999973655 0.002519231 -0.006811823 0.922095656 -0.002438328 0.999926686 0.011859355 -1.465140581 0.006841201 -0.011842433 0.999906480 49.899837494
0.999970376 0.002155576 -0.007393246 0.953406930 -0.002063537 0.999920547 0.012434278 -1.470121980 0.007419461 -0.012418653 0.999895275 50.428630829
0.999975383 0.002529395 -0.006533081 0.924788415 -0.002449685 0.999922812 0.012180335 -1.490632415 0.006563386 -0.012164030 0.999904454 50.957447052
0.999975324 0.002771833 -0.006442631 0.930209458 -0.002692709 0.999921262 0.012257645 -1.498184323 0.006476099 -0.012239994 0.999904096 51.514739990
0.999973893 0.003121777 -0.006512973 0.941214800 -0.003038395 0.999913752 0.012773359 -1.518682003 0.006552288 -0.012753236 0.999897182 52.047931671
0.999974132 0.002816126 -0.006622602 0.958647728 -0.002732940 0.999917686 0.012536517 -1.529948473 0.006657361 -0.012518093 0.999899507 52.598300934
0.999973774 0.003507013 -0.006322941 0.948150396 -0.003426351 0.999913216 0.012723052 -1.541710734 0.006367012 -0.012701057 0.999899089 53.157562256
0.999972999 0.003607742 -0.006392516 0.956013441 -0.003526732 0.999913931 0.012638930 -1.551099300 0.006437564 -0.012616047 0.999899745 53.705974579
0.999974012 0.002696689 -0.006690377 0.979232430 -0.002611395 0.999915540 0.012724968 -1.553126454 0.006724129 -0.012707167 0.999896586 54.203643799
0.999973655 0.003001766 -0.006598626 0.990269005 -0.002916997 0.999913573 0.012818763 -1.556840301 0.006636534 -0.012799180 0.999896049 54.730777740
0.999975622 0.003297751 -0.006156551 0.991563201 -0.003220099 0.999915600 0.012580483 -1.562848330 0.006197519 -0.012560352 0.999901891 55.281093597
0.999975681 0.003225320 -0.006172443 1.003472686 -0.003144168 0.999909103 0.013112221 -1.579028606 0.006214174 -0.013092497 0.999894977 55.785686493
0.999976754 0.002990519 -0.006135822 1.009350777 -0.002912324 0.999914944 0.012713481 -1.579718232 0.006173320 -0.012695316 0.999900401 56.385791779
0.999975741 0.003354857 -0.006107721 1.022306204 -0.003272331 0.999903858 0.013471873 -1.599641442 0.006152330 -0.013451558 0.999890625 56.880336761
0.999977291 0.003331918 -0.005856050 1.032730937 -0.003253030 0.999904454 0.013429514 -1.615044117 0.005900237 -0.013410157 0.999892652 57.382396698
0.999974072 0.002883086 -0.006593064 1.059913516 -0.002790082 0.999897063 0.014072288 -1.633803606 0.006632958 -0.014053527 0.999879241 57.931209564
0.999977410 0.002901354 -0.006058831 1.045906544 -0.002819063 0.999904215 0.013546638 -1.629094839 0.006097553 -0.013529250 0.999889851 58.478736877
0.999976397 0.003341172 -0.005994836 1.053230286 -0.003259883 0.999903321 0.013518851 -1.636097193 0.006039425 -0.013498991 0.999890625 59.033828735
0.999976933 0.003304074 -0.005928029 1.064486980 -0.003223858 0.999903798 0.013490504 -1.649108648 0.005972032 -0.013471082 0.999891400 59.568767548
0.999976635 0.002974431 -0.006159525 1.077385783 -0.002890267 0.999902904 0.013628222 -1.656443596 0.006199464 -0.013610101 0.999888182 60.124633789
0.999977231 0.002635871 -0.006208394 1.081957936 -0.002549960 0.999901474 0.013805421 -1.659320712 0.006244172 -0.013789278 0.999885440 60.702327728
0.999976754 0.002988741 -0.006126867 1.094232917 -0.002904832 0.999902487 0.013658644 -1.672641873 0.006167091 -0.013640528 0.999887884 61.242378235
0.999975085 0.003962359 -0.005843698 1.106387138 -0.003880172 0.999894321 0.014009166 -1.683502913 0.005898590 -0.013986141 0.999884844 61.781658173
0.999975801 0.003560530 -0.005980915 1.108402252 -0.003477849 0.999899030 0.013778187 -1.694275379 0.006029369 -0.013757055 0.999887168 62.315753937
0.999975085 0.003844269 -0.005928593 1.109148026 -0.003759503 0.999891460 0.014243302 -1.704239845 0.005982704 -0.014220657 0.999880970 62.837314606
0.999974966 0.003359322 -0.006235357 1.116836548 -0.003273500 0.999900401 0.013723411 -1.704106331 0.006280838 -0.013702655 0.999886394 63.397571564
0.999974489 0.002524641 -0.006684681 1.190948963 -0.002428778 0.999894679 0.014310260 -1.709791899 0.006720104 -0.014293659 0.999875247 63.842002869
0.999973059 0.002704881 -0.006815343 1.205021858 -0.002605741 0.999891222 0.014513750 -1.724874735 0.006853859 -0.014495601 0.999871433 64.374374390
0.999972105 0.002698608 -0.006964434 1.210861921 -0.002599426 0.999895632 0.014211338 -1.728138447 0.007002058 -0.014192838 0.999874771 64.917518616
0.999972999 0.003055732 -0.006674578 1.210674286 -0.002960515 0.999894381 0.014229103 -1.735872746 0.006717353 -0.014208959 0.999876440 65.458854675
0.999974847 0.002663933 -0.006573504 1.220463514 -0.002570355 0.999895811 0.014203151 -1.730057359 0.006610656 -0.014185898 0.999877453 65.916389465
0.999972761 0.001802479 -0.007152602 1.263066769 -0.001695148 0.999886334 0.014983645 -1.749680758 0.007178797 -0.014971111 0.999862134 66.554862976
0.999973238 0.003009660 -0.006667754 1.231647015 -0.002910673 0.999886096 0.014805862 -1.748867035 0.006711555 -0.014786058 0.999868095 67.016235352
0.999974310 0.003168183 -0.006438366 1.244337320 -0.003073642 0.999888062 0.014641153 -1.757178187 0.006484031 -0.014620987 0.999872088 67.556564331
0.999971807 0.002560331 -0.007057392 1.282058477 -0.002456688 0.999889612 0.014655513 -1.778315067 0.007094136 -0.014637764 0.999867678 67.924530029
0.999971092 0.001986186 -0.007346271 1.299577594 -0.001879481 0.999893010 0.014503658 -1.749250770 0.007374294 -0.014489429 0.999867797 68.627304077
0.999970019 0.002381151 -0.007365548 1.295531869 -0.002270304 0.999884605 0.015021349 -1.796133161 0.007400466 -0.015004177 0.999860108 69.027412415
0.999967635 0.001520446 -0.007900057 1.319359422 -0.001401345 0.999885678 0.015059670 -1.809433222 0.007922051 -0.015048114 0.999855399 69.559478760
0.999972343 0.003265292 -0.006684980 1.278562546 -0.003164640 0.999882221 0.015012051 -1.811890244 0.006733213 -0.014990481 0.999864876 69.985557556
0.999967515 0.002205407 -0.007748189 1.320514679 -0.002093964 0.999894679 0.014361864 -1.776920438 0.007779047 -0.014345175 0.999866784 70.605590820
0.999972820 0.004142651 -0.006094434 1.291746497 -0.004051783 0.999881506 0.014847387 -1.827373028 0.006155220 -0.014822290 0.999871135 71.066215515
0.999971688 0.001291585 -0.007415973 1.326744556 -0.001177364 0.999880970 0.015385687 -1.828853846 0.007434963 -0.015376523 0.999854147 71.553482056
0.999968886 0.003052396 -0.007289683 1.324189663 -0.002943421 0.999884427 0.014913563 -1.836742520 0.007334363 -0.014891642 0.999862134 72.162284851
0.999968708 0.001079694 -0.007837173 1.364472389 -0.000963150 0.999889135 0.014859240 -1.817343712 0.007852347 -0.014851226 0.999858856 72.682693481
0.999969125 0.001177990 -0.007770393 1.371854305 -0.001062275 0.999888718 0.014878991 -1.821916819 0.007787054 -0.014870279 0.999859095 73.230163574
0.999970675 0.001357031 -0.007537389 1.361531019 -0.001240486 0.999879956 0.015445439 -1.849045515 0.007557445 -0.015435636 0.999852300 73.720069885
0.999969006 0.001153482 -0.007787823 1.384244442 -0.001037139 0.999888003 0.014926692 -1.835343480 0.007804168 -0.014918151 0.999858260 74.333030701
0.999970496 0.000811436 -0.007633252 1.348207951 -0.000691453 0.999876380 0.015707998 -1.892828345 0.007645056 -0.015702257 0.999847472 74.757110596
0.999967217 -0.000119288 -0.008104880 1.361909151 0.000246906 0.999875963 0.015746558 -1.898719907 0.008101997 -0.015748041 0.999843180 75.296585083
0.999966979 0.000150387 -0.008124791 1.366208911 -0.000024804 0.999880552 0.015454624 -1.903043032 0.008126145 -0.015453910 0.999847531 75.834259033
0.999975145 0.002178557 -0.006709484 1.351018429 -0.002077250 0.999884307 0.015069127 -1.905444741 0.006741538 -0.015054813 0.999863923 76.464996338
0.999968052 0.000255137 -0.008000860 1.375573874 -0.000134660 0.999886572 0.015055022 -1.893574595 0.008003795 -0.015053461 0.999854624 76.989295959
0.999975383 0.002605758 -0.006518828 1.358947754 -0.002505976 0.999880254 0.015268326 -1.925499558 0.006557834 -0.015251614 0.999862194 77.524154663
0.999978244 0.002438489 -0.006134041 1.363287807 -0.002343277 0.999877393 0.015481460 -1.933491230 0.006171042 -0.015466749 0.999861300 78.069831848
0.999976397 0.001136889 -0.006774903 1.367078900 -0.001031148 0.999877930 0.015590957 -1.951349974 0.006791803 -0.015583606 0.999855459 78.688568115
0.999975979 0.001504438 -0.006760993 1.378279209 -0.001400043 0.999880135 0.015419007 -1.956531167 0.006783380 -0.015409171 0.999858201 79.250396729
0.999979019 0.001306785 -0.006333105 1.379208565 -0.001208913 0.999880195 0.015433276 -1.964098334 0.006352514 -0.015425296 0.999860823 79.792106628
0.999980271 0.001012115 -0.006203612 1.394411922 -0.000916240 0.999880373 0.015438139 -1.965504885 0.006218496 -0.015432148 0.999861598 80.366790771
0.999985695 0.001139120 -0.005230445 1.408910036 -0.001060069 0.999885559 0.015091609 -1.970270753 0.005247037 -0.015085845 0.999872386 80.909812927
0.999991119 0.001781637 -0.003796585 1.420617819 -0.001723007 0.999880016 0.015390622 -1.991475463 0.003823551 -0.015383943 0.999874353 81.480659485
0.999996781 0.001252642 -0.002263507 1.437362194 -0.001217755 0.999881387 0.015349079 -1.991854191 0.002282465 -0.015346272 0.999879658 82.037994385
0.999996781 0.002012429 0.001543457 1.442239523 -0.002036219 0.999876678 0.015570511 -2.001657486 -0.001511932 -0.015573606 0.999877572 82.604202271
0.999987483 0.000807558 0.004928742 1.469917774 -0.000883692 0.999880016 0.015464460 -2.008137703 -0.004915663 -0.015468623 0.999868274 83.123908997
0.999964118 0.001784359 0.008281382 1.486244202 -0.001915665 0.999872088 0.015874824 -2.021961689 -0.008251996 -0.015890118 0.999839604 83.741210938
0.999911785 0.001940393 0.013143938 1.511521816 -0.002142546 0.999879301 0.015383347 -2.026870251 -0.013112502 -0.015410149 0.999795198 84.296676636
0.999807417 0.002311709 0.019484026 1.538438320 -0.002619188 0.999872148 0.015770365 -2.046787262 -0.019445075 -0.015818363 0.999685705 84.877708435
0.999689102 0.001989314 0.024853829 1.570919514 -0.002380032 0.999873877 0.015700985 -2.054085732 -0.024819462 -0.015755255 0.999567747 85.429718018
0.999528170 0.001878643 0.030657280 1.607836246 -0.002362564 0.999873042 0.015756268 -2.061706066 -0.030623788 -0.015821263 0.999405742 86.013107300
0.999260664 0.001926155 0.038396876 1.652722836 -0.002531561 0.999873161 0.015724670 -2.068070412 -0.038361713 -0.015810249 0.999138832 86.603500366
0.998943806 0.001266970 0.045930944 1.704468966 -0.001973207 0.999880433 0.015333986 -2.075874329 -0.045906026 -0.015408421 0.998826981 87.150421143
0.998569071 0.002011041 0.053439055 1.739954710 -0.002842023 0.999876142 0.015478650 -2.079406261 -0.053401310 -0.015608378 0.998451054 87.724342346
0.998058438 0.001635520 0.062265038 1.792847157 -0.002596304 0.999878764 0.015352760 -2.083567619 -0.062232379 -0.015484607 0.997941554 88.271781921
0.997374177 0.001906176 0.072395250 1.859122753 -0.003029716 0.999876559 0.015412902 -2.094968557 -0.072356917 -0.015591768 0.997256935 88.812461853
0.996717036 0.001488405 0.080949165 1.918265343 -0.002747688 0.999876916 0.015447296 -2.098753929 -0.080916218 -0.015619008 0.996598542 89.377174377
0.996025264 0.001328533 0.089062668 1.989286423 -0.002680072 0.999883056 0.015057274 -2.103434563 -0.089032248 -0.015236119 0.995912135 89.944389343
0.995032251 0.001284407 0.099546053 2.068120003 -0.002821730 0.999878824 0.015304067 -2.111318111 -0.099514350 -0.015508932 0.994915247 90.487861633
0.993914843 0.000622840 0.110149272 2.152429104 -0.002291602 0.999884486 0.015024059 -2.116516113 -0.110127181 -0.015185053 0.993801475 91.035484314
0.992859364 0.000684166 0.119288474 2.238954544 -0.002510770 0.999881864 0.015162873 -2.124654770 -0.119264007 -0.015354108 0.992743790 91.590461731
0.991412580 0.001059887 0.130766883 2.332474709 -0.003028101 0.999885082 0.014853396 -2.127635479 -0.130736127 -0.015121819 0.991301835 92.139022827
0.989813924 0.000719139 0.142365351 2.438117981 -0.002878176 0.999883890 0.014960124 -2.142689228 -0.142338067 -0.015217489 0.989701092 92.675811768
0.988185763 0.000181203 0.153261408 2.550107956 -0.002487408 0.999886572 0.014855909 -2.150890827 -0.153241307 -0.015061620 0.988074005 93.229568481
0.986531317 0.000072661 0.163572624 2.667024612 -0.002574715 0.999882936 0.015084338 -2.159598112 -0.163552344 -0.015302325 0.986415982 93.788841248
0.984270573 -0.000204641 0.176667392 2.786755562 -0.002448192 0.999887526 0.014797869 -2.163696766 -0.176650554 -0.014997621 0.984159350 94.332885742
0.982058346 -0.000948754 0.188574851 2.917483330 -0.001865200 0.999889553 0.014744191 -2.172322750 -0.188568056 -0.014831387 0.981948078 94.867340088
0.980143547 -0.002253454 0.198276028 3.051335335 -0.000631337 0.999894857 0.014484948 -2.179101944 -0.198287830 -0.014322510 0.980039179 95.390625000
0.977330148 -0.001618357 0.211714759 3.190906525 -0.001574814 0.999887586 0.014912931 -2.186026573 -0.211715087 -0.014908269 0.977217734 95.943855286
0.974293888 -0.002099453 0.225271061 3.339736938 -0.001299499 0.999887586 0.014938939 -2.189294815 -0.225277066 -0.014847655 0.974181592 96.486900330
0.971655309 -0.002010146 0.236393496 3.488393784 -0.001513814 0.999890447 0.014724735 -2.194357872 -0.236397192 -0.014665225 0.971545756 97.020744324
0.968613565 -0.002318429 0.248560295 3.652311325 -0.001355890 0.999892294 0.014610185 -2.201497078 -0.248567432 -0.014488644 0.968506217 97.553367615
0.964997411 -0.002631851 0.262246162 3.821529388 -0.001257599 0.999891698 0.014662354 -2.207381964 -0.262256354 -0.014478934 0.964889586 98.066589355
0.961599588 -0.003044496 0.274439156 4.000013351 -0.000937198 0.999896169 0.014376192 -2.216347694 -0.274454385 -0.014081344 0.961497009 98.606224060
0.958389640 -0.003798471 0.285438061 4.190364838 -0.000391551 0.999893010 0.014620770 -2.224115849 -0.285463005 -0.014124158 0.958285630 99.143226624
0.954168797 -0.004002386 0.299242079 4.382001877 -0.000477811 0.999888897 0.014897149 -2.234496593 -0.299268395 -0.014357379 0.954060912 99.663978577
0.949696243 -0.004493313 0.313140333 4.585439682 -0.000078567 0.999893606 0.014585952 -2.236225843 -0.313172579 -0.013876827 0.949594855 100.208892822
0.945894957 -0.005052795 0.324433953 4.783355713 0.000400809 0.999896049 0.014404006 -2.241452217 -0.324473083 -0.013494638 0.945798695 100.721290588
0.941451252 -0.005071332 0.337110758 5.000043869 0.000098803 0.999890924 0.014765950 -2.250103951 -0.337148905 -0.013868114 0.941349328 101.247329712
0.936282635 -0.005296809 0.351207346 5.220518112 0.000208014 0.999894440 0.014525576 -2.255664349 -0.351247221 -0.013526989 0.936184943 101.773796082
0.931627393 -0.005814119 0.363368362 5.447185516 0.000570254 0.999894142 0.014536873 -2.261797905 -0.363414377 -0.013335738 0.931532145 102.296066284
0.927431762 -0.006539635 0.373935193 5.675792694 0.001113599 0.999890924 0.014724838 -2.270028591 -0.373990744 -0.013239866 0.927337885 102.804000854
0.921773851 -0.006030782 0.387680978 5.912174225 0.000435260 0.999894440 0.014519506 -2.271894455 -0.387727559 -0.013214957 0.921679258 103.318519592
0.916108847 -0.006512003 0.400876790 6.159469604 0.000732995 0.999893606 0.014567583 -2.277731895 -0.400929004 -0.013051650 0.916016161 103.821876526
0.911168456 -0.007089606 0.411973238 6.409790039 0.001261848 0.999895275 0.014416243 -2.285021067 -0.412032336 -0.012615777 0.911081851 104.320846558
0.904759467 -0.007173683 0.425862491 6.682250977 0.001013265 0.999891579 0.014690526 -2.291182041 -0.425921649 -0.012859879 0.904668748 104.829170227
0.897988796 -0.007793601 0.439949214 6.957538605 0.001494248 0.999891520 0.014662908 -2.297715664 -0.440015674 -0.012509736 0.897902906 105.323577881
0.892127097 -0.008411712 0.451706171 7.231426239 0.002102294 0.999893188 0.014468036 -2.304139137 -0.451779604 -0.011957706 0.892049432 105.810066223
0.886481643 -0.008877160 0.462678522 7.508937836 0.002357673 0.999889672 0.014667090 -2.305333376 -0.462757707 -0.011911259 0.886404693 106.290451050
0.879233599 -0.009324454 0.476299465 7.794986725 0.002837744 0.999893188 0.014336397 -2.308209658 -0.476382256 -0.011253427 0.879166245 106.778244019
0.872288704 -0.009574422 0.488897413 8.084590912 0.002897668 0.999891937 0.014411576 -2.315068245 -0.488982648 -0.011154395 0.872222126 107.242828369
0.866537809 -0.010558262 0.498999745 8.385807037 0.003917762 0.999889314 0.014353122 -2.318268299 -0.499096066 -0.010482561 0.866483271 107.716094971
