1.000000000 0.000000000 0.000000000 0.000000000 0.000000000 1.000000000 0.000000000 0.000000000 0.000000000 0.000000000 1.000000000 0.000000000
1.000000000 -0.000010418 -0.000087474 0.000640515 0.000010411 1.000000000 -0.000078813 0.000710236 0.000087475 0.000078812 1.000000000 -0.000175597
1.000000000 -0.000080740 0.000041578 0.000386263 0.000080740 1.000000000 0.000008880 0.000410637 -0.000041579 -0.000008876 1.000000000 0.000339171
1.000000000 -0.000044929 0.000016237 0.000321132 0.000044929 1.000000000 -0.000006013 0.000582953 -0.000016236 0.000006014 1.000000000 -0.000115875
1.000000000 -0.000197976 -0.000011051 0.000387140 0.000197976 1.000000000 0.000048822 -0.000542533 0.000011042 -0.000048824 1.000000000 -0.001153726
1.000000000 0.000026911 0.000173706 -0.000015272 -0.000026900 1.000000000 -0.000065237 0.001001727 -0.000173707 0.000065232 1.000000000 0.000473689
1.000000000 -0.000085270 0.000038704 0.001374826 0.000085270 1.000000000 -0.000002715 0.000751595 -0.000038704 0.000002718 1.000000000 0.000628291
1.000000000 0.000019725 0.000021794 -0.000086725 -0.000019727 1.000000000 0.000104009 -0.000642445 -0.000021792 -0.000104009 1.000000000 -0.001222761
1.000000000 0.000017069 -0.000054487 0.000177500 -0.000017072 1.000000000 -0.000055791 -0.000589567 0.000054486 0.000055791 1.000000000 -0.001964200
1.000000000 0.000011984 0.000015031 -0.000143379 -0.000011985 1.000000000 0.000042052 -0.001301592 -0.000015030 -0.000042052 1.000000000 -0.002106871
1.000000000 0.000067089 0.000020994 -0.000736824 -0.000067090 1.000000000 0.000076766 -0.001050839 -0.000020989 -0.000076768 1.000000000 -0.000688008
1.000000000 -0.000045409 0.000034879 -0.000248625 0.000045406 1.000000000 0.000101308 -0.001316761 -0.000034884 -0.000101307 1.000000000 -0.001951926
1.000000000 0.000148846 0.000074965 -0.000550287 -0.000148840 1.000000000 -0.000086947 -0.000441923 -0.000074978 0.000086936 1.000000000 -0.000429814
1.000000000 -0.000051157 0.000013893 0.000318446 0.000051157 1.000000000 0.000032403 0.000395805 -0.000013895 -0.000032402 1.000000000 0.000093064
1.000000000 0.000050358 0.000036591 -0.001601794 -0.000050354 1.000000000 -0.000124561 0.000590574 -0.000036597 0.000124560 1.000000000 -0.001127516
1.000000000 0.000190537 -0.000039022 0.000340153 -0.000190542 1.000000000 -0.000121648 0.002065420 0.000038999 0.000121655 1.000000000 0.002250619
0.999999940 0.000240843 0.000100977 -0.001326624 -0.000240830 0.999999940 -0.000137246 0.002295516 -0.000101010 0.000137222 1.000000000 0.002726518
1.000000000 0.000242012 0.000015220 -0.001031281 -0.000242010 0.999999940 -0.000134459 0.001288711 -0.000015252 0.000134456 1.000000000 -0.000368882
0.999999940 0.000306438 0.000173268 -0.002210693 -0.000306421 0.999999940 -0.000099212 0.002271852 -0.000173299 0.000099159 1.000000000 0.002453953
1.000000000 0.000147998 0.000170045 -0.001380307 -0.000147979 1.000000000 -0.000110945 0.001745752 -0.000170061 0.000110920 1.000000000 0.002135565
1.000000000 0.000187976 0.000107745 -0.001530947 -0.000187970 1.000000000 -0.000053799 0.001592506 -0.000107755 0.000053779 1.000000000 0.001780950
0.999999940 0.000240120 0.000073121 -0.001821792 -0.000240115 0.999999940 -0.000072875 0.002097107 -0.000073138 0.000072858 1.000000000 0.001962598
1.000000000 0.000191556 0.000004323 -0.000588931 -0.000191555 1.000000000 -0.000085531 0.002288569 -0.000004340 0.000085530 1.000000000 0.003071297
1.000000000 0.000178748 0.000081846 -0.001500331 -0.000178745 1.000000000 -0.000040557 0.002672810 -0.000081853 0.000040542 1.000000000 0.003180590
0.999999881 0.000530708 0.000069941 -0.001888017 -0.000530706 0.999999881 -0.000027580 0.002203334 -0.000069956 0.000027543 1.000000000 0.003602978
0.999999940 0.000403930 0.000091828 -0.001541300 -0.000403923 0.999999940 -0.000077853 0.002265431 -0.000091859 0.000077816 1.000000000 0.001719027
0.999999940 0.000276325 0.000126977 -0.001955561 -0.000276315 0.999999940 -0.000077095 0.002815631 -0.000126999 0.000077060 1.000000000 0.003607371
0.999999940 0.000295635 0.000195661 -0.002569367 -0.000295639 0.999999940 0.000021198 0.001621623 -0.000195655 -0.000021256 1.000000000 0.002520759
0.999999940 0.000257023 0.000087682 -0.001596050 -0.000257019 0.999999940 -0.000048404 0.002301356 -0.000087695 0.000048382 1.000000000 0.002364179
0.999999940 0.000260539 0.000161095 -0.002132074 -0.000260519 0.999999940 -0.000124512 0.002839544 -0.000161127 0.000124470 1.000000000 0.003227663
0.999999940 0.000295593 0.000140235 -0.001293810 -0.000295587 0.999999940 -0.000045052 0.002093761 -0.000140248 0.000045011 1.000000000 0.002764264
0.999999940 0.000250316 0.000157405 -0.001073769 -0.000250295 0.999999940 -0.000133711 0.003699781 -0.000157438 0.000133672 1.000000000 0.004094977
1.000000000 0.000215369 0.000067577 -0.000423538 -0.000215356 0.999999940 -0.000202099 0.003712464 -0.000067621 0.000202084 1.000000000 0.004134118
0.999999940 0.000337663 0.000202269 -0.001291986 -0.000337643 0.999999940 -0.000097473 0.002224861 -0.000202302 0.000097405 1.000000000 0.001504200
0.999999881 0.000418816 0.000189402 -0.002635624 -0.000418780 0.999999881 -0.000190879 0.002527811 -0.000189482 0.000190800 0.999999940 0.002079409
0.999999940 0.000345519 0.000170011 -0.001616269 -0.000345488 0.999999940 -0.000183944 0.002315480 -0.000170074 0.000183885 0.999999940 0.002731527
1.000000000 0.000196380 0.000094701 -0.000731577 -0.000196372 1.000000000 -0.000078498 0.002540692 -0.000094716 0.000078479 1.000000000 0.002376151
0.999999940 0.000318605 0.000159532 -0.002189634 -0.000318589 0.999999940 -0.000104620 0.003119049 -0.000159565 0.000104569 1.000000000 0.003669664
0.999999881 0.000404598 0.000209061 -0.002071846 -0.000404592 0.999999940 -0.000030728 0.001844032 -0.000209074 0.000030643 1.000000000 0.002968332
1.000000000 0.000204366 0.000086820 0.000021980 -0.000204361 1.000000000 -0.000059442 0.003202692 -0.000086832 0.000059424 1.000000000 0.003363138
1.000000000 0.000136040 0.000067760 -0.000374546 -0.000136031 1.000000000 -0.000140888 0.002033645 -0.000067779 0.000140879 1.000000000 0.004611132
0.999999940 0.000371451 0.000086797 0.001687952 -0.000371397 0.999999762 -0.000620572 -0.000511694 -0.000087027 0.000620540 0.999999821 0.052427392
0.999999881 0.000415463 0.000079968 0.000264127 -0.000415372 0.999999285 -0.001134850 -0.003050163 -0.000080439 0.001134817 0.999999344 0.138536334
1.000000000 0.000222752 0.000093405 0.003386482 -0.000222618 0.999998927 -0.001432570 -0.008544896 -0.000093724 0.001432549 0.999998987 0.252015352
0.999999762 0.000635466 0.000142625 0.008149877 -0.000635302 0.999999166 -0.001143048 -0.010956709 -0.000143351 0.001142957 0.999999344 0.386902034
0.999999940 0.000201693 0.000345009 0.006547085 -0.000201356 0.999999523 -0.000979035 -0.013359298 -0.000345206 0.000978966 0.999999464 0.537304461
1.000000000 -0.000171804 -0.000037250 0.013678188 0.000171765 0.999999404 -0.001055702 -0.020673197 0.000037431 0.001055696 0.999999464 0.681457460
0.999999940 0.000070739 0.000328235 0.015354110 -0.000070592 0.999999881 -0.000445382 -0.026185889 -0.000328266 0.000445359 0.999999821 0.841376841
0.999999821 0.000026572 0.000620514 0.008441015 -0.000026398 0.999999940 -0.000281265 -0.033984017 -0.000620521 0.000281249 0.999999762 1.012480617
0.999999881 0.000216196 0.000366967 0.018113894 -0.000216004 0.999999821 -0.000522941 -0.030601297 -0.000367080 0.000522862 0.999999821 1.204176426
0.999999404 0.000286197 0.001031346 0.019586716 -0.000286154 0.999999940 -0.000041468 -0.044764135 -0.001031358 0.000041173 0.999999464 1.385161519
0.999994874 -0.000297258 0.003160841 -0.017466873 0.000296879 0.999999940 0.000120224 -0.050154191 -0.003160876 -0.000119285 0.999994993 1.573660135
0.999994755 -0.000398741 0.003179840 -0.010111939 0.000398267 0.999999881 0.000149703 -0.052383170 -0.003179899 -0.000148436 0.999994934 1.777056813
0.999994457 -0.000610466 0.003269023 -0.009774132 0.000607994 0.999999523 0.000756986 -0.064437054 -0.003269484 -0.000754994 0.999994397 1.971582651
0.999994218 -0.001341392 0.003116980 -0.002313355 0.001339906 0.999999046 0.000478523 -0.068409897 -0.003117619 -0.000474344 0.999995053 2.184821367
0.999993980 -0.001227748 0.003246810 0.002040844 0.001224361 0.999998689 0.001045014 -0.076148838 -0.003248089 -0.001041033 0.999994218 2.405265570
0.999994278 -0.000625658 0.003321626 0.004084243 0.000621835 0.999999166 0.001152007 -0.086274736 -0.003322344 -0.001149935 0.999993742 2.621885061
0.999993801 -0.000978678 0.003363221 0.010911694 0.000974483 0.999998748 0.001248612 -0.093268268 -0.003364438 -0.001245327 0.999993563 2.854650497
0.999992073 -0.000952318 0.003863535 0.011693555 0.000947330 0.999998689 0.001292453 -0.096388467 -0.003864761 -0.001288783 0.999991655 3.096710443
0.999993205 -0.000403754 0.003669562 0.014482668 0.000397906 0.999998629 0.001594323 -0.108164884 -0.003670201 -0.001592851 0.999991953 3.345014572
0.999992847 -0.000547984 0.003746450 0.020003410 0.000542964 0.999998927 0.001340660 -0.111845568 -0.003747181 -0.001338616 0.999992073 3.572226048
0.999992847 0.000080185 0.003813848 0.021561539 -0.000085816 0.999998927 0.001476485 -0.119832069 -0.003813725 -0.001476802 0.999991655 3.829849005
0.999991834 0.000232512 0.004040112 0.031515073 -0.000239920 0.999998271 0.001833415 -0.122955240 -0.004039678 -0.001834369 0.999990165 4.098075867
0.999991179 -0.000484337 0.004192013 0.041459374 0.000476602 0.999998152 0.001846101 -0.129823327 -0.004192899 -0.001844087 0.999989569 4.354918957
0.999991298 0.000122824 0.004162597 0.033332650 -0.000128125 0.999999166 0.001273179 -0.135544226 -0.004162437 -0.001273701 0.999990463 4.615088463
0.999991298 0.000079112 0.004182172 0.041575454 -0.000084331 0.999999225 0.001247682 -0.141448066 -0.004182071 -0.001248024 0.999990404 4.874942303
0.999989986 0.000515279 0.004445669 0.049680144 -0.000522041 0.999998689 0.001520049 -0.145677626 -0.004444880 -0.001522355 0.999988914 5.135397911
0.999990404 0.000148669 0.004390952 0.054369967 -0.000155501 0.999998808 0.001555517 -0.155066565 -0.004390716 -0.001556185 0.999989092 5.396123409
0.999989569 0.000543396 0.004535153 0.058336847 -0.000551520 0.999998271 0.001790307 -0.166110024 -0.004534171 -0.001792789 0.999988079 5.660001755
0.999989331 0.000460396 0.004595665 0.057255916 -0.000468814 0.999998212 0.001830612 -0.181204006 -0.004594814 -0.001832747 0.999987721 5.924324512
0.999988794 0.000556818 0.004705445 0.061401315 -0.000564705 0.999998450 0.001674944 -0.186858445 -0.004704504 -0.001677583 0.999987543 6.207121849
0.999986708 0.000749815 0.005093847 0.074327379 -0.000758834 0.999998212 0.001768844 -0.187534183 -0.005092510 -0.001772686 0.999985456 6.503529549
0.999988079 0.000251495 0.004883674 0.074897662 -0.000261054 0.999998033 0.001956844 -0.196792930 -0.004883173 -0.001958096 0.999986172 6.794240952
0.999985039 0.001566914 0.005231305 0.080754295 -0.001576061 0.999997258 0.001744884 -0.206596151 -0.005228557 -0.001753103 0.999984860 7.076739788
0.999988794 0.000219399 0.004734722 0.088105790 -0.000231002 0.999996960 0.002450182 -0.231140167 -0.004734170 -0.002451248 0.999985814 7.386510849
0.999990106 -0.000034226 0.004445470 0.096448138 0.000022720 0.999996603 0.002588272 -0.242212266 -0.004445544 -0.002588145 0.999986768 7.695155144
0.999988973 -0.000004014 0.004697719 0.101235263 -0.000010241 0.999995410 0.003034388 -0.251263440 -0.004697709 -0.003034403 0.999984384 8.014090538
0.999986589 0.000481827 0.005163988 0.104575768 -0.000496373 0.999995947 0.002816005 -0.261023760 -0.005162610 -0.002818530 0.999982774 8.323347092
0.999989986 -0.000135415 0.004459715 0.121477894 0.000122741 0.999995947 0.002841876 -0.269176364 -0.004460081 -0.002841301 0.999986053 8.655379295
0.999985695 0.000542739 0.005324251 0.114718825 -0.000555972 0.999996722 0.002484328 -0.275531262 -0.005322885 -0.002487252 0.999982715 9.000940323
0.999986470 0.001060909 0.005085370 0.121099889 -0.001075507 0.999995351 0.002868597 -0.289837688 -0.005082302 -0.002874028 0.999982953 9.339035988
0.999983907 0.001622940 0.005441157 0.132300064 -0.001636648 0.999995530 0.002515685 -0.298215955 -0.005437049 -0.002524550 0.999981999 9.672737122
0.999985814 0.001504085 0.005116395 0.140755326 -0.001518465 0.999994874 0.002807797 -0.308599025 -0.005112146 -0.002815526 0.999982953 10.025525093
0.999984860 0.001407314 0.005342236 0.142822683 -0.001425212 0.999993384 0.003347837 -0.331086963 -0.005337489 -0.003355399 0.999980092 10.368098259
0.999985278 0.001340697 0.005262937 0.152795419 -0.001358811 0.999993205 0.003439738 -0.341319352 -0.005258290 -0.003446839 0.999980211 10.729022026
0.999986172 0.000932344 0.005180279 0.162404597 -0.000950365 0.999993563 0.003477414 -0.348375410 -0.005177002 -0.003482289 0.999980569 11.094996452
0.999985158 0.000344392 0.005445429 0.170118898 -0.000363565 0.999993801 0.003520392 -0.358678192 -0.005444182 -0.003522319 0.999979019 11.483345032
0.999984086 0.001567079 0.005416089 0.176609471 -0.001589449 0.999990225 0.004128414 -0.376475692 -0.005409567 -0.004136958 0.999976754 11.807741165
0.999980509 0.002281789 0.005807670 0.184739247 -0.002307449 0.999987602 0.004415457 -0.388367862 -0.005797524 -0.004428772 0.999973357 12.198909760
0.999983430 0.001558705 0.005540593 0.205617338 -0.001584337 0.999988139 0.004624709 -0.401037544 -0.005533318 -0.004633411 0.999973893 12.584151268
0.999983609 0.000978183 0.005620502 0.219899267 -0.001002859 0.999989927 0.004389355 -0.407307416 -0.005616152 -0.004394920 0.999974549 12.976581573
0.999981761 0.001187712 0.005924852 0.211524576 -0.001213728 0.999989629 0.004389483 -0.426123470 -0.005919577 -0.004396594 0.999972820 13.353865623
0.999982536 0.001375331 0.005755094 0.225423336 -0.001399938 0.999989927 0.004273988 -0.433358669 -0.005749158 -0.004281970 0.999974251 13.776891708
0.999980748 0.001735667 0.005956213 0.230755731 -0.001764147 0.999987006 0.004779716 -0.439747870 -0.005947840 -0.004790131 0.999970853 14.208927155
0.999977827 0.001559106 0.006474018 0.237439111 -0.001591157 0.999986470 0.004948437 -0.457167566 -0.006466215 -0.004958628 0.999966800 14.575851440
0.999977291 0.001934795 0.006458816 0.248920143 -0.001966912 0.999985695 0.004969958 -0.464707732 -0.006449107 -0.004982548 0.999966800 15.009971619
0.999975383 0.001213315 0.006920137 0.261529326 -0.001248052 0.999986589 0.005017535 -0.481029928 -0.006913957 -0.005026048 0.999963462 15.447435379
0.999971509 0.001521040 0.007392275 0.268688828 -0.001560071 0.999984801 0.005277068 -0.485888064 -0.007384136 -0.005288450 0.999958754 15.909932137
0.999970198 0.001356700 0.007602447 0.277728885 -0.001399477 0.999983191 0.005624286 -0.514527440 -0.007594690 -0.005634760 0.999955237 16.291460037
0.999973416 0.001157960 0.007208465 0.291111887 -0.001196742 0.999984860 0.005378056 -0.525112092 -0.007202128 -0.005386541 0.999959528 16.735338211
0.999971330 0.001442463 0.007440432 0.309067428 -0.001485262 0.999982357 0.005749834 -0.532723010 -0.007432008 -0.005760720 0.999955773 17.206499100
0.999966323 0.001040106 0.008132286 0.305014610 -0.001090328 0.999980330 0.006173661 -0.559489489 -0.008125706 -0.006182320 0.999947786 17.633872986
0.999965787 0.000806610 0.008237908 0.320943147 -0.000857446 0.999980569 0.006169344 -0.569921792 -0.008232773 -0.006176196 0.999947011 18.103443146
0.999968469 0.000123537 0.007938440 0.342654377 -0.000169388 0.999983311 0.005775560 -0.573720455 -0.007937593 -0.005776724 0.999951780 18.579818726
0.999958515 0.000746889 0.009075080 0.339526772 -0.000806246 0.999978244 0.006538675 -0.600173175 -0.009070000 -0.006545720 0.999937415 19.027194977
0.999957383 0.001278765 0.009139667 0.353605986 -0.001335985 0.999979556 0.006257292 -0.606775582 -0.009131480 -0.006269236 0.999938607 19.508552551
0.999956131 0.000761317 0.009334524 0.360154569 -0.000823081 0.999977827 0.006614704 -0.615361571 -0.009329282 -0.006622097 0.999934554 20.009435654
0.999960721 0.000625284 0.008843840 0.372906148 -0.000680886 0.999980032 0.006285551 -0.631451368 -0.008839733 -0.006291326 0.999941111 20.473073959
0.999963403 0.001453931 0.008439005 0.384260774 -0.001505398 0.999980271 0.006095690 -0.640569806 -0.008429976 -0.006108170 0.999945760 20.972276688
0.999965727 0.001034942 0.008225961 0.396038890 -0.001080914 0.999983788 0.005586177 -0.643293798 -0.008220046 -0.005594876 0.999950528 21.487607956
0.999966681 0.000875911 0.008115033 0.411864460 -0.000927178 0.999979675 0.006316017 -0.663810968 -0.008109335 -0.006323332 0.999947071 21.991966248
0.999971807 0.000356539 0.007491271 0.411788523 -0.000407119 0.999977112 0.006751357 -0.682545066 -0.007488692 -0.006754216 0.999949157 22.483810425
0.999979019 0.000002426 0.006468534 0.428481251 -0.000043667 0.999979615 0.006375381 -0.694358587 -0.006468386 -0.006375529 0.999958754 23.003051758
0.999979615 0.000158502 0.006368109 0.427740306 -0.000204222 0.999974191 0.007179584 -0.713148415 -0.006366807 -0.007180738 0.999953985 23.511360168
0.999984264 -0.000855557 0.005541615 0.441182464 0.000819486 0.999978483 0.006508047 -0.722832203 -0.005547063 -0.006503403 0.999963462 24.045549393
0.999986529 0.000038235 0.005190956 0.454178840 -0.000071631 0.999979258 0.006433501 -0.729762256 -0.005190603 -0.006433785 0.999965847 24.591108322
0.999988198 0.000931196 0.004769650 0.457400233 -0.000961590 0.999979258 0.006374020 -0.740307212 -0.004763616 -0.006378531 0.999968290 25.118032455
0.999987781 0.000971962 0.004844962 0.443294019 -0.001007425 0.999972701 0.007322395 -0.768087387 -0.004837713 -0.007327187 0.999961436 25.649074554
0.999992073 0.000792878 0.003901047 0.459359914 -0.000820504 0.999974608 0.007085226 -0.774011850 -0.003895330 -0.007088371 0.999967277 26.218887329
0.999991119 0.000999231 0.004103072 0.466714680 -0.001027687 0.999975443 0.006938973 -0.782286346 -0.004096038 -0.006943127 0.999967456 26.763166428
0.999991536 0.001131819 0.003954059 0.470794320 -0.001163137 0.999967873 0.007927391 -0.810642958 -0.003944960 -0.007931923 0.999960721 27.307161331
0.999993324 0.001387984 0.003383410 0.488992959 -0.001415535 0.999965727 0.008153986 -0.826061666 -0.003371976 -0.008158720 0.999961078 27.849470139
0.999989629 0.002170881 0.003976927 0.490810573 -0.002200934 0.999968946 0.007568042 -0.829056621 -0.003960374 -0.007576718 0.999963403 28.414583206
0.999992073 0.002174358 0.003322848 0.505424023 -0.002201376 0.999964356 0.008149309 -0.851031780 -0.003305010 -0.008156559 0.999961257 28.942647934
0.999991775 0.002357267 0.003282999 0.512883127 -0.002384104 0.999963582 0.008194813 -0.861903429 -0.003263562 -0.008202572 0.999961019 29.498668671
0.999989986 0.003109789 0.003235621 0.522103488 -0.003134659 0.999965370 0.007709652 -0.864447117 -0.003211534 -0.007719717 0.999965012 30.050739288
0.999990940 0.003027499 0.002991516 0.518965542 -0.003052275 0.999960780 0.008312557 -0.886117339 -0.002966232 -0.008321613 0.999960959 30.566726685
0.999989867 0.003133943 0.003253232 0.526634336 -0.003160332 0.999961853 0.008138690 -0.893419504 -0.003227602 -0.008148888 0.999961555 31.124210358
0.999988616 0.003787396 0.002884476 0.538790464 -0.003810034 0.999961674 0.007883746 -0.894273162 -0.002854506 -0.007894648 0.999964774 31.692794800
0.999991179 0.003211744 0.002700398 0.545790970 -0.003233176 0.999962926 0.007969755 -0.913307786 -0.002674701 -0.007978413 0.999964595 32.195537567
0.999990463 0.003690670 0.002314643 0.551857948 -0.003708528 0.999962926 0.007758934 -0.923349857 -0.002285922 -0.007767444 0.999967217 32.740272522
0.999988377 0.004094177 0.002503878 0.561056733 -0.004115210 0.999955773 0.008453635 -0.944644690 -0.002469157 -0.008463841 0.999961138 33.283859253
0.999991775 0.003364710 0.002258409 0.562590122 -0.003383611 0.999958873 0.008417984 -0.956770420 -0.002229993 -0.008425557 0.999961972 33.802616119
0.999993861 0.002914994 0.001906668 0.574350417 -0.002931000 0.999960124 0.008446321 -0.967118144 -0.001881971 -0.008451858 0.999962449 34.345619202
0.999992251 0.003466953 0.001845752 0.579421580 -0.003481985 0.999960244 0.008204320 -0.981044054 -0.001817234 -0.008210684 0.999964654 34.876525879
0.999992430 0.003453828 0.001803500 0.581606030 -0.003469285 0.999956667 0.008638421 -0.986892700 -0.001773586 -0.008644613 0.999961019 35.411361694
0.999991775 0.003624888 0.001819751 0.595156670 -0.003640467 0.999956071 0.008631549 -0.993624449 -0.001788383 -0.008638103 0.999961138 35.965686798
0.999991536 0.003757181 0.001642268 0.604170561 -0.003770793 0.999957860 0.008365109 -1.006371856 -0.001610769 -0.008371232 0.999963641 36.542438507
0.999993563 0.003249052 0.001504656 0.628678918 -0.003261057 0.999962211 0.008046561 -1.004997730 -0.001478455 -0.008051416 0.999966502 37.098083496
0.999989510 0.004262199 0.001660814 0.603506804 -0.004275570 0.999957740 0.008131251 -1.037147522 -0.001626087 -0.008138266 0.999965549 37.584182739
0.999990940 0.004058052 0.001292530 0.618652880 -0.004068912 0.999955416 0.008512683 -1.052401185 -0.001257927 -0.008517865 0.999962926 38.132633209
0.999989033 0.004267613 0.001964384 0.622015357 -0.004283065 0.999959409 0.007929988 -1.052634478 -0.001930463 -0.007938316 0.999966562 38.699600220
0.999989808 0.004277938 0.001392392 0.628668785 -0.004289324 0.999956548 0.008278198 -1.068503857 -0.001356918 -0.008284087 0.999964774 39.199832916
0.999991179 0.004130923 0.000811118 0.640005708 -0.004137243 0.999959886 0.007949444 -1.076959372 -0.000778246 -0.007952730 0.999968112 39.755592346
0.999989867 0.004365272 0.001082672 0.661132038 -0.004373914 0.999957502 0.008111903 -1.094097018 -0.001047215 -0.008116555 0.999966502 40.282447815
0.999989748 0.004350186 0.001239920 0.657742739 -0.004360470 0.999955058 0.008415010 -1.112757206 -0.001203257 -0.008420331 0.999963820 40.811470032
0.999986112 0.005143315 0.001061936 0.669814587 -0.005151703 0.999954224 0.008052438 -1.113952756 -0.001020471 -0.008057797 0.999967039 41.359989166
0.999987602 0.004764037 0.001414978 0.674437702 -0.004775556 0.999954462 0.008250382 -1.130121946 -0.001375609 -0.008257036 0.999964952 41.919013977
0.999992490 0.003735236 0.001060198 0.679557502 -0.003744614 0.999952614 0.008983389 -1.149116278 -0.001026593 -0.008987292 0.999959052 42.397979736
0.999989986 0.004287231 0.001280424 0.689216614 -0.004298257 0.999952614 0.008737911 -1.155933976 -0.001242902 -0.008743327 0.999961019 42.943660736
0.999988914 0.004381413 0.001745171 0.702082515 -0.004396482 0.999952257 0.008726373 -1.170478702 -0.001706853 -0.008733950 0.999960482 43.492996216
0.999991477 0.004062079 0.000767286 0.704044700 -0.004068800 0.999951482 0.008971848 -1.184138298 -0.000730804 -0.008974892 0.999959469 44.026462555
0.999987781 0.004818895 0.001155329 0.710900307 -0.004828490 0.999952614 0.008452230 -1.188791513 -0.001114544 -0.008457704 0.999963582 44.583175659
0.999990225 0.004307822 0.000972162 0.725202262 -0.004315741 0.999956250 0.008297391 -1.197613478 -0.000936376 -0.008301505 0.999965131 45.137390137
0.999985874 0.005086203 0.001541126 0.735634983 -0.005099136 0.999950826 0.008507987 -1.212989450 -0.001497777 -0.008515725 0.999962628 45.653423309
0.999985337 0.004996735 0.002073191 0.704894185 -0.005013319 0.999954879 0.008072258 -1.225394249 -0.002032762 -0.008082535 0.999965191 46.155605316
0.999984682 0.005172729 0.002000270 0.721158326 -0.005188583 0.999954522 0.008003416 -1.228168249 -0.001958780 -0.008013673 0.999965906 46.713916779
0.999987066 0.004977261 0.001129200 0.739352763 -0.004985165 0.999962330 0.007108666 -1.235256910 -0.001093776 -0.007114204 0.999974072 47.289024353
0.999988198 0.004694276 0.001236074 0.750619888 -0.004702755 0.999964833 0.006948403 -1.241430521 -0.001203412 -0.006954134 0.999975085 47.810626984
0.999986410 0.004748223 0.002141543 0.739946604 -0.004766815 0.999950290 0.008760816 -1.276922107 -0.002099838 -0.008770906 0.999959290 48.309459686
0.999988556 0.004505659 0.001558848 0.752462864 -0.004519493 0.999949396 0.008987516 -1.286242843 -0.001518274 -0.008994458 0.999958456 48.861644745
0.999982476 0.005420112 0.002325098 0.765347719 -0.005441160 0.999943435 0.009143989 -1.293985367 -0.002275404 -0.009156480 0.999955475 49.414386749
0.999980450 0.005822924 0.002274690 0.752393603 -0.005843684 0.999940276 0.009228328 -1.310219169 -0.002220819 -0.009241439 0.999954820 49.935791016
0.999978900 0.005971422 0.002542922 0.763689160 -0.005994823 0.999938786 0.009296726 -1.324929714 -0.002487252 -0.009311776 0.999953508 50.465751648
0.999976516 0.006432723 0.002368013 0.770705163 -0.006453205 0.999940932 0.008746059 -1.326586962 -0.002311612 -0.008761136 0.999958873 51.028556824
0.999977350 0.006270175 0.002421594 0.777201474 -0.006291860 0.999939203 0.009053777 -1.340760112 -0.002364677 -0.009068809 0.999956071 51.531822205
0.999976933 0.006224611 0.002717305 0.789691210 -0.006248690 0.999940395 0.008944103 -1.351246357 -0.002661469 -0.008960874 0.999956369 52.081455231
0.999982238 0.005554483 0.002151040 0.807210684 -0.005574248 0.999941230 0.009294210 -1.363873839 -0.002099289 -0.009306035 0.999954462 52.616310120
0.999977648 0.006178773 0.002560510 0.809664786 -0.006201189 0.999941647 0.008840562 -1.366430283 -0.002505737 -0.008856242 0.999957621 53.185112000
0.999972522 0.006788209 0.002950021 0.791626453 -0.006813735 0.999938667 0.008730496 -1.388708830 -0.002890575 -0.008750358 0.999957561 53.694313049
0.999972165 0.006788805 0.003067688 0.801670194 -0.006814982 0.999939740 0.008604723 -1.397912025 -0.003009087 -0.008625391 0.999958336 54.230506897
0.999970436 0.007075129 0.003018352 0.814217687 -0.007101082 0.999937117 0.008675179 -1.409530997 -0.002956785 -0.008696356 0.999957800 54.791862488
0.999971509 0.006712035 0.003448544 0.809110463 -0.006744027 0.999933541 0.009350429 -1.431006193 -0.003385554 -0.009373420 0.999950349 55.289726257
0.999969006 0.007042703 0.003513832 0.815191209 -0.007076607 0.999927580 0.009731280 -1.439819455 -0.003445043 -0.009755845 0.999946475 55.842308044
0.999970794 0.006631271 0.003805387 0.833270073 -0.006668698 0.999928713 0.009908387 -1.455061674 -0.003739411 -0.009933475 0.999943674 56.390754700
0.999967039 0.006996649 0.004101899 0.819036365 -0.007033393 0.999934793 0.009013159 -1.466337800 -0.004038569 -0.009041714 0.999950945 56.901943207
0.999968350 0.006911576 0.003926178 0.833299160 -0.006944581 0.999940157 0.008455915 -1.474675655 -0.003867498 -0.008482915 0.999956489 57.446891785
0.999960065 0.007912862 0.004138971 0.848837078 -0.007948212 0.999931455 0.008595393 -1.476177096 -0.004070673 -0.008627948 0.999954462 58.014213562
0.999965549 0.007133597 0.004245976 0.852419734 -0.007171717 0.999933422 0.009032072 -1.492331266 -0.004181262 -0.009062211 0.999950171 58.490795135
0.999961257 0.007420023 0.004730892 0.866055250 -0.007462165 0.999932051 0.008953474 -1.509023428 -0.004664136 -0.008988430 0.999948740 59.030170441
0.999967992 0.006756823 0.004292219 0.884848595 -0.006793778 0.999939501 0.008654924 -1.516975641 -0.004233479 -0.008683808 0.999953330 59.581714630
0.999957800 0.007907101 0.004673506 0.869860172 -0.007947798 0.999930084 0.008754237 -1.532024860 -0.004603958 -0.008791012 0.999950767 60.112430573
0.999951422 0.008578400 0.004854904 0.882821441 -0.008619153 0.999927282 0.008436558 -1.541215181 -0.004782179 -0.008477993 0.999952614 60.661056519
0.999957025 0.008078767 0.004546850 0.901823521 -0.008116767 0.999931753 0.008402003 -1.551506639 -0.004478661 -0.008438547 0.999954343 61.195228577
0.999950171 0.008347629 0.005479055 0.877658129 -0.008398091 0.999921858 0.009252518 -1.579637051 -0.005401391 -0.009298070 0.999942183 61.702632904
0.999956191 0.008024353 0.004833314 0.897901416 -0.008069211 0.999923825 0.009334247 -1.588341713 -0.004758045 -0.009372838 0.999944806 62.253078461
0.999945462 0.008738730 0.005731832 0.909316421 -0.008791550 0.999918461 0.009255666 -1.595051289 -0.005650482 -0.009305554 0.999940693 62.801166534
0.999934614 0.009721698 0.006033995 0.920851231 -0.009775151 0.999912679 0.008893281 -1.615556002 -0.005947011 -0.008951683 0.999942303 63.338569641
0.999945641 0.008776487 0.005633217 0.903748035 -0.008826218 0.999921739 0.008864823 -1.622649789 -0.005554974 -0.008914062 0.999944806 63.871982574
0.999941051 0.009070801 0.005968977 0.917148709 -0.009118430 0.999926388 0.008001328 -1.624818563 -0.005895959 -0.008055286 0.999950171 64.426452637
0.999951899 0.007861222 0.005859016 0.934365392 -0.007908337 0.999936163 0.008062356 -1.636636019 -0.005795262 -0.008108304 0.999950349 64.967788696
0.999946594 0.008491555 0.005892958 0.945870042 -0.008539501 0.999930263 0.008159004 -1.647550583 -0.005823265 -0.008208892 0.999949336 65.509223938
0.999935031 0.009268823 0.006622653 0.918469429 -0.009324617 0.999920845 0.008443843 -1.651495934 -0.006543864 -0.008505048 0.999942422 66.001762390
0.999938428 0.009148709 0.006267117 0.937611938 -0.009200640 0.999923170 0.008308193 -1.663312793 -0.006190626 -0.008365344 0.999945879 66.551704407
0.999942541 0.008788316 0.006118745 0.954933405 -0.008836525 0.999929786 0.007897073 -1.665334463 -0.006048913 -0.007950689 0.999950111 67.089843750
0.999935329 0.009320955 0.006510046 0.970691502 -0.009374251 0.999922335 0.008204506 -1.681180954 -0.006433067 -0.008265002 0.999945104 67.623031616
0.999905229 0.010921356 0.008372264 0.907970548 -0.010989013 0.999907017 0.008078258 -1.689676166 -0.008283259 -0.008169496 0.999932349 68.176971436
0.999902785 0.011496366 0.007888429 0.923312843 -0.011558023 0.999902606 0.007815642 -1.698294163 -0.007797809 -0.007906057 0.999938428 68.726966858
0.999892890 0.011879441 0.008549504 0.933290243 -0.011950787 0.999893844 0.008342806 -1.716595054 -0.008449489 -0.008444087 0.999928653 69.266433716
0.999888599 0.011829963 0.009090401 0.940621018 -0.011903467 0.999896586 0.008074814 -1.723801613 -0.008993937 -0.008182121 0.999926150 69.826477051
0.999898195 0.011319678 0.008686617 0.953962088 -0.011388229 0.999904156 0.007883009 -1.734618783 -0.008596552 -0.007981132 0.999931216 70.311828613
0.999904454 0.010986670 0.008388289 0.962281823 -0.011055537 0.999905169 0.008208313 -1.757474780 -0.008297313 -0.008300267 0.999931097 70.870857239
0.999897957 0.011115098 0.008972775 0.971226990 -0.011184993 0.999907136 0.007777668 -1.764144659 -0.008885493 -0.007877235 0.999929547 71.427490234
0.999886334 0.012536342 0.008365056 0.984504402 -0.012601171 0.999890566 0.007743002 -1.775405169 -0.008267072 -0.007847532 0.999935031 71.988479614
0.999887347 0.012107044 0.008878709 0.989510655 -0.012178825 0.999893069 0.008075926 -1.792502642 -0.008779987 -0.008183148 0.999927938 72.540061951
0.999883592 0.012673407 0.008497749 1.007049441 -0.012739781 0.999888361 0.007802882 -1.798237801 -0.008397912 -0.007910233 0.999933422 73.087333679
0.999903202 0.011193871 0.008260290 1.027078509 -0.011255401 0.999908984 0.007440168 -1.801242232 -0.008176254 -0.007532421 0.999938190 73.598724365
0.999900222 0.011408349 0.008329783 1.042142868 -0.011470126 0.999906778 0.007406518 -1.804686427 -0.008244511 -0.007501322 0.999937892 74.156776428
0.999898136 0.011665201 0.008215243 1.059463263 -0.011729806 0.999900281 0.007860253 -1.824967146 -0.008122733 -0.007955816 0.999935389 74.696479797
0.999908864 0.010623298 0.008327694 1.078246474 -0.010688575 0.999912202 0.007833533 -1.837931871 -0.008243745 -0.007921830 0.999934673 75.247787476
0.999910951 0.010398266 0.008355577 1.082064509 -0.010460890 0.999917209 0.007486871 -1.837144375 -0.008277033 -0.007573612 0.999937057 75.753829956
0.999903977 0.010987516 0.008445453 1.097962379 -0.011051416 0.999910355 0.007557245 -1.846321583 -0.008361660 -0.007649853 0.999935806 76.300743103
0.999901414 0.011080280 0.008619320 1.115321636 -0.011146697 0.999908209 0.007696191 -1.858783484 -0.008533252 -0.007791509 0.999933243 76.869842529
0.999898612 0.011035522 0.008995086 1.127324104 -0.011107272 0.999906540 0.007965871 -1.876457691 -0.008906338 -0.008064975 0.999927759 77.369102478
0.999917626 0.009906070 0.008156031 1.132897973 -0.009964550 0.999924719 0.007161143 -1.872643232 -0.008084477 -0.007241824 0.999941111 77.906631470
0.999912322 0.010028944 0.008641236 1.147386193 -0.010088536 0.999925435 0.006880404 -1.878796458 -0.008571588 -0.006966978 0.999939024 78.455772400
0.999910533 0.010491072 0.008298492 1.165889025 -0.010543359 0.999924600 0.006282503 -1.883888006 -0.008231956 -0.006369434 0.999945819 79.027641296
0.999904633 0.010745260 0.008675601 1.163207531 -0.010804134 0.999918699 0.006767954 -1.909964561 -0.008602174 -0.006861041 0.999939382 79.540519714
0.999875724 0.012131127 0.010075475 1.169897318 -0.012191212 0.999908149 0.005923629 -1.916038752 -0.010002690 -0.006045725 0.999931633 80.094291687
0.999878466 0.011014754 0.011034047 1.196758866 -0.011088425 0.999916494 0.006637800 -1.935262322 -0.010960013 -0.006759343 0.999917030 80.632965088
0.999861181 0.011262479 0.012280377 1.206068873 -0.011345144 0.999913335 0.006682862 -1.944375277 -0.012204046 -0.006821256 0.999902248 81.219230652
0.999845386 0.011400911 0.013384297 1.221259713 -0.011492973 0.999910653 0.006821739 -1.957798481 -0.013305326 -0.006974510 0.999887168 81.764427185
0.999778092 0.012614889 0.016870001 1.236754179 -0.012734491 0.999894440 0.007000971 -1.967396259 -0.016779903 -0.007214247 0.999833167 82.326263428
0.999705374 0.011726736 0.021256339 1.225033998 -0.011865385 0.999909043 0.006408373 -1.964275360 -0.021179257 -0.006658699 0.999753535 82.860641479
0.999638677 0.011529706 0.024281872 1.255784035 -0.011690997 0.999910414 0.006510831 -1.980681062 -0.024204630 -0.006792358 0.999683917 83.393646240
0.999549508 0.010955146 0.027942305 1.294770002 -0.011135611 0.999918044 0.006311171 -1.993802309 -0.027870875 -0.006619482 0.999589562 83.942695618
0.999344468 0.011315544 0.034388598 1.320013285 -0.011530085 0.999915242 0.006046772 -1.999541521 -0.034317262 -0.006439312 0.999390244 84.473190308
0.999103129 0.012109797 0.040574897 1.343189240 -0.012360958 0.999905944 0.005944941 -2.002950191 -0.040499091 -0.006441154 0.999158740 85.023231506
0.998810172 0.012494550 0.047138281 1.380340815 -0.012806460 0.999898016 0.006320722 -2.017917395 -0.047054503 -0.006916877 0.998868346 85.567375183
0.998421013 0.011811751 0.054919653 1.433448076 -0.012166105 0.999907255 0.006122377 -2.031974554 -0.054842241 -0.006780867 0.998471975 86.109619141
0.997905314 0.012316125 0.063508533 1.470691204 -0.012704570 0.999902964 0.005716208 -2.034072876 -0.063431971 -0.006511084 0.997964859 86.676506042
0.997449219 0.011696426 0.070414349 1.527644157 -0.012090061 0.999913633 0.005166674 -2.040478230 -0.070347816 -0.006004810 0.997504473 87.227218628
0.996707201 0.011822805 0.080218144 1.585988522 -0.012281220 0.999911010 0.005223624 -2.054099321 -0.080149233 -0.006191601 0.996763647 87.776283264
0.995915711 0.011640921 0.089533292 1.658143997 -0.012124307 0.999914706 0.004856967 -2.066580772 -0.089469098 -0.005922659 0.995971978 88.301727295
0.995078266 0.011591285 0.098411754 1.724942207 -0.012111341 0.999915600 0.004688713 -2.069955349 -0.098349102 -0.005857535 0.995134711 88.859107971
0.994331419 0.010409179 0.105813719 1.798161507 -0.010915571 0.999931514 0.004207660 -2.083753824 -0.105762690 -0.005338826 0.994377017 89.387863159
0.993262291 0.010564983 0.115406431 1.887252808 -0.011083260 0.999931157 0.003850098 -2.084246874 -0.115357809 -0.005103237 0.993310869 89.931404114
0.991995215 0.010769310 0.125815794 1.980123520 -0.011345545 0.999928117 0.003864274 -2.097218990 -0.125765115 -0.005260789 0.992046058 90.479293823
0.990719855 0.010181145 0.135537863 2.074728966 -0.010782546 0.999934971 0.003703759 -2.109968424 -0.135491341 -0.005130830 0.990765214 91.035888672
0.989136815 0.009330396 0.146701783 2.178129196 -0.009948578 0.999944448 0.003480709 -2.129267216 -0.146661162 -0.004902371 0.989174664 91.522941589
0.987173378 0.010255455 0.159322247 2.273636818 -0.010943867 0.999934196 0.003444045 -2.130989790 -0.159276471 -0.005143471 0.987220645 92.108879089
0.985299885 0.010222511 0.170527384 2.381994247 -0.011075870 0.999930501 0.004053624 -2.147584438 -0.170474082 -0.005882775 0.985344708 92.650970459
0.983459711 0.009697307 0.180867568 2.506885529 -0.010366568 0.999942541 0.002755349 -2.153773308 -0.180830449 -0.004584750 0.983503580 93.201202393
0.981073201 0.008425614 0.193453953 2.634538651 -0.009135768 0.999954402 0.002779106 -2.168978453 -0.193421751 -0.004493857 0.981105387 93.722831726
0.978639901 0.007771655 0.205435365 2.775442123 -0.008432870 0.999961674 0.002343246 -2.179772139 -0.205409303 -0.004025604 0.978667855 94.251007080
0.976388931 0.007968059 0.215872556 2.898977280 -0.008763026 0.999957860 0.002725678 -2.194214821 -0.215841755 -0.004553020 0.976417720 94.785140991
0.973349571 0.007474404 0.229204431 3.039390564 -0.008175224 0.999964356 0.002108222 -2.188410759 -0.229180500 -0.003925836 0.973376036 95.351631165
0.970038235 0.007568667 0.242834643 3.193828583 -0.008354790 0.999962687 0.002207599 -2.199950457 -0.242808864 -0.004170287 0.970065236 95.887145996
0.967380881 0.006358272 0.253246635 3.354162216 -0.007050994 0.999973476 0.001827833 -2.218343258 -0.253228277 -0.003553852 0.967400014 96.398849487
0.964717746 0.004553046 0.263247043 3.538112640 -0.005114278 0.999985874 0.001446759 -2.238808632 -0.263236761 -0.002742033 0.964727461 96.884353638
0.960687160 0.006041870 0.277566940 3.684356689 -0.006772057 0.999975681 0.001672050 -2.219989538 -0.277550042 -0.003486016 0.960704863 97.399436951
0.956892848 0.006063350 0.290377766 3.864805222 -0.006792168 0.999975801 0.001502089 -2.235007524 -0.290361583 -0.003409633 0.956910908 97.928031921
0.953424037 0.005278989 0.301586956 4.054262161 -0.006038889 0.999980450 0.001587393 -2.247421980 -0.301572710 -0.003334709 0.953437448 98.456428528
0.948722303 0.006353985 0.316046804 4.241670609 -0.007296450 0.999971688 0.001798785 -2.273688316 -0.316026449 -0.004012567 0.948741853 98.977218628
0.944090307 0.004738831 0.329653203 4.417392731 -0.005470411 0.999984205 0.001291674 -2.265163660 -0.329641908 -0.003022795 0.944101155 99.459197998
0.940128922 0.004594879 0.340788066 4.628871918 -0.005255491 0.999985754 0.001015371 -2.277263641 -0.340778470 -0.002745589 0.940139651 99.973693848
0.935045242 0.004932628 0.354493946 4.840097427 -0.005563723 0.999984205 0.000761036 -2.290128469 -0.354484588 -0.002683909 0.935057998 100.502136230
0.929657280 0.004085551 0.368403107 5.045461655 -0.004836510 0.999987602 0.001115071 -2.307061195 -0.368394047 -0.002818419 0.929665506 100.948547363
0.924747109 0.003659799 0.380564600 5.277847290 -0.004284560 0.999990523 0.000794532 -2.319378138 -0.380558103 -0.002365293 0.924754024 101.450759888
0.919754207 0.003378097 0.392480373 5.503097534 -0.004032457 0.999991477 0.000842845 -2.331743717 -0.392474204 -0.002357870 0.919760108 101.960685730
0.913750648 0.003191899 0.406263173 5.750709534 -0.003887253 0.999991953 0.000886386 -2.342628002 -0.406257093 -0.002389183 0.913755774 102.449768066
0.907823563 0.002660718 0.419343889 5.993110657 -0.003279179 0.999994278 0.000754066 -2.354485750 -0.419339508 -0.002059662 0.907827139 102.939346313
0.902975857 0.001923266 0.429687202 6.250152588 -0.002074271 0.999997854 -0.000116934 -2.364502192 -0.429686487 -0.000785699 0.902977765 103.415863037
0.896774590 0.002433437 0.442480803 6.509891510 -0.003041276 0.999995112 0.000664240 -2.385166407 -0.442477018 -0.001941380 0.896777689 103.913993835
0.890281320 0.001898008 0.455407023 6.789062500 -0.002468539 0.999996781 0.000658077 -2.400389433 -0.455404252 -0.001710064 0.890283167 104.401313782
0.883784413 0.001936219 0.467890263 7.033046722 -0.002260007 0.999997437 0.000130682 -2.398375273 -0.467888772 -0.001172930 0.883786559 104.876884460
0.877812326 0.001545155 0.479002178 7.315666199 -0.001942616 0.999998093 0.000334238 -2.412417650 -0.479000717 -0.001223915 0.877813637 105.359481812
0.870058119 0.001639904 0.492946535 7.610164642 -0.002170716 0.999997497 0.000504617 -2.434135199 -0.492944479 -0.001509093 0.870059431 105.827392578
