1.000000000 0.000000000 0.000000000 0.000000000 0.000000000 1.000000000 0.000000000 0.000000000 0.000000000 0.000000000 1.000000000 0.000000000
1.000000000 0.000009788 0.000126470 -0.000876466 -0.000009793 1.000000000 0.000038898 0.000038217 -0.000126470 -0.000038899 1.000000000 0.000342776
1.000000000 0.000158894 0.000167517 -0.001632649 -0.000158908 1.000000000 0.000083558 0.000799517 -0.000167504 -0.000083585 1.000000000 0.002188842
1.000000000 0.000190395 -0.000008964 0.000240049 -0.000190394 1.000000000 0.000152494 -0.001059526 0.000008993 -0.000152492 1.000000000 -0.000300368
1.000000000 0.000203569 0.000131343 -0.001243511 -0.000203580 1.000000000 0.000086046 -0.000067902 -0.000131326 -0.000086072 1.000000000 0.000370811
1.000000000 0.000056871 0.000024161 -0.000631135 -0.000056872 1.000000000 0.000063877 -0.000213849 -0.000024157 -0.000063878 1.000000000 -0.000659701
1.000000000 -0.000057493 0.000128388 -0.001822726 0.000057505 1.000000000 -0.000086091 0.001639359 -0.000128383 0.000086098 1.000000000 0.003546565
1.000000000 -0.000108641 0.000168664 -0.000865047 0.000108637 1.000000000 0.000027967 0.000518677 -0.000168667 -0.000027948 1.000000000 0.001656662
1.000000000 0.000051727 0.000142987 -0.001252561 -0.000051727 1.000000000 -0.000002353 0.000798298 -0.000142987 0.000002345 1.000000000 0.002243987
1.000000000 0.000012849 0.000192442 -0.000697814 -0.000012850 1.000000000 0.000004780 0.000278274 -0.000192442 -0.000004782 1.000000000 0.000569602
1.000000000 -0.000050953 0.000230799 -0.001042440 0.000050951 1.000000000 0.000009348 0.001303998 -0.000230799 -0.000009336 1.000000000 0.002652647
1.000000000 0.000036798 0.000099820 -0.000477147 -0.000036808 1.000000000 0.000099109 -0.000198284 -0.000099817 -0.000099112 1.000000000 0.000769529
1.000000000 -0.000034187 0.000171923 -0.001349933 0.000034192 1.000000000 -0.000027886 0.001901119 -0.000171922 0.000027892 1.000000000 0.004144773
0.999999940 -0.000073278 0.000276857 -0.002312167 0.000073235 1.000000000 0.000154570 0.001123962 -0.000276869 -0.000154550 0.999999940 0.003923833
1.000000000 -0.000005368 0.000157169 -0.001791992 0.000005356 1.000000000 0.000078412 0.001042771 -0.000157169 -0.000078411 1.000000000 0.003467906
1.000000000 0.000111452 0.000123508 -0.001632082 -0.000111465 1.000000000 0.000106892 -0.000072629 -0.000123496 -0.000106906 1.000000000 0.002163991
1.000000000 -0.000033522 0.000149275 -0.001076504 0.000033503 1.000000000 0.000127301 -0.000883181 -0.000149279 -0.000127296 1.000000000 0.000067902
0.999999940 0.000095536 0.000325000 -0.001679842 -0.000095572 1.000000000 0.000110962 -0.000027489 -0.000324989 -0.000110993 0.999999940 0.001368626
0.999999940 0.000110114 0.000262356 -0.002910125 -0.000110146 1.000000000 0.000121558 0.000258132 -0.000262343 -0.000121587 0.999999940 0.002829646
0.999999940 0.000171266 0.000184429 -0.002183274 -0.000171289 1.000000000 0.000127524 0.000732366 -0.000184407 -0.000127556 1.000000000 0.003580011
0.999999881 0.000357799 0.000327347 -0.003229771 -0.000357863 0.999999940 0.000195431 0.000533449 -0.000327277 -0.000195548 0.999999940 0.003926949
0.999999881 0.000398361 0.000318333 -0.003383952 -0.000398379 0.999999940 0.000054455 0.001066475 -0.000318311 -0.000054582 0.999999940 0.003734821
1.000000000 -0.000009242 0.000183749 -0.002128156 0.000009223 1.000000000 0.000103222 0.000850137 -0.000183750 -0.000103221 1.000000000 0.003051447
0.999999940 0.000153443 0.000323394 -0.001810079 -0.000153496 1.000000000 0.000165560 -0.000446046 -0.000323368 -0.000165609 0.999999940 0.001896815
0.999999940 0.000063227 0.000331086 -0.002574281 -0.000063241 1.000000000 0.000041331 0.000640805 -0.000331083 -0.000041352 0.999999940 0.000850291
1.000000000 0.000031760 0.000236040 -0.001237146 -0.000031769 1.000000000 0.000037654 0.001153075 -0.000236039 -0.000037662 1.000000000 0.002125002
0.999999940 0.000029288 0.000304472 -0.002025912 -0.000029320 1.000000000 0.000106134 0.000135061 -0.000304469 -0.000106143 0.999999940 0.001434189
0.999999940 0.000050692 0.000256112 -0.001430782 -0.000050700 1.000000000 0.000027494 0.001021700 -0.000256110 -0.000027507 0.999999940 0.002145245
0.999999881 0.000329333 0.000382653 -0.003395710 -0.000329343 0.999999940 0.000026494 0.001048975 -0.000382644 -0.000026620 0.999999940 0.001908147
0.999999940 0.000107575 0.000323465 -0.003691477 -0.000107585 1.000000000 0.000032087 0.001989618 -0.000323462 -0.000032122 0.999999940 0.004318091
0.999999940 0.000146636 0.000338630 -0.003014798 -0.000146665 1.000000000 0.000087408 0.001021993 -0.000338617 -0.000087457 0.999999940 0.003131565
0.999999940 -0.000058861 0.000242139 -0.001717520 0.000058841 1.000000000 0.000081426 0.000608853 -0.000242144 -0.000081411 0.999999940 0.001412233
0.999999940 0.000053537 0.000298754 -0.003267299 -0.000053517 1.000000000 -0.000066238 0.002344518 -0.000298758 0.000066222 0.999999940 0.004113810
0.999999881 0.000151432 0.000418515 -0.002715594 -0.000151410 1.000000000 -0.000050800 0.001814995 -0.000418523 0.000050736 0.999999940 0.003295187
0.999999940 0.000164169 0.000252385 -0.000956223 -0.000164194 1.000000000 0.000099204 -0.000120498 -0.000252368 -0.000099246 0.999999940 0.000417588
0.999999940 0.000162435 0.000339802 -0.002710008 -0.000162407 1.000000000 -0.000084435 0.003243165 -0.000339816 0.000084380 0.999999940 0.005303917
0.999999940 0.000129129 0.000288607 -0.003225700 -0.000129106 1.000000000 -0.000079753 0.004587371 -0.000288618 0.000079715 0.999999940 0.007469566
0.999999940 -0.000067691 0.000275657 -0.001321629 0.000067673 1.000000000 0.000065312 0.001194634 -0.000275661 -0.000065293 0.999999940 0.002783050
0.999999940 0.000221599 0.000318575 -0.002185847 -0.000221642 0.999999940 0.000135310 0.000999351 -0.000318545 -0.000135380 0.999999940 0.002934850
0.999999940 -0.000063308 0.000264273 -0.001833707 0.000063297 1.000000000 0.000042458 0.001616801 -0.000264276 -0.000042441 0.999999940 0.003239801
0.999999881 0.000081925 0.000475998 -0.003168546 -0.000081911 1.000000000 -0.000028096 0.001731868 -0.000476000 0.000028057 0.999999881 0.004978472
0.999999940 -0.000222374 0.000234927 0.000202718 0.000222551 0.999999702 -0.000755887 0.000493437 -0.000234758 0.000755940 0.999999702 0.054853577
0.999999940 0.000204722 0.000351549 -0.001431632 -0.000204335 0.999999404 -0.001098480 -0.005548567 -0.000351774 0.001098408 0.999999344 0.133181453
1.000000000 0.000065753 0.000086722 0.002877126 -0.000065602 0.999998510 -0.001740518 -0.002377903 -0.000086837 0.001740512 0.999998510 0.256179929
1.000000000 0.000082280 0.000091380 0.004678553 -0.000082170 0.999999285 -0.001203534 -0.011780788 -0.000091479 0.001203527 0.999999285 0.386279404
1.000000000 0.000116011 0.000178407 0.008281033 -0.000115848 0.999999583 -0.000912755 -0.017560225 -0.000178513 0.000912734 0.999999583 0.524981201
0.999999940 0.000242944 0.000119606 0.013158714 -0.000242846 0.999999642 -0.000816036 -0.025579378 -0.000119804 0.000816007 0.999999642 0.668549657
0.999999821 0.000460231 0.000436756 0.015967693 -0.000459831 0.999999464 -0.000914228 -0.024440210 -0.000437177 0.000914027 0.999999464 0.842009604
0.999999940 0.000277197 0.000097915 0.017893756 -0.000277135 0.999999762 -0.000628335 -0.026984060 -0.000098089 0.000628308 0.999999821 1.018308163
1.000000000 -0.000140861 -0.000086388 0.022046654 0.000140837 0.999999940 -0.000277460 -0.033860434 0.000086427 0.000277448 0.999999940 1.193385601
0.999999881 0.000330269 0.000333501 0.017818259 -0.000330058 0.999999762 -0.000633557 -0.035220496 -0.000333711 0.000633447 0.999999762 1.372588634
1.000000000 -0.000105661 -0.000047323 0.036551047 0.000105670 1.000000000 0.000197939 -0.052631527 0.000047302 -0.000197944 1.000000000 1.566302419
0.999999821 0.000436679 0.000403254 0.036323480 -0.000436640 0.999999881 -0.000096208 -0.052902911 -0.000403296 0.000096032 0.999999940 1.761010289
0.999999940 0.000279709 -0.000064980 0.039418031 -0.000279735 0.999999881 -0.000407212 -0.052774973 0.000064866 0.000407230 0.999999940 1.959028482
0.999999881 0.000339374 0.000318151 0.039571919 -0.000339381 0.999999940 0.000023012 -0.064755492 -0.000318143 -0.000023120 0.999999940 2.167428493
0.999999225 0.001168916 0.000164193 0.041486956 -0.001168593 0.999997437 -0.001953275 -0.052936494 -0.000166476 0.001953082 0.999998093 2.389387608
0.999998689 0.001611108 -0.000072333 0.053401716 -0.001611220 0.999997497 -0.001575316 -0.064240076 0.000069795 0.001575431 0.999998808 2.601670742
0.999998569 0.001643387 0.000188428 0.054578889 -0.001643098 0.999997437 -0.001524049 -0.070629552 -0.000190932 0.001523738 0.999998808 2.829260349
0.999998868 0.001485085 0.000009883 0.061933972 -0.001485068 0.999997616 -0.001565552 -0.076433107 -0.000012208 0.001565536 0.999998748 3.070913792
0.999999225 0.001267074 -0.000082597 0.065493308 -0.001267207 0.999997854 -0.001623847 -0.080652609 0.000080539 0.001623950 0.999998629 3.303621531
0.999999225 0.001259925 0.000060966 0.067316003 -0.001259821 0.999997914 -0.001672544 -0.087361842 -0.000063073 0.001672466 0.999998629 3.539496422
0.999999404 0.001043301 -0.000260137 0.075953357 -0.001043749 0.999997914 -0.001727879 -0.093845181 0.000258334 0.001728149 0.999998510 3.795871735
0.999999523 0.001004307 -0.000134431 0.081866324 -0.001004571 0.999997437 -0.001976192 -0.098830208 0.000132446 0.001976327 0.999998093 4.055219173
0.999999464 0.001045713 -0.000091393 0.084663533 -0.001045846 0.999998391 -0.001474270 -0.108548731 0.000089851 0.001474364 0.999998927 4.309291840
0.999999344 0.001147309 0.000173794 0.083735518 -0.001147078 0.999998450 -0.001321243 -0.117386624 -0.000175310 0.001321043 0.999999106 4.557858944
0.999998629 0.001623486 0.000401022 0.088768326 -0.001622961 0.999997854 -0.001305435 -0.122997783 -0.000403141 0.001304782 0.999999106 4.816219330
0.999999642 0.000825008 0.000097275 0.097467475 -0.000824895 0.999998868 -0.001163811 -0.133664384 -0.000098235 0.001163730 0.999999285 5.079616070
0.999999225 0.001242574 0.000243598 0.097971201 -0.001242250 0.999998331 -0.001326026 -0.138066053 -0.000245246 0.001325722 0.999999106 5.336242199
0.999998868 0.001430542 0.000487285 0.095439695 -0.001429487 0.999996662 -0.002157495 -0.137600929 -0.000490370 0.002156796 0.999997556 5.629215717
0.999998927 0.001380018 0.000421456 0.100822531 -0.001379253 0.999997437 -0.001808934 -0.148394957 -0.000423951 0.001808351 0.999998271 5.893205166
0.999999404 0.001081178 0.000151154 0.111186281 -0.001080930 0.999998093 -0.001628669 -0.158591479 -0.000152914 0.001628505 0.999998689 6.174188137
0.999998748 0.001593050 0.000123833 0.116130158 -0.001592838 0.999997377 -0.001691037 -0.168244570 -0.000126527 0.001690837 0.999998629 6.456941128
0.999999166 0.001208795 0.000407107 0.119691491 -0.001208086 0.999997735 -0.001739263 -0.180559024 -0.000409208 0.001738770 0.999998391 6.723018169
0.999998808 0.001422283 0.000606557 0.123241529 -0.001421122 0.999997139 -0.001910070 -0.186091810 -0.000609272 0.001909206 0.999997973 7.023784637
0.999998987 0.001344319 0.000346798 0.134451121 -0.001343695 0.999997377 -0.001793392 -0.197026968 -0.000349208 0.001792924 0.999998331 7.313902855
0.999998748 0.001334633 0.000707631 0.134652019 -0.001333044 0.999996483 -0.002241349 -0.200875551 -0.000710620 0.002240403 0.999997199 7.634453773
0.999997675 0.001914988 0.000942306 0.141748235 -0.001913246 0.999996543 -0.001845662 -0.212836593 -0.000945837 0.001843855 0.999997854 7.929165363
0.999998927 0.001320131 0.000586337 0.147208527 -0.001319248 0.999997914 -0.001503475 -0.229654223 -0.000588321 0.001502699 0.999998689 8.254265785
0.999998748 0.001400662 0.000659174 0.155030087 -0.001399391 0.999997020 -0.001926056 -0.238772541 -0.000661870 0.001925131 0.999997914 8.580277443
0.999998450 0.001319152 0.001145940 0.156801552 -0.001317093 0.999997497 -0.001795666 -0.246620938 -0.001148306 0.001794153 0.999997735 8.919839859
0.999997854 0.001538521 0.001408605 0.160111651 -0.001535648 0.999996781 -0.002038604 -0.256574333 -0.001411737 0.002036436 0.999996901 9.254698753
0.999998152 0.001314539 0.001362389 0.163093388 -0.001312372 0.999997854 -0.001590309 -0.265413433 -0.001364477 0.001588518 0.999997854 9.594645500
0.999998569 0.001335332 0.001128885 0.170285851 -0.001333972 0.999998331 -0.001204542 -0.285802484 -0.001130493 0.001203034 0.999998629 9.933220863
0.999997497 0.001871126 0.001230141 0.178867266 -0.001869684 0.999997556 -0.001172547 -0.297691107 -0.001232332 0.001170244 0.999998569 10.286170006
0.999998152 0.001266756 0.001387926 0.181764960 -0.001265297 0.999998569 -0.001051398 -0.308795899 -0.001389256 0.001049640 0.999998450 10.641917229
0.999998093 0.001225486 0.001504775 0.191880405 -0.001223998 0.999998748 -0.000989181 -0.319021225 -0.001505986 0.000987337 0.999998391 11.007882118
0.999996781 0.001286811 0.002191728 0.189995542 -0.001283145 0.999997854 -0.001673010 -0.324222535 -0.002193876 0.001670192 0.999996245 11.392739296
0.999997556 0.001452358 0.001672541 0.202026591 -0.001450525 0.999998331 -0.001096592 -0.337184578 -0.001674131 0.001094163 0.999997973 11.747056961
0.999996960 0.001697902 0.001770507 0.211268753 -0.001695759 0.999997795 -0.001211165 -0.350297928 -0.001772560 0.001208159 0.999997675 12.131468773
0.999997556 0.001547802 0.001591923 0.222466230 -0.001546014 0.999998152 -0.001123468 -0.364638090 -0.001593659 0.001121004 0.999998093 12.512139320
0.999996781 0.001828234 0.001792097 0.226924494 -0.001826631 0.999997914 -0.000895592 -0.375236809 -0.001793730 0.000892315 0.999998033 12.913929939
0.999996245 0.001958498 0.001910495 0.230949640 -0.001956652 0.999997616 -0.000967513 -0.383857012 -0.001912385 0.000963772 0.999997735 13.304759979
0.999995053 0.001888421 0.002483717 0.238931105 -0.001886242 0.999997795 -0.000879049 -0.394200176 -0.002485372 0.000874360 0.999996543 13.715399742
0.999995053 0.001709871 0.002614251 0.245865658 -0.001707560 0.999998152 -0.000886064 -0.411392450 -0.002615762 0.000881596 0.999996126 14.113505363
0.999994278 0.001768983 0.002846174 0.257809699 -0.001766852 0.999998152 -0.000750721 -0.425690591 -0.002847497 0.000745688 0.999995649 14.530984879
0.999994993 0.001583355 0.002711053 0.273429662 -0.001582272 0.999998689 -0.000401490 -0.441178352 -0.002711685 0.000397198 0.999996185 14.964756012
0.999993682 0.001630282 0.003149457 0.281862944 -0.001627544 0.999998212 -0.000871716 -0.450461507 -0.003150873 0.000866584 0.999994576 15.398612976
0.999992728 0.001568424 0.003460511 0.292333573 -0.001565684 0.999998450 -0.000794299 -0.465892464 -0.003461753 0.000788875 0.999993622 15.831524849
0.999993443 0.001385400 0.003340896 0.306281835 -0.001384260 0.999998927 -0.000343346 -0.482094228 -0.003341368 0.000338719 0.999994338 16.275510788
0.999990821 0.001525140 0.004003542 0.311212569 -0.001522365 0.999998510 -0.000696111 -0.492184401 -0.004004598 0.000690010 0.999991655 16.732124329
0.999988437 0.001915899 0.004413465 0.317149311 -0.001913539 0.999997973 -0.000538944 -0.507218540 -0.004414489 0.000530492 0.999990046 17.188203812
0.999986529 0.002294771 0.004657093 0.323861659 -0.002292376 0.999997258 -0.000519486 -0.518722057 -0.004658274 0.000508803 0.999989033 17.656930923
0.999986410 0.002025039 0.004803367 0.334487200 -0.002022020 0.999997735 -0.000633323 -0.529912710 -0.004804641 0.000623601 0.999988317 18.127014160
0.999985158 0.002287607 0.004940320 0.355235398 -0.002283295 0.999997020 -0.000878320 -0.541304171 -0.004942315 0.000867027 0.999987483 18.587024689
0.999985576 0.002061782 0.004956804 0.367568791 -0.002060383 0.999997795 -0.000287276 -0.561370373 -0.004957386 0.000277059 0.999987662 19.055047989
0.999984741 0.001368688 0.005356379 0.382649362 -0.001364152 0.999998689 -0.000850207 -0.570432544 -0.005357536 0.000842887 0.999985278 19.534875870
0.999985993 0.001132970 0.005161030 0.394906759 -0.001133144 0.999999344 0.000030769 -0.590189397 -0.005160992 -0.000036617 0.999986708 20.013746262
0.999986053 0.001476601 0.005067612 0.394623756 -0.001473214 0.999998689 -0.000672071 -0.593779147 -0.005068597 0.000664595 0.999986947 20.519424438
0.999981940 0.002077978 0.005631988 0.398473382 -0.002071743 0.999997258 -0.001112737 -0.599984288 -0.005634285 0.001101049 0.999983549 21.026416779
0.999982417 0.002138720 0.005522622 0.406323373 -0.002134967 0.999997556 -0.000685429 -0.616100490 -0.005524074 0.000673627 0.999984503 21.529703140
0.999987364 0.001528914 0.004783509 0.406584620 -0.001527651 0.999998808 -0.000267670 -0.640183449 -0.004783912 0.000260359 0.999988496 22.019109726
0.999989569 0.002004834 0.004115408 0.422873825 -0.002003632 0.999997973 -0.000296099 -0.651632905 -0.004115993 0.000287851 0.999991477 22.531843185
0.999991000 0.002175631 0.003633734 0.428358257 -0.002175243 0.999997616 -0.000110862 -0.672689736 -0.003633966 0.000102957 0.999993384 23.057611465
0.999995291 0.001725697 0.002553837 0.449094564 -0.001725894 0.999998450 0.000074759 -0.695138037 -0.002553705 -0.000079166 0.999996722 23.568300247
0.999996126 0.000849247 0.002632551 0.447474897 -0.000847127 0.999999464 -0.000806434 -0.698863626 -0.002633236 0.000804201 0.999996185 24.104269028
0.999996781 0.001402743 0.002119761 0.459394872 -0.001402872 0.999999106 0.000059275 -0.716077387 -0.002119676 -0.000062249 0.999997675 24.644535065
0.999997675 0.001759223 0.001213803 0.471995473 -0.001759042 0.999998391 -0.000150488 -0.731692731 -0.001214065 0.000148353 0.999999225 25.165510178
0.999996543 0.002283304 0.001330073 0.478573561 -0.002282979 0.999997377 -0.000246009 -0.744095981 -0.001330630 0.000242971 0.999999046 25.718090057
0.999997318 0.002057056 0.001002272 0.492402017 -0.002057356 0.999997795 0.000298237 -0.765126348 -0.001001656 -0.000300298 0.999999404 26.255849838
0.999999464 0.001021460 0.000103600 0.495049208 -0.001021503 0.999999404 0.000417503 -0.776463389 -0.000103174 -0.000417609 0.999999881 26.801944733
0.999999464 0.000975578 -0.000136688 0.507560372 -0.000975498 0.999999404 0.000587976 -0.799560249 0.000137262 -0.000587842 0.999999762 27.345602036
0.999995351 0.003052819 0.000224896 0.508098066 -0.003052854 0.999995351 0.000154571 -0.810950458 -0.000224423 -0.000155257 0.999999940 27.913499832
0.999997973 0.002002103 -0.000251319 0.507650435 -0.002001995 0.999997914 0.000431139 -0.819624484 0.000252182 -0.000430634 0.999999821 28.439779282
0.999999464 0.000729050 -0.000645965 0.520184517 -0.000728852 0.999999702 0.000307122 -0.832823813 0.000646188 -0.000306651 0.999999702 28.984764099
0.999997735 0.001945853 -0.000862155 0.527767718 -0.001945372 0.999997914 0.000558573 -0.852234721 0.000863239 -0.000556895 0.999999464 29.533950806
0.999997079 0.002141943 -0.001138318 0.534264982 -0.002141461 0.999997616 0.000424830 -0.863325894 0.001139225 -0.000422391 0.999999285 30.077716827
0.999996543 0.002206811 -0.001416433 0.546198249 -0.002206684 0.999997556 0.000090848 -0.877198339 0.001416630 -0.000087722 0.999998987 30.632114410
0.999996245 0.002127183 -0.001720967 0.558006704 -0.002127094 0.999997735 0.000053981 -0.892791688 0.001721079 -0.000050321 0.999998450 31.177845001
0.999994338 0.002690966 -0.002024728 0.565071821 -0.002690639 0.999996364 0.000164195 -0.907156646 0.002025162 -0.000158746 0.999997914 31.731456757
0.999994755 0.002517677 -0.002040728 0.576894522 -0.002517533 0.999996781 0.000073445 -0.925673902 0.002040907 -0.000068307 0.999997854 32.274288177
0.999994159 0.002300752 -0.002531062 0.589944601 -0.002300286 0.999997318 0.000186903 -0.938011467 0.002531485 -0.000181079 0.999996781 32.828163147
0.999992073 0.002378426 -0.003188460 0.601958394 -0.002377038 0.999997020 0.000439254 -0.957312465 0.003189495 -0.000431671 0.999994814 33.369510651
0.999992728 0.002464888 -0.002887417 0.608971536 -0.002464756 0.999996960 0.000048721 -0.964842737 0.002887527 -0.000041604 0.999995828 33.930534363
0.999993622 0.002399729 -0.002655115 0.613604546 -0.002399937 0.999997139 -0.000075332 -0.978972673 0.002654927 0.000081703 0.999996483 34.480632782
0.999991953 0.002348428 -0.003235350 0.625721276 -0.002347965 0.999997258 0.000146931 -0.998980224 0.003235685 -0.000139334 0.999994755 35.020309448
0.999993324 0.002456462 -0.002706103 0.630293965 -0.002456310 0.999997020 0.000059618 -1.009620428 0.002706241 -0.000052971 0.999996364 35.570858002
0.999993026 0.002791618 -0.002478850 0.638437033 -0.002790498 0.999996006 0.000455241 -1.032281637 0.002480110 -0.000448321 0.999996841 36.122276306
0.999990165 0.002825682 -0.003420084 0.644332886 -0.002826818 0.999995947 -0.000327318 -1.036150813 0.003419145 0.000336983 0.999994099 36.670764923
0.999990702 0.003342666 -0.002728153 0.648220062 -0.003343563 0.999994278 -0.000324393 -1.051135540 0.002727054 0.000333512 0.999996245 37.216953278
0.999990284 0.003612690 -0.002538274 0.653902888 -0.003613928 0.999993324 -0.000483363 -1.067916393 0.002536511 0.000492532 0.999996662 37.771949768
0.999991000 0.002370684 -0.003505258 0.660381198 -0.002371983 0.999997079 -0.000366504 -1.080103517 0.003504379 0.000374816 0.999993801 38.333820343
0.999989748 0.003117030 -0.003276936 0.663659215 -0.003117152 0.999995172 -0.000032186 -1.096692920 0.003276820 0.000042400 0.999994576 38.880054474
0.999989867 0.002523486 -0.003721633 0.681017160 -0.002524812 0.999996781 -0.000351406 -1.112438560 0.003720734 0.000360799 0.999993026 39.423595428
0.999990284 0.002073396 -0.003896267 0.700795233 -0.002073196 0.999997914 0.000055408 -1.133583784 0.003896373 -0.000047330 0.999992490 39.959018707
0.999989808 0.002132362 -0.003980298 0.688414335 -0.002130945 0.999997616 0.000360417 -1.155421972 0.003981056 -0.000351931 0.999992073 40.566825867
0.999988616 0.001977446 -0.004343406 0.698183715 -0.001979120 0.999997914 -0.000381104 -1.162841320 0.004342643 0.000389696 0.999990523 41.119400024
0.999987066 0.001946978 -0.004704479 0.715209126 -0.001944294 0.999997914 0.000575144 -1.184059739 0.004705588 -0.000565990 0.999988794 41.665023804
0.999987483 0.002165918 -0.004519858 0.715082645 -0.002164854 0.999997616 0.000240067 -1.195537090 0.004520366 -0.000230279 0.999989867 42.196067810
0.999987185 0.002730039 -0.004260092 0.727067888 -0.002732815 0.999996066 -0.000645884 -1.192288280 0.004258312 0.000657518 0.999990702 42.749790192
0.999985397 0.003016516 -0.004486891 0.742540240 -0.003017257 0.999995470 -0.000158140 -1.212060452 0.004486394 0.000171676 0.999989927 43.290969849
0.999984980 0.003426294 -0.004270032 0.746776760 -0.003428539 0.999993980 -0.000518463 -1.225837231 0.004268230 0.000533095 0.999990761 43.842914581
0.999987483 0.002496396 -0.004342927 0.743731797 -0.002497602 0.999996781 -0.000272334 -1.235398531 0.004342233 0.000283177 0.999990523 44.400230408
0.999986649 0.002740045 -0.004404137 0.754233956 -0.002742737 0.999996006 -0.000605118 -1.245740056 0.004402462 0.000617189 0.999990165 44.953697205
0.999986768 0.002881596 -0.004262440 0.762129605 -0.002884619 0.999995530 -0.000703257 -1.262835860 0.004260394 0.000715543 0.999990642 45.511600494
0.999988019 0.002912546 -0.003949020 0.773390174 -0.002913881 0.999995708 -0.000332155 -1.284065366 0.003948036 0.000343658 0.999992192 46.048156738
0.999985754 0.002491976 -0.004718092 0.782662868 -0.002493976 0.999996781 -0.000418053 -1.301540256 0.004717035 0.000429814 0.999988794 46.605659485
0.999984682 0.003109227 -0.004566210 0.791601539 -0.003111020 0.999994993 -0.000385720 -1.317909718 0.004564987 0.000399920 0.999989510 47.166217804
0.999988019 0.002082006 -0.004411719 0.788626432 -0.002086106 0.999997318 -0.000925040 -1.317926526 0.004409781 0.000934232 0.999989867 47.708595276
0.999988139 0.002540993 -0.004146863 0.797411621 -0.002545971 0.999996006 -0.001195747 -1.334450603 0.004143807 0.001206290 0.999990702 48.259357452
0.999989569 0.002436004 -0.003864720 0.807087302 -0.002438403 0.999996841 -0.000615892 -1.348676801 0.003863207 0.000625310 0.999992371 48.804714203
0.999989212 0.002130366 -0.004130098 0.803375244 -0.002129549 0.999997854 0.000202252 -1.389049172 0.004130519 -0.000193455 0.999991477 49.349552155
0.999990404 0.002320830 -0.003714612 0.815885901 -0.002321114 0.999997377 -0.000071717 -1.401212573 0.003714436 0.000080339 0.999993145 49.900890350
0.999988496 0.002455522 -0.004119762 0.833659291 -0.002454331 0.999996960 0.000294411 -1.423197269 0.004120471 -0.000284296 0.999991477 50.434490204
0.999989033 0.002294843 -0.004085946 0.823934853 -0.002297367 0.999997199 -0.000613309 -1.430704713 0.004084527 0.000622689 0.999991477 50.995830536
0.999990940 0.002068202 -0.003716733 0.833873808 -0.002068626 0.999997854 -0.000110464 -1.449813485 0.003716497 0.000118151 0.999993086 51.552993774
0.999989867 0.002305159 -0.003863866 0.850844502 -0.002305713 0.999997437 -0.000138786 -1.465018272 0.003863537 0.000147693 0.999992490 52.092720032
0.999986410 0.001867332 -0.004861631 0.864309072 -0.001869622 0.999998152 -0.000466283 -1.479763508 0.004860751 0.000475366 0.999988079 52.636898041
0.999991238 0.001725128 -0.003793840 0.862636209 -0.001727330 0.999998331 -0.000577283 -1.493291378 0.003792838 0.000583831 0.999992609 53.177532196
0.999985933 0.001697730 -0.005022233 0.880704761 -0.001699903 0.999998450 -0.000428195 -1.509354472 0.005021499 0.000436726 0.999987304 53.732089996
0.999987245 0.002439945 -0.004421534 0.890006423 -0.002439901 0.999997079 0.000015508 -1.526731491 0.004421559 -0.000004720 0.999990284 54.282546997
0.999987602 0.001740344 -0.004646878 0.891548216 -0.001743450 0.999998271 -0.000664308 -1.537398815 0.004645714 0.000672401 0.999988914 54.839855194
0.999988616 0.001702101 -0.004439135 0.893780947 -0.001706009 0.999998152 -0.000876486 -1.552804708 0.004437635 0.000884049 0.999989688 55.387931824
0.999986231 0.002303658 -0.004696769 0.906444311 -0.002304875 0.999997258 -0.000253508 -1.574533701 0.004696172 0.000264330 0.999988914 55.926895142
0.999986708 0.001703800 -0.004853084 0.906810045 -0.001708308 0.999998033 -0.000924871 -1.578131557 0.004851499 0.000933150 0.999987781 56.470615387
0.999987781 0.001751128 -0.004608945 0.920997620 -0.001756623 0.999997675 -0.001188632 -1.594270587 0.004606854 0.001196714 0.999988675 57.016796112
0.999986172 0.002289862 -0.004733555 0.933907270 -0.002293021 0.999997079 -0.000662015 -1.615968108 0.004732026 0.000672860 0.999988556 57.555324554
0.999985635 0.002226160 -0.004876992 0.942649543 -0.002230517 0.999997020 -0.000888274 -1.634032249 0.004875000 0.000899139 0.999987721 58.094116211
0.999985635 0.002561089 -0.004704615 0.956079602 -0.002564540 0.999996424 -0.000727691 -1.651450276 0.004702734 0.000739745 0.999988675 58.630764008
0.999986708 0.002659885 -0.004402452 0.954092622 -0.002663539 0.999996126 -0.000824343 -1.663990974 0.004400242 0.000836058 0.999989986 59.198566437
0.999987245 0.002824020 -0.004196949 0.963209867 -0.002829152 0.999995351 -0.001217298 -1.679772258 0.004193491 0.001229156 0.999990523 59.743621826
0.999988496 0.003225910 -0.003544631 0.967912495 -0.003228711 0.999994576 -0.000784664 -1.694902539 0.003542080 0.000796100 0.999993443 60.301353455
0.999985993 0.002460042 -0.004705521 0.983473599 -0.002466293 0.999996006 -0.001323070 -1.705575705 0.004702249 0.001334657 0.999988079 60.833805084
0.999987960 0.002806927 -0.004034264 0.992578864 -0.002809836 0.999995768 -0.000715602 -1.729302287 0.004032239 0.000726929 0.999991596 61.381317139
0.999987245 0.002580798 -0.004332057 1.000283957 -0.002586002 0.999995947 -0.001196161 -1.734882832 0.004328952 0.001207348 0.999989927 61.949542999
0.999985039 0.002898545 -0.004642966 1.011686206 -0.002903297 0.999995291 -0.001016873 -1.760315776 0.004639997 0.001030337 0.999988675 62.467815399
0.999987245 0.002668350 -0.004297361 1.019568443 -0.002672851 0.999995887 -0.001041722 -1.779359341 0.004294564 0.001053195 0.999990225 63.013591766
0.999986410 0.003201400 -0.004120178 1.020766020 -0.003202071 0.999994934 -0.000156477 -1.799705625 0.004119657 0.000169667 0.999991477 63.567718506
0.999984205 0.003152255 -0.004646983 1.037478209 -0.003156024 0.999994695 -0.000803944 -1.807700634 0.004644424 0.000818598 0.999988854 64.110382080
0.999985158 0.003310459 -0.004321050 1.039154172 -0.003314624 0.999994040 -0.000957205 -1.821814299 0.004317855 0.000971514 0.999990106 64.661651611
0.999981940 0.003860590 -0.004612651 1.054079056 -0.003863906 0.999992311 -0.000710226 -1.838456631 0.004609874 0.000728036 0.999989092 65.196266174
0.999985158 0.004031277 -0.003643014 1.045979738 -0.004032076 0.999991834 -0.000212037 -1.851902485 0.003642130 0.000226723 0.999993324 65.729698181
0.999983966 0.003082116 -0.004755247 1.079294324 -0.003086942 0.999994755 -0.001008060 -1.863644481 0.004752115 0.001022723 0.999988198 66.291236877
0.999983847 0.003034195 -0.004808350 1.084992647 -0.003044226 0.999993265 -0.002080027 -1.868941545 0.004802005 0.002094632 0.999986351 66.845458984
0.999980628 0.004133021 -0.004672232 1.096467257 -0.004138756 0.999990761 -0.001218443 -1.898503900 0.004667153 0.001237756 0.999988377 67.396385193
0.999984026 0.003290489 -0.004584327 1.093394995 -0.003294895 0.999994040 -0.000953805 -1.914059639 0.004581161 0.000968895 0.999989033 67.927879333
0.999983251 0.003732892 -0.004423563 1.106199503 -0.003735445 0.999992788 -0.000569193 -1.934259892 0.004421407 0.000585707 0.999990046 68.461715698
0.999983013 0.003998413 -0.004248089 1.113851905 -0.004002460 0.999991477 -0.000944766 -1.950477004 0.004244276 0.000961753 0.999990582 69.007194519
0.999983549 0.003701744 -0.004385255 1.105763435 -0.003705690 0.999992728 -0.000891918 -1.967973351 0.004381922 0.000908154 0.999989927 69.553657532
0.999984860 0.003348334 -0.004366615 1.118177414 -0.003352436 0.999993920 -0.000932624 -1.979715586 0.004363466 0.000947248 0.999990046 70.099517822
0.999986529 0.003509555 -0.003824646 1.124763012 -0.003512467 0.999993503 -0.000754746 -2.001258373 0.003821973 0.000768170 0.999992371 70.649459839
0.999984741 0.003476787 -0.004299813 1.125163674 -0.003483307 0.999992788 -0.001509707 -2.010236502 0.004294534 0.001524661 0.999989569 71.198585510
0.999983966 0.003355526 -0.004559251 1.144821525 -0.003362849 0.999993086 -0.001599183 -2.027295351 0.004553854 0.001614490 0.999988317 71.745216370
0.999985218 0.003596130 -0.004084259 1.143901587 -0.003602634 0.999992251 -0.001586386 -2.044403791 0.004078522 0.001601077 0.999990463 72.288314819
0.999983132 0.004233051 -0.003954882 1.144626141 -0.004237239 0.999990463 -0.001051117 -2.066286087 0.003950395 0.001067857 0.999991655 72.814712524
0.999984503 0.003869544 -0.003992843 1.157575369 -0.003872756 0.999992132 -0.000797061 -2.087263584 0.003989728 0.000812512 0.999991715 73.359886169
0.999985993 0.003620511 -0.003868879 1.160789847 -0.003623800 0.999993145 -0.000843407 -2.100136518 0.003865798 0.000857415 0.999992192 73.914291382
0.999985516 0.003704987 -0.003906249 1.169463158 -0.003708338 0.999992788 -0.000851008 -2.118558884 0.003903067 0.000865482 0.999992013 74.439216614
0.999985814 0.003574106 -0.003942618 1.180979848 -0.003575847 0.999993503 -0.000434902 -2.136559963 0.003941038 0.000448994 0.999992132 74.978897095
0.999985933 0.003613519 -0.003862554 1.186219454 -0.003614964 0.999993384 -0.000367403 -2.152290344 0.003861201 0.000381361 0.999992490 75.523040771
0.999987721 0.003209012 -0.003754954 1.195918083 -0.003212404 0.999994457 -0.000897725 -2.166928530 0.003752052 0.000909776 0.999992549 76.080284119
0.999980569 0.004426639 -0.004386911 1.206338167 -0.004428600 0.999990106 -0.000437479 -2.188262224 0.004384931 0.000456898 0.999990284 76.631622314
0.999986291 0.003536860 -0.003845459 1.212978840 -0.003539707 0.999993443 -0.000733890 -2.204351664 0.003842838 0.000747492 0.999992251 77.171173096
0.999986351 0.003234919 -0.004097889 1.224541426 -0.003239068 0.999994218 -0.001005973 -2.216310263 0.004094611 0.001019233 0.999991000 77.716392517
0.999985456 0.003250043 -0.004304526 1.238003254 -0.003252717 0.999994516 -0.000614510 -2.232203484 0.004302505 0.000628502 0.999990523 78.254531860
0.999983430 0.003391851 -0.004657815 1.252863526 -0.003395381 0.999993920 -0.000750191 -2.248370647 0.004655242 0.000765993 0.999988914 78.799522400
0.999985456 0.003559765 -0.004035363 1.255862951 -0.003562412 0.999993443 -0.000648808 -2.262887239 0.004033027 0.000663175 0.999991596 79.348968506
0.999985695 0.004004083 -0.003512572 1.260941267 -0.004007283 0.999991536 -0.000904044 -2.277683973 0.003508923 0.000918107 0.999993443 79.894691467
0.999984622 0.003665676 -0.004155718 1.277750611 -0.003670021 0.999992728 -0.001038455 -2.292881966 0.004151881 0.001053691 0.999990821 80.439819336
0.999987900 0.004002420 -0.002854307 1.283314705 -0.004004600 0.999991715 -0.000758428 -2.307396889 0.002851248 0.000769849 0.999995649 80.989463806
0.999992132 0.003553848 -0.001744231 1.294090152 -0.003555985 0.999992967 -0.001223779 -2.319021463 0.001739870 0.001229972 0.999997735 81.542472839
0.999989212 0.004609575 -0.000429876 1.306349516 -0.004609881 0.999989033 -0.000715707 -2.341625929 0.000426572 0.000717681 0.999999642 82.066085815
0.999990344 0.004348474 0.000644404 1.327087760 -0.004348088 0.999990344 -0.000598967 -2.361356258 -0.000647002 0.000596160 0.999999642 82.610557556
0.999983728 0.004384933 0.003650771 1.346921206 -0.004381223 0.999989867 -0.001023737 -2.375098467 -0.003655223 0.001007726 0.999992788 83.161224365
0.999965966 0.004302206 0.007041098 1.367107630 -0.004302566 0.999990761 0.000035810 -2.398297787 -0.007040878 -0.000066104 0.999975264 83.698410034
0.999926269 0.005168356 0.010984168 1.375639915 -0.005162575 0.999986529 -0.000554614 -2.406168222 -0.010986885 0.000497866 0.999939442 84.246734619
0.999861777 0.004672653 0.015954267 1.404834270 -0.004664254 0.999988973 -0.000563652 -2.428636551 -0.015956724 0.000489159 0.999872506 84.793121338
0.999759376 0.004977555 0.021367416 1.433938026 -0.004961381 0.999987423 -0.000809944 -2.439841270 -0.021371178 0.000703737 0.999771297 85.341651917
0.999626696 0.004590808 0.026935268 1.465687394 -0.004563416 0.999989033 -0.001078360 -2.455978632 -0.026939923 0.000955041 0.999636590 85.902725220
0.999468744 0.004340269 0.032301005 1.508155346 -0.004319581 0.999990404 -0.000710240 -2.478449821 -0.032303780 0.000570336 0.999477863 86.424903870
0.999163926 0.004359214 0.040649921 1.546095848 -0.004343135 0.999990463 -0.000483844 -2.495968580 -0.040651642 0.000306891 0.999173284 86.973373413
0.998768985 0.004737250 0.049376685 1.584488869 -0.004720447 0.999988735 -0.000456936 -2.511023045 -0.049378294 0.000223294 0.998780072 87.528518677
0.998417318 0.004457444 0.056062657 1.626563549 -0.004425738 0.999989986 -0.000689665 -2.526783943 -0.056065176 0.000440454 0.998426974 88.073287964
0.997868955 0.004479184 0.065095797 1.683938503 -0.004442350 0.999989867 -0.000710573 -2.541048527 -0.065098323 0.000419881 0.997878790 88.622077942
0.997141480 0.004909547 0.075397119 1.746404171 -0.004869264 0.999987960 -0.000718102 -2.561075449 -0.075399734 0.000348921 0.997153401 89.156005859
0.996488392 0.004152568 0.083628260 1.808193207 -0.004111505 0.999991357 -0.000663234 -2.580821514 -0.083630279 0.000317067 0.996496737 89.713691711
0.995790243 0.003814559 0.091581948 1.878325939 -0.003733277 0.999992549 -0.001058820 -2.594627380 -0.091585301 0.000712462 0.995796978 90.259948730
0.994716406 0.003684396 0.102594644 1.952513218 -0.003681557 0.999993205 -0.000217022 -2.620475292 -0.102594748 -0.000161832 0.994723201 90.788955688
0.993580818 0.003795635 0.113061063 2.028864861 -0.003790020 0.999992788 -0.000264609 -2.640776873 -0.113061272 -0.000165593 0.993588030 91.344573975
0.992558837 0.002748650 0.121735781 2.119209290 -0.002691279 0.999996245 -0.000635698 -2.651357651 -0.121737070 0.000303343 0.992562413 91.890541077
0.991167784 0.003409891 0.132571146 2.213043213 -0.003398086 0.999994218 -0.000315286 -2.665040970 -0.132571459 -0.000137987 0.991173506 92.430175781
0.989394963 0.002915530 0.145220891 2.304446220 -0.002871309 0.999995768 -0.000514101 -2.684056759 -0.145221770 0.000091675 0.989399135 92.971168518
0.987755835 0.002876058 0.155980274 2.413359642 -0.002864995 0.999995828 -0.000295748 -2.701799154 -0.155980498 -0.000154756 0.987760127 93.522445679
0.985994160 0.002333340 0.166762710 2.523692131 -0.002338297 0.999997258 -0.000166625 -2.717131853 -0.166762635 -0.000225649 0.985997081 94.061386108
0.983725011 0.002718518 0.179659545 2.632671356 -0.002711711 0.999996245 -0.000283484 -2.736195087 -0.179659665 -0.000208314 0.983728826 94.593070984
0.981342733 0.002032449 0.192255974 2.763732910 -0.002048742 0.999997914 -0.000114050 -2.746676683 -0.192255795 -0.000281961 0.981344819 95.145263672
0.979283690 0.001732724 0.202485517 2.892349243 -0.001635621 0.999998450 -0.000646879 -2.755554676 -0.202486306 0.000302288 0.979285061 95.681640625
0.976483345 0.001918666 0.215584755 3.037261963 -0.001935912 0.999998152 -0.000131164 -2.779718876 -0.215584606 -0.000289274 0.976485133 96.206260681
0.973515630 0.001256887 0.228617117 3.182128906 -0.001283478 0.999999166 -0.000032370 -2.790719748 -0.228616968 -0.000261912 0.973516405 96.727996826
0.970834196 0.001518904 0.239747047 3.331666946 -0.001543946 0.999998808 -0.000083365 -2.805534601 -0.239746869 -0.000289223 0.970835388 97.264785767
0.967770576 0.000846159 0.251832277 3.487060547 -0.000843369 0.999999583 -0.000119014 -2.820889473 -0.251832277 -0.000097209 0.967770875 97.781532288
0.964011073 0.000686862 0.265861213 3.647338867 -0.000674488 0.999999762 -0.000137847 -2.831369638 -0.265861213 -0.000046434 0.964011431 98.329605103
0.960521638 0.000296853 0.278204888 3.821527481 -0.000129597 0.999999821 -0.000619586 -2.842408180 -0.278204978 0.000559071 0.960521638 98.858772278
0.957191527 0.000033848 0.289455533 3.992137909 0.000080913 0.999999881 -0.000384506 -2.854660273 -0.289455503 0.000391466 0.957191348 99.364585876
0.952910841 -0.001170957 0.303248197 4.181175232 0.001161475 0.999999285 0.000211621 -2.878900766 -0.303248197 0.000150559 0.952911556 99.887023926
0.948504090 -0.000784787 0.316763908 4.378068924 0.000684323 0.999999583 0.000428407 -2.896429062 -0.316764116 -0.000189577 0.948504329 100.388168335
0.944563627 -0.001186318 0.328326166 4.575620651 0.001253996 0.999999225 0.000005599 -2.902700663 -0.328325957 0.000406431 0.944564342 100.914894104
0.939906776 -0.001989773 0.341425210 4.782106400 0.002216189 0.999997556 -0.000273100 -2.916125774 -0.341423839 0.001013352 0.939908803 101.441078186
0.934683263 -0.001181244 0.355479538 4.996240616 0.001483813 0.999998748 -0.000578522 -2.931470871 -0.355478406 0.001068200 0.934683859 101.932945251
0.929824114 -0.001739505 0.368000180 5.221506119 0.001781063 0.999998391 0.000226704 -2.955250740 -0.367999971 0.000444637 0.929825664 102.460609436
0.925312579 -0.002551215 0.379196852 5.458806992 0.002950420 0.999995589 -0.000471672 -2.963683128 -0.379193962 0.001555234 0.925315917 102.967636108
0.919176996 -0.002485378 0.393837005 5.688434601 0.002444032 0.999996841 0.000606526 -2.990254641 -0.393837243 0.000405045 0.919180036 103.437194824
0.913546681 -0.003499097 0.406718910 5.933437347 0.003646913 0.999993265 0.000411705 -3.002317905 -0.406717598 0.001107157 0.913553238 103.955505371
0.908598781 -0.004274815 0.417648166 6.184696198 0.004497138 0.999989748 0.000451761 -3.020228148 -0.417645752 0.001467752 0.908608675 104.435455322
0.902259290 -0.004182742 0.431173533 6.446571350 0.004463422 0.999990106 0.000360726 -3.034215450 -0.431170791 0.001599041 0.902268946 104.939971924
0.895520389 -0.003979024 0.445002615 6.713481903 0.004003104 0.999991655 0.000885676 -3.053036451 -0.445002407 0.000988251 0.895528793 105.426681519
0.889605820 -0.005105851 0.456700504 6.991001129 0.005378515 0.999985337 0.000702906 -3.066128492 -0.456697375 0.001831061 0.889620245 105.911178589
0.883943558 -0.005469958 0.467561573 7.238918304 0.005856625 0.999982595 0.000626522 -3.073219538 -0.467556894 0.002184522 0.883960307 106.386901855
0.876730025 -0.005161440 0.480955005 7.526279449 0.005657500 0.999983907 0.000418451 -3.084480524 -0.480949461 0.002354134 0.876745164 106.873344421
