1.000000000 0.000000000 0.000000000 0.000000000 0.000000000 1.000000000 0.000000000 0.000000000 0.000000000 0.000000000 1.000000000 0.000000000
1.000000000 0.000008601 0.000028931 -0.000042915 -0.000008602 1.000000000 0.000041101 0.000247567 -0.000028930 -0.000041102 1.000000000 0.000562335
1.000000000 0.000007628 0.000064858 0.000591430 -0.000007630 1.000000000 0.000044784 0.000194320 -0.000064857 -0.000044784 1.000000000 0.000481086
1.000000000 -0.000198481 -0.000060393 0.001733676 0.000198478 1.000000000 -0.000040548 0.000897497 0.000060401 0.000040536 1.000000000 0.000279635
1.000000000 0.000053674 0.000083998 -0.000196763 -0.000053679 1.000000000 0.000058677 0.000452892 -0.000083995 -0.000058681 1.000000000 0.000694783
1.000000000 0.000109385 -0.000023111 0.000350755 -0.000109385 1.000000000 0.000004190 -0.000247836 0.000023111 -0.000004187 1.000000000 -0.001375292
1.000000000 -0.000074441 0.000030724 0.000820590 0.000074441 1.000000000 -0.000021819 -0.000051395 -0.000030722 0.000021822 1.000000000 -0.000416071
1.000000000 0.000024520 -0.000001555 0.000295537 -0.000024520 1.000000000 0.000024582 0.000203544 0.000001556 -0.000024581 1.000000000 0.000242045
1.000000000 0.000159225 0.000053974 -0.000300563 -0.000159230 1.000000000 0.000084654 -0.000316895 -0.000053960 -0.000084663 1.000000000 -0.000534078
0.999999940 0.000253011 0.000019997 -0.000274960 -0.000253011 0.999999940 0.000003404 0.000244018 -0.000019996 -0.000003410 1.000000000 -0.000700592
1.000000000 -0.000033427 -0.000003297 0.000512477 0.000033427 1.000000000 0.000016047 -0.000236937 0.000003297 -0.000016047 1.000000000 -0.000635747
1.000000000 0.000164636 -0.000010140 -0.000239619 -0.000164637 1.000000000 -0.000118870 0.001309727 0.000010121 0.000118872 1.000000000 -0.000076297
1.000000000 0.000059796 0.000029604 0.000124557 -0.000059794 1.000000000 -0.000066229 0.001372940 -0.000029608 0.000066227 1.000000000 0.000796762
1.000000000 0.000153608 0.000103370 -0.001269439 -0.000153592 1.000000000 -0.000153966 0.002661247 -0.000103394 0.000153950 1.000000000 0.001730515
0.999999940 0.000234822 0.000093131 -0.002106405 -0.000234811 0.999999940 -0.000124186 0.001919189 -0.000093160 0.000124164 1.000000000 0.001334729
0.999999940 0.000271628 0.000116798 -0.001202496 -0.000271622 0.999999940 -0.000051548 0.002143849 -0.000116812 0.000051516 1.000000000 0.001067787
0.999999940 0.000203260 0.000142989 -0.001718595 -0.000203247 1.000000000 -0.000092609 0.001793077 -0.000143008 0.000092580 1.000000000 0.001427091
0.999999940 0.000236804 0.000140773 -0.002185484 -0.000236815 0.999999940 0.000077647 0.000520732 -0.000140755 -0.000077681 1.000000000 0.001525667
0.999999940 0.000263477 0.000053655 -0.001727366 -0.000263480 0.999999940 0.000045008 0.001045569 -0.000053644 -0.000045022 1.000000000 0.000056369
1.000000000 0.000166804 0.000090688 -0.001145766 -0.000166799 1.000000000 -0.000053883 0.001627305 -0.000090697 0.000053868 1.000000000 0.001749010
1.000000000 0.000169888 0.000094401 -0.001373148 -0.000169894 1.000000000 0.000056734 0.001282364 -0.000094392 -0.000056750 1.000000000 0.001829382
0.999999940 0.000355986 0.000086168 -0.001442726 -0.000355982 0.999999940 -0.000053499 0.002243427 -0.000086187 0.000053468 1.000000000 0.001594153
0.999999940 0.000220357 0.000173484 -0.001318376 -0.000220349 1.000000000 -0.000043175 0.001805508 -0.000173493 0.000043136 1.000000000 0.001644887
1.000000000 0.000138574 0.000142668 -0.001675337 -0.000138571 1.000000000 -0.000020391 0.002291075 -0.000142671 0.000020371 1.000000000 0.001536973
1.000000000 0.000141920 0.000134316 -0.001736632 -0.000141912 1.000000000 -0.000065034 0.002204048 -0.000134325 0.000065015 1.000000000 0.002549097
1.000000000 0.000233626 0.000047880 -0.002277229 -0.000233627 1.000000000 0.000014527 0.001428801 -0.000047877 -0.000014538 1.000000000 -0.000259253
1.000000000 0.000159793 0.000065676 -0.001332892 -0.000159798 1.000000000 0.000072801 0.000725026 -0.000065664 -0.000072811 1.000000000 0.000355417
1.000000000 0.000055253 0.000124812 -0.001054065 -0.000055249 1.000000000 -0.000034437 0.001861824 -0.000124814 0.000034430 1.000000000 0.002598544
1.000000000 0.000157200 0.000120674 -0.001047618 -0.000157200 1.000000000 0.000002979 0.001762938 -0.000120674 -0.000002998 1.000000000 0.002174398
0.999999940 0.000306901 0.000156922 -0.001986245 -0.000306890 0.999999940 -0.000072379 0.002644782 -0.000156944 0.000072331 1.000000000 0.002423808
0.999999881 0.000395002 0.000219553 -0.001656143 -0.000395019 0.999999940 0.000075833 0.000714184 -0.000219523 -0.000075920 1.000000000 -0.000136681
0.999999940 0.000276302 0.000134190 -0.002057810 -0.000276304 0.999999940 0.000008788 0.000912802 -0.000134187 -0.000008825 1.000000000 0.000884329
0.999999940 0.000230893 0.000125232 -0.001021329 -0.000230887 1.000000000 -0.000044321 0.000892518 -0.000125242 0.000044292 1.000000000 0.001316596
0.999999940 0.000290123 0.000111075 -0.002732712 -0.000290133 0.999999940 0.000087234 0.000846531 -0.000111049 -0.000087266 1.000000000 0.000932624
1.000000000 0.000094132 0.000075751 -0.001564097 -0.000094134 1.000000000 0.000024942 0.001557688 -0.000075749 -0.000024949 1.000000000 0.001095308
0.999999940 0.000263725 0.000143605 -0.002177578 -0.000263728 0.999999940 0.000022687 0.001030371 -0.000143599 -0.000022725 1.000000000 0.000487491
1.000000000 0.000184779 0.000085995 -0.000009960 -0.000184779 1.000000000 0.000003074 0.001636819 -0.000085994 -0.000003090 1.000000000 0.001289630
1.000000000 0.000178876 0.000121849 -0.001244209 -0.000178863 1.000000000 -0.000104092 0.001755098 -0.000121868 0.000104070 1.000000000 0.001737994
0.999999881 0.000371492 0.000245482 -0.002218093 -0.000371344 0.999999762 -0.000601318 -0.002487771 -0.000245705 0.000601227 0.999999762 0.048129711
0.999999881 0.000150513 0.000285221 0.001046377 -0.000150188 0.999999344 -0.001139130 -0.002523979 -0.000285392 0.001139087 0.999999285 0.145826429
0.999999821 0.000454707 0.000307143 -0.000278997 -0.000454269 0.999998868 -0.001425058 -0.009799294 -0.000307791 0.001424919 0.999998927 0.251323700
0.999999821 0.000518134 0.000308277 0.002991271 -0.000517701 0.999998808 -0.001405012 -0.012467575 -0.000309005 0.001404852 0.999998927 0.382626474
0.999999881 0.000405290 0.000175068 0.006810669 -0.000405087 0.999999106 -0.001159342 -0.017243769 -0.000175537 0.001159271 0.999999225 0.521832645
0.999999821 0.000280763 0.000540072 0.005142712 -0.000280251 0.999999523 -0.000947787 -0.022673341 -0.000540338 0.000947635 0.999999404 0.675946474
0.999999762 0.000050730 0.000612916 0.010071873 -0.000050327 0.999999881 -0.000658073 -0.025953203 -0.000612949 0.000658042 0.999999642 0.838706672
0.999999762 0.000551707 0.000345888 0.013695695 -0.000551497 0.999999642 -0.000606200 -0.031971373 -0.000346222 0.000606009 0.999999762 1.013602257
0.999999702 0.000579630 0.000453355 0.016434612 -0.000579384 0.999999702 -0.000541384 -0.037517704 -0.000453668 0.000541122 0.999999702 1.186201572
0.999999762 0.000417162 0.000469799 0.020355510 -0.000417134 0.999999940 -0.000060163 -0.045546658 -0.000469824 0.000059967 0.999999881 1.369678378
0.999999642 0.000746886 0.000404934 0.024051208 -0.000746761 0.999999762 -0.000306945 -0.047166906 -0.000405163 0.000306642 0.999999821 1.562000275
0.999999762 0.000214113 0.000542316 0.027338834 -0.000214171 1.000000000 0.000105773 -0.057126790 -0.000542293 -0.000105889 0.999999762 1.765482664
0.999999583 0.000447867 0.000731026 0.029585186 -0.000448213 0.999999762 0.000474264 -0.066016279 -0.000730813 -0.000474592 0.999999642 1.964541435
0.999999821 0.000014184 0.000549155 0.038002308 -0.000014325 0.999999940 0.000256915 -0.070193209 -0.000549151 -0.000256923 0.999999881 2.179915905
0.999999881 0.000074972 0.000504634 0.041666802 -0.000075220 0.999999881 0.000490696 -0.077786334 -0.000504597 -0.000490734 0.999999762 2.393432856
0.999999642 0.000739118 0.000024001 0.047178198 -0.000739127 0.999999642 0.000413416 -0.083115324 -0.000023696 -0.000413433 0.999999940 2.624136448
0.999999702 0.000573828 -0.000351528 0.052821953 -0.000573638 0.999999642 0.000540057 -0.089967288 0.000351838 -0.000539855 0.999999821 2.857259750
0.999999881 0.000364203 -0.000295654 0.056621626 -0.000364048 0.999999821 0.000526269 -0.094406582 0.000295846 -0.000526161 0.999999821 3.093430758
0.999999464 0.001027163 0.000198025 0.060128260 -0.001027304 0.999999225 0.000714962 -0.101776034 -0.000197291 -0.000715165 0.999999702 3.336959839
0.999999523 0.000801967 0.000413068 0.062989317 -0.000802307 0.999999344 0.000822582 -0.110134043 -0.000412408 -0.000822913 0.999999583 3.585915804
0.999999285 0.001052216 0.000523093 0.066936590 -0.001052650 0.999999106 0.000828979 -0.116552755 -0.000522220 -0.000829529 0.999999523 3.848101854
0.999999583 0.000734744 0.000452896 0.069210999 -0.000735102 0.999999404 0.000790459 -0.123140216 -0.000452315 -0.000790791 0.999999523 4.103203297
0.999999404 0.000944447 0.000602232 0.074254550 -0.000944874 0.999999225 0.000709166 -0.127021939 -0.000601561 -0.000709735 0.999999523 4.360610008
0.999999583 0.000635988 0.000598406 0.078797616 -0.000636476 0.999999464 0.000815710 -0.136043400 -0.000597887 -0.000816090 0.999999464 4.623099327
0.999999404 0.001034172 0.000393448 0.088535428 -0.001034514 0.999999106 0.000868023 -0.138712406 -0.000392549 -0.000868430 0.999999464 4.872296333
0.999998629 0.001635925 0.000338331 0.093236096 -0.001636320 0.999998033 0.001168909 -0.148636132 -0.000336418 -0.001169461 0.999999225 5.131097794
0.999999046 0.001223724 0.000614128 0.096805148 -0.001224320 0.999998808 0.000970449 -0.154998168 -0.000612939 -0.000971200 0.999999344 5.405806065
0.999998927 0.001265872 0.000692678 0.097708374 -0.001266564 0.999998689 0.000999297 -0.165823057 -0.000691412 -0.001000173 0.999999285 5.675081253
0.999999523 0.000761579 0.000618723 0.100300744 -0.000762326 0.999998927 0.001209373 -0.176393613 -0.000617801 -0.001209844 0.999999106 5.942700386
0.999999225 0.000988565 0.000760321 0.103185125 -0.000989559 0.999998629 0.001308022 -0.186388195 -0.000759027 -0.001308773 0.999998927 6.221575260
0.999998689 0.001254302 0.001049123 0.114483327 -0.001255633 0.999998331 0.001269568 -0.193300501 -0.001047529 -0.001270884 0.999998629 6.515810966
0.999998271 0.001584864 0.000969084 0.117558420 -0.001586118 0.999997854 0.001295446 -0.200523540 -0.000967029 -0.001296981 0.999998689 6.804763794
0.999998450 0.001517644 0.000879060 0.129701793 -0.001518953 0.999997735 0.001489663 -0.208346859 -0.000876797 -0.001490996 0.999998510 7.111376762
0.999998808 0.001278273 0.000893530 0.136653334 -0.001279916 0.999997437 0.001839941 -0.220105052 -0.000891175 -0.001841083 0.999997914 7.411161900
0.999999344 0.000866893 0.000729068 0.149303466 -0.000868087 0.999998271 0.001639776 -0.234806493 -0.000727645 -0.001640408 0.999998391 7.711258411
0.999999225 0.000945016 0.000777713 0.157443270 -0.000946228 0.999998331 0.001558914 -0.239305779 -0.000776239 -0.001559648 0.999998510 8.033923149
0.999999404 0.000938215 0.000597594 0.153794587 -0.000939077 0.999998510 0.001442791 -0.247364894 -0.000596240 -0.001443351 0.999998748 8.355443001
0.999999642 0.000694220 0.000618989 0.160796881 -0.000695006 0.999998927 0.001270309 -0.253557950 -0.000618106 -0.001270739 0.999999046 8.678813934
0.999999166 0.001062288 0.000713121 0.166902617 -0.001063260 0.999998510 0.001364365 -0.267430663 -0.000711670 -0.001365122 0.999998748 9.008445740
0.999999106 0.001270932 0.000393700 0.175570980 -0.001271512 0.999998093 0.001477610 -0.279894173 -0.000391822 -0.001478109 0.999998748 9.352106094
0.999998212 0.001555601 0.001077913 0.171014443 -0.001557508 0.999997318 0.001771333 -0.290930241 -0.001075155 -0.001773009 0.999997854 9.687376022
0.999998629 0.001445336 0.000830945 0.178859890 -0.001447167 0.999996483 0.002206561 -0.302875996 -0.000827753 -0.002207760 0.999997258 10.039775848
0.999998987 0.001178762 0.000766390 0.199584812 -0.001179833 0.999998331 0.001397808 -0.304515213 -0.000764741 -0.001398710 0.999998748 10.403958321
0.999998212 0.001380281 0.001237710 0.192657277 -0.001382094 0.999997973 0.001465895 -0.315432489 -0.001235685 -0.001467603 0.999998093 10.753706932
0.999998868 0.001119072 0.001006319 0.199517980 -0.001120332 0.999998510 0.001252468 -0.320485473 -0.001004916 -0.001253594 0.999998629 11.129092216
0.999999523 0.000814708 0.000557417 0.216198519 -0.000815609 0.999998331 0.001617276 -0.340330064 -0.000556099 -0.001617730 0.999998510 11.510663033
0.999997556 0.001815775 0.001258651 0.206527144 -0.001818150 0.999996543 0.001888257 -0.346074879 -0.001255218 -0.001890541 0.999997377 11.867597580
0.999998748 0.001311251 0.000917220 0.230711251 -0.001313199 0.999996841 0.002126701 -0.372377515 -0.000914428 -0.002127903 0.999997258 12.278539658
0.999998927 0.000950280 0.001096290 0.243703693 -0.000953021 0.999996424 0.002502486 -0.386209577 -0.001093908 -0.002503528 0.999996245 12.668820381
0.999997914 0.001557852 0.001331114 0.235863313 -0.001560906 0.999996066 0.002296319 -0.382120997 -0.001327532 -0.002298392 0.999996483 13.046247482
0.999998331 0.001083079 0.001454234 0.242874593 -0.001086151 0.999997139 0.002113132 -0.387395889 -0.001451941 -0.002114708 0.999996722 13.445991516
0.999995828 0.002229029 0.001829772 0.260176629 -0.002233519 0.999994516 0.002455562 -0.404915124 -0.001824289 -0.002459638 0.999995291 13.846594810
0.999997020 0.001716174 0.001738624 0.266066045 -0.001721068 0.999994576 0.002817594 -0.412820488 -0.001733779 -0.002820577 0.999994516 14.266848564
0.999996722 0.001471782 0.002129064 0.274568439 -0.001477022 0.999995947 0.002461697 -0.424936682 -0.002125432 -0.002464834 0.999994695 14.684964180
0.999997616 0.001289464 0.001776965 0.305008799 -0.001293583 0.999996483 0.002319050 -0.430225849 -0.001773969 -0.002321343 0.999995708 15.110837936
0.999994576 0.002382532 0.002269545 0.303344607 -0.002387840 0.999994338 0.002338454 -0.452666730 -0.002263961 -0.002343860 0.999994695 15.560002327
0.999993145 0.002555893 0.002677466 0.311902553 -0.002561374 0.999994516 0.002045660 -0.462326467 -0.002672223 -0.002052504 0.999994338 16.003355026
0.999992430 0.002253243 0.003177364 0.319052815 -0.002261030 0.999994457 0.002449095 -0.471723855 -0.003171828 -0.002456261 0.999991894 16.446165085
0.999994159 0.001880889 0.002852014 0.329509377 -0.001886727 0.999996185 0.002045765 -0.487878144 -0.002848154 -0.002051134 0.999993801 16.888656616
0.999994755 0.002606993 0.001927666 0.373476684 -0.002613556 0.999990761 0.003410383 -0.510946214 -0.001918757 -0.003415403 0.999992311 17.326639175
0.999992907 0.002000629 0.003187520 0.352712661 -0.002009714 0.999993920 0.002849675 -0.509245694 -0.003181800 -0.002856060 0.999990880 17.808160782
0.999992967 0.001579120 0.003405520 0.365439832 -0.001587795 0.999995410 0.002546072 -0.521044910 -0.003401485 -0.002551462 0.999991000 18.274330139
0.999990046 0.002097036 0.003916825 0.380829841 -0.002107207 0.999994338 0.002594503 -0.524649918 -0.003911362 -0.002602731 0.999988973 18.742013931
0.999989748 0.002467088 0.003780256 0.394166291 -0.002476749 0.999993682 0.002553038 -0.536221862 -0.003773933 -0.002562375 0.999989569 19.215406418
0.999979973 0.004640945 0.004284220 0.430716336 -0.004652693 0.999985397 0.002736464 -0.544697464 -0.004271458 -0.002756343 0.999987066 19.666427612
0.999981225 0.004521481 0.004123486 0.435969204 -0.004533147 0.999985635 0.002824476 -0.559471607 -0.004110656 -0.002843116 0.999987543 20.151704788
0.999988616 0.003202912 0.003542864 0.486767083 -0.003213447 0.999990404 0.002971834 -0.617770553 -0.003533311 -0.002983184 0.999989331 20.636756897
0.999992728 0.002891181 0.002500442 0.502044678 -0.002897996 0.999992013 0.002726073 -0.629666090 -0.002492541 -0.002733299 0.999993145 21.139047623
0.999990523 0.003443890 0.002673158 0.505226254 -0.003451948 0.999989510 0.003015675 -0.650089979 -0.002662745 -0.003024873 0.999991834 21.631845474
0.999993265 0.002776627 0.002408728 0.487526387 -0.002783310 0.999992192 0.002776272 -0.651297212 -0.002401001 -0.002782958 0.999993205 22.137920380
0.999995947 0.002042250 0.001968012 0.501638234 -0.002047856 0.999993801 0.002850879 -0.664173245 -0.001962178 -0.002854897 0.999993980 22.658922195
0.999994814 0.002382017 0.002152894 0.516715109 -0.002388623 0.999992371 0.003071406 -0.660103917 -0.002145561 -0.003076533 0.999992967 23.147850037
0.999990046 0.004133202 0.001654407 0.523153365 -0.004138421 0.999986351 0.003163569 -0.716329455 -0.001641309 -0.003170384 0.999993622 23.674268723
0.999995708 0.002583579 0.001349798 0.527352154 -0.002587986 0.999991298 0.003273635 -0.736127973 -0.001341328 -0.003277115 0.999993742 24.197158813
0.999992192 0.003811443 0.001035767 0.543091774 -0.003814653 0.999987900 0.003114328 -0.736240983 -0.001023884 -0.003118254 0.999994636 24.756124496
0.999994755 0.003188988 -0.000517855 0.573431134 -0.003186880 0.999986947 0.004020613 -0.765419364 0.000530670 -0.004018942 0.999991715 25.222446442
0.999997735 0.001800365 -0.001119069 0.565139771 -0.001796265 0.999991715 0.003654371 -0.756029069 0.001125639 -0.003652352 0.999992669 25.807510376
0.999995053 0.003055563 -0.000920768 0.566515207 -0.003051819 0.999987185 0.004041260 -0.781693041 0.000933104 -0.004038429 0.999991417 26.378812790
0.999995530 0.002726642 -0.001249518 0.595347404 -0.002722141 0.999989808 0.003590112 -0.789650261 0.001259295 -0.003586695 0.999992788 26.903474808
0.999993086 0.003453421 -0.001327962 0.598272145 -0.003447982 0.999985754 0.004076986 -0.806708157 0.001342023 -0.004072380 0.999990761 27.459070206
0.999993205 0.003253473 -0.001731613 0.598675132 -0.003245946 0.999985337 0.004332301 -0.830716014 0.001745683 -0.004326652 0.999989033 27.994298935
0.999992728 0.003226630 -0.001989627 0.618401706 -0.003218583 0.999986708 0.004035007 -0.832563043 0.002002620 -0.004028574 0.999989867 28.582017899
0.999993443 0.002733920 -0.002373798 0.619374156 -0.002722629 0.999985039 0.004747521 -0.870927811 0.002386742 -0.004741027 0.999985933 29.091096878
0.999989927 0.003438138 -0.002888393 0.629233956 -0.003425004 0.999983788 0.004539372 -0.875548124 0.002903954 -0.004529433 0.999985516 29.656772614
0.999991000 0.003030372 -0.002977211 0.630991578 -0.003017558 0.999986172 0.004299539 -0.876257896 0.002990200 -0.004290516 0.999986291 30.214714050
0.999988019 0.004010594 -0.002799314 0.644915581 -0.003997949 0.999981821 0.004508212 -0.900344133 0.002817344 -0.004496967 0.999985933 30.750034332
0.999986768 0.004210521 -0.002938432 0.644681156 -0.004196730 0.999980152 0.004683444 -0.916681647 0.002958093 -0.004671050 0.999984741 31.316974640
0.999978840 0.005811126 -0.002915046 0.645877481 -0.005797161 0.999971747 0.004776360 -0.927358210 0.002942719 -0.004759361 0.999984384 31.870313644
0.999985695 0.003657661 -0.003880946 0.672034204 -0.003639291 0.999982178 0.004730241 -0.948324442 0.003898179 -0.004716050 0.999981284 32.418380737
0.999983668 0.003679125 -0.004350605 0.676141024 -0.003656695 0.999980092 0.005152527 -0.975923538 0.004369475 -0.005136536 0.999977291 32.946418762
0.999984741 0.004224075 -0.003556374 0.677891195 -0.004206536 0.999979019 0.004924878 -0.980559230 0.003577103 -0.004909845 0.999981523 33.514850616
0.999986947 0.003454296 -0.003759128 0.691746235 -0.003432725 0.999977708 0.005729636 -1.002029657 0.003778835 -0.005716658 0.999976516 34.048301697
0.999981642 0.004600948 -0.003943583 0.694342077 -0.004580334 0.999975860 0.005220515 -1.003226876 0.003967508 -0.005202356 0.999978602 34.591510773
0.999980271 0.004462228 -0.004429703 0.705987930 -0.004440577 0.999978244 0.004885613 -1.021854520 0.004451407 -0.004865847 0.999978244 35.108913422
0.999984324 0.004157943 -0.003754437 0.702769995 -0.004142004 0.999982417 0.004243054 -1.015260220 0.003772015 -0.004227438 0.999983966 35.704895020
0.999983609 0.004460691 -0.003591259 0.705295324 -0.004446800 0.999982655 0.003866489 -1.029495955 0.003608444 -0.003850456 0.999986112 36.249092102
0.999984980 0.003839174 -0.003910461 0.718772590 -0.003823617 0.999984801 0.003978582 -1.047735214 0.003925677 -0.003963570 0.999984443 36.806324005
0.999983311 0.003918730 -0.004250431 0.727596343 -0.003901815 0.999984443 0.003980753 -1.052639127 0.004265966 -0.003964103 0.999983072 37.360855103
0.999982357 0.004020640 -0.004380920 0.737112164 -0.004003886 0.999984622 0.003826268 -1.064214587 0.004396237 -0.003808660 0.999983132 37.918514252
0.999980986 0.004119871 -0.004575110 0.750937998 -0.004102996 0.999984682 0.003691894 -1.076497793 0.004590251 -0.003673053 0.999982715 38.453056335
0.999983311 0.003997773 -0.004160383 0.755179882 -0.003983745 0.999986351 0.003375056 -1.086826801 0.004173819 -0.003358426 0.999985635 38.996810913
0.999980092 0.003869962 -0.004980414 0.773690164 -0.003853756 0.999987245 0.003259405 -1.110172033 0.004992964 -0.003240146 0.999982297 39.550567627
0.999981105 0.003873522 -0.004759330 0.776067913 -0.003857265 0.999986649 0.003420602 -1.115333438 0.004772516 -0.003402179 0.999982834 40.097126007
0.999979198 0.004007870 -0.005031688 0.787538588 -0.003989570 0.999985337 0.003641782 -1.132645607 0.005046210 -0.003621632 0.999980748 40.641670227
0.999980390 0.004222128 -0.004628699 0.791488707 -0.004206340 0.999985278 0.003415179 -1.144134641 0.004643049 -0.003395641 0.999983370 41.186603546
0.999977589 0.004825593 -0.004638088 0.798201680 -0.004809792 0.999982595 0.003411948 -1.156850696 0.004654472 -0.003389563 0.999983311 41.733386993
0.999977469 0.005250244 -0.004189387 0.792509139 -0.005234901 0.999979556 0.003665062 -1.182747126 0.004208546 -0.003643048 0.999984503 42.269683838
0.999978662 0.004720536 -0.004523400 0.803865314 -0.004701715 0.999980330 0.004162365 -1.198264837 0.004542959 -0.004141008 0.999981105 42.820499420
0.999980569 0.004408651 -0.004418104 0.813043356 -0.004388905 0.999980390 0.004469127 -1.222276449 0.004437721 -0.004449649 0.999980211 43.349796295
0.999977708 0.004296399 -0.005115132 0.829873979 -0.004276555 0.999983311 0.003883900 -1.231720328 0.005131734 -0.003861939 0.999979377 43.943271637
0.999978185 0.004865339 -0.004452428 0.829558074 -0.004847353 0.999980092 0.004041602 -1.242429852 0.004472005 -0.004019931 0.999981940 44.485935211
0.999978125 0.004689924 -0.004664203 0.842192113 -0.004669260 0.999979198 0.004431506 -1.267654300 0.004684888 -0.004409631 0.999979258 45.021820068
0.999978781 0.004207495 -0.004971581 0.850291848 -0.004188061 0.999983549 0.003913111 -1.277302742 0.004987964 -0.003892206 0.999979973 45.593650818
0.999975741 0.005231146 -0.004604593 0.855245292 -0.005213446 0.999979019 0.003847265 -1.293715477 0.004624621 -0.003823166 0.999981999 46.139728546
0.999979138 0.004279814 -0.004836165 0.864654243 -0.004262710 0.999984562 0.003541785 -1.302686095 0.004851249 -0.003521095 0.999981999 46.688636780
0.999976218 0.005634552 -0.003967710 0.835505247 -0.005617405 0.999974847 0.004319444 -1.322133660 0.003991948 -0.004297053 0.999982774 47.206069946
0.999975383 0.004920003 -0.005008491 0.883903205 -0.004898579 0.999978840 0.004280933 -1.338963509 0.005029447 -0.004256293 0.999978304 47.726100922
0.999979794 0.003625574 -0.005222176 0.892251849 -0.003608027 0.999987841 0.003365604 -1.336909890 0.005234316 -0.003346694 0.999980688 48.310337067
0.999982595 0.003092070 -0.005020223 0.896132469 -0.003075058 0.999989510 0.003392720 -1.347670794 0.005030659 -0.003377224 0.999981582 48.856105804
0.999978721 0.004050146 -0.005104190 0.906993628 -0.004031167 0.999984860 0.003723137 -1.372298241 0.005119193 -0.003702482 0.999980032 49.397251129
0.999974847 0.005453550 -0.004539263 0.899866104 -0.005435874 0.999977589 0.003897518 -1.387761474 0.004560417 -0.003872745 0.999982119 49.957683563
0.999970734 0.005956337 -0.004786535 0.910781443 -0.005939724 0.999976456 0.003477167 -1.397507191 0.004807133 -0.003448635 0.999982417 50.498043060
0.999972284 0.006070097 -0.004298450 0.912083268 -0.006055758 0.999976158 0.003341158 -1.415857077 0.004318629 -0.003315035 0.999985099 51.019496918
0.999975026 0.005302568 -0.004669015 0.926516056 -0.005285664 0.999979436 0.003624998 -1.422122478 0.004688141 -0.003600228 0.999982536 51.571914673
0.999976039 0.004678181 -0.005086784 0.947868586 -0.004659019 0.999982178 0.003772271 -1.441093445 0.005104339 -0.003748481 0.999979973 52.123703003
0.999973774 0.005110375 -0.005135344 0.960299730 -0.005092764 0.999981046 0.003436523 -1.451555729 0.005152810 -0.003410280 0.999980927 52.688179016
0.999973595 0.004622573 -0.005606107 0.987044990 -0.004600507 0.999981761 0.003942526 -1.480195761 0.005624229 -0.003916632 0.999976456 53.232120514
0.999971688 0.005469852 -0.005172347 0.977313817 -0.005453023 0.999979794 0.003262134 -1.473749161 0.005190085 -0.003233836 0.999981284 53.791294098
0.999971032 0.005608681 -0.005134141 0.987851977 -0.005590646 0.999978185 0.003520447 -1.499886274 0.005153773 -0.003491642 0.999980628 54.314544678
0.999969244 0.006258393 -0.004729210 0.988505781 -0.006241936 0.999974430 0.003486780 -1.512027025 0.004750912 -0.003457153 0.999982715 54.849411011
0.999973118 0.005499643 -0.004855280 0.995841622 -0.005484708 0.999980152 0.003083491 -1.512658715 0.004872142 -0.003056779 0.999983370 55.422245026
0.999971509 0.005647612 -0.005009795 1.005704403 -0.005632402 0.999979496 0.003045296 -1.525649667 0.005026892 -0.003016992 0.999982834 55.953929901
0.999972820 0.005505605 -0.004907428 1.009881616 -0.005490092 0.999979854 0.003168710 -1.538935542 0.004924776 -0.003141681 0.999982953 56.492031097
0.999972820 0.005721228 -0.004638735 1.017675877 -0.005708335 0.999979794 0.002787781 -1.553952098 0.004654591 -0.002761226 0.999985337 57.046424866
0.999972105 0.005985358 -0.004454808 1.014166355 -0.005973419 0.999978542 0.002687940 -1.563332438 0.004470801 -0.002661254 0.999986470 57.568500519
0.999972224 0.005728048 -0.004764764 1.038158894 -0.005712532 0.999978364 0.003263684 -1.587723255 0.004783355 -0.003236374 0.999983311 58.114528656
0.999972045 0.006019758 -0.004430810 1.040839195 -0.006006859 0.999977708 0.002918747 -1.595429182 0.004448281 -0.002892050 0.999985933 58.641956329
0.999969363 0.006402192 -0.004502117 1.050192595 -0.006388239 0.999974728 0.003106702 -1.617388129 0.004521894 -0.003077846 0.999985039 59.162910461
0.999966979 0.006719938 -0.004555824 1.063268185 -0.006707386 0.999973655 0.002764989 -1.633697867 0.004574285 -0.002734341 0.999985814 59.681728363
0.999974310 0.005815982 -0.004174927 1.065448999 -0.005805545 0.999979913 0.002507986 -1.640200853 0.004189430 -0.002483683 0.999988139 60.241085052
0.999973714 0.006044815 -0.003993147 1.071782947 -0.006035790 0.999979198 0.002268631 -1.647551656 0.004006778 -0.002244470 0.999989450 60.799316406
0.999975264 0.005773098 -0.004023313 1.082855463 -0.005763097 0.999980271 0.002492894 -1.675956964 0.004037624 -0.002469645 0.999988794 61.321544647
0.999974728 0.006219868 -0.003449100 1.081436157 -0.006210232 0.999976754 0.002797755 -1.694428682 0.003466422 -0.002776265 0.999990165 61.847354889
0.999974906 0.005873458 -0.003958698 1.099266529 -0.005863470 0.999979556 0.002530239 -1.694552422 0.003973478 -0.002506963 0.999988973 62.427875519
0.999956667 0.008655120 -0.003433029 1.115200996 -0.008648052 0.999960482 0.002068268 -1.719339490 0.003450794 -0.002038489 0.999991894 62.952281952
0.999966800 0.007530484 -0.003120568 1.108900309 -0.007521651 0.999967635 0.002832644 -1.735252619 0.003141798 -0.002809078 0.999991059 63.503856659
0.999963522 0.007840425 -0.003370642 1.122427106 -0.007830342 0.999964833 0.002994305 -1.755032301 0.003394000 -0.002967802 0.999989808 64.035278320
0.999970615 0.006970407 -0.003195321 1.131185651 -0.006962537 0.999972641 0.002468132 -1.768330574 0.003212438 -0.002445811 0.999991834 64.584426880
0.999969602 0.006905364 -0.003618923 1.139534473 -0.006897192 0.999973655 0.002266457 -1.775503635 0.003634480 -0.002241428 0.999990880 65.139526367
0.999972105 0.006895369 -0.002860641 1.144414783 -0.006889515 0.999974191 0.002051654 -1.787346482 0.002874714 -0.002031888 0.999993742 65.677238464
0.999969900 0.007219207 -0.002847537 1.155771017 -0.007214805 0.999972820 0.001553630 -1.796420217 0.002858676 -0.001533039 0.999994695 66.216140747
0.999969244 0.007044879 -0.003437494 1.169082165 -0.007038004 0.999973238 0.002007790 -1.822491169 0.003451546 -0.001983535 0.999992073 66.774192810
0.999971569 0.006698872 -0.003488166 1.182610989 -0.006691615 0.999975443 0.002088391 -1.832786560 0.003502071 -0.002064991 0.999991715 67.342636108
0.999971151 0.006796679 -0.003396622 1.194817901 -0.006790423 0.999975204 0.001850253 -1.845442414 0.003409114 -0.001827135 0.999992490 67.894935608
0.999970198 0.007056074 -0.003163949 1.199447632 -0.007051995 0.999974251 0.001298742 -1.860691190 0.003173032 -0.001276391 0.999994159 68.445152283
0.999970973 0.007102702 -0.002761993 1.206579924 -0.007099222 0.999973953 0.001267031 -1.873659134 0.002770921 -0.001247386 0.999995351 68.981887817
0.999971569 0.006926781 -0.002973684 1.211990952 -0.006923453 0.999975383 0.001127449 -1.884370804 0.002981420 -0.001106829 0.999994934 69.525390625
0.999969065 0.007240635 -0.003069403 1.236204028 -0.007238266 0.999973416 0.000782879 -1.900528431 0.003074990 -0.000760637 0.999994934 70.068000793
0.999969661 0.007221766 -0.002904841 1.243435025 -0.007217989 0.999973118 0.001308937 -1.921965480 0.002914215 -0.001287930 0.999994934 70.616310120
0.999970078 0.007098180 -0.003082311 1.252898812 -0.007094942 0.999974251 0.001060089 -1.936007023 0.003089756 -0.001038189 0.999994695 71.171607971
0.999976456 0.006285732 -0.002757409 1.264805198 -0.006284683 0.999980152 0.000387592 -1.937990546 0.002759790 -0.000370254 0.999996066 71.736679077
0.999974728 0.006480968 -0.002921706 1.275805235 -0.006478549 0.999978662 0.000835830 -1.958706141 0.002927062 -0.000816881 0.999995410 72.296829224
0.999976158 0.006308215 -0.002807199 1.283269525 -0.006306361 0.999979913 0.000668589 -1.973561645 0.002811359 -0.000650869 0.999995768 72.860946655
0.999976575 0.006251353 -0.002835232 1.298512816 -0.006251338 0.999980390 0.000014031 -1.981162071 0.002835264 0.000003693 0.999996006 73.413185120
0.999972522 0.007042766 -0.002313940 1.299922228 -0.007042200 0.999975145 0.000253420 -2.002253294 0.002315666 -0.000237118 0.999997318 73.970123291
0.999972403 0.007081225 -0.002243838 1.309992909 -0.007081348 0.999974906 -0.000046742 -2.014637947 0.002243451 0.000062630 0.999997497 74.512222290
0.999970019 0.007461530 -0.002080749 1.321976304 -0.007461304 0.999972165 0.000116966 -2.030275106 0.002081565 -0.000101438 0.999997795 75.054336548
0.999968410 0.007709997 -0.001896096 1.327774405 -0.007710467 0.999970257 -0.000240036 -2.044038534 0.001894190 0.000254648 0.999998152 75.616508484
0.999966204 0.008038271 -0.001725224 1.343459249 -0.008038785 0.999967635 -0.000291550 -2.066480637 0.001722825 0.000305409 0.999998391 76.159912109
0.999970675 0.007363589 -0.002115343 1.359712243 -0.007364011 0.999972820 -0.000191625 -2.081241846 0.002113875 0.000207197 0.999997735 76.716667175
0.999967396 0.007877206 -0.001774385 1.356356740 -0.007878226 0.999968767 -0.000569163 -2.092664719 0.001769846 0.000583123 0.999998271 77.279037476
0.999960065 0.008811475 -0.001500348 1.351358294 -0.008812495 0.999960959 -0.000672627 -2.108555794 0.001494364 0.000685822 0.999998569 77.803283691
0.999966621 0.007958479 -0.001844724 1.376389265 -0.007959958 0.999967992 -0.000797219 -2.119666100 0.001838321 0.000811876 0.999997973 78.350181580
0.999969244 0.007691769 -0.001507881 1.378863692 -0.007692762 0.999970138 -0.000652718 -2.144435406 0.001502816 0.000664298 0.999998629 78.848625183
0.999970317 0.007587086 -0.001319140 1.383635044 -0.007588129 0.999971032 -0.000787252 -2.152005196 0.001313129 0.000797239 0.999998808 79.402954102
0.999953032 0.009564929 -0.001577739 1.390524745 -0.009566190 0.999953866 -0.000795210 -2.173991203 0.001570060 0.000810266 0.999998450 79.888671875
0.999963164 0.008405891 -0.001684065 1.405122995 -0.008406450 0.999964595 -0.000325622 -2.196445704 0.001681268 0.000339767 0.999998450 80.392654419
0.999958396 0.009119452 0.000051520 1.399716973 -0.009119430 0.999958336 -0.000444672 -2.208176374 -0.000055573 0.000444184 0.999999881 80.933738708
0.999959052 0.008991200 0.000990922 1.417485356 -0.008991402 0.999959528 0.000197619 -2.234200954 -0.000989105 -0.000206520 0.999999404 81.462356567
0.999958456 0.008967319 0.001617801 1.423297763 -0.008966125 0.999959528 -0.000742380 -2.238738060 -0.001624393 0.000727843 0.999998331 82.001823425
0.999962628 0.008010793 0.003249434 1.436447382 -0.008010486 0.999967933 -0.000107191 -2.255056143 -0.003250189 0.000081157 0.999994636 82.502052307
0.999936759 0.009376585 0.006198552 1.467996478 -0.009374922 0.999955952 -0.000297248 -2.256311417 -0.006201066 0.000239119 0.999980688 83.011703491
0.999923348 0.006475776 0.010552878 1.442688704 -0.006460714 0.999978065 -0.001460884 -2.259606838 -0.010562108 0.001392593 0.999943256 83.662963867
0.999870002 0.008399189 0.013762901 1.478106022 -0.008393543 0.999964595 -0.000467968 -2.281103849 -0.013766346 0.000352387 0.999905109 84.115646362
0.999826908 0.007082038 0.017205965 1.530738831 -0.007062824 0.999974370 -0.001177309 -2.306998014 -0.017213862 0.001055582 0.999851286 84.706237793
0.999705970 0.007127395 0.023177721 1.568359137 -0.007094163 0.999973655 -0.001515767 -2.318460464 -0.023187915 0.001350895 0.999730229 85.225830078
0.999541938 0.007211931 0.029390441 1.590081453 -0.007170635 0.999973178 -0.001510273 -2.329147100 -0.029400542 0.001298833 0.999566853 85.687103271
0.999331415 0.008606969 0.035536651 1.609555960 -0.008590843 0.999962926 -0.000606514 -2.349248886 -0.035540570 0.000300819 0.999368131 86.263542175
0.999073625 0.006502347 0.042539995 1.690902233 -0.006473561 0.999978662 -0.000814384 -2.379952908 -0.042544387 0.000538244 0.999094367 86.695724487
0.998701870 0.005439222 0.050645549 1.751988173 -0.005332983 0.999983311 -0.002232620 -2.363562584 -0.050656844 0.001959631 0.998714149 87.388931274
0.998296440 0.005929647 0.058043156 1.794718742 -0.005817912 0.999980986 -0.002093835 -2.385274887 -0.058054466 0.001752579 0.998311818 87.910362244
0.997721493 0.006498676 0.067153133 1.849720001 -0.006364311 0.999977231 -0.002214628 -2.386817455 -0.067166008 0.001782198 0.997740209 88.459556580
0.997004509 0.006960890 0.077029727 1.920373440 -0.006807551 0.999974310 -0.002253019 -2.408886433 -0.077043422 0.001721886 0.997026384 88.958297729
0.996256292 0.006996331 0.086164877 1.971858501 -0.006846817 0.999974489 -0.002030615 -2.423227787 -0.086176865 0.001433059 0.996278942 89.501472473
0.995654404 0.005038109 0.092989080 2.045215607 -0.004798308 0.999984562 -0.002802195 -2.429861784 -0.093001761 0.002343827 0.995663166 90.059707642
0.994691372 0.004590933 0.102800712 2.132737637 -0.004304107 0.999986231 -0.003011762 -2.451666832 -0.102813102 0.002553308 0.994697392 90.566200256
0.993516922 0.005301612 0.113560356 2.214781761 -0.005017268 0.999983549 -0.002789584 -2.471291542 -0.113573268 0.002201736 0.993527174 91.104850769
0.992498100 0.004428245 0.122180015 2.307731628 -0.004114994 0.999987483 -0.002816073 -2.489017010 -0.122190975 0.002292177 0.992503881 91.631889343
0.990956545 0.004927189 0.134092584 2.392001152 -0.004638269 0.999986112 -0.002466945 -2.504582882 -0.134102881 0.001822678 0.990965724 92.141212463
0.989179313 0.004691168 0.146635979 2.490542412 -0.004324269 0.999986649 -0.002820774 -2.520718575 -0.146647260 0.002156158 0.989186466 92.689178467
0.987675667 0.004056579 0.156461582 2.597201347 -0.003676750 0.999989510 -0.002716964 -2.541965246 -0.156470954 0.002108209 0.987680256 93.217071533
0.985835850 0.003302102 0.167680576 2.717094421 -0.002828055 0.999991238 -0.003065798 -2.553646088 -0.167689264 0.002548162 0.985836744 93.768684387
0.983540177 0.002929475 0.180665910 2.840038300 -0.002385820 0.999991953 -0.003226407 -2.576719761 -0.180673897 0.002742265 0.983539224 94.307067871
0.981276691 0.002105979 0.192591891 2.973334312 -0.001470457 0.999992907 -0.003442718 -2.591994524 -0.192597792 0.003095060 0.981272876 94.838119507
0.979157209 0.002699238 0.203085989 3.098132133 -0.002131473 0.999993145 -0.003014348 -2.610541105 -0.203092739 0.002518649 0.979156256 95.370788574
0.976298034 0.002922521 0.216410562 3.242504120 -0.002406114 0.999993563 -0.002649674 -2.631174803 -0.216416895 0.002066163 0.976298809 95.908874512
0.973282337 0.002247505 0.229600325 3.390260696 -0.001576055 0.999993920 -0.003107772 -2.646013737 -0.229605898 0.002662877 0.973280013 96.429817200
0.970644474 0.001281795 0.240515113 3.542669296 -0.000662057 0.999996185 -0.002657497 -2.661930084 -0.240517631 0.002420250 0.970641673 96.955673218
0.967944622 0.000861415 0.251161903 3.708473206 0.000053949 0.999993384 -0.003637608 -2.674351454 -0.251163334 0.003534554 0.967938244 97.500129700
0.964381814 0.000709115 0.264512926 3.878826141 0.000161377 0.999994576 -0.003269178 -2.690318346 -0.264513731 0.003195422 0.964376628 98.016113281
0.960804522 0.000210020 0.277226746 4.049575806 0.000783183 0.999993682 -0.003471906 -2.710884333 -0.277225733 0.003552942 0.960798264 98.539245605
0.957384288 -0.000105393 0.288816869 4.223432541 0.001024200 0.999994874 -0.003030158 -2.730136395 -0.288815051 0.003196832 0.957379580 99.048835754
0.953116775 0.000144455 0.302602768 4.412746429 0.000770953 0.999995470 -0.002905668 -2.745104074 -0.302601755 0.003002733 0.953112364 99.563056946
0.948642731 -0.000727372 0.316348523 4.614112854 0.001896714 0.999992490 -0.003388469 -2.758675337 -0.316343695 0.003814469 0.948637009 100.070343018
0.944662452 -0.001004502 0.328042567 4.820066452 0.002252050 0.999991596 -0.003423131 -2.772743940 -0.328036398 0.003972471 0.944656849 100.590965271
0.939974010 -0.000758817 0.341245264 5.035266876 0.001925239 0.999993443 -0.003079494 -2.785894871 -0.341240734 0.003551622 0.939969301 101.135620117
0.934688091 -0.001017515 0.355467826 5.240097046 0.002008834 0.999995053 -0.002419690 -2.825979471 -0.355463654 0.002975731 0.934685290 101.602966309
0.929094076 0.000497630 0.369843215 5.451396942 0.000304691 0.999997675 -0.002110937 -2.841994524 -0.369843423 0.002073947 0.929091692 102.118362427
0.924857318 -0.001234067 0.380312234 5.715999603 0.002537015 0.999992490 -0.002924753 -2.851640701 -0.380305797 0.003669836 0.924853504 102.720726013
0.919052780 -0.000487146 0.394134045 5.956188202 0.001581460 0.999995708 -0.002451706 -2.869520903 -0.394131213 0.002876555 0.919049621 103.221054077
0.913059533 -0.001643813 0.407822937 6.214698792 0.003092529 0.999991059 -0.002893081 -2.882474899 -0.407814503 0.003902759 0.913056433 103.768440247
0.908159137 -0.001039815 0.418623805 6.464981079 0.002630227 0.999991417 -0.003222128 -2.896651745 -0.418616831 0.004027280 0.908153951 104.249313354
0.902152658 -0.001793513 0.431413263 6.725975037 0.003155425 0.999992013 -0.002441223 -2.922244549 -0.431405455 0.003563649 0.902151108 104.767707825
0.895447791 -0.001603899 0.445163667 6.989822388 0.002885603 0.999993384 -0.002201477 -2.936526060 -0.445157230 0.003255873 0.895446479 105.254425049
0.889485657 -0.001366856 0.456961006 7.266307831 0.002823499 0.999992847 -0.002504844 -2.954549074 -0.456954330 0.003518252 0.889483213 105.752449036
0.883695066 -0.002285946 0.468057483 7.550983429 0.003679317 0.999991059 -0.002062714 -2.965303898 -0.468048573 0.003544942 0.883695662 106.230270386
0.876185834 -0.002425705 0.481967300 7.822944641 0.003812415 0.999990940 -0.001897849 -2.994196892 -0.481958330 0.003500328 0.876187146 106.708213806
0.869100928 -0.002063388 0.494630486 8.114109039 0.003571779 0.999991357 -0.002104333 -3.006150007 -0.494621903 0.003595588 0.869100809 107.166206360
0.862797856 -0.003117471 0.505539417 8.416915894 0.004736044 0.999986887 -0.001916406 -3.023627043 -0.505526781 0.004047728 0.862801373 107.639801025
0.854902983 -0.002124637 0.518783689 8.728408813 0.003884758 0.999989808 -0.002306309 -3.030618191 -0.518773496 0.003987019 0.854902446 108.101074219
