1.000000000 0.000000000 0.000000000 0.000000000 0.000000000 1.000000000 0.000000000 0.000000000 0.000000000 0.000000000 1.000000000 0.000000000
1.000000000 -0.000123222 -0.000038858 0.000456198 0.000123220 1.000000000 -0.000046963 0.000273990 0.000038864 0.000046958 1.000000000 0.000276061
1.000000000 -0.000071000 0.000046279 -0.000270118 0.000071003 1.000000000 -0.000065702 0.000827933 -0.000046274 0.000065705 1.000000000 0.000846501
1.000000000 -0.000027614 0.000116626 -0.000940174 0.000027629 1.000000000 -0.000124474 0.001411956 -0.000116623 0.000124477 1.000000000 0.001032394
1.000000000 -0.000180593 -0.000041072 0.001166691 0.000180591 1.000000000 -0.000042581 0.000989989 0.000041079 0.000042574 1.000000000 0.000597809
1.000000000 0.000032108 0.000048315 -0.000665922 -0.000032108 1.000000000 -0.000012539 0.000463951 -0.000048315 0.000012537 1.000000000 -0.000490260
1.000000000 0.000014522 0.000032576 -0.000493760 -0.000014517 1.000000000 -0.000165307 0.000941647 -0.000032578 0.000165306 1.000000000 -0.000088882
1.000000000 0.000064245 0.000114128 -0.001106752 -0.000064245 1.000000000 0.000004119 -0.000365964 -0.000114127 -0.000004127 1.000000000 -0.000387989
1.000000000 0.000162771 0.000105785 -0.002160676 -0.000162774 1.000000000 0.000028061 0.000049984 -0.000105781 -0.000028078 1.000000000 0.000043055
1.000000000 0.000047867 0.000147769 -0.000948630 -0.000047846 1.000000000 -0.000143969 0.001772563 -0.000147775 0.000143962 1.000000000 0.001100944
1.000000000 0.000142136 0.000059245 -0.001156427 -0.000142129 1.000000000 -0.000120236 0.000549358 -0.000059262 0.000120227 1.000000000 -0.000041983
1.000000000 -0.000058393 0.000047378 -0.000759543 0.000058394 1.000000000 -0.000022568 0.000951142 -0.000047377 0.000022571 1.000000000 0.000470139
1.000000000 0.000124899 0.000119542 -0.001767792 -0.000124880 1.000000000 -0.000157854 0.001845586 -0.000119561 0.000157839 1.000000000 0.001060961
1.000000000 0.000122623 0.000055123 -0.000967726 -0.000122616 1.000000000 -0.000119968 0.002117836 -0.000055138 0.000119961 1.000000000 0.001360284
1.000000000 0.000106161 0.000173616 -0.001579175 -0.000106130 1.000000000 -0.000178873 0.002645968 -0.000173635 0.000178855 0.999999940 0.002249014
0.999999940 0.000274515 0.000113854 -0.001694539 -0.000274496 0.999999940 -0.000167087 0.002166908 -0.000113900 0.000167056 1.000000000 0.002158769
0.999999940 0.000241363 0.000193917 -0.002102900 -0.000241331 0.999999940 -0.000161942 0.003503463 -0.000193956 0.000161895 0.999999940 0.004139013
1.000000000 0.000133497 0.000178446 -0.001189707 -0.000133470 1.000000000 -0.000151391 0.002223845 -0.000178466 0.000151367 1.000000000 0.003032139
0.999999940 0.000200030 0.000260070 -0.002237264 -0.000200013 1.000000000 -0.000066212 0.001997118 -0.000260084 0.000066160 0.999999940 0.002432733
0.999999940 0.000188131 0.000178204 -0.002334311 -0.000188118 1.000000000 -0.000074997 0.002392536 -0.000178218 0.000074963 1.000000000 0.002653226
0.999999940 0.000260856 0.000153242 -0.001547159 -0.000260846 0.999999940 -0.000062075 0.002102174 -0.000153258 0.000062035 1.000000000 0.002464631
1.000000000 0.000208413 0.000097941 -0.001688709 -0.000208403 1.000000000 -0.000096832 0.002092669 -0.000097961 0.000096811 1.000000000 0.002307462
0.999999940 0.000353691 0.000184485 -0.002815922 -0.000353667 0.999999940 -0.000130780 0.002680507 -0.000184531 0.000130715 1.000000000 0.003416333
0.999999940 0.000237933 0.000165618 -0.001544151 -0.000237912 0.999999940 -0.000123132 0.001942112 -0.000165647 0.000123093 1.000000000 0.002306628
1.000000000 0.000156457 0.000169653 -0.001128939 -0.000156440 1.000000000 -0.000102904 0.003051636 -0.000169669 0.000102877 1.000000000 0.004711640
0.999999940 0.000291227 0.000225145 -0.002274096 -0.000291215 0.999999940 -0.000052934 0.001830893 -0.000225161 0.000052868 1.000000000 0.002131273
1.000000000 0.000161146 0.000140596 -0.001460617 -0.000161128 1.000000000 -0.000128314 0.002766788 -0.000140617 0.000128291 1.000000000 0.002469083
1.000000000 0.000137100 0.000166214 -0.002020440 -0.000137078 1.000000000 -0.000132073 0.002767173 -0.000166232 0.000132050 1.000000000 0.003562555
0.999999940 0.000207553 0.000228561 -0.001586112 -0.000207532 1.000000000 -0.000089084 0.002147625 -0.000228580 0.000089037 0.999999940 0.003085604
0.999999940 0.000158393 0.000209307 -0.001942036 -0.000158371 1.000000000 -0.000105961 0.002278308 -0.000209324 0.000105928 1.000000000 0.003203227
0.999999940 0.000290960 0.000204634 -0.002133712 -0.000290935 0.999999940 -0.000122580 0.002749014 -0.000204669 0.000122520 1.000000000 0.003465913
0.999999940 0.000234768 0.000228272 -0.001843982 -0.000234758 1.000000000 -0.000041586 0.001557521 -0.000228282 0.000041532 1.000000000 0.002337365
0.999999940 0.000308171 0.000202607 -0.002413369 -0.000308149 0.999999940 -0.000109021 0.001480400 -0.000202641 0.000108958 1.000000000 0.002168456
0.999999940 0.000306611 0.000221653 -0.001534738 -0.000306573 0.999999940 -0.000169254 0.001992818 -0.000221704 0.000169186 0.999999940 0.001573178
0.999999940 0.000143176 0.000199867 -0.001803861 -0.000143146 1.000000000 -0.000152166 0.002804265 -0.000199889 0.000152138 0.999999940 0.002915018
1.000000000 0.000154277 0.000122278 -0.001009209 -0.000154266 1.000000000 -0.000089634 0.003076638 -0.000122292 0.000089615 1.000000000 0.003374536
0.999999940 0.000331957 0.000200259 -0.001887416 -0.000331946 0.999999940 -0.000055790 0.002053363 -0.000200277 0.000055724 1.000000000 0.002688582
0.999999940 0.000305538 0.000153863 -0.000939630 -0.000305527 0.999999940 -0.000070496 0.002994660 -0.000153885 0.000070449 1.000000000 0.002632965
1.000000000 0.000187854 0.000124651 -0.000481672 -0.000187841 1.000000000 -0.000109171 0.001620444 -0.000124672 0.000109147 1.000000000 0.003365167
0.999999881 0.000436750 0.000314351 -0.000758128 -0.000436537 0.999999702 -0.000676436 -0.001008073 -0.000314647 0.000676298 0.999999702 0.049557608
0.999999583 0.000732508 -0.000583026 0.003070494 -0.000733246 0.999998868 -0.001265830 0.003864730 0.000582099 0.001266257 0.999999046 0.148787498
0.999999166 0.000973136 -0.000842469 0.004776704 -0.000974412 0.999998510 -0.001515670 0.001008491 0.000840993 0.001516490 0.999998450 0.268229961
0.999999046 0.001011008 -0.000926879 0.009058362 -0.001012343 0.999998450 -0.001441375 -0.002293719 0.000925421 0.001442312 0.999998569 0.399396241
0.999999166 0.000580193 -0.001168300 0.013406936 -0.000581687 0.999999046 -0.001279378 -0.006183986 0.001167557 0.001280057 0.999998510 0.540459931
0.999999285 0.000926798 -0.000723120 0.012176595 -0.000927552 0.999998987 -0.001044068 -0.012290605 0.000722152 0.001044738 0.999999106 0.694326162
0.999999344 0.000849769 -0.000695100 0.016338766 -0.000850278 0.999999285 -0.000733183 -0.015169964 0.000694477 0.000733774 0.999999404 0.855873108
0.999999225 0.001058592 -0.000658342 0.018804144 -0.001058988 0.999999285 -0.000601610 -0.020929459 0.000657705 0.000602307 0.999999583 1.030619383
0.999999225 0.001011830 -0.000602829 0.019836938 -0.001012306 0.999999166 -0.000789938 -0.023973910 0.000602029 0.000790548 0.999999523 1.200934649
0.999999344 0.001038643 -0.000464526 0.020899296 -0.001038765 0.999999523 -0.000262961 -0.031165695 0.000464252 0.000263443 0.999999881 1.385830879
0.999998987 0.001239840 -0.000562027 0.027017372 -0.001240169 0.999999046 -0.000584250 -0.033882175 0.000561302 0.000584946 0.999999702 1.583685398
0.999999762 0.000590290 -0.000405319 0.027743982 -0.000590386 0.999999762 -0.000235110 -0.040581461 0.000405180 0.000235349 0.999999940 1.776202440
0.999999225 0.001247321 -0.000162355 0.026664158 -0.001247348 0.999999166 -0.000160407 -0.047340643 0.000162154 0.000160610 1.000000000 1.975705862
0.999999762 0.000617482 -0.000263885 0.033365969 -0.000617472 0.999999821 0.000040069 -0.056406364 0.000263910 -0.000039906 0.999999940 2.188045263
0.999999642 0.000824880 -0.000095443 0.036325406 -0.000824887 0.999999642 -0.000071972 -0.059597924 0.000095383 0.000072051 1.000000000 2.405730724
0.999999344 0.001084630 0.000001460 0.039637357 -0.001084630 0.999999404 -0.000210904 -0.064977787 -0.000001689 0.000210903 1.000000000 2.624969721
0.999999464 0.000971494 0.000162991 0.042248942 -0.000971470 0.999999464 -0.000146333 -0.072977170 -0.000163134 0.000146175 0.999999940 2.858250141
0.999999583 0.000840102 0.000296307 0.047667474 -0.000840160 0.999999762 0.000197544 -0.079138309 -0.000296141 -0.000197793 0.999999881 3.098332644
0.999999464 0.000919412 0.000230665 0.054647379 -0.000919493 0.999999464 0.000349715 -0.087623157 -0.000230343 -0.000349927 0.999999940 3.341972113
0.999999583 0.000833274 0.000283756 0.058055926 -0.000833318 0.999999642 0.000157823 -0.095426299 -0.000283624 -0.000158059 0.999999940 3.584697962
0.999999225 0.001149982 0.000410353 0.060726687 -0.001150136 0.999999285 0.000376963 -0.102568835 -0.000409919 -0.000377435 0.999999821 3.842075586
0.999999106 0.000936195 0.000892794 0.059354171 -0.000936689 0.999999404 0.000552035 -0.111440063 -0.000892277 -0.000552871 0.999999404 4.103872299
0.999998808 0.001135218 0.001098479 0.064214602 -0.001135554 0.999999344 0.000305249 -0.113745861 -0.001098131 -0.000306496 0.999999285 4.362541676
0.999998927 0.000997361 0.001070575 0.068185925 -0.000997685 0.999999464 0.000302000 -0.121645547 -0.001070273 -0.000303068 0.999999404 4.623761654
0.999998391 0.001382287 0.001094319 0.075290382 -0.001382844 0.999998868 0.000508470 -0.132528976 -0.001093615 -0.000509982 0.999999285 4.883601189
0.999998152 0.001719612 0.000828240 0.081505388 -0.001720195 0.999998212 0.000704077 -0.139919281 -0.000827028 -0.000705501 0.999999404 5.141337395
0.999998033 0.001531163 0.001248305 0.081607811 -0.001531797 0.999998629 0.000507355 -0.146792471 -0.001247526 -0.000509266 0.999999046 5.410119057
0.999997973 0.001583101 0.001217428 0.087742604 -0.001583554 0.999998689 0.000371604 -0.152933806 -0.001216838 -0.000373531 0.999999166 5.677239418
0.999997616 0.001598743 0.001473171 0.089450806 -0.001599739 0.999998510 0.000674938 -0.166534007 -0.001472090 -0.000677293 0.999998689 5.941717148
0.999996901 0.001925184 0.001573665 0.095714353 -0.001926089 0.999997973 0.000573750 -0.174641252 -0.001572557 -0.000576779 0.999998629 6.218717575
0.999997497 0.001579973 0.001534607 0.104154691 -0.001580999 0.999998510 0.000668033 -0.178095460 -0.001533550 -0.000670458 0.999998629 6.516012192
0.999997377 0.001682419 0.001502447 0.107492268 -0.001683538 0.999998331 0.000743708 -0.189263165 -0.001501193 -0.000746235 0.999998510 6.802087784
0.999997616 0.001733000 0.001339910 0.118561260 -0.001733915 0.999998271 0.000681911 -0.193322077 -0.001338726 -0.000684233 0.999998868 7.102638721
0.999997914 0.001583646 0.001278948 0.123646997 -0.001584986 0.999998212 0.001047050 -0.206330821 -0.001277287 -0.001049075 0.999998629 7.398179054
0.999996483 0.002060454 0.001678416 0.123742133 -0.002062379 0.999997199 0.001145784 -0.225501597 -0.001676050 -0.001149241 0.999997914 7.698327065
0.999996841 0.001859091 0.001661827 0.134951711 -0.001860664 0.999997795 0.000945740 -0.227333665 -0.001660065 -0.000948829 0.999998152 8.021817207
0.999995351 0.002136503 0.002164961 0.131386220 -0.002139183 0.999996960 0.001236622 -0.244215384 -0.002162313 -0.001241247 0.999996841 8.341260910
0.999996185 0.001913761 0.001987643 0.141552895 -0.001915564 0.999997795 0.000905706 -0.250365824 -0.001985905 -0.000909509 0.999997556 8.665422440
0.999995470 0.001985891 0.002237975 0.147710279 -0.001988431 0.999997377 0.001133227 -0.260043710 -0.002235718 -0.001137672 0.999996781 9.001688004
0.999995768 0.001967820 0.002130932 0.158065096 -0.001970540 0.999997258 0.001275488 -0.273064226 -0.002128416 -0.001279682 0.999996841 9.345678329
0.999994993 0.002286395 0.002188775 0.162438780 -0.002288397 0.999996960 0.000912458 -0.281835288 -0.002186683 -0.000917462 0.999997139 9.670736313
0.999995649 0.001941092 0.002206278 0.170060456 -0.001944207 0.999997079 0.001410591 -0.292884022 -0.002203534 -0.001414875 0.999996603 10.029926300
0.999994218 0.002758453 0.001996570 0.179523200 -0.002761051 0.999995351 0.001299819 -0.303557634 -0.001992975 -0.001305324 0.999997079 10.382199287
0.999994159 0.002764166 0.001977868 0.186978742 -0.002766599 0.999995410 0.001228287 -0.314265430 -0.001974463 -0.001233752 0.999997318 10.743081093
0.999994516 0.002681536 0.001915509 0.192992344 -0.002683649 0.999995828 0.001100937 -0.322330922 -0.001912549 -0.001106072 0.999997616 11.117359161
0.999994099 0.002679982 0.002138534 0.202827230 -0.002683534 0.999994934 0.001659782 -0.338523000 -0.002134075 -0.001665510 0.999996364 11.483260155
0.999992788 0.003023278 0.002292913 0.210202321 -0.003027382 0.999993920 0.001788442 -0.348889202 -0.002287491 -0.001795371 0.999995768 11.866482735
0.999992549 0.002989777 0.002430181 0.216821015 -0.002994300 0.999993801 0.001859281 -0.361369193 -0.002424607 -0.001866544 0.999995232 12.249122620
0.999993026 0.002635308 0.002623478 0.229198202 -0.002640915 0.999994218 0.002135873 -0.376531273 -0.002617834 -0.002142787 0.999994218 12.632287025
0.999993026 0.002611302 0.002671476 0.234017253 -0.002616619 0.999994576 0.001988581 -0.383918494 -0.002666269 -0.001995557 0.999994397 13.038945198
0.999993205 0.002559192 0.002648814 0.246770144 -0.002563373 0.999995470 0.001576228 -0.393875182 -0.002644768 -0.001583008 0.999995172 13.437666893
0.999992371 0.002723743 0.002839375 0.254541427 -0.002729089 0.999994516 0.001880624 -0.407162994 -0.002834237 -0.001888358 0.999994218 13.845755577
0.999989331 0.003191749 0.003362801 0.252877980 -0.003198351 0.999992967 0.001959360 -0.418901354 -0.003356523 -0.001970094 0.999992490 14.274549484
0.999990106 0.002905593 0.003368375 0.270396203 -0.002911776 0.999994099 0.001832247 -0.428505123 -0.003363032 -0.001842037 0.999992669 14.676930428
0.999987602 0.003351556 0.003687092 0.277330577 -0.003357323 0.999993145 0.001558858 -0.440796375 -0.003681842 -0.001571217 0.999992013 15.104102135
0.999990046 0.003005456 0.003296241 0.298588991 -0.003012232 0.999993324 0.002052698 -0.458233118 -0.003290050 -0.002062607 0.999992490 15.525373459
0.999986708 0.003037496 0.004168044 0.305004537 -0.003045532 0.999993503 0.001923145 -0.467166305 -0.004162175 -0.001935813 0.999989450 15.975718498
0.999984324 0.003624624 0.004274294 0.317008466 -0.003631912 0.999991894 0.001698640 -0.476898938 -0.004268102 -0.001714137 0.999989450 16.414813995
0.999983609 0.003767840 0.004314450 0.327818573 -0.003775768 0.999991179 0.001830777 -0.489577055 -0.004307513 -0.001847037 0.999989033 16.865959167
0.999982297 0.003586974 0.004743035 0.335298181 -0.003597022 0.999991298 0.002111671 -0.506224513 -0.004735420 -0.002128694 0.999986529 17.302486420
0.999979496 0.004002534 0.005012670 0.344350666 -0.004014991 0.999988854 0.002477471 -0.519393563 -0.005002698 -0.002497546 0.999984443 17.766078949
0.999981105 0.003402124 0.005107256 0.361561388 -0.003412646 0.999992073 0.002052970 -0.530121803 -0.005100231 -0.002070361 0.999984860 18.230438232
0.999980569 0.003349940 0.005253009 0.371799529 -0.003359870 0.999992549 0.001882685 -0.535791874 -0.005246663 -0.001900298 0.999984384 18.698032379
0.999981225 0.003731274 0.004864536 0.390601069 -0.003740557 0.999991179 0.001900587 -0.550535381 -0.004857403 -0.001918747 0.999986351 19.189659119
0.999977589 0.003536873 0.005681931 0.403349400 -0.003550407 0.999990880 0.002373621 -0.578370571 -0.005673483 -0.002393741 0.999981046 19.649120331
0.999974310 0.003962851 0.005966156 0.409501165 -0.003981121 0.999987364 0.003053428 -0.595392466 -0.005953981 -0.003077102 0.999977529 20.133787155
0.999973655 0.003908146 0.006120328 0.421810508 -0.003924432 0.999988794 0.002651249 -0.612957478 -0.006109899 -0.002675198 0.999977767 20.612600327
0.999976695 0.004034210 0.005517012 0.436108738 -0.004050235 0.999987602 0.002896485 -0.624286652 -0.005505258 -0.002918762 0.999980628 21.121339798
0.999979496 0.003769081 0.005178563 0.446942210 -0.003781945 0.999989808 0.002476416 -0.634986222 -0.005169177 -0.002495950 0.999983490 21.629112244
0.999982238 0.003814927 0.004586708 0.463960201 -0.003825245 0.999990165 0.002242713 -0.646297038 -0.004578108 -0.002260218 0.999986947 22.146568298
0.999981284 0.004199487 0.004451757 0.470616311 -0.004209482 0.999988616 0.002238042 -0.659771264 -0.004442309 -0.002256740 0.999987543 22.643980026
0.999982536 0.004280419 0.004080055 0.478244066 -0.004290125 0.999987900 0.002373213 -0.677158833 -0.004069848 -0.002390675 0.999988914 23.161640167
0.999985993 0.004069203 0.003369228 0.489403129 -0.004077470 0.999988675 0.002450574 -0.694343328 -0.003359219 -0.002464277 0.999991298 23.670015335
0.999992371 0.002917258 0.002610507 0.503349066 -0.002922253 0.999993920 0.001911869 -0.708175421 -0.002604914 -0.001919483 0.999994695 24.202314377
0.999992371 0.003408300 0.001894586 0.516631722 -0.003412681 0.999991477 0.002314134 -0.724194169 -0.001886682 -0.002320582 0.999995530 24.731395721
0.999991834 0.003789104 0.001354349 0.529985726 -0.003792663 0.999989331 0.002634079 -0.743109047 -0.001344354 -0.002639194 0.999995589 25.267665863
0.999992609 0.003801515 0.000552550 0.536027431 -0.003802868 0.999989748 0.002469213 -0.751862943 -0.000543158 -0.002471297 0.999996781 25.816026688
0.999990284 0.004393688 0.000382026 0.542257845 -0.004394582 0.999987483 0.002369446 -0.763245046 -0.000371611 -0.002371102 0.999997139 26.372369766
0.999993980 0.003471164 -0.000142387 0.558485508 -0.003470753 0.999990225 0.002787516 -0.781300306 0.000152061 -0.002787005 0.999996126 26.930894852
0.999992847 0.003744127 -0.000527533 0.566722989 -0.003742738 0.999989569 0.002612400 -0.799684286 0.000537309 -0.002610407 0.999996424 27.479597092
0.999991834 0.004019279 -0.000533919 0.572112441 -0.004018018 0.999989212 0.002344941 -0.812350273 0.000543338 -0.002342776 0.999997079 28.039079666
0.999988496 0.004711412 -0.000852267 0.584021986 -0.004708893 0.999984622 0.002934288 -0.831896067 0.000866079 -0.002930241 0.999995351 28.590684891
0.999989510 0.004362636 -0.001347044 0.597183466 -0.004358934 0.999986708 0.002738974 -0.845255136 0.001358975 -0.002733074 0.999995351 29.135526657
0.999988854 0.004468537 -0.001493813 0.604448795 -0.004464403 0.999986172 0.002759287 -0.858031571 0.001506122 -0.002752587 0.999995053 29.679727554
0.999983788 0.005508072 -0.001404752 0.604334891 -0.005503598 0.999979854 0.003169439 -0.874906957 0.001422181 -0.003161656 0.999994099 30.243219376
0.999988496 0.004424956 -0.001814869 0.619584799 -0.004419812 0.999986231 0.002828480 -0.886650443 0.001827361 -0.002820426 0.999994338 30.773139954
0.999988496 0.004338706 -0.002045424 0.629392505 -0.004332459 0.999985933 0.003048522 -0.903671384 0.002058622 -0.003039625 0.999993265 31.320508957
0.999982178 0.005354153 -0.002626751 0.637329936 -0.005345817 0.999980688 0.003170329 -0.915946543 0.002643675 -0.003156230 0.999991536 31.868843079
0.999985397 0.004664762 -0.002732002 0.650827229 -0.004656725 0.999984801 0.002941365 -0.934694886 0.002745682 -0.002928600 0.999991953 32.419929504
0.999983907 0.004911726 -0.002871294 0.649768829 -0.004902602 0.999982893 0.003176464 -0.953424275 0.002886847 -0.003162336 0.999990821 32.963565826
0.999983847 0.004547106 -0.003411863 0.661770344 -0.004536992 0.999985337 0.002966269 -0.963236272 0.003425301 -0.002950741 0.999989808 33.513542175
0.999984324 0.004229540 -0.003669505 0.673368812 -0.004218378 0.999986470 0.003044421 -0.976849735 0.003682331 -0.003028894 0.999988616 34.058383942
0.999981284 0.004566633 -0.004079968 0.680358529 -0.004553862 0.999984741 0.003134178 -0.991206050 0.004094218 -0.003115540 0.999986768 34.598651886
0.999981940 0.004471095 -0.004021362 0.689959466 -0.004459769 0.999985993 0.002820660 -1.005002499 0.004033918 -0.002802675 0.999987900 35.149105072
0.999983311 0.003795678 -0.004369170 0.701081514 -0.003783360 0.999988854 0.002823878 -1.018126369 0.004379841 -0.002807300 0.999986470 35.700393677
0.999979436 0.003378551 -0.005460426 0.724907041 -0.003361593 0.999989450 0.003111754 -1.034329772 0.005470882 -0.003093333 0.999980271 36.243885040
0.999983370 0.003595770 -0.004513745 0.717045128 -0.003583008 0.999989688 0.002832126 -1.048312306 0.004523881 -0.002815906 0.999985814 36.795307159
0.999979198 0.003896464 -0.005135499 0.725673795 -0.003883569 0.999989212 0.002518709 -1.057201147 0.005145259 -0.002498712 0.999983609 37.342460632
0.999978483 0.003822562 -0.005324421 0.737470210 -0.003808601 0.999989212 0.002629688 -1.071552396 0.005334417 -0.002609353 0.999982357 37.895626068
0.999975681 0.003058095 -0.006254499 0.752450824 -0.003041316 0.999991715 0.002690536 -1.091813445 0.006262677 -0.002671448 0.999976814 38.408184052
0.999975026 0.002799077 -0.006480209 0.754467487 -0.002783599 0.999993205 0.002396443 -1.107318759 0.006486871 -0.002378345 0.999976158 38.949806213
0.999976933 0.003371793 -0.005895579 0.758178055 -0.003356910 0.999991179 0.002532510 -1.117749453 0.005904066 -0.002512660 0.999979436 39.493755341
0.999975801 0.002702539 -0.006410320 0.786692977 -0.002689506 0.999994338 0.002040931 -1.120021224 0.006415797 -0.002023640 0.999977350 40.066978455
0.999975502 0.002965907 -0.006341398 0.778842986 -0.002950107 0.999992549 0.002499504 -1.148155451 0.006348762 -0.002480734 0.999976754 40.584430695
0.999976099 0.003378506 -0.006035348 0.784152806 -0.003365379 0.999991953 0.002183954 -1.158409119 0.006042676 -0.002163590 0.999979377 41.144527435
0.999972582 0.003083961 -0.006738229 0.799019694 -0.003069048 0.999992907 0.002222501 -1.175113916 0.006745035 -0.002201760 0.999974787 41.685787201
0.999974489 0.002905226 -0.006515883 0.804861486 -0.002891594 0.999993622 0.002100646 -1.190662503 0.006521943 -0.002081751 0.999976516 42.219608307
0.999974906 0.002735822 -0.006536197 0.812657237 -0.002723136 0.999994397 0.001949051 -1.205068588 0.006541494 -0.001931203 0.999976695 42.770229340
0.999975443 0.003334412 -0.006152215 0.813932061 -0.003315888 0.999989986 0.003018545 -1.234082460 0.006162218 -0.002998071 0.999976516 43.280147552
0.999969661 0.002668247 -0.007336414 0.829235792 -0.002650668 0.999993622 0.002404800 -1.234842420 0.007342785 -0.002385280 0.999970198 43.860763550
0.999969602 0.002411076 -0.007419421 0.835069537 -0.002392866 0.999994159 0.002462217 -1.251079082 0.007425314 -0.002444389 0.999969423 44.400047302
0.999972165 0.002415908 -0.007062809 0.836578369 -0.002396368 0.999993205 0.002773845 -1.264051914 0.007069462 -0.002756843 0.999971211 44.946521759
0.999972403 0.002742087 -0.006916542 0.843818426 -0.002727155 0.999993861 0.002167383 -1.278003573 0.006922444 -0.002148461 0.999973774 45.500980377
0.999972582 0.002445691 -0.006976853 0.854837656 -0.002427556 0.999993622 0.002606536 -1.295869827 0.006983181 -0.002589529 0.999972284 46.043746948
0.999973059 0.002230900 -0.006991140 0.856274605 -0.002212276 0.999993920 0.002670443 -1.311323285 0.006997055 -0.002654905 0.999971986 46.585582733
0.999969065 0.002293460 -0.007522551 0.868487895 -0.002270334 0.999992669 0.003081379 -1.323491812 0.007529563 -0.003064206 0.999966979 47.133365631
0.999967217 0.002035444 -0.007836420 0.880175948 -0.002008503 0.999992073 0.003444392 -1.346169829 0.007843371 -0.003428539 0.999963343 47.683700562
0.999970257 0.001988835 -0.007448401 0.884648681 -0.001966620 0.999993622 0.002988796 -1.359411120 0.007454296 -0.002974058 0.999967813 48.233524323
0.999969423 0.001843977 -0.007595506 0.889339566 -0.001821523 0.999993980 0.002962039 -1.371664762 0.007600922 -0.002948113 0.999966681 48.772068024
0.999966741 0.002063390 -0.007889256 0.899816811 -0.002043148 0.999994576 0.002572985 -1.379497170 0.007894523 -0.002556781 0.999965549 49.328014374
0.999969780 0.002312661 -0.007425994 0.900952041 -0.002292024 0.999993503 0.002786366 -1.395037174 0.007432392 -0.002769262 0.999968469 49.872848511
0.999969900 0.002289925 -0.007405331 0.905083656 -0.002272207 0.999994516 0.002400161 -1.403236032 0.007410787 -0.002383262 0.999969721 50.405754089
0.999972165 0.002313302 -0.007095371 0.906285882 -0.002300160 0.999995589 0.001859645 -1.417942166 0.007099642 -0.001843272 0.999973118 50.936531067
0.999971211 0.001564365 -0.007413662 0.922682524 -0.001545652 0.999995589 0.002529153 -1.437403798 0.007417586 -0.002517621 0.999969304 51.503593445
0.999968290 0.001875193 -0.007733918 0.931466460 -0.001854858 0.999994814 0.002635685 -1.448766112 0.007738820 -0.002621256 0.999966562 52.052093506
0.999969125 0.002507823 -0.007448005 0.934873402 -0.002490398 0.999994159 0.002347809 -1.463567734 0.007453851 -0.002329188 0.999969482 52.593364716
0.999972641 0.002182360 -0.007070937 0.939596117 -0.002165961 0.999994874 0.002326069 -1.476158023 0.007075978 -0.002310690 0.999972284 53.143650055
0.999969482 0.003050275 -0.007198893 0.943305910 -0.003033333 0.999992609 0.002363264 -1.493977070 0.007206049 -0.002341355 0.999971271 53.691989899
0.999971271 0.002986474 -0.006988015 0.949933827 -0.002970252 0.999992788 0.002330722 -1.514959574 0.006994927 -0.002309898 0.999972880 54.249568939
0.999972761 0.002655472 -0.006885143 0.951673269 -0.002640340 0.999994099 0.002205927 -1.531423926 0.006890962 -0.002187688 0.999973893 54.796428680
0.999973357 0.002621252 -0.006805334 0.957254529 -0.002606054 0.999994099 0.002241252 -1.544706702 0.006811169 -0.002223457 0.999974370 55.348014832
0.999972522 0.002267355 -0.007055182 0.972008109 -0.002255280 0.999996006 0.001718846 -1.553792000 0.007059051 -0.001702887 0.999973655 55.905590057
0.999973357 0.002558904 -0.006835150 0.974364221 -0.002543268 0.999994159 0.002295339 -1.573976874 0.006840983 -0.002277894 0.999974012 56.463493347
0.999972045 0.002741758 -0.006956799 0.980290055 -0.002729376 0.999994695 0.001788829 -1.586061716 0.006961666 -0.001769792 0.999974191 56.986087799
0.999975502 0.002776069 -0.006425119 0.980827510 -0.002763318 0.999994218 0.001992796 -1.596481442 0.006430612 -0.001974992 0.999977291 57.525623322
0.999973297 0.002276894 -0.006937930 0.993363202 -0.002263010 0.999995470 0.002008489 -1.612461090 0.006942472 -0.001992736 0.999973834 58.078720093
0.999975443 0.003298968 -0.006204878 0.997492135 -0.003287552 0.999992907 0.001849081 -1.623062015 0.006210937 -0.001828637 0.999979019 58.616596222
0.999977171 0.003503040 -0.005791201 0.999701262 -0.003493957 0.999992669 0.001577707 -1.633588552 0.005796685 -0.001557437 0.999981999 59.158859253
0.999972761 0.002989099 -0.006744623 1.015982866 -0.002977225 0.999993980 0.001769998 -1.651628613 0.006749873 -0.001749870 0.999975681 59.689666748
0.999972403 0.002913901 -0.006830903 1.027545929 -0.002903079 0.999994457 0.001593717 -1.663706660 0.006835511 -0.001573842 0.999975383 60.228218079
0.999974668 0.002474983 -0.006668026 1.033224821 -0.002465434 0.999995828 0.001439935 -1.672555685 0.006671562 -0.001423459 0.999976754 60.785511017
0.999972761 0.003828906 -0.006314240 1.035060763 -0.003818200 0.999991357 0.001706652 -1.694244027 0.006320719 -0.001682496 0.999978602 61.316535950
0.999974132 0.003437662 -0.006310897 1.043841839 -0.003427465 0.999992788 0.001626028 -1.700635672 0.006316441 -0.001604356 0.999978781 61.858886719
0.999973238 0.003841313 -0.006238807 1.047408581 -0.003831567 0.999991417 0.001573312 -1.714089513 0.006244797 -0.001549365 0.999979317 62.412525177
0.999975443 0.003780666 -0.005886222 1.050936580 -0.003770431 0.999991357 0.001749107 -1.736581683 0.005892784 -0.001726871 0.999981105 62.929695129
0.999974787 0.004074256 -0.005818001 1.056768775 -0.004064452 0.999990284 0.001695718 -1.750506997 0.005824856 -0.001672028 0.999981582 63.469829559
0.999975085 0.004271497 -0.005614533 1.063916087 -0.004263434 0.999989867 0.001447219 -1.766464233 0.005620657 -0.001423246 0.999983191 64.007133484
0.999975502 0.004476097 -0.005384451 1.066477537 -0.004467333 0.999988675 0.001638853 -1.782666564 0.005391727 -0.001614759 0.999984145 64.540412903
0.999975026 0.004444185 -0.005494863 1.076843500 -0.004436512 0.999989152 0.001407724 -1.792445898 0.005501060 -0.001383311 0.999983847 65.080078125
0.999978185 0.003879765 -0.005365299 1.080975175 -0.003873079 0.999991715 0.001256056 -1.805962682 0.005370128 -0.001235248 0.999984801 65.617057800
0.999978960 0.004002046 -0.005110083 1.088014126 -0.003995326 0.999991119 0.001324640 -1.823107958 0.005115339 -0.001304196 0.999985993 66.147651672
0.999977291 0.004335958 -0.005160003 1.094666600 -0.004329386 0.999989748 0.001284062 -1.837760925 0.005165519 -0.001261693 0.999985874 66.695922852
0.999977946 0.004367235 -0.005006428 1.102211714 -0.004364603 0.999990225 0.000536415 -1.849744439 0.005008723 -0.000514552 0.999987364 67.253372192
0.999977827 0.004071777 -0.005295196 1.112468958 -0.004065818 0.999991059 0.001135684 -1.866350055 0.005299774 -0.001114129 0.999985337 67.774345398
0.999975979 0.003490594 -0.006008097 1.122649670 -0.003486314 0.999993682 0.000722531 -1.884944439 0.006010581 -0.000701567 0.999981701 68.308410645
0.999976635 0.004517209 -0.005130497 1.123830080 -0.004512326 0.999989331 0.000962834 -1.899508238 0.005134792 -0.000939661 0.999986351 68.858245850
0.999975324 0.004835201 -0.005079105 1.128595710 -0.004829616 0.999987662 0.001111644 -1.916873813 0.005084419 -0.001087086 0.999986470 69.373985291
0.999972880 0.005589313 -0.004796321 1.134937286 -0.005585080 0.999984026 0.000895828 -1.932436466 0.004801253 -0.000869016 0.999988079 69.923423767
0.999977589 0.004806832 -0.004656168 1.143965125 -0.004801930 0.999987900 0.001063351 -1.949753046 0.004661223 -0.001040969 0.999988616 70.448036194
0.999977648 0.005438491 -0.003879053 1.146686792 -0.005434309 0.999984622 0.001087849 -1.955587149 0.003884910 -0.001066745 0.999991834 71.053916931
0.999979377 0.004159232 -0.004891080 1.160736561 -0.004153581 0.999990642 0.001165069 -1.980889916 0.004895879 -0.001144729 0.999987364 71.504325867
0.999979913 0.003942386 -0.004947247 1.170322180 -0.003937354 0.999991715 0.001026195 -1.993382215 0.004951252 -0.001006696 0.999987245 72.042564392
0.999975920 0.005269678 -0.004521436 1.168861628 -0.005265084 0.999985635 0.001027506 -2.011479378 0.004526785 -0.001003676 0.999989212 72.579193115
0.999976516 0.005042046 -0.004639267 1.179527760 -0.005038632 0.999987006 0.000747294 -2.022373438 0.004642974 -0.000723901 0.999988973 73.124282837
0.999978006 0.004496173 -0.004861684 1.188697219 -0.004489835 0.999989033 0.001313549 -2.038939238 0.004867537 -0.001291692 0.999987304 73.653984070
0.999979556 0.004343880 -0.004692401 1.197383881 -0.004339679 0.999990165 0.000905242 -2.052290201 0.004696288 -0.000884860 0.999988556 74.191207886
0.999977410 0.004821831 -0.004710149 1.203655243 -0.004815776 0.999987543 0.001296300 -2.067195892 0.004716341 -0.001273588 0.999988079 74.722236633
0.999978602 0.004741722 -0.004498969 1.210655928 -0.004737665 0.999988317 0.000911819 -2.078686714 0.004503239 -0.000890485 0.999989450 75.263351440
0.999977052 0.005155846 -0.004385224 1.220778227 -0.005153349 0.999986470 0.000580727 -2.095885515 0.004388159 -0.000558115 0.999990225 75.789421082
0.999974966 0.005694784 -0.004190712 1.224056005 -0.005691293 0.999983430 0.000844434 -2.113236666 0.004195451 -0.000820562 0.999990880 76.325798035
0.999975920 0.005663566 -0.004003710 1.231599808 -0.005660633 0.999983728 0.000743459 -2.129742146 0.004007855 -0.000720778 0.999991715 76.859016418
0.999976456 0.005491395 -0.004109994 1.240615845 -0.005488589 0.999984682 0.000693287 -2.144120216 0.004113738 -0.000670713 0.999991238 77.406661987
0.999976993 0.005338118 -0.004178461 1.250243306 -0.005334669 0.999985397 0.000836409 -2.155423880 0.004182866 -0.000814099 0.999990940 77.928054810
0.999977708 0.005307072 -0.004047265 1.261574388 -0.005305218 0.999985814 0.000468509 -2.175516844 0.004049694 -0.000447026 0.999991715 78.447860718
0.999975920 0.005624357 -0.004066247 1.272062421 -0.005620876 0.999983847 0.000867033 -2.189903736 0.004071058 -0.000844156 0.999991417 78.997817993
0.999977589 0.005449373 -0.003888398 1.274851084 -0.005447723 0.999985039 0.000435202 -2.202977657 0.003890712 -0.000414009 0.999992311 79.552627563
0.999978244 0.005365334 -0.003835132 1.287227392 -0.005363925 0.999985516 0.000377358 -2.218359709 0.003837100 -0.000356779 0.999992549 80.084411621
0.999978185 0.005981288 -0.002777066 1.295038104 -0.005979596 0.999981880 0.000616654 -2.235267639 0.002780705 -0.000600034 0.999995947 80.616600037
0.999981701 0.006002057 -0.000685470 1.300393581 -0.006001685 0.999981880 0.000542764 -2.254099607 0.000688715 -0.000538640 0.999999583 81.158424377
0.999985039 0.005441048 -0.000601146 1.321344614 -0.005441092 0.999985158 -0.000069953 -2.264353275 0.000600757 0.000073223 0.999999821 81.704986572
0.999984086 0.005645573 0.000282488 1.326883554 -0.005645652 0.999983966 0.000280811 -2.282778740 -0.000280898 -0.000282402 0.999999881 82.252189636
0.999969661 0.006601084 0.004135281 1.342822313 -0.006600859 0.999978185 -0.000068436 -2.292141914 -0.004135642 0.000041138 0.999991477 82.807159424
0.999956667 0.005417429 0.007569666 1.363893628 -0.005419107 0.999985278 0.000201250 -2.302577019 -0.007568465 -0.000242262 0.999971330 83.355880737
0.999922752 0.005371231 0.011210077 1.383001328 -0.005369140 0.999985456 -0.000216680 -2.318902969 -0.011211080 0.000156475 0.999937177 83.894348145
0.999869764 0.005928637 0.015011752 1.410089970 -0.005922777 0.999982297 -0.000434833 -2.332265854 -0.015014065 0.000345865 0.999887228 84.490287781
0.999755919 0.005893129 0.021288622 1.434282422 -0.005889207 0.999982655 -0.000246986 -2.350413322 -0.021289708 0.000121552 0.999773264 85.019111633
0.999600530 0.006179939 0.027578669 1.455726624 -0.006168951 0.999980867 -0.000483463 -2.367709160 -0.027581127 0.000313139 0.999619484 85.578071594
0.999412298 0.006627211 0.033630233 1.486267447 -0.006624845 0.999978065 -0.000181822 -2.385097265 -0.033630695 -0.000041080 0.999434352 86.118537903
0.999085784 0.006940684 0.042182740 1.522756815 -0.006936437 0.999975860 -0.000247040 -2.398730755 -0.042183448 -0.000045784 0.999109805 86.669433594
0.998709321 0.006638855 0.050354816 1.569158554 -0.006637075 0.999977887 -0.000202563 -2.420873165 -0.050355058 -0.000131907 0.998731375 87.221374512
0.998326659 0.006265377 0.057484679 1.617262125 -0.006250571 0.999980390 -0.000437361 -2.434574366 -0.057486299 0.000077317 0.998346210 87.786598206
0.997775078 0.005776753 0.066419676 1.679948330 -0.005751155 0.999983311 -0.000576598 -2.447970629 -0.066421896 0.000193326 0.997791588 88.326812744
0.997088969 0.005223689 0.076068223 1.750409126 -0.005170966 0.999986231 -0.000890048 -2.465978146 -0.076071829 0.000494111 0.997102201 88.844680786
0.996337235 0.005957994 0.085303180 1.804553032 -0.005909263 0.999982178 -0.000823760 -2.479635000 -0.085306555 0.000316664 0.996354699 89.439857483
0.995667398 0.004883652 0.092858046 1.888287544 -0.004811704 0.999987900 -0.000998691 -2.484487534 -0.092861824 0.000547559 0.995678782 90.016967773
0.994687676 0.006736989 0.102718011 1.949358940 -0.006685851 0.999977291 -0.000842143 -2.538090467 -0.102721356 0.000150912 0.994710267 90.525703430
0.993486524 0.006341862 0.113773577 2.023929596 -0.006256212 0.999979854 -0.001109861 -2.524138689 -0.113778323 0.000390840 0.993506074 91.068107605
0.992487609 0.005371230 0.122227371 2.139625549 -0.005259155 0.999985337 -0.001239529 -2.578489542 -0.122232251 0.000587404 0.992501318 91.660049438
0.990895212 0.006230816 0.134491026 2.212691307 -0.006213925 0.999980569 -0.000545367 -2.562220335 -0.134491801 -0.000295315 0.990914643 92.148277283
0.989190102 0.005866247 0.146521166 2.328338623 -0.005780202 0.999982774 -0.001013002 -2.608435631 -0.146524563 0.000155130 0.989206970 92.780700684
0.987547338 0.005116004 0.157239199 2.420744896 -0.005110015 0.999986768 -0.000442364 -2.618067026 -0.157239392 -0.000366639 0.987560511 93.305328369
0.985816002 0.004332473 0.167774409 2.546672821 -0.004294421 0.999990582 -0.000589624 -2.649897337 -0.167775393 -0.000139233 0.985825241 93.856826782
0.983509958 0.004698883 0.180792749 2.663413048 -0.004744749 0.999988735 -0.000178778 -2.668605089 -0.180791557 -0.000681986 0.983521223 94.394035339
0.981203198 0.004220628 0.192931160 2.807916641 -0.004204742 0.999991000 -0.000491798 -2.685469389 -0.192931518 -0.000328672 0.981212199 94.971138000
0.979097366 0.003886796 0.203355253 2.933336258 -0.003860534 0.999992430 -0.000525819 -2.704510927 -0.203355774 -0.000270232 0.979104817 95.495269775
0.976287901 0.003469913 0.216448307 3.081323624 -0.003358619 0.999994099 -0.000882024 -2.712915421 -0.216450065 0.000134142 0.976293683 96.053779602
0.973160505 0.003536270 0.230100095 3.232376099 -0.003397017 0.999993742 -0.001001321 -2.722923994 -0.230102167 0.000192792 0.973166466 96.586097717
0.970557511 0.003152219 0.240848690 3.390180588 -0.003063688 0.999995053 -0.000742030 -2.738987923 -0.240849823 -0.000017702 0.970562339 97.107238770
0.967818558 0.002136019 0.251639873 3.558980942 -0.002031049 0.999997735 -0.000676868 -2.779219151 -0.251640737 0.000143992 0.967820704 97.655944824
0.964155197 0.002408485 0.265327990 3.722848892 -0.002425596 0.999997020 -0.000263172 -2.797967911 -0.265327871 -0.000389839 0.964158177 98.166877747
0.960717201 0.002036442 0.277521521 3.913543701 -0.001667882 0.999997377 -0.001564105 -2.798436642 -0.277523994 0.001039790 0.960718155 98.763801575
0.957429290 0.001339062 0.288665116 4.098556519 -0.000959899 0.999998450 -0.001455058 -2.814944506 -0.288666636 0.001116026 0.957429051 99.280586243
0.952904165 0.001031860 0.303269535 4.289447784 -0.000940756 0.999999464 -0.000446498 -2.841852665 -0.303269833 0.000140167 0.952904701 99.831924438
0.948623478 -0.001809108 0.316401958 4.504360199 0.002357980 0.999996245 -0.001351865 -2.852451563 -0.316398293 0.002028480 0.948624253 100.357276917
0.944760561 -0.001772484 0.327756554 4.709472656 0.002223117 0.999996960 -0.001000239 -2.867553234 -0.327753782 0.001673627 0.944761634 100.873298645
0.940306187 -0.002409160 0.340321094 4.922651291 0.002882325 0.999995410 -0.000884807 -2.893380880 -0.340317428 0.001812906 0.940308809 101.350624084
0.935167611 -0.002807305 0.354194701 5.130987167 0.003408947 0.999993563 -0.001074689 -2.904801607 -0.354189396 0.002212445 0.935171187 101.876754761
0.930459201 -0.002195041 0.366388559 5.353187561 0.002461439 0.999996841 -0.000259927 -2.932316303 -0.366386861 0.001143694 0.930461884 102.332496643
0.925337970 -0.003642752 0.379125834 5.595952988 0.004187948 0.999991000 -0.000613378 -2.941022158 -0.379120260 0.002155341 0.925344884 102.888954163
0.919353664 -0.003715615 0.393414527 5.833751678 0.004282201 0.999990642 -0.000562454 -2.955828905 -0.393408805 0.002201774 0.919360936 103.392272949
0.913840592 -0.004829686 0.406044394 6.083377838 0.005577270 0.999984145 -0.000657873 -2.965653658 -0.406034738 0.002865810 0.913853109 103.872497559
0.908902884 -0.005085309 0.416976988 6.325370789 0.005861444 0.999982655 -0.000580997 -2.984014988 -0.416966766 0.002972157 0.908916831 104.347694397
0.903269291 -0.006484430 0.429024965 6.588977814 0.007696792 0.999969661 -0.001090945 -2.992011547 -0.429004967 0.004287533 0.903291881 104.860168457
0.896649003 -0.005590143 0.442707002 6.852714539 0.006211110 0.999980688 0.000047099 -3.020923853 -0.442698777 0.002707470 0.896666348 105.342880249
0.890845895 -0.006021254 0.454265714 7.128982544 0.007063001 0.999974906 -0.000596442 -3.027799368 -0.454250753 0.003739818 0.890866041 105.831047058
0.884807527 -0.005704655 0.465921849 7.398071289 0.006600442 0.999978065 -0.000291012 -3.041676044 -0.465910017 0.003332779 0.884825945 106.325500488
0.877366841 -0.005774444 0.479785442 7.671047211 0.006320772 0.999979913 0.000476656 -3.072726727 -0.479778558 0.002614412 0.877385736 106.745559692
0.870236635 -0.006372443 0.492592841 7.958126068 0.007130917 0.999974549 0.000338405 -3.087307930 -0.492582440 0.003218146 0.870259881 107.203704834
0.863860786 -0.007192260 0.503679097 8.246482849 0.007959976 0.999968112 0.000626825 -3.097878456 -0.503667593 0.003467784 0.863890529 107.656860352
