1.000000000 0.000000000 0.000000000 0.000000000 0.000000000 1.000000000 0.000000000 0.000000000 0.000000000 0.000000000 1.000000000 0.000000000
0.999999940 0.000195014 0.000177657 -0.001754240 -0.000195002 1.000000000 -0.000063320 0.000313448 -0.000177670 0.000063285 1.000000000 -0.000063878
1.000000000 0.000173340 0.000002662 0.006739893 -0.000173340 1.000000000 0.000041529 0.000108083 -0.000002654 -0.000041530 1.000000000 -0.005229054
1.000000000 0.000091326 -0.000011552 0.002065834 -0.000091326 1.000000000 -0.000020676 0.000760449 0.000011550 0.000020677 1.000000000 -0.003773389
0.999999940 0.000168949 0.000197011 -0.002914174 -0.000168933 1.000000000 -0.000080946 0.001544683 -0.000197024 0.000080913 1.000000000 0.000056046
1.000000000 0.000089351 0.000039333 -0.000608228 -0.000089351 1.000000000 -0.000000552 0.001908129 -0.000039334 0.000000548 1.000000000 -0.001556434
1.000000000 0.000006593 0.000080251 -0.002499267 -0.000006598 1.000000000 0.000058576 0.001555693 -0.000080250 -0.000058577 1.000000000 -0.003541657
1.000000000 0.000034008 -0.000081461 0.005006754 -0.000034003 1.000000000 0.000062522 -0.002153916 0.000081463 -0.000062519 1.000000000 -0.012248333
1.000000000 0.000029276 0.000036850 0.001587266 -0.000029274 1.000000000 -0.000048658 -0.000383333 -0.000036851 0.000048657 1.000000000 -0.003047320
1.000000000 0.000158379 0.000126194 -0.003214482 -0.000158363 1.000000000 -0.000127788 0.003290585 -0.000126214 0.000127768 1.000000000 -0.003128500
1.000000000 0.000015228 0.000066785 0.000411766 -0.000015222 1.000000000 -0.000086793 -0.000684675 -0.000066787 0.000086792 1.000000000 0.001324074
1.000000000 -0.000002612 0.000067316 -0.002673295 0.000002617 1.000000000 -0.000083514 0.000145051 -0.000067316 0.000083514 1.000000000 -0.002317531
1.000000000 0.000084208 0.000111297 0.000183470 -0.000084210 1.000000000 0.000017682 0.000777324 -0.000111296 -0.000017692 1.000000000 -0.002139890
1.000000000 -0.000118873 0.000038927 -0.003534493 0.000118870 1.000000000 0.000085767 0.002529863 -0.000038937 -0.000085763 1.000000000 -0.002446523
0.999999940 -0.000289212 -0.000037862 -0.000186829 0.000289214 0.999999940 0.000063045 -0.001477678 0.000037844 -0.000063055 1.000000000 -0.004095207
1.000000000 -0.000164144 -0.000002680 0.000245529 0.000164144 1.000000000 -0.000031323 -0.001137457 0.000002685 0.000031323 1.000000000 -0.003243210
1.000000000 0.000133066 0.000118010 -0.002586841 -0.000133066 1.000000000 0.000007279 0.000253124 -0.000118009 -0.000007295 1.000000000 -0.008541252
1.000000000 -0.000144183 0.000001790 0.001126934 0.000144183 1.000000000 -0.000004725 -0.000402147 -0.000001789 0.000004726 1.000000000 -0.006037560
1.000000000 -0.000025560 0.000055427 -0.001475648 0.000025561 1.000000000 -0.000015828 -0.000089250 -0.000055427 0.000015829 1.000000000 -0.008484569
1.000000000 -0.000083989 0.000019745 0.001084020 0.000083988 1.000000000 0.000034385 -0.001413412 -0.000019748 -0.000034384 1.000000000 -0.007277333
1.000000000 0.000063204 0.000185298 -0.003529751 -0.000063204 1.000000000 -0.000003776 -0.001340467 -0.000185298 0.000003764 1.000000000 -0.002759186
1.000000000 -0.000158656 0.000021273 0.001067589 0.000158656 1.000000000 0.000001858 -0.000854851 -0.000021273 -0.000001855 1.000000000 -0.007509304
1.000000000 -0.000168120 0.000041055 -0.000315683 0.000168115 1.000000000 0.000124317 -0.002059835 -0.000041076 -0.000124310 1.000000000 -0.010403646
1.000000000 0.000096594 -0.000009124 0.006189490 -0.000096593 1.000000000 0.000067543 -0.002087514 0.000009130 -0.000067542 1.000000000 -0.014330404
1.000000000 -0.000056817 0.000074276 0.001004802 0.000056810 1.000000000 0.000095841 -0.001793417 -0.000074281 -0.000095837 1.000000000 -0.008241368
0.999999940 0.000223060 0.000223830 -0.005767453 -0.000223037 0.999999940 -0.000104409 0.000322178 -0.000223854 0.000104359 0.999999940 -0.006881570
1.000000000 0.000012697 0.000129521 -0.004785636 -0.000012711 1.000000000 0.000110861 -0.001553656 -0.000129520 -0.000110863 1.000000000 -0.006722412
1.000000000 -0.000185435 0.000065986 -0.005813474 0.000185432 1.000000000 0.000044356 0.001394057 -0.000065994 -0.000044344 1.000000000 -0.009581406
1.000000000 -0.000211150 -0.000015872 -0.000236789 0.000211150 1.000000000 0.000041854 -0.001858325 0.000015863 -0.000041858 1.000000000 -0.003133588
1.000000000 -0.000055535 0.000127862 -0.003403571 0.000055531 1.000000000 0.000028644 0.001179865 -0.000127864 -0.000028637 1.000000000 -0.001499412
1.000000000 -0.000130797 0.000160508 -0.004106297 0.000130781 1.000000000 0.000098475 -0.000359839 -0.000160521 -0.000098454 1.000000000 -0.005594130
1.000000000 -0.000182617 -0.000003919 0.000621893 0.000182618 1.000000000 0.000028071 -0.000546131 0.000003914 -0.000028071 1.000000000 -0.006533884
1.000000000 -0.000014294 0.000075700 -0.004115207 0.000014303 1.000000000 -0.000127792 0.001296467 -0.000075698 0.000127793 1.000000000 -0.004151248
1.000000000 0.000053986 0.000006295 -0.000803789 -0.000053986 1.000000000 -0.000089058 0.004686875 -0.000006299 0.000089057 1.000000000 0.000792362
1.000000000 -0.000099958 -0.000019181 -0.002906694 0.000099956 1.000000000 -0.000096099 0.001090499 0.000019191 0.000096097 1.000000000 -0.007001017
1.000000000 -0.000218302 -0.000099180 -0.000768499 0.000218303 1.000000000 0.000012350 -0.001416899 0.000099178 -0.000012372 1.000000000 -0.005748895
1.000000000 -0.000067598 0.000091809 -0.002320023 0.000067587 1.000000000 0.000116784 -0.001358432 -0.000091816 -0.000116777 1.000000000 -0.002879283
1.000000000 0.000116435 0.000107996 -0.003418393 -0.000116453 1.000000000 0.000169207 -0.001908926 -0.000107976 -0.000169219 1.000000000 -0.007580454
0.999999940 -0.000310330 -0.000112712 0.000279601 0.000310336 0.999999940 0.000055595 -0.002869775 0.000112695 -0.000055630 1.000000000 -0.001290615
1.000000000 0.000049078 0.000031859 0.002501089 -0.000049061 0.999999821 -0.000555787 -0.006499243 -0.000031887 0.000555785 0.999999821 0.042480424
1.000000000 -0.000009368 -0.000062635 0.005470229 0.000009287 0.999999166 -0.001297395 -0.003236810 0.000062647 0.001297394 0.999999166 0.143414289
1.000000000 -0.000110654 -0.000207994 0.008765946 0.000110362 0.999998987 -0.001401120 -0.012078694 0.000208149 0.001401097 0.999998987 0.258560389
1.000000000 -0.000086042 0.000039318 0.003871927 0.000086093 0.999999166 -0.001291482 -0.016179543 -0.000039206 0.001291485 0.999999166 0.385678291
1.000000000 0.000081815 -0.000102392 0.006417321 -0.000081936 0.999999285 -0.001182930 -0.018481590 0.000102295 0.001182939 0.999999285 0.533088863
0.999999881 0.000539261 -0.000010150 0.018488487 -0.000539275 0.999998868 -0.001421812 -0.025283189 0.000009383 0.001421818 0.999998987 0.686238170
1.000000000 -0.000104478 0.000200195 0.021053599 0.000104639 0.999999642 -0.000808402 -0.028483618 -0.000200110 0.000808423 0.999999642 0.867587864
1.000000000 -0.000056899 0.000077538 0.021520782 0.000056963 0.999999642 -0.000818133 -0.024035482 -0.000077492 0.000818137 0.999999642 1.045692205
0.999999881 0.000218335 0.000481532 0.012272182 -0.000218010 0.999999762 -0.000675425 -0.043429375 -0.000481679 0.000675320 0.999999642 1.237247348
1.000000000 -0.000067831 0.000084034 0.025543345 0.000067892 0.999999762 -0.000715301 -0.047511179 -0.000083985 0.000715306 0.999999762 1.441238165
0.999999821 -0.000446187 -0.000438484 0.042911850 0.000445923 0.999999702 -0.000602130 -0.051666364 0.000438752 0.000601934 0.999999702 1.658022761
0.999999881 -0.000350845 0.000287026 0.045357272 0.000350951 0.999999881 -0.000369086 -0.061785474 -0.000286897 0.000369187 0.999999881 1.855561256
0.999999046 -0.001137773 0.000819167 0.003725369 0.001135380 0.999995112 0.002915883 -0.108599387 -0.000822481 -0.002914950 0.999995410 1.934847236
0.999998569 -0.001395115 0.000909901 0.010277129 0.001392572 0.999995112 0.002789522 -0.113847144 -0.000913788 -0.002788251 0.999995708 2.162553787
0.999998987 -0.000689221 0.001275541 0.002739077 0.000685829 0.999996305 0.002657440 -0.115144961 -0.001277368 -0.002656562 0.999995589 2.378948927
0.999998450 -0.001507872 0.000965227 0.022280607 0.001505130 0.999994874 0.002834596 -0.129789993 -0.000969496 -0.002833138 0.999995530 2.592593431
0.999998093 -0.001250220 0.001492541 0.013189129 0.001245318 0.999993861 0.003280670 -0.141643688 -0.001496634 -0.003278805 0.999993503 2.806071043
0.999998033 -0.001277071 0.001435509 0.021540776 0.001272364 0.999993801 0.003275191 -0.145435765 -0.001439683 -0.003273359 0.999993622 3.054051638
0.999998271 -0.001301470 0.001340630 0.022945529 0.001297457 0.999994695 0.002990303 -0.148854867 -0.001344515 -0.002988559 0.999994636 3.289218426
0.999997735 -0.000919127 0.001918349 0.016279278 0.000912431 0.999993563 0.003488900 -0.163849369 -0.001921543 -0.003487142 0.999992073 3.529972315
0.999997914 -0.001387807 0.001455559 0.020329550 0.001382213 0.999991655 0.003837042 -0.182278126 -0.001460872 -0.003835022 0.999991596 3.744315863
0.999996960 -0.001997977 0.001460731 0.027820393 0.001991803 0.999989152 0.004215717 -0.191756502 -0.001469138 -0.004212795 0.999989986 4.014790535
0.999997258 -0.001515346 0.001754894 0.029606143 0.001507399 0.999988616 0.004521262 -0.197474390 -0.001761725 -0.004518604 0.999988258 4.272642612
0.999995947 -0.002368263 0.001518051 0.049905173 0.002361532 0.999987364 0.004420036 -0.199535415 -0.001528500 -0.004416434 0.999989092 4.514918804
0.999996603 -0.001832244 0.001834908 0.043759830 0.001823484 0.999986947 0.004764842 -0.212390542 -0.001843615 -0.004761480 0.999986947 4.763296127
0.999997020 -0.001880528 0.001543893 0.039149635 0.001873691 0.999988496 0.004418254 -0.225390241 -0.001552184 -0.004415349 0.999989033 5.004433155
0.999997258 -0.001864810 0.001436616 0.048757337 0.001857917 0.999986887 0.004784348 -0.238887325 -0.001445520 -0.004781666 0.999987543 5.261598110
0.999996841 -0.001786112 0.001771387 0.044422656 0.001778190 0.999988496 0.004463482 -0.237478822 -0.001779339 -0.004460318 0.999988496 5.525259018
0.999997258 -0.001819130 0.001484828 0.045254305 0.001812032 0.999987006 0.004768176 -0.253407419 -0.001493483 -0.004765472 0.999987602 5.798291206
0.999997616 -0.001515268 0.001581246 0.059936281 0.001507311 0.999986291 0.005021499 -0.263901979 -0.001588833 -0.005019103 0.999986112 6.053267956
0.999996424 -0.002253464 0.001444320 0.057231590 0.002246266 0.999985158 0.004966478 -0.273266256 -0.001455490 -0.004963216 0.999986649 6.349666595
0.999997497 -0.001585834 0.001567463 0.054716770 0.001578451 0.999987721 0.004700539 -0.279520333 -0.001574898 -0.004698054 0.999987721 6.640075207
0.999996543 -0.002231393 0.001410868 0.065062135 0.002224802 0.999986708 0.004656323 -0.284048736 -0.001421239 -0.004653168 0.999988198 6.951720238
0.999996543 -0.002238988 0.001355470 0.083032399 0.002232262 0.999985337 0.004943342 -0.296928883 -0.001366518 -0.004940299 0.999986887 7.244099617
0.999997199 -0.001731715 0.001621959 0.079556659 0.001723715 0.999986410 0.004920969 -0.303094923 -0.001630459 -0.004918159 0.999986589 7.570647240
0.999997497 -0.001851988 0.001226676 0.108573735 0.001845295 0.999983490 0.005435083 -0.316334188 -0.001236722 -0.005432805 0.999984562 7.887977600
0.999995887 -0.002604411 0.001219778 0.077605009 0.002597359 0.999980092 0.005747373 -0.344498843 -0.001234722 -0.005744181 0.999982715 8.152159691
0.999994755 -0.003156213 0.000784208 0.092842057 0.003151500 0.999977410 0.005939301 -0.352779418 -0.000802936 -0.005936798 0.999981999 8.479275703
0.999996185 -0.002612591 0.000956299 0.091919661 0.002607199 0.999980927 0.005596864 -0.355616897 -0.000970903 -0.005594349 0.999983847 8.829174995
0.999996722 -0.002226893 0.001358027 0.096442349 0.002218869 0.999980211 0.005881936 -0.368450284 -0.001371098 -0.005878903 0.999981701 9.171854019
0.999995053 -0.003074152 0.000697168 0.118322194 0.003069723 0.999975681 0.006266980 -0.378151298 -0.000716417 -0.006264809 0.999980092 9.509257317
0.999997377 -0.002006649 0.001142141 0.117290273 0.001999186 0.999976873 0.006498368 -0.384983629 -0.001155154 -0.006496068 0.999978185 9.845948219
0.999995112 -0.002475207 0.001921362 0.100405037 0.002463193 0.999977529 0.006229925 -0.410941184 -0.001936739 -0.006225162 0.999978662 10.127740860
0.999994218 -0.002800515 0.001958519 0.108775526 0.002787609 0.999974608 0.006561922 -0.421429753 -0.001976846 -0.006556425 0.999976456 10.485089302
0.999994934 -0.002384689 0.002100059 0.108307317 0.002371432 0.999977350 0.006292910 -0.426815778 -0.002115018 -0.006287898 0.999978006 10.861221313
0.999992371 -0.003586519 0.001546975 0.126005575 0.003576044 0.999971032 0.006721181 -0.439474463 -0.001571036 -0.006715598 0.999976218 11.239932060
0.999991596 -0.003793980 0.001537446 0.154615834 0.003784261 0.999973178 0.006276022 -0.441703200 -0.001561216 -0.006270151 0.999979138 11.620692253
0.999992847 -0.003209214 0.002007176 0.135528207 0.003194780 0.999969363 0.007153772 -0.456961244 -0.002030072 -0.007147309 0.999972403 11.993297577
0.999994457 -0.002666092 0.001973289 0.157502592 0.002651260 0.999968469 0.007480821 -0.474621058 -0.001993171 -0.007475547 0.999970078 12.367612839
0.999994278 -0.002881076 0.001719475 0.165052712 0.002868549 0.999969602 0.007244051 -0.480700910 -0.001740294 -0.007239077 0.999972284 12.790011406
0.999987423 -0.004842373 0.001240715 0.149531946 0.004832406 0.999957025 0.007913592 -0.558749259 -0.001278982 -0.007907499 0.999967873 13.082161903
0.999993503 -0.003044278 0.001917580 0.149444848 0.003029340 0.999965429 0.007745309 -0.567936063 -0.001941093 -0.007739450 0.999968112 13.496280670
0.999994218 -0.002439011 0.002371278 0.158586711 0.002418933 0.999961495 0.008433675 -0.574527144 -0.002391756 -0.008427890 0.999961615 13.924994469
0.999984801 -0.005295450 0.001538865 0.180906534 0.005282371 0.999950945 0.008382336 -0.594286978 -0.001583178 -0.008374081 0.999963701 14.354921341
0.999985874 -0.004899747 0.002083467 0.184890017 0.004880941 0.999948144 0.008937884 -0.612715960 -0.002127153 -0.008927587 0.999957919 14.735518456
0.999983788 -0.005192316 0.002358009 0.192873165 0.005170085 0.999943137 0.009337925 -0.606888771 -0.002406361 -0.009325583 0.999953687 15.174798012
0.999990284 -0.003397164 0.002814416 0.216311276 0.003370330 0.999949336 0.009485124 -0.616210461 -0.002846496 -0.009475546 0.999951124 15.590949059
0.999981403 -0.005634106 0.002330513 0.215992719 0.005612251 0.999941170 0.009280353 -0.666582048 -0.002382662 -0.009267103 0.999954224 16.034204483
0.999975860 -0.006553803 0.002307669 0.232445806 0.006533243 0.999939859 0.008806865 -0.667260528 -0.002365249 -0.008791576 0.999958634 16.504980087
0.999979854 -0.005720767 0.002756444 0.239562929 0.005694570 0.999939382 0.009420208 -0.681107640 -0.002810168 -0.009404320 0.999951839 16.962905884
0.999983847 -0.004619290 0.003322623 0.244767815 0.004587291 0.999943674 0.009574735 -0.692898631 -0.003366665 -0.009559337 0.999948680 17.410247803
0.999973297 -0.006616558 0.003093923 0.269476533 0.006585628 0.999929309 0.009902717 -0.691399932 -0.003159226 -0.009882077 0.999946177 17.886369705
0.999970496 -0.006765543 0.003628669 0.282413900 0.006728598 0.999926329 0.010098761 -0.705754161 -0.003696726 -0.010074046 0.999942482 18.360467911
0.999977052 -0.005583087 0.003839028 0.298344165 0.005543816 0.999932945 0.010165120 -0.713641763 -0.003895523 -0.010143603 0.999940991 18.832189560
0.999978125 -0.005695912 0.003350339 0.312225580 0.005661193 0.999931037 0.010282728 -0.717442274 -0.003408677 -0.010263536 0.999941528 19.263288498
0.999975502 -0.005964005 0.003658250 0.314241469 0.005922466 0.999919057 0.011262581 -0.807992756 -0.003725123 -0.011240638 0.999929905 19.646278381
0.999970376 -0.007001151 0.003177404 0.318811476 0.006966359 0.999917090 0.010831683 -0.812173367 -0.003252974 -0.010809226 0.999936342 20.154403687
0.999974608 -0.006423169 0.003047084 0.329946756 0.006386475 0.999908745 0.011903025 -0.838106394 -0.003123262 -0.011883263 0.999924541 20.665203094
0.999974549 -0.006717082 0.002376501 0.348663181 0.006688788 0.999908924 0.011719950 -0.855971813 -0.002455009 -0.011703756 0.999928534 21.174425125
0.999968171 -0.007584166 0.002467707 0.329702139 0.007554797 0.999903023 0.011700366 -0.879422665 -0.002556205 -0.011681350 0.999928474 21.663288116
0.999972045 -0.007131127 0.002252165 0.334601909 0.007103802 0.999903679 0.011916711 -0.888078272 -0.002336928 -0.011900379 0.999926388 22.213031769
0.999973416 -0.007016714 0.001979373 0.332523108 0.006992423 0.999903321 0.012023251 -0.899601221 -0.002063545 -0.012009090 0.999925792 22.733161926
0.999967098 -0.008050060 0.000955363 0.321550608 0.008037059 0.999884307 0.012911713 -0.932388425 -0.001059192 -0.012903608 0.999916136 23.223497391
0.999951243 -0.009868843 -0.000402875 0.356078058 0.009873046 0.999875903 0.012277593 -0.956395388 0.000281660 -0.012280972 0.999924541 23.738258362
0.999951839 -0.009714835 -0.001419698 0.366178989 0.009731075 0.999881685 0.011918111 -0.956343532 0.001303747 -0.011931350 0.999927938 24.277767181
0.999959052 -0.008907435 -0.001619948 0.387094110 0.008927452 0.999878228 0.012800467 -0.969297409 0.001505731 -0.012814404 0.999916792 24.800775528
0.999964237 -0.008335565 -0.001421111 0.351771623 0.008352726 0.999886632 0.012530467 -0.993756711 0.001316501 -0.012541890 0.999920428 25.315118790
0.999947846 -0.009892028 -0.002505234 0.367687672 0.009922450 0.999873459 0.012437355 -1.001861572 0.002381886 -0.012461566 0.999919534 25.864448547
0.999938488 -0.010655328 -0.003094890 0.387855053 0.010691849 0.999870479 0.012033612 -0.996917725 0.002966267 -0.012065961 0.999922812 26.426708221
0.999950707 -0.009436898 -0.003083564 0.390866607 0.009480204 0.999852180 0.014345290 -1.052596807 0.002947733 -0.014373817 0.999892354 26.917503357
0.999955297 -0.008834367 -0.003360687 0.404641747 0.008881890 0.999856889 0.014398989 -1.069752216 0.003233000 -0.014428196 0.999890745 27.462131500
0.999954045 -0.008795778 -0.003815495 0.407060266 0.008849334 0.999859273 0.014254424 -1.073114872 0.003689580 -0.014287535 0.999891102 28.016586304
0.999967217 -0.007431253 -0.003226164 0.408998132 0.007477739 0.999864876 0.014643911 -1.083172798 0.003116905 -0.014667556 0.999887586 28.552536011
0.999953151 -0.008768947 -0.004092667 0.408135295 0.008830477 0.999844432 0.015266395 -1.099560261 0.003958159 -0.015301819 0.999875069 29.077283859
0.999953151 -0.008538591 -0.004558765 0.413960159 0.008607461 0.999845743 0.015307713 -1.105444431 0.004427356 -0.015346234 0.999872386 29.615026474
0.999959409 -0.007977509 -0.004208390 0.411333948 0.008040027 0.999854386 0.015053690 -1.119470954 0.004087687 -0.015086913 0.999877810 30.152688980
0.999959230 -0.007784848 -0.004574768 0.449241698 0.007858622 0.999835730 0.016335635 -1.142370701 0.004446845 -0.016370919 0.999856114 30.710842133
0.999952197 -0.008100029 -0.005481191 0.499585390 0.008186040 0.999840796 0.015855992 -1.157951593 0.005351884 -0.015900103 0.999859273 31.327941895
0.999960721 -0.007514904 -0.004703500 0.402245134 0.007586123 0.999853969 0.015311740 -1.168079376 0.004587748 -0.015346820 0.999871671 31.734193802
0.999955535 -0.007914952 -0.005119893 0.409669042 0.007994968 0.999843180 0.015801519 -1.174498439 0.004994022 -0.015841754 0.999862015 32.280357361
0.999958456 -0.007523392 -0.005144637 0.408919454 0.007604005 0.999845743 0.015833475 -1.182520151 0.005024722 -0.015871936 0.999861419 32.835712433
0.999947846 -0.008518514 -0.005638915 0.398438573 0.008606873 0.999837518 0.015835244 -1.186674356 0.005503107 -0.015882952 0.999858737 33.347145081
0.999962151 -0.007065078 -0.005082136 0.400295287 0.007149109 0.999834776 0.016710969 -1.213789225 0.004963233 -0.016746668 0.999847472 33.867679596
0.999931157 -0.009704116 -0.006584230 0.437941164 0.009816762 0.999802113 0.017297568 -1.263550520 0.006415071 -0.017361011 0.999828637 34.464691162
0.999929249 -0.009751010 -0.006809393 0.443463117 0.009866373 0.999804616 0.017118774 -1.260690928 0.006641140 -0.017184749 0.999830246 35.014953613
0.999939024 -0.009069520 -0.006299800 0.439312160 0.009176087 0.999811709 0.017098224 -1.276038647 0.006143541 -0.017154992 0.999833941 35.531810760
0.999941945 -0.008650087 -0.006419940 0.444115818 0.008761785 0.999807060 0.017579591 -1.287227869 0.006266637 -0.017634824 0.999824822 36.077819824
0.999943793 -0.008390474 -0.006478342 0.460184932 0.008503905 0.999807417 0.017684774 -1.295868516 0.006328711 -0.017738873 0.999822617 36.623043060
0.999928653 -0.009901144 -0.006677275 0.468064070 0.010018458 0.999791861 0.017770732 -1.295941591 0.006499935 -0.017836360 0.999819756 37.215648651
0.999935031 -0.009004071 -0.006985999 0.464003325 0.009128503 0.999796510 0.017988969 -1.332892299 0.006822604 -0.018051574 0.999813735 37.685665131
0.999925852 -0.009778477 -0.007251908 0.465491742 0.009911285 0.999779582 0.018509414 -1.347306252 0.007069317 -0.018579917 0.999802351 38.231475830
0.999926209 -0.009438694 -0.007645572 0.477563471 0.009577266 0.999786794 0.018295364 -1.342362046 0.007471256 -0.018367238 0.999803424 38.749382019
0.999932587 -0.009207398 -0.007075623 0.480320722 0.009335646 0.999788761 0.018311255 -1.349353075 0.006905527 -0.018376077 0.999807298 39.277362823
0.999932051 -0.009250252 -0.007094144 0.479928583 0.009378061 0.999790430 0.018199723 -1.356082320 0.006924303 -0.018265016 0.999809265 39.877456665
0.999920070 -0.010109868 -0.007590626 0.507520497 0.010255549 0.999759078 0.019404903 -1.398387432 0.007392617 -0.019481201 0.999782920 40.390575409
0.999930441 -0.009157711 -0.007434725 0.485957414 0.009293979 0.999785542 0.018505851 -1.368478537 0.007263660 -0.018573660 0.999801099 40.898479462
0.999915421 -0.010236667 -0.008019569 0.498668730 0.010385864 0.999769449 0.018788971 -1.380853891 0.007825385 -0.018870668 0.999791265 41.435420990
0.999917269 -0.010199512 -0.007842227 0.504271865 0.010345004 0.999770880 0.018741358 -1.381309509 0.007649278 -0.018820934 0.999793589 41.990623474
0.999910951 -0.010412718 -0.008353120 0.508296609 0.010569723 0.999764025 0.018977370 -1.389571905 0.008153544 -0.019063966 0.999785006 42.552005768
0.999927402 -0.009621979 -0.007259945 0.482664943 0.009756183 0.999777853 0.018682353 -1.393561602 0.007078571 -0.018751828 0.999799073 43.129711151
0.999928653 -0.009430271 -0.007340794 0.500555515 0.009567205 0.999776602 0.018847838 -1.401991367 0.007161413 -0.018916722 0.999795437 43.703235626
0.999907553 -0.010962822 -0.008038674 0.485929102 0.011117801 0.999748170 0.019494792 -1.423493624 0.007822931 -0.019582367 0.999777555 44.132812500
0.999913037 -0.010451644 -0.008038471 0.490474164 0.010601460 0.999766529 0.018826151 -1.422999859 0.007839829 -0.018909736 0.999790430 44.682235718
0.999904931 -0.011173825 -0.008072371 0.499125630 0.011329223 0.999746263 0.019468576 -1.431914568 0.007852783 -0.019558178 0.999777853 45.207553864
0.999899209 -0.011172689 -0.008749304 0.506818652 0.011346374 0.999734402 0.020059792 -1.441963792 0.008522857 -0.020157045 0.999760449 45.730533600
0.999897063 -0.011763620 -0.008210879 0.491314977 0.011924695 0.999731898 0.019851942 -1.448460579 0.007975146 -0.019947814 0.999769211 46.333316803
0.999906540 -0.011007011 -0.008098857 0.473451734 0.011170578 0.999728739 0.020436110 -1.515487909 0.007871718 -0.020524671 0.999758363 46.852962494
0.999922454 -0.010044049 -0.007354067 0.471330225 0.010192018 0.999740601 0.020367432 -1.517701626 0.007147587 -0.020440808 0.999765575 47.400588989
0.999920011 -0.010539231 -0.006992761 0.476181060 0.010681981 0.999728620 0.020701000 -1.527144670 0.006772690 -0.020774044 0.999761224 47.948715210
0.999928772 -0.009928319 -0.006621880 0.480311215 0.010068388 0.999718904 0.021465648 -1.540891767 0.006406901 -0.021530788 0.999747753 48.475311279
0.999916315 -0.010531326 -0.007504417 0.516137958 0.010690390 0.999712169 0.021480985 -1.546724677 0.007276034 -0.021559414 0.999741137 49.034404755
0.999900162 -0.011700716 -0.007920988 0.490465820 0.011867114 0.999702752 0.021296544 -1.562613845 0.007669451 -0.021388417 0.999741852 49.508987427
0.999911845 -0.010693087 -0.007877173 0.494678468 0.010857084 0.999718904 0.021079341 -1.561008215 0.007649556 -0.021163007 0.999746799 50.070777893
0.999914289 -0.010693646 -0.007550993 0.502249956 0.010849602 0.999722183 0.020923913 -1.562455297 0.007325143 -0.021004044 0.999752581 50.615467072
0.999920189 -0.010427271 -0.007121662 0.496400744 0.010577185 0.999716163 0.021347784 -1.566043139 0.006897042 -0.021421410 0.999746740 51.142005920
0.999911606 -0.010426511 -0.008251381 0.504355550 0.010606489 0.999700010 0.022077592 -1.591056585 0.008018713 -0.022163160 0.999722123 51.545936584
0.999914408 -0.010501251 -0.007802734 0.506227195 0.010671947 0.999697387 0.022166768 -1.595731020 0.007567595 -0.022248141 0.999723792 52.087375641
0.999919116 -0.010256603 -0.007528997 0.508329272 0.010420465 0.999702394 0.022057470 -1.593455553 0.007300523 -0.022134142 0.999728262 52.635536194
0.999907851 -0.011521964 -0.007175681 0.497933745 0.011683391 0.999670088 0.022876283 -1.636413813 0.006909732 -0.022958010 0.999712586 53.174201965
0.999911845 -0.010704121 -0.007854024 0.501428604 0.010877112 0.999691606 0.022324037 -1.616902709 0.007612643 -0.022407506 0.999719918 53.667644501
0.999915063 -0.010114247 -0.008220050 0.509340644 0.010294246 0.999701500 0.022158412 -1.620570898 0.007993481 -0.022241153 0.999720693 54.233634949
0.999923468 -0.009952031 -0.007351687 0.482415050 0.010111538 0.999707103 0.021987926 -1.629358530 0.007130711 -0.022060581 0.999731183 54.701850891
0.999926269 -0.010135792 -0.006676969 0.502963722 0.010277073 0.999716580 0.021476541 -1.615858793 0.006457395 -0.021543577 0.999747097 55.271533966
0.999924064 -0.009961037 -0.007257701 0.581323862 0.010118439 0.999707162 0.021983638 -1.642110467 0.007036596 -0.022055408 0.999731958 55.788856506
0.999924123 -0.009560971 -0.007761611 0.577443838 0.009743325 0.999669194 0.023807149 -1.674862146 0.007531423 -0.023880970 0.999686360 56.148715973
0.999933004 -0.008745721 -0.007582485 0.589159667 0.008918460 0.999694407 0.023055270 -1.673855066 0.007378533 -0.023121355 0.999705374 56.724960327
0.999935448 -0.008861021 -0.007107590 0.592215180 0.009020732 0.999700189 0.022762422 -1.677680135 0.006903760 -0.022825070 0.999715626 57.276706696
0.999925733 -0.009355370 -0.007820279 0.608919144 0.009528605 0.999703288 0.022416506 -1.664051771 0.007608245 -0.022489360 0.999718130 57.843982697
0.999920070 -0.009549608 -0.008297373 0.598631740 0.009740298 0.999682188 0.023253974 -1.673908949 0.008072670 -0.023332933 0.999695122 58.316055298
0.999925911 -0.009635436 -0.007439958 0.586620927 0.009808796 0.999672651 0.023627358 -1.686867237 0.007209862 -0.023698583 0.999693155 58.734741211
0.999920964 -0.009781953 -0.007903887 0.594565153 0.009962973 0.999681234 0.023197530 -1.680248260 0.007674450 -0.023274438 0.999699712 59.298717499
0.999926031 -0.009665119 -0.007392789 0.596425653 0.009829323 0.999698281 0.022507183 -1.684312463 0.007173023 -0.022578189 0.999719322 59.819717407
0.999919236 -0.009711110 -0.008203041 0.658777833 0.009903898 0.999667704 0.023797760 -1.709106326 0.007969214 -0.023877081 0.999683142 60.285083771
0.999917567 -0.009703876 -0.008420485 0.676900029 0.009900022 0.999673069 0.023573644 -1.712011099 0.008188977 -0.023655061 0.999686658 60.835224152
0.999924481 -0.009530834 -0.007776836 0.657851219 0.009711479 0.999675930 0.023531102 -1.695569634 0.007550046 -0.023604846 0.999692857 61.334777832
0.999924481 -0.009747993 -0.007502623 0.658971310 0.009920533 0.999678969 0.023314247 -1.697632790 0.007272948 -0.023386911 0.999700010 61.857460022
0.999914825 -0.010429676 -0.007842461 0.661660194 0.010604677 0.999688089 0.022614395 -1.695280790 0.007604153 -0.022695638 0.999713480 62.413261414
0.999925792 -0.009853732 -0.007161288 0.653942108 0.010017051 0.999682069 0.023139575 -1.699107528 0.006930999 -0.023209594 0.999706566 62.970912933
0.999918401 -0.009866965 -0.008113260 0.728921652 0.010052186 0.999682307 0.023114927 -1.669953346 0.007882609 -0.023194596 0.999699831 63.428337097
0.999935508 -0.008309396 -0.007742460 0.746329069 0.008484236 0.999703348 0.022829559 -1.681162596 0.007550464 -0.022893777 0.999709427 63.997177124
0.999910533 -0.010553234 -0.008213604 0.667790949 0.010748176 0.999652743 0.024063470 -1.726116657 0.007956801 -0.024149604 0.999676645 64.426528931
0.999921739 -0.010179454 -0.007264223 0.660731792 0.010349881 0.999662638 0.023822509 -1.727565050 0.007019272 -0.023895832 0.999689817 64.992462158
0.999913394 -0.010890363 -0.007388652 0.679130554 0.011059573 0.999668181 0.023260612 -1.717447758 0.007132885 -0.023340315 0.999702156 65.536705017
0.999923706 -0.010216795 -0.006939320 0.689644873 0.010378108 0.999666989 0.023622099 -1.722012043 0.006695668 -0.023692314 0.999696910 66.076576233
0.999918103 -0.010147546 -0.007794241 0.738850653 0.010330711 0.999662638 0.023830684 -1.724265814 0.007549789 -0.023909256 0.999685645 66.628730774
0.999909937 -0.010742441 -0.008034720 0.708113313 0.010932467 0.999652326 0.023993103 -1.737417459 0.007774182 -0.024078785 0.999679863 67.042098999
0.999916971 -0.010754403 -0.007096735 0.684384644 0.010922526 0.999650061 0.024092916 -1.749744534 0.006835148 -0.024168430 0.999684572 67.596656799
0.999924898 -0.009812910 -0.007344031 0.708823800 0.009985980 0.999664128 0.023912342 -1.759096026 0.007106915 -0.023983883 0.999687135 68.116783142
0.999917984 -0.010417476 -0.007444420 0.719352663 0.010592882 0.999657571 0.023924492 -1.753238559 0.007192639 -0.024001386 0.999686062 68.668708801
0.999927402 -0.009678931 -0.007175668 0.713353634 0.009851712 0.999652505 0.024447665 -1.761993170 0.006936548 -0.024516586 0.999675393 69.175445557
0.999911845 -0.010441628 -0.008205031 0.757081926 0.010636753 0.999652743 0.024108758 -1.756042838 0.007950445 -0.024193907 0.999675691 69.574890137
0.999908447 -0.010877381 -0.008054485 0.761055112 0.011071002 0.999641061 0.024397792 -1.760981798 0.007786208 -0.024484729 0.999669909 70.128509521
0.999898434 -0.011504048 -0.008412850 0.781195998 0.011701353 0.999648392 0.023792157 -1.767140269 0.008136188 -0.023888184 0.999681532 70.681640625
0.999950647 -0.006848359 -0.007200097 0.798255861 0.007019590 0.999686480 0.024031518 -1.794836521 0.007033262 -0.024080876 0.999685347 71.107093811
0.999915183 -0.009953266 -0.008392528 0.838682353 0.010148784 0.999670267 0.023585398 -1.781748533 0.008155010 -0.023668574 0.999686599 71.710380554
0.999911070 -0.010713222 -0.007939102 0.764275253 0.010903229 0.999645472 0.024289219 -1.757127047 0.007676071 -0.024373619 0.999673545 72.201141357
0.999904752 -0.011292847 -0.007929281 0.772946417 0.011481822 0.999641061 0.024206081 -1.758908510 0.007653081 -0.024294818 0.999675512 72.754798889
0.999904275 -0.011191098 -0.008133942 0.781986117 0.011378061 0.999663472 0.023314955 -1.744816184 0.007870284 -0.023405274 0.999695003 73.229446411
0.999892712 -0.011936543 -0.008487659 0.789401591 0.012137237 0.999638319 0.024000719 -1.750350952 0.008198101 -0.024101162 0.999675930 73.714286804
0.999893188 -0.011808791 -0.008607562 0.830260336 0.012012076 0.999640763 0.023960738 -1.767244935 0.008321521 -0.024061572 0.999675870 74.168693542
0.999905884 -0.011325462 -0.007737920 0.751270294 0.011510698 0.999637723 0.024329217 -1.759527087 0.007459578 -0.024416002 0.999674082 74.772163391
0.999906898 -0.011249034 -0.007714153 0.751378775 0.011435148 0.999633789 0.024522344 -1.771921635 0.007435476 -0.024608275 0.999669492 75.300277710
0.999895453 -0.011871284 -0.008256699 0.758249700 0.012066630 0.999638438 0.024025975 -1.758739471 0.007968495 -0.024123093 0.999677241 75.837928772
0.999892950 -0.012214189 -0.008051278 0.763781190 0.012400872 0.999645472 0.023559621 -1.743590832 0.007760663 -0.023656946 0.999690056 76.405250549
0.999897301 -0.011953421 -0.007903091 0.776720285 0.012137019 0.999647617 0.023606503 -1.733707428 0.007618126 -0.023700001 0.999690175 76.884605408
0.999919951 -0.010345765 -0.007273572 0.733892739 0.010521273 0.999643922 0.024520179 -1.756997108 0.007017303 -0.024594747 0.999672890 77.345794678
0.999924898 -0.010238107 -0.006725490 0.741883755 0.010399537 0.999647558 0.024422919 -1.756227255 0.006473075 -0.024491027 0.999679089 77.905136108
0.999915957 -0.011334394 -0.006296415 0.758065999 0.011483280 0.999642730 0.024135794 -1.760260940 0.006020600 -0.024206068 0.999688923 78.454841614
0.999938488 -0.010294883 -0.004123425 0.748405576 0.010392784 0.999646425 0.024470296 -1.757016182 0.003870049 -0.024511645 0.999692082 78.909179688
0.999943674 -0.010271424 -0.002656069 0.743810177 0.010332693 0.999654055 0.024186613 -1.752843022 0.002406720 -0.024212694 0.999704003 79.452964783
0.999936402 -0.011057744 -0.002171532 0.762978196 0.011107038 0.999645948 0.024177995 -1.741002679 0.001903409 -0.024200575 0.999705315 79.959617615
0.999943912 -0.010530440 0.001088353 0.768635452 0.010501048 0.999652386 0.024183821 -1.753057122 -0.001342642 -0.024171038 0.999706924 80.459274292
0.999938607 -0.009982360 0.004817646 0.784876347 0.009862785 0.999657631 0.024236364 -1.748232722 -0.005057933 -0.024187362 0.999694586 80.996131897
0.999917567 -0.009715218 0.008392311 0.800708234 0.009512441 0.999669790 0.023873182 -1.749088287 -0.008621472 -0.023791388 0.999679744 81.551055908
0.999877453 -0.010299806 0.011790419 0.841219544 0.010017459 0.999667466 0.023760717 -1.737477422 -0.012031229 -0.023639694 0.999648213 82.039779663
0.999793887 -0.008586797 0.018397728 0.864927471 0.008131933 0.999662876 0.024657635 -1.773731709 -0.018603256 -0.024502942 0.999526620 82.574737549
0.999669790 -0.010913621 0.023264490 0.881606698 0.010349283 0.999652505 0.024241483 -1.760854483 -0.023520974 -0.023992704 0.999435425 83.146179199
0.999501348 -0.010317249 0.029843997 0.906288862 0.009585909 0.999652743 0.024545629 -1.757469893 -0.030086882 -0.024247305 0.999253094 83.699607849
0.999209285 -0.010264651 0.038413122 0.926992893 0.009353275 0.999672234 0.023830550 -1.737566710 -0.038645148 -0.023452414 0.998977780 84.276763916
0.998837233 -0.009230591 0.047317799 0.984252453 0.008080474 0.999668598 0.024440125 -1.761343479 -0.047527719 -0.024029357 0.998580873 84.795867920
0.998520494 -0.010465108 0.053361297 1.041903257 0.009110963 0.999631822 0.025557334 -1.772536516 -0.053609114 -0.025033349 0.998248160 85.260375977
0.998049915 -0.010242064 0.061575331 1.118135452 0.008709477 0.999646723 0.025106739 -1.805331945 -0.061810732 -0.024521489 0.997786582 85.874656677
0.997373164 -0.010718454 0.071636945 1.153281689 0.008945575 0.999646842 0.025023291 -1.762367249 -0.071879856 -0.024316726 0.997116864 86.324012756
0.996642053 -0.010590899 0.081194393 1.207298756 0.008587079 0.999650836 0.024988897 -1.761659861 -0.081430689 -0.024207765 0.996385038 86.875938416
0.995931566 -0.010892781 0.089451507 1.255500317 0.008734646 0.999662042 0.024482436 -1.753232002 -0.089687966 -0.023601506 0.995690286 87.485786438
0.994974077 -0.010570724 0.099573381 1.358164310 0.008143167 0.999660432 0.024754541 -1.767849207 -0.099801235 -0.023819281 0.994722307 88.045066833
0.993912339 -0.011211112 0.109601967 1.397061348 0.008527874 0.999653041 0.024919851 -1.744889975 -0.109843329 -0.023833476 0.993663073 88.525543213
0.992800176 -0.011298181 0.119248189 1.479826927 0.008339725 0.999645650 0.025279209 -1.755445004 -0.119491532 -0.024102708 0.992542624 89.063919067
0.991441429 -0.011625595 0.130034134 1.573866844 0.008453155 0.999653697 0.024922384 -1.742873192 -0.130278841 -0.023609886 0.991196275 89.610633850
0.989767253 -0.011677451 0.142212510 1.660221100 0.008200618 0.999653578 0.025009772 -1.751633644 -0.142455295 -0.023587625 0.989520073 90.172943115
0.988249063 -0.012347818 0.152352676 1.784584045 0.008641721 0.999651015 0.024964025 -1.759993315 -0.152607784 -0.023354081 0.988010883 90.697952271
0.986534774 -0.010212972 0.163232610 1.855716705 0.006150511 0.999659061 0.025373606 -1.737965584 -0.163436070 -0.024027977 0.986261249 91.328292847
0.984416366 -0.010923862 0.175514206 1.976157188 0.006678726 0.999671161 0.024759386 -1.734993219 -0.175726950 -0.023201328 0.984165490 91.868247986
0.982252598 -0.012047048 0.187175065 2.118977547 0.007555822 0.999666572 0.024689751 -1.741263628 -0.187410101 -0.022837309 0.982016206 92.408706665
0.980255663 -0.013136786 0.197297245 2.269295692 0.008395196 0.999655902 0.024849974 -1.751150608 -0.197555780 -0.022702975 0.980028629 92.933013916
0.977446258 -0.012799362 0.210796416 2.421779633 0.007639062 0.999651372 0.025276177 -1.766783953 -0.211046413 -0.023095815 0.977203190 93.461219788
0.973957658 -0.010650259 0.226479709 2.477226257 0.005042373 0.999666512 0.025325237 -1.697034597 -0.226673871 -0.023523709 0.973686576 94.096313477
0.971304953 -0.011454385 0.237561613 2.627889633 0.005686664 0.999672532 0.024949953 -1.694119453 -0.237769574 -0.022883080 0.971051991 94.644790649
0.968361616 -0.012206768 0.249252498 2.821300507 0.006019145 0.999654889 0.025571844 -1.706888199 -0.249478608 -0.023262503 0.968100846 95.173583984
0.964454651 -0.010923006 0.264022559 2.979017258 0.004414711 0.999671876 0.025231306 -1.684295654 -0.264211506 -0.023168867 0.964186549 95.715393066
0.960974157 -0.011813032 0.276385695 3.157764435 0.004973794 0.999664128 0.025433214 -1.691545486 -0.276593268 -0.023065981 0.960710287 96.229324341
0.957887292 -0.014003986 0.286802411 3.358533859 0.006951214 0.999648213 0.025594549 -1.695329428 -0.287059963 -0.022523070 0.957647860 96.757057190
0.953364313 -0.012938697 0.301544726 3.530246735 0.005432883 0.999654531 0.025716618 -1.702480078 -0.301773310 -0.022879051 0.953105211 97.303527832
0.948849320 -0.012765859 0.315470755 3.734893799 0.004844779 0.999653280 0.025880260 -1.701299429 -0.315691769 -0.023028085 0.948582292 97.842109680
0.945002019 -0.012983874 0.326806486 3.936706543 0.005074997 0.999673486 0.025041586 -1.680789709 -0.327024966 -0.022005809 0.944759429 98.339370728
0.940441787 -0.013359433 0.339692146 4.140985489 0.004847510 0.999652863 0.025894018 -1.712374449 -0.339920253 -0.022705153 0.940180123 98.931625366
0.935306370 -0.013003062 0.353599757 4.363151550 0.003998395 0.999649107 0.026184339 -1.709748507 -0.353816211 -0.023076547 0.935030162 99.456642151
0.930609465 -0.014191863 0.365738332 4.592184067 0.004832922 0.999637246 0.026492031 -1.716430664 -0.365981668 -0.022886153 0.930340588 99.972663879
0.925907612 -0.014277817 0.377480030 4.831085205 0.004848697 0.999652326 0.025917677 -1.707018375 -0.377718866 -0.022167090 0.925654888 100.483985901
0.920203269 -0.014629364 0.391167283 5.075439453 0.004262784 0.999616623 0.027356904 -1.737947702 -0.391417503 -0.023506453 0.919912934 100.944992065
0.914652586 -0.016057260 0.403921664 5.302341461 0.005394191 0.999606669 0.027522990 -1.758845091 -0.404204696 -0.022995148 0.914379478 101.401565552
0.909779787 -0.014925783 0.414822876 5.554046631 0.003982563 0.999621153 0.027233001 -1.728763580 -0.415072203 -0.023123978 0.909494579 101.911712646
0.904178441 -0.015600102 0.426869929 5.761169434 0.004145422 0.999606252 0.027750272 -1.736954689 -0.427134782 -0.023321642 0.903887033 102.349060059
0.897844672 -0.016836636 0.439990342 6.047973633 0.005312579 0.999610126 0.027410138 -1.759097099 -0.440280318 -0.022272564 0.897584081 102.846275330
0.890837431 -0.013061088 0.454134494 6.277542114 0.001790936 0.999679863 0.025238063 -1.623350620 -0.454318732 -0.021669682 0.890575588 103.532707214
0.885335863 -0.014049288 0.464739829 6.554004669 0.002389706 0.999667764 0.025667969 -1.631259680 -0.464945972 -0.021614183 0.885075033 103.996063232
0.877870739 -0.014119162 0.478689462 6.834136963 0.002143179 0.999671161 0.025555370 -1.629554987 -0.478892863 -0.021408396 0.877612293 104.485168457
0.870642662 -0.014282192 0.491708726 7.129421234 0.001876435 0.999667585 0.025713881 -1.637016773 -0.491912484 -0.021464946 0.870379984 104.982757568
0.864762068 -0.016479658 0.501911521 7.369960785 0.003387805 0.999630094 0.026984673 -1.666180849 -0.502170563 -0.021634938 0.864497960 105.390136719
