1.000000000 0.000000000 0.000000000 0.000000000 0.000000000 1.000000000 0.000000000 0.000000000 0.000000000 0.000000000 1.000000000 0.000000000
1.000000000 -0.000061401 -0.000205245 0.004820712 0.000061433 1.000000000 0.000158230 -0.003775806 0.000205236 -0.000158242 0.999999940 -0.003902777
1.000000000 0.000038432 0.000004710 0.000810085 -0.000038432 1.000000000 0.000072088 -0.002749519 -0.000004708 -0.000072089 1.000000000 -0.003182133
1.000000000 -0.000108780 -0.000149468 0.006435816 0.000108807 1.000000000 0.000186989 -0.003015065 0.000149448 -0.000187005 1.000000000 -0.004516772
1.000000000 -0.000038738 -0.000054701 0.000916648 0.000038741 1.000000000 0.000047913 -0.000504706 0.000054699 -0.000047915 1.000000000 0.000111922
1.000000000 -0.000027162 0.000060310 -0.000658121 0.000027161 1.000000000 0.000014251 -0.001682231 -0.000060310 -0.000014249 1.000000000 -0.001525822
1.000000000 -0.000099996 -0.000146442 0.004987803 0.000100023 1.000000000 0.000183305 -0.003328229 0.000146424 -0.000183320 1.000000000 -0.007237589
1.000000000 -0.000126522 -0.000075624 -0.000372201 0.000126525 1.000000000 0.000029734 0.000276544 0.000075620 -0.000029744 1.000000000 0.000378209
1.000000000 0.000007012 -0.000086617 0.002565642 -0.000007004 1.000000000 0.000090830 -0.003429749 0.000086618 -0.000090829 1.000000000 -0.009063902
1.000000000 0.000026103 0.000036909 0.000640250 -0.000026106 1.000000000 0.000103947 -0.002695835 -0.000036907 -0.000103948 1.000000000 -0.005619207
1.000000000 0.000117626 0.000088710 -0.001165795 -0.000117631 1.000000000 0.000047538 -0.000961935 -0.000088704 -0.000047548 1.000000000 -0.005088309
1.000000000 -0.000107478 -0.000024383 -0.000482799 0.000107480 1.000000000 0.000090536 -0.003843374 0.000024373 -0.000090538 1.000000000 -0.008589249
1.000000000 -0.000064943 -0.000005571 0.000345483 0.000064944 1.000000000 0.000058775 -0.001864157 0.000005567 -0.000058775 1.000000000 -0.006179029
1.000000000 -0.000070247 -0.000019315 0.000591192 0.000070249 1.000000000 0.000091646 -0.002055647 0.000019309 -0.000091647 1.000000000 -0.005953619
1.000000000 -0.000228771 -0.000085150 0.001499373 0.000228787 0.999999940 0.000187180 -0.002484618 0.000085107 -0.000187200 1.000000000 -0.008121328
0.999999940 -0.000257696 -0.000120603 -0.000533682 0.000257711 0.999999940 0.000125024 -0.002826173 0.000120571 -0.000125055 1.000000000 -0.009035028
1.000000000 -0.000167127 0.000025208 0.000002133 0.000167125 1.000000000 0.000052252 -0.001152863 -0.000025217 -0.000052247 1.000000000 -0.008018030
1.000000000 0.000054706 0.000003034 0.001978659 -0.000054707 1.000000000 0.000184239 -0.003555785 -0.000003024 -0.000184239 1.000000000 -0.011538473
1.000000000 -0.000228455 -0.000073235 0.001939852 0.000228466 0.999999940 0.000149468 -0.004773283 0.000073201 -0.000149484 1.000000000 -0.010265250
1.000000000 -0.000217990 -0.000046907 0.002369127 0.000217996 0.999999940 0.000127471 -0.005383364 0.000046879 -0.000127481 1.000000000 -0.012281314
1.000000000 -0.000066979 -0.000039022 0.002929199 0.000066988 0.999999940 0.000241375 -0.005708362 0.000039005 -0.000241377 0.999999940 -0.013882492
1.000000000 0.000031425 0.000047932 -0.000529478 -0.000031431 1.000000000 0.000112337 -0.001104291 -0.000047929 -0.000112339 1.000000000 -0.006803708
0.999999940 -0.000219778 -0.000158249 0.004635625 0.000219804 0.999999940 0.000166089 -0.003481587 0.000158213 -0.000166124 1.000000000 -0.012838545
1.000000000 -0.000197615 -0.000093806 0.003119455 0.000197640 0.999999940 0.000267202 -0.004493481 0.000093753 -0.000267220 0.999999940 -0.010433845
1.000000000 -0.000073974 -0.000135548 0.005986786 0.000074002 1.000000000 0.000201392 -0.003423669 0.000135533 -0.000201402 1.000000000 -0.015795026
1.000000000 -0.000083655 -0.000043697 0.000731202 0.000083664 1.000000000 0.000204758 -0.003242764 0.000043680 -0.000204762 1.000000000 -0.013817132
1.000000000 -0.000087248 -0.000019217 -0.001548238 0.000087252 1.000000000 0.000205696 -0.004857669 0.000019199 -0.000205697 1.000000000 -0.015334135
1.000000000 -0.000077807 -0.000002476 -0.001204899 0.000077807 1.000000000 0.000192364 -0.003240895 0.000002461 -0.000192365 1.000000000 -0.009567580
0.999999940 -0.000249763 -0.000153949 -0.000134970 0.000249784 0.999999940 0.000137679 0.000279635 0.000153915 -0.000137717 1.000000000 -0.007409660
1.000000000 -0.000127933 -0.000106751 0.001773483 0.000127955 1.000000000 0.000201684 -0.002475648 0.000106725 -0.000201698 1.000000000 -0.009600483
1.000000000 -0.000139924 0.000022706 -0.001272648 0.000139921 1.000000000 0.000123493 -0.001618888 -0.000022723 -0.000123490 1.000000000 -0.003075558
0.999999940 -0.000233879 -0.000090355 -0.001591871 0.000233900 0.999999940 0.000229609 -0.002700512 0.000090301 -0.000229630 0.999999940 -0.009506287
0.999999940 -0.000191461 -0.000156622 0.002235048 0.000191502 0.999999940 0.000259415 -0.003601535 0.000156572 -0.000259445 0.999999940 -0.014228464
1.000000000 -0.000043055 -0.000125119 -0.000030870 0.000043065 1.000000000 0.000078590 -0.000937968 0.000125116 -0.000078595 1.000000000 -0.005733418
1.000000000 -0.000094631 -0.000072468 -0.001038773 0.000094636 1.000000000 0.000071975 -0.000657002 0.000072461 -0.000071982 1.000000000 -0.007059348
1.000000000 -0.000189197 -0.000070120 -0.001729738 0.000189196 1.000000000 -0.000020398 0.000480416 0.000070124 0.000020384 1.000000000 -0.010793660
0.999999940 -0.000264056 -0.000203568 0.003651006 0.000264071 0.999999940 0.000071908 -0.001098271 0.000203549 -0.000071961 1.000000000 -0.009759359
1.000000000 -0.000216725 -0.000045548 0.000747158 0.000216727 1.000000000 0.000037762 0.000177688 0.000045540 -0.000037772 1.000000000 -0.008466061
1.000000000 -0.000031187 -0.000056955 -0.000605123 0.000031203 0.999999940 0.000280754 -0.002570565 0.000056946 -0.000280755 0.999999940 -0.012027378
0.999999940 -0.000214369 -0.000250200 0.005066709 0.000214412 0.999999940 0.000170569 -0.005840109 0.000250164 -0.000170622 0.999999940 -0.006846019
1.000000000 0.000002898 -0.000172828 0.008215468 -0.000002969 0.999999940 -0.000412606 -0.008818218 0.000172827 0.000412607 0.999999881 0.042026605
1.000000000 -0.000036233 -0.000186801 0.008140588 0.000035987 0.999999106 -0.001317291 -0.003201190 0.000186848 0.001317284 0.999999106 0.144050896
1.000000000 -0.000053143 -0.000045222 0.004612038 0.000053078 0.999998987 -0.001423660 -0.010183894 0.000045298 0.001423658 0.999998987 0.263868809
0.999999940 -0.000292798 0.000210132 0.001803669 0.000293056 0.999999225 -0.001229304 -0.016389906 -0.000209771 0.001229366 0.999999225 0.384916693
1.000000000 0.000160831 -0.000016137 0.005604148 -0.000160849 0.999999344 -0.001129712 -0.022143312 0.000015956 0.001129714 0.999999344 0.534793258
1.000000000 0.000102907 0.000025985 0.016344944 -0.000102876 0.999999285 -0.001178881 -0.026428897 -0.000026106 0.001178878 0.999999285 0.681622028
1.000000000 0.000070176 0.000205088 0.027209498 -0.000070019 0.999999702 -0.000762336 -0.035412591 -0.000205142 0.000762322 0.999999702 0.853665471
1.000000000 -0.000089835 0.000161168 0.023683911 0.000089923 0.999999821 -0.000548015 -0.038510893 -0.000161119 0.000548029 0.999999821 1.022659540
0.999999821 0.000211567 0.000555873 0.013373713 -0.000211176 0.999999702 -0.000702604 -0.038527489 -0.000556022 0.000702486 0.999999583 1.200525045
0.999999940 0.000134897 0.000305928 0.032170817 -0.000134761 0.999999881 -0.000444757 -0.053631712 -0.000305988 0.000444715 0.999999881 1.420008779
0.999999821 0.000335451 0.000510297 0.031416088 -0.000335141 0.999999762 -0.000608826 -0.057683785 -0.000510501 0.000608655 0.999999702 1.611382008
0.999999642 0.000409316 0.000703231 0.038981661 -0.000409135 0.999999881 -0.000257294 -0.069358744 -0.000703336 0.000257006 0.999999702 1.810278773
0.999997914 -0.001350052 0.001520716 0.014612339 0.001348219 0.999998391 0.001205526 -0.075916357 -0.001522341 -0.001203473 0.999998093 1.886146307
0.999997556 -0.001005992 0.001996240 0.018433403 0.001003902 0.999998987 0.001047796 -0.081314526 -0.001997292 -0.001045790 0.999997437 2.110732317
0.999997735 -0.000360621 0.002079584 0.016995881 0.000358317 0.999999344 0.001108162 -0.083084524 -0.002079982 -0.001107415 0.999997199 2.320386648
0.999998331 -0.001053309 0.001491748 0.030662041 0.001051312 0.999998569 0.001338904 -0.096480064 -0.001493157 -0.001337333 0.999997973 2.551014662
0.999998152 -0.000764772 0.001786829 0.032338820 0.000761814 0.999998391 0.001655712 -0.102174178 -0.001788093 -0.001654348 0.999997020 2.787808657
0.999998331 -0.000750261 0.001669860 0.043461997 0.000747683 0.999998510 0.001543973 -0.107110620 -0.001671016 -0.001542722 0.999997437 3.020236492
0.999997795 -0.001035922 0.001831012 0.039916720 0.001033347 0.999998450 0.001406575 -0.109402321 -0.001832466 -0.001404679 0.999997318 3.281312227
0.999998510 -0.001348381 0.001178077 0.050986089 0.001346660 0.999998033 0.001461043 -0.124570400 -0.001180044 -0.001459454 0.999998212 3.448213816
0.999998927 -0.000912776 0.001182867 0.051340450 0.000910940 0.999998450 0.001551434 -0.130893797 -0.001184281 -0.001550355 0.999998093 3.696447611
0.999997973 -0.001873328 0.000706990 0.069159292 0.001872178 0.999996901 0.001623803 -0.138293073 -0.000710030 -0.001622476 0.999998391 3.972988367
0.999999046 -0.000746314 0.001229408 0.064038195 0.000744086 0.999998093 0.001811645 -0.143004149 -0.001230758 -0.001810729 0.999997556 4.231228828
0.999997556 -0.002132790 0.000535507 0.066343427 0.002131430 0.999994457 0.002528401 -0.168211877 -0.000540897 -0.002527254 0.999996662 4.414119244
0.999997020 -0.002392635 0.000500377 0.077715032 0.002391239 0.999993324 0.002772194 -0.176261514 -0.000507007 -0.002770989 0.999996066 4.675993919
0.999997497 -0.002058087 0.000817714 0.082761042 0.002056024 0.999994755 0.002515882 -0.178967521 -0.000822888 -0.002514195 0.999996483 4.932553291
0.999997199 -0.002122533 0.001009943 0.070041269 0.002119740 0.999993920 0.002758416 -0.191183880 -0.001015792 -0.002756268 0.999995708 5.223277569
0.999997258 -0.001313886 0.001950741 0.052759845 0.001308366 0.999995112 0.002828683 -0.215216279 -0.001954448 -0.002826123 0.999994040 5.376235962
0.999996781 -0.001085441 0.002301418 0.054440781 0.001078843 0.999995291 0.002866388 -0.223696455 -0.002304518 -0.002863896 0.999993265 5.652022839
0.999996483 -0.000930016 0.002475760 0.060440712 0.000922906 0.999995470 0.002871690 -0.233103558 -0.002478419 -0.002869395 0.999992847 5.927689075
0.999996305 -0.001144817 0.002497954 0.064610377 0.001137667 0.999995291 0.002861942 -0.241275936 -0.002501219 -0.002859090 0.999992788 6.206007481
0.999996364 -0.001586947 0.002195826 0.075947724 0.001580405 0.999994338 0.002977462 -0.254999012 -0.002200538 -0.002973980 0.999993205 6.498767376
0.999996722 -0.002091082 0.001493104 0.080182262 0.002087099 0.999994218 0.002664026 -0.255917013 -0.001498666 -0.002660901 0.999995291 6.742957592
0.999997318 -0.002047371 0.001138763 0.096156664 0.002044089 0.999993742 0.002875981 -0.275812089 -0.001144644 -0.002873645 0.999995232 7.037778854
0.999996901 -0.001977935 0.001505530 0.100947753 0.001973766 0.999994218 0.002765768 -0.280845106 -0.001510991 -0.002762788 0.999994993 7.371465206
0.999997318 -0.001674179 0.001638897 0.098272748 0.001668791 0.999993205 0.003283603 -0.285152256 -0.001644383 -0.003280859 0.999993265 7.684097767
0.999997020 -0.001501929 0.001925547 0.101281665 0.001496759 0.999995291 0.002683324 -0.277164578 -0.001929568 -0.002680434 0.999994516 7.999186516
0.999993920 -0.002957324 0.001852090 0.078439280 0.002949911 0.999987602 0.003992666 -0.322672606 -0.001863875 -0.003987178 0.999990284 8.244352341
0.999992371 -0.003454106 0.001825498 0.082848571 0.003446945 0.999986351 0.003911191 -0.329907358 -0.001838983 -0.003904869 0.999990642 8.579039574
0.999994040 -0.002605156 0.002224084 0.094115004 0.002596113 0.999988377 0.004059262 -0.343709677 -0.002234634 -0.004053464 0.999989271 8.904125214
0.999993265 -0.003166039 0.001865001 0.104034312 0.003157918 0.999985635 0.004341440 -0.352594525 -0.001878719 -0.004335521 0.999988794 9.265458107
0.999994516 -0.002758949 0.001821119 0.113956533 0.002750621 0.999985814 0.004559642 -0.356099516 -0.001833673 -0.004554607 0.999987900 9.601356506
0.999995530 -0.002627173 0.001425725 0.116781816 0.002621423 0.999988496 0.004019767 -0.371019423 -0.001436269 -0.004016012 0.999990880 9.889102936
0.999995351 -0.002828226 0.001179275 0.127700731 0.002823114 0.999986708 0.004314368 -0.379433751 -0.001191462 -0.004311018 0.999989986 10.258091927
0.999994576 -0.003002382 0.001329839 0.130435899 0.002996308 0.999985218 0.004545957 -0.388205767 -0.001343468 -0.004541948 0.999988794 10.636417389
0.999993980 -0.003180479 0.001413431 0.141933993 0.003174617 0.999986529 0.004130422 -0.392921865 -0.001426548 -0.004125910 0.999990463 11.031507492
0.999993026 -0.003584057 0.001092065 0.164153785 0.003579806 0.999986112 0.003870473 -0.392823219 -0.001105922 -0.003866537 0.999991894 11.423469543
0.999995291 -0.002723502 0.001419517 0.175667211 0.002716529 0.999984384 0.004891116 -0.413614392 -0.001432815 -0.004887237 0.999987006 11.816832542
0.999995708 -0.002353189 0.001697439 0.148361117 0.002344766 0.999985039 0.004946734 -0.453047693 -0.001709054 -0.004942733 0.999986291 12.068789482
0.999995053 -0.002868490 0.001278612 0.163318723 0.002862089 0.999983490 0.004980235 -0.458035082 -0.001292877 -0.004976551 0.999986768 12.463143349
0.999996126 -0.002324593 0.001493949 0.174471080 0.002316979 0.999984443 0.005077976 -0.473126918 -0.001505730 -0.005074495 0.999985993 12.868704796
0.999996126 -0.001374183 0.002384837 0.182139874 0.001361195 0.999984324 0.005439079 -0.485660940 -0.002392274 -0.005435813 0.999982417 13.292805672
0.999996901 -0.001279229 0.002091202 0.182551026 0.001266822 0.999981701 0.005923481 -0.506249905 -0.002098741 -0.005920814 0.999980330 13.683696747
0.999992251 -0.003309284 0.002131300 0.190229759 0.003295467 0.999973714 0.006454037 -0.549882770 -0.002152602 -0.006446963 0.999976873 14.117909431
0.999992549 -0.002905294 0.002558847 0.201257944 0.002887892 0.999972820 0.006778097 -0.561848640 -0.002578470 -0.006770656 0.999973714 14.519499779
0.999990582 -0.003686298 0.002288212 0.213435456 0.003670164 0.999968588 0.007015329 -0.574773312 -0.002314001 -0.007006864 0.999972761 14.948084831
0.999991179 -0.002200796 0.003570970 0.218762010 0.002173930 0.999969304 0.007509821 -0.596224129 -0.003587389 -0.007501991 0.999965429 15.397440910
0.999988735 -0.001773189 0.004418456 0.200360417 0.001738020 0.999966800 0.007950693 -0.614686251 -0.004432407 -0.007942924 0.999958575 15.870224953
0.999987960 -0.003437648 0.003499713 0.228090003 0.003410302 0.999963820 0.007789880 -0.634666562 -0.003526365 -0.007777852 0.999963462 16.276161194
0.999989212 -0.002503214 0.003928582 0.237764180 0.002475859 0.999972761 0.006952520 -0.634507239 -0.003945879 -0.006942718 0.999968052 16.745960236
0.999990284 -0.002176954 0.003858270 0.249634102 0.002147616 0.999968827 0.007592071 -0.651574254 -0.003874679 -0.007583712 0.999963760 17.207696915
0.999985814 -0.002947869 0.004438436 0.263000250 0.002910043 0.999959588 0.008504879 -0.667639613 -0.004463328 -0.008491842 0.999953985 17.664321899
0.999984860 -0.002781290 0.004754231 0.282843113 0.002742292 0.999962687 0.008189915 -0.672396123 -0.004776832 -0.008176753 0.999955177 18.151708603
0.999987304 -0.002960182 0.004095757 0.302015722 0.002925837 0.999960601 0.008366258 -0.679929554 -0.004120362 -0.008354167 0.999956608 18.626306534
0.999986231 -0.002858783 0.004393870 0.306128532 0.002824193 0.999965072 0.007858486 -0.682799876 -0.004416183 -0.007845969 0.999959528 19.161397934
0.999985218 -0.002722619 0.004703274 0.313474357 0.002679840 0.999955118 0.009078095 -0.725033462 -0.004727780 -0.009065357 0.999947667 19.584119797
0.999985516 -0.002695813 0.004657915 0.314764619 0.002654750 0.999957681 0.008799583 -0.731910467 -0.004681441 -0.008787090 0.999950409 20.091651917
0.999983430 -0.003089407 0.004852063 0.327327788 0.003040696 0.999945223 0.010014662 -0.757476747 -0.004882737 -0.009999742 0.999938130 20.589960098
0.999985993 -0.003692092 0.003777946 0.350776106 0.003656043 0.999948084 0.009504790 -0.777970374 -0.003812843 -0.009490846 0.999947667 21.126712799
0.999987245 -0.003727695 0.003380027 0.337069243 0.003694729 0.999945939 0.009707368 -0.782690287 -0.003416031 -0.009694757 0.999947250 21.600898743
0.999990344 -0.002303594 0.003707398 0.362699568 0.002264089 0.999940872 0.010624846 -0.822223902 -0.003731655 -0.010616351 0.999936700 22.072700500
0.999985516 -0.004366850 0.003121987 0.315208346 0.004334325 0.999937057 0.010349944 -0.841609955 -0.003166987 -0.010336268 0.999941587 22.616264343
0.999987781 -0.004609110 0.001753222 0.331111193 0.004590653 0.999935508 0.010389819 -0.854608536 -0.001800996 -0.010381646 0.999944568 23.146448135
0.999987304 -0.004704062 0.001806432 0.333233804 0.004685035 0.999935031 0.010396955 -0.869160414 -0.001855223 -0.010388360 0.999944329 23.699541092
0.999995589 -0.002811432 0.000937659 0.338744015 0.002801361 0.999940157 0.010575125 -0.875756979 -0.000967335 -0.010572452 0.999943614 24.270969391
0.999993861 -0.003542484 0.000145858 0.335689694 0.003540789 0.999940395 0.010329113 -0.890531600 -0.000182440 -0.010328531 0.999946654 24.844461441
0.999991715 -0.004092783 -0.000083270 0.339094698 0.004093438 0.999934733 0.010661280 -0.897522807 0.000039630 -0.010661529 0.999943137 25.390085220
0.999989986 -0.004448226 -0.000594743 0.351801544 0.004454249 0.999934554 0.010541379 -0.902726531 0.000547814 -0.010543923 0.999944329 25.936172485
0.999985218 -0.005125680 -0.001819541 0.388614744 0.005146831 0.999916911 0.011816426 -0.917429924 0.001758823 -0.011825617 0.999928534 26.486127853
0.999983668 -0.005356731 -0.001955354 0.369913310 0.005379171 0.999917567 0.011657474 -0.951974273 0.001892747 -0.011667800 0.999930143 27.042243958
0.999983311 -0.005336242 -0.002197370 0.381100893 0.005362087 0.999914467 0.011928980 -0.970416903 0.002133526 -0.011940564 0.999926448 27.594764709
0.999986708 -0.004534963 -0.002460914 0.390103668 0.004563261 0.999922097 0.011618265 -0.966667771 0.002408033 -0.011629339 0.999929488 28.148311615
0.999976933 -0.005889308 -0.003396156 0.410801709 0.005929414 0.999911308 0.011922658 -0.984059691 0.003325638 -0.011942518 0.999923170 28.679851532
0.999977648 -0.005532814 -0.003766870 0.428492069 0.005580955 0.999901354 0.012892327 -0.995226264 0.003695168 -0.012913062 0.999909759 29.236938477
0.999976456 -0.005310779 -0.004342777 0.431268603 0.005361780 0.999915779 0.011817892 -0.991949439 0.004279650 -0.011840899 0.999920726 29.726427078
0.999976039 -0.005190020 -0.004589420 0.448798180 0.005244154 0.999915898 0.011863085 -1.012761116 0.004527465 -0.011886868 0.999919057 30.253080368
0.999972761 -0.005495699 -0.004918015 0.452596307 0.005555273 0.999910355 0.012182834 -1.021673441 0.004850620 -0.012209823 0.999913692 30.830131531
0.999970853 -0.005795795 -0.004996848 0.469317913 0.005863133 0.999890745 0.013568389 -1.065322757 0.004917662 -0.013597290 0.999895394 31.340257645
0.999968529 -0.005879268 -0.005331407 0.479825526 0.005948588 0.999896824 0.013080969 -1.067281485 0.005253949 -0.013112271 0.999900162 31.869083405
0.999962389 -0.006657532 -0.005562779 0.484824270 0.006734053 0.999881327 0.013852365 -1.082254887 0.005469896 -0.013889303 0.999888539 32.391456604
0.999975204 -0.005044740 -0.004919336 0.459563047 0.005115561 0.999881804 0.014491673 -1.119386792 0.004845648 -0.014516478 0.999882817 32.884441376
0.999962926 -0.006345634 -0.005824151 0.475063920 0.006429060 0.999875307 0.014418894 -1.110523343 0.005731928 -0.014455804 0.999879062 33.515373230
0.999960303 -0.006409517 -0.006186582 0.478374541 0.006497031 0.999877632 0.014230941 -1.121827483 0.006094612 -0.014270573 0.999879599 34.102684021
0.999955952 -0.007030732 -0.006209152 0.475080818 0.007121729 0.999865711 0.014756788 -1.134463787 0.006104566 -0.014800359 0.999871850 34.612834930
0.999950171 -0.007201738 -0.006904059 0.494068772 0.007305996 0.999857783 0.015196736 -1.153242707 0.006793635 -0.015246420 0.999860704 35.150768280
0.999955356 -0.006558905 -0.006808333 0.492633730 0.006659091 0.999868274 0.014798176 -1.171105266 0.006710377 -0.014842849 0.999867320 35.709442139
0.999959946 -0.006231163 -0.006412463 0.472225755 0.006329769 0.999860227 0.015473710 -1.193690062 0.006315148 -0.015513680 0.999859691 36.260864258
0.999956369 -0.006604304 -0.006597406 0.495431274 0.006707113 0.999854445 0.015684607 -1.197630763 0.006492860 -0.015728172 0.999855161 36.825092316
0.999948859 -0.007498941 -0.006790518 0.487025708 0.007606771 0.999843121 0.015995381 -1.213178277 0.006669504 -0.016046215 0.999849021 37.375205994
0.999949574 -0.007150636 -0.007048431 0.478515625 0.007265391 0.999839187 0.016392002 -1.236097813 0.006930084 -0.016442385 0.999840736 37.845695496
0.999934316 -0.009017298 -0.007077499 0.480859458 0.009135039 0.999817431 0.016783673 -1.275358677 0.006924863 -0.016847230 0.999834061 38.415023804
0.999923289 -0.009360665 -0.008113936 0.525800884 0.009503435 0.999797463 0.017739639 -1.322815657 0.007946238 -0.017815391 0.999809682 38.995502472
0.999924242 -0.009272586 -0.008103638 0.502883673 0.009410369 0.999808908 0.017133050 -1.292779207 0.007943221 -0.017208012 0.999820411 39.525825500
0.999921560 -0.009297192 -0.008398407 0.543772578 0.009441754 0.999805033 0.017340530 -1.323946953 0.008235551 -0.017418468 0.999814332 40.089485168
0.999911189 -0.010208072 -0.008568139 0.535230815 0.010355860 0.999795198 0.017385116 -1.344704628 0.008388916 -0.017472304 0.999812186 40.630771637
0.999918401 -0.009402421 -0.008648321 0.565637946 0.009545987 0.999814749 0.016711703 -1.317789555 0.008489589 -0.016792899 0.999822974 41.212291718
0.999905169 -0.010067184 -0.009396063 0.580453157 0.010228467 0.999798417 0.017277790 -1.348140955 0.009220229 -0.017372262 0.999806523 41.767410278
0.999910355 -0.009733861 -0.009196364 0.544030905 0.009891964 0.999801338 0.017305814 -1.333368540 0.009026084 -0.017395236 0.999807954 42.251728058
0.999896646 -0.011133648 -0.009103664 0.532999992 0.011300921 0.999764383 0.018533992 -1.357416153 0.008895166 -0.018634954 0.999786735 42.747673035
0.999925971 -0.009177373 -0.007992509 0.541881800 0.009321770 0.999790490 0.018220553 -1.383049250 0.007823618 -0.018293707 0.999802053 43.224037170
0.999924123 -0.009204086 -0.008195736 0.542439461 0.009352988 0.999788463 0.018319035 -1.391401291 0.008025393 -0.018394297 0.999798656 43.758655548
0.999922037 -0.009141931 -0.008515157 0.557378709 0.009288690 0.999806166 0.017357873 -1.381418705 0.008354823 -0.017435612 0.999813080 44.312469482
0.999907792 -0.009928231 -0.009263582 0.561847806 0.010091526 0.999791503 0.017750688 -1.386289001 0.009085417 -0.017842537 0.999799490 44.819477081
0.999931812 -0.008710069 -0.007781775 0.562289476 0.008848434 0.999800086 0.017926766 -1.405458450 0.007624077 -0.017994400 0.999809027 45.377849579
0.999924660 -0.009273274 -0.008047282 0.576354325 0.009415717 0.999796331 0.017847057 -1.412765741 0.007880142 -0.017921479 0.999808311 45.917949677
0.999932706 -0.008379896 -0.008023310 0.568291783 0.008517565 0.999814391 0.017281160 -1.419833422 0.007877007 -0.017348334 0.999818444 46.469173431
0.999929905 -0.008652868 -0.008079377 0.547926426 0.008791775 0.999811292 0.017318513 -1.414978147 0.007927997 -0.017388327 0.999817371 46.985229492
0.999934435 -0.008383150 -0.007796184 0.600523591 0.008530701 0.999781311 0.019089317 -1.455446959 0.007634452 -0.019154567 0.999787390 47.471443176
0.999939740 -0.008044383 -0.007481444 0.601413846 0.008184503 0.999787986 0.018890727 -1.463391900 0.007327892 -0.018950820 0.999793589 48.024982452
0.999935567 -0.008441964 -0.007590352 0.611198068 0.008585631 0.999780774 0.019098606 -1.473813772 0.007427457 -0.019162541 0.999788821 48.561046600
0.999931574 -0.008278629 -0.008261430 0.627027869 0.008432566 0.999788046 0.018775806 -1.470968604 0.008104242 -0.018844184 0.999789655 49.124065399
0.999932647 -0.008318086 -0.008089557 0.618609071 0.008470283 0.999784172 0.018965395 -1.484891653 0.007930055 -0.019032637 0.999787450 49.683322906
0.999931514 -0.008606659 -0.007927147 0.614523113 0.008761581 0.999767125 0.019720631 -1.496956348 0.007755572 -0.019788735 0.999774098 50.140487671
0.999931514 -0.008438043 -0.008107249 0.632637501 0.008595731 0.999770641 0.019616406 -1.499300838 0.007939864 -0.019684749 0.999774754 50.694549561
0.999927282 -0.008696771 -0.008352003 0.637294531 0.008856999 0.999773741 0.019342821 -1.499175668 0.008181893 -0.019415390 0.999778032 51.229660034
0.999928772 -0.008539949 -0.008330813 0.632466495 0.008708299 0.999754250 0.020385826 -1.522768617 0.008154669 -0.020456921 0.999757469 51.687110901
0.999924123 -0.009053411 -0.008357350 0.636953473 0.009219393 0.999756634 0.020040568 -1.519605517 0.008173880 -0.020116096 0.999764204 52.228080750
0.999933183 -0.008558055 -0.007778007 0.623157740 0.008711878 0.999762714 0.019962780 -1.534444809 0.007605319 -0.020029204 0.999770522 52.780769348
0.999928594 -0.008779872 -0.008113825 0.637390256 0.008941772 0.999757171 0.020137521 -1.545549631 0.007935051 -0.020208629 0.999764323 53.324966431
0.999928176 -0.008720326 -0.008221506 0.621412873 0.008884831 0.999756694 0.020189827 -1.533356309 0.008043442 -0.020261422 0.999762356 53.789306641
0.999930799 -0.008348680 -0.008289638 0.629370570 0.008514263 0.999760866 0.020144628 -1.537622333 0.008119475 -0.020213816 0.999762714 54.341278076
0.999925792 -0.008919819 -0.008299144 0.622398257 0.009083042 0.999761939 0.019842146 -1.542649031 0.008120179 -0.019916054 0.999768734 54.880424500
0.999932170 -0.008619003 -0.007833268 0.628746092 0.008772681 0.999765575 0.019800825 -1.544799209 0.007660767 -0.019868199 0.999773264 55.437557220
0.999939084 -0.008093300 -0.007503971 0.616265893 0.008245863 0.999755263 0.020528041 -1.566294312 0.007335997 -0.020588668 0.999761224 55.829036713
0.999932468 -0.008443612 -0.007986265 0.629332542 0.008603307 0.999759436 0.020177878 -1.564040780 0.007813971 -0.020245226 0.999764442 56.356567383
0.999938130 -0.008033099 -0.007693372 0.635353029 0.008183523 0.999772012 0.019724904 -1.568272233 0.007533166 -0.019786639 0.999775827 56.931789398
0.999944687 -0.007573916 -0.007293453 0.622045040 0.007716917 0.999774575 0.019782418 -1.573630810 0.007141978 -0.019837607 0.999777675 57.467105865
0.999940038 -0.007997151 -0.007479848 0.630795836 0.008143974 0.999770701 0.019809391 -1.572468519 0.007319713 -0.019869119 0.999775767 57.995429993
0.999925792 -0.008748988 -0.008476638 0.647866964 0.008918821 0.999755979 0.020209180 -1.593035698 0.008297761 -0.020283280 0.999759972 58.389633179
0.999937892 -0.008227848 -0.007518786 0.654764295 0.008379696 0.999756992 0.020392556 -1.600230932 0.007349172 -0.020454295 0.999763846 58.939987183
0.999931872 -0.008508842 -0.007989535 0.667297006 0.008665659 0.999766290 0.019802714 -1.586232424 0.007819169 -0.019870598 0.999771953 59.491386414
0.999923527 -0.009278856 -0.008165456 0.688861251 0.009436500 0.999765754 0.019484181 -1.583313704 0.007982753 -0.019559747 0.999776840 60.060539246
0.999941766 -0.007722368 -0.007539841 0.698817194 0.007868889 0.999776900 0.019600445 -1.600768209 0.007386798 -0.019658633 0.999779522 60.599258423
0.999931753 -0.008749266 -0.007740490 0.647230029 0.008909984 0.999740362 0.020978579 -1.632687688 0.007554932 -0.021046113 0.999749959 60.981315613
0.999931157 -0.008929352 -0.007616099 0.658255577 0.009085108 0.999745131 0.020667305 -1.639203429 0.007429615 -0.020735074 0.999757469 61.507366180
0.999937415 -0.008461453 -0.007320353 0.653370559 0.008609193 0.999755085 0.020391706 -1.628769875 0.007146016 -0.020453449 0.999765277 62.031044006
0.999940753 -0.008426028 -0.006888873 0.641096115 0.008564040 0.999758244 0.020256281 -1.639030933 0.006716527 -0.020314077 0.999771059 62.623908997
0.999920428 -0.009747864 -0.007997176 0.666268408 0.009915345 0.999726534 0.021177473 -1.659077406 0.007788554 -0.021255080 0.999743760 63.093326569
0.999914825 -0.010034828 -0.008347170 0.674417675 0.010211238 0.999719501 0.021367071 -1.661140680 0.008130415 -0.021450480 0.999736905 63.644832611
0.999925971 -0.009010513 -0.008168048 0.676867485 0.009176535 0.999747336 0.020521410 -1.665026665 0.007981077 -0.020594850 0.999756098 64.172843933
0.999932587 -0.008932427 -0.007418952 0.677582800 0.009082014 0.999751031 0.020379873 -1.672423005 0.007235062 -0.020445876 0.999764800 64.714660645
0.999923706 -0.009539548 -0.007855197 0.745004952 0.009695482 0.999751806 0.020058228 -1.632536769 0.007661901 -0.020132856 0.999768019 65.150070190
0.999924302 -0.009767055 -0.007480346 0.660817027 0.009925707 0.999720156 0.021474289 -1.686851025 0.007268512 -0.021546915 0.999741435 65.682876587
0.999929368 -0.009510041 -0.007130500 0.663973689 0.009665045 0.999710739 0.022028387 -1.694826841 0.006918948 -0.022095749 0.999731958 66.235054016
0.999919951 -0.009911089 -0.007858428 0.684564292 0.010077373 0.999720037 0.021410786 -1.683990359 0.007644023 -0.021488264 0.999739826 66.792640686
0.999911904 -0.010586859 -0.008006246 0.706435919 0.010750377 0.999728680 0.020664377 -1.675785303 0.007785304 -0.020748628 0.999754429 67.339141846
0.999918401 -0.010163381 -0.007736264 0.716682374 0.010321362 0.999733329 0.020662533 -1.682181239 0.007524198 -0.020740695 0.999756575 67.857208252
0.999938786 -0.008006054 -0.007633458 0.702648163 0.008164900 0.999745905 0.021010282 -1.692630768 0.007463309 -0.021071324 0.999750137 68.297782898
0.999934256 -0.008318762 -0.007884583 0.716886461 0.008483570 0.999741316 0.021104898 -1.700616956 0.007706976 -0.021170402 0.999746203 68.851448059
0.999936104 -0.007957733 -0.008026385 0.732954860 0.008126718 0.999741197 0.021245601 -1.709288239 0.007855240 -0.021309473 0.999742091 69.418640137
0.999930680 -0.008123824 -0.008518489 0.786795497 0.008302776 0.999741018 0.021186791 -1.706288338 0.008344165 -0.021256050 0.999739230 69.881706238
0.999932826 -0.008522390 -0.007856642 0.754689395 0.008686642 0.999739349 0.021114552 -1.721572161 0.007674648 -0.021181382 0.999746263 70.484245300
0.999900520 -0.011053205 -0.008762120 0.787258327 0.011238046 0.999709249 0.021334389 -1.717773438 0.008523761 -0.021430742 0.999733925 70.799385071
0.999921679 -0.009627173 -0.008002738 0.783839941 0.009798501 0.999717534 0.021652540 -1.722362638 0.007792025 -0.021729263 0.999733508 71.333953857
0.999931693 -0.008846785 -0.007631548 0.778300047 0.009008201 0.999730766 0.021382600 -1.723487735 0.007440326 -0.021449890 0.999742270 71.921981812
0.999932587 -0.008650137 -0.007742916 0.804029942 0.008814942 0.999729812 0.021509638 -1.736067057 0.007554763 -0.021576444 0.999738634 72.420501709
0.999912977 -0.010356913 -0.008170831 0.821615458 0.010529956 0.999714971 0.021427277 -1.746769190 0.007946581 -0.021511456 0.999737024 72.936927795
0.999924958 -0.009635167 -0.007562444 0.817191958 0.009794645 0.999724269 0.021342305 -1.748537421 0.007354720 -0.021414781 0.999743700 73.451622009
0.999899745 -0.011329303 -0.008494832 0.818143427 0.011511144 0.999698877 0.021671774 -1.736735940 0.008246749 -0.021767387 0.999728978 73.779464722
0.999904037 -0.011007785 -0.008419528 0.825429440 0.011188174 0.999702156 0.021686599 -1.744700432 0.008178299 -0.021778710 0.999729335 74.315567017
0.999904990 -0.010888268 -0.008451832 0.847291648 0.011061387 0.999724269 0.020713897 -1.750802875 0.008223964 -0.020805417 0.999749601 74.902366638
0.999875128 -0.012884141 -0.009159977 0.852264941 0.013068969 0.999706268 0.020412784 -1.731060505 0.008894286 -0.020529943 0.999749601 75.453643799
0.999891639 -0.011762362 -0.008847266 0.839296818 0.011944296 0.999712288 0.020800134 -1.745439410 0.008600061 -0.020903556 0.999744475 75.959716797
0.999898851 -0.011456899 -0.008423366 0.845212877 0.011634180 0.999705255 0.021307645 -1.761968136 0.008176764 -0.021403493 0.999737501 76.450027466
0.999888241 -0.012150474 -0.008717170 0.856425643 0.012334641 0.999695003 0.021393815 -1.762594104 0.008454567 -0.021498948 0.999733150 76.990394592
0.999882996 -0.012366327 -0.009001902 0.858520567 0.012553940 0.999698699 0.021092191 -1.761231184 0.008738358 -0.021202732 0.999736965 77.521209717
0.999885798 -0.012319677 -0.008748611 0.864908159 0.012500178 0.999703705 0.020886108 -1.763510823 0.008488710 -0.020993082 0.999743581 78.044952393
0.999909580 -0.011515488 -0.006947838 0.845691860 0.011660079 0.999708474 0.021142218 -1.754870534 0.006702350 -0.021221315 0.999752283 78.620422363
0.999920070 -0.011510513 -0.005226163 0.850479364 0.011617146 0.999715030 0.020853639 -1.766565800 0.004984637 -0.020912685 0.999768913 79.176765442
0.999921381 -0.011697239 -0.004513854 0.863004625 0.011788141 0.999716878 0.020666543 -1.765436649 0.004270834 -0.020718129 0.999776244 79.759346008
0.999927342 -0.011606338 -0.003249806 0.865406334 0.011674448 0.999694407 0.021788066 -1.780100822 0.002995933 -0.021824429 0.999757349 80.187820435
0.999938607 -0.011081797 -0.000105196 0.878318965 0.011081412 0.999693871 0.022122825 -1.794080734 -0.000139997 -0.022122633 0.999755263 80.738273621
0.999935746 -0.010839742 0.003298406 0.900053620 0.010763255 0.999691546 0.022385105 -1.803140879 -0.003540038 -0.022348166 0.999743998 81.316612244
0.999917746 -0.011326152 0.006015038 0.915349841 0.011196546 0.999713480 0.021160426 -1.760982990 -0.006252980 -0.021091333 0.999758005 81.863594055
0.999879599 -0.011740827 0.010145817 0.908136606 0.011519311 0.999699771 0.021622706 -1.777851105 -0.010396641 -0.021503232 0.999714732 82.349822998
0.999807417 -0.011009782 0.016240675 0.922457397 0.010659344 0.999711812 0.021508709 -1.774245739 -0.016472802 -0.021331454 0.999636769 82.924209595
0.999690652 -0.012196847 0.021677082 0.976684630 0.011731320 0.999700546 0.021474564 -1.768310308 -0.021932513 -0.021213623 0.999534428 83.438591003
0.999543071 -0.012083203 0.027705865 0.992677808 0.011471585 0.999689341 0.022129077 -1.781003237 -0.027964648 -0.021801138 0.999371171 84.016883850
0.999275327 -0.012515687 0.035948999 1.026380301 0.011732768 0.999691069 0.021907710 -1.769195318 -0.036212090 -0.021470053 0.999113500 84.539115906
0.998975337 -0.012465180 0.043507405 1.123346567 0.011497978 0.999682724 0.022410620 -1.786101103 -0.043772962 -0.021887409 0.998801708 84.995872498
0.998617887 -0.011012680 0.051392131 1.156160831 0.009858930 0.999694884 0.022649663 -1.795502305 -0.051625874 -0.022111686 0.998421729 85.532302856
0.998135030 -0.012199676 0.059813134 1.220983505 0.010879891 0.999691188 0.022341363 -1.792576551 -0.060067225 -0.021648936 0.997959554 86.068191528
0.997549951 -0.014204950 0.068500176 1.288836479 0.012697778 0.999668717 0.022387886 -1.787678719 -0.068795502 -0.021463238 0.997399807 86.674850464
0.996875465 -0.014023207 0.077734262 1.348757267 0.012347681 0.999681830 0.021993432 -1.820846200 -0.078017950 -0.020964876 0.996731460 87.228073120
0.996155679 -0.012516256 0.086701736 1.344115257 0.010528686 0.999671996 0.023343731 -1.833476067 -0.086965479 -0.022341128 0.995960772 87.690521240
0.995171249 -0.011646564 0.097460724 1.420660019 0.009408227 0.999681950 0.023394713 -1.834897518 -0.097702213 -0.022364806 0.994964361 88.234176636
0.994048178 -0.011250705 0.108359031 1.485657692 0.008794605 0.999694109 0.023117609 -1.825145960 -0.108585969 -0.022027044 0.993842959 88.811279297
0.992941439 -0.010991283 0.118095443 1.567384720 0.008334655 0.999701440 0.022965984 -1.827649355 -0.118312627 -0.021819593 0.992736638 89.396026611
0.991671503 -0.012765337 0.128158867 1.680809021 0.009890486 0.999685585 0.023043342 -1.824966431 -0.128412738 -0.021583870 0.991485894 89.929466248
0.990072012 -0.013030956 0.139955819 1.793468475 0.009825220 0.999673843 0.023571933 -1.818763018 -0.140217304 -0.021962814 0.989877105 90.621749878
0.988447487 -0.013633701 0.150948793 1.901679993 0.010278606 0.999682844 0.022984719 -1.815280437 -0.151214287 -0.021167649 0.988274276 91.174201965
0.986979485 -0.013760777 0.160256833 2.014617920 0.010155973 0.999677062 0.023291349 -1.819531679 -0.160525605 -0.021360518 0.986800492 91.711425781
0.984868586 -0.014406393 0.172702745 2.131424904 0.010504477 0.999668956 0.023485979 -1.817479610 -0.172983915 -0.021316454 0.984693885 92.274009705
0.982596219 -0.013363773 0.185273081 2.251852036 0.008972424 0.999658942 0.024520272 -1.827350616 -0.185537577 -0.022431178 0.982381165 92.845794678
0.980692029 -0.015151467 0.194971159 2.432376862 0.010645428 0.999651849 0.024138477 -1.826462507 -0.195269018 -0.021596858 0.980511844 93.387542725
0.977526665 -0.012527385 0.210439160 2.427995682 0.007559305 0.999673784 0.024396008 -1.782916069 -0.210676163 -0.022256978 0.977302492 93.959259033
0.974419057 -0.012169076 0.224408850 2.574167252 0.006842295 0.999676466 0.024499374 -1.781856060 -0.224634379 -0.022337189 0.974187016 94.486549377
0.971824348 -0.013643855 0.235310957 2.729223251 0.008158817 0.999672174 0.024267657 -1.779650211 -0.235564917 -0.021664040 0.971617162 95.022438049
0.968987525 -0.013896993 0.246718287 2.924541473 0.008083230 0.999665558 0.024561608 -1.779648304 -0.246977150 -0.021805614 0.968775809 95.549873352
0.964897454 -0.012973142 0.262306362 3.067138672 0.006690247 0.999669254 0.024831455 -1.774637699 -0.262541801 -0.022204913 0.964665115 96.216934204
0.961293519 -0.012678181 0.275234371 3.237140656 0.006053391 0.999671459 0.024905795 -1.776564360 -0.275459707 -0.022275681 0.961054444 96.748222351
0.958267987 -0.014665833 0.285494626 3.436523438 0.007847424 0.999656320 0.025012240 -1.786316395 -0.285763264 -0.021728031 0.958053887 97.248062134
0.953954577 -0.014091080 0.299619883 3.601984024 0.006774053 0.999653220 0.025445752 -1.785245419 -0.299874544 -0.022244453 0.953719258 97.814559937
0.949377000 -0.013193631 0.313861758 3.864116669 0.005377594 0.999653757 0.025755597 -1.793762922 -0.314092904 -0.022763953 0.949119270 98.467636108
0.945667386 -0.014326130 0.324819952 4.078760147 0.006504278 0.999662340 0.025153656 -1.784839869 -0.325070679 -0.021674272 0.945441246 98.987495422
0.941106617 -0.014069510 0.337817013 4.274436951 0.005549369 0.999642074 0.026173716 -1.800121546 -0.338064253 -0.022757588 0.940847754 99.500473022
0.936076701 -0.014905082 0.351480246 4.503280640 0.006226317 0.999647498 0.025809476 -1.804778576 -0.351741016 -0.021971220 0.935839474 100.009506226
0.931336045 -0.016395304 0.363791525 4.719114304 0.007466390 0.999635696 0.025936864 -1.808167458 -0.364084214 -0.021439727 0.931119204 100.574172974
0.926656604 -0.014769662 0.375618696 4.946371078 0.005209113 0.999636352 0.026455645 -1.809938669 -0.375872880 -0.022558659 0.926396549 101.076492310
0.920733094 -0.015134335 0.389899343 5.216873169 0.005154610 0.999632061 0.026629305 -1.795989275 -0.390158921 -0.022508705 0.920472383 101.658981323
0.915192783 -0.014816782 0.402743995 5.463405609 0.004621488 0.999644041 0.026274648 -1.798462152 -0.402990013 -0.022185093 0.914935529 102.149917603
0.910329700 -0.016258569 0.413564265 5.706607819 0.005850258 0.999633729 0.026421407 -1.790600061 -0.413842410 -0.021632742 0.910091519 102.649299622
0.904917121 -0.017069383 0.425245374 5.966999054 0.006357741 0.999626040 0.026595864 -1.790292978 -0.425540388 -0.021363456 0.904687226 103.150375366
0.898335040 -0.017998792 0.438942164 6.224491119 0.006954819 0.999617696 0.026755586 -1.806553125 -0.439256042 -0.020982718 0.898116887 103.631195068
0.892055273 -0.016932881 0.451608986 6.519195557 0.005302879 0.999621212 0.027005685 -1.803508282 -0.451895207 -0.021695737 0.891807139 104.222679138
0.886107445 -0.017307732 0.463156551 6.789863586 0.005287836 0.999614954 0.027238037 -1.801388025 -0.463449687 -0.021686735 0.885857821 104.710296631
0.879099667 -0.018219646 0.476289570 7.076400757 0.005904854 0.999608755 0.027339585 -1.803565502 -0.476601362 -0.021221802 0.878863275 105.181472778
0.872031927 -0.017363720 0.489140928 7.425704956 0.004719341 0.999622405 0.027071429 -1.804179668 -0.489426285 -0.021298731 0.871784449 105.697647095
