1.000000000 0.000000000 0.000000000 0.000000000 0.000000000 1.000000000 0.000000000 0.000000000 0.000000000 0.000000000 1.000000000 0.000000000
1.000000000 0.000110520 0.000103833 -0.003501362 -0.000110507 1.000000000 -0.000127515 0.003029995 -0.000103847 0.000127503 1.000000000 0.003732060
1.000000000 0.000169925 0.000066119 -0.002269529 -0.000169921 1.000000000 -0.000063933 0.002108701 -0.000066130 0.000063921 1.000000000 0.001685652
0.999999940 0.000264394 0.000061878 0.000614019 -0.000264389 0.999999940 -0.000081331 0.002126651 -0.000061899 0.000081315 1.000000000 -0.001195670
1.000000000 0.000071028 -0.000035881 0.003248352 -0.000071034 1.000000000 -0.000148690 0.002422951 0.000035870 0.000148692 1.000000000 -0.002389944
1.000000000 0.000062344 -0.000031937 0.001152353 -0.000062346 1.000000000 -0.000044417 0.001560494 0.000031934 0.000044419 1.000000000 -0.001398257
1.000000000 0.000208806 0.000066959 -0.002179534 -0.000208794 0.999999940 -0.000184303 0.002437887 -0.000066997 0.000184289 1.000000000 -0.000107875
1.000000000 0.000072012 0.000027276 -0.000152492 -0.000072011 1.000000000 -0.000027911 0.002041039 -0.000027278 0.000027909 1.000000000 -0.000874026
0.999999940 0.000176822 0.000231076 -0.006550286 -0.000176779 0.999999940 -0.000184030 0.003341061 -0.000231109 0.000183989 0.999999940 0.004998608
1.000000000 0.000132836 0.000125941 -0.003431400 -0.000132817 1.000000000 -0.000155240 0.001919378 -0.000125961 0.000155223 1.000000000 -0.000342189
1.000000000 0.000168912 0.000027601 0.001112089 -0.000168913 1.000000000 0.000012817 0.001170185 -0.000027599 -0.000012821 1.000000000 -0.004115967
1.000000000 -0.000013118 -0.000040091 0.000987730 0.000013117 1.000000000 -0.000012481 0.000475209 0.000040091 0.000012480 1.000000000 -0.007036550
1.000000000 0.000135620 0.000118668 -0.003676158 -0.000135614 1.000000000 -0.000048671 0.000679324 -0.000118674 0.000048655 1.000000000 -0.004049102
1.000000000 -0.000015745 0.000050008 -0.001482707 0.000015747 1.000000000 -0.000029348 0.000725166 -0.000050008 0.000029349 1.000000000 -0.000453642
1.000000000 0.000087553 0.000067969 -0.000512215 -0.000087547 1.000000000 -0.000079095 0.001259572 -0.000067976 0.000079089 1.000000000 -0.003356688
1.000000000 -0.000045640 -0.000022386 0.001204565 0.000045640 1.000000000 0.000013390 0.000130380 0.000022385 -0.000013391 1.000000000 -0.004419345
1.000000000 0.000017332 0.000037855 -0.002234390 -0.000017329 1.000000000 -0.000081560 0.001156410 -0.000037856 0.000081560 1.000000000 -0.002269854
1.000000000 -0.000004625 0.000037453 -0.000004293 0.000004625 1.000000000 -0.000000063 -0.000457476 -0.000037453 0.000000063 1.000000000 -0.007390270
1.000000000 0.000013248 -0.000035113 0.000921350 -0.000013249 1.000000000 -0.000035502 0.001358539 0.000035112 0.000035502 1.000000000 -0.006542095
1.000000000 -0.000151709 0.000000545 -0.000822113 0.000151709 1.000000000 0.000029558 -0.001031337 -0.000000550 -0.000029558 1.000000000 -0.006556509
1.000000000 -0.000001194 0.000072604 -0.000918468 0.000001193 1.000000000 0.000012061 -0.000252216 -0.000072604 -0.000012060 1.000000000 -0.006678937
1.000000000 -0.000096602 0.000028796 -0.000007937 0.000096600 1.000000000 0.000041134 -0.000719987 -0.000028800 -0.000041131 1.000000000 -0.004217139
1.000000000 0.000083161 0.000136716 -0.006037576 -0.000083141 1.000000000 -0.000148281 0.002427765 -0.000136728 0.000148269 1.000000000 0.001807007
1.000000000 0.000000002 -0.000014074 0.000898638 -0.000000003 1.000000000 -0.000086901 0.001129671 0.000014074 0.000086901 1.000000000 -0.001853623
1.000000000 -0.000007446 0.000064136 -0.001902138 0.000007449 1.000000000 -0.000049363 0.002146931 -0.000064136 0.000049364 1.000000000 0.000168763
1.000000000 -0.000099873 -0.000118740 0.003078398 0.000099863 1.000000000 -0.000086835 0.002970109 0.000118749 0.000086823 1.000000000 -0.007445378
1.000000000 -0.000126259 0.000037107 -0.001808307 0.000126258 1.000000000 0.000026650 0.001388380 -0.000037110 -0.000026645 1.000000000 -0.005322930
1.000000000 0.000184210 0.000043466 -0.001299891 -0.000184206 1.000000000 -0.000097660 0.000910896 -0.000043484 0.000097652 1.000000000 -0.007159401
1.000000000 0.000008498 0.000061743 -0.003485269 -0.000008494 1.000000000 -0.000064391 0.001042901 -0.000061744 0.000064390 1.000000000 -0.002503241
1.000000000 -0.000124444 0.000019955 -0.003167003 0.000124446 1.000000000 -0.000088120 0.004145406 -0.000019944 0.000088122 1.000000000 0.002948647
1.000000000 -0.000022376 0.000040054 -0.003854369 0.000022376 1.000000000 -0.000021760 0.001368008 -0.000040053 0.000021760 1.000000000 -0.001162576
1.000000000 -0.000037565 0.000030692 -0.003261975 0.000037564 1.000000000 0.000056174 0.000240151 -0.000030694 -0.000056173 1.000000000 -0.001627553
1.000000000 -0.000095077 0.000077858 -0.004587708 0.000095076 1.000000000 0.000014574 0.000736382 -0.000077859 -0.000014567 1.000000000 -0.002122351
1.000000000 -0.000146350 -0.000007596 -0.001879187 0.000146350 1.000000000 0.000075092 0.000194311 0.000007585 -0.000075093 1.000000000 -0.004724870
1.000000000 0.000149318 0.000094127 -0.002897460 -0.000149306 1.000000000 -0.000126276 0.002162093 -0.000094146 0.000126262 1.000000000 -0.000716768
1.000000000 0.000069804 0.000109696 -0.004917633 -0.000069798 1.000000000 -0.000052590 0.001697424 -0.000109700 0.000052583 1.000000000 -0.000957598
1.000000000 -0.000045279 -0.000104044 0.001329977 0.000045287 1.000000000 0.000067865 -0.000879773 0.000104041 -0.000067869 1.000000000 -0.011644026
1.000000000 0.000024702 0.000056103 -0.003294110 -0.000024692 1.000000000 -0.000163905 0.003442603 -0.000056107 0.000163903 1.000000000 -0.000878314
1.000000000 -0.000077170 0.000100278 -0.004289411 0.000077176 1.000000000 -0.000067666 0.002037519 -0.000100273 0.000067674 1.000000000 -0.000318684
1.000000000 -0.000063462 -0.000036084 -0.000186561 0.000063463 1.000000000 0.000027336 0.000034654 0.000036082 -0.000027338 1.000000000 -0.008877649
1.000000000 -0.000172516 -0.000004778 -0.001567930 0.000172516 1.000000000 0.000009499 0.000125442 0.000004776 -0.000009500 1.000000000 0.000007559
1.000000000 -0.000060326 0.000059385 0.001678605 0.000060362 0.999999821 -0.000611160 -0.003562170 -0.000059348 0.000611164 0.999999821 0.050311711
1.000000000 -0.000107301 0.000012533 0.001785763 0.000107318 0.999999166 -0.001308134 -0.002494017 -0.000012393 0.001308135 0.999999166 0.144778088
1.000000000 0.000012937 0.000067830 0.003816667 -0.000012835 0.999998868 -0.001499756 -0.010550843 -0.000067849 0.001499755 0.999998868 0.261880904
1.000000000 0.000077582 0.000134268 0.003158921 -0.000077408 0.999999166 -0.001293775 -0.018626669 -0.000134368 0.001293765 0.999999166 0.389464587
1.000000000 0.000056881 -0.000081836 0.006707017 -0.000056968 0.999999404 -0.001064485 -0.020638524 0.000081776 0.001064490 0.999999404 0.533456802
0.999999940 0.000184855 0.000303630 0.005272232 -0.000184558 0.999999523 -0.000978705 -0.033059187 -0.000303811 0.000978649 0.999999464 0.682998121
1.000000000 0.000056995 0.000170174 0.010996589 -0.000056885 0.999999762 -0.000649340 -0.034586336 -0.000170211 0.000649330 0.999999762 0.858670950
1.000000000 -0.000006575 -0.000202918 0.024166320 0.000006464 0.999999821 -0.000547218 -0.038444486 0.000202921 0.000547217 0.999999821 1.027493834
0.999999940 0.000182317 0.000209308 0.016844677 -0.000182207 0.999999821 -0.000525251 -0.042838499 -0.000209404 0.000525213 0.999999821 1.196244121
1.000000000 -0.000183838 -0.000002415 0.033347219 0.000183837 0.999999940 -0.000213835 -0.050334137 0.000002454 0.000213834 1.000000000 1.412575006
0.999999642 -0.000368702 -0.000740105 0.047666535 0.000368780 0.999999940 0.000105757 -0.064400785 0.000740066 -0.000106030 0.999999702 1.587202907
0.999999940 -0.000095071 -0.000244640 0.041268565 0.000095124 1.000000000 0.000218124 -0.059713043 0.000244619 -0.000218147 0.999999940 1.777070045
0.999998093 -0.001952680 0.000080236 0.013335136 0.001952534 0.999996483 0.001780315 -0.104054511 -0.000083712 -0.001780155 0.999998391 1.957911134
0.999997079 -0.002417745 -0.000063595 0.022492174 0.002417852 0.999995530 0.001749665 -0.108153619 0.000059365 -0.001749814 0.999998450 2.186161518
0.999998569 -0.001702876 0.000505224 0.016336700 0.001701939 0.999996960 0.001848635 -0.117571160 -0.000508371 -0.001847773 0.999998152 2.389361143
0.999998868 -0.001455370 0.000558326 0.021002684 0.001454285 0.999997020 0.001938124 -0.125426218 -0.000561145 -0.001937309 0.999997973 2.624731779
0.999998450 -0.001679311 0.000580598 0.027520536 0.001678156 0.999996662 0.001983043 -0.132738441 -0.000583926 -0.001982066 0.999997795 2.848212242
0.999998450 -0.001567467 0.000841519 0.027608877 0.001565733 0.999996662 0.002057393 -0.140368655 -0.000844741 -0.002056072 0.999997556 3.081149817
0.999997914 -0.001957684 0.000403198 0.033357359 0.001956806 0.999995768 0.002165929 -0.153431997 -0.000407436 -0.002165135 0.999997556 3.329124212
0.999997675 -0.002100117 0.000410482 0.042902432 0.002099127 0.999994993 0.002396059 -0.161675483 -0.000415512 -0.002395192 0.999997079 3.575488567
0.999997973 -0.001998031 0.000228312 0.052567683 0.001997513 0.999995530 0.002242716 -0.168801799 -0.000232792 -0.002242256 0.999997377 3.842516184
0.999998331 -0.001754194 0.000609159 0.051784422 0.001752843 0.999996066 0.002212047 -0.170434579 -0.000613037 -0.002210976 0.999997377 4.105048180
0.999997735 -0.001940735 0.000844082 0.044999436 0.001938311 0.999994040 0.002863965 -0.183059886 -0.000849636 -0.002862323 0.999995530 4.333014965
0.999997437 -0.002181716 0.000475752 0.058803011 0.002180406 0.999993861 0.002738255 -0.188592523 -0.000481722 -0.002737210 0.999996066 4.593729496
0.999996364 -0.002587667 0.000788112 0.068497695 0.002585340 0.999992371 0.002939096 -0.193637833 -0.000795711 -0.002937048 0.999995351 4.858551979
0.999997914 -0.001787617 0.000950371 0.080779158 0.001784774 0.999993980 0.002983063 -0.212039456 -0.000955698 -0.002981361 0.999995112 5.117555141
0.999996841 -0.002358883 0.000814996 0.055541374 0.002356223 0.999992073 0.003248918 -0.226940215 -0.000822653 -0.003246988 0.999994397 5.368497372
0.999997318 -0.002070477 0.001054962 0.059917793 0.002067224 0.999993086 0.003075572 -0.231528282 -0.001061323 -0.003073383 0.999994755 5.634799480
0.999996185 -0.002603658 0.000905763 0.064953767 0.002600658 0.999991179 0.003297566 -0.240473077 -0.000914340 -0.003295198 0.999994159 5.894546032
0.999998331 -0.001285082 0.001319973 0.068870008 0.001281039 0.999994516 0.003059293 -0.243389860 -0.001323897 -0.003057597 0.999994457 6.189300537
0.999997854 -0.001487490 0.001442010 0.067787074 0.001482380 0.999992609 0.003538458 -0.269912809 -0.001447262 -0.003536313 0.999992669 6.455233097
0.999997795 -0.001589372 0.001351215 0.076293871 0.001584712 0.999992788 0.003443098 -0.280257881 -0.001356678 -0.003440949 0.999993145 6.735967159
0.999996960 -0.001944222 0.001544420 0.079925641 0.001939074 0.999992728 0.003328018 -0.280616671 -0.001550879 -0.003325013 0.999993265 7.043396950
0.999997079 -0.002188296 0.001022025 0.099215180 0.002184581 0.999991119 0.003622408 -0.295916557 -0.001029942 -0.003620165 0.999992907 7.333693504
0.999996781 -0.002002105 0.001517745 0.092760228 0.001996889 0.999992132 0.003430659 -0.304081887 -0.001524601 -0.003427617 0.999993026 7.662006855
0.999996781 -0.002265033 0.001097109 0.099742346 0.002260392 0.999988556 0.004213126 -0.326991886 -0.001106639 -0.004210633 0.999990523 7.940960884
0.999996841 -0.002037198 0.001484730 0.105573006 0.002031316 0.999990106 0.003952288 -0.333993167 -0.001492767 -0.003949259 0.999991059 8.256090164
0.999996722 -0.002216459 0.001294807 0.112734564 0.002211200 0.999989390 0.004049190 -0.337683618 -0.001303768 -0.004046314 0.999990940 8.581213951
0.999997079 -0.001971672 0.001440457 0.115640670 0.001965747 0.999989629 0.004103444 -0.349393696 -0.001448532 -0.004100600 0.999990523 8.920104980
0.999996483 -0.002416418 0.001030704 0.118493028 0.002412346 0.999989331 0.003933146 -0.358600318 -0.001040197 -0.003930646 0.999991715 9.243292809
0.999994278 -0.003304880 0.000743794 0.131086662 0.003301806 0.999986112 0.004097023 -0.367668539 -0.000757324 -0.004094543 0.999991298 9.588372231
0.999995410 -0.002962768 0.000675515 0.139861494 0.002960119 0.999988019 0.003889498 -0.374815434 -0.000687031 -0.003887480 0.999992192 9.936312675
0.999996483 -0.002443398 0.001021385 0.138462603 0.002439057 0.999988019 0.004230956 -0.386321992 -0.001031711 -0.004228449 0.999990582 10.291501999
0.999994814 -0.003056907 0.001034686 0.146460459 0.003052283 0.999985456 0.004441231 -0.397380978 -0.001048247 -0.004438049 0.999989569 10.660449028
0.999994636 -0.002975562 0.001394395 0.148614183 0.002969048 0.999984741 0.004650444 -0.405523151 -0.001408212 -0.004646279 0.999988198 11.030437469
0.999993980 -0.003328310 0.000893793 0.159355253 0.003323618 0.999980986 0.005199857 -0.445955276 -0.000911083 -0.005196855 0.999986053 11.360138893
0.999993205 -0.003548225 0.000949165 0.167155206 0.003543405 0.999981105 0.005033147 -0.449341923 -0.000967005 -0.005029748 0.999986887 11.748486519
0.999992430 -0.003783194 0.000870601 0.185152292 0.003778399 0.999978185 0.005443705 -0.467031628 -0.000891177 -0.005440374 0.999984741 12.124571800
0.999994755 -0.002762349 0.001700736 0.177608177 0.002752666 0.999980211 0.005669414 -0.479708791 -0.001716363 -0.005664702 0.999982417 12.523955345
0.999993861 -0.003220554 0.001331549 0.193622157 0.003212941 0.999978721 0.005680922 -0.478293955 -0.001349816 -0.005676609 0.999982953 12.914716721
0.999993503 -0.003479071 0.000926710 0.199502066 0.003473775 0.999977887 0.005656519 -0.505953491 -0.000946369 -0.005653264 0.999983490 13.264649391
0.999994934 -0.002560976 0.001917186 0.199362978 0.002549950 0.999980271 0.005731661 -0.518890262 -0.001931827 -0.005726743 0.999981701 13.682374001
0.999995053 -0.002205708 0.002222156 0.208410755 0.002192455 0.999979913 0.005948929 -0.524693370 -0.002235233 -0.005944028 0.999979794 14.104606628
0.999990046 -0.003968306 0.001990362 0.226105034 0.003956170 0.999973834 0.006064752 -0.539494574 -0.002014377 -0.006056819 0.999979615 14.535065651
0.999991536 -0.003574147 0.002050925 0.224150762 0.003560713 0.999972343 0.006516733 -0.568677902 -0.002074160 -0.006509374 0.999976635 14.909813881
0.999991238 -0.003424275 0.002427216 0.235116571 0.003408023 0.999971986 0.006668217 -0.582659543 -0.002449982 -0.006659887 0.999974787 15.337877274
0.999991834 -0.002768633 0.002956483 0.243082955 0.002749061 0.999974370 0.006603600 -0.585072160 -0.002974691 -0.006595419 0.999973774 15.806859016
0.999991000 -0.002852824 0.003158503 0.254564404 0.002831133 0.999972522 0.006850617 -0.596935630 -0.003177960 -0.006841613 0.999971449 16.230121613
0.999990642 -0.002553587 0.003499103 0.261946946 0.002530242 0.999974608 0.006659761 -0.601981461 -0.003516020 -0.006650846 0.999971688 16.683473587
0.999987006 -0.003845435 0.003349279 0.271426737 0.003822225 0.999968946 0.006908729 -0.636451602 -0.003375741 -0.006895839 0.999970496 17.104076385
0.999987543 -0.003396983 0.003667653 0.281465828 0.003369170 0.999965668 0.007563177 -0.650059581 -0.003693218 -0.007550726 0.999964654 17.561239243
0.999984682 -0.003926620 0.003902711 0.290977269 0.003897801 0.999965191 0.007364990 -0.657620728 -0.003931495 -0.007349664 0.999965191 18.054939270
0.999980211 -0.004475228 0.004405431 0.306045324 0.004440236 0.999958754 0.007920861 -0.668085158 -0.004440695 -0.007901144 0.999958873 18.514186859
0.999985337 -0.003730366 0.003931289 0.317137420 0.003700310 0.999964058 0.007625005 -0.686846137 -0.003959591 -0.007610345 0.999963224 18.964647293
0.999984682 -0.004076115 0.003745055 0.334641635 0.004047874 0.999963582 0.007517896 -0.697431505 -0.003775562 -0.007502621 0.999964774 19.443790436
0.999984264 -0.004094149 0.003836683 0.343745917 0.004064276 0.999961495 0.007761982 -0.705730200 -0.003868313 -0.007746267 0.999962568 19.930179596
0.999984860 -0.003789862 0.003987515 0.342613071 0.003758352 0.999961793 0.007880199 -0.725162804 -0.004017228 -0.007865093 0.999961019 20.435606003
0.999983251 -0.004888583 0.003104928 0.376609921 0.004862087 0.999952137 0.008484610 -0.748745501 -0.003146256 -0.008469371 0.999959111 20.897068024
0.999984920 -0.004810403 0.002671570 0.386626244 0.004788042 0.999953926 0.008314255 -0.756797493 -0.002711442 -0.008301337 0.999961793 21.390369415
0.999985695 -0.004844246 0.002273141 0.402702093 0.004825105 0.999953508 0.008351804 -0.776180148 -0.002313494 -0.008340715 0.999962509 21.918607712
0.999988616 -0.004322615 0.002060684 0.425978899 0.004303936 0.999950409 0.008983868 -0.777558446 -0.002099415 -0.008974896 0.999957502 22.391016006
0.999986053 -0.004948989 0.001855433 0.385025889 0.004932650 0.999949932 0.008709501 -0.797554970 -0.001898442 -0.008700226 0.999960363 22.867790222
0.999984264 -0.005481464 0.001287169 0.394031644 0.005470347 0.999949038 0.008487598 -0.813005745 -0.001333628 -0.008480422 0.999963164 23.390481949
0.999983907 -0.005606911 0.000836519 0.406364202 0.005600115 0.999952972 0.007916695 -0.821265042 -0.000880868 -0.007911883 0.999968350 23.946660995
0.999991715 -0.004001054 0.000691748 0.384790868 0.003995441 0.999960542 0.007933279 -0.834279716 -0.000723462 -0.007930449 0.999968290 24.456563950
0.999983907 -0.005618526 -0.000677721 0.405948371 0.005624582 0.999940932 0.009292321 -0.859217465 0.000625472 -0.009295984 0.999956608 24.917198181
0.999976516 -0.006603676 -0.001801941 0.417776048 0.006619657 0.999937415 0.009012436 -0.862896264 0.001742313 -0.009024154 0.999957740 25.456333160
0.999977946 -0.006300019 -0.002067808 0.424183697 0.006319281 0.999935389 0.009444544 -0.872467816 0.002008174 -0.009457405 0.999953210 26.007305145
0.999976456 -0.006387587 -0.002498579 0.429290831 0.006412689 0.999927640 0.010170745 -0.892162979 0.002433432 -0.010186526 0.999945104 26.511320114
0.999973297 -0.006539986 -0.003257311 0.444377571 0.006571396 0.999931037 0.009727238 -0.900952458 0.003193471 -0.009748382 0.999947369 27.051820755
0.999981761 -0.005258411 -0.002977926 0.446060628 0.005286632 0.999940395 0.009549439 -0.919899225 0.002927534 -0.009565007 0.999949992 27.608943939
0.999974549 -0.006215577 -0.003508017 0.444544375 0.006249165 0.999933898 0.009646148 -0.921716452 0.003447829 -0.009667824 0.999947309 28.150926590
0.999962211 -0.007489671 -0.004413468 0.455360770 0.007535355 0.999917269 0.010427002 -0.943225622 0.004335008 -0.010459865 0.999935925 28.669902802
0.999967098 -0.006918552 -0.004247152 0.462513626 0.006964550 0.999916255 0.010912626 -0.959761262 0.004171296 -0.010941845 0.999931455 29.215457916
0.999967635 -0.006447985 -0.004803736 0.478996545 0.006495310 0.999929845 0.009902061 -0.955332041 0.004739551 -0.009932944 0.999939442 29.783163071
0.999958396 -0.007308376 -0.005449979 0.477361828 0.007362303 0.999923587 0.009941632 -0.971455574 0.005376905 -0.009981343 0.999935746 30.271789551
0.999965191 -0.006429530 -0.005303612 0.481097341 0.006481876 0.999929905 0.009912592 -0.979571700 0.005239507 -0.009946626 0.999936819 30.827140808
0.999962091 -0.006539953 -0.005758261 0.485335082 0.006596344 0.999929905 0.009829070 -0.995430112 0.005693576 -0.009866682 0.999935150 31.360698700
0.999967813 -0.005821868 -0.005534357 0.492139041 0.005874012 0.999938130 0.009452506 -1.008263826 0.005478983 -0.009484710 0.999939978 31.825996399
0.999953330 -0.007336550 -0.006278231 0.497522146 0.007399705 0.999921679 0.010096069 -1.017966986 0.006203669 -0.010142055 0.999929309 32.306926727
0.999962032 -0.006235058 -0.006077690 0.487875700 0.006298480 0.999925256 0.010472421 -1.028416395 0.006011940 -0.010510302 0.999926627 32.827476501
0.999976695 -0.004313563 -0.005288283 0.489684880 0.004367335 0.999938428 0.010199171 -1.040667892 0.005243962 -0.010222029 0.999934018 33.343791962
0.999969423 -0.004988823 -0.006024601 0.497214019 0.005048920 0.999937296 0.010001731 -1.053369284 0.005974327 -0.010031842 0.999931872 33.915847778
0.999951065 -0.006916914 -0.007065850 0.518372238 0.006991771 0.999919236 0.010625241 -1.087820888 0.006991785 -0.010674125 0.999918520 34.378566742
0.999944508 -0.007366907 -0.007528874 0.530134141 0.007446733 0.999915779 0.010630355 -1.092722654 0.007449927 -0.010685830 0.999915123 34.921962738
0.999943674 -0.007205283 -0.007794288 0.538009346 0.007289540 0.999914706 0.010836254 -1.107417107 0.007715546 -0.010892458 0.999910891 35.468208313
0.999954581 -0.005587351 -0.007733032 0.559536934 0.005667403 0.999930143 0.010369115 -1.123517513 0.007674556 -0.010412470 0.999916375 36.045227051
0.999953389 -0.005976783 -0.007584228 0.556023002 0.006050247 0.999934614 0.009700694 -1.104777575 0.007525755 -0.009746129 0.999924123 36.553993225
0.999946475 -0.006395522 -0.008140700 0.562844455 0.006471523 0.999935389 0.009343999 -1.108742952 0.008080414 -0.009396179 0.999923170 37.148181915
0.999949574 -0.006539689 -0.007615969 0.545708537 0.006621935 0.999919474 0.010824556 -1.144065022 0.007544567 -0.010874444 0.999912381 37.514167786
0.999946952 -0.006623765 -0.007890668 0.553613901 0.006705929 0.999923050 0.010432192 -1.149822831 0.007820959 -0.010484553 0.999914408 38.069458008
0.999937773 -0.007491343 -0.008257216 0.548012614 0.007582833 0.999909580 0.011104906 -1.168710113 0.008173279 -0.011166829 0.999904215 38.551551819
0.999939978 -0.006796075 -0.008595392 0.575037181 0.006878869 0.999929845 0.009639758 -1.145983696 0.008529278 -0.009698305 0.999916494 39.121154785
0.999946415 -0.006055691 -0.008394278 0.583732486 0.006140159 0.999930382 0.010073544 -1.160435200 0.008332691 -0.010124546 0.999913990 39.607841492
0.999951661 -0.005539560 -0.008113096 0.575627625 0.005613366 0.999942780 0.009102714 -1.137256861 0.008062208 -0.009147816 0.999925554 40.188156128
0.999935567 -0.007576910 -0.008450212 0.570547342 0.007671578 0.999907672 0.011227540 -1.198546767 0.008364361 -0.011291645 0.999901235 40.615364075
0.999937952 -0.007363609 -0.008360344 0.575803399 0.007460674 0.999904513 0.011639067 -1.214827061 0.008273841 -0.011700719 0.999897301 41.167373657
0.999931335 -0.007820980 -0.008724879 0.588936329 0.007923939 0.999898612 0.011829057 -1.226989269 0.008631480 -0.011897380 0.999891996 41.688571930
0.999924839 -0.008199956 -0.009120481 0.605513453 0.008304036 0.999900162 0.011432885 -1.227239370 0.009025822 -0.011507762 0.999893010 42.241470337
0.999933958 -0.007720884 -0.008508437 0.600343466 0.007819182 0.999902308 0.011580957 -1.244679213 0.008418192 -0.011646722 0.999896705 42.769489288
0.999940991 -0.006372613 -0.008798199 0.642130494 0.006459234 0.999930620 0.009852253 -1.187050819 0.008734804 -0.009908502 0.999912739 43.302658081
0.999922454 -0.008481997 -0.009110295 0.608153462 0.008588062 0.999894977 0.011666950 -1.250159740 0.009010381 -0.011744285 0.999890447 43.725238800
0.999917209 -0.008779922 -0.009402019 0.622904420 0.008886294 0.999896348 0.011332474 -1.253741503 0.009301547 -0.011415086 0.999891579 44.297466278
0.999910712 -0.009222189 -0.009668983 0.621801496 0.009330567 0.999893486 0.011224295 -1.258638978 0.009564443 -0.011313510 0.999890208 44.832454681
0.999918103 -0.008540179 -0.009526143 0.632216334 0.008651659 0.999893844 0.011723471 -1.280093193 0.009425011 -0.011804927 0.999885857 45.291095734
0.999921024 -0.008325621 -0.009407053 0.634497166 0.008431897 0.999900460 0.011314889 -1.290832520 0.009311914 -0.011393315 0.999891758 45.841430664
0.999915600 -0.008413916 -0.009897470 0.639595032 0.008516560 0.999909937 0.010374685 -1.280757308 0.009809287 -0.010458100 0.999897242 46.402561188
0.999919713 -0.008533844 -0.009365669 0.635312557 0.008640315 0.999897778 0.011387227 -1.301874876 0.009267536 -0.011467234 0.999891281 46.819881439
0.999908149 -0.009201418 -0.009950235 0.652364850 0.009316863 0.999889076 0.011618853 -1.316027164 0.009842223 -0.011710490 0.999882936 47.362014771
0.999902606 -0.009653506 -0.010087191 0.657580018 0.009774908 0.999879599 0.012056172 -1.331629515 0.009969592 -0.012153599 0.999876440 47.902221680
0.999904752 -0.009376512 -0.010123966 0.666346192 0.009488831 0.999893308 0.011103899 -1.335703611 0.010018770 -0.011198906 0.999887109 48.456314087
0.999903798 -0.009493947 -0.010112867 0.663386822 0.009607464 0.999890685 0.011236046 -1.340268731 0.010005087 -0.011332124 0.999885738 48.855751038
0.999920964 -0.008455016 -0.009311992 0.657099724 0.008559514 0.999900222 0.011239842 -1.350512028 0.009216029 -0.011318658 0.999893486 49.402194977
0.999924064 -0.008219165 -0.009182518 0.666404009 0.008321922 0.999902546 0.011208853 -1.356099606 0.009089496 -0.011284417 0.999895036 49.931610107
0.999922037 -0.007950883 -0.009629070 0.674970746 0.008058688 0.999904752 0.011209099 -1.363051653 0.009539030 -0.011285822 0.999890864 50.455165863
0.999911904 -0.008764769 -0.009959278 0.664944947 0.008877791 0.999895990 0.011361364 -1.378188848 0.009858664 -0.011448779 0.999885857 50.880119324
0.999905527 -0.009272804 -0.010141754 0.676263332 0.009390013 0.999889016 0.011571228 -1.386546850 0.010033330 -0.011665367 0.999881566 51.419170380
0.999917328 -0.008375642 -0.009754305 0.666011274 0.008479990 0.999906719 0.010705931 -1.388461471 0.009663726 -0.010787761 0.999895096 51.962032318
0.999920011 -0.008219479 -0.009613929 0.673064888 0.008323302 0.999907017 0.010809499 -1.406965375 0.009524186 -0.010888653 0.999895394 52.480075836
0.999916792 -0.008496423 -0.009708138 0.671513915 0.008608249 0.999896348 0.011535539 -1.409933448 0.009609120 -0.011618149 0.999886334 52.875308990
0.999916494 -0.008549948 -0.009691012 0.673613131 0.008656496 0.999901891 0.011006306 -1.415617466 0.009595959 -0.011089277 0.999892473 53.426841736
0.999913573 -0.008749926 -0.009822377 0.690264583 0.008858337 0.999899685 0.011048403 -1.421971321 0.009724719 -0.011134457 0.999890745 53.959293365
0.999923825 -0.008031804 -0.009375730 0.695611477 0.008134950 0.999906242 0.011015621 -1.430325866 0.009286376 -0.011091053 0.999895334 54.476409912
0.999924958 -0.008088192 -0.009192296 0.672538042 0.008189367 0.999905705 0.011022782 -1.439350367 0.009102277 -0.011097237 0.999897003 54.867481232
0.999920785 -0.008517844 -0.009265912 0.687387884 0.008613113 0.999909937 0.010290920 -1.439777017 0.009177420 -0.010369915 0.999904156 55.411018372
0.999926388 -0.007970046 -0.009141113 0.683911026 0.008060798 0.999918163 0.009934479 -1.447624922 0.009061188 -0.010007435 0.999908864 55.958801270
0.999935150 -0.007586722 -0.008490810 0.678630054 0.007665208 0.999927819 0.009249470 -1.451874018 0.008420025 -0.009313956 0.999921143 56.496238708
0.999918282 -0.008423956 -0.009618252 0.715372145 0.008526524 0.999906600 0.010672963 -1.460458279 0.009527448 -0.010754099 0.999896765 56.860519409
0.999920726 -0.008261515 -0.009494862 0.724890769 0.008359019 0.999912202 0.010275680 -1.470714569 0.009409136 -0.010354234 0.999902129 57.404949188
0.999921799 -0.008354455 -0.009306202 0.731028199 0.008453121 0.999907851 0.010613608 -1.488053799 0.009216676 -0.010691443 0.999900341 57.940227509
0.999916136 -0.008843854 -0.009460866 0.736693859 0.008937328 0.999911249 0.009883957 -1.493962526 0.009372613 -0.009967683 0.999906421 58.481803894
0.999917269 -0.008373230 -0.009765530 0.763415933 0.008473042 0.999911845 0.010224747 -1.496439695 0.009679056 -0.010306646 0.999899983 58.837593079
0.999911845 -0.008527547 -0.010176172 0.789942861 0.008636832 0.999904931 0.010744017 -1.513065457 0.010083584 -0.010830958 0.999890506 59.360347748
0.999911964 -0.008581464 -0.010116223 0.768781722 0.008680158 0.999914825 0.009752855 -1.505413890 0.010031668 -0.009839807 0.999901235 59.939792633
0.999917865 -0.008224465 -0.009825243 0.807167768 0.008313998 0.999924004 0.009106731 -1.481555223 0.009749596 -0.009187670 0.999910295 60.418224335
0.999915481 -0.008434920 -0.009894706 0.794399440 0.008532329 0.999915123 0.009844061 -1.497423172 0.009810835 -0.009927654 0.999902546 60.812744141
0.999922097 -0.007894573 -0.009662962 0.801464617 0.007988008 0.999921322 0.009669249 -1.511305094 0.009585866 -0.009745684 0.999906540 61.358917236
0.999914289 -0.008391043 -0.010055657 0.787349701 0.008493047 0.999912500 0.010144515 -1.549764991 0.009969653 -0.010229047 0.999898016 61.857292175
0.999912381 -0.008335877 -0.010279546 0.805330634 0.008424650 0.999927342 0.008623044 -1.526467800 0.010206917 -0.008708891 0.999909997 62.410717010
0.999906957 -0.008879761 -0.010355913 0.813519657 0.008976988 0.999915659 0.009379985 -1.528872967 0.010271748 -0.009472076 0.999902368 62.787906647
0.999900281 -0.009469758 -0.010478966 0.828202128 0.009571320 0.999907374 0.009684795 -1.540843725 0.010386281 -0.009784127 0.999898195 63.313301086
0.999881983 -0.010405391 -0.011305388 0.869192481 0.010512428 0.999900043 0.009449942 -1.514266849 0.011205928 -0.009567672 0.999891460 63.785198212
0.999893010 -0.009622982 -0.011016978 0.892009676 0.009721895 0.999912620 0.008960262 -1.529288292 0.010929792 -0.009066409 0.999899089 64.300933838
0.999908268 -0.008664873 -0.010410445 0.873331130 0.008765377 0.999915063 0.009647611 -1.548544407 0.010325965 -0.009737978 0.999899209 64.738876343
0.999893308 -0.009566221 -0.011033110 0.883788645 0.009670909 0.999908388 0.009474466 -1.557250619 0.010941464 -0.009580155 0.999894202 65.278594971
0.999884248 -0.010317803 -0.011181019 0.895809174 0.010423318 0.999901354 0.009420128 -1.554020166 0.011082719 -0.009535582 0.999893069 65.786460876
0.999897540 -0.009455374 -0.010747624 0.888368964 0.009550286 0.999915540 0.008814340 -1.558151722 0.010663372 -0.008916080 0.999903381 66.317893982
0.999899268 -0.009013755 -0.010959467 0.931567490 0.009112394 0.999918103 0.008984067 -1.563568592 0.010877590 -0.009083030 0.999899507 66.685691833
0.999885023 -0.010119979 -0.011293188 0.944673955 0.010219116 0.999909401 0.008755429 -1.578146100 0.011203561 -0.008869829 0.999897838 67.232582092
0.999902487 -0.008896790 -0.010763533 0.951080978 0.008994401 0.999918580 0.009054693 -1.604284763 0.010682099 -0.009150622 0.999901056 67.766021729
0.999897301 -0.009798838 -0.010462740 0.942617357 0.009890485 0.999912798 0.008743795 -1.598968387 0.010376150 -0.008846377 0.999907017 68.313240051
0.999895215 -0.009512098 -0.010911886 0.951306999 0.009608163 0.999915242 0.008785406 -1.603695035 0.010827391 -0.008889330 0.999901891 68.714347839
0.999899209 -0.009179557 -0.010827481 0.950506747 0.009273021 0.999919832 0.008613709 -1.616392612 0.010747544 -0.008713244 0.999904335 69.272193909
0.999913037 -0.008041674 -0.010457641 0.956533849 0.008134126 0.999927938 0.008828238 -1.634600759 0.010385893 -0.008912534 0.999906361 69.816017151
0.999919474 -0.007946338 -0.009894293 0.951329887 0.008028799 0.999933064 0.008322654 -1.634674072 0.009827496 -0.008401423 0.999916494 70.378433228
0.999894381 -0.009673363 -0.010849343 0.985877156 0.009767982 0.999914408 0.008702395 -1.654403925 0.010764231 -0.008807451 0.999903262 70.732940674
0.999891341 -0.010030467 -0.010808699 0.990981996 0.010125383 0.999910295 0.008762702 -1.668532610 0.010719835 -0.008871190 0.999903142 71.284858704
0.999899745 -0.009635686 -0.010376601 0.998820901 0.009721846 0.999918401 0.008285201 -1.676355481 0.010295922 -0.008385249 0.999911785 71.787406921
0.999911666 -0.008654924 -0.010094838 1.003946543 0.008745217 0.999921858 0.008934760 -1.693621516 0.010016721 -0.009022251 0.999909043 72.230331421
0.999895096 -0.009799708 -0.010666316 0.988857210 0.009895312 0.999911010 0.008947573 -1.692886829 0.010577684 -0.009052182 0.999903023 72.693336487
0.999885917 -0.010260283 -0.011085321 1.001802444 0.010353033 0.999911606 0.008342186 -1.703745365 0.010998748 -0.008456002 0.999903738 73.243148804
0.999897242 -0.009870956 -0.010399421 1.001589060 0.009963312 0.999911070 0.008866827 -1.725317955 0.010310972 -0.008969529 0.999906600 73.727851868
0.999903142 -0.009427222 -0.010244175 1.014126301 0.009514569 0.999918461 0.008511302 -1.738070965 0.010163102 -0.008607947 0.999911308 74.276176453
0.999914706 -0.008411477 -0.009992940 1.046447635 0.008501008 0.999923766 0.008950993 -1.772707343 0.009916888 -0.009035180 0.999909997 74.769607544
0.999893785 -0.009891522 -0.010701674 1.008164763 0.009983102 0.999913692 0.008538185 -1.721501946 0.010616297 -0.008644114 0.999906301 75.189994812
0.999908447 -0.008838149 -0.010240658 1.002500534 0.008923219 0.999925852 0.008291426 -1.730489969 0.010166618 -0.008382048 0.999913156 75.750198364
0.999900043 -0.009500847 -0.010475550 1.034661531 0.009580068 0.999925673 0.007538426 -1.741337538 0.010403152 -0.007638027 0.999916792 76.303558350
0.999917924 -0.009250013 -0.008864715 1.005357504 0.009323631 0.999922097 0.008299634 -1.748493910 0.008787255 -0.008381604 0.999926269 76.738624573
0.999937236 -0.008533842 -0.007261487 1.018720746 0.008594634 0.999927938 0.008382434 -1.772274733 0.007189429 -0.008444318 0.999938548 77.271316528
0.999954820 -0.007568503 -0.005749676 1.029005289 0.007616903 0.999935389 0.008443275 -1.803445816 0.005685403 -0.008486690 0.999947786 77.789596558
0.999946535 -0.008798676 -0.005434189 1.048931003 0.008839055 0.999933124 0.007451888 -1.774894834 0.005368261 -0.007499523 0.999957442 78.321426392
0.999961734 -0.008531975 -0.001935405 1.027110457 0.008547610 0.999929667 0.008219641 -1.779565692 0.001865140 -0.008235870 0.999964297 78.769104004
0.999970019 -0.007463785 0.002072285 1.043661594 0.007445708 0.999935269 0.008598326 -1.796002150 -0.002136327 -0.008582637 0.999960840 79.308319092
0.999958634 -0.007679338 0.004885613 1.052157521 0.007638085 0.999935448 0.008406906 -1.802339315 -0.004949857 -0.008369241 0.999952793 79.837608337
0.999924183 -0.008641548 0.008767009 1.069495320 0.008571212 0.999930978 0.008028821 -1.808850527 -0.008835785 -0.007953068 0.999929368 80.340530396
0.999857366 -0.008450860 0.014622374 1.079403400 0.008329230 0.999930382 0.008359089 -1.810661316 -0.014691995 -0.008236103 0.999858141 80.803688049
0.999750018 -0.008388410 0.020723019 1.101793885 0.008208514 0.999928057 0.008750882 -1.827988386 -0.020794932 -0.008578590 0.999746919 81.374290466
0.999613464 -0.008759358 0.026384097 1.135333776 0.008530596 0.999925137 0.008770593 -1.829518795 -0.026458945 -0.008542133 0.999613404 81.865165710
0.999360025 -0.008052869 0.034850419 1.160732627 0.007763363 0.999934316 0.008434437 -1.832077026 -0.034916054 -0.008158484 0.999356985 82.404785156
0.999051690 -0.009055920 0.042586230 1.220651150 0.008692763 0.999924362 0.008705065 -1.858719945 -0.042661838 -0.008326618 0.999054849 82.949264526
0.998696089 -0.008253156 0.050376929 1.249182463 0.007812069 0.999929428 0.008946368 -1.860750914 -0.050447199 -0.008541156 0.998690188 83.376380920
0.998211503 -0.008102856 0.059229631 1.306715965 0.007595457 0.999932528 0.008786779 -1.876207232 -0.059296828 -0.008321188 0.998205662 83.917228699
0.997599781 -0.008738761 0.068688922 1.360453606 0.008128556 0.999925077 0.009158064 -1.891324282 -0.068763793 -0.008577744 0.997596085 84.485054016
0.996903181 -0.007946667 0.078235514 1.421962738 0.007175298 0.999922872 0.010135758 -1.928790092 -0.078310020 -0.009543009 0.996883392 84.928077698
0.996243536 -0.008201357 0.086206548 1.464052677 0.007445233 0.999930918 0.009088936 -1.908263445 -0.086275131 -0.008412966 0.996235847 85.429878235
0.995279253 -0.008145278 0.096710928 1.538793564 0.007305407 0.999932528 0.009035261 -1.912616968 -0.096777998 -0.008286094 0.995271504 85.986030579
0.994202733 -0.008524414 0.107183158 1.627591133 0.007584712 0.999929130 0.009171860 -1.937434196 -0.107253753 -0.008305735 0.994196951 86.481681824
0.993201315 -0.008762102 0.116079062 1.727899551 0.007682954 0.999922991 0.009740837 -1.960661888 -0.116155490 -0.008782781 0.993192255 86.959533691
0.991838813 -0.008286970 0.127228856 1.803085327 0.007116302 0.999928117 0.009653071 -1.956687689 -0.127299711 -0.008668891 0.991826475 87.560859680
0.990138769 -0.007551535 0.139885873 1.848624229 0.006245478 0.999932706 0.009773234 -1.948494673 -0.139950231 -0.008803205 0.990119338 88.077529907
0.988522649 -0.008363664 0.150840595 1.953804970 0.007025074 0.999931097 0.009404913 -1.957083106 -0.150908858 -0.008237303 0.988513291 88.629562378
0.986990571 -0.008451822 0.160555631 2.057123184 0.007014727 0.999930203 0.009515471 -1.963768721 -0.160624802 -0.008265426 0.986980915 89.166236877
0.984856129 -0.007288103 0.173220277 2.177010536 0.005625682 0.999933362 0.010086172 -1.979196548 -0.173282236 -0.008958947 0.984831452 89.720146179
0.982662082 -0.008294350 0.185219735 2.275546074 0.006575920 0.999929428 0.009890185 -1.982634425 -0.185288712 -0.008500719 0.982647359 90.179695129
0.980584025 -0.008056867 0.195932969 2.404112816 0.006199420 0.999929845 0.010091451 -1.994662642 -0.196000516 -0.008680845 0.980565310 90.711364746
0.977687716 -0.008019701 0.209910318 2.544576645 0.006069794 0.999932230 0.009931834 -2.006547928 -0.209975779 -0.008436120 0.977670193 91.254028320
0.974668324 -0.008768876 0.223483175 2.686473846 0.006594657 0.999923348 0.010473277 -2.015810251 -0.223557875 -0.008734176 0.974651456 91.771400452
0.971889496 -0.007472393 0.235318780 2.836626053 0.005029828 0.999927104 0.010978341 -2.036139011 -0.235383630 -0.009486122 0.971856177 92.308815002
0.968821645 -0.007763032 0.247637630 2.927135468 0.005263030 0.999928415 0.010755789 -2.013455629 -0.247703373 -0.009117116 0.968793035 92.726799011
0.965160370 -0.008305950 0.261527389 3.096406937 0.005751553 0.999928057 0.010531140 -2.017316103 -0.261596054 -0.008660047 0.965138555 93.244842529
0.961568773 -0.007898159 0.274450570 3.268579483 0.005282931 0.999933362 0.010266806 -2.025535107 -0.274513364 -0.008422337 0.961546421 93.775375366
0.958394110 -0.008189442 0.285330594 3.443124771 0.005249530 0.999925017 0.011066840 -2.043341637 -0.285399824 -0.009108544 0.958365262 94.266571045
0.954134643 -0.009062196 0.299240559 3.622339249 0.005938333 0.999918103 0.011346994 -2.046195507 -0.299318910 -0.009049568 0.954110205 94.777519226
0.949586689 -0.010006464 0.313344747 3.821208954 0.006853466 0.999914229 0.011162288 -2.054688931 -0.313429594 -0.008452062 0.949573815 95.287055969
0.945846558 -0.010110985 0.324456453 4.016342163 0.007066037 0.999919295 0.010561611 -2.056168556 -0.324537098 -0.007697041 0.945841670 95.807067871
0.941560268 -0.009624481 0.336706996 4.221372604 0.006178041 0.999916971 0.011305623 -2.073662758 -0.336787909 -0.008564736 0.941541553 96.311233521
0.936329126 -0.009753765 0.350988001 4.431665421 0.006091285 0.999914885 0.011537394 -2.071007252 -0.351070672 -0.008664831 0.936308801 96.776885986
0.931646526 -0.010187298 0.363223314 4.655693054 0.006440314 0.999912798 0.011525463 -2.080197334 -0.363309026 -0.008398386 0.931630850 97.296386719
0.926999927 -0.009865569 0.374931782 4.875251770 0.005689136 0.999908805 0.012244476 -2.098161697 -0.375018418 -0.009217589 0.926971495 97.806304932
0.921369672 -0.010395478 0.388548255 5.106201172 0.006004313 0.999903679 0.012513982 -2.120708466 -0.388640940 -0.009197038 0.921343327 98.222930908
0.915507436 -0.010208433 0.402171493 5.339092255 0.005799934 0.999908984 0.012177948 -2.122570038 -0.402259201 -0.008816433 0.915483356 98.727958679
0.910822868 -0.010757352 0.412657291 5.571208954 0.006529607 0.999910772 0.011653928 -2.084324121 -0.412745774 -0.007920175 0.910811841 99.198394775
0.905128062 -0.009899138 0.425023675 5.826416016 0.005259712 0.999913156 0.012087714 -2.100203991 -0.425106376 -0.008705428 0.905101597 99.675148010
0.898730040 -0.011232018 0.438358635 6.089889526 0.006344851 0.999900341 0.012612029 -2.125875711 -0.438456565 -0.008553488 0.898711741 100.142135620
0.892614007 -0.010945388 0.450688839 6.348159790 0.006207433 0.999908924 0.011989532 -2.117945433 -0.450778991 -0.007904403 0.892600596 100.665283203
0.886856496 -0.012018470 0.461888641 6.635643005 0.007210143 0.999899864 0.012173726 -2.121878386 -0.461988717 -0.007466066 0.886854470 101.166954041
0.879257917 -0.011928367 0.476196647 6.762817383 0.007053738 0.999902844 0.012022667 -2.087878704 -0.476293802 -0.007212059 0.879256725 101.546951294
