1.000000000 0.000000000 0.000000000 0.000000000 0.000000000 1.000000000 0.000000000 0.000000000 0.000000000 0.000000000 1.000000000 0.000000000
1.000000000 0.000004923 0.000069256 -0.000461578 -0.000004928 1.000000000 0.000073532 -0.000134585 -0.000069256 -0.000073532 1.000000000 0.000014796
1.000000000 0.000156490 0.000130252 -0.001233158 -0.000156489 1.000000000 -0.000007639 0.000890574 -0.000130253 0.000007618 1.000000000 0.000194611
1.000000000 -0.000006176 -0.000001042 -0.000425672 0.000006176 1.000000000 0.000033166 -0.000918763 0.000001042 -0.000033166 1.000000000 -0.001112211
1.000000000 0.000099802 0.000156089 -0.001066105 -0.000099806 1.000000000 0.000026711 -0.000011755 -0.000156086 -0.000026727 1.000000000 -0.000092471
1.000000000 -0.000016228 0.000004152 -0.000499322 0.000016228 1.000000000 0.000006007 -0.000000928 -0.000004152 -0.000006007 1.000000000 0.000134985
1.000000000 0.000024049 0.000056893 -0.001185090 -0.000024053 1.000000000 0.000068812 -0.000298930 -0.000056891 -0.000068813 1.000000000 -0.001298929
1.000000000 0.000150924 0.000030512 -0.000695450 -0.000150922 1.000000000 -0.000057088 0.000133637 -0.000030520 0.000057083 1.000000000 -0.000605331
1.000000000 0.000076933 0.000086421 -0.000607253 -0.000076933 1.000000000 0.000001700 -0.000189578 -0.000086421 -0.000001707 1.000000000 0.000097057
1.000000000 0.000114214 0.000057432 -0.001150745 -0.000114221 1.000000000 0.000114361 0.000178904 -0.000057419 -0.000114367 1.000000000 -0.000188510
1.000000000 0.000061930 0.000070762 -0.000066616 -0.000061938 1.000000000 0.000103471 -0.000506682 -0.000070756 -0.000103475 1.000000000 0.000432132
1.000000000 0.000122542 0.000082331 -0.000476361 -0.000122547 1.000000000 0.000066020 -0.000573495 -0.000082323 -0.000066030 1.000000000 -0.000099301
1.000000000 0.000046484 0.000023533 -0.000127921 -0.000046488 1.000000000 0.000170466 -0.000840943 -0.000023525 -0.000170467 1.000000000 0.000328890
1.000000000 0.000026400 0.000075694 -0.000700085 -0.000026396 1.000000000 -0.000042227 0.000276701 -0.000075695 0.000042225 1.000000000 -0.000777469
1.000000000 0.000032368 0.000018031 0.000416539 -0.000032370 1.000000000 0.000103375 -0.000272857 -0.000018028 -0.000103375 1.000000000 -0.000002499
0.999999940 0.000213324 0.000119630 -0.001009546 -0.000213332 1.000000000 0.000065301 0.000177337 -0.000119616 -0.000065326 1.000000000 0.000257910
0.999999940 0.000231375 0.000119056 -0.001199088 -0.000231374 1.000000000 -0.000008830 0.000617110 -0.000119058 0.000008803 1.000000000 0.000953529
1.000000000 0.000170788 0.000106225 -0.001187748 -0.000170789 1.000000000 0.000012261 0.001055026 -0.000106223 -0.000012279 1.000000000 0.001526876
1.000000000 0.000162900 0.000150164 -0.001430690 -0.000162888 1.000000000 -0.000081202 0.001022133 -0.000150177 0.000081178 1.000000000 0.001292463
0.999999940 0.000249247 0.000140831 -0.001449990 -0.000249260 0.999999940 0.000088305 0.000425271 -0.000140809 -0.000088340 1.000000000 0.001366212
0.999999940 0.000214283 0.000135834 -0.001541496 -0.000214280 1.000000000 -0.000021487 0.001145524 -0.000135839 0.000021458 1.000000000 0.000924613
1.000000000 0.000096382 0.000065103 -0.000562660 -0.000096376 1.000000000 -0.000084034 0.000971707 -0.000065111 0.000084028 1.000000000 0.001144861
1.000000000 0.000169404 0.000094695 -0.001458279 -0.000169401 1.000000000 -0.000028741 0.001365596 -0.000094700 0.000028725 1.000000000 0.001276476
0.999999881 0.000467263 0.000103033 -0.001828556 -0.000467264 0.999999881 0.000015108 0.000641168 -0.000103026 -0.000015157 1.000000000 0.000715555
0.999999940 0.000291318 0.000151664 -0.001715716 -0.000291319 0.999999940 0.000005283 0.001492733 -0.000151663 -0.000005328 1.000000000 0.001508571
1.000000000 0.000171831 0.000083594 -0.000404801 -0.000171831 1.000000000 0.000008973 0.001670899 -0.000083592 -0.000008987 1.000000000 0.002552737
0.999999940 0.000349400 0.000136669 -0.001248598 -0.000349411 0.999999940 0.000081214 0.001148617 -0.000136640 -0.000081262 1.000000000 0.002497084
0.999999940 0.000265688 0.000078742 -0.000791766 -0.000265683 0.999999940 -0.000065639 0.000930775 -0.000078760 0.000065618 1.000000000 0.001158039
0.999999940 0.000238693 0.000109052 -0.000912835 -0.000238683 0.999999940 -0.000091045 0.001827995 -0.000109074 0.000091019 1.000000000 0.001884835
1.000000000 0.000164523 0.000114710 -0.000759979 -0.000164513 1.000000000 -0.000092240 0.001498933 -0.000114725 0.000092221 1.000000000 0.002138193
1.000000000 0.000157955 0.000174254 -0.000998199 -0.000157957 1.000000000 0.000012898 0.000612739 -0.000174252 -0.000012926 1.000000000 0.001071505
1.000000000 0.000118758 0.000097452 -0.000833089 -0.000118762 1.000000000 0.000041407 0.000286213 -0.000097447 -0.000041418 1.000000000 0.001786308
0.999999940 0.000251095 0.000117524 -0.001087883 -0.000251101 0.999999940 0.000050187 0.000566479 -0.000117512 -0.000050216 1.000000000 0.001255262
0.999999940 0.000305257 0.000198090 -0.001673369 -0.000305272 0.999999940 0.000075688 -0.000215758 -0.000198066 -0.000075748 1.000000000 0.001005637
0.999999940 0.000279048 0.000183127 -0.000989754 -0.000279033 0.999999940 -0.000077206 0.001372047 -0.000183148 0.000077155 1.000000000 0.002226194
1.000000000 0.000194550 0.000117955 -0.000477243 -0.000194551 1.000000000 0.000004767 0.001093779 -0.000117954 -0.000004790 1.000000000 0.001559909
1.000000000 0.000221983 0.000097247 -0.001325105 -0.000221985 1.000000000 0.000018201 0.001024258 -0.000097242 -0.000018223 1.000000000 0.001835302
0.999999940 0.000252136 0.000148874 -0.000817269 -0.000252126 0.999999940 -0.000070476 0.000762975 -0.000148892 0.000070438 1.000000000 0.000879084
1.000000000 0.000128457 0.000053378 -0.000067392 -0.000128454 1.000000000 -0.000066219 0.001250776 -0.000053387 0.000066212 1.000000000 0.000553180
1.000000000 0.000179589 0.000142499 -0.001362900 -0.000179583 1.000000000 -0.000039734 0.000458348 -0.000142506 0.000039708 1.000000000 0.002228215
1.000000000 0.000141240 0.000166792 -0.000591118 -0.000141118 0.999999702 -0.000730118 -0.001516277 -0.000166895 0.000730095 0.999999702 0.050400801
0.999999881 0.000465847 0.000208527 0.000779919 -0.000465573 0.999999046 -0.001310687 -0.002423432 -0.000209137 0.001310589 0.999999106 0.138890862
1.000000000 0.000164770 0.000008843 0.003895412 -0.000164756 0.999998868 -0.001498502 -0.006024655 -0.000009090 0.001498500 0.999998868 0.254113048
0.999999821 0.000616487 0.000150015 0.007468456 -0.000616268 0.999998748 -0.001451807 -0.008758637 -0.000150910 0.001451714 0.999998927 0.388257682
0.999999940 0.000228010 0.000167535 0.008195400 -0.000227793 0.999999106 -0.001298524 -0.014157810 -0.000167831 0.001298486 0.999999166 0.531024039
0.999999940 0.000173565 0.000183530 0.011785681 -0.000173367 0.999999404 -0.001080009 -0.019441845 -0.000183717 0.001079977 0.999999404 0.687208116
1.000000000 0.000188713 0.000033379 0.019797420 -0.000188686 0.999999642 -0.000815037 -0.021700932 -0.000033533 0.000815031 0.999999642 0.848203540
0.999999762 0.000606797 0.000321652 0.012067670 -0.000606472 0.999999285 -0.001009916 -0.026897628 -0.000322264 0.001009720 0.999999464 1.021952629
1.000000000 0.000005450 0.000142583 0.022937382 -0.000005296 0.999999404 -0.001076976 -0.027122794 -0.000142589 0.001076975 0.999999404 1.213447690
0.999999881 0.000257899 0.000335887 0.018631283 -0.000257695 0.999999762 -0.000609757 -0.041189115 -0.000336045 0.000609670 0.999999762 1.387106180
1.000000000 0.000183894 0.000146428 0.032027245 -0.000183830 0.999999881 -0.000435714 -0.045314815 -0.000146508 0.000435687 0.999999881 1.541742921
0.999999642 0.000702859 0.000503925 0.019459307 -0.000702817 0.999999762 -0.000084390 -0.054787956 -0.000503984 0.000084036 0.999999881 1.776865840
0.999997973 -0.001947933 0.000305919 0.028383244 0.001947763 0.999997973 0.000553892 -0.067043208 -0.000306997 -0.000553295 0.999999821 2.003084421
0.999997973 -0.001992098 0.000314616 0.034889661 0.001991903 0.999997854 0.000618059 -0.074851848 -0.000315847 -0.000617431 0.999999762 2.215974331
0.999997735 -0.002108662 0.000212281 0.035132397 0.002108512 0.999997616 0.000708630 -0.080090404 -0.000213775 -0.000708181 0.999999762 2.442117214
0.999997675 -0.002134617 0.000370030 0.035767611 0.002134331 0.999997437 0.000770354 -0.088373750 -0.000371673 -0.000769562 0.999999583 2.670880079
0.999997020 -0.002401343 0.000395686 0.039858896 0.002400891 0.999996364 0.001137128 -0.097276792 -0.000398415 -0.001136175 0.999999285 2.898876429
0.999996901 -0.002441421 0.000536844 0.043580577 0.002440781 0.999996305 0.001191231 -0.100500681 -0.000539750 -0.001189917 0.999999166 3.133308411
0.999997854 -0.001946025 0.000678794 0.046935979 0.001945178 0.999997318 0.001246422 -0.106261618 -0.000681218 -0.001245099 0.999998987 3.382277250
0.999996781 -0.002024682 0.001518218 0.044344127 0.002023258 0.999997497 0.000938870 -0.114929602 -0.001520115 -0.000935795 0.999998391 3.614834309
0.999997616 -0.001647493 0.001458786 0.047854148 0.001646011 0.999998093 0.001016864 -0.122155100 -0.001460459 -0.001014460 0.999998391 3.873288393
0.999996901 -0.001911603 0.001595086 0.052426875 0.001909101 0.999996901 0.001568495 -0.130145192 -0.001598080 -0.001565445 0.999997437 4.134469032
0.999996781 -0.002085121 0.001501963 0.067251980 0.002082575 0.999996424 0.001694941 -0.137638271 -0.001505492 -0.001691807 0.999997437 4.383889198
0.999996960 -0.001653080 0.001883046 0.058647934 0.001650824 0.999997914 0.001199355 -0.141288370 -0.001885025 -0.001196243 0.999997497 4.638880730
0.999996722 -0.001619450 0.001963812 0.067392871 0.001617194 0.999998033 0.001150197 -0.147737503 -0.001965671 -0.001147017 0.999997377 4.894338131
0.999996543 -0.001330346 0.002259109 0.072179124 0.001327212 0.999998152 0.001388415 -0.155604467 -0.002260952 -0.001385412 0.999996424 5.160885334
0.999996722 -0.001568908 0.002006482 0.077280693 0.001566737 0.999998152 0.001083050 -0.161013007 -0.002008177 -0.001079903 0.999997377 5.430606365
0.999996603 -0.001263234 0.002282524 0.073500596 0.001260921 0.999998629 0.001014575 -0.166580901 -0.002283802 -0.001011693 0.999996901 5.697355747
0.999996662 -0.001350314 0.002193345 0.079991870 0.001348331 0.999998689 0.000905197 -0.172768831 -0.002194565 -0.000902236 0.999997199 5.962347031
0.999996364 -0.001240596 0.002397939 0.087272465 0.001238693 0.999998868 0.000794832 -0.179291278 -0.002398922 -0.000791859 0.999996841 6.249114513
0.999997079 -0.001006160 0.002157786 0.103617743 0.001003941 0.999998927 0.001028998 -0.185548857 -0.002158819 -0.001026829 0.999997199 6.551310062
0.999997377 -0.001126710 0.002028864 0.110673830 0.001123693 0.999998331 0.001487375 -0.203275979 -0.002030537 -0.001485091 0.999996901 6.825011253
0.999995589 -0.001218916 0.002745405 0.091532648 0.001215357 0.999998391 0.001297674 -0.207467169 -0.002746982 -0.001294332 0.999995410 7.098283291
0.999996305 -0.001117425 0.002488127 0.098758399 0.001114016 0.999998391 0.001371194 -0.217258677 -0.002489655 -0.001368418 0.999996006 7.394760609
0.999995053 -0.001414058 0.002805899 0.100181550 0.001409319 0.999997556 0.001690441 -0.237944320 -0.002808283 -0.001686478 0.999994695 7.692666054
0.999994993 -0.001163964 0.002914557 0.104151860 0.001160166 0.999998391 0.001304663 -0.235707670 -0.002916072 -0.001301276 0.999994934 8.030194283
0.999995053 -0.000980240 0.002998400 0.115327358 0.000976042 0.999998569 0.001401169 -0.245474905 -0.002999769 -0.001398236 0.999994516 8.315543175
0.999995291 -0.001389390 0.002758424 0.125004396 0.001385984 0.999998271 0.001236187 -0.253474742 -0.002760137 -0.001232358 0.999995470 8.642080307
0.999994159 -0.001331288 0.003130442 0.130138665 0.001328058 0.999998629 0.001033626 -0.254069507 -0.003131813 -0.001029462 0.999994576 8.993733406
0.999994993 -0.001029124 0.003003044 0.139843613 0.001024914 0.999998510 0.001403206 -0.275526822 -0.003004484 -0.001400121 0.999994516 9.313517570
0.999994695 -0.000817463 0.003155344 0.133926272 0.000811833 0.999998093 0.001785302 -0.290014952 -0.003156797 -0.001782731 0.999993443 9.635355949
0.999994934 -0.000818942 0.003078352 0.145190284 0.000814297 0.999998510 0.001510005 -0.297229052 -0.003079584 -0.001507490 0.999994099 9.980236053
0.999995232 -0.000861787 0.002938972 0.155213907 0.000857388 0.999998569 0.001497913 -0.307386875 -0.002940258 -0.001495386 0.999994576 10.346587181
0.999994457 -0.001082921 0.003129391 0.164550439 0.001078026 0.999998212 0.001565596 -0.315085053 -0.003131080 -0.001562214 0.999993920 10.710061073
0.999994516 -0.001275764 0.003048162 0.166560262 0.001270279 0.999997556 0.001800842 -0.328938246 -0.003050452 -0.001796960 0.999993742 11.062087059
0.999993861 -0.001783798 0.003015357 0.175818413 0.001779448 0.999997437 0.001444588 -0.338038206 -0.003017925 -0.001439213 0.999994397 11.437840462
0.999994278 -0.000808888 0.003282611 0.184882671 0.000802950 0.999998033 0.001809795 -0.346293539 -0.003284069 -0.001807149 0.999993026 11.826415062
0.999992847 -0.001105880 0.003611961 0.195232555 0.001100075 0.999998093 0.001608936 -0.355162233 -0.003613734 -0.001604951 0.999992192 12.212105751
0.999992728 -0.001119285 0.003621161 0.193096712 0.001111002 0.999996781 0.002288563 -0.371826142 -0.003623710 -0.002284523 0.999990761 12.573940277
0.999992073 -0.000695362 0.003904120 0.193457991 0.000687053 0.999997497 0.002129064 -0.376974165 -0.003905591 -0.002126364 0.999990046 12.986971855
0.999991953 -0.001088262 0.003868169 0.211606443 0.001079177 0.999996662 0.002349892 -0.395628482 -0.003870714 -0.002345699 0.999989808 13.374384880
0.999991775 -0.000151681 0.004057155 0.212938443 0.000141284 0.999996662 0.002562938 -0.406761914 -0.004057530 -0.002562343 0.999988496 13.801060677
0.999991953 -0.001129789 0.003850530 0.223816812 0.001119564 0.999995768 0.002656579 -0.416718364 -0.003853516 -0.002652247 0.999989033 14.176090240
0.999988973 -0.000958653 0.004602176 0.229708612 0.000947230 0.999996424 0.002483746 -0.428395599 -0.004604541 -0.002479359 0.999986351 14.597236633
0.999989331 -0.001195369 0.004465347 0.244058251 0.001185248 0.999996722 0.002268563 -0.433358848 -0.004468044 -0.002263247 0.999987483 15.056124687
0.999986112 -0.001396128 0.005087958 0.254017681 0.001384317 0.999996364 0.002324238 -0.444959402 -0.005091184 -0.002317162 0.999984324 15.498328209
0.999985516 -0.001544681 0.005160428 0.259875208 0.001530173 0.999994814 0.002814327 -0.462564886 -0.005164749 -0.002806390 0.999982655 15.877177238
0.999984264 -0.001166989 0.005492657 0.270511448 0.001148192 0.999993443 0.003424015 -0.478009284 -0.005496618 -0.003417654 0.999978960 16.317176819
0.999980867 -0.000640397 0.006146296 0.278344274 0.000623907 0.999996185 0.002684512 -0.479824007 -0.006147992 -0.002680626 0.999977529 16.775178909
0.999981582 -0.001122619 0.005953305 0.282210112 0.001103904 0.999994457 0.003145857 -0.505537391 -0.005956804 -0.003139227 0.999977291 17.191675186
0.999979436 -0.001648063 0.006186257 0.296224415 0.001627243 0.999992967 0.003369044 -0.519399643 -0.006191766 -0.003358909 0.999975145 17.652713776
0.999976099 -0.001459271 0.006764101 0.306358248 0.001443132 0.999996126 0.002390189 -0.521387875 -0.006767562 -0.002380370 0.999974251 18.131904602
0.999976635 -0.000833322 0.006789021 0.316896409 0.000811473 0.999994457 0.003220467 -0.535667658 -0.006791667 -0.003214882 0.999971747 18.573474884
0.999977469 -0.001505675 0.006548345 0.335701644 0.001487057 0.999994874 0.002847047 -0.544174254 -0.006552598 -0.002837245 0.999974549 19.057363510
0.999976158 -0.000587001 0.006876682 0.347976029 0.000566278 0.999995291 0.003014986 -0.557020009 -0.006878420 -0.003011020 0.999971807 19.547288895
0.999971867 -0.000905314 0.007446037 0.338502645 0.000881241 0.999994397 0.003235612 -0.569565773 -0.007448924 -0.003228960 0.999967039 20.015409470
0.999975443 -0.001108779 0.006914711 0.357023120 0.001084913 0.999993503 0.003454330 -0.582735598 -0.006918496 -0.003446744 0.999970198 20.514900208
0.999974966 -0.001145325 0.006978409 0.368468940 0.001120420 0.999993026 0.003571802 -0.592812836 -0.006982450 -0.003563893 0.999969244 21.021135330
0.999977589 -0.000924230 0.006632236 0.375450850 0.000900028 0.999992907 0.003651332 -0.614059329 -0.006635565 -0.003645280 0.999971330 21.473217010
0.999981999 -0.001447626 0.005822521 0.395252645 0.001427821 0.999993145 0.003404179 -0.627588987 -0.005827410 -0.003395804 0.999977231 21.990165710
0.999983370 -0.001270277 0.005637189 0.403831840 0.001254443 0.999995232 0.002811529 -0.633312583 -0.005640734 -0.002804410 0.999980152 22.497127533
0.999983191 -0.001134723 0.005684584 0.400577426 0.001116252 0.999994040 0.003251667 -0.651677907 -0.005688241 -0.003245267 0.999978542 22.984249115
0.999987602 -0.001054138 0.004871490 0.415358663 0.001035877 0.999992430 0.003749581 -0.669477165 -0.004875406 -0.003744488 0.999981105 23.515214920
0.999989092 -0.001576596 0.004397107 0.415589005 0.001563277 0.999994159 0.003030815 -0.677856505 -0.004401860 -0.003023908 0.999985695 24.042055130
0.999990225 -0.000864609 0.004337640 0.419699192 0.000851281 0.999994934 0.003073575 -0.688682854 -0.004340276 -0.003069852 0.999985814 24.522409439
0.999994278 -0.000587365 0.003332693 0.435726315 0.000576702 0.999994755 0.003199573 -0.698015630 -0.003334555 -0.003197632 0.999989331 25.074449539
0.999995947 -0.000269326 0.002860011 0.449187517 0.000260230 0.999994934 0.003180091 -0.711092830 -0.002860853 -0.003179335 0.999990821 25.603940964
0.999994755 -0.000184098 0.003231270 0.435570836 0.000172326 0.999993324 0.003643156 -0.735830784 -0.003231919 -0.003642580 0.999988139 26.136852264
0.999995291 -0.001656578 0.002579354 0.454511851 0.001645976 0.999990284 0.004107100 -0.746912956 -0.002586133 -0.004102835 0.999988258 26.694366455
0.999996841 -0.000607765 0.002436213 0.455481946 0.000598803 0.999993026 0.003677908 -0.756167114 -0.002438431 -0.003676438 0.999990284 27.263107300
0.999997497 -0.000380043 0.002202590 0.459342957 0.000371280 0.999992013 0.003977748 -0.775813699 -0.002204084 -0.003976920 0.999989688 27.722219467
0.999998152 -0.000164548 0.001892940 0.469534755 0.000156671 0.999991298 0.004160509 -0.786458433 -0.001893608 -0.004160204 0.999989569 28.278394699
0.999998868 -0.000373116 0.001480121 0.486614615 0.000366313 0.999989390 0.004593326 -0.802483916 -0.001481820 -0.004592778 0.999988377 28.814489365
0.999999166 -0.000623315 0.001060843 0.489769340 0.000618840 0.999990940 0.004212975 -0.815179467 -0.001063459 -0.004212315 0.999990582 29.313097000
0.999999225 -0.001008221 0.000656747 0.499650955 0.001005565 0.999991357 0.004030241 -0.825369775 -0.000660805 -0.004029578 0.999991715 29.864307404
0.999999762 -0.000296591 0.000431674 0.508920968 0.000294767 0.999991119 0.004216688 -0.842813373 -0.000432921 -0.004216560 0.999991059 30.402397156
0.999999523 -0.000564308 0.000799914 0.499708623 0.000560955 0.999991059 0.004186044 -0.854669452 -0.000802269 -0.004185594 0.999990940 30.878728867
0.999999940 -0.000290402 0.000435645 0.508982182 0.000288454 0.999989986 0.004467407 -0.868282735 -0.000436938 -0.004467281 0.999989986 31.426555634
0.999999762 0.000028315 0.000649985 0.523777843 -0.000031013 0.999991417 0.004150271 -0.882733583 -0.000649861 -0.004150291 0.999991238 31.975229263
0.999999642 -0.000514951 0.000673091 0.502008796 0.000512106 0.999991059 0.004220776 -0.883207560 -0.000675258 -0.004220430 0.999990880 32.494560242
0.999999762 -0.000024762 0.000552731 0.510542035 0.000022258 0.999989688 0.004529130 -0.899597585 -0.000552837 -0.004529117 0.999989629 33.037414551
0.999999523 -0.000275631 0.000953078 0.513051152 0.000272220 0.999993503 0.003577962 -0.901375175 -0.000954058 -0.003577700 0.999993145 33.601264954
0.999999106 -0.001354659 -0.000017102 0.518853962 0.001354725 0.999987662 0.004774335 -0.935548067 0.000010634 -0.004774354 0.999988556 34.033706665
0.999999523 -0.000937493 -0.000178571 0.531239212 0.000938335 0.999988079 0.004778587 -0.949389517 0.000174089 -0.004778752 0.999988616 34.582363129
0.999999106 -0.001338620 -0.000027900 0.535967648 0.001338729 0.999989450 0.004383313 -0.953943610 0.000022032 -0.004383347 0.999990404 35.125068665
0.999999464 -0.000979148 -0.000203126 0.534658670 0.000980031 0.999989867 0.004398447 -0.961925864 0.000198817 -0.004398644 0.999990284 35.630146027
0.999998927 -0.001475446 -0.000184629 0.546199262 0.001476245 0.999989271 0.004412869 -0.976727724 0.000178116 -0.004413136 0.999990225 36.177654266
0.999999225 -0.001228993 -0.000305908 0.557653189 0.001230357 0.999989152 0.004501133 -0.988906503 0.000300372 -0.004501505 0.999989748 36.732101440
0.999999046 -0.001227170 -0.000491061 0.560492277 0.001229239 0.999990225 0.004237311 -0.996137679 0.000485857 -0.004237910 0.999990880 37.228420258
0.999999404 -0.000877126 -0.000612670 0.567862630 0.000879584 0.999991477 0.004023337 -1.005166769 0.000609135 -0.004023873 0.999991715 37.771316528
0.999998748 -0.001129348 -0.001057060 0.582634926 0.001133039 0.999993324 0.003497451 -1.012325764 0.001053103 -0.003498645 0.999993324 38.320270538
0.999998927 -0.001152067 -0.000867541 0.592066526 0.001155703 0.999990463 0.004202069 -1.032789469 0.000862692 -0.004203067 0.999990761 38.850502014
0.999997795 -0.001579168 -0.001381774 0.616061807 0.001585490 0.999988317 0.004585460 -1.053829789 0.001374517 -0.004587641 0.999988496 39.384544373
0.999998033 -0.001389683 -0.001367360 0.619093716 0.001395390 0.999990284 0.004182806 -1.060773730 0.001361534 -0.004184707 0.999990284 39.936473846
0.999998629 -0.001589665 -0.000430960 0.576565266 0.001591456 0.999989986 0.004186099 -1.063572526 0.000424300 -0.004186778 0.999991059 40.367122650
0.999999106 -0.001194803 -0.000684863 0.589067221 0.001197239 0.999992967 0.003567658 -1.068780422 0.000680595 -0.003568475 0.999993384 40.914455414
0.999998391 -0.001387610 -0.001105720 0.612731218 0.001391902 0.999991477 0.003890089 -1.088228822 0.001100312 -0.003891621 0.999991834 41.450523376
0.999999821 -0.000413443 -0.000413063 0.621677876 0.000414883 0.999993861 0.003491285 -1.094256520 0.000411617 -0.003491455 0.999993801 41.962493896
0.999999404 -0.001076778 -0.000097183 0.594108820 0.001077133 0.999992430 0.003731128 -1.099246979 0.000093165 -0.003731231 0.999992967 42.468612671
0.999999464 -0.001004281 -0.000215774 0.609141469 0.001005050 0.999993026 0.003590573 -1.115998983 0.000212166 -0.003590787 0.999993503 43.017986298
0.999999464 -0.000909322 -0.000478192 0.628740549 0.000910934 0.999993861 0.003382370 -1.128509998 0.000475114 -0.003382803 0.999994159 43.559913635
0.999999702 -0.000730152 -0.000346417 0.614640057 0.000731337 0.999993801 0.003436092 -1.130993128 0.000343906 -0.003436345 0.999994040 44.036956787
0.999999881 -0.000448569 0.000054420 0.623362899 0.000448390 0.999994576 0.003258809 -1.139651775 -0.000055882 -0.003258785 0.999994695 44.587745667
0.999999881 -0.000481401 -0.000163262 0.638830841 0.000481901 0.999995172 0.003077376 -1.148347616 0.000161779 -0.003077454 0.999995291 45.142154694
0.999999881 -0.000370547 0.000575792 0.615871489 0.000368970 0.999996185 0.002735755 -1.162266016 -0.000576803 -0.002735542 0.999996006 45.631572723
0.999999642 0.000192965 0.000842716 0.626113355 -0.000195594 0.999995053 0.003119797 -1.174338579 -0.000842110 -0.003119961 0.999994755 46.184757233
0.999998927 -0.001518581 -0.000103240 0.654351830 0.001518935 0.999992669 0.003522470 -1.196237564 0.000097891 -0.003522623 0.999993742 46.723506927
0.999999225 -0.001093761 0.000637238 0.629808486 0.001092340 0.999996901 0.002224997 -1.182810426 -0.000639670 -0.002224299 0.999997318 47.221641541
0.999999821 -0.000369984 0.000582484 0.641917765 0.000368430 0.999996424 0.002664843 -1.201196432 -0.000583468 -0.002664627 0.999996245 47.766799927
0.999999642 -0.000526284 0.000634193 0.660093367 0.000524743 0.999996841 0.002427553 -1.215751886 -0.000635469 -0.002427219 0.999996781 48.328994751
0.999999523 -0.000231868 0.000968998 0.667827129 0.000229136 0.999996006 0.002817959 -1.232558250 -0.000969648 -0.002817735 0.999995530 48.864418030
0.999999046 0.000143229 0.001393862 0.636513114 -0.000146922 0.999996424 0.002650874 -1.228271008 -0.001393478 -0.002651076 0.999995530 49.320663452
0.999998868 0.000065185 0.001534575 0.651488662 -0.000068528 0.999997556 0.002179785 -1.240645289 -0.001534430 -0.002179888 0.999996424 49.866558075
0.999999404 -0.000619581 0.000926320 0.667536378 0.000616855 0.999995470 0.002941142 -1.256204009 -0.000928138 -0.002940569 0.999995232 50.426475525
0.999998689 0.000192901 0.001568009 0.652009428 -0.000196846 0.999996841 0.002517561 -1.260289669 -0.001567518 -0.002517866 0.999995589 50.902400970
0.999998868 0.000086983 0.001502768 0.668912292 -0.000090922 0.999996603 0.002621872 -1.278753877 -0.001502535 -0.002622006 0.999995351 51.441722870
0.999998927 -0.000184153 0.001425682 0.680968881 0.000180151 0.999996066 0.002807843 -1.292378306 -0.001426193 -0.002807583 0.999994993 51.980537415
0.999997735 0.000618570 0.002022917 0.670545340 -0.000624366 0.999995708 0.002865884 -1.304569364 -0.002021136 -0.002867141 0.999993801 52.472225189
0.999996841 0.001146633 0.002250785 0.676838815 -0.001151905 0.999996603 0.002342646 -1.317864656 -0.002248091 -0.002345231 0.999994695 53.009319305
0.999997973 0.001058445 0.001655057 0.689374924 -0.001061638 0.999997556 0.001928789 -1.327692747 -0.001653011 -0.001930542 0.999996781 53.531887054
0.999998212 0.000034929 0.001866400 0.694294631 -0.000038792 0.999997854 0.002068965 -1.339197278 -0.001866324 -0.002069033 0.999996126 54.054336548
0.999998152 -0.000015229 0.001905722 0.707886100 0.000011163 0.999997735 0.002132844 -1.353610039 -0.001905750 -0.002132819 0.999995947 54.596870422
0.999998450 -0.000222583 0.001717658 0.722542703 0.000218532 0.999997199 0.002358219 -1.372711897 -0.001718178 -0.002357840 0.999995768 55.133476257
0.999997377 0.000325739 0.002320251 0.715116620 -0.000330272 0.999998033 0.001953460 -1.375026703 -0.002319610 -0.001954220 0.999995410 55.627101898
0.999995768 0.001076011 0.002706466 0.725879192 -0.001080936 0.999997735 0.001819006 -1.385057330 -0.002704503 -0.001821924 0.999994636 56.174968719
0.999996781 0.000777742 0.002435091 0.729880035 -0.000782309 0.999997914 0.001875155 -1.397242785 -0.002433628 -0.001877054 0.999995232 56.745868683
0.999996662 0.000324018 0.002574486 0.738770664 -0.000328484 0.999998391 0.001734363 -1.408106327 -0.002573920 -0.001735202 0.999995172 57.224285126
0.999996305 0.000456458 0.002694301 0.750502110 -0.000461017 0.999998450 0.001691399 -1.419770479 -0.002693525 -0.001692635 0.999994934 57.769290924
0.999996006 0.000534369 0.002751639 0.759788215 -0.000537837 0.999999046 0.001259618 -1.436702371 -0.002750963 -0.001261093 0.999995410 58.307834625
0.999997377 -0.000288649 0.002271874 0.782527924 0.000284960 0.999998569 0.001624148 -1.446254373 -0.002272340 -0.001623496 0.999996066 58.859039307
0.999996662 -0.000101813 0.002578205 0.791828156 0.000096820 0.999998033 0.001936659 -1.458438039 -0.002578398 -0.001936403 0.999994755 59.407451630
0.999996185 0.000520806 0.002695936 0.779243827 -0.000525224 0.999998510 0.001638630 -1.469323874 -0.002695079 -0.001640040 0.999994993 59.797676086
0.999996662 -0.000142525 0.002592861 0.801517308 0.000138770 0.999998927 0.001448140 -1.481170058 -0.002593065 -0.001447776 0.999995589 60.343811035
0.999995947 -0.000692251 0.002792503 0.810935616 0.000687595 0.999998391 0.001668053 -1.498435140 -0.002793653 -0.001666126 0.999994755 60.883190155
0.999995291 0.000006830 0.003063725 0.805241108 -0.000010033 0.999999404 0.001045152 -1.503232956 -0.003063715 -0.001045178 0.999994755 61.374973297
0.999995530 0.000671535 0.002936603 0.816361785 -0.000674859 0.999999166 0.001130654 -1.514755011 -0.002935842 -0.001132631 0.999995053 61.917728424
0.999995172 0.000188397 0.003104089 0.831994176 -0.000191355 0.999999523 0.000952603 -1.531611681 -0.003103908 -0.000953193 0.999994755 62.468406677
0.999994397 0.000009959 0.003343566 0.825119138 -0.000013343 0.999999404 0.001012312 -1.541048884 -0.003343554 -0.001012352 0.999993920 62.958290100
0.999994159 0.000656921 0.003363734 0.837117076 -0.000660409 0.999999225 0.001036207 -1.555601716 -0.003363051 -0.001038422 0.999993801 63.503540039
0.999993265 0.000521048 0.003651184 0.850799024 -0.000523632 0.999999523 0.000707028 -1.568291545 -0.003650815 -0.000708936 0.999993145 64.052642822
0.999992967 0.000193854 0.003753406 0.849495530 -0.000196932 0.999999642 0.000819733 -1.577021480 -0.003753246 -0.000820466 0.999992549 64.519302368
0.999991894 0.000612819 0.004013597 0.860514641 -0.000615363 0.999999642 0.000632828 -1.591338158 -0.004013208 -0.000635293 0.999991715 65.070770264
0.999990642 0.000411227 0.004302524 0.869525790 -0.000411989 0.999999881 0.000176284 -1.604276061 -0.004302451 -0.000178055 0.999990702 65.618904114
0.999991834 0.000039349 0.004045715 0.879481196 -0.000040917 0.999999940 0.000387024 -1.618504524 -0.004045699 -0.000387186 0.999991715 66.095886230
0.999990761 0.000566612 0.004286730 0.887936413 -0.000568888 0.999999762 0.000529910 -1.634463429 -0.004286428 -0.000532344 0.999990642 66.638290405
0.999990225 0.001266701 0.004251542 0.905469298 -0.001267938 0.999999166 0.000288199 -1.652198911 -0.004251173 -0.000293586 0.999990940 67.184730530
0.999992311 0.000166381 0.003915309 0.902642727 -0.000168229 0.999999821 0.000471647 -1.659021497 -0.003915231 -0.000472302 0.999992192 67.677238464
0.999988616 0.001410556 0.004552207 0.911884665 -0.001412098 0.999998927 0.000335581 -1.675640941 -0.004551729 -0.000342005 0.999989569 68.231315613
0.999990463 0.000912746 0.004268817 0.933055639 -0.000914831 0.999999464 0.000486492 -1.697430611 -0.004268371 -0.000490393 0.999990821 68.774848938
0.999992132 0.000303731 0.003933619 0.932764173 -0.000305416 0.999999881 0.000427785 -1.705527544 -0.003933488 -0.000428984 0.999992192 69.244155884
0.999993503 -0.000327942 0.003591739 0.954439282 0.000327441 0.999999940 0.000140129 -1.718456507 -0.003591785 -0.000138952 0.999993563 69.789970398
0.999994457 -0.000883960 0.003209790 0.967966199 0.000882572 0.999999583 0.000433591 -1.736602545 -0.003210172 -0.000430756 0.999994814 70.343933105
0.999992192 0.000132067 0.003956188 0.966471434 -0.000132914 0.999999881 0.000213884 -1.747049093 -0.003956160 -0.000214408 0.999992132 70.812469482
0.999992847 -0.000423192 0.003757934 0.978667676 0.000420884 0.999999642 0.000615174 -1.767721534 -0.003758193 -0.000613588 0.999992788 71.344223022
0.999988973 0.001459314 0.004465961 0.980758429 -0.001461594 0.999998748 0.000507360 -1.784261107 -0.004465214 -0.000513882 0.999989867 71.883262634
0.999991179 0.000738493 0.004135141 0.996346772 -0.000739548 0.999999702 0.000253931 -1.794175744 -0.004134953 -0.000256987 0.999991357 72.381072998
0.999989748 0.001110581 0.004374105 1.007597685 -0.001112466 0.999999285 0.000428934 -1.803740621 -0.004373625 -0.000433796 0.999990344 72.937416077
0.999987423 0.001977071 0.004608846 1.017190218 -0.001979253 0.999997914 0.000468845 -1.820163965 -0.004607910 -0.000477961 0.999989212 73.473564148
0.999988735 0.000890762 0.004658860 1.030434847 -0.000891310 0.999999523 0.000115537 -1.833016634 -0.004658755 -0.000119689 0.999989152 73.955902100
0.999990165 0.000858195 0.004351820 1.045584440 -0.000857728 0.999999583 -0.000109223 -1.843271017 -0.004351912 0.000105489 0.999990582 74.498001099
0.999991536 -0.000063153 0.004100050 1.064725995 0.000063467 0.999999940 -0.000076132 -1.863275170 -0.004100045 0.000076391 0.999991596 75.027809143
0.999991417 0.000064191 0.004129442 1.093416333 -0.000063576 1.000000000 -0.000148865 -1.883693337 -0.004129451 0.000148601 0.999991536 75.556358337
0.999989510 0.000392041 0.004564115 1.068870068 -0.000393508 0.999999881 0.000320539 -1.890551329 -0.004563989 -0.000322331 0.999989510 76.018859863
0.999989092 -0.000079904 0.004666558 1.085610151 0.000081098 0.999999940 -0.000255656 -1.902911305 -0.004666538 0.000256032 0.999989033 76.564117432
0.999987781 0.000926729 0.004862132 1.099593163 -0.000923321 0.999999464 -0.000702920 -1.914099097 -0.004862780 0.000698422 0.999987900 77.112632751
0.999988139 0.001020575 0.004767396 1.101327062 -0.001019433 0.999999464 -0.000242083 -1.934365869 -0.004767640 0.000237220 0.999988616 77.614181519
0.999985397 0.001651802 0.005147590 1.117528915 -0.001650707 0.999998629 -0.000216890 -1.953821063 -0.005147941 0.000208389 0.999986768 78.151855469
0.999984443 0.000441799 0.005558907 1.144867897 -0.000441836 0.999999881 0.000005429 -1.975455761 -0.005558904 -0.000007885 0.999984562 78.670783997
0.999970138 0.001888790 0.007493685 1.130582333 -0.001885423 0.999998033 -0.000456318 -1.981776714 -0.007494533 0.000442176 0.999971807 79.181427002
0.999960124 0.001536650 0.008801448 1.149494648 -0.001536098 0.999998748 -0.000069438 -1.999330044 -0.008801545 0.000055915 0.999961257 79.731582642
0.999947727 0.002149742 0.010003163 1.163607597 -0.002151129 0.999997675 0.000127895 -2.023078680 -0.010002865 -0.000149406 0.999949992 80.261070251
0.999909222 0.002038675 0.013316608 1.174138546 -0.002032196 0.999997735 -0.000499999 -2.026873112 -0.013317599 0.000472892 0.999911189 80.792106628
0.999843597 0.003016434 0.017426986 1.192515850 -0.003007840 0.999995351 -0.000519314 -2.041909456 -0.017428469 0.000466815 0.999848008 81.337455750
0.999796152 0.001946721 0.020098558 1.243172646 -0.001943291 0.999998033 -0.000190212 -2.071931839 -0.020098889 0.000151116 0.999798000 81.845214844
0.999699175 0.001857710 0.024454266 1.237460852 -0.001850357 0.999998212 -0.000323426 -2.068265915 -0.024454819 0.000278080 0.999700844 82.406158447
0.999528348 0.001971980 0.030644525 1.265410662 -0.001962266 0.999997973 -0.000347071 -2.079822779 -0.030645147 0.000286775 0.999530315 82.957664490
0.999333620 0.001899280 0.036450610 1.317252755 -0.001898441 0.999998152 -0.000057628 -2.110279799 -0.036450651 -0.000011610 0.999335408 83.466026306
0.999101579 0.001503785 0.042351376 1.333675861 -0.001487036 0.999998808 -0.000427014 -2.105605841 -0.042351957 0.000363652 0.999102712 84.013465881
0.998722732 0.001556177 0.050501846 1.375888348 -0.001528215 0.999998689 -0.000592267 -2.119377613 -0.050502699 0.000514333 0.998723805 84.568191528
0.998242855 0.001788412 0.059228685 1.423389196 -0.001752068 0.999998271 -0.000665546 -2.131936312 -0.059229769 0.000560604 0.998244226 85.113685608
0.997788131 0.001782362 0.066450208 1.471439838 -0.001759946 0.999998331 -0.000395840 -2.153742552 -0.066450804 0.000278015 0.997789800 85.655204773
0.997143626 0.002216360 0.075496681 1.532215595 -0.002177328 0.999997556 -0.000599281 -2.164277792 -0.075497828 0.000433188 0.997145951 86.204513550
0.996371746 0.001945543 0.085085750 1.610535622 -0.001904004 0.999998033 -0.000569332 -2.181704521 -0.085086711 0.000405263 0.996373475 86.734794617
0.995524943 0.002164133 0.094473816 1.655739307 -0.002138251 0.999997556 -0.000375181 -2.197692156 -0.094474413 0.000171493 0.995527267 87.310050964
0.994791090 0.001268328 0.101927422 1.729752541 -0.001174683 0.999998689 -0.000978751 -2.210045815 -0.101928547 0.000853921 0.994791389 87.854660034
0.993742406 0.001244800 0.111689016 1.815340996 -0.001161630 0.999998987 -0.000809725 -2.224502087 -0.111689933 0.000674916 0.993742883 88.386558533
0.992501557 0.001342784 0.122224577 1.896560669 -0.001287860 0.999999046 -0.000528353 -2.240470648 -0.122225150 0.000366983 0.992502332 88.958549500
0.991307020 0.001018889 0.131565347 1.985989571 -0.000899195 0.999999106 -0.000969170 -2.251802921 -0.131566226 0.000842442 0.991307020 89.518035889
0.989698887 0.001193741 0.143159658 2.089262962 -0.001174618 0.999999344 -0.000218096 -2.270874023 -0.143159822 0.000047691 0.989699543 90.043678284
0.987800360 0.000805069 0.155723438 2.186022758 -0.000753895 0.999999583 -0.000387683 -2.288755894 -0.155723691 0.000265554 0.987800598 90.562950134
0.985956192 0.000550197 0.167003274 2.295974731 -0.000479364 0.999999762 -0.000464451 -2.301210165 -0.167003468 0.000377873 0.985956192 91.109458923
0.984201789 0.000263224 0.177050099 2.419649124 -0.000185067 0.999999881 -0.000457951 -2.316776037 -0.177050188 0.000417950 0.984201729 91.644958496
0.981766045 0.000153224 0.190093175 2.536995888 -0.000115755 1.000000000 -0.000208214 -2.333934069 -0.190093204 0.000182414 0.981766045 92.179267883
0.979312837 0.000024050 0.202352241 2.664752960 0.000015564 1.000000000 -0.000194178 -2.343857288 -0.202352256 0.000193311 0.979312778 92.730804443
0.977123022 -0.000104185 0.212675005 2.797588348 0.000064516 1.000000000 0.000193460 -2.365228176 -0.212675020 -0.000175314 0.977122962 93.252372742
0.974150300 0.000099049 0.225900754 2.935375214 -0.000084973 1.000000000 -0.000072028 -2.372892618 -0.225900754 0.000050970 0.974150300 93.796676636
0.970925212 -0.000027312 0.239383116 3.085832596 0.000103255 0.999999940 -0.000304703 -2.382366180 -0.239383072 0.000320561 0.970925093 94.334426880
0.968199968 -0.000752321 0.250176430 3.243055344 0.000893030 0.999999523 -0.000448927 -2.396834135 -0.250175953 0.000658066 0.968200147 94.848419189
0.965268135 -0.000460043 0.261260331 3.416913986 0.000496745 0.999999881 -0.000074448 -2.421890736 -0.261260271 0.000201642 0.965268373 95.359748840
0.961395264 -0.000417270 0.275170803 3.557035446 0.000410477 0.999999881 0.000082275 -2.425228834 -0.275170803 0.000033852 0.961395323 95.898536682
0.957791150 -0.001038027 0.287463546 3.741584778 0.001021484 0.999999523 0.000207535 -2.443332672 -0.287463605 0.000094864 0.957791567 96.416854858
0.954174280 -0.001205547 0.299249321 3.923198700 0.001429191 0.999998868 -0.000528496 -2.445118666 -0.299248338 0.000931962 0.954174817 96.975708008
0.949677289 -0.001864048 0.313224345 4.120101929 0.002094983 0.999997795 -0.000400715 -2.465626955 -0.313222826 0.001036750 0.949679017 97.465766907
0.944932222 -0.001260729 0.327263713 4.289758682 0.001253214 0.999999166 0.000233834 -2.481836081 -0.327263802 0.000189175 0.944932997 97.976112366
0.940906227 -0.001493025 0.338663876 4.498788834 0.001626496 0.999998629 -0.000110308 -2.493009329 -0.338663220 0.000654625 0.940907419 98.492401123
0.935969651 -0.001826339 0.352076232 4.710784912 0.001929652 0.999998152 0.000057489 -2.505829811 -0.352075636 0.000625577 0.935971320 99.018592834
0.930511594 -0.002321956 0.366255224 4.945800781 0.002456278 0.999996960 0.000099261 -2.526635170 -0.366254330 0.000807261 0.930514395 99.507629395
0.925765276 -0.002493214 0.378090531 5.143945694 0.002573357 0.999996662 0.000293266 -2.532679796 -0.378089994 0.000701466 0.925768554 99.981689453
0.920845151 -0.002867592 0.389918000 5.373865128 0.003101534 0.999995112 0.000029614 -2.543114185 -0.389916211 0.001182074 0.920849562 100.485260010
0.914797068 -0.002687469 0.403904855 5.618339539 0.002774953 0.999996126 0.000368750 -2.552341938 -0.403904289 0.000783486 0.914800823 100.979804993
0.908771038 -0.004002018 0.417275786 5.857604980 0.004173294 0.999991179 0.000501860 -2.569440842 -0.417274088 0.001285339 0.908779740 101.456085205
0.903723419 -0.003173765 0.428104967 6.090488434 0.003173300 0.999994695 0.000714692 -2.588878870 -0.428104967 0.000712621 0.903728724 101.921180725
0.897591949 -0.002679390 0.440819085 6.350025177 0.002627346 0.999996245 0.000728406 -2.603394270 -0.440819442 0.000504373 0.897595644 102.410049438
0.891364932 -0.003991576 0.453268647 6.629009247 0.003960413 0.999991715 0.001017870 -2.624545097 -0.453268915 0.000887838 0.891373336 102.885887146
0.885104477 -0.002872068 0.465383470 6.913402557 0.003039678 0.999995291 0.000390262 -2.626594067 -0.465382427 0.001069194 0.885109007 103.394638062
0.878680468 -0.003060274 0.477400482 7.147079468 0.002961591 0.999995112 0.000959295 -2.629495621 -0.477401108 0.000570951 0.878685296 103.882781982
0.871053636 -0.003334378 0.491176397 7.440601349 0.003230412 0.999994218 0.001059693 -2.645618200 -0.491177112 0.000663653 0.871059418 104.349708557
0.863801837 -0.003918896 0.503816426 7.731838226 0.004186604 0.999991000 0.000600348 -2.654160023 -0.503814340 0.001590698 0.863810480 104.802055359
