1.000000000 0.000000000 0.000000000 0.000000000 0.000000000 1.000000000 0.000000000 0.000000000 0.000000000 0.000000000 1.000000000 0.000000000
1.000000000 0.000144863 0.000014063 -0.000146268 -0.000144864 1.000000000 0.000029081 0.000298267 -0.000014059 -0.000029083 1.000000000 0.000629486
1.000000000 0.000130088 0.000073423 -0.000557751 -0.000130090 1.000000000 0.000023537 -0.000064876 -0.000073420 -0.000023546 1.000000000 0.000176239
1.000000000 -0.000013149 0.000009933 -0.000014099 0.000013149 1.000000000 -0.000011956 0.000184897 -0.000009933 0.000011956 1.000000000 0.000273521
1.000000000 0.000063761 0.000014977 -0.000096170 -0.000063760 1.000000000 -0.000055747 0.000403772 -0.000014980 0.000055746 1.000000000 -0.000153252
1.000000000 0.000133772 0.000080593 -0.001174173 -0.000133770 1.000000000 -0.000023840 0.000809833 -0.000080596 0.000023829 1.000000000 0.000364474
1.000000000 0.000021815 0.000013723 0.000273541 -0.000021814 1.000000000 -0.000008431 0.000000079 -0.000013723 0.000008430 1.000000000 -0.000061098
1.000000000 0.000079607 0.000018080 0.000021655 -0.000079608 1.000000000 0.000014708 0.000010063 -0.000018079 -0.000014709 1.000000000 0.000017192
1.000000000 0.000101299 0.000015682 -0.000128163 -0.000101298 1.000000000 -0.000094198 0.000322062 -0.000015691 0.000094196 1.000000000 -0.000128662
1.000000000 0.000150635 0.000053296 -0.000100756 -0.000150633 1.000000000 -0.000038889 -0.000044097 -0.000053302 0.000038881 1.000000000 0.000347594
1.000000000 0.000006577 0.000053369 -0.000231228 -0.000006575 1.000000000 -0.000039038 0.000389242 -0.000053369 0.000039038 1.000000000 -0.000188061
1.000000000 0.000039684 0.000034090 0.000196125 -0.000039682 1.000000000 -0.000069373 0.001048739 -0.000034093 0.000069372 1.000000000 0.000863553
1.000000000 0.000062920 0.000022590 -0.000384566 -0.000062919 1.000000000 -0.000015184 -0.000036888 -0.000022591 0.000015182 1.000000000 -0.000840123
1.000000000 -0.000064136 0.000006785 -0.000201538 0.000064136 1.000000000 -0.000018956 0.000106729 -0.000006783 0.000018956 1.000000000 -0.000056533
1.000000000 0.000067883 0.000073982 -0.001004568 -0.000067880 1.000000000 -0.000038978 0.000718421 -0.000073985 0.000038973 1.000000000 0.000078390
1.000000000 -0.000000001 0.000051972 -0.000166604 0.000000002 1.000000000 -0.000018288 0.000721344 -0.000051972 0.000018288 1.000000000 0.001067941
1.000000000 0.000137570 0.000101409 -0.000841868 -0.000137564 1.000000000 -0.000063271 0.000977946 -0.000101418 0.000063257 1.000000000 0.000757231
1.000000000 0.000089424 0.000109073 -0.001181966 -0.000089413 1.000000000 -0.000100684 0.000914803 -0.000109082 0.000100674 1.000000000 0.000687043
1.000000000 0.000052421 0.000103700 -0.000640413 -0.000052418 1.000000000 -0.000031078 0.000656321 -0.000103701 0.000031072 1.000000000 -0.000410300
1.000000000 0.000104916 0.000137424 -0.001252842 -0.000104901 1.000000000 -0.000110915 0.001551584 -0.000137436 0.000110901 1.000000000 0.001751145
1.000000000 0.000030249 0.000097075 -0.001074098 -0.000030245 1.000000000 -0.000043737 0.000248007 -0.000097076 0.000043734 1.000000000 0.000129490
1.000000000 0.000029998 0.000106633 -0.001741234 -0.000029992 1.000000000 -0.000054745 0.000933030 -0.000106634 0.000054742 1.000000000 0.000904848
1.000000000 0.000074251 0.000092046 -0.000775258 -0.000074239 1.000000000 -0.000122853 0.001354731 -0.000092056 0.000122846 1.000000000 0.000928606
1.000000000 0.000187004 0.000098347 -0.001143860 -0.000186997 1.000000000 -0.000065651 0.001493406 -0.000098359 0.000065632 1.000000000 0.001093540
0.999999940 0.000235592 0.000124099 -0.001863823 -0.000235583 0.999999940 -0.000068488 0.001387806 -0.000124116 0.000068459 1.000000000 0.000750429
1.000000000 0.000157253 0.000124387 -0.001127895 -0.000157251 1.000000000 -0.000021515 0.000626598 -0.000124391 0.000021495 1.000000000 0.000716526
1.000000000 0.000116979 0.000160373 -0.002126657 -0.000116973 1.000000000 -0.000038127 0.001612174 -0.000160377 0.000038108 1.000000000 0.001386930
1.000000000 0.000124616 0.000142687 -0.001650032 -0.000124613 1.000000000 -0.000018017 0.001015743 -0.000142690 0.000017999 1.000000000 0.001144526
1.000000000 0.000195590 0.000127140 -0.001654460 -0.000195591 1.000000000 0.000006636 0.000502737 -0.000127139 -0.000006661 1.000000000 0.000132455
1.000000000 0.000153677 0.000085982 -0.001666743 -0.000153680 1.000000000 0.000032243 0.000500789 -0.000085977 -0.000032256 1.000000000 0.000282776
1.000000000 0.000186856 0.000105186 -0.000933604 -0.000186855 1.000000000 -0.000009251 0.000978572 -0.000105188 0.000009231 1.000000000 0.001177052
1.000000000 0.000131906 0.000124107 -0.000947662 -0.000131908 1.000000000 0.000021323 0.000970350 -0.000124104 -0.000021339 1.000000000 0.001333593
1.000000000 0.000179319 0.000120047 -0.001541025 -0.000179317 1.000000000 -0.000024545 0.001061031 -0.000120051 0.000024524 1.000000000 0.001056105
1.000000000 0.000181817 0.000130134 -0.001505945 -0.000181810 1.000000000 -0.000056979 0.000894418 -0.000130145 0.000056955 1.000000000 0.000624298
0.999999940 0.000211680 0.000184073 -0.002281522 -0.000211671 1.000000000 -0.000048796 0.000628785 -0.000184083 0.000048757 1.000000000 0.000863295
1.000000000 0.000191978 0.000131150 -0.001195966 -0.000191971 1.000000000 -0.000057056 0.001036165 -0.000131161 0.000057031 1.000000000 0.001186863
1.000000000 0.000166765 0.000080263 -0.001487143 -0.000166768 1.000000000 0.000036220 0.000653968 -0.000080257 -0.000036233 1.000000000 0.000989399
0.999999940 0.000260810 0.000060034 -0.001226024 -0.000260810 0.999999940 0.000004386 0.000771322 -0.000060032 -0.000004402 1.000000000 0.000360389
0.999999940 0.000229402 0.000098365 -0.001254589 -0.000229398 1.000000000 -0.000039608 0.001670015 -0.000098374 0.000039585 1.000000000 0.000516167
1.000000000 0.000216642 0.000101738 -0.000664681 -0.000216638 1.000000000 -0.000037409 0.001352768 -0.000101747 0.000037387 1.000000000 0.000434595
1.000000000 0.000128942 0.000042200 -0.000107010 -0.000128937 1.000000000 -0.000105767 0.001273649 -0.000042213 0.000105761 1.000000000 0.002179023
1.000000000 0.000058066 0.000086831 0.001165913 -0.000058001 0.999999702 -0.000746532 -0.001535939 -0.000086874 0.000746527 0.999999702 0.050286639
0.999999940 0.000351487 0.000074078 0.002343486 -0.000351392 0.999999106 -0.001270802 -0.002580894 -0.000074524 0.001270776 0.999999166 0.140759826
1.000000000 0.000117429 0.000007136 0.003976301 -0.000117418 0.999998808 -0.001532750 -0.008768704 -0.000007316 0.001532749 0.999998808 0.250883192
1.000000000 0.000005737 0.000028760 0.007965515 -0.000005697 0.999998987 -0.001416701 -0.011021692 -0.000028769 0.001416701 0.999998987 0.384690881
0.999995232 0.003067256 0.000325415 -0.003847629 -0.003066719 0.999993980 -0.001638370 -0.014938984 -0.000330438 0.001637364 0.999998629 0.442863643
0.999995351 0.003032457 0.000318456 0.000026081 -0.003031986 0.999994397 -0.001468710 -0.019794343 -0.000322908 0.001467738 0.999998927 0.598385930
0.999994576 0.003230025 0.000597363 -0.000416596 -0.003229419 0.999994278 -0.001011500 -0.025908785 -0.000600627 0.001009565 0.999999285 0.729848504
0.999994755 0.003200864 0.000506752 0.002787363 -0.003200378 0.999994457 -0.000956818 -0.029848637 -0.000509812 0.000955191 0.999999404 0.900406659
0.999995172 0.003072464 0.000525026 0.006605464 -0.003071995 0.999994934 -0.000892967 -0.035779912 -0.000527767 0.000891350 0.999999404 1.074109793
0.999994576 0.003227841 0.000610951 0.010643630 -0.003227481 0.999994576 -0.000588965 -0.041333437 -0.000612849 0.000586990 0.999999583 1.261758208
0.999992847 0.003651766 0.001013444 0.006007828 -0.003651237 0.999993145 -0.000523592 -0.044604633 -0.001015349 0.000519887 0.999999285 1.401763916
0.999993503 0.003524942 0.000824190 0.012503965 -0.003524712 0.999993682 -0.000280516 -0.050568629 -0.000825174 0.000277609 0.999999583 1.601364136
0.999992073 0.003778373 0.001258449 0.012552552 -0.003777820 0.999992788 -0.000441862 -0.055000823 -0.001260110 0.000437104 0.999999106 1.779593468
0.999992669 0.003624493 0.001249654 0.017675810 -0.003623792 0.999993324 -0.000562883 -0.059978951 -0.001251685 0.000558350 0.999999046 1.987664104
0.999992490 0.003611861 0.001379402 0.025609335 -0.003611327 0.999993384 -0.000388782 -0.066832542 -0.001380797 0.000383797 0.999998987 2.209618330
0.999991715 0.003836410 0.001360250 0.027206903 -0.003836003 0.999992549 -0.000302009 -0.075095385 -0.001361398 0.000296789 0.999999046 2.436444521
0.999991059 0.003813310 0.001838277 0.021282669 -0.003813365 0.999992728 0.000026316 -0.088867418 -0.001838163 -0.000033325 0.999998331 2.665185690
0.999989629 0.004115711 0.002000063 0.026299670 -0.004115796 0.999991536 0.000038624 -0.093027271 -0.001999887 -0.000046855 0.999998033 2.903397560
0.999989092 0.004176874 0.002089933 0.032398961 -0.004177096 0.999991238 0.000101876 -0.101817243 -0.002089490 -0.000110604 0.999997735 3.131387234
0.999989152 0.004100401 0.002200736 0.036489807 -0.004100712 0.999991596 0.000136763 -0.109296724 -0.002200157 -0.000145786 0.999997556 3.379185200
0.999988914 0.004227364 0.002143601 0.044356063 -0.004227845 0.999991059 0.000219863 -0.116639569 -0.002142653 -0.000228924 0.999997675 3.632948875
0.999988019 0.004331392 0.002285974 0.051694512 -0.004332182 0.999990642 0.000341208 -0.123057202 -0.002284475 -0.000351108 0.999997318 3.891316414
0.999986827 0.004533644 0.002400958 0.055098619 -0.004534769 0.999989569 0.000463124 -0.131894901 -0.002398833 -0.000474005 0.999997020 4.152966022
0.999986827 0.004497714 0.002464199 0.059253830 -0.004498737 0.999989748 0.000409528 -0.137519181 -0.002462332 -0.000420608 0.999996901 4.409433365
0.999986231 0.004401106 0.002835498 0.063392699 -0.004402590 0.999990106 0.000517623 -0.150173739 -0.002833192 -0.000530100 0.999995828 4.661471367
0.999986112 0.004500829 0.002757462 0.071117446 -0.004502694 0.999989629 0.000670548 -0.156601891 -0.002754416 -0.000682954 0.999995947 4.922758102
0.999984682 0.004618753 0.003058973 0.073839590 -0.004620159 0.999989212 0.000452628 -0.161772460 -0.003056849 -0.000466754 0.999995232 5.191895008
0.999985695 0.004440829 0.002977472 0.080686927 -0.004442628 0.999989927 0.000597846 -0.170973554 -0.002974787 -0.000611066 0.999995410 5.461380482
0.999980390 0.005239565 0.003417400 0.079901263 -0.005242104 0.999985993 0.000734425 -0.180239290 -0.003413504 -0.000752325 0.999993920 5.724591255
0.999984205 0.004599490 0.003227793 0.090297371 -0.004601621 0.999989092 0.000652633 -0.185302481 -0.003224757 -0.000667476 0.999994576 6.016758442
0.999978244 0.005441819 0.003714265 0.095789440 -0.005444308 0.999984980 0.000660362 -0.195708618 -0.003710615 -0.000680569 0.999992907 6.288011074
0.999981701 0.005089447 0.003240916 0.105408467 -0.005091447 0.999986887 0.000609512 -0.203748167 -0.003237771 -0.000626002 0.999994576 6.579491615
0.999978125 0.005486662 0.003699780 0.110757194 -0.005488810 0.999984801 0.000570801 -0.213190615 -0.003696593 -0.000591096 0.999992907 6.872524738
0.999978244 0.005513810 0.003618421 0.112445131 -0.005516561 0.999984503 0.000750840 -0.219949290 -0.003614225 -0.000770785 0.999993145 7.180556297
0.999978244 0.005445158 0.003726269 0.122828715 -0.005448328 0.999984801 0.000841248 -0.235828072 -0.003721631 -0.000861532 0.999992728 7.486588955
0.999976277 0.005638630 0.003946064 0.130298674 -0.005642301 0.999983668 0.000920009 -0.245587766 -0.003940811 -0.000942252 0.999991715 7.798258781
0.999976039 0.005777996 0.003830828 0.136335865 -0.005781278 0.999982953 0.000846279 -0.253381580 -0.003825872 -0.000868406 0.999992311 8.121870995
0.999976337 0.005602502 0.003972344 0.143828750 -0.005605846 0.999983966 0.000831418 -0.263368666 -0.003967621 -0.000853667 0.999991775 8.441652298
0.999976754 0.005619696 0.003874576 0.150203675 -0.005624534 0.999983430 0.001238906 -0.273361415 -0.003867550 -0.001260670 0.999991715 8.783947945
0.999973595 0.005909334 0.004228532 0.157033220 -0.005913191 0.999982119 0.000899979 -0.284642518 -0.004223139 -0.000924960 0.999990642 9.112511635
0.999974787 0.005731992 0.004202332 0.165024102 -0.005736460 0.999983072 0.001051907 -0.295826107 -0.004196231 -0.001075987 0.999990642 9.452855110
0.999970317 0.006175378 0.004612098 0.170761257 -0.006179662 0.999980509 0.000915299 -0.303862870 -0.004606356 -0.000943773 0.999988973 9.806946754
0.999970853 0.006145907 0.004514183 0.180899531 -0.006149619 0.999980688 0.000808838 -0.312670469 -0.004509125 -0.000836574 0.999989510 10.162913322
0.999970675 0.006165894 0.004535291 0.189416721 -0.006170655 0.999980390 0.001036603 -0.324344546 -0.004528811 -0.001064559 0.999989212 10.521288872
0.999967456 0.006511106 0.004754015 0.194526285 -0.006517123 0.999977946 0.001251310 -0.335745066 -0.004745763 -0.001282252 0.999987900 10.881334305
0.999969602 0.006149722 0.004795647 0.204780370 -0.006155671 0.999980330 0.001226780 -0.346517891 -0.004788009 -0.001256263 0.999987721 11.252452850
0.999969721 0.006258250 0.004634047 0.215868101 -0.006263920 0.999979675 0.001209875 -0.355354220 -0.004626381 -0.001238865 0.999988496 11.634501457
0.999967515 0.006389587 0.004914971 0.222561508 -0.006395344 0.999978900 0.001156450 -0.365188688 -0.004907478 -0.001187845 0.999987245 12.012585640
0.999967992 0.006343139 0.004879020 0.234198347 -0.006350131 0.999978840 0.001418645 -0.379560918 -0.004869918 -0.001449582 0.999987066 12.402131081
0.999962807 0.006572582 0.005585017 0.238730639 -0.006582503 0.999976754 0.001759758 -0.389532447 -0.005573322 -0.001796456 0.999982774 12.783520699
0.999964893 0.006345412 0.005475378 0.253867984 -0.006355461 0.999978125 0.001819908 -0.402029842 -0.005463710 -0.001854642 0.999983311 13.182982445
0.999958575 0.007004995 0.005826765 0.261467159 -0.007015640 0.999973774 0.001808411 -0.414023936 -0.005813944 -0.001849214 0.999981344 13.592034340
0.999962211 0.006360243 0.005914733 0.277930230 -0.006369984 0.999978364 0.001629605 -0.419897676 -0.005904240 -0.001667220 0.999981165 13.996079445
0.999962866 0.006113592 0.006064254 0.289329797 -0.006122442 0.999980092 0.001441868 -0.433002532 -0.006055318 -0.001478943 0.999980569 14.417361259
0.999960005 0.006424543 0.006224999 0.307716668 -0.006434202 0.999978065 0.001532834 -0.444208771 -0.006215015 -0.001572826 0.999979377 14.836676598
0.999958575 0.006368490 0.006493082 0.320924878 -0.006377580 0.999978721 0.001380221 -0.452983946 -0.006484154 -0.001421574 0.999977946 15.280528069
0.999953866 0.006572322 0.007006647 0.331406415 -0.006581718 0.999977469 0.001318833 -0.464970529 -0.006997822 -0.001364888 0.999974549 15.723000526
0.999949455 0.006766380 0.007436099 0.339628339 -0.006777235 0.999975979 0.001435582 -0.476725847 -0.007426206 -0.001485905 0.999971330 16.152135849
0.999950051 0.006537650 0.007563511 0.352613688 -0.006548106 0.999977767 0.001358612 -0.489062965 -0.007554461 -0.001408071 0.999970496 16.594379425
0.999948978 0.006498688 0.007733667 0.364904433 -0.006510390 0.999977708 0.001488792 -0.502784491 -0.007723820 -0.001539066 0.999969006 17.044685364
0.999947250 0.006603881 0.007866196 0.377777785 -0.006616671 0.999976814 0.001601046 -0.514215231 -0.007855442 -0.001653010 0.999967694 17.501546860
0.999940455 0.006800449 0.008529966 0.386190355 -0.006812428 0.999975979 0.001376233 -0.525590420 -0.008520400 -0.001434260 0.999962687 17.962615967
0.999940038 0.006674279 0.008677002 0.400041044 -0.006687241 0.999976575 0.001465773 -0.537603080 -0.008667015 -0.001523710 0.999961257 18.423532486
0.999939561 0.006638720 0.008756569 0.412257850 -0.006651982 0.999976754 0.001486256 -0.551553845 -0.008746498 -0.001544415 0.999960482 18.891458511
0.999938905 0.006835068 0.008699978 0.428333759 -0.006849281 0.999975264 0.001604912 -0.564669609 -0.008688794 -0.001664402 0.999960840 19.364629745
0.999938011 0.006793841 0.008819572 0.440531552 -0.006809826 0.999975145 0.001783578 -0.578017175 -0.008807235 -0.001843528 0.999959469 19.838415146
0.999936163 0.006849263 0.008988646 0.453846067 -0.006865326 0.999974906 0.001757363 -0.591263354 -0.008976385 -0.001818961 0.999957979 20.324474335
0.999940693 0.006780076 0.008524784 0.466705799 -0.006796327 0.999975264 0.001878926 -0.604158759 -0.008511833 -0.001936752 0.999961913 20.813413620
0.999942064 0.006971678 0.008193299 0.475968540 -0.006988099 0.999973595 0.001977288 -0.618786812 -0.008179297 -0.002034429 0.999964476 21.307096481
0.999945641 0.006835321 0.007871999 0.486887276 -0.006848974 0.999975085 0.001708676 -0.631025195 -0.007860124 -0.001762498 0.999967575 21.805980682
0.999948800 0.006824063 0.007473968 0.501437247 -0.006838340 0.999974787 0.001886505 -0.645248115 -0.007460906 -0.001937518 0.999970257 22.307001114
0.999948382 0.007105058 0.007251701 0.510392845 -0.007118067 0.999973118 0.001769731 -0.660625935 -0.007238932 -0.001821258 0.999972165 22.815702438
0.999954164 0.006753339 0.006781200 0.523152232 -0.006766409 0.999975264 0.001906330 -0.677412987 -0.006768158 -0.001952127 0.999975204 23.323612213
0.999964714 0.005721847 0.006146481 0.535450637 -0.005731068 0.999982595 0.001483779 -0.692413747 -0.006137883 -0.001518953 0.999980032 23.843862534
0.999962389 0.006598014 0.005628387 0.548856199 -0.006608460 0.999976456 0.001839218 -0.709270060 -0.005616119 -0.001876344 0.999982476 24.378202438
0.999960601 0.007179814 0.005214155 0.558373690 -0.007188684 0.999972761 0.001684445 -0.720470190 -0.005201919 -0.001721861 0.999984980 24.914321899
0.999963582 0.007142480 0.004692379 0.569746792 -0.007151754 0.999972522 0.001962479 -0.735262990 -0.004678234 -0.001995966 0.999987066 25.448139191
0.999962091 0.007512358 0.004406268 0.581835449 -0.007519727 0.999970376 0.001658170 -0.752047241 -0.004393680 -0.001691241 0.999988914 25.992980957
0.999969006 0.006780005 0.003998974 0.591964304 -0.006787911 0.999975026 0.001966896 -0.764802158 -0.003985539 -0.001993980 0.999990046 26.538885117
0.999967456 0.007095311 0.003831771 0.600708485 -0.007102503 0.999973059 0.001866950 -0.782336414 -0.003818421 -0.001894104 0.999990940 27.087890625
0.999965549 0.007501031 0.003550016 0.612425923 -0.007506975 0.999970376 0.001663954 -0.798867106 -0.003537430 -0.001690547 0.999992311 27.627565384
0.999963403 0.007801826 0.003497690 0.619779706 -0.007808036 0.999967873 0.001765224 -0.811427057 -0.003483805 -0.001792469 0.999992311 28.166252136
0.999963522 0.007868053 0.003307901 0.630923152 -0.007874314 0.999967217 0.001884019 -0.830317497 -0.003292968 -0.001909998 0.999992728 28.704511642
0.999961078 0.008182102 0.003300804 0.636778176 -0.008188949 0.999964356 0.002066230 -0.847624362 -0.003283781 -0.002093179 0.999992430 29.238376617
0.999961913 0.008253098 0.002835661 0.645445585 -0.008258956 0.999963701 0.002060233 -0.863936067 -0.002818554 -0.002083575 0.999993861 29.771268845
0.999960363 0.008360598 0.003039741 0.655784011 -0.008366031 0.999963403 0.001778874 -0.876130342 -0.003024757 -0.001804235 0.999993861 30.327896118
0.999961197 0.008362843 0.002749119 0.672516346 -0.008367761 0.999963343 0.001782342 -0.894213855 -0.002734113 -0.001805277 0.999994636 30.881574631
0.999953687 0.009171366 0.002933356 0.680626869 -0.009176689 0.999956191 0.001806406 -0.910989225 -0.002916661 -0.001833241 0.999994040 31.424819946
0.999963701 0.008248676 0.002146990 0.705746770 -0.008252410 0.999964416 0.001736255 -0.935015917 -0.002132593 -0.001753910 0.999996126 31.960058212
0.999964118 0.008245540 0.001929548 0.717273831 -0.008249371 0.999963999 0.001986229 -0.953652442 -0.001913101 -0.002002075 0.999996185 32.504558563
0.999967694 0.007890969 0.001489236 0.737441301 -0.007894259 0.999966383 0.002216704 -0.982188106 -0.001471693 -0.002228389 0.999996424 33.035339355
0.999969482 0.007727735 0.001067449 0.763047218 -0.007730697 0.999966145 0.002798670 -1.015210629 -0.001045785 -0.002806837 0.999995530 33.572025299
0.999966264 0.008158747 0.000979456 0.771126270 -0.008161389 0.999962986 0.002724693 -1.025405765 -0.000957191 -0.002732595 0.999995768 34.127952576
0.999969542 0.007744304 0.000877293 0.790616691 -0.007746569 0.999966621 0.002608144 -1.044147134 -0.000857065 -0.002614861 0.999996185 34.671188354
0.999971807 0.007473571 0.000700613 0.810377240 -0.007475674 0.999967396 0.003049237 -1.069451332 -0.000677801 -0.003054388 0.999995112 35.211780548
0.999971449 0.007548030 0.000377278 0.824468493 -0.007549086 0.999967337 0.002879757 -1.087288022 -0.000355529 -0.002882523 0.999995768 35.752143860
0.999969900 0.007744396 0.000395304 0.837259829 -0.007745549 0.999965489 0.003004833 -1.114900231 -0.000372019 -0.003007804 0.999995410 36.296039581
0.999970019 0.007742395 0.000020775 0.855753362 -0.007742422 0.999964952 0.003192750 -1.137718081 0.000003945 -0.003192816 0.999994814 36.855648041
0.999968946 0.007876680 0.000121936 0.865185618 -0.007877044 0.999963343 0.003350321 -1.158746839 -0.000095542 -0.003351178 0.999994338 37.400756836
0.999967337 0.008076076 0.000164655 0.876476347 -0.008076572 0.999961972 0.003269292 -1.177915812 -0.000138246 -0.003270515 0.999994636 37.938957214
0.999966979 0.008127598 -0.000064583 0.892148554 -0.008127328 0.999961019 0.003443109 -1.197031975 0.000092565 -0.003442470 0.999994099 38.480010986
0.999969602 0.007785964 -0.000228060 0.908459544 -0.007785168 0.999964178 0.003303157 -1.214623332 0.000253770 -0.003301281 0.999994457 39.021877289
0.999968708 0.007908711 -0.000120462 0.920358002 -0.007908289 0.999963701 0.003170169 -1.231602669 0.000145528 -0.003169118 0.999994934 39.561153412
0.999968886 0.007887163 -0.000176054 0.936448991 -0.007886469 0.999962270 0.003645497 -1.258430481 0.000204801 -0.003643995 0.999993324 40.093906403
0.999969006 0.007858024 -0.000419125 0.953525722 -0.007856339 0.999961615 0.003878560 -1.288954973 0.000449587 -0.003875147 0.999992311 40.617588043
0.999968231 0.007969299 -0.000092808 0.961889267 -0.007968915 0.999961793 0.003589053 -1.298603773 0.000121406 -0.003588199 0.999993563 41.212001801
0.999968112 0.007985878 -0.000125351 0.974564970 -0.007985376 0.999961674 0.003591075 -1.317964435 0.000154024 -0.003589959 0.999993563 41.785224915
0.999967337 0.008082012 -0.000074844 0.982144177 -0.008081690 0.999960780 0.003606586 -1.334388018 0.000103991 -0.003605863 0.999993503 42.329135895
0.999968052 0.007994392 -0.000014533 0.992519677 -0.007994273 0.999960303 0.003938952 -1.353303790 0.000046021 -0.003938710 0.999992251 42.872371674
0.999967277 0.008086345 -0.000051566 1.007302642 -0.008086064 0.999958813 0.004125589 -1.374849916 0.000084925 -0.004125037 0.999991477 43.407707214
0.999967456 0.008057240 0.000379300 1.014821887 -0.008058785 0.999958456 0.004262967 -1.395228982 -0.000344936 -0.004265885 0.999990821 43.949028015
0.999966145 0.008221140 0.000366269 1.022226810 -0.008222630 0.999957085 0.004272701 -1.410578489 -0.000331127 -0.004275568 0.999990821 44.506855011
0.999969959 0.007740344 0.000096452 1.042557359 -0.007740697 0.999960124 0.004449936 -1.433356762 -0.000062004 -0.004450549 0.999990046 45.054473877
0.999968112 0.007981830 0.000094207 1.058405399 -0.007982170 0.999958336 0.004434447 -1.448841214 -0.000058809 -0.004435057 0.999990106 45.593582153
0.999969482 0.007829625 0.000132992 1.070150018 -0.007830137 0.999959469 0.004432494 -1.470866203 -0.000098281 -0.004433399 0.999990165 46.126716614
0.999968469 0.007939485 0.000203643 1.084080935 -0.007940350 0.999957502 0.004678692 -1.487726808 -0.000166488 -0.004680161 0.999989033 46.665340424
0.999970496 0.007665922 -0.000262725 1.099753261 -0.007664565 0.999958992 0.004827274 -1.506600022 0.000299721 -0.004825118 0.999988317 47.210235596
0.999970317 0.007706989 -0.000002555 1.111371875 -0.007706882 0.999957979 0.004946330 -1.524246097 0.000040676 -0.004946163 0.999987781 47.754962921
0.999971449 0.007553151 -0.000151249 1.128009081 -0.007552295 0.999958813 0.005027896 -1.542789459 0.000189219 -0.005026611 0.999987364 48.291603088
0.999969602 0.007793984 -0.000274148 1.141439795 -0.007792470 0.999956369 0.005151551 -1.561522365 0.000314287 -0.005149258 0.999986649 48.826694489
0.999969661 0.007783182 -0.000236730 1.154661298 -0.007781876 0.999956727 0.005089028 -1.578364968 0.000276328 -0.005087032 0.999987006 49.364215851
0.999968827 0.007883341 -0.000319662 1.169448018 -0.007881439 0.999953449 0.005570672 -1.599595070 0.000363563 -0.005567980 0.999984384 49.902576447
0.999968648 0.007900830 -0.000445492 1.179127574 -0.007898449 0.999955833 0.005113360 -1.609415174 0.000485872 -0.005109681 0.999986827 50.449665070
0.999972403 0.007380391 -0.000781313 1.208051443 -0.007375645 0.999955297 0.005911466 -1.652290940 0.000824907 -0.005905541 0.999982238 50.961013794
0.999970853 0.007571706 -0.000975716 1.217961311 -0.007565676 0.999953091 0.006042100 -1.666242599 0.001021419 -0.006034542 0.999981225 51.503067017
0.999975324 0.006952849 -0.000914227 1.230916500 -0.006947071 0.999956787 0.006177650 -1.691625237 0.000957140 -0.006171147 0.999980509 52.046997070
0.999976218 0.006765604 -0.001303607 1.241762400 -0.006757393 0.999957979 0.006203596 -1.701293468 0.001345524 -0.006194639 0.999979913 52.596481323
0.999975443 0.006975408 -0.000697189 1.242542148 -0.006971345 0.999959648 0.005668925 -1.715676904 0.000736702 -0.005663926 0.999983609 53.131107330
0.999973953 0.007136411 -0.001082736 1.257792711 -0.007130332 0.999959409 0.005517529 -1.726145267 0.001122067 -0.005509666 0.999984145 53.684261322
0.999973714 0.007214340 -0.000689206 1.250701785 -0.007210191 0.999956965 0.005841835 -1.751130700 0.000731320 -0.005836712 0.999982715 54.238224030
0.999973714 0.007207555 -0.000793725 1.260645628 -0.007203184 0.999959648 0.005377446 -1.758931160 0.000832451 -0.005371587 0.999985218 54.787918091
0.999975443 0.007003230 -0.000324675 1.258935213 -0.007001279 0.999959409 0.005664381 -1.781554580 0.000364330 -0.005661969 0.999983847 55.333129883
0.999976993 0.006799530 -0.000176692 1.256570339 -0.006798385 0.999959886 0.005834083 -1.798022747 0.000216354 -0.005832748 0.999982893 55.888835907
0.999975264 0.007016073 0.000265763 1.254761815 -0.007017461 0.999959469 0.005640414 -1.813918710 -0.000226178 -0.005642140 0.999984026 56.438240051
0.999969840 0.007716004 0.000855845 1.248132706 -0.007720900 0.999952912 0.005874177 -1.836060047 -0.000810480 -0.005880609 0.999982297 56.975666046
0.999966979 0.008034714 0.001231866 1.249017835 -0.008041708 0.999950886 0.005780417 -1.851410151 -0.001185361 -0.005790132 0.999982536 57.546997070
0.999970198 0.007611490 0.001263632 1.267669678 -0.007617773 0.999958277 0.005043725 -1.854304790 -0.001225188 -0.005053201 0.999986470 58.096584320
0.999970496 0.007580464 0.001251246 1.277682781 -0.007586961 0.999957323 0.005272471 -1.868475080 -0.001211225 -0.005281809 0.999985278 58.636154175
0.999972522 0.007282655 0.001359326 1.291182756 -0.007289516 0.999960363 0.005112864 -1.880743384 -0.001322038 -0.005122633 0.999985993 59.178291321
0.999972165 0.007334259 0.001380929 1.302563787 -0.007341053 0.999960661 0.004980758 -1.892927408 -0.001344344 -0.004990757 0.999986649 59.730979919
0.999971867 0.007375241 0.001340032 1.318391323 -0.007382433 0.999957860 0.005443915 -1.911441445 -0.001299825 -0.005453655 0.999984264 60.284549713
0.999973536 0.007192072 0.001112576 1.335106969 -0.007197777 0.999960542 0.005210280 -1.927209973 -0.001075060 -0.005218150 0.999985814 60.838832855
0.999976635 0.006795687 0.000736425 1.352436781 -0.006799585 0.999962151 0.005426701 -1.938412428 -0.000699518 -0.005431581 0.999984980 61.389720917
0.999976873 0.006739029 0.000918035 1.360391378 -0.006743876 0.999962747 0.005383441 -1.952429295 -0.000881722 -0.005389508 0.999985099 61.927448273
0.999973238 0.007215272 0.001196923 1.372949600 -0.007221689 0.999959111 0.005446307 -1.967561245 -0.001157577 -0.005454805 0.999984443 62.476512909
0.999973834 0.007089503 0.001528194 1.374458075 -0.007097195 0.999961853 0.005088318 -1.977506757 -0.001492062 -0.005099030 0.999985874 63.017593384
0.999969780 0.007502468 0.002035778 1.383197188 -0.007512462 0.999959588 0.004947251 -1.989661932 -0.001998579 -0.004962395 0.999985695 63.575233459
0.999975443 0.006773038 0.001799324 1.394257665 -0.006781219 0.999966443 0.004579762 -1.998045802 -0.001768245 -0.004591851 0.999987841 64.136421204
0.999972343 0.007208328 0.001824456 1.405502915 -0.007215453 0.999966204 0.003929568 -2.005107880 -0.001796069 -0.003942623 0.999990582 64.686302185
0.999975860 0.006583720 0.002209796 1.410567522 -0.006592953 0.999969423 0.004196609 -2.017849922 -0.002182098 -0.004211077 0.999988735 65.236587524
0.999974072 0.006825633 0.002291042 1.421467423 -0.006834734 0.999968648 0.003988515 -2.029582262 -0.002263746 -0.004004070 0.999989450 65.783340454
0.999972761 0.006906607 0.002601109 1.425148606 -0.006916373 0.999969006 0.003763660 -2.039460897 -0.002575035 -0.003781548 0.999989510 66.341079712
0.999973655 0.006779714 0.002592798 1.444219112 -0.006788708 0.999970913 0.003475680 -2.052242517 -0.002569157 -0.003493190 0.999990642 66.888214111
0.999970675 0.007048490 0.002997706 1.441979647 -0.007060085 0.999967575 0.003875408 -2.065551758 -0.002970294 -0.003896458 0.999988019 67.437133789
0.999969363 0.007202443 0.003071948 1.450199008 -0.007213322 0.999967694 0.003544683 -2.078660965 -0.003046319 -0.003566734 0.999988914 67.988235474
0.999969840 0.007032756 0.003303526 1.461077809 -0.007044273 0.999969125 0.003488267 -2.090587616 -0.003278893 -0.003511433 0.999988377 68.543037415
0.999970973 0.006861035 0.003317268 1.473140121 -0.006872925 0.999969959 0.003586042 -2.102856159 -0.003292565 -0.003608737 0.999988079 69.097137451
0.999970078 0.006958406 0.003361183 1.486751199 -0.006970199 0.999969482 0.003509581 -2.117464304 -0.003336660 -0.003532904 0.999988198 69.650253296
0.999966621 0.007310202 0.003651439 1.498967409 -0.007323424 0.999966621 0.003620800 -2.131687641 -0.003624849 -0.003647421 0.999986768 70.201789856
0.999970078 0.006841296 0.003615556 1.513404608 -0.006853534 0.999970794 0.003383116 -2.143728495 -0.003592306 -0.003407794 0.999987721 70.753982544
0.999969065 0.006923119 0.003711544 1.527469397 -0.006934911 0.999970913 0.003173393 -2.156225920 -0.003689466 -0.003199035 0.999988019 71.308631897
0.999970078 0.006771430 0.003728110 1.540644407 -0.006783419 0.999971867 0.003212803 -2.169751167 -0.003706249 -0.003237996 0.999987900 71.858757019
0.999969125 0.006936647 0.003677306 1.565663099 -0.006948550 0.999970615 0.003234472 -2.178562880 -0.003654761 -0.003259924 0.999988019 72.426345825
0.999961853 0.007664017 0.004170319 1.561789751 -0.007676629 0.999965966 0.003016966 -2.193683624 -0.004147055 -0.003048866 0.999986768 72.961120605
0.999971867 0.006622944 0.003517929 1.601612210 -0.006633662 0.999973357 0.003043752 -2.194564104 -0.003497677 -0.003067003 0.999989152 73.568168640
0.999978125 0.005971253 0.002851189 1.623159766 -0.005979714 0.999977708 0.002968170 -2.210022688 -0.002833402 -0.002985155 0.999991477 74.115043640
0.999971747 0.006611805 0.003582166 1.640455723 -0.006622633 0.999973476 0.003019513 -2.217094898 -0.003562107 -0.003043151 0.999988973 74.676498413
0.999959588 0.007883511 0.004326540 1.646022558 -0.007894343 0.999965668 0.002492079 -2.228316307 -0.004306745 -0.002526133 0.999987543 75.231254578
0.999965847 0.007077973 0.004251756 1.664977312 -0.007088551 0.999971747 0.002478249 -2.239042282 -0.004234095 -0.002508303 0.999987841 75.811416626
0.999958456 0.007770979 0.004753776 1.673361421 -0.007781116 0.999967456 0.002117239 -2.246505260 -0.004737168 -0.002154141 0.999986470 76.374847412
0.999961436 0.007451869 0.004632822 1.690969706 -0.007461398 0.999970078 0.002042917 -2.259652615 -0.004617460 -0.002077406 0.999987185 76.941314697
0.999960601 0.007508078 0.004741650 1.706012130 -0.007517272 0.999969900 0.001924265 -2.270267248 -0.004727060 -0.001959834 0.999986827 77.494773865
0.999966443 0.006903039 0.004400260 1.722602129 -0.006913169 0.999973476 0.002290947 -2.281121492 -0.004384329 -0.002321290 0.999987662 78.063217163
0.999968052 0.006683571 0.004376779 1.740619540 -0.006690462 0.999976397 0.001561585 -2.286235809 -0.004366238 -0.001590817 0.999989212 78.632278442
0.999963582 0.007260956 0.004492708 1.745676994 -0.007270975 0.999971151 0.002217701 -2.313735723 -0.004476476 -0.002250287 0.999987364 79.140251160
0.999953866 0.007852621 0.005523227 1.733195543 -0.007860918 0.999967992 0.001482146 -2.314910173 -0.005511411 -0.001525495 0.999983609 79.761474609
0.999956429 0.007737450 0.005225418 1.751721740 -0.007745903 0.999968648 0.001599552 -2.330167294 -0.005212878 -0.001639957 0.999985099 80.313652039
0.999952614 0.007191976 0.006559506 1.756061554 -0.007201154 0.999973059 0.001376423 -2.337060690 -0.006549430 -0.001423594 0.999977529 80.909576416
0.999944270 0.007275421 0.007652484 1.771895170 -0.007286187 0.999972522 0.001379718 -2.354964972 -0.007642236 -0.001435399 0.999969780 81.457176208
0.999932826 0.007104999 0.009155021 1.774916410 -0.007114934 0.999974072 0.001053006 -2.364437580 -0.009147303 -0.001118072 0.999957502 82.046798706
0.999916196 0.007522072 0.010536079 1.780272961 -0.007533880 0.999970973 0.001081592 -2.380005121 -0.010527638 -0.001160879 0.999943912 82.613311768
0.999875188 0.007601204 0.013848495 1.797729015 -0.007615132 0.999970555 0.000953228 -2.393168688 -0.013840841 -0.001058567 0.999903679 83.190841675
0.999808192 0.007980469 0.017881293 1.812979221 -0.007999616 0.999967515 0.000999450 -2.406845331 -0.017872734 -0.001142302 0.999839604 83.768241882
0.999738634 0.007963599 0.021429939 1.830040574 -0.007979107 0.999967933 0.000638332 -2.416334152 -0.021424171 -0.000809157 0.999770164 84.347114563
0.999638379 0.008062985 0.025653964 1.855785847 -0.008078265 0.999967277 0.000492020 -2.428313494 -0.025649162 -0.000699082 0.999670684 84.919326782
0.999485552 0.007748092 0.031124603 1.891258478 -0.007773852 0.999969661 0.000706729 -2.445378304 -0.031118181 -0.000948324 0.999515295 85.461326599
0.999259055 0.007743368 0.037701823 1.926898837 -0.007761388 0.999969780 0.000331611 -2.450593233 -0.037698116 -0.000623984 0.999288976 86.026496887
0.998992741 0.008036696 0.044146284 1.962158918 -0.008068528 0.999967337 0.000542867 -2.475334406 -0.044140480 -0.000898516 0.999024928 86.562179565
0.998629749 0.006842721 0.051882375 2.012210369 -0.006842230 0.999976575 -0.000187103 -2.459447145 -0.051882438 -0.000168145 0.998653173 87.155311584
0.998147964 0.007465368 0.060371295 2.063508749 -0.007478576 0.999971986 -0.000007156 -2.491742611 -0.060369659 -0.000444349 0.998175919 87.676605225
0.997723997 0.006179491 0.067146808 2.114492655 -0.006164678 0.999980927 -0.000427823 -2.482284069 -0.067148179 0.000012910 0.997742951 88.275573730
0.997060537 0.006158242 0.076368868 2.173779011 -0.006123226 0.999980986 -0.000692650 -2.492462158 -0.076371685 0.000222990 0.997079313 88.836380005
0.996253610 0.006011177 0.086269952 2.241901875 -0.005938749 0.999981761 -0.001096180 -2.503093481 -0.086274974 0.000579738 0.996271193 89.390762329
0.995469153 0.005480467 0.094926745 2.307511330 -0.005377411 0.999984622 -0.001341432 -2.512302160 -0.094932646 0.000824893 0.995483279 89.951889038
0.994720399 0.005181855 0.102490887 2.375877857 -0.005050625 0.999985993 -0.001539876 -2.523641348 -0.102497444 0.001014103 0.994732738 90.513977051
0.993659735 0.004801941 0.112326503 2.461652756 -0.004592563 0.999987125 -0.002122684 -2.530220985 -0.112335242 0.001593358 0.993669093 91.079406738
0.992396414 0.003787501 0.123024441 2.551177979 -0.003518000 0.999990940 -0.002407752 -2.527594090 -0.123032413 0.001956644 0.992400706 91.665473938
0.991210878 0.004031067 0.132229820 2.640802383 -0.003749751 0.999990165 -0.002376416 -2.557007551 -0.132238105 0.001859700 0.991216242 92.185516357
0.989617825 0.004121789 0.143664807 2.740039825 -0.003829171 0.999989927 -0.002313253 -2.570552826 -0.143672884 0.001739119 0.989623725 92.719337463
0.987725377 0.003355441 0.156164780 2.846683502 -0.002993923 0.999992192 -0.002550143 -2.587606668 -0.156172127 0.002051295 0.987727761 93.254158020
0.985990763 0.002989555 0.166773155 2.957580566 -0.002645391 0.999993861 -0.002285777 -2.606025457 -0.166778982 0.001812574 0.985992670 93.792289734
0.984278738 0.002590010 0.176603228 3.078158379 -0.002283826 0.999995530 -0.001936981 -2.623577118 -0.176607445 0.001503198 0.984280229 94.326004028
0.981796622 0.002378362 0.189919904 3.204191208 -0.001916697 0.999994695 -0.002614488 -2.633297205 -0.189925089 0.002202876 0.981796026 94.876670837
0.979501069 0.000493193 0.201438472 3.349477768 0.000132470 0.999995232 -0.003092479 -2.641792059 -0.201439008 0.003055771 0.979496241 95.417633057
0.977269769 0.000861127 0.211997882 3.480894089 -0.000268718 0.999996006 -0.002823205 -2.659750462 -0.211999416 0.002702066 0.977266014 95.956886292
0.974244297 0.000454378 0.225494727 3.625930786 0.000224622 0.999995530 -0.002985495 -2.674404144 -0.225495040 0.002959253 0.974239767 96.491394043
0.971180618 -0.000102851 0.238345161 3.782579422 0.000821626 0.999995410 -0.002916349 -2.688705921 -0.238343790 0.003028132 0.971176147 97.020210266
0.968384802 -0.000427991 0.249460861 3.938322067 0.001245235 0.999994278 -0.003118236 -2.706866503 -0.249458149 0.003330290 0.968379855 97.539436340
0.965535700 -0.000920498 0.260269046 4.102041245 0.001746217 0.999994159 -0.002941348 -2.726871967 -0.260264844 0.003294464 0.965531588 98.052513123
0.961796463 -0.000471636 0.273765147 4.276117325 0.001237184 0.999995768 -0.002623733 -2.741343498 -0.273762733 0.002862195 0.961793005 98.579704285
0.958176374 -0.001346814 0.286175221 4.458469391 0.002256078 0.999993324 -0.002847607 -2.761025429 -0.286169499 0.003374143 0.958173096 99.097557068
0.954772174 -0.001894591 0.297332317 4.644495010 0.002809952 0.999992490 -0.002651201 -2.778549433 -0.297325015 0.003366783 0.954770386 99.612106323
0.950370491 -0.001992850 0.311113924 4.839525223 0.002930244 0.999992430 -0.002545634 -2.794168949 -0.311106473 0.003330935 0.950369239 100.124534607
0.945783257 -0.002072905 0.324791759 5.042442322 0.003054787 0.999992192 -0.002513234 -2.809247732 -0.324784011 0.003369145 0.945782185 100.641426086
0.941723645 -0.002639956 0.336377203 5.250045776 0.003700589 0.999989986 -0.002512068 -2.824170828 -0.336367249 0.003610468 0.941724002 101.152740479
0.936822474 -0.002193770 0.349798292 5.462543488 0.003139185 0.999992728 -0.002135814 -2.844068527 -0.349791139 0.003098961 0.936822534 101.666847229
0.926281512 -0.004035565 0.376810730 5.635534286 0.004981911 0.999986410 -0.001536957 -2.866512775 -0.376799405 0.003300892 0.926289022 102.288803101
0.921323359 -0.003970752 0.388776928 5.865976334 0.004949989 0.999986529 -0.001517173 -2.882830381 -0.388765693 0.003322248 0.921330690 102.788711548
0.915401518 -0.004535009 0.402516216 6.109180450 0.005610736 0.999983072 -0.001493464 -2.896711826 -0.402502716 0.003625531 0.915411592 103.273948669
0.909300983 -0.004106684 0.416118741 6.350116730 0.005264482 0.999984801 -0.001635054 -2.911157846 -0.416105747 0.003677406 0.909308791 103.760604858
0.904535353 -0.005398207 0.426364273 6.607700348 0.006739662 0.999975860 -0.001637532 -2.928259373 -0.426345259 0.004354756 0.904550016 104.239654541
0.898434341 -0.004921178 0.439080328 6.867069244 0.006360522 0.999978244 -0.001807051 -2.942799807 -0.439061821 0.004416297 0.898446023 104.723548889
0.891722560 -0.005184955 0.452553004 7.140079498 0.006745805 0.999975681 -0.001835269 -2.959174156 -0.452532440 0.004689385 0.891735554 105.208526611
0.885469139 -0.005288604 0.464668065 7.414466858 0.006834514 0.999975264 -0.001642630 -2.974156380 -0.464647889 0.004630278 0.885483444 105.689064026
0.879666328 -0.005268941 0.475562006 7.697952271 0.006973042 0.999973953 -0.001819209 -2.990296125 -0.475540102 0.004916411 0.879680336 106.162475586
0.872014105 -0.005585656 0.489448965 7.985671997 0.007393329 0.999971032 -0.001760330 -3.005251646 -0.489424914 0.005153689 0.872030199 106.629241943
0.864698291 -0.005302520 0.502263546 8.279224396 0.007066950 0.999973714 -0.001609511 -3.024115324 -0.502241910 0.004941213 0.864713013 107.090103149
