1.000000000 0.000000000 0.000000000 0.000000000 0.000000000 1.000000000 0.000000000 0.000000000 0.000000000 0.000000000 1.000000000 0.000000000
1.000000000 -0.000060935 -0.000197772 0.003579126 0.000060958 1.000000000 0.000115463 -0.003035243 0.000197765 -0.000115475 1.000000000 -0.001694834
1.000000000 0.000063829 0.000080269 -0.001383368 -0.000063835 1.000000000 0.000069365 -0.002785731 -0.000080264 -0.000069370 1.000000000 -0.001233166
1.000000000 -0.000122681 -0.000173826 0.007059352 0.000122709 1.000000000 0.000159580 -0.003587480 0.000173806 -0.000159601 1.000000000 -0.003942188
1.000000000 -0.000060036 -0.000101991 0.002129669 0.000060039 1.000000000 0.000035086 -0.000005974 0.000101989 -0.000035092 1.000000000 0.001507757
1.000000000 -0.000081747 0.000051454 -0.000219010 0.000081748 1.000000000 -0.000023862 -0.001288003 -0.000051452 0.000023866 1.000000000 -0.001069478
1.000000000 -0.000139088 -0.000141132 0.004570135 0.000139107 1.000000000 0.000136107 -0.002820268 0.000141113 -0.000136126 1.000000000 -0.006294028
1.000000000 -0.000141546 -0.000086644 -0.000844046 0.000141548 1.000000000 0.000013546 0.000573096 0.000086642 -0.000013558 1.000000000 0.001086701
1.000000000 0.000016211 -0.000094831 0.002541687 -0.000016202 1.000000000 0.000087247 -0.003161520 0.000094832 -0.000087246 1.000000000 -0.008810778
1.000000000 0.000006967 0.000013926 0.001125801 -0.000006968 1.000000000 0.000090926 -0.001890678 -0.000013925 -0.000090926 1.000000000 -0.006185255
1.000000000 0.000113627 0.000102364 -0.001610588 -0.000113629 1.000000000 0.000013097 -0.001271286 -0.000102362 -0.000013109 1.000000000 -0.004442610
1.000000000 -0.000136082 -0.000004371 -0.000362631 0.000136083 1.000000000 0.000088794 -0.003952625 0.000004359 -0.000088795 1.000000000 -0.009564164
1.000000000 -0.000084351 0.000028188 0.000041826 0.000084349 1.000000000 0.000055786 -0.001807368 -0.000028193 -0.000055784 1.000000000 -0.006781103
1.000000000 -0.000050839 -0.000011163 0.001157196 0.000050840 1.000000000 0.000088038 -0.001945071 0.000011158 -0.000088038 1.000000000 -0.007075514
1.000000000 -0.000192098 -0.000071299 0.000538149 0.000192109 0.999999940 0.000161536 -0.001424654 0.000071268 -0.000161549 1.000000000 -0.008402524
0.999999940 -0.000281572 -0.000076798 -0.001244718 0.000281579 0.999999940 0.000085469 -0.002333990 0.000076773 -0.000085491 1.000000000 -0.008734680
1.000000000 -0.000243814 0.000004324 0.000448244 0.000243814 0.999999940 0.000086833 -0.001530963 -0.000004346 -0.000086832 1.000000000 -0.009055294
1.000000000 0.000021507 0.000006862 0.002425430 -0.000021509 1.000000000 0.000185985 -0.004201933 -0.000006858 -0.000185985 1.000000000 -0.012846022
0.999999940 -0.000255160 -0.000091229 0.002255979 0.000255170 0.999999940 0.000113381 -0.003660534 0.000091200 -0.000113404 1.000000000 -0.009482012
0.999999940 -0.000310153 -0.000112583 0.005956422 0.000310173 0.999999940 0.000178918 -0.005579281 0.000112528 -0.000178953 1.000000000 -0.019924013
1.000000000 -0.000084362 -0.000060727 0.005555331 0.000084379 0.999999940 0.000278038 -0.006418515 0.000060704 -0.000278043 0.999999940 -0.018797861
1.000000000 0.000042499 0.000034892 -0.000189183 -0.000042503 1.000000000 0.000112469 -0.001516705 -0.000034887 -0.000112471 1.000000000 -0.007202830
0.999999940 -0.000249346 -0.000165433 0.004708885 0.000249367 0.999999940 0.000124972 -0.003429750 0.000165401 -0.000125014 1.000000000 -0.012266476
0.999999940 -0.000259266 -0.000103062 0.001568570 0.000259289 0.999999940 0.000223437 -0.003923621 0.000103004 -0.000223464 0.999999940 -0.007652876
1.000000000 -0.000022975 -0.000097306 0.005830338 0.000022996 1.000000000 0.000221511 -0.003581332 0.000097301 -0.000221513 1.000000000 -0.016273903
1.000000000 -0.000065162 -0.000046806 0.000827581 0.000065172 1.000000000 0.000211243 -0.003281638 0.000046792 -0.000211246 1.000000000 -0.013735775
1.000000000 -0.000141955 -0.000006334 -0.001565990 0.000141956 1.000000000 0.000164340 -0.004642207 0.000006311 -0.000164341 1.000000000 -0.012913438
1.000000000 -0.000050682 0.000000437 -0.001221424 0.000050682 1.000000000 0.000190464 -0.003204948 -0.000000447 -0.000190464 1.000000000 -0.009604954
0.999999940 -0.000229033 -0.000122891 -0.000424105 0.000229051 0.999999940 0.000146800 -0.000545480 0.000122857 -0.000146828 1.000000000 -0.007415599
1.000000000 -0.000127847 -0.000097501 0.001257831 0.000127864 1.000000000 0.000177448 -0.002190683 0.000097478 -0.000177461 1.000000000 -0.008120909
1.000000000 -0.000195331 -0.000020420 -0.001045644 0.000195334 1.000000000 0.000139781 -0.001143959 0.000020393 -0.000139785 1.000000000 -0.001986101
0.999999940 -0.000287487 -0.000116124 -0.002514111 0.000287517 0.999999940 0.000257171 -0.003586032 0.000116050 -0.000257204 0.999999940 -0.010965109
0.999999940 -0.000273418 -0.000147991 0.002373194 0.000273463 0.999999940 0.000302840 -0.003851127 0.000147908 -0.000302881 0.999999940 -0.014419044
1.000000000 -0.000019840 -0.000061536 -0.000620081 0.000019846 1.000000000 0.000099961 -0.001425558 0.000061534 -0.000099963 1.000000000 -0.006844401
1.000000000 -0.000165219 -0.000063567 -0.001062414 0.000165225 1.000000000 0.000099332 -0.001138750 0.000063550 -0.000099343 1.000000000 -0.007659442
1.000000000 -0.000227151 -0.000064258 -0.002812303 0.000227152 1.000000000 0.000017764 -0.000652421 0.000064254 -0.000017778 1.000000000 -0.011006110
0.999999940 -0.000279222 -0.000194890 0.004422887 0.000279246 0.999999940 0.000120540 -0.001739013 0.000194857 -0.000120594 1.000000000 -0.012929891
1.000000000 -0.000220303 -0.000036517 0.000091218 0.000220306 1.000000000 0.000072316 0.000078132 0.000036501 -0.000072324 1.000000000 -0.007408327
1.000000000 -0.000048388 -0.000068951 -0.000739291 0.000048409 0.999999940 0.000308299 -0.003168652 0.000068936 -0.000308302 0.999999940 -0.012114029
0.999999940 -0.000280906 -0.000224875 0.004889591 0.000280948 0.999999940 0.000185819 -0.005405674 0.000224823 -0.000185882 0.999999940 -0.006720618
1.000000000 -0.000038121 -0.000158273 0.007831695 0.000038055 0.999999940 -0.000416474 -0.008556636 0.000158289 0.000416468 0.999999881 0.041971341
1.000000000 -0.000077301 -0.000195847 0.008827907 0.000077065 0.999999285 -0.001201837 -0.004828676 0.000195940 0.001201821 0.999999285 0.144589067
1.000000000 -0.000070129 -0.000003503 0.003959098 0.000070124 0.999999166 -0.001300273 -0.011458379 0.000003594 0.001300273 0.999999166 0.264608085
0.999999940 -0.000357729 0.000135747 0.003326921 0.000357879 0.999999344 -0.001112869 -0.016409161 -0.000135349 0.001112917 0.999999344 0.385246068
1.000000000 0.000150623 -0.000034592 0.006469402 -0.000150659 0.999999464 -0.001049378 -0.021560572 0.000034433 0.001049383 0.999999464 0.530828238
1.000000000 0.000074913 0.000084541 0.012572112 -0.000074816 0.999999344 -0.001141890 -0.026636915 -0.000084627 0.001141884 0.999999344 0.688336253
1.000000000 -0.000123130 0.000116598 0.027640374 0.000123214 0.999999762 -0.000721127 -0.034261055 -0.000116510 0.000721141 0.999999762 0.851281583
0.999999940 -0.000106995 0.000276802 0.018458869 0.000107170 0.999999821 -0.000632406 -0.037275881 -0.000276734 0.000632436 0.999999762 1.023908377
0.999999881 0.000145812 0.000440802 0.016400855 -0.000145476 0.999999702 -0.000762854 -0.033747185 -0.000440913 0.000762790 0.999999583 1.190436721
0.999999940 -0.000309030 -0.000031027 0.043071035 0.000309013 0.999999821 -0.000537657 -0.050248012 0.000031193 0.000537647 0.999999881 1.414117575
0.999999881 0.000344144 0.000397346 0.030963352 -0.000343943 0.999999821 -0.000504363 -0.061636254 -0.000397520 0.000504226 0.999999821 1.605026484
0.999998271 -0.001721452 0.000706504 0.012110444 0.001720732 0.999997973 0.001018068 -0.076111332 -0.000708255 -0.001016851 0.999999225 1.798944712
0.999996841 -0.002444490 0.000646899 0.023538899 0.002443641 0.999996126 0.001310212 -0.084056444 -0.000650099 -0.001308627 0.999998927 1.998022556
0.999998271 -0.001506446 0.001080575 0.017021446 0.001505318 0.999998331 0.001044012 -0.087738238 -0.001082146 -0.001042383 0.999998868 2.224415541
0.999998391 -0.001597476 0.000871230 0.025997732 0.001596331 0.999997914 0.001314095 -0.093600057 -0.000873327 -0.001312702 0.999998748 2.441254139
0.999998868 -0.001078953 0.001077775 0.018485233 0.001077443 0.999998510 0.001400844 -0.101257384 -0.001079285 -0.001399681 0.999998450 2.670426607
0.999998033 -0.000802629 0.001775771 0.019372873 0.000799862 0.999998450 0.001558192 -0.109863862 -0.001777019 -0.001556768 0.999997199 2.905989885
0.999998212 -0.001816389 0.000498903 0.037804659 0.001815441 0.999996483 0.001893273 -0.126784056 -0.000502340 -0.001892364 0.999998033 3.152659178
0.999998510 -0.001411093 0.000875633 0.033601046 0.001409659 0.999997616 0.001635522 -0.128691956 -0.000877939 -0.001634285 0.999998271 3.417520523
0.999998212 -0.001523601 0.001045701 0.038190350 0.001521491 0.999996781 0.002015579 -0.139011219 -0.001048768 -0.002013985 0.999997497 3.637363434
0.999999106 -0.001234208 0.000496005 0.065404125 0.001233351 0.999997735 0.001723860 -0.139842689 -0.000498131 -0.001723247 0.999998391 3.912126780
0.999997795 -0.001007885 0.001834224 0.040210694 0.001004307 0.999997556 0.001951013 -0.159626365 -0.001836186 -0.001949166 0.999996364 4.159431458
0.999997973 -0.000391257 0.001981630 0.041071311 0.000386327 0.999996841 0.002487569 -0.169246420 -0.001982597 -0.002486798 0.999994934 4.412279606
0.999997973 -0.000442944 0.001955608 0.046768341 0.000437840 0.999996483 0.002609320 -0.179838553 -0.001956756 -0.002608459 0.999994636 4.669188499
0.999998152 -0.000889884 0.001690953 0.062296338 0.000885522 0.999996305 0.002578795 -0.184540316 -0.001693242 -0.002577293 0.999995232 4.936669827
0.999997377 -0.000756918 0.002173670 0.052990582 0.000751581 0.999996722 0.002455119 -0.192594543 -0.002175521 -0.002453479 0.999994636 5.161699295
0.999997675 -0.001127409 0.001837571 0.061427604 0.001122428 0.999995708 0.002709020 -0.205841914 -0.001840617 -0.002706951 0.999994636 5.426422119
0.999996960 -0.000134861 0.002454830 0.049773362 0.000128645 0.999996841 0.002531884 -0.212759718 -0.002455164 -0.002531560 0.999993801 5.679583073
0.999996901 -0.000077671 0.002507526 0.054693021 0.000070831 0.999996364 0.002727787 -0.224416584 -0.002507729 -0.002727601 0.999993205 5.960424423
0.999997497 -0.001165416 0.001917833 0.091542214 0.001160086 0.999995530 0.002777906 -0.221519008 -0.001921062 -0.002775675 0.999994338 6.217032909
0.999996901 -0.001288345 0.002121485 0.082564719 0.001282516 0.999995530 0.002746336 -0.239902586 -0.002125014 -0.002743607 0.999993920 6.532889366
0.999997258 -0.000472862 0.002277951 0.081671976 0.000467122 0.999996662 0.002519529 -0.247065127 -0.002279135 -0.002518458 0.999994278 6.819907188
0.999997437 -0.000838831 0.002094937 0.089859702 0.000833755 0.999996781 0.002422799 -0.247390285 -0.002096963 -0.002421046 0.999994934 7.114290237
0.999997437 -0.001166933 0.001940784 0.107016385 0.001161904 0.999996006 0.002590284 -0.262227535 -0.001943799 -0.002588023 0.999994814 7.415089130
0.999996364 -0.000671107 0.002606135 0.101621240 0.000663592 0.999995649 0.002883639 -0.273641586 -0.002608059 -0.002881899 0.999992430 7.744201660
0.999996543 0.000050997 0.002628866 0.109011076 -0.000059276 0.999994993 0.003149403 -0.284950852 -0.002628693 -0.003149548 0.999991596 8.057487488
0.999995708 -0.001160668 0.002692881 0.102035858 0.001150961 0.999992847 0.003603372 -0.309523106 -0.002697044 -0.003600257 0.999989867 8.350205421
0.999995768 -0.001043968 0.002716604 0.114682101 0.001034580 0.999993443 0.003454942 -0.316240907 -0.002720193 -0.003452116 0.999990344 8.676572800
0.999996006 -0.001094656 0.002597435 0.113239899 0.001086712 0.999994695 0.003057716 -0.317774117 -0.002600768 -0.003054881 0.999991953 9.031476021
0.999995530 -0.000892583 0.002879272 0.118398905 0.000883222 0.999994278 0.003251087 -0.330181539 -0.002882157 -0.003248530 0.999990523 9.371954918
0.999994755 -0.001401554 0.002925006 0.128980085 0.001391122 0.999992669 0.003565335 -0.334774315 -0.002929981 -0.003561247 0.999989390 9.751210213
0.999994874 -0.001114112 0.003013872 0.125744075 0.001102258 0.999991655 0.003931724 -0.346168727 -0.003018227 -0.003928382 0.999987721 10.077775955
0.999995649 -0.001214669 0.002692185 0.150605083 0.001203751 0.999991059 0.004053297 -0.374757648 -0.002697084 -0.004050038 0.999988139 10.393708229
0.999995887 -0.001182533 0.002612997 0.160224721 0.001171750 0.999990761 0.004124548 -0.382848710 -0.002617850 -0.004121469 0.999988079 10.752411842
0.999995887 -0.001447898 0.002475446 0.164077848 0.001438079 0.999991059 0.003963603 -0.389568686 -0.002481163 -0.003960027 0.999989033 11.128942490
0.999994099 -0.002018828 0.002779727 0.174265996 0.002005998 0.999987364 0.004610511 -0.405790448 -0.002788999 -0.004604907 0.999985456 11.502535820
0.999994814 -0.001640496 0.002755196 0.196708009 0.001629821 0.999991059 0.003872207 -0.406810671 -0.002761524 -0.003867696 0.999988675 11.877390862
0.999994576 -0.002159239 0.002464760 0.187680691 0.002148644 0.999988496 0.004293168 -0.419732422 -0.002474001 -0.004287849 0.999987721 12.250715256
0.999994874 -0.001454326 0.002856693 0.197107658 0.001441530 0.999988854 0.004476353 -0.451671362 -0.002863172 -0.004472212 0.999985814 12.636076927
0.999995053 -0.001591101 0.002738923 0.209049061 0.001579086 0.999989092 0.004383320 -0.456711590 -0.002745867 -0.004378973 0.999986649 13.042859077
0.999994814 -0.002283190 0.002272116 0.227916941 0.002272383 0.999986172 0.004747586 -0.471662730 -0.002282924 -0.004742398 0.999986172 13.437339783
0.999994099 -0.001573619 0.003068018 0.238879532 0.001559689 0.999988377 0.004537625 -0.472839773 -0.003075124 -0.004532813 0.999984980 13.872461319
0.999994040 -0.001173132 0.003244016 0.231334060 0.001156974 0.999986887 0.004978264 -0.493082523 -0.003249814 -0.004974481 0.999982297 14.269257545
0.999991953 -0.002985985 0.002688419 0.257087111 0.002971748 0.999981523 0.005284197 -0.526659191 -0.002704148 -0.005276164 0.999982357 14.713807106
0.999992013 -0.002899701 0.002747645 0.271830857 0.002882254 0.999975801 0.006332316 -0.574865282 -0.002765941 -0.006324345 0.999976158 14.987638474
0.999989927 -0.003688991 0.002564448 0.290546179 0.003672982 0.999973953 0.006220019 -0.584686875 -0.002587326 -0.006210537 0.999977350 15.428005219
0.999989390 -0.002783800 0.003689087 0.291773379 0.002759018 0.999973714 0.006705871 -0.597637832 -0.003707657 -0.006695621 0.999970675 15.874605179
0.999989271 -0.002782659 0.003720112 0.309208810 0.002756756 0.999972105 0.006950185 -0.609938502 -0.003739348 -0.006939854 0.999968886 16.307935715
0.999990106 -0.002587941 0.003636769 0.311556339 0.002565185 0.999977171 0.006248117 -0.608320832 -0.003652856 -0.006238726 0.999973834 16.763195038
0.999987185 -0.003358556 0.003787055 0.333566964 0.003335769 0.999976456 0.006007639 -0.624367237 -0.003807142 -0.005994929 0.999974787 17.187446594
0.999992371 -0.001506998 0.003608895 0.364113212 0.001483209 0.999977171 0.006585403 -0.622096658 -0.003618736 -0.006580000 0.999971747 17.669862747
0.999987304 -0.001455627 0.004815035 0.331815839 0.001422025 0.999974668 0.006974580 -0.661762357 -0.004825065 -0.006967645 0.999964058 17.998743057
0.999984801 -0.002488534 0.004928109 0.351827472 0.002451480 0.999968767 0.007510717 -0.670240998 -0.004946646 -0.007498521 0.999959588 18.473270416
0.999986410 -0.001669616 0.004945429 0.364702642 0.001633846 0.999972463 0.007228079 -0.678472698 -0.004957361 -0.007219899 0.999961615 18.943002701
0.999985278 -0.001209041 0.005279733 0.379145861 0.001171023 0.999973416 0.007197901 -0.692052901 -0.005288295 -0.007191612 0.999960124 19.413766861
0.999983668 -0.000368636 0.005708518 0.379790425 0.000328249 0.999974966 0.007074059 -0.710279465 -0.005710982 -0.007072068 0.999958634 19.911926270
0.999981523 0.000319493 0.006061202 0.390097618 -0.000364907 0.999971867 0.007492839 -0.720040858 -0.006058637 -0.007494912 0.999953568 20.398464203
0.999984384 -0.001517476 0.005378637 0.414897740 0.001476535 0.999969959 0.007607558 -0.741967142 -0.005390020 -0.007599499 0.999956608 20.850351334
0.999987602 -0.001189201 0.004833805 0.424481630 0.001154448 0.999973536 0.007186025 -0.740602612 -0.004842223 -0.007180357 0.999962509 21.352935791
0.999988556 -0.000958745 0.004678351 0.431040823 0.000927862 0.999977827 0.006599050 -0.750006557 -0.004684573 -0.006594635 0.999967337 21.879903793
0.999988198 -0.001530074 0.004603270 0.423425049 0.001493120 0.999966741 0.008020490 -0.788451195 -0.004615387 -0.008013524 0.999957263 22.389169693
0.999989808 -0.002607434 0.003667402 0.425761104 0.002579248 0.999967277 0.007669539 -0.790874779 -0.003687279 -0.007660003 0.999963880 22.881887436
0.999992073 -0.002604949 0.003020050 0.441811472 0.002582045 0.999968052 0.007562921 -0.798914194 -0.003039655 -0.007555063 0.999966860 23.316421509
0.999991536 -0.002966903 0.002856373 0.444349438 0.002946388 0.999970019 0.007159465 -0.809347093 -0.002877529 -0.007150989 0.999970257 23.849496841
0.999995172 -0.001871784 0.002465971 0.444012880 0.001855240 0.999975860 0.006693917 -0.819477022 -0.002478441 -0.006689311 0.999974549 24.380825043
0.999996603 -0.002004696 0.001655268 0.476025522 0.001991430 0.999966085 0.007977882 -0.838442445 -0.001671206 -0.007974559 0.999966800 24.896333694
0.999996603 -0.002489431 0.000726355 0.473695815 0.002483672 0.999966264 0.007825157 -0.839930892 -0.000745810 -0.007823326 0.999969125 25.371833801
0.999997318 -0.002072010 0.001037325 0.402178615 0.002063371 0.999963701 0.008260864 -0.895136714 -0.001054405 -0.008258701 0.999965310 25.819087982
0.999996901 -0.002367579 0.000788181 0.410315514 0.002360441 0.999957323 0.008937666 -0.902436972 -0.000809308 -0.008935778 0.999959767 26.361860275
0.999995530 -0.002977613 -0.000237621 0.434105098 0.002979555 0.999958277 0.008640084 -0.920354009 0.000211884 -0.008640755 0.999962687 26.906909943
0.999993920 -0.003246736 -0.001292173 0.474064201 0.003259100 0.999947846 0.009684547 -0.949888170 0.001260662 -0.009688701 0.999952257 27.428331375
0.999995291 -0.002717572 -0.001456369 0.502392471 0.002729362 0.999963045 0.008155661 -0.925356269 0.001434151 -0.008159596 0.999965727 27.914756775
0.999993384 -0.002968843 -0.002098094 0.484379292 0.002989057 0.999948502 0.009697945 -0.960482121 0.002069194 -0.009704152 0.999950767 28.439666748
0.999992609 -0.003198703 -0.002160441 0.497690588 0.003219984 0.999945581 0.009919779 -0.974303603 0.002128594 -0.009926663 0.999948502 28.989473343
0.999991119 -0.003182021 -0.002750011 0.501137972 0.003206577 0.999954641 0.008971411 -0.974020123 0.002721339 -0.008980148 0.999955952 29.547086716
0.999986231 -0.003500118 -0.003918265 0.556626201 0.003537280 0.999948442 0.009517663 -1.005972385 0.003884749 -0.009531391 0.999947011 30.125959396
0.999993324 -0.002404001 -0.002755139 0.543567181 0.002431216 0.999947906 0.009917488 -1.013557076 0.002731154 -0.009924120 0.999946952 30.677974701
0.999994755 -0.001769170 -0.002684954 0.513778627 0.001798141 0.999939799 0.010826390 -1.060695410 0.002665640 -0.010831162 0.999937773 30.958040237
0.999991119 -0.002359845 -0.003460106 0.529673398 0.002397079 0.999938846 0.010796473 -1.071582437 0.003434417 -0.010804672 0.999935806 31.491437912
0.999991298 -0.002405649 -0.003416230 0.535437346 0.002440378 0.999945045 0.010198373 -1.067659259 0.003391508 -0.010206622 0.999942183 32.015506744
0.999996066 -0.000326641 -0.002803634 0.508798838 0.000353924 0.999952555 0.009736373 -1.082441568 0.002800321 -0.009737328 0.999948680 32.575000763
0.999989748 -0.002732886 -0.003602742 0.546242356 0.002771159 0.999939322 0.010661596 -1.088936090 0.003573386 -0.010671471 0.999936700 33.132293701
0.999990463 -0.002629649 -0.003495810 0.558910012 0.002669572 0.999930739 0.011464972 -1.123001337 0.003465419 -0.011474195 0.999928117 33.702922821
0.999983907 -0.003972387 -0.004042001 0.451654732 0.004017242 0.999929786 0.011150301 -1.146606326 0.003997425 -0.011166360 0.999929667 34.239315033
0.999981821 -0.004069151 -0.004472190 0.466157913 0.004116177 0.999935865 0.010556791 -1.145546079 0.004428946 -0.010575008 0.999934316 34.783222198
0.999985516 -0.003547265 -0.004051486 0.463377386 0.003591796 0.999932647 0.011037591 -1.166685224 0.004012059 -0.011051984 0.999930859 35.322563171
0.999983549 -0.003169426 -0.004786740 0.492706746 0.003219791 0.999939144 0.010551001 -1.175176382 0.004753008 -0.010566239 0.999932945 35.923950195
0.999992609 -0.001824928 -0.003377458 0.463603318 0.001862541 0.999935865 0.011167176 -1.213689327 0.003356863 -0.011173383 0.999931991 36.447105408
0.999983847 -0.003777735 -0.004251156 0.489131391 0.003821915 0.999938250 0.010432856 -1.177950263 0.004211482 -0.010448936 0.999936521 37.001968384
0.999990284 -0.002421901 -0.003690222 0.482485414 0.002462951 0.999934614 0.011160314 -1.209184885 0.003662952 -0.011169295 0.999930918 37.589820862
0.999976754 -0.004309410 -0.005285669 0.534238935 0.004363273 0.999938309 0.010221611 -1.193882704 0.005241293 -0.010244437 0.999933779 38.126518250
0.999964535 -0.005402653 -0.006468904 0.538492978 0.005479336 0.999914229 0.011895702 -1.251852274 0.006404082 -0.011930727 0.999908328 38.649822235
0.999987662 -0.002352213 -0.004388735 0.479148686 0.002402283 0.999931693 0.011438493 -1.213398457 0.004361529 -0.011448896 0.999924958 39.136157990
0.999982834 -0.002976601 -0.005055659 0.511746466 0.003035420 0.999927342 0.011666754 -1.234631538 0.005020565 -0.011681900 0.999919176 39.649402618
0.999970019 -0.005514882 -0.005420960 0.436669469 0.005580423 0.999910593 0.012150561 -1.240633249 0.005353468 -0.012180450 0.999911487 39.863555908
0.999979615 -0.004144056 -0.004851293 0.443685472 0.004199347 0.999925673 0.011442917 -1.231124997 0.004803513 -0.011463057 0.999922752 40.399734497
0.999967039 -0.005491165 -0.005986164 0.462953150 0.005562904 0.999912083 0.012034056 -1.254166007 0.005919556 -0.012066959 0.999909639 40.957111359
0.999972284 -0.004609019 -0.005838813 0.476800799 0.004671981 0.999930620 0.010816127 -1.242058396 0.005788555 -0.010843107 0.999924481 41.515705109
0.999968171 -0.004587415 -0.006531552 0.493637770 0.004656508 0.999932945 0.010602734 -1.235567093 0.006482475 -0.010632811 0.999922514 42.101398468
0.999978185 -0.002937005 -0.005915270 0.495921880 0.002994702 0.999947786 0.009768679 -1.256361961 0.005886270 -0.009786177 0.999934852 42.631843567
0.999977708 -0.002486506 -0.006197698 0.534519613 0.002545248 0.999951720 0.009488051 -1.219313264 0.006173806 -0.009503615 0.999935806 43.180973053
0.999965906 -0.003803545 -0.007334521 0.572226048 0.003865110 0.999957263 0.008398106 -1.195779681 0.007302265 -0.008426168 0.999937892 43.723957062
0.999975979 -0.004265250 -0.005465588 0.464142710 0.004326319 0.999927819 0.011210687 -1.312151670 0.005417378 -0.011234063 0.999922156 43.880195618
0.999972105 -0.004470133 -0.005981808 0.471947521 0.004534804 0.999930978 0.010841754 -1.318822861 0.005932932 -0.010868579 0.999923289 44.404186249
0.999972939 -0.003993839 -0.006190707 0.497401774 0.004058307 0.999937296 0.010436350 -1.314885616 0.006148638 -0.010461191 0.999926388 44.974243164
0.999969602 -0.003710379 -0.006855100 0.528681159 0.003782904 0.999936700 0.010597297 -1.327981234 0.006815348 -0.010622906 0.999920309 45.479293823
0.999965847 -0.005052271 -0.006541041 0.504749775 0.005131682 0.999912560 0.012181108 -1.376501799 0.006478927 -0.012214256 0.999904454 46.073913574
0.999970317 -0.004409960 -0.006319006 0.513327837 0.004486219 0.999916673 0.012105131 -1.382718563 0.006265097 -0.012133119 0.999906719 46.604076385
0.999967098 -0.004759575 -0.006565336 0.511400700 0.004834448 0.999922931 0.011435873 -1.390424252 0.006510401 -0.011467237 0.999913037 47.149265289
0.999975443 -0.004483934 -0.005381436 0.436358392 0.004550317 0.999912858 0.012387400 -1.421286225 0.005325421 -0.012411585 0.999908745 47.431289673
0.999975801 -0.004700041 -0.005120602 0.445769131 0.004761110 0.999916971 0.011980105 -1.426104784 0.005063868 -0.012004196 0.999915123 47.983581543
0.999963045 -0.006037409 -0.006117792 0.461390555 0.006108210 0.999913812 0.011621214 -1.434179544 0.006047103 -0.011658154 0.999913752 48.542327881
0.999966204 -0.005955816 -0.005665051 0.472339720 0.006020506 0.999916017 0.011471515 -1.433472991 0.005596253 -0.011505235 0.999918103 49.132152557
0.999962151 -0.005395652 -0.006828051 0.508865714 0.005464276 0.999934375 0.010071905 -1.412777185 0.006773258 -0.010108836 0.999925971 49.610340118
0.999980390 -0.003696549 -0.005056846 0.440492392 0.003760429 0.999912500 0.012681580 -1.462620854 0.005009526 -0.012700345 0.999906778 49.882400513
0.999985695 -0.002966990 -0.004447117 0.446704268 0.003016810 0.999932170 0.011238398 -1.463818073 0.004413472 -0.011251654 0.999926984 50.431228638
0.999974132 -0.004538571 -0.005577163 0.493556827 0.004597519 0.999933183 0.010602647 -1.449605465 0.005528670 -0.010628015 0.999928176 50.954898834
0.999977529 -0.004017678 -0.005365184 0.472397387 0.004075903 0.999932408 0.010885959 -1.485459328 0.005321084 -0.010907584 0.999926329 51.473285675
0.999956250 -0.007358363 -0.005774202 0.401635855 0.007433587 0.999886274 0.013116040 -1.571326137 0.005677031 -0.013158387 0.999897301 51.659683228
0.999954760 -0.007450354 -0.005903182 0.403247148 0.007524816 0.999891162 0.012693696 -1.574713469 0.005807967 -0.012737543 0.999902010 52.203163147
0.999957621 -0.006875333 -0.006106357 0.414407045 0.006950586 0.999899089 0.012389064 -1.581411242 0.006020562 -0.012430981 0.999904633 52.756103516
0.999949574 -0.007641048 -0.006505041 0.444602281 0.007716040 0.999903142 0.011582065 -1.561277628 0.006415912 -0.011631675 0.999911726 53.315391541
0.999948502 -0.007229895 -0.007120092 0.458870083 0.007312050 0.999906182 0.011580807 -1.562082052 0.007035697 -0.011632273 0.999907553 53.843166351
0.999949157 -0.007591481 -0.006636608 0.494437605 0.007662979 0.999912202 0.010815087 -1.569028139 0.006553922 -0.010865394 0.999919534 54.383968353
0.999962449 -0.006722097 -0.005462343 0.402124375 0.006789767 0.999899209 0.012466054 -1.570665240 0.005377996 -0.012502673 0.999907374 54.477619171
0.999964654 -0.006383568 -0.005468910 0.410739422 0.006449936 0.999904752 0.012205159 -1.584610105 0.005390476 -0.012240002 0.999910533 55.037727356
0.999966204 -0.006684910 -0.004780513 0.425783426 0.006737376 0.999916315 0.011044216 -1.576120377 0.004706284 -0.011076050 0.999927580 55.610137939
0.999964058 -0.006637882 -0.005279071 0.440315455 0.006696291 0.999915659 0.011124560 -1.581339598 0.005204782 -0.011159509 0.999924123 56.164638519
0.999968767 -0.006469241 -0.004523120 0.405964524 0.006517615 0.999920845 0.010763072 -1.588684559 0.004453133 -0.010792216 0.999931812 56.594894409
0.999956131 -0.007425237 -0.005704190 0.410880387 0.007497665 0.999890208 0.012782690 -1.623972893 0.005608646 -0.012824898 0.999902010 56.919139862
0.999944091 -0.008497157 -0.006294768 0.437381923 0.008572543 0.999890685 0.012047462 -1.621675491 0.006191710 -0.012100752 0.999907553 57.491989136
0.999947727 -0.008422960 -0.005793204 0.424860239 0.008491606 0.999892831 0.011929081 -1.633771420 0.005692102 -0.011977652 0.999912083 58.007423401
0.999948502 -0.007831444 -0.006457587 0.476043493 0.007913277 0.999887466 0.012745600 -1.653545856 0.006357044 -0.012796042 0.999897897 58.480724335
0.999937773 -0.008698393 -0.006977313 0.482275575 0.008779502 0.999893248 0.011679678 -1.651895523 0.006874974 -0.011740210 0.999907434 59.023208618
0.999946713 -0.008122833 -0.006372869 0.451933205 0.008206331 0.999879360 0.013187163 -1.676826954 0.006264984 -0.013238759 0.999892652 59.316585541
0.999947846 -0.008176623 -0.006117945 0.457494259 0.008257754 0.999876618 0.013355446 -1.685170889 0.006007990 -0.013405270 0.999892056 59.835830688
0.999949574 -0.008112360 -0.005921660 0.451840878 0.008189377 0.999880672 0.013099797 -1.700461149 0.005814683 -0.013147632 0.999896705 60.380420685
0.999958634 -0.007325463 -0.005388543 0.434228987 0.007389903 0.999900222 0.012037703 -1.676901817 0.005299826 -0.012077026 0.999913037 60.921924591
0.999938428 -0.008442075 -0.007199342 0.519083142 0.008534608 0.999880075 0.012920679 -1.690913439 0.007089403 -0.012981327 0.999890625 61.410888672
0.999939620 -0.008528299 -0.006931651 0.485404819 0.008621576 0.999871135 0.013540129 -1.728160620 0.006815285 -0.013599074 0.999884307 61.770267487
0.999942422 -0.008650759 -0.006355322 0.494982839 0.008734385 0.999874055 0.013250571 -1.736289740 0.006239894 -0.013305317 0.999891996 62.301876068
0.999943554 -0.008864485 -0.005866909 0.489827961 0.008943488 0.999867797 0.013579903 -1.750334978 0.005745754 -0.013631608 0.999890625 62.846763611
0.999941170 -0.008931882 -0.006155854 0.506195307 0.009011650 0.999874175 0.013054392 -1.735290051 0.006038480 -0.013109099 0.999895871 63.334247589
0.999939144 -0.008781628 -0.006668115 0.509700179 0.008875236 0.999860644 0.014140956 -1.774274111 0.006543004 -0.014199276 0.999877691 63.717548370
0.999940872 -0.008692761 -0.006525983 0.516577959 0.008780819 0.999869168 0.013588276 -1.776507139 0.006407009 -0.013644778 0.999886334 64.268577576
0.999935627 -0.009401957 -0.006347765 0.521180034 0.009489836 0.999857545 0.013959138 -1.787854671 0.006215618 -0.014018478 0.999882400 64.783348083
0.999936402 -0.009098429 -0.006667824 0.525267839 0.009191213 0.999859452 0.014019528 -1.787900209 0.006539333 -0.014079920 0.999879479 65.174720764
0.999947906 -0.007979499 -0.006364309 0.539127409 0.008065532 0.999874830 0.013608961 -1.797071457 0.006254920 -0.013659582 0.999887168 65.701957703
0.999947011 -0.008258417 -0.006152886 0.544732213 0.008338872 0.999878466 0.013167366 -1.798629284 0.006043397 -0.013217975 0.999894321 66.251129150
0.999942720 -0.008591090 -0.006384842 0.532803416 0.008676878 0.999870718 0.013532378 -1.810331106 0.006267757 -0.013587004 0.999888003 66.667366028
0.999937475 -0.008629818 -0.007120666 0.559914708 0.008724053 0.999873340 0.013310873 -1.821779013 0.007004893 -0.013372160 0.999886036 67.200164795
0.999955595 -0.007351148 -0.005891472 0.554081559 0.007430857 0.999879539 0.013623861 -1.836323738 0.005790614 -0.013667035 0.999889851 67.710807800
0.999943733 -0.008652817 -0.006141031 0.556754053 0.008735364 0.999870062 0.013544575 -1.832678556 0.006023035 -0.013597456 0.999889433 68.154624939
0.999952614 -0.007704049 -0.005955325 0.569330871 0.007783343 0.999879718 0.013408005 -1.842146873 0.005851315 -0.013453719 0.999892414 68.699264526
0.999964952 -0.006489937 -0.005296264 0.553848743 0.006558965 0.999892354 0.013121651 -1.843876719 0.005210537 -0.013155930 0.999899924 69.280128479
0.999949455 -0.007917116 -0.006191330 0.588328421 0.007997786 0.999881983 0.013115039 -1.847270966 0.006086766 -0.013163893 0.999894798 69.779304504
0.999941885 -0.008939513 -0.006022112 0.590870976 0.009022075 0.999863744 0.013824990 -1.866036415 0.005897704 -0.013878520 0.999886274 70.189941406
0.999947906 -0.008477855 -0.005678224 0.594925642 0.008551811 0.999877214 0.013129136 -1.869640350 0.005566220 -0.013177013 0.999897659 70.729492188
0.999944866 -0.008629547 -0.005987611 0.590380549 0.008708153 0.999874532 0.013228727 -1.880087852 0.005872701 -0.013280138 0.999894559 71.255378723
0.999917448 -0.010513661 -0.007372838 0.653143525 0.010611191 0.999855101 0.013316305 -1.887249708 0.007231765 -0.013393442 0.999884129 71.764007568
0.999944329 -0.008591586 -0.006123609 0.677182317 0.008674892 0.999868393 0.013709771 -1.901031375 0.006005015 -0.013762129 0.999887228 72.071250916
0.999948144 -0.007900915 -0.006421530 0.678348005 0.007989959 0.999870658 0.013961083 -1.921534300 0.006310394 -0.014011667 0.999881983 72.596061707
0.999944687 -0.008221054 -0.006563826 0.703842759 0.008314329 0.999862969 0.014311846 -1.931275964 0.006445267 -0.014365628 0.999875963 73.050552368
0.999946415 -0.008249723 -0.006256134 0.657076001 0.008331276 0.999879181 0.013123241 -1.902472496 0.006147116 -0.013174661 0.999894261 73.670616150
0.999939203 -0.008959815 -0.006429747 0.674319565 0.009048129 0.999863267 0.013840265 -1.909334183 0.006304862 -0.013897602 0.999883533 74.145195007
0.999943078 -0.008612795 -0.006315439 0.660418034 0.008697093 0.999871790 0.013444056 -1.923001528 0.006198839 -0.013498215 0.999889672 74.688735962
0.999941468 -0.008907359 -0.006149557 0.676055789 0.008988719 0.999870718 0.013331837 -1.926128268 0.006030011 -0.013386332 0.999892175 75.252227783
0.999942601 -0.009346373 -0.005251366 0.674917340 0.009411257 0.999877930 0.012469995 -1.926704168 0.005134177 -0.012518700 0.999908447 75.838569641
0.999960363 -0.008384037 -0.002995749 0.647535801 0.008421514 0.999883533 0.012724858 -1.938907504 0.002888714 -0.012749583 0.999914527 76.370025635
0.999963045 -0.008352287 -0.002026340 0.693601608 0.008379178 0.999871790 0.013645497 -1.961417913 0.001912111 -0.013661973 0.999904811 76.748817444
0.999960542 -0.008792180 -0.001276055 0.702708185 0.008809139 0.999863863 0.013954388 -1.971701384 0.001153192 -0.013965078 0.999901772 77.296386719
0.999958873 -0.008991607 0.001234020 0.710766315 0.008972400 0.999850571 0.014776504 -2.001671791 -0.001366699 -0.014764821 0.999890089 77.842582703
0.999955773 -0.007895880 0.005119117 0.721085370 0.007819851 0.999861300 0.014705688 -2.031568289 -0.005234522 -0.014665006 0.999878764 78.367187500
0.999931693 -0.007946438 0.008564394 0.730989933 0.007826817 0.999872565 0.013911170 -1.974117756 -0.008673846 -0.013843189 0.999866545 78.817359924
0.999885917 -0.008227536 0.012664637 0.765627801 0.008064791 0.999884903 0.012848385 -1.971734762 -0.012768889 -0.012744781 0.999837220 79.375213623
0.999796987 -0.008326986 0.018348332 0.782952011 0.008091015 0.999884069 0.012897605 -1.973702192 -0.018453602 -0.012746529 0.999748409 79.931472778
0.999684334 -0.009331543 0.023324963 0.841434598 0.009027178 0.999873221 0.013120264 -1.988922596 -0.023444438 -0.012905564 0.999641776 80.405342102
0.999527097 -0.007856859 0.029729538 0.843575120 0.007429994 0.999868035 0.014441609 -2.021748543 -0.029839087 -0.014213889 0.999453664 80.903823853
0.999273062 -0.007854478 0.037304018 0.913402557 0.007325281 0.999870896 0.014301637 -2.028507710 -0.037411537 -0.014017980 0.999201596 81.445747375
0.998876512 -0.007394281 0.046808131 0.937716246 0.006759960 0.999883294 0.013695311 -2.031070471 -0.046903938 -0.013363504 0.998809993 81.977882385
0.998544097 -0.009118091 0.053164795 0.977840662 0.008449851 0.999882638 0.012780471 -2.014276028 -0.053275079 -0.012312631 0.998504043 82.609825134
0.998093665 -0.010655432 0.060789909 1.042291164 0.009927849 0.999875605 0.012258331 -2.017691374 -0.060912963 -0.011631451 0.998075366 83.168716431
0.997316599 -0.008889573 0.072667710 1.062473774 0.007882871 0.999869049 0.014128567 -2.043817520 -0.072783783 -0.013517820 0.997256100 83.596145630
0.996623993 -0.008915245 0.081615955 1.124085426 0.007793013 0.999870718 0.014058370 -2.042590380 -0.081730738 -0.013374873 0.996564686 84.158134460
0.995925486 -0.009887313 0.089636892 1.175340176 0.008788268 0.999881327 0.012647476 -2.027737141 -0.089751311 -0.011808189 0.995894194 84.789176941
0.994903803 -0.010295430 0.100301892 1.265477657 0.009031303 0.999873996 0.013049176 -2.044978142 -0.100423604 -0.012076818 0.994871497 85.352767944
0.993799031 -0.011336323 0.110612050 1.327516556 0.009921693 0.999861896 0.013331167 -2.052265167 -0.110747904 -0.012151041 0.993774176 85.883384705
0.992806196 -0.011764447 0.119153216 1.410309792 0.010224801 0.999856174 0.013524692 -2.059529305 -0.119295210 -0.012209078 0.992783785 86.455535889
0.991177261 -0.007617747 0.132324010 1.374750137 0.005904404 0.999893665 0.013335641 -1.976090193 -0.132411540 -0.012436691 0.991116762 86.840858459
0.989462316 -0.008459742 0.144543499 1.478421211 0.006695077 0.999897063 0.012690615 -1.979409456 -0.144636005 -0.011589156 0.989417017 87.387481689
0.987774551 -0.008911446 0.155634493 1.591372490 0.006961614 0.999890387 0.013068864 -1.987486362 -0.155733883 -0.011825623 0.987728238 87.932212830
0.986242592 -0.009271372 0.165044159 1.697978020 0.007275579 0.999892950 0.012692930 -1.993026853 -0.165144160 -0.011317518 0.986204445 88.477699280
0.984174371 -0.009745284 0.176934332 1.829104424 0.007494022 0.999882281 0.013387513 -2.011927366 -0.177043959 -0.011849697 0.984131575 89.003639221
0.982037365 -0.010032631 0.188419715 1.953874588 0.007690208 0.999883771 0.013158898 -2.003057003 -0.188529819 -0.011473544 0.982000411 89.550567627
0.979947507 -0.010092093 0.199000359 2.083214760 0.007621518 0.999884069 0.013177047 -2.011603117 -0.199110299 -0.011396129 0.979910791 90.091987610
0.977192402 -0.010545062 0.212093696 2.224906921 0.007951805 0.999882877 0.013076215 -2.014856815 -0.212206751 -0.011091449 0.977161884 90.619674683
0.974060714 -0.010477107 0.226044536 2.358787537 0.007619191 0.999879658 0.013511905 -2.025152206 -0.226158902 -0.011439137 0.974023283 91.110671997
0.971185625 -0.010413634 0.238096967 2.515029907 0.007333923 0.999877632 0.013816893 -2.049098492 -0.238211751 -0.011672583 0.971143067 91.659561157
0.967764080 -0.009278464 0.251687557 2.585592270 0.006002978 0.999887049 0.013778777 -2.021198511 -0.251786977 -0.011823731 0.967710435 92.172142029
0.964047849 -0.010017451 0.265540242 2.757976532 0.006468621 0.999877751 0.014235756 -2.030496597 -0.265650392 -0.012006268 0.963994741 92.696571350
0.960334659 -0.009375175 0.278692365 2.917432785 0.005898346 0.999893904 0.013311433 -2.022325039 -0.278787613 -0.011139603 0.960288167 93.221328735
0.957491219 -0.012132708 0.288206965 3.134847641 0.008403278 0.999864161 0.014173824 -2.048735380 -0.288339794 -0.011149429 0.957463264 93.724746704
0.952871144 -0.011213558 0.303168088 3.307334900 0.007091830 0.999866843 0.014693053 -2.066418171 -0.303292483 -0.011850569 0.952823818 94.269454956
0.948150873 -0.010453324 0.317648500 3.474479675 0.005864462 0.999864340 0.015399123 -2.070734978 -0.317766339 -0.012737860 0.948083460 94.781631470
0.944471061 -0.011426299 0.328395903 3.693723679 0.007027352 0.999869049 0.014578957 -2.066843987 -0.328519523 -0.011461649 0.944427669 95.299842834
0.939736187 -0.010730926 0.341731817 3.890081406 0.006187124 0.999877334 0.014383635 -2.069980145 -0.341844320 -0.011402487 0.939687431 95.817268372
0.934705555 -0.011359133 0.355241597 4.112161636 0.006553425 0.999870181 0.014728381 -2.087025404 -0.355362773 -0.011438652 0.934658408 96.325500488
0.929776192 -0.011520108 0.367944956 4.331186295 0.006255274 0.999860346 0.015498229 -2.108339071 -0.368072122 -0.012108286 0.929718435 96.886627197
0.925481141 -0.012579949 0.378584743 4.578102112 0.007339912 0.999856353 0.015281096 -2.099874973 -0.378722548 -0.011363588 0.925440431 97.364013672
0.919690609 -0.012644088 0.392440230 4.830596924 0.006906596 0.999847770 0.016028510 -2.120739460 -0.392583132 -0.012030846 0.919637859 97.828865051
0.913625121 -0.012977323 0.406350464 5.051319122 0.007267324 0.999852002 0.015591944 -2.103857040 -0.406492680 -0.011292111 0.913584232 98.437309265
0.909275711 -0.013623125 0.415971130 5.306686401 0.007530130 0.999839067 0.016284708 -2.118518591 -0.416125953 -0.011674973 0.909232020 98.907150269
0.903387427 -0.013677254 0.428607166 5.566886902 0.007454127 0.999840975 0.016194589 -2.120104551 -0.428760558 -0.011435093 0.903345764 99.433235168
0.896785796 -0.013855206 0.442247868 5.834785461 0.007531540 0.999842823 0.016051738 -2.132634163 -0.442400813 -0.011064165 0.896749198 99.926742554
0.890418589 -0.014289525 0.454918265 6.107700348 0.007763291 0.999838471 0.016210906 -2.137970924 -0.455076516 -0.010902828 0.890385568 100.441986084
0.885020494 -0.014693541 0.465320259 6.408222198 0.008315261 0.999841273 0.015756961 -2.138044119 -0.465477943 -0.010075973 0.885002136 100.929237366
0.877157629 -0.013944676 0.480000019 6.628528595 0.007208709 0.999848008 0.015873719 -2.119294167 -0.480148315 -0.010463573 0.877125025 101.380180359
0.870501757 -0.014472374 0.491952389 6.936550140 0.007904666 0.999849617 0.015426645 -2.123361826 -0.492101699 -0.009540203 0.870485544 101.848770142
