1.000000000 0.000000000 0.000000000 0.000000000 0.000000000 1.000000000 0.000000000 0.000000000 0.000000000 0.000000000 1.000000000 0.000000000
1.000000000 0.000034615 -0.000024192 0.000389610 -0.000034614 1.000000000 0.000037671 -0.001083186 0.000024193 -0.000037671 1.000000000 -0.001667888
1.000000000 -0.000027192 -0.000009973 0.000913435 0.000027192 1.000000000 -0.000006631 -0.000468879 0.000009973 0.000006631 1.000000000 -0.002549525
1.000000000 -0.000163723 -0.000118591 0.001910352 0.000163730 1.000000000 0.000059676 -0.001797250 0.000118581 -0.000059696 1.000000000 -0.004435090
1.000000000 -0.000154584 -0.000088810 -0.000112899 0.000154584 1.000000000 -0.000004287 0.000205406 0.000088810 0.000004273 1.000000000 -0.003301671
1.000000000 -0.000155047 -0.000042648 0.000814467 0.000155049 1.000000000 0.000056526 -0.000650486 0.000042639 -0.000056532 1.000000000 -0.001436043
1.000000000 -0.000153823 0.000002104 -0.000059833 0.000153823 1.000000000 0.000024571 -0.000632790 -0.000002107 -0.000024570 1.000000000 -0.003956981
1.000000000 -0.000078096 -0.000045674 0.000060648 0.000078098 1.000000000 0.000039608 0.000404770 0.000045670 -0.000039612 1.000000000 -0.003898017
1.000000000 -0.000059181 -0.000028800 0.000349594 0.000059181 1.000000000 -0.000012767 0.000505978 0.000028801 0.000012766 1.000000000 -0.000490965
1.000000000 -0.000074243 -0.000064063 -0.000304050 0.000074243 1.000000000 -0.000010733 0.001321189 0.000064064 0.000010728 1.000000000 -0.001642918
1.000000000 -0.000135588 -0.000127255 0.000890389 0.000135593 1.000000000 0.000041452 -0.000390693 0.000127250 -0.000041469 1.000000000 -0.002930968
1.000000000 -0.000183109 -0.000105941 0.000216635 0.000183109 1.000000000 -0.000007787 0.000481933 0.000105943 0.000007768 1.000000000 -0.000567137
1.000000000 -0.000203211 -0.000054380 -0.000801553 0.000203212 1.000000000 0.000031117 0.000986750 0.000054373 -0.000031128 1.000000000 -0.000815061
1.000000000 -0.000153700 -0.000053592 0.000414013 0.000153702 1.000000000 0.000029813 -0.000199844 0.000053588 -0.000029821 1.000000000 -0.003694703
1.000000000 -0.000129153 -0.000074230 0.001205279 0.000129161 1.000000000 0.000108632 -0.000417661 0.000074216 -0.000108642 1.000000000 -0.003977624
1.000000000 -0.000096244 -0.000047847 0.001978829 0.000096250 1.000000000 0.000116529 -0.001285036 0.000047836 -0.000116534 1.000000000 -0.007234138
1.000000000 -0.000134758 -0.000089524 0.001065358 0.000134760 1.000000000 0.000028645 0.000798489 0.000089521 -0.000028657 1.000000000 -0.002514460
1.000000000 -0.000092886 -0.000101657 0.001093487 0.000092894 1.000000000 0.000077613 -0.000295330 0.000101649 -0.000077623 1.000000000 -0.004542879
0.999999940 -0.000234348 -0.000109613 0.000624603 0.000234355 1.000000000 0.000065369 -0.000425827 0.000109598 -0.000065394 1.000000000 -0.003321500
0.999999940 -0.000243738 -0.000092949 0.000600365 0.000243742 0.999999940 0.000034338 0.000812297 0.000092941 -0.000034361 1.000000000 0.000096863
1.000000000 -0.000218918 -0.000066105 -0.000261264 0.000218921 1.000000000 0.000047555 -0.000614192 0.000066094 -0.000047570 1.000000000 -0.002694088
1.000000000 -0.000136055 -0.000102906 0.002833838 0.000136061 1.000000000 0.000064841 0.000075671 0.000102897 -0.000064855 1.000000000 -0.002043057
1.000000000 -0.000158889 -0.000117720 0.002486970 0.000158898 1.000000000 0.000081563 -0.000900789 0.000117707 -0.000081582 1.000000000 -0.002280684
0.999999940 -0.000234948 -0.000135244 0.001417424 0.000234960 0.999999940 0.000094224 -0.000635730 0.000135222 -0.000094255 1.000000000 -0.004142509
0.999999940 -0.000234002 -0.000188369 0.002750776 0.000234017 0.999999940 0.000078565 -0.000700351 0.000188350 -0.000078609 1.000000000 -0.004095924
0.999999940 -0.000255229 -0.000129354 0.001579116 0.000255237 0.999999940 0.000057020 0.000401608 0.000129339 -0.000057053 1.000000000 -0.003023129
0.999999940 -0.000263154 -0.000150162 0.002695385 0.000263163 0.999999940 0.000060017 -0.000196539 0.000150146 -0.000060057 1.000000000 -0.004166550
0.999999940 -0.000347869 -0.000126093 0.000980572 0.000347877 0.999999940 0.000063353 -0.000630148 0.000126071 -0.000063397 1.000000000 -0.004767498
1.000000000 -0.000162289 -0.000141278 0.001593166 0.000162299 1.000000000 0.000071344 0.000006234 0.000141267 -0.000071367 1.000000000 -0.002054948
1.000000000 -0.000194808 -0.000122829 0.002584584 0.000194822 1.000000000 0.000110298 -0.001031389 0.000122807 -0.000110322 1.000000000 -0.004033480
0.999999940 -0.000227597 -0.000160508 0.000694174 0.000227610 1.000000000 0.000079336 0.000536942 0.000160490 -0.000079372 1.000000000 -0.001517452
0.999999940 -0.000286034 -0.000166187 0.000685069 0.000286050 0.999999940 0.000097590 0.000181820 0.000166159 -0.000097638 1.000000000 -0.003747514
0.999999940 -0.000204488 -0.000146561 0.001421039 0.000204490 1.000000000 0.000011365 0.000293341 0.000146558 -0.000011395 1.000000000 -0.001992113
0.999999940 -0.000315366 -0.000171905 0.002047135 0.000315372 0.999999940 0.000036494 0.000071282 0.000171894 -0.000036548 1.000000000 -0.001868094
0.999999940 -0.000283840 -0.000102641 0.000771784 0.000283848 0.999999940 0.000072651 -0.000672011 0.000102621 -0.000072680 1.000000000 -0.005408724
0.999999940 -0.000309725 -0.000197732 0.002946200 0.000309731 0.999999940 0.000031630 0.000299203 0.000197722 -0.000031691 1.000000000 -0.003222759
0.999999940 -0.000194374 -0.000153144 0.003013218 0.000194392 1.000000000 0.000111769 -0.000496457 0.000153123 -0.000111799 1.000000000 -0.007098170
0.999999940 -0.000318167 -0.000148521 0.000636046 0.000318175 0.999999940 0.000051256 0.000029272 0.000148505 -0.000051303 1.000000000 -0.004627405
0.999999940 -0.000262044 -0.000155853 0.001275165 0.000262062 0.999999940 0.000118697 -0.000348289 0.000155822 -0.000118738 1.000000000 -0.003551063
0.999999940 -0.000255452 -0.000175410 0.002526568 0.000255461 0.999999940 0.000053099 -0.001065158 0.000175397 -0.000053144 1.000000000 0.000112778
0.999999940 -0.000262718 -0.000098874 0.001428759 0.000262664 0.999999821 -0.000539874 -0.000699179 0.000099015 0.000539848 0.999999821 0.048901990
1.000000000 -0.000101995 -0.000145840 0.001899361 0.000101832 0.999999404 -0.001113766 -0.003641673 0.000145953 0.001113751 0.999999344 0.140660018
1.000000000 -0.000172692 -0.000139959 0.005069572 0.000172495 0.999998987 -0.001407612 -0.007531103 0.000140202 0.001407588 0.999998987 0.254346848
1.000000000 -0.000213867 -0.000091947 0.006026744 0.000213739 0.999998987 -0.001387267 -0.012434390 0.000092243 0.001387248 0.999999046 0.389418364
1.000000000 -0.000117724 -0.000213262 0.011257046 0.000117491 0.999999404 -0.001089261 -0.019535577 0.000213390 0.001089236 0.999999404 0.524167299
1.000000000 -0.000162222 -0.000113651 0.012665124 0.000162105 0.999999464 -0.001022314 -0.022624472 0.000113817 0.001022296 0.999999464 0.684789658
1.000000000 -0.000116720 -0.000109558 0.019577369 0.000116617 0.999999523 -0.000939395 -0.025662737 0.000109667 0.000939383 0.999999523 0.844709396
0.999999940 0.000354663 0.000084362 0.017011231 -0.000354594 0.999999583 -0.000814362 -0.025184097 -0.000084651 0.000814332 0.999999642 1.022323728
1.000000000 -0.000068093 -0.000166646 0.027695002 0.000068001 0.999999821 -0.000549655 -0.036872473 0.000166683 0.000549643 0.999999821 1.178158283
1.000000000 -0.000112692 -0.000121780 0.031626232 0.000112729 0.999999940 0.000304957 -0.052294377 0.000121746 -0.000304971 0.999999940 1.357392192
1.000000000 0.000000432 -0.000091524 0.034644645 -0.000000394 0.999999821 0.000405292 -0.057406027 0.000091525 -0.000405292 0.999999881 1.550485253
0.999999881 -0.000444446 0.000037510 0.039164390 0.000444430 0.999999762 0.000423103 -0.064294077 -0.000037698 -0.000423086 0.999999881 1.752003789
0.999999821 0.000216804 -0.000457943 0.043118440 -0.000216621 0.999999821 0.000401255 -0.064795040 0.000458030 -0.000401156 0.999999821 1.949979663
0.999999881 0.000557083 -0.000089729 0.041738480 -0.000557054 0.999999762 0.000327787 -0.071588427 0.000089912 -0.000327737 0.999999940 2.158895016
0.999999821 0.000487118 -0.000466504 0.052858178 -0.000486884 0.999999762 0.000501974 -0.076010101 0.000466748 -0.000501746 0.999999762 2.378048182
0.999999881 0.000106410 -0.000414881 0.063130617 -0.000106125 0.999999762 0.000686845 -0.084307425 0.000414954 -0.000686801 0.999999702 2.590223074
0.999999762 0.000723247 -0.000221702 0.059116799 -0.000723160 0.999999642 0.000392170 -0.090646781 0.000221986 -0.000392010 0.999999940 2.831327200
0.999999881 0.000192196 -0.000179797 0.059243336 -0.000192039 0.999999583 0.000870870 -0.096252292 0.000179964 -0.000870835 0.999999523 3.061464310
0.999999940 0.000123756 -0.000300997 0.063913427 -0.000123518 0.999999642 0.000789316 -0.103912331 0.000301095 -0.000789279 0.999999642 3.302927256
0.999999881 0.000126115 -0.000208636 0.069567107 -0.000125905 0.999999464 0.001010726 -0.113186039 0.000208763 -0.001010700 0.999999404 3.530022144
0.999999940 0.000228564 -0.000148118 0.081431136 -0.000228403 0.999999344 0.001085840 -0.120800652 0.000148366 -0.001085807 0.999999344 3.796561956
1.000000000 0.000023777 0.000037888 0.074962966 -0.000023820 0.999999404 0.001127788 -0.127890512 -0.000037862 -0.001127789 0.999999344 4.053366184
1.000000000 0.000357474 0.000323261 0.076482914 -0.000357998 0.999998629 0.001623890 -0.139300138 -0.000322681 -0.001624006 0.999998629 4.280639172
1.000000000 0.000143838 0.000208273 0.083989255 -0.000144208 0.999998391 0.001774534 -0.147911325 -0.000208018 -0.001774564 0.999998450 4.535390377
1.000000000 0.000075179 0.000212202 0.089814901 -0.000075587 0.999998152 0.001922538 -0.155580118 -0.000212057 -0.001922554 0.999998093 4.796525478
0.999999940 0.000210935 0.000281703 0.091039911 -0.000211543 0.999997616 0.002159680 -0.166584000 -0.000281247 -0.002159739 0.999997616 5.063440323
0.999999940 -0.000093560 0.000013929 0.101485036 0.000093532 0.999997914 0.002037676 -0.176825941 -0.000014119 -0.002037675 0.999997914 5.311432362
1.000000000 0.000051344 0.000028192 0.106608719 -0.000051400 0.999997973 0.001979376 -0.185016721 -0.000028091 -0.001979378 0.999998033 5.580478668
0.999999940 0.000444959 0.000104766 0.108338147 -0.000445164 0.999997914 0.001968161 -0.189173236 -0.000103890 -0.001968207 0.999998033 5.860515594
1.000000119 -0.000111274 0.000071683 0.113477871 0.000111120 0.999997675 0.002141703 -0.203503251 -0.000071921 -0.002141695 0.999997675 6.138595104
0.999999821 0.000476091 0.000392967 0.116992995 -0.000476979 0.999997377 0.002262589 -0.211261481 -0.000391888 -0.002262776 0.999997318 6.419662952
0.999999702 0.000755601 0.000077622 0.125753179 -0.000755802 0.999996245 0.002624728 -0.233862653 -0.000075638 -0.002624787 0.999996483 6.658057690
0.999999762 0.000653750 -0.000052359 0.136003435 -0.000653606 0.999996126 0.002698677 -0.242954135 0.000054123 -0.002698642 0.999996364 6.954197407
0.999999881 0.000437492 -0.000058108 0.148321241 -0.000437338 0.999996364 0.002626350 -0.253043681 0.000059257 -0.002626324 0.999996543 7.238430977
0.999999881 0.000530021 0.000067416 0.152715147 -0.000530192 0.999996603 0.002567929 -0.261806667 -0.000066054 -0.002567964 0.999996722 7.555617809
0.999999762 0.000682384 0.000099757 0.158283621 -0.000682667 0.999995649 0.002872139 -0.276631266 -0.000097796 -0.002872207 0.999995828 7.882696152
0.999999940 -0.000057302 0.000242340 0.162622437 0.000056573 0.999995470 0.003010669 -0.286031365 -0.000242512 -0.003010655 0.999995410 8.157032013
1.000000000 -0.000259811 0.000066302 0.177339613 0.000259606 0.999995232 0.003067543 -0.296957016 -0.000067099 -0.003067525 0.999995291 8.477541924
0.999999940 0.000082805 0.000260256 0.181693971 -0.000083595 0.999995410 0.003035490 -0.302241147 -0.000260004 -0.003035512 0.999995351 8.810441017
0.999999881 -0.000061784 0.000388689 0.183018893 0.000060643 0.999995649 0.002936388 -0.312526673 -0.000388869 -0.002936364 0.999995589 9.155027390
0.999999464 0.000855519 0.000616068 0.175944611 -0.000857388 0.999994993 0.003039353 -0.326390266 -0.000613464 -0.003039879 0.999995172 9.454797745
0.999999046 0.001174991 0.000673997 0.187058315 -0.001177175 0.999993980 0.003249838 -0.335536093 -0.000670175 -0.003250628 0.999994516 9.798931122
0.999999464 0.000736432 0.000670213 0.187773556 -0.000738537 0.999994814 0.003146670 -0.345935673 -0.000667893 -0.003147163 0.999994814 10.167823792
0.999999642 0.000715064 0.000487994 0.203305855 -0.000716693 0.999994159 0.003345313 -0.354777962 -0.000485599 -0.003345661 0.999994338 10.525851250
0.999999642 0.000551102 0.000629259 0.211341858 -0.000553454 0.999992847 0.003744714 -0.376463383 -0.000627190 -0.003745061 0.999992788 10.852784157
0.999999344 0.000769711 0.000926701 0.219497696 -0.000773326 0.999992132 0.003906533 -0.388294071 -0.000923687 -0.003907247 0.999991953 11.229402542
0.999999166 0.000930911 0.000871158 0.227996081 -0.000934281 0.999992132 0.003876419 -0.395657420 -0.000867543 -0.003877230 0.999992132 11.617781639
0.999999464 0.000825876 0.000608645 0.241532281 -0.000828415 0.999990880 0.004183112 -0.411316782 -0.000605185 -0.004183614 0.999991119 11.979565620
0.999999642 0.000494658 0.000562068 0.242500767 -0.000496735 0.999993026 0.003699731 -0.414600432 -0.000560234 -0.003700009 0.999993026 12.343862534
0.999999225 0.000848836 0.000858999 0.247250736 -0.000852187 0.999991953 0.003908265 -0.425489902 -0.000855674 -0.003908995 0.999991953 12.745903969
0.999999762 0.000516414 0.000364221 0.264733404 -0.000517829 0.999992311 0.003896624 -0.440541714 -0.000362206 -0.003896812 0.999992371 13.131373405
0.999999285 0.000786172 0.000937529 0.269445181 -0.000789908 0.999991775 0.003991422 -0.448033869 -0.000934383 -0.003992160 0.999991596 13.546497345
0.999999583 0.000155497 0.000800398 0.278173238 -0.000158948 0.999990702 0.004312476 -0.469315469 -0.000799720 -0.004312602 0.999990404 13.918619156
0.999999404 0.000257475 0.001031264 0.294333816 -0.000262030 0.999990225 0.004419091 -0.487506092 -0.001030116 -0.004419358 0.999989748 14.326672554
0.999999225 -0.000280651 0.001183133 0.309439182 0.000275233 0.999989450 0.004577032 -0.504193664 -0.001184405 -0.004576702 0.999988854 14.741029739
0.999999344 -0.000238635 0.001118302 0.307948858 0.000233225 0.999988258 0.004835409 -0.512657702 -0.001119442 -0.004835145 0.999987602 15.152816772
0.999998927 -0.000014661 0.001502975 0.317254007 0.000007513 0.999988675 0.004755721 -0.518254638 -0.001503028 -0.004755704 0.999987483 15.596933365
0.999998569 -0.000064496 0.001773162 0.328184426 0.000055695 0.999987602 0.004963160 -0.534859776 -0.001773460 -0.004963052 0.999986112 16.017574310
0.999997973 -0.000830022 0.001841835 0.339115679 0.000820820 0.999987185 0.004991190 -0.548017800 -0.001845954 -0.004989668 0.999985874 16.457386017
0.999998152 -0.000162546 0.001904943 0.348907858 0.000153219 0.999988019 0.004895143 -0.559290528 -0.001905716 -0.004894842 0.999986231 16.891025543
0.999997497 -0.000388256 0.002190144 0.355550468 0.000377215 0.999987245 0.005039362 -0.570001245 -0.002192072 -0.005038524 0.999984920 17.356044769
0.999997020 -0.000899865 0.002261500 0.375628084 0.000888979 0.999987960 0.004809910 -0.579523265 -0.002265801 -0.004807886 0.999985874 17.818935394
0.999996006 -0.000492388 0.002786654 0.379062742 0.000477428 0.999985397 0.005366595 -0.591169477 -0.002789255 -0.005365244 0.999981642 18.254360199
0.999996066 -0.001116137 0.002582202 0.392118216 0.001102008 0.999984384 0.005466728 -0.604189098 -0.002588263 -0.005463861 0.999981701 18.716978073
0.999996305 -0.000614718 0.002652477 0.407406032 0.000600494 0.999985397 0.005360375 -0.615036845 -0.002655734 -0.005358762 0.999982119 19.200944901
0.999995947 -0.000297839 0.002837452 0.408622652 0.000281281 0.999982953 0.005834098 -0.643995404 -0.002839140 -0.005833275 0.999978900 19.627193451
0.999995649 -0.000889435 0.002815985 0.422386974 0.000872773 0.999982059 0.005912697 -0.656165838 -0.002821193 -0.005910212 0.999978542 20.121026993
0.999996781 -0.000681418 0.002448705 0.436075658 0.000666700 0.999981761 0.006006480 -0.670579076 -0.002452754 -0.006004828 0.999979019 20.605003357
0.999998450 -0.000786259 0.001560955 0.440405577 0.000777219 0.999982953 0.005783515 -0.677031338 -0.001565475 -0.005782293 0.999982059 21.075180054
0.999998927 -0.001034169 0.001045079 0.446365297 0.001028359 0.999984145 0.005545130 -0.687398016 -0.001050797 -0.005544049 0.999984086 21.574855804
0.999999225 -0.000735181 0.001015582 0.457383543 0.000729252 0.999982774 0.005825780 -0.701234937 -0.001019848 -0.005825035 0.999982536 22.080223083
0.999999225 -0.000943118 0.000709232 0.467086464 0.000939230 0.999984622 0.005461670 -0.716042697 -0.000714372 -0.005461000 0.999984801 22.592338562
0.999999225 -0.001194177 -0.000002971 0.470972717 0.001194174 0.999981403 0.005971284 -0.737261057 -0.000004160 -0.005971283 0.999982178 23.045888901
0.999996841 -0.002347677 -0.000830327 0.479635149 0.002352457 0.999980390 0.005802764 -0.748154104 0.000816688 -0.005804700 0.999982834 23.571210861
0.999998391 -0.001492511 -0.000949189 0.491472989 0.001498019 0.999981880 0.005828621 -0.759152651 0.000940473 -0.005830033 0.999982536 24.052932739
0.999998093 -0.001162451 -0.001548976 0.499558538 0.001172220 0.999979317 0.006321313 -0.774469435 0.001541596 -0.006323117 0.999978781 24.588403702
0.999996603 -0.000637556 -0.002535516 0.510384798 0.000652770 0.999981761 0.006004055 -0.781651139 0.002531642 -0.006005690 0.999978781 25.109800339
0.999996424 -0.000472738 -0.002614192 0.508988261 0.000489816 0.999978483 0.006536409 -0.796394348 0.002611046 -0.006537667 0.999975204 25.599176407
0.999995112 -0.000764820 -0.003026235 0.512400627 0.000785177 0.999977052 0.006731468 -0.806527019 0.003021017 -0.006733811 0.999972820 26.145603180
0.999991119 -0.001427452 -0.003968003 0.536987543 0.001455680 0.999973595 0.007120403 -0.824645758 0.003957734 -0.007126116 0.999966800 26.717443466
0.999991953 -0.000224097 -0.004007731 0.536917567 0.000252211 0.999975383 0.007015841 -0.842930615 0.004006060 -0.007016794 0.999967277 27.157522202
0.999991357 -0.000328719 -0.004161512 0.538717628 0.000358531 0.999974251 0.007165164 -0.850148082 0.004159050 -0.007166592 0.999965608 27.710954666
0.999990523 0.000306774 -0.004349101 0.550595522 -0.000274524 0.999972522 0.007413852 -0.871423066 0.004351256 -0.007412588 0.999962986 28.252267838
0.999988556 0.000151335 -0.004779617 0.567693949 -0.000118759 0.999976873 0.006815203 -0.871360838 0.004780538 -0.006814558 0.999965370 28.783945084
0.999985635 -0.000577366 -0.005323576 0.557843328 0.000617024 0.999971986 0.007450741 -0.901296675 0.005319125 -0.007453918 0.999958098 29.249652863
0.999984384 -0.000422865 -0.005570463 0.569404840 0.000463805 0.999972880 0.007350109 -0.912540972 0.005567204 -0.007352578 0.999957502 29.801959991
0.999984562 -0.000485023 -0.005555490 0.571139157 0.000526391 0.999972045 0.007447309 -0.929525077 0.005551723 -0.007450117 0.999956846 30.308525085
0.999980688 -0.000935548 -0.006150429 0.592122257 0.000981600 0.999971449 0.007488861 -0.952156484 0.006143247 -0.007494753 0.999952972 30.826175690
0.999977112 -0.001014860 -0.006691308 0.616889954 0.001066618 0.999969482 0.007736120 -0.977279484 0.006683253 -0.007743079 0.999947667 31.341932297
0.999979019 -0.000764085 -0.006431120 0.622536421 0.000812410 0.999971390 0.007515030 -0.982606530 0.006425194 -0.007520097 0.999951065 31.895252228
0.999978423 -0.000480002 -0.006553927 0.599756956 0.000533383 0.999966681 0.008145447 -0.999209881 0.006549800 -0.008148767 0.999945343 32.397109985
0.999978006 -0.000481863 -0.006616171 0.602709293 0.000535629 0.999966800 0.008127194 -1.005106449 0.006612035 -0.008130560 0.999945104 32.961536407
0.999978065 0.000381278 -0.006619088 0.607901812 -0.000327968 0.999967575 0.008053120 -1.016462684 0.006621943 -0.008050772 0.999945641 33.497131348
0.999973357 -0.000479778 -0.007282008 0.627419233 0.000540557 0.999964952 0.008346806 -1.033410072 0.007277749 -0.008350520 0.999938607 34.005104065
0.999974966 0.000053983 -0.007078700 0.634555995 0.000004041 0.999966443 0.008196816 -1.035902739 0.007078905 -0.008196639 0.999941349 34.544181824
0.999974489 -0.000285350 -0.007158032 0.619824111 0.000345718 0.999964356 0.008433780 -1.075553894 0.007155371 -0.008436038 0.999938726 35.011127472
0.999972641 0.000074869 -0.007410296 0.631245494 -0.000011781 0.999963701 0.008513154 -1.088716626 0.007410664 -0.008512832 0.999936223 35.565994263
0.999970078 0.000145406 -0.007748255 0.644285321 -0.000079559 0.999963820 0.008497978 -1.100765467 0.007749211 -0.008497106 0.999933839 36.107376099
0.999967754 -0.000245051 -0.008038399 0.656044364 0.000314871 0.999962151 0.008685677 -1.116795778 0.008035965 -0.008687925 0.999929965 36.657234192
0.999967575 -0.000043884 -0.008059002 0.650681496 0.000112700 0.999963403 0.008538653 -1.119642138 0.008058334 -0.008539283 0.999931037 37.222492218
0.999969363 0.000326348 -0.007825177 0.630417645 -0.000256832 0.999960423 0.008883028 -1.128861904 0.007827767 -0.008880745 0.999929905 37.730991364
0.999966323 -0.000952219 -0.008148349 0.645365655 0.001030686 0.999953091 0.009631029 -1.184418678 0.008138796 -0.009639106 0.999920428 38.179702759
0.999964952 -0.001281119 -0.008275918 0.655167699 0.001362604 0.999950588 0.009847966 -1.198365450 0.008262891 -0.009858897 0.999917328 38.722198486
0.999965727 -0.000634968 -0.008252923 0.666845202 0.000716762 0.999950647 0.009911781 -1.213443518 0.008246222 -0.009917358 0.999916792 39.276584625
0.999963045 -0.001330050 -0.008487625 0.674732029 0.001411680 0.999952734 0.009618791 -1.221090555 0.008474430 -0.009630417 0.999917746 39.846973419
0.999965727 -0.000462070 -0.008264421 0.664692581 0.000540015 0.999955356 0.009431702 -1.216783285 0.008259693 -0.009435844 0.999921322 40.371707916
0.999957323 -0.001300622 -0.009145578 0.683300376 0.001388098 0.999953210 0.009565077 -1.223037362 0.009132710 -0.009577363 0.999912381 40.937355042
0.999959886 -0.001377394 -0.008850000 0.680361390 0.001467753 0.999946773 0.010211670 -1.269541383 0.008835464 -0.010224250 0.999908686 41.358562469
0.999961853 -0.001085665 -0.008666230 0.685354829 0.001176266 0.999944627 0.010456170 -1.277706146 0.008654401 -0.010465965 0.999907732 41.914348602
0.999956071 -0.001765227 -0.009209037 0.697016299 0.001863292 0.999941528 0.010651112 -1.291875601 0.009189698 -0.010667802 0.999900818 42.468654633
0.999960363 -0.001463935 -0.008776587 0.688364208 0.001552564 0.999947727 0.010099968 -1.301594377 0.008761343 -0.010113195 0.999910414 42.939723969
0.999961138 -0.001111805 -0.008745390 0.692692220 0.001199166 0.999949336 0.009990517 -1.313220978 0.008733840 -0.010000613 0.999911845 43.464092255
0.999961793 -0.000854457 -0.008694327 0.694225907 0.000940901 0.999950111 0.009943236 -1.326638460 0.008685398 -0.009951035 0.999912739 44.015674591
0.999963462 -0.000513326 -0.008526743 0.711553216 0.000597660 0.999950886 0.009890939 -1.335744143 0.008521249 -0.009895673 0.999914765 44.529148102
0.999961197 -0.000942933 -0.008761892 0.711690426 0.001031419 0.999948502 0.010099977 -1.345630884 0.008751916 -0.010108623 0.999910593 45.073238373
0.999960840 -0.000575454 -0.008825094 0.702716768 0.000663117 0.999950469 0.009933670 -1.352226138 0.008818940 -0.009939132 0.999911726 45.656124115
0.999958158 -0.001004100 -0.009092629 0.720428467 0.001100894 0.999942720 0.010646628 -1.378027558 0.009081418 -0.010656193 0.999902010 46.083122253
0.999954939 -0.001228935 -0.009414173 0.729976296 0.001326601 0.999945343 0.010375247 -1.384618878 0.009400908 -0.010387270 0.999901891 46.629798889
0.999959409 -0.000985020 -0.008947399 0.737370849 0.001078898 0.999944389 0.010493455 -1.397136211 0.008936564 -0.010502682 0.999904931 47.134731293
0.999952435 -0.001548240 -0.009628434 0.752530575 0.001644993 0.999948204 0.010048821 -1.405149698 0.009612376 -0.010064181 0.999903142 47.707469940
0.999957204 -0.001238883 -0.009166669 0.749272704 0.001336658 0.999942183 0.010667958 -1.421678782 0.009152923 -0.010679753 0.999901056 48.187259674
0.999957263 -0.001017261 -0.009194919 0.756244659 0.001116299 0.999941349 0.010772250 -1.428431988 0.009183422 -0.010782052 0.999899685 48.731239319
0.999956787 -0.001233118 -0.009210574 0.757503390 0.001330247 0.999943495 0.010546640 -1.439862847 0.009197049 -0.010558437 0.999901891 49.271736145
0.999957561 -0.000904487 -0.009164171 0.758330584 0.001002896 0.999941826 0.010739577 -1.452545285 0.009153924 -0.010748310 0.999900341 49.757953644
0.999959052 -0.000796530 -0.009010082 0.759812117 0.000893644 0.999941528 0.010779619 -1.463705301 0.009000970 -0.010787229 0.999901295 50.301071167
0.999958873 -0.000688506 -0.009037721 0.763423920 0.000786004 0.999941468 0.010788722 -1.473590493 0.009029766 -0.010795383 0.999900937 50.806713104
0.999959290 -0.000753819 -0.008991676 0.772720933 0.000851585 0.999940455 0.010874051 -1.484170437 0.008982944 -0.010881265 0.999900460 51.336799622
0.999960840 -0.000710572 -0.008827523 0.778667092 0.000803759 0.999944031 0.010557385 -1.492975950 0.008819528 -0.010564067 0.999905348 51.877029419
0.999960780 -0.000484608 -0.008844446 0.776401043 0.000580081 0.999941528 0.010795257 -1.503900051 0.008838697 -0.010799963 0.999902606 52.373386383
0.999959588 -0.000764352 -0.008958532 0.794327199 0.000858673 0.999944210 0.010529538 -1.511457205 0.008949984 -0.010536807 0.999904394 52.981513977
0.999960065 -0.000621760 -0.008914713 0.792513371 0.000717724 0.999941707 0.010765534 -1.523188353 0.008907501 -0.010771502 0.999902248 53.420112610
0.999963462 -0.000089147 -0.008551918 0.792419910 0.000181393 0.999941707 0.010786396 -1.529636621 0.008550458 -0.010787551 0.999905169 53.969577789
0.999960482 -0.000453006 -0.008874487 0.801678300 0.000552645 0.999936819 0.011228407 -1.542091846 0.008868840 -0.011232868 0.999897599 54.458084106
0.999964356 -0.000129111 -0.008438130 0.811749220 0.000222608 0.999938548 0.011080279 -1.546201229 0.008436181 -0.011081763 0.999902964 55.067787170
0.999965429 -0.000257507 -0.008315131 0.815548003 0.000347919 0.999940872 0.010873532 -1.557846785 0.008311840 -0.010876047 0.999906361 55.538658142
0.999967515 0.000056458 -0.008062048 0.817827463 0.000031077 0.999941111 0.010857137 -1.568795800 0.008062186 -0.010857035 0.999908566 56.092658997
0.999962866 -0.000184565 -0.008612559 0.823645949 0.000280145 0.999938369 0.011097861 -1.590708494 0.008609980 -0.011099859 0.999901354 56.529338837
0.999966323 0.000611137 -0.008180315 0.831770003 -0.000522970 0.999941826 0.010775762 -1.573921442 0.008186424 -0.010771121 0.999908507 57.208007812
0.999963701 0.000224955 -0.008514504 0.838834941 -0.000129469 0.999937057 0.011213372 -1.614395380 0.008516491 -0.011211862 0.999900937 57.600700378
0.999962389 -0.000451231 -0.008651058 0.840158403 0.000549320 0.999935567 0.011339383 -1.618949175 0.008645383 -0.011343710 0.999898255 58.101852417
0.999961019 -0.000255815 -0.008822586 0.852001488 0.000355036 0.999936640 0.011246391 -1.610557318 0.008819151 -0.011249085 0.999897897 58.719501495
0.999964893 -0.000059985 -0.008375353 0.855920732 0.000155661 0.999934733 0.011423375 -1.645091534 0.008374122 -0.011424279 0.999899626 59.185672760
0.999964416 0.000612316 -0.008408882 0.874110103 -0.000512080 0.999928832 0.011917260 -1.655379057 0.008415581 -0.011912530 0.999893546 59.736774445
0.999962449 0.000021086 -0.008666126 0.877713025 0.000081031 0.999930561 0.011782887 -1.678606510 0.008665772 -0.011783147 0.999892950 60.243457794
0.999964654 -0.000201543 -0.008403124 0.877097607 0.000297990 0.999934077 0.011477808 -1.690361023 0.008400257 -0.011479905 0.999898791 60.772663116
0.999960959 -0.000053178 -0.008836807 0.908534288 0.000156188 0.999932110 0.011656606 -1.689927220 0.008835585 -0.011657530 0.999892950 61.292903900
0.999957025 -0.000072885 -0.009262642 0.920885086 0.000182596 0.999929845 0.011844192 -1.719836950 0.009261128 -0.011845374 0.999886930 61.788864136
0.999956846 -0.000075048 -0.009282432 0.920880437 0.000184605 0.999930322 0.011802363 -1.725719213 0.009280901 -0.011803568 0.999887168 62.317165375
0.999953151 -0.000181597 -0.009679764 0.924631536 0.000290599 0.999936640 0.011260618 -1.733336329 0.009677105 -0.011262903 0.999889672 62.878498077
0.999956727 0.000496041 -0.009289831 0.917131901 -0.000389508 0.999934256 0.011465956 -1.740411043 0.009294908 -0.011461843 0.999891043 63.423908234
0.999960661 0.000121897 -0.008862861 0.935210228 -0.000014841 0.999926984 0.012078197 -1.767027378 0.008863686 -0.012077590 0.999887764 63.863540649
0.999961376 0.000387677 -0.008776464 0.938256919 -0.000280111 0.999924839 0.012254090 -1.774148822 0.008780557 -0.012251158 0.999886334 64.420684814
0.999960661 0.000451742 -0.008854185 0.945791006 -0.000345191 0.999927461 0.012031847 -1.783275843 0.008858980 -0.012028317 0.999888361 64.953895569
0.999956071 -0.000875083 -0.009326974 0.959559083 0.000982943 0.999932587 0.011566019 -1.796216130 0.009316225 -0.011574679 0.999889612 65.470405579
0.999957919 0.000096768 -0.009168915 0.962856829 0.000014045 0.999926925 0.012084980 -1.812999606 0.009169417 -0.012084600 0.999884903 65.994651794
0.999961674 0.000172077 -0.008752212 0.960353732 -0.000073551 0.999936640 0.011256366 -1.792418838 0.008753594 -0.011255291 0.999898314 66.583412170
0.999963462 0.001090277 -0.008476024 0.948133707 -0.000984015 0.999920964 0.012530883 -1.835091114 0.008489016 -0.012522087 0.999885499 67.011421204
0.999963224 0.000936340 -0.008526994 0.958196223 -0.000828770 0.999920130 0.012609960 -1.850964069 0.008538121 -0.012602429 0.999884069 67.538909912
0.999962687 0.001082321 -0.008569600 0.962804735 -0.000974059 0.999919832 0.012627422 -1.854667783 0.008582582 -0.012618604 0.999883473 68.086776733
0.999966025 0.001372234 -0.008122246 0.965991139 -0.001270642 0.999921083 0.012499866 -1.858709335 0.008138758 -0.012489123 0.999888837 68.628997803
0.999962091 0.001187624 -0.008626900 0.978092015 -0.001080107 0.999921799 0.012456981 -1.864501238 0.008641020 -0.012447191 0.999885142 69.166168213
0.999958992 0.000877848 -0.009007000 0.999384940 -0.000764216 0.999920189 0.012611671 -1.868611574 0.009017353 -0.012604273 0.999879897 69.742118835
0.999962509 0.000905787 -0.008607771 0.984053910 -0.000797880 0.999921083 0.012531078 -1.894645452 0.008618442 -0.012523742 0.999884427 70.209426880
0.999961138 -0.000089876 -0.008818134 0.990760803 0.000198691 0.999923766 0.012339856 -1.899204969 0.008816353 -0.012341129 0.999884963 70.764373779
0.999958992 0.000378208 -0.009041308 0.999017775 -0.000266325 0.999923348 0.012372710 -1.906784177 0.009045295 -0.012369798 0.999882579 71.310989380
0.999962151 0.000786119 -0.008658295 1.004343987 -0.000680114 0.999924839 0.012239439 -1.919840813 0.008667266 -0.012233086 0.999887586 71.839012146
0.999957860 -0.000103862 -0.009182933 1.019053578 0.000215201 0.999926388 0.012124325 -1.911642075 0.009180999 -0.012125791 0.999884307 72.435836792
0.999962747 0.001328180 -0.008526845 1.000485897 -0.001227913 0.999930203 0.011753453 -1.935634613 0.008541859 -0.011742545 0.999894559 72.924324036
0.999963164 0.000758285 -0.008552481 1.021124363 -0.000655079 0.999927044 0.012063725 -1.947153330 0.008561005 -0.012057680 0.999890625 73.443801880
0.999962270 0.001192651 -0.008608229 1.020292282 -0.001088531 0.999926269 0.012090003 -1.952760458 0.008622014 -0.012080176 0.999889851 73.941986084
0.999962926 0.000980029 -0.008552475 1.026848078 -0.000878919 0.999929845 0.011818116 -1.954982519 0.008563455 -0.011810162 0.999893606 74.549285889
0.999957442 -0.000280040 -0.009227886 1.049446821 0.000392970 0.999925017 0.012238426 -1.981667161 0.009223767 -0.012241530 0.999882519 75.052719116
0.999961972 0.000713658 -0.008682821 1.032457352 -0.000605594 0.999922395 0.012441942 -1.989609599 0.008691026 -0.012436213 0.999884903 75.558067322
0.999953926 -0.000645324 -0.009581029 1.064274788 0.000756618 0.999932170 0.011617075 -1.989014864 0.009572881 -0.011623789 0.999886572 76.156654358
0.999963820 0.000514696 -0.008491234 1.049553156 -0.000410688 0.999924898 0.012245966 -2.003631830 0.008496900 -0.012242036 0.999888897 76.645477295
0.999963462 0.000599195 -0.008519232 1.056732297 -0.000494363 0.999924183 0.012302089 -2.016352892 0.008525957 -0.012297428 0.999888062 77.171974182
0.999963582 0.000842191 -0.008483647 1.062860370 -0.000739088 0.999925852 0.012148973 -2.028949499 0.008493249 -0.012142261 0.999890208 77.720130920
0.999967754 0.001017966 -0.007966601 1.068361521 -0.000919074 0.999922574 0.012407169 -2.034120560 0.007978614 -0.012399447 0.999891281 78.267898560
0.999975979 0.000681789 -0.006896243 1.079518318 -0.000596557 0.999923468 0.012353710 -2.043491364 0.006904138 -0.012349298 0.999899924 78.811157227
0.999984205 0.001034343 -0.005545532 1.087660313 -0.000964448 0.999920189 0.012591809 -2.058972359 0.005558114 -0.012586259 0.999905348 79.338752747
0.999991179 0.000701819 -0.004143513 1.100814700 -0.000650589 0.999923587 0.012352386 -2.064676523 0.004151865 -0.012349582 0.999915063 79.882476807
0.999999166 0.001227495 -0.000415494 1.114721775 -0.001222352 0.999925256 0.012160704 -2.074940205 0.000430391 -0.012160186 0.999925911 80.422515869
0.999992192 0.001359170 0.003697305 1.136416554 -0.001406793 0.999915719 0.012908355 -2.091685772 -0.003679447 -0.012913456 0.999909818 80.956001282
0.999980628 0.000750660 0.006172250 1.150914669 -0.000826464 0.999924183 0.012288119 -2.094743729 -0.006162557 -0.012292984 0.999905467 81.517822266
0.999944985 0.000600779 0.010474071 1.184708476 -0.000728459 0.999925435 0.012190587 -2.090388775 -0.010465965 -0.012197548 0.999870777 82.113731384
0.999856412 0.001072989 0.016912941 1.206508279 -0.001286314 0.999919713 0.012607272 -2.118159294 -0.016898060 -0.012627218 0.999777436 82.618133545
0.999743581 0.001004754 0.022620747 1.234805942 -0.001286010 0.999922037 0.012422408 -2.126911163 -0.022606501 -0.012448314 0.999666870 83.159423828
0.999597907 0.001055754 0.028335636 1.268310666 -0.001416063 0.999918282 0.012698719 -2.137219429 -0.028319918 -0.012733739 0.999517798 83.707733154
0.999342918 0.000819194 0.036238156 1.313338280 -0.001269328 0.999922395 0.012400290 -2.135488033 -0.036225181 -0.012438140 0.999266326 84.269683838
0.999025583 0.000642257 0.044129275 1.349236727 -0.001196235 0.999920785 0.012528284 -2.151431084 -0.044117734 -0.012568865 0.998947203 84.816955566
0.998716474 0.000295644 0.050649405 1.397190571 -0.000930273 0.999921322 0.012506725 -2.158107758 -0.050641723 -0.012537789 0.998638153 85.366180420
0.998231947 0.000161626 0.059437826 1.449060917 -0.000901834 0.999922395 0.012426876 -2.167670727 -0.059431203 -0.012458510 0.998154640 85.912277222
0.997581959 -0.000391421 0.069500707 1.508594513 -0.000466460 0.999923885 0.012326830 -2.175051928 -0.069500230 -0.012329438 0.997505724 86.467720032
0.996950805 -0.000449062 0.078031234 1.574059486 -0.000516567 0.999923468 0.012354268 -2.188230038 -0.078030840 -0.012356906 0.996874332 87.004867554
0.996292233 -0.000903702 0.086028524 1.636411667 -0.000151702 0.999924779 0.012260738 -2.195239067 -0.086033113 -0.012228332 0.996217251 87.568603516
0.995310664 -0.000660067 0.096728012 1.709872723 -0.000545135 0.999922514 0.012432749 -2.203722000 -0.096728705 -0.012427176 0.995233297 88.101074219
0.994263709 -0.000797379 0.106953584 1.809540272 -0.000561236 0.999919534 0.012672145 -2.223640919 -0.106955074 -0.012659481 0.994183183 88.667976379
0.993270755 -0.001750972 0.115801886 1.905974388 0.000288422 0.999920011 0.012645311 -2.239142418 -0.115814775 -0.012526818 0.993191838 89.204734802
0.991834641 -0.000793157 0.127529129 1.982968330 -0.000795909 0.999922633 0.012408979 -2.239658833 -0.127529100 -0.012409153 0.991757154 89.765235901
0.990327954 -0.001818593 0.138734341 2.093766212 0.000051560 0.999918997 0.012739342 -2.256574631 -0.138746262 -0.012608975 0.990247607 90.294822693
0.988781154 -0.002370256 0.149353459 2.203373909 0.000485390 0.999919772 0.012655363 -2.266672611 -0.149371445 -0.012440886 0.988703012 90.847496033
0.987140298 -0.002662979 0.159833997 2.319699287 0.000670832 0.999921441 0.012516509 -2.275051117 -0.159854770 -0.012248329 0.987064540 91.393127441
0.985025108 -0.003251294 0.172380522 2.444491386 0.001119153 0.999921679 0.012464548 -2.286917686 -0.172407538 -0.012084974 0.984951556 91.919563293
0.982686937 -0.003018148 0.185249120 2.558506966 0.000659934 0.999917984 0.012790293 -2.291022778 -0.185272545 -0.012446602 0.982608318 92.500015259
0.980727375 -0.003470902 0.195350423 2.685381889 0.000991689 0.999917686 0.012787481 -2.296515942 -0.195378721 -0.012347304 0.980650127 93.035224915
0.977989137 -0.002806890 0.208636835 2.828416824 0.000133460 0.999917746 0.012826772 -2.306431770 -0.208655640 -0.012516602 0.977909088 93.580162048
0.975010097 -0.002944912 0.222141027 2.975496292 0.000029879 0.999913812 0.013124661 -2.314387798 -0.222160548 -0.012790038 0.974926233 94.123786926
0.972337425 -0.003297926 0.233557731 3.118837357 0.000228141 0.999913216 0.013169376 -2.324211121 -0.233580902 -0.012751791 0.972253740 94.658416748
0.969533443 -0.004657736 0.244914621 3.306451797 0.001544593 0.999915600 0.012901674 -2.342968702 -0.244954050 -0.012130310 0.969458818 95.187866211
0.965905488 -0.003858702 0.258866131 3.458187103 0.000412119 0.999910593 0.013367103 -2.354090214 -0.258894533 -0.012804674 0.965820730 95.670402527
0.962650299 -0.004904352 0.270703405 3.643346786 0.001363484 0.999911129 0.013266764 -2.364274740 -0.270744383 -0.012402153 0.962571442 96.243408203
0.959229648 -0.004796308 0.282587171 3.843204498 0.001199797 0.999916077 0.012898763 -2.362570524 -0.282625288 -0.012033827 0.959154844 96.803039551
0.955193400 -0.005445887 0.295932323 4.019903183 0.001432838 0.999904096 0.013775877 -2.383407116 -0.295978963 -0.012734603 0.955109537 97.280883789
0.950651109 -0.005124244 0.310219735 4.232538223 0.001099959 0.999912918 0.013145914 -2.377696991 -0.310260028 -0.012155947 0.950573981 97.860359192
0.946864307 -0.005697757 0.321582884 4.430103302 0.001567757 0.999912977 0.013100219 -2.384739876 -0.321629524 -0.011899968 0.946790814 98.377220154
0.942423522 -0.005910138 0.334369421 4.638660431 0.001568235 0.999910891 0.013253813 -2.394546032 -0.334417999 -0.011966337 0.942348838 98.891761780
0.937312901 -0.006243405 0.348433018 4.852111816 0.001675700 0.999908686 0.013409118 -2.404114246 -0.348484874 -0.011984671 0.937237799 99.390640259
0.932695329 -0.006591644 0.360605091 5.073448181 0.001895774 0.999908686 0.013374364 -2.413054705 -0.360660344 -0.011790579 0.932622731 99.902870178
0.928467274 -0.007037408 0.371347457 5.296257019 0.002293930 0.999910057 0.013213865 -2.418031693 -0.371407092 -0.011416797 0.928399801 100.412475586
0.922931552 -0.006906580 0.384902090 5.523054123 0.002101828 0.999914527 0.012902367 -2.421998024 -0.384958237 -0.011099003 0.922867298 100.903068542
0.917361975 -0.007452094 0.397984296 5.769477844 0.002314962 0.999907732 0.013386833 -2.432532787 -0.398047328 -0.011359253 0.917294562 101.408378601
0.912343323 -0.008051150 0.409346968 6.017677307 0.002567462 0.999899507 0.013944002 -2.448265314 -0.409418076 -0.011670734 0.912272274 101.897338867
0.906100392 -0.008599539 0.422975332 6.288768768 0.003190954 0.999903798 0.013493431 -2.449391842 -0.423050761 -0.010876707 0.906040728 102.401679993
0.899523914 -0.008930979 0.436780185 6.560287476 0.003534928 0.999907076 0.013165430 -2.455065727 -0.436857134 -0.010298634 0.899471939 102.884269714
0.893806517 -0.010067957 0.448339850 6.833305359 0.004554891 0.999900162 0.013373254 -2.466899395 -0.448429734 -0.009910961 0.893763185 103.347969055
0.887858808 -0.009564512 0.460016608 7.105979919 0.003825624 0.999902844 0.013405973 -2.469463825 -0.460100085 -0.010142761 0.887809098 103.862113953
0.880783498 -0.009940681 0.473414779 7.381675720 0.004306880 0.999906421 0.012982954 -2.469588757 -0.473499566 -0.009396232 0.880743980 104.316909790
0.874025047 -0.010575447 0.485765785 7.689586639 0.004461108 0.999895632 0.013741652 -2.484371185 -0.485860348 -0.009843496 0.873980999 104.820854187
