1.000000000 0.000000000 0.000000000 0.000000000 0.000000000 1.000000000 0.000000000 0.000000000 0.000000000 0.000000000 1.000000000 0.000000000
1.000000000 0.000000734 -0.000085157 0.000722761 -0.000000741 1.000000000 -0.000088821 0.000109522 0.000085157 0.000088821 1.000000000 -0.001546130
1.000000000 0.000033399 -0.000056575 0.001073860 -0.000033397 1.000000000 0.000022949 -0.000326450 0.000056576 -0.000022948 1.000000000 -0.000818471
1.000000000 -0.000009662 -0.000015894 0.000630293 0.000009664 1.000000000 0.000113829 -0.000894257 0.000015893 -0.000113829 1.000000000 -0.002313426
1.000000000 -0.000068411 -0.000056581 0.000964498 0.000068405 1.000000000 -0.000105605 0.000818316 0.000056588 0.000105601 1.000000000 0.000247703
1.000000000 -0.000115511 -0.000009433 0.001333429 0.000115511 1.000000000 -0.000030835 -0.000139437 0.000009437 0.000030834 1.000000000 -0.000428545
1.000000000 -0.000036374 -0.000024159 0.001091538 0.000036372 1.000000000 -0.000092191 0.000231041 0.000024162 0.000092190 1.000000000 -0.001452221
1.000000000 -0.000234110 -0.000030877 0.001397692 0.000234109 1.000000000 -0.000019908 0.000123818 0.000030881 0.000019901 1.000000000 -0.000919882
1.000000000 -0.000133941 -0.000012701 0.001124521 0.000133940 1.000000000 -0.000126632 0.001357135 0.000012718 0.000126630 1.000000000 0.001185826
1.000000000 -0.000008761 -0.000122444 0.001836227 0.000008761 1.000000000 -0.000000874 -0.000086067 0.000122444 0.000000873 1.000000000 -0.000347878
1.000000000 0.000027945 -0.000006524 0.001038860 -0.000027946 1.000000000 -0.000127402 0.001188749 0.000006520 0.000127402 1.000000000 -0.000144397
1.000000000 0.000028275 0.000057486 -0.000596419 -0.000028277 1.000000000 0.000025109 -0.000013187 -0.000057485 -0.000025111 1.000000000 0.000457333
1.000000000 -0.000050234 0.000040209 0.000093933 0.000050231 1.000000000 0.000083022 0.000091696 -0.000040213 -0.000083020 1.000000000 0.001160473
1.000000000 -0.000130303 -0.000139286 0.001879366 0.000130324 1.000000000 0.000151978 -0.001199219 0.000139266 -0.000151996 1.000000000 -0.001384238
0.999999940 -0.000224884 -0.000174150 0.001405065 0.000224901 0.999999940 0.000101153 -0.001047638 0.000174128 -0.000101192 1.000000000 -0.001262606
1.000000000 0.000057932 0.000071783 0.001063332 -0.000057936 1.000000000 0.000046751 0.000486189 -0.000071780 -0.000046755 1.000000000 0.001330846
1.000000000 -0.000070001 -0.000094268 0.000614502 0.000070001 1.000000000 -0.000004847 0.000463217 0.000094269 0.000004840 1.000000000 0.000212452
0.999999940 -0.000235432 -0.000172411 0.001906840 0.000235442 1.000000000 0.000053928 -0.000496773 0.000172398 -0.000053969 1.000000000 -0.001544274
1.000000000 -0.000104548 0.000072513 0.000005873 0.000104551 1.000000000 -0.000045901 0.000733236 -0.000072508 0.000045908 1.000000000 0.000690701
1.000000000 -0.000006160 0.000034645 0.000955093 0.000006163 1.000000000 -0.000082638 0.000494544 -0.000034644 0.000082638 1.000000000 -0.000694849
1.000000000 -0.000156787 -0.000160272 0.001513588 0.000156793 1.000000000 0.000037672 0.000180962 0.000160266 -0.000037697 1.000000000 0.000023409
0.999999940 -0.000320231 -0.000042913 0.001813808 0.000320233 0.999999940 0.000049549 -0.000391905 0.000042897 -0.000049563 1.000000000 -0.000444020
1.000000000 -0.000178844 0.000097198 -0.000113813 0.000178846 1.000000000 -0.000026679 0.001449818 -0.000097193 0.000026697 1.000000000 -0.000494750
1.000000000 -0.000001045 -0.000147354 0.002285537 0.000001057 1.000000000 0.000081736 -0.000946927 0.000147354 -0.000081736 1.000000000 -0.002662482
1.000000000 0.000029174 -0.000092832 0.001491488 -0.000029173 1.000000000 0.000012407 -0.000111182 0.000092832 -0.000012404 1.000000000 -0.001286546
1.000000000 -0.000059625 -0.000102487 0.001628113 0.000059612 1.000000000 -0.000124664 0.000862063 0.000102495 0.000124658 1.000000000 0.000303156
1.000000000 0.000125075 -0.000013686 -0.000234286 -0.000125077 1.000000000 -0.000090216 0.000662338 0.000013674 0.000090218 1.000000000 0.000592861
1.000000000 -0.000194712 -0.000071003 0.000259751 0.000194716 1.000000000 0.000058392 0.000944773 0.000070992 -0.000058406 1.000000000 0.000810620
1.000000000 -0.000050964 -0.000032279 0.000789054 0.000050963 1.000000000 -0.000040743 0.000875091 0.000032281 0.000040741 1.000000000 -0.000116275
1.000000000 0.000118016 0.000026571 0.000579320 -0.000118018 1.000000000 0.000083281 -0.000556850 -0.000026561 -0.000083285 1.000000000 -0.001929341
1.000000000 0.000023194 -0.000017236 0.000683230 -0.000023194 1.000000000 0.000029940 -0.000001580 0.000017236 -0.000029939 1.000000000 -0.000195948
1.000000000 -0.000152188 0.000016396 0.001447010 0.000152188 1.000000000 0.000030675 -0.000182343 -0.000016401 -0.000030673 1.000000000 -0.000797756
1.000000000 -0.000142991 0.000053339 0.000496299 0.000142990 1.000000000 0.000027396 0.000272849 -0.000053343 -0.000027388 1.000000000 0.000202452
1.000000000 -0.000121172 0.000049381 0.001184162 0.000121170 1.000000000 0.000035979 0.000161714 -0.000049386 -0.000035973 1.000000000 -0.000616612
1.000000000 0.000013795 0.000070334 0.000531122 -0.000013790 1.000000000 -0.000075955 0.001499188 -0.000070335 0.000075954 1.000000000 -0.000615339
1.000000000 0.000042741 0.000071475 -0.000950870 -0.000042739 1.000000000 -0.000018475 0.001692532 -0.000071476 0.000018472 1.000000000 0.003148015
1.000000000 -0.000152345 -0.000061503 0.000511772 0.000152347 1.000000000 0.000036353 0.000580905 0.000061498 -0.000036363 1.000000000 0.000151267
1.000000000 -0.000145823 -0.000068367 0.001030477 0.000145826 1.000000000 0.000042661 0.000902559 0.000068361 -0.000042671 1.000000000 0.000696466
1.000000000 -0.000099511 0.000116887 0.000226396 0.000099509 1.000000000 0.000024294 0.000409452 -0.000116890 -0.000024282 1.000000000 0.001879088
0.999999881 -0.000535614 0.000094806 0.002291126 0.000535677 0.999999642 -0.000672244 -0.002163162 -0.000094446 0.000672295 0.999999762 0.050675262
0.999999940 0.000159300 0.000247796 0.001181408 -0.000159031 0.999999404 -0.001087257 -0.006799409 -0.000247970 0.001087218 0.999999404 0.133717880
0.999999940 0.000289090 -0.000147957 0.006236065 -0.000289310 0.999998868 -0.001490371 -0.005871869 0.000147526 0.001490414 0.999998868 0.252328515
0.999999881 0.000531028 0.000077749 0.006198652 -0.000530942 0.999999225 -0.001104614 -0.013291189 -0.000078335 0.001104573 0.999999404 0.382566482
0.999994516 0.003258176 0.000547771 0.001317082 -0.003258038 0.999994636 -0.000253176 -0.028628705 -0.000548593 0.000251390 0.999999821 0.507153153
0.999993920 0.003389725 0.000744577 0.004493109 -0.003389675 0.999994218 -0.000067981 -0.035613552 -0.000744803 0.000065456 0.999999762 0.655224144
0.999992311 0.003742487 0.001130773 0.006062149 -0.003742847 0.999992907 0.000316376 -0.040121168 -0.001129581 -0.000320606 0.999999285 0.814742506
0.999993086 0.003559792 0.001075462 0.006707317 -0.003559997 0.999993622 0.000189006 -0.040477671 -0.001074782 -0.000192833 0.999999404 0.988259971
0.999992907 0.003708891 0.000503726 0.013577482 -0.003709203 0.999992907 0.000621543 -0.050308276 -0.000501417 -0.000623407 0.999999642 1.162845969
0.999992311 0.003855002 0.000648637 0.016427802 -0.003855465 0.999992311 0.000714335 -0.055568758 -0.000645879 -0.000716830 0.999999523 1.345467567
0.999992132 0.003882776 0.000730054 0.021107435 -0.003883070 0.999992371 0.000401193 -0.055174895 -0.000728491 -0.000404024 0.999999702 1.541669011
0.999991357 0.003964229 0.001238620 0.018947804 -0.003964910 0.999992013 0.000548353 -0.057433695 -0.001236436 -0.000553259 0.999999166 1.744278669
0.999994934 0.003152012 0.000378824 0.029414607 -0.003152248 0.999994755 0.000625068 -0.066358127 -0.000376851 -0.000626259 0.999999762 1.931020379
0.999995172 0.003059308 0.000532081 0.033750009 -0.003059751 0.999994934 0.000833547 -0.074063078 -0.000529529 -0.000835171 0.999999523 2.137756824
0.999994159 0.003365805 0.000594997 0.036554549 -0.003366101 0.999994159 0.000497145 -0.076649532 -0.000593321 -0.000499145 0.999999702 2.365159988
0.999993742 0.003484279 0.000562007 0.043181796 -0.003484864 0.999993384 0.001042890 -0.087013595 -0.000558370 -0.001044842 0.999999285 2.580218315
0.999992251 0.003853436 0.000749748 0.048854232 -0.003853873 0.999992371 0.000582048 -0.089316569 -0.000747499 -0.000584932 0.999999523 2.799409866
0.999994099 0.003353028 0.000684759 0.055029366 -0.003353547 0.999994040 0.000757813 -0.097082742 -0.000682214 -0.000760105 0.999999464 3.032800674
0.999994278 0.003325497 0.000695209 0.062861100 -0.003325629 0.999994457 0.000189486 -0.097864807 -0.000694575 -0.000191797 0.999999762 3.271338224
0.999994814 0.003179376 0.000652109 0.068975404 -0.003179877 0.999994695 0.000768876 -0.111196011 -0.000649662 -0.000770946 0.999999464 3.509974003
0.999992907 0.003638569 0.000977245 0.053420093 -0.003640351 0.999991715 0.001827662 -0.151390716 -0.000970587 -0.001831206 0.999997795 3.763229132
0.999992967 0.003597445 0.001091611 0.055414364 -0.003598923 0.999992669 0.001355229 -0.154115498 -0.001086727 -0.001359148 0.999998510 4.029330730
0.999991953 0.003839535 0.001175228 0.060104251 -0.003841811 0.999990821 0.001940608 -0.164583758 -0.001167766 -0.001945107 0.999997437 4.281088352
0.999992847 0.003581477 0.001187163 0.067526773 -0.003584210 0.999990880 0.002308836 -0.174292624 -0.001178883 -0.002313075 0.999996662 4.537393570
0.999991000 0.004121347 0.001117449 0.076548189 -0.004123416 0.999989748 0.001854712 -0.173022971 -0.001109794 -0.001859303 0.999997675 4.778714180
0.999991894 0.003886808 0.001044412 0.080936044 -0.003888875 0.999990404 0.001984274 -0.180481702 -0.001036689 -0.001988320 0.999997497 5.041059494
0.999990523 0.004254277 0.000847298 0.095938757 -0.004255974 0.999988914 0.002011706 -0.193754971 -0.000838730 -0.002015293 0.999997616 5.297419071
0.999990106 0.004318825 0.001027366 0.100922301 -0.004321164 0.999988079 0.002286387 -0.199342892 -0.001017479 -0.002290804 0.999996841 5.569468021
0.999990284 0.004308171 0.000960902 0.108533703 -0.004310756 0.999987066 0.002705161 -0.216942459 -0.000949235 -0.002709277 0.999995887 5.836140156
0.999991298 0.004135597 0.000670878 0.119622879 -0.004137553 0.999987125 0.002940270 -0.226698458 -0.000658710 -0.002943020 0.999995470 6.110306263
0.999990165 0.004316155 0.000960909 0.122548491 -0.004319144 0.999985754 0.003131115 -0.237363845 -0.000947381 -0.003135234 0.999994695 6.394104481
0.999989569 0.004355961 0.001368141 0.119245477 -0.004358954 0.999988079 0.002192123 -0.234317958 -0.001358575 -0.002198064 0.999996662 6.694686413
0.999990284 0.004214725 0.001281683 0.126024231 -0.004217565 0.999988616 0.002220780 -0.239112392 -0.001272308 -0.002226163 0.999996722 6.994290352
0.999989748 0.004204193 0.001675558 0.124406792 -0.004206729 0.999989986 0.001512456 -0.237475395 -0.001669182 -0.001519490 0.999997437 7.311181068
0.999990523 0.004203549 0.001088101 0.140274003 -0.004206077 0.999988377 0.002331404 -0.264292777 -0.001078288 -0.002335958 0.999996662 7.601225853
0.999990582 0.004229019 0.000911468 0.154099002 -0.004231481 0.999987304 0.002715423 -0.278669178 -0.000899973 -0.002719255 0.999995828 7.909448624
0.999991775 0.003940283 0.000948669 0.156069249 -0.003943268 0.999987304 0.003166144 -0.283344448 -0.000936181 -0.003169860 0.999994457 8.217844009
0.999991834 0.003916147 0.001041486 0.164250091 -0.003919484 0.999987125 0.003220782 -0.295024842 -0.001028860 -0.003224838 0.999994278 8.540324211
0.999990523 0.004160116 0.001268580 0.170796156 -0.004163729 0.999987245 0.002859333 -0.301722050 -0.001256669 -0.002864588 0.999995112 8.874862671
0.999991298 0.003973641 0.001283583 0.180061027 -0.003977623 0.999987245 0.003114931 -0.314527035 -0.001271189 -0.003120009 0.999994278 9.209856033
0.999992967 0.003600289 0.001035983 0.188014761 -0.003603771 0.999987781 0.003378882 -0.330210924 -0.001023806 -0.003382592 0.999993742 9.546454430
0.999992728 0.003482848 0.001560012 0.183302999 -0.003487597 0.999989212 0.003051490 -0.335493386 -0.001549368 -0.003056908 0.999994040 9.894265175
0.999990046 0.004090999 0.001773016 0.188189641 -0.004096149 0.999987364 0.002910708 -0.344864190 -0.001761086 -0.002917942 0.999994159 10.250498772
0.999990284 0.004005692 0.001845550 0.193522096 -0.004012135 0.999985814 0.003500545 -0.357574493 -0.001831502 -0.003507915 0.999992192 10.611410141
0.999988258 0.004223319 0.002365546 0.194747001 -0.004230796 0.999986053 0.003164672 -0.359650940 -0.002352147 -0.003174643 0.999992251 10.989452362
0.999988794 0.004206161 0.002159187 0.199739739 -0.004214109 0.999984324 0.003689507 -0.378218830 -0.002143634 -0.003698565 0.999990880 11.363246918
0.999990344 0.003900145 0.002016210 0.209717199 -0.003908116 0.999984503 0.003964835 -0.392006934 -0.002000715 -0.003972677 0.999990046 11.730860710
0.999991179 0.003570317 0.002213868 0.219569325 -0.003578519 0.999986649 0.003711801 -0.401543260 -0.002200586 -0.003719690 0.999990642 12.109324455
0.999991775 0.003509131 0.002053888 0.228937209 -0.003516361 0.999987662 0.003527419 -0.407837451 -0.002041485 -0.003534612 0.999991596 12.511780739
0.999989331 0.004024270 0.002262830 0.233659878 -0.004033443 0.999983609 0.004064179 -0.421980262 -0.002246437 -0.004073263 0.999989092 12.892458916
0.999990165 0.003789100 0.002275398 0.241565615 -0.003797813 0.999985397 0.003837438 -0.429774106 -0.002260824 -0.003846042 0.999990046 13.301531792
0.999991417 0.003340241 0.002433196 0.249673277 -0.003350707 0.999985099 0.004309719 -0.442199171 -0.002418764 -0.004317835 0.999987781 13.712995529
0.999989271 0.003602878 0.002901776 0.251651555 -0.003615163 0.999984503 0.004239562 -0.449420422 -0.002886456 -0.004250007 0.999986768 14.134006500
0.999983609 0.004227467 0.003865564 0.259228498 -0.004243136 0.999982834 0.004054357 -0.461700559 -0.003848359 -0.004070693 0.999984264 14.553380013
0.999988616 0.003518843 0.003203823 0.276284873 -0.003532619 0.999984503 0.004304615 -0.473396212 -0.003188626 -0.004315884 0.999985576 14.976369858
0.999988496 0.003404317 0.003383480 0.290037453 -0.003419620 0.999983907 0.004527370 -0.487487495 -0.003368013 -0.004538888 0.999984026 15.406268120
0.999986649 0.003462460 0.003841302 0.299647599 -0.003479274 0.999984324 0.004379074 -0.497653842 -0.003826079 -0.004392380 0.999982953 15.840414047
0.999987066 0.003526639 0.003644087 0.314170957 -0.003543372 0.999983191 0.004595619 -0.508073032 -0.003627820 -0.004608473 0.999982715 16.282110214
0.999984920 0.003658144 0.004093650 0.322454214 -0.003675889 0.999983788 0.004335547 -0.518262744 -0.004077725 -0.004350529 0.999982238 16.727897644
0.999981761 0.003742822 0.004728819 0.328766942 -0.003764039 0.999982834 0.004485975 -0.530097306 -0.004711948 -0.004503693 0.999978781 17.189916611
0.999977708 0.004257618 0.005140618 0.336675853 -0.004280704 0.999980748 0.004488364 -0.539148033 -0.005121411 -0.004510270 0.999976635 17.652944565
0.999973774 0.003987304 0.006032565 0.342833370 -0.004012024 0.999983668 0.004091044 -0.544851780 -0.006016154 -0.004115140 0.999973416 18.124727249
0.999979317 0.003767887 0.005213759 0.370064646 -0.003794735 0.999979496 0.005149039 -0.566267669 -0.005194251 -0.005168716 0.999973178 18.581029892
0.999973714 0.004354948 0.005804378 0.376329541 -0.004383060 0.999978781 0.004839342 -0.573133290 -0.005783179 -0.004864656 0.999971449 19.060256958
0.999978662 0.003450639 0.005544393 0.394068420 -0.003475707 0.999983728 0.004517976 -0.583571255 -0.005528713 -0.004537150 0.999974430 19.538784027
0.999978304 0.003451144 0.005602943 0.402364492 -0.003475320 0.999984682 0.004310847 -0.590916157 -0.005587978 -0.004330226 0.999975026 20.028663635
0.999974787 0.004055787 0.005832056 0.412636817 -0.004086238 0.999977946 0.005218891 -0.611464500 -0.005810761 -0.005242591 0.999969363 20.506389618
0.999977887 0.004041042 0.005279622 0.423398495 -0.004067056 0.999979615 0.004925867 -0.623981237 -0.005259608 -0.004947230 0.999973953 21.014543533
0.999976575 0.004251493 0.005358425 0.429230332 -0.004279589 0.999977112 0.005242900 -0.634435236 -0.005336012 -0.005265709 0.999971926 21.523424149
0.999975026 0.004594824 0.005367223 0.422581166 -0.004621435 0.999976993 0.004956358 -0.642863154 -0.005344326 -0.004981039 0.999973357 22.033096313
0.999982178 0.004473106 0.003943495 0.457169741 -0.004494816 0.999974608 0.005513784 -0.664269686 -0.003918731 -0.005531411 0.999977052 22.531593323
0.999983907 0.004611697 0.003308136 0.471256852 -0.004629601 0.999974549 0.005424995 -0.677890420 -0.003283033 -0.005440223 0.999979794 23.050006866
0.999987483 0.004260900 0.002618405 0.484661371 -0.004275622 0.999974966 0.005642620 -0.694763124 -0.002594298 -0.005653745 0.999980628 23.575387955
0.999991417 0.003575091 0.002085502 0.494563311 -0.003585499 0.999980986 0.005008644 -0.703932524 -0.002067556 -0.005016079 0.999985278 24.112583160
0.999988973 0.004358091 0.001753524 0.502591848 -0.004367766 0.999974966 0.005552053 -0.719440639 -0.001729284 -0.005559650 0.999983072 24.649616241
0.999989450 0.004491657 0.000955190 0.513517201 -0.004497092 0.999973238 0.005765379 -0.731410563 -0.000929268 -0.005769614 0.999982893 25.190813065
0.999988496 0.004720824 0.000809267 0.516505122 -0.004725516 0.999971390 0.005897691 -0.743409038 -0.000781403 -0.005901448 0.999982238 25.724655151
0.999989033 0.004672584 0.000342314 0.529459178 -0.004674551 0.999971092 0.005990117 -0.760562539 -0.000314315 -0.005991652 0.999981940 26.278017044
0.999991775 0.004070473 -0.000263194 0.541536331 -0.004068706 0.999971151 0.006402256 -0.771179914 0.000289248 -0.006401133 0.999979436 26.830669403
0.999992192 0.003878720 -0.000680111 0.551209271 -0.003874209 0.999971211 0.006514670 -0.786935091 0.000705359 -0.006511985 0.999978602 27.381200790
0.999988616 0.004740172 -0.000471458 0.550974250 -0.004737360 0.999971867 0.005796352 -0.790983260 0.000498921 -0.005794053 0.999983072 27.948240280
0.999985576 0.005333168 -0.000675111 0.563969731 -0.005328674 0.999964714 0.006491024 -0.812104702 0.000709705 -0.006487333 0.999978662 28.475996017
0.999985754 0.004966096 -0.001974625 0.579139948 -0.004952108 0.999963045 0.007026466 -0.827275276 0.002009446 -0.007016588 0.999973357 29.029283524
0.999985754 0.005137623 -0.001417546 0.585787237 -0.005128237 0.999965370 0.006546782 -0.833171368 0.001451131 -0.006539420 0.999977589 29.571674347
0.999984264 0.005412073 -0.001431282 0.587540984 -0.005402882 0.999965250 0.006349192 -0.842944205 0.001465594 -0.006341359 0.999978840 30.114753723
0.999983251 0.005587874 -0.001511313 0.597256303 -0.005578469 0.999965489 0.006157423 -0.854830682 0.001545668 -0.006148889 0.999979854 30.665729523
0.999983251 0.005531889 -0.001710192 0.609764040 -0.005521188 0.999965549 0.006199789 -0.867750466 0.001744431 -0.006190244 0.999979317 31.208152771
0.999981940 0.005643195 -0.002025325 0.620167911 -0.005630064 0.999963462 0.006431766 -0.880798161 0.002061545 -0.006420248 0.999977291 31.754158020
0.999982715 0.005413571 -0.002260268 0.629733741 -0.005398798 0.999964297 0.006491809 -0.892824888 0.002295332 -0.006479494 0.999976337 32.300769806
0.999980092 0.005789611 -0.002503300 0.638630390 -0.005774098 0.999964356 0.006160095 -0.901143372 0.002538876 -0.006145518 0.999977887 32.842376709
0.999979436 0.005560340 -0.003183664 0.654376805 -0.005539967 0.999964356 0.006372699 -0.916483641 0.003218984 -0.006354930 0.999974608 33.383148193
0.999979496 0.005670917 -0.002945913 0.656692266 -0.005652203 0.999963999 0.006322361 -0.924071074 0.002981661 -0.006305580 0.999975681 33.939476013
0.999980390 0.005331959 -0.003279030 0.667376459 -0.005309743 0.999963164 0.006747090 -0.941059232 0.003314884 -0.006729547 0.999971867 34.476043701
0.999981999 0.005344161 -0.002717732 0.665703595 -0.005327171 0.999966383 0.006220932 -0.945053279 0.002750887 -0.006206342 0.999976933 35.029418945
0.999982476 0.004987624 -0.003166869 0.684759438 -0.004966712 0.999966025 0.006577139 -0.962818384 0.003199567 -0.006561295 0.999973357 35.555339813
0.999979675 0.005425808 -0.003342152 0.693176687 -0.005405047 0.999966264 0.006190082 -0.973282874 0.003375626 -0.006171891 0.999975264 36.100120544
0.999980092 0.005339968 -0.003356428 0.706101120 -0.005318903 0.999966323 0.006253876 -0.986160278 0.003389710 -0.006235899 0.999974787 36.656200409
0.999978662 0.005236072 -0.003902201 0.715662479 -0.005211617 0.999966800 0.006251310 -0.997070909 0.003934805 -0.006230840 0.999972761 37.208892822
0.999977350 0.005372242 -0.004050056 0.726518333 -0.005345076 0.999963343 0.006688878 -1.012964606 0.004085841 -0.006667078 0.999969423 37.761035919
0.999977589 0.005776857 -0.003393207 0.726752639 -0.005754710 0.999962330 0.006500948 -1.024165154 0.003430635 -0.006481274 0.999973178 38.315608978
0.999978781 0.005502607 -0.003491506 0.726279557 -0.005477379 0.999959111 0.007194648 -1.043816805 0.003530952 -0.007175371 0.999968052 38.852855682
0.999977648 0.005675051 -0.003548553 0.733572066 -0.005649511 0.999958277 0.007166345 -1.059421062 0.003589076 -0.007146137 0.999968052 39.391620636
0.999979556 0.005872861 -0.002548758 0.736310780 -0.005854716 0.999957919 0.007069669 -1.067038655 0.002590170 -0.007054603 0.999971807 39.948184967
0.999978244 0.005947077 -0.002853576 0.754345298 -0.005926160 0.999955893 0.007283149 -1.077784777 0.002896764 -0.007266080 0.999969423 40.491767883
0.999977410 0.005053987 -0.004428864 0.775091827 -0.005029249 0.999971926 0.005578739 -1.068680525 0.004456935 -0.005556340 0.999974549 41.074424744
0.999976277 0.004713909 -0.005017549 0.797123790 -0.004686388 0.999974072 0.005482681 -1.080350995 0.005043264 -0.005459038 0.999972343 41.618118286
0.999976337 0.005137664 -0.004567024 0.800040245 -0.005108532 0.999966681 0.006367647 -1.102074265 0.004599588 -0.006344166 0.999969244 42.157238007
0.999983668 0.004468526 -0.003542761 0.766395509 -0.004442418 0.999963164 0.007343218 -1.132728219 0.003575443 -0.007327360 0.999966741 42.709831238
0.999984086 0.004084995 -0.003878830 0.781027853 -0.004055532 0.999963105 0.007573659 -1.145971537 0.003909624 -0.007557807 0.999963820 43.245311737
0.999981880 0.005096672 -0.003229778 0.788669944 -0.005071761 0.999957740 0.007674940 -1.160007119 0.003268758 -0.007658420 0.999965310 43.795131683
0.999984443 0.004442606 -0.003352659 0.781579971 -0.004413501 0.999952972 0.008639042 -1.175049663 0.003390881 -0.008624111 0.999957085 44.341438293
0.999979258 0.005478948 -0.003372432 0.789256334 -0.005449663 0.999947906 0.008632574 -1.185976744 0.003419552 -0.008614018 0.999957025 44.895229340
0.999977708 0.005479556 -0.003808050 0.816525877 -0.005445908 0.999946475 0.008790798 -1.200408578 0.003856014 -0.008769863 0.999954104 45.440200806
0.999976516 0.006049482 -0.003219537 0.819994211 -0.006020143 0.999940872 0.009045937 -1.209656000 0.003274070 -0.009026341 0.999953866 45.992771149
0.999980748 0.004953140 -0.003742526 0.828613281 -0.004917237 0.999942303 0.009542171 -1.241282105 0.003789573 -0.009523584 0.999947488 46.531520844
0.999980211 0.005017074 -0.003801739 0.840665221 -0.004977853 0.999934971 0.010256635 -1.262244582 0.003852950 -0.010237507 0.999940217 47.077625275
0.999979556 0.005821999 -0.002659605 0.834427238 -0.005797394 0.999941170 0.009167018 -1.257037044 0.002712819 -0.009151412 0.999954522 47.613475800
0.999981046 0.005572097 -0.002610230 0.849986017 -0.005549477 0.999947667 0.008594818 -1.259489894 0.002657984 -0.008580172 0.999959648 48.162605286
0.999979496 0.006079245 -0.002022572 0.858130217 -0.006064500 0.999955535 0.007218350 -1.264116526 0.002066365 -0.007205936 0.999971926 48.760505676
0.999982178 0.005619824 -0.002031833 0.868727863 -0.005605199 0.999958873 0.007133123 -1.277031422 0.002071836 -0.007121608 0.999972522 49.307441711
0.999979913 0.006251452 -0.001007651 0.877274632 -0.006244076 0.999954820 0.007164582 -1.288973093 0.001052394 -0.007158146 0.999973834 49.856498718
0.999982655 0.005482848 -0.002140453 0.887492180 -0.005466749 0.999957263 0.007455326 -1.302130222 0.002181238 -0.007443495 0.999969900 50.402111053
0.999983430 0.005435992 -0.001891383 0.896035135 -0.005423114 0.999962509 0.006748656 -1.308337331 0.001927998 -0.006738286 0.999975443 50.948425293
0.999978065 0.006149979 -0.002463673 0.911767662 -0.006133589 0.999959290 0.006606037 -1.317659259 0.002504197 -0.006590780 0.999975145 51.503250122
0.999979317 0.006054164 -0.002199539 0.918673754 -0.006039666 0.999960363 0.006539608 -1.326202869 0.002239043 -0.006526187 0.999976218 52.052162170
0.999981046 0.005650442 -0.002447594 0.925803185 -0.005633895 0.999961615 0.006714715 -1.341588259 0.002485443 -0.006700798 0.999974489 52.588920593
0.999984741 0.005094514 -0.002137376 0.932127893 -0.005081076 0.999967575 0.006245843 -1.344565153 0.002169125 -0.006234887 0.999978185 53.142562866
0.999985099 0.004752816 -0.002677788 0.943110943 -0.004735638 0.999968350 0.006385020 -1.361925125 0.002708052 -0.006372243 0.999976039 53.675762177
0.999983251 0.005186552 -0.002576067 0.958417416 -0.005170040 0.999966323 0.006375643 -1.373615026 0.002609047 -0.006362218 0.999976337 54.219947815
0.999984264 0.005185531 -0.002201837 0.954310596 -0.005172315 0.999968767 0.005966762 -1.376897216 0.002232712 -0.005955278 0.999979734 54.757625580
0.999984801 0.004983132 -0.002366373 0.969583869 -0.004968684 0.999969244 0.006072535 -1.395166039 0.002396560 -0.006060685 0.999978781 55.304763794
0.999982834 0.005462551 -0.002108570 0.974799395 -0.005449206 0.999965429 0.006283061 -1.404373407 0.002142817 -0.006271463 0.999978065 55.857852936
0.999983370 0.005314652 -0.002228784 0.978308201 -0.005300866 0.999967158 0.006146899 -1.413786173 0.002261380 -0.006134984 0.999978542 56.405864716
0.999983370 0.005388422 -0.002033947 0.988178372 -0.005376338 0.999968171 0.005900094 -1.426924229 0.002065673 -0.005889061 0.999980509 56.948883057
0.999980390 0.006015537 -0.001740958 0.991202533 -0.006005235 0.999964714 0.005862562 -1.430867553 0.001776163 -0.005851991 0.999981284 57.500576019
0.999980807 0.006009454 -0.001528759 1.002111197 -0.006000722 0.999966025 0.005652579 -1.445862889 0.001562675 -0.005643295 0.999982893 58.042583466
0.999981821 0.005722963 -0.001908022 1.017261863 -0.005712753 0.999969542 0.005313905 -1.453888416 0.001938375 -0.005302909 0.999984086 58.576828003
0.999984384 0.005262318 -0.001890722 1.029428005 -0.005252431 0.999972701 0.005196428 -1.462146044 0.001918017 -0.005186416 0.999984682 59.125350952
0.999984860 0.005270466 -0.001583414 1.039868236 -0.005262442 0.999973476 0.005029439 -1.475010157 0.001609879 -0.005021031 0.999986053 59.662570953
0.999981463 0.005811388 -0.001822048 1.043608308 -0.005801703 0.999969184 0.005276430 -1.486733437 0.001852657 -0.005265761 0.999984443 60.199550629
0.999982536 0.005631495 -0.001789332 1.053179979 -0.005622041 0.999970436 0.005245322 -1.497003555 0.001818819 -0.005235172 0.999984562 60.737899780
0.999980390 0.005997925 -0.001801756 1.060428023 -0.005988764 0.999969244 0.005047786 -1.508084297 0.001831977 -0.005036896 0.999985635 61.287326813
0.999979973 0.006093555 -0.001699548 1.071046233 -0.006084485 0.999967515 0.005291701 -1.518249631 0.001731737 -0.005281253 0.999984562 61.827449799
0.999979317 0.006184098 -0.001739993 1.078764319 -0.006175112 0.999967813 0.005123554 -1.530379772 0.001771621 -0.005112703 0.999985397 62.377609253
0.999979138 0.006318631 -0.001334707 1.085084558 -0.006312134 0.999968469 0.004817516 -1.541463017 0.001365105 -0.004808992 0.999987483 62.918174744
0.999980628 0.006140054 -0.001017309 1.084380984 -0.006135005 0.999969184 0.004895424 -1.547844887 0.001047336 -0.004889088 0.999987483 63.458385468
0.999978721 0.006468546 -0.000816462 1.090414643 -0.006464648 0.999968112 0.004690015 -1.562552452 0.000846774 -0.004684637 0.999988616 64.007637024
0.999980867 0.006174769 -0.000419839 1.089670658 -0.006172897 0.999971628 0.004319586 -1.570258379 0.000446498 -0.004316911 0.999990582 64.540702820
0.999978185 0.006591006 -0.000493303 1.099793077 -0.006588781 0.999968708 0.004384863 -1.584247589 0.000522188 -0.004381517 0.999990284 65.081634521
0.999981165 0.006066256 -0.000920741 1.117453933 -0.006062306 0.999972641 0.004234311 -1.598011494 0.000946402 -0.004228650 0.999990642 65.634910583
0.999979377 0.006419700 0.000048969 1.118134141 -0.006419854 0.999969542 0.004437027 -1.608976603 -0.000020483 -0.004437250 0.999990165 66.165092468
0.999983132 0.005690508 -0.001159172 1.133911371 -0.005686593 0.999978185 0.003353367 -1.610975266 0.001178229 -0.003346718 0.999993742 66.714248657
0.999979258 0.006433801 0.000373376 1.126786113 -0.006435268 0.999971032 0.004069143 -1.625776052 -0.000347185 -0.004071461 0.999991655 67.244873047
0.999976099 0.006886570 0.000511762 1.137237668 -0.006888590 0.999967992 0.004056470 -1.639955640 -0.000483811 -0.004059899 0.999991596 67.781585693
0.999972343 0.007382427 0.000890026 1.145418763 -0.007386106 0.999963880 0.004203730 -1.654360890 -0.000858961 -0.004210187 0.999990761 68.323257446
0.999974549 0.007105425 0.000797367 1.157682061 -0.007108664 0.999966204 0.004135451 -1.665096879 -0.000767956 -0.004141014 0.999991119 68.857154846
0.999976814 0.006753191 0.000878805 1.167459011 -0.006756389 0.999970376 0.003688623 -1.668517828 -0.000853869 -0.003694475 0.999992788 69.407218933
0.999973774 0.007103886 0.001426893 1.162765265 -0.007108765 0.999968827 0.003444697 -1.680277348 -0.001402378 -0.003454749 0.999993026 69.928031921
0.999973834 0.007060393 0.001605491 1.173947453 -0.007066374 0.999967992 0.003751242 -1.697606087 -0.001578954 -0.003762488 0.999991655 70.475540161
0.999973059 0.007131645 0.001713778 1.178692460 -0.007137663 0.999968290 0.003531782 -1.711490035 -0.001688536 -0.003543919 0.999992251 70.999137878
0.999972999 0.007179027 0.001578677 1.198880553 -0.007184798 0.999967396 0.003680852 -1.727931261 -0.001552200 -0.003692096 0.999991953 71.543815613
0.999970436 0.007263285 0.002526023 1.192328334 -0.007273856 0.999964714 0.004201631 -1.744573832 -0.002495416 -0.004219881 0.999987900 72.064811707
0.999970675 0.007215920 0.002611649 1.202071309 -0.007226158 0.999966264 0.003932563 -1.757927418 -0.002583184 -0.003951320 0.999988794 72.610702515
0.999973774 0.006697976 0.002748863 1.216132402 -0.006707969 0.999970853 0.003641871 -1.765938997 -0.002724389 -0.003660214 0.999989569 73.141304016
0.999973893 0.006704563 0.002668407 1.226214409 -0.006714488 0.999970496 0.003727952 -1.779052377 -0.002643335 -0.003745772 0.999989510 73.684631348
0.999969780 0.007100513 0.003165601 1.228959680 -0.007112091 0.999967933 0.003661227 -1.791950226 -0.003139503 -0.003683631 0.999988198 74.217376709
0.999969661 0.007080783 0.003252250 1.241935730 -0.007092526 0.999968290 0.003613670 -1.802978396 -0.003226560 -0.003636627 0.999988198 74.750625610
0.999973118 0.006628326 0.003136604 1.249324441 -0.006639334 0.999971807 0.003512182 -1.812809587 -0.003113236 -0.003532912 0.999988914 75.280624390
0.999970257 0.006767981 0.003696262 1.258405089 -0.006779645 0.999971986 0.003152109 -1.820444822 -0.003674826 -0.003177074 0.999988139 75.820304871
0.999967515 0.006996468 0.003981026 1.265151501 -0.007010670 0.999969006 0.003564584 -1.835894585 -0.003955964 -0.003592379 0.999985635 76.358016968
0.999970078 0.006557286 0.004107697 1.275232315 -0.006571499 0.999972463 0.003455972 -1.851717949 -0.004084921 -0.003482862 0.999985576 76.886077881
0.999973893 0.005984681 0.004065890 1.292324424 -0.005996895 0.999977529 0.002998288 -1.862194896 -0.004047855 -0.003022593 0.999987185 77.425544739
0.999969006 0.006841923 0.003890668 1.300707579 -0.006855701 0.999970198 0.003539014 -1.880373120 -0.003866338 -0.003565577 0.999986172 77.950454712
0.999971390 0.006411703 0.004020369 1.312719345 -0.006425437 0.999973536 0.003412643 -1.895025492 -0.003998382 -0.003438378 0.999986053 78.497619629
0.999974787 0.005787022 0.004126608 1.328315735 -0.005799010 0.999979019 0.002899165 -1.905131936 -0.004109744 -0.002923023 0.999987245 79.047103882
0.999964058 0.006936949 0.004876388 1.331101418 -0.006951703 0.999971271 0.003015473 -1.915772200 -0.004855329 -0.003049263 0.999983549 79.580383301
0.999965250 0.006934832 0.004623808 1.349033356 -0.006951393 0.999969363 0.003575221 -1.934734464 -0.004598875 -0.003607239 0.999982893 80.103019714
0.999960542 0.006588047 0.005957710 1.362123966 -0.006609285 0.999971867 0.003552086 -1.945629716 -0.005934142 -0.003591323 0.999975920 80.652206421
0.999948680 0.006910293 0.007396480 1.370844603 -0.006936309 0.999969840 0.003497614 -1.960363030 -0.007372087 -0.003548739 0.999966502 81.177955627
0.999935985 0.007418830 0.008533935 1.391626954 -0.007445273 0.999967575 0.003070842 -1.970225215 -0.008510875 -0.003134183 0.999958873 81.718872070
0.999921858 0.007470569 0.010016800 1.406571388 -0.007501178 0.999967277 0.003021721 -1.992602587 -0.009993897 -0.003096623 0.999945283 82.253753662
0.999876201 0.008093958 0.013494502 1.419392943 -0.008142572 0.999960542 0.003551455 -2.007520437 -0.013465228 -0.003660896 0.999902666 82.788047791
0.999819100 0.008446745 0.017049845 1.447380066 -0.008525510 0.999953330 0.004552272 -2.031659126 -0.017010599 -0.004696807 0.999844313 83.310043335
0.999726593 0.008096212 0.021936309 1.453350425 -0.008177014 0.999960124 0.003596221 -2.031886101 -0.021906326 -0.003774612 0.999752879 83.890441895
0.999650359 0.007237290 0.025432266 1.476073265 -0.007293565 0.999971151 0.002120654 -2.024488926 -0.025416180 -0.002305405 0.999674439 84.414787292
0.999454975 0.007586935 0.032128308 1.493814945 -0.007675210 0.999967098 0.002625163 -2.048314571 -0.032107335 -0.002870324 0.999480307 85.036201477
0.999241173 0.007717432 0.038177725 1.512148499 -0.007792963 0.999967873 0.001829973 -2.047614574 -0.038162380 -0.002126102 0.999269307 85.581382751
0.999000490 0.005916586 0.044305522 1.548224688 -0.006040221 0.999978244 0.002657140 -2.069004536 -0.044288844 -0.002922099 0.999014497 86.098510742
0.998612463 0.005468887 0.052375622 1.597588062 -0.005618867 0.999980509 0.002716715 -2.085658073 -0.052359745 -0.003007238 0.998623788 86.647109985
0.998154044 0.006120869 0.060423605 1.643493414 -0.006299554 0.999976337 0.002767153 -2.100927114 -0.060405251 -0.003142687 0.998169005 87.205192566
0.997725189 0.005911964 0.067152657 1.691021919 -0.006077525 0.999978960 0.002261419 -2.107380867 -0.067137875 -0.002664397 0.997740149 87.748695374
0.997039318 0.006155641 0.076648258 1.753124714 -0.006328469 0.999977946 0.002012130 -2.120392799 -0.076634184 -0.002491238 0.997056186 88.279823303
0.996196091 0.005833483 0.086945079 1.820499897 -0.006029848 0.999979794 0.001996031 -2.136603117 -0.086931683 -0.002512703 0.996211171 88.802658081
0.995341301 0.007200403 0.096144326 1.879910469 -0.007378457 0.999971688 0.001496556 -2.140264988 -0.096130833 -0.002198981 0.995366275 89.336105347
0.994458377 0.006429841 0.104933508 1.929483891 -0.006654524 0.999976397 0.001791231 -2.161100626 -0.104919493 -0.002479587 0.994477630 89.878288269
0.993363976 0.006215081 0.114844270 2.026396751 -0.006463189 0.999977529 0.001788155 -2.170221806 -0.114830561 -0.002518549 0.993381917 90.403228760
0.992026269 0.005841319 0.125896037 2.108151436 -0.006198529 0.999977827 0.002445776 -2.200938940 -0.125878930 -0.003206644 0.992040455 90.939361572
0.990728378 0.005868800 0.135730430 2.190476418 -0.006200968 0.999978662 0.002024600 -2.202281475 -0.135715678 -0.002847489 0.990743756 91.500511169
0.989089608 0.006445739 0.147174209 2.279525757 -0.006894742 0.999972999 0.002540878 -2.226166248 -0.147153869 -0.003527884 0.989107311 92.039833069
0.987271190 0.006574620 0.158909678 2.379384995 -0.007001251 0.999973357 0.002125049 -2.236725807 -0.158891469 -0.003210566 0.987290859 92.568382263
0.985393703 0.006026144 0.170185059 2.482927322 -0.006383610 0.999978364 0.001553342 -2.241853952 -0.170172006 -0.002617048 0.985410810 93.111061096
0.983307064 0.006105138 0.181851402 2.580088615 -0.006496524 0.999977708 0.001556631 -2.243259192 -0.181837812 -0.002712048 0.983324766 93.678382874
0.981148660 0.004704569 0.193196923 2.734787941 -0.005035892 0.999986529 0.001223897 -2.261734009 -0.193188593 -0.002173743 0.981159151 94.149795532
0.978527486 0.004907311 0.206057847 2.854370117 -0.005244644 0.999985635 0.001090898 -2.270819187 -0.206049532 -0.002148174 0.978539348 94.681915283
0.976206362 0.005176391 0.216781810 2.981063843 -0.005682552 0.999982357 0.001711594 -2.292519331 -0.216769144 -0.002902742 0.976218522 95.197875977
0.973291218 0.004656066 0.229526624 3.125070572 -0.005080401 0.999986231 0.001257834 -2.293529272 -0.229517624 -0.002390326 0.973301589 95.714187622
0.970103443 0.004018105 0.242658421 3.285619736 -0.004465398 0.999989152 0.001293328 -2.304311991 -0.242650598 -0.002338229 0.970110953 96.248062134
0.967246413 0.004354286 0.253801972 3.444517136 -0.004793114 0.999987900 0.001110669 -2.328172207 -0.253794044 -0.002290792 0.967255592 96.762901306
0.963904142 0.003450341 0.266227275 3.612909317 -0.003840262 0.999992192 0.000944045 -2.342930555 -0.266221941 -0.001932352 0.963909805 97.309631348
0.960160375 0.004453587 0.279413790 3.793689728 -0.005016901 0.999986589 0.001300949 -2.359186649 -0.279404223 -0.002650910 0.960169911 97.809028625
0.956224442 0.004019637 0.292606711 3.965707779 -0.004466482 0.999989629 0.000859050 -2.366705418 -0.292600274 -0.002128367 0.956232488 98.339553833
0.952695191 0.003640340 0.303905636 4.146162033 -0.004253442 0.999990046 0.001355454 -2.388926983 -0.303897619 -0.002583979 0.952701211 98.843704224
0.948376179 0.002747188 0.317135543 4.335874557 -0.003360374 0.999993384 0.001386565 -2.401234627 -0.317129672 -0.002380679 0.948379219 99.342208862
0.943732381 0.002829614 0.330698043 4.542537689 -0.003338659 0.999994099 0.000971292 -2.414267063 -0.330693245 -0.002020727 0.943736136 99.848945618
0.939463556 0.002477074 0.342639804 4.740678787 -0.002924987 0.999995351 0.000790500 -2.420599222 -0.342636317 -0.001744862 0.939466417 100.368400574
0.934636891 0.002632762 0.355593830 4.957635880 -0.002933963 0.999995649 0.000307764 -2.438642025 -0.355591536 -0.001330946 0.934640527 100.884704590
0.929475009 0.002348420 0.368877649 5.183549881 -0.002721190 0.999996185 0.000490317 -2.458116770 -0.368875086 -0.001459523 0.929477811 101.360260010
0.924412429 0.001653563 0.381390691 5.402391434 -0.002070287 0.999997616 0.000682345 -2.473922014 -0.381388724 -0.001420356 0.924413681 101.863128662
0.919563115 0.001110529 0.392940670 5.637378693 -0.001529065 0.999998569 0.000752135 -2.489835262 -0.392939359 -0.001292467 0.919563413 102.359832764
0.913436294 0.001154950 0.406979948 5.879379272 -0.001626030 0.999998331 0.000811655 -2.509058475 -0.406978369 -0.001403157 0.913436711 102.837013245
0.907696009 0.000370067 0.419628173 6.119468689 -0.001028017 0.999998569 0.001341809 -2.526484728 -0.419627100 -0.001649340 0.907695055 103.299980164
0.902340829 -0.000101287 0.431023240 6.372833252 -0.000394260 0.999999285 0.001060370 -2.540343285 -0.431023061 -0.001126750 0.902340293 103.782516479
0.896044850 0.000327929 0.443963498 6.645988464 -0.001194569 0.999998033 0.001672344 -2.567716599 -0.443961948 -0.002028840 0.896043301 104.269790649
0.889421582 0.000466406 0.457087696 6.919506073 -0.001303585 0.999998033 0.001516190 -2.582559109 -0.457086056 -0.001944385 0.889420271 104.717781067
0.882696509 -0.001210373 0.469941795 7.176811218 0.000242505 0.999997854 0.002120075 -2.605533361 -0.469943315 -0.001757420 0.882694840 105.221969604
0.876818597 -0.001857418 0.480817974 7.457004547 0.001342119 0.999998033 0.001415545 -2.608213425 -0.480819702 -0.000595862 0.876819313 105.710311890
0.869384587 -0.001927485 0.494132191 7.750602722 0.001250704 0.999997795 0.001700228 -2.625221729 -0.494134337 -0.000860139 0.869385123 106.167892456
0.862100899 -0.001943924 0.506732941 8.039684296 0.001200199 0.999997616 0.001794290 -2.638792038 -0.506735206 -0.000938679 0.862101257 106.629783630
0.855848908 -0.003024891 0.517217100 8.337722778 0.002348879 0.999995291 0.001961636 -2.650514603 -0.517220616 -0.000463984 0.855852008 107.097930908
