1.000000000 0.000000000 0.000000000 0.000000000 0.000000000 1.000000000 0.000000000 0.000000000 0.000000000 0.000000000 1.000000000 0.000000000
1.000000000 -0.000072448 -0.000044033 0.000565770 0.000072450 1.000000000 0.000037933 -0.000917725 0.000044030 -0.000037936 1.000000000 -0.001083483
1.000000000 -0.000121595 -0.000038396 0.001288306 0.000121596 1.000000000 0.000008683 -0.000627535 0.000038394 -0.000008688 1.000000000 -0.002012755
1.000000000 -0.000204162 -0.000124944 0.001627227 0.000204169 1.000000000 0.000060600 -0.001589685 0.000124931 -0.000060625 1.000000000 -0.003786737
1.000000000 -0.000153546 -0.000101007 -0.000027449 0.000153548 1.000000000 0.000019581 0.000142644 0.000101004 -0.000019597 1.000000000 -0.002763822
1.000000000 -0.000194571 -0.000083220 0.002083696 0.000194578 1.000000000 0.000079926 -0.001797826 0.000083204 -0.000079942 1.000000000 -0.002876777
1.000000000 -0.000076286 0.000015784 -0.000620201 0.000076286 1.000000000 -0.000001486 -0.000348994 -0.000015784 0.000001487 1.000000000 -0.002394247
1.000000000 -0.000115427 -0.000076379 0.000770993 0.000115429 1.000000000 0.000026414 -0.000141737 0.000076376 -0.000026423 1.000000000 -0.003496135
1.000000000 -0.000129549 -0.000060442 0.000647805 0.000129550 1.000000000 0.000005362 0.000332324 0.000060441 -0.000005370 1.000000000 0.000011815
1.000000000 -0.000100232 -0.000081779 0.000146784 0.000100235 1.000000000 0.000041833 0.000630936 0.000081775 -0.000041842 1.000000000 -0.001355805
1.000000000 -0.000182654 -0.000143525 0.001232900 0.000182659 1.000000000 0.000035498 -0.000440138 0.000143519 -0.000035525 1.000000000 -0.002511976
1.000000000 -0.000143018 -0.000061809 0.000209116 0.000143020 1.000000000 0.000031669 -0.000008617 0.000061804 -0.000031677 1.000000000 -0.000336104
0.999999940 -0.000248755 -0.000120922 0.000365421 0.000248763 0.999999940 0.000065145 0.000255572 0.000120906 -0.000065175 1.000000000 -0.001775848
1.000000000 -0.000161606 -0.000083935 0.000706868 0.000161606 1.000000000 0.000005656 -0.000180628 0.000083934 -0.000005670 1.000000000 -0.002934237
1.000000000 -0.000131087 -0.000070632 0.000713189 0.000131093 1.000000000 0.000078968 -0.000190975 0.000070622 -0.000078977 1.000000000 -0.001764646
1.000000000 -0.000101290 -0.000036004 0.001395429 0.000101293 1.000000000 0.000089982 -0.000908038 0.000035995 -0.000089985 1.000000000 -0.004815527
1.000000000 -0.000150092 -0.000107127 0.001160828 0.000150097 1.000000000 0.000042061 0.000611639 0.000107120 -0.000042077 1.000000000 -0.001431860
1.000000000 -0.000061841 -0.000058630 0.000462560 0.000061845 1.000000000 0.000062126 -0.000034454 0.000058626 -0.000062130 1.000000000 -0.002874299
1.000000000 -0.000224999 -0.000087256 0.000041476 0.000225002 1.000000000 0.000025470 -0.000207570 0.000087250 -0.000025489 1.000000000 -0.001655956
0.999999940 -0.000262368 -0.000078748 0.000750231 0.000262370 0.999999940 0.000026107 0.000759785 0.000078741 -0.000026127 1.000000000 -0.001152514
1.000000000 -0.000162409 -0.000042154 -0.000629257 0.000162410 1.000000000 0.000015529 -0.000162501 0.000042151 -0.000015536 1.000000000 -0.001819158
1.000000000 -0.000143100 -0.000107206 0.002656723 0.000143106 1.000000000 0.000056764 -0.000043547 0.000107198 -0.000056779 1.000000000 -0.001605737
1.000000000 -0.000169258 -0.000095933 0.001506958 0.000169266 1.000000000 0.000082942 -0.000337222 0.000095919 -0.000082958 1.000000000 -0.002558956
0.999999940 -0.000268542 -0.000123562 0.000773514 0.000268551 0.999999940 0.000076090 0.000034739 0.000123542 -0.000076124 1.000000000 -0.004019778
0.999999940 -0.000221547 -0.000163605 0.002507577 0.000221555 1.000000000 0.000050122 -0.000200934 0.000163594 -0.000050158 1.000000000 -0.002758285
0.999999940 -0.000243883 -0.000091925 0.001250681 0.000243886 0.999999940 0.000037884 0.000703804 0.000091916 -0.000037906 1.000000000 -0.001679110
0.999999940 -0.000295345 -0.000187367 0.002769520 0.000295361 0.999999940 0.000083091 -0.000382380 0.000187343 -0.000083147 1.000000000 -0.004515436
0.999999940 -0.000244334 -0.000091635 0.000047847 0.000244335 0.999999940 0.000017451 -0.000177245 0.000091631 -0.000017473 1.000000000 -0.002921938
1.000000000 -0.000154446 -0.000148897 0.001133786 0.000154462 1.000000000 0.000105624 -0.000011127 0.000148881 -0.000105647 1.000000000 -0.003007262
0.999999940 -0.000224713 -0.000125735 0.002110951 0.000224730 0.999999940 0.000139057 -0.000939546 0.000125704 -0.000139085 1.000000000 -0.004741443
0.999999940 -0.000273605 -0.000169806 0.000148972 0.000273619 0.999999940 0.000083379 0.000999941 0.000169784 -0.000083425 1.000000000 -0.001621162
0.999999940 -0.000260962 -0.000119217 0.000568664 0.000260973 0.999999940 0.000088542 0.000285954 0.000119194 -0.000088573 1.000000000 -0.002115483
0.999999940 -0.000351322 -0.000154596 0.002563015 0.000351332 0.999999940 0.000067361 -0.000379479 0.000154572 -0.000067415 1.000000000 -0.002658922
0.999999940 -0.000314168 -0.000142262 0.001123328 0.000314169 0.999999940 0.000003405 0.000544180 0.000142261 -0.000003450 1.000000000 -0.001114380
0.999999940 -0.000243560 -0.000118813 0.001162279 0.000243566 0.999999940 0.000055070 -0.000985862 0.000118800 -0.000055099 1.000000000 -0.005378864
0.999999940 -0.000256660 -0.000136246 0.001908069 0.000256661 0.999999940 0.000004217 0.000567212 0.000136245 -0.000004252 1.000000000 -0.001171534
1.000000000 -0.000176439 -0.000107169 0.002683144 0.000176456 1.000000000 0.000154551 -0.000679106 0.000107142 -0.000154570 1.000000000 -0.007199417
0.999999940 -0.000336065 -0.000163107 0.001417486 0.000336077 0.999999940 0.000071495 -0.000236647 0.000163082 -0.000071550 1.000000000 -0.004388096
1.000000000 -0.000203181 -0.000122619 0.000856432 0.000203194 1.000000000 0.000109929 -0.000343428 0.000122597 -0.000109954 1.000000000 -0.002501301
0.999999940 -0.000243919 -0.000150709 0.002509349 0.000243926 0.999999940 0.000045692 -0.001138715 0.000150698 -0.000045729 1.000000000 0.000417455
0.999999940 -0.000354592 -0.000147639 0.002156475 0.000354523 0.999999821 -0.000461228 -0.002002432 0.000147802 0.000461176 0.999999881 0.048447303
0.999999940 -0.000190499 -0.000215074 0.003155514 0.000190276 0.999999464 -0.001036071 -0.005626664 0.000215271 0.001036030 0.999999464 0.139954388
0.999999940 -0.000185191 -0.000174511 0.004742530 0.000184947 0.999998987 -0.001401441 -0.008121680 0.000174770 0.001401409 0.999998987 0.253747731
0.999999940 -0.000227422 -0.000106595 0.005324156 0.000227278 0.999999046 -0.001350505 -0.012634242 0.000106902 0.001350481 0.999999106 0.388233811
0.999999940 -0.000210030 -0.000268206 0.009584575 0.000209737 0.999999404 -0.001090177 -0.019242112 0.000268435 0.001090121 0.999999344 0.527950287
1.000000000 -0.000103654 -0.000134558 0.011964806 0.000103521 0.999999523 -0.000989032 -0.023010680 0.000134660 0.000989018 0.999999523 0.685212791
0.999999940 -0.000329687 -0.000178339 0.019732768 0.000329537 0.999999583 -0.000840108 -0.025777798 0.000178615 0.000840049 0.999999642 0.841170430
1.000000000 0.000162374 0.000034859 0.017331205 -0.000162349 0.999999702 -0.000717487 -0.026320741 -0.000034976 0.000717481 0.999999762 1.020604134
0.999999940 -0.000201069 -0.000209477 0.028883811 0.000200951 0.999999821 -0.000559646 -0.035831746 0.000209590 0.000559604 0.999999821 1.180223227
1.000000000 -0.000003388 0.000041050 0.028592436 0.000003402 0.999999940 -0.000337028 -0.041200850 -0.000041049 0.000337028 0.999999940 1.367969155
1.000000000 0.000025916 -0.000228379 0.035867259 -0.000025973 0.999999940 -0.000250103 -0.045463290 0.000228372 0.000250109 0.999999940 1.559516311
1.000000000 -0.000139666 0.000115944 0.033889923 0.000139696 0.999999940 -0.000261728 -0.055903032 -0.000115908 0.000261744 0.999999940 1.789275765
0.999999940 -0.000297606 0.000047840 0.038155623 0.000297604 0.999999940 0.000030456 -0.058185522 -0.000047849 -0.000030442 1.000000000 1.973475099
0.999999940 0.000057946 0.000360902 0.033683188 -0.000057945 1.000000000 -0.000002061 -0.069658197 -0.000360902 0.000002040 0.999999940 2.188287735
1.000000000 0.000038425 0.000062076 0.045624513 -0.000038442 0.999999940 0.000265970 -0.077581771 -0.000062066 -0.000265972 0.999999940 2.409939051
0.999999940 -0.000333870 -0.000046646 0.062861092 0.000333889 0.999999881 0.000410530 -0.084342241 0.000046509 -0.000410546 0.999999940 2.599506140
0.999902129 -0.002606511 0.013743478 -0.207189232 0.002598966 0.999996424 0.000566773 -0.084231034 -0.013744907 -0.000530999 0.999905407 2.894103527
0.999901831 -0.002265156 0.013831096 -0.198706269 0.002256533 0.999997258 0.000639069 -0.088550314 -0.013832507 -0.000607796 0.999904156 3.128825903
0.999897778 -0.002540994 0.014066878 -0.189783067 0.002528491 0.999996364 0.000906585 -0.098066881 -0.014069131 -0.000870924 0.999900699 3.371925592
0.999889135 -0.002809423 0.014624250 -0.200054914 0.002795762 0.999995649 0.000954511 -0.114264823 -0.014626868 -0.000913520 0.999892592 3.616019249
0.999891937 -0.002665696 0.014461000 -0.187564641 0.002649298 0.999995887 0.001152988 -0.121997647 -0.014464012 -0.001114551 0.999894798 3.861619949
0.999889910 -0.003082552 0.014513528 -0.180078208 0.003065113 0.999994516 0.001223698 -0.128417805 -0.014517223 -0.001179078 0.999893844 4.131562710
0.999885798 -0.002256137 0.014943260 -0.182391167 0.002235311 0.999996483 0.001410281 -0.135132700 -0.014946391 -0.001376717 0.999887288 4.381032944
0.999880612 -0.002562355 0.015232791 -0.184404254 0.002539348 0.999995530 0.001529508 -0.143706724 -0.015236643 -0.001490644 0.999882817 4.643792629
0.999879122 -0.002711645 0.015307742 -0.173604250 0.002683994 0.999994695 0.001826565 -0.154459745 -0.015312614 -0.001785258 0.999881208 4.902500153
0.999876857 -0.002711245 0.015458191 -0.163691938 0.002681640 0.999994576 0.001935574 -0.162460372 -0.015463355 -0.001893882 0.999878705 5.157135010
0.999877989 -0.002937108 0.015341128 -0.158670411 0.002907364 0.999993861 0.001960763 -0.171775252 -0.015346794 -0.001915921 0.999880373 5.412567616
0.999879420 -0.002569754 0.015313559 -0.141006261 0.002539690 0.999994755 0.001982387 -0.174690545 -0.015318574 -0.001943256 0.999880791 5.694786072
0.999872804 -0.002680281 0.015717983 -0.173232585 0.002643725 0.999993742 0.002346063 -0.210608602 -0.015724173 -0.002304211 0.999873698 5.975260735
0.999871969 -0.003105082 0.015696822 -0.160252616 0.003068645 0.999992490 0.002344838 -0.220970362 -0.015703987 -0.002296370 0.999874055 6.247274876
0.999869108 -0.002539101 0.015980598 -0.155708566 0.002499294 0.999993682 0.002510502 -0.227757663 -0.015986875 -0.002470234 0.999869108 6.533252239
0.999864101 -0.002406179 0.016312947 -0.145381525 0.002363795 0.999993742 0.002616987 -0.238691926 -0.016319145 -0.002578071 0.999863446 6.811277390
0.999867499 -0.002280708 0.016113708 -0.129153013 0.002237438 0.999993801 0.002702798 -0.249213248 -0.016119773 -0.002666386 0.999866545 7.112944126
0.999862611 -0.002543138 0.016379541 -0.141698182 0.002499673 0.999993324 0.002673554 -0.265294731 -0.016386230 -0.002632244 0.999862254 7.391587734
0.999864101 -0.002140597 0.016347896 -0.127325892 0.002100162 0.999994755 0.002490128 -0.274857342 -0.016353138 -0.002455456 0.999863267 7.701227665
0.999862492 -0.002513475 0.016390061 -0.111721799 0.002466403 0.999992788 0.002891565 -0.289125830 -0.016397212 -0.002850743 0.999861419 8.020009041
0.999857903 -0.001757412 0.016767832 -0.114203751 0.001707293 0.999994040 0.003002810 -0.290513247 -0.016773012 -0.002973755 0.999854863 8.346038818
0.999861836 -0.002289808 0.016465904 -0.092831448 0.002243046 0.999993443 0.002857855 -0.298434317 -0.016472340 -0.002820526 0.999860346 8.664308548
0.999858201 -0.002181343 0.016700052 -0.091751754 0.002131779 0.999993265 0.002985100 -0.312670261 -0.016706450 -0.002949075 0.999856055 8.999094963
0.999856710 -0.002385337 0.016760586 -0.077335119 0.002336092 0.999992907 0.002957130 -0.318612427 -0.016767520 -0.002917551 0.999855101 9.340714455
0.999845862 -0.001788861 0.017464243 -0.099316910 0.001737966 0.999994218 0.002929015 -0.344740331 -0.017469382 -0.002898211 0.999843180 9.660415649
0.999846935 -0.001589126 0.017422630 -0.081960976 0.001535396 0.999994040 0.003096844 -0.352078080 -0.017427448 -0.003069618 0.999843419 10.002083778
0.999841154 -0.001473466 0.017756298 -0.077417016 0.001422714 0.999994874 0.002870532 -0.359581530 -0.017760439 -0.002844814 0.999838173 10.382684708
0.999841571 -0.001611866 0.017722677 -0.057870537 0.001554738 0.999993563 0.003236713 -0.373423934 -0.017727781 -0.003208646 0.999837697 10.733665466
0.999840856 -0.001756353 0.017752277 -0.047308296 0.001699521 0.999993443 0.003216004 -0.377738833 -0.017757809 -0.003185321 0.999837160 11.119108200
0.999841571 -0.002710949 0.017590605 -0.046284080 0.002650787 0.999990582 0.003442507 -0.410068214 -0.017599771 -0.003395334 0.999839365 11.448196411
0.999842107 -0.002253531 0.017624754 -0.034044638 0.002192791 0.999991596 0.003464836 -0.417541742 -0.017632414 -0.003425641 0.999838710 11.831163406
0.999840558 -0.001917083 0.017752666 -0.017214134 0.001849524 0.999991000 0.003821215 -0.434001446 -0.017759832 -0.003787771 0.999835134 12.213371277
0.999839067 -0.001637428 0.017864084 0.001809925 0.001569110 0.999991417 0.003837655 -0.445846707 -0.017870214 -0.003809007 0.999833047 12.598684311
0.999839604 -0.002132479 0.017785778 0.012730375 0.002062467 0.999989986 0.003953830 -0.458532989 -0.017794035 -0.003916513 0.999834001 12.986702919
0.999841630 -0.001480284 0.017733619 0.042242974 0.001409757 0.999991000 0.003988849 -0.467366397 -0.017739367 -0.003963217 0.999834776 13.380798340
0.999839783 -0.002860717 0.017668430 0.034503579 0.002784145 0.999986589 0.004356935 -0.502381980 -0.017680658 -0.004307045 0.999834418 13.739882469
0.999836683 -0.002756326 0.017859245 0.048591062 0.002676824 0.999986351 0.004473996 -0.506628811 -0.017871337 -0.004425460 0.999830484 14.167509079
0.999827325 -0.002095800 0.018462520 0.066590786 0.002015696 0.999988556 0.004356263 -0.518390715 -0.018471437 -0.004318296 0.999820113 14.588248253
0.999828041 -0.002665326 0.018350847 0.085972145 0.002583664 0.999986708 0.004472298 -0.531643927 -0.018362522 -0.004424117 0.999821603 15.012400627
0.999827981 -0.003188048 0.018270373 0.109449580 0.003099334 0.999983311 0.004881859 -0.550104558 -0.018285632 -0.004824394 0.999821186 15.458780289
0.999822199 -0.003632436 0.018504400 0.109595329 0.003534199 0.999979496 0.005338802 -0.580463529 -0.018523414 -0.005272455 0.999814510 15.846173286
0.999820769 -0.003643075 0.018578451 0.130756438 0.003537969 0.999977648 0.005687116 -0.591966152 -0.018598750 -0.005620366 0.999811292 16.288471222
0.999813139 -0.003391522 0.019032782 0.147726581 0.003286792 0.999979198 0.005531224 -0.603619933 -0.019051148 -0.005467633 0.999803603 16.736410141
0.999807477 -0.003907937 0.019235849 0.149878740 0.003794362 0.999975204 0.005937323 -0.638080716 -0.019258576 -0.005863190 0.999797344 17.135925293
0.999797106 -0.004287998 0.019684637 0.166669235 0.004169583 0.999973059 0.006052676 -0.647145569 -0.019710060 -0.005969370 0.999787986 17.606575012
0.999798238 -0.004322134 0.019621588 0.193264887 0.004209656 0.999974430 0.005770067 -0.658809364 -0.019646026 -0.005686303 0.999790847 18.065336227
0.999791920 -0.004098582 0.019981859 0.207424298 0.003982828 0.999975085 0.005829311 -0.669896066 -0.020005252 -0.005748515 0.999783337 18.540540695
0.999787450 -0.003927934 0.020235609 0.200944200 0.003801733 0.999973118 0.006271267 -0.711282492 -0.020259697 -0.006193004 0.999775589 18.934598923
0.999785304 -0.003824538 0.020360827 0.225215420 0.003690606 0.999971330 0.006611433 -0.720406353 -0.020385528 -0.006534869 0.999770880 19.413471222
0.999787390 -0.003411693 0.020332782 0.242493466 0.003281262 0.999973834 0.006444710 -0.731608868 -0.020354237 -0.006376623 0.999772549 19.895074844
0.999787569 -0.003539272 0.020307187 0.268047065 0.003410442 0.999973893 0.006375190 -0.740464926 -0.020329220 -0.006304579 0.999773502 20.392093658
0.999802053 -0.005663726 0.019071957 0.284304380 0.005531877 0.999960482 0.006958931 -0.784927189 -0.019110616 -0.006852050 0.999793887 20.806404114
0.999809742 -0.005505771 0.018714206 0.298482448 0.005377270 0.999961615 0.006909941 -0.795085669 -0.018751534 -0.006807995 0.999800980 21.314643860
0.999819040 -0.005337472 0.018259611 0.311476588 0.005210578 0.999961913 0.006989958 -0.811718881 -0.018296225 -0.006893549 0.999808788 21.789079666
0.999817848 -0.005386368 0.018306699 0.330258250 0.005261320 0.999962628 0.006872008 -0.807209909 -0.018343026 -0.006774439 0.999808788 22.317369461
0.999821365 -0.005697594 0.018022757 0.320738077 0.005564851 0.999957085 0.007406887 -0.847329497 -0.018064186 -0.007305270 0.999810159 22.783058167
0.999835372 -0.006398181 0.016979285 0.342137456 0.006266048 0.999949753 0.007823857 -0.865521312 -0.017028492 -0.007716176 0.999825299 23.310607910
0.999832451 -0.007077059 0.016882872 0.363442481 0.006953571 0.999948740 0.007361960 -0.878157556 -0.016934108 -0.007243329 0.999830425 23.832056046
0.999848127 -0.006567425 0.016144317 0.365978926 0.006446022 0.999950647 0.007560386 -0.902900517 -0.016193172 -0.007455172 0.999841094 24.310256958
0.999861717 -0.006904601 0.015126521 0.387880147 0.006786820 0.999946415 0.007823884 -0.913438022 -0.015179730 -0.007720142 0.999854982 24.844900131
0.999875784 -0.006485812 0.014369349 0.405672014 0.006376190 0.999950290 0.007661680 -0.923545480 -0.014418329 -0.007569106 0.999867380 25.374599457
0.999880731 -0.006550114 0.013985408 0.406417668 0.006439516 0.999947727 0.007938483 -0.947556019 -0.014036676 -0.007847478 0.999870598 25.903274536
0.999881387 -0.007539980 0.013430133 0.427675843 0.007423513 0.999934494 0.008700893 -0.961465418 -0.013494860 -0.008600162 0.999871910 26.443580627
0.999894083 -0.007726898 0.012336082 0.457961738 0.007620994 0.999933898 0.008608900 -0.974574208 -0.012401786 -0.008513975 0.999886870 27.005208969
0.999899030 -0.006124002 0.012825267 0.459639668 0.006011552 0.999943256 0.008788200 -0.993422866 -0.012878360 -0.008710213 0.999879062 27.515689850
0.999903023 -0.006725984 0.012192838 0.457333058 0.006616107 0.999937356 0.009029670 -1.021114111 -0.012252808 -0.008948125 0.999884903 28.005571365
0.999904811 -0.007169045 0.011784714 0.471869230 0.007062132 0.999933839 0.009088849 -1.032538056 -0.011849091 -0.009004759 0.999889314 28.558464050
0.999912381 -0.006175449 0.011708650 0.482006788 0.006069933 0.999940872 0.009026030 -1.049368620 -0.011763697 -0.008954169 0.999890745 29.095327377
0.999914885 -0.006235053 0.011455055 0.489690125 0.006125818 0.999935687 0.009546390 -1.065033436 -0.011513841 -0.009475406 0.999888837 29.669855118
0.999907374 -0.007953946 0.011044851 0.477743059 0.007842248 0.999918044 0.010119874 -1.120973587 -0.011124438 -0.010032318 0.999887764 30.125017166
0.999907017 -0.008131865 0.010947720 0.494945526 0.008021468 0.999916911 0.010090487 -1.129095912 -0.011028864 -0.010001729 0.999889135 30.670000076
0.999913752 -0.007977791 0.010424915 0.530388176 0.007875839 0.999921024 0.009784393 -1.145853400 -0.010502148 -0.009701445 0.999897778 31.187108994
0.999913275 -0.008394264 0.010141036 0.511732221 0.008284881 0.999907494 0.010780429 -1.191546917 -0.010230592 -0.010695479 0.999890447 31.718912125
0.999911308 -0.008499457 0.010250438 0.532717168 0.008388840 0.999906540 0.010786587 -1.198522091 -0.010341163 -0.010699642 0.999889195 32.242309570
0.999918759 -0.008189308 0.009763460 0.544519722 0.008085500 0.999910891 0.010624637 -1.207039595 -0.009849598 -0.010544831 0.999895811 32.820796967
0.999915183 -0.008865489 0.009543085 0.531269789 0.008758178 0.999898553 0.011228640 -1.243564844 -0.009641664 -0.011144108 0.999891400 33.328330994
0.999918878 -0.008565400 0.009426901 0.546868920 0.008460959 0.999903023 0.011063655 -1.247355461 -0.009520750 -0.010982997 0.999894381 33.868621826
0.999918640 -0.009039305 0.009002251 0.572642326 0.008935004 0.999893308 0.011559742 -1.263070583 -0.009105781 -0.011478366 0.999892652 34.396751404
0.999920070 -0.008952569 0.008935858 0.584360361 0.008848898 0.999893844 0.011574625 -1.277349234 -0.009038531 -0.011494627 0.999893069 34.899505615
0.999922276 -0.008469852 0.009149692 0.593267143 0.008364031 0.999898434 0.011542401 -1.286620617 -0.009246525 -0.011464977 0.999891520 35.436595917
0.999922633 -0.007888592 0.009613909 0.510158718 0.007769076 0.999892831 0.012406082 -1.393501759 -0.009710746 -0.012330432 0.999876738 35.983451843
0.999924183 -0.007660744 0.009639003 0.523384213 0.007543046 0.999897182 0.012188205 -1.400168777 -0.009731383 -0.012114573 0.999879241 36.522415161
0.999925256 -0.007876008 0.009362064 0.539185226 0.007758838 0.999891877 0.012486658 -1.411714077 -0.009459399 -0.012413084 0.999878168 37.089279175
0.999928176 -0.007755250 0.009130532 0.564111710 0.007644451 0.999897361 0.012107960 -1.408971429 -0.009223497 -0.012037292 0.999884963 37.619865417
0.999929488 -0.007331183 0.009346247 0.551558435 0.007219343 0.999902606 0.011944311 -1.427351713 -0.009432903 -0.011875992 0.999884903 38.144412994
0.999925971 -0.008170516 0.009017180 0.506807566 0.008050114 0.999879003 0.013309042 -1.522241831 -0.009124831 -0.013235467 0.999870777 38.674629211
0.999928832 -0.008389111 0.008482625 0.532901525 0.008272085 0.999871373 0.013738047 -1.536901951 -0.008596784 -0.013666901 0.999869645 39.205867767
0.999928057 -0.008247022 0.008714207 0.540989459 0.008126731 0.999872386 0.013750437 -1.544222951 -0.008826497 -0.013678629 0.999867499 39.744449615
0.999928713 -0.008306446 0.008574311 0.563273668 0.008191353 0.999876976 0.013372072 -1.552824736 -0.008684332 -0.013300885 0.999873817 40.316184998
0.999930382 -0.007794281 0.008853990 0.557364285 0.007677925 0.999884665 0.013100439 -1.543034911 -0.008955078 -0.013031547 0.999874949 40.844676971
0.999933660 -0.007580623 0.008677619 0.589266181 0.007469398 0.999890447 0.012778833 -1.551218748 -0.008773540 -0.012713168 0.999880731 41.404010773
0.999921322 -0.009031177 0.008707940 0.508279800 0.008898892 0.999846220 0.015112069 -1.662828088 -0.008843080 -0.015033389 0.999847889 41.872173309
0.999924362 -0.009182729 0.008184087 0.526536882 0.009057944 0.999844134 0.015156117 -1.668541670 -0.008321986 -0.015080839 0.999851644 42.424522400
0.999924242 -0.008909713 0.008500293 0.541464686 0.008778791 0.999844193 0.015316977 -1.678920269 -0.008635440 -0.015241194 0.999846518 42.966915131
0.999924004 -0.009054144 0.008366781 0.560334563 0.008929162 0.999849737 0.014856228 -1.681658506 -0.008500034 -0.014780391 0.999854684 43.506103516
0.999927521 -0.008524344 0.008508685 0.581911862 0.008402021 0.999862373 0.014309965 -1.669136643 -0.008629496 -0.014237437 0.999861479 44.028110504
0.999918461 -0.009512134 0.008521905 0.507855892 0.009376370 0.999830723 0.015831925 -1.757666826 -0.008671057 -0.015750729 0.999838352 44.540607452
0.999917090 -0.010053207 0.008048355 0.528726220 0.009922207 0.999820292 0.016154559 -1.765504718 -0.008209314 -0.016073363 0.999837101 45.080513000
0.999916375 -0.010055522 0.008127127 0.545380950 0.009923127 0.999820054 0.016169734 -1.769688010 -0.008288258 -0.016087735 0.999836266 45.628177643
0.999929190 -0.008185608 0.008651841 0.530089736 0.008041223 0.999830008 0.016593570 -1.823907375 -0.008786201 -0.016522825 0.999824822 46.092231750
0.999929428 -0.008411570 0.008386839 0.547746778 0.008270198 0.999825537 0.016750969 -1.830618024 -0.008526279 -0.016680429 0.999824524 46.640632629
0.999930799 -0.007825240 0.008790107 0.557602942 0.007674291 0.999824703 0.017077027 -1.840764046 -0.008922200 -0.017008388 0.999815524 47.165966034
0.999929011 -0.007927802 0.008894374 0.559972525 0.007780327 0.999833703 0.016494455 -1.840939283 -0.009023661 -0.016424082 0.999824345 47.739952087
0.999920905 -0.009364150 0.008394021 0.553752005 0.009219419 0.999810934 0.017118214 -1.872618914 -0.008552731 -0.017039470 0.999818265 48.170619965
0.999921679 -0.009342628 0.008329922 0.573341072 0.009196551 0.999806225 0.017405588 -1.883363247 -0.008490922 -0.017327618 0.999813795 48.721809387
0.999924362 -0.008748747 0.008640749 0.577983618 0.008597407 0.999811769 0.017399168 -1.886875868 -0.008791343 -0.017323567 0.999811351 49.265609741
0.999916077 -0.009858550 0.008403323 0.592571616 0.009712507 0.999804139 0.017246271 -1.895364165 -0.008571700 -0.017163210 0.999816000 49.796836853
0.999917030 -0.009762802 0.008394282 0.577726007 0.009614359 0.999799967 0.017545769 -1.937124491 -0.008563897 -0.017463611 0.999810815 50.253082275
0.999921501 -0.009201467 0.008489781 0.589191973 0.009048137 0.999798417 0.017925452 -1.946105838 -0.008653009 -0.017847231 0.999803245 50.790882111
0.999919593 -0.009708391 0.008160033 0.610035658 0.009563128 0.999798417 0.017656270 -1.953717828 -0.008329801 -0.017576819 0.999810755 51.340385437
0.999923885 -0.009061150 0.008364657 0.608459115 0.008917246 0.999814272 0.017083708 -1.946330786 -0.008517900 -0.017007818 0.999819040 51.897571564
0.999922216 -0.009294637 0.008306891 0.618074059 0.009153053 0.999814868 0.016922697 -1.949255705 -0.008462641 -0.016845351 0.999822319 52.445510864
0.999918163 -0.009606487 0.008460660 0.622210145 0.009453347 0.999794066 0.017958026 -2.006210327 -0.008631434 -0.017876575 0.999802887 52.913452148
0.999917388 -0.009844408 0.008254273 0.634416342 0.009695922 0.999793887 0.017840069 -2.008736134 -0.008428198 -0.017758565 0.999806762 53.459419250
0.999915600 -0.009524323 0.008832583 0.645119429 0.009364669 0.999795139 0.017944066 -2.015009403 -0.009001679 -0.017859837 0.999799907 54.025737762
0.999912620 -0.009870156 0.008787899 0.660003364 0.009710029 0.999789417 0.018081054 -2.021050930 -0.008964512 -0.017994145 0.999797821 54.540645599
0.999911368 -0.010480943 0.008200930 0.672610879 0.010330208 0.999780774 0.018211585 -2.034764290 -0.008390007 -0.018125257 0.999800444 55.051845551
0.999907315 -0.010791426 0.008290391 0.689738870 0.010642052 0.999783933 0.017855261 -2.039880276 -0.008481283 -0.017765380 0.999806225 55.598747253
0.999913394 -0.010064975 0.008481126 0.699896753 0.009912373 0.999791622 0.017847065 -2.038195610 -0.008658991 -0.017761454 0.999804676 56.154548645
0.999908149 -0.010767508 0.008233193 0.716741800 0.010622353 0.999790847 0.017475316 -2.046562910 -0.008419637 -0.017386256 0.999813437 56.695724487
0.999909043 -0.010719479 0.008182297 0.722147942 0.010568864 0.999777913 0.018233985 -2.075112343 -0.008375940 -0.018145846 0.999800265 57.146186829
0.999911845 -0.010485534 0.008150452 0.737495899 0.010336488 0.999782383 0.018118834 -2.077617884 -0.008338665 -0.018032989 0.999802649 57.693557739
0.999912560 -0.010692293 0.007781704 0.760104299 0.010548451 0.999776959 0.018296741 -2.085555553 -0.007975603 -0.018213058 0.999802291 58.226173401
0.999908984 -0.010712763 0.008186085 0.773625016 0.010562044 0.999777913 0.018238207 -2.087172985 -0.008379646 -0.018150089 0.999800146 58.775638580
0.999907732 -0.010759376 0.008288338 0.755879879 0.010603025 0.999769211 0.018682454 -2.118082523 -0.008487437 -0.018592849 0.999791026 59.253807068
0.999910831 -0.010384413 0.008400164 0.777046323 0.010226607 0.999774396 0.018615765 -2.127430201 -0.008591583 -0.018528203 0.999791324 59.801479340
0.999913931 -0.010207617 0.008238975 0.809544802 0.010051344 0.999772906 0.018791020 -2.132248640 -0.008428914 -0.018706592 0.999789417 60.340656281
0.999910235 -0.010511968 0.008309379 0.817288756 0.010359788 0.999781609 0.018149735 -2.133022547 -0.008498355 -0.018062022 0.999800682 60.889179230
0.999904931 -0.011149982 0.008110086 0.809267461 0.010996962 0.999765277 0.018673722 -2.164650202 -0.008316393 -0.018582763 0.999792755 61.356113434
0.999909878 -0.010645373 0.008165302 0.814538896 0.010491346 0.999770463 0.018679915 -2.160235643 -0.008362282 -0.018592570 0.999792218 61.922744751
0.999913216 -0.010113595 0.008431538 0.830304861 0.009954361 0.999775231 0.018718150 -2.169935226 -0.008618952 -0.018632598 0.999789238 62.488433838
0.999909282 -0.010456715 0.008492069 0.831229627 0.010296077 0.999771297 0.018744495 -2.175139427 -0.008686133 -0.018655362 0.999788225 62.996852875
0.999913990 -0.009984770 0.008500418 0.840742469 0.009827009 0.999782383 0.018402852 -2.187872171 -0.008682317 -0.018317739 0.999794483 63.534885406
0.999913812 -0.008901485 0.009652772 0.728618860 0.008708422 0.999764800 0.019861698 -2.341296434 -0.009827301 -0.019775925 0.999756157 64.084327698
0.999912322 -0.009284277 0.009445036 0.751358449 0.009093376 0.999757409 0.020057870 -2.344050407 -0.009628970 -0.019970223 0.999754190 64.636871338
0.999915004 -0.009273703 0.009160569 0.769634366 0.009092888 0.999766767 0.019586625 -2.341912508 -0.009340074 -0.019501664 0.999766171 65.186004639
0.999914527 -0.009156096 0.009334992 0.787882447 0.008970788 0.999765635 0.019703163 -2.350517273 -0.009513209 -0.019617736 0.999762297 65.723587036
0.999915600 -0.008647227 0.009700638 0.777738810 0.008459274 0.999778807 0.019251818 -2.352101803 -0.009864967 -0.019168129 0.999767661 66.217048645
0.999918997 -0.006087270 0.011178002 0.712118149 0.005854721 0.999768078 0.020720391 -2.448756695 -0.011301542 -0.020653265 0.999722779 66.732566833
0.999921679 -0.006241748 0.010845094 0.737151027 0.006014687 0.999764562 0.020844689 -2.452032089 -0.010972650 -0.020777825 0.999723852 67.273307800
0.999919832 -0.006954411 0.010580199 0.746919036 0.006734861 0.999764085 0.020647077 -2.454156399 -0.010721292 -0.020574166 0.999730825 67.821037292
0.999926448 -0.005825217 0.010638138 0.768689632 0.005604537 0.999770880 0.020657560 -2.459242582 -0.010756036 -0.020596417 0.999729991 68.337471008
0.999921739 -0.006774817 0.010514091 0.785158157 0.006562454 0.999776363 0.020102670 -2.456021547 -0.010647931 -0.020032097 0.999742627 68.864952087
0.999915838 -0.005805776 0.011601763 0.736612797 0.005565555 0.999771655 0.020631650 -2.495255470 -0.011718896 -0.020565344 0.999719799 69.419654846
0.999915242 -0.005720032 0.011696107 0.754785001 0.005478832 0.999773800 0.020551257 -2.499449492 -0.011811015 -0.020485435 0.999720335 69.964790344
0.999914289 -0.005715551 0.011772871 0.771425724 0.005475200 0.999777973 0.020347692 -2.501301289 -0.011886554 -0.020281490 0.999723673 70.502868652
0.999914944 -0.005249691 0.011939872 0.799764693 0.005005918 0.999780297 0.020355828 -2.512847900 -0.012044110 -0.020294327 0.999721467 70.999420166
0.999911487 -0.006257570 0.011741114 0.812815666 0.006020820 0.999780059 0.020092271 -2.514053345 -0.011864258 -0.020019803 0.999729216 71.523811340
0.999909341 -0.005226748 0.012407538 0.747307718 0.004973683 0.999780774 0.020340063 -2.555615187 -0.012511130 -0.020276507 0.999716103 72.066535950
0.999909222 -0.004889559 0.012553982 0.766241550 0.004635395 0.999785423 0.020195574 -2.561413288 -0.012650034 -0.020135550 0.999717236 72.616737366
0.999908030 -0.005373123 0.012451218 0.792385459 0.005120909 0.999782920 0.020200286 -2.571413994 -0.012557052 -0.020134667 0.999718428 73.162231445
0.999908507 -0.004613353 0.012712794 0.792189717 0.004357767 0.999789298 0.020059470 -2.576101780 -0.012802657 -0.020002237 0.999717951 73.711097717
0.999905705 -0.005740759 0.012472066 0.824472308 0.005487113 0.999779344 0.020277128 -2.579636574 -0.012585720 -0.020206783 0.999716520 74.160713196
0.999902725 -0.004142206 0.013319170 0.763826489 0.003858503 0.999766648 0.021255948 -2.637751818 -0.013404110 -0.021202490 0.999685287 74.730308533
0.999902308 -0.004271512 0.013308967 0.779453754 0.003990260 0.999769628 0.021087928 -2.637053490 -0.013395981 -0.021032762 0.999688983 75.290390015
0.999905109 -0.004813178 0.012910213 0.801531672 0.004540116 0.999767125 0.021097435 -2.650023937 -0.013008754 -0.021036817 0.999694049 75.822288513
0.999909341 -0.004260572 0.012775360 0.826214194 0.003991129 0.999770641 0.021042615 -2.650830269 -0.012862083 -0.020989722 0.999696970 76.381385803
0.999907434 -0.004163575 0.012961416 0.854121387 0.003898378 0.999783933 0.020419037 -2.645441532 -0.013043633 -0.020366617 0.999707520 76.898857117
0.999892473 -0.003924828 0.014131384 0.759241223 0.003627129 0.999772191 0.021030953 -2.700052500 -0.014210709 -0.020977437 0.999678910 77.421447754
0.999891996 -0.004193585 0.014091531 0.777645588 0.003899362 0.999775052 0.020842437 -2.705957890 -0.014175769 -0.020785237 0.999683440 77.970779419
0.999889553 -0.003770829 0.014380729 0.797718406 0.003467008 0.999771476 0.021093713 -2.712366581 -0.014456986 -0.021041526 0.999674082 78.522338867
0.999880254 -0.003561002 0.015054120 0.786188006 0.003244143 0.999773800 0.021020256 -2.715213776 -0.015125567 -0.020968903 0.999665678 79.094970703
0.999863625 -0.003859044 0.016052222 0.808673501 0.003529360 0.999783218 0.020516085 -2.715443134 -0.016127916 -0.020456631 0.999660611 79.643707275
0.999843419 -0.003571554 0.017327707 0.830968380 0.003208047 0.999775171 0.020960957 -2.723497391 -0.017398674 -0.020902086 0.999630094 80.175621033
0.999814272 -0.003558511 0.018938124 0.856492758 0.003169088 0.999783814 0.020553354 -2.730460644 -0.019007167 -0.020489521 0.999609351 80.695022583
0.999740899 -0.002678619 0.022601278 0.888046622 0.002200575 0.999773860 0.021149622 -2.727488995 -0.022652820 -0.021094408 0.999520838 81.212425232
0.999614537 -0.002198247 0.027673962 0.809113860 0.001618192 0.999778867 0.020965263 -2.759345531 -0.027713928 -0.020912401 0.999397099 81.859497070
0.999531209 -0.002901357 0.030479971 0.847446322 0.002261339 0.999776661 0.021011520 -2.765015602 -0.030534124 -0.020932745 0.999314487 82.403709412
0.999364138 -0.003202172 0.035510626 0.875517130 0.002462632 0.999779642 0.020850087 -2.762400627 -0.035569564 -0.020749381 0.999151707 82.954895020
0.999116659 -0.002424679 0.041953579 0.912398100 0.001538229 0.999775171 0.021148710 -2.771258593 -0.041995421 -0.021065492 0.998895645 83.488296509
0.998860776 -0.002059752 0.047674686 0.920848608 0.001060342 0.999779344 0.020978950 -2.787942410 -0.047707379 -0.020904500 0.998642564 84.025726318
0.998574317 -0.001851998 0.053346753 0.965599537 0.000738985 0.999781847 0.020875912 -2.786501408 -0.053373776 -0.020806730 0.998357832 84.579910278
0.998120010 -0.002147926 0.061251845 1.011832714 0.000875317 0.999783278 0.020795939 -2.787606239 -0.061283246 -0.020703228 0.997905672 85.136123657
0.997611642 -0.002065244 0.069041938 1.063185692 0.000653324 0.999790311 0.020466523 -2.791676521 -0.069069728 -0.020372538 0.997403741 85.707801819
0.997090101 -0.002156389 0.076202311 1.143808842 0.000605846 0.999792397 0.020365000 -2.785587549 -0.076230407 -0.020259574 0.996884346 86.299072266
0.996253252 -0.000138787 0.086483434 1.115010262 -0.001787539 0.999751985 0.022196092 -2.875012875 -0.086465083 -0.022267520 0.996006012 86.845962524
0.995313346 -0.000258430 0.096701719 1.189833641 -0.001916861 0.999747217 0.022401279 -2.878937244 -0.096683055 -0.022481658 0.995061338 87.395484924
0.994470894 -0.000363671 0.105011597 1.269643307 -0.001960970 0.999755323 0.022032898 -2.880621433 -0.104993924 -0.022116998 0.994226933 87.943115234
0.993607581 -0.000807528 0.112886198 1.351417542 -0.001691868 0.999755561 0.022043293 -2.885040283 -0.112876393 -0.022093372 0.993363440 88.458900452
0.992266357 0.000459035 0.124126025 1.380975723 -0.003313357 0.999734700 0.022789897 -2.896282196 -0.124082647 -0.023024920 0.992004693 88.985366821
0.990889907 -0.000421094 0.134673759 1.482459068 -0.002652608 0.999740064 0.022643063 -2.899620056 -0.134648293 -0.022794019 0.990631223 89.534904480
0.989622891 -0.000385123 0.143688858 1.575750351 -0.002874846 0.999743104 0.022479383 -2.895009041 -0.143660620 -0.022659194 0.989367485 90.062599182
0.987957180 -0.000548092 0.154726863 1.675471306 -0.002966834 0.999742746 0.022485150 -2.897786856 -0.154699355 -0.022673413 0.987701297 90.623161316
0.986037910 -0.001421501 0.166514784 1.795559883 -0.002322636 0.999748886 0.022288421 -2.904650688 -0.166504651 -0.022363983 0.985786974 91.117782593
0.984140873 -0.001823837 0.177379936 1.879591942 -0.002121978 0.999754488 0.022052744 -2.893353939 -0.177376658 -0.022079399 0.983895361 91.662818909
0.982234418 -0.001731992 0.187650070 2.002328873 -0.002393927 0.999760330 0.021758454 -2.893526077 -0.187642783 -0.021821121 0.981994927 92.201713562
0.979653120 -0.001902463 0.200689077 2.135179520 -0.002557331 0.999755502 0.021960815 -2.895536661 -0.200681806 -0.022027211 0.979408801 92.738510132
0.977088094 -0.002077500 0.212825179 2.267704010 -0.002620115 0.999759078 0.021788221 -2.903819323 -0.212819219 -0.021846639 0.976847291 93.261062622
0.974663079 -0.001874663 0.223670155 2.398954391 -0.003131785 0.999752402 0.022026340 -2.908200026 -0.223656088 -0.022168744 0.974416018 93.815773010
0.971671462 -0.002953236 0.236317232 2.525428772 -0.002316534 0.999754846 0.022018798 -2.906659603 -0.236324340 -0.021942474 0.971426427 94.328300476
0.968489408 -0.003804849 0.249025315 2.694383621 -0.001641708 0.999763966 0.021660158 -2.904924631 -0.249048993 -0.021386463 0.968254685 94.865257263
0.965361774 -0.002665857 0.260900974 2.848928452 -0.003182162 0.999753118 0.021989712 -2.912958384 -0.260895163 -0.022058260 0.965115070 95.390945435
0.961987913 -0.003366010 0.273071259 3.013477325 -0.002728929 0.999755561 0.021937072 -2.916407108 -0.273078382 -0.021848392 0.961743593 95.915328979
0.957870543 -0.003270134 0.287181795 3.156311035 -0.003093650 0.999759674 0.021702850 -2.893872261 -0.287183762 -0.021676959 0.957630217 96.465248108
0.954291821 -0.004673477 0.298839867 3.347337723 -0.001757546 0.999772787 0.021247584 -2.898109913 -0.298871249 -0.020801624 0.954066753 96.974914551
0.950848162 -0.005600738 0.309606671 3.546829224 -0.001040634 0.999773026 0.021281686 -2.898981094 -0.309655607 -0.020557836 0.950626612 97.484001160
0.946097910 -0.005169773 0.323839486 3.734386444 -0.001947571 0.999763787 0.021650061 -2.911977530 -0.323874861 -0.021113778 0.945864320 97.990280151
0.941326082 -0.005074530 0.337460071 3.948923111 -0.002129884 0.999777734 0.020975277 -2.882967949 -0.337491482 -0.020463327 0.941106141 98.511322021
0.937368691 -0.006118342 0.348285139 4.164514542 -0.001192785 0.999783516 0.020773489 -2.883427143 -0.348336816 -0.019887844 0.937158525 99.010467529
0.932468116 -0.005319638 0.361213118 4.381282806 -0.002419725 0.999777198 0.020970365 -2.890218735 -0.361244172 -0.020428229 0.932247460 99.532424927
0.927094221 -0.006456058 0.374772668 4.591526031 -0.001528539 0.999778271 0.021004006 -2.904043198 -0.374825120 -0.020045551 0.926878870 99.991020203
0.921844900 -0.005666406 0.387517512 4.850467682 -0.002663041 0.999776900 0.020954024 -2.888208866 -0.387549818 -0.020348338 0.921624064 100.575416565
0.917309582 -0.005943148 0.398130327 5.083953857 -0.002522466 0.999781847 0.020736257 -2.890933514 -0.398166716 -0.020025840 0.917094409 101.071937561
0.911564350 -0.006523912 0.411105722 5.339374542 -0.002127757 0.999785900 0.020583760 -2.890051365 -0.411151975 -0.019638155 0.911355138 101.558036804
0.905778050 -0.006986045 0.423694760 5.579765320 -0.002063873 0.999779522 0.020896915 -2.919221640 -0.423747331 -0.019802423 0.905563891 101.967666626
0.900320172 -0.007316654 0.435166717 5.840194702 -0.001674550 0.999792993 0.020274466 -2.873042107 -0.435224980 -0.018982217 0.900121570 102.511932373
0.893578589 -0.007475701 0.448844552 6.103618622 -0.001923442 0.999788463 0.020481179 -2.877392530 -0.448902667 -0.019164868 0.893375039 102.983970642
0.886768281 -0.008737082 0.462131679 6.390911102 -0.000843594 0.999789119 0.020520799 -2.888370514 -0.462213516 -0.018587045 0.886573911 103.450698853
0.880321085 -0.008441406 0.474303037 6.657848358 -0.001539610 0.999785602 0.020651244 -2.899081230 -0.474375635 -0.018909968 0.880119383 103.922378540
0.873883605 -0.007895247 0.486071110 6.925468445 -0.002025811 0.999800265 0.019881848 -2.866762638 -0.486131012 -0.018359112 0.873692989 104.422935486
0.866696715 -0.009440377 0.498746186 7.224327087 -0.000439090 0.999806046 0.019687580 -2.871856213 -0.498835266 -0.017282154 0.866524458 104.869224548
0.859402478 -0.009496490 0.511211574 7.515602112 -0.000724092 0.999803841 0.019790074 -2.884232521 -0.511299193 -0.017377801 0.859226942 105.298240662
