1.000000000 0.000000000 0.000000000 0.000000000 0.000000000 1.000000000 0.000000000 0.000000000 0.000000000 0.000000000 1.000000000 0.000000000
1.000000000 0.000090677 0.000095849 -0.000857801 -0.000090688 1.000000000 0.000112136 -0.000114704 -0.000095839 -0.000112144 1.000000000 0.000353867
1.000000000 0.000050445 0.000134187 -0.001570948 -0.000050445 1.000000000 0.000005708 0.000290613 -0.000134186 -0.000005715 1.000000000 0.000246091
1.000000000 0.000044514 0.000044950 -0.000702527 -0.000044516 1.000000000 0.000052311 -0.000753526 -0.000044948 -0.000052313 1.000000000 -0.000733894
1.000000000 0.000087584 0.000169857 -0.001974434 -0.000087599 1.000000000 0.000086235 -0.000586869 -0.000169849 -0.000086250 1.000000000 -0.000695081
1.000000000 -0.000132214 -0.000013095 0.000139719 0.000132214 1.000000000 -0.000027096 0.000351472 0.000013098 0.000027095 1.000000000 -0.000274283
1.000000000 0.000044864 0.000125062 -0.001798252 -0.000044873 1.000000000 0.000070505 -0.000388345 -0.000125059 -0.000070511 1.000000000 -0.000346152
1.000000000 0.000056756 0.000087356 -0.001554601 -0.000056753 1.000000000 -0.000033322 -0.000080865 -0.000087358 0.000033317 1.000000000 -0.000638494
1.000000000 0.000070591 0.000138740 -0.001352483 -0.000070593 1.000000000 0.000016436 -0.000927481 -0.000138739 -0.000016446 1.000000000 -0.000871197
1.000000000 0.000128700 0.000145060 -0.001889098 -0.000128718 1.000000000 0.000121169 -0.000706827 -0.000145044 -0.000121187 1.000000000 0.000584880
1.000000000 0.000088647 0.000158080 -0.001656304 -0.000088658 1.000000000 0.000072835 -0.000589110 -0.000158074 -0.000072849 1.000000000 -0.000031891
1.000000000 0.000135469 0.000161345 -0.001604415 -0.000135473 1.000000000 0.000026425 -0.000972388 -0.000161341 -0.000026447 1.000000000 -0.000939291
1.000000000 0.000074081 0.000147281 -0.001094512 -0.000074087 1.000000000 0.000041590 0.000281853 -0.000147278 -0.000041601 1.000000000 0.000237925
1.000000000 0.000154419 0.000118303 -0.001607874 -0.000154408 1.000000000 -0.000097456 0.000869687 -0.000118318 0.000097438 1.000000000 0.000619902
1.000000000 0.000099521 0.000116394 -0.001563740 -0.000099527 1.000000000 0.000046138 -0.000190120 -0.000116389 -0.000046149 1.000000000 -0.000084005
0.999999940 0.000255787 0.000178708 -0.002197602 -0.000255776 0.999999940 -0.000057950 0.001393697 -0.000178723 0.000057904 1.000000000 0.001153161
0.999999940 0.000360662 0.000209830 -0.002753911 -0.000360653 0.999999940 -0.000043393 0.001050720 -0.000209846 0.000043318 1.000000000 0.001834132
0.999999940 0.000240536 0.000253983 -0.002418261 -0.000240534 1.000000000 -0.000005653 0.001337957 -0.000253985 0.000005592 0.999999940 0.002127117
0.999999940 0.000203886 0.000277657 -0.002543563 -0.000203868 1.000000000 -0.000066281 0.000448823 -0.000277671 0.000066224 0.999999940 0.000765994
0.999999940 0.000204691 0.000205178 -0.002472103 -0.000204706 1.000000000 0.000073020 -0.000137439 -0.000205163 -0.000073062 1.000000000 0.001630912
0.999999940 0.000300108 0.000166544 -0.001941823 -0.000300104 0.999999940 -0.000029059 0.001292639 -0.000166553 0.000029009 1.000000000 0.001574607
0.999999940 0.000250100 0.000181561 -0.002416115 -0.000250096 0.999999940 -0.000020502 0.000399620 -0.000181566 0.000020457 1.000000000 0.001737562
1.000000000 0.000150134 0.000163951 -0.002209126 -0.000150144 1.000000000 0.000062709 0.000097350 -0.000163942 -0.000062734 1.000000000 0.000892513
0.999999881 0.000380696 0.000186583 -0.002469218 -0.000380698 0.999999940 0.000011473 0.001342373 -0.000186579 -0.000011544 1.000000000 0.003039883
0.999999940 0.000296923 0.000243616 -0.002123355 -0.000296929 0.999999940 0.000027511 0.001327043 -0.000243608 -0.000027584 0.999999940 0.001976765
0.999999940 0.000217714 0.000209040 -0.001451738 -0.000217706 1.000000000 -0.000041886 0.002065670 -0.000209049 0.000041841 1.000000000 0.003089906
0.999999940 0.000339403 0.000236416 -0.002380035 -0.000339414 0.999999940 0.000045049 0.001190536 -0.000236401 -0.000045129 1.000000000 0.002280859
0.999999940 0.000343620 0.000126079 -0.002244632 -0.000343607 0.999999940 -0.000103792 0.001871659 -0.000126115 0.000103749 1.000000000 0.001024727
0.999999940 0.000328528 0.000129311 -0.001949024 -0.000328517 0.999999940 -0.000085287 0.001397207 -0.000129339 0.000085244 1.000000000 0.000740274
0.999999881 0.000344379 0.000262744 -0.002496923 -0.000344375 0.999999940 -0.000015524 0.000223776 -0.000262749 0.000015433 0.999999940 0.001006480
0.999999940 0.000200985 0.000300673 -0.003012303 -0.000200998 1.000000000 0.000041484 0.000084350 -0.000300665 -0.000041544 0.999999940 0.001825539
0.999999940 0.000314088 0.000186942 -0.001997230 -0.000314077 0.999999940 -0.000062176 0.001518754 -0.000186962 0.000062117 1.000000000 0.002426046
0.999999881 0.000389466 0.000239258 -0.002093691 -0.000389472 0.999999940 0.000025449 -0.000065843 -0.000239248 -0.000025542 1.000000000 -0.000051863
0.999999881 0.000443379 0.000308866 -0.003485456 -0.000443377 0.999999881 -0.000006639 0.000703971 -0.000308869 0.000006502 0.999999940 0.002710739
0.999999881 0.000388176 0.000236836 -0.002011341 -0.000388154 0.999999940 -0.000091960 0.000635891 -0.000236872 0.000091868 0.999999940 0.001343441
0.999999881 0.000372852 0.000226299 -0.003637208 -0.000372853 0.999999940 0.000004295 0.000697420 -0.000226297 -0.000004380 1.000000000 0.001236533
0.999999881 0.000407732 0.000209324 -0.002710231 -0.000407715 0.999999940 -0.000079681 0.002265843 -0.000209357 0.000079596 1.000000000 0.001372541
0.999999881 0.000431815 0.000309656 -0.003484820 -0.000431815 0.999999881 -0.000002003 0.000955694 -0.000309657 0.000001870 0.999999940 0.001923781
0.999999881 0.000386211 0.000184232 -0.001109064 -0.000386215 0.999999940 0.000024214 0.000700869 -0.000184223 -0.000024285 1.000000000 -0.000143708
0.999999940 0.000250503 0.000191909 -0.001770417 -0.000250489 0.999999940 -0.000071229 0.000466256 -0.000191927 0.000071181 1.000000000 0.000022627
0.999999642 0.000614377 -0.000401689 -0.001884904 -0.000614604 0.999999642 -0.000564082 -0.000880331 0.000401342 0.000564329 0.999999762 0.050140548
0.999999702 0.000469996 -0.000411379 -0.000535538 -0.000470457 0.999999225 -0.001120735 -0.002742691 0.000410852 0.001120928 0.999999285 0.140836492
0.999999642 0.000818162 0.000319483 0.000590204 -0.000817712 0.999998808 -0.001404714 -0.008378368 -0.000320632 0.001404452 0.999998987 0.252261341
0.999999583 0.000873701 0.000371154 0.003535843 -0.000873188 0.999998629 -0.001380645 -0.011336125 -0.000372360 0.001380320 0.999998987 0.384232968
0.999999225 0.001099541 0.000445944 0.006392178 -0.001099216 0.999999106 -0.000728049 -0.015491538 -0.000446744 0.000727558 0.999999642 0.532536805
0.999999225 0.001079706 0.000632122 0.008623276 -0.001079286 0.999999166 -0.000664984 -0.020477461 -0.000632840 0.000664301 0.999999583 0.683418691
0.999999762 0.000576001 0.000428164 0.014927288 -0.000575802 0.999999702 -0.000465995 -0.024279626 -0.000428433 0.000465749 0.999999762 0.845351756
0.999999523 0.000809332 0.000596734 0.014286845 -0.000808984 0.999999523 -0.000584182 -0.025720047 -0.000597207 0.000583699 0.999999642 1.017858028
0.999999642 0.000714282 0.000439596 0.018689794 -0.000714042 0.999999523 -0.000546278 -0.030144891 -0.000439986 0.000545964 0.999999702 1.194989085
0.999999404 0.001006972 0.000467112 0.023629069 -0.001006983 0.999999464 0.000022874 -0.043405116 -0.000467089 -0.000023345 0.999999881 1.369567156
0.999999106 0.001390009 0.000211558 0.026940027 -0.001389971 0.999999046 -0.000176569 -0.044968627 -0.000211803 0.000176275 1.000000000 1.563138843
0.999999464 0.000797558 0.000664123 0.031541176 -0.000797619 0.999999702 0.000092267 -0.052995916 -0.000664050 -0.000092797 0.999999702 1.755012512
0.999999285 0.000956802 0.000687597 0.035363875 -0.000956998 0.999999464 0.000284572 -0.058503389 -0.000687325 -0.000285230 0.999999702 1.956288934
0.999999702 0.000590517 0.000542778 0.042422157 -0.000590499 0.999999821 -0.000033796 -0.062731206 -0.000542798 0.000033476 0.999999762 2.168028593
0.999999464 0.000972230 0.000325952 0.043937109 -0.000972281 0.999999523 0.000154671 -0.070370883 -0.000325801 -0.000154988 0.999999940 2.387777090
0.999999106 0.001267473 0.000386822 0.049475256 -0.001267546 0.999999225 0.000190023 -0.078885235 -0.000386581 -0.000190513 0.999999940 2.607367277
0.999999046 0.001175745 0.000753992 0.048021991 -0.001175966 0.999999285 0.000293148 -0.083072938 -0.000753646 -0.000294034 0.999999702 2.837778091
0.999999464 0.000905497 0.000461935 0.057734560 -0.000905591 0.999999523 0.000203931 -0.084587619 -0.000461750 -0.000204349 0.999999940 3.084841967
0.999999285 0.001115921 0.000424719 0.059503585 -0.001116185 0.999999166 0.000622072 -0.100897975 -0.000424025 -0.000622546 0.999999702 3.319113493
0.999998808 0.001331497 0.000677764 0.062286101 -0.001331962 0.999998868 0.000685323 -0.106838718 -0.000676851 -0.000686225 0.999999523 3.571831226
0.999998331 0.001649555 0.000733984 0.066764310 -0.001650056 0.999998391 0.000682194 -0.111113094 -0.000732857 -0.000683404 0.999999464 3.831559181
0.999998271 0.001573767 0.000999540 0.068647757 -0.001574461 0.999998450 0.000694345 -0.118489407 -0.000998446 -0.000695918 0.999999285 4.084599018
0.999998271 0.001546448 0.001050715 0.075422339 -0.001547072 0.999998569 0.000592786 -0.122791588 -0.001049797 -0.000594411 0.999999285 4.342202663
0.999998212 0.001452814 0.001264141 0.078267902 -0.001453742 0.999998689 0.000733678 -0.130092472 -0.001263074 -0.000735514 0.999998987 4.602885723
0.999998331 0.001648000 0.000798808 0.091452561 -0.001648767 0.999998152 0.000961337 -0.137737483 -0.000797222 -0.000962652 0.999999225 4.853232384
0.999997318 0.002101726 0.000954564 0.095676243 -0.002102816 0.999997020 0.001142313 -0.144352496 -0.000952160 -0.001144317 0.999998927 5.113467693
0.999998212 0.001460957 0.001212830 0.097728297 -0.001462419 0.999998212 0.001205544 -0.159481004 -0.001211067 -0.001207315 0.999998450 5.375580311
0.999998450 0.001359024 0.001083745 0.103391863 -0.001360097 0.999998510 0.000990432 -0.165890232 -0.001082397 -0.000991904 0.999998927 5.642470837
0.999998510 0.001246372 0.001180320 0.102937691 -0.001247770 0.999998450 0.001183965 -0.174382597 -0.001178843 -0.001185436 0.999998569 5.909593105
0.999997854 0.001647542 0.001281948 0.104558393 -0.001648981 0.999997973 0.001122539 -0.184085488 -0.001280096 -0.001124651 0.999998510 6.190293789
0.999997616 0.001370074 0.001691741 0.115368694 -0.001372502 0.999997973 0.001434986 -0.191768229 -0.001689771 -0.001437304 0.999997556 6.471239567
0.999998033 0.001276035 0.001489613 0.119318254 -0.001278218 0.999998093 0.001465200 -0.198276952 -0.001487740 -0.001467101 0.999997795 6.760656357
0.999997795 0.001529010 0.001425154 0.127453923 -0.001530697 0.999998093 0.001183416 -0.203412697 -0.001423342 -0.001185594 0.999998212 7.061293602
0.999997258 0.001910573 0.001346727 0.137448758 -0.001912933 0.999996662 0.001753377 -0.223135471 -0.001343372 -0.001755949 0.999997556 7.353798389
0.999997556 0.001681399 0.001438099 0.142379120 -0.001684070 0.999996841 0.001857749 -0.233311430 -0.001434971 -0.001860167 0.999997258 7.659413338
0.999997735 0.001417404 0.001590953 0.149024934 -0.001420499 0.999997079 0.001945983 -0.246224388 -0.001588190 -0.001948239 0.999996781 7.982491493
0.999997020 0.001586055 0.001836631 0.151082128 -0.001589363 0.999997139 0.001800797 -0.253773808 -0.001833769 -0.001803711 0.999996662 8.301033974
0.999996722 0.001831986 0.001784720 0.162910581 -0.001835168 0.999996722 0.001783186 -0.262557238 -0.001781448 -0.001786456 0.999996781 8.626551628
0.999996483 0.001708054 0.001992259 0.161901504 -0.001711342 0.999997199 0.001650057 -0.271222115 -0.001989435 -0.001653461 0.999996662 8.954344749
0.999996960 0.001855641 0.001602879 0.171088502 -0.001858520 0.999996722 0.001796324 -0.284061372 -0.001599540 -0.001799298 0.999997079 9.288478851
0.999993682 0.002718129 0.002343314 0.164429411 -0.002722420 0.999994636 0.001830087 -0.296713412 -0.002338327 -0.001836454 0.999995589 9.634101868
0.999995053 0.002266363 0.002185336 0.172598168 -0.002270161 0.999995947 0.001737088 -0.304442793 -0.002181390 -0.001742041 0.999996126 9.987497330
0.999994934 0.002396714 0.002096813 0.184461340 -0.002400870 0.999995172 0.001981509 -0.317688406 -0.002092054 -0.001986534 0.999995768 10.341975212
0.999995947 0.002126120 0.001898703 0.198528230 -0.002130017 0.999995589 0.002052774 -0.329613984 -0.001894330 -0.002056810 0.999996006 10.704236984
0.999997139 0.001639988 0.001744183 0.206629053 -0.001643566 0.999996543 0.002051625 -0.337216586 -0.001740812 -0.002054486 0.999996305 11.074625015
0.999996722 0.001706937 0.001923724 0.211483985 -0.001710808 0.999996483 0.002012343 -0.344175339 -0.001920282 -0.002015627 0.999996126 11.457213402
0.999996126 0.002129030 0.001780138 0.225822031 -0.002133440 0.999994576 0.002478819 -0.358993888 -0.001774851 -0.002482607 0.999995351 11.821391106
0.999994338 0.002663868 0.002037701 0.228253603 -0.002668705 0.999993622 0.002374696 -0.371986598 -0.002031362 -0.002380121 0.999995053 12.208692551
0.999994159 0.002531739 0.002294213 0.240102857 -0.002538425 0.999992549 0.002916344 -0.389231682 -0.002286813 -0.002922151 0.999993086 12.592795372
0.999993980 0.002385935 0.002487455 0.244873881 -0.002392317 0.999993861 0.002566030 -0.391259789 -0.002481317 -0.002571966 0.999993622 13.004112244
0.999994636 0.002226926 0.002367603 0.253166944 -0.002232549 0.999994695 0.002374982 -0.405299246 -0.002362301 -0.002380255 0.999994397 13.398335457
0.999994218 0.002219110 0.002574572 0.262716591 -0.002225157 0.999994755 0.002348124 -0.412531793 -0.002569347 -0.002353839 0.999993861 13.817928314
0.999993026 0.002412183 0.002828420 0.270558447 -0.002421037 0.999992192 0.003131127 -0.426515192 -0.002820845 -0.003137954 0.999991059 14.224621773
0.999990225 0.002601962 0.003570754 0.276955366 -0.002613466 0.999991357 0.003220583 -0.441431522 -0.003562344 -0.003229883 0.999988437 14.639203072
0.999990344 0.002618333 0.003511384 0.290135920 -0.002628726 0.999992192 0.002958408 -0.450560600 -0.003503611 -0.002967611 0.999989450 15.078577042
0.999989688 0.002772371 0.003591197 0.303802729 -0.002782685 0.999991953 0.002870296 -0.462618470 -0.003583211 -0.002880259 0.999989450 15.525704384
0.999986827 0.002781191 0.004324529 0.311196446 -0.002792619 0.999992609 0.002638736 -0.471871704 -0.004317158 -0.002650778 0.999987185 15.970588684
0.999982417 0.003659358 0.004659651 0.320795119 -0.003674123 0.999988258 0.003163986 -0.486165494 -0.004648016 -0.003181051 0.999984145 16.404960632
0.999984026 0.003373169 0.004541677 0.328527451 -0.003384853 0.999991000 0.002567543 -0.497688025 -0.004532975 -0.002582875 0.999986410 16.843494415
0.999983251 0.003012888 0.004940389 0.343263209 -0.003026813 0.999991417 0.002813547 -0.511323452 -0.004931869 -0.002828453 0.999983847 17.298620224
0.999981165 0.002966536 0.005373802 0.355586708 -0.002983066 0.999990821 0.003070758 -0.524019063 -0.005364643 -0.003086731 0.999980867 17.761289597
0.999978840 0.002791242 0.005867023 0.367729872 -0.002805671 0.999993026 0.002452477 -0.532044232 -0.005860136 -0.002468887 0.999979734 18.228178024
0.999979258 0.002657566 0.005875396 0.382895172 -0.002670606 0.999993980 0.002212598 -0.541117728 -0.005869481 -0.002228242 0.999980330 18.703386307
0.999978662 0.002875338 0.005862714 0.389773250 -0.002892137 0.999991715 0.002858903 -0.560026765 -0.005854446 -0.002875798 0.999978721 19.169836044
0.999973297 0.003856483 0.006209947 0.405534655 -0.003877149 0.999986887 0.003319241 -0.577846110 -0.006197067 -0.003343229 0.999975204 19.646072388
0.999970138 0.004396958 0.006365444 0.409423441 -0.004421217 0.999982953 0.003801981 -0.591444492 -0.006348619 -0.003830010 0.999972522 20.140750885
0.999973536 0.003352826 0.006457478 0.431004643 -0.003373209 0.999989331 0.003148288 -0.604292750 -0.006446853 -0.003169988 0.999974191 20.610746384
0.999978065 0.003493705 0.005621428 0.443365514 -0.003509917 0.999989629 0.002876795 -0.616446316 -0.005611319 -0.002896462 0.999980092 21.116998672
0.999976337 0.004176099 0.005471028 0.460426301 -0.004194675 0.999985456 0.003388171 -0.630012631 -0.005456800 -0.003411041 0.999979317 21.614709854
0.999981284 0.003730429 0.004850117 0.473929048 -0.003745455 0.999988198 0.003092960 -0.642467260 -0.004838522 -0.003111068 0.999983490 22.129175186
0.999986947 0.003146416 0.004020405 0.492385566 -0.003158618 0.999990404 0.003032133 -0.655176282 -0.004010826 -0.003044792 0.999987304 22.636123657
0.999981284 0.004418624 0.004217188 0.492270976 -0.004431074 0.999985814 0.002947466 -0.673413873 -0.004204104 -0.002966098 0.999986768 23.167268753
0.999986351 0.003959527 0.003416669 0.507030368 -0.003970424 0.999986947 0.003188220 -0.695412338 -0.003404002 -0.003201742 0.999989092 23.685731888
0.999992132 0.002499123 0.003073580 0.517557383 -0.002508472 0.999992192 0.003041640 -0.711703300 -0.003065955 -0.003049326 0.999990702 24.206367493
0.999991775 0.003176647 0.002504778 0.523244977 -0.003184974 0.999989390 0.003327145 -0.727227449 -0.002494182 -0.003335095 0.999991357 24.744785309
0.999991477 0.003826486 0.001504369 0.532342553 -0.003831659 0.999986708 0.003450636 -0.739814758 -0.001491145 -0.003456371 0.999992907 25.293384552
0.999992073 0.003894594 0.000798592 0.548820436 -0.003897437 0.999985993 0.003588821 -0.752784669 -0.000784604 -0.003591905 0.999993205 25.844312668
0.999991655 0.004043296 0.000735777 0.552800477 -0.004045687 0.999986410 0.003280242 -0.774521768 -0.000722504 -0.003283191 0.999994278 26.399961472
0.999993563 0.003548674 0.000340166 0.570972979 -0.003550028 0.999985456 0.004066480 -0.785416007 -0.000325731 -0.004067662 0.999991596 26.956777573
0.999993861 0.003501963 -0.000084731 0.575373471 -0.003501590 0.999985576 0.004073959 -0.803354323 0.000098997 -0.004073638 0.999991715 27.512502670
0.999991953 0.003986475 -0.000445405 0.584512532 -0.003984859 0.999985754 0.003570980 -0.812957644 0.000459634 -0.003569176 0.999993563 28.071529388
0.999989390 0.004483043 -0.001013128 0.596344173 -0.004479036 0.999982297 0.003923041 -0.827107191 0.001030697 -0.003918462 0.999991775 28.608964920
0.999989808 0.004353321 -0.001201980 0.608105540 -0.004348686 0.999983191 0.003832907 -0.843688965 0.001218645 -0.003827641 0.999991953 29.156446457
0.999988914 0.004545355 -0.001270711 0.611317933 -0.004540707 0.999983132 0.003637031 -0.856239498 0.001287221 -0.003631221 0.999992609 29.705505371
0.999988377 0.004279200 -0.002222019 0.628232062 -0.004270957 0.999984026 0.003701275 -0.868770301 0.002237822 -0.003691741 0.999990702 30.258026123
0.999986827 0.004508260 -0.002445172 0.643022180 -0.004498584 0.999981999 0.003947995 -0.889719784 0.002462927 -0.003936942 0.999989212 30.798788071
0.999984801 0.004828614 -0.002664522 0.655499041 -0.004818286 0.999980867 0.003869049 -0.902087152 0.002683153 -0.003856151 0.999988973 31.345899582
0.999976993 0.006319528 -0.002459012 0.657454610 -0.006311389 0.999974608 0.003304019 -0.910522282 0.002479829 -0.003288423 0.999991536 31.895711899
0.999984503 0.004209256 -0.003648472 0.681765199 -0.004195570 0.999984145 0.003750669 -0.930746615 0.003664202 -0.003735304 0.999986291 32.446815491
0.999981761 0.004508852 -0.004038228 0.682012081 -0.004492513 0.999981761 0.004045996 -0.943157613 0.004056397 -0.004027781 0.999983728 32.994480133
0.999982774 0.004128681 -0.004165197 0.694128513 -0.004112711 0.999984205 0.003835579 -0.960021019 0.004180966 -0.003818383 0.999983966 33.539737701
0.999980450 0.004578083 -0.004239745 0.702649951 -0.004562102 0.999982476 0.003771208 -0.976706326 0.004256935 -0.003751793 0.999983847 34.084728241
0.999981523 0.004022168 -0.004559528 0.697204530 -0.004005477 0.999985337 0.003663731 -0.980215788 0.004574197 -0.003645401 0.999982893 34.626697540
0.999978364 0.003982414 -0.005241737 0.711021781 -0.003962237 0.999984801 0.003853889 -1.001909256 0.005257005 -0.003833038 0.999978840 35.151065826
0.999976933 0.004918072 -0.004682109 0.729032934 -0.004901304 0.999981523 0.003586014 -1.019737840 0.004699660 -0.003562982 0.999982595 35.701065063
0.999976337 0.004937483 -0.004779793 0.736956477 -0.004920592 0.999981642 0.003539091 -1.035579920 0.004797180 -0.003515488 0.999982297 36.245182037
0.999978721 0.004099579 -0.005080217 0.747819960 -0.004082204 0.999985814 0.003425566 -1.043766260 0.005094188 -0.003404755 0.999981165 36.842685699
0.999975622 0.004235834 -0.005552653 0.753419578 -0.004216732 0.999985158 0.003447703 -1.052807331 0.005567176 -0.003424205 0.999978602 37.392555237
0.999975026 0.004382080 -0.005537976 0.762742758 -0.004362876 0.999984443 0.003475270 -1.066293836 0.005553119 -0.003451022 0.999978662 37.942909241
0.999972165 0.004258378 -0.006129479 0.780416727 -0.004235484 0.999984026 0.003743364 -1.091162443 0.006145322 -0.003717299 0.999974132 38.476497650
0.999972641 0.004208566 -0.006080627 0.783481896 -0.004189950 0.999986470 0.003070906 -1.096553326 0.006093469 -0.003045345 0.999976754 39.032695770
0.999970198 0.004053149 -0.006558539 0.796246648 -0.004030426 0.999985814 0.003474071 -1.117298961 0.006572526 -0.003447534 0.999972463 39.564022064
0.999970853 0.004119148 -0.006425262 0.804084241 -0.004096463 0.999985337 0.003539745 -1.131829381 0.006439748 -0.003513322 0.999973059 40.127479553
0.999969542 0.004335824 -0.006482679 0.813272119 -0.004311847 0.999983788 0.003708344 -1.150522590 0.006498652 -0.003680279 0.999972105 40.667629242
0.999969721 0.004458543 -0.006374412 0.816809773 -0.004439333 0.999985635 0.003024655 -1.159929991 0.006387805 -0.002996266 0.999975085 41.217006683
0.999968946 0.004234151 -0.006661751 0.823576450 -0.004211469 0.999985218 0.003415321 -1.173728347 0.006676114 -0.003387160 0.999971986 41.754650116
0.999969959 0.004913324 -0.005990130 0.823613048 -0.004897477 0.999984443 0.002657134 -1.182068586 0.006003093 -0.002627718 0.999978542 42.306610107
0.999971509 0.004844090 -0.005780003 0.822855234 -0.004828003 0.999984384 0.002793989 -1.201007366 0.005793448 -0.002766003 0.999979377 42.820758820
0.999973416 0.004485971 -0.005752556 0.826571345 -0.004467765 0.999984920 0.003173795 -1.207775474 0.005766708 -0.003148009 0.999978423 43.396327972
0.999971330 0.004540707 -0.006061039 0.843046606 -0.004524678 0.999986172 0.002655758 -1.214668870 0.006073015 -0.002628258 0.999978125 43.943183899
0.999969900 0.005468959 -0.005498853 0.846640587 -0.005455916 0.999982238 0.002384178 -1.225938678 0.005511793 -0.002354105 0.999982059 44.490638733
0.999965549 0.006129722 -0.005596521 0.858121753 -0.006116502 0.999978483 0.002376550 -1.235587120 0.005610968 -0.002342237 0.999981523 44.999065399
0.999966323 0.005969912 -0.005621476 0.872112811 -0.005960201 0.999980748 0.001742839 -1.244940877 0.005631771 -0.001709276 0.999982655 45.551788330
0.999963641 0.006324990 -0.005715954 0.881673336 -0.006316759 0.999978960 0.001457033 -1.257042289 0.005725049 -0.001420874 0.999982595 46.091735840
0.999965250 0.006496206 -0.005216906 0.876774549 -0.006485831 0.999976873 0.002002878 -1.267816424 0.005229798 -0.001968972 0.999984384 46.644580841
0.999961376 0.007163223 -0.005078676 0.897513151 -0.007154485 0.999972880 0.001737170 -1.286105394 0.005090981 -0.001700767 0.999985576 47.186588287
0.999961138 0.006900524 -0.005485997 0.910756826 -0.006889431 0.999974191 0.002038543 -1.298280239 0.005499923 -0.002000669 0.999982893 47.733364105
0.999960959 0.007228692 -0.005079771 0.921550810 -0.007222175 0.999973059 0.001300143 -1.310678959 0.005089033 -0.001263405 0.999986231 48.296649933
0.999962509 0.007063276 -0.005014822 0.929986596 -0.007058116 0.999974549 0.001046160 -1.321141481 0.005022084 -0.001010726 0.999986887 48.828575134
0.999961197 0.007420061 -0.004751678 0.932362735 -0.007415839 0.999972105 0.000905614 -1.339449048 0.004758266 -0.000870341 0.999988317 49.359691620
0.999955535 0.007991523 -0.005004147 0.946035445 -0.007982637 0.999966502 0.001792886 -1.363224864 0.005018308 -0.001752860 0.999985874 49.900253296
0.999960721 0.007380857 -0.004907622 0.946677744 -0.007371566 0.999970853 0.001909077 -1.375966787 0.004921571 -0.001872825 0.999986172 50.435253143
0.999960959 0.007767345 -0.004215322 0.942700863 -0.007759953 0.999968231 0.001767178 -1.391053081 0.004228916 -0.001734399 0.999989629 50.963912964
0.999957800 0.007625935 -0.005145112 0.977095246 -0.007616160 0.999969006 0.001916310 -1.401885986 0.005159568 -0.001877043 0.999984860 51.508308411
0.999953687 0.008181572 -0.005060907 0.977382064 -0.008172503 0.999964952 0.001809888 -1.420066237 0.005075538 -0.001768444 0.999985576 52.063575745
0.999947906 0.009338020 -0.004119764 0.982406735 -0.009334322 0.999955952 0.000916136 -1.436375499 0.004128137 -0.000877634 0.999991119 52.596622467
0.999953926 0.008387257 -0.004669625 0.992745161 -0.008379079 0.999963343 0.001767771 -1.451828122 0.004684280 -0.001728563 0.999987543 53.129795074
0.999953151 0.008301374 -0.004982035 1.007381797 -0.008293976 0.999964476 0.001503525 -1.462749124 0.004994339 -0.001462133 0.999986470 53.687465668
0.999952793 0.008518283 -0.004675403 1.007537246 -0.008513104 0.999963105 0.001126445 -1.479919791 0.004684826 -0.001086590 0.999988437 54.222366333
0.999951184 0.008863805 -0.004361233 1.005774498 -0.008860325 0.999960423 0.000816320 -1.482796431 0.004368296 -0.000777639 0.999990165 54.803150177
0.999953330 0.008522130 -0.004545875 1.013856173 -0.008519137 0.999963462 0.000677507 -1.496017933 0.004551481 -0.000638748 0.999989450 55.341739655
0.999952674 0.008758766 -0.004228974 1.018626809 -0.008757161 0.999961555 0.000397726 -1.507831335 0.004232295 -0.000360673 0.999990940 55.883552551
0.999952495 0.008715044 -0.004360740 1.022887230 -0.008710841 0.999961555 0.000981856 -1.525774598 0.004369129 -0.000943823 0.999989986 56.412174225
0.999952912 0.008721596 -0.004252469 1.034997225 -0.008717773 0.999961555 0.000916740 -1.544478059 0.004260301 -0.000879625 0.999990523 56.943984985
0.999951065 0.009090309 -0.003883592 1.034685135 -0.009088994 0.999958634 0.000356327 -1.549506545 0.003886670 -0.000321011 0.999992371 57.496784210
0.999950409 0.009200988 -0.003814671 1.042085171 -0.009199562 0.999957621 0.000390662 -1.567252278 0.003818104 -0.000355549 0.999992669 58.029560089
0.999952793 0.009038994 -0.003562218 1.047225237 -0.009037876 0.999959111 0.000330445 -1.581615806 0.003565059 -0.000298235 0.999993622 58.567714691
0.999953091 0.008960509 -0.003685453 1.055804968 -0.008957732 0.999959528 0.000769652 -1.602777362 0.003692201 -0.000736603 0.999992907 59.104488373
0.999958694 0.008342961 -0.003627556 1.064047813 -0.008340557 0.999964952 0.000676903 -1.623218060 0.003633076 -0.000646619 0.999993205 59.643154144
0.999953985 0.008676520 -0.004086277 1.072582841 -0.008674933 0.999962211 0.000405613 -1.632422447 0.004089642 -0.000370146 0.999991596 60.185329437
0.999952912 0.008784052 -0.004129398 1.080347776 -0.008781974 0.999961257 0.000520874 -1.646219492 0.004133814 -0.000484585 0.999991357 60.729290009
0.999950409 0.009097647 -0.004051014 1.084142923 -0.009095859 0.999958456 0.000459737 -1.665204048 0.004055027 -0.000422867 0.999991715 61.271816254
0.999954164 0.008572698 -0.004269775 1.096664310 -0.008570439 0.999963045 0.000546796 -1.678463817 0.004274304 -0.000510177 0.999990761 61.812103271
0.999954402 0.008706680 -0.003919475 1.096327543 -0.008704526 0.999961972 0.000566460 -1.699396968 0.003924258 -0.000532317 0.999992132 62.341472626
0.999953687 0.008972327 -0.003489795 1.102546930 -0.008971840 0.999959707 0.000154904 -1.711229563 0.003491045 -0.000123587 0.999993920 62.887500763
0.999951422 0.009033072 -0.003937474 1.111072302 -0.009031303 0.999959052 0.000466830 -1.729024410 0.003941531 -0.000431247 0.999992073 63.417663574
0.999947250 0.009581785 -0.003698949 1.110951781 -0.009580296 0.999953985 0.000420095 -1.747069001 0.003702804 -0.000384636 0.999993086 63.952560425
0.999948144 0.009586751 -0.003423664 1.117998242 -0.009585494 0.999953985 0.000383850 -1.762019157 0.003427187 -0.000351013 0.999994040 64.471969604
0.999950528 0.009357206 -0.003373074 1.121051431 -0.009355314 0.999956012 0.000575787 -1.776662469 0.003378313 -0.000544202 0.999994159 65.006141663
0.999951601 0.009306927 -0.003184929 1.126184940 -0.009305116 0.999956548 0.000582949 -1.793603897 0.003190216 -0.000553285 0.999994755 65.529075623
0.999950349 0.009485389 -0.003060609 1.135137081 -0.009482901 0.999954760 0.000825986 -1.808430195 0.003068305 -0.000796921 0.999994993 66.071388245
0.999951422 0.009286043 -0.003284139 1.141299248 -0.009285339 0.999956787 0.000229471 -1.823155761 0.003286128 -0.000198966 0.999994576 66.606330872
0.999952257 0.009139203 -0.003445544 1.150938630 -0.009138457 0.999958158 0.000232138 -1.842381954 0.003447521 -0.000200640 0.999994040 67.138763428
0.999950528 0.009352935 -0.003362103 1.160865307 -0.009351470 0.999956191 0.000451565 -1.856833339 0.003366179 -0.000420102 0.999994159 67.681907654
0.999949634 0.009575531 -0.003014555 1.162882447 -0.009574388 0.999954045 0.000393614 -1.876548767 0.003018186 -0.000364732 0.999995291 68.219627380
0.999947250 0.009831876 -0.002967553 1.166319847 -0.009831082 0.999951661 0.000282539 -1.892212391 0.002970189 -0.000253350 0.999995530 68.753761292
0.999944925 0.010022618 -0.003120298 1.171994328 -0.010021360 0.999949634 0.000418320 -1.907847643 0.003124334 -0.000387028 0.999995053 69.287536621
0.999943078 0.010215879 -0.003071936 1.180405736 -0.010214843 0.999947727 0.000353167 -1.925428510 0.003075385 -0.000321767 0.999995172 69.819541931
0.999947190 0.009978394 -0.002457255 1.183949947 -0.009977887 0.999950230 0.000218778 -1.939607739 0.002459317 -0.000194248 0.999996960 70.374137878
0.999947965 0.009804155 -0.002817767 1.190418720 -0.009803212 0.999951899 0.000348783 -1.958214521 0.002821051 -0.000321142 0.999995947 70.900917053
0.999944985 0.010184836 -0.002501357 1.192604303 -0.010184295 0.999948025 0.000228183 -1.968642354 0.002503552 -0.000202696 0.999996841 71.433082581
0.999949574 0.009730986 -0.002470084 1.200834870 -0.009730443 0.999952555 0.000231364 -1.985566497 0.002472218 -0.000207317 0.999996901 71.963455200
0.999942482 0.010462074 -0.002364616 1.202599168 -0.010462712 0.999945223 -0.000258119 -1.999478579 0.002361786 0.000282844 0.999997199 72.516548157
0.999941051 0.010630631 -0.002175981 1.208589792 -0.010631082 0.999943495 -0.000196438 -2.012418032 0.002173770 0.000219559 0.999997616 73.054084778
0.999940693 0.010706088 -0.002068708 1.213645577 -0.010704783 0.999942422 0.000641912 -2.035504103 0.002075461 -0.000619728 0.999997616 73.577110291
0.999936938 0.011141557 -0.001397447 1.214901328 -0.011141707 0.999937892 -0.000100743 -2.049488544 0.001396238 0.000116307 0.999998987 74.106681824
0.999930739 0.011705040 -0.001204249 1.218983650 -0.011704760 0.999931395 0.000240165 -2.062867165 0.001206978 -0.000226053 0.999999225 74.653091431
0.999932647 0.011539362 -0.001253426 1.227161407 -0.011539284 0.999933422 0.000069907 -2.078007936 0.001254150 -0.000055439 0.999999225 75.187202454
0.999930084 0.011763085 -0.001135258 1.233844995 -0.011763212 0.999930799 -0.000105171 -2.095186710 0.001133941 0.000118518 0.999999285 75.713233948
0.999929726 0.011809803 -0.001059551 1.233024001 -0.011810237 0.999930203 -0.000404149 -2.104171991 0.001054705 0.000416634 0.999999344 76.272346497
0.999911904 0.013273342 -0.000011579 1.205613256 -0.013273347 0.999911487 -0.000883655 -2.109351635 -0.000000151 0.000883731 0.999999523 76.856285095
0.999930084 0.011780006 -0.001016705 1.245374799 -0.011780621 0.999930441 -0.000600633 -2.140069723 0.001009559 0.000612568 0.999999285 77.367752075
0.999938726 0.010971650 -0.001486375 1.254395008 -0.010972226 0.999939680 -0.000379021 -2.152799845 0.001482127 0.000395306 0.999998808 77.900604248
0.999938965 0.010969545 -0.001296687 1.264265895 -0.010970133 0.999939740 -0.000447185 -2.175086021 0.001291703 0.000461383 0.999998987 78.419158936
0.999932945 0.011539875 -0.000966894 1.271077633 -0.011540539 0.999933183 -0.000683977 -2.184335947 0.000958936 0.000695090 0.999999225 78.959495544
0.999930859 0.011715857 -0.001017560 1.277839541 -0.011716507 0.999931157 -0.000636979 -2.202546120 0.001010028 0.000648858 0.999999285 79.500808716
0.999932468 0.011566728 -0.001104901 1.293801904 -0.011567143 0.999933004 -0.000369543 -2.223474503 0.001100553 0.000382298 0.999999344 80.014923096
0.999930978 0.011748963 0.000048351 1.298102260 -0.011748922 0.999930680 -0.000797055 -2.233075619 -0.000057712 0.000796432 0.999999702 80.543441772
0.999934793 0.011348977 0.001230238 1.309126019 -0.011348137 0.999935389 -0.000688716 -2.249569416 -0.001237975 0.000674710 0.999998987 81.083595276
0.999937654 0.010970988 0.002081562 1.328571558 -0.010969123 0.999939561 -0.000905199 -2.263803005 -0.002091367 0.000882310 0.999997377 81.607955933
0.999935269 0.010903268 0.003294922 1.342890978 -0.010899439 0.999939919 -0.001178413 -2.276296854 -0.003307573 0.001142424 0.999993801 82.148818970
0.999918461 0.011046929 0.006398458 1.362128973 -0.011040791 0.999938548 -0.000993489 -2.293876886 -0.006409040 0.000922764 0.999979019 82.689567566
0.999889076 0.010903649 0.010141695 1.380699873 -0.010893018 0.999940157 -0.001102972 -2.304359198 -0.010153114 0.000992376 0.999947965 83.240653992
0.999852121 0.011179333 0.013065564 1.404739857 -0.011169033 0.999937177 -0.000861065 -2.328356504 -0.013074372 0.000715008 0.999914289 83.761009216
0.999792457 0.010845251 0.017245177 1.431712151 -0.010825026 0.999940753 -0.001265860 -2.340416670 -0.017257884 0.001078918 0.999850452 84.309478760
0.999664903 0.011252245 0.023312848 1.458009243 -0.011223684 0.999936104 -0.001355594 -2.354093790 -0.023326609 0.001093484 0.999727309 84.863304138
0.999518812 0.010875513 0.029053643 1.485248446 -0.010837276 0.999940217 -0.001473260 -2.366986036 -0.029067935 0.001157689 0.999576747 85.412063599
0.999310553 0.011591888 0.035273880 1.520459175 -0.011546517 0.999932170 -0.001489745 -2.383862257 -0.035288762 0.001081427 0.999376535 85.958740234
0.999006212 0.010683703 0.043271136 1.562877893 -0.010634732 0.999942482 -0.001361778 -2.402726412 -0.043283205 0.000900249 0.999062419 86.500358582
0.998617053 0.010907372 0.051429156 1.615261793 -0.010819298 0.999939501 -0.001990627 -2.421312094 -0.051447757 0.001431446 0.998674691 87.025909424
0.998212993 0.010836420 0.058767445 1.659836531 -0.010754208 0.999940693 -0.001715049 -2.435755491 -0.058782537 0.001079986 0.998270333 87.589958191
0.997635961 0.010921643 0.067847088 1.725725651 -0.010856723 0.999940157 -0.001325493 -2.457172155 -0.067857511 0.000585762 0.997694790 88.121566772
0.996910691 0.010932200 0.077779181 1.790347099 -0.010817621 0.999939620 -0.001894331 -2.472097635 -0.077795200 0.001047093 0.996968806 88.681396484
0.996192694 0.010394509 0.086556807 1.854545116 -0.010219706 0.999944746 -0.002462385 -2.478762865 -0.086577617 0.001568424 0.996243894 89.232818604
0.995557725 0.009961651 0.093625799 1.925228596 -0.009765917 0.999949038 -0.002548567 -2.494336843 -0.093646422 0.001622903 0.995604217 89.779876709
0.994540334 0.010514152 0.103823103 2.003786087 -0.010289354 0.999943376 -0.002700565 -2.507154942 -0.103845634 0.001617548 0.994592249 90.318267822
0.993415892 0.010142167 0.114113867 2.093523979 -0.009917838 0.999947608 -0.002533406 -2.526405811 -0.114133596 0.001384963 0.993464470 90.860244751
0.992376924 0.009251219 0.122892171 2.188201904 -0.008951873 0.999955416 -0.002987806 -2.542408943 -0.122914344 0.001864915 0.992415547 91.395652771
0.990879536 0.009175768 0.134437978 2.283110619 -0.008841997 0.999956131 -0.003079594 -2.557415962 -0.134460345 0.001862807 0.990917206 91.940109253
0.989077628 0.008562643 0.147146672 2.382968903 -0.008158281 0.999961078 -0.003351331 -2.573916197 -0.147169635 0.002114262 0.989108980 92.474159241
0.987535596 0.007938952 0.157195508 2.489789009 -0.007507763 0.999966145 -0.003336609 -2.589869261 -0.157216683 0.002114833 0.987561822 93.012481689
0.985717118 0.008271923 0.168205962 2.608017921 -0.007802884 0.999963582 -0.003449259 -2.605113029 -0.168228358 0.002087502 0.985745847 93.581962585
0.983471274 0.007999066 0.180887505 2.729454041 -0.007530578 0.999966204 -0.003276560 -2.628445864 -0.180907637 0.001860215 0.983498275 94.111785889
0.981114328 0.007636623 0.193277538 2.857121468 -0.007122162 0.999968946 -0.003356468 -2.644077539 -0.193297178 0.001916524 0.981138349 94.654373169
0.979114890 0.006556047 0.203201607 2.986782074 -0.006013687 0.999976456 -0.003286397 -2.664408207 -0.203218400 0.001995769 0.979131401 95.186454773
0.976365864 0.007282343 0.216001034 3.131235123 -0.006788691 0.999972343 -0.003027277 -2.686426163 -0.216017112 0.001489366 0.976388514 95.725914001
0.973251879 0.006346726 0.229652718 3.279335022 -0.005702843 0.999977708 -0.003467326 -2.700295210 -0.229669631 0.002064908 0.973266482 96.271179199
0.970456004 0.006236358 0.241197556 3.428478241 -0.005576639 0.999978602 -0.003417699 -2.717802763 -0.241213724 0.001971655 0.970470011 96.789047241
0.967810869 0.006056618 0.251605779 3.603237152 -0.005276880 0.999978960 -0.003773636 -2.744887590 -0.251623333 0.002324472 0.967822433 97.312118530
0.964234114 0.005822400 0.264987856 3.770614624 -0.005072705 0.999980986 -0.003513420 -2.764328480 -0.265003234 0.002043555 0.964245319 97.824630737
0.960837841 0.005064316 0.277064592 3.945854187 -0.004153845 0.999983847 -0.003872970 -2.783222198 -0.277079731 0.002570414 0.960843444 98.356513977
0.957267582 0.005462023 0.289151996 4.132141113 -0.004718520 0.999983549 -0.003268340 -2.804522276 -0.289165050 0.001764306 0.957277596 98.898002625
0.952966094 0.005668310 0.303023905 4.327175140 -0.004924936 0.999982715 -0.003217292 -2.821422577 -0.303036928 0.001573598 0.952977479 99.425720215
0.948517919 0.005389339 0.316677630 4.534860611 -0.004420920 0.999983072 -0.003776478 -2.836449146 -0.316692621 0.002182050 0.948525846 99.953903198
0.944558859 0.004979849 0.328304440 4.739105225 -0.003869970 0.999984324 -0.004033931 -2.850760937 -0.328319490 0.002539757 0.944563389 100.475219727
0.939874172 0.005146968 0.341482073 4.950538635 -0.004129026 0.999984622 -0.003707730 -2.877980232 -0.341495961 0.002074811 0.939880908 101.011230469
0.934569418 0.004933949 0.355746627 5.174278259 -0.003845719 0.999985576 -0.003766124 -2.891247511 -0.355759978 0.002151603 0.934574902 101.525436401
0.929793537 0.004142471 0.368058115 5.384992599 -0.003002110 0.999988854 -0.003670838 -2.909859180 -0.368069172 0.002308171 0.929795504 102.026672363
0.925191700 0.003512444 0.379483849 5.634920120 -0.002331686 0.999990880 -0.003571046 -2.940026999 -0.379492968 0.002419065 0.925191402 102.543251038
0.918949246 0.003969418 0.394355953 5.867225647 -0.003166571 0.999991417 -0.002686572 -2.961793423 -0.394363254 0.001220067 0.918953836 103.042663574
0.913588703 0.002622719 0.406630903 6.164379120 -0.001459775 0.999993920 -0.003170122 -2.989661217 -0.406636715 0.002302598 0.913587034 103.594741821
0.908848047 0.001998613 0.417122632 6.417892456 -0.000729037 0.999994695 -0.003202939 -3.000549078 -0.417126745 0.002606887 0.908844590 104.083587646
0.902880609 0.002034191 0.429886401 6.683658600 -0.000599136 0.999993801 -0.003473545 -3.025110006 -0.429890752 0.002878636 0.902876318 104.599090576
0.896304905 0.002018672 0.443433613 6.950927734 -0.000425706 0.999993086 -0.003691862 -3.032604218 -0.443437964 0.003120261 0.896299720 105.075607300
0.890340567 0.002083044 0.455290258 7.252353668 -0.000545276 0.999993682 -0.003508859 -3.068696737 -0.455294728 0.002875821 0.890336156 105.634284973
0.884609759 0.001464323 0.466329634 7.532363892 0.000068301 0.999994576 -0.003269650 -3.083447456 -0.466331899 0.002924215 0.884604990 106.105300903
0.877030492 0.001555672 0.480432153 7.831310272 -0.000130007 0.999995410 -0.003000725 -3.112481594 -0.480434656 0.002569268 0.877026677 106.613632202
0.869999886 0.000967211 0.493051112 8.124252319 0.000659721 0.999994874 -0.003125768 -3.128129721 -0.493051589 0.003044694 0.869994700 107.071632385
