1.000000000 0.000000000 0.000000000 0.000000000 0.000000000 1.000000000 0.000000000 0.000000000 0.000000000 0.000000000 1.000000000 0.000000000
1.000000000 0.000080741 0.000166411 -0.006252932 -0.000080746 1.000000000 0.000030461 -0.000843858 -0.000166409 -0.000030475 1.000000000 -0.005987827
0.999999940 0.000324556 0.000101752 0.001421919 -0.000324552 0.999999940 -0.000037563 0.005191437 -0.000101764 0.000037530 1.000000000 -0.003910525
1.000000000 0.000038855 0.000046572 -0.000394297 -0.000038853 1.000000000 -0.000056974 0.002377482 -0.000046574 0.000056972 1.000000000 0.002692112
1.000000000 0.000068124 0.000185926 -0.004407544 -0.000068110 1.000000000 -0.000079953 0.001547443 -0.000185931 0.000079940 1.000000000 -0.001140273
1.000000000 0.000057521 0.000001926 -0.002465110 -0.000057521 1.000000000 0.000030380 0.001732389 -0.000001924 -0.000030380 1.000000000 -0.009142434
1.000000000 0.000080789 0.000104070 -0.005160542 -0.000080792 1.000000000 0.000023879 0.001757976 -0.000104068 -0.000023887 1.000000000 -0.003678476
1.000000000 0.000073599 0.000108577 -0.002061934 -0.000073589 1.000000000 -0.000094007 0.000790072 -0.000108584 0.000093999 1.000000000 -0.005850618
1.000000000 0.000088474 0.000134663 -0.002372456 -0.000088466 1.000000000 -0.000065202 0.002704138 -0.000134668 0.000065190 1.000000000 -0.003441085
1.000000000 0.000192256 0.000115705 -0.003718450 -0.000192248 1.000000000 -0.000068553 0.002809830 -0.000115718 0.000068531 1.000000000 -0.005695251
1.000000000 -0.000012040 0.000085792 -0.002871172 0.000012037 1.000000000 0.000035442 -0.001004612 -0.000085793 -0.000035441 1.000000000 -0.005898064
1.000000000 -0.000099052 0.000014352 -0.002538925 0.000099052 1.000000000 -0.000013448 -0.000458653 -0.000014351 0.000013449 1.000000000 -0.002269408
1.000000000 0.000049860 0.000081511 0.001088971 -0.000049852 1.000000000 -0.000104905 0.002862510 -0.000081516 0.000104901 1.000000000 -0.001928264
1.000000000 -0.000041100 0.000033309 -0.003386646 0.000041100 1.000000000 -0.000012289 0.004538047 -0.000033308 0.000012290 1.000000000 -0.004997441
0.999999940 -0.000279160 -0.000031204 -0.001541666 0.000279162 0.999999940 0.000095168 -0.000607592 0.000031178 -0.000095176 1.000000000 -0.003573560
1.000000000 -0.000052167 0.000095126 -0.005375809 0.000052166 1.000000000 0.000011948 -0.000651444 -0.000095127 -0.000011943 1.000000000 -0.003681072
1.000000000 0.000024753 0.000034581 -0.002651027 -0.000024754 1.000000000 0.000046106 0.000969343 -0.000034579 -0.000046107 1.000000000 -0.006315069
1.000000000 -0.000187107 -0.000034376 0.000067479 0.000187108 1.000000000 0.000025173 0.000426061 0.000034372 -0.000025180 1.000000000 -0.003214909
1.000000000 0.000027262 -0.000066877 0.000887093 -0.000027263 1.000000000 -0.000024502 -0.000043591 0.000066877 0.000024504 1.000000000 -0.009665030
1.000000000 0.000028572 0.000044973 -0.000111730 -0.000028571 1.000000000 -0.000032058 0.000403337 -0.000044974 0.000032056 1.000000000 -0.008269846
0.999999940 0.000122378 0.000212380 -0.005287005 -0.000122384 1.000000000 0.000027194 0.001149700 -0.000212376 -0.000027220 1.000000000 -0.002775160
1.000000000 -0.000050317 0.000051336 -0.000739355 0.000050316 1.000000000 0.000034727 0.000742240 -0.000051338 -0.000034724 1.000000000 -0.006305795
1.000000000 -0.000222550 -0.000041647 -0.001304220 0.000222555 0.999999940 0.000114856 0.000916824 0.000041622 -0.000114866 1.000000000 -0.005840598
1.000000000 -0.000011688 -0.000085096 0.003977908 0.000011696 1.000000000 0.000093888 -0.000824964 0.000085095 -0.000093889 1.000000000 -0.007633643
1.000000000 -0.000047425 -0.000009956 0.001620671 0.000047425 1.000000000 0.000061142 -0.001062582 0.000009953 -0.000061143 1.000000000 -0.003321313
1.000000000 0.000067640 0.000164867 -0.005575110 -0.000067641 1.000000000 0.000006093 -0.001417609 -0.000164867 -0.000006105 1.000000000 -0.007784363
1.000000000 0.000070947 0.000115817 -0.005380715 -0.000070960 1.000000000 0.000115980 -0.000582801 -0.000115809 -0.000115988 1.000000000 -0.006624912
1.000000000 -0.000176649 -0.000024471 -0.003776954 0.000176650 1.000000000 0.000049458 0.002121328 0.000024462 -0.000049462 1.000000000 -0.007111397
1.000000000 -0.000218381 0.000015706 -0.000950056 0.000218378 0.999999940 0.000199615 -0.003407370 -0.000015750 -0.000199612 1.000000000 -0.002129989
1.000000000 -0.000175502 0.000042705 -0.004615534 0.000175499 1.000000000 0.000082557 0.000269881 -0.000042719 -0.000082550 1.000000000 -0.002262409
0.999999940 -0.000243346 0.000070103 -0.003948711 0.000243332 0.999999940 0.000204083 -0.001079508 -0.000070153 -0.000204066 1.000000000 -0.005466653
1.000000000 -0.000136624 -0.000027727 0.000045474 0.000136625 1.000000000 0.000021401 0.000653511 0.000027724 -0.000021404 1.000000000 -0.005070589
1.000000000 -0.000109313 -0.000024611 -0.003654112 0.000109312 1.000000000 -0.000063043 0.001304141 0.000024618 0.000063040 1.000000000 -0.005330836
1.000000000 0.000128058 0.000053828 -0.005286681 -0.000128052 1.000000000 -0.000117445 0.006127450 -0.000053843 0.000117438 1.000000000 -0.008432597
1.000000000 -0.000082681 0.000048678 -0.006274236 0.000082684 1.000000000 -0.000058785 0.002658594 -0.000048673 0.000058789 1.000000000 -0.010955026
1.000000000 -0.000171663 -0.000093339 0.000231224 0.000171662 1.000000000 -0.000015967 0.000035872 0.000093342 0.000015950 1.000000000 -0.003009687
0.999999940 -0.000343571 -0.000058062 -0.001221716 0.000343585 0.999999940 0.000239505 -0.002500190 0.000057980 -0.000239525 0.999999940 -0.004484309
1.000000000 -0.000088807 0.000004326 0.000527769 0.000088806 1.000000000 0.000202719 -0.002476223 -0.000004344 -0.000202719 1.000000000 0.001126203
0.999999881 -0.000390409 -0.000196924 0.002613731 0.000390447 0.999999881 0.000190888 -0.002435320 0.000196850 -0.000190965 0.999999940 -0.005912921
1.000000000 -0.000174018 0.000024326 0.002961835 0.000174033 0.999999762 -0.000636835 -0.004438374 -0.000024215 0.000636840 0.999999821 0.049915791
1.000000000 -0.000020613 -0.000115223 0.002892301 0.000020463 0.999999166 -0.001300139 -0.003082525 0.000115250 0.001300137 0.999999166 0.139179260
0.999999940 -0.000179883 -0.000267823 0.008455486 0.000179513 0.999999046 -0.001380140 -0.010007733 0.000268071 0.001380092 0.999998987 0.259414285
1.000000000 -0.000242589 -0.000021162 0.002421649 0.000242563 0.999999225 -0.001201478 -0.017397955 0.000021454 0.001201472 0.999999285 0.388940573
1.000000000 -0.000065346 -0.000225044 0.008851315 0.000065074 0.999999285 -0.001210268 -0.019077612 0.000225123 0.001210253 0.999999225 0.540238857
1.000000000 0.000130334 0.000062773 0.008698757 -0.000130268 0.999999464 -0.001040250 -0.029109713 -0.000062908 0.001040242 0.999999464 0.692317486
0.999999940 -0.000312851 0.000155281 0.018154478 0.000312975 0.999999642 -0.000799222 -0.029411716 -0.000155031 0.000799270 0.999999642 0.872437775
1.000000000 -0.000085662 0.000017749 0.013846654 0.000085672 0.999999881 -0.000537608 -0.034659520 -0.000017703 0.000537609 0.999999881 1.025703192
1.000000000 -0.000051058 0.000138922 0.021765301 0.000051163 0.999999702 -0.000757706 -0.040765360 -0.000138884 0.000757713 0.999999702 1.247852683
0.999999881 -0.000382567 -0.000290395 0.041917767 0.000382391 0.999999762 -0.000605613 -0.049858775 0.000290627 0.000605502 0.999999762 1.452049136
0.999997914 -0.001942486 -0.000486529 0.009746460 0.001943753 0.999994636 0.002617886 -0.126190349 0.000481441 -0.002618826 0.999996483 1.657539964
0.999998093 -0.001910632 0.000210109 0.008759759 0.001910124 0.999995351 0.002392578 -0.128055215 -0.000214679 -0.002392172 0.999997199 1.867517710
0.999994993 -0.003060733 -0.000831974 0.020146536 0.003063440 0.999989927 0.003272094 -0.144463286 0.000821950 -0.003274627 0.999994278 2.083541393
0.999994397 -0.003280228 -0.000750299 0.026217446 0.003282582 0.999989629 0.003156713 -0.151751921 0.000739936 -0.003159158 0.999994695 2.309392214
0.999995947 -0.002846905 -0.000362361 0.025074100 0.002848024 0.999991000 0.003124521 -0.152912989 0.000353462 -0.003125540 0.999995053 2.518833399
0.999994457 -0.003207212 -0.000867602 0.034663782 0.003209851 0.999990106 0.003057855 -0.161718562 0.000857787 -0.003060623 0.999994874 2.755691767
0.999991775 -0.003847755 -0.001293963 0.049522344 0.003852272 0.999986410 0.003506692 -0.178229704 0.001280453 -0.003511648 0.999992967 3.052613735
0.999991238 -0.003944624 -0.001425426 0.058608212 0.003949623 0.999985993 0.003520888 -0.183999121 0.001411518 -0.003526487 0.999992728 3.300370455
0.999990165 -0.004122917 -0.001609250 0.068865784 0.004128570 0.999985218 0.003525579 -0.190814584 0.001594690 -0.003532189 0.999992430 3.549637079
0.999991179 -0.003888574 -0.001587109 0.076099277 0.003894418 0.999985576 0.003696148 -0.198937371 0.001572713 -0.003702297 0.999991834 3.803818941
0.999992251 -0.003734250 -0.001188586 0.060831808 0.003738257 0.999987304 0.003387043 -0.206456289 0.001175923 -0.003391460 0.999993563 4.056648254
0.999990225 -0.004318701 -0.000946018 0.061087292 0.004322082 0.999984145 0.003601653 -0.217051163 0.000930449 -0.003605707 0.999993086 4.317212582
0.999992013 -0.003886451 -0.000912238 0.067966804 0.003889963 0.999984860 0.003879610 -0.217459247 0.000897146 -0.003883128 0.999992073 4.580889702
0.999990165 -0.004313981 -0.001067218 0.081149772 0.004318164 0.999982893 0.003948653 -0.228422284 0.001050165 -0.003953222 0.999991715 4.855760574
0.999989808 -0.004427507 -0.000851477 0.057824269 0.004431708 0.999977648 0.004997347 -0.268669307 0.000829332 -0.005001069 0.999987066 5.114125252
0.999990225 -0.004365900 -0.000624052 0.060992666 0.004368952 0.999978125 0.004978450 -0.270944536 0.000602303 -0.004981128 0.999987423 5.374996662
0.999991715 -0.003983011 -0.000764607 0.067158341 0.003986829 0.999979258 0.005059627 -0.275475264 0.000744439 -0.005062633 0.999986887 5.640580654
0.999991477 -0.004074726 -0.000575092 0.066031314 0.004077556 0.999979138 0.005009404 -0.287708938 0.000554668 -0.005011707 0.999987304 5.909245014
0.999991238 -0.004154699 -0.000513064 0.068559900 0.004157345 0.999977469 0.005267826 -0.295868278 0.000491166 -0.005269913 0.999985993 6.190024853
0.999994576 -0.003268895 0.000186825 0.065398313 0.003267960 0.999983072 0.004798696 -0.303219438 -0.000202509 -0.004798060 0.999988437 6.480693817
0.999992371 -0.003880028 0.000057678 0.071847729 0.003879695 0.999980092 0.004957182 -0.309826493 -0.000076911 -0.004956921 0.999987721 6.761721134
0.999996126 -0.002734882 0.000417645 0.070204146 0.002732808 0.999984324 0.004888175 -0.326991111 -0.000431007 -0.004887016 0.999987960 7.043746471
0.999993026 -0.003694217 0.000469770 0.085937098 0.003691822 0.999980748 0.005001533 -0.322907895 -0.000488238 -0.004999764 0.999987423 7.342286110
0.999994218 -0.003366065 0.000480439 0.096425712 0.003363595 0.999981642 0.005051292 -0.331229776 -0.000497433 -0.005049647 0.999987125 7.643269062
0.999994695 -0.003103642 0.000998837 0.083660573 0.003097938 0.999979138 0.005662895 -0.360226035 -0.001016392 -0.005659770 0.999983490 7.990822315
0.999995232 -0.003056084 0.000473411 0.102155499 0.003053207 0.999977469 0.005963310 -0.372906625 -0.000491624 -0.005961835 0.999982119 8.300569534
0.999993622 -0.003449973 0.000968646 0.095239557 0.003444449 0.999978065 0.005648177 -0.371147484 -0.000988111 -0.005644804 0.999983609 8.627367020
0.999993265 -0.003566234 0.000963280 0.104069419 0.003560727 0.999977648 0.005659589 -0.380404651 -0.000983442 -0.005656119 0.999983549 8.965100288
0.999994814 -0.003072373 0.001004647 0.112287007 0.003066597 0.999979019 0.005701880 -0.384467304 -0.001022144 -0.005698770 0.999983251 9.299625397
0.999995649 -0.002617217 0.001321974 0.113090008 0.002607780 0.999971390 0.007091001 -0.428565562 -0.001340495 -0.007087523 0.999974012 9.640199661
0.999994576 -0.003003506 0.001300921 0.124399446 0.002994488 0.999971807 0.006879167 -0.432652712 -0.001321546 -0.006875234 0.999975562 9.985993385
0.999995053 -0.002864584 0.001327144 0.121106796 0.002855623 0.999973416 0.006705430 -0.431218088 -0.001346317 -0.006701606 0.999976695 10.329157829
0.999995828 -0.002569764 0.001259760 0.138379991 0.002560303 0.999968886 0.007454648 -0.450719178 -0.001278877 -0.007451391 0.999971509 10.691376686
0.999995708 -0.002646759 0.001242720 0.147948071 0.002637624 0.999969900 0.007296279 -0.455414265 -0.001261994 -0.007292969 0.999972641 11.068933487
0.999994934 -0.002836898 0.001448255 0.152360812 0.002826422 0.999970198 0.007185146 -0.474180818 -0.001468595 -0.007181017 0.999973059 11.460423470
0.999996424 -0.002225928 0.001499064 0.157439530 0.002214505 0.999968767 0.007579669 -0.493875325 -0.001515889 -0.007576322 0.999970078 11.834869385
0.999993980 -0.003162964 0.001481319 0.166953206 0.003151540 0.999965787 0.007651667 -0.494738221 -0.001505470 -0.007646952 0.999969602 12.238562584
0.999994159 -0.003261176 0.001078408 0.189320952 0.003252246 0.999961317 0.008181009 -0.509577811 -0.001105046 -0.008177454 0.999965966 12.604887009
0.999994218 -0.003099175 0.001389902 0.190780804 0.003087906 0.999962926 0.008038191 -0.512023091 -0.001414762 -0.008033854 0.999966741 12.990267754
0.999993324 -0.003454009 0.001116725 0.206735075 0.003444979 0.999962151 0.007989492 -0.528205037 -0.001144279 -0.007985594 0.999967396 13.394727707
0.999993205 -0.003547042 0.000951374 0.219625592 0.003538986 0.999958992 0.008340039 -0.541216850 -0.000980917 -0.008336617 0.999964774 13.780071259
0.999995410 -0.002081298 0.002175036 0.223477662 0.002063906 0.999966145 0.007967700 -0.544684410 -0.002191546 -0.007963176 0.999965847 14.199825287
0.999995947 -0.001964332 0.001995677 0.219239697 0.001946080 0.999956667 0.009106653 -0.565055370 -0.002013479 -0.009102734 0.999956548 14.599352837
0.999992907 -0.002953055 0.002286176 0.228407115 0.002933346 0.999958932 0.008577006 -0.565528095 -0.002311410 -0.008570240 0.999960542 15.003735542
0.999993324 -0.002407115 0.002732101 0.199501187 0.002382594 0.999957263 0.008942897 -0.564395368 -0.002753511 -0.008936330 0.999956310 15.404705048
0.999992132 -0.003237670 0.002268760 0.231131539 0.003215450 0.999947548 0.009729693 -0.593923151 -0.002300142 -0.009722322 0.999950111 15.828275681
0.999986768 -0.004636493 0.002223094 0.261857599 0.004613800 0.999938250 0.010106815 -0.675402641 -0.002269817 -0.010096423 0.999946475 16.253767014
0.999984384 -0.005103677 0.002296359 0.278079033 0.005080654 0.999937892 0.009922461 -0.680484176 -0.002346858 -0.009910638 0.999948204 16.704759598
0.999986827 -0.004502240 0.002451721 0.285493165 0.004477603 0.999940336 0.009963231 -0.685231864 -0.002496432 -0.009952121 0.999947429 17.157022476
0.999986231 -0.003981709 0.003432726 0.290230274 0.003949050 0.999947369 0.009468743 -0.682936311 -0.003470247 -0.009455054 0.999949336 17.629037857
0.999987125 -0.004078323 0.003026294 0.294948459 0.004047430 0.999940336 0.010144972 -0.706293821 -0.003067488 -0.010132592 0.999944031 18.076385498
0.999987841 -0.003511224 0.003472575 0.300643235 0.003475838 0.999942482 0.010144237 -0.703897953 -0.003507994 -0.010132044 0.999942601 18.593053818
0.999981344 -0.004828496 0.003737001 0.311971694 0.004788463 0.999931812 0.010648409 -0.739043236 -0.003788162 -0.010630317 0.999936283 18.997163773
0.999982059 -0.005026065 0.003242209 0.336372048 0.004990587 0.999928594 0.010859179 -0.745586872 -0.003296556 -0.010842805 0.999935806 19.465145111
0.999981701 -0.004912337 0.003534413 0.350656331 0.004873739 0.999929249 0.010847440 -0.753499806 -0.003587449 -0.010830016 0.999934912 19.942012787
0.999984980 -0.003858913 0.003879055 0.349414587 0.003815002 0.999929309 0.011264272 -0.767475724 -0.003922248 -0.011249306 0.999929011 20.418125153
0.999986887 -0.003877567 0.003315733 0.358693957 0.003841784 0.999934971 0.010730960 -0.776972532 -0.003357128 -0.010718083 0.999936938 20.913797379
0.999985397 -0.003938489 0.003698288 0.354382932 0.003897528 0.999931633 0.011018345 -0.799489379 -0.003741432 -0.011003770 0.999932468 21.370452881
0.999986649 -0.004093377 0.003177040 0.365114123 0.004060552 0.999939024 0.010270703 -0.795993984 -0.003218888 -0.010257665 0.999942243 21.885768890
0.999987304 -0.003596525 0.003522215 0.357630104 0.003559955 0.999940217 0.010334676 -0.815381646 -0.003559174 -0.010322008 0.999940336 22.404527664
0.999984920 -0.004699015 0.002834874 0.366634488 0.004664835 0.999917686 0.011945546 -0.850314438 -0.002890772 -0.011932142 0.999924600 22.903446198
0.999987721 -0.004042160 0.002862600 0.348596156 0.004008842 0.999925196 0.011550878 -0.848889947 -0.002909077 -0.011539261 0.999929130 23.414381027
0.999978304 -0.006524699 0.000911253 0.377868295 0.006512385 0.999895453 0.012917224 -0.879848719 -0.000995439 -0.012911011 0.999916136 23.866096497
0.999977350 -0.006709406 0.000584402 0.382368833 0.006700856 0.999885440 0.013575147 -0.894395888 -0.000675416 -0.013570923 0.999907672 24.407247543
0.999976814 -0.006802675 -0.000203964 0.394284189 0.006804672 0.999900997 0.012318663 -0.894744515 0.000120144 -0.012319766 0.999924123 24.915149689
0.999978304 -0.006561087 -0.000510537 0.405494094 0.006566650 0.999908984 0.011787369 -0.896640956 0.000433152 -0.011790468 0.999930382 25.446874619
0.999979019 -0.006362351 -0.001231053 0.411401570 0.006377060 0.999903560 0.012338102 -0.905202746 0.001152435 -0.012345693 0.999923110 25.959314346
0.999976635 -0.006616903 -0.001694695 0.421576262 0.006636948 0.999904692 0.012108934 -0.912252069 0.001614410 -0.012119900 0.999925256 26.509523392
0.999976397 -0.006586833 -0.001941690 0.435542881 0.006610146 0.999903023 0.012255092 -0.913348794 0.001860779 -0.012267636 0.999923050 27.060262680
0.999972165 -0.007003187 -0.002559213 0.450384736 0.007036726 0.999886215 0.013340284 -0.945356905 0.002465497 -0.013357921 0.999907732 27.536777496
0.999973595 -0.006624553 -0.003014968 0.459240854 0.006663716 0.999891043 0.013170099 -0.960714221 0.002927393 -0.013189840 0.999908745 28.091220856
0.999971390 -0.006752565 -0.003407854 0.472865760 0.006795630 0.999895096 0.012787673 -0.957434535 0.003321147 -0.012810464 0.999912381 28.636804581
0.999976397 -0.005822314 -0.003647835 0.484729588 0.005870645 0.999893188 0.013381391 -0.968811512 0.003569535 -0.013402488 0.999903738 29.181348801
0.999970734 -0.006549430 -0.003939657 0.473803043 0.006600242 0.999893367 0.013025951 -0.977855206 0.003853924 -0.013051573 0.999907374 29.684270859
0.999972165 -0.006113268 -0.004263725 0.482783973 0.006168917 0.999894381 0.013163148 -0.981085598 0.004182805 -0.013189086 0.999904275 30.235033035
0.999971390 -0.006249635 -0.004267615 0.481653571 0.006301802 0.999904215 0.012321662 -0.999483109 0.004190200 -0.012348204 0.999914944 30.771146774
0.999975443 -0.005388550 -0.004486977 0.477544785 0.005446308 0.999901175 0.012961303 -1.012193680 0.004416693 -0.012985424 0.999905884 31.301744461
0.999976337 -0.005534698 -0.004073964 0.487751722 0.005590559 0.999888659 0.013830515 -1.029318213 0.003996963 -0.013852963 0.999896049 31.846122742
0.999967158 -0.006530462 -0.004800415 0.499518454 0.006595422 0.999885201 0.013643258 -1.043109894 0.004710767 -0.013674471 0.999895394 32.361953735
0.999970496 -0.005672371 -0.005167290 0.506922960 0.005738558 0.999900520 0.012885312 -1.039223433 0.005093685 -0.012914583 0.999903619 32.902114868
0.999981642 -0.004370160 -0.004204206 0.490007818 0.004425334 0.999903083 0.013204871 -1.052919149 0.004146092 -0.013223233 0.999903977 33.456363678
0.999962807 -0.006497636 -0.005671656 0.506560922 0.006576774 0.999879718 0.014047944 -1.071831703 0.005579696 -0.014084725 0.999885261 33.949123383
0.999969065 -0.005514166 -0.005614855 0.513425171 0.005590761 0.999890327 0.013718492 -1.074607253 0.005538594 -0.013749459 0.999890149 34.496349335
0.999965250 -0.006025305 -0.005752086 0.512350082 0.006106959 0.999879360 0.014285306 -1.086673379 0.005665319 -0.014319937 0.999881446 34.987670898
0.999957740 -0.006940671 -0.006029346 0.517713547 0.007023925 0.999878705 0.013898508 -1.092836142 0.005932151 -0.013940273 0.999885261 35.531127930
0.999955773 -0.007169937 -0.006090186 0.514952779 0.007253952 0.999877274 0.013887009 -1.108063936 0.005989870 -0.013930573 0.999885082 36.078338623
0.999964178 -0.006005456 -0.005958113 0.527469039 0.006084767 0.999891996 0.013383960 -1.102668643 0.005877093 -0.013419735 0.999892712 36.627208710
0.999960899 -0.006192434 -0.006325238 0.532236636 0.006276468 0.999891222 0.013353329 -1.103909492 0.006241860 -0.013392508 0.999890864 37.163749695
0.999954522 -0.007165015 -0.006292087 0.523952544 0.007252981 0.999874711 0.014070777 -1.130109787 0.006190482 -0.014115774 0.999881208 37.667377472
0.999963760 -0.006085210 -0.005960607 0.527554214 0.006168567 0.999881983 0.014067492 -1.134775281 0.005874302 -0.014103753 0.999883294 38.227527618
0.999959826 -0.006797293 -0.005835690 0.523600399 0.006878006 0.999879420 0.013924243 -1.146507740 0.005740338 -0.013963822 0.999886036 38.744407654
0.999952734 -0.006917776 -0.006825826 0.555009425 0.007011849 0.999879420 0.013855718 -1.147490144 0.006729153 -0.013902926 0.999880672 39.313686371
0.999948382 -0.007407708 -0.006946050 0.546000123 0.007508882 0.999864399 0.014654700 -1.158481240 0.006836550 -0.014706100 0.999868453 39.777931213
0.999947727 -0.008062694 -0.006277354 0.546160102 0.008157385 0.999851108 0.015207911 -1.183090925 0.006153802 -0.015258324 0.999864697 40.285949707
0.999946415 -0.007544193 -0.007085481 0.562673569 0.007644423 0.999869525 0.014226777 -1.174296141 0.006977227 -0.014280180 0.999873698 40.856796265
0.999944925 -0.007582848 -0.007267674 0.589627266 0.007684385 0.999871731 0.014046275 -1.182937026 0.007160232 -0.014101348 0.999874949 41.407081604
0.999945521 -0.007310294 -0.007459987 0.593258262 0.007423168 0.999856591 0.015216630 -1.207955480 0.007347679 -0.015271176 0.999856412 41.931510925
0.999946475 -0.007257930 -0.007375087 0.604900837 0.007367219 0.999861836 0.014901222 -1.207191348 0.007265916 -0.014954756 0.999861777 42.426448822
0.999951065 -0.006890538 -0.007093829 0.611722708 0.006991691 0.999872863 0.014334613 -1.204269409 0.006994152 -0.014383511 0.999872088 42.996166229
0.999948382 -0.006666976 -0.007665232 0.620243013 0.006777706 0.999871671 0.014511581 -1.212315917 0.007567499 -0.014562787 0.999865353 43.532241821
0.999951124 -0.006817162 -0.007161429 0.613833725 0.006926924 0.999857306 0.015415729 -1.246069193 0.007055317 -0.015464581 0.999855459 44.004932404
0.999945700 -0.007446776 -0.007282985 0.625598907 0.007557187 0.999855161 0.015252210 -1.249814987 0.007168350 -0.015306421 0.999857128 44.568073273
0.999947131 -0.006888571 -0.007633662 0.651427925 0.006998238 0.999871373 0.014433922 -1.242975473 0.007533249 -0.014486582 0.999866664 45.126735687
0.999941647 -0.007424171 -0.007848672 0.651592255 0.007540710 0.999860108 0.014924223 -1.253184795 0.007736774 -0.014982536 0.999857843 45.618667603
0.999938548 -0.007689280 -0.007977598 0.661988199 0.007806371 0.999860704 0.014751634 -1.259603381 0.007863058 -0.014813006 0.999859333 46.169307709
0.999947786 -0.006834446 -0.007597120 0.656327963 0.006946634 0.999865651 0.014840265 -1.274580121 0.007494675 -0.014892261 0.999861062 46.736141205
0.999943495 -0.007444216 -0.007574633 0.665052652 0.007559386 0.999854505 0.015291415 -1.288999081 0.007459698 -0.015347812 0.999854386 47.261676788
0.999945819 -0.006817739 -0.007864988 0.717724860 0.006930199 0.999872804 0.014361371 -1.267566919 0.007766076 -0.014415098 0.999865949 47.684295654
0.999952435 -0.006568481 -0.007212306 0.719246387 0.006678472 0.999860108 0.015333737 -1.284947753 0.007110578 -0.015381176 0.999856412 48.232307434
0.999947250 -0.006754946 -0.007734262 0.726803064 0.006873110 0.999858499 0.015354701 -1.297915936 0.007629449 -0.015407051 0.999852180 48.777938843
0.999948084 -0.006904354 -0.007503060 0.749890983 0.007016640 0.999862194 0.015043622 -1.294799089 0.007398159 -0.015095484 0.999858677 49.324325562
0.999942780 -0.007206610 -0.007918721 0.738000870 0.007319910 0.999870002 0.014373299 -1.300433993 0.007814107 -0.014430440 0.999865353 49.899574280
0.999948740 -0.006666783 -0.007621479 0.733000338 0.006780235 0.999865115 0.014958169 -1.314417362 0.007520728 -0.015009076 0.999859095 50.290019989
0.999952614 -0.005916167 -0.007726522 0.742275119 0.006030313 0.999871790 0.014834546 -1.318072557 0.007637769 -0.014880438 0.999860168 50.836318970
0.999952734 -0.006071262 -0.007589357 0.731564581 0.006185658 0.999866247 0.015141853 -1.333414078 0.007496412 -0.015188084 0.999856532 51.378871918
0.999932408 -0.007567454 -0.008823223 0.780604064 0.007698721 0.999858677 0.014939572 -1.322636724 0.008708924 -0.015006486 0.999849498 51.950813293
0.999945521 -0.007072124 -0.007680927 0.748878419 0.007192946 0.999848962 0.015818153 -1.358233213 0.007567900 -0.015872536 0.999845386 52.394931793
0.999945045 -0.006695417 -0.008065545 0.752632856 0.006817505 0.999861121 0.015205676 -1.363896370 0.007962617 -0.015259827 0.999851823 52.937252045
0.999945581 -0.007067475 -0.007667825 0.753821492 0.007181287 0.999862969 0.014918410 -1.372678995 0.007561339 -0.014972664 0.999859333 53.488323212
0.999941111 -0.007150812 -0.008167203 0.784110129 0.007273593 0.999859512 0.015104035 -1.372688532 0.008058048 -0.015162550 0.999852598 54.058166504
0.999942958 -0.006984195 -0.008087223 0.783200264 0.007109142 0.999854207 0.015525666 -1.399661779 0.007977611 -0.015582273 0.999846756 54.528110504
0.999940217 -0.007383154 -0.008068045 0.773869455 0.007508524 0.999849737 0.015620923 -1.396819115 0.007951499 -0.015680565 0.999845445 55.005805969
0.999943733 -0.007100581 -0.007879780 0.776892483 0.007223006 0.999851942 0.015618465 -1.405426383 0.007767712 -0.015674502 0.999846935 55.564395905
0.999940038 -0.007909481 -0.007578097 0.778598547 0.008025546 0.999849021 0.015409822 -1.413177013 0.007455070 -0.015469715 0.999852538 56.102108002
0.999949932 -0.006856790 -0.007294310 0.770286381 0.006969305 0.999855399 0.015513110 -1.417362690 0.007186885 -0.015563168 0.999853075 56.594871521
0.999945998 -0.007345318 -0.007341741 0.780974507 0.007461958 0.999844253 0.015988125 -1.435583472 0.007223160 -0.016042044 0.999845207 57.042366028
0.999945700 -0.007146741 -0.007578449 0.790015221 0.007269661 0.999840438 0.016318073 -1.447672844 0.007460620 -0.016372280 0.999838054 57.578117371
0.999946177 -0.007056781 -0.007602920 0.793071568 0.007183051 0.999834478 0.016710822 -1.452383399 0.007483738 -0.016764535 0.999831378 58.125152588
0.999938726 -0.007879862 -0.007764627 0.817637622 0.008002413 0.999841809 0.015880914 -1.438341022 0.007638259 -0.015942078 0.999843657 58.694606781
0.999938428 -0.008096838 -0.007581243 0.792373657 0.008218155 0.999836445 0.016110329 -1.466663122 0.007449560 -0.016171640 0.999841392 59.089622498
0.999932170 -0.008132560 -0.008334916 0.802496374 0.008264203 0.999839723 0.015883360 -1.470441699 0.008204407 -0.015951164 0.999839008 59.648548126
0.999933004 -0.008545594 -0.007807536 0.807595789 0.008670709 0.999832153 0.016133996 -1.480663538 0.007668351 -0.016200611 0.999839306 60.184608459
0.999936700 -0.007474201 -0.008408472 0.862890899 0.007621028 0.999816537 0.017567404 -1.511520147 0.008275626 -0.017630372 0.999810278 60.653106689
0.999930263 -0.008126921 -0.008569462 0.853194118 0.008267924 0.999828815 0.016548995 -1.510684133 0.008433501 -0.016618691 0.999826312 61.284008026
0.999929011 -0.008751138 -0.008083710 0.831851244 0.008882742 0.999826193 0.016390271 -1.512037992 0.007938870 -0.016460912 0.999832988 61.661365509
0.999932766 -0.008734039 -0.007616080 0.828186154 0.008855653 0.999831438 0.016083306 -1.510878086 0.007474323 -0.016149670 0.999841630 62.199096680
0.999926150 -0.009192122 -0.007938496 0.827290654 0.009326168 0.999811649 0.017016981 -1.534045458 0.007780579 -0.017089760 0.999823630 62.738536835
0.999936342 -0.008240501 -0.007707292 0.830640793 0.008374339 0.999811769 0.017497044 -1.552993178 0.007561659 -0.017560473 0.999817252 63.340488434
0.999911547 -0.009982628 -0.008791273 0.829483747 0.010126382 0.999813199 0.016462138 -1.555654287 0.008625297 -0.016549708 0.999825776 63.771648407
0.999908447 -0.009679201 -0.009454882 0.855180025 0.009835123 0.999814093 0.016586209 -1.568322659 0.009292581 -0.016677681 0.999817729 64.331047058
0.999916852 -0.009976849 -0.008175002 0.847719133 0.010114645 0.999804437 0.016991477 -1.579831719 0.008003883 -0.017072750 0.999822259 64.854751587
0.999903858 -0.010573139 -0.008971385 0.908193827 0.010714915 0.999816000 0.015905065 -1.532554746 0.008801569 -0.015999665 0.999833226 65.338249207
0.999900520 -0.011127638 -0.008667073 0.846555173 0.011273930 0.999791622 0.017017111 -1.590958118 0.008475907 -0.017113131 0.999817610 65.820594788
0.999910295 -0.010336083 -0.008508746 0.847875655 0.010482113 0.999795377 0.017300433 -1.600280762 0.008328186 -0.017388074 0.999814093 66.378746033
0.999906838 -0.010443185 -0.008784696 0.863585711 0.010589710 0.999802709 0.016801935 -1.604271531 0.008607497 -0.016893396 0.999820232 66.891540527
0.999895811 -0.011499549 -0.008721412 0.860290945 0.011643741 0.999793172 0.016666273 -1.609475136 0.008527954 -0.016766084 0.999823093 67.458854675
0.999920428 -0.009996983 -0.007684838 0.830369949 0.010128139 0.999800384 0.017221704 -1.624226809 0.007511137 -0.017298168 0.999822140 67.880538940
0.999933064 -0.009211461 -0.006995603 0.843832493 0.009331666 0.999805927 0.017349167 -1.639614701 0.006834434 -0.017413285 0.999825001 68.417129517
0.999933422 -0.008838702 -0.007402651 0.849633873 0.008958849 0.999825954 0.016357342 -1.636236191 0.007256786 -0.016422570 0.999838769 68.965377808
0.999920547 -0.009826607 -0.007900153 0.892291069 0.009955752 0.999814630 0.016477076 -1.624425173 0.007736775 -0.016554415 0.999832988 69.464660645
0.999927878 -0.009364642 -0.007519076 0.884545088 0.009477790 0.999840081 0.015156290 -1.616501927 0.007375940 -0.015226457 0.999856830 69.985183716
0.999930620 -0.009436466 -0.007040518 0.841799080 0.009556712 0.999805570 0.017245613 -1.666104913 0.006876411 -0.017311702 0.999826491 70.404533386
0.999925733 -0.009917404 -0.007084491 0.847467303 0.010037429 0.999803126 0.017112255 -1.673477054 0.006913385 -0.017182095 0.999828458 70.972938538
0.999932230 -0.009082279 -0.007282465 0.858200788 0.009202753 0.999818385 0.016683767 -1.675431609 0.007129616 -0.016749656 0.999834239 71.525642395
0.999927938 -0.009476962 -0.007366779 0.863069117 0.009598441 0.999815583 0.016633505 -1.680560708 0.007207783 -0.016703017 0.999834538 72.066207886
0.999896049 -0.011859941 -0.008191407 0.898628116 0.011996439 0.999786556 0.016820127 -1.674818039 0.007990170 -0.016916648 0.999824941 72.686569214
0.999929428 -0.009827192 -0.006670740 0.858890951 0.009940302 0.999803662 0.017140105 -1.687398672 0.006500990 -0.017205207 0.999830842 72.959800720
0.999934435 -0.009405239 -0.006538375 0.860555291 0.009510331 0.999822915 0.016232153 -1.682980180 0.006384550 -0.016293271 0.999846876 73.501426697
0.999941528 -0.008908583 -0.006142490 0.833099246 0.009009457 0.999821723 0.016594989 -1.688063622 0.005993557 -0.016649358 0.999843478 74.031524658
0.999920130 -0.010529212 -0.006991038 0.882163048 0.010642644 0.999808967 0.016391221 -1.694403648 0.006817116 -0.016464315 0.999841213 74.568717957
0.999925077 -0.010303608 -0.006603398 0.857057750 0.010413101 0.999805152 0.016767178 -1.703562021 0.006429347 -0.016834682 0.999837637 75.051193237
0.999917507 -0.010459903 -0.007458750 0.872436047 0.010580197 0.999811590 0.016275143 -1.707506061 0.007287109 -0.016352715 0.999839783 75.589935303
0.999900877 -0.011568646 -0.008030551 0.893340111 0.011702033 0.999791026 0.016766435 -1.709473491 0.007834907 -0.016858744 0.999827206 76.083625793
0.999892414 -0.012100777 -0.008299766 0.890823245 0.012236261 0.999789417 0.016472030 -1.696015358 0.008098694 -0.016571812 0.999829888 76.640586853
0.999891400 -0.012369432 -0.008006672 0.901140213 0.012494645 0.999797344 0.015782194 -1.680125952 0.007809834 -0.015880520 0.999843419 77.111740112
0.999911189 -0.011131424 -0.007332424 0.882508218 0.011253206 0.999795794 0.016782504 -1.706589341 0.007144114 -0.016863523 0.999832273 77.574676514
0.999919236 -0.010780863 -0.006733916 0.888858318 0.010890605 0.999804914 0.016478609 -1.708860397 0.006554949 -0.016550615 0.999841571 78.142227173
0.999919951 -0.011297854 -0.005699115 0.870711505 0.011388850 0.999803960 0.016195547 -1.704614758 0.005515024 -0.016259154 0.999852657 78.730682373
0.999923527 -0.011480725 -0.004599560 0.865656376 0.011551539 0.999810338 0.015677106 -1.700801730 0.004418705 -0.015729036 0.999866545 79.313003540
0.999941289 -0.010461350 -0.002833949 0.888763607 0.010507838 0.999801636 0.016918775 -1.747032046 0.002656394 -0.016947562 0.999852777 79.684532166
0.999939382 -0.010860031 -0.001837341 0.895069480 0.010890091 0.999792278 0.017228588 -1.752462626 0.001649856 -0.017247552 0.999849796 80.240394592
0.999953508 -0.009549895 0.001384933 0.891049027 0.009524728 0.999807358 0.017163303 -1.782818556 -0.001548573 -0.017149312 0.999851704 80.751541138
0.999928951 -0.011249657 0.003934860 0.937442303 0.011178232 0.999780357 0.017725859 -1.793073535 -0.004133406 -0.017680619 0.999835074 81.355247498
0.999915659 -0.009706534 0.008620190 0.912229955 0.009554458 0.999801040 0.017511055 -1.769586444 -0.008788446 -0.017427217 0.999809504 81.788902283
0.999871731 -0.009750300 0.012702466 0.939144552 0.009532263 0.999808073 0.017113887 -1.776082873 -0.012866895 -0.016990609 0.999772847 82.340362549
0.999783933 -0.009737136 0.018369539 0.966759861 0.009440528 0.999824703 0.016165012 -1.764879704 -0.018523719 -0.015988097 0.999700606 82.886917114
0.999674022 -0.010359669 0.023336228 1.034140587 0.009969493 0.999809563 0.016774539 -1.779106498 -0.023505561 -0.016536418 0.999586940 83.352066040
0.999516249 -0.009679728 0.029556893 1.041816473 0.009176176 0.999811172 0.017125100 -1.804209828 -0.029717084 -0.016845595 0.999416471 83.887756348
0.999237597 -0.010863398 0.037498415 1.078691483 0.010220503 0.999798238 0.017293958 -1.793307304 -0.037678719 -0.016897522 0.999146998 84.423690796
0.998885393 -0.010635069 0.045988068 1.121291876 0.009822048 0.999792039 0.017868927 -1.808717251 -0.046168547 -0.017397312 0.998782218 84.901306152
0.998574197 -0.011625942 0.052100200 1.180921555 0.010748028 0.999796033 0.017099122 -1.764952779 -0.052288365 -0.016514767 0.998495460 85.529777527
0.998084962 -0.011834598 0.060715839 1.243371725 0.010849407 0.999804497 0.016530361 -1.766040802 -0.060899600 -0.015839973 0.998018146 86.081718445
0.997379720 -0.011318473 0.071453862 1.296217442 0.010138460 0.999806523 0.016855484 -1.777325511 -0.071630813 -0.016086886 0.997301459 86.653915405
0.996683478 -0.011614836 0.080542564 1.346045017 0.010236147 0.999794304 0.017509347 -1.793194771 -0.080729358 -0.016626831 0.996597409 87.191635132
0.995998442 -0.009981389 0.088811927 1.427581310 0.008384164 0.999796689 0.018339254 -1.817662477 -0.088976920 -0.017521257 0.995879531 87.721954346
0.995043993 -0.011440690 0.098774724 1.504038334 0.009708271 0.999790788 0.018001951 -1.826260924 -0.098960005 -0.016953804 0.994947016 88.171905518
0.994006395 -0.013093480 0.108534940 1.549175262 0.011197518 0.999774337 0.018059762 -1.839868665 -0.108746879 -0.016736200 0.993928552 88.632034302
0.992854834 -0.012957683 0.118622288 1.623131752 0.010910188 0.999780416 0.017893776 -1.850496650 -0.118828088 -0.016471732 0.992778242 89.178245544
0.991528869 -0.013101029 0.129224166 1.720701218 0.010790251 0.999769449 0.018565899 -1.850836158 -0.129437596 -0.017014265 0.991441548 89.715110779
0.989827752 -0.011213917 0.141828030 1.819080353 0.008644931 0.999787450 0.018716622 -1.870543361 -0.142007753 -0.017300138 0.989714324 90.238250732
0.988349557 -0.013026238 0.151642859 1.934634209 0.010349208 0.999776781 0.018429434 -1.868450165 -0.151849061 -0.016645342 0.988263428 90.816108704
0.986581683 -0.010917431 0.162903339 2.011141777 0.007847949 0.999779642 0.019474011 -1.861994982 -0.163080022 -0.017934246 0.986449778 91.401138306
0.984743595 -0.014510242 0.173405468 2.148965836 0.011403226 0.999756396 0.018900497 -1.884818792 -0.173637480 -0.016634764 0.984669149 91.771575928
0.982872427 -0.017288772 0.183474764 2.332170486 0.013943691 0.999712586 0.019506406 -1.954984903 -0.183759242 -0.016613992 0.982830763 92.166168213
0.980103374 -0.012697366 0.198081776 2.374721527 0.009239361 0.999788523 0.018371984 -1.816568613 -0.198273167 -0.016176291 0.980013430 93.223037720
0.977322161 -0.013097777 0.211352631 2.510459900 0.009448622 0.999788523 0.018266439 -1.821182013 -0.211547181 -0.015855204 0.977239192 93.783325195
0.974253416 -0.013714219 0.225038275 2.657377243 0.009661087 0.999770761 0.019102223 -1.827889919 -0.225248694 -0.016436290 0.974162698 94.301322937
0.971154332 -0.013399706 0.238074943 2.765392303 0.009109640 0.999775887 0.019110944 -1.811240435 -0.238277674 -0.016390899 0.971058786 94.856750488
0.968348861 -0.013348749 0.249243557 2.962457657 0.009080424 0.999791920 0.018267080 -1.811661482 -0.249435514 -0.015425670 0.968268514 95.418106079
0.964336336 -0.012295472 0.264393806 3.100801468 0.007526145 0.999790311 0.019044153 -1.814517379 -0.264572501 -0.016375108 0.964226782 96.035003662
0.960804164 -0.012829629 0.276930809 3.282428741 0.008075424 0.999799967 0.018301180 -1.815154076 -0.277110159 -0.015347517 0.960715652 96.560531616
0.957686424 -0.014609875 0.287442654 3.464809418 0.009540405 0.999773383 0.019029355 -1.822422266 -0.287655562 -0.015481834 0.957608819 97.064834595
0.953248084 -0.014809382 0.301825702 3.654184341 0.009357057 0.999766052 0.019502381 -1.833037853 -0.302043945 -0.015766406 0.953163564 97.603042603
0.948473990 -0.014107168 0.316540897 3.846790314 0.008335751 0.999773562 0.019579560 -1.836486459 -0.316745400 -0.015932094 0.948376775 98.149765015
0.944626153 -0.013198794 0.327883065 4.032360077 0.007039958 0.999775946 0.019963546 -1.851251721 -0.328073084 -0.016549805 0.944507360 98.615447998
0.940304935 -0.014763140 0.340012848 4.273862839 0.008535663 0.999767363 0.019803897 -1.851351261 -0.340226144 -0.015719468 0.940212250 99.234191895
0.935106099 -0.014926080 0.354053319 4.499483109 0.008619968 0.999774992 0.019381648 -1.844989657 -0.354262888 -0.015071970 0.935024440 99.756874084
0.930482447 -0.016218038 0.365977377 4.720649719 0.009436643 0.999749184 0.020310927 -1.855842352 -0.366214961 -0.015445364 0.930402100 100.244209290
0.925428689 -0.014587610 0.378640682 4.950113297 0.007505445 0.999768257 0.020173416 -1.862774491 -0.378847212 -0.015827190 0.925323904 100.795959473
0.919940233 -0.015428607 0.391755044 5.204010010 0.007877100 0.999751031 0.020876072 -1.898913980 -0.391979605 -0.016118841 0.919832706 101.226799011
0.914362252 -0.014791496 0.404626817 5.435188293 0.006412385 0.999736071 0.022055758 -1.955474615 -0.404846221 -0.017572332 0.914215922 101.607711792
0.909546912 -0.016589517 0.415270060 5.650306702 0.008584171 0.999739766 0.021136835 -1.883902073 -0.415512562 -0.015660195 0.909452617 102.242752075
0.904403865 -0.018550543 0.426274091 5.918796539 0.010284615 0.999711871 0.021685008 -1.893959761 -0.426553577 -0.015227935 0.904334128 102.710891724
0.897416413 -0.017293539 0.440845490 6.173748016 0.008183894 0.999712050 0.022557108 -1.917415380 -0.441108674 -0.016635286 0.897299469 103.193252563
0.891427636 -0.017392902 0.452829182 6.448238373 0.008413244 0.999726176 0.021836808 -1.898550987 -0.453084946 -0.015656171 0.891329825 103.729156494
0.885591269 -0.017702060 0.464127809 6.734115601 0.008247716 0.999715269 0.022392355 -1.914689302 -0.464392036 -0.016002482 0.885485113 104.189369202
0.878069758 -0.017012550 0.478230119 7.011329651 0.007801341 0.999743938 0.021240974 -1.895390987 -0.478469074 -0.014920220 0.877977610 104.692756653
0.870266199 -0.017441174 0.492272705 7.234321594 0.007541299 0.999727547 0.022088336 -1.904173613 -0.492523819 -0.015510358 0.870160639 105.152427673
0.864555836 -0.017917220 0.502217293 7.550422668 0.007726915 0.999720156 0.022364529 -1.903049707 -0.502477407 -0.015454795 0.864452183 105.653541565
