1.000000000 0.000000000 0.000000000 0.000000000 0.000000000 1.000000000 0.000000000 0.000000000 0.000000000 0.000000000 1.000000000 0.000000000
1.000000000 0.000011831 -0.000024945 0.000125305 -0.000011830 1.000000000 0.000056275 0.000091274 0.000024946 -0.000056275 1.000000000 -0.002165118
1.000000000 0.000121623 0.000059128 -0.001749956 -0.000121623 1.000000000 -0.000009949 -0.000424289 -0.000059129 0.000009942 1.000000000 -0.002132358
1.000000000 0.000005070 -0.000016927 0.001446403 -0.000005069 1.000000000 0.000028835 -0.000184475 0.000016927 -0.000028835 1.000000000 -0.003766701
1.000000000 -0.000143297 -0.000055461 0.001845891 0.000143301 1.000000000 0.000072631 -0.000683719 0.000055451 -0.000072639 1.000000000 -0.002054413
1.000000000 0.000005644 0.000041375 -0.000769594 -0.000005645 1.000000000 0.000030242 -0.000220721 -0.000041375 -0.000030243 1.000000000 -0.001185284
1.000000000 0.000003316 0.000023012 0.000957304 -0.000003319 1.000000000 0.000134960 -0.000852125 -0.000023012 -0.000134960 1.000000000 -0.002975076
1.000000000 -0.000034935 0.000040653 -0.000274676 0.000034932 1.000000000 0.000072629 -0.000117680 -0.000040655 -0.000072628 1.000000000 0.003061076
1.000000000 -0.000003565 -0.000005113 0.000555399 0.000003565 1.000000000 0.000046327 -0.000663577 0.000005113 -0.000046327 1.000000000 -0.004859207
1.000000000 -0.000134334 -0.000041444 0.002153314 0.000134338 1.000000000 0.000101653 -0.001049308 0.000041430 -0.000101658 1.000000000 -0.004912973
1.000000000 0.000003430 -0.000007153 0.000076005 -0.000003429 1.000000000 0.000045076 -0.000475598 0.000007153 -0.000045076 1.000000000 -0.001862965
1.000000000 -0.000108083 -0.000060401 0.000439973 0.000108088 1.000000000 0.000085445 -0.001733320 0.000060391 -0.000085452 1.000000000 -0.006941182
1.000000000 -0.000105835 0.000083056 -0.000237484 0.000105823 1.000000000 0.000149268 -0.002063302 -0.000083072 -0.000149259 1.000000000 -0.002426121
1.000000000 -0.000063583 0.000048906 0.000228694 0.000063578 1.000000000 0.000094604 -0.000887663 -0.000048912 -0.000094601 1.000000000 -0.004568000
1.000000000 -0.000108332 0.000055380 -0.000047082 0.000108327 1.000000000 0.000093990 -0.000477746 -0.000055390 -0.000093984 1.000000000 -0.003234275
1.000000000 -0.000065305 0.000029139 -0.000493395 0.000065301 1.000000000 0.000117342 -0.000345779 -0.000029147 -0.000117340 1.000000000 -0.003763604
1.000000000 -0.000149568 0.000010096 -0.000530917 0.000149568 1.000000000 0.000040320 -0.000519753 -0.000010102 -0.000040318 1.000000000 -0.003465161
1.000000000 -0.000007329 -0.000031359 0.002368812 0.000007335 1.000000000 0.000186951 -0.002887968 0.000031358 -0.000186951 1.000000000 -0.009003196
0.999999940 -0.000282892 -0.000037399 0.002813313 0.000282899 0.999999940 0.000187300 -0.003623648 0.000037346 -0.000187310 1.000000000 -0.009093720
1.000000000 -0.000209809 -0.000062047 0.001562851 0.000209816 1.000000000 0.000113474 -0.002820728 0.000062023 -0.000113487 1.000000000 -0.006461983
1.000000000 -0.000133920 -0.000038923 0.002799369 0.000133927 1.000000000 0.000189853 -0.004355292 0.000038898 -0.000189859 1.000000000 -0.007700245
1.000000000 -0.000054846 0.000074488 -0.000781094 0.000054837 1.000000000 0.000113943 -0.000832534 -0.000074494 -0.000113939 1.000000000 -0.003238130
1.000000000 -0.000085861 -0.000053032 0.002663565 0.000085872 1.000000000 0.000205920 -0.002368319 0.000053014 -0.000205925 1.000000000 -0.009791361
1.000000000 -0.000202897 0.000004921 0.000022605 0.000202895 0.999999940 0.000229743 -0.003318253 -0.000004967 -0.000229742 1.000000000 -0.006351266
1.000000000 -0.000037904 -0.000024659 0.000991753 0.000037908 1.000000000 0.000153675 -0.001026721 0.000024653 -0.000153676 1.000000000 -0.006684911
0.999999940 -0.000268011 -0.000036800 0.002402832 0.000268020 0.999999940 0.000264449 -0.001904475 0.000036729 -0.000264459 0.999999940 -0.006447162
1.000000000 -0.000116087 -0.000044386 0.001629990 0.000116094 1.000000000 0.000154245 -0.003247069 0.000044368 -0.000154250 1.000000000 -0.005780716
1.000000000 -0.000130865 0.000004817 0.000298115 0.000130864 1.000000000 0.000160218 -0.000719572 -0.000004838 -0.000160218 1.000000000 -0.002516205
0.999999940 -0.000247562 -0.000048189 -0.000297195 0.000247569 0.999999940 0.000153914 -0.000260003 0.000048151 -0.000153926 1.000000000 -0.003338904
1.000000000 -0.000210672 -0.000025637 -0.000653452 0.000210676 0.999999940 0.000170678 -0.000725875 0.000025601 -0.000170684 1.000000000 -0.002167972
1.000000000 -0.000118662 0.000000405 -0.001412687 0.000118662 1.000000000 0.000130369 -0.000349453 -0.000000421 -0.000130368 1.000000000 -0.001125005
1.000000000 -0.000111934 -0.000003391 -0.001426035 0.000111934 1.000000000 0.000124634 -0.001955740 0.000003378 -0.000124635 1.000000000 -0.005345735
1.000000000 -0.000236933 -0.000022954 0.000205375 0.000236937 0.999999940 0.000196061 -0.002794771 0.000022907 -0.000196066 1.000000000 -0.006287432
1.000000000 0.000072915 0.000067539 -0.001007253 -0.000072923 1.000000000 0.000126107 -0.000182907 -0.000067530 -0.000126112 1.000000000 -0.001679145
1.000000000 -0.000131465 0.000008444 -0.000205572 0.000131464 1.000000000 0.000090034 -0.000728500 -0.000008456 -0.000090033 1.000000000 -0.002443526
1.000000000 -0.000129738 -0.000003587 -0.000913211 0.000129738 1.000000000 0.000051674 -0.001050449 0.000003580 -0.000051674 1.000000000 -0.004331503
1.000000000 -0.000217584 -0.000007481 0.001698363 0.000217585 0.999999940 0.000150972 -0.001787296 0.000007448 -0.000150973 1.000000000 -0.009178674
1.000000000 -0.000236437 -0.000048951 0.000587202 0.000236443 0.999999940 0.000133798 -0.000685090 0.000048919 -0.000133809 1.000000000 -0.006947942
1.000000000 -0.000132714 -0.000029276 -0.000212432 0.000132720 1.000000000 0.000201915 -0.000753282 0.000029249 -0.000201919 1.000000000 -0.006140689
0.999999940 -0.000303122 -0.000105279 0.002945227 0.000303147 0.999999940 0.000233116 -0.004318739 0.000105209 -0.000233148 0.999999940 -0.006769316
1.000000000 -0.000162283 -0.000106112 0.006342459 0.000162239 0.999999881 -0.000409456 -0.008208736 0.000106179 0.000409439 0.999999881 0.043314878
0.999999940 -0.000267615 -0.000096517 0.007220199 0.000267512 0.999999404 -0.001057890 -0.006584271 0.000096800 0.001057864 0.999999464 0.140924960
1.000000000 -0.000231929 -0.000011495 0.004319513 0.000231914 0.999999046 -0.001340142 -0.012769522 0.000011806 0.001340139 0.999999106 0.258696049
0.999999940 -0.000307929 0.000089007 0.005334097 0.000308030 0.999999285 -0.001139016 -0.019294655 -0.000088656 0.001139044 0.999999344 0.389114797
1.000000000 0.000124103 -0.000063293 0.012501608 -0.000124165 0.999999523 -0.000967047 -0.024038777 0.000063173 0.000967055 0.999999523 0.533532858
1.000000000 -0.000021780 0.000144424 0.012076270 0.000021886 0.999999762 -0.000731048 -0.031271514 -0.000144408 0.000731051 0.999999702 0.683690369
1.000000000 -0.000066783 0.000010539 0.021901965 0.000066788 0.999999881 -0.000463729 -0.037371036 -0.000010508 0.000463730 0.999999881 0.853969038
0.999999940 -0.000096316 0.000029301 0.020986255 0.000096322 0.999999940 -0.000230488 -0.042916235 -0.000029279 0.000230491 1.000000000 1.014635444
1.000000000 0.000061726 0.000208570 0.024122138 -0.000061674 0.999999940 -0.000248635 -0.048029356 -0.000208585 0.000248622 1.000000000 1.188103437
1.000000000 0.000013261 0.000269090 0.023948841 -0.000013285 1.000000000 0.000087477 -0.056657974 -0.000269089 -0.000087481 1.000000000 1.377860785
0.999999940 0.000238881 0.000218370 0.025722358 -0.000238865 0.999999940 -0.000074502 -0.063467070 -0.000218388 0.000074449 1.000000000 1.568214536
0.999999940 -0.000044926 0.000307817 0.033199657 0.000044920 0.999999940 0.000022210 -0.066678070 -0.000307818 -0.000022196 1.000000000 1.760581970
0.999999881 0.000014247 0.000432792 0.035306249 -0.000014578 0.999999642 0.000763877 -0.080153018 -0.000432781 -0.000763883 0.999999642 1.956918478
0.999999881 0.000168772 0.000489540 0.038846534 -0.000169030 0.999999821 0.000528429 -0.083168790 -0.000489451 -0.000528512 0.999999762 2.183306932
0.999999821 0.000172054 0.000546653 0.044917159 -0.000172454 0.999999702 0.000731316 -0.090501875 -0.000546527 -0.000731410 0.999999583 2.381952763
0.999999642 0.000511472 0.000669141 0.046370111 -0.000512020 0.999999523 0.000819480 -0.098424368 -0.000668722 -0.000819822 0.999999464 2.617635250
0.999999642 0.000304383 0.000824957 0.048927061 -0.000305039 0.999999642 0.000795330 -0.106591299 -0.000824715 -0.000795581 0.999999344 2.837438345
0.999999821 0.000391538 0.000635470 0.059342649 -0.000392145 0.999999464 0.000955844 -0.112145185 -0.000635095 -0.000956093 0.999999285 3.069041491
0.999999702 0.000189584 0.000776502 0.055483568 -0.000190321 0.999999523 0.000948836 -0.121977732 -0.000776322 -0.000948984 0.999999166 3.314280033
0.999999642 0.000298946 0.000844191 0.060781378 -0.000299880 0.999999344 0.001106789 -0.127217263 -0.000843860 -0.001107042 0.999999046 3.557872534
0.999999762 0.000331994 0.000611257 0.072239175 -0.000332661 0.999999344 0.001092115 -0.135388419 -0.000610894 -0.001092318 0.999999225 3.808433294
0.999999762 0.000306696 0.000607049 0.078213476 -0.000307406 0.999999285 0.001169747 -0.142277241 -0.000606690 -0.001169933 0.999999106 4.069827557
0.999999642 0.000240138 0.000702673 0.081516594 -0.000241237 0.999998748 0.001563962 -0.150847986 -0.000702297 -0.001564131 0.999998450 4.318416595
0.999999762 0.000372814 0.000582025 0.089108184 -0.000373672 0.999998808 0.001475555 -0.158106714 -0.000581474 -0.001475772 0.999998748 4.574174404
0.999999464 0.000450177 0.000899814 0.095025361 -0.000451509 0.999998808 0.001481149 -0.167497963 -0.000899146 -0.001481555 0.999998450 4.831653595
0.999999344 0.000694672 0.000919496 0.096495099 -0.000695984 0.999998748 0.001427813 -0.175028771 -0.000918503 -0.001428452 0.999998569 5.094273567
0.999999583 0.000317235 0.000841648 0.100313403 -0.000318662 0.999998450 0.001696374 -0.184637770 -0.000841108 -0.001696641 0.999998152 5.357779980
0.999999404 0.000564443 0.000846711 0.108171970 -0.000566000 0.999998152 0.001840060 -0.196539506 -0.000845671 -0.001840538 0.999997973 5.612104416
0.999999642 0.000243672 0.000773767 0.113333389 -0.000245008 0.999998391 0.001727992 -0.201182619 -0.000773345 -0.001728181 0.999998212 5.882903576
0.999999583 -0.000493269 0.000755723 0.121643253 0.000491873 0.999998152 0.001845312 -0.214888930 -0.000756632 -0.001844939 0.999998033 6.143509388
0.999999583 0.000073424 0.000906499 0.128875107 -0.000075112 0.999998212 0.001861805 -0.217819244 -0.000906361 -0.001861872 0.999997854 6.439065933
0.999999702 0.000383010 0.000689543 0.134617642 -0.000384352 0.999998033 0.001946523 -0.232725456 -0.000688796 -0.001946787 0.999997854 6.700303555
0.999999940 -0.000336001 0.000345351 0.149948105 0.000335251 0.999997616 0.002169063 -0.241473228 -0.000346079 -0.002168947 0.999997556 6.987208366
0.999999762 0.000018239 0.000574524 0.150225177 -0.000019281 0.999998450 0.001812978 -0.246136144 -0.000574490 -0.001812989 0.999998212 7.291865349
0.999999940 -0.000081835 0.000262299 0.165244579 0.000081399 0.999998629 0.001662053 -0.261328548 -0.000262434 -0.001662032 0.999998629 7.596698284
0.999999762 0.000166415 0.000647824 0.169235438 -0.000167559 0.999998450 0.001766558 -0.268542498 -0.000647529 -0.001766667 0.999998212 7.911186695
0.999999762 0.000513720 0.000444881 0.178138316 -0.000514503 0.999998331 0.001760855 -0.276235163 -0.000443976 -0.001761084 0.999998331 8.223763466
0.999999404 0.000534326 0.000917371 0.182516441 -0.000536215 0.999997675 0.002060003 -0.286449969 -0.000916269 -0.002060494 0.999997437 8.544916153
0.999999702 0.000173273 0.000782842 0.189773411 -0.000175046 0.999997437 0.002265236 -0.298090935 -0.000782448 -0.002265372 0.999997079 8.876625061
0.999999464 0.000306809 0.000978142 0.190106988 -0.000308821 0.999997795 0.002057539 -0.301011622 -0.000977509 -0.002057840 0.999997377 9.223792076
0.999999583 -0.000078380 0.000880872 0.211781666 0.000076053 0.999996543 0.002641562 -0.319067329 -0.000881076 -0.002641494 0.999996066 9.535681725
0.999999583 -0.000135717 0.000877704 0.210881367 0.000133397 0.999996424 0.002642359 -0.335473359 -0.000878059 -0.002642240 0.999996126 9.899945259
0.999999583 0.000145567 0.000879389 0.221585572 -0.000147982 0.999996185 0.002747108 -0.348849863 -0.000878986 -0.002747237 0.999995828 10.259139061
0.999999523 0.000503830 0.000786706 0.232397571 -0.000506054 0.999995828 0.002828788 -0.357935011 -0.000785278 -0.002829185 0.999995708 10.621504784
0.999999762 -0.000217466 0.000607541 0.243187457 0.000215762 0.999996066 0.002803095 -0.369986862 -0.000608148 -0.002802963 0.999995887 10.971735001
0.999999762 0.000239659 0.000566287 0.247993186 -0.000241157 0.999996483 0.002647571 -0.379238576 -0.000565650 -0.002647707 0.999996364 11.358551025
0.999999642 -0.000017012 0.000778219 0.260769993 0.000014585 0.999995112 0.003118443 -0.394992381 -0.000778268 -0.003118431 0.999994755 11.718370438
0.999999583 -0.000232348 0.000911352 0.264607251 0.000229519 0.999995172 0.003103402 -0.404243946 -0.000912068 -0.003103191 0.999994695 12.098011017
0.999999583 -0.000105733 0.000911523 0.275155306 0.000102719 0.999994457 0.003305209 -0.423928708 -0.000911867 -0.003305114 0.999994040 12.486460686
0.999999344 -0.000114033 0.001176638 0.284307361 0.000110468 0.999995410 0.003029428 -0.424989134 -0.001176978 -0.003029297 0.999994636 12.880033493
0.999999642 -0.000281712 0.000806976 0.292338610 0.000278499 0.999992073 0.003978224 -0.457859576 -0.000808090 -0.003977998 0.999991715 13.248371124
0.999999046 0.000105763 0.001368402 0.296393126 -0.000110898 0.999993026 0.003752772 -0.466401845 -0.001367995 -0.003752921 0.999992013 13.663571358
0.999998033 0.000855485 0.001743485 0.292779028 -0.000863103 0.999990106 0.004373703 -0.482948393 -0.001739726 -0.004375200 0.999988914 14.061552048
0.999998987 0.000087384 0.001406761 0.320126176 -0.000093476 0.999990761 0.004330942 -0.511074126 -0.001406369 -0.004331070 0.999989629 14.468758583
0.999998808 -0.000157304 0.001513035 0.334206313 0.000150689 0.999990463 0.004371277 -0.524351299 -0.001513709 -0.004371044 0.999989331 14.877142906
0.999998212 -0.000052402 0.001887916 0.341544062 0.000043414 0.999988735 0.004760482 -0.537628829 -0.001888144 -0.004760392 0.999986827 15.304982185
0.999997139 -0.000060778 0.002399839 0.360652596 0.000048412 0.999986708 0.005152506 -0.567947507 -0.002400121 -0.005152377 0.999983788 15.717436790
0.999997318 -0.000629999 0.002216242 0.377050281 0.000618581 0.999986529 0.005148729 -0.577450991 -0.002219456 -0.005147345 0.999984264 16.162067413
0.999996841 -0.000632862 0.002428626 0.385357320 0.000620781 0.999987543 0.004971817 -0.595121622 -0.002431742 -0.004970294 0.999984682 16.582729340
0.999994874 0.000288293 0.003181035 0.400101691 -0.000305465 0.999985397 0.005398883 -0.609426141 -0.003179432 -0.005399827 0.999980390 17.049991608
0.999994457 0.000434728 0.003300360 0.409824520 -0.000453925 0.999982953 0.005818206 -0.622483075 -0.003297774 -0.005819672 0.999977648 17.505094528
0.999994040 -0.000330570 0.003436342 0.422315866 0.000310782 0.999983311 0.005757539 -0.640767813 -0.003438188 -0.005756437 0.999977529 17.960113525
0.999994278 -0.000471826 0.003347329 0.442023426 0.000452677 0.999983490 0.005719297 -0.648164093 -0.003349972 -0.005717750 0.999978006 18.427291870
0.999991894 -0.000731506 0.003965325 0.445443213 0.000708096 0.999982357 0.005901860 -0.664721072 -0.003969572 -0.005899004 0.999974728 18.888414383
0.999993980 -0.001136280 0.003293573 0.469970793 0.001116941 0.999982119 0.005867701 -0.687255561 -0.003300182 -0.005863988 0.999977350 19.332340240
0.999992728 0.000098132 0.003803670 0.480609745 -0.000122518 0.999979436 0.006411246 -0.697025657 -0.003802962 -0.006411667 0.999972224 19.805303574
0.999991536 0.000422401 0.004095282 0.486081362 -0.000449456 0.999978006 0.006607618 -0.720586121 -0.004092403 -0.006609402 0.999969780 20.280132294
0.999993026 -0.000049391 0.003730832 0.501331270 0.000023730 0.999976337 0.006877933 -0.732625544 -0.003731083 -0.006877797 0.999969363 20.774438858
0.999995232 0.000239614 0.003059294 0.508996129 -0.000260154 0.999977410 0.006715256 -0.736118615 -0.003057615 -0.006716020 0.999972761 21.316242218
0.999995887 -0.000109809 0.002884759 0.527333617 0.000089587 0.999975383 0.007009173 -0.755539298 -0.002885459 -0.007008885 0.999971330 21.797166824
0.999995172 0.000435475 0.003073531 0.535048664 -0.000456771 0.999975860 0.006931220 -0.769222796 -0.003070439 -0.006932590 0.999971211 22.272306442
0.999998331 -0.000279499 0.001822426 0.548572361 0.000266185 0.999973238 0.007301843 -0.786756277 -0.001824419 -0.007301345 0.999971628 22.779060364
0.999998689 -0.000178579 0.001595444 0.557363570 0.000167488 0.999975860 0.006949578 -0.795525789 -0.001596646 -0.006949302 0.999974549 23.298414230
0.999998391 -0.001589067 0.000861360 0.572995961 0.001583162 0.999975562 0.006813362 -0.805574954 -0.000872166 -0.006811987 0.999976397 23.822414398
0.999999702 -0.000726845 0.000139418 0.584254682 0.000725855 0.999975324 0.006977729 -0.816948056 -0.000144486 -0.006977626 0.999975562 24.346672058
0.999999821 -0.000400563 -0.000426890 0.593899906 0.000403605 0.999974370 0.007149620 -0.827830911 0.000424015 -0.007149791 0.999974370 24.878713608
0.999999046 -0.000648551 -0.001225467 0.601868927 0.000657357 0.999973893 0.007199367 -0.837215900 0.001220766 -0.007200165 0.999973357 25.403444290
0.999998987 -0.000254483 -0.001392230 0.609257936 0.000264543 0.999973834 0.007230431 -0.851658106 0.001390354 -0.007230792 0.999972880 25.941392899
0.999998212 -0.000864447 -0.001692904 0.620186210 0.000877902 0.999967933 0.007963351 -0.861714482 0.001685966 -0.007964822 0.999966860 26.486667633
0.999996662 -0.001066157 -0.002339306 0.633230209 0.001085053 0.999966681 0.008091049 -0.877571225 0.002330601 -0.008093562 0.999964476 27.019521713
0.999997020 -0.000181673 -0.002406048 0.641851366 0.000200985 0.999967754 0.008028931 -0.894385159 0.002404512 -0.008029391 0.999964893 27.563276291
0.999996245 -0.000195039 -0.002703776 0.647489488 0.000218010 0.999963880 0.008498084 -0.908563137 0.002702020 -0.008498643 0.999960244 28.099401474
0.999994040 -0.000601294 -0.003386571 0.664404869 0.000629855 0.999964178 0.008438866 -0.922578514 0.003381377 -0.008440949 0.999958634 28.640884399
0.999992847 -0.000387080 -0.003758049 0.673019111 0.000417830 0.999966383 0.008185119 -0.933097601 0.003754755 -0.008186631 0.999959469 29.178970337
0.999991715 -0.000210026 -0.004055511 0.683308125 0.000244270 0.999964297 0.008445241 -0.945978701 0.004053593 -0.008446163 0.999956071 29.707813263
0.999990940 -0.000396897 -0.004244310 0.694148302 0.000432212 0.999965250 0.008322708 -0.960092723 0.004240860 -0.008324468 0.999956369 30.240821838
0.999991298 0.000149508 -0.004167377 0.704824686 -0.000114890 0.999965489 0.008305905 -0.968299150 0.004168476 -0.008305355 0.999956846 30.773075104
0.999991298 0.000329976 -0.004155368 0.707317173 -0.000296165 0.999966860 0.008134468 -0.981595397 0.004157915 -0.008133167 0.999958277 31.298122406
0.999991894 0.000217170 -0.004028146 0.718356371 -0.000185848 0.999969780 0.007774516 -0.991327882 0.004029713 -0.007773704 0.999961615 31.852458954
0.999987900 0.000107210 -0.004917591 0.725032926 -0.000066720 0.999966085 0.008233258 -1.002781749 0.004918306 -0.008232830 0.999953985 32.346904755
0.999990642 0.000687759 -0.004249739 0.720291197 -0.000654966 0.999970078 0.007712992 -1.006661177 0.004254916 -0.007710138 0.999961257 32.915473938
0.999988079 0.000362317 -0.004870445 0.722061753 -0.000323972 0.999968946 0.007871486 -1.023899794 0.004873145 -0.007869815 0.999957144 33.375732422
0.999987781 0.000491026 -0.004918215 0.727690339 -0.000448142 0.999961853 0.008716745 -1.050081491 0.004922308 -0.008714435 0.999949872 33.913143158
0.999988794 0.000598320 -0.004704677 0.733289599 -0.000559749 0.999966264 0.008195543 -1.052247167 0.004709420 -0.008192818 0.999955356 34.406639099
0.999985456 0.000445382 -0.005379068 0.744436502 -0.000401613 0.999966800 0.008135240 -1.065669537 0.005382511 -0.008132962 0.999952435 34.978557587
0.999984562 0.000648618 -0.005505804 0.748982549 -0.000605486 0.999969065 0.007832102 -1.072008133 0.005510714 -0.007828648 0.999954104 35.569591522
0.999986410 0.001078014 -0.005100595 0.741150320 -0.001034228 0.999962628 0.008579435 -1.098364472 0.005109652 -0.008574045 0.999950171 36.042480469
0.999987841 0.000635789 -0.004900794 0.736729383 -0.000593336 0.999962330 0.008658961 -1.102660894 0.004906116 -0.008655949 0.999950528 36.520561218
0.999983490 0.000242437 -0.005761229 0.750779867 -0.000192842 0.999962866 0.008607551 -1.123099208 0.005763102 -0.008606298 0.999946356 37.073982239
0.999986112 0.002100747 -0.004844878 0.763254642 -0.002059435 0.999961615 0.008516258 -1.126250029 0.004862583 -0.008506162 0.999951959 37.588390350
0.999985099 0.002281898 -0.004953476 0.741403043 -0.002238467 0.999959171 0.008755734 -1.160393715 0.004973253 -0.008744518 0.999949396 38.087917328
0.999981940 0.002207088 -0.005596441 0.805121005 -0.002160935 0.999963641 0.008239501 -1.153143883 0.005614423 -0.008227259 0.999950409 38.610519409
0.999976695 0.000475111 -0.006809989 0.823749781 -0.000419193 0.999966145 0.008210164 -1.174760103 0.006813660 -0.008207118 0.999943078 39.256904602
0.999972701 0.001434978 -0.007263714 0.808481395 -0.001385264 0.999975562 0.006844564 -1.157577157 0.007273359 -0.006834314 0.999950171 39.972480774
0.999975920 0.000513560 -0.006935931 0.840348363 -0.000456692 0.999966383 0.008198196 -1.201009631 0.006939906 -0.008194829 0.999942362 40.312187195
0.999976456 0.000614074 -0.006824544 0.834850907 -0.000557879 0.999965966 0.008233037 -1.214115381 0.006829367 -0.008229036 0.999942839 40.856483459
0.999974132 0.000674350 -0.007158656 0.849353790 -0.000617372 0.999968171 0.007958537 -1.224314928 0.007163795 -0.007953912 0.999942780 41.389869690
0.999975085 0.001041838 -0.006983001 0.864256263 -0.000983284 0.999964356 0.008383520 -1.235817432 0.006991488 -0.008376445 0.999940455 41.913040161
0.999973655 0.000690172 -0.007220623 0.871568620 -0.000625964 0.999960244 0.008890939 -1.257210612 0.007226472 -0.008886185 0.999934375 42.446769714
0.999976158 0.001022962 -0.006848013 0.873135924 -0.000964253 0.999962807 0.008570844 -1.263362408 0.006856526 -0.008564036 0.999939799 42.974914551
0.999974251 0.000448099 -0.007156075 0.881723225 -0.000385328 0.999961436 0.008770731 -1.280129075 0.007159729 -0.008767748 0.999935925 43.505077362
0.999974966 0.000927679 -0.007015978 0.886996448 -0.000868270 0.999963760 0.008465941 -1.285035491 0.007023577 -0.008459639 0.999939561 44.034618378
0.999975085 0.000854558 -0.007005730 0.901129484 -0.000796703 0.999965549 0.008256913 -1.296825171 0.007012547 -0.008251125 0.999941349 44.570404053
0.999975264 0.000602489 -0.007007510 0.904107034 -0.000542244 0.999962866 0.008595902 -1.308150411 0.007012429 -0.008591889 0.999938488 45.101993561
0.999973238 0.001320999 -0.007198410 0.927869380 -0.001260697 0.999964118 0.008375104 -1.326367021 0.007209215 -0.008365804 0.999939024 45.606975555
0.999974966 0.001342468 -0.006942329 0.923407435 -0.001283979 0.999963641 0.008422553 -1.335689068 0.006953383 -0.008413428 0.999940455 46.174770355
0.999972641 0.001658670 -0.007215247 0.934429169 -0.001598770 0.999964237 0.008299657 -1.345032930 0.007228755 -0.008287895 0.999939620 46.714035034
0.999971867 0.001334079 -0.007377065 0.940846086 -0.001269390 0.999960780 0.008766644 -1.362016559 0.007388471 -0.008757033 0.999934316 47.226181030
0.999972761 0.001240211 -0.007278042 0.953203082 -0.001176968 0.999961555 0.008687434 -1.370731950 0.007288536 -0.008678631 0.999935746 47.798000336
0.999971449 0.001409312 -0.007424425 0.956514060 -0.001344721 0.999961257 0.008697602 -1.383348703 0.007436393 -0.008687370 0.999934614 48.312705994
0.999971807 0.001597289 -0.007328788 0.967325509 -0.001533188 0.999960601 0.008743736 -1.398309231 0.007342465 -0.008732254 0.999934912 48.847396851
0.999970973 0.001438393 -0.007485591 0.970405459 -0.001371459 0.999959111 0.008939243 -1.409968853 0.007498141 -0.008928717 0.999931991 49.371894836
0.999971867 0.001408824 -0.007382520 0.973978817 -0.001342149 0.999958336 0.009028604 -1.426740646 0.007394935 -0.009018441 0.999931991 49.908020020
0.999971211 0.001772631 -0.007381872 0.975039542 -0.001706642 0.999958634 0.008936099 -1.433515072 0.007397407 -0.008923243 0.999932826 50.453392029
0.999971032 0.001731325 -0.007414530 0.980584621 -0.001663128 0.999956369 0.009194128 -1.445054531 0.007430125 -0.009181530 0.999930263 50.981891632
0.999973655 0.001948820 -0.006983404 0.978214145 -0.001885454 0.999957085 0.009068811 -1.458236337 0.007000777 -0.009055407 0.999934494 51.490337372
0.999972463 0.002020492 -0.007158971 0.994687557 -0.001953586 0.999954402 0.009340450 -1.469041348 0.007177520 -0.009326206 0.999930739 52.025299072
0.999972463 0.001788410 -0.007212720 0.995087147 -0.001721524 0.999955535 0.009268911 -1.482357025 0.007228976 -0.009256238 0.999931037 52.569915771
0.999979556 0.002193155 -0.005998939 0.967395663 -0.002135370 0.999951363 0.009621889 -1.506588101 0.006019750 -0.009608882 0.999935687 53.070285797
0.999979734 0.002934447 -0.005661299 0.957917690 -0.002877223 0.999944866 0.010089943 -1.523518324 0.005690596 -0.010073448 0.999933064 53.589992523
0.999977410 0.002567165 -0.006207254 0.991418421 -0.002510361 0.999954998 0.009141998 -1.519604087 0.006230443 -0.009126209 0.999938965 54.121803284
0.999977291 0.002686364 -0.006170030 0.942825496 -0.002628850 0.999953151 0.009310935 -1.516320944 0.006194754 -0.009294503 0.999937534 54.826854706
0.999976814 0.002599847 -0.006292704 1.000275612 -0.002542921 0.999955893 0.009037448 -1.541900992 0.006315922 -0.009021236 0.999939382 55.210632324
0.999975145 0.001887471 -0.006788137 1.022554636 -0.001823094 0.999953449 0.009477381 -1.557078123 0.006805708 -0.009464769 0.999932051 55.687492371
0.999975741 0.002501382 -0.006501148 1.024232268 -0.002437579 0.999948919 0.009803553 -1.567716599 0.006525339 -0.009787465 0.999930799 56.218677521
0.999970675 0.002564478 -0.007211072 1.015639901 -0.002494548 0.999949932 0.009689921 -1.564184308 0.007235561 -0.009671649 0.999927044 56.831108093
0.999977469 0.002430687 -0.006256133 1.034382820 -0.002367962 0.999947071 0.010014027 -1.598103285 0.006280142 -0.009998988 0.999930203 57.282413483
0.999978423 0.002516360 -0.006070738 1.039471626 -0.002454713 0.999945581 0.010140921 -1.609375954 0.006095926 -0.010125801 0.999930084 57.812324524
0.999976873 0.002459994 -0.006338994 1.047391534 -0.002397180 0.999948144 0.009897746 -1.616336346 0.006363014 -0.009882322 0.999930918 58.352005005
0.999978781 0.002667775 -0.005940537 1.055567622 -0.002605844 0.999942422 0.010408646 -1.633584499 0.005967962 -0.010392945 0.999928236 58.890911102
0.999978065 0.002526551 -0.006117823 1.066441178 -0.002462501 0.999942303 0.010454156 -1.641012430 0.006143884 -0.010438863 0.999926567 59.397201538
0.999978304 0.002324121 -0.006167667 1.083741903 -0.002260536 0.999944508 0.010296302 -1.646468282 0.006191255 -0.010282136 0.999927938 60.005088806
0.999975145 0.002479122 -0.006599318 1.103194356 -0.002410712 0.999943495 0.010354181 -1.666479349 0.006624614 -0.010338016 0.999924600 60.486152649
0.999973118 0.001749273 -0.007120036 1.140506506 -0.001671611 0.999939144 0.010898881 -1.693475485 0.007138669 -0.010886687 0.999915183 61.028282166
0.999970973 0.001834991 -0.007398538 1.204619169 -0.001766571 0.999955714 0.009243703 -1.634439230 0.007415173 -0.009230364 0.999929845 61.606273651
0.999963880 0.003303093 -0.007834458 1.246657848 -0.003232121 0.999953806 0.009054292 -1.627341390 0.007864002 -0.009028642 0.999928355 62.122920990
0.999965250 0.003425938 -0.007598604 1.277025938 -0.003345595 0.999938607 0.010560951 -1.718853831 0.007634318 -0.010535164 0.999915302 62.714340210
0.999966562 0.004041779 -0.007109978 1.304195046 -0.003965546 0.999934793 0.010703671 -1.706752300 0.007152777 -0.010675118 0.999917328 63.259944916
0.999970019 0.003098750 -0.007097880 1.220824122 -0.003019590 0.999933541 0.011136392 -1.736291885 0.007131917 -0.011114629 0.999912798 63.538299561
0.999975026 0.002869736 -0.006452268 1.200841069 -0.002804603 0.999945343 0.010080930 -1.735351562 0.006480844 -0.010062581 0.999928355 64.007064819
0.999975264 0.002483817 -0.006572020 1.222670436 -0.002419786 0.999949694 0.009733006 -1.741965532 0.006595863 -0.009716861 0.999930978 64.562751770
0.999977767 0.002150010 -0.006318098 1.214811087 -0.002090173 0.999953091 0.009462172 -1.753395081 0.006338145 -0.009448755 0.999935269 65.085716248
0.999974787 0.002177604 -0.006773485 1.232878089 -0.002107168 0.999943733 0.010388502 -1.773418784 0.006795727 -0.010373968 0.999923110 65.552398682
0.999977112 0.004444856 -0.005100846 1.199467659 -0.004393481 0.999939978 0.010039379 -1.767650366 0.005145164 -0.010016738 0.999936521 66.159889221
0.999976099 0.002582037 -0.006401400 1.249302864 -0.002517194 0.999945641 0.010116886 -1.789932013 0.006427174 -0.010100531 0.999928296 66.591316223
0.999975741 0.002739275 -0.006391459 1.262864828 -0.002675331 0.999946475 0.009991822 -1.805858850 0.006418487 -0.009974482 0.999929607 67.131790161
0.999972045 0.002199381 -0.007138497 1.283567309 -0.002123530 0.999941409 0.010615929 -1.816618204 0.007161426 -0.010600476 0.999918103 67.670410156
0.999972820 0.002250021 -0.007023926 1.286322594 -0.002176855 0.999943435 0.010407029 -1.830883026 0.007046945 -0.010391455 0.999921203 68.126304626
0.999974728 0.002234700 -0.006762553 1.298420191 -0.002164146 0.999943435 0.010422335 -1.843928456 0.006785460 -0.010407436 0.999922812 68.637931824
0.999973357 0.001796303 -0.007062809 1.300810933 -0.001722266 0.999943674 0.010474737 -1.850923777 0.007081226 -0.010462295 0.999920189 69.178466797
0.999974430 0.002098793 -0.006838961 1.321549535 -0.002026445 0.999942124 0.010568575 -1.875298023 0.006860747 -0.010554445 0.999920785 69.664184570
0.999975026 0.002444432 -0.006635575 1.328584671 -0.002373776 0.999940634 0.010635134 -1.887373328 0.006661178 -0.010619117 0.999921441 70.165267944
0.999975801 0.002576375 -0.006477369 1.332981348 -0.002508056 0.999941349 0.010533612 -1.898270845 0.006504128 -0.010517110 0.999923587 70.711639404
0.999974251 0.002646271 -0.006674863 1.357702494 -0.002573970 0.999938130 0.010817186 -1.914733648 0.006703076 -0.010799726 0.999919176 71.226524353
0.999975264 0.002638365 -0.006515563 1.365701795 -0.002566209 0.999935567 0.011058128 -1.925424576 0.006544319 -0.011041135 0.999917626 71.767860413
0.999975204 0.002375851 -0.006616660 1.372844696 -0.002303369 0.999937475 0.010940619 -1.936335325 0.006642239 -0.010925108 0.999918282 72.323928833
0.999976814 0.002759943 -0.006222326 1.377645254 -0.002689692 0.999932826 0.011270341 -1.950280905 0.006253013 -0.011253346 0.999917150 72.873413086
0.999974787 0.002390419 -0.006683339 1.396435022 -0.002316311 0.999935985 0.011074243 -1.962778568 0.006709385 -0.011058481 0.999916315 73.383880615
0.999975026 0.002039206 -0.006757256 1.410022259 -0.001963903 0.999936044 0.011132087 -1.972589254 0.006779524 -0.011118539 0.999915183 73.905006409
0.999974012 0.002112871 -0.006886782 1.436537623 -0.002031883 0.999928892 0.011745625 -1.990205526 0.006911109 -0.011731328 0.999907255 74.414672852
0.999973893 0.002023607 -0.006925136 1.428317070 -0.001945424 0.999934494 0.011277997 -1.994848728 0.006947505 -0.011264230 0.999912381 74.936058044
0.999972999 0.002255604 -0.006990510 1.443279982 -0.002177859 0.999935865 0.011109182 -2.006776333 0.007015122 -0.011093657 0.999913871 75.471549988
0.999974072 0.002557385 -0.006738258 1.447561502 -0.002483267 0.999936521 0.010985040 -2.013091803 0.006765924 -0.010968020 0.999917030 76.030525208
0.999970853 0.001899223 -0.007392453 1.463595629 -0.001816315 0.999935567 0.011205784 -2.028239727 0.007413259 -0.011192030 0.999909878 76.554672241
0.999972582 0.001629457 -0.007220895 1.478931189 -0.001547182 0.999934018 0.011384973 -2.041867733 0.007238968 -0.011373491 0.999909103 77.078750610
0.999973357 0.002518870 -0.006846569 1.480374813 -0.002441449 0.999933243 0.011292917 -2.053026676 0.006874559 -0.011275901 0.999912798 77.625198364
0.999975026 0.002672109 -0.006545143 1.490122199 -0.002602834 0.999940753 0.010569875 -2.062703133 0.006573000 -0.010552574 0.999922633 78.184158325
0.999982953 0.002668485 -0.005188479 1.502231836 -0.002611800 0.999937117 0.010901303 -2.074331045 0.005217243 -0.010887565 0.999927104 78.723831177
0.999988139 0.003392547 -0.003501702 1.513464928 -0.003353832 0.999933839 0.011003458 -2.092300892 0.003538801 -0.010991584 0.999933243 79.250534058
0.999991238 0.003593639 -0.002152964 1.520844221 -0.003569558 0.999932110 0.011086592 -2.107646465 0.002192659 -0.011078808 0.999936223 79.792694092
0.999992013 0.003921032 -0.000788395 1.528974295 -0.003912383 0.999935210 0.010688305 -2.113307476 0.000830254 -0.010685134 0.999942482 80.344635010
0.999991417 0.003714825 0.001807169 1.554807067 -0.003734014 0.999935448 0.010733469 -2.132640600 -0.001767179 -0.010740125 0.999940693 80.869453430
0.999977648 0.003472793 0.005699003 1.568584681 -0.003534833 0.999934137 0.010912432 -2.142118454 -0.005660731 -0.010932334 0.999924183 81.401466370
0.999966085 0.002831105 0.007734248 1.597673655 -0.002916396 0.999934912 0.011038676 -2.150846958 -0.007702492 -0.011060860 0.999909163 81.911125183
0.999918163 0.003181743 0.012393473 1.623233199 -0.003311508 0.999939680 0.010463938 -2.152545929 -0.012359435 -0.010504121 0.999868453 82.479553223
0.999821663 0.004282609 0.018388774 1.657500625 -0.004490734 0.999926150 0.011291754 -2.206091166 -0.018339060 -0.011372318 0.999767184 82.949691772
0.999701917 0.003689583 0.024131529 1.676038742 -0.003930478 0.999942839 0.009942797 -2.186104536 -0.024093464 -0.010034682 0.999659359 83.461181641
0.999566436 0.002297280 0.029354839 1.696765423 -0.002616909 0.999937654 0.010854674 -2.222074986 -0.029328076 -0.010926784 0.999510109 84.117218018
0.999341309 0.000919419 0.036276940 1.780013800 -0.001292627 0.999946475 0.010265663 -2.246169806 -0.036265559 -0.010305793 0.999289095 84.463844299
0.998963535 0.001959137 0.045474913 1.801269770 -0.002457279 0.999937594 0.010900888 -2.269528866 -0.045450721 -0.011001337 0.998905957 85.173782349
0.998646021 0.000982448 0.052011501 1.869886875 -0.001560155 0.999937475 0.011067853 -2.281598806 -0.051997371 -0.011134012 0.998585284 85.672027588
0.998144984 0.001152958 0.060870145 1.924438953 -0.001777330 0.999946356 0.010204289 -2.290760279 -0.060855113 -0.010293547 0.998093486 86.253395081
0.997480810 0.001237456 0.070925452 1.996174335 -0.002008255 0.999939680 0.010797459 -2.313535213 -0.070907801 -0.010912695 0.997423172 86.787513733
0.996803164 0.001394884 0.079884358 2.044856071 -0.002280320 0.999936938 0.010993814 -2.330044746 -0.079863980 -0.011140832 0.996743441 87.310112000
0.996146619 0.000278223 0.087702431 2.130509853 -0.001225026 0.999941528 0.010741986 -2.345830441 -0.087694332 -0.010808032 0.996088743 87.830932617
0.995156825 -0.000282419 0.098299824 2.206972122 -0.000764208 0.999943435 0.010609474 -2.357129574 -0.098297268 -0.010633211 0.995100200 88.352699280
0.994049847 0.000280412 0.108925991 2.286801815 -0.001486990 0.999938428 0.010995972 -2.365314722 -0.108916186 -0.011092515 0.993989050 88.921371460
0.992985189 -0.000124733 0.118239649 2.371754646 -0.001194196 0.999937773 0.011083788 -2.381085396 -0.118233711 -0.011147236 0.992923200 89.462333679
0.991637111 0.000035065 0.129056543 2.469408989 -0.001496973 0.999935806 0.011230670 -2.388737202 -0.129047856 -0.011329946 0.991573632 90.002517700
0.989967346 -0.000200254 0.141295612 2.567492485 -0.001310918 0.999943078 0.010601943 -2.395449877 -0.141289681 -0.010680807 0.989910662 90.538978577
0.988347590 -0.000078783 0.152213231 2.673439026 -0.001539194 0.999943495 0.010511816 -2.409287453 -0.152205452 -0.010623614 0.988291800 91.090187073
0.986886740 -0.000912703 0.161412239 2.783999443 -0.000819191 0.999942839 0.010662752 -2.415015697 -0.161412776 -0.010655155 0.986829460 91.633148193
0.984862804 -0.001544937 0.173328951 2.906362534 -0.000246820 0.999946773 0.010315293 -2.428330898 -0.173335657 -0.010201927 0.984809995 92.168357849
0.982603252 -0.001927632 0.185707167 3.029437065 0.000049629 0.999948740 0.010116830 -2.433259726 -0.185717165 -0.009931614 0.982553065 92.723205566
0.980462611 -0.001780569 0.196698099 3.171500206 -0.000213081 0.999948859 0.010113959 -2.448657751 -0.196706086 -0.009958270 0.980411887 93.264328003
0.977757692 -0.002328546 0.209724650 3.320833206 0.000265114 0.999951243 0.009866340 -2.456544876 -0.209737435 -0.009591290 0.977710664 93.822029114
0.974754751 -0.002695995 0.223261699 3.464296341 0.000439732 0.999948323 0.010155009 -2.475357294 -0.223277494 -0.009800469 0.974705637 94.364624023
0.972104728 -0.002971459 0.234528288 3.617782593 0.000558526 0.999946177 0.010354202 -2.488796234 -0.234546453 -0.009934380 0.972054124 94.898506165
0.969165504 -0.004355599 0.246372119 3.809141159 0.001854068 0.999944389 0.010384527 -2.505280256 -0.246403649 -0.009607535 0.969119668 95.446121216
0.965571344 -0.004243487 0.260103524 3.985288620 0.001523465 0.999942064 0.010658161 -2.515149117 -0.260133684 -0.009894957 0.965521812 95.981208801
0.962184370 -0.005202395 0.272349179 4.173118591 0.002448205 0.999942362 0.010451548 -2.526850939 -0.272387832 -0.009389549 0.962141693 96.505218506
0.959240794 -0.007594901 0.282487690 4.380701065 0.004955529 0.999937177 0.010056635 -2.537801743 -0.282546282 -0.008246860 0.959218204 97.030830383
0.954699099 -0.005167142 0.297528058 4.551067352 0.002198505 0.999944389 0.010311446 -2.550408363 -0.297564805 -0.009190211 0.954657376 97.539604187
0.950277805 -0.005732189 0.311350703 4.751449585 0.002462131 0.999937594 0.010894863 -2.568802357 -0.311393738 -0.009586560 0.950232625 98.049133301
0.946477175 -0.006089519 0.322713166 4.959659576 0.002685699 0.999935985 0.010991727 -2.578765869 -0.322759449 -0.009536709 0.946432889 98.572708130
0.941774011 -0.005766426 0.336197108 5.157850266 0.002146762 0.999935687 0.011137191 -2.594197035 -0.336239696 -0.009766980 0.941725791 99.086608887
0.936671615 -0.005641394 0.350163579 5.377502441 0.001884124 0.999936938 0.011069777 -2.599160671 -0.350203961 -0.009708992 0.936623156 99.606994629
0.931974292 -0.006569831 0.362464786 5.597490311 0.002505477 0.999928653 0.011682017 -2.614787817 -0.362515658 -0.009979194 0.931924224 100.101226807
0.927392483 -0.006255309 0.374037534 5.825859070 0.002187490 0.999933779 0.011298951 -2.623569489 -0.374083459 -0.009660359 0.927344680 100.617691040
0.921537161 -0.006490707 0.388235897 6.063537598 0.002291365 0.999933779 0.011278451 -2.629380226 -0.388283402 -0.009503921 0.921490967 101.122940063
0.916219413 -0.007451276 0.400607556 6.306823730 0.003078205 0.999928594 0.011558520 -2.641250372 -0.400665075 -0.009356989 0.916176796 101.612663269
0.911372304 -0.007506182 0.411514461 6.542030334 0.003094774 0.999930382 0.011385180 -2.649638414 -0.411571264 -0.009102597 0.911332130 102.096191406
0.905864835 -0.008163527 0.423488170 6.802253723 0.003401803 0.999922276 0.011998723 -2.663822651 -0.423553199 -0.009428600 0.905822158 102.571365356
0.899222255 -0.008286318 0.437413603 7.061500549 0.003600263 0.999926865 0.011541196 -2.669761181 -0.437477291 -0.008803296 0.899186313 103.066207886
0.893458784 -0.010027029 0.449033439 7.344985962 0.005027610 0.999911427 0.012324643 -2.686692715 -0.449117362 -0.008753995 0.893429935 103.566978455
0.887932539 -0.010300048 0.459858328 7.617725372 0.005307362 0.999912143 0.012148441 -2.697973490 -0.459943026 -0.008346362 0.887909114 104.024551392
0.880731583 -0.010300695 0.473503768 7.903766632 0.005153098 0.999912679 0.012167378 -2.710217714 -0.473587751 -0.008276185 0.880707741 104.492881775
0.873926759 -0.011025093 0.485932589 8.202781677 0.005809384 0.999908209 0.012238539 -2.720189333 -0.486022949 -0.007872615 0.873910606 104.949966431
