1.000000000 0.000000000 0.000000000 0.000000000 0.000000000 1.000000000 0.000000000 0.000000000 0.000000000 0.000000000 1.000000000 0.000000000
1.000000000 -0.000061401 -0.000205245 0.004820712 0.000061433 1.000000000 0.000158230 -0.003775806 0.000205236 -0.000158242 0.999999940 -0.003902777
1.000000000 0.000038432 0.000004710 0.000810085 -0.000038432 1.000000000 0.000072088 -0.002749519 -0.000004708 -0.000072089 1.000000000 -0.003182133
1.000000000 -0.000109214 -0.000149468 0.006436829 0.000109242 1.000000000 0.000186138 -0.003009017 0.000149448 -0.000186155 1.000000000 -0.004514684
1.000000000 -0.000043146 -0.000053451 0.000914185 0.000043149 1.000000000 0.000041331 -0.000471681 0.000053449 -0.000041333 1.000000000 0.000131406
1.000000000 -0.000024102 0.000063924 -0.000664274 0.000024102 1.000000000 0.000002475 -0.001741645 -0.000063924 -0.000002473 1.000000000 -0.001524516
1.000000000 -0.000089059 -0.000134092 0.004899734 0.000089082 1.000000000 0.000174998 -0.003242737 0.000134076 -0.000175010 1.000000000 -0.007160753
1.000000000 -0.000128950 -0.000047436 -0.000553397 0.000128952 1.000000000 0.000055805 0.000045348 0.000047429 -0.000055811 1.000000000 0.000671733
1.000000000 0.000007014 -0.000086617 0.002565704 -0.000007006 1.000000000 0.000090802 -0.003428844 0.000086618 -0.000090801 1.000000000 -0.009062939
1.000000000 0.000025979 0.000037007 0.000638671 -0.000025982 1.000000000 0.000103675 -0.002689158 -0.000037004 -0.000103676 1.000000000 -0.005615945
1.000000000 0.000117634 0.000088675 -0.001165543 -0.000117638 1.000000000 0.000047557 -0.000962354 -0.000088670 -0.000047568 1.000000000 -0.005089612
1.000000000 -0.000107185 -0.000023933 -0.000487123 0.000107188 1.000000000 0.000090338 -0.003833016 0.000023923 -0.000090340 1.000000000 -0.008571896
1.000000000 -0.000066458 -0.000006926 0.000308681 0.000066458 1.000000000 0.000061627 -0.001842609 0.000006921 -0.000061627 1.000000000 -0.006265099
1.000000000 -0.000072841 -0.000014280 0.000530849 0.000072843 1.000000000 0.000100308 -0.002152365 0.000014273 -0.000100309 1.000000000 -0.005969065
0.999999940 -0.000232637 -0.000080764 0.001441957 0.000232653 0.999999940 0.000195193 -0.002576108 0.000080719 -0.000195212 1.000000000 -0.008140924
0.999999940 -0.000265233 -0.000106749 -0.000707313 0.000265247 0.999999940 0.000133283 -0.002911684 0.000106713 -0.000133311 1.000000000 -0.009032249
1.000000000 -0.000168061 0.000023758 0.000018837 0.000168060 1.000000000 0.000052555 -0.001159553 -0.000023767 -0.000052551 1.000000000 -0.008026651
1.000000000 0.000055171 0.000003131 0.001979814 -0.000055171 1.000000000 0.000182025 -0.003531673 -0.000003121 -0.000182026 1.000000000 -0.011520544
1.000000000 -0.000218330 -0.000069557 0.001862419 0.000218341 0.999999940 0.000156392 -0.004817246 0.000069523 -0.000156407 1.000000000 -0.010225340
1.000000000 -0.000218607 -0.000047121 0.002370836 0.000218613 0.999999940 0.000125419 -0.005360287 0.000047094 -0.000125429 1.000000000 -0.012273389
1.000000000 -0.000066824 -0.000039083 0.002937978 0.000066833 0.999999940 0.000241825 -0.005716879 0.000039067 -0.000241827 0.999999940 -0.013901236
1.000000000 0.000028431 0.000051075 -0.000536824 -0.000028436 1.000000000 0.000110311 -0.001125376 -0.000051072 -0.000110312 1.000000000 -0.006646098
0.999999940 -0.000214138 -0.000155235 0.004670278 0.000214164 0.999999940 0.000166409 -0.003488517 0.000155199 -0.000166442 1.000000000 -0.012875405
1.000000000 -0.000203911 -0.000098912 0.003063809 0.000203937 0.999999940 0.000262968 -0.004578634 0.000098859 -0.000262988 0.999999940 -0.010418382
1.000000000 -0.000073351 -0.000135384 0.006006349 0.000073378 1.000000000 0.000201857 -0.003436703 0.000135369 -0.000201867 1.000000000 -0.015837692
1.000000000 -0.000082929 -0.000044833 0.000837615 0.000082938 1.000000000 0.000203549 -0.003205742 0.000044816 -0.000203552 1.000000000 -0.013685844
1.000000000 -0.000084327 -0.000014586 -0.001579755 0.000084330 1.000000000 0.000205217 -0.004851476 0.000014569 -0.000205218 1.000000000 -0.015341662
1.000000000 -0.000077506 -0.000002081 -0.001211797 0.000077507 1.000000000 0.000193760 -0.003259165 0.000002066 -0.000193760 1.000000000 -0.009566058
0.999999940 -0.000251395 -0.000154410 -0.000138944 0.000251416 0.999999940 0.000133835 0.000313435 0.000154377 -0.000133874 1.000000000 -0.007393985
1.000000000 -0.000130881 -0.000108425 0.001748393 0.000130903 1.000000000 0.000201147 -0.002465964 0.000108398 -0.000201161 1.000000000 -0.009573158
1.000000000 -0.000139950 0.000022690 -0.001272299 0.000139947 1.000000000 0.000123537 -0.001620205 -0.000022707 -0.000123534 1.000000000 -0.003076995
0.999999940 -0.000240641 -0.000093064 -0.001654801 0.000240662 0.999999940 0.000230219 -0.002710946 0.000093009 -0.000230241 0.999999940 -0.009521071
0.999999940 -0.000192371 -0.000157541 0.002246861 0.000192412 0.999999940 0.000261001 -0.003629495 0.000157491 -0.000261032 0.999999940 -0.014249777
1.000000000 -0.000023868 -0.000121052 -0.000081819 0.000023879 1.000000000 0.000089499 -0.001006836 0.000121050 -0.000089502 1.000000000 -0.005749980
1.000000000 -0.000098331 -0.000069885 -0.001067963 0.000098337 1.000000000 0.000080589 -0.000761130 0.000069878 -0.000080596 1.000000000 -0.007094809
1.000000000 -0.000186530 -0.000066469 -0.001719641 0.000186529 1.000000000 -0.000009484 0.000286620 0.000066470 0.000009471 1.000000000 -0.010797317
0.999999940 -0.000263876 -0.000203436 0.003646416 0.000263891 0.999999940 0.000071883 -0.001097981 0.000203417 -0.000071937 1.000000000 -0.009773077
1.000000000 -0.000216725 -0.000045548 0.000747159 0.000216727 1.000000000 0.000037762 0.000177689 0.000045540 -0.000037771 1.000000000 -0.008466064
1.000000000 -0.000088158 -0.000116498 0.002367164 0.000088197 0.999999940 0.000340308 -0.003435007 0.000116468 -0.000340318 0.999999940 -0.018562324
0.999999940 -0.000251596 -0.000239029 0.004824072 0.000251638 0.999999940 0.000176255 -0.005790842 0.000238984 -0.000176315 0.999999940 -0.006403998
1.000000000 -0.000062245 -0.000182515 0.008529575 0.000062168 0.999999881 -0.000424169 -0.008934600 0.000182541 0.000424157 0.999999881 0.041492850
1.000000000 -0.000036234 -0.000186800 0.008140570 0.000035988 0.999999106 -0.001317289 -0.003201250 0.000186848 0.001317282 0.999999106 0.144050777
1.000000000 -0.000057601 -0.000054069 0.004710405 0.000057527 0.999999046 -0.001374956 -0.010771332 0.000054148 0.001374953 0.999999046 0.263744473
0.999999940 -0.000312304 0.000199418 0.001691182 0.000312545 0.999999225 -0.001212064 -0.016560841 -0.000199039 0.001212127 0.999999225 0.384390026
1.000000000 0.000159395 -0.000018192 0.005675634 -0.000159415 0.999999344 -0.001130598 -0.022115670 0.000018012 0.001130601 0.999999344 0.534838319
1.000000000 0.000108741 0.000036569 0.016843755 -0.000108699 0.999999344 -0.001162285 -0.026032019 -0.000036695 0.001162281 0.999999344 0.681291580
0.999999940 0.000087856 0.000229516 0.026819566 -0.000087683 0.999999702 -0.000752907 -0.035528105 -0.000229582 0.000752887 0.999999702 0.853789389
1.000000000 -0.000090719 0.000152536 0.022825472 0.000090802 0.999999821 -0.000544262 -0.038905334 -0.000152487 0.000544276 0.999999821 1.022763848
0.999999821 0.000233457 0.000587486 0.011400200 -0.000233034 0.999999702 -0.000718472 -0.039214108 -0.000587654 0.000718335 0.999999583 1.204841971
0.999999940 -0.000080581 0.000248103 0.034770608 0.000080676 0.999999940 -0.000381554 -0.052274853 -0.000248072 0.000381574 0.999999881 1.419849396
0.999999881 0.000176407 0.000396675 0.035143763 -0.000176128 0.999999762 -0.000701893 -0.056196745 -0.000396799 0.000701823 0.999999702 1.636455536
0.999999821 0.000315553 0.000556042 0.042692818 -0.000315436 0.999999940 -0.000209842 -0.069333233 -0.000556109 0.000209666 0.999999821 1.819666862
0.999996424 -0.002672001 0.000135654 0.028924471 0.002671713 0.999994278 0.002083093 -0.089394547 -0.000141219 -0.002082723 0.999997795 1.871369243
0.999997377 -0.002178932 0.000670667 0.031552944 0.002177676 0.999995947 0.001867673 -0.094501473 -0.000674734 -0.001866207 0.999998033 2.096003294
0.999998331 -0.001682008 0.000714144 0.030326944 0.001680674 0.999996841 0.001864483 -0.094948635 -0.000717278 -0.001863280 0.999997973 2.306079865
0.999997318 -0.002340222 0.000301546 0.037790839 0.002339641 0.999995410 0.001910948 -0.109215297 -0.000306017 -0.001910237 0.999998152 2.545847654
0.999997675 -0.002056938 0.000603429 0.039889842 0.002055621 0.999995470 0.002174408 -0.114240259 -0.000607899 -0.002173162 0.999997497 2.782011271
0.999997735 -0.002062914 0.000489422 0.052032474 0.002061880 0.999995649 0.002104988 -0.119967185 -0.000493763 -0.002103974 0.999997675 3.011033535
0.999997437 -0.002138224 0.000663362 0.045929704 0.002136907 0.999995708 0.001980779 -0.122148290 -0.000667595 -0.001979356 0.999997854 3.275351048
0.999995828 -0.002857960 0.000421839 0.052295994 0.002856839 0.999992549 0.002633054 -0.146761551 -0.000429361 -0.002631839 0.999996364 3.478871107
0.999997258 -0.002381228 0.000153510 0.059716549 0.002380811 0.999993563 0.002667948 -0.149942636 -0.000159862 -0.002667576 0.999996364 3.721237898
0.999994993 -0.003149043 -0.000059369 0.075431019 0.003149192 0.999991357 0.002691861 -0.157138273 0.000050892 -0.002692034 0.999996364 4.003920078
0.999996841 -0.002502932 0.000274484 0.073120914 0.002502092 0.999992251 0.003020299 -0.163511351 -0.000282042 -0.003019603 0.999995410 4.267033100
0.999994576 -0.003274172 -0.000089557 0.072672270 0.003274429 0.999990106 0.003050674 -0.182477951 0.000079568 -0.003050952 0.999995351 4.482625961
0.999994636 -0.003265666 0.000059625 0.081179835 0.003265447 0.999989033 0.003356433 -0.193492860 -0.000070585 -0.003356220 0.999994397 4.742296219
0.999995708 -0.002926878 0.000401315 0.079515345 0.002925694 0.999991536 0.002919404 -0.192740783 -0.000409856 -0.002918218 0.999995589 5.008442879
0.999993861 -0.003500759 0.000003208 0.076368466 0.003500728 0.999988139 0.003378610 -0.211514890 -0.000015035 -0.003378578 0.999994218 5.268792629
0.999994516 -0.003302486 0.000256049 0.082717091 0.003301682 0.999989808 0.003081708 -0.211211696 -0.000266223 -0.003080846 0.999995172 5.552344322
0.999992669 -0.003824329 0.000184026 0.090674974 0.003823667 0.999986649 0.003473895 -0.225943312 -0.000197309 -0.003473166 0.999993980 5.819280624
0.999993563 -0.003593028 0.000313763 0.091389306 0.003591948 0.999987841 0.003379320 -0.230173379 -0.000325901 -0.003378171 0.999994218 6.095287323
0.999992728 -0.003799954 0.000289529 0.090085633 0.003798945 0.999986947 0.003409802 -0.249493629 -0.000302482 -0.003408677 0.999994099 6.355759144
0.999994457 -0.003269318 0.000586827 0.090989694 0.003267373 0.999989212 0.003285572 -0.257643789 -0.000597563 -0.003283637 0.999994457 6.644332409
0.999993622 -0.003461249 0.000866733 0.098356768 0.003458197 0.999987900 0.003498582 -0.262629747 -0.000878832 -0.003495562 0.999993563 6.955769062
0.999993443 -0.003600460 0.000402646 0.116289407 0.003598987 0.999987006 0.003600239 -0.275570810 -0.000415603 -0.003598765 0.999993503 7.245521545
0.999994099 -0.003277998 0.000969723 0.114164107 0.003274501 0.999988139 0.003586750 -0.283938378 -0.000981470 -0.003583553 0.999993145 7.560162544
0.999994695 -0.003218278 0.000361836 0.108404867 0.003216758 0.999986470 0.004121509 -0.313529849 -0.000375095 -0.004120324 0.999991417 7.844983101
0.999993622 -0.003459108 0.000847404 0.109079264 0.003455843 0.999986768 0.003824238 -0.314636648 -0.000860621 -0.003821285 0.999992371 8.174313545
0.999993205 -0.003676931 0.000169676 0.123943336 0.003676215 0.999985039 0.004043619 -0.323356271 -0.000184541 -0.004042968 0.999991775 8.492723465
0.999989629 -0.004568837 -0.000058470 0.129868090 0.004569035 0.999981582 0.004009227 -0.332350820 0.000040152 -0.004009452 0.999991894 8.833781242
0.999992371 -0.003905355 0.000217857 0.138426706 0.003904487 0.999984920 0.003855055 -0.334280014 -0.000232909 -0.003854175 0.999992430 9.195968628
0.999985516 -0.005372397 -0.000014291 0.140918598 0.005372404 0.999973893 0.004814841 -0.382299930 -0.000011577 -0.004814848 0.999988437 9.485359192
0.999987006 -0.005095562 -0.000163519 0.151408792 0.005096280 0.999975801 0.004739909 -0.392299205 0.000139363 -0.004740681 0.999988794 9.830478668
0.999989152 -0.004646837 0.000204169 0.146392494 0.004645796 0.999977469 0.004835375 -0.404271871 -0.000226634 -0.004834375 0.999988258 10.197443008
0.999987602 -0.004962740 0.000331713 0.148352101 0.004961004 0.999974966 0.005042332 -0.409949273 -0.000356729 -0.005040624 0.999987245 10.570442200
0.999989510 -0.004562526 0.000390101 0.162452415 0.004560513 0.999976993 0.005012868 -0.411810637 -0.000412963 -0.005011036 0.999987364 10.970232010
0.999986768 -0.005129686 0.000334649 0.167946771 0.005128049 0.999975741 0.004721257 -0.432649851 -0.000358859 -0.004719479 0.999988854 11.340021133
0.999974668 -0.007086293 -0.000541184 0.165798649 0.007089009 0.999961317 0.005192720 -0.477549374 0.000504365 -0.005196425 0.999986351 11.644455910
0.999974430 -0.007105987 -0.000791639 0.177778065 0.007110361 0.999958634 0.005667828 -0.489536583 0.000751331 -0.005673313 0.999983549 12.029492378
0.999978602 -0.006530608 -0.000312318 0.187813550 0.006532322 0.999961555 0.005846833 -0.502261639 0.000274123 -0.005848749 0.999982834 12.411643982
0.999971807 -0.007459560 -0.000872479 0.212016821 0.007464545 0.999954998 0.005856230 -0.507419109 0.000828755 -0.005862579 0.999982417 12.814953804
0.999972701 -0.007366272 -0.000650733 0.212488219 0.007369925 0.999956071 0.005801473 -0.518910527 0.000607969 -0.005806111 0.999982893 13.180169106
0.999981225 -0.006122753 0.000052857 0.217560619 0.006122311 0.999962211 0.006176766 -0.527929008 -0.000090674 -0.006176327 0.999980927 13.602910995
0.999980807 -0.006196139 0.000018179 0.219675183 0.006195890 0.999959648 0.006501456 -0.568606734 -0.000058462 -0.006501220 0.999978840 14.024906158
0.999960184 -0.008919736 -0.000180699 0.214539751 0.008920759 0.999937057 0.006792957 -0.649853468 0.000120097 -0.006794298 0.999976933 14.482417107
0.999959826 -0.008968067 0.000147446 0.226651624 0.008966767 0.999933660 0.007229254 -0.664067030 -0.000212268 -0.007227641 0.999973834 14.885425568
0.999952912 -0.009700568 -0.000283126 0.241430506 0.009702374 0.999926388 0.007286455 -0.672613025 0.000212422 -0.007288859 0.999973416 15.314286232
0.999964356 -0.008403176 0.000752751 0.237291902 0.008397298 0.999936640 0.007496794 -0.694742024 -0.000815701 -0.007490207 0.999971688 15.722276688
0.999971569 -0.007355630 0.001616462 0.219145879 0.007342422 0.999940872 0.008030044 -0.712703764 -0.001675432 -0.008017948 0.999966443 16.199100494
0.999960899 -0.008674054 0.001723266 0.253502369 0.008661420 0.999936581 0.007208514 -0.712457776 -0.001785684 -0.007193307 0.999972522 16.741189957
0.999962687 -0.008475822 0.001659467 0.248873591 0.008464483 0.999941528 0.006725205 -0.699378073 -0.001716372 -0.006710908 0.999976039 17.126234055
0.999974370 -0.006780952 0.002310669 0.273437500 0.006764125 0.999951124 0.007213819 -0.723317027 -0.002359472 -0.007198005 0.999971390 17.638893127
0.999916792 -0.012886113 -0.000555513 0.306388110 0.012890669 0.999874830 0.009175790 -0.865735948 0.000437202 -0.009182187 0.999957740 18.015455246
0.999907851 -0.013571709 0.000222016 0.319212735 0.013569050 0.999864519 0.009323899 -0.872649491 -0.000348528 -0.009320028 0.999956489 18.485773087
0.999914050 -0.013109661 -0.000249647 0.327495575 0.013111469 0.999866664 0.009740398 -0.889920175 0.000121921 -0.009742834 0.999952555 18.936820984
0.999912560 -0.013222818 -0.000173398 0.348155677 0.013223851 0.999870718 0.009148450 -0.894080281 0.000052408 -0.009149942 0.999958158 19.428592682
0.999921918 -0.012471160 0.000819736 0.347383440 0.012462944 0.999878526 0.009362714 -0.900828600 -0.000936400 -0.009351766 0.999955833 19.925405502
0.999932289 -0.011603801 0.000758614 0.351706415 0.011595865 0.999885321 0.009739070 -0.910187364 -0.000871537 -0.009729614 0.999952316 20.407178879
0.999919772 -0.012664420 0.000073345 0.358462811 0.012662930 0.999863625 0.010601773 -0.982042551 -0.000207600 -0.010599994 0.999943793 20.938131332
0.999932170 -0.011643682 0.000037566 0.359732270 0.011642632 0.999876261 0.010577858 -0.981211901 -0.000160727 -0.010576705 0.999943972 21.455377579
0.999930918 -0.011745464 -0.000322281 0.366946876 0.011748321 0.999869227 0.011111234 -1.009353995 0.000191732 -0.011114255 0.999938190 21.963045120
0.999922454 -0.012432931 -0.000699181 0.366957128 0.012440108 0.999857426 0.011421152 -1.027821302 0.000557083 -0.011428965 0.999934494 22.487165451
0.999907434 -0.013539668 -0.001362509 0.357830077 0.013554707 0.999839544 0.011710961 -1.034465551 0.001203727 -0.011728346 0.999930441 22.965223312
0.999896407 -0.014261159 -0.001953164 0.327393591 0.014283076 0.999829412 0.011709330 -1.089458346 0.001785842 -0.011736014 0.999929547 23.567668915
0.999887228 -0.014840795 -0.002307492 0.331045151 0.014866106 0.999824882 0.011369100 -1.099560976 0.002138361 -0.011402119 0.999932706 24.107240677
0.999904931 -0.013435310 -0.003107281 0.325381517 0.013469493 0.999845922 0.011255764 -1.109186649 0.002955578 -0.011296550 0.999931872 24.630325317
0.999899089 -0.013735464 -0.003617181 0.349013329 0.013775428 0.999841630 0.011265821 -1.103253007 0.003461867 -0.011314514 0.999930024 25.204467773
0.999894679 -0.014013711 -0.003776386 0.245733082 0.014058156 0.999829054 0.012012059 -1.241474271 0.003607407 -0.012063885 0.999920726 25.818742752
0.999886334 -0.014341963 -0.004649534 0.256897569 0.014394733 0.999830008 0.011522058 -1.246387482 0.004483495 -0.011587680 0.999922812 26.372774124
0.999868214 -0.015308879 -0.005409698 0.274697810 0.015378507 0.999796331 0.013072712 -1.252733707 0.005208467 -0.013154182 0.999899864 26.927755356
0.999877095 -0.014749863 -0.005315553 0.258694619 0.014821382 0.999796629 0.013676522 -1.296941638 0.005112746 -0.013753626 0.999892354 27.505262375
0.999904096 -0.012836353 -0.005203745 0.252224088 0.012904375 0.999828935 0.013256253 -1.312179089 0.005032693 -0.013322132 0.999898612 28.089277267
0.999903798 -0.012663526 -0.005655957 0.220524788 0.012731830 0.999844432 0.012208398 -1.338593721 0.005500476 -0.012279234 0.999909461 28.593427658
0.999894083 -0.013262752 -0.005994207 0.225624099 0.013335437 0.999836028 0.012252960 -1.354744792 0.005830716 -0.012331598 0.999906957 29.147294998
0.999882877 -0.013846725 -0.006518377 0.225133643 0.013929628 0.999820352 0.012849412 -1.369984627 0.006339284 -0.012938706 0.999896169 29.716245651
0.999880672 -0.013728912 -0.007085117 0.231684521 0.013816095 0.999827564 0.012406510 -1.368780732 0.006913567 -0.012502918 0.999897897 30.255792618
0.999819875 -0.016862692 -0.008703927 0.307259887 0.016975628 0.999770463 0.013068799 -1.380915403 0.008481554 -0.013214198 0.999876678 30.830957413
0.999894977 -0.012767485 -0.006858642 0.162081599 0.012865742 0.999812424 0.014478108 -1.585171461 0.006672507 -0.014564827 0.999871671 31.357652664
0.999897480 -0.012510440 -0.006972894 0.171860218 0.012607911 0.999820888 0.014114290 -1.594699383 0.006795070 -0.014200754 0.999876082 31.898441315
0.999890983 -0.012852612 -0.007268747 0.192421064 0.012955884 0.999813139 0.014343499 -1.610907078 0.007083038 -0.014436108 0.999870718 32.468158722
0.999895692 -0.012604346 -0.007058038 0.158728853 0.012699137 0.999827623 0.013550371 -1.571457505 0.006886028 -0.013638588 0.999883294 33.007812500
0.999921620 -0.010761075 -0.006400768 0.077815473 0.010855144 0.999830782 0.014847988 -1.686145782 0.006239904 -0.014916305 0.999869227 33.462841034
0.999918818 -0.010880706 -0.006630568 0.079442143 0.010977691 0.999830663 0.014770495 -1.694201469 0.006468733 -0.014842085 0.999868929 34.024276733
0.999924600 -0.010436439 -0.006458774 0.084723100 0.010533185 0.999830067 0.015130804 -1.711759806 0.006299765 -0.015197695 0.999864638 34.579025269
0.999912441 -0.011048241 -0.007277120 0.102918953 0.011155335 0.999827564 0.014844479 -1.702094793 0.007111860 -0.014924358 0.999863386 35.097503662
0.999908507 -0.011178267 -0.007615706 0.091716886 0.011292098 0.999822676 0.015071490 -1.740893960 0.007445883 -0.015156111 0.999857426 35.561252594
0.999907315 -0.011190234 -0.007760280 0.087702990 0.011307253 0.999820530 0.015202953 -1.752526283 0.007588762 -0.015289292 0.999854326 36.120300293
0.999925435 -0.009852740 -0.007203342 0.087015778 0.009961744 0.999834001 0.015256464 -1.756195307 0.007051828 -0.015327086 0.999857664 36.654750824
0.999922395 -0.010116012 -0.007265390 0.084086984 0.010225239 0.999832869 0.015157791 -1.764826775 0.007110839 -0.015230907 0.999858737 37.193588257
0.999912977 -0.010913531 -0.007415750 0.110388756 0.011024180 0.999826074 0.015047646 -1.773026943 0.007250236 -0.015128090 0.999859333 37.742713928
0.999913931 -0.010618540 -0.007701224 0.114148825 0.010735061 0.999826193 0.015250191 -1.781513929 0.007537948 -0.015331553 0.999854088 38.285221100
0.999871910 -0.013689265 -0.008293810 0.063513219 0.013824278 0.999769151 0.016446343 -1.858729601 0.008066759 -0.016558895 0.999830306 38.559963226
0.999881566 -0.012601676 -0.008830323 0.094835311 0.012743120 0.999788404 0.016149363 -1.874289989 0.008624946 -0.016259979 0.999830604 39.121036530
0.999888957 -0.012488334 -0.008123059 0.076825440 0.012619223 0.999787986 0.016266949 -1.871469021 0.007918190 -0.016367653 0.999834657 39.634021759
0.999875963 -0.013310287 -0.008418782 0.097176790 0.013449389 0.999770284 0.016687989 -1.894834042 0.008194726 -0.016799148 0.999825299 40.237686157
0.999865651 -0.013998309 -0.008521152 0.096392959 0.014140466 0.999757946 0.016857892 -1.920308590 0.008283107 -0.016976122 0.999821603 40.789997101
0.999864876 -0.013726366 -0.009039924 0.136480063 0.013884151 0.999748170 0.017629268 -1.948117852 0.008795662 -0.017752400 0.999803782 41.398406982
0.999835908 -0.015423531 -0.009493113 0.144896060 0.015592286 0.999716938 0.017967233 -1.961848378 0.009213309 -0.018112306 0.999793530 41.956077576
0.999849141 -0.014624326 -0.009370816 0.122844517 0.014784552 0.999741614 0.017263724 -1.933395624 0.009115926 -0.017399665 0.999807119 42.485523224
0.999841273 -0.014912641 -0.009743291 0.088628292 0.015089206 0.999718487 0.018306881 -2.032423496 0.009467543 -0.018450994 0.999784946 42.689586639
0.999841213 -0.014823271 -0.009889390 0.087912410 0.015006162 0.999712825 0.018683136 -2.040503502 0.009609605 -0.018828571 0.999776602 43.219711304
0.999828637 -0.015306302 -0.010409447 0.096863866 0.015494854 0.999712765 0.018281033 -2.045781612 0.010126641 -0.018439192 0.999778688 43.764263153
0.999841869 -0.014824442 -0.009825753 0.107915610 0.015004133 0.999716759 0.018473743 -2.039669752 0.009549109 -0.018618248 0.999781013 44.328433990
0.999821126 -0.015935592 -0.010193588 0.125865906 0.016125167 0.999693334 0.018794065 -2.043083668 0.009890966 -0.018955074 0.999771416 44.825408936
0.999809444 -0.016406348 -0.010573258 0.142055273 0.016604912 0.999682128 0.018973967 -2.048404694 0.010258603 -0.019145921 0.999764025 45.355411530
0.999901116 -0.011102961 -0.008627202 -0.002167583 0.011269320 0.999746740 0.019479780 -2.200151682 0.008408731 -0.019575078 0.999772966 45.748016357
0.999912739 -0.010440872 -0.008093610 -0.007058442 0.010595348 0.999757946 0.019284196 -2.205616951 0.007890305 -0.019368267 0.999781191 46.301975250
0.999896586 -0.011215297 -0.009002562 0.004373968 0.011391219 0.999740362 0.019734072 -2.210581064 0.008778900 -0.019834580 0.999764740 46.852420807
0.999897599 -0.011420887 -0.008617809 0.008745551 0.011595106 0.999723732 0.020444419 -2.232536316 0.008381933 -0.020542251 0.999753833 47.394119263
0.999889493 -0.011708391 -0.009151574 0.022361845 0.011886686 0.999735713 0.019677024 -2.218836546 0.008918770 -0.019783633 0.999764502 47.902004242
0.999888957 -0.011737454 -0.009187761 0.051122963 0.011921374 0.999724388 0.020225806 -2.230509281 0.008947829 -0.020333091 0.999753177 48.481410980
0.999908328 -0.010872272 -0.008085575 -0.097933024 0.011033791 0.999735057 0.020207116 -2.358186960 0.007863736 -0.020294478 0.999763131 48.782627106
0.999900162 -0.011478700 -0.008241940 -0.092718363 0.011644761 0.999724269 0.020391259 -2.364770889 0.008005604 -0.020485198 0.999758065 49.327751160
0.999918759 -0.010051742 -0.007838923 -0.104520291 0.010213798 0.999729037 0.020914521 -2.374548912 0.007626572 -0.020992888 0.999750614 49.875907898
0.999911547 -0.010700718 -0.007893457 -0.085082769 0.010864120 0.999721289 0.020956894 -2.372842789 0.007667006 -0.021040797 0.999749303 50.417911530
0.999913990 -0.010507934 -0.007839544 -0.079234034 0.010670120 0.999723732 0.020941580 -2.371557713 0.007617326 -0.021023430 0.999750018 50.945713043
0.999827921 -0.015866635 -0.009608731 -0.181322664 0.016067589 0.999645889 0.021210618 -2.545722961 0.009268788 -0.021361360 0.999728799 51.228958130
0.999806464 -0.017098080 -0.009729892 -0.171373487 0.017306414 0.999613702 0.021746339 -2.552316666 0.009354313 -0.021910520 0.999716163 51.760536194
0.999834299 -0.015586741 -0.009407600 -0.182253242 0.015775196 0.999669492 0.020301906 -2.541125774 0.009088049 -0.020446949 0.999749601 52.326404572
0.999814332 -0.016361771 -0.010179394 -0.157289207 0.016571658 0.999644458 0.020887874 -2.553064823 0.009834010 -0.021052685 0.999730110 52.849693298
0.999837399 -0.015626526 -0.009002928 -0.209783703 0.015806168 0.999670148 0.020240398 -2.552679062 0.008683671 -0.020379405 0.999754608 53.369819641
0.999813259 -0.016245710 -0.010468099 -0.130419105 0.016462915 0.999643743 0.021008514 -2.562762260 0.010123071 -0.021176925 0.999724507 53.984348297
0.999719679 -0.020732678 -0.011425788 -0.176936746 0.020978132 0.999542296 0.021798307 -2.752760649 0.010968620 -0.022031892 0.999697030 54.378021240
0.999733031 -0.020303387 -0.011022691 -0.174241275 0.020538971 0.999553621 0.021697644 -2.752126217 0.010577234 -0.021918248 0.999703765 54.942794800
0.999716699 -0.021161079 -0.010897021 -0.175293386 0.021389188 0.999545157 0.021260280 -2.756196976 0.010442175 -0.021487335 0.999714553 55.466815948
0.999677241 -0.022216629 -0.012320124 -0.134141386 0.022477878 0.999516428 0.021488165 -2.753600359 0.011836769 -0.021758163 0.999693155 56.086818695
0.999703288 -0.021481816 -0.011478150 -0.137945056 0.021726342 0.999530137 0.021621449 -2.773117542 0.011008288 -0.021864414 0.999700367 56.616416931
0.999685466 -0.021942852 -0.012141176 -0.101271808 0.022184486 0.999551117 0.020138688 -2.742105007 0.011693824 -0.020401705 0.999723434 57.187267303
0.999685824 -0.022057356 -0.011899425 -0.133656263 0.022310244 0.999518752 0.021555124 -2.755693913 0.011418249 -0.021813832 0.999696791 57.623352051
0.999655724 -0.022813888 -0.012952973 -0.080898881 0.023072843 0.999529600 0.020207293 -2.756760597 0.012485873 -0.020499203 0.999711812 58.164546967
0.999577999 -0.025688784 -0.013562479 -0.277433932 0.025985062 0.999417067 0.022140684 -2.936328411 0.012985806 -0.022483762 0.999662817 58.481887817
0.999563277 -0.025971731 -0.014097622 -0.261392176 0.026274526 0.999418378 0.021735530 -2.933410406 0.013524912 -0.022096446 0.999664366 59.051498413
0.999554515 -0.026533565 -0.013663838 -0.272113025 0.026826430 0.999404132 0.021715611 -2.942990780 0.013079504 -0.022072488 0.999670804 59.572757721
0.999564469 -0.025574017 -0.014723467 -0.215952218 0.025902348 0.999409914 0.022558527 -2.962029934 0.014137867 -0.022930076 0.999637127 60.047554016
0.999593914 -0.025057016 -0.013571924 -0.254365921 0.025358172 0.999425352 0.022491571 -2.963119984 0.013000553 -0.022826593 0.999654949 60.613754272
0.999580979 -0.025076900 -0.014459748 -0.227120578 0.025397660 0.999425471 0.022443330 -2.991316319 0.013888630 -0.022801168 0.999643564 61.119819641
0.999521673 -0.026750183 -0.015517967 -0.332013369 0.027116610 0.999346375 0.023903709 -3.127717972 0.014868394 -0.024313068 0.999593794 61.589698792
0.999492705 -0.027872231 -0.015404689 -0.326140106 0.028224660 0.999333382 0.023154691 -3.131788254 0.014749047 -0.023577739 0.999613166 62.147296906
0.999512076 -0.027204905 -0.015342973 -0.347667038 0.027577011 0.999317169 0.024586057 -3.165657759 0.014663636 -0.024997173 0.999580026 62.672405243
0.999494970 -0.027622435 -0.015709789 -0.319314957 0.027990878 0.999326229 0.023737628 -3.150880814 0.015043513 -0.024165368 0.999594808 63.258518219
0.999477148 -0.027804449 -0.016499070 -0.300478756 0.028195521 0.999315143 0.023963280 -3.145913363 0.015821485 -0.024415949 0.999576688 63.797191620
0.999488533 -0.027525064 -0.016279144 -0.274689794 0.027907617 0.999328077 0.023758681 -3.129920959 0.015614246 -0.024200836 0.999585211 64.301452637
0.999517620 -0.028179087 -0.013055638 -0.677700937 0.028482424 0.999314189 0.023662191 -3.255029202 0.012379904 -0.024022635 0.999634683 65.133522034
0.999535143 -0.027685763 -0.012762594 -0.679607511 0.027972478 0.999347210 0.022862663 -3.256218910 0.012121291 -0.023209039 0.999657154 65.686943054
0.999533594 -0.027666546 -0.012928777 -0.673586905 0.027955582 0.999350548 0.022737360 -3.253845692 0.012291315 -0.023088187 0.999657810 66.231475830
0.999493420 -0.028696176 -0.013762830 -0.658737838 0.029008295 0.999313533 0.023041904 -3.267750740 0.013092168 -0.023429465 0.999639750 66.766471863
0.999411583 -0.031164940 -0.014326375 -0.640312552 0.031482175 0.999251544 0.022478476 -3.229987144 0.013615111 -0.022916272 0.999644697 67.329353333
0.999507487 -0.029274732 -0.011303492 -0.964131117 0.029534889 0.999285579 0.023578754 -3.356482506 0.010605155 -0.023900988 0.999658048 68.020484924
0.999544799 -0.028042631 -0.011127863 -0.941268563 0.028301276 0.999315858 0.023809306 -3.373708248 0.010452575 -0.024113398 0.999654591 68.522300720
0.999538541 -0.028250534 -0.011160741 -0.938263178 0.028501352 0.999329269 0.022992631 -3.363161564 0.010503699 -0.023300117 0.999673426 69.086387634
0.999506414 -0.029324388 -0.011273007 -0.944620371 0.029577784 0.999297559 0.023009809 -3.362658024 0.010590338 -0.023331879 0.999671757 69.573165894
0.999499738 -0.029408555 -0.011631842 -0.919760644 0.029668776 0.999298155 0.022869987 -3.362216949 0.010951105 -0.023203649 0.999670863 70.137466431
0.999476731 -0.030110937 -0.011810581 -0.947018445 0.030369554 0.999288440 0.022365548 -3.370292187 0.011128729 -0.022712525 0.999680161 70.708709717
0.999425471 -0.031411316 -0.012729444 -0.859811962 0.031696033 0.999237120 0.022818955 -3.343804359 0.012002958 -0.023209317 0.999658644 71.025573730
0.999570131 -0.027736953 -0.009496511 -1.165246606 0.027960846 0.999313176 0.024316534 -3.555122137 0.008815520 -0.024571612 0.999659181 71.753166199
0.999567211 -0.027947154 -0.009178436 -1.156901002 0.028158933 0.999319613 0.023817265 -3.544951200 0.008506565 -0.024065409 0.999674141 72.319053650
0.999591172 -0.027138093 -0.008995346 -1.154067278 0.027345262 0.999343455 0.023768578 -3.552328110 0.008344404 -0.024004837 0.999677002 72.861732483
0.999533474 -0.028920971 -0.009813750 -1.128942490 0.029149568 0.999286652 0.024010245 -3.556392670 0.009112350 -0.024285113 0.999663472 73.432907104
0.999564409 -0.027967997 -0.009427670 -1.098905325 0.028179923 0.999334812 0.023150221 -3.544822216 0.008773933 -0.023405809 0.999687552 73.900115967
0.999493361 -0.029933589 -0.010815706 -1.071640611 0.030185472 0.999257922 0.023928637 -3.570854425 0.010091411 -0.024242992 0.999655128 74.469192505
0.999397933 -0.032661382 -0.011700604 -1.056218743 0.032931253 0.999177396 0.023666693 -3.577993393 0.010917994 -0.024037760 0.999651432 75.062973022
0.999484956 -0.030723384 -0.009270260 -1.311043382 0.030929076 0.999258697 0.022927517 -3.469489574 0.008558976 -0.023202430 0.999694169 75.867935181
0.999516904 -0.029777065 -0.008908594 -1.318240166 0.029974610 0.999287605 0.022929845 -3.474973440 0.008219467 -0.023185799 0.999697387 76.403266907
0.999473512 -0.031052712 -0.009400013 -1.314972878 0.031260714 0.999249876 0.022855215 -3.467120409 0.008683247 -0.023137033 0.999694645 76.939605713
0.999491990 -0.030510424 -0.009217963 -1.307442665 0.030707112 0.999286056 0.022007568 -3.458858728 0.008539922 -0.022279443 0.999715328 77.498283386
0.999450624 -0.031652022 -0.009830143 -1.279614449 0.031865623 0.999241292 0.022390705 -3.448808670 0.009113974 -0.022691648 0.999700963 78.000640869
0.999560595 -0.028603587 -0.007772612 -1.445492983 0.028775238 0.999322414 0.022951039 -3.492590666 0.007110865 -0.023164613 0.999706388 78.666778564
0.999562323 -0.028699886 -0.007176606 -1.439066410 0.028854605 0.999330938 0.022474453 -3.485355616 0.006526790 -0.022671694 0.999721706 79.238761902
0.999579072 -0.028354520 -0.006130461 -1.440232158 0.028485619 0.999341547 0.022474885 -3.482433796 0.005489158 -0.022640057 0.999728680 79.832626343
0.999616921 -0.027379947 -0.004027446 -1.478635788 0.027464237 0.999366820 0.022621170 -3.501723289 0.003405530 -0.022723116 0.999736011 80.363014221
0.999615669 -0.027597398 -0.002622383 -1.478583813 0.027650081 0.999357760 0.022796515 -3.502245903 0.001991574 -0.022860264 0.999736667 80.907691956
0.999630153 -0.027153006 -0.001493534 -1.484753251 0.027179739 0.999377787 0.022479035 -3.479123592 0.000882232 -0.022511315 0.999746144 81.448234558
0.999616027 -0.027674869 0.001321897 -1.472563267 0.027637942 0.999362290 0.022608811 -3.502635002 -0.001946750 -0.022563599 0.999743462 81.927200317
0.999605000 -0.027661281 0.004954678 -1.452893734 0.027541177 0.999359250 0.022858318 -3.501539707 -0.005583793 -0.022712832 0.999726474 82.465721130
0.999585092 -0.027644085 0.008080380 -1.439352274 0.027453585 0.999362886 0.022805279 -3.500685215 -0.008705663 -0.022573981 0.999707282 82.996047974
0.999537110 -0.027987614 0.011916582 -1.413382053 0.027717454 0.999367833 0.022262491 -3.483826637 -0.012532122 -0.021921890 0.999681115 83.495277405
0.999481261 -0.026621377 0.018120563 -1.377349138 0.026196303 0.999385178 0.023304425 -3.523482323 -0.018729815 -0.022817647 0.999564230 84.020294189
0.999337792 -0.026520822 0.024913067 -1.524335861 0.025926672 0.999378681 0.023876650 -3.587633371 -0.025530819 -0.023214927 0.999404371 84.639671326
0.999170184 -0.026474344 0.030952729 -1.490373373 0.025734656 0.999379337 0.024056338 -3.585605621 -0.031570394 -0.023239819 0.999231279 85.180366516
0.998873472 -0.026643394 0.039267648 -1.464903831 0.025719089 0.999384463 0.023858750 -3.568803787 -0.039879154 -0.022821940 0.998943865 85.742942810
0.998516321 -0.027016418 0.047280364 -1.414405346 0.025884654 0.999367416 0.024388097 -3.576577425 -0.047909334 -0.023128076 0.998583972 86.259590149
0.998163879 -0.028086519 0.053666100 -1.345782280 0.026777208 0.999329746 0.024962667 -3.591458559 -0.054331239 -0.023479803 0.998246849 86.741691589
0.997668087 -0.026742382 0.062795624 -1.262758255 0.025208421 0.999367177 0.025094517 -3.617183447 -0.063426971 -0.023453018 0.997710824 87.256706238
0.996912301 -0.027433174 0.073574945 -1.338674068 0.025569111 0.999330878 0.026159026 -3.678162813 -0.074243344 -0.024197012 0.996946573 87.749450684
0.996191323 -0.027225969 0.082834162 -1.279819965 0.025104512 0.999332368 0.026545739 -3.677079201 -0.083501585 -0.024365121 0.996209800 88.304283142
0.995453596 -0.026942736 0.091357335 -1.236891747 0.024683163 0.999363065 0.025773844 -3.663258791 -0.091993563 -0.023401681 0.995484591 88.934898376
0.994506717 -0.027084306 0.101107962 -1.116247177 0.024529027 0.999349713 0.026431259 -3.681430340 -0.101758078 -0.023805983 0.994524360 89.451240540
0.993390083 -0.027669752 0.111402698 -1.103222847 0.024795813 0.999325097 0.027101338 -3.705404282 -0.112077408 -0.024159880 0.993405700 89.714035034
0.992281735 -0.027396189 0.120940119 -1.020656586 0.024215911 0.999323249 0.027688431 -3.717267990 -0.121616825 -0.024546048 0.992273569 90.249320984
0.990900874 -0.027797256 0.131691426 -0.922563553 0.024343455 0.999318004 0.027764482 -3.703656197 -0.132373393 -0.024306029 0.990901887 90.794929504
0.989154875 -0.027300270 0.144316763 -0.836873055 0.023556346 0.999341786 0.027588099 -3.705374479 -0.144974932 -0.023889326 0.989146948 91.360183716
0.987598181 -0.028107036 0.154466674 -0.715025902 0.024107881 0.999325454 0.027702935 -3.713381767 -0.155141115 -0.023635503 0.987609506 91.888755798
0.985968709 -0.026635494 0.164791793 -0.632925034 0.022246784 0.999348462 0.028420746 -3.712218761 -0.165441439 -0.024355879 0.985918820 92.455451965
0.983847916 -0.030336663 0.176416993 -0.690549850 0.025745429 0.999269128 0.028256375 -3.608066797 -0.177145258 -0.023258045 0.983909845 92.800918579
0.981579661 -0.030734466 0.188564643 -0.558254242 0.025844136 0.999264240 0.028339203 -3.609125376 -0.189296871 -0.022943897 0.981651843 93.336784363
0.979358733 -0.031392790 0.199677095 -0.437919617 0.026260020 0.999254405 0.028302711 -3.607708931 -0.200416714 -0.022474984 0.979452908 93.878738403
0.976715267 -0.032202363 0.212109238 -0.245771408 0.026472528 0.999205232 0.029799046 -3.651279449 -0.212900296 -0.023490118 0.976791501 94.306419373
0.973557889 -0.031132480 0.226309299 -0.150085449 0.025095895 0.999249578 0.029503038 -3.616899014 -0.227058023 -0.023043482 0.973608553 94.896087646
0.970503151 -0.031614620 0.239006564 -0.199163437 0.025273316 0.999243736 0.029550977 -3.510349035 -0.239760011 -0.022638828 0.970568180 95.344795227
0.967540562 -0.031750258 0.250713199 -0.022981644 0.024966009 0.999232173 0.030194886 -3.518791199 -0.251479387 -0.022955472 0.967590332 95.839500427
0.963700593 -0.031976391 0.265063614 0.136537552 0.024713311 0.999223232 0.030691966 -3.522061110 -0.265839159 -0.023027264 0.963742316 96.346580505
0.959976375 -0.030377893 0.278428912 0.321397781 0.022678545 0.999267220 0.030832894 -3.529611349 -0.279161543 -0.023284486 0.959961772 96.849105835
0.957081437 -0.033414587 0.287886113 0.524917603 0.025352292 0.999176204 0.031689085 -3.538755178 -0.288707823 -0.023030462 0.957140148 97.332366943
0.952934027 -0.033451233 0.301326662 0.745992661 0.024713052 0.999157488 0.032765575 -3.551841974 -0.302168846 -0.023776729 0.952957809 97.905075073
0.947349966 -0.030697826 0.318725109 0.551773071 0.021207254 0.999223530 0.033205096 -3.535215855 -0.319496930 -0.024697561 0.947265387 98.080581665
0.943548262 -0.031232962 0.329759270 0.766620636 0.021627514 0.999229312 0.032758094 -3.523618937 -0.330528289 -0.023776971 0.943496466 98.590087891
0.938633561 -0.030437391 0.343570501 0.969648361 0.020353561 0.999250770 0.032919154 -3.517251968 -0.344314963 -0.023906142 0.938549757 99.135330200
0.933517992 -0.030586559 0.357223630 1.187370300 0.020014215 0.999246478 0.033256143 -3.525220394 -0.357971638 -0.023895657 0.933426559 99.625976562
0.928751945 -0.030907471 0.369411021 1.406738281 0.019649379 0.999221742 0.034200437 -3.533730268 -0.370180517 -0.024505025 0.928636491 100.182716370
0.924021542 -0.030977795 0.381083578 1.643760681 0.019553239 0.999236822 0.033815525 -3.517831087 -0.381840199 -0.023794854 0.923921943 100.654785156
0.918837488 -0.032503869 0.393295407 1.923427582 0.020675108 0.999198496 0.034276407 -3.512996435 -0.394094288 -0.023363024 0.918772995 101.118278503
0.911142528 -0.034621473 0.410634428 1.418251038 0.020939294 0.999066949 0.037772018 -3.632534981 -0.411559016 -0.025817296 0.911017358 101.255851746
0.906263888 -0.035056029 0.421256244 1.674674988 0.020939661 0.999054849 0.038090929 -3.627492905 -0.422193408 -0.025699470 0.906141460 101.747009277
0.900684714 -0.036713790 0.432919502 1.941310883 0.022005517 0.998999298 0.038937997 -3.626426697 -0.433915854 -0.025544235 0.900591314 102.248886108
0.893864393 -0.035787683 0.446906865 2.213451385 0.020777751 0.999044657 0.038444269 -3.627551794 -0.447855771 -0.025078243 0.893754065 102.733032227
0.887485147 -0.035155304 0.459493399 2.479518890 0.020033820 0.999086499 0.037744783 -3.612655640 -0.460400581 -0.024292523 0.887378871 103.236785889
0.882159829 -0.036960162 0.469497651 2.724349976 0.020818945 0.999001503 0.039526563 -3.659182787 -0.470489830 -0.025094299 0.882048547 103.578422546
0.873911142 -0.035122149 0.484815210 2.889274597 0.018505460 0.999067068 0.039019525 -3.598436832 -0.485733390 -0.025127867 0.873745799 104.022850037
0.858182728 -0.026405880 0.512664676 1.671352386 0.006021646 0.999125242 0.041382037 -3.384990931 -0.513308883 -0.032426268 0.857591093 104.022033691
