1.000000000 0.000000000 0.000000000 0.000000000 0.000000000 1.000000000 0.000000000 0.000000000 0.000000000 0.000000000 1.000000000 0.000000000
1.000000000 -0.000075252 -0.000005379 0.000267273 0.000075252 1.000000000 0.000005704 0.000002344 0.000005379 -0.000005705 1.000000000 0.000483059
1.000000000 0.000007448 0.000029052 0.000156202 -0.000007447 1.000000000 -0.000023736 0.000787351 -0.000029052 0.000023736 1.000000000 0.000601752
1.000000000 0.000018263 0.000055987 -0.000521780 -0.000018263 1.000000000 0.000006714 0.000461439 -0.000055987 -0.000006715 1.000000000 0.000329789
1.000000000 0.000036168 -0.000022341 0.000461395 -0.000036168 1.000000000 -0.000001817 0.000591153 0.000022341 0.000001818 1.000000000 0.000761181
1.000000000 0.000140824 0.000018445 0.000163522 -0.000140825 1.000000000 0.000017105 0.000764456 -0.000018443 -0.000017108 1.000000000 0.000739341
1.000000000 0.000077428 -0.000016007 0.000040871 -0.000077430 1.000000000 -0.000130842 0.000968299 0.000015997 0.000130843 1.000000000 0.000064128
1.000000000 0.000062990 0.000016185 0.000273603 -0.000062989 1.000000000 -0.000055257 0.000759800 -0.000016189 0.000055256 1.000000000 0.000758672
1.000000000 0.000209943 0.000035573 -0.000821576 -0.000209943 1.000000000 -0.000001869 0.000978098 -0.000035573 0.000001862 1.000000000 0.000623743
1.000000000 0.000225682 0.000045634 -0.000055660 -0.000225677 0.999999940 -0.000117577 0.002161807 -0.000045661 0.000117567 1.000000000 0.002028729
1.000000000 0.000185616 0.000029891 -0.000450416 -0.000185614 1.000000000 -0.000050979 0.000596650 -0.000029901 0.000050974 1.000000000 -0.000256661
1.000000000 0.000097382 0.000000315 -0.000203486 -0.000097382 1.000000000 -0.000059960 0.001396930 -0.000000321 0.000059960 1.000000000 0.000981024
1.000000000 0.000199520 0.000073974 -0.001046746 -0.000199515 1.000000000 -0.000066517 0.001419627 -0.000073987 0.000066503 1.000000000 0.001303194
1.000000000 0.000061479 0.000061778 -0.000017477 -0.000061477 1.000000000 -0.000020635 0.001017868 -0.000061779 0.000020631 1.000000000 0.001456024
1.000000000 0.000130592 0.000137850 -0.001068493 -0.000130579 1.000000000 -0.000087633 0.001626393 -0.000137862 0.000087615 1.000000000 0.002033277
1.000000000 0.000191600 0.000116343 -0.001316697 -0.000191588 1.000000000 -0.000107261 0.001954586 -0.000116364 0.000107238 1.000000000 0.002411760
0.999999940 0.000199253 0.000151682 -0.001360871 -0.000199238 1.000000000 -0.000105122 0.002532173 -0.000151703 0.000105092 1.000000000 0.002857509
1.000000000 0.000152813 0.000168228 -0.001159432 -0.000152797 1.000000000 -0.000093698 0.001786678 -0.000168242 0.000093673 1.000000000 0.002742330
0.999999940 0.000200502 0.000161757 -0.001622814 -0.000200490 1.000000000 -0.000076697 0.001967518 -0.000161772 0.000076665 1.000000000 0.002042049
1.000000000 0.000182919 0.000111365 -0.001223524 -0.000182913 1.000000000 -0.000057268 0.001974114 -0.000111376 0.000057248 1.000000000 0.001900219
0.999999940 0.000236268 0.000125746 -0.001115568 -0.000236254 0.999999940 -0.000114162 0.001975033 -0.000125773 0.000114133 1.000000000 0.002795337
0.999999940 0.000215566 0.000116052 -0.001526449 -0.000215558 1.000000000 -0.000069527 0.001599926 -0.000116067 0.000069502 1.000000000 0.002412774
0.999999940 0.000370808 0.000163590 -0.002209594 -0.000370796 0.999999940 -0.000073397 0.002166526 -0.000163617 0.000073337 1.000000000 0.003016194
0.999999940 0.000236726 0.000129158 -0.000965185 -0.000236717 0.999999940 -0.000075644 0.001659191 -0.000129176 0.000075613 1.000000000 0.002469774
1.000000000 0.000137168 0.000124668 -0.000581687 -0.000137160 1.000000000 -0.000068006 0.002365903 -0.000124677 0.000067988 1.000000000 0.003266569
0.999999940 0.000293077 0.000193351 -0.001482843 -0.000293063 0.999999940 -0.000077468 0.002304847 -0.000193373 0.000077412 1.000000000 0.003291056
1.000000000 0.000151059 0.000100515 -0.000991896 -0.000151050 1.000000000 -0.000094912 0.002244055 -0.000100529 0.000094897 1.000000000 0.003008204
0.999999940 0.000209393 0.000153642 -0.001448339 -0.000209387 1.000000000 -0.000036586 0.001877588 -0.000153650 0.000036554 1.000000000 0.002304757
0.999999940 0.000244064 0.000216349 -0.001559682 -0.000244053 0.999999940 -0.000050819 0.001337982 -0.000216361 0.000050766 1.000000000 0.002353453
1.000000000 0.000137159 0.000159361 -0.000696366 -0.000137149 1.000000000 -0.000061937 0.001385665 -0.000159369 0.000061916 1.000000000 0.002590143
0.999999940 0.000207706 0.000138631 -0.001055375 -0.000207696 1.000000000 -0.000073406 0.001772368 -0.000138646 0.000073378 1.000000000 0.002903537
0.999999940 0.000193425 0.000176760 -0.001319355 -0.000193418 1.000000000 -0.000036129 0.001069562 -0.000176767 0.000036095 1.000000000 0.001691486
0.999999940 0.000215312 0.000170240 -0.001358139 -0.000215302 1.000000000 -0.000059954 0.001663065 -0.000170253 0.000059917 1.000000000 0.002169649
0.999999940 0.000272570 0.000234831 -0.001316331 -0.000272557 0.999999940 -0.000058726 0.001230776 -0.000234847 0.000058662 1.000000000 0.002174724
0.999999940 0.000185332 0.000160386 -0.001186939 -0.000185323 1.000000000 -0.000051238 0.001901022 -0.000160395 0.000051208 1.000000000 0.003310799
1.000000000 0.000158078 0.000136052 -0.000978397 -0.000158071 1.000000000 -0.000051224 0.002065081 -0.000136060 0.000051203 1.000000000 0.003182674
0.999999940 0.000328527 0.000194676 -0.001906131 -0.000328518 0.999999940 -0.000047134 0.001883380 -0.000194692 0.000047070 1.000000000 0.002478680
0.999999940 0.000294116 0.000064080 0.000043053 -0.000294114 0.999999940 -0.000031798 0.002071154 -0.000064089 0.000031779 1.000000000 0.002475766
1.000000000 0.000190032 0.000128630 -0.000132065 -0.000190020 1.000000000 -0.000096903 0.001610356 -0.000128648 0.000096878 1.000000000 0.002976624
0.999999940 0.000319356 0.000200904 -0.000623049 -0.000319210 0.999999702 -0.000723744 -0.001606221 -0.000201135 0.000723679 0.999999702 0.049220178
0.999983370 -0.005759838 -0.000091271 0.001986701 0.005759896 0.999983132 0.000655561 -0.003155279 0.000087494 -0.000656076 0.999999762 0.198231921
0.999984026 -0.005661498 -0.000065102 0.004467696 0.005661528 0.999983847 0.000455400 -0.007450277 0.000062523 -0.000455761 0.999999821 0.310022503
0.999983013 -0.005827444 -0.000186150 0.008297360 0.005827545 0.999982774 0.000547418 -0.010684400 0.000182957 -0.000548494 0.999999821 0.439727902
0.999980092 -0.006297964 0.000110027 -0.000721870 0.006297909 0.999980032 0.000492878 -0.009716930 -0.000113129 -0.000492176 0.999999821 0.635854721
0.999980986 -0.006153517 0.000256604 0.000538571 0.006153349 0.999980867 0.000651805 -0.014576332 -0.000260610 -0.000650214 0.999999702 0.788684845
0.999980330 -0.006269678 0.000065009 0.002584614 0.006269631 0.999980092 0.000709529 -0.015385664 -0.000069457 -0.000709107 0.999999762 0.975763083
0.999980032 -0.006310126 0.000099627 0.006294918 0.006310037 0.999979734 0.000872595 -0.019564254 -0.000105131 -0.000871949 0.999999642 1.146281958
0.999978185 -0.006605385 0.000230482 0.003075604 0.006605188 0.999977827 0.000844521 -0.024554931 -0.000236056 -0.000842980 0.999999642 1.345130205
0.999978602 -0.006530788 0.000322162 0.004782218 0.006530471 0.999978185 0.000973660 -0.028216602 -0.000328514 -0.000971535 0.999999464 1.539365292
0.999978364 -0.006566570 0.000448268 0.005262197 0.006566163 0.999977946 0.000904688 -0.031396307 -0.000454199 -0.000901725 0.999999464 1.742061377
0.999976635 -0.006819752 0.000524313 0.009033352 0.006819155 0.999976039 0.001132786 -0.037390403 -0.000532025 -0.001129184 0.999999225 1.946177244
0.999976337 -0.006840320 0.000715375 0.008436097 0.006839382 0.999975681 0.001306816 -0.043330263 -0.000724297 -0.001301892 0.999998808 2.154730558
0.999974966 -0.007036628 0.000706818 0.012467566 0.007035645 0.999974310 0.001384354 -0.050157387 -0.000716541 -0.001379346 0.999998808 2.370242119
0.999976397 -0.006832651 0.000733737 0.015929235 0.006831742 0.999975860 0.001235504 -0.053002935 -0.000742161 -0.001230462 0.999998927 2.595731258
0.999977112 -0.006739611 0.000642110 0.020939248 0.006738824 0.999976575 0.001220421 -0.058899503 -0.000650320 -0.001216066 0.999999046 2.823334694
0.999977171 -0.006692281 0.000960852 0.022272432 0.006690967 0.999976635 0.001365758 -0.067232676 -0.000969969 -0.001359297 0.999998629 3.063970327
0.999976158 -0.006855799 0.000854352 0.027293526 0.006854533 0.999975443 0.001477035 -0.071647726 -0.000864457 -0.001471144 0.999998569 3.306265354
0.999976695 -0.006732963 0.001115767 0.029304495 0.006731375 0.999976337 0.001421923 -0.080226459 -0.001125315 -0.001414379 0.999998391 3.548516750
0.999975383 -0.006901146 0.001290576 0.033138253 0.006899199 0.999975085 0.001507986 -0.088078462 -0.001300950 -0.001499045 0.999998033 3.799096584
0.999976993 -0.006649009 0.001294811 0.036266834 0.006646926 0.999976635 0.001606542 -0.095515795 -0.001305463 -0.001597899 0.999997795 4.052554607
0.999976456 -0.006747836 0.001220109 0.042837251 0.006745929 0.999976039 0.001560085 -0.101112306 -0.001230607 -0.001551818 0.999997973 4.314026356
0.999977827 -0.006522984 0.001354411 0.046448775 0.006520463 0.999977112 0.001857208 -0.107493341 -0.001366494 -0.001848336 0.999997377 4.571188450
0.999975443 -0.006860140 0.001406768 0.050837312 0.006857578 0.999974787 0.001818475 -0.114452392 -0.001419208 -0.001808783 0.999997377 4.828662872
0.999976754 -0.006616781 0.001642809 0.055033736 0.006613869 0.999976575 0.001771916 -0.121421680 -0.001654495 -0.001761010 0.999997079 5.084275723
0.999978840 -0.006278875 0.001712437 0.057545692 0.006275598 0.999978423 0.001912612 -0.128095061 -0.001724410 -0.001901825 0.999996722 5.346138000
0.999978423 -0.006297123 0.001866289 0.062623918 0.006294240 0.999979019 0.001546717 -0.133226842 -0.001875990 -0.001534937 0.999997079 5.610213757
0.999978304 -0.006240791 0.002098324 0.065552354 0.006237261 0.999979138 0.001684851 -0.142740265 -0.002108796 -0.001671727 0.999996364 5.879960537
0.999978900 -0.006146664 0.002115087 0.069679134 0.006143007 0.999979615 0.001731434 -0.149364397 -0.002125686 -0.001718404 0.999996245 6.152361393
0.999979615 -0.006012253 0.002132215 0.075643942 0.006008467 0.999980509 0.001777314 -0.158327475 -0.002142858 -0.001764467 0.999996126 6.433922291
0.999980450 -0.005816593 0.002299944 0.082951263 0.005812250 0.999981344 0.001890610 -0.165352330 -0.002310898 -0.001877205 0.999995589 6.720606327
0.999981105 -0.005624726 0.002466823 0.085298546 0.005620596 0.999982715 0.001677700 -0.171758026 -0.002476217 -0.001663803 0.999995530 7.012814999
0.999979675 -0.005968689 0.002235503 0.093076944 0.005964930 0.999980807 0.001684693 -0.181252480 -0.002245515 -0.001671324 0.999996066 7.312613964
0.999981463 -0.005605575 0.002379203 0.097484581 0.005601409 0.999982774 0.001753781 -0.189537913 -0.002388992 -0.001740421 0.999995649 7.618142605
0.999980807 -0.005734392 0.002355655 0.103193536 0.005730225 0.999981999 0.001771715 -0.200675398 -0.002365773 -0.001758182 0.999995589 7.926007748
0.999980271 -0.005721097 0.002566818 0.107327215 0.005716386 0.999981999 0.001838752 -0.208529547 -0.002577291 -0.001824043 0.999994993 8.242536545
0.999980927 -0.005527274 0.002724778 0.111388266 0.005522033 0.999982893 0.001927067 -0.217779323 -0.002735382 -0.001911984 0.999994457 8.559663773
0.999981701 -0.005387824 0.002722587 0.118092574 0.005383742 0.999984384 0.001504646 -0.223268688 -0.002730651 -0.001489961 0.999995172 8.892640114
0.999981463 -0.005288494 0.003022197 0.123563930 0.005283570 0.999984622 0.001635215 -0.232228190 -0.003030799 -0.001619216 0.999994099 9.226205826
0.999982476 -0.005120880 0.002960528 0.130475104 0.005116090 0.999985516 0.001623549 -0.243025839 -0.002968800 -0.001608374 0.999994278 9.567398071
0.999981582 -0.005238677 0.003056739 0.139012143 0.005233298 0.999984741 0.001764911 -0.254847527 -0.003065938 -0.001748882 0.999993682 9.899892807
0.999982953 -0.004795950 0.003314566 0.143354177 0.004790176 0.999987006 0.001747444 -0.261375904 -0.003322904 -0.001731537 0.999992907 10.251148224
0.999982893 -0.004813417 0.003301867 0.149681985 0.004807961 0.999987066 0.001658271 -0.271093071 -0.003309806 -0.001642368 0.999993145 10.605085373
0.999982119 -0.004947614 0.003362013 0.160447970 0.004941533 0.999986172 0.001814527 -0.283974081 -0.003370944 -0.001797881 0.999992728 10.960993767
0.999982834 -0.004852031 0.003290282 0.167234406 0.004845750 0.999986351 0.001914475 -0.290770411 -0.003299527 -0.001898498 0.999992728 11.329608917
0.999982655 -0.004790262 0.003423383 0.173520043 0.004784370 0.999987066 0.001727209 -0.299595535 -0.003431613 -0.001710800 0.999992669 11.710065842
0.999983430 -0.004641681 0.003399360 0.184307739 0.004635621 0.999987662 0.001788477 -0.310258210 -0.003407619 -0.001772689 0.999992609 12.090682030
0.999983251 -0.004666863 0.003413881 0.193916664 0.004660256 0.999987245 0.001940712 -0.322331935 -0.003422894 -0.001924770 0.999992311 12.473422050
0.999983132 -0.004569839 0.003584698 0.205742359 0.004562388 0.999987423 0.002084061 -0.335788459 -0.003594177 -0.002067671 0.999991417 12.860363960
0.999983430 -0.004430072 0.003679738 0.209706932 0.004421480 0.999987483 0.002339790 -0.345152259 -0.003690057 -0.002323482 0.999990463 13.262303352
0.999982595 -0.004556590 0.003744737 0.221630052 0.004548782 0.999987483 0.002091178 -0.355860859 -0.003754219 -0.002074108 0.999990821 13.664546013
0.999982059 -0.004533405 0.003908204 0.232038170 0.004525262 0.999987602 0.002090312 -0.366027355 -0.003917632 -0.002072589 0.999990165 14.077911377
0.999981463 -0.004552641 0.004045534 0.241587058 0.004543689 0.999987185 0.002219304 -0.374944001 -0.004055586 -0.002200881 0.999989331 14.495342255
0.999980450 -0.004353296 0.004479462 0.250517398 0.004344822 0.999988675 0.001899616 -0.385728210 -0.004487681 -0.001880116 0.999988139 14.916825294
0.999981165 -0.004092344 0.004574816 0.262767583 0.004082774 0.999989569 0.002098899 -0.398021132 -0.004583357 -0.002080182 0.999987304 15.343953133
0.999979973 -0.004172531 0.004752400 0.274827659 0.004161860 0.999988794 0.002253127 -0.412387997 -0.004761748 -0.002233303 0.999986172 15.779879570
0.999977708 -0.004023950 0.005332074 0.281673193 0.004013204 0.999989927 0.002024488 -0.420799345 -0.005340167 -0.002003045 0.999983728 16.222545624
0.999977410 -0.003986833 0.005407476 0.298575610 0.003973456 0.999988973 0.002482436 -0.441343844 -0.005417314 -0.002460894 0.999982297 16.650611877
0.999975562 -0.004129304 0.005636828 0.307132930 0.004117448 0.999989212 0.002113310 -0.446989626 -0.005645494 -0.002090049 0.999981880 17.111232758
0.999974668 -0.004150792 0.005774531 0.323891014 0.004137115 0.999988616 0.002378330 -0.467369467 -0.005784337 -0.002354380 0.999980450 17.576663971
0.999975145 -0.003971078 0.005849477 0.335065514 0.003957086 0.999989212 0.002401734 -0.479004383 -0.005858953 -0.002378527 0.999979973 18.030742645
0.999972522 -0.003812588 0.006351132 0.343376458 0.003798563 0.999990344 0.002218867 -0.488766104 -0.006359531 -0.002194681 0.999977291 18.497945786
0.999972463 -0.003563299 0.006503574 0.356356025 0.003548879 0.999991179 0.002227313 -0.497856528 -0.006511454 -0.002204171 0.999976337 18.961732864
0.999971986 -0.003566630 0.006570453 0.367062092 0.003553685 0.999991715 0.001980777 -0.508534372 -0.006577463 -0.001957372 0.999976456 19.439588547
0.999972284 -0.003296210 0.006664898 0.379088759 0.003282963 0.999992609 0.001997518 -0.518441141 -0.006671433 -0.001975582 0.999975801 19.921703339
0.999972105 -0.003125680 0.006776078 0.384665877 0.003111733 0.999993026 0.002067890 -0.530662835 -0.006782494 -0.002046747 0.999974906 20.403509140
0.999970853 -0.003014341 0.007004348 0.390955329 0.003000055 0.999993384 0.002049227 -0.543696284 -0.007010477 -0.002028154 0.999973357 20.890064240
0.999973118 -0.002986847 0.006694040 0.397900999 0.002973930 0.999993682 0.001938657 -0.553010583 -0.006699789 -0.001918697 0.999975741 21.383605957
0.999975264 -0.002818362 0.006448530 0.400917798 0.002805558 0.999994218 0.001993633 -0.563109279 -0.006454111 -0.001975492 0.999977171 21.880174637
0.999976635 -0.002428807 0.006386740 0.398012638 0.002417723 0.999995530 0.001742751 -0.576692402 -0.006390945 -0.001727269 0.999978065 22.381351471
0.999978662 -0.001798608 0.006280850 0.399083346 0.001788866 0.999997199 0.001556326 -0.584961116 -0.006283632 -0.001545057 0.999979019 22.878116608
0.999979079 -0.001262733 0.006348614 0.394591600 0.001253270 0.999998093 0.001494283 -0.600939155 -0.006350489 -0.001486295 0.999978721 23.380979538
0.999981701 -0.001619578 0.005853827 0.407226861 0.001611213 0.999997675 0.001433476 -0.616517365 -0.005856136 -0.001424018 0.999981761 23.912794113
0.999984741 -0.002674734 0.004832984 0.433515519 0.002671309 0.999996245 0.000714966 -0.622134805 -0.004834878 -0.000702045 0.999988079 24.442209244
0.999987423 -0.001511088 0.004786926 0.418023556 0.001505289 0.999998152 0.001214905 -0.647580683 -0.004788754 -0.001207684 0.999987721 24.988023758
0.999991119 -0.001225751 0.004035485 0.435462654 0.001219960 0.999998212 0.001437312 -0.665265441 -0.004037239 -0.001432376 0.999990821 25.525247574
0.999993682 -0.000815641 0.003453824 0.445907235 0.000810263 0.999998450 0.001558417 -0.680281460 -0.003455089 -0.001555609 0.999992847 26.058361053
0.999994159 -0.000635421 0.003360718 0.454737991 0.000631342 0.999999046 0.001214426 -0.696775198 -0.003361487 -0.001212297 0.999993622 26.605316162
0.999993980 -0.000650479 0.003408909 0.459066600 0.000644807 0.999998391 0.001664729 -0.712008238 -0.003409986 -0.001662520 0.999992788 27.154277802
0.999995828 -0.000226284 0.002860415 0.473653078 0.000221242 0.999998569 0.001762922 -0.733568251 -0.002860810 -0.001762282 0.999994278 27.697189331
0.999996662 0.000097730 0.002550154 0.486603141 -0.000102151 0.999998450 0.001733847 -0.752178490 -0.002549981 -0.001734101 0.999995232 28.228507996
0.999997616 0.000270488 0.002152657 0.504258692 -0.000275482 0.999997199 0.002319718 -0.778146803 -0.002152023 -0.002320305 0.999994993 28.741764069
0.999998689 0.000213171 0.001660825 0.523180187 -0.000218070 0.999995649 0.002950080 -0.809398472 -0.001660190 -0.002950438 0.999994218 29.261508942
0.999998748 0.000257869 0.001533764 0.528280318 -0.000261293 0.999997497 0.002232355 -0.809624135 -0.001533184 -0.002232753 0.999996305 29.873338699
0.999998748 0.000418178 0.001532497 0.534818232 -0.000421368 0.999997735 0.002082047 -0.820040762 -0.001531623 -0.002082690 0.999996603 30.418062210
0.999998629 0.000728654 0.001434917 0.544059277 -0.000731369 0.999997914 0.001892360 -0.832855821 -0.001433535 -0.001893407 0.999997199 30.948720932
0.999998093 0.000945089 0.001692341 0.553533673 -0.000948505 0.999997497 0.002018331 -0.846873879 -0.001690429 -0.002019932 0.999996543 31.493577957
0.999997675 0.001392662 0.001659820 0.559661210 -0.001395792 0.999997377 0.001886470 -0.858410418 -0.001657188 -0.001888782 0.999996841 32.039653778
0.999998093 0.001363555 0.001407045 0.567488253 -0.001366128 0.999997377 0.001828521 -0.872857392 -0.001404548 -0.001830439 0.999997258 32.573425293
0.999998033 0.001464536 0.001344218 0.569787264 -0.001466994 0.999997199 0.001828541 -0.882305920 -0.001341536 -0.001830509 0.999997437 33.116062164
0.999996305 0.002099875 0.001742771 0.565611839 -0.002102910 0.999996245 0.001741904 -0.899454474 -0.001739107 -0.001745562 0.999996960 33.640251160
0.999995112 0.002493773 0.001887322 0.565583766 -0.002496432 0.999995887 0.001408176 -0.903113544 -0.001883803 -0.001412880 0.999997199 34.213169098
0.999997377 0.001953308 0.001202523 0.581693232 -0.001955470 0.999996483 0.001798587 -0.921729326 -0.001199007 -0.001800934 0.999997675 34.745346069
0.999997556 0.001900715 0.001104821 0.597517490 -0.001902594 0.999996662 0.001701974 -0.937066734 -0.001101582 -0.001704072 0.999997914 35.277660370
0.999996901 0.002127531 0.001289743 0.607168794 -0.002130025 0.999995828 0.001935508 -0.952210963 -0.001285620 -0.001938249 0.999997258 35.824199677
0.999998152 0.001868274 0.000622595 0.627428174 -0.001869511 0.999996185 0.001994096 -0.971916318 -0.000618868 -0.001995257 0.999997735 36.356437683
0.999999583 0.000746409 -0.000543472 0.646363020 -0.000745356 0.999997854 0.001935213 -0.987457395 0.000544915 -0.001934807 0.999997973 36.923950195
0.999997973 0.002016048 0.000120658 0.660985172 -0.002016272 0.999996305 0.001891975 -0.999851286 -0.000116844 -0.001892214 0.999998212 37.441558838
0.999998212 0.001507321 -0.001129399 0.671699405 -0.001505703 0.999997795 0.001432209 -1.008761644 0.001131555 -0.001430506 0.999998271 38.008605957
0.999998093 0.001893056 -0.000379303 0.693593025 -0.001892369 0.999996603 0.001805887 -1.030809999 0.000382720 -0.001805166 0.999998271 38.530364990
0.999997377 0.002241002 -0.000395305 0.708392918 -0.002240447 0.999996424 0.001400539 -1.038551569 0.000398444 -0.001399650 0.999998927 39.079143524
0.999997556 0.002106318 -0.000633077 0.721296012 -0.002105274 0.999996543 0.001644957 -1.056814909 0.000636539 -0.001643620 0.999998450 39.616287231
0.999997854 0.001914470 -0.000756512 0.735958993 -0.001913116 0.999996543 0.001786243 -1.074102759 0.000759929 -0.001784792 0.999998093 40.156002045
0.999997199 0.002240961 -0.000676836 0.749567926 -0.002239717 0.999995768 0.001833728 -1.092358828 0.000680941 -0.001832207 0.999998093 40.684268951
0.999996841 0.002338783 -0.000911735 0.768223524 -0.002337144 0.999995649 0.001793605 -1.108330727 0.000915926 -0.001791469 0.999997914 41.220500946
0.999996841 0.002364441 -0.000854890 0.778185606 -0.002362887 0.999995530 0.001814744 -1.122485638 0.000859179 -0.001812718 0.999997973 41.765640259
0.999996364 0.002566083 -0.000734203 0.788992226 -0.002565092 0.999995768 0.001346407 -1.134598494 0.000737654 -0.001344519 0.999998808 42.305534363
0.999995768 0.002818444 -0.000640234 0.803335071 -0.002817483 0.999994934 0.001496140 -1.149782896 0.000644448 -0.001494330 0.999998629 42.848419189
0.999995291 0.002961453 -0.000725581 0.813847065 -0.002960447 0.999994636 0.001384126 -1.162224054 0.000729676 -0.001381972 0.999998748 43.384178162
0.999995172 0.003057082 -0.000539193 0.827568829 -0.003056390 0.999994516 0.001279785 -1.178324819 0.000543103 -0.001278130 0.999999046 43.925067902
0.999995291 0.003030593 -0.000442300 0.839094400 -0.003029871 0.999994218 0.001623943 -1.195144176 0.000447217 -0.001622596 0.999998569 44.460189819
0.999994576 0.003250834 -0.000536174 0.853757799 -0.003249999 0.999993443 0.001551922 -1.210951209 0.000541215 -0.001550171 0.999998629 44.999061584
0.999994934 0.003164359 -0.000574597 0.869821250 -0.003163575 0.999994040 0.001358372 -1.224305868 0.000578892 -0.001356547 0.999998927 45.545372009
0.999992967 0.003716812 -0.000355063 0.881325066 -0.003716388 0.999992311 0.001186934 -1.237333655 0.000359473 -0.001185606 0.999999225 46.090820312
0.999992788 0.003787610 -0.000333508 0.896545947 -0.003787228 0.999992192 0.001139359 -1.257580042 0.000337821 -0.001138087 0.999999285 46.635929108
0.999993384 0.003593786 -0.000569415 0.915900290 -0.003592888 0.999992251 0.001568572 -1.282146335 0.000575049 -0.001566515 0.999998629 47.178379059
0.999993563 0.003516840 -0.000705758 0.928283989 -0.003515467 0.999991953 0.001936858 -1.300392389 0.000712563 -0.001934365 0.999997795 47.730312347
0.999993026 0.003658277 -0.000646607 0.941462815 -0.003657355 0.999992311 0.001421067 -1.312606454 0.000651801 -0.001418693 0.999998808 48.274814606
0.999993324 0.003596332 -0.000671719 0.955326974 -0.003595273 0.999992251 0.001569834 -1.326683283 0.000677360 -0.001567408 0.999998569 48.816394806
0.999993145 0.003661908 -0.000554573 0.966459036 -0.003661134 0.999992311 0.001388526 -1.340317249 0.000559653 -0.001386486 0.999998868 49.356750488
0.999992371 0.003873912 -0.000488917 0.981990695 -0.003873236 0.999991477 0.001374615 -1.357451797 0.000494239 -0.001372711 0.999998927 49.897171021
0.999992371 0.003813291 -0.000843899 0.999554098 -0.003812004 0.999991536 0.001522086 -1.377728939 0.000849696 -0.001518858 0.999998510 50.430004120
0.999991298 0.004126073 -0.000626635 1.013257504 -0.004125206 0.999990463 0.001379836 -1.398889303 0.000632323 -0.001377239 0.999998868 50.963294983
0.999993205 0.003633821 -0.000635455 1.027557969 -0.003632844 0.999992371 0.001530191 -1.415577173 0.000641010 -0.001527873 0.999998569 51.499092102
0.999992549 0.003802000 -0.000686147 1.039079428 -0.003800815 0.999991238 0.001721442 -1.430572987 0.000692686 -0.001718821 0.999998271 52.035259247
0.999992549 0.003828211 -0.000546765 1.049481392 -0.003827433 0.999991655 0.001415014 -1.446477532 0.000552177 -0.001412911 0.999998868 52.568161011
0.999993205 0.003610146 -0.000741473 1.065765500 -0.003608932 0.999992132 0.001631913 -1.460528851 0.000747357 -0.001629226 0.999998391 53.105785370
0.999992132 0.003894048 -0.000707010 1.074891210 -0.003893108 0.999991477 0.001326718 -1.476182580 0.000712170 -0.001323955 0.999998868 53.648929596
0.999992490 0.003810282 -0.000621008 1.086409450 -0.003809544 0.999992013 0.001186546 -1.492851257 0.000625524 -0.001184171 0.999999106 54.196048737
0.999991894 0.003986647 -0.000519008 1.093224049 -0.003985954 0.999991179 0.001328848 -1.512208104 0.000524302 -0.001326768 0.999998987 54.741458893
0.999992132 0.003937022 -0.000445318 1.097246766 -0.003936417 0.999991298 0.001349641 -1.532735705 0.000450627 -0.001347877 0.999998987 55.292392731
0.999993324 0.003623266 -0.000512693 1.108126044 -0.003622557 0.999992430 0.001376049 -1.545683146 0.000517675 -0.001374183 0.999998927 55.837005615
0.999992609 0.003819186 -0.000471394 1.113447189 -0.003818460 0.999991536 0.001530510 -1.561092854 0.000477235 -0.001528698 0.999998689 56.378738403
0.999992311 0.003903587 -0.000371297 1.122121572 -0.003903106 0.999991536 0.001288150 -1.576097012 0.000376323 -0.001286691 0.999999106 56.921890259
0.999992371 0.003880837 -0.000395278 1.132870078 -0.003880335 0.999991596 0.001264561 -1.589798689 0.000400180 -0.001263017 0.999999106 57.465129852
0.999992728 0.003735345 -0.000766976 1.141985178 -0.003734543 0.999992430 0.001044569 -1.604402423 0.000770873 -0.001041697 0.999999166 58.003303528
0.999993443 0.003598784 -0.000390972 1.150245428 -0.003598388 0.999992967 0.001010139 -1.621813655 0.000394607 -0.001008725 0.999999404 58.540733337
0.999992311 0.003889867 -0.000328401 1.151441813 -0.003889529 0.999991894 0.001021009 -1.637492299 0.000332372 -0.001019724 0.999999404 59.091953278
0.999993086 0.003705973 -0.000357178 1.159564972 -0.003705616 0.999992669 0.000992702 -1.657892346 0.000360853 -0.000991372 0.999999404 59.628555298
0.999993443 0.003603089 -0.000310680 1.169089675 -0.003602801 0.999993086 0.000925183 -1.674436331 0.000314011 -0.000924058 0.999999523 60.165416718
0.999992549 0.003861752 0.000213876 1.174908876 -0.003861947 0.999992132 0.000922961 -1.690145373 -0.000210311 -0.000923780 0.999999464 60.714565277
0.999992371 0.003906882 0.000198007 1.186218858 -0.003906996 0.999992311 0.000577710 -1.702711821 -0.000195749 -0.000578479 0.999999821 61.262481689
0.999992490 0.003855738 0.000406293 1.200095057 -0.003855994 0.999992311 0.000630665 -1.716574788 -0.000403859 -0.000632227 0.999999642 61.803085327
0.999992371 0.003888279 0.000403639 1.209977269 -0.003888431 0.999992371 0.000378017 -1.732200503 -0.000402168 -0.000379584 0.999999762 62.351303101
0.999993145 0.003664549 0.000405273 1.225658894 -0.003664559 0.999993265 0.000022548 -1.748475194 -0.000405186 -0.000024033 0.999999940 62.884433746
0.999990404 0.004295688 0.000859468 1.233314157 -0.004295728 0.999990761 0.000046759 -1.760898590 -0.000859260 -0.000050450 0.999999642 63.434787750
0.999990702 0.004239956 0.000740430 1.246315360 -0.004239934 0.999990940 -0.000031666 -1.782805681 -0.000740557 0.000028527 0.999999702 63.971530914
0.999992728 0.003752760 0.000625843 1.262143493 -0.003752526 0.999992907 -0.000378752 -1.796866298 -0.000627259 0.000376400 0.999999762 64.512481689
0.999990284 0.004278218 0.000989853 1.267954111 -0.004278003 0.999990761 -0.000219655 -1.816436172 -0.000990784 0.000215418 0.999999404 65.055076599
0.999993265 0.003562306 0.000903512 1.286682367 -0.003561985 0.999993563 -0.000357119 -1.835663080 -0.000904777 0.000353899 0.999999523 65.597763062
0.999993086 0.003612160 0.000851306 1.297889471 -0.003611846 0.999993384 -0.000369187 -1.851814747 -0.000852634 0.000366109 0.999999583 66.141189575
0.999992669 0.003650819 0.001164066 1.303042650 -0.003650457 0.999993265 -0.000312775 -1.876696587 -0.001165201 0.000308523 0.999999225 66.708602905
0.999991655 0.003892445 0.001191037 1.317035198 -0.003892061 0.999992371 -0.000325005 -1.899281621 -0.001192293 0.000320367 0.999999225 67.247741699
0.999988258 0.004551678 0.001615202 1.325287700 -0.004551901 0.999989629 0.000133754 -1.924985528 -0.001614576 -0.000141105 0.999998689 67.807495117
0.999991298 0.003925577 0.001401744 1.345303059 -0.003925406 0.999992251 -0.000124490 -1.940734625 -0.001402221 0.000118986 0.999998987 68.350601196
0.999991655 0.003835320 0.001420061 1.361433983 -0.003834936 0.999992549 -0.000272542 -1.952855587 -0.001421096 0.000267093 0.999998868 68.903648376
0.999993443 0.003501521 0.000909371 1.385915518 -0.003501094 0.999993742 -0.000469955 -1.966722250 -0.000911011 0.000466768 0.999999464 69.446159363
0.999994457 0.003252887 0.000640470 1.412037373 -0.003252432 0.999994457 -0.000708884 -1.983007073 -0.000642772 0.000706797 0.999999464 70.029388428
0.999994457 0.003186583 0.000955621 1.421028495 -0.003185962 0.999994636 -0.000650938 -2.001034498 -0.000957690 0.000647890 0.999999344 70.570426941
0.999993622 0.003361090 0.001150564 1.427732706 -0.003360370 0.999994159 -0.000626603 -2.023737907 -0.001152662 0.000622733 0.999999166 71.120285034
0.999992549 0.003642491 0.001262121 1.433447123 -0.003641637 0.999993145 -0.000678918 -2.041558266 -0.001264586 0.000674317 0.999998987 71.670013428
0.999994397 0.003070630 0.001266816 1.441556573 -0.003069803 0.999995053 -0.000655492 -2.059955835 -0.001268823 0.000651600 0.999998927 72.216552734
0.999993563 0.003240377 0.001491682 1.448475718 -0.003238976 0.999994278 -0.000940538 -2.077077866 -0.001494720 0.000935700 0.999998450 72.777862549
0.999991000 0.003828407 0.001788094 1.452888608 -0.003826486 0.999992073 -0.001076144 -2.094060421 -0.001792200 0.001069292 0.999997735 73.319900513
0.999991596 0.003649773 0.001872552 1.459430099 -0.003647927 0.999992847 -0.000987352 -2.113192081 -0.001876143 0.000980512 0.999997675 73.876754761
0.999992430 0.003357463 0.001960593 1.471213102 -0.003355556 0.999993920 -0.000975873 -2.133055210 -0.001963857 0.000969286 0.999997616 74.421363831
0.999987841 0.004227303 0.002548200 1.471190929 -0.004224762 0.999990523 -0.001001570 -2.146163940 -0.002552409 0.000990792 0.999996245 74.984214783
0.999989450 0.003973546 0.002296506 1.485568285 -0.003971189 0.999991596 -0.001030021 -2.165967464 -0.002300580 0.001020890 0.999996841 75.534713745
0.999988616 0.004210487 0.002205437 1.501353025 -0.004207644 0.999990284 -0.001290910 -2.181543350 -0.002210851 0.001281616 0.999996722 76.090332031
0.999989748 0.003943827 0.002215830 1.511867285 -0.003940911 0.999991298 -0.001318140 -2.198024750 -0.002221010 0.001309395 0.999996662 76.643791199
0.999989450 0.004031872 0.002197572 1.524402022 -0.004028172 0.999990463 -0.001685493 -2.213354588 -0.002204346 0.001676623 0.999996185 77.200683594
0.999989212 0.004057075 0.002246451 1.538813233 -0.004053054 0.999990165 -0.001791852 -2.229474306 -0.002253699 0.001782728 0.999995887 77.739021301
0.999989808 0.004041824 0.001988863 1.545974731 -0.004038726 0.999990582 -0.001560279 -2.244573116 -0.001995150 0.001552230 0.999996722 78.289741516
0.999992132 0.003310483 0.002155962 1.556436777 -0.003306120 0.999992490 -0.002025422 -2.257545948 -0.002162650 0.002018279 0.999995649 78.835906982
0.999990523 0.003730744 0.002239965 1.563654780 -0.003725636 0.999990463 -0.002279921 -2.271755934 -0.002248449 0.002271554 0.999994874 79.396575928
0.999990582 0.003701570 0.002277806 1.571463823 -0.003696473 0.999990642 -0.002238297 -2.292553902 -0.002286071 0.002229856 0.999994874 79.948089600
0.999990225 0.003700012 0.002426892 1.581421375 -0.003694135 0.999990225 -0.002422079 -2.309333563 -0.002435831 0.002413091 0.999994099 80.502723694
0.999988317 0.003455830 0.003381454 1.592584610 -0.003448021 0.999991357 -0.002312896 -2.326076508 -0.003389417 0.002301210 0.999991536 81.060012817
0.999983013 0.003347906 0.004753732 1.599705219 -0.003335284 0.999990880 -0.002660352 -2.343310833 -0.004762594 0.002644452 0.999985158 81.614906311
0.999976575 0.003259828 0.006017079 1.607428193 -0.003242136 0.999990404 -0.002947776 -2.354281902 -0.006026630 0.002928199 0.999977529 82.195449829
0.999969184 0.002989184 0.007250135 1.612174749 -0.002966865 0.999990821 -0.003087150 -2.366418123 -0.007259296 0.003065545 0.999968946 82.766136169
0.999941647 0.003115183 0.010338785 1.627281666 -0.003082528 0.999990165 -0.003172959 -2.384146929 -0.010348567 0.003140905 0.999941528 83.337806702
0.999892771 0.003246106 0.014279115 1.633422375 -0.003201313 0.999989808 -0.003158479 -2.401856184 -0.014289224 0.003112428 0.999893010 83.911643982
0.999841988 0.002743800 0.017561287 1.636441946 -0.002676711 0.999989033 -0.003842806 -2.404382467 -0.017571636 0.003795193 0.999838412 84.506561279
0.999773920 0.001751368 0.021191485 1.649896622 -0.001670273 0.999991179 -0.003843846 -2.417357206 -0.021198032 0.003807581 0.999768019 85.091423035
0.999617457 0.002524337 0.027540417 1.674116611 -0.002424338 0.999990344 -0.003663735 -2.435481548 -0.027549403 0.003595567 0.999614000 85.632537842
0.999413252 0.002569949 0.034159038 1.707843304 -0.002436816 0.999989212 -0.003938495 -2.457452059 -0.034168798 0.003852944 0.999408662 86.150474548
0.999174237 0.002767856 0.040534828 1.743461609 -0.002626555 0.999990284 -0.003538810 -2.480719566 -0.040544227 0.003429421 0.999171853 86.673881531
0.998838127 0.002307330 0.048135698 1.797016144 -0.002142062 0.999991655 -0.003484670 -2.500228167 -0.048143338 0.003377512 0.998834729 87.217720032
0.998376369 0.002533588 0.056904711 1.838852644 -0.002335182 0.999990940 -0.003552864 -2.526630878 -0.056913197 0.003414212 0.998373270 87.744842529
0.997991443 0.001346236 0.063334927 1.894704342 -0.001043712 0.999987900 -0.004809409 -2.516487837 -0.063340634 0.004733645 0.997980714 88.368217468
0.997351229 0.001398479 0.072722919 1.950182915 -0.001048862 0.999987721 -0.004845497 -2.532783031 -0.072728798 0.004756386 0.997340441 88.910583496
0.996579349 0.001268638 0.082631223 2.019359112 -0.000892156 0.999989033 -0.004592919 -2.554760933 -0.082636148 0.004503489 0.996569574 89.438293457
0.995823383 0.001354067 0.091290563 2.086111546 -0.000923879 0.999988258 -0.004754379 -2.567973852 -0.091295935 0.004650181 0.995812893 89.987091064
0.995051682 0.000671015 0.099355683 2.150576591 -0.000171929 0.999987245 -0.005031687 -2.582587719 -0.099357806 0.004989707 0.995039284 90.539665222
0.994045258 0.000410688 0.108968452 2.241289139 0.000166465 0.999985933 -0.005287361 -2.600097418 -0.108969130 0.005274015 0.994031131 91.069519043
0.992836475 -0.000253090 0.119480692 2.326140404 0.000851545 0.999987304 -0.004957777 -2.618731499 -0.119477928 0.005024005 0.992824137 91.606201172
0.991663873 -0.000522354 0.128850132 2.414956093 0.001172137 0.999987006 -0.004967158 -2.642261267 -0.128845841 0.005076782 0.991651654 92.131065369
0.990153611 -0.000636979 0.139983326 2.514837265 0.001341967 0.999986827 -0.004941885 -2.656793356 -0.139978334 0.005081079 0.990141511 92.680755615
0.988208413 -0.000306370 0.153114483 2.615696907 0.001104367 0.999986231 -0.005126744 -2.676522493 -0.153110787 0.005235386 0.988195121 93.212951660
0.986613810 -0.001688129 0.163065359 2.728681564 0.002550923 0.999983847 -0.005081851 -2.696272612 -0.163054153 0.005429791 0.986602187 93.744834900
0.984857261 -0.002296365 0.173351452 2.842432976 0.003251658 0.999981046 -0.005226946 -2.714203835 -0.173336193 0.005711476 0.984846115 94.276863098
0.982429326 -0.001693381 0.186626956 2.959762573 0.002687411 0.999983490 -0.005073427 -2.733893633 -0.186615303 0.005485828 0.982417762 94.807533264
0.980109155 -0.002149700 0.198447540 3.094266891 0.003214024 0.999982119 -0.005041298 -2.750690937 -0.198433176 0.005578837 0.980098486 95.331268311
0.977840185 -0.002404453 0.209338814 3.226531982 0.003504331 0.999981940 -0.004883306 -2.768411398 -0.209323272 0.005508685 0.977830946 95.875663757
0.974950552 -0.002466378 0.222407743 3.372779846 0.003604108 0.999982417 -0.004709783 -2.787629128 -0.222392231 0.005393386 0.974942267 96.408645630
0.971818745 -0.002448963 0.235716581 3.514986038 0.003530796 0.999985099 -0.004167574 -2.806461096 -0.235702857 0.004882393 0.971812904 96.931137085
0.969075561 -0.003464076 0.246740252 3.670785904 0.004750190 0.999978125 -0.004617379 -2.823004723 -0.246718839 0.005646651 0.969070733 97.448814392
0.966057539 -0.003725344 0.258300513 3.834304810 0.005082685 0.999976575 -0.004587326 -2.838363171 -0.258277416 0.005744480 0.966053724 97.935317993
0.962413847 -0.003409470 0.271565497 4.006654739 0.004826809 0.999978006 -0.004551369 -2.857032061 -0.271543920 0.005691095 0.962409198 98.452339172
0.958707452 -0.003867616 0.284367800 4.180124283 0.005469709 0.999973357 -0.004839992 -2.878051519 -0.284341544 0.006195546 0.958703041 98.973297119
0.955053091 -0.003807128 0.296410352 4.357763290 0.005467579 0.999973595 -0.004773114 -2.898099422 -0.296384364 0.006179224 0.955048740 99.480636597
0.950713336 -0.004172489 0.310042977 4.553316116 0.005772071 0.999974370 -0.004242007 -2.921981573 -0.310017258 0.005822523 0.950713217 99.971748352
0.946090221 -0.004562129 0.323871404 4.756698608 0.006257273 0.999971569 -0.004192846 -2.936447382 -0.323843122 0.005993362 0.946091831 100.491317749
0.942121029 -0.005297495 0.335231125 4.966960907 0.007213585 0.999963939 -0.004470842 -2.947442532 -0.335195333 0.006630292 0.942125261 101.010551453
0.937476575 -0.005345287 0.348007530 5.177188873 0.007356455 0.999962986 -0.004457991 -2.963782787 -0.347970814 0.006739363 0.937481105 101.520698547
0.932009757 -0.005143157 0.362396628 5.390365601 0.006944867 0.999969125 -0.003669144 -2.989440680 -0.362366617 0.005936475 0.932016671 102.002281189
0.927234590 -0.005732852 0.374436975 5.619115829 0.007520688 0.999966264 -0.003313734 -3.010671377 -0.374405384 0.005888632 0.927246392 102.498916626
0.922374964 -0.006127748 0.386247039 5.838668823 0.007901210 0.999964237 -0.003004166 -3.032421350 -0.386214852 0.005822788 0.922390401 103.001144409
0.916596651 -0.006252610 0.399764329 6.089412689 0.008089225 0.999962986 -0.002907156 -3.061169863 -0.399731338 0.005898472 0.916613340 103.386314392
0.910638511 -0.006112210 0.413158715 6.333503723 0.007825065 0.999966383 -0.002453780 -3.077582121 -0.413129836 0.005467501 0.910655737 103.876358032
0.905749679 -0.006802161 0.423758477 6.586254120 0.008768379 0.999957919 -0.002690403 -3.094169617 -0.423722357 0.006152506 0.905771196 104.356185913
0.899673045 -0.006656073 0.436513543 6.846599579 0.008518761 0.999961019 -0.002309861 -3.110721827 -0.436481237 0.005796674 0.899694681 104.852233887
0.892894208 -0.006797591 0.450215220 7.113456726 0.008934693 0.999956608 -0.002621943 -3.127588511 -0.450177848 0.006363653 0.892916203 105.333442688
0.886868715 -0.007717870 0.461957097 7.398601532 0.009790553 0.999949813 -0.002089915 -3.148617983 -0.461917818 0.006376296 0.886899829 105.819717407
0.881245792 -0.008146551 0.472588181 7.680549622 0.010162360 0.999946833 -0.001712733 -3.164213419 -0.472549140 0.006311950 0.881281793 106.297180176
0.873480260 -0.008481244 0.486785650 7.964557648 0.010857711 0.999938846 -0.002061009 -3.179283381 -0.486738503 0.007085628 0.873519003 106.772926331
0.866162956 -0.008152552 0.499695212 8.249019623 0.010482291 0.999943316 -0.001855694 -3.196904659 -0.499651760 0.006845284 0.866199315 107.226257324
0.859940469 -0.008395541 0.510325253 8.542743683 0.010613611 0.999942601 -0.001434407 -3.218441248 -0.510283947 0.006649899 0.859980226 107.674110413
