1.000000000 0.000000000 0.000000000 0.000000000 0.000000000 1.000000000 0.000000000 0.000000000 0.000000000 0.000000000 1.000000000 0.000000000
1.000000000 -0.000008235 -0.000005692 0.000385174 0.000008236 1.000000000 0.000031903 0.000116756 0.000005692 -0.000031903 1.000000000 0.000224316
1.000000000 0.000025567 0.000092738 -0.000467018 -0.000025572 1.000000000 0.000056124 0.000197432 -0.000092736 -0.000056127 1.000000000 0.000290142
1.000000000 -0.000096194 -0.000016528 0.000997377 0.000096194 1.000000000 -0.000013393 0.000408139 0.000016529 0.000013392 1.000000000 0.000014074
1.000000000 0.000036832 0.000095504 0.000025150 -0.000036832 1.000000000 0.000003235 0.000632564 -0.000095504 -0.000003238 1.000000000 0.001243146
1.000000000 0.000079239 0.000010763 0.000174445 -0.000079238 1.000000000 -0.000045551 0.000751670 -0.000010766 0.000045551 1.000000000 -0.000492326
1.000000000 -0.000026215 0.000085117 0.000182523 0.000026214 1.000000000 0.000007289 0.000012326 -0.000085117 -0.000007287 1.000000000 0.000401045
1.000000000 0.000095420 0.000045637 -0.000717414 -0.000095423 1.000000000 0.000065395 0.000378759 -0.000045631 -0.000065399 1.000000000 0.000556760
1.000000000 0.000105130 0.000052040 0.000296488 -0.000105132 1.000000000 0.000039005 0.000436945 -0.000052036 -0.000039011 1.000000000 0.001186038
1.000000000 0.000149548 0.000045854 -0.000283608 -0.000149547 1.000000000 -0.000016623 0.000280786 -0.000045857 0.000016616 1.000000000 -0.000088219
1.000000000 0.000037015 0.000059259 -0.000631938 -0.000037016 1.000000000 0.000021363 0.000474668 -0.000059258 -0.000021365 1.000000000 0.000065242
1.000000000 0.000114598 0.000094108 -0.001466300 -0.000114590 1.000000000 -0.000087263 0.001653001 -0.000094118 0.000087252 1.000000000 0.001164784
1.000000000 0.000146436 0.000108065 -0.001001191 -0.000146432 1.000000000 -0.000038472 0.001396823 -0.000108070 0.000038456 1.000000000 0.000696501
1.000000000 0.000150404 0.000128214 -0.001441723 -0.000150397 1.000000000 -0.000054067 0.002059308 -0.000128222 0.000054047 1.000000000 0.001512655
0.999999940 0.000248769 0.000128298 -0.002322528 -0.000248760 0.999999940 -0.000067764 0.001788228 -0.000128315 0.000067732 1.000000000 0.001526710
0.999999940 0.000282729 0.000147351 -0.002242200 -0.000282723 0.999999940 -0.000037298 0.002134237 -0.000147361 0.000037256 1.000000000 0.001310777
0.999999940 0.000234695 0.000135028 -0.001897996 -0.000234683 0.999999940 -0.000088658 0.002052965 -0.000135049 0.000088627 1.000000000 0.001696430
1.000000000 0.000177365 0.000140722 -0.001835560 -0.000177365 1.000000000 0.000000594 0.001519847 -0.000140722 -0.000000619 1.000000000 0.001346246
1.000000000 0.000222173 0.000071251 -0.001378321 -0.000222176 1.000000000 0.000042526 0.001496276 -0.000071242 -0.000042542 1.000000000 0.001131488
1.000000000 0.000124664 0.000156065 -0.001757287 -0.000124658 1.000000000 -0.000033238 0.001575103 -0.000156069 0.000033218 1.000000000 0.001156893
1.000000000 0.000170978 0.000132818 -0.001585129 -0.000170982 1.000000000 0.000025773 0.001592043 -0.000132813 -0.000025795 1.000000000 0.001705450
0.999999940 0.000270873 0.000136883 -0.002102745 -0.000270868 0.999999940 -0.000035828 0.002259904 -0.000136893 0.000035791 1.000000000 0.001599769
0.999999940 0.000225067 0.000215857 -0.001799382 -0.000225057 1.000000000 -0.000046418 0.001551517 -0.000215867 0.000046369 1.000000000 0.001102467
1.000000000 0.000130636 0.000166760 -0.002031818 -0.000130633 1.000000000 -0.000016761 0.001917155 -0.000166762 0.000016740 1.000000000 0.001218471
1.000000000 0.000103612 0.000145139 -0.001612672 -0.000103607 1.000000000 -0.000033379 0.001492330 -0.000145142 0.000033364 1.000000000 0.001586017
1.000000000 0.000127196 0.000064545 -0.001832778 -0.000127196 1.000000000 0.000001083 0.001490840 -0.000064544 -0.000001091 1.000000000 0.000095960
1.000000000 0.000094688 0.000115987 -0.001499316 -0.000094690 1.000000000 0.000012671 0.001229257 -0.000115986 -0.000012682 1.000000000 0.000645567
1.000000000 0.000068490 0.000175959 -0.000892850 -0.000068495 1.000000000 0.000027132 0.000897375 -0.000175957 -0.000027144 1.000000000 0.000980535
1.000000000 0.000024838 0.000158258 -0.000983272 -0.000024826 1.000000000 -0.000072167 0.002117369 -0.000158260 0.000072163 1.000000000 0.002304654
1.000000000 0.000200544 0.000127384 -0.001224251 -0.000200533 1.000000000 -0.000086813 0.002079413 -0.000127401 0.000086788 1.000000000 0.002091469
0.999999940 0.000293934 0.000228835 -0.001878628 -0.000293946 0.999999940 0.000054115 0.000676693 -0.000228819 -0.000054182 1.000000000 0.000003775
0.999999940 0.000199863 0.000154153 -0.001421352 -0.000199856 1.000000000 -0.000044645 0.001427505 -0.000154162 0.000044614 1.000000000 0.000765015
0.999999940 0.000259232 0.000035933 -0.000280189 -0.000259231 0.999999940 -0.000018246 0.000256105 -0.000035937 0.000018237 1.000000000 0.000046324
0.999999940 0.000154922 0.000014933 0.000216850 -0.000154922 0.999999940 -0.000022037 0.001087541 -0.000014936 0.000022034 1.000000000 0.000299414
1.000000000 0.000115904 -0.000028223 -0.000146412 -0.000115905 1.000000000 -0.000027283 0.001056180 0.000028220 0.000027286 1.000000000 0.001036708
0.999999940 0.000230996 0.000059445 -0.000850605 -0.000230994 0.999999940 -0.000026613 0.000891182 -0.000059451 0.000026599 1.000000000 0.000770654
1.000000000 0.000142445 0.000021174 0.000472925 -0.000142444 1.000000000 -0.000041872 0.001191458 -0.000021180 0.000041869 1.000000000 0.000912747
1.000000000 0.000096989 -0.000007356 0.000136469 -0.000096990 1.000000000 -0.000141347 0.001102749 0.000007342 0.000141348 1.000000000 0.001664904
0.999999940 0.000268063 0.000139803 0.000173616 -0.000267985 0.999999821 -0.000558943 -0.003331259 -0.000139953 0.000558905 0.999999881 0.047529560
1.000000000 0.000155123 0.000043285 0.001407511 -0.000155091 0.999999642 -0.000728775 -0.008221552 -0.000043398 0.000728768 0.999999762 0.141270906
0.999999940 0.000256557 -0.000017073 0.004216579 -0.000256573 0.999999583 -0.000907730 -0.013346805 0.000016840 0.000907734 0.999999583 0.250904411
0.999999940 0.000290504 -0.000000493 0.008764422 -0.000290504 0.999999404 -0.001057757 -0.015918052 0.000000186 0.001057757 0.999999464 0.380060345
0.999999940 0.000283284 -0.000019448 0.010518241 -0.000283301 0.999999583 -0.000874666 -0.019259432 0.000019201 0.000874672 0.999999583 0.522633195
1.000000000 0.000101537 0.000082856 0.015271083 -0.000101479 0.999999762 -0.000700960 -0.024659814 -0.000082927 0.000700952 0.999999762 0.671787441
1.000000000 0.000039117 0.000238620 0.019001767 -0.000039029 0.999999940 -0.000370173 -0.028054493 -0.000238635 0.000370164 0.999999940 0.836283743
0.999999940 -0.000366873 -0.000073218 0.024056062 0.000366845 0.999999881 -0.000378946 -0.032566659 0.000073357 0.000378919 0.999999881 1.007740378
0.999999881 -0.000326533 0.000049281 0.026300590 0.000326554 0.999999881 -0.000426758 -0.037323270 -0.000049142 0.000426775 0.999999881 1.180325031
0.999999940 0.000244214 0.000245476 0.028003665 -0.000244173 0.999999940 -0.000169778 -0.042494379 -0.000245517 0.000169718 0.999999940 1.361007333
0.999999881 0.000368103 0.000212978 0.029240992 -0.000368036 0.999999881 -0.000314027 -0.045497488 -0.000213093 0.000313949 0.999999940 1.553038239
1.000000000 0.000111534 0.000161510 0.031868618 -0.000111507 1.000000000 -0.000169415 -0.053788241 -0.000161529 0.000169397 0.999999940 1.747141004
0.999999821 0.000397021 0.000376588 0.038655411 -0.000397069 0.999999940 0.000127925 -0.058601812 -0.000376537 -0.000128075 0.999999940 1.945960402
0.999999762 0.000317324 0.000530386 0.043908529 -0.000317421 0.999999940 0.000184098 -0.066972330 -0.000530327 -0.000184266 0.999999821 2.154073238
0.999999762 0.000347552 0.000426417 0.049109045 -0.000347613 0.999999940 0.000143626 -0.071159340 -0.000426367 -0.000143774 0.999999881 2.370432615
0.999999702 0.000420249 0.000569558 0.054387614 -0.000420439 0.999999881 0.000333577 -0.079784580 -0.000569418 -0.000333816 0.999999762 2.590224266
0.999999702 0.000289005 0.000725190 0.057120044 -0.000289302 0.999999821 0.000409099 -0.089333311 -0.000725072 -0.000409309 0.999999642 2.818031549
0.999999583 0.000377685 0.000863496 0.060666203 -0.000378101 0.999999762 0.000482261 -0.093149878 -0.000863314 -0.000482588 0.999999523 3.053637028
0.999999642 0.000562307 0.000788524 0.066420764 -0.000562579 0.999999762 0.000345170 -0.101127639 -0.000788330 -0.000345613 0.999999642 3.285106182
0.999999464 0.000635595 0.000927408 0.071066014 -0.000635821 0.999999762 0.000242997 -0.107039519 -0.000927254 -0.000243587 0.999999523 3.534672260
0.999998987 0.000841230 0.001075989 0.074081294 -0.000841639 0.999999583 0.000379828 -0.114380702 -0.001075668 -0.000380734 0.999999344 3.789063692
0.999999106 0.000831825 0.001064657 0.079458252 -0.000832170 0.999999583 0.000323532 -0.120111130 -0.001064387 -0.000324418 0.999999404 4.043499470
0.999998689 0.001025457 0.001248125 0.085056499 -0.001025949 0.999999404 0.000393620 -0.125700817 -0.001247721 -0.000394900 0.999999166 4.295781136
0.999998212 0.001325730 0.001340305 0.088449083 -0.001326474 0.999998987 0.000554072 -0.135068312 -0.001339569 -0.000555849 0.999998987 4.555151939
0.999998450 0.001176149 0.001324914 0.097185828 -0.001176859 0.999999166 0.000535185 -0.140352115 -0.001324284 -0.000536744 0.999998987 4.808279991
0.999997795 0.001516021 0.001463700 0.098777272 -0.001517067 0.999998569 0.000713827 -0.149974450 -0.001462615 -0.000716046 0.999998689 5.056822300
0.999996424 0.001770672 0.001961158 0.105382882 -0.001771642 0.999998331 0.000493247 -0.155572101 -0.001960281 -0.000496719 0.999997973 5.327642918
0.999996960 0.001571000 0.001915312 0.111028768 -0.001572349 0.999998450 0.000703091 -0.164697260 -0.001914205 -0.000706100 0.999997914 5.600842476
0.999996305 0.001828866 0.002010363 0.112476572 -0.001830447 0.999998033 0.000784605 -0.172250360 -0.002008924 -0.000788282 0.999997675 5.869157314
0.999995828 0.001898992 0.002242545 0.117614157 -0.001900376 0.999998033 0.000615490 -0.180780306 -0.002241372 -0.000619749 0.999997258 6.147490025
0.999995649 0.001908943 0.002265392 0.125489160 -0.001910875 0.999997854 0.000850627 -0.188225046 -0.002263763 -0.000854952 0.999997079 6.433085442
0.999995768 0.002031263 0.002131142 0.128817171 -0.002033121 0.999997556 0.000869714 -0.198250368 -0.002129370 -0.000874043 0.999997377 6.722166061
0.999996483 0.001722089 0.002013726 0.140964150 -0.001723446 0.999998271 0.000672399 -0.205539241 -0.002012565 -0.000675867 0.999997735 7.023334026
0.999997258 0.001510813 0.001768829 0.148198962 -0.001512608 0.999998271 0.001013871 -0.215142623 -0.001767294 -0.001016544 0.999997914 7.327118397
0.999995828 0.001876293 0.002205726 0.149064988 -0.001878651 0.999997616 0.001067721 -0.230428264 -0.002203717 -0.001071860 0.999997020 7.619316101
0.999996305 0.001670654 0.002145163 0.164110810 -0.001672987 0.999997973 0.001086117 -0.235979095 -0.002143345 -0.001089702 0.999997139 7.933718204
0.999994993 0.002217374 0.002260718 0.161396280 -0.002219812 0.999996960 0.001076271 -0.249509871 -0.002258325 -0.001081284 0.999996841 8.254032135
0.999995410 0.002182097 0.002075391 0.169574901 -0.002184391 0.999997020 0.001103364 -0.256469905 -0.002072977 -0.001107892 0.999997199 8.580073357
0.999993742 0.002435443 0.002549220 0.172925055 -0.002437778 0.999996603 0.000913293 -0.263450027 -0.002546987 -0.000919502 0.999996305 8.918926239
0.999993563 0.002485436 0.002570149 0.181052074 -0.002487632 0.999996543 0.000851520 -0.276533276 -0.002568023 -0.000857908 0.999996245 9.259819031
0.999992251 0.002633973 0.002931275 0.184912771 -0.002635780 0.999996305 0.000612839 -0.285504222 -0.002929650 -0.000620560 0.999995470 9.595891953
0.999994099 0.002373247 0.002489066 0.196416497 -0.002375812 0.999996662 0.001027857 -0.298376173 -0.002486618 -0.001033764 0.999996364 9.944398880
0.999993563 0.002651769 0.002407129 0.203414351 -0.002653963 0.999996185 0.000908803 -0.307361484 -0.002404710 -0.000915186 0.999996603 10.306232452
0.999993443 0.002554857 0.002566383 0.211390644 -0.002556944 0.999996364 0.000810404 -0.318200201 -0.002564304 -0.000816961 0.999996305 10.667314529
0.999994755 0.002238441 0.002341767 0.221972376 -0.002240723 0.999997020 0.000972582 -0.325636148 -0.002339583 -0.000977825 0.999996781 11.029969215
0.999995112 0.002073410 0.002331075 0.234863430 -0.002076335 0.999997079 0.001253074 -0.340426356 -0.002328471 -0.001257908 0.999996483 11.400207520
0.999992847 0.002751871 0.002604097 0.238050580 -0.002754857 0.999995530 0.001143735 -0.347860813 -0.002600939 -0.001150901 0.999995947 11.798481941
0.999992669 0.002745342 0.002671985 0.245268345 -0.002748841 0.999995351 0.001306719 -0.361689270 -0.002668386 -0.001314054 0.999995589 12.180931091
0.999992967 0.002727380 0.002636143 0.257114619 -0.002731826 0.999994874 0.001684227 -0.376739472 -0.002631537 -0.001691416 0.999995112 12.565916061
0.999993563 0.002541546 0.002505786 0.264604598 -0.002545778 0.999995351 0.001687054 -0.384162277 -0.002501487 -0.001693423 0.999995410 12.983835220
0.999992430 0.002722736 0.002775149 0.273308367 -0.002726818 0.999995172 0.001468003 -0.398008764 -0.002771139 -0.001475559 0.999995053 13.384561539
0.999993384 0.002562737 0.002583887 0.285573274 -0.002567051 0.999995410 0.001667676 -0.408962250 -0.002579601 -0.001674299 0.999995232 13.801984787
0.999993384 0.002479439 0.002644112 0.295556933 -0.002484091 0.999995291 0.001757462 -0.419133335 -0.002639742 -0.001764019 0.999994934 14.213687897
0.999991894 0.002747924 0.002921019 0.305198550 -0.002753194 0.999994576 0.001802033 -0.435219079 -0.002916052 -0.001810060 0.999994099 14.630110741
0.999990761 0.003057312 0.002998604 0.313160211 -0.003062125 0.999993980 0.001602070 -0.444084734 -0.002993687 -0.001611237 0.999994218 15.063435555
0.999989033 0.003229493 0.003368643 0.320929885 -0.003235490 0.999993205 0.001776349 -0.456157357 -0.003362883 -0.001787229 0.999992669 15.498059273
0.999989271 0.002812313 0.003681807 0.329531044 -0.002818705 0.999994457 0.001731822 -0.467783093 -0.003676916 -0.001742181 0.999991715 15.939455032
0.999987602 0.003206728 0.003796831 0.341500014 -0.003212354 0.999993742 0.001476499 -0.476405919 -0.003792072 -0.001488678 0.999991715 16.382932663
0.999984682 0.003566722 0.004234773 0.349818498 -0.003572294 0.999992788 0.001308795 -0.488256425 -0.004230074 -0.001323903 0.999990165 16.831974030
0.999985456 0.003018472 0.004463816 0.360917866 -0.003027855 0.999993205 0.002096876 -0.513860106 -0.004457457 -0.002110361 0.999987781 17.265996933
0.999985278 0.003051898 0.004485468 0.366412580 -0.003059315 0.999993920 0.001647777 -0.514030933 -0.004480412 -0.001661475 0.999988616 17.743520737
0.999983668 0.002944997 0.004901679 0.381959021 -0.002954291 0.999993861 0.001890137 -0.535350263 -0.004896083 -0.001904587 0.999986112 18.191699982
0.999980330 0.003196852 0.005397675 0.394104779 -0.003205533 0.999993622 0.001600367 -0.541223943 -0.005392523 -0.001617638 0.999984086 18.668703079
0.999981582 0.002976627 0.005288601 0.404531121 -0.002987274 0.999993503 0.002006569 -0.558173716 -0.005282593 -0.002022331 0.999984026 19.155380249
0.999982476 0.002834436 0.005206502 0.420901805 -0.002842219 0.999994874 0.001487999 -0.559480727 -0.005202257 -0.001502770 0.999985337 19.655456543
0.999979317 0.003403226 0.005464032 0.424697697 -0.003414226 0.999992132 0.002005176 -0.579942942 -0.005457164 -0.002023790 0.999983072 20.131416321
0.999978483 0.003509175 0.005547885 0.441579849 -0.003519353 0.999992132 0.001825780 -0.592926860 -0.005541435 -0.001845265 0.999982953 20.630821228
0.999981701 0.003343832 0.005042954 0.458494186 -0.003352551 0.999992907 0.001721647 -0.602412224 -0.005037162 -0.001738522 0.999985814 21.123638153
0.999985397 0.003159685 0.004380095 0.470844805 -0.003166695 0.999993742 0.001594507 -0.611931026 -0.004375029 -0.001608354 0.999989212 21.629913330
0.999983013 0.003822142 0.004393753 0.477056324 -0.003828944 0.999991596 0.001540929 -0.628959119 -0.004387826 -0.001557727 0.999989152 22.129878998
0.999986172 0.003537705 0.003877581 0.493753672 -0.003543779 0.999992430 0.001560679 -0.639915884 -0.003872030 -0.001574399 0.999991298 22.654623032
0.999986231 0.003752496 0.003676148 0.497161359 -0.003759748 0.999991000 0.001967827 -0.661803424 -0.003668731 -0.001981621 0.999991298 23.132917404
0.999989212 0.003334837 0.003226348 0.508528709 -0.003342117 0.999991894 0.002253590 -0.679954827 -0.003218807 -0.002264348 0.999992251 23.652534485
0.999992371 0.002667181 0.002823247 0.516988277 -0.002671639 0.999995232 0.001576496 -0.694165707 -0.002819029 -0.001584027 0.999994695 24.175214767
0.999993622 0.002832266 0.002167728 0.534143925 -0.002836655 0.999993861 0.002024492 -0.714556336 -0.002161981 -0.002030628 0.999995530 24.685396194
0.999991119 0.003767402 0.001884108 0.539275825 -0.003771622 0.999990344 0.002241206 -0.728445172 -0.001875647 -0.002248293 0.999995649 25.224451065
0.999993205 0.003551184 0.000932958 0.551122844 -0.003553309 0.999991059 0.002286939 -0.741977751 -0.000924828 -0.002290239 0.999996901 25.764230728
0.999993980 0.003463415 0.000180977 0.563029408 -0.003463807 0.999991536 0.002216218 -0.757064044 -0.000173300 -0.002216832 0.999997497 26.317190170
0.999996245 0.002790207 0.000086033 0.574003041 -0.002790397 0.999993503 0.002294610 -0.765219986 -0.000079630 -0.002294842 0.999997318 26.874561310
0.999996781 0.002315052 -0.001066610 0.592024565 -0.002312630 0.999994814 0.002266723 -0.780430973 0.001071852 -0.002264249 0.999996841 27.437221527
0.999993622 0.003500607 -0.000723197 0.591190219 -0.003499048 0.999991596 0.002145802 -0.792314708 0.000730702 -0.002143258 0.999997377 27.980260849
0.999991179 0.004013277 -0.001271646 0.603538036 -0.004010530 0.999989629 0.002155594 -0.801163912 0.001280283 -0.002150475 0.999996841 28.535257339
0.999991834 0.003902787 -0.001029189 0.609088421 -0.003900383 0.999989688 0.002326362 -0.822967827 0.001038257 -0.002322328 0.999996781 29.063905716
0.999992192 0.003781564 -0.001128196 0.616181433 -0.003778962 0.999990225 0.002299078 -0.835217774 0.001136880 -0.002294796 0.999996722 29.617050171
0.999990821 0.003937847 -0.001653762 0.626186728 -0.003934102 0.999989688 0.002261103 -0.849111021 0.001662649 -0.002254576 0.999996066 30.169733047
0.999989688 0.004097466 -0.001935589 0.636870265 -0.004092648 0.999988556 0.002486195 -0.863524199 0.001945754 -0.002478248 0.999995053 30.720100403
0.999991953 0.003689314 -0.001554169 0.638490558 -0.003684695 0.999988914 0.002964903 -0.891110599 0.001565089 -0.002959153 0.999994397 31.246154785
0.999988735 0.004180009 -0.002275263 0.658712864 -0.004173778 0.999987543 0.002736560 -0.896201611 0.002286674 -0.002727032 0.999993622 31.804166794
0.999989271 0.003701220 -0.002768798 0.667837620 -0.003693985 0.999989688 0.002613743 -0.916806638 0.002778443 -0.002603487 0.999992669 32.341438293
0.999986529 0.004428724 -0.002704387 0.669080615 -0.004420974 0.999986172 0.002865030 -0.930101871 0.002717037 -0.002853035 0.999992251 32.890750885
0.999988139 0.003784664 -0.003074419 0.689732850 -0.003777921 0.999990463 0.002195887 -0.939641953 0.003082699 -0.002184246 0.999992788 33.448917389
0.999983191 0.004472203 -0.003696388 0.697846711 -0.004463011 0.999986947 0.002491214 -0.952460945 0.003707481 -0.002474675 0.999990046 34.015571594
0.999986410 0.003428682 -0.003927975 0.712061465 -0.003419202 0.999991357 0.002417757 -0.972632587 0.003936231 -0.002404294 0.999989390 34.557216644
0.999984264 0.003443723 -0.004413702 0.725355029 -0.003431860 0.999990523 0.002692725 -0.993250072 0.004422933 -0.002677536 0.999986708 35.091743469
0.999985993 0.002823068 -0.004477307 0.732712686 -0.002811798 0.999992907 0.002521440 -0.995906532 0.004484393 -0.002508816 0.999986827 35.634799957
0.999985814 0.003140560 -0.004288624 0.733745635 -0.003129150 0.999991536 0.002664319 -1.021148443 0.004296955 -0.002650862 0.999987245 36.180225372
0.999985218 0.003197234 -0.004396814 0.717355967 -0.003188995 0.999993145 0.001879635 -1.012087464 0.004402793 -0.001865585 0.999988556 36.753940582
0.999983907 0.003164522 -0.004697608 0.753585219 -0.003152708 0.999991834 0.002520310 -1.040414214 0.004705546 -0.002505459 0.999985814 37.283420563
0.999983013 0.002780694 -0.005116442 0.770103812 -0.002770088 0.999993980 0.002078875 -1.056651235 0.005122193 -0.002064667 0.999984801 37.817287445
0.999983191 0.002758158 -0.005088684 0.771572232 -0.002746820 0.999993742 0.002233799 -1.068602204 0.005094814 -0.002219784 0.999984562 38.358402252
0.999982595 0.002561932 -0.005311385 0.774808586 -0.002550768 0.999994516 0.002107499 -1.075113893 0.005316755 -0.002093915 0.999983668 38.943325043
0.999984145 0.002659068 -0.004956393 0.784998655 -0.002646397 0.999993205 0.002561023 -1.099746466 0.004963168 -0.002547866 0.999984443 39.435794830
0.999985933 0.002530589 -0.004656873 0.790414453 -0.002518979 0.999993682 0.002497251 -1.113898754 0.004663163 -0.002485485 0.999986053 39.990531921
0.999985635 0.002630559 -0.004663583 0.801365018 -0.002618278 0.999993086 0.002637460 -1.130360723 0.004670488 -0.002625211 0.999985635 40.541664124
0.999985456 0.002577683 -0.004724327 0.814210534 -0.002566671 0.999993980 0.002335444 -1.139112473 0.004730319 -0.002323285 0.999986112 41.096519470
0.999987781 0.002731583 -0.004155444 0.807534635 -0.002720899 0.999992967 0.002574533 -1.154807568 0.004162448 -0.002563195 0.999988079 41.629425049
0.999985874 0.002938063 -0.004419501 0.821190715 -0.002926987 0.999992549 0.002510712 -1.163399935 0.004426845 -0.002497741 0.999987066 42.203750610
0.999984562 0.002433173 -0.004997837 0.840817511 -0.002418217 0.999992490 0.002996446 -1.184285045 0.005005091 -0.002984314 0.999982953 42.742229462
0.999984026 0.003153368 -0.004703170 0.848922372 -0.003140067 0.999991059 0.002832589 -1.201559544 0.004712060 -0.002817776 0.999984980 43.223236084
0.999987125 0.003299535 -0.003861546 0.852164030 -0.003289820 0.999991417 0.002519462 -1.211169958 0.003869827 -0.002506725 0.999989390 43.801952362
0.999988496 0.002631531 -0.004019965 0.853695452 -0.002617291 0.999990284 0.003543504 -1.236154675 0.004029251 -0.003532941 0.999985695 44.323871613
0.999988496 0.003766107 -0.002972465 0.869807601 -0.003759793 0.999990642 0.002126540 -1.229320645 0.002980446 -0.002115340 0.999993324 44.893856049
0.999987543 0.004284825 -0.002545011 0.876319528 -0.004279114 0.999988258 0.002245170 -1.242223620 0.002554601 -0.002234252 0.999994218 45.446681976
0.999990344 0.003965159 -0.001853307 0.888992190 -0.003960601 0.999989152 0.002456918 -1.260066986 0.001863029 -0.002449554 0.999995291 45.995704651
0.999991417 0.003593607 -0.002071965 0.895843148 -0.003588781 0.999990821 0.002328244 -1.274981141 0.002080312 -0.002320787 0.999995172 46.532711029
0.999984622 0.005210213 -0.001907236 0.910479724 -0.005205703 0.999983609 0.002362651 -1.282666445 0.001919516 -0.002352686 0.999995410 47.088787079
0.999987721 0.004359355 -0.002343348 0.916349649 -0.004353209 0.999987066 0.002621439 -1.303865671 0.002354747 -0.002611205 0.999993801 47.624954224
0.999988735 0.004317493 -0.001945189 0.922897696 -0.004312526 0.999987423 0.002551288 -1.319691539 0.001956180 -0.002542871 0.999994874 48.169876099
0.999988735 0.004424843 -0.001734019 0.934324861 -0.004419313 0.999985158 0.003179720 -1.339103460 0.001748063 -0.003172021 0.999993443 48.712345123
0.999987662 0.004430687 -0.002256874 0.948250830 -0.004425023 0.999987006 0.002508277 -1.345913649 0.002267958 -0.002498259 0.999994338 49.262615204
0.999983966 0.005447407 -0.001498549 0.951425135 -0.005443028 0.999980867 0.002911021 -1.363332629 0.001514379 -0.002902818 0.999994636 49.813205719
0.999984980 0.005268525 -0.001492759 0.958038568 -0.005263975 0.999981523 0.003035857 -1.374658942 0.001508724 -0.003027954 0.999994218 50.357044220
0.999986947 0.004807580 -0.001719666 0.965872228 -0.004802730 0.999984503 0.002812725 -1.386547327 0.001733161 -0.002804429 0.999994576 50.897956848
0.999986172 0.005033938 -0.001518992 0.982801378 -0.005029871 0.999983788 0.002669277 -1.398528934 0.001532404 -0.002661600 0.999995232 51.449802399
0.999985218 0.005099845 -0.001877757 0.991838455 -0.005094427 0.999982834 0.002878654 -1.414355755 0.001892406 -0.002869046 0.999994099 51.979957581
0.999981105 0.005780383 -0.002089244 1.005868435 -0.005775942 0.999980986 0.002125416 -1.427465200 0.002101491 -0.002113309 0.999995530 52.527938843
0.999985099 0.005258488 -0.001471003 1.010802865 -0.005253818 0.999981225 0.003161361 -1.446979284 0.001487600 -0.003153585 0.999993920 53.073078156
0.999985099 0.005205805 -0.001658372 1.019177794 -0.005200867 0.999981999 0.002967319 -1.463719964 0.001673789 -0.002958650 0.999994159 53.610271454
0.999985039 0.005252517 -0.001533197 1.027287006 -0.005248741 0.999983132 0.002456859 -1.475411177 0.001546075 -0.002448775 0.999995768 54.166751862
0.999984443 0.005452383 -0.001192705 1.031731009 -0.005449472 0.999982178 0.002430275 -1.488021851 0.001205933 -0.002423738 0.999996364 54.715328217
0.999982238 0.005804561 -0.001367229 1.042345405 -0.005801428 0.999980509 0.002284067 -1.499427319 0.001380461 -0.002276095 0.999996483 55.267044067
0.999983311 0.005391551 -0.002078111 1.064464569 -0.005386675 0.999982655 0.002345319 -1.532822490 0.002090720 -0.002334086 0.999995112 55.738449097
0.999986947 0.004972532 -0.001172739 1.062039375 -0.004969676 0.999984682 0.002425824 -1.519346356 0.001184783 -0.002419964 0.999996424 56.360023499
0.999982297 0.005299564 -0.002707890 1.093491435 -0.005293234 0.999983251 0.002339397 -1.574771404 0.002720243 -0.002325022 0.999993622 56.761718750
0.999980211 0.005800364 -0.002429631 1.100070953 -0.005794197 0.999979973 0.002537178 -1.594920993 0.002444298 -0.002523050 0.999993801 57.285285950
0.999980807 0.005684295 -0.002434486 1.107907414 -0.005677915 0.999980390 0.002619476 -1.611336350 0.002449327 -0.002605603 0.999993503 57.825942993
0.999983311 0.005139515 -0.002630492 1.126290202 -0.005132384 0.999983132 0.002710937 -1.636105180 0.002644381 -0.002697391 0.999992847 58.309921265
0.999979675 0.005911518 -0.002367899 1.118990064 -0.005905857 0.999979675 0.002390172 -1.631770849 0.002381980 -0.002376139 0.999994278 58.924835205
0.999982774 0.005068884 -0.002967356 1.141009808 -0.005060562 0.999983251 0.002805085 -1.672948718 0.002981526 -0.002790020 0.999991655 59.339702606
0.999979436 0.005643489 -0.003039585 1.149418712 -0.005634418 0.999979675 0.002984918 -1.694820642 0.003056369 -0.002967731 0.999990940 59.864009857
0.999978840 0.005561145 -0.003376935 1.158729434 -0.005552160 0.999981046 0.002664757 -1.702542782 0.003391691 -0.002645951 0.999990761 60.418308258
0.999978840 0.005834034 -0.002911636 1.155350327 -0.005825819 0.999979019 0.002822063 -1.728646040 0.002928039 -0.002805040 0.999991775 60.924232483
0.999980211 0.005624817 -0.002809429 1.163197994 -0.005617023 0.999980390 0.002773844 -1.739367485 0.002824976 -0.002758008 0.999992192 61.451248169
0.999979317 0.005711796 -0.002963749 1.168985963 -0.005703215 0.999979556 0.002895997 -1.759971499 0.002980230 -0.002879034 0.999991357 61.969242096
0.999980032 0.005688634 -0.002727335 1.176617265 -0.005681484 0.999980450 0.002622777 -1.774950981 0.002742202 -0.002607230 0.999992847 62.475715637
0.999977887 0.006246268 -0.002262707 1.179824829 -0.006240732 0.999977529 0.002445912 -1.787206411 0.002277935 -0.002431737 0.999994457 62.995315552
0.999975502 0.006679152 -0.002098067 1.182941914 -0.006673460 0.999974072 0.002708040 -1.809154153 0.002116100 -0.002693972 0.999994159 63.499603271
0.999976695 0.006575005 -0.001818727 1.187874079 -0.006570126 0.999974787 0.002676093 -1.822803259 0.001836276 -0.002664082 0.999994755 64.003051758
0.999978781 0.006292763 -0.001689680 1.190988421 -0.006288412 0.999976933 0.002569180 -1.838113070 0.001705808 -0.002558501 0.999995232 64.508628845
0.999975085 0.006898930 -0.001511441 1.195722461 -0.006894567 0.999972105 0.002874008 -1.854118824 0.001531226 -0.002863515 0.999994755 65.013046265
0.999974906 0.006916905 -0.001608052 1.205215931 -0.006912575 0.999972463 0.002683735 -1.865234375 0.001626573 -0.002672551 0.999995053 65.521888733
0.999972701 0.007241364 -0.001411672 1.209644556 -0.007237781 0.999970615 0.002528763 -1.883209705 0.001429942 -0.002518477 0.999995828 66.038856506
0.999971449 0.007387764 -0.001584154 1.222616196 -0.007383798 0.999969602 0.002496231 -1.904178619 0.001602547 -0.002484463 0.999995589 66.541976929
0.999974966 0.006907393 -0.001521971 1.233676314 -0.006903363 0.999972701 0.002637825 -1.918649554 0.001540149 -0.002627253 0.999995291 67.060333252
0.999971330 0.007429163 -0.001485827 1.241127968 -0.007425223 0.999969006 0.002641102 -1.935148478 0.001505401 -0.002629994 0.999995351 67.598632812
0.999975443 0.006730317 -0.001967253 1.242517471 -0.006724871 0.999973595 0.002761350 -1.954908133 0.001985786 -0.002748052 0.999994278 68.065216064
0.999975741 0.006780273 -0.001601272 1.244859815 -0.006774988 0.999971628 0.003283280 -1.980339408 0.001623489 -0.003272352 0.999993265 68.563682556
0.999974072 0.007036685 -0.001574872 1.258886576 -0.007032254 0.999971330 0.002801215 -1.985241413 0.001594538 -0.002790067 0.999994874 69.158103943
0.999977648 0.006582757 -0.001184978 1.253217459 -0.006579099 0.999973655 0.003064090 -2.013886929 0.001205118 -0.003056226 0.999994576 69.589202881
0.999974310 0.007096004 -0.001046638 1.258265734 -0.007093174 0.999971211 0.002683650 -2.027653933 0.001065651 -0.002676157 0.999995828 70.130455017
0.999975204 0.006991266 -0.000733626 1.262802243 -0.006989116 0.999971330 0.002893932 -2.052691221 0.000753837 -0.002888733 0.999995530 70.622962952
0.999979198 0.006371910 -0.000954900 1.272631049 -0.006368803 0.999974549 0.003222581 -2.071938992 0.000975410 -0.003216432 0.999994338 71.145713806
0.999978900 0.006429997 -0.000845935 1.276197910 -0.006427235 0.999974132 0.003227982 -2.087168932 0.000866670 -0.003222477 0.999994457 71.678283691
0.999978542 0.006382631 -0.001445591 1.285908699 -0.006377824 0.999974191 0.003306313 -2.104602098 0.001466655 -0.003297023 0.999993443 72.199577332
0.999978721 0.006421011 -0.001136380 1.288231254 -0.006417324 0.999974251 0.003216942 -2.117879868 0.001157007 -0.003209581 0.999994099 72.733146667
0.999978364 0.006498490 -0.001046497 1.299591303 -0.006494534 0.999971926 0.003742808 -2.140610695 0.001070790 -0.003735930 0.999992430 73.267219543
0.999976873 0.006727251 -0.001014445 1.306158781 -0.006723369 0.999970257 0.003781984 -2.154178143 0.001039857 -0.003775076 0.999992311 73.798034668
0.999973953 0.007162346 -0.000848920 1.313437819 -0.007159118 0.999967277 0.003747082 -2.173260689 0.000875730 -0.003740907 0.999992549 74.328727722
0.999974072 0.007146153 -0.000889044 1.316634655 -0.007142532 0.999966383 0.004011391 -2.195837736 0.000917679 -0.004004937 0.999991477 74.839157104
0.999971688 0.007485250 -0.000709746 1.321314812 -0.007482395 0.999964178 0.003944344 -2.206254959 0.000739245 -0.003938921 0.999991953 75.392341614
0.999971807 0.007467480 -0.000750030 1.326921344 -0.007464729 0.999965608 0.003606346 -2.220569849 0.000776933 -0.003600646 0.999993145 75.946548462
0.999973536 0.007229090 -0.000752162 1.330055356 -0.007226314 0.999967277 0.003633646 -2.242166519 0.000778405 -0.003628115 0.999993086 76.490371704
0.999970794 0.007587187 -0.000818780 1.329245806 -0.007583844 0.999963164 0.004011224 -2.256771564 0.000849184 -0.004004897 0.999991596 77.048049927
0.999972582 0.007406888 -0.000175044 1.331076980 -0.007406206 0.999966025 0.003613328 -2.266626358 0.000201801 -0.003611933 0.999993384 77.602943420
0.999971807 0.007499763 -0.000100385 1.330383062 -0.007499367 0.999965787 0.003487731 -2.281140804 0.000126539 -0.003486880 0.999993920 78.152153015
0.999974906 0.007085400 -0.000250998 1.353161931 -0.007084388 0.999967515 0.003823330 -2.297033787 0.000278079 -0.003821456 0.999992609 78.707740784
0.999970078 0.007725936 0.000311081 1.344789267 -0.007726977 0.999964058 0.003491882 -2.313568830 -0.000284092 -0.003494182 0.999993861 79.234237671
0.999965012 0.008273293 0.001204684 1.347017407 -0.008277447 0.999959588 0.003486681 -2.323216438 -0.001175789 -0.003496530 0.999993205 79.819557190
0.999970019 0.007350652 0.002425995 1.355963230 -0.007357879 0.999968469 0.002982522 -2.339213610 -0.002403994 -0.003000282 0.999992609 80.357086182
0.999963999 0.007629773 0.003717070 1.366540194 -0.007642133 0.999965310 0.003321982 -2.356092215 -0.003691596 -0.003350268 0.999987602 80.904861450
0.999955714 0.007879237 0.005154002 1.375079989 -0.007897788 0.999962389 0.003589300 -2.372559071 -0.005125528 -0.003629846 0.999980271 81.447113037
0.999951005 0.006171796 0.007740152 1.377331853 -0.006201252 0.999973595 0.003787559 -2.388779163 -0.007716571 -0.003835372 0.999962866 81.860664368
0.999914229 0.006504512 0.011369485 1.395393610 -0.006551399 0.999970138 0.004091495 -2.399469852 -0.011342534 -0.004165630 0.999926984 82.346092224
0.999878466 0.006653457 0.014098989 1.420070887 -0.006709478 0.999969721 0.003929825 -2.411256313 -0.014072418 -0.004023944 0.999892831 82.864479065
0.999805629 0.007269048 0.018324478 1.444201350 -0.007343078 0.999965131 0.003975948 -2.423982382 -0.018294936 -0.004109734 0.999824166 83.415382385
0.999700487 0.006552975 0.023576908 1.472119451 -0.006647205 0.999970198 0.003920636 -2.443016529 -0.023550507 -0.004076182 0.999714434 83.850822449
0.999531746 0.006673197 0.029861869 1.495301723 -0.006789039 0.999969840 0.003779543 -2.449324608 -0.029835742 -0.003980507 0.999546885 84.379425049
0.999348462 0.007096527 0.035386663 1.530596495 -0.007252637 0.999964476 0.004285071 -2.469333649 -0.035354994 -0.004538925 0.999364495 84.909446716
0.999029040 0.006480707 0.043577496 1.571920156 -0.006661072 0.999969780 0.003995000 -2.482887268 -0.043550294 -0.004281394 0.999041975 85.443168640
0.998625338 0.006444545 0.052017748 1.618067741 -0.006657859 0.999970138 0.003928563 -2.498147011 -0.051990878 -0.004269490 0.998638451 85.953453064
0.998222291 0.006451335 0.059250597 1.668545723 -0.006689833 0.999970257 0.003827759 -2.511435986 -0.059224144 -0.004217330 0.998235822 86.491867065
0.997655571 0.006677262 0.068108827 1.710297108 -0.007019387 0.999963939 0.004785111 -2.534718037 -0.068074435 -0.005251975 0.997666419 86.976509094
0.996945322 0.006024660 0.077870645 1.780928612 -0.006372069 0.999970853 0.004213656 -2.545566082 -0.077842981 -0.004696982 0.996954620 87.503479004
0.996248126 0.005689328 0.086355552 1.770288467 -0.006189523 0.999965549 0.005525635 -2.606249809 -0.086321145 -0.006039403 0.996249080 87.848121643
0.995644331 0.004189925 0.093138166 1.820031166 -0.004641427 0.999978483 0.004631572 -2.614934444 -0.093116768 -0.005043693 0.995642424 88.351760864
0.991998076 0.010006016 0.125855953 1.204708099 -0.008436162 0.999879837 -0.013000260 -1.750874281 -0.125970930 0.011834491 0.991963267 92.336746216
0.993127286 0.005565730 0.116906837 2.084999084 -0.005904316 0.999979317 0.002550091 -2.610560894 -0.116890222 -0.003222820 0.993139625 90.585929871
0.991984367 0.005261116 0.126250908 2.190118790 -0.005512021 0.999983430 0.001638087 -2.609449625 -0.126240209 -0.002320855 0.991997004 91.145240784
0.990486622 0.004865478 0.137522519 2.285445213 -0.005128471 0.999985695 0.001558104 -2.624171495 -0.137512982 -0.002248562 0.990497410 91.678588867
0.988575161 0.005648921 0.150622368 2.357310295 -0.006079984 0.999978602 0.002401510 -2.643839836 -0.150605589 -0.003289855 0.988588452 92.128425598
0.986966848 0.004063665 0.160872608 2.483126640 -0.004370142 0.999989271 0.001551310 -2.658431292 -0.160864592 -0.002234128 0.986973941 92.740562439
0.985153019 0.005264658 0.171597913 2.581789017 -0.005749422 0.999980748 0.002328133 -2.666395903 -0.171582326 -0.003280156 0.985164344 93.176925659
0.982747912 0.005671593 0.184863359 2.698801041 -0.006212247 0.999977887 0.002345533 -2.680595636 -0.184845984 -0.003453484 0.982761443 93.715850830
0.980473697 0.004099154 0.196607575 2.844306946 -0.004559441 0.999987960 0.001888577 -2.683500767 -0.196597397 -0.002748121 0.980480433 94.275558472
0.978473723 0.004401701 0.206324756 2.969457626 -0.005067352 0.999983490 0.002697898 -2.713386536 -0.206309453 -0.003685342 0.978479922 94.772834778
0.975581348 0.002925810 0.219619036 3.124576569 -0.003427886 0.999992251 0.001905090 -2.716201544 -0.219611749 -0.002611399 0.975583792 95.339157104
0.972505808 0.002256848 0.232867971 3.272558212 -0.002721775 0.999994874 0.001675220 -2.725822926 -0.232863009 -0.002262976 0.972506881 95.872283936
0.969902515 0.001172425 0.243490592 3.432470322 -0.001509479 0.999998093 0.001197679 -2.742397785 -0.243488699 -0.001529176 0.969902515 96.380340576
0.966954827 0.002060576 0.254939288 3.607158661 -0.002611454 0.999994934 0.001822368 -2.749297857 -0.254934222 -0.002427910 0.966955364 96.962997437
0.963230073 0.002969904 0.268661559 3.769353867 -0.003872622 0.999988496 0.002830163 -2.775046825 -0.268650055 -0.003766523 0.963230491 97.619697571
0.959819913 0.002294750 0.280607164 3.960971832 -0.002929765 0.999993980 0.001843542 -2.777516365 -0.280601233 -0.002591582 0.959820926 98.024009705
0.956439316 0.001983694 0.291924685 4.147018433 -0.002701717 0.999994159 0.002056508 -2.791588306 -0.291918963 -0.002755623 0.956439078 98.545578003
0.951960325 0.001719580 0.306216449 4.347665787 -0.002462381 0.999994874 0.002039466 -2.814600229 -0.306211412 -0.002695512 0.951959670 99.063171387
0.947456479 0.001562552 0.319880724 4.556171417 -0.002333902 0.999995232 0.002028027 -2.828121901 -0.319876015 -0.002668038 0.947455645 99.597366333
0.943521559 0.000757019 0.331310302 4.762657166 -0.001428152 0.999997437 0.001782243 -2.839712143 -0.331308097 -0.002154746 0.943520188 100.107467651
0.938793421 0.000613536 0.344480097 4.970458984 -0.001263620 0.999997854 0.001662633 -2.854698420 -0.344478339 -0.001996161 0.938792229 100.600738525
0.933422446 0.001014644 0.358777791 5.183357239 -0.001934128 0.999995708 0.002203922 -2.880280733 -0.358774066 -0.002751113 0.933420300 101.088325500
0.928496361 0.000597858 0.371340871 5.396558762 -0.001521479 0.999996364 0.002194295 -2.893378496 -0.371338218 -0.002602382 0.928494036 101.593513489
0.923891366 -0.000219226 0.382654846 5.734455109 -0.000370006 0.999998868 0.001466261 -2.894919872 -0.382654727 -0.001496250 0.923890233 102.315490723
0.917903304 -0.000468835 0.396803856 5.974288940 -0.000152141 0.999998748 0.001533468 -2.907920122 -0.396804065 -0.001467945 0.917902172 102.816871643
0.912388980 -0.002687349 0.409315497 6.222274780 0.002244818 0.999996305 0.001561611 -2.919788122 -0.409318149 -0.000505958 0.912391543 103.270149231
0.907297075 -0.001557678 0.420487463 6.469303131 0.001069225 0.999998450 0.001397356 -2.943027496 -0.420488983 -0.000818221 0.907297373 103.762542725
0.901577652 -0.004040132 0.432598740 6.853710175 0.003790157 0.999991715 0.001440086 -2.952768564 -0.432601064 0.000341267 0.901585400 104.508087158
0.895122468 -0.004117205 0.445801228 7.123386383 0.003857486 0.999991357 0.001490008 -2.967800617 -0.445803583 0.000385932 0.895130694 104.994178772
0.889013648 -0.004513884 0.457858503 7.394180298 0.004567622 0.999989092 0.000989731 -2.976307392 -0.457857907 0.001211440 0.889024496 105.481964111
0.883472741 -0.005317522 0.468452394 7.683555603 0.004988751 0.999985695 0.001942609 -3.005830288 -0.468456030 0.000620750 0.883486569 105.931076050
0.875757873 -0.004952575 0.482725203 7.937606812 0.004687660 0.999987423 0.001755156 -3.014471531 -0.482727855 0.000725760 0.875770092 106.374511719
0.868693054 -0.005389149 0.495321393 8.226905823 0.005006297 0.999985337 0.002099918 -3.032025099 -0.495325446 0.000655541 0.868707240 106.833091736
0.862343669 -0.005387807 0.506294787 8.537929535 0.004992543 0.999985278 0.002137964 -3.038244247 -0.506298840 0.000684039 0.862357795 107.330215454
0.854413688 -0.005050756 0.519568861 8.847206116 0.004746271 0.999987006 0.001915840 -3.047421932 -0.519571781 0.000829095 0.854426384 107.795783997
0.846318305 -0.006005567 0.532643676 9.159400940 0.005544582 0.999981701 0.002465015 -3.065658569 -0.532648623 0.000867099 0.846336007 108.248802185
