1.000000000 0.000000000 0.000000000 0.000000000 0.000000000 1.000000000 0.000000000 0.000000000 0.000000000 0.000000000 1.000000000 0.000000000
1.000000000 0.000017210 -0.000009625 0.000472284 -0.000017210 1.000000000 0.000035826 -0.000741698 0.000009625 -0.000035826 1.000000000 -0.001659786
1.000000000 -0.000017556 -0.000014972 0.001221530 0.000017555 1.000000000 -0.000002133 -0.000388343 0.000014972 0.000002133 1.000000000 -0.001757581
1.000000000 -0.000107725 -0.000111379 0.001970656 0.000107727 1.000000000 0.000018261 -0.001201922 0.000111377 -0.000018273 1.000000000 -0.003988071
1.000000000 -0.000186749 -0.000137579 0.000451689 0.000186752 1.000000000 0.000020785 0.000208647 0.000137575 -0.000020811 1.000000000 -0.002783955
1.000000000 -0.000155205 -0.000034918 0.001086930 0.000155206 1.000000000 0.000044096 -0.000463351 0.000034912 -0.000044102 1.000000000 -0.000527494
1.000000000 -0.000158497 -0.000024087 0.000564343 0.000158498 1.000000000 0.000046609 -0.000888558 0.000024079 -0.000046613 1.000000000 -0.003401362
1.000000000 -0.000051685 -0.000076513 0.001198561 0.000051687 1.000000000 0.000025941 -0.000031346 0.000076512 -0.000025945 1.000000000 -0.003162359
1.000000000 -0.000069389 0.000008158 0.000338713 0.000069389 1.000000000 0.000001378 0.000866131 -0.000008158 -0.000001377 1.000000000 0.000152394
1.000000000 0.000026525 0.000002799 -0.001387369 -0.000026525 1.000000000 -0.000026283 0.001717073 -0.000002800 0.000026283 1.000000000 -0.000391479
1.000000000 -0.000040262 -0.000064613 0.000327431 0.000040265 1.000000000 0.000038567 -0.000474118 0.000064611 -0.000038570 1.000000000 -0.002227631
1.000000000 -0.000059933 -0.000022576 -0.000425143 0.000059931 1.000000000 -0.000064160 0.001138497 0.000022580 0.000064159 1.000000000 0.000897186
1.000000000 -0.000085759 -0.000020205 -0.001397715 0.000085759 1.000000000 0.000010031 0.001471239 0.000020205 -0.000010033 1.000000000 0.000169567
1.000000000 -0.000139301 -0.000044304 0.000511944 0.000139302 1.000000000 0.000024654 0.000031753 0.000044301 -0.000024660 1.000000000 -0.003339834
1.000000000 -0.000035325 -0.000042324 0.002152564 0.000035329 1.000000000 0.000088748 -0.000901361 0.000042320 -0.000088750 1.000000000 -0.002326854
1.000000000 -0.000099211 -0.000056650 0.002689972 0.000099218 1.000000000 0.000122642 -0.001280674 0.000056638 -0.000122648 1.000000000 -0.004203858
1.000000000 -0.000108363 -0.000066059 0.001904562 0.000108364 1.000000000 0.000019269 0.000642125 0.000066057 -0.000019277 1.000000000 -0.001701429
1.000000000 -0.000002686 -0.000078806 0.001816562 0.000002692 1.000000000 0.000073458 -0.000224366 0.000078806 -0.000073459 1.000000000 -0.002856221
1.000000000 -0.000148765 -0.000118858 0.002220360 0.000148768 1.000000000 0.000028578 -0.000883315 0.000118854 -0.000028596 1.000000000 -0.002198508
1.000000000 -0.000162559 -0.000084703 0.001517220 0.000162559 1.000000000 -0.000002235 0.000536624 0.000084704 0.000002221 1.000000000 0.000251416
1.000000000 -0.000196412 -0.000100802 0.001261716 0.000196419 1.000000000 0.000069264 -0.001183998 0.000100788 -0.000069284 1.000000000 -0.005823341
1.000000000 -0.000107965 -0.000089447 0.003997649 0.000107970 1.000000000 0.000056791 -0.000926023 0.000089441 -0.000056801 1.000000000 -0.001998526
1.000000000 -0.000099001 -0.000128964 0.003024138 0.000099007 1.000000000 0.000047896 -0.000897360 0.000128960 -0.000047909 1.000000000 -0.002776506
1.000000000 -0.000201256 -0.000112880 0.001604561 0.000201261 1.000000000 0.000051672 -0.000457314 0.000112870 -0.000051695 1.000000000 -0.002841608
1.000000000 -0.000156731 -0.000140602 0.003671667 0.000156736 1.000000000 0.000035702 0.000049505 0.000140597 -0.000035724 1.000000000 -0.001766811
1.000000000 -0.000199412 -0.000096640 0.002496511 0.000199414 1.000000000 0.000029018 0.000474200 0.000096634 -0.000029038 1.000000000 -0.000967385
0.999999940 -0.000251932 -0.000147756 0.002292975 0.000251947 0.999999940 0.000101062 -0.000745213 0.000147731 -0.000101099 1.000000000 -0.005454561
0.999999940 -0.000338429 -0.000101652 0.002231766 0.000338435 0.999999940 0.000062942 -0.001216131 0.000101631 -0.000062976 1.000000000 -0.003447219
1.000000000 -0.000082095 -0.000119758 0.002299722 0.000082106 1.000000000 0.000086378 -0.001100588 0.000119750 -0.000086388 1.000000000 -0.003735022
0.999999940 -0.000198752 -0.000144120 0.003621032 0.000198766 1.000000000 0.000099944 -0.001504111 0.000144100 -0.000099973 1.000000000 -0.004402178
0.999999940 -0.000217000 -0.000143408 0.001582484 0.000217006 1.000000000 0.000043742 -0.000434083 0.000143399 -0.000043773 1.000000000 -0.002462875
0.999999940 -0.000257102 -0.000083516 0.000899850 0.000257111 0.999999940 0.000099573 -0.000637063 0.000083490 -0.000099595 1.000000000 -0.002355407
0.999999940 -0.000234163 -0.000152393 0.001915989 0.000234167 1.000000000 0.000024914 -0.000150494 0.000152387 -0.000024950 1.000000000 -0.001967978
1.000000000 -0.000182096 -0.000103556 0.000977419 0.000182099 1.000000000 0.000026708 -0.000036840 0.000103551 -0.000026726 1.000000000 -0.001717045
0.999999940 -0.000289610 -0.000135798 0.002169592 0.000289626 0.999999940 0.000114698 -0.001399133 0.000135765 -0.000114738 1.000000000 -0.005430759
0.999999940 -0.000198510 -0.000146188 0.002918337 0.000198510 1.000000000 0.000001301 -0.000288681 0.000146188 -0.000001330 1.000000000 -0.003345377
1.000000000 -0.000100529 -0.000126770 0.003954224 0.000100542 1.000000000 0.000106484 -0.001329447 0.000126759 -0.000106497 1.000000000 -0.006105385
0.999999940 -0.000294136 -0.000150188 0.001771801 0.000294148 0.999999940 0.000081431 -0.000620159 0.000150164 -0.000081475 1.000000000 -0.004170852
1.000000000 -0.000200906 -0.000137337 0.001709033 0.000200920 1.000000000 0.000101528 -0.001015229 0.000137316 -0.000101555 1.000000000 -0.003233934
1.000000000 -0.000117077 -0.000171961 0.003457434 0.000117079 1.000000000 0.000011187 -0.001252736 0.000171960 -0.000011207 1.000000000 -0.002134503
1.000000000 -0.000184104 -0.000079135 0.001842959 0.000184059 0.999999821 -0.000565733 -0.001274928 0.000079240 0.000565718 0.999999821 0.045525126
1.000000000 -0.000109540 -0.000201959 0.003617256 0.000109318 0.999999404 -0.001101651 -0.004731833 0.000202080 0.001101629 0.999999344 0.136943221
0.999999940 -0.000235348 -0.000112272 0.005452913 0.000235188 0.999998987 -0.001423117 -0.006949260 0.000112607 0.001423090 0.999998987 0.253128588
1.000000000 -0.000187387 -0.000096326 0.006740705 0.000187247 0.999998927 -0.001442116 -0.011747235 0.000096596 0.001442098 0.999998927 0.386896670
1.000000000 0.000031526 -0.000080462 0.010898286 -0.000031621 0.999999285 -0.001177841 -0.017103046 0.000080425 0.001177844 0.999999285 0.524839997
1.000000000 -0.000165934 0.000047110 0.014537286 0.000165981 0.999999464 -0.001004178 -0.023215095 -0.000046944 0.001004186 0.999999523 0.675336361
1.000000000 -0.000143702 -0.000065693 0.019169344 0.000143642 0.999999583 -0.000922766 -0.025003524 0.000065826 0.000922756 0.999999583 0.842158437
1.000000000 0.000136733 0.000109863 0.018916517 -0.000136644 0.999999642 -0.000808092 -0.024437457 -0.000109974 0.000808077 0.999999642 1.018894196
1.000000000 0.000060378 -0.000117703 0.027269905 -0.000060458 0.999999762 -0.000680059 -0.032942761 0.000117662 0.000680066 0.999999762 1.189770818
0.999999940 -0.000077144 -0.000247667 0.039376527 0.000077049 0.999999940 -0.000383275 -0.048392311 0.000247696 0.000383256 0.999999881 1.365270853
0.999999940 0.000188941 -0.000264662 0.041404601 -0.000189037 0.999999940 -0.000364126 -0.052558590 0.000264593 0.000364176 0.999999881 1.558708429
0.999999940 -0.000141120 0.000021894 0.043230478 0.000141124 1.000000000 -0.000204769 -0.061078709 -0.000021865 0.000204772 0.999999940 1.759485006
0.999999940 -0.000379655 -0.000175942 0.049240895 0.000379651 1.000000000 -0.000019375 -0.065874718 0.000175949 0.000019308 1.000000000 1.963454247
0.999999940 0.000215844 0.000202989 0.047516804 -0.000215852 1.000000000 0.000035624 -0.075427070 -0.000202981 -0.000035668 1.000000000 2.171113253
0.999999940 -0.000335011 -0.000218214 0.052261632 0.000335056 0.999999940 0.000210327 -0.080229409 0.000218143 -0.000210400 0.999999940 2.402165174
0.999999881 -0.000276598 -0.000176926 0.058750894 0.000276622 0.999999940 0.000136890 -0.087608799 0.000176888 -0.000136939 0.999999940 2.623090982
0.999999881 -0.000466674 -0.000218424 0.065242127 0.000466710 0.999999821 0.000162223 -0.093461715 0.000218348 -0.000162325 0.999999940 2.851275444
0.999999583 -0.000848931 -0.000385426 0.075232953 0.000849100 0.999999523 0.000438208 -0.102578402 0.000385054 -0.000438535 0.999999821 3.074023724
0.999999642 -0.000774247 -0.000388490 0.078347526 0.000774560 0.999999404 0.000807183 -0.114199281 0.000387864 -0.000807483 0.999999583 3.305798531
0.999999940 -0.000428524 0.000005400 0.080577321 0.000428519 0.999999464 0.000924506 -0.122675419 -0.000005796 -0.000924504 0.999999583 3.550454855
0.999999762 -0.000682081 -0.000247066 0.091146849 0.000682370 0.999999046 0.001172228 -0.129816398 0.000246266 -0.001172397 0.999999225 3.800189734
0.999999821 -0.000613632 -0.000102412 0.091843747 0.000613758 0.999999106 0.001234210 -0.136663064 0.000101654 -0.001234272 0.999999225 4.059643745
0.999999940 0.000015123 0.000229776 0.092362359 -0.000015454 0.999998987 0.001443560 -0.147571489 -0.000229754 -0.001443564 0.999998927 4.325232029
0.999999940 -0.000215900 0.000110886 0.098779112 0.000215740 0.999998987 0.001441087 -0.153274328 -0.000111197 -0.001441063 0.999998987 4.583345890
0.999999940 -0.000187785 0.000328642 0.104962721 0.000187233 0.999998629 0.001678703 -0.162385076 -0.000328957 -0.001678642 0.999998569 4.838927269
0.999999583 -0.000849916 0.000127952 0.108270891 0.000849661 0.999997616 0.001981692 -0.175310135 -0.000129636 -0.001981582 0.999998033 5.093388557
0.999999642 -0.000828839 0.000055165 0.115592934 0.000828726 0.999997556 0.002023736 -0.182208434 -0.000056842 -0.002023689 0.999997973 5.354669094
0.999999642 -0.000777976 0.000355191 0.117667347 0.000777215 0.999997377 0.002139357 -0.192447737 -0.000356855 -0.002139080 0.999997675 5.630848885
0.999999821 -0.000569979 0.000293950 0.120249160 0.000569341 0.999997497 0.002165205 -0.199166551 -0.000295184 -0.002165037 0.999997675 5.899514675
0.999999762 -0.000494478 0.000475416 0.119569384 0.000493374 0.999997199 0.002319158 -0.212321430 -0.000476561 -0.002318923 0.999997199 6.146575451
0.999999762 -0.000276490 0.000559868 0.126037911 0.000275095 0.999996841 0.002490308 -0.223550320 -0.000560555 -0.002490153 0.999996781 6.425619125
0.999999762 -0.000097577 0.000619309 0.130616978 0.000096002 0.999996722 0.002541245 -0.230964348 -0.000619555 -0.002541186 0.999996543 6.714808941
0.999999881 -0.000159445 0.000623402 0.136987329 0.000157879 0.999996901 0.002512447 -0.237949714 -0.000623801 -0.002512348 0.999996603 7.019744873
0.999999821 -0.000362064 0.000452374 0.141321510 0.000360909 0.999996722 0.002550500 -0.245519251 -0.000453296 -0.002550337 0.999996603 7.316894531
0.999999821 -0.000285900 0.000431515 0.149978995 0.000284841 0.999996960 0.002450389 -0.264594018 -0.000432214 -0.002450265 0.999996901 7.614812374
0.999999702 -0.000415277 0.000517143 0.155289382 0.000414070 0.999997139 0.002331153 -0.269125015 -0.000518110 -0.002330938 0.999997079 7.933630466
0.999999702 -0.000696681 0.000352288 0.167225346 0.000695850 0.999996960 0.002353270 -0.282222867 -0.000353926 -0.002353024 0.999997199 8.238510132
0.999999464 -0.000850140 0.000507170 0.166953951 0.000848700 0.999995649 0.002832181 -0.292050958 -0.000509575 -0.002831749 0.999995887 8.570687294
0.999999583 -0.000377627 0.000873598 0.164230108 0.000375068 0.999995649 0.002927791 -0.298721611 -0.000874700 -0.002927462 0.999995351 8.911693573
0.999999404 -0.000173859 0.001069433 0.173026636 0.000170675 0.999995589 0.002976967 -0.309607953 -0.001069946 -0.002976783 0.999994934 9.238089561
0.999999404 0.000146317 0.001051257 0.180207089 -0.000149346 0.999995828 0.002881808 -0.324322611 -0.001050831 -0.002881964 0.999995232 9.585015297
0.999999464 0.000269656 0.001041940 0.189053833 -0.000272857 0.999995232 0.003073255 -0.331252694 -0.001041106 -0.003073537 0.999994695 9.928249359
0.999999583 -0.000286750 0.000862054 0.200434566 0.000284118 0.999995291 0.003051035 -0.345609784 -0.000862925 -0.003050789 0.999994934 10.287266731
0.999999523 0.000162097 0.000983821 0.204567686 -0.000165263 0.999994814 0.003218900 -0.354757488 -0.000983294 -0.003219061 0.999994338 10.643778801
0.999999464 -0.000426303 0.001012546 0.213136092 0.000422923 0.999994397 0.003336212 -0.363098711 -0.001013962 -0.003335782 0.999993920 11.010403633
0.999999464 -0.000078405 0.001084913 0.222005427 0.000074732 0.999994278 0.003384789 -0.374518424 -0.001085172 -0.003384705 0.999993682 11.384053230
0.999999464 -0.000138585 0.001047858 0.226501226 0.000134966 0.999994040 0.003452887 -0.386561304 -0.001048330 -0.003452744 0.999993503 11.743415833
0.999999702 -0.000472745 0.000720117 0.237540707 0.000470186 0.999993503 0.003549923 -0.400167674 -0.000721791 -0.003549583 0.999993443 12.128025055
0.999999225 -0.000180642 0.001223696 0.244300440 0.000176121 0.999993145 0.003693701 -0.408049285 -0.001224354 -0.003693482 0.999992490 12.523527145
0.999999344 -0.000642825 0.000986576 0.255328864 0.000639301 0.999993384 0.003567755 -0.422712475 -0.000988863 -0.003567121 0.999993145 12.893818855
0.999999762 -0.000089019 0.000630011 0.263520360 0.000086519 0.999992132 0.003967463 -0.440096170 -0.000630359 -0.003967408 0.999991953 13.262193680
0.999999404 0.000001441 0.001066994 0.272037506 -0.000005951 0.999991059 0.004226811 -0.450970829 -0.001066979 -0.004226815 0.999990523 13.673860550
0.999998212 0.001102000 0.001551408 0.279114008 -0.001109303 0.999988258 0.004714000 -0.465961993 -0.001546195 -0.004715713 0.999987721 14.095538139
0.999998689 0.000509947 0.001574066 0.299789429 -0.000517149 0.999989331 0.004578356 -0.478399277 -0.001571714 -0.004579163 0.999988317 14.496183395
0.999998987 -0.000169443 0.001387991 0.310420513 0.000162676 0.999988139 0.004873653 -0.504750550 -0.001388801 -0.004873422 0.999987185 14.915049553
0.999999046 -0.000695941 0.001266461 0.326252460 0.000689766 0.999987960 0.004869936 -0.517860949 -0.001269836 -0.004869057 0.999987364 15.338177681
0.999997675 0.000197623 0.002106891 0.334633619 -0.000208494 0.999986649 0.005161222 -0.538635254 -0.002105843 -0.005161650 0.999984443 15.772821426
0.999997497 -0.000498644 0.002121712 0.351033837 0.000487124 0.999985099 0.005426568 -0.551963687 -0.002124386 -0.005425523 0.999982953 16.213811874
0.999997079 -0.000164229 0.002409842 0.354408443 0.000151026 0.999984980 0.005477833 -0.569731653 -0.002410705 -0.005477454 0.999982119 16.637016296
0.999997139 -0.000673316 0.002304324 0.370932162 0.000661202 0.999985993 0.005253606 -0.576335073 -0.002307829 -0.005252068 0.999983609 17.079547882
0.999995530 -0.000600615 0.002939785 0.381361216 0.000583990 0.999983907 0.005652789 -0.589340091 -0.002943133 -0.005651047 0.999979734 17.532377243
0.999994874 -0.000645110 0.003137417 0.399592668 0.000625090 0.999979496 0.006377681 -0.618757844 -0.003141467 -0.006375687 0.999974728 17.995914459
0.999992192 0.000410736 0.003931662 0.406375587 -0.000436832 0.999977887 0.006638680 -0.628720284 -0.003928849 -0.006640346 0.999970198 18.466739655
0.999993980 -0.000895172 0.003349603 0.427386880 0.000872213 0.999976158 0.006849539 -0.646304846 -0.003355655 -0.006846576 0.999970913 18.931621552
0.999992788 -0.000515195 0.003752433 0.438118905 0.000490092 0.999977529 0.006687549 -0.660615861 -0.003755794 -0.006685663 0.999970496 19.399341583
0.999994695 -0.000612761 0.003200879 0.458333492 0.000590479 0.999975622 0.006957287 -0.685684443 -0.003205064 -0.006955361 0.999970675 19.866430283
0.999995172 -0.001162967 0.002888991 0.473893166 0.001142726 0.999974906 0.006998072 -0.697769761 -0.002897058 -0.006994737 0.999971390 20.357969284
0.999996185 -0.001285550 0.002439661 0.481523246 0.001267502 0.999971926 0.007384831 -0.706691146 -0.002449085 -0.007381710 0.999969780 20.864484787
0.999997556 -0.000951666 0.001992345 0.482162148 0.000937668 0.999974906 0.007015071 -0.727428198 -0.001998971 -0.007013186 0.999973416 21.362977982
0.999998391 -0.001171091 0.001345398 0.490258098 0.001161676 0.999974966 0.006977229 -0.744301140 -0.001353535 -0.006975656 0.999974787 21.865665436
0.999998093 -0.000965168 0.001664502 0.495381474 0.000952501 0.999970675 0.007593898 -0.757337213 -0.001671783 -0.007592299 0.999969721 22.371484756
0.999998868 -0.000959178 0.001153098 0.504317999 0.000950705 0.999972641 0.007326171 -0.765768111 -0.001160093 -0.007325066 0.999972463 22.895303726
0.999998748 -0.001543299 0.000267231 0.521205008 0.001541231 0.999970078 0.007572708 -0.783454180 -0.000278910 -0.007572288 0.999971271 23.407369614
0.999996006 -0.002791498 -0.000521066 0.534468710 0.002795469 0.999965787 0.007782842 -0.802154124 0.000499322 -0.007784266 0.999969602 23.932302475
0.999999404 -0.000992873 -0.000318588 0.531376183 0.000995298 0.999969959 0.007705399 -0.802004814 0.000310928 -0.007705713 0.999970257 24.430738449
0.999998331 -0.001442054 -0.001142784 0.549556613 0.001451475 0.999964654 0.008286594 -0.817608058 0.001130794 -0.008288238 0.999965012 24.964437485
0.999998271 -0.000443794 -0.001792377 0.550238729 0.000458516 0.999966085 0.008221651 -0.834201217 0.001788668 -0.008222459 0.999964595 25.486455917
0.999997735 -0.000324679 -0.002084689 0.558531284 0.000341003 0.999969244 0.007835020 -0.843666375 0.002082081 -0.007835713 0.999967158 26.028955460
0.999995768 -0.001620024 -0.002425595 0.561962843 0.001641553 0.999959052 0.008900269 -0.862794459 0.002411077 -0.008904212 0.999957442 26.584756851
0.999994040 -0.001771471 -0.002982541 0.581910312 0.001798943 0.999955773 0.009233521 -0.883364439 0.002966052 -0.009238831 0.999952972 27.136045456
0.999994099 -0.000886342 -0.003323823 0.583169937 0.000916131 0.999959350 0.008971667 -0.887906611 0.003315736 -0.008974659 0.999954224 27.646024704
0.999992907 -0.000772002 -0.003697474 0.594098866 0.000805886 0.999957621 0.009171478 -0.900135159 0.003690237 -0.009174391 0.999951065 28.187988281
0.999993443 -0.000019557 -0.003631753 0.599415481 0.000052676 0.999958456 0.009119413 -0.916661263 0.003631424 -0.009119546 0.999951839 28.734912872
0.999989033 -0.001134646 -0.004544806 0.617833853 0.001176752 0.999956250 0.009272708 -0.931385040 0.004534087 -0.009277954 0.999946594 29.272636414
0.999988973 -0.001071032 -0.004575132 0.615664423 0.001114743 0.999953806 0.009562335 -0.945207119 0.004564678 -0.009567332 0.999943793 29.828069687
0.999985516 -0.001194104 -0.005248185 0.636930525 0.001246230 0.999949872 0.009940161 -0.962741494 0.005236052 -0.009946558 0.999936819 30.368188858
0.999987364 -0.001073705 -0.004936591 0.635637820 0.001123163 0.999949098 0.010026922 -0.975506425 0.004925574 -0.010032338 0.999937534 30.902055740
0.999981880 -0.001412407 -0.005854729 0.658870816 0.001471908 0.999947250 0.010170992 -0.997350454 0.005840053 -0.010179426 0.999931157 31.421583176
0.999979556 -0.001503113 -0.006219564 0.674463451 0.001567020 0.999945998 0.010283110 -1.011865973 0.006203771 -0.010292645 0.999927819 31.971542358
0.999981105 -0.001581457 -0.005942696 0.666972995 0.001641918 0.999946833 0.010183069 -1.019482017 0.005926276 -0.010192635 0.999930501 32.502296448
0.999977708 -0.001603409 -0.006473159 0.676740050 0.001669318 0.999946713 0.010189366 -1.033535719 0.006456476 -0.010199944 0.999927163 33.045158386
0.999977469 -0.001665935 -0.006501281 0.683980346 0.001735724 0.999940813 0.010743897 -1.047738552 0.006482998 -0.010754939 0.999921143 33.574104309
0.999976456 -0.001809580 -0.006613077 0.690950274 0.001879173 0.999942839 0.010532650 -1.054986954 0.006593638 -0.010544830 0.999922693 34.129398346
0.999977350 -0.001606478 -0.006538162 0.706594825 0.001675724 0.999942482 0.010599414 -1.066193819 0.006520758 -0.010610130 0.999922454 34.687011719
0.999978781 -0.001368496 -0.006368764 0.680655599 0.001432700 0.999948084 0.010087457 -1.081564069 0.006354630 -0.010096370 0.999928832 35.197689056
0.999976516 -0.001831526 -0.006601386 0.688657045 0.001897339 0.999948442 0.009977111 -1.090506077 0.006582773 -0.009989402 0.999928415 35.755390167
0.999980211 -0.001122282 -0.006193846 0.694501162 0.001183677 0.999950171 0.009917469 -1.102070570 0.006182407 -0.009924605 0.999931574 36.301330566
0.999972582 -0.002022499 -0.007118763 0.706816077 0.002099498 0.999939203 0.010825636 -1.122541785 0.007096434 -0.010840286 0.999916077 36.812465668
0.999970078 -0.002192713 -0.007422844 0.717826009 0.002271922 0.999940395 0.010679362 -1.134751081 0.007398984 -0.010695907 0.999915421 37.356628418
0.999967158 -0.002598457 -0.007680365 0.734609902 0.002682423 0.999936521 0.010942582 -1.143071175 0.007651443 -0.010962824 0.999910653 37.921218872
0.999969900 -0.002103214 -0.007469080 0.726971209 0.002184769 0.999937892 0.010927780 -1.158238888 0.007445632 -0.010943769 0.999912441 38.452201843
0.999968588 -0.001601030 -0.007759250 0.739933133 0.001685583 0.999939203 0.010902814 -1.163487673 0.007741322 -0.010915552 0.999910474 38.980819702
0.999965847 -0.002309608 -0.007937989 0.715978503 0.002402087 0.999929130 0.011660560 -1.207226157 0.007910495 -0.011679229 0.999900520 39.559226990
0.999969125 -0.001979884 -0.007611462 0.723458052 0.002066877 0.999932468 0.011438332 -1.219758391 0.007588300 -0.011453710 0.999905646 40.087524414
0.999966323 -0.002777485 -0.007727301 0.729362130 0.002867825 0.999927342 0.011704566 -1.228434086 0.007694231 -0.011726332 0.999901593 40.660484314
0.999966323 -0.002587459 -0.007793322 0.741695464 0.002682985 0.999921083 0.012272027 -1.237483501 0.007760953 -0.012292522 0.999894381 41.207729340
0.999964535 -0.002173098 -0.008133044 0.749181628 0.002266968 0.999930739 0.011550391 -1.246671319 0.008107379 -0.011568419 0.999900281 41.759544373
0.999964893 -0.001981654 -0.008142220 0.724016666 0.002082779 0.999920487 0.012430089 -1.279836893 0.008116941 -0.012446610 0.999889612 42.332668304
0.999963403 -0.002388354 -0.008214333 0.737346470 0.002492197 0.999916792 0.012654782 -1.290849924 0.008183426 -0.012674790 0.999886155 42.875476837
0.999963105 -0.002485032 -0.008225651 0.745569825 0.002588794 0.999916911 0.012627928 -1.300189257 0.008193588 -0.012648756 0.999886453 43.426666260
0.999963343 -0.002405680 -0.008211673 0.747676492 0.002510160 0.999915719 0.012736959 -1.348526478 0.008180340 -0.012757105 0.999885082 43.898082733
0.999963999 -0.001588434 -0.008333466 0.752589941 0.001696071 0.999915004 0.012925156 -1.379550219 0.008312227 -0.012938824 0.999881685 44.382019043
0.999964714 -0.001394980 -0.008282228 0.756808639 0.001499703 0.999918818 0.012651592 -1.389699936 0.008263907 -0.012663567 0.999885559 44.926761627
0.999961734 -0.002336136 -0.008432995 0.772449374 0.002449126 0.999906957 0.013413117 -1.403606653 0.008400877 -0.013433257 0.999874413 45.412311554
0.999959946 -0.001835924 -0.008756907 0.783759832 0.001949642 0.999913633 0.012995210 -1.407048583 0.008732294 -0.013011762 0.999877274 45.981479645
0.999956727 -0.002708642 -0.008896343 0.784243286 0.002828800 0.999904513 0.013521810 -1.420019627 0.008858870 -0.013546390 0.999868989 46.529342651
0.999954104 -0.002946754 -0.009118788 0.793041825 0.003070936 0.999902368 0.013634309 -1.425219059 0.009077721 -0.013661686 0.999865413 47.116626740
0.999964297 -0.001604928 -0.008297504 0.789136052 0.001716532 0.999907911 0.013460674 -1.447543025 0.008275138 -0.013474437 0.999874890 47.510681152
0.999960542 -0.001855446 -0.008688765 0.834122062 0.001971632 0.999908447 0.013382552 -1.423067331 0.008663139 -0.013399154 0.999872684 48.098243713
0.999961495 -0.002409487 -0.008439451 0.802742898 0.002525977 0.999901295 0.013819754 -1.470430613 0.008405320 -0.013840539 0.999868870 48.597026825
0.999965966 -0.001332165 -0.008156904 0.813508630 0.001445669 0.999901950 0.013925004 -1.487681150 0.008137555 -0.013936319 0.999869764 49.117931366
0.999966502 -0.001071155 -0.008112069 0.815712452 0.001185077 0.999900460 0.014051774 -1.498563409 0.008096211 -0.014060915 0.999868393 49.650718689
0.999963880 -0.001574650 -0.008348892 0.816940904 0.001691679 0.999900103 0.014028911 -1.504754305 0.008325968 -0.014042529 0.999866664 50.176723480
0.999967873 -0.001397166 -0.007898439 0.826036870 0.001507781 0.999900639 0.014016111 -1.509728551 0.007878073 -0.014027569 0.999870539 50.738285065
0.999961615 -0.001941978 -0.008537672 0.823918581 0.002067639 0.999889314 0.014734356 -1.539763212 0.008508113 -0.014751443 0.999854922 51.246417999
0.999964714 -0.001167714 -0.008310430 0.811495900 0.001288519 0.999893367 0.014546068 -1.545839071 0.008292557 -0.014556263 0.999859691 51.739379883
0.999965191 -0.001403954 -0.008221804 0.819123507 0.001521424 0.999896526 0.014298794 -1.549622536 0.008200879 -0.014310806 0.999863982 52.251415253
0.999965966 -0.001001870 -0.008186930 0.823985875 0.001118861 0.999897063 0.014297853 -1.559006929 0.008171762 -0.014306527 0.999864280 52.798793793
0.999965429 -0.001096885 -0.008240985 0.836678028 0.001214516 0.999897242 0.014282424 -1.567287087 0.008224472 -0.014291940 0.999863982 53.313793182
0.999969125 -0.000749664 -0.007816212 0.837512493 0.000861554 0.999897063 0.014321541 -1.575459242 0.007804670 -0.014327835 0.999866843 53.889793396
0.999968290 -0.001019510 -0.007900410 0.835796654 0.001131653 0.999898493 0.014203257 -1.578079224 0.007885127 -0.014211749 0.999867916 54.381744385
0.999967694 -0.001095378 -0.007966096 0.847917080 0.001210852 0.999894083 0.014505374 -1.593312860 0.007949363 -0.014514551 0.999863088 54.890151978
0.999967635 -0.000815212 -0.008010461 0.852684140 0.000930782 0.999895453 0.014434321 -1.596077204 0.007997856 -0.014441310 0.999863744 55.439537048
0.999966145 -0.001374556 -0.008118595 0.863470495 0.001492677 0.999892831 0.014561417 -1.608290315 0.008097709 -0.014573042 0.999861062 55.993171692
0.999970198 -0.000936335 -0.007656221 0.862557709 0.001048415 0.999892175 0.014648155 -1.624169230 0.007641680 -0.014655748 0.999863386 56.518539429
0.999972045 -0.000742622 -0.007443342 0.865090191 0.000852520 0.999890506 0.014772385 -1.632343531 0.007431556 -0.014778318 0.999863148 57.052818298
0.999968767 -0.001010187 -0.007853328 0.877665162 0.001123860 0.999894440 0.014483602 -1.638807774 0.007837868 -0.014491974 0.999864221 57.593719482
0.999972522 -0.000609890 -0.007404717 0.877148747 0.000719734 0.999889553 0.014840775 -1.642837763 0.007394849 -0.014845693 0.999862432 58.088024139
0.999971330 -0.000421464 -0.007560951 0.889031291 0.000533192 0.999890566 0.014781131 -1.658374548 0.007553894 -0.014784738 0.999862134 58.675807953
0.999970615 -0.000968520 -0.007608099 0.899282396 0.001084604 0.999882817 0.015268579 -1.667909145 0.007592420 -0.015276382 0.999854505 59.131717682
0.999968827 -0.000868961 -0.007850399 0.906477213 0.000990336 0.999879837 0.015470332 -1.672177315 0.007836012 -0.015477623 0.999849558 59.695140839
0.999971628 -0.000856761 -0.007485877 0.918450475 0.000973190 0.999878466 0.015563346 -1.689045548 0.007471633 -0.015570190 0.999850869 60.236721039
0.999969304 -0.000828481 -0.007796479 0.925646424 0.000953466 0.999870837 0.016040863 -1.694164753 0.007782183 -0.016047802 0.999840975 60.791690826
0.999971092 -0.000539423 -0.007587261 0.921678066 0.000662805 0.999867439 0.016268689 -1.708893418 0.007577479 -0.016273249 0.999838829 61.347305298
0.999968588 -0.001245077 -0.007827769 0.932131290 0.001370334 0.999870837 0.016016599 -1.712464452 0.007806815 -0.016026825 0.999841094 61.849674225
0.999978006 0.000784846 -0.006587082 0.928391695 -0.000677123 0.999866247 0.016340064 -1.714936972 0.006599025 -0.016335245 0.999844849 62.419311523
0.999968112 -0.000395963 -0.007978587 1.003434300 0.000523253 0.999872446 0.015958145 -1.721397758 0.007971252 -0.015961811 0.999840856 63.070880890
0.999965847 -0.001578990 -0.008120866 0.946535230 0.001707300 0.999873400 0.015817354 -1.742536426 0.008094864 -0.015830675 0.999841928 63.537403107
0.999964595 -0.001565825 -0.008270863 0.985998154 0.001702041 0.999862611 0.016488094 -1.829322577 0.008243909 -0.016501587 0.999829829 63.890621185
0.999964774 -0.001424288 -0.008276644 0.993283331 0.001562293 0.999859512 0.016691551 -1.839997888 0.008251709 -0.016703894 0.999826372 64.438842773
0.999969900 -0.000962325 -0.007702489 0.991414189 0.001092480 0.999856412 0.016911346 -1.848471642 0.007685109 -0.016919255 0.999827325 64.917579651
0.999971211 -0.000795054 -0.007539976 0.992037773 0.000915883 0.999870956 0.016035285 -1.829481006 0.007526257 -0.016041730 0.999842942 65.643829346
0.999971449 -0.000143876 -0.007561157 1.003430367 0.000268911 0.999863207 0.016538003 -1.861826897 0.007557744 -0.016539566 0.999834657 66.009834290
0.999966741 -0.001448029 -0.008028238 1.041236877 0.001581154 0.999860942 0.016600650 -1.883962750 0.008003084 -0.016612794 0.999830008 66.490234375
0.999960542 -0.002480224 -0.008523891 1.031461716 0.002626354 0.999849021 0.017175324 -1.878994584 0.008480005 -0.017197035 0.999816179 66.926391602
0.999966204 -0.001629693 -0.008063002 1.026710749 0.001766607 0.999853969 0.017002620 -1.888856173 0.008034115 -0.017016288 0.999822915 67.649917603
0.999967933 -0.001437820 -0.007869870 1.041927576 0.001571528 0.999854028 0.017010184 -1.888275027 0.007844264 -0.017022006 0.999824345 68.025741577
0.999961078 -0.002117574 -0.008563942 1.051483631 0.002261299 0.999856174 0.016807845 -1.892281413 0.008527118 -0.016826559 0.999822021 68.558578491
0.999963880 -0.001879477 -0.008288661 1.026054025 0.002022408 0.999848843 0.017269654 -1.901665330 0.008254952 -0.017285794 0.999816537 69.055625916
0.999957740 -0.003193161 -0.008619303 1.040276051 0.003338685 0.999851227 0.016922308 -1.886524320 0.008563987 -0.016950369 0.999819636 69.673095703
0.999964535 -0.002027336 -0.008177322 1.045726061 0.002169896 0.999845147 0.017462540 -1.916558027 0.008140655 -0.017479664 0.999814093 70.129638672
0.999963343 -0.002149147 -0.008288368 1.035028100 0.002290639 0.999851108 0.017099584 -1.922961473 0.008250384 -0.017117942 0.999819398 70.648582458
0.999957502 -0.002822376 -0.008777162 1.063959837 0.002977177 0.999839365 0.017673973 -1.926494718 0.008725870 -0.017699355 0.999805272 71.188964844
0.999966621 -0.002123266 -0.007890330 1.036021113 0.002256574 0.999854207 0.016924841 -1.928767204 0.007853243 -0.016942082 0.999825597 71.772026062
0.999960542 -0.002580155 -0.008501861 1.046088099 0.002728549 0.999843359 0.017489061 -1.947574854 0.008455403 -0.017511571 0.999810934 72.101600647
0.999954164 -0.003543256 -0.008901825 1.067699909 0.003696913 0.999843419 0.017304542 -1.943843722 0.008839118 -0.017336657 0.999810576 72.846260071
0.999961317 -0.002731310 -0.008361532 1.065588236 0.002881262 0.999834299 0.017974352 -1.981593013 0.008311054 -0.017997753 0.999803483 73.226837158
0.999965489 -0.002055099 -0.008052438 1.064699888 0.002197669 0.999840319 0.017736457 -1.988864422 0.008014702 -0.017753543 0.999810219 73.777893066
0.999962926 -0.002258478 -0.008316973 1.074567437 0.002408452 0.999833822 0.018066607 -1.998960853 0.008274789 -0.018085970 0.999802113 74.293685913
0.999966741 -0.002313244 -0.007817476 1.068796873 0.002448821 0.999845922 0.017378062 -1.983481646 0.007776071 -0.017396629 0.999818444 74.919563293
0.999962807 -0.002941671 -0.008115753 1.084896803 0.003081571 0.999845922 0.017279655 -1.991534472 0.008063674 -0.017304022 0.999817729 75.401824951
0.999973536 -0.001550477 -0.007114276 1.080679297 0.001673996 0.999847353 0.017389188 -2.000324726 0.007086229 -0.017400637 0.999823511 76.007316589
0.999962091 -0.002447886 -0.008358828 1.089820385 0.002594483 0.999842167 0.017572444 -2.018288612 0.008314495 -0.017593464 0.999810576 76.544013977
0.999967575 -0.002457444 -0.007667499 1.102557182 0.002587800 0.999851406 0.017037792 -2.007590532 0.007624491 -0.017057080 0.999825418 77.099418640
0.999962211 -0.002984127 -0.008183255 1.113568306 0.003126314 0.999843419 0.017418057 -2.023183823 0.008129996 -0.017442979 0.999814808 77.638847351
0.999964654 -0.002767972 -0.007936205 1.117971897 0.002904963 0.999846041 0.017302211 -2.027757645 0.007887091 -0.017324649 0.999818802 78.226669312
0.999963462 -0.002758065 -0.008091243 1.126616955 0.002896514 0.999848664 0.017149499 -2.037092686 0.008042720 -0.017172307 0.999820173 78.769706726
0.999964237 -0.003149306 -0.007847838 1.133934975 0.003284508 0.999845386 0.017275007 -2.040925980 0.007792220 -0.017300166 0.999819994 79.327407837
0.999975204 -0.003024655 -0.006362449 1.138484716 0.003132334 0.999850869 0.016982835 -2.048029423 0.006310133 -0.017002344 0.999835551 79.874107361
0.999980271 -0.003212133 -0.005402987 1.152489781 0.003303347 0.999850750 0.016958766 -2.054072857 0.005347707 -0.016976280 0.999841571 80.425468445
0.999987364 -0.003007109 -0.004031307 1.165652633 0.003075245 0.999850690 0.017003287 -2.060443878 0.003979574 -0.017015468 0.999847293 80.969436646
0.999996126 -0.002775261 -0.000225507 1.175847173 0.002778694 0.999851525 0.017004265 -2.065742016 0.000178282 -0.017004823 0.999855399 81.511978149
0.999988377 -0.003919586 0.002810591 1.203818083 0.003871485 0.999849379 0.016919857 -2.065891981 -0.002876487 -0.016908778 0.999852896 82.064178467
0.999974668 -0.003743654 0.006050481 1.224672198 0.003639778 0.999847293 0.017089033 -2.078090906 -0.006113533 -0.017066579 0.999835670 82.602973938
0.999935091 -0.003545232 0.010829124 1.238665223 0.003361061 0.999850214 0.016978212 -2.076881886 -0.010887694 -0.016940711 0.999797225 83.172309875
0.999847353 -0.003112291 0.017192859 1.261578441 0.002814777 0.999846339 0.017301697 -2.087012768 -0.017244067 -0.017250665 0.999702454 83.719337463
0.999738932 -0.003182169 0.022627926 1.295866728 0.002789211 0.999845088 0.017376479 -2.097254992 -0.022679720 -0.017308826 0.999592960 84.254974365
0.999585927 -0.002878179 0.028629465 1.320673823 0.002386760 0.999849439 0.017184218 -2.099451542 -0.028674619 -0.017108772 0.999442399 84.835205078
0.999327183 -0.002564700 0.036588673 1.360319376 0.001947163 0.999855220 0.016903481 -2.092862129 -0.036626730 -0.016820859 0.999187529 85.394973755
0.999001205 -0.003596013 0.044536680 1.404537678 0.002843299 0.999852240 0.016952828 -2.108068943 -0.044591065 -0.016809268 0.998863876 85.948318481
0.998690009 -0.003893808 0.051023059 1.452089310 0.003023662 0.999848962 0.017120080 -2.113779545 -0.051082030 -0.016943377 0.998550653 86.502685547
0.998199761 -0.003807673 0.059855726 1.507520914 0.002789752 0.999850214 0.017080622 -2.120430470 -0.059911802 -0.016882893 0.998060822 87.040496826
0.997552276 -0.004136080 0.069801375 1.566284657 0.002944644 0.999848306 0.017163223 -2.125318527 -0.069861777 -0.016915670 0.997413278 87.585609436
0.996913433 -0.004504525 0.078379326 1.626344204 0.003165521 0.999847054 0.017199500 -2.132674217 -0.078444816 -0.016898300 0.996775210 88.119598389
0.996272027 -0.004804360 0.086133182 1.696188450 0.003331543 0.999845922 0.017234894 -2.138975859 -0.086202726 -0.016883686 0.996134520 88.664466858
0.995308578 -0.004626065 0.096639320 1.769969940 0.002975126 0.999847293 0.017220628 -2.143060684 -0.096704215 -0.016852327 0.995170534 89.204315186
0.994231761 -0.005328278 0.107120343 1.857011318 0.003505580 0.999845982 0.017196536 -2.153065443 -0.107195489 -0.016721824 0.994097352 89.749710083
0.993202090 -0.005942274 0.116251096 1.943532944 0.003968923 0.999844134 0.017199028 -2.159934998 -0.116335206 -0.016620720 0.993070960 90.290191650
0.991856813 -0.005867012 0.127222657 2.035971642 0.003699938 0.999844134 0.017263342 -2.164304733 -0.127304107 -0.016652048 0.991723955 90.847640991
0.990210652 -0.005944926 0.139455274 2.137379646 0.003532440 0.999839902 0.017540514 -2.175516605 -0.139537215 -0.016876185 0.990073025 91.385047913
0.988660514 -0.006436137 0.150029793 2.245908737 0.003884126 0.999842882 0.017296856 -2.177942276 -0.150117546 -0.016517986 0.988530159 91.943496704
0.987031758 -0.006735475 0.160383731 2.359076500 0.004005783 0.999841630 0.017336998 -2.183588028 -0.160475135 -0.016469706 0.986902475 92.487815857
0.984876275 -0.007270595 0.173106164 2.480321884 0.004367349 0.999843419 0.017146461 -2.188251019 -0.173203722 -0.016131129 0.984753847 93.017471313
0.982663214 -0.007670766 0.185240716 2.603299141 0.004540818 0.999839783 0.017314995 -2.193829536 -0.185343847 -0.016173664 0.982540607 93.557601929
0.980727375 -0.008539159 0.195194423 2.735954285 0.005269557 0.999837101 0.017263653 -2.197666645 -0.195310041 -0.015902350 0.980612636 94.096092224
0.977917373 -0.008514611 0.208818063 2.868602753 0.005043387 0.999840260 0.017150017 -2.201753616 -0.208930701 -0.015718153 0.977804124 94.625801086
0.975030601 -0.009071416 0.221885130 3.011161804 0.005261158 0.999828398 0.017757252 -2.209891319 -0.222008154 -0.016146490 0.974911094 95.161148071
0.972473025 -0.009476596 0.232822776 3.164094925 0.005562916 0.999832094 0.017460573 -2.211978436 -0.232949108 -0.015684763 0.972362578 95.697113037
0.969442070 -0.009746323 0.245126531 3.320964813 0.005624812 0.999830961 0.017508281 -2.218152046 -0.245255738 -0.015594476 0.969333053 96.217987061
0.965874434 -0.009839518 0.258823842 3.493404388 0.005450042 0.999828994 0.017671393 -2.224754095 -0.258953482 -0.015657749 0.965762854 96.759613037
0.962471426 -0.010039466 0.271197349 3.661964417 0.005379548 0.999824941 0.017920712 -2.230090618 -0.271329761 -0.015789254 0.962356865 97.286010742
0.959218442 -0.010313707 0.282477647 3.845668793 0.005379681 0.999819160 0.018237036 -2.238149166 -0.282614678 -0.015973659 0.959100485 97.823226929
0.954876244 -0.010112421 0.296831846 4.024982452 0.004782552 0.999814093 0.018676551 -2.244057655 -0.296965569 -0.016414179 0.954747140 98.324638367
0.950587988 -0.010300967 0.310284376 4.231693268 0.004871133 0.999821186 0.018269330 -2.245638847 -0.310417086 -0.015855163 0.950468242 98.878631592
0.946789443 -0.010994545 0.321665734 4.429735184 0.005339370 0.999815404 0.018457841 -2.248907328 -0.321809322 -0.015758198 0.946673274 99.403121948
0.942306399 -0.010999248 0.334570825 4.640401840 0.004969898 0.999809563 0.018871894 -2.257573605 -0.334714741 -0.016120324 0.942181587 99.924263000
0.937191844 -0.011128259 0.348636687 4.847438812 0.005050093 0.999819160 0.018338118 -2.256745577 -0.348777622 -0.015425688 0.937078536 100.437004089
0.932616532 -0.011886589 0.360673070 5.083600998 0.005478323 0.999808550 0.018784707 -2.263411283 -0.360827297 -0.015543045 0.932503104 100.964149475
0.928309143 -0.011973285 0.371616513 5.308177948 0.005399197 0.999810100 0.018725989 -2.266096592 -0.371770144 -0.015377075 0.928197443 101.481552124
0.922843695 -0.012064045 0.384985626 5.542238235 0.005198698 0.999808431 0.018868620 -2.267615080 -0.385139555 -0.015411364 0.922729611 101.982330322
0.917212427 -0.012419683 0.398204774 5.783607483 0.005373009 0.999808669 0.018807191 -2.269746304 -0.398362219 -0.015110635 0.917103648 102.485488892
0.912288964 -0.013208352 0.409333944 6.030624390 0.005976523 0.999802768 0.018941578 -2.277617693 -0.409503341 -0.014833801 0.912187994 102.974143982
0.905817866 -0.013236267 0.423460513 6.302066803 0.005733575 0.999803305 0.018986633 -2.275534153 -0.423628509 -0.014770488 0.905715525 103.501220703
0.899008036 -0.013544164 0.437722653 6.560791016 0.005632889 0.999796510 0.019367045 -2.284622431 -0.437895954 -0.014945489 0.898901403 103.969322205
0.893216133 -0.014255115 0.449401528 6.852966309 0.006319419 0.999796689 0.019153487 -2.281226635 -0.449583143 -0.014268248 0.893124521 104.487449646
0.887755752 -0.014837323 0.460075587 7.128726959 0.006694377 0.999790967 0.019325621 -2.283806801 -0.460266083 -0.014076514 0.887669384 104.968505859
0.880620718 -0.015170695 0.473578751 7.416900635 0.006980943 0.999794245 0.019046480 -2.284937859 -0.473770291 -0.013466700 0.880545497 105.454711914
0.873609185 -0.015413843 0.486384034 7.704715729 0.006925921 0.999790847 0.019244196 -2.288221121 -0.486578941 -0.013443249 0.873533189 105.929779053
