1.000000000 0.000000000 0.000000000 0.000000000 0.000000000 1.000000000 0.000000000 0.000000000 0.000000000 0.000000000 1.000000000 0.000000000
1.000000000 0.000061956 -0.000013596 -0.000044488 -0.000061957 1.000000000 -0.000040012 0.000271626 0.000013594 0.000040013 1.000000000 -0.000562728
1.000000000 0.000053209 0.000043534 -0.000695398 -0.000053211 1.000000000 0.000038645 -0.000536739 -0.000043532 -0.000038648 1.000000000 -0.000906227
1.000000000 -0.000119470 0.000084576 -0.000172347 0.000119472 1.000000000 -0.000021254 0.000411364 -0.000084574 0.000021264 1.000000000 0.000183868
1.000000000 -0.000107581 0.000050700 -0.000286427 0.000107581 1.000000000 0.000005119 -0.000103017 -0.000050700 -0.000005114 1.000000000 -0.000744310
1.000000000 -0.000037858 0.000154100 -0.001141659 0.000037868 1.000000000 -0.000064211 0.000927041 -0.000154097 0.000064216 1.000000000 -0.000027429
1.000000000 -0.000106364 0.000077566 0.000607089 0.000106367 1.000000000 -0.000038362 0.000259811 -0.000077562 0.000038370 1.000000000 0.000021267
1.000000000 0.000025119 0.000099540 -0.000726282 -0.000025128 1.000000000 0.000094405 -0.000558342 -0.000099537 -0.000094408 1.000000000 -0.000567591
1.000000000 0.000006696 0.000026140 -0.000442308 -0.000006694 1.000000000 -0.000079515 0.000221879 -0.000026141 0.000079515 1.000000000 -0.000033946
1.000000000 -0.000035489 0.000121261 -0.000675788 0.000035485 1.000000000 0.000032864 -0.000927038 -0.000121262 -0.000032859 1.000000000 -0.000543470
1.000000000 0.000062190 0.000104027 -0.001214462 -0.000062194 1.000000000 0.000043014 -0.000661369 -0.000104024 -0.000043021 1.000000000 -0.000327728
1.000000000 0.000027344 0.000137641 -0.000792467 -0.000027343 1.000000000 -0.000007276 0.000745622 -0.000137641 0.000007272 1.000000000 0.000051454
1.000000000 0.000006949 0.000036156 -0.000914872 -0.000006945 1.000000000 -0.000104776 -0.000131406 -0.000036157 0.000104776 1.000000000 -0.001103923
1.000000000 -0.000005338 0.000078067 -0.001204489 0.000005340 1.000000000 -0.000029918 0.001151649 -0.000078067 0.000029919 1.000000000 0.000555893
1.000000000 -0.000020990 0.000093207 -0.001758451 0.000020999 1.000000000 -0.000101556 0.000952807 -0.000093205 0.000101558 1.000000000 -0.000394075
1.000000000 0.000055734 -0.000009257 0.000190739 -0.000055735 1.000000000 -0.000108160 0.002326839 0.000009251 0.000108160 1.000000000 0.002120991
1.000000000 0.000093570 0.000127034 -0.001290459 -0.000093550 1.000000000 -0.000152311 0.002625715 -0.000127049 0.000152299 1.000000000 0.003050677
1.000000000 0.000138728 0.000089545 -0.001260583 -0.000138716 1.000000000 -0.000136942 0.001570469 -0.000089564 0.000136929 1.000000000 0.001429550
0.999999940 0.000176918 0.000199326 -0.002406666 -0.000176898 1.000000000 -0.000101762 0.002737708 -0.000199344 0.000101727 1.000000000 0.003078066
1.000000000 0.000116002 0.000163438 -0.001713287 -0.000115981 1.000000000 -0.000125940 0.002407406 -0.000163453 0.000125921 1.000000000 0.002406606
1.000000000 0.000148111 0.000191746 -0.001982145 -0.000148090 1.000000000 -0.000108973 0.001760365 -0.000191762 0.000108944 1.000000000 0.002351966
1.000000000 0.000186580 0.000125248 -0.002133623 -0.000186569 1.000000000 -0.000092351 0.002657061 -0.000125265 0.000092328 1.000000000 0.002411077
1.000000000 0.000145646 0.000058313 -0.000832770 -0.000145639 1.000000000 -0.000122405 0.002757939 -0.000058331 0.000122396 1.000000000 0.003576834
1.000000000 0.000171784 0.000106709 -0.001718956 -0.000171773 1.000000000 -0.000103990 0.003182612 -0.000106727 0.000103971 1.000000000 0.003519620
0.999999940 0.000367401 0.000085911 -0.002022769 -0.000367390 0.999999940 -0.000121044 0.003678230 -0.000085955 0.000121012 1.000000000 0.004526854
0.999999940 0.000292052 0.000120631 -0.001580648 -0.000292043 0.999999940 -0.000075499 0.002051680 -0.000120653 0.000075463 1.000000000 0.002141882
1.000000000 0.000112623 0.000176048 -0.001841725 -0.000112605 1.000000000 -0.000103109 0.003235555 -0.000176060 0.000103089 1.000000000 0.003549726
0.999999940 0.000151330 0.000212219 -0.002511562 -0.000151319 1.000000000 -0.000053405 0.002265844 -0.000212227 0.000053373 1.000000000 0.003259727
1.000000000 0.000108964 0.000078427 -0.001420175 -0.000108956 1.000000000 -0.000101167 0.003031767 -0.000078438 0.000101159 1.000000000 0.003004326
1.000000000 0.000126652 0.000193307 -0.002570883 -0.000126621 1.000000000 -0.000159919 0.003331476 -0.000193327 0.000159895 0.999999940 0.003784695
0.999999940 0.000127862 0.000241476 -0.001843092 -0.000127845 1.000000000 -0.000067770 0.002117105 -0.000241485 0.000067739 0.999999940 0.003474031
1.000000000 0.000110104 0.000211900 -0.001391533 -0.000110085 1.000000000 -0.000092604 0.003577770 -0.000211910 0.000092581 1.000000000 0.004300344
1.000000000 0.000179762 0.000091147 -0.000538154 -0.000179742 0.999999940 -0.000219111 0.004315679 -0.000091186 0.000219095 1.000000000 0.004415300
1.000000000 0.000102171 0.000155084 -0.001304034 -0.000102154 1.000000000 -0.000107596 0.002205299 -0.000155095 0.000107580 1.000000000 0.002693380
0.999999940 0.000235904 0.000167823 -0.002245578 -0.000235884 0.999999940 -0.000115573 0.002058738 -0.000167851 0.000115534 1.000000000 0.002254345
0.999999940 0.000252189 0.000211052 -0.001739793 -0.000252161 0.999999940 -0.000134439 0.002408889 -0.000211086 0.000134385 0.999999940 0.002191756
1.000000000 0.000109550 0.000160316 -0.001752788 -0.000109533 1.000000000 -0.000105860 0.002791617 -0.000160327 0.000105842 1.000000000 0.002558535
1.000000000 0.000195963 0.000133691 -0.001775447 -0.000195954 1.000000000 -0.000072737 0.003049426 -0.000133706 0.000072711 1.000000000 0.004039713
0.999999940 0.000239437 0.000193418 -0.001620522 -0.000239412 0.999999940 -0.000128759 0.003218153 -0.000193448 0.000128713 1.000000000 0.002656324
1.000000000 0.000164525 0.000115518 -0.000712803 -0.000164502 0.999999940 -0.000195599 0.004693181 -0.000115550 0.000195580 1.000000000 0.003812421
1.000000000 0.000048358 0.000068932 0.000057142 -0.000048349 1.000000000 -0.000141453 0.002030070 -0.000068939 0.000141450 1.000000000 0.004128507
0.999999821 0.000399700 0.000170464 0.000867100 -0.000399601 0.999999762 -0.000582411 -0.001753086 -0.000170697 0.000582343 0.999999821 0.051282715
0.999999762 0.000486826 0.000145963 0.002615705 -0.000486639 0.999998987 -0.001278326 -0.001789762 -0.000146585 0.001278255 0.999999166 0.141637966
0.999999821 0.000573866 0.000142221 0.005907563 -0.000573735 0.999999404 -0.000918682 -0.016973069 -0.000142748 0.000918600 0.999999583 0.256637007
0.999999762 0.000585712 0.000186680 0.008814396 -0.000585546 0.999999404 -0.000891840 -0.019339725 -0.000187202 0.000891731 0.999999583 0.388999760
0.999999762 0.000576085 0.000161288 0.010289646 -0.000575981 0.999999583 -0.000649964 -0.022798307 -0.000161662 0.000649870 0.999999821 0.532449603
0.999999881 0.000153584 0.000398825 0.015174431 -0.000153545 1.000000000 -0.000095689 -0.029740926 -0.000398839 0.000095628 0.999999940 0.678459644
0.999999881 -0.000038484 0.000402732 0.020746188 0.000038456 0.999999940 0.000069195 -0.032306317 -0.000402734 -0.000069180 0.999999940 0.840249181
0.999999821 0.000122738 0.000589689 0.012878173 -0.000122581 0.999999881 -0.000265918 -0.033903528 -0.000589722 0.000265845 0.999999702 1.010518193
0.999999881 0.000203227 0.000497165 0.017465658 -0.000203141 0.999999940 -0.000172028 -0.039401948 -0.000497200 0.000171927 0.999999821 1.186757803
0.999999702 0.000606795 0.000478838 0.026125280 -0.000607126 0.999999583 0.000692167 -0.048220400 -0.000478418 -0.000692457 0.999999642 1.382198811
0.999999702 0.000732840 0.000339674 0.031096909 -0.000733042 0.999999583 0.000596440 -0.049433697 -0.000339237 -0.000596689 0.999999762 1.576651454
0.999999702 0.000217544 0.000632673 0.031552494 -0.000217786 0.999999881 0.000383374 -0.055313535 -0.000632590 -0.000383512 0.999999702 1.777200103
0.999999642 0.000348860 0.000687649 0.034518983 -0.000349298 0.999999762 0.000637298 -0.061993588 -0.000687427 -0.000637538 0.999999523 1.973595262
0.999999821 0.000176148 0.000555910 0.040572986 -0.000176553 0.999999702 0.000728559 -0.070146419 -0.000555782 -0.000728657 0.999999583 2.184727907
0.999999702 0.000347414 0.000553266 0.043457907 -0.000347783 0.999999702 0.000667262 -0.073472403 -0.000553034 -0.000667455 0.999999642 2.399875641
0.999999642 0.000535601 0.000643093 0.046708386 -0.000535951 0.999999642 0.000545121 -0.078613043 -0.000642801 -0.000545465 0.999999702 2.622619152
0.999999583 0.000346682 0.000857797 0.053175461 -0.000347470 0.999999523 0.000918071 -0.088139392 -0.000857479 -0.000918369 0.999999166 2.854881763
0.999999404 0.000317525 0.001002228 0.060207047 -0.000318487 0.999999464 0.000960430 -0.091459826 -0.001001922 -0.000960749 0.999998987 3.101559639
0.999999464 0.000744935 0.000704527 0.065461755 -0.000745537 0.999999344 0.000853772 -0.099716462 -0.000703891 -0.000854297 0.999999404 3.327449560
0.999999762 0.000205868 0.000674553 0.070819184 -0.000206648 0.999999285 0.001156920 -0.110061437 -0.000674314 -0.001157059 0.999999046 3.573964119
0.999999344 0.000690955 0.000870190 0.072650574 -0.000691769 0.999999225 0.000935576 -0.114159480 -0.000869543 -0.000936177 0.999999166 3.833908319
0.999999225 0.000601724 0.001076692 0.074536018 -0.000602755 0.999999344 0.000957464 -0.119138077 -0.001076116 -0.000958112 0.999998927 4.090681076
0.999998689 0.001048470 0.001162810 0.079862721 -0.001049624 0.999998868 0.000991633 -0.123807192 -0.001161769 -0.000992852 0.999998808 4.349461555
0.999998569 0.000361390 0.001626329 0.082841389 -0.000363431 0.999999106 0.001254806 -0.132637545 -0.001625874 -0.001255395 0.999997854 4.609241962
0.999998808 0.001212740 0.000960897 0.097197510 -0.001213374 0.999999046 0.000659547 -0.130103976 -0.000960096 -0.000660712 0.999999285 4.869941235
0.999998391 0.001437144 0.001090557 0.101104930 -0.001438084 0.999998629 0.000861280 -0.138218313 -0.001089318 -0.000862847 0.999999046 5.129054546
0.999996662 0.002030959 0.001612800 0.102012858 -0.002031994 0.999997735 0.000640322 -0.147916391 -0.001611496 -0.000643597 0.999998450 5.383000851
0.999996901 0.001885602 0.001611132 0.108011000 -0.001886850 0.999997854 0.000772875 -0.157600537 -0.001609671 -0.000775912 0.999998391 5.648853779
0.999997616 0.001491345 0.001603769 0.109197676 -0.001492735 0.999998450 0.000865242 -0.164724231 -0.001602476 -0.000867634 0.999998271 5.911693573
0.999997616 0.001634399 0.001467604 0.116128586 -0.001635366 0.999998450 0.000657950 -0.172502548 -0.001466526 -0.000660349 0.999998689 6.193822861
0.999996841 0.001698750 0.001866630 0.122824132 -0.001700390 0.999998152 0.000876972 -0.180637524 -0.001865136 -0.000880144 0.999997854 6.484463215
0.999997020 0.001784974 0.001622840 0.134446904 -0.001786878 0.999997675 0.001172809 -0.194296554 -0.001620743 -0.001175705 0.999997973 6.770636559
0.999996424 0.002001998 0.001757938 0.137178183 -0.002003546 0.999997616 0.000879285 -0.198844746 -0.001756174 -0.000882804 0.999998093 7.071080685
0.999997377 0.001765561 0.001454262 0.144440979 -0.001767169 0.999997854 0.001105458 -0.209103197 -0.001452307 -0.001108025 0.999998391 7.369538784
0.999996543 0.001913965 0.001794752 0.151021853 -0.001915979 0.999997556 0.001120767 -0.225303233 -0.001792602 -0.001124202 0.999997735 7.668818951
0.999996483 0.001917506 0.001833482 0.159524798 -0.001919416 0.999997675 0.001040796 -0.229237869 -0.001831481 -0.001044311 0.999997735 7.977167606
0.999996543 0.001766554 0.002005456 0.160572022 -0.001769106 0.999997616 0.001271070 -0.241325662 -0.002003205 -0.001274613 0.999997199 8.314715385
0.999997079 0.001408321 0.001984326 0.170401767 -0.001410737 0.999998271 0.001216533 -0.249268040 -0.001982609 -0.001219328 0.999997258 8.634085655
0.999995291 0.002230510 0.002113107 0.174045339 -0.002232852 0.999996901 0.001106645 -0.257061660 -0.002110631 -0.001111358 0.999997139 8.974459648
0.999995947 0.002194139 0.001798092 0.185832262 -0.002196501 0.999996662 0.001312950 -0.269213587 -0.001795205 -0.001316894 0.999997497 9.318432808
0.999992549 0.002722448 0.002712413 0.179458305 -0.002726019 0.999995351 0.001313634 -0.283687055 -0.002708824 -0.001321019 0.999995470 9.644280434
0.999993503 0.002548977 0.002541029 0.189306691 -0.002552805 0.999995589 0.001504348 -0.292741746 -0.002537183 -0.001510826 0.999995649 9.995191574
0.999993384 0.002348478 0.002750952 0.191615433 -0.002352829 0.999996006 0.001579284 -0.306809545 -0.002747231 -0.001585746 0.999994993 10.360914230
0.999994040 0.002181248 0.002663068 0.200984269 -0.002185842 0.999996126 0.001723310 -0.314258575 -0.002659299 -0.001729121 0.999994993 10.716055870
0.999994695 0.002031896 0.002544063 0.209956378 -0.002036091 0.999996543 0.001647489 -0.322389811 -0.002540707 -0.001652660 0.999995470 11.082637787
0.999993086 0.002557802 0.002683283 0.216754049 -0.002562956 0.999994874 0.001919515 -0.334738135 -0.002678359 -0.001926379 0.999994576 11.460189819
0.999991119 0.003062402 0.002895964 0.223068118 -0.003066817 0.999994159 0.001521169 -0.340040028 -0.002891290 -0.001530037 0.999994576 11.842479706
0.999990284 0.003274179 0.002995707 0.226344287 -0.003279319 0.999993145 0.001712480 -0.350327373 -0.002990079 -0.001722287 0.999994040 12.215214729
0.999990880 0.003075711 0.002984116 0.239449978 -0.003081174 0.999993622 0.001827860 -0.364086956 -0.002978474 -0.001837038 0.999993861 12.605441093
0.999992311 0.002449649 0.003065883 0.249851853 -0.002455269 0.999995291 0.001830576 -0.372726738 -0.003061384 -0.001838089 0.999993622 12.998682022
0.999988496 0.003213277 0.003563790 0.259687245 -0.003219038 0.999993443 0.001611956 -0.383445680 -0.003558587 -0.001623409 0.999992371 13.399051666
0.999989450 0.002924928 0.003575788 0.273404628 -0.002930886 0.999994338 0.001662217 -0.392154634 -0.003570906 -0.001672679 0.999992251 13.813316345
0.999989092 0.002741711 0.003763836 0.280908346 -0.002749043 0.999994338 0.001944093 -0.406072974 -0.003758485 -0.001954418 0.999991000 14.213638306
0.999988317 0.002869709 0.003868306 0.290842056 -0.002876500 0.999994278 0.001751135 -0.419241756 -0.003863259 -0.001762242 0.999991000 14.627069473
0.999985039 0.003426634 0.004264807 0.305537522 -0.003434080 0.999992609 0.001739711 -0.425242573 -0.004258813 -0.001754330 0.999989390 15.056857109
0.999986649 0.002763886 0.004363554 0.317431957 -0.002773384 0.999993742 0.002172021 -0.444458991 -0.004357524 -0.002184094 0.999988139 15.484879494
0.999983311 0.002965670 0.004946383 0.323694527 -0.002975739 0.999993503 0.002029352 -0.455345064 -0.004940333 -0.002044037 0.999985754 15.928736687
0.999978721 0.003712725 0.005362521 0.332200617 -0.003724373 0.999990821 0.002163661 -0.474504799 -0.005354438 -0.002183587 0.999983251 16.354207993
0.999977648 0.003589378 0.005640071 0.338417113 -0.003601600 0.999991298 0.002158550 -0.489828944 -0.005632273 -0.002178815 0.999981701 16.795097351
0.999976933 0.004012290 0.005473554 0.352856696 -0.004026006 0.999988794 0.002497401 -0.508254647 -0.005463471 -0.002519380 0.999981880 17.245904922
0.999968946 0.004480768 0.006478893 0.361342460 -0.004502974 0.999984026 0.003416923 -0.524294794 -0.006463479 -0.003445990 0.999973178 17.712011337
0.999974549 0.003447037 0.006249939 0.380515039 -0.003466141 0.999989331 0.003048352 -0.538719177 -0.006239364 -0.003069937 0.999975801 18.174570084
0.999976575 0.002901218 0.006214664 0.397097886 -0.002919198 0.999991536 0.002886036 -0.547091007 -0.006206238 -0.002904111 0.999976516 18.643541336
0.999975204 0.003441908 0.006152965 0.413048893 -0.003455553 0.999991596 0.002208351 -0.552030087 -0.006145312 -0.002229558 0.999978662 19.126644135
0.999964714 0.004601335 0.007030922 0.410178453 -0.004619075 0.999986172 0.002508996 -0.569979131 -0.007019280 -0.002541383 0.999972165 19.591514587
0.999964297 0.004763053 0.006979723 0.420561075 -0.004783503 0.999984324 0.002916150 -0.584108710 -0.006965724 -0.002949434 0.999971449 20.078344345
0.999962091 0.004543368 0.007424169 0.434321642 -0.004565350 0.999985158 0.002946549 -0.604401827 -0.007410672 -0.002980332 0.999968112 20.544898987
0.999967456 0.004798120 0.006488737 0.450119495 -0.004815747 0.999984682 0.002703462 -0.617222071 -0.006475666 -0.002734622 0.999975324 21.044059753
0.999971449 0.004562316 0.006019944 0.468591213 -0.004584824 0.999982536 0.003730369 -0.638433814 -0.006002820 -0.003757863 0.999974906 21.548398972
0.999968946 0.005316156 0.005803312 0.477949798 -0.005336475 0.999979615 0.003491526 -0.650432944 -0.005784633 -0.003522388 0.999977052 22.053085327
0.999967277 0.005578815 0.005855854 0.482088149 -0.005597063 0.999979496 0.003104585 -0.651023507 -0.005838414 -0.003137259 0.999978006 22.557289124
0.999967456 0.005816856 0.005574515 0.490610480 -0.005833792 0.999978423 0.003026870 -0.666658759 -0.005556788 -0.003059292 0.999979854 23.078737259
0.999983847 0.003910909 0.004127203 0.514507115 -0.003925786 0.999985814 0.003602368 -0.696936071 -0.004113057 -0.003618512 0.999984920 23.594930649
0.999988139 0.003107190 0.003769178 0.525383472 -0.003119058 0.999990225 0.003146707 -0.709779620 -0.003759364 -0.003158426 0.999987841 24.128545761
0.999979854 0.005008750 0.003900897 0.520627320 -0.005021219 0.999982297 0.003193102 -0.722161293 -0.003884834 -0.003212624 0.999987304 24.632360458
0.999977112 0.005811169 0.003467717 0.533679783 -0.005824387 0.999975741 0.003813928 -0.747927845 -0.003445470 -0.003834038 0.999986708 25.155002594
0.999976099 0.006129782 0.003189879 0.535317361 -0.006141585 0.999974251 0.003704017 -0.761762440 -0.003167092 -0.003723519 0.999988079 25.717491150
0.999983370 0.005326075 0.002213999 0.554613233 -0.005333260 0.999980509 0.003251926 -0.759742379 -0.002196636 -0.003263680 0.999992192 26.315731049
0.999987841 0.004569344 0.001862024 0.566280842 -0.004577042 0.999980927 0.004150327 -0.787688375 -0.001843024 -0.004158799 0.999989629 26.856439590
0.999986470 0.005028685 0.001310125 0.583331048 -0.005033981 0.999979019 0.004070838 -0.801998198 -0.001289626 -0.004077378 0.999990880 27.432510376
0.999986351 0.005156164 0.000876952 0.596953273 -0.005159268 0.999980271 0.003575188 -0.812365949 -0.000858500 -0.003579664 0.999993205 27.980321884
0.999983370 0.005705181 0.000864270 0.603940010 -0.005708272 0.999977052 0.003618002 -0.820171118 -0.000843609 -0.003622875 0.999993086 28.537683487
0.999982655 0.005844478 0.000638995 0.621225834 -0.005846807 0.999976039 0.003706130 -0.846897125 -0.000617320 -0.003709802 0.999992907 29.096611023
0.999981940 0.005986602 0.000739280 0.621983290 -0.005989166 0.999975801 0.003516464 -0.858422101 -0.000718211 -0.003520828 0.999993563 29.644208908
0.999977291 0.006691186 0.000782734 0.625420272 -0.006693671 0.999972343 0.003214621 -0.862858236 -0.000761202 -0.003219787 0.999994516 30.199043274
0.999976933 0.006767693 0.000559857 0.640623748 -0.006769519 0.999971569 0.003326035 -0.882514238 -0.000537331 -0.003329748 0.999994338 30.718797684
0.999977410 0.006721578 0.000521267 0.645466924 -0.006723472 0.999970496 0.003721456 -0.901518404 -0.000496238 -0.003724876 0.999992967 31.263877869
0.999970496 0.007673862 0.000518168 0.651201725 -0.007675577 0.999964774 0.003393362 -0.910865366 -0.000492110 -0.003397239 0.999994159 31.806987762
0.999977350 0.006714489 -0.000493368 0.673012674 -0.006712590 0.999970436 0.003753936 -0.927744746 0.000518559 -0.003750539 0.999992788 32.353149414
0.999978185 0.006540310 -0.000992547 0.674187601 -0.006536250 0.999970496 0.004040306 -0.944035769 0.001018943 -0.004033729 0.999991357 32.894832611
0.999980211 0.006251753 -0.000726454 0.678091288 -0.006249185 0.999974430 0.003485019 -0.947748959 0.000748223 -0.003480410 0.999993682 33.457393646
0.999977410 0.006711256 -0.000593982 0.687580526 -0.006709134 0.999971271 0.003507033 -0.963774741 0.000617501 -0.003502968 0.999993682 33.996574402
0.999977231 0.006666027 -0.001096602 0.696125627 -0.006662247 0.999971986 0.003414674 -0.975953579 0.001119334 -0.003407290 0.999993503 34.540161133
0.999978125 0.006502460 -0.001298494 0.707105160 -0.006497589 0.999971926 0.003721641 -0.994773746 0.001322658 -0.003713122 0.999992251 35.073371887
0.999979913 0.006043714 -0.001926003 0.719730198 -0.006036212 0.999974191 0.003877749 -1.010885000 0.001949389 -0.003866045 0.999990642 35.596759796
0.999980927 0.005945713 -0.001678608 0.725851476 -0.005939106 0.999974728 0.003913634 -1.023272395 0.001701835 -0.003903590 0.999990940 36.149181366
0.999978244 0.006344684 -0.001808153 0.738177598 -0.006336527 0.999969900 0.004481605 -1.060381413 0.001836533 -0.004470050 0.999988258 36.724216461
0.999979436 0.006054916 -0.002094502 0.741612911 -0.006047475 0.999975383 0.003540914 -1.060160041 0.002115891 -0.003528174 0.999991536 37.273372650
0.999979079 0.006186134 -0.001909871 0.751512706 -0.006179892 0.999975622 0.003256679 -1.070107698 0.001929971 -0.003244807 0.999992847 37.828613281
0.999974787 0.006728174 -0.002261730 0.760138154 -0.006721459 0.999972939 0.002963875 -1.075374126 0.002281609 -0.002948598 0.999993026 38.378917694
0.999977946 0.006187461 -0.002395728 0.768545151 -0.006181358 0.999977589 0.002546632 -1.083779573 0.002411431 -0.002531768 0.999993861 38.924331665
0.999976516 0.006265785 -0.002779244 0.780765593 -0.006255767 0.999973893 0.003598852 -1.109736443 0.002801720 -0.003581381 0.999989629 39.437545776
0.999976218 0.006296595 -0.002812550 0.785485923 -0.006286841 0.999974251 0.003463384 -1.121801376 0.002834285 -0.003445619 0.999990106 39.987537384
0.999977171 0.006053760 -0.002972643 0.805713654 -0.006044853 0.999977231 0.002996430 -1.138528943 0.002990716 -0.002978393 0.999991059 40.545333862
0.999974906 0.006574822 -0.002628683 0.813969135 -0.006566959 0.999974012 0.002988716 -1.151869178 0.002648266 -0.002971379 0.999992073 41.094226837
0.999973178 0.006654165 -0.003039551 0.827575803 -0.006645736 0.999974072 0.002774588 -1.158959985 0.003057935 -0.002754313 0.999991536 41.650501251
0.999971211 0.007171181 -0.002446494 0.818286121 -0.007165398 0.999971628 0.002364195 -1.180585265 0.002463378 -0.002346597 0.999994218 42.189754486
0.999970555 0.007186175 -0.002653371 0.831220567 -0.007179754 0.999971271 0.002421608 -1.193110108 0.002670697 -0.002402486 0.999993563 42.741321564
0.999969542 0.007273471 -0.002802905 0.843997657 -0.007265368 0.999969423 0.002890273 -1.216639519 0.002823842 -0.002869821 0.999991953 43.263896942
0.999967039 0.007794418 -0.002283418 0.836321831 -0.007788729 0.999966502 0.002489699 -1.225916862 0.002302746 -0.002471831 0.999994278 43.802211761
0.999967039 0.007927872 -0.001791749 0.839767277 -0.007922587 0.999964237 0.002938094 -1.242440343 0.001814978 -0.002923801 0.999994040 44.345176697
0.999962747 0.008330945 -0.002318790 0.848546326 -0.008325071 0.999962270 0.002531581 -1.246390939 0.002339793 -0.002512183 0.999994040 44.877971649
0.999950528 0.009855878 -0.001349369 0.859074831 -0.009852968 0.999949157 0.002146450 -1.243469238 0.001370455 -0.002133048 0.999996781 45.365047455
0.999947667 0.010191177 -0.000889997 0.864018500 -0.010189416 0.999946177 0.001961455 -1.253175259 0.000909939 -0.001952284 0.999997675 45.915794373
0.999949872 0.009942541 -0.001196461 0.906279147 -0.009940096 0.999948502 0.002032685 -1.263285875 0.001216610 -0.002020689 0.999997199 46.352813721
0.999946654 0.010206074 -0.001612253 0.921087265 -0.010202293 0.999945223 0.002336841 -1.273988128 0.001636016 -0.002320267 0.999995947 46.902610779
0.999943852 0.010495842 -0.001433159 0.952836573 -0.010492542 0.999942303 0.002290268 -1.275101423 0.001457114 -0.002275102 0.999996305 47.287429810
0.999945164 0.010386444 -0.001299360 0.962014258 -0.010383547 0.999943614 0.002215968 -1.290793657 0.001322303 -0.002202355 0.999996722 47.829868317
0.999946833 0.010200079 -0.001501583 0.981099129 -0.010196989 0.999945879 0.002050536 -1.312806726 0.001522418 -0.002035116 0.999996722 48.308673859
0.999944270 0.010453015 -0.001460319 0.989182293 -0.010449946 0.999943197 0.002093584 -1.317574620 0.001482121 -0.002078207 0.999996662 48.834049225
0.999936163 0.011279170 -0.000621854 0.997933090 -0.011277766 0.999933958 0.002216192 -1.336399198 0.000646810 -0.002209037 0.999997318 49.375316620
0.999926448 0.012116786 -0.000528416 0.998531878 -0.012115723 0.999924660 0.001968370 -1.340555429 0.000552227 -0.001961823 0.999997914 49.924205780
0.999927282 0.012053807 -0.000314824 1.005886793 -0.012053141 0.999925315 0.002035542 -1.359653950 0.000339336 -0.002031599 0.999997854 50.446834564
0.999923110 0.012395795 -0.000352681 1.028613687 -0.012395096 0.999921262 0.001921043 -1.369453192 0.000376467 -0.001916524 0.999998093 51.015522003
0.999932528 0.011537786 -0.001315913 1.047204137 -0.011534682 0.999930739 0.002342290 -1.385090351 0.001342847 -0.002326953 0.999996364 51.561206818
0.999919891 0.012641597 -0.000545724 1.048969865 -0.012640473 0.999918103 0.002009069 -1.401620030 0.000571078 -0.002002011 0.999997795 52.105991364
0.999921918 0.012481452 -0.000628142 1.067702770 -0.012480056 0.999919772 0.002179177 -1.413873553 0.000655291 -0.002171167 0.999997437 52.645816803
0.999921501 0.012521517 -0.000446787 1.075584650 -0.012520520 0.999919236 0.002169897 -1.428599596 0.000473921 -0.002164133 0.999997497 53.198944092
0.999920726 0.012595651 -0.000374882 1.085097075 -0.012595048 0.999919415 0.001573394 -1.440744281 0.000394670 -0.001568548 0.999998689 53.753952026
0.999917328 0.012857211 0.000056012 1.088208914 -0.012857287 0.999915898 0.001689691 -1.454876900 -0.000034282 -0.001690272 0.999998569 54.288120270
0.999911547 0.013297222 0.000353384 1.093709826 -0.013297584 0.999911010 0.001044898 -1.465733290 -0.000339459 -0.001049505 0.999999404 54.838260651
0.999922752 0.012417954 -0.000553674 1.121696472 -0.012417031 0.999921560 0.001640497 -1.482247949 0.000574002 -0.001633495 0.999998510 55.379940033
0.999918759 0.012737944 -0.000276644 1.124534607 -0.012737516 0.999917746 0.001496640 -1.495118499 0.000295685 -0.001492995 0.999998868 55.923881531
0.999921679 0.012508091 -0.000439536 1.137207508 -0.012507315 0.999920309 0.001725313 -1.512012362 0.000461080 -0.001719680 0.999998391 56.474384308
0.999916852 0.012893450 0.000144586 1.139385700 -0.012893643 0.999915838 0.001426903 -1.522433519 -0.000126175 -0.001428649 0.999998927 57.025875092
0.999914587 0.013071651 -0.000047258 1.150635481 -0.013071580 0.999913752 0.001279751 -1.536096931 0.000063982 -0.001279024 0.999999166 57.561176300
0.999917269 0.012858994 0.000336637 1.157576323 -0.012859354 0.999916852 0.001093259 -1.551061392 -0.000322551 -0.001097498 0.999999344 58.099720001
0.999920011 0.012641119 0.000267690 1.169009328 -0.012641357 0.999919713 0.000915192 -1.564593673 -0.000256099 -0.000918503 0.999999583 58.626213074
0.999923408 0.012385081 -0.000199076 1.179943562 -0.012384724 0.999921799 0.001723538 -1.587674856 0.000220406 -0.001720940 0.999998510 59.177581787
0.999920845 0.012580941 0.000023978 1.188448548 -0.012580960 0.999920130 0.001192800 -1.600589275 -0.000008969 -0.001193008 0.999999285 59.719894409
0.999920845 0.012571915 0.000324552 1.195237994 -0.012572294 0.999920249 0.001196633 -1.612218022 -0.000309482 -0.001200619 0.999999225 60.270961761
0.999914229 0.013081069 0.000509270 1.207575917 -0.013081632 0.999913752 0.001114302 -1.629940033 -0.000494650 -0.001120869 0.999999166 60.832263947
0.999904096 0.013815988 0.000948220 1.215945601 -0.013817211 0.999903798 0.001297592 -1.648234606 -0.000930201 -0.001310570 0.999998689 61.391590118
0.999905348 0.013723752 0.000992338 1.222169876 -0.013724872 0.999905109 0.001130246 -1.662582874 -0.000976733 -0.001143759 0.999998868 61.957672119
0.999907970 0.013539061 0.000815991 1.234942794 -0.013539920 0.999907792 0.001055479 -1.678943396 -0.000801626 -0.001066430 0.999999046 62.508880615
0.999900043 0.014118326 0.000732284 1.245774508 -0.014119160 0.999899685 0.001148048 -1.693087339 -0.000716002 -0.001158272 0.999999046 63.058994293
0.999904394 0.013802936 0.000722337 1.254522204 -0.013803426 0.999904513 0.000679894 -1.707236767 -0.000712883 -0.000689799 0.999999464 63.606208801
0.999902904 0.013902375 0.000853502 1.266085744 -0.013903004 0.999903023 0.000732497 -1.721683860 -0.000843236 -0.000744292 0.999999344 64.146919250
0.999905705 0.013699014 0.000933269 1.272632718 -0.013699978 0.999905586 0.001034404 -1.740011454 -0.000919010 -0.001047093 0.999998987 64.698936462
0.999902904 0.013871497 0.001325762 1.278773308 -0.013872756 0.999903262 0.000943482 -1.754477620 -0.001312546 -0.000961782 0.999998689 65.240425110
0.999898911 0.014154119 0.001352236 1.290958524 -0.014155460 0.999899268 0.000985715 -1.769458771 -0.001338148 -0.001004757 0.999998569 65.782333374
0.999895751 0.014360872 0.001595874 1.299462557 -0.014361954 0.999896526 0.000668015 -1.784017920 -0.001586116 -0.000690865 0.999998510 66.339881897
0.999891758 0.014653327 0.001342036 1.318583846 -0.014654534 0.999892235 0.000893959 -1.809377551 -0.001328792 -0.000913529 0.999998689 66.870697021
0.999897838 0.014243720 0.001211262 1.329390287 -0.014244599 0.999898195 0.000721708 -1.820947289 -0.001200859 -0.000738888 0.999998927 67.414939880
0.999888718 0.014825040 0.001664993 1.338276625 -0.014825910 0.999889970 0.000511712 -1.838808656 -0.001657223 -0.000536341 0.999998510 67.952949524
0.999892175 0.014611471 0.001416229 1.350860953 -0.014612291 0.999893069 0.000571346 -1.853344440 -0.001407729 -0.000591979 0.999998808 68.489608765
0.999890625 0.014723723 0.001397950 1.360783100 -0.014724544 0.999891341 0.000580947 -1.867792845 -0.001389245 -0.000601467 0.999998868 69.022445679
0.999872804 0.015819203 0.001999870 1.369652390 -0.015819740 0.999874830 0.000254365 -1.884075642 -0.001995596 -0.000285970 0.999997973 69.559951782
0.999881148 0.015272118 0.002080672 1.381130219 -0.015272545 0.999883294 0.000190369 -1.899080634 -0.002077521 -0.000222123 0.999997854 70.113555908
0.999881387 0.015248891 0.002139444 1.393541932 -0.015249675 0.999883652 0.000351292 -1.920393586 -0.002133838 -0.000383876 0.999997675 70.639114380
0.999880016 0.015367015 0.001964713 1.401500225 -0.015367932 0.999881744 0.000452393 -1.940587521 -0.001957529 -0.000482532 0.999997973 71.194946289
0.999877691 0.015464813 0.002303107 1.413547993 -0.015466012 0.999880254 0.000503938 -1.959146857 -0.002295038 -0.000539496 0.999997139 71.709548950
0.999886215 0.014975620 0.001828181 1.432203531 -0.014976210 0.999887824 0.000310849 -1.973556161 -0.001823320 -0.000338192 0.999998271 72.264045715
0.999884188 0.015082673 0.002005653 1.447988987 -0.015082803 0.999886155 0.000050128 -1.986483574 -0.002004668 -0.000080373 0.999997973 72.780075073
0.999881208 0.015304250 0.001825243 1.459815621 -0.015305419 0.999882638 0.000627876 -2.007172823 -0.001815420 -0.000655738 0.999998093 73.333770752
0.999879122 0.015381029 0.002259867 1.471099734 -0.015381137 0.999881685 0.000030452 -2.017920494 -0.002259132 -0.000065208 0.999997377 73.872276306
0.999873102 0.015768232 0.002280345 1.482240796 -0.015769573 0.999875486 0.000571829 -2.037302494 -0.002271045 -0.000607716 0.999997258 74.409744263
0.999872565 0.015783604 0.002359567 1.496051431 -0.015784064 0.999875367 0.000176484 -2.050329447 -0.002356487 -0.000213705 0.999997139 74.957687378
0.999872625 0.015798083 0.002256121 1.512957573 -0.015797704 0.999875188 -0.000185109 -2.067558765 -0.002258764 0.000149444 0.999997377 75.490791321
0.999866366 0.016169695 0.002399943 1.523705482 -0.016169133 0.999869227 -0.000253884 -2.082056761 -0.002403735 0.000215045 0.999997079 76.031829834
0.999873281 0.015759755 0.002229465 1.542032123 -0.015758868 0.999875665 -0.000415218 -2.100699186 -0.002235731 0.000380031 0.999997437 76.588554382
0.999861538 0.016416917 0.002697548 1.552079678 -0.016415467 0.999865115 -0.000559278 -2.114626408 -0.002706365 0.000514919 0.999996185 77.131866455
0.999868035 0.016096193 0.002204636 1.565117121 -0.016095659 0.999870360 -0.000260623 -2.131882191 -0.002208546 0.000225103 0.999997497 77.668342590
0.999871910 0.015835028 0.002320301 1.575671792 -0.015834307 0.999874532 -0.000331046 -2.156045437 -0.002325253 0.000294264 0.999997258 78.205444336
0.999869168 0.016003976 0.002334740 1.588808656 -0.016003070 0.999871850 -0.000405648 -2.169199944 -0.002340933 0.000368232 0.999997199 78.755859375
0.999879599 0.015407153 0.001861492 1.596797466 -0.015406664 0.999881268 -0.000278048 -2.191272736 -0.001865555 0.000249335 0.999998212 79.291069031
0.999878347 0.015515238 0.001562346 1.614294171 -0.015514930 0.999879599 -0.000208476 -2.210866451 -0.001565392 0.000184211 0.999998748 79.827552795
0.999869108 0.015933599 0.002789736 1.621992111 -0.015933366 0.999872983 -0.000104769 -2.226197720 -0.002791050 0.000060306 0.999996126 80.375999451
0.999878526 0.015134728 0.003725497 1.638651609 -0.015133526 0.999885440 -0.000350626 -2.244225502 -0.003730377 0.000294204 0.999993026 80.908226013
0.999879241 0.014908500 0.004358857 1.655463219 -0.014906055 0.999888718 -0.000592809 -2.256745100 -0.004367210 0.000527764 0.999990284 81.463363647
0.999864399 0.015413169 0.005800877 1.666114569 -0.015410829 0.999881148 -0.000448349 -2.275065899 -0.005807098 0.000358892 0.999983013 82.007072449
0.999838710 0.015513651 0.009042125 1.685293674 -0.015508812 0.999879539 -0.000605227 -2.293739557 -0.009050424 0.000464897 0.999958932 82.555366516
0.999808013 0.014942676 0.012674700 1.706214666 -0.014939820 0.999888301 -0.000320194 -2.311940193 -0.012678071 0.000130775 0.999919534 83.091163635
0.999768019 0.014855471 0.015595393 1.728458643 -0.014850549 0.999889612 -0.000431200 -2.328910112 -0.015600079 0.000199500 0.999878228 83.640716553
0.999696612 0.014915756 0.019600924 1.752249956 -0.014910294 0.999888659 -0.000424850 -2.344710588 -0.019605082 0.000132466 0.999807775 84.196746826
0.999555409 0.015046143 0.025740249 1.780492544 -0.015035827 0.999886751 -0.000594265 -2.359602690 -0.025746275 0.000206974 0.999668419 84.749267578
0.999367714 0.015555414 0.031970244 1.805937409 -0.015536320 0.999878883 -0.000845506 -2.376897573 -0.031979520 0.000348272 0.999488473 85.285362244
0.999157786 0.015327983 0.038063485 1.835270762 -0.015316407 0.999882519 -0.000595598 -2.395837307 -0.038068149 0.000012100 0.999275148 85.829978943
0.998823822 0.014958903 0.046121389 1.882114887 -0.014943366 0.999888122 -0.000681662 -2.412101984 -0.046126422 -0.000008349 0.998935759 86.360961914
0.998422265 0.014446318 0.054260604 1.933092356 -0.014389985 0.999895453 -0.001428775 -2.427252769 -0.054275557 0.000645712 0.998525798 86.914901733
0.998022497 0.014233018 0.061224189 1.978540182 -0.014169410 0.999898553 -0.001472991 -2.445143223 -0.061238941 0.000602567 0.998122871 87.464233398
0.997421682 0.014371581 0.070311241 2.034595490 -0.014289851 0.999896467 -0.001665270 -2.460547209 -0.070327900 0.000656239 0.997523725 88.001533508
0.996678352 0.013990990 0.080226883 2.101131916 -0.013910714 0.999901950 -0.001559460 -2.486265659 -0.080240831 0.000438266 0.996775389 88.532897949
0.995975912 0.013209824 0.088642292 2.171147823 -0.013069079 0.999912202 -0.002167976 -2.491503716 -0.088663138 0.001000780 0.996061146 89.088218689
0.995291770 0.013144934 0.096027866 2.237458229 -0.012995979 0.999913096 -0.002176479 -2.513417244 -0.096048132 0.000918256 0.995376408 89.632354736
0.994310498 0.012925949 0.105733231 2.319758892 -0.012720495 0.999915600 -0.002617296 -2.528588057 -0.105758153 0.001257425 0.994391203 90.160987854
0.993107915 0.013276638 0.116449177 2.395401001 -0.013067466 0.999911368 -0.002559555 -2.551729441 -0.116472825 0.001020220 0.993193269 90.735282898
0.991983056 0.012622694 0.125739932 2.483995438 -0.012401692 0.999919891 -0.002540297 -2.577513218 -0.125761986 0.000960544 0.992059946 91.289497375
0.990468681 0.012178442 0.137198597 2.579117775 -0.011918670 0.999925256 -0.002714766 -2.596368790 -0.137221396 0.001053666 0.990539849 91.822433472
0.988639295 0.012141234 0.149815977 2.678263664 -0.011836151 0.999925613 -0.002927908 -2.617209911 -0.149840370 0.001121400 0.988709569 92.391716003
0.987014055 0.011595846 0.160215273 2.791955948 -0.011294759 0.999932408 -0.002789832 -2.627764463 -0.160236791 0.000944010 0.987078190 92.921218872
0.985124111 0.012291157 0.171404079 2.896459579 -0.012009732 0.999924242 -0.002678737 -2.660249710 -0.171424046 0.000580371 0.985197186 93.502471924
0.982782781 0.011940188 0.184378386 3.014787674 -0.011539607 0.999928117 -0.003245502 -2.674577713 -0.184403896 0.001061969 0.982850015 94.042564392
0.980456054 0.011174688 0.196420446 3.157029152 -0.010792684 0.999937177 -0.003015140 -2.694454670 -0.196441844 0.000836308 0.980515122 94.603767395
0.978435814 0.010643181 0.206277013 3.286916733 -0.010353168 0.999943316 -0.002485347 -2.717792511 -0.206291765 0.000296132 0.978490531 95.128913879
0.975533187 0.010897215 0.219582006 3.431106567 -0.010502301 0.999940574 -0.002965739 -2.729124069 -0.219601259 0.000587060 0.975589514 95.693634033
0.972491562 0.009986834 0.232724085 3.583702087 -0.009528015 0.999949813 -0.003095591 -2.744188309 -0.232743323 0.000793037 0.972537875 96.224700928
0.969827354 0.009746078 0.243597552 3.743389130 -0.009220459 0.999952078 -0.003297890 -2.759345770 -0.243618011 0.000952302 0.969870806 96.749801636
0.966818810 0.010061265 0.255264908 3.897548676 -0.009493187 0.999948978 -0.003457426 -2.786768198 -0.255286604 0.000919426 0.966865003 97.354057312
0.963286281 0.009714433 0.268300563 4.056219101 -0.009238033 0.999952793 -0.003038034 -2.804354429 -0.268317372 0.000447927 0.963330448 97.930480957
0.959566236 0.009447586 0.281324446 4.248697281 -0.008809912 0.999954939 -0.003531388 -2.831525564 -0.281345129 0.000910157 0.959606230 98.422866821
0.956190169 0.009200792 0.292601973 4.436582565 -0.008606621 0.999957442 -0.003317937 -2.847414494 -0.292620033 0.000654264 0.956228614 98.952316284
0.951669753 0.008941903 0.306993067 4.614431381 -0.008314371 0.999959826 -0.003351898 -2.870249033 -0.307010710 0.000637445 0.951705873 99.438812256
0.947157085 0.008762048 0.320650488 4.818311691 -0.008038411 0.999961257 -0.003580450 -2.886658907 -0.320669383 0.000813728 0.947190821 99.966827393
0.943123817 0.008944781 0.332321495 5.020814896 -0.008299967 0.999959886 -0.003359783 -2.905353069 -0.332338214 0.000410434 0.943160236 100.478843689
0.938594520 0.008154236 0.344925821 5.237710953 -0.007426048 0.999966502 -0.003432376 -2.925299168 -0.344942272 0.000660173 0.938623667 100.978637695
0.933308899 0.008003796 0.358985215 5.450075150 -0.007258069 0.999967754 -0.003424988 -2.953186989 -0.359001040 0.000591033 0.933336914 101.446479797
0.928660274 0.007146983 0.370862514 5.677806854 -0.006264511 0.999973953 -0.003584067 -2.972544909 -0.370878488 0.001005108 0.928680778 101.941108704
0.923561990 0.006325596 0.383396745 5.924825668 -0.005415669 0.999979377 -0.003452714 -3.008954287 -0.383410782 0.001112446 0.923577249 102.565116882
0.917660654 0.005795553 0.397322476 6.168659210 -0.004488268 0.999981105 -0.004220088 -3.019743919 -0.397339404 0.002089320 0.917669356 103.062286377
0.911756992 0.004389104 0.410706639 6.405612946 -0.002965804 0.999987185 -0.004102576 -3.042669535 -0.410719395 0.002522477 0.911758304 103.569000244
0.906905174 0.004491012 0.421310872 6.652618408 -0.003139775 0.999987423 -0.003900867 -3.057331085 -0.421323121 0.002214896 0.906907856 104.047492981
0.901176214 0.003313655 0.433440298 6.913841248 -0.001617401 0.999989450 -0.004282152 -3.078960180 -0.433449894 0.003157927 0.901172101 104.531631470
0.894593358 0.003412839 0.446868002 7.180816650 -0.001742503 0.999989808 -0.004148813 -3.094638348 -0.446877688 0.002932832 0.894590259 105.020507812
0.888754427 0.002405717 0.458377302 7.454822540 -0.000520044 0.999990880 -0.004239964 -3.119850397 -0.458383322 0.003529911 0.888747573 105.470985413
0.883019626 0.001949452 0.469331950 7.734867096 -0.000205513 0.999992907 -0.003766984 -3.137726307 -0.469335914 0.003229867 0.883013785 105.953498840
0.875204504 0.002123714 0.483748496 8.016353607 -0.000379335 0.999993026 -0.003703792 -3.164592981 -0.483753026 0.003058072 0.875199199 106.412078857
