1.000000000 0.000000000 0.000000000 0.000000000 0.000000000 1.000000000 0.000000000 0.000000000 0.000000000 0.000000000 1.000000000 0.000000000
1.000000000 0.000005709 -0.000031890 0.000276255 -0.000005711 1.000000000 -0.000073273 0.000564730 0.000031890 0.000073273 1.000000000 0.000342823
1.000000000 -0.000070353 -0.000044552 -0.000391966 0.000070352 1.000000000 -0.000025863 0.000657370 0.000044553 0.000025860 1.000000000 0.001515546
1.000000000 -0.000012188 -0.000096894 -0.001194405 0.000012184 1.000000000 -0.000044466 0.001578264 0.000096895 0.000044465 1.000000000 0.000725149
1.000000000 -0.000017409 -0.000017414 -0.000589499 0.000017410 1.000000000 0.000022737 0.000181757 0.000017414 -0.000022738 1.000000000 0.000115645
1.000000000 -0.000113593 -0.000009942 -0.000662302 0.000113593 1.000000000 -0.000008607 -0.000062621 0.000009943 0.000008605 1.000000000 -0.000489222
1.000000000 0.000097693 -0.000043939 -0.000156554 -0.000097694 1.000000000 -0.000024429 0.000658942 0.000043936 0.000024433 1.000000000 -0.002583656
1.000000000 0.000014415 0.000006045 -0.000211248 -0.000014415 1.000000000 -0.000035027 0.001198937 -0.000006045 0.000035026 1.000000000 0.002413673
1.000000000 0.000064115 0.000033528 -0.001520597 -0.000064113 1.000000000 -0.000053169 0.001476391 -0.000033532 0.000053167 1.000000000 0.001624275
1.000000000 -0.000008766 -0.000057086 -0.000368253 0.000008765 1.000000000 -0.000009456 0.001188130 0.000057086 0.000009455 1.000000000 0.001428046
1.000000000 -0.000032556 -0.000052094 -0.000415665 0.000032554 1.000000000 -0.000043798 0.001158989 0.000052096 0.000043796 1.000000000 0.000706625
1.000000000 -0.000009842 -0.000029069 -0.001976862 0.000009843 1.000000000 0.000044363 0.001236944 0.000029069 -0.000044363 1.000000000 0.001659963
1.000000000 -0.000025036 -0.000042743 -0.001622167 0.000025034 1.000000000 -0.000032879 0.000860643 0.000042744 0.000032878 1.000000000 0.000732550
1.000000000 -0.000008107 -0.000065233 0.000884017 0.000008110 1.000000000 0.000058758 -0.000154421 0.000065232 -0.000058759 1.000000000 -0.002857154
1.000000000 -0.000074332 -0.000073176 0.000749939 0.000074338 1.000000000 0.000076096 -0.000211853 0.000073171 -0.000076101 1.000000000 -0.002374252
1.000000000 0.000006734 -0.000028590 -0.000169428 -0.000006735 1.000000000 -0.000018438 0.001711067 0.000028590 0.000018438 1.000000000 0.001015941
1.000000000 -0.000010141 -0.000054927 0.000121082 0.000010143 1.000000000 0.000027701 0.000805774 0.000054927 -0.000027702 1.000000000 -0.000906147
1.000000000 -0.000113455 -0.000129356 0.000818749 0.000113453 1.000000000 -0.000017187 0.000377645 0.000129358 0.000017172 1.000000000 -0.002941602
1.000000000 -0.000055713 -0.000056142 -0.000550444 0.000055715 1.000000000 0.000033897 0.000836891 0.000056140 -0.000033900 1.000000000 0.001146918
1.000000000 -0.000128356 -0.000100626 -0.000533475 0.000128363 1.000000000 0.000069791 -0.000320867 0.000100617 -0.000069804 1.000000000 -0.003362914
1.000000000 -0.000081846 -0.000116625 0.002192528 0.000081854 1.000000000 0.000070426 -0.000489977 0.000116620 -0.000070436 1.000000000 -0.001599171
1.000000000 -0.000108524 -0.000101148 0.000701420 0.000108527 1.000000000 0.000030564 0.000282408 0.000101145 -0.000030575 1.000000000 -0.001287068
1.000000000 -0.000095082 -0.000077266 -0.000519304 0.000095083 1.000000000 0.000012886 0.000814205 0.000077265 -0.000012893 1.000000000 -0.000126744
1.000000000 -0.000064648 -0.000093473 0.000873136 0.000064653 1.000000000 0.000054976 0.000493671 0.000093470 -0.000054982 1.000000000 -0.001111245
1.000000000 -0.000127287 -0.000079372 0.001305744 0.000127290 1.000000000 0.000032352 0.000559040 0.000079368 -0.000032362 1.000000000 -0.000793256
1.000000000 -0.000162499 -0.000126837 0.001243686 0.000162506 1.000000000 0.000057042 0.000112759 0.000126828 -0.000057062 1.000000000 -0.002701852
0.999999940 -0.000246553 -0.000089099 -0.000039626 0.000246554 0.999999940 0.000017036 -0.000141746 0.000089095 -0.000017058 1.000000000 -0.003047943
1.000000000 -0.000066854 -0.000114036 0.001114109 0.000066861 1.000000000 0.000062911 0.000078895 0.000114031 -0.000062919 1.000000000 -0.001966596
1.000000000 -0.000097080 -0.000121821 0.002377622 0.000097087 1.000000000 0.000054313 -0.000157463 0.000121816 -0.000054325 1.000000000 -0.002413355
1.000000000 -0.000159780 -0.000146671 0.001244598 0.000159784 1.000000000 0.000021613 0.000598427 0.000146668 -0.000021637 1.000000000 -0.002307052
1.000000000 -0.000103118 -0.000078339 0.000805747 0.000103121 1.000000000 0.000038780 -0.000122722 0.000078335 -0.000038788 1.000000000 -0.003144253
1.000000000 -0.000151845 -0.000123545 0.001706444 0.000151847 1.000000000 0.000013451 0.000123410 0.000123543 -0.000013470 1.000000000 -0.004173972
1.000000000 -0.000090716 -0.000071692 0.000220285 0.000090719 1.000000000 0.000053225 0.000167899 0.000071687 -0.000053231 1.000000000 -0.001426319
1.000000000 -0.000181094 -0.000093373 0.000275684 0.000181098 1.000000000 0.000042900 0.000621892 0.000093366 -0.000042917 1.000000000 -0.001735995
1.000000000 -0.000131614 -0.000102061 0.001182206 0.000131617 1.000000000 0.000024091 0.000367693 0.000102058 -0.000024104 1.000000000 -0.003280829
1.000000000 -0.000121983 -0.000135531 0.003214863 0.000122004 1.000000000 0.000154785 -0.000571066 0.000135512 -0.000154801 1.000000000 -0.004835062
1.000000000 -0.000094728 -0.000084493 -0.000522946 0.000094730 1.000000000 0.000020367 0.000333356 0.000084491 -0.000020375 1.000000000 -0.001416720
1.000000000 -0.000190063 -0.000111797 0.000989409 0.000190072 1.000000000 0.000079355 -0.000051906 0.000111782 -0.000079376 1.000000000 -0.002334742
1.000000000 -0.000119227 -0.000166358 0.001543639 0.000119219 1.000000000 -0.000048630 0.000478492 0.000166363 0.000048610 1.000000000 0.002374440
1.000000000 -0.000194996 -0.000054054 0.000282489 0.000194966 0.999999821 -0.000551488 -0.001949457 0.000054161 0.000551478 0.999999821 0.052823056
1.000000000 0.000072662 -0.000074756 0.001986755 -0.000072749 0.999999344 -0.001160982 -0.004387345 0.000074671 0.001160988 0.999999344 0.141293377
1.000000000 -0.000118361 -0.000001540 0.002725929 0.000118358 0.999998868 -0.001502759 -0.007513142 0.000001717 0.001502759 0.999998868 0.260193467
1.000000000 0.000017259 -0.000075997 0.005682060 -0.000017371 0.999998927 -0.001475978 -0.011126149 0.000075971 0.001475979 0.999998927 0.391230464
1.000000000 0.000101518 -0.000073046 0.009708707 -0.000101608 0.999999225 -0.001242445 -0.016312594 0.000072920 0.001242452 0.999999225 0.528514206
1.000000000 0.000065909 0.000003012 0.013285641 -0.000065906 0.999999523 -0.000999466 -0.022494860 -0.000003078 0.000999466 0.999999523 0.685033560
1.000000000 0.000014972 -0.000088862 0.020590531 -0.000015058 0.999999523 -0.000972900 -0.026843838 0.000088847 0.000972901 0.999999523 0.844873786
0.999999881 0.000512451 0.000146645 0.016867938 -0.000512330 0.999999523 -0.000825343 -0.025186174 -0.000147068 0.000825268 0.999999642 1.024666667
1.000000000 0.000025466 -0.000067278 0.027099760 -0.000025506 0.999999821 -0.000601914 -0.032301933 0.000067263 0.000601916 0.999999821 1.202739954
1.000000000 0.000029247 0.000018746 0.032009110 -0.000029243 0.999999940 -0.000260647 -0.041929543 -0.000018753 0.000260646 0.999999940 1.391807675
1.000000000 0.000074079 -0.000097066 0.031828124 -0.000074100 1.000000000 -0.000224440 -0.043417297 0.000097050 0.000224447 0.999999940 1.582313180
1.000000000 -0.000056674 0.000109819 0.029771345 0.000056694 1.000000000 -0.000179914 -0.052179173 -0.000109809 0.000179920 1.000000000 1.782359362
0.999999881 0.000229561 0.000129615 0.033627950 -0.000229583 0.999999881 0.000167424 -0.060058858 -0.000129576 -0.000167454 1.000000000 1.977540970
0.999999702 0.000701572 0.000264007 0.033497512 -0.000701651 0.999999702 0.000295816 -0.068979532 -0.000263799 -0.000296001 0.999999940 2.185896158
0.999999940 0.000317330 -0.000213862 0.044649050 -0.000317201 0.999999762 0.000606964 -0.075322330 0.000214055 -0.000606896 0.999999881 2.402258396
0.999999821 0.000497049 0.000153274 0.048842885 -0.000497131 0.999999702 0.000534280 -0.078094736 -0.000153008 -0.000534356 0.999999881 2.629344940
0.999999821 0.000292384 0.000342908 0.044918243 -0.000292464 0.999999940 0.000235090 -0.088396370 -0.000342839 -0.000235190 0.999999881 2.865943193
0.999999583 0.000752632 0.000509334 0.045928214 -0.000752735 0.999999762 0.000202115 -0.089793570 -0.000509182 -0.000202498 0.999999881 3.101919651
0.999999881 0.000284284 0.000301424 0.053809531 -0.000284338 0.999999940 0.000179930 -0.097539172 -0.000301373 -0.000180016 0.999999940 3.348309040
0.999999940 0.000100973 0.000302639 0.057188056 -0.000101086 0.999999940 0.000374139 -0.107211933 -0.000302601 -0.000374170 0.999999940 3.589868546
0.999999940 0.000219109 0.000106047 0.069550700 -0.000219183 0.999999762 0.000698525 -0.117957197 -0.000105894 -0.000698548 0.999999821 3.825690269
0.999999821 0.000560421 0.000269640 0.070386976 -0.000560736 0.999999166 0.001170944 -0.135998696 -0.000268984 -0.001171095 0.999999285 4.108512402
0.999999285 0.001025055 0.000666445 0.072352447 -0.001025963 0.999998510 0.001363638 -0.140963405 -0.000665046 -0.001364321 0.999998808 4.364944935
0.999999583 0.000854301 0.000398640 0.078567602 -0.000854868 0.999998629 0.001423681 -0.148789912 -0.000397423 -0.001424021 0.999998868 4.621065617
0.999999702 0.000543420 0.000561227 0.082905352 -0.000544402 0.999998391 0.001751007 -0.158742890 -0.000560275 -0.001751312 0.999998331 4.883487225
0.999999702 -0.000136276 0.000759249 0.082990721 0.000134924 0.999998331 0.001780813 -0.169644922 -0.000759491 -0.001780710 0.999998093 5.140213966
0.999999821 -0.000127274 0.000488826 0.089439049 0.000126472 0.999998569 0.001639764 -0.175516114 -0.000489034 -0.001639701 0.999998569 5.411065102
0.999999881 -0.000101319 0.000553381 0.094478138 0.000100339 0.999998391 0.001770664 -0.185833991 -0.000553560 -0.001770608 0.999998331 5.678414345
0.999999762 0.000027727 0.000635890 0.102211185 -0.000028983 0.999997973 0.001974015 -0.191832945 -0.000635834 -0.001974033 0.999997914 5.949627399
0.999999762 -0.000656662 0.000394128 0.113189057 0.000655912 0.999997914 0.001901350 -0.204755396 -0.000395376 -0.001901091 0.999998152 6.221364498
0.999999225 0.000805148 0.000875341 0.104824483 -0.000807065 0.999997258 0.002192753 -0.215618312 -0.000873573 -0.002193458 0.999997139 6.492172241
0.999998450 0.001380444 0.001084853 0.109810077 -0.001382697 0.999996841 0.002078790 -0.225014508 -0.001081980 -0.002080287 0.999997199 6.780013084
0.999999046 0.001013503 0.000954146 0.119750105 -0.001015570 0.999997139 0.002169167 -0.238367707 -0.000951945 -0.002170133 0.999997199 7.082433224
0.999999166 0.000867790 0.000960110 0.126213014 -0.000869943 0.999997079 0.002243893 -0.244223505 -0.000958160 -0.002244726 0.999997020 7.364935875
0.999998629 0.001185160 0.001162221 0.132181942 -0.001187610 0.999997079 0.002109568 -0.253719926 -0.001159718 -0.002110945 0.999997079 7.680268288
0.999999404 0.000272279 0.001055537 0.142444700 -0.000274828 0.999996960 0.002414882 -0.266407043 -0.001054877 -0.002415171 0.999996543 7.993435860
0.999999404 0.000272248 0.001032606 0.150113165 -0.000274819 0.999996841 0.002490368 -0.275148898 -0.001031924 -0.002490650 0.999996364 8.312234879
0.999999344 0.000444596 0.001076643 0.154461682 -0.000447294 0.999996722 0.002507442 -0.281831414 -0.001075524 -0.002507922 0.999996305 8.641050339
0.999998510 0.001135507 0.001304291 0.154266536 -0.001138874 0.999996006 0.002583829 -0.289758176 -0.001301352 -0.002585311 0.999995887 8.981685638
0.999998927 0.000776487 0.001254796 0.158001393 -0.000779681 0.999996424 0.002546620 -0.300160170 -0.001252815 -0.002547596 0.999995947 9.325133324
0.999999344 0.000238084 0.001055872 0.173826963 -0.000240594 0.999997079 0.002377734 -0.319437563 -0.001055303 -0.002377987 0.999996603 9.642659187
0.999999464 0.000352481 0.000985689 0.182046875 -0.000355045 0.999996603 0.002601862 -0.329100281 -0.000984769 -0.002602211 0.999996066 9.987097740
0.999999464 0.000006413 0.001056967 0.189966783 -0.000009137 0.999996722 0.002577024 -0.337359637 -0.001056947 -0.002577032 0.999996126 10.357995987
0.999999344 -0.000217049 0.001141072 0.196047410 0.000214128 0.999996722 0.002559708 -0.347231746 -0.001141624 -0.002559462 0.999996066 10.724605560
0.999998987 -0.000444797 0.001343984 0.202803224 0.000441240 0.999996364 0.002645546 -0.355925351 -0.001345156 -0.002644951 0.999995589 11.088994026
0.999999106 -0.000082316 0.001340358 0.213078097 0.000078047 0.999994934 0.003184716 -0.375180870 -0.001340613 -0.003184609 0.999994040 11.455000877
0.999998927 0.000405398 0.001433499 0.218097016 -0.000409843 0.999995112 0.003101637 -0.381612331 -0.001432235 -0.003102222 0.999994159 11.837041855
0.999999225 -0.000552701 0.001090781 0.239643797 0.000549020 0.999994159 0.003372300 -0.402345031 -0.001092638 -0.003371699 0.999993742 12.213637352
0.999999106 0.000220479 0.001291169 0.247786105 -0.000224691 0.999994755 0.003262952 -0.413523167 -0.001290442 -0.003263239 0.999993861 12.612669945
0.999999225 0.000039885 0.001224219 0.255197316 -0.000043943 0.999994516 0.003314632 -0.423068941 -0.001224080 -0.003314683 0.999993801 13.011507988
0.999999046 0.000381506 0.001280233 0.264254481 -0.000385913 0.999993980 0.003444077 -0.437081546 -0.001278912 -0.003444568 0.999993265 13.407911301
0.999998033 0.000807113 0.001831590 0.274060398 -0.000813762 0.999993086 0.003632153 -0.444679856 -0.001828646 -0.003633637 0.999991775 13.810719490
0.999998689 0.000031042 0.001602556 0.286430717 -0.000037847 0.999991000 0.004246099 -0.480476320 -0.001602410 -0.004246154 0.999989688 14.207491875
0.999998569 -0.000485784 0.001586655 0.302066922 0.000478762 0.999990046 0.004423057 -0.495322555 -0.001588788 -0.004422291 0.999988973 14.628344536
0.999997914 -0.000694543 0.001901657 0.313308150 0.000685526 0.999988496 0.004737946 -0.511362791 -0.001904926 -0.004736633 0.999987006 15.043165207
0.999998450 -0.000610497 0.001641217 0.325565636 0.000603221 0.999989986 0.004430301 -0.520243526 -0.001643906 -0.004429304 0.999988854 15.465700150
0.999997258 -0.000151211 0.002329238 0.333040595 0.000140626 0.999989688 0.004543667 -0.532492876 -0.002329901 -0.004543326 0.999987006 15.905040741
0.999996245 -0.000394454 0.002695872 0.343955576 0.000381848 0.999989033 0.004675000 -0.543147564 -0.002697687 -0.004673954 0.999985456 16.343898773
0.999996305 -0.000856905 0.002577242 0.352783144 0.000843848 0.999986768 0.005063254 -0.565326512 -0.002581546 -0.005061061 0.999983847 16.778249741
0.999995589 -0.000478243 0.002914365 0.363478392 0.000463287 0.999986708 0.005130419 -0.577522635 -0.002916780 -0.005129047 0.999982595 17.236125946
0.999994814 -0.000280577 0.003212745 0.373175204 0.000264450 0.999987364 0.005019154 -0.586037636 -0.003214113 -0.005018279 0.999982178 17.704032898
0.999994338 -0.001171683 0.003124086 0.393822938 0.001155257 0.999985576 0.005254598 -0.605367064 -0.003130197 -0.005250960 0.999981284 18.164724350
0.999993324 -0.000875739 0.003550132 0.401082158 0.000856209 0.999984562 0.005499057 -0.614702165 -0.003554893 -0.005495980 0.999978542 18.640636444
0.999993384 -0.000898782 0.003515032 0.405664802 0.000876680 0.999979794 0.006284485 -0.653182149 -0.003520609 -0.006281361 0.999974072 19.075166702
0.999993384 -0.000826809 0.003544144 0.422614723 0.000802821 0.999976754 0.006764414 -0.667757630 -0.003549655 -0.006761523 0.999970853 19.546646118
0.999993801 -0.000621459 0.003460387 0.434652776 0.000598148 0.999977112 0.006733545 -0.680932164 -0.003464492 -0.006731435 0.999971330 20.021701813
0.999992907 -0.001433499 0.003476382 0.447682083 0.001411207 0.999978483 0.006406319 -0.689079762 -0.003485490 -0.006401368 0.999973416 20.511108398
0.999994874 -0.001673623 0.002777502 0.467096865 0.001655780 0.999978006 0.006414379 -0.705604017 -0.002788177 -0.006409746 0.999975562 20.987764359
0.999996603 -0.001145798 0.002369914 0.473869324 0.001129928 0.999976993 0.006686740 -0.713768363 -0.002377522 -0.006684040 0.999974847 21.500661850
0.999996901 -0.000881813 0.002333383 0.477323383 0.000866556 0.999978304 0.006531304 -0.726733208 -0.002339092 -0.006529261 0.999975920 22.009647369
0.999996543 -0.002368513 0.001166634 0.496335655 0.002360082 0.999971390 0.007176177 -0.754774213 -0.001183597 -0.007173399 0.999973595 22.489562988
0.999997199 -0.002254737 0.000795875 0.506386757 0.002249192 0.999973595 0.006900324 -0.761999547 -0.000811412 -0.006898514 0.999975920 23.009504318
0.999996841 -0.002554698 0.000036871 0.514158547 0.002554354 0.999969184 0.007422471 -0.777913272 -0.000055832 -0.007422354 0.999972463 23.498218536
0.999994457 -0.003329262 -0.000162726 0.518338501 0.003330369 0.999967396 0.007356050 -0.792995393 0.000138231 -0.007356551 0.999972939 24.014883041
0.999997079 -0.002318170 -0.000656084 0.523258507 0.002322967 0.999969840 0.007407299 -0.799785376 0.000638893 -0.007408802 0.999972343 24.513803482
0.999995410 -0.002581456 -0.001602506 0.539382041 0.002593208 0.999969482 0.007375570 -0.811934888 0.001583417 -0.007379693 0.999971569 25.042921066
0.999997079 -0.001652310 -0.001769487 0.538771808 0.001666336 0.999966919 0.007954374 -0.827206612 0.001756286 -0.007957298 0.999966800 25.537019730
0.999996305 -0.001976136 -0.001891167 0.549742699 0.001990212 0.999970138 0.007470348 -0.836293042 0.001876349 -0.007474083 0.999970317 26.089653015
0.999991298 -0.003007068 -0.002900745 0.550377250 0.003031893 0.999958515 0.008591861 -0.848391175 0.002874789 -0.008600582 0.999958873 26.618537903
0.999989390 -0.002885899 -0.003595321 0.568484843 0.002917703 0.999956369 0.008872221 -0.868154168 0.003569559 -0.008882619 0.999954164 27.162893295
0.999991357 -0.001896871 -0.003702416 0.571532071 0.001928087 0.999962449 0.008445797 -0.880142391 0.003686256 -0.008452862 0.999957442 27.707899094
0.999991179 -0.001689656 -0.003831171 0.573311508 0.001722737 0.999961138 0.008647995 -0.896738410 0.003816410 -0.008654519 0.999955237 28.165763855
0.999990582 -0.001364509 -0.004121489 0.583828270 0.001400520 0.999960780 0.008747161 -0.911074996 0.004109392 -0.008752851 0.999953210 28.704364777
0.999988079 -0.001795387 -0.004527980 0.587419450 0.001836718 0.999956548 0.009140347 -0.927204370 0.004511373 -0.009148555 0.999947906 29.241062164
0.999987185 -0.001856957 -0.004715251 0.586065054 0.001899629 0.999957144 0.009061504 -0.938982248 0.004698222 -0.009070345 0.999947846 29.764106750
0.999986410 -0.001606192 -0.004971500 0.603938043 0.001652286 0.999955595 0.009281523 -0.956679821 0.004956371 -0.009289611 0.999944568 30.300922394
0.999986112 -0.001313408 -0.005127045 0.609560609 0.001359182 0.999959171 0.008934799 -0.964861989 0.005115102 -0.008941640 0.999946952 30.831581116
0.999982357 -0.001702546 -0.005686854 0.632659316 0.001752008 0.999960601 0.008703859 -0.980783343 0.005671811 -0.008713668 0.999945939 31.364725113
0.999978602 -0.001719922 -0.006309076 0.645494819 0.001777256 0.999957144 0.009093274 -1.000092268 0.006293166 -0.009104292 0.999938786 31.900192261
0.999978065 -0.001586997 -0.006427388 0.672262728 0.001647345 0.999954581 0.009394819 -1.016206026 0.006412186 -0.009405202 0.999935210 32.419029236
0.999978065 -0.001506872 -0.006451038 0.658426523 0.001568539 0.999953032 0.009564806 -1.032647610 0.006436322 -0.009574714 0.999933481 32.930465698
0.999981701 -0.001248765 -0.005913511 0.643309772 0.001308832 0.999947488 0.010164664 -1.042597890 0.005900508 -0.010172216 0.999930859 33.453521729
0.999979436 -0.001077927 -0.006325566 0.651250005 0.001144651 0.999943614 0.010554131 -1.051676154 0.006313833 -0.010561151 0.999924362 33.996112823
0.999979615 -0.001113677 -0.006286699 0.662401021 0.001179061 0.999945164 0.010406225 -1.067273974 0.006274765 -0.010413424 0.999926150 34.534378052
0.999980569 -0.000570436 -0.006199187 0.669266522 0.000636947 0.999942183 0.010732327 -1.076200247 0.006192706 -0.010736067 0.999923229 35.093791962
0.999980032 -0.001115742 -0.006219165 0.636796594 0.001178297 0.999948680 0.010063914 -1.106652975 0.006207618 -0.010071040 0.999929965 35.578971863
0.999977767 -0.001260668 -0.006540687 0.650743723 0.001328034 0.999946058 0.010305379 -1.120939970 0.006527343 -0.010313837 0.999925494 36.127426147
0.999979079 -0.000867047 -0.006403073 0.648167849 0.000930843 0.999949932 0.009967128 -1.128257275 0.006394109 -0.009972880 0.999929845 36.653690338
0.999977350 -0.000647976 -0.006696317 0.665846765 0.000714454 0.999950469 0.009929981 -1.137633443 0.006689551 -0.009934540 0.999928296 37.188777924
0.999975562 -0.000952001 -0.006930332 0.664304912 0.001019525 0.999952018 0.009746226 -1.137089133 0.006920720 -0.009753053 0.999928474 37.774856567
0.999972701 -0.001688470 -0.007197580 0.674104214 0.001769213 0.999935389 0.011226532 -1.246103525 0.007178162 -0.011238963 0.999911070 38.310089111
0.999967396 -0.002359277 -0.007720637 0.686478436 0.002447678 0.999931276 0.011460740 -1.256690979 0.007693068 -0.011479263 0.999904513 38.852581024
0.999965847 -0.002935351 -0.007733495 0.699005127 0.003029752 0.999920666 0.012223402 -1.281646490 0.007697002 -0.012246415 0.999895453 39.376411438
0.999967992 -0.002198762 -0.007684462 0.699512959 0.002290278 0.999926329 0.011920739 -1.281295180 0.007657685 -0.011937960 0.999899387 39.953720093
0.999972522 -0.001563554 -0.007234436 0.686910391 0.001649791 0.999927402 0.011929750 -1.300654888 0.007215260 -0.011941357 0.999902666 40.421276093
0.999973774 -0.001100676 -0.007143978 0.695010364 0.001187344 0.999925554 0.012138841 -1.309609890 0.007130085 -0.012147004 0.999900818 40.967121124
0.999974549 -0.001016383 -0.007051808 0.707588196 0.001103552 0.999922812 0.012368280 -1.323974848 0.007038695 -0.012375746 0.999898612 41.515514374
0.999975026 -0.001136802 -0.006971854 0.716102898 0.001220429 0.999927282 0.012002494 -1.318341970 0.006957701 -0.012010704 0.999903619 42.030597687
0.999967933 -0.002091801 -0.007730653 0.705657125 0.002188662 0.999918938 0.012542211 -1.349772453 0.007703790 -0.012558728 0.999891460 42.570182800
0.999969006 -0.001792345 -0.007661546 0.711392045 0.001887297 0.999921262 0.012404121 -1.361948729 0.007638710 -0.012418197 0.999893665 43.130252838
0.999970913 -0.001623434 -0.007454916 0.716457367 0.001714568 0.999923646 0.012234591 -1.372275591 0.007434485 -0.012247014 0.999897361 43.652935028
0.999972165 -0.001242038 -0.007361875 0.721170425 0.001331141 0.999925733 0.012110752 -1.383947849 0.007346287 -0.012120213 0.999899507 44.194194794
0.999973238 -0.000803014 -0.007279978 0.728404164 0.000889701 0.999928653 0.011912158 -1.395904422 0.007269892 -0.011918316 0.999902546 44.761924744
0.999967933 -0.001865065 -0.007787344 0.740287662 0.001962036 0.999920428 0.012463375 -1.396669388 0.007763478 -0.012478256 0.999891937 45.226352692
0.999971747 -0.000985405 -0.007458217 0.766549289 0.001073153 0.999930143 0.011770521 -1.400641918 0.007446097 -0.011778193 0.999902904 45.798820496
0.999964118 -0.002106412 -0.008201365 0.767636776 0.002212481 0.999913752 0.012945556 -1.430160046 0.008173388 -0.012963238 0.999882519 46.298797607
0.999967277 -0.001340928 -0.007982124 0.758567214 0.001446027 0.999912143 0.013175641 -1.440670848 0.007963755 -0.013186752 0.999881327 46.814682007
0.999966264 -0.001986607 -0.007971114 0.757333279 0.002086012 0.999919951 0.012481831 -1.443699598 0.007945680 -0.012498035 0.999890327 47.303104401
0.999962091 -0.002588632 -0.008318019 0.771375179 0.002694813 0.999914706 0.012779406 -1.454218388 0.008284229 -0.012801336 0.999883711 47.846027374
0.999967277 -0.001908734 -0.007870616 0.768894672 0.002009661 0.999915659 0.012835338 -1.460003614 0.007845454 -0.012850733 0.999886632 48.401489258
0.999969482 -0.001305014 -0.007699347 0.763464451 0.001406451 0.999912083 0.013184083 -1.488999128 0.007681464 -0.013194509 0.999883473 48.898376465
0.999969423 -0.001502333 -0.007675807 0.781184494 0.001601285 0.999915481 0.012901577 -1.474027157 0.007655776 -0.012913474 0.999887347 49.492622375
0.999966085 -0.001997302 -0.007980479 0.778219521 0.002102158 0.999911249 0.013152343 -1.505397081 0.007953501 -0.013168677 0.999881625 49.963207245
0.999967337 -0.001827396 -0.007868452 0.785650134 0.001931078 0.999911129 0.013189505 -1.511968374 0.007843650 -0.013204268 0.999882102 50.504440308
0.999969482 -0.001273481 -0.007708322 0.789333582 0.001376914 0.999908805 0.013427928 -1.528932571 0.007690521 -0.013438132 0.999880135 51.017433167
0.999969125 -0.001356705 -0.007739499 0.790159702 0.001458215 0.999912798 0.013125275 -1.534812331 0.007721017 -0.013136158 0.999883890 51.552894592
0.999967813 -0.001542491 -0.007877307 0.800870538 0.001644799 0.999914169 0.012997734 -1.540076971 0.007856581 -0.013010273 0.999884427 52.094257355
0.999970257 -0.001154048 -0.007622353 0.811275363 0.001253670 0.999913633 0.013077861 -1.553770304 0.007606604 -0.013087030 0.999885440 52.599716187
0.999970973 -0.001018169 -0.007541053 0.818382800 0.001117113 0.999913156 0.013128143 -1.562937260 0.007527032 -0.013136188 0.999885380 53.153888702
0.999970853 -0.001007576 -0.007566497 0.826292753 0.001109961 0.999907732 0.013539423 -1.577331185 0.007552158 -0.013547429 0.999879718 53.675712585
0.999972701 -0.000665942 -0.007359652 0.829496801 0.000764401 0.999910057 0.013383505 -1.584872484 0.007350078 -0.013388764 0.999883413 54.227401733
0.999973118 -0.000743463 -0.007295196 0.839395761 0.000843339 0.999905825 0.013697178 -1.596385479 0.007284326 -0.013702963 0.999879599 54.719089508
0.999974310 -0.000713846 -0.007127075 0.842123628 0.000811791 0.999905109 0.013749222 -1.600828409 0.007116584 -0.013754655 0.999880135 55.267795563
0.999976099 -0.000672298 -0.006876851 0.846082091 0.000766843 0.999905109 0.013754914 -1.613861084 0.006866951 -0.013759859 0.999881804 55.809379578
0.999972820 -0.000890187 -0.007316176 0.856375456 0.000991584 0.999903381 0.013867348 -1.625920534 0.007303125 -0.013874224 0.999877036 56.291873932
0.999977589 -0.000434726 -0.006691978 0.870492399 0.000525795 0.999907136 0.013612919 -1.605657816 0.006685441 -0.013616133 0.999884963 56.905414581
0.999973118 -0.000758142 -0.007289510 0.878651440 0.000859366 0.999903142 0.013893139 -1.650479794 0.007278271 -0.013899029 0.999876916 57.366176605
0.999973238 -0.000643800 -0.007286575 0.878520131 0.000746930 0.999899447 0.014159639 -1.648892641 0.007276726 -0.014164706 0.999873221 57.883003235
0.999972403 -0.000505584 -0.007425488 0.895994902 0.000607520 0.999905527 0.013732036 -1.634109259 0.007417844 -0.013736166 0.999878168 58.511749268
0.999972880 -0.000637056 -0.007334888 0.898376882 0.000739638 0.999901831 0.013991287 -1.672615170 0.007325255 -0.013996337 0.999875188 58.983734131
0.999975264 -0.000758996 -0.006995466 0.894537330 0.000857699 0.999899983 0.014117257 -1.679631948 0.006984052 -0.014122907 0.999875903 59.512493134
0.999974310 -0.000912076 -0.007103493 0.905460835 0.001009771 0.999904811 0.013761640 -1.688805580 0.007090266 -0.013768459 0.999880075 60.062343597
0.999974728 -0.000480301 -0.007096026 0.919719458 0.000579781 0.999901474 0.014023746 -1.697621822 0.007088591 -0.014027505 0.999876499 60.622982025
0.999970615 -0.000552726 -0.007651652 0.927880645 0.000663310 0.999895215 0.014457297 -1.710709691 0.007642860 -0.014461947 0.999866188 61.146877289
0.999969304 -0.001171701 -0.007753694 0.926335335 0.001279912 0.999901652 0.013965898 -1.717884064 0.007736568 -0.013975391 0.999872446 61.704647064
0.999970078 -0.000437472 -0.007717418 0.920599282 0.000545613 0.999901652 0.014016139 -1.719450712 0.007710528 -0.014019932 0.999872029 62.261779785
0.999966979 -0.001611641 -0.007957261 0.945515275 0.001726741 0.999893785 0.014479212 -1.768553257 0.007933080 -0.014492478 0.999863505 62.697826385
0.999965489 -0.001189857 -0.008213205 0.992611885 0.001311951 0.999888480 0.014876094 -1.792479515 0.008194588 -0.014886357 0.999855638 63.141231537
0.999965191 -0.001068132 -0.008263716 0.998617828 0.001190008 0.999890387 0.014757529 -1.794422388 0.008247046 -0.014766850 0.999857008 63.692428589
0.999963164 -0.001772146 -0.008394289 1.006037712 0.001892574 0.999895155 0.014360246 -1.799643755 0.008367961 -0.014375604 0.999861717 64.255744934
0.999969244 -0.001092474 -0.007764166 1.019858122 0.001213198 0.999878109 0.015561155 -1.820023060 0.007746220 -0.015570095 0.999848783 64.695671082
0.999965847 -0.001789235 -0.008061110 1.031301498 0.001915696 0.999874771 0.015707510 -1.825238466 0.008031996 -0.015722416 0.999844134 65.256752014
0.999968350 -0.001241368 -0.007853289 1.036320090 0.001363190 0.999878466 0.015525959 -1.833387256 0.007833062 -0.015536173 0.999848664 65.791725159
0.999965429 -0.001733814 -0.008128461 1.063900709 0.001865349 0.999866962 0.016202504 -1.854075909 0.008099288 -0.016217105 0.999835670 66.287796021
0.999963045 -0.001728187 -0.008413107 1.068162441 0.001855328 0.999883831 0.015127978 -1.841469169 0.008385986 -0.015143028 0.999850214 66.836502075
0.999973536 0.000072585 -0.007276258 1.062194228 0.000042905 0.999873996 0.015870804 -1.882624745 0.007276494 -0.015870694 0.999847591 67.251304626
0.999968946 -0.000971944 -0.007818141 1.076912403 0.001098908 0.999867260 0.016251722 -1.888740897 0.007801308 -0.016259808 0.999837399 67.801994324
0.999970734 -0.000181305 -0.007646856 1.088763952 0.000303634 0.999871910 0.015999166 -1.901679397 0.007642976 -0.016001020 0.999842823 68.335548401
0.999969721 -0.000765826 -0.007740555 1.093520880 0.000891205 0.999868155 0.016207295 -1.900254488 0.007727124 -0.016213704 0.999838710 68.866706848
0.999967217 -0.001044651 -0.008042025 1.113228798 0.001175528 0.999866605 0.016286623 -1.910959601 0.008023940 -0.016295539 0.999835014 69.442550659
0.999971390 -0.000928857 -0.007503836 1.059242487 0.001049241 0.999870539 0.016054999 -1.949187517 0.007487952 -0.016062414 0.999842942 69.794197083
0.999966383 -0.001318030 -0.008096040 1.073378086 0.001451228 0.999863327 0.016468404 -1.959559560 0.008073226 -0.016479602 0.999831617 70.335067749
0.999966562 -0.001010945 -0.008118835 1.081585169 0.001142488 0.999867916 0.016213929 -1.963680983 0.008101370 -0.016222665 0.999835610 70.885490417
0.999970913 -0.000937789 -0.007569890 1.077896595 0.001062467 0.999863565 0.016483061 -1.982208610 0.007553398 -0.016490625 0.999835432 71.412437439
0.999972343 -0.000667119 -0.007395769 1.066749573 0.000788652 0.999864459 0.016442064 -1.991933227 0.007383797 -0.016447444 0.999837399 71.898666382
0.999974608 -0.000484808 -0.007100574 1.075796366 0.000600087 0.999867797 0.016241977 -1.998139381 0.007091760 -0.016245827 0.999842882 72.454566956
0.999973774 -0.000312190 -0.007232323 1.078337669 0.000432689 0.999861002 0.016665546 -2.014660358 0.007226115 -0.016668238 0.999834955 72.974349976
0.999972522 -0.000278750 -0.007401810 1.084697485 0.000401472 0.999862373 0.016583718 -2.023196220 0.007396168 -0.016586233 0.999835074 73.522018433
0.999972224 -0.000335963 -0.007448658 1.100348949 0.000460662 0.999859691 0.016745750 -2.035264969 0.007441989 -0.016748715 0.999831975 74.041908264
0.999971271 -0.000673022 -0.007549047 1.105553865 0.000797838 0.999862790 0.016543144 -2.037074566 0.007536878 -0.016548688 0.999834657 74.588607788
0.999978065 0.000489068 -0.006604450 1.093572140 -0.000379986 0.999863684 0.016507551 -2.058671951 0.006611625 -0.016504679 0.999841928 75.250129700
0.999977231 -0.000095057 -0.006748328 1.101946354 0.000210059 0.999854743 0.017042875 -2.068521023 0.006745727 -0.017043905 0.999832034 75.782035828
0.999975741 -0.000669102 -0.006932012 1.117904425 0.000790625 0.999845743 0.017542919 -2.078505039 0.006919204 -0.017547973 0.999822080 76.335655212
0.999978840 -0.000130085 -0.006501765 1.095333099 0.000237437 0.999863625 0.016513057 -2.082137823 0.006498730 -0.016514251 0.999842525 76.870307922
0.999978006 -0.000164234 -0.006630596 1.102436304 0.000273168 0.999864995 0.016431395 -2.086265087 0.006627003 -0.016432844 0.999843001 77.404754639
0.999979556 0.000303170 -0.006377448 1.103037834 -0.000197379 0.999862492 0.016582411 -2.104229927 0.006381600 -0.016580814 0.999842167 77.993263245
0.999980688 0.000141086 -0.006217838 1.114776850 -0.000037748 0.999861956 0.016616736 -2.113428354 0.006219323 -0.016616182 0.999842525 78.534194946
0.999984086 -0.000241397 -0.005640793 1.114403486 0.000333369 0.999866962 0.016309587 -2.111527443 0.005636105 -0.016311208 0.999851108 79.129402161
0.999988973 -0.000070605 -0.004707059 1.123368502 0.000145277 0.999874175 0.015865341 -2.115996361 0.004705346 -0.015865849 0.999863029 79.675140381
0.999995530 0.000398300 -0.002958307 1.132252097 -0.000350234 0.999868155 0.016230512 -2.123747826 0.002964382 -0.016229404 0.999863863 80.247894287
0.999998689 -0.000038181 -0.001631844 1.149011254 0.000064256 0.999872208 0.015981652 -2.126316547 0.001631026 -0.015981734 0.999870956 80.787460327
0.999997795 0.000724224 0.001959430 1.159169078 -0.000754657 0.999878347 0.015575923 -2.132345200 -0.001947911 -0.015577368 0.999876797 81.330772400
0.999985874 -0.000118675 0.005311849 1.189837694 0.000032186 0.999867499 0.016279420 -2.150419235 -0.005313077 -0.016279021 0.999853313 81.880065918
0.999965429 -0.000155775 0.008321256 1.215219975 0.000028737 0.999883473 0.015264651 -2.137969971 -0.008322665 -0.015263882 0.999848902 82.422691345
0.999913931 0.000072718 0.013119674 1.237731934 -0.000279366 0.999875903 0.015749821 -2.154780388 -0.013116902 -0.015752133 0.999789834 82.994712830
0.999814630 0.000133639 0.019252228 1.269131303 -0.000442542 0.999871194 0.016041668 -2.164547920 -0.019247606 -0.016047215 0.999685884 83.526969910
0.999697387 -0.000125880 0.024600651 1.300326109 -0.000254022 0.999880791 0.015439022 -2.170684338 -0.024599662 -0.015440600 0.999578118 84.077552795
0.999539435 -0.000148192 0.030346649 1.335892320 -0.000330226 0.999875784 0.015759466 -2.174244881 -0.030345213 -0.015762229 0.999415219 84.643898010
0.999251902 0.000236134 0.038671046 1.366257668 -0.000856746 0.999871075 0.016032699 -2.186649799 -0.038662270 -0.016053835 0.999123394 85.209762573
0.998911619 -0.000138389 0.046642851 1.418569803 -0.000598937 0.999875009 0.015793562 -2.192942381 -0.046639208 -0.015804308 0.998786688 85.753631592
0.998564243 -0.000767499 0.053561732 1.461534023 -0.000067630 0.999878347 0.015588341 -2.197465897 -0.053567190 -0.015569580 0.998442769 86.294853210
0.998070359 -0.000877882 0.062088579 1.528220177 -0.000093014 0.999877751 0.015632642 -2.202912807 -0.062094729 -0.015608250 0.997948229 86.847229004
0.997408688 -0.001194365 0.071932673 1.587905407 0.000081799 0.999880373 0.015467730 -2.208487511 -0.071942523 -0.015421764 0.997289538 87.391273499
0.996751130 -0.001279591 0.080532946 1.647633553 0.000035670 0.999880731 0.015445662 -2.215256691 -0.080543116 -0.015392608 0.996632278 87.930168152
0.996087790 -0.001229521 0.088361017 1.714216232 -0.000128273 0.999882042 0.015359118 -2.222299576 -0.088369474 -0.015310361 0.995970130 88.476257324
0.995070815 -0.001776372 0.099151082 1.798805237 0.000292637 0.999887824 0.014976928 -2.221804619 -0.099166557 -0.014874089 0.994959652 89.050910950
0.993968368 -0.002092225 0.109647810 1.879225731 0.000462889 0.999889135 0.014883069 -2.229771614 -0.109666795 -0.014742546 0.993859053 89.593467712
0.992907703 -0.002244042 0.118866578 1.971876144 0.000465882 0.999887586 0.014984972 -2.234884739 -0.118886836 -0.014823316 0.992797136 90.156921387
0.991523683 -0.002914599 0.129893735 2.070505142 0.000968395 0.999886274 0.015043695 -2.241536856 -0.129922807 -0.014790389 0.991413772 90.701591492
0.989917576 -0.002799132 0.141617134 2.176056862 0.000686310 0.999887764 0.014965896 -2.256104469 -0.141643152 -0.014717808 0.989808500 91.237426758
0.988305271 -0.003309206 0.152452245 2.284732819 0.001101194 0.999893248 0.014565457 -2.256830692 -0.152484193 -0.014227238 0.988203645 91.805198669
0.986663520 -0.003899780 0.162726402 2.397058487 0.001527661 0.999890804 0.014699929 -2.263745308 -0.162765980 -0.014255294 0.986561716 92.346862793
0.984460831 -0.004109840 0.175556183 2.520036697 0.001580510 0.999892950 0.014544923 -2.269290447 -0.175597161 -0.014041438 0.984361947 92.886459351
0.982195020 -0.004772729 0.187803581 2.651743889 0.002005097 0.999886572 0.014924059 -2.283067465 -0.187853515 -0.014281772 0.982093215 93.434722900
0.980189621 -0.005193005 0.197993353 2.782576561 0.002343403 0.999890327 0.014624001 -2.283086300 -0.198047593 -0.013870318 0.980094194 93.988639832
0.977363467 -0.004723993 0.211514771 2.920850754 0.001606198 0.999887586 0.014909701 -2.293697357 -0.211561456 -0.014232461 0.977261066 94.507606506
0.974460423 -0.005154073 0.224500030 3.072481155 0.001873501 0.999888301 0.014823369 -2.299499512 -0.224551380 -0.014024185 0.974361241 95.050308228
0.971839309 -0.005868179 0.235571474 3.224239349 0.002522866 0.999891698 0.014499735 -2.300198555 -0.235631049 -0.013497098 0.971748769 95.566078186
0.968751192 -0.005431724 0.247975111 3.386505127 0.001798103 0.999887705 0.014877297 -2.315900326 -0.248028114 -0.013966515 0.968652070 96.135169983
0.965065718 -0.005596966 0.261948347 3.550075531 0.001645907 0.999881625 0.015300324 -2.329741478 -0.262002975 -0.014334674 0.964960635 96.646583557
0.961696267 -0.005674561 0.274058342 3.736730576 0.001733037 0.999891579 0.014622032 -2.324987411 -0.274111569 -0.013587003 0.961601913 97.197059631
0.958347797 -0.006293104 0.285534352 3.919403076 0.002074159 0.999884307 0.015075624 -2.329771996 -0.285596162 -0.013855449 0.958249867 97.736045837
0.954158485 -0.006519636 0.299230725 4.110771179 0.002093980 0.999883711 0.015108368 -2.337477684 -0.299294412 -0.013789194 0.954061151 98.252517700
0.949583709 -0.006291179 0.313450396 4.302999496 0.001640609 0.999884665 0.015098262 -2.344998837 -0.313509285 -0.013822814 0.949484527 98.790229797
0.945637286 -0.006248489 0.325163126 4.496072769 0.001370662 0.999882996 0.015228085 -2.345706463 -0.325220257 -0.013954555 0.945535302 99.296073914
0.941471994 -0.007663817 0.337004155 4.723852158 0.002698983 0.999880850 0.015198293 -2.358054161 -0.337080449 -0.013399198 0.941380441 99.817138672
0.936389863 -0.007717763 0.350876719 4.940761566 0.002560686 0.999881804 0.015159314 -2.360146523 -0.350952238 -0.013296541 0.936298966 100.334785461
0.931792319 -0.008666516 0.362888426 5.167722702 0.003433726 0.999880672 0.015062378 -2.369225979 -0.362975657 -0.012788950 0.931710839 100.844268799
0.927625060 -0.009222419 0.373399168 5.396194458 0.003868271 0.999878705 0.015085725 -2.376091242 -0.373492956 -0.012549486 0.927548110 101.356666565
0.922222853 -0.009102517 0.386551559 5.639211655 0.003580198 0.999881029 0.015003672 -2.380839348 -0.386642188 -0.012452798 0.922145724 101.853828430
0.916580498 -0.009471527 0.399737954 5.877437592 0.003765508 0.999879539 0.015057352 -2.383623600 -0.399832428 -0.012296057 0.916505754 102.343826294
0.911867857 -0.010964988 0.410337478 6.138973236 0.005296124 0.999874175 0.014949268 -2.389247894 -0.410449713 -0.011458559 0.911811233 102.839462280
0.905336320 -0.010293957 0.424570769 6.389926910 0.004241299 0.999875486 0.015198581 -2.399405003 -0.424674362 -0.011959094 0.905267239 103.325889587
0.898588300 -0.010841332 0.438658744 6.663230896 0.004740495 0.999876201 0.015000812 -2.399698734 -0.438767076 -0.011400097 0.898528516 103.840347290
0.892931163 -0.011751881 0.450039983 6.938583374 0.005477124 0.999868810 0.015242302 -2.421518326 -0.450160027 -0.011145401 0.892878354 104.278259277
0.886938393 -0.012267216 0.461724788 7.212318420 0.005675348 0.999861240 0.015662644 -2.415836811 -0.461852849 -0.011271352 0.886884928 104.813652039
0.879831135 -0.013058996 0.475106955 7.504516602 0.006432752 0.999858201 0.015569979 -2.418838739 -0.475242913 -0.010642706 0.879790306 105.306190491
0.872883141 -0.013250418 0.487749279 7.795627594 0.006547164 0.999859214 0.015445733 -2.423213720 -0.487885296 -0.010288944 0.872847080 105.777252197
0.866997361 -0.014198926 0.498110473 8.095001221 0.007401600 0.999850631 0.015618299 -2.430490017 -0.498257786 -0.009854210 0.866972923 106.248870850
