1.000000000 0.000000000 0.000000000 0.000000000 0.000000000 1.000000000 0.000000000 0.000000000 0.000000000 0.000000000 1.000000000 0.000000000
1.000000000 0.000022688 -0.000021277 0.000444024 -0.000022689 1.000000000 -0.000038032 0.000772561 0.000021276 0.000038033 1.000000000 0.000389112
1.000000000 -0.000000051 0.000044741 -0.000089114 0.000000049 1.000000000 0.000043010 0.000027386 -0.000044741 -0.000043010 1.000000000 0.000100711
1.000000000 -0.000081453 0.000022910 0.000111374 0.000081454 1.000000000 -0.000026981 0.000740529 -0.000022908 0.000026983 1.000000000 0.000022870
1.000000000 -0.000109784 0.000048906 -0.000179893 0.000109781 1.000000000 0.000056322 -0.000261944 -0.000048912 -0.000056316 1.000000000 -0.000575205
1.000000000 0.000034275 0.000115873 -0.000461957 -0.000034272 1.000000000 -0.000025641 0.000819022 -0.000115873 0.000025637 1.000000000 0.000056400
1.000000000 -0.000095715 0.000070635 0.000162087 0.000095715 1.000000000 -0.000001159 0.000480911 -0.000070634 0.000001166 1.000000000 0.000257063
1.000000000 0.000008530 0.000066647 -0.000541544 -0.000008536 1.000000000 0.000092012 -0.000106410 -0.000066647 -0.000092012 1.000000000 -0.000096298
1.000000000 -0.000012933 -0.000005148 -0.000738336 0.000012933 1.000000000 -0.000061889 -0.000166146 0.000005149 0.000061888 1.000000000 -0.001094104
1.000000000 -0.000046238 0.000080953 -0.000088827 0.000046235 1.000000000 0.000040911 -0.000724694 -0.000080955 -0.000040908 1.000000000 -0.000410569
1.000000000 0.000072025 0.000053061 -0.000834145 -0.000072028 1.000000000 0.000056691 -0.000900466 -0.000053057 -0.000056695 1.000000000 -0.000636320
1.000000000 -0.000030096 0.000077046 -0.001057576 0.000030093 1.000000000 0.000039411 -0.000378267 -0.000077047 -0.000039409 1.000000000 -0.000966750
1.000000000 0.000052312 0.000033670 -0.000812484 -0.000052309 1.000000000 -0.000075657 -0.000338567 -0.000033674 0.000075655 1.000000000 -0.001540425
1.000000000 0.000042954 0.000069551 -0.000992714 -0.000042952 1.000000000 -0.000028480 0.000497181 -0.000069552 0.000028477 1.000000000 0.000294593
1.000000000 0.000034211 0.000050838 -0.001010068 -0.000034205 1.000000000 -0.000121754 0.001338351 -0.000050842 0.000121753 1.000000000 0.000961933
1.000000000 -0.000006539 -0.000034432 0.000337939 0.000006536 1.000000000 -0.000086700 0.001328814 0.000034432 0.000086700 1.000000000 0.001318717
1.000000000 0.000101925 0.000110053 -0.001039854 -0.000101908 1.000000000 -0.000158016 0.002313594 -0.000110070 0.000158005 1.000000000 0.002540896
1.000000000 0.000169531 0.000089400 -0.001389533 -0.000169516 1.000000000 -0.000165583 0.001917981 -0.000089428 0.000165568 1.000000000 0.001651736
0.999999940 0.000188429 0.000157914 -0.001551556 -0.000188413 1.000000000 -0.000100808 0.001953775 -0.000157933 0.000100778 1.000000000 0.002277822
1.000000000 0.000091175 0.000149956 -0.001392485 -0.000091161 1.000000000 -0.000091960 0.000981168 -0.000149964 0.000091946 1.000000000 0.001281515
1.000000000 0.000034748 0.000093073 -0.001161867 -0.000034745 1.000000000 -0.000029056 0.000332862 -0.000093074 0.000029052 1.000000000 0.000656922
1.000000000 0.000157364 0.000051852 -0.000784747 -0.000157363 1.000000000 -0.000027728 0.001287349 -0.000051857 0.000027720 1.000000000 0.000938715
1.000000000 0.000108614 0.000014291 -0.000633819 -0.000108613 1.000000000 -0.000081842 0.001365469 -0.000014299 0.000081840 1.000000000 0.002169009
1.000000000 0.000106805 0.000086086 -0.001226671 -0.000106798 1.000000000 -0.000071671 0.001698389 -0.000086094 0.000071662 1.000000000 0.002474745
0.999999940 0.000328413 0.000034981 -0.001074538 -0.000328411 0.999999940 -0.000060665 0.002323632 -0.000035001 0.000060654 1.000000000 0.003684818
0.999999940 0.000228580 0.000098711 -0.001403616 -0.000228573 1.000000000 -0.000064845 0.002148933 -0.000098726 0.000064822 1.000000000 0.001756213
1.000000000 0.000053913 0.000108788 -0.000525736 -0.000053906 1.000000000 -0.000065694 0.002416771 -0.000108792 0.000065688 1.000000000 0.002993305
1.000000000 0.000139358 0.000182174 -0.001843162 -0.000139350 1.000000000 -0.000042481 0.001579329 -0.000182180 0.000042456 1.000000000 0.002289745
1.000000000 0.000101334 0.000056577 -0.001141569 -0.000101328 1.000000000 -0.000105600 0.002472181 -0.000056587 0.000105594 1.000000000 0.002241100
1.000000000 0.000043973 0.000088828 -0.001575453 -0.000043966 1.000000000 -0.000083551 0.001120990 -0.000088832 0.000083547 1.000000000 0.001634232
1.000000000 0.000128287 0.000197305 -0.001903690 -0.000128285 1.000000000 -0.000010703 0.000964165 -0.000197306 0.000010677 1.000000000 0.001922356
1.000000000 0.000130215 0.000190135 -0.001447815 -0.000130199 1.000000000 -0.000085761 0.002163053 -0.000190146 0.000085737 1.000000000 0.003711833
1.000000000 0.000206756 0.000098584 -0.000893249 -0.000206735 0.999999940 -0.000211718 0.003331122 -0.000098628 0.000211697 1.000000000 0.003801475
1.000000000 0.000108191 0.000125639 -0.000859499 -0.000108180 1.000000000 -0.000089289 0.001608369 -0.000125648 0.000089275 1.000000000 0.001879479
0.999999940 0.000229964 0.000187027 -0.002569760 -0.000229933 0.999999940 -0.000163419 0.002153890 -0.000187065 0.000163376 0.999999940 0.002553948
1.000000000 0.000148488 0.000187604 -0.001782401 -0.000148469 1.000000000 -0.000102955 0.001078396 -0.000187619 0.000102927 1.000000000 0.001466841
1.000000000 0.000102613 0.000048028 -0.001972903 -0.000102614 1.000000000 0.000023007 0.000567496 -0.000048026 -0.000023012 1.000000000 0.000384417
1.000000000 0.000137653 0.000083596 -0.001434129 -0.000137650 1.000000000 -0.000034572 0.001905946 -0.000083601 0.000034560 1.000000000 0.002282264
1.000000000 0.000156599 0.000159963 -0.002041389 -0.000156589 1.000000000 -0.000059592 0.001650042 -0.000159972 0.000059567 1.000000000 0.001326870
1.000000000 0.000182878 0.000119084 -0.000871362 -0.000182867 1.000000000 -0.000093310 0.002890015 -0.000119101 0.000093288 1.000000000 0.003203008
1.000000000 -0.000004864 0.000057419 0.000284875 0.000004869 1.000000000 -0.000099640 0.000792947 -0.000057418 0.000099640 1.000000000 0.002519579
0.999999821 0.000540710 0.000149058 -0.000074540 -0.000540616 0.999999642 -0.000630189 -0.001361797 -0.000149399 0.000630108 0.999999762 0.052683771
0.999999881 0.000433283 0.000175803 0.001667771 -0.000433070 0.999999166 -0.001211732 -0.002656674 -0.000176328 0.001211656 0.999999166 0.141312271
0.999999821 0.000507568 0.000094036 0.003816789 -0.000507433 0.999998868 -0.001432481 -0.007103340 -0.000094763 0.001432434 0.999998927 0.254184812
0.999999702 0.000644695 0.000166329 0.006530883 -0.000644468 0.999998868 -0.001365652 -0.010241566 -0.000167209 0.001365545 0.999998987 0.387022108
0.999999762 0.000712522 0.000017272 0.012018096 -0.000712507 0.999999404 -0.000853902 -0.022135958 -0.000017880 0.000853890 0.999999642 0.524152160
1.000000000 0.000244010 -0.000062902 0.016681774 -0.000244056 0.999999821 -0.000725352 -0.026539797 0.000062725 0.000725368 0.999999762 0.675769448
0.999999821 0.000343133 0.000067867 0.019977236 -0.000343100 0.999999762 -0.000480034 -0.030075418 -0.000068031 0.000480010 0.999999821 0.840304613
0.999999702 0.000742551 0.000016585 0.018854024 -0.000742544 0.999999642 -0.000445744 -0.035047278 -0.000016916 0.000445732 0.999999881 1.014452696
0.999999762 0.000647579 -0.000224936 0.023663957 -0.000647678 0.999999702 -0.000442687 -0.039243232 0.000224649 0.000442833 0.999999881 1.193199158
0.999999642 0.000786018 0.000111454 0.026508706 -0.000786032 0.999999702 0.000130429 -0.045669023 -0.000111351 -0.000130516 1.000000000 1.379770041
0.999999404 0.001125937 -0.000098898 0.031295508 -0.001125947 0.999999464 -0.000107132 -0.046336867 0.000098777 0.000107243 1.000000000 1.572892427
0.999999762 0.000745994 -0.000066307 0.034530580 -0.000745974 0.999999762 0.000299946 -0.054986075 0.000066531 -0.000299896 0.999999940 1.774484515
0.999999106 0.001266157 -0.000418592 0.036927562 -0.001266002 0.999999106 0.000372142 -0.061440989 0.000419063 -0.000371612 0.999999821 1.973581076
0.999999762 0.000291966 -0.000643109 0.048465058 -0.000291697 0.999999881 0.000417024 -0.068405867 0.000643231 -0.000416837 0.999999702 2.185221195
0.999999762 0.000656335 -0.000409934 0.050534982 -0.000656175 0.999999702 0.000389816 -0.073306881 0.000410189 -0.000389547 0.999999881 2.406307459
0.999999464 0.000694652 -0.000703585 0.060256094 -0.000694360 0.999999642 0.000414916 -0.081218503 0.000703873 -0.000414428 0.999999642 2.628276348
0.999999642 0.000557380 -0.000614974 0.065146990 -0.000556936 0.999999642 0.000720926 -0.089473680 0.000615376 -0.000720583 0.999999523 2.858390331
0.999999642 0.000569857 -0.000466594 0.066679932 -0.000569427 0.999999404 0.000920655 -0.095445931 0.000467118 -0.000920389 0.999999404 3.092635632
0.999999344 0.001056276 -0.000451067 0.069926448 -0.001055863 0.999998987 0.000913755 -0.108126134 0.000452032 -0.000913278 0.999999464 3.332595825
0.999999225 0.001143176 -0.000470429 0.072490767 -0.001142637 0.999998689 0.001143606 -0.118012667 0.000471735 -0.001143068 0.999999166 3.579309464
0.999999702 0.000704814 -0.000173648 0.075683288 -0.000704606 0.999999046 0.001193016 -0.116946727 0.000174489 -0.001192894 0.999999285 3.849132776
0.999999940 0.000467826 -0.000137268 0.082976989 -0.000467649 0.999999106 0.001284235 -0.121966846 0.000137869 -0.001284171 0.999999166 4.102622509
0.999999583 0.000931145 0.000077395 0.089047544 -0.000931221 0.999999046 0.000994309 -0.125969410 -0.000076469 -0.000994381 0.999999523 4.359607697
0.999999344 0.001148945 0.000424798 0.090713546 -0.001149402 0.999998748 0.001077967 -0.132701382 -0.000423559 -0.001078455 0.999999404 4.615141392
0.999999583 0.000833314 -0.000129259 0.104466744 -0.000833221 0.999999344 0.000719625 -0.138988361 0.000129858 -0.000719517 0.999999762 4.869829655
0.999998748 0.001534081 0.000273599 0.108500622 -0.001534225 0.999998629 0.000526318 -0.142273769 -0.000272791 -0.000526737 0.999999821 5.135155201
0.999999642 0.000803087 0.000143083 0.112769395 -0.000803293 0.999998629 0.001449725 -0.159350589 -0.000141919 -0.001449839 0.999998927 5.389280796
0.999999046 0.001297440 0.000413769 0.112853982 -0.001298020 0.999998152 0.001405119 -0.166318506 -0.000411945 -0.001405655 0.999998927 5.660724640
0.999999285 0.001099518 0.000384199 0.116088517 -0.001099988 0.999998569 0.001225455 -0.171688050 -0.000382851 -0.001225877 0.999999166 5.928670406
0.999998808 0.001454717 0.000554217 0.119264528 -0.001455409 0.999998033 0.001250205 -0.180325001 -0.000552397 -0.001251011 0.999999046 6.209145069
0.999999464 0.000987750 0.000318124 0.129781604 -0.000988140 0.999998748 0.001228765 -0.184007362 -0.000316910 -0.001229078 0.999999166 6.493099689
0.999999225 0.001216546 0.000342599 0.131200358 -0.001217013 0.999998331 0.001367625 -0.192769110 -0.000340935 -0.001368041 0.999998987 6.781076431
0.999999642 0.000940172 0.000190668 0.139821038 -0.000940412 0.999998868 0.001261893 -0.205469429 -0.000189482 -0.001262072 0.999999166 7.102362633
0.999999464 0.000986341 0.000169018 0.145367995 -0.000986606 0.999998271 0.001577622 -0.215593457 -0.000167462 -0.001577788 0.999998689 7.404592514
0.999999404 0.001024793 0.000231923 0.158033445 -0.001025217 0.999997735 0.001834994 -0.239698499 -0.000230043 -0.001835231 0.999998271 7.683382988
0.999999225 0.001174735 0.000234105 0.166750133 -0.001175111 0.999997973 0.001612665 -0.243005067 -0.000232210 -0.001612939 0.999998689 8.012274742
0.999998987 0.001341971 0.000373906 0.167250872 -0.001342630 0.999997497 0.001768329 -0.251483351 -0.000371532 -0.001768829 0.999998391 8.322072029
0.999999106 0.001221284 0.000576585 0.173695892 -0.001222194 0.999998033 0.001579800 -0.258472472 -0.000574654 -0.001580503 0.999998629 8.648892403
0.999998510 0.001560212 0.000644470 0.182328895 -0.001561208 0.999997497 0.001548647 -0.265842438 -0.000642052 -0.001549651 0.999998569 8.982093811
0.999998271 0.001802049 0.000435234 0.189158410 -0.001802674 0.999997318 0.001440589 -0.276010215 -0.000432636 -0.001441371 0.999998868 9.325924873
0.999997973 0.001851639 0.000787682 0.186379611 -0.001853051 0.999996662 0.001796075 -0.294827342 -0.000784353 -0.001797531 0.999998093 9.649225235
0.999998748 0.001378035 0.000758728 0.194125727 -0.001379417 0.999997437 0.001823387 -0.304419190 -0.000756213 -0.001824431 0.999998093 9.999728203
0.999998629 0.001609665 0.000371154 0.207771242 -0.001610441 0.999996483 0.002100295 -0.320945323 -0.000367772 -0.002100890 0.999997735 10.373014450
0.999998152 0.001849581 0.000404881 0.221336991 -0.001850410 0.999996185 0.002055572 -0.325710714 -0.000401078 -0.002056318 0.999997795 10.721482277
0.999999166 0.001314902 0.000001187 0.230872467 -0.001314901 0.999997556 0.001830399 -0.332331359 0.000001220 -0.001830399 0.999998331 11.090315819
0.999999166 0.001256511 -0.000017322 0.249237821 -0.001256478 0.999997616 0.001797832 -0.342452228 0.000019581 -0.001797808 0.999998331 11.469276428
0.999998093 0.001990907 0.000013298 0.254225016 -0.001990926 0.999996662 0.001685520 -0.350244820 -0.000009942 -0.001685544 0.999998569 11.847732544
0.999998093 0.001936469 0.000149716 0.260102093 -0.001936812 0.999995410 0.002321210 -0.369357228 -0.000145221 -0.002321496 0.999997318 12.241822243
0.999997318 0.002250550 0.000649837 0.268626809 -0.002252359 0.999993563 0.002797379 -0.384387493 -0.000643537 -0.002798835 0.999995887 12.632266045
0.999997973 0.001863426 0.000770019 0.273870170 -0.001865350 0.999995112 0.002504642 -0.392370015 -0.000765348 -0.002506073 0.999996543 13.022899628
0.999999285 0.001099528 0.000445827 0.286356091 -0.001100576 0.999996543 0.002357654 -0.405148387 -0.000443233 -0.002358143 0.999997139 13.430621147
0.999998450 0.001642583 0.000568845 0.294562101 -0.001643977 0.999995649 0.002460027 -0.416495442 -0.000564802 -0.002460958 0.999996781 13.849594116
0.999998093 0.001675616 0.000982152 0.299251825 -0.001678428 0.999994457 0.002870147 -0.429267108 -0.000977337 -0.002871789 0.999995410 14.247159958
0.999996901 0.002154247 0.001199575 0.307177037 -0.002157754 0.999993384 0.002929697 -0.445342243 -0.001193256 -0.002932276 0.999995053 14.662371635
0.999996960 0.001871224 0.001596266 0.315461993 -0.001875826 0.999994099 0.002885995 -0.454833627 -0.001590856 -0.002888980 0.999994516 15.103424072
0.999995887 0.002366039 0.001591437 0.321929932 -0.002370004 0.999994099 0.002494181 -0.466235578 -0.001585526 -0.002497943 0.999995589 15.541869164
0.999995291 0.002302392 0.001989792 0.338025928 -0.002308421 0.999992728 0.003033135 -0.479507148 -0.001982793 -0.003037714 0.999993443 15.961643219
0.999993026 0.002737350 0.002536068 0.342870712 -0.002744625 0.999992132 0.002869776 -0.488494068 -0.002528192 -0.002876717 0.999992669 16.404767990
0.999993443 0.002708117 0.002403538 0.354309559 -0.002713883 0.999993384 0.002398990 -0.498198122 -0.002397025 -0.002405497 0.999994218 16.851047516
0.999993742 0.002442133 0.002531600 0.367344677 -0.002448828 0.999993443 0.002645179 -0.512575448 -0.002525124 -0.002651362 0.999993324 17.310041428
0.999991417 0.002874213 0.003032079 0.369983852 -0.002884042 0.999990523 0.003242552 -0.528536797 -0.003022730 -0.003251268 0.999990165 17.760255814
0.999991536 0.002494884 0.003264364 0.383840680 -0.002505177 0.999991834 0.003152894 -0.540363252 -0.003256471 -0.003161045 0.999989748 18.225051880
0.999989986 0.002633950 0.003619819 0.386800796 -0.002644914 0.999991894 0.003027251 -0.552917957 -0.003611816 -0.003036795 0.999988794 18.689245224
0.999988317 0.003234136 0.003592470 0.397969842 -0.003245079 0.999990046 0.003044611 -0.565758944 -0.003582588 -0.003056234 0.999988914 19.162321091
0.999987483 0.003157416 0.003868368 0.412853807 -0.003169288 0.999990284 0.003066580 -0.581013381 -0.003858649 -0.003078801 0.999987841 19.644041061
0.999988914 0.003195801 0.003473368 0.419520825 -0.003206483 0.999990165 0.003074353 -0.594252646 -0.003463510 -0.003085457 0.999989212 20.129032135
0.999988258 0.003361106 0.003486042 0.434536636 -0.003370086 0.999990940 0.002573457 -0.604852796 -0.003477362 -0.002585175 0.999990642 20.616289139
0.999989331 0.002853833 0.003638061 0.452972293 -0.002866654 0.999989629 0.003523818 -0.632923961 -0.003627968 -0.003534209 0.999987185 21.102338791
0.999992609 0.002339308 0.003065674 0.465653300 -0.002349474 0.999991715 0.003316873 -0.642604887 -0.003057889 -0.003324051 0.999989808 21.605237961
0.999988496 0.003674851 0.003071162 0.466276199 -0.003686088 0.999986529 0.003661092 -0.660765767 -0.003057667 -0.003672370 0.999988556 22.116048813
0.999988973 0.003711461 0.002886352 0.475537807 -0.003722647 0.999985635 0.003880061 -0.674363613 -0.002871909 -0.003890763 0.999988317 22.623083115
0.999989212 0.003924733 0.002471936 0.485418171 -0.003933527 0.999985933 0.003562385 -0.683923602 -0.002457920 -0.003572070 0.999990582 23.161256790
0.999991715 0.003612409 0.001878734 0.494987667 -0.003619695 0.999985874 0.003889222 -0.704556346 -0.001864658 -0.003895991 0.999990702 23.688688278
0.999996185 0.002521041 0.001140493 0.501759350 -0.002525391 0.999989450 0.003829352 -0.723915815 -0.001130827 -0.003832218 0.999992013 24.208429337
0.999992311 0.003758419 0.001116370 0.507603586 -0.003762966 0.999984503 0.004099911 -0.736940145 -0.001100944 -0.004104080 0.999991000 24.744113922
0.999993742 0.003479392 0.000536426 0.513990283 -0.003481766 0.999983847 0.004490339 -0.756844699 -0.000520794 -0.004492179 0.999989748 25.290241241
0.999991894 0.004016507 -0.000176605 0.520810187 -0.004015721 0.999983072 0.004244965 -0.764046848 0.000193652 -0.004244222 0.999991000 25.827686310
0.999992609 0.003802753 -0.000601900 0.527529955 -0.003800126 0.999983490 0.004306902 -0.780646443 0.000618268 -0.004304582 0.999990523 26.377891541
0.999993861 0.003393245 -0.001016948 0.535926998 -0.003388391 0.999982953 0.004738235 -0.792558610 0.001033009 -0.004734760 0.999988258 26.945884705
0.999992192 0.003665547 -0.001468505 0.545046628 -0.003658529 0.999981999 0.004753159 -0.812491238 0.001485901 -0.004747749 0.999987602 27.492029190
0.999989450 0.004250070 -0.001770283 0.555093408 -0.004242588 0.999982119 0.004209148 -0.820600748 0.001788141 -0.004201593 0.999989569 28.051345825
0.999987602 0.004707536 -0.001568663 0.566380084 -0.004699640 0.999976456 0.004999174 -0.847018719 0.001592160 -0.004991741 0.999986291 28.575359344
0.999987960 0.004354014 -0.002253693 0.580980062 -0.004342035 0.999976575 0.005293007 -0.862732768 0.002276686 -0.005283157 0.999983430 29.124700546
0.999987900 0.004172361 -0.002610609 0.585942566 -0.004159486 0.999979258 0.004917974 -0.875016212 0.002631075 -0.004907055 0.999984503 29.664762497
0.999986053 0.004414278 -0.002907872 0.601116836 -0.004398824 0.999976277 0.005299789 -0.887525976 0.002931199 -0.005286924 0.999981701 30.207525253
0.999984860 0.004624536 -0.002953299 0.607398033 -0.004609311 0.999976158 0.005141567 -0.900322676 0.002977005 -0.005127877 0.999982417 30.759590149
0.999984384 0.004567716 -0.003218082 0.622142494 -0.004550660 0.999975801 0.005287621 -0.914856195 0.003242156 -0.005272895 0.999980867 31.303670883
0.999979317 0.005588065 -0.003204056 0.627909780 -0.005571729 0.999971569 0.005085096 -0.923737645 0.003232380 -0.005067139 0.999981999 31.856784821
0.999980867 0.004814407 -0.003880044 0.641635537 -0.004793825 0.999974489 0.005296647 -0.944965065 0.003905445 -0.005277945 0.999978423 32.391338348
0.999978364 0.005005249 -0.004262514 0.639809132 -0.004982920 0.999973953 0.005232968 -0.961032629 0.004288595 -0.005211615 0.999977231 32.932903290
0.999980330 0.004583324 -0.004278810 0.657561243 -0.004562165 0.999977410 0.004942126 -0.968552887 0.004301365 -0.004922508 0.999978602 33.475109100
0.999977469 0.005063734 -0.004410834 0.666632950 -0.005041407 0.999974489 0.005058379 -0.983119249 0.004436337 -0.005036029 0.999977410 34.015491486
0.999978423 0.004707538 -0.004578038 0.669260204 -0.004683192 0.999974906 0.005314413 -0.995261550 0.004602940 -0.005292858 0.999975383 34.543674469
0.999975502 0.004932889 -0.004951853 0.681680024 -0.004905283 0.999972403 0.005571637 -1.015189052 0.004979201 -0.005547212 0.999972165 35.072914124
0.999975324 0.005111478 -0.004824586 0.686486125 -0.005086578 0.999973893 0.005159358 -1.020834208 0.004850831 -0.005134690 0.999975026 35.618000031
0.999974072 0.004920363 -0.005262927 0.694873691 -0.004891940 0.999973476 0.005399744 -1.033310652 0.005289356 -0.005373859 0.999971509 36.169536591
0.999976277 0.004346581 -0.005343333 0.710520267 -0.004320090 0.999978364 0.004959250 -1.043918610 0.005364773 -0.004936049 0.999973416 36.748020172
0.999973476 0.004573167 -0.005666575 0.711263359 -0.004544595 0.999976933 0.005045304 -1.058926582 0.005689518 -0.005019418 0.999971151 37.292720795
0.999970913 0.004939289 -0.005819448 0.720507383 -0.004913862 0.999978364 0.004375648 -1.067853451 0.005840935 -0.004346925 0.999973416 37.846271515
0.999972165 0.004406003 -0.006022302 0.729858994 -0.004374833 0.999976993 0.005179012 -1.076435328 0.006044982 -0.005152521 0.999968469 38.385906219
0.999973059 0.003791234 -0.006279569 0.738169789 -0.003758319 0.999979079 0.005245173 -1.088810682 0.006299324 -0.005221431 0.999966502 38.936477661
0.999972105 0.004504998 -0.005944282 0.749660194 -0.004479895 0.999981046 0.004229677 -1.094426155 0.005963224 -0.004202930 0.999973416 39.461574554
0.999971628 0.004153460 -0.006273919 0.758076549 -0.004126179 0.999981999 0.004355247 -1.106096745 0.006291895 -0.004329237 0.999970794 40.012569427
0.999969959 0.004214407 -0.006501803 0.767506599 -0.004183964 0.999980271 0.004688805 -1.122784615 0.006521436 -0.004661461 0.999967873 40.560634613
0.999968648 0.004918958 -0.006228775 0.769200444 -0.004892683 0.999979079 0.004226669 -1.129466653 0.006249436 -0.004196062 0.999971688 41.093296051
0.999967337 0.005525277 -0.005913548 0.771494985 -0.005501566 0.999976754 0.004018628 -1.137123585 0.005935615 -0.003985962 0.999974489 41.636177063
0.999972045 0.004809239 -0.005723653 0.780144334 -0.004784734 0.999979496 0.004287347 -1.161294699 0.005744154 -0.004259842 0.999974430 42.169406891
0.999972045 0.004816889 -0.005742185 0.789888740 -0.004790088 0.999977589 0.004672126 -1.173899412 0.005764561 -0.004644491 0.999972641 42.719814301
0.999970198 0.004304831 -0.006408896 0.796984136 -0.004274762 0.999979854 0.004697888 -1.187605262 0.006428990 -0.004670352 0.999968350 43.269588470
0.999975622 0.002863142 -0.006357690 0.806909442 -0.002827780 0.999980509 0.005564107 -1.210119128 0.006373496 -0.005545994 0.999964297 43.815715790
0.999978006 0.003416526 -0.005669792 0.811219156 -0.003384819 0.999978602 0.005592426 -1.220232844 0.005688777 -0.005573113 0.999968290 44.365978241
0.999970436 0.004634724 -0.006140010 0.812846065 -0.004608938 0.999980509 0.004207049 -1.216443300 0.006159389 -0.004178626 0.999972284 44.921997070
0.999966145 0.004405570 -0.006946469 0.847862780 -0.004373960 0.999979973 0.004559276 -1.236531496 0.006966417 -0.004528737 0.999965489 45.522689819
0.999963701 0.004802009 -0.007037405 0.855187058 -0.004770573 0.999978542 0.004477084 -1.246363401 0.007058753 -0.004443349 0.999965250 46.069793701
0.999971449 0.004669618 -0.005944372 0.832236588 -0.004645041 0.999980628 0.004141725 -1.252070308 0.005963597 -0.004113995 0.999973774 46.586051941
0.999964714 0.005736474 -0.006130317 0.837625623 -0.005709498 0.999974072 0.004408814 -1.274781466 0.006155449 -0.004373658 0.999971509 47.125614166
0.999966860 0.005080873 -0.006361985 0.843759179 -0.005050845 0.999976099 0.004727236 -1.289146900 0.006385851 -0.004694947 0.999968529 47.671577454
0.999963641 0.005846880 -0.006206474 0.849292278 -0.005822998 0.999975681 0.003859115 -1.298078775 0.006228887 -0.003822835 0.999973238 48.218334198
0.999966562 0.005542242 -0.005999531 0.850442767 -0.005513478 0.999973238 0.004800257 -1.316374540 0.006025974 -0.004767018 0.999970496 48.760776520
0.999968648 0.005283942 -0.005888148 0.854541302 -0.005253764 0.999972999 0.005128792 -1.332538486 0.005915090 -0.005097696 0.999969602 49.303897858
0.999967635 0.005839415 -0.005520874 0.854594469 -0.005813945 0.999972463 0.004618193 -1.339064240 0.005547689 -0.004585946 0.999974072 49.856521606
0.999966741 0.006068815 -0.005443821 0.856579304 -0.006042431 0.999969959 0.004850039 -1.352725863 0.005473093 -0.004816984 0.999973416 50.395606995
0.999964893 0.006088977 -0.005744878 0.864750504 -0.006057607 0.999966681 0.005462078 -1.372726798 0.005777945 -0.005427086 0.999968588 50.925289154
0.999965966 0.006142865 -0.005511483 0.858689189 -0.006118176 0.999971211 0.004485419 -1.380444169 0.005538878 -0.004451547 0.999974728 51.474117279
0.999963999 0.006374191 -0.005601289 0.869859695 -0.006349371 0.999969959 0.004437810 -1.389023423 0.005629406 -0.004402084 0.999974489 52.022018433
0.999965012 0.006591261 -0.005169152 0.873705089 -0.006568368 0.999968708 0.004433416 -1.404801011 0.005198212 -0.004399308 0.999976754 52.562446594
0.999964416 0.006412307 -0.005485782 0.876354337 -0.006389074 0.999970615 0.004242222 -1.417310715 0.005512826 -0.004207023 0.999975920 53.100120544
0.999957561 0.007270993 -0.005652895 0.881438315 -0.007249959 0.999966741 0.003732390 -1.428033471 0.005679845 -0.003691249 0.999977052 53.651584625
0.999964833 0.006736718 -0.004983793 0.881530881 -0.006716879 0.999969423 0.003986797 -1.445507050 0.005010497 -0.003953181 0.999979615 54.192398071
0.999962628 0.007078313 -0.004989006 0.885277510 -0.007058623 0.999967277 0.003953563 -1.457081914 0.005016829 -0.003918199 0.999979734 54.732357025
0.999964893 0.006792869 -0.004893199 0.889152825 -0.006774432 0.999969840 0.003774914 -1.471082091 0.004918694 -0.003741633 0.999980927 55.277984619
0.999967575 0.006447060 -0.004831496 0.898340285 -0.006429888 0.999972939 0.003561210 -1.481711268 0.004854323 -0.003530028 0.999981940 55.821308136
0.999964118 0.006864827 -0.004992299 0.899926186 -0.006846114 0.999969482 0.003755993 -1.494481206 0.005017934 -0.003721680 0.999980450 56.363498688
0.999966145 0.006618958 -0.004872725 0.905013442 -0.006600795 0.999971271 0.003734102 -1.508277774 0.004897302 -0.003701813 0.999981105 56.910491943
0.999965847 0.006588782 -0.004986954 0.909215450 -0.006570917 0.999971926 0.003590581 -1.518994808 0.005010468 -0.003557690 0.999981105 57.456653595
0.999965250 0.006828788 -0.004786035 0.911244273 -0.006810517 0.999969423 0.003823565 -1.536165595 0.004811998 -0.003790837 0.999981165 57.981418610
0.999967635 0.006622979 -0.004549901 0.916614234 -0.006606217 0.999971390 0.003689272 -1.548360229 0.004574208 -0.003659094 0.999982834 58.516136169
0.999967158 0.006299414 -0.005120825 0.923380733 -0.006279905 0.999972939 0.003817104 -1.561433554 0.005144733 -0.003784820 0.999979556 59.052726746
0.999965847 0.006567718 -0.005019209 0.925256610 -0.006547959 0.999970794 0.003943117 -1.578033686 0.005044961 -0.003910117 0.999979615 59.589420319
0.999968231 0.006168507 -0.005052901 0.929188609 -0.006150375 0.999974608 0.003595910 -1.591098905 0.005074955 -0.003564717 0.999980748 60.123607635
0.999962986 0.007110239 -0.004835947 0.927794397 -0.007091822 0.999967575 0.003814971 -1.603557229 0.004862917 -0.003780534 0.999981046 60.668342590
0.999963343 0.007046679 -0.004857810 0.931254625 -0.007028282 0.999968112 0.003793925 -1.620123863 0.004884392 -0.003759644 0.999980986 61.200420380
0.999967515 0.006628371 -0.004586794 0.933047056 -0.006611032 0.999970973 0.003784970 -1.627717853 0.004611748 -0.003754524 0.999982238 61.736656189
0.999966800 0.006757664 -0.004554623 0.934645712 -0.006740053 0.999969721 0.003871393 -1.647754431 0.004580647 -0.003840566 0.999982119 62.263164520
0.999966860 0.007138146 -0.003900411 0.932128131 -0.007123043 0.999967277 0.003872042 -1.662527919 0.003927923 -0.003844131 0.999984920 62.800586700
0.999965549 0.007309314 -0.003924047 0.938247204 -0.007293770 0.999965549 0.003960763 -1.675770998 0.003952859 -0.003932006 0.999984443 63.334022522
0.999963224 0.007783067 -0.003578536 0.932517588 -0.007770796 0.999963939 0.003430422 -1.689752817 0.003605106 -0.003402489 0.999987662 63.871826172
0.999963820 0.007601087 -0.003814226 0.935134947 -0.007586210 0.999963641 0.003899992 -1.709509850 0.003843732 -0.003870916 0.999985099 64.384651184
0.999962211 0.008131627 -0.003055914 0.926395297 -0.008119967 0.999959767 0.003808571 -1.723715782 0.003086762 -0.003783613 0.999988079 64.921737671
0.999957263 0.008899387 -0.002486800 0.913124204 -0.008889103 0.999951959 0.004116053 -1.738810778 0.002523311 -0.004093772 0.999988377 65.451652527
0.999957681 0.008867035 -0.002442888 0.923566103 -0.008856438 0.999951422 0.004314726 -1.752527714 0.002481027 -0.004292908 0.999987662 65.991119385
0.999962091 0.008124501 -0.003124235 0.943530500 -0.008113307 0.999960601 0.003578756 -1.766764641 0.003153186 -0.003553273 0.999988735 66.530334473
0.999962687 0.007973007 -0.003320027 0.956405938 -0.007959007 0.999959469 0.004208871 -1.796906114 0.003353448 -0.004182290 0.999985635 67.083450317
0.999960184 0.008315568 -0.003245589 0.962177157 -0.008302734 0.999957740 0.003947682 -1.803863525 0.003278279 -0.003920577 0.999986947 67.613258362
0.999961734 0.008206720 -0.003021808 0.970638752 -0.008195244 0.999959230 0.003790732 -1.816854239 0.003052796 -0.003765823 0.999988258 68.159614563
0.999962449 0.008134842 -0.002984993 0.978835523 -0.008123441 0.999959767 0.003811400 -1.834400892 0.003015878 -0.003787009 0.999988258 68.699089050
0.999960840 0.008134970 -0.003524480 0.988813102 -0.008121451 0.999959588 0.003833555 -1.847757459 0.003555524 -0.003804781 0.999986470 69.228111267
0.999958932 0.008457229 -0.003253542 1.001582265 -0.008445200 0.999957502 0.003693598 -1.865705013 0.003284642 -0.003665970 0.999987900 69.768714905
0.999959707 0.008413765 -0.003122835 1.008056164 -0.008402655 0.999958396 0.003554304 -1.877763391 0.003152611 -0.003527921 0.999988854 70.324821472
0.999965310 0.007576630 -0.003468151 1.023469329 -0.007563087 0.999963701 0.003901365 -1.896191955 0.003497584 -0.003875000 0.999986351 70.840072632
0.999964535 0.007668140 -0.003489040 1.034519553 -0.007653882 0.999962389 0.004081914 -1.912890792 0.003520209 -0.004055064 0.999985576 71.370765686
0.999965429 0.007542313 -0.003492219 1.047751546 -0.007528144 0.999963462 0.004052579 -1.929059267 0.003522655 -0.004026149 0.999985635 71.903457642
0.999965370 0.007515815 -0.003576514 1.053515434 -0.007502183 0.999964714 0.003809578 -1.942743421 0.003605019 -0.003782614 0.999986351 72.444709778
0.999965131 0.007570109 -0.003531634 1.062630177 -0.007556924 0.999964476 0.003732203 -1.953924894 0.003559762 -0.003705385 0.999986827 72.982093811
0.999959946 0.008174415 -0.003639217 1.064353108 -0.008159505 0.999958396 0.004093379 -1.966922998 0.003672528 -0.004063522 0.999985039 73.531364441
0.999965072 0.007476351 -0.003723172 1.084999919 -0.007462360 0.999965072 0.003757722 -1.979432940 0.003751136 -0.003729807 0.999985933 74.043685913
0.999959826 0.008273842 -0.003431618 1.090058565 -0.008261262 0.999959171 0.003663894 -1.989501476 0.003461794 -0.003635398 0.999987364 74.581977844
0.999959230 0.008399361 -0.003319336 1.099463463 -0.008386477 0.999957323 0.003876546 -2.008902550 0.003351754 -0.003848550 0.999987006 75.116386414
0.999960482 0.008308180 -0.003136829 1.109313846 -0.008297118 0.999959290 0.003522839 -2.023421049 0.003165970 -0.003496674 0.999988854 75.660453796
0.999956131 0.008877845 -0.002960900 1.113464713 -0.008867756 0.999954879 0.003402920 -2.033095360 0.002990978 -0.003376514 0.999989808 76.199127197
0.999960065 0.008369722 -0.003107651 1.128448486 -0.008359606 0.999959767 0.003253782 -2.046829462 0.003134760 -0.003227673 0.999989808 76.741935730
0.999957204 0.008672042 -0.003196831 1.135937929 -0.008661413 0.999956965 0.003323724 -2.061345100 0.003225517 -0.003295894 0.999989390 77.271171570
0.999961853 0.008033131 -0.003433812 1.140339851 -0.008020854 0.999961376 0.003574596 -2.075552940 0.003462393 -0.003546917 0.999987721 77.799484253
0.999960840 0.008197877 -0.003341861 1.153549910 -0.008187102 0.999961197 0.003225368 -2.091302872 0.003368172 -0.003197882 0.999989212 78.326080322
0.999954045 0.009092002 -0.003058169 1.161729097 -0.009082184 0.999953568 0.003209465 -2.103423119 0.003087207 -0.003181542 0.999990165 78.873962402
0.999959767 0.008360544 -0.003252686 1.172551870 -0.008350595 0.999960423 0.003060331 -2.111140728 0.003278144 -0.003033046 0.999989986 79.409782410
0.999961913 0.007972134 -0.003548003 1.188781619 -0.007960992 0.999963343 0.003143742 -2.124873638 0.003572936 -0.003115376 0.999988735 79.940383911
0.999963403 0.008210267 -0.002409067 1.193678260 -0.008202254 0.999960840 0.003317537 -2.138526678 0.002436211 -0.003297656 0.999991596 80.478965759
0.999958694 0.009049499 -0.000976985 1.206954122 -0.009046620 0.999954820 0.002914366 -2.149650097 0.001003315 -0.002905407 0.999995232 81.023124695
0.999964297 0.008439853 -0.000157639 1.228091121 -0.008439352 0.999959946 0.002950556 -2.163766623 0.000182535 -0.002949121 0.999995649 81.580017090
0.999968767 0.007853027 0.000896038 1.236457586 -0.007855272 0.999965966 0.002529539 -2.167062283 -0.000876143 -0.002536499 0.999996364 82.092254639
0.999945939 0.009465165 0.004297950 1.257167578 -0.009478553 0.999950230 0.003105181 -2.187645912 -0.004268345 -0.003145752 0.999985933 82.615814209
0.999928474 0.008851252 0.008039446 1.275094151 -0.008874813 0.999956369 0.002899831 -2.189038992 -0.008013428 -0.002970973 0.999963403 83.179077148
0.999905407 0.008399914 0.010892779 1.298280954 -0.008430751 0.999960601 0.002788100 -2.204952955 -0.010868929 -0.002879671 0.999936759 83.721870422
0.999847770 0.008802514 0.015060882 1.326868773 -0.008849381 0.999956191 0.003047959 -2.219184875 -0.015033393 -0.003180775 0.999881864 84.259445190
0.999740660 0.008548020 0.021105081 1.360234618 -0.008607908 0.999959171 0.002748315 -2.229842901 -0.021080727 -0.002929272 0.999773502 84.812469482
0.999594510 0.008570977 0.027155260 1.384003282 -0.008638239 0.999959886 0.002360671 -2.233275890 -0.027133932 -0.002594287 0.999628425 85.379737854
0.999407053 0.009059951 0.033217721 1.420281172 -0.009156335 0.999954224 0.002750590 -2.259711742 -0.033191279 -0.003053112 0.999444485 85.914939880
0.999094367 0.009286453 0.041523684 1.452827454 -0.009402467 0.999952376 0.002599472 -2.266667366 -0.041497566 -0.002987543 0.999134123 86.448112488
0.998732328 0.008363636 0.049635883 1.506923914 -0.008475404 0.999961972 0.002041719 -2.276517153 -0.049616914 -0.002459815 0.998765290 87.010467529
0.998354852 0.008058028 0.056768954 1.539682627 -0.008201418 0.999963880 0.002293316 -2.290123940 -0.056748409 -0.002755129 0.998384714 87.531967163
0.997765541 0.009620931 0.066118173 1.597199440 -0.009818337 0.999948204 0.002661350 -2.310795307 -0.066089161 -0.003304573 0.997808397 88.076293945
0.997066796 0.008763175 0.076032676 1.665613651 -0.008951250 0.999957681 0.002133169 -2.319170475 -0.076010756 -0.002807500 0.997102976 88.613929749
0.996383190 0.008019011 0.084594212 1.726193905 -0.008229815 0.999963820 0.002143511 -2.331730127 -0.084573954 -0.002831952 0.996413291 89.157661438
0.995734274 0.007764102 0.091939740 1.793262005 -0.007966023 0.999966621 0.001829449 -2.342810392 -0.091922462 -0.002554040 0.995762885 89.703834534
0.994813442 0.007324911 0.101452239 1.886013031 -0.007525862 0.999970376 0.001598130 -2.361399412 -0.101437539 -0.002353356 0.994839072 90.223411560
0.993657827 0.007718081 0.112180859 1.962833405 -0.007966210 0.999966741 0.001763793 -2.371549368 -0.112163506 -0.002646263 0.993686259 90.775886536
0.992630839 0.006924311 0.120979451 2.055238724 -0.007149630 0.999973357 0.001428486 -2.385286331 -0.120966323 -0.002282918 0.992653906 91.304222107
0.991121709 0.006485395 0.132799312 2.152082443 -0.006725181 0.999976456 0.001357168 -2.393767834 -0.132787392 -0.002238218 0.991142035 91.851058960
0.989357889 0.006453968 0.145358950 2.247561455 -0.006666083 0.999977291 0.000972219 -2.407384872 -0.145349368 -0.001930848 0.989378512 92.391067505
0.987761319 0.006058596 0.155855253 2.353497505 -0.006220645 0.999980569 0.000552016 -2.419847965 -0.155848876 -0.001514780 0.987779677 92.934089661
0.986038148 0.006106489 0.166407540 2.471028328 -0.006335517 0.999979675 0.000845504 -2.436418056 -0.166398957 -0.001887978 0.986056685 93.456207275
0.983924329 0.005802093 0.178491861 2.591975212 -0.006211171 0.999979198 0.001733139 -2.455767632 -0.178478092 -0.002813921 0.983939946 93.992004395
0.981502295 0.005437039 0.191372916 2.721571922 -0.005730496 0.999983013 0.000980017 -2.470808983 -0.191364378 -0.002058551 0.981516898 94.552268982
0.979472518 0.004964076 0.201516777 2.849512100 -0.005239718 0.999986053 0.000834447 -2.489382744 -0.201509744 -0.001873210 0.979484737 95.068374634
0.976790905 0.005191114 0.214132696 2.992073059 -0.005527100 0.999984264 0.000970371 -2.508494377 -0.214124277 -0.002131382 0.976804197 95.597824097
0.973780572 0.003819085 0.227457508 3.142932892 -0.004077701 0.999991536 0.000667083 -2.516613960 -0.227452993 -0.001577096 0.973787725 96.118087769
0.970983446 0.004370608 0.239106804 3.278724670 -0.004687346 0.999988854 0.000756048 -2.533258200 -0.239100799 -0.001854887 0.970992982 96.633995056
0.968183219 0.004287005 0.250205696 3.434522629 -0.004620254 0.999989033 0.000744562 -2.549044609 -0.250199765 -0.001876886 0.968192399 97.159156799
0.964565814 0.004378108 0.263806045 3.605669022 -0.004734549 0.999988556 0.000715399 -2.565330982 -0.263799906 -0.001939052 0.964575469 97.664321899
0.961090386 0.003674921 0.276209861 3.779216766 -0.003865760 0.999992490 0.000146448 -2.582067251 -0.276207238 -0.001208510 0.961097300 98.190208435
0.957738817 0.003456596 0.287618518 3.957626343 -0.003779258 0.999992669 0.000566624 -2.598413706 -0.287614524 -0.001629662 0.957744896 98.709861755
0.953440070 0.003628046 0.301560789 4.147430420 -0.003955524 0.999992073 0.000475318 -2.613744974 -0.301556706 -0.001646018 0.953446805 99.225799561
0.948924959 0.002947910 0.315488040 4.344366074 -0.003334166 0.999994218 0.000684592 -2.632367611 -0.315484136 -0.001701516 0.948929310 99.738952637
0.945053458 0.002900302 0.326902807 4.550352097 -0.003158764 0.999994993 0.000259750 -2.644959927 -0.326900363 -0.001278087 0.945057929 100.253921509
0.940485537 0.002296969 0.339826018 4.749187469 -0.002699752 0.999996126 0.000712476 -2.661206722 -0.339823097 -0.001587519 0.940488040 100.752922058
0.935211241 0.002314382 0.354082644 4.962850571 -0.002829714 0.999995589 0.000937658 -2.677392483 -0.354078948 -0.001878861 0.935213625 101.260932922
0.930441737 0.001358543 0.366437346 5.190065384 -0.001500686 0.999998868 0.000103046 -2.684973717 -0.366436779 -0.000645785 0.930442691 101.769935608
0.925749958 0.000663993 0.378135651 5.419595718 -0.001148747 0.999998808 0.001056393 -2.723678589 -0.378134519 -0.001412338 0.925749540 102.231773376
0.920826197 -0.000524030 0.389972717 5.665729523 0.000028731 0.999999166 0.001275917 -2.740542173 -0.389973074 -0.001163693 0.920825541 102.710784912
0.914386749 0.000416945 0.404841572 5.914569855 -0.001118423 0.999998271 0.001496207 -2.753832340 -0.404840231 -0.001820896 0.914385617 103.238777161
0.909541190 -0.000505515 0.415613443 6.160953522 0.000134077 0.999999583 0.000922890 -2.760691881 -0.415613711 -0.000783683 0.909540832 103.727432251
0.903865457 -0.000632985 0.427816391 6.420063019 0.000270159 0.999999464 0.000908794 -2.785291910 -0.427816719 -0.000705850 0.903865218 104.205101013
0.897326052 -0.000285685 0.441368192 6.677181244 -0.000352681 0.999998927 0.001364291 -2.798443556 -0.441368163 -0.001379876 0.897325158 104.693321228
0.891289592 -0.001258215 0.453432679 6.940074921 0.000976115 0.999999166 0.000856163 -2.817929745 -0.453433365 -0.000320486 0.891290128 105.144668579
0.885668099 -0.002052205 0.464314461 7.217803955 0.001865279 0.999997854 0.000861879 -2.829547882 -0.464315295 0.000102737 0.885670006 105.619781494
0.878356576 -0.002279941 0.478000402 7.513549805 0.001812129 0.999997318 0.001439829 -2.848801613 -0.478002369 -0.000398485 0.878358424 106.109169006
