1.000000000 0.000000000 0.000000000 0.000000000 0.000000000 1.000000000 0.000000000 0.000000000 0.000000000 0.000000000 1.000000000 0.000000000
1.000000000 0.000044500 0.000137276 -0.000877233 -0.000044503 1.000000000 0.000022008 -0.000132165 -0.000137275 -0.000022014 1.000000000 -0.000177761
1.000000000 0.000125724 0.000152704 -0.001540546 -0.000125731 1.000000000 0.000047592 0.000784248 -0.000152698 -0.000047611 1.000000000 0.001593399
1.000000000 0.000165909 -0.000021553 0.000209827 -0.000165906 1.000000000 0.000143132 -0.001074285 0.000021577 -0.000143129 1.000000000 -0.000409311
0.999999940 0.000237444 0.000140760 -0.001104506 -0.000237457 0.999999940 0.000095377 -0.000216634 -0.000140737 -0.000095411 1.000000000 0.000141229
1.000000000 -0.000020530 0.000012063 -0.000556524 0.000020529 1.000000000 0.000074646 -0.000239322 -0.000012065 -0.000074646 1.000000000 -0.000748966
1.000000000 0.000050740 0.000141681 -0.002268669 -0.000050737 1.000000000 -0.000014574 0.001333082 -0.000141682 0.000014567 1.000000000 0.003637314
1.000000000 -0.000027003 0.000178982 -0.001493599 0.000026994 1.000000000 0.000051128 0.001027556 -0.000178983 -0.000051123 1.000000000 0.003093472
1.000000000 -0.000033720 0.000148493 -0.001429862 0.000033724 1.000000000 -0.000026787 0.001152427 -0.000148493 0.000026792 1.000000000 0.002679502
1.000000000 -0.000059773 0.000199464 -0.001095520 0.000059768 1.000000000 0.000024959 0.000231162 -0.000199466 -0.000024947 1.000000000 0.000161834
0.999999940 -0.000160216 0.000195640 -0.000881263 0.000160216 1.000000000 0.000000606 0.001443277 -0.000195640 -0.000000574 1.000000000 0.002457961
1.000000000 -0.000030878 0.000080219 -0.000234234 0.000030873 1.000000000 0.000066420 -0.000210973 -0.000080221 -0.000066418 1.000000000 0.000616326
1.000000000 0.000022691 0.000147038 -0.001436603 -0.000022690 1.000000000 -0.000005696 0.001682280 -0.000147038 0.000005693 1.000000000 0.004140715
0.999999940 -0.000050407 0.000269897 -0.002482474 0.000050371 1.000000000 0.000133132 0.001036508 -0.000269904 -0.000133119 0.999999940 0.003941921
1.000000000 0.000009399 0.000163028 -0.002154044 -0.000009412 1.000000000 0.000074606 0.001131683 -0.000163027 -0.000074607 1.000000000 0.003527216
1.000000000 0.000112595 0.000086430 -0.001181188 -0.000112602 1.000000000 0.000091050 0.000213569 -0.000086420 -0.000091060 1.000000000 0.001516434
1.000000000 -0.000056701 0.000119067 -0.002016873 0.000056693 1.000000000 0.000068069 0.000728581 -0.000119071 -0.000068062 1.000000000 0.003207303
0.999999940 0.000205461 0.000335240 -0.003231483 -0.000205483 1.000000000 0.000066531 0.001245133 -0.000335227 -0.000066600 0.999999940 0.004614851
0.999999940 0.000177983 0.000269674 -0.003053434 -0.000178002 1.000000000 0.000071453 0.000532560 -0.000269661 -0.000071501 0.999999940 0.003055900
0.999999940 0.000202767 0.000169408 -0.002041825 -0.000202784 1.000000000 0.000103071 0.000600959 -0.000169387 -0.000103106 1.000000000 0.003390169
0.999999881 0.000367204 0.000301044 -0.003123593 -0.000367261 0.999999940 0.000191291 0.000457954 -0.000300974 -0.000191401 0.999999940 0.003716453
0.999999821 0.000502122 0.000354310 -0.003176750 -0.000502162 0.999999881 0.000113273 -0.000056553 -0.000354253 -0.000113451 0.999999940 0.001558860
0.999999940 0.000110313 0.000236771 -0.002461680 -0.000110343 1.000000000 0.000128552 0.000305496 -0.000236757 -0.000128578 0.999999940 0.002467248
0.999999940 0.000106091 0.000310580 -0.001626937 -0.000106127 1.000000000 0.000118518 -0.000361350 -0.000310567 -0.000118551 0.999999940 0.001626583
1.000000000 0.000068062 0.000225265 -0.002231639 -0.000068060 1.000000000 -0.000009594 0.000911183 -0.000225265 0.000009579 1.000000000 0.001116102
1.000000000 0.000012105 0.000188263 -0.000326877 -0.000012098 1.000000000 -0.000032976 0.001093672 -0.000188264 0.000032974 1.000000000 0.001025250
0.999999940 0.000061212 0.000270625 -0.001691059 -0.000061243 1.000000000 0.000113609 -0.000246749 -0.000270619 -0.000113625 0.999999940 0.000640863
0.999999940 0.000047806 0.000244525 -0.001200269 -0.000047814 1.000000000 0.000033539 0.000722834 -0.000244523 -0.000033551 0.999999940 0.001663007
0.999999940 0.000201631 0.000343526 -0.003517862 -0.000201598 1.000000000 -0.000095792 0.002145525 -0.000343545 0.000095723 0.999999940 0.003257073
0.999999940 0.000096476 0.000268011 -0.003442283 -0.000096471 1.000000000 -0.000017694 0.002175397 -0.000268013 0.000017669 0.999999940 0.004254245
0.999999940 0.000174270 0.000333635 -0.002993320 -0.000174296 1.000000000 0.000075413 0.001004783 -0.000333622 -0.000075471 0.999999940 0.002954786
0.999999940 0.000094673 0.000298073 -0.002251906 -0.000094715 1.000000000 0.000141549 0.000280292 -0.000298059 -0.000141577 0.999999940 0.001511147
0.999999881 0.000242559 0.000381895 -0.003843185 -0.000242567 1.000000000 0.000019149 0.001675121 -0.000381891 -0.000019241 0.999999940 0.003642222
0.999999881 0.000233047 0.000435506 -0.003151583 -0.000233064 1.000000000 0.000039193 0.000979697 -0.000435497 -0.000039294 0.999999881 0.002469535
0.999999940 0.000143538 0.000256377 -0.000921314 -0.000143576 1.000000000 0.000145240 -0.000494144 -0.000256356 -0.000145277 0.999999940 0.000175893
0.999999940 0.000273679 0.000250236 -0.002818615 -0.000273663 0.999999940 -0.000064407 0.003414960 -0.000250254 0.000064339 0.999999940 0.006449384
0.999999940 0.000187179 0.000304140 -0.003402469 -0.000187159 1.000000000 -0.000067900 0.004373229 -0.000304152 0.000067843 0.999999940 0.007012535
0.999999940 -0.000108024 0.000247807 -0.001027214 0.000108012 1.000000000 0.000048522 0.001195144 -0.000247812 -0.000048495 0.999999940 0.002727845
0.999999940 0.000148323 0.000297972 -0.002864228 -0.000148348 1.000000000 0.000081483 0.001976632 -0.000297960 -0.000081528 0.999999940 0.004977445
1.000000000 -0.000038145 0.000231852 -0.001232117 0.000038129 1.000000000 0.000068051 0.001319157 -0.000231855 -0.000068042 1.000000000 0.002780188
0.999999881 0.000090679 0.000439543 -0.002896616 -0.000090674 1.000000000 -0.000010874 0.001608902 -0.000439544 0.000010834 0.999999881 0.004716483
0.999999940 -0.000209975 0.000260618 -0.000160940 0.000210200 0.999999583 -0.000860315 0.001296145 -0.000260437 0.000860370 0.999999583 0.055095609
0.999999881 0.000271164 0.000354058 -0.001398451 -0.000270776 0.999999344 -0.001093540 -0.005999939 -0.000354354 0.001093444 0.999999344 0.132947385
0.999999940 0.000225788 0.000103491 0.002843166 -0.000225611 0.999998510 -0.001707917 -0.002937352 -0.000103876 0.001707893 0.999998510 0.255852878
0.999999940 0.000256987 0.000050367 0.005085346 -0.000256925 0.999999225 -0.001220592 -0.011801686 -0.000050680 0.001220579 0.999999225 0.386348426
1.000000000 0.000163114 0.000141121 0.008584415 -0.000162975 0.999999523 -0.000984417 -0.016938299 -0.000141282 0.000984394 0.999999523 0.524749994
0.999999940 0.000369095 0.000109993 0.012623117 -0.000368997 0.999999523 -0.000894277 -0.024961086 -0.000110323 0.000894236 0.999999583 0.667130589
0.999999881 0.000370451 0.000360686 0.015887197 -0.000370091 0.999999464 -0.000996238 -0.024320265 -0.000361054 0.000996104 0.999999464 0.839756012
1.000000000 0.000192579 0.000127939 0.017622791 -0.000192483 0.999999702 -0.000746935 -0.027608434 -0.000128082 0.000746910 0.999999702 1.015655041
1.000000000 0.000035567 0.000040223 0.022087006 -0.000035550 0.999999881 -0.000436796 -0.033140421 -0.000040239 0.000436795 0.999999881 1.192712665
0.999999821 0.000491436 0.000362274 0.016388316 -0.000491197 0.999999642 -0.000660541 -0.033399809 -0.000362599 0.000660363 0.999999702 1.369737506
0.999999940 0.000273852 0.000242132 0.035717711 -0.000273811 0.999999940 -0.000169381 -0.050081346 -0.000242178 0.000169315 0.999999940 1.565795779
0.999999821 0.000502807 0.000390364 0.036035221 -0.000502740 0.999999881 -0.000173634 -0.052013531 -0.000390451 0.000173437 0.999999881 1.758657455
1.000000000 0.000041050 -0.000172903 0.043538626 -0.000041134 0.999999881 -0.000488643 -0.052278206 0.000172883 0.000488651 0.999999881 1.954797745
0.999999642 0.000676269 0.000499388 0.040510014 -0.000676260 0.999999762 -0.000019206 -0.069038503 -0.000499401 0.000018868 0.999999881 2.156565189
0.999998033 0.002032234 0.000049291 0.051139876 -0.002032173 0.999997199 -0.001210777 -0.068146974 -0.000051751 0.001210674 0.999999285 2.384485483
0.999997139 0.002383549 -0.000098537 0.062168840 -0.002383647 0.999996662 -0.001008849 -0.077212296 0.000096132 0.001009081 0.999999523 2.597374439
0.999997258 0.002336852 0.000199482 0.057854883 -0.002336643 0.999996722 -0.001039321 -0.082783937 -0.000201910 0.001038852 0.999999464 2.832424879
0.999997914 0.002033758 -0.000169473 0.066280790 -0.002033898 0.999997556 -0.000828541 -0.089033224 0.000167787 0.000828884 0.999999642 3.068869352
0.999998212 0.001874642 -0.000154597 0.067363411 -0.001874849 0.999997258 -0.001349460 -0.089830011 0.000152066 0.001349747 0.999999046 3.308790445
0.999997377 0.002284162 0.000131361 0.071624704 -0.002284051 0.999997020 -0.000840095 -0.104106233 -0.000133280 0.000839793 0.999999642 3.553020477
0.999997377 0.002296236 0.000074318 0.077760026 -0.002296146 0.999996662 -0.001179014 -0.105634093 -0.000077025 0.001178840 0.999999285 3.803158045
0.999996841 0.002510705 0.000313601 0.079369366 -0.002510242 0.999995768 -0.001469424 -0.109879300 -0.000317289 0.001468632 0.999998808 4.069458008
0.999996543 0.002587575 0.000470918 0.084576920 -0.002587119 0.999996126 -0.000965553 -0.121111594 -0.000473415 0.000964332 0.999999404 4.319217205
0.999996543 0.002598734 0.000388714 0.086854577 -0.002598295 0.999996006 -0.001124826 -0.126485795 -0.000391636 0.001123812 0.999999285 4.576585293
0.999995828 0.002888138 0.000157055 0.101036631 -0.002887942 0.999995053 -0.001233382 -0.130875096 -0.000160617 0.001232923 0.999999225 4.833962917
0.999996543 0.002631164 -0.000038185 0.106599934 -0.002631202 0.999995947 -0.001040252 -0.137642190 0.000035447 0.001040349 0.999999464 5.095776081
0.999996424 0.002655229 0.000189719 0.108607255 -0.002654912 0.999994993 -0.001652794 -0.141936406 -0.000194107 0.001652284 0.999998569 5.358294487
0.999996066 0.002792444 0.000385838 0.116485573 -0.002791949 0.999995232 -0.001278652 -0.153919145 -0.000389407 0.001277569 0.999999046 5.625665665
0.999997377 0.002260837 0.000077834 0.122904643 -0.002260751 0.999996841 -0.001089176 -0.163647652 -0.000080297 0.001088997 0.999999404 5.890967369
0.999997616 0.002186198 -0.000078491 0.130529672 -0.002186263 0.999997199 -0.000842687 -0.174416825 0.000076648 0.000842856 0.999999642 6.168194294
0.999996960 0.002446933 0.000144013 0.134937003 -0.002446794 0.999996483 -0.000954354 -0.181600496 -0.000146348 0.000953998 0.999999523 6.449304581
0.999996901 0.002385630 0.000551804 0.139348894 -0.002385258 0.999996901 -0.000673064 -0.194493696 -0.000553409 0.000671746 0.999999583 6.729032993
0.999996901 0.002494040 0.000174594 0.146570459 -0.002493881 0.999996483 -0.000908369 -0.202671453 -0.000176859 0.000907930 0.999999523 7.039803505
0.999997258 0.002342921 0.000202216 0.152881876 -0.002342693 0.999996603 -0.001125076 -0.208396688 -0.000204851 0.001124599 0.999999344 7.338768005
0.999998033 0.002001143 0.000197003 0.165007561 -0.002000917 0.999997377 -0.001138239 -0.222987562 -0.000199280 0.001137843 0.999999285 7.642915249
0.999997616 0.002160100 0.000264867 0.171727046 -0.002160002 0.999997556 -0.000369492 -0.237503409 -0.000265665 0.000368919 0.999999940 7.944183350
0.999997079 0.002401421 0.000031273 0.172581196 -0.002401395 0.999996781 -0.000788489 -0.241001874 -0.000033167 0.000788412 0.999999642 8.295224190
0.999996722 0.002551342 0.000171002 0.181988612 -0.002551194 0.999996305 -0.000858444 -0.253932834 -0.000173191 0.000858005 0.999999583 8.615839005
0.999997914 0.002037832 0.000381272 0.189295873 -0.002037562 0.999997616 -0.000707219 -0.262971222 -0.000382712 0.000706441 0.999999702 8.950600624
0.999996901 0.002464038 0.000338340 0.195602119 -0.002463869 0.999996841 -0.000499983 -0.277246982 -0.000339571 0.000499148 0.999999821 9.289303780
0.999996424 0.002560626 0.000834846 0.196344361 -0.002560428 0.999996662 -0.000238144 -0.283261895 -0.000835453 0.000236006 0.999999642 9.620419502
0.999997199 0.002341443 0.000281461 0.206760481 -0.002341462 0.999997199 0.000066239 -0.302836269 -0.000281305 -0.000066897 0.999999940 9.967565536
0.999997556 0.002143805 0.000606586 0.214243740 -0.002144114 0.999997675 0.000507985 -0.315863580 -0.000605496 -0.000509284 0.999999642 10.324574471
0.999996781 0.002441652 0.000649881 0.222909689 -0.002442054 0.999996781 0.000617514 -0.328724414 -0.000648371 -0.000619099 0.999999642 10.676144600
0.999998748 0.001504907 0.000469309 0.232876718 -0.001505095 0.999998868 0.000399540 -0.333512753 -0.000468707 -0.000400246 0.999999821 11.047163963
0.999996424 0.002233287 0.001538045 0.216965735 -0.002232625 0.999997437 -0.000432264 -0.342188179 -0.001539007 0.000428828 0.999998689 11.421868324
0.999996364 0.002337660 0.001359118 0.231806666 -0.002337669 0.999997258 0.000005072 -0.353465676 -0.001359103 -0.000008249 0.999999106 11.797478676
0.999996722 0.002013988 0.001568210 0.236279070 -0.002013910 0.999997973 -0.000051389 -0.366585106 -0.001568310 0.000048230 0.999998748 12.189375877
0.999996662 0.002238535 0.001298253 0.244438246 -0.002238294 0.999997497 -0.000186802 -0.375049978 -0.001298668 0.000183895 0.999999166 12.573489189
0.999995768 0.002614585 0.001312272 0.250194520 -0.002614398 0.999996603 -0.000144532 -0.385149837 -0.001312645 0.000141100 0.999999166 12.974135399
0.999995708 0.002496544 0.001528572 0.255270630 -0.002496166 0.999996841 -0.000248931 -0.395204633 -0.001529189 0.000245114 0.999998808 13.373441696
0.999995112 0.002312585 0.002060852 0.263208121 -0.002312223 0.999997318 -0.000177836 -0.402782261 -0.002061258 0.000173070 0.999997914 13.786777496
0.999995887 0.002016702 0.002050104 0.269960463 -0.002016430 0.999997973 -0.000134711 -0.417544514 -0.002050372 0.000130577 0.999997914 14.193346977
0.999995828 0.001997208 0.002123078 0.284862876 -0.001997271 0.999998033 0.000027314 -0.432269663 -0.002123019 -0.000031554 0.999997795 14.607213974
0.999995828 0.001813372 0.002245408 0.291546226 -0.001814507 0.999998212 0.000503130 -0.448362321 -0.002244492 -0.000507202 0.999997377 15.049721718
0.999995053 0.001677265 0.002651306 0.303275853 -0.001678214 0.999998510 0.000355647 -0.459451258 -0.002650706 -0.000360094 0.999996424 15.481010437
0.999994218 0.001660212 0.002947541 0.313908696 -0.001660600 0.999998629 0.000129350 -0.469108522 -0.002947322 -0.000134243 0.999995649 15.919369698
0.999993384 0.001691447 0.003212791 0.324880034 -0.001692347 0.999998450 0.000277521 -0.481333464 -0.003212317 -0.000282956 0.999994814 16.360797882
0.999991298 0.002074615 0.003616184 0.331893235 -0.002074587 0.999997854 -0.000011529 -0.491883665 -0.003616201 0.000004027 0.999993443 16.806383133
0.999990582 0.001791504 0.003932641 0.343310475 -0.001792201 0.999998391 0.000173895 -0.506186843 -0.003932324 -0.000180942 0.999992251 17.259096146
0.999989688 0.001777838 0.004201882 0.353771925 -0.001778988 0.999998391 0.000270085 -0.517776787 -0.004201395 -0.000277557 0.999991119 17.718778610
0.999988616 0.001531233 0.004507907 0.364816606 -0.001531770 0.999998808 0.000115599 -0.527763426 -0.004507725 -0.000122502 0.999989808 18.181552887
0.999987364 0.002128294 0.004586263 0.382031918 -0.002127748 0.999997735 -0.000123997 -0.537935734 -0.004586513 0.000114237 0.999989450 18.658285141
0.999984801 0.002023960 0.005143052 0.391461104 -0.002024806 0.999997973 0.000159201 -0.550278544 -0.005142718 -0.000169612 0.999986768 19.133241653
0.999984443 0.002011179 0.005193871 0.402949601 -0.002008656 0.999997854 -0.000491013 -0.560049653 -0.005194849 0.000480573 0.999986351 19.624517441
0.999984860 0.001877869 0.005168405 0.414889961 -0.001874939 0.999998093 -0.000571715 -0.570036292 -0.005169470 0.000562016 0.999986529 20.109830856
0.999981463 0.002503176 0.005549441 0.422002047 -0.002500549 0.999996781 -0.000480108 -0.585429966 -0.005550625 0.000466223 0.999984503 20.596736908
0.999986172 0.002190273 0.004775828 0.440123707 -0.002188791 0.999997556 -0.000315623 -0.602971792 -0.004776509 0.000305165 0.999988496 21.095645905
0.999986112 0.002474375 0.004650498 0.444321156 -0.002470143 0.999996603 -0.000915290 -0.607178688 -0.004652747 0.000903789 0.999988735 21.613336563
0.999983490 0.001981496 0.005393762 0.439480692 -0.001979527 0.999997973 -0.000370404 -0.626009524 -0.005394485 0.000359721 0.999985337 22.120824814
0.999991834 0.002092695 0.003449823 0.470825791 -0.002093117 0.999997795 0.000118733 -0.649157166 -0.003449567 -0.000125953 0.999994040 22.621532440
0.999992728 0.002209725 0.003084766 0.481603086 -0.002210117 0.999997497 0.000123766 -0.664319694 -0.003084484 -0.000130583 0.999995232 23.138198853
0.999991953 0.002688206 0.002988384 0.485494316 -0.002687108 0.999996305 -0.000371261 -0.680346549 -0.002989372 0.000363228 0.999995470 23.668960571
0.999996305 0.001770932 0.002052517 0.497563303 -0.001769619 0.999998212 -0.000641223 -0.698486328 -0.002053649 0.000637588 0.999997675 24.203771591
0.999994814 0.002654157 0.001830352 0.503574193 -0.002654139 0.999996483 -0.000012371 -0.713769257 -0.001830378 0.000007513 0.999998271 24.742652893
0.999993086 0.003613493 0.000879038 0.517108262 -0.003613372 0.999993443 -0.000139906 -0.730596185 -0.000879538 0.000136728 0.999999583 25.278125763
0.999994338 0.003319336 0.000641890 0.527850509 -0.003319370 0.999994457 0.000051764 -0.743993759 -0.000641714 -0.000053894 0.999999762 25.820873260
0.999994755 0.003236787 0.000154198 0.534561515 -0.003236819 0.999994695 0.000207551 -0.762210548 -0.000153526 -0.000208049 0.999999940 26.367963791
0.999995708 0.002937198 -0.000179937 0.543889463 -0.002937083 0.999995530 0.000632637 -0.775979638 0.000181794 -0.000632105 0.999999702 26.918457031
0.999996185 0.002696932 0.000647847 0.545022011 -0.002697235 0.999996245 0.000466771 -0.787136614 -0.000646585 -0.000468517 0.999999702 27.473632812
0.999994040 0.003357774 -0.000820887 0.563749671 -0.003357291 0.999994218 0.000588942 -0.809093177 0.000822861 -0.000586183 0.999999404 28.020904541
0.999995172 0.002953931 -0.000931732 0.572425187 -0.002953240 0.999995470 0.000742224 -0.822442949 0.000933921 -0.000739469 0.999999225 28.562887192
0.999994516 0.003312451 -0.000469899 0.580658793 -0.003312137 0.999994338 0.000667657 -0.838365853 0.000472108 -0.000666097 0.999999642 29.096042633
0.999992013 0.003486834 -0.001965004 0.597530425 -0.003484448 0.999993205 0.001216496 -0.859278560 0.001969232 -0.001209639 0.999997318 29.668235779
0.999992013 0.003463226 -0.001997841 0.601866126 -0.003461178 0.999993503 0.001027608 -0.869598329 0.002001387 -0.001020685 0.999997497 30.214328766
0.999990165 0.003928181 -0.002101053 0.610702515 -0.003925839 0.999991715 0.001118062 -0.887478054 0.002105427 -0.001109803 0.999997199 30.771137238
0.999989986 0.003815273 -0.002326946 0.621339023 -0.003813587 0.999992430 0.000728859 -0.900715232 0.002329709 -0.000719977 0.999997020 31.317382812
0.999988616 0.003950920 -0.002670606 0.631363988 -0.003948171 0.999991655 0.001034107 -0.915785134 0.002674670 -0.001023551 0.999995828 31.870229721
0.999988258 0.003821344 -0.002980978 0.645030379 -0.003817396 0.999991894 0.001328989 -0.935763359 0.002986032 -0.001317594 0.999994636 32.420375824
0.999987721 0.004023284 -0.002888251 0.646080971 -0.004020152 0.999991298 0.001089397 -0.944268823 0.002892609 -0.001077773 0.999995172 32.969165802
0.999985278 0.004239279 -0.003382277 0.655530930 -0.004235444 0.999990344 0.001140043 -0.964948833 0.003387077 -0.001125700 0.999993622 33.507553101
0.999986410 0.004195448 -0.003087085 0.660015106 -0.004192824 0.999990821 0.000855620 -0.971906126 0.003090646 -0.000842664 0.999994874 34.076568604
0.999988258 0.003798879 -0.002997311 0.663480222 -0.003796240 0.999992371 0.000885633 -0.987417102 0.003000653 -0.000874244 0.999995112 34.624656677
0.999986589 0.004153561 -0.003098404 0.671767652 -0.004151006 0.999991059 0.000830696 -1.002932310 0.003101826 -0.000817823 0.999994874 35.171489716
0.999987125 0.004424062 -0.002477295 0.672937870 -0.004422267 0.999989986 0.000729374 -1.016272426 0.002480496 -0.000718410 0.999996722 35.720497131
0.999984324 0.005096946 -0.002323389 0.684222996 -0.005093901 0.999986172 0.001314644 -1.044468760 0.002330057 -0.001302788 0.999996543 36.251331329
0.999984980 0.004222762 -0.003470835 0.694883823 -0.004218188 0.999990165 0.001324002 -1.056773901 0.003476392 -0.001309341 0.999993086 36.822776794
0.999984443 0.004495969 -0.003298394 0.703323007 -0.004492384 0.999989271 0.001093456 -1.069067717 0.003303275 -0.001078621 0.999993920 37.371494293
0.999984205 0.004300858 -0.003623170 0.707067788 -0.004296755 0.999990106 0.001139402 -1.087660193 0.003628035 -0.001123816 0.999992788 37.944797516
0.999987185 0.003683812 -0.003464320 0.713989794 -0.003680254 0.999992669 0.001032976 -1.099069595 0.003468099 -0.001020213 0.999993443 38.496852875
0.999984503 0.004109042 -0.003752072 0.717821658 -0.004104126 0.999990702 0.001317006 -1.119729400 0.003757449 -0.001301587 0.999992073 39.061790466
0.999984682 0.004103751 -0.003730884 0.729771435 -0.004099477 0.999990940 0.001152740 -1.135416031 0.003735582 -0.001137428 0.999992371 39.607566833
0.999981999 0.005039262 -0.003254111 0.737126946 -0.005035060 0.999986470 0.001298104 -1.151384830 0.003260608 -0.001281696 0.999993920 40.160373688
0.999982238 0.004361908 -0.004042606 0.750236392 -0.004355378 0.999989212 0.001622393 -1.168602109 0.004049639 -0.001604757 0.999990523 40.725063324
0.999983847 0.004448823 -0.003508274 0.754718304 -0.004445894 0.999989748 0.000841967 -1.173099875 0.003511984 -0.000826356 0.999993443 41.280956268
0.999982476 0.004878405 -0.003353452 0.765026391 -0.004874006 0.999987245 0.001318897 -1.188679695 0.003359844 -0.001302529 0.999993503 41.823585510
0.999979615 0.004493731 -0.004522230 0.779958904 -0.004487735 0.999989033 0.001334986 -1.210674047 0.004528180 -0.001314664 0.999988794 42.400135040
0.999978781 0.004659719 -0.004546678 0.790451109 -0.004654607 0.999988437 0.001134289 -1.226399899 0.004551912 -0.001113102 0.999988973 42.947563171
0.999979317 0.004798634 -0.004276994 0.803097606 -0.004793292 0.999987721 0.001258259 -1.235035419 0.004282980 -0.001237732 0.999990046 43.485790253
0.999979913 0.004678200 -0.004302540 0.793385744 -0.004671977 0.999988019 0.001455250 -1.252143264 0.004309298 -0.001435120 0.999989629 44.064121246
0.999979436 0.004634114 -0.004438538 0.798754215 -0.004624575 0.999986947 0.002157245 -1.269069672 0.004448477 -0.002136674 0.999987841 44.605091095
0.999978304 0.005813500 -0.003125899 0.795789838 -0.005806433 0.999980509 0.002265263 -1.285974264 0.003139008 -0.002247063 0.999992490 45.154506683
0.999979317 0.005063869 -0.003965680 0.804863453 -0.005059679 0.999986649 0.001065210 -1.283366323 0.003971022 -0.001045123 0.999991536 45.735363007
0.999983370 0.004740517 -0.003273307 0.812557936 -0.004738517 0.999988556 0.000618740 -1.297641277 0.003276204 -0.000603220 0.999994397 46.277782440
0.999983966 0.004298137 -0.003686635 0.826702356 -0.004296967 0.999990702 0.000325127 -1.306198955 0.003687998 -0.000309280 0.999993205 46.823478699
0.999979854 0.004658930 -0.004296314 0.839447260 -0.004653101 0.999988198 0.001366106 -1.326148033 0.004302627 -0.001346087 0.999989867 47.389263153
0.999981523 0.004117482 -0.004461399 0.851187110 -0.004112301 0.999990880 0.001169850 -1.339119315 0.004466175 -0.001151482 0.999989450 47.931049347
0.999977052 0.005480367 -0.003980724 0.850315392 -0.005476976 0.999984682 0.000862362 -1.348579764 0.003985389 -0.000840539 0.999991715 48.493747711
0.999982119 0.004415426 -0.004034004 0.850135803 -0.004411596 0.999989808 0.000957884 -1.360166669 0.004038192 -0.000940071 0.999991417 49.051334381
0.999983788 0.004316453 -0.003711470 0.857513487 -0.004312658 0.999990106 0.001029750 -1.373244762 0.003715878 -0.001013726 0.999992669 49.603164673
0.999983907 0.004562775 -0.003375960 0.864221811 -0.004560987 0.999989510 0.000537292 -1.383188963 0.003378375 -0.000521886 0.999994159 50.159095764
0.999981761 0.004448518 -0.004090124 0.878397942 -0.004444274 0.999989569 0.001046146 -1.409211278 0.004094736 -0.001027950 0.999991000 50.720207214
0.999981046 0.004852532 -0.003806873 0.881778955 -0.004849601 0.999987960 0.000778783 -1.423681498 0.003810606 -0.000760307 0.999992371 51.270824432
0.999983370 0.004394945 -0.003743298 0.889005005 -0.004392470 0.999990106 0.000669309 -1.436814666 0.003746203 -0.000652855 0.999992728 51.824073792
0.999979436 0.004630731 -0.004433857 0.901706100 -0.004626104 0.999988735 0.001053441 -1.459610343 0.004438685 -0.001032908 0.999989629 52.387245178
0.999981046 0.004446303 -0.004255352 0.912568808 -0.004445731 0.999990046 0.000143869 -1.470750928 0.004255949 -0.000124948 0.999990940 52.941986084
0.999983966 0.004121391 -0.003882100 0.913630724 -0.004117305 0.999990940 0.001059905 -1.491490841 0.003886433 -0.001043904 0.999991834 53.484233856
0.999981761 0.004561099 -0.003960876 0.918864489 -0.004556892 0.999989033 0.001070106 -1.506652951 0.003965714 -0.001052037 0.999991596 54.036808014
0.999985218 0.004176700 -0.003483089 0.929883361 -0.004176711 0.999991298 0.000003754 -1.512915730 0.003483075 0.000010794 0.999993980 54.586917877
0.999982238 0.004703579 -0.003659233 0.931145370 -0.004700448 0.999988556 0.000863470 -1.534033179 0.003663252 -0.000846255 0.999992907 55.131088257
0.999982119 0.005042792 -0.003214038 0.933970809 -0.005040276 0.999986947 0.000790327 -1.549321294 0.003217982 -0.000774113 0.999994457 55.686912537
0.999981105 0.004864373 -0.003751201 0.950493574 -0.004860642 0.999987662 0.001003366 -1.563825369 0.003756036 -0.000985114 0.999992490 56.229095459
0.999981701 0.004466598 -0.004073033 0.956678391 -0.004463649 0.999989688 0.000732413 -1.577360511 0.004076263 -0.000714219 0.999991357 56.775127411
0.999982476 0.004186159 -0.004195933 0.980832100 -0.004182373 0.999990821 0.000910593 -1.598499417 0.004199707 -0.000893028 0.999990702 57.303699493
0.999980748 0.004926689 -0.003762248 0.975958228 -0.004923649 0.999987543 0.000817107 -1.607174993 0.003766227 -0.000798567 0.999992549 57.875350952
0.999976873 0.004440464 -0.005159006 0.987769485 -0.004435370 0.999989688 0.000998425 -1.624714613 0.005163386 -0.000975520 0.999986172 58.426372528
0.999980569 0.005102100 -0.003571833 0.988381445 -0.005100110 0.999986827 0.000566580 -1.634894133 0.003574677 -0.000548352 0.999993443 58.962181091
0.999982297 0.004781930 -0.003523695 0.994867682 -0.004781620 0.999988496 0.000096328 -1.643565416 0.003524115 -0.000079478 0.999993801 59.510047913
0.999981105 0.005189903 -0.003307285 1.003184080 -0.005188561 0.999986410 0.000414460 -1.664132833 0.003309391 -0.000397292 0.999994457 60.048519135
0.999980569 0.005057917 -0.003649351 1.012856364 -0.005057388 0.999987125 0.000154439 -1.673612952 0.003650086 -0.000135980 0.999993265 60.586372375
0.999978006 0.005653724 -0.003461982 1.017735839 -0.005650121 0.999983490 0.001049551 -1.692721605 0.003467859 -0.001029967 0.999993384 61.137081146
0.999977767 0.005979577 -0.002955139 1.029268503 -0.005977041 0.999981701 0.000866364 -1.705405474 0.002960266 -0.000848682 0.999995232 61.688434601
0.999980867 0.005617960 -0.002604308 1.028365374 -0.005615800 0.999983847 0.000835974 -1.717096567 0.002608962 -0.000821333 0.999996245 62.220077515
0.999978721 0.005631436 -0.003290326 1.035672307 -0.005631347 0.999984145 0.000036129 -1.734143376 0.003290477 -0.000017599 0.999994576 62.774524689
0.999979675 0.005570632 -0.003103902 1.044388413 -0.005570142 0.999984503 0.000166424 -1.751449347 0.003104781 -0.000149132 0.999995172 63.319480896
0.999979019 0.005852448 -0.002768010 1.038329482 -0.005853916 0.999982715 -0.000522706 -1.758450866 0.002764903 0.000538899 0.999996006 63.886241913
0.999979913 0.005588552 -0.002987507 1.054224610 -0.005587803 0.999984384 0.000258621 -1.782160640 0.002988906 -0.000241922 0.999995530 64.409637451
0.999979496 0.005849587 -0.002629208 1.055849671 -0.005848557 0.999982834 0.000399095 -1.797719955 0.002631497 -0.000383710 0.999996483 64.957199097
0.999979973 0.005516028 -0.003096434 1.073398829 -0.005514198 0.999984741 0.000599156 -1.809552908 0.003099691 -0.000582070 0.999995053 65.494781494
0.999981642 0.005601074 -0.002285998 1.067210913 -0.005600067 0.999984264 0.000446028 -1.819977522 0.002288460 -0.000433218 0.999997318 66.026893616
0.999981284 0.005570192 -0.002523093 1.077628970 -0.005570543 0.999984503 -0.000132396 -1.834190011 0.002522316 0.000146448 0.999996781 66.580192566
0.999981940 0.005466682 -0.002492714 1.083268285 -0.005467669 0.999985039 -0.000389022 -1.843572140 0.002490550 0.000402645 0.999996841 67.133178711
0.999977887 0.006318726 -0.002050968 1.094635487 -0.006318177 0.999979973 0.000273958 -1.868950844 0.002052658 -0.000260993 0.999997854 67.678962708
0.999982119 0.005379748 -0.002594627 1.104791284 -0.005378934 0.999985456 0.000321162 -1.884431362 0.002596317 -0.000307200 0.999996603 68.203598022
0.999978304 0.006034968 -0.002637604 1.115832090 -0.006033223 0.999981523 0.000669538 -1.904615641 0.002641596 -0.000653610 0.999996305 68.742103577
0.999978542 0.006124137 -0.002321964 1.127111197 -0.006123678 0.999981284 0.000204112 -1.920422196 0.002323171 -0.000189888 0.999997258 69.286033630
0.999979913 0.005980919 -0.002103325 1.118309617 -0.005981116 0.999982119 -0.000087005 -1.930793524 0.002102767 0.000099584 0.999997795 69.838630676
0.999980032 0.005950883 -0.002130695 1.131212831 -0.005951371 0.999982297 -0.000221953 -1.943196416 0.002129336 0.000234630 0.999997675 70.383934021
0.999980748 0.006062830 -0.001296738 1.132411838 -0.006062832 0.999981642 0.000001615 -1.962719083 0.001296724 0.000006247 0.999999166 70.926498413
0.999981344 0.005831106 -0.001779565 1.137020826 -0.005832692 0.999982715 -0.000887912 -1.965069771 0.001774357 0.000898275 0.999997973 71.475120544
0.999984026 0.005360808 -0.001767543 1.153405428 -0.005362813 0.999984980 -0.001131900 -1.981499910 0.001761448 0.001141360 0.999997795 72.022903442
0.999981642 0.005738590 -0.001921896 1.164446950 -0.005738355 0.999983549 0.000127441 -2.006347418 0.001922596 -0.000116410 0.999998152 72.570838928
0.999981344 0.005914704 -0.001518817 1.162692904 -0.005915180 0.999982476 -0.000309524 -2.021913052 0.001516959 0.000318502 0.999998808 73.109130859
0.999982119 0.005754433 -0.001639778 1.175777078 -0.005754961 0.999983430 -0.000317645 -2.039940834 0.001637922 0.000327076 0.999998629 73.653846741
0.999984384 0.005347457 -0.001579051 1.183409095 -0.005347104 0.999985754 0.000227490 -2.061570406 0.001580245 -0.000219043 0.999998748 74.203849792
0.999984026 0.005444277 -0.001482783 1.188245535 -0.005444485 0.999985158 -0.000136575 -2.068593740 0.001482017 0.000144646 0.999998808 74.734100342
0.999984920 0.005287884 -0.001472968 1.202304363 -0.005287764 0.999985933 0.000085445 -2.085398436 0.001473399 -0.000077655 0.999998927 75.271827698
0.999982357 0.005827448 -0.001131055 1.209393263 -0.005826902 0.999982834 0.000484679 -2.104848623 0.001133860 -0.000478080 0.999999225 75.810844421
0.999985278 0.005248838 -0.001373732 1.224541068 -0.005247762 0.999985933 0.000785719 -2.127320290 0.001377836 -0.000778498 0.999998689 76.351753235
0.999984980 0.005207033 -0.001669836 1.234614968 -0.005207038 0.999986410 0.000001623 -2.131107807 0.001669822 0.000007072 0.999998629 76.911064148
0.999982417 0.005871169 -0.000772090 1.235038042 -0.005871277 0.999982715 -0.000139412 -2.145177841 0.000771258 0.000143943 0.999999702 77.462364197
0.999984682 0.005463098 -0.000812946 1.247145295 -0.005463678 0.999984801 -0.000713176 -2.153241158 0.000809037 0.000717607 0.999999464 78.024253845
0.999988079 0.004642292 -0.001512324 1.254095674 -0.004642178 0.999989152 0.000079656 -2.183369398 0.001512678 -0.000072634 0.999998868 78.561828613
0.999989688 0.004268346 -0.001544277 1.268495679 -0.004269653 0.999990463 -0.000844037 -2.192815542 0.001540660 0.000850622 0.999998450 79.107574463
0.999988496 0.004660784 -0.001215840 1.276152134 -0.004660799 0.999989152 -0.000009596 -2.212987661 0.001215782 0.000015263 0.999999344 79.649658203
0.999987245 0.004946535 -0.001032447 1.279949665 -0.004946674 0.999987781 -0.000129618 -2.230360270 0.001031793 0.000134724 0.999999464 80.188156128
0.999986589 0.005067935 -0.001030102 1.292385101 -0.005067816 0.999987066 0.000118533 -2.247467756 0.001030689 -0.000113311 0.999999464 80.733474731
0.999987125 0.005066112 0.000249985 1.300649405 -0.005066167 0.999987125 0.000221713 -2.261152744 -0.000248859 -0.000222977 0.999999940 81.285491943
0.999985278 0.005271679 0.001320856 1.313872695 -0.005272146 0.999986112 0.000349446 -2.280184269 -0.001318995 -0.000356404 0.999999046 81.824638367
0.999981761 0.005535503 0.002403665 1.324518561 -0.005536180 0.999984622 0.000274297 -2.294362783 -0.002402110 -0.000287599 0.999997079 82.373199463
0.999977767 0.005364052 0.003966563 1.334212542 -0.005364159 0.999985576 0.000015876 -2.306538105 -0.003966420 -0.000037153 0.999992132 82.914894104
0.999964058 0.005226159 0.006691533 1.355840683 -0.005224855 0.999986291 -0.000212497 -2.319581509 -0.006692552 0.000177527 0.999977589 83.468086243
0.999927402 0.005124854 0.010907465 1.373687387 -0.005127787 0.999986827 0.000240707 -2.342220783 -0.010906087 -0.000296621 0.999940455 84.008674622
0.999883115 0.005259769 0.014354396 1.386346817 -0.005261894 0.999986172 0.000110301 -2.360650301 -0.014353616 -0.000185820 0.999896944 84.568115234
0.999787927 0.005510323 0.019844247 1.410138130 -0.005519955 0.999984682 0.000430691 -2.379707098 -0.019841570 -0.000540138 0.999802947 85.125259399
0.999663651 0.005235381 0.025402509 1.445032954 -0.005233602 0.999986291 -0.000136576 -2.394359589 -0.025402874 0.000003584 0.999677300 85.665084839
0.999512672 0.004834960 0.030839793 1.469773769 -0.004828088 0.999988258 -0.000297308 -2.404321432 -0.030840870 0.000148265 0.999524295 86.229026794
0.999334276 0.004073813 0.036255378 1.512399316 -0.004065732 0.999991655 -0.000296655 -2.418470383 -0.036256287 0.000149053 0.999342442 86.773742676
0.998978198 0.004118144 0.045008961 1.544365883 -0.004117860 0.999991477 -0.000099054 -2.436072350 -0.045008991 -0.000086388 0.998986602 87.329429626
0.998579979 0.004339882 0.053095795 1.588242531 -0.004320737 0.999990523 -0.000475388 -2.447265625 -0.053097352 0.000245300 0.998589337 87.885337830
0.998151064 0.004253722 0.060632948 1.630011320 -0.004228853 0.999990880 -0.000538482 -2.460296154 -0.060634688 0.000281078 0.998160064 88.436103821
0.997581124 0.003993775 0.069396779 1.687912941 -0.003973686 0.999992013 -0.000427535 -2.474364996 -0.069397941 0.000150740 0.997589052 88.975616455
0.996829391 0.004456982 0.079443537 1.746629715 -0.004443409 0.999990046 -0.000347620 -2.489373684 -0.079444297 -0.000006482 0.996839285 89.520576477
0.996129513 0.003854926 0.087812923 1.812387466 -0.003802643 0.999992490 -0.000762665 -2.497788429 -0.087815203 0.000425792 0.996136665 90.067703247
0.995380640 0.003936365 0.095927715 1.881378651 -0.003855410 0.999992013 -0.001029244 -2.514019012 -0.095931023 0.000654649 0.995387733 90.623626709
0.994295835 0.004185465 0.106575072 1.963651180 -0.004102932 0.999991000 -0.000993670 -2.529848576 -0.106578276 0.000550731 0.994304121 91.168060303
0.993100464 0.003929138 0.117200889 2.046574593 -0.003873307 0.999992192 -0.000704130 -2.546809435 -0.117202751 0.000245316 0.993107975 91.716209412
0.991936445 0.003256738 0.126694188 2.129082680 -0.003214027 0.999994695 -0.000541542 -2.566581726 -0.126695260 0.000129976 0.991941690 92.257080078
0.990429103 0.003658564 0.137973532 2.221267700 -0.003625902 0.999993324 -0.000488073 -2.578746557 -0.137974381 -0.000016877 0.990435779 92.787605286
0.988674343 0.003066637 0.150045425 2.320031166 -0.002978508 0.999995232 -0.000812073 -2.591657877 -0.150047228 0.000355964 0.988678753 93.361007690
0.986981392 0.003394445 0.160798535 2.428077698 -0.003319613 0.999994278 -0.000734017 -2.610100746 -0.160800070 0.000190672 0.986986935 93.907562256
0.985258996 0.002397048 0.171052620 2.541297913 -0.002294116 0.999997020 -0.000799414 -2.623309374 -0.171054021 0.000395215 0.985261500 94.437538147
0.982950509 0.002707574 0.183850884 2.665515900 -0.002682287 0.999996305 -0.000386233 -2.643529177 -0.183851272 -0.000113493 0.982954025 94.954704285
0.980490267 0.002038297 0.196557671 2.787096977 -0.001926638 0.999997854 -0.000759285 -2.653122663 -0.196558774 0.000365776 0.980491996 95.498947144
0.978331327 0.002140863 0.207034260 2.913112640 -0.001997058 0.999997556 -0.000903584 -2.665195704 -0.207035676 0.000470545 0.978333354 96.033081055
0.975575268 0.001874626 0.219657063 3.066989899 -0.001752288 0.999998212 -0.000751781 -2.685211658 -0.219658077 0.000348517 0.975576818 96.561836243
0.972407043 0.001346636 0.233286694 3.202964783 -0.001255560 0.999999046 -0.000538901 -2.698404789 -0.233287200 0.000231126 0.972407877 97.084999084
0.969690084 0.001058516 0.244336024 3.354183197 -0.000978549 0.999999464 -0.000448670 -2.717075825 -0.244336382 0.000195976 0.969690561 97.614685059
0.966778159 0.000775023 0.255615532 3.518377304 -0.000671847 0.999999702 -0.000490954 -2.728919029 -0.255615771 0.000302909 0.966778457 98.130096436
0.962705314 0.000941492 0.270550609 3.669456482 -0.000875049 0.999999523 -0.000366209 -2.748993158 -0.270550817 0.000115807 0.962705672 98.673477173
0.959131718 0.000166391 0.282959878 3.844339371 0.000111319 0.999999523 -0.000965367 -2.755859375 -0.282959908 0.000957413 0.959131241 99.202148438
0.955724776 -0.000669534 0.294261187 4.015275955 0.000847164 0.999999523 -0.000476179 -2.778464079 -0.294260710 0.000704383 0.955724955 99.707763672
0.951391518 -0.000403998 0.307983786 4.207435608 0.000503762 0.999999821 -0.000244419 -2.797192335 -0.307983577 0.000387688 0.951391578 100.238616943
0.947003186 -0.000460905 0.321223706 4.410024643 0.000472671 0.999999821 0.000041354 -2.815008163 -0.321223676 0.000112671 0.947003305 100.735633850
0.943059444 -0.001247879 0.332621694 4.609739304 0.001331658 0.999999106 -0.000023915 -2.822877169 -0.332621396 0.000465492 0.943060338 101.240196228
0.938360989 -0.001387703 0.345654011 4.828763962 0.001580570 0.999998689 -0.000276128 -2.842465878 -0.345653176 0.000805438 0.938361943 101.778724670
0.933097601 -0.001482553 0.359620154 5.052865982 0.001730154 0.999998391 -0.000366641 -2.856225014 -0.359619051 0.000964310 0.933098674 102.287902832
0.928300798 -0.001318643 0.371827811 5.268932343 0.001433478 0.999998927 -0.000032425 -2.871841669 -0.371827424 0.000563107 0.928301752 102.791900635
0.923394322 -0.002552294 0.383844256 5.502702713 0.002924173 0.999995589 -0.000385266 -2.884923935 -0.383841604 0.001478179 0.923397779 103.296020508
0.917627931 -0.003438950 0.397425652 5.746887207 0.003935318 0.999992132 -0.000433376 -2.895433664 -0.397421062 0.001961675 0.917634308 103.790267944
0.911692679 -0.003243856 0.410859913 5.992603302 0.003685201 0.999993145 -0.000282183 -2.912888527 -0.410856098 0.001771365 0.911698461 104.290588379
0.906970501 -0.003323392 0.421181053 6.249706268 0.003575772 0.999993563 0.000190537 -2.941113949 -0.421178907 0.001333236 0.906976640 104.751083374
0.900560081 -0.003640386 0.434716403 6.506149292 0.003820067 0.999992549 0.000460436 -2.960725546 -0.434714854 0.001245995 0.900567293 105.235641479
0.893682718 -0.004295515 0.448678821 6.757656097 0.004643908 0.999989152 0.000323811 -2.966737986 -0.448675454 0.001794239 0.893692911 105.716125488
0.887785435 -0.004690486 0.460233688 7.028324127 0.005042685 0.999987185 0.000464120 -2.982915640 -0.460229993 0.001908775 0.887797654 106.182144165
0.882262230 -0.004990641 0.470731944 7.302520752 0.005209485 0.999986053 0.000837930 -3.000668049 -0.470729619 0.001712997 0.882275879 106.660011292
0.874532640 -0.004983631 0.484941006 7.582302094 0.005235369 0.999985933 0.000835275 -3.015936375 -0.484938383 0.001808370 0.874546468 107.154670715
