1.000000000 0.000000000 0.000000000 0.000000000 0.000000000 1.000000000 0.000000000 0.000000000 0.000000000 0.000000000 1.000000000 0.000000000
1.000000000 0.000071365 -0.000030643 0.000300726 -0.000071365 1.000000000 0.000020728 0.000492920 0.000030644 -0.000020726 1.000000000 0.002209300
1.000000000 0.000014244 -0.000050867 0.000853487 -0.000014241 1.000000000 0.000059696 -0.001196338 0.000050867 -0.000059696 1.000000000 0.000822992
1.000000000 -0.000025607 -0.000031135 0.000566483 0.000025606 1.000000000 -0.000042758 0.000375850 0.000031136 0.000042757 1.000000000 -0.001734302
1.000000000 -0.000165986 -0.000116543 0.001252638 0.000165994 1.000000000 0.000067626 -0.001007884 0.000116532 -0.000067645 1.000000000 0.000037331
1.000000000 -0.000146602 -0.000114804 -0.000733205 0.000146608 1.000000000 0.000054429 -0.000287955 0.000114796 -0.000054445 1.000000000 -0.000764381
1.000000000 -0.000116753 -0.000050806 0.000608284 0.000116756 1.000000000 0.000064226 -0.000695721 0.000050799 -0.000064232 1.000000000 0.001489861
1.000000000 -0.000148428 -0.000063019 0.000150859 0.000148434 1.000000000 0.000083654 -0.000955230 0.000063007 -0.000083663 1.000000000 -0.000654762
1.000000000 -0.000037352 -0.000086735 0.000614374 0.000037358 1.000000000 0.000065281 -0.000159517 0.000086733 -0.000065284 1.000000000 -0.001896711
1.000000000 -0.000027227 -0.000003420 -0.000364455 0.000027227 1.000000000 0.000056686 0.000572020 0.000003419 -0.000056686 1.000000000 0.002647205
1.000000000 -0.000067665 -0.000074313 0.000985137 0.000067665 1.000000000 -0.000005649 0.000597120 0.000074313 0.000005644 1.000000000 0.000091625
1.000000000 -0.000109237 -0.000136248 0.001208683 0.000109244 1.000000000 0.000056788 0.000057482 0.000136242 -0.000056803 1.000000000 -0.000650826
1.000000000 -0.000092782 -0.000052848 -0.000027969 0.000092781 1.000000000 -0.000014857 0.001595237 0.000052849 0.000014852 1.000000000 0.002312865
0.999999940 -0.000211140 -0.000136486 0.001021825 0.000211154 1.000000000 0.000106919 0.000078552 0.000136464 -0.000106948 1.000000000 -0.001553195
1.000000000 -0.000118145 -0.000141907 0.001057000 0.000118153 1.000000000 0.000053767 -0.000500587 0.000141901 -0.000053784 1.000000000 -0.002094025
1.000000000 -0.000149718 -0.000167993 0.003288861 0.000149740 1.000000000 0.000133950 -0.001026165 0.000167972 -0.000133976 1.000000000 -0.005266938
1.000000000 -0.000127751 -0.000074055 0.001543673 0.000127756 1.000000000 0.000070887 -0.000382208 0.000074046 -0.000070896 1.000000000 -0.003314337
1.000000000 -0.000008520 -0.000064148 0.001489541 0.000008522 1.000000000 0.000021605 -0.000050628 0.000064148 -0.000021606 1.000000000 -0.000489157
1.000000000 -0.000031524 -0.000123181 0.001623774 0.000031539 1.000000000 0.000115086 -0.000716005 0.000123177 -0.000115090 1.000000000 -0.003208024
0.999999940 -0.000230108 -0.000144287 0.001518019 0.000230119 1.000000000 0.000072939 -0.000193628 0.000144271 -0.000072972 1.000000000 -0.003198074
1.000000000 -0.000187017 -0.000107271 0.001030008 0.000187026 1.000000000 0.000090231 0.000448451 0.000107254 -0.000090251 1.000000000 0.001278189
1.000000000 -0.000211340 -0.000115606 0.000465972 0.000211354 1.000000000 0.000119793 -0.001733192 0.000115581 -0.000119817 1.000000000 -0.003778866
1.000000000 -0.000088175 -0.000171094 0.003688685 0.000088196 1.000000000 0.000122891 -0.000883561 0.000171083 -0.000122906 1.000000000 -0.002665529
1.000000000 -0.000079156 -0.000159040 0.003397492 0.000079170 1.000000000 0.000090731 -0.001272737 0.000159032 -0.000090744 1.000000000 -0.002011938
0.999999940 -0.000211842 -0.000190869 0.002907086 0.000211869 0.999999940 0.000139962 -0.001386458 0.000190839 -0.000140002 1.000000000 -0.005379445
0.999999940 -0.000168245 -0.000177535 0.002639192 0.000168260 1.000000000 0.000083052 0.000163280 0.000177521 -0.000083082 1.000000000 -0.001597989
1.000000000 -0.000155439 -0.000143294 0.003148408 0.000155449 1.000000000 0.000069488 0.000256893 0.000143283 -0.000069511 1.000000000 -0.003178796
0.999999940 -0.000231334 -0.000158810 0.003324436 0.000231350 0.999999940 0.000099789 -0.000637480 0.000158787 -0.000099826 1.000000000 -0.003723238
0.999999940 -0.000229753 -0.000105063 0.000313792 0.000229761 1.000000000 0.000074233 -0.000953230 0.000105046 -0.000074257 1.000000000 -0.002905725
1.000000000 -0.000060769 -0.000181112 0.002524711 0.000060796 1.000000000 0.000146219 -0.000756595 0.000181103 -0.000146230 1.000000000 -0.002907014
0.999999940 -0.000243794 -0.000203455 0.004336457 0.000243817 0.999999940 0.000116462 -0.001004112 0.000203427 -0.000116511 1.000000000 -0.003333178
0.999999940 -0.000177350 -0.000213515 0.003541376 0.000177375 1.000000000 0.000118474 -0.000676125 0.000213494 -0.000118512 0.999999940 -0.002754399
1.000000000 -0.000169437 -0.000151069 0.002559303 0.000169453 1.000000000 0.000103065 -0.000432092 0.000151051 -0.000103091 1.000000000 -0.004914991
1.000000000 -0.000081405 -0.000137470 0.002737846 0.000081414 1.000000000 0.000066972 -0.001065939 0.000137465 -0.000066984 1.000000000 -0.002945250
1.000000000 -0.000124005 -0.000150953 0.002631812 0.000124017 1.000000000 0.000081964 -0.000555200 0.000150943 -0.000081983 1.000000000 -0.001535751
0.999999940 -0.000197100 -0.000151715 0.002097495 0.000197123 0.999999940 0.000148920 -0.001674559 0.000151685 -0.000148950 1.000000000 -0.005077949
0.999999940 -0.000193934 -0.000222680 0.003205105 0.000193953 1.000000000 0.000085439 0.000205035 0.000222664 -0.000085482 1.000000000 -0.002574473
0.999999940 -0.000209690 -0.000192692 0.004014805 0.000209716 0.999999940 0.000130530 0.000394129 0.000192665 -0.000130571 1.000000000 -0.004331718
1.000000000 -0.000182990 -0.000117981 0.001231801 0.000183001 1.000000000 0.000094580 -0.000244411 0.000117963 -0.000094601 1.000000000 -0.003513623
0.999999940 -0.000170131 -0.000190679 0.002681886 0.000170159 1.000000000 0.000149680 -0.001284427 0.000190654 -0.000149713 1.000000000 -0.004802068
0.999999940 -0.000168931 -0.000205351 0.004976386 0.000168946 1.000000000 0.000074900 -0.001927087 0.000205338 -0.000074934 1.000000000 -0.001746894
1.000000000 -0.000214710 -0.000006758 0.000784132 0.000214706 0.999999821 -0.000537100 -0.002619442 0.000006874 0.000537098 0.999999881 0.050339837
1.000000000 -0.000035335 -0.000150857 0.003339845 0.000035167 0.999999344 -0.001118672 -0.004219784 0.000150896 0.001118667 0.999999344 0.141362682
1.000000000 -0.000159046 -0.000082023 0.004175649 0.000158925 0.999998927 -0.001470853 -0.007953880 0.000082257 0.001470840 0.999998927 0.258655429
1.000000000 -0.000130068 -0.000042897 0.006306708 0.000130008 0.999999046 -0.001390281 -0.010871820 0.000043078 0.001390275 0.999999046 0.392770171
1.000000000 -0.000051745 -0.000153621 0.010112541 0.000051570 0.999999344 -0.001142245 -0.018990608 0.000153680 0.001142238 0.999999344 0.528500855
1.000000000 0.000067504 -0.000069030 0.012127776 -0.000067581 0.999999404 -0.001112946 -0.020986745 0.000068955 0.001112950 0.999999404 0.686426997
1.000000000 -0.000028271 0.000099280 0.015128273 0.000028360 0.999999583 -0.000895064 -0.025469374 -0.000099254 0.000895067 0.999999583 0.846188664
0.999999940 0.000339310 0.000218465 0.011778049 -0.000339134 0.999999642 -0.000806134 -0.024978634 -0.000218738 0.000806060 0.999999642 1.029579282
1.000000000 0.000079454 -0.000203439 0.026020858 -0.000079569 0.999999821 -0.000565465 -0.038279112 0.000203394 0.000565481 0.999999821 1.188755155
1.000000000 0.000022295 -0.000023702 0.028564164 -0.000022301 0.999999940 -0.000272021 -0.041563455 0.000023696 0.000272022 0.999999940 1.366436481
1.000000000 0.000176827 -0.000098008 0.028510431 -0.000176860 0.999999940 -0.000340466 -0.048661813 0.000097948 0.000340483 0.999999940 1.576142073
1.000000000 0.000098019 0.000177731 0.033663753 -0.000097971 0.999999940 -0.000270571 -0.055818401 -0.000177758 0.000270554 0.999999940 1.773535013
0.999999940 -0.000316521 -0.000208468 0.044130474 0.000316534 0.999999940 0.000062338 -0.059368309 0.000208448 -0.000062404 1.000000000 1.972424507
1.000000000 0.000131374 0.000068721 0.037810732 -0.000131378 1.000000000 0.000068320 -0.069136761 -0.000068712 -0.000068329 1.000000000 2.187689304
0.999999940 -0.000069657 -0.000265240 0.042501520 0.000069731 0.999999940 0.000279438 -0.072600693 0.000265221 -0.000279456 0.999999940 2.392114878
0.999999762 0.000014807 -0.000565557 0.067687705 -0.000014600 0.999999881 0.000366209 -0.108572848 0.000565563 -0.000366201 0.999999762 2.582609892
0.999999881 0.000119271 -0.000433879 0.069220111 -0.000119068 0.999999881 0.000466453 -0.114113703 0.000433935 -0.000466401 0.999999821 2.820102453
0.999999762 0.000538958 -0.000346249 0.072579555 -0.000538762 0.999999762 0.000564996 -0.119326256 0.000346554 -0.000564809 0.999999762 3.048511028
0.999999940 0.000028498 -0.000254372 0.079161033 -0.000028368 0.999999821 0.000507637 -0.126154780 0.000254386 -0.000507630 0.999999821 3.295539141
0.999999881 -0.000044394 -0.000441291 0.085026659 0.000044631 0.999999881 0.000535224 -0.136158228 0.000441267 -0.000535244 0.999999702 3.536789417
0.999999881 0.000157142 -0.000445585 0.089776091 -0.000156827 0.999999702 0.000707166 -0.143002972 0.000445696 -0.000707096 0.999999583 3.789275885
0.999999881 -0.000145114 -0.000311293 0.091406673 0.000145329 0.999999762 0.000690952 -0.150410533 0.000311192 -0.000690997 0.999999762 4.055522442
0.999999821 0.000667240 0.000070897 0.089061044 -0.000667299 0.999999464 0.000833225 -0.154637158 -0.000070341 -0.000833272 0.999999642 4.316081524
0.999999881 0.000335253 -0.000418772 0.105072252 -0.000334746 0.999999225 0.001208941 -0.170057833 0.000419177 -0.001208800 0.999999166 4.552008152
1.000000000 0.000237311 -0.000216129 0.113128275 -0.000237037 0.999999225 0.001264689 -0.178413644 0.000216430 -0.001264638 0.999999166 4.815359116
0.999999881 0.000022467 -0.000364578 0.117791124 -0.000021910 0.999998868 0.001528795 -0.190096721 0.000364612 -0.001528788 0.999998748 5.062239647
0.999999881 0.000466090 -0.000167368 0.117605135 -0.000465843 0.999998808 0.001475674 -0.194249392 0.000168056 -0.001475596 0.999998808 5.328241348
0.999999821 0.000494474 -0.000244956 0.130170509 -0.000494053 0.999998391 0.001717364 -0.203390375 0.000245805 -0.001717243 0.999998450 5.583674908
0.999999881 0.000349724 -0.000236920 0.119878054 -0.000349306 0.999998331 0.001759725 -0.220722467 0.000237535 -0.001759642 0.999998450 5.855712891
0.999999940 0.000172035 -0.000113254 0.126751900 -0.000171824 0.999998212 0.001862258 -0.231480688 0.000113574 -0.001862238 0.999998271 6.131084919
1.000000000 0.000256240 -0.000071664 0.128775686 -0.000256097 0.999998033 0.001990861 -0.238437340 0.000072174 -0.001990842 0.999998093 6.419906616
0.999999940 0.000269191 -0.000004694 0.134478584 -0.000269180 0.999997675 0.002122103 -0.250854433 0.000005265 -0.002122102 0.999997795 6.694664955
0.999999821 0.000587675 0.000045839 0.140209556 -0.000587777 0.999997377 0.002247778 -0.258337647 -0.000044518 -0.002247805 0.999997556 6.996522427
1.000000000 0.000046265 -0.000164851 0.156569645 -0.000045890 0.999997437 0.002273603 -0.272943616 0.000164955 -0.002273595 0.999997437 7.275992870
0.999999821 0.000603073 0.000206280 0.147720501 -0.000603559 0.999997020 0.002363862 -0.295125365 -0.000204854 -0.002363987 0.999997199 7.601584911
1.000000000 -0.000114316 0.000148107 0.158942491 0.000113941 0.999996841 0.002523804 -0.305330604 -0.000148395 -0.002523787 0.999996841 7.913260460
1.000000000 0.000049679 0.000327153 0.160263434 -0.000050519 0.999996781 0.002568945 -0.314142853 -0.000327025 -0.002568962 0.999996603 8.239257812
0.999999762 0.000565387 0.000312220 0.165763184 -0.000566220 0.999996245 0.002674591 -0.316726267 -0.000310707 -0.002674768 0.999996364 8.560941696
0.999999940 0.000246223 0.000224097 0.173946455 -0.000246877 0.999995708 0.002923205 -0.334550351 -0.000223376 -0.002923261 0.999995768 8.903548241
0.999999762 0.000497227 0.000542912 0.171198010 -0.000498815 0.999995649 0.002928786 -0.342574596 -0.000541453 -0.002929056 0.999995530 9.231678963
0.999999225 0.000976308 0.000808958 0.170635566 -0.000978488 0.999995887 0.002698588 -0.354538709 -0.000806320 -0.002699378 0.999996006 9.573671341
0.999999583 0.000605732 0.000747604 0.181052417 -0.000607798 0.999995947 0.002765692 -0.363250464 -0.000745926 -0.002766144 0.999995887 9.919466972
0.999999464 0.000736756 0.000720718 0.185407773 -0.000738694 0.999996066 0.002691937 -0.373149663 -0.000718732 -0.002692468 0.999996066 10.289154053
0.999999523 0.000676701 0.000718415 0.197887048 -0.000678861 0.999995232 0.003011147 -0.384584934 -0.000716374 -0.003011633 0.999995172 10.646379471
0.999999642 0.000345365 0.000738278 0.199163765 -0.000347692 0.999994993 0.003154694 -0.400062859 -0.000737184 -0.003154949 0.999994695 11.016406059
0.999999404 0.000584060 0.000937585 0.207982898 -0.000587032 0.999994814 0.003172399 -0.411266267 -0.000935728 -0.003172947 0.999994516 11.391230583
0.999998868 0.000951057 0.001114184 0.214488208 -0.000954690 0.999994218 0.003264097 -0.419188708 -0.001111073 -0.003265157 0.999994099 11.782719612
0.999999464 0.000565707 0.000850591 0.227688089 -0.000568643 0.999993920 0.003455651 -0.435086071 -0.000848631 -0.003456133 0.999993742 12.142271996
0.999999046 0.000788719 0.001073250 0.236480057 -0.000792551 0.999993265 0.003575378 -0.445618242 -0.001070422 -0.003576226 0.999993086 12.525327682
0.999999762 0.000357579 0.000782045 0.242704675 -0.000360300 0.999993861 0.003482630 -0.462186456 -0.000780795 -0.003482912 0.999993563 12.917815208
0.999999881 0.000278955 0.000325192 0.259879291 -0.000280075 0.999993920 0.003449662 -0.474501610 -0.000324228 -0.003449753 0.999993920 13.316747665
0.999999523 0.000558958 0.000883402 0.257834822 -0.000562302 0.999992669 0.003790585 -0.484590948 -0.000881276 -0.003791080 0.999992430 13.718287468
0.999999225 0.000648948 0.001036131 0.265035570 -0.000652881 0.999992549 0.003799994 -0.495593846 -0.001033657 -0.003800668 0.999992192 14.148902893
0.999998868 0.000669813 0.001354974 0.271660179 -0.000675515 0.999990821 0.004211881 -0.523034513 -0.001352140 -0.004212791 0.999990225 14.551465988
0.999998987 0.000087146 0.001425955 0.282843024 -0.000093529 0.999989986 0.004476726 -0.534946442 -0.001425551 -0.004476855 0.999989033 14.972723007
0.999998689 0.000266396 0.001605400 0.297031522 -0.000273906 0.999988973 0.004679616 -0.549706221 -0.001604136 -0.004680049 0.999987781 15.403116226
0.999997556 0.000290515 0.002193187 0.301541120 -0.000300806 0.999988914 0.004693514 -0.562632203 -0.002191799 -0.004694162 0.999986529 15.827371597
0.999997556 0.000182102 0.002202655 0.315064788 -0.000193147 0.999987483 0.005015014 -0.576568604 -0.002201714 -0.005015427 0.999984980 16.267269135
0.999997616 -0.000293821 0.002169833 0.330431759 0.000283032 0.999987543 0.004970846 -0.591403842 -0.002171267 -0.004970219 0.999985337 16.706926346
0.999996901 -0.000123396 0.002478807 0.336577803 0.000110956 0.999987423 0.005018134 -0.607212842 -0.002479395 -0.005017844 0.999984324 17.151273727
0.999995589 -0.000228264 0.002962067 0.345732123 0.000212565 0.999985933 0.005299041 -0.617850542 -0.002963235 -0.005298387 0.999981582 17.617050171
0.999995947 -0.000815467 0.002738765 0.365871102 0.000801049 0.999985933 0.005261667 -0.630342364 -0.002743016 -0.005259451 0.999982476 18.078432083
0.999993682 -0.000425977 0.003511728 0.365613729 0.000405451 0.999982834 0.005843454 -0.648055136 -0.003514157 -0.005841995 0.999976754 18.518638611
0.999993503 -0.000737747 0.003553360 0.377450764 0.000717040 0.999982774 0.005825241 -0.659955502 -0.003557597 -0.005822655 0.999976695 18.985799789
0.999993801 -0.000024110 0.003524363 0.393377841 0.000003326 0.999982655 0.005897106 -0.670859456 -0.003524444 -0.005897057 0.999976397 19.469348907
0.999993265 0.000187945 0.003658403 0.402156383 -0.000210442 0.999981046 0.006149885 -0.692642927 -0.003657177 -0.006150614 0.999974430 19.925153732
0.999994516 -0.000515155 0.003276709 0.418775499 0.000494409 0.999979854 0.006328834 -0.712259650 -0.003279903 -0.006327179 0.999974608 20.391092300
0.999995291 -0.001359152 0.002762355 0.430261672 0.001340980 0.999977529 0.006569630 -0.724554181 -0.002771222 -0.006565893 0.999974668 20.885538101
0.999997079 -0.000952884 0.002221987 0.440477729 0.000938260 0.999978006 0.006573047 -0.729064286 -0.002228202 -0.006570942 0.999975920 21.392253876
0.999998271 -0.000821624 0.001657764 0.447406113 0.000810328 0.999976456 0.006803258 -0.756736636 -0.001663315 -0.006801903 0.999975562 21.880460739
0.999998152 -0.001298807 0.001402294 0.463355422 0.001289063 0.999975204 0.006927114 -0.774089158 -0.001411256 -0.006925292 0.999975026 22.345125198
0.999998331 -0.001421441 0.001124508 0.475784004 0.001414029 0.999977469 0.006564644 -0.784188569 -0.001133813 -0.006563043 0.999977827 22.859157562
0.999997795 -0.002074133 0.000221140 0.489723206 0.002072602 0.999975383 0.006712811 -0.797119796 -0.000235057 -0.006712338 0.999977469 23.386863708
0.999996305 -0.002680546 -0.000309368 0.482472241 0.002682604 0.999972880 0.006856440 -0.816436112 0.000290980 -0.006857245 0.999976456 23.870143890
0.999998927 -0.001226049 -0.000769315 0.491855651 0.001231172 0.999976873 0.006694438 -0.825382531 0.000761089 -0.006695379 0.999977291 24.402393341
0.999996781 -0.001626626 -0.001934637 0.515820384 0.001639746 0.999975502 0.006799716 -0.834465861 0.001923529 -0.006802866 0.999974966 24.932443619
0.999996901 -0.001309289 -0.002185772 0.508616269 0.001325852 0.999970257 0.007593951 -0.853915215 0.002175765 -0.007596825 0.999968767 25.427682877
0.999996543 -0.001112438 -0.002412908 0.517406940 0.001130035 0.999972641 0.007303730 -0.863160253 0.002404717 -0.007306430 0.999970436 25.980945587
0.999991238 -0.002833334 -0.003077710 0.524963021 0.002859077 0.999960661 0.008392191 -0.880305707 0.003053811 -0.008400916 0.999960065 26.496099472
0.999990225 -0.002710568 -0.003496319 0.542394757 0.002741005 0.999958158 0.008730429 -0.900179386 0.003472508 -0.008739927 0.999955773 27.048803329
0.999988317 -0.002110767 -0.004342926 0.552879751 0.002148184 0.999960482 0.008628873 -0.913744450 0.004324540 -0.008638102 0.999953330 27.569725037
0.999989808 -0.001606833 -0.004215457 0.548266649 0.001642912 0.999961913 0.008569294 -0.928739250 0.004201526 -0.008576132 0.999954402 28.064023972
0.999985456 -0.001860546 -0.005060455 0.557396531 0.001904758 0.999959946 0.008745927 -0.941492677 0.005043980 -0.008755438 0.999948978 28.623281479
0.999986708 -0.001591126 -0.004899981 0.563400447 0.001633034 0.999961972 0.008560626 -0.954518676 0.004886175 -0.008568514 0.999951303 29.161165237
0.999982834 -0.002266545 -0.005406962 0.573405504 0.002315404 0.999956310 0.009047245 -0.971089721 0.005386220 -0.009059611 0.999944389 29.675485611
0.999980330 -0.002429651 -0.005783537 0.586404741 0.002483077 0.999954104 0.009248482 -0.983782947 0.005760801 -0.009262661 0.999940455 30.229127884
0.999979973 -0.002404082 -0.005859071 0.589858770 0.002458631 0.999953508 0.009320687 -0.996232510 0.005836392 -0.009334906 0.999939322 30.764011383
0.999974072 -0.003105344 -0.006501411 0.610820591 0.003169085 0.999946773 0.009816903 -1.043257356 0.006470579 -0.009837249 0.999930680 31.286619186
0.999968290 -0.003516749 -0.007140043 0.626516342 0.003588243 0.999943197 0.010025147 -1.060562015 0.007104381 -0.010050449 0.999924242 31.830621719
0.999967396 -0.003299138 -0.007380208 0.636889458 0.003371704 0.999945879 0.009841749 -1.063769937 0.007347339 -0.009866310 0.999924302 32.374835968
0.999967635 -0.003289603 -0.007348191 0.637045622 0.003363162 0.999944091 0.010020678 -1.080231547 0.007314816 -0.010045066 0.999922752 32.887451172
0.999965966 -0.003904773 -0.007261352 0.615405798 0.003979153 0.999939442 0.010257206 -1.095258951 0.007220860 -0.010285752 0.999921024 33.419029236
0.999965787 -0.003525483 -0.007480031 0.619507909 0.003601581 0.999941587 0.010184543 -1.101788282 0.007443688 -0.010211134 0.999920189 33.968315125
0.999964893 -0.003707823 -0.007517937 0.628031492 0.003786994 0.999937236 0.010544304 -1.124898314 0.007478369 -0.010572404 0.999916136 34.506450653
0.999972165 -0.002728971 -0.006940431 0.623595834 0.002797643 0.999947071 0.009904158 -1.122557044 0.006913035 -0.009923300 0.999926865 35.036926270
0.999969602 -0.002821053 -0.007258818 0.648455381 0.002893120 0.999946535 0.009937033 -1.136651039 0.007230396 -0.009957732 0.999924242 35.595714569
0.999966681 -0.003014638 -0.007587420 0.619663894 0.003098268 0.999934316 0.011034586 -1.209281206 0.007553656 -0.011057725 0.999910295 36.090423584
0.999964237 -0.002963135 -0.007925336 0.625370383 0.003051494 0.999933124 0.011160024 -1.219168544 0.007891737 -0.011183809 0.999906361 36.624126434
0.999956489 -0.003880535 -0.008482425 0.638863087 0.003978391 0.999925435 0.011549993 -1.234527946 0.008436972 -0.011583237 0.999897301 37.178123474
0.999963045 -0.003131957 -0.008015777 0.635449231 0.003222018 0.999931574 0.011247395 -1.239933968 0.007980002 -0.011272805 0.999904633 37.713809967
0.999965310 -0.002662973 -0.007897078 0.631731153 0.002754683 0.999928713 0.011625146 -1.258251190 0.007865557 -0.011646495 0.999901295 38.245433807
0.999962568 -0.003414715 -0.007951783 0.628076673 0.003512842 0.999917388 0.012359096 -1.304736614 0.007908924 -0.012386565 0.999891996 38.743606567
0.999958038 -0.003659155 -0.008403766 0.640460014 0.003765821 0.999912024 0.012712069 -1.317745924 0.008356513 -0.012743182 0.999883890 39.286720276
0.999959886 -0.003145339 -0.008387773 0.650270700 0.003251462 0.999914527 0.012668642 -1.331375360 0.008347209 -0.012695405 0.999884605 39.837234497
0.999961257 -0.003176304 -0.008201060 0.658395052 0.003280299 0.999913931 0.012698532 -1.346878767 0.008160020 -0.012724942 0.999885738 40.374042511
0.999966145 -0.002319830 -0.007902168 0.647574782 0.002416349 0.999922335 0.012226745 -1.340925574 0.007873190 -0.012245426 0.999894023 40.892921448
0.999952435 -0.004176455 -0.008806454 0.674948931 0.004295036 0.999899745 0.013489585 -1.405549765 0.008749233 -0.013526768 0.999870181 41.431030273
0.999947608 -0.004575710 -0.009153901 0.686310649 0.004702748 0.999892294 0.013904938 -1.412729025 0.009089289 -0.013947259 0.999861419 41.978343964
0.999942958 -0.005079019 -0.009394686 0.693696499 0.005215184 0.999880910 0.014526507 -1.424010992 0.009319786 -0.014574672 0.999850333 42.532394409
0.999945045 -0.004888735 -0.009276124 0.701431155 0.005018433 0.999889255 0.014010476 -1.433085322 0.009206602 -0.014056255 0.999858856 43.075653076
0.999953330 -0.004154735 -0.008718876 0.687039018 0.004271245 0.999901295 0.013387146 -1.439179778 0.008662395 -0.013423763 0.999872386 43.555568695
0.999955297 -0.003857186 -0.008635801 0.694787323 0.003971888 0.999903619 0.013304605 -1.446476221 0.008583651 -0.013338312 0.999874234 44.099483490
0.999951363 -0.003941025 -0.009042016 0.702485561 0.004062861 0.999900639 0.013495803 -1.461613536 0.008987931 -0.013531881 0.999868035 44.621826172
0.999946952 -0.004440144 -0.009303690 0.716642857 0.004570998 0.999890327 0.014090985 -1.486251712 0.009240104 -0.014132764 0.999857485 45.141189575
0.999949276 -0.004231200 -0.009151942 0.716827989 0.004357430 0.999895096 0.013816902 -1.491719961 0.009092519 -0.013856078 0.999862731 45.673519135
0.999954522 -0.003197287 -0.008979709 0.719164550 0.003318863 0.999902606 0.013556777 -1.497509480 0.008935490 -0.013585962 0.999867797 46.239673615
0.999950528 -0.003929766 -0.009137194 0.717086196 0.004055793 0.999896348 0.013815382 -1.505318403 0.009081955 -0.013851754 0.999862790 46.729248047
0.999951363 -0.003722700 -0.009133660 0.721589923 0.003844736 0.999903083 0.013380145 -1.508642197 0.009082966 -0.013414611 0.999868691 47.281616211
0.999945402 -0.004412767 -0.009466957 0.735955834 0.004542728 0.999895215 0.013750671 -1.520538807 0.009405287 -0.013792926 0.999860585 47.815898895
0.999941289 -0.005020932 -0.009606533 0.743037343 0.005148481 0.999898314 0.013299002 -1.526382089 0.009538783 -0.013347680 0.999865413 48.332199097
0.999950707 -0.003731163 -0.009191992 0.738282263 0.003861248 0.999891996 0.014175125 -1.547310352 0.009138110 -0.014209921 0.999857187 48.824535370
0.999955237 -0.003267806 -0.008879917 0.737499893 0.003394622 0.999891937 0.014303924 -1.554780722 0.008832216 -0.014333428 0.999858141 49.365295410
0.999951661 -0.003537563 -0.009173487 0.746044755 0.003665756 0.999895275 0.013995267 -1.560394526 0.009123018 -0.014028216 0.999859929 49.865520477
0.999952376 -0.003100583 -0.009251308 0.752926350 0.003233418 0.999891400 0.014378238 -1.576256275 0.009205721 -0.014407466 0.999853790 50.398380280
0.999953687 -0.003272658 -0.009048864 0.753540993 0.003401947 0.999891818 0.014309665 -1.578728437 0.009001055 -0.014339786 0.999856651 50.904209137
0.999953449 -0.003514191 -0.008980826 0.759068489 0.003636758 0.999899983 0.013667859 -1.584275723 0.008931898 -0.013699884 0.999866247 51.451652527
0.999952435 -0.003427211 -0.009133929 0.771783292 0.003559595 0.999888301 0.014517006 -1.599581957 0.009083156 -0.014548829 0.999852896 51.951183319
0.999949574 -0.003534985 -0.009406676 0.780072331 0.003670466 0.999889255 0.014424605 -1.607592344 0.009354643 -0.014458404 0.999851704 52.495746613
0.999948442 -0.003567008 -0.009513330 0.788909256 0.003703654 0.999889731 0.014384834 -1.620404243 0.009460968 -0.014419326 0.999851286 53.041774750
0.999953449 -0.003196138 -0.009101767 0.785214067 0.003326695 0.999891281 0.014365245 -1.624632001 0.009054865 -0.014394856 0.999855340 53.518699646
0.999952018 -0.003190518 -0.009268192 0.813766539 0.003319207 0.999897778 0.013902914 -1.617987752 0.009222887 -0.013933009 0.999860346 54.146900177
0.999951065 -0.002984238 -0.009430009 0.791834891 0.003119766 0.999891639 0.014390113 -1.640557051 0.009386044 -0.014418828 0.999851942 54.631519318
0.999953449 -0.003015409 -0.009168728 0.805514514 0.003149750 0.999887407 0.014673127 -1.649655104 0.009123450 -0.014701323 0.999850333 55.069137573
0.999953687 -0.003053262 -0.009131447 0.810738266 0.003188308 0.999885261 0.014811250 -1.660582304 0.009085177 -0.014839677 0.999848664 55.615489960
0.999948561 -0.003536126 -0.009506955 0.827280760 0.003676600 0.999883771 0.014799342 -1.670237541 0.009453517 -0.014833535 0.999845326 56.139183044
0.999952674 -0.003095971 -0.009224211 0.820053518 0.003230675 0.999887884 0.014624362 -1.674849510 0.009177899 -0.014653469 0.999850512 56.715778351
0.999955714 -0.002821547 -0.008978982 0.827782929 0.002952445 0.999889016 0.014598452 -1.685971379 0.008936795 -0.014624314 0.999853134 57.124004364
0.999955237 -0.002636140 -0.009101818 0.859177411 0.002761833 0.999900579 0.013824762 -1.651869059 0.009064470 -0.013849279 0.999862969 57.815994263
0.999954343 -0.002949232 -0.009090920 0.839181840 0.003084148 0.999884725 0.014862517 -1.708956718 0.009046040 -0.014889875 0.999848187 58.190387726
0.999951899 -0.003197147 -0.009274223 0.853158116 0.003335053 0.999883473 0.014892717 -1.712789774 0.009225530 -0.014922929 0.999846101 58.738925934
0.999955714 -0.002543083 -0.009059978 0.867496669 0.002677185 0.999886632 0.014820338 -1.716025829 0.009021260 -0.014843939 0.999849141 59.262851715
0.999956548 -0.002759090 -0.008901430 0.858677626 0.002888137 0.999890447 0.014517223 -1.723225594 0.008860401 -0.014542301 0.999854982 59.726692200
0.999960184 -0.002420381 -0.008591386 0.870040119 0.002550818 0.999881208 0.015203944 -1.734322786 0.008553566 -0.015225257 0.999847472 60.271720886
0.999956548 -0.002954870 -0.008840023 0.879104137 0.003087367 0.999882519 0.015012366 -1.740440965 0.008794625 -0.015039008 0.999848247 60.812732697
0.999960244 -0.002222724 -0.008633340 0.879935265 0.002346441 0.999894381 0.014346541 -1.746232271 0.008600540 -0.014366229 0.999859810 61.366680145
0.999956429 -0.002823572 -0.008896434 0.892934322 0.002953564 0.999888539 0.014632583 -1.758458614 0.008854127 -0.014658220 0.999853373 61.858150482
0.999962032 -0.002262725 -0.008414444 0.868968129 0.002382516 0.999895513 0.014253632 -1.763131618 0.008381314 -0.014273139 0.999863029 62.439281464
0.999957085 -0.002184169 -0.009001622 0.904862046 0.002316682 0.999888659 0.014736893 -1.790835619 0.008968431 -0.014757114 0.999850869 62.841091156
0.999956727 -0.001681700 -0.009149780 0.914449275 0.001816270 0.999889970 0.014719130 -1.794158459 0.009124021 -0.014735112 0.999849737 63.392345428
0.999958932 -0.001534375 -0.008933703 0.917838037 0.001660638 0.999898553 0.014143089 -1.796809196 0.008911097 -0.014157344 0.999860048 63.947231293
0.999953568 -0.002548092 -0.009300302 0.944270134 0.002680846 0.999894202 0.014289761 -1.810514450 0.009262908 -0.014314028 0.999854565 64.463859558
0.999946654 -0.003182997 -0.009827097 0.956685603 0.003321822 0.999894381 0.014142849 -1.809110761 0.009781042 -0.014174739 0.999851644 65.022941589
0.999961734 -0.001855635 -0.008550741 0.925589204 0.001978881 0.999893904 0.014427752 -1.831409693 0.008523063 -0.014444121 0.999859333 65.421257019
0.999961555 -0.002017422 -0.008538972 0.933816612 0.002138873 0.999896348 0.014237979 -1.833490729 0.008509364 -0.014255696 0.999862134 65.953231812
0.999965787 -0.001477282 -0.008148154 0.934090674 0.001591499 0.999900341 0.014028963 -1.838868856 0.008126618 -0.014041449 0.999868333 66.482696533
0.999971151 -0.000599241 -0.007581579 0.934923232 0.000707022 0.999898612 0.014221421 -1.854058027 0.007572287 -0.014226369 0.999870121 67.021751404
0.999966323 -0.001254945 -0.008113601 0.936791956 0.001371897 0.999895036 0.014424892 -1.855766535 0.008094645 -0.014435539 0.999862969 67.607635498
0.999958098 -0.002601935 -0.008777292 0.963684261 0.002716763 0.999910593 0.013096004 -1.847363234 0.008742430 -0.013119299 0.999875665 68.203071594
0.999965489 -0.000729656 -0.008274694 0.965971708 0.000854128 0.999886334 0.015048990 -1.895726681 0.008262774 -0.015055540 0.999852538 68.525840759
0.999965906 -0.000627720 -0.008223600 0.964809716 0.000748620 0.999891460 0.014706746 -1.896254182 0.008213475 -0.014712402 0.999858081 69.092842102
0.999967217 -0.000998740 -0.008027193 0.971229136 0.001118392 0.999888062 0.014915146 -1.902893186 0.008011400 -0.014923636 0.999856532 69.650276184
0.999965906 -0.000652590 -0.008223611 0.990196049 0.000777821 0.999883652 0.015234288 -1.926936269 0.008212713 -0.015240168 0.999850154 70.159255981
0.999962986 -0.001311141 -0.008501234 0.996960640 0.001435087 0.999892592 0.014590177 -1.924586773 0.008481192 -0.014601837 0.999857426 70.792564392
0.999967217 -0.000850025 -0.008049404 0.986296415 0.000968642 0.999890864 0.014743767 -1.938470006 0.008035993 -0.014751079 0.999858856 71.196609497
0.999965370 -0.000631347 -0.008295717 0.993997693 0.000754225 0.999889970 0.014817467 -1.941805243 0.008285448 -0.014823210 0.999855757 71.746505737
0.999970019 -0.000374065 -0.007733296 0.994159818 0.000490476 0.999886572 0.015056795 -1.952902555 0.007726786 -0.015060137 0.999856710 72.297149658
0.999967337 -0.000768434 -0.008042675 1.005171299 0.000887527 0.999889851 0.014814561 -1.963827729 0.008030406 -0.014821216 0.999857843 72.820320129
0.999970436 0.000104872 -0.007693827 1.000352740 0.000005771 0.999896646 0.014379242 -1.955715656 0.007694539 -0.014378862 0.999867022 73.374015808
0.999965429 -0.000707658 -0.008280513 1.026962519 0.000830424 0.999889672 0.014831891 -1.988403797 0.008269103 -0.014838256 0.999855697 73.887954712
0.999967933 -0.000142837 -0.007996353 1.021164656 0.000263055 0.999886930 0.015035142 -1.993049264 0.007993301 -0.015036765 0.999854922 74.429779053
0.999969542 -0.000058586 -0.007796053 1.027769804 0.000169702 0.999898434 0.014252961 -1.990789056 0.007794426 -0.014253850 0.999867976 74.996894836
0.999974132 0.000606347 -0.007160818 1.013708115 -0.000506603 0.999903023 0.013922761 -2.000551224 0.007168564 -0.013918775 0.999877453 75.490524292
0.999974012 0.000450415 -0.007190089 1.012255311 -0.000343807 0.999890029 0.014821426 -2.014253616 0.007195975 -0.014818570 0.999864221 75.999954224
0.999976814 0.000279323 -0.006810028 1.020413876 -0.000179286 0.999892116 0.014685772 -2.021224737 0.006813395 -0.014684211 0.999868929 76.550857544
0.999976277 0.000105262 -0.006889304 1.029274583 -0.000004064 0.999892056 0.014687492 -2.025602341 0.006890107 -0.014687116 0.999868333 77.094604492
0.999972582 -0.000128541 -0.007399408 1.033783436 0.000237360 0.999891818 0.014707416 -2.031401634 0.007396718 -0.014708770 0.999864459 77.597290039
0.999974072 -0.000148578 -0.007197628 1.043222070 0.000254436 0.999891818 0.014708678 -2.038785458 0.007194664 -0.014710129 0.999865830 78.132133484
0.999974668 -0.000645912 -0.007086312 1.054933310 0.000748439 0.999894977 0.014475196 -2.040659666 0.007076218 -0.014480133 0.999870121 78.672760010
0.999984562 -0.000162105 -0.005552000 1.056337237 0.000240492 0.999900222 0.014120818 -2.044641972 0.005549158 -0.014121935 0.999884844 79.205924988
0.999990702 -0.000223660 -0.004310092 1.068796277 0.000285159 0.999898136 0.014273374 -2.052897453 0.004306460 -0.014274471 0.999888837 79.755485535
0.999994874 -0.000701973 -0.003128073 1.085364103 0.000747241 0.999894679 0.014493773 -2.067080975 0.003117569 -0.014496035 0.999890089 80.287803650
0.999999702 0.000002734 0.000803343 1.104460835 -0.000014439 0.999893904 0.014570459 -2.071947575 -0.000803218 -0.014570464 0.999893486 80.845443726
0.999987960 0.000157951 0.004903523 1.114085078 -0.000230372 0.999890924 0.014772170 -2.087312222 -0.004900656 -0.014773121 0.999878943 81.370452881
0.999963820 0.000895826 0.008466778 1.140737891 -0.001021589 0.999888957 0.014861115 -2.102097511 -0.008452526 -0.014869224 0.999853730 81.906974792
0.999929845 -0.000747636 0.011814488 1.168431878 0.000583124 0.999902904 0.013921948 -2.079527855 -0.011823749 -0.013914081 0.999833286 82.462463379
0.999826193 -0.000119573 0.018647905 1.200861931 -0.000138916 0.999903917 0.013859683 -2.097203255 -0.018647771 -0.013859862 0.999729991 83.014533997
0.999716938 -0.000829611 0.023774302 1.219116211 0.000499380 0.999903321 0.013892846 -2.098964691 -0.023783531 -0.013877039 0.999620795 83.536674500
0.999570191 -0.000990252 0.029298091 1.250491738 0.000592240 0.999907434 0.013590492 -2.101237297 -0.029308841 -0.013567301 0.999478281 84.094635010
0.999310970 -0.000938620 0.037103977 1.292298317 0.000438015 0.999908805 0.013497763 -2.106060982 -0.037113268 -0.013472210 0.999220192 84.659637451
0.998984933 -0.002002457 0.045001488 1.339095831 0.001415472 0.999913573 0.013071773 -2.112042665 -0.045023777 -0.012994805 0.998901367 85.208747864
0.998671353 -0.002390961 0.051475760 1.385480642 0.001708117 0.999909997 0.013305251 -2.114361048 -0.051502943 -0.013199648 0.998585582 85.747825623
0.998164594 -0.002174729 0.060520265 1.437070847 0.001374178 0.999911070 0.013266288 -2.126158237 -0.060543731 -0.013158773 0.998078823 86.294868469
0.997539818 -0.002734196 0.070049092 1.511470795 0.001805475 0.999909699 0.013318031 -2.144516468 -0.070079163 -0.013158794 0.997454643 86.820533752
0.996904910 -0.002813198 0.078565642 1.579822540 0.001784492 0.999911785 0.013160728 -2.146972895 -0.078595728 -0.012979795 0.996822059 87.372634888
0.996233523 -0.003269811 0.086649470 1.642079830 0.002151876 0.999913216 0.012992076 -2.155666828 -0.086684428 -0.012756682 0.996154070 87.914215088
0.995275676 -0.002892033 0.097045928 1.715176582 0.001611930 0.999910712 0.013266496 -2.163208485 -0.097075611 -0.013047392 0.995191514 88.456619263
0.994213462 -0.004094597 0.107343696 1.810706615 0.002703597 0.999910533 0.013100701 -2.177749157 -0.107387736 -0.012734680 0.994135678 89.014587402
0.993159533 -0.004311786 0.116686374 1.892383575 0.002768461 0.999906600 0.013385119 -2.185890675 -0.116733178 -0.012970516 0.993078589 89.546218872
0.991811872 -0.004121121 0.127641156 1.994748116 0.002465373 0.999910772 0.013127174 -2.189785480 -0.127683848 -0.012705004 0.991733551 90.107849121
0.990183949 -0.004418493 0.139700606 2.100076675 0.002584315 0.999908030 0.013308029 -2.203918457 -0.139746577 -0.012816364 0.990104377 90.649253845
0.988633931 -0.005092713 0.150256202 2.205481529 0.003216317 0.999913752 0.012728356 -2.207170010 -0.150308058 -0.012100413 0.988565147 91.195426941
0.987058699 -0.005651466 0.160259575 2.321698189 0.003661471 0.999912500 0.012709908 -2.214911938 -0.160317391 -0.011958638 0.986993015 91.732818604
0.984885156 -0.006058806 0.173102438 2.445566177 0.003957280 0.999914289 0.012482890 -2.223208904 -0.173163235 -0.011609198 0.984824777 92.261428833
0.982578754 -0.006068720 0.185747430 2.555570602 0.003782671 0.999912739 0.012659224 -2.229619026 -0.185808063 -0.011736065 0.982515991 92.806007385
0.980682731 -0.006614439 0.195492953 2.687451363 0.004161178 0.999907374 0.012957145 -2.239236116 -0.195560560 -0.011893368 0.980619490 93.319862366
0.978058934 -0.006975578 0.208211154 2.833730698 0.004353344 0.999905348 0.013049684 -2.250579834 -0.208282530 -0.011856946 0.977996826 93.843933105
0.975068152 -0.007859676 0.221766189 2.966354370 0.005091279 0.999901831 0.013052307 -2.255141497 -0.221847013 -0.011597811 0.975012481 94.376083374
0.972433150 -0.007385549 0.233065084 3.124164581 0.004406929 0.999901831 0.013298348 -2.260694504 -0.233140409 -0.011904652 0.972370207 94.922645569
0.969313085 -0.007589007 0.245712236 3.221069336 0.004573909 0.999907136 0.012839214 -2.246372223 -0.245786861 -0.011321355 0.969257772 95.412269592
0.965642035 -0.007735908 0.259760588 3.386390686 0.004605898 0.999909282 0.012656104 -2.255060673 -0.259834945 -0.011024836 0.965590119 95.926246643
0.962261438 -0.007742759 0.272016704 3.557319641 0.004435367 0.999908686 0.012771529 -2.258190632 -0.272090733 -0.011083057 0.962207854 96.476119995
0.959349453 -0.008790204 0.282083511 3.827455521 0.005176576 0.999894738 0.013553194 -2.294198036 -0.282172918 -0.011542026 0.959294140 97.026702881
0.954886734 -0.008583922 0.296846062 3.946323395 0.004872296 0.999900460 0.013241131 -2.270921707 -0.296930194 -0.011197459 0.954833448 97.543426514
0.950695574 -0.008821837 0.310000092 4.199108124 0.004932920 0.999898970 0.013326577 -2.293710232 -0.310086340 -0.011140313 0.950643122 98.080795288
0.946927309 -0.009232105 0.321315020 4.397027969 0.005157621 0.999895155 0.013529537 -2.303058147 -0.321406245 -0.011154269 0.946875691 98.590652466
0.942344666 -0.009294813 0.334514648 4.596355438 0.004883692 0.999889731 0.014025299 -2.309094906 -0.334608018 -0.011582999 0.942286193 99.119056702
0.937406242 -0.009824577 0.348099083 4.818668365 0.005353311 0.999890327 0.013804326 -2.315111876 -0.348196536 -0.011076780 0.937356114 99.639602661
0.932823241 -0.010122883 0.360191911 5.036973953 0.005639900 0.999893010 0.013494946 -2.322097301 -0.360289991 -0.010556954 0.932780623 100.142936707
0.928618193 -0.011059931 0.370871931 5.275089264 0.006416084 0.999884784 0.013752902 -2.327154875 -0.370981276 -0.010391650 0.928582191 100.665687561
0.923310578 -0.011502869 0.383881569 5.510574341 0.006687465 0.999881268 0.013876404 -2.333130360 -0.383995742 -0.010245036 0.923278034 101.158622742
0.917734861 -0.012084114 0.397009581 5.748470306 0.007070489 0.999875724 0.014089782 -2.340368509 -0.397130519 -0.010123631 0.917706370 101.649055481
0.912631631 -0.012877246 0.408580065 6.008865356 0.007920234 0.999873042 0.013821911 -2.343830585 -0.408706188 -0.009378263 0.912617803 102.176887512
0.906578183 -0.012557750 0.421851069 6.268768311 0.007347600 0.999875367 0.013974152 -2.348660469 -0.421973974 -0.009569067 0.906557441 102.668594360
0.899789453 -0.012972756 0.436131418 6.538013458 0.007608964 0.999872386 0.014043096 -2.356600761 -0.436257929 -0.009317322 0.899773359 103.162452698
0.893653929 -0.013338010 0.448558658 6.804424286 0.007860074 0.999870121 0.014071944 -2.368230820 -0.448688090 -0.009049743 0.893642604 103.633865356
0.888331473 -0.014498487 0.458974123 7.083801270 0.008916154 0.999857605 0.014327440 -2.371294260 -0.459116518 -0.008635231 0.888334036 104.129852295
0.881385982 -0.014754884 0.472166330 7.360664368 0.009011571 0.999855399 0.014423046 -2.385200500 -0.472310841 -0.008457310 0.881391466 104.557106018
