1.000000000 0.000000000 0.000000000 0.000000000 0.000000000 1.000000000 0.000000000 0.000000000 0.000000000 0.000000000 1.000000000 0.000000000
1.000000000 -0.000166633 0.000001278 0.000070298 0.000166633 1.000000000 -0.000049636 0.000582970 -0.000001269 0.000049636 1.000000000 0.000483324
1.000000000 -0.000094491 0.000004104 -0.000102226 0.000094491 1.000000000 -0.000030371 0.000306077 -0.000004101 0.000030371 1.000000000 0.000032320
1.000000000 -0.000118545 0.000077021 0.000039783 0.000118553 1.000000000 -0.000102282 0.000985394 -0.000077009 0.000102291 1.000000000 0.000786290
1.000000000 -0.000137251 -0.000013075 0.000812822 0.000137250 1.000000000 -0.000055747 0.001259636 0.000013082 0.000055745 1.000000000 0.000813058
1.000000000 0.000017027 0.000078579 -0.001264554 -0.000017026 1.000000000 -0.000003543 0.000046389 -0.000078579 0.000003542 1.000000000 -0.000727206
1.000000000 0.000007414 0.000042427 -0.000909464 -0.000007407 1.000000000 -0.000162568 0.000600457 -0.000042428 0.000162568 1.000000000 -0.000432312
1.000000000 0.000083329 0.000114562 -0.001259214 -0.000083328 1.000000000 -0.000007663 -0.000396115 -0.000114563 0.000007653 1.000000000 -0.000179789
1.000000000 0.000183146 0.000097195 -0.001915473 -0.000183149 1.000000000 0.000031155 -0.000515044 -0.000097189 -0.000031173 1.000000000 -0.000399045
1.000000000 0.000042821 0.000122024 -0.001156359 -0.000042802 1.000000000 -0.000149551 0.001115510 -0.000122030 0.000149546 1.000000000 0.000687901
1.000000000 0.000190599 0.000049042 -0.001142085 -0.000190593 1.000000000 -0.000122103 0.000622569 -0.000049065 0.000122093 1.000000000 -0.000608413
1.000000000 0.000036755 0.000081171 -0.000979712 -0.000036752 1.000000000 -0.000039862 0.000790705 -0.000081173 0.000039859 1.000000000 0.000248529
1.000000000 0.000185660 0.000102675 -0.000909586 -0.000185641 0.999999940 -0.000192030 0.002130636 -0.000102711 0.000192011 1.000000000 0.001598804
1.000000000 0.000117880 0.000061027 -0.000696663 -0.000117874 1.000000000 -0.000102650 0.000960997 -0.000061039 0.000102643 1.000000000 -0.000184717
0.999999940 0.000146941 0.000202162 -0.002058427 -0.000146902 1.000000000 -0.000190495 0.002221419 -0.000202190 0.000190465 0.999999940 0.001917367
0.999999940 0.000352298 0.000177364 -0.002609093 -0.000352266 0.999999940 -0.000182948 0.002322023 -0.000177429 0.000182885 0.999999940 0.002343199
0.999999940 0.000294596 0.000234739 -0.002373672 -0.000294561 0.999999940 -0.000151060 0.002917265 -0.000234783 0.000150991 0.999999940 0.003139751
0.999999940 0.000153292 0.000193445 -0.001582834 -0.000153269 1.000000000 -0.000121087 0.001527034 -0.000193463 0.000121058 1.000000000 0.002366058
0.999999940 0.000144370 0.000225577 -0.002232868 -0.000144369 1.000000000 -0.000004584 0.001143443 -0.000225577 0.000004551 1.000000000 0.001707408
0.999999940 0.000203400 0.000157830 -0.002005548 -0.000203396 1.000000000 -0.000024294 0.001776469 -0.000157835 0.000024262 1.000000000 0.001854377
0.999999940 0.000201289 0.000145526 -0.001744392 -0.000201281 1.000000000 -0.000054516 0.001492738 -0.000145537 0.000054487 1.000000000 0.002022779
1.000000000 0.000175436 0.000089201 -0.001902660 -0.000175430 1.000000000 -0.000069343 0.001513161 -0.000089213 0.000069328 1.000000000 0.001868779
0.999999940 0.000344900 0.000206930 -0.002765683 -0.000344877 0.999999940 -0.000114507 0.002133539 -0.000206969 0.000114435 1.000000000 0.002464726
0.999999940 0.000293738 0.000224333 -0.002214506 -0.000293714 0.999999940 -0.000107684 0.001612774 -0.000224365 0.000107618 0.999999940 0.002058487
0.999999940 0.000139424 0.000210649 -0.001283008 -0.000139403 1.000000000 -0.000096605 0.002706806 -0.000210663 0.000096576 1.000000000 0.003917409
0.999999940 0.000243312 0.000234592 -0.002483587 -0.000243305 0.999999940 -0.000030729 0.001543841 -0.000234600 0.000030671 1.000000000 0.002192862
1.000000000 0.000160529 0.000131632 -0.001436462 -0.000160516 1.000000000 -0.000093718 0.002294297 -0.000131647 0.000093697 1.000000000 0.002163375
1.000000000 0.000057538 0.000115197 -0.001528696 -0.000057537 1.000000000 -0.000012415 0.001315387 -0.000115197 0.000012408 1.000000000 0.001982240
1.000000000 0.000151953 0.000173648 -0.001433517 -0.000151948 1.000000000 -0.000025024 0.001002565 -0.000173652 0.000024998 1.000000000 0.001917487
1.000000000 0.000164824 0.000153283 -0.001190344 -0.000164811 1.000000000 -0.000084590 0.001809043 -0.000153297 0.000084565 1.000000000 0.002863660
0.999999940 0.000253034 0.000205579 -0.001617099 -0.000253009 0.999999940 -0.000122213 0.002312437 -0.000205610 0.000122161 1.000000000 0.002602444
0.999999940 0.000301319 0.000268720 -0.002292026 -0.000301314 0.999999940 -0.000020090 0.000958504 -0.000268726 0.000020010 0.999999940 0.001384173
0.999999940 0.000317319 0.000222006 -0.002686576 -0.000317290 0.999999940 -0.000129284 0.001432473 -0.000222047 0.000129213 0.999999940 0.002053785
0.999999940 0.000260920 0.000216911 -0.001613205 -0.000260880 0.999999940 -0.000183382 0.001909619 -0.000216958 0.000183326 0.999999940 0.001561799
1.000000000 0.000120337 0.000190573 -0.001748910 -0.000120312 1.000000000 -0.000128028 0.001610344 -0.000190588 0.000128005 1.000000000 0.002181864
1.000000000 0.000139936 0.000161616 -0.001849835 -0.000139921 1.000000000 -0.000094217 0.002866931 -0.000161630 0.000094194 1.000000000 0.003199784
0.999999940 0.000249269 0.000230427 -0.002133568 -0.000249245 0.999999940 -0.000103989 0.002292097 -0.000230453 0.000103932 0.999999940 0.002440828
0.999999940 0.000332934 0.000165942 -0.001136668 -0.000332922 0.999999940 -0.000071307 0.002773680 -0.000165966 0.000071252 1.000000000 0.002542216
0.999999940 0.000258742 0.000186637 -0.001561224 -0.000258720 0.999999940 -0.000115669 0.001480161 -0.000186666 0.000115620 1.000000000 0.003144287
0.999999940 0.000374577 -0.000082124 0.004371705 -0.000374581 0.999999940 -0.000043414 -0.006437523 0.000082107 0.000043445 1.000000000 0.050892007
0.999999881 0.000326261 -0.000142149 0.006682818 -0.000326336 0.999999821 -0.000527111 -0.008536574 0.000141977 0.000527157 0.999999881 0.141240343
0.999999642 0.000785796 0.000234272 0.002599731 -0.000785467 0.999998689 -0.001398409 -0.006485041 -0.000235370 0.001398225 0.999998987 0.253518820
0.999999642 0.000683712 0.000178808 0.006430694 -0.000683483 0.999998868 -0.001279066 -0.009824319 -0.000179682 0.001278944 0.999999166 0.385019362
0.999999642 0.000702834 0.000127156 0.008432909 -0.000702697 0.999999166 -0.001074775 -0.013703372 -0.000127912 0.001074686 0.999999464 0.528211951
1.000000000 0.000179842 0.000135981 0.013787732 -0.000179799 0.999999940 -0.000322278 -0.024959536 -0.000136039 0.000322254 0.999999940 0.679096639
1.000000000 -0.000054028 0.000054834 0.019156089 0.000054038 1.000000000 -0.000180465 -0.027361637 -0.000054824 0.000180468 1.000000000 0.839153230
1.000000000 0.000195354 0.000040000 0.021870960 -0.000195342 0.999999881 -0.000313318 -0.029158494 -0.000040062 0.000313310 0.999999881 1.020510793
0.999999940 0.000335876 -0.000024581 0.026004210 -0.000335880 1.000000000 -0.000173380 -0.034299068 0.000024523 0.000173388 1.000000000 1.197127819
0.999999762 0.000638117 0.000340882 0.026020350 -0.000638184 0.999999762 0.000195903 -0.041218787 -0.000340757 -0.000196121 0.999999940 1.379202247
0.999999523 0.001047645 0.000078386 0.029253703 -0.001047641 0.999999523 -0.000054128 -0.041869044 -0.000078442 0.000054045 1.000000000 1.574277759
0.999999762 0.000434272 0.000408130 0.033109572 -0.000434492 0.999999702 0.000538954 -0.057377920 -0.000407896 -0.000539131 0.999999762 1.768098235
0.999999702 0.000639107 0.000473233 0.035213768 -0.000639470 0.999999523 0.000766813 -0.063792638 -0.000472743 -0.000767115 0.999999583 1.951002717
0.999999940 0.000141621 0.000368790 0.039125592 -0.000141828 0.999999821 0.000563051 -0.068637244 -0.000368710 -0.000563103 0.999999762 2.168324232
1.000000119 0.000185395 0.000016837 0.045541279 -0.000185407 0.999999762 0.000697412 -0.072686456 -0.000016708 -0.000697416 0.999999702 2.392869473
0.999999762 0.000658222 0.000176334 0.047836885 -0.000658311 0.999999642 0.000507000 -0.077558994 -0.000176000 -0.000507116 0.999999821 2.617717028
0.999999702 0.000481990 0.000477206 0.056030791 -0.000482252 0.999999762 0.000550149 -0.084520169 -0.000476940 -0.000550379 0.999999702 2.846892595
0.999999583 0.000538016 0.000690756 0.059572525 -0.000538416 0.999999762 0.000578881 -0.087439485 -0.000690445 -0.000579253 0.999999583 3.088237047
0.999999642 0.000832387 0.000155865 0.068012342 -0.000832520 0.999999285 0.000850506 -0.100986868 -0.000155157 -0.000850635 0.999999642 3.322800875
0.999999702 0.000577551 0.000317761 0.072808295 -0.000577972 0.999998987 0.001323543 -0.112223819 -0.000316996 -0.001323726 0.999999046 3.571310043
0.999999464 0.000969708 0.000328579 0.076953895 -0.000970117 0.999998808 0.001246744 -0.118097879 -0.000327369 -0.001247062 0.999999166 3.829381466
0.999999404 0.000873717 0.000684653 0.076819457 -0.000874340 0.999999166 0.000910039 -0.119477138 -0.000683857 -0.000910637 0.999999344 4.090073586
0.999999166 0.001144052 0.000614202 0.082338929 -0.001144559 0.999998987 0.000826225 -0.123353288 -0.000613256 -0.000826927 0.999999464 4.347805500
0.999999404 0.000667142 0.000923973 0.086188354 -0.000667943 0.999999464 0.000867749 -0.131090969 -0.000923394 -0.000868366 0.999999225 4.606301308
0.999998868 0.001226941 0.001003840 0.092928864 -0.001228072 0.999998629 0.001126964 -0.141466931 -0.001002455 -0.001128196 0.999998868 4.856034279
0.999998808 0.001336182 0.000855152 0.099432617 -0.001337390 0.999998152 0.001413621 -0.150315031 -0.000853262 -0.001414763 0.999998629 5.114584923
0.999998510 0.001219797 0.001160276 0.101031266 -0.001220838 0.999998808 0.000897115 -0.155265599 -0.001159181 -0.000898530 0.999998927 5.374827385
0.999998689 0.001235713 0.001043300 0.106389314 -0.001236721 0.999998689 0.000966753 -0.162482455 -0.001042104 -0.000968042 0.999998987 5.644342422
0.999998271 0.001233103 0.001373802 0.106032677 -0.001234889 0.999998391 0.001300106 -0.172956631 -0.001372196 -0.001301801 0.999998212 5.908938408
0.999997616 0.001571597 0.001491661 0.109125450 -0.001573551 0.999997914 0.001309207 -0.182152867 -0.001489600 -0.001311551 0.999998033 6.190393925
0.999997854 0.001316209 0.001587056 0.121863492 -0.001318007 0.999998510 0.001132530 -0.185113385 -0.001585563 -0.001134620 0.999998093 6.475681305
0.999997437 0.001626131 0.001568821 0.126028836 -0.001628412 0.999997616 0.001453814 -0.194715321 -0.001566454 -0.001456365 0.999997735 6.765484333
0.999996960 0.001823424 0.001640743 0.130758494 -0.001825194 0.999997675 0.001077989 -0.200077996 -0.001638774 -0.001080981 0.999998093 7.063598633
0.999997914 0.001501199 0.001419857 0.139339402 -0.001502896 0.999998152 0.001194913 -0.209022269 -0.001418060 -0.001197044 0.999998331 7.364496231
0.999996245 0.001976108 0.001877733 0.137853637 -0.001978671 0.999997079 0.001363787 -0.223879889 -0.001875033 -0.001367497 0.999997318 7.672127724
0.999996543 0.001816018 0.001867982 0.145828232 -0.001818877 0.999997139 0.001530001 -0.230234727 -0.001865198 -0.001533394 0.999997139 7.981484890
0.999998033 0.001581241 0.001187905 0.161059201 -0.001583889 0.999996245 0.002231837 -0.246790826 -0.001184371 -0.002233714 0.999996722 8.297670364
0.999999106 0.000967390 0.000896774 0.170657188 -0.000969439 0.999996841 0.002287261 -0.256628573 -0.000894559 -0.002288128 0.999996901 8.612831116
0.999996781 0.002464958 0.000504261 0.178930372 -0.002465954 0.999994993 0.001985715 -0.265110165 -0.000499364 -0.001986952 0.999997914 8.969552040
0.999996126 0.002737358 0.000464711 0.185328320 -0.002738404 0.999993742 0.002265276 -0.280476540 -0.000458507 -0.002266540 0.999997318 9.304347992
0.999995947 0.002529738 0.001276663 0.175569475 -0.002533115 0.999993265 0.002651034 -0.298683882 -0.001269948 -0.002654257 0.999995649 9.657314301
0.999996960 0.002181854 0.001187445 0.183975473 -0.002185293 0.999993384 0.002903099 -0.308825344 -0.001181103 -0.002905685 0.999995053 10.005184174
0.999996662 0.002509162 0.000622443 0.194592714 -0.002510562 0.999994218 0.002259673 -0.315292537 -0.000616770 -0.002261228 0.999997258 10.370160103
0.999995828 0.002765678 0.000806711 0.203214258 -0.002767537 0.999993622 0.002313275 -0.322560191 -0.000800309 -0.002315498 0.999996960 10.729192734
0.999997675 0.002098153 0.000463798 0.212010741 -0.002099240 0.999994993 0.002355162 -0.330928802 -0.000458855 -0.002356130 0.999997139 11.094290733
0.999996781 0.002398419 0.000841453 0.226258039 -0.002400259 0.999994695 0.002191743 -0.341049463 -0.000836192 -0.002193756 0.999997258 11.501486778
0.999994516 0.002800757 0.001749237 0.210027367 -0.002804739 0.999993443 0.002277642 -0.349655718 -0.001742847 -0.002282535 0.999995887 11.860665321
0.999997795 0.001891998 0.000907882 0.239364803 -0.001894129 0.999995410 0.002352471 -0.359484017 -0.000903428 -0.002354186 0.999996841 12.236426353
0.999996960 0.001979326 0.001412639 0.249341741 -0.001983256 0.999994099 0.002786339 -0.375201017 -0.001407116 -0.002789132 0.999995112 12.622398376
0.999994636 0.002804221 0.001687622 0.239717692 -0.002808587 0.999992728 0.002590018 -0.373581916 -0.001680347 -0.002594744 0.999995232 13.033342361
0.999995828 0.002475329 0.001497204 0.255241871 -0.002479416 0.999993145 0.002733427 -0.395644665 -0.001490428 -0.002737127 0.999995172 13.448014259
0.999992728 0.003198361 0.002060922 0.255723506 -0.003204336 0.999990642 0.002902623 -0.409299701 -0.002051619 -0.002909206 0.999993682 13.847517014
0.999991775 0.003314689 0.002331144 0.267582744 -0.003321897 0.999989808 0.003095357 -0.408995658 -0.002320860 -0.003103076 0.999992430 14.260445595
0.999987960 0.003869300 0.002984161 0.271681309 -0.003878447 0.999987841 0.003065540 -0.421736121 -0.002972262 -0.003077078 0.999990821 14.678439140
0.999989152 0.003381102 0.003212316 0.281055510 -0.003390250 0.999990165 0.002846964 -0.434323579 -0.003202659 -0.002857824 0.999990761 15.089627266
0.999991834 0.002812702 0.002895737 0.302632570 -0.002822661 0.999990046 0.003440790 -0.451567978 -0.002886030 -0.003448935 0.999989867 15.521758080
0.999989331 0.002927277 0.003571574 0.305480421 -0.002938496 0.999990761 0.003139883 -0.459722519 -0.003562349 -0.003150345 0.999988616 15.964426041
0.999985814 0.003528742 0.004023436 0.311159879 -0.003542257 0.999988079 0.003356789 -0.471998155 -0.004011543 -0.003370994 0.999986291 16.413190842
0.999984801 0.003646381 0.004137703 0.322652757 -0.003658748 0.999988794 0.002984983 -0.484045625 -0.004126772 -0.003000077 0.999987006 16.856195450
0.999984086 0.003278909 0.004593235 0.331518114 -0.003294687 0.999988794 0.003431923 -0.503947735 -0.004581929 -0.003447002 0.999983549 17.304954529
0.999980748 0.003674450 0.005005752 0.340051353 -0.003693466 0.999985993 0.003794798 -0.514158070 -0.004991737 -0.003813213 0.999980211 17.762491226
0.999981821 0.003332642 0.005025413 0.354894817 -0.003348931 0.999989152 0.003236378 -0.521263123 -0.005014572 -0.003253149 0.999982119 18.233947754
0.999980032 0.003472451 0.005280226 0.364777029 -0.003491004 0.999987721 0.003508301 -0.535120487 -0.005267979 -0.003526664 0.999979913 18.686056137
0.999973714 0.004600430 0.005595657 0.367830276 -0.004620890 0.999982715 0.003648903 -0.542740881 -0.005578772 -0.003674664 0.999977767 19.155050278
0.999978900 0.003856921 0.005217422 0.388319314 -0.003874037 0.999987066 0.003274341 -0.559819400 -0.005204727 -0.003294484 0.999980986 19.557723999
0.999976873 0.004260397 0.005296728 0.391250491 -0.004279786 0.999984086 0.003654612 -0.573988914 -0.005281074 -0.003677196 0.999979258 20.043050766
0.999965787 0.005002898 0.006587098 0.395251602 -0.005030525 0.999978542 0.004184173 -0.589642406 -0.006566024 -0.004217166 0.999969542 20.542331696
0.999963522 0.005575269 0.006461927 0.400383532 -0.005597174 0.999978602 0.003376791 -0.583538771 -0.006442963 -0.003412837 0.999973357 21.049514771
0.999969065 0.005345935 0.005760326 0.412647903 -0.005366027 0.999979675 0.003478251 -0.598763824 -0.005741613 -0.003509055 0.999977291 21.555061340
0.999964476 0.006391211 0.005499318 0.437660933 -0.006410862 0.999973118 0.003563365 -0.618738592 -0.005476396 -0.003598494 0.999978483 22.046718597
0.999966025 0.006735890 0.004755145 0.451557577 -0.006752897 0.999970853 0.003569702 -0.630161881 -0.004730961 -0.003601692 0.999982297 22.551574707
0.999972761 0.005465033 0.004965262 0.432230085 -0.005484735 0.999977112 0.003963296 -0.638163686 -0.004943489 -0.003990422 0.999979794 23.049129486
0.999975741 0.005770247 0.003906455 0.452284962 -0.005785667 0.999975443 0.003947542 -0.647776902 -0.003883581 -0.003970047 0.999984562 23.570405960
0.999981284 0.004789901 0.003811246 0.457733631 -0.004803766 0.999981821 0.003637369 -0.662933826 -0.003793755 -0.003655610 0.999986112 24.095594406
0.999980867 0.005356285 0.003083933 0.468791485 -0.005366885 0.999979675 0.003439149 -0.676257730 -0.003065449 -0.003455634 0.999989331 24.626190186
0.999974310 0.006540533 0.002929602 0.487086952 -0.006551323 0.999971867 0.003688863 -0.690396428 -0.002905392 -0.003707962 0.999988914 25.160379410
0.999973536 0.006891105 0.002300055 0.500958443 -0.006899820 0.999969065 0.003803512 -0.702595890 -0.002273773 -0.003819282 0.999990046 25.673898697
0.999971867 0.007191457 0.002144212 0.497598022 -0.007199002 0.999967873 0.003531455 -0.717148781 -0.002118747 -0.003546791 0.999991477 26.237995148
0.999973834 0.006972015 0.001940675 0.510797560 -0.006979169 0.999968767 0.003704293 -0.715741932 -0.001914788 -0.003717740 0.999991179 26.810419083
0.999976993 0.006511193 0.001893866 0.515373290 -0.006518076 0.999972105 0.003650955 -0.740833819 -0.001870041 -0.003663215 0.999991536 27.342948914
0.999981999 0.005940231 0.000817816 0.542191446 -0.005943097 0.999976039 0.003546781 -0.756263912 -0.000796728 -0.003551578 0.999993384 27.906581879
0.999985218 0.005436345 -0.000199553 0.574222744 -0.005435567 0.999978364 0.003708146 -0.772900105 0.000219708 -0.003707007 0.999993086 28.449535370
0.999981642 0.006049159 0.000166805 0.557989180 -0.006049816 0.999972582 0.004258176 -0.785830200 -0.000141042 -0.004259107 0.999990880 28.937683105
0.999980509 0.006205137 -0.000666769 0.580218554 -0.006202363 0.999972403 0.004084149 -0.812951565 0.000692093 -0.004079934 0.999991357 29.529741287
0.999980927 0.006173559 -0.000215499 0.574433863 -0.006172789 0.999975145 0.003408053 -0.796506286 0.000236533 -0.003406658 0.999994159 30.071060181
0.999982178 0.005946943 -0.000450684 0.596501529 -0.005945516 0.999977529 0.003101766 -0.812257767 0.000469120 -0.003099031 0.999995053 30.621261597
0.999977648 0.006610013 -0.000947738 0.597692072 -0.006606588 0.999971807 0.003571504 -0.832397461 0.000971319 -0.003565164 0.999993145 31.146558762
0.999971211 0.007456162 -0.001376725 0.606418729 -0.007451080 0.999965489 0.003661414 -0.843677700 0.001403978 -0.003651050 0.999992371 31.700544357
0.999984205 0.005260541 -0.001969939 0.634830236 -0.005253264 0.999979436 0.003681183 -0.861410618 0.001989263 -0.003670776 0.999991298 32.288585663
0.999981284 0.005694171 -0.002236706 0.636233509 -0.005685126 0.999975741 0.004029844 -0.878114820 0.002259599 -0.004017053 0.999989450 32.829044342
0.999991596 0.003073092 -0.002684021 0.668504357 -0.003063061 0.999988258 0.003733633 -0.903889418 0.002695464 -0.003725380 0.999989390 33.396541595
0.999986470 0.004269381 -0.002942414 0.668748498 -0.004257286 0.999982476 0.004104530 -0.914384961 0.002959886 -0.004091947 0.999987245 33.923927307
0.999991357 0.002588141 -0.003228195 0.682486236 -0.002573763 0.999986768 0.004450288 -0.935324669 0.003239670 -0.004441940 0.999984801 34.469749451
0.999989629 0.002417828 -0.003843500 0.697397172 -0.002400727 0.999987185 0.004447871 -0.955737293 0.003854205 -0.004438597 0.999982655 34.988933563
0.999986768 0.003273489 -0.003967189 0.682247341 -0.003256040 0.999985039 0.004396815 -0.990898192 0.003981524 -0.004383840 0.999982476 35.541938782
0.999986112 0.003451955 -0.003965248 0.686354041 -0.003433855 0.999983728 0.004562265 -1.002195716 0.003980933 -0.004548586 0.999981761 36.093368530
0.999987841 0.002858177 -0.004014423 0.712566376 -0.002840173 0.999985933 0.004483421 -1.013765931 0.004027181 -0.004471966 0.999981880 36.678852081
0.999983847 0.003634089 -0.004357677 0.718233883 -0.003614727 0.999983549 0.004442876 -1.018538117 0.004373751 -0.004427053 0.999980569 37.224319458
0.999982715 0.004021016 -0.004284641 0.725960851 -0.004002059 0.999982178 0.004424013 -1.030740261 0.004302353 -0.004406789 0.999981046 37.781120300
0.999982417 0.004061121 -0.004304355 0.727657259 -0.004043133 0.999983013 0.004179392 -1.041800261 0.004321254 -0.004161915 0.999981940 38.279937744
0.999983847 0.003632142 -0.004369433 0.735494196 -0.003614562 0.999985337 0.004024833 -1.053109288 0.004383988 -0.004008975 0.999982297 38.826633453
0.999978721 0.004639278 -0.004583160 0.740711451 -0.004624067 0.999983728 0.003323828 -1.052765608 0.004598506 -0.003302564 0.999983907 39.376888275
0.999981225 0.004427351 -0.004216507 0.717478752 -0.004410373 0.999982119 0.004027186 -1.100557208 0.004234261 -0.004008513 0.999983013 39.909736633
0.999980271 0.004484444 -0.004388657 0.727169633 -0.004465631 0.999980867 0.004286878 -1.116924644 0.004407797 -0.004267196 0.999981225 40.459072113
0.999985516 0.003755768 -0.003860590 0.729481459 -0.003739028 0.999983549 0.004334121 -1.131114244 0.003876805 -0.004319624 0.999983072 41.020751953
0.999984264 0.004428586 -0.003455894 0.732851505 -0.004413252 0.999980450 0.004432244 -1.144449472 0.003475455 -0.004416922 0.999984145 41.566860199
0.999984264 0.002201583 -0.005153319 0.801747084 -0.002177656 0.999986827 0.004643905 -1.174816012 0.005163475 -0.004632609 0.999975920 42.184741974
0.999984086 0.001546834 -0.005419075 0.815859199 -0.001520291 0.999986827 0.004898711 -1.185578823 0.005426581 -0.004890395 0.999973297 42.734519958
0.999984801 0.002068464 -0.005109844 0.796775401 -0.002041933 0.999984443 0.005191880 -1.231224060 0.005120503 -0.005181366 0.999973476 43.271286011
0.999985039 0.002744804 -0.004736133 0.797159612 -0.002720844 0.999983490 0.005058180 -1.239710331 0.004749939 -0.005045218 0.999975979 43.821228027
0.999985218 0.002387485 -0.004890217 0.810263216 -0.002359418 0.999980748 0.005737265 -1.268323660 0.004903821 -0.005725642 0.999971569 44.366947174
0.999983430 0.001814340 -0.005460398 0.812181473 -0.001784837 0.999983728 0.005402992 -1.299627304 0.005470114 -0.005393156 0.999970496 44.951732635
0.999977946 0.001705325 -0.006414947 0.862359226 -0.001672366 0.999985397 0.005139675 -1.305568099 0.006423619 -0.005128834 0.999966204 45.520301819
0.999981523 0.000840358 -0.006012013 0.858387113 -0.000807858 0.999984980 0.005406146 -1.313027978 0.006016466 -0.005401190 0.999967337 46.056533813
0.999981105 0.001478629 -0.005963641 0.863543689 -0.001447390 0.999985218 0.005239130 -1.332014322 0.005971299 -0.005230399 0.999968469 46.592605591
0.999978900 0.001536237 -0.006307416 0.877424419 -0.001500352 0.999982715 0.005690163 -1.349995971 0.006316047 -0.005680581 0.999963939 47.135154724
0.999978542 0.001797651 -0.006296833 0.873202682 -0.001763810 0.999983966 0.005375927 -1.354190111 0.006306396 -0.005364706 0.999965727 47.678981781
0.999972463 0.000224901 -0.007421764 0.902666569 -0.000185964 0.999986172 0.005246724 -1.379698515 0.007422842 -0.005245199 0.999958634 48.222934723
0.999975979 0.000301204 -0.006919873 0.898537517 -0.000262243 0.999984086 0.005630452 -1.392107844 0.006921459 -0.005628503 0.999960184 48.761104584
0.999975979 0.000185892 -0.006919372 0.904567242 -0.000146459 0.999983728 0.005699075 -1.411295414 0.006920319 -0.005697924 0.999959826 49.307239532
0.999978364 0.000666246 -0.006543973 0.908566594 -0.000629283 0.999983788 0.005648755 -1.422754049 0.006547631 -0.005644514 0.999962628 49.851902008
0.999975443 0.000483632 -0.006995527 0.914379478 -0.000444335 0.999984145 0.005618058 -1.437755108 0.006998133 -0.005614812 0.999959707 50.386344910
0.999976754 0.000137263 -0.006815187 0.916033626 -0.000096472 0.999982119 0.005985279 -1.459307313 0.006815885 -0.005984482 0.999958873 50.905044556
0.999978065 0.000114874 -0.006615800 0.926942468 -0.000073748 0.999980688 0.006216320 -1.465276361 0.006616386 -0.006215695 0.999958813 51.478107452
0.999978542 0.001123586 -0.006452088 0.927156091 -0.001084898 0.999981403 0.005996605 -1.475740790 0.006458706 -0.005989478 0.999961197 52.015090942
0.999978662 0.001152103 -0.006430520 0.923687518 -0.001111557 0.999979496 0.006305221 -1.502089500 0.006437652 -0.006297939 0.999959469 52.535587311
0.999980032 0.000728393 -0.006280136 0.928723097 -0.000692426 0.999983370 0.005727351 -1.497500896 0.006284204 -0.005722889 0.999963820 53.121410370
0.999980211 0.001112478 -0.006184303 0.940539777 -0.001077594 0.999983490 0.005641152 -1.518060446 0.006190478 -0.005634376 0.999964893 53.655117035
0.999980390 0.000677274 -0.006213527 0.947089911 -0.000642715 0.999984324 0.005562067 -1.528939962 0.006217197 -0.005557964 0.999965250 54.184539795
0.999984503 0.001630193 -0.005319852 0.941721261 -0.001603170 0.999985814 0.005079730 -1.537622452 0.005328057 -0.005071122 0.999972880 54.720458984
0.999983728 0.001431142 -0.005511520 0.955946028 -0.001403124 0.999986231 0.005084130 -1.551324725 0.005518720 -0.005076315 0.999971807 55.267230988
0.999985039 0.002679849 -0.004772778 0.950554609 -0.002659114 0.999986947 0.004345249 -1.535279751 0.004784363 -0.004332493 0.999979198 55.824127197
0.999980330 0.003084790 -0.005461079 0.967450678 -0.003056471 0.999981880 0.005186457 -1.553570151 0.005476979 -0.005169664 0.999971569 56.277774811
0.999983251 0.001294582 -0.005638106 0.977852404 -0.001266962 0.999987185 0.004899609 -1.588925719 0.005644377 -0.004892385 0.999972045 56.897819519
0.999982536 0.003023575 -0.005073183 1.005861402 -0.003003626 0.999987721 0.003935375 -1.523417115 0.005085019 -0.003920068 0.999979377 57.413349152
0.999979317 0.003507013 -0.005410507 1.018990517 -0.003485491 0.999985993 0.003982082 -1.533495545 0.005424396 -0.003963142 0.999977410 57.859275818
0.999982357 0.002974726 -0.005129358 1.021247864 -0.002955024 0.999988258 0.003844483 -1.538228512 0.005140734 -0.003829258 0.999979436 58.418163300
0.999980748 0.003540803 -0.005099516 1.034921885 -0.003520751 0.999985993 0.003935530 -1.541912317 0.005113380 -0.003917500 0.999979198 58.984806061
0.999983847 0.003182683 -0.004717441 1.038081288 -0.003166922 0.999989390 0.003344707 -1.559090137 0.004728036 -0.003329713 0.999983251 59.524116516
0.999984324 0.003513999 -0.004359734 1.021241307 -0.003495986 0.999985278 0.004132596 -1.594736099 0.004374193 -0.004117289 0.999981940 60.080844879
0.999986708 0.002751022 -0.004354617 1.033680201 -0.002732260 0.999987006 0.004308714 -1.607018471 0.004366414 -0.004296759 0.999981165 60.631355286
0.999984801 0.003272220 -0.004418517 1.041142702 -0.003254220 0.999986410 0.004074804 -1.644009948 0.004431790 -0.004060363 0.999981940 61.183456421
0.999986768 0.002326662 -0.004592526 1.060088038 -0.002306292 0.999987483 0.004435632 -1.698742032 0.004602789 -0.004424981 0.999979615 61.763385773
0.999986589 0.002687431 -0.004428830 1.064528227 -0.002668604 0.999987543 0.004251339 -1.714589477 0.004440199 -0.004239465 0.999981165 62.306140900
0.999985814 0.003397381 -0.004096142 1.078583241 -0.003381267 0.999986470 0.003934200 -1.721449494 0.004109452 -0.003920295 0.999983847 62.854610443
0.999985635 0.003466095 -0.004092776 1.089399695 -0.003448562 0.999984860 0.004283164 -1.740765333 0.004107560 -0.004268989 0.999982476 63.389289856
0.999983013 0.004153606 -0.004092779 1.099141002 -0.004137949 0.999984145 0.003826532 -1.747896314 0.004108608 -0.003809531 0.999984264 63.935489655
0.999985039 0.003540860 -0.004163183 1.107975841 -0.003524901 0.999986410 0.003834477 -1.757545590 0.004176703 -0.003819744 0.999983966 64.468635559
0.999986827 0.003617710 -0.003617442 1.109617352 -0.003604438 0.999986708 0.003669156 -1.771454930 0.003630668 -0.003656070 0.999986649 65.033798218
0.999989927 0.003365649 -0.002977402 1.115502715 -0.003355222 0.999988258 0.003500013 -1.778931141 0.002989145 -0.003489987 0.999989450 65.538063049
0.999990642 0.003187181 -0.002908001 1.126834631 -0.003177279 0.999989212 0.003402856 -1.790532827 0.002918815 -0.003393586 0.999989986 66.079795837
0.999986708 0.004225827 -0.002925715 1.137411952 -0.004217485 0.999987066 0.002851475 -1.803116679 0.002937727 -0.002839099 0.999991655 66.625610352
0.999990225 0.002598670 -0.003583094 1.162543654 -0.002588502 0.999992728 0.002839047 -1.819479346 0.003590445 -0.002829745 0.999989510 67.164558411
0.999989688 0.002983563 -0.003408998 1.173761129 -0.002974682 0.999992192 0.002607581 -1.833605647 0.003416752 -0.002597413 0.999990761 67.716484070
0.999989212 0.003601996 -0.002936561 1.181355715 -0.003596104 0.999991536 0.002008883 -1.845496297 0.002943771 -0.001998301 0.999993622 68.257164001
0.999990940 0.003334363 -0.002652266 1.182257891 -0.003329042 0.999992430 0.002007840 -1.854812622 0.002658941 -0.001998992 0.999994397 68.791542053
0.999989867 0.003193283 -0.003165675 1.198502302 -0.003186900 0.999993026 0.002019443 -1.873497009 0.003172100 -0.002009334 0.999992967 69.339324951
0.999990046 0.003241264 -0.003069642 1.211345196 -0.003236635 0.999993622 0.001511569 -1.888570666 0.003074522 -0.001501620 0.999994159 69.874809265
0.999990880 0.003081733 -0.002982232 1.218654871 -0.003077703 0.999994338 0.001354843 -1.901273966 0.002986390 -0.001345653 0.999994636 70.428344727
0.999991536 0.002983185 -0.002833027 1.230836987 -0.002978368 0.999994099 0.001702973 -1.921096563 0.002838090 -0.001694521 0.999994457 70.992294312
0.999991477 0.003344315 -0.002422347 1.230001926 -0.003340055 0.999992847 0.001760691 -1.934538603 0.002428218 -0.001752585 0.999995530 71.547668457
0.999991238 0.003384169 -0.002468675 1.245800853 -0.003380218 0.999993026 0.001602853 -1.953333616 0.002474082 -0.001594494 0.999995649 72.084396362
0.999991000 0.003056926 -0.002936830 1.260089755 -0.003052242 0.999994040 0.001598030 -1.971574903 0.002941696 -0.001589052 0.999994397 72.649635315
0.999989688 0.003450253 -0.002956935 1.271735072 -0.003446752 0.999993384 0.001188054 -1.980078697 0.002961014 -0.001177849 0.999994874 73.195884705
0.999992192 0.002410927 -0.003125445 1.285464048 -0.002407369 0.999996424 0.001141557 -1.991024494 0.003128186 -0.001134024 0.999994457 73.747184753
0.999991953 0.003039736 -0.002608741 1.298009157 -0.003036825 0.999994755 0.001119140 -2.006414890 0.002612130 -0.001111209 0.999995947 74.295494080
0.999987543 0.004365575 -0.002475164 1.268733978 -0.004357918 0.999985695 0.003091090 -2.035968542 0.002488624 -0.003080264 0.999992132 74.753829956
0.999985278 0.004873067 -0.002376373 1.275181055 -0.004866062 0.999983847 0.002944015 -2.051476002 0.002390680 -0.002932409 0.999992847 75.309112549
0.999993563 0.002053794 -0.002944742 1.324063301 -0.002050470 0.999997258 0.001131801 -2.057760477 0.002947059 -0.001125756 0.999995053 75.954391479
0.999984562 0.005339039 -0.001552534 1.269714832 -0.005337726 0.999985516 0.000849144 -2.040007591 0.001557045 -0.000840844 0.999998450 76.376083374
0.999971032 0.007455803 -0.001519779 1.277034998 -0.007451518 0.999968231 0.002806720 -2.099373817 0.001540657 -0.002795314 0.999994934 76.904602051
0.999955595 0.009424000 0.000073368 1.223348379 -0.009424116 0.999953985 0.001793881 -2.095035553 -0.000056459 -0.001794493 0.999998391 77.384132385
0.999969900 0.007671074 -0.001103335 1.256120443 -0.007667626 0.999965787 0.003094101 -2.132891655 0.001127033 -0.003085548 0.999994576 77.936897278
0.999969125 0.007807536 -0.000893022 1.252038717 -0.007805147 0.999966025 0.002646718 -2.129750729 0.000913655 -0.002639666 0.999996126 78.495620728
0.999835312 0.016080551 0.008409102 0.834521651 -0.016139014 0.999845743 0.006931157 -2.308518410 -0.008296347 -0.007065730 0.999940634 78.202957153
0.999953687 0.009619882 0.000041607 1.215279222 -0.009619943 0.999952078 0.001827255 -2.131345272 -0.000024027 -0.001827571 0.999998331 79.871818542
0.999966621 0.008169711 0.000035807 1.230277061 -0.008169781 0.999962330 0.002916807 -2.189851522 -0.000011976 -0.002917002 0.999995708 80.250000000
0.999956131 0.009351198 0.000386944 1.248626709 -0.009352198 0.999952674 0.002673320 -2.211714268 -0.000361927 -0.002676822 0.999996364 80.740776062
0.999965250 0.008146998 0.001773746 1.268661737 -0.008151296 0.999963820 0.002429446 -2.214153290 -0.001753890 -0.002443820 0.999995410 81.238761902
0.999958515 0.008757059 0.002512351 1.297386408 -0.008763511 0.999958217 0.002568556 -2.221409798 -0.002489753 -0.002590467 0.999993563 81.771438599
0.999961436 0.007934897 0.003770675 1.316421866 -0.007946244 0.999963939 0.003003625 -2.240992785 -0.003746705 -0.003033472 0.999988377 82.294799805
0.999938250 0.008330253 0.007357680 1.340057850 -0.008349977 0.999961615 0.002654393 -2.257367849 -0.007335286 -0.002715664 0.999969423 82.817359924
0.999907911 0.007975237 0.010978623 1.348362803 -0.008010701 0.999962807 0.003190106 -2.269826412 -0.010952774 -0.003277759 0.999934673 83.317825317
0.999877512 0.007383910 0.013800492 1.375858426 -0.007424959 0.999968171 0.002925718 -2.280006170 -0.013778447 -0.003027827 0.999900460 83.819206238
0.999810576 0.007849347 0.017810656 1.409054875 -0.007898746 0.999965131 0.002704824 -2.300321579 -0.017788805 -0.002844993 0.999837697 84.346382141
0.999691606 0.006948810 0.023840157 1.434446096 -0.007012590 0.999972045 0.002592769 -2.310734510 -0.023821475 -0.002759151 0.999712408 84.869575500
0.999524295 0.007339167 0.029955465 1.458790183 -0.007428390 0.999968290 0.002868302 -2.334380627 -0.029933460 -0.003089459 0.999547124 85.395233154
0.999327898 0.007445192 0.035892785 1.492332816 -0.007540690 0.999968290 0.002526027 -2.348141432 -0.035872839 -0.002794986 0.999352574 85.928222656
0.999014676 0.007019211 0.043822866 1.541404963 -0.007164503 0.999969304 0.003159246 -2.361871243 -0.043799348 -0.003470102 0.999034345 86.495376587
0.998613596 0.006949574 0.052178681 1.586134195 -0.007086955 0.999971867 0.002448331 -2.374825001 -0.052160200 -0.002814725 0.998634756 86.997459412
0.998213053 0.007062564 0.059338342 1.629391193 -0.007245481 0.999969661 0.002868030 -2.392423630 -0.059316292 -0.003292839 0.998233795 87.565528870
0.997647762 0.006799194 0.068209752 1.685865402 -0.007004200 0.999971628 0.002766788 -2.405602217 -0.068189010 -0.003238035 0.997667134 88.055274963
0.996934056 0.006650530 0.077962525 1.757607937 -0.006880723 0.999972701 0.002684375 -2.432284594 -0.077942550 -0.003212583 0.996952772 88.575698853
0.996200979 0.006035893 0.086875558 1.816090584 -0.006316629 0.999975681 0.002956946 -2.441136599 -0.086855605 -0.003494473 0.996214807 89.113128662
0.995558679 0.006413212 0.093924269 1.888462543 -0.006684425 0.999974370 0.002573269 -2.456112385 -0.093905360 -0.003189670 0.995575964 89.662284851
0.994587958 0.005952648 0.103727534 1.971487999 -0.006238084 0.999977708 0.002427610 -2.468878269 -0.103710763 -0.003061533 0.994602799 90.186317444
0.993439198 0.005880385 0.114210464 2.059718132 -0.006222268 0.999977171 0.002637191 -2.486351490 -0.114192344 -0.003330536 0.993453085 90.728897095
0.992325664 0.004931589 0.123553537 2.146693230 -0.005282810 0.999982834 0.002515216 -2.501951456 -0.123539008 -0.003148622 0.992334843 91.263328552
0.990825951 0.004550239 0.135067597 2.246837616 -0.004935803 0.999984622 0.002519870 -2.518033743 -0.135054037 -0.003163420 0.990833282 91.811561584
0.989016771 0.004772787 0.147726238 2.349391937 -0.005166524 0.999984026 0.002281704 -2.534192562 -0.147713020 -0.003019875 0.989025652 92.350227356
0.987366557 0.003791735 0.158407539 2.455468178 -0.004171608 0.999989152 0.002065634 -2.546452999 -0.158398032 -0.002700352 0.987371683 92.896713257
0.985652328 0.004405476 0.168730751 2.575179100 -0.004881055 0.999985218 0.002403899 -2.566895962 -0.168717653 -0.003192993 0.985659242 93.445198059
0.983356774 0.003567132 0.181649685 2.696373940 -0.004098515 0.999988377 0.002550030 -2.585946560 -0.181638494 -0.003252084 0.983359993 93.965644836
0.981060803 0.003131784 0.193674639 2.827619553 -0.003647153 0.999990702 0.002304510 -2.597700357 -0.193665594 -0.002967225 0.981063128 94.496803284
0.978896439 0.003014118 0.204334438 2.954648972 -0.003647597 0.999989688 0.002723642 -2.619073391 -0.204324156 -0.003411493 0.978897333 95.028129578
0.976153374 0.002957278 0.217061698 3.104782104 -0.003507650 0.999991655 0.002150324 -2.630057096 -0.217053562 -0.002860423 0.976155519 95.583976746
0.973015785 0.003737721 0.230707914 3.253355026 -0.004485449 0.999986291 0.002716610 -2.643122911 -0.230694562 -0.003678134 0.973019242 96.120132446
0.970305681 0.002672683 0.241867095 3.406576157 -0.003194916 0.999993384 0.001767004 -2.648232222 -0.241860747 -0.002487279 0.970307827 96.645385742
0.967690468 0.001632927 0.252135903 3.580335617 -0.002333371 0.999994218 0.002479074 -2.691494703 -0.252130389 -0.002987302 0.967688680 97.167778015
0.963998437 0.002160338 0.265899032 3.747184753 -0.003027833 0.999991357 0.002852611 -2.707105875 -0.265890539 -0.003555011 0.963996649 97.685356140
0.960540891 0.001308410 0.278135717 3.927076340 -0.002188782 0.999993443 0.002854769 -2.728241444 -0.278130114 -0.003350901 0.960537553 98.209686279
0.957226753 0.001285894 0.289335936 4.115434647 -0.002215152 0.999993324 0.002884251 -2.751682997 -0.289330304 -0.003401806 0.957223296 98.725502014
0.952785611 0.000663326 0.303643137 4.304880142 -0.001687041 0.999993742 0.003109131 -2.765087843 -0.303639203 -0.003474594 0.952780664 99.251892090
0.948127210 0.000469555 0.317890853 4.503845215 -0.001565571 0.999993682 0.003192320 -2.781991720 -0.317887336 -0.003524406 0.948121965 99.780319214
0.944270551 0.000626156 0.329169989 4.708484650 -0.001657654 0.999994576 0.002852997 -2.791044474 -0.329166383 -0.003239651 0.944266379 100.298812866
0.939414024 0.000599380 0.342784107 4.913290024 -0.001854519 0.999992788 0.003333832 -2.809897900 -0.342779607 -0.003767549 0.939408302 100.823715210
0.934487343 -0.002780717 0.355985492 5.174673080 0.001826453 0.999993742 0.003016705 -2.830497503 -0.355991632 -0.002168882 0.934486568 101.372451782
0.929606259 -0.002831726 0.368543476 5.403228760 0.001508913 0.999991298 0.003877446 -2.855292559 -0.368551344 -0.003048398 0.929602385 101.853721619
0.924971998 -0.003820347 0.380015999 5.621801376 0.002895162 0.999991298 0.003006111 -2.855907679 -0.380024076 -0.001680361 0.924975038 102.369766235
0.918895006 -0.003616320 0.394485772 5.855857849 0.002645737 0.999992013 0.003004257 -2.868703127 -0.394493461 -0.001716890 0.918897152 102.870437622
0.913331747 -0.004207676 0.407194555 6.114021301 0.003425483 0.999990642 0.002649922 -2.876526356 -0.407201886 -0.001025420 0.913337588 103.357818604
0.908478498 -0.004745112 0.417904824 6.361785889 0.003900945 0.999988198 0.002874176 -2.891642094 -0.417913586 -0.000980903 0.908486307 103.839172363
0.902547061 -0.004959737 0.430562675 6.613147736 0.003945864 0.999986947 0.003247714 -2.904278278 -0.430573136 -0.001232273 0.902554870 104.329437256
0.895915687 -0.004570708 0.444200814 6.871288300 0.003468810 0.999988556 0.003293319 -2.920243740 -0.444210798 -0.001409688 0.895921230 104.813789368
0.890091658 -0.005985618 0.455742329 7.144832611 0.005047493 0.999981880 0.003275488 -2.930623055 -0.455753684 -0.000615128 0.890105724 105.274528503
0.884265900 -0.006316361 0.466940969 7.411777496 0.004985922 0.999979258 0.004084773 -2.950565577 -0.466957122 -0.001283895 0.884279013 105.740005493
0.876685083 -0.005703706 0.481030971 7.699123383 0.004619549 0.999983430 0.003437869 -2.956176758 -0.481042534 -0.000791781 0.876696885 106.222709656
0.869667947 -0.006064902 0.493600011 7.983928680 0.005046813 0.999981523 0.003394931 -2.969415188 -0.493611455 -0.000461356 0.869682372 106.674713135
0.863409042 -0.006969842 0.504456639 8.302867889 0.006177966 0.999975681 0.003242227 -2.976348162 -0.504467010 0.000317147 0.863430977 107.168426514
