1.000000000 0.000000000 0.000000000 0.000000000 0.000000000 1.000000000 0.000000000 0.000000000 0.000000000 0.000000000 1.000000000 0.000000000
1.000000000 -0.000079226 -0.000127061 0.000821582 0.000079237 1.000000000 0.000091041 -0.004075558 0.000127053 -0.000091051 1.000000000 -0.000188547
1.000000000 0.000134597 0.000074747 -0.001911231 -0.000134597 1.000000000 0.000002758 -0.001376826 -0.000074747 -0.000002768 1.000000000 -0.001981596
1.000000000 -0.000169642 -0.000171788 0.007314294 0.000169681 0.999999940 0.000227618 -0.004070849 0.000171750 -0.000227647 0.999999940 -0.005061192
1.000000000 0.000046055 -0.000095306 0.002807344 -0.000046051 1.000000000 0.000040003 -0.000599296 0.000095307 -0.000039999 1.000000000 -0.002880245
1.000000000 0.000007494 0.000042114 0.000070020 -0.000007493 1.000000000 -0.000035526 -0.001255655 -0.000042114 0.000035526 1.000000000 0.000212612
1.000000000 -0.000025839 -0.000180383 0.006290668 0.000025865 1.000000000 0.000141359 -0.002920200 0.000180379 -0.000141363 1.000000000 -0.008016031
1.000000000 -0.000099768 -0.000107760 0.001311277 0.000099769 1.000000000 0.000006613 0.000549881 0.000107759 -0.000006623 1.000000000 0.000920225
1.000000000 -0.000023110 -0.000134559 0.004169305 0.000023106 1.000000000 -0.000029632 -0.000647054 0.000134560 0.000029629 1.000000000 -0.004136051
1.000000000 0.000027358 -0.000028230 0.002764343 -0.000027359 1.000000000 -0.000047152 -0.000566761 0.000028228 0.000047153 1.000000000 -0.001326046
1.000000000 0.000058772 0.000027656 0.001576625 -0.000058772 1.000000000 -0.000007126 0.000065838 -0.000027657 0.000007124 1.000000000 -0.004056070
1.000000000 0.000022729 -0.000013562 0.002004585 -0.000022728 1.000000000 0.000020355 -0.002819063 0.000013562 -0.000020355 1.000000000 -0.001994744
1.000000000 -0.000077818 -0.000027510 0.002329327 0.000077819 1.000000000 0.000018352 -0.002191726 0.000027508 -0.000018354 1.000000000 -0.004366929
1.000000000 -0.000007525 -0.000075610 0.002966290 0.000007526 1.000000000 0.000013304 -0.000100103 0.000075610 -0.000013305 1.000000000 -0.002517251
1.000000000 -0.000142238 -0.000079233 0.002509346 0.000142243 1.000000000 0.000066248 0.000135543 0.000079223 -0.000066259 1.000000000 -0.003797091
1.000000000 -0.000199176 -0.000075855 0.000719809 0.000199173 1.000000000 -0.000038844 0.000421599 0.000075862 0.000038829 1.000000000 -0.002442086
1.000000000 -0.000060709 0.000058759 0.000644025 0.000060710 1.000000000 -0.000025484 0.000648971 -0.000058757 0.000025487 1.000000000 -0.003400783
1.000000000 0.000082961 0.000002782 0.004420550 -0.000082961 1.000000000 0.000063098 -0.001702458 -0.000002777 -0.000063098 1.000000000 -0.005238072
1.000000000 -0.000060325 0.000011773 0.001971322 0.000060325 1.000000000 0.000060670 -0.002922837 -0.000011776 -0.000060669 1.000000000 -0.004649353
1.000000000 -0.000125972 -0.000048810 0.003213147 0.000125972 1.000000000 0.000008787 -0.002540690 0.000048809 -0.000008793 1.000000000 -0.005455098
1.000000000 0.000043342 0.000145316 -0.005098469 -0.000043341 1.000000000 -0.000010729 -0.001255309 -0.000145317 0.000010723 1.000000000 0.004075295
1.000000000 0.000034376 0.000019218 0.000682643 -0.000034377 1.000000000 0.000063504 -0.000955409 -0.000019216 -0.000063504 1.000000000 -0.002206842
0.999999940 -0.000231654 -0.000189042 0.007351191 0.000231661 1.000000000 0.000039592 -0.000528958 0.000189033 -0.000039635 1.000000000 -0.003191462
1.000000000 -0.000184792 -0.000118474 0.003925756 0.000184811 1.000000000 0.000155951 -0.002116412 0.000118445 -0.000155973 1.000000000 -0.006279548
1.000000000 -0.000047810 -0.000102040 0.005350757 0.000047823 1.000000000 0.000123368 -0.001948462 0.000102034 -0.000123373 1.000000000 -0.006953709
1.000000000 0.000029963 0.000009022 -0.000011122 -0.000029964 1.000000000 0.000100671 -0.001258641 -0.000009019 -0.000100671 1.000000000 -0.008913930
1.000000000 -0.000026968 0.000035541 -0.004450080 0.000026964 1.000000000 0.000118011 -0.003927183 -0.000035544 -0.000118010 1.000000000 -0.012267824
1.000000000 -0.000114922 -0.000043703 -0.001123339 0.000114929 1.000000000 0.000153920 -0.002357838 0.000043685 -0.000153925 1.000000000 -0.004992923
1.000000000 -0.000202986 -0.000122859 -0.000923718 0.000202991 1.000000000 0.000044432 0.001191598 0.000122850 -0.000044457 1.000000000 -0.002252182
1.000000000 -0.000151135 -0.000128342 0.001457603 0.000151150 1.000000000 0.000122466 0.000050945 0.000128323 -0.000122486 1.000000000 -0.000826555
1.000000000 -0.000152627 -0.000015996 0.002273284 0.000152628 1.000000000 0.000093186 -0.000234372 0.000015982 -0.000093189 1.000000000 -0.001035763
1.000000000 -0.000164139 -0.000069232 -0.001553907 0.000164150 1.000000000 0.000148149 -0.001014546 0.000069208 -0.000148160 1.000000000 -0.005277090
1.000000000 -0.000092634 -0.000124946 0.003307214 0.000092652 1.000000000 0.000145093 -0.001491747 0.000124932 -0.000145105 1.000000000 -0.005897822
1.000000000 0.000045295 -0.000045532 0.002539686 -0.000045294 1.000000000 0.000029151 -0.000493599 0.000045534 -0.000029149 1.000000000 -0.004375201
1.000000000 -0.000062024 -0.000119892 0.000912730 0.000062022 1.000000000 -0.000014252 0.000951701 0.000119893 0.000014244 1.000000000 -0.000761324
1.000000000 -0.000007811 -0.000035078 -0.001136435 0.000007806 1.000000000 -0.000127416 0.003131416 0.000035079 0.000127416 1.000000000 -0.001679430
0.999999940 -0.000196708 -0.000193042 0.003589900 0.000196701 1.000000000 -0.000034858 0.001086404 0.000193049 0.000034820 1.000000000 -0.003844528
1.000000000 -0.000036495 0.000032373 0.002051052 0.000036497 1.000000000 -0.000083514 0.003298626 -0.000032370 0.000083515 1.000000000 0.001092835
1.000000000 -0.000069701 -0.000071808 0.001626295 0.000069710 1.000000000 0.000120247 0.000051121 0.000071799 -0.000120252 1.000000000 -0.003992212
0.999999940 -0.000208541 -0.000157797 0.001985658 0.000208548 1.000000000 0.000048437 -0.002083333 0.000157786 -0.000048470 1.000000000 0.001331871
1.000000000 -0.000084522 -0.000199491 0.009370558 0.000084427 0.999999881 -0.000475327 -0.008330011 0.000199531 0.000475310 0.999999881 0.043385122
0.999999940 -0.000200875 -0.000272995 0.009378138 0.000200543 0.999999225 -0.001213976 -0.004650834 0.000273238 0.001213921 0.999999225 0.142347798
1.000000000 0.000031224 0.000030099 0.005016018 -0.000031182 0.999998987 -0.001406780 -0.011374865 -0.000030142 0.001406779 0.999998987 0.264253289
0.999999881 -0.000450174 0.000072492 0.005183378 0.000450268 0.999999046 -0.001297664 -0.014388747 -0.000071908 0.001297697 0.999999166 0.389867574
0.999999940 0.000333652 -0.000069914 0.011042606 -0.000333731 0.999999285 -0.001127930 -0.023523223 0.000069538 0.001127953 0.999999344 0.538957596
1.000000000 0.000101200 0.000008127 0.019318478 -0.000101188 0.999998987 -0.001423401 -0.023756558 -0.000008271 0.001423400 0.999998987 0.682666957
1.000000000 0.000138857 0.000145321 0.036884293 -0.000138748 0.999999702 -0.000747197 -0.043662481 -0.000145425 0.000747176 0.999999702 0.854269922
0.999999940 0.000010816 0.000270286 0.016766889 -0.000010651 0.999999821 -0.000610159 -0.041241985 -0.000270293 0.000610156 0.999999762 1.021980643
0.999999464 0.000658543 0.000792442 0.003936983 -0.000657914 0.999999464 -0.000792571 -0.043845534 -0.000792963 0.000792049 0.999999344 1.213711858
0.999999940 0.000140761 0.000392358 0.023915058 -0.000140614 0.999999940 -0.000374679 -0.054894034 -0.000392411 0.000374624 0.999999881 1.408571839
0.999999762 0.000585034 0.000355894 0.032927252 -0.000584876 0.999999702 -0.000444495 -0.063209474 -0.000356154 0.000444287 0.999999821 1.599290848
0.999999106 0.000945622 0.000954492 0.032985128 -0.000945312 0.999999523 -0.000325365 -0.066325866 -0.000954799 0.000324462 0.999999464 1.808637142
0.999997020 0.001185435 0.002118049 0.002536656 -0.001187366 0.999998808 0.000911102 -0.069498435 -0.002116967 -0.000913614 0.999997318 1.822845101
0.999995947 0.001431643 0.002442825 0.006250659 -0.001433696 0.999998569 0.000839143 -0.075778589 -0.002441620 -0.000842642 0.999996722 2.045967579
0.999996185 0.001624962 0.002244424 0.005028140 -0.001627197 0.999998152 0.000994785 -0.079555698 -0.002242804 -0.000998433 0.999996960 2.260401964
0.999997795 0.000617463 0.002007727 0.016919304 -0.000620137 0.999998927 0.001331267 -0.098154381 -0.002006902 -0.001332510 0.999997079 2.480778694
0.999996662 0.001160214 0.002298221 0.016752807 -0.001163906 0.999998033 0.001606063 -0.104486547 -0.002296353 -0.001608733 0.999996066 2.712423801
0.999997437 0.000964972 0.002031223 0.024311533 -0.000967871 0.999998569 0.001426842 -0.107530817 -0.002029843 -0.001428804 0.999996901 2.951833725
0.999997437 0.000711143 0.002164652 0.030722294 -0.000713732 0.999999046 0.001195631 -0.110338122 -0.002163799 -0.001197173 0.999996960 3.204175711
0.999996364 0.001384683 0.002311484 0.033340730 -0.001388064 0.999997973 0.001462074 -0.131044254 -0.002309455 -0.001465277 0.999996245 3.412109137
0.999995589 0.001853177 0.002324367 0.035645850 -0.001857053 0.999996901 0.001666814 -0.137605324 -0.002321271 -0.001671123 0.999995828 3.661300421
0.999996841 0.001314625 0.002160223 0.044392522 -0.001318726 0.999997377 0.001898113 -0.146992669 -0.002157722 -0.001900956 0.999995828 3.912474394
0.999995232 0.001766421 0.002509253 0.038248397 -0.001771641 0.999996305 0.002079796 -0.153810844 -0.002505569 -0.002084232 0.999994636 4.173948288
0.999996543 0.001370372 0.002246815 0.057247899 -0.001374837 0.999997079 0.001987082 -0.162031010 -0.002244086 -0.001990164 0.999995530 4.442376614
0.999996901 0.000693736 0.002381271 0.046984073 -0.000699471 0.999996960 0.002408442 -0.185126513 -0.002379593 -0.002410101 0.999994218 4.693647385
0.999996901 0.000586196 0.002415478 0.057381738 -0.000591872 0.999997020 0.002349554 -0.189561680 -0.002414094 -0.002350976 0.999994338 4.953224659
0.999996603 0.000826493 0.002435064 0.059406519 -0.000832581 0.999996424 0.002500200 -0.199538127 -0.002432989 -0.002502219 0.999993920 5.216446877
0.999995291 0.001147567 0.002848879 0.062563010 -0.001154211 0.999996603 0.002331589 -0.200335920 -0.002846194 -0.002334867 0.999993205 5.480890751
0.999996543 0.000537136 0.002560644 0.073558003 -0.000543788 0.999996483 0.002597938 -0.213744834 -0.002559239 -0.002599322 0.999993384 5.762736797
0.999995232 0.001340498 0.002780670 0.076894976 -0.001347899 0.999995589 0.002661578 -0.223825336 -0.002777090 -0.002665313 0.999992609 6.009713173
0.999997497 0.000400735 0.002172040 0.073064372 -0.000407273 0.999995410 0.003010597 -0.250508606 -0.002170824 -0.003011474 0.999993086 6.382327557
0.999997616 0.000493847 0.002119776 0.075751185 -0.000499673 0.999996126 0.002748372 -0.258707762 -0.002118411 -0.002749425 0.999993980 6.669556141
0.999997497 0.000275159 0.002228059 0.081927598 -0.000281457 0.999996006 0.002827110 -0.263439208 -0.002227272 -0.002827730 0.999993503 6.979514122
0.999996781 0.000858899 0.002378555 0.092015490 -0.000865895 0.999995291 0.002941886 -0.275976866 -0.002376017 -0.002943937 0.999992847 7.274016857
0.999996960 0.000102752 0.002466010 0.099187799 -0.000110530 0.999995112 0.003154346 -0.286550313 -0.002465674 -0.003154609 0.999991953 7.586914539
0.999997556 0.000355716 0.002165463 0.116413400 -0.000363850 0.999992907 0.003757129 -0.296857208 -0.002164111 -0.003757908 0.999990642 7.905014515
0.999997556 -0.000289176 0.002194836 0.071808770 0.000280575 0.999992311 0.003917952 -0.339182407 -0.002195952 -0.003917326 0.999989927 8.257566452
0.999997199 -0.000326944 0.002317833 0.083222702 0.000318059 0.999992669 0.003832588 -0.344386399 -0.002319068 -0.003831841 0.999989986 8.580400467
0.999997199 -0.000501131 0.002334580 0.087574035 0.000491973 0.999992192 0.003921673 -0.354959607 -0.002336527 -0.003920512 0.999989629 8.930296898
0.999996245 0.000283947 0.002726217 0.092222370 -0.000294823 0.999992013 0.003989886 -0.369756132 -0.002725062 -0.003990674 0.999988377 9.275430679
0.999997973 -0.000707854 0.001882561 0.116915300 0.000699511 0.999989927 0.004428919 -0.371341527 -0.001885677 -0.004427593 0.999988437 9.623355865
0.999996901 0.000025787 0.002489791 0.111994438 -0.000037571 0.999988794 0.004732953 -0.377906591 -0.002489641 -0.004733033 0.999985695 9.965179443
0.999997377 -0.001234939 0.001904242 0.097555555 0.001226803 0.999990165 0.004268179 -0.425695986 -0.001909494 -0.004265832 0.999989092 10.408535957
0.999997973 -0.000787255 0.001884485 0.104114756 0.000779194 0.999990642 0.004274158 -0.433169067 -0.001887832 -0.004272681 0.999989092 10.770837784
0.999997675 -0.001114370 0.001888218 0.104788795 0.001105861 0.999989271 0.004501469 -0.443827689 -0.001893213 -0.004499370 0.999988139 11.144412994
0.999996543 -0.001995459 0.001705480 0.122614570 0.001987358 0.999986827 0.004738356 -0.453328341 -0.001714913 -0.004734951 0.999987364 11.507289886
0.999996841 -0.002025171 0.001505243 0.145843253 0.002018238 0.999987483 0.004593518 -0.463333815 -0.001514526 -0.004590465 0.999988317 11.883869171
0.999996722 -0.001319167 0.002187367 0.130126402 0.001308483 0.999987245 0.004878446 -0.478046656 -0.002193774 -0.004875567 0.999985695 12.257735252
0.999997377 -0.000917088 0.002095557 0.151440039 0.000906569 0.999987125 0.005014877 -0.492900938 -0.002100129 -0.005012965 0.999985218 12.640731812
0.999996424 -0.001879694 0.001905701 0.123056591 0.001869960 0.999985278 0.005096613 -0.531467557 -0.001915253 -0.005093031 0.999985218 13.141596794
0.999996662 -0.001967113 0.001686853 0.138976023 0.001958962 0.999986470 0.004819816 -0.542504311 -0.001696312 -0.004816496 0.999987006 13.527431488
0.999996841 -0.001216644 0.002226462 0.149782032 0.001205310 0.999986410 0.005085087 -0.544567466 -0.002232619 -0.005082387 0.999984562 13.953022957
0.999996483 -0.000491240 0.002610162 0.150063008 0.000475811 0.999982476 0.005908747 -0.571986079 -0.002613019 -0.005907484 0.999979138 14.366093636
0.999995708 -0.001149312 0.002674939 0.152307779 0.001133214 0.999981344 0.006011689 -0.583296657 -0.002681798 -0.006008632 0.999978364 14.812911987
0.999993324 -0.002550961 0.002629521 0.161433578 0.002534746 0.999977887 0.006151683 -0.613690913 -0.002645155 -0.006144978 0.999977589 15.225757599
0.999989867 -0.003891302 0.002269873 0.167302519 0.003876386 0.999971092 0.006538881 -0.648216784 -0.002295253 -0.006530015 0.999976039 15.766241074
0.999990523 -0.003737400 0.002212465 0.181383029 0.003722129 0.999969482 0.006866465 -0.658954203 -0.002238060 -0.006858166 0.999973953 16.205690384
0.999987662 -0.004493230 0.002136114 0.191505909 0.004477751 0.999963999 0.007196953 -0.683398783 -0.002168375 -0.007187298 0.999971807 16.622682571
0.999989092 -0.003970011 0.002459362 0.197806671 0.003952546 0.999967158 0.007066109 -0.682158589 -0.002487334 -0.007056311 0.999972045 17.072847366
0.999989450 -0.003506597 0.002981561 0.215583354 0.003486673 0.999971688 0.006661448 -0.690946043 -0.003004836 -0.006650981 0.999973357 17.576808929
0.999988139 -0.003428824 0.003449087 0.205361709 0.003405393 0.999971151 0.006776557 -0.704268813 -0.003472222 -0.006764731 0.999971151 18.068511963
0.999981761 -0.005327370 0.002840384 0.241248026 0.005305357 0.999956250 0.007702199 -0.729890466 -0.002881292 -0.007686989 0.999966323 18.457630157
0.999982357 -0.004602763 0.003781741 0.239814594 0.004575369 0.999963403 0.007220961 -0.735921621 -0.003814840 -0.007203529 0.999966800 19.060382843
0.999981701 -0.004923367 0.003508910 0.262308896 0.004898370 0.999962807 0.007097195 -0.742444098 -0.003543722 -0.007079878 0.999968648 19.537345886
0.999979377 -0.005408875 0.003472880 0.282913566 0.005384818 0.999961734 0.006899332 -0.747813404 -0.003510065 -0.006880488 0.999970257 20.011474609
0.999985099 -0.003522969 0.004156173 0.270084202 0.003491788 0.999965906 0.007485863 -0.768861890 -0.004182404 -0.007471239 0.999963403 20.529382706
0.999978960 -0.005258272 0.003808048 0.284917235 0.005229098 0.999957204 0.007631120 -0.773421049 -0.003848013 -0.007611046 0.999963701 20.999340057
0.999985397 -0.003761811 0.003876777 0.323075473 0.003729767 0.999959171 0.008239767 -0.816585779 -0.003907615 -0.008225187 0.999958634 21.538896561
0.999987900 -0.003305407 0.003647418 0.298197836 0.003274733 0.999959469 0.008384133 -0.837024391 -0.003674984 -0.008372085 0.999958217 22.066583633
0.999987125 -0.004034637 0.003088641 0.312241763 0.004009663 0.999959528 0.008049577 -0.842535496 -0.003120994 -0.008037089 0.999962807 22.586441040
0.999988258 -0.003715822 0.003099988 0.305532217 0.003688390 0.999954402 0.008808238 -0.868737757 -0.003132577 -0.008796699 0.999956429 23.112140656
0.999988556 -0.004129519 0.002413435 0.304162145 0.004108156 0.999952912 0.008790778 -0.879996061 -0.002449624 -0.008780763 0.999958396 23.628807068
0.999980748 -0.006135001 0.000936712 0.333918095 0.006126400 0.999941409 0.008924710 -0.893495023 -0.000991410 -0.008918800 0.999959648 24.211988449
0.999976516 -0.006853938 0.000270418 0.335742682 0.006851391 0.999940336 0.008505201 -0.904153228 -0.000328695 -0.008503148 0.999963701 24.756961823
0.999980569 -0.006243407 0.000119606 0.340781689 0.006242103 0.999941349 0.008854618 -0.914619505 -0.000174882 -0.008853700 0.999960780 25.281490326
0.999986529 -0.005194850 -0.000017272 0.356037885 0.005194802 0.999948323 0.008745848 -0.922764480 -0.000028162 -0.008745821 0.999961734 25.831525803
0.999986410 -0.005210213 -0.000181078 0.270431340 0.005211761 0.999936640 0.009977263 -1.027605176 0.000129083 -0.009978073 0.999950171 26.457773209
0.999986708 -0.005121287 -0.000621739 0.282041043 0.005126463 0.999949634 0.008629987 -1.028572083 0.000577511 -0.008633059 0.999962568 27.014574051
0.999973059 -0.007159319 -0.001635341 0.303683817 0.007175575 0.999922693 0.010160501 -1.040781021 0.001562472 -0.010171963 0.999947071 27.571830750
0.999977469 -0.006434580 -0.001893458 0.285643607 0.006454392 0.999922454 0.010650235 -1.094709516 0.001824781 -0.010662218 0.999941468 28.205297470
0.999971032 -0.006850385 -0.003311102 0.318622112 0.006885241 0.999919772 0.010633107 -1.094118118 0.003237996 -0.010655598 0.999938011 28.784589767
0.999970019 -0.006848050 -0.003607021 0.310489774 0.006883612 0.999926865 0.009940892 -1.099506140 0.003538681 -0.009965423 0.999944150 29.301910400
0.999973238 -0.006356457 -0.003609961 0.313177347 0.006394927 0.999921858 0.010746931 -1.122298598 0.003541366 -0.010769730 0.999935746 29.882049561
0.999958575 -0.008182531 -0.003992263 0.276858568 0.008230717 0.999891639 0.012206511 -1.172010422 0.003891952 -0.012238863 0.999917448 30.402664185
0.999960184 -0.007785330 -0.004349189 0.283567190 0.007838279 0.999893785 0.012293137 -1.181227684 0.004253020 -0.012326737 0.999914944 30.948099136
0.999954462 -0.008159545 -0.004969427 0.316023439 0.008221621 0.999886811 0.012601806 -1.198774457 0.004866039 -0.012642088 0.999908209 31.464038849
0.999944866 -0.008952694 -0.005495454 0.332262516 0.009024963 0.999871194 0.013269845 -1.207238436 0.005375945 -0.013318710 0.999896824 32.058078766
0.999945343 -0.008584311 -0.005987739 0.347411573 0.008664899 0.999870479 0.013565001 -1.232628942 0.005870517 -0.013616143 0.999889970 32.645595551
0.999937534 -0.009597702 -0.005724359 0.291492283 0.009673882 0.999862969 0.013432310 -1.264123201 0.005594655 -0.013486848 0.999893367 33.184982300
0.999934614 -0.009580120 -0.006248655 0.304049432 0.009662939 0.999864042 0.013361405 -1.268206954 0.006119801 -0.013420911 0.999891222 33.741909027
0.999934852 -0.009591894 -0.006179747 0.295804173 0.009677001 0.999856710 0.013892300 -1.283470392 0.006045608 -0.013951199 0.999884427 34.279182434
0.999928474 -0.010164475 -0.006293344 0.288439959 0.010252919 0.999846816 0.014184773 -1.293908000 0.006148199 -0.014248285 0.999879539 34.823734283
0.999929368 -0.009826679 -0.006669733 0.309321404 0.009921775 0.999847412 0.014377685 -1.301295996 0.006527430 -0.014442847 0.999874353 35.406200409
0.999922156 -0.010305449 -0.007030842 0.348868936 0.010406050 0.999841750 0.014425217 -1.299196839 0.006881070 -0.014497258 0.999871194 35.926784515
0.999920905 -0.010386695 -0.007095673 0.296140522 0.010494277 0.999827921 0.015296489 -1.403106451 0.006935570 -0.015369744 0.999857843 36.571651459
0.999921381 -0.010450135 -0.006929818 0.290272862 0.010553860 0.999830246 0.015104402 -1.414398670 0.006770798 -0.015176351 0.999861956 37.136299133
0.999923527 -0.010261067 -0.006908867 0.292875111 0.010370448 0.999818385 0.015986748 -1.430075169 0.006743571 -0.016057173 0.999848366 37.668102264
0.999922097 -0.010468863 -0.006800652 0.274128824 0.010582124 0.999802232 0.016837701 -1.461762428 0.006623036 -0.016908355 0.999835134 38.133895874
0.999931872 -0.009826487 -0.006305915 0.276237249 0.009925310 0.999825299 0.015836684 -1.450573921 0.006149194 -0.015898194 0.999854743 38.810325623
0.999929011 -0.009357322 -0.007385194 0.336583227 0.009476753 0.999822140 0.016305875 -1.456994534 0.007231301 -0.016374705 0.999839783 39.339084625
0.999903500 -0.011568465 -0.007697329 0.295558602 0.011696832 0.999789596 0.016846407 -1.468538046 0.007500823 -0.016934816 0.999828517 39.853702545
0.999900699 -0.011707773 -0.007838447 0.292134553 0.011847199 0.999768078 0.017983725 -1.516790152 0.007626080 -0.018074805 0.999807596 40.450008392
0.999888003 -0.012077611 -0.008840763 0.355399549 0.012234034 0.999765694 0.017858513 -1.542390704 0.008623003 -0.017964670 0.999801457 40.957050323
0.999901533 -0.011624238 -0.007864307 0.349139392 0.011759195 0.999780536 0.017337903 -1.543307662 0.007661039 -0.017428674 0.999818742 41.478240967
0.999899507 -0.011580318 -0.008170886 0.361409217 0.011719588 0.999783158 0.017207967 -1.548704982 0.007969839 -0.017301999 0.999818563 42.059967041
0.999889433 -0.011781020 -0.009071741 0.386733741 0.011944445 0.999763429 0.018176351 -1.583112001 0.008855459 -0.018282698 0.999793589 42.635108948
0.999882638 -0.012237303 -0.009212453 0.395243019 0.012406305 0.999751508 0.018516833 -1.590460300 0.008983568 -0.018628953 0.999786139 43.107181549
0.999874175 -0.012827208 -0.009331911 0.401014745 0.012999300 0.999742091 0.018620472 -1.597418427 0.009090656 -0.018739440 0.999783099 43.665149689
0.999858797 -0.013411758 -0.010124820 0.399156868 0.013601842 0.999727964 0.018944716 -1.593871117 0.009867987 -0.019079760 0.999769270 44.221050262
0.999873519 -0.012521836 -0.009801355 0.420105428 0.012709307 0.999732792 0.019304426 -1.629766583 0.009557010 -0.019426554 0.999765635 44.740009308
0.999835849 -0.014985356 -0.010181787 0.382042080 0.015191696 0.999674380 0.020499989 -1.675310373 0.009871272 -0.020651301 0.999737978 45.255962372
0.999831259 -0.015339768 -0.010096103 0.389753878 0.015547373 0.999662459 0.020816125 -1.678861380 0.009773379 -0.020969586 0.999732316 45.814014435
0.999822915 -0.015647832 -0.010444690 0.400473267 0.015864626 0.999653459 0.021006534 -1.681511521 0.010112361 -0.021168513 0.999724805 46.359096527
0.999782979 -0.017182618 -0.011769949 0.437337995 0.017431922 0.999618649 0.021416934 -1.673882246 0.011397460 -0.021617459 0.999701321 46.902336121
0.999799013 -0.017017387 -0.010596043 0.436952114 0.017243885 0.999616563 0.021664262 -1.684847713 0.010223310 -0.021842623 0.999709189 47.409332275
0.999844193 -0.014716676 -0.009749072 0.384950697 0.014927754 0.999647737 0.021944117 -1.716428518 0.009422692 -0.022086231 0.999711633 48.020961761
0.999809206 -0.016390175 -0.010621849 0.372342944 0.016624378 0.999611974 0.022349594 -1.774018288 0.010251413 -0.022521907 0.999693811 48.548728943
0.999827445 -0.015810888 -0.009747064 0.365997195 0.016022827 0.999628127 0.022063481 -1.777994871 0.009394595 -0.022215849 0.999709070 49.093677521
0.999820769 -0.016261747 -0.009695257 0.369797736 0.016474463 0.999615967 0.022279555 -1.789691210 0.009329229 -0.022435283 0.999704778 49.642982483
0.999823034 -0.015934912 -0.009991510 0.387416065 0.016165297 0.999594986 0.023417518 -1.796659946 0.009614308 -0.023574885 0.999675870 50.164207458
0.999781966 -0.017661765 -0.011148483 0.417475104 0.017905809 0.999593556 0.022183510 -1.796504617 0.010752152 -0.022378288 0.999691784 50.738544464
0.999818802 -0.016293185 -0.009845609 0.379192412 0.016511040 0.999611259 0.022466661 -1.810041904 0.009475728 -0.022625150 0.999699116 51.252655029
0.999775469 -0.018193450 -0.010869182 0.392962337 0.018434301 0.999577165 0.022485398 -1.800272703 0.010455500 -0.022680713 0.999688089 51.840343475
0.999781191 -0.017960900 -0.010708984 0.370222628 0.018212568 0.999548793 0.023885708 -1.840558887 0.010275144 -0.024075523 0.999657333 52.279853821
0.999780178 -0.018039847 -0.010673529 0.365736842 0.018293524 0.999540567 0.024167284 -1.844812751 0.010232651 -0.024357233 0.999650896 52.830883026
0.999779642 -0.018213410 -0.010431182 0.369068980 0.018455204 0.999551773 0.023572719 -1.846705914 0.009997168 -0.023760036 0.999667645 53.375720978
0.999747515 -0.019284293 -0.011534227 0.397484422 0.019552302 0.999530435 0.023592813 -1.839462638 0.011073840 -0.023812374 0.999655068 53.933807373
0.999773085 -0.018607251 -0.010356966 0.340537548 0.018859068 0.999515235 0.024771878 -1.883806586 0.009891008 -0.024961580 0.999639452 54.405990601
0.999768198 -0.018758150 -0.010566238 0.336390376 0.019029828 0.999474823 0.026226498 -1.919585586 0.010068731 -0.026421495 0.999600172 54.833904266
0.999766290 -0.018838946 -0.010602057 0.334104121 0.019113844 0.999467194 0.026454033 -1.923523903 0.010098043 -0.026650494 0.999593794 55.375331879
0.999767423 -0.018484941 -0.011102856 0.347692966 0.018778158 0.999461472 0.026912559 -1.932963490 0.010599400 -0.027114796 0.999576092 55.940761566
0.999751508 -0.019029455 -0.011602051 0.367803991 0.019328604 0.999468803 0.026241619 -1.916142583 0.011096524 -0.026459353 0.999588311 56.506515503
0.999764025 -0.018371901 -0.011589284 0.383125544 0.018679414 0.999460757 0.027008990 -1.920452952 0.011086829 -0.027219100 0.999567926 57.022636414
0.999759018 -0.018707944 -0.011479500 0.373332739 0.019006362 0.999469161 0.026462149 -1.950064659 0.010978354 -0.026673954 0.999583900 57.687862396
0.999775469 -0.018119765 -0.010977593 0.356563032 0.018423302 0.999432147 0.028211154 -1.962284923 0.010460178 -0.028407065 0.999541700 57.878890991
0.999796271 -0.017319700 -0.010356207 0.358900428 0.017601540 0.999459326 0.027772672 -1.968222618 0.009869592 -0.027949303 0.999560595 58.451656342
0.999804616 -0.017219683 -0.009698636 0.358205557 0.017479528 0.999472320 0.027376564 -1.964194298 0.009222102 -0.027540740 0.999578118 59.018405914
0.999783993 -0.018118581 -0.010181824 0.379837692 0.018390557 0.999458551 0.027285257 -1.951247215 0.009681941 -0.027466616 0.999575794 59.567440033
0.999770641 -0.018530672 -0.010742089 0.360813320 0.018819464 0.999446392 0.027437495 -1.971399784 0.010227708 -0.027633362 0.999565780 60.014213562
0.999791503 -0.017742177 -0.010102593 0.323656440 0.018031241 0.999408603 0.029279573 -2.010921478 0.009577136 -0.029455636 0.999520183 60.416690826
0.999796331 -0.017372087 -0.010270561 0.327789545 0.017662169 0.999427319 0.028862603 -2.004119396 0.009763275 -0.029038128 0.999530613 60.984176636
0.999778450 -0.018361153 -0.010291774 0.337509990 0.018653907 0.999402046 0.029110776 -2.013106346 0.009751114 -0.029296311 0.999523222 61.513572693
0.999783337 -0.017945286 -0.010549813 0.372372270 0.018251987 0.999391198 0.029732654 -2.024118185 0.010009831 -0.029918766 0.999502122 61.978050232
0.999776781 -0.018507006 -0.010191307 0.307759106 0.018801637 0.999384522 0.029615937 -2.028564930 0.009636933 -0.029800940 0.999509335 62.610702515
0.999769747 -0.018575184 -0.010743707 0.357852280 0.018894158 0.999359488 0.030391868 -2.035544872 0.010172290 -0.030587861 0.999480247 62.979785919
0.999764562 -0.018984957 -0.010506027 0.358596087 0.019304696 0.999326110 0.031219227 -2.047062397 0.009906250 -0.031414691 0.999457300 63.496635437
0.999769032 -0.018847942 -0.010328868 0.349553645 0.019156259 0.999347746 0.030611377 -2.038824558 0.009745169 -0.030802162 0.999478042 64.063194275
0.999770939 -0.018617548 -0.010560195 0.365516007 0.018932329 0.999354303 0.030535646 -2.027893543 0.009984879 -0.030728580 0.999477923 64.631179810
0.999763370 -0.018605927 -0.011272936 0.430866361 0.018946892 0.999341726 0.030934697 -2.008877754 0.010689947 -0.031140961 0.999457896 65.103309631
0.999738276 -0.019760044 -0.011530877 0.359811723 0.020105466 0.999327898 0.030651590 -2.054961205 0.010917448 -0.030875405 0.999463618 65.586181641
0.999742985 -0.019860130 -0.010935650 0.366940200 0.020192228 0.999310911 0.031145025 -2.063911200 0.010309569 -0.031357840 0.999455035 66.116439819
0.999762595 -0.019345302 -0.010024006 0.369572639 0.019654104 0.999304652 0.031682171 -2.065747023 0.009404137 -0.031871658 0.999447703 66.665901184
0.999735892 -0.020321991 -0.010738609 0.374743104 0.020648750 0.999298334 0.031247815 -2.063814878 0.010096057 -0.031461302 0.999454021 67.188240051
0.999742031 -0.019665482 -0.011362243 0.403837502 0.020014903 0.999303222 0.031504437 -2.064052582 0.010734776 -0.031723727 0.999439001 67.566345215
0.999719858 -0.020509817 -0.011811825 0.408783555 0.020864857 0.999308884 0.030763136 -2.047813416 0.011172718 -0.031000972 0.999456823 68.124061584
0.999725759 -0.020477336 -0.011352623 0.420606077 0.020824915 0.999290109 0.031394284 -2.061293602 0.010701692 -0.031622097 0.999442577 68.617706299
0.999727130 -0.020210542 -0.011720890 0.435651481 0.020571604 0.999290466 0.031549372 -2.055721998 0.011074942 -0.031781878 0.999433458 69.044410706
0.999762714 -0.018769452 -0.011055607 0.444823980 0.019106681 0.999329627 0.031231361 -2.053865194 0.010462000 -0.031435184 0.999451041 69.564361572
0.999737084 -0.019529505 -0.012016850 0.453939557 0.019892797 0.999324679 0.030894296 -2.044197559 0.011405384 -0.031125225 0.999450386 70.130302429
0.999741793 -0.019395920 -0.011835820 0.468605220 0.019756742 0.999318838 0.031170990 -2.043560505 0.011223168 -0.031396784 0.999443948 70.650512695
0.999741554 -0.019605611 -0.011509603 0.445641458 0.019963754 0.999292433 0.031873606 -2.071197033 0.010876559 -0.032095138 0.999425650 71.100288391
0.999730289 -0.020080874 -0.011668428 0.451625228 0.020448096 0.999270439 0.032253854 -2.073779345 0.011012231 -0.032483749 0.999411643 71.654830933
0.999729097 -0.019998735 -0.011904621 0.473278642 0.020364031 0.999299467 0.031398803 -2.080966711 0.011268345 -0.031632718 0.999436080 72.177162170
0.999749482 -0.018861532 -0.012052202 0.515948355 0.019238455 0.999303877 0.031963583 -2.090895176 0.011440930 -0.032187447 0.999416351 72.615165710
0.999760091 -0.018837603 -0.011172293 0.460324049 0.019191273 0.999289334 0.032442395 -2.083633900 0.010553216 -0.032649025 0.999411106 73.140563965
0.999760270 -0.018875595 -0.011092640 0.465875268 0.019220607 0.999307334 0.031866141 -2.076921463 0.010483461 -0.032071706 0.999430597 73.685653687
0.999732912 -0.019991269 -0.011602504 0.479134202 0.020353667 0.999280453 0.032005820 -2.081414223 0.010954319 -0.032233424 0.999420345 74.239578247
0.999774873 -0.018383207 -0.010603361 0.476736724 0.018715359 0.999308646 0.032126341 -2.085767984 0.010005443 -0.032317553 0.999427557 74.729072571
0.999718845 -0.020265890 -0.012316768 0.608915746 0.020657284 0.999257386 0.032527674 -2.120753050 0.011648418 -0.032772958 0.999394953 75.073516846
0.999761820 -0.018874191 -0.010949978 0.507174551 0.019222949 0.999281287 0.032671489 -2.084092617 0.010325459 -0.032874200 0.999406159 75.639221191
0.999774039 -0.018335823 -0.010751490 0.505492091 0.018674677 0.999303341 0.032312430 -2.079920530 0.010151525 -0.032505907 0.999419987 76.197799683
0.999751389 -0.019356228 -0.011070273 0.520782411 0.019704608 0.999284685 0.032278165 -2.077359438 0.010437571 -0.032488275 0.999417603 76.732078552
0.999779284 -0.018264467 -0.010380764 0.501162946 0.018595425 0.999291241 0.032733571 -2.073749065 0.009775545 -0.032919381 0.999410212 77.203781128
0.999784172 -0.018137267 -0.010134527 0.459260583 0.018458806 0.999298334 0.032589588 -2.067514420 0.009536331 -0.032769628 0.999417365 77.780052185
0.999776363 -0.018533738 -0.010190643 0.470903754 0.018858131 0.999286771 0.032715585 -2.063547611 0.009577032 -0.032900441 0.999412775 78.318634033
0.999772251 -0.018630620 -0.010418046 0.474412620 0.018958958 0.999296486 0.032359779 -2.060570240 0.009807835 -0.032549925 0.999421954 78.859069824
0.999782741 -0.018244648 -0.010079036 0.469267607 0.018562684 0.999302149 0.032417674 -2.062457085 0.009480553 -0.032597728 0.999423563 79.332672119
0.999799192 -0.018015172 -0.008770609 0.470791459 0.018290542 0.999307692 0.032400105 -2.046390533 0.008180842 -0.032554019 0.999436498 79.879814148
0.999811232 -0.017963488 -0.007399874 0.477211654 0.018193264 0.999314189 0.032252114 -2.053707361 0.006815437 -0.032380655 0.999452353 80.456726074
0.999834120 -0.017280631 -0.005729209 0.483633816 0.017458886 0.999313354 0.032679766 -2.063650846 0.005160547 -0.032774378 0.999449432 80.924552917
0.999838233 -0.017339401 -0.004768814 0.486095160 0.017486177 0.999312699 0.032684337 -2.063989878 0.004198808 -0.032762438 0.999454319 81.479194641
0.999858856 -0.016742501 -0.001354314 0.484576106 0.016778050 0.999315798 0.032958679 -2.084618092 0.000801576 -0.032976750 0.999455810 82.000801086
0.999869823 -0.016029261 0.001818324 0.508559883 0.015959520 0.999313235 0.033441599 -2.093934059 -0.002353121 -0.033408228 0.999439001 82.574607849
0.999844909 -0.016938243 0.004810062 0.518102288 0.016768411 0.999301732 0.033389080 -2.052511454 -0.005372256 -0.033303250 0.999430776 83.026794434
0.999820054 -0.016896768 0.008627728 0.557777643 0.016604021 0.999319136 0.032944296 -2.037129164 -0.009178506 -0.032795101 0.999419928 83.579872131
0.999756694 -0.016202543 0.014965348 0.565632582 0.015696149 0.999320209 0.033356987 -2.032813311 -0.015495643 -0.033113975 0.999331415 84.127983093
0.999644399 -0.016333565 0.021077201 0.601550102 0.015625570 0.999322295 0.033329062 -2.037258148 -0.021607298 -0.032987874 0.999222159 84.653175354
0.999506593 -0.016633548 0.026646150 0.628678560 0.015740190 0.999318361 0.033392884 -2.040638924 -0.027183428 -0.032956991 0.999086976 85.166221619
0.999256372 -0.016610129 0.034796800 0.632021189 0.015437561 0.999312758 0.033699479 -2.034322023 -0.035332646 -0.033137240 0.998826206 85.678894043
0.998961389 -0.016580006 0.042440228 0.698344231 0.015127808 0.999296606 0.034312967 -2.047077656 -0.042979293 -0.033635303 0.998509645 86.193923950
0.998597622 -0.016940001 0.050157368 0.707765579 0.015292847 0.999336898 0.033043422 -2.006570101 -0.050683871 -0.032230038 0.998194575 86.821083069
0.998126388 -0.018043825 0.058464136 0.772895813 0.016120192 0.999318421 0.033209044 -2.010714054 -0.059023507 -0.032204371 0.997736990 87.373184204
0.997447193 -0.016949367 0.069365799 0.817687988 0.014650028 0.999330640 0.033523582 -2.020190477 -0.069887578 -0.032421798 0.997027874 87.942710876
0.996803403 -0.017635893 0.077921942 0.868129253 0.014996424 0.999298036 0.034329571 -2.037617922 -0.078472689 -0.033051286 0.996368289 88.486076355
0.996159077 -0.020941643 0.085020602 0.907680988 0.018198125 0.999292433 0.032916702 -1.997607470 -0.085649773 -0.031243060 0.995835304 89.041328430
0.995209098 -0.018093975 0.096079603 1.001704693 0.014915939 0.999320924 0.033692960 -1.980476856 -0.096624009 -0.032098424 0.994803250 89.453880310
0.994131923 -0.017558722 0.106739387 1.082501411 0.014027403 0.999332070 0.033744823 -1.977176189 -0.107260615 -0.032049529 0.993714213 89.999206543
0.993067563 -0.017653987 0.116210714 1.159564972 0.013834815 0.999339998 0.033589207 -1.971939325 -0.116726995 -0.031748597 0.992656469 90.555908203
0.991684020 -0.017518064 0.127498150 1.261680603 0.013220925 0.999318182 0.034472149 -1.970771551 -0.128015116 -0.032499839 0.991239607 91.123725891
0.990204155 -0.019100878 0.138314217 1.352268219 0.014559093 0.999323428 0.033774391 -1.959584951 -0.138865769 -0.031429812 0.989812374 91.742958069
0.988476992 -0.018194104 0.150274038 1.438304901 0.013239486 0.999337316 0.033905510 -1.950657368 -0.150791362 -0.031525254 0.988062859 92.184844971
0.986961067 -0.018476818 0.159895003 1.517037392 0.013134800 0.999321699 0.034402288 -1.929085255 -0.160422146 -0.031853523 0.986534476 92.766792297
0.984846592 -0.017235707 0.172568470 1.630872726 0.011328338 0.999317527 0.035158627 -1.931058407 -0.173056677 -0.032670941 0.984369874 93.309432983
0.982800961 -0.020095900 0.183570683 1.781005859 0.014050407 0.999317110 0.034174416 -1.922206402 -0.184132099 -0.031007411 0.982412279 93.851150513
0.980684340 -0.019828174 0.194589332 1.912153244 0.013380390 0.999318779 0.034394115 -1.926480532 -0.195138723 -0.031126080 0.980281591 94.404937744
0.978178859 -0.021249220 0.206675187 2.084880829 0.014485949 0.999310672 0.034182739 -1.946520567 -0.207259044 -0.030442942 0.977812290 94.886520386
0.975002944 -0.020104345 0.221280247 2.256034851 0.012726755 0.999316216 0.034716040 -1.953010798 -0.221826851 -0.031032063 0.974592149 95.427238464
0.972070634 -0.019337026 0.233890459 2.321180344 0.011422619 0.999316871 0.035145625 -1.846706867 -0.234410301 -0.031492386 0.971627533 96.046264648
0.969052911 -0.019441733 0.246086091 2.480415344 0.011274581 0.999339223 0.034553833 -1.833264351 -0.246595278 -0.030709980 0.968631864 96.581695557
0.965543270 -0.019798007 0.259488404 2.659755707 0.011066344 0.999323666 0.035067391 -1.833777189 -0.260007173 -0.030987496 0.965109348 97.076309204
0.961722195 -0.018369481 0.273410022 2.826889038 0.008979791 0.999327421 0.035554878 -1.841799498 -0.273879260 -0.031738747 0.961240232 97.578895569
0.958841026 -0.021528341 0.283126146 2.991416931 0.012194543 0.999323785 0.034688272 -1.804520130 -0.283681482 -0.029807946 0.958455205 98.141815186
0.954615057 -0.020377716 0.297144413 3.211334229 0.010239510 0.999312401 0.035635568 -1.843412638 -0.297666281 -0.030975640 0.954167366 98.637077332
0.950202107 -0.020361295 0.310968250 3.457859039 0.009717184 0.999313891 0.035740089 -1.838480473 -0.311482608 -0.030938575 0.949748039 99.111724854
0.945951581 -0.020021670 0.323689014 3.568983078 0.008737812 0.999303520 0.036276106 -1.809507608 -0.324189901 -0.031487111 0.945467770 99.775947571
0.941449583 -0.019969461 0.336561769 3.780109406 0.008275500 0.999312282 0.036144223 -1.805912971 -0.337052137 -0.031242751 0.940967441 100.289688110
0.936219692 -0.019413721 0.350878268 3.989351273 0.006876970 0.999293804 0.036940604 -1.801594973 -0.351347625 -0.032171544 0.935692191 100.816390991
0.931694567 -0.019833706 0.362700760 4.229856491 0.006952203 0.999298930 0.036786448 -1.800459623 -0.363176107 -0.031752173 0.931179285 101.343902588
0.927243650 -0.020316923 0.373906940 4.465587616 0.007484628 0.999333024 0.035739642 -1.787380219 -0.374383688 -0.030340804 0.926777422 101.866180420
0.921343207 -0.020302599 0.388219655 4.640331268 0.006561886 0.999305189 0.036687337 -1.779360771 -0.388694793 -0.031254176 0.920836329 102.275459290
0.915647030 -0.020308483 0.401469886 4.984073639 0.006041613 0.999305427 0.036770854 -1.761800051 -0.401937753 -0.031243604 0.915133774 102.981521606
0.910755455 -0.020795636 0.412422091 5.222515106 0.005946727 0.999288082 0.037255082 -1.763077736 -0.412903219 -0.031477708 0.910230756 103.457214355
0.905158758 -0.020809235 0.424564153 5.496917725 0.005844080 0.999315739 0.036520228 -1.736042738 -0.425033659 -0.030575411 0.904661059 104.014869690
0.899110973 -0.022202713 0.437157214 5.777885437 0.007095403 0.999320865 0.036161091 -1.739864588 -0.437663078 -0.029411029 0.898657858 104.511856079
0.893064857 -0.022849640 0.449347407 6.014720917 0.007311435 0.999314785 0.036284618 -1.739856958 -0.449868590 -0.029119143 0.892619908 104.968460083
0.886943042 -0.020900268 0.461405694 6.317867279 0.004734454 0.999334633 0.036165942 -1.727702141 -0.461854488 -0.029892625 0.886451840 105.486907959
0.879780948 -0.021720210 0.474882811 6.565196991 0.004808742 0.999311090 0.036797728 -1.703253984 -0.475354970 -0.030090354 0.879279315 105.957138062
0.872580528 -0.021248750 0.488007993 6.859230042 0.003585088 0.999305069 0.037101246 -1.701263428 -0.488457203 -0.030624274 0.872050285 106.430114746
