1.000000000 0.000000000 0.000000000 0.000000000 0.000000000 1.000000000 0.000000000 0.000000000 0.000000000 0.000000000 1.000000000 0.000000000
1.000000000 -0.000032347 0.000116198 -0.001084786 0.000032341 1.000000000 0.000048515 0.000272812 -0.000116199 -0.000048512 1.000000000 0.001497612
1.000000000 0.000140127 0.000114036 -0.001371488 -0.000140131 1.000000000 0.000034664 0.000981681 -0.000114031 -0.000034680 1.000000000 0.001582406
1.000000000 0.000068418 0.000013585 -0.000508733 -0.000068420 1.000000000 0.000119240 0.000082587 -0.000013576 -0.000119241 1.000000000 0.000590724
1.000000000 0.000111056 0.000159474 -0.001459506 -0.000111077 1.000000000 0.000127397 -0.000518045 -0.000159460 -0.000127415 1.000000000 0.001007196
1.000000000 -0.000147816 0.000011904 -0.000688290 0.000147814 1.000000000 0.000123668 -0.000536371 -0.000011922 -0.000123666 1.000000000 -0.000110773
1.000000000 -0.000051466 0.000137941 -0.001469249 0.000051472 1.000000000 -0.000043196 0.000465316 -0.000137939 0.000043203 1.000000000 0.001782173
0.999999940 -0.000238268 0.000136540 -0.001427911 0.000238278 0.999999940 -0.000074430 0.001504214 -0.000136523 0.000074463 1.000000000 0.004094998
1.000000000 0.000052598 0.000214147 -0.001656216 -0.000052591 1.000000000 -0.000032890 0.001547853 -0.000214148 0.000032879 1.000000000 0.003000782
1.000000000 -0.000177846 0.000149326 -0.000777299 0.000177844 1.000000000 0.000016598 0.000239027 -0.000149329 -0.000016572 1.000000000 0.001068662
0.999999940 -0.000157425 0.000246141 -0.001186429 0.000157418 1.000000000 0.000029063 0.000964937 -0.000246146 -0.000029024 0.999999940 0.002694846
1.000000000 0.000029296 0.000112216 -0.000942809 -0.000029313 1.000000000 0.000157840 -0.000179442 -0.000112211 -0.000157843 1.000000000 0.002657927
1.000000000 0.000049084 0.000203690 -0.001823999 -0.000049097 1.000000000 0.000066588 0.000913804 -0.000203686 -0.000066598 1.000000000 0.004618246
0.999999940 -0.000237941 0.000191881 -0.001704688 0.000237916 0.999999940 0.000130346 0.000986633 -0.000191912 -0.000130301 1.000000000 0.003097912
1.000000000 -0.000042809 0.000115242 -0.001708007 0.000042804 1.000000000 0.000044967 0.000971841 -0.000115244 -0.000044962 1.000000000 0.002820844
1.000000000 -0.000016882 0.000040316 -0.000440830 0.000016878 1.000000000 0.000091127 0.000422033 -0.000040317 -0.000091127 1.000000000 0.001830465
1.000000000 -0.000141832 0.000110881 -0.001908613 0.000141826 1.000000000 0.000047650 0.000690731 -0.000110888 -0.000047634 1.000000000 0.002738814
0.999999940 0.000235336 0.000296863 -0.003191531 -0.000235394 0.999999940 0.000193148 -0.000422216 -0.000296818 -0.000193218 0.999999940 0.003253972
1.000000000 -0.000006331 0.000142943 -0.002292627 0.000006315 1.000000000 0.000112804 0.000138710 -0.000142943 -0.000112803 1.000000000 0.003595175
1.000000000 0.000146771 0.000119635 -0.001937093 -0.000146770 1.000000000 -0.000012182 0.001523516 -0.000119637 0.000012164 1.000000000 0.003860884
0.999999940 0.000229189 0.000295569 -0.002940343 -0.000229234 0.999999940 0.000151563 0.000633865 -0.000295534 -0.000151631 0.999999940 0.005072609
0.999999940 0.000252732 0.000270718 -0.002982090 -0.000252745 0.999999940 0.000048424 0.000566336 -0.000270706 -0.000048493 0.999999940 0.003466133
1.000000000 -0.000058785 0.000104831 -0.001464187 0.000058778 1.000000000 0.000067744 0.001213940 -0.000104835 -0.000067738 1.000000000 0.003467733
1.000000000 0.000028192 0.000232744 -0.001473272 -0.000028233 1.000000000 0.000173971 -0.000307639 -0.000232739 -0.000173978 0.999999940 0.002335106
1.000000000 0.000022070 0.000205586 -0.002946588 -0.000022070 1.000000000 -0.000002088 0.001819248 -0.000205586 0.000002084 1.000000000 0.004713762
1.000000000 -0.000108300 0.000116650 -0.000794548 0.000108306 1.000000000 -0.000046148 0.001832427 -0.000116645 0.000046160 1.000000000 0.004190773
0.999999940 0.000042785 0.000275040 -0.001691666 -0.000042791 1.000000000 0.000021678 -0.000230074 -0.000275040 -0.000021690 0.999999940 0.000314024
0.999999940 0.000063312 0.000298042 -0.001901799 -0.000063333 1.000000000 0.000067845 0.000234819 -0.000298038 -0.000067864 0.999999940 0.002338269
1.000000000 0.000120211 0.000208465 -0.002433452 -0.000120217 1.000000000 0.000029485 0.000732690 -0.000208461 -0.000029510 1.000000000 0.002990808
1.000000000 -0.000012564 0.000215923 -0.003002051 0.000012557 1.000000000 0.000032100 0.001875221 -0.000215923 -0.000032098 1.000000000 0.005219223
1.000000000 -0.000029311 0.000171673 -0.001856321 0.000029306 1.000000000 0.000023894 0.000765696 -0.000171673 -0.000023889 1.000000000 0.003419550
0.999999940 0.000034406 0.000279567 -0.002420889 -0.000034430 1.000000000 0.000084872 0.000743397 -0.000279564 -0.000084881 0.999999940 0.003233403
1.000000000 -0.000095010 0.000174338 -0.002724641 0.000095036 1.000000000 -0.000149353 0.003068920 -0.000174323 0.000149370 1.000000000 0.004633767
0.999999940 0.000021352 0.000363047 -0.002931146 -0.000021317 1.000000000 -0.000096814 0.002418461 -0.000363049 0.000096806 0.999999940 0.005302141
1.000000000 0.000008539 0.000243409 -0.001976785 -0.000008546 1.000000000 0.000028011 0.000821796 -0.000243409 -0.000028013 0.999999940 0.003490342
0.999999940 0.000239428 0.000189630 -0.002081320 -0.000239418 0.999999940 -0.000054097 0.002400619 -0.000189643 0.000054051 1.000000000 0.003796068
0.999999940 0.000165453 0.000239875 -0.002982039 -0.000165423 1.000000000 -0.000126734 0.003760708 -0.000239896 0.000126694 0.999999940 0.004982661
0.999999940 -0.000026755 0.000323911 -0.003092047 0.000026729 1.000000000 0.000079989 0.001523082 -0.000323913 -0.000079981 0.999999940 0.005347498
1.000000000 0.000038616 0.000233771 -0.002435049 -0.000038653 1.000000000 0.000156464 0.000707360 -0.000233765 -0.000156473 0.999999940 0.004291570
0.999999940 -0.000165449 0.000188241 -0.000814622 0.000165426 1.000000000 0.000124020 0.000365523 -0.000188261 -0.000123989 1.000000000 0.002477984
0.999999940 -0.000196272 0.000348885 -0.002445074 0.000196338 0.999999940 -0.000188338 0.003062899 -0.000348848 0.000188406 0.999999940 0.005395557
0.999999881 -0.000486619 0.000234063 0.000487759 0.000486806 0.999999583 -0.000801797 0.001521220 -0.000233673 0.000801911 0.999999642 0.055041712
0.999999940 0.000157382 0.000285534 -0.000024417 -0.000157110 0.999999523 -0.000953776 -0.007747552 -0.000285684 0.000953731 0.999999523 0.129274905
1.000000000 0.000043841 0.000077827 0.003567625 -0.000043712 0.999998629 -0.001658221 -0.002953885 -0.000077899 0.001658218 0.999998629 0.254429996
0.999999940 0.000282524 0.000088056 0.005057353 -0.000282415 0.999999166 -0.001244182 -0.011145958 -0.000088408 0.001244157 0.999999225 0.384876937
0.999999881 0.000334477 0.000293264 0.006453580 -0.000334176 0.999999404 -0.001027200 -0.016544566 -0.000293608 0.001027102 0.999999404 0.523715138
1.000000000 0.000194971 0.000039250 0.013062835 -0.000194943 0.999999702 -0.000706074 -0.027203940 -0.000039388 0.000706067 0.999999762 0.667360246
0.999999940 0.000019054 0.000419727 0.016581714 -0.000018690 0.999999642 -0.000866600 -0.026767448 -0.000419743 0.000866592 0.999999523 0.836228132
1.000000000 0.000011200 -0.000017846 0.020410419 -0.000011211 0.999999821 -0.000592797 -0.029854836 0.000017839 0.000592798 0.999999821 1.012137651
0.999999940 0.000128897 0.000220932 0.020714451 -0.000128764 0.999999821 -0.000601865 -0.032266330 -0.000221010 0.000601837 0.999999821 1.192857027
0.999999702 0.000321956 0.000722091 0.014538783 -0.000321588 0.999999821 -0.000509186 -0.036722958 -0.000722254 0.000508954 0.999999583 1.368493199
0.999999702 0.000454036 0.000596245 0.030855065 -0.000453882 0.999999881 -0.000257151 -0.049622480 -0.000596361 0.000256880 0.999999762 1.562434316
0.999999940 0.000294526 0.000236711 0.036689155 -0.000294538 0.999999940 0.000047177 -0.052290488 -0.000236697 -0.000047246 1.000000000 1.753586531
0.999999940 0.000276619 0.000157119 0.037174542 -0.000276550 0.999999881 -0.000438752 -0.048793107 -0.000157240 0.000438708 0.999999881 1.952200413
0.999999702 0.000766604 -0.000170526 0.048427146 -0.000766915 0.999998033 -0.001833682 -0.043313690 0.000169120 0.001833812 0.999998331 2.158852339
0.999999642 0.000660785 -0.000540590 0.056550018 -0.000661830 0.999997914 -0.001935863 -0.049146213 0.000539310 0.001936220 0.999998033 2.372946978
0.999999821 0.000524338 -0.000336764 0.060493298 -0.000524917 0.999998391 -0.001720100 -0.057560556 0.000335862 0.001720277 0.999998510 2.597489834
0.999999583 0.000524251 -0.000710866 0.073957786 -0.000525417 0.999998510 -0.001640631 -0.066285692 0.000710005 0.001641004 0.999998391 2.823014021
0.999999464 0.000213019 -0.000923994 0.082538664 -0.000214326 0.999998987 -0.001414747 -0.073470861 0.000923692 0.001414944 0.999998569 3.050652266
0.999999285 0.000105141 -0.001187733 0.088779829 -0.000107347 0.999998331 -0.001857353 -0.076416969 0.001187536 0.001857480 0.999997497 3.292515039
0.999999285 0.000456909 -0.001063793 0.094565272 -0.000458600 0.999998569 -0.001589640 -0.086365715 0.001063065 0.001590127 0.999998152 3.541843414
0.999999225 0.000179611 -0.001224045 0.100280181 -0.000181345 0.999998987 -0.001416017 -0.094217218 0.001223790 0.001416238 0.999998212 3.801134586
0.999999404 0.000356726 -0.001042806 0.102885567 -0.000358557 0.999998391 -0.001756300 -0.099148780 0.001042178 0.001756673 0.999997854 4.057138920
0.999999344 0.000558455 -0.000993330 0.105470337 -0.000560070 0.999998510 -0.001626159 -0.103248976 0.000992420 0.001626714 0.999998212 4.309696198
0.999999344 0.000489265 -0.000986423 0.112847231 -0.000490959 0.999998450 -0.001717249 -0.110332534 0.000985581 0.001717732 0.999998093 4.568309307
0.999999404 0.000102721 -0.001073155 0.117700309 -0.000104200 0.999998987 -0.001378974 -0.119347796 0.001073013 0.001379085 0.999998450 4.822681427
0.999999225 0.000430958 -0.001172018 0.122574270 -0.000432922 0.999998510 -0.001675990 -0.124342129 0.001171294 0.001676496 0.999997973 5.087598324
0.999999344 0.000418512 -0.001080193 0.126401156 -0.000420499 0.999998152 -0.001839721 -0.134062290 0.001079421 0.001840174 0.999997795 5.353497982
0.999999523 0.000873962 -0.000474042 0.127000749 -0.000874772 0.999998152 -0.001712382 -0.139010787 0.000472545 0.001712796 0.999998391 5.611444950
0.999999523 0.000736668 -0.000704332 0.131977499 -0.000737637 0.999998808 -0.001376601 -0.149410859 0.000703317 0.001377120 0.999998808 5.878231049
0.999999404 0.000651484 -0.000807660 0.143307477 -0.000652718 0.999998569 -0.001529177 -0.157146230 0.000806662 0.001529703 0.999998569 6.153360367
0.999999225 0.000885198 -0.000874575 0.146435633 -0.000886655 0.999998212 -0.001667443 -0.166478664 0.000873098 0.001668217 0.999998212 6.448072433
0.999999225 0.001065792 -0.000692105 0.145500034 -0.001066846 0.999998271 -0.001525363 -0.176318794 0.000690478 0.001526100 0.999998629 6.742109299
0.999999166 0.001189151 -0.000548566 0.157720208 -0.001189890 0.999998450 -0.001348708 -0.187450066 0.000546961 0.001349360 0.999998927 7.024417400
0.999998868 0.000723598 -0.001311651 0.175118014 -0.000725213 0.999998927 -0.001231057 -0.200816527 0.001310759 0.001232007 0.999998331 7.320727348
0.999999523 0.000608975 -0.000723576 0.170280576 -0.000610422 0.999997795 -0.002001282 -0.198294312 0.000722355 0.002001723 0.999997735 7.640802860
0.999999642 0.000731907 -0.000436140 0.173260242 -0.000732665 0.999998212 -0.001739652 -0.211158812 0.000434866 0.001739971 0.999998391 7.957355022
0.999999285 0.000642305 -0.001018887 0.188449144 -0.000643771 0.999998808 -0.001438869 -0.223565996 0.001017962 0.001439524 0.999998450 8.265691757
0.999999583 0.000680475 -0.000540639 0.186031967 -0.000681218 0.999998808 -0.001375149 -0.236261874 0.000539703 0.001375517 0.999998868 8.595375061
0.999999523 0.001045841 -0.000006690 0.189344570 -0.001045848 0.999998748 -0.001188268 -0.245529160 0.000005447 0.001188274 0.999999285 8.935180664
0.999999881 0.000715493 -0.000021247 0.193281710 -0.000715513 0.999999285 -0.000991468 -0.258220792 0.000020538 0.000991483 0.999999583 9.266726494
0.999999940 0.000504884 -0.000020780 0.205664903 -0.000504900 0.999999523 -0.000769662 -0.272630215 0.000020392 0.000769673 0.999999702 9.591367722
0.999999702 0.000794413 0.000043156 0.210826635 -0.000794355 0.999998748 -0.001325597 -0.277556628 -0.000044209 0.001325562 0.999999106 9.931168556
0.999999523 0.000655342 -0.000717666 0.222491786 -0.000656263 0.999998987 -0.001284297 -0.288826972 0.000716824 0.001284767 0.999998927 10.307233810
0.999999702 0.000465406 -0.000651912 0.230988339 -0.000466190 0.999999225 -0.001203933 -0.303819418 0.000651351 0.001204237 0.999999106 10.665018082
0.999999702 0.000774366 0.000117806 0.227889508 -0.000774202 0.999998748 -0.001387104 -0.308088452 -0.000118879 0.001387012 0.999999106 11.023410797
0.999999881 0.000461995 -0.000060212 0.235138789 -0.000462065 0.999999166 -0.001156825 -0.321597904 0.000059677 0.001156853 0.999999285 11.407565117
0.999999762 -0.000102689 -0.000612535 0.250749975 0.000101972 0.999999344 -0.001169513 -0.331424028 0.000612655 0.001169451 0.999999106 11.776810646
0.999999881 0.000392440 -0.000171664 0.250384659 -0.000392613 0.999999404 -0.001010022 -0.346116662 0.000171268 0.001010090 0.999999404 12.165708542
0.999999881 0.000538197 -0.000020958 0.258405954 -0.000538219 0.999999225 -0.001068152 -0.358000547 0.000020382 0.001068163 0.999999344 12.555987358
0.999999881 0.000498733 0.000143213 0.266220450 -0.000498618 0.999999523 -0.000801057 -0.369716138 -0.000143612 0.000800985 0.999999642 12.947834969
0.999999344 0.001148854 -0.000069432 0.274726689 -0.001148924 0.999998748 -0.001022236 -0.379950553 0.000068257 0.001022315 0.999999464 13.351550102
0.999999821 0.000504979 0.000366260 0.283794820 -0.000504629 0.999999344 -0.000955139 -0.391397893 -0.000366742 0.000954954 0.999999464 13.761089325
0.999999702 0.000647878 0.000481069 0.287481755 -0.000647245 0.999998927 -0.001315616 -0.397875518 -0.000481920 0.001315305 0.999999046 14.182461739
0.999999762 0.000294368 0.000573899 0.297458470 -0.000293614 0.999999046 -0.001314025 -0.412259459 -0.000574285 0.001313856 0.999998987 14.601707458
0.999999523 0.000284705 0.000964936 0.302830666 -0.000283747 0.999999523 -0.000992707 -0.423812330 -0.000965219 0.000992433 0.999999046 15.031833649
0.999999404 0.000580735 0.000926346 0.318068445 -0.000579901 0.999999404 -0.000901019 -0.440454662 -0.000926869 0.000900482 0.999999166 15.466186523
0.999998927 0.000440734 0.001403388 0.327832162 -0.000439111 0.999999225 -0.001156846 -0.452706873 -0.001403896 0.001156229 0.999998331 15.901694298
0.999998927 0.000247198 0.001541680 0.338779092 -0.000245631 0.999999464 -0.001016264 -0.463820964 -0.001541931 0.001015884 0.999998271 16.353626251
0.999998331 0.000224374 0.001769174 0.346251041 -0.000221967 0.999999046 -0.001360766 -0.475683659 -0.001769477 0.001360371 0.999997437 16.801958084
0.999998689 -0.000407063 0.001583572 0.361675501 0.000408829 0.999999344 -0.001115268 -0.490641028 -0.001583116 0.001115914 0.999998093 17.256439209
0.999997318 0.000596287 0.002248510 0.367535770 -0.000593396 0.999999106 -0.001285910 -0.498869807 -0.002249275 0.001284573 0.999996662 17.722747803
0.999996006 0.000928646 0.002691758 0.376675099 -0.000923967 0.999998093 -0.001739002 -0.510161400 -0.002693368 0.001736508 0.999994874 18.191194534
0.999995530 0.000703717 0.002910767 0.389205694 -0.000699077 0.999998510 -0.001594951 -0.519650102 -0.002911885 0.001592909 0.999994516 18.655893326
0.999995053 0.000866402 0.003030472 0.403718501 -0.000862283 0.999998629 -0.001360205 -0.539579690 -0.003031647 0.001357585 0.999994457 19.129369736
0.999994278 0.001395392 0.003083561 0.418470711 -0.001391362 0.999998093 -0.001308764 -0.552066922 -0.003085382 0.001304466 0.999994338 19.609796524
0.999994278 0.001555843 0.003012392 0.420423746 -0.001551015 0.999997437 -0.001604403 -0.556970060 -0.003014880 0.001599722 0.999994099 20.125114441
0.999995053 0.000866879 0.003016439 0.437258482 -0.000862411 0.999998450 -0.001482098 -0.580152452 -0.003017721 0.001479489 0.999994278 20.588672638
0.999995232 0.001139551 0.002883910 0.445069104 -0.001135367 0.999998212 -0.001452029 -0.590630233 -0.002885562 0.001448748 0.999994755 21.090063095
0.999996543 0.000789491 0.002507867 0.457552373 -0.000786600 0.999998987 -0.001153756 -0.604176879 -0.002508774 0.001151780 0.999996126 21.590785980
0.999997497 0.001001522 0.002006732 0.461829424 -0.000999757 0.999999106 -0.000880545 -0.632261157 -0.002007612 0.000878537 0.999997556 22.102403641
0.999998033 0.001183932 0.001623329 0.473829925 -0.001181975 0.999998569 -0.001206173 -0.640664935 -0.001624755 0.001204252 0.999997914 22.611595154
0.999998748 0.001167298 0.001057343 0.479952365 -0.001165823 0.999998271 -0.001394335 -0.653700471 -0.001058970 0.001393100 0.999998450 23.137580872
0.999999642 0.000851755 0.000164130 0.491309732 -0.000851482 0.999998212 -0.001649886 -0.670748293 -0.000165535 0.001649746 0.999998569 23.659023285
0.999999940 0.000181464 -0.000182197 0.499995053 -0.000181780 0.999998450 -0.001738988 -0.688702106 0.000181880 0.001739021 0.999998391 24.186973572
0.999998689 0.001082226 -0.001174151 0.514496446 -0.001083550 0.999998689 -0.001127583 -0.703951478 0.001172930 0.001128854 0.999998629 24.724454880
0.999997437 0.001873242 -0.001343668 0.520661056 -0.001874814 0.999997556 -0.001169326 -0.722988605 0.001341474 0.001171842 0.999998391 25.264112473
0.999997318 0.001669636 -0.001569141 0.526262105 -0.001672289 0.999997139 -0.001690954 -0.732458234 0.001566314 0.001693574 0.999997318 25.815174103
0.999996662 0.001714021 -0.001917669 0.537655771 -0.001716731 0.999997497 -0.001412370 -0.753345847 0.001915243 0.001415658 0.999997139 26.370141983
0.999995053 0.001168731 -0.002892441 0.546236515 -0.001171067 0.999998987 -0.000806125 -0.767672241 0.002891495 0.000809508 0.999995470 26.905637741
0.999994218 0.001211092 -0.003159078 0.559348226 -0.001212217 0.999999166 -0.000354444 -0.791360438 0.003158646 0.000358271 0.999994874 27.447362900
0.999991894 0.002787144 -0.002864583 0.568252444 -0.002789095 0.999995828 -0.000677146 -0.811668694 0.002862684 0.000685130 0.999995649 27.974941254
0.999990225 0.002501107 -0.003640120 0.561781287 -0.002503998 0.999996543 -0.000790038 -0.819433033 0.003638131 0.000799145 0.999993086 28.546997070
0.999991298 0.001731433 -0.003782971 0.572422981 -0.001733733 0.999998271 -0.000604713 -0.835866153 0.003781918 0.000611267 0.999992669 29.082981110
0.999991536 0.001834925 -0.003665022 0.575397134 -0.001836434 0.999998212 -0.000408844 -0.852037072 0.003664266 0.000415572 0.999993205 29.638715744
0.999986768 0.002369238 -0.004568561 0.586891890 -0.002372077 0.999997020 -0.000615963 -0.864935577 0.004567088 0.000626792 0.999989390 30.176696777
0.999985456 0.002578161 -0.004733737 0.596170306 -0.002582034 0.999996483 -0.000812497 -0.880953968 0.004731625 0.000824708 0.999988437 30.726034164
0.999983013 0.002509057 -0.005260203 0.607541800 -0.002513364 0.999996483 -0.000812444 -0.895431161 0.005258146 0.000825651 0.999985754 31.266193390
0.999981463 0.002548104 -0.005515561 0.614946187 -0.002552003 0.999996483 -0.000700064 -0.909206927 0.005513758 0.000714127 0.999984503 31.812122345
0.999982417 0.002218054 -0.005504292 0.617067456 -0.002223781 0.999997020 -0.001034458 -0.923302114 0.005501981 0.001046680 0.999984324 32.363433838
0.999977708 0.002654242 -0.006132836 0.630986929 -0.002657710 0.999996364 -0.000557271 -0.942429304 0.006131333 0.000573557 0.999981105 32.903453827
0.999978125 0.002113950 -0.006263121 0.636881530 -0.002118826 0.999997377 -0.000771755 -0.959144533 0.006261473 0.000785008 0.999980092 33.449615479
0.999978006 0.002181401 -0.006255622 0.644393146 -0.002186927 0.999997199 -0.000876805 -0.972384751 0.006253691 0.000890467 0.999979973 33.999702454
0.999978721 0.001399142 -0.006379840 0.651373565 -0.001403971 0.999998748 -0.000752387 -0.989872813 0.006378780 0.000761328 0.999979317 34.538135529
0.999974370 0.001598198 -0.006976196 0.667138696 -0.001606069 0.999997973 -0.001122898 -1.000736833 0.006974388 0.001134074 0.999974966 35.070957184
0.999974906 0.002069917 -0.006776070 0.660445035 -0.002078352 0.999997020 -0.001238071 -1.009398341 0.006773488 0.001252123 0.999976218 35.629299164
0.999972284 0.002406719 -0.007040546 0.668813050 -0.002414571 0.999996483 -0.001107161 -1.027780056 0.007037857 0.001124131 0.999974608 36.175590515
0.999969542 0.002496315 -0.007393792 0.686767697 -0.002507670 0.999995708 -0.001526847 -1.039570451 0.007389948 0.001545341 0.999971509 36.728382111
0.999967337 0.001972683 -0.007830623 0.695304036 -0.001986583 0.999996483 -0.001767654 -1.054926038 0.007827107 0.001783152 0.999967813 37.267036438
0.999976039 0.003443823 -0.006004739 0.686794281 -0.003455867 0.999992073 -0.001996470 -1.062544703 0.005997816 0.002017174 0.999980032 37.815101624
0.999965072 0.002195799 -0.008064108 0.711059690 -0.002210262 0.999995947 -0.001785175 -1.078854561 0.008060155 0.001802937 0.999965906 38.364627838
0.999963582 0.002175539 -0.008258563 0.716359317 -0.002191560 0.999995768 -0.001931381 -1.095327616 0.008254326 0.001949409 0.999964058 38.910484314
0.999963999 0.002429831 -0.008125034 0.727338195 -0.002448537 0.999994397 -0.002293082 -1.111136675 0.008119417 0.002312894 0.999964356 39.443855286
0.999960005 0.002608865 -0.008551600 0.732445538 -0.002620426 0.999995649 -0.001340922 -1.128910065 0.008548065 0.001363277 0.999962509 39.998420715
0.999962509 0.003109966 -0.008077781 0.738373637 -0.003116552 0.999994814 -0.000802875 -1.151925087 0.008075242 0.000828020 0.999967039 40.529552460
0.999954522 0.003039488 -0.009040664 0.766270638 -0.003056854 0.999993503 -0.001907712 -1.151069283 0.009034807 0.001935261 0.999957323 41.078914642
0.999954224 0.002962600 -0.009097520 0.756772101 -0.002979713 0.999993801 -0.001868067 -1.168110847 0.009091930 0.001895090 0.999956787 41.636440277
0.999956310 0.003029294 -0.008839080 0.764249325 -0.003043048 0.999994159 -0.001542967 -1.191088557 0.008834354 0.001569797 0.999959707 42.172176361
0.999953091 0.003102684 -0.009170569 0.779213965 -0.003121395 0.999993086 -0.002026770 -1.202418089 0.009164218 0.002055300 0.999955833 42.724143982
0.999950051 0.003217191 -0.009464054 0.770419478 -0.003231713 0.999993622 -0.001519489 -1.217756033 0.009459105 0.001549998 0.999954045 43.273357391
0.999957144 0.003433567 -0.008596109 0.770778060 -0.003446650 0.999992907 -0.001507642 -1.237140656 0.008590871 0.001537205 0.999961913 43.820659637
0.999952018 0.002278283 -0.009529675 0.796090364 -0.002288432 0.999996901 -0.001054283 -1.261308312 0.009527243 0.001076041 0.999953985 44.357200623
0.999949634 0.003387299 -0.009448649 0.786478758 -0.003399224 0.999993443 -0.001246320 -1.272287607 0.009444366 0.001278375 0.999954581 44.912296295
0.999958277 0.003352305 -0.008494456 0.790864229 -0.003365216 0.999993265 -0.001506121 -1.284958959 0.008489350 0.001534644 0.999962807 45.462257385
0.999953985 0.003360099 -0.008985544 0.808008313 -0.003375329 0.999992847 -0.001680422 -1.303654194 0.008979834 0.001710673 0.999958217 45.988201141
0.999951482 0.002604870 -0.009510531 0.813819528 -0.002620789 0.999995172 -0.001661743 -1.315475702 0.009506158 0.001686586 0.999953389 46.534358978
0.999948144 0.003459108 -0.009569718 0.827862144 -0.003469073 0.999993503 -0.001024837 -1.341062188 0.009566110 0.001057983 0.999953687 47.072101593
0.999959648 0.003541579 -0.008257654 0.812268794 -0.003558868 0.999991477 -0.002080040 -1.340960622 0.008250217 0.002109344 0.999963760 47.630062103
0.999952197 0.002763615 -0.009380977 0.818924069 -0.002781335 0.999994397 -0.001876382 -1.353904128 0.009375738 0.001902384 0.999954224 48.161392212
0.999953687 0.002800161 -0.009200723 0.828893065 -0.002817891 0.999994338 -0.001914714 -1.368862391 0.009195307 0.001940552 0.999955833 48.707084656
0.999959767 0.003220556 -0.008380584 0.828266025 -0.003228660 0.999994397 -0.000953575 -1.394318104 0.008377468 0.000980595 0.999964416 49.219303131
0.999950409 0.002387159 -0.009669757 0.841301620 -0.002401499 0.999996006 -0.001471622 -1.410072207 0.009666205 0.001494771 0.999952137 49.785778046
0.999954402 0.002456008 -0.009231999 0.843236327 -0.002468562 0.999996006 -0.001348788 -1.425787449 0.009228649 0.001371516 0.999956489 50.318847656
0.999963939 0.003904089 -0.007546194 0.828392744 -0.003916457 0.999991000 -0.001624606 -1.439136624 0.007539785 0.001654101 0.999970198 50.853530884
0.999947011 0.002644251 -0.009950495 0.861110926 -0.002661671 0.999994934 -0.001738023 -1.452697515 0.009945849 0.001764415 0.999948978 51.414661407
0.999949574 0.002211706 -0.009794162 0.864614725 -0.002230030 0.999995708 -0.001860496 -1.470040917 0.009790005 0.001882244 0.999950349 51.947486877
0.999951482 0.002369807 -0.009558879 0.872721255 -0.002391586 0.999994576 -0.002267731 -1.487955928 0.009553451 0.002290481 0.999951780 52.490566254
0.999945760 0.002365012 -0.010142978 0.879712701 -0.002385756 0.999995053 -0.002033686 -1.495412946 0.010138120 0.002057774 0.999946475 53.050575256
0.999943018 0.002444163 -0.010387232 0.885505438 -0.002464579 0.999994993 -0.001953172 -1.513848066 0.010382405 0.001978660 0.999944150 53.594593048
0.999947190 0.002781716 -0.009892486 0.890999258 -0.002800574 0.999994278 -0.001892878 -1.533536315 0.009887163 0.001920483 0.999949276 54.139766693
0.999948800 0.003086724 -0.009635518 0.890667975 -0.003103810 0.999993622 -0.001758839 -1.547818899 0.009630028 0.001788656 0.999951959 54.685115814
0.999943674 0.002286060 -0.010363042 0.897850633 -0.002310399 0.999994576 -0.002337176 -1.562670708 0.010357644 0.002360987 0.999943495 55.216884613
0.999949455 0.002644999 -0.009701904 0.898559093 -0.002668041 0.999993622 -0.002362790 -1.576462030 0.009695593 0.002388555 0.999950111 55.768955231
0.999942005 0.002313615 -0.010519423 0.905996561 -0.002339726 0.999994218 -0.002470664 -1.589398742 0.010513646 0.002495133 0.999941587 56.306388855
0.999945343 0.002260375 -0.010207654 0.920841992 -0.002286868 0.999993980 -0.002584598 -1.609268546 0.010201750 0.002607800 0.999944568 56.834980011
0.999942362 0.002673415 -0.010411754 0.924791098 -0.002698897 0.999993384 -0.002434221 -1.622687101 0.010405179 0.002462180 0.999942780 57.388011932
0.999947429 0.002812202 -0.009859886 0.924323440 -0.002837854 0.999992669 -0.002588750 -1.643451929 0.009852532 0.002616595 0.999948025 57.938861847
0.999941766 0.002925660 -0.010396715 0.936751604 -0.002952770 0.999992311 -0.002593310 -1.655333996 0.010389049 0.002623857 0.999942541 58.477264404
0.999940395 0.002476121 -0.010634794 0.942073882 -0.002506778 0.999992669 -0.002870336 -1.664008975 0.010627609 0.002896824 0.999939322 59.025341034
0.999941230 0.002562862 -0.010535387 0.949391484 -0.002596493 0.999991536 -0.003179808 -1.682127476 0.010527149 0.003206976 0.999939442 59.564777374
0.999949753 0.002162527 -0.009787101 0.948819458 -0.002197441 0.999991238 -0.003557914 -1.690841556 0.009779321 0.003579242 0.999945700 60.125629425
0.999940336 0.002825378 -0.010553890 0.950785041 -0.002857647 0.999991298 -0.003043748 -1.711910129 0.010545198 0.003073726 0.999939680 60.656681061
0.999938548 0.003639201 -0.010472597 0.958189547 -0.003672996 0.999988198 -0.003209473 -1.731682897 0.010460792 0.003247741 0.999939978 61.204322815
0.999933839 0.002629004 -0.011203337 0.973196864 -0.002663437 0.999991775 -0.003059608 -1.749324083 0.011195201 0.003089245 0.999932528 61.742225647
0.999935150 0.002615305 -0.011083226 0.972865939 -0.002654773 0.999990106 -0.003547863 -1.756969333 0.011073838 0.003577056 0.999932289 62.278171539
0.999937594 0.002773717 -0.010818882 0.976201177 -0.002814593 0.999988914 -0.003764887 -1.774277806 0.010808320 0.003795103 0.999934375 62.820667267
0.999942124 0.002449821 -0.010472116 0.972325385 -0.002487082 0.999990523 -0.003546562 -1.790320992 0.010463330 0.003572402 0.999938846 63.363178253
0.999935865 0.003105568 -0.010893695 0.983307958 -0.003143088 0.999989152 -0.003428855 -1.806512594 0.010882928 0.003462874 0.999934793 63.901313782
0.999938428 0.003004662 -0.010677516 0.982546926 -0.003046170 0.999987900 -0.003873246 -1.818760157 0.010665748 0.003905533 0.999935567 64.457443237
0.999936223 0.002726822 -0.010956495 0.997951865 -0.002760992 0.999991357 -0.003104843 -1.840587735 0.010947934 0.003134895 0.999935150 64.977607727
0.999937534 0.003344513 -0.010663208 0.991397023 -0.003385694 0.999986827 -0.003846283 -1.845526338 0.010650202 0.003882145 0.999935746 65.517463684
0.999934137 0.003059979 -0.011062728 1.004418254 -0.003101351 0.999988377 -0.003724544 -1.869184136 0.011051201 0.003758609 0.999931872 66.070808411
0.999942720 0.003106425 -0.010241990 1.001677275 -0.003148563 0.999986649 -0.004100802 -1.881791115 0.010229114 0.004132815 0.999939203 66.625396729
0.999938190 0.003176422 -0.010657809 1.013466477 -0.003217499 0.999987483 -0.003839250 -1.907778978 0.010645480 0.003873304 0.999935806 67.159912109
0.999932528 0.003093285 -0.011196135 1.027617693 -0.003130922 0.999989510 -0.003345634 -1.927839279 0.011185667 0.003380463 0.999931693 67.704292297
0.999927998 0.003663425 -0.011426164 1.039148331 -0.003699282 0.999988317 -0.003118688 -1.948037982 0.011414605 0.003160733 0.999929845 68.242263794
0.999930263 0.002953334 -0.011429974 1.035881400 -0.002995480 0.999988794 -0.003671879 -1.964241505 0.011419000 0.003705862 0.999927938 68.790664673
0.999926627 0.003336790 -0.011641627 1.057034492 -0.003378754 0.999987900 -0.003586878 -1.978043079 0.011629517 0.003625949 0.999925733 69.320335388
0.999921620 0.003442562 -0.012031219 1.071552157 -0.003481870 0.999988735 -0.003247750 -1.997319579 0.012019902 0.003289387 0.999922276 69.847755432
0.999934435 0.003961430 -0.010745830 1.043130755 -0.003999293 0.999985993 -0.003504158 -2.004758358 0.010731796 0.003546904 0.999936104 70.391067505
0.999926388 0.004026777 -0.011442000 1.053240299 -0.004070017 0.999984682 -0.003758310 -2.020421267 0.011426689 0.003804604 0.999927461 70.948272705
0.999928713 0.004702266 -0.010981512 1.047180414 -0.004743777 0.999981701 -0.003757103 -2.036467791 0.010963645 0.003808928 0.999932647 71.470909119
0.999928892 0.004398614 -0.011084794 1.060559273 -0.004429624 0.999986351 -0.002774541 -2.070989609 0.011072438 0.002823445 0.999934733 72.015167236
0.999923289 0.003996872 -0.011721901 1.070179224 -0.004036633 0.999986172 -0.003370409 -2.086174488 0.011708267 0.003417467 0.999925613 72.563133240
0.999927163 0.004217339 -0.011308945 1.070761323 -0.004251377 0.999986470 -0.002987522 -2.105323315 0.011296194 0.003035383 0.999931514 73.103904724
0.999924123 0.004686564 -0.011389638 1.076149106 -0.004720809 0.999984443 -0.002981618 -2.123359919 0.011375488 0.003035160 0.999930680 73.644531250
0.999929070 0.004026627 -0.011205021 1.078769088 -0.004057783 0.999987900 -0.002759153 -2.141853571 0.011193777 0.002804425 0.999933362 74.165016174
0.999931276 0.003836578 -0.011082354 1.087915063 -0.003865772 0.999989092 -0.002614134 -2.157088995 0.011072205 0.002656796 0.999935150 74.715728760
0.999928296 0.004001276 -0.011288357 1.089408636 -0.004034046 0.999987721 -0.002881468 -2.174134254 0.011276688 0.002926799 0.999932110 75.248298645
0.999926329 0.003382477 -0.011664808 1.102531672 -0.003413945 0.999990642 -0.002678670 -2.194671392 0.011655637 0.002718296 0.999928415 75.783630371
0.999926627 0.004030921 -0.011419490 1.103300929 -0.004060156 0.999988556 -0.002538056 -2.211891651 0.011409128 0.002584235 0.999931514 76.334884644
0.999933183 0.004238565 -0.010745557 1.100811005 -0.004270716 0.999986529 -0.002970955 -2.225634813 0.010732818 0.003016648 0.999937892 76.881706238
0.999925673 0.004164504 -0.011457877 1.112451553 -0.004201459 0.999985993 -0.003203186 -2.236594677 0.011444376 0.003251088 0.999929249 77.430313110
0.999926507 0.003461271 -0.011612991 1.115830064 -0.003493366 0.999990106 -0.002744542 -2.259567738 0.011603375 0.002784909 0.999928772 77.947013855
0.999926746 0.003340881 -0.011628375 1.124257565 -0.003378674 0.999989092 -0.003231968 -2.275115967 0.011617449 0.003271020 0.999927163 78.494934082
0.999928117 0.003728509 -0.011395964 1.129423141 -0.003760160 0.999989152 -0.002757377 -2.295900583 0.011385560 0.002800030 0.999931216 79.031700134
0.999928355 0.004243041 -0.011192987 1.130727887 -0.004274094 0.999987125 -0.002751915 -2.312195778 0.011181166 0.002799558 0.999933541 79.587043762
0.999926805 0.003740766 -0.011503850 1.138909340 -0.003775035 0.999988496 -0.002958684 -2.327809572 0.011492650 0.003001895 0.999929428 80.118675232
0.999940515 0.004101583 -0.010100769 1.140695572 -0.004132481 0.999986827 -0.003039927 -2.340759754 0.010088167 0.003081488 0.999944329 80.667724609
0.999950528 0.003747342 -0.009202063 1.147055507 -0.003777809 0.999987423 -0.003295695 -2.353868961 0.009189595 0.003330296 0.999952257 81.221023560
0.999959886 0.004472029 -0.007762287 1.152545929 -0.004495315 0.999985456 -0.002985341 -2.377720594 0.007748825 0.003020116 0.999965370 81.742988586
0.999970138 0.003925328 -0.006651265 1.164381742 -0.003943831 0.999988317 -0.002771431 -2.395385742 0.006640308 0.002797579 0.999974012 82.273529053
0.999984741 0.004474677 -0.003249231 1.177580357 -0.004485365 0.999984562 -0.003289978 -2.411031723 0.003234459 0.003304501 0.999989331 82.826026917
0.999989986 0.004453415 0.000212223 1.183986306 -0.004452617 0.999983549 -0.003614273 -2.413287878 -0.000228316 0.003613292 0.999993443 83.330589294
0.999983728 0.004539568 0.003462563 1.198686123 -0.004528902 0.999984980 -0.003081558 -2.441172361 -0.003476500 0.003065826 0.999989271 83.903800964
0.999952495 0.004516014 0.008628393 1.217364311 -0.004494553 0.999986768 -0.002505161 -2.465007782 -0.008639589 0.002466262 0.999959648 84.454528809
0.999888420 0.003978882 0.014402616 1.244860411 -0.003936024 0.999987721 -0.003002847 -2.479154110 -0.014414386 0.002945823 0.999891758 85.001480103
0.999804497 0.003781795 0.019408802 1.277775764 -0.003722958 0.999988317 -0.003066640 -2.499864101 -0.019420179 0.002993782 0.999806881 85.537635803
0.999685466 0.003377428 0.024853388 1.313197494 -0.003298304 0.999989331 -0.003223962 -2.516418695 -0.024864011 0.003140973 0.999685884 86.079589844
0.999444723 0.002747589 0.033207372 1.336404204 -0.002651776 0.999992192 -0.002928994 -2.530766964 -0.033215161 0.002839309 0.999444127 86.638641357
0.999130368 0.003694558 0.041531894 1.380128860 -0.003577287 0.999989390 -0.002897663 -2.552001953 -0.041542165 0.002746572 0.999132931 87.173049927
0.998800755 0.003563785 0.048829943 1.417702198 -0.003452853 0.999991238 -0.002355990 -2.571040869 -0.048837911 0.002184562 0.998804331 87.713249207
0.998336792 0.003431908 0.057549205 1.468429089 -0.003269456 0.999990404 -0.002916752 -2.580480576 -0.057558663 0.002723746 0.998338401 88.265113831
0.997696280 0.003816853 0.067731492 1.520267010 -0.003603369 0.999988139 -0.003273811 -2.596338749 -0.067743182 0.003022208 0.997698188 88.813003540
0.997094214 0.002543950 0.076135829 1.576361179 -0.002250045 0.999989629 -0.003945815 -2.601139784 -0.076145075 0.003763040 0.997089624 89.366271973
0.996467113 0.002158269 0.083956055 1.652246475 -0.001861218 0.999991775 -0.003616266 -2.628058195 -0.083963171 0.003447230 0.996462822 89.913467407
0.995464146 0.002732110 0.095098071 1.716029167 -0.002412662 0.999991000 -0.003473964 -2.647619247 -0.095106706 0.003228767 0.995461762 90.455612183
0.994355977 0.003596120 0.106034487 1.785479546 -0.003323602 0.999990761 -0.002746678 -2.664239168 -0.106043376 0.002378759 0.994358659 91.005950928
0.993383169 0.003074489 0.114806116 1.875675201 -0.002716487 0.999990940 -0.003274633 -2.684600353 -0.114815146 0.002941096 0.993382514 91.559295654
0.992046237 0.002529762 0.125848413 1.963716507 -0.002115830 0.999991894 -0.003422678 -2.696354866 -0.125856057 0.003129181 0.992043495 92.107986450
0.990450859 0.002337641 0.137846187 2.058402061 -0.001891344 0.999992490 -0.003368541 -2.714977264 -0.137853056 0.003075660 0.990447938 92.650726318
0.988946438 0.002021759 0.148259178 2.161659241 -0.001568471 0.999993742 -0.003174252 -2.737921715 -0.148264661 0.002906625 0.988943517 93.190910339
0.987214744 0.002218363 0.159380108 2.253784180 -0.001744184 0.999993622 -0.003114969 -2.745770454 -0.159385964 0.002797155 0.987212300 93.733329773
0.985061586 0.002047308 0.172190145 2.376143456 -0.001619354 0.999995291 -0.002625786 -2.771255493 -0.172194675 0.002307725 0.985060155 94.245475769
0.982756078 0.001484137 0.184900552 2.494450569 -0.000983417 0.999995589 -0.002799727 -2.786900997 -0.184903875 0.002569614 0.982753217 94.773445129
0.980820596 0.000947400 0.194910392 2.619065285 -0.000387110 0.999995649 -0.002912677 -2.798107624 -0.194912300 0.002781361 0.980816662 95.305274963
0.978145778 0.000935740 0.207918122 2.753141403 -0.000300204 0.999995172 -0.003088192 -2.819714546 -0.207919970 0.002958284 0.978141367 95.857330322
0.975280046 0.000830830 0.220971152 2.901521683 -0.000263577 0.999996603 -0.002596563 -2.840018272 -0.220972538 0.002474133 0.975276887 96.386276245
0.972660124 0.000872187 0.232231751 3.046590805 -0.000296491 0.999996722 -0.002513865 -2.855283260 -0.232233167 0.002376282 0.972657263 96.917877197
0.969588161 0.000113202 0.244742319 3.195926666 0.000649972 0.999995172 -0.003037508 -2.863648176 -0.244741499 0.003104207 0.969583333 97.472587585
0.966067731 -0.000338576 0.258288652 3.365646362 0.001200182 0.999994218 -0.003178160 -2.876696348 -0.258286059 0.003380311 0.966062546 97.996185303
0.962516487 -0.000578927 0.271222711 3.524719238 0.001591939 0.999992669 -0.003514986 -2.888756037 -0.271218628 0.003815002 0.962510169 98.525535583
0.959281206 -0.000500401 0.282452285 3.700017929 0.001385599 0.999994695 -0.002934234 -2.916115284 -0.282449305 0.003206121 0.959276855 99.066406250
0.955091119 -0.000031058 0.296312273 3.871749878 0.000787471 0.999996722 -0.002433410 -2.935772657 -0.296311229 0.002557466 0.955088019 99.582206726
0.950773835 -0.000466388 0.309885561 4.073493958 0.001478606 0.999994338 -0.003031553 -2.943053961 -0.309882283 0.003340519 0.950769067 100.104476929
0.946937442 -0.001667794 0.321413487 4.264530182 0.002636495 0.999993205 -0.002578650 -2.963009596 -0.321407050 0.003289226 0.946935356 100.613372803
0.942295969 -0.001535262 0.334777087 4.467887878 0.002559501 0.999993324 -0.002618328 -2.982005596 -0.334770858 0.003324104 0.942293644 101.138832092
0.937263191 -0.002384427 0.348614305 4.680158615 0.003345182 0.999992013 -0.002153980 -3.001774788 -0.348606408 0.003185024 0.937263787 101.629974365
0.932574332 -0.002355674 0.360970199 4.906553268 0.003331194 0.999992430 -0.002080312 -3.020107031 -0.360962600 0.003142508 0.932574987 102.167228699
0.928058088 -0.003370320 0.372420162 5.135452271 0.004801010 0.999984264 -0.002914314 -3.028558731 -0.372404486 0.004492645 0.928059638 102.677940369
0.922383010 -0.004051913 0.386255115 5.362552643 0.005517564 0.999981225 -0.002685974 -3.048417091 -0.386236995 0.004608685 0.922388077 103.141578674
0.916508734 -0.003248830 0.400001436 5.609767914 0.004562351 0.999986887 -0.002331611 -3.068029881 -0.399988651 0.003961889 0.916511476 103.670677185
0.911288977 -0.003133837 0.411755294 5.849220276 0.004309870 0.999988914 -0.001927686 -3.088553905 -0.411744714 0.003531290 0.911292315 104.166351318
0.905742526 -0.004731028 0.423801780 6.120674133 0.006290538 0.999977589 -0.002280987 -3.101501465 -0.423781544 0.004731928 0.905752003 104.637306213
0.898898780 -0.004403118 0.438134164 6.374702454 0.005784238 0.999981642 -0.001817724 -3.122842789 -0.438118160 0.004168223 0.898907721 105.132781982
0.893130779 -0.005540295 0.449762911 6.645442963 0.007010207 0.999974191 -0.001602800 -3.140651941 -0.449742317 0.004584442 0.893146455 105.612083435
0.887811542 -0.005765866 0.460171193 6.910247803 0.007116683 0.999973893 -0.001200762 -3.160993576 -0.460152268 0.004340942 0.887829423 106.070785522
0.880417109 -0.006145589 0.474160254 7.194335938 0.007681329 0.999969661 -0.001302030 -3.172231674 -0.474137872 0.004788510 0.880437613 106.576400757
