1.000000000 0.000000000 0.000000000 0.000000000 0.000000000 1.000000000 0.000000000 0.000000000 0.000000000 0.000000000 1.000000000 0.000000000
1.000000000 0.000050783 -0.000039420 -0.001289426 -0.000050781 1.000000000 0.000044038 0.000166140 0.000039423 -0.000044036 1.000000000 -0.001997273
1.000000000 0.000152420 -0.000021693 0.000361087 -0.000152420 1.000000000 0.000024082 -0.000269943 0.000021697 -0.000024078 1.000000000 -0.003497670
1.000000000 -0.000121076 -0.000190319 0.006494435 0.000121091 1.000000000 0.000077758 -0.001536231 0.000190309 -0.000077781 1.000000000 -0.003493271
1.000000000 -0.000109601 -0.000132872 0.003608963 0.000109608 1.000000000 0.000056813 -0.001189576 0.000132865 -0.000056828 1.000000000 -0.002510123
1.000000000 0.000066537 0.000047209 -0.001052283 -0.000066536 1.000000000 -0.000029688 0.000150035 -0.000047211 0.000029685 1.000000000 -0.001299795
1.000000000 -0.000003556 -0.000071026 0.002577838 0.000003562 1.000000000 0.000084769 -0.001530474 0.000071026 -0.000084769 1.000000000 -0.004366330
1.000000000 0.000017201 0.000004466 -0.001571139 -0.000017201 1.000000000 0.000027209 0.000480782 -0.000004465 -0.000027209 1.000000000 0.003970794
1.000000000 0.000045865 -0.000036783 0.001348543 -0.000045864 1.000000000 0.000032509 -0.002222877 0.000036784 -0.000032507 1.000000000 -0.005301843
1.000000000 -0.000044053 -0.000032658 0.001371423 0.000044056 1.000000000 0.000112080 -0.001129776 0.000032653 -0.000112082 1.000000000 -0.005396656
1.000000000 0.000023603 0.000006307 -0.000124971 -0.000023603 1.000000000 0.000034814 -0.000591689 -0.000006306 -0.000034814 1.000000000 -0.001910744
1.000000000 -0.000097029 -0.000092634 0.000875028 0.000097034 1.000000000 0.000051923 -0.002186187 0.000092629 -0.000051932 1.000000000 -0.007586533
1.000000000 -0.000027474 0.000108046 -0.000339495 0.000027465 1.000000000 0.000084479 -0.001363029 -0.000108049 -0.000084476 1.000000000 -0.002769160
1.000000000 -0.000049128 0.000013252 0.000948805 0.000049126 1.000000000 0.000106337 -0.001740631 -0.000013257 -0.000106337 1.000000000 -0.005339003
1.000000000 -0.000109262 0.000006746 0.000701575 0.000109261 1.000000000 0.000097633 -0.001117941 -0.000006757 -0.000097633 1.000000000 -0.005054947
1.000000000 -0.000084137 0.000003364 -0.000913870 0.000084136 1.000000000 0.000126393 -0.001263548 -0.000003375 -0.000126393 1.000000000 -0.003913860
1.000000000 -0.000139762 -0.000025005 0.000742000 0.000139764 1.000000000 0.000094080 -0.002072071 0.000024991 -0.000094084 1.000000000 -0.006810134
1.000000000 -0.000015184 -0.000063263 0.002402871 0.000015195 1.000000000 0.000181294 -0.003111124 0.000063260 -0.000181295 1.000000000 -0.009459613
1.000000000 -0.000156141 -0.000002435 0.002340850 0.000156141 0.999999940 0.000191396 -0.003745101 0.000002405 -0.000191396 1.000000000 -0.007806464
1.000000000 -0.000096482 -0.000049473 0.001063595 0.000096488 1.000000000 0.000109567 -0.003036543 0.000049462 -0.000109572 1.000000000 -0.007107275
1.000000000 -0.000048189 -0.000070594 0.002950443 0.000048206 0.999999940 0.000244821 -0.004965824 0.000070582 -0.000244824 0.999999940 -0.008168341
1.000000000 -0.000028087 0.000067824 -0.000704683 0.000028079 1.000000000 0.000121500 -0.000801396 -0.000067828 -0.000121498 1.000000000 -0.003951631
1.000000000 -0.000092295 -0.000165071 0.004465792 0.000092342 0.999999940 0.000282448 -0.002876207 0.000165045 -0.000282463 0.999999940 -0.013011019
0.999999940 -0.000311475 -0.000065942 0.000133140 0.000311492 0.999999940 0.000255668 -0.002939191 0.000065863 -0.000255689 0.999999940 -0.007032511
1.000000000 -0.000119313 -0.000168109 0.004297777 0.000119342 1.000000000 0.000172752 -0.002567860 0.000168088 -0.000172772 1.000000000 -0.008926213
1.000000000 -0.000179629 -0.000081667 0.001644657 0.000179656 0.999999940 0.000337870 -0.004145650 0.000081607 -0.000337884 0.999999940 -0.013108479
1.000000000 0.000010377 -0.000010460 -0.000188335 -0.000010376 1.000000000 0.000114638 -0.003045141 0.000010461 -0.000114638 1.000000000 -0.007031050
1.000000000 -0.000158786 -0.000074060 0.001832138 0.000158802 0.999999940 0.000205459 -0.003202684 0.000074027 -0.000205471 1.000000000 -0.005367439
1.000000000 -0.000219062 -0.000088332 -0.000520912 0.000219078 0.999999940 0.000174210 0.000542423 0.000088294 -0.000174229 1.000000000 -0.006224971
1.000000000 -0.000071006 -0.000052638 -0.000897595 0.000071018 1.000000000 0.000214291 -0.001611596 0.000052623 -0.000214295 1.000000000 -0.002658537
1.000000000 -0.000066665 -0.000047999 -0.001478147 0.000066674 1.000000000 0.000181949 -0.001270043 0.000047987 -0.000181953 1.000000000 -0.001675378
1.000000000 -0.000040947 0.000020308 -0.003341243 0.000040945 1.000000000 0.000097036 -0.000106828 -0.000020312 -0.000097035 1.000000000 -0.005368032
0.999999940 -0.000303840 -0.000119112 0.001752759 0.000303871 0.999999940 0.000257306 -0.003700338 0.000119034 -0.000257342 0.999999940 -0.008042124
1.000000000 0.000042460 -0.000022226 -0.000763579 -0.000042458 1.000000000 0.000066595 -0.000163335 0.000022229 -0.000066594 1.000000000 -0.001612895
1.000000000 -0.000129255 -0.000054427 0.000191337 0.000129262 1.000000000 0.000127136 -0.002254713 0.000054411 -0.000127143 1.000000000 -0.003953470
1.000000000 -0.000166557 -0.000066150 -0.000843990 0.000166561 1.000000000 0.000059294 -0.001583323 0.000066140 -0.000059305 1.000000000 -0.006584139
1.000000000 -0.000118337 -0.000076971 0.001774119 0.000118348 1.000000000 0.000135510 -0.001495331 0.000076955 -0.000135519 1.000000000 -0.009071670
0.999999940 -0.000207054 -0.000137506 0.000895658 0.000207081 0.999999940 0.000193569 -0.001391588 0.000137466 -0.000193597 1.000000000 -0.007681298
1.000000000 -0.000131331 -0.000067158 0.000151596 0.000131346 0.999999940 0.000229239 -0.001762161 0.000067128 -0.000229248 1.000000000 -0.007088824
0.999999940 -0.000274685 -0.000148757 0.003343287 0.000274729 0.999999940 0.000300643 -0.005445665 0.000148675 -0.000300684 0.999999940 -0.008137720
1.000000000 -0.000122436 -0.000161637 0.007151699 0.000122371 0.999999881 -0.000405325 -0.008365371 0.000161686 0.000405306 0.999999881 0.042875987
1.000000000 -0.000156232 -0.000103353 0.006300464 0.000156122 0.999999404 -0.001063958 -0.007085578 0.000103519 0.001063942 0.999999404 0.141499266
1.000000000 -0.000179510 -0.000027078 0.003973940 0.000179473 0.999999106 -0.001336444 -0.014212158 0.000027318 0.001336439 0.999999106 0.259297878
0.999999940 -0.000304101 0.000005832 0.006190179 0.000304108 0.999999285 -0.001172291 -0.020230900 -0.000005476 0.001172293 0.999999285 0.389301330
1.000000000 0.000042703 -0.000075765 0.010517987 -0.000042772 0.999999583 -0.000914492 -0.026885860 0.000075726 0.000914495 0.999999583 0.532504022
1.000000000 0.000034904 0.000054448 0.012789985 -0.000034854 0.999999583 -0.000908243 -0.027563501 -0.000054480 0.000908241 0.999999583 0.690859973
0.999999940 -0.000273744 0.000080193 0.017201548 0.000273787 0.999999821 -0.000536539 -0.034009106 -0.000080047 0.000536561 0.999999881 0.861578763
0.999999821 -0.000444317 -0.000414532 0.028371304 0.000444155 0.999999821 -0.000390925 -0.039887063 0.000414705 0.000390740 0.999999821 1.024820685
1.000000000 -0.000174930 -0.000026556 0.026940053 0.000174918 0.999999881 -0.000430479 -0.042656068 0.000026631 0.000430475 0.999999881 1.199058771
0.999999583 0.000622018 0.000701055 0.014318820 -0.000622304 0.999999642 0.000407727 -0.085609794 -0.000700801 -0.000408163 0.999999642 1.375350595
0.999999285 0.000999643 0.000764309 0.021984000 -0.000999930 0.999999404 0.000375012 -0.088898398 -0.000763934 -0.000375776 0.999999583 1.570921779
0.999998927 0.000887773 0.001137936 0.019109350 -0.000888589 0.999999285 0.000716876 -0.096593320 -0.001137299 -0.000717887 0.999999106 1.768633127
0.999999523 0.000657146 0.000727323 0.019607017 -0.000658123 0.999998868 0.001344543 -0.118308239 -0.000726439 -0.001345021 0.999998808 2.007670641
0.999999464 0.000772613 0.000692742 0.025247429 -0.000773468 0.999998927 0.001234757 -0.123549893 -0.000691787 -0.001235292 0.999998987 2.230335236
0.999999523 0.000176681 0.000918736 0.024932820 -0.000177806 0.999999225 0.001224257 -0.132480159 -0.000918519 -0.001224420 0.999998808 2.432300329
0.999999642 0.000412134 0.000717767 0.030229624 -0.000412959 0.999999225 0.001149074 -0.137703270 -0.000717293 -0.001149370 0.999999106 2.670237780
0.999999046 0.000676556 0.001240102 0.032893196 -0.000677913 0.999999166 0.001094515 -0.142913803 -0.001239360 -0.001095355 0.999998629 2.900319815
0.999999166 0.000558048 0.001157888 0.048029196 -0.000559754 0.999998748 0.001473753 -0.149983004 -0.001157064 -0.001474401 0.999998212 3.123989582
0.999998987 0.000630692 0.001256356 0.036434025 -0.000632389 0.999998808 0.001351317 -0.162380144 -0.001255503 -0.001352111 0.999998212 3.353420973
0.999999225 0.000492890 0.001083987 0.045627289 -0.000494249 0.999998987 0.001253688 -0.164075062 -0.001083368 -0.001254223 0.999998629 3.613827705
0.999999166 0.000378600 0.001250964 0.050202329 -0.000380224 0.999999106 0.001298170 -0.175718725 -0.001250472 -0.001298645 0.999998331 3.867366314
0.999998569 0.000601839 0.001538161 0.050337594 -0.000604326 0.999998510 0.001616871 -0.179035828 -0.001537185 -0.001617799 0.999997497 4.136990547
0.999998033 0.000984404 0.001692727 0.053190768 -0.000987635 0.999997675 0.001909424 -0.185811803 -0.001690844 -0.001911092 0.999996722 4.391486645
0.999999344 0.000253917 0.001230028 0.058744479 -0.000256332 0.999998033 0.001963425 -0.205839798 -0.001229528 -0.001963738 0.999997318 4.653388500
0.999998629 0.000487379 0.001618761 0.065557227 -0.000490603 0.999997914 0.001991736 -0.211746752 -0.001617787 -0.001992528 0.999996722 4.919985294
0.999997556 0.000922862 0.001995931 0.064180918 -0.000926910 0.999997437 0.002028648 -0.219086558 -0.001994054 -0.002030493 0.999995947 5.164398670
0.999998569 0.000403949 0.001620668 0.067625254 -0.000407815 0.999997079 0.002385526 -0.235477418 -0.001619700 -0.002386184 0.999995768 5.426299095
0.999997735 0.000645563 0.002020005 0.072697230 -0.000650245 0.999997139 0.002318031 -0.240582034 -0.002018503 -0.002319339 0.999995232 5.704493999
0.999998868 0.000195223 0.001506713 0.077725261 -0.000198777 0.999997199 0.002359121 -0.250736386 -0.001506248 -0.002359417 0.999996066 5.971847057
0.999998808 0.000020429 0.001587773 0.078330062 -0.000024222 0.999997139 0.002389049 -0.261965215 -0.001587720 -0.002389084 0.999995887 6.243386269
0.999997914 0.000541926 0.001991538 0.085833192 -0.000546806 0.999996901 0.002450655 -0.267531574 -0.001990204 -0.002451739 0.999994993 6.530546665
0.999998391 0.000404863 0.001751733 0.086811684 -0.000408715 0.999997497 0.002199166 -0.277696162 -0.001750838 -0.002199878 0.999996066 6.812260151
0.999998987 -0.000025696 0.001454823 0.104040511 0.000022020 0.999996841 0.002526759 -0.293529272 -0.001454883 -0.002526724 0.999995828 7.094254494
0.999998808 0.000173325 0.001498198 0.113986120 -0.000177235 0.999996603 0.002610262 -0.303050369 -0.001497740 -0.002610524 0.999995530 7.388223648
0.999998987 0.000002834 0.001426722 0.123791888 -0.000006664 0.999996364 0.002684630 -0.315336376 -0.001426709 -0.002684637 0.999995410 7.695529461
0.999998748 -0.000440313 0.001515646 0.122495510 0.000436026 0.999995887 0.002827214 -0.334459454 -0.001516885 -0.002826550 0.999994814 8.021205902
0.999998271 -0.000066750 0.001847347 0.129605576 0.000061453 0.999995828 0.002866828 -0.341761351 -0.001847531 -0.002866710 0.999994159 8.339030266
0.999998569 -0.000313772 0.001691173 0.138572589 0.000309461 0.999996662 0.002549084 -0.340666622 -0.001691967 -0.002548557 0.999995351 8.670800209
0.999997616 0.000170908 0.002169538 0.131811142 -0.000176548 0.999996543 0.002600024 -0.353181660 -0.002169087 -0.002600401 0.999994278 9.013551712
0.999997556 0.000251357 0.002201672 0.136766151 -0.000258126 0.999995232 0.003074859 -0.362557232 -0.002200889 -0.003075420 0.999992847 9.347682953
0.999998629 -0.000306410 0.001632706 0.153244302 0.000301421 0.999995291 0.003054777 -0.371903390 -0.001633635 -0.003054281 0.999993980 9.687748909
0.999997675 -0.000272114 0.002148384 0.151119426 0.000265557 0.999995291 0.003051952 -0.387226969 -0.002149205 -0.003051373 0.999993026 10.020307541
0.999997795 -0.000225375 0.002086166 0.158783227 0.000219797 0.999996364 0.002673434 -0.397575706 -0.002086761 -0.002672970 0.999994278 10.383310318
0.999997437 -0.000154639 0.002252143 0.173142985 0.000147606 0.999995112 0.003122471 -0.408182532 -0.002252614 -0.003122131 0.999992609 10.741743088
0.999997020 0.000317671 0.002411400 0.175481915 -0.000324361 0.999996126 0.002774586 -0.411027372 -0.002410509 -0.002775360 0.999993265 11.111750603
0.999996841 0.000297041 0.002479461 0.184661657 -0.000304322 0.999995649 0.002936929 -0.422951967 -0.002478579 -0.002937675 0.999992609 11.487486839
0.999996006 0.000798548 0.002672592 0.191285506 -0.000806312 0.999995470 0.002905287 -0.431551874 -0.002670260 -0.002907430 0.999992251 11.879270554
0.999998033 -0.000255140 0.002031229 0.201225296 0.000248814 0.999995112 0.003113994 -0.449484259 -0.002032014 -0.003113483 0.999993026 12.218454361
0.999997258 -0.000879682 0.002175428 0.213418573 0.000873384 0.999995351 0.002894293 -0.458066821 -0.002177964 -0.002892385 0.999993503 12.611481667
0.999997377 -0.000890676 0.002077192 0.227409914 0.000884321 0.999994874 0.003058214 -0.464761734 -0.002079905 -0.003056369 0.999993145 13.002853394
0.999998033 -0.000957084 0.001728240 0.248240128 0.000951988 0.999995172 0.002946908 -0.471749067 -0.001731052 -0.002945257 0.999994159 13.400918007
0.999997437 -0.000663050 0.002134608 0.251492709 0.000654754 0.999992251 0.003884753 -0.524269998 -0.002137167 -0.003883345 0.999990165 13.798086166
0.999996960 -0.000714756 0.002316423 0.260345340 0.000704792 0.999990463 0.004299280 -0.536264002 -0.002319474 -0.004297635 0.999988019 14.211344719
0.999995828 -0.000548803 0.002819525 0.268824011 0.000535792 0.999989212 0.004613348 -0.554301977 -0.002822026 -0.004611818 0.999985397 14.639324188
0.999995887 -0.000497896 0.002822671 0.269196928 0.000485544 0.999990404 0.004375102 -0.562067747 -0.002824822 -0.004373714 0.999986410 15.045497894
0.999993742 -0.001179364 0.003324046 0.268235505 0.001161732 0.999985218 0.005301225 -0.609556437 -0.003330248 -0.005297330 0.999980450 15.468206406
0.999992549 -0.000253757 0.003854917 0.277829200 0.000233160 0.999985695 0.005342654 -0.616059422 -0.003856217 -0.005341716 0.999978304 15.916976929
0.999992609 -0.000345067 0.003845384 0.286955118 0.000323985 0.999984860 0.005481798 -0.632115901 -0.003847217 -0.005480511 0.999977589 16.342294693
0.999988854 -0.000263394 0.004705273 0.293282032 0.000238647 0.999986172 0.005259177 -0.637629330 -0.004706593 -0.005257995 0.999975145 16.809808731
0.999989331 -0.001180923 0.004459440 0.308510482 0.001156668 0.999984562 0.005437709 -0.662188172 -0.004465794 -0.005432492 0.999975264 17.213218689
0.999990106 -0.000190116 0.004430457 0.320133984 0.000166933 0.999986291 0.005232250 -0.670211673 -0.004431391 -0.005231459 0.999976456 17.670494080
0.999987900 -0.001341030 0.004737385 0.334737986 0.001314553 0.999983490 0.005587732 -0.689908981 -0.004744800 -0.005581436 0.999973178 18.147378922
0.999985337 -0.001551591 0.005187911 0.346050441 0.001524417 0.999985099 0.005237843 -0.692294121 -0.005195960 -0.005229858 0.999972761 18.615177155
0.999985635 -0.001374517 0.005165334 0.352867216 0.001341593 0.999978781 0.006372141 -0.726741552 -0.005173983 -0.006365120 0.999966383 19.056461334
0.999987245 -0.001903553 0.004683262 0.376467824 0.001874024 0.999978364 0.006301446 -0.737438977 -0.004695156 -0.006292589 0.999969244 19.538171768
0.999985576 -0.001684724 0.005080611 0.384570658 0.001654832 0.999981344 0.005882093 -0.738019109 -0.005090425 -0.005873602 0.999969840 20.019363403
0.999984086 -0.001043017 0.005543067 0.385427088 0.001008310 0.999979854 0.006260437 -0.761975408 -0.005549485 -0.006254748 0.999965072 20.513851166
0.999986172 -0.001913805 0.004883256 0.394813746 0.001882414 0.999977589 0.006424739 -0.779906988 -0.004895442 -0.006415460 0.999967456 20.943088531
0.999988854 -0.001834158 0.004342674 0.408698857 0.001805960 0.999977350 0.006488348 -0.780115485 -0.004354476 -0.006480434 0.999969542 21.453947067
0.999990344 -0.001372224 0.004159612 0.427975655 0.001344532 0.999976993 0.006652692 -0.807216823 -0.004168645 -0.006647035 0.999969304 21.956949234
0.999990702 -0.001786730 0.003918847 0.430859894 0.001760198 0.999975502 0.006763528 -0.813427925 -0.003930835 -0.006756567 0.999969363 22.465461731
0.999991834 -0.002014110 0.003505326 0.428647101 0.001993332 0.999980509 0.005920975 -0.814767063 -0.003517183 -0.005913940 0.999976337 22.894618988
0.999993026 -0.002770205 0.002478498 0.442322493 0.002753740 0.999974310 0.006621833 -0.839360237 -0.002496777 -0.006614964 0.999974966 23.432048798
0.999993205 -0.002902648 0.002259991 0.444097370 0.002889243 0.999978364 0.005912417 -0.848604381 -0.002277103 -0.005905849 0.999979913 23.901445389
0.999996364 -0.001753608 0.002043444 0.451830506 0.001741617 0.999981344 0.005855244 -0.854417861 -0.002053674 -0.005851663 0.999980688 24.420185089
0.999997139 -0.001740103 0.001703586 0.452001691 0.001730008 0.999981046 0.005909277 -0.867643476 -0.001713837 -0.005906313 0.999981105 24.934560776
0.999998927 -0.001256019 0.000716875 0.467098683 0.001251963 0.999983370 0.005631390 -0.869354308 -0.000723936 -0.005630486 0.999983907 25.463006973
0.999999106 -0.001168154 0.000635945 0.477031022 0.001164400 0.999981999 0.005871535 -0.890891314 -0.000642793 -0.005870789 0.999982536 25.973665237
0.999998868 -0.001454274 0.000331972 0.486571193 0.001452162 0.999979258 0.006277656 -0.897336841 -0.000341094 -0.006277167 0.999980152 26.503637314
0.999998927 -0.001391537 -0.000330778 0.509541273 0.001393602 0.999979019 0.006329604 -0.914360046 0.000321963 -0.006330059 0.999979913 27.034673691
0.999998212 -0.001451722 -0.001176527 0.524685562 0.001459428 0.999977410 0.006575239 -0.935736895 0.001166955 -0.006576945 0.999977648 27.582307816
0.999999285 -0.000695216 -0.000971640 0.531593204 0.000701554 0.999978364 0.006537821 -0.937993526 0.000967074 -0.006538499 0.999978125 28.079973221
0.999998689 -0.001136822 -0.001209197 0.550691485 0.001145356 0.999974251 0.007080102 -0.967675269 0.001201117 -0.007081478 0.999974251 28.603532791
0.999997497 -0.001194591 -0.001890262 0.561249197 0.001208102 0.999973536 0.007162529 -0.981865466 0.001881656 -0.007164794 0.999972582 29.163658142
0.999997377 -0.000912338 -0.002092740 0.556496263 0.000925892 0.999978483 0.006484768 -0.973083735 0.002086779 -0.006486689 0.999976754 29.638835907
0.999996722 -0.001051600 -0.002334043 0.566993058 0.001066392 0.999979258 0.006345098 -0.986704707 0.002327322 -0.006347568 0.999977112 30.175249100
0.999996960 -0.000608141 -0.002383322 0.587457061 0.000623130 0.999979973 0.006293466 -0.994835138 0.002379447 -0.006294934 0.999977350 30.717990875
0.999996543 -0.000417446 -0.002586035 0.562445939 0.000435091 0.999976575 0.006826848 -1.024965167 0.002583125 -0.006827951 0.999973357 31.208017349
0.999996066 -0.000375956 -0.002775496 0.583448172 0.000394991 0.999976337 0.006860794 -1.043563604 0.002772852 -0.006861863 0.999972582 31.734931946
0.999994516 -0.000532338 -0.003244087 0.583025336 0.000552962 0.999979615 0.006360019 -1.040360212 0.003240636 -0.006361777 0.999974489 32.275382996
0.999993742 -0.000545199 -0.003475956 0.583887517 0.000568036 0.999978244 0.006572312 -1.052987695 0.003472298 -0.006574245 0.999972343 32.816215515
0.999995530 -0.000198706 -0.002965346 0.587815225 0.000219905 0.999974430 0.007150486 -1.073453546 0.002963849 -0.007151106 0.999970019 33.330600739
0.999993742 0.000012238 -0.003531309 0.606978178 0.000011196 0.999978125 0.006635856 -1.080172896 0.003531313 -0.006635855 0.999971747 33.828536987
0.999992251 0.000732841 -0.003847443 0.622873068 -0.000710261 0.999982595 0.005867091 -1.086871743 0.003851675 -0.005864312 0.999975443 34.350189209
0.999993443 0.000978520 -0.003476385 0.624921739 -0.000959005 0.999983847 0.005610648 -1.091917038 0.003481819 -0.005607278 0.999978185 34.900436401
0.999993861 0.000036801 -0.003501168 0.614324272 -0.000012734 0.999976397 0.006873784 -1.123094320 0.003501338 -0.006873698 0.999970257 35.383209229
0.999994040 0.001305697 -0.003170845 0.621726573 -0.001286727 0.999981344 0.005977386 -1.127208591 0.003178591 -0.005973272 0.999977112 35.946361542
0.999993205 0.000293567 -0.003682070 0.634562373 -0.000270901 0.999981046 0.006154894 -1.137889385 0.003683808 -0.006153855 0.999974310 36.449863434
0.999993682 0.001216943 -0.003317925 0.637614310 -0.001197985 0.999983013 0.005710069 -1.150941849 0.003324817 -0.005706058 0.999978185 36.984855652
0.999992847 0.000900368 -0.003678750 0.648460090 -0.000877736 0.999980688 0.006148618 -1.163217306 0.003684216 -0.006145346 0.999974310 37.486141205
0.999991238 0.001172658 -0.004022048 0.652711391 -0.001148727 0.999981701 0.005947092 -1.175499558 0.004028948 -0.005942419 0.999974251 38.031959534
0.999990404 0.001355460 -0.004160970 0.665120125 -0.001331597 0.999982655 0.005732525 -1.175648093 0.004168669 -0.005726929 0.999974906 38.547832489
0.999991238 0.000785682 -0.004120111 0.668087244 -0.000762188 0.999983490 0.005700574 -1.172155261 0.004124522 -0.005697384 0.999975264 39.080955505
0.999991596 0.000658598 -0.004072887 0.685347140 -0.000633456 0.999980807 0.006171145 -1.214244604 0.004076873 -0.006168513 0.999972641 39.569869995
0.999990284 0.001076694 -0.004257279 0.691798687 -0.001049248 0.999978662 0.006443873 -1.230522037 0.004264126 -0.006439344 0.999970198 40.110767365
0.999988854 0.001000121 -0.004610410 0.707645953 -0.000971885 0.999980688 0.006122778 -1.236722469 0.004616445 -0.006118229 0.999970615 40.670749664
0.999988914 0.001559453 -0.004418152 0.709431171 -0.001529893 0.999976516 0.006685990 -1.251250744 0.004428475 -0.006679159 0.999967873 41.189140320
0.999987662 0.000376993 -0.004957693 0.731473863 -0.000343286 0.999976814 0.006798034 -1.265892029 0.004960142 -0.006796249 0.999964535 41.685546875
0.999987066 0.000359162 -0.005070918 0.740283191 -0.000325854 0.999978364 0.006567796 -1.275264144 0.005073167 -0.006566057 0.999965549 42.222679138
0.999988139 0.000557559 -0.004838634 0.742722631 -0.000528006 0.999981165 0.006106720 -1.284136534 0.004841947 -0.006104093 0.999969661 42.741317749
0.999987304 0.000524424 -0.005000059 0.748026252 -0.000492874 0.999979973 0.006309142 -1.290301800 0.005003269 -0.006306598 0.999967575 43.260673523
0.999988019 0.000687817 -0.004851270 0.756746352 -0.000659236 0.999982417 0.005890511 -1.299597740 0.004855237 -0.005887242 0.999970794 43.794487000
0.999987960 0.000790237 -0.004829535 0.762815654 -0.000762187 0.999982953 0.005807224 -1.314808011 0.004834041 -0.005803475 0.999971390 44.314620972
0.999988198 0.000651144 -0.004815907 0.770730495 -0.000622442 0.999982059 0.005959005 -1.324743986 0.004819700 -0.005955938 0.999970555 44.837348938
0.999987900 0.000721060 -0.004857476 0.779316187 -0.000692191 0.999982119 0.005942482 -1.343515277 0.004861675 -0.005939048 0.999970555 45.363399506
0.999986291 0.000957963 -0.005153149 0.793718815 -0.000925646 0.999979913 0.006270063 -1.369331360 0.005159053 -0.006265206 0.999967098 45.918254852
0.999985576 0.000473521 -0.005341740 0.792078137 -0.000442896 0.999983490 0.005732779 -1.360488653 0.005344366 -0.005730330 0.999969244 46.423694611
0.999985397 0.000902456 -0.005315975 0.806033254 -0.000874084 0.999985397 0.005336922 -1.371331215 0.005320714 -0.005332198 0.999971628 46.964073181
0.999987066 0.000201965 -0.005081766 0.805719852 -0.000171874 0.999982417 0.005921003 -1.389487505 0.005082871 -0.005920053 0.999969542 47.446704865
0.999986291 0.000707909 -0.005189358 0.818389058 -0.000676488 0.999981463 0.006054066 -1.405761600 0.005193547 -0.006050473 0.999968231 47.984779358
0.999987483 0.000940319 -0.004914758 0.825153589 -0.000911164 0.999981940 0.005931097 -1.413269639 0.004920247 -0.005926543 0.999970317 48.495956421
0.999988854 0.001167155 -0.004572800 0.828534603 -0.001142040 0.999984205 0.005490949 -1.418490291 0.004579138 -0.005485666 0.999974430 49.039031982
0.999987781 0.000975858 -0.004838311 0.832059503 -0.000945332 0.999979615 0.006307455 -1.446340203 0.004844368 -0.006302805 0.999968410 49.545085907
0.999987543 0.001158202 -0.004849197 0.838796794 -0.001129959 0.999982417 0.005822874 -1.447841644 0.004855856 -0.005817323 0.999971271 50.059551239
0.999986827 0.000940348 -0.005027932 0.847834766 -0.000911628 0.999983311 0.005711317 -1.455833673 0.005033219 -0.005706659 0.999971032 50.603713989
0.999986231 0.001196395 -0.005096624 0.853831828 -0.001165884 0.999981344 0.005985138 -1.474401832 0.005103690 -0.005979113 0.999969125 51.108051300
0.999989748 0.001379591 -0.004310684 0.860041082 -0.001350493 0.999976337 0.006745706 -1.489847183 0.004319888 -0.006739817 0.999967992 51.648727417
0.999988019 0.001376694 -0.004687069 0.871864140 -0.001347142 0.999979198 0.006302338 -1.506452680 0.004695648 -0.006295948 0.999969125 52.211265564
0.999990046 0.002047544 -0.003959510 0.848306835 -0.002019231 0.999972463 0.007141240 -1.529520154 0.003974022 -0.007133174 0.999966681 52.729282379
0.999987483 0.001481642 -0.004778100 0.863659799 -0.001447070 0.999972820 0.007230875 -1.543273687 0.004788684 -0.007223869 0.999962509 53.226638794
0.999990344 0.001809261 -0.003990609 0.827352881 -0.001779239 0.999970138 0.007513717 -1.574364662 0.004004085 -0.007506545 0.999963820 53.734977722
0.999986827 0.001525369 -0.004898285 0.901984453 -0.001494663 0.999979258 0.006266151 -1.558681369 0.004907742 -0.006258746 0.999968350 54.229801178
0.999985874 0.000871516 -0.005257139 0.915495336 -0.000841952 0.999983907 0.005623192 -1.564652443 0.005261954 -0.005618687 0.999970317 54.778350830
0.999987900 0.001448484 -0.004706325 0.906592250 -0.001420716 0.999981642 0.005898213 -1.581898570 0.004714781 -0.005891455 0.999971509 55.295299530
0.999987364 0.000663319 -0.004969918 0.924713492 -0.000631984 0.999979913 0.006303823 -1.597918868 0.004974001 -0.006300603 0.999967694 55.862686157
0.999989390 0.001103156 -0.004463975 0.904230952 -0.001072036 0.999975145 0.006967686 -1.624226689 0.004471551 -0.006962827 0.999965787 56.352149963
0.999990702 0.000325149 -0.004308660 0.912012637 -0.000296344 0.999977589 0.006684160 -1.638338208 0.004310737 -0.006682821 0.999968469 56.885627747
0.999988854 0.000480428 -0.004701445 0.928713799 -0.000449698 0.999978483 0.006534989 -1.642448306 0.004704484 -0.006532802 0.999967575 57.377964020
0.999988616 0.000602096 -0.004715945 0.934101105 -0.000570748 0.999977767 0.006645794 -1.655881524 0.004719842 -0.006643028 0.999966800 57.907974243
0.999986410 0.000068545 -0.005196634 0.947671056 -0.000033787 0.999977648 0.006688428 -1.673385739 0.005196976 -0.006688161 0.999964118 58.447902679
0.999987423 0.000021982 -0.005019282 0.958265185 0.000012549 0.999976337 0.006879510 -1.680353403 0.005019316 -0.006879486 0.999963701 58.966907501
0.999988854 0.000344981 -0.004720501 0.967704892 -0.000313982 0.999978364 0.006566199 -1.692975879 0.004722665 -0.006564643 0.999967277 59.511188507
0.999984562 0.000169677 -0.005555212 0.998027742 -0.000133020 0.999978185 0.006598515 -1.706347704 0.005556210 -0.006597674 0.999962807 60.041736603
0.999984860 0.000284502 -0.005496182 0.988801241 -0.000243878 0.999972641 0.007390593 -1.746058345 0.005498136 -0.007389140 0.999957621 60.544319153
0.999987364 0.000828953 -0.004973398 1.000438690 -0.000794521 0.999975681 0.006921231 -1.730150104 0.004979016 -0.006917192 0.999963701 61.112285614
0.999985278 -0.000279243 -0.005423874 1.018458962 0.000315884 0.999977112 0.006755776 -1.748310804 0.005421864 -0.006757390 0.999962449 61.541934967
0.999983191 -0.000592755 -0.005775612 1.033066869 0.000633647 0.999974728 0.007080783 -1.779166341 0.005771269 -0.007084324 0.999958217 62.078372955
0.999982417 -0.000678113 -0.005895113 1.013449430 0.000721481 0.999972701 0.007357679 -1.814342976 0.005889963 -0.007361802 0.999955535 62.604827881
0.999983251 -0.000691765 -0.005749655 1.029034376 0.000733065 0.999973834 0.007184016 -1.821296215 0.005744537 -0.007188110 0.999957621 63.148235321
0.999989450 0.000912864 -0.004498161 1.018609524 -0.000880231 0.999973238 0.007251591 -1.818756461 0.004504662 -0.007247557 0.999963522 63.607833862
0.999989450 0.000705625 -0.004535806 1.040817618 -0.000673129 0.999974072 0.007161783 -1.821181774 0.004540743 -0.007158655 0.999963999 64.163970947
0.999989986 0.000378063 -0.004441834 1.048157454 -0.000347185 0.999975741 0.006950128 -1.807653546 0.004444354 -0.006948517 0.999965966 64.643608093
0.999989450 0.000408004 -0.004587322 1.071576238 -0.000377525 0.999977827 0.006643101 -1.813446999 0.004589930 -0.006641298 0.999967396 65.188598633
0.999989510 0.001324507 -0.004365550 1.082085729 -0.001291368 0.999970376 0.007585294 -1.878346801 0.004375468 -0.007579576 0.999961674 65.664810181
0.999988377 0.000705930 -0.004771021 1.096414924 -0.000670054 0.999971509 0.007517062 -1.889715195 0.004776192 -0.007513777 0.999960303 66.207298279
0.999987185 0.000952767 -0.004963238 1.117059946 -0.000917268 0.999974012 0.007149964 -1.892374992 0.004969921 -0.007145319 0.999962091 66.722724915
0.999986649 0.001171223 -0.005027444 1.148036718 -0.001131417 0.999968052 0.007913320 -1.924488902 0.005036552 -0.007907526 0.999956012 67.184516907
0.999989629 0.001636566 -0.004248607 1.155264378 -0.001601783 0.999965310 0.008177547 -1.945476532 0.004261842 -0.008170658 0.999957561 67.708900452
0.999988616 0.001850171 -0.004387653 1.150210619 -0.001816798 0.999969482 0.007597834 -1.942861080 0.004401577 -0.007589776 0.999961495 68.196098328
0.999989152 0.001760730 -0.004324340 1.146200776 -0.001727485 0.999969065 0.007679650 -1.952121973 0.004337729 -0.007672096 0.999961138 68.731468201
0.999990284 0.001231250 -0.004226608 1.174641967 -0.001198785 0.999969780 0.007674997 -1.975225449 0.004235933 -0.007669856 0.999961615 69.289184570
0.999988556 0.001029824 -0.004659866 1.192175508 -0.000994693 0.999971092 0.007535150 -1.986347914 0.004667492 -0.007530429 0.999960780 69.770584106
0.999989212 0.001055549 -0.004530891 1.198025823 -0.001022696 0.999973238 0.007247006 -1.997830153 0.004538420 -0.007242294 0.999963522 70.324783325
0.999988079 0.003293982 -0.003607312 1.207323790 -0.003267283 0.999967456 0.007382314 -2.013639688 0.003631511 -0.007370440 0.999966264 70.871421814
0.999987245 0.000485143 -0.005030997 1.234056830 -0.000447650 0.999972105 0.007450913 -2.026576996 0.005034470 -0.007448566 0.999959588 71.377250671
0.999986291 0.000073830 -0.005232662 1.248792768 -0.000035917 0.999973774 0.007245236 -2.038252354 0.005233060 -0.007244950 0.999960065 71.924980164
0.999989271 0.000452707 -0.004614272 1.247868299 -0.000419201 0.999973476 0.007259739 -2.050332069 0.004617435 -0.007257727 0.999962986 72.441345215
0.999990523 0.001811744 -0.003966092 1.252759218 -0.001785221 0.999975979 0.006680945 -2.052891731 0.003978102 -0.006673802 0.999969780 72.986495972
0.999988794 0.000734146 -0.004674237 1.270704031 -0.000700994 0.999974608 0.007090053 -2.083824635 0.004679324 -0.007086697 0.999963939 73.487640381
0.999986172 0.000137999 -0.005245948 1.292312741 -0.000102659 0.999977350 0.006736206 -2.093716860 0.005246758 -0.006735575 0.999963522 74.023689270
0.999988377 0.000680616 -0.004759580 1.294806004 -0.000646897 0.999974728 0.007082256 -2.112211227 0.004764279 -0.007079096 0.999963582 74.544898987
0.999986947 0.000399019 -0.005094749 1.310738802 -0.000364965 0.999977529 0.006683334 -2.123482704 0.005097303 -0.006681386 0.999964714 75.082862854
0.999987900 0.000705591 -0.004870222 1.301170111 -0.000670029 0.999973178 0.007299601 -2.134192467 0.004875242 -0.007296250 0.999961436 75.631172180
0.999988079 0.000265145 -0.004880542 1.318871975 -0.000230315 0.999974430 0.007135551 -2.142105341 0.004882309 -0.007134341 0.999962628 76.146102905
0.999989390 0.000380655 -0.004586579 1.326590538 -0.000348117 0.999974728 0.007092833 -2.149455309 0.004589164 -0.007091161 0.999964356 76.682487488
0.999988258 0.000895367 -0.004748670 1.330661654 -0.000861380 0.999974012 0.007154582 -2.161631346 0.004754954 -0.007150408 0.999963105 77.202720642
0.999986470 -0.000012149 -0.005204169 1.347118139 0.000047682 0.999976635 0.006827558 -2.169640541 0.005203965 -0.006827715 0.999963105 77.756652832
0.999994695 0.000654972 -0.003197967 1.354583263 -0.000633384 0.999977052 0.006746856 -2.182670116 0.003202313 -0.006744794 0.999972105 78.275215149
0.999998093 0.000220568 -0.001939587 1.365698695 -0.000207971 0.999978840 0.006492591 -2.193889141 0.001940978 -0.006492176 0.999976993 78.802436829
0.999999821 0.000404829 -0.000476970 1.371655822 -0.000401738 0.999979019 0.006461106 -2.210415363 0.000479576 -0.006460913 0.999979019 79.347175598
0.999999583 0.000766520 0.000434509 1.378883243 -0.000769470 0.999976397 0.006829770 -2.213258982 -0.000429264 -0.006830101 0.999976575 79.850044250
0.999992490 0.000987550 0.003734346 1.397033215 -0.001013976 0.999974370 0.007080888 -2.232622862 -0.003727258 -0.007084622 0.999967933 80.410240173
0.999974191 0.001319052 0.007065528 1.416594505 -0.001369139 0.999973953 0.007088865 -2.250330210 -0.007055992 -0.007098355 0.999949872 80.956275940
0.999950051 0.001305007 0.009904105 1.444193363 -0.001377339 0.999972463 0.007299874 -2.270691156 -0.009894306 -0.007313151 0.999924302 81.412734985
0.999900877 -0.000029044 0.014078329 1.472718358 -0.000067229 0.999976575 0.006837842 -2.282793283 -0.014078197 -0.006838111 0.999877512 81.983070374
0.999792933 0.001219168 0.020314034 1.495032549 -0.001363449 0.999973953 0.007090231 -2.295701027 -0.020304862 -0.007116460 0.999768496 82.531250000
0.999660015 0.000228158 0.026071738 1.529271960 -0.000404160 0.999977171 0.006745598 -2.302391291 -0.026069604 -0.006753842 0.999637246 83.069274902
0.999494195 -0.000757448 0.031791870 1.573454499 0.000533454 0.999974966 0.007053521 -2.320913315 -0.031796414 -0.007032994 0.999469638 83.632492065
0.999257922 -0.002070898 0.038461141 1.634473920 0.001835635 0.999979436 0.006151212 -2.320468664 -0.038473085 -0.006076047 0.999241233 84.191490173
0.998845160 -0.000299902 0.048044495 1.614182472 -0.000017929 0.999978065 0.006614768 -2.344840050 -0.048045430 -0.006607991 0.998823285 84.707954407
0.998504341 -0.000712766 0.054667175 1.672420740 0.000344447 0.999977171 0.006746608 -2.355141163 -0.054670736 -0.006717687 0.998481810 85.236679077
0.998033404 -0.001910552 0.062655628 1.722421646 0.001532015 0.999980271 0.006089042 -2.368898630 -0.062666029 -0.005981078 0.998016655 85.778228760
0.997276783 -0.001794168 0.073727988 1.797821045 0.001319850 0.999978065 0.006481572 -2.387848854 -0.073738016 -0.006366612 0.997257352 86.341239929
0.996536493 -0.001376329 0.083146289 1.849791050 0.000837788 0.999978483 0.006511574 -2.403445005 -0.083153442 -0.006419362 0.996516168 86.880455017
0.995955706 -0.003063895 0.089793332 1.942185402 0.002473835 0.999974608 0.006681871 -2.428755522 -0.089811526 -0.006432713 0.995938003 87.395683289
0.994965196 -0.003350546 0.100164875 2.022355556 0.002700429 0.999974370 0.006625354 -2.435964823 -0.100184508 -0.006321509 0.994948745 87.942337036
0.993849397 -0.003355703 0.110689059 2.108428001 0.002621283 0.999973536 0.006779838 -2.450282335 -0.110708885 -0.006447990 0.993831992 88.475006104
0.992857456 -0.004227913 0.119231611 2.217719078 0.003431930 0.999970436 0.006880479 -2.486780882 -0.119257167 -0.006422141 0.992842555 88.988037109
0.991470098 -0.004329541 0.130262524 2.318022728 0.003463973 0.999970376 0.006870637 -2.497695446 -0.130288422 -0.006360805 0.991455674 89.538871765
0.989727080 -0.004255378 0.142906010 2.413881302 0.003302696 0.999970675 0.006903038 -2.509232998 -0.142931193 -0.006360149 0.989712179 90.081001282
0.988249779 -0.005076102 0.152763203 2.540843010 0.004035200 0.999966502 0.007123094 -2.533332348 -0.152794242 -0.006422967 0.988237143 90.656806946
0.986684144 -0.005350033 0.162559956 2.649179459 0.004234270 0.999965072 0.007209394 -2.544215679 -0.162592858 -0.006425073 0.986672282 91.195808411
0.984658659 -0.006055364 0.174386233 2.769931793 0.004897248 0.999962986 0.007070645 -2.556508064 -0.174422577 -0.006108161 0.984651923 91.720451355
0.982350588 -0.006455013 0.186937720 2.887132645 0.005222756 0.999961257 0.007083566 -2.568259716 -0.186976194 -0.005982216 0.982346237 92.305572510
0.980263114 -0.006980450 0.197574094 3.019967079 0.005682794 0.999958396 0.007134165 -2.580223560 -0.197615683 -0.005870586 0.980261981 92.817611694
0.977471113 -0.006774006 0.210960403 3.151588440 0.005448333 0.999961495 0.006864594 -2.586235762 -0.210998803 -0.005560559 0.977470517 93.370811462
0.974363863 -0.006799588 0.224875256 3.297451019 0.005216219 0.999957263 0.007634468 -2.616170406 -0.224917546 -0.006265753 0.974357665 93.871520996
0.971752465 -0.007771842 0.235874876 3.457386017 0.005992120 0.999947906 0.008261079 -2.636423588 -0.235926792 -0.006614334 0.971748352 94.408020020
0.968860328 -0.008764940 0.247452959 3.641658783 0.006973659 0.999942780 0.008114424 -2.649787426 -0.247509927 -0.006136090 0.968865991 94.914207458
0.965007007 -0.007793168 0.262108266 3.818962097 0.005847494 0.999949276 0.008202331 -2.671270370 -0.262158900 -0.006382631 0.965003610 95.504165649
0.961406171 -0.007481890 0.275031328 3.996047974 0.005277722 0.999947786 0.008753423 -2.695280552 -0.275082409 -0.006964055 0.961395383 96.032966614
0.958220482 -0.008017277 0.285918474 4.183420181 0.005751501 0.999945045 0.008763446 -2.707730770 -0.285973012 -0.006752852 0.958213866 96.568496704
0.953951955 -0.008757388 0.299831688 4.394716263 0.006222941 0.999936342 0.009406765 -2.726374626 -0.299894929 -0.007107766 0.953945756 97.115966797
0.949481666 -0.009178220 0.313688308 4.597509384 0.006633615 0.999935806 0.009178339 -2.740777493 -0.313752472 -0.006633775 0.949481785 97.623390198
0.945639849 -0.009833259 0.325067073 4.803728104 0.007278541 0.999932349 0.009074176 -2.745934010 -0.325134248 -0.006214887 0.945647478 98.152297974
0.941209376 -0.010160326 0.337670892 4.998071671 0.007193995 0.999923766 0.010034909 -2.770666599 -0.337747097 -0.007015748 0.941210747 98.656379700
0.936227381 -0.011231398 0.351215124 5.220764160 0.007995855 0.999911189 0.010661449 -2.781857252 -0.351303667 -0.007173276 0.936234176 99.182495117
0.931526124 -0.011734861 0.363485098 5.445261002 0.008695416 0.999912202 0.009997174 -2.785181999 -0.363570452 -0.006151974 0.931546390 99.683288574
0.926826835 -0.011839707 0.375302285 5.669376373 0.008640863 0.999910593 0.010205279 -2.809278488 -0.375389576 -0.006215591 0.926846266 100.186798096
0.920903862 -0.011674053 0.389614731 5.914489746 0.008370618 0.999913216 0.010175444 -2.812814951 -0.389699668 -0.006109289 0.920921743 100.709259033
0.915490508 -0.013233670 0.402121574 6.166282654 0.010047076 0.999899149 0.010032613 -2.816689014 -0.402213752 -0.005144616 0.915531337 101.203613281
0.910776317 -0.013802476 0.412669569 6.405811310 0.010372310 0.999890506 0.010551083 -2.848673344 -0.412770092 -0.005329340 0.910819709 101.682228088
0.905330360 -0.014039890 0.424475968 6.660419464 0.010232956 0.999884427 0.011246955 -2.869453430 -0.424584836 -0.005838566 0.905369401 102.147552490
0.898640096 -0.014978196 0.438430816 6.918521881 0.011060298 0.999872804 0.011488842 -2.894334078 -0.438547075 -0.005475158 0.898691535 102.647369385
0.892843783 -0.015482930 0.450100154 7.194976807 0.011517771 0.999867022 0.011546986 -2.899566650 -0.450219095 -0.005125504 0.892903388 103.144615173
0.887283027 -0.016350823 0.460935414 7.473312378 0.012271716 0.999854684 0.011845384 -2.913434267 -0.461062074 -0.004853738 0.887354553 103.614364624
0.880250931 -0.016563240 0.474219263 7.764938354 0.012463996 0.999852777 0.011786448 -2.927668095 -0.474344760 -0.004464363 0.880327880 104.083267212
0.873232543 -0.016911479 0.487010181 8.065208435 0.012627249 0.999847293 0.012078538 -2.944329500 -0.487140089 -0.004397774 0.873312771 104.556823730
