1.000000000 0.000000000 0.000000000 0.000000000 0.000000000 1.000000000 0.000000000 0.000000000 0.000000000 0.000000000 1.000000000 0.000000000
1.000000000 -0.000001126 0.000036041 0.000266013 0.000001123 1.000000000 0.000093814 -0.000461160 -0.000036041 -0.000093814 1.000000000 -0.000271185
1.000000000 -0.000032433 -0.000143577 0.001333921 0.000032437 1.000000000 0.000025743 -0.000335678 0.000143576 -0.000025748 1.000000000 -0.000869905
1.000000000 0.000110843 -0.000010212 0.000133804 -0.000110843 1.000000000 0.000045266 -0.000148399 0.000010217 -0.000045265 1.000000000 0.000994443
1.000000000 0.000084834 0.000009712 -0.000354882 -0.000084834 1.000000000 0.000025804 0.000085164 -0.000009710 -0.000025805 1.000000000 -0.000322503
1.000000000 0.000076007 -0.000045366 -0.000332249 -0.000076005 1.000000000 0.000023691 -0.000380715 0.000045368 -0.000023687 1.000000000 -0.000397679
1.000000000 0.000126322 -0.000070990 0.000598001 -0.000126320 1.000000000 0.000031355 -0.000986138 0.000070994 -0.000031346 1.000000000 -0.001753051
1.000000000 0.000061455 -0.000021539 0.000532249 -0.000061456 1.000000000 -0.000055655 0.000241863 0.000021536 0.000055657 1.000000000 -0.000205415
1.000000000 -0.000024775 0.000109867 0.000329922 0.000024771 1.000000000 0.000041278 -0.000686372 -0.000109868 -0.000041275 1.000000000 -0.001346990
1.000000000 -0.000141874 -0.000000414 0.000698259 0.000141874 1.000000000 -0.000035131 0.000828781 0.000000419 0.000035131 1.000000000 0.001552897
1.000000000 -0.000079732 -0.000012288 0.000441539 0.000079732 1.000000000 0.000006265 0.000099333 0.000012287 -0.000006266 1.000000000 0.002252721
1.000000000 0.000011898 0.000054042 0.000001498 -0.000011888 1.000000000 -0.000175640 0.002151072 -0.000054044 0.000175640 1.000000000 0.003025241
1.000000000 -0.000100575 0.000015785 -0.000034343 0.000100574 1.000000000 0.000031975 0.000322976 -0.000015788 -0.000031973 1.000000000 0.001312528
1.000000000 -0.000033592 0.000004395 0.000215122 0.000033592 1.000000000 0.000095941 0.000151746 -0.000004398 -0.000095941 1.000000000 0.001229599
1.000000000 -0.000116453 -0.000085979 0.001280152 0.000116461 1.000000000 0.000089974 -0.000590258 0.000085969 -0.000089984 1.000000000 0.000026732
1.000000000 -0.000083151 -0.000049971 0.000087084 0.000083151 1.000000000 -0.000000060 -0.000078497 0.000049971 0.000000056 1.000000000 -0.000252813
1.000000000 0.000171091 0.000145600 -0.001353951 -0.000171094 1.000000000 0.000018344 0.000296727 -0.000145596 -0.000018369 1.000000000 0.001295512
1.000000000 0.000003288 -0.000227090 0.001149393 -0.000003317 1.000000000 -0.000128419 0.000667746 0.000227089 0.000128420 0.999999940 0.000390083
0.999999940 -0.000237372 -0.000072002 0.001169662 0.000237368 1.000000000 -0.000052502 0.000099131 0.000072014 0.000052485 1.000000000 0.000662362
1.000000000 -0.000064514 0.000058619 0.000241966 0.000064516 1.000000000 -0.000038576 0.000407569 -0.000058617 0.000038580 1.000000000 0.001677610
1.000000000 0.000064173 0.000040568 -0.000612356 -0.000064170 1.000000000 -0.000070311 0.000806109 -0.000040573 0.000070309 1.000000000 0.002105861
1.000000000 -0.000060570 -0.000043876 0.000397922 0.000060571 1.000000000 0.000012616 0.000930700 0.000043875 -0.000012619 1.000000000 0.001216569
1.000000000 -0.000160301 -0.000059645 0.001875491 0.000160301 1.000000000 0.000000987 0.000512220 0.000059645 -0.000000997 1.000000000 0.001880302
1.000000000 0.000033357 0.000151743 -0.000336389 -0.000033353 1.000000000 -0.000021068 0.001087896 -0.000151744 0.000021063 1.000000000 0.000426715
1.000000000 0.000013608 -0.000063192 0.001218641 -0.000013611 1.000000000 -0.000054358 0.000891254 0.000063191 0.000054359 1.000000000 0.000837557
1.000000000 0.000091893 0.000021912 0.000052871 -0.000091891 1.000000000 -0.000101684 0.000842658 -0.000021921 0.000101682 1.000000000 0.000003147
1.000000000 0.000068041 0.000156715 -0.001014780 -0.000068022 1.000000000 -0.000123045 0.000219085 -0.000156723 0.000123035 1.000000000 -0.001286690
1.000000000 -0.000050128 -0.000049375 0.000127228 0.000050123 1.000000000 -0.000112530 0.000818359 0.000049381 0.000112528 1.000000000 0.000164350
1.000000000 -0.000026101 -0.000052479 -0.000821104 0.000026100 1.000000000 -0.000018571 0.001630705 0.000052479 0.000018569 1.000000000 0.002376991
1.000000000 0.000058355 0.000147031 -0.001376485 -0.000058345 1.000000000 -0.000069487 0.001607271 -0.000147035 0.000069479 1.000000000 0.001512888
1.000000000 0.000068080 -0.000005534 0.000275306 -0.000068079 1.000000000 0.000047480 0.000542459 0.000005537 -0.000047480 1.000000000 0.000046198
1.000000000 0.000083875 0.000100805 -0.001383748 -0.000083879 1.000000000 0.000047055 0.000676858 -0.000100801 -0.000047063 1.000000000 0.001674693
1.000000000 -0.000069557 0.000073444 -0.000892987 0.000069557 1.000000000 0.000002334 0.000048870 -0.000073444 -0.000002329 1.000000000 0.001292179
1.000000000 -0.000073796 0.000017041 -0.000381533 0.000073796 1.000000000 0.000014823 0.000936327 -0.000017042 -0.000014822 1.000000000 0.001585465
1.000000000 0.000065074 0.000133900 -0.001250097 -0.000065068 1.000000000 -0.000042031 0.001762397 -0.000133903 0.000042022 1.000000000 0.003061010
1.000000000 0.000131629 0.000173454 -0.001974844 -0.000131617 1.000000000 -0.000071783 0.002569114 -0.000173463 0.000071761 1.000000000 0.003623515
0.999999940 -0.000244190 0.000021774 0.000072039 0.000244190 0.999999940 0.000005562 0.000934882 -0.000021776 -0.000005556 1.000000000 0.001782133
1.000000000 0.000098164 0.000133847 -0.001659348 -0.000098178 1.000000000 0.000102710 0.000564555 -0.000133837 -0.000102723 1.000000000 0.001430543
1.000000000 -0.000121704 -0.000003216 -0.000222896 0.000121704 1.000000000 -0.000035020 0.001278964 0.000003220 0.000035020 1.000000000 0.001640408
0.999999940 0.000056811 0.000247814 -0.001868892 -0.000056825 1.000000000 0.000054010 -0.000692907 -0.000247811 -0.000054024 0.999999940 0.001861173
0.999999940 -0.000100148 0.000267164 -0.000839445 0.000100335 0.999999762 -0.000701872 -0.001625574 -0.000267094 0.000701898 0.999999702 0.051749669
0.999999940 0.000266630 0.000227657 -0.000819072 -0.000266338 0.999999166 -0.001282774 -0.004451538 -0.000227999 0.001282713 0.999999166 0.133049116
0.999999881 0.000536070 -0.000011845 0.003016302 -0.000536086 0.999998748 -0.001478549 -0.003980710 0.000011052 0.001478555 0.999998927 0.253995299
0.999999940 0.000323476 0.000014218 0.004823644 -0.000323458 0.999999166 -0.001268619 -0.012837887 -0.000014628 0.001268614 0.999999166 0.382580042
0.999999881 0.000425732 0.000113244 0.007404224 -0.000425603 0.999999285 -0.001139952 -0.015970528 -0.000113729 0.001139904 0.999999344 0.527840078
0.999999940 0.000264020 0.000058873 0.013098393 -0.000263947 0.999999225 -0.001224910 -0.018176762 -0.000059197 0.001224894 0.999999225 0.681239843
1.000000000 0.000129973 0.000186004 0.015943378 -0.000129751 0.999999285 -0.001189782 -0.019523364 -0.000186159 0.001189758 0.999999285 0.853221655
0.999999821 0.000497161 0.000287773 0.014567879 -0.000496913 0.999999523 -0.000862256 -0.026228935 -0.000288202 0.000862113 0.999999583 1.016866088
0.999999940 0.000098105 0.000379141 0.016780293 -0.000098018 0.999999940 -0.000229435 -0.034994960 -0.000379163 0.000229398 0.999999881 1.189797878
1.000000000 0.000205699 0.000131054 0.020898445 -0.000205657 0.999999940 -0.000321660 -0.038215242 -0.000131120 0.000321633 0.999999940 1.377113700
1.000000000 0.000235224 0.000037367 0.029890709 -0.000235204 0.999999821 -0.000524106 -0.040846910 -0.000037491 0.000524097 0.999999881 1.580940962
0.999998868 0.001338727 0.000656080 0.023266455 -0.001338459 0.999999046 -0.000408817 -0.046637166 -0.000656626 0.000407939 0.999999702 1.771164060
0.999999940 0.000345399 -0.000151794 0.043249801 -0.000345471 0.999999821 -0.000473726 -0.049364034 0.000151630 0.000473779 0.999999881 1.961536169
0.999999583 0.000423529 0.000793727 0.031932279 -0.000422979 0.999999642 -0.000692436 -0.054604869 -0.000794020 0.000692100 0.999999464 2.182061911
0.999999106 0.000969273 0.000928282 0.031938657 -0.000968714 0.999999344 -0.000602486 -0.065271333 -0.000928865 0.000601586 0.999999404 2.381631374
0.999999166 0.001081514 -0.000609545 0.065941378 -0.001081940 0.999999166 -0.000699176 -0.072240166 0.000608789 0.000699835 0.999999523 2.629575253
0.999999821 0.000361119 -0.000553912 0.075540900 -0.000361149 0.999999940 -0.000053161 -0.087215222 0.000553892 0.000053361 0.999999821 2.844896793
0.999999106 0.001066278 -0.000973411 0.079893813 -0.001066671 0.999999464 -0.000402604 -0.087141171 0.000972981 0.000403642 0.999999464 3.087130547
0.999998748 0.000890924 -0.001352600 0.089754157 -0.000891907 0.999999285 -0.000726372 -0.090427957 0.001351952 0.000727578 0.999998868 3.322515726
0.999999344 0.000548043 -0.001059783 0.090871893 -0.000548364 0.999999821 -0.000302829 -0.103855573 0.001059617 0.000303410 0.999999404 3.556767225
0.999999106 0.000872086 -0.000954200 0.095384687 -0.000872454 0.999999464 -0.000385166 -0.107176729 0.000953863 0.000385998 0.999999464 3.833792925
0.999999225 0.000910322 -0.000825348 0.098020822 -0.000910907 0.999999285 -0.000708484 -0.112028085 0.000824703 0.000709235 0.999999404 4.093592644
0.999999285 0.001075438 -0.000552974 0.097092330 -0.001075645 0.999999344 -0.000374037 -0.119203232 0.000552572 0.000374632 0.999999762 4.351115704
0.999999523 0.000724430 -0.000572527 0.105818748 -0.000724625 0.999999642 -0.000339394 -0.123319484 0.000572281 0.000339809 0.999999762 4.598755360
0.999999106 0.000989681 -0.000890578 0.116046660 -0.000990020 0.999999583 -0.000380615 -0.131374910 0.000890201 0.000381496 0.999999464 4.865209579
0.999999106 0.000852026 -0.001058013 0.122309618 -0.000852588 0.999999523 -0.000531048 -0.136324763 0.001057560 0.000531950 0.999999285 5.126296997
0.999999046 0.001026782 -0.000874378 0.124287531 -0.001027481 0.999999106 -0.000799109 -0.144238248 0.000873557 0.000800007 0.999999344 5.391235352
0.999999523 0.000716129 -0.000657285 0.127832487 -0.000716395 0.999999642 -0.000404495 -0.151536256 0.000656995 0.000404966 0.999999702 5.654026508
0.999999046 0.001282918 -0.000458202 0.129847884 -0.001283116 0.999999046 -0.000432966 -0.159736812 0.000457647 0.000433554 0.999999762 5.921897411
0.999999523 0.000820302 -0.000570110 0.139484674 -0.000820533 0.999999583 -0.000404956 -0.166839316 0.000569777 0.000405424 0.999999762 6.199871063
0.999999046 0.001349932 -0.000228174 0.139378816 -0.001349980 0.999998987 -0.000210251 -0.176254451 0.000227890 0.000210558 0.999999881 6.471846581
0.999998868 0.001332092 -0.000620905 0.148542687 -0.001331985 0.999999106 0.000172072 -0.194254667 0.000621134 -0.000171245 0.999999762 6.757316589
0.999998391 0.001783439 -0.000457813 0.151490048 -0.001783463 0.999998450 -0.000052280 -0.198874921 0.000457719 0.000053096 0.999999881 7.057741642
0.999999106 0.001134083 -0.000701327 0.164461136 -0.001133995 0.999999285 0.000125605 -0.210836977 0.000701469 -0.000124809 0.999999762 7.346194744
0.999999583 0.000872734 -0.000333795 0.165854171 -0.000872955 0.999999344 -0.000660987 -0.209908545 0.000333218 0.000661278 0.999999762 7.666451931
0.999999046 0.001339038 -0.000300734 0.176792324 -0.001339017 0.999999046 0.000068761 -0.229426339 0.000300826 -0.000068359 1.000000000 7.953670502
0.999999642 0.000703033 -0.000490679 0.181536406 -0.000702706 0.999999523 0.000667500 -0.244648844 0.000491148 -0.000667155 0.999999642 8.286008835
0.999999344 0.001002657 -0.000360129 0.187575355 -0.001002580 0.999999404 0.000214807 -0.250766963 0.000360344 -0.000214446 0.999999881 8.618262291
0.999999523 0.000940897 0.000153127 0.187037125 -0.000940939 0.999999464 0.000278980 -0.256837279 -0.000152865 -0.000279124 1.000000000 8.960642815
0.999999762 0.000725484 -0.000003886 0.195501432 -0.000725481 0.999999523 0.000626942 -0.272371829 0.000004341 -0.000626939 0.999999821 9.290547371
0.999998927 0.001281900 0.000726965 0.188006446 -0.001282271 0.999999046 0.000509432 -0.278394133 -0.000726311 -0.000510364 0.999999583 9.652505875
0.999999404 0.000931764 -0.000554032 0.207178682 -0.000931336 0.999999285 0.000771652 -0.294424593 0.000554750 -0.000771136 0.999999523 9.977669716
0.999998868 0.001419454 -0.000303544 0.213359907 -0.001419239 0.999998748 0.000708773 -0.304098278 0.000304550 -0.000708341 0.999999642 10.337773323
0.999999404 0.001055715 -0.000212602 0.218091518 -0.001055558 0.999999106 0.000738490 -0.313583553 0.000213381 -0.000738266 0.999999642 10.697852135
0.999999523 0.000895401 -0.000171901 0.227364019 -0.000895253 0.999999285 0.000855072 -0.322296619 0.000172666 -0.000854917 0.999999642 11.066443443
0.999999642 0.000761685 0.000296738 0.229586005 -0.000761835 0.999999642 0.000503682 -0.329943359 -0.000296355 -0.000503908 0.999999881 11.446656227
0.999999642 0.000849486 0.000131990 0.239522845 -0.000849548 0.999999523 0.000476297 -0.339166909 -0.000131585 -0.000476409 0.999999881 11.816319466
0.999998927 0.001468207 0.000313792 0.246031985 -0.001468337 0.999998868 0.000416215 -0.351126939 -0.000313180 -0.000416675 0.999999881 12.203591347
0.999999404 0.001006915 -0.000139716 0.259830445 -0.001006864 0.999999404 0.000370093 -0.362528533 0.000140088 -0.000369952 0.999999881 12.599998474
0.999999702 0.000740279 -0.000212287 0.268663585 -0.000740157 0.999999523 0.000575779 -0.373894691 0.000212713 -0.000575622 0.999999821 12.990996361
0.999999404 0.000823427 -0.000729743 0.282694340 -0.000823161 0.999999583 0.000364723 -0.388784945 0.000730043 -0.000364122 0.999999642 13.393639565
0.999999821 0.000600204 -0.000045129 0.285337061 -0.000600177 0.999999642 0.000607602 -0.396373451 0.000045494 -0.000607575 0.999999762 13.806310654
0.999999940 0.000266053 0.000290842 0.290449500 -0.000266164 0.999999881 0.000379534 -0.404103309 -0.000290741 -0.000379611 0.999999881 14.225305557
0.999999166 0.000652548 0.001114437 0.295338273 -0.000653249 0.999999583 0.000629253 -0.418477625 -0.001114025 -0.000629981 0.999999166 14.641636848
0.999999762 0.000404672 0.000586022 0.311191976 -0.000405121 0.999999642 0.000765992 -0.429036796 -0.000585711 -0.000766230 0.999999523 15.073536873
0.999999642 0.000376190 0.000783844 0.322555840 -0.000376726 0.999999702 0.000683497 -0.442197978 -0.000783588 -0.000683792 0.999999464 15.508113861
0.999999523 0.000251112 0.000876337 0.334144682 -0.000251707 0.999999702 0.000679427 -0.454424083 -0.000876167 -0.000679647 0.999999404 15.949692726
0.999999464 0.000288863 0.001017548 0.344477385 -0.000289718 0.999999583 0.000840581 -0.466981053 -0.001017305 -0.000840875 0.999999106 16.393810272
0.999998927 0.000173090 0.001436366 0.350254774 -0.000173874 0.999999821 0.000545755 -0.477213383 -0.001436273 -0.000546004 0.999998808 16.846805573
0.999998569 0.000257131 0.001740002 0.359837890 -0.000258740 0.999999642 0.000924789 -0.492590874 -0.001739764 -0.000925238 0.999998033 17.303222656
0.999997795 0.000471656 0.002038838 0.367855728 -0.000473596 0.999999464 0.000951070 -0.503202021 -0.002038389 -0.000952033 0.999997497 17.766323090
0.999996126 0.000903949 0.002621618 0.374694109 -0.000905165 0.999999583 0.000462776 -0.511728644 -0.002621199 -0.000465147 0.999996543 18.233415604
0.999997497 0.000339899 0.002171570 0.401377290 -0.000341274 0.999999762 0.000632768 -0.520457268 -0.002171355 -0.000633508 0.999997556 18.694185257
0.999996245 0.000350932 0.002727837 0.397665620 -0.000352222 0.999999821 0.000472747 -0.536395013 -0.002727670 -0.000473706 0.999996126 19.171825409
0.999995768 0.000179629 0.002927426 0.410125881 -0.000179939 1.000000000 0.000105387 -0.543135405 -0.002927407 -0.000105913 0.999995708 19.660116196
0.999996603 -0.000474120 0.002584619 0.425478429 0.000471754 0.999999404 0.000915845 -0.561788440 -0.002585053 -0.000914623 0.999996245 20.133344650
0.999996960 0.000440905 0.002410253 0.436548382 -0.000442823 0.999999583 0.000795407 -0.581953824 -0.002409902 -0.000796472 0.999996781 20.640846252
0.999995828 0.000826327 0.002749028 0.442781568 -0.000827393 0.999999523 0.000386581 -0.589699090 -0.002748708 -0.000388854 0.999996126 21.140954971
0.999997020 0.000616026 0.002353635 0.449713349 -0.000616293 0.999999821 0.000112747 -0.594854951 -0.002353565 -0.000114197 0.999997199 21.655138016
0.999999166 0.000348525 0.001239603 0.465904027 -0.000349747 0.999999464 0.000985074 -0.621641874 -0.001239258 -0.000985507 0.999998748 22.137002945
0.999999583 0.000602139 0.000772323 0.481417120 -0.000603070 0.999999106 0.001206185 -0.634435356 -0.000771595 -0.001206651 0.999998987 22.647592545
0.999999881 0.000499865 0.000127700 0.486270458 -0.000499961 0.999999583 0.000746637 -0.647400975 -0.000127327 -0.000746701 0.999999702 23.169761658
0.999999821 0.000339999 -0.000511961 0.495542645 -0.000339595 0.999999583 0.000787704 -0.665184796 0.000512230 -0.000787530 0.999999583 23.692434311
0.999999642 -0.000220628 -0.000819693 0.503098965 0.000220545 1.000000000 -0.000101174 -0.673198342 0.000819715 0.000100993 0.999999642 24.225162506
0.999998212 -0.000167946 -0.001861907 0.516739190 0.000169410 0.999999762 0.000786135 -0.692171097 0.001861774 -0.000786449 0.999997914 24.753154755
0.999997318 0.000658837 -0.002194331 0.521766543 -0.000657623 0.999999642 0.000553857 -0.703628063 0.002194695 -0.000552412 0.999997437 25.293849945
0.999997020 0.001140627 -0.002173854 0.524719357 -0.001140409 0.999999344 0.000101532 -0.713414907 0.002173968 -0.000099053 0.999997616 25.838914871
0.999994755 0.000677853 -0.003170956 0.537994981 -0.000675185 0.999999404 0.000842532 -0.737314343 0.003171526 -0.000840386 0.999994576 26.380306244
0.999993205 0.000683870 -0.003614836 0.545577824 -0.000679520 0.999999106 0.001204264 -0.750037909 0.003615656 -0.001201799 0.999992728 26.928115845
0.999993682 0.000915030 -0.003439653 0.556605697 -0.000909113 0.999998093 0.001721269 -0.773436189 0.003441222 -0.001718130 0.999992609 27.459457397
0.999992788 0.001901686 -0.003304403 0.552068472 -0.001899185 0.999997973 0.000759920 -0.777237535 0.003305842 -0.000753639 0.999994218 27.997194290
0.999987900 0.001627399 -0.004640048 0.567848563 -0.001618326 0.999996901 0.001958318 -0.811195850 0.004643220 -0.001950785 0.999987304 28.585136414
0.999988139 0.001307805 -0.004707078 0.572258890 -0.001299494 0.999997616 0.001768320 -0.820348680 0.004709379 -0.001762182 0.999987364 29.132667542
0.999985754 0.001587495 -0.005088389 0.579192340 -0.001576966 0.999996603 0.002072500 -0.842218995 0.005091662 -0.002064447 0.999984860 29.688816071
0.999984384 0.001770018 -0.005300440 0.581065416 -0.001759047 0.999996305 0.002073667 -0.853907049 0.005304091 -0.002064311 0.999983728 30.233198166
0.999983549 0.001783632 -0.005453622 0.589931369 -0.001773811 0.999996781 0.001804950 -0.867847323 0.005456824 -0.001795246 0.999983490 30.782480240
0.999980748 0.001769483 -0.005942624 0.600462496 -0.001757883 0.999996543 0.001956454 -0.883679032 0.005946066 -0.001945970 0.999980450 31.323595047
0.999978960 0.001934804 -0.006187627 0.605151474 -0.001922087 0.999995947 0.002060583 -0.898085654 0.006191589 -0.002048646 0.999978721 31.872306824
0.999977648 0.001403068 -0.006533648 0.617830276 -0.001386390 0.999995708 0.002556453 -0.918213785 0.006537208 -0.002547337 0.999975383 32.415767670
0.999978006 0.001454968 -0.006457195 0.620234370 -0.001441428 0.999996722 0.002101044 -0.926213026 0.006460231 -0.002091690 0.999976933 32.970417023
0.999976158 0.002062545 -0.006585046 0.625816584 -0.002050649 0.999996245 0.001812738 -0.942993820 0.006588760 -0.001799191 0.999976695 33.511989594
0.999975562 0.001762602 -0.006768838 0.635913730 -0.001748907 0.999996424 0.002028666 -0.955091655 0.006772390 -0.002016778 0.999975026 34.071231842
0.999972999 0.001909977 -0.007100332 0.638273120 -0.001893999 0.999995649 0.002256343 -0.973312497 0.007104611 -0.002242834 0.999972224 34.614341736
0.999974132 0.001471071 -0.007031788 0.647785664 -0.001456055 0.999996662 0.002140036 -0.986260533 0.007034912 -0.002129742 0.999972999 35.166576385
0.999974906 0.001453751 -0.006923999 0.653872430 -0.001440445 0.999997139 0.001926322 -0.999462783 0.006926779 -0.001916301 0.999974191 35.713653564
0.999975979 0.001579432 -0.006739150 0.664362729 -0.001562350 0.999995589 0.002539299 -1.024901509 0.006743130 -0.002528709 0.999974132 36.259742737
0.999970555 0.002002002 -0.007424495 0.668301523 -0.001988340 0.999996305 0.001846923 -1.026661515 0.007428166 -0.001832106 0.999970734 36.802307129
0.999972284 0.001671053 -0.007259546 0.676214218 -0.001659269 0.999997258 0.001628872 -1.039244652 0.007262247 -0.001616781 0.999972343 37.348560333
0.999968469 0.001927158 -0.007703317 0.679293752 -0.001912893 0.999996364 0.001858506 -1.058572769 0.007706871 -0.001843712 0.999968588 37.907268524
0.999971688 0.001627199 -0.007352670 0.683168530 -0.001615405 0.999997437 0.001609675 -1.070743918 0.007355270 -0.001597752 0.999971688 38.456703186
0.999973416 0.002381152 -0.006887891 0.680366576 -0.002369315 0.999995649 0.001726123 -1.086931705 0.006891971 -0.001709758 0.999974847 39.016212463
0.999968708 0.002386619 -0.007540849 0.687806606 -0.002369705 0.999994636 0.002250885 -1.110163689 0.007546181 -0.002232945 0.999969006 39.542926788
0.999971092 0.002643590 -0.007132444 0.691724300 -0.002630925 0.999994934 0.001784282 -1.117851734 0.007137124 -0.001765465 0.999972939 40.101207733
0.999968290 0.002028360 -0.007698136 0.715212226 -0.002008393 0.999994576 0.002600396 -1.146430016 0.007703369 -0.002584853 0.999966979 40.637016296
0.999962091 0.002213043 -0.008420335 0.724119842 -0.002194188 0.999995053 0.002247785 -1.157575607 0.008425268 -0.002229224 0.999961972 41.201839447
0.999962747 0.002497260 -0.008263906 0.733186483 -0.002473859 0.999992907 0.002840752 -1.174259305 0.008270941 -0.002820202 0.999961793 41.748985291
0.999959767 0.002626555 -0.008582090 0.747284472 -0.002607170 0.999994040 0.002269272 -1.185961127 0.008587998 -0.002246806 0.999960601 42.296459198
0.999960363 0.002936210 -0.008399479 0.737585783 -0.002919669 0.999993742 0.001980918 -1.191261292 0.008405242 -0.001956316 0.999962747 42.854587555
0.999963164 0.002759467 -0.008132168 0.744729936 -0.002741451 0.999993801 0.002225813 -1.207403898 0.008138259 -0.002203437 0.999964476 43.392623901
0.999961674 0.003319141 -0.008101960 0.753158450 -0.003304443 0.999992847 0.001826910 -1.220477819 0.008107967 -0.001800068 0.999965489 43.942550659
0.999961972 0.002454742 -0.008370603 0.749970078 -0.002434924 0.999994159 0.002376970 -1.238799453 0.008376389 -0.002356498 0.999962151 44.490432739
0.999962151 0.002588653 -0.008306135 0.758017600 -0.002577948 0.999995828 0.001299286 -1.244484544 0.008309464 -0.001277824 0.999964714 45.039276123
0.999965191 0.002903309 -0.007824980 0.764278352 -0.002892703 0.999994874 0.001366415 -1.252670765 0.007828907 -0.001343732 0.999968469 45.571990967
0.999963641 0.002410896 -0.008181035 0.768896043 -0.002390925 0.999994159 0.002450038 -1.282300234 0.008186894 -0.002430389 0.999963522 46.127971649
0.999962807 0.002456136 -0.008268124 0.779395342 -0.002437916 0.999994636 0.002213037 -1.297361255 0.008273515 -0.002192797 0.999963403 46.672023773
0.999959052 0.002955566 -0.008560362 0.790577590 -0.002933485 0.999992371 0.002590958 -1.312522531 0.008567954 -0.002565740 0.999960005 47.184036255
0.999967337 0.002929278 -0.007539425 0.786052227 -0.002913043 0.999993443 0.002163418 -1.324232817 0.007545711 -0.002141384 0.999969244 47.748462677
0.999965489 0.002573361 -0.007888970 0.771549106 -0.002559123 0.999995053 0.001814381 -1.320776582 0.007893599 -0.001794130 0.999967217 48.302040100
0.999969006 0.002316987 -0.007510724 0.779371262 -0.002303600 0.999995768 0.001790615 -1.334285498 0.007514838 -0.001773258 0.999970257 48.852611542
0.999964058 0.002409544 -0.008124492 0.805626988 -0.002389863 0.999994099 0.002431250 -1.359944105 0.008130302 -0.002411746 0.999963999 49.388885498
0.999967158 0.002077777 -0.007834840 0.797236204 -0.002065621 0.999996662 0.001559436 -1.367775679 0.007838054 -0.001543201 0.999968112 49.961681366
0.999971688 0.002668114 -0.007036129 0.796877623 -0.002656098 0.999995053 0.001716632 -1.381427050 0.007040674 -0.001697895 0.999973774 50.499320984
0.999977112 0.003158468 -0.005978550 0.789290071 -0.003152853 0.999994636 0.000948262 -1.385601759 0.005981512 -0.000929391 0.999981701 51.038841248
0.999977529 0.003009362 -0.006002573 0.800285459 -0.003000492 0.999994457 0.001486220 -1.411438346 0.006007011 -0.001468176 0.999980927 51.603565216
0.999963403 0.002360290 -0.008214546 0.827168822 -0.002348563 0.999996126 0.001436971 -1.425125241 0.008217907 -0.001417626 0.999965250 52.148834229
0.999967217 0.002557243 -0.007677258 0.830475330 -0.002552846 0.999996543 0.000582521 -1.433666587 0.007678721 -0.000562903 0.999970436 52.710273743
0.999969363 0.002595028 -0.007382245 0.830833793 -0.002592448 0.999996483 0.000359075 -1.447368145 0.007383152 -0.000339926 0.999972701 53.238792419
0.999964535 0.002465357 -0.008043623 0.841280580 -0.002454801 0.999996066 0.001321943 -1.467095375 0.008046850 -0.001302151 0.999966800 53.799537659
0.999969006 0.002393716 -0.007495315 0.851508379 -0.002385618 0.999996603 0.001089297 -1.482062817 0.007497896 -0.001071382 0.999971330 54.349086761
0.999970496 0.002644419 -0.007215556 0.853600979 -0.002636997 0.999995947 0.001037811 -1.492130399 0.007218272 -0.001018753 0.999973416 54.897880554
0.999964952 0.002352762 -0.008038499 0.860078931 -0.002344903 0.999996901 0.000986938 -1.508884788 0.008040795 -0.000968053 0.999967217 55.453163147
0.999969244 0.002733401 -0.007356704 0.861256003 -0.002726275 0.999995828 0.000978435 -1.524144053 0.007359347 -0.000958349 0.999972463 56.002761841
0.999965489 0.002708885 -0.007846084 0.865146160 -0.002700821 0.999995828 0.001038277 -1.535998821 0.007848863 -0.001017050 0.999968648 56.540149689
0.999968886 0.003160426 -0.007218549 0.877012730 -0.003150801 0.999994218 0.001344318 -1.553208709 0.007222756 -0.001321533 0.999972999 57.083442688
0.999965847 0.002849510 -0.007760410 0.881721616 -0.002842972 0.999995589 0.000853129 -1.563299179 0.007762807 -0.000831038 0.999969482 57.648475647
0.999967754 0.003095712 -0.007416885 0.883553982 -0.003087169 0.999994516 0.001162856 -1.582592964 0.007420445 -0.001139922 0.999971747 58.197025299
0.999966919 0.003086340 -0.007522426 0.891315401 -0.003081039 0.999994993 0.000716362 -1.593529940 0.007524599 -0.000693161 0.999971449 58.740077972
0.999971390 0.003155251 -0.006882833 0.888856173 -0.003150864 0.999994814 0.000648315 -1.603929639 0.006884844 -0.000626609 0.999976099 59.292884827
0.999972284 0.003105889 -0.006772080 0.893305361 -0.003102029 0.999994993 0.000580448 -1.621050954 0.006773849 -0.000559425 0.999976873 59.825988770
0.999967754 0.003011069 -0.007441994 0.903972447 -0.003007835 0.999995351 0.000445759 -1.632455945 0.007443302 -0.000423360 0.999972165 60.380924225
0.999968052 0.003293300 -0.007292230 0.907664895 -0.003288718 0.999994397 0.000640092 -1.646995544 0.007294297 -0.000616090 0.999973178 60.934120178
0.999972105 0.003702209 -0.006482515 0.916187346 -0.003695701 0.999992669 0.001015615 -1.666001320 0.006486227 -0.000991629 0.999978542 61.470928192
0.999968350 0.003548634 -0.007114582 0.920138061 -0.003544119 0.999993503 0.000647209 -1.678264380 0.007116832 -0.000621974 0.999974430 62.018619537
0.999969721 0.003540930 -0.006931125 0.923605263 -0.003539011 0.999993682 0.000289145 -1.690019011 0.006932105 -0.000264607 0.999975920 62.574283600
0.999973595 0.004016410 -0.006054839 0.924877167 -0.004013330 0.999991775 0.000520809 -1.708101749 0.006056881 -0.000496495 0.999981523 63.123214722
0.999973655 0.004143303 -0.005954118 0.925853968 -0.004141911 0.999991357 0.000245975 -1.714284778 0.005955086 -0.000221307 0.999982238 63.686920166
0.999969006 0.003749744 -0.006920199 0.937342167 -0.003746161 0.999992847 0.000530798 -1.740584254 0.006922140 -0.000504858 0.999975920 64.209823608
0.999975324 0.003752663 -0.005940328 0.934378803 -0.003751413 0.999992967 0.000221718 -1.753315926 0.005941118 -0.000199428 0.999982417 64.756340027
0.999970615 0.004647804 -0.006089740 0.940894663 -0.004643253 0.999989033 0.000761293 -1.768841982 0.006093211 -0.000732994 0.999981165 65.286132812
0.999972701 0.004091562 -0.006158362 0.942785740 -0.004092697 0.999991596 -0.000171751 -1.776776910 0.006157608 0.000196951 0.999981046 65.822418213
0.999969184 0.004161689 -0.006644483 0.960848927 -0.004159112 0.999991238 0.000401567 -1.800346255 0.006646095 -0.000373920 0.999977827 66.393455505
0.999970078 0.003882467 -0.006685456 0.964573145 -0.003883078 0.999992430 -0.000078060 -1.808632255 0.006685103 0.000104018 0.999977648 66.946586609
0.999968886 0.004590615 -0.006409145 0.974228024 -0.004592483 0.999989450 -0.000276788 -1.830994368 0.006407806 0.000306213 0.999979377 67.492431641
0.999964237 0.004317032 -0.007263643 0.998812616 -0.004309720 0.999990165 0.001022019 -1.858132362 0.007267984 -0.000990678 0.999973059 68.028030396
0.999962389 0.004783268 -0.007235210 1.009785652 -0.004770817 0.999987125 0.001737247 -1.880485177 0.007243427 -0.001702663 0.999972284 68.559295654
0.999968112 0.004664413 -0.006482705 1.014160872 -0.004657184 0.999988496 0.001129799 -1.892769456 0.006487901 -0.001099572 0.999978364 69.111183167
0.999966621 0.005030681 -0.006425954 1.000444174 -0.005025512 0.999987006 0.000820127 -1.901078820 0.006429996 -0.000787806 0.999979019 69.661720276
0.999971926 0.004505791 -0.005968933 1.009215117 -0.004503741 0.999989748 0.000356435 -1.908860087 0.005970478 -0.000329543 0.999982178 70.214973450
0.999975145 0.004704095 -0.005259551 1.011991739 -0.004700360 0.999988675 0.000722089 -1.932094812 0.005262889 -0.000697349 0.999985874 70.754882812
0.999968290 0.005083607 -0.006123170 1.015234709 -0.005082202 0.999987006 0.000244843 -1.937396884 0.006124335 -0.000213717 0.999981165 71.319511414
0.999973357 0.004687078 -0.005596607 1.025021791 -0.004685410 0.999988973 0.000310940 -1.955409765 0.005598003 -0.000284709 0.999984324 71.864654541
0.999974370 0.005656246 -0.004396339 1.024547338 -0.005655274 0.999983966 0.000233583 -1.964857936 0.004397591 -0.000208714 0.999990284 72.425415039
0.999964416 0.005709878 -0.006214596 1.039004564 -0.005704561 0.999983370 0.000872575 -1.993296146 0.006219476 -0.000837092 0.999980271 72.949836731
0.999974191 0.004472090 -0.005624069 1.048048496 -0.004469136 0.999989867 0.000537836 -2.010288715 0.005626417 -0.000512688 0.999984026 73.494300842
0.999972463 0.004848025 -0.005614917 1.049587607 -0.004842756 0.999987841 0.000951688 -2.027767897 0.005619461 -0.000924470 0.999983788 74.048545837
0.999969006 0.005037626 -0.006054844 1.058930516 -0.005032898 0.999986947 0.000795752 -2.036346436 0.006058774 -0.000765254 0.999981344 74.581565857
0.999968231 0.004892017 -0.006289343 1.071924329 -0.004885169 0.999987483 0.001103631 -2.052538633 0.006294664 -0.001072871 0.999979556 75.120368958
0.999970376 0.004864539 -0.005956336 1.075922370 -0.004856380 0.999987185 0.001383576 -2.069648027 0.005962991 -0.001354609 0.999981284 75.662322998
0.999969482 0.004775117 -0.006161562 1.086909771 -0.004770541 0.999988317 0.000756968 -2.081358433 0.006165104 -0.000727551 0.999980748 76.213447571
0.999961734 0.005573123 -0.006739325 1.098016381 -0.005564813 0.999983788 0.001251122 -2.104128361 0.006746189 -0.001213572 0.999976516 76.751480103
0.999969006 0.004703208 -0.006318430 1.102718830 -0.004698454 0.999988675 0.000766974 -2.112364292 0.006321966 -0.000737263 0.999979675 77.303062439
0.999969304 0.004743498 -0.006247084 1.108690858 -0.004739758 0.999988556 0.000613239 -2.124282837 0.006249921 -0.000583610 0.999980271 77.856567383
0.999966085 0.004838262 -0.006664147 1.117037416 -0.004832556 0.999987960 0.000872034 -2.138429880 0.006668286 -0.000839800 0.999977350 78.393371582
0.999967039 0.004615243 -0.006688714 1.131567955 -0.004613731 0.999989331 0.000241206 -2.150331974 0.006689757 -0.000210338 0.999977589 78.932853699
0.999967873 0.005068278 -0.006233173 1.129922628 -0.005063138 0.999986768 0.000840091 -2.168834448 0.006237351 -0.000808504 0.999980152 79.480964661
0.999970496 0.005388202 -0.005487719 1.129653454 -0.005384934 0.999985337 0.000610094 -2.180746317 0.005490927 -0.000580525 0.999984682 80.030090332
0.999964714 0.005387090 -0.006438191 1.148992538 -0.005382452 0.999985218 0.000737156 -2.198943377 0.006442067 -0.000702477 0.999979019 80.569755554
0.999971449 0.005573717 -0.005087825 1.155505419 -0.005570109 0.999984205 0.000723402 -2.212687492 0.005091777 -0.000695042 0.999986708 81.124572754
0.999976039 0.005585163 -0.004080190 1.164906025 -0.005581822 0.999984086 0.000829873 -2.230355501 0.004084758 -0.000807078 0.999991298 81.660690308
0.999978483 0.005886339 -0.002881416 1.180006146 -0.005883632 0.999982238 0.000946544 -2.246353626 0.002886936 -0.000929571 0.999995410 82.220169067
0.999981403 0.005950195 -0.001312105 1.186720371 -0.005949103 0.999981880 0.000834543 -2.261707067 0.001317045 -0.000826722 0.999998808 82.765525818
0.999982238 0.005701100 0.001732831 1.207128763 -0.005701934 0.999983609 0.000475594 -2.274859428 -0.001730091 -0.000485466 0.999998450 83.313255310
0.999969423 0.005625555 0.005430274 1.223756671 -0.005632653 0.999983251 0.001292807 -2.297469854 -0.005422911 -0.001323355 0.999984503 83.849670410
0.999943197 0.006080832 0.008751967 1.237972975 -0.006092632 0.999980569 0.001322397 -2.312326193 -0.008743756 -0.001375645 0.999960780 84.399192810
0.999886334 0.006008531 0.013824920 1.261741757 -0.006030187 0.999980688 0.001525401 -2.333584547 -0.013815485 -0.001608595 0.999903321 84.941474915
0.999771833 0.006527620 0.020339817 1.285504580 -0.006561480 0.999977231 0.001598441 -2.343693972 -0.020328920 -0.001731536 0.999791801 85.505409241
0.999669075 0.006377868 0.024921656 1.317284584 -0.006406851 0.999978840 0.001083332 -2.359699011 -0.024914214 -0.001242643 0.999688745 86.044456482
0.999517083 0.005371103 0.030605685 1.354304314 -0.005408420 0.999984682 0.001136675 -2.374723434 -0.030599110 -0.001301654 0.999530792 86.587219238
0.999231935 0.005878955 0.038743943 1.387312770 -0.005932142 0.999981642 0.001257943 -2.392337322 -0.038735829 -0.001486811 0.999248326 87.139694214
0.998881817 0.006156352 0.046874840 1.435240746 -0.006216508 0.999979973 0.001137624 -2.406706333 -0.046866901 -0.001427750 0.998900115 87.705413818
0.998506069 0.006437595 0.054260556 1.473866224 -0.006518217 0.999977946 0.001309005 -2.420088053 -0.054250926 -0.001660732 0.998525977 88.256301880
0.998000562 0.005736577 0.062943615 1.530641556 -0.005824472 0.999982297 0.001212976 -2.432753801 -0.062935546 -0.001577164 0.998016357 88.797462463
0.997314215 0.006203755 0.072978549 1.592032909 -0.006308822 0.999979377 0.001209248 -2.449320555 -0.072969541 -0.001666409 0.997332752 89.361915588
0.996653616 0.005268991 0.081570826 1.652995110 -0.005363677 0.999985158 0.000941712 -2.457619667 -0.081564650 -0.001376080 0.996667147 89.909690857
0.995949924 0.005483230 0.089743577 1.720200539 -0.005562618 0.999984324 0.000634547 -2.472604275 -0.089738689 -0.001131187 0.995964825 90.464431763
0.994894326 0.005582218 0.100767173 1.798129559 -0.005653820 0.999983966 0.000425016 -2.484956026 -0.100763164 -0.000992566 0.994909942 91.003761292
0.993791938 0.005702474 0.111107640 1.875587463 -0.005843155 0.999982417 0.000940583 -2.503303766 -0.111100331 -0.001583963 0.993807852 91.568946838
0.992707014 0.004983976 0.120449215 1.961887360 -0.005107002 0.999986708 0.000712725 -2.517278194 -0.120444097 -0.001322662 0.992719233 92.114959717
0.991257071 0.005594934 0.131826490 2.048830986 -0.005740327 0.999983251 0.000722907 -2.530032396 -0.131820247 -0.001473314 0.991272569 92.640617371
0.989649355 0.005001328 0.143419310 2.159014702 -0.005150761 0.999986470 0.000670668 -2.548156023 -0.143414006 -0.001402444 0.989661753 93.219657898
0.988030672 0.004721978 0.154184982 2.263134956 -0.004947277 0.999987185 0.001077562 -2.568411589 -0.154177889 -0.001827460 0.988041401 93.760200500
0.986295879 0.004584346 0.164922640 2.371743202 -0.004778364 0.999988198 0.000779691 -2.576182604 -0.164917096 -0.001557066 0.986306190 94.313674927
0.984228969 0.004277261 0.176847711 2.496345520 -0.004469919 0.999989629 0.000691023 -2.595047712 -0.176842928 -0.001470620 0.984237969 94.832656860
0.981630027 0.004100232 0.190750092 2.620432854 -0.004308428 0.999990463 0.000676748 -2.604529858 -0.190745533 -0.001486149 0.981638432 95.393150330
0.979685187 0.003662143 0.200508162 2.750915527 -0.003886055 0.999992192 0.000723148 -2.619749784 -0.200503945 -0.001487644 0.979691744 95.923042297
0.976957440 0.005043699 0.213374466 2.889636993 -0.005471750 0.999984026 0.001415582 -2.640867472 -0.213363916 -0.002550495 0.976969481 96.460510254
0.973950922 0.003513360 0.226732269 3.040372849 -0.003757609 0.999992669 0.000645656 -2.650590420 -0.226728410 -0.001480808 0.973956823 97.000648499
0.971388161 0.003369405 0.237473488 3.187664032 -0.003659789 0.999993026 0.000781957 -2.669482231 -0.237469211 -0.001628687 0.971393645 97.525329590
0.968282759 0.002452081 0.249845013 3.339313507 -0.002715359 0.999996066 0.000709097 -2.679325581 -0.249842271 -0.001365025 0.968285561 98.050521851
0.964650154 0.002812037 0.263518959 3.505634308 -0.003172931 0.999994576 0.000943946 -2.699016571 -0.263514876 -0.001746705 0.964653671 98.582427979
0.961251378 0.001741810 0.275667965 3.680276871 -0.002020724 0.999997735 0.000727746 -2.710119724 -0.275666058 -0.001256596 0.961252689 99.086273193
0.957870245 0.001708144 0.287196308 3.847944260 -0.002051204 0.999997497 0.000893631 -2.729550600 -0.287194043 -0.001445081 0.957871318 99.624122620
0.953570843 0.001730669 0.301163644 4.030410767 -0.002084986 0.999997437 0.000855075 -2.741016388 -0.301161349 -0.001443297 0.953572035 100.137115479
0.949199975 0.001401532 0.314670473 4.231969833 -0.001770141 0.999998093 0.000885652 -2.756140947 -0.314668596 -0.001397672 0.949200571 100.661811829
0.945311129 0.001276662 0.326167524 4.425289154 -0.001541348 0.999998808 0.000553069 -2.762393236 -0.326166421 -0.001025560 0.945311785 101.182624817
0.940629303 0.001339333 0.339432985 4.630870819 -0.001598996 0.999998629 0.000485313 -2.781888247 -0.339431852 -0.000999252 0.940630198 101.699035645
0.935669601 0.000799836 0.352876395 4.849798203 -0.001116221 0.999999166 0.000693100 -2.800202370 -0.352875471 -0.001042400 0.935669661 102.186073303
0.930715263 0.000964701 0.365743309 5.069604874 -0.001479885 0.999998271 0.001128255 -2.818653107 -0.365741521 -0.001591342 0.930715084 102.724098206
0.926166832 -0.000139291 0.377113968 5.303873062 0.000113190 1.000000000 0.000091371 -2.825730562 -0.377113998 -0.000041939 0.926166892 103.228248596
0.920157492 -0.000149434 0.391548455 5.531833649 -0.000233424 0.999999523 0.000930206 -2.847441435 -0.391548395 -0.000947333 0.920156956 103.710212708
0.914440989 -0.001578422 0.404716343 5.774868011 0.001283227 0.999998629 0.001000663 -2.857197285 -0.404717356 -0.000395704 0.914441705 104.202621460
0.909681261 -0.001203469 0.415305406 6.024654388 0.000911721 0.999999166 0.000900765 -2.874680758 -0.415306121 -0.000440766 0.909681559 104.681831360
0.903117955 -0.001348756 0.429390430 6.286243439 0.000905250 0.999998748 0.001237118 -2.899869442 -0.429391652 -0.000728558 0.903118074 105.208320618
0.896916509 -0.001881559 0.442196041 6.557380676 0.001264739 0.999997735 0.001689727 -2.925596952 -0.442198247 -0.000956282 0.896916807 105.661773682
0.890665650 -0.002456287 0.454652399 6.835277557 0.002326088 0.999996841 0.000845730 -2.924841404 -0.454653084 0.000304299 0.890668631 106.188461304
0.885234118 -0.003090577 0.465135604 7.074928284 0.002680294 0.999995172 0.001543366 -2.947020054 -0.465138197 -0.000119540 0.885238051 106.615760803
0.877918005 -0.002984994 0.478801519 7.367832184 0.002593469 0.999995530 0.001478957 -2.962965012 -0.478803813 -0.000056646 0.877921939 107.108467102
0.871101320 -0.003540451 0.491090477 7.662044525 0.003145753 0.999993742 0.001629352 -2.979275942 -0.491093159 0.000125519 0.871107042 107.576736450
