1.000000000 0.000000000 0.000000000 0.000000000 0.000000000 1.000000000 0.000000000 0.000000000 0.000000000 0.000000000 1.000000000 0.000000000
1.000000000 0.000077624 0.000001164 0.000132089 -0.000077624 1.000000000 -0.000024232 0.000076777 -0.000001166 0.000024232 1.000000000 -0.000011748
1.000000000 0.000105846 0.000075908 -0.000449246 -0.000105849 1.000000000 0.000048193 -0.000200810 -0.000075903 -0.000048201 1.000000000 0.000292808
1.000000000 -0.000034143 0.000052041 0.000207055 0.000034144 1.000000000 -0.000018457 0.000549810 -0.000052040 0.000018459 1.000000000 0.000739344
1.000000000 -0.000047690 0.000065193 -0.000430693 0.000047687 1.000000000 0.000046975 -0.000274417 -0.000065196 -0.000046972 1.000000000 -0.000417931
1.000000000 0.000011497 0.000130031 -0.000932675 -0.000011500 1.000000000 0.000023262 0.000378123 -0.000130031 -0.000023263 1.000000000 0.000380503
1.000000000 -0.000080326 0.000082255 -0.000043500 0.000080326 1.000000000 -0.000001701 0.000022184 -0.000082255 0.000001708 1.000000000 0.000158405
1.000000000 0.000007797 0.000062438 0.000062178 -0.000007802 1.000000000 0.000089442 -0.000825351 -0.000062437 -0.000089442 1.000000000 -0.000445243
1.000000000 0.000007704 0.000016317 -0.000246885 -0.000007703 1.000000000 -0.000056887 0.000078990 -0.000016317 0.000056887 1.000000000 -0.000038143
1.000000000 0.000008439 0.000069435 0.000176631 -0.000008443 1.000000000 0.000065518 -0.001151064 -0.000069434 -0.000065519 1.000000000 -0.000284921
1.000000000 0.000076603 0.000090505 -0.000751353 -0.000076612 1.000000000 0.000099675 -0.001084829 -0.000090497 -0.000099682 1.000000000 -0.000285237
1.000000000 0.000026705 0.000104834 -0.000190721 -0.000026707 1.000000000 0.000024145 0.000079091 -0.000104833 -0.000024148 1.000000000 0.000496697
1.000000000 0.000062612 0.000025448 -0.000442255 -0.000062611 1.000000000 -0.000041825 -0.000824126 -0.000025451 0.000041824 1.000000000 -0.001243648
1.000000000 0.000063279 0.000053466 -0.000319486 -0.000063280 1.000000000 0.000023305 -0.000008390 -0.000053465 -0.000023309 1.000000000 -0.000007198
1.000000000 -0.000013966 0.000042027 -0.000185261 0.000013969 1.000000000 -0.000061625 0.000447695 -0.000042026 0.000061625 1.000000000 0.000000243
1.000000000 0.000030363 -0.000001761 0.000625473 -0.000030363 1.000000000 -0.000038702 0.000831331 0.000001759 0.000038702 1.000000000 0.000977459
1.000000000 0.000028093 0.000071441 -0.000032865 -0.000028088 1.000000000 -0.000067764 0.000966034 -0.000071443 0.000067762 1.000000000 0.001059402
1.000000000 0.000071365 0.000062269 -0.001141919 -0.000071363 1.000000000 -0.000039762 0.000075378 -0.000062272 0.000039757 1.000000000 -0.000562075
1.000000000 0.000195420 0.000133877 -0.001496566 -0.000195417 1.000000000 -0.000017256 0.000449283 -0.000133880 0.000017230 1.000000000 0.000879568
0.999999940 0.000287224 0.000056057 -0.002014277 -0.000287235 0.999999940 0.000211873 -0.001431263 -0.000055996 -0.000211890 1.000000000 0.000702539
0.999999940 0.000229508 0.000070242 -0.002255241 -0.000229522 0.999999940 0.000206453 -0.002135962 -0.000070195 -0.000206469 1.000000000 0.000281545
0.999999940 0.000257973 0.000022285 -0.002309333 -0.000257978 0.999999940 0.000258500 -0.001848206 -0.000022219 -0.000258506 1.000000000 0.000528700
0.999999940 0.000318545 -0.000008227 -0.001274241 -0.000318543 0.999999940 0.000235463 -0.001524437 0.000008302 -0.000235460 1.000000000 0.000788036
0.999999940 0.000278639 -0.000033931 -0.001357799 -0.000278631 0.999999940 0.000221267 -0.001626316 0.000033992 -0.000221257 1.000000000 0.000215307
0.999999881 0.000402711 -0.000066194 -0.001652582 -0.000402694 0.999999881 0.000251755 -0.001388580 0.000066296 -0.000251728 1.000000000 0.000810663
0.999999821 0.000450876 0.000025078 -0.002143573 -0.000450883 0.999999821 0.000265882 -0.002129147 -0.000024958 -0.000265893 1.000000000 0.000262080
0.999999940 0.000282564 0.000041082 -0.001445786 -0.000282574 0.999999940 0.000249983 -0.001070573 -0.000041011 -0.000249995 1.000000000 0.001188835
0.999999940 0.000314877 0.000071641 -0.001797512 -0.000314896 0.999999940 0.000253725 -0.001370925 -0.000071561 -0.000253748 1.000000000 0.000200844
0.999999940 0.000288658 -0.000007427 -0.001440100 -0.000288656 0.999999940 0.000258866 -0.001272305 0.000007502 -0.000258864 1.000000000 0.000342066
0.999999940 0.000260991 -0.000059401 -0.001529884 -0.000260976 0.999999940 0.000253794 -0.001524239 0.000059468 -0.000253779 1.000000000 0.000264656
0.999999940 0.000287153 0.000082109 -0.001927507 -0.000287176 0.999999940 0.000274148 -0.001699633 -0.000082030 -0.000274171 1.000000000 0.001023966
0.999999940 0.000185634 0.000031759 -0.001484866 -0.000185641 0.999999940 0.000223416 -0.001372700 -0.000031717 -0.000223422 1.000000000 0.001041569
0.999999940 0.000306260 -0.000024322 -0.001728531 -0.000306257 0.999999940 0.000123238 -0.000918863 0.000024360 -0.000123231 1.000000000 0.000519343
0.999999940 0.000282000 0.000040724 -0.002153355 -0.000282009 0.999999940 0.000229700 -0.001986960 -0.000040660 -0.000229711 1.000000000 -0.000003748
0.999999940 0.000281854 0.000039747 -0.002285721 -0.000281860 0.999999940 0.000159699 -0.001864030 -0.000039702 -0.000159710 1.000000000 0.000169170
0.999999940 0.000309872 0.000070535 -0.001844065 -0.000309885 0.999999940 0.000182668 -0.001760743 -0.000070479 -0.000182690 1.000000000 0.000463018
0.999999940 0.000280705 0.000035808 -0.001523739 -0.000280714 0.999999940 0.000249426 -0.001910482 -0.000035738 -0.000249436 1.000000000 0.000086053
0.999999940 0.000331940 -0.000017276 -0.001840997 -0.000331936 0.999999940 0.000272689 -0.001647518 0.000017367 -0.000272683 1.000000000 0.000296183
0.999999881 0.000389728 0.000057812 -0.001952511 -0.000389742 0.999999940 0.000235435 -0.001594518 -0.000057720 -0.000235457 1.000000000 0.000024033
0.999999940 0.000319093 0.000002879 -0.001501889 -0.000319093 0.999999940 0.000198521 -0.000395504 -0.000002816 -0.000198521 1.000000000 0.000907480
0.999999940 0.000221594 -0.000042070 -0.000800677 -0.000221587 0.999999940 0.000178519 -0.001725199 0.000042110 -0.000178510 1.000000000 0.001175454
0.999999881 0.000586292 0.000170085 -0.001186711 -0.000586226 0.999999821 -0.000383082 -0.004282110 -0.000170310 0.000382982 0.999999940 0.048403271
0.999999940 0.000320838 0.000219749 0.000325000 -0.000320639 0.999999523 -0.000907143 -0.005001279 -0.000220040 0.000907073 0.999999583 0.140678808
0.999999940 0.000398362 0.000262788 0.001610282 -0.000398038 0.999999225 -0.001231146 -0.008310225 -0.000263278 0.001231041 0.999999225 0.254584223
0.999999821 0.000592415 0.000214374 0.005446401 -0.000592154 0.999999046 -0.001213011 -0.011164328 -0.000215093 0.001212883 0.999999225 0.388399094
0.999999940 0.000241037 0.000121056 0.007760569 -0.000240925 0.999999464 -0.000927359 -0.018172683 -0.000121280 0.000927330 0.999999583 0.526467383
0.999999940 -0.000138604 0.000103224 0.011613647 0.000138654 0.999999821 -0.000486667 -0.025925836 -0.000103156 0.000486681 0.999999881 0.673520327
1.000000000 0.000016567 0.000321007 0.014867052 -0.000016522 1.000000000 -0.000138511 -0.030767776 -0.000321010 0.000138506 0.999999940 0.837343037
0.999999940 -0.000138490 0.000232548 0.016548464 0.000138543 0.999999881 -0.000228733 -0.036160588 -0.000232516 0.000228765 0.999999940 1.005327582
0.999999940 -0.000200214 0.000157249 0.020698559 0.000200238 0.999999940 -0.000156005 -0.039484184 -0.000157218 0.000156036 1.000000000 1.184069395
0.999999940 -0.000187863 0.000258219 0.022622582 0.000187836 1.000000000 0.000103820 -0.046261050 -0.000258239 -0.000103771 0.999999940 1.373988628
0.999999940 0.000150143 0.000249200 0.025770621 -0.000150136 0.999999940 -0.000027960 -0.048016813 -0.000249205 0.000027923 0.999999940 1.565813065
0.999999881 -0.000094754 0.000349757 0.030469978 0.000094675 0.999999940 0.000223616 -0.057021532 -0.000349778 -0.000223582 0.999999940 1.764536738
0.999999821 0.000438288 0.000518926 0.031930409 -0.000438544 0.999999821 0.000493178 -0.062457472 -0.000518710 -0.000493405 0.999999762 1.967801094
0.999999702 -0.000517852 0.000486957 0.037766047 0.000517607 0.999999762 0.000503949 -0.070712268 -0.000487217 -0.000503697 0.999999702 2.176253796
0.999999881 -0.000023361 0.000524718 0.041345663 0.000023150 0.999999940 0.000400333 -0.075382248 -0.000524728 -0.000400321 0.999999762 2.394009113
0.999999762 0.000218512 0.000688808 0.047898818 -0.000218753 0.999999881 0.000350445 -0.082637668 -0.000688731 -0.000350596 0.999999702 2.615526199
0.999999762 -0.000278056 0.000650635 0.053655371 0.000277671 0.999999762 0.000591075 -0.089189753 -0.000650800 -0.000590894 0.999999642 2.845666647
0.999999702 -0.000317741 0.000727328 0.056251068 0.000317314 0.999999762 0.000587398 -0.096497327 -0.000727515 -0.000587167 0.999999583 3.084506512
0.999999762 0.000104495 0.000690988 0.063815504 -0.000105128 0.999999583 0.000916241 -0.104510851 -0.000690892 -0.000916313 0.999999344 3.317882538
0.999999702 0.000099908 0.000906814 0.067072526 -0.000100612 0.999999821 0.000776045 -0.109507188 -0.000906736 -0.000776136 0.999999285 3.573006868
0.999999583 -0.000048599 0.000899275 0.071857303 0.000047743 0.999999523 0.000952167 -0.118782625 -0.000899321 -0.000952123 0.999999166 3.823626995
0.999999344 -0.000179382 0.001117521 0.075685747 0.000178258 0.999999464 0.001005040 -0.122988828 -0.001117701 -0.001004841 0.999998927 4.083443165
0.999999344 0.000293991 0.001025531 0.081419364 -0.000294873 0.999999523 0.000859873 -0.129249617 -0.001025278 -0.000860174 0.999999106 4.343278408
0.999998987 0.000528143 0.001258818 0.085038505 -0.000529249 0.999999464 0.000878699 -0.137049794 -0.001258353 -0.000879365 0.999998868 4.603210926
0.999998927 0.000568486 0.001330900 0.093228564 -0.000569760 0.999999344 0.000956937 -0.142864853 -0.001330355 -0.000957695 0.999998569 4.863525391
0.999999225 0.000606030 0.001112628 0.101425424 -0.000607122 0.999999404 0.000980930 -0.148713484 -0.001112033 -0.000981605 0.999998868 5.128314972
0.999998271 0.000849825 0.001605800 0.099386141 -0.000851518 0.999999106 0.001053740 -0.159311265 -0.001604903 -0.001055106 0.999998152 5.385196686
0.999998033 0.000978969 0.001737643 0.103469282 -0.000981056 0.999998808 0.001200998 -0.166685507 -0.001736465 -0.001202700 0.999997795 5.651249409
0.999998748 0.000787866 0.001393479 0.109481573 -0.000789356 0.999999106 0.001068600 -0.172714621 -0.001392637 -0.001069698 0.999998450 5.924859047
0.999998391 0.000842104 0.001570557 0.114242814 -0.000843823 0.999999046 0.001094334 -0.180302173 -0.001569634 -0.001095657 0.999998152 6.210990906
0.999997675 0.001132462 0.001789224 0.120565958 -0.001134528 0.999998748 0.001154099 -0.187886968 -0.001787915 -0.001156127 0.999997735 6.497384548
0.999998927 0.000526342 0.001339051 0.129047513 -0.000527810 0.999999285 0.001096126 -0.194643587 -0.001338472 -0.001096832 0.999998510 6.791978836
0.999998629 0.000696433 0.001511737 0.134460896 -0.000697979 0.999999225 0.001022106 -0.201738968 -0.001511024 -0.001023160 0.999998331 7.092730522
0.999998629 0.000588175 0.001560987 0.142508015 -0.000589830 0.999999404 0.001059636 -0.212281689 -0.001560363 -0.001060556 0.999998212 7.387239933
0.999997973 0.000979781 0.001777108 0.146533847 -0.000981869 0.999998868 0.001174644 -0.223504961 -0.001775955 -0.001176387 0.999997735 7.689945698
0.999999046 0.000402961 0.001321879 0.162142023 -0.000404844 0.999998927 0.001424497 -0.233373031 -0.001321304 -0.001425030 0.999998093 8.015276909
0.999998569 0.000763081 0.001551634 0.162625313 -0.000765777 0.999998271 0.001737509 -0.246596470 -0.001550306 -0.001738695 0.999997258 8.329270363
0.999998927 0.000298820 0.001453185 0.175348788 -0.000301205 0.999998689 0.001641443 -0.256270826 -0.001452693 -0.001641879 0.999997616 8.650003433
0.999996841 0.001167973 0.002238705 0.174713418 -0.001171173 0.999998271 0.001428565 -0.264135510 -0.002237033 -0.001431183 0.999996483 8.990082741
0.999998748 0.000841691 0.001335069 0.189856708 -0.000843313 0.999998868 0.001214831 -0.275222957 -0.001334045 -0.001215955 0.999998391 9.332625389
0.999995172 0.001985399 0.002439667 0.185203046 -0.001989013 0.999996901 0.001480095 -0.287382066 -0.002436721 -0.001484941 0.999995947 9.673876762
0.999994934 0.001848389 0.002609626 0.191434041 -0.001852529 0.999997020 0.001585133 -0.296635419 -0.002606689 -0.001589959 0.999995351 10.023859024
0.999995530 0.002005095 0.002212923 0.201998442 -0.002008848 0.999996543 0.001695215 -0.309420466 -0.002209516 -0.001699653 0.999996066 10.377838135
0.999995828 0.001716282 0.002316583 0.211681187 -0.001719869 0.999997318 0.001547355 -0.318217456 -0.002313921 -0.001551332 0.999996126 10.741671562
0.999996364 0.001522694 0.002231848 0.219399214 -0.001527081 0.999996901 0.001965303 -0.327596337 -0.002228849 -0.001968704 0.999995589 11.102219582
0.999996305 0.001519167 0.002264128 0.228298977 -0.001523503 0.999997020 0.001914445 -0.337089419 -0.002261213 -0.001917887 0.999995589 11.482043266
0.999995172 0.001883680 0.002459879 0.234221816 -0.001888609 0.999996305 0.002002684 -0.350571483 -0.002456097 -0.002007320 0.999994993 11.857744217
0.999995828 0.001616252 0.002382006 0.247218832 -0.001621279 0.999996483 0.002109740 -0.361127943 -0.002378588 -0.002113593 0.999994874 12.247669220
0.999995649 0.001571829 0.002472871 0.259566844 -0.001577624 0.999996006 0.002343316 -0.375693619 -0.002469178 -0.002347207 0.999994159 12.630577087
0.999992669 0.001906069 0.003312902 0.256112278 -0.001914333 0.999994993 0.002493174 -0.384483606 -0.003308133 -0.002499498 0.999991357 13.040281296
0.999993563 0.001552166 0.003225205 0.275058687 -0.001560080 0.999995768 0.002452981 -0.396489710 -0.003221384 -0.002457997 0.999991834 13.439459801
0.999994695 0.001511655 0.002868683 0.280435055 -0.001518487 0.999995947 0.002381144 -0.405382693 -0.002865072 -0.002385487 0.999993026 13.856216431
0.999994040 0.001802897 0.002941996 0.288766503 -0.001810554 0.999994993 0.002602221 -0.417458087 -0.002937290 -0.002607532 0.999992311 14.274200439
0.999992311 0.001918430 0.003401021 0.303165942 -0.001926691 0.999995291 0.002427342 -0.429790348 -0.003396348 -0.002433876 0.999991298 14.683354378
0.999990225 0.002065447 0.003897112 0.303656638 -0.002075578 0.999994457 0.002597439 -0.443559736 -0.003891726 -0.002605503 0.999989033 15.124732971
0.999991834 0.001716821 0.003633185 0.321272820 -0.001726262 0.999995112 0.002596977 -0.454524219 -0.003628708 -0.002603228 0.999990046 15.565082550
0.999987125 0.002110602 0.004606934 0.327339977 -0.002123122 0.999994040 0.002714613 -0.470388442 -0.004601177 -0.002724360 0.999985635 16.003425598
0.999986470 0.002508720 0.004552845 0.341278613 -0.002519335 0.999994099 0.002327183 -0.481312215 -0.004546981 -0.002338623 0.999986887 16.451395035
0.999981761 0.003253096 0.005090056 0.349839866 -0.003263545 0.999992549 0.002045920 -0.490990639 -0.005083362 -0.002062494 0.999984980 16.900096893
0.999980807 0.002852270 0.005498277 0.356845438 -0.002865120 0.999993205 0.002330666 -0.504802585 -0.005491592 -0.002346374 0.999982119 17.348907471
0.999980330 0.002567247 0.005720591 0.366156757 -0.002583589 0.999992549 0.002851199 -0.519500136 -0.005713228 -0.002865922 0.999979556 17.808519363
0.999982476 0.001821349 0.005628889 0.383773148 -0.001833701 0.999995828 0.002189908 -0.527667344 -0.005624877 -0.002200192 0.999981701 18.273386002
0.999970376 0.003699049 0.006752678 0.397272587 -0.003713611 0.999990761 0.002145090 -0.535800457 -0.006744681 -0.002170103 0.999974966 18.762508392
0.999979615 0.002249230 0.005970935 0.404187590 -0.002264693 0.999994099 0.002584204 -0.552470088 -0.005965088 -0.002597674 0.999978840 19.228918076
0.999979854 0.001762999 0.006094176 0.419953108 -0.001777654 0.999995589 0.002400255 -0.565583766 -0.006089917 -0.002411040 0.999978602 19.698652267
0.999977648 0.002207945 0.006307546 0.422930717 -0.002224927 0.999993980 0.002686559 -0.572929025 -0.006301576 -0.002700533 0.999976516 20.209896088
0.999974191 0.002391314 0.006773269 0.447186679 -0.002408725 0.999993801 0.002563501 -0.594137490 -0.006767097 -0.002579749 0.999973774 20.647962570
0.999976635 0.002592432 0.006328348 0.462836415 -0.002607408 0.999993801 0.002359487 -0.605561793 -0.006322192 -0.002375932 0.999977171 21.143623352
0.999980628 0.002307529 0.005782049 0.481979102 -0.002324164 0.999993145 0.002871942 -0.620651007 -0.005775383 -0.002885325 0.999979138 21.659196854
0.999983132 0.002076718 0.005418135 0.495013207 -0.002093026 0.999993324 0.003005919 -0.632189035 -0.005411857 -0.003017209 0.999980807 22.175752640
0.999982357 0.002503491 0.005391579 0.500588655 -0.002520090 0.999992013 0.003073920 -0.650127470 -0.005383840 -0.003087453 0.999980748 22.698377609
0.999986351 0.002381015 0.004645295 0.521942019 -0.002390854 0.999994874 0.002113714 -0.656997561 -0.004640238 -0.002124791 0.999987006 23.222816467
0.999986053 0.002426022 0.004684104 0.516919136 -0.002439748 0.999992728 0.002926947 -0.674982905 -0.004676969 -0.002938334 0.999984741 23.729496002
0.999992073 0.000795672 0.003910362 0.534373045 -0.000804874 0.999996841 0.002352430 -0.689293265 -0.003908479 -0.002355559 0.999989569 24.258676529
0.999992967 0.001713002 0.003334048 0.541973829 -0.001722804 0.999994218 0.002939340 -0.701814115 -0.003328993 -0.002945063 0.999990046 24.804565430
0.999991834 0.002411828 0.003251530 0.543591201 -0.002421692 0.999992490 0.003033445 -0.718564332 -0.003244189 -0.003041296 0.999990106 25.329292297
0.999992549 0.002732084 0.002697544 0.553904891 -0.002740894 0.999991000 0.003268042 -0.734272122 -0.002688591 -0.003275412 0.999991000 25.889921188
0.999990880 0.003387717 0.002583833 0.558944166 -0.003395026 0.999990225 0.002830012 -0.744348466 -0.002574221 -0.002838759 0.999992669 26.441804886
0.999994159 0.002353072 0.002489758 0.570506811 -0.002361028 0.999992073 0.003197370 -0.754017234 -0.002482215 -0.003203229 0.999991775 27.016117096
0.999996066 0.002218714 0.001729847 0.588798940 -0.002224651 0.999991536 0.003437413 -0.773044229 -0.001722206 -0.003441248 0.999992609 27.570051193
0.999986768 0.004542035 0.002425421 0.586592019 -0.004549667 0.999984682 0.003150232 -0.792510092 -0.002411076 -0.003161226 0.999992073 28.109558105
0.999992967 0.003598376 0.001023964 0.624475420 -0.003601424 0.999989092 0.002990690 -0.788316965 -0.001013191 -0.002994357 0.999994993 28.707363129
0.999986708 0.004520653 0.002469836 0.598514795 -0.004529657 0.999983072 0.003651897 -0.825901330 -0.002453286 -0.003663035 0.999990284 29.204454422
0.999991238 0.003888703 0.001551058 0.618307054 -0.003893857 0.999986887 0.003334031 -0.830016017 -0.001538073 -0.003340041 0.999993205 29.761363983
0.999993801 0.003217149 0.001438861 0.625335097 -0.003222744 0.999987185 0.003903575 -0.846314073 -0.001426284 -0.003908188 0.999991298 30.310554504
0.999993742 0.003336857 0.001212712 0.638417482 -0.003341833 0.999985993 0.004124402 -0.860485911 -0.001198932 -0.004128429 0.999990702 30.849958420
0.999989152 0.004425314 0.001467269 0.641938925 -0.004430820 0.999983072 0.003771029 -0.876994312 -0.001450556 -0.003777489 0.999991834 31.431352615
0.999990046 0.004277251 0.001324448 0.652879834 -0.004282354 0.999983311 0.003874470 -0.879791796 -0.001307854 -0.003880103 0.999991655 31.972797394
0.999983609 0.005507817 0.001516755 0.646069169 -0.005513657 0.999977291 0.003873732 -0.906645715 -0.001495384 -0.003882032 0.999991357 32.509700775
0.999981165 0.005917350 0.001643912 0.648165882 -0.005924352 0.999973297 0.004288188 -0.920525312 -0.001618494 -0.004297846 0.999989510 33.057830811
0.999990821 0.004252607 0.000444356 0.681105793 -0.004254375 0.999982715 0.004055318 -0.935041249 -0.000427103 -0.004057173 0.999991596 33.621536255
0.999991655 0.004089966 0.000282747 0.693887830 -0.004091056 0.999983728 0.003962568 -0.947414756 -0.000266535 -0.003963692 0.999992073 34.170619965
0.999990940 0.004261500 0.000100356 0.710338116 -0.004261880 0.999982238 0.004162627 -0.966849327 -0.000082615 -0.004163017 0.999991298 34.735813141
0.999992371 0.003890866 0.000469471 0.717801869 -0.003892719 0.999984384 0.004013817 -0.983471692 -0.000453847 -0.004015613 0.999991894 35.275913239
0.999993443 0.003321006 -0.001414466 0.736142695 -0.003314884 0.999985158 0.004308491 -0.984441459 0.001428754 -0.004303774 0.999989748 35.813987732
0.999993384 0.003560551 -0.000668423 0.755673230 -0.003557812 0.999985456 0.004055116 -1.003661513 0.000682852 -0.004052712 0.999991536 36.376308441
0.999987781 0.004921599 0.000303594 0.737869680 -0.004922642 0.999981642 0.003535941 -1.012606382 -0.000286187 -0.003537394 0.999993682 36.920562744
0.999984980 0.005475482 -0.000083680 0.742322683 -0.005475189 0.999979913 0.003183316 -1.020104408 0.000101109 -0.003182811 0.999994934 37.472644806
0.999986768 0.005128621 0.000363104 0.762940705 -0.005129831 0.999980927 0.003416335 -1.040064692 -0.000345576 -0.003418152 0.999994099 37.983028412
0.999988496 0.004791369 -0.000056599 0.772951782 -0.004791126 0.999981582 0.003715625 -1.054705024 0.000074402 -0.003715310 0.999993086 38.528472900
0.999983430 0.005738587 0.000466106 0.783250093 -0.005740036 0.999978483 0.003168208 -1.058420181 -0.000447915 -0.003170831 0.999994934 39.093704224
0.999987066 0.005065081 -0.000206357 0.809629679 -0.005064408 0.999982238 0.003144745 -1.076446891 0.000222283 -0.003143660 0.999995053 39.624534607
0.999988854 0.004701191 -0.000298588 0.821782529 -0.004700007 0.999981582 0.003847044 -1.093338251 0.000316669 -0.003845598 0.999992609 40.179992676
0.999987245 0.005014983 -0.000609862 0.849375248 -0.005012585 0.999979973 0.003870458 -1.115237236 0.000629260 -0.003867351 0.999992311 40.742813110
0.999989331 0.004492766 -0.001074880 0.861417234 -0.004488569 0.999982476 0.003875824 -1.133209348 0.001092274 -0.003870958 0.999991953 41.286247253
0.999992192 0.003515483 -0.001807419 0.891201913 -0.003508446 0.999986291 0.003881889 -1.147879362 0.001821040 -0.003875518 0.999990821 41.863945007
0.999992073 0.003663228 -0.001545826 0.898346663 -0.003657196 0.999985754 0.003887304 -1.158065557 0.001560043 -0.003881620 0.999991298 42.420936584
0.999993503 0.002876718 -0.002183402 0.915903330 -0.002867822 0.999987602 0.004067201 -1.175763011 0.002195075 -0.004060912 0.999989390 42.948318481
0.999990106 0.004171329 -0.001549477 0.911500573 -0.004165348 0.999983907 0.003843396 -1.189045668 0.001565483 -0.003836904 0.999991417 43.497230530
0.999991834 0.003998040 -0.000544279 0.927484334 -0.003996450 0.999987841 0.002889978 -1.194983244 0.000555828 -0.002887779 0.999995589 44.035648346
0.999991834 0.004012206 -0.000435120 0.935707510 -0.004010795 0.999986887 0.003193029 -1.211080313 0.000447925 -0.003191258 0.999994755 44.573921204
0.999985337 0.005418019 0.000102515 0.927541792 -0.005418305 0.999980748 0.003022614 -1.206730127 -0.000086137 -0.003023125 0.999995351 45.154605865
0.999981344 0.006042223 0.000865619 0.932465911 -0.006044168 0.999979198 0.002262263 -1.218399167 -0.000851932 -0.002267453 0.999997079 45.701728821
0.999981523 0.006004587 0.000964165 0.941730499 -0.006006673 0.999979615 0.002175205 -1.230893016 -0.000951084 -0.002180956 0.999997199 46.245315552
0.999992669 0.003826889 0.000027047 0.975110173 -0.003826958 0.999987125 0.003337575 -1.263914704 -0.000014274 -0.003337654 0.999994457 46.767578125
0.999993026 0.003722904 -0.000307693 0.991728365 -0.003721811 0.999987066 0.003483481 -1.274689078 0.000320658 -0.003482312 0.999993980 47.313930511
0.999994099 0.003315738 -0.000839560 0.998479486 -0.003312602 0.999987662 0.003709158 -1.288130760 0.000851848 -0.003706355 0.999992847 47.881221771
0.999975383 0.006916091 0.001202196 0.976386607 -0.006918771 0.999973655 0.002239900 -1.297532201 -0.001186672 -0.002248163 0.999996781 48.427295685
0.999977946 0.006556824 0.001003676 0.999961972 -0.006559572 0.999974668 0.002758842 -1.317893267 -0.000985560 -0.002765366 0.999995708 48.963893890
0.999974787 0.007034610 0.000981428 1.012338638 -0.007036750 0.999972761 0.002193185 -1.326665878 -0.000965973 -0.002200036 0.999997139 49.515777588
0.999972820 0.007256549 0.001287241 1.017416120 -0.007259676 0.999970794 0.002441917 -1.333404303 -0.001269482 -0.002451195 0.999996185 50.051902771
0.999974549 0.007025663 0.001252286 1.024383545 -0.007028934 0.999971807 0.002625920 -1.351521373 -0.001233801 -0.002634655 0.999995768 50.597717285
0.999969900 0.007615211 0.001474084 1.028778076 -0.007618866 0.999967813 0.002489934 -1.366099119 -0.001455075 -0.002501090 0.999995828 51.133731842
0.999977350 0.006648664 0.001046902 1.055800200 -0.006651266 0.999974668 0.002502945 -1.382519960 -0.001030234 -0.002509852 0.999996305 51.679527283
0.999977350 0.006660112 0.000881949 1.066970348 -0.006662565 0.999973893 0.002804906 -1.394342899 -0.000863244 -0.002810718 0.999995649 52.231563568
0.999972880 0.007244796 0.001322604 1.077253342 -0.007248278 0.999970257 0.002645815 -1.408477664 -0.001303397 -0.002655330 0.999995589 52.766700745
0.999988675 0.004689705 0.000785952 1.115417242 -0.004692012 0.999984622 0.002958636 -1.424271703 -0.000772065 -0.002962290 0.999995232 53.303531647
0.999976277 0.006754981 0.001354001 1.103394032 -0.006758787 0.999973178 0.002827150 -1.436411619 -0.001334868 -0.002836234 0.999995112 53.847095490
0.999973893 0.007077263 0.001553940 1.115501046 -0.007081199 0.999971688 0.002542599 -1.450069189 -0.001535901 -0.002553536 0.999995589 54.382694244
0.999974430 0.006908543 0.001805695 1.119455099 -0.006913586 0.999972165 0.002801614 -1.466061115 -0.001786290 -0.002814026 0.999994457 54.933376312
0.999976933 0.006615259 0.001545008 1.133008003 -0.006619824 0.999973655 0.002968082 -1.480146170 -0.001525332 -0.002978241 0.999994397 55.485961914
0.999975860 0.006765969 0.001558384 1.154852629 -0.006770161 0.999973416 0.002701292 -1.497986794 -0.001540066 -0.002711778 0.999995112 56.080768585
0.999979019 0.006379861 0.001138737 1.187121034 -0.006382968 0.999975979 0.002746253 -1.510381579 -0.001121189 -0.002753464 0.999995589 56.621498108
0.999989390 0.004595579 0.000059843 1.214812398 -0.004595740 0.999985039 0.003010086 -1.528713822 -0.000046008 -0.003010330 0.999995470 57.228977203
0.999975383 0.006854941 0.001508998 1.210841179 -0.006858902 0.999972999 0.002636356 -1.541633010 -0.001490886 -0.002646642 0.999995410 57.722087860
0.999977469 0.006614290 0.001138617 1.226111531 -0.006617388 0.999974370 0.002740720 -1.559768319 -0.001120460 -0.002748193 0.999995649 58.267475128
0.999973357 0.006961107 0.002205284 1.231134772 -0.006966578 0.999972582 0.002482065 -1.578776956 -0.002187945 -0.002497362 0.999994516 58.819869995
0.999975622 0.006838827 0.001417279 1.253304839 -0.006843241 0.999971628 0.003133260 -1.577094316 -0.001395812 -0.003142883 0.999994040 59.381519318
0.999983370 0.005571159 0.001450240 1.264704823 -0.005575046 0.999980867 0.002690262 -1.610571861 -0.001435225 -0.002698303 0.999995291 59.896678925
0.999984086 0.005423116 0.001559055 1.274979472 -0.005427424 0.999981344 0.002772115 -1.623185873 -0.001543992 -0.002780532 0.999994934 60.448993683
0.999982893 0.005664598 0.001456071 1.286234856 -0.005668926 0.999979436 0.002985787 -1.632933736 -0.001439128 -0.002993990 0.999994516 61.009643555
0.999971628 0.007091223 0.002516125 1.293888330 -0.007097705 0.999971449 0.002577307 -1.647911429 -0.002497778 -0.002595093 0.999993443 61.554550171
0.999972165 0.007140519 0.002153714 1.313812971 -0.007145484 0.999971747 0.002307165 -1.647725463 -0.002137179 -0.002322490 0.999994993 62.056213379
0.999975026 0.006763828 0.002046746 1.311083674 -0.006768977 0.999973893 0.002519643 -1.661586046 -0.002029651 -0.002533435 0.999994755 62.562156677
0.999972820 0.006843616 0.002750989 1.326778769 -0.006849844 0.999974012 0.002259976 -1.665212631 -0.002735451 -0.002278758 0.999993622 63.013675690
0.999971330 0.007116102 0.002592475 1.354366660 -0.007121740 0.999972284 0.002172651 -1.679193377 -0.002576942 -0.002191052 0.999994278 63.579990387
0.999963582 0.008007810 0.002959181 1.362584829 -0.008013997 0.999965668 0.002085037 -1.695848823 -0.002942384 -0.002108676 0.999993443 64.129608154
0.999963760 0.007985599 0.002948911 1.365918756 -0.007992140 0.999965549 0.002213043 -1.705703020 -0.002931138 -0.002236531 0.999993205 64.587257385
0.999964952 0.007862464 0.002875845 1.379099131 -0.007869725 0.999965787 0.002521942 -1.718869925 -0.002855918 -0.002544485 0.999992669 65.098869324
0.999976397 0.006491912 0.002236682 1.404776216 -0.006497053 0.999976218 0.002298431 -1.734927654 -0.002221708 -0.002312908 0.999994814 65.604316711
0.999972641 0.007034410 0.002280158 1.415788293 -0.007039617 0.999972641 0.002283935 -1.748019934 -0.002264029 -0.002299923 0.999994814 66.145545959
0.999965012 0.007701825 0.003262566 1.412284017 -0.007708560 0.999968112 0.002056457 -1.752021551 -0.003246624 -0.002081534 0.999992549 66.669670105
0.999975204 0.006525613 0.002616291 1.433823347 -0.006529132 0.999977767 0.001338077 -1.765032172 -0.002607502 -0.001355126 0.999995649 67.214859009
0.999964654 0.007748492 0.003270188 1.431839347 -0.007754876 0.999968052 0.001944108 -1.778501630 -0.003255020 -0.001969399 0.999992728 67.726043701
0.999967635 0.007365678 0.003235240 1.446380973 -0.007371757 0.999971032 0.001871050 -1.794527054 -0.003221365 -0.001894840 0.999993026 68.253921509
0.999961436 0.008054010 0.003527099 1.457786322 -0.008060196 0.999966025 0.001742567 -1.811186194 -0.003512945 -0.001770929 0.999992251 68.752326965
0.999974966 0.006667390 0.002378229 1.498602509 -0.006671912 0.999975920 0.001898777 -1.829629183 -0.002365513 -0.001914597 0.999995291 69.298873901
0.999967158 0.007536581 0.002970413 1.488290787 -0.007541350 0.999970317 0.001597696 -1.841558099 -0.002958283 -0.001620045 0.999994278 69.830627441
0.999965787 0.007474131 0.003559503 1.501233459 -0.007480007 0.999970734 0.001640244 -1.858738780 -0.003547139 -0.001666813 0.999992371 70.371040344
0.999966741 0.007424503 0.003378276 1.494914770 -0.007430512 0.999970853 0.001769640 -1.871377945 -0.003365040 -0.001794684 0.999992728 70.902725220
0.999970317 0.006992959 0.003235336 1.508533835 -0.006997797 0.999974430 0.001486340 -1.882317305 -0.003224860 -0.001508935 0.999993622 71.441360474
0.999973655 0.006642141 0.002899727 1.521297097 -0.006646951 0.999976516 0.001652462 -1.897482157 -0.002888683 -0.001671693 0.999994397 71.964683533
0.999969006 0.007188176 0.003197433 1.530979633 -0.007193640 0.999972701 0.001700727 -1.910727620 -0.003185121 -0.001723676 0.999993443 72.524238586
0.999970794 0.006983554 0.003106057 1.540556669 -0.006988700 0.999974191 0.001648922 -1.926787257 -0.003094461 -0.001670581 0.999993801 73.008224487
0.999972403 0.006878980 0.002788667 1.550430536 -0.006883937 0.999974728 0.001772999 -1.942728519 -0.002776400 -0.001792147 0.999994516 73.543151855
0.999969363 0.007133714 0.003218331 1.558981419 -0.007139211 0.999973059 0.001700031 -1.959064245 -0.003206118 -0.001722955 0.999993384 74.078186035
0.999969661 0.007061432 0.003277212 1.568574429 -0.007066985 0.999973595 0.001686284 -1.968502879 -0.003265217 -0.001709393 0.999993205 74.614440918
0.999966860 0.007345371 0.003509664 1.576739311 -0.007351154 0.999971569 0.001637525 -1.985577583 -0.003497536 -0.001663271 0.999992490 75.147514343
0.999963582 0.007658415 0.003762781 1.594752908 -0.007663676 0.999969661 0.001385621 -1.997339606 -0.003752055 -0.001414408 0.999991953 75.679397583
0.999966145 0.007444575 0.003502553 1.603027582 -0.007449966 0.999971032 0.001529517 -2.011045456 -0.003491065 -0.001555559 0.999992669 76.196861267
0.999967337 0.007216419 0.003645360 1.615839720 -0.007220672 0.999973238 0.001154541 -2.024565458 -0.003636930 -0.001180826 0.999992609 76.731636047
0.999967635 0.007234865 0.003523761 1.626862168 -0.007240352 0.999972582 0.001546796 -2.041171312 -0.003512473 -0.001572259 0.999992609 77.277557373
0.999962449 0.007765193 0.003837581 1.634068489 -0.007771202 0.999968588 0.001553645 -2.054757357 -0.003825396 -0.001583409 0.999991417 77.787788391
0.999963522 0.007466386 0.004133686 1.643360853 -0.007470485 0.999971628 0.000976769 -2.069105387 -0.004126275 -0.001007614 0.999991000 78.317771912
0.999953926 0.008561834 0.004346714 1.651566029 -0.008566338 0.999962807 0.001018655 -2.083293676 -0.004337831 -0.001055844 0.999990046 78.844970703
0.999961972 0.007773999 0.003953591 1.667629004 -0.007778431 0.999969125 0.001107579 -2.098591805 -0.003944859 -0.001138289 0.999991596 79.379470825
0.999962389 0.007630051 0.004113945 1.684056163 -0.007634849 0.999970198 0.001151374 -2.119446993 -0.004105036 -0.001182741 0.999990880 79.900421143
0.999954164 0.008148569 0.005023922 1.696915388 -0.008155636 0.999965787 0.001387801 -2.135252476 -0.005012442 -0.001428710 0.999986351 80.437957764
0.999947906 0.007993373 0.006345809 1.708562016 -0.008001331 0.999967217 0.001229624 -2.151588678 -0.006335772 -0.001280335 0.999979079 80.950668335
0.999942720 0.007941209 0.007173707 1.725875258 -0.007949333 0.999967813 0.001104724 -2.164569855 -0.007164703 -0.001161686 0.999973655 81.489158630
0.999932826 0.008018941 0.008372130 1.741329670 -0.008028293 0.999967158 0.001084018 -2.174542427 -0.008363163 -0.001151159 0.999964356 82.035736084
0.999903083 0.007903191 0.011463108 1.765544176 -0.007916201 0.999968052 0.001089863 -2.187898874 -0.011454131 -0.001180501 0.999933720 82.594085693
0.999849200 0.008101700 0.015358365 1.789915085 -0.008117365 0.999966621 0.000957958 -2.200182199 -0.015350091 -0.001082483 0.999881566 83.105697632
0.999797702 0.008025287 0.018442605 1.811187387 -0.008040833 0.999967396 0.000768973 -2.212509871 -0.018435832 -0.000917112 0.999829590 83.643341064
0.999708235 0.008221303 0.022711949 1.836355567 -0.008246826 0.999965489 0.001030333 -2.227061749 -0.022702696 -0.001217333 0.999741495 84.185714722
0.999558687 0.007977699 0.028613245 1.871697068 -0.007997291 0.999967873 0.000570392 -2.239829063 -0.028607775 -0.000798969 0.999590337 84.721488953
0.999368072 0.008027794 0.034625977 1.900082707 -0.008040587 0.999967635 0.000230174 -2.249783278 -0.034623008 -0.000508441 0.999400318 85.264366150
0.999129474 0.008078292 0.040925995 1.933600187 -0.008114165 0.999966741 0.000710537 -2.266948700 -0.040918883 -0.001041999 0.999161899 85.805839539
0.998757362 0.008403234 0.049122490 1.972663641 -0.008444341 0.999964178 0.000629370 -2.280596733 -0.049115445 -0.001043395 0.998792529 86.358833313
0.998318136 0.008306971 0.057375431 2.027669191 -0.008324738 0.999965370 0.000070643 -2.294769764 -0.057372849 -0.000548159 0.998352647 86.899658203
0.997873783 0.007956590 0.064688779 2.080767393 -0.008011688 0.999967694 0.000592368 -2.309823275 -0.064681977 -0.001109374 0.997905314 87.457374573
0.997264743 0.007209906 0.073559336 2.122288704 -0.007227460 0.999973893 -0.000027572 -2.317718744 -0.073557615 -0.000504151 0.997290969 87.995391846
0.996486902 0.008038504 0.083363101 2.203273773 -0.008097661 0.999967158 0.000371524 -2.336638212 -0.083357379 -0.001045265 0.996519089 88.548042297
0.995736182 0.006119962 0.092043348 2.266851902 -0.006100797 0.999981284 -0.000489587 -2.347990036 -0.092044607 -0.000074038 0.995754898 89.098678589
0.995001972 0.006561535 0.099638678 2.334344387 -0.006558715 0.999978364 -0.000355876 -2.371247053 -0.099638872 -0.000299404 0.995023608 89.635452271
0.993960083 0.006498941 0.109548956 2.421368599 -0.006478685 0.999978840 -0.000540846 -2.385750294 -0.109550156 -0.000172154 0.993981183 90.168663025
0.992729008 0.006502990 0.120194979 2.498725891 -0.006520784 0.999978662 -0.000245292 -2.404128313 -0.120194003 -0.000540256 0.992750287 90.734634399
0.991573453 0.005984080 0.129407182 2.597267151 -0.005933110 0.999982059 -0.000779394 -2.413505316 -0.129409537 0.000005039 0.991591215 91.297500610
0.989964187 0.006017927 0.141190022 2.693053246 -0.005968538 0.999981940 -0.000773278 -2.430338383 -0.141192123 -0.000077180 0.989982128 91.830680847
0.988084316 0.005753857 0.153805807 2.798021317 -0.005681707 0.999983430 -0.000908671 -2.447041035 -0.153808460 0.000023965 0.988100708 92.384307861
0.986353159 0.005323558 0.164557397 2.911436081 -0.005281646 0.999985754 -0.000692255 -2.468145609 -0.164558753 -0.000186326 0.986367285 92.919723511
0.984513104 0.005731502 0.175217256 3.024281502 -0.005693487 0.999983549 -0.000719643 -2.479471207 -0.175218478 -0.000289099 0.984529495 93.479827881
0.982059360 0.005703427 0.188485205 3.144058228 -0.005694282 0.999983668 -0.000590020 -2.498971224 -0.188485444 -0.000493853 0.982075870 94.006980896
0.979745030 0.005321852 0.200177953 3.278326035 -0.005321249 0.999985635 -0.000541062 -2.515711784 -0.200177968 -0.000535094 0.979759336 94.554191589
0.977560163 0.004877253 0.210600063 3.408111572 -0.004903867 0.999987900 -0.000395868 -2.532771111 -0.210599467 -0.000645770 0.977572143 95.086814880
0.974739969 0.004622629 0.223295048 3.557193756 -0.004713178 0.999988854 -0.000127438 -2.553020716 -0.223293141 -0.000928210 0.974750876 95.606704712
0.971495986 0.004846932 0.237006366 3.710975647 -0.004812664 0.999988139 -0.000723147 -2.567354679 -0.237007067 -0.000438098 0.971507847 96.210235596
0.968910038 0.003313073 0.247391164 3.870620728 -0.003273997 0.999994457 -0.000569322 -2.580013990 -0.247391701 -0.000258336 0.968915462 96.724533081
0.965873063 0.003724026 0.258989125 4.039545059 -0.003612780 0.999993026 -0.000905494 -2.599215746 -0.258990675 -0.000061079 0.965879738 97.251800537
0.962243974 0.003883051 0.272160619 4.215764999 -0.003855278 0.999992371 -0.000636769 -2.617338657 -0.272160977 -0.000436527 0.962251544 97.764953613
0.958586216 0.003313456 0.284783334 4.395053864 -0.003176849 0.999994457 -0.000941604 -2.632688284 -0.284784883 -0.000002105 0.958591461 98.307708740
0.955069721 0.003349007 0.296362489 4.579404831 -0.003295158 0.999994278 -0.000681205 -2.648510456 -0.296363086 -0.000325963 0.955075324 98.836494446
0.950623214 0.003862452 0.310323328 4.781597137 -0.003894662 0.999992251 -0.000515803 -2.672401428 -0.310322911 -0.000718270 0.950630903 99.377212524
0.946021378 0.003486958 0.324085534 4.990640640 -0.003333636 0.999993920 -0.001028269 -2.682026863 -0.324087113 -0.000107619 0.946027160 99.901206970
0.941936672 0.003390548 0.335773528 5.199420929 -0.003264382 0.999994278 -0.000940180 -2.691638470 -0.335774750 -0.000210503 0.941942275 100.411582947
0.937254190 0.002297637 0.348639309 5.406366348 -0.002006453 0.999997258 -0.001196292 -2.705640793 -0.348641098 0.000421701 0.937256157 100.910987854
0.932247162 0.001497569 0.361819118 5.628292084 -0.001393505 0.999998868 -0.000548552 -2.733631372 -0.361819446 0.000007189 0.932248175 101.369132996
0.926850975 0.001394624 0.375426799 5.848104477 -0.001305467 0.999999046 -0.000491840 -2.780212641 -0.375427127 -0.000034245 0.926851928 101.981262207
0.922043741 0.000729824 0.387085229 6.039037704 -0.000942210 0.999999404 0.000358926 -2.828457117 -0.387084693 -0.000695661 0.922043920 102.384994507
0.916011035 0.000505268 0.401152790 6.342468262 -0.000368429 0.999999762 -0.000418250 -2.809018135 -0.401152909 0.000235325 0.916010976 103.029396057
0.910230458 -0.000015896 0.414102197 6.596687317 0.000276310 0.999999762 -0.000568965 -2.816418886 -0.414102077 0.000632310 0.910230160 103.520645142
0.905130148 -0.000034524 0.425134569 6.863452911 0.000470832 0.999999404 -0.000921213 -2.838604212 -0.425134331 0.001033985 0.905129671 104.057533264
0.899176598 0.000212050 0.437585860 7.125736237 -0.000041825 0.999999881 -0.000398644 -2.849798679 -0.437585920 0.000340149 0.899176538 104.550773621
0.892574191 -0.000155775 0.450900435 7.393306732 0.000334228 0.999999821 -0.000316142 -2.869804382 -0.450900376 0.000432884 0.892574191 105.027847290
0.886445343 -0.000460931 0.462833226 7.684707642 0.000897136 0.999999285 -0.000722357 -2.899502993 -0.462832719 0.001055554 0.886445045 105.544784546
0.880738676 -0.000873543 0.473601699 7.968166351 0.001143381 0.999999225 -0.000281834 -2.909924746 -0.473601162 0.000789729 0.880739152 106.016456604
0.873370826 -0.002738808 0.487048328 8.288814545 0.003385760 0.999994159 -0.000448067 -2.938091516 -0.487044334 0.002040357 0.873374879 106.569976807
