1.000000000 0.000000000 0.000000000 0.000000000 0.000000000 1.000000000 0.000000000 0.000000000 0.000000000 0.000000000 1.000000000 0.000000000
0.999999940 0.000182891 0.000166307 -0.001282022 -0.000182885 1.000000000 -0.000038067 -0.000504132 -0.000166314 0.000038037 1.000000000 0.000992221
1.000000000 0.000094407 -0.000015287 0.007518955 -0.000094406 1.000000000 0.000037200 -0.000136064 0.000015290 -0.000037198 1.000000000 -0.004347770
1.000000000 -0.000027998 0.000031044 0.001462010 0.000027999 1.000000000 -0.000020488 0.000207166 -0.000031043 0.000020489 1.000000000 0.000087041
1.000000000 0.000109377 0.000175761 -0.002392606 -0.000109362 1.000000000 -0.000083830 0.002295642 -0.000175770 0.000083811 1.000000000 0.001772886
1.000000000 -0.000015942 0.000002811 -0.000295420 0.000015942 1.000000000 0.000032526 0.001683987 -0.000002812 -0.000032526 1.000000000 -0.002076676
1.000000000 0.000068511 0.000124547 -0.004476961 -0.000068510 1.000000000 -0.000010473 0.002691493 -0.000124548 0.000010465 1.000000000 0.000629500
1.000000000 0.000150846 0.000052016 0.000193382 -0.000150846 1.000000000 -0.000008028 -0.000832524 -0.000052017 0.000008020 1.000000000 -0.004461136
1.000000000 0.000110845 0.000087046 0.001244412 -0.000110841 1.000000000 -0.000040027 -0.000335333 -0.000087050 0.000040017 1.000000000 -0.002454967
1.000000000 0.000190344 0.000088653 0.001096308 -0.000190346 1.000000000 0.000020037 0.001749214 -0.000088650 -0.000020054 1.000000000 -0.009320642
1.000000000 -0.000060229 0.000046119 0.000270865 0.000060233 1.000000000 -0.000078119 -0.000589797 -0.000046115 0.000078121 1.000000000 0.001475247
1.000000000 0.000025674 0.000130804 -0.005708114 -0.000025656 1.000000000 -0.000135626 0.001683103 -0.000130807 0.000135623 1.000000000 0.002135364
1.000000000 0.000120943 0.000209162 -0.003616125 -0.000120932 1.000000000 -0.000055793 0.001687280 -0.000209168 0.000055768 1.000000000 0.002278936
1.000000000 -0.000223006 -0.000006029 -0.002050170 0.000223006 0.999999940 0.000130571 0.001252448 0.000005999 -0.000130572 1.000000000 -0.005877639
0.999999940 -0.000302817 -0.000014247 -0.000933690 0.000302818 0.999999940 0.000045971 -0.001082484 0.000014233 -0.000045975 1.000000000 -0.002919317
1.000000000 -0.000122163 0.000090256 -0.000791224 0.000122166 1.000000000 -0.000034917 -0.000950491 -0.000090252 0.000034928 1.000000000 -0.002019602
1.000000000 0.000159511 0.000108437 -0.000734238 -0.000159520 1.000000000 0.000078256 -0.001544019 -0.000108425 -0.000078274 1.000000000 -0.014991284
1.000000000 -0.000171175 0.000016314 -0.000158723 0.000171176 1.000000000 -0.000061454 0.000705005 -0.000016303 0.000061457 1.000000000 -0.003675332
1.000000000 -0.000022799 0.000029727 -0.000406403 0.000022801 1.000000000 -0.000053919 -0.000333394 -0.000029726 0.000053920 1.000000000 -0.010519636
1.000000000 -0.000082871 0.000026669 -0.000299156 0.000082872 1.000000000 -0.000038527 0.000154036 -0.000026666 0.000038529 1.000000000 -0.007261974
1.000000000 0.000052202 0.000208747 -0.003605738 -0.000052200 1.000000000 -0.000012244 -0.001400276 -0.000208747 0.000012233 1.000000000 -0.003500201
1.000000000 -0.000097732 0.000086623 0.000483129 0.000097733 1.000000000 -0.000012640 -0.000582970 -0.000086622 0.000012648 1.000000000 -0.007358413
1.000000000 -0.000182292 0.000047760 -0.000755183 0.000182286 1.000000000 0.000116917 -0.001332754 -0.000047781 -0.000116908 1.000000000 -0.008871776
1.000000000 0.000037052 -0.000048407 0.006062741 -0.000037049 1.000000000 0.000064436 -0.001594891 0.000048410 -0.000064434 1.000000000 -0.013503239
1.000000000 -0.000091856 0.000057051 0.000731153 0.000091853 1.000000000 0.000050429 -0.001268371 -0.000057055 -0.000050424 1.000000000 -0.007498094
1.000000000 0.000157400 0.000184578 -0.005066181 -0.000157387 1.000000000 -0.000072094 0.000186924 -0.000184589 0.000072065 1.000000000 -0.007033149
1.000000000 0.000018540 0.000140312 -0.005868571 -0.000018555 1.000000000 0.000109570 -0.000207867 -0.000140310 -0.000109572 1.000000000 -0.006239219
1.000000000 -0.000236643 0.000014008 -0.005327886 0.000236642 1.000000000 0.000019220 0.002453529 -0.000014012 -0.000019217 1.000000000 -0.008298259
1.000000000 -0.000199662 -0.000040989 0.000081596 0.000199664 1.000000000 0.000053379 -0.001821424 0.000040978 -0.000053387 1.000000000 -0.002727648
1.000000000 -0.000049777 0.000125032 -0.003208450 0.000049780 1.000000000 -0.000025846 0.001639442 -0.000125031 0.000025852 1.000000000 -0.001421393
1.000000000 -0.000169890 0.000119299 -0.003702867 0.000169879 1.000000000 0.000086717 -0.000245903 -0.000119314 -0.000086697 1.000000000 -0.005174468
1.000000000 -0.000198456 -0.000013893 0.000658369 0.000198456 1.000000000 0.000011765 -0.000329200 0.000013891 -0.000011768 1.000000000 -0.006751930
1.000000000 -0.000026919 0.000022920 -0.003313878 0.000026921 1.000000000 -0.000075643 0.000727375 -0.000022918 0.000075644 1.000000000 -0.004233144
1.000000000 0.000028754 0.000000249 -0.000970973 -0.000028754 1.000000000 -0.000151261 0.005597588 -0.000000253 0.000151261 1.000000000 0.000980026
1.000000000 -0.000172260 -0.000022233 -0.003036257 0.000172258 1.000000000 -0.000123462 0.001814472 0.000022254 0.000123459 1.000000000 -0.006815579
0.999999940 -0.000279257 -0.000130383 -0.000490902 0.000279249 0.999999940 -0.000059110 -0.000722971 0.000130400 0.000059074 1.000000000 -0.005591948
1.000000000 -0.000171423 0.000068110 -0.001854790 0.000171418 1.000000000 0.000073705 -0.001180168 -0.000068123 -0.000073693 1.000000000 -0.002915936
1.000000000 0.000059039 0.000079129 -0.003073906 -0.000059050 1.000000000 0.000138899 -0.001929751 -0.000079121 -0.000138903 1.000000000 -0.008094164
0.999999940 -0.000281416 -0.000100576 0.000198464 0.000281423 0.999999940 0.000066295 -0.002940185 0.000100557 -0.000066323 1.000000000 -0.001548885
1.000000000 0.000068653 0.000067351 -0.000009198 -0.000068605 0.999999762 -0.000720171 -0.003689392 -0.000067401 0.000720167 0.999999762 0.049102467
1.000000000 0.000059682 -0.000078968 0.005217981 -0.000059788 0.999999106 -0.001349497 -0.002693357 0.000078888 0.001349501 0.999999106 0.143942028
1.000000000 -0.000052188 -0.000207642 0.008317803 0.000051898 0.999999046 -0.001398703 -0.011296189 0.000207715 0.001398692 0.999998987 0.260262579
1.000000000 -0.000040709 0.000035252 0.003494563 0.000040752 0.999999225 -0.001224155 -0.017210482 -0.000035202 0.001224157 0.999999225 0.384510130
1.000000000 0.000005737 -0.000199965 0.007597520 -0.000005991 0.999999166 -0.001271252 -0.017682021 0.000199957 0.001271253 0.999999166 0.530218184
0.999999940 0.000386500 0.000164135 0.007490053 -0.000386265 0.999998927 -0.001426636 -0.023911249 -0.000164686 0.001426572 0.999998987 0.681098402
1.000000000 -0.000197392 0.000058967 0.025499932 0.000197442 0.999999642 -0.000848987 -0.027314406 -0.000058800 0.000848999 0.999999642 0.864114821
1.000000000 0.000203138 0.000105855 0.017678019 -0.000203063 0.999999702 -0.000711450 -0.030710183 -0.000106000 0.000711428 0.999999762 1.036155701
1.000000000 -0.000060018 0.000200702 0.023234284 0.000060182 0.999999642 -0.000816729 -0.038440369 -0.000200653 0.000816741 0.999999642 1.229394317
0.999999821 -0.000317779 -0.000488079 0.053135522 0.000317436 0.999999702 -0.000703374 -0.045056112 0.000488303 0.000703219 0.999999642 1.443923473
0.999999821 -0.000038655 -0.000612509 0.050949529 0.000038269 0.999999821 -0.000630113 -0.048673868 0.000612533 0.000630090 0.999999642 1.656279206
0.999999702 -0.000792948 0.000069052 0.047260251 0.000792963 0.999999642 -0.000219684 -0.064854428 -0.000068878 0.000219739 1.000000000 1.844098210
0.999998808 -0.000237507 0.001523673 0.022394300 0.000237061 0.999999940 0.000292956 -0.064989768 -0.001523743 -0.000292594 0.999998748 1.909327269
0.999998569 -0.000194669 0.001675252 0.027519103 0.000194318 0.999999940 0.000209805 -0.071719334 -0.001675292 -0.000209479 0.999998629 2.135864496
0.999998391 0.000366111 0.001749228 0.029479936 -0.000366384 0.999999881 0.000155457 -0.075670831 -0.001749171 -0.000156098 0.999998450 2.343527317
0.999998331 0.000599264 0.001763188 0.037649311 -0.000599583 0.999999881 0.000180598 -0.086076990 -0.001763080 -0.000181655 0.999998450 2.565646648
0.999997318 0.000619942 0.002218128 0.036223195 -0.000620784 0.999999762 0.000379087 -0.089474835 -0.002217893 -0.000380463 0.999997497 2.806208134
0.999997556 0.000870041 0.002043060 0.041853946 -0.000871073 0.999999523 0.000504205 -0.096988499 -0.002042620 -0.000505983 0.999997795 3.029402733
0.999997556 0.000702790 0.002110069 0.046684165 -0.000703552 0.999999702 0.000360455 -0.103568934 -0.002109815 -0.000361939 0.999997735 3.275190115
0.999997437 0.000770859 0.002129110 0.049007677 -0.000772179 0.999999464 0.000619491 -0.113702253 -0.002128631 -0.000621133 0.999997556 3.526826382
0.999997258 0.001384669 0.001868181 0.072155826 -0.001385596 0.999998868 0.000494966 -0.110399120 -0.001867493 -0.000497553 0.999998152 3.791807175
0.999998629 0.000072907 0.001599523 0.076314576 -0.000074131 0.999999702 0.000765632 -0.139439076 -0.001599467 -0.000765749 0.999998450 4.042152405
0.999998152 0.000498321 0.001788812 0.078764580 -0.000500605 0.999999046 0.001276506 -0.149668604 -0.001788175 -0.001277400 0.999997556 4.293014526
0.999998331 0.000206659 0.001773480 0.088833146 -0.000208588 0.999999404 0.001087536 -0.153820813 -0.001773254 -0.001087904 0.999997854 4.559744358
0.999998569 0.000366559 0.001627758 0.098915026 -0.000368595 0.999999225 0.001250925 -0.165346101 -0.001627298 -0.001251524 0.999997914 4.815437317
0.999998689 0.000072314 0.001619233 0.094164670 -0.000074719 0.999998808 0.001485193 -0.174575299 -0.001619124 -0.001485312 0.999997616 5.073176384
0.999998987 -0.000292339 0.001408374 0.100046188 0.000289716 0.999998152 0.001862102 -0.187298536 -0.001408916 -0.001861692 0.999997258 5.336505890
0.999997735 0.000659358 0.002016325 0.087119766 -0.000662390 0.999998629 0.001503597 -0.192653835 -0.002015331 -0.001504930 0.999996841 5.575179577
0.999997258 0.001276534 0.002005287 0.097595654 -0.001279912 0.999997675 0.001684229 -0.208314627 -0.002003132 -0.001686790 0.999996603 5.862097263
0.999998748 -0.000215576 0.001564157 0.125238433 0.000212660 0.999998271 0.001864093 -0.208038867 -0.001564556 -0.001863758 0.999997020 6.132875443
0.999999285 -0.000635969 0.001029882 0.132496357 0.000634471 0.999998689 0.001454966 -0.215921998 -0.001030807 -0.001454311 0.999998391 6.487592697
0.999998748 -0.000039990 0.001542392 0.129301369 0.000038172 0.999999285 0.001178416 -0.222083971 -0.001542439 -0.001178355 0.999998093 6.778793335
0.999999285 -0.000446984 0.001118234 0.143435493 0.000445703 0.999999285 0.001145566 -0.223749533 -0.001118745 -0.001145067 0.999998689 7.077022552
0.999999344 -0.000795136 0.000861462 0.160363704 0.000793828 0.999998510 0.001518069 -0.241507307 -0.000862668 -0.001517384 0.999998450 7.375790119
0.999998987 0.000161856 0.001450994 0.158079714 -0.000163489 0.999999344 0.001125671 -0.249941602 -0.001450810 -0.001125907 0.999998331 7.692784309
0.999999404 0.000032221 0.001145283 0.185740873 -0.000033947 0.999998927 0.001507214 -0.265371382 -0.001145233 -0.001507251 0.999998152 8.007149696
0.999998689 -0.001063334 0.001223417 0.147216752 0.001061551 0.999998391 0.001457745 -0.277514964 -0.001224965 -0.001456445 0.999998212 8.404714584
0.999998987 -0.001213397 0.000745768 0.163929418 0.001212114 0.999997795 0.001719093 -0.289810628 -0.000747852 -0.001718187 0.999998212 8.725835800
0.999998748 -0.000996352 0.001221750 0.158137470 0.000994902 0.999998808 0.001187429 -0.289940923 -0.001222932 -0.001186212 0.999998569 9.079991341
0.999998629 -0.000739934 0.001500169 0.158222944 0.000737308 0.999998212 0.001749854 -0.305916101 -0.001501461 -0.001748745 0.999997318 9.433057785
0.999996603 -0.002523375 0.000695802 0.187510639 0.002521777 0.999994218 0.002287948 -0.321258932 -0.000701571 -0.002286185 0.999997199 9.772330284
0.999998629 -0.000574933 0.001552500 0.171188116 0.000571531 0.999997497 0.002190863 -0.324428260 -0.001553756 -0.002189973 0.999996364 10.121464729
0.999998331 -0.001660113 0.000722242 0.174145624 0.001658772 0.999996901 0.001852446 -0.353303492 -0.000725316 -0.001851245 0.999998033 10.591767311
0.999997735 -0.001939373 0.000912953 0.180431157 0.001937308 0.999995530 0.002258295 -0.365420848 -0.000917329 -0.002256521 0.999997020 10.951753616
0.999997735 -0.001824859 0.001046460 0.179230586 0.001822968 0.999996603 0.001805812 -0.370681107 -0.001049753 -0.001803900 0.999997854 11.322573662
0.999995947 -0.002773465 0.000677800 0.194272801 0.002771705 0.999992728 0.002583937 -0.388140053 -0.000684962 -0.002582048 0.999996483 11.699874878
0.999995947 -0.002726485 0.000824270 0.219848350 0.002724522 0.999993443 0.002372924 -0.392433345 -0.000830734 -0.002370669 0.999996901 12.083590508
0.999994636 -0.003268346 0.000335275 0.224436328 0.003267437 0.999991000 0.002675369 -0.404011071 -0.000344016 -0.002674259 0.999996364 12.487427711
0.999997139 -0.002163817 0.001044363 0.212821677 0.002160873 0.999993682 0.002812122 -0.445315272 -0.001050442 -0.002809857 0.999995530 13.005656242
0.999996483 -0.002467881 0.001007335 0.226720884 0.002465031 0.999992967 0.002821021 -0.448552161 -0.001014289 -0.002818528 0.999995530 13.405779839
0.999997616 -0.002095056 0.000700533 0.237820655 0.002093157 0.999994099 0.002699610 -0.465406746 -0.000706185 -0.002698137 0.999996126 13.803371429
0.999997795 -0.001260655 0.001701316 0.247549385 0.001255370 0.999994457 0.003103772 -0.475313783 -0.001705219 -0.003101629 0.999993801 14.238525391
0.999997616 -0.000554346 0.002106066 0.241676897 0.000546507 0.999992907 0.003720691 -0.500771582 -0.002108114 -0.003719532 0.999990940 14.644507408
0.999993920 -0.003377304 0.000913324 0.272629440 0.003373801 0.999987066 0.003810368 -0.524740338 -0.000926181 -0.003807263 0.999992311 15.076170921
0.999995828 -0.002511344 0.001426306 0.243512660 0.002505547 0.999988616 0.004051755 -0.541858315 -0.001436465 -0.004048164 0.999990761 15.569607735
0.999994099 -0.003024463 0.001615902 0.258108914 0.003018088 0.999987662 0.003933359 -0.552788973 -0.001627779 -0.003928460 0.999990940 15.994858742
0.999994576 -0.002097303 0.002530578 0.259696364 0.002086206 0.999988258 0.004379497 -0.566997230 -0.002539733 -0.004374194 0.999987185 16.448831558
0.999993801 -0.002707336 0.002257454 0.278672487 0.002696518 0.999984980 0.004781464 -0.580577374 -0.002270364 -0.004775346 0.999986053 16.886798859
0.999994814 -0.002203998 0.002355369 0.279945970 0.002193867 0.999988437 0.004294870 -0.581608355 -0.002364808 -0.004289680 0.999987960 17.338266373
0.999992371 -0.002443101 0.003062339 0.295625687 0.002428487 0.999985754 0.004766729 -0.609254479 -0.003073940 -0.004759256 0.999983907 17.744951248
0.999992788 -0.002658951 0.002704136 0.304684579 0.002646390 0.999985874 0.004637817 -0.637300134 -0.002716429 -0.004630629 0.999985516 18.369697571
0.999991298 -0.002810900 0.003080460 0.313364357 0.002797720 0.999986947 0.004274689 -0.646307647 -0.003092435 -0.004266033 0.999986112 18.839773178
0.999989927 -0.002930031 0.003379779 0.330729783 0.002914230 0.999984920 0.004670505 -0.658036888 -0.003393413 -0.004660609 0.999983370 19.310573578
0.999990165 -0.002713912 0.003498755 0.350932121 0.002696070 0.999983430 0.005094167 -0.678598344 -0.003512522 -0.005084684 0.999980867 19.804630280
0.999989808 -0.000836893 0.004426424 0.342132360 0.000816028 0.999988556 0.004713188 -0.682636738 -0.004430319 -0.004709529 0.999979079 20.231813431
0.999990821 -0.002700034 0.003316149 0.357133090 0.002683601 0.999984145 0.004949625 -0.694024205 -0.003329460 -0.004940681 0.999982178 20.858753204
0.999991775 -0.002114778 0.003443989 0.356634349 0.002099466 0.999987841 0.004443608 -0.701890647 -0.003453345 -0.004436341 0.999984205 21.365730286
0.999991357 -0.001776934 0.003766835 0.359944940 0.001757251 0.999984801 0.005222187 -0.725434840 -0.003776058 -0.005215522 0.999979258 21.864555359
0.999991715 -0.003291143 0.002400880 0.388456225 0.003278633 0.999981105 0.005196051 -0.749123514 -0.002417936 -0.005188136 0.999983609 22.376869202
0.999993980 -0.002255936 0.002637437 0.379236042 0.002241433 0.999982417 0.005489049 -0.760759711 -0.002649774 -0.005483105 0.999981463 22.863502502
0.999988735 -0.004273264 0.002031060 0.379835099 0.004260373 0.999970973 0.006309326 -0.799989164 -0.002057962 -0.006300603 0.999978006 23.352418900
0.999989092 -0.004338055 0.001723353 0.376101583 0.004327627 0.999972522 0.006009270 -0.808584809 -0.001749374 -0.006001746 0.999980450 23.872356415
0.999989569 -0.004463538 0.001017571 0.388860136 0.004457286 0.999971628 0.006065688 -0.821039498 -0.001044617 -0.006061087 0.999980986 24.409055710
0.999981880 -0.006004930 -0.000246118 0.408896476 0.006006269 0.999964774 0.005859395 -0.835238099 0.000210925 -0.005860767 0.999982715 24.914340973
0.999984920 -0.005446428 -0.000662448 0.419109225 0.005450446 0.999965727 0.006221927 -0.844005883 0.000628538 -0.006225443 0.999980390 25.433567047
0.999988317 -0.004665009 -0.001289934 0.442931890 0.004673274 0.999968052 0.006480278 -0.857928991 0.001259662 -0.006486230 0.999978185 25.979545593
0.999989152 -0.004382842 -0.001573203 0.406926155 0.004393218 0.999968231 0.006653958 -0.888491511 0.001543990 -0.006660798 0.999976635 26.464653015
0.999980152 -0.005765939 -0.002534572 0.421074331 0.005783080 0.999960065 0.006808162 -0.903750420 0.002495216 -0.006822684 0.999973595 27.013675690
0.999970078 -0.007026745 -0.003236779 0.445841134 0.007050593 0.999947667 0.007416340 -0.900830626 0.003184496 -0.007438940 0.999967217 27.586387634
0.999977708 -0.005864416 -0.003212860 0.451325685 0.005889490 0.999951839 0.007851051 -0.943274260 0.003166663 -0.007869799 0.999963999 28.163291931
0.999982119 -0.004903594 -0.003411776 0.438392013 0.004930239 0.999957085 0.007845826 -0.969353199 0.003373156 -0.007862508 0.999963343 28.587396622
0.999983132 -0.004524470 -0.003641899 0.440720499 0.004553321 0.999958038 0.007953144 -0.979480863 0.003605762 -0.007969592 0.999961793 29.143640518
0.999982893 -0.004636590 -0.003572883 0.441476077 0.004666134 0.999954641 0.008305567 -0.997992039 0.003534211 -0.008322097 0.999959111 29.717628479
0.999981880 -0.004864189 -0.003548794 0.444373250 0.004893481 0.999953687 0.008292742 -1.010808825 0.003508292 -0.008309958 0.999959350 30.282688141
0.999975920 -0.005036353 -0.004776325 0.446069509 0.005074096 0.999955714 0.007923370 -1.011638522 0.004736209 -0.007947414 0.999957204 30.648015976
0.999977231 -0.004745235 -0.004789947 0.460429370 0.004784114 0.999955475 0.008138573 -1.030911684 0.004751114 -0.008161304 0.999955416 31.180715561
0.999970496 -0.005436758 -0.005437117 0.495398968 0.005488110 0.999939978 0.009474965 -1.066633105 0.005385278 -0.009504523 0.999940336 31.719060898
0.999970913 -0.005135401 -0.005643645 0.473193288 0.005186754 0.999944866 0.009122645 -1.084225059 0.005596485 -0.009151651 0.999942422 32.219581604
0.999967456 -0.005327709 -0.006060050 0.485634625 0.005381564 0.999945819 0.008905509 -1.095103025 0.006012275 -0.008937832 0.999941945 32.755455017
0.999965727 -0.005641954 -0.006070679 0.489318788 0.005692814 0.999948561 0.008393589 -1.090945721 0.006023010 -0.008427861 0.999946356 33.276401520
0.999970853 -0.004849178 -0.005895764 0.472894132 0.004899873 0.999950886 0.008614680 -1.119618177 0.005853701 -0.008643318 0.999945521 33.753803253
0.999969780 -0.004853865 -0.006075880 0.473652750 0.004905522 0.999951720 0.008516159 -1.129177809 0.006034250 -0.008545709 0.999945283 34.324405670
0.999970555 -0.004583895 -0.006162445 0.487655938 0.004636342 0.999952912 0.008523729 -1.141045809 0.006123082 -0.008552048 0.999944687 34.873840332
0.999959528 -0.005754879 -0.006908544 0.508255720 0.005820151 0.999938250 0.009465423 -1.162252545 0.006853645 -0.009505252 0.999931335 35.389446259
0.999960661 -0.005402244 -0.007052232 0.502213061 0.005469381 0.999939561 0.009535576 -1.179618955 0.007000293 -0.009573773 0.999929667 35.818805695
0.999961257 -0.005301311 -0.007026170 0.497901291 0.005366175 0.999942780 0.009245167 -1.191357732 0.006976758 -0.009282513 0.999932647 36.380378723
0.999959350 -0.005124030 -0.007432710 0.513176858 0.005190250 0.999946773 0.008917435 -1.187907338 0.007386622 -0.008955651 0.999932647 36.940364838
0.999964893 -0.004650331 -0.006964946 0.505497098 0.004715032 0.999945581 0.009302185 -1.207058668 0.006921309 -0.009334700 0.999932528 37.428585052
0.999964058 -0.004735987 -0.007037824 0.524203300 0.004798541 0.999948859 0.008898006 -1.221092939 0.006995324 -0.008931457 0.999935687 38.000934601
0.999962986 -0.004782835 -0.007147727 0.507399321 0.004853458 0.999939263 0.009896025 -1.258534670 0.007099961 -0.009930351 0.999925494 38.399448395
0.999958277 -0.005467010 -0.007314489 0.503971517 0.005538336 0.999936879 0.009766879 -1.277391195 0.007260632 -0.009806981 0.999925554 38.938175201
0.999958158 -0.005373797 -0.007403601 0.507573426 0.005447203 0.999935865 0.009930579 -1.279108644 0.007349761 -0.009970493 0.999923289 39.444309235
0.999959171 -0.005439565 -0.007217421 0.505447507 0.005512044 0.999934196 0.010060657 -1.277061343 0.007162221 -0.010100028 0.999923289 39.978828430
0.999956608 -0.005454666 -0.007573086 0.534294307 0.005524375 0.999942303 0.009214462 -1.283238411 0.007522386 -0.009255898 0.999928832 40.575778961
0.999951959 -0.006063049 -0.007690376 0.534225225 0.006152308 0.999913394 0.011636516 -1.348838210 0.007619157 -0.011683273 0.999902666 40.972934723
0.999958515 -0.005135048 -0.007520771 0.544645488 0.005221169 0.999920487 0.011476567 -1.347611904 0.007461241 -0.011515358 0.999905825 41.517581940
0.999951661 -0.005842517 -0.007896390 0.557104468 0.005934487 0.999914289 0.011674221 -1.359959006 0.007827505 -0.011720520 0.999900639 42.063198090
0.999954998 -0.005181239 -0.007941591 0.573483586 0.005271293 0.999921620 0.011360937 -1.359679937 0.007882104 -0.011402290 0.999903917 42.613300323
0.999942362 -0.006121821 -0.008826998 0.591353536 0.006215469 0.999924362 0.010621032 -1.355594873 0.008761308 -0.010675285 0.999904633 43.189548492
0.999959588 -0.004219598 -0.007932629 0.587385893 0.004302938 0.999935448 0.010518445 -1.375626802 0.007887734 -0.010552154 0.999913216 43.732509613
0.999961436 -0.003188692 -0.008175557 0.621150017 0.003263145 0.999953210 0.009109722 -1.331251860 0.008146126 -0.009136050 0.999925077 44.280319214
0.999961436 -0.004310127 -0.007653837 0.576945126 0.004389839 0.999935985 0.010428611 -1.381514311 0.007608400 -0.010461808 0.999916315 44.584140778
0.999957025 -0.004952538 -0.007836617 0.579672813 0.005035916 0.999930620 0.010655973 -1.400698304 0.007783298 -0.010694981 0.999912500 45.125576019
0.999950945 -0.005557101 -0.008205720 0.596017241 0.005648566 0.999921739 0.011165679 -1.405066490 0.008143028 -0.011211481 0.999904037 45.660720825
0.999953985 -0.005208557 -0.008066380 0.597498834 0.005300610 0.999920607 0.011432808 -1.423004627 0.008006191 -0.011475038 0.999902070 46.177288055
0.999962866 -0.004582323 -0.007301486 0.562046409 0.004663106 0.999927759 0.011085601 -1.429452896 0.007250160 -0.011119238 0.999911904 46.767833710
0.999957979 -0.004679317 -0.007875483 0.578989387 0.004772015 0.999919057 0.011793189 -1.487293720 0.007819665 -0.011830274 0.999899447 47.161598206
0.999961376 -0.004422910 -0.007596940 0.581019282 0.004508694 0.999925852 0.011312318 -1.491436005 0.007546344 -0.011346133 0.999907136 47.704826355
0.999961317 -0.004881361 -0.007317072 0.584714830 0.004960999 0.999928176 0.010905557 -1.498644114 0.007263313 -0.010941438 0.999913752 48.258644104
0.999972701 -0.003428756 -0.006547569 0.583485723 0.003499651 0.999935031 0.010847095 -1.507580042 0.006509953 -0.010869714 0.999919713 48.796714783
0.999967694 -0.003432354 -0.007271238 0.618599772 0.003513782 0.999930918 0.011215596 -1.518451452 0.007232239 -0.011240785 0.999910653 49.346805573
0.999963820 -0.004256990 -0.007366913 0.604373515 0.004346457 0.999916494 0.012171330 -1.537127614 0.007314484 -0.012202907 0.999898791 49.629978180
0.999975681 -0.002450125 -0.006530692 0.600279629 0.002529863 0.999922097 0.012229560 -1.539186478 0.006500219 -0.012245784 0.999903858 50.198993683
0.999968767 -0.003555418 -0.007064180 0.619131982 0.003634636 0.999930322 0.011233037 -1.542230129 0.007023749 -0.011258362 0.999911904 50.738521576
0.999969006 -0.003117161 -0.007244507 0.623173416 0.003201105 0.999927461 0.011604689 -1.548752546 0.007207809 -0.011627519 0.999906421 51.270931244
0.999966085 -0.003549577 -0.007421179 0.619939089 0.003641816 0.999915779 0.012452688 -1.578781009 0.007376353 -0.012479292 0.999894917 51.634433746
0.999967754 -0.003746604 -0.007100499 0.632484615 0.003833623 0.999917209 0.012281652 -1.579250813 0.007053897 -0.012308475 0.999899387 52.183975220
0.999969542 -0.003790386 -0.006821735 0.616969943 0.003869301 0.999925256 0.011592377 -1.587615132 0.006777287 -0.011618420 0.999909520 52.730789185
0.999969184 -0.004090299 -0.006690250 0.609854817 0.004171449 0.999917328 0.012160894 -1.617878914 0.006639955 -0.012188428 0.999903679 53.262798309
0.999975324 -0.003137355 -0.006283339 0.597113848 0.003210457 0.999926925 0.011658143 -1.607890368 0.006246305 -0.011678026 0.999912322 53.776378632
0.999968410 -0.003303089 -0.007220257 0.618048310 0.003394726 0.999913394 0.012716503 -1.612287283 0.007177629 -0.012740612 0.999893069 54.145130157
0.999967277 -0.003174053 -0.007434351 0.632074356 0.003268095 0.999914289 0.012671952 -1.615622640 0.007393493 -0.012695834 0.999892116 54.692573547
0.999973297 -0.002643176 -0.006805442 0.616788447 0.002725799 0.999922395 0.012160195 -1.628279209 0.006772771 -0.012178420 0.999902904 55.234043121
0.999970138 -0.003137300 -0.007055679 0.656935155 0.003218559 0.999928355 0.011535097 -1.615230322 0.007018985 -0.011557462 0.999908566 55.754184723
0.999966204 -0.003405590 -0.007479838 0.682049036 0.003490663 0.999929070 0.011390069 -1.618762016 0.007440516 -0.011415793 0.999907136 56.302639008
0.999967277 -0.003575197 -0.007252316 0.644305229 0.003664047 0.999917924 0.012275233 -1.643145323 0.007207836 -0.012301402 0.999898374 56.478290558
0.999966264 -0.004168219 -0.007079249 0.653268814 0.004251252 0.999921799 0.011754883 -1.649227619 0.007029700 -0.011784581 0.999905884 57.026275635
0.999967158 -0.004092643 -0.006991764 0.660549343 0.004175238 0.999921203 0.011839868 -1.652243137 0.006942757 -0.011868672 0.999905467 57.568946838
0.999972105 -0.003209083 -0.006747338 0.672198296 0.003285332 0.999930501 0.011319973 -1.659193277 0.006710542 -0.011341822 0.999913216 58.094547272
0.999968350 -0.003959442 -0.006908427 0.695313394 0.004041399 0.999921143 0.011890009 -1.689768314 0.006860805 -0.011917551 0.999905467 58.516548157
0.999964535 -0.003995196 -0.007413209 0.676526427 0.004089155 0.999910891 0.012702920 -1.687999725 0.007361799 -0.012732780 0.999891818 58.845882416
0.999966800 -0.003439287 -0.007379099 0.684971094 0.003531979 0.999914527 0.012585281 -1.701572180 0.007335184 -0.012610928 0.999893546 59.392463684
0.999958992 -0.004118820 -0.008070093 0.750888348 0.004222799 0.999907732 0.012910165 -1.732979059 0.008016173 -0.012943713 0.999884069 59.877727509
0.999955177 -0.004471903 -0.008341361 0.765804470 0.004574259 0.999913990 0.012292482 -1.720124841 0.008285673 -0.012330087 0.999889612 60.401569366
0.999965370 -0.003528311 -0.007548373 0.746182978 0.003618369 0.999921978 0.011950623 -1.708547592 0.007505621 -0.011977521 0.999900043 60.889137268
0.999963880 -0.003936587 -0.007531898 0.719137132 0.004033966 0.999907851 0.012957604 -1.727161527 0.007480194 -0.012987518 0.999887705 61.219459534
0.999966800 -0.004138078 -0.007028559 0.721588850 0.004228519 0.999907851 0.012901966 -1.742717862 0.006974520 -0.012931260 0.999892116 61.760303497
0.999967337 -0.004134608 -0.006946920 0.717996061 0.004225551 0.999904931 0.013127929 -1.776775241 0.006891981 -0.013156854 0.999889731 62.295745850
0.999965727 -0.003910450 -0.007298647 0.752261639 0.003998743 0.999918520 0.012122090 -1.756858826 0.007250650 -0.012150858 0.999899924 62.871646881
0.999966919 -0.003632643 -0.007273378 0.775218248 0.003720329 0.999920070 0.012078719 -1.751922846 0.007228917 -0.012105377 0.999900639 63.347957611
0.999962687 -0.003850915 -0.007734026 0.772640467 0.003954693 0.999901772 0.013448188 -1.775002480 0.007681475 -0.013478273 0.999879599 63.567459106
0.999970436 -0.003401295 -0.006892090 0.765032649 0.003492153 0.999906600 0.013214031 -1.787979364 0.006846502 -0.013237709 0.999888957 64.114875793
0.999965549 -0.003745708 -0.007412595 0.790344656 0.003838909 0.999913216 0.012599248 -1.784784794 0.007364759 -0.012627269 0.999893129 64.650581360
0.999952853 -0.005234817 -0.008185191 0.795602322 0.005342497 0.999898791 0.013189370 -1.803484201 0.008115319 -0.013232478 0.999879479 65.136199951
0.999956012 -0.004968906 -0.007952703 0.792243898 0.005073964 0.999899328 0.013245100 -1.804399848 0.007886088 -0.013284869 0.999880612 65.475746155
0.999958158 -0.004932737 -0.007698888 0.799331307 0.005033620 0.999900997 0.013139788 -1.808659554 0.007633309 -0.013177995 0.999883950 66.017471313
0.999956369 -0.005123380 -0.007807928 0.807478905 0.005223221 0.999904096 0.012820822 -1.819855094 0.007741495 -0.012861045 0.999887347 66.579467773
0.999960244 -0.004361530 -0.007770768 0.810218334 0.004456002 0.999915779 0.012181899 -1.804693222 0.007716982 -0.012216041 0.999895573 67.114707947
0.999954700 -0.004969454 -0.008119724 0.819583297 0.005076195 0.999900222 0.013178456 -1.840626001 0.008053425 -0.013219074 0.999880195 67.425361633
0.999951363 -0.005004984 -0.008496985 0.830318034 0.005112305 0.999906838 0.012656039 -1.839496374 0.008432848 -0.012698863 0.999883771 67.999389648
0.999949694 -0.004289851 -0.009065793 0.911517859 0.004403900 0.999910951 0.012597925 -1.846074581 0.009010943 -0.012637215 0.999879539 68.467124939
0.999955177 -0.004294087 -0.008442947 0.879811883 0.004400855 0.999910176 0.012668190 -1.872757196 0.008387791 -0.012704777 0.999884129 69.022476196
0.999945104 -0.005618935 -0.008835566 0.884397507 0.005736466 0.999894679 0.013333542 -1.888162851 0.008759715 -0.013383497 0.999872029 69.290046692
0.999944150 -0.005665008 -0.008926547 0.892988622 0.005784309 0.999893606 0.013396039 -1.898880959 0.008849709 -0.013446925 0.999870420 69.829055786
0.999961615 -0.003509873 -0.008032447 0.878385186 0.003609757 0.999915957 0.012454535 -1.893932343 0.007988056 -0.012483052 0.999890208 70.417114258
0.999957442 -0.004509335 -0.008053616 0.897537291 0.004605295 0.999918163 0.011936574 -1.890977383 0.007999130 -0.011973157 0.999896348 70.951889038
0.999943674 -0.006286437 -0.008548719 0.876695096 0.006387901 0.999908805 0.011893800 -1.893519521 0.008473170 -0.011947737 0.999892712 71.573417664
0.999946177 -0.005943464 -0.008503882 0.903895140 0.006055715 0.999894023 0.013235632 -1.925640941 0.008424317 -0.013286416 0.999876261 71.785476685
0.999940813 -0.005972597 -0.009095537 0.911664188 0.006092558 0.999894083 0.013218887 -1.931882620 0.009015624 -0.013273520 0.999871194 72.318115234
0.999933183 -0.006864684 -0.009293863 0.928314865 0.006986406 0.999889374 0.013128528 -1.941794753 0.009202711 -0.013192585 0.999870598 72.828506470
0.999941230 -0.006350332 -0.008790268 0.925845444 0.006464530 0.999894261 0.013024581 -1.950580716 0.008706629 -0.013080642 0.999876499 73.388130188
0.999928772 -0.007479932 -0.009293230 0.947950542 0.007597967 0.999890149 0.012731553 -1.959933519 0.009196979 -0.012801258 0.999875724 73.898384094
0.999937952 -0.006672123 -0.008920050 0.897630692 0.006790401 0.999888539 0.013295943 -1.944336414 0.008830345 -0.013355690 0.999871731 74.289199829
0.999941230 -0.006400005 -0.008751703 0.903793514 0.006513142 0.999894738 0.012960681 -1.949993134 0.008667834 -0.013016920 0.999877632 74.850059509
0.999928951 -0.007612268 -0.009168472 0.914839864 0.007729073 0.999888480 0.012772561 -1.951138377 0.009070223 -0.012842517 0.999876380 75.341339111
0.999918699 -0.008451293 -0.009546014 0.940191031 0.008570598 0.999884784 0.012526836 -1.954835773 0.009439047 -0.012607636 0.999875903 75.911994934
0.999948502 -0.005908633 -0.008252254 0.890180409 0.006016448 0.999896049 0.013101723 -1.974792719 0.008173984 -0.013150697 0.999880075 76.271644592
0.999961257 -0.005529496 -0.006848487 0.897548795 0.005618559 0.999898911 0.013054379 -1.973840117 0.006775612 -0.013092351 0.999891281 76.812873840
0.999965727 -0.005990802 -0.005710321 0.907079816 0.006062241 0.999902487 0.012576472 -1.989684224 0.005634422 -0.012610657 0.999904633 77.377593994
0.999978662 -0.005249925 -0.003880098 0.905411839 0.005300338 0.999900162 0.013098464 -1.993864298 0.003810946 -0.013118752 0.999906600 77.771705627
0.999982119 -0.005174663 -0.002991957 0.909045994 0.005213250 0.999901474 0.013036352 -2.004909039 0.002924204 -0.013051718 0.999910474 78.317016602
0.999984980 -0.005450838 -0.000519183 0.917305589 0.005457236 0.999897420 0.013240438 -2.029004097 0.000446958 -0.013243075 0.999912202 78.842498779
0.999985874 -0.003933683 0.003566946 0.925558090 0.003883574 0.999895155 0.013948095 -2.063737631 -0.003621440 -0.013934048 0.999896288 79.383171082
0.999970078 -0.004334278 0.006404781 0.961277843 0.004247043 0.999898851 0.013571685 -2.029556513 -0.006462956 -0.013544075 0.999887407 79.787315369
0.999934375 -0.003980787 0.010738358 0.989870846 0.003838433 0.999904871 0.013244831 -2.031535387 -0.010790060 -0.013202743 0.999854684 80.336570740
0.999853373 -0.003668309 0.016722729 1.005738378 0.003431876 0.999894142 0.014145227 -2.055424690 -0.016772848 -0.014085765 0.999760091 80.875061035
0.999725640 -0.003475488 0.023164980 1.049826384 0.003143912 0.999892414 0.014334727 -2.073789835 -0.023212306 -0.014257965 0.999628961 81.365470886
0.999589980 -0.003869304 0.028369226 1.083089352 0.003464245 0.999891520 0.014313378 -2.079610348 -0.028421534 -0.014209232 0.999495029 81.898216248
0.999288857 -0.003251616 0.037564542 1.115763068 0.002722838 0.999896586 0.014119106 -2.086763382 -0.037606571 -0.014006787 0.999194503 82.468833923
0.999002039 -0.004500263 0.044437334 1.115662336 0.003880995 0.999894321 0.014012218 -2.076104164 -0.044495687 -0.013825773 0.998913884 82.811241150
0.998644233 -0.003394176 0.051943071 1.153294802 0.002659592 0.999895632 0.014204689 -2.086875677 -0.051985856 -0.014047286 0.998548985 83.377540588
0.998167872 -0.005504897 0.060253691 1.213769436 0.004709970 0.999900103 0.013327092 -2.086620331 -0.060321033 -0.013018882 0.998094022 83.879257202
0.997445226 -0.004130736 0.071315914 1.265307903 0.003150612 0.999899149 0.013850437 -2.095617294 -0.071365930 -0.013590361 0.997357607 84.491065979
0.996844888 -0.005346007 0.079193667 1.342808247 0.004272320 0.999896765 0.013720978 -2.099923611 -0.079258852 -0.013339344 0.996764719 85.107475281
0.996102154 -0.004209902 0.088105798 1.360171795 0.003002024 0.999899685 0.013837419 -2.117574215 -0.088155217 -0.013518989 0.996015012 85.516189575
0.995114684 -0.003512612 0.098662496 1.439093113 0.002132391 0.999898374 0.014091281 -2.124134064 -0.098701984 -0.013812054 0.995021224 86.063674927
0.993980229 -0.003317198 0.109509468 1.506742001 0.001780870 0.999898612 0.014124000 -2.125492096 -0.109545231 -0.013843956 0.993885338 86.626739502
0.992932916 -0.003510995 0.118625268 1.588443756 0.001869465 0.999900997 0.013946390 -2.133625507 -0.118662491 -0.013626065 0.992841125 87.190505981
0.991498590 -0.002877977 0.130085811 1.681094170 0.001084562 0.999903321 0.013855148 -2.134170055 -0.130113125 -0.013596272 0.991406024 87.758758545
0.989896715 -0.004077285 0.141731530 1.791248322 0.002131769 0.999901354 0.013875897 -2.150901079 -0.141774148 -0.013433566 0.989807904 88.276046753
0.988251567 -0.005452108 0.152738735 1.837560654 0.003400265 0.999900460 0.013691667 -2.144180298 -0.152798206 -0.013011460 0.988171756 88.771018982
0.986773551 -0.005772528 0.162002370 1.951428413 0.003493709 0.999890924 0.014347938 -2.155010700 -0.162067533 -0.013592176 0.986685991 89.315528870
0.984659016 -0.005806496 0.174392790 2.057154655 0.003405672 0.999895334 0.014062867 -2.161534309 -0.174456194 -0.013253204 0.984575748 89.846649170
0.982224405 -0.004857975 0.187647581 2.171507835 0.002199866 0.999894321 0.014371087 -2.181308270 -0.187697560 -0.013702832 0.982131362 90.369918823
0.980127096 -0.005252899 0.198301107 2.311584473 0.002599066 0.999903619 0.013640757 -2.180382013 -0.198353678 -0.012854278 0.980046272 90.951133728
0.977330089 -0.005059724 0.211660579 2.429409027 0.002018274 0.999891579 0.014583046 -2.190914869 -0.211711451 -0.013825261 0.977234423 91.428993225
0.974388957 -0.005637764 0.224798709 2.577732086 0.002458130 0.999893010 0.014421732 -2.196425676 -0.224855945 -0.013499790 0.974298537 91.944267273
0.971659124 -0.006982735 0.236283392 2.733791351 0.003784145 0.999894977 0.013987875 -2.196098804 -0.236356303 -0.012697315 0.971583545 92.491401672
0.968697250 -0.006653623 0.248156145 2.915594101 0.003339346 0.999899566 0.013774147 -2.186533928 -0.248222858 -0.012514300 0.968622088 93.040664673
0.964840353 -0.006880401 0.262746572 3.043529510 0.003117856 0.999886513 0.014734303 -2.201740503 -0.262818158 -0.013397043 0.964752376 93.518150330
0.961216807 -0.006739164 0.275711685 3.217533112 0.002870219 0.999891639 0.014433677 -2.208013773 -0.275779128 -0.013082537 0.961132050 94.040557861
0.958313167 -0.009170574 0.285572380 3.412288666 0.005501805 0.999891698 0.013646728 -2.208755016 -0.285666645 -0.011506678 0.958260000 94.552398682
0.954153001 -0.009212974 0.299177676 3.600637436 0.005106804 0.999881685 0.014503797 -2.221162796 -0.299275935 -0.012310999 0.954087198 95.121887207
0.949650943 -0.009672538 0.313160419 3.813657761 0.005299693 0.999876201 0.014811844 -2.230514050 -0.313264936 -0.012406429 0.949584782 95.651756287
0.945647240 -0.009878785 0.325044125 3.987791061 0.005384527 0.999877095 0.014723258 -2.217780590 -0.325149566 -0.012172802 0.945584238 96.120651245
0.941104591 -0.009598905 0.337979198 4.198110580 0.004805140 0.999875724 0.015017411 -2.233137608 -0.338081300 -0.012508919 0.941033781 96.635673523
0.935984731 -0.009380420 0.351915419 4.415475845 0.004447803 0.999880254 0.014822369 -2.229741096 -0.352012306 -0.012308262 0.935914397 97.160987854
0.931460261 -0.011021961 0.363676190 4.647891998 0.005996818 0.999870300 0.014943887 -2.237285137 -0.363793761 -0.011738737 0.931405544 97.667922974
0.926890969 -0.010455961 0.375185132 4.884353638 0.005320113 0.999877453 0.014722108 -2.246064663 -0.375293076 -0.011649763 0.926832914 98.185806274
0.920905173 -0.010272363 0.389651239 5.081705093 0.004610263 0.999869764 0.015463603 -2.271324635 -0.389759332 -0.012444116 0.920832634 98.615104675
0.915217817 -0.008804359 0.402863294 5.322437286 0.002854286 0.999877870 0.015367474 -2.285022736 -0.402949393 -0.012914697 0.915131152 99.105781555
0.910757363 -0.010668856 0.412804157 5.573890686 0.004792959 0.999871969 0.015266970 -2.289189577 -0.412914157 -0.011925951 0.910691798 99.574188232
0.905366182 -0.011401518 0.424478650 5.831424713 0.005269065 0.999864161 0.015618069 -2.291816711 -0.424599111 -0.011903465 0.905303180 100.089721680
0.898396194 -0.011361431 0.439039052 6.085819244 0.005128931 0.999868631 0.015379330 -2.299443245 -0.439156115 -0.011564930 0.898336232 100.584213257
0.892380536 -0.010965941 0.451150268 6.347431183 0.004310303 0.999866247 0.015777541 -2.295079708 -0.451262981 -0.012134978 0.892308533 101.085784912
0.886714280 -0.011778354 0.462167799 6.622741699 0.004871253 0.999858022 0.016135419 -2.305095673 -0.462292135 -0.012056173 0.886645854 101.561386108
0.879597425 -0.011755445 0.475573480 6.909008026 0.004630842 0.999858916 0.016149994 -2.311979055 -0.475696206 -0.012003189 0.879527807 102.039794922
0.872349620 -0.011327035 0.488751233 7.214134216 0.003899668 0.999860942 0.016211901 -2.312318802 -0.488866925 -0.012236478 0.872272611 102.537765503
0.866593301 -0.012395334 0.498860925 7.468807220 0.004961108 0.999856055 0.016225535 -2.318759918 -0.498990268 -0.011586037 0.866530120 102.935279846
