1.000000000 0.000000000 0.000000000 0.000000000 0.000000000 1.000000000 0.000000000 0.000000000 0.000000000 0.000000000 1.000000000 0.000000000
1.000000000 0.000120796 0.000141729 -0.000843132 -0.000120796 1.000000000 0.000001843 -0.000663263 -0.000141729 -0.000001860 1.000000000 0.000624104
1.000000000 0.000099253 0.000060172 0.004400107 -0.000099256 1.000000000 0.000043902 -0.000057725 -0.000060168 -0.000043908 1.000000000 -0.002270248
1.000000000 -0.000004680 -0.000014719 0.002396167 0.000004680 1.000000000 0.000000351 0.000471998 0.000014719 -0.000000351 1.000000000 -0.003350633
1.000000000 0.000061534 0.000094931 -0.002015266 -0.000061524 1.000000000 -0.000105853 0.002776057 -0.000094937 0.000105847 1.000000000 0.001615557
1.000000000 -0.000025631 -0.000008798 -0.000180600 0.000025631 1.000000000 0.000065219 0.001494163 0.000008796 -0.000065219 1.000000000 -0.003481194
1.000000000 -0.000020702 0.000102637 -0.003360014 0.000020700 1.000000000 0.000027489 0.002237157 -0.000102637 -0.000027487 1.000000000 0.001216855
1.000000000 0.000118136 0.000066369 -0.000628368 -0.000118131 1.000000000 -0.000079412 0.000452641 -0.000066379 0.000079404 1.000000000 -0.000751653
1.000000000 0.000016863 0.000068901 0.000778206 -0.000016862 1.000000000 -0.000014601 -0.000139384 -0.000068902 0.000014600 1.000000000 -0.000868172
1.000000000 0.000100825 0.000113388 -0.001145958 -0.000100827 1.000000000 0.000015670 0.000840689 -0.000113387 -0.000015681 1.000000000 -0.004116913
1.000000000 -0.000131003 0.000039003 0.000270675 0.000131005 1.000000000 -0.000041509 -0.000751555 -0.000038998 0.000041514 1.000000000 0.000576266
1.000000000 -0.000028342 0.000052563 -0.001135192 0.000028343 1.000000000 -0.000022508 -0.000878583 -0.000052562 0.000022509 1.000000000 -0.002890363
1.000000000 0.000037106 0.000125092 0.000933107 -0.000037111 1.000000000 0.000047341 -0.000112643 -0.000125090 -0.000047346 1.000000000 -0.001748989
1.000000000 -0.000193715 0.000034165 -0.000049463 0.000193710 0.999999940 0.000149201 0.000341041 -0.000034194 -0.000149194 1.000000000 -0.004686060
0.999999940 -0.000344595 -0.000046449 0.000508753 0.000344598 0.999999940 0.000054720 -0.000624618 0.000046430 -0.000054736 1.000000000 -0.000456658
1.000000000 -0.000205646 0.000052044 -0.000839296 0.000205646 1.000000000 -0.000001465 -0.000706187 -0.000052043 0.000001475 1.000000000 -0.001390584
1.000000000 0.000059453 0.000100883 -0.002935714 -0.000059456 1.000000000 0.000028078 0.000013266 -0.000100881 -0.000028084 1.000000000 -0.006099520
1.000000000 -0.000219241 0.000000093 0.000532503 0.000219241 1.000000000 0.000026225 -0.000693343 -0.000000099 -0.000026225 1.000000000 -0.004798126
1.000000000 -0.000055020 0.000033922 0.000429646 0.000055021 1.000000000 -0.000022161 -0.001193213 -0.000033920 0.000022163 1.000000000 -0.010462192
1.000000000 -0.000133247 0.000000933 0.001329227 0.000133247 1.000000000 0.000047439 -0.001676723 -0.000000939 -0.000047439 1.000000000 -0.009858031
1.000000000 0.000025196 0.000137894 -0.001823705 -0.000025206 1.000000000 0.000070108 -0.002639526 -0.000137892 -0.000070111 1.000000000 -0.006314751
1.000000000 -0.000175438 0.000026144 0.001776472 0.000175438 1.000000000 0.000015526 -0.001130139 -0.000026147 -0.000015521 1.000000000 -0.007874437
1.000000000 -0.000189616 0.000051310 0.000314261 0.000189606 0.999999940 0.000179583 -0.002149299 -0.000051344 -0.000179574 1.000000000 -0.009895020
1.000000000 -0.000078457 -0.000097753 0.007406658 0.000078468 1.000000000 0.000109906 -0.003135781 0.000097745 -0.000109913 1.000000000 -0.009768086
1.000000000 -0.000104621 0.000091987 0.000656730 0.000104613 1.000000000 0.000094602 -0.001734490 -0.000091997 -0.000094592 1.000000000 -0.005712019
1.000000000 0.000106826 0.000166392 -0.005522186 -0.000106809 1.000000000 -0.000098737 0.000210269 -0.000166402 0.000098719 1.000000000 -0.004342503
1.000000000 -0.000041369 0.000111986 -0.005071579 0.000041358 1.000000000 0.000098246 -0.000272128 -0.000111990 -0.000098242 1.000000000 -0.007952369
0.999999940 -0.000280880 0.000003319 -0.003442233 0.000280880 0.999999940 0.000102684 0.000968622 -0.000003348 -0.000102683 1.000000000 -0.007072303
1.000000000 -0.000230689 -0.000029945 0.000099663 0.000230690 1.000000000 0.000030621 -0.001266888 0.000029938 -0.000030628 1.000000000 -0.001661588
1.000000000 -0.000162878 0.000093910 -0.003725373 0.000162872 1.000000000 0.000068537 0.001317266 -0.000093921 -0.000068521 1.000000000 0.000386909
1.000000000 -0.000223093 0.000087691 -0.003446775 0.000223083 0.999999940 0.000117416 -0.000436502 -0.000087717 -0.000117397 1.000000000 -0.004515557
1.000000000 -0.000212983 -0.000026359 0.000648484 0.000212984 1.000000000 0.000061359 -0.000500941 0.000026346 -0.000061365 1.000000000 -0.004596090
1.000000000 -0.000044006 0.000042045 -0.003650296 0.000044011 1.000000000 -0.000108856 0.001383315 -0.000042040 0.000108857 1.000000000 -0.002240963
1.000000000 -0.000039122 -0.000012860 -0.001507393 0.000039120 1.000000000 -0.000132605 0.004959438 0.000012865 0.000132604 1.000000000 -0.001894922
1.000000000 -0.000208351 -0.000029449 -0.002602207 0.000208348 1.000000000 -0.000089591 0.001213603 0.000029468 0.000089585 1.000000000 -0.004948917
0.999999940 -0.000243235 -0.000091608 0.000038654 0.000243233 0.999999940 -0.000028649 -0.000617680 0.000091615 0.000028627 1.000000000 -0.005037499
0.999999940 -0.000239623 0.000061311 -0.001692431 0.000239611 0.999999940 0.000188068 -0.001550984 -0.000061356 -0.000188053 1.000000000 -0.002630551
1.000000000 -0.000035550 0.000036458 -0.000908796 0.000035545 1.000000000 0.000136394 -0.001673469 -0.000036462 -0.000136392 1.000000000 -0.001510910
0.999999940 -0.000317278 -0.000142714 0.002122301 0.000317295 0.999999940 0.000112707 -0.003338407 0.000142678 -0.000112752 1.000000000 -0.001090776
1.000000000 -0.000029145 0.000067694 0.001434619 0.000029192 0.999999762 -0.000688579 -0.006203595 -0.000067674 0.000688581 0.999999762 0.048811570
1.000000000 -0.000123559 -0.000118507 0.005083889 0.000123405 0.999999166 -0.001300577 -0.002986210 0.000118667 0.001300563 0.999999166 0.141726270
0.999999940 -0.000222154 -0.000185916 0.007933576 0.000221895 0.999998987 -0.001394505 -0.010945615 0.000186226 0.001394464 0.999998987 0.261776716
1.000000000 -0.000073928 0.000048156 0.003354464 0.000073989 0.999999225 -0.001260994 -0.016020779 -0.000048062 0.001260998 0.999999225 0.385344744
1.000000000 -0.000092049 -0.000137773 0.007126025 0.000091867 0.999999106 -0.001321325 -0.017219720 0.000137895 0.001321312 0.999999106 0.530979633
0.999999881 0.000461241 0.000279665 0.005317041 -0.000460879 0.999999046 -0.001290166 -0.026320834 -0.000280259 0.001290036 0.999999106 0.687633395
1.000000000 -0.000159117 0.000120594 0.025870608 0.000159225 0.999999583 -0.000899111 -0.025782103 -0.000120451 0.000899130 0.999999583 0.866404414
1.000000000 0.000084750 0.000125332 0.021420954 -0.000084662 0.999999762 -0.000698464 -0.028125031 -0.000125391 0.000698454 0.999999762 1.037706971
0.999999881 -0.000068812 0.000439921 0.014570212 0.000069112 0.999999762 -0.000681162 -0.042120606 -0.000439874 0.000681192 0.999999642 1.223028541
1.000000000 -0.000096480 -0.000133492 0.040878039 0.000096401 0.999999821 -0.000596758 -0.046881501 0.000133549 0.000596745 0.999999821 1.452103138
0.999999821 -0.000121470 -0.000559954 0.050476033 0.000121175 0.999999881 -0.000527318 -0.049238037 0.000560018 0.000527250 0.999999702 1.664568543
0.999995887 -0.002667592 0.001073650 0.002991928 0.002666782 0.999996126 0.000755280 -0.074417286 -0.001075660 -0.000752414 0.999999166 1.710515022
0.999996066 -0.002342252 0.001590748 0.005296085 0.002340503 0.999996722 0.001100423 -0.082608916 -0.001593320 -0.001096695 0.999998152 1.914848924
0.999996006 -0.002530555 0.001196434 0.012277978 0.002529202 0.999996185 0.001130919 -0.089704409 -0.001199292 -0.001127888 0.999998569 2.113711834
0.999996006 -0.002615629 0.000974963 0.020906759 0.002614278 0.999995649 0.001384925 -0.096390881 -0.000978581 -0.001382371 0.999998569 2.331738472
0.999996722 -0.002296533 0.001076670 0.020497486 0.002295139 0.999996603 0.001294115 -0.098451227 -0.001079638 -0.001291640 0.999998569 2.575773001
0.999995351 -0.002874252 0.001041851 0.032733891 0.002872720 0.999994814 0.001468892 -0.109209552 -0.001046067 -0.001465892 0.999998331 2.770776749
0.999993980 -0.003400970 0.000670399 0.049489398 0.003400028 0.999993324 0.001401206 -0.116137378 -0.000675160 -0.001398918 0.999998808 3.007268906
0.999994874 -0.003101553 0.000802285 0.053561155 0.003100517 0.999994338 0.001289653 -0.119493894 -0.000806281 -0.001287159 0.999998868 3.247100592
0.999994755 -0.003166109 0.000731342 0.060235500 0.003165024 0.999993920 0.001480939 -0.122277059 -0.000736026 -0.001478617 0.999998569 3.520849228
0.999996781 -0.002363733 0.001035769 0.049234059 0.002362197 0.999996185 0.001481222 -0.138981745 -0.001039266 -0.001478771 0.999998331 3.773229599
0.999994814 -0.002245318 0.002291502 0.032675989 0.002240927 0.999995649 0.001916897 -0.153053358 -0.002295796 -0.001911752 0.999995530 3.961014032
0.999995410 -0.001580621 0.002574551 0.033875499 0.001575038 0.999996424 0.002168855 -0.159415483 -0.002577970 -0.002164790 0.999994338 4.212051392
0.999995351 -0.001607984 0.002572480 0.035904497 0.001601971 0.999995887 0.002337820 -0.168933764 -0.002576229 -0.002333688 0.999993920 4.463141918
0.999994636 -0.002102744 0.002504739 0.053457219 0.002096872 0.999995053 0.002344706 -0.174182624 -0.002509656 -0.002339441 0.999994099 4.735135078
0.999994457 -0.002303953 0.002405148 0.060831040 0.002298170 0.999994457 0.002404274 -0.183055043 -0.002410674 -0.002398733 0.999994218 4.981367588
0.999994516 -0.001895923 0.002690554 0.035781350 0.001888907 0.999994814 0.002607766 -0.200430155 -0.002695484 -0.002602670 0.999992967 5.135809898
0.999995172 -0.001092636 0.002918337 0.043749511 0.001086287 0.999997020 0.002176157 -0.199481696 -0.002920706 -0.002172976 0.999993384 5.401897907
0.999994040 -0.002198262 0.002629290 0.045394450 0.002190368 0.999993086 0.003001495 -0.222083002 -0.002635870 -0.002995718 0.999992073 5.658253670
0.999994218 -0.002078867 0.002659712 0.057121322 0.002071953 0.999994457 0.002599658 -0.218994096 -0.002665101 -0.002594133 0.999993086 5.950788021
0.999993026 -0.002676567 0.002569173 0.066615403 0.002670125 0.999993324 0.002507696 -0.225811824 -0.002575868 -0.002500819 0.999993563 6.235988140
0.999994695 -0.001458836 0.002882603 0.077867381 0.001451404 0.999995649 0.002578447 -0.233932957 -0.002886352 -0.002574249 0.999992549 6.441231251
0.999994397 -0.002055162 0.002603097 0.092350498 0.002048627 0.999994695 0.002510690 -0.239319146 -0.002608242 -0.002505343 0.999993503 6.742331505
0.999994099 -0.001899330 0.002847502 0.099269331 0.001892436 0.999995291 0.002421880 -0.247522697 -0.002852089 -0.002416477 0.999993026 7.030575275
0.999994040 -0.002194313 0.002659735 0.106399730 0.002186503 0.999993384 0.002936041 -0.266163915 -0.002666160 -0.002930207 0.999992132 7.338593006
0.999994874 -0.001753645 0.002644928 0.126008540 0.001745556 0.999993801 0.003057526 -0.276666582 -0.002650273 -0.003052894 0.999991834 7.649262428
0.999993563 -0.002461201 0.002593981 0.123042583 0.002453853 0.999993086 0.002831943 -0.276814729 -0.002600933 -0.002825560 0.999992609 7.942182064
0.999993205 -0.002115500 0.002998291 0.116717719 0.002105413 0.999992132 0.003363300 -0.308969796 -0.003005382 -0.003356965 0.999989867 8.163030624
0.999992609 -0.002282487 0.003055736 0.121297017 0.002272210 0.999991715 0.003362423 -0.316295654 -0.003063386 -0.003355455 0.999989688 8.496863365
0.999992728 -0.002384848 0.002985354 0.136111140 0.002373897 0.999990523 0.003666406 -0.330398768 -0.002994069 -0.003659293 0.999988854 8.821967125
0.999991298 -0.003221252 0.002637318 0.150078475 0.003212021 0.999988735 0.003496942 -0.335532337 -0.002648553 -0.003488441 0.999990463 9.167037010
0.999992192 -0.002458375 0.003093175 0.156632438 0.002446451 0.999989569 0.003852858 -0.345150054 -0.003102614 -0.003845261 0.999987781 9.501062393
0.999993205 -0.001820310 0.003214173 0.169345096 0.001807666 0.999990582 0.003932549 -0.349380553 -0.003221302 -0.003926712 0.999987066 9.831901550
0.999993145 -0.001406767 0.003406417 0.171394676 0.001391786 0.999989390 0.004396318 -0.364573717 -0.003412565 -0.004391548 0.999984503 10.183069229
0.999992490 -0.001796761 0.003441960 0.182455450 0.001782965 0.999990404 0.004007045 -0.379749447 -0.003449126 -0.004000878 0.999985993 10.445190430
0.999991834 -0.001361787 0.003808942 0.184616312 0.001344498 0.999988854 0.004537731 -0.394374192 -0.003815079 -0.004532573 0.999982417 10.832881927
0.999992013 -0.001972105 0.003475711 0.198107556 0.001957704 0.999989569 0.004141948 -0.395504445 -0.003483842 -0.004135111 0.999985397 11.224570274
0.999991000 -0.002208193 0.003653198 0.208311826 0.002191005 0.999986589 0.004702292 -0.410548121 -0.003663533 -0.004694245 0.999982238 11.576425552
0.999992192 -0.001607194 0.003634144 0.216390416 0.001589967 0.999987602 0.004738318 -0.422903657 -0.003641714 -0.004732503 0.999982178 11.954030991
0.999991775 -0.001898733 0.003587215 0.230334193 0.001880423 0.999985218 0.005100634 -0.442828774 -0.003596847 -0.005093846 0.999980569 12.359242439
0.999992251 -0.002650958 0.002902675 0.242589206 0.002635727 0.999982834 0.005238589 -0.454981536 -0.002916512 -0.005230899 0.999981999 12.634229660
0.999991834 -0.001993202 0.003493931 0.246756092 0.001975443 0.999985218 0.005078985 -0.464010119 -0.003504002 -0.005072042 0.999980986 13.051410675
0.999992013 -0.002093601 0.003393719 0.258749753 0.002074692 0.999982417 0.005565700 -0.472104490 -0.003405312 -0.005558615 0.999978721 13.478424072
0.999987721 -0.004072411 0.002828210 0.280563354 0.004057041 0.999977112 0.005419109 -0.487559140 -0.002850214 -0.005407569 0.999981344 13.899628639
0.999987662 -0.003777691 0.003202623 0.279390872 0.003757842 0.999973834 0.006181399 -0.498394012 -0.003225890 -0.006169288 0.999975801 14.272685051
0.999987423 -0.003356284 0.003710819 0.290159792 0.003333289 0.999975324 0.006185828 -0.508454919 -0.003731489 -0.006173382 0.999973953 14.730070114
0.999987423 -0.003003854 0.004000364 0.309246629 0.002977891 0.999974608 0.006480450 -0.525239050 -0.004019729 -0.006468458 0.999971032 15.087582588
0.999984443 -0.003589603 0.004267977 0.298771173 0.003560368 0.999970198 0.006837888 -0.563700318 -0.004292395 -0.006822586 0.999967456 15.302659988
0.999983311 -0.003408364 0.004666146 0.310469300 0.003378622 0.999973953 0.006367089 -0.565231323 -0.004687726 -0.006351217 0.999968827 15.763697624
0.999982417 -0.003833146 0.004516654 0.336248457 0.003800196 0.999966264 0.007281289 -0.586410999 -0.004544412 -0.007263998 0.999963284 16.256488800
0.999982893 -0.002510529 0.005289926 0.335799485 0.002472943 0.999971688 0.007099866 -0.594010592 -0.005307601 -0.007086663 0.999960780 16.677722931
0.999977171 -0.003261017 0.005913544 0.354249656 0.003217617 0.999967933 0.007333910 -0.599013925 -0.005937270 -0.007314715 0.999955595 17.146762848
0.999976456 -0.004000729 0.005578055 0.381654173 0.003959584 0.999965012 0.007367951 -0.610806584 -0.005607337 -0.007345691 0.999957263 17.615606308
0.999975383 -0.002328725 0.006617807 0.356840819 0.002277314 0.999967277 0.007765521 -0.632809877 -0.006635675 -0.007750258 0.999947906 17.886178970
0.999975204 -0.003515435 0.006105952 0.375774235 0.003466035 0.999961317 0.008082493 -0.649601102 -0.006134130 -0.008061129 0.999948740 18.349386215
0.999976456 -0.002077449 0.006546664 0.386781871 0.002023198 0.999963701 0.008282502 -0.660688519 -0.006563633 -0.008269061 0.999944270 18.833873749
0.999976456 -0.002960048 0.006187145 0.391647786 0.002907855 0.999960303 0.008427750 -0.678990602 -0.006211845 -0.008409561 0.999945402 19.347955704
0.999976337 -0.003787124 0.005734645 0.420644611 0.003737540 0.999955714 0.008632579 -0.702490628 -0.005767084 -0.008610941 0.999946296 19.837959290
0.999978602 -0.004917994 0.004308741 0.433338016 0.004878186 0.999945879 0.009201101 -0.731313944 -0.004353758 -0.009179886 0.999948382 20.223215103
0.999980628 -0.004463085 0.004323784 0.440081269 0.004424000 0.999949694 0.009007288 -0.739580631 -0.004363766 -0.008987986 0.999950111 20.748069763
0.999979079 -0.005262923 0.003756876 0.446038544 0.005226746 0.999940515 0.009575268 -0.755036592 -0.003807046 -0.009555432 0.999947131 21.264453888
0.999977648 -0.005775829 0.003352078 0.443231344 0.005744806 0.999941289 0.009191630 -0.761013150 -0.003404970 -0.009172169 0.999952137 21.780923843
0.999976039 -0.006649235 0.001904151 0.470500112 0.006631579 0.999936283 0.009132811 -0.779995203 -0.001964755 -0.009119965 0.999956489 22.164522171
0.999971807 -0.007464597 0.000820985 0.476022452 0.007456893 0.999931514 0.009016854 -0.790725708 -0.000888236 -0.009010477 0.999958992 22.706504822
0.999975681 -0.006922903 0.000850038 0.484715581 0.006914731 0.999933124 0.009267708 -0.800329149 -0.000914141 -0.009261605 0.999956667 23.209449768
0.999975741 -0.006947794 0.000267146 0.494440347 0.006944934 0.999930501 0.009524635 -0.811053514 -0.000333302 -0.009522548 0.999954581 23.703500748
0.999970853 -0.007625727 -0.000276292 0.502732813 0.007628004 0.999926031 0.009477158 -0.816035986 0.000204002 -0.009478990 0.999955058 24.241199493
0.999974430 -0.007137841 -0.000381376 0.507413268 0.007141091 0.999930859 0.009339032 -0.827501297 0.000314689 -0.009341517 0.999956310 24.790573120
0.999967873 -0.007927128 -0.001208797 0.542764544 0.007938733 0.999919236 0.009919312 -0.826299369 0.001130068 -0.009928589 0.999950111 25.348819733
0.999965608 -0.008090748 -0.001789276 0.517445505 0.008108093 0.999918044 0.009909691 -0.854691267 0.001708952 -0.009923859 0.999949217 25.790758133
0.999967515 -0.007738561 -0.002256984 0.530741453 0.007761310 0.999917388 0.010251494 -0.872446835 0.002177466 -0.010268679 0.999944866 26.343210220
0.999958396 -0.008566619 -0.003114903 0.544580936 0.008596685 0.999915302 0.009770780 -0.877116501 0.003030938 -0.009797152 0.999947369 26.899324417
0.999957144 -0.008521521 -0.003612741 0.564687490 0.008557366 0.999913096 0.010025415 -0.888248801 0.003526995 -0.010055901 0.999943197 27.418556213
0.999961436 -0.008020258 -0.003593740 0.556038558 0.008058349 0.999910116 0.010713208 -0.912438631 0.003507495 -0.010741754 0.999936163 28.024915695
0.999950111 -0.009133413 -0.004050820 0.543015659 0.009175961 0.999901593 0.010612256 -0.913104296 0.003953496 -0.010648897 0.999935508 28.378873825
0.999954462 -0.008662269 -0.004008280 0.554836392 0.008704126 0.999906540 0.010545810 -0.930117011 0.003916554 -0.010580218 0.999936402 28.935083389
0.999945998 -0.009321635 -0.004598313 0.588120937 0.009371760 0.999895632 0.011002549 -0.946395993 0.004495271 -0.011045050 0.999928892 29.446962357
0.999951243 -0.008570747 -0.004915109 0.581811786 0.008625782 0.999899030 0.011287398 -0.947202086 0.004817871 -0.011329246 0.999924242 30.001605988
0.999951124 -0.008807394 -0.004494917 0.533939958 0.008855819 0.999901652 0.010869389 -0.976079524 0.004398744 -0.010908665 0.999930799 30.460548401
0.999948323 -0.008935182 -0.004844333 0.539645791 0.008986017 0.999903619 0.010575461 -0.973797917 0.004749372 -0.010618445 0.999932349 31.005737305
0.999956012 -0.008219873 -0.004531307 0.532599449 0.008270000 0.999903500 0.011156984 -0.998130083 0.004439161 -0.011193967 0.999927461 31.550588608
0.999960482 -0.007500752 -0.004767206 0.531817794 0.007551716 0.999913514 0.010764153 -0.995652318 0.004686055 -0.010799729 0.999930680 32.064598083
0.999962389 -0.007370036 -0.004581993 0.537509441 0.007422646 0.999905527 0.011573086 -1.005888700 0.004496265 -0.011606663 0.999922514 32.646553040
0.999941945 -0.009362725 -0.005333683 0.525180995 0.009425348 0.999885499 0.011839505 -1.027688026 0.005222221 -0.011889088 0.999915659 33.076213837
0.999931455 -0.009889175 -0.006277013 0.548155546 0.009964626 0.999877095 0.012104885 -1.034444571 0.006156533 -0.012166602 0.999907017 33.619075775
0.999937832 -0.009431226 -0.005944023 0.540497661 0.009505390 0.999875784 0.012574820 -1.057502747 0.005824688 -0.012630536 0.999903202 34.135765076
0.999932587 -0.009504667 -0.006674129 0.570485711 0.009588496 0.999874115 0.012642535 -1.074268818 0.006553126 -0.012705676 0.999897838 34.751209259
0.999938846 -0.009073245 -0.006317603 0.566622853 0.009155199 0.999872684 0.013066551 -1.083701372 0.006198243 -0.013123589 0.999894619 35.212593079
0.999932945 -0.009832231 -0.006115501 0.551065564 0.009908540 0.999871850 0.012575422 -1.082899809 0.005991072 -0.012635175 0.999902248 35.792270660
0.999920189 -0.010658543 -0.006778450 0.566007435 0.010749728 0.999850273 0.013561098 -1.134120703 0.006632894 -0.013632884 0.999885023 36.327827454
0.999901235 -0.012290600 -0.006806818 0.530961514 0.012383804 0.999827743 0.013824132 -1.125604630 0.006635738 -0.013907062 0.999881268 36.809326172
0.999886096 -0.012827361 -0.007951729 0.562228382 0.012937902 0.999818146 0.014009690 -1.175648332 0.007770575 -0.014110973 0.999870241 37.390399933
0.999908745 -0.011223004 -0.007519649 0.516527772 0.011317553 0.999855936 0.012651321 -1.124040484 0.007376579 -0.012735266 0.999891698 37.926666260
0.999909163 -0.011301539 -0.007342732 0.543320894 0.011397669 0.999848127 0.013184706 -1.142479420 0.007192609 -0.013267198 0.999886036 38.492828369
0.999926984 -0.009900022 -0.006917421 0.541555762 0.009986227 0.999871492 0.012540801 -1.144660473 0.006792380 -0.012608968 0.999897420 38.844528198
0.999927223 -0.009775309 -0.007071691 0.554809272 0.009862815 0.999873817 0.012446824 -1.143007755 0.006949128 -0.012515665 0.999897480 39.386028290
0.999938190 -0.008768342 -0.006834539 0.560385585 0.008842955 0.999900758 0.010964372 -1.137904406 0.006737721 -0.011024131 0.999916494 39.937335968
0.999935091 -0.008817650 -0.007209900 0.575443864 0.008896732 0.999899745 0.011010992 -1.146633863 0.007112087 -0.011074422 0.999913335 40.480407715
0.999906003 -0.010894367 -0.008310198 0.597958684 0.010995935 0.999864221 0.012275851 -1.161142707 0.008175331 -0.012366077 0.999890089 41.057010651
0.999928176 -0.009859719 -0.006806069 0.537705481 0.009941815 0.999876857 0.012135690 -1.194901705 0.006685578 -0.012202485 0.999903142 41.526271820
0.999914825 -0.010728878 -0.007423408 0.555137932 0.010819185 0.999866545 0.012234122 -1.197308660 0.007291161 -0.012313395 0.999897599 42.097663879
0.999931991 -0.009068234 -0.007324717 0.612353861 0.009149306 0.999896348 0.011111607 -1.142523170 0.007223195 -0.011177865 0.999911427 42.625732422
0.999923527 -0.010254431 -0.006909885 0.535450220 0.010340355 0.999868214 0.012516161 -1.245881557 0.006780631 -0.012586656 0.999897718 43.018192291
0.999922633 -0.010526390 -0.006620094 0.535174012 0.010613452 0.999855816 0.013256429 -1.262952566 0.006479596 -0.013325668 0.999890149 43.544929504
0.999928534 -0.009789796 -0.006867851 0.557779491 0.009871940 0.999878943 0.012030387 -1.257056713 0.006749243 -0.012097326 0.999903977 44.095924377
0.999926269 -0.009907852 -0.007015970 0.575388610 0.009991305 0.999878526 0.011961166 -1.256267786 0.006896609 -0.012030382 0.999903798 44.620338440
0.999918163 -0.010063489 -0.007905765 0.576042831 0.010157137 0.999877691 0.011895998 -1.282588005 0.007785083 -0.011975325 0.999897957 45.202239990
0.999931455 -0.009010141 -0.007488011 0.594485223 0.009100872 0.999884546 0.012172394 -1.298082113 0.007377472 -0.012239706 0.999897838 45.748615265
0.999920845 -0.010322734 -0.007195232 0.590018988 0.010406965 0.999876559 0.011769094 -1.292599559 0.007072854 -0.011843042 0.999904871 46.184494019
0.999928951 -0.009703921 -0.006922275 0.560333133 0.009790597 0.999872684 0.012599167 -1.304179192 0.006799134 -0.012666046 0.999896646 46.603267670
0.999925435 -0.010213298 -0.006691881 0.568876982 0.010297533 0.999866545 0.012676241 -1.312037826 0.006561521 -0.012744205 0.999897242 47.155136108
0.999915421 -0.010671550 -0.007428300 0.585032880 0.010765321 0.999861419 0.012699778 -1.321259499 0.007291746 -0.012778674 0.999891758 47.711578369
0.999930561 -0.009625327 -0.006799267 0.589113951 0.009708022 0.999877989 0.012235784 -1.321726084 0.006680666 -0.012300943 0.999902010 48.276096344
0.999929488 -0.009640781 -0.006928151 0.620331764 0.009715703 0.999893785 0.010863018 -1.303031087 0.006822688 -0.010929566 0.999916971 48.759910583
0.999928534 -0.009756007 -0.006914196 0.581876278 0.009848234 0.999861300 0.013432687 -1.357874155 0.006782187 -0.013499820 0.999885857 49.180503845
0.999939442 -0.009027546 -0.006291692 0.584294379 0.009111004 0.999869108 0.013364528 -1.366774321 0.006170220 -0.013421043 0.999890924 49.723571777
0.999942005 -0.008654045 -0.006404653 0.604188263 0.008729027 0.999892652 0.011773461 -1.358628392 0.006302078 -0.011828683 0.999910176 50.252067566
0.999931812 -0.009357345 -0.006988033 0.610572815 0.009437849 0.999888420 0.011577576 -1.377088785 0.006878918 -0.011642738 0.999908566 50.785633087
0.999936461 -0.009522207 -0.006035103 0.572433472 0.009604911 0.999858201 0.013826101 -1.414282560 0.005902593 -0.013883187 0.999886215 51.197738647
0.999939382 -0.009340485 -0.005822349 0.573708177 0.009418749 0.999863625 0.013562858 -1.417505980 0.005694872 -0.013616874 0.999891043 51.748455048
0.999947071 -0.008540828 -0.005745312 0.574725568 0.008614549 0.999879301 0.012931726 -1.424685955 0.005634170 -0.012980536 0.999899864 52.288288116
0.999932706 -0.009814479 -0.006178942 0.593550801 0.009889010 0.999877274 0.012149308 -1.409993410 0.006058945 -0.012209592 0.999907076 52.816177368
0.999938667 -0.009351953 -0.005931753 0.597890913 0.009423225 0.999882281 0.012103328 -1.419759512 0.005817865 -0.012158480 0.999909163 53.345436096
0.999938726 -0.009287139 -0.006023974 0.585548222 0.009371880 0.999855340 0.014194942 -1.457093000 0.005891272 -0.014250529 0.999881029 53.709640503
0.999937713 -0.009518362 -0.005829128 0.596664429 0.009601481 0.999850214 0.014401673 -1.465038061 0.005691174 -0.014456745 0.999879241 54.241451263
0.999940455 -0.009271416 -0.005751651 0.602631450 0.009351568 0.999857366 0.014069078 -1.475059986 0.005620391 -0.014122028 0.999884486 54.802276611
0.999940276 -0.009196409 -0.005910134 0.595152199 0.009281584 0.999851108 0.014549731 -1.491006374 0.005775449 -0.014603718 0.999876618 55.349964142
0.999926746 -0.009911375 -0.006942453 0.657494307 0.010008947 0.999849617 0.014163855 -1.473439455 0.006801024 -0.014232305 0.999875605 55.812816620
0.999915600 -0.010822929 -0.007177237 0.636175334 0.010923685 0.999840200 0.014150911 -1.498969793 0.007022935 -0.014228118 0.999874115 56.196834564
0.999931991 -0.009872120 -0.006192558 0.643568099 0.009962314 0.999842227 0.014707419 -1.511939526 0.006046387 -0.014768113 0.999872625 56.751228333
0.999928534 -0.009916708 -0.006681857 0.655607760 0.010010663 0.999849319 0.014177473 -1.506881475 0.006540256 -0.014243351 0.999877095 57.302196503
0.999921441 -0.010490569 -0.006854430 0.667167783 0.010583839 0.999849796 0.013715490 -1.512562752 0.006709518 -0.013786959 0.999882400 57.843841553
0.999924362 -0.009963859 -0.007215006 0.739803970 0.010066658 0.999846280 0.014354556 -1.563108087 0.007070869 -0.014426101 0.999870896 58.299701691
0.999916375 -0.010530063 -0.007501960 0.740602016 0.010626753 0.999859393 0.012967499 -1.526967049 0.007364357 -0.013046138 0.999887764 58.798683167
0.999916613 -0.010944832 -0.006847974 0.650633812 0.011042832 0.999834716 0.014440523 -1.552921534 0.006688793 -0.014514939 0.999872267 59.240898132
0.999923229 -0.010491554 -0.006590050 0.654027820 0.010590646 0.999828637 0.015186327 -1.571453094 0.006429592 -0.015254956 0.999862969 59.744789124
0.999919176 -0.010857443 -0.006623807 0.658377647 0.010951530 0.999837220 0.014337306 -1.574298382 0.006467061 -0.014408685 0.999875307 60.309947968
0.999937892 -0.009575811 -0.005704854 0.630956769 0.009655579 0.999853671 0.014122934 -1.568102360 0.005568780 -0.014177139 0.999884009 60.844818115
0.999932349 -0.009497417 -0.006720676 0.723371983 0.009588132 0.999861598 0.013596898 -1.553862095 0.006590609 -0.013660417 0.999884963 61.365577698
0.999927521 -0.010091692 -0.006566037 0.673530757 0.010184773 0.999845862 0.014300526 -1.583966017 0.006420709 -0.014366365 0.999876201 61.753383636
0.999921739 -0.010519591 -0.006767251 0.686718047 0.010613199 0.999846339 0.013948639 -1.587411165 0.006619478 -0.014019370 0.999879837 62.304466248
0.999925137 -0.010368528 -0.006494154 0.718278408 0.010454190 0.999856949 0.013298674 -1.552455187 0.006355337 -0.013365570 0.999890447 62.822292328
0.999927878 -0.010504211 -0.005820848 0.714108229 0.010578328 0.999861419 0.012851949 -1.556860685 0.005685043 -0.012912598 0.999900460 63.319511414
0.999936163 -0.009507218 -0.006100884 0.711444080 0.009599321 0.999837637 0.015249421 -1.632595778 0.005954914 -0.015307013 0.999865115 63.787620544
0.999927044 -0.010044655 -0.006714962 0.722778976 0.010144708 0.999835491 0.015035822 -1.636257887 0.006562828 -0.015102847 0.999864459 64.343986511
0.999925017 -0.010362791 -0.006534869 0.748649120 0.010454486 0.999845028 0.014157206 -1.635723114 0.006387149 -0.014224462 0.999878466 64.859016418
0.999918818 -0.010740852 -0.006851556 0.743031681 0.010839627 0.999835551 0.014546208 -1.636421204 0.006694192 -0.014619297 0.999870718 65.324081421
0.999925733 -0.010088756 -0.006827104 0.754439712 0.010185036 0.999847054 0.014218052 -1.644780159 0.006682617 -0.014286531 0.999875665 65.858764648
0.999932706 -0.009623080 -0.006469157 0.771055937 0.009713617 0.999853253 0.014112676 -1.655115485 0.006332400 -0.014174566 0.999879479 66.383979797
0.999926925 -0.010181221 -0.006523021 0.761592150 0.010274152 0.999843895 0.014375109 -1.661219716 0.006375648 -0.014441076 0.999875367 66.924781799
0.999934196 -0.009622907 -0.006237991 0.757234931 0.009711257 0.999850810 0.014291349 -1.674949408 0.006099535 -0.014350990 0.999878407 67.381294250
0.999927282 -0.010036126 -0.006676794 0.777637601 0.010135748 0.999835253 0.015057926 -1.694875360 0.006524572 -0.015124507 0.999864280 67.907905579
0.999922693 -0.010220816 -0.007090203 0.810472667 0.010320597 0.999846160 0.014182218 -1.700130224 0.006944158 -0.014254294 0.999874294 68.438949585
0.999958575 -0.006820946 -0.006027102 0.830505550 0.006912419 0.999859214 0.015288521 -1.736189723 0.005921972 -0.015329549 0.999864936 68.885559082
0.999927342 -0.009968373 -0.006773930 0.844523072 0.010065629 0.999844491 0.014478315 -1.708086252 0.006628552 -0.014545447 0.999872267 69.354705811
0.999917448 -0.010697099 -0.007121246 0.853831172 0.010800534 0.999834359 0.014648319 -1.717515349 0.006963373 -0.014724021 0.999867380 69.902748108
0.999916792 -0.010842165 -0.006986490 0.866039515 0.010940782 0.999838769 0.014235604 -1.723717213 0.006831020 -0.014310857 0.999874294 70.460525513
0.999939084 -0.009406260 -0.005756000 0.861328483 0.009487486 0.999853432 0.014250925 -1.734363079 0.005621111 -0.014304671 0.999881864 70.929397583
0.999937057 -0.009230791 -0.006363509 0.871097445 0.009320318 0.999855876 0.014185735 -1.744648933 0.006231648 -0.014244153 0.999879181 71.421638489
0.999913692 -0.010746622 -0.007562662 0.950470150 0.010850939 0.999844611 0.013890563 -1.776276827 0.007412213 -0.013971427 0.999874949 71.843315125
0.999930739 -0.009875861 -0.006398535 0.889740705 0.009969708 0.999840677 0.014804758 -1.786973596 0.006251306 -0.014867525 0.999869943 72.217849731
0.999939680 -0.009027621 -0.006255545 0.885899961 0.009118059 0.999852061 0.014582730 -1.792872190 0.006122971 -0.014638890 0.999874115 72.750167847
0.999927819 -0.009848395 -0.006871733 0.912370503 0.009948224 0.999843240 0.014647699 -1.798111558 0.006726400 -0.014715004 0.999869108 73.234184265
0.999930382 -0.009883682 -0.006440568 0.895638049 0.009971092 0.999856651 0.013683898 -1.792641163 0.006304399 -0.013747165 0.999885619 73.841049194
0.999919355 -0.010574333 -0.007033539 0.940467000 0.010678642 0.999830902 0.014961395 -1.814016819 0.006874144 -0.015035297 0.999863327 74.274490356
0.999927402 -0.009884443 -0.006888912 0.926202297 0.009986400 0.999838710 0.014926299 -1.821794033 0.006740263 -0.014994012 0.999864817 74.826286316
0.999925435 -0.010117348 -0.006834364 0.940556645 0.010210290 0.999853909 0.013703940 -1.819954276 0.006694717 -0.013772700 0.999882698 75.381370544
0.999959290 -0.007339743 -0.005236884 0.982634783 0.007417654 0.999859691 0.015016382 -1.883726478 0.005125932 -0.015054615 0.999873459 75.842506409
0.999954998 -0.008723801 -0.003728697 0.967847109 0.008777141 0.999855816 0.014536405 -1.841028333 0.003601346 -0.014568480 0.999887407 76.359123230
0.999956489 -0.009092323 -0.002065631 0.963192940 0.009121124 0.999854922 0.014389307 -1.853733063 0.001934499 -0.014407523 0.999894381 76.920150757
0.999964654 -0.008361999 -0.000898651 0.961710095 0.008373823 0.999865890 0.014075145 -1.837473750 0.000780834 -0.014082172 0.999900579 77.478439331
0.999964893 -0.008103775 0.002176514 0.969581962 0.008071355 0.999862015 0.014513485 -1.852962852 -0.002293828 -0.014495406 0.999892294 77.944465637
0.999949574 -0.008245522 0.005738849 0.984839439 0.008159021 0.999855101 0.014936635 -1.860957861 -0.005861178 -0.014889056 0.999871969 78.466827393
0.999928832 -0.008229161 0.008639085 1.014352560 0.008104487 0.999863863 0.014368528 -1.874163747 -0.008756151 -0.014297489 0.999859452 78.999839783
0.999880850 -0.008026854 0.013177918 1.021617770 0.007837623 0.999866247 0.014349108 -1.876477599 -0.013291336 -0.014244117 0.999810219 79.522544861
0.999781966 -0.006927817 0.019694837 1.009437084 0.006641652 0.999871910 0.014558387 -1.872853279 -0.019793175 -0.014424407 0.999700010 80.018402100
0.999639869 -0.006837544 0.025950242 1.028494239 0.006471971 0.999879003 0.014145392 -1.876093745 -0.026043823 -0.013972349 0.999563158 80.576126099
0.999482989 -0.007261648 0.031320736 1.077088594 0.006799285 0.999866664 0.014843534 -1.891889095 -0.031424347 -0.014622901 0.999399126 81.076568604
0.999175072 -0.006580619 0.040073607 1.109837532 0.005995355 0.999873817 0.014707476 -1.887960672 -0.040165335 -0.014455086 0.999088466 81.624343872
0.998811305 -0.006590477 0.048295897 1.162240505 0.005883198 0.999873519 0.014772259 -1.914399862 -0.048387144 -0.014470564 0.998723745 82.119644165
0.998462200 -0.007671245 0.054903198 1.199841022 0.006887830 0.999871969 0.014444042 -1.856390715 -0.055006966 -0.014043666 0.998387218 82.599914551
0.997927368 -0.008066883 0.063842401 1.258895874 0.007211831 0.999881387 0.013612298 -1.859496117 -0.063944638 -0.013123665 0.997867107 83.144889832
0.997222722 -0.007289242 0.074119650 1.313477993 0.006290962 0.999886394 0.013693064 -1.873146892 -0.074211054 -0.013188750 0.997155368 83.704467773
0.996560037 -0.008317903 0.082455538 1.374468327 0.007213712 0.999880373 0.013680241 -1.883010268 -0.082559481 -0.013038371 0.996500909 84.250900269
0.995810390 -0.006730556 0.091194734 1.466183662 0.005413583 0.999877572 0.014681015 -1.917048335 -0.091282383 -0.014125817 0.995724916 84.702033997
0.994815469 -0.008090494 0.101373635 1.483086109 0.006700690 0.999878943 0.014042742 -1.877533674 -0.101474971 -0.013290662 0.994749308 85.266380310
0.993690193 -0.008876299 0.111808166 1.568550587 0.007379607 0.999877632 0.013792987 -1.880807877 -0.111916922 -0.012880853 0.993634105 85.807960510
0.992568374 -0.008371495 0.121400177 1.654388428 0.006689981 0.999876082 0.014251979 -1.901490688 -0.121504433 -0.013333901 0.992501318 86.337326050
0.991212130 -0.008073687 0.132035241 1.759635925 0.006264347 0.999880791 0.014113108 -1.902652025 -0.132133439 -0.013161968 0.991144538 86.898361206
0.989439905 -0.007605088 0.144744158 1.798767090 0.005656818 0.999887824 0.013866904 -1.878209233 -0.144833401 -0.012901676 0.989371896 87.444480896
0.987735510 -0.007786325 0.155941784 1.908242226 0.005731438 0.999890685 0.013622575 -1.886155725 -0.156030804 -0.012561733 0.987672329 87.992668152
0.986211717 -0.008104581 0.165290117 2.025948524 0.005891070 0.999886274 0.013877529 -1.895003557 -0.165383816 -0.012712447 0.986147344 88.534584045
0.983968675 -0.007505446 0.178183794 2.132155418 0.005045244 0.999885619 0.014256214 -1.905296803 -0.178270414 -0.013128687 0.983893931 89.079254150
0.981865585 -0.009220821 0.189353690 2.222375870 0.006587226 0.999872684 0.014532991 -1.898595572 -0.189463571 -0.013022128 0.981801391 89.469436646
0.979653955 -0.009064648 0.200489148 2.349758148 0.006283320 0.999875069 0.014504706 -1.904653549 -0.200595558 -0.012949855 0.979588568 90.002189636
0.976756573 -0.008085351 0.214199364 2.496940613 0.005044288 0.999878585 0.014740137 -1.909915328 -0.214292571 -0.013317044 0.976678729 90.566596985
0.973673761 -0.008234437 0.227797925 2.603199005 0.005015079 0.999879181 0.014707750 -1.911615729 -0.227891505 -0.013178120 0.973597348 90.977073669
0.970956743 -0.008945752 0.239087746 2.758018494 0.005583443 0.999875784 0.014736680 -1.917757630 -0.239189878 -0.012973747 0.970886052 91.518714905
0.967824161 -0.008728707 0.251475871 2.929843903 0.005003260 0.999868095 0.015449909 -1.942067981 -0.251577556 -0.013694597 0.967740238 92.031661987
0.964218915 -0.008898582 0.264957905 3.130334854 0.005091276 0.999873698 0.015052778 -1.953348041 -0.265058428 -0.013165200 0.964142442 92.479705811
0.960491598 -0.009537505 0.278145552 3.242778778 0.005698630 0.999877095 0.014606903 -1.908288240 -0.278250724 -0.012444759 0.960427880 93.101570129
0.957349539 -0.010903661 0.288726568 3.435798645 0.007127747 0.999874771 0.014126001 -1.914738297 -0.288844436 -0.011465550 0.957307339 93.614974976
0.952925205 -0.010265428 0.303031802 3.617097855 0.006216789 0.999878168 0.014322068 -1.914544106 -0.303141952 -0.011763976 0.952872872 94.166671753
0.948435485 -0.010528286 0.316795588 3.834205627 0.006368366 0.999879479 0.014163811 -1.918529510 -0.316906512 -0.011415989 0.948388159 94.699417114
0.944432676 -0.010559087 0.328535408 4.026029587 0.006314185 0.999882281 0.013984859 -1.924610615 -0.328644395 -0.011133324 0.944388032 95.236206055
0.940051317 -0.011021014 0.340855122 4.217144012 0.006719839 0.999882281 0.013796838 -1.934278131 -0.340967029 -0.010679245 0.940014660 95.706802368
0.934369564 -0.008457799 0.356204927 4.333457947 0.003436229 0.999885559 0.014727826 -1.890081286 -0.356288791 -0.012537231 0.934291720 96.103668213
0.929727495 -0.009983870 0.368112892 4.570268631 0.004807771 0.999876261 0.014975616 -1.886763811 -0.368216932 -0.012153438 0.929660499 96.638549805
0.925080836 -0.009601875 0.379648805 4.807464600 0.004661465 0.999892056 0.013930265 -1.891320109 -0.379741579 -0.011116901 0.925025821 97.152511597
0.919115007 -0.009150488 0.393883109 5.032936096 0.003680013 0.999886036 0.014641626 -1.905939817 -0.393972158 -0.012007841 0.919043958 97.614830017
0.913338900 -0.009701449 0.407084644 5.260959625 0.004312739 0.999890506 0.014152822 -1.885990620 -0.407177329 -0.011170673 0.913280785 98.147521973
0.908616900 -0.011031138 0.417484850 5.510528564 0.005470978 0.999879718 0.014512593 -1.896470070 -0.417594671 -0.010902339 0.908567965 98.621429443
0.903041601 -0.010566769 0.429422975 5.765357971 0.004820645 0.999883831 0.014466615 -1.907403708 -0.429525912 -0.010993862 0.902987599 99.098083496
0.896647930 -0.010941425 0.442608923 6.043029785 0.005066208 0.999882758 0.014454152 -1.931012988 -0.442715138 -0.010717938 0.896598220 99.579841614
0.890339792 -0.010777462 0.455168843 6.301509857 0.004876654 0.999888182 0.014136244 -1.936120629 -0.455270231 -0.010366362 0.890292883 100.081367493
0.884977221 -0.011744149 0.465486199 6.592231750 0.006079281 0.999888062 0.013669170 -1.932446361 -0.465594649 -0.009267082 0.884949565 100.560531616
0.876479328 -0.010457511 0.481325924 6.773513794 0.004079830 0.999889493 0.014294822 -1.903322339 -0.481422216 -0.010565388 0.876425147 101.041404724
0.869268000 -0.010655820 0.494226277 7.072208405 0.004142484 0.999889553 0.014272237 -1.911328554 -0.494323760 -0.010359076 0.869216144 101.516342163
0.863544762 -0.011358441 0.504144251 7.361419678 0.004876364 0.999887645 0.014174924 -1.920981169 -0.504248559 -0.009782291 0.863503098 101.974632263
