1.000000000 0.000000000 0.000000000 0.000000000 0.000000000 1.000000000 0.000000000 0.000000000 0.000000000 0.000000000 1.000000000 0.000000000
1.000000000 0.000022091 0.000034169 0.000299164 -0.000022095 1.000000000 0.000119958 -0.000719610 -0.000034166 -0.000119958 1.000000000 -0.000335764
1.000000000 0.000052222 -0.000122076 0.001080149 -0.000052218 1.000000000 0.000032746 -0.000506313 0.000122077 -0.000032740 1.000000000 -0.000770230
1.000000000 0.000020150 -0.000029083 0.000073677 -0.000020148 1.000000000 0.000047172 -0.000544153 0.000029084 -0.000047171 1.000000000 0.000350478
1.000000000 0.000070015 -0.000019961 -0.000498079 -0.000070014 1.000000000 0.000006729 -0.000064610 0.000019962 -0.000006727 1.000000000 -0.000455857
1.000000000 0.000059122 -0.000046230 -0.000297741 -0.000059124 1.000000000 -0.000044869 0.000093422 0.000046228 0.000044872 1.000000000 -0.000031483
1.000000000 0.000070607 -0.000072112 0.000607570 -0.000070610 1.000000000 -0.000046441 -0.000408344 0.000072109 0.000046446 1.000000000 -0.001132464
1.000000000 -0.000018690 -0.000071987 0.001008605 0.000018685 1.000000000 -0.000069042 0.000373862 0.000071988 0.000069041 1.000000000 -0.000309054
1.000000000 -0.000118692 0.000067255 0.000585599 0.000118693 1.000000000 -0.000011053 -0.000607542 -0.000067253 0.000011061 1.000000000 -0.002082619
1.000000000 -0.000218644 -0.000046467 0.000979289 0.000218640 1.000000000 -0.000089733 0.001318608 0.000046486 0.000089723 1.000000000 0.002566208
1.000000000 -0.000094083 -0.000043560 0.000409346 0.000094083 1.000000000 -0.000000406 -0.000013327 0.000043560 0.000000402 1.000000000 0.001860377
1.000000000 -0.000020216 0.000068513 -0.000611218 0.000020229 1.000000000 -0.000180124 0.002020327 -0.000068510 0.000180126 1.000000000 0.002764673
1.000000000 -0.000162045 0.000019937 -0.000561941 0.000162043 1.000000000 0.000056551 0.000302915 -0.000019946 -0.000056548 1.000000000 0.001597433
1.000000000 -0.000084575 0.000012741 -0.000297913 0.000084574 1.000000000 0.000077617 0.000055529 -0.000012747 -0.000077616 1.000000000 0.001283227
1.000000000 -0.000133977 -0.000095965 0.000605930 0.000133987 1.000000000 0.000107640 -0.000785379 0.000095951 -0.000107653 1.000000000 0.000471174
1.000000000 -0.000028985 -0.000031395 -0.000321662 0.000028985 1.000000000 -0.000014043 -0.000255359 0.000031396 0.000014042 1.000000000 -0.000413054
0.999999940 0.000232646 0.000182305 -0.001982726 -0.000232662 0.999999940 0.000085753 -0.000487038 -0.000182285 -0.000085795 1.000000000 0.000074906
1.000000000 -0.000041737 -0.000140116 0.000377110 0.000041721 1.000000000 -0.000114775 0.000749024 0.000140121 0.000114769 1.000000000 0.000462373
1.000000000 -0.000210769 -0.000000604 0.000249038 0.000210769 1.000000000 0.000005049 -0.000186146 0.000000603 -0.000005049 1.000000000 0.000707874
1.000000000 -0.000030325 0.000119034 -0.000233774 0.000030322 1.000000000 0.000019435 -0.000182147 -0.000119035 -0.000019431 1.000000000 0.000865330
1.000000000 0.000028502 0.000024093 -0.000910213 -0.000028501 1.000000000 -0.000062491 0.000606067 -0.000024095 0.000062490 1.000000000 0.001691432
1.000000000 -0.000074161 -0.000039810 -0.000158834 0.000074161 1.000000000 0.000003090 0.000614960 0.000039810 -0.000003093 1.000000000 0.000792188
1.000000000 -0.000031733 -0.000033484 0.000895156 0.000031735 1.000000000 0.000058026 0.000093858 0.000033483 -0.000058027 1.000000000 0.001812138
1.000000000 0.000078110 0.000145672 -0.000686056 -0.000078114 1.000000000 0.000029163 0.000778300 -0.000145670 -0.000029174 1.000000000 0.000319198
1.000000000 -0.000075664 -0.000056753 0.000664652 0.000075663 1.000000000 -0.000031143 0.000906853 0.000056755 0.000031138 1.000000000 0.001474220
1.000000000 0.000048997 0.000012302 -0.000490404 -0.000048996 1.000000000 -0.000065748 0.000794567 -0.000012305 0.000065748 1.000000000 0.000478995
1.000000000 0.000054251 0.000069618 -0.000372803 -0.000054245 1.000000000 -0.000077833 -0.000243810 -0.000069622 0.000077829 1.000000000 -0.000621498
1.000000000 0.000012513 -0.000059010 0.000040183 -0.000012516 1.000000000 -0.000058642 0.000344395 0.000059009 0.000058643 1.000000000 0.000303253
1.000000000 -0.000026445 -0.000023765 -0.001062686 0.000026446 1.000000000 0.000018718 0.001357191 0.000023765 -0.000018719 1.000000000 0.002721789
1.000000000 0.000062120 0.000170284 -0.001707782 -0.000062112 1.000000000 -0.000048212 0.001491585 -0.000170287 0.000048202 1.000000000 0.001883463
1.000000000 -0.000090666 -0.000068419 0.000270730 0.000090662 1.000000000 -0.000051146 0.001197356 0.000068423 0.000051140 1.000000000 0.000652475
1.000000000 0.000019398 0.000073616 -0.001617612 -0.000019399 1.000000000 0.000024897 0.000639176 -0.000073615 -0.000024899 1.000000000 0.002080918
1.000000000 -0.000011979 0.000129041 -0.001396828 0.000011984 1.000000000 -0.000037967 0.000048279 -0.000129041 0.000037968 1.000000000 0.000950239
1.000000000 -0.000094773 0.000031605 -0.000713303 0.000094773 1.000000000 -0.000010544 0.001113136 -0.000031604 0.000010547 1.000000000 0.002003097
1.000000000 -0.000035745 0.000123475 -0.001456938 0.000035756 1.000000000 -0.000084332 0.002259220 -0.000123472 0.000084337 1.000000000 0.003761832
1.000000000 0.000095871 0.000162768 -0.002381161 -0.000095856 1.000000000 -0.000092709 0.002802647 -0.000162777 0.000092693 1.000000000 0.003529319
1.000000000 -0.000192433 0.000048978 -0.000851841 0.000192432 1.000000000 0.000017571 0.000880022 -0.000048981 -0.000017562 1.000000000 0.001984548
1.000000000 -0.000037667 0.000067904 -0.001136348 0.000037662 1.000000000 0.000066167 0.000870528 -0.000067907 -0.000066164 1.000000000 0.001658181
1.000000000 -0.000133531 0.000018745 -0.000554522 0.000133532 1.000000000 -0.000025779 0.001310476 -0.000018742 0.000025781 1.000000000 0.002076672
0.999999940 -0.000017245 0.000253961 -0.001844951 0.000017239 1.000000000 0.000022488 -0.000365089 -0.000253961 -0.000022483 0.999999940 0.002100666
0.999999940 -0.000091722 0.000331600 -0.001595544 0.000091951 0.999999762 -0.000691426 -0.001515817 -0.000331537 0.000691457 0.999999702 0.052691415
0.999999940 0.000172747 0.000222222 -0.000349958 -0.000172462 0.999999166 -0.001282581 -0.004344969 -0.000222444 0.001282543 0.999999166 0.134422660
0.999999881 0.000452332 0.000030634 0.003081567 -0.000452286 0.999998808 -0.001487541 -0.003614361 -0.000031307 0.001487528 0.999998868 0.254755139
0.999999940 0.000255827 0.000048760 0.004251459 -0.000255769 0.999999285 -0.001172046 -0.013602641 -0.000049060 0.001172033 0.999999285 0.382703781
0.999999940 0.000310911 0.000106988 0.007613726 -0.000310797 0.999999404 -0.001068140 -0.016858252 -0.000107320 0.001068107 0.999999404 0.526898742
1.000000000 0.000106575 -0.000014921 0.014142236 -0.000106593 0.999999285 -0.001195649 -0.018847805 0.000014793 0.001195651 0.999999285 0.681139529
0.999999940 0.000148124 0.000239702 0.016076738 -0.000147877 0.999999464 -0.001028837 -0.021645704 -0.000239854 0.001028801 0.999999464 0.851041615
0.999999821 0.000574489 0.000248813 0.015126525 -0.000574294 0.999999523 -0.000783153 -0.026446011 -0.000249263 0.000783010 0.999999642 1.018082976
0.999999940 0.000280175 0.000269400 0.017861322 -0.000280117 0.999999940 -0.000216166 -0.036052685 -0.000269461 0.000216090 0.999999940 1.188082576
0.999999940 0.000272046 0.000170017 0.018738963 -0.000271945 0.999999762 -0.000593863 -0.034362655 -0.000170179 0.000593816 0.999999821 1.377208233
0.999999940 0.000386122 -0.000117745 0.030059224 -0.000386179 0.999999821 -0.000491651 -0.042452589 0.000117555 0.000491697 0.999999881 1.581357121
0.999998987 0.001040818 0.000957102 0.018114768 -0.001040165 0.999999225 -0.000682555 -0.042266715 -0.000957812 0.000681559 0.999999285 1.768963933
0.999999881 0.000468457 0.000058928 0.041219629 -0.000468421 0.999999702 -0.000606624 -0.047192726 -0.000059212 0.000606596 0.999999821 1.962470770
0.999999464 0.000513889 0.000908724 0.030941240 -0.000513232 0.999999583 -0.000723438 -0.053130023 -0.000909095 0.000722972 0.999999344 2.183467388
0.999999225 0.000863002 0.000922423 0.033421043 -0.000862752 0.999999583 -0.000271459 -0.068365991 -0.000922657 0.000270663 0.999999523 2.380591631
0.999998987 0.001414962 -0.000221441 0.057163596 -0.001414975 0.999998927 -0.000058966 -0.078229323 0.000221358 0.000059279 1.000000000 2.615162849
0.999999702 0.000762349 0.000095332 0.065389156 -0.000762375 0.999999523 0.000279951 -0.089848988 -0.000095119 -0.000280024 1.000000000 2.831894159
0.999999106 0.001293396 0.000015801 0.070620522 -0.001293381 0.999998689 -0.000877432 -0.083654396 -0.000016936 0.000877411 0.999999642 3.088846922
0.999999464 0.001009132 -0.000341400 0.081198588 -0.001009536 0.999998629 -0.001186395 -0.086528771 0.000340202 0.001186739 0.999999285 3.325247765
0.999999464 0.001094780 -0.000023640 0.080401540 -0.001094774 0.999999344 0.000254985 -0.111092158 0.000023919 -0.000254959 1.000000000 3.547509670
0.999999523 0.000839461 -0.000301534 0.081591785 -0.000839456 0.999999642 0.000019395 -0.114722714 0.000301551 -0.000019142 0.999999940 3.824799538
0.999999583 0.000862723 -0.000180730 0.082015298 -0.000862790 0.999999583 -0.000370413 -0.118659772 0.000180410 0.000370569 0.999999940 4.086351871
0.999999523 0.000980889 -0.000104110 0.086654067 -0.000980874 0.999999523 0.000152906 -0.127375245 0.000104260 -0.000152804 1.000000000 4.340436935
0.999999642 0.000837824 0.000008353 0.093016811 -0.000837826 0.999999642 0.000184660 -0.134177223 -0.000008198 -0.000184667 1.000000000 4.587113857
0.999998987 0.001375519 -0.000251213 0.104671612 -0.001375587 0.999999046 -0.000270382 -0.132117569 0.000250841 0.000270727 0.999999881 4.862696171
0.999999166 0.001275037 -0.000250598 0.107950687 -0.001275111 0.999999166 -0.000295103 -0.137212515 0.000250221 0.000295422 0.999999940 5.122172356
0.999998391 0.001825216 0.000029543 0.111443795 -0.001825201 0.999998271 -0.000504950 -0.146699086 -0.000030465 0.000504895 0.999999881 5.386967659
0.999999285 0.001170103 0.000123856 0.109615974 -0.001170140 0.999999285 0.000303479 -0.162127808 -0.000123501 -0.000303624 0.999999940 5.648016930
0.999998808 0.001532755 0.000289414 0.111360334 -0.001532812 0.999998868 0.000197417 -0.170249164 -0.000289111 -0.000197861 0.999999940 5.915164948
0.999999464 0.001009201 0.000204311 0.121298276 -0.001009273 0.999999404 0.000350428 -0.178712800 -0.000203957 -0.000350634 0.999999940 6.194997787
0.999998748 0.001571335 0.000213289 0.124160171 -0.001571416 0.999998748 0.000380796 -0.186681688 -0.000212690 -0.000381130 0.999999881 6.468686581
0.999998927 0.001479615 0.000114128 0.131937280 -0.001479675 0.999998748 0.000534781 -0.198855132 -0.000113337 -0.000534950 0.999999762 6.751765728
0.999997973 0.001975675 0.000391009 0.134049654 -0.001975760 0.999998033 0.000216387 -0.203773186 -0.000390580 -0.000217159 0.999999821 7.054015636
0.999998689 0.001630794 0.000191902 0.142877489 -0.001630821 0.999998629 0.000143420 -0.210521579 -0.000191668 -0.000143733 0.999999881 7.349412918
0.999998569 0.001705106 0.000319997 0.148879290 -0.001704940 0.999998391 -0.000517032 -0.212693989 -0.000320878 0.000516486 0.999999762 7.664342880
0.999998748 0.001615921 0.000298537 0.158865869 -0.001616052 0.999998569 0.000439503 -0.231318265 -0.000297826 -0.000439985 0.999999881 7.957764626
0.999999583 0.000906227 0.000085996 0.169313595 -0.000906351 0.999998510 0.001457831 -0.255498052 -0.000084675 -0.001457909 0.999998868 8.260483742
0.999999344 0.001073758 0.000328014 0.173962653 -0.001074200 0.999998450 0.001348043 -0.262920022 -0.000326566 -0.001348394 0.999998987 8.593859673
0.999999166 0.001164969 0.000653829 0.177055925 -0.001165813 0.999998450 0.001292305 -0.270513326 -0.000652322 -0.001293066 0.999998927 8.933012009
0.999999225 0.001115718 0.000645920 0.183789968 -0.001116677 0.999998212 0.001485925 -0.283615381 -0.000644261 -0.001486645 0.999998689 9.262721062
0.999998689 0.001434734 0.000727037 0.188167632 -0.001435691 0.999998033 0.001317955 -0.287180275 -0.000725144 -0.001318997 0.999998808 9.625352859
0.999998748 0.001084406 0.001119889 0.190966636 -0.001086577 0.999997437 0.001939448 -0.306927085 -0.001117783 -0.001940662 0.999997437 9.943560600
0.999999523 0.000931342 0.000294312 0.203744054 -0.000931753 0.999998510 0.001399503 -0.308351696 -0.000293008 -0.001399776 0.999998927 10.308876038
0.999999404 0.000999623 0.000458757 0.212313592 -0.001000384 0.999998093 0.001660065 -0.321235090 -0.000457096 -0.001660523 0.999998510 10.663599014
1.000000000 0.000442528 0.000123897 0.224336773 -0.000442704 0.999998868 0.001421103 -0.327633917 -0.000123268 -0.001421158 0.999998987 11.016023636
0.999999583 0.000710872 0.000439728 0.227605700 -0.000711319 0.999999166 0.001016462 -0.335777849 -0.000439005 -0.001016774 0.999999404 11.406174660
0.999999702 0.000588278 0.000441977 0.242956221 -0.000588898 0.999998748 0.001403945 -0.346993566 -0.000441151 -0.001404205 0.999998868 11.771353722
0.999999464 0.000787403 0.000650180 0.242942095 -0.000788174 0.999998987 0.001185905 -0.358653128 -0.000649245 -0.001186417 0.999999106 12.160597801
0.999999821 0.000392204 0.000458520 0.255710661 -0.000392778 0.999999106 0.001253080 -0.369386137 -0.000458028 -0.001253260 0.999999046 12.558232307
0.999999583 0.000593526 0.000755678 0.261331022 -0.000594782 0.999998450 0.001662977 -0.381288618 -0.000754690 -0.001663426 0.999998271 12.946597099
0.999999523 0.000825965 0.000421841 0.270681441 -0.000826620 0.999998391 0.001556209 -0.394986033 -0.000420555 -0.001556557 0.999998689 13.347124100
0.999999225 0.000536671 0.001177091 0.275823414 -0.000538397 0.999998689 0.001466468 -0.402395070 -0.001176302 -0.001467100 0.999998212 13.761663437
0.999999583 0.000193397 0.000887530 0.285538673 -0.000194863 0.999998569 0.001651396 -0.414209127 -0.000887210 -0.001651568 0.999998271 14.173613548
0.999999285 0.000285805 0.001148011 0.296181828 -0.000287607 0.999998748 0.001569675 -0.426226348 -0.001147561 -0.001570004 0.999998093 14.591808319
0.999998212 0.000778259 0.001719633 0.301546156 -0.000781299 0.999998212 0.001768029 -0.436944604 -0.001718254 -0.001769369 0.999996960 15.022336960
0.999998868 0.000427709 0.001450950 0.317923754 -0.000430125 0.999998510 0.001665064 -0.447949469 -0.001450235 -0.001665686 0.999997556 15.437934875
0.999998331 0.000270607 0.001864064 0.327190012 -0.000273085 0.999999046 0.001329204 -0.459210992 -0.001863703 -0.001329711 0.999997377 15.874334335
0.999998093 0.000253796 0.001904616 0.337339967 -0.000256853 0.999998629 0.001605104 -0.471181929 -0.001904206 -0.001605590 0.999996901 16.319322586
0.999997318 0.000536250 0.002247255 0.346599877 -0.000539438 0.999998868 0.001417943 -0.482840925 -0.002246493 -0.001419151 0.999996424 16.765075684
0.999996424 0.000579857 0.002606324 0.356896371 -0.000583756 0.999998689 0.001495592 -0.496026486 -0.002605454 -0.001497108 0.999995470 17.217670441
0.999996006 0.000511150 0.002781084 0.365862608 -0.000516191 0.999998212 0.001812521 -0.507610202 -0.002780151 -0.001813948 0.999994516 17.679452896
0.999994099 0.000868509 0.003333581 0.373041362 -0.000872891 0.999998748 0.001313447 -0.515783668 -0.003332436 -0.001316349 0.999993563 18.150680542
0.999995828 0.000745441 0.002809754 0.396378279 -0.000749015 0.999998868 0.001271331 -0.526349485 -0.002808803 -0.001273430 0.999995232 18.617008209
0.999993324 0.000965398 0.003501808 0.401122212 -0.000971364 0.999998033 0.001702394 -0.545897186 -0.003500157 -0.001705784 0.999992430 19.076419830
0.999993742 0.000543035 0.003461289 0.417109370 -0.000549402 0.999998152 0.001838563 -0.557811201 -0.003460285 -0.001840453 0.999992311 19.559310913
0.999995649 0.000028889 0.002940120 0.431404263 -0.000034361 0.999998212 0.001861267 -0.571429670 -0.002940061 -0.001861360 0.999993920 20.035072327
0.999994218 0.000878252 0.003328111 0.432223618 -0.000883898 0.999998093 0.001695388 -0.585682392 -0.003326617 -0.001698320 0.999993026 20.525665283
0.999992371 0.001467319 0.003627201 0.438190162 -0.001473164 0.999997497 0.001609281 -0.594970822 -0.003624830 -0.001614612 0.999992132 21.026275635
0.999994874 0.000759911 0.003105971 0.449873954 -0.000764376 0.999998629 0.001436629 -0.601419747 -0.003104875 -0.001438995 0.999994159 21.533794403
0.999997139 0.000581073 0.002332157 0.459905505 -0.000585452 0.999998093 0.001877361 -0.625450492 -0.002331062 -0.001878720 0.999995470 22.026514053
0.999998391 0.000558871 0.001719493 0.476960212 -0.000562649 0.999997437 0.002197446 -0.638090611 -0.001718260 -0.002198409 0.999996066 22.537403107
0.999998331 0.000947954 0.001508830 0.478964031 -0.000950777 0.999997735 0.001871260 -0.651412487 -0.001507054 -0.001872692 0.999997139 23.055418015
0.999999344 0.001019836 0.000469678 0.493100047 -0.001020618 0.999998093 0.001666373 -0.667570591 -0.000467978 -0.001666851 0.999998510 23.582675934
1.000000000 -0.000001502 0.000150863 0.500523865 0.000001348 0.999999464 0.001024334 -0.677467346 -0.000150864 -0.001024334 0.999999464 24.101760864
0.999999702 0.000702437 -0.000471016 0.510197282 -0.000701740 0.999998629 0.001479520 -0.691373169 0.000472054 -0.001479189 0.999998808 24.639484406
0.999997973 0.001294948 -0.001515370 0.525693715 -0.001292466 0.999997795 0.001637735 -0.708264053 0.001517488 -0.001635773 0.999997497 25.169712067
0.999998152 0.001157697 -0.001530526 0.532527745 -0.001155157 0.999997914 0.001658966 -0.721325994 0.001532443 -0.001657195 0.999997437 25.716812134
0.999997139 0.001164738 -0.002120705 0.545355201 -0.001160974 0.999997735 0.001775233 -0.738583505 0.002122768 -0.001772765 0.999996185 26.266778946
0.999995172 0.000486277 -0.003074375 0.551570714 -0.000478556 0.999996722 0.002511695 -0.753885150 0.003075586 -0.002510211 0.999992132 26.808130264
0.999994278 0.000525920 -0.003359423 0.563581705 -0.000516068 0.999995530 0.002932796 -0.779345810 0.003360950 -0.002931046 0.999990106 27.346891403
0.999991953 0.002033936 -0.003435021 0.566263676 -0.002026777 0.999995768 0.002086458 -0.789291799 0.003439250 -0.002079480 0.999991953 27.908376694
0.999991417 0.001865117 -0.003701629 0.570668101 -0.001856024 0.999995351 0.002458183 -0.798509240 0.003706196 -0.002451292 0.999990106 28.434181213
0.999990404 0.001075902 -0.004248221 0.581144094 -0.001066993 0.999997258 0.002098762 -0.808303833 0.004250468 -0.002094209 0.999988735 28.977163315
0.999988675 0.001792568 -0.004403004 0.589190364 -0.001780700 0.999994755 0.002698039 -0.829907835 0.004407818 -0.002690168 0.999986589 29.531648636
0.999986708 0.001831222 -0.004838550 0.593823671 -0.001817455 0.999994278 0.002848300 -0.842026412 0.004843739 -0.002839468 0.999984264 30.074916840
0.999985039 0.001897176 -0.005128112 0.608009934 -0.001882566 0.999994159 0.002852305 -0.860324144 0.005133493 -0.002842608 0.999982774 30.613880157
0.999983907 0.001766898 -0.005386492 0.613398969 -0.001752065 0.999994576 0.002757153 -0.872925043 0.005391335 -0.002747671 0.999981701 31.170291901
0.999981225 0.001994863 -0.005796671 0.621477842 -0.001978073 0.999993801 0.002900760 -0.884656787 0.005802422 -0.002889240 0.999978960 31.722043991
0.999977708 0.002101884 -0.006337078 0.636429846 -0.002084722 0.999994159 0.002713593 -0.901941359 0.006342746 -0.002700322 0.999976218 32.262924194
0.999979854 0.002099199 -0.005991847 0.634022415 -0.002082018 0.999993682 0.002872246 -0.909656942 0.005997839 -0.002859713 0.999977946 32.805824280
0.999975443 0.002862310 -0.006391413 0.641578615 -0.002844785 0.999992132 0.002749385 -0.924889863 0.006399232 -0.002731135 0.999975860 33.342380524
0.999977887 0.002334522 -0.006228457 0.646788359 -0.002318524 0.999993980 0.002574591 -0.933604836 0.006234430 -0.002560094 0.999977291 33.909969330
0.999977112 0.002532260 -0.006273494 0.647730708 -0.002516201 0.999993503 0.002566323 -0.947488546 0.006279951 -0.002550479 0.999977052 34.459087372
0.999976635 0.002354941 -0.006420780 0.659643590 -0.002337240 0.999993443 0.002762897 -0.964312553 0.006427244 -0.002747826 0.999975502 34.998516083
0.999977827 0.002301928 -0.006250969 0.664947629 -0.002286159 0.999994159 0.002528613 -0.976215661 0.006256753 -0.002514266 0.999977231 35.552253723
0.999976397 0.002071018 -0.006561475 0.676647782 -0.002050104 0.999992728 0.003192554 -1.002144694 0.006568040 -0.003179027 0.999973357 36.090515137
0.999975860 0.002454176 -0.006486923 0.677949488 -0.002439006 0.999994278 0.002345288 -1.003082991 0.006492641 -0.002329410 0.999976218 36.633117676
0.999960303 0.002476647 -0.008553852 0.692718029 -0.002455767 0.999993980 0.002450636 -1.014597058 0.008559870 -0.002429532 0.999960423 37.179416656
0.999962270 0.003314269 -0.008011485 0.689761877 -0.003298700 0.999992669 0.001955752 -1.020751119 0.008017907 -0.001929251 0.999965966 37.725410461
0.999974310 0.002472823 -0.006721280 0.688962638 -0.002454560 0.999993265 0.002724134 -1.058049202 0.006727971 -0.002707566 0.999973655 38.250804901
0.999976218 0.002058256 -0.006580575 0.692455411 -0.002041008 0.999994397 0.002626814 -1.072129250 0.006585945 -0.002613320 0.999974847 38.794338226
0.999975622 0.002814899 -0.006393821 0.700400770 -0.002797298 0.999992251 0.002760197 -1.089374185 0.006401541 -0.002742244 0.999975801 39.343914032
0.999970376 0.002556895 -0.007263861 0.718624115 -0.002534965 0.999992132 0.003026803 -1.099322081 0.007271544 -0.003008299 0.999969006 39.890087128
0.999967039 0.002162287 -0.007826411 0.733901024 -0.002138754 0.999993205 0.003014004 -1.117044091 0.007832875 -0.002997166 0.999964774 40.422321320
0.999971032 0.002742709 -0.007105451 0.735308230 -0.002726818 0.999993742 0.002245231 -1.117680430 0.007111564 -0.002225791 0.999972224 40.990772247
0.999968886 0.002581219 -0.007454170 0.731894970 -0.002562886 0.999993682 0.002467845 -1.128481388 0.007460492 -0.002448664 0.999969184 41.518516541
0.999966025 0.003033055 -0.007671596 0.747633576 -0.003010827 0.999991238 0.002907462 -1.150038004 0.007680347 -0.002884265 0.999966443 42.053657532
0.999966741 0.003175304 -0.007507440 0.752268434 -0.003156555 0.999991894 0.002507875 -1.158033967 0.007515342 -0.002484094 0.999968708 42.609596252
0.999964237 0.003614679 -0.007633708 0.769079685 -0.003593461 0.999989748 0.002791354 -1.175901771 0.007643718 -0.002763823 0.999966979 43.146804810
0.999966979 0.002583282 -0.007708157 0.762214124 -0.002562330 0.999992967 0.002726793 -1.186716437 0.007715148 -0.002706952 0.999966502 43.697814941
0.999962926 0.002365806 -0.008281399 0.773632050 -0.002340531 0.999992549 0.003060339 -1.204057932 0.008288577 -0.003040842 0.999961019 44.232112885
0.999971330 0.002829508 -0.007017978 0.765342355 -0.002812340 0.999993026 0.002455027 -1.211622953 0.007024875 -0.002435220 0.999972343 44.775936127
0.999966383 0.003035309 -0.007617463 0.775703430 -0.003018248 0.999992907 0.002250145 -1.217491150 0.007624239 -0.002227078 0.999968469 45.326900482
0.999967694 0.002946503 -0.007485447 0.787579179 -0.002928593 0.999992847 0.002402476 -1.233332992 0.007492472 -0.002380477 0.999969125 45.864017487
0.999967396 0.002404071 -0.007708078 0.794683576 -0.002389747 0.999995351 0.001867081 -1.244883418 0.007712531 -0.001848599 0.999968588 46.399871826
0.999963760 0.003132042 -0.007919971 0.797866225 -0.003112817 0.999992192 0.002438542 -1.262034178 0.007927547 -0.002413800 0.999965668 46.947341919
0.999968588 0.003118731 -0.007292501 0.801413178 -0.003102393 0.999992728 0.002250573 -1.274116039 0.007299467 -0.002227877 0.999970913 47.487419128
0.999969006 0.003697418 -0.006949372 0.791752696 -0.003685555 0.999991715 0.001719101 -1.278734803 0.006955670 -0.001693435 0.999974370 48.056510925
0.999967039 0.003297782 -0.007410472 0.800891399 -0.003278532 0.999991238 0.002608430 -1.298187852 0.007419009 -0.002584049 0.999969125 48.583457947
0.999967933 0.002880696 -0.007464117 0.814473152 -0.002857626 0.999991119 0.003099598 -1.317021847 0.007472980 -0.003078169 0.999967337 49.118682861
0.999971509 0.003269130 -0.006810942 0.812981963 -0.003252721 0.999991775 0.002419130 -1.323701739 0.006818794 -0.002396907 0.999973893 49.679206848
0.999973893 0.002794175 -0.006670507 0.799458146 -0.002776698 0.999992669 0.002627889 -1.343730330 0.006677801 -0.002609298 0.999974310 50.232975006
0.999968529 0.002965312 -0.007359073 0.819029093 -0.002947173 0.999992609 0.002474476 -1.354492188 0.007366357 -0.002452709 0.999969780 50.762340546
0.999969125 0.003101491 -0.007220012 0.826987386 -0.003084461 0.999992371 0.002368649 -1.366792560 0.007227304 -0.002346306 0.999971092 51.318794250
0.999965787 0.002883649 -0.007746826 0.835938334 -0.002864603 0.999992847 0.002468412 -1.384283543 0.007753888 -0.002446136 0.999966919 51.870998383
0.999963105 0.002882089 -0.008093719 0.856936693 -0.002863556 0.999993265 0.002300499 -1.393628240 0.008100295 -0.002277239 0.999964535 52.379226685
0.999965608 0.002802651 -0.007805016 0.857197583 -0.002783594 0.999993145 0.002451418 -1.409102201 0.007811833 -0.002429608 0.999966502 52.915306091
0.999962747 0.003166107 -0.008047281 0.863636017 -0.003146583 0.999992073 0.002437625 -1.422175407 0.008054935 -0.002412213 0.999964654 53.460884094
0.999965847 0.002776476 -0.007788617 0.875336885 -0.002754950 0.999992371 0.002773052 -1.439879298 0.007796256 -0.002751500 0.999965847 54.002647400
0.999965310 0.003109629 -0.007727042 0.869667053 -0.003091986 0.999992549 0.002294160 -1.443389416 0.007734118 -0.002270188 0.999967515 54.553089142
0.999968171 0.003263641 -0.007283282 0.867638469 -0.003248248 0.999992430 0.002124233 -1.456730962 0.007290159 -0.002100507 0.999971271 55.104187012
0.999964714 0.003134504 -0.007792924 0.885520041 -0.003116730 0.999992430 0.002291941 -1.472131133 0.007800050 -0.002267572 0.999966979 55.636589050
0.999960899 0.002857785 -0.008367063 0.894797683 -0.002840838 0.999993920 0.002036619 -1.483444095 0.008372832 -0.002012770 0.999962926 56.174304962
0.999963582 0.002924460 -0.008019886 0.909593999 -0.002906174 0.999993145 0.002290879 -1.504698396 0.008026531 -0.002267488 0.999965250 56.703956604
0.999961495 0.003227302 -0.008157634 0.912729800 -0.003209376 0.999992371 0.002209692 -1.515096068 0.008164703 -0.002183426 0.999964297 57.261356354
0.999950290 0.003298742 -0.009406651 0.924649715 -0.003271431 0.999990344 0.002917308 -1.536916375 0.009416183 -0.002886390 0.999951541 57.798938751
0.999964118 0.003264956 -0.007818160 0.918204069 -0.003248969 0.999992549 0.002056509 -1.540328145 0.007824816 -0.002031035 0.999967337 58.341434479
0.999964595 0.003379704 -0.007709391 0.922063231 -0.003365640 0.999992669 0.001836488 -1.549955845 0.007715540 -0.001810476 0.999968648 58.888294220
0.999967217 0.003564235 -0.007267048 0.927326798 -0.003549852 0.999991715 0.001991279 -1.568923831 0.007274085 -0.001965417 0.999971688 59.428131104
0.999960899 0.003595886 -0.008069993 0.939776957 -0.003583216 0.999992311 0.001584034 -1.573791385 0.008075627 -0.001555056 0.999966145 59.950263977
0.999963343 0.003884046 -0.007629774 0.940997362 -0.003868460 0.999990344 0.002056663 -1.588022351 0.007637688 -0.002027072 0.999968767 60.502483368
0.999962926 0.003708598 -0.007770316 0.954906225 -0.003694027 0.999991357 0.001888911 -1.603769422 0.007777253 -0.001860137 0.999967992 61.044521332
0.999961853 0.003893260 -0.007809577 0.952357948 -0.003882270 0.999991417 0.001421945 -1.610340595 0.007815045 -0.001391572 0.999968469 61.583633423
0.999961376 0.003801237 -0.007929214 0.956866384 -0.003793602 0.999992430 0.000977703 -1.622939110 0.007932870 -0.000947585 0.999968052 62.133968353
0.999965608 0.004417599 -0.007017007 0.954993486 -0.004407922 0.999989450 0.001393941 -1.640965462 0.007023090 -0.001362963 0.999974430 62.684242249
0.999966919 0.004294455 -0.006906912 0.963201404 -0.004284350 0.999989808 0.001477149 -1.652131796 0.006913185 -0.001447508 0.999975026 63.223197937
0.999952734 0.004394088 -0.008673502 0.998155713 -0.004377358 0.999988437 0.001946840 -1.683208823 0.008681957 -0.001908780 0.999960482 63.721370697
0.999956608 0.004275887 -0.008275861 0.998749912 -0.004261268 0.999989271 0.001783322 -1.695741415 0.008283397 -0.001747978 0.999964178 64.271705627
0.999955416 0.004827421 -0.008105587 1.009854198 -0.004809248 0.999985814 0.002260007 -1.709267139 0.008116382 -0.002220925 0.999964535 64.802505493
0.999958098 0.004270048 -0.008096769 1.002548575 -0.004260052 0.999990165 0.001251438 -1.712942719 0.008102031 -0.001216893 0.999966502 65.345031738
0.999956012 0.004111085 -0.008421275 1.020644903 -0.004095980 0.999989986 0.001810125 -1.736008883 0.008428632 -0.001775552 0.999962866 65.874633789
0.999958515 0.004325401 -0.008009937 1.020157337 -0.004314441 0.999989688 0.001385118 -1.744454980 0.008015846 -0.001350502 0.999966979 66.431106567
0.999951780 0.004340434 -0.008803721 1.035662889 -0.004326323 0.999989331 0.001621344 -1.764330864 0.008810664 -0.001583178 0.999959946 66.974029541
0.999951959 0.004082859 -0.008911273 1.042805433 -0.004063723 0.999989390 0.002164502 -1.782288790 0.008920018 -0.002128185 0.999957919 67.501052856
0.999950230 0.004575311 -0.008871924 1.052196026 -0.004552274 0.999986231 0.002615089 -1.803380013 0.008883767 -0.002574571 0.999957263 68.031753540
0.999952495 0.005034792 -0.008348973 1.056520939 -0.005016277 0.999984860 0.002237112 -1.817692518 0.008360109 -0.002195125 0.999962628 68.585533142
0.999955893 0.004269375 -0.008360392 1.044310808 -0.004252443 0.999988794 0.002041944 -1.827240586 0.008369016 -0.002006302 0.999962986 69.109939575
0.999958336 0.004420200 -0.007986035 1.049427032 -0.004404844 0.999988317 0.001939309 -1.835860491 0.007994514 -0.001904051 0.999966264 69.657089233
0.999955773 0.004340544 -0.008343317 1.063947439 -0.004322738 0.999988317 0.002150894 -1.854729414 0.008352555 -0.002114733 0.999962866 70.184059143
0.999952734 0.004086875 -0.008821023 1.079693317 -0.004061763 0.999987602 0.002862833 -1.874367952 0.008832613 -0.002826869 0.999956965 70.726554871
0.999954045 0.005000073 -0.008188288 1.068053722 -0.004986812 0.999986172 0.001639064 -1.872108340 0.008196370 -0.001598156 0.999965072 71.260261536
0.999953330 0.004767062 -0.008405141 1.077767134 -0.004745738 0.999985397 0.002555260 -1.907524824 0.008417200 -0.002515253 0.999961376 71.804092407
0.999954402 0.004657955 -0.008343080 1.086385012 -0.004639046 0.999986708 0.002284269 -1.922990084 0.008353609 -0.002245461 0.999962568 72.349174500
0.999956310 0.004600842 -0.008137697 1.085228324 -0.004580392 0.999986291 0.002529897 -1.941165686 0.008149225 -0.002492513 0.999963701 72.900245667
0.999955058 0.005087262 -0.007989458 1.087242126 -0.005067857 0.999984205 0.002447236 -1.953601360 0.008001780 -0.002406637 0.999965131 73.444709778
0.999955714 0.004842327 -0.008061142 1.093976736 -0.004821796 0.999985099 0.002564393 -1.969309092 0.008073439 -0.002525410 0.999964237 73.979095459
0.999957144 0.004625198 -0.008022881 1.102943659 -0.004602506 0.999985337 0.002844580 -1.981895566 0.008035921 -0.002807533 0.999963760 74.519050598
0.999959350 0.004893005 -0.007581521 1.104144812 -0.004871204 0.999983966 0.002891276 -1.998114944 0.007595547 -0.002854227 0.999967098 75.060470581
0.999957085 0.004497215 -0.008090183 1.113231182 -0.004478407 0.999987185 0.002341527 -2.007083654 0.008100610 -0.002305196 0.999964476 75.603584290
0.999952674 0.005458592 -0.008054204 1.115966082 -0.005436468 0.999981403 0.002765987 -2.023544788 0.008069153 -0.002722069 0.999963701 76.148902893
0.999963582 0.004508251 -0.007245757 1.123836517 -0.004494614 0.999988079 0.001897306 -2.033080339 0.007254224 -0.001864670 0.999971926 76.694908142
0.999958873 0.004332440 -0.007964348 1.131425142 -0.004313855 0.999988079 0.002349241 -2.048639059 0.007974430 -0.002314787 0.999965549 77.229270935
0.999956012 0.003822751 -0.008562714 1.143300533 -0.003800422 0.999989390 0.002622519 -2.068846941 0.008572647 -0.002589862 0.999959946 77.765571594
0.999960959 0.004645399 -0.007498014 1.138056517 -0.004626705 0.999986112 0.002508602 -2.081334591 0.007509564 -0.002473813 0.999968708 78.323097229
0.999959767 0.004547532 -0.007729746 1.149441957 -0.004526850 0.999986112 0.002691078 -2.095342398 0.007741877 -0.002655978 0.999966502 78.865013123
0.999956965 0.004619140 -0.008036358 1.157685161 -0.004600082 0.999986589 0.002388339 -2.109470367 0.008047283 -0.002351269 0.999964893 79.406936646
0.999959350 0.004592260 -0.007763164 1.163836956 -0.004576595 0.999987483 0.002034576 -2.119088411 0.007772410 -0.001998964 0.999967813 79.946418762
0.999969125 0.004441877 -0.006486194 1.170256257 -0.004427563 0.999987721 0.002219553 -2.132752419 0.006495974 -0.002190766 0.999976456 80.497612000
0.999971569 0.005058879 -0.005599011 1.177663088 -0.005044534 0.999983966 0.002573266 -2.150694847 0.005611939 -0.002544949 0.999980986 81.040367126
0.999979079 0.004966292 -0.004129913 1.188784719 -0.004956721 0.999985039 0.002324506 -2.165356159 0.004141395 -0.002303987 0.999988794 81.583297729
0.999985635 0.004544400 -0.002819736 1.200998664 -0.004538290 0.999987364 0.002169478 -2.179132462 0.002829559 -0.002156650 0.999993622 82.121826172
0.999987483 0.004993645 0.000274138 1.216856360 -0.004994141 0.999985814 0.001838676 -2.189100981 -0.000264952 -0.001840022 0.999998212 82.677528381
0.999978721 0.005210699 0.003915113 1.236496806 -0.005223025 0.999981403 0.003144669 -2.218628407 -0.003898654 -0.003165051 0.999987364 83.203819275
0.999958456 0.005314467 0.007409316 1.247211695 -0.005334456 0.999982178 0.002680622 -2.231332302 -0.007394938 -0.002720035 0.999968946 83.758262634
0.999911785 0.005138536 0.012248838 1.271404028 -0.005173117 0.999982715 0.002793235 -2.249274015 -0.012234274 -0.002856353 0.999921024 84.304435730
0.999827147 0.005249111 0.017843641 1.304347754 -0.005298846 0.999982178 0.002741151 -2.262737513 -0.017828936 -0.002835228 0.999837160 84.859275818
0.999709964 0.004562850 0.023646887 1.333803177 -0.004628352 0.999985576 0.002715984 -2.280335188 -0.023634156 -0.002824642 0.999716640 85.406684875
0.999577105 0.003778393 0.028834175 1.373179674 -0.003859103 0.999988735 0.002743942 -2.291884661 -0.028823487 -0.002854055 0.999580443 85.929283142
0.999282658 0.004830890 0.037560295 1.389417529 -0.004920769 0.999985158 0.002300832 -2.295116663 -0.037548613 -0.002484007 0.999291658 86.507293701
0.998927772 0.005398936 0.045978319 1.431709051 -0.005504797 0.999982417 0.002176134 -2.310607910 -0.045965761 -0.002426902 0.998940051 87.059028625
0.998600960 0.004456379 0.052689899 1.472804546 -0.004583230 0.999986827 0.002286907 -2.322557449 -0.052679017 -0.002525197 0.998608291 87.595100403
0.998034596 0.004219478 0.062523335 1.521110058 -0.004345263 0.999988794 0.001875977 -2.331165791 -0.062514722 -0.002143971 0.998041749 88.146865845
0.997376263 0.004879723 0.072228484 1.586743832 -0.005031400 0.999985456 0.001918153 -2.348071814 -0.072218075 -0.002276530 0.997386217 88.670616150
0.996751308 0.004521225 0.080414042 1.646260738 -0.004701285 0.999986827 0.002049965 -2.366736650 -0.080403723 -0.002421355 0.996759355 89.224578857
0.996080756 0.003787491 0.088368006 1.716868877 -0.003973690 0.999990284 0.001931267 -2.380062103 -0.088359833 -0.002274845 0.996086001 89.767616272
0.995032609 0.004249100 0.099458799 1.781120777 -0.004482342 0.999987662 0.002121767 -2.394468307 -0.099448562 -0.002557036 0.995039403 90.313552856
0.993871868 0.004761577 0.110435851 1.853218079 -0.005040990 0.999984741 0.002251033 -2.409496069 -0.110423446 -0.002793945 0.993880749 90.852531433
0.992874026 0.003791241 0.119109444 1.948428154 -0.004068058 0.999989569 0.002080995 -2.422732353 -0.119100332 -0.002550710 0.992878973 91.414947510
0.991409719 0.004128668 0.130727485 2.027505875 -0.004439150 0.999987960 0.002083707 -2.430178404 -0.130717307 -0.002646126 0.991416097 91.963844299
0.989845753 0.003188684 0.142109409 2.142670631 -0.003522768 0.999991596 0.002099371 -2.451205969 -0.142101511 -0.002578672 0.989848733 92.509330750
0.988174081 0.003542016 0.153295279 2.244349480 -0.003984179 0.999988735 0.002577291 -2.471829176 -0.153284431 -0.003157568 0.988177061 93.052742004
0.986574709 0.002817132 0.163285986 2.358091354 -0.003249311 0.999991894 0.002379744 -2.482907057 -0.163277909 -0.002878362 0.986575902 93.592819214
0.984309614 0.003034465 0.176423997 2.472352028 -0.003553204 0.999990165 0.002624456 -2.496952772 -0.176414296 -0.003210148 0.984310806 94.125244141
0.982017457 0.002791168 0.188769460 2.593009949 -0.003312706 0.999991536 0.002447379 -2.512447596 -0.188760981 -0.003028706 0.982018352 94.661674500
0.979974926 0.002509398 0.199105233 2.721373558 -0.003020887 0.999992907 0.002265199 -2.521446466 -0.199098125 -0.002821312 0.979975522 95.193634033
0.977170765 0.002777587 0.212437391 2.859373093 -0.003334683 0.999991894 0.002264154 -2.540495157 -0.212429345 -0.002920876 0.977172017 95.734321594
0.974220455 0.002151722 0.225587770 3.000230789 -0.002808854 0.999992609 0.002592059 -2.554130793 -0.225580543 -0.003158880 0.974219382 96.269363403
0.971562684 0.001898979 0.236774817 3.146652222 -0.002557024 0.999993622 0.002472149 -2.566443920 -0.236768633 -0.003007287 0.971561372 96.802391052
0.968612492 0.001323897 0.248571798 3.302244186 -0.001958906 0.999995410 0.002307301 -2.580814362 -0.248567596 -0.002721809 0.968610764 97.318214417
0.964721143 0.001648129 0.263268590 3.445262909 -0.002397989 0.999993920 0.002526970 -2.593061924 -0.263262838 -0.003069137 0.964719236 97.864288330
0.961200178 0.001458936 0.275848120 3.614057541 -0.002120898 0.999995530 0.002101438 -2.601988792 -0.275843829 -0.002604949 0.961198926 98.391670227
0.957993686 0.000825086 0.286787957 3.788295746 -0.001612786 0.999995589 0.002510413 -2.621579885 -0.286784619 -0.002867488 0.957990766 98.888938904
0.953820705 0.000187324 0.300376445 3.977411270 -0.000998576 0.999996245 0.002547268 -2.637793303 -0.300374895 -0.002729586 0.953817308 99.410827637
0.949601710 0.000320743 0.313458830 4.177169800 -0.001280166 0.999995053 0.002854940 -2.654592276 -0.313456476 -0.003112335 0.949597478 99.910514832
0.945580959 -0.000626399 0.325386316 4.367311478 -0.000202917 0.999996841 0.002514770 -2.659714460 -0.325386852 -0.002443945 0.945577800 100.435859680
0.940945089 -0.001024249 0.338557422 4.576076508 0.000106306 0.999996245 0.002729870 -2.676464081 -0.338558972 -0.002532667 0.940941751 100.949058533
0.935798466 -0.000937424 0.352534086 4.793804169 -0.000030380 0.999996305 0.002739735 -2.693616390 -0.352535367 -0.002574550 0.935794890 101.451141357
0.931064546 -0.001499746 0.364851445 5.006414413 0.000598757 0.999996483 0.002582585 -2.704068661 -0.364854008 -0.002186096 0.931062102 101.961029053
0.926902831 -0.002505790 0.375292987 5.247884750 0.001987609 0.999996424 0.001767847 -2.714025974 -0.375296086 -0.000892686 0.926904559 102.468933105
0.920512319 -0.002555389 0.390705198 5.470188141 0.001718124 0.999995410 0.002492475 -2.731219530 -0.390709728 -0.001623074 0.920512497 102.960525513
0.914807022 -0.003148678 0.403878927 5.709442139 0.002415082 0.999994338 0.002325761 -2.741194725 -0.403883874 -0.001152222 0.914809525 103.467468262
0.909812093 -0.003206576 0.415008008 5.945404053 0.002350121 0.999993861 0.002574379 -2.763743877 -0.415013731 -0.001366882 0.909814179 103.937576294
0.903457522 -0.003203455 0.428665698 6.204288483 0.002360779 0.999994099 0.002497453 -2.771461487 -0.428671122 -0.001244357 0.903459668 104.431640625
0.897190452 -0.003615740 0.441629171 6.476802826 0.002541994 0.999992251 0.003023031 -2.796152830 -0.441636682 -0.001589616 0.897192538 104.892608643
0.891126454 -0.004170856 0.453736097 6.749736786 0.003119506 0.999990463 0.003065531 -2.806025028 -0.453744560 -0.001316343 0.891130805 105.403404236
0.885355175 -0.004223967 0.464896113 6.986873627 0.003229248 0.999990404 0.002935913 -2.813516855 -0.464904130 -0.001098061 0.885360360 105.857192993
0.878001869 -0.004448192 0.478636533 7.273456573 0.003519601 0.999989748 0.002837081 -2.828501940 -0.478644192 -0.000806353 0.878008604 106.347457886
0.871028185 -0.005281229 0.491204679 7.563617706 0.004433475 0.999986053 0.002889778 -2.841551781 -0.491213024 -0.000339334 0.871039450 106.815422058
