1.000000000 0.000000000 0.000000000 0.000000000 0.000000000 1.000000000 0.000000000 0.000000000 0.000000000 0.000000000 1.000000000 0.000000000
1.000000000 0.000015613 0.000115057 -0.000527992 -0.000015617 1.000000000 0.000034801 -0.000100218 -0.000115056 -0.000034803 1.000000000 0.000152311
1.000000000 0.000157862 0.000163759 -0.001625136 -0.000157876 1.000000000 0.000085382 0.000790046 -0.000163746 -0.000085408 1.000000000 0.002088351
1.000000000 0.000139813 -0.000013282 0.000275750 -0.000139811 1.000000000 0.000151221 -0.001175952 0.000013304 -0.000151219 1.000000000 -0.000334461
0.999999940 0.000231503 0.000138173 -0.000925727 -0.000231514 0.999999940 0.000080300 0.000076807 -0.000138154 -0.000080332 1.000000000 0.000716347
1.000000000 -0.000012577 0.000039187 -0.000433235 0.000012575 1.000000000 0.000056277 -0.000138485 -0.000039188 -0.000056277 1.000000000 -0.000432939
1.000000000 -0.000065491 0.000127597 -0.001784710 0.000065501 1.000000000 -0.000078367 0.001679949 -0.000127592 0.000078376 1.000000000 0.003410754
1.000000000 -0.000131620 0.000148356 -0.000617934 0.000131611 1.000000000 0.000059800 0.000425098 -0.000148364 -0.000059780 1.000000000 0.001755555
1.000000000 0.000008295 0.000151924 -0.001297735 -0.000008295 1.000000000 -0.000000685 0.000930395 -0.000151924 0.000000683 1.000000000 0.002559193
1.000000000 -0.000039661 0.000201553 -0.000964346 0.000039656 1.000000000 0.000025472 0.000216374 -0.000201554 -0.000025464 1.000000000 0.000133044
1.000000000 -0.000081631 0.000226852 -0.000974822 0.000081627 1.000000000 0.000017297 0.001425765 -0.000226854 -0.000017278 1.000000000 0.002648201
1.000000000 -0.000002822 0.000101993 -0.000385887 0.000002813 1.000000000 0.000081860 -0.000159383 -0.000101993 -0.000081860 1.000000000 0.000646115
1.000000000 0.000044131 0.000168271 -0.001476720 -0.000044127 1.000000000 -0.000029039 0.001900939 -0.000168272 0.000029032 1.000000000 0.004309732
0.999999940 -0.000079590 0.000263071 -0.002307159 0.000079549 1.000000000 0.000155022 0.001173546 -0.000263083 -0.000155001 0.999999940 0.004252031
1.000000000 0.000007419 0.000178754 -0.001454339 -0.000007443 1.000000000 0.000130796 0.000197803 -0.000178753 -0.000130797 1.000000000 0.001861468
1.000000000 0.000076549 0.000109597 -0.001908360 -0.000076555 1.000000000 0.000061609 0.000582727 -0.000109592 -0.000061617 1.000000000 0.003215217
1.000000000 -0.000038763 0.000137285 -0.000979092 0.000038743 1.000000000 0.000150866 -0.001035349 -0.000137291 -0.000150861 1.000000000 0.000034997
0.999999940 0.000068023 0.000336299 -0.001882473 -0.000068067 1.000000000 0.000130364 -0.000115029 -0.000336290 -0.000130387 0.999999940 0.001145675
0.999999940 0.000113758 0.000276291 -0.003067037 -0.000113790 1.000000000 0.000113737 0.000433226 -0.000276278 -0.000113769 0.999999940 0.003166485
1.000000000 0.000159390 0.000181235 -0.002153834 -0.000159413 1.000000000 0.000128162 0.000758810 -0.000181214 -0.000128191 1.000000000 0.003635956
0.999999881 0.000340769 0.000329392 -0.003185386 -0.000340836 0.999999940 0.000204926 0.000465355 -0.000329322 -0.000205038 0.999999940 0.003927574
0.999999881 0.000380763 0.000320262 -0.003368332 -0.000380774 0.999999940 0.000035290 0.001218023 -0.000320248 -0.000035412 0.999999940 0.003754388
1.000000000 -0.000026751 0.000148828 -0.001930275 0.000026744 1.000000000 0.000047689 0.001272242 -0.000148829 -0.000047685 1.000000000 0.003359725
0.999999940 0.000176466 0.000311763 -0.001777017 -0.000176509 1.000000000 0.000136975 -0.000268926 -0.000311739 -0.000137030 0.999999940 0.001993261
0.999999940 0.000126234 0.000325578 -0.002835562 -0.000126242 1.000000000 0.000024280 0.000908500 -0.000325575 -0.000024321 0.999999940 0.001508882
1.000000000 0.000046044 0.000223024 -0.000518355 -0.000046057 1.000000000 0.000058811 0.000593181 -0.000223021 -0.000058821 1.000000000 0.000740289
0.999999940 -0.000002219 0.000299241 -0.001985974 0.000002184 1.000000000 0.000115163 0.000025690 -0.000299241 -0.000115162 0.999999940 0.001056893
1.000000000 0.000038047 0.000230609 -0.000652251 -0.000038065 1.000000000 0.000079367 0.000251039 -0.000230606 -0.000079376 1.000000000 0.000523606
0.999999881 0.000305518 0.000376668 -0.003954034 -0.000305497 0.999999940 -0.000053446 0.002208947 -0.000376684 0.000053331 0.999999940 0.003947827
0.999999940 0.000064794 0.000283194 -0.003583395 -0.000064794 1.000000000 -0.000000033 0.002359666 -0.000283194 0.000000014 0.999999940 0.004908223
0.999999940 0.000129434 0.000356589 -0.003015536 -0.000129464 1.000000000 0.000084099 0.001024325 -0.000356578 -0.000084145 0.999999940 0.003320315
1.000000000 -0.000057226 0.000221586 -0.001042606 0.000057201 1.000000000 0.000112557 0.000189263 -0.000221592 -0.000112544 0.999999940 0.001092038
0.999999940 0.000120444 0.000354014 -0.003451358 -0.000120438 1.000000000 -0.000019529 0.001816368 -0.000354017 0.000019486 0.999999940 0.003416764
0.999999881 0.000149097 0.000417609 -0.002732871 -0.000149074 1.000000000 -0.000053318 0.001865932 -0.000417617 0.000053256 0.999999940 0.003377624
0.999999940 0.000134767 0.000242633 -0.000839217 -0.000134787 1.000000000 0.000081984 -0.000043594 -0.000242622 -0.000082016 0.999999940 0.000337933
0.999999940 0.000127424 0.000252987 -0.002420516 -0.000127402 1.000000000 -0.000087405 0.003587466 -0.000252998 0.000087373 0.999999940 0.006288149
0.999999940 0.000131616 0.000318289 -0.003295469 -0.000131583 1.000000000 -0.000103669 0.004601349 -0.000318303 0.000103628 0.999999940 0.007097094
0.999999940 -0.000070170 0.000269981 -0.001198037 0.000070157 1.000000000 0.000046090 0.001313184 -0.000269985 -0.000046071 0.999999940 0.002883531
0.999999940 0.000142869 0.000304974 -0.002906371 -0.000142890 1.000000000 0.000068031 0.002146752 -0.000304964 -0.000068075 0.999999940 0.005105746
0.999999940 -0.000113180 0.000219539 -0.001061009 0.000113171 1.000000000 0.000041441 0.001543396 -0.000219544 -0.000041417 1.000000000 0.002929177
0.999999881 0.000039136 0.000462792 -0.003006444 -0.000039126 1.000000000 -0.000021972 0.001716424 -0.000462793 0.000021954 0.999999881 0.004950528
0.999999940 -0.000272021 0.000247089 -0.000201972 0.000272207 0.999999702 -0.000753554 0.000969480 -0.000246884 0.000753622 0.999999702 0.055230942
0.999999940 0.000213496 0.000362634 -0.001889070 -0.000213094 0.999999344 -0.001110191 -0.005507528 -0.000362870 0.001110114 0.999999344 0.133585036
1.000000000 0.000063656 0.000090019 0.003202563 -0.000063496 0.999998450 -0.001774420 -0.001684241 -0.000090131 0.001774415 0.999998450 0.256508529
1.000000000 0.000079308 0.000121482 0.004695242 -0.000079163 0.999999285 -0.001195939 -0.011657292 -0.000121577 0.001195929 0.999999285 0.386811435
0.999999940 0.000170649 0.000193794 0.008287714 -0.000170471 0.999999583 -0.000919024 -0.017355667 -0.000193951 0.000918991 0.999999583 0.525431037
0.999999940 0.000327730 0.000129537 0.013013572 -0.000327625 0.999999642 -0.000808634 -0.025912387 -0.000129802 0.000808592 0.999999642 0.668663204
0.999999821 0.000468392 0.000417711 0.015815627 -0.000468018 0.999999464 -0.000893456 -0.024039999 -0.000418129 0.000893260 0.999999523 0.842631936
0.999999940 0.000389826 0.000139178 0.017874992 -0.000389750 0.999999762 -0.000544967 -0.028482048 -0.000139390 0.000544913 0.999999821 1.016090989
1.000000000 0.000103830 0.000035446 0.022043971 -0.000103820 0.999999940 -0.000269841 -0.034335148 -0.000035475 0.000269837 0.999999940 1.192523241
0.999999881 0.000383858 0.000384393 0.017566130 -0.000383621 0.999999762 -0.000616428 -0.035266876 -0.000384630 0.000616280 0.999999762 1.371748924
1.000000000 -0.000096222 -0.000012615 0.037293423 0.000096222 1.000000000 0.000026822 -0.051503215 0.000012612 -0.000026823 1.000000000 1.570419073
0.999999881 0.000303230 0.000329296 0.036770791 -0.000303210 0.999999940 -0.000061297 -0.052337199 -0.000329315 0.000061198 0.999999940 1.760514855
1.000000000 0.000167557 -0.000079648 0.037650917 -0.000167611 0.999999762 -0.000675601 -0.045467556 0.000079535 0.000675615 0.999999762 1.958670378
0.999999881 0.000290713 0.000406870 0.039153110 -0.000290696 0.999999940 -0.000043057 -0.064634569 -0.000406882 0.000042939 0.999999940 2.165823698
0.999999404 0.001049838 -0.000035971 0.054225780 -0.001049928 0.999996006 -0.002598777 -0.038458046 0.000033242 0.002598813 0.999996603 2.401294947
0.999999046 0.001317002 -0.000293700 0.065587454 -0.001317655 0.999996603 -0.002233138 -0.048137814 0.000290758 0.002233523 0.999997437 2.615882158
0.999999404 0.001040446 -0.000301786 0.068696029 -0.001041154 0.999996662 -0.002355748 -0.056907773 0.000299334 0.002356061 0.999997199 2.843641758
0.999999344 0.000929401 -0.000617779 0.076541401 -0.000930658 0.999997497 -0.002036782 -0.065572761 0.000615884 0.002037356 0.999997795 3.080481529
0.999999523 0.000748794 -0.000541685 0.076854117 -0.000750159 0.999996483 -0.002523100 -0.066111088 0.000539794 0.002523505 0.999996722 3.320176840
0.999999642 0.000696861 -0.000531959 0.090890445 -0.000698138 0.999996781 -0.002404301 -0.077325620 0.000530282 0.002404671 0.999996960 3.562177658
0.999999821 0.000462112 -0.000583972 0.094220735 -0.000463691 0.999996185 -0.002706602 -0.079022929 0.000582719 0.002706872 0.999996126 3.826987267
0.999999821 0.000539406 -0.000430252 0.100791417 -0.000540630 0.999995708 -0.002849003 -0.087565042 0.000428714 0.002849235 0.999995828 4.084006310
0.999999821 0.000634693 -0.000358530 0.103653103 -0.000635448 0.999997616 -0.002110245 -0.099785082 0.000357190 0.002110473 0.999997675 4.337596416
0.999999583 0.000727823 -0.000500922 0.111516468 -0.000729085 0.999996543 -0.002524794 -0.098817974 0.000499082 0.002525159 0.999996603 4.592131138
0.999999344 0.001095306 -0.000433706 0.119148470 -0.001096304 0.999996722 -0.002307520 -0.107360654 0.000431177 0.002307994 0.999997199 4.846279144
0.999999702 0.000561580 -0.000505198 0.121323235 -0.000562757 0.999997079 -0.002332343 -0.113334417 0.000503887 0.002332627 0.999997079 5.121618748
0.999999642 0.000705757 -0.000385613 0.125320211 -0.000706694 0.999996781 -0.002435006 -0.119093925 0.000383894 0.002435278 0.999996960 5.376036644
0.999999702 0.000733767 -0.000039260 0.129811972 -0.000733844 0.999997735 -0.001992360 -0.142202735 0.000037799 0.001992388 0.999998033 5.637781620
0.999999702 0.000752352 -0.000136706 0.133891597 -0.000752590 0.999998152 -0.001743895 -0.152143091 0.000135394 0.001743997 0.999998450 5.903719425
0.999999762 0.000622132 -0.000188273 0.143131509 -0.000622439 0.999998450 -0.001637258 -0.161450714 0.000187254 0.001637375 0.999998629 6.184047222
0.999999166 0.001224832 -0.000216165 0.144242093 -0.001225181 0.999997914 -0.001626284 -0.174641535 0.000214172 0.001626548 0.999998569 6.472834110
0.999999642 0.000747554 0.000185362 0.144845843 -0.000747183 0.999997735 -0.001997345 -0.180093676 -0.000186855 0.001997206 0.999997914 6.765717030
0.999999166 0.001208288 0.000194100 0.149379224 -0.001207930 0.999997556 -0.001835904 -0.188584656 -0.000196317 0.001835668 0.999998271 7.065811157
0.999999166 0.001212370 -0.000087763 0.160288483 -0.001212501 0.999998093 -0.001504934 -0.201934382 0.000085938 0.001505039 0.999998868 7.356140137
0.999999404 0.001051454 0.000327601 0.160198033 -0.001050794 0.999997437 -0.002008119 -0.206769481 -0.000329712 0.002007773 0.999997914 7.682049274
0.999999046 0.001351991 0.000234446 0.170324489 -0.001351633 0.999997914 -0.001519782 -0.224048898 -0.000236500 0.001519463 0.999998808 7.991656303
0.999999404 0.001106210 0.000046872 0.180350661 -0.001106146 0.999998510 -0.001340540 -0.232181147 -0.000048355 0.001340487 0.999999106 8.304130554
0.999998987 0.001410970 0.000382536 0.184865206 -0.001410409 0.999997914 -0.001463725 -0.243846208 -0.000384600 0.001463184 0.999998868 8.629119873
0.999998212 0.001671832 0.000827068 0.187120467 -0.001670863 0.999997914 -0.001171845 -0.256467909 -0.000829025 0.001170461 0.999998987 8.964935303
0.999998569 0.001416379 0.000845796 0.197709575 -0.001415424 0.999998331 -0.001129685 -0.270547658 -0.000847395 0.001128487 0.999999046 9.299992561
0.999998748 0.001417370 0.000664866 0.204391643 -0.001416771 0.999998569 -0.000900573 -0.283963323 -0.000666141 0.000899630 0.999999464 9.640965462
0.999997914 0.001844400 0.000883752 0.208475381 -0.001843411 0.999997675 -0.001118381 -0.288423091 -0.000885813 0.001116749 0.999998987 9.989314079
0.999999225 0.001235634 0.000113097 0.219969690 -0.001235520 0.999998689 -0.001004278 -0.302557081 -0.000114338 0.001004137 0.999999404 10.350682259
0.999998927 0.001498683 0.000256483 0.227346584 -0.001498499 0.999998689 -0.000716904 -0.316167921 -0.000257557 0.000716519 0.999999642 10.707855225
0.999997973 0.001855122 0.000811222 0.224444702 -0.001854239 0.999997735 -0.001087789 -0.320051759 -0.000813238 0.001086283 0.999999046 11.079222679
0.999999344 0.000994310 0.000533739 0.236307487 -0.000993712 0.999998808 -0.001121530 -0.330777407 -0.000534854 0.001120999 0.999999225 11.452312469
0.999999583 0.000608994 0.000595662 0.248503834 -0.000608490 0.999999404 -0.000844639 -0.342247128 -0.000596176 0.000844276 0.999999464 11.827023506
0.999999702 0.000482183 0.000613533 0.257015854 -0.000481725 0.999999523 -0.000745680 -0.357259601 -0.000613893 0.000745384 0.999999523 12.205485344
0.999999464 0.000747100 0.000689342 0.266317248 -0.000746612 0.999999464 -0.000707542 -0.369151443 -0.000689871 0.000707027 0.999999523 12.600339890
0.999999404 0.000710167 0.000802959 0.272649407 -0.000709795 0.999999642 -0.000462988 -0.381903827 -0.000803287 0.000462418 0.999999583 12.993412018
0.999999285 0.000828068 0.000884015 0.276615173 -0.000827595 0.999999523 -0.000535520 -0.393274665 -0.000884458 0.000534788 0.999999464 13.397063255
0.999998868 0.000633035 0.001405132 0.285837173 -0.000632712 0.999999821 -0.000230072 -0.406145006 -0.001405278 0.000229183 0.999998987 13.799610138
0.999998569 0.001131294 0.001241206 0.292672157 -0.001130554 0.999999166 -0.000597119 -0.413364798 -0.001241881 0.000595715 0.999999046 14.223975182
0.999998927 0.000528509 0.001356000 0.304727197 -0.000527639 0.999999642 -0.000641962 -0.425162554 -0.001356339 0.000641246 0.999998868 14.645527840
0.999998808 0.000663693 0.001379525 0.313977748 -0.000663051 0.999999702 -0.000465577 -0.437110931 -0.001379833 0.000464661 0.999998927 15.072204590
0.999998450 0.000698512 0.001587304 0.324881345 -0.000697762 0.999999642 -0.000472823 -0.450957209 -0.001587634 0.000471715 0.999998629 15.505197525
0.999997497 0.000918735 0.002085131 0.333017260 -0.000916978 0.999999225 -0.000843794 -0.461304426 -0.002085906 0.000841879 0.999997437 15.945297241
0.999997020 0.000628224 0.002411504 0.342047065 -0.000626228 0.999999583 -0.000828034 -0.471269131 -0.002412023 0.000826522 0.999996722 16.389616013
0.999996006 0.001127966 0.002602211 0.351063639 -0.001125462 0.999998868 -0.000963202 -0.484178722 -0.002603295 0.000960269 0.999996126 16.837535858
0.999994755 0.001303191 0.002971240 0.360419869 -0.001300398 0.999998689 -0.000941598 -0.497150600 -0.002972464 0.000937729 0.999995172 17.292497635
0.999993920 0.001311891 0.003229285 0.368813276 -0.001309430 0.999998868 -0.000763959 -0.509599149 -0.003230285 0.000759726 0.999994516 17.751764297
0.999993503 0.000976811 0.003470460 0.379490376 -0.000973493 0.999999106 -0.000957523 -0.520236135 -0.003471392 0.000954138 0.999993503 18.227815628
0.999993265 0.001272017 0.003422833 0.399899721 -0.001269361 0.999998868 -0.000777960 -0.534409523 -0.003423818 0.000773610 0.999993861 18.681383133
0.999990761 0.001572441 0.003974969 0.407382429 -0.001568802 0.999998331 -0.000918310 -0.544043541 -0.003976405 0.000912066 0.999991655 19.156126022
0.999991834 0.000918319 0.003951298 0.424238831 -0.000914233 0.999999046 -0.001035747 -0.557300389 -0.003952244 0.001032126 0.999991715 19.638622284
0.999991000 0.001155502 0.004083957 0.424858987 -0.001149987 0.999998450 -0.001352443 -0.569259822 -0.004085514 0.001347735 0.999990702 20.124755859
0.999992013 0.001631974 0.003681958 0.441579789 -0.001627815 0.999998093 -0.001132291 -0.586353600 -0.003683799 0.001126289 0.999992609 20.611402512
0.999992013 0.002084199 0.003410913 0.453852922 -0.002081499 0.999997556 -0.000794904 -0.602161884 -0.003412562 0.000787798 0.999993861 21.110706329
0.999994338 0.001346259 0.003075521 0.464674234 -0.001344079 0.999998868 -0.000710808 -0.618035555 -0.003076475 0.000706670 0.999994993 21.618827820
0.999993563 0.001566892 0.003220111 0.473502815 -0.001565765 0.999998748 -0.000352441 -0.636805952 -0.003220659 0.000347397 0.999994695 22.124258041
0.999993742 0.002085477 0.002842713 0.485707164 -0.002085124 0.999997795 -0.000127085 -0.650310159 -0.002842971 0.000121157 0.999995887 22.628665924
0.999997318 0.001559530 0.001769301 0.495434284 -0.001558692 0.999998629 -0.000475221 -0.667309701 -0.001770039 0.000472462 0.999998271 23.148694992
0.999998927 0.001371458 0.000631205 0.517286420 -0.001371413 0.999999046 -0.000071800 -0.693479955 -0.000631302 0.000070934 0.999999821 23.652341843
0.999999523 0.000675425 0.000722134 0.509512901 -0.000674620 0.999999166 -0.001114938 -0.695522845 -0.000722887 0.001114450 0.999999106 24.202617645
0.999998510 0.001650751 0.000468103 0.518309295 -0.001650591 0.999998569 -0.000341816 -0.714301825 -0.000468668 0.000341043 0.999999821 24.735258102
0.999997497 0.002178828 -0.000498100 0.529499710 -0.002179086 0.999997497 -0.000519950 -0.727901042 0.000496966 0.000521034 0.999999762 25.272668839
0.999996722 0.001942410 -0.001689746 0.541681647 -0.001943248 0.999998033 -0.000493858 -0.743919849 0.001688784 0.000497140 0.999998450 25.823600769
0.999997258 0.001949242 -0.001245222 0.550273597 -0.001949841 0.999997973 -0.000480219 -0.761209548 0.001244284 0.000482646 0.999999166 26.370485306
0.999997318 0.001605231 -0.001649336 0.547680378 -0.001605134 0.999998689 0.000060167 -0.774215877 0.001649430 -0.000057520 0.999998629 26.904211044
0.999997973 0.001398708 -0.001468957 0.555612147 -0.001398662 0.999999046 0.000032020 -0.791770160 0.001469001 -0.000029965 0.999998927 27.453712463
0.999994576 0.003026697 -0.001306587 0.563072741 -0.003027574 0.999995232 -0.000669930 -0.802440882 0.001304552 0.000673882 0.999998927 28.003139496
0.999994338 0.002564749 -0.002175907 0.563885748 -0.002564268 0.999996603 0.000224216 -0.823107719 0.002176475 -0.000218635 0.999997616 28.547281265
0.999994457 0.002315398 -0.002403077 0.572292149 -0.002315096 0.999997258 0.000128418 -0.835965216 0.002403367 -0.000122853 0.999997079 29.090711594
0.999993384 0.002390000 -0.002740065 0.584563911 -0.002388859 0.999997079 0.000419620 -0.857009172 0.002741060 -0.000413072 0.999996185 29.638584137
0.999992013 0.002678354 -0.002957196 0.588634431 -0.002677221 0.999996364 0.000386915 -0.867835045 0.002958222 -0.000378995 0.999995530 30.179735184
0.999990821 0.002582869 -0.003404910 0.605000317 -0.002581662 0.999996603 0.000358625 -0.889050484 0.003405825 -0.000349832 0.999994099 30.719688416
0.999989569 0.002809782 -0.003586281 0.608699560 -0.002808365 0.999995947 0.000399913 -0.902324319 0.003587390 -0.000389837 0.999993503 31.269540787
0.999988556 0.002881988 -0.003814377 0.615565538 -0.002880157 0.999995708 0.000485267 -0.914154291 0.003815760 -0.000474275 0.999992609 31.822837830
0.999987483 0.002778138 -0.004152118 0.630427361 -0.002775052 0.999995828 0.000749126 -0.935439289 0.004154182 -0.000737594 0.999991059 32.366046906
0.999988198 0.002827861 -0.003939030 0.630149841 -0.002825608 0.999995828 0.000577567 -0.944929719 0.003940647 -0.000566430 0.999992013 32.910114288
0.999984384 0.002603187 -0.004942758 0.646281004 -0.002600924 0.999996483 0.000464292 -0.965450346 0.004943949 -0.000451429 0.999987662 33.442371368
0.999986470 0.003017694 -0.004232846 0.644249439 -0.003016290 0.999995410 0.000338294 -0.972936332 0.004233848 -0.000325522 0.999990940 34.014385223
0.999987960 0.002932528 -0.003924021 0.645488977 -0.002930534 0.999995589 0.000513965 -0.988610089 0.003925511 -0.000502460 0.999992192 34.564147949
0.999986947 0.002707178 -0.004334522 0.659340620 -0.002705235 0.999996364 0.000453884 -1.005355000 0.004335735 -0.000442152 0.999990463 35.098400116
0.999989092 0.002546337 -0.003903785 0.662936866 -0.002545386 0.999996781 0.000248607 -1.018344641 0.003904406 -0.000238667 0.999992371 35.646335602
0.999986827 0.003583035 -0.003693892 0.672761261 -0.003580297 0.999993324 0.000747336 -1.043621182 0.003696546 -0.000734100 0.999992847 36.175556183
0.999984264 0.003230709 -0.004587997 0.681346536 -0.003230212 0.999994755 0.000115673 -1.045502901 0.004588347 -0.000100851 0.999989390 36.737026215
0.999983370 0.003866495 -0.004300047 0.688421369 -0.003866152 0.999992549 0.000087941 -1.059643388 0.004300355 -0.000071315 0.999990642 37.285968781
0.999982059 0.003254902 -0.005023486 0.696253896 -0.003255669 0.999994695 -0.000144403 -1.076289773 0.005022989 0.000160755 0.999987364 37.841594696
0.999984086 0.002833506 -0.004879830 0.701885104 -0.002835908 0.999995887 -0.000485193 -1.088132620 0.004878435 0.000499025 0.999987960 38.394996643
0.999980986 0.003043922 -0.005359497 0.719745338 -0.003046449 0.999995172 -0.000463305 -1.104673505 0.005358061 0.000479624 0.999985516 38.932975769
0.999978542 0.003353882 -0.005624831 0.728993416 -0.003353928 0.999994397 0.000001347 -1.119930387 0.005624804 0.000017518 0.999984205 39.475864410
0.999978900 0.003278763 -0.005606582 0.738872468 -0.003279074 0.999994636 -0.000046409 -1.133132339 0.005606400 0.000064792 0.999984324 40.027103424
0.999974847 0.003318236 -0.006260010 0.759403348 -0.003316629 0.999994516 0.000267074 -1.158818722 0.006260862 -0.000246305 0.999980390 40.568412781
0.999976397 0.003251855 -0.006044673 0.758663833 -0.003252437 0.999994695 -0.000086591 -1.166670799 0.006044359 0.000106249 0.999981642 41.129428864
0.999974549 0.003767915 -0.006050021 0.768087029 -0.003767355 0.999992847 0.000103813 -1.180679917 0.006050370 -0.000081018 0.999981642 41.681713104
0.999973059 0.003707904 -0.006342258 0.784563124 -0.003708207 0.999993086 -0.000035956 -1.197911024 0.006342081 0.000059473 0.999979913 42.225421906
0.999971271 0.004138052 -0.006351884 0.782066286 -0.004135995 0.999991357 0.000336851 -1.212818980 0.006353223 -0.000310570 0.999979794 42.786052704
0.999970615 0.003746834 -0.006689402 0.794671893 -0.003744496 0.999992907 0.000362094 -1.227928519 0.006690711 -0.000337035 0.999977589 43.325443268
0.999970853 0.004719381 -0.006014274 0.797603846 -0.004719359 0.999988914 0.000017830 -1.241382718 0.006014293 0.000010554 0.999981940 43.882335663
0.999975026 0.003616285 -0.006075684 0.794551432 -0.003614435 0.999993384 0.000315349 -1.256759644 0.006076784 -0.000293381 0.999981463 44.421852112
0.999973297 0.004377142 -0.005863673 0.800370038 -0.004377332 0.999990463 -0.000019571 -1.268125653 0.005863531 0.000045237 0.999982774 44.974868774
0.999976993 0.004427360 -0.005143887 0.801055014 -0.004430270 0.999989986 -0.000554643 -1.269944310 0.005141381 0.000577419 0.999986649 45.517520905
0.999974966 0.004867162 -0.005135878 0.802260101 -0.004863314 0.999987900 0.000761358 -1.301419735 0.005139521 -0.000736361 0.999986529 46.070434570
0.999974191 0.003607706 -0.006208826 0.823913395 -0.003605922 0.999993443 0.000298483 -1.317473769 0.006209862 -0.000276086 0.999980628 46.617305756
0.999973059 0.004055310 -0.006123774 0.834065318 -0.004054466 0.999991834 0.000150170 -1.333816767 0.006124334 -0.000125337 0.999981225 47.173652649
0.999978840 0.003112784 -0.005701583 0.824990630 -0.003115019 0.999995053 -0.000383200 -1.335537553 0.005700362 0.000400952 0.999983668 47.714660645
0.999976516 0.003511424 -0.005878761 0.828319192 -0.003511944 0.999993801 -0.000078259 -1.349332213 0.005878450 0.000098903 0.999982655 48.262355804
0.999976516 0.003556757 -0.005859272 0.840056241 -0.003556125 0.999993563 0.000118328 -1.363439679 0.005859657 -0.000097489 0.999982774 48.807266235
0.999975562 0.003701829 -0.005930450 0.847656906 -0.003699783 0.999993145 0.000355913 -1.379788876 0.005931727 -0.000333962 0.999982297 49.334934235
0.999977589 0.003308299 -0.005812385 0.856320083 -0.003308556 0.999994516 -0.000034596 -1.395981193 0.005812238 0.000053826 0.999983132 49.915195465
0.999975562 0.004036839 -0.005714302 0.863129139 -0.004034904 0.999991834 0.000349991 -1.412964821 0.005715668 -0.000326926 0.999983668 50.450668335
0.999976814 0.003964744 -0.005532187 0.859648705 -0.003965284 0.999992192 -0.000086860 -1.422518849 0.005531799 0.000108794 0.999984682 50.991718292
0.999977112 0.003421564 -0.005832909 0.878028750 -0.003423097 0.999994099 -0.000252837 -1.440153241 0.005832010 0.000272797 0.999982953 51.563568115
0.999974430 0.003628066 -0.006163865 0.888861895 -0.003629131 0.999993384 -0.000161635 -1.456533432 0.006163238 0.000184001 0.999980986 52.099323273
0.999974310 0.003686773 -0.006148030 0.900771439 -0.003691075 0.999992967 -0.000688591 -1.474446774 0.006145448 0.000711266 0.999980807 52.637092590
0.999975204 0.002744714 -0.006489361 0.905576587 -0.002748333 0.999996066 -0.000548714 -1.485812783 0.006487829 0.000566536 0.999978781 53.216567993
0.999974966 0.002923627 -0.006447517 0.909519672 -0.002928439 0.999995470 -0.000737152 -1.500115156 0.006445332 0.000756015 0.999978960 53.757507324
0.999978065 0.003295585 -0.005758645 0.914066195 -0.003301902 0.999994040 -0.001087855 -1.514255285 0.005755024 0.001106846 0.999982834 54.315521240
0.999974787 0.003139030 -0.006372443 0.922390461 -0.003144162 0.999994755 -0.000795609 -1.528585911 0.006369913 0.000815624 0.999979377 54.851535797
0.999975979 0.003361823 -0.006063728 0.922646165 -0.003370329 0.999993324 -0.001393072 -1.543665528 0.006059004 0.001413475 0.999980628 55.399631500
0.999974608 0.003062530 -0.006434057 0.937870681 -0.003068867 0.999994934 -0.000975338 -1.559543371 0.006431037 0.000995059 0.999978781 55.941692352
0.999973655 0.003013060 -0.006605201 0.941103399 -0.003020854 0.999994755 -0.001170416 -1.570591688 0.006601640 0.001190339 0.999977529 56.489379883
0.999974191 0.002479808 -0.006744868 0.964021266 -0.002486559 0.999996424 -0.000992628 -1.594779253 0.006742382 0.001009374 0.999976814 57.020500183
0.999972582 0.003316583 -0.006623653 0.967153072 -0.003321446 0.999994338 -0.000723375 -1.608011246 0.006621216 0.000745356 0.999977827 57.584201813
0.999971330 0.003638556 -0.006645337 0.969817519 -0.003642559 0.999993205 -0.000590420 -1.626968026 0.006643143 0.000614609 0.999977767 58.133968353
0.999973416 0.003447421 -0.006421947 0.982608557 -0.003453302 0.999993682 -0.000904934 -1.641895175 0.006418787 0.000927087 0.999978960 58.665401459
0.999974489 0.003121179 -0.006425265 0.983554244 -0.003129882 0.999994159 -0.001344619 -1.650309920 0.006421032 0.001364695 0.999978423 59.229442596
0.999973714 0.002722528 -0.006719396 0.995325565 -0.002733245 0.999995053 -0.001586223 -1.666641712 0.006715044 0.001604547 0.999976158 59.773036957
0.999973357 0.002561773 -0.006844542 1.005922079 -0.002572238 0.999995530 -0.001520401 -1.678868771 0.006840617 0.001537966 0.999975443 60.334789276
0.999971986 0.003378323 -0.006677134 1.002016783 -0.003390401 0.999992549 -0.001798381 -1.689928889 0.006671011 0.001820969 0.999976099 60.872901917
0.999973357 0.003923678 -0.006162814 1.010590553 -0.003934171 0.999990702 -0.001691482 -1.712124705 0.006156121 0.001715682 0.999979615 61.416023254
0.999974132 0.003931198 -0.006013160 1.014841080 -0.003940537 0.999991059 -0.001542019 -1.720862389 0.006007043 0.001565675 0.999980748 61.967433929
0.999970853 0.003498660 -0.006789656 1.026927471 -0.003511637 0.999992013 -0.001900411 -1.737898588 0.006782954 0.001924198 0.999975085 62.480518341
0.999971330 0.003459642 -0.006734597 1.035692930 -0.003470670 0.999992609 -0.001626472 -1.759005547 0.006728921 0.001649799 0.999975979 63.023666382
0.999973416 0.004103920 -0.006044110 1.032566309 -0.004110077 0.999991119 -0.001006440 -1.778770208 0.006039926 0.001031255 0.999981225 63.577148438
0.999969125 0.004484006 -0.006451427 1.047986269 -0.004491824 0.999989092 -0.001197847 -1.793813348 0.006445986 0.001226789 0.999978483 64.115653992
0.999968112 0.003888086 -0.006969060 1.057880878 -0.003901299 0.999990582 -0.001883250 -1.798723221 0.006961672 0.001910378 0.999973953 64.661643982
0.999965429 0.004004366 -0.007282427 1.073011160 -0.004017922 0.999990225 -0.001847739 -1.814366221 0.007274956 0.001876936 0.999971747 65.202552795
0.999966860 0.003926164 -0.007120171 1.082262993 -0.003941601 0.999989927 -0.002155502 -1.828372359 0.007111636 0.002183496 0.999972343 65.758163452
0.999966681 0.003698388 -0.007275632 1.094463229 -0.003714492 0.999990702 -0.002201089 -1.841184497 0.007267423 0.002228042 0.999971092 66.276054382
0.999967039 0.004055654 -0.007023101 1.085054159 -0.004071785 0.999989092 -0.002284235 -1.854752064 0.007013760 0.002312756 0.999972641 66.829757690
0.999963403 0.004435500 -0.007307324 1.097723722 -0.004452353 0.999987423 -0.002291643 -1.872759581 0.007297066 0.002324094 0.999970615 67.380325317
0.999965787 0.004352522 -0.007025751 1.102316260 -0.004364977 0.999988854 -0.001758521 -1.892540336 0.007018019 0.001789128 0.999973714 67.915924072
0.999962449 0.004840957 -0.007187221 1.114500046 -0.004850508 0.999987364 -0.001312040 -1.921820164 0.007180779 0.001346852 0.999973238 68.452575684
0.999965370 0.004494216 -0.007002294 1.114107132 -0.004505038 0.999988675 -0.001530566 -1.937452555 0.006995337 0.001562059 0.999974251 69.001487732
0.999964774 0.004374311 -0.007164134 1.129595280 -0.004386942 0.999988854 -0.001748397 -1.951823354 0.007156406 0.001779764 0.999972820 69.556823730
0.999962509 0.004909160 -0.007151825 1.133994341 -0.004922411 0.999986172 -0.001836516 -1.960486412 0.007142711 0.001871651 0.999972761 70.078720093
0.999965489 0.004573826 -0.006947097 1.136387706 -0.004587777 0.999987483 -0.001993593 -1.971382141 0.006937891 0.002025395 0.999973953 70.640274048
0.999964416 0.004340728 -0.007236809 1.147757530 -0.004354362 0.999988794 -0.001869227 -1.990599751 0.007228613 0.001900672 0.999972045 71.176994324
0.999960601 0.004677464 -0.007540021 1.164352655 -0.004695184 0.999986231 -0.002334064 -2.001951933 0.007528999 0.002369374 0.999968886 71.731231689
0.999964297 0.004608677 -0.007083623 1.157620192 -0.004622011 0.999987721 -0.001867244 -2.024007559 0.007074928 0.001899919 0.999973178 72.271812439
0.999963284 0.004711139 -0.007156914 1.166108370 -0.004724361 0.999987185 -0.001831649 -2.043694735 0.007148193 0.001865394 0.999972701 72.817916870
0.999965966 0.004711594 -0.006767684 1.166833401 -0.004724965 0.999986887 -0.001961184 -2.060160637 0.006758355 0.001993095 0.999975204 73.378631592
0.999965489 0.004681479 -0.006855103 1.170915961 -0.004696961 0.999986470 -0.002244074 -2.072990656 0.006844503 0.002276195 0.999974012 73.926277161
0.999965608 0.004658374 -0.006863407 1.180468559 -0.004671219 0.999987364 -0.001856557 -2.093795061 0.006854673 0.001888554 0.999974668 74.466392517
0.999964774 0.004599348 -0.007013946 1.192084312 -0.004610136 0.999988139 -0.001522766 -2.111838341 0.007006860 0.001555048 0.999974251 75.005401611
0.999965906 0.004544902 -0.006882657 1.196666718 -0.004552780 0.999988973 -0.001129359 -2.130608082 0.006877449 0.001160656 0.999975741 75.547218323
0.999964714 0.004461162 -0.007132318 1.204768181 -0.004474644 0.999988258 -0.001875221 -2.142937899 0.007123870 0.001907070 0.999972820 76.097839355
0.999962509 0.004952344 -0.007108179 1.209039688 -0.004968057 0.999985278 -0.002194580 -2.156852961 0.007097206 0.002229811 0.999972403 76.644729614
0.999967992 0.004359500 -0.006705572 1.216730356 -0.004377630 0.999986768 -0.002691530 -2.169233322 0.006693750 0.002720798 0.999973893 77.199409485
0.999966145 0.003854634 -0.007269104 1.228715539 -0.003868800 0.999990642 -0.001935740 -2.192215919 0.007261573 0.001963797 0.999971628 77.753608704
0.999963880 0.003965842 -0.007515401 1.237851381 -0.003977126 0.999991000 -0.001487108 -2.212526560 0.007509434 0.001516944 0.999970675 78.289566040
0.999964774 0.004468791 -0.007108057 1.236858368 -0.004482828 0.999988019 -0.001960326 -2.227110624 0.007099211 0.001992121 0.999972820 78.845329285
0.999965012 0.003777869 -0.007465933 1.257458568 -0.003792395 0.999990880 -0.001932644 -2.245573997 0.007458564 0.001960891 0.999970257 79.388320923
0.999961495 0.004358786 -0.007605238 1.256873846 -0.004373399 0.999988735 -0.001905937 -2.260733843 0.007596844 0.001939124 0.999969184 79.927536011
0.999961138 0.004301611 -0.007688475 1.267552614 -0.004316547 0.999988854 -0.001927262 -2.277202129 0.007680100 0.001960375 0.999968588 80.471870422
0.999968886 0.004282557 -0.006614852 1.275118947 -0.004293468 0.999989450 -0.001636302 -2.294368744 0.006607776 0.001664652 0.999976754 81.021926880
0.999975443 0.004212610 -0.005587933 1.285705090 -0.004223967 0.999989033 -0.002022066 -2.307933807 0.005579353 0.002045620 0.999982357 81.562995911
0.999981880 0.004333749 -0.004161309 1.291010380 -0.004341649 0.999988794 -0.001891587 -2.324170828 0.004153065 0.001909620 0.999989569 82.106895447
0.999986112 0.004476388 -0.002778704 1.301161408 -0.004480789 0.999988735 -0.001579595 -2.344804287 0.002771601 0.001592024 0.999994874 82.653594971
0.999990940 0.004236457 0.000410492 1.318832517 -0.004235577 0.999988794 -0.002123997 -2.357594013 -0.000419486 0.002122239 0.999997616 83.204566956
0.999983668 0.004251851 0.003829104 1.342560172 -0.004247342 0.999990284 -0.001184940 -2.386497736 -0.003834105 0.001168658 0.999991953 83.732109070
0.999968529 0.004730000 0.006378171 1.366135120 -0.004721216 0.999987900 -0.001391646 -2.394178152 -0.006384677 0.001361490 0.999978721 84.256248474
0.999919057 0.004651340 0.011851205 1.377316475 -0.004627584 0.999987185 -0.002031239 -2.403089523 -0.011860503 0.001976231 0.999927700 84.851623535
0.999822199 0.005237937 0.018113315 1.394771934 -0.005203140 0.999984503 -0.001967667 -2.419090033 -0.018123340 0.001873072 0.999833941 85.409515381
0.999722362 0.004927210 0.023043107 1.430245042 -0.004901685 0.999987304 -0.001164065 -2.443951845 -0.023048550 0.001050792 0.999733746 85.927391052
0.999574482 0.004226577 0.028862260 1.465660453 -0.004164399 0.999988854 -0.002214066 -2.450820208 -0.028871292 0.002092930 0.999580860 86.499595642
0.999319315 0.003711482 0.036704417 1.505458474 -0.003636998 0.999991179 -0.002095852 -2.467298508 -0.036711872 0.001960932 0.999323905 87.047660828
0.998984873 0.004634651 0.044808362 1.551914454 -0.004552130 0.999987781 -0.001943497 -2.491020441 -0.044816814 0.001737551 0.998993635 87.582756042
0.998636127 0.003818475 0.052070573 1.586467981 -0.003721604 0.999991179 -0.001957213 -2.503089905 -0.052077599 0.001760758 0.998641431 88.139030457
0.998143077 0.003320479 0.060823489 1.644030571 -0.003172254 0.999991834 -0.002533359 -2.516473532 -0.060831405 0.002335707 0.998145282 88.687835693
0.997507095 0.003137565 0.070496388 1.707986832 -0.002980098 0.999992907 -0.002338754 -2.534183264 -0.070503220 0.002122838 0.997509301 89.218421936
0.996811807 0.003274691 0.079721697 1.758355618 -0.003107714 0.999992728 -0.002218478 -2.551461458 -0.079728387 0.001963653 0.996814609 89.802711487
0.996175349 0.002503636 0.087341160 1.829467773 -0.002304069 0.999994516 -0.002385655 -2.567201138 -0.087346658 0.002175291 0.996175587 90.348274231
0.995176256 0.002703624 0.098066762 1.905134678 -0.002519683 0.999994874 -0.001999467 -2.588817835 -0.098071665 0.001742725 0.995177746 90.877944946
0.994029343 0.002905514 0.109074354 1.977526665 -0.002678191 0.999993920 -0.002230552 -2.605156422 -0.109080173 0.001925113 0.994031012 91.455223083
0.993019640 0.002026706 0.117931858 2.064563751 -0.001783386 0.999996066 -0.002168714 -2.619129181 -0.117935799 0.001943258 0.993019283 92.003936768
0.991581619 0.002766373 0.129453838 2.148603439 -0.002517270 0.999994636 -0.002087845 -2.632297039 -0.129458904 0.001744398 0.991583228 92.562171936
0.989941120 0.001787074 0.141468480 2.251047134 -0.001487512 0.999996424 -0.002223236 -2.658021688 -0.141471937 0.001990437 0.989940226 93.103591919
0.988364816 0.001770250 0.152091280 2.354497910 -0.001507432 0.999997139 -0.001843317 -2.678104401 -0.152094096 0.001592602 0.988364816 93.651802063
0.986637414 0.001744533 0.162921801 2.455641747 -0.001434523 0.999996901 -0.002020440 -2.686207056 -0.162924826 0.001759727 0.986636937 94.213073730
0.984468758 0.001630822 0.175552174 2.578594208 -0.001347286 0.999997556 -0.001734278 -2.709606886 -0.175554618 0.001470823 0.984468579 94.731361389
0.982096374 0.001111297 0.188375980 2.702028275 -0.000739760 0.999997616 -0.002042611 -2.719278097 -0.188377783 0.001866688 0.982094824 95.295845032
0.980097294 0.001240046 0.198514134 2.826196671 -0.000806986 0.999997079 -0.002262397 -2.730182171 -0.198516339 0.002057171 0.980095446 95.833023071
0.977368116 0.000966945 0.211543575 2.970855713 -0.000540089 0.999997616 -0.002075588 -2.750520945 -0.211545110 0.001914361 0.977366328 96.363655090
0.974315107 0.000609744 0.225188151 3.115669250 -0.000182486 0.999998152 -0.001918148 -2.765337944 -0.225188896 0.001827787 0.974313319 96.921562195
0.971668184 -0.000135073 0.236349061 3.262681961 0.000585406 0.999998093 -0.001835199 -2.783297300 -0.236348391 0.001921564 0.971666396 97.457542419
0.968846142 0.000149837 0.247663274 3.418775558 0.000309322 0.999998331 -0.001815051 -2.798706532 -0.247663110 0.001835113 0.968844414 97.968414307
0.964861453 0.000345416 0.262758851 3.574228287 0.000130912 0.999998391 -0.001795289 -2.811821938 -0.262759119 0.001766603 0.964859843 98.545906067
0.961450458 0.000050142 0.274978191 3.746263504 0.000507654 0.999997914 -0.001957341 -2.826825142 -0.274977714 0.002021480 0.961448431 99.069023132
0.958208621 -0.000551342 0.286069900 3.914880753 0.001159996 0.999997437 -0.001958187 -2.840955734 -0.286068112 0.002208192 0.958206713 99.578910828
0.953968704 -0.001029928 0.299904376 4.114906311 0.001524361 0.999997854 -0.001414674 -2.864034891 -0.299902260 0.001806717 0.953968227 100.112121582
0.949788690 -0.001136312 0.312889963 4.314531326 0.001715196 0.999997318 -0.001574884 -2.879665852 -0.312887222 0.002032475 0.949788094 100.614349365
0.945818782 -0.001732038 0.324690282 4.512485504 0.002405106 0.999995649 -0.001671635 -2.887323380 -0.324685991 0.002361978 0.945818901 101.154205322
0.941155732 -0.002128017 0.337966412 4.718795776 0.002910058 0.999994099 -0.001807318 -2.905161142 -0.337960541 0.002684469 0.941156447 101.668655396
0.936036170 -0.001711293 0.351899624 4.934312820 0.002553383 0.999994814 -0.001928884 -2.922060728 -0.351894528 0.002704039 0.936035752 102.167922974
0.931274831 -0.002153118 0.364311367 5.155752182 0.002878801 0.999994814 -0.001448891 -2.940822840 -0.364306360 0.002398095 0.931276023 102.699653625
0.926724911 -0.002609022 0.375731468 5.388551712 0.003593089 0.999991775 -0.001918405 -2.952852726 -0.375723332 0.003127870 0.926726580 103.210098267
0.920806646 -0.003360993 0.390004814 5.620861053 0.004266064 0.999989867 -0.001454496 -2.972491503 -0.389996022 0.003003095 0.920811653 103.705993652
0.915201247 -0.004453057 0.402972579 5.863143921 0.005483139 0.999983907 -0.001402550 -2.985001326 -0.402959883 0.003493170 0.915210962 104.196914673
0.910271943 -0.004087152 0.413990468 6.106822968 0.005049841 0.999986529 -0.001231026 -3.000469446 -0.413979888 0.003211155 0.910280347 104.684478760
0.903876662 -0.004650941 0.427767754 6.383979797 0.005551061 0.999984205 -0.000857024 -3.030756474 -0.427756995 0.003149209 0.903888285 105.216590881
0.897626162 -0.005088817 0.440728307 6.653537750 0.006006551 0.999981701 -0.000687300 -3.050542355 -0.440716714 0.003264195 0.897640347 105.686401367
0.891641021 -0.005942418 0.452704132 6.934909821 0.007060687 0.999974728 -0.000780489 -3.057423115 -0.452688068 0.003892318 0.891660452 106.204429626
0.885919988 -0.005880244 0.463801026 7.191417694 0.006881635 0.999976218 -0.000466737 -3.072272301 -0.463787258 0.003605201 0.885939360 106.675704956
0.878628135 -0.006116918 0.477467388 7.481479645 0.007197284 0.999974012 -0.000433492 -3.096086264 -0.477452368 0.003817346 0.878649294 107.165023804
