1.000000000 0.000000000 0.000000000 0.000000000 0.000000000 1.000000000 0.000000000 0.000000000 0.000000000 0.000000000 1.000000000 0.000000000
1.000000000 0.000201722 -0.000061621 -0.000144585 -0.000201725 1.000000000 -0.000041072 -0.000001184 0.000061612 0.000041084 1.000000000 -0.000994988
1.000000000 0.000063440 -0.000018558 0.000184519 -0.000063441 1.000000000 -0.000078892 0.000899968 0.000018553 0.000078893 1.000000000 0.000059666
1.000000000 0.000038514 -0.000081091 0.000225969 -0.000038516 1.000000000 -0.000018197 0.000538604 0.000081090 0.000018201 1.000000000 0.000091622
1.000000000 -0.000101921 -0.000042984 0.000681127 0.000101912 1.000000000 -0.000209319 0.000913834 0.000043006 0.000209315 1.000000000 -0.000077082
1.000000000 0.000062203 0.000045202 0.000583781 -0.000062196 1.000000000 -0.000148892 0.000637204 -0.000045211 0.000148890 1.000000000 0.000132107
1.000000000 0.000063698 0.000081673 -0.000627472 -0.000063690 1.000000000 -0.000096042 0.000951211 -0.000081679 0.000096037 1.000000000 0.001194853
1.000000000 0.000024882 0.000111110 0.000054909 -0.000024877 1.000000000 -0.000047834 -0.000709941 -0.000111111 0.000047831 1.000000000 -0.000777514
1.000000000 -0.000143683 -0.000060571 0.002005734 0.000143675 1.000000000 -0.000128660 0.000995228 0.000060589 0.000128652 1.000000000 0.001756808
1.000000000 -0.000053685 -0.000198078 0.002277020 0.000053640 1.000000000 -0.000226488 0.000330240 0.000198090 0.000226478 0.999999940 -0.001016243
1.000000000 -0.000067401 -0.000086276 0.002011612 0.000067389 1.000000000 -0.000143405 0.000617357 0.000086286 0.000143399 1.000000000 0.001134692
1.000000000 -0.000133331 -0.000028968 0.000637358 0.000133328 1.000000000 -0.000102696 0.000525081 0.000028981 0.000102692 1.000000000 0.000405955
1.000000000 -0.000206675 0.000024328 0.000948417 0.000206675 1.000000000 -0.000007078 0.000014491 -0.000024326 0.000007083 1.000000000 0.000598677
1.000000000 -0.000152824 -0.000133649 0.002303669 0.000152822 1.000000000 -0.000020896 0.000017707 0.000133652 0.000020875 1.000000000 -0.000244205
0.999999940 -0.000210482 -0.000135973 0.001175858 0.000210486 1.000000000 0.000031342 -0.000223981 0.000135966 -0.000031371 1.000000000 -0.000587937
1.000000000 0.000008890 0.000084501 -0.000120697 -0.000008892 1.000000000 0.000028547 -0.000100322 -0.000084501 -0.000028548 1.000000000 -0.000518189
1.000000000 0.000052316 -0.000138404 0.001269278 -0.000052329 1.000000000 -0.000091327 0.000340727 0.000138400 0.000091334 1.000000000 -0.000136456
1.000000000 0.000108386 -0.000029424 0.000724560 -0.000108388 1.000000000 -0.000047483 0.000862398 0.000029419 0.000047486 1.000000000 -0.000199691
1.000000000 -0.000030575 -0.000204134 0.001709546 0.000030559 1.000000000 -0.000078470 0.001353197 0.000204136 0.000078464 1.000000000 0.000139973
1.000000000 0.000049993 -0.000069832 0.000592303 -0.000050006 1.000000000 -0.000186247 0.001651075 0.000069822 0.000186250 1.000000000 0.000005777
1.000000000 -0.000159412 -0.000010404 0.000417119 0.000159411 1.000000000 -0.000090264 0.000800212 0.000010419 0.000090262 1.000000000 -0.000200247
1.000000000 -0.000138775 -0.000160835 0.002361222 0.000138751 1.000000000 -0.000145467 0.000749375 0.000160855 0.000145445 1.000000000 0.000239676
1.000000000 0.000137689 -0.000076669 0.000886900 -0.000137683 1.000000000 0.000088328 0.000204505 0.000076681 -0.000088318 1.000000000 0.000132108
1.000000000 0.000065550 -0.000223072 0.002221529 -0.000065574 1.000000000 -0.000110355 0.000998249 0.000223064 0.000110370 0.999999940 -0.000771086
0.999999940 -0.000126864 -0.000239101 0.002039806 0.000126811 0.999999940 -0.000224338 0.001173043 0.000239130 0.000224308 0.999999940 -0.001595650
1.000000000 -0.000040089 -0.000164864 0.001020447 0.000040083 1.000000000 -0.000036541 -0.000597132 0.000164865 0.000036535 1.000000000 -0.001355724
0.999999940 0.000306174 -0.000058409 0.000214797 -0.000306177 0.999999940 -0.000048706 -0.000103200 0.000058394 0.000048724 1.000000000 0.000608603
1.000000000 -0.000139906 -0.000178566 0.001365712 0.000139926 1.000000000 0.000112757 -0.000427113 0.000178550 -0.000112782 1.000000000 0.001359919
1.000000000 -0.000089714 -0.000050222 0.000860288 0.000089710 1.000000000 -0.000076342 0.000190540 0.000050229 0.000076338 1.000000000 0.000071317
1.000000000 -0.000096065 -0.000055764 0.001487471 0.000096067 1.000000000 0.000045006 -0.000276222 0.000055760 -0.000045012 1.000000000 0.000551364
1.000000000 0.000049517 0.000018284 0.000292806 -0.000049517 1.000000000 0.000020584 -0.000214719 -0.000018283 -0.000020585 1.000000000 -0.000385853
1.000000000 0.000150232 -0.000123947 0.001716648 -0.000150244 1.000000000 -0.000100087 0.000608932 0.000123932 0.000100105 1.000000000 0.000496120
1.000000000 -0.000021189 -0.000139811 0.001922836 0.000021203 1.000000000 0.000102033 -0.000213753 0.000139809 -0.000102035 1.000000000 0.001159357
0.999999940 0.000260089 -0.000055860 0.000504222 -0.000260097 0.999999940 -0.000145459 0.001671300 0.000055822 0.000145474 1.000000000 0.001177330
1.000000000 -0.000103255 -0.000138883 0.002113891 0.000103232 1.000000000 -0.000165409 0.001204913 0.000138900 0.000165395 1.000000000 0.000042423
1.000000000 0.000051657 -0.000043433 0.000588456 -0.000051660 1.000000000 -0.000078367 0.001475190 0.000043429 0.000078369 1.000000000 0.002036899
1.000000000 -0.000015296 -0.000100109 0.001208284 0.000015294 1.000000000 -0.000018819 0.000313699 0.000100109 0.000018817 1.000000000 0.000021222
1.000000000 -0.000066095 -0.000174800 0.001425850 0.000066097 1.000000000 0.000008695 0.000615011 0.000174799 -0.000008706 1.000000000 0.000540082
1.000000000 -0.000150523 0.000056877 0.000738067 0.000150534 1.000000000 -0.000180223 0.001612841 -0.000056850 0.000180231 1.000000000 0.002748278
1.000000000 -0.000210970 -0.000069873 0.002723352 0.000210920 0.999999702 -0.000714214 -0.001872525 0.000070024 0.000714199 0.999999762 0.049462382
1.000000000 -0.000063202 0.000019791 0.002155861 0.000063231 0.999998927 -0.001472512 -0.001703184 -0.000019698 0.001472513 0.999998927 0.140693933
0.999999881 0.000535208 -0.000072929 0.003900784 -0.000535334 0.999998391 -0.001737512 -0.005380925 0.000071999 0.001737551 0.999998510 0.255371362
0.999999821 -0.000268809 -0.000503618 0.011229908 0.000268039 0.999998808 -0.001528309 -0.012765627 0.000504029 0.001528174 0.999998629 0.384293050
0.999999762 -0.000353010 -0.000595694 0.014474770 0.000352046 0.999998689 -0.001618721 -0.015205520 0.000596264 0.001618510 0.999998510 0.523880541
0.999999821 -0.000461067 -0.000419972 0.014208378 0.000460526 0.999999046 -0.001287348 -0.022670347 0.000420565 0.001287155 0.999999106 0.681995571
0.999999940 -0.000543479 -0.000062346 0.015371638 0.000543421 0.999999464 -0.000920171 -0.026639387 0.000062846 0.000920137 0.999999583 0.846900702
0.999999821 -0.000259656 -0.000514041 0.023380350 0.000259102 0.999999344 -0.001077892 -0.030195033 0.000514320 0.001077759 0.999999225 1.017064691
0.999999940 0.000087551 -0.000431522 0.027381906 -0.000087922 0.999999642 -0.000861235 -0.035874840 0.000431447 0.000861273 0.999999523 1.196141958
0.999999940 -0.000075162 -0.000197882 0.029518917 0.000075016 0.999999702 -0.000737600 -0.040835552 0.000197937 0.000737585 0.999999702 1.381376743
1.000000000 0.000254830 0.000021419 0.031405278 -0.000254809 0.999999464 -0.000982644 -0.044105139 -0.000021669 0.000982638 0.999999523 1.573536992
0.999999821 -0.000430433 -0.000346434 0.037781615 0.000430217 0.999999642 -0.000623562 -0.052001294 0.000346702 0.000623413 0.999999762 1.771631718
0.999999702 -0.000328291 -0.000747555 0.042735290 0.000327728 0.999999642 -0.000752779 -0.056362994 0.000747802 0.000752534 0.999999464 1.971690059
1.000000000 0.000008067 -0.000155396 0.041808374 -0.000008120 0.999999940 -0.000337747 -0.065912798 0.000155393 0.000337749 0.999999881 2.188981056
0.999999940 -0.000306287 -0.000102322 0.047707595 0.000306248 0.999999821 -0.000383342 -0.069369994 0.000102439 0.000383311 0.999999881 2.409459352
0.999999762 -0.000640737 -0.000065740 0.052228283 0.000640716 0.999999702 -0.000309434 -0.077457480 0.000065938 0.000309392 0.999999940 2.629102468
1.000000000 -0.000053868 0.000048122 0.053832117 0.000053872 1.000000000 -0.000078066 -0.085772879 -0.000048118 0.000078068 1.000000000 2.862529039
0.999999940 -0.000159054 0.000063411 0.060466383 0.000159078 0.999999940 -0.000386164 -0.090214126 -0.000063350 0.000386174 1.000000000 3.093441963
0.999999881 -0.000327056 -0.000056532 0.066486575 0.000327047 0.999999940 -0.000152856 -0.098472916 0.000056582 0.000152838 0.999999940 3.335524321
0.999999940 -0.000189041 0.000018691 0.070553213 0.000189036 0.999999881 0.000289492 -0.109535225 -0.000018746 -0.000289489 0.999999940 3.578506947
0.999999821 -0.000413613 -0.000317021 0.077022970 0.000413667 0.999999881 0.000170500 -0.112733081 0.000316950 -0.000170631 0.999999940 3.835070610
0.999999940 -0.000403790 -0.000075356 0.084263779 0.000403802 0.999999821 0.000160656 -0.122605033 0.000075292 -0.000160686 1.000000000 4.094397068
0.999999940 0.000104304 0.000054691 0.085814677 -0.000104339 0.999999762 0.000643471 -0.134501308 -0.000054624 -0.000643477 0.999999762 4.340879917
0.999999762 0.000671838 0.000136611 0.089264818 -0.000671896 0.999999702 0.000425106 -0.140237823 -0.000136326 -0.000425198 0.999999881 4.603856564
0.999999940 -0.000221221 0.000192809 0.098693557 0.000221152 0.999999940 0.000359134 -0.143327937 -0.000192888 -0.000359092 0.999999881 4.866011620
0.999999881 0.000030389 0.000327835 0.104865812 -0.000030543 0.999999881 0.000468150 -0.153207615 -0.000327821 -0.000468160 0.999999821 5.128792286
0.999999940 -0.000332332 0.000199961 0.109323427 0.000332207 0.999999702 0.000623089 -0.161161423 -0.000200168 -0.000623023 0.999999762 5.392594337
0.999999762 0.000076025 0.000553510 0.112811066 -0.000076379 0.999999762 0.000640629 -0.168739423 -0.000553461 -0.000640671 0.999999642 5.663836002
0.999999821 -0.000117551 0.000588934 0.119203158 0.000116996 0.999999583 0.000941715 -0.178079635 -0.000589045 -0.000941646 0.999999344 5.932741642
0.999999821 -0.000265696 0.000333093 0.130599186 0.000265295 0.999999225 0.001203208 -0.189899668 -0.000333412 -0.001203120 0.999999225 6.206369400
0.999999821 0.000173862 0.000604021 0.128723934 -0.000174427 0.999999523 0.000935989 -0.193541616 -0.000603858 -0.000936094 0.999999404 6.501854897
1.000000000 -0.000161183 0.000090643 0.139037654 0.000161113 0.999999642 0.000769599 -0.202234715 -0.000090767 -0.000769584 0.999999762 6.788859844
0.999999821 0.000026622 0.000644236 0.145610362 -0.000027307 0.999999464 0.001061774 -0.212751120 -0.000644207 -0.001061791 0.999999225 7.086026669
0.999999821 0.000107768 0.000619732 0.152102262 -0.000108550 0.999999166 0.001261513 -0.221107855 -0.000619595 -0.001261580 0.999998987 7.383778572
0.999999344 0.000519516 0.000997076 0.157733172 -0.000520371 0.999999523 0.000857270 -0.226331294 -0.000996630 -0.000857788 0.999999106 7.694650650
0.999999285 0.000359764 0.001132958 0.165499672 -0.000360893 0.999999464 0.000997137 -0.234322324 -0.001132599 -0.000997545 0.999998868 8.014224052
0.999998808 0.000485465 0.001472965 0.168996155 -0.000486997 0.999999344 0.001039718 -0.242463693 -0.001472458 -0.001040434 0.999998331 8.335052490
0.999998271 0.000741699 0.001700161 0.174545959 -0.000743079 0.999999404 0.000811066 -0.253853202 -0.001699558 -0.000812328 0.999998212 8.654855728
0.999996722 0.000827321 0.002411861 0.177325994 -0.000829988 0.999999046 0.001104983 -0.263382018 -0.002410944 -0.001106982 0.999996483 8.993102074
0.999997079 0.000731965 0.002298636 0.184949443 -0.000734513 0.999999106 0.001107732 -0.274100035 -0.002297823 -0.001109417 0.999996722 9.329193115
0.999996424 0.001061815 0.002514513 0.190719947 -0.001064009 0.999999046 0.000871556 -0.282107502 -0.002513586 -0.000874229 0.999996483 9.676432610
0.999996543 0.001186116 0.002331048 0.200685561 -0.001188844 0.999998569 0.001169284 -0.292193353 -0.002329658 -0.001172052 0.999996603 10.027427673
0.999996662 0.001038395 0.002332632 0.211143240 -0.001041376 0.999998748 0.001277373 -0.304639131 -0.002331303 -0.001279798 0.999996483 10.385510445
0.999996722 0.001027643 0.002344864 0.218057916 -0.001030374 0.999998808 0.001163985 -0.312466383 -0.002343665 -0.001166397 0.999996543 10.752233505
0.999995887 0.001477762 0.002455792 0.225095421 -0.001480920 0.999998033 0.001284435 -0.322168022 -0.002453889 -0.001288067 0.999996126 11.118788719
0.999994218 0.001716087 0.002942939 0.230583996 -0.001719209 0.999997973 0.001058420 -0.333722085 -0.002941117 -0.001063473 0.999995112 11.494015694
0.999995947 0.001273368 0.002548077 0.246388942 -0.001276717 0.999998331 0.001313466 -0.342250556 -0.002546401 -0.001316714 0.999995887 11.869879723
0.999995649 0.001385909 0.002598766 0.254317284 -0.001389993 0.999997795 0.001570586 -0.358075052 -0.002596584 -0.001574191 0.999995351 12.260871887
0.999995649 0.000823412 0.002813117 0.264729172 -0.000827827 0.999998450 0.001568554 -0.369225681 -0.002811821 -0.001570876 0.999994814 12.653982162
0.999996841 0.000585477 0.002446613 0.274115682 -0.000589031 0.999998748 0.001452218 -0.374739200 -0.002445760 -0.001453654 0.999995947 13.065042496
0.999995649 0.001052599 0.002740798 0.281508803 -0.001055785 0.999998748 0.001160994 -0.387720793 -0.002739573 -0.001163883 0.999995589 13.463768959
0.999996126 0.000994119 0.002593667 0.294509858 -0.000996744 0.999998987 0.001010821 -0.394835800 -0.002592659 -0.001013402 0.999996126 13.875669479
0.999994576 0.001394431 0.002980957 0.298575073 -0.001398098 0.999998212 0.001228341 -0.407253504 -0.002979239 -0.001232502 0.999994755 14.296225548
0.999995649 0.001392037 0.002598256 0.312772214 -0.001395042 0.999998331 0.001155452 -0.421090096 -0.002596643 -0.001159072 0.999995947 14.712959290
0.999993503 0.001296047 0.003343462 0.318289727 -0.001302646 0.999997199 0.001972298 -0.437904775 -0.003340896 -0.001976641 0.999992490 15.148712158
0.999993801 0.001005609 0.003371368 0.332713008 -0.001012233 0.999997497 0.001963554 -0.447726220 -0.003369385 -0.001966954 0.999992371 15.580626488
0.999990344 0.001485416 0.004135915 0.339215457 -0.001491374 0.999997854 0.001437763 -0.456475705 -0.004133770 -0.001443918 0.999990404 16.026485443
0.999992549 0.000414995 0.003834511 0.354007632 -0.000421198 0.999998629 0.001616914 -0.468490779 -0.003833835 -0.001618517 0.999991357 16.467355728
0.999991238 0.001005569 0.004098873 0.360924482 -0.001012478 0.999998093 0.001683717 -0.483014256 -0.004097173 -0.001687853 0.999990165 16.914394379
0.999987423 0.000883197 0.004935604 0.367813289 -0.000892758 0.999997735 0.001935369 -0.498591214 -0.004933883 -0.001939751 0.999985933 17.370368958
0.999980509 0.001904335 0.005942833 0.373744190 -0.001917483 0.999995768 0.002207551 -0.512116790 -0.005938604 -0.002218903 0.999979913 17.827684402
0.999982417 0.001192016 0.005813586 0.395198584 -0.001204281 0.999997079 0.002106729 -0.527563214 -0.005811058 -0.002113693 0.999980867 18.279399872
0.999976218 0.001783991 0.006664803 0.407005906 -0.001799203 0.999995768 0.002277144 -0.542996943 -0.006660711 -0.002289082 0.999975145 18.749021530
0.999976575 0.002435254 0.006410936 0.421093822 -0.002449414 0.999994516 0.002201837 -0.558274686 -0.006405539 -0.002217489 0.999976993 19.216632843
0.999978423 0.001273634 0.006445473 0.437329829 -0.001287894 0.999996722 0.002208748 -0.569235623 -0.006442640 -0.002217002 0.999976754 19.704046249
0.999975741 0.001946350 0.006688956 0.448939919 -0.001963457 0.999994755 0.002551916 -0.582357347 -0.006683955 -0.002564987 0.999974370 20.188896179
0.999972999 0.001994729 0.007071932 0.459857821 -0.002013906 0.999994338 0.002705559 -0.600181699 -0.007066495 -0.002719728 0.999971271 20.668365479
0.999973655 0.002335446 0.006876268 0.477473080 -0.002356620 0.999992490 0.003072792 -0.618720412 -0.006869042 -0.003088917 0.999971628 21.150485992
0.999980927 0.002145281 0.005779579 0.497783244 -0.002164828 0.999991953 0.003378060 -0.632806540 -0.005772287 -0.003390507 0.999977589 21.637554169
0.999980211 0.002246302 0.005864991 0.507490039 -0.002266460 0.999991536 0.003432495 -0.650829554 -0.005857231 -0.003445720 0.999976933 22.140623093
0.999983728 0.002222518 0.005251676 0.519396365 -0.002238916 0.999992549 0.003118387 -0.659261703 -0.005244707 -0.003130094 0.999981284 22.654794693
0.999983072 0.002804920 0.005103423 0.528147936 -0.002821055 0.999991000 0.003157121 -0.674980938 -0.005094520 -0.003171464 0.999981999 23.180873871
0.999987185 0.002820904 0.004195243 0.546355844 -0.002835921 0.999989569 0.003577895 -0.695819080 -0.004185108 -0.003589747 0.999984801 23.692066193
0.999991238 0.001901442 0.003734434 0.555957019 -0.001913980 0.999992549 0.003357036 -0.712253809 -0.003728023 -0.003364154 0.999987364 24.216110229
0.999990821 0.002786915 0.003252971 0.565981746 -0.002798466 0.999989748 0.003551882 -0.722950935 -0.003243040 -0.003560952 0.999988317 24.750616074
0.999994278 0.002687372 0.002034576 0.579239845 -0.002695068 0.999989212 0.003788929 -0.740669727 -0.002024372 -0.003794391 0.999990761 25.273963928
0.999995589 0.002501419 0.001584385 0.589707434 -0.002507492 0.999989390 0.003842037 -0.756179452 -0.001574758 -0.003845993 0.999991357 25.813381195
0.999993622 0.003146717 0.001651652 0.596572340 -0.003152648 0.999988556 0.003601256 -0.769010246 -0.001640301 -0.003606440 0.999992073 26.358526230
0.999996662 0.002435218 0.000773744 0.611603200 -0.002438683 0.999986887 0.004508999 -0.781926274 -0.000762753 -0.004510871 0.999989510 26.917369843
0.999998152 0.001899103 -0.000182620 0.628671348 -0.001898382 0.999990702 0.003868648 -0.797096729 0.000189965 -0.003868294 0.999992490 27.463256836
0.999995470 0.003004958 0.000031262 0.637144327 -0.003005052 0.999989033 0.003584915 -0.810831249 -0.000020490 -0.003584992 0.999993563 28.012332916
0.999994695 0.003243781 0.000242912 0.637651145 -0.003244746 0.999986410 0.004083516 -0.831810594 -0.000229663 -0.004084283 0.999991655 28.549459457
0.999993980 0.003452193 -0.000253566 0.647355556 -0.003451184 0.999986529 0.003873683 -0.839912415 0.000266935 -0.003872785 0.999992490 29.107461929
0.999994576 0.003234460 -0.000586516 0.660449207 -0.003232142 0.999987125 0.003909237 -0.853343427 0.000599153 -0.003907321 0.999992192 29.659215927
0.999994159 0.003295332 -0.000823897 0.664482832 -0.003292248 0.999987662 0.003715938 -0.863043308 0.000836132 -0.003713204 0.999992669 30.209877014
0.999994516 0.003188138 -0.000850304 0.677212894 -0.003184832 0.999987483 0.003861058 -0.882496595 0.000862603 -0.003858329 0.999992132 30.753238678
0.999992430 0.003828379 -0.000696072 0.683772266 -0.003825739 0.999985635 0.003755250 -0.891564786 0.000710439 -0.003752558 0.999992728 31.301584244
0.999991536 0.003938609 -0.001227521 0.689842522 -0.003934162 0.999985814 0.003604146 -0.901179075 0.001241699 -0.003599287 0.999992728 31.854867935
0.999994278 0.003214337 -0.001059991 0.693637192 -0.003211114 0.999990404 0.003027935 -0.909663022 0.001069714 -0.003024515 0.999994874 32.413578033
0.999992013 0.003968410 -0.000409035 0.692182243 -0.003967058 0.999986827 0.003257195 -0.922184050 0.000421956 -0.003255546 0.999994636 32.969055176
0.999991417 0.004144092 -0.000227590 0.694166183 -0.004143433 0.999987423 0.002816366 -0.936215281 0.000239259 -0.002815399 0.999996006 33.510002136
0.999992609 0.003807334 -0.000479020 0.705555081 -0.003806145 0.999989748 0.002458781 -0.946182251 0.000488377 -0.002456940 0.999996841 34.056716919
0.999991238 0.004156948 -0.000441230 0.711058319 -0.004155804 0.999988079 0.002559833 -0.960685313 0.000451866 -0.002557978 0.999996603 34.603187561
0.999992430 0.003845383 -0.000606023 0.727756917 -0.003843584 0.999988198 0.002944183 -0.981248736 0.000617337 -0.002941832 0.999995470 35.138473511
0.999988914 0.004704643 0.000051665 0.730942130 -0.004704766 0.999985218 0.002729990 -0.991656065 -0.000038820 -0.002730203 0.999996245 35.680889130
0.999990404 0.004376190 -0.000136515 0.742600620 -0.004375848 0.999987662 0.002402262 -1.004911900 0.000147027 -0.002401642 0.999997079 36.236160278
0.999989867 0.004484760 0.000390467 0.748475194 -0.004485671 0.999987125 0.002364481 -1.019851565 -0.000379858 -0.002366209 0.999997079 36.788356781
0.999990106 0.004398563 0.000620951 0.753144324 -0.004399802 0.999988317 0.002007480 -1.029940128 -0.000612113 -0.002010192 0.999997795 37.326049805
0.999988258 0.004844151 0.000015575 0.766121268 -0.004844172 0.999986589 0.001829849 -1.044596434 -0.000006711 -0.001829903 0.999998331 37.869701385
0.999986053 0.005185588 0.001030196 0.764989078 -0.005187690 0.999984443 0.002047367 -1.059383631 -0.001019564 -0.002052683 0.999997377 38.418155670
0.999985933 0.005221830 0.000914380 0.774769843 -0.005223791 0.999984026 0.002156088 -1.076509714 -0.000903107 -0.002160835 0.999997258 38.964241028
0.999985278 0.005217544 0.001483441 0.779325128 -0.005220870 0.999983788 0.002247377 -1.092874765 -0.001471690 -0.002255088 0.999996364 39.504791260
0.999982357 0.005634096 0.001862931 0.792864144 -0.005639436 0.999979913 0.002873130 -1.113066912 -0.001846706 -0.002883585 0.999994159 40.050098419
0.999981344 0.005873172 0.001632432 0.802623391 -0.005877792 0.999978662 0.002839288 -1.127091169 -0.001615721 -0.002848830 0.999994636 40.600051880
0.999985754 0.005197393 0.001204720 0.821306348 -0.005200769 0.999982536 0.002814897 -1.145899534 -0.001190069 -0.002821122 0.999995291 41.139797211
0.999985397 0.005322147 0.000852525 0.831814051 -0.005324750 0.999981046 0.003080102 -1.161256075 -0.000836116 -0.003084597 0.999994814 41.684421539
0.999985337 0.005308670 0.001160456 0.839646161 -0.005311789 0.999982238 0.002702511 -1.173172951 -0.001146089 -0.002708636 0.999995589 42.242687225
0.999985218 0.005395950 0.000824897 0.853370667 -0.005398190 0.999981701 0.002737064 -1.189236641 -0.000810113 -0.002741476 0.999995887 42.765628815
0.999987185 0.005031139 0.000404945 0.864997566 -0.005032302 0.999983072 0.002923821 -1.201539278 -0.000390228 -0.002925821 0.999995649 43.321128845
0.999988317 0.004823158 0.000236822 0.876857281 -0.004823785 0.999984682 0.002723055 -1.218791366 -0.000223685 -0.002724165 0.999996245 43.847972870
0.999991655 0.004077847 0.000014828 0.892403126 -0.004077874 0.999986649 0.003171548 -1.227735519 -0.000001895 -0.003171582 0.999994993 44.407455444
0.999989629 0.004531297 -0.000449497 0.906175435 -0.004530108 0.999986351 0.002612043 -1.239970446 0.000461327 -0.002609980 0.999996424 44.956829071
0.999990523 0.004326708 -0.000461770 0.921903133 -0.004325401 0.999986768 0.002795118 -1.248012424 0.000473857 -0.002793094 0.999995947 45.531387329
0.999991477 0.004091382 -0.000550877 0.928784788 -0.004090133 0.999989092 0.002251311 -1.255159736 0.000560083 -0.002249039 0.999997258 46.058086395
0.999991536 0.004056637 -0.000545411 0.940989077 -0.004055478 0.999989569 0.002111022 -1.271593690 0.000553969 -0.002108793 0.999997556 46.598129272
0.999989271 0.004605754 -0.000391351 0.946807206 -0.004605220 0.999988556 0.001356046 -1.277642012 0.000397593 -0.001354230 0.999998987 47.149993896
0.999989986 0.004235112 -0.001450091 0.958896279 -0.004233014 0.999989986 0.001447759 -1.277263403 0.001456208 -0.001441606 0.999997854 47.710231781
0.999990642 0.004122437 -0.001332396 0.971294940 -0.004118636 0.999987423 0.002843309 -1.306670308 0.001344100 -0.002837795 0.999995053 48.244331360
0.999989688 0.004428756 -0.000979137 0.981366038 -0.004426079 0.999986529 0.002718783 -1.318041921 0.000991165 -0.002714421 0.999995828 48.790649414
0.999990582 0.004236419 -0.000888174 0.993119121 -0.004234011 0.999987423 0.002695262 -1.338854313 0.000899582 -0.002691476 0.999995887 49.317981720
0.999990821 0.004279598 -0.000301463 1.002989292 -0.004278731 0.999986887 0.002817939 -1.351855278 0.000313519 -0.002816623 0.999996006 49.858058929
0.999992430 0.003866725 -0.000468033 1.014817953 -0.003865428 0.999988914 0.002741239 -1.363892913 0.000478627 -0.002739409 0.999996126 50.401660919
0.999989152 0.004644432 0.000274012 1.014639378 -0.004645174 0.999985278 0.002775135 -1.378813386 -0.000261119 -0.002776378 0.999996126 50.933357239
0.999989927 0.004434189 0.000596015 1.027609825 -0.004436074 0.999984980 0.003199751 -1.398337722 -0.000581818 -0.003202363 0.999994695 51.474285126
0.999988794 0.004692202 0.000474112 1.042733431 -0.004693268 0.999986351 0.002273018 -1.403999686 -0.000463441 -0.002275218 0.999997258 52.026905060
0.999989212 0.004581890 0.000661633 1.055123448 -0.004583242 0.999987364 0.002056564 -1.419889688 -0.000652202 -0.002059574 0.999997616 52.577716827
0.999987245 0.005048717 0.000218369 1.066687822 -0.005049127 0.999985397 0.001922361 -1.432175159 -0.000208660 -0.001923440 0.999998093 53.113357544
0.999989092 0.004639566 -0.000480087 1.078281283 -0.004638449 0.999986529 0.002304176 -1.450469851 0.000490771 -0.002301924 0.999997258 53.662544250
0.999987960 0.004899088 -0.000274939 1.091046810 -0.004898384 0.999984860 0.002510692 -1.466404796 0.000287235 -0.002509315 0.999996722 54.209560394
0.999987125 0.005064970 0.000072442 1.098685145 -0.005065131 0.999984145 0.002451085 -1.482716322 -0.000060026 -0.002451421 0.999997020 54.756317139
0.999988019 0.004882261 0.000285513 1.111376882 -0.004883047 0.999984086 0.002817722 -1.503698587 -0.000271751 -0.002819082 0.999996006 55.292594910
0.999988914 0.004689222 0.000247104 1.120458007 -0.004689918 0.999984741 0.002897079 -1.517789364 -0.000233515 -0.002898206 0.999995768 55.836444855
0.999990880 0.004253061 -0.000273317 1.134810925 -0.004252244 0.999986708 0.002925540 -1.530501604 0.000285757 -0.002924351 0.999995708 56.383705139
0.999985814 0.005326396 -0.000233573 1.148216486 -0.005325682 0.999981463 0.002958697 -1.548498750 0.000249328 -0.002957411 0.999995589 56.928138733
0.999990165 0.004384220 -0.000662956 1.164421320 -0.004382192 0.999985754 0.003031356 -1.559961796 0.000676236 -0.003028421 0.999995172 57.483444214
0.999988556 0.004754284 -0.000694083 1.174649596 -0.004752020 0.999983430 0.003227785 -1.577831030 0.000709418 -0.003224449 0.999994576 58.032619476
0.999989927 0.004297266 -0.001238856 1.188979387 -0.004294136 0.999987602 0.002519317 -1.587345958 0.001249666 -0.002513973 0.999996066 58.580505371
0.999989450 0.004464573 -0.001058271 1.195993662 -0.004461934 0.999986887 0.002483213 -1.593129396 0.001069343 -0.002478465 0.999996364 59.140869141
0.999990523 0.004272930 -0.000854286 1.203819036 -0.004270972 0.999988258 0.002282300 -1.608411789 0.000864028 -0.002278630 0.999997020 59.681427002
0.999989450 0.004521523 -0.000701761 1.217239857 -0.004520361 0.999988556 0.001649671 -1.613689423 0.000709212 -0.001646481 0.999998391 60.236614227
0.999993563 0.003565305 -0.000286510 1.225626469 -0.003564622 0.999990821 0.002350789 -1.630459785 0.000294888 -0.002349752 0.999997199 60.787830353
0.999992371 0.003877704 -0.000493142 1.248523831 -0.003876393 0.999988914 0.002633600 -1.648398638 0.000503349 -0.002631668 0.999996424 61.334075928
0.999992073 0.003967776 -0.000144189 1.249218464 -0.003967477 0.999990046 0.002018204 -1.660716295 0.000152195 -0.002017616 0.999997973 61.872562408
0.999992371 0.003901632 0.000259681 1.255299211 -0.003902298 0.999988973 0.002620067 -1.677612185 -0.000249455 -0.002621061 0.999996483 62.425613403
0.999994397 0.003377018 -0.000009871 1.270798087 -0.003376991 0.999992132 0.002038582 -1.691525340 0.000016756 -0.002038537 0.999997854 62.974792480
0.999994218 0.003375885 -0.000263259 1.279274821 -0.003375107 0.999990046 0.002905359 -1.710012913 0.000273065 -0.002904454 0.999995768 63.520816803
0.999991238 0.004144362 -0.000587214 1.288629055 -0.004142577 0.999986887 0.003007714 -1.724498987 0.000599671 -0.003005256 0.999995291 64.075950623
0.999992669 0.003737527 -0.000764695 1.301948428 -0.003735153 0.999988198 0.003083511 -1.737667084 0.000776210 -0.003080633 0.999994934 64.624046326
0.999991894 0.003781869 -0.001390243 1.314071178 -0.003777258 0.999987423 0.003304517 -1.750395536 0.001402724 -0.003299239 0.999993503 65.163475037
0.999992490 0.003674572 -0.001252794 1.327547550 -0.003670445 0.999987900 0.003280506 -1.766407013 0.001264833 -0.003275884 0.999993861 65.714569092
0.999993086 0.003433992 -0.001444621 1.338167548 -0.003429895 0.999990046 0.002829313 -1.776088595 0.001454323 -0.002824338 0.999994934 66.268623352
0.999991059 0.003755037 -0.001958818 1.349225998 -0.003749780 0.999989331 0.002679856 -1.785121679 0.001968860 -0.002672486 0.999994457 66.820648193
0.999992788 0.003330789 -0.001833506 1.365547657 -0.003325245 0.999989927 0.003018562 -1.804161668 0.001843541 -0.003012443 0.999993742 67.362060547
0.999991536 0.003588864 -0.002005635 1.370807528 -0.003582788 0.999988973 0.003024767 -1.817635775 0.002016468 -0.003017556 0.999993443 67.907501221
0.999991417 0.003408355 -0.002359154 1.387471199 -0.003401855 0.999990404 0.002753878 -1.833696008 0.002368517 -0.002745829 0.999993443 68.448013306
0.999988258 0.003956348 -0.002790953 1.399221301 -0.003949155 0.999988854 0.002578074 -1.847054243 0.002801121 -0.002567021 0.999992788 68.993606567
0.999988437 0.003748724 -0.002982685 1.407095075 -0.003741379 0.999989986 0.002464610 -1.858599663 0.002991894 -0.002453422 0.999992490 69.535827637
0.999988079 0.004117958 -0.002612393 1.412312031 -0.004111989 0.999988914 0.002286075 -1.873361111 0.002621778 -0.002275306 0.999993980 70.092811584
0.999988854 0.003526465 -0.003130845 1.429194927 -0.003517567 0.999989748 0.002843085 -1.892304659 0.003140839 -0.002832040 0.999991059 70.638542175
0.999987960 0.003443356 -0.003491373 1.438270926 -0.003434625 0.999990880 0.002503601 -1.902283907 0.003499963 -0.002491579 0.999990702 71.190963745
0.999989450 0.003328741 -0.003172944 1.448768258 -0.003321444 0.999991834 0.002301981 -1.916141033 0.003180581 -0.002291417 0.999992311 71.738418579
0.999989271 0.003430900 -0.003116274 1.453548551 -0.003424010 0.999991834 0.002213936 -1.928045869 0.003123843 -0.002203243 0.999992669 72.285148621
0.999986589 0.004107735 -0.003146217 1.463525414 -0.004099234 0.999988079 0.002703422 -1.949333668 0.003157285 -0.002690489 0.999991357 72.828063965
0.999989331 0.003445640 -0.003066927 1.475142479 -0.003437008 0.999990106 0.002814906 -1.964973569 0.003076595 -0.002804335 0.999991357 73.372406006
0.999989212 0.003297443 -0.003254247 1.482235193 -0.003289373 0.999991536 0.002481899 -1.974513054 0.003262404 -0.002471168 0.999991536 73.919540405
0.999987841 0.003676417 -0.003284174 1.493736863 -0.003667729 0.999989867 0.002647495 -1.993644953 0.003293874 -0.002635417 0.999991059 74.464965820
0.999987364 0.003558275 -0.003531504 1.507521391 -0.003547111 0.999988735 0.003162511 -2.011940241 0.003542717 -0.003149944 0.999988735 74.994392395
0.999989092 0.003091546 -0.003494245 1.514867306 -0.003080935 0.999990642 0.003038350 -2.026116371 0.003503605 -0.003027551 0.999989271 75.544288635
0.999988198 0.002595864 -0.004113601 1.528278232 -0.002584110 0.999992549 0.002860109 -2.041028023 0.004120994 -0.002849445 0.999987423 76.086486816
0.999983788 0.003568383 -0.004425265 1.538063288 -0.003557406 0.999990582 0.002485970 -2.049293756 0.004434094 -0.002470187 0.999987125 76.637916565
0.999985456 0.003169449 -0.004357281 1.549921393 -0.003159452 0.999992311 0.002299394 -2.064922810 0.004364536 -0.002285593 0.999987841 77.191291809
0.999986708 0.003221685 -0.004027107 1.555746555 -0.003212792 0.999992371 0.002213117 -2.075177193 0.004034207 -0.002200149 0.999989450 77.744987488
0.999985874 0.003125386 -0.004302511 1.562272549 -0.003116893 0.999993205 0.001979229 -2.086350203 0.004308668 -0.001965791 0.999988794 78.281333923
0.999987066 0.002735672 -0.004283006 1.568640828 -0.002728791 0.999994934 0.001611680 -2.099055290 0.004287394 -0.001599972 0.999989510 78.825347900
0.999986887 0.002823807 -0.004271667 1.580332518 -0.002818253 0.999995172 0.001305602 -2.110083818 0.004275333 -0.001293546 0.999989986 79.378318787
0.999987185 0.002559485 -0.004351246 1.588730693 -0.002553927 0.999995887 0.001282409 -2.120941639 0.004354510 -0.001271280 0.999989629 79.926399231
0.999988139 0.002236939 -0.004331800 1.596318126 -0.002229806 0.999996126 0.001650811 -2.140620947 0.004335476 -0.001641132 0.999989271 80.467987061
0.999989927 0.002718961 -0.003546676 1.605493307 -0.002714809 0.999995649 0.001174941 -2.152508497 0.003549855 -0.001165301 0.999993026 81.016029358
0.999994099 0.002785053 -0.002012756 1.612025499 -0.002782078 0.999995053 0.001479031 -2.171708822 0.002016865 -0.001473423 0.999996841 81.559951782
0.999996006 0.002316671 -0.001582891 1.626554012 -0.002314583 0.999996424 0.001319677 -2.186442137 0.001585943 -0.001316008 0.999997795 82.108917236
0.999996483 0.002642919 0.000077383 1.634701729 -0.002643004 0.999995887 0.001116342 -2.195248127 -0.000074431 -0.001116542 0.999999285 82.673995972
0.999989867 0.002511181 0.003729057 1.651330113 -0.002515519 0.999996126 0.001158916 -2.215816498 -0.003726133 -0.001168284 0.999992311 83.219154358
0.999977112 0.002324598 0.006348836 1.683689117 -0.002334015 0.999996185 0.001476021 -2.234808207 -0.006345381 -0.001490806 0.999978721 83.749969482
0.999949992 0.001808106 0.009831067 1.697592258 -0.001823856 0.999997079 0.001593316 -2.254112482 -0.009828160 -0.001611166 0.999950349 84.295783997
0.999888361 0.002146991 0.014785710 1.720100403 -0.002170820 0.999996305 0.001595732 -2.266883135 -0.014782229 -0.001627650 0.999889433 84.840629578
0.999789178 0.001967163 0.020437848 1.750938177 -0.001994999 0.999997139 0.001341663 -2.278602123 -0.020435147 -0.001382153 0.999790251 85.398185730
0.999663353 0.001791724 0.025883846 1.780028820 -0.001828257 0.999997377 0.001387836 -2.297148228 -0.025881290 -0.001434691 0.999664009 85.942604065
0.999497533 0.001716316 0.031650741 1.809783697 -0.001758654 0.999997735 0.001309867 -2.313529015 -0.031648416 -0.001364871 0.999498129 86.494720459
0.999211967 0.001631492 0.039658226 1.845351219 -0.001680602 0.999997973 0.001205029 -2.319045305 -0.039656177 -0.001270730 0.999212503 87.057296753
0.998842299 0.001167850 0.048089970 1.894593477 -0.001224441 0.999998569 0.001147329 -2.334905148 -0.048088551 -0.001204884 0.998842359 87.613983154
0.998487175 0.000922744 0.054977857 1.937817812 -0.000987675 0.999998868 0.001153882 -2.345810652 -0.054976735 -0.001206437 0.998486936 88.161544800
0.997933567 0.001216311 0.064241946 1.988132238 -0.001282275 0.999998689 0.000985578 -2.355144262 -0.064240664 -0.001065917 0.997933805 88.722206116
0.997226477 0.001437955 0.074412003 2.045071125 -0.001559471 0.999997556 0.001574925 -2.377395391 -0.074409567 -0.001686600 0.997226357 89.241607666
0.996583879 0.000683286 0.082583226 2.108004093 -0.000801554 0.999998689 0.001398953 -2.390281916 -0.082582153 -0.001460369 0.996583164 89.788909912
0.995904624 0.000018939 0.090410315 2.172480583 -0.000129650 0.999999225 0.001218664 -2.403859377 -0.090410225 -0.001225395 0.995903969 90.332633972
0.994853795 0.000247323 0.101320058 2.244245052 -0.000385142 0.999999046 0.001340682 -2.416923285 -0.101319619 -0.001372805 0.994852960 90.873092651
0.993631780 0.000139929 0.112675644 2.316673756 -0.000294719 0.999999046 0.001357108 -2.427920341 -0.112675339 -0.001381674 0.993630886 91.420791626
0.992587566 -0.000314211 0.121530950 2.404701233 0.000211061 0.999999583 0.000861628 -2.439528942 -0.121531159 -0.000829591 0.992587268 91.966735840
0.991193652 0.000054507 0.132420331 2.496578217 -0.000227079 0.999999166 0.001288116 -2.449992657 -0.132420108 -0.001306842 0.991192818 92.510169983
0.989556849 -0.001106526 0.144139796 2.596161842 0.001002793 0.999999106 0.000792320 -2.463462830 -0.144140601 -0.000639503 0.989557028 93.056465149
0.987844169 -0.000571719 0.155446246 2.694857597 0.000384841 0.999999166 0.001232288 -2.482601881 -0.155446827 -0.001157486 0.987843573 93.609527588
0.986121535 -0.001102629 0.166021496 2.804649353 0.000944246 0.999999046 0.001032917 -2.489978075 -0.166022435 -0.000861817 0.986121595 94.159126282
0.983851910 -0.001125023 0.178980753 2.924352646 0.000919498 0.999998808 0.001231261 -2.502689838 -0.178981930 -0.001046806 0.983851790 94.706771851
0.981522799 -0.001188898 0.191341564 3.049131393 0.000975027 0.999998808 0.001211890 -2.515781164 -0.191342771 -0.001002935 0.981522739 95.240776062
0.979489684 -0.001317352 0.201490045 3.175992012 0.001070012 0.999998510 0.001336461 -2.531867266 -0.201491475 -0.001093453 0.979489625 95.765068054
0.976720810 -0.002048263 0.214504734 3.325078964 0.001846888 0.999997616 0.001139202 -2.546453238 -0.214506537 -0.000716516 0.976722419 96.305068970
0.973693609 -0.002115268 0.227851510 3.472499847 0.001897940 0.999997497 0.001172917 -2.558550596 -0.227853402 -0.000709613 0.973695159 96.828521729
0.971177757 -0.002552624 0.238342687 3.628740311 0.002132274 0.999995649 0.002021445 -2.587378025 -0.238346815 -0.001454971 0.971179008 97.328330994
0.968230665 -0.003253201 0.250037640 3.784181595 0.002947228 0.999994397 0.001598102 -2.592302084 -0.250041425 -0.000810414 0.968234777 97.831970215
0.964487433 -0.002880832 0.264112741 3.954868317 0.002493620 0.999995291 0.001801325 -2.601163626 -0.264116645 -0.001078759 0.964490116 98.365043640
0.960784972 -0.001881337 0.277288139 4.116096497 0.001521510 0.999997675 0.001512827 -2.617722750 -0.277290344 -0.001031604 0.960785687 98.904281616
0.957621276 -0.003623358 0.288007677 4.272348404 0.003129706 0.999992728 0.002174453 -2.633137703 -0.288013458 -0.001180923 0.957625628 99.363365173
0.953389108 -0.003678831 0.301721096 4.457674026 0.003116333 0.999992371 0.002345626 -2.648237944 -0.301727474 -0.001296031 0.953393281 99.888053894
0.949038982 -0.003855500 0.315135062 4.651664734 0.003297382 0.999991834 0.002304169 -2.665754318 -0.315141380 -0.001147625 0.949043989 100.395957947
0.945133388 -0.004474764 0.326653957 4.849935532 0.003934056 0.999989510 0.002315937 -2.677349329 -0.326660961 -0.000903794 0.945141137 100.889129639
0.940393984 -0.004076562 0.340062290 5.054086685 0.003550692 0.999991298 0.002168654 -2.691637516 -0.340068161 -0.000831933 0.940400422 101.411476135
0.935502648 -0.005019162 0.353284001 5.272298813 0.004583420 0.999987364 0.002069998 -2.701753616 -0.353289872 -0.000317239 0.935513854 101.912460327
0.930642784 -0.005236190 0.365891248 5.478067398 0.004652202 0.999986053 0.002477727 -2.719546556 -0.365899175 -0.000603679 0.930654287 102.399063110
0.925926685 -0.005826019 0.377658278 5.707189560 0.005420126 0.999983013 0.002137595 -2.728954315 -0.377664268 0.000067699 0.925942600 102.896179199
0.920030832 -0.005732989 0.391804069 5.940311432 0.005238537 0.999983549 0.002330958 -2.745355844 -0.391811043 -0.000092073 0.920045733 103.385772705
0.914253473 -0.006375943 0.405092776 6.183475494 0.005961959 0.999979615 0.002283607 -2.754573584 -0.405099183 0.000327351 0.914272726 103.881927490
0.909354210 -0.006919208 0.415965199 6.429759979 0.006619235 0.999975681 0.002163190 -2.769263506 -0.415969968 0.000786265 0.909377992 104.360572815
0.903006673 -0.006998020 0.429569244 6.683963776 0.006554819 0.999975502 0.002511353 -2.785609007 -0.429576248 0.000547980 0.903030396 104.845962524
0.896232009 -0.007374286 0.443524569 6.950733185 0.006878129 0.999972641 0.002727439 -2.803423882 -0.443532616 0.000606201 0.896257997 105.335571289
0.890515089 -0.008376126 0.454876602 7.219898224 0.007787162 0.999964714 0.003168433 -2.822983265 -0.454887092 0.000720660 0.890548766 105.786682129
0.885123014 -0.008778791 0.465274215 7.488079071 0.008300602 0.999960840 0.003076448 -2.835017681 -0.465283006 0.001139022 0.885161221 106.248992920
0.877627134 -0.009006855 0.479259342 7.774208069 0.008724108 0.999957919 0.002816772 -2.837864161 -0.479264557 0.001709034 0.877668798 106.736732483
0.871030629 -0.009216062 0.491142184 8.057971954 0.008724091 0.999956548 0.003291736 -2.865512371 -0.491151243 0.001417566 0.871073186 107.172409058
0.865177631 -0.009032710 0.501384139 8.352519989 0.008518677 0.999958158 0.003315151 -2.877898455 -0.501393139 0.001402935 0.865218461 107.644866943
0.858289659 -0.009537093 0.513076842 8.656959534 0.009025736 0.999953210 0.003488661 -2.893529892 -0.513086140 0.001636615 0.858335555 108.100326538
