1.000000000 0.000000000 0.000000000 0.000000000 0.000000000 1.000000000 0.000000000 0.000000000 0.000000000 0.000000000 1.000000000 0.000000000
1.000000000 0.000061234 -0.000050279 0.000097910 -0.000061239 1.000000000 -0.000101365 0.000441330 0.000050273 0.000101368 1.000000000 -0.000826224
1.000000000 0.000073314 -0.000007741 0.000475352 -0.000073314 1.000000000 0.000025660 -0.000343982 0.000007743 -0.000025659 1.000000000 -0.001448006
1.000000000 0.000045166 -0.000055859 0.000518630 -0.000045163 1.000000000 0.000057749 -0.000288288 0.000055861 -0.000057746 1.000000000 -0.002303318
1.000000000 0.000017732 -0.000016278 0.000117364 -0.000017733 1.000000000 -0.000075344 0.000771429 0.000016276 0.000075345 1.000000000 0.001130022
1.000000000 0.000092571 -0.000036135 0.001131073 -0.000092572 1.000000000 -0.000032287 -0.000060882 0.000036132 0.000032290 1.000000000 -0.000308253
1.000000000 0.000133963 0.000020993 0.000575162 -0.000133961 1.000000000 -0.000105931 0.000476755 -0.000021007 0.000105928 1.000000000 -0.000951745
1.000000000 -0.000045861 0.000025983 0.000654553 0.000045861 1.000000000 -0.000011934 0.000119319 -0.000025982 0.000011935 1.000000000 -0.000597488
1.000000000 -0.000117821 0.000002256 0.000752330 0.000117821 1.000000000 -0.000121603 0.001708286 -0.000002242 0.000121603 1.000000000 0.001529150
1.000000000 0.000095092 -0.000059040 0.001423929 -0.000095088 1.000000000 0.000071701 -0.000360578 0.000059046 -0.000071695 1.000000000 -0.000184936
1.000000000 -0.000024981 -0.000064183 0.001789008 0.000024976 1.000000000 -0.000088286 0.000890800 0.000064185 0.000088285 1.000000000 -0.000497364
1.000000000 -0.000002903 -0.000008890 -0.000076163 0.000002904 1.000000000 0.000035967 -0.000113701 0.000008890 -0.000035967 1.000000000 0.000119148
1.000000000 -0.000128366 -0.000111089 0.001678032 0.000128383 1.000000000 0.000152310 -0.000892825 0.000111069 -0.000152325 1.000000000 -0.000507181
1.000000000 -0.000086948 -0.000107892 0.001634178 0.000086956 1.000000000 0.000069809 -0.000627918 0.000107886 -0.000069819 1.000000000 -0.000763622
1.000000000 -0.000158559 -0.000138212 0.000916760 0.000158569 1.000000000 0.000074862 -0.000738466 0.000138200 -0.000074884 1.000000000 -0.000635669
1.000000000 0.000138579 0.000121323 0.000306353 -0.000138583 1.000000000 0.000034832 0.000456559 -0.000121318 -0.000034848 1.000000000 0.001119603
1.000000000 0.000021789 -0.000072494 0.000788341 -0.000021790 1.000000000 -0.000022381 0.000742939 0.000072494 0.000022382 1.000000000 0.001130657
1.000000000 -0.000002659 -0.000042359 0.000997461 0.000002654 1.000000000 -0.000098670 0.001080504 0.000042359 0.000098670 1.000000000 0.000310864
1.000000000 0.000022374 0.000117268 -0.000079622 -0.000022373 1.000000000 -0.000006182 0.000303923 -0.000117268 0.000006180 1.000000000 0.000401144
1.000000000 0.000120031 0.000065715 0.000407887 -0.000120026 1.000000000 -0.000072632 0.000400103 -0.000065723 0.000072624 1.000000000 -0.000228339
1.000000000 0.000011165 -0.000061334 0.000716728 -0.000011158 1.000000000 0.000109887 -0.000206422 0.000061335 -0.000109886 1.000000000 0.000630492
0.999999940 -0.000320657 0.000021415 0.001374403 0.000320656 0.999999940 0.000057131 -0.000402361 -0.000021433 -0.000057124 1.000000000 -0.000343474
1.000000000 0.000026815 0.000163229 -0.000191380 -0.000026813 1.000000000 -0.000013453 0.001576307 -0.000163230 0.000013449 1.000000000 -0.000239918
1.000000000 0.000064377 0.000035255 0.001135235 -0.000064380 1.000000000 0.000068202 0.000049440 -0.000035250 -0.000068204 1.000000000 -0.000748933
1.000000000 0.000222153 0.000076177 0.000483788 -0.000222152 1.000000000 -0.000014720 0.000187303 -0.000076180 0.000014703 1.000000000 -0.001609710
1.000000000 0.000022935 -0.000078636 0.001531936 -0.000022947 1.000000000 -0.000150155 0.001174308 0.000078632 0.000150157 1.000000000 -0.000780937
1.000000000 0.000078456 0.000047654 -0.000564801 -0.000078451 1.000000000 -0.000101996 0.000912591 -0.000047662 0.000101992 1.000000000 0.000818785
1.000000000 -0.000047110 0.000069766 -0.000908586 0.000047110 1.000000000 0.000005078 0.001315997 -0.000069766 -0.000005075 1.000000000 0.001889990
1.000000000 0.000124605 0.000061141 -0.000001538 -0.000124601 1.000000000 -0.000055548 0.001612627 -0.000061148 0.000055541 1.000000000 0.001287591
1.000000000 0.000156221 0.000081200 0.000397100 -0.000156226 1.000000000 0.000051674 -0.000209185 -0.000081192 -0.000051686 1.000000000 -0.001845981
1.000000000 0.000168311 0.000098107 -0.000175166 -0.000168321 1.000000000 0.000103661 -0.000480738 -0.000098090 -0.000103678 1.000000000 -0.000919936
1.000000000 0.000035211 0.000072191 0.000594654 -0.000035212 1.000000000 0.000016419 -0.000161076 -0.000072190 -0.000016421 1.000000000 -0.000912591
1.000000000 0.000000902 0.000091209 0.000108478 -0.000000904 1.000000000 0.000027860 0.000610884 -0.000091209 -0.000027860 1.000000000 0.000911738
1.000000000 0.000163780 0.000099425 0.000480712 -0.000163785 1.000000000 0.000047758 0.000170707 -0.000099417 -0.000047775 1.000000000 -0.000373022
1.000000000 0.000206295 0.000070498 0.000193588 -0.000206292 1.000000000 -0.000044753 0.001376957 -0.000070507 0.000044738 1.000000000 -0.000360373
1.000000000 -0.000111246 0.000031474 -0.000157868 0.000111249 1.000000000 -0.000114338 0.002342995 -0.000031461 0.000114342 1.000000000 0.002713437
1.000000000 0.000031673 0.000033931 0.000542931 -0.000031676 1.000000000 0.000092360 0.000089616 -0.000033928 -0.000092361 1.000000000 -0.000549956
1.000000000 -0.000067938 -0.000001888 0.000714045 0.000067938 1.000000000 0.000080340 0.000463268 0.000001882 -0.000080340 1.000000000 0.000166631
0.999999940 0.000095599 0.000259144 -0.000693985 -0.000095606 1.000000000 0.000028602 0.000665498 -0.000259141 -0.000028626 0.999999940 0.002214922
0.999999881 -0.000448965 0.000168394 0.001001157 0.000449077 0.999999702 -0.000666769 -0.001800306 -0.000168095 0.000666845 0.999999762 0.051133376
1.000000000 0.000050512 0.000196211 0.000991832 -0.000050281 0.999999285 -0.001178185 -0.006210390 -0.000196270 0.001178175 0.999999285 0.132288054
0.999999940 0.000371773 -0.000091702 0.005161906 -0.000371904 0.999998927 -0.001433396 -0.006627224 0.000091169 0.001433430 0.999998987 0.250739098
0.999999940 0.000256069 0.000052392 0.005881191 -0.000256012 0.999999404 -0.001086813 -0.014494189 -0.000052670 0.001086800 0.999999404 0.379812449
1.000000000 0.000154514 0.000097241 0.008308618 -0.000154405 0.999999344 -0.001123331 -0.015765779 -0.000097415 0.001123316 0.999999344 0.525227964
0.999999940 0.000262141 0.000036413 0.013965379 -0.000262093 0.999999106 -0.001318787 -0.019802801 -0.000036758 0.001318777 0.999999106 0.674132526
1.000000000 -0.000009798 0.000160895 0.018834310 0.000009981 0.999999344 -0.001137537 -0.024201816 -0.000160884 0.001137538 0.999999344 0.837811172
0.999999940 0.000238072 0.000341189 0.015372111 -0.000237732 0.999999464 -0.000996446 -0.025973609 -0.000341426 0.000996365 0.999999464 1.013311982
0.999999940 0.000160883 0.000364903 0.020302393 -0.000160638 0.999999762 -0.000671298 -0.034833025 -0.000365011 0.000671240 0.999999702 1.182392955
0.999999583 0.000673992 0.000588003 0.018159965 -0.000673512 0.999999464 -0.000816880 -0.037564449 -0.000588553 0.000816483 0.999999523 1.366615295
1.000000000 -0.000182712 0.000078969 0.034747262 0.000182739 0.999999940 -0.000338566 -0.052378532 -0.000078907 0.000338581 0.999999940 1.557699680
0.999999762 0.000552038 0.000419990 0.031671636 -0.000551810 0.999999702 -0.000541328 -0.050011970 -0.000420289 0.000541096 0.999999762 1.757243395
0.999999940 0.000183540 -0.000254218 0.042736974 -0.000183639 0.999999881 -0.000388990 -0.057567511 0.000254146 0.000389037 0.999999881 1.951197267
0.999999523 0.000517219 0.000849288 0.027209710 -0.000516874 0.999999762 -0.000406727 -0.059521761 -0.000849499 0.000406288 0.999999583 2.163434267
0.999999642 0.000807383 -0.000328836 0.054227449 -0.000807403 0.999999642 -0.000061268 -0.074084766 0.000328786 0.000061533 0.999999881 2.356125116
0.999999404 0.000474552 -0.001019975 0.069806352 -0.000474644 0.999999881 -0.000089203 -0.081522502 0.001019933 0.000089687 0.999999404 2.568808317
0.999999464 0.000992753 -0.000331948 0.067896388 -0.000992753 0.999999523 0.000002001 -0.090529136 0.000331950 -0.000001672 0.999999940 2.797443390
0.999999166 0.000686480 -0.001094737 0.081547208 -0.000686287 0.999999762 0.000176770 -0.099347256 0.001094858 -0.000176018 0.999999404 3.033072233
0.999999523 0.000726505 -0.000678522 0.078812204 -0.000726631 0.999999762 -0.000185741 -0.099913158 0.000678387 0.000186234 0.999999702 3.270581484
0.999999583 0.000773539 -0.000522107 0.082666852 -0.000773489 0.999999702 0.000094822 -0.108713306 0.000522180 -0.000094418 0.999999881 3.511938810
0.999999762 0.000496800 -0.000542328 0.086419709 -0.000496977 0.999999881 -0.000327542 -0.110166498 0.000542165 0.000327812 0.999999821 3.774497986
0.999999642 0.000467872 -0.000726384 0.096458144 -0.000467974 0.999999821 -0.000139778 -0.119809739 0.000726319 0.000140118 0.999999762 4.031093121
0.999999583 0.000821042 -0.000402632 0.094672449 -0.000821038 0.999999583 0.000009564 -0.126829028 0.000402640 -0.000009233 0.999999940 4.287868023
0.999999583 0.000640272 -0.000553154 0.105423287 -0.000640088 0.999999762 0.000331383 -0.139733493 0.000553366 -0.000331029 0.999999762 4.529557705
0.999999404 0.001015675 -0.000281710 0.109477893 -0.001015608 0.999999523 0.000238068 -0.144147769 0.000281952 -0.000237782 0.999999940 4.788249016
0.999999702 0.000577952 -0.000565040 0.116555937 -0.000577604 0.999999702 0.000616703 -0.154093862 0.000565397 -0.000616376 0.999999642 5.056575775
0.999999464 0.000983434 -0.000304312 0.115695938 -0.000983344 0.999999464 0.000293707 -0.157770127 0.000304601 -0.000293408 1.000000000 5.315504551
0.999998987 0.001408153 -0.000137365 0.118461847 -0.001408116 0.999998987 0.000271379 -0.168154061 0.000137747 -0.000271186 0.999999881 5.581457138
0.999999285 0.001202367 -0.000212596 0.124178082 -0.001202239 0.999999166 0.000598978 -0.178115562 0.000213316 -0.000598722 0.999999702 5.847943783
0.999999464 0.000982379 -0.000311486 0.133137465 -0.000982139 0.999999225 0.000768309 -0.186905086 0.000312241 -0.000768003 0.999999642 6.127162457
0.999998629 0.001531840 -0.000654641 0.139616132 -0.001531438 0.999998629 0.000614343 -0.195267901 0.000655581 -0.000613339 0.999999642 6.409988880
0.999998987 0.001401488 -0.000238641 0.141171783 -0.001401324 0.999998808 0.000683427 -0.208455026 0.000239599 -0.000683092 0.999999702 6.685681343
0.999998331 0.001810015 -0.000178526 0.143647462 -0.001809951 0.999998331 0.000352570 -0.212250963 0.000179164 -0.000352246 0.999999940 6.990531921
0.999998689 0.001596069 -0.000180458 0.149747580 -0.001595995 0.999998629 0.000405292 -0.218700901 0.000181104 -0.000405004 0.999999881 7.293033123
0.999999106 0.001368130 0.000009515 0.156521976 -0.001368132 0.999999046 0.000189713 -0.227494553 -0.000009256 -0.000189726 1.000000000 7.597653389
0.999999225 0.001281094 -0.000314049 0.166518956 -0.001280700 0.999998391 0.001251593 -0.252242267 0.000315652 -0.001251190 0.999999166 7.899572372
0.999998868 0.001492979 -0.000211229 0.169223726 -0.001492725 0.999998152 0.001199753 -0.255112439 0.000213020 -0.001199437 0.999999285 8.229416847
0.999998808 0.001483940 0.000226576 0.171108589 -0.001484093 0.999998629 0.000672817 -0.262365699 -0.000225577 -0.000673153 0.999999762 8.561011314
0.999999046 0.001181153 0.000497476 0.171230882 -0.001181602 0.999998868 0.000902304 -0.270060271 -0.000496410 -0.000902891 0.999999464 8.899549484
0.999999344 0.001131688 0.000120222 0.181616679 -0.001131803 0.999998927 0.000958259 -0.285179615 -0.000119137 -0.000958394 0.999999523 9.224201202
0.999998271 0.001820429 0.000326072 0.186963931 -0.001820850 0.999997616 0.001296611 -0.295615554 -0.000323711 -0.001297202 0.999999046 9.567606926
0.999998748 0.001524653 0.000482450 0.190961242 -0.001525091 0.999998510 0.000907820 -0.303861946 -0.000481066 -0.000908554 0.999999464 9.913134575
0.999998093 0.001906357 0.000479534 0.194088042 -0.001906690 0.999997914 0.000694880 -0.311285198 -0.000478208 -0.000695792 0.999999702 10.286896706
0.999999285 0.001185433 0.000167891 0.208475098 -0.001185680 0.999998212 0.001480067 -0.331480950 -0.000166136 -0.001480265 0.999998868 10.622742653
0.999999285 0.001173884 0.000229607 0.216579229 -0.001174243 0.999998093 0.001571113 -0.339479417 -0.000227763 -0.001571382 0.999998748 10.996688843
0.999999106 0.001301497 0.000337255 0.220406085 -0.001301990 0.999998033 0.001464464 -0.349300325 -0.000335348 -0.001464902 0.999998868 11.373578072
0.999999285 0.001147603 0.000330943 0.226617053 -0.001148127 0.999998093 0.001587388 -0.360114992 -0.000329120 -0.001587767 0.999998689 11.748463631
0.999999046 0.001260167 0.000514972 0.237029836 -0.001260960 0.999997973 0.001543687 -0.373545080 -0.000513026 -0.001544334 0.999998689 12.129035950
0.999998927 0.001389733 0.000460158 0.245920405 -0.001390367 0.999998033 0.001380492 -0.382409811 -0.000458239 -0.001381130 0.999998868 12.518312454
0.999999225 0.001097022 0.000646980 0.251861781 -0.001098001 0.999998271 0.001515176 -0.391430855 -0.000645317 -0.001515885 0.999998569 12.919833183
0.999998152 0.001769161 0.000726477 0.255905181 -0.001770243 0.999997318 0.001492109 -0.403352857 -0.000723835 -0.001493392 0.999998629 13.317060471
0.999998093 0.001435076 0.001311984 0.258898854 -0.001436775 0.999998152 0.001295715 -0.406192541 -0.001310122 -0.001297598 0.999998331 13.742657661
0.999998093 0.001362924 0.001417313 0.269326836 -0.001365044 0.999997973 0.001495813 -0.421375722 -0.001415272 -0.001497745 0.999997854 14.140055656
0.999997079 0.001571256 0.001819023 0.278878957 -0.001573430 0.999998093 0.001194792 -0.430295318 -0.001817142 -0.001197650 0.999997675 14.568614960
0.999997795 0.001374270 0.001561114 0.291586369 -0.001377188 0.999997318 0.001869721 -0.449173152 -0.001558539 -0.001871866 0.999997020 14.990051270
0.999997675 0.001325441 0.001687132 0.303876549 -0.001328125 0.999997854 0.001590550 -0.458388567 -0.001685019 -0.001592787 0.999997318 15.426368713
0.999997318 0.001251902 0.001911412 0.314476222 -0.001254722 0.999998152 0.001474938 -0.468422383 -0.001909562 -0.001477332 0.999997079 15.867861748
0.999997437 0.001130031 0.001965452 0.326179266 -0.001133036 0.999998152 0.001528412 -0.480275989 -0.001963723 -0.001530635 0.999996841 16.309789658
0.999996245 0.001332931 0.002371766 0.333010405 -0.001336102 0.999998212 0.001335852 -0.491822779 -0.002369981 -0.001339017 0.999996245 16.760097504
0.999995887 0.001336960 0.002552871 0.344391108 -0.001341847 0.999997258 0.001913829 -0.509554505 -0.002550306 -0.001917246 0.999994934 17.211490631
0.999995053 0.001423113 0.002784863 0.353049576 -0.001427739 0.999997616 0.001660046 -0.516095400 -0.002782493 -0.001664014 0.999994695 17.676071167
0.999992549 0.001756774 0.003421716 0.362055689 -0.001762093 0.999997258 0.001552140 -0.527729154 -0.003418979 -0.001558158 0.999992967 18.136714935
0.999993622 0.001492994 0.003237079 0.377187759 -0.001498147 0.999997616 0.001590021 -0.538667023 -0.003234697 -0.001594861 0.999993503 18.617555618
0.999992192 0.001723991 0.003559349 0.385755241 -0.001729508 0.999997258 0.001547503 -0.548268855 -0.003556672 -0.001553647 0.999992490 19.091428757
0.999992013 0.001243150 0.003782818 0.401915401 -0.001248072 0.999998331 0.001299029 -0.560274184 -0.003781197 -0.001303740 0.999992013 19.570137024
0.999992013 0.001250998 0.003791600 0.400310546 -0.001255820 0.999998391 0.001269639 -0.570785582 -0.003790005 -0.001274391 0.999992013 20.052362442
0.999990463 0.002100592 0.003816894 0.411993891 -0.002105059 0.999997020 0.001166733 -0.584159017 -0.003814433 -0.001174756 0.999992073 20.544048309
0.999990225 0.002200613 0.003836557 0.425182223 -0.002203786 0.999997199 0.000822855 -0.591443360 -0.003834736 -0.000831302 0.999992371 21.038776398
0.999995410 0.001600023 0.002545101 0.442240000 -0.001604360 0.999997258 0.001702731 -0.614131212 -0.002542370 -0.001706807 0.999995291 21.552761078
0.999994993 0.002017367 0.002424838 0.450698435 -0.002020869 0.999996901 0.001442532 -0.628900111 -0.002421920 -0.001447425 0.999996006 22.061374664
0.999997854 0.001547345 0.001334906 0.469729990 -0.001549715 0.999997199 0.001776278 -0.644840658 -0.001332154 -0.001778343 0.999997556 22.561244965
0.999997616 0.001818402 0.001198405 0.473805785 -0.001820698 0.999996483 0.001918948 -0.660780489 -0.001194910 -0.001921125 0.999997437 23.089925766
0.999998271 0.001730466 0.000770142 0.482752562 -0.001731764 0.999997020 0.001688705 -0.674198568 -0.000767218 -0.001690036 0.999998331 23.611753464
0.999999404 0.001008498 0.000305101 0.483998626 -0.001008823 0.999998868 0.001067195 -0.687389255 -0.000304024 -0.001067502 0.999999285 24.150766373
0.999999046 0.001254937 -0.000609333 0.501676142 -0.001254008 0.999998033 0.001522823 -0.699378371 0.000611243 -0.001522058 0.999998629 24.671306610
0.999997795 0.001711015 -0.001202633 0.510910392 -0.001709240 0.999997377 0.001475899 -0.711166143 0.001205155 -0.001473840 0.999998152 25.213714600
0.999997735 0.001850560 -0.000971952 0.512959182 -0.001849317 0.999997437 0.001277823 -0.719012976 0.000974314 -0.001276023 0.999998689 25.758453369
0.999995947 0.002102395 -0.001878983 0.520413280 -0.002099548 0.999996662 0.001515852 -0.740367353 0.001882163 -0.001511901 0.999997079 26.294454575
0.999995828 0.001134590 -0.002643596 0.534264207 -0.001128651 0.999996841 0.002247044 -0.755169868 0.002646137 -0.002244052 0.999993980 26.844078064
0.999995053 0.001376442 -0.002797062 0.541287959 -0.001370510 0.999996781 0.002121724 -0.769344926 0.002799974 -0.002117881 0.999993801 27.388727188
0.999992311 0.002879529 -0.002646906 0.541437268 -0.002874458 0.999993980 0.001917691 -0.783829153 0.002652412 -0.001910069 0.999994636 27.940193176
0.999992371 0.002428976 -0.003050281 0.551336944 -0.002422983 0.999995053 0.001966842 -0.796286821 0.003055044 -0.001959436 0.999993324 28.480171204
0.999991536 0.002239448 -0.003465153 0.558766484 -0.002232143 0.999995232 0.002110673 -0.809665024 0.003469863 -0.002102920 0.999991715 29.022340775
0.999991357 0.002083390 -0.003594077 0.568250239 -0.002074867 0.999995053 0.002373468 -0.828203499 0.003599004 -0.002365990 0.999990702 29.575525284
0.999988496 0.002348849 -0.004175169 0.580074191 -0.002338608 0.999994278 0.002456123 -0.841995478 0.004180914 -0.002446331 0.999988198 30.111242294
0.999988317 0.002733239 -0.003972164 0.589683354 -0.002722766 0.999992847 0.002639517 -0.859611273 0.003979350 -0.002628671 0.999988616 30.657102585
0.999985635 0.002564508 -0.004712711 0.595306754 -0.002554238 0.999994278 0.002183943 -0.870334744 0.004718285 -0.002171874 0.999986529 31.209123611
0.999984622 0.002818037 -0.004776684 0.603582799 -0.002808121 0.999993920 0.002081193 -0.882452607 0.004782519 -0.002067747 0.999986410 31.759309769
0.999982953 0.002186232 -0.005416560 0.618372023 -0.002173083 0.999994755 0.002432257 -0.900553405 0.005421849 -0.002420445 0.999982297 32.309635162
0.999986947 0.002326429 -0.004535406 0.616303921 -0.002315395 0.999994397 0.002436512 -0.905869842 0.004541049 -0.002425979 0.999986708 32.844085693
0.999983132 0.002531267 -0.005225567 0.622136772 -0.002521651 0.999995112 0.001845929 -0.923049092 0.005230214 -0.001832721 0.999984562 33.410923004
0.999982476 0.003143845 -0.005003893 0.622118413 -0.003134486 0.999993384 0.001876968 -0.933008671 0.005009760 -0.001861251 0.999985635 33.973957062
0.999981940 0.002301921 -0.005538549 0.637162507 -0.002289463 0.999994814 0.002254687 -0.954398036 0.005543709 -0.002241967 0.999982059 34.503902435
0.999981701 0.002269011 -0.005602019 0.647104204 -0.002255843 0.999994636 0.002355730 -0.970659435 0.005607335 -0.002343050 0.999981523 35.045635223
0.999981105 0.002487109 -0.005617207 0.653883874 -0.002475837 0.999994874 0.002012864 -0.979535282 0.005622184 -0.001998918 0.999982178 35.596580505
0.999978721 0.003172147 -0.005698063 0.660419524 -0.003158798 0.999992311 0.002350150 -0.994672775 0.005705474 -0.002332101 0.999980986 36.143756866
0.999979913 0.003318243 -0.005389295 0.667538464 -0.003309478 0.999993205 0.001634535 -1.002548099 0.005394682 -0.001616666 0.999984026 36.681129456
0.999975741 0.002779635 -0.006383572 0.685043871 -0.002767690 0.999994397 0.001879289 -1.017552257 0.006388761 -0.001861576 0.999977887 37.252872467
0.999973834 0.003548709 -0.006300001 0.693735719 -0.003538592 0.999992311 0.001616205 -1.030605316 0.006305689 -0.001593870 0.999978900 37.802898407
0.999973953 0.002730045 -0.006669787 0.700653672 -0.002720399 0.999995172 0.001454785 -1.046165466 0.006673726 -0.001436602 0.999976754 38.355895996
0.999972403 0.003093822 -0.006743893 0.705925941 -0.003081736 0.999993622 0.001801813 -1.064028621 0.006749424 -0.001780981 0.999975622 38.907810211
0.999971688 0.003423877 -0.006691359 0.711545706 -0.003408395 0.999991477 0.002323755 -1.082324624 0.006699258 -0.002300882 0.999974906 39.456012726
0.999968946 0.003229860 -0.007187261 0.728043437 -0.003216933 0.999993205 0.001809346 -1.091905713 0.007193056 -0.001786169 0.999972522 39.997413635
0.999966979 0.003282657 -0.007423485 0.739773035 -0.003266600 0.999992251 0.002174008 -1.115252256 0.007430564 -0.002149686 0.999970019 40.561439514
0.999968052 0.003573843 -0.007145393 0.742107153 -0.003561662 0.999992192 0.001716699 -1.122215509 0.007151472 -0.001691195 0.999972939 41.116722107
0.999965012 0.003026134 -0.007789438 0.761602044 -0.003007468 0.999992609 0.002406843 -1.142612934 0.007796663 -0.002383332 0.999966741 41.652000427
0.999961615 0.003353218 -0.008095417 0.764479399 -0.003340536 0.999993145 0.001579576 -1.147132874 0.008100659 -0.001552473 0.999965966 42.216400146
0.999966204 0.003116740 -0.007609048 0.767677426 -0.003105627 0.999994099 0.001471947 -1.162684560 0.007613591 -0.001448266 0.999969959 42.767368317
0.999963045 0.004084560 -0.007561414 0.770320594 -0.004071660 0.999990165 0.001720443 -1.174424648 0.007568368 -0.001689592 0.999969900 43.316093445
0.999961376 0.003921172 -0.007861739 0.774807096 -0.003905931 0.999990463 0.001953026 -1.192000151 0.007869321 -0.001922244 0.999967217 43.875694275
0.999964833 0.003384404 -0.007668100 0.780190587 -0.003365306 0.999991179 0.002502111 -1.208421707 0.007676499 -0.002476218 0.999967575 44.416900635
0.999965131 0.004570818 -0.006995302 0.772932112 -0.004552795 0.999986351 0.002590240 -1.224995971 0.007007046 -0.002558301 0.999972224 44.964324951
0.999961555 0.003976240 -0.007813682 0.787409186 -0.003962209 0.999990463 0.001810396 -1.227804542 0.007820806 -0.001779367 0.999967813 45.524818420
0.999964595 0.004073415 -0.007361379 0.794414520 -0.004059095 0.999989867 0.001959151 -1.241953492 0.007369284 -0.001929202 0.999970973 46.075550079
0.999966145 0.003118342 -0.007616235 0.802821636 -0.003100286 0.999992371 0.002381343 -1.261446118 0.007623602 -0.002357650 0.999968231 46.605800629
0.999959826 0.003715825 -0.008159648 0.815701365 -0.003697511 0.999990761 0.002258441 -1.274754643 0.008167963 -0.002228181 0.999964178 47.161388397
0.999959409 0.003360616 -0.008363139 0.825017035 -0.003343230 0.999992251 0.002092071 -1.287270546 0.008370103 -0.002064026 0.999962807 47.705142975
0.999960303 0.004448319 -0.007723304 0.822499871 -0.004432511 0.999988079 0.002062816 -1.300742626 0.007732388 -0.002028501 0.999968052 48.260738373
0.999961197 0.003589783 -0.008041065 0.823795676 -0.003574110 0.999991715 0.001962561 -1.311261296 0.008048044 -0.001933746 0.999965727 48.808937073
0.999963403 0.003939251 -0.007594302 0.828526616 -0.003923477 0.999990165 0.002090895 -1.324076772 0.007602464 -0.002061022 0.999969006 49.356887817
0.999963522 0.004299174 -0.007370068 0.833943129 -0.004284361 0.999988735 0.002024500 -1.338730812 0.007378689 -0.001992850 0.999970734 49.909439087
0.999959826 0.003787285 -0.008122743 0.845063329 -0.003769249 0.999990523 0.002234499 -1.361735821 0.008131128 -0.002203792 0.999964535 50.463283539
0.999961972 0.004121214 -0.007689849 0.846997142 -0.004107486 0.999989986 0.001800135 -1.374922872 0.007697191 -0.001768480 0.999968767 51.010620117
0.999963462 0.003877537 -0.007614739 0.850660145 -0.003866060 0.999991357 0.001521468 -1.383524179 0.007620572 -0.001491974 0.999969840 51.560821533
0.999953091 0.003997888 -0.008812631 0.868160725 -0.003981189 0.999990225 0.001911677 -1.405396342 0.008820187 -0.001876503 0.999959290 52.123394012
0.999957740 0.003842981 -0.008345260 0.876276970 -0.003830607 0.999991477 0.001498246 -1.419129133 0.008350948 -0.001466215 0.999964058 52.674774170
0.999959648 0.003612166 -0.008223879 0.875494659 -0.003595816 0.999991536 0.002001935 -1.437056422 0.008231042 -0.001972283 0.999964118 53.219528198
0.999955535 0.005093863 -0.007924791 0.871746421 -0.005076060 0.999984562 0.002265096 -1.449601054 0.007936207 -0.002224769 0.999965966 53.786628723
0.999959350 0.003960726 -0.008100953 0.884669006 -0.003948203 0.999991000 0.001561136 -1.461739898 0.008107064 -0.001529088 0.999965906 54.313869476
0.999957383 0.003372225 -0.008586028 0.896935761 -0.003356208 0.999992609 0.001879163 -1.478869081 0.008592301 -0.001850267 0.999961376 54.853744507
0.999960542 0.003451675 -0.008183412 0.895277262 -0.003435844 0.999992192 0.001947875 -1.499601126 0.008190072 -0.001919681 0.999964595 55.399166107
0.999963582 0.003827748 -0.007620200 0.896943569 -0.003812331 0.999990642 0.002036641 -1.512915730 0.007627925 -0.002007516 0.999968827 55.951553345
0.999959409 0.003685960 -0.008224781 0.906030655 -0.003669158 0.999991179 0.002057057 -1.528343797 0.008232290 -0.002026795 0.999964058 56.491474152
0.999962509 0.003736880 -0.007808023 0.917691648 -0.003719904 0.999990702 0.002187470 -1.543823123 0.007816125 -0.002158343 0.999967158 57.035861969
0.999960303 0.004056325 -0.007933552 0.919144273 -0.004041169 0.999989986 0.001925437 -1.552217007 0.007941283 -0.001893300 0.999966681 57.595764160
0.999961734 0.004033002 -0.007757168 0.924639940 -0.004016826 0.999989748 0.002099703 -1.570438862 0.007765557 -0.002068464 0.999967694 58.139583588
0.999961674 0.003681409 -0.007941106 0.936929822 -0.003669116 0.999992073 0.001562162 -1.578821063 0.007946795 -0.001532965 0.999967277 58.677127838
0.999962509 0.004079625 -0.007634618 0.937592924 -0.004068959 0.999990821 0.001412039 -1.589017630 0.007640309 -0.001380921 0.999969900 59.225437164
0.999962151 0.004168383 -0.007625184 0.947743297 -0.004155543 0.999989927 0.001698888 -1.608751416 0.007632190 -0.001667136 0.999969542 59.757129669
0.999958217 0.003764885 -0.008325255 0.958916485 -0.003754938 0.999992192 0.001210110 -1.616008997 0.008329745 -0.001178798 0.999964595 60.303703308
0.999958098 0.003949599 -0.008261031 0.962477505 -0.003934208 0.999990463 0.001878527 -1.632224441 0.008268372 -0.001845947 0.999964058 60.855918884
0.999961436 0.004422632 -0.007594150 0.971423030 -0.004409539 0.999988735 0.001740106 -1.648014426 0.007601762 -0.001706552 0.999969602 61.406749725
0.999958396 0.004450160 -0.007963315 0.967959762 -0.004439984 0.999989331 0.001295117 -1.654687643 0.007968994 -0.001259706 0.999967396 61.931167603
0.999960244 0.004835517 -0.007494627 0.967204094 -0.004827243 0.999987721 0.001121682 -1.666289687 0.007499959 -0.001085459 0.999971271 62.490718842
0.999962151 0.005184403 -0.006983833 0.970110357 -0.005175636 0.999985814 0.001272940 -1.684279084 0.006990333 -0.001236746 0.999974728 63.037322998
0.999964178 0.004176043 -0.007361858 0.978970826 -0.004167521 0.999990642 0.001172642 -1.695042491 0.007366686 -0.001141920 0.999972224 63.583698273
0.999955893 0.004537542 -0.008218666 0.995447040 -0.004526347 0.999988794 0.001380317 -1.718341947 0.008224837 -0.001343056 0.999965191 64.118804932
0.999960184 0.004984000 -0.007408835 0.992900372 -0.004974922 0.999986827 0.001243449 -1.730894089 0.007414935 -0.001206541 0.999971747 64.668731689
0.999956191 0.005261453 -0.007742392 1.003079534 -0.005248553 0.999984801 0.001685618 -1.745010734 0.007751144 -0.001644908 0.999968648 65.208572388
0.999957979 0.004829285 -0.007789596 1.003197551 -0.004818600 0.999987423 0.001389770 -1.761721969 0.007796210 -0.001352177 0.999968708 65.731155396
0.999958992 0.005121372 -0.007459381 1.010312557 -0.005113082 0.999986291 0.001129971 -1.773538113 0.007465065 -0.001091784 0.999971569 66.286216736
0.999964237 0.004973788 -0.006845048 1.010096312 -0.004968622 0.999987304 0.000771377 -1.780420184 0.006848798 -0.000737339 0.999976277 66.842811584
0.999959171 0.004959777 -0.007557562 1.020705700 -0.004949467 0.999986768 0.001382199 -1.804974198 0.007564318 -0.001344737 0.999970436 67.378074646
0.999956965 0.005070715 -0.007768039 1.025301933 -0.005056386 0.999985456 0.001863098 -1.822594881 0.007777372 -0.001823739 0.999968112 67.919662476
0.999959767 0.005031657 -0.007436262 1.027202129 -0.005013498 0.999984324 0.002458650 -1.849700093 0.007448517 -0.002421270 0.999969304 68.452224731
0.999956727 0.005615113 -0.007414151 1.033994675 -0.005603311 0.999983013 0.001611824 -1.849704266 0.007423075 -0.001570210 0.999971211 68.987350464
0.999961674 0.005187272 -0.007052826 1.036414623 -0.005175780 0.999985278 0.001646799 -1.860013843 0.007061264 -0.001610232 0.999973774 69.546478271
0.999961019 0.005499002 -0.006903617 1.052526474 -0.005490470 0.999984205 0.001254146 -1.872594714 0.006910404 -0.001216193 0.999975383 70.080001831
0.999955475 0.005561377 -0.007621559 1.060621738 -0.005550921 0.999983609 0.001392323 -1.882890940 0.007629178 -0.001349955 0.999969959 70.601684570
0.999952316 0.005764703 -0.007884926 1.071665168 -0.005755597 0.999982715 0.001177111 -1.899545550 0.007891577 -0.001131672 0.999968171 71.147186279
0.999957025 0.005500452 -0.007455204 1.068531513 -0.005495489 0.999984622 0.000685965 -1.909359455 0.007458863 -0.000644966 0.999971926 71.694747925
0.999951243 0.005987399 -0.007852184 1.076609612 -0.005975754 0.999980986 0.001505743 -1.933800220 0.007861050 -0.001458746 0.999968052 72.216651917
0.999954879 0.005446381 -0.007780762 1.086449027 -0.005441370 0.999984920 0.000665170 -1.947132826 0.007784267 -0.000622802 0.999969602 72.760284424
0.999960065 0.005300686 -0.007199555 1.084013104 -0.005295683 0.999985695 0.000713777 -1.962486982 0.007203236 -0.000675622 0.999973834 73.319046021
0.999955893 0.005938896 -0.007277879 1.091323376 -0.005928736 0.999981403 0.001416842 -1.979923487 0.007286158 -0.001373631 0.999972522 73.853225708
0.999958694 0.005568782 -0.007173679 1.091533661 -0.005558969 0.999983609 0.001387080 -1.990135670 0.007181285 -0.001347144 0.999973297 74.372398376
0.999955177 0.005704959 -0.007556899 1.104608774 -0.005693123 0.999982476 0.001586915 -2.005422115 0.007565820 -0.001543822 0.999970198 74.913719177
0.999960423 0.005713682 -0.006812385 1.100362420 -0.005704634 0.999982834 0.001346848 -2.015379429 0.006819963 -0.001307932 0.999975860 75.467575073
0.999959588 0.005106374 -0.007399114 1.116585612 -0.005097313 0.999986172 0.001242857 -2.034881830 0.007405359 -0.001205092 0.999971867 75.999229431
0.999954224 0.006060194 -0.007399894 1.120093346 -0.006049918 0.999980748 0.001410300 -2.051352739 0.007408298 -0.001365467 0.999971628 76.544219971
0.999964416 0.005290969 -0.006569388 1.127978086 -0.005282841 0.999985218 0.001254276 -2.066960335 0.006575928 -0.001219526 0.999977648 77.090560913
0.999957979 0.005645187 -0.007225472 1.132896900 -0.005636858 0.999983430 0.001172703 -2.074935198 0.007231973 -0.001131924 0.999973238 77.637115479
0.999961674 0.004547848 -0.007483064 1.145378590 -0.004539821 0.999989152 0.001089259 -2.093482256 0.007487936 -0.001055246 0.999971449 78.173629761
0.999957979 0.005509705 -0.007321803 1.146300316 -0.005501067 0.999984145 0.001199311 -2.106460333 0.007328294 -0.001158983 0.999972463 78.726348877
0.999959528 0.005055671 -0.007448755 1.163248539 -0.005048626 0.999986827 0.000964194 -2.122530699 0.007453531 -0.000926549 0.999971747 79.266807556
0.999957621 0.005796506 -0.007154748 1.159721255 -0.005789926 0.999982715 0.000939939 -2.134584904 0.007160074 -0.000898474 0.999973953 79.815383911
0.999958932 0.005706572 -0.007047169 1.168270946 -0.005699973 0.999983311 0.000955994 -2.148735762 0.007052506 -0.000915786 0.999974728 80.367439270
0.999961674 0.006377400 -0.005988944 1.177829027 -0.006369218 0.999978721 0.001384264 -2.164603233 0.005997644 -0.001346066 0.999981105 80.916183472
0.999969244 0.006559223 -0.004288814 1.183794975 -0.006554679 0.999977887 0.001072771 -2.179753542 0.004295755 -0.001044626 0.999990284 81.462860107
0.999973834 0.006108695 -0.003868234 1.198011398 -0.006103535 0.999980450 0.001344223 -2.199426413 0.003876370 -0.001320578 0.999991536 82.007553101
0.999976456 0.006394834 -0.002485604 1.210149527 -0.006391334 0.999978602 0.001413528 -2.215002298 0.002494591 -0.001397608 0.999995887 82.555046082
0.999979436 0.006340209 0.000964320 1.227323771 -0.006341401 0.999979198 0.001238296 -2.230581760 -0.000956448 -0.001244385 0.999998748 83.104843140
0.999972165 0.005946493 0.004509660 1.243731737 -0.005951807 0.999981642 0.001165626 -2.245228767 -0.004502646 -0.001192434 0.999989152 83.647270203
0.999947131 0.006600359 0.007881354 1.257369280 -0.006608344 0.999977589 0.000987485 -2.251904726 -0.007874662 -0.001039515 0.999968469 84.176689148
0.999898016 0.006289573 0.012820966 1.282148600 -0.006307833 0.999979079 0.001384296 -2.272072077 -0.012811992 -0.001465027 0.999916852 84.721343994
0.999805808 0.006987548 0.018427031 1.308936119 -0.007009293 0.999974787 0.001115751 -2.284182549 -0.018418770 -0.001244694 0.999829590 85.275756836
0.999689937 0.006367748 0.024071934 1.339480639 -0.006394410 0.999978960 0.001030762 -2.301202536 -0.024064865 -0.001184369 0.999709725 85.822418213
0.999541700 0.006297909 0.029608399 1.376556754 -0.006332938 0.999979317 0.001089461 -2.313449621 -0.029600929 -0.001276470 0.999561012 86.359062195
0.999261141 0.006438205 0.037889261 1.405004501 -0.006502853 0.999977589 0.001583230 -2.336507797 -0.037878223 -0.001828449 0.999280691 86.914535522
0.998917758 0.006835330 0.046004772 1.449748993 -0.006910814 0.999975026 0.001481903 -2.352887392 -0.045993492 -0.001798229 0.998940110 87.467567444
0.998548806 0.006557999 0.053454719 1.487900019 -0.006646640 0.999976814 0.001480612 -2.366818428 -0.053443767 -0.001833758 0.998569131 88.018684387
0.998052537 0.006527679 0.062036902 1.549417734 -0.006611270 0.999977469 0.001142254 -2.378176212 -0.062028050 -0.001550172 0.998073220 88.569709778
0.997369051 0.006174920 0.072227798 1.608663082 -0.006229700 0.999980390 0.000533185 -2.387992144 -0.072223097 -0.000981740 0.997388005 89.106201172
0.996738553 0.005567193 0.080507495 1.676473618 -0.005673531 0.999983311 0.001092159 -2.410526276 -0.080500089 -0.001545359 0.996753335 89.654823303
0.995992064 0.006052165 0.089236595 1.726144314 -0.006146804 0.999980807 0.000785761 -2.423563480 -0.089230135 -0.001331132 0.996010184 90.183860779
0.994999886 0.005537720 0.099721521 1.793803692 -0.005663470 0.999983490 0.000977953 -2.439950705 -0.099714473 -0.001537833 0.995014846 90.726173401
0.993805945 0.005870144 0.110972919 1.861461639 -0.006004656 0.999981642 0.000877939 -2.451315165 -0.110965729 -0.001538856 0.993822932 91.270996094
0.992800772 0.004868754 0.119678281 1.956812859 -0.005006320 0.999987066 0.000848842 -2.471150398 -0.119672611 -0.001441879 0.992812276 91.802925110
0.991306484 0.004996075 0.131478310 2.033540726 -0.005060765 0.999987245 0.000157883 -2.449134588 -0.131475851 -0.000821891 0.991319060 92.340660095
0.989804327 0.004595561 0.142359525 2.154672623 -0.004760918 0.999988258 0.000820937 -2.500980616 -0.142354086 -0.001490329 0.989814699 92.921440125
0.988156438 0.005099784 0.153365240 2.256384850 -0.005374042 0.999984622 0.001373772 -2.520766020 -0.153355896 -0.002181693 0.988168597 93.469223022
0.986414075 0.004609038 0.164213046 2.362727165 -0.004864676 0.999987483 0.001154630 -2.534856081 -0.164205685 -0.001937787 0.986424208 93.999259949
0.984267294 0.004482490 0.176629126 2.483819008 -0.004754453 0.999988019 0.001116557 -2.550615072 -0.176621988 -0.001938766 0.984276950 94.528091431
0.981873989 0.004021151 0.189492121 2.608739853 -0.004288749 0.999990284 0.001002152 -2.564142227 -0.189486206 -0.001796672 0.981881797 95.064376831
0.979754806 0.004059286 0.200160354 2.733528137 -0.004371556 0.999989808 0.001118143 -2.574562073 -0.200153768 -0.001970519 0.979762554 95.604911804
0.977189600 0.003871357 0.212333858 2.884405136 -0.004197532 0.999990642 0.001085380 -2.590761900 -0.212327659 -0.001951900 0.977196634 96.129524231
0.974073946 0.003550761 0.226202086 2.996612549 -0.003946973 0.999991357 0.001299342 -2.607018948 -0.226195484 -0.002158468 0.974079549 96.657241821
0.971353948 0.003136099 0.237616777 3.140335083 -0.003561852 0.999992728 0.001362460 -2.626323462 -0.237610772 -0.002169786 0.971358061 97.182647705
0.968363464 0.003225454 0.249523222 3.292829514 -0.003633197 0.999992728 0.001173533 -2.635905743 -0.249517649 -0.002042974 0.968368113 97.709465027
0.964607835 0.003250183 0.263668567 3.446680069 -0.003789620 0.999991775 0.001537314 -2.658252954 -0.263661444 -0.002482109 0.964612126 98.246665955
0.961099982 0.002759490 0.276186526 3.618476868 -0.003227940 0.999994159 0.001241549 -2.664903879 -0.276181519 -0.002084767 0.961103261 98.782760620
0.957868457 0.002387617 0.287197381 3.788335800 -0.002854068 0.999995232 0.001205499 -2.680874586 -0.287193120 -0.001974391 0.957870722 99.284843445
0.953525960 0.001586862 0.301306516 3.970975876 -0.002197197 0.999996185 0.001686746 -2.699947357 -0.301302642 -0.002270386 0.953525841 99.815673828
0.949098349 0.001630856 0.314975530 4.164207458 -0.002339317 0.999995530 0.001871234 -2.716044664 -0.314971030 -0.002512813 0.949097931 100.323066711
0.945252240 0.000491758 0.326340407 4.364780426 -0.001122671 0.999997914 0.001744960 -2.723090172 -0.326338887 -0.002015800 0.945250750 100.830619812
0.940595210 0.000926977 0.339528769 4.575689316 -0.001507246 0.999997795 0.001445338 -2.743578911 -0.339526683 -0.001871231 0.940594554 101.365570068
0.935441315 0.000674119 0.353481591 4.797100067 -0.001174725 0.999998510 0.001201669 -2.755609035 -0.353480339 -0.001539334 0.935440660 101.874282837
0.930627167 0.000780708 0.365968019 5.011407852 -0.001381811 0.999998093 0.001380569 -2.769974709 -0.365966290 -0.001790494 0.930626392 102.382255554
0.926003575 -0.000087563 0.377514690 5.237752914 -0.000509471 0.999998748 0.001481624 -2.788797379 -0.377514392 -0.001564322 0.926002324 102.883049011
0.920157552 -0.001450659 0.391545802 5.479061127 0.000988546 0.999998510 0.001381802 -2.800149202 -0.391547233 -0.000884415 0.920157492 103.374542236
0.914454222 -0.000709036 0.404688776 5.721443176 0.000037138 0.999998629 0.001668133 -2.821102142 -0.404689312 -0.001510402 0.914452970 103.879615784
0.909638405 -0.001683038 0.415397644 5.972747803 0.001104269 0.999997973 0.001633493 -2.839398146 -0.415399551 -0.001027177 0.909638524 104.349006653
0.903526962 -0.001983791 0.428526729 6.229667664 0.001378251 0.999997556 0.001723345 -2.855710268 -0.428529084 -0.000966472 0.903527439 104.836936951
0.896613657 -0.001900674 0.442809552 6.486690521 0.001294247 0.999997795 0.001671668 -2.861570835 -0.442811728 -0.000925736 0.896614134 105.338325500
0.890837371 -0.002178209 0.454317033 6.755508423 0.001604095 0.999997377 0.001649102 -2.875987291 -0.454319328 -0.000740314 0.890838623 105.817268372
0.885197520 -0.002754089 0.465207279 7.022083282 0.001921337 0.999995649 0.002264183 -2.894979477 -0.465211451 -0.001110430 0.885198891 106.290733337
0.877965748 -0.003276041 0.478712201 7.304233551 0.002766599 0.999994636 0.001769421 -2.903465509 -0.478715390 -0.000229086 0.877970040 106.771972656
0.870851099 -0.003433269 0.491534859 7.592624664 0.002881239 0.999994099 0.001880067 -2.916072845 -0.491538346 -0.000221028 0.870855868 107.243202209
0.865269721 -0.004404156 0.501287162 7.886756897 0.003995535 0.999990344 0.001888928 -2.934139490 -0.501290560 0.000368478 0.865278959 107.697891235
