1.000000000 0.000000000 0.000000000 0.000000000 0.000000000 1.000000000 0.000000000 0.000000000 0.000000000 0.000000000 1.000000000 0.000000000
1.000000000 -0.000185875 0.000023232 0.000158748 0.000185875 1.000000000 -0.000025506 0.000567914 -0.000023227 0.000025511 1.000000000 0.000690068
1.000000000 0.000041335 0.000124538 -0.000923105 -0.000041366 0.999999940 0.000248909 -0.000869671 -0.000124528 -0.000248914 0.999999940 0.000123823
1.000000000 0.000161693 0.000075683 -0.000325469 -0.000161708 0.999999940 0.000202804 -0.000542131 -0.000075650 -0.000202817 1.000000000 0.000162989
1.000000000 0.000046662 0.000031111 0.000252144 -0.000046666 1.000000000 0.000101686 -0.000910617 -0.000031106 -0.000101687 1.000000000 -0.000593057
1.000000000 -0.000035740 0.000125153 -0.000697191 0.000035740 1.000000000 -0.000000732 -0.000401053 -0.000125153 0.000000737 1.000000000 -0.001499602
0.999999940 -0.000153248 0.000203359 -0.001581960 0.000153266 1.000000000 -0.000089060 0.000230814 -0.000203346 0.000089091 1.000000000 0.000755245
1.000000000 -0.000161080 0.000129823 -0.000173467 0.000161063 1.000000000 0.000133233 -0.000434729 -0.000129845 -0.000133212 1.000000000 0.001121616
1.000000000 -0.000124342 0.000118500 -0.000541995 0.000124332 1.000000000 0.000086196 0.000540760 -0.000118510 -0.000086181 1.000000000 0.001314338
1.000000000 0.000033010 0.000158166 -0.000927497 -0.000033020 1.000000000 0.000064956 -0.000773496 -0.000158164 -0.000064962 1.000000000 -0.000978925
1.000000000 -0.000121642 0.000107537 0.000568531 0.000121627 1.000000000 0.000139635 -0.000323990 -0.000107554 -0.000139622 1.000000000 0.000377474
1.000000000 -0.000019734 0.000097161 0.000014762 0.000019731 1.000000000 0.000025147 -0.000811559 -0.000097162 -0.000025145 1.000000000 -0.001163190
1.000000000 -0.000124043 0.000078603 0.000397439 0.000124040 1.000000000 0.000037069 0.000336647 -0.000078608 -0.000037059 1.000000000 0.000830862
0.999999940 -0.000247643 0.000089114 -0.000452700 0.000247643 0.999999940 -0.000000134 0.000798604 -0.000089114 0.000000156 1.000000000 0.000048775
1.000000000 0.000074255 0.000159638 -0.000782432 -0.000074221 1.000000000 -0.000213727 0.001609226 -0.000159653 0.000213716 0.999999940 0.000230971
1.000000000 -0.000051566 0.000030987 0.000150712 0.000051563 1.000000000 0.000104094 -0.000240276 -0.000030992 -0.000104093 1.000000000 -0.000453137
1.000000000 -0.000180350 0.000053293 -0.000665988 0.000180339 0.999999940 0.000206971 -0.000685444 -0.000053330 -0.000206962 1.000000000 -0.000655361
1.000000000 -0.000094049 0.000027140 -0.000093481 0.000094047 1.000000000 0.000083006 -0.000740071 -0.000027148 -0.000083003 1.000000000 -0.000747957
1.000000000 0.000158554 0.000115064 -0.000901952 -0.000158567 1.000000000 0.000110384 -0.000857582 -0.000115046 -0.000110402 1.000000000 -0.000814062
0.999999940 0.000321962 0.000023842 -0.000771077 -0.000321966 0.999999940 0.000177355 -0.000525260 -0.000023785 -0.000177363 1.000000000 -0.000890379
1.000000000 0.000093189 -0.000043289 0.000220095 -0.000093182 1.000000000 0.000163422 -0.000599416 0.000043304 -0.000163418 1.000000000 -0.001875545
1.000000000 0.000167019 0.000141215 -0.001289186 -0.000167028 1.000000000 0.000063079 -0.000585506 -0.000141204 -0.000063103 1.000000000 -0.001269209
1.000000000 -0.000027533 0.000074080 -0.000424087 0.000027527 1.000000000 0.000070431 -0.000423828 -0.000074082 -0.000070429 1.000000000 -0.001779257
1.000000000 -0.000117865 0.000074740 0.001061788 0.000117866 1.000000000 -0.000010242 -0.000226971 -0.000074738 0.000010250 1.000000000 -0.001649970
0.999999940 0.000218096 0.000132988 -0.000960051 -0.000218095 1.000000000 -0.000005934 -0.000038915 -0.000132990 0.000005905 1.000000000 -0.000237428
1.000000000 -0.000023712 0.000067833 0.000405905 0.000023705 1.000000000 0.000091279 -0.000181306 -0.000067835 -0.000091278 1.000000000 -0.000486196
1.000000000 -0.000117004 0.000055622 0.000055795 0.000117001 1.000000000 0.000052738 -0.000907104 -0.000055628 -0.000052732 1.000000000 -0.001997405
1.000000000 -0.000171965 -0.000001993 -0.000283706 0.000171965 1.000000000 -0.000005262 -0.000726413 0.000001994 0.000005261 1.000000000 -0.001851265
0.999999940 0.000290482 0.000210044 -0.001533996 -0.000290521 0.999999940 0.000187332 -0.001082444 -0.000209989 -0.000187393 0.999999940 -0.000562063
1.000000000 0.000096150 0.000047696 -0.000185247 -0.000096154 1.000000000 0.000089914 -0.000213581 -0.000047687 -0.000089919 1.000000000 -0.000821104
0.999999940 -0.000044879 0.000248040 -0.001549855 0.000044859 1.000000000 0.000082027 -0.000993137 -0.000248044 -0.000082016 0.999999940 -0.001061943
1.000000000 -0.000083743 0.000048833 0.000239095 0.000083734 1.000000000 0.000183058 -0.000586898 -0.000048848 -0.000183054 1.000000000 0.000193932
1.000000000 0.000008835 0.000095295 -0.000468823 -0.000008842 1.000000000 0.000074712 -0.000662898 -0.000095295 -0.000074713 1.000000000 -0.002438621
1.000000000 -0.000058704 0.000048228 0.000528072 0.000058706 1.000000000 -0.000036713 -0.000170678 -0.000048226 0.000036716 1.000000000 -0.001038314
1.000000000 -0.000003060 0.000094013 -0.000134556 0.000003053 1.000000000 0.000070052 -0.000975196 -0.000094013 -0.000070052 1.000000000 -0.001072340
1.000000000 0.000021213 0.000108202 -0.000534663 -0.000021203 1.000000000 -0.000090083 0.001051168 -0.000108203 0.000090080 1.000000000 -0.000641872
1.000000000 -0.000089872 0.000132386 0.000125129 0.000089898 1.000000000 -0.000192363 0.003214042 -0.000132368 0.000192374 1.000000000 0.000395085
1.000000000 -0.000099832 0.000152908 -0.000863470 0.000099829 1.000000000 0.000019995 0.000995712 -0.000152910 -0.000019980 1.000000000 0.002112268
1.000000000 -0.000047885 0.000120078 -0.000383844 0.000047876 1.000000000 0.000070199 -0.000546375 -0.000120081 -0.000070193 1.000000000 -0.000367841
1.000000000 -0.000076017 0.000056813 0.000028037 0.000076017 1.000000000 0.000013340 0.000314228 -0.000056814 -0.000013336 1.000000000 -0.000140695
0.999999940 -0.000129007 0.000270012 -0.000795052 0.000129045 1.000000000 -0.000141520 0.001171459 -0.000269994 0.000141555 0.999999940 0.001739813
1.000000000 -0.000090461 0.000146516 0.001079723 0.000090551 0.999999821 -0.000618235 -0.001798235 -0.000146460 0.000618249 0.999999821 0.050204657
1.000000000 0.000134436 0.000058358 0.001433772 -0.000134367 0.999999225 -0.001181752 -0.002964480 -0.000058517 0.001181744 0.999999225 0.141472384
0.999999881 0.000524664 -0.000088616 0.002677256 -0.000524817 0.999998331 -0.001732862 -0.003293876 0.000087707 0.001732909 0.999998450 0.257713825
0.999999344 -0.000033604 0.001125969 -0.018910192 0.000034695 0.999999523 -0.000968670 -0.021848341 -0.001125936 0.000968709 0.999998868 0.376403868
0.999999106 0.000086060 0.001340775 -0.017366724 -0.000084737 0.999999523 -0.000987221 -0.025093067 -0.001340859 0.000987107 0.999998629 0.516447604
0.999999821 0.000425408 0.000475765 0.003873983 -0.000424898 0.999999285 -0.001071823 -0.034768809 -0.000476221 0.001071621 0.999999285 0.696217537
0.999999642 0.000617038 0.000726544 0.006296737 -0.000616520 0.999999523 -0.000713745 -0.038587689 -0.000726984 0.000713297 0.999999404 0.859879255
0.999999285 0.000391695 0.001125329 -0.008515462 -0.000390463 0.999999344 -0.001095033 -0.034529898 -0.001125757 0.001094593 0.999998748 0.980194449
0.999999046 0.000449789 0.001355415 -0.005574921 -0.000448290 0.999999344 -0.001106138 -0.038577743 -0.001355912 0.001105529 0.999998450 1.161712646
0.999999225 0.000375526 0.001142827 -0.002900138 -0.000375266 0.999999821 -0.000227427 -0.051802292 -0.001142912 0.000226998 0.999999344 1.361078620
0.999999106 0.000540124 0.001245423 -0.000385099 -0.000539795 0.999999821 -0.000265168 -0.056667954 -0.001245566 0.000264496 0.999999225 1.550548911
0.999998868 0.000204087 0.001431469 -0.003460614 -0.000203745 0.999999940 -0.000238891 -0.061087314 -0.001431518 0.000238599 0.999998927 1.744233847
0.999999344 0.000045913 0.001126483 0.003271466 -0.000045823 1.000000000 -0.000079571 -0.067075737 -0.001126487 0.000079519 0.999999344 1.941785812
0.999998569 0.000944192 0.001354248 0.001416977 -0.000944140 0.999999583 -0.000038521 -0.072502993 -0.001354284 0.000037243 0.999999106 2.147513866
0.999999106 0.000178975 0.001273380 0.021340648 -0.000178286 0.999999821 -0.000540844 -0.069522358 -0.001273477 0.000540617 0.999999046 2.382922173
0.999998808 0.000115072 0.001536951 0.025834180 -0.000114405 0.999999881 -0.000433942 -0.076694846 -0.001537001 0.000433766 0.999998689 2.604957581
0.999998450 0.000653094 0.001632188 0.017153362 -0.000652938 0.999999762 -0.000096141 -0.091495186 -0.001632250 0.000095075 0.999998689 2.824057341
0.999998808 0.000373072 0.001515592 0.024685552 -0.000372836 0.999999940 -0.000155864 -0.097859725 -0.001515650 0.000155299 0.999998868 3.054056406
0.999998987 -0.000339520 0.001380734 0.037128761 0.000338899 0.999999762 0.000450044 -0.106173411 -0.001380887 -0.000449576 0.999998868 3.290396452
0.999998748 -0.000196768 0.001595365 0.042620353 0.000195497 0.999999642 0.000796901 -0.113759115 -0.001595521 -0.000796588 0.999998391 3.544461250
0.999999344 -0.000599249 0.001028695 0.051118225 0.000598825 0.999999702 0.000412158 -0.116382085 -0.001028941 -0.000411541 0.999999344 3.800114870
0.999999046 0.000718087 0.001174212 0.057667069 -0.000717519 0.999999642 -0.000483328 -0.114133567 -0.001174559 0.000482485 0.999999166 4.076269150
0.999998868 0.001117265 0.000982301 0.059805952 -0.001118013 0.999999106 0.000761082 -0.135326505 -0.000981450 -0.000762179 0.999999225 4.307283401
0.999998450 0.000931752 0.001443373 0.063358411 -0.000932665 0.999999404 0.000632594 -0.144281089 -0.001442782 -0.000633939 0.999998748 4.555893421
0.999998629 0.000772081 0.001409236 0.061684176 -0.000773040 0.999999464 0.000680109 -0.144336954 -0.001408711 -0.000681198 0.999998689 4.814497948
0.999998808 0.000836332 0.001292951 0.070021987 -0.000837303 0.999999344 0.000750365 -0.152458221 -0.001292322 -0.000751447 0.999998808 5.076329231
0.999999523 0.000449391 0.000867217 0.075333588 -0.000449849 0.999999762 0.000527966 -0.160347804 -0.000866980 -0.000528356 0.999999464 5.350304604
0.999998212 0.001228794 0.001443673 0.076011099 -0.001229415 0.999999166 0.000429420 -0.164773375 -0.001443144 -0.000431194 0.999998808 5.626585007
0.999998689 0.000908453 0.001348240 0.082714468 -0.000909654 0.999999225 0.000890546 -0.175783575 -0.001347429 -0.000891771 0.999998689 5.898620129
0.999998569 0.000850772 0.001460797 0.093926042 -0.000851831 0.999999404 0.000724582 -0.178134114 -0.001460180 -0.000725825 0.999998689 6.175343990
0.999998569 0.000948338 0.001423827 0.095432177 -0.000948766 0.999999583 0.000300293 -0.181930035 -0.001423541 -0.000301643 0.999998927 6.467713356
0.999997973 0.000867319 0.001802332 0.093296431 -0.000868963 0.999999225 0.000911735 -0.203260064 -0.001801540 -0.000913299 0.999997973 6.722180367
0.999997675 0.000865731 0.001977443 0.097906761 -0.000868953 0.999998331 0.001629146 -0.215696514 -0.001976030 -0.001630860 0.999996781 7.021723270
0.999999046 0.000642351 0.001213107 0.116700098 -0.000643335 0.999999404 0.000810915 -0.218738943 -0.001212586 -0.000811694 0.999998927 7.320254803
0.999997139 0.001496312 0.001850494 0.115674026 -0.001497362 0.999998748 0.000566248 -0.229894623 -0.001849644 -0.000569017 0.999998152 7.628826141
0.999997258 0.001243542 0.001965191 0.122839794 -0.001245577 0.999998689 0.001034437 -0.242364913 -0.001963902 -0.001036882 0.999997556 7.934247494
0.999997795 0.000969344 0.001842405 0.131568536 -0.000971504 0.999998868 0.001172083 -0.252028465 -0.001841266 -0.001173871 0.999997616 8.254507065
0.999997437 0.001101119 0.002047621 0.136311650 -0.001103643 0.999998629 0.001232012 -0.265869528 -0.002046262 -0.001234269 0.999997079 8.565485001
0.999996364 0.001263096 0.002396001 0.138798371 -0.001266875 0.999997914 0.001576362 -0.275351644 -0.002394005 -0.001579392 0.999995828 8.903784752
0.999996424 0.001318667 0.002315166 0.152971476 -0.001322052 0.999998033 0.001461070 -0.286215514 -0.002313235 -0.001464126 0.999996245 9.239924431
0.999997020 0.000923111 0.002223687 0.154837132 -0.000927043 0.999998033 0.001767952 -0.299774349 -0.002222051 -0.001770008 0.999995947 9.581237793
0.999997437 0.000307959 0.002300849 0.164783940 -0.000311389 0.999998868 0.001490585 -0.302622646 -0.002300388 -0.001491297 0.999996245 9.933078766
0.999996960 0.000717888 0.002367857 0.167543918 -0.000721527 0.999998569 0.001536257 -0.317351162 -0.002366751 -0.001537961 0.999996006 10.288863182
0.999997675 0.000522566 0.002080988 0.181738928 -0.000525621 0.999998748 0.001467884 -0.327493697 -0.002080218 -0.001468975 0.999996722 10.649438858
0.999996066 0.001008210 0.002620800 0.177796051 -0.001011113 0.999998868 0.001106519 -0.329426199 -0.002619681 -0.001109165 0.999995887 11.038118362
0.999995291 0.001209201 0.002818808 0.186063305 -0.001212771 0.999998450 0.001265077 -0.344395280 -0.002817274 -0.001268490 0.999995232 11.395029068
0.999996960 0.000595119 0.002396668 0.204302788 -0.000598800 0.999998748 0.001535540 -0.355978608 -0.002395751 -0.001536971 0.999995887 11.772103310
0.999996603 0.000488247 0.002559541 0.208636075 -0.000492120 0.999998689 0.001512704 -0.368500113 -0.002558799 -0.001513958 0.999995589 12.150496483
0.999995887 0.000531869 0.002802680 0.218950570 -0.000536162 0.999998629 0.001531220 -0.378954351 -0.002801862 -0.001532717 0.999994874 12.542826653
0.999996006 0.000845858 0.002699590 0.224323750 -0.000850923 0.999997854 0.001875683 -0.390511662 -0.002697998 -0.001877973 0.999994576 12.935425758
0.999995291 0.001131876 0.002898277 0.232077152 -0.001137052 0.999997735 0.001784534 -0.403634667 -0.002896251 -0.001787821 0.999994159 13.332978249
0.999995708 0.000210568 0.002922351 0.242995635 -0.000215439 0.999998569 0.001666533 -0.412834555 -0.002921996 -0.001667156 0.999994338 13.749299049
0.999994457 0.000712528 0.003254817 0.250199735 -0.000718965 0.999997795 0.001976902 -0.423183322 -0.003253400 -0.001979231 0.999992728 14.162693977
0.999994397 0.000654279 0.003283004 0.260489017 -0.000661019 0.999997675 0.002052471 -0.436132550 -0.003281653 -0.002054629 0.999992490 14.587364197
0.999992967 0.000582897 0.003690854 0.270654887 -0.000590830 0.999997437 0.002148445 -0.446984410 -0.003689592 -0.002150610 0.999990880 15.005616188
0.999991894 0.000549497 0.003977756 0.282991856 -0.000557980 0.999997675 0.002131763 -0.458189636 -0.003976575 -0.002133965 0.999989808 15.432940483
0.999990761 0.000651206 0.004247015 0.292222917 -0.000660749 0.999997258 0.002245920 -0.471770763 -0.004245542 -0.002248706 0.999988377 15.878464699
0.999990046 0.000077092 0.004461206 0.303235531 -0.000086113 0.999997973 0.002021907 -0.479687452 -0.004461041 -0.002022271 0.999987960 16.318378448
0.999989092 0.000934869 0.004566043 0.312226892 -0.000941997 0.999998391 0.001559063 -0.492495149 -0.004564578 -0.001563347 0.999988377 16.764492035
0.999986291 -0.000019127 0.005220632 0.328111768 0.000007528 0.999997556 0.002221768 -0.507680297 -0.005220662 -0.002221698 0.999983907 17.208179474
0.999986649 0.000152218 0.005161202 0.336227745 -0.000171532 0.999993026 0.003741966 -0.537790775 -0.005160596 -0.003742801 0.999979734 17.634658813
0.999984086 0.000096214 0.005636277 0.348818958 -0.000111152 0.999996424 0.002650078 -0.537806094 -0.005636003 -0.002650663 0.999980628 18.133371353
0.999981463 0.000561977 0.006056967 0.359120309 -0.000580616 0.999995112 0.003075933 -0.554028630 -0.006055209 -0.003079393 0.999976933 18.598926544
0.999984622 0.000698704 0.005516714 0.375006080 -0.000715756 0.999994934 0.003089564 -0.571524501 -0.005514528 -0.003093465 0.999980032 19.058759689
0.999984384 -0.000013092 0.005587375 0.400989920 -0.000002861 0.999995947 0.002855301 -0.579009712 -0.005587389 -0.002855273 0.999980330 19.541746140
0.999984026 0.000476126 0.005634393 0.408817828 -0.000492311 0.999995768 0.002871611 -0.593511224 -0.005633001 -0.002874339 0.999980032 20.048175812
0.999984682 0.000921127 0.005455396 0.421916068 -0.000935574 0.999996006 0.002646133 -0.603416860 -0.005452936 -0.002651196 0.999981642 20.549385071
0.999983788 0.001063015 0.005594651 0.433136016 -0.001079589 0.999995053 0.002960154 -0.617635787 -0.005591477 -0.002966146 0.999979973 21.038913727
0.999988616 0.000499227 0.004733276 0.446366727 -0.000512653 0.999995828 0.002835903 -0.632756591 -0.004731840 -0.002838298 0.999984801 21.558528900
0.999988735 0.000795776 0.004667188 0.458283007 -0.000811118 0.999994278 0.003286252 -0.657175124 -0.004664546 -0.003290002 0.999983728 22.056215286
0.999991000 0.000681673 0.004185237 0.469763190 -0.000694435 0.999995112 0.003048745 -0.663579166 -0.004183140 -0.003051625 0.999986589 22.586187363
0.999993980 0.000622759 0.003417348 0.484156698 -0.000633690 0.999994695 0.003198437 -0.681149483 -0.003415338 -0.003200583 0.999988973 23.103992462
0.999998152 0.000231400 0.001894933 0.502860308 -0.000237747 0.999994278 0.003349814 -0.693494976 -0.001894147 -0.003350258 0.999992609 23.639001846
0.999997556 0.000023199 0.002210714 0.504805923 -0.000030532 0.999994516 0.003317300 -0.709384143 -0.002210624 -0.003317360 0.999992073 24.164981842
0.999998868 0.000798022 0.001292014 0.515515924 -0.000802128 0.999994636 0.003180559 -0.719705880 -0.001289469 -0.003181592 0.999994040 24.705228806
0.999999225 0.000935697 0.000961703 0.530448794 -0.000939595 0.999991298 0.004060802 -0.742455006 -0.000957895 -0.004061702 0.999991298 25.242698669
0.999999702 0.000369583 0.000737221 0.538576841 -0.000372784 0.999990523 0.004346673 -0.756401479 -0.000735607 -0.004346947 0.999990284 25.778400421
0.999999762 0.000316297 -0.000521649 0.557110548 -0.000314438 0.999993563 0.003559766 -0.765025318 0.000522772 -0.003559601 0.999993503 26.320871353
0.999999523 -0.000143357 -0.000971385 0.564996004 0.000147793 0.999989569 0.004568041 -0.782012165 0.000970720 -0.004568182 0.999989092 26.872081757
0.999999046 0.000244914 -0.001321712 0.571507692 -0.000239358 0.999991119 0.004202443 -0.794188261 0.001322730 -0.004202122 0.999990284 27.417207718
0.999998152 0.001174081 -0.001481561 0.574751496 -0.001167977 0.999990761 0.004114121 -0.813032806 0.001486378 -0.004112383 0.999990463 27.969108582
0.999996305 0.000227212 -0.002713792 0.602271795 -0.000214686 0.999989331 0.004615214 -0.830618918 0.002714812 -0.004614614 0.999985695 28.515699387
0.999995470 0.000099078 -0.003006937 0.616303563 -0.000087492 0.999992669 0.003852964 -0.832947493 0.003007296 -0.003852684 0.999988079 29.052425385
0.999995768 0.000760748 -0.002813824 0.621613860 -0.000750063 0.999992549 0.003796416 -0.843628466 0.002816691 -0.003794289 0.999988794 29.599569321
0.999993205 0.001288388 -0.003459171 0.627273381 -0.001273390 0.999989748 0.004334163 -0.860790849 0.003464720 -0.004329728 0.999984562 30.164638519
0.999991596 0.000588615 -0.004061867 0.645467162 -0.000573586 0.999992907 0.003700195 -0.872138143 0.004064017 -0.003697834 0.999984860 30.701911926
0.999990404 0.000347946 -0.004373231 0.648270190 -0.000331299 0.999992728 0.003806637 -0.886305809 0.004374524 -0.003805151 0.999983191 31.226171494
0.999990046 0.000750027 -0.004428006 0.653422117 -0.000733794 0.999993026 0.003666446 -0.895873070 0.004430726 -0.003663160 0.999983490 31.771720886
0.999987662 0.000494310 -0.004939580 0.671369135 -0.000477388 0.999994040 0.003426518 -0.907624900 0.004941244 -0.003424118 0.999981940 32.328208923
0.999983728 -0.000551140 -0.005664789 0.686930895 0.000572831 0.999992430 0.003828342 -0.925989211 0.005662636 -0.003831525 0.999976635 32.853111267
0.999984741 -0.000795624 -0.005471304 0.689222693 0.000815798 0.999992847 0.003685969 -0.939312041 0.005468332 -0.003690376 0.999978244 33.405517578
0.999984086 -0.000259221 -0.005630963 0.696439385 0.000279935 0.999993145 0.003678072 -0.951244354 0.005629971 -0.003679590 0.999977410 33.952972412
0.999983490 0.000185758 -0.005742510 0.694457829 -0.000162718 0.999991894 0.004012373 -0.967805982 0.005743209 -0.004011372 0.999975443 34.485610962
0.999985635 0.000092784 -0.005354943 0.702613652 -0.000072432 0.999992728 0.003800587 -0.977819324 0.005355258 -0.003800144 0.999978423 35.019207001
0.999986053 0.000073719 -0.005278647 0.712015271 -0.000055411 0.999993920 0.003468277 -0.986900866 0.005278871 -0.003467936 0.999979973 35.554351807
0.999985337 0.000672939 -0.005357747 0.720921814 -0.000654884 0.999994099 0.003371036 -1.000044346 0.005359984 -0.003367478 0.999979973 36.111972809
0.999986112 0.000539546 -0.005234332 0.726878941 -0.000522229 0.999994397 0.003309005 -1.013621092 0.005236088 -0.003306226 0.999980748 36.653736115
0.999987245 0.000607330 -0.005012440 0.730874300 -0.000590251 0.999994040 0.003408061 -1.025516987 0.005014480 -0.003405059 0.999981582 37.185199738
0.999984741 0.001348584 -0.005347374 0.737841845 -0.001331633 0.999994099 0.003172329 -1.037706494 0.005351621 -0.003165160 0.999980628 37.742794037
0.999986708 0.001442611 -0.004945905 0.744226515 -0.001427381 0.999994218 0.003081407 -1.050251722 0.004950322 -0.003074306 0.999983013 38.276435852
0.999985456 0.001484614 -0.005186199 0.751928329 -0.001468511 0.999994040 0.003107294 -1.064756036 0.005190781 -0.003099633 0.999981701 38.811233521
0.999985874 0.001769582 -0.005017614 0.756205857 -0.001753684 0.999993443 0.003171087 -1.079460144 0.005023193 -0.003162242 0.999982297 39.339839935
0.999984980 0.001823733 -0.005159738 0.769968688 -0.001804643 0.999991536 0.003702214 -1.097818255 0.005166446 -0.003692847 0.999979854 39.877998352
0.999984264 0.002055121 -0.005216564 0.778478503 -0.002036038 0.999991179 0.003661132 -1.112406135 0.005224042 -0.003650453 0.999979615 40.420425415
0.999985874 0.002024566 -0.004902515 0.785442770 -0.002008808 0.999992788 0.003217038 -1.121137142 0.004908992 -0.003207145 0.999982834 40.964332581
0.999983966 0.002763227 -0.004938621 0.792633772 -0.002742733 0.999987602 0.004151641 -1.141373992 0.004950032 -0.004138030 0.999979198 41.496780396
0.999985814 0.002226626 -0.004843017 0.799975693 -0.002209514 0.999991298 0.003535792 -1.151848555 0.004850848 -0.003525041 0.999981940 42.040039062
0.999984860 0.002711037 -0.004817484 0.804474473 -0.002692783 0.999989152 0.003791617 -1.166651011 0.004827711 -0.003778587 0.999981225 42.583515167
0.999986053 0.002988017 -0.004356370 0.809949994 -0.002971212 0.999988198 0.003858993 -1.177743673 0.004367849 -0.003845995 0.999983072 43.138679504
0.999983251 0.003041623 -0.004906172 0.819258809 -0.003024402 0.999989271 0.003513707 -1.192008376 0.004916806 -0.003498810 0.999981821 43.664920807
0.999984920 0.002165145 -0.005043299 0.827408791 -0.002145189 0.999989867 0.003959190 -1.208063602 0.005051821 -0.003948311 0.999979436 44.198120117
0.999983609 0.002882970 -0.004940447 0.832271516 -0.002865236 0.999989450 0.003592618 -1.219284058 0.004950753 -0.003578404 0.999981344 44.742511749
0.999984980 0.002919476 -0.004634410 0.839400172 -0.002903995 0.999990165 0.003343372 -1.230144858 0.004644126 -0.003329863 0.999983668 45.290470123
0.999985576 0.002684527 -0.004653873 0.848045945 -0.002667262 0.999989569 0.003712195 -1.247882962 0.004663790 -0.003699728 0.999982297 45.836418152
0.999985397 0.002677263 -0.004691190 0.855685413 -0.002660204 0.999989808 0.003638871 -1.262241602 0.004700884 -0.003626338 0.999982357 46.383502960
0.999983788 0.003464050 -0.004523651 0.858272076 -0.003446175 0.999986291 0.003953182 -1.274453044 0.004537283 -0.003937528 0.999981940 46.941802979
0.999986649 0.002977408 -0.004216784 0.855113924 -0.002962845 0.999989629 0.003455917 -1.277656436 0.004227031 -0.003443378 0.999985158 47.495285034
0.999985695 0.002760580 -0.004573421 0.866371036 -0.002743153 0.999988973 0.003812375 -1.297288537 0.004583895 -0.003799776 0.999982238 48.035343170
0.999984860 0.002700499 -0.004816609 0.877356648 -0.002681881 0.999988914 0.003867615 -1.312358856 0.004827001 -0.003854638 0.999980867 48.570930481
0.999984324 0.002663348 -0.004928798 0.885614395 -0.002642097 0.999987185 0.004313094 -1.332794547 0.004940222 -0.004300004 0.999978483 49.101852417
0.999984384 0.003972015 -0.003928376 0.894533932 -0.003956039 0.999983907 0.004066583 -1.354433060 0.003944465 -0.004050978 0.999984026 49.669284821
0.999986112 0.003262704 -0.004137738 0.901355743 -0.003243717 0.999984145 0.004587199 -1.365346551 0.004152640 -0.004573714 0.999980867 50.207031250
0.999987721 0.003566494 -0.003446699 0.904563427 -0.003552897 0.999985933 0.003943215 -1.373503208 0.003460714 -0.003930921 0.999986231 50.748031616
0.999988914 0.003650159 -0.002984515 0.912731707 -0.003636455 0.999982893 0.004583994 -1.393009186 0.003001196 -0.004573090 0.999984980 51.292079926
0.999990106 0.003693977 -0.002522581 0.922863543 -0.003685589 0.999987841 0.003321517 -1.397025108 0.002534820 -0.003312187 0.999991238 51.834808350
0.999990165 0.003319330 -0.002975174 0.938717186 -0.003309874 0.999989450 0.003177874 -1.414650559 0.002985693 -0.003167995 0.999990523 52.379047394
0.999988377 0.004092969 -0.002551948 0.944110394 -0.004083797 0.999985158 0.003588992 -1.426958919 0.002566600 -0.003578530 0.999990284 52.920856476
0.999987960 0.003930368 -0.002932036 0.952223897 -0.003920874 0.999987066 0.003237076 -1.436480880 0.002944721 -0.003225541 0.999990404 53.477767944
0.999984324 0.004691103 -0.003062935 0.960862458 -0.004682304 0.999984920 0.002873675 -1.448746204 0.003076370 -0.002859289 0.999991179 54.020015717
0.999987245 0.003698576 -0.003445508 0.980911016 -0.003688041 0.999988437 0.003059049 -1.465339661 0.003456782 -0.003046302 0.999989390 54.554244995
0.999985039 0.003671905 -0.004057491 0.993577063 -0.003656817 0.999986410 0.003719990 -1.485564232 0.004071095 -0.003705097 0.999984860 55.103076935
0.999985397 0.004202992 -0.003371408 0.995784223 -0.004190690 0.999984562 0.003647851 -1.498867750 0.003386687 -0.003633670 0.999987662 55.647579193
0.999984980 0.004340612 -0.003340515 1.001768351 -0.004327732 0.999983191 0.003853098 -1.509265780 0.003357184 -0.003838583 0.999987006 56.202507019
0.999982834 0.005057748 -0.002942517 1.006006956 -0.005049019 0.999982834 0.002966573 -1.514644861 0.002957471 -0.002951665 0.999991238 56.752559662
0.999984860 0.004524590 -0.003136906 1.020847201 -0.004515698 0.999985754 0.002836216 -1.526772022 0.003149694 -0.002822008 0.999991000 57.301147461
0.999983013 0.004638761 -0.003530790 1.036467195 -0.004626991 0.999983728 0.003334366 -1.548303962 0.003546200 -0.003317972 0.999988198 57.853042603
0.999981165 0.004297700 -0.004382004 1.049191952 -0.004281746 0.999984145 0.003643626 -1.564218163 0.004397594 -0.003624795 0.999983788 58.401340485
0.999982774 0.004789019 -0.003386179 1.047273993 -0.004780528 0.999985397 0.002511375 -1.556162000 0.003398157 -0.002495144 0.999991119 58.947769165
0.999984324 0.004615492 -0.003177792 1.054913878 -0.004607407 0.999986112 0.002547270 -1.572165251 0.003189505 -0.002532589 0.999991655 59.475292206
0.999983549 0.004921773 -0.002938052 1.064847708 -0.004913765 0.999984145 0.002726822 -1.580010176 0.002951427 -0.002712340 0.999991953 60.024517059
0.999984622 0.004728155 -0.002907929 1.070535183 -0.004721397 0.999986172 0.002326487 -1.584786534 0.002918889 -0.002312721 0.999993086 60.578617096
0.999984324 0.005090042 -0.002343553 1.081033945 -0.005084632 0.999984384 0.002308110 -1.603090167 0.002355265 -0.002296158 0.999994516 61.123298645
0.999982476 0.005223176 -0.002758670 1.096393108 -0.005217412 0.999984205 0.002092194 -1.609887481 0.002769554 -0.002077764 0.999993980 61.675441742
0.999982774 0.005292509 -0.002587499 1.109316230 -0.005286897 0.999983668 0.002170977 -1.620453358 0.002598946 -0.002157260 0.999994278 62.234680176
0.999980032 0.005794183 -0.002522283 1.120280981 -0.005788846 0.999980927 0.002117889 -1.635880947 0.002534506 -0.002103246 0.999994576 62.804569244
0.999980986 0.005814976 -0.002051815 1.129262924 -0.005810426 0.999980688 0.002216397 -1.643981457 0.002064663 -0.002204433 0.999995410 63.378490448
0.999977469 0.006291665 -0.002336320 1.142578125 -0.006286659 0.999977946 0.002143350 -1.656931758 0.002349753 -0.002128615 0.999994993 63.942497253
0.999979973 0.006086921 -0.001734548 1.154169559 -0.006083540 0.999979615 0.001948072 -1.666387558 0.001746370 -0.001937480 0.999996603 64.504219055
0.999978960 0.005995322 -0.002476327 1.176306725 -0.005989169 0.999978900 0.002484986 -1.682863474 0.002491174 -0.002470102 0.999993861 65.054252625
0.999979377 0.006126792 -0.001994784 1.191720009 -0.006121655 0.999977946 0.002570888 -1.700550795 0.002010492 -0.002558624 0.999994695 65.606918335
0.999981463 0.005643506 -0.002273174 1.211537361 -0.005638312 0.999981523 0.002284737 -1.711503386 0.002286026 -0.002271877 0.999994755 66.176818848
0.999979734 0.005993966 -0.002158109 1.218046427 -0.005990454 0.999980688 0.001630507 -1.718379855 0.002167841 -0.001617546 0.999996364 66.741065979
0.999979019 0.006264463 -0.001649363 1.227352858 -0.006260240 0.999977112 0.002553412 -1.741701841 0.001665321 -0.002543032 0.999995291 67.288551331
0.999979436 0.006199720 -0.001624674 1.231451154 -0.006195703 0.999977708 0.002466001 -1.751832247 0.001639926 -0.002455884 0.999995649 67.851303101
0.999976337 0.006719811 -0.001491555 1.238889813 -0.006715976 0.999974191 0.002562171 -1.769526243 0.001508734 -0.002552093 0.999995589 68.407875061
0.999972820 0.007297652 -0.001054979 1.243669271 -0.007295297 0.999970853 0.002220492 -1.781166553 0.001071153 -0.002212734 0.999996960 68.972160339
0.999976158 0.006764351 -0.001388772 1.253353000 -0.006761289 0.999974728 0.002198125 -1.793849468 0.001403606 -0.002188683 0.999996543 69.537025452
0.999973416 0.007217752 -0.001027174 1.256992221 -0.007215727 0.999971986 0.001962622 -1.805338740 0.001041311 -0.001955158 0.999997497 70.101776123
0.999976337 0.006695336 -0.001540486 1.271981835 -0.006691558 0.999974608 0.002444869 -1.824831009 0.001556816 -0.002434503 0.999995828 70.661079407
0.999976754 0.006603876 -0.001704055 1.280820608 -0.006600226 0.999975920 0.002138451 -1.834305406 0.001718136 -0.002127154 0.999996185 71.220283508
0.999977350 0.006515370 -0.001697355 1.296896458 -0.006511455 0.999976158 0.002301757 -1.851318598 0.001712311 -0.002290653 0.999995887 71.767021179
0.999977291 0.006540413 -0.001605731 1.304306984 -0.006537577 0.999977171 0.001765179 -1.858747482 0.001617239 -0.001754641 0.999997139 72.320381165
0.999976397 0.006586592 -0.001910882 1.319504499 -0.006581843 0.999975264 0.002481395 -1.885679126 0.001927178 -0.002468760 0.999995112 72.819664001
0.999980867 0.005930273 -0.001764878 1.332373381 -0.005926228 0.999979734 0.002288651 -1.896811128 0.001778415 -0.002278149 0.999995828 73.383361816
0.999981344 0.005896421 -0.001572333 1.336693287 -0.005893199 0.999980569 0.002045852 -1.906760097 0.001584365 -0.002036548 0.999996662 73.931182861
0.999980628 0.005975251 -0.001741605 1.348399162 -0.005971433 0.999979794 0.002189659 -1.925383806 0.001754653 -0.002179216 0.999996006 74.456558228
0.999979854 0.005822897 -0.002523241 1.362255812 -0.005817106 0.999980450 0.002296838 -1.936589479 0.002536566 -0.002282113 0.999994099 74.969024658
0.999984086 0.004963960 -0.002678988 1.371282101 -0.004957695 0.999984980 0.002340147 -1.952424049 0.002690563 -0.002326828 0.999993682 75.489318848
0.999983609 0.004658229 -0.003332090 1.386327982 -0.004652524 0.999987721 0.001717820 -1.963382721 0.003340051 -0.001702289 0.999992967 76.014724731
0.999980211 0.005425810 -0.003189027 1.390888453 -0.005420324 0.999983847 0.001726247 -1.974217057 0.003198342 -0.001708927 0.999993384 76.554687500
0.999980569 0.005288846 -0.003300956 1.399839163 -0.005283255 0.999984622 0.001700255 -1.992097855 0.003309897 -0.001682783 0.999993086 77.091560364
0.999982595 0.004577999 -0.003714845 1.411056876 -0.004569839 0.999987066 0.002202322 -2.015254736 0.003724880 -0.002185307 0.999990702 77.594787598
0.999981165 0.004928346 -0.003643990 1.417046309 -0.004921027 0.999985874 0.002014551 -2.019909859 0.003653866 -0.001996581 0.999991357 78.163612366
0.999980628 0.005400967 -0.003094242 1.422318101 -0.005396349 0.999984324 0.001498870 -2.027681828 0.003102289 -0.001482144 0.999994040 78.709419250
0.999981821 0.005157290 -0.003121866 1.435968161 -0.005152787 0.999985695 0.001448604 -2.042811632 0.003129292 -0.001432491 0.999994040 79.244705200
0.999982655 0.004772383 -0.003444642 1.446825385 -0.004767159 0.999987483 0.001522769 -2.056328058 0.003451867 -0.001506322 0.999992907 79.778030396
0.999983847 0.004898426 -0.002863436 1.452752352 -0.004893760 0.999986708 0.001634353 -2.071610928 0.002871403 -0.001620314 0.999994576 80.313644409
0.999984801 0.005080913 -0.002132886 1.467287660 -0.005077746 0.999985993 0.001487718 -2.082264900 0.002140415 -0.001476865 0.999996603 80.853927612
0.999986947 0.005059266 -0.000711424 1.476973176 -0.005058087 0.999985814 0.001650768 -2.099169493 0.000719765 -0.001647148 0.999998391 81.394470215
0.999984026 0.005575691 0.000925955 1.487295866 -0.005577276 0.999982893 0.001718067 -2.116995811 -0.000916360 -0.001723203 0.999998093 81.930183411
0.999984920 0.005076119 0.002078099 1.506385922 -0.005080140 0.999985158 0.001934186 -2.133884668 -0.002068249 -0.001944714 0.999995947 82.461425781
0.999970734 0.005096080 0.005709616 1.521412849 -0.005106526 0.999985337 0.001816349 -2.147119761 -0.005700276 -0.001845452 0.999982059 82.997421265
0.999945104 0.004962697 0.009222959 1.542755246 -0.004980923 0.999985635 0.001954205 -2.158849001 -0.009213127 -0.002000037 0.999955475 83.529159546
0.999912024 0.004679168 0.012409301 1.560804844 -0.004704684 0.999986827 0.002027798 -2.174489021 -0.012399647 -0.002086001 0.999920905 84.078002930
0.999830902 0.005146433 0.017655116 1.580112338 -0.005178919 0.999984980 0.001794823 -2.186664820 -0.017645610 -0.001885954 0.999842525 84.619018555
0.999722004 0.004729219 0.023097623 1.613650680 -0.004759124 0.999987900 0.001239860 -2.196257830 -0.023091480 -0.001349439 0.999732435 85.161964417
0.999570549 0.004597438 0.028938102 1.642384052 -0.004641036 0.999988198 0.001439597 -2.213738918 -0.028931139 -0.001573281 0.999580145 85.703666687
0.999392688 0.003929645 0.034624569 1.678217769 -0.003964592 0.999991715 0.000940708 -2.224153996 -0.034620583 -0.001077408 0.999399960 86.252883911
0.999063790 0.004090545 0.043067973 1.711686611 -0.004132290 0.999991059 0.000880285 -2.232715845 -0.043063991 -0.001057430 0.999071717 86.812599182
0.998674750 0.003583521 0.051343240 1.762496948 -0.003621808 0.999993205 0.000652695 -2.248627186 -0.051340554 -0.000837786 0.998680949 87.357254028
0.998283505 0.003597492 0.058455937 1.802347183 -0.003632727 0.999993205 0.000496500 -2.257803440 -0.058453754 -0.000708002 0.998289824 87.904548645
0.997705102 0.003430561 0.067622125 1.855522156 -0.003456221 0.999993980 0.000262451 -2.266955376 -0.067620821 -0.000495565 0.997710943 88.455703735
0.996973038 0.003053672 0.077688053 1.917785168 -0.003080393 0.999995172 0.000224130 -2.283914804 -0.077687003 -0.000462762 0.996977687 88.978157043
0.996256411 0.002809667 0.086401813 1.981252193 -0.002863331 0.999995768 0.000497168 -2.298730135 -0.086400054 -0.000742704 0.996260226 89.521705627
0.995522678 0.002193454 0.094496764 2.048569679 -0.002201528 0.999997675 -0.000018803 -2.311246872 -0.094496571 -0.000189319 0.995525181 90.074661255
0.994456470 0.002354865 0.105122462 2.130396843 -0.002359556 0.999997199 -0.000079752 -2.322548866 -0.105122358 -0.000168732 0.994459271 90.613548279
0.993320167 0.001354350 0.115382947 2.220877647 -0.001319296 0.999999046 -0.000380172 -2.329112768 -0.115383357 0.000225408 0.993321002 91.170989990
0.992206156 0.000959955 0.124603607 2.303805351 -0.000922127 0.999999523 -0.000361255 -2.344202757 -0.124603875 0.000243539 0.992206633 91.696800232
0.990792572 0.001128944 0.135384038 2.393986702 -0.001096216 0.999999285 -0.000316286 -2.356771946 -0.135384321 0.000164964 0.990793109 92.223022461
0.989086509 0.000247339 0.147335589 2.489067078 -0.000169961 0.999999821 -0.000537767 -2.374048948 -0.147335693 0.000506857 0.989086390 92.766044617
0.987421453 -0.000002654 0.158110917 2.583745003 0.000076271 0.999999881 -0.000459537 -2.387097597 -0.158110917 0.000465815 0.987421274 93.299934387
0.985581756 0.000804890 0.169197917 2.670701981 -0.000713241 0.999999583 -0.000602447 -2.398794174 -0.169198349 0.000473081 0.985581875 93.819282532
0.983105600 0.001426726 0.183033794 2.773484230 -0.001330965 0.999998927 -0.000646030 -2.402945042 -0.183034495 0.000391505 0.983106434 94.399864197
0.980764031 0.000451481 0.195196390 2.899991035 -0.000341537 0.999999762 -0.000596906 -2.420096874 -0.195196599 0.000518757 0.980763972 94.928047180
0.978671789 0.000421851 0.205429554 3.026323318 -0.000347647 0.999999881 -0.000397304 -2.437052727 -0.205429718 0.000317414 0.978671789 95.457542419
0.975776196 -0.000138344 0.218770966 3.165019989 0.000261993 0.999999762 -0.000536189 -2.454000711 -0.218770832 0.000580517 0.975776076 95.998664856
0.972602606 0.000014398 0.232473984 3.311698914 0.000073035 0.999999940 -0.000367488 -2.469525814 -0.232473969 0.000374399 0.972602546 96.522407532
0.969961345 -0.000828982 0.243257627 3.463050842 0.000818159 0.999999702 0.000145519 -2.489375114 -0.243257642 0.000057875 0.969961703 97.041435242
0.966976166 -0.001293324 0.254863441 3.632930756 0.001482263 0.999998748 -0.000549276 -2.501079559 -0.254862398 0.000908912 0.966976881 97.560913086
0.963174164 -0.001004479 0.268876374 3.799444199 0.001149872 0.999999285 -0.000383256 -2.519410133 -0.268875867 0.000678316 0.963174522 98.087127686
0.959471405 -0.001107525 0.281803876 3.969724655 0.001273434 0.999999106 -0.000405600 -2.539814711 -0.281803221 0.000748020 0.959471941 98.602645874
0.956126094 -0.001794361 0.292950094 4.147026062 0.001906267 0.999998152 -0.000096515 -2.556362152 -0.292949289 0.000650722 0.956127763 99.116279602
0.951829433 -0.001935926 0.306621850 4.335428238 0.002068705 0.999997854 -0.000108057 -2.571332455 -0.306620985 0.000737161 0.951831400 99.637908936
0.947390556 -0.002203433 0.320072055 4.533306122 0.002340036 0.999997199 -0.000042182 -2.588219166 -0.320071161 0.000788943 0.947393179 100.142379761
0.943433404 -0.002857825 0.331549734 4.733062744 0.002936642 0.999995589 0.000263269 -2.602238894 -0.331549078 0.000725266 0.943437636 100.649032593
0.938543499 -0.002284123 0.345153421 4.931581497 0.002517249 0.999996781 -0.000227239 -2.616878510 -0.345151812 0.001082111 0.938546181 101.160385132
0.933593750 -0.003429295 0.358316720 5.170745850 0.003630436 0.999993384 0.000111409 -2.636234522 -0.358314693 0.001196835 0.933600068 101.658714294
0.928840160 -0.003967632 0.370459288 5.386949539 0.004046653 0.999991775 0.000563904 -2.658785820 -0.370458454 0.000975343 0.928848505 102.143257141
0.924204409 -0.004590305 0.381870508 5.618080139 0.004688769 0.999988735 0.000672668 -2.670008421 -0.381869286 0.001168820 0.924215615 102.645629883
0.918085933 -0.004325166 0.396357864 5.851421356 0.004431996 0.999989986 0.000646311 -2.683665037 -0.396356672 0.001163288 0.918095887 103.132324219
0.912362456 -0.004794721 0.409355342 6.092269897 0.004842524 0.999987781 0.000919802 -2.695762873 -0.409354746 0.001143120 0.912374496 103.616973877
0.907325506 -0.005334385 0.420394927 6.334995270 0.005595022 0.999984264 0.000613217 -2.710018158 -0.420391530 0.001795732 0.907341003 104.090003967
0.901173651 -0.005964957 0.433417231 6.587364197 0.006131959 0.999980688 0.001012610 -2.728224039 -0.433414906 0.001745160 0.901192784 104.555625916
0.894569337 -0.006206987 0.446885794 6.852420807 0.006557876 0.999978185 0.000761660 -2.743113756 -0.446880788 0.002249264 0.894590676 105.033729553
0.888520777 -0.006935479 0.458783925 7.119060516 0.007097043 0.999973834 0.001371946 -2.762654781 -0.458781421 0.002037007 0.888546824 105.503654480
0.882874906 -0.007038242 0.469555497 7.390251160 0.007459033 0.999971688 0.000963995 -2.774288177 -0.469548970 0.002651343 0.882902384 105.949470520
0.875697911 -0.007623561 0.482799172 7.674083710 0.007869975 0.999967873 0.001515320 -2.799326420 -0.482795209 0.002472655 0.875729799 106.432022095
