1.000000000 0.000000000 0.000000000 0.000000000 0.000000000 1.000000000 0.000000000 0.000000000 0.000000000 0.000000000 1.000000000 0.000000000
1.000000000 -0.000008783 0.000107101 -0.000686559 0.000008780 1.000000000 0.000032115 0.000023986 -0.000107101 -0.000032114 1.000000000 0.000234980
1.000000000 0.000117141 0.000149370 -0.001455639 -0.000117158 1.000000000 0.000119028 0.000662538 -0.000149356 -0.000119046 1.000000000 0.002282371
1.000000000 0.000191959 -0.000008911 0.000245022 -0.000191957 0.999999940 0.000152117 -0.001035705 0.000008941 -0.000152116 1.000000000 -0.000283588
0.999999940 0.000231189 0.000127820 -0.001082233 -0.000231199 0.999999940 0.000084868 -0.000023950 -0.000127800 -0.000084897 1.000000000 0.000564702
1.000000000 0.000031232 0.000016721 -0.000501642 -0.000031233 1.000000000 0.000061871 -0.000142120 -0.000016719 -0.000061872 1.000000000 -0.000678340
1.000000000 -0.000020473 0.000129260 -0.001509053 0.000020480 1.000000000 -0.000056255 0.001136217 -0.000129259 0.000056258 1.000000000 0.002142418
1.000000000 -0.000092066 0.000147205 -0.001118412 0.000092065 1.000000000 0.000004560 0.001149506 -0.000147206 -0.000004547 1.000000000 0.003001603
1.000000000 0.000024478 0.000139261 -0.001214370 -0.000024479 1.000000000 0.000004284 0.000935343 -0.000139260 -0.000004287 1.000000000 0.002534887
1.000000000 -0.000038715 0.000180422 -0.001048634 0.000038710 1.000000000 0.000023395 0.000323082 -0.000180423 -0.000023388 1.000000000 0.000463172
1.000000000 -0.000051481 0.000227004 -0.001093911 0.000051477 1.000000000 0.000019139 0.001414562 -0.000227005 -0.000019127 1.000000000 0.002644988
1.000000000 -0.000023698 0.000090723 -0.000340597 0.000023690 1.000000000 0.000092956 -0.000115659 -0.000090725 -0.000092954 1.000000000 0.000744770
1.000000000 0.000001508 0.000157564 -0.001373742 -0.000001507 1.000000000 -0.000007523 0.001851943 -0.000157564 0.000007522 1.000000000 0.004369843
0.999999940 -0.000063385 0.000274121 -0.002374354 0.000063340 1.000000000 0.000163408 0.001131857 -0.000274132 -0.000163390 0.999999940 0.004025547
1.000000000 -0.000058073 0.000154362 -0.001687208 0.000058064 1.000000000 0.000059680 0.001149429 -0.000154365 -0.000059671 1.000000000 0.003417694
1.000000000 0.000079173 0.000095424 -0.001155453 -0.000079185 1.000000000 0.000126381 -0.000186165 -0.000095414 -0.000126389 1.000000000 0.001424146
1.000000000 -0.000075870 0.000135524 -0.001794330 0.000075862 1.000000000 0.000061971 0.000645714 -0.000135529 -0.000061961 1.000000000 0.003060339
0.999999940 0.000107925 0.000336242 -0.002649738 -0.000107936 1.000000000 0.000032887 0.001332254 -0.000336239 -0.000032923 0.999999940 0.004441962
0.999999940 0.000119816 0.000268250 -0.002984998 -0.000119845 1.000000000 0.000107895 0.000414327 -0.000268237 -0.000107927 0.999999940 0.003019438
0.999999940 0.000168845 0.000185311 -0.002057189 -0.000168870 1.000000000 0.000131480 0.000589949 -0.000185289 -0.000131511 1.000000000 0.003469657
0.999999881 0.000377336 0.000329176 -0.002559249 -0.000377425 0.999999881 0.000270010 -0.000870816 -0.000329074 -0.000270135 0.999999881 0.001218612
0.999999821 0.000433495 0.000333720 -0.002922300 -0.000433540 0.999999881 0.000135124 -0.000126197 -0.000333662 -0.000135268 0.999999940 0.001508427
0.999999940 0.000088456 0.000235196 -0.002433202 -0.000088483 1.000000000 0.000111950 0.000492235 -0.000235186 -0.000111971 0.999999940 0.002591448
0.999999940 0.000177160 0.000319512 -0.001837864 -0.000177211 1.000000000 0.000159896 -0.000413201 -0.000319484 -0.000159953 0.999999940 0.001916397
0.999999940 0.000058816 0.000311956 -0.002484145 -0.000058827 1.000000000 0.000033245 0.000694019 -0.000311954 -0.000033263 0.999999940 0.000901456
1.000000000 0.000018765 0.000205402 -0.001125515 -0.000018771 1.000000000 0.000027678 0.001239527 -0.000205402 -0.000027682 1.000000000 0.002283799
0.999999940 -0.000016724 0.000252563 -0.002064040 0.000016710 1.000000000 0.000053992 0.000787576 -0.000252564 -0.000053987 0.999999940 0.002289505
1.000000000 0.000042318 0.000224801 -0.000632639 -0.000042334 1.000000000 0.000071855 0.000275778 -0.000224798 -0.000071865 1.000000000 0.000525829
0.999999881 0.000299717 0.000382571 -0.003977147 -0.000299686 0.999999940 -0.000081385 0.002412938 -0.000382595 0.000081270 0.999999940 0.004036901
0.999999940 0.000057140 0.000271670 -0.003509571 -0.000057142 1.000000000 0.000007446 0.002330907 -0.000271670 -0.000007462 0.999999940 0.004920844
0.999999940 0.000128402 0.000338892 -0.002960788 -0.000128432 1.000000000 0.000089913 0.001051937 -0.000338880 -0.000089957 0.999999940 0.003279723
0.999999940 -0.000050912 0.000247874 -0.001756154 0.000050891 1.000000000 0.000083918 0.000584331 -0.000247879 -0.000083905 0.999999940 0.001397775
0.999999940 0.000072238 0.000294686 -0.003265303 -0.000072225 1.000000000 -0.000043231 0.002191857 -0.000294689 0.000043210 0.999999940 0.004106378
0.999999881 0.000155933 0.000419505 -0.002732114 -0.000155913 1.000000000 -0.000049629 0.001805212 -0.000419513 0.000049563 0.999999940 0.003284443
0.999999940 0.000163975 0.000247719 -0.000885468 -0.000163998 1.000000000 0.000094470 0.000038351 -0.000247704 -0.000094511 0.999999940 0.000356792
0.999999940 0.000149160 0.000335066 -0.002737707 -0.000149140 1.000000000 -0.000061086 0.003216429 -0.000335075 0.000061036 0.999999940 0.005502515
0.999999940 0.000155762 0.000302985 -0.003312276 -0.000155732 1.000000000 -0.000101585 0.004624083 -0.000303001 0.000101537 0.999999940 0.007276853
0.999999940 -0.000113096 0.000254448 -0.001157772 0.000113078 1.000000000 0.000069702 0.001224576 -0.000254455 -0.000069673 0.999999940 0.002858228
0.999999940 0.000217266 0.000314081 -0.002160447 -0.000217308 0.999999940 0.000133845 0.001004971 -0.000314052 -0.000133913 0.999999940 0.002929108
0.999999940 -0.000082314 0.000248486 -0.001761770 0.000082303 1.000000000 0.000045131 0.001617967 -0.000248490 -0.000045111 0.999999940 0.003271024
0.999999881 0.000036420 0.000456009 -0.002936209 -0.000036414 1.000000000 -0.000012608 0.001674781 -0.000456010 0.000012592 0.999999881 0.004936409
0.999999940 -0.000259028 0.000229613 0.000244594 0.000259198 0.999999702 -0.000739133 0.000637811 -0.000229422 0.000739193 0.999999702 0.055232525
0.999999940 0.000206241 0.000343986 -0.001271220 -0.000205858 0.999999344 -0.001114459 -0.005601051 -0.000344215 0.001114388 0.999999344 0.133623898
1.000000000 0.000051376 0.000096174 0.003102207 -0.000051209 0.999998510 -0.001738399 -0.002502085 -0.000096263 0.001738394 0.999998510 0.256487221
1.000000000 0.000112783 0.000120033 0.004703173 -0.000112638 0.999999285 -0.001206325 -0.011657198 -0.000120169 0.001206312 0.999999285 0.386819422
1.000000000 0.000126121 0.000168586 0.008542108 -0.000125964 0.999999583 -0.000932280 -0.017398588 -0.000168704 0.000932259 0.999999523 0.525299668
0.999999940 0.000290599 0.000123924 0.013047772 -0.000290493 0.999999583 -0.000854756 -0.025230872 -0.000124172 0.000854720 0.999999642 0.669498563
0.999999762 0.000497539 0.000446014 0.015690671 -0.000497129 0.999999464 -0.000918612 -0.024152854 -0.000446471 0.000918390 0.999999464 0.842099190
1.000000000 0.000187790 0.000090059 0.018284868 -0.000187732 0.999999762 -0.000641290 -0.027479678 -0.000090180 0.000641273 0.999999762 1.016868472
1.000000000 -0.000033708 -0.000022010 0.022248803 0.000033700 0.999999940 -0.000348091 -0.034132127 0.000022022 0.000348090 0.999999940 1.191878676
0.999999940 0.000220473 0.000326724 0.018038059 -0.000220277 0.999999821 -0.000600715 -0.035061542 -0.000326856 0.000600643 0.999999762 1.372233272
1.000000000 -0.000214132 -0.000035754 0.036646646 0.000214136 0.999999940 0.000131663 -0.051949054 0.000035725 -0.000131670 1.000000000 1.566266656
0.999999940 0.000252737 0.000288314 0.037837315 -0.000252714 0.999999940 -0.000081651 -0.052493803 -0.000288335 0.000081578 0.999999940 1.762137651
1.000000000 0.000216395 -0.000101405 0.039592300 -0.000216433 0.999999881 -0.000373676 -0.052867439 0.000101324 0.000373698 0.999999940 1.958276749
0.999999821 0.000510748 0.000333920 0.039984457 -0.000510794 0.999999881 0.000139378 -0.067673355 -0.000333849 -0.000139549 0.999999940 2.163632154
0.999997854 0.000039616 -0.002036727 0.098625138 -0.000042831 0.999998689 -0.001578519 -0.061107434 0.002036662 0.001578603 0.999996662 2.400501490
0.999997497 0.000347282 -0.002198226 0.109828547 -0.000350039 0.999999166 -0.001253715 -0.071626924 0.002197789 0.001254481 0.999996781 2.613350391
0.999997377 0.000444591 -0.002211321 0.112899467 -0.000447089 0.999999285 -0.001129338 -0.081253320 0.002210817 0.001130324 0.999996901 2.846209288
0.999996841 0.000323351 -0.002502478 0.119282790 -0.000325573 0.999999642 -0.000887606 -0.088172816 0.002502190 0.000888418 0.999996543 3.082376003
0.999997020 0.000148295 -0.002414630 0.120770968 -0.000151345 0.999999166 -0.001262877 -0.090995245 0.002414440 0.001263239 0.999996305 3.323006630
0.999997675 0.000387502 -0.002090905 0.125227764 -0.000389124 0.999999642 -0.000775075 -0.103663743 0.002090604 0.000775887 0.999997556 3.565599203
0.999996662 -0.000006346 -0.002590173 0.137041405 0.000003052 0.999999166 -0.001271674 -0.103558399 0.002590179 0.001271662 0.999995828 3.828440189
0.999997437 0.000121316 -0.002257286 0.138658345 -0.000124614 0.999998927 -0.001461147 -0.108868927 0.002257106 0.001461424 0.999996424 4.098728657
0.999997318 0.000031697 -0.002322494 0.143967450 -0.000033354 0.999999702 -0.000713112 -0.122325316 0.002322471 0.000713188 0.999997079 4.342802525
0.999997854 -0.000034240 -0.002082045 0.144239873 0.000032488 0.999999583 -0.000841090 -0.127624109 0.002082073 0.000841021 0.999997437 4.599396706
0.999996841 0.000388700 -0.002536002 0.160564587 -0.000391482 0.999999344 -0.001096450 -0.131435454 0.002535574 0.001097439 0.999996185 4.855891228
0.999996245 0.000291708 -0.002743843 0.164837748 -0.000294486 0.999999523 -0.001012035 -0.137748793 0.002743546 0.001012839 0.999995768 5.119044781
0.999996781 0.000269653 -0.002521658 0.167681456 -0.000272976 0.999999106 -0.001317639 -0.144784197 0.002521300 0.001318323 0.999995947 5.378719330
0.999996603 0.000244120 -0.002596272 0.177681729 -0.000246745 0.999999464 -0.001010937 -0.156911716 0.002596024 0.001011574 0.999996126 5.661460876
0.999996185 0.000352396 -0.002744961 0.182453364 -0.000355231 0.999999404 -0.001032520 -0.166527167 0.002744595 0.001033491 0.999995649 5.925743580
0.999995887 -0.000072004 -0.002876154 0.191247135 0.000069375 0.999999583 -0.000914343 -0.174450472 0.002876218 0.000914139 0.999995470 6.211538315
0.999996185 0.000535657 -0.002702775 0.190786570 -0.000537849 0.999999464 -0.000810480 -0.186984256 0.002702340 0.000811931 0.999996066 6.491017342
0.999995351 0.000143469 -0.003053454 0.205111906 -0.000145313 0.999999762 -0.000603646 -0.201723605 0.003053366 0.000604087 0.999995172 6.773560524
0.999995053 0.000341337 -0.003153301 0.209813952 -0.000343947 0.999999642 -0.000827114 -0.208122030 0.003153018 0.000828194 0.999994755 7.075742722
0.999995232 0.000408102 -0.003055628 0.217459157 -0.000409900 0.999999702 -0.000587630 -0.220007271 0.003055388 0.000588880 0.999995172 7.367324829
0.999995410 -0.000122213 -0.003032852 0.223039955 0.000119246 0.999999523 -0.000978487 -0.223440900 0.003032970 0.000978121 0.999994874 7.684939384
0.999995649 0.000073990 -0.002990957 0.230791986 -0.000074536 1.000000000 -0.000182229 -0.244405389 0.002990945 0.000182451 0.999995470 7.973999500
0.999995291 0.000367627 -0.003045596 0.235321462 -0.000368331 0.999999940 -0.000230501 -0.247315630 0.003045512 0.000231621 0.999995291 8.302270889
0.999996424 0.000513262 -0.002620429 0.235198766 -0.000514661 0.999999762 -0.000533135 -0.257996440 0.002620155 0.000534482 0.999996424 8.628506660
0.999997854 0.000581040 -0.001964830 0.233659878 -0.000581283 0.999999821 -0.000123102 -0.270126641 0.001964759 0.000124244 0.999998093 8.967206001
0.999996722 0.000805695 -0.002414278 0.247737527 -0.000806174 0.999999642 -0.000197332 -0.279760033 0.002414118 0.000199278 0.999997079 9.308427811
0.999995351 0.000503118 -0.002992599 0.260099828 -0.000501910 0.999999821 0.000404205 -0.302043259 0.002992801 -0.000402701 0.999995470 9.645643234
0.999994874 0.000100042 -0.003212799 0.269692093 -0.000098970 0.999999940 0.000333625 -0.310374141 0.003212833 -0.000333305 0.999994755 9.990572929
0.999995351 0.000336688 -0.003015338 0.274305165 -0.000336330 0.999999940 0.000119480 -0.320157707 0.003015378 -0.000118466 0.999995470 10.346767426
0.999996066 0.000198785 -0.002780469 0.272847176 -0.000197189 0.999999821 0.000574488 -0.335549533 0.002780583 -0.000573938 0.999995887 10.711944580
0.999996126 -0.000120164 -0.002783362 0.280679911 0.000120598 0.999999940 0.000155730 -0.341458410 0.002783343 -0.000156065 0.999996126 11.085619926
0.999997318 -0.000079952 -0.002299395 0.282606810 0.000080183 1.000000000 0.000100322 -0.351683587 0.002299387 -0.000100506 0.999997318 11.460989952
0.999994934 -0.000151521 -0.003162269 0.299950540 0.000153836 0.999999702 0.000731656 -0.368368864 0.003162158 -0.000732139 0.999994695 11.833965302
0.999995410 0.000109496 -0.003026431 0.307072341 -0.000107828 0.999999821 0.000551295 -0.381497443 0.003026491 -0.000550966 0.999995232 12.215338707
0.999995947 0.000086319 -0.002852071 0.316137373 -0.000085557 0.999999881 0.000267264 -0.388391793 0.002852094 -0.000267019 0.999995887 12.603456497
0.999996185 0.000573151 -0.002675283 0.321129143 -0.000571565 0.999999642 0.000593801 -0.400872558 0.002675622 -0.000592270 0.999996245 13.000278473
0.999995649 0.000501596 -0.002896232 0.330799788 -0.000499700 0.999999642 0.000655242 -0.413237184 0.002896559 -0.000653792 0.999995589 13.402537346
0.999997020 0.000346607 -0.002399769 0.334655106 -0.000345032 0.999999702 0.000656552 -0.420091897 0.002399995 -0.000655722 0.999996901 13.822599411
0.999997258 0.000653583 -0.002249463 0.340253800 -0.000652329 0.999999583 0.000558120 -0.431668818 0.002249827 -0.000556651 0.999997318 14.232332230
0.999997735 0.000595864 -0.002060929 0.352452815 -0.000594403 0.999999583 0.000709604 -0.445155293 0.002061351 -0.000708377 0.999997616 14.650765419
0.999997675 0.000591492 -0.002085628 0.359439105 -0.000589687 0.999999464 0.000865964 -0.458617568 0.002086138 -0.000864732 0.999997437 15.080127716
0.999997675 0.000041231 -0.002167425 0.375022709 -0.000039387 0.999999642 0.000850554 -0.474476248 0.002167460 -0.000850467 0.999997318 15.518538475
0.999997973 0.000015392 -0.002001819 0.383936048 -0.000013881 0.999999702 0.000755327 -0.487857878 0.002001831 -0.000755297 0.999997675 15.953666687
0.999998271 0.000158846 -0.001862861 0.393764079 -0.000156932 0.999999464 0.001027685 -0.500101447 0.001863024 -0.001027391 0.999997735 16.397043228
0.999998927 0.000218349 -0.001438969 0.399433732 -0.000217359 0.999999762 0.000687896 -0.513877213 0.001439119 -0.000687582 0.999998748 16.842542648
0.999999225 0.000078967 -0.001222788 0.407411665 -0.000077610 0.999999404 0.001110082 -0.526826799 0.001222875 -0.001109986 0.999998629 17.297233582
0.999999583 0.000193233 -0.000925163 0.415471375 -0.000192208 0.999999285 0.001108060 -0.537385285 0.000925377 -0.001107882 0.999998987 17.762756348
0.999999940 0.000417714 -0.000217265 0.420876116 -0.000417533 0.999999523 0.000833531 -0.547845483 0.000217613 -0.000833441 0.999999642 18.231452942
0.999999523 -0.000053231 -0.000929828 0.443587333 0.000054234 0.999999404 0.001079000 -0.559260368 0.000929769 -0.001079050 0.999998987 18.692253113
0.999999642 0.000491043 -0.000578862 0.450054586 -0.000490473 0.999999344 0.000985834 -0.567971587 0.000579344 -0.000985550 0.999999344 19.174022675
0.999999940 0.000083310 -0.000435068 0.463071555 -0.000083183 0.999999881 0.000291604 -0.570439339 0.000435093 -0.000291568 0.999999821 19.658868790
0.999999106 -0.000038859 -0.001291861 0.483847529 0.000040708 0.999998927 0.001432006 -0.608772457 0.001291804 -0.001432057 0.999998152 20.139020920
0.999998748 0.000574042 -0.001421922 0.493481576 -0.000572513 0.999999225 0.001075526 -0.620320499 0.001422538 -0.001074711 0.999998510 20.632160187
0.999997854 0.000754753 -0.001935683 0.502842486 -0.000752865 0.999999225 0.000975725 -0.626893759 0.001936419 -0.000974265 0.999997675 21.144870758
0.999998987 0.000606224 -0.001291913 0.497775018 -0.000605880 0.999999762 0.000266506 -0.626716316 0.001292074 -0.000265723 0.999999166 21.657775879
0.999997795 0.000165534 -0.002069255 0.500290215 -0.000160886 0.999997437 0.002245861 -0.677198052 0.002069621 -0.002245524 0.999995351 22.146884918
0.999997497 0.000186164 -0.002231008 0.509751916 -0.000179877 0.999995947 0.002818031 -0.694464684 0.002231523 -0.002817622 0.999993622 22.665740967
0.999997139 0.000752567 -0.002243914 0.498714626 -0.000747947 0.999997616 0.002059195 -0.699304402 0.002245457 -0.002057511 0.999995351 23.181583405
0.999995172 0.000476043 -0.003041719 0.508061290 -0.000470985 0.999998510 0.001663335 -0.712711275 0.003042506 -0.001661894 0.999993980 23.706165314
0.999994814 -0.000493777 -0.003173321 0.502739072 0.000497416 0.999999225 0.001146175 -0.720155835 0.003172753 -0.001147747 0.999994338 24.225669861
0.999993205 -0.000032525 -0.003682178 0.508922219 0.000039120 0.999998450 0.001791184 -0.733892381 0.003682114 -0.001791315 0.999991715 24.762098312
0.999990344 0.001148997 -0.004246383 0.505902588 -0.001142377 0.999998093 0.001561239 -0.742522776 0.004248169 -0.001556373 0.999989748 25.291593552
0.999988675 0.001236137 -0.004596035 0.512933373 -0.001228914 0.999997973 0.001574059 -0.756741643 0.004597971 -0.001568393 0.999988198 25.834650040
0.999989212 0.000931762 -0.004550079 0.496461064 -0.000926997 0.999999046 0.001049503 -0.755685568 0.004551053 -0.001045274 0.999989033 26.377614975
0.999983668 0.000581645 -0.005679347 0.507707834 -0.000572715 0.999998569 0.001573843 -0.771992564 0.005680253 -0.001570565 0.999982655 26.924787521
0.999988914 0.000350576 -0.004700352 0.512586355 -0.000342517 0.999998510 0.001715223 -0.788397789 0.004700945 -0.001713594 0.999987543 27.468784332
0.999984622 0.000687876 -0.005506305 0.504866004 -0.000679731 0.999998689 0.001480955 -0.797598004 0.005507317 -0.001477189 0.999983668 28.031688690
0.999983966 0.001278833 -0.005530493 0.506594181 -0.001268906 0.999997497 0.001798110 -0.811278820 0.005532780 -0.001791063 0.999983013 28.577775955
0.999983668 0.001183689 -0.005590488 0.518345356 -0.001173783 0.999997735 0.001775048 -0.825318873 0.005592577 -0.001768457 0.999982715 29.111484528
0.999980807 0.000736821 -0.006152530 0.510962725 -0.000725606 0.999998093 0.001825058 -0.841803491 0.006153863 -0.001820559 0.999979436 29.680604935
0.999978065 0.000849553 -0.006561057 0.513025463 -0.000837652 0.999997973 0.001816390 -0.851473570 0.006562586 -0.001810855 0.999976814 30.229598999
0.999976099 0.001352604 -0.006781189 0.524631798 -0.001339592 0.999997258 0.001923098 -0.871454656 0.006783771 -0.001913969 0.999975145 30.778814316
0.999975801 0.000971799 -0.006886275 0.522393107 -0.000959711 0.999997973 0.001758376 -0.880618215 0.006887970 -0.001751725 0.999974728 31.335798264
0.999971628 0.000782077 -0.007489830 0.531010628 -0.000768095 0.999997973 0.001869605 -0.893002987 0.007491277 -0.001863799 0.999970198 31.883829117
0.999970198 0.000860996 -0.007669629 0.542024136 -0.000845670 0.999997675 0.002001235 -0.910267770 0.007671334 -0.001994689 0.999968529 32.435276031
0.999971807 0.000970277 -0.007446242 0.529577434 -0.000957870 0.999998093 0.001669476 -0.912973046 0.007447849 -0.001662296 0.999970853 32.976890564
0.999971151 0.000604087 -0.007573429 0.537842810 -0.000592495 0.999998629 0.001532742 -0.930021763 0.007574345 -0.001528211 0.999970078 33.518985748
0.999976456 0.001616596 -0.006666046 0.512510657 -0.001608188 0.999997854 0.001266499 -0.926327050 0.006668080 -0.001255749 0.999976993 34.095138550
0.999976158 0.001413654 -0.006751091 0.517771661 -0.001404101 0.999998033 0.001419486 -0.944302380 0.006753084 -0.001409973 0.999976218 34.637401581
0.999976158 0.001515361 -0.006738452 0.513131261 -0.001507410 0.999998152 0.001184807 -0.950638652 0.006740235 -0.001174621 0.999976516 35.187828064
0.999977708 0.001701774 -0.006461938 0.513051510 -0.001696545 0.999998152 0.000814481 -0.962055922 0.006463313 -0.000803499 0.999978781 35.738815308
0.999982834 0.002284017 -0.005391721 0.518401265 -0.002276967 0.999996543 0.001313305 -0.979532897 0.005394703 -0.001301006 0.999984562 36.275081635
0.999975026 0.001880824 -0.006813065 0.513167143 -0.001873999 0.999997735 0.001008136 -0.993408680 0.006814945 -0.000995343 0.999976277 36.849094391
0.999979258 0.001865608 -0.006155261 0.517146945 -0.001861495 0.999998033 0.000673847 -1.004741907 0.006156505 -0.000662375 0.999980867 37.396785736
0.999974847 0.002410309 -0.006663043 0.513286948 -0.002404161 0.999996781 0.000930446 -1.021247983 0.006665263 -0.000914403 0.999977350 37.956428528
0.999974251 0.001589281 -0.006992031 0.520903468 -0.001588051 0.999998689 0.000181449 -1.031569362 0.006992310 -0.000170341 0.999975502 38.504909515
0.999977410 0.001818447 -0.006478139 0.523209691 -0.001815275 0.999998271 0.000495415 -1.049729228 0.006479029 -0.000483644 0.999978840 39.058788300
0.999977112 0.002258592 -0.006378571 0.509578824 -0.002253815 0.999997139 0.000755828 -1.057288289 0.006380260 -0.000741434 0.999979377 39.633907318
0.999976397 0.002389787 -0.006441449 0.521755099 -0.002384404 0.999996841 0.000843166 -1.074331999 0.006443444 -0.000827787 0.999978900 40.181297302
0.999978364 0.002341552 -0.006144470 0.524797201 -0.002336985 0.999996960 0.000750413 -1.086693287 0.006146207 -0.000736037 0.999980867 40.742031097
0.999978900 0.001626111 -0.006291320 0.507582605 -0.001625214 0.999998689 0.000147533 -1.083042383 0.006291552 -0.000137305 0.999980152 41.310886383
0.999978304 0.001974305 -0.006292981 0.518215179 -0.001972529 0.999998093 0.000288436 -1.096994042 0.006293537 -0.000276016 0.999980152 41.860168457
0.999977410 0.001822995 -0.006477436 0.536112607 -0.001821639 0.999998331 0.000215029 -1.113895178 0.006477817 -0.000203225 0.999979019 42.409191132
0.999975979 0.002406029 -0.006499796 0.512998939 -0.002401440 0.999996841 0.000713857 -1.129580140 0.006501494 -0.000698231 0.999978602 42.979743958
0.999976516 0.001816203 -0.006605753 0.523912370 -0.001808831 0.999997735 0.001121768 -1.146766901 0.006607776 -0.001109793 0.999977589 43.517868042
0.999976277 0.002398635 -0.006452682 0.534010053 -0.002391915 0.999996603 0.001048969 -1.161503434 0.006455177 -0.001033510 0.999978602 44.073677063
0.999981403 0.002171307 -0.005715256 0.502928555 -0.002167205 0.999997377 0.000723976 -1.163465619 0.005716813 -0.000711576 0.999983430 44.647655487
0.999981582 0.002412922 -0.005557766 0.510630071 -0.002414990 0.999997020 -0.000365394 -1.168941498 0.005556867 0.000378809 0.999984503 45.199649811
0.999984086 0.002827046 -0.004885887 0.515449882 -0.002829872 0.999995828 -0.000571649 -1.175279021 0.004884251 0.000585466 0.999987900 45.744964600
0.999986887 0.001830380 -0.004774435 0.489014536 -0.001830596 0.999998271 -0.000040762 -1.187621593 0.004774352 0.000049501 0.999988616 46.330249786
0.999986470 0.001578548 -0.004958899 0.500846982 -0.001580037 0.999998748 -0.000296537 -1.204176664 0.004958425 0.000304369 0.999987662 46.873985291
0.999983668 0.002282349 -0.005242578 0.520126104 -0.002282579 0.999997377 -0.000037866 -1.223952293 0.005242478 0.000049832 0.999986291 47.410823822
0.999994814 0.000838823 -0.003102988 0.437391758 -0.000844193 0.999998093 -0.001729608 -1.186579347 0.003101531 0.001732218 0.999993622 48.009140015
0.999994814 0.001481077 -0.002857129 0.441247672 -0.001485924 0.999997497 -0.001695127 -1.200321674 0.002854611 0.001699364 0.999994457 48.562976837
0.999994993 0.000928757 -0.003020835 0.459412813 -0.000934104 0.999998033 -0.001768931 -1.216072202 0.003019186 0.001771744 0.999993861 49.104568481
0.999997377 0.000952972 -0.002067086 0.416841477 -0.000958787 0.999995589 -0.002814037 -1.207343102 0.002064395 0.002816012 0.999993920 49.686786652
0.999997616 0.000518458 -0.002139100 0.432732761 -0.000525479 0.999994516 -0.003283056 -1.219631433 0.002137386 0.003284172 0.999992311 50.234188080
0.999998331 0.000672199 -0.001660547 0.442444265 -0.000676518 0.999996483 -0.002601218 -1.243223429 0.001658792 0.002602337 0.999995291 50.779693604
0.999998212 0.001553607 -0.001097058 0.447892696 -0.001557618 0.999992073 -0.003664589 -1.247331142 0.001091356 0.003666291 0.999992669 51.322334290
0.999996066 0.000791708 -0.002686756 0.488341630 -0.000799142 0.999995768 -0.002767290 -1.291797638 0.002684554 0.002769426 0.999992549 51.926567078
0.999996185 0.000702317 -0.002648470 0.496063411 -0.000710641 0.999994814 -0.003143500 -1.306307197 0.002646248 0.003145370 0.999991536 52.471485138
0.999996901 0.000524945 -0.002441708 0.507995784 -0.000533164 0.999994159 -0.003366774 -1.325544000 0.002439926 0.003368065 0.999991298 53.009559631
0.999996305 0.001407013 -0.002320464 0.506684661 -0.001412068 0.999996603 -0.002177928 -1.344045281 0.002317392 0.002181197 0.999994934 53.542762756
0.999995768 0.001851394 -0.002215636 0.509190321 -0.001856719 0.999995351 -0.002403219 -1.360361934 0.002211176 0.002407323 0.999994636 54.087379456
0.999995947 0.002466072 -0.001406471 0.514329970 -0.002469864 0.999993324 -0.002701652 -1.376571417 0.001399799 0.002705115 0.999995351 54.637325287
0.999995291 0.002278146 -0.002039698 0.528052747 -0.002282817 0.999994755 -0.002291748 -1.393643379 0.002034466 0.002296394 0.999995291 55.172992706
0.999995470 0.002452017 -0.001755406 0.531988144 -0.002456439 0.999993801 -0.002521091 -1.408581138 0.001749213 0.002525392 0.999995291 55.730510712
0.999995232 0.002604536 -0.001616078 0.540932417 -0.002608507 0.999993503 -0.002459640 -1.426540732 0.001609660 0.002463844 0.999995649 56.262054443
0.999995172 0.002392802 -0.001989511 0.548537552 -0.002397819 0.999993861 -0.002523593 -1.442052245 0.001983461 0.002528351 0.999994814 56.802257538
0.999996483 0.002311424 -0.001305167 0.561823845 -0.002314475 0.999994576 -0.002341903 -1.461921692 0.001299747 0.002344915 0.999996424 57.350776672
0.999995291 0.002636310 -0.001581508 0.577656507 -0.002640116 0.999993622 -0.002409876 -1.477376103 0.001575145 0.002414040 0.999995768 57.899822235
0.999993324 0.003412134 -0.001317613 0.580342174 -0.003415554 0.999990761 -0.002602338 -1.495022058 0.001308721 0.002606821 0.999995708 58.454917908
0.999995172 0.002829594 -0.001264668 0.596690357 -0.002832572 0.999993145 -0.002360293 -1.512811065 0.001257981 0.002363864 0.999996364 58.981407166
0.999995112 0.002758924 -0.001476501 0.600728929 -0.002763652 0.999991000 -0.003210195 -1.514935136 0.001467631 0.003214260 0.999993682 59.529350281
0.999996364 0.002531557 -0.001038389 0.609836876 -0.002534964 0.999991417 -0.003292658 -1.532614231 0.001030045 0.003295278 0.999993980 60.074569702
0.999996245 0.002657790 -0.000651283 0.616286218 -0.002660230 0.999989331 -0.003772832 -1.542721033 0.000641249 0.003774550 0.999992609 60.628196716
0.999992967 0.003388508 -0.001611793 0.630838335 -0.003394264 0.999987781 -0.003583187 -1.563497066 0.001599632 0.003588632 0.999992311 61.155471802
0.999993086 0.003566332 -0.001046576 0.639552653 -0.003569833 0.999987960 -0.003362273 -1.583800077 0.001034572 0.003365986 0.999993861 61.708522797
0.999993503 0.003464814 -0.000966206 0.648023129 -0.003468399 0.999987006 -0.003733005 -1.591298699 0.000953259 0.003736332 0.999992609 62.263668060
0.999992490 0.003526754 -0.001596416 0.666763425 -0.003532591 0.999986947 -0.003669370 -1.613040090 0.001583453 0.003674981 0.999992013 62.785255432
0.999992728 0.003585019 -0.001327174 0.676481426 -0.003590087 0.999986172 -0.003836105 -1.632974148 0.001313403 0.003840841 0.999991775 63.329887390
0.999991059 0.004222334 -0.000362724 0.675206900 -0.004223493 0.999985754 -0.003254483 -1.652938128 0.000348977 0.003255985 0.999994755 63.875270844
0.999990702 0.004031898 -0.001536432 0.696641564 -0.004037400 0.999985397 -0.003593937 -1.666387439 0.001521919 0.003600107 0.999992371 64.410751343
0.999991238 0.004155351 -0.000562909 0.694500923 -0.004157492 0.999983966 -0.003853537 -1.682024717 0.000546887 0.003855844 0.999992430 64.959335327
0.999991238 0.004075489 -0.000990230 0.711319864 -0.004078877 0.999985754 -0.003442486 -1.695138812 0.000976186 0.003446494 0.999993563 65.484939575
0.999990702 0.003931113 -0.001784504 0.736642361 -0.003938399 0.999983847 -0.004098328 -1.709744573 0.001768363 0.004105318 0.999989986 66.045410156
0.999990761 0.004048844 -0.001416501 0.747700751 -0.004054656 0.999983251 -0.004125224 -1.726111531 0.001399775 0.004130930 0.999990463 66.600997925
0.999991536 0.003919858 -0.001297183 0.755564153 -0.003926158 0.999980390 -0.004890955 -1.734162092 0.001277985 0.004896007 0.999987185 67.156089783
0.999990106 0.004242484 -0.001438623 0.756683111 -0.004248286 0.999982774 -0.004054820 -1.762380242 0.001421396 0.004060891 0.999990761 67.676002502
0.999990225 0.004322962 -0.000953335 0.761653483 -0.004327013 0.999981403 -0.004288770 -1.777012944 0.000934778 0.004292853 0.999990344 68.225212097
0.999986470 0.005136894 -0.000861489 0.770214081 -0.005140490 0.999977887 -0.004226618 -1.798599243 0.000839759 0.004230989 0.999990702 68.768920898
0.999987960 0.004788836 -0.001046102 0.776959240 -0.004793016 0.999980390 -0.004030398 -1.814572453 0.001026780 0.004035363 0.999991357 69.290542603
0.999989688 0.004479144 -0.000710540 0.781732023 -0.004482176 0.999980569 -0.004323784 -1.825224400 0.000691158 0.004326925 0.999990463 69.847221375
0.999987006 0.005006973 -0.000983623 0.795965433 -0.005010952 0.999979079 -0.004084033 -1.845353365 0.000963153 0.004088909 0.999991179 70.359687805
0.999988973 0.004663857 -0.000537511 0.799404204 -0.004666244 0.999978840 -0.004529558 -1.854305029 0.000516375 0.004532016 0.999989569 70.919349670
0.999985993 0.005248778 -0.000638181 0.803027689 -0.005251403 0.999977589 -0.004182639 -1.876548648 0.000616213 0.004185932 0.999991059 71.445335388
0.999984980 0.005416646 -0.000745208 0.818126917 -0.005419770 0.999976277 -0.004257250 -1.893584847 0.000722130 0.004261225 0.999990702 71.981559753
0.999987662 0.004958095 -0.000317402 0.816059351 -0.004959236 0.999980867 -0.003698489 -1.919559717 0.000299058 0.003700018 0.999993086 72.522010803
0.999984443 0.005571089 -0.000213107 0.826214254 -0.005571870 0.999976993 -0.003855771 -1.938805699 0.000191621 0.003856898 0.999992549 73.070602417
0.999987125 0.005058235 -0.000237855 0.836442053 -0.005059131 0.999979436 -0.003937127 -1.953456879 0.000217936 0.003938280 0.999992192 73.611747742
0.999987900 0.004930594 -0.000098120 0.841318786 -0.004930961 0.999979079 -0.004189615 -1.966388941 0.000077460 0.004190048 0.999991238 74.162300110
0.999986589 0.005155296 -0.000312917 0.856123090 -0.005156427 0.999979734 -0.003726994 -1.989971876 0.000293697 0.003728558 0.999992967 74.679862976
0.999987960 0.004895201 -0.000396423 0.870093048 -0.004896635 0.999981105 -0.003702589 -2.004051447 0.000378291 0.003704485 0.999993086 75.217712402
0.999990523 0.004360253 -0.000131030 0.879150808 -0.004360690 0.999984205 -0.003549536 -2.022530556 0.000115551 0.003550073 0.999993742 75.762168884
0.999988556 0.004779486 -0.000254859 0.889112175 -0.004780463 0.999980628 -0.003976270 -2.037760258 0.000235849 0.003977443 0.999992013 76.295188904
0.999987721 0.004902372 -0.000828344 0.903339982 -0.004905633 0.999979973 -0.003981668 -2.055015564 0.000808808 0.003985682 0.999991715 76.836769104
0.999988914 0.004719320 0.000152381 0.912384748 -0.004718679 0.999980986 -0.003972100 -2.076887846 -0.000171124 0.003971337 0.999992132 77.379264832
0.999989212 0.004615242 -0.000500566 0.915023983 -0.004617196 0.999981463 -0.003976057 -2.087047815 0.000482206 0.003978326 0.999991953 77.919052124
0.999988794 0.004737975 -0.000309869 0.926335335 -0.004739062 0.999982297 -0.003611700 -2.108908892 0.000292751 0.003613128 0.999993443 78.456153870
0.999986053 0.005267730 0.000198931 0.930742383 -0.005266839 0.999977112 -0.004246861 -2.122251511 -0.000221298 0.004245755 0.999991000 79.015014648
0.999988019 0.004879639 0.000361967 0.936415374 -0.004878142 0.999979913 -0.004028358 -2.140835762 -0.000381617 0.004026544 0.999991834 79.548316956
0.999986053 0.005215543 0.000879871 0.942395866 -0.005211490 0.999976099 -0.004546461 -2.154131413 -0.000903563 0.004541812 0.999989271 80.101181030
0.999984324 0.005588835 0.000247430 0.957353652 -0.005587736 0.999975324 -0.004237059 -2.174502611 -0.000271104 0.004235610 0.999990940 80.636489868
0.999982357 0.005695944 0.001672850 0.963907480 -0.005688734 0.999974668 -0.004282706 -2.187412500 -0.001697200 0.004273115 0.999989390 81.184570312
0.999969900 0.006897399 0.003551125 0.968479931 -0.006882227 0.999967158 -0.004267081 -2.206379652 -0.003580440 0.004242513 0.999984562 81.731185913
0.999975502 0.005734566 0.004006581 0.996869206 -0.005716964 0.999974012 -0.004391278 -2.226437807 -0.004031659 0.004368265 0.999982297 82.284179688
0.999969900 0.005740369 0.005208644 1.013735414 -0.005719153 0.999975264 -0.004079035 -2.247685432 -0.005231930 0.004049124 0.999978065 82.821075439
0.999944270 0.006127725 0.008595716 1.034265995 -0.006091075 0.999972224 -0.004283313 -2.262368679 -0.008621725 0.004230717 0.999953866 83.372497559
0.999904573 0.005945330 0.012467138 1.054652095 -0.005899474 0.999975681 -0.003711694 -2.286196709 -0.012488903 0.003637790 0.999915421 83.897308350
0.999857485 0.005597949 0.015924357 1.071547866 -0.005538739 0.999977589 -0.003759926 -2.308046103 -0.015945053 0.003671190 0.999866128 84.478179932
0.999765754 0.005123539 0.021029225 1.104063034 -0.005047027 0.999980450 -0.003689801 -2.333182335 -0.021047723 0.003582802 0.999772012 85.017295837
0.999629200 0.005911054 0.026579341 1.136990309 -0.005820210 0.999976993 -0.003493950 -2.350860119 -0.026599377 0.003337956 0.999640584 85.561431885
0.999490321 0.005446804 0.031452559 1.168954611 -0.005313236 0.999976516 -0.004328653 -2.360458612 -0.031475395 0.004159332 0.999495864 86.118087769
0.999291778 0.004898352 0.037308753 1.207276821 -0.004740187 0.999979377 -0.004326656 -2.377268076 -0.037329178 0.004146741 0.999294400 86.661712646
0.998917639 0.005519473 0.046184376 1.238405228 -0.005345181 0.999978125 -0.003896460 -2.399328232 -0.046204876 0.003645379 0.998925328 87.208526611
0.998507440 0.005318313 0.054355107 1.292921543 -0.005126396 0.999980092 -0.003669620 -2.421489954 -0.054373547 0.003385497 0.998514891 87.752273560
0.998112798 0.004711844 0.061226111 1.321854115 -0.004469749 0.999981642 -0.004090504 -2.435345650 -0.061244246 0.003809119 0.998115540 88.317687988
0.997479260 0.004604583 0.070808113 1.377445221 -0.004310260 0.999981463 -0.004308854 -2.451091766 -0.070826635 0.003992792 0.997480631 88.866783142
0.996691763 0.004824028 0.081131138 1.438199043 -0.004483431 0.999980330 -0.004379776 -2.466642380 -0.081150681 0.004001541 0.996693790 89.417388916
0.996047854 0.004455296 0.088705681 1.511894226 -0.004057250 0.999980807 -0.004667072 -2.488805771 -0.088724785 0.004288726 0.996046960 89.972381592
0.995273232 0.004115553 0.097026698 1.583606720 -0.003691647 0.999982774 -0.004548067 -2.507593155 -0.097043745 0.004168381 0.995271325 90.512702942
0.994178712 0.004446940 0.107652150 1.661614418 -0.004000273 0.999982417 -0.004364775 -2.532994509 -0.107669681 0.003908728 0.994179010 91.035835266
0.992905796 0.004359244 0.118822992 1.728114128 -0.003920289 0.999984741 -0.003927678 -2.556001425 -0.118838288 0.003433995 0.992907643 91.614654541
0.991779685 0.003576695 0.127906755 1.820198059 -0.003037841 0.999985695 -0.004407698 -2.568179607 -0.127920687 0.003982905 0.991776407 92.163269043
0.990269303 0.003923713 0.139108345 1.912337303 -0.003384197 0.999985814 -0.004114709 -2.582664967 -0.139122516 0.003603900 0.990268588 92.701774597
0.988566697 0.003196774 0.150750235 2.019285202 -0.002575823 0.999987364 -0.004314162 -2.606580019 -0.150762126 0.003876531 0.988562465 93.265792847
0.986784101 0.003363772 0.162005335 2.124671936 -0.002777061 0.999988735 -0.003847861 -2.629337549 -0.162016451 0.003347110 0.986782372 93.810180664
0.984998465 0.002806369 0.172540426 2.237053871 -0.002101208 0.999988675 -0.004269436 -2.640402794 -0.172550455 0.003842845 0.984993160 94.374488831
0.982888699 0.002397720 0.184185639 2.370561600 -0.001626117 0.999989271 -0.004340198 -2.662308693 -0.184194088 0.003966424 0.982881844 94.895271301
0.980446219 0.001903991 0.196777806 2.498380661 -0.001013093 0.999988735 -0.004627991 -2.673933268 -0.196784407 0.004338142 0.980437219 95.448867798
0.977966666 0.002486965 0.208746195 2.618055344 -0.001595955 0.999988914 -0.004436716 -2.688275337 -0.208754897 0.004005812 0.977959812 95.998886108
0.975123286 0.002520742 0.221648812 2.764259338 -0.001607309 0.999989510 -0.004301365 -2.707753658 -0.221657321 0.003838103 0.975117087 96.528808594
0.971974552 0.002062025 0.235076785 2.916734695 -0.001061536 0.999989867 -0.004382477 -2.718996048 -0.235083431 0.004010115 0.971966982 97.057723999
0.969347358 0.001602466 0.245689109 3.064781189 -0.000712958 0.999992847 -0.003709371 -2.754550219 -0.245693326 0.003420504 0.969341516 97.563705444
0.966267943 0.001493684 0.257534415 3.231765747 -0.000612861 0.999993622 -0.003500454 -2.779021502 -0.257538021 0.003224544 0.966262817 98.083595276
0.962567210 0.001212741 0.271040320 3.406429291 -0.000209364 0.999993026 -0.003730833 -2.794333935 -0.271042973 0.003534432 0.962560713 98.595382690
0.958787620 0.000776490 0.284122646 3.572198868 0.000278141 0.999993205 -0.003671522 -2.813273907 -0.284123629 0.003599236 0.958780885 99.166198730
0.955587149 0.000425406 0.294708312 3.756090164 0.000608940 0.999993980 -0.003417955 -2.832291842 -0.294707984 0.003445613 0.955581129 99.675170898
0.951273561 -0.000068990 0.308348447 3.947284698 0.001260208 0.999992490 -0.003664074 -2.840351582 -0.308345973 0.003874119 0.951266348 100.188629150
0.946669638 0.000114959 0.322205752 4.144802094 0.001121062 0.999992728 -0.003650566 -2.860376835 -0.322203815 0.003817093 0.946662605 100.725090027
0.942786276 -0.000705219 0.333396852 4.349872589 0.001962858 0.999992251 -0.003435374 -2.873904228 -0.333391786 0.003893234 0.942780375 101.240333557
0.937923610 -0.000785242 0.346840978 4.552232742 0.002200355 0.999990821 -0.003686214 -2.892600298 -0.346834838 0.004220561 0.937916756 101.747970581
0.932696939 -0.001619410 0.360657483 4.775878906 0.003077688 0.999989271 -0.003469099 -2.915767193 -0.360648036 0.004345609 0.932691872 102.249565125
0.927954078 -0.002147448 0.372688353 5.004604340 0.003564098 0.999988854 -0.003112240 -2.933861017 -0.372677535 0.004216313 0.927951396 102.752777100
0.923218250 -0.002493707 0.384267777 5.229415894 0.004372431 0.999982357 -0.004015548 -2.939857483 -0.384250969 0.005387412 0.923213005 103.262290955
0.916978002 -0.002835039 0.398927718 5.464855194 0.004653822 0.999982655 -0.003590781 -2.959331274 -0.398910582 0.005149206 0.916975379 103.767120361
0.911042035 -0.003326443 0.412300259 5.708152771 0.005083084 0.999982059 -0.003164006 -2.976300955 -0.412282318 0.004978299 0.911042631 104.254226685
0.905880451 -0.003933673 0.423515320 5.958496094 0.005968694 0.999976099 -0.003478844 -2.993512392 -0.423491508 0.005679249 0.905882299 104.725616455
0.899669528 -0.004393994 0.436549425 6.233486176 0.006320764 0.999975562 -0.002961203 -3.018404722 -0.436525762 0.005423430 0.899675429 105.241424561
0.893039942 -0.004217753 0.449957609 6.499366760 0.005861170 0.999980271 -0.002259299 -3.048444748 -0.449939191 0.004654922 0.893047154 105.696762085
0.887020767 -0.004930595 0.461703032 6.780567169 0.007104865 0.999970317 -0.002970987 -3.056134462 -0.461674690 0.005915665 0.887029529 106.206565857
0.881174207 -0.006043450 0.472753376 7.054622650 0.008356020 0.999961197 -0.002791923 -3.068049669 -0.472718179 0.006410507 0.881190360 106.694602966
0.873973191 -0.005799531 0.485939443 7.348224640 0.008316753 0.999960899 -0.003023662 -3.079661131 -0.485902846 0.006684039 0.873987138 107.180061340
