1.000000000 0.000000000 0.000000000 0.000000000 0.000000000 1.000000000 0.000000000 0.000000000 0.000000000 0.000000000 1.000000000 0.000000000
0.999999940 -0.000354844 0.000021144 0.000588002 0.000354844 0.999999940 0.000004132 0.000538268 -0.000021146 -0.000004125 1.000000000 0.000737857
1.000000000 -0.000195231 0.000120763 -0.000687858 0.000195209 0.999999940 0.000179739 -0.000363602 -0.000120798 -0.000179715 1.000000000 0.000917610
1.000000000 -0.000125651 -0.000012741 0.000315891 0.000125653 1.000000000 0.000113247 0.000275266 0.000012726 -0.000113248 1.000000000 0.000741660
1.000000000 0.000149140 0.000024251 0.000050002 -0.000149141 1.000000000 0.000065843 -0.000056754 -0.000024241 -0.000065846 1.000000000 -0.000176120
0.999999940 -0.000246379 0.000090663 -0.000723543 0.000246377 0.999999940 0.000013293 0.000714503 -0.000090667 -0.000013271 1.000000000 -0.000723165
0.999999940 -0.000373043 0.000120682 -0.000836173 0.000373040 0.999999940 0.000029739 0.000368711 -0.000120693 -0.000029694 1.000000000 -0.001065523
0.999999940 -0.000295245 0.000103422 0.000657096 0.000295226 0.999999940 0.000179634 -0.000223204 -0.000103476 -0.000179604 1.000000000 0.000880398
1.000000000 -0.000116702 0.000108021 0.000050156 0.000116697 1.000000000 0.000048966 0.001106564 -0.000108027 -0.000048953 1.000000000 0.002502989
1.000000000 -0.000038136 0.000101209 0.000095603 0.000038139 1.000000000 -0.000025257 0.000896632 -0.000101208 0.000025261 1.000000000 -0.000069816
1.000000000 -0.000055403 0.000110624 0.000256472 0.000055411 1.000000000 -0.000069973 0.001376165 -0.000110620 0.000069979 1.000000000 0.000584596
1.000000000 0.000066161 0.000031299 0.000225073 -0.000066160 1.000000000 -0.000031793 0.000462594 -0.000031301 0.000031791 1.000000000 -0.000364188
1.000000000 0.000043781 0.000098353 0.000186979 -0.000043769 1.000000000 -0.000123599 0.002155205 -0.000098359 0.000123595 1.000000000 0.001771670
1.000000000 -0.000235868 0.000052672 -0.000486975 0.000235865 1.000000000 0.000057354 0.000677285 -0.000052686 -0.000057342 1.000000000 0.000877544
1.000000000 0.000054801 0.000165155 -0.000617901 -0.000054798 1.000000000 -0.000014681 0.000710599 -0.000165155 0.000014672 1.000000000 0.000429359
1.000000000 -0.000086553 -0.000002226 0.000999646 0.000086554 1.000000000 0.000197069 -0.000490392 0.000002209 -0.000197069 1.000000000 -0.000157405
0.999999940 -0.000404187 0.000017523 0.000326071 0.000404182 0.999999881 0.000261754 -0.001225475 -0.000017629 -0.000261746 0.999999940 -0.000990613
0.999999940 -0.000215593 0.000137020 -0.000227554 0.000215587 1.000000000 0.000042410 0.001010873 -0.000137029 -0.000042380 1.000000000 0.001305620
1.000000000 -0.000042177 0.000168409 -0.000834048 0.000042186 1.000000000 -0.000050499 0.001387457 -0.000168407 0.000050506 1.000000000 0.001188309
0.999999940 0.000319704 0.000037382 -0.000817303 -0.000319708 0.999999940 0.000109086 0.000712953 -0.000037347 -0.000109098 1.000000000 0.000623540
1.000000000 -0.000168196 -0.000042602 0.000301838 0.000168202 1.000000000 0.000131319 0.000572573 0.000042580 -0.000131326 1.000000000 0.000191468
0.999999940 0.000216484 0.000187363 -0.002221108 -0.000216519 0.999999940 0.000185329 0.000417634 -0.000187323 -0.000185369 0.999999940 0.001303587
1.000000000 -0.000200367 0.000082458 -0.000150462 0.000200356 1.000000000 0.000134517 0.000191569 -0.000082485 -0.000134501 1.000000000 0.000096663
0.999999940 -0.000209928 0.000162542 0.000126237 0.000209923 1.000000000 0.000034230 0.000883752 -0.000162549 -0.000034196 1.000000000 0.001485845
0.999999940 0.000162434 0.000191702 -0.000377490 -0.000162460 1.000000000 0.000135885 0.000898450 -0.000191680 -0.000135916 1.000000000 0.001149614
1.000000000 -0.000192664 0.000069019 0.000726609 0.000192655 1.000000000 0.000130976 0.001221973 -0.000069044 -0.000130963 1.000000000 0.000991641
1.000000000 -0.000127961 0.000124141 -0.000592336 0.000127934 0.999999940 0.000220656 -0.000733552 -0.000124169 -0.000220640 0.999999940 -0.001079391
1.000000000 -0.000131489 0.000081319 -0.000968974 0.000131474 1.000000000 0.000177483 -0.000650984 -0.000081342 -0.000177472 1.000000000 -0.001319188
0.999999940 0.000262769 0.000196124 -0.001930235 -0.000262822 0.999999940 0.000271996 0.000069985 -0.000196052 -0.000272048 0.999999940 0.001474697
1.000000000 0.000153425 0.000074693 -0.000639978 -0.000153449 0.999999940 0.000316975 -0.000760883 -0.000074644 -0.000316986 0.999999940 0.000322697
1.000000000 -0.000197873 0.000137567 -0.000668711 0.000197865 1.000000000 0.000057690 0.000378892 -0.000137578 -0.000057663 1.000000000 -0.000195986
1.000000000 -0.000122619 0.000139199 -0.000833009 0.000122582 0.999999940 0.000264845 -0.001416544 -0.000139231 -0.000264828 0.999999940 -0.001734719
1.000000000 -0.000003166 0.000095009 -0.000859358 0.000003142 0.999999940 0.000259940 -0.001461348 -0.000095010 -0.000259940 0.999999940 -0.001618805
1.000000000 -0.000073673 0.000202125 -0.001095080 0.000073668 1.000000000 0.000021620 0.000790694 -0.000202127 -0.000021605 1.000000000 0.000108917
1.000000000 -0.000066065 0.000092880 -0.000197483 0.000066064 1.000000000 0.000007687 0.000965159 -0.000092880 -0.000007681 1.000000000 -0.000301964
1.000000000 0.000208488 0.000122034 -0.001144503 -0.000208498 1.000000000 0.000087091 0.001950473 -0.000122016 -0.000087116 1.000000000 0.003026863
1.000000000 -0.000056380 0.000180727 -0.000600986 0.000056371 1.000000000 0.000048168 0.001785983 -0.000180729 -0.000048157 1.000000000 0.002041028
1.000000000 -0.000103067 0.000134686 -0.000292208 0.000103046 1.000000000 0.000152922 0.000854045 -0.000134702 -0.000152908 1.000000000 0.001990564
1.000000000 -0.000011537 0.000148860 -0.000634134 0.000011535 1.000000000 0.000013778 0.000840622 -0.000148860 -0.000013776 1.000000000 -0.000408870
1.000000000 0.000040619 0.000186353 -0.000987250 -0.000040631 1.000000000 0.000064744 0.000649229 -0.000186350 -0.000064751 1.000000000 -0.000049298
0.999999940 -0.000024574 0.000358738 -0.001528055 0.000024665 0.999999940 -0.000254109 0.002701215 -0.000358732 0.000254118 0.999999881 0.003988001
1.000000000 -0.000102573 0.000202753 0.000254051 0.000102700 0.999999821 -0.000628234 -0.001337152 -0.000202688 0.000628255 0.999999762 0.052406248
0.999995410 0.002536562 -0.001651985 0.008312468 -0.002538763 0.999995887 -0.001331669 0.001491675 0.001648600 0.001335857 0.999997675 0.148110643
0.999994338 0.002769193 -0.001906844 0.012339748 -0.002772551 0.999994576 -0.001760718 0.000271264 0.001901958 0.001765995 0.999996543 0.264778227
0.999996245 0.001904163 -0.001978169 0.016641429 -0.001907369 0.999996841 -0.001619749 -0.006361625 0.001975078 0.001623516 0.999996722 0.392565012
0.999995768 0.002214519 -0.001891484 0.017726235 -0.002217813 0.999996006 -0.001741158 -0.008905588 0.001887620 0.001745345 0.999996722 0.533052564
0.999996006 0.002161774 -0.001873078 0.020622678 -0.002165667 0.999995470 -0.002078751 -0.011454623 0.001868575 0.002082799 0.999996126 0.687325716
0.999996483 0.002282890 -0.001400361 0.021539645 -0.002285032 0.999996185 -0.001529634 -0.015104365 0.001396863 0.001532828 0.999997914 0.853528798
0.999995172 0.002567231 -0.001757480 0.026979232 -0.002569654 0.999995768 -0.001377634 -0.021721488 0.001753936 0.001382144 0.999997437 1.018824100
0.999994814 0.002745628 -0.001690146 0.029820694 -0.002747973 0.999995291 -0.001386763 -0.024320716 0.001686331 0.001391400 0.999997616 1.199063540
0.999995232 0.002447294 -0.001890102 0.035595562 -0.002449686 0.999996245 -0.001264337 -0.031966761 0.001887000 0.001268961 0.999997377 1.376702189
0.999995053 0.002648327 -0.001679883 0.035797182 -0.002650449 0.999995649 -0.001261768 -0.034398060 0.001676534 0.001266214 0.999997735 1.572605610
0.999995589 0.002438684 -0.001673558 0.038078234 -0.002440310 0.999996543 -0.000970407 -0.038738485 0.001671186 0.000974487 0.999998093 1.776185513
0.999994636 0.002523535 -0.002088090 0.046154007 -0.002525793 0.999996245 -0.001079338 -0.045719247 0.002085358 0.001084607 0.999997199 1.971137881
0.999994338 0.003134679 -0.001217750 0.039849881 -0.003136266 0.999994218 -0.001303628 -0.050880797 0.001213657 0.001307440 0.999998331 2.185072422
0.999994099 0.003161424 -0.001363685 0.046923019 -0.003163057 0.999994278 -0.001196997 -0.059165075 0.001359893 0.001201304 0.999998271 2.401655912
0.999995470 0.002770043 -0.001156512 0.053617436 -0.002771434 0.999995410 -0.001202737 -0.062561467 0.001153175 0.001205937 0.999998569 2.623172760
0.999995053 0.002801277 -0.001380121 0.055495828 -0.002802189 0.999995768 -0.000659372 -0.077199891 0.001378268 0.000663236 0.999998808 2.849925041
0.999994576 0.003022119 -0.001357611 0.058864687 -0.003023403 0.999994993 -0.000944559 -0.082261324 0.001354750 0.000948659 0.999998569 3.080777884
0.999995649 0.002603381 -0.001386340 0.066324688 -0.002604178 0.999996424 -0.000573133 -0.092078969 0.001384843 0.000576740 0.999998868 3.325359821
0.999995708 0.002633793 -0.001306846 0.071406454 -0.002634422 0.999996424 -0.000480551 -0.099244639 0.001305576 0.000483992 0.999998987 3.573778152
0.999995828 0.002542447 -0.001350607 0.077373438 -0.002543246 0.999996543 -0.000590565 -0.104793198 0.001349101 0.000593997 0.999998868 3.828600407
0.999995768 0.002483466 -0.001532011 0.082611144 -0.002484369 0.999996722 -0.000587415 -0.111778423 0.001530547 0.000591218 0.999998629 4.094909191
0.999994874 0.002901980 -0.001360970 0.087336838 -0.002902092 0.999995768 -0.000079986 -0.122060537 0.001360732 0.000083936 0.999999046 4.347648621
0.999996841 0.002179625 -0.001241660 0.090022065 -0.002179869 0.999997556 -0.000195373 -0.132428363 0.001241231 0.000198079 0.999999225 4.593756676
0.999996424 0.002346242 -0.001293694 0.096406043 -0.002347072 0.999997020 -0.000640268 -0.130159438 0.001292188 0.000643303 0.999998987 4.874991417
0.999997616 0.001767424 -0.001355629 0.105610035 -0.001767435 0.999998450 -0.000006540 -0.141505286 0.001355615 0.000008936 0.999999106 5.132174969
0.999996424 0.002268552 -0.001417092 0.107825659 -0.002268624 0.999997377 -0.000049147 -0.152265593 0.001416977 0.000052361 0.999999046 5.391406059
0.999995828 0.002744025 -0.000875345 0.106686190 -0.002744115 0.999996245 -0.000101987 -0.161022350 0.000875062 0.000104389 0.999999583 5.665737629
0.999998093 0.001747655 -0.000849573 0.113937698 -0.001747444 0.999998450 0.000249102 -0.169453740 0.000850007 -0.000247617 0.999999583 5.936494827
0.999996364 0.002577979 -0.000674303 0.116716944 -0.002578060 0.999996662 -0.000119877 -0.177865669 0.000673992 0.000121615 0.999999702 6.221659660
0.999995291 0.002988907 -0.000627986 0.119864836 -0.002989045 0.999995470 -0.000218587 -0.179873079 0.000627330 0.000220463 0.999999762 6.507277012
0.999995649 0.002883109 -0.000606469 0.124793231 -0.002883047 0.999995828 0.000104050 -0.197455466 0.000606766 -0.000102301 0.999999762 6.798524857
0.999996603 0.002549413 -0.000556634 0.130823672 -0.002549344 0.999996841 0.000124945 -0.208483905 0.000556950 -0.000123525 0.999999762 7.098992825
0.999996781 0.002322253 -0.000993442 0.141266972 -0.002321759 0.999997139 0.000497767 -0.219582379 0.000994595 -0.000495459 0.999999404 7.407036781
0.999997079 0.002349325 -0.000603599 0.143775329 -0.002348890 0.999996960 0.000720290 -0.234042928 0.000605289 -0.000718870 0.999999583 7.715089798
0.999997377 0.002283389 -0.000366640 0.147527099 -0.002283098 0.999997199 0.000792703 -0.241164476 0.000368449 -0.000791864 0.999999702 8.032007217
0.999997318 0.002231232 -0.000610035 0.155985132 -0.002230665 0.999997020 0.000927724 -0.252779454 0.000612103 -0.000926360 0.999999344 8.356133461
0.999996841 0.002513875 -0.000440801 0.159574494 -0.002513389 0.999996245 0.001099177 -0.264772981 0.000443563 -0.001098066 0.999999285 8.678634644
0.999998093 0.001951547 -0.000070512 0.163079828 -0.001951484 0.999997735 0.000879807 -0.271885365 0.000072229 -0.000879668 0.999999583 9.021446228
0.999998391 0.001757654 -0.000200348 0.171559349 -0.001757454 0.999997914 0.000993586 -0.281656981 0.000202094 -0.000993232 0.999999464 9.359184265
0.999997258 0.002322362 -0.000146021 0.176061958 -0.002322275 0.999997079 0.000590823 -0.290657043 0.000147393 -0.000590483 0.999999821 9.708129883
0.999996841 0.002514604 -0.000068470 0.182870746 -0.002514572 0.999996722 0.000457177 -0.299856454 0.000069619 -0.000457003 0.999999940 10.052821159
0.999997616 0.002150873 -0.000141520 0.187154308 -0.002150720 0.999997079 0.001075495 -0.316515684 0.000143833 -0.001075188 0.999999344 10.411918640
0.999998033 0.001949838 0.000334280 0.190648049 -0.001950342 0.999996960 0.001513873 -0.328608453 -0.000331327 -0.001514522 0.999998808 10.763512611
0.999995828 0.002828152 0.000583412 0.192330301 -0.002828742 0.999995470 0.001011419 -0.333315700 -0.000580549 -0.001013065 0.999999285 11.120527267
0.999997139 0.002250904 0.000763418 0.201229274 -0.002251843 0.999996722 0.001230916 -0.348599613 -0.000760645 -0.001232632 0.999998927 11.507421494
0.999997497 0.002136784 0.000603947 0.211657479 -0.002137650 0.999996603 0.001437020 -0.360842764 -0.000600875 -0.001438307 0.999998808 11.888033867
0.999996901 0.002476412 0.000276714 0.219658017 -0.002476799 0.999995887 0.001404709 -0.372736931 -0.000273234 -0.001405390 0.999998987 12.273322105
0.999997795 0.002027914 0.000597388 0.229791924 -0.002028439 0.999997556 0.000879960 -0.380962878 -0.000595601 -0.000881170 0.999999404 12.672205925
0.999997675 0.002068534 0.000460900 0.234117284 -0.002069489 0.999995708 0.002081828 -0.396225899 -0.000456592 -0.002082777 0.999997735 13.054164886
0.999997616 0.002142692 0.000418047 0.243028402 -0.002143416 0.999996126 0.001736770 -0.407729447 -0.000414324 -0.001737662 0.999998331 13.450810432
0.999998510 0.001474040 0.000814361 0.250837058 -0.001475384 0.999997556 0.001652344 -0.417668730 -0.000811924 -0.001653543 0.999998331 13.863098145
0.999996722 0.002212179 0.001277843 0.254377455 -0.002214507 0.999995828 0.001822560 -0.426143706 -0.001273806 -0.001825384 0.999997437 14.278976440
0.999995530 0.002254327 0.001944750 0.260813892 -0.002257680 0.999995947 0.001723814 -0.438475490 -0.001940856 -0.001728197 0.999996603 14.710376740
0.999997199 0.001848297 0.001459124 0.278928488 -0.001851364 0.999996066 0.002103710 -0.451693654 -0.001455230 -0.002106406 0.999996722 15.127245903
0.999995410 0.002376739 0.001880574 0.284241766 -0.002380994 0.999994576 0.002263452 -0.463322520 -0.001875184 -0.002267919 0.999995649 15.563919067
0.999995112 0.002104358 0.002318962 0.293535948 -0.002109271 0.999995530 0.002118129 -0.476735801 -0.002314495 -0.002123010 0.999995053 15.999857903
0.999994695 0.001997376 0.002627756 0.305364877 -0.002002295 0.999996364 0.001870694 -0.484251112 -0.002624009 -0.001875946 0.999994814 16.447408676
0.999996185 0.001826998 0.002100585 0.316567183 -0.001830732 0.999996781 0.001776910 -0.497818470 -0.002097331 -0.001780749 0.999996185 16.895219803
0.999990463 0.002295628 0.003706811 0.315410435 -0.002304092 0.999994695 0.002280680 -0.514712989 -0.003701555 -0.002289198 0.999990523 17.339351654
0.999990582 0.002272405 0.003692875 0.327656567 -0.002280310 0.999995112 0.002137675 -0.527452469 -0.003688000 -0.002146076 0.999990880 17.799564362
0.999983609 0.002956998 0.004897860 0.332342207 -0.002967039 0.999993503 0.002043970 -0.537149906 -0.004891784 -0.002058469 0.999985874 18.273992538
0.999991179 0.001692994 0.003831280 0.353186041 -0.001700485 0.999996662 0.001952612 -0.547160327 -0.003827962 -0.001959110 0.999990761 18.741298676
0.999984443 0.002843231 0.004801314 0.353831351 -0.002856626 0.999991953 0.002785211 -0.574915886 -0.004793358 -0.002798883 0.999984562 19.205265045
0.999987841 0.002128301 0.004441220 0.373260885 -0.002136777 0.999995828 0.001904581 -0.582033396 -0.004437148 -0.001914048 0.999988317 19.684951782
0.999984086 0.002904386 0.004824245 0.379118532 -0.002912411 0.999994338 0.001657222 -0.586328745 -0.004819404 -0.001671246 0.999987006 20.186164856
0.999985039 0.002610849 0.004803851 0.394616336 -0.002626992 0.999990940 0.003357120 -0.622496605 -0.004795044 -0.003369689 0.999982834 20.670112610
0.999989092 0.002526368 0.003927579 0.410056055 -0.002539136 0.999991536 0.003249262 -0.629845202 -0.003919337 -0.003259199 0.999987006 21.182228088
0.999989867 0.002382161 0.003818209 0.423120379 -0.002392636 0.999993324 0.002741132 -0.638201594 -0.003811653 -0.002750240 0.999988914 21.675262451
0.999990821 0.002670581 0.003348938 0.435755253 -0.002683689 0.999988735 0.003915764 -0.663098574 -0.003338442 -0.003924716 0.999986708 22.180860519
0.999990940 0.002596591 0.003350436 0.440318048 -0.002606923 0.999991775 0.003083162 -0.664491951 -0.003342403 -0.003091868 0.999989629 22.680578232
0.999994457 0.001935596 0.002709578 0.454439968 -0.001944813 0.999992311 0.003403204 -0.687708497 -0.002702970 -0.003408454 0.999990523 23.191816330
0.999997377 0.001692583 0.001526174 0.471330285 -0.001696865 0.999994636 0.002808358 -0.695819736 -0.001521412 -0.002810940 0.999994874 23.722541809
0.999998033 0.001351600 0.001431981 0.476904571 -0.001355396 0.999995589 0.002652941 -0.708225250 -0.001428389 -0.002654877 0.999995470 24.258819580
0.999996781 0.002193728 0.001253198 0.483633280 -0.002197757 0.999992490 0.003222024 -0.723931968 -0.001246120 -0.003224769 0.999994040 24.788043976
0.999996543 0.002632437 0.000138517 0.500153184 -0.002632821 0.999992430 0.002847666 -0.737284780 -0.000131020 -0.002848020 0.999995887 25.321310043
0.999997377 0.002240805 -0.000258073 0.505722106 -0.002240017 0.999992967 0.003013697 -0.752458155 0.000264824 -0.003013111 0.999995410 25.868869781
0.999997556 0.002149263 -0.000347176 0.512167692 -0.002148377 0.999994457 0.002530529 -0.762074113 0.000352613 -0.002529777 0.999996722 26.428897858
0.999998450 0.001239656 -0.001230669 0.528496265 -0.001235555 0.999993742 0.003327514 -0.775034010 0.001234786 -0.003325989 0.999993742 26.984029770
0.999997497 0.001122299 -0.001919378 0.548672020 -0.001113618 0.999989212 0.004518244 -0.806277156 0.001924428 -0.004516096 0.999987960 27.518676758
0.999995828 0.002476109 -0.001571786 0.542452157 -0.002470053 0.999989510 0.003843857 -0.820083380 0.001581288 -0.003839959 0.999991357 28.053045273
0.999993682 0.002706172 -0.002286005 0.556031466 -0.002695931 0.999986351 0.004471166 -0.837828994 0.002298074 -0.004464974 0.999987304 28.593076706
0.999994695 0.002367331 -0.002237295 0.563262999 -0.002358503 0.999989450 0.003940232 -0.846001923 0.002246599 -0.003934934 0.999989688 29.138084412
0.999992669 0.002414896 -0.002979374 0.581495285 -0.002403815 0.999990225 0.003717262 -0.857363522 0.002988321 -0.003710073 0.999988616 29.686639786
0.999991417 0.002927008 -0.002948632 0.583768010 -0.002916588 0.999989510 0.003531750 -0.870599806 0.002958937 -0.003523120 0.999989390 30.233299255
0.999989986 0.002035012 -0.003979563 0.596137822 -0.002017273 0.999987960 0.004456354 -0.898726523 0.003988585 -0.004448281 0.999982178 30.770338058
0.999988258 0.003241172 -0.003636906 0.599770665 -0.003224125 0.999983847 0.004683384 -0.912308455 0.003652027 -0.004671603 0.999982357 31.305128098
0.999989212 0.002932477 -0.003626449 0.603104770 -0.002916271 0.999985814 0.004466124 -0.922030747 0.003639493 -0.004455501 0.999983430 31.852239609
0.999988794 0.002221777 -0.004207569 0.621468604 -0.002202868 0.999987483 0.004493477 -0.937853575 0.004217500 -0.004484158 0.999981046 32.399826050
0.999987662 0.001950427 -0.004566101 0.629042625 -0.001930246 0.999988377 0.004419970 -0.950439930 0.004574668 -0.004411102 0.999979794 32.935321808
0.999986231 0.002239773 -0.004746369 0.634533465 -0.002217013 0.999986053 0.004795080 -0.965899646 0.004757042 -0.004784491 0.999977171 33.490005493
0.999984980 0.002457189 -0.004889260 0.646109998 -0.002434800 0.999986529 0.004579836 -0.975275993 0.004900448 -0.004567863 0.999977589 34.036106110
0.999984801 0.002749234 -0.004761477 0.647969842 -0.002728234 0.999986529 0.004411189 -0.988358855 0.004773542 -0.004398133 0.999978960 34.570243835
0.999984264 0.002251964 -0.005130330 0.665343285 -0.002230723 0.999989033 0.004142113 -0.996395528 0.005139600 -0.004130604 0.999978244 35.131481171
0.999986410 0.002187795 -0.004721246 0.666258097 -0.002166661 0.999987602 0.004476827 -1.012658834 0.004730982 -0.004466537 0.999978781 35.678115845
0.999982297 0.002244739 -0.005504242 0.683529854 -0.002222100 0.999988973 0.004115639 -1.021352768 0.005513421 -0.004103336 0.999976397 36.219058990
0.999980390 0.002561250 -0.005706201 0.689167500 -0.002536766 0.999987543 0.004293852 -1.034123898 0.005717128 -0.004279293 0.999974549 36.773628235
0.999981523 0.001888970 -0.005772987 0.703543246 -0.001863601 0.999988556 0.004396719 -1.048908472 0.005781225 -0.004385880 0.999973655 37.318714142
0.999983013 0.002594466 -0.005216266 0.699631453 -0.002578344 0.999991894 0.003095052 -1.049487114 0.005224254 -0.003081550 0.999981582 37.875732422
0.999980152 0.001923702 -0.006003847 0.712461352 -0.001897615 0.999988735 0.004347594 -1.075353146 0.006012144 -0.004336115 0.999972522 38.401184082
0.999978542 0.002175717 -0.006178235 0.722234130 -0.002149721 0.999988794 0.004211219 -1.083127499 0.006187329 -0.004197847 0.999971986 38.951713562
0.999976277 0.002755721 -0.006313806 0.727256775 -0.002729335 0.999987543 0.004183856 -1.096600056 0.006325257 -0.004166524 0.999971271 39.497604370
0.999978244 0.002371867 -0.006155088 0.734984100 -0.002348306 0.999989867 0.003832364 -1.105713725 0.006164114 -0.003817827 0.999973714 40.050048828
0.999977231 0.002814261 -0.006132475 0.745371282 -0.002788851 0.999987483 0.004148098 -1.122323036 0.006144072 -0.004130902 0.999972522 40.593051910
0.999978602 0.002567339 -0.006014935 0.747275829 -0.002543022 0.999988556 0.004046936 -1.134349465 0.006025257 -0.004031553 0.999973714 41.144924164
0.999975502 0.002548834 -0.006518375 0.755571365 -0.002519514 0.999986649 0.004502287 -1.147098541 0.006529764 -0.004485753 0.999968588 41.697189331
0.999975562 0.002011805 -0.006698504 0.764231682 -0.001988244 0.999991834 0.003522140 -1.153050423 0.006705536 -0.003508735 0.999971390 42.221271515
0.999973118 0.003040864 -0.006672057 0.771468341 -0.003015129 0.999988019 0.003863756 -1.166416764 0.006683726 -0.003843535 0.999970317 42.771472931
0.999975145 0.002808104 -0.006471083 0.775054932 -0.002783792 0.999988973 0.003762982 -1.179705143 0.006481579 -0.003744875 0.999971986 43.311592102
0.999974310 0.003064441 -0.006475736 0.785692692 -0.003039180 0.999987662 0.003907170 -1.194147944 0.006487630 -0.003887389 0.999971330 43.881496429
0.999974370 0.002274127 -0.006805567 0.796118736 -0.002246808 0.999989390 0.004019241 -1.207639337 0.006814637 -0.004003846 0.999968767 44.416595459
0.999974430 0.002085661 -0.006840483 0.805675864 -0.002053742 0.999987006 0.004669962 -1.226806164 0.006850136 -0.004655794 0.999965727 44.965625763
0.999977827 0.002360974 -0.006244139 0.807757378 -0.002335287 0.999988794 0.004117942 -1.233348966 0.006253791 -0.004103268 0.999972045 45.518848419
0.999978602 0.002560509 -0.006022315 0.817241967 -0.002535251 0.999987960 0.004197939 -1.242218494 0.006032993 -0.004182580 0.999973118 46.074974060
0.999976337 0.002625521 -0.006358895 0.819808602 -0.002602057 0.999989808 0.003695468 -1.255398154 0.006368530 -0.003678835 0.999972939 46.618122101
0.999981403 0.003204164 -0.005194374 0.813060820 -0.003181492 0.999985397 0.004367181 -1.271589637 0.005208290 -0.004350573 0.999976993 47.175151825
0.999975860 0.002370720 -0.006528550 0.822944820 -0.002342914 0.999988198 0.004263447 -1.287013292 0.006538579 -0.004248048 0.999969602 47.715316772
0.999978304 0.002249219 -0.006193871 0.829114795 -0.002223481 0.999988854 0.004159153 -1.298617363 0.006203157 -0.004145291 0.999972105 48.269699097
0.999979973 0.002438705 -0.005824939 0.835699320 -0.002416824 0.999990106 0.003760602 -1.304674983 0.005834051 -0.003746450 0.999975979 48.822093964
0.999979317 0.002344911 -0.005982935 0.846216142 -0.002321746 0.999989808 0.003875894 -1.322388053 0.005991963 -0.003861923 0.999974608 49.356170654
0.999979615 0.002587301 -0.005841768 0.852751076 -0.002561676 0.999987066 0.004389745 -1.341365099 0.005853051 -0.004374692 0.999973297 49.913566589
0.999977827 0.002238814 -0.006265506 0.859377503 -0.002208391 0.999985695 0.004858329 -1.357738018 0.006276294 -0.004844386 0.999968588 50.452552795
0.999978662 0.002373227 -0.006087762 0.860729337 -0.002347166 0.999988019 0.004284489 -1.367748976 0.006097857 -0.004270108 0.999972224 51.004962921
0.999977469 0.002151632 -0.006346659 0.872837901 -0.002128360 0.999991000 0.003671355 -1.374575257 0.006354501 -0.003657766 0.999973118 51.561859131
0.999976397 0.002720877 -0.006303636 0.877719522 -0.002692066 0.999985933 0.004574527 -1.394395113 0.006315995 -0.004557450 0.999969602 52.093608856
0.999977708 0.002658352 -0.006123403 0.885781586 -0.002633081 0.999988079 0.004131428 -1.406278253 0.006134313 -0.004115212 0.999972701 52.644176483
0.999979854 0.003221040 -0.005453544 0.883744001 -0.003201391 0.999988377 0.003607873 -1.415693760 0.005465102 -0.003590341 0.999978602 53.199531555
0.999979496 0.003031784 -0.005638593 0.892135084 -0.003007976 0.999986529 0.004226138 -1.434048176 0.005651329 -0.004209090 0.999975145 53.751502991
0.999979496 0.002466263 -0.005905158 0.902758896 -0.002443003 0.999989271 0.003943015 -1.447402835 0.005914819 -0.003928508 0.999974787 54.295516968
0.999980211 0.002485072 -0.005784318 0.908429921 -0.002464718 0.999990702 0.003523363 -1.457904339 0.005793021 -0.003509036 0.999977052 54.841430664
0.999982536 0.002556171 -0.005312343 0.907556534 -0.002534240 0.999988258 0.004130827 -1.478791237 0.005322840 -0.004117293 0.999977291 55.389019012
0.999980628 0.002794619 -0.005546170 0.922484994 -0.002770231 0.999986410 0.004400220 -1.496461034 0.005558392 -0.004384771 0.999974906 55.929206848
0.999977946 0.002789595 -0.006022514 0.924872756 -0.002764505 0.999987483 0.004170344 -1.505107999 0.006034073 -0.004153604 0.999973118 56.475990295
0.999975324 0.003290511 -0.006195426 0.937589109 -0.003266152 0.999986887 0.003937684 -1.520202398 0.006208301 -0.003917352 0.999973059 57.022651672
0.999979556 0.002492482 -0.005884177 0.940488100 -0.002468913 0.999988914 0.004009335 -1.528086901 0.005894104 -0.003994726 0.999974668 57.581432343
0.999979913 0.002649699 -0.005752903 0.946013987 -0.002626532 0.999988556 0.004030744 -1.543867469 0.005763517 -0.004015553 0.999975264 58.127899170
0.999979258 0.003413792 -0.005460367 0.954842567 -0.003396119 0.999988973 0.003242464 -1.547562838 0.005471378 -0.003223853 0.999979794 58.688278198
0.999981463 0.003553227 -0.004936204 0.955292702 -0.003536490 0.999987960 0.003395235 -1.563737750 0.004948209 -0.003377716 0.999982059 59.223686218
0.999978721 0.003415509 -0.005557012 0.960604012 -0.003399368 0.999989986 0.002911412 -1.571469545 0.005566899 -0.002892460 0.999980271 59.757305145
0.999977171 0.003653316 -0.005683476 0.976123571 -0.003636486 0.999988973 0.002968778 -1.582541466 0.005694259 -0.002948043 0.999979436 60.304813385
0.999975860 0.003158965 -0.006188564 0.990969896 -0.003138785 0.999989688 0.003267909 -1.598206282 0.006198825 -0.003248406 0.999975502 60.832954407
0.999975622 0.003760554 -0.005888139 0.989169180 -0.003743783 0.999988914 0.002856687 -1.606790543 0.005898817 -0.002834573 0.999978602 61.411075592
0.999977171 0.003520233 -0.005763280 1.005892754 -0.003501648 0.999988616 0.003231733 -1.622879505 0.005774591 -0.003211478 0.999978185 61.947566986
0.999975085 0.003928991 -0.005862645 1.008414388 -0.003914037 0.999989033 0.002560085 -1.629627347 0.005872637 -0.002537075 0.999979556 62.504978180
0.999977410 0.004065437 -0.005344625 1.012793183 -0.004051127 0.999988258 0.002685748 -1.648881793 0.005355480 -0.002664036 0.999982178 63.044174194
0.999976516 0.004302825 -0.005329133 1.014879107 -0.004290020 0.999987900 0.002412003 -1.655493736 0.005339445 -0.002389085 0.999982893 63.612133026
0.999977708 0.004004637 -0.005338078 1.019969583 -0.003990695 0.999988616 0.002620109 -1.676141739 0.005348510 -0.002598747 0.999982297 64.157157898
0.999979019 0.003657632 -0.005349037 1.030170321 -0.003642608 0.999989390 0.002815723 -1.690108418 0.005359279 -0.002796179 0.999981701 64.702651978
0.999977291 0.004228001 -0.005247880 1.034969926 -0.004212237 0.999986529 0.003011195 -1.705475092 0.005260541 -0.002989022 0.999981642 65.234794617
0.999977529 0.003733321 -0.005566505 1.047991395 -0.003717366 0.999988973 0.002873978 -1.717114568 0.005577172 -0.002853221 0.999980330 65.781173706
0.999976814 0.004161358 -0.005390563 1.053239942 -0.004147212 0.999987960 0.002632699 -1.726102233 0.005401453 -0.002610282 0.999981999 66.326202393
0.999979019 0.004078581 -0.005060450 1.051406384 -0.004064659 0.999987960 0.002758575 -1.741349697 0.005071640 -0.002737948 0.999983370 66.885780334
0.999978542 0.004545441 -0.004716009 1.063117623 -0.004532218 0.999985695 0.002810808 -1.758424640 0.004728718 -0.002789373 0.999984920 67.430068970
0.999980748 0.004163802 -0.004597929 1.063521385 -0.004152452 0.999988317 0.002475293 -1.762996435 0.004608182 -0.002456153 0.999986291 67.981178284
0.999984205 0.004000814 -0.003943421 1.067245603 -0.003989026 0.999987543 0.002992521 -1.784369946 0.003955345 -0.002976744 0.999987721 68.527946472
0.999977767 0.004683787 -0.004738942 1.084245443 -0.004670396 0.999985039 0.002832645 -1.800434828 0.004752137 -0.002810449 0.999984741 69.060920715
0.999976814 0.004590292 -0.005017131 1.094778299 -0.004577515 0.999986231 0.002555361 -1.809715748 0.005028791 -0.002532335 0.999984145 69.604377747
0.999979019 0.004894556 -0.004239273 1.093710542 -0.004883044 0.999984384 0.002721704 -1.825784802 0.004252530 -0.002700947 0.999987304 70.150009155
0.999981999 0.004388027 -0.004093095 1.101222038 -0.004377629 0.999987185 0.002545834 -1.837502122 0.004104213 -0.002527870 0.999988317 70.700325012
0.999982536 0.004398987 -0.003944254 1.110272646 -0.004388354 0.999986708 0.002700448 -1.853485465 0.003956080 -0.002683092 0.999988616 71.244354248
0.999978781 0.004977241 -0.004206545 1.119103909 -0.004967212 0.999984801 0.002391347 -1.869772553 0.004218385 -0.002370401 0.999988317 71.775413513
0.999978006 0.005136815 -0.004191725 1.125846386 -0.005126277 0.999983609 0.002521033 -1.882352471 0.004204607 -0.002499490 0.999987960 72.320037842
0.999979615 0.004663988 -0.004361308 1.131846189 -0.004652426 0.999985576 0.002657549 -1.896563172 0.004373640 -0.002637204 0.999986887 72.870056152
0.999981582 0.004701276 -0.003832182 1.139275312 -0.004689807 0.999984443 0.002996906 -1.915926695 0.003846212 -0.002978879 0.999988079 73.411087036
0.999979913 0.005659577 -0.002844763 1.135151863 -0.005651749 0.999980271 0.002752268 -1.926875830 0.002860284 -0.002736136 0.999992132 73.969505310
0.999980986 0.004368624 -0.004358448 1.161447644 -0.004357002 0.999986887 0.002672609 -1.938569069 0.004370067 -0.002653569 0.999986887 74.513122559
0.999980688 0.004239693 -0.004542425 1.174763441 -0.004226304 0.999986708 0.002953118 -1.954849601 0.004554885 -0.002933864 0.999985278 75.034797668
0.999981463 0.003713676 -0.004849431 1.183203459 -0.003700067 0.999989212 0.002812367 -1.968493819 0.004859824 -0.002794371 0.999984205 75.584365845
0.999980390 0.003623192 -0.005102832 1.199031830 -0.003609170 0.999989688 0.002754386 -1.982451200 0.005112757 -0.002735915 0.999983191 76.124740601
0.999979317 0.003700258 -0.005248857 1.207166910 -0.003687826 0.999990344 0.002376240 -1.993349552 0.005257601 -0.002356834 0.999983430 76.676551819
0.999978900 0.004051011 -0.005068949 1.216953039 -0.004037338 0.999988198 0.002704756 -2.013921499 0.005079848 -0.002684234 0.999983490 77.210990906
0.999980569 0.003505665 -0.005146182 1.227492929 -0.003492567 0.999990642 0.002551958 -2.027083397 0.005155080 -0.002533935 0.999983430 77.757568359
0.999980390 0.003420182 -0.005249992 1.236583233 -0.003406999 0.999991000 0.002517964 -2.040875435 0.005258559 -0.002500028 0.999982953 78.296394348
0.999976456 0.004120276 -0.005477638 1.244380951 -0.004105505 0.999987900 0.002705122 -2.058006048 0.005488717 -0.002682570 0.999981344 78.837928772
0.999979138 0.003289041 -0.005557606 1.258068442 -0.003273632 0.999990761 0.002779200 -2.067749500 0.005566696 -0.002760949 0.999980628 79.382156372
0.999978721 0.003897704 -0.005233223 1.257686496 -0.003884044 0.999989033 0.002617827 -2.081567526 0.005243369 -0.002597444 0.999982893 79.934066772
0.999979913 0.003839505 -0.005044695 1.264991283 -0.003828329 0.999990225 0.002223321 -2.091743231 0.005053184 -0.002203964 0.999984801 80.473136902
0.999982774 0.003995772 -0.004297986 1.279995322 -0.003984945 0.999988794 0.002524586 -2.107966185 0.004308024 -0.002507416 0.999987602 81.020942688
0.999984026 0.004537992 -0.003367581 1.289143562 -0.004529581 0.999986589 0.002500810 -2.122121096 0.003378884 -0.002485517 0.999991179 81.542457581
0.999989092 0.004243148 -0.001960851 1.289193988 -0.004237327 0.999986589 0.002963123 -2.140608311 0.001973397 -0.002954782 0.999993682 82.086891174
0.999991238 0.003857248 -0.001618864 1.332386971 -0.003852916 0.999988973 0.002670714 -2.157071829 0.001629148 -0.002664453 0.999995112 82.661460876
0.999988854 0.004364454 0.001791141 1.343000770 -0.004367924 0.999988556 0.001937793 -2.163273096 -0.001782664 -0.001945595 0.999996483 83.200698853
0.999974489 0.004347867 0.005666918 1.362559080 -0.004364465 0.999986351 0.002919836 -2.190247059 -0.005654146 -0.002944495 0.999979615 83.732528687
0.999952376 0.003986847 0.008905096 1.379853368 -0.004011516 0.999988139 0.002754040 -2.201111317 -0.008894012 -0.002789632 0.999956548 84.282096863
0.999896288 0.004370664 0.013723791 1.399107099 -0.004409745 0.999986291 0.002818674 -2.216340780 -0.013711285 -0.002878901 0.999901831 84.822929382
0.999800324 0.003767073 0.019620083 1.427628517 -0.003824201 0.999988556 0.002875007 -2.227601051 -0.019609023 -0.002949464 0.999803364 85.360481262
0.999664068 0.004609106 0.025504446 1.454163074 -0.004682258 0.999985099 0.002809234 -2.239602327 -0.025491118 -0.002927709 0.999670744 85.909507751
0.999506354 0.003654889 0.031203087 1.484768152 -0.003738842 0.999989569 0.002632636 -2.253016710 -0.031193141 -0.002748000 0.999509513 86.458847046
0.999234974 0.003215118 0.038975429 1.525349736 -0.003303763 0.999992073 0.002210173 -2.258494854 -0.038968015 -0.002337248 0.999237716 87.025932312
0.998864591 0.003037582 0.047544874 1.564572573 -0.003144604 0.999992609 0.002176337 -2.273281574 -0.047537923 -0.002323375 0.998866737 87.567840576
0.998518467 0.003154572 0.054322682 1.606733084 -0.003303370 0.999991179 0.002649582 -2.291166306 -0.054313835 -0.002825105 0.998519897 88.103523254
0.998035729 0.003671524 0.062539071 1.662331343 -0.003849237 0.999988914 0.002721372 -2.303699970 -0.062528372 -0.002956755 0.998038769 88.650123596
0.997286439 0.003258386 0.073546022 1.716279984 -0.003445614 0.999991059 0.002418986 -2.321109772 -0.073537484 -0.002665834 0.997288883 89.176689148
0.996606886 0.003357020 0.082241394 1.772268772 -0.003538376 0.999991596 0.002059515 -2.331875086 -0.082233787 -0.002343528 0.996610224 89.736251831
0.995904267 0.002842256 0.090368971 1.837600231 -0.003060925 0.999992728 0.002281233 -2.351325989 -0.090361834 -0.002548502 0.995905697 90.295951843
0.994923174 0.003104053 0.100588679 1.916324615 -0.003373054 0.999991119 0.002504289 -2.366643667 -0.100580029 -0.002830867 0.994924963 90.828437805
0.993765891 0.002546930 0.111457951 1.994629860 -0.002780169 0.999994218 0.001937242 -2.373023510 -0.111452363 -0.002235037 0.993767262 91.372627258
0.992734849 0.002361445 0.120298721 2.078078270 -0.002611647 0.999994695 0.001922229 -2.384921312 -0.120293543 -0.002222441 0.992735863 91.922454834
0.991301894 0.002576364 0.131581888 2.172796249 -0.002906731 0.999993086 0.002318724 -2.397428513 -0.131574988 -0.002681028 0.991302609 92.472335815
0.989616990 0.002197116 0.143712625 2.271190643 -0.002506908 0.999994934 0.001974593 -2.409866333 -0.143707544 -0.002314365 0.989617407 93.028015137
0.988007367 0.001992785 0.154393733 2.376749992 -0.002351806 0.999994934 0.002142748 -2.427201748 -0.154388681 -0.002480154 0.988007069 93.567985535
0.986309528 0.001591088 0.164896876 2.482428551 -0.001948336 0.999996006 0.002004771 -2.436970472 -0.164893046 -0.002298599 0.986308753 94.109344482
0.984150350 0.001400638 0.177330405 2.599192619 -0.001806026 0.999996126 0.002124667 -2.450602531 -0.177326739 -0.002411255 0.984149098 94.633575439
0.981779933 0.000817603 0.190018937 2.722047806 -0.001309471 0.999996066 0.002462976 -2.471329451 -0.190016195 -0.002666925 0.981777370 95.153305054
0.979780078 0.000064583 0.200077564 2.849798203 -0.000514030 0.999997437 0.002194416 -2.477483273 -0.200076967 -0.002252891 0.979777575 95.680465698
0.976921916 0.000979653 0.213594630 2.980279922 -0.001484522 0.999996424 0.002203298 -2.485523939 -0.213591680 -0.002469536 0.976920009 96.217636108
0.973844409 0.001348638 0.227212325 3.131391525 -0.001840936 0.999996364 0.001954786 -2.498644114 -0.227208883 -0.002321942 0.973843277 96.751174927
0.971260428 0.000943312 0.238017663 3.272090912 -0.001614827 0.999995172 0.002626316 -2.515691042 -0.238014057 -0.002935194 0.971257269 97.255607605
0.968266129 0.000105873 0.249921367 3.443941116 -0.000649083 0.999997616 0.002091108 -2.531992912 -0.249920532 -0.002186969 0.968263805 97.802093506
0.964594007 0.000614207 0.263738602 3.617042542 -0.001112145 0.999997795 0.001738702 -2.536106348 -0.263736993 -0.001970457 0.964592636 98.349426270
0.961008012 0.000418645 0.276520550 3.788324356 -0.000779010 0.999998987 0.001193367 -2.544252634 -0.276519835 -0.001362248 0.961007237 98.881965637
0.958042383 -0.001313012 0.286623567 3.978067398 0.000782235 0.999997735 0.001966327 -2.564260960 -0.286625475 -0.001659618 0.958041370 99.385055542
0.953699112 -0.001283867 0.300759435 4.156616211 0.000652888 0.999997377 0.002198451 -2.581494570 -0.300761372 -0.001900299 0.953697503 99.919227600
0.949287415 -0.001064765 0.314407706 4.354169846 0.000379236 0.999997497 0.002241545 -2.600856066 -0.314409226 -0.002008636 0.949285388 100.432304382
0.945390880 -0.002832199 0.325926274 4.530220032 0.002214728 0.999994993 0.002265545 -2.611042500 -0.325931013 -0.001419987 0.945392489 100.889610291
0.940821052 -0.002462444 0.338894784 4.779491425 0.002109404 0.999996722 0.001410069 -2.613721132 -0.338897169 -0.000611756 0.940823197 101.486389160
0.935698509 -0.002649930 0.352790684 4.999071121 0.002060048 0.999995828 0.002047489 -2.635804176 -0.352794588 -0.001189067 0.935699999 101.993392944
0.930951595 -0.002020854 0.365137190 5.216396332 0.001376054 0.999996960 0.002026111 -2.660442114 -0.365140170 -0.001383762 0.930951595 102.475868225
0.925995111 -0.003253388 0.377521455 5.425674438 0.002851981 0.999994576 0.001622293 -2.659442425 -0.377524674 -0.000425551 0.925999403 102.994842529
0.920053661 -0.004081700 0.391770869 5.657966614 0.003470792 0.999991477 0.002267522 -2.676072598 -0.391776741 -0.000726487 0.920060039 103.474220276
0.914313972 -0.003830190 0.404988021 5.895393372 0.003402065 0.999992728 0.001776857 -2.683312178 -0.404991835 -0.000246810 0.914320290 103.977546692
0.909484744 -0.003953354 0.415718466 6.144886017 0.003759380 0.999992132 0.001285062 -2.695629358 -0.415720254 0.000394099 0.909492433 104.459213257
0.903149962 -0.004487105 0.429301798 6.391708374 0.003901395 0.999989867 0.002244376 -2.719772577 -0.429307461 -0.000352133 0.903158307 104.931518555
0.896378458 -0.004954592 0.443262070 6.656459808 0.004277338 0.999987721 0.002527665 -2.734147787 -0.443269104 -0.000369763 0.896388531 105.426101685
0.891034365 -0.006703918 0.453886330 6.932968140 0.006245532 0.999977350 0.002508959 -2.754764557 -0.453892887 0.000599193 0.891056001 105.867691040
0.885027587 -0.005654395 0.465504140 7.184093475 0.005097379 0.999983966 0.002455365 -2.758316517 -0.465510607 0.000199785 0.885042250 106.351776123
0.877687156 -0.005165547 0.479206234 7.465671539 0.004668126 0.999986589 0.002229363 -2.769836664 -0.479211390 0.000280311 0.877699494 106.825386047
