1.000000000 0.000000000 0.000000000 0.000000000 0.000000000 1.000000000 0.000000000 0.000000000 0.000000000 0.000000000 1.000000000 0.000000000
1.000000000 -0.000062286 -0.000206403 0.004837826 0.000062318 1.000000000 0.000155212 -0.003738867 0.000206393 -0.000155225 0.999999940 -0.003891994
1.000000000 0.000037069 0.000005419 0.000649960 -0.000037069 1.000000000 0.000071345 -0.002730579 -0.000005417 -0.000071345 1.000000000 -0.003163296
1.000000000 -0.000109399 -0.000149585 0.006437873 0.000109427 1.000000000 0.000186376 -0.003011777 0.000149564 -0.000186392 1.000000000 -0.004515766
1.000000000 -0.000042581 -0.000052872 0.000907162 0.000042583 1.000000000 0.000041281 -0.000470305 0.000052871 -0.000041283 1.000000000 0.000132867
1.000000000 -0.000031237 0.000063638 -0.000671575 0.000031236 1.000000000 0.000007710 -0.001654782 -0.000063638 -0.000007708 1.000000000 -0.001521595
1.000000000 -0.000104173 -0.000144798 0.004979894 0.000104198 1.000000000 0.000175081 -0.003261601 0.000144780 -0.000175096 1.000000000 -0.007177579
1.000000000 -0.000134193 -0.000055959 -0.000438459 0.000134195 1.000000000 0.000041665 -0.000008063 0.000055954 -0.000041672 1.000000000 0.000661212
1.000000000 0.000006495 -0.000087154 0.002582093 -0.000006487 1.000000000 0.000090352 -0.003414080 0.000087155 -0.000090351 1.000000000 -0.009050130
1.000000000 0.000026078 0.000036867 0.000640740 -0.000026082 1.000000000 0.000103879 -0.002695150 -0.000036864 -0.000103880 1.000000000 -0.005619140
1.000000000 0.000117656 0.000088704 -0.001165451 -0.000117661 1.000000000 0.000047524 -0.000961702 -0.000088698 -0.000047534 1.000000000 -0.005088284
1.000000000 -0.000106493 -0.000023656 -0.000489541 0.000106495 1.000000000 0.000090895 -0.003843227 0.000023646 -0.000090897 1.000000000 -0.008580155
1.000000000 -0.000066324 -0.000006520 0.000301830 0.000066324 1.000000000 0.000061464 -0.001842224 0.000006516 -0.000061465 1.000000000 -0.006250950
1.000000000 -0.000062779 -0.000017367 0.000557773 0.000062781 1.000000000 0.000090178 -0.001805055 0.000017361 -0.000090179 1.000000000 -0.005922241
1.000000000 -0.000228523 -0.000082734 0.001125939 0.000228539 0.999999940 0.000188863 -0.002307875 0.000082691 -0.000188882 1.000000000 -0.008373892
0.999999940 -0.000235717 -0.000109641 -0.000783306 0.000235731 0.999999940 0.000128228 -0.002736276 0.000109611 -0.000128253 1.000000000 -0.009547676
1.000000000 -0.000167799 0.000023824 0.000011757 0.000167798 1.000000000 0.000052372 -0.001161669 -0.000023833 -0.000052368 1.000000000 -0.008014204
1.000000000 0.000054804 0.000003076 0.001984090 -0.000054804 1.000000000 0.000184332 -0.003558167 -0.000003066 -0.000184332 1.000000000 -0.011531525
1.000000000 -0.000216707 -0.000069878 0.001896722 0.000216718 0.999999940 0.000156512 -0.004821574 0.000069844 -0.000156527 1.000000000 -0.010259589
1.000000000 -0.000217966 -0.000046884 0.002368622 0.000217972 0.999999940 0.000127426 -0.005382043 0.000046857 -0.000127436 1.000000000 -0.012279382
1.000000000 -0.000067417 -0.000039296 0.002781088 0.000067427 0.999999940 0.000244625 -0.005667261 0.000039280 -0.000244628 0.999999940 -0.014085232
1.000000000 0.000022224 0.000047548 -0.000626548 -0.000022229 1.000000000 0.000112614 -0.001088585 -0.000047546 -0.000112615 1.000000000 -0.006688365
0.999999940 -0.000211349 -0.000153955 0.004706405 0.000211374 0.999999940 0.000165208 -0.003453010 0.000153920 -0.000165240 1.000000000 -0.012786741
1.000000000 -0.000203979 -0.000103871 0.003090906 0.000204006 0.999999940 0.000264609 -0.004597132 0.000103817 -0.000264630 0.999999940 -0.010411319
1.000000000 -0.000073351 -0.000135384 0.006006344 0.000073378 1.000000000 0.000201857 -0.003436705 0.000135369 -0.000201867 1.000000000 -0.015837722
1.000000000 -0.000081957 -0.000044287 0.000847505 0.000081966 1.000000000 0.000203933 -0.003213432 0.000044271 -0.000203937 1.000000000 -0.013726054
1.000000000 -0.000084393 -0.000014442 -0.001581446 0.000084396 1.000000000 0.000205410 -0.004853524 0.000014425 -0.000205411 1.000000000 -0.015341858
1.000000000 -0.000077631 -0.000002324 -0.001207954 0.000077631 1.000000000 0.000193495 -0.003255205 0.000002309 -0.000193495 1.000000000 -0.009567782
0.999999940 -0.000252066 -0.000155820 -0.000121237 0.000252087 0.999999940 0.000136287 0.000284251 0.000155786 -0.000136327 1.000000000 -0.007406996
1.000000000 -0.000130845 -0.000108457 0.001748727 0.000130867 1.000000000 0.000201261 -0.002467034 0.000108430 -0.000201275 1.000000000 -0.009573421
1.000000000 -0.000140577 0.000022476 -0.001268975 0.000140574 1.000000000 0.000126977 -0.001657513 -0.000022494 -0.000126974 1.000000000 -0.003090049
0.999999940 -0.000239610 -0.000093256 -0.001631794 0.000239631 0.999999940 0.000229359 -0.002693099 0.000093201 -0.000229382 0.999999940 -0.009471992
0.999999940 -0.000191663 -0.000156899 0.002238438 0.000191704 0.999999940 0.000259859 -0.003614968 0.000156849 -0.000259890 0.999999940 -0.014243185
1.000000000 -0.000043682 -0.000125194 -0.000027015 0.000043692 1.000000000 0.000079724 -0.000964449 0.000125191 -0.000079729 1.000000000 -0.005762101
1.000000000 -0.000095920 -0.000068708 -0.001080545 0.000095925 1.000000000 0.000081402 -0.000761982 0.000068700 -0.000081409 1.000000000 -0.007075008
1.000000000 -0.000189508 -0.000067708 -0.001762187 0.000189507 1.000000000 -0.000013995 0.000404614 0.000067710 0.000013983 1.000000000 -0.010818019
0.999999940 -0.000269514 -0.000211756 0.003707799 0.000269530 0.999999940 0.000072702 -0.001138602 0.000211737 -0.000072759 1.000000000 -0.009887650
1.000000000 -0.000216820 -0.000045634 0.000748736 0.000216822 1.000000000 0.000037870 0.000174168 0.000045626 -0.000037879 1.000000000 -0.008476174
1.000000000 -0.000071928 -0.000102932 0.002238591 0.000071966 0.999999940 0.000362765 -0.003586932 0.000102906 -0.000362773 0.999999940 -0.018459031
0.999999940 -0.000250144 -0.000238291 0.004852422 0.000250186 0.999999940 0.000177438 -0.005821568 0.000238247 -0.000177498 0.999999940 -0.006496158
1.000000000 -0.000058398 -0.000181599 0.008521482 0.000058322 0.999999881 -0.000422972 -0.008932563 0.000181624 0.000422961 0.999999881 0.041515201
1.000000000 -0.000036236 -0.000186800 0.008140561 0.000035989 0.999999106 -0.001317288 -0.003201303 0.000186848 0.001317281 0.999999106 0.144050747
1.000000000 -0.000058697 -0.000060787 0.004814045 0.000058613 0.999999046 -0.001391267 -0.010550087 0.000060868 0.001391264 0.999999046 0.263815671
0.999999940 -0.000314267 0.000196799 0.001720424 0.000314506 0.999999225 -0.001214056 -0.016545843 -0.000196418 0.001214117 0.999999225 0.384428442
1.000000000 0.000160831 -0.000016135 0.005604046 -0.000160849 0.999999344 -0.001129712 -0.022143338 0.000015954 0.001129714 0.999999344 0.534793317
1.000000000 0.000094230 0.000030162 0.016333455 -0.000094195 0.999999344 -0.001164550 -0.026503734 -0.000030272 0.001164548 0.999999344 0.681483984
1.000000000 0.000056061 0.000171579 0.031445201 -0.000055939 0.999999762 -0.000713111 -0.039317645 -0.000171619 0.000713101 0.999999702 0.857241094
1.000000000 -0.000051960 0.000177042 0.022461371 0.000052059 0.999999821 -0.000562066 -0.038726490 -0.000177013 0.000562076 0.999999821 1.022788763
0.999999762 0.000207091 0.000627184 0.008704996 -0.000206686 0.999999762 -0.000645777 -0.039770387 -0.000627318 0.000645647 0.999999583 1.195373178
0.999999940 0.000162558 0.000297164 0.031737458 -0.000162436 0.999999881 -0.000412209 -0.054089285 -0.000297231 0.000412161 0.999999881 1.418838263
0.999999821 0.000339995 0.000524823 0.029416289 -0.000339688 0.999999762 -0.000585044 -0.058173619 -0.000525021 0.000584865 0.999999702 1.608204603
0.999999464 0.000633198 0.000791912 0.034327336 -0.000633039 0.999999762 -0.000201458 -0.068774015 -0.000792039 0.000200957 0.999999642 1.804055214
0.999997616 -0.001586054 0.001476661 -0.011333223 0.001581779 0.999994576 0.002891498 -0.104239531 -0.001481239 -0.002889156 0.999994755 1.955499172
0.999997377 -0.001287946 0.001886298 -0.005988292 0.001282579 0.999995172 0.002843680 -0.110633053 -0.001889951 -0.002841254 0.999994159 2.180547953
0.999997735 -0.000567487 0.002039208 -0.008552128 0.000561761 0.999995887 0.002807735 -0.110595122 -0.002040792 -0.002806583 0.999993980 2.392127991
0.999998212 -0.001051703 0.001566128 -0.002592391 0.001047123 0.999995172 0.002922337 -0.129849330 -0.001569194 -0.002920692 0.999994457 2.649651051
0.999998033 -0.000868583 0.001744956 0.002486247 0.000863013 0.999994516 0.003190539 -0.134903908 -0.001747718 -0.003189027 0.999993384 2.881425619
0.999998212 -0.000729220 0.001763897 0.007388808 0.000723919 0.999995232 0.003003992 -0.137961626 -0.001766079 -0.003002710 0.999993980 3.122255325
0.999997556 -0.001344412 0.001766163 0.005496233 0.001338825 0.999994040 0.003160876 -0.145790279 -0.001770402 -0.003158503 0.999993503 3.350384235
0.999997556 -0.001424313 0.001682261 0.013991000 0.001418854 0.999993742 0.003241923 -0.159398928 -0.001686868 -0.003239528 0.999993324 3.614389658
0.999997914 -0.001161795 0.001647850 0.018818814 0.001156459 0.999993980 0.003235206 -0.163125291 -0.001651599 -0.003233293 0.999993384 3.862617254
0.999997616 -0.001652639 0.001444124 0.030849099 0.001647721 0.999992907 0.003400030 -0.171900153 -0.001449732 -0.003397642 0.999993145 4.138756752
0.999998033 -0.000392161 0.001979796 0.022081396 0.000384926 0.999993265 0.003653407 -0.180208296 -0.001981215 -0.003652637 0.999991298 4.389312744
0.999997854 -0.001161847 0.001670287 0.034530297 0.001155570 0.999992192 0.003754661 -0.188454479 -0.001674637 -0.003752723 0.999991536 4.616318703
0.999997139 -0.001857022 0.001493902 0.029756028 0.001851013 0.999990225 0.004014178 -0.209538937 -0.001501342 -0.004011401 0.999990821 4.880693436
0.999996126 -0.002298540 0.001542664 0.040194236 0.002292575 0.999989867 0.003857109 -0.217506558 -0.001551514 -0.003853557 0.999991357 5.137507439
0.999997258 -0.001735707 0.001561119 0.042455006 0.001729517 0.999990702 0.003957627 -0.220657691 -0.001567974 -0.003954916 0.999990940 5.407057285
0.999996066 -0.002103171 0.001858440 0.043514058 0.002095651 0.999989629 0.004039509 -0.230307981 -0.001866917 -0.004035600 0.999990106 5.655973911
0.999996126 -0.002024069 0.001930855 0.048626285 0.002015956 0.999989152 0.004194511 -0.241644099 -0.001939324 -0.004190602 0.999989331 5.937632084
0.999996901 -0.001025741 0.002229733 0.040191859 0.001016192 0.999990344 0.004279364 -0.258233041 -0.002234101 -0.004277085 0.999988317 6.176296234
0.999997079 -0.000798140 0.002275120 0.041718557 0.000788368 0.999990523 0.004292932 -0.264551312 -0.002278525 -0.004291126 0.999988198 6.451643467
0.999996781 -0.001098763 0.002270886 0.048917077 0.001089273 0.999990642 0.004176325 -0.272345632 -0.002275453 -0.004173838 0.999988735 6.743745327
0.999996006 -0.001394021 0.002473935 0.061728213 0.001383257 0.999989569 0.004347609 -0.274264038 -0.002479970 -0.004344169 0.999987543 7.050952911
0.999996185 -0.001917858 0.001958244 0.078872189 0.001909552 0.999989212 0.004234671 -0.290507793 -0.001966344 -0.004230916 0.999989152 7.339531898
0.999995887 -0.001067365 0.002707986 0.063265525 0.001056071 0.999990702 0.004168986 -0.306068063 -0.002712411 -0.004166109 0.999987662 7.627991676
0.999995828 -0.000797377 0.002775816 0.077970572 0.000783658 0.999987483 0.004939875 -0.322826326 -0.002779721 -0.004937679 0.999984026 7.947397232
0.999994814 -0.001256797 0.002963259 0.068755075 0.001242582 0.999987721 0.004793812 -0.324997276 -0.002969248 -0.004790105 0.999984145 8.256776810
0.999995053 -0.000783757 0.003034590 0.086355954 0.000769266 0.999988317 0.004773484 -0.335344523 -0.003038296 -0.004771126 0.999984026 8.582914352
0.999994874 -0.001161630 0.002992588 0.080125175 0.001147124 0.999987662 0.004844275 -0.332529068 -0.002998178 -0.004840817 0.999983847 8.956666946
0.999995172 -0.001523418 0.002678917 0.083680928 0.001510812 0.999987721 0.004701373 -0.355194747 -0.002686046 -0.004697303 0.999985337 9.214191437
0.999995172 -0.001582632 0.002648422 0.093994811 0.001570160 0.999987662 0.004704786 -0.360194862 -0.002655835 -0.004700605 0.999985397 9.556228638
0.999995291 -0.001854828 0.002448648 0.102225900 0.001843224 0.999987125 0.004732570 -0.365067601 -0.002457395 -0.004728034 0.999985814 9.905084610
0.999995589 -0.001374472 0.002633065 0.103099301 0.001361585 0.999987066 0.004889940 -0.375873119 -0.002639752 -0.004886333 0.999984562 10.284930229
0.999995351 -0.001263156 0.002756387 0.119629808 0.001248962 0.999985933 0.005145208 -0.386218995 -0.002762847 -0.005141741 0.999983013 10.643191338
0.999995470 -0.001128515 0.002761549 0.125673890 0.001114332 0.999986172 0.005131674 -0.393179208 -0.002767302 -0.005128573 0.999982953 11.032066345
0.999995649 -0.002088914 0.002061852 0.138279319 0.002077877 0.999983609 0.005340562 -0.424758136 -0.002072974 -0.005336255 0.999983549 11.283668518
0.999995530 -0.002292238 0.001928804 0.148314714 0.002282561 0.999984860 0.005004285 -0.426484883 -0.001940246 -0.004999859 0.999985576 11.675243378
0.999995232 -0.002356259 0.001996108 0.164878950 0.002345969 0.999984086 0.005141712 -0.437263906 -0.002008191 -0.005137004 0.999984801 12.065764427
0.999995470 -0.000781380 0.002911535 0.154117107 0.000765630 0.999985099 0.005406599 -0.450316936 -0.002915716 -0.005404345 0.999981225 12.430832863
0.999994576 -0.002323166 0.002309955 0.181917623 0.002310365 0.999982059 0.005528964 -0.457638144 -0.002322759 -0.005523597 0.999982119 12.825397491
0.999994993 -0.002362036 0.002108608 0.205230653 0.002350361 0.999981999 0.005522415 -0.460131288 -0.002121615 -0.005517432 0.999982536 13.217494011
0.999994516 -0.002318615 0.002382738 0.206100166 0.002304399 0.999979615 0.005951485 -0.487856448 -0.002396489 -0.005945961 0.999979436 13.636792183
0.999993920 -0.002682701 0.002203522 0.198568314 0.002668243 0.999975026 0.006538428 -0.517400026 -0.002221008 -0.006532508 0.999976218 13.924413681
0.999990582 -0.003906675 0.001879370 0.212421894 0.003894888 0.999972939 0.006235057 -0.528568685 -0.001903678 -0.006227678 0.999978781 14.358627319
0.999988675 -0.004457308 0.001694848 0.226052433 0.004445944 0.999968052 0.006650504 -0.541730165 -0.001724438 -0.006642893 0.999976516 14.758710861
0.999991119 -0.003377116 0.002506028 0.226305276 0.003359237 0.999969125 0.007104296 -0.554563403 -0.002529942 -0.007095815 0.999971628 15.159108162
0.999988735 -0.003724702 0.002934446 0.257622927 0.003702837 0.999965608 0.007421693 -0.571886480 -0.002961989 -0.007410743 0.999968171 15.608621597
0.999989688 -0.003342499 0.003077725 0.237605155 0.003319631 0.999967098 0.007405472 -0.592063546 -0.003102376 -0.007395179 0.999967754 16.040027618
0.999989390 -0.003304020 0.003216375 0.250613779 0.003282782 0.999972999 0.006586196 -0.591188669 -0.003238049 -0.006575567 0.999973118 16.507701874
0.999987602 -0.003255898 0.003784545 0.262578368 0.003229853 0.999971211 0.006868003 -0.600817084 -0.003806797 -0.006855693 0.999969184 16.954032898
0.999987125 -0.003435529 0.003739831 0.270223200 0.003408877 0.999968886 0.007109899 -0.617779613 -0.003764140 -0.007097058 0.999967754 17.418054581
0.999982893 -0.004602784 0.003615605 0.295744658 0.004575966 0.999962211 0.007390871 -0.610915124 -0.003649487 -0.007374199 0.999966145 17.896982193
0.999982953 -0.003378470 0.004783157 0.292078733 0.003344066 0.999968529 0.007182651 -0.622294247 -0.004807273 -0.007166533 0.999962747 18.399480820
0.999985695 -0.003426065 0.004104142 0.313604742 0.003394307 0.999964356 0.007720234 -0.632057071 -0.004130446 -0.007706192 0.999961734 18.868663788
0.999980271 -0.004744565 0.004114607 0.309402466 0.004714877 0.999962926 0.007195208 -0.668111205 -0.004148593 -0.007175667 0.999965668 19.278846741
0.999981940 -0.004394817 0.004101723 0.317914158 0.004365266 0.999964654 0.007185719 -0.673942804 -0.004133157 -0.007167685 0.999965787 19.776563644
0.999984622 -0.003802741 0.004023468 0.326550871 0.003773858 0.999967158 0.007161905 -0.680838466 -0.004050571 -0.007146610 0.999966264 20.267271042
0.999982059 -0.004802401 0.003593496 0.342258334 0.004772386 0.999954045 0.008314906 -0.719632983 -0.003633262 -0.008297606 0.999959052 20.787508011
0.999986708 -0.003800165 0.003466032 0.361409664 0.003773514 0.999963462 0.007663667 -0.731193304 -0.003495028 -0.007650487 0.999964654 21.294052124
0.999983311 -0.004972183 0.002912779 0.341486037 0.004948373 0.999954700 0.008125250 -0.768100023 -0.002953048 -0.008110702 0.999962687 21.741641998
0.999984682 -0.004706051 0.002894845 0.343479335 0.004680752 0.999951303 0.008684900 -0.785530448 -0.002935575 -0.008671218 0.999958098 22.280817032
0.999981344 -0.005818428 0.001855830 0.347914457 0.005802206 0.999945939 0.008629792 -0.794854343 -0.001905942 -0.008618864 0.999961078 22.810726166
0.999983609 -0.005431036 0.001785766 0.340841979 0.005415445 0.999948084 0.008622740 -0.817381561 -0.001832504 -0.008612929 0.999961197 23.323884964
0.999974966 -0.007034135 0.000762362 0.348711699 0.007027134 0.999936342 0.008826713 -0.847646356 -0.000824402 -0.008821134 0.999960780 23.812198639
0.999980211 -0.006279883 0.000222081 0.355676502 0.006277644 0.999940217 0.008954266 -0.852325320 -0.000278299 -0.008952696 0.999959886 24.354476929
0.999983847 -0.005688919 -0.000139538 0.379669011 0.005689966 0.999940991 0.009261223 -0.863303423 0.000086843 -0.009261867 0.999957144 24.886768341
0.999988496 -0.004787663 0.000413264 0.336228520 0.004783667 0.999946356 0.009182354 -0.890049934 -0.000457204 -0.009180269 0.999957860 25.351722717
0.999982357 -0.005880612 -0.000809223 0.344925374 0.005887982 0.999938250 0.009427494 -0.910795867 0.000753734 -0.009432093 0.999955237 25.912118912
0.999987721 -0.004888248 -0.000742857 0.351502568 0.004895223 0.999941051 0.009696325 -0.913648486 0.000695415 -0.009699845 0.999952674 26.455167770
0.999981046 -0.005935026 -0.001648233 0.378660411 0.005951799 0.999928653 0.010364411 -0.943879962 0.001586603 -0.010374024 0.999944866 26.979711533
0.999981225 -0.005527778 -0.002636377 0.418096304 0.005554893 0.999930680 0.010391258 -0.955366611 0.002578753 -0.010405709 0.999942541 27.525976181
0.999982059 -0.005229277 -0.002918620 0.425552338 0.005259330 0.999932289 0.010386370 -0.953749597 0.002864109 -0.010401535 0.999941766 28.035701752
0.999981642 -0.005284817 -0.002946955 0.433000594 0.005317300 0.999924064 0.011125888 -0.973685384 0.002887932 -0.011141356 0.999933720 28.559715271
0.999977052 -0.005887814 -0.003337153 0.383356869 0.005925813 0.999916315 0.011493348 -1.030464530 0.003269204 -0.011512860 0.999928296 29.136812210
0.999976754 -0.005819601 -0.003536810 0.394466579 0.005859539 0.999917984 0.011388611 -1.037107468 0.003470242 -0.011409072 0.999928832 29.684707642
0.999972999 -0.005880327 -0.004412827 0.417551965 0.005928194 0.999922872 0.010913895 -1.045674682 0.004348309 -0.010939760 0.999930680 30.245607376
0.999970257 -0.005953072 -0.004906616 0.447385430 0.006014284 0.999903023 0.012556551 -1.084558010 0.004831390 -0.012585687 0.999909103 30.761568069
0.999974668 -0.005311356 -0.004742277 0.427652240 0.005370243 0.999907613 0.012492385 -1.121112704 0.004675488 -0.012517536 0.999910712 31.333845139
0.999973536 -0.005889420 -0.004276984 0.373208523 0.005943381 0.999901474 0.012715254 -1.156338453 0.004201679 -0.012740338 0.999909997 31.772556305
0.999975502 -0.005632391 -0.004173313 0.375355005 0.005683688 0.999907196 0.012383578 -1.152247429 0.004103177 -0.012406993 0.999914527 32.331489563
0.999970675 -0.006063670 -0.004684703 0.386480719 0.006124260 0.999896288 0.013029494 -1.168178558 0.004605211 -0.013057802 0.999904156 32.900085449
0.999964595 -0.006815788 -0.004947760 0.359939575 0.006883664 0.999880552 0.013833499 -1.186233044 0.004852883 -0.013867067 0.999891996 33.388214111
0.999967515 -0.006266912 -0.005081629 0.376440167 0.006341119 0.999871492 0.014720943 -1.209814191 0.004988721 -0.014752687 0.999878645 33.901630402
0.999958694 -0.007316340 -0.005403721 0.398317099 0.007393667 0.999868453 0.014431494 -1.225794554 0.005297424 -0.014470849 0.999881268 34.492961884
0.999953032 -0.007785792 -0.005769440 0.353316307 0.007861624 0.999881446 0.013239786 -1.211189747 0.005665674 -0.013284523 0.999895692 35.098159790
0.999954700 -0.007611485 -0.005708492 0.350578547 0.007688151 0.999878883 0.013530771 -1.232735157 0.005604812 -0.013574048 0.999892116 35.653652191
0.999961793 -0.006930570 -0.005335393 0.346106261 0.007001732 0.999885261 0.013437049 -1.235038757 0.005241655 -0.013473894 0.999895453 36.170455933
0.999962687 -0.006868804 -0.005230799 0.340904593 0.006938720 0.999885201 0.013467426 -1.249955058 0.005137693 -0.013503219 0.999895692 36.690895081
0.999955416 -0.007733869 -0.005418499 0.350054383 0.007806787 0.999877512 0.013568111 -1.258144379 0.005312901 -0.013609806 0.999893248 37.342063904
0.999959767 -0.006779951 -0.005868008 0.386505753 0.006858759 0.999885142 0.013515959 -1.248908877 0.005775696 -0.013555663 0.999891400 37.894012451
0.999939859 -0.008956577 -0.006335048 0.362927139 0.009050255 0.999847710 0.014916371 -1.290048957 0.006200484 -0.014972807 0.999868691 38.401805878
0.999938726 -0.008786128 -0.006733952 0.370253563 0.008884646 0.999851823 0.014742493 -1.294919252 0.006603424 -0.014801419 0.999868691 39.095397949
0.999954402 -0.007580945 -0.005803667 0.299223959 0.007664008 0.999866486 0.014426284 -1.317148447 0.005693528 -0.014470107 0.999879122 39.470981598
0.999956071 -0.007781552 -0.005220975 0.295108140 0.007855769 0.999866188 0.014348947 -1.334215283 0.005108619 -0.014389334 0.999883413 39.994987488
0.999960601 -0.006766871 -0.005734602 0.317829788 0.006844899 0.999882698 0.013697992 -1.328310490 0.005641238 -0.013736707 0.999889791 40.572162628
0.999952495 -0.007739528 -0.005927548 0.329906106 0.007830188 0.999850392 0.015427109 -1.374761343 0.005807264 -0.015472790 0.999863505 41.148769379
0.999953568 -0.007575142 -0.005956796 0.330589235 0.007664921 0.999855161 0.015196202 -1.366118908 0.005840821 -0.015241157 0.999866843 41.661251068
0.999948442 -0.008128338 -0.006090396 0.358336180 0.008219443 0.999852419 0.015086323 -1.384191036 0.005966872 -0.015135605 0.999867678 42.199802399
0.999947011 -0.008310001 -0.006062394 0.341903389 0.008403154 0.999844372 0.015505441 -1.369075894 0.005932602 -0.015555564 0.999861479 42.745033264
0.999956906 -0.007417557 -0.005568100 0.358713686 0.007504897 0.999846458 0.015832487 -1.415838718 0.005449807 -0.015873594 0.999859214 43.263538361
0.999966204 -0.006495471 -0.005032244 0.351128995 0.006568051 0.999872625 0.014543187 -1.378609538 0.004937139 -0.014575750 0.999881625 43.824600220
0.999949217 -0.008233055 -0.005810296 0.269804537 0.008322281 0.999845207 0.015503186 -1.468358278 0.005681758 -0.015550751 0.999862909 44.354824066
0.999954402 -0.007610144 -0.005759339 0.277533770 0.007696168 0.999856889 0.015064579 -1.469901085 0.005643871 -0.015108217 0.999869883 44.914108276
0.999949098 -0.008320936 -0.005700572 0.281724691 0.008411703 0.999835193 0.016087489 -1.482055306 0.005565770 -0.016134623 0.999854326 45.429073334
0.999950945 -0.008161535 -0.005618913 0.286367685 0.008253681 0.999828517 0.016576409 -1.498604178 0.005482660 -0.016621972 0.999846756 45.944591522
0.999955952 -0.007651120 -0.005438137 0.274641067 0.007737899 0.999840081 0.016119450 -1.501029730 0.005313934 -0.016160818 0.999855280 46.536663055
0.999954402 -0.007793797 -0.005515293 0.289727122 0.007887423 0.999821544 0.017162383 -1.552184701 0.005380549 -0.017205101 0.999837458 47.087726593
0.999961615 -0.006768683 -0.005566041 0.316878110 0.006857294 0.999847472 0.016057886 -1.518823504 0.005456501 -0.016095435 0.999855578 47.620704651
0.999957085 -0.007779940 -0.005024244 0.242277637 0.007861252 0.999835074 0.016372150 -1.557173729 0.004896040 -0.016410947 0.999853313 48.060501099
0.999951422 -0.008096687 -0.005610650 0.264517546 0.008189384 0.999826968 0.016700553 -1.568369985 0.005474460 -0.016745688 0.999844790 48.595485687
0.999946475 -0.008382684 -0.006056776 0.289675415 0.008479797 0.999832988 0.016190130 -1.565670729 0.005920047 -0.016240623 0.999850571 49.157348633
0.999949157 -0.008291990 -0.005741536 0.286807805 0.008385133 0.999830425 0.016393077 -1.575136423 0.005604632 -0.016440384 0.999849141 49.723125458
0.999961734 -0.007084697 -0.005137540 0.287056237 0.007168689 0.999837875 0.016518937 -1.575181246 0.005019675 -0.016555134 0.999850333 50.276290894
0.999956787 -0.007758091 -0.005117404 0.273609757 0.007845194 0.999820769 0.017226363 -1.598240614 0.004982844 -0.017265765 0.999838471 50.818019867
0.999958277 -0.007467228 -0.005265382 0.253195733 0.007559691 0.999813557 0.017764784 -1.622617841 0.005131748 -0.017803850 0.999828339 51.199142456
0.999965906 -0.006532341 -0.005050108 0.264138550 0.006614273 0.999843955 0.016381213 -1.620016575 0.004942313 -0.016414056 0.999853075 51.746856689
0.999963760 -0.007128409 -0.004671674 0.275507718 0.007206841 0.999829590 0.016992629 -1.624914885 0.004549748 -0.017025681 0.999844670 52.306118011
0.999968052 -0.006488754 -0.004683884 0.241960645 0.006568162 0.999831498 0.017141866 -1.652146101 0.004571866 -0.017172080 0.999842048 52.850627899
0.999961615 -0.007325285 -0.004835041 0.235939950 0.007411142 0.999810815 0.017984606 -1.679232121 0.004702385 -0.018019745 0.999826491 53.302017212
0.999960065 -0.007372672 -0.005056525 0.246235460 0.007461863 0.999812782 0.017852658 -1.683334827 0.004923957 -0.017889677 0.999827802 53.845699310
0.999962509 -0.006938949 -0.005172428 0.256381184 0.007032186 0.999809086 0.018231051 -1.694628954 0.005044936 -0.018266741 0.999820352 54.408676147
0.999952137 -0.008048989 -0.005568876 0.279921532 0.008146224 0.999810874 0.017663527 -1.679012418 0.005425650 -0.017708046 0.999828398 54.966674805
0.999952257 -0.007744153 -0.005957137 0.294354409 0.007854390 0.999794126 0.018709891 -1.702290773 0.005811017 -0.018755784 0.999807119 55.485874176
0.999966741 -0.006878065 -0.004378668 0.222365335 0.006955928 0.999813378 0.018022791 -1.699381113 0.004253889 -0.018052649 0.999827981 55.889873505
0.999969065 -0.006556156 -0.004343146 0.230268687 0.006634136 0.999812424 0.018190365 -1.702767968 0.004223073 -0.018218614 0.999825120 56.414878845
0.999970913 -0.006534128 -0.003926034 0.239578441 0.006605094 0.999809861 0.018343195 -1.718222022 0.003805430 -0.018368592 0.999824047 56.999221802
0.999964893 -0.007279028 -0.004144002 0.262885451 0.007352029 0.999813020 0.017882228 -1.719132781 0.004013063 -0.017912067 0.999831498 57.567569733
0.999966264 -0.007068210 -0.004191175 0.256489098 0.007142119 0.999814451 0.017889729 -1.721327662 0.004063949 -0.017919060 0.999831140 58.082504272
0.999954402 -0.008021885 -0.005169688 0.265525103 0.008114747 0.999801338 0.018199474 -1.742846370 0.005022665 -0.018240595 0.999820948 58.475475311
0.999961972 -0.007651090 -0.004175169 0.278913647 0.007726325 0.999802351 0.018311214 -1.754469872 0.004034244 -0.018342774 0.999823570 59.025466919
0.999959052 -0.007652842 -0.004829560 0.289996237 0.007736747 0.999815226 0.017600594 -1.733270884 0.004693972 -0.017637238 0.999833345 59.574638367
0.999947667 -0.008814522 -0.005204076 0.321758240 0.008904613 0.999806285 0.017549897 -1.738961458 0.005048376 -0.017595315 0.999832392 60.146179199
0.999957800 -0.007900004 -0.004699508 0.325756818 0.007982588 0.999809325 0.017821681 -1.755071282 0.004557822 -0.017858442 0.999830067 60.687526703
0.999964416 -0.006946603 -0.004807273 0.387914807 0.007034412 0.999804199 0.018496474 -1.780790687 0.004677845 -0.018529631 0.999817371 61.173572540
0.999960184 -0.007703559 -0.004492634 0.271315902 0.007788611 0.999784648 0.019231614 -1.804139018 0.004343515 -0.019265840 0.999804974 61.566257477
0.999957800 -0.008058581 -0.004418282 0.277012199 0.008143850 0.999773979 0.019633321 -1.815678358 0.004259068 -0.019668475 0.999797463 62.072849274
0.999958336 -0.007741859 -0.004826124 0.285824329 0.007835247 0.999776363 0.019641608 -1.826836824 0.004672982 -0.019678606 0.999795496 62.625556946
0.999969721 -0.006537325 -0.004215992 0.266148776 0.006622108 0.999769568 0.020419477 -1.847095013 0.004081531 -0.020446781 0.999782681 63.178749084
0.999954998 -0.008118468 -0.004925122 0.282894939 0.008213275 0.999775231 0.019544832 -1.836086154 0.004765342 -0.019584404 0.999796808 63.731590271
0.999941885 -0.008810284 -0.006206176 0.301615953 0.008929971 0.999769330 0.019529125 -1.848072886 0.006032689 -0.019583413 0.999790072 64.397186279
0.999950349 -0.008766434 -0.004723752 0.260106325 0.008861976 0.999748468 0.020599356 -1.890817404 0.004541981 -0.020640196 0.999776602 64.755378723
0.999954224 -0.008288584 -0.004780961 0.282720745 0.008387378 0.999743700 0.021028293 -1.906568050 0.004605441 -0.021067429 0.999767423 65.278244019
0.999955475 -0.008395757 -0.004292645 0.277815849 0.008481083 0.999758720 0.020261172 -1.896667838 0.004121502 -0.020296680 0.999785483 65.844009399
0.999958336 -0.008388395 -0.003594472 0.288154781 0.008457717 0.999769628 0.019725110 -1.886594296 0.003428182 -0.019754689 0.999798954 66.393188477
0.999954462 -0.008295694 -0.004722679 0.335390478 0.008389106 0.999762416 0.020115683 -1.895111680 0.004554683 -0.020154381 0.999786437 66.946220398
0.999944746 -0.009159776 -0.005163988 0.344665110 0.009260162 0.999761820 0.019762687 -1.890547156 0.004981736 -0.019809414 0.999791384 67.537193298
0.999955535 -0.008310162 -0.004456788 0.261057824 0.008404233 0.999733090 0.021521214 -1.952836394 0.004276754 -0.021557715 0.999758422 67.945411682
0.999961317 -0.007394975 -0.004766980 0.282774746 0.007495353 0.999743044 0.021394862 -1.960497022 0.004607541 -0.021429766 0.999759674 68.482612610
0.999959230 -0.007833593 -0.004489482 0.286836356 0.007926552 0.999746501 0.021076471 -1.958775640 0.004323240 -0.021111198 0.999767840 69.033813477
0.999954045 -0.008317081 -0.004765288 0.319217682 0.008411682 0.999760807 0.020188492 -1.944750667 0.004596238 -0.020227645 0.999784887 69.545867920
0.999950409 -0.008311889 -0.005477754 0.326310933 0.008424853 0.999745429 0.020932944 -1.960478067 0.005302368 -0.020978060 0.999765933 70.080650330
0.999956846 -0.008244247 -0.004281827 0.289720029 0.008336586 0.999722898 0.022014685 -2.000308990 0.004099146 -0.022049431 0.999748468 70.519805908
0.999957740 -0.008147651 -0.004240173 0.301433653 0.008238142 0.999728918 0.021780631 -2.005521536 0.004061562 -0.021814644 0.999753773 71.073249817
0.999961674 -0.007503294 -0.004510327 0.310202658 0.007598477 0.999740660 0.021470098 -2.007595539 0.004348060 -0.021503542 0.999759376 71.639686584
0.999945462 -0.009114662 -0.005091431 0.316637307 0.009220423 0.999733865 0.021150231 -2.003007650 0.004897297 -0.021196026 0.999763370 72.198577881
0.999941289 -0.009377161 -0.005434703 0.355652988 0.009491406 0.999726176 0.021391379 -2.005957603 0.005232623 -0.021441706 0.999756396 72.802757263
0.999938548 -0.010139395 -0.004477537 0.305996716 0.010234708 0.999709904 0.021803573 -1.995197058 0.004255163 -0.021848062 0.999752343 73.184516907
0.999944150 -0.009582666 -0.004448569 0.315132231 0.009676222 0.999721885 0.021508258 -1.994934559 0.004241225 -0.021550104 0.999758780 73.726623535
0.999942183 -0.009593537 -0.004851122 0.304051697 0.009696683 0.999717355 0.021705691 -2.000115871 0.004641518 -0.021751476 0.999752581 74.261383057
0.999924421 -0.010952438 -0.005581511 0.346269548 0.011069346 0.999710441 0.021363741 -2.002810478 0.005345912 -0.021423912 0.999756157 74.796730042
0.999924719 -0.010866667 -0.005693392 0.386827946 0.010984518 0.999717176 0.021094199 -1.999667764 0.005462558 -0.021155151 0.999761224 75.202850342
0.999935567 -0.010133983 -0.005104426 0.326616853 0.010241550 0.999716222 0.021507893 -2.006530285 0.004885018 -0.021558788 0.999755740 75.718811035
0.999931157 -0.010374243 -0.005480831 0.336648166 0.010491434 0.999707222 0.021804532 -2.006863594 0.005253020 -0.021860536 0.999747217 76.274719238
0.999933183 -0.010187709 -0.005477661 0.321050286 0.010300532 0.999726832 0.020979438 -1.998203397 0.005262433 -0.021034462 0.999764860 76.870544434
0.999923527 -0.011041274 -0.005581627 0.373825550 0.011157833 0.999710858 0.021301340 -1.996657968 0.005344819 -0.021361990 0.999757528 77.319030762
0.999943554 -0.009687516 -0.004369101 0.302276045 0.009778415 0.999725580 0.021287275 -1.981893420 0.004161682 -0.021328801 0.999763846 77.997200012
0.999935508 -0.010285120 -0.004823339 0.349239469 0.010384872 0.999722660 0.021133583 -2.019936323 0.004604639 -0.021182310 0.999764979 78.547264099
0.999942660 -0.010168738 -0.003353099 0.343724281 0.010239319 0.999710917 0.021750472 -2.029439688 0.003130955 -0.021783557 0.999757946 78.888282776
0.999941528 -0.010726895 -0.001332369 0.340555251 0.010752556 0.999720991 0.021033464 -2.032294989 0.001106373 -0.021046562 0.999777973 79.449058533
0.999947071 -0.010275531 -0.000640211 0.367727786 0.010286966 0.999713600 0.021608725 -2.042692900 0.000417985 -0.021614168 0.999766350 80.014854431
0.999960124 -0.008850361 0.001180570 0.343657523 0.008821728 0.999710560 0.022381755 -2.067045689 -0.001378316 -0.022370448 0.999748826 80.565826416
0.999949455 -0.009711364 0.002607847 0.473827183 0.009650491 0.999702036 0.022420194 -2.075499296 -0.002824801 -0.022393895 0.999745250 80.994651794
0.999934316 -0.009302878 0.006703545 0.414739639 0.009154966 0.999721229 0.021767413 -2.002942801 -0.006904176 -0.021704614 0.999740601 81.609169006
0.999910116 -0.008944731 0.009988110 0.425981760 0.008720950 0.999714911 0.022227934 -2.021746635 -0.010184085 -0.022138828 0.999703050 82.011520386
0.999865592 -0.008750401 0.013863900 0.469458938 0.008451905 0.999734282 0.021444771 -2.020055532 -0.014047868 -0.021324711 0.999673903 82.570320129
0.999771714 -0.008961550 0.019393198 0.489312649 0.008543789 0.999731958 0.021518322 -2.020853996 -0.019580837 -0.021347718 0.999580324 83.130500793
0.999622166 -0.008273555 0.026211848 0.521075606 0.007697672 0.999728441 0.021995606 -2.037887335 -0.026386712 -0.021785520 0.999414504 83.636436462
0.999452293 -0.008762147 0.031909667 0.545811892 0.008078202 0.999736249 0.021499995 -2.036897182 -0.032089643 -0.021230446 0.999259531 84.170272827
0.999170423 -0.009606512 0.039574243 0.611522198 0.008769659 0.999735355 0.021265972 -2.026161432 -0.039768066 -0.020901278 0.998990297 84.696655273
0.998807132 -0.007683699 0.048219688 0.676585197 0.006622259 0.999733150 0.022133879 -2.054490328 -0.048376892 -0.021788152 0.998591483 85.216873169
0.998502374 -0.011116225 0.053566340 0.767667055 0.009999196 0.999727905 0.021076266 -1.970325470 -0.053786054 -0.020509081 0.998341858 85.713699341
0.998037040 -0.011200935 0.061617795 0.913573265 0.009907551 0.999725044 0.021256078 -1.970566392 -0.061838936 -0.020603869 0.997873545 86.284233093
0.997223794 -0.011358958 0.073590398 0.707044125 0.009752091 0.999706924 0.022157891 -2.084037066 -0.073820539 -0.021378711 0.997042298 86.971679688
0.996479869 -0.011218436 0.083077997 0.764538765 0.009388689 0.999705374 0.022382459 -2.084208012 -0.083304621 -0.021523675 0.996291637 87.527336121
0.995765388 -0.010813206 0.091292933 0.809528828 0.008872958 0.999726653 0.021632189 -2.078108311 -0.091501892 -0.020730551 0.995589137 88.158134460
0.994736731 -0.010099311 0.101964325 0.908870697 0.007839636 0.999715269 0.022537882 -2.116116762 -0.102162912 -0.021619899 0.994532645 88.684089661
0.993635297 -0.011739523 0.112031445 0.971829414 0.009298035 0.999708354 0.022290550 -2.083969593 -0.112260461 -0.021107003 0.993454695 89.184791565
0.992479920 -0.010524083 0.121954270 1.042314529 0.007692125 0.999690175 0.023669058 -2.129021406 -0.122165605 -0.022552982 0.992253482 89.563743591
0.991091967 -0.009430819 0.132844642 1.079921722 0.006343733 0.999700367 0.023642432 -2.124881983 -0.133027792 -0.022589095 0.990854859 90.235275269
0.989590108 -0.012857824 0.143338993 1.289805412 0.009692768 0.999694169 0.022757385 -2.115862608 -0.143587723 -0.021131137 0.989411950 91.171279907
0.988288164 -0.017294768 0.151615351 1.679785728 0.014116219 0.999658048 0.022015959 -2.185181856 -0.151944280 -0.019617883 0.988194346 91.939926147
0.986462414 -0.012657343 0.163497761 1.604030609 0.009077315 0.999702811 0.022625085 -2.097585201 -0.163735539 -0.020834679 0.986284256 92.335815430
0.984313369 -0.013733553 0.175893724 1.652392387 0.009897919 0.999694049 0.022665378 -2.124899626 -0.176151216 -0.020568848 0.984148264 92.833099365
0.981970847 -0.014272315 0.188493311 1.732105255 0.010082860 0.999680758 0.023166273 -2.129584074 -0.188763767 -0.020848049 0.981801212 93.364883423
0.979997039 -0.015737146 0.198388845 1.926607132 0.011548267 0.999685705 0.022253932 -2.115809917 -0.198676690 -0.019517738 0.979870737 93.925529480
0.976765931 -0.012912460 0.213919654 1.884668350 0.008175061 0.999701619 0.023015583 -2.040324926 -0.214153036 -0.020732027 0.976580203 94.582672119
0.973649800 -0.013141957 0.227669910 2.031227112 0.007976072 0.999689758 0.023595475 -2.043626070 -0.227909386 -0.021157812 0.973452508 95.105247498
0.970970273 -0.015454063 0.238700747 2.190942764 0.010266330 0.999683619 0.022961278 -2.036533833 -0.238980070 -0.019844135 0.970821679 95.646957397
0.968047619 -0.015190053 0.250306010 2.385702133 0.009691224 0.999684095 0.023186363 -2.028975964 -0.250579178 -0.020019729 0.967889011 96.214080811
0.963831842 -0.012964624 0.266195297 2.506008148 0.006900172 0.999695182 0.023704654 -2.029439211 -0.266421437 -0.021010509 0.963627577 96.893478394
0.960312843 -0.013347113 0.278605640 2.684354782 0.007040804 0.999696195 0.023623655 -2.033810616 -0.278836280 -0.020724490 0.960115016 97.414779663
0.957184970 -0.014855455 0.289095670 2.879287720 0.008304744 0.999680519 0.023872832 -2.043170691 -0.289357901 -0.020449853 0.957002461 97.917167664
0.952852070 -0.014681866 0.303079724 3.065286636 0.007682708 0.999675810 0.024272906 -2.046832561 -0.303337842 -0.020800017 0.952656090 98.479003906
0.948400259 -0.015218509 0.316710025 3.276020050 0.007851054 0.999668360 0.024525657 -2.043394804 -0.316978216 -0.020773634 0.948205292 99.009780884
0.944579303 -0.016965991 0.327844620 3.463386536 0.009736528 0.999672115 0.023680443 -2.018441200 -0.328138947 -0.019175990 0.944434822 99.490890503
0.939687610 -0.016130906 0.341653287 3.701948166 0.008340417 0.999670923 0.024259124 -2.026821375 -0.341932237 -0.019946469 0.939512908 100.172004700
0.934513748 -0.015860686 0.355573505 3.928709030 0.007703330 0.999673963 0.024345584 -2.023430586 -0.355843723 -0.020012181 0.934331179 100.694366455
0.929800510 -0.017348494 0.367654830 4.156394958 0.008945973 0.999658585 0.024546407 -2.031757832 -0.367955238 -0.019534227 0.929638326 101.210113525
0.925148427 -0.017074876 0.379221648 4.395259857 0.008170445 0.999652147 0.025077848 -2.034143209 -0.379517972 -0.020102318 0.924966097 101.743774414
0.919849753 -0.019524088 0.391784936 4.648445129 0.010328446 0.999619842 0.025565177 -2.053478003 -0.392135113 -0.019469587 0.919701636 102.156410217
0.914176047 -0.019673809 0.404839694 4.879093170 0.009660098 0.999595165 0.026763219 -2.083572865 -0.405202270 -0.020555500 0.913995922 102.607162476
0.908624113 -0.017213408 0.417260021 5.159427643 0.007041671 0.999639690 0.025904642 -2.032083511 -0.417555600 -0.020599371 0.908417821 103.348991394
0.902936399 -0.015907463 0.429479480 5.515937805 0.005693736 0.999669969 0.025056211 -2.014623404 -0.429736257 -0.020178825 0.902728856 104.078170776
0.896176577 -0.015770966 0.443417042 5.780464172 0.004980189 0.999662697 0.025489585 -2.018185854 -0.443669438 -0.020634869 0.895952821 104.573272705
0.890302777 -0.016690062 0.455062956 6.044124603 0.005902303 0.999667168 0.025116680 -2.011431456 -0.455330670 -0.019675532 0.890104890 105.069236755
0.884397924 -0.016833797 0.466429830 6.328769684 0.005545883 0.999657869 0.025562836 -2.023519754 -0.466700554 -0.020020956 0.884188712 105.541870117
0.876440823 -0.015766257 0.481251448 6.590736389 0.004269619 0.999679029 0.024974732 -2.000984907 -0.481490761 -0.019834116 0.876226723 106.101913452
0.869861186 -0.017789034 0.492975771 6.851058960 0.005696301 0.999645174 0.026021013 -2.014701128 -0.493263721 -0.019826533 0.869653761 106.505569458
