1.000000000 0.000000000 0.000000000 0.000000000 0.000000000 1.000000000 0.000000000 0.000000000 0.000000000 0.000000000 1.000000000 0.000000000
1.000000000 -0.000058289 -0.000013098 0.000464977 0.000058290 1.000000000 0.000033658 -0.000181883 0.000013096 -0.000033659 1.000000000 -0.000639227
1.000000000 -0.000010859 0.000049481 -0.000102275 0.000010859 1.000000000 0.000000261 0.000370237 -0.000049481 -0.000000260 1.000000000 0.000297128
1.000000000 -0.000084432 0.000045007 -0.000201684 0.000084428 1.000000000 0.000079180 -0.000287364 -0.000045014 -0.000079176 1.000000000 -0.000281342
1.000000000 -0.000094581 -0.000034048 0.000655071 0.000094580 1.000000000 -0.000027614 -0.000155635 0.000034051 0.000027611 1.000000000 -0.000359497
1.000000000 -0.000056822 0.000039544 0.000912683 0.000056817 1.000000000 0.000126683 -0.001139977 -0.000039551 -0.000126681 1.000000000 -0.000428091
1.000000000 0.000076458 0.000159961 -0.000598645 -0.000076444 1.000000000 -0.000088538 0.000909118 -0.000159968 0.000088526 1.000000000 0.000460190
1.000000000 -0.000027598 0.000127008 -0.000015889 0.000027590 1.000000000 0.000064247 -0.000464904 -0.000127009 -0.000064243 1.000000000 -0.000873548
1.000000000 -0.000183368 0.000090237 0.000634587 0.000183374 1.000000000 -0.000058173 0.000897150 -0.000090227 0.000058190 1.000000000 0.000410455
1.000000000 0.000039883 -0.000016238 0.001012119 -0.000039885 1.000000000 -0.000129444 0.000188654 0.000016233 0.000129445 1.000000000 -0.001386475
1.000000000 -0.000048684 0.000008383 0.001078732 0.000048685 1.000000000 -0.000090351 0.000837901 -0.000008379 0.000090351 1.000000000 0.000465338
1.000000000 -0.000060530 0.000115921 -0.000117220 0.000060534 1.000000000 -0.000038841 0.000328940 -0.000115918 0.000038848 1.000000000 -0.000094088
1.000000000 -0.000020210 0.000090607 0.000059244 0.000020201 1.000000000 0.000094403 -0.000586015 -0.000090609 -0.000094401 1.000000000 0.000020083
1.000000000 0.000065529 -0.000011857 0.001201169 -0.000065529 1.000000000 0.000010307 0.000001388 0.000011858 -0.000010306 1.000000000 -0.000521715
0.999999940 -0.000300301 -0.000095607 0.001346310 0.000300300 0.999999940 -0.000007878 -0.000023752 0.000095609 0.000007850 1.000000000 -0.001026169
1.000000000 -0.000055620 0.000095673 0.000208604 0.000055599 1.000000000 0.000226921 -0.001369690 -0.000095686 -0.000226915 0.999999940 -0.001052722
1.000000000 0.000151726 -0.000113611 0.001188829 -0.000151720 1.000000000 0.000051920 0.000207646 0.000113619 -0.000051902 1.000000000 -0.000088601
1.000000000 0.000020513 -0.000046593 0.001076171 -0.000020510 1.000000000 0.000061820 0.000182828 0.000046594 -0.000061819 1.000000000 0.000193679
1.000000000 -0.000010927 -0.000165344 0.001650409 0.000010928 1.000000000 0.000005933 0.000730817 0.000165344 -0.000005935 1.000000000 -0.000402988
1.000000000 0.000103224 -0.000058510 0.000688756 -0.000103223 1.000000000 0.000009862 0.000441948 0.000058511 -0.000009856 1.000000000 -0.000798562
1.000000000 0.000011717 0.000049368 -0.000156345 -0.000011720 1.000000000 0.000063374 -0.000455929 -0.000049367 -0.000063374 1.000000000 -0.000949336
1.000000000 -0.000064571 -0.000105720 0.002316438 0.000064557 1.000000000 -0.000134485 0.000570849 0.000105728 0.000134478 1.000000000 -0.000368918
1.000000000 0.000097831 -0.000017733 0.001272442 -0.000097830 1.000000000 0.000082675 0.000336742 0.000017741 -0.000082673 1.000000000 0.000514599
1.000000000 0.000120672 -0.000059331 0.001503410 -0.000120676 1.000000000 -0.000070876 0.000806695 0.000059323 0.000070883 1.000000000 -0.001224510
1.000000000 -0.000082717 -0.000152362 0.001608949 0.000082720 1.000000000 0.000015361 -0.000277435 0.000152361 -0.000015373 1.000000000 -0.002256040
1.000000000 0.000018681 -0.000087679 0.000713280 -0.000018679 1.000000000 0.000015055 -0.000133130 0.000087680 -0.000015053 1.000000000 -0.001268488
1.000000000 0.000226586 0.000064896 -0.000462119 -0.000226585 1.000000000 -0.000017915 0.000508865 -0.000064900 0.000017900 1.000000000 0.001070666
1.000000000 -0.000106399 0.000031176 -0.000007414 0.000106394 1.000000000 0.000155431 -0.000329136 -0.000031192 -0.000155428 1.000000000 0.000289527
1.000000000 0.000067310 0.000022037 -0.000067701 -0.000067311 1.000000000 0.000063335 -0.000327553 -0.000022033 -0.000063336 1.000000000 -0.000776784
1.000000000 -0.000109395 0.000070488 0.000468986 0.000109387 1.000000000 0.000111007 -0.001223424 -0.000070501 -0.000110999 1.000000000 -0.001280350
1.000000000 -0.000166797 0.000151928 -0.000334603 0.000166780 1.000000000 0.000112332 -0.000686774 -0.000151947 -0.000112307 1.000000000 -0.001004868
1.000000000 -0.000001364 0.000029003 0.000695317 0.000001364 1.000000000 0.000001815 -0.000381268 -0.000029003 -0.000001815 1.000000000 -0.001113183
1.000000000 -0.000058555 -0.000087635 0.001381462 0.000058563 1.000000000 0.000096646 -0.000555026 0.000087630 -0.000096652 1.000000000 0.000003092
1.000000000 0.000111111 0.000068416 0.000059527 -0.000111107 1.000000000 -0.000064678 0.000630754 -0.000068423 0.000064670 1.000000000 0.000562054
1.000000000 -0.000007667 -0.000077657 0.001496049 0.000007668 1.000000000 0.000003855 0.000350904 0.000077657 -0.000003855 1.000000000 -0.000435183
1.000000000 -0.000032754 0.000104179 -0.000227829 0.000032759 1.000000000 -0.000049221 0.000725597 -0.000104177 0.000049225 1.000000000 0.000131769
1.000000000 -0.000181233 -0.000125591 0.001591346 0.000181229 1.000000000 -0.000037515 0.000419994 0.000125598 0.000037492 1.000000000 0.000307751
1.000000000 -0.000200426 -0.000080917 0.001828580 0.000200425 1.000000000 -0.000013808 0.000742812 0.000080920 0.000013792 1.000000000 0.000075726
0.999999940 -0.000303775 0.000156386 0.000720881 0.000303797 0.999999940 -0.000142010 0.001318814 -0.000156343 0.000142057 1.000000000 0.002333588
0.999988019 0.004851331 -0.000527701 0.000991591 -0.004853018 0.999982893 -0.003244575 0.034340959 0.000511951 0.003247097 0.999994576 0.074179925
0.999986768 0.005095090 -0.000610438 0.001533009 -0.005097458 0.999979198 -0.003943026 0.032660291 0.000590335 0.003946085 0.999992013 0.162170693
0.999985337 0.005364548 -0.000690919 0.002941398 -0.005367235 0.999977767 -0.003947861 0.026574040 0.000669725 0.003951511 0.999991894 0.276469588
0.999984801 0.005154585 -0.001957642 0.066268995 -0.005162856 0.999977589 -0.004243451 0.044782873 0.001935725 0.004253493 0.999989092 0.356633902
0.999983430 0.005384255 -0.002061744 0.067861527 -0.005392951 0.999976456 -0.004235924 0.038763285 0.002038888 0.004246973 0.999988914 0.494853795
0.999983490 0.005357806 -0.002072574 0.071559407 -0.005366762 0.999976099 -0.004339988 0.037002984 0.002049272 0.004351039 0.999988437 0.650081158
0.999988616 0.004460432 -0.001774723 0.067882769 -0.004468656 0.999979198 -0.004656824 0.038863219 0.001753915 0.004664702 0.999987543 0.827357233
0.999990702 0.003087664 -0.003004388 0.082493417 -0.003096085 0.999991238 -0.002802412 0.009049909 0.002995709 0.002811688 0.999991536 0.990597904
0.999986410 0.004407002 -0.002757705 0.088346198 -0.004418014 0.999982178 -0.003999928 0.014931642 0.002740028 0.004012057 0.999988198 1.170974135
0.999987423 0.004277151 -0.002629913 0.091609262 -0.004287150 0.999983549 -0.003808354 0.009130320 0.002613581 0.003819581 0.999989331 1.359129071
0.999987781 0.004349362 -0.002333036 0.083490089 -0.004357859 0.999983847 -0.003649557 0.000239047 0.002317125 0.003659680 0.999990582 1.479025126
0.999988854 0.004424806 -0.001605035 0.069208801 -0.004429579 0.999985754 -0.002982644 -0.006075910 0.001591815 0.002989721 0.999994218 1.737639189
0.999987841 0.004570856 -0.001816238 0.074097089 -0.004575897 0.999985635 -0.002781098 -0.014256074 0.001803500 0.002789375 0.999994457 1.934471369
0.999986947 0.005071362 -0.000587517 0.071887620 -0.005073068 0.999982774 -0.002938117 -0.026659785 0.000572607 0.002941059 0.999995530 2.123035908
0.999991536 0.003561811 -0.002024769 0.093113661 -0.003568782 0.999987662 -0.003449760 -0.022022773 0.002012456 0.003456958 0.999991953 2.409468889
0.999987543 0.004753676 -0.001538026 0.097297855 -0.004759409 0.999981642 -0.003745622 -0.012608854 0.001520192 0.003752896 0.999991775 2.592316151
0.999986589 0.004902044 -0.001659099 0.100461088 -0.004907529 0.999982417 -0.003318954 -0.021176461 0.001642801 0.003327051 0.999993086 2.822385073
0.999981761 0.005983722 -0.000833688 0.088656425 -0.005985841 0.999978721 -0.002561973 -0.059265703 0.000818340 0.002566916 0.999996364 3.042609453
0.999984860 0.004707722 -0.002858125 0.136494711 -0.004718819 0.999981284 -0.003888098 -0.031977560 0.002839768 0.003901526 0.999988377 3.268109560
0.999986410 0.004646239 -0.002352885 0.137565866 -0.004653162 0.999984860 -0.002945659 -0.052852396 0.002339164 0.002956568 0.999992907 3.510450363
0.999987781 0.004341115 -0.002388766 0.139189675 -0.004348392 0.999985993 -0.003049508 -0.058501400 0.002375494 0.003059858 0.999992490 3.765120029
0.999994278 0.002495559 -0.002292698 0.128036082 -0.002501014 0.999993980 -0.002379572 -0.084099263 0.002286747 0.002385292 0.999994516 4.020898819
0.999988198 0.004305216 -0.002250384 0.131396294 -0.004310631 0.999987841 -0.002406875 -0.094028905 0.002239995 0.002416547 0.999994576 4.284779072
0.999989688 0.004122376 -0.001873982 0.135470018 -0.004127475 0.999987781 -0.002724518 -0.099354669 0.001862728 0.002732225 0.999994516 4.539156914
0.999988496 0.003734694 -0.003006096 0.160495579 -0.003745055 0.999987066 -0.003448403 -0.090130866 0.002993178 0.003459621 0.999989510 4.810523510
0.999991000 0.003526121 -0.002371741 0.154119834 -0.003531149 0.999991536 -0.002119151 -0.112116277 0.002364249 0.002127507 0.999994934 5.050426960
0.999991596 0.003258442 -0.002522059 0.160479009 -0.003264055 0.999992251 -0.002224554 -0.118169181 0.002514791 0.002232767 0.999994338 5.316466808
0.999990761 0.003540945 -0.002427164 0.169651657 -0.003547563 0.999990106 -0.002728264 -0.120187171 0.002417479 0.002736850 0.999993265 5.549082756
0.999990046 0.003558103 -0.002678779 0.173738241 -0.003564905 0.999990463 -0.002538715 -0.128508806 0.002669720 0.002548239 0.999993145 5.824139595
0.999986053 0.004699890 -0.002385341 0.179309160 -0.004707740 0.999983430 -0.003296346 -0.136587411 0.002369808 0.003307529 0.999991715 6.103438854
0.999985278 0.005104970 -0.001804870 0.178466767 -0.005110878 0.999981523 -0.003284286 -0.143740654 0.001788071 0.003293463 0.999992967 6.384162903
0.999985278 0.004921968 -0.002344023 0.188231796 -0.004927519 0.999985039 -0.002368260 -0.168324009 0.002332332 0.002379775 0.999994457 6.658872604
0.999988735 0.004419291 -0.001739305 0.184863865 -0.004423393 0.999987423 -0.002361457 -0.176266670 0.001728847 0.002369124 0.999995708 6.958350182
0.999986708 0.004823965 -0.001812669 0.184573174 -0.004829147 0.999984264 -0.002865137 -0.181681558 0.001798819 0.002873853 0.999994278 7.258141518
0.999987960 0.004648082 -0.001588804 0.195439309 -0.004651661 0.999986649 -0.002256024 -0.193963647 0.001578297 0.002263387 0.999996185 7.558248043
0.999990404 0.003916245 -0.001948831 0.202200025 -0.003921425 0.999988794 -0.002661597 -0.200536549 0.001938385 0.002669214 0.999994576 7.862893581
0.999988019 0.004747029 -0.001196452 0.200727373 -0.004749565 0.999986410 -0.002125223 -0.209157780 0.001186347 0.002130880 0.999996960 8.177669525
0.999989390 0.004504910 -0.000959548 0.207559168 -0.004506961 0.999987543 -0.002146328 -0.227096140 0.000949866 0.002150629 0.999997258 8.480606079
0.999986231 0.005154615 -0.000995935 0.213914976 -0.005156529 0.999984860 -0.001928071 -0.235827461 0.000985981 0.001933180 0.999997616 8.821801186
0.999986887 0.004990549 -0.001160906 0.218374461 -0.004992753 0.999985695 -0.001903676 -0.252568007 0.001151389 0.001909447 0.999997497 9.149092674
0.999987304 0.004897408 -0.001181046 0.229295775 -0.004900277 0.999985039 -0.002438617 -0.251625538 0.001169086 0.002444373 0.999996245 9.494437218
0.999987662 0.004823018 -0.001147783 0.228330612 -0.004826028 0.999984860 -0.002634805 -0.257545739 0.001135058 0.002640312 0.999995828 9.844991684
0.999990165 0.004076201 -0.001736615 0.244295672 -0.004080293 0.999989033 -0.002359687 -0.277346969 0.001726977 0.002366750 0.999995649 10.183887482
0.999990523 0.003928440 -0.001863521 0.251593858 -0.003932173 0.999990284 -0.002003658 -0.296835363 0.001855631 0.002010966 0.999996245 10.538186073
0.999990702 0.004098484 -0.001343617 0.258555323 -0.004100789 0.999990046 -0.001716890 -0.306366771 0.001336567 0.001722384 0.999997616 10.915040016
0.999990046 0.004360900 -0.000894697 0.261817187 -0.004362987 0.999987721 -0.002344576 -0.313253313 0.000884462 0.002348456 0.999996841 11.302408218
0.999989748 0.004499284 -0.000551761 0.266223162 -0.004499935 0.999989152 -0.001184797 -0.336727828 0.000546424 0.001187267 0.999999166 11.659047127
0.999990404 0.004268252 -0.000907926 0.279932648 -0.004270027 0.999989092 -0.001962936 -0.342215717 0.000899537 0.001966795 0.999997675 12.054264069
0.999993682 0.003405041 -0.001041089 0.290864348 -0.003407484 0.999991417 -0.002354266 -0.349027157 0.001033063 0.002357798 0.999996662 12.447883606
0.999993682 0.003346007 -0.001133354 0.296997041 -0.003347803 0.999993086 -0.001585981 -0.363829076 0.001128039 0.001589765 0.999998093 12.839989662
0.999988675 0.004680867 -0.000851277 0.299229085 -0.004682532 0.999987066 -0.001963345 -0.372171313 0.000842075 0.001967309 0.999997735 13.241968155
0.999995887 0.002658756 -0.001091689 0.314234525 -0.002661098 0.999994159 -0.002149429 -0.389747322 0.001085967 0.002152326 0.999997079 13.645927429
0.999990284 0.004355416 -0.000720153 0.318691224 -0.004356904 0.999988377 -0.002078045 -0.395011306 0.000711093 0.002081163 0.999997556 14.073676109
0.999991059 0.004099176 -0.000958572 0.328907758 -0.004100979 0.999989808 -0.001887653 -0.407326728 0.000950824 0.001891567 0.999997735 14.491437912
0.999988556 0.004780837 -0.000186354 0.334428698 -0.004781110 0.999987483 -0.001491810 -0.424299330 0.000179220 0.001492684 0.999998868 14.925886154
0.999993682 0.003525950 -0.000446938 0.345177561 -0.003526381 0.999993265 -0.000966457 -0.444662094 0.000443528 0.000968027 0.999999404 15.344396591
0.999991953 0.003960206 -0.000499994 0.360289514 -0.003960806 0.999991357 -0.001206587 -0.461259663 0.000495211 0.001208557 0.999999166 15.777946472
0.999990761 0.004299951 -0.000091656 0.365737349 -0.004300077 0.999989748 -0.001423143 -0.467581570 0.000085535 0.001423524 0.999998927 16.226716995
0.999991596 0.004090533 -0.000173445 0.380763143 -0.004090848 0.999990046 -0.001859317 -0.479475915 0.000165838 0.001860012 0.999998271 16.675634384
0.999987304 0.004880706 0.001188215 0.383232385 -0.004880436 0.999988198 -0.000229486 -0.514914095 -0.001189322 0.000223685 0.999999285 17.101886749
0.999989152 0.004522827 0.001088773 0.390913993 -0.004522253 0.999989629 -0.000529422 -0.523177922 -0.001091155 0.000524493 0.999999285 17.580240250
0.999988496 0.004638041 0.001131175 0.403056979 -0.004637276 0.999989033 -0.000678150 -0.537599266 -0.001134307 0.000672896 0.999999166 18.050920486
0.999993265 0.003669399 0.000129496 0.439196110 -0.003669428 0.999993265 0.000226739 -0.556974113 -0.000128662 -0.000227213 0.999999881 18.455045700
0.999993086 0.003676312 0.000507542 0.448967397 -0.003676916 0.999992549 0.001193372 -0.582946658 -0.000503151 -0.001195230 0.999999106 18.918464661
0.999992192 0.003909983 0.000501562 0.463112712 -0.003909815 0.999992311 -0.000334855 -0.589637518 -0.000502866 0.000332891 0.999999821 19.444198608
0.999990225 0.004158823 0.001511497 0.446058571 -0.004158161 0.999991179 -0.000441400 -0.597199440 -0.001513320 0.000435110 0.999998748 19.945577621
0.999991596 0.003860146 0.001334095 0.456978381 -0.003858935 0.999992073 -0.000909496 -0.608395219 -0.001337595 0.000904340 0.999998629 20.426198959
0.999989152 0.004486367 0.001323690 0.465223581 -0.004485844 0.999989986 -0.000397968 -0.629819334 -0.001325463 0.000392026 0.999998987 20.913360596
0.999992728 0.003763106 0.000600424 0.476216286 -0.003762867 0.999992847 -0.000398789 -0.637474537 -0.000601920 0.000396527 0.999999762 21.426502228
0.999989748 0.004508325 0.000474214 0.483014852 -0.004508750 0.999989390 0.000897286 -0.671349645 -0.000470165 -0.000899415 0.999999404 21.916114807
0.999996185 0.002701377 -0.000531920 0.501754642 -0.002701354 0.999996364 0.000045097 -0.677388132 0.000532039 -0.000043660 0.999999881 22.433364868
0.999988854 0.004674345 -0.000624233 0.509737432 -0.004673837 0.999988854 0.000812402 -0.700649142 0.000628023 -0.000809476 0.999999464 22.952693939
0.999992311 0.003355668 -0.002035893 0.523474753 -0.003353838 0.999993980 0.000901321 -0.718338788 0.002038906 -0.000894487 0.999997437 23.472782135
0.999994814 0.002406845 -0.002108585 0.522341251 -0.002405473 0.999996841 0.000652924 -0.736653864 0.002110149 -0.000647850 0.999997556 24.006853104
0.999989152 0.003808368 -0.002681649 0.529486299 -0.003805596 0.999992132 0.001038021 -0.753419518 0.002685582 -0.001027804 0.999995828 24.560049057
0.999986708 0.003337969 -0.003927743 0.538022816 -0.003332868 0.999993622 0.001304569 -0.765365839 0.003932073 -0.001291461 0.999991357 25.074171066
0.999984801 0.003191762 -0.004477962 0.546349049 -0.003186307 0.999994099 0.001224783 -0.781755626 0.004481845 -0.001210496 0.999989212 25.617444992
0.999984145 0.003162565 -0.004667675 0.551046789 -0.003156643 0.999994218 0.001275533 -0.796994925 0.004671682 -0.001260778 0.999988317 26.161224365
0.999979734 0.002894911 -0.005657447 0.569995522 -0.002884558 0.999994159 0.001837219 -0.813427269 0.005662732 -0.001820863 0.999982297 26.687582016
0.999980032 0.002119881 -0.005943321 0.573801339 -0.002107210 0.999995530 0.002137273 -0.842497468 0.005947825 -0.002124707 0.999980092 27.220378876
0.999977469 0.003527283 -0.005696072 0.575343966 -0.003516822 0.999992073 0.001845398 -0.857824326 0.005702536 -0.001825325 0.999982059 27.796491623
0.999976873 0.002800955 -0.006192950 0.579146385 -0.002788914 0.999994218 0.001952146 -0.869935453 0.006198382 -0.001934829 0.999978900 28.339462280
0.999976337 0.003472084 -0.005932047 0.573325455 -0.003459996 0.999991894 0.002046852 -0.891021132 0.005939105 -0.002026280 0.999980330 28.866147995
0.999966741 0.004572878 -0.006752346 0.585514843 -0.004559024 0.999987483 0.002065724 -0.900704265 0.006761708 -0.002034872 0.999975085 29.421133041
0.999969661 0.004178326 -0.006577659 0.573713839 -0.004161777 0.999988139 0.002527653 -0.923687696 0.006588142 -0.002500202 0.999975145 29.959123611
0.999967754 0.004776980 -0.006453619 0.573314250 -0.004760749 0.999985456 0.002528091 -0.940226853 0.006465602 -0.002497285 0.999975979 30.501188278
0.999970973 0.003848201 -0.006569584 0.563895166 -0.003833043 0.999989986 0.002318493 -0.957913816 0.006578440 -0.002293245 0.999975741 31.044965744
0.999968231 0.003977390 -0.006906619 0.574846327 -0.003952245 0.999985516 0.003650678 -0.991434932 0.006921039 -0.003623265 0.999969482 31.561038971
0.999974132 0.003412350 -0.006327944 0.570797861 -0.003391468 0.999988794 0.003307658 -1.012973785 0.006339160 -0.003286110 0.999974489 32.115024567
0.999969482 0.002679241 -0.007331118 0.581122816 -0.002652354 0.999989688 0.003674722 -1.025306225 0.007340888 -0.003655165 0.999966323 32.674663544
0.999967217 0.003126769 -0.007470159 0.576544523 -0.003105966 0.999991298 0.002794821 -1.022512794 0.007478834 -0.002771526 0.999968112 33.207302094
0.999964178 0.002922964 -0.007940097 0.585980415 -0.002900786 0.999991834 0.002803235 -1.034340501 0.007948225 -0.002780102 0.999964535 33.753849030
0.999964058 0.002844784 -0.007989103 0.591307104 -0.002819031 0.999990761 0.003232940 -1.053511500 0.007998226 -0.003210302 0.999962866 34.283481598
0.999962747 0.002132928 -0.008361500 0.604193568 -0.002107209 0.999993026 0.003083549 -1.063181758 0.008368018 -0.003065814 0.999960303 34.845275879
0.999957502 0.002483690 -0.008881687 0.615112424 -0.002460467 0.999993443 0.002624673 -1.078243256 0.008888150 -0.002602707 0.999957025 35.400779724
0.999954462 0.002429776 -0.009227624 0.623900652 -0.002410890 0.999994934 0.002057371 -1.077091455 0.009232576 -0.002035032 0.999955297 35.926414490
0.999950230 0.001509921 -0.009862020 0.640368819 -0.001485049 0.999995708 0.002528857 -1.084878325 0.009865796 -0.002514085 0.999948144 36.429149628
0.999953926 0.001535935 -0.009477336 0.642644405 -0.001515257 0.999996424 0.002188665 -1.102686644 0.009480665 -0.002174203 0.999952674 37.038803101
0.999960959 0.002165151 -0.008564088 0.598523557 -0.002144564 0.999994814 0.002412311 -1.119319677 0.008569268 -0.002393851 0.999960363 37.574916840
0.999961376 0.002105114 -0.008534725 0.596481383 -0.002081164 0.999993861 0.002814092 -1.139071941 0.008540597 -0.002796222 0.999959648 38.105072021
0.999970138 0.002091256 -0.007441213 0.584483027 -0.002064144 0.999991238 0.003649310 -1.168638945 0.007448779 -0.003633841 0.999965608 38.659042358
0.999959528 0.001561910 -0.008856369 0.592431068 -0.001530366 0.999992430 0.003567383 -1.186682224 0.008861874 -0.003553685 0.999954343 39.202644348
0.999964654 0.001970981 -0.008173486 0.585746050 -0.001940725 0.999991179 0.003708055 -1.204864740 0.008180724 -0.003692063 0.999959707 39.737648010
0.999963939 0.002173995 -0.008212994 0.590434432 -0.002140895 0.999989569 0.004036820 -1.217529535 0.008221684 -0.004019091 0.999958098 40.306312561
0.999965310 0.000964713 -0.008274214 0.587843180 -0.000934504 0.999992907 0.003654095 -1.230898738 0.008277680 -0.003646236 0.999959111 40.844310760
0.999959290 0.001772018 -0.008839228 0.601470232 -0.001738756 0.999991357 0.003769232 -1.246022701 0.008845830 -0.003753711 0.999953806 41.376403809
0.999956369 0.002321867 -0.009041153 0.616741776 -0.002283515 0.999988377 0.004249912 -1.266477346 0.009050915 -0.004229082 0.999950051 41.927043915
0.999950230 0.003759932 -0.009238109 0.624879777 -0.003746569 0.999991894 0.001463471 -1.231771469 0.009243537 -0.001428788 0.999956250 42.472015381
0.999948025 0.002662910 -0.009843124 0.636869609 -0.002629210 0.999990582 0.003435075 -1.268821001 0.009852179 -0.003409016 0.999945641 43.034290314
0.999955237 0.001460889 -0.009348793 0.635720730 -0.001426149 0.999992013 0.003721599 -1.293025494 0.009354156 -0.003708101 0.999949396 43.563720703
0.999955416 -0.000480886 -0.009429778 0.633066177 0.000524620 0.999989033 0.004635936 -1.321033239 0.009427446 -0.004640676 0.999944806 44.096664429
0.999952376 0.003117725 -0.009240863 0.643191516 -0.003087389 0.999989748 0.003295304 -1.289729953 0.009251041 -0.003266618 0.999951899 44.675937653
0.999953687 0.001327836 -0.009531366 0.652012527 -0.001290900 0.999991775 0.003880355 -1.329543352 0.009536440 -0.003867872 0.999947011 45.193607330
0.999966085 0.001879698 -0.008017506 0.646191299 -0.001841788 0.999987125 0.004733215 -1.349980950 0.008026300 -0.004718287 0.999956667 45.733020782
0.999963760 0.001382367 -0.008399663 0.658494949 -0.001348029 0.999990702 0.004092335 -1.368995309 0.008405242 -0.004080864 0.999956369 46.269275665
0.999960065 0.001504149 -0.008809638 0.660840750 -0.001468645 0.999990761 0.004035225 -1.375811815 0.008815627 -0.004022126 0.999953032 46.823543549
0.999964297 0.001836337 -0.008248451 0.641914546 -0.001797670 0.999987304 0.004692700 -1.403425455 0.008256964 -0.004677704 0.999954998 47.363834381
0.999964058 0.001649369 -0.008316519 0.642916560 -0.001615390 0.999990344 0.004090800 -1.406114101 0.008323187 -0.004077219 0.999956965 47.894428253
0.999962151 0.001138637 -0.008623966 0.665694714 -0.001102655 0.999990702 0.004175954 -1.423668504 0.008628640 -0.004166286 0.999954104 48.434650421
0.999955177 0.000966818 -0.009417320 0.684179902 -0.000923162 0.999988794 0.004639012 -1.438571334 0.009421700 -0.004630111 0.999944866 48.966552734
0.999956012 0.000506109 -0.009366870 0.691268206 -0.000458336 0.999986887 0.005101689 -1.453389764 0.009369329 -0.005097172 0.999943137 49.505889893
0.999955893 0.000342791 -0.009385571 0.690905094 -0.000296300 0.999987781 0.004954448 -1.465923667 0.009387153 -0.004951450 0.999943674 50.047763824
0.999960124 0.000793317 -0.008895599 0.673885763 -0.000746727 0.999985993 0.005239568 -1.485998869 0.008899631 -0.005232716 0.999946713 50.580936432
0.999964952 0.000051308 -0.008374688 0.680126190 -0.000003989 0.999984026 0.005650266 -1.502241373 0.008374845 -0.005650035 0.999948978 51.127113342
0.999965608 0.001262637 -0.008208718 0.676046014 -0.001218349 0.999984682 0.005398021 -1.506940007 0.008215409 -0.005387834 0.999951720 51.677032471
0.999965668 0.000640494 -0.008255559 0.678372085 -0.000599781 0.999987662 0.004933142 -1.523408413 0.008258616 -0.004928021 0.999953747 52.221267700
0.999962568 -0.000546328 -0.008632907 0.693283439 0.000592843 0.999985337 0.005386490 -1.538042068 0.008629837 -0.005391407 0.999948204 52.740146637
0.999965489 -0.000091328 -0.008306646 0.687049925 0.000132121 0.999987900 0.004910405 -1.549731970 0.008306097 -0.004911333 0.999953449 53.301746368
0.999965072 0.001320706 -0.008253587 0.694370091 -0.001275341 0.999984086 0.005499288 -1.569064617 0.008260719 -0.005488569 0.999950826 53.836299896
0.999969840 -0.000776364 -0.007728470 0.692919910 0.000820340 0.999983490 0.005688503 -1.576193452 0.007723926 -0.005694672 0.999953926 54.376171112
0.999966860 0.000767440 -0.008098586 0.696285248 -0.000719129 0.999981940 0.005966680 -1.605637431 0.008103019 -0.005960658 0.999949396 54.903736115
0.999976158 0.000075886 -0.006904697 0.666615486 -0.000041158 0.999987304 0.005029474 -1.595111370 0.006904991 -0.005029071 0.999963522 55.466545105
0.999973953 -0.000820536 -0.007168447 0.674988508 0.000862606 0.999982357 0.005867648 -1.613595843 0.007163506 -0.005873679 0.999957085 56.012165070
0.999973655 0.000122619 -0.007275093 0.717957139 -0.000077694 0.999980927 0.006175180 -1.656643152 0.007275714 -0.006174451 0.999954402 56.508544922
0.999976695 -0.000589213 -0.006817427 0.704995811 0.000630127 0.999981761 0.006000602 -1.654889703 0.006813768 -0.006004757 0.999958754 57.096641541
0.999974906 0.000208908 -0.007079281 0.718036890 -0.000161738 0.999977708 0.006663078 -1.689268589 0.007080517 -0.006661765 0.999952674 57.592056274
0.999976516 -0.000389751 -0.006863191 0.718370557 0.000430948 0.999981880 0.006002172 -1.675951123 0.006860728 -0.006004988 0.999958456 58.164234161
0.999979675 -0.001012899 -0.006296315 0.720520735 0.001046345 0.999985337 0.005311102 -1.680791378 0.006290843 -0.005317582 0.999966085 58.708934784
0.999977827 -0.000571990 -0.006629632 0.731830359 0.000608431 0.999984682 0.005496159 -1.702047348 0.006626387 -0.005500071 0.999962926 59.250293732
0.999978781 -0.000246353 -0.006514044 0.726766944 0.000286950 0.999980569 0.006232032 -1.719825625 0.006512382 -0.006233769 0.999959350 59.779243469
0.999980152 -0.000481928 -0.006283571 0.727687478 0.000519959 0.999981523 0.006052176 -1.731479168 0.006280538 -0.006055323 0.999961972 60.350063324
0.999977648 -0.000335188 -0.006673446 0.739002287 0.000375080 0.999982059 0.005977420 -1.741899014 0.006671323 -0.005979789 0.999959886 60.895927429
0.999976099 -0.000105384 -0.006916234 0.759783208 0.000146886 0.999981940 0.006000516 -1.762301207 0.006915478 -0.006001387 0.999958098 61.433937073
0.999980271 -0.000693952 -0.006241704 0.743309259 0.000729827 0.999983132 0.005746852 -1.769896746 0.006237612 -0.005751294 0.999963939 61.992458344
0.999982953 -0.000735913 -0.005791991 0.751361012 0.000769224 0.999983191 0.005751504 -1.788630486 0.005787660 -0.005755861 0.999966681 62.522563934
0.999984384 -0.000933819 -0.005528853 0.748680353 0.000966387 0.999982178 0.005890680 -1.797040105 0.005523255 -0.005895930 0.999967277 63.086940765
0.999982059 -0.000376488 -0.005977695 0.755270004 0.000409679 0.999984503 0.005552210 -1.808817387 0.005975512 -0.005554560 0.999966741 63.623325348
0.999984682 -0.000932160 -0.005453128 0.767381549 0.000964748 0.999981701 0.005976371 -1.826986194 0.005447457 -0.005981541 0.999967277 64.176445007
0.999983549 -0.000703380 -0.005712389 0.764845848 0.000739702 0.999979436 0.006358596 -1.836763263 0.005707800 -0.006362716 0.999963462 64.713981628
0.999988616 -0.000226971 -0.004748942 0.769964755 0.000256312 0.999980807 0.006178739 -1.851257086 0.004747448 -0.006179886 0.999969661 65.265830994
0.999988556 -0.000834138 -0.004705976 0.774785757 0.000864046 0.999979436 0.006357026 -1.864213467 0.004700576 -0.006361020 0.999968708 65.811134338
0.999989331 -0.000354810 -0.004604673 0.781550169 0.000385324 0.999978065 0.006627613 -1.876618862 0.004602220 -0.006629318 0.999967396 66.367683411
0.999991179 -0.000091190 -0.004205560 0.788663745 0.000120968 0.999974906 0.007080845 -1.897692204 0.004204809 -0.007081291 0.999966085 66.900215149
0.999992251 -0.000619797 -0.003883733 0.789929211 0.000648473 0.999972522 0.007386775 -1.911794901 0.003879048 -0.007389236 0.999965191 67.458679199
0.999991000 -0.000333289 -0.004223206 0.803442717 0.000365748 0.999970376 0.007687401 -1.932148457 0.004220519 -0.007688876 0.999961555 67.993392944
0.999992847 0.000504067 -0.003732278 0.807999551 -0.000476762 0.999973059 0.007313123 -1.942737341 0.003735864 -0.007311292 0.999966264 68.537429810
0.999992490 0.000020417 -0.003874693 0.809095263 0.000007754 0.999973714 0.007270447 -1.958237290 0.003874739 -0.007270423 0.999966085 69.075866699
0.999994993 -0.000033313 -0.003170652 0.816439092 0.000054469 0.999977708 0.006672524 -1.965571523 0.003170360 -0.006672664 0.999972701 69.619079590
0.999994874 -0.000070801 -0.003198481 0.817447782 0.000092365 0.999977291 0.006741801 -1.975127697 0.003197932 -0.006742063 0.999972105 70.164344788
0.999994338 -0.000468397 -0.003309404 0.823757291 0.000489649 0.999979258 0.006423964 -1.981263280 0.003306326 -0.006425548 0.999973893 70.713562012
0.999994338 -0.000352735 -0.003332361 0.836268127 0.000374573 0.999978423 0.006555260 -1.997101545 0.003329976 -0.006556471 0.999972939 71.265243530
0.999995708 -0.000284554 -0.002925926 0.838882685 0.000304119 0.999977529 0.006688152 -2.003731728 0.002923957 -0.006689013 0.999973357 71.814712524
0.999993026 -0.000618318 -0.003690485 0.859894156 0.000641415 0.999980152 0.006260661 -2.013725042 0.003686541 -0.006262984 0.999973595 72.358177185
0.999991834 -0.000396449 -0.004016412 0.870284557 0.000426241 0.999972403 0.007419428 -2.041007042 0.004013360 -0.007421080 0.999964416 72.876487732
0.999990046 -0.000985133 -0.004357329 0.881187558 0.001015731 0.999974787 0.007025272 -2.044909239 0.004350298 -0.007029628 0.999965847 73.433082581
0.999990642 -0.000806038 -0.004245125 0.888340235 0.000836038 0.999974608 0.007069663 -2.057605982 0.004239319 -0.007073145 0.999966025 73.979133606
0.999987304 -0.000248939 -0.005021662 0.904685497 0.000284023 0.999975562 0.006987090 -2.068536282 0.005019800 -0.006988428 0.999962926 74.510780334
0.999987483 -0.000389216 -0.004984497 0.910072327 0.000424157 0.999975264 0.007010696 -2.078488350 0.004981646 -0.007012723 0.999962986 75.078392029
0.999986470 -0.000321909 -0.005180064 0.926369309 0.000360802 0.999971747 0.007509067 -2.100161791 0.005177500 -0.007510835 0.999958396 75.603866577
0.999987721 -0.000135343 -0.004942810 0.930789828 0.000168655 0.999977291 0.006739623 -2.100260258 0.004941785 -0.006740374 0.999965072 76.159927368
0.999987900 -0.000649455 -0.004876481 0.939269900 0.000683432 0.999975502 0.006969338 -2.113776207 0.004871835 -0.006972586 0.999963820 76.708938599
0.999988198 -0.000706215 -0.004789786 0.950840831 0.000741596 0.999972403 0.007389202 -2.131140709 0.004784435 -0.007392668 0.999961257 77.253944397
0.999989808 -0.000511272 -0.004470453 0.946283221 0.000540189 0.999978900 0.006469634 -2.130203724 0.004467051 -0.006471983 0.999969065 77.801544189
0.999987066 0.000064650 -0.005075034 0.961814523 -0.000031855 0.999979138 0.006461837 -2.141497850 0.005075345 -0.006461592 0.999966264 78.345657349
0.999988019 0.000025146 -0.004888340 0.971379757 0.000005602 0.999980211 0.006289967 -2.151503801 0.004888402 -0.006289919 0.999968290 78.897254944
0.999986410 -0.000817644 -0.005145150 0.984776378 0.000852175 0.999977112 0.006712710 -2.163078308 0.005139544 -0.006717003 0.999964237 79.447021484
0.999985218 -0.000299212 -0.005425435 0.996450543 0.000336124 0.999976814 0.006803916 -2.178927422 0.005423273 -0.006805640 0.999962151 79.985931396
0.999988914 -0.000011297 -0.004706034 1.010551333 0.000041833 0.999978960 0.006488760 -2.187169552 0.004705861 -0.006488884 0.999967873 80.539878845
0.999993920 -0.000185732 -0.003488886 1.018708825 0.000207172 0.999981046 0.006145731 -2.200251102 0.003487679 -0.006146416 0.999975026 81.090843201
0.999996424 -0.000219676 -0.002672293 1.036542892 0.000238223 0.999975979 0.006941929 -2.220500469 0.002670703 -0.006942542 0.999972343 81.642051697
0.999999344 -0.000239908 -0.001102823 1.047414303 0.000246561 0.999981761 0.006037449 -2.222825289 0.001101354 -0.006037717 0.999981165 82.191802979
0.999998629 -0.000632497 0.001511291 1.069971800 0.000622581 0.999978364 0.006552845 -2.241043091 -0.001515403 -0.006551895 0.999977410 82.732719421
0.999986351 -0.000070489 0.005227042 1.095791340 0.000034368 0.999976099 0.006910118 -2.257281303 -0.005227404 -0.006909844 0.999962449 83.272743225
0.999965310 -0.000239211 0.008338440 1.117921710 0.000185427 0.999979198 0.006450253 -2.273233891 -0.008339809 -0.006448483 0.999944389 83.822868347
0.999914289 0.000451139 0.013086944 1.138673544 -0.000548853 0.999971986 0.007463984 -2.297679901 -0.013083210 -0.007470527 0.999886513 84.378234863
0.999819160 0.001269889 0.018974882 1.166219473 -0.001392851 0.999978125 0.006468441 -2.302000046 -0.018966252 -0.006493701 0.999799013 84.927818298
0.999692261 0.001265908 0.024771838 1.191761017 -0.001428358 0.999977529 0.006541310 -2.310629845 -0.024763001 -0.006574681 0.999671698 85.487205505
0.999521852 0.000765480 0.030910261 1.218566537 -0.000951013 0.999981642 0.005988059 -2.316030741 -0.030905109 -0.006014592 0.999504209 86.033241272
0.999235570 0.000560308 0.039088685 1.253953457 -0.000805206 0.999980152 0.006249732 -2.329533100 -0.039084405 -0.006276429 0.999216199 86.582923889
0.998900890 0.000015030 0.046871450 1.308018684 -0.000331792 0.999977171 0.006750309 -2.352600098 -0.046870284 -0.006758442 0.998878121 87.152458191
0.998557985 -0.000076115 0.053684037 1.353480101 -0.000269156 0.999979317 0.006424260 -2.357743263 -0.053683415 -0.006429446 0.998537302 87.705093384
0.998000443 0.000076249 0.063207097 1.397424221 -0.000484192 0.999979138 0.006438777 -2.371381521 -0.063205287 -0.006456507 0.997979641 88.259895325
0.997308731 0.000921052 0.073310554 1.459239483 -0.001461929 0.999972105 0.007324570 -2.397243977 -0.073301770 -0.007412033 0.997282207 88.784523010
0.996691048 -0.000088056 0.081283338 1.526911259 -0.000446741 0.999978364 0.006561211 -2.397230625 -0.081282161 -0.006575813 0.996669352 89.332015991
0.995926559 0.000191317 0.090167984 1.580718040 -0.000750750 0.999980688 0.006170467 -2.407607555 -0.090165049 -0.006213026 0.995907366 89.880249023
0.994933724 0.000164355 0.100532837 1.659365654 -0.000805182 0.999979556 0.006333768 -2.419717312 -0.100529738 -0.006382626 0.994913578 90.443771362
0.993835151 -0.000517287 0.110865921 1.739733696 -0.000231710 0.999977231 0.006742890 -2.434073925 -0.110866874 -0.006727011 0.993812442 90.972579956
0.992791772 -0.002091470 0.119833440 1.829699516 0.001406138 0.999982119 0.005803314 -2.440611601 -0.119843438 -0.005592979 0.992777050 91.513900757
0.991283715 -0.000391237 0.131743491 1.902894020 -0.000572588 0.999973297 0.007277966 -2.467382193 -0.131742835 -0.007289964 0.991257071 92.053512573
0.989687979 -0.001323386 0.143233493 2.008820534 0.000330005 0.999975741 0.006958929 -2.475510120 -0.143239170 -0.006839902 0.989664435 92.598220825
0.987994790 -0.001035001 0.154483899 2.107299805 -0.000077531 0.999974132 0.007195404 -2.490488529 -0.154487357 -0.007120999 0.987969100 93.144645691
0.986308157 -0.001641393 0.164904118 2.215927124 0.000460074 0.999973953 0.007201606 -2.502840042 -0.164911672 -0.007027135 0.986283422 93.667961121
0.983982921 -0.001648379 0.178255022 2.323684692 0.000430518 0.999976277 0.006870589 -2.506885052 -0.178262085 -0.006683800 0.983960330 94.214820862
0.981702030 -0.001736230 0.190415502 2.460948944 0.000407337 0.999975264 0.007017831 -2.519563675 -0.190422997 -0.006811856 0.981678426 94.772674561
0.979670703 -0.002868850 0.200591937 2.590614319 0.001455986 0.999973059 0.007190648 -2.532436848 -0.200607151 -0.006752409 0.979648411 95.310729980
0.976833463 -0.002611680 0.213984907 2.725608826 0.001106165 0.999973774 0.007155047 -2.542747021 -0.213998005 -0.006752587 0.976810694 95.842529297
0.973771811 -0.001470204 0.227521986 2.870910645 -0.000299951 0.999969959 0.007745379 -2.562607288 -0.227526516 -0.007610477 0.973742127 96.374473572
0.971191585 -0.001070770 0.238297552 3.025754929 -0.000987487 0.999963164 0.008517795 -2.579396009 -0.238297909 -0.008507726 0.971154869 96.907012939
0.968152761 -0.001068966 0.250358015 3.182781219 -0.000960811 0.999967635 0.007985140 -2.586998224 -0.250358462 -0.007971382 0.968120396 97.434722900
0.964468658 -0.001972570 0.264189929 3.349756241 -0.000035080 0.999971151 0.007594332 -2.588747501 -0.264197320 -0.007333763 0.964440703 97.970054626
0.960955560 -0.002067522 0.276694953 3.526950836 -0.000124981 0.999968767 0.007906032 -2.612080336 -0.276702642 -0.007631927 0.960925281 98.489067078
0.957502246 -0.002512710 0.288414836 3.696636200 0.000215604 0.999967992 0.007996078 -2.619575977 -0.288425684 -0.007594080 0.957472086 99.015190125
0.953470707 -0.002772412 0.301472813 3.897268295 0.000330047 0.999966681 0.008152074 -2.628324986 -0.301485389 -0.007673264 0.953439832 99.549705505
0.949029803 -0.002702003 0.315174729 4.092468262 0.000273077 0.999969900 0.007750507 -2.637572765 -0.315186203 -0.007269395 0.949002028 100.053260803
0.945110619 -0.003582969 0.326730698 4.295507431 0.001103450 0.999969184 0.007773910 -2.644471645 -0.326748520 -0.006986674 0.945085526 100.577621460
0.940401614 -0.003300103 0.340049654 4.499252319 0.000811567 0.999971867 0.007460119 -2.655060053 -0.340064734 -0.006739535 0.940377891 101.098709106
0.935180306 -0.003248103 0.354157090 4.713815689 0.000476873 0.999968588 0.007911849 -2.667992592 -0.354171693 -0.007230118 0.935152411 101.621673584
0.930383682 -0.003282811 0.366572499 4.931951523 0.000269892 0.999965787 0.008270114 -2.683166265 -0.366587102 -0.007595445 0.930352747 102.120811462
0.925987065 -0.004724269 0.377525598 5.163215637 0.001930861 0.999967813 0.007777392 -2.688430309 -0.377550274 -0.006472815 0.925966501 102.629592896
0.920014918 -0.004023390 0.391862720 5.388145447 0.000581181 0.999960184 0.008902440 -2.711805820 -0.391882926 -0.007962635 0.919980645 103.090408325
0.914317906 -0.003904464 0.404978245 5.639717102 0.000349637 0.999960780 0.008851417 -2.716662645 -0.404996902 -0.007951414 0.914283454 103.596603394
0.909389317 -0.005092269 0.415915132 5.890441895 0.001643472 0.999961257 0.008649638 -2.723440170 -0.415943116 -0.007182342 0.909362316 104.091354370
0.903246939 -0.005311576 0.429088533 6.140495300 0.001603418 0.999958217 0.009002971 -2.740473270 -0.429118454 -0.007443896 0.903217554 104.562271118
0.896361291 -0.005216415 0.443293601 6.404201508 0.001411012 0.999959290 0.008913789 -2.750367165 -0.443322033 -0.007364483 0.896332145 105.051506042
0.890722752 -0.005660586 0.454511762 6.683219910 0.001837795 0.999959230 0.008852112 -2.759496212 -0.454543233 -0.007049480 0.890696764 105.544082642
0.884778500 -0.005320865 0.465981334 6.951881409 0.001455230 0.999961495 0.008655077 -2.763122082 -0.466009498 -0.006979716 0.884752214 106.037269592
0.877827525 -0.005544684 0.478944808 7.234218597 0.001302695 0.999956906 0.009188750 -2.786289930 -0.478975087 -0.007442219 0.877796948 106.496315002
0.870923460 -0.006260674 0.491378874 7.526264191 0.001773733 0.999952376 0.009596647 -2.798727989 -0.491415501 -0.007486371 0.870893121 106.953895569
0.864929974 -0.006855785 0.501845658 7.834350586 0.002146722 0.999948204 0.009960561 -2.823759317 -0.501887858 -0.007537866 0.864899814 107.453697205
