1.000000000 0.000000000 0.000000000 0.000000000 0.000000000 1.000000000 0.000000000 0.000000000 0.000000000 0.000000000 1.000000000 0.000000000
0.999999940 -0.000262902 0.000032004 0.000400457 0.000262901 0.999999940 0.000033393 0.000306443 -0.000032013 -0.000033384 1.000000000 0.000076229
1.000000000 -0.000105232 0.000177990 -0.000861254 0.000105202 1.000000000 0.000171667 -0.000506946 -0.000178008 -0.000171648 0.999999940 0.000105232
1.000000000 0.000020784 0.000068517 -0.000098351 -0.000020790 1.000000000 0.000080074 -0.000029600 -0.000068515 -0.000080075 1.000000000 0.000065418
1.000000000 -0.000025020 0.000046766 0.000340864 0.000025016 1.000000000 0.000090675 -0.000971296 -0.000046769 -0.000090674 1.000000000 -0.000620372
0.999999940 -0.000256403 0.000091191 0.000024838 0.000256401 0.999999940 0.000022819 -0.000063313 -0.000091197 -0.000022795 1.000000000 -0.000991938
0.999999881 -0.000409244 0.000118534 -0.000493730 0.000409239 0.999999940 0.000039829 0.000122084 -0.000118551 -0.000039780 1.000000000 0.000912122
0.999999940 -0.000290600 0.000096642 0.000719612 0.000290587 0.999999940 0.000134905 -0.000432486 -0.000096682 -0.000134876 1.000000000 0.001189495
1.000000000 -0.000132128 0.000090417 0.000174513 0.000132126 1.000000000 0.000018521 0.000726857 -0.000090420 -0.000018509 1.000000000 0.000966703
1.000000000 0.000068327 0.000159359 -0.000673179 -0.000068324 1.000000000 -0.000015181 -0.000361896 -0.000159360 0.000015170 1.000000000 -0.001148850
1.000000000 -0.000210439 0.000091022 0.001471796 0.000210439 1.000000000 -0.000004342 0.000565179 -0.000091021 0.000004361 1.000000000 0.000365973
1.000000000 -0.000098153 -0.000008500 0.001401490 0.000098153 1.000000000 -0.000005131 -0.000519262 0.000008500 0.000005131 1.000000000 -0.001165815
1.000000000 -0.000133857 0.000040620 0.000995000 0.000133860 1.000000000 -0.000068218 0.000964979 -0.000040611 0.000068224 1.000000000 0.001043882
1.000000000 -0.000176969 0.000068611 -0.000161579 0.000176967 1.000000000 0.000030243 0.000687667 -0.000068616 -0.000030231 1.000000000 0.000171010
1.000000000 0.000131183 0.000096101 -0.000198273 -0.000131168 1.000000000 -0.000154651 0.001497920 -0.000096121 0.000154638 1.000000000 0.000681715
1.000000000 -0.000189677 -0.000017383 0.001174356 0.000189681 0.999999940 0.000175219 0.000040524 0.000017349 -0.000175222 1.000000000 0.000526076
0.999999940 -0.000405961 -0.000013824 0.000461046 0.000405964 0.999999881 0.000180968 -0.000372853 0.000013750 -0.000180974 1.000000000 -0.000401076
0.999999940 -0.000285481 0.000023037 0.000492925 0.000285478 0.999999940 0.000140077 -0.001186029 -0.000023077 -0.000140071 1.000000000 -0.001724266
1.000000000 0.000044900 0.000102326 -0.000128280 -0.000044907 1.000000000 0.000064200 -0.000024796 -0.000102323 -0.000064204 1.000000000 -0.000933454
0.999999940 0.000270327 -0.000032128 0.000148854 -0.000270323 0.999999940 0.000130779 -0.000468251 0.000032163 -0.000130771 1.000000000 -0.000568505
1.000000000 -0.000151953 -0.000062802 0.001059566 0.000151962 1.000000000 0.000149510 -0.000122899 0.000062779 -0.000149520 1.000000000 -0.000563044
1.000000000 -0.000001760 0.000056688 -0.000114883 0.000001753 1.000000000 0.000137469 -0.000488798 -0.000056688 -0.000137469 1.000000000 -0.000315879
1.000000000 -0.000141288 0.000026854 0.000609953 0.000141284 1.000000000 0.000146988 -0.000584970 -0.000026874 -0.000146984 1.000000000 -0.001193130
1.000000000 -0.000177051 0.000076737 0.000891549 0.000177050 1.000000000 0.000017466 0.000676039 -0.000076740 -0.000017453 1.000000000 0.001030078
1.000000000 0.000131640 0.000106079 -0.000485264 -0.000131651 1.000000000 0.000108676 -0.000006588 -0.000106064 -0.000108690 1.000000000 0.000686470
1.000000000 -0.000107724 -0.000001764 0.001850078 0.000107724 1.000000000 0.000127852 0.000060171 0.000001751 -0.000127852 1.000000000 -0.001292426
0.999999940 -0.000300495 0.000051968 0.000785122 0.000300491 0.999999940 0.000095445 -0.000779096 -0.000051997 -0.000095429 1.000000000 -0.001393761
0.999999940 -0.000283349 -0.000016940 0.000227972 0.000283351 0.999999940 0.000113150 -0.001316154 0.000016908 -0.000113155 1.000000000 -0.001892276
0.999999940 0.000201464 0.000147559 -0.000547657 -0.000201503 0.999999940 0.000261892 -0.000752018 -0.000147506 -0.000261922 0.999999940 0.001249939
1.000000000 -0.000118283 -0.000025930 0.000910762 0.000118288 1.000000000 0.000196544 -0.000909141 0.000025906 -0.000196547 1.000000000 -0.000506466
0.999999940 -0.000313624 0.000156995 -0.000096404 0.000313608 0.999999940 0.000102136 -0.000727579 -0.000157027 -0.000102087 1.000000000 -0.000502383
0.999999940 -0.000281040 0.000078339 -0.000048609 0.000281029 0.999999940 0.000139401 -0.001047395 -0.000078378 -0.000139379 1.000000000 -0.000601340
1.000000000 0.000066390 0.000049599 -0.000070004 -0.000066399 1.000000000 0.000191493 -0.001633728 -0.000049586 -0.000191496 1.000000000 -0.002289179
1.000000000 -0.000055679 0.000115245 -0.000082788 0.000055685 1.000000000 -0.000055452 -0.000023935 -0.000115242 0.000055459 1.000000000 -0.001140593
1.000000000 -0.000195221 0.000054126 0.000687263 0.000195221 1.000000000 -0.000010258 0.000095011 -0.000054124 0.000010268 1.000000000 -0.001289564
1.000000000 0.000038361 0.000111789 -0.000669885 -0.000038377 1.000000000 0.000139845 -0.000491509 -0.000111783 -0.000139850 1.000000000 -0.001399880
0.999999940 -0.000234925 0.000147227 -0.000115690 0.000234923 1.000000000 0.000017379 0.000770630 -0.000147231 -0.000017344 1.000000000 -0.000596370
0.999999940 -0.000240054 0.000072518 0.000278696 0.000240042 0.999999940 0.000161605 -0.000140041 -0.000072556 -0.000161587 1.000000000 0.001005777
1.000000000 -0.000117526 0.000110984 -0.000115215 0.000117500 0.999999940 0.000228170 -0.001911430 -0.000111011 -0.000228157 0.999999940 -0.001548908
1.000000000 0.000064239 0.000154689 -0.001119690 -0.000064256 1.000000000 0.000109640 -0.000176591 -0.000154682 -0.000109650 1.000000000 -0.000921341
0.999999940 0.000056259 0.000259746 -0.000695068 -0.000056208 1.000000000 -0.000197304 0.001463340 -0.000259757 0.000197289 0.999999940 0.001855519
1.000000000 -0.000007061 0.000146349 0.001003955 0.000007142 0.999999762 -0.000556710 -0.002116056 -0.000146345 0.000556711 0.999999821 0.050775439
0.999999940 -0.000243891 -0.000052516 0.003086484 0.000243831 0.999999225 -0.001148644 -0.004425211 0.000052796 0.001148631 0.999999344 0.139230117
0.999999464 0.000978080 -0.000243686 0.012602777 -0.000978427 0.999998450 -0.001427972 -0.005777493 0.000242289 0.001428209 0.999998868 0.263876230
0.999999940 0.000264742 0.000176635 0.005312030 -0.000264549 0.999999344 -0.001093245 -0.012851418 -0.000176924 0.001093198 0.999999404 0.383201569
1.000000000 0.000106454 0.000230111 0.008346573 -0.000106195 0.999999344 -0.001125649 -0.015801117 -0.000230231 0.001125625 0.999999344 0.520881355
0.999999881 0.000298705 0.000262310 0.010478963 -0.000298385 0.999999166 -0.001218297 -0.021830045 -0.000262674 0.001218218 0.999999225 0.669249654
0.999999940 -0.000270936 -0.000031358 0.018096959 0.000270911 0.999999642 -0.000804148 -0.024183437 0.000031576 0.000804140 0.999999642 0.840738595
0.999999940 -0.000287496 -0.000009894 0.020288819 0.000287487 0.999999583 -0.000868551 -0.026246686 0.000010144 0.000868548 0.999999642 1.010887861
1.000000000 -0.000211426 0.000086800 0.018416766 0.000211484 0.999999762 -0.000661752 -0.034625988 -0.000086660 0.000661770 0.999999762 1.172854900
0.999999940 -0.000357086 0.000256954 0.020507934 0.000357226 0.999999762 -0.000542900 -0.037805323 -0.000256760 0.000542992 0.999999762 1.362155080
1.000000000 0.000288702 0.000174665 0.026696391 -0.000288528 0.999999464 -0.000992475 -0.041044075 -0.000174951 0.000992425 0.999999464 1.552474618
0.999999583 0.000891117 0.000171204 0.032104895 -0.000891056 0.999999642 -0.000356896 -0.047252487 -0.000171522 0.000356744 0.999999940 1.768769503
0.999999762 0.000364257 -0.000490403 0.039626021 -0.000364161 0.999999940 0.000195969 -0.059550434 0.000490475 -0.000195791 0.999999881 1.965324283
1.000000000 0.000106452 0.000170894 0.043655250 -0.000106471 1.000000000 0.000112713 -0.065293550 -0.000170882 -0.000112732 1.000000000 2.175571442
0.999999762 0.000493579 0.000316911 0.039696608 -0.000493430 0.999999762 -0.000468897 -0.063150860 -0.000317142 0.000468740 0.999999821 2.399871349
0.999999821 0.000256214 0.000470973 0.045908324 -0.000255928 0.999999821 -0.000607977 -0.069051273 -0.000471129 0.000607856 0.999999702 2.622183561
0.999999702 0.000633882 0.000159911 0.056570351 -0.000633825 0.999999762 -0.000354154 -0.081058793 -0.000160135 0.000354052 0.999999940 2.846687555
0.999999285 0.001067966 0.000454732 0.059688304 -0.001067732 0.999999344 -0.000514964 -0.086158700 -0.000455281 0.000514478 0.999999762 3.079618931
0.999999642 0.000775000 0.000013767 0.061563987 -0.000774992 0.999999523 -0.000622223 -0.089789450 -0.000014249 0.000622213 0.999999821 3.331834316
0.999999881 0.000274002 0.000384521 0.067875706 -0.000273906 0.999999940 -0.000249921 -0.099013209 -0.000384590 0.000249816 0.999999881 3.572680235
1.000000000 -0.000305319 0.000129383 0.073519826 0.000305358 1.000000000 -0.000296884 -0.105429627 -0.000129292 0.000296924 0.999999881 3.818155766
0.999999821 -0.000127198 0.000413976 0.068810105 0.000127474 0.999999762 -0.000665832 -0.112381130 -0.000413891 0.000665885 0.999999702 4.085714340
0.999999344 0.001202403 0.000210596 0.076528534 -0.001202452 0.999999225 0.000229364 -0.127574444 -0.000210320 -0.000229617 0.999999940 4.319143295
0.999998748 0.001500419 0.000506268 0.080292761 -0.001500267 0.999998808 -0.000300203 -0.130121112 -0.000506718 0.000299443 0.999999821 4.576179504
0.999999881 -0.000348217 0.000071297 0.091089115 0.000348252 0.999999821 -0.000488886 -0.136612907 -0.000071127 0.000488911 0.999999821 4.841673374
1.000000000 0.000124687 0.000109361 0.099788547 -0.000124653 0.999999940 -0.000313567 -0.146640643 -0.000109400 0.000313553 0.999999940 5.103991032
0.999999762 0.000185823 0.000582354 0.093737721 -0.000186139 0.999999821 0.000543608 -0.162009597 -0.000582253 -0.000543717 0.999999642 5.355140686
0.999999404 0.000471783 0.000899784 0.093859233 -0.000471864 0.999999821 0.000090252 -0.159811944 -0.000899742 -0.000090677 0.999999583 5.636089325
0.999999344 0.000647330 0.000905025 0.096738257 -0.000647824 0.999999642 0.000545426 -0.169002548 -0.000904672 -0.000546012 0.999999464 5.903048038
0.999999762 0.000035341 0.000656079 0.111650437 -0.000035705 0.999999762 0.000555273 -0.179687947 -0.000656060 -0.000555296 0.999999642 6.172718048
0.999999762 -0.000045206 0.000634465 0.116190091 0.000044923 0.999999881 0.000446285 -0.185315967 -0.000634486 -0.000446257 0.999999702 6.447410583
1.000000119 0.000118571 0.000133123 0.128705084 -0.000118708 0.999999464 0.001026239 -0.204254374 -0.000133001 -0.001026255 0.999999404 6.731232166
0.999999821 0.000280470 0.000590942 0.132083878 -0.000281054 0.999999523 0.000987808 -0.211632386 -0.000590664 -0.000987974 0.999999344 7.031597137
0.999999583 -0.000554581 0.000720324 0.132966489 0.000553117 0.999997735 0.002030667 -0.231788352 -0.000721448 -0.002030267 0.999997675 7.323423862
0.999999106 0.000905140 0.000969329 0.141816407 -0.000905319 0.999999583 0.000184665 -0.215443999 -0.000969161 -0.000185543 0.999999523 7.648882866
0.999999762 -0.000157087 0.000633913 0.146440446 0.000156469 0.999999464 0.000974655 -0.240656704 -0.000634066 -0.000974556 0.999999344 7.962548733
0.999999166 0.000270660 0.001253033 0.139918134 -0.000271924 0.999999464 0.001009360 -0.250584781 -0.001252759 -0.001009700 0.999998689 8.273801804
0.999999106 0.000389465 0.001271114 0.149160862 -0.000390457 0.999999642 0.000780325 -0.260358244 -0.001270810 -0.000780821 0.999998868 8.590624809
0.999999523 -0.000027319 0.001076672 0.162335947 0.000026380 0.999999642 0.000872662 -0.268413574 -0.001076696 -0.000872634 0.999999046 8.921844482
0.999999464 0.000230669 0.000954014 0.173289627 -0.000231470 0.999999642 0.000839261 -0.276329875 -0.000953820 -0.000839481 0.999999166 9.249603271
0.999999702 -0.000085713 0.000763307 0.179134443 0.000084801 0.999999285 0.001195362 -0.287223607 -0.000763408 -0.001195297 0.999998987 9.598414421
0.999999762 0.000004569 0.000578116 0.191336602 -0.000005094 0.999999583 0.000909010 -0.296570987 -0.000578112 -0.000909013 0.999999404 9.953569412
0.999999464 0.000135804 0.000997904 0.189087987 -0.000136690 0.999999583 0.000888018 -0.311047107 -0.000997783 -0.000888154 0.999999106 10.311456680
0.999999344 0.000108981 0.001117365 0.196236268 -0.000110111 0.999999464 0.001011742 -0.321674526 -0.001117254 -0.001011864 0.999998868 10.678125381
0.999999642 -0.000279522 0.000687854 0.210777655 0.000278609 0.999999046 0.001326874 -0.334354162 -0.000688225 -0.001326681 0.999998868 11.041588783
0.999999225 0.000041235 0.001230626 0.215496480 -0.000042261 0.999999762 0.000833471 -0.342223793 -0.001230591 -0.000833523 0.999998808 11.427325249
0.999999404 -0.000476170 0.001002999 0.222515494 0.000475084 0.999999404 0.001083044 -0.350402683 -0.001003514 -0.001082567 0.999998927 11.810545921
0.999999106 -0.000373319 0.001245023 0.231017709 0.000371906 0.999999285 0.001134175 -0.365347087 -0.001245446 -0.001133711 0.999998569 12.170547485
0.999999523 -0.000446265 0.000847770 0.249158785 0.000445413 0.999999404 0.001004869 -0.376531005 -0.000848218 -0.001004491 0.999999166 12.567664146
0.999999642 -0.000634421 0.000444491 0.257761091 0.000633726 0.999998569 0.001562037 -0.391819835 -0.000445482 -0.001561755 0.999998689 12.955368042
0.999999583 -0.000336726 0.000795161 0.264134079 0.000335615 0.999998927 0.001397504 -0.400645733 -0.000795630 -0.001397237 0.999998689 13.353942871
0.999999046 -0.000780011 0.001135582 0.271654844 0.000778417 0.999998629 0.001402911 -0.411466092 -0.001136675 -0.001402026 0.999998331 13.766564369
0.999998689 0.000165518 0.001625285 0.278488159 -0.000167156 0.999999404 0.001007726 -0.414586127 -0.001625117 -0.001007996 0.999998152 14.184813499
0.999998510 -0.000437643 0.001658188 0.287784904 0.000436264 0.999999523 0.000831781 -0.428914398 -0.001658552 -0.000831057 0.999998212 14.595921516
0.999998450 -0.000475068 0.001678784 0.303162932 0.000472588 0.999998748 0.001477245 -0.438922554 -0.001679484 -0.001476449 0.999997497 15.036993027
0.999997854 -0.000825150 0.001898297 0.314149350 0.000823281 0.999999166 0.000985514 -0.450287640 -0.001899109 -0.000983949 0.999997735 15.461399078
0.999997914 0.000227625 0.001986601 0.326209813 -0.000230353 0.999999046 0.001373234 -0.463981867 -0.001986287 -0.001373689 0.999997020 15.900461197
0.999997318 -0.000394478 0.002285651 0.335670739 0.000392275 0.999999464 0.000964316 -0.472032309 -0.002286030 -0.000963417 0.999996901 16.342817307
0.999995708 0.000265358 0.002906382 0.338918626 -0.000269432 0.999998927 0.001401329 -0.486498594 -0.002906007 -0.001402106 0.999994755 16.783046722
0.999994576 -0.000158191 0.003301663 0.348553091 0.000151745 0.999998033 0.001952444 -0.501715362 -0.003301966 -0.001951932 0.999992669 17.241277695
0.999995649 -0.001010927 0.002761723 0.367865950 0.001006069 0.999997973 0.001759675 -0.517001510 -0.002763497 -0.001756889 0.999994636 17.695760727
0.999992609 -0.002495165 0.002923425 0.381407857 0.002488699 0.999994576 0.002213392 -0.535218179 -0.002928931 -0.002206100 0.999993265 18.155691147
0.999992132 -0.000395244 0.003951009 0.384853601 0.000388980 0.999998629 0.001586043 -0.540718079 -0.003951632 -0.001584493 0.999990940 18.625970840
0.999993801 -0.000380145 0.003482919 0.400001407 0.000373131 0.999997914 0.002014105 -0.557895184 -0.003483677 -0.002012793 0.999991953 19.089534760
0.999992132 -0.000870750 0.003852307 0.409371316 0.000866041 0.999998868 0.001223925 -0.565296412 -0.003853369 -0.001220579 0.999991834 19.592586517
0.999993265 -0.000774303 0.003576014 0.421018153 0.000768616 0.999998391 0.001591420 -0.585666180 -0.003577240 -0.001588661 0.999992311 20.076982498
0.999993563 -0.000648741 0.003521572 0.429825783 0.000643562 0.999998689 0.001471660 -0.596024573 -0.003522522 -0.001469384 0.999992728 20.591766357
0.999995172 -0.000440515 0.003065299 0.442703426 0.000436357 0.999998927 0.001357005 -0.609068155 -0.003065893 -0.001355661 0.999994397 21.090520859
0.999997199 -0.000410781 0.002342520 0.453677595 0.000406950 0.999998569 0.001635445 -0.621959746 -0.002343189 -0.001634487 0.999995947 21.611249924
0.999997616 -0.001095270 0.001897691 0.465701252 0.001091180 0.999997079 0.002155100 -0.641112268 -0.001900046 -0.002153024 0.999995887 22.099752426
0.999998868 -0.000819920 0.001249062 0.477754802 0.000817901 0.999998331 0.001615801 -0.643048525 -0.001250384 -0.001614778 0.999997854 22.628398895
0.999999106 0.000062301 0.001336111 0.485357732 -0.000064634 0.999998391 0.001745494 -0.667056859 -0.001336000 -0.001745579 0.999997556 23.132751465
1.000000000 0.000101227 -0.000108831 0.504368365 -0.000101040 0.999998510 0.001713759 -0.675337076 0.000109004 -0.001713748 0.999998510 23.659290314
0.999998033 -0.001947028 -0.000433677 0.511780739 0.001947494 0.999997497 0.001077404 -0.690601945 0.000431578 -0.001078247 0.999999285 24.188955307
0.999999702 -0.000212273 -0.000704645 0.515467107 0.000213744 0.999997795 0.002087932 -0.712636352 0.000704200 -0.002088081 0.999997556 24.721948624
0.999997258 -0.000801317 -0.002159607 0.534085512 0.000804809 0.999998391 0.001616529 -0.718617558 0.002158308 -0.001618263 0.999996364 25.272460938
0.999994338 -0.001717595 -0.002873100 0.545858920 0.001719761 0.999998271 0.000751476 -0.725630105 0.002871804 -0.000756413 0.999995589 25.827594757
0.999997139 0.000068039 -0.002384540 0.544708371 -0.000063729 0.999998391 0.001807158 -0.756262362 0.002384659 -0.001807001 0.999995530 26.362821579
0.999992609 -0.001494882 -0.003529646 0.555936098 0.001504574 0.999995172 0.002744713 -0.776103735 0.003525526 -0.002750004 0.999990046 26.923032761
0.999995887 -0.000465473 -0.002838502 0.556222081 0.000471264 0.999997735 0.002039584 -0.780500472 0.002837547 -0.002040913 0.999993920 27.421113968
0.999996483 0.000423351 -0.002634462 0.556695223 -0.000419384 0.999998748 0.001506364 -0.799738050 0.002635096 -0.001505254 0.999995410 27.973136902
0.999991477 -0.000187524 -0.004109079 0.585906029 0.000194715 0.999998391 0.001749712 -0.814268112 0.004108744 -0.001750497 0.999990046 28.535877228
0.999990523 0.000093763 -0.004349822 0.596555531 -0.000087890 0.999999046 0.001350227 -0.821731389 0.004349946 -0.001349832 0.999989569 29.074066162
0.999989033 0.000332519 -0.004667823 0.612286150 -0.000325161 0.999998629 0.001577084 -0.841582239 0.004668341 -0.001575549 0.999987841 29.610904694
0.999988616 0.000233162 -0.004759092 0.612284303 -0.000224075 0.999998152 0.001909685 -0.855068624 0.004759528 -0.001908597 0.999986827 30.151117325
0.999987662 0.000583960 -0.004925127 0.620955229 -0.000576972 0.999998808 0.001420154 -0.867932498 0.004925950 -0.001417294 0.999986827 30.699903488
0.999987960 0.000452125 -0.004916247 0.632551551 -0.000446176 0.999999106 0.001211160 -0.877303660 0.004916791 -0.001208951 0.999987185 31.243944168
0.999986410 0.000283883 -0.005213840 0.634786487 -0.000276785 0.999998987 0.001362040 -0.891490579 0.005214222 -0.001360578 0.999985516 31.791694641
0.999986410 0.000743471 -0.005151237 0.647831798 -0.000738150 0.999999166 0.001034619 -0.898170352 0.005152002 -0.001030803 0.999986112 32.360786438
0.999981284 0.000242256 -0.006110971 0.661421776 -0.000235530 0.999999344 0.001101450 -0.914054453 0.006111234 -0.001099990 0.999980748 32.872058868
0.999982357 0.000325770 -0.005926974 0.664085805 -0.000321228 0.999999583 0.000767294 -0.932511151 0.005927222 -0.000765376 0.999982059 33.429885864
0.999979973 0.000255743 -0.006322333 0.676706612 -0.000250649 0.999999642 0.000806544 -0.942029297 0.006322537 -0.000804943 0.999979675 33.980613708
0.999979973 0.000465260 -0.006309713 0.682553947 -0.000460595 0.999999642 0.000740714 -0.956732929 0.006310055 -0.000737793 0.999979794 34.510482788
0.999980986 0.000466195 -0.006135664 0.687521994 -0.000461971 0.999999583 0.000689783 -0.971195519 0.006135983 -0.000686936 0.999980927 35.046649933
0.999980509 0.000182338 -0.006242414 0.700739920 -0.000178334 0.999999762 0.000641904 -0.984995306 0.006242531 -0.000640779 0.999980271 35.567028046
0.999977469 0.000320272 -0.006707525 0.714785635 -0.000316774 0.999999821 0.000522617 -1.005714178 0.006707693 -0.000520480 0.999977350 36.133216858
0.999976814 0.000107845 -0.006811978 0.731411994 -0.000104280 0.999999881 0.000523634 -1.018832684 0.006812035 -0.000522911 0.999976635 36.676902771
0.999975502 0.000777415 -0.006945285 0.732863724 -0.000773695 0.999999583 0.000538231 -1.034337044 0.006945699 -0.000532844 0.999975741 37.213394165
0.999974847 0.001153411 -0.006991363 0.731872261 -0.001154284 0.999999344 -0.000120772 -1.043710709 0.006991220 0.000128839 0.999975622 37.776744843
0.999976516 0.001085424 -0.006758008 0.736055613 -0.001083358 0.999999344 0.000309366 -1.063740134 0.006758338 -0.000302037 0.999977112 38.308914185
0.999976873 0.001247610 -0.006674496 0.740464509 -0.001250277 0.999999106 -0.000395451 -1.072349668 0.006673997 0.000403786 0.999977648 38.882949829
0.999974430 0.001304657 -0.007033068 0.744266450 -0.001307083 0.999999106 -0.000340386 -1.089316130 0.007032617 0.000349570 0.999975204 39.434761047
0.999975443 0.000666049 -0.006967791 0.760203183 -0.000665956 0.999999762 0.000015611 -1.109804153 0.006967800 -0.000010971 0.999975741 39.958873749
0.999977231 0.001758437 -0.006519007 0.753102422 -0.001761160 0.999998391 -0.000411981 -1.118069410 0.006518272 0.000423453 0.999978662 40.514705658
0.999971867 0.000537171 -0.007472009 0.779290795 -0.000539295 0.999999821 -0.000282287 -1.138814926 0.007471856 0.000286308 0.999972045 41.046600342
0.999969959 0.000713247 -0.007719793 0.780743599 -0.000710163 0.999999642 0.000402235 -1.154957056 0.007720076 -0.000396741 0.999970138 41.597335815
0.999970496 0.001075443 -0.007603847 0.780719638 -0.001076220 0.999999404 -0.000098126 -1.171144247 0.007603736 0.000106307 0.999971032 42.149131775
0.999967098 0.000294942 -0.008109810 0.794135571 -0.000301506 0.999999642 -0.000808160 -1.175082445 0.008109569 0.000810578 0.999966800 42.726448059
0.999965072 0.001431507 -0.008250377 0.798156321 -0.001437316 0.999998689 -0.000698181 -1.183795333 0.008249369 0.000710014 0.999965727 43.306045532
0.999979258 -0.000259404 -0.006435769 0.769810796 0.000264005 0.999999702 0.000714130 -1.231389642 0.006435582 -0.000715814 0.999979019 43.822280884
0.999975979 0.001530099 -0.006760123 0.780064583 -0.001525433 0.999998569 0.000695408 -1.232060671 0.006761179 -0.000685079 0.999976933 44.394779205
0.999974489 0.000801547 -0.007111908 0.794498086 -0.000797652 0.999999523 0.000550587 -1.248473525 0.007112346 -0.000544900 0.999974549 44.930850983
0.999981105 0.003275137 -0.005204512 0.787093520 -0.003272177 0.999994397 0.000577104 -1.265351534 0.005206373 -0.000560063 0.999986231 45.498394012
0.999981642 0.002201695 -0.005640921 0.807966828 -0.002202702 0.999997556 -0.000172424 -1.268437862 0.005640528 0.000184846 0.999984086 46.053852081
0.999982119 0.002824050 -0.005266651 0.804377377 -0.002824432 0.999995947 -0.000065092 -1.285374045 0.005266445 0.000079966 0.999986112 46.598514557
0.999979556 0.003979886 -0.004993609 0.816160083 -0.003979987 0.999992073 -0.000010479 -1.304512620 0.004993529 0.000030354 0.999987423 47.138214111
0.999985278 0.003363725 -0.004250899 0.802743673 -0.003363762 0.999994338 -0.000001652 -1.313484430 0.004250870 0.000015951 0.999990880 47.717739105
0.999980271 0.003619581 -0.005129403 0.831918657 -0.003621053 0.999993384 -0.000277798 -1.320619702 0.005128365 0.000296367 0.999986827 48.267009735
0.999983609 0.003645410 -0.004411595 0.838979363 -0.003645568 0.999993324 -0.000027646 -1.342741728 0.004411465 0.000043729 0.999990284 48.815364838
0.999983907 0.003478206 -0.004466102 0.850715280 -0.003481275 0.999993682 -0.000679638 -1.351069689 0.004463710 0.000695175 0.999989748 49.356903076
0.999982595 0.004233974 -0.004098897 0.864279032 -0.004235669 0.999990880 -0.000404895 -1.360415220 0.004097146 0.000422250 0.999991536 49.900627136
0.999984920 0.003838680 -0.003920814 0.869371414 -0.003838082 0.999992609 0.000160081 -1.383481741 0.003921400 -0.000145030 0.999992311 50.426715851
0.999986410 0.004169246 -0.003112003 0.866678476 -0.004169463 0.999991298 -0.000062663 -1.401019573 0.003111714 0.000075637 0.999995112 50.974517822
0.999985993 0.004253567 -0.003141742 0.877592504 -0.004253658 0.999990880 -0.000021993 -1.416688919 0.003141620 0.000035357 0.999995053 51.507614136
0.999986649 0.003630555 -0.003675477 0.891805291 -0.003632968 0.999993205 -0.000650368 -1.425158024 0.003673091 0.000663712 0.999993026 52.050830841
0.999984384 0.004212639 -0.003656724 0.905529499 -0.004216041 0.999990702 -0.000923241 -1.441644907 0.003652800 0.000938644 0.999992847 52.603206635
0.999985814 0.004318178 -0.003103820 0.907562017 -0.004322359 0.999989688 -0.001341599 -1.454436302 0.003097995 0.001354996 0.999994218 53.138832092
0.999984384 0.004698948 -0.003064637 0.910846710 -0.004702290 0.999988317 -0.001084319 -1.475281358 0.003059507 0.001098713 0.999994695 53.677722931
0.999982953 0.004885601 -0.003198352 0.923864245 -0.004889313 0.999987364 -0.001153796 -1.493518472 0.003192676 0.001169414 0.999994218 54.220581055
0.999985039 0.004753028 -0.002703624 0.920381904 -0.004755884 0.999988139 -0.001051346 -1.507935882 0.002698595 0.001064188 0.999995768 54.753402710
0.999984801 0.004579771 -0.003054819 0.934635162 -0.004583066 0.999988914 -0.001072574 -1.524431467 0.003049873 0.001086558 0.999994755 55.293735504
0.999980927 0.005763596 -0.002183815 0.932314873 -0.005767256 0.999981940 -0.001673475 -1.534388900 0.002174131 0.001686038 0.999996245 55.827312469
0.999978065 0.005633792 -0.003477714 0.952729642 -0.005637042 0.999983668 -0.000925610 -1.556731820 0.003472443 0.000945194 0.999993503 56.379970551
0.999980330 0.005882614 -0.002160580 0.955416739 -0.005887301 0.999980330 -0.002169227 -1.563981175 0.002147777 0.002181905 0.999995232 56.919197083
0.999982476 0.005331293 -0.002624482 0.967452645 -0.005337337 0.999983072 -0.002301521 -1.576442122 0.002612168 0.002315488 0.999993861 57.476959229
0.999980450 0.005839680 -0.002212824 0.973464608 -0.005844973 0.999980032 -0.002393409 -1.593037009 0.002198803 0.002406296 0.999994695 58.027149200
0.999976695 0.006200849 -0.002849621 0.988222718 -0.006205571 0.999979377 -0.001651743 -1.614778757 0.002839321 0.001669388 0.999994576 58.577415466
0.999978900 0.006174352 -0.002030077 0.988572478 -0.006178798 0.999978483 -0.002191444 -1.622055292 0.002016503 0.002203942 0.999995470 59.137771606
0.999976516 0.006565249 -0.001951786 0.996897638 -0.006568959 0.999976754 -0.001901382 -1.642012000 0.001939257 0.001914158 0.999996305 59.675899506
0.999976695 0.006472172 -0.002159398 1.011398911 -0.006476442 0.999976993 -0.001976098 -1.657526135 0.002146559 0.001990038 0.999995708 60.223754883
0.999975264 0.006663200 -0.002213916 1.021347523 -0.006667942 0.999975502 -0.002141462 -1.668871999 0.002199593 0.002156171 0.999995172 60.778831482
0.999972820 0.007110784 -0.001941542 1.029726028 -0.007115574 0.999971628 -0.002470505 -1.685903668 0.001923920 0.002484253 0.999995053 61.325630188
0.999969900 0.007501949 -0.001950627 1.047482967 -0.007506541 0.999969006 -0.002357346 -1.702982426 0.001932883 0.002371917 0.999995291 61.862621307
0.999970913 0.007292208 -0.002225163 1.056987524 -0.007298084 0.999969900 -0.002644607 -1.718698502 0.002205812 0.002660770 0.999993980 62.403060913
0.999977529 0.006518162 -0.001551436 1.066686869 -0.006522310 0.999975145 -0.002683549 -1.742793441 0.001533905 0.002693608 0.999995172 62.954536438
0.999972165 0.007292373 -0.001562414 1.076364279 -0.007297301 0.999968350 -0.003171786 -1.747579575 0.001539235 0.003183099 0.999993742 63.493679047
0.999966741 0.007915832 -0.001965909 1.087017298 -0.007921433 0.999964535 -0.002857480 -1.770011663 0.001943219 0.002872958 0.999993920 64.029647827
0.999971151 0.007370556 -0.001823958 1.099353552 -0.007376457 0.999967515 -0.003250030 -1.781195045 0.001799944 0.003263390 0.999993026 64.572174072
0.999967992 0.007708286 -0.002136430 1.111962080 -0.007715195 0.999964952 -0.003245051 -1.796283245 0.002111342 0.003261430 0.999992430 65.107933044
0.999970555 0.007374261 -0.002126126 1.125391245 -0.007380791 0.999967933 -0.003080250 -1.816775799 0.002103343 0.003095851 0.999992967 65.648750305
0.999969840 0.007437801 -0.002217936 1.135924816 -0.007444910 0.999967039 -0.003214918 -1.830543399 0.002193951 0.003231333 0.999992311 66.189315796
0.999969780 0.007458508 -0.002197683 1.145646572 -0.007465123 0.999967575 -0.003017021 -1.850087285 0.002175109 0.003033336 0.999993026 66.722557068
0.999970913 0.007354949 -0.002033413 1.155466795 -0.007361015 0.999968529 -0.002991848 -1.870415688 0.002011344 0.003006729 0.999993443 67.256546021
0.999965549 0.008076170 -0.001927182 1.164396763 -0.008081692 0.999963224 -0.002875308 -1.886346936 0.001903890 0.002890783 0.999993980 67.796333313
0.999966443 0.007948217 -0.001982416 1.176162481 -0.007954136 0.999963820 -0.002995682 -1.906885982 0.001958534 0.003011350 0.999993563 68.338035583
0.999962330 0.008461048 -0.001930917 1.185315371 -0.008466864 0.999959588 -0.003025252 -1.926643968 0.001905242 0.003041486 0.999993563 68.877357483
0.999962568 0.008387509 -0.002110616 1.196546555 -0.008394969 0.999958456 -0.003550479 -1.935708165 0.002080748 0.003568065 0.999991417 69.414993286
0.999960899 0.008539749 -0.002308129 1.214513779 -0.008548984 0.999955297 -0.004021086 -1.946398258 0.002273687 0.004040661 0.999989271 69.950553894
0.999963105 0.008271541 -0.002287085 1.229263783 -0.008277713 0.999962091 -0.002703255 -1.985009313 0.002264638 0.002722088 0.999993742 70.484352112
0.999965429 0.007667672 -0.003211870 1.253640652 -0.007673822 0.999968708 -0.001907378 -2.017012119 0.003197144 0.001931959 0.999993026 71.012275696
0.999960303 0.008451162 -0.002827214 1.261370897 -0.008458683 0.999960661 -0.002659427 -2.029520750 0.002804627 0.002683236 0.999992490 71.553916931
0.999961436 0.008307124 -0.002852919 1.269490242 -0.008314021 0.999962509 -0.002413608 -2.045354128 0.002832762 0.002437234 0.999992967 72.087615967
0.999963343 0.008054468 -0.002898403 1.276682615 -0.008061430 0.999964774 -0.002398700 -2.061256886 0.002878980 0.002421977 0.999992907 72.622413635
0.999960065 0.008454316 -0.002876864 1.287076592 -0.008461830 0.999960780 -0.002610244 -2.073827505 0.002854684 0.002634484 0.999992430 73.164489746
0.999963522 0.008011506 -0.002961918 1.294262528 -0.008020370 0.999963343 -0.002993236 -2.084952593 0.002937828 0.003016883 0.999991059 73.696022034
0.999963164 0.008048112 -0.002974910 1.302901745 -0.008056999 0.999963105 -0.002987910 -2.102744818 0.002950753 0.003011769 0.999991119 74.230957031
0.999960840 0.008277385 -0.003135529 1.319035649 -0.008286984 0.999960959 -0.003060611 -2.115190029 0.003110073 0.003086475 0.999990404 74.767715454
0.999962866 0.008033133 -0.003124303 1.325560212 -0.008041732 0.999963880 -0.002749568 -2.136059523 0.003102103 0.002774591 0.999991357 75.301185608
0.999962687 0.007875071 -0.003547219 1.341991782 -0.007886465 0.999963760 -0.003209357 -2.150893211 0.003521817 0.003237212 0.999988496 75.833503723
0.999963045 0.007915488 -0.003355419 1.346221209 -0.007927475 0.999962151 -0.003574474 -2.161396503 0.003326998 0.003600942 0.999987960 76.383018494
0.999960244 0.008264060 -0.003347061 1.354893565 -0.008276502 0.999958813 -0.003720548 -2.176710129 0.003316176 0.003748103 0.999987423 76.924018860
0.999964416 0.007793614 -0.003257122 1.367538452 -0.007806017 0.999962389 -0.003812949 -2.195373774 0.003227283 0.003838239 0.999987364 77.457389832
0.999963284 0.007852707 -0.003431825 1.370709658 -0.007865654 0.999961913 -0.003776106 -2.209904194 0.003402041 0.003802961 0.999987006 77.993972778
0.999957860 0.008579561 -0.003274351 1.380230546 -0.008592233 0.999955595 -0.003875258 -2.227527857 0.003240957 0.003903228 0.999987125 78.530769348
0.999960661 0.008320387 -0.003082359 1.390745997 -0.008332556 0.999957442 -0.003956296 -2.242285252 0.003049311 0.003981825 0.999987364 79.071342468
0.999961197 0.008276627 -0.003012537 1.398125529 -0.008287934 0.999958515 -0.003759808 -2.260427475 0.002981294 0.003784630 0.999988377 79.602691650
0.999959946 0.008502677 -0.002763555 1.407645822 -0.008512651 0.999957204 -0.003617897 -2.281131268 0.002732674 0.003641278 0.999989629 80.153381348
0.999962449 0.008412558 -0.002094403 1.422793746 -0.008420072 0.999958038 -0.003604872 -2.301057577 0.002063989 0.003622373 0.999991298 80.695167542
0.999962449 0.008621478 -0.000886978 1.430603981 -0.008624283 0.999957621 -0.003206546 -2.320036411 0.000859295 0.003214074 0.999994457 81.236610413
0.999958098 0.009137939 0.000409656 1.443971992 -0.009136436 0.999951959 -0.003530595 -2.336408138 -0.000441899 0.003526705 0.999993682 81.786735535
0.999963403 0.008478593 0.001167845 1.464880347 -0.008474383 0.999957740 -0.003562600 -2.347701550 -0.001198001 0.003552573 0.999992967 82.329162598
0.999937236 0.009843181 0.005353152 1.475010157 -0.009822546 0.999944270 -0.003867633 -2.364479542 -0.005390924 0.003814807 0.999978125 82.862831116
0.999924600 0.009030995 0.008333483 1.503281593 -0.009003364 0.999953806 -0.003347453 -2.386911392 -0.008363329 0.003272170 0.999959648 83.391929626
0.999890804 0.008635886 0.011993919 1.518158078 -0.008587526 0.999954820 -0.004077720 -2.393495083 -0.012028590 0.003974277 0.999919713 83.950164795
0.999811769 0.009300562 0.017027097 1.529467821 -0.009230254 0.999948561 -0.004203211 -2.410989046 -0.017065313 0.004045254 0.999846220 84.504516602
0.999682307 0.009138175 0.023489853 1.561416268 -0.009058218 0.999952793 -0.003508039 -2.435630560 -0.023520805 0.003294148 0.999717832 85.040390015
0.999540687 0.008981773 0.028944492 1.590377927 -0.008879744 0.999953866 -0.003651561 -2.453659296 -0.028975952 0.003392863 0.999574482 85.627960205
0.999355257 0.008815806 0.034804832 1.618257523 -0.008665865 0.999952435 -0.004456591 -2.462292194 -0.034842469 0.004152103 0.999384165 86.208404541
0.999040604 0.009251763 0.042807791 1.654564381 -0.009059678 0.999947965 -0.004679036 -2.480108976 -0.042848863 0.004286721 0.999072313 86.768005371
0.998607099 0.009514768 0.051897258 1.690233469 -0.009272041 0.999944925 -0.004915829 -2.506408691 -0.051941171 0.004427788 0.998640358 87.337768555
0.998216629 0.010078619 0.058838159 1.732445478 -0.009814948 0.999940455 -0.004768547 -2.521440506 -0.058882710 0.004182550 0.998256087 87.898986816
0.997595310 0.009546041 0.068647079 1.775062084 -0.009216230 0.999944389 -0.005119552 -2.530008554 -0.068692140 0.004474573 0.997627795 88.483009338
0.996875405 0.009015578 0.078474119 1.844799042 -0.008628002 0.999948859 -0.005276582 -2.551948786 -0.078517683 0.004583019 0.996902168 89.044708252
0.996133387 0.009312466 0.087358870 1.907124043 -0.008878204 0.999946177 -0.005358256 -2.577196360 -0.087404057 0.004561949 0.996162474 89.618019104
0.995358944 0.009124726 0.095798247 1.965999603 -0.008578984 0.999944508 -0.006107125 -2.588284969 -0.095848657 0.005256931 0.995382011 90.172546387
0.994234562 0.008767526 0.106868818 2.040405273 -0.008167278 0.999948263 -0.006053060 -2.604280233 -0.106916383 0.005145333 0.994254708 90.735069275
0.993071616 0.007853253 0.117247850 2.122453690 -0.007153026 0.999953985 -0.006391792 -2.619347334 -0.117292650 0.005508829 0.993082106 91.298538208
0.991888225 0.007425237 0.126895964 2.210056305 -0.006586983 0.999953628 -0.007024170 -2.629030228 -0.126942232 0.006131332 0.991891146 91.873870850
0.990471482 0.007169586 0.137530863 2.308625221 -0.006304748 0.999957442 -0.006722908 -2.647387981 -0.137573197 0.005791752 0.990474582 92.410301208
0.988791883 0.006548760 0.149156362 2.420322418 -0.005546154 0.999959171 -0.007136820 -2.661213398 -0.149196997 0.006229586 0.988787889 92.958000183
0.986954033 0.006480587 0.160871431 2.514992714 -0.005383538 0.999959111 -0.007254355 -2.682168722 -0.160911903 0.006293658 0.986948669 93.482170105
0.985250056 0.006278398 0.171005741 2.626634598 -0.005070569 0.999959052 -0.007498943 -2.695388556 -0.171045825 0.006521235 0.985241473 94.013366699
0.982866108 0.006661295 0.184201077 2.749238014 -0.005426240 0.999959290 -0.007208198 -2.718952417 -0.184241578 0.006085174 0.982862115 94.535858154
0.980591476 0.005859296 0.195974499 2.882288933 -0.004501760 0.999962687 -0.007371830 -2.731518507 -0.196010381 0.006346525 0.980581284 95.074806213
0.978402793 0.006190553 0.206614569 3.008306503 -0.004728386 0.999960124 -0.007569842 -2.744020700 -0.206653193 0.006429402 0.978393137 95.617431641
0.975596666 0.005540265 0.219500363 3.153877258 -0.003892099 0.999960899 -0.007940442 -2.763479233 -0.219535798 0.006892353 0.975580037 96.134254456
0.972489178 0.005739051 0.232877180 3.304029465 -0.004005852 0.999960661 -0.007914801 -2.780338764 -0.232913405 0.006764188 0.972473860 96.664413452
0.969888628 0.004982460 0.243497729 3.458631516 -0.003224566 0.999965847 -0.007617394 -2.809508562 -0.243527338 0.006602851 0.969871461 97.162818909
0.966696620 0.004453405 0.255886257 3.614511490 -0.002480943 0.999964654 -0.008030628 -2.816741467 -0.255913049 0.007128343 0.966673553 97.680862427
0.962985098 0.005161822 0.269505620 3.784824371 -0.003117788 0.999963045 -0.008011892 -2.840654850 -0.269537002 0.006875071 0.962965488 98.210067749
0.959350228 0.005259241 0.282169461 3.963090897 -0.002970200 0.999959052 -0.008539421 -2.849795341 -0.282202840 0.007354195 0.959326565 98.747817993
0.956319571 0.004064759 0.292294711 4.163166046 -0.001734784 0.999964654 -0.008230073 -2.872767687 -0.292317808 0.007363515 0.956292868 99.242805481
0.951874554 0.003641952 0.306466162 4.345211029 -0.001320723 0.999968767 -0.007781207 -2.896948576 -0.306484967 0.007001976 0.951849759 99.766639709
0.947569966 0.003359392 0.319530785 4.549896240 -0.000826552 0.999967098 -0.008062027 -2.915904045 -0.319547266 0.007375225 0.947541595 100.269371033
0.943469763 0.002904018 0.331445932 4.735351562 -0.000217514 0.999966800 -0.008142213 -2.927807093 -0.331458569 0.007609838 0.943439066 100.782501221
0.938745141 0.003334028 0.344596386 4.939798355 -0.000334704 0.999961555 -0.008762999 -2.943336487 -0.344612330 0.008110884 0.938710034 101.303962708
0.933841348 0.001585838 0.357683927 5.184841156 0.001742244 0.999958158 -0.008982092 -2.964285374 -0.357683301 0.009011022 0.933799505 101.806152344
0.928926468 0.001644758 0.370260537 5.406202316 0.001646144 0.999961853 -0.008571913 -2.987331390 -0.370260596 0.008572178 0.928888381 102.320922852
0.924254537 0.001093019 0.381775260 5.633831024 0.002418426 0.999959052 -0.008717738 -3.005271196 -0.381769180 0.008980703 0.924214065 102.820800781
0.918222547 0.001329043 0.396062672 5.857955933 0.002147686 0.999962986 -0.008334657 -3.027371168 -0.396059096 0.008503688 0.918185651 103.307601929
0.912555158 0.000611597 0.408953190 6.104763031 0.002991550 0.999962151 -0.008170930 -3.038477659 -0.408942699 0.008679828 0.912518799 103.783874512
0.907081246 0.000420268 0.420955360 6.334838867 0.003419760 0.999959171 -0.008367276 -3.058767319 -0.420941740 0.009029365 0.907042742 104.282989502
0.900979996 -0.000388276 0.433860570 6.592849731 0.004346481 0.999957621 -0.008131257 -3.082060099 -0.433838993 0.009211864 0.900943398 104.755874634
0.894560695 -0.000547409 0.446946055 6.862869263 0.004595775 0.999957621 -0.007973700 -3.103510141 -0.446922749 0.009187021 0.894525290 105.228118896
0.888683438 -0.001278403 0.458519548 7.131225586 0.005273987 0.999958456 -0.007433825 -3.125340462 -0.458490998 0.009024544 0.888653219 105.698188782
0.883365750 -0.002330822 0.468678504 7.412895203 0.006864701 0.999944687 -0.007965691 -3.132838488 -0.468634039 0.010253957 0.883332908 106.152145386
0.876309037 -0.002594223 0.481742501 7.697681427 0.007246363 0.999943316 -0.007796647 -3.149734497 -0.481694996 0.010323153 0.876278102 106.617980957
