1.000000000 0.000000000 0.000000000 0.000000000 0.000000000 1.000000000 0.000000000 0.000000000 0.000000000 0.000000000 1.000000000 0.000000000
1.000000000 0.000059200 0.000056923 -0.000531059 -0.000059209 1.000000000 0.000157560 -0.000412779 -0.000056914 -0.000157563 1.000000000 0.000140596
1.000000000 0.000050769 0.000088862 -0.001103843 -0.000050769 1.000000000 -0.000000558 0.000399267 -0.000088862 0.000000553 1.000000000 0.000113837
1.000000000 0.000057398 0.000001711 -0.000409913 -0.000057398 1.000000000 0.000044000 -0.000632551 -0.000001709 -0.000044000 1.000000000 -0.000576446
1.000000000 0.000098012 0.000189375 -0.001393443 -0.000098026 1.000000000 0.000072036 -0.000301753 -0.000189368 -0.000072055 1.000000000 0.000525560
1.000000000 -0.000130607 -0.000018726 -0.000146554 0.000130608 1.000000000 0.000019549 -0.000210117 0.000018724 -0.000019551 1.000000000 -0.000149582
1.000000000 0.000090895 0.000120285 -0.001849127 -0.000090906 1.000000000 0.000091625 -0.000532489 -0.000120277 -0.000091635 1.000000000 -0.000866071
1.000000000 0.000049110 0.000095903 -0.001329397 -0.000049109 1.000000000 -0.000008489 -0.000350059 -0.000095903 0.000008484 1.000000000 -0.000868061
1.000000000 0.000102877 0.000201919 -0.001879678 -0.000102886 1.000000000 0.000044243 -0.000837145 -0.000201914 -0.000044264 1.000000000 -0.001340561
1.000000000 0.000106017 0.000158839 -0.002078112 -0.000106046 1.000000000 0.000181694 -0.001071319 -0.000158820 -0.000181711 1.000000000 0.000547701
1.000000000 0.000060124 0.000154661 -0.001214229 -0.000060143 1.000000000 0.000125030 -0.001041764 -0.000154654 -0.000125039 1.000000000 -0.000729166
1.000000000 0.000066800 0.000160916 -0.001469770 -0.000066818 1.000000000 0.000112213 -0.001221572 -0.000160908 -0.000112224 1.000000000 -0.000364583
1.000000000 0.000014017 0.000157992 -0.001190533 -0.000014030 1.000000000 0.000081436 0.000312473 -0.000157991 -0.000081439 1.000000000 0.000353444
1.000000000 0.000152243 0.000156165 -0.002135135 -0.000152231 1.000000000 -0.000078855 0.000820101 -0.000156177 0.000078831 1.000000000 -0.000177748
1.000000000 0.000200980 0.000106602 -0.000650928 -0.000200977 1.000000000 -0.000031974 0.001285943 -0.000106609 0.000031953 1.000000000 0.001146744
0.999999940 0.000221865 0.000205212 -0.001483250 -0.000221869 1.000000000 0.000019676 0.000525809 -0.000205208 -0.000019722 1.000000000 0.001129208
0.999999940 0.000309069 0.000215281 -0.001940229 -0.000309067 0.999999940 -0.000008706 0.000663208 -0.000215284 0.000008639 1.000000000 0.001063450
0.999999940 0.000174843 0.000205592 -0.001491351 -0.000174852 1.000000000 0.000042883 0.001037472 -0.000205585 -0.000042919 1.000000000 0.002511001
0.999999940 0.000205960 0.000277122 -0.002643915 -0.000205945 1.000000000 -0.000054164 0.001276334 -0.000277133 0.000054107 0.999999940 0.001371898
0.999999940 0.000238170 0.000261948 -0.002501564 -0.000238179 1.000000000 0.000032813 0.000906039 -0.000261941 -0.000032875 0.999999940 0.002054166
0.999999940 0.000260193 0.000197357 -0.002789571 -0.000260182 0.999999940 -0.000058876 0.001886893 -0.000197372 0.000058824 1.000000000 0.002457413
0.999999940 0.000287011 0.000195034 -0.002022853 -0.000287002 0.999999940 -0.000042164 0.001344177 -0.000195046 0.000042108 1.000000000 0.002253424
0.999999940 0.000332572 0.000206970 -0.002615485 -0.000332573 0.999999940 0.000003345 0.001403693 -0.000206969 -0.000003413 1.000000000 0.001604829
0.999999881 0.000404656 0.000203377 -0.002787563 -0.000404666 0.999999940 0.000048646 0.001199496 -0.000203357 -0.000048728 1.000000000 0.002968764
0.999999940 0.000271509 0.000234577 -0.001843140 -0.000271513 0.999999940 0.000015370 0.001399154 -0.000234573 -0.000015434 1.000000000 0.001620226
0.999999940 0.000250203 0.000221617 -0.002496519 -0.000250198 0.999999940 -0.000022622 0.002291105 -0.000221623 0.000022566 1.000000000 0.003591956
0.999999881 0.000358275 0.000256928 -0.002760980 -0.000358301 0.999999940 0.000101012 0.000696000 -0.000256892 -0.000101104 0.999999940 0.002186254
0.999999940 0.000339673 0.000136538 -0.002034454 -0.000339664 0.999999940 -0.000067090 0.001689856 -0.000136561 0.000067044 1.000000000 0.001505914
0.999999881 0.000395318 0.000190303 -0.002457175 -0.000395298 0.999999940 -0.000108395 0.002637079 -0.000190346 0.000108320 1.000000000 0.002584066
0.999999940 0.000359541 0.000214709 -0.001846038 -0.000359537 0.999999940 -0.000017381 0.001376413 -0.000214716 0.000017304 1.000000000 0.002580904
0.999999881 0.000297960 0.000367705 -0.003187065 -0.000297955 0.999999940 -0.000015859 0.001262238 -0.000367709 0.000015749 0.999999940 0.002492138
0.999999940 0.000328955 0.000203396 -0.001843010 -0.000328943 0.999999940 -0.000058242 0.001733021 -0.000203415 0.000058175 1.000000000 0.002719237
0.999999881 0.000382757 0.000260006 -0.001649310 -0.000382770 0.999999940 0.000047566 0.000405558 -0.000259988 -0.000047666 0.999999940 0.001174079
0.999999821 0.000494550 0.000341885 -0.003377296 -0.000494541 0.999999881 -0.000025902 0.001107909 -0.000341898 0.000025733 0.999999940 0.002463111
0.999999881 0.000415860 0.000218116 -0.001676260 -0.000415833 0.999999881 -0.000120533 0.001653987 -0.000218166 0.000120442 0.999999940 0.002560056
0.999999940 0.000293972 0.000204453 -0.001937175 -0.000293965 0.999999940 -0.000037818 0.001540832 -0.000204464 0.000037758 1.000000000 0.002592093
0.999999881 0.000394718 0.000219410 -0.002897979 -0.000394695 0.999999940 -0.000106638 0.003058948 -0.000219452 0.000106552 1.000000000 0.002953090
0.999999881 0.000430047 0.000304517 -0.002822097 -0.000430051 0.999999881 0.000011429 0.000957309 -0.000304512 -0.000011560 0.999999940 0.002604772
0.999999940 0.000367178 0.000196566 -0.001062423 -0.000367176 0.999999940 -0.000013109 0.001738578 -0.000196571 0.000013037 1.000000000 0.000782747
0.999999940 0.000181825 0.000174418 -0.001858526 -0.000181803 1.000000000 -0.000121064 0.001324514 -0.000174440 0.000121032 1.000000000 0.001817382
0.999999821 0.000404940 0.000376261 -0.002614364 -0.000404730 0.999999762 -0.000557900 -0.002749338 -0.000376486 0.000557748 0.999999762 0.048654914
0.999999821 0.000519846 0.000382716 -0.003137281 -0.000519352 0.999999046 -0.001289363 -0.002926827 -0.000383386 0.001289164 0.999999106 0.136723533
0.999999881 0.000442083 0.000282494 0.001799338 -0.000441664 0.999998808 -0.001482624 -0.006834900 -0.000283149 0.001482499 0.999998868 0.253096372
0.999999642 0.000760444 0.000306954 0.003744994 -0.000760102 0.999999106 -0.001110670 -0.012702060 -0.000307799 0.001110436 0.999999344 0.384510309
0.999999642 0.000667271 0.000478939 0.002901044 -0.000666819 0.999999344 -0.000943549 -0.013715850 -0.000479569 0.000943229 0.999999464 0.533316135
0.999999881 0.000248306 0.000367591 0.007798953 -0.000247953 0.999999523 -0.000959226 -0.017474845 -0.000367829 0.000959135 0.999999464 0.689006269
0.999999881 0.000380065 0.000298215 0.016075909 -0.000379842 0.999999642 -0.000746474 -0.020664146 -0.000298498 0.000746361 0.999999702 0.849854648
0.999999464 0.000645035 0.000785548 0.008084150 -0.000644373 0.999999464 -0.000842851 -0.023439515 -0.000786091 0.000842344 0.999999344 1.025136590
0.999999762 0.000374281 0.000580534 0.013024592 -0.000373710 0.999999464 -0.000982746 -0.026815696 -0.000580902 0.000982529 0.999999344 1.193710923
0.999999762 0.000382035 0.000563608 0.011283851 -0.000381998 0.999999940 -0.000065007 -0.046839233 -0.000563633 0.000064791 0.999999821 1.357065320
0.999998629 0.001476921 0.000637652 0.015374586 -0.001477509 0.999998510 0.000922553 -0.060835630 -0.000636288 -0.000923494 0.999999344 1.551928639
0.999999046 0.001034518 0.000869292 0.018120363 -0.001035447 0.999998927 0.001069731 -0.067247517 -0.000868185 -0.001070630 0.999999046 1.749445558
0.999999404 0.000959916 0.000343618 0.027275691 -0.000960389 0.999998569 0.001380130 -0.072256722 -0.000342293 -0.001380459 0.999998987 1.950188518
0.999999940 0.000318183 0.000151779 0.035249442 -0.000318342 0.999999404 0.001048545 -0.075613774 -0.000151446 -0.001048593 0.999999404 2.163275480
0.999999821 0.000574840 0.000298489 0.037234448 -0.000575276 0.999998748 0.001462007 -0.083073303 -0.000297648 -0.001462178 0.999998868 2.384921074
0.999999881 0.000488739 0.000119228 0.041448247 -0.000488891 0.999999046 0.001281424 -0.088045537 -0.000118602 -0.001281482 0.999999106 2.610662222
0.999999881 0.000383013 0.000301548 0.044973679 -0.000383420 0.999999046 0.001348667 -0.096803471 -0.000301031 -0.001348783 0.999999046 2.839430094
0.999999821 0.000339544 0.000518897 0.048955843 -0.000340204 0.999999106 0.001273288 -0.098807737 -0.000518465 -0.001273465 0.999999046 3.080044508
0.999999464 0.000815987 0.000601499 0.050820712 -0.000816839 0.999998629 0.001417852 -0.109718867 -0.000600341 -0.001418343 0.999998808 3.322087288
0.999999464 0.000668735 0.000782762 0.053297855 -0.000669996 0.999998450 0.001611586 -0.116330616 -0.000781683 -0.001612109 0.999998331 3.565587759
0.999998748 0.001262023 0.000899674 0.055718984 -0.001263853 0.999997079 0.002036823 -0.127157554 -0.000897101 -0.002037958 0.999997556 3.819809437
0.999998629 0.001207767 0.001067456 0.061416030 -0.001210060 0.999996960 0.002150112 -0.128567338 -0.001064856 -0.002151401 0.999997139 4.087832928
0.999998927 0.000860668 0.001176991 0.073369116 -0.000863396 0.999996960 0.002319428 -0.135368034 -0.001174991 -0.002320442 0.999996662 4.344233990
0.999999702 0.000428519 0.000670466 0.074524671 -0.000429711 0.999998331 0.001779254 -0.144856498 -0.000669703 -0.001779541 0.999998212 4.598390579
0.999999464 0.000707612 0.000760560 0.080879562 -0.000708849 0.999998450 0.001627563 -0.150019795 -0.000759408 -0.001628101 0.999998391 4.860203266
0.999999046 0.000930767 0.000972117 0.087682270 -0.000932550 0.999997854 0.001835456 -0.153143853 -0.000970407 -0.001836361 0.999997854 5.120198250
0.999999166 0.000795691 0.000989873 0.091832019 -0.000797545 0.999997854 0.001874093 -0.162188247 -0.000988380 -0.001874881 0.999997735 5.379865646
0.999999285 0.000631151 0.001047485 0.101593703 -0.000633254 0.999997795 0.002008232 -0.170399234 -0.001046216 -0.002008894 0.999997437 5.650389194
0.999999344 0.000570351 0.000993514 0.093712024 -0.000572270 0.999997973 0.001932012 -0.182978898 -0.000992410 -0.001932579 0.999997616 5.920516968
0.999999344 0.000654829 0.000939418 0.099021986 -0.000656283 0.999998629 0.001548341 -0.187551707 -0.000938402 -0.001548957 0.999998331 6.202032566
0.999998271 0.001277870 0.001373602 0.108410768 -0.001280109 0.999997854 0.001630908 -0.187405556 -0.001371514 -0.001632663 0.999997675 6.505469322
0.999998689 0.000852375 0.001435509 0.108810246 -0.000855088 0.999997854 0.001890641 -0.199181676 -0.001433894 -0.001891866 0.999997199 6.786745548
0.999998033 0.001366039 0.001401649 0.107672967 -0.001368374 0.999997675 0.001665697 -0.208418578 -0.001399370 -0.001667612 0.999997556 7.096917629
0.999998331 0.001374916 0.001237735 0.116907150 -0.001376868 0.999997795 0.001577670 -0.214701384 -0.001235563 -0.001579371 0.999997914 7.400816441
0.999999106 0.000821626 0.001038092 0.127490610 -0.000823548 0.999997914 0.001851598 -0.226182565 -0.001036569 -0.001852451 0.999997735 7.705060005
0.999998152 0.001316054 0.001382894 0.133562654 -0.001319274 0.999996364 0.002330286 -0.237867907 -0.001379822 -0.002332106 0.999996305 8.026116371
0.999996245 0.001834651 0.002033692 0.124162346 -0.001838621 0.999996424 0.001951935 -0.245121494 -0.002030103 -0.001955667 0.999996006 8.333380699
0.999997616 0.001436400 0.001631100 0.132213086 -0.001438749 0.999998033 0.001439598 -0.250639141 -0.001629029 -0.001441942 0.999997616 8.667643547
0.999996305 0.001808157 0.001980803 0.136559397 -0.001811663 0.999996722 0.001769462 -0.258498222 -0.001977597 -0.001773044 0.999996424 9.008475304
0.999996722 0.001875066 0.001688776 0.141256616 -0.001878196 0.999996424 0.001853370 -0.271493882 -0.001685295 -0.001856536 0.999996841 9.339289665
0.999994516 0.002323602 0.002350402 0.137565389 -0.002327838 0.999995589 0.001800298 -0.283364862 -0.002346207 -0.001805759 0.999995589 9.681290627
0.999995887 0.002020609 0.002048122 0.152354091 -0.002024098 0.999996483 0.001703017 -0.292664647 -0.002044673 -0.001707156 0.999996424 10.030627251
0.999994874 0.002274263 0.002241289 0.157506511 -0.002277903 0.999996066 0.001623027 -0.300281733 -0.002237589 -0.001628125 0.999996126 10.391097069
0.999994755 0.002338833 0.002228013 0.173393652 -0.002342013 0.999996185 0.001425384 -0.307663798 -0.002224671 -0.001430594 0.999996424 10.761109352
0.999997377 0.001363447 0.001812834 0.176746547 -0.001367127 0.999997020 0.002030172 -0.321273446 -0.001810060 -0.002032645 0.999996305 11.113666534
0.999997377 0.001007778 0.002073836 0.185600564 -0.001012618 0.999996781 0.002334206 -0.332259506 -0.002071476 -0.002336300 0.999995172 11.490180016
0.999996722 0.001534860 0.002051027 0.193787128 -0.001538187 0.999997556 0.001621641 -0.335594445 -0.002048533 -0.001624790 0.999996603 11.890591621
0.999994457 0.002139776 0.002542689 0.200224116 -0.002144812 0.999995828 0.001979617 -0.350553125 -0.002538442 -0.001985060 0.999994874 12.265569687
0.999995947 0.001397126 0.002479031 0.201117247 -0.001403939 0.999995232 0.002748792 -0.374107927 -0.002475179 -0.002752261 0.999993145 12.628723145
0.999994814 0.001745748 0.002696142 0.206565291 -0.001753734 0.999994040 0.002962707 -0.382470369 -0.002690955 -0.002967420 0.999991953 13.036605835
0.999995589 0.001445590 0.002601545 0.221598148 -0.001452819 0.999995053 0.002779279 -0.390575886 -0.002597514 -0.002783046 0.999992728 13.446733475
0.999993622 0.002080441 0.002877739 0.223304003 -0.002090223 0.999991953 0.003400441 -0.411938727 -0.002870641 -0.003406434 0.999990046 13.841860771
0.999996424 0.001347489 0.002304024 0.235408708 -0.001355184 0.999993443 0.003341420 -0.415156096 -0.002299507 -0.003344530 0.999991775 14.253250122
0.999993861 0.001597372 0.003097944 0.242288917 -0.001608057 0.999992728 0.003449607 -0.430363744 -0.003092411 -0.003454568 0.999989271 14.672315598
0.999991298 0.002224886 0.003524707 0.245572194 -0.002237438 0.999991179 0.003561137 -0.439131111 -0.003516753 -0.003568992 0.999987423 15.120103836
0.999993265 0.001140267 0.003490631 0.258028984 -0.001152165 0.999993503 0.003408652 -0.451801866 -0.003486720 -0.003412651 0.999988079 15.529895782
0.999991417 0.000916923 0.004043851 0.266952604 -0.000931779 0.999992728 0.003673263 -0.461995751 -0.004040454 -0.003676999 0.999985039 15.979767799
0.999989688 0.001613583 0.004247912 0.276659936 -0.001630942 0.999990284 0.004086033 -0.470774412 -0.004241277 -0.004092919 0.999982655 16.432703018
0.999988794 0.001177422 0.004585972 0.284983993 -0.001192317 0.999993980 0.003246743 -0.485634953 -0.004582122 -0.003252174 0.999984145 16.863973618
0.999990106 0.000551445 0.004410206 0.304206908 -0.000568121 0.999992609 0.003781031 -0.502966762 -0.004408090 -0.003783499 0.999983072 17.324338913
0.999984741 0.001469972 0.005322370 0.303417087 -0.001491962 0.999990344 0.004129939 -0.514128447 -0.005316247 -0.004137816 0.999977291 17.790836334
0.999983549 0.001412260 0.005545691 0.309902430 -0.001431954 0.999992609 0.003548977 -0.525094986 -0.005540638 -0.003556860 0.999978304 18.228908539
0.999981344 0.001919171 0.005795502 0.316675901 -0.001940801 0.999991119 0.003728919 -0.536329865 -0.005788294 -0.003740098 0.999976277 18.691864014
0.999983549 0.001240296 0.005599376 0.335054934 -0.001260819 0.999992490 0.003663117 -0.548106670 -0.005594791 -0.003670116 0.999977589 19.189785004
0.999981999 0.001621412 0.005776053 0.346706927 -0.001643099 0.999991596 0.003751765 -0.558425128 -0.005769922 -0.003761189 0.999976277 19.650060654
0.999983370 0.001211153 0.005641222 0.356058210 -0.001236808 0.999988854 0.004546461 -0.576810718 -0.005635652 -0.004553363 0.999973774 20.137075424
0.999985039 0.000815737 0.005413765 0.376457632 -0.000836262 0.999992430 0.003790058 -0.583243847 -0.005410633 -0.003794529 0.999978185 20.626016617
0.999986470 0.000697980 0.005160609 0.381576687 -0.000716072 0.999993563 0.003504713 -0.585131168 -0.005158129 -0.003508361 0.999980569 21.092506409
0.999989450 0.000989052 0.004515799 0.393240035 -0.001005044 0.999993265 0.003540289 -0.595173597 -0.004512267 -0.003544790 0.999983609 21.601228714
0.999988794 0.000923979 0.004657086 0.394707382 -0.000938432 0.999994814 0.003102176 -0.603599191 -0.004654195 -0.003106512 0.999984384 22.123380661
0.999990523 0.001142793 0.004207398 0.401985794 -0.001157536 0.999993205 0.003503436 -0.621788383 -0.004203365 -0.003508273 0.999985039 22.611862183
0.999992728 0.001304654 0.003596358 0.412404835 -0.001317881 0.999992371 0.003678371 -0.637553155 -0.003591531 -0.003683084 0.999986768 23.134492874
0.999992549 0.001771503 0.003439003 0.412255228 -0.001784488 0.999991298 0.003776386 -0.653087437 -0.003432282 -0.003782494 0.999986947 23.657346725
0.999997079 0.000034212 0.002425818 0.421856940 -0.000042729 0.999993861 0.003510873 -0.669428647 -0.002425683 -0.003510966 0.999990821 24.191772461
0.999996006 0.001415732 0.002470413 0.431861818 -0.001424070 0.999993324 0.003377017 -0.674057245 -0.002465615 -0.003380522 0.999991238 24.744716644
0.999997079 0.001706150 0.001758517 0.432858616 -0.001712815 0.999991298 0.003796150 -0.688653469 -0.001752025 -0.003799151 0.999991238 25.268928528
0.999996841 0.001890172 0.001650740 0.414355695 -0.001896583 0.999990642 0.003891393 -0.710308194 -0.001643369 -0.003894512 0.999991059 25.803649902
0.999996781 0.002001728 0.001554857 0.423923582 -0.002007160 0.999991894 0.003499643 -0.717649162 -0.001547839 -0.003502752 0.999992669 26.367046356
0.999997139 0.002177042 0.000996437 0.432047248 -0.002180767 0.999990582 0.003752620 -0.729390740 -0.000988258 -0.003754782 0.999992430 26.919654846
0.999997735 0.002011910 0.000716066 0.436720848 -0.002014989 0.999988616 0.004324829 -0.751055181 -0.000707356 -0.004326263 0.999990344 27.463216782
0.999995828 0.002825753 0.000764810 0.445772499 -0.002829087 0.999986351 0.004393200 -0.768404186 -0.000752385 -0.004395345 0.999989986 28.007944107
0.999993682 0.003475029 0.000808900 0.453050852 -0.003478032 0.999987006 0.003741661 -0.771505117 -0.000795887 -0.003744451 0.999992669 28.573453903
0.999992311 0.003835503 0.000807768 0.465375066 -0.003839316 0.999981165 0.004773869 -0.790567338 -0.000789442 -0.004776934 0.999988258 29.122381210
0.999995768 0.002863811 -0.000395041 0.466685265 -0.002862071 0.999986529 0.004334928 -0.807246268 0.000407450 -0.004333779 0.999990523 29.638719559
0.999995530 0.002895149 -0.000672217 0.475410700 -0.002892294 0.999986947 0.004209575 -0.817399502 0.000684396 -0.004207612 0.999990880 30.191635132
0.999994874 0.003202471 -0.000275750 0.483228713 -0.003201298 0.999986231 0.004155008 -0.829029620 0.000289053 -0.004154105 0.999991357 30.747604370
0.999992728 0.003819614 0.000196892 0.478806585 -0.003820437 0.999983191 0.004363584 -0.848974824 -0.000180221 -0.004364305 0.999990463 31.268329620
0.999994934 0.003106438 -0.000731584 0.489963025 -0.003103451 0.999986947 0.004049295 -0.856438160 0.000744153 -0.004047003 0.999991536 31.816270828
0.999994040 0.003119748 -0.001431693 0.508474827 -0.003114228 0.999987721 0.003840948 -0.868540823 0.001443659 -0.003836466 0.999991596 32.366847992
0.999990582 0.004122686 -0.001389418 0.514352798 -0.004116837 0.999982774 0.004186352 -0.876181245 0.001406653 -0.004180592 0.999990284 32.919055939
0.999994159 0.003234763 -0.001128091 0.511183023 -0.003230050 0.999986112 0.004155179 -0.892068923 0.001141516 -0.004151510 0.999990702 33.456382751
0.999990761 0.004195856 -0.000923828 0.518620789 -0.004192026 0.999982774 0.004109751 -0.901669741 0.000941056 -0.004105840 0.999991119 34.015335083
0.999993920 0.003175045 -0.001452655 0.538612068 -0.003169351 0.999987364 0.003905145 -0.913530588 0.001465035 -0.003900517 0.999991238 34.551067352
0.999993205 0.003470518 -0.001310966 0.531354725 -0.003465120 0.999985635 0.004097342 -0.937501252 0.001325167 -0.004092772 0.999990702 35.075378418
0.999994397 0.002918279 -0.001643206 0.536987662 -0.002911888 0.999988258 0.003879240 -0.932741106 0.001654507 -0.003874434 0.999991119 35.637660980
0.999993742 0.003157223 -0.001581133 0.546196699 -0.003151284 0.999988019 0.003744657 -0.941130877 0.001592936 -0.003739651 0.999991715 36.190555573
0.999993086 0.003200930 -0.001873077 0.554250300 -0.003193931 0.999987960 0.003727201 -0.960046887 0.001884984 -0.003721193 0.999991357 36.761760712
0.999992847 0.003426005 -0.001588655 0.541776597 -0.003419711 0.999986351 0.003948395 -0.979234219 0.001602160 -0.003942934 0.999990940 37.265525818
0.999991655 0.003835297 -0.001311333 0.549206257 -0.003830383 0.999985635 0.003729267 -0.989675403 0.001325617 -0.003724214 0.999992192 37.819892883
0.999991655 0.003849273 -0.001380609 0.558013499 -0.003843960 0.999985278 0.003830681 -1.009064317 0.001395334 -0.003825342 0.999991715 38.364307404
0.999992490 0.003619880 -0.001378176 0.544699490 -0.003614709 0.999986410 0.003735731 -1.022629261 0.001391680 -0.003730722 0.999992073 38.866168976
0.999990821 0.004046357 -0.001435379 0.554837823 -0.004042258 0.999987781 0.002845947 -1.025919676 0.001446877 -0.002840119 0.999994934 39.419284821
0.999993265 0.003209665 -0.001773731 0.574726999 -0.003204500 0.999990582 0.002907117 -1.042648435 0.001783045 -0.002901413 0.999994218 39.981052399
0.999992311 0.003582525 -0.001562924 0.568081737 -0.003577181 0.999987781 0.003408450 -1.045995831 0.001575116 -0.003402835 0.999992967 40.519741058
0.999991894 0.003671157 -0.001689493 0.580620408 -0.003667911 0.999991477 0.001920433 -1.049302816 0.001696529 -0.001914222 0.999996722 41.073173523
0.999989510 0.004338482 -0.001464661 0.589569092 -0.004334993 0.999987781 0.002377504 -1.063488364 0.001474958 -0.002371131 0.999996126 41.629146576
0.999989092 0.004407572 -0.001527342 0.585077703 -0.004403164 0.999986172 0.002877609 -1.079157948 0.001540004 -0.002870852 0.999994636 42.173702240
0.999989569 0.004417742 -0.001140187 0.597155929 -0.004414404 0.999985993 0.002914096 -1.092530012 0.001153045 -0.002909032 0.999995112 42.721988678
0.999988675 0.004553782 -0.001366557 0.605057955 -0.004549183 0.999984026 0.003348863 -1.110270262 0.001381786 -0.003342609 0.999993503 43.251361847
0.999986649 0.004934018 -0.001508740 0.611840308 -0.004929309 0.999983013 0.003109824 -1.122968197 0.001524059 -0.003102346 0.999994040 43.777896881
0.999989569 0.004393331 -0.001233560 0.596521854 -0.004389727 0.999986112 0.002908976 -1.128789306 0.001246323 -0.002903530 0.999994934 44.337394714
0.999987900 0.004753408 -0.001251351 0.601223409 -0.004750696 0.999986231 0.002161517 -1.138709664 0.001261608 -0.002155547 0.999996781 44.885414124
0.999986827 0.005009864 -0.001025777 0.611580372 -0.005008147 0.999985993 0.001669297 -1.147916913 0.001034126 -0.001664139 0.999998093 45.443061829
0.999988437 0.004704915 -0.000978186 0.605078995 -0.004702280 0.999985278 0.002677704 -1.166867614 0.000990770 -0.002673073 0.999995947 45.959777832
0.999988139 0.004713227 -0.001150159 0.614585578 -0.004710366 0.999985695 0.002477195 -1.181402922 0.001161819 -0.002471748 0.999996245 46.498176575
0.999985218 0.005374277 -0.000783540 0.626240492 -0.005372601 0.999983311 0.002125567 -1.193472385 0.000794950 -0.002121326 0.999997437 47.034358978
0.999991477 0.004014676 -0.000989106 0.612866282 -0.004012141 0.999988675 0.002553103 -1.193040967 0.000999345 -0.002549113 0.999996245 47.570495605
0.999989629 0.004426366 -0.001025468 0.620545685 -0.004424694 0.999988914 0.001626730 -1.200825095 0.001032657 -0.001622176 0.999998152 48.112922668
0.999986231 0.005248560 -0.000150964 0.626797378 -0.005248341 0.999985218 0.001408314 -1.209830046 0.000158354 -0.001407503 0.999998987 48.658977509
0.999994397 0.003186863 -0.001073346 0.648437142 -0.003184687 0.999992907 0.002022508 -1.235208750 0.001079784 -0.002019078 0.999997377 49.175231934
0.999988914 0.004682258 0.000466957 0.607883453 -0.004683477 0.999985516 0.002646361 -1.238896728 -0.000454559 -0.002648518 0.999996364 49.707817078
0.999984801 0.005483520 0.000534016 0.611697197 -0.005485013 0.999980927 0.002836945 -1.251415014 -0.000518449 -0.002839831 0.999995828 50.252365112
0.999989808 0.004505295 0.000312553 0.624918222 -0.004506012 0.999987125 0.002336827 -1.266548753 -0.000302020 -0.002338211 0.999997199 50.775192261
0.999982297 0.005922626 0.000527374 0.625795305 -0.005923149 0.999981940 0.000997123 -1.265758634 -0.000521459 -0.001000229 0.999999344 51.347064972
0.999987364 0.005023038 0.000190755 0.636802137 -0.005023460 0.999984920 0.002282694 -1.282522202 -0.000179286 -0.002283624 0.999997377 51.848495483
0.999986172 0.005249192 0.000321702 0.645374596 -0.005249889 0.999983847 0.002200753 -1.294986248 -0.000310144 -0.002202411 0.999997556 52.399829865
0.999989688 0.004465073 0.000790134 0.654485226 -0.004466444 0.999988556 0.001741956 -1.301660776 -0.000782347 -0.001745467 0.999998152 52.953983307
0.999982715 0.005877371 0.000500093 0.650682271 -0.005878411 0.999980450 0.002106182 -1.322748065 -0.000487704 -0.002109085 0.999997675 53.481662750
0.999983370 0.005753461 0.000325158 0.664977610 -0.005753941 0.999982297 0.001498755 -1.333982944 -0.000316529 -0.001500601 0.999998868 54.031681061
0.999982178 0.005931304 0.000644769 0.669015825 -0.005932207 0.999981403 0.001405671 -1.342436790 -0.000636420 -0.001409471 0.999998808 54.565700531
0.999981582 0.006032482 0.000649675 0.679940581 -0.006033198 0.999981165 0.001105114 -1.356002569 -0.000642996 -0.001109013 0.999999225 55.112995148
0.999979675 0.006319785 0.000711151 0.692970991 -0.006320620 0.999979258 0.001179096 -1.369183779 -0.000703684 -0.001183568 0.999999046 55.657787323
0.999983013 0.005792623 0.000626074 0.690823495 -0.005793336 0.999982536 0.001144079 -1.377646804 -0.000619436 -0.001147686 0.999999166 56.169521332
0.999978900 0.006324531 0.001504072 0.695898175 -0.006326916 0.999978662 0.001586259 -1.394681573 -0.001494007 -0.001595741 0.999997616 56.724117279
0.999977291 0.006701857 0.000741703 0.706784964 -0.006702219 0.999977469 0.000486866 -1.399600863 -0.000738423 -0.000491826 0.999999583 57.279136658
0.999980986 0.006067893 0.001024057 0.704932094 -0.006068583 0.999981284 0.000673015 -1.417635679 -0.001019954 -0.000679217 0.999999225 57.841949463
0.999978602 0.006329545 0.001629083 0.717497468 -0.006330131 0.999979854 0.000354094 -1.429203510 -0.001626809 -0.000364398 0.999998569 58.381984711
0.999980688 0.006046021 0.001416821 0.728978574 -0.006046756 0.999981582 0.000515682 -1.441431284 -0.001413677 -0.000524239 0.999998808 58.921997070
0.999977708 0.006516116 0.001408565 0.722840726 -0.006516118 0.999978721 -0.000002979 -1.451332450 -0.001408555 -0.000006200 0.999998987 59.442478180
0.999979675 0.006260306 0.001189669 0.735716879 -0.006260158 0.999980390 -0.000128819 -1.465129375 -0.001190452 0.000121369 0.999999285 59.992710114
0.999981642 0.005992537 0.000874706 0.748188615 -0.005993035 0.999981880 0.000568669 -1.479456425 -0.000871282 -0.000573901 0.999999464 60.547401428
0.999973416 0.007095893 0.001667495 0.747310221 -0.007095011 0.999974668 -0.000533101 -1.486952543 -0.001671236 0.000521256 0.999998450 61.085731506
0.999969482 0.007606009 0.001737783 0.763553083 -0.007605307 0.999970973 -0.000409481 -1.502135873 -0.001740847 0.000396252 0.999998391 61.635215759
0.999975145 0.006877173 0.001574268 0.770201087 -0.006876898 0.999976277 -0.000180747 -1.522732258 -0.001575473 0.000169917 0.999998808 62.172348022
0.999973357 0.007060558 0.001853726 0.777453721 -0.007060073 0.999975026 -0.000268534 -1.532357216 -0.001855576 0.000255439 0.999998271 62.693946838
0.999968231 0.007662758 0.002203807 0.783623993 -0.007662414 0.999970615 -0.000165507 -1.546245217 -0.002205011 0.000148615 0.999997616 63.240600586
0.999970138 0.007426701 0.002157664 0.799547195 -0.007426985 0.999972463 0.000123687 -1.571027279 -0.002156686 -0.000139708 0.999997675 63.785858154
0.999968350 0.007613232 0.002288458 0.795382977 -0.007612913 0.999970973 -0.000147936 -1.583499908 -0.002289518 0.000130509 0.999997377 64.296752930
0.999967992 0.007666721 0.002299160 0.806206167 -0.007665931 0.999970496 -0.000352135 -1.597018600 -0.002301793 0.000334499 0.999997318 64.845130920
0.999965787 0.007828884 0.002656499 0.813864052 -0.007829197 0.999969363 0.000107279 -1.614589095 -0.002655578 -0.000128074 0.999996483 65.380050659
0.999967635 0.007513897 0.002871094 0.813617945 -0.007513280 0.999971747 -0.000225797 -1.627841234 -0.002872709 0.000204218 0.999995828 65.910011292
0.999970615 0.007061052 0.002966054 0.821066439 -0.007060267 0.999975026 -0.000275310 -1.642253757 -0.002967924 0.000254361 0.999995530 66.460853577
0.999964893 0.007679063 0.003329538 0.835361779 -0.007678058 0.999970436 -0.000314484 -1.661461473 -0.003331854 0.000288909 0.999994397 67.000061035
0.999964833 0.007758271 0.003164163 0.835657716 -0.007757634 0.999969840 -0.000213829 -1.681672931 -0.003165726 0.000189275 0.999994934 67.531990051
0.999969363 0.007234355 0.002974699 0.850121319 -0.007234287 0.999973834 -0.000033692 -1.699272633 -0.002974865 0.000012172 0.999995589 68.074096680
0.999960780 0.008145684 0.003435801 0.854683876 -0.008144465 0.999966741 -0.000368631 -1.712660789 -0.003438689 0.000340634 0.999993980 68.622375488
0.999953568 0.008964593 0.003516038 0.861421347 -0.008963798 0.999959707 -0.000242237 -1.728550553 -0.003518068 0.000210709 0.999993801 69.172393799
0.999953032 0.009054602 0.003448588 0.878312290 -0.009053078 0.999958873 -0.000457987 -1.753259301 -0.003452593 0.000426746 0.999993920 69.706153870
0.999949813 0.009216051 0.003928608 0.877032042 -0.009215752 0.999957621 -0.000094438 -1.760918975 -0.003929312 0.000058228 0.999992251 70.220962524
0.999947190 0.009444955 0.004059375 0.885189652 -0.009444107 0.999955416 -0.000227941 -1.776746273 -0.004061347 0.000189592 0.999991715 70.773727417
0.999957085 0.008464046 0.003759028 0.900434732 -0.008463943 0.999964297 -0.000042632 -1.791679978 -0.003759254 0.000010814 0.999992907 71.300903320
0.999957681 0.008339595 0.003870442 0.913883924 -0.008340237 0.999965250 0.000149403 -1.810515404 -0.003869061 -0.000181677 0.999992490 71.845672607
0.999951124 0.009099925 0.003852069 0.924138129 -0.009099759 0.999958575 -0.000059754 -1.820950866 -0.003852453 0.000024698 0.999992490 72.410156250
0.999954641 0.008694675 0.003885355 0.934171379 -0.008693388 0.999962091 -0.000348290 -1.837046146 -0.003888236 0.000314497 0.999992311 72.915283203
0.999960721 0.008236432 0.003268252 0.950590432 -0.008237950 0.999965906 0.000451072 -1.854365826 -0.003264426 -0.000477978 0.999994516 73.465095520
0.999951124 0.009058424 0.003952854 0.954756379 -0.009057392 0.999958932 -0.000279565 -1.865502596 -0.003955224 0.000243749 0.999992132 74.008605957
0.999949098 0.009435148 0.003583457 0.968348324 -0.009432811 0.999955297 -0.000668742 -1.871048689 -0.003589606 0.000634906 0.999993324 74.566467285
0.999939859 0.010123113 0.004226382 0.976125836 -0.010122903 0.999948680 -0.000071305 -1.899574876 -0.004226887 0.000028518 0.999991119 75.085502625
0.999950230 0.009048934 0.004181361 0.992536366 -0.009048557 0.999959052 -0.000109742 -1.912957072 -0.004182182 0.000071901 0.999991238 75.602066040
0.999939620 0.010215592 0.004047549 1.001593709 -0.010217204 0.999947786 0.000377734 -1.930857897 -0.004043479 -0.000419066 0.999991715 76.146736145
0.999945939 0.009516800 0.004183961 1.015885472 -0.009516141 0.999954700 -0.000178002 -1.941642284 -0.004185465 0.000138177 0.999991238 76.705169678
0.999954045 0.008814356 0.003764809 1.039711833 -0.008811343 0.999960840 -0.000815957 -1.956038237 -0.003771854 0.000782746 0.999992549 77.262489319
0.999949217 0.009175823 0.004154791 1.019081593 -0.009177910 0.999957740 0.000483287 -1.990941405 -0.004150180 -0.000521395 0.999991238 77.804710388
0.999946058 0.009448845 0.004304654 1.031933069 -0.009450551 0.999955237 0.000376351 -2.006700993 -0.004300905 -0.000417012 0.999990642 78.356925964
0.999948204 0.009366292 0.003971916 1.050360203 -0.009365435 0.999956012 -0.000233792 -2.015330553 -0.003973931 0.000196581 0.999992073 78.902862549
0.999948442 0.009339306 0.003990491 1.060115099 -0.009339457 0.999956310 0.000019146 -2.038563013 -0.003990138 -0.000056414 0.999992013 79.443077087
0.999954104 0.008839188 0.003688337 1.078843117 -0.008839108 0.999960840 -0.000037926 -2.055313826 -0.003688529 0.000005323 0.999993145 79.986236572
0.999946773 0.009075799 0.004913018 1.086806536 -0.009076785 0.999958754 0.000178349 -2.069215536 -0.004911197 -0.000222934 0.999987900 80.525459290
0.999934733 0.009509441 0.006321103 1.088347793 -0.009509486 0.999954760 -0.000022801 -2.082470417 -0.006321033 -0.000037310 0.999979973 81.080413818
0.999923706 0.009791889 0.007530492 1.103296399 -0.009794189 0.999951959 0.000268468 -2.098244429 -0.007527501 -0.000342202 0.999971628 81.638107300
0.999918699 0.009619636 0.008372387 1.119096398 -0.009623851 0.999953568 0.000463062 -2.122815132 -0.008367544 -0.000543599 0.999964833 82.159927368
0.999879360 0.010265462 0.011659340 1.141072989 -0.010269108 0.999947250 0.000252835 -2.137141705 -0.011656129 -0.000372536 0.999931991 82.702285767
0.999835849 0.009454449 0.015458765 1.162824273 -0.009461165 0.999955118 0.000361371 -2.151903868 -0.015454655 -0.000507570 0.999880433 83.246231079
0.999789238 0.009454698 0.018224232 1.191990733 -0.009466216 0.999955058 0.000545953 -2.170232773 -0.018218247 -0.000718352 0.999833763 83.780929565
0.999692738 0.009912660 0.022720877 1.215508223 -0.009921169 0.999950707 0.000261870 -2.182603121 -0.022717159 -0.000487207 0.999741793 84.327491760
0.999553204 0.009758340 0.028247982 1.247314334 -0.009766496 0.999952435 0.000150763 -2.197881937 -0.028245160 -0.000426580 0.999600947 84.867416382
0.999349356 0.009751027 0.034724746 1.263281465 -0.009768026 0.999952257 0.000319909 -2.213061094 -0.034719966 -0.000658893 0.999396980 85.428771973
0.999113858 0.009746587 0.040946610 1.298951864 -0.009780291 0.999952018 0.000622891 -2.228666067 -0.040938582 -0.001022809 0.999161124 85.975730896
0.998761892 0.009358210 0.048858926 1.348371983 -0.009389513 0.999955833 0.000411193 -2.242728949 -0.048852928 -0.000869446 0.998805642 86.547157288
0.998293400 0.009765293 0.057575449 1.390055418 -0.009775513 0.999952137 -0.000104142 -2.258744955 -0.057573713 -0.000458865 0.998341143 87.103843689
0.997905552 0.009172620 0.064034380 1.446464062 -0.009188249 0.999957740 -0.000050428 -2.272394657 -0.064032137 -0.000538042 0.997947752 87.650062561
0.997232556 0.009740925 0.073704168 1.502301216 -0.009779635 0.999952137 0.000164316 -2.289496422 -0.073699027 -0.000884661 0.997280180 88.198371887
0.996444225 0.009618660 0.083703227 1.561910629 -0.009616640 0.999953628 -0.000427299 -2.307114840 -0.083703451 -0.000379164 0.996490657 88.751853943
0.995665789 0.009291008 0.092537686 1.626814842 -0.009302852 0.999956608 -0.000303384 -2.315078497 -0.092536502 -0.000558795 0.995709121 89.308074951
0.995025575 0.008377975 0.099265583 1.703218937 -0.008317717 0.999964893 -0.001020854 -2.325963736 -0.099270642 0.000190112 0.995060444 89.857566833
0.993931532 0.008486954 0.109672144 1.774936676 -0.008409697 0.999963880 -0.001166977 -2.340134859 -0.109678075 0.000237585 0.993967116 90.370590210
0.992735267 0.009091021 0.119974464 1.867256165 -0.009005477 0.999958575 -0.001255163 -2.355999708 -0.119980894 0.000165617 0.992776155 90.911468506
0.991533756 0.007987040 0.129603416 1.956147194 -0.007829186 0.999967873 -0.001727446 -2.368364811 -0.129613057 0.000698133 0.991564393 91.475883484
0.989879251 0.008056381 0.141683176 2.047009468 -0.007940412 0.999967515 -0.001383873 -2.384150743 -0.141689748 0.000244845 0.989911079 92.022148132
0.988134265 0.008323155 0.153367460 2.147392273 -0.008240199 0.999965370 -0.001176549 -2.404460907 -0.153371960 -0.000101191 0.988168538 92.557495117
0.986348331 0.007582137 0.164497599 2.255841255 -0.007463878 0.999971151 -0.001336999 -2.417868376 -0.164502978 0.000090956 0.986376643 93.097877502
0.984591365 0.007424768 0.174713433 2.377019882 -0.007177227 0.999972165 -0.002048647 -2.430558681 -0.174723774 0.000763121 0.984617293 93.649719238
0.982195377 0.007134753 0.187726468 2.501933098 -0.006952429 0.999974489 -0.001629632 -2.453584194 -0.187733293 0.000295462 0.982219994 94.196807861
0.979821026 0.006640653 0.199766725 2.637344360 -0.006364750 0.999977708 -0.002023300 -2.468596935 -0.199775696 0.000711006 0.979841411 94.724906921
0.977713466 0.006939769 0.209828764 2.761604309 -0.006684741 0.999975741 -0.001924620 -2.481745481 -0.209837034 0.000479076 0.977736235 95.259254456
0.974676132 0.006568308 0.223524719 2.904972076 -0.006296086 0.999978244 -0.001930537 -2.493267298 -0.223532557 0.000474317 0.974696338 95.831726074
0.971495271 0.005903287 0.236985475 3.056745529 -0.005485274 0.999981999 -0.002423209 -2.503467798 -0.236995503 0.001054206 0.971510172 96.367584229
0.968879521 0.005304997 0.247475713 3.213953018 -0.004881245 0.999985337 -0.002325807 -2.521342754 -0.247484401 0.001045437 0.968891323 96.885955811
0.966258228 0.003729851 0.257548124 3.393138885 -0.003060421 0.999990821 -0.003000060 -2.545022011 -0.257556945 0.002110627 0.966260791 97.374267578
0.962409914 0.004564188 0.271562368 3.558719635 -0.004310326 0.999989510 -0.001531287 -2.559275627 -0.271566600 0.000303203 0.962419569 97.870025635
0.958788693 0.004644357 0.284081876 3.738235474 -0.004318498 0.999989033 -0.001773360 -2.575151682 -0.284087062 0.000473471 0.958798409 98.401054382
0.955310524 0.004573723 0.295568824 3.922325134 -0.004418820 0.999989569 -0.001192042 -2.590867758 -0.295571238 -0.000167295 0.955320776 98.933517456
0.951088607 0.003111818 0.308902621 4.120710373 -0.002487875 0.999993980 -0.002413738 -2.602304459 -0.308908343 0.001527167 0.951090634 99.468795776
0.946075618 0.003972337 0.323921442 4.297271729 -0.003581156 0.999991953 -0.001803713 -2.625216007 -0.323926002 0.000546435 0.946082234 99.996482849
0.942156494 0.004317806 0.335145295 4.506250381 -0.003871354 0.999990404 -0.002000157 -2.639281273 -0.335150748 0.000586995 0.942164421 100.512535095
0.937448204 0.002771768 0.348113775 4.718536377 -0.001903248 0.999994099 -0.002836876 -2.645606518 -0.348119587 0.001996877 0.937448025 101.046318054
0.931908190 0.003186147 0.362680078 4.938760757 -0.002570810 0.999994338 -0.002179248 -2.674389124 -0.362684876 0.001098477 0.931911111 101.534683228
0.927119851 0.002416706 0.374757022 5.174667358 -0.001675813 0.999995887 -0.002302871 -2.689151287 -0.374761075 0.001507015 0.927120209 102.038833618
0.922171474 0.002615282 0.386772424 5.397420883 -0.001770569 0.999995291 -0.002540255 -2.701144218 -0.386777163 0.001657743 0.922171712 102.554786682
0.916298747 0.001915938 0.400490731 5.641628265 -0.001165222 0.999997079 -0.002118002 -2.714850426 -0.400493652 0.001474062 0.916298449 103.063407898
0.910180688 0.001548225 0.414208502 5.878665924 -0.000754989 0.999997556 -0.002078770 -2.728480101 -0.414210737 0.001579333 0.910179555 103.548728943
0.905295610 0.001517143 0.424779356 6.130622864 -0.000560298 0.999997079 -0.002377478 -2.744485855 -0.424781680 0.001914318 0.905293763 104.028625488
0.899344921 0.001249250 0.437237978 6.389633179 -0.000451753 0.999998093 -0.001927933 -2.763314009 -0.437239558 0.001536353 0.899343729 104.524627686
0.892802894 0.001006662 0.450446427 6.663497925 -0.000368955 0.999998868 -0.001503523 -2.791814566 -0.450447381 0.001176156 0.892802119 104.980636597
0.886727273 0.000574493 0.462292582 6.916675568 0.000573014 0.999997020 -0.002341803 -2.790814638 -0.462292612 0.002341441 0.886724293 105.463989258
0.881015003 0.000211306 0.473088354 7.200538635 0.001188543 0.999995708 -0.002660031 -2.800709248 -0.473086983 0.002905813 0.881010950 105.952972412
0.873140275 -0.000094728 0.487468958 7.489086151 0.001250291 0.999997079 -0.002045160 -2.825670004 -0.487467289 0.002395190 0.873138070 106.424995422
0.865860283 0.000062886 0.500285923 7.777881622 0.001281050 0.999996424 -0.002342854 -2.832219839 -0.500284314 0.002669476 0.865857065 106.902069092
