1.000000000 0.000000000 0.000000000 0.000000000 0.000000000 1.000000000 0.000000000 0.000000000 0.000000000 0.000000000 1.000000000 0.000000000
1.000000000 -0.000028370 -0.000134065 0.003919822 0.000028376 1.000000000 0.000047950 -0.000478019 0.000134064 -0.000047954 1.000000000 -0.000811613
1.000000000 0.000107211 -0.000032546 0.000727705 -0.000107210 1.000000000 0.000034103 -0.000536887 0.000032550 -0.000034100 1.000000000 -0.002854493
1.000000000 -0.000166658 -0.000144700 0.006149630 0.000166677 1.000000000 0.000131238 -0.001787384 0.000144678 -0.000131262 1.000000000 -0.002830463
1.000000000 -0.000138481 -0.000168633 0.003950946 0.000138495 1.000000000 0.000078283 -0.001476559 0.000168623 -0.000078307 1.000000000 -0.003101082
1.000000000 0.000015558 0.000010277 -0.000673083 -0.000015558 1.000000000 -0.000048037 -0.000337857 -0.000010277 0.000048037 1.000000000 -0.002250304
1.000000000 -0.000071783 -0.000096011 0.003206467 0.000071796 1.000000000 0.000137833 -0.002186248 0.000096001 -0.000137840 1.000000000 -0.005614935
1.000000000 -0.000082204 -0.000050223 -0.001125541 0.000082207 1.000000000 0.000062843 0.000107795 0.000050218 -0.000062847 1.000000000 0.002852380
1.000000000 -0.000013617 -0.000087877 0.002442816 0.000013620 1.000000000 0.000032161 -0.002972879 0.000087877 -0.000032162 1.000000000 -0.007391176
1.000000000 -0.000072015 -0.000054753 0.001849264 0.000072021 1.000000000 0.000100174 -0.000757286 0.000054746 -0.000100178 1.000000000 -0.006005834
1.000000000 -0.000022066 0.000025091 0.000114341 0.000022065 1.000000000 0.000066717 -0.001085606 -0.000025093 -0.000066716 1.000000000 -0.002569110
0.999999940 -0.000233007 -0.000134070 0.001393114 0.000233022 0.999999940 0.000111437 -0.003186400 0.000134044 -0.000111468 1.000000000 -0.008535312
1.000000000 -0.000043124 0.000043468 0.000063645 0.000043121 1.000000000 0.000065553 -0.001662895 -0.000043471 -0.000065551 1.000000000 -0.004071772
1.000000000 -0.000114474 -0.000017359 0.001684699 0.000114477 1.000000000 0.000147918 -0.002790300 0.000017342 -0.000147920 1.000000000 -0.006779025
1.000000000 -0.000139820 -0.000072843 0.001608241 0.000139828 1.000000000 0.000108651 -0.001647292 0.000072828 -0.000108661 1.000000000 -0.006261101
1.000000000 -0.000129376 -0.000085544 0.000848479 0.000129387 1.000000000 0.000122602 -0.001646359 0.000085528 -0.000122613 1.000000000 -0.006026568
0.999999940 -0.000245463 -0.000050403 0.001134443 0.000245468 0.999999940 0.000087680 -0.001910015 0.000050382 -0.000087692 1.000000000 -0.007037854
1.000000000 -0.000036515 -0.000076424 0.002703531 0.000036528 1.000000000 0.000165733 -0.003342411 0.000076418 -0.000165736 1.000000000 -0.009971782
0.999999940 -0.000336363 -0.000063560 0.003376382 0.000336376 0.999999940 0.000204245 -0.004270784 0.000063491 -0.000204266 1.000000000 -0.009281545
1.000000000 -0.000134251 -0.000063834 0.001826234 0.000134257 1.000000000 0.000105526 -0.003586661 0.000063820 -0.000105534 1.000000000 -0.006330719
1.000000000 -0.000087205 -0.000061966 0.003312295 0.000087223 0.999999940 0.000301738 -0.006111319 0.000061939 -0.000301744 0.999999940 -0.008916569
1.000000000 0.000001932 0.000026681 -0.000025061 -0.000001936 1.000000000 0.000135302 -0.001436143 -0.000026681 -0.000135302 1.000000000 -0.005390064
0.999999940 -0.000185808 -0.000187478 0.005546974 0.000185857 0.999999940 0.000263874 -0.003662737 0.000187429 -0.000263909 0.999999940 -0.013320408
0.999999940 -0.000382862 -0.000108607 0.001143439 0.000382895 0.999999881 0.000309012 -0.003874920 0.000108489 -0.000309054 0.999999940 -0.006780731
0.999999940 -0.000200156 -0.000168527 0.005395683 0.000200192 0.999999940 0.000216380 -0.003449864 0.000168484 -0.000216414 0.999999940 -0.011674521
1.000000000 -0.000199903 -0.000112635 0.002806718 0.000199936 0.999999940 0.000291709 -0.003896673 0.000112577 -0.000291732 0.999999940 -0.011203893
1.000000000 -0.000097387 -0.000101759 0.001789286 0.000097410 0.999999940 0.000224134 -0.005161099 0.000101737 -0.000224144 0.999999940 -0.011169760
1.000000000 -0.000210858 -0.000103527 0.002703581 0.000210886 0.999999940 0.000273256 -0.004336890 0.000103470 -0.000273278 0.999999940 -0.006544671
1.000000000 -0.000197753 -0.000083730 -0.000582553 0.000197764 1.000000000 0.000134908 0.000468618 0.000083703 -0.000134925 1.000000000 -0.006184021
1.000000000 -0.000088717 -0.000057623 -0.000778617 0.000088731 0.999999940 0.000243560 -0.001629373 0.000057601 -0.000243565 0.999999940 -0.002740975
1.000000000 -0.000122700 -0.000076033 -0.000741246 0.000122716 0.999999940 0.000218108 -0.001556716 0.000076006 -0.000218117 1.000000000 -0.001900115
0.999999940 -0.000294100 -0.000180042 -0.001478062 0.000294143 0.999999940 0.000238444 -0.002994260 0.000179972 -0.000238497 0.999999940 -0.009876692
0.999999940 -0.000353059 -0.000165379 0.002762541 0.000353101 0.999999881 0.000254845 -0.004002805 0.000165289 -0.000254903 0.999999940 -0.008466914
1.000000000 -0.000092853 -0.000137545 0.000590430 0.000092872 1.000000000 0.000137994 -0.001902410 0.000137533 -0.000138007 1.000000000 -0.003439680
0.999999940 -0.000215915 -0.000132432 0.001173720 0.000215934 0.999999940 0.000140851 -0.002636739 0.000132402 -0.000140880 1.000000000 -0.003072597
0.999999940 -0.000253602 -0.000076205 -0.000589262 0.000253600 0.999999940 -0.000021475 -0.000491656 0.000076211 0.000021456 1.000000000 -0.006286382
0.999999940 -0.000267803 -0.000119688 0.002696156 0.000267822 0.999999940 0.000159028 -0.001917054 0.000119646 -0.000159060 1.000000000 -0.008512188
0.999999940 -0.000260710 -0.000190018 0.001554914 0.000260739 0.999999940 0.000153382 -0.001264495 0.000189978 -0.000153431 0.999999940 -0.007383578
0.999999940 -0.000241597 -0.000126212 0.000405719 0.000241632 0.999999940 0.000278145 -0.002604576 0.000126144 -0.000278176 0.999999940 -0.009443027
0.999999940 -0.000312704 -0.000168600 0.002959328 0.000312749 0.999999940 0.000266660 -0.005110435 0.000168516 -0.000266713 0.999999940 -0.008281719
0.999999940 -0.000237993 -0.000152207 0.008028517 0.000237938 0.999999881 -0.000365748 -0.009614888 0.000152294 0.000365712 0.999999940 0.043126397
0.999999940 -0.000266227 -0.000190831 0.006364625 0.000266023 0.999999404 -0.001067297 -0.007351411 0.000191115 0.001067247 0.999999404 0.140147284
0.999999940 -0.000260994 -0.000124760 0.003196688 0.000260835 0.999999166 -0.001276188 -0.013577148 0.000125093 0.001276155 0.999999166 0.261104286
0.999999940 -0.000416329 0.000006441 0.001807360 0.000416337 0.999999106 -0.001265016 -0.018466527 -0.000005914 0.001265019 0.999999225 0.395087004
0.999999940 -0.000160273 -0.000268431 0.015221656 0.000160000 0.999999464 -0.001015499 -0.023088861 0.000268594 0.001015457 0.999999464 0.530300498
1.000000000 -0.000132791 -0.000090845 0.013892743 0.000132703 0.999999523 -0.000976489 -0.029926537 0.000090975 0.000976476 0.999999523 0.690660059
0.999999881 -0.000294759 0.000384210 0.010348954 0.000295080 0.999999583 -0.000836601 -0.031304505 -0.000383963 0.000836714 0.999999583 0.868685126
0.999999821 -0.000529942 -0.000296577 0.023006829 0.000529813 0.999999762 -0.000433773 -0.041675862 0.000296807 0.000433615 0.999999881 1.026684999
0.999999940 -0.000121547 0.000227699 0.023837397 0.000121693 0.999999762 -0.000639767 -0.039863020 -0.000227621 0.000639795 0.999999762 1.204514980
0.999999881 -0.000451402 -0.000102328 0.043962955 0.000451387 0.999999881 -0.000149146 -0.056612767 0.000102395 0.000149100 1.000000000 1.411683321
1.000000000 -0.000052418 0.000103031 0.040394731 0.000052445 0.999999940 -0.000264446 -0.062917590 -0.000103017 0.000264452 0.999999940 1.604965568
0.999999523 -0.000121993 0.000983368 0.021142446 0.000122341 0.999999940 -0.000353534 -0.070600338 -0.000983325 0.000353654 0.999999464 1.804827809
0.999999523 -0.000565455 0.000738828 0.033629946 0.000565442 0.999999821 0.000016511 -0.079453759 -0.000738838 -0.000016093 0.999999702 2.006873846
0.999998868 0.000492637 0.001425565 0.026893167 -0.000491516 0.999999583 -0.000786138 -0.082340322 -0.001425952 0.000785436 0.999998689 2.233753681
0.999998808 0.000497468 0.001436967 0.035686545 -0.000496609 0.999999702 -0.000597568 -0.088489473 -0.001437264 0.000596853 0.999998748 2.450119019
0.999998391 0.001200905 0.001330943 0.038413800 -0.001200055 0.999999166 -0.000639135 -0.089027487 -0.001331710 0.000637537 0.999998868 2.695883989
0.999997914 0.000701293 0.001935029 0.038072091 -0.000701063 0.999999821 -0.000119535 -0.106240302 -0.001935113 0.000118178 0.999998152 2.919735432
0.999998450 0.000750009 0.001607397 0.049119517 -0.000749112 0.999999583 -0.000558809 -0.108986102 -0.001607815 0.000557604 0.999998510 3.155248880
0.999997556 0.001187638 0.001864629 0.051538944 -0.001186189 0.999999046 -0.000778064 -0.113946334 -0.001865551 0.000775850 0.999998033 3.407266855
0.999998093 0.000873901 0.001728419 0.059413016 -0.000872769 0.999999344 -0.000655720 -0.122016378 -0.001728991 0.000654210 0.999998331 3.663087845
0.999997556 0.001397720 0.001760521 0.066519320 -0.001396272 0.999998748 -0.000823172 -0.126334548 -0.001761669 0.000820712 0.999998152 3.897132874
0.999997854 0.000595998 0.001996781 0.061221391 -0.000596098 0.999999821 0.000049370 -0.150828108 -0.001996751 -0.000050560 0.999998033 4.138397217
0.999997199 0.000855313 0.002217594 0.063426606 -0.000856689 0.999999404 0.000619357 -0.160595641 -0.002217063 -0.000621255 0.999997437 4.394677639
0.999997854 0.000663118 0.001961203 0.077880770 -0.000663795 0.999999702 0.000344554 -0.167865157 -0.001960974 -0.000345855 0.999998033 4.664455891
0.999997795 0.000571314 0.002087813 0.078072749 -0.000572241 0.999999762 0.000443490 -0.181646273 -0.002087559 -0.000444684 0.999997735 4.905926228
0.999997318 0.000846499 0.002158138 0.080061115 -0.000847844 0.999999404 0.000622727 -0.191461593 -0.002157609 -0.000624555 0.999997497 5.163067818
0.999997735 0.000796858 0.001963254 0.094293967 -0.000797799 0.999999583 0.000478455 -0.195799217 -0.001962872 -0.000480020 0.999997914 5.444476128
0.999997139 0.000550867 0.002334841 0.084248632 -0.000552133 0.999999702 0.000541741 -0.213910088 -0.002334542 -0.000543028 0.999997079 5.686132908
0.999996305 0.001418104 0.002306691 0.094943486 -0.001418930 0.999998987 0.000356674 -0.217940226 -0.002306183 -0.000359946 0.999997258 5.956209183
0.999997377 0.000705026 0.002180685 0.107196525 -0.000706008 0.999999702 0.000449791 -0.231087923 -0.002180367 -0.000451329 0.999997497 6.227906704
0.999995649 0.001324691 0.002633564 0.104371294 -0.001326025 0.999998927 0.000504602 -0.240164772 -0.002632893 -0.000508092 0.999996424 6.521524906
0.999997199 0.000176205 0.002354189 0.105399981 -0.000177493 0.999999821 0.000546733 -0.249957696 -0.002354092 -0.000547150 0.999997079 6.787317753
0.999997139 0.000024735 0.002379501 0.115517259 -0.000026591 0.999999702 0.000779692 -0.260384440 -0.002379481 -0.000779753 0.999996841 7.085858345
0.999996722 0.000221260 0.002555558 0.121373422 -0.000223349 0.999999642 0.000817074 -0.268831074 -0.002555376 -0.000817643 0.999996424 7.385380268
0.999996006 0.000427120 0.002789455 0.132827878 -0.000429721 0.999999404 0.000931945 -0.283468992 -0.002789055 -0.000933139 0.999995649 7.682066917
0.999997020 0.000380008 0.002386101 0.136919230 -0.000382840 0.999999225 0.001186247 -0.293884039 -0.002385648 -0.001187157 0.999996424 8.019624710
0.999997616 -0.000023863 0.002169431 0.148811847 0.000022404 0.999999821 0.000672676 -0.299301624 -0.002169447 -0.000672626 0.999997377 8.334794998
0.999995649 0.000248550 0.002936442 0.148109153 -0.000250004 0.999999940 0.000494769 -0.294592738 -0.002936319 -0.000495501 0.999995589 8.686125755
0.999996185 0.000323277 0.002721041 0.152274936 -0.000325327 0.999999702 0.000752951 -0.308442742 -0.002720796 -0.000753834 0.999995947 9.015353203
0.999996841 -0.000056694 0.002513292 0.166268274 0.000054174 0.999999523 0.001002937 -0.326280355 -0.002513347 -0.001002797 0.999996364 9.340818405
0.999997079 -0.000481743 0.002362193 0.179065779 0.000479821 0.999999583 0.000814085 -0.333139956 -0.002362584 -0.000812949 0.999996901 9.694483757
0.999997199 -0.000301627 0.002372042 0.177086338 0.000299547 0.999999583 0.000876901 -0.336506069 -0.002372306 -0.000876188 0.999996781 10.043028831
0.999996960 -0.000067696 0.002461713 0.185703814 0.000065327 0.999999583 0.000962493 -0.354234934 -0.002461777 -0.000962330 0.999996543 10.394880295
0.999996662 -0.000402916 0.002548760 0.197961971 0.000399223 0.999998868 0.001449346 -0.367365509 -0.002549340 -0.001448324 0.999995708 10.769935608
0.999997079 0.000003928 0.002415676 0.212564051 -0.000007352 0.999998987 0.001417215 -0.390232593 -0.002415668 -0.001417229 0.999996066 11.086954117
0.999996781 0.000579522 0.002474536 0.216052115 -0.000582825 0.999998927 0.001334462 -0.403193116 -0.002473760 -0.001335900 0.999996006 11.467595100
0.999996483 -0.000068210 0.002670361 0.231530875 0.000063971 0.999998689 0.001587116 -0.410408616 -0.002670466 -0.001586940 0.999995172 11.845835686
0.999995291 0.001003067 0.002915639 0.231720522 -0.001008164 0.999997973 0.001747223 -0.423972040 -0.002913880 -0.001750155 0.999994218 12.202019691
0.999992609 0.001051235 0.003705012 0.232363969 -0.001058063 0.999997735 0.001841331 -0.436626762 -0.003703068 -0.001845238 0.999991477 12.589162827
0.999996126 -0.000891004 0.002618835 0.256962478 0.000885349 0.999997258 0.002159771 -0.458456397 -0.002620751 -0.002157444 0.999994218 12.971513748
0.999997854 -0.000739842 0.001902204 0.273578644 0.000735763 0.999997437 0.002144272 -0.475254983 -0.001903786 -0.002142867 0.999995887 13.358070374
0.999995768 -0.000157082 0.002924954 0.279109001 0.000151008 0.999997795 0.002076943 -0.475934982 -0.002925274 -0.002076493 0.999993563 13.771201134
0.999993682 0.000516533 0.003496848 0.272863686 -0.000525345 0.999996603 0.002519651 -0.489646971 -0.003495534 -0.002521473 0.999990642 14.184143066
0.999993443 -0.001628382 0.003229297 0.291226745 0.001621414 0.999996305 0.002159226 -0.505671263 -0.003232801 -0.002153976 0.999992430 14.573050499
0.999992549 -0.001253420 0.003632493 0.301091731 0.001244901 0.999996483 0.002346399 -0.514754713 -0.003635422 -0.002341859 0.999990642 15.006171227
0.999990225 -0.001453962 0.004169294 0.313881904 0.001443728 0.999995947 0.002456420 -0.523777306 -0.004172848 -0.002450377 0.999988258 15.427672386
0.999990463 -0.000371234 0.004329444 0.335709870 0.000359788 0.999996364 0.002644055 -0.535430670 -0.004330411 -0.002642473 0.999987066 15.888068199
0.999990582 -0.000851233 0.004238013 0.342488706 0.000842818 0.999997616 0.001987138 -0.549772322 -0.004239695 -0.001983548 0.999989092 16.389945984
0.999987483 -0.001023831 0.004899018 0.344259322 0.001009127 0.999994934 0.003002927 -0.594667733 -0.004902068 -0.002997946 0.999983490 16.728773117
0.999986172 -0.000093259 0.005246410 0.359563470 0.000078556 0.999996066 0.002802496 -0.603126466 -0.005246649 -0.002802045 0.999982357 17.198513031
0.999988019 -0.000717136 0.004821890 0.377967685 0.000701863 0.999994695 0.003168329 -0.614611685 -0.004824136 -0.003164907 0.999983370 17.652231216
0.999983907 -0.001530339 0.005459314 0.393181682 0.001510499 0.999992251 0.003636304 -0.636264443 -0.005464836 -0.003627999 0.999978483 18.101058960
0.999981105 -0.000912820 0.006084109 0.397232533 0.000894002 0.999994755 0.003094909 -0.634463429 -0.006086903 -0.003089411 0.999976695 18.599281311
0.999981582 -0.001407235 0.005900078 0.417461812 0.001385981 0.999992549 0.003604915 -0.665541410 -0.005905105 -0.003596671 0.999976099 19.030368805
0.999982178 -0.001113682 0.005872520 0.436388522 0.001090801 0.999991834 0.003898074 -0.680708289 -0.005876813 -0.003891599 0.999975204 19.508022308
0.999980330 -0.000802550 0.006220670 0.447943896 0.000778826 0.999992371 0.003815266 -0.686795056 -0.006223686 -0.003810346 0.999973416 19.970623016
0.999981284 -0.000565670 0.006095843 0.449822068 0.000542283 0.999992549 0.003837575 -0.705933571 -0.006097969 -0.003834197 0.999974132 20.496774673
0.999984801 -0.001564145 0.005285908 0.487341940 0.001544847 0.999992132 0.003652986 -0.723485947 -0.005291580 -0.003644765 0.999979317 20.935821533
0.999986470 -0.001536947 0.004958686 0.497360766 0.001520691 0.999993443 0.003280397 -0.728813827 -0.004963696 -0.003272812 0.999982357 21.441667557
0.999986351 -0.000861483 0.005143960 0.506683588 0.000843015 0.999993205 0.003591413 -0.749130964 -0.005147019 -0.003587027 0.999980330 21.944757462
0.999988735 -0.001165388 0.004583166 0.515172124 0.001148864 0.999992788 0.003606248 -0.762249708 -0.004587336 -0.003600942 0.999983013 22.448709488
0.999993145 -0.001928069 0.003162708 0.539008975 0.001914541 0.999989033 0.004274530 -0.781536222 -0.003170915 -0.004268446 0.999985874 22.891340256
0.999993801 -0.001783932 0.003047244 0.543780327 0.001772881 0.999991894 0.003625353 -0.795272827 -0.003053687 -0.003619928 0.999988794 23.433671951
0.999993980 -0.002628700 0.002267005 0.552636027 0.002620371 0.999989748 0.003669452 -0.809711218 -0.002276627 -0.003663490 0.999990702 23.919490814
0.999996543 -0.001828486 0.001883389 0.561228275 0.001820421 0.999989212 0.004274976 -0.824355304 -0.001891186 -0.004271533 0.999989092 24.441938400
0.999997497 -0.002101410 0.000814126 0.581301391 0.002098350 0.999990761 0.003741658 -0.831021905 -0.000821981 -0.003739940 0.999992669 24.975381851
0.999998748 -0.001476543 0.000508854 0.582395911 0.001474347 0.999989688 0.004288878 -0.847491443 -0.000515181 -0.004288123 0.999990702 25.510391235
0.999998033 -0.001953389 0.000126445 0.595100939 0.001952897 0.999990940 0.003780867 -0.858272493 -0.000133830 -0.003780614 0.999992907 26.056327820
0.999998391 -0.001764955 -0.000047975 0.602610111 0.001765172 0.999985933 0.005006080 -0.875591516 0.000039139 -0.005006158 0.999987423 26.590452194
0.999998689 -0.001589488 -0.000275441 0.611975908 0.001590758 0.999987841 0.004673344 -0.891016304 0.000268009 -0.004673776 0.999989092 27.130502701
0.999999881 -0.000103888 -0.000556448 0.626341641 0.000106421 0.999989629 0.004552537 -0.914206505 0.000555969 -0.004552595 0.999989510 27.669984818
0.999999583 -0.000648932 -0.000643011 0.615728498 0.000652240 0.999986470 0.005157058 -0.919939578 0.000639656 -0.005157474 0.999986470 28.181644440
0.999999344 -0.000613956 -0.000890813 0.628533781 0.000619012 0.999983549 0.005686671 -0.941357493 0.000887307 -0.005687219 0.999983430 28.725225449
0.999999821 -0.000055538 -0.000652711 0.612485707 0.000058917 0.999986529 0.005176710 -0.956277490 0.000652415 -0.005176748 0.999986351 29.298404694
0.999998271 -0.000786911 -0.001683213 0.643451512 0.000796442 0.999983549 0.005669116 -0.963113368 0.001678724 -0.005670447 0.999982536 29.796783447
0.999998212 -0.000342707 -0.001868953 0.654774666 0.000352968 0.999984801 0.005492601 -0.975432038 0.001867042 -0.005493251 0.999983251 30.352766037
0.999998212 -0.000536146 -0.001802592 0.656755447 0.000546233 0.999984145 0.005599566 -0.994240105 0.001799561 -0.005600540 0.999982715 30.875448227
0.999998033 0.000067622 -0.001976402 0.668724537 -0.000056100 0.999983013 0.005829331 -1.013138175 0.001976763 -0.005829209 0.999981046 31.415224075
0.999996901 -0.000715459 -0.002365154 0.701401293 0.000728669 0.999984026 0.005589089 -1.033188939 0.002361118 -0.005590794 0.999981582 31.956375122
0.999995708 -0.000758064 -0.002829496 0.703882158 0.000773367 0.999985039 0.005410922 -1.024092436 0.002825351 -0.005413088 0.999981284 32.471973419
0.999998331 -0.000118003 -0.001834672 0.694755137 0.000127165 0.999987543 0.004994730 -1.034757733 0.001834060 -0.004994955 0.999985814 33.027469635
0.999998093 0.000364362 -0.001916983 0.700344563 -0.000355017 0.999988079 0.004872949 -1.048656225 0.001918735 -0.004872260 0.999986231 33.560127258
0.999995053 -0.000145853 -0.003144098 0.723683059 0.000164255 0.999982834 0.005853514 -1.070455670 0.003143191 -0.005854002 0.999977946 34.071956635
0.999993384 -0.000556312 -0.003593377 0.742491901 0.000576566 0.999983907 0.005637841 -1.079283714 0.003590184 -0.005639876 0.999977648 34.606731415
0.999994457 -0.000121388 -0.003327227 0.735884190 0.000139707 0.999984801 0.005506149 -1.090147495 0.003326508 -0.005506583 0.999979258 35.151535034
0.999994695 -0.000645810 -0.003190794 0.731855154 0.000665654 0.999980450 0.006221996 -1.126588225 0.003186713 -0.006224087 0.999975562 35.653129578
0.999995828 -0.000021927 -0.002882725 0.736233354 0.000039649 0.999981165 0.006147711 -1.137624502 0.002882536 -0.006147800 0.999976993 36.209522247
0.999995887 0.000001062 -0.002867723 0.747744083 0.000016689 0.999980867 0.006189870 -1.144727707 0.002867675 -0.006189892 0.999976814 36.730739594
0.999995530 0.001112977 -0.002770992 0.759767234 -0.001099953 0.999988437 0.004697483 -1.144070268 0.002776188 -0.004694414 0.999985158 37.319057465
0.999994397 -0.000465936 -0.003314662 0.766981244 0.000486975 0.999979734 0.006349195 -1.192392468 0.003311637 -0.006350773 0.999974370 37.832595825
0.999993682 -0.000469473 -0.003522837 0.773686528 0.000491873 0.999979675 0.006360348 -1.204325914 0.003519780 -0.006362040 0.999973595 38.388595581
0.999991298 -0.001067918 -0.004039937 0.790878415 0.001095607 0.999975920 0.006857755 -1.220337510 0.004032516 -0.006862121 0.999968350 38.920757294
0.999992371 -0.000883117 -0.003804550 0.793145180 0.000910394 0.999973774 0.007173872 -1.245663524 0.003798116 -0.007177281 0.999967039 39.408264160
0.999992728 -0.000943592 -0.003675748 0.796791911 0.000968968 0.999975622 0.006907946 -1.252672553 0.003669140 -0.006911458 0.999969363 39.963645935
0.999993622 -0.000228019 -0.003571706 0.806847155 0.000251053 0.999979138 0.006449867 -1.262572169 0.003570161 -0.006450722 0.999972820 40.507949829
0.999991715 -0.000602367 -0.004024337 0.835354745 0.000630370 0.999975562 0.006960573 -1.278964520 0.004020046 -0.006963052 0.999967694 41.057952881
0.999993861 0.001191648 -0.003281372 0.839473844 -0.001170815 0.999979138 0.006343570 -1.283069372 0.003288863 -0.006339690 0.999974430 41.623889923
0.999993563 -0.000192115 -0.003588125 0.841541111 0.000217664 0.999974549 0.007121138 -1.305127025 0.003586666 -0.007121872 0.999968231 42.064437866
0.999994874 0.000995148 -0.003058487 0.848360777 -0.000973981 0.999975562 0.006914224 -1.316525221 0.003065293 -0.006911209 0.999971449 42.595912933
0.999993443 0.000105821 -0.003611470 0.857657194 -0.000080125 0.999974668 0.007114573 -1.335002542 0.003612131 -0.007114237 0.999968112 43.134681702
0.999994218 0.000230967 -0.003399630 0.864676476 -0.000206442 0.999973893 0.007212698 -1.349039912 0.003401207 -0.007211952 0.999968231 43.671112061
0.999993682 0.000053885 -0.003549376 0.877572417 -0.000029498 0.999976397 0.006870428 -1.354470491 0.003549661 -0.006870279 0.999970078 44.222808838
0.999993503 -0.000016004 -0.003606261 0.889074802 0.000040661 0.999976635 0.006837200 -1.369440079 0.003606068 -0.006837302 0.999970138 44.757289886
0.999993980 -0.000152614 -0.003470603 0.892410517 0.000176681 0.999975920 0.006935353 -1.382156372 0.003469461 -0.006935924 0.999969900 45.287536621
0.999993563 -0.000016970 -0.003584975 0.911216974 0.000040759 0.999978006 0.006635656 -1.392397165 0.003584784 -0.006635759 0.999971509 45.834049225
0.999992669 0.000259981 -0.003810135 0.934787273 -0.000232289 0.999973595 0.007266745 -1.420218706 0.003811923 -0.007265806 0.999966323 46.362091064
0.999991357 0.000007716 -0.004161611 0.944678187 0.000020733 0.999976695 0.006836121 -1.418466568 0.004161567 -0.006836147 0.999967992 46.929939270
0.999989688 0.000203692 -0.004528769 0.982177913 -0.000172780 0.999976695 0.006824948 -1.419088602 0.004530054 -0.006824095 0.999966443 47.459774017
0.999993920 0.000165741 -0.003471830 0.946926951 -0.000143131 0.999978721 0.006511596 -1.431833386 0.003472835 -0.006511061 0.999972761 47.960750580
0.999992788 0.000142359 -0.003789927 0.963480830 -0.000116478 0.999976635 0.006828334 -1.447504401 0.003790810 -0.006827844 0.999969482 48.510066986
0.999993563 0.000326627 -0.003591663 0.971299171 -0.000301525 0.999975502 0.006987221 -1.461042404 0.003593858 -0.006986091 0.999969125 49.049106598
0.999992430 -0.000258359 -0.003882263 0.984446526 0.000281700 0.999981821 0.006012765 -1.461232185 0.003880640 -0.006013813 0.999974430 49.606868744
0.999993980 0.000538646 -0.003409449 0.977387965 -0.000516452 0.999978721 0.006507317 -1.477688909 0.003412881 -0.006505517 0.999972999 50.105274200
0.999994576 0.001107047 -0.003096140 0.983718157 -0.001086622 0.999977708 0.006590842 -1.490542173 0.003103367 -0.006587442 0.999973476 50.644977570
0.999994695 0.000455085 -0.003220032 0.991584599 -0.000433219 0.999976873 0.006788114 -1.499384880 0.003223046 -0.006786682 0.999971807 51.170326233
0.999995053 0.000912391 -0.003006787 1.015491247 -0.000893794 0.999980569 0.006180800 -1.506628633 0.003012367 -0.006178082 0.999976337 51.688270569
0.999994636 0.001071047 -0.003073032 1.015219212 -0.001050177 0.999976397 0.006784627 -1.523856401 0.003080227 -0.006781365 0.999972224 52.254104614
0.999995351 0.001680020 -0.002548703 1.010006428 -0.001662078 0.999973953 0.007025596 -1.550951838 0.002560440 -0.007021326 0.999972105 52.765567780
0.999995887 0.001144610 -0.002632430 1.006341934 -0.001125828 0.999974012 0.007125011 -1.566811800 0.002640518 -0.007122019 0.999971092 53.264881134
0.999994874 0.000558242 -0.003151326 1.017712474 -0.000534753 0.999972165 0.007449771 -1.580452442 0.003155398 -0.007448047 0.999967217 53.814243317
0.999993801 0.001726007 -0.003091106 1.021991730 -0.001704012 0.999973357 0.007104023 -1.589967966 0.003103286 -0.007098711 0.999969959 54.356601715
0.999995768 0.000839970 -0.002788094 1.031875730 -0.000820152 0.999974489 0.007101715 -1.599790215 0.002793988 -0.007099397 0.999970913 54.917472839
0.999992609 0.001183175 -0.003668848 1.051880002 -0.001155266 0.999970496 0.007600082 -1.610412955 0.003677732 -0.007595786 0.999964356 55.426502228
0.999994934 0.001546200 -0.002776951 1.089831114 -0.001525459 0.999971032 0.007455600 -1.646128178 0.002788399 -0.007451325 0.999968350 55.918788910
0.999994397 0.000138209 -0.003373001 1.112587214 -0.000113316 0.999972761 0.007379533 -1.653419018 0.003373929 -0.007379108 0.999967098 56.447273254
0.999995649 0.001161923 -0.002712664 1.112305880 -0.001141562 0.999971271 0.007495573 -1.668778419 0.002721295 -0.007492444 0.999968171 57.042327881
0.999996722 0.001457262 -0.002112068 1.116126180 -0.001442382 0.999974191 0.007029398 -1.677418590 0.002122257 -0.007026328 0.999973059 57.607250214
0.999996543 0.001440848 -0.002158823 1.129899979 -0.001424804 0.999971509 0.007415398 -1.686160803 0.002169445 -0.007412297 0.999970138 58.016757965
0.999995410 0.001695255 -0.002479051 1.141568542 -0.001677064 0.999971807 0.007321865 -1.702722311 0.002491393 -0.007317675 0.999970138 58.555583954
0.999996841 0.001356020 -0.002095071 1.160618544 -0.001341528 0.999975324 0.006903041 -1.714560747 0.002104381 -0.006900210 0.999974012 59.104129791
0.999996841 0.001619637 -0.001930560 1.154105902 -0.001604883 0.999969602 0.007619837 -1.722289085 0.001942842 -0.007616714 0.999969065 59.605033875
0.999997377 0.001016021 -0.002022012 1.169994831 -0.001001786 0.999974728 0.007028901 -1.736560225 0.002029102 -0.007026857 0.999973297 60.153884888
0.999996424 0.002021269 -0.001778852 1.188541412 -0.002008594 0.999972820 0.007098929 -1.750042796 0.001793152 -0.007095329 0.999973238 60.688388824
0.999996603 0.001568663 -0.002090050 1.221823931 -0.001553307 0.999971867 0.007328750 -1.772969246 0.002101487 -0.007325477 0.999970973 61.193923950
0.999996424 0.001654617 -0.002092085 1.236972094 -0.001638982 0.999970853 0.007453023 -1.770515203 0.002104356 -0.007449569 0.999969959 61.713306427
0.999996006 0.002213256 -0.001720609 1.240911365 -0.002199245 0.999964774 0.008102344 -1.787911773 0.001738481 -0.008098530 0.999965608 62.234626770
0.999995828 0.002081398 -0.002015893 1.250237465 -0.002065935 0.999968648 0.007642887 -1.800332189 0.002031738 -0.007638691 0.999968708 62.758235931
0.999995887 0.001766085 -0.002250080 1.258327127 -0.001748972 0.999969721 0.007584717 -1.809160948 0.002263407 -0.007580751 0.999968648 63.323146820
0.999996006 0.001476995 -0.002390266 1.256215692 -0.001457808 0.999966919 0.008009099 -1.828419566 0.002402016 -0.008005582 0.999965072 63.859165192
0.999995172 0.001772480 -0.002568203 1.283203125 -0.001752430 0.999968171 0.007788074 -1.839032650 0.002581924 -0.007783536 0.999966383 64.418083191
0.999996722 0.001486002 -0.002072668 1.309176445 -0.001470429 0.999970853 0.007494900 -1.829996347 0.002083746 -0.007491828 0.999969721 64.910392761
0.999996066 0.002056725 -0.001911479 1.333613038 -0.002041410 0.999966025 0.007979500 -1.858715177 0.001927824 -0.007975565 0.999966323 65.423309326
0.999994934 0.002556359 -0.001863209 1.337550044 -0.002542483 0.999969304 0.007412015 -1.856181979 0.001882099 -0.007407242 0.999970794 65.977912903
0.999995053 0.002576350 -0.001814289 1.353607297 -0.002563299 0.999971092 0.007159307 -1.854421377 0.001832681 -0.007154621 0.999972701 66.536384583
0.999996364 0.001943487 -0.001859304 1.371757150 -0.001929975 0.999971926 0.007241490 -1.878511906 0.001873325 -0.007237878 0.999971986 67.015594482
0.999996722 0.001779729 -0.001830822 1.382426381 -0.001766140 0.999971032 0.007397189 -1.892584085 0.001843933 -0.007393932 0.999970913 67.546363831
0.999993682 0.003267682 -0.001410819 1.378142357 -0.003255841 0.999960065 0.008315753 -1.920267344 0.001437936 -0.008311109 0.999964356 68.093780518
0.999994755 0.002924713 -0.001383848 1.404703140 -0.002914168 0.999967158 0.007562059 -1.913158417 0.001405920 -0.007557989 0.999970436 68.642044067
0.999995768 0.002603497 -0.001228255 1.404728413 -0.002594161 0.999968171 0.007542936 -1.922047853 0.001247853 -0.007539717 0.999970734 69.150299072
0.999995828 0.002342145 -0.001652516 1.412299991 -0.002330930 0.999974430 0.006756504 -1.924277067 0.001668297 -0.006752622 0.999975801 69.713821411
0.999994278 0.003184800 -0.001074854 1.444909215 -0.003176881 0.999968410 0.007290472 -1.958989859 0.001098039 -0.007287014 0.999972820 70.198234558
0.999996722 0.001777246 -0.001851746 1.475662708 -0.001763303 0.999970257 0.007504093 -1.960679054 0.001865027 -0.007500803 0.999970138 70.762382507
0.999996603 0.001705225 -0.001953541 1.470597267 -0.001690464 0.999970138 0.007532896 -1.981286645 0.001966327 -0.007529567 0.999969721 71.260131836
0.999994934 0.002845541 -0.001430284 1.475371957 -0.002835016 0.999969244 0.007307294 -1.990867376 0.001451033 -0.007303202 0.999972284 71.820304871
0.999996066 0.002450112 -0.001356095 1.490834832 -0.002439849 0.999968767 0.007518862 -2.008552551 0.001374475 -0.007515525 0.999970794 72.341461182
0.999995947 0.002550723 -0.001284972 1.502473474 -0.002540989 0.999968529 0.007521674 -2.022295713 0.001304118 -0.007518379 0.999970853 72.885505676
0.999996364 0.002344467 -0.001316293 1.525781870 -0.002333819 0.999965072 0.008032924 -2.045796156 0.001335081 -0.008029823 0.999966800 73.425849915
0.999996305 0.002460968 -0.001114525 1.518268228 -0.002452711 0.999969959 0.007349864 -2.044437647 0.001132580 -0.007347106 0.999972343 73.915290833
0.999996841 0.001919399 -0.001625385 1.539311290 -0.001908055 0.999974012 0.006952287 -2.055571079 0.001638687 -0.006949163 0.999974489 74.465118408
0.999992907 0.003396413 -0.001615488 1.613572598 -0.003383350 0.999962091 0.008021643 -2.114387274 0.001642671 -0.008016121 0.999966502 74.900360107
0.999995112 0.002990630 -0.000902836 1.555093408 -0.002983765 0.999967337 0.007512328 -2.088187933 0.000925274 -0.007509598 0.999971390 75.454338074
0.999993205 0.003632420 -0.000662366 1.564505935 -0.003627242 0.999964118 0.007657327 -2.105993986 0.000690157 -0.007654871 0.999970436 75.988548279
0.999995887 0.002800727 -0.000621679 1.571877122 -0.002795535 0.999962509 0.008200049 -2.117597103 0.000644622 -0.008198277 0.999966204 76.553077698
0.999996543 0.002444099 -0.000951369 1.591999531 -0.002436859 0.999968588 0.007539098 -2.118103266 0.000969765 -0.007536755 0.999971151 77.034294128
0.999995887 0.002700537 -0.000946352 1.597530127 -0.002693280 0.999967575 0.007587600 -2.124492407 0.000966812 -0.007585021 0.999970794 77.589370728
0.999994934 0.003014350 -0.000965205 1.611285210 -0.003006981 0.999966919 0.007546644 -2.138134480 0.000987921 -0.007543704 0.999970973 78.083328247
0.999996126 0.002660510 -0.000773829 1.622415543 -0.002654841 0.999970257 0.007237104 -2.145195007 0.000793060 -0.007235022 0.999973416 78.635528564
0.999996781 0.002499655 0.000438065 1.647815466 -0.002502853 0.999969065 0.007458033 -2.157855511 -0.000419409 -0.007459106 0.999972045 79.171531677
0.999992430 0.003106904 0.002353448 1.650633335 -0.003123974 0.999968648 0.007284797 -2.176410437 -0.002330741 -0.007292096 0.999970734 79.724182129
0.999984086 0.003653692 0.004299154 1.647291541 -0.003686327 0.999964237 0.007607866 -2.202663422 -0.004271204 -0.007623594 0.999961734 80.235794067
0.999983132 0.002983143 0.004992877 1.660608768 -0.003020094 0.999967992 0.007409725 -2.210510015 -0.004970613 -0.007424679 0.999960005 80.786399841
0.999957263 0.003743732 0.008449995 1.674427032 -0.003809172 0.999962747 0.007741688 -2.236238003 -0.008420696 -0.007773547 0.999934375 81.323822021
0.999914587 0.004319939 0.012330473 1.678762674 -0.004426464 0.999952972 0.008624971 -2.287162781 -0.012292635 -0.008678818 0.999886811 81.843498230
0.999874473 0.003991130 0.015334799 1.708092332 -0.004109095 0.999962151 0.007668922 -2.239340544 -0.015303614 -0.007730972 0.999852955 82.379211426
0.999812424 0.003616585 0.019029496 1.749777555 -0.003759079 0.999965072 0.007457644 -2.261697531 -0.019001864 -0.007527780 0.999791026 82.915786743
0.999666631 0.004181958 0.025477357 1.773511171 -0.004384794 0.999959111 0.007910732 -2.270864248 -0.025443234 -0.008019808 0.999644041 83.417404175
0.999494255 0.004160241 0.031526439 1.811332703 -0.004400293 0.999961793 0.007548790 -2.266306400 -0.031493831 -0.007683699 0.999474406 83.951812744
0.999274731 0.005365493 0.037698694 1.821462274 -0.005659932 0.999954283 0.007707968 -2.312529564 -0.037655614 -0.007915750 0.999259412 84.547958374
0.998963356 0.005279048 0.045213923 1.884712100 -0.005634316 0.999954224 0.007733673 -2.324380159 -0.045171030 -0.007980406 0.998947322 85.099952698
0.998499691 0.005580448 0.054472469 1.919841051 -0.005990027 0.999954939 0.007358626 -2.341869831 -0.054428965 -0.007673877 0.998488188 85.629035950
0.998083472 0.006076999 0.061582327 1.973528862 -0.006567961 0.999948263 0.007773164 -2.356668711 -0.061531901 -0.008162738 0.998071790 86.180496216
0.997518837 0.003845331 0.070294522 1.996489048 -0.004332569 0.999967635 0.006780225 -2.355733395 -0.070266195 -0.007067959 0.997503161 86.759887695
0.996696532 0.004654812 0.081081912 2.055981636 -0.005215322 0.999963820 0.006702481 -2.369926929 -0.081047788 -0.007103209 0.996684849 87.298652649
0.995889723 0.005399395 0.090413317 2.098353386 -0.006093162 0.999954104 0.007399026 -2.396825790 -0.090369225 -0.007919518 0.995876908 87.783996582
0.995247066 0.001588152 0.097369298 2.184209347 -0.002256329 0.999974668 0.006752560 -2.417182207 -0.097356088 -0.006940161 0.995225430 88.316108704
0.994201720 0.001460640 0.107521273 2.275091171 -0.002193379 0.999975204 0.006696886 -2.430675507 -0.107508808 -0.006893887 0.994180202 88.845916748
0.992963195 0.001861337 0.118408963 2.353079796 -0.002677739 0.999973774 0.006736041 -2.444728374 -0.118393317 -0.007005708 0.992942095 89.386444092
0.991877079 0.000378946 0.127199471 2.445547104 -0.001217110 0.999978065 0.006511704 -2.476799488 -0.127194211 -0.006613626 0.991855800 89.884696960
0.990331411 0.000454645 0.138720602 2.539570808 -0.001378224 0.999977469 0.006561849 -2.481863260 -0.138714477 -0.006689593 0.990309834 90.444015503
0.988653064 0.000639986 0.150216147 2.638220787 -0.001709659 0.999974012 0.006991860 -2.502296925 -0.150207832 -0.007169341 0.988628447 90.963859558
0.986869037 0.000586026 0.161521465 2.748402596 -0.001717420 0.999974966 0.006865080 -2.516104221 -0.161513418 -0.007052334 0.986845315 91.507850647
0.985268891 -0.002256283 0.170997292 2.849715233 0.001108681 0.999976218 0.006806429 -2.547167301 -0.171008572 -0.006516580 0.985248089 92.038658142
0.983127296 -0.002548646 0.182905495 2.978932381 0.001346235 0.999976635 0.006697818 -2.559982538 -0.182918310 -0.006338573 0.983107686 92.566406250
0.980651736 -0.002592500 0.195742905 3.090101242 0.001362749 0.999978483 0.006416891 -2.557221889 -0.195755363 -0.006025987 0.980634272 93.181510925
0.978538036 -0.003901072 0.206029326 3.231423378 0.002658291 0.999976575 0.006308525 -2.565915823 -0.206049114 -0.005625445 0.978525519 93.712509155
0.975383997 -0.006320331 0.220422536 3.340984344 0.004996879 0.999965966 0.006561221 -2.589719772 -0.220456511 -0.005298285 0.975382388 94.251617432
0.972190976 -0.006151918 0.234109029 3.490915298 0.004753602 0.999967277 0.006536739 -2.598746061 -0.234141633 -0.005242097 0.972188354 94.769073486
0.969265044 -0.006687556 0.245927706 3.645009995 0.005224105 0.999964535 0.006602663 -2.609064817 -0.245963141 -0.005114979 0.969265640 95.303291321
0.966009796 -0.005292166 0.258451134 3.807962418 0.003573248 0.999968231 0.007120131 -2.635321617 -0.258480519 -0.005954608 0.965998113 95.825073242
0.962294459 -0.006075166 0.271942139 3.982774734 0.004389631 0.999967158 0.006806042 -2.641562462 -0.271974564 -0.005355691 0.962289572 96.340217590
0.958512843 -0.003773118 0.285024375 4.145683289 0.001657484 0.999969184 0.007663494 -2.658326626 -0.285044581 -0.006873136 0.958489656 96.841850281
0.955232322 -0.004509834 0.295822293 4.342967987 0.002390891 0.999968767 0.007524235 -2.676791430 -0.295847058 -0.006480115 0.955213368 97.350143433
0.950679898 -0.004393635 0.310142756 4.532205582 0.002057683 0.999966919 0.007858614 -2.678163290 -0.310167104 -0.006832852 0.950657487 97.901847839
0.946289182 -0.007307611 0.323238999 4.722742081 0.005045415 0.999956548 0.007835913 -2.686050653 -0.323282152 -0.005784165 0.946284950 98.357025146
0.942455292 -0.007424707 0.334249675 4.935800552 0.005051507 0.999955475 0.007968761 -2.697453976 -0.334293872 -0.005821739 0.942450941 98.882865906
0.937991381 -0.007841306 0.346570015 5.134456635 0.005433917 0.999953926 0.007917533 -2.709085464 -0.346616089 -0.005543344 0.937990725 99.361328125
0.932765245 -0.007688561 0.360402584 5.356325150 0.005017389 0.999952614 0.008346641 -2.732361317 -0.360449612 -0.005977178 0.932759583 99.879608154
0.927913666 -0.008903063 0.372688651 5.555335999 0.006315839 0.999946713 0.008162402 -2.730324030 -0.372741520 -0.005220160 0.927920520 100.308914185
0.922944307 -0.007916539 0.384852111 5.779914856 0.004970085 0.999950230 0.008650166 -2.747201204 -0.384901434 -0.006070873 0.922937751 100.808540344
0.916962862 -0.008233447 0.398887545 5.997890472 0.005224034 0.999949098 0.008630957 -2.751124620 -0.398938328 -0.005830463 0.916959167 101.287971497
0.911146700 -0.009214330 0.411979139 6.248832703 0.006123725 0.999942303 0.008821289 -2.762171984 -0.412036687 -0.005514640 0.911150515 101.777099609
0.906043172 -0.008536655 0.423099101 6.489700317 0.005493350 0.999949515 0.008411770 -2.767129421 -0.423149526 -0.005297196 0.906044364 102.263122559
0.900631845 -0.008878366 0.434492081 6.758647919 0.005664264 0.999946117 0.008691692 -2.789383888 -0.434545845 -0.005366937 0.900633752 102.766708374
0.893587768 -0.009061240 0.448797107 6.953693390 0.005643277 0.999943972 0.008952753 -2.790601492 -0.448853046 -0.005467383 0.893588841 103.169647217
0.887550652 -0.008747778 0.460626990 7.231117249 0.005292059 0.999947309 0.008793117 -2.797297955 -0.460679621 -0.005366670 0.887550294 103.653305054
0.881435513 -0.009669535 0.472205430 7.510532379 0.006076235 0.999939799 0.009134040 -2.807155609 -0.472265333 -0.005181835 0.881441176 104.146049500
0.874144852 -0.009279893 0.485576689 7.793853760 0.005311351 0.999940217 0.009548335 -2.819785595 -0.485636294 -0.005767559 0.874141872 104.610610962
0.866633058 -0.009478023 0.498856008 8.081680298 0.005903619 0.999944329 0.008742454 -2.822146893 -0.498911113 -0.004631442 0.866640806 105.057548523
