1.000000000 0.000000000 0.000000000 0.000000000 0.000000000 1.000000000 0.000000000 0.000000000 0.000000000 0.000000000 1.000000000 0.000000000
1.000000000 0.000016391 -0.000017355 0.000405808 -0.000016392 1.000000000 -0.000035301 0.000786637 0.000017354 0.000035301 1.000000000 0.000492071
1.000000000 -0.000000098 0.000044103 -0.000084695 0.000000096 1.000000000 0.000043061 0.000027160 -0.000044103 -0.000043061 1.000000000 0.000099597
1.000000000 -0.000082218 0.000024568 0.000020733 0.000082219 1.000000000 -0.000031165 0.000828759 -0.000024566 0.000031167 1.000000000 0.000234544
1.000000000 -0.000129850 0.000033993 -0.000078074 0.000129849 1.000000000 0.000030888 -0.000158495 -0.000033997 -0.000030884 1.000000000 -0.000592378
1.000000000 0.000032157 0.000125428 -0.000520707 -0.000032153 1.000000000 -0.000027493 0.000831809 -0.000125429 0.000027489 1.000000000 0.000085217
1.000000000 -0.000091544 0.000076278 0.000119689 0.000091544 1.000000000 -0.000000402 0.000480044 -0.000076278 0.000000409 1.000000000 0.000268221
1.000000000 0.000009024 0.000064487 -0.000566013 -0.000009029 1.000000000 0.000085323 -0.000040078 -0.000064486 -0.000085323 1.000000000 0.000002070
1.000000000 -0.000026008 -0.000009958 -0.000789590 0.000026007 1.000000000 -0.000069325 -0.000047286 0.000009960 0.000069325 1.000000000 -0.000823082
1.000000000 -0.000058079 0.000077374 -0.000120331 0.000058076 1.000000000 0.000042742 -0.000684439 -0.000077377 -0.000042737 1.000000000 -0.000241744
1.000000000 0.000068388 0.000045742 -0.000791575 -0.000068390 1.000000000 0.000043464 -0.000834222 -0.000045739 -0.000043467 1.000000000 -0.000653546
1.000000000 -0.000042980 0.000073488 -0.001101985 0.000042980 1.000000000 0.000000310 -0.000292639 -0.000073488 -0.000000307 1.000000000 -0.001084564
1.000000000 0.000051271 0.000036326 -0.000855671 -0.000051268 1.000000000 -0.000073883 -0.000299491 -0.000036330 0.000073881 1.000000000 -0.001364404
1.000000000 0.000040762 0.000077139 -0.001182876 -0.000040759 1.000000000 -0.000029072 0.000627951 -0.000077140 0.000029069 1.000000000 0.000672733
1.000000000 0.000024743 0.000050817 -0.000986477 -0.000024737 1.000000000 -0.000104957 0.001180128 -0.000050820 0.000104956 1.000000000 0.000889771
1.000000000 -0.000002643 -0.000020429 0.000283356 0.000002642 1.000000000 -0.000070128 0.001219060 0.000020429 0.000070128 1.000000000 0.001263893
1.000000000 0.000097078 0.000113294 -0.001057886 -0.000097061 1.000000000 -0.000155801 0.002308894 -0.000113309 0.000155790 1.000000000 0.002561686
1.000000000 0.000162626 0.000090114 -0.001375966 -0.000162612 1.000000000 -0.000161700 0.001886245 -0.000090141 0.000161685 1.000000000 0.001631500
1.000000000 0.000165097 0.000150063 -0.001411151 -0.000165083 1.000000000 -0.000092711 0.002068368 -0.000150078 0.000092686 1.000000000 0.002474069
1.000000000 0.000114807 0.000161470 -0.001416511 -0.000114792 1.000000000 -0.000091194 0.001076605 -0.000161481 0.000091175 1.000000000 0.001357183
1.000000000 0.000016195 0.000077037 -0.001126551 -0.000016193 1.000000000 -0.000030355 0.000405236 -0.000077037 0.000030353 1.000000000 0.000880995
1.000000000 0.000157159 0.000051266 -0.000779792 -0.000157158 1.000000000 -0.000021212 0.001252320 -0.000051269 0.000021204 1.000000000 0.000940623
1.000000000 0.000093249 0.000016905 -0.000629621 -0.000093248 1.000000000 -0.000075389 0.001490871 -0.000016912 0.000075387 1.000000000 0.002459457
1.000000000 0.000093704 0.000088003 -0.001249928 -0.000093698 1.000000000 -0.000065694 0.001785137 -0.000088009 0.000065685 1.000000000 0.002452728
0.999999940 0.000358697 0.000055690 -0.001144560 -0.000358694 0.999999940 -0.000051538 0.002367540 -0.000055709 0.000051518 1.000000000 0.003622897
0.999999940 0.000258955 0.000107028 -0.001344461 -0.000258950 0.999999940 -0.000048672 0.002020010 -0.000107041 0.000048644 1.000000000 0.001529533
1.000000000 0.000060655 0.000101949 -0.000445912 -0.000060650 1.000000000 -0.000058236 0.002489972 -0.000101952 0.000058230 1.000000000 0.003051178
1.000000000 0.000152821 0.000179157 -0.001759427 -0.000152818 1.000000000 -0.000017014 0.001605642 -0.000179160 0.000016987 1.000000000 0.002442068
1.000000000 0.000169873 0.000087839 -0.001389112 -0.000169867 1.000000000 -0.000068223 0.002387173 -0.000087851 0.000068209 1.000000000 0.002356252
1.000000000 0.000073002 0.000110823 -0.001634252 -0.000072993 1.000000000 -0.000079094 0.001241161 -0.000110828 0.000079086 1.000000000 0.001763028
0.999999940 0.000147392 0.000211919 -0.001978704 -0.000147391 1.000000000 -0.000007754 0.001188851 -0.000211920 0.000007722 1.000000000 0.002241745
1.000000000 0.000115601 0.000191203 -0.001405294 -0.000115588 1.000000000 -0.000068667 0.002233416 -0.000191211 0.000068645 1.000000000 0.003837165
1.000000000 0.000208348 0.000093308 -0.000836595 -0.000208329 0.999999940 -0.000209817 0.003495921 -0.000093351 0.000209798 1.000000000 0.003965871
1.000000000 0.000135485 0.000148657 -0.000944455 -0.000135470 1.000000000 -0.000096812 0.001747034 -0.000148670 0.000096792 1.000000000 0.001839636
0.999999940 0.000239023 0.000181484 -0.002430694 -0.000238995 0.999999940 -0.000155893 0.002190962 -0.000181521 0.000155849 1.000000000 0.002455246
1.000000000 0.000133585 0.000174817 -0.001698264 -0.000133568 1.000000000 -0.000102333 0.001085793 -0.000174831 0.000102310 1.000000000 0.001482165
1.000000000 0.000084315 0.000027017 -0.001859281 -0.000084316 1.000000000 0.000016690 0.000435711 -0.000027015 -0.000016693 1.000000000 0.000125645
1.000000000 0.000141852 0.000079036 -0.001351115 -0.000141850 1.000000000 -0.000025808 0.001801794 -0.000079040 0.000025796 1.000000000 0.002134214
1.000000000 0.000142180 0.000148976 -0.001904143 -0.000142170 1.000000000 -0.000062920 0.001630660 -0.000148985 0.000062899 1.000000000 0.001312535
1.000000000 0.000188076 0.000129794 -0.000798828 -0.000188065 1.000000000 -0.000081372 0.002849358 -0.000129810 0.000081348 1.000000000 0.003139524
1.000000000 -0.000017917 0.000043040 0.000343942 0.000017921 1.000000000 -0.000097728 0.000980739 -0.000043038 0.000097729 1.000000000 0.002839711
0.999999762 0.000692988 -0.000086309 -0.000096692 -0.000693034 0.999999642 -0.000529734 -0.002219562 0.000085942 0.000529794 0.999999821 0.050953556
0.999999821 0.000606826 -0.000068822 0.001488336 -0.000606907 0.999999166 -0.001184305 -0.002982363 0.000068103 0.001184347 0.999999285 0.140439302
0.999999762 0.000559468 0.000391691 0.002978576 -0.000559031 0.999999225 -0.001115579 -0.008602236 -0.000392314 0.001115359 0.999999285 0.255444676
0.999999762 0.000591257 0.000434495 0.005732028 -0.000590773 0.999999225 -0.001112448 -0.010858080 -0.000435152 0.001112191 0.999999285 0.387978822
0.999999702 0.000547301 0.000381644 0.007600892 -0.000546965 0.999999404 -0.000879221 -0.014745927 -0.000382125 0.000879012 0.999999464 0.531587303
0.999999881 0.000328936 0.000279955 0.012907130 -0.000328800 0.999999940 -0.000484128 -0.023795512 -0.000280114 0.000484035 0.999999821 0.684241891
0.999999940 -0.000005972 0.000234601 0.018732827 0.000006053 0.999999940 -0.000344509 -0.026413016 -0.000234599 0.000344510 0.999999881 0.844589472
0.999999881 0.000319309 0.000400762 0.017311146 -0.000319105 0.999999821 -0.000509811 -0.028473172 -0.000400925 0.000509683 0.999999762 1.025344491
0.999999821 0.000448172 0.000353272 0.021351354 -0.000448039 0.999999821 -0.000375684 -0.033255726 -0.000353441 0.000375525 0.999999821 1.200325131
0.999999702 0.000609348 0.000442689 0.024760678 -0.000609389 0.999999821 0.000092102 -0.043046087 -0.000442633 -0.000092372 0.999999881 1.382513642
0.999999762 0.000578451 0.000028801 0.030354878 -0.000578450 0.999999762 -0.000031050 -0.045500688 -0.000028819 0.000031033 1.000000000 1.576912522
0.999999642 0.000623001 0.000547840 0.028889326 -0.000623225 0.999999642 0.000407587 -0.054582972 -0.000547586 -0.000407928 0.999999702 1.772533417
0.999999821 0.000570581 0.000556507 0.032321420 -0.000570874 0.999999702 0.000527263 -0.061093763 -0.000556206 -0.000527581 0.999999702 1.976072550
0.999999881 0.000167635 0.000211763 0.038925342 -0.000167736 0.999999881 0.000477293 -0.067616045 -0.000211683 -0.000477328 0.999999881 2.185222149
0.999999821 0.000294458 0.000488042 0.042633492 -0.000294675 0.999999821 0.000444698 -0.071311027 -0.000487911 -0.000444842 0.999999702 2.408627510
0.999999642 0.000602026 0.000525247 0.047657944 -0.000602225 0.999999642 0.000380022 -0.076304689 -0.000525018 -0.000380338 0.999999762 2.634881735
0.999999523 0.000451293 0.000797068 0.051552840 -0.000451796 0.999999642 0.000630895 -0.085931815 -0.000796783 -0.000631254 0.999999464 2.861122608
0.999999523 0.000448506 0.000873540 0.055159792 -0.000449235 0.999999583 0.000834021 -0.090569779 -0.000873165 -0.000834413 0.999999285 3.102360249
0.999999046 0.001264104 0.000506543 0.061229013 -0.001264445 0.999998987 0.000673342 -0.098134995 -0.000505692 -0.000673982 0.999999642 3.337176323
0.999999642 0.000757646 0.000411130 0.066935733 -0.000758048 0.999999166 0.000978731 -0.107936382 -0.000410388 -0.000979042 0.999999404 3.594528437
0.999999285 0.001164939 0.000442706 0.072542422 -0.001165279 0.999998927 0.000767984 -0.113287352 -0.000441811 -0.000768500 0.999999583 3.851646185
0.999999285 0.000827285 0.000822599 0.071811922 -0.000828085 0.999999166 0.000973180 -0.120411515 -0.000821793 -0.000973860 0.999999106 4.116889000
0.999998868 0.001242174 0.000807376 0.078335576 -0.001243034 0.999998629 0.001064745 -0.124566324 -0.000806052 -0.001065747 0.999999046 4.378963947
0.999998927 0.000901969 0.001174384 0.080117218 -0.000902959 0.999999166 0.000843249 -0.132137015 -0.001173623 -0.000844309 0.999998868 4.633556843
0.999998689 0.001165517 0.001136086 0.083786994 -0.001166364 0.999998987 0.000744818 -0.140475020 -0.001135216 -0.000746143 0.999999046 4.895112038
0.999998868 0.001137338 0.001025549 0.091839030 -0.001138534 0.999998689 0.001166153 -0.149525538 -0.001024222 -0.001167320 0.999998808 5.154165745
0.999998689 0.000974989 0.001224739 0.095219813 -0.000976173 0.999999046 0.000966482 -0.155981258 -0.001223795 -0.000967677 0.999998808 5.416530132
0.999998450 0.000991116 0.001437491 0.100338548 -0.000992172 0.999999225 0.000734315 -0.160730988 -0.001436762 -0.000735740 0.999998629 5.690523624
0.999998748 0.000764004 0.001361819 0.096506417 -0.000765662 0.999998987 0.001217220 -0.176639214 -0.001360888 -0.001218262 0.999998271 5.947294235
0.999998391 0.001027653 0.001480696 0.101292387 -0.001029426 0.999998808 0.001197606 -0.186117128 -0.001479463 -0.001199129 0.999998212 6.228211880
0.999998569 0.000835127 0.001442160 0.116689809 -0.000836537 0.999999106 0.000976980 -0.184940547 -0.001441343 -0.000978185 0.999998510 6.519393921
0.999997854 0.001312843 0.001555700 0.117340878 -0.001314357 0.999998569 0.000972193 -0.192535073 -0.001554421 -0.000974235 0.999998331 6.808812618
0.999997079 0.001768881 0.001633295 0.122070216 -0.001770443 0.999997973 0.000956042 -0.200505435 -0.001631600 -0.000958931 0.999998212 7.110690594
0.999998510 0.000899398 0.001420565 0.134520054 -0.000901286 0.999998689 0.001328732 -0.216616616 -0.001419368 -0.001330010 0.999998033 7.410604477
0.999998450 0.000784318 0.001591728 0.138969183 -0.000786433 0.999998808 0.001328509 -0.226328656 -0.001590684 -0.001329758 0.999997854 7.717408180
0.999998271 0.000867031 0.001624982 0.144514024 -0.000869033 0.999998868 0.001231905 -0.234433815 -0.001623912 -0.001233315 0.999997914 8.039831161
0.999996722 0.001498251 0.002081303 0.144455269 -0.001500817 0.999998152 0.001232187 -0.243016452 -0.002079453 -0.001235306 0.999997139 8.358570099
0.999997735 0.000954867 0.001902844 0.156427398 -0.000957339 0.999998748 0.001298459 -0.253461629 -0.001901602 -0.001300278 0.999997318 8.679513931
0.999996364 0.001357269 0.002296936 0.156362042 -0.001360515 0.999998033 0.001411941 -0.261631608 -0.002295015 -0.001415061 0.999996364 9.028067589
0.999995291 0.001805479 0.002466047 0.161901116 -0.001808920 0.999997437 0.001393796 -0.273659170 -0.002463524 -0.001398251 0.999996006 9.369231224
0.999995172 0.002046523 0.002327647 0.174734443 -0.002050183 0.999996662 0.001571010 -0.292251885 -0.002324424 -0.001575774 0.999996066 9.693305016
0.999994159 0.002065290 0.002699723 0.179193825 -0.002070150 0.999996185 0.001798925 -0.300577343 -0.002695998 -0.001804503 0.999994755 10.047267914
0.999995351 0.001960736 0.002340283 0.183859736 -0.001964462 0.999996781 0.001591041 -0.309120685 -0.002337156 -0.001595631 0.999996006 10.425714493
0.999995768 0.001545764 0.002473273 0.191477418 -0.001549345 0.999997735 0.001446714 -0.316173673 -0.002471031 -0.001450540 0.999995947 10.793609619
0.999996543 0.001646207 0.002048511 0.205651432 -0.001649897 0.999997020 0.001800863 -0.332400948 -0.002045540 -0.001804236 0.999996305 11.151261330
0.999996901 0.001691264 0.001825433 0.218446046 -0.001694154 0.999997258 0.001582637 -0.340808988 -0.001822751 -0.001585724 0.999997020 11.530290604
0.999996960 0.001691487 0.001747389 0.227358952 -0.001693924 0.999997556 0.001394313 -0.347922504 -0.001745026 -0.001397269 0.999997437 11.910337448
0.999995351 0.002085517 0.002229570 0.228041500 -0.002089640 0.999996066 0.001848421 -0.365935206 -0.002225706 -0.001853071 0.999995828 12.300264359
0.999995708 0.001910148 0.002217673 0.239109784 -0.001915382 0.999995291 0.002360333 -0.380946279 -0.002213154 -0.002364570 0.999994874 12.686553955
0.999995589 0.001813307 0.002347496 0.242162570 -0.001818055 0.999996305 0.002021987 -0.387820810 -0.002343820 -0.002026246 0.999995172 13.082981110
0.999995530 0.001468142 0.002632843 0.253047943 -0.001472155 0.999997795 0.001523074 -0.399088830 -0.002630601 -0.001526943 0.999995351 13.475065231
0.999994397 0.001766009 0.002836865 0.260726333 -0.001772751 0.999995589 0.002375385 -0.414262950 -0.002832658 -0.002380401 0.999993145 13.897740364
0.999993384 0.002089608 0.002977139 0.265097827 -0.002096763 0.999994934 0.002402274 -0.424635231 -0.002972104 -0.002408500 0.999992669 14.311530113
0.999991357 0.002326563 0.003450800 0.271548092 -0.002332580 0.999995828 0.001740667 -0.434453428 -0.003446735 -0.001748701 0.999992490 14.731799126
0.999991357 0.002334389 0.003438862 0.292523175 -0.002341853 0.999994934 0.002168277 -0.450380594 -0.003433783 -0.002176311 0.999991715 15.158716202
0.999988794 0.002678611 0.003905863 0.295309454 -0.002688295 0.999993265 0.002476100 -0.463373780 -0.003899204 -0.002486573 0.999989271 15.599696159
0.999987960 0.002457838 0.004231754 0.306422949 -0.002468799 0.999993563 0.002587084 -0.475415587 -0.004225369 -0.002597500 0.999987721 16.042663574
0.999984264 0.002993501 0.004769600 0.312059999 -0.003005294 0.999992430 0.002467043 -0.485633641 -0.004762179 -0.002481338 0.999985516 16.484817505
0.999983132 0.003275388 0.004802883 0.323197186 -0.003284089 0.999993026 0.001804779 -0.495300412 -0.004796938 -0.001820522 0.999986827 16.930969238
0.999981105 0.002921584 0.005403604 0.332099944 -0.002933779 0.999993145 0.002250355 -0.510536969 -0.005396993 -0.002266166 0.999982834 17.386392593
0.999978006 0.003199700 0.005832956 0.342733055 -0.003214187 0.999991775 0.002476006 -0.525033593 -0.005824986 -0.002494700 0.999979913 17.845211029
0.999975979 0.003071895 0.006224151 0.357278198 -0.003085331 0.999992907 0.002150350 -0.535155416 -0.006217501 -0.002169501 0.999978304 18.311157227
0.999974668 0.003004574 0.006456490 0.374279559 -0.003018823 0.999993026 0.002198328 -0.544317544 -0.006449840 -0.002217763 0.999976754 18.784252167
0.999973178 0.003056144 0.006659718 0.381554991 -0.003075032 0.999991238 0.002827666 -0.567210495 -0.006651018 -0.002848070 0.999973834 19.261732101
0.999972880 0.003420745 0.006512962 0.400716960 -0.003436070 0.999991357 0.002343393 -0.578947365 -0.006504890 -0.002365708 0.999976039 19.737575531
0.999971390 0.004186627 0.006307826 0.406658232 -0.004203824 0.999987483 0.002715453 -0.592825294 -0.006296379 -0.002741892 0.999976456 20.229900360
0.999973655 0.003096659 0.006565689 0.425901532 -0.003113834 0.999991715 0.002607376 -0.609604657 -0.006557561 -0.002627751 0.999975026 20.695873260
0.999981046 0.002618867 0.005574139 0.440105796 -0.002636202 0.999991715 0.003104749 -0.626629889 -0.005565962 -0.003119385 0.999979615 21.203470230
0.999976099 0.003566497 0.005918014 0.445987284 -0.003584170 0.999989152 0.002978428 -0.639026463 -0.005907329 -0.002999568 0.999978065 21.689815521
0.999979734 0.003563856 0.005269888 0.460694343 -0.003581487 0.999988079 0.003340160 -0.655299246 -0.005257923 -0.003358967 0.999980569 22.205398560
0.999980569 0.003394549 0.005228359 0.469468534 -0.003410655 0.999989450 0.003074688 -0.665587008 -0.005217867 -0.003092460 0.999981582 22.712474823
0.999982238 0.003591654 0.004752451 0.471664160 -0.003606309 0.999988735 0.003078636 -0.683941364 -0.004741340 -0.003095720 0.999983966 23.235525131
0.999989331 0.002532646 0.003842024 0.492671043 -0.002546102 0.999990582 0.003501636 -0.703339577 -0.003833120 -0.003511381 0.999986410 23.741878510
0.999995053 0.000872127 0.003021743 0.505358040 -0.000882713 0.999993443 0.003503932 -0.721933067 -0.003018668 -0.003506582 0.999989271 24.269468307
0.999995530 0.001692079 0.002431978 0.513763368 -0.001700318 0.999992788 0.003389701 -0.736615181 -0.002426225 -0.003393822 0.999991298 24.799743652
0.999995589 0.001849020 0.002332072 0.514292896 -0.001857389 0.999991834 0.003591824 -0.756810844 -0.002325411 -0.003596139 0.999990821 25.346300125
0.999997795 0.001756950 0.001158169 0.534596026 -0.001761288 0.999991417 0.003755412 -0.769584596 -0.001151561 -0.003757444 0.999992192 25.887863159
0.999998331 0.001633416 0.000799233 0.544421196 -0.001636156 0.999992728 0.003439225 -0.785425246 -0.000793609 -0.003440526 0.999993742 26.445493698
0.999999642 0.000810808 0.000280732 0.558034778 -0.000811807 0.999993205 0.003576648 -0.791994750 -0.000277830 -0.003576874 0.999993503 27.004076004
0.999999285 0.001121111 -0.000246039 0.569632828 -0.001120038 0.999990046 0.004321044 -0.813066959 0.000250881 -0.004320765 0.999990642 27.547805786
0.999998569 0.001552497 -0.000610684 0.579440832 -0.001550159 0.999991536 0.003810130 -0.820372343 0.000616594 -0.003809179 0.999992609 28.109022141
0.999995649 0.002873722 -0.000573497 0.585810781 -0.002871000 0.999984860 0.004692618 -0.851874530 0.000586973 -0.004690952 0.999988794 28.644393921
0.999997139 0.001770783 -0.001609259 0.607367098 -0.001763362 0.999987841 0.004601975 -0.865499496 0.001617389 -0.004599124 0.999988139 29.198324203
0.999997139 0.001753972 -0.001634987 0.611328721 -0.001746066 0.999986887 0.004823962 -0.885133564 0.001643426 -0.004821094 0.999987066 29.740314484
0.999995828 0.001650871 -0.002358605 0.623721480 -0.001640437 0.999988854 0.004419046 -0.887609541 0.002365875 -0.004415157 0.999987483 30.282964706
0.999995768 0.001712396 -0.002350556 0.634730101 -0.001702795 0.999990225 0.004080515 -0.893665254 0.002357521 -0.004076496 0.999988854 30.846738815
0.999996305 0.001738464 -0.002057421 0.636514843 -0.001727101 0.999983311 0.005511902 -0.928605378 0.002066968 -0.005508329 0.999982715 31.360319138
0.999994099 0.002840278 -0.001947307 0.640500724 -0.002830372 0.999983191 0.005071195 -0.933321953 0.001961678 -0.005065653 0.999985278 31.915189743
0.999995053 0.001853967 -0.002534265 0.650921941 -0.001843299 0.999989450 0.004205566 -0.939469695 0.002542035 -0.004200874 0.999987900 32.494640350
0.999993861 0.001728027 -0.003043641 0.653488457 -0.001715086 0.999989450 0.004248767 -0.952609420 0.003050950 -0.004243521 0.999986291 33.035587311
0.999995351 0.001663809 -0.002552034 0.662774086 -0.001653257 0.999990106 0.004131278 -0.968663454 0.002558883 -0.004127041 0.999988198 33.588706970
0.999994040 0.001743594 -0.002963444 0.677954495 -0.001730204 0.999988317 0.004515285 -0.983432174 0.002971282 -0.004510131 0.999985337 34.131450653
0.999990284 0.001882016 -0.003987205 0.689392090 -0.001864760 0.999988854 0.004326986 -0.993141651 0.003995303 -0.004319509 0.999982715 34.659580231
0.999987423 0.001966676 -0.004608201 0.700245023 -0.001945574 0.999987602 0.004579088 -1.015270591 0.004617149 -0.004570064 0.999978900 35.179496765
0.999990046 0.002202905 -0.003914332 0.704984784 -0.002187605 0.999989986 0.003908590 -1.018675089 0.003922903 -0.003899988 0.999984682 35.728206635
0.999987662 0.002586851 -0.004244918 0.709580302 -0.002569340 0.999988198 0.004125420 -1.027883053 0.004255540 -0.004114462 0.999982417 36.277507782
0.999989331 0.001374780 -0.004398726 0.723312318 -0.001356971 0.999990880 0.004048951 -1.048992395 0.004404253 -0.004042939 0.999982119 36.847000122
0.999986947 0.001373362 -0.004913185 0.736259282 -0.001355440 0.999992371 0.003649307 -1.056560874 0.004918160 -0.003642600 0.999981284 37.397186279
0.999985993 0.001226072 -0.005138568 0.746852338 -0.001210553 0.999994636 0.003022164 -1.065964222 0.005142247 -0.003015901 0.999982238 37.952419281
0.999984205 0.001512941 -0.005397744 0.761861145 -0.001498068 0.999995053 0.002758371 -1.073819041 0.005401891 -0.002750242 0.999981642 38.493560791
0.999984503 0.001007195 -0.005477323 0.766466916 -0.000993921 0.999996543 0.002425508 -1.080492377 0.005479749 -0.002420026 0.999982059 39.048934937
0.999986291 0.001578915 -0.004979750 0.765255868 -0.001563098 0.999993742 0.003178374 -1.102953792 0.004984737 -0.003170548 0.999982536 39.578289032
0.999985576 0.001143048 -0.005253129 0.776075065 -0.001126529 0.999994338 0.003146413 -1.121825099 0.005256695 -0.003140450 0.999981165 40.123546600
0.999984682 0.000608439 -0.005517281 0.785429776 -0.000590783 0.999994636 0.003201296 -1.137634397 0.005519200 -0.003197988 0.999979615 40.671367645
0.999984205 0.000868662 -0.005541960 0.799883187 -0.000852253 0.999995172 0.002962595 -1.147734404 0.005544508 -0.002957825 0.999980271 41.233295441
0.999984622 0.001381852 -0.005378587 0.799700320 -0.001364355 0.999993682 0.003255520 -1.160344243 0.005383054 -0.003248131 0.999980271 41.777904510
0.999984086 0.001282357 -0.005480395 0.823189974 -0.001268094 0.999995768 0.002605131 -1.179826975 0.005483713 -0.002598140 0.999981582 42.335205078
0.999982774 0.001112799 -0.005773002 0.833169818 -0.001098120 0.999996185 0.002545282 -1.189879417 0.005775812 -0.002538899 0.999980152 42.889163971
0.999987602 0.001441497 -0.004776854 0.834384739 -0.001424989 0.999993026 0.003457513 -1.216961861 0.004781804 -0.003450663 0.999982655 43.381088257
0.999979556 0.001385611 -0.006238285 0.854892254 -0.001368504 0.999995291 0.002745597 -1.221862555 0.006242061 -0.002737004 0.999976754 43.945411682
0.999981165 0.001464795 -0.005954518 0.859860837 -0.001447302 0.999994636 0.002940900 -1.237091541 0.005958796 -0.002932226 0.999977946 44.487159729
0.999981105 0.001870277 -0.005859235 0.862670302 -0.001853194 0.999993980 0.002919448 -1.251754761 0.005864660 -0.002908535 0.999978602 45.027202606
0.999982655 0.002234341 -0.005444819 0.872963488 -0.002221378 0.999994636 0.002385569 -1.260836601 0.005450120 -0.002373433 0.999982357 45.586483002
0.999984920 0.002558216 -0.004849459 0.875617683 -0.002547911 0.999994457 0.002129911 -1.270645976 0.004854880 -0.002117523 0.999985993 46.135257721
0.999985754 0.001849355 -0.004996364 0.888250351 -0.001836714 0.999995112 0.002533671 -1.299671412 0.005001025 -0.002524458 0.999984324 46.672668457
0.999984503 0.002972928 -0.004697994 0.893252254 -0.002964837 0.999994040 0.001728179 -1.295632601 0.004703104 -0.001714223 0.999987423 47.241497040
0.999983609 0.002606360 -0.005093865 0.907588363 -0.002595481 0.999994338 0.002141251 -1.317812324 0.005099417 -0.002127995 0.999984741 47.785266876
0.999981284 0.003133544 -0.005247328 0.916520953 -0.003126990 0.999994397 0.001256556 -1.328374624 0.005251235 -0.001240124 0.999985516 48.328792572
0.999981225 0.002030972 -0.005772048 0.946219325 -0.002018974 0.999995708 0.002083727 -1.344727516 0.005776254 -0.002072035 0.999981165 48.868686676
0.999982417 0.002571713 -0.005343118 0.937721848 -0.002560352 0.999994457 0.002132042 -1.363488555 0.005348571 -0.002118324 0.999983370 49.412788391
0.999984682 0.002475012 -0.004955018 0.939795971 -0.002464366 0.999994576 0.002153541 -1.378489494 0.004960322 -0.002141296 0.999985397 49.958698273
0.999982476 0.002696611 -0.005281887 0.955933690 -0.002685447 0.999994159 0.002119510 -1.391081810 0.005287571 -0.002105288 0.999983788 50.488105774
0.999981582 0.003007016 -0.005291869 0.959876955 -0.002996518 0.999993622 0.001990504 -1.407072306 0.005297820 -0.001974610 0.999984026 51.014404297
0.999979615 0.002962276 -0.005654645 0.987627149 -0.002950103 0.999993324 0.002159949 -1.429460883 0.005661007 -0.002143224 0.999981642 51.595008850
0.999979138 0.002768198 -0.005828519 0.995484829 -0.002757239 0.999994338 0.001887555 -1.437926650 0.005833711 -0.001871445 0.999981165 52.121959686
0.999980211 0.003141376 -0.005454895 1.000936031 -0.003128190 0.999992132 0.002424192 -1.463450432 0.005462467 -0.002407080 0.999982178 52.669353485
0.999980390 0.003029816 -0.005467757 1.009938121 -0.003016072 0.999992251 0.002519998 -1.477984548 0.005475350 -0.002503457 0.999981880 53.210433960
0.999980152 0.003369685 -0.005324073 1.018368244 -0.003358596 0.999992132 0.002090016 -1.492002249 0.005331074 -0.002072093 0.999983668 53.744335175
0.999978960 0.003738999 -0.005303310 1.022682786 -0.003730647 0.999991715 0.001583956 -1.505053163 0.005309189 -0.001564138 0.999984682 54.284694672
0.999981344 0.003371739 -0.005097030 1.031187773 -0.003366594 0.999993801 0.001017838 -1.516634226 0.005100430 -0.001000660 0.999986470 54.833869934
0.999978900 0.003601384 -0.005401307 1.039951801 -0.003598989 0.999993443 0.000452902 -1.530236840 0.005402903 -0.000433453 0.999985278 55.382587433
0.999980390 0.003144153 -0.005419543 1.047602296 -0.003134772 0.999993563 0.001738253 -1.548691750 0.005424973 -0.001721230 0.999983728 55.864444733
0.999978840 0.003305262 -0.005608061 1.052950382 -0.003294228 0.999992549 0.001975534 -1.562884569 0.005614549 -0.001957017 0.999982238 56.395198822
0.999978304 0.003315288 -0.005676613 1.063598990 -0.003304698 0.999992907 0.001873970 -1.582919717 0.005682785 -0.001855170 0.999982059 56.912429810
0.999978542 0.003506701 -0.005559334 1.071133494 -0.003495880 0.999991894 0.001955157 -1.593987107 0.005566145 -0.001935680 0.999982655 57.433078766
0.999979198 0.003720839 -0.005266234 1.075753927 -0.003711232 0.999991417 0.001832907 -1.608587742 0.005273008 -0.001813324 0.999984443 57.955947876
0.999978900 0.003666298 -0.005388168 1.092502832 -0.003657231 0.999991894 0.001691654 -1.621394753 0.005394327 -0.001671912 0.999984026 58.467605591
0.999980152 0.003246742 -0.005398941 1.099581003 -0.003236664 0.999992967 0.001874485 -1.636211395 0.005404990 -0.001856974 0.999983609 58.972377777
0.999978781 0.003577493 -0.005452259 1.106569290 -0.003567392 0.999991894 0.001861260 -1.657183886 0.005458875 -0.001841770 0.999983430 59.519187927
0.999978542 0.003589388 -0.005478689 1.116862535 -0.003581628 0.999992549 0.001425455 -1.663241386 0.005483764 -0.001405801 0.999983966 60.008235931
0.999978304 0.003366413 -0.005659731 1.125152588 -0.003357971 0.999993384 0.001500564 -1.672950149 0.005664744 -0.001481527 0.999982834 60.533378601
0.999978602 0.003353917 -0.005603005 1.132119536 -0.003345728 0.999993324 0.001470516 -1.689626932 0.005607899 -0.001451738 0.999983191 61.039974213
0.999979794 0.003778043 -0.005099382 1.135666251 -0.003770222 0.999991715 0.001542498 -1.700742245 0.005105168 -0.001523241 0.999985754 61.553607941
0.999979675 0.003758982 -0.005136144 1.141120195 -0.003751037 0.999991775 0.001555626 -1.720974565 0.005141949 -0.001536329 0.999985576 62.045719147
0.999979794 0.004270291 -0.004698280 1.142548323 -0.004263174 0.999989688 0.001523719 -1.737208962 0.004704737 -0.001503659 0.999987781 62.551452637
0.999979258 0.004220781 -0.004864859 1.147054315 -0.004211641 0.999989331 0.001887567 -1.753614306 0.004872775 -0.001867038 0.999986410 63.065101624
0.999977708 0.004579202 -0.004854400 1.150017262 -0.004572900 0.999988616 0.001308703 -1.766511083 0.004860337 -0.001286475 0.999987304 63.584739685
0.999976933 0.004686176 -0.004898830 1.154379487 -0.004679041 0.999987960 0.001466908 -1.782582641 0.004905646 -0.001443952 0.999986947 64.087379456
0.999979019 0.004186360 -0.004938340 1.156257272 -0.004179755 0.999990344 0.001347247 -1.795197606 0.004943934 -0.001326577 0.999986887 64.590293884
0.999979734 0.004123471 -0.004844446 1.160058260 -0.004118023 0.999990821 0.001133941 -1.810286760 0.004849078 -0.001113969 0.999987602 65.090492249
0.999980867 0.003907612 -0.004783463 1.167806029 -0.003901889 0.999991655 0.001204960 -1.825312734 0.004788131 -0.001186272 0.999987841 65.629127502
0.999979734 0.004202553 -0.004782869 1.173073292 -0.004197803 0.999990702 0.001002738 -1.837008715 0.004787039 -0.000982640 0.999988019 66.100173950
0.999978542 0.004553231 -0.004691849 1.173685551 -0.004547369 0.999988794 0.001259230 -1.859447718 0.004697529 -0.001237868 0.999988198 66.576599121
0.999978721 0.003494825 -0.005499923 1.194890022 -0.003489791 0.999993503 0.000924872 -1.862913728 0.005503118 -0.000905659 0.999984443 67.136108398
0.999978006 0.003512855 -0.005629505 1.202565193 -0.003507836 0.999993384 0.000901433 -1.883914351 0.005632635 -0.000881666 0.999983728 67.639617920
0.999977291 0.003630272 -0.005671004 1.204549193 -0.003625260 0.999992967 0.000894074 -1.898869872 0.005674210 -0.000873495 0.999983549 68.147499084
0.999977171 0.003703808 -0.005655248 1.195295095 -0.003698591 0.999992728 0.000932613 -1.912084579 0.005658662 -0.000911675 0.999983549 68.649009705
0.999978483 0.003768720 -0.005358865 1.190738559 -0.003766110 0.999992788 0.000496773 -1.924819469 0.005360698 -0.000476580 0.999985456 69.153701782
0.999978900 0.004306267 -0.004866241 1.178082466 -0.004300759 0.999990106 0.001141670 -1.952407718 0.004871109 -0.001120717 0.999987483 69.643943787
0.999978721 0.004584110 -0.004645043 1.183690429 -0.004577843 0.999988556 0.001358640 -1.969468713 0.004651219 -0.001337347 0.999988258 70.195411682
0.999978125 0.004969750 -0.004351717 1.148205042 -0.004963357 0.999986589 0.001478615 -2.001940727 0.004359006 -0.001456984 0.999989450 70.640716553
0.999977291 0.005511160 -0.003884473 1.134147763 -0.005505794 0.999983847 0.001390784 -2.018956423 0.003892075 -0.001369365 0.999991477 71.139450073
0.999976456 0.005797911 -0.003678160 1.115868688 -0.005794244 0.999982715 0.001006930 -2.035379171 0.003683934 -0.000985594 0.999992728 71.651580811
0.999971569 0.006639263 -0.003576131 1.102876186 -0.006635013 0.999977231 0.001199067 -2.057699442 0.003584010 -0.001175305 0.999992907 72.141464233
0.999966741 0.007930418 -0.001893485 1.028754830 -0.007924602 0.999963939 0.003059129 -2.131349087 0.001917677 -0.003044022 0.999993443 72.594032288
0.999966264 0.008117997 -0.001273770 1.006247997 -0.008114225 0.999962747 0.002939098 -2.157658339 0.001297582 -0.002928663 0.999994874 73.103294373
0.999959826 0.008957326 -0.000246862 0.946238279 -0.008956023 0.999948144 0.004849269 -2.244071007 0.000290286 -0.004846863 0.999988139 73.469268799
0.999957800 0.009178397 0.000336518 0.950188160 -0.009179300 0.999953985 0.002781467 -2.194163799 -0.000310974 -0.002784439 0.999996066 74.394065857
0.999954998 0.009482263 0.000081271 0.947507977 -0.009482451 0.999951184 0.002755705 -2.228617668 -0.000055136 -0.002756351 0.999996185 74.957244873
0.999954760 0.009502791 0.000400303 0.926413774 -0.009504005 0.999949872 0.003152973 -2.279166460 -0.000370320 -0.003156635 0.999994934 75.492073059
0.999951184 0.009845287 0.000756974 0.909011185 -0.009848021 0.999944627 0.003695185 -2.329457283 -0.000720552 -0.003702460 0.999992847 76.056396484
0.999946356 0.010243841 0.001548499 0.885505140 -0.010250127 0.999939024 0.004109385 -2.379261255 -0.001506309 -0.004125037 0.999990344 76.594696045
0.999943614 0.010431968 0.001994854 0.851481199 -0.010443676 0.999927759 0.005950491 -2.466651440 -0.001932635 -0.005970990 0.999980271 77.020095825
0.999931335 0.011434848 0.002573136 0.835685432 -0.011450228 0.999916196 0.006044049 -2.488418818 -0.002503807 -0.006073097 0.999978423 77.723365784
0.999923110 0.012002056 0.003104627 0.827977121 -0.012020080 0.999910593 0.005853952 -2.505620718 -0.003034089 -0.005890820 0.999978065 78.269332886
0.999923766 0.011957518 0.003053449 0.831414998 -0.011975514 0.999910593 0.005945185 -2.517996788 -0.002982085 -0.005981298 0.999977648 78.835983276
0.999912024 0.012848278 0.003298424 0.838911772 -0.012866666 0.999901474 0.005616020 -2.526785374 -0.003225942 -0.005657966 0.999978781 79.363555908
0.999908626 0.012834680 0.004234371 0.842009306 -0.012857448 0.999902725 0.005394449 -2.535457134 -0.004164723 -0.005448399 0.999976397 79.850334167
0.999914408 0.012318785 0.004439819 0.902766943 -0.012347975 0.999901950 0.006607770 -2.602224588 -0.004357984 -0.006662027 0.999968290 80.169136047
0.999906242 0.012238912 0.006163623 0.882830739 -0.012271819 0.999910414 0.005329437 -2.555458307 -0.006097846 -0.005404575 0.999966800 80.977691650
0.999903202 0.011930208 0.007159940 0.901718736 -0.011961529 0.999918997 0.004347780 -2.520174265 -0.007107489 -0.004433003 0.999964893 81.529312134
0.999867499 0.012554105 0.010365169 0.944248140 -0.012598041 0.999911904 0.004184492 -2.543522120 -0.010311724 -0.004314518 0.999937534 82.060920715
0.999841869 0.011348597 0.013689002 0.970976651 -0.011410656 0.999924958 0.004463926 -2.554786205 -0.013637315 -0.004619421 0.999896348 82.618576050
0.999799132 0.010957734 0.016781006 0.993155956 -0.011026451 0.999931097 0.004007856 -2.556196928 -0.016735936 -0.004192086 0.999851167 83.136207581
0.999719262 0.011094638 0.020936074 1.030835152 -0.011182449 0.999929070 0.004081819 -2.563778877 -0.020889305 -0.004314789 0.999772489 83.761177063
0.999563456 0.011757605 0.027104717 1.079053164 -0.011857599 0.999923468 0.003531391 -2.568603754 -0.027061125 -0.003851246 0.999626338 84.391059875
0.999341249 0.011503068 0.034420744 1.116478443 -0.011537972 0.999933064 0.000815597 -2.529406548 -0.034409057 -0.001212205 0.999407113 85.411392212
0.999135673 0.011028160 0.040079225 1.079898596 -0.011148428 0.999934137 0.002778512 -2.571320534 -0.040045943 -0.003222931 0.999192655 85.511932373
0.998726904 0.012827232 0.048785914 1.196141243 -0.012897119 0.999916136 0.001118003 -2.527695894 -0.048767481 -0.001745778 0.998808563 86.379829407
0.998376131 0.010779594 0.055935398 1.259124756 -0.010859403 0.999940395 0.001123066 -2.547884703 -0.055919956 -0.001728667 0.998433769 86.838966370
0.997975469 0.010363642 0.062749952 1.311159611 -0.010477500 0.999943972 0.001485676 -2.561339617 -0.062731035 -0.002140130 0.998028278 87.334182739
0.997353613 0.012270433 0.071660370 1.394917965 -0.012340999 0.999923706 0.000542050 -2.552267075 -0.071648240 -0.001424976 0.997428954 87.915229797
0.996609330 0.011184706 0.081516758 1.437496662 -0.011295755 0.999935746 0.000901209 -2.554538012 -0.081501432 -0.001818947 0.996671498 88.332847595
0.995935678 0.009341632 0.089581326 1.524862766 -0.009404746 0.999955654 0.000282460 -2.545372009 -0.089574717 -0.001123801 0.995979488 88.878005981
0.995209932 0.009291434 0.097318590 1.594743729 -0.009332562 0.999956429 -0.000032559 -2.559610605 -0.097314671 -0.000875829 0.995253265 89.410537720
0.994213939 0.009383915 0.107007615 1.692207813 -0.009502082 0.999954700 0.000594468 -2.588080168 -0.106997184 -0.001607823 0.994258046 89.913581848
0.993117273 0.008428511 0.116820626 1.821936607 -0.008474210 0.999964058 -0.000105480 -2.588131189 -0.116817318 -0.000885209 0.993153036 90.502906799
0.991993964 0.007939339 0.126035139 1.921034813 -0.007875589 0.999968469 -0.001004088 -2.580586195 -0.126039132 0.000003449 0.992025197 91.050872803
0.990459502 0.008388123 0.137549326 2.019356728 -0.008392013 0.999964654 -0.000551656 -2.601698399 -0.137549117 -0.000607923 0.990494728 91.598876953
0.988628864 0.008192530 0.150152937 2.115819931 -0.008143216 0.999966323 -0.000943269 -2.615918636 -0.150155589 -0.000290184 0.988662362 92.117958069
0.986921310 0.007719112 0.161017999 2.223851204 -0.007605706 0.999970198 -0.001320643 -2.627051830 -0.161023378 0.000078715 0.986950696 92.666946411
0.985073328 0.008389717 0.171930641 2.341856956 -0.008292827 0.999964774 -0.001281788 -2.652141571 -0.171935350 -0.000163135 0.985108137 93.220336914
0.982850492 0.008473453 0.184209421 2.462869644 -0.008467020 0.999963760 -0.000821523 -2.672909737 -0.184209734 -0.000752270 0.982886612 93.753601074
0.980488300 0.007745039 0.196424782 2.624223709 -0.007652169 0.999969900 -0.001231738 -2.684013844 -0.196428448 -0.000295371 0.980518043 94.357841492
0.978277266 0.007643584 0.207159713 2.751134872 -0.007535179 0.999970734 -0.001312344 -2.698544741 -0.207163692 -0.000277149 0.978306234 94.888717651
0.975448132 0.007161411 0.220112905 2.895723343 -0.006963148 0.999974310 -0.001676573 -2.714202642 -0.220119268 0.000102731 0.975472927 95.419120789
0.972400546 0.006801496 0.233218476 3.085359573 -0.006718884 0.999976754 -0.001148674 -2.740271568 -0.233220831 -0.000449996 0.972423613 96.008834839
0.969681680 0.007393799 0.244259641 3.237136841 -0.007422997 0.999972165 -0.000800982 -2.756285429 -0.244258702 -0.001036441 0.969709516 96.534790039
0.966866732 0.006569396 0.255197018 3.426942825 -0.006306256 0.999978423 -0.001849341 -2.768807411 -0.255203664 0.000178729 0.966887295 97.110351562
0.963097274 0.006818728 0.269066900 3.599494934 -0.006679855 0.999976635 -0.001431683 -2.783427954 -0.269070357 -0.000418477 0.963120401 97.642189026
0.959587932 0.006093206 0.281343013 3.783061981 -0.005759221 0.999981403 -0.002013961 -2.796945095 -0.281350046 0.000312256 0.959605157 98.203636169
0.956193089 0.006093035 0.292673349 3.980926514 -0.005988096 0.999981284 -0.001254448 -2.827514887 -0.292675525 -0.000553062 0.956211686 98.725540161
0.951808929 0.005947661 0.306633711 4.184345245 -0.005750948 0.999982238 -0.001545015 -2.844438553 -0.306637406 -0.000292874 0.951826334 99.252723694
0.947260857 0.004654916 0.320429832 4.402233124 -0.004396847 0.999989092 -0.001528905 -2.861410141 -0.320433408 0.000039392 0.947271049 99.800666809
0.943266690 0.004548276 0.332005203 4.609037399 -0.004075124 0.999989450 -0.002121355 -2.872779369 -0.332011312 0.000648042 0.943275154 100.319503784
0.938620090 0.005115333 0.344914764 4.818477631 -0.004991707 0.999986768 -0.001246542 -2.908273697 -0.344916523 -0.000551684 0.938633084 100.786483765
0.933530629 0.002303436 0.358490199 5.119321823 -0.001352962 0.999994874 -0.002902154 -2.893993378 -0.358495027 0.002224226 0.933528960 101.464538574
0.928819180 0.001428720 0.370530397 5.350650787 -0.000273465 0.999994993 -0.003170358 -2.909792662 -0.370533019 0.002843363 0.928814948 101.966865540
0.923742294 0.002133411 0.383008599 5.556617737 -0.001183983 0.999995589 -0.002714575 -2.923906326 -0.383012772 0.002054091 0.923740745 102.447341919
0.917802095 0.002076006 0.397032589 5.796318054 -0.001229701 0.999996424 -0.002386140 -2.941206932 -0.397036135 0.001701773 0.917801380 102.945495605
0.912082434 0.002317036 0.410000265 6.034931183 -0.001534615 0.999996245 -0.002237392 -2.965924025 -0.410004020 0.001411494 0.912082613 103.402938843
0.907257974 0.001311385 0.420572490 6.280059814 -0.000328228 0.999997020 -0.002410033 -2.979469538 -0.420574427 0.002048478 0.907255650 103.883377075
0.901176155 0.001675486 0.433449864 6.532646179 -0.000598319 0.999996364 -0.002621499 -2.996590376 -0.433452696 0.002103091 0.901173890 104.366050720
0.894589484 0.001639044 0.446886033 6.790428162 -0.000620816 0.999996841 -0.002424921 -3.013236046 -0.446888596 0.001891874 0.894587696 104.843490601
0.888836980 0.000652365 0.458223104 7.062656403 0.000672250 0.999996006 -0.002727673 -3.031710386 -0.458223075 0.002732497 0.888833046 105.301681519
0.883115888 0.000177177 0.469155103 7.334850311 0.001067109 0.999996543 -0.002386326 -3.050233603 -0.469153911 0.002608042 0.883112609 105.762039185
0.875472665 -0.000157611 0.483267665 7.631034851 0.001404660 0.999996543 -0.002218502 -3.066343784 -0.483265579 0.002621065 0.875469863 106.248168945
