1.000000000 0.000000000 0.000000000 0.000000000 0.000000000 1.000000000 0.000000000 0.000000000 0.000000000 0.000000000 1.000000000 0.000000000
1.000000000 -0.000062286 -0.000206403 0.004837826 0.000062318 1.000000000 0.000155212 -0.003738867 0.000206393 -0.000155225 0.999999940 -0.003891994
1.000000000 0.000038423 0.000004701 0.000810261 -0.000038424 1.000000000 0.000072093 -0.002749636 -0.000004698 -0.000072094 1.000000000 -0.003182172
1.000000000 -0.000108780 -0.000149467 0.006435800 0.000108807 1.000000000 0.000186991 -0.003015143 0.000149447 -0.000187008 1.000000000 -0.004516779
1.000000000 -0.000038529 -0.000054444 0.000913417 0.000038532 1.000000000 0.000047904 -0.000504394 0.000054442 -0.000047906 1.000000000 0.000112402
1.000000000 -0.000028409 0.000060876 -0.000663830 0.000028408 1.000000000 0.000014174 -0.001682102 -0.000060876 -0.000014172 1.000000000 -0.001524317
1.000000000 -0.000084447 -0.000135386 0.004902526 0.000084471 1.000000000 0.000182676 -0.003289435 0.000135370 -0.000182688 1.000000000 -0.007176412
1.000000000 -0.000118891 -0.000066633 -0.000489225 0.000118894 1.000000000 0.000043696 0.000317206 0.000066628 -0.000043704 1.000000000 0.000376221
1.000000000 0.000006931 -0.000086712 0.002569005 -0.000006923 1.000000000 0.000090592 -0.003422112 0.000086713 -0.000090591 1.000000000 -0.009056606
1.000000000 0.000026112 0.000037027 0.000638875 -0.000026116 1.000000000 0.000103981 -0.002695931 -0.000037024 -0.000103982 1.000000000 -0.005618746
1.000000000 0.000117693 0.000088770 -0.001166364 -0.000117698 1.000000000 0.000047535 -0.000961860 -0.000088764 -0.000047545 1.000000000 -0.005088313
1.000000000 -0.000107196 -0.000024503 -0.000481399 0.000107199 1.000000000 0.000090557 -0.003843290 0.000024493 -0.000090560 1.000000000 -0.008589499
1.000000000 -0.000066453 -0.000006934 0.000308814 0.000066454 1.000000000 0.000061655 -0.001842903 0.000006930 -0.000061655 1.000000000 -0.006265233
1.000000000 -0.000062338 -0.000017125 0.000550870 0.000062340 1.000000000 0.000090213 -0.001797779 0.000017120 -0.000090214 1.000000000 -0.005917285
1.000000000 -0.000227333 -0.000082083 0.001116229 0.000227348 0.999999940 0.000188373 -0.002296011 0.000082041 -0.000188391 1.000000000 -0.008360668
0.999999940 -0.000252410 -0.000120355 -0.000747154 0.000252425 0.999999940 0.000126732 -0.002714009 0.000120323 -0.000126762 1.000000000 -0.009397870
1.000000000 -0.000167114 0.000024348 0.000029075 0.000167112 1.000000000 0.000052104 -0.001146388 -0.000024357 -0.000052100 1.000000000 -0.007991597
1.000000000 0.000054857 0.000002706 0.001987454 -0.000054857 1.000000000 0.000184390 -0.003559031 -0.000002696 -0.000184390 1.000000000 -0.011532687
1.000000000 -0.000229972 -0.000072834 0.001904152 0.000229982 0.999999940 0.000149079 -0.004760750 0.000072800 -0.000149096 1.000000000 -0.010222834
1.000000000 -0.000217960 -0.000046881 0.002368770 0.000217966 0.999999940 0.000127380 -0.005382215 0.000046853 -0.000127391 1.000000000 -0.012280652
1.000000000 -0.000056831 -0.000033133 0.002934726 0.000056839 0.999999940 0.000243144 -0.005752766 0.000033119 -0.000243146 0.999999940 -0.014018885
1.000000000 0.000027952 0.000049776 -0.000586033 -0.000027957 1.000000000 0.000113003 -0.001096656 -0.000049773 -0.000113005 1.000000000 -0.006708833
0.999999940 -0.000214294 -0.000155416 0.004672068 0.000214320 0.999999940 0.000166604 -0.003491280 0.000155380 -0.000166637 1.000000000 -0.012878138
1.000000000 -0.000204258 -0.000098876 0.003063758 0.000204284 0.999999940 0.000263015 -0.004579582 0.000098822 -0.000263035 0.999999940 -0.010417758
1.000000000 -0.000073344 -0.000135368 0.006006181 0.000073371 1.000000000 0.000201855 -0.003436672 0.000135353 -0.000201865 1.000000000 -0.015837668
1.000000000 -0.000082800 -0.000044836 0.000856474 0.000082809 1.000000000 0.000204108 -0.003214263 0.000044819 -0.000204111 1.000000000 -0.013727262
1.000000000 -0.000084324 -0.000014578 -0.001579838 0.000084327 1.000000000 0.000205216 -0.004851462 0.000014561 -0.000205217 1.000000000 -0.015341592
1.000000000 -0.000077641 -0.000002275 -0.001207114 0.000077642 1.000000000 0.000193439 -0.003252343 0.000002260 -0.000193439 1.000000000 -0.009570652
0.999999940 -0.000249232 -0.000152691 -0.000150798 0.000249253 0.999999940 0.000135266 0.000308320 0.000152657 -0.000135304 1.000000000 -0.007397085
1.000000000 -0.000131016 -0.000108543 0.001751452 0.000131037 1.000000000 0.000201235 -0.002468585 0.000108516 -0.000201249 1.000000000 -0.009577334
1.000000000 -0.000134259 0.000025546 -0.001222796 0.000134256 1.000000000 0.000124221 -0.001634893 -0.000025562 -0.000124217 1.000000000 -0.003126172
0.999999940 -0.000239131 -0.000092406 -0.001632522 0.000239152 0.999999940 0.000229378 -0.002688101 0.000092351 -0.000229400 0.999999940 -0.009459279
0.999999940 -0.000190065 -0.000154061 0.002214764 0.000190105 0.999999940 0.000260947 -0.003606103 0.000154011 -0.000260976 0.999999940 -0.014222805
1.000000000 0.000012516 -0.000061181 -0.000578788 -0.000012510 1.000000000 0.000095887 -0.001039258 0.000061182 -0.000095886 1.000000000 -0.005900389
1.000000000 -0.000085677 -0.000051675 -0.001252371 0.000085682 1.000000000 0.000089007 -0.000783454 0.000051668 -0.000089011 1.000000000 -0.006909493
1.000000000 -0.000175322 -0.000048583 -0.001952407 0.000175322 1.000000000 -0.000004482 0.000362661 0.000048584 0.000004474 1.000000000 -0.010684160
0.999999940 -0.000271216 -0.000213750 0.003710382 0.000271231 0.999999940 0.000070299 -0.001118092 0.000213731 -0.000070357 1.000000000 -0.009920585
1.000000000 -0.000211494 -0.000042237 0.000722843 0.000211496 1.000000000 0.000039669 0.000179759 0.000042228 -0.000039678 1.000000000 -0.008426415
1.000000000 -0.000090492 -0.000115982 0.002365028 0.000090533 0.999999940 0.000348863 -0.003514592 0.000115951 -0.000348873 0.999999940 -0.018571958
0.999999940 -0.000247325 -0.000236596 0.004807032 0.000247367 0.999999940 0.000178167 -0.005792149 0.000236552 -0.000178226 0.999999940 -0.006393432
1.000000000 -0.000053146 -0.000178329 0.008524617 0.000053071 0.999999881 -0.000423817 -0.008908476 0.000178352 0.000423807 0.999999881 0.041571707
1.000000000 -0.000035484 -0.000187150 0.008119635 0.000035238 0.999999106 -0.001318158 -0.003205186 0.000187197 0.001318151 0.999999106 0.144095883
1.000000000 -0.000066338 -0.000063040 0.004859562 0.000066248 0.999998987 -0.001424521 -0.010132293 0.000063135 0.001424517 0.999998987 0.263974011
0.999999940 -0.000319290 0.000199423 0.001685926 0.000319532 0.999999225 -0.001214430 -0.016546678 -0.000199035 0.001214494 0.999999225 0.384416163
1.000000000 0.000154218 -0.000009805 0.005958136 -0.000154229 0.999999344 -0.001140043 -0.021649988 0.000009629 0.001140044 0.999999344 0.534507513
1.000000000 0.000129734 0.000038816 0.017301103 -0.000129689 0.999999285 -0.001166109 -0.026218925 -0.000038968 0.001166104 0.999999344 0.681181848
1.000000000 0.000056445 0.000169114 0.031481139 -0.000056325 0.999999762 -0.000709406 -0.039364483 -0.000169154 0.000709396 0.999999762 0.857248485
1.000000000 -0.000065671 0.000160473 0.022728939 0.000065761 0.999999821 -0.000560956 -0.038758818 -0.000160436 0.000560967 0.999999821 1.022806406
0.999999821 0.000211567 0.000555874 0.013373709 -0.000211177 0.999999702 -0.000702605 -0.038527478 -0.000556023 0.000702488 0.999999583 1.200525045
0.999999940 -0.000064310 0.000236774 0.034969356 0.000064405 0.999999940 -0.000399589 -0.052010924 -0.000236749 0.000399604 0.999999881 1.419891834
0.999999940 0.000231373 0.000347151 0.028674273 -0.000231138 0.999999762 -0.000678324 -0.055264737 -0.000347308 0.000678243 0.999999702 1.623584390
0.999999821 0.000315552 0.000556042 0.042692833 -0.000315436 0.999999940 -0.000209842 -0.069333233 -0.000556108 0.000209667 0.999999821 1.819666862
0.999991596 0.001557836 0.003784754 -0.014652334 -0.001558246 0.999998748 0.000105374 -0.057005670 -0.003784586 -0.000111271 0.999992847 1.835785866
0.999988794 0.001968183 0.004284934 -0.010485131 -0.001967829 0.999998033 -0.000086858 -0.062769689 -0.004285096 0.000078425 0.999990880 2.059922934
0.999987185 0.002554484 0.004359913 -0.011688331 -0.002554091 0.999996781 -0.000095792 -0.063505583 -0.004360144 0.000084655 0.999990523 2.270519495
0.999994159 0.001069067 0.003244190 0.010794949 -0.001070668 0.999999285 0.000491844 -0.079681158 -0.003243662 -0.000495314 0.999994636 2.552680731
0.999992609 0.001375735 0.003578325 0.012719481 -0.001378691 0.999998629 0.000823662 -0.085754454 -0.003577187 -0.000828589 0.999993265 2.788812637
0.999992788 0.001408966 0.003524329 0.024680905 -0.001411557 0.999998689 0.000732894 -0.091598801 -0.003523292 -0.000737863 0.999993563 3.018620491
0.999992967 0.001115272 0.003592829 0.021375155 -0.001117418 0.999999166 0.000595427 -0.093730718 -0.003592162 -0.000599437 0.999993384 3.281837702
0.999996483 0.000235880 0.002651942 0.051717851 -0.000238411 0.999999523 0.000953973 -0.112043031 -0.002651716 -0.000954602 0.999996006 3.532226562
0.999996364 0.000641529 0.002628819 0.052697476 -0.000644231 0.999999225 0.001027213 -0.118102744 -0.002628158 -0.001028903 0.999996006 3.780646563
0.999997735 -0.000135594 0.002148861 0.073473290 0.000133314 0.999999344 0.001060880 -0.125464603 -0.002149004 -0.001060592 0.999997139 4.053032398
0.999995887 0.000884996 0.002732564 0.065437034 -0.000888482 0.999998689 0.001274699 -0.130880296 -0.002731432 -0.001277121 0.999995410 4.314791203
0.999998212 -0.000921461 0.001637752 0.088314109 0.000919206 0.999998748 0.001376918 -0.148486331 -0.001639018 -0.001375410 0.999997735 4.624943256
0.999997616 -0.000959555 0.001922005 0.093863428 0.000956388 0.999998152 0.001648274 -0.157655418 -0.001923584 -0.001646432 0.999996841 4.886570454
0.999997318 -0.000687937 0.002219551 0.094997719 0.000685050 0.999998987 0.001301438 -0.160234764 -0.002220443 -0.001299914 0.999996781 5.153640270
0.999997318 -0.000813302 0.002130456 0.092050306 0.000809897 0.999998331 0.001599068 -0.171525866 -0.002131754 -0.001597339 0.999996424 5.434919357
0.999996662 -0.000318276 0.002531043 0.105346173 0.000314510 0.999998868 0.001488085 -0.186204627 -0.002531514 -0.001487284 0.999995649 5.734471798
0.999996185 -0.000169691 0.002750512 0.112021089 0.000165530 0.999998868 0.001513029 -0.196887299 -0.002750765 -0.001512568 0.999995053 6.003986835
0.999995291 0.000011879 0.003044617 0.111334875 -0.000016107 0.999999046 0.001388567 -0.203533962 -0.003044597 -0.001388609 0.999994457 6.290143967
0.999994338 0.000076514 0.003356712 0.109793976 -0.000080762 0.999999225 0.001265511 -0.207631350 -0.003356613 -0.001265774 0.999993563 6.578373432
0.999995828 -0.000529662 0.002842334 0.129933834 0.000525218 0.999998689 0.001564124 -0.225562289 -0.002843159 -0.001562625 0.999994755 6.858056545
0.999994457 -0.000401561 0.003297969 0.143740326 0.000395842 0.999998510 0.001734623 -0.230499938 -0.003298661 -0.001733308 0.999993026 7.155434608
0.999996483 -0.000776568 0.002540055 0.164021507 0.000771036 0.999997437 0.002178170 -0.263897985 -0.002541740 -0.002176204 0.999994397 7.641549110
0.999996126 -0.000520294 0.002723268 0.171965316 0.000514417 0.999997556 0.002158365 -0.272569120 -0.002724384 -0.002156956 0.999993920 7.952004433
0.999997139 -0.000968650 0.002232941 0.194116890 0.000962335 0.999995530 0.002827497 -0.291610003 -0.002235670 -0.002825340 0.999993443 8.277379036
0.999996543 -0.000973812 0.002445034 0.184038699 0.000968526 0.999997199 0.002162465 -0.284488767 -0.002447133 -0.002160090 0.999994695 8.592474937
0.999995589 -0.001086877 0.002779741 0.185535297 0.001079816 0.999996245 0.002540410 -0.293427438 -0.002782491 -0.002537397 0.999992907 8.913767815
0.999995828 -0.001070267 0.002673707 0.170211419 0.001062594 0.999995291 0.002869485 -0.313526571 -0.002676766 -0.002866632 0.999992251 9.232620239
0.999995649 -0.000885710 0.002786697 0.191021577 0.000878303 0.999996066 0.002658090 -0.324326962 -0.002789040 -0.002655632 0.999992549 9.753157616
0.999995291 -0.001549833 0.002645935 0.206406653 0.001543339 0.999995768 0.002454283 -0.329124361 -0.002649728 -0.002450188 0.999993503 10.097454071
0.999996185 -0.001644678 0.002214188 0.223332942 0.001638555 0.999994814 0.002764176 -0.339135081 -0.002218723 -0.002760537 0.999993742 10.449071884
0.999995172 -0.001347861 0.002795870 0.219233245 0.001340088 0.999995232 0.002780037 -0.349733591 -0.002799604 -0.002776277 0.999992251 10.804864883
0.999996066 -0.001092159 0.002577346 0.231537402 0.001084004 0.999994338 0.003163480 -0.361181915 -0.002580787 -0.003160673 0.999991715 11.188070297
0.999995649 -0.001701794 0.002390335 0.264469892 0.001694221 0.999993503 0.003166875 -0.362164706 -0.002395709 -0.003162812 0.999992192 11.552542686
0.999995828 -0.000710686 0.002791694 0.273819745 0.000700785 0.999993443 0.003545735 -0.418715686 -0.002794196 -0.003543765 0.999989808 12.066514969
0.999996066 -0.001255948 0.002489609 0.285167158 0.001247933 0.999993980 0.003218183 -0.421977401 -0.002493636 -0.003215063 0.999991715 12.450476646
0.999995589 -0.000757605 0.002861337 0.289866984 0.000746945 0.999992728 0.003724851 -0.434369177 -0.002864138 -0.003722697 0.999988914 12.823960304
0.999993682 0.000098073 0.003550027 0.289376140 -0.000112230 0.999992073 0.003987784 -0.445804179 -0.003549608 -0.003988157 0.999985695 13.192841530
0.999994934 -0.001311615 0.002903449 0.314476371 0.001300048 0.999991179 0.003982457 -0.450145632 -0.002908647 -0.003978662 0.999987841 13.604241371
0.999995410 -0.001645955 0.002557608 0.338905156 0.001636513 0.999991775 0.003689541 -0.460176408 -0.002563660 -0.003685339 0.999989867 13.992549896
0.999994576 -0.000733812 0.003219920 0.342488170 0.000720535 0.999991179 0.004122851 -0.505975962 -0.003222918 -0.004120510 0.999986291 14.674401283
0.999994457 -0.000530912 0.003291398 0.351757824 0.000517140 0.999991119 0.004183755 -0.512005985 -0.003293590 -0.004182031 0.999985814 15.093460083
0.999994278 -0.001375827 0.003070011 0.369406372 0.001361568 0.999988258 0.004641839 -0.534583688 -0.003076361 -0.004637633 0.999984503 15.521966934
0.999992073 -0.002149692 0.003343515 0.371674538 0.002133787 0.999986351 0.004753208 -0.540487409 -0.003353687 -0.004746037 0.999983132 15.923806190
0.999991834 -0.001879223 0.003597051 0.390689135 0.001860999 0.999985397 0.005063091 -0.554384291 -0.003606513 -0.005056356 0.999980688 16.361061096
0.999991000 -0.003162271 0.002815305 0.408016592 0.003148418 0.999983013 0.004911344 -0.587595522 -0.002830789 -0.004902436 0.999983907 16.792144775
0.999991357 -0.003015360 0.002872343 0.424360186 0.003000986 0.999983072 0.004995499 -0.599830627 -0.002887358 -0.004986836 0.999983370 17.234504700
0.999989152 -0.003212464 0.003359606 0.430455506 0.003194946 0.999981344 0.005206704 -0.608970404 -0.003376270 -0.005195913 0.999980807 17.690551758
0.999988496 -0.002260070 0.004235613 0.429325312 0.002239956 0.999986291 0.004747527 -0.618319690 -0.004246284 -0.004737984 0.999979734 18.158096313
0.999990225 -0.001861931 0.004003619 0.435909390 0.001842191 0.999986291 0.004928424 -0.635997593 -0.004012740 -0.004921000 0.999979854 18.609758377
0.999988854 -0.002146777 0.004194025 0.446765900 0.002126157 0.999985695 0.004914875 -0.644918978 -0.004204515 -0.004905904 0.999979138 19.079746246
0.999986529 -0.002413074 0.004581914 0.463359982 0.002391426 0.999985993 0.004724219 -0.652705193 -0.004593249 -0.004713198 0.999978364 19.551517487
0.999987721 -0.002009429 0.004524793 0.483465046 0.001983774 0.999981999 0.005667373 -0.678777933 -0.004536099 -0.005658327 0.999973774 20.043457031
0.999984205 -0.001062935 0.005502295 0.489906222 0.001031625 0.999983311 0.005690134 -0.686624229 -0.005508251 -0.005684369 0.999968648 20.509399414
0.999987960 -0.002602705 0.004163443 0.507284641 0.002578424 0.999979675 0.005826860 -0.723604321 -0.004178524 -0.005816055 0.999974310 20.995191574
0.999987483 -0.002016063 0.004593368 0.510675490 0.001990982 0.999983072 0.005458390 -0.732416391 -0.004604295 -0.005449176 0.999974549 21.486610413
0.999986947 -0.003115921 0.004046333 0.521107078 0.003091059 0.999976397 0.006136094 -0.754930794 -0.004065357 -0.006123507 0.999973059 22.007144928
0.999989569 -0.002619097 0.003728797 0.537812114 0.002596012 0.999977469 0.006182411 -0.776101172 -0.003744905 -0.006172667 0.999974012 22.530483246
0.999990404 -0.002967541 0.003222321 0.534199595 0.002946539 0.999974430 0.006503172 -0.800689280 -0.003241538 -0.006493614 0.999973655 22.997747421
0.999991298 -0.002992267 0.002906234 0.540583730 0.002972064 0.999971509 0.006931240 -0.818467855 -0.002926891 -0.006922542 0.999971747 23.534597397
0.999992609 -0.003111128 0.002274336 0.543606400 0.003094801 0.999969661 0.007147377 -0.828191042 -0.002296504 -0.007140285 0.999971867 24.076623917
0.999991357 -0.003922837 0.001355764 0.557489693 0.003912814 0.999965489 0.007318776 -0.850425839 -0.001384428 -0.007313407 0.999972224 24.516492844
0.999986947 -0.005078658 0.000516993 0.562819064 0.005074755 0.999960542 0.007288831 -0.868582308 -0.000553990 -0.007286114 0.999973297 25.058975220
0.999992192 -0.003928206 0.000235213 0.565738559 0.003926257 0.999962032 0.007780479 -0.879446208 -0.000265767 -0.007779495 0.999969721 25.580936432
0.999992847 -0.003749345 -0.000339079 0.590255678 0.003751782 0.999964833 0.007497087 -0.890194297 0.000310958 -0.007498306 0.999971867 26.062459946
0.999991357 -0.004099446 -0.000683596 0.596095681 0.004104410 0.999963999 0.007426039 -0.896144032 0.000653128 -0.007428781 0.999972224 26.604703903
0.999994040 -0.003352881 -0.000832856 0.602210999 0.003358913 0.999967337 0.007350042 -0.906757772 0.000808185 -0.007352796 0.999972641 27.149351120
0.999986470 -0.004678073 -0.002247457 0.632921398 0.004696406 0.999955237 0.008222342 -0.910251856 0.002208892 -0.008232786 0.999963641 27.694999695
0.999986649 -0.004615530 -0.002328573 0.617163539 0.004636129 0.999949396 0.008919688 -0.955846667 0.002287287 -0.008930366 0.999957502 28.153156281
0.999984562 -0.004821828 -0.002799836 0.631118059 0.004846637 0.999948442 0.008922657 -0.974946380 0.002756668 -0.008936090 0.999956310 28.703573227
0.999987900 -0.004026272 -0.002853424 0.635904014 0.004052997 0.999947369 0.009422886 -0.983170033 0.002815335 -0.009434337 0.999951541 29.254587173
0.999985635 -0.004221834 -0.003313161 0.654790282 0.004253639 0.999944270 0.009652244 -0.994378209 0.003272227 -0.009666198 0.999947906 29.784900665
0.999985278 -0.004195617 -0.003436106 0.645263731 0.004228472 0.999944925 0.009610947 -1.007892013 0.003395592 -0.009625336 0.999947906 30.368623734
0.999978960 -0.004626994 -0.004549937 0.647441149 0.004670445 0.999943137 0.009586050 -1.015900493 0.004505325 -0.009607098 0.999943674 30.773830414
0.999980927 -0.004295167 -0.004454596 0.661285460 0.004336842 0.999946475 0.009388389 -1.031537056 0.004414033 -0.009407529 0.999945998 31.311042786
0.999976099 -0.004435137 -0.005292078 0.669080257 0.004485964 0.999943495 0.009631453 -1.046238542 0.005249063 -0.009654961 0.999939620 31.881454468
0.999974549 -0.004762473 -0.005307916 0.669583559 0.004817685 0.999933839 0.010437843 -1.071891308 0.005257855 -0.010463149 0.999931395 32.306446075
0.999969542 -0.005221958 -0.005797615 0.685894549 0.005279966 0.999935687 0.010035459 -1.081353545 0.005744837 -0.010065764 0.999932885 32.842678070
0.999965250 -0.005915246 -0.005852783 0.687693954 0.005974859 0.999929845 0.010221087 -1.085624218 0.005791912 -0.010255702 0.999930561 33.358608246
0.999978900 -0.003934659 -0.005158244 0.659736395 0.003988199 0.999937832 0.010410608 -1.118554115 0.005116960 -0.010430960 0.999932468 33.853694916
0.999957740 -0.006660263 -0.006319583 0.677224636 0.006727774 0.999919832 0.010722276 -1.117197275 0.006247663 -0.010764340 0.999922514 34.487819672
0.999965131 -0.005501863 -0.006285989 0.678339422 0.005571315 0.999923050 0.011085171 -1.147568107 0.006224516 -0.011119805 0.999918818 34.939594269
0.999962628 -0.005593691 -0.006600752 0.679669559 0.005665686 0.999924123 0.010939108 -1.153602242 0.006539062 -0.010976096 0.999918401 35.451530457
0.999958396 -0.005804682 -0.007042443 0.695343852 0.005882531 0.999921262 0.011084382 -1.169783592 0.006977547 -0.011125348 0.999913752 35.989814758
0.999966562 -0.004797929 -0.006620791 0.691036224 0.004870432 0.999927938 0.010978485 -1.190698147 0.006567639 -0.011010365 0.999917865 36.544879913
0.999967098 -0.004883368 -0.006481026 0.663722754 0.004957559 0.999921799 0.011481281 -1.200863838 0.006424451 -0.011513032 0.999913037 37.029972076
0.999963880 -0.005119124 -0.006792377 0.673301458 0.005198092 0.999918520 0.011659784 -1.214894772 0.006732136 -0.011694669 0.999908924 37.585460663
0.999961615 -0.005697450 -0.006651978 0.659855247 0.005782099 0.999901652 0.012776287 -1.244038224 0.006578533 -0.012814258 0.999896288 38.077835083
0.999951780 -0.006148637 -0.007651866 0.684559345 0.006241352 0.999906659 0.012152349 -1.246493578 0.007576432 -0.012199521 0.999896884 38.649757385
0.999947131 -0.006924195 -0.007600554 0.694587588 0.007013392 0.999906123 0.011772358 -1.244699836 0.007518326 -0.011825041 0.999901891 39.191051483
0.999941230 -0.007631481 -0.007709560 0.684355319 0.007733411 0.999881923 0.013279054 -1.285295010 0.007607311 -0.013337895 0.999882162 39.705844879
0.999951363 -0.005834913 -0.007953784 0.710373044 0.005940850 0.999893069 0.013361238 -1.310495853 0.007874972 -0.013407840 0.999879122 40.193496704
0.999960065 -0.005664101 -0.006907716 0.700628638 0.005754045 0.999897957 0.013071224 -1.327374935 0.006832975 -0.013110450 0.999890745 40.701629639
0.999959111 -0.005571491 -0.007118535 0.724270403 0.005661134 0.999904156 0.012635511 -1.327476263 0.007047452 -0.012675294 0.999894857 41.261817932
0.999954522 -0.005508139 -0.007790791 0.742844343 0.005606104 0.999904811 0.012609026 -1.337291479 0.007720595 -0.012652129 0.999890149 41.822437286
0.999960959 -0.004940157 -0.007330633 0.726091027 0.005033084 0.999906480 0.012712775 -1.340125322 0.007267145 -0.012749174 0.999892354 42.348239899
0.999951422 -0.005336638 -0.008291367 0.770015717 0.005442674 0.999902964 0.012819176 -1.361920476 0.008222152 -0.012863680 0.999883413 42.914035797
0.999949098 -0.006303545 -0.007882223 0.743082821 0.006411748 0.999884546 0.013778416 -1.362010956 0.007794458 -0.013828253 0.999873996 43.420772552
0.999958336 -0.005521222 -0.007272678 0.689602852 0.005625064 0.999881327 0.014336209 -1.411512733 0.007192662 -0.014376522 0.999870777 43.890045166
0.999955595 -0.005189359 -0.007868776 0.698438227 0.005290959 0.999902189 0.012946423 -1.406495214 0.007800823 -0.012987481 0.999885261 44.434921265
0.999957621 -0.005474723 -0.007411364 0.701696873 0.005576381 0.999889672 0.013766102 -1.421687365 0.007335182 -0.013806848 0.999877751 44.977252960
0.999954641 -0.005227323 -0.007968314 0.722958803 0.005332143 0.999898791 0.013190562 -1.409676194 0.007898555 -0.013232453 0.999881268 45.523014069
0.999944568 -0.006048350 -0.008624446 0.740637660 0.006167053 0.999885678 0.013803990 -1.424816608 0.008539968 -0.013856413 0.999867499 46.053348541
0.999934971 -0.007123776 -0.008904546 0.758590817 0.007245038 0.999880373 0.013660794 -1.427923679 0.008806164 -0.013724420 0.999866962 46.596138000
0.999958575 -0.004441307 -0.007937546 0.771685839 0.004555625 0.999885201 0.014442597 -1.482829571 0.007872493 -0.014478160 0.999864221 46.990867615
0.999951422 -0.004788943 -0.008614602 0.790114284 0.004910806 0.999887347 0.014180969 -1.483960629 0.008545721 -0.014222586 0.999862373 47.542171478
0.999959350 -0.004294533 -0.007935926 0.775745571 0.004400541 0.999900639 0.013389106 -1.484604239 0.007877641 -0.013423484 0.999878883 48.106662750
0.999961615 -0.004726800 -0.007372325 0.766765118 0.004827560 0.999894321 0.013710015 -1.494381428 0.007306743 -0.013745080 0.999878824 48.625980377
0.999973476 -0.003062211 -0.006609709 0.755783677 0.003156349 0.999893069 0.014278979 -1.520002842 0.006565278 -0.014299463 0.999876201 49.172355652
0.999963462 -0.004066072 -0.007508222 0.790340662 0.004177813 0.999879777 0.014927213 -1.525903940 0.007446623 -0.014958037 0.999860346 49.536430359
0.999957085 -0.005039307 -0.007776179 0.797531962 0.005158283 0.999868751 0.015356594 -1.536523819 0.007697771 -0.015396046 0.999851823 50.081745148
0.999969900 -0.003563496 -0.006890583 0.784920096 0.003670014 0.999873042 0.015508112 -1.545182824 0.006834444 -0.015532933 0.999855995 50.632038116
0.999970496 -0.003605556 -0.006783286 0.793162227 0.003704905 0.999885201 0.014690843 -1.545676827 0.006729539 -0.014715541 0.999869049 51.169219971
0.999956965 -0.004937483 -0.007857628 0.815521717 0.005051617 0.999881029 0.014572281 -1.543166637 0.007784743 -0.014611347 0.999862969 51.705738068
0.999960661 -0.003683480 -0.008071196 0.801105380 0.003811730 0.999865830 0.015932478 -1.580663919 0.008011427 -0.015962617 0.999840498 52.063247681
0.999952495 -0.005053695 -0.008327510 0.818687439 0.005187951 0.999855638 0.016180083 -1.585019350 0.008244540 -0.016222524 0.999834478 52.610691071
0.999961793 -0.003873546 -0.007838024 0.793394268 0.003997866 0.999865532 0.015908128 -1.596363783 0.007775349 -0.015938854 0.999842763 53.154418945
0.999961317 -0.004196341 -0.007736383 0.776573479 0.004323664 0.999854267 0.016515048 -1.627114773 0.007665954 -0.016547855 0.999833703 53.664459229
0.999952912 -0.004368190 -0.008671283 0.806884170 0.004503161 0.999868035 0.015607309 -1.610123634 0.008601964 -0.015645621 0.999840617 54.174751282
0.999957919 -0.004364556 -0.008067852 0.817012608 0.004491037 0.999866247 0.015726183 -1.604223728 0.007998135 -0.015761752 0.999843836 54.821228027
0.999964893 -0.003111414 -0.007775777 0.823554277 0.003238413 0.999860644 0.016373806 -1.632499218 0.007723748 -0.016398408 0.999835730 55.184093475
0.999966621 -0.003040303 -0.007588348 0.823793709 0.003165261 0.999858677 0.016509835 -1.642314196 0.007537082 -0.016533302 0.999834955 55.728214264
0.999961793 -0.003695319 -0.007926406 0.837194324 0.003823611 0.999860883 0.016231703 -1.646768093 0.007865324 -0.016261395 0.999836802 56.270828247
0.999957085 -0.004349834 -0.008183099 0.841662705 0.004483771 0.999855161 0.016421039 -1.654966593 0.008110485 -0.016457025 0.999831796 56.838966370
0.999965191 -0.003423393 -0.007613092 0.813206077 0.003548647 0.999857545 0.016500132 -1.677437305 0.007555522 -0.016526574 0.999834955 57.294246674
0.999955297 -0.005118206 -0.007948536 0.813052058 0.005250659 0.999846220 0.016733402 -1.697518587 0.007861668 -0.016774392 0.999828339 57.668846130
0.999955654 -0.005061363 -0.007935283 0.820102215 0.005195641 0.999842107 0.016993450 -1.703233242 0.007848019 -0.017033925 0.999824166 58.207252502
0.999952197 -0.005163169 -0.008306067 0.832797408 0.005294305 0.999860466 0.015844254 -1.698128223 0.008223101 -0.015887471 0.999840021 58.756191254
0.999958038 -0.005139881 -0.007585892 0.834012449 0.005268403 0.999841273 0.017020730 -1.723023057 0.007497203 -0.017059980 0.999826431 59.264297485
0.999952734 -0.005070608 -0.008284673 0.833144784 0.005210083 0.999843538 0.016901370 -1.724338293 0.008197678 -0.016943736 0.999822855 59.799037933
0.999945462 -0.005655687 -0.008784788 0.842322946 0.005804376 0.999838710 0.016993295 -1.733265877 0.008687263 -0.017043360 0.999817014 60.320728302
0.999947071 -0.005826315 -0.008478817 0.815714180 0.005971456 0.999834299 0.017194424 -1.742653012 0.008377232 -0.017244143 0.999816239 60.701778412
0.999955416 -0.005081136 -0.007956341 0.810771942 0.005221555 0.999829233 0.017728625 -1.755414844 0.007864901 -0.017769378 0.999811232 61.250118256
0.999940157 -0.006268745 -0.008965068 0.848330438 0.006415852 0.999843717 0.016475355 -1.745481014 0.008860385 -0.016531890 0.999824107 61.781650543
0.999941289 -0.005886015 -0.009098733 0.864623010 0.006035659 0.999845505 0.016507575 -1.740020990 0.009000163 -0.016561519 0.999822438 62.324310303
0.999939859 -0.005797744 -0.009317269 0.871101737 0.005955763 0.999837339 0.017022368 -1.776547432 0.009217059 -0.017076829 0.999811709 62.871757507
0.999935389 -0.006976590 -0.008964993 0.808619261 0.007132972 0.999820888 0.017531611 -1.807283998 0.008841073 -0.017594431 0.999806106 63.286655426
0.999933600 -0.007086862 -0.009073149 0.810650706 0.007250474 0.999809384 0.018128335 -1.818712592 0.008942946 -0.018192923 0.999794483 63.821186066
0.999923944 -0.007277660 -0.009948474 0.838140368 0.007442011 0.999834776 0.016584288 -1.802708507 0.009826134 -0.016657064 0.999813020 64.396896362
0.999925077 -0.007628461 -0.009566573 0.863163590 0.007783113 0.999837875 0.016234076 -1.792014480 0.009441180 -0.016307317 0.999822497 64.980911255
0.999896169 -0.008824377 -0.011381557 0.941886604 0.009001923 0.999837160 0.015643738 -1.742906690 0.011241656 -0.015744574 0.999812901 65.455024719
0.999926150 -0.007742996 -0.009358400 0.848674953 0.007909745 0.999808252 0.017914535 -1.844918013 0.009217893 -0.017987235 0.999795854 65.830032349
0.999932766 -0.007265252 -0.009040440 0.847130239 0.007426073 0.999812484 0.017884467 -1.848790765 0.008908812 -0.017950401 0.999799192 66.387596130
0.999922633 -0.007885523 -0.009625160 0.856106758 0.008048826 0.999822319 0.017046953 -1.837137341 0.009489025 -0.017123101 0.999808371 66.943923950
0.999917150 -0.008642026 -0.009534325 0.888335347 0.008795175 0.999831021 0.016139697 -1.814897180 0.009393236 -0.016222216 0.999824286 67.531425476
0.999937236 -0.006993025 -0.008751395 0.850980699 0.007153932 0.999803424 0.018492412 -1.879816890 0.008620355 -0.018553857 0.999790847 67.860336304
0.999942124 -0.006332354 -0.008695021 0.866656125 0.006486968 0.999819219 0.017870419 -1.883857489 0.008580287 -0.017925784 0.999802589 68.398582458
0.999943614 -0.006515010 -0.008387204 0.866066754 0.006662956 0.999820530 0.017733978 -1.886473775 0.008270160 -0.017788861 0.999807596 68.945869446
0.999945223 -0.006611543 -0.008120443 0.874055445 0.006743594 0.999843717 0.016343230 -1.874111652 0.008011120 -0.016397092 0.999833524 69.473686218
0.999938548 -0.006924867 -0.008654410 0.888166070 0.007071453 0.999830127 0.017023442 -1.883846879 0.008535055 -0.017083596 0.999817610 69.991134644
0.999938667 -0.006526516 -0.008947808 0.924468756 0.006689782 0.999809444 0.018339606 -1.901128888 0.008826409 -0.018398343 0.999791801 70.332633972
0.999939322 -0.006209097 -0.009096582 0.930097938 0.006370027 0.999821842 0.017770460 -1.909772873 0.008984622 -0.017827330 0.999800801 70.874534607
0.999938846 -0.005959711 -0.009318435 0.938692451 0.006123738 0.999825060 0.017674081 -1.913498282 0.009211472 -0.017730061 0.999800384 71.447967529
0.999927759 -0.007115616 -0.009686886 0.939827621 0.007280486 0.999827445 0.017092351 -1.908585191 0.009563590 -0.017161641 0.999807000 72.008804321
0.999918759 -0.007902287 -0.010003064 0.976953983 0.008072576 0.999821246 0.017099343 -1.909738302 0.009866151 -0.017178701 0.999803782 72.615524292
0.999906242 -0.009207738 -0.010133957 0.949229836 0.009375167 0.999818325 0.016600059 -1.905845404 0.009979267 -0.016693508 0.999810815 73.203163147
0.999922454 -0.007557601 -0.009896956 1.029398441 0.007742651 0.999793410 0.018794777 -1.965427756 0.009752868 -0.018869948 0.999774396 73.206077576
0.999914527 -0.007987578 -0.010350208 1.033287406 0.008181260 0.999789655 0.018807640 -1.968721151 0.010197802 -0.018890711 0.999769628 73.718963623
0.999911308 -0.008331950 -0.010395211 1.053486824 0.008528491 0.999782979 0.019007929 -1.983181000 0.010234582 -0.019094897 0.999765337 74.250083923
0.999916255 -0.008235233 -0.009980821 1.037813425 0.008413574 0.999803364 0.017960073 -1.970607162 0.009830954 -0.018042544 0.999788880 74.851722717
0.999906838 -0.009278510 -0.010011176 1.038687706 0.009453887 0.999800205 0.017615288 -1.969952822 0.009845733 -0.017708290 0.999794722 75.339271545
0.999915421 -0.008295049 -0.010012520 1.033958673 0.008480703 0.999790192 0.018644549 -1.973886609 0.009855762 -0.018727889 0.999776065 75.769325256
0.999910235 -0.008425750 -0.010415128 1.049356222 0.008616588 0.999793291 0.018416144 -1.980854750 0.010257805 -0.018504234 0.999776185 76.316696167
0.999897242 -0.009468441 -0.010768583 1.061450720 0.009666272 0.999782622 0.018469926 -1.985703945 0.010591362 -0.018572116 0.999771535 76.849334717
0.999888420 -0.010319653 -0.010800953 1.066103935 0.010510499 0.999786913 0.017764382 -1.977846980 0.010615329 -0.017875927 0.999783933 77.376853943
0.999922514 -0.007627279 -0.009834344 1.042847514 0.007808948 0.999797106 0.018568806 -2.001548052 0.009690722 -0.018644167 0.999779165 77.838073730
0.999944329 -0.006784676 -0.008084809 1.044327259 0.006936315 0.999797821 0.018877797 -2.000054121 0.007955095 -0.018932825 0.999789059 78.381195068
0.999952555 -0.006988422 -0.006790542 1.048184514 0.007110115 0.999811530 0.018064961 -2.008839607 0.006663019 -0.018112386 0.999813735 78.954269409
0.999959111 -0.007284416 -0.005353617 1.057020426 0.007384373 0.999794185 0.018894665 -2.014944792 0.005214877 -0.018933430 0.999807119 79.398788452
0.999960303 -0.007636406 -0.004577952 1.061645389 0.007719516 0.999800503 0.018420883 -2.019120455 0.004436369 -0.018455494 0.999819815 79.948959351
0.999973059 -0.007151927 -0.001612715 1.068309307 0.007181799 0.999787152 0.019347787 -2.043262959 0.001473999 -0.019358847 0.999811530 80.446411133
0.999971449 -0.007240865 0.002153859 1.081221342 0.007198126 0.999789178 0.019229634 -2.039984465 -0.002292644 -0.019213583 0.999812782 80.977767944
0.999963462 -0.007029523 0.004868602 1.122892261 0.006936327 0.999797404 0.018901762 -2.039279461 -0.005000487 -0.018867303 0.999809504 81.462379456
0.999933779 -0.006417598 0.009551387 1.111081600 0.006230403 0.999790430 0.019501077 -2.061683655 -0.009674536 -0.019440282 0.999764204 82.002853394
0.999863267 -0.006011816 0.015403523 1.128281832 0.005708613 0.999790609 0.019652953 -2.065644741 -0.015518446 -0.019562336 0.999688148 82.568786621
0.999754190 -0.006606751 0.021160763 1.176023364 0.006187832 0.999784768 0.019801652 -2.080130577 -0.021287031 -0.019665848 0.999579966 83.096969604
0.999604225 -0.006166039 0.027445491 1.202258348 0.005626618 0.999790370 0.019688256 -2.075822830 -0.027561136 -0.019526042 0.999429345 83.692474365
0.999377429 -0.007641262 0.034440249 1.288403988 0.006977922 0.999788702 0.019339792 -2.053562403 -0.034580756 -0.019087436 0.999219596 84.229171753
0.999029934 -0.006548824 0.043545235 1.248431206 0.005665984 0.999776542 0.020366695 -2.098677635 -0.043668877 -0.020100214 0.998843849 84.657562256
0.998663247 -0.005552830 0.051389623 1.285504103 0.004510369 0.999782205 0.020379236 -2.105907679 -0.051491588 -0.020120209 0.998470724 85.194931030
0.998213351 -0.007136431 0.059324414 1.352081060 0.005973196 0.999786913 0.019762311 -2.104394436 -0.059452806 -0.019372644 0.998043120 85.714530945
0.997564733 -0.007810484 0.069307886 1.405928612 0.006444858 0.999781013 0.019905543 -2.106747866 -0.069448180 -0.019410383 0.997396708 86.272155762
0.996896207 -0.007404925 0.078379080 1.459992409 0.005844675 0.999780476 0.020117193 -2.111147642 -0.078510843 -0.019596649 0.996720672 86.819526672
0.996264517 -0.007172687 0.086056620 1.537012100 0.005469847 0.999784946 0.020006942 -2.128001213 -0.086181603 -0.019461490 0.996089399 87.335006714
0.995356441 -0.008360033 0.095894471 1.613344669 0.006476832 0.999780357 0.019932754 -2.127288342 -0.096040040 -0.019219100 0.995191872 87.844825745
0.994270563 -0.008125345 0.106583394 1.682327271 0.005963836 0.999770343 0.020583060 -2.134206295 -0.106726147 -0.019829486 0.994090676 88.411407471
0.993173063 -0.008264801 0.116356924 1.759219170 0.005891359 0.999767840 0.020727102 -2.145695686 -0.116501212 -0.019900098 0.992991149 88.953269958
0.991828620 -0.007878654 0.127334118 1.852064133 0.005299665 0.999774158 0.020579854 -2.138535023 -0.127467498 -0.019736860 0.991646349 89.498474121
0.990104079 -0.006434885 0.140186861 1.935709953 0.003487746 0.999767959 0.021258483 -2.160088778 -0.140291139 -0.020559179 0.989896715 90.052078247
0.988709748 -0.008936254 0.149576545 2.068143845 0.005853307 0.999761522 0.021038750 -2.164479733 -0.149728864 -0.019925701 0.988526285 90.588066101
0.987122178 -0.008478131 0.159743071 2.154669762 0.005148655 0.999760985 0.021245074 -2.155715466 -0.159885019 -0.020149024 0.986929953 91.193946838
0.985071599 -0.009276255 0.171895012 2.235345840 0.005778771 0.999766231 0.020835871 -2.142407417 -0.172048107 -0.019531483 0.984894931 91.632698059
0.982789755 -0.009412964 0.184487671 2.367024422 0.005613209 0.999761522 0.021107718 -2.156183243 -0.184642330 -0.019708885 0.982608199 92.167480469
0.980611861 -0.009226461 0.195742995 2.478489876 0.005235208 0.999767900 0.020897878 -2.157716990 -0.195890352 -0.019467950 0.980432570 92.713333130
0.977951884 -0.008969218 0.208637446 2.650953293 0.004566466 0.999756873 0.021574510 -2.196959972 -0.208780199 -0.020146098 0.977755129 93.186599731
0.974926651 -0.008656550 0.222357988 2.789022446 0.003909064 0.999755144 0.021781903 -2.212814093 -0.222492069 -0.020366544 0.974721730 93.633216858
0.972054958 -0.008951998 0.234582290 2.848747253 0.004081174 0.999766052 0.021241074 -2.138193130 -0.234717548 -0.019690122 0.971864164 94.230422974
0.969114959 -0.008610584 0.246458963 3.016986847 0.003415992 0.999763131 0.021496702 -2.147002220 -0.246585712 -0.019990873 0.968914688 94.742538452
0.965522707 -0.009488112 0.260145575 3.185579300 0.004058500 0.999762774 0.021400662 -2.153181791 -0.260286927 -0.019607026 0.965332210 95.231498718
0.961996078 -0.008537735 0.272929996 3.394731522 0.002819646 0.999768496 0.021336127 -2.166783810 -0.273048937 -0.019755706 0.961797237 95.745079041
0.959012926 -0.010788154 0.283156574 3.571163177 0.004637462 0.999738693 0.022383196 -2.190908670 -0.283324063 -0.020152649 0.958812416 96.231903076
0.954512179 -0.009154363 0.298031271 3.766332626 0.002187529 0.999716699 0.023701362 -2.218272448 -0.298163772 -0.021971285 0.954261839 96.822135925
0.949889302 -0.008999156 0.312456906 3.924552917 0.001935852 0.999735653 0.022908546 -2.191333771 -0.312580496 -0.021155715 0.949655652 97.337356567
0.946235359 -0.009658825 0.323334724 4.140300751 0.002393265 0.999735832 0.022860767 -2.188551664 -0.323470175 -0.020857845 0.946008503 97.860031128
0.941478968 -0.009168711 0.336947024 4.330394745 0.001837418 0.999754727 0.022070443 -2.184166193 -0.337066740 -0.020159751 0.941264868 98.375267029
0.936289072 -0.009040691 0.351113766 4.544879913 0.001085678 0.999738276 0.022846771 -2.206298113 -0.351228476 -0.021009989 0.936053991 98.884628296
0.931417763 -0.009043870 0.363839507 4.765817642 0.000830086 0.999741435 0.022725334 -2.212467909 -0.363950938 -0.020864761 0.931184351 99.454460144
0.927013874 -0.009723702 0.374900877 4.999790192 0.001842192 0.999769807 0.021375583 -2.189025402 -0.375022441 -0.019124823 0.926818430 99.937423706
0.921404064 -0.008913984 0.388503402 5.261276245 -0.000193048 0.999726176 0.023395980 -2.204676628 -0.388605654 -0.021632150 0.921150208 100.456192017
0.915898860 -0.008876307 0.401310682 5.507518768 -0.000186688 0.999745846 0.022538742 -2.204730034 -0.401408792 -0.020718131 0.915664613 100.947853088
0.911245406 -0.010936509 0.411718518 5.751953125 0.002014609 0.999753773 0.022097647 -2.196029186 -0.411858827 -0.019306932 0.911043048 101.437400818
0.905877411 -0.012731106 0.423348665 6.002292633 0.003544635 0.999741018 0.022479823 -2.202914000 -0.423525274 -0.018863346 0.905687809 101.925598145
0.899269164 -0.012192002 0.437225610 6.259418488 0.002385720 0.999733210 0.022970628 -2.224151134 -0.437389046 -0.019613678 0.899058461 102.405364990
0.893332720 -0.012333019 0.449226648 6.500595093 0.002491561 0.999743879 0.022492139 -2.211436510 -0.449389011 -0.018973686 0.893134713 102.904129028
0.886303484 -0.012852747 0.462926477 6.612049103 0.002376373 0.999727845 0.023206841 -2.194041252 -0.463098735 -0.019468220 0.886092782 103.400321960
0.879035711 -0.012784407 0.476584524 6.901073456 0.001972598 0.999729395 0.023179440 -2.201953173 -0.476751864 -0.019435447 0.878823042 103.877731323
0.872172475 -0.013422132 0.489014298 7.198169708 0.002422838 0.999729753 0.023118692 -2.212924719 -0.489192456 -0.018978681 0.871969402 104.347961426
