1.000000000 0.000000000 0.000000000 0.000000000 0.000000000 1.000000000 0.000000000 0.000000000 0.000000000 0.000000000 1.000000000 0.000000000
1.000000000 -0.000052911 0.000178359 -0.001272381 0.000052898 1.000000000 0.000073276 -0.000071448 -0.000178363 -0.000073266 1.000000000 0.000444925
0.999999940 0.000192520 0.000167837 -0.001944001 -0.000192540 1.000000000 0.000121361 0.000777568 -0.000167814 -0.000121394 1.000000000 0.002703576
1.000000000 0.000034626 -0.000108616 0.001132263 -0.000034612 1.000000000 0.000135426 -0.000962379 0.000108621 -0.000135423 1.000000000 -0.000641183
1.000000000 0.000207892 0.000057906 -0.000607399 -0.000207898 1.000000000 0.000095423 -0.000577682 -0.000057886 -0.000095435 1.000000000 -0.000156568
1.000000000 0.000148561 0.000047859 -0.000706786 -0.000148566 1.000000000 0.000120416 -0.000700316 -0.000047841 -0.000120423 1.000000000 -0.000982330
1.000000000 0.000059167 0.000211787 -0.002192642 -0.000059163 1.000000000 -0.000021523 0.000551258 -0.000211788 0.000021511 1.000000000 0.001048482
0.999999940 -0.000142083 0.000297604 -0.001704486 0.000142047 1.000000000 0.000121868 0.000190950 -0.000297622 -0.000121826 0.999999940 0.001616446
1.000000000 0.000038145 0.000154678 -0.001060691 -0.000038138 1.000000000 -0.000040731 0.001522992 -0.000154680 0.000040725 1.000000000 0.002643575
1.000000000 -0.000058421 0.000161117 -0.000671500 0.000058410 1.000000000 0.000070466 -0.000227410 -0.000161121 -0.000070456 1.000000000 -0.000184072
1.000000000 -0.000054674 0.000163826 0.000073977 0.000054675 1.000000000 -0.000008017 0.001326071 -0.000163826 0.000008026 1.000000000 0.001220243
1.000000000 -0.000137658 0.000015711 -0.000233689 0.000137656 1.000000000 0.000129365 -0.000137046 -0.000015729 -0.000129363 1.000000000 0.000664126
0.999999940 0.000164865 0.000218984 -0.002767445 -0.000164854 1.000000000 -0.000052138 0.002747420 -0.000218993 0.000052102 1.000000000 0.005375186
0.999999940 -0.000204494 0.000164396 -0.000879420 0.000204456 0.999999940 0.000229007 -0.000464315 -0.000164443 -0.000228974 0.999999940 0.001009833
1.000000000 0.000014842 0.000199510 -0.001201535 -0.000014876 1.000000000 0.000165856 -0.000750602 -0.000199507 -0.000165859 0.999999940 0.000545046
1.000000000 0.000137474 0.000070931 -0.000900008 -0.000137480 1.000000000 0.000089381 -0.000373038 -0.000070919 -0.000089391 1.000000000 0.000169512
1.000000000 0.000053376 0.000157458 -0.000219527 -0.000053404 1.000000000 0.000179765 -0.001035316 -0.000157448 -0.000179773 1.000000000 -0.001306658
0.999999940 0.000216583 0.000304234 -0.002479980 -0.000216590 1.000000000 0.000025277 0.001933180 -0.000304228 -0.000025343 0.999999940 0.003888434
0.999999940 0.000055277 0.000306826 -0.003514484 -0.000055294 1.000000000 0.000055616 0.000822156 -0.000306823 -0.000055633 0.999999940 0.003821120
1.000000000 0.000172213 0.000131538 -0.001792530 -0.000172217 1.000000000 0.000030314 0.001071870 -0.000131533 -0.000030336 1.000000000 0.002304204
0.999999940 0.000256789 0.000203420 -0.002783987 -0.000256810 0.999999940 0.000103590 0.001246558 -0.000203393 -0.000103642 1.000000000 0.004317713
0.999999881 0.000324413 0.000331107 -0.003383505 -0.000324426 0.999999940 0.000038930 0.001436944 -0.000331095 -0.000039038 0.999999940 0.004096917
1.000000000 -0.000116907 0.000107000 -0.001919242 0.000116902 1.000000000 0.000043474 0.001285739 -0.000107005 -0.000043461 1.000000000 0.003141129
0.999999940 0.000136967 0.000312646 -0.002345011 -0.000137001 1.000000000 0.000107495 -0.000183587 -0.000312632 -0.000107537 0.999999940 0.002898331
1.000000000 0.000040883 0.000240479 -0.001304525 -0.000040894 1.000000000 0.000045743 0.000417759 -0.000240477 -0.000045753 0.999999940 -0.000051647
1.000000000 0.000034238 0.000160944 -0.001295324 -0.000034242 1.000000000 0.000022444 0.000945499 -0.000160943 -0.000022450 1.000000000 0.002220618
0.999999940 0.000040620 0.000274189 -0.002146655 -0.000040614 1.000000000 -0.000021971 0.001061072 -0.000274190 0.000021960 0.999999940 0.000904797
0.999999940 0.000099121 0.000235185 -0.001728556 -0.000099104 1.000000000 -0.000073581 0.001814989 -0.000235192 0.000073558 0.999999940 0.002226460
0.999999881 0.000248371 0.000396504 -0.003648712 -0.000248304 0.999999940 -0.000168220 0.002815105 -0.000396545 0.000168121 0.999999881 0.002603230
1.000000000 0.000008869 0.000243182 -0.003859923 -0.000008872 1.000000000 0.000009789 0.002962862 -0.000243182 -0.000009791 1.000000000 0.006272994
1.000000000 -0.000063590 0.000166349 -0.002171236 0.000063587 1.000000000 0.000018449 0.000777646 -0.000166350 -0.000018438 1.000000000 0.003331705
0.999999940 -0.000115378 0.000243472 -0.001835335 0.000115367 1.000000000 0.000047563 0.001057923 -0.000243477 -0.000047535 0.999999940 0.001625645
0.999999940 0.000059793 0.000257708 -0.002147244 -0.000059786 1.000000000 -0.000028707 0.002008288 -0.000257709 0.000028691 0.999999940 0.003909272
0.999999940 -0.000155217 0.000319233 -0.001292504 0.000155235 1.000000000 -0.000058511 0.001626743 -0.000319224 0.000058561 0.999999940 0.001616493
1.000000000 0.000033120 0.000161678 0.000097759 -0.000033151 1.000000000 0.000197275 -0.001024332 -0.000161671 -0.000197280 0.999999940 -0.000582510
0.999999940 -0.000004482 0.000245108 -0.002637555 0.000004502 1.000000000 -0.000080785 0.003572494 -0.000245108 0.000080786 0.999999940 0.006252906
0.999999940 0.000060446 0.000282888 -0.003071336 -0.000060436 1.000000000 -0.000037525 0.004721753 -0.000282890 0.000037508 0.999999940 0.008416642
0.999999940 -0.000057761 0.000322866 -0.002415200 0.000057730 1.000000000 0.000096907 0.001619587 -0.000322872 -0.000096889 0.999999940 0.004315108
1.000000000 -0.000048453 0.000227782 -0.001958206 0.000048398 0.999999940 0.000242825 0.000264284 -0.000227794 -0.000242814 0.999999940 0.002550033
0.999999940 -0.000192087 0.000199335 -0.000499487 0.000192065 1.000000000 0.000108810 0.000824077 -0.000199356 -0.000108771 1.000000000 0.001551994
0.999999940 -0.000142844 0.000304941 -0.001283609 0.000142807 1.000000000 0.000121414 0.000437351 -0.000304959 -0.000121370 0.999999940 0.002380179
0.999999940 -0.000208984 0.000297757 0.000173612 0.000209168 0.999999762 -0.000618998 -0.001079904 -0.000297628 0.000619060 0.999999762 0.051379744
0.999999881 0.000151901 0.000492521 -0.003482481 -0.000151345 0.999999344 -0.001127609 -0.005414444 -0.000492692 0.001127535 0.999999225 0.136909693
1.000000000 0.000143551 0.000026129 0.002498050 -0.000143507 0.999998569 -0.001683727 -0.002073511 -0.000026370 0.001683723 0.999998569 0.256333560
1.000000000 0.000151524 -0.000140582 0.006426923 -0.000151690 0.999999285 -0.001176129 -0.012361225 0.000140403 0.001176150 0.999999285 0.387115061
1.000000000 0.000185402 0.000031894 0.008521227 -0.000185372 0.999999583 -0.000921096 -0.019900648 -0.000032064 0.000921090 0.999999583 0.520751417
0.999999940 0.000266364 0.000155602 0.012997188 -0.000266268 0.999999762 -0.000617158 -0.027477395 -0.000155766 0.000617117 0.999999821 0.667481899
0.999999821 0.000542072 0.000323032 0.016663289 -0.000541870 0.999999642 -0.000624719 -0.027245326 -0.000323371 0.000624544 0.999999762 0.837909639
0.999999940 0.000273836 -0.000048089 0.019392306 -0.000273860 0.999999821 -0.000499344 -0.029240914 0.000047952 0.000499357 0.999999881 1.017847896
0.999999881 0.000476432 -0.000153596 0.022189055 -0.000476460 0.999999881 -0.000186346 -0.036081191 0.000153507 0.000186420 1.000000000 1.189375043
0.999999881 0.000453615 0.000152536 0.021687135 -0.000453563 0.999999821 -0.000342415 -0.039632708 -0.000152691 0.000342346 0.999999940 1.374415874
0.999999762 0.000711448 0.000122774 0.035959207 -0.000711445 0.999999762 -0.000020888 -0.051917233 -0.000122789 0.000020800 1.000000000 1.563142657
0.999999881 0.000444929 -0.000073297 0.040421806 -0.000444926 0.999999881 0.000044673 -0.052716233 0.000073317 -0.000044641 1.000000000 1.769628167
0.999999940 0.000208757 -0.000158293 0.039937951 -0.000208860 0.999999762 -0.000646338 -0.045511924 0.000158158 0.000646371 0.999999762 1.963015318
0.999999702 0.000199778 -0.000709819 0.069676593 -0.000201195 0.999997973 -0.001995774 -0.039196379 0.000709419 0.001995917 0.999997735 2.145276785
0.999999583 0.000627200 -0.000664576 0.074405819 -0.000628547 0.999997795 -0.002030151 -0.045292713 0.000663301 0.002030568 0.999997675 2.359475613
0.999999583 0.000609227 -0.000699809 0.076985583 -0.000610604 0.999997854 -0.001969604 -0.053231105 0.000698608 0.001970031 0.999997735 2.586781740
0.999999344 0.000424759 -0.001082676 0.084328808 -0.000426682 0.999998271 -0.001777207 -0.063797206 0.001081919 0.001777668 0.999997795 2.810332537
0.999999583 -0.000013857 -0.000880342 0.084529474 0.000012339 0.999998450 -0.001724053 -0.067037366 0.000880364 0.001724042 0.999998152 3.051752806
0.999999523 0.000233337 -0.000920067 0.087078139 -0.000235447 0.999997318 -0.002293843 -0.070919313 0.000919529 0.002294059 0.999996960 3.286546469
0.999999881 0.000371302 -0.000286629 0.083903924 -0.000371789 0.999998510 -0.001700581 -0.085799396 0.000285997 0.001700687 0.999998510 3.530411959
0.999999881 0.000222306 -0.000401980 0.092062004 -0.000223089 0.999998152 -0.001947813 -0.092087455 0.000401546 0.001947902 0.999998033 3.783392906
0.999999881 -0.000017874 -0.000470559 0.095948435 0.000016982 0.999998152 -0.001893637 -0.098874480 0.000470592 0.001893629 0.999998093 4.044358730
1.000000000 0.000104568 -0.000180660 0.097925693 -0.000104846 0.999998808 -0.001540019 -0.106966414 0.000180499 0.001540037 0.999998748 4.291798115
0.999999940 0.000210037 0.000011160 0.102757961 -0.000210021 0.999999046 -0.001401899 -0.108213395 -0.000011454 0.001401897 0.999998987 4.538549423
0.999999583 0.000859305 -0.000109471 0.108345538 -0.000859522 0.999997556 -0.002000735 -0.115898691 0.000107751 0.002000828 0.999997973 4.822395802
0.999999642 0.000759489 0.000148061 0.111744687 -0.000759148 0.999996960 -0.002288913 -0.118043095 -0.000149799 0.002288800 0.999997437 5.086853027
0.999999881 0.000522604 -0.000106565 0.119879611 -0.000522814 0.999997854 -0.001986159 -0.133222818 0.000105527 0.001986214 0.999997973 5.339395523
0.999999881 0.000552255 -0.000162702 0.129254296 -0.000552592 0.999997675 -0.002079051 -0.134366497 0.000161554 0.002079140 0.999997795 5.612220287
0.999999583 0.000876560 0.000327810 0.112924762 -0.000875878 0.999997437 -0.002073827 -0.148627996 -0.000329626 0.002073539 0.999997795 5.903091431
0.999999642 0.000829060 0.000406471 0.118706092 -0.000828340 0.999998033 -0.001769172 -0.160222858 -0.000407937 0.001768835 0.999998331 6.183501720
0.999999702 0.000822767 0.000164812 0.126123399 -0.000822478 0.999998093 -0.001745095 -0.166062713 -0.000166247 0.001744959 0.999998450 6.464452744
0.999999821 0.000548470 0.000256851 0.134784490 -0.000548096 0.999998808 -0.001454622 -0.180509135 -0.000257648 0.001454481 0.999998868 6.731672287
0.999999702 0.000759014 0.000157482 0.141258642 -0.000758714 0.999997914 -0.001900834 -0.188565299 -0.000158924 0.001900714 0.999998152 7.061744690
0.999999821 0.000705580 -0.000035717 0.148868114 -0.000705654 0.999997497 -0.002125876 -0.192897126 0.000034217 0.002125901 0.999997735 7.359144211
0.999999881 0.000476064 0.000257285 0.156074688 -0.000475570 0.999998152 -0.001915140 -0.207417190 -0.000258196 0.001915018 0.999998033 7.664663792
0.999999702 0.000648454 0.000057060 0.167907178 -0.000648376 0.999998868 -0.001370673 -0.221610546 -0.000057949 0.001370636 0.999998987 7.973829269
0.999999940 0.000397604 0.000454126 0.160668388 -0.000396762 0.999998212 -0.001854025 -0.223853171 -0.000454863 0.001853845 0.999998093 8.310890198
0.999999762 0.000081545 0.000674514 0.169493034 -0.000080372 0.999998569 -0.001739950 -0.236961231 -0.000674655 0.001739896 0.999998212 8.633704185
0.999999464 0.000584805 0.000769490 0.169128478 -0.000583274 0.999997854 -0.001988590 -0.245731205 -0.000770651 0.001988140 0.999997675 8.979826927
0.999999523 0.000762957 0.000343769 0.186421409 -0.000762394 0.999998331 -0.001634578 -0.264685571 -0.000345016 0.001634315 0.999998569 9.305142403
0.999999404 0.000635227 0.000803216 0.184562266 -0.000633846 0.999998271 -0.001718404 -0.269462109 -0.000804306 0.001717894 0.999998212 9.660170555
0.999999642 0.000529789 0.000558060 0.199921265 -0.000528741 0.999998033 -0.001876034 -0.280569077 -0.000559053 0.001875738 0.999998093 9.996747971
0.999999523 0.000608437 0.000795305 0.196101874 -0.000606911 0.999997973 -0.001917925 -0.290664554 -0.000796470 0.001917441 0.999997854 10.368392944
0.999999046 0.000770625 0.001084902 0.198857173 -0.000769321 0.999998927 -0.001202186 -0.307352126 -0.001085828 0.001201351 0.999998689 10.723874092
0.999999225 0.000730185 0.000992526 0.206930205 -0.000728748 0.999998689 -0.001447610 -0.315329671 -0.000993582 0.001446885 0.999998391 11.100008965
0.999998331 0.001126539 0.001479605 0.205412641 -0.001124444 0.999998331 -0.001416556 -0.325737834 -0.001481198 0.001414890 0.999997914 11.475010872
0.999999285 0.000289817 0.001161376 0.219865471 -0.000288562 0.999999344 -0.001081066 -0.342277557 -0.001161689 0.001080730 0.999998748 11.850974083
0.999999225 0.000353998 0.001171605 0.230325237 -0.000352315 0.999998868 -0.001435950 -0.352170587 -0.001172112 0.001435536 0.999998271 12.235784531
0.999999583 0.000234900 0.000850335 0.241770938 -0.000233813 0.999999285 -0.001278770 -0.364610672 -0.000850634 0.001278571 0.999998748 12.630984306
0.999999166 0.000351714 0.001226313 0.246342272 -0.000349868 0.999998808 -0.001505060 -0.369874120 -0.001226840 0.001504630 0.999998093 13.030908585
0.999999225 0.000109230 0.001217759 0.252326548 -0.000107804 0.999999285 -0.001171705 -0.386592895 -0.001217887 0.001171573 0.999998569 13.428217888
0.999997377 0.000047281 0.002260103 0.257766932 -0.000044727 0.999999344 -0.001130128 -0.394642025 -0.002260156 0.001130024 0.999996841 13.832999229
0.999998033 -0.000025493 0.001989780 0.263889462 0.000027845 0.999999285 -0.001181935 -0.407599002 -0.001989749 0.001181988 0.999997318 14.258177757
0.999997854 -0.000428431 0.002063500 0.277456850 0.000429973 0.999999583 -0.000746734 -0.423765391 -0.002063179 0.000747619 0.999997556 14.676466942
0.999997854 -0.000045779 0.002121623 0.283386588 0.000047524 0.999999642 -0.000822380 -0.436560541 -0.002121585 0.000822479 0.999997377 15.113306046
0.999997318 0.000115898 0.002325916 0.294095427 -0.000113050 0.999999344 -0.001224215 -0.447102189 -0.002326057 0.001223949 0.999996483 15.551264763
0.999996006 0.000233688 0.002818020 0.302685469 -0.000229813 0.999999046 -0.001375441 -0.458082348 -0.002818339 0.001374788 0.999995112 15.991575241
0.999995232 0.000079352 0.003095873 0.312628269 -0.000075894 0.999999344 -0.001117308 -0.471668273 -0.003095959 0.001117067 0.999994576 16.432111740
0.999993622 0.000264784 0.003556150 0.319991410 -0.000259335 0.999998808 -0.001532572 -0.482138902 -0.003556551 0.001531640 0.999992490 16.882556915
0.999992430 0.000429559 0.003848205 0.331739426 -0.000424136 0.999998927 -0.001410025 -0.497123331 -0.003848807 0.001408382 0.999991596 17.336360931
0.999991000 0.000813159 0.004161468 0.338926852 -0.000808119 0.999998927 -0.001212678 -0.510531008 -0.004162450 0.001209305 0.999990523 17.799257278
0.999992609 0.000344497 0.003819130 0.354052305 -0.000338224 0.999998510 -0.001643126 -0.522728384 -0.003819691 0.001641822 0.999991298 18.262384415
0.999994636 -0.000168951 0.003261827 0.382439375 0.000171579 0.999999583 -0.000805415 -0.537658274 -0.003261690 0.000805971 0.999994338 18.725027084
0.999987543 0.000921407 0.004906019 0.375814587 -0.000914087 0.999998450 -0.001494104 -0.548123538 -0.004907388 0.001489601 0.999986827 19.200885773
0.999985874 0.000988284 0.005224071 0.389260352 -0.000977945 0.999997497 -0.001981337 -0.558114946 -0.005226016 0.001976200 0.999984443 19.682689667
0.999985695 0.000050607 0.005348578 0.401827008 -0.000043460 0.999999046 -0.001336373 -0.578163087 -0.005348640 0.001336121 0.999984801 20.159231186
0.999988794 0.000694780 0.004688232 0.411507010 -0.000688028 0.999998868 -0.001441517 -0.593085408 -0.004689228 0.001438276 0.999987960 20.662906647
0.999989450 0.000115776 0.004600234 0.422472537 -0.000108992 0.999998987 -0.001474869 -0.599634230 -0.004600399 0.001474352 0.999988317 21.169536591
0.999991059 0.000196443 0.004228990 0.431141078 -0.000189427 0.999998748 -0.001659332 -0.609969318 -0.004229310 0.001658517 0.999989688 21.674467087
0.999990642 0.000607838 0.004282075 0.429502189 -0.000603890 0.999999404 -0.000923096 -0.640295148 -0.004282634 0.000920501 0.999990404 22.169855118
0.999992073 0.000756521 0.003890207 0.442538381 -0.000752047 0.999999046 -0.001151421 -0.648433983 -0.003891075 0.001148487 0.999991775 22.679506302
0.999995708 0.000806863 0.002809868 0.455365062 -0.000804456 0.999999225 -0.000857371 -0.670873046 -0.002810558 0.000855107 0.999995708 23.204154968
0.999996722 0.001047486 0.002333555 0.463485777 -0.001044725 0.999998748 -0.001183791 -0.687696993 -0.002334793 0.001181349 0.999996603 23.729309082
0.999998689 -0.000479848 0.001522270 0.477578282 0.000482178 0.999998689 -0.001530902 -0.700809240 -0.001521534 0.001531634 0.999997675 24.253902435
0.999999702 0.000111470 0.000798918 0.489129514 -0.000110693 0.999999464 -0.000973431 -0.717963219 -0.000799027 0.000973342 0.999999225 24.784301758
0.999998391 0.001700598 0.000603336 0.493951619 -0.001700149 0.999998212 -0.000743794 -0.736747205 -0.000604599 0.000742767 0.999999523 25.320199966
0.999997675 0.001985499 0.000782350 0.496077091 -0.001985036 0.999997854 -0.000590957 -0.749525368 -0.000783521 0.000589402 0.999999523 25.868907928
0.999998629 0.001638588 -0.000069345 0.506557941 -0.001638634 0.999998450 -0.000669942 -0.768711329 0.000068246 0.000670055 0.999999762 26.411476135
0.999999225 0.001007437 -0.000643176 0.519160569 -0.001007696 0.999999404 -0.000402749 -0.782512367 0.000642770 0.000403396 0.999999702 26.959840775
0.999999106 0.000823279 -0.001077862 0.528523147 -0.000823564 0.999999583 -0.000264796 -0.797154307 0.001077644 0.000265683 0.999999404 27.508377075
0.999998271 0.001569986 -0.000999360 0.536170423 -0.001569958 0.999998808 0.000028580 -0.819432497 0.000999403 -0.000027011 0.999999583 28.047641754
0.999997318 0.002264270 -0.000454821 0.529231668 -0.002264091 0.999997377 0.000390903 -0.838249087 0.000455705 -0.000389872 0.999999821 28.597993851
0.999997258 0.001652800 -0.001666492 0.553275466 -0.001652802 0.999998569 0.000000890 -0.847149432 0.001666492 0.000001865 0.999998569 29.132534027
0.999996245 0.002034965 -0.001843760 0.561996520 -0.002035655 0.999997795 -0.000372768 -0.855883002 0.001842998 0.000376520 0.999998212 29.694232941
0.999995410 0.001741917 -0.002465022 0.575556576 -0.001741551 0.999998450 0.000150998 -0.877844155 0.002465282 -0.000146704 0.999996901 30.226419449
0.999994397 0.001814037 -0.002809681 0.589293718 -0.001813826 0.999998331 0.000077218 -0.895084023 0.002809816 -0.000072121 0.999996066 30.775087357
0.999994099 0.001731827 -0.002949075 0.598429441 -0.001731799 0.999998450 0.000011737 -0.908979714 0.002949090 -0.000006630 0.999995649 31.321178436
0.999992251 0.001922049 -0.003424754 0.607690454 -0.001921373 0.999998152 0.000200860 -0.924652994 0.003425133 -0.000194278 0.999994099 31.873613358
0.999992669 0.001352936 -0.003562148 0.616677523 -0.001351117 0.999998927 0.000512961 -0.942961693 0.003562838 -0.000508145 0.999993503 32.420883179
0.999991000 0.001857524 -0.003794418 0.626891136 -0.001856690 0.999998212 0.000223173 -0.954410851 0.003794827 -0.000216126 0.999992788 32.957420349
0.999988675 0.002177799 -0.004239352 0.634618044 -0.002177551 0.999997675 0.000063041 -0.973189950 0.004239480 -0.000053809 0.999991000 33.498104095
0.999991000 0.001476300 -0.003974203 0.648874819 -0.001475795 0.999998927 0.000130184 -0.984123170 0.003974392 -0.000124316 0.999992013 34.058856964
0.999990046 0.001287835 -0.004278436 0.657009065 -0.001286241 0.999999106 0.000375158 -1.002034903 0.004278915 -0.000369651 0.999990761 34.598434448
0.999992430 0.001962297 -0.003365534 0.653978586 -0.001962326 0.999998033 -0.000005383 -1.010547280 0.003365517 0.000011988 0.999994338 35.154239655
0.999989688 0.001738140 -0.004192079 0.669710219 -0.001737337 0.999998569 0.000195209 -1.027894974 0.004192412 -0.000187925 0.999991179 35.686973572
0.999973118 0.001592942 -0.007155399 0.686999559 -0.001595178 0.999998748 -0.000306875 -1.046188116 0.007154900 0.000318281 0.999974370 36.223735809
0.999988675 0.001817810 -0.004395693 0.686763763 -0.001819133 0.999998331 -0.000296777 -1.052993178 0.004395146 0.000304770 0.999990284 36.777667999
0.999987483 0.001777075 -0.004663016 0.694201589 -0.001777709 0.999998450 -0.000131820 -1.066774845 0.004662775 0.000140108 0.999989092 37.332614899
0.999987245 0.001988182 -0.004648605 0.702481091 -0.001991033 0.999997973 -0.000608967 -1.076663136 0.004647384 0.000618215 0.999989033 37.882228851
0.999988616 0.001672603 -0.004498999 0.708643556 -0.001675702 0.999998450 -0.000685349 -1.091618061 0.004497846 0.000692880 0.999989629 38.431919098
0.999988377 0.002285040 -0.004250648 0.716397047 -0.002287044 0.999997258 -0.000466632 -1.114962101 0.004249570 0.000476348 0.999990880 38.969829559
0.999985576 0.001769414 -0.005075924 0.725845158 -0.001772069 0.999998212 -0.000518542 -1.124834538 0.005074998 0.000527529 0.999987006 39.520450592
0.999986708 0.001868433 -0.004817771 0.736857653 -0.001869916 0.999998152 -0.000303311 -1.141113877 0.004817196 0.000312315 0.999988377 40.063953400
0.999985158 0.001787801 -0.005156985 0.754713416 -0.001787055 0.999998331 0.000149285 -1.162441492 0.005157243 -0.000140067 0.999986768 40.599693298
0.999984205 0.001359555 -0.005461244 0.773916602 -0.001364277 0.999998689 -0.000861034 -1.168414593 0.005460067 0.000868471 0.999984682 41.160781860
0.999982893 0.001857285 -0.005546849 0.762759030 -0.001862173 0.999997854 -0.000876157 -1.179150939 0.005545210 0.000886471 0.999984205 41.702198029
0.999978542 0.002397496 -0.006095433 0.780267000 -0.002400877 0.999996901 -0.000547346 -1.203498125 0.006094103 0.000561969 0.999981225 42.228576660
0.999986172 0.002637240 -0.004546527 0.775355399 -0.002641273 0.999996185 -0.000881292 -1.210578322 0.004544186 0.000893289 0.999989271 42.797615051
0.999980569 0.002332749 -0.005775021 0.804513395 -0.002330160 0.999997199 0.000454861 -1.240336537 0.005776066 -0.000441396 0.999983132 43.325450897
0.999981880 0.002134309 -0.005627028 0.785459280 -0.002138339 0.999997377 -0.000710387 -1.241049409 0.005625498 0.000722406 0.999983847 43.888740540
0.999979734 0.001624721 -0.006158535 0.799388885 -0.001626342 0.999998569 -0.000258202 -1.260849237 0.006158108 0.000268212 0.999980927 44.429393768
0.999980450 0.001998783 -0.005918635 0.797769547 -0.002001978 0.999997854 -0.000533918 -1.267629266 0.005917555 0.000545756 0.999982297 44.969776154
0.999981284 0.002269171 -0.005692738 0.806114554 -0.002275691 0.999996841 -0.001139158 -1.280198097 0.005690135 0.001152091 0.999983132 45.517700195
0.999982119 0.001994949 -0.005642119 0.817744493 -0.001997792 0.999997854 -0.000498339 -1.302688837 0.005641113 0.000509602 0.999983966 46.068084717
0.999978364 0.001148201 -0.006491186 0.830270767 -0.001155830 0.999998629 -0.001171597 -1.319068074 0.006489831 0.001179074 0.999978304 46.605937958
0.999979675 0.001920258 -0.006075964 0.837303162 -0.001924750 0.999997854 -0.000733526 -1.331969619 0.006074543 0.000745206 0.999981284 47.153644562
0.999980807 0.001647052 -0.005981600 0.842836022 -0.001650498 0.999998450 -0.000571181 -1.348732352 0.005980651 0.000581043 0.999981999 47.700450897
0.999983191 0.001772821 -0.005517314 0.841077924 -0.001776620 0.999998152 -0.000683680 -1.356625080 0.005516091 0.000693470 0.999984622 48.251407623
0.999981225 0.001464433 -0.005954708 0.855162382 -0.001468157 0.999998748 -0.000621117 -1.371152878 0.005953791 0.000629847 0.999982059 48.791919708
0.999979734 0.001436517 -0.006202605 0.867262900 -0.001438579 0.999998987 -0.000328042 -1.391682506 0.006202126 0.000336958 0.999980688 49.332839966
0.999985039 0.001699824 -0.005205227 0.868024707 -0.001705582 0.999997973 -0.001102093 -1.399467111 0.005203343 0.001110955 0.999985874 49.887397766
0.999982774 0.001576975 -0.005652602 0.872474909 -0.001580299 0.999998569 -0.000583601 -1.417140961 0.005651674 0.000592524 0.999983847 50.423038483
0.999984920 0.001801259 -0.005180523 0.876454234 -0.001806531 0.999997854 -0.001013109 -1.430769444 0.005178687 0.001022452 0.999986112 50.973911285
0.999986351 0.001843277 -0.004878094 0.876448393 -0.001846474 0.999998033 -0.000651045 -1.449534297 0.004876886 0.000660043 0.999987900 51.513568878
0.999979138 0.001731221 -0.006219199 0.901757240 -0.001738619 0.999997914 -0.001184226 -1.458525300 0.006217135 0.001195014 0.999979973 52.063350677
0.999979675 0.001717099 -0.006141367 0.909835994 -0.001725004 0.999997675 -0.001282082 -1.476177931 0.006139152 0.001292649 0.999980271 52.606685638
0.999980628 0.001104489 -0.006118103 0.915979683 -0.001110347 0.999998868 -0.000954387 -1.496619582 0.006117042 0.000961162 0.999980807 53.147434235
0.999980330 0.001418996 -0.006112234 0.920612097 -0.001424725 0.999998689 -0.000933043 -1.511784196 0.006110901 0.000941733 0.999980867 53.692348480
0.999982119 0.001764179 -0.005731466 0.926333666 -0.001771543 0.999997616 -0.001279776 -1.525454760 0.005729196 0.001289907 0.999982715 54.243034363
0.999977708 0.001515136 -0.006498951 0.943588972 -0.001525509 0.999997556 -0.001591419 -1.536501169 0.006496524 0.001601298 0.999977648 54.773544312
0.999978244 0.001105681 -0.006489196 0.949816823 -0.001112776 0.999998808 -0.001089647 -1.560139179 0.006487983 0.001096844 0.999978304 55.311290741
0.999982536 0.001505020 -0.005717033 0.948783159 -0.001511511 0.999998271 -0.001131224 -1.574757457 0.005715320 0.001139845 0.999983013 55.859252930
0.999978304 0.000903237 -0.006524542 0.963802516 -0.000911152 0.999998987 -0.001210191 -1.588872075 0.006523442 0.001216109 0.999978006 56.404151917
0.999976754 0.000654277 -0.006790697 0.983755589 -0.000661320 0.999999285 -0.001034818 -1.610203266 0.006790014 0.001039284 0.999976397 56.935459137
0.999978423 0.001697561 -0.006347626 0.980711699 -0.001705786 0.999997735 -0.001290626 -1.616283178 0.006345421 0.001301426 0.999978960 57.491462708
0.999977231 0.001381148 -0.006609481 0.991455257 -0.001390102 0.999998152 -0.001350251 -1.633493185 0.006607604 0.001359408 0.999977231 58.033596039
0.999982178 0.001600715 -0.005759896 0.997602463 -0.001611564 0.999996960 -0.001879650 -1.645209908 0.005756869 0.001888899 0.999981642 58.581829071
0.999979854 0.001580021 -0.006148897 0.995042562 -0.001594035 0.999996066 -0.002274749 -1.653635263 0.006145279 0.002284504 0.999978483 59.132514954
0.999982476 0.001792309 -0.005648726 1.002539992 -0.001807068 0.999994934 -0.002608724 -1.671715260 0.005644021 0.002618886 0.999980628 59.669261932
0.999978840 0.001853333 -0.006222347 1.010731459 -0.001868273 0.999995530 -0.002395946 -1.683519602 0.006217878 0.002407521 0.999977708 60.217758179
0.999977171 0.002053086 -0.006436612 1.022268772 -0.002065580 0.999996066 -0.001935094 -1.704122901 0.006432614 0.001948345 0.999977410 60.758220673
0.999977946 0.002035388 -0.006317039 1.025682092 -0.002052051 0.999994457 -0.002632387 -1.713660240 0.006311646 0.002645293 0.999976516 61.302322388
0.999976814 0.002278958 -0.006409719 1.037415862 -0.002295018 0.999994278 -0.002499108 -1.731631875 0.006403986 0.002513761 0.999976337 61.847785950
0.999980569 0.001851370 -0.005941414 1.034044743 -0.001868672 0.999994040 -0.002907856 -1.735799074 0.005935995 0.002918903 0.999978065 62.379760742
0.999983788 0.001674312 -0.005452363 1.039842367 -0.001688022 0.999995470 -0.002511078 -1.757179499 0.005448133 0.002520241 0.999981999 62.925621033
0.999978364 0.002229369 -0.006191500 1.053502679 -0.002243145 0.999994993 -0.002219131 -1.776671290 0.006186522 0.002232971 0.999978304 63.454730988
0.999977946 0.003022905 -0.005916098 1.058892131 -0.003035174 0.999993265 -0.002065935 -1.793567657 0.005909814 0.002083846 0.999980271 64.017051697
0.999979198 0.001704267 -0.006222869 1.069908619 -0.001722662 0.999994159 -0.002951880 -1.802273393 0.006217802 0.002962538 0.999976277 64.544616699
0.999977052 0.001519831 -0.006606718 1.084564209 -0.001538528 0.999994755 -0.002825953 -1.818174839 0.006602388 0.002836053 0.999974191 65.090980530
0.999976933 0.001694942 -0.006572830 1.089940548 -0.001713339 0.999994636 -0.002794317 -1.830433846 0.006568058 0.002805515 0.999974489 65.619407654
0.999979734 0.001259922 -0.006226693 1.097598433 -0.001278108 0.999994874 -0.002917478 -1.843368530 0.006222985 0.002925378 0.999976277 66.166488647
0.999977171 0.002036052 -0.006443843 1.102268219 -0.002054523 0.999993801 -0.002861017 -1.865769506 0.006437978 0.002874191 0.999975145 66.704269409
0.999976099 0.002227322 -0.006540056 1.116781116 -0.002245729 0.999993503 -0.002808571 -1.885099292 0.006533758 0.002823191 0.999974668 67.247032166
0.999976099 0.002774749 -0.006336606 1.119695783 -0.002789708 0.999993324 -0.002353117 -1.905523658 0.006330035 0.002370738 0.999977171 67.789375305
0.999975324 0.002838322 -0.006427060 1.136239529 -0.002850941 0.999993980 -0.001955083 -1.928650022 0.006421472 0.001973358 0.999977469 68.323150635
0.999975979 0.003085588 -0.006203560 1.134664297 -0.003101238 0.999992013 -0.002514724 -1.941768050 0.006195751 0.002533903 0.999977589 68.874404907
0.999976337 0.003249421 -0.006067484 1.134734154 -0.003267442 0.999990284 -0.002962580 -1.951882124 0.006057798 0.002982335 0.999977231 69.419013977
0.999978125 0.003036072 -0.005869096 1.137715101 -0.003050813 0.999992132 -0.002504364 -1.977444291 0.005861447 0.002522215 0.999979556 69.951362610
0.999978125 0.003083865 -0.005861558 1.143440962 -0.003098687 0.999991953 -0.002521478 -1.992614627 0.005853736 0.002539586 0.999979556 70.504890442
0.999977231 0.002736971 -0.006165920 1.156009912 -0.002754207 0.999992311 -0.002788702 -2.000287294 0.006158240 0.002805621 0.999977112 71.047737122
0.999976933 0.002528206 -0.006297237 1.161124349 -0.002543413 0.999993801 -0.002408102 -2.025746584 0.006291111 0.002424063 0.999977291 71.573829651
0.999975085 0.002827634 -0.006483111 1.174828529 -0.002837710 0.999994755 -0.001545473 -2.052858591 0.006478707 0.001563831 0.999977827 72.119430542
0.999974966 0.002758777 -0.006505494 1.179114580 -0.002774947 0.999993086 -0.002478144 -2.061740398 0.006498612 0.002496134 0.999975741 72.651809692
0.999975264 0.002607806 -0.006530298 1.190288663 -0.002624189 0.999993443 -0.002501562 -2.081022501 0.006523731 0.002518637 0.999975502 73.196624756
0.999973416 0.002522390 -0.006841861 1.192623138 -0.002537098 0.999994636 -0.002141989 -2.096237421 0.006836421 0.002159290 0.999974310 73.724113464
0.999975383 0.002509354 -0.006555046 1.197708249 -0.002524084 0.999994278 -0.002239980 -2.113282681 0.006549388 0.002256470 0.999975979 74.264175415
0.999974966 0.002294897 -0.006694528 1.212562799 -0.002307704 0.999995470 -0.001905935 -2.130584240 0.006690125 0.001921337 0.999975801 74.801231384
0.999974906 0.002128963 -0.006749376 1.222353697 -0.002140871 0.999996126 -0.001757370 -2.151398897 0.006745609 0.001771776 0.999975681 75.326103210
0.999975324 0.001988329 -0.006735278 1.229945421 -0.002002067 0.999995947 -0.002033525 -2.167345047 0.006731207 0.002046959 0.999975264 75.883766174
0.999976516 0.002058529 -0.006533511 1.233631134 -0.002071610 0.999995887 -0.001996087 -2.183182001 0.006529374 0.002009575 0.999976695 76.434890747
0.999976218 0.001819646 -0.006642383 1.241908312 -0.001833810 0.999996066 -0.002126681 -2.199826479 0.006638486 0.002138812 0.999975681 76.976821899
0.999975622 0.001137147 -0.006887890 1.251620173 -0.001156424 0.999995470 -0.002795136 -2.206533194 0.006884681 0.002803033 0.999972403 77.532424927
0.999972939 0.001696605 -0.007160965 1.258312702 -0.001711800 0.999996305 -0.002116381 -2.230185270 0.007157346 0.002128582 0.999972105 78.048217773
0.999977410 0.002136470 -0.006367575 1.262351990 -0.002151107 0.999995053 -0.002292583 -2.244653463 0.006362646 0.002306228 0.999977052 78.603851318
0.999975026 0.002073581 -0.006759527 1.270073771 -0.002089886 0.999994934 -0.002406004 -2.259685993 0.006754503 0.002420071 0.999974191 79.133964539
0.999974787 0.001638639 -0.006912162 1.282378793 -0.001655498 0.999995649 -0.002434001 -2.281812429 0.006908143 0.002445383 0.999973118 79.672180176
0.999975026 0.001572078 -0.006883920 1.291140795 -0.001590349 0.999995232 -0.002649488 -2.296961069 0.006879722 0.002660370 0.999972761 80.203559875
0.999980330 0.002534264 -0.005738751 1.293261528 -0.002547743 0.999994040 -0.002342738 -2.311967850 0.005732780 0.002357312 0.999980807 80.761451721
0.999984324 0.002459363 -0.005026387 1.307222009 -0.002469271 0.999994934 -0.001965679 -2.338323593 0.005021526 0.001978060 0.999985456 81.269203186
0.999988198 0.002554515 -0.004113246 1.324401736 -0.002564570 0.999993742 -0.002441072 -2.350083590 0.004106984 0.002451592 0.999988556 81.832733154
0.999994457 0.002007411 -0.002649032 1.331825733 -0.002013726 0.999995112 -0.002383449 -2.363948107 0.002644235 0.002388771 0.999993622 82.376365662
0.999998271 0.001611335 0.000912997 1.346007109 -0.001609059 0.999995589 -0.002487747 -2.380018950 -0.000917001 0.002486274 0.999996483 82.930252075
0.999990225 0.002258611 0.003803462 1.369122744 -0.002249047 0.999994278 -0.002517069 -2.396269560 -0.003809126 0.002508491 0.999989569 83.459030151
0.999964952 0.002732064 0.007917369 1.362036228 -0.002712425 0.999993205 -0.002490134 -2.413067341 -0.007924118 0.002468572 0.999965549 83.998474121
0.999920309 0.002576771 0.012357310 1.396515608 -0.002549567 0.999994218 -0.002216643 -2.431403160 -0.012362951 0.002184961 0.999921203 84.542022705
0.999828875 0.003151564 0.018228302 1.413847327 -0.003109668 0.999992549 -0.002326337 -2.447526932 -0.018235490 0.002269256 0.999831080 85.093688965
0.999717236 0.002408464 0.023657115 1.451511621 -0.002353161 0.999994457 -0.002365351 -2.469044209 -0.023662683 0.002309013 0.999717295 85.633064270
0.999564707 0.002343568 0.029408140 1.478611112 -0.002270845 0.999994338 -0.002506041 -2.480513573 -0.029413844 0.002438168 0.999564350 86.183792114
0.999280870 0.002141605 0.037856299 1.512819171 -0.002057721 0.999995470 -0.002254689 -2.504564047 -0.037860945 0.002175171 0.999280632 86.732376099
0.998944163 0.001990595 0.045898315 1.555662632 -0.001893169 0.999995828 -0.002166005 -2.521052837 -0.045902438 0.002076825 0.998943686 87.285430908
0.998614907 0.002077203 0.052571669 1.598860264 -0.001966947 0.999995768 -0.002148909 -2.538644791 -0.052575909 0.002042527 0.998614788 87.821792603
0.998072982 0.001920393 0.062020179 1.647747040 -0.001756177 0.999994814 -0.002702196 -2.547930002 -0.062025044 0.002588070 0.998071253 88.391448975
0.997367203 0.001753941 0.072495081 1.705173492 -0.001575535 0.999995649 -0.002518049 -2.563710213 -0.072499163 0.002397201 0.997365654 88.913505554
0.996756732 0.001094249 0.080465920 1.774919510 -0.000913583 0.999996960 -0.002282038 -2.586458683 -0.080468170 0.002201124 0.996754766 89.473381042
0.996011913 0.001291893 0.089210540 1.827774525 -0.001090356 0.999996722 -0.002307805 -2.599308491 -0.089213230 0.002201330 0.996010125 90.016990662
0.995056033 0.000592021 0.099313207 1.915478706 -0.000383451 0.999997616 -0.002119208 -2.617563248 -0.099314228 0.002070648 0.995053947 90.571945190
0.993929505 0.000954548 0.110014446 1.991929531 -0.000758213 0.999998152 -0.001826453 -2.639420033 -0.110015973 0.001731951 0.993928313 91.111145020
0.992923319 0.000272622 0.118755780 2.079483032 -0.000033930 0.999997914 -0.002011957 -2.655541897 -0.118756071 0.001993689 0.992921412 91.651863098
0.991525650 0.001040150 0.129906952 2.171391487 -0.000764080 0.999997318 -0.002174954 -2.665322065 -0.129908845 0.002057263 0.991523802 92.203948975
0.989902079 0.000301619 0.141752332 2.268806458 0.000025693 0.999997258 -0.002307207 -2.682403564 -0.141752690 0.002287551 0.989899397 92.738265991
0.988300800 0.000120919 0.152517080 2.374543190 0.000149276 0.999998391 -0.001760115 -2.705386877 -0.152517065 0.001762290 0.988299191 93.284942627
0.986599922 -0.000205356 0.163158029 2.481907845 0.000565415 0.999997437 -0.002160379 -2.713709354 -0.163157180 0.002223682 0.986597598 93.839324951
0.984362245 -0.000076220 0.176155835 2.603935242 0.000468720 0.999997497 -0.002186530 -2.732123852 -0.176155224 0.002234905 0.984359920 94.359893799
0.982021153 -0.000546315 0.188769966 2.722620964 0.000909191 0.999997914 -0.001835731 -2.747810602 -0.188768610 0.001974355 0.982019603 94.915534973
0.979945481 -0.000395025 0.199265257 2.854614258 0.000828658 0.999997437 -0.002092768 -2.763356447 -0.199263945 0.002215921 0.979943335 95.436141968
0.977276802 -0.000506663 0.211966604 2.997245789 0.000921465 0.999997795 -0.001858141 -2.778530598 -0.211965188 0.002011237 0.977275133 95.985237122
0.974420846 -0.001102156 0.224728405 3.155826569 0.001491542 0.999997735 -0.001562935 -2.799589396 -0.224726155 0.001858148 0.974420190 96.498428345
0.971744061 -0.001214476 0.236033976 3.298736572 0.001529648 0.999998212 -0.001152177 -2.817906857 -0.236032158 0.001480670 0.971744120 97.031402588
0.968715787 -0.002598360 0.248159260 3.443502426 0.003106413 0.999993801 -0.001655741 -2.831997633 -0.248153403 0.002374828 0.968717754 97.572250366
0.965180457 -0.002221470 0.261575609 3.611133575 0.002636414 0.999995828 -0.001235419 -2.850464821 -0.261571765 0.001882024 0.965182245 98.095993042
0.961658478 -0.002488218 0.274238527 3.776313782 0.003057313 0.999993980 -0.001647792 -2.861600637 -0.274232775 0.002423046 0.961660266 98.621925354
0.958197355 -0.002734768 0.286094993 3.943923950 0.003233364 0.999993980 -0.001270380 -2.881965637 -0.286089748 0.002142324 0.958200395 99.171524048
0.953926980 -0.002819998 0.300025642 4.134031296 0.003327265 0.999993742 -0.001179859 -2.896966934 -0.300020456 0.002123764 0.953930318 99.687210083
0.949578166 -0.003044524 0.313515753 4.328496933 0.003518052 0.999993384 -0.000944647 -2.915051937 -0.313510805 0.001999981 0.949582577 100.190742493
0.945660293 -0.003461649 0.325137466 4.519666672 0.004172366 0.999990284 -0.001488686 -2.924256802 -0.325129092 0.002764384 0.945665598 100.709487915
0.941035748 -0.004382710 0.338279188 4.731927872 0.005172661 0.999985516 -0.001433759 -2.939928055 -0.338268012 0.003099021 0.941044867 101.238845825
0.935796738 -0.004353021 0.352513254 4.948234558 0.005098683 0.999986231 -0.001186817 -2.957563400 -0.352503181 0.002907973 0.935806155 101.751464844
0.931059957 -0.004196259 0.364841938 5.160768509 0.004817382 0.999988198 -0.000792297 -2.977735281 -0.364834249 0.002495260 0.931069136 102.247840881
0.926622033 -0.005625595 0.375951976 5.395242691 0.006554847 0.999977827 -0.001192693 -2.988110065 -0.375936866 0.003569483 0.926638365 102.744667053
0.920595229 -0.005587909 0.390478224 5.622615814 0.006361189 0.999979556 -0.000687069 -3.007828236 -0.390466392 0.003116418 0.920611918 103.241210938
0.914974511 -0.005837980 0.403469086 5.863239288 0.006662280 0.999977589 -0.000639378 -3.022820950 -0.403456330 0.003273039 0.914993048 103.732025146
0.910054505 -0.006192058 0.414442301 6.112052917 0.006973725 0.999975622 -0.000372943 -3.041662455 -0.414429903 0.003229605 0.910075486 104.220283508
0.903840780 -0.006710894 0.427816302 6.375316620 0.007684386 0.999970317 -0.000548759 -3.052656174 -0.427800000 0.003783497 0.903865516 104.733657837
0.897088706 -0.006442540 0.441803664 6.638320923 0.007379824 0.999972701 -0.000402878 -3.071358204 -0.441789031 0.003621850 0.897111714 105.213165283
0.891395211 -0.007561144 0.453163862 6.923095703 0.008680946 0.999962211 -0.000391239 -3.084823608 -0.453143805 0.004282639 0.891427219 105.703460693
0.885480404 -0.008479808 0.464599341 7.170253754 0.009627555 0.999953628 -0.000098141 -3.096113443 -0.464576870 0.004559858 0.885521054 106.172561646
0.878415406 -0.008626025 0.477819860 7.457916260 0.009718334 0.999952734 0.000186016 -3.112258196 -0.477798909 0.004480214 0.878457844 106.644638062
