1.000000000 0.000000000 0.000000000 0.000000000 0.000000000 1.000000000 0.000000000 0.000000000 0.000000000 0.000000000 1.000000000 0.000000000
0.999999940 0.000182910 0.000166153 -0.001280291 -0.000182903 1.000000000 -0.000038068 -0.000504314 -0.000166160 0.000038038 1.000000000 0.000991340
1.000000000 0.000091726 -0.000016483 0.007485523 -0.000091726 1.000000000 0.000036697 -0.000156540 0.000016486 -0.000036695 1.000000000 -0.004357807
1.000000000 -0.000030694 0.000031152 0.001306075 0.000030694 1.000000000 -0.000019594 0.000180715 -0.000031151 0.000019595 1.000000000 0.000013427
1.000000000 0.000107156 0.000174156 -0.002400600 -0.000107141 1.000000000 -0.000084435 0.002282915 -0.000174166 0.000084416 1.000000000 0.001780674
1.000000000 -0.000005382 0.000007388 -0.000280228 0.000005381 1.000000000 0.000026806 0.001613547 -0.000007388 -0.000026806 1.000000000 -0.002119058
1.000000000 0.000077667 0.000130111 -0.004463886 -0.000077663 1.000000000 -0.000030857 0.002828935 -0.000130114 0.000030847 1.000000000 0.000738612
1.000000000 0.000142640 0.000050569 0.000218334 -0.000142638 1.000000000 -0.000024284 -0.000678571 -0.000050572 0.000024277 1.000000000 -0.004400437
1.000000000 0.000099733 0.000076191 0.001352476 -0.000099729 1.000000000 -0.000045565 -0.000351244 -0.000076196 0.000045557 1.000000000 -0.002603351
1.000000000 0.000185500 0.000089364 0.000848345 -0.000185502 1.000000000 0.000021150 0.001676172 -0.000089360 -0.000021166 1.000000000 -0.009459410
1.000000000 -0.000051919 0.000049896 0.000169354 0.000051923 1.000000000 -0.000080251 -0.000710172 -0.000049892 0.000080254 1.000000000 0.001348037
1.000000000 0.000029151 0.000131454 -0.005667501 -0.000029134 1.000000000 -0.000136729 0.001694938 -0.000131458 0.000136725 1.000000000 0.002217964
0.999999940 0.000115953 0.000224861 -0.003840610 -0.000115941 1.000000000 -0.000054365 0.001687249 -0.000224868 0.000054339 1.000000000 0.002354910
1.000000000 -0.000217085 -0.000006975 -0.002043273 0.000217086 0.999999940 0.000123370 0.001116911 0.000006948 -0.000123371 1.000000000 -0.005790305
0.999999940 -0.000283800 -0.000002970 -0.000930270 0.000283800 0.999999940 0.000037428 -0.001125243 0.000002959 -0.000037428 1.000000000 -0.002865651
1.000000000 -0.000194393 0.000049418 -0.000474417 0.000194393 1.000000000 -0.000010690 -0.000907376 -0.000049416 0.000010699 1.000000000 -0.002844847
1.000000000 0.000161943 0.000110591 -0.000806806 -0.000161951 1.000000000 0.000070896 -0.001443440 -0.000110579 -0.000070914 1.000000000 -0.014689931
1.000000000 -0.000158386 0.000019989 -0.000148494 0.000158388 1.000000000 -0.000069228 0.000669376 -0.000019978 0.000069231 1.000000000 -0.003640683
1.000000000 -0.000026270 0.000029048 -0.000394347 0.000026271 1.000000000 -0.000046731 -0.000376469 -0.000029047 0.000046732 1.000000000 -0.010549089
1.000000000 -0.000085817 0.000024271 -0.000260748 0.000085817 1.000000000 -0.000033041 0.000085482 -0.000024268 0.000033043 1.000000000 -0.007337504
1.000000000 0.000048211 0.000207635 -0.003653465 -0.000048209 1.000000000 -0.000010126 -0.001424357 -0.000207636 0.000010116 1.000000000 -0.003602807
1.000000000 -0.000093916 0.000088076 0.000515033 0.000093917 1.000000000 -0.000014306 -0.000565564 -0.000088075 0.000014315 1.000000000 -0.007277571
1.000000000 -0.000161119 0.000074782 -0.000984923 0.000161110 1.000000000 0.000114236 -0.001377840 -0.000074800 -0.000114224 1.000000000 -0.008804717
1.000000000 0.000037253 -0.000048325 0.006064449 -0.000037250 1.000000000 0.000064368 -0.001593380 0.000048328 -0.000064366 1.000000000 -0.013503952
1.000000000 -0.000082889 0.000060235 0.000646878 0.000082886 1.000000000 0.000042501 -0.001388188 -0.000060239 -0.000042496 1.000000000 -0.007589690
1.000000000 0.000142184 0.000177721 -0.005096398 -0.000142173 1.000000000 -0.000060032 0.000077406 -0.000177730 0.000060007 1.000000000 -0.007143930
1.000000000 0.000033868 0.000160367 -0.006865278 -0.000033886 1.000000000 0.000111568 0.000026143 -0.000160363 -0.000111574 1.000000000 -0.007672769
1.000000000 -0.000235663 0.000014910 -0.005339997 0.000235662 1.000000000 0.000019416 0.002440013 -0.000014914 -0.000019412 1.000000000 -0.008306877
1.000000000 -0.000189931 -0.000037891 0.000077714 0.000189933 1.000000000 0.000047238 -0.001900226 0.000037882 -0.000047245 1.000000000 -0.002759946
1.000000000 -0.000075083 0.000118578 -0.002991630 0.000075085 1.000000000 -0.000016630 0.001777471 -0.000118577 0.000016638 1.000000000 -0.001813574
1.000000000 -0.000164469 0.000120753 -0.003804833 0.000164457 1.000000000 0.000096369 -0.000279272 -0.000120768 -0.000096349 1.000000000 -0.005364721
1.000000000 -0.000198768 -0.000014176 0.000661548 0.000198769 1.000000000 0.000011650 -0.000328478 0.000014174 -0.000011653 1.000000000 -0.006752695
1.000000000 -0.000022167 0.000040655 -0.003530604 0.000022170 1.000000000 -0.000093447 0.000916280 -0.000040653 0.000093448 1.000000000 -0.004175278
1.000000000 0.000028566 -0.000004126 -0.000940779 -0.000028567 1.000000000 -0.000161152 0.005700178 0.000004121 0.000161152 1.000000000 0.001018826
1.000000000 -0.000175697 -0.000026242 -0.003012047 0.000175694 1.000000000 -0.000137300 0.001954807 0.000026266 0.000137296 1.000000000 -0.006747148
0.999999940 -0.000269355 -0.000116425 -0.000703683 0.000269350 0.999999940 -0.000044983 -0.000835437 0.000116437 0.000044952 1.000000000 -0.005560940
1.000000000 -0.000199012 0.000048900 -0.001596456 0.000199009 1.000000000 0.000066375 -0.000850965 -0.000048914 -0.000066366 1.000000000 -0.003393908
1.000000000 0.000076359 0.000074710 -0.003060437 -0.000076370 1.000000000 0.000144265 -0.001967931 -0.000074699 -0.000144271 1.000000000 -0.008222483
0.999999940 -0.000292551 -0.000115367 0.000416203 0.000292557 0.999999940 0.000051592 -0.002782222 0.000115352 -0.000051625 1.000000000 -0.001565078
1.000000000 0.000069494 0.000067352 -0.000003927 -0.000069446 0.999999762 -0.000719485 -0.003695327 -0.000067402 0.000719480 0.999999762 0.049105551
1.000000000 0.000052631 -0.000077958 0.004968070 -0.000052736 0.999999106 -0.001347315 -0.002862155 0.000077887 0.001347320 0.999999106 0.143793449
1.000000000 -0.000050744 -0.000218577 0.008533224 0.000050440 0.999999046 -0.001389870 -0.011306748 0.000218648 0.001389859 0.999998987 0.260359228
1.000000000 -0.000045850 0.000027000 0.003554185 0.000045883 0.999999225 -0.001223702 -0.017250214 -0.000026944 0.001223703 0.999999225 0.384364963
1.000000000 -0.000002264 -0.000199624 0.007496014 0.000002010 0.999999166 -0.001270834 -0.017725021 0.000199627 0.001270834 0.999999166 0.530199647
0.999999940 0.000363304 0.000148954 0.007533572 -0.000363090 0.999998927 -0.001435227 -0.023854557 -0.000149475 0.001435172 0.999998987 0.681216359
1.000000000 -0.000169372 0.000065720 0.026039451 0.000169430 0.999999583 -0.000882185 -0.026706148 -0.000065571 0.000882197 0.999999583 0.865219593
0.999999940 0.000209556 0.000144078 0.017554237 -0.000209448 0.999999702 -0.000749687 -0.030407786 -0.000144235 0.000749657 0.999999702 1.037030816
1.000000000 -0.000062286 0.000232523 0.022244910 0.000062470 0.999999702 -0.000792485 -0.039585415 -0.000232473 0.000792499 0.999999642 1.227360010
0.999999940 -0.000191894 -0.000312450 0.049515814 0.000191697 0.999999762 -0.000630599 -0.045313857 0.000312571 0.000630539 0.999999762 1.444356203
0.999999881 -0.000071057 -0.000526392 0.045895655 0.000070729 0.999999821 -0.000623727 -0.048629042 0.000526436 0.000623690 0.999999642 1.649875045
0.999999702 -0.000771961 0.000117075 0.044309784 0.000771985 0.999999702 -0.000202305 -0.065935455 -0.000116919 0.000202395 1.000000000 1.840206623
0.999995410 -0.002960779 -0.000531537 0.033517037 0.002961905 0.999993324 0.002130680 -0.104044847 0.000525225 -0.002132245 0.999997556 1.951582551
0.999996185 -0.002738823 -0.000278923 0.037123580 0.002739384 0.999994218 0.002033300 -0.110973418 0.000273352 -0.002034056 0.999997914 2.177437067
0.999997616 -0.002171919 0.000105994 0.036088053 0.002171699 0.999995589 0.002033588 -0.113155842 -0.000110411 -0.002033352 0.999997914 2.388039589
0.999993980 -0.003388925 -0.000875332 0.051125906 0.003391078 0.999991179 0.002469263 -0.130018383 0.000866956 -0.002472216 0.999996483 2.618475914
0.999994874 -0.003089790 -0.000745588 0.055697136 0.003091837 0.999991417 0.002759643 -0.134590700 0.000737055 -0.002761934 0.999995887 2.848162413
0.999994516 -0.003202570 -0.000907191 0.063760214 0.003204897 0.999991596 0.002575458 -0.140431032 0.000898936 -0.002578351 0.999996245 3.080765486
0.999992967 -0.003678255 -0.000756513 0.059280701 0.003680170 0.999990046 0.002546071 -0.145450458 0.000747141 -0.002548837 0.999996483 3.317764044
0.999995768 -0.002895912 -0.000274164 0.063402250 0.002896551 0.999993026 0.002359099 -0.154176354 0.000267330 -0.002359883 0.999997199 3.578929424
0.999996245 -0.002681023 -0.000408384 0.064547658 0.002682016 0.999993384 0.002451421 -0.161784500 0.000401808 -0.002452507 0.999996960 3.826451540
0.999994040 -0.003384020 -0.000624245 0.081401393 0.003385517 0.999991357 0.002412983 -0.165829524 0.000616074 -0.002415082 0.999996901 4.104543686
0.999996245 -0.002708455 -0.000387786 0.077445380 0.002709525 0.999992490 0.002786032 -0.172376618 0.000380238 -0.002787072 0.999996126 4.362160683
0.999995887 -0.002848399 -0.000373727 0.082578748 0.002849470 0.999991775 0.002895682 -0.187272415 0.000365476 -0.002896735 0.999995768 4.611749172
0.999993563 -0.003616833 -0.000087636 0.070704982 0.003617120 0.999987185 0.003535596 -0.212156653 0.000074848 -0.003535890 0.999993742 4.851805687
0.999992251 -0.003931738 0.000003914 0.076298833 0.003931703 0.999986470 0.003395965 -0.219243765 -0.000017266 -0.003395923 0.999994218 5.102427959
0.999992907 -0.003757609 0.000001681 0.082713813 0.003757577 0.999986112 0.003693093 -0.228064552 -0.000015559 -0.003693061 0.999993205 5.380745411
0.999993324 -0.003632450 0.000294258 0.082283288 0.003631407 0.999987364 0.003470084 -0.231415033 -0.000306859 -0.003468993 0.999993920 5.632972717
0.999992371 -0.003896107 0.000252736 0.094198063 0.003895144 0.999985516 0.003703870 -0.242058620 -0.000267163 -0.003702857 0.999993145 5.917602062
0.999993742 -0.003538262 -0.000135209 0.094530642 0.003538722 0.999987364 0.003569022 -0.254162550 0.000122579 -0.003569478 0.999993622 6.208198547
0.999992311 -0.003905652 -0.000137813 0.096664660 0.003906118 0.999985933 0.003564553 -0.260123283 0.000123889 -0.003565064 0.999993622 6.496641159
0.999990821 -0.004273581 -0.000335356 0.116249725 0.004274776 0.999984086 0.003647644 -0.272084385 0.000319762 -0.003649044 0.999993324 6.776763916
0.999990702 -0.004311884 0.000002722 0.119252160 0.004311846 0.999984026 0.003640563 -0.271555513 -0.000018420 -0.003640517 0.999993384 7.082003593
0.999991775 -0.004065187 -0.000293970 0.131746054 0.004066223 0.999985158 0.003612127 -0.287664890 0.000279282 -0.003613292 0.999993443 7.365925789
0.999991775 -0.004041215 0.000063278 0.123898357 0.004040942 0.999984443 0.003840832 -0.306580186 -0.000078799 -0.003840545 0.999992549 7.687633991
0.999993145 -0.003705504 0.000125726 0.134529099 0.003704926 0.999983788 0.004327980 -0.317398965 -0.000141761 -0.004327484 0.999990642 8.001211166
0.999989450 -0.004595166 0.000127002 0.129461586 0.004594587 0.999980509 0.004234870 -0.324933767 -0.000146460 -0.004234242 0.999991000 8.314697266
0.999989688 -0.004543713 0.000047234 0.144159243 0.004543491 0.999981940 0.003954040 -0.328658164 -0.000065199 -0.003953785 0.999992192 8.669466972
0.999991596 -0.004103524 0.000166661 0.137925923 0.004102817 0.999983430 0.004042127 -0.328920931 -0.000183245 -0.004041409 0.999991775 9.011719704
0.999992669 -0.003810083 0.000471680 0.164876863 0.003808104 0.999984264 0.004128463 -0.345422506 -0.000487402 -0.004126636 0.999991298 9.353664398
0.999987364 -0.005007358 -0.000495589 0.156499848 0.005009464 0.999978006 0.004342789 -0.367433310 0.000473832 -0.004345217 0.999990404 9.717697144
0.999987185 -0.005034993 -0.000641795 0.168397814 0.005037721 0.999978006 0.004320690 -0.377174288 0.000620026 -0.004323868 0.999990404 10.063912392
0.999989510 -0.004558302 -0.000476485 0.166099757 0.004560417 0.999979377 0.004537458 -0.391313255 0.000455792 -0.004539582 0.999989629 10.430304527
0.999987960 -0.004881451 -0.000619520 0.177476168 0.004884420 0.999976158 0.004885423 -0.401254296 0.000595658 -0.004888390 0.999987841 10.786108017
0.999987006 -0.005058496 -0.000611280 0.191436112 0.005061305 0.999976218 0.004682873 -0.398425311 0.000587578 -0.004685906 0.999988794 11.196149826
0.999986291 -0.005176413 -0.000808453 0.189176738 0.005180399 0.999974072 0.005008913 -0.417836577 0.000782504 -0.005013033 0.999987125 11.581038475
0.999984503 -0.005556084 -0.000319899 0.178733334 0.005557745 0.999969661 0.005447365 -0.458151281 0.000289624 -0.005449058 0.999985039 11.942874908
0.999981642 -0.006023036 -0.000658590 0.192929849 0.006026620 0.999966264 0.005580410 -0.468697369 0.000624957 -0.005584277 0.999984145 12.323891640
0.999983728 -0.005683348 -0.000470279 0.203884706 0.005685990 0.999966860 0.005821616 -0.480535716 0.000437177 -0.005824196 0.999982893 12.708338737
0.999979258 -0.006378396 -0.000849595 0.224278316 0.006383272 0.999962330 0.005865491 -0.484997362 0.000812151 -0.005870792 0.999982417 13.110083580
0.999979854 -0.006294383 -0.000807192 0.230567008 0.006299302 0.999960601 0.006241355 -0.498386681 0.000767874 -0.006246313 0.999980211 13.485269547
0.999984920 -0.005454450 -0.000492718 0.240043908 0.005457237 0.999967992 0.005845228 -0.499175638 0.000460819 -0.005847829 0.999982774 13.916583061
0.999987841 -0.004927108 -0.000190690 0.242088854 0.004928261 0.999966025 0.006609794 -0.534740508 0.000158116 -0.006610653 0.999978125 14.330305099
0.999979258 -0.006439565 -0.000271930 0.255999357 0.006441239 0.999956965 0.006685515 -0.550868154 0.000228867 -0.006687128 0.999977589 14.762290955
0.999975324 -0.006995875 -0.000637637 0.271533012 0.007000171 0.999951005 0.007005526 -0.559812844 0.000588596 -0.007009816 0.999975264 15.139544487
0.999986231 -0.005161121 0.000993567 0.260719717 0.005153609 0.999959230 0.007420579 -0.571235955 -0.001031825 -0.007415356 0.999971986 15.571809769
0.999981642 -0.006034333 0.000636573 0.293466955 0.006029200 0.999951541 0.007779446 -0.595494747 -0.000683486 -0.007775465 0.999969542 15.996732712
0.999982774 -0.005838459 0.000499633 0.293190777 0.005834554 0.999954879 0.007490963 -0.616497517 -0.000543346 -0.007487919 0.999971807 16.557085037
0.999985993 -0.005211092 0.000899242 0.302623630 0.005205160 0.999965489 0.006477483 -0.613856018 -0.000932965 -0.006472711 0.999978602 17.023963928
0.999982238 -0.005838064 0.001245421 0.317943901 0.005829012 0.999957502 0.007152477 -0.626061678 -0.001287125 -0.007145091 0.999973595 17.477258682
0.999986053 -0.005055960 0.001566464 0.318873465 0.005044477 0.999961019 0.007250264 -0.641110897 -0.001603060 -0.007242260 0.999972463 17.936313629
0.999985397 -0.005129200 0.001727409 0.333793640 0.005116395 0.999960005 0.007337864 -0.633629084 -0.001764978 -0.007328919 0.999971569 18.400518417
0.999975026 -0.006889510 0.001584354 0.355173469 0.006877678 0.999949336 0.007356449 -0.646777093 -0.001634956 -0.007345370 0.999971688 18.882837296
0.999981701 -0.005678041 0.002100411 0.340339005 0.005661147 0.999952197 0.007963857 -0.690579176 -0.002145530 -0.007951819 0.999966025 19.417375565
0.999970973 -0.007447210 0.001570896 0.358674139 0.007435600 0.999945939 0.007270884 -0.696813285 -0.001624959 -0.007258993 0.999972284 19.894054413
0.999983847 -0.005329203 0.001973383 0.363084108 0.005313522 0.999954939 0.007867846 -0.709414244 -0.002015224 -0.007857233 0.999967039 20.388910294
0.999978364 -0.006374808 0.001645828 0.367364764 0.006360686 0.999944091 0.008447261 -0.722023606 -0.001699586 -0.008436609 0.999962986 20.905963898
0.999979854 -0.006108002 0.001715053 0.382757545 0.006092523 0.999941945 0.008889668 -0.756852806 -0.001769251 -0.008879040 0.999958992 21.388734818
0.999983430 -0.005583521 0.001393925 0.376912117 0.005571677 0.999949515 0.008360866 -0.753628612 -0.001440537 -0.008352960 0.999964058 21.914949417
0.999982774 -0.005835515 0.000561047 0.398241490 0.005831224 0.999955773 0.007366412 -0.754468262 -0.000604009 -0.007363014 0.999972761 22.434497833
0.999980569 -0.006210933 0.000505117 0.393455625 0.006206389 0.999944150 0.008546956 -0.780921459 -0.000558174 -0.008543654 0.999963403 22.953060150
0.999980569 -0.006228600 0.000048996 0.384797096 0.006227983 0.999946594 0.008249552 -0.787688732 -0.000100377 -0.008249086 0.999965966 23.475309372
0.999975801 -0.006888867 -0.000951231 0.424248964 0.006896554 0.999941468 0.008329457 -0.809009790 0.000893794 -0.008335814 0.999964833 24.036108017
0.999964952 -0.008108964 -0.002089429 0.429111362 0.008125218 0.999935806 0.007891688 -0.815848053 0.002025302 -0.007908388 0.999966681 24.583301544
0.999968469 -0.007578953 -0.002361265 0.436149538 0.007598612 0.999935627 0.008431493 -0.831784725 0.002297211 -0.008449169 0.999961674 25.080301285
0.999970675 -0.007183696 -0.002649607 0.422611326 0.007208356 0.999929667 0.009417675 -0.863787413 0.002581767 -0.009436498 0.999952137 25.631034851
0.999963939 -0.007777064 -0.003403470 0.430538476 0.007809189 0.999924064 0.009529736 -0.870625138 0.003329099 -0.009555970 0.999948800 26.170619965
0.999965549 -0.007562323 -0.003423990 0.432554871 0.007594177 0.999927104 0.009387545 -0.884271145 0.003352748 -0.009413224 0.999950051 26.717046738
0.999951959 -0.008639181 -0.004621260 0.465822816 0.008686103 0.999909937 0.010231326 -0.882292569 0.004532453 -0.010270976 0.999936998 27.263914108
0.999954760 -0.008582385 -0.004099077 0.426738769 0.008623699 0.999911070 0.010169609 -0.918881416 0.004011433 -0.010204497 0.999939859 27.852910995
0.999947369 -0.008951427 -0.005010884 0.446366012 0.009002333 0.999907136 0.010230297 -0.936998010 0.004918844 -0.010274870 0.999935091 28.396505356
0.999953747 -0.008265506 -0.004913901 0.447022378 0.008314760 0.999914527 0.010089121 -0.939169645 0.004830089 -0.010129513 0.999936998 28.958339691
0.999938071 -0.009483500 -0.005823820 0.472343266 0.009541566 0.999904215 0.010024806 -0.945440948 0.005728192 -0.010079752 0.999932766 29.494775772
0.999932826 -0.009405348 -0.006759683 0.479013801 0.009474926 0.999901652 0.010335655 -0.960933685 0.006661807 -0.010399008 0.999923706 30.049377441
0.999930501 -0.009722960 -0.006671432 0.460105002 0.009796968 0.999889791 0.011151658 -0.983199835 0.006562271 -0.011216242 0.999915540 30.534954071
0.999939799 -0.008976622 -0.006316297 0.467250526 0.009045545 0.999898911 0.010969653 -1.000755787 0.006217189 -0.011026124 0.999919891 31.065687180
0.999928892 -0.009705774 -0.006930978 0.477940619 0.009782908 0.999889672 0.011183117 -1.009827614 0.006821672 -0.011250124 0.999913394 31.640054703
0.999929130 -0.009511176 -0.007166509 0.481933653 0.009597735 0.999880314 0.012142391 -1.027973652 0.007050162 -0.012210311 0.999900579 32.175270081
0.999925971 -0.009837938 -0.007162155 0.486490607 0.009921902 0.999881327 0.011783976 -1.029094219 0.007045376 -0.011854165 0.999904871 32.675670624
0.999912560 -0.010504012 -0.008034918 0.486133039 0.010600957 0.999870360 0.012119571 -1.115433574 0.007906572 -0.012203691 0.999894261 33.313259125
0.999905944 -0.011197760 -0.007924654 0.493126631 0.011293701 0.999862254 0.012167274 -1.131358981 0.007787315 -0.012255628 0.999894559 33.864151001
0.999908447 -0.010933761 -0.007969285 0.475379974 0.011035280 0.999857008 0.012808126 -1.149700522 0.007828105 -0.012894897 0.999886215 34.371997833
0.999915898 -0.010174695 -0.008032389 0.479369104 0.010276780 0.999865651 0.012771654 -1.139746547 0.007901362 -0.012853128 0.999886215 34.911575317
0.999907911 -0.010545350 -0.008545506 0.470179945 0.010658179 0.999855161 0.013267000 -1.153480768 0.008404364 -0.013356859 0.999875486 35.435317993
0.999900579 -0.011184587 -0.008587045 0.413298488 0.011298738 0.999846876 0.013361976 -1.197672248 0.008436281 -0.013457671 0.999873877 36.068855286
0.999902785 -0.011034479 -0.008526505 0.406910092 0.011142978 0.999856174 0.012783915 -1.204152703 0.008384216 -0.012877683 0.999881923 36.635578156
0.999923766 -0.009359644 -0.008059211 0.408122480 0.009464330 0.999869943 0.013050837 -1.209097743 0.007936013 -0.013126118 0.999882400 37.167289734
0.999915004 -0.009889979 -0.008501382 0.409184456 0.010004412 0.999858439 0.013524876 -1.229315996 0.008366417 -0.013608776 0.999872446 37.659580231
0.999907315 -0.010690001 -0.008436480 0.414632142 0.010801592 0.999853313 0.013294256 -1.241313219 0.008293126 -0.013384149 0.999876082 38.331382751
0.999898851 -0.011057728 -0.008937784 0.410286158 0.011181839 0.999840021 0.013957325 -1.275418162 0.008782018 -0.014055853 0.999862671 39.016956329
0.999882042 -0.011957756 -0.009632763 0.454428971 0.012096961 0.999821305 0.014524931 -1.317329884 0.009457356 -0.014639745 0.999848127 39.539871216
0.999865830 -0.012834558 -0.010177736 0.492053479 0.012991815 0.999794781 0.015538422 -1.340128183 0.009976219 -0.015668565 0.999827445 40.183128357
0.999880016 -0.012350284 -0.009348721 0.434916526 0.012490299 0.999808431 0.015069837 -1.332216263 0.009160814 -0.015184800 0.999842703 40.437782288
0.999891818 -0.011681966 -0.008935382 0.432464927 0.011817534 0.999813497 0.015272685 -1.349465132 0.008755300 -0.015376627 0.999843478 40.962635040
0.999883592 -0.011460727 -0.010069252 0.463883400 0.011610089 0.999821544 0.014902494 -1.349865675 0.009896661 -0.015017664 0.999838233 41.530090332
0.999883771 -0.011390619 -0.010131380 0.477655739 0.011544608 0.999816716 0.015272750 -1.375433445 0.009955556 -0.015387936 0.999832034 42.089721680
0.999868512 -0.012715998 -0.010060826 0.461732268 0.012876037 0.999789059 0.016005535 -1.382408857 0.009855177 -0.016132975 0.999821246 42.597564697
0.999877691 -0.011904212 -0.010138500 0.493322998 0.012063188 0.999802887 0.015766386 -1.392873883 0.009948812 -0.015886759 0.999824286 43.194671631
0.999876916 -0.011931014 -0.010183800 0.484705687 0.012092347 0.999799967 0.015930327 -1.368552804 0.009991697 -0.016051516 0.999821186 43.744007111
0.999911427 -0.010192079 -0.008565515 0.486571491 0.010330752 0.999813676 0.016304199 -1.397719622 0.008397747 -0.016391242 0.999830425 44.324939728
0.999894559 -0.010335308 -0.010204782 0.564570189 0.010493864 0.999823093 0.015608009 -1.406132221 0.010041664 -0.015713450 0.999826074 44.822040558
0.999869943 -0.012841326 -0.009750005 0.514011502 0.013000741 0.999779820 0.016466761 -1.424992323 0.009536407 -0.016591376 0.999816895 45.233352661
0.999883056 -0.012018514 -0.009450703 0.519702315 0.012164479 0.999805152 0.015541998 -1.422114611 0.009262072 -0.015655143 0.999834538 45.790866852
0.999859750 -0.013424106 -0.010008845 0.528532326 0.013602877 0.999745250 0.018012438 -1.447096348 0.009764495 -0.018146066 0.999787688 46.305706024
0.999879241 -0.012213189 -0.009608543 0.528292179 0.012375388 0.999778688 0.017006267 -1.448734283 0.009398716 -0.017123124 0.999809206 46.821933746
0.999892592 -0.011505530 -0.009079467 0.511532307 0.011657705 0.999789417 0.016888989 -1.455123782 0.008883239 -0.016993020 0.999816179 47.419635773
0.999889970 -0.011319217 -0.009585803 0.554871738 0.011474474 0.999801278 0.016299650 -1.473426342 0.009399400 -0.016407849 0.999821186 48.005725861
0.999899745 -0.011204981 -0.008658503 0.530971885 0.011350221 0.999792576 0.016911216 -1.474882364 0.008467216 -0.017007794 0.999819517 48.517852783
0.999909699 -0.010872308 -0.007890117 0.498565495 0.010996801 0.999812901 0.015910212 -1.478000402 0.007715662 -0.015995543 0.999842286 49.071563721
0.999883652 -0.012194267 -0.009161995 0.549577594 0.012363790 0.999749064 0.018679822 -1.532593131 0.008931910 -0.018790927 0.999783456 49.426891327
0.999882638 -0.012238008 -0.009217865 0.561093330 0.012410782 0.999743819 0.018925490 -1.539557219 0.008983895 -0.019037670 0.999778330 49.977180481
0.999870181 -0.012778822 -0.009812510 0.573151112 0.012959898 0.999742687 0.018617289 -1.541136742 0.009572078 -0.018742040 0.999778509 50.534370422
0.999863744 -0.012958334 -0.010224153 0.585070431 0.013152315 0.999730408 0.019139538 -1.544396639 0.009973379 -0.019271402 0.999764562 51.114761353
0.999882340 -0.012078728 -0.009451564 0.602345228 0.012256898 0.999743819 0.019025553 -1.540457726 0.009219340 -0.019139159 0.999774277 51.621574402
0.999896228 -0.011235141 -0.009015123 0.586109221 0.011408205 0.999747097 0.019381007 -1.562876940 0.008795097 -0.019481840 0.999771535 52.047401428
0.999917984 -0.009642862 -0.008428612 0.587502122 0.009796707 0.999782562 0.018406097 -1.565114975 0.008249291 -0.018487159 0.999795079 52.597053528
0.999893129 -0.011659360 -0.008816924 0.631273746 0.011817247 0.999766886 0.018072287 -1.552412629 0.008604157 -0.018174551 0.999797881 53.094192505
0.999905527 -0.010771540 -0.008534889 0.605214059 0.010933740 0.999756038 0.019191327 -1.587108731 0.008326086 -0.019282833 0.999779463 53.644939423
0.999899626 -0.011388128 -0.008418611 0.577037811 0.011553830 0.999735117 0.019903442 -1.613277316 0.008189720 -0.019998714 0.999766409 54.110404968
0.999900281 -0.011317546 -0.008447729 0.581789851 0.011478643 0.999748349 0.019271348 -1.609690547 0.008227498 -0.019366395 0.999778569 54.666465759
0.999907851 -0.010638950 -0.008426527 0.586312354 0.010799937 0.999755442 0.019295411 -1.616426229 0.008219180 -0.019384641 0.999778271 55.219600677
0.999897897 -0.011274583 -0.008772420 0.594468057 0.011438206 0.999757230 0.018831002 -1.594698310 0.008557977 -0.018929424 0.999784172 55.731956482
0.999900341 -0.011140209 -0.008669032 0.603009224 0.011307912 0.999745011 0.019542927 -1.617880821 0.008449109 -0.019639010 0.999771416 56.252475739
0.999899983 -0.011373319 -0.008405794 0.595597267 0.011539471 0.999733686 0.019989710 -1.641695142 0.008176204 -0.020084713 0.999764860 56.642280579
0.999905944 -0.010947136 -0.008270244 0.602008939 0.011114580 0.999728501 0.020479582 -1.650075674 0.008043805 -0.020569576 0.999756098 57.172237396
0.999900341 -0.011601189 -0.008043865 0.606539607 0.011758938 0.999733865 0.019849267 -1.657681227 0.007811449 -0.019941878 0.999770641 57.736549377
0.999898314 -0.011397948 -0.008567541 0.626661658 0.011568784 0.999729753 0.020162253 -1.662041903 0.008335418 -0.020259323 0.999760032 58.308849335
0.999897540 -0.011598560 -0.008384608 0.647592902 0.011759930 0.999741495 0.019460166 -1.644229770 0.008156730 -0.019556778 0.999775529 58.816474915
0.999882221 -0.012269001 -0.009218319 0.637048185 0.012458438 0.999706388 0.020781549 -1.686792970 0.008960645 -0.020893946 0.999741554 59.136478424
0.999891281 -0.012013159 -0.008538661 0.649077237 0.012189896 0.999706089 0.020957032 -1.695938587 0.008284391 -0.021058839 0.999743938 59.686748505
0.999884546 -0.012197921 -0.009054723 0.638139069 0.012382470 0.999710798 0.020613486 -1.689070821 0.008800664 -0.020723227 0.999746561 60.200378418
0.999892652 -0.011865246 -0.008592528 0.653582275 0.012037479 0.999721885 0.020278359 -1.693627119 0.008349531 -0.020379612 0.999757469 60.750888824
0.999893486 -0.011423115 -0.009082864 0.709732711 0.011612338 0.999710739 0.021060660 -1.716105223 0.008839660 -0.021163894 0.999736965 61.205604553
0.999887168 -0.011574128 -0.009571186 0.724110544 0.011776347 0.999702752 0.021348663 -1.738700390 0.009321249 -0.021458969 0.999726355 61.757812500
0.999875546 -0.012708308 -0.009341056 0.670861781 0.012904358 0.999691188 0.021236353 -1.733525157 0.009068293 -0.021354251 0.999730825 62.191612244
0.999867022 -0.013356865 -0.009352286 0.674884379 0.013553181 0.999682307 0.021252306 -1.737959743 0.009065451 -0.021376235 0.999730408 62.705665588
0.999869764 -0.012948637 -0.009622752 0.677312315 0.013148862 0.999692023 0.021043992 -1.741301775 0.009347299 -0.021167783 0.999732196 63.267028809
0.999883950 -0.012262526 -0.009044924 0.661896825 0.012457862 0.999683201 0.021865435 -1.763485909 0.008773934 -0.021975579 0.999719977 63.818885803
0.999870300 -0.013172443 -0.009267970 0.668180466 0.013367641 0.999683261 0.021324869 -1.757529855 0.008984135 -0.021445995 0.999729633 64.385414124
0.999867797 -0.013117236 -0.009611123 0.649945915 0.013328745 0.999662757 0.022283362 -1.789925575 0.009315585 -0.022408517 0.999705493 64.806831360
0.999863863 -0.013542818 -0.009421881 0.660802960 0.013744796 0.999669731 0.021713328 -1.787974596 0.009124709 -0.021839870 0.999719858 65.346267700
0.999876440 -0.012674817 -0.009302525 0.694917500 0.012871800 0.999687493 0.021429971 -1.752497911 0.009027996 -0.021547062 0.999727011 65.853736877
0.999867201 -0.013544423 -0.009065408 0.684843421 0.013739945 0.999666452 0.021864854 -1.774324656 0.008766239 -0.021986507 0.999719799 66.371971130
0.999871612 -0.012980332 -0.009395237 0.666607022 0.013192128 0.999652147 0.022843763 -1.810902715 0.009095449 -0.022964774 0.999694824 66.838096619
0.999868095 -0.013110972 -0.009590648 0.673915386 0.013329670 0.999644220 0.023106538 -1.817294240 0.009284287 -0.023231329 0.999686956 67.389427185
0.999865890 -0.013459272 -0.009330504 0.697468340 0.013667185 0.999651432 0.022589618 -1.806024790 0.009023210 -0.022714110 0.999701321 67.900268555
0.999872208 -0.012862303 -0.009495826 0.707158923 0.013078709 0.999647856 0.023090648 -1.825694203 0.009195482 -0.023211891 0.999688208 68.453628540
0.999886215 -0.011975422 -0.009172351 0.683910310 0.012183628 0.999661446 0.022990270 -1.828562617 0.008893928 -0.023099404 0.999693751 68.865226746
0.999879599 -0.012384169 -0.009346648 0.688877225 0.012592067 0.999667048 0.022522073 -1.831123233 0.009064620 -0.022637058 0.999702752 69.424194336
0.999876559 -0.012431238 -0.009613008 0.709265769 0.012644411 0.999668181 0.022442043 -1.828038096 0.009330837 -0.022560820 0.999701977 69.993812561
0.999884129 -0.012213024 -0.009087606 0.737906933 0.012418946 0.999659181 0.022959080 -1.839243770 0.008804111 -0.023069276 0.999695063 70.467910767
0.999904633 -0.010886836 -0.008489955 0.723708570 0.011086363 0.999654770 0.023819938 -1.871732354 0.008227701 -0.023911791 0.999680221 71.044921875
0.999879003 -0.012323831 -0.009489299 0.739278078 0.012543831 0.999645591 0.023484660 -1.857933283 0.009196514 -0.023600856 0.999679148 71.402763367
0.999896646 -0.011114703 -0.009120021 0.744520783 0.011322940 0.999668777 0.023108102 -1.859266043 0.008860162 -0.023208980 0.999691308 71.944847107
0.999908566 -0.010658439 -0.008312630 0.728235304 0.010845778 0.999680519 0.022826819 -1.857973456 0.008066677 -0.022914890 0.999704838 72.518783569
0.999903440 -0.010961543 -0.008541140 0.752988815 0.011153708 0.999678135 0.022785608 -1.858321071 0.008288626 -0.022878675 0.999703884 73.034553528
0.999856174 -0.013805747 -0.009844285 0.775888801 0.014030646 0.999633372 0.023154663 -1.860479236 0.009521009 -0.023289453 0.999683380 73.605056763
0.999904454 -0.010902926 -0.008500421 0.752534986 0.011102326 0.999655724 0.023774458 -1.881542683 0.008238284 -0.023866560 0.999681234 74.020492554
0.999886870 -0.011755207 -0.009390661 0.765089035 0.011980258 0.999633431 0.024279904 -1.890426278 0.009101805 -0.024389660 0.999661088 74.553352356
0.999893367 -0.011630024 -0.008840090 0.783169925 0.011838110 0.999645174 0.023863010 -1.896297216 0.008559426 -0.023965115 0.999676168 75.057273865
0.999915957 -0.010346461 -0.007806056 0.761306167 0.010528448 0.999665082 0.023644505 -1.898062587 0.007558803 -0.023724701 0.999689996 75.631660461
0.999898672 -0.011436277 -0.008476041 0.766803741 0.011635647 0.999647617 0.023857897 -1.893904328 0.008200209 -0.023954105 0.999679387 76.122306824
0.999899983 -0.011257666 -0.008559912 0.769980192 0.011458573 0.999651194 0.023795528 -1.889597058 0.008289042 -0.023891231 0.999680221 76.685661316
0.999904156 -0.010937032 -0.008488557 0.778557956 0.011130986 0.999670029 0.023148073 -1.898000121 0.008232588 -0.023240337 0.999695957 77.236923218
0.999888241 -0.012053480 -0.008841533 0.806604087 0.012258793 0.999647558 0.023546914 -1.882253766 0.008554597 -0.023652667 0.999683619 77.707122803
0.999906003 -0.010625066 -0.008659499 0.779099047 0.010831805 0.999648690 0.024187667 -1.904283285 0.008399462 -0.024279194 0.999669909 78.219818115
0.999916434 -0.010291500 -0.007821837 0.781012356 0.010475588 0.999660134 0.023870394 -1.900630116 0.007573516 -0.023950337 0.999684453 78.785797119
0.999921739 -0.010303418 -0.007102281 0.784629345 0.010471112 0.999657273 0.023993021 -1.906405210 0.006852638 -0.024065511 0.999686778 79.358589172
0.999941885 -0.009714589 -0.004675873 0.776613832 0.009824160 0.999663413 0.024010684 -1.912411928 0.004441045 -0.024055226 0.999700785 79.821876526
0.999945819 -0.009839302 -0.003420038 0.776349843 0.009918640 0.999662459 0.024011848 -1.908556342 0.003182624 -0.024044469 0.999705791 80.362739563
0.999957204 -0.008982623 -0.002205275 0.769508839 0.009034188 0.999656320 0.024607653 -1.917274952 0.001983476 -0.024626523 0.999694705 80.893989563
0.999949753 -0.010016873 0.000371811 0.798075974 0.010005105 0.999663413 0.023935808 -1.919254899 -0.000611448 -0.023930887 0.999713361 81.451232910
0.999942541 -0.010007523 0.003832576 0.818731487 0.009912089 0.999659002 0.024158640 -1.912978530 -0.004073036 -0.024119260 0.999700785 81.992347717
0.999929488 -0.009601761 0.006991907 0.845620275 0.009431054 0.999666214 0.024051981 -1.917963743 -0.007220514 -0.023984341 0.999686301 82.539848328
0.999889612 -0.010493934 0.010518240 0.880750895 0.010241962 0.999665856 0.023730056 -1.901047230 -0.010763748 -0.023619710 0.999663055 83.066146851
0.999810517 -0.008159562 0.017674197 0.898014545 0.007717404 0.999659061 0.024942594 -1.948910475 -0.017871691 -0.024801465 0.999532700 83.570091248
0.999688029 -0.009670214 0.023028672 0.885640860 0.009098294 0.999650717 0.024811696 -1.944758654 -0.023260560 -0.024594430 0.999426842 84.115592957
0.999521673 -0.009162837 0.029538630 0.911741257 0.008427705 0.999654055 0.024916289 -1.944384813 -0.029756712 -0.024655430 0.999252975 84.654083252
0.999223471 -0.009259616 0.038298547 0.919443369 0.008337373 0.999673069 0.024170378 -1.912144661 -0.038509831 -0.023832301 0.998973906 85.269653320
0.998901069 -0.008942470 0.046006303 0.993788719 0.007806737 0.999661684 0.024807191 -1.941241026 -0.046212569 -0.024420770 0.998633027 85.776268005
0.998561502 -0.009515476 0.052765738 1.034879923 0.008209637 0.999655962 0.024909619 -1.937142849 -0.052984618 -0.024440601 0.998296082 86.350677490
0.998062551 -0.009539985 0.061482430 1.129848957 0.008048824 0.999668479 0.024455639 -1.944028378 -0.061695352 -0.023913398 0.997808456 86.970489502
0.997401416 -0.010851203 0.071222812 1.133132458 0.009097696 0.999648571 0.024898410 -1.944748163 -0.071467951 -0.024185747 0.997149587 87.368904114
0.996724427 -0.010320454 0.080212563 1.191994667 0.008323524 0.999647975 0.025190134 -1.946911573 -0.080444284 -0.024439966 0.996459424 87.923980713
0.996012986 -0.010218460 0.088621318 1.250519753 0.008096733 0.999672651 0.024268024 -1.948783398 -0.088840306 -0.023453722 0.995769739 88.500679016
0.995066404 -0.009844153 0.098721817 1.361741543 0.007430612 0.999665201 0.024785846 -1.960628748 -0.098932765 -0.023930002 0.994806349 89.051353455
0.993964255 -0.010194726 0.109229222 1.406335831 0.007524433 0.999663293 0.024831058 -1.950480223 -0.109445587 -0.023859296 0.993706465 89.544593811
0.992795646 -0.009091428 0.119474418 1.445057869 0.005975362 0.999633133 0.026413854 -1.959584475 -0.119670749 -0.025509655 0.992485821 90.094276428
0.991428375 -0.008810663 0.130353570 1.536601067 0.005495802 0.999652863 0.025767678 -1.950727224 -0.130535349 -0.024830412 0.991132677 90.648017883
0.989736676 -0.008279560 0.142663196 1.628822327 0.004597198 0.999648213 0.026121881 -1.955718040 -0.142829284 -0.025197931 0.989426553 91.175476074
0.988151848 -0.008567908 0.153239653 1.744072914 0.004603568 0.999645948 0.026206333 -1.960623503 -0.153409958 -0.025190394 0.987841547 91.727279663
0.986518383 -0.007425903 0.163482010 1.823105812 0.003105266 0.999639511 0.026668524 -1.966702223 -0.163621128 -0.025801333 0.986185849 92.229965210
0.984540939 -0.009613198 0.174890518 1.934587479 0.004976996 0.999625027 0.026928479 -1.960790873 -0.175083816 -0.025641760 0.984219551 92.753967285
0.982106388 -0.008740197 0.188124165 2.093715668 0.003694436 0.999624372 0.027155394 -1.946298599 -0.188290834 -0.025974473 0.981769741 93.454505920
0.980081737 -0.009818467 0.198351830 2.231388092 0.004557041 0.999625981 0.026964832 -1.948174953 -0.198542386 -0.025523838 0.979759932 93.984466553
0.977335453 -0.009807622 0.211469114 2.368911743 0.004134408 0.999620080 0.027253110 -1.944797993 -0.211656064 -0.025761135 0.977004647 94.522331238
0.973976552 -0.008044236 0.226505905 2.495115280 0.001842254 0.999617934 0.027579198 -1.944748402 -0.226641178 -0.026444208 0.973619223 95.022315979
0.971200347 -0.008005624 0.238129780 2.633249283 0.001402856 0.999610126 0.027884163 -1.948390961 -0.238260180 -0.026747040 0.970833004 95.560409546
0.968287408 -0.008806009 0.249683589 2.805585861 0.001990863 0.999618888 0.027534554 -1.948210955 -0.249830857 -0.026164278 0.967935979 96.070442200
0.964703858 -0.010103039 0.263143390 2.985679626 0.002929589 0.999613702 0.027638743 -1.954401016 -0.263320982 -0.025892297 0.964360714 96.550750732
0.960974991 -0.007214656 0.276541024 3.160694122 -0.000766782 0.999586582 0.028742682 -1.978344202 -0.276634067 -0.027833046 0.960572243 97.069015503
0.958060265 -0.009500613 0.286408901 3.355861664 0.001179135 0.999572515 0.029213021 -1.994690180 -0.286563993 -0.027650120 0.957661986 97.558685303
0.953511357 -0.009888953 0.301194459 3.514329910 0.001331187 0.999589920 0.028604751 -1.963013411 -0.301353782 -0.026874017 0.953133583 98.174087524
0.948817849 -0.009764032 0.315673053 3.711675644 0.000891444 0.999600828 0.028239083 -1.959995747 -0.315822750 -0.026512338 0.948447704 98.696594238
0.944901586 -0.010376937 0.327190131 3.914234161 0.001165698 0.999597728 0.028336100 -1.955271959 -0.327352583 -0.026393423 0.944533587 99.216499329
0.940519929 -0.009713169 0.339599580 4.103452682 -0.000175925 0.999577165 0.029076954 -1.977347136 -0.339738429 -0.027407199 0.940120578 99.714950562
0.935192943 -0.010221071 0.353991389 4.343091965 0.000219577 0.999599993 0.028282147 -1.963606358 -0.354138821 -0.026371533 0.934821010 100.257064819
0.930312634 -0.009672964 0.366640091 4.570793152 -0.000665789 0.999605954 0.028061699 -1.968875408 -0.366767108 -0.026350256 0.929939568 100.811172485
0.925823331 -0.010728432 0.377804369 4.787012100 -0.000193648 0.999583483 0.028859504 -1.980167866 -0.377956659 -0.026791966 0.925435543 101.312767029
0.919516563 -0.009154500 0.392944634 4.967769623 -0.002363150 0.999581814 0.028817371 -1.947968960 -0.393044174 -0.027426640 0.919110477 101.846298218
0.913760543 -0.010176860 0.406125695 5.012485504 -0.001897614 0.999568343 0.029317111 -1.944814444 -0.406248778 -0.027559489 0.913346887 102.019515991
0.909077048 -0.010565424 0.416494101 5.462520599 -0.001859799 0.999565482 0.029415868 -1.968262672 -0.416623950 -0.027515886 0.908662438 102.769325256
0.903416395 -0.010027893 0.428647041 5.745265961 -0.002796292 0.999567270 0.029277632 -1.956197023 -0.428755313 -0.027648514 0.902997553 103.358383179
0.896476626 -0.008342620 0.443012714 5.990375519 -0.004966510 0.999570668 0.028873662 -1.970546484 -0.443063527 -0.028084785 0.896050215 103.819770813
0.890688777 -0.010507917 0.454492122 6.266941071 -0.002803437 0.999586880 0.028604601 -1.931146860 -0.454604954 -0.026751932 0.890291333 104.401039124
0.884693623 -0.010863864 0.466046304 6.538238525 -0.002553518 0.999600470 0.028148716 -1.924499989 -0.466165900 -0.026093045 0.884312451 104.890716553
0.877796352 -0.011696052 0.478891313 6.826000214 -0.002271075 0.999589145 0.028575972 -1.930633307 -0.479028791 -0.026171479 0.877408981 105.348220825
0.870542228 -0.010687930 0.491977632 7.133350372 -0.003817738 0.999587357 0.028470846 -1.925915480 -0.492078900 -0.026663316 0.870142102 105.847015381
0.864694417 -0.011595453 0.502164543 7.421146393 -0.003158978 0.999588251 0.028520988 -1.925884008 -0.502288401 -0.026248263 0.864301682 106.310806274
