1.000000000 0.000000000 0.000000000 0.000000000 0.000000000 1.000000000 0.000000000 0.000000000 0.000000000 0.000000000 1.000000000 0.000000000
1.000000000 0.000027864 -0.000021695 0.000359908 -0.000027863 1.000000000 0.000031372 -0.001008358 0.000021696 -0.000031371 1.000000000 -0.001582050
1.000000000 -0.000032732 -0.000012101 0.000940371 0.000032732 1.000000000 -0.000005714 -0.000398524 0.000012101 0.000005713 1.000000000 -0.002414126
1.000000000 -0.000154273 -0.000112579 0.001760002 0.000154280 1.000000000 0.000062573 -0.001730378 0.000112569 -0.000062590 1.000000000 -0.004165925
1.000000000 -0.000136953 -0.000075581 -0.000227776 0.000136952 1.000000000 -0.000002866 0.000231200 0.000075581 0.000002855 1.000000000 -0.003272826
1.000000000 -0.000156808 -0.000037304 0.000839025 0.000156810 1.000000000 0.000061968 -0.000753865 0.000037294 -0.000061974 1.000000000 -0.001528603
1.000000000 -0.000186935 -0.000008541 0.000045225 0.000186935 1.000000000 0.000036114 -0.000634831 0.000008534 -0.000036116 1.000000000 -0.003791353
1.000000000 -0.000083098 -0.000051412 0.000121226 0.000083100 1.000000000 0.000037436 0.000413598 0.000051409 -0.000037441 1.000000000 -0.003917545
1.000000000 -0.000068209 -0.000029861 0.000339412 0.000068209 1.000000000 -0.000011018 0.000481274 0.000029862 0.000011016 1.000000000 -0.000496310
1.000000000 -0.000072533 -0.000061298 -0.000309942 0.000072532 1.000000000 -0.000005479 0.001249433 0.000061298 0.000005475 1.000000000 -0.001634202
1.000000000 -0.000152132 -0.000124459 0.000921674 0.000152139 1.000000000 0.000053098 -0.000449051 0.000124451 -0.000053117 1.000000000 -0.002911577
1.000000000 -0.000204241 -0.000105462 0.000192715 0.000204241 1.000000000 -0.000002075 0.000476329 0.000105462 0.000002053 1.000000000 -0.000445015
1.000000000 -0.000219361 -0.000061097 -0.000758338 0.000219363 1.000000000 0.000039203 0.000943681 0.000061088 -0.000039217 1.000000000 -0.000757445
1.000000000 -0.000164339 -0.000055700 0.000430212 0.000164341 1.000000000 0.000035474 -0.000223729 0.000055695 -0.000035483 1.000000000 -0.003685097
1.000000000 -0.000127892 -0.000085117 0.001373544 0.000127902 1.000000000 0.000118344 -0.000692393 0.000085102 -0.000118355 1.000000000 -0.004245494
1.000000000 -0.000096977 -0.000042148 0.002030240 0.000096982 1.000000000 0.000109514 -0.001397214 0.000042137 -0.000109519 1.000000000 -0.007243128
1.000000000 -0.000142350 -0.000093427 0.001141769 0.000142352 1.000000000 0.000028305 0.000711966 0.000093423 -0.000028318 1.000000000 -0.002510543
1.000000000 -0.000097108 -0.000101246 0.001155767 0.000097115 1.000000000 0.000073771 -0.000343621 0.000101239 -0.000073781 1.000000000 -0.004536338
0.999999940 -0.000259297 -0.000134264 0.000881245 0.000259306 0.999999940 0.000070113 -0.000644114 0.000134246 -0.000070148 1.000000000 -0.003893952
0.999999940 -0.000272342 -0.000130266 0.000998211 0.000272348 0.999999940 0.000041950 0.000613826 0.000130255 -0.000041986 1.000000000 -0.000541939
0.999999940 -0.000245316 -0.000104674 0.000150594 0.000245321 0.999999940 0.000051536 -0.000806922 0.000104662 -0.000051561 1.000000000 -0.003295515
1.000000000 -0.000124248 -0.000103587 0.002519961 0.000124254 1.000000000 0.000059014 0.000277895 0.000103580 -0.000059027 1.000000000 -0.001217316
1.000000000 -0.000122492 -0.000117886 0.002529024 0.000122501 1.000000000 0.000068156 -0.000923694 0.000117877 -0.000068170 1.000000000 -0.002356257
0.999999940 -0.000215959 -0.000141921 0.001394680 0.000215971 1.000000000 0.000084334 -0.000576858 0.000141903 -0.000084365 1.000000000 -0.004360972
0.999999940 -0.000262217 -0.000195682 0.002678611 0.000262233 0.999999940 0.000083544 -0.000468669 0.000195661 -0.000083596 1.000000000 -0.003781460
0.999999940 -0.000268871 -0.000140231 0.001768717 0.000268879 0.999999940 0.000056767 0.000320128 0.000140216 -0.000056805 1.000000000 -0.003309056
0.999999940 -0.000279732 -0.000158136 0.002705539 0.000279742 0.999999940 0.000064228 -0.000193450 0.000158118 -0.000064273 1.000000000 -0.004052087
0.999999881 -0.000404853 -0.000141019 0.001094846 0.000404863 0.999999940 0.000073635 -0.000752843 0.000140989 -0.000073692 1.000000000 -0.004588215
0.999999940 -0.000257153 -0.000164528 0.001988525 0.000257169 0.999999940 0.000096078 -0.000187549 0.000164503 -0.000096120 1.000000000 -0.002380516
0.999999940 -0.000214085 -0.000124543 0.002635772 0.000214100 1.000000000 0.000115892 -0.001089502 0.000124518 -0.000115919 1.000000000 -0.004038132
0.999999940 -0.000272981 -0.000158369 0.000708410 0.000272993 0.999999940 0.000078608 0.000581543 0.000158348 -0.000078651 1.000000000 -0.001404555
0.999999940 -0.000295713 -0.000158088 0.000618702 0.000295729 0.999999940 0.000097698 0.000129521 0.000158059 -0.000097744 1.000000000 -0.003761310
0.999999940 -0.000218897 -0.000151370 0.001410519 0.000218899 1.000000000 0.000010392 0.000365582 0.000151368 -0.000010426 1.000000000 -0.001815841
0.999999940 -0.000319800 -0.000158748 0.001963096 0.000319807 0.999999940 0.000039819 0.000103128 0.000158736 -0.000039869 1.000000000 -0.001603308
0.999999940 -0.000295665 -0.000100627 0.000813929 0.000295673 0.999999940 0.000079779 -0.000746874 0.000100603 -0.000079808 1.000000000 -0.005573779
0.999999940 -0.000314365 -0.000196810 0.002941776 0.000314371 0.999999940 0.000030990 0.000316877 0.000196800 -0.000031052 1.000000000 -0.003182746
1.000000000 -0.000185868 -0.000135628 0.002806596 0.000185883 1.000000000 0.000113222 -0.000505736 0.000135606 -0.000113248 1.000000000 -0.006808049
0.999999940 -0.000271861 -0.000134527 0.000508732 0.000271868 0.999999940 0.000049228 -0.000062411 0.000134513 -0.000049265 1.000000000 -0.004586563
0.999999940 -0.000267557 -0.000167062 0.001177746 0.000267576 0.999999940 0.000117659 -0.000043291 0.000167030 -0.000117703 1.000000000 -0.003655106
0.999999940 -0.000258311 -0.000182224 0.002629684 0.000258320 0.999999940 0.000048080 -0.001073523 0.000182211 -0.000048127 1.000000000 0.000186640
0.999999940 -0.000259974 -0.000110155 0.001844776 0.000259915 0.999999821 -0.000539346 -0.000943513 0.000110295 0.000539317 0.999999821 0.048366297
1.000000000 -0.000086070 -0.000139798 0.001788201 0.000085914 0.999999404 -0.001110630 -0.003242440 0.000139893 0.001110618 0.999999344 0.140544251
1.000000000 -0.000158679 -0.000141862 0.005016076 0.000158476 0.999998987 -0.001428279 -0.007379475 0.000142089 0.001428256 0.999998987 0.254353255
1.000000000 -0.000209676 -0.000078603 0.005934409 0.000209565 0.999998987 -0.001408662 -0.012267284 0.000078899 0.001408646 0.999998987 0.389802873
0.999999940 -0.000168402 -0.000210506 0.011257669 0.000168165 0.999999344 -0.001126049 -0.019405311 0.000210696 0.001126014 0.999999344 0.524312258
1.000000000 -0.000163604 -0.000087879 0.012394715 0.000163510 0.999999404 -0.001060602 -0.022307031 0.000088052 0.001060588 0.999999404 0.684420109
1.000000000 -0.000115490 -0.000119301 0.020090431 0.000115378 0.999999523 -0.000946313 -0.025534069 0.000119410 0.000946300 0.999999523 0.845046163
0.999999940 0.000333513 0.000063438 0.016772771 -0.000333462 0.999999642 -0.000810896 -0.025190735 -0.000063709 0.000810875 0.999999642 1.020977497
1.000000000 -0.000127396 -0.000203121 0.028661381 0.000127279 0.999999821 -0.000573961 -0.037606779 0.000203194 0.000573936 0.999999821 1.178926349
1.000000000 0.000162048 0.000032319 0.029665614 -0.000162036 0.999999940 -0.000355502 -0.041431047 -0.000032377 0.000355497 0.999999940 1.367494106
1.000000000 0.000015665 -0.000073606 0.035092868 -0.000015683 1.000000000 -0.000235105 -0.048122212 0.000073602 0.000235106 0.999999940 1.563249946
1.000000000 -0.000123204 0.000162315 0.040981185 0.000123244 0.999999940 -0.000243495 -0.057229903 -0.000162285 0.000243515 0.999999940 1.773875833
0.999999285 0.001148404 0.000113076 0.023623131 -0.001148430 0.999999225 0.000228411 -0.063671060 -0.000112814 -0.000228541 0.999999940 1.998442650
0.999998569 0.001593790 0.000509535 0.020255877 -0.001593866 0.999998629 0.000149985 -0.070258997 -0.000509295 -0.000150797 0.999999881 2.208562613
0.999999285 0.001189762 0.000052907 0.032923903 -0.001189783 0.999999106 0.000387996 -0.077306964 -0.000052445 -0.000388058 0.999999881 2.425056696
0.999999344 0.001092263 0.000103355 0.041114904 -0.001092296 0.999999285 0.000319892 -0.081179343 -0.000103006 -0.000320004 0.999999940 2.641458273
0.999999523 0.000943498 0.000000415 0.045174990 -0.000943498 0.999999464 0.000348509 -0.090659343 -0.000000086 -0.000348509 0.999999881 2.879281282
0.999999225 0.001265993 0.000439107 0.031494953 -0.001266260 0.999998987 0.000608016 -0.097239584 -0.000438337 -0.000608571 0.999999702 3.135169506
0.999999106 0.001249481 0.000436178 0.036194637 -0.001249764 0.999998987 0.000648972 -0.104792476 -0.000435366 -0.000649516 0.999999702 3.375603437
0.999999285 0.001028067 0.000517991 0.042318348 -0.001028506 0.999999106 0.000848819 -0.114627242 -0.000517118 -0.000849351 0.999999464 3.609266043
0.999999762 0.000621136 0.000270644 0.055884976 -0.000621425 0.999999225 0.001066868 -0.125155911 -0.000269981 -0.001067036 0.999999404 3.875931740
0.999999583 0.000763185 0.000515490 0.051535890 -0.000763715 0.999999225 0.001028450 -0.131802946 -0.000514704 -0.001028843 0.999999285 4.131609917
0.999998748 0.001307725 0.000838908 0.048583809 -0.001309022 0.999997973 0.001547188 -0.141781718 -0.000836883 -0.001548284 0.999998391 4.382608414
0.999998927 0.001244012 0.000798433 0.055312030 -0.001245407 0.999997675 0.001749116 -0.150451034 -0.000796255 -0.001750109 0.999998152 4.640265465
0.999999166 0.001050687 0.000742840 0.060942385 -0.001051969 0.999997973 0.001727092 -0.155307829 -0.000741023 -0.001727873 0.999998271 4.902766705
0.999999464 0.000772937 0.000672784 0.066036485 -0.000774312 0.999997616 0.002045309 -0.166041061 -0.000671202 -0.002045829 0.999997675 5.167704105
0.999999404 0.000838601 0.000724661 0.077031955 -0.000840030 0.999997675 0.001974323 -0.172508076 -0.000723004 -0.001974931 0.999997795 5.437757969
0.999999225 0.000851687 0.000904213 0.065788746 -0.000853497 0.999997556 0.002003072 -0.187751800 -0.000902505 -0.002003842 0.999997556 5.686609268
0.999999285 0.000878936 0.000758368 0.070278421 -0.000880482 0.999997497 0.002041037 -0.194474071 -0.000756572 -0.002041703 0.999997616 5.963843346
0.999999642 0.000389957 0.000678125 0.077225238 -0.000391406 0.999997616 0.002137777 -0.206293181 -0.000677289 -0.002138042 0.999997497 6.234786034
0.999999046 0.000837121 0.001036991 0.082418263 -0.000839341 0.999997318 0.002142757 -0.211554408 -0.001035194 -0.002143625 0.999997139 6.531851292
0.999998689 0.001064823 0.001162789 0.086442813 -0.001067342 0.999997020 0.002168015 -0.224921659 -0.001160477 -0.002169253 0.999997020 6.822594166
0.999998748 0.001046086 0.001135263 0.100049697 -0.001048712 0.999996722 0.002315499 -0.237199083 -0.001132837 -0.002316687 0.999996662 7.125636578
0.999998629 0.000767735 0.001416564 0.102085456 -0.000770467 0.999997854 0.001929392 -0.246440947 -0.001415080 -0.001930481 0.999997139 7.364124298
0.999998331 0.001039414 0.001507560 0.107663795 -0.001042440 0.999997437 0.002007787 -0.254270613 -0.001505469 -0.002009356 0.999996841 7.686998844
0.999998748 0.000615286 0.001453537 0.118400976 -0.000618348 0.999997616 0.002106962 -0.267671466 -0.001452237 -0.002107859 0.999996722 8.003871918
0.999998808 0.000460161 0.001504189 0.121291995 -0.000463467 0.999997497 0.002198093 -0.274430066 -0.001503174 -0.002198787 0.999996483 8.312671661
0.999998510 0.000808618 0.001500673 0.131865159 -0.000811749 0.999997437 0.002087025 -0.283674091 -0.001498981 -0.002088241 0.999996722 8.634305000
0.999997497 0.001230052 0.001883934 0.133398622 -0.001234426 0.999996543 0.002321943 -0.289336264 -0.001881072 -0.002324263 0.999995530 8.985350609
0.999997735 0.001137892 0.001767048 0.142392293 -0.001142030 0.999996603 0.002342643 -0.307369441 -0.001764377 -0.002344657 0.999995708 9.318039894
0.999997377 0.001553197 0.001630989 0.143626973 -0.001557629 0.999995112 0.002719549 -0.328858078 -0.001626757 -0.002722083 0.999994934 9.622250557
0.999997258 0.001662589 0.001578260 0.156566724 -0.001667342 0.999994099 0.003014883 -0.338835895 -0.001573238 -0.003017507 0.999994159 9.962018013
0.999996483 0.001821685 0.001907019 0.156134814 -0.001827225 0.999994099 0.002907464 -0.348019004 -0.001901711 -0.002910938 0.999993980 10.338595390
0.999996841 0.001620204 0.001907503 0.168792829 -0.001625867 0.999994278 0.002971038 -0.358027041 -0.001902679 -0.002974130 0.999993801 10.700824738
0.999998093 0.000869097 0.001714914 0.174921960 -0.000874548 0.999994576 0.003180281 -0.376631409 -0.001712141 -0.003181776 0.999993384 11.069088936
0.999998391 0.000803086 0.001606326 0.185982987 -0.000808379 0.999994278 0.003297497 -0.390478015 -0.001603668 -0.003298790 0.999993205 11.439600945
0.999997497 0.001274453 0.001829069 0.189619660 -0.001280335 0.999994040 0.003218450 -0.396381736 -0.001824956 -0.003220784 0.999993145 11.834159851
0.999998093 0.000944139 0.001709316 0.202022567 -0.000949932 0.999993801 0.003390952 -0.408616215 -0.001706104 -0.003392569 0.999992728 12.210574150
0.999997735 0.000983392 0.001888841 0.217358619 -0.000990381 0.999992609 0.003703089 -0.424929887 -0.001885186 -0.003704951 0.999991357 12.563215256
0.999996722 0.001457269 0.002120111 0.222727090 -0.001465244 0.999991834 0.003764884 -0.434962839 -0.002114608 -0.003767978 0.999990702 12.968017578
0.999997854 0.001296951 0.001593972 0.240355954 -0.001303232 0.999991417 0.003945753 -0.449634224 -0.001588841 -0.003947822 0.999990940 13.352919579
0.999997079 0.001270427 0.002040282 0.247975305 -0.001278355 0.999991596 0.003889011 -0.458526313 -0.002035324 -0.003891608 0.999990404 13.763623238
0.999997675 0.000621929 0.002053784 0.257714003 -0.000630751 0.999990523 0.004297922 -0.479315728 -0.002051091 -0.004299208 0.999988675 14.143248558
0.999998033 0.000314984 0.001962758 0.269658387 -0.000323337 0.999990880 0.004256890 -0.490730673 -0.001961400 -0.004257516 0.999989033 14.570716858
0.999996960 0.000326066 0.002452000 0.278808206 -0.000337079 0.999989808 0.004492221 -0.502681673 -0.002450510 -0.004493034 0.999986887 14.996775627
0.999997079 0.000220152 0.002396984 0.294432014 -0.000231084 0.999989569 0.004561731 -0.521666646 -0.002395955 -0.004562272 0.999986708 15.411389351
0.999996781 0.000278390 0.002526337 0.308232456 -0.000291401 0.999986649 0.005151225 -0.543572307 -0.002524870 -0.005151944 0.999983490 15.848420143
0.999996603 0.000612183 0.002543274 0.320655435 -0.000626049 0.999984920 0.005454965 -0.556859136 -0.002539897 -0.005456539 0.999981880 16.293148041
0.999996185 0.000289620 0.002768116 0.335972309 -0.000304454 0.999985576 0.005359679 -0.571720481 -0.002766524 -0.005360502 0.999981821 16.733724594
0.999994338 -0.000044281 0.003362599 0.331253707 0.000025448 0.999984264 0.005600676 -0.593816102 -0.003362795 -0.005600559 0.999978662 17.154052734
0.999992847 -0.000020038 0.003793795 0.338688105 -0.000001525 0.999983847 0.005683753 -0.602031946 -0.003793848 -0.005683719 0.999976695 17.628026962
0.999992371 -0.000456990 0.003882036 0.358327687 0.000435710 0.999984860 0.005480693 -0.614601791 -0.003884482 -0.005478960 0.999977469 18.081632614
0.999991357 -0.000334897 0.004146369 0.367600054 0.000311990 0.999984682 0.005524087 -0.628230274 -0.004148155 -0.005522746 0.999976158 18.557928085
0.999991238 -0.000789576 0.004146569 0.373194873 0.000765656 0.999983072 0.005767002 -0.640123606 -0.004151054 -0.005763776 0.999974728 19.006502151
0.999992251 -0.000686253 0.003892506 0.389940500 0.000663917 0.999983311 0.005736574 -0.648976862 -0.003896378 -0.005733945 0.999976039 19.486259460
0.999991894 0.000062244 0.004028781 0.407747388 -0.000085950 0.999982655 0.005884209 -0.668217480 -0.004028345 -0.005884508 0.999974608 19.947422028
0.999992430 -0.000481155 0.003892586 0.414078772 0.000457889 0.999982059 0.005975714 -0.670223236 -0.003895391 -0.005973886 0.999974549 20.457338333
0.999993861 -0.001768209 0.003030532 0.453541219 0.001747841 0.999975920 0.006710584 -0.727012455 -0.003042325 -0.006705246 0.999972820 20.896066666
0.999995291 -0.001883337 0.002417872 0.459358513 0.001867796 0.999977767 0.006413733 -0.730801940 -0.002429897 -0.006409186 0.999976516 21.413354874
0.999995947 -0.001221815 0.002576813 0.458960891 0.001205402 0.999979079 0.006361418 -0.746773064 -0.002584532 -0.006358286 0.999976397 21.903263092
0.999996185 -0.000954434 0.002597346 0.455364168 0.000935343 0.999972582 0.007341581 -0.760916054 -0.002604283 -0.007339124 0.999969602 22.360349655
0.999997318 -0.000791051 0.002203897 0.465419024 0.000775373 0.999974489 0.007105866 -0.768353045 -0.002209461 -0.007104138 0.999972284 22.878934860
0.999997973 -0.001127900 0.001654736 0.485593319 0.001115933 0.999973357 0.007215224 -0.788106203 -0.001662831 -0.007213363 0.999972582 23.386135101
0.999994159 -0.003378101 0.000351092 0.491064519 0.003375397 0.999966621 0.007436091 -0.808578372 -0.000376200 -0.007434863 0.999972284 23.828544617
0.999996901 -0.002467078 -0.000008655 0.502045274 0.002467072 0.999967515 0.007677132 -0.818101108 -0.000010286 -0.007677129 0.999970555 24.357103348
0.999996722 -0.002435231 -0.000778548 0.521418393 0.002441242 0.999966502 0.007814848 -0.832185328 0.000759491 -0.007816724 0.999969125 24.881694794
0.999998212 -0.001622630 -0.000969204 0.499091268 0.001630533 0.999964952 0.008210040 -0.851741731 0.000955849 -0.008211605 0.999965847 25.335468292
0.999997199 -0.001902367 -0.001427540 0.511076331 0.001914115 0.999963880 0.008273423 -0.861319780 0.001411749 -0.008276132 0.999964774 25.888105392
0.999993086 -0.003188640 -0.001925924 0.524071217 0.003205256 0.999957085 0.008687054 -0.879428029 0.001898141 -0.008693166 0.999960363 26.400373459
0.999992549 -0.003106610 -0.002305785 0.535911560 0.003127265 0.999954522 0.009009115 -0.895629346 0.002277693 -0.009016258 0.999956787 26.945636749
0.999994159 -0.002102131 -0.002705607 0.542969525 0.002126226 0.999957860 0.008933825 -0.910494804 0.002686713 -0.008939525 0.999956429 27.476160049
0.999993026 -0.001884849 -0.003261471 0.543598831 0.001913218 0.999960184 0.008717046 -0.921668351 0.003244911 -0.008723225 0.999956667 27.967689514
0.999992609 -0.001132981 -0.003683208 0.547322214 0.001164837 0.999961793 0.008658557 -0.932291865 0.003673257 -0.008662784 0.999955714 28.529918671
0.999992549 -0.001277547 -0.003625335 0.555915594 0.001309296 0.999960721 0.008768764 -0.945950210 0.003613990 -0.008773448 0.999954939 29.062332153
0.999987185 -0.002676431 -0.004283960 0.553653121 0.002717873 0.999949396 0.009697563 -0.980206192 0.004257788 -0.009709083 0.999943733 29.513208389
0.999982655 -0.003369241 -0.004829699 0.573798478 0.003418494 0.999941885 0.010226365 -0.996717870 0.004794963 -0.010242699 0.999935985 30.057275772
0.999983311 -0.003061652 -0.004904066 0.573008180 0.003111193 0.999943912 0.010126621 -1.007881284 0.004872787 -0.010141711 0.999936700 30.594730377
0.999984920 -0.002323691 -0.004962975 0.598322451 0.002369768 0.999953926 0.009298628 -1.014941216 0.004941140 -0.009310248 0.999944448 31.137102127
0.999985754 -0.002326683 -0.004801056 0.593898237 0.002375181 0.999945939 0.010120559 -1.050600410 0.004777249 -0.010131816 0.999937236 31.594785690
0.999982774 -0.002755084 -0.005176527 0.617205501 0.002809773 0.999940038 0.010587530 -1.063221455 0.005147046 -0.010601894 0.999930501 32.127101898
0.999984205 -0.002434804 -0.005058856 0.616806030 0.002487683 0.999942064 0.010472872 -1.073835611 0.005033064 -0.010485291 0.999932289 32.680870056
0.999985218 -0.001959925 -0.005058123 0.606840909 0.002013084 0.999942541 0.010526115 -1.083162427 0.005037202 -0.010536144 0.999931753 33.244789124
0.999981105 -0.002652350 -0.005533522 0.614187360 0.002712811 0.999936402 0.010947626 -1.116183758 0.005504134 -0.010962431 0.999924779 33.650871277
0.999979377 -0.002829246 -0.005767312 0.625959754 0.002891906 0.999936581 0.010885430 -1.125193357 0.005736148 -0.010901883 0.999924183 34.192142487
0.999978721 -0.002803597 -0.005893625 0.638854623 0.002867561 0.999936819 0.010872780 -1.132640719 0.005862769 -0.010889447 0.999923587 34.745613098
0.999977887 -0.003107117 -0.005882512 0.644611835 0.003170731 0.999936223 0.010835797 -1.141458750 0.005848470 -0.010854210 0.999924004 35.288120270
0.999978602 -0.002717887 -0.005950479 0.640794337 0.002783326 0.999935448 0.011016835 -1.169519901 0.005920152 -0.011033162 0.999921679 35.824756622
0.999979794 -0.002495601 -0.005849258 0.654249549 0.002560955 0.999934077 0.011192277 -1.197463751 0.005820940 -0.011207032 0.999920249 36.249759674
0.999977589 -0.002817696 -0.006083552 0.663901091 0.002884374 0.999935567 0.010979597 -1.205905914 0.006052223 -0.010996899 0.999921203 36.793685913
0.999975562 -0.002692108 -0.006458835 0.675204456 0.002762381 0.999936879 0.010896036 -1.210945249 0.006429094 -0.010913610 0.999919832 37.348846436
0.999977231 -0.002143302 -0.006398672 0.672453165 0.002214065 0.999936223 0.011072464 -1.234735250 0.006374533 -0.011086377 0.999918222 37.883296967
0.999976039 -0.002685661 -0.006375285 0.686823606 0.002758130 0.999931276 0.011385801 -1.246847868 0.006344269 -0.011403111 0.999914885 38.400081635
0.999976516 -0.002239652 -0.006481531 0.721196413 0.002322986 0.999914289 0.012878294 -1.329744101 0.006452132 -0.012893047 0.999896049 38.854110718
0.999976635 -0.002112522 -0.006509822 0.737823844 0.002197194 0.999912620 0.013027240 -1.346201420 0.006481734 -0.013041236 0.999893963 39.376247406
0.999977589 -0.002291033 -0.006299292 0.733655393 0.002371204 0.999915838 0.012749056 -1.351706028 0.006269553 -0.012763705 0.999898911 39.956207275
0.999977767 -0.001750615 -0.006449117 0.745092750 0.001833084 0.999916315 0.012804093 -1.360415578 0.006426163 -0.012815630 0.999897242 40.496974945
0.999969721 -0.002973068 -0.007201487 0.762850285 0.003068087 0.999907911 0.013219478 -1.367081404 0.007161522 -0.013241174 0.999886632 41.053787231
0.999972522 -0.002251732 -0.007051343 0.760538757 0.002342542 0.999914110 0.012896772 -1.402920008 0.007021696 -0.012912937 0.999891996 41.603435516
0.999970913 -0.002454832 -0.007214799 0.773522496 0.002549573 0.999910295 0.013151714 -1.412737131 0.007181867 -0.013169725 0.999887526 42.145435333
0.999968469 -0.002797129 -0.007420160 0.782309175 0.002893773 0.999910831 0.013045834 -1.425420642 0.007383006 -0.013066898 0.999887407 42.691383362
0.999968469 -0.002403998 -0.007560917 0.793674469 0.002501165 0.999914110 0.012868260 -1.429822206 0.007529331 -0.012886764 0.999888599 43.238136292
0.999970496 -0.002340403 -0.007317817 0.781502843 0.002438352 0.999907196 0.013404760 -1.452135086 0.007285766 -0.013422209 0.999883354 43.751647949
0.999971032 -0.002179956 -0.007294220 0.789484739 0.002278469 0.999905944 0.013524657 -1.463124752 0.007264052 -0.013540884 0.999881864 44.307117462
0.999967694 -0.002090847 -0.007766533 0.810677171 0.002192446 0.999911785 0.013096302 -1.466696262 0.007738465 -0.013112905 0.999884069 44.845294952
0.999969900 -0.002060512 -0.007478738 0.800828815 0.002162027 0.999905288 0.013591232 -1.503866911 0.007450026 -0.013606992 0.999879658 45.390060425
0.999971211 -0.001849607 -0.007357441 0.810290813 0.001949486 0.999905765 0.013591245 -1.509743690 0.007331611 -0.013605196 0.999880552 45.946437836
0.999969006 -0.002204796 -0.007560298 0.817362785 0.002310109 0.999900043 0.013949448 -1.525145292 0.007528787 -0.013966482 0.999874115 46.504703522
0.999969900 -0.002117384 -0.007461271 0.830159903 0.002222111 0.999898672 0.014055841 -1.540059566 0.007430754 -0.014071998 0.999873400 46.982170105
0.999967456 -0.002436547 -0.007696747 0.843317747 0.002545614 0.999896049 0.014192683 -1.547228098 0.007661366 -0.014211812 0.999869704 47.532108307
0.999968052 -0.002272044 -0.007663881 0.848411679 0.002378990 0.999899447 0.013974325 -1.554255724 0.007631361 -0.013992109 0.999873042 48.073589325
0.999968052 -0.002856405 -0.007469335 0.847759426 0.002964253 0.999890924 0.014467862 -1.575673819 0.007427196 -0.014489542 0.999867380 48.572154999
0.999972284 -0.002279810 -0.007093174 0.847149253 0.002381613 0.999893844 0.014377172 -1.582015276 0.007059643 -0.014393667 0.999871492 49.110881805
0.999970734 -0.002649904 -0.007184526 0.850426912 0.002749279 0.999900162 0.013857371 -1.588565588 0.007147089 -0.013876717 0.999878168 49.653572083
0.999970436 -0.002244451 -0.007357836 0.864078522 0.002352552 0.999888957 0.014716480 -1.601441145 0.007323989 -0.014733354 0.999864638 50.154708862
0.999970138 -0.002113846 -0.007443266 0.867624938 0.002225689 0.999884307 0.015049896 -1.610861778 0.007410591 -0.015066011 0.999859035 50.696872711
0.999967635 -0.002673051 -0.007586175 0.864237189 0.002782569 0.999891520 0.014462996 -1.616938114 0.007546691 -0.014483638 0.999866545 51.237239838
0.999970019 -0.002283935 -0.007398152 0.868812919 0.002391387 0.999891281 0.014547949 -1.623925686 0.007364122 -0.014565203 0.999866784 51.778518677
0.999969184 -0.002029681 -0.007572399 0.886483312 0.002139236 0.999892771 0.014487835 -1.633164883 0.007542181 -0.014503591 0.999866366 52.272109985
0.999968529 -0.001993487 -0.007673822 0.892713428 0.002104199 0.999893427 0.014446248 -1.642085552 0.007644207 -0.014461941 0.999866188 52.822978973
0.999970734 -0.002037565 -0.007370569 0.886218309 0.002141929 0.999897182 0.014179443 -1.639452219 0.007340922 -0.014194815 0.999872327 53.336154938
0.999972105 -0.001886812 -0.007222972 0.890984356 0.001986136 0.999903262 0.013768774 -1.645560980 0.007196295 -0.013782735 0.999879181 53.890949249
0.999971747 -0.001848083 -0.007285525 0.898535848 0.001948264 0.999903321 0.013767583 -1.644860983 0.007259379 -0.013781387 0.999878764 54.439586639
0.999969661 -0.002218580 -0.007464566 0.933207273 0.002327741 0.999890029 0.014647133 -1.666522026 0.007431250 -0.014664064 0.999864876 54.869979858
0.999971151 -0.002254169 -0.007259653 0.939631164 0.002356894 0.999896824 0.014172865 -1.675493836 0.007226956 -0.014189566 0.999873221 55.411041260
0.999971986 -0.002146411 -0.007171307 0.944915533 0.002247337 0.999898136 0.014095239 -1.679412365 0.007140322 -0.014110960 0.999874890 55.965499878
0.999973655 -0.001765426 -0.007043628 0.950729132 0.001865056 0.999898016 0.014163223 -1.693948269 0.007017905 -0.014175986 0.999874890 56.491382599
0.999972165 -0.001951600 -0.007204960 0.956000566 0.002056298 0.999891996 0.014552701 -1.710017681 0.007175780 -0.014567109 0.999868095 56.970314026
0.999973655 -0.001533344 -0.007106216 0.961912036 0.001637837 0.999890327 0.014722046 -1.719230652 0.007082862 -0.014733296 0.999866366 57.510543823
0.999971569 -0.001498075 -0.007398487 0.970194697 0.001607875 0.999888420 0.014857192 -1.733073950 0.007375404 -0.014868663 0.999862254 58.036655426
0.999966443 -0.002628020 -0.007762360 0.990062356 0.002744886 0.999882519 0.015083357 -1.738385081 0.007721809 -0.015104156 0.999856114 58.582069397
0.999968648 -0.002022037 -0.007659722 1.024408698 0.002142725 0.999873161 0.015780883 -1.872750998 0.007626840 -0.015796801 0.999846160 58.722232819
0.999971271 -0.001611030 -0.007421624 1.032627106 0.001724959 0.999880373 0.015370158 -1.880946159 0.007395975 -0.015382516 0.999854386 59.274826050
0.999969423 -0.001440339 -0.007695449 1.053886175 0.001560745 0.999876082 0.015663309 -1.888312101 0.007671935 -0.015674837 0.999847770 59.813140869
0.999968469 -0.001610067 -0.007783204 1.060797930 0.001732567 0.999874353 0.015758049 -1.898798227 0.007756855 -0.015771033 0.999845564 60.356143951
0.999970436 -0.001210881 -0.007604096 1.067321777 0.001328291 0.999879539 0.015454389 -1.908741951 0.007584467 -0.015464032 0.999851644 60.874588013
0.999971807 -0.001958160 -0.007253205 1.024682164 0.002069718 0.999879181 0.015405080 -1.851028681 0.007222163 -0.015419659 0.999855042 61.683834076
0.999970734 -0.002181978 -0.007346558 1.039152980 0.002293434 0.999881864 0.015197015 -1.860828042 0.007312531 -0.015213416 0.999857545 62.220874786
0.999972820 -0.001496920 -0.007216203 1.047601819 0.001606307 0.999883533 0.015176648 -1.861051321 0.007192644 -0.015187829 0.999858856 62.764511108
0.999971747 -0.001516701 -0.007378588 1.053351760 0.001627321 0.999885976 0.015009196 -1.865664482 0.007354984 -0.015020778 0.999860168 63.313522339
0.999971151 -0.001655664 -0.007420518 1.062067270 0.001767433 0.999884725 0.015081051 -1.878990412 0.007394695 -0.015093729 0.999858737 63.860084534
0.999976993 -0.001004693 -0.006712400 1.044118881 0.001110023 0.999875963 0.015706528 -1.907280445 0.006695786 -0.015713615 0.999854088 64.366203308
0.999974251 -0.001645784 -0.006986917 1.050565124 0.001756347 0.999872863 0.015847800 -1.913645744 0.006959948 -0.015859665 0.999849975 64.922416687
0.999977708 -0.000851199 -0.006636594 1.056630850 0.000956170 0.999874175 0.015829988 -1.921129227 0.006622285 -0.015835976 0.999852657 65.455108643
0.999964774 -0.002925894 -0.007871642 1.088431597 0.003049389 0.999871731 0.015722662 -1.931849122 0.007824628 -0.015746113 0.999845386 65.959365845
0.999972403 -0.001806580 -0.007209093 1.099684715 0.001918373 0.999877512 0.015530558 -1.943649888 0.007180153 -0.015543961 0.999853313 66.484336853
0.999979079 -0.000747360 -0.006413205 1.045082450 0.000848061 0.999876201 0.015713768 -1.976866484 0.006400666 -0.015718879 0.999855936 66.986579895
0.999976218 -0.001459935 -0.006739381 1.057429552 0.001564888 0.999877214 0.015594170 -1.980523467 0.006715787 -0.015604347 0.999855638 67.533058167
0.999978304 -0.000915593 -0.006511154 1.066911459 0.001016869 0.999878347 0.015567919 -1.994889975 0.006496108 -0.015574204 0.999857605 68.072776794
0.999977231 -0.001022291 -0.006664649 1.081274271 0.001127137 0.999875367 0.015747029 -1.989514470 0.006647720 -0.015754184 0.999853730 68.630882263
0.999975204 -0.001668069 -0.006847800 1.085044146 0.001769005 0.999889553 0.014760383 -1.980885267 0.006822421 -0.014772129 0.999867678 69.128952026
0.999980867 -0.000102346 -0.006170902 1.080367327 0.000201429 0.999871016 0.016057909 -2.027791262 0.006168465 -0.016058845 0.999852002 69.568771362
0.999979675 -0.000128058 -0.006376095 1.088447332 0.000231119 0.999869287 0.016165541 -2.033862114 0.006373193 -0.016166687 0.999849021 70.116485596
0.999979258 0.000591361 -0.006399386 1.094144583 -0.000490106 0.999874830 0.015812762 -2.035767555 0.006407936 -0.015809301 0.999854445 70.681327820
0.999980390 -0.000152858 -0.006256283 1.110004067 0.000253754 0.999869883 0.016129449 -2.057627678 0.006253005 -0.016130721 0.999850333 71.159393311
0.999980509 0.000135113 -0.006225309 1.112825990 -0.000038049 0.999878407 0.015589367 -2.054122448 0.006226659 -0.015588826 0.999859095 71.732139587
0.999979913 -0.000434119 -0.006317770 1.103592515 0.000536446 0.999868572 0.016204029 -2.073349237 0.006309905 -0.016207095 0.999848664 72.235321045
0.999981344 0.000038683 -0.006107670 1.105159163 0.000061559 0.999865353 0.016411383 -2.081190586 0.006107482 -0.016411455 0.999846637 72.775131226
0.999983430 0.000326967 -0.005762550 1.100642681 -0.000232938 0.999866962 0.016310355 -2.086290359 0.005767115 -0.016308742 0.999850333 73.295227051
0.999982536 -0.000121494 -0.005911306 1.110286474 0.000218429 0.999865532 0.016400265 -2.097438812 0.005908519 -0.016401269 0.999848008 73.792633057
0.999982655 0.000237879 -0.005891768 1.114691734 -0.000139209 0.999859810 0.016741708 -2.106248856 0.005894924 -0.016740594 0.999842465 74.326049805
0.999978840 -0.000662407 -0.006471694 1.150673866 0.000765535 0.999872565 0.015945802 -2.103439808 0.006460305 -0.015950421 0.999851882 74.865600586
0.999977291 -0.000668179 -0.006708942 1.160961151 0.000778396 0.999864519 0.016439274 -2.115581036 0.006697049 -0.016444122 0.999842346 75.388465881
0.999974012 -0.001461942 -0.007049820 1.170481682 0.001577618 0.999863744 0.016430793 -2.121639013 0.007024838 -0.016441491 0.999840140 75.938041687
0.999979317 -0.000798570 -0.006379103 1.167337179 0.000899688 0.999873757 0.015864357 -2.121595383 0.006365629 -0.015869768 0.999853849 76.496482849
0.999982834 -0.000453029 -0.005840189 1.163274050 0.000546651 0.999871194 0.016039096 -2.127990723 0.005832172 -0.016042015 0.999854267 76.990921021
0.999981403 -0.000639087 -0.006061488 1.175331116 0.000737197 0.999868453 0.016197398 -2.135325909 0.006050340 -0.016201565 0.999850452 77.542144775
0.999983490 0.000134030 -0.005740530 1.174301624 -0.000043010 0.999874353 0.015852956 -2.145287275 0.005741934 -0.015852448 0.999857843 78.087852478
0.999983847 -0.000599169 -0.005651599 1.183541417 0.000686179 0.999881089 0.015406356 -2.135897160 0.005641697 -0.015409987 0.999865353 78.630371094
0.999989629 -0.000508612 -0.004526684 1.191653728 0.000576788 0.999886215 0.015072478 -2.138311863 0.004518502 -0.015074933 0.999876201 79.179679871
0.999996781 0.001137552 -0.002314544 1.196174502 -0.001101104 0.999876320 0.015688227 -2.170967817 0.002332103 -0.015685625 0.999874234 79.641990662
0.999999404 0.000719913 -0.000838617 1.214837074 -0.000706487 0.999873221 0.015901869 -2.178329706 0.000849959 -0.015901268 0.999873221 80.189620972
0.999995410 0.001182211 0.002764129 1.220982671 -0.001225053 0.999878347 0.015549567 -2.184234619 -0.002745409 -0.015552882 0.999875307 80.744277954
0.999979138 0.000865506 0.006395628 1.239454269 -0.000967087 0.999873102 0.015896974 -2.190583706 -0.006381058 -0.015902827 0.999853194 81.296318054
0.999953032 0.001012588 0.009633987 1.250036359 -0.001159589 0.999882817 0.015265206 -2.187253237 -0.009617402 -0.015275659 0.999837101 81.872009277
0.999896109 0.000805640 0.014393252 1.268139005 -0.001027021 0.999881208 0.015380098 -2.200900555 -0.014379151 -0.015393283 0.999778092 82.385093689
0.999792814 0.000580236 0.020347880 1.304172516 -0.000894676 0.999880195 0.015447512 -2.210976601 -0.020336481 -0.015462517 0.999673605 82.910362244
0.999662817 0.000477137 0.025960922 1.334182262 -0.000873770 0.999883056 0.015268871 -2.222295284 -0.025950599 -0.015286407 0.999546349 83.461097717
0.999490738 0.000656031 0.031902645 1.359419823 -0.001143084 0.999882996 0.015251025 -2.231732368 -0.031888917 -0.015279724 0.999374628 84.065864563
0.999214768 0.000545620 0.039616998 1.399514079 -0.001152551 0.999882281 0.015298756 -2.243917942 -0.039603993 -0.015332403 0.999097824 84.620071411
0.998856783 0.000778004 0.047795650 1.446805239 -0.001509428 0.999882400 0.015268956 -2.259325981 -0.047778137 -0.015323648 0.998740375 85.107109070
0.998503864 0.000551127 0.054676898 1.489484787 -0.001387374 0.999882698 0.015257563 -2.264900208 -0.054662067 -0.015310595 0.998387516 85.649139404
0.998002827 -0.000016322 0.063169301 1.543273926 -0.000948787 0.999883235 0.015248114 -2.270086288 -0.063162178 -0.015277594 0.997886360 86.173072815
0.997304261 0.000032144 0.073379077 1.621459007 -0.001163293 0.999881089 0.015372457 -2.280170918 -0.073369876 -0.015416375 0.997185588 86.725196838
0.996664762 -0.000940086 0.081600554 1.693177700 -0.000302221 0.999884188 0.015210555 -2.285489559 -0.081605405 -0.015184483 0.996549070 87.262092590
0.995949626 -0.000567344 0.089911118 1.749403000 -0.000802316 0.999884188 0.015196622 -2.291045666 -0.089909315 -0.015207208 0.995833874 87.823081970
0.994937241 -0.000064387 0.100499205 1.826961994 -0.001472928 0.999883056 0.015222512 -2.301647186 -0.100488439 -0.015293472 0.994820654 88.362281799
0.993882537 -0.002307814 0.110418119 1.912135601 0.000671560 0.999889374 0.014853608 -2.305943251 -0.110440187 -0.014688589 0.993774235 88.967002869
0.992834985 -0.002084064 0.119474947 2.001436234 0.000327871 0.999891639 0.014717026 -2.308335781 -0.119492680 -0.014572408 0.992728114 89.472129822
0.991423607 -0.001983220 0.130672470 2.101328850 0.000049074 0.999890447 0.014803033 -2.317677975 -0.130687475 -0.014669666 0.991315067 90.090995789
0.989782512 -0.002616320 0.142561182 2.218517303 0.000475256 0.999886572 0.015050544 -2.343657255 -0.142584369 -0.014829014 0.989671588 90.607444763
0.988246739 -0.003608341 0.152824432 2.329038620 0.001352638 0.999888659 0.014861486 -2.351515532 -0.152861044 -0.014480100 0.988141656 91.140716553
0.986519277 -0.003507490 0.163607255 2.439226151 0.001082639 0.999888241 0.014907981 -2.357001066 -0.163641259 -0.014529883 0.986412823 91.702758789
0.984351754 -0.004142002 0.176166087 2.569308281 0.001589222 0.999891698 0.014629383 -2.341910362 -0.176207602 -0.014120491 0.984251738 92.253807068
0.982019961 -0.003883044 0.188737124 2.687981606 0.001189039 0.999895811 0.014384984 -2.361990452 -0.188773289 -0.013901924 0.981922269 92.832771301
0.979904771 -0.003514569 0.199434698 2.808190346 0.000624847 0.999893963 0.014550657 -2.359083176 -0.199464664 -0.014133645 0.979803085 93.413658142
0.977207363 -0.004326908 0.212243199 2.956317902 0.001284329 0.999894440 0.014471117 -2.365597486 -0.212283388 -0.013868692 0.977109730 93.947257996
0.974192977 -0.004549126 0.225670993 3.108121872 0.001291733 0.999892890 0.014579819 -2.362460852 -0.225713149 -0.013912050 0.974094450 94.485427856
0.971408784 -0.004246154 0.237375110 3.252267838 0.000753823 0.999890149 0.014801117 -2.377732992 -0.237411901 -0.014198997 0.971305251 95.011695862
0.968366742 -0.003305786 0.249509260 3.438098907 -0.000470646 0.999886274 0.015074261 -2.387465477 -0.249530718 -0.014714845 0.968255103 95.546875000
0.964825451 -0.003909147 0.262861997 3.610549927 -0.000042372 0.999887168 0.015025328 -2.397154331 -0.262891054 -0.014507959 0.964716434 96.059082031
0.961300611 -0.003604923 0.275477767 3.783159256 -0.000585116 0.999885440 0.015126384 -2.403786659 -0.275500715 -0.014702189 0.961188495 96.602127075
0.958185375 -0.006100210 0.286083221 4.017702103 0.002001016 0.999891162 0.014618831 -2.394772768 -0.286141247 -0.013435092 0.958093226 97.251365662
0.953755379 -0.005621639 0.300531715 4.205602646 0.001216964 0.999889135 0.014841461 -2.409073353 -0.300581783 -0.013789385 0.953656375 97.772201538
0.949492931 -0.005745823 0.313735515 4.406324387 0.001228881 0.999892712 0.014593157 -2.415160656 -0.313785732 -0.013470558 0.949398220 98.294616699
0.945714235 -0.006408268 0.324936062 4.608764648 0.001684953 0.999888837 0.014815444 -2.428119898 -0.324994892 -0.013463677 0.945619881 98.793518066
0.941467762 -0.007684042 0.337015480 4.843629837 0.002793249 0.999883592 0.014994546 -2.440227032 -0.337091535 -0.013175515 0.941379607 99.363449097
0.936114371 -0.007305464 0.351619631 5.047080994 0.002018022 0.999879301 0.015401539 -2.454338789 -0.351689667 -0.013708026 0.936016202 99.863052368
0.931484222 -0.007817790 0.363697618 5.268827438 0.002506701 0.999883235 0.015072753 -2.458737373 -0.363773018 -0.013128351 0.931395054 100.370063782
0.927337527 -0.008237465 0.374135375 5.525074005 0.002885693 0.999885380 0.014862293 -2.467243671 -0.374214917 -0.012702723 0.927254975 100.927925110
0.921889067 -0.008661753 0.387357324 5.760824203 0.002991272 0.999879301 0.015239391 -2.473495483 -0.387442619 -0.012890335 0.921803772 101.427185059
0.916000068 -0.008181280 0.401094645 6.007404327 0.002295285 0.999882579 0.015153125 -2.475373745 -0.401171476 -0.012959640 0.915911198 101.957862854
0.910820603 -0.008364968 0.412717819 6.253818512 0.002256902 0.999880672 0.015284866 -2.485726357 -0.412796378 -0.012990308 0.910730600 102.449546814
0.904581904 -0.008975169 0.426205307 6.538230896 0.002864979 0.999883771 0.014975218 -2.487019062 -0.426290184 -0.012325243 0.904502511 102.993820190
0.897781551 -0.009195553 0.440344870 6.806629181 0.003123891 0.999889791 0.014511280 -2.491866112 -0.440429807 -0.011652371 0.897711396 103.474212646
0.891902685 -0.010496872 0.452105522 7.081890106 0.003908995 0.999872148 0.015503210 -2.501677513 -0.452210426 -0.012060077 0.891829729 103.959686279
0.886258900 -0.010870948 0.463062584 7.355667114 0.004384068 0.999876559 0.015082597 -2.503273964 -0.463169515 -0.011336987 0.886197150 104.439483643
0.879153550 -0.011280209 0.476405084 7.639583588 0.004694785 0.999876320 0.015011126 -2.506368637 -0.476515472 -0.010960465 0.879097760 104.918815613
0.872236192 -0.011594234 0.488947451 7.926887512 0.004646140 0.999870300 0.015421284 -2.515612841 -0.489062876 -0.011179282 0.872176826 105.381225586
