1.000000000 0.000000000 0.000000000 0.000000000 0.000000000 1.000000000 0.000000000 0.000000000 0.000000000 0.000000000 1.000000000 0.000000000
1.000000000 0.000014708 0.000125360 -0.000854102 -0.000014713 1.000000000 0.000044918 -0.000277677 -0.000125359 -0.000044920 1.000000000 0.000161311
1.000000000 0.000149352 0.000163155 -0.000501643 -0.000149372 1.000000000 0.000120492 -0.000433854 -0.000163137 -0.000120517 1.000000000 -0.000542751
1.000000000 0.000156021 -0.000004002 0.000086461 -0.000156020 1.000000000 0.000165330 -0.001173695 0.000004027 -0.000165329 1.000000000 -0.000402872
0.999999940 0.000268500 0.000135492 -0.001675679 -0.000268514 0.999999940 0.000101409 -0.000101904 -0.000135465 -0.000101445 1.000000000 0.000764084
1.000000000 -0.000016550 0.000039131 -0.000947467 0.000016547 1.000000000 0.000081331 -0.000195364 -0.000039133 -0.000081330 1.000000000 -0.000666473
1.000000000 0.000039401 0.000166068 -0.002373762 -0.000039400 1.000000000 -0.000007375 0.001560996 -0.000166069 0.000007368 1.000000000 0.003773118
1.000000000 -0.000062915 0.000171136 -0.001219506 0.000062894 1.000000000 0.000121999 0.000567802 -0.000171144 -0.000121988 1.000000000 0.003125788
1.000000000 0.000026818 0.000171296 -0.001401901 -0.000026810 1.000000000 -0.000044130 0.001384011 -0.000171297 0.000044125 1.000000000 0.002470507
1.000000000 -0.000012396 0.000205784 -0.000900155 0.000012387 1.000000000 0.000042754 0.000352579 -0.000205785 -0.000042752 1.000000000 0.000670901
1.000000000 -0.000111729 0.000211911 -0.001085495 0.000111728 1.000000000 0.000003553 0.001580228 -0.000211911 -0.000003529 1.000000000 0.002680647
1.000000000 0.000017364 0.000096593 -0.000473431 -0.000017372 1.000000000 0.000084747 -0.000215555 -0.000096592 -0.000084749 1.000000000 0.000408998
1.000000000 0.000087313 0.000156491 -0.001544525 -0.000087314 1.000000000 0.000009605 0.001599097 -0.000156490 -0.000009618 1.000000000 0.004260637
0.999999940 -0.000030978 0.000252861 -0.002403924 0.000030938 1.000000000 0.000156381 0.000957580 -0.000252866 -0.000156373 0.999999940 0.003912602
1.000000000 0.000021795 0.000161800 -0.002137720 -0.000021809 1.000000000 0.000087539 0.001067894 -0.000161798 -0.000087543 1.000000000 0.003529769
1.000000000 0.000122606 0.000095180 -0.001226782 -0.000122616 1.000000000 0.000100985 0.000083628 -0.000095168 -0.000100996 1.000000000 0.001504852
1.000000000 -0.000102892 0.000068832 -0.001709540 0.000102887 1.000000000 0.000067466 0.000856179 -0.000068839 -0.000067459 1.000000000 0.003485037
0.999999940 0.000154613 0.000342806 -0.003186771 -0.000154632 1.000000000 0.000052721 0.001293224 -0.000342798 -0.000052774 0.999999940 0.004266293
0.999999940 0.000179650 0.000273520 -0.003118968 -0.000179669 1.000000000 0.000072195 0.000506826 -0.000273507 -0.000072245 0.999999940 0.002982805
0.999999940 0.000209820 0.000179837 -0.002112612 -0.000209838 1.000000000 0.000100629 0.000622576 -0.000179816 -0.000100667 1.000000000 0.003413033
0.999999881 0.000354892 0.000303662 -0.003146731 -0.000354952 0.999999940 0.000199681 0.000392599 -0.000303591 -0.000199788 0.999999940 0.003651554
0.999999821 0.000436049 0.000347097 -0.003657705 -0.000436077 0.999999881 0.000080591 0.000987914 -0.000347062 -0.000080742 0.999999940 0.003885119
1.000000000 0.000019327 0.000168472 -0.002033515 -0.000019344 1.000000000 0.000099997 0.000874088 -0.000168470 -0.000100000 1.000000000 0.003004802
0.999999940 0.000095985 0.000303658 -0.001511449 -0.000096012 1.000000000 0.000088008 -0.000007638 -0.000303650 -0.000088037 0.999999940 0.001700971
0.999999940 0.000091067 0.000243453 -0.001956912 -0.000091068 1.000000000 0.000001947 0.000536987 -0.000243453 -0.000001970 1.000000000 0.000065080
1.000000000 0.000053575 0.000190632 -0.000858163 -0.000053563 1.000000000 -0.000067475 0.001736469 -0.000190636 0.000067464 1.000000000 0.002516575
1.000000000 0.000057420 0.000218169 -0.001826181 -0.000057434 1.000000000 0.000064092 0.000418941 -0.000218165 -0.000064105 1.000000000 0.001452193
1.000000000 0.000024812 0.000238809 -0.001871931 -0.000024801 1.000000000 -0.000047410 0.002073610 -0.000238810 0.000047404 1.000000000 0.004111408
0.999999940 0.000209383 0.000346319 -0.003596531 -0.000209345 1.000000000 -0.000109272 0.002301780 -0.000346342 0.000109200 0.999999940 0.003314235
0.999999940 0.000160854 0.000311941 -0.003284622 -0.000160865 1.000000000 0.000037294 0.001332809 -0.000311935 -0.000037344 0.999999940 0.002542003
0.999999940 0.000201253 0.000307228 -0.002765959 -0.000201280 1.000000000 0.000088720 0.000770280 -0.000307210 -0.000088782 0.999999940 0.002709045
0.999999940 0.000080437 0.000270129 -0.002056471 -0.000080465 1.000000000 0.000102510 0.000461308 -0.000270121 -0.000102532 0.999999940 0.001638512
0.999999881 0.000268289 0.000379311 -0.003991135 -0.000268291 0.999999940 0.000004605 0.001937850 -0.000379310 -0.000004706 0.999999940 0.003985045
0.999999881 0.000245162 0.000440766 -0.003221408 -0.000245180 0.999999940 0.000040476 0.001041431 -0.000440756 -0.000040584 0.999999881 0.002621493
0.999999940 0.000198772 0.000256856 -0.001044555 -0.000198812 0.999999940 0.000155264 -0.000398923 -0.000256825 -0.000155315 0.999999940 0.000453529
0.999999940 0.000276512 0.000306883 -0.003014889 -0.000276502 0.999999940 -0.000034116 0.003175614 -0.000306892 0.000034031 0.999999940 0.005880718
0.999999940 0.000226065 0.000302728 -0.003437272 -0.000226053 1.000000000 -0.000036708 0.004311456 -0.000302736 0.000036639 0.999999940 0.006990728
0.999999940 -0.000050370 0.000263478 -0.001307366 0.000050356 1.000000000 0.000052799 0.001281673 -0.000263481 -0.000052785 0.999999940 0.002581197
0.999999940 0.000176024 0.000294217 -0.002875733 -0.000176056 1.000000000 0.000106554 0.001955189 -0.000294198 -0.000106606 0.999999940 0.005082784
1.000000000 -0.000009318 0.000237939 -0.001329924 0.000009300 1.000000000 0.000076656 0.001332493 -0.000237940 -0.000076654 0.999999940 0.002884010
0.999999881 0.000095003 0.000448075 -0.003034623 -0.000094994 1.000000000 -0.000019216 0.001795685 -0.000448077 0.000019174 0.999999881 0.004994881
0.999999940 -0.000236075 0.000244491 0.000197368 0.000236275 0.999999642 -0.000818545 0.000802658 -0.000244298 0.000818603 0.999999642 0.055095855
0.999999881 0.000244469 0.000360799 -0.001411275 -0.000244073 0.999999344 -0.001096257 -0.005867323 -0.000361067 0.001096169 0.999999344 0.133147404
1.000000000 0.000221831 0.000101114 0.002909394 -0.000221658 0.999998510 -0.001701548 -0.003064805 -0.000101492 0.001701525 0.999998569 0.255912960
0.999999940 0.000266954 0.000096643 0.004564783 -0.000266837 0.999999225 -0.001204530 -0.012048590 -0.000096964 0.001204504 0.999999285 0.386025548
1.000000000 0.000143336 0.000170233 0.008410805 -0.000143174 0.999999523 -0.000950645 -0.017345611 -0.000170369 0.000950620 0.999999523 0.525063634
0.999999940 0.000384904 0.000087874 0.012788847 -0.000384831 0.999999583 -0.000827832 -0.025706157 -0.000088192 0.000827799 0.999999642 0.667090952
0.999999881 0.000342280 0.000357450 0.015806098 -0.000341956 0.999999523 -0.000906333 -0.025665898 -0.000357760 0.000906211 0.999999523 0.838984072
0.999999940 0.000295217 0.000154298 0.017944004 -0.000295110 0.999999702 -0.000697530 -0.028452896 -0.000154504 0.000697484 0.999999762 1.014176846
1.000000000 0.000139099 0.000151343 0.022256723 -0.000139040 0.999999940 -0.000385140 -0.034803744 -0.000151397 0.000385119 0.999999940 1.188470244
0.999999702 0.000669022 0.000352680 0.016199503 -0.000668784 0.999999523 -0.000675596 -0.033330843 -0.000353132 0.000675360 0.999999702 1.370826721
0.999999762 0.000703560 0.000144714 0.035378806 -0.000703568 0.999999762 0.000056953 -0.054125220 -0.000144674 -0.000057055 1.000000000 1.566890478
0.999999762 0.000554597 0.000370278 0.037232216 -0.000554556 0.999999821 -0.000111304 -0.052969299 -0.000370340 0.000111098 0.999999940 1.758110166
0.999999940 0.000317065 -0.000148261 0.041640565 -0.000317138 0.999999821 -0.000492025 -0.052615419 0.000148105 0.000492072 0.999999881 1.958314538
0.999999464 0.000904967 0.000540506 0.040188663 -0.000904937 0.999999583 -0.000055452 -0.068643555 -0.000540556 0.000054963 0.999999881 2.155392647
0.999999344 0.001128725 0.000287432 0.046762772 -0.001128022 0.999996424 -0.002435698 -0.042659536 -0.000290180 0.002435373 0.999996960 2.415770292
0.999999225 0.001258983 0.000041695 0.058153469 -0.001258898 0.999997318 -0.001965745 -0.052605443 -0.000044170 0.001965691 0.999998033 2.632583141
0.999999225 0.001238929 -0.000060685 0.062904663 -0.001239057 0.999996901 -0.002167308 -0.062897138 0.000058000 0.002167382 0.999997675 2.859689951
0.999999464 0.000877726 -0.000533841 0.074737117 -0.000878690 0.999998033 -0.001808944 -0.072455473 0.000532252 0.001809413 0.999998271 3.093729258
0.999999523 0.000893726 -0.000344850 0.072769001 -0.000894560 0.999996722 -0.002425995 -0.071022525 0.000342680 0.002426302 0.999997020 3.333970785
0.999999404 0.001097442 -0.000215712 0.078559287 -0.001097884 0.999997258 -0.002059618 -0.082185261 0.000213451 0.002059854 0.999997854 3.579665422
0.999999583 0.000891080 -0.000328964 0.081413925 -0.000891896 0.999996543 -0.002490411 -0.082944058 0.000326744 0.002490703 0.999996901 3.844904900
0.999999404 0.001042488 -0.000199815 0.089357361 -0.001042974 0.999996483 -0.002448358 -0.092496410 0.000197261 0.002448565 0.999997020 4.101020813
0.999998987 0.001412887 -0.000238071 0.095104232 -0.001413387 0.999996781 -0.002112762 -0.099836677 0.000235085 0.002113096 0.999997675 4.356379032
0.999999046 0.001333733 -0.000251836 0.101631135 -0.001334324 0.999996305 -0.002362136 -0.103520982 0.000248685 0.002362470 0.999997139 4.618142128
0.999999166 0.001278452 -0.000200409 0.106985070 -0.001278925 0.999996364 -0.002377000 -0.112640351 0.000197370 0.002377254 0.999997199 4.871079922
0.999998629 0.001664939 -0.000276923 0.111268044 -0.001665523 0.999996424 -0.002119599 -0.119545028 0.000273393 0.002120057 0.999997735 5.132207394
0.999998629 0.001616558 -0.000036339 0.113840997 -0.001616648 0.999995232 -0.002635301 -0.125181317 0.000032078 0.002635356 0.999996543 5.397185802
0.999999046 0.001387280 0.000017398 0.119016945 -0.001387225 0.999995053 -0.002830638 -0.131659895 -0.000021325 0.002830611 0.999996006 5.668646812
0.999998569 0.001687517 0.000096461 0.124421276 -0.001687287 0.999995768 -0.002339761 -0.141900733 -0.000100409 0.002339595 0.999997199 5.936789036
0.999998987 0.001416557 0.000007180 0.135528788 -0.001416536 0.999996126 -0.002389125 -0.151468813 -0.000010564 0.002389112 0.999997139 6.214798927
0.999998868 0.001502992 0.000129654 0.134785756 -0.001502683 0.999996066 -0.002350746 -0.161993250 -0.000133186 0.002350548 0.999997258 6.479656696
0.999998927 0.001449581 0.000347369 0.134320572 -0.001448691 0.999995649 -0.002547290 -0.169115022 -0.000351060 0.002546784 0.999996722 6.774049759
0.999998331 0.001834538 0.000164878 0.149442106 -0.001834207 0.999996364 -0.001985614 -0.186738178 -0.000168520 0.001985308 0.999997973 7.059320927
0.999999106 0.001354713 0.000157500 0.155270725 -0.001354401 0.999997139 -0.001969191 -0.194098204 -0.000160167 0.001968976 0.999998033 7.354401588
0.999998987 0.001350916 0.000432621 0.159266591 -0.001349778 0.999995649 -0.002619003 -0.199639797 -0.000436157 0.002618416 0.999996543 7.674541473
0.999998808 0.001486897 0.000410565 0.161689684 -0.001486107 0.999997020 -0.001919696 -0.219601154 -0.000413418 0.001919084 0.999998033 7.976473808
0.999998808 0.001542104 0.000286103 0.169631600 -0.001541607 0.999997318 -0.001728305 -0.227241173 -0.000288768 0.001727861 0.999998450 8.300604820
0.999998808 0.001278187 0.000805559 0.171527177 -0.001276435 0.999996901 -0.002171468 -0.237254381 -0.000808332 0.002170437 0.999997318 8.627566338
0.999997735 0.001850120 0.001102462 0.177302524 -0.001848333 0.999997079 -0.001619314 -0.247786716 -0.001105454 0.001617272 0.999998093 8.960632324
0.999998748 0.001505906 0.000514007 0.188148260 -0.001504840 0.999996841 -0.002066871 -0.257253647 -0.000517117 0.002066096 0.999997735 9.310494423
0.999997318 0.002141026 0.000889678 0.192553625 -0.002139135 0.999995470 -0.002120562 -0.266341984 -0.000894214 0.002118653 0.999997318 9.657316208
0.999998152 0.001863426 0.000347039 0.207351193 -0.001862810 0.999996662 -0.001767172 -0.281382382 -0.000350331 0.001766523 0.999998391 9.996955872
0.999998629 0.001497762 0.000666714 0.204612806 -0.001496588 0.999997318 -0.001758358 -0.293962061 -0.000669346 0.001757357 0.999998212 10.366538048
0.999997854 0.001779147 0.001016759 0.210557088 -0.001777802 0.999997497 -0.001322200 -0.309903592 -0.001019109 0.001320389 0.999998629 10.717649460
0.999998093 0.001505834 0.001187925 0.216319308 -0.001503958 0.999997556 -0.001578843 -0.316069216 -0.001190299 0.001577054 0.999997973 11.084576607
0.999997616 0.001819655 0.001215265 0.220740154 -0.001817668 0.999997020 -0.001634195 -0.327763081 -0.001218235 0.001631982 0.999997914 11.473558426
0.999997675 0.001722907 0.001280462 0.231371269 -0.001720950 0.999997377 -0.001528119 -0.337947041 -0.001283091 0.001525912 0.999998033 11.852870941
0.999998152 0.001547141 0.001102216 0.238117099 -0.001545134 0.999997079 -0.001818727 -0.349077046 -0.001105027 0.001817021 0.999997735 12.235105515
0.999997735 0.001560687 0.001422161 0.247328997 -0.001557757 0.999996603 -0.002059013 -0.359481394 -0.001425370 0.002056793 0.999996841 12.628542900
0.999997795 0.001571696 0.001398406 0.251424104 -0.001569335 0.999997437 -0.001688324 -0.370880634 -0.001401056 0.001686126 0.999997616 13.017292976
0.999997675 0.001802669 0.001289927 0.261113197 -0.001800322 0.999996722 -0.001818439 -0.382439017 -0.001293201 0.001816112 0.999997437 13.417057991
0.999996603 0.002001887 0.001712091 0.265743673 -0.001998404 0.999995887 -0.002033415 -0.391514421 -0.001716154 0.002029986 0.999996424 13.830062866
0.999997258 0.001470887 0.001821304 0.275972843 -0.001467952 0.999997556 -0.001611478 -0.407847524 -0.001823670 0.001608800 0.999996960 14.238976479
0.999996901 0.001365030 0.002093437 0.288150072 -0.001361515 0.999997616 -0.001679464 -0.420922637 -0.002095725 0.001676608 0.999996364 14.659873009
0.999996781 0.001458700 0.002067735 0.296541870 -0.001455574 0.999997735 -0.001512711 -0.433410078 -0.002069937 0.001509696 0.999996722 15.093344688
0.999995828 0.001601479 0.002393432 0.305674672 -0.001597400 0.999997199 -0.001705298 -0.444269866 -0.002396158 0.001701468 0.999995649 15.525401115
0.999995053 0.001664593 0.002644467 0.318885326 -0.001659572 0.999996781 -0.001899571 -0.456095695 -0.002647621 0.001895173 0.999994695 15.962334633
0.999994397 0.001510731 0.002988008 0.327352166 -0.001506666 0.999997914 -0.001362422 -0.472001910 -0.002990059 0.001357912 0.999994636 16.405738831
0.999992788 0.001798694 0.003339424 0.335135162 -0.001792558 0.999996662 -0.001839361 -0.484122604 -0.003342721 0.001833362 0.999992669 16.856006622
0.999991655 0.001800993 0.003660076 0.344154090 -0.001793954 0.999996543 -0.001925425 -0.496283054 -0.003663531 0.001918843 0.999991477 17.313390732
0.999988675 0.002349563 0.004143527 0.349222720 -0.002343085 0.999996006 -0.001567532 -0.509799421 -0.004147193 0.001557806 0.999990106 17.776014328
0.999988258 0.001930272 0.004461306 0.359694242 -0.001921248 0.999996126 -0.002026266 -0.518810928 -0.004465200 0.002017671 0.999987960 18.250772476
0.999990046 0.001316161 0.004257413 0.383266628 -0.001310587 0.999998331 -0.001311888 -0.534313560 -0.004259133 0.001306296 0.999990046 18.711015701
0.999988437 0.002001752 0.004379239 0.394571126 -0.001992432 0.999995708 -0.002131597 -0.545297861 -0.004383487 0.002122847 0.999988139 19.183183670
0.999988198 0.001561526 0.004604200 0.411984473 -0.001551832 0.999996603 -0.002108364 -0.557100832 -0.004607476 0.002101195 0.999987185 19.663679123
0.999988794 0.001013013 0.004638206 0.420484900 -0.001004887 0.999998033 -0.001753912 -0.573929012 -0.004639973 0.001749231 0.999987721 20.145820618
0.999988973 0.001782317 0.004330788 0.429371059 -0.001773438 0.999996245 -0.002053038 -0.586936772 -0.004334430 0.002045335 0.999988496 20.653650284
0.999989390 0.001882848 0.004204000 0.440037340 -0.001874583 0.999996245 -0.001969110 -0.598023713 -0.004207692 0.001961208 0.999989212 21.152633667
0.999994516 0.001022162 0.003165556 0.450652540 -0.001014740 0.999996722 -0.002345293 -0.601486564 -0.003167943 0.002342067 0.999992251 21.673885345
0.999990940 0.001803949 0.003861282 0.442896247 -0.001797558 0.999997020 -0.001657843 -0.637897611 -0.003864260 0.001650887 0.999991179 22.154048920
0.999994278 0.001506890 0.003028699 0.463311374 -0.001502300 0.999997735 -0.001517274 -0.649839342 -0.003030980 0.001512715 0.999994278 22.667116165
0.999992847 0.002352334 0.002958563 0.461544007 -0.002347080 0.999995649 -0.001778006 -0.664157212 -0.002962733 0.001771049 0.999994040 23.194221497
0.999996185 0.001946391 0.001925078 0.473579407 -0.001941886 0.999995410 -0.002339636 -0.678787827 -0.001929624 0.002335888 0.999995410 23.719587326
0.999997735 0.001133152 0.001794983 0.481906801 -0.001128822 0.999996424 -0.002411663 -0.694216669 -0.001797710 0.002409631 0.999995470 24.239799500
0.999997556 0.001742084 0.001285313 0.491046131 -0.001739650 0.999996722 -0.001893069 -0.710364819 -0.001288607 0.001890829 0.999997377 24.777387619
0.999996543 0.002515753 0.000711086 0.502026558 -0.002514485 0.999995232 -0.001778746 -0.730251789 -0.000715557 0.001776952 0.999998152 25.301593781
0.999996364 0.002675656 0.000322349 0.509232283 -0.002675083 0.999994814 -0.001764631 -0.743494093 -0.000327068 0.001763762 0.999998391 25.856487274
0.999997914 0.002009564 0.000213182 0.521119058 -0.002009218 0.999996662 -0.001610984 -0.763788581 -0.000216419 0.001610552 0.999998689 26.405662537
0.999997795 0.002005875 -0.000491133 0.526944637 -0.002006399 0.999997377 -0.001068700 -0.782625675 0.000488988 0.001069683 0.999999285 26.941432953
0.999997318 0.002248636 -0.000475023 0.535247147 -0.002249131 0.999996901 -0.001044555 -0.803427696 0.000472673 0.001045621 0.999999344 27.490840912
0.999993324 0.003588138 -0.000667662 0.545580983 -0.003589120 0.999992490 -0.001476572 -0.822314858 0.000662359 0.001478958 0.999998689 28.040470123
0.999995649 0.002744843 -0.001085447 0.543431938 -0.002745955 0.999995708 -0.001023708 -0.831477106 0.001082633 0.001026685 0.999998808 28.594600677
0.999996006 0.002641269 -0.001050831 0.550705075 -0.002642660 0.999995649 -0.001324581 -0.845208108 0.001047328 0.001327353 0.999998510 29.137395859
0.999994993 0.002582615 -0.001843784 0.563650668 -0.002584334 0.999996245 -0.000930672 -0.865119219 0.001841374 0.000935433 0.999997795 29.691730499
0.999993742 0.002861939 -0.002078033 0.566010118 -0.002863968 0.999995410 -0.000973145 -0.878098965 0.002075239 0.000979091 0.999997318 30.239393234
0.999993324 0.002872638 -0.002241771 0.580562234 -0.002874821 0.999995351 -0.000971151 -0.897754431 0.002238971 0.000977589 0.999996960 30.778718948
0.999992311 0.002899079 -0.002619141 0.586965442 -0.002901536 0.999995291 -0.000934798 -0.913709044 0.002616419 0.000942390 0.999996126 31.326381683
0.999991179 0.003063127 -0.002883993 0.595576465 -0.003065425 0.999994934 -0.000792780 -0.927801311 0.002881550 0.000801613 0.999995530 31.876937866
0.999990761 0.002912941 -0.003174773 0.609816432 -0.002914357 0.999995708 -0.000441506 -0.949197590 0.003173473 0.000450755 0.999994874 32.419223785
0.999991775 0.003138187 -0.002550632 0.601888895 -0.003140631 0.999994636 -0.000954636 -0.951976061 0.002547623 0.000962639 0.999996305 32.959850311
0.999989748 0.002812714 -0.003560491 0.619625092 -0.002816912 0.999995351 -0.001174408 -0.974537492 0.003557171 0.001184425 0.999992967 33.492019653
0.999989986 0.003429762 -0.002870160 0.619350135 -0.003432992 0.999993503 -0.001121444 -0.981374562 0.002866295 0.001131286 0.999995232 34.051456451
0.999990642 0.003091520 -0.002999892 0.624499261 -0.003095456 0.999994338 -0.001308429 -0.998522341 0.002995830 0.001317703 0.999994636 34.596439362
0.999990106 0.003561287 -0.002660530 0.629219234 -0.003563886 0.999993145 -0.000972804 -1.014481664 0.002657048 0.000982277 0.999996006 35.137847900
0.999990880 0.003509343 -0.002439753 0.634210706 -0.003512092 0.999993265 -0.001123766 -1.028814912 0.002435793 0.001132325 0.999996364 35.689197540
0.999990225 0.003932564 -0.002063352 0.645210803 -0.003933670 0.999992132 -0.000531921 -1.052246928 0.002061244 0.000540033 0.999997735 36.215984344
0.999988198 0.003888956 -0.002912763 0.657989800 -0.003892299 0.999991894 -0.001143139 -1.062848926 0.002908294 0.001154463 0.999995112 36.772178650
0.999986529 0.004441968 -0.002659259 0.665790856 -0.004445524 0.999989271 -0.001332869 -1.076748729 0.002653310 0.001344673 0.999995589 37.320846558
0.999986887 0.003888637 -0.003359663 0.672900081 -0.003893078 0.999991536 -0.001316621 -1.095517397 0.003354514 0.001329683 0.999993503 37.875919342
0.999989152 0.003594258 -0.002955694 0.678623676 -0.003599138 0.999992192 -0.001647471 -1.107260585 0.002949750 0.001658092 0.999994218 38.429370880
0.999987125 0.004077032 -0.003001309 0.684737802 -0.004081859 0.999990404 -0.001604105 -1.127042174 0.002994739 0.001616335 0.999994159 38.979145050
0.999984682 0.003978499 -0.003855432 0.701807261 -0.003982546 0.999991477 -0.001042699 -1.144538283 0.003851252 0.001058037 0.999991953 39.508777618
0.999985278 0.003878775 -0.003807881 0.718926191 -0.003882106 0.999992132 -0.000867887 -1.165092945 0.003804485 0.000882657 0.999992371 40.044666290
0.999982834 0.004051994 -0.004234178 0.736904263 -0.004054195 0.999991596 -0.000511672 -1.189487934 0.004232070 0.000528829 0.999990880 40.589534760
0.999981523 0.003866051 -0.004688227 0.744233906 -0.003870445 0.999992192 -0.000928550 -1.197096109 0.004684600 0.000946678 0.999988496 41.155448914
0.999978900 0.004667133 -0.004493775 0.753668070 -0.004668437 0.999989033 -0.000279614 -1.214003444 0.004492420 0.000300588 0.999989808 41.708225250
0.999978185 0.004411545 -0.004912470 0.773601174 -0.004413103 0.999990225 -0.000306347 -1.235546470 0.004911071 0.000328020 0.999987841 42.251617432
0.999976337 0.004635354 -0.005087330 0.769393623 -0.004640500 0.999988735 -0.000999917 -1.238702893 0.005082638 0.001023502 0.999986589 42.804439545
0.999977529 0.004168482 -0.005240310 0.781405151 -0.004172030 0.999991119 -0.000666584 -1.257243872 0.005237485 0.000688432 0.999986112 43.342258453
0.999978364 0.004866899 -0.004436621 0.785291970 -0.004871722 0.999987543 -0.001076991 -1.271880031 0.004431324 0.001098581 0.999989629 43.894195557
0.999979138 0.003997993 -0.005075954 0.789579988 -0.004001368 0.999991775 -0.000654824 -1.289652824 0.005073294 0.000675121 0.999986887 44.444499969
0.999978065 0.004681397 -0.004695069 0.796333671 -0.004686495 0.999988437 -0.001075130 -1.300569654 0.004689981 0.001097110 0.999988437 44.999362946
0.999979317 0.005148970 -0.003884884 0.805520177 -0.005153638 0.999986053 -0.001192455 -1.310445070 0.003878690 0.001212452 0.999991715 45.530113220
0.999979556 0.004238022 -0.004785414 0.809075356 -0.004241143 0.999990761 -0.000642364 -1.334988952 0.004782647 0.000662646 0.999988317 46.076877594
0.999982774 0.003306271 -0.004855515 0.820181251 -0.003312591 0.999993682 -0.001293945 -1.348583341 0.004851206 0.001310007 0.999987364 46.621276855
0.999977827 0.004451279 -0.004945164 0.839700699 -0.004454100 0.999989986 -0.000559816 -1.372370720 0.004942622 0.000581830 0.999987543 47.148220062
0.999982476 0.003317631 -0.004908760 0.823102474 -0.003323722 0.999993682 -0.001233258 -1.373255014 0.004904638 0.001249551 0.999987185 47.720764160
0.999982417 0.004092049 -0.004299871 0.824319005 -0.004097168 0.999990940 -0.001182656 -1.390370369 0.004294993 0.001200253 0.999990046 48.268787384
0.999979615 0.004145933 -0.004862400 0.850773096 -0.004152319 0.999990582 -0.001304064 -1.403514385 0.004856947 0.001324228 0.999987245 48.805694580
0.999983490 0.003570105 -0.004486226 0.836756468 -0.003575741 0.999992847 -0.001248791 -1.415935397 0.004481735 0.001264812 0.999989152 49.362464905
0.999983490 0.004038038 -0.004074175 0.847687900 -0.004042536 0.999991238 -0.001096102 -1.436157942 0.004069713 0.001112554 0.999991059 49.904148102
0.999985576 0.003842339 -0.003749737 0.847137988 -0.003847827 0.999991536 -0.001457247 -1.447647095 0.003744106 0.001471655 0.999991894 50.455585480
0.999984682 0.003595485 -0.004192998 0.859614670 -0.003602792 0.999992013 -0.001736555 -1.464201689 0.004186720 0.001751635 0.999989688 51.013000488
0.999985576 0.003689173 -0.003879689 0.867578030 -0.003693774 0.999992430 -0.001179395 -1.484720349 0.003875308 0.001193709 0.999991775 51.564598083
0.999987960 0.003610664 -0.003314232 0.867230296 -0.003615207 0.999992549 -0.001365291 -1.503268600 0.003309278 0.001377256 0.999993563 52.116321564
0.999984264 0.003321033 -0.004524751 0.891729176 -0.003330005 0.999992430 -0.001976779 -1.513326526 0.004518152 0.001991815 0.999987721 52.662776947
0.999986768 0.003323148 -0.003932488 0.895248771 -0.003330241 0.999992788 -0.001798694 -1.527688384 0.003926482 0.001811767 0.999990642 53.204113007
0.999984801 0.003514458 -0.004246601 0.903409779 -0.003522018 0.999992192 -0.001773993 -1.545440912 0.004240333 0.001788923 0.999989390 53.757171631
0.999985695 0.004062522 -0.003487229 0.913746774 -0.004068780 0.999990225 -0.001789357 -1.561988115 0.003479925 0.001803520 0.999992311 54.302307129
0.999989569 0.003229934 -0.003217994 0.909780025 -0.003236661 0.999992728 -0.002087120 -1.568708181 0.003211228 0.002097514 0.999992609 54.857799530
0.999984384 0.003407742 -0.004461308 0.934821546 -0.003416105 0.999992430 -0.001868319 -1.596469641 0.004454907 0.001883529 0.999988317 55.399776459
0.999985576 0.003912942 -0.003680415 0.937762737 -0.003920069 0.999990463 -0.001931087 -1.612682939 0.003672823 0.001945486 0.999991357 55.952453613
0.999983072 0.003655282 -0.004531324 0.945894957 -0.003664145 0.999991417 -0.001948886 -1.625503778 0.004524161 0.001965456 0.999987841 56.480968475
0.999985039 0.003616946 -0.004091772 0.961619914 -0.003625588 0.999991179 -0.002106640 -1.643215895 0.004084116 0.002121444 0.999989390 57.017917633
0.999982953 0.003985264 -0.004272581 0.966804922 -0.003994676 0.999989629 -0.002197203 -1.653852105 0.004263780 0.002214233 0.999988377 57.570541382
0.999982238 0.004308640 -0.004123974 0.973254859 -0.004316309 0.999989033 -0.001852480 -1.676367640 0.004115947 0.001870247 0.999989748 58.112243652
0.999984801 0.004309915 -0.003417960 0.981271505 -0.004317778 0.999988019 -0.002296604 -1.689372301 0.003408020 0.002311327 0.999991536 58.656646729
0.999983549 0.004002424 -0.004098646 0.988874018 -0.004014350 0.999987721 -0.002905334 -1.695939183 0.004086967 0.002921740 0.999987364 59.197666168
0.999986470 0.003410120 -0.003921663 0.999193549 -0.003422873 0.999988914 -0.003249691 -1.712193727 0.003910537 0.003263071 0.999987006 59.741889954
0.999985754 0.003939516 -0.003604579 1.005057812 -0.003950736 0.999987364 -0.003110685 -1.728321910 0.003592280 0.003124881 0.999988675 60.297267914
0.999981105 0.004591892 -0.004065215 1.012883306 -0.004602949 0.999985695 -0.002714699 -1.747387648 0.004052691 0.002733360 0.999988079 60.819896698
0.999981403 0.004985917 -0.003505417 1.022291303 -0.004994571 0.999984503 -0.002464558 -1.768980861 0.003493075 0.002482021 0.999990880 61.371055603
0.999982059 0.004726725 -0.003697068 1.030728698 -0.004737280 0.999984682 -0.002851486 -1.777416706 0.003683534 0.002868949 0.999989152 61.925342560
0.999980330 0.004468204 -0.004403653 1.043439269 -0.004481358 0.999985516 -0.002981886 -1.795311570 0.004390265 0.003001561 0.999985874 62.441844940
0.999979258 0.004920450 -0.004157390 1.050636888 -0.004932008 0.999983966 -0.002774450 -1.815690398 0.004143671 0.002794896 0.999987602 62.989608765
0.999980509 0.005243883 -0.003419131 1.041694641 -0.005252340 0.999983132 -0.002468758 -1.831113815 0.003406128 0.002486668 0.999991119 63.553802490
0.999981344 0.004314537 -0.004330823 1.063617587 -0.004326109 0.999987006 -0.002666072 -1.851380587 0.004319265 0.002684757 0.999987066 64.081039429
0.999982953 0.004207219 -0.004051331 1.065820932 -0.004218010 0.999987543 -0.002658765 -1.867818594 0.004040095 0.002675808 0.999988258 64.629280090
0.999980569 0.004755865 -0.004032752 1.078938723 -0.004767116 0.999984741 -0.002784465 -1.881503582 0.004019448 0.002803636 0.999988019 65.162757874
0.999980628 0.004249131 -0.004538931 1.091622710 -0.004263259 0.999986112 -0.003107326 -1.895024657 0.004525663 0.003126617 0.999984860 65.694023132
0.999981940 0.004377610 -0.004121913 1.100004673 -0.004391863 0.999984384 -0.003454889 -1.908300757 0.004106725 0.003472930 0.999985576 66.251426697
0.999985218 0.004251622 -0.003399360 1.100718260 -0.004264961 0.999983251 -0.003926400 -1.918930054 0.003382609 0.003940840 0.999986529 66.802299500
0.999981225 0.004593843 -0.004063557 1.117229581 -0.004604834 0.999985695 -0.002699580 -1.950828075 0.004051098 0.002718241 0.999988019 67.341392517
0.999981165 0.004256263 -0.004426231 1.119405985 -0.004267137 0.999987900 -0.002450082 -1.967413068 0.004415749 0.002468923 0.999987185 67.857727051
0.999979019 0.004983104 -0.004144361 1.127722979 -0.004992531 0.999984980 -0.002267392 -1.988906741 0.004133001 0.002288036 0.999988794 68.397277832
0.999977052 0.005257934 -0.004269664 1.138946891 -0.005268326 0.999983132 -0.002425953 -2.007354498 0.004256838 0.002448391 0.999987960 68.939170837
0.999980271 0.004879794 -0.003954873 1.131488681 -0.004890446 0.999984443 -0.002688652 -2.014061451 0.003941693 0.002707940 0.999988556 69.482231140
0.999981165 0.005005905 -0.003560935 1.139927506 -0.005015998 0.999983490 -0.002831044 -2.027223349 0.003546704 0.002848852 0.999989688 70.030075073
0.999983370 0.004931169 -0.003007144 1.142332554 -0.004940432 0.999983132 -0.003080214 -2.047265530 0.002991904 0.003095019 0.999990761 70.583740234
0.999981761 0.004437748 -0.004083203 1.160896659 -0.004450486 0.999985158 -0.003115571 -2.058451414 0.004069316 0.003133687 0.999986827 71.100708008
0.999981463 0.004751676 -0.003809788 1.174098849 -0.004763653 0.999983728 -0.003140723 -2.076625109 0.003794802 0.003158813 0.999987841 71.651756287
0.999978781 0.005524814 -0.003435658 1.179628730 -0.005535302 0.999980032 -0.003050279 -2.093316555 0.003418737 0.003069232 0.999989450 72.199035645
0.999980569 0.004958495 -0.003760793 1.180225134 -0.004970158 0.999982834 -0.003098330 -2.111538887 0.003745366 0.003116962 0.999988079 72.718597412
0.999983311 0.004560164 -0.003530324 1.191821694 -0.004570914 0.999984920 -0.003042827 -2.133936882 0.003516395 0.003058914 0.999989092 73.260459900
0.999984026 0.004392295 -0.003552431 1.194348335 -0.004401092 0.999987245 -0.002472696 -2.154646158 0.003541525 0.002488291 0.999990642 73.811622620
0.999983191 0.004332291 -0.003833594 1.204619169 -0.004343728 0.999986112 -0.002980130 -2.164858103 0.003820630 0.002996733 0.999988139 74.335517883
0.999983788 0.004101502 -0.003947201 1.218386173 -0.004111985 0.999987960 -0.002651679 -2.183582783 0.003936278 0.002667867 0.999988675 74.873161316
0.999982476 0.004598935 -0.003739834 1.222826719 -0.004608274 0.999986231 -0.002491950 -2.202144384 0.003728322 0.002509140 0.999989927 75.417282104
0.999983728 0.003706692 -0.004337238 1.240269542 -0.003718571 0.999989331 -0.002734078 -2.218930006 0.004327057 0.002750161 0.999986827 75.956443787
0.999979258 0.004608337 -0.004521867 1.247126937 -0.004619934 0.999986053 -0.002557424 -2.238822460 0.004510019 0.002578262 0.999986470 76.501625061
0.999985158 0.003463724 -0.004198009 1.254587770 -0.003475896 0.999989748 -0.002895570 -2.253955841 0.004187936 0.002910119 0.999986947 77.043724060
0.999983609 0.003345171 -0.004651118 1.266412258 -0.003358091 0.999990523 -0.002772935 -2.270681858 0.004641797 0.002788508 0.999985337 77.589340210
0.999983549 0.003496672 -0.004539369 1.273760796 -0.003508862 0.999990225 -0.002680062 -2.286102772 0.004529953 0.002695946 0.999986112 78.122444153
0.999984503 0.003506968 -0.004325009 1.283340454 -0.003521789 0.999987960 -0.003423816 -2.297528982 0.004312949 0.003438995 0.999984801 78.669120789
0.999983668 0.003922374 -0.004158275 1.289396524 -0.003935243 0.999987483 -0.003091279 -2.315554142 0.004146097 0.003107593 0.999986589 79.208435059
0.999982953 0.004582824 -0.003620182 1.290596962 -0.004594794 0.999983966 -0.003305087 -2.329768658 0.003604978 0.003321665 0.999987960 79.759101868
0.999981403 0.004318009 -0.004329579 1.309755802 -0.004331799 0.999985576 -0.003180814 -2.350681305 0.004315782 0.003199509 0.999985576 80.291282654
0.999985635 0.004382590 -0.003083752 1.321225643 -0.004392045 0.999985635 -0.003065978 -2.366348982 0.003070271 0.003079478 0.999990523 80.843345642
0.999987423 0.004371492 -0.002464504 1.332860351 -0.004378385 0.999986529 -0.002799149 -2.386991739 0.002452234 0.002809905 0.999993026 81.383384705
0.999989331 0.004551413 -0.000817173 1.343109250 -0.004553667 0.999985754 -0.002777686 -2.406088829 0.000804519 0.002781378 0.999995768 81.920433044
0.999989808 0.004450446 0.000750896 1.353267431 -0.004448150 0.999985516 -0.003031457 -2.420131683 -0.000764376 0.003028085 0.999995112 82.464988708
0.999981463 0.004901916 0.003610050 1.373062730 -0.004890955 0.999983430 -0.003039413 -2.438142538 -0.003624888 0.003021700 0.999988854 83.015533447
0.999962389 0.005164214 0.006967080 1.393229246 -0.005147995 0.999984086 -0.002343773 -2.459635735 -0.006979072 0.002307819 0.999972999 83.546806335
0.999933720 0.004699749 0.010511326 1.409157276 -0.004671499 0.999985397 -0.002710679 -2.476361275 -0.010523912 0.002661396 0.999941051 84.084793091
0.999862373 0.004451403 0.015984707 1.432696819 -0.004412035 0.999987125 -0.002497338 -2.497458220 -0.015995616 0.002426469 0.999869108 84.632156372
0.999760211 0.005048137 0.021311015 1.464126229 -0.004983965 0.999982893 -0.003063287 -2.510960102 -0.021326115 0.002956339 0.999768138 85.179702759
0.999630630 0.004851744 0.026738791 1.487792969 -0.004783459 0.999985158 -0.002617187 -2.530704975 -0.026751084 0.002488317 0.999639034 85.723785400
0.999476492 0.003897142 0.032117028 1.528012276 -0.003813627 0.999989271 -0.002661163 -2.547155857 -0.032127045 0.002537288 0.999480546 86.266410828
0.999168932 0.004562883 0.040504921 1.559555888 -0.004464609 0.999986887 -0.002516367 -2.567130804 -0.040515877 0.002333438 0.999176145 86.822090149
0.998799980 0.004409224 0.048776075 1.605037212 -0.004280764 0.999987066 -0.002737821 -2.582511425 -0.048787512 0.002525737 0.998805940 87.375282288
0.998436749 0.004489057 0.055712152 1.649250031 -0.004359863 0.999987543 -0.002440291 -2.601202965 -0.055722415 0.002193579 0.998443902 87.923980713
0.997916520 0.003854645 0.064404249 1.710535526 -0.003692200 0.999989688 -0.002641100 -2.614710331 -0.064413764 0.002397804 0.997920454 88.467491150
0.997188270 0.004274820 0.074815139 1.768051624 -0.004095878 0.999988377 -0.002545036 -2.632436037 -0.074825145 0.002231447 0.997194171 89.003364563
0.996524215 0.003696183 0.083222605 1.826741219 -0.003450296 0.999989331 -0.003098188 -2.639190912 -0.083233170 0.002800277 0.996526182 89.561264038
0.995803773 0.003936251 0.091428563 1.896987915 -0.003660740 0.999988258 -0.003180919 -2.659916401 -0.091440015 0.002832875 0.995806575 90.104301453
0.994780898 0.003808890 0.101962715 1.979939938 -0.003525486 0.999989450 -0.002959549 -2.675096512 -0.101972908 0.002584635 0.994783819 90.644813538
0.993602753 0.004341465 0.112847202 2.057343483 -0.004071421 0.999988258 -0.002623364 -2.696776152 -0.112857290 0.002147133 0.993608832 91.199783325
0.992523491 0.003370037 0.122007020 2.136534691 -0.003038812 0.999991179 -0.002900782 -2.715421200 -0.122015737 0.002508338 0.992524981 91.743713379
0.991048336 0.003712132 0.133452058 2.220832825 -0.003357270 0.999990284 -0.002884023 -2.726560593 -0.133461490 0.002410171 0.991051018 92.273277283
0.989388824 0.003069919 0.145259663 2.323974609 -0.002647292 0.999991655 -0.003102666 -2.744352102 -0.145267963 0.002685199 0.989388645 92.855888367
0.987729549 0.002947680 0.156146690 2.429839134 -0.002569362 0.999993205 -0.002624621 -2.766868114 -0.156153366 0.002191218 0.987730384 93.401580811
0.986068428 0.002129994 0.166326076 2.545356750 -0.001698650 0.999994755 -0.002735575 -2.784042358 -0.166330993 0.002414934 0.986066997 93.942443848
0.983886182 0.002234756 0.178781509 2.671838760 -0.001793665 0.999994874 -0.002628812 -2.804667711 -0.178786442 0.002265777 0.983885288 94.458435059
0.981446385 0.001614723 0.191730216 2.796044350 -0.001153352 0.999996185 -0.002517933 -2.818228722 -0.191733539 0.002250084 0.981444359 95.005249023
0.979291677 0.001806907 0.202446461 2.910135269 -0.001286292 0.999995530 -0.002703158 -2.833048105 -0.202450439 0.002386776 0.979289591 95.570999146
0.976556838 0.002099415 0.215249270 3.054010391 -0.001654807 0.999996066 -0.002245741 -2.855658531 -0.215253145 0.001836899 0.976556540 96.095245361
0.973499715 0.001998285 0.228679374 3.204221725 -0.001479498 0.999995947 -0.002440037 -2.864195585 -0.228683308 0.002037045 0.973498702 96.634078979
0.970831990 0.000919833 0.239758968 3.348749161 -0.000420718 0.999997556 -0.002132912 -2.889012814 -0.239760429 0.001969828 0.970830083 97.168174744
0.967835844 0.000235348 0.251582593 3.512485504 0.000302830 0.999997735 -0.002100451 -2.912417412 -0.251582563 0.002109078 0.967833519 97.690391541
0.964141607 0.000853840 0.265386850 3.679658890 -0.000411645 0.999998391 -0.001721841 -2.927338123 -0.265387923 0.001550853 0.964140475 98.207572937
0.960481882 0.000694432 0.278341621 3.847635269 -0.000093373 0.999997616 -0.002172679 -2.940855026 -0.278342396 0.002060830 0.960479677 98.755577087
0.957215905 0.000124931 0.289374530 4.024625778 0.000407007 0.999998331 -0.001778060 -2.959788561 -0.289374232 0.001819765 0.957214296 99.265304565
0.952993035 -0.000170945 0.302991956 4.214221954 0.000827526 0.999997497 -0.002038606 -2.973163128 -0.302990854 0.002193511 0.952990949 99.773513794
0.948507488 -0.000570479 0.316754341 4.406419754 0.001227863 0.999997437 -0.001875775 -2.989587545 -0.316752374 0.002168117 0.948505878 100.320991516
0.944578171 -0.000985053 0.328285187 4.606498718 0.001771858 0.999996185 -0.002097594 -2.999310255 -0.328281850 0.002563016 0.944576263 100.840270996
0.939857602 -0.001612218 0.341562688 4.806272507 0.002379680 0.999995530 -0.001827921 -3.023152351 -0.341558188 0.002530796 0.939857185 101.347694397
0.934771240 -0.001766580 0.355245948 5.038698196 0.002666573 0.999994338 -0.002043840 -3.039415598 -0.355240285 0.002857811 0.934770763 101.869651794
0.930082381 -0.001980747 0.367345601 5.261127472 0.002806211 0.999994576 -0.001713025 -3.056615591 -0.367340118 0.002624104 0.930083036 102.372619629
0.925353944 -0.002467365 0.379096180 5.483629227 0.003512326 0.999991715 -0.002064914 -3.070272923 -0.379087925 0.003242286 0.925355017 102.872970581
0.919365108 -0.002653758 0.393396229 5.722736359 0.003669207 0.999991596 -0.001829214 -3.085530281 -0.393388093 0.003125168 0.919367194 103.389312744
0.913475037 -0.003286139 0.406881511 5.963039398 0.004312211 0.999989450 -0.001604873 -3.101219177 -0.406871885 0.003220571 0.913479567 103.875747681
0.908411682 -0.002815157 0.418067187 6.208087921 0.003612815 0.999992847 -0.001116536 -3.123737097 -0.418061048 0.002524674 0.908415377 104.350753784
0.902156949 -0.003329831 0.431395084 6.469974518 0.004361463 0.999989510 -0.001402261 -3.134346485 -0.431385934 0.003146573 0.902162015 104.874481201
0.895729482 -0.003580779 0.444585174 6.737495422 0.004385985 0.999990046 -0.000782554 -3.161750793 -0.444578022 0.002650901 0.895736158 105.334358215
0.889593720 -0.004268605 0.456732839 7.014854431 0.005472356 0.999984145 -0.001312880 -3.168730736 -0.456720084 0.003667334 0.889602840 105.843070984
0.883520484 -0.004637979 0.468369484 7.275676727 0.005770697 0.999982774 -0.000983474 -3.180248737 -0.468356967 0.003571738 0.883532047 106.332862854
0.876624167 -0.005362859 0.481145740 7.565567017 0.006691016 0.999977052 -0.001044946 -3.204267979 -0.481129080 0.004135380 0.876639903 106.804191589
