1.000000000 0.000000000 0.000000000 0.000000000 0.000000000 1.000000000 0.000000000 0.000000000 0.000000000 0.000000000 1.000000000 0.000000000
0.999999940 -0.000319891 0.000046080 0.000274052 0.000319890 0.999999940 0.000012793 0.000294170 -0.000046084 -0.000012778 1.000000000 -0.000109515
1.000000000 -0.000118900 0.000135456 -0.000635789 0.000118876 1.000000000 0.000177129 -0.000418814 -0.000135477 -0.000177113 1.000000000 0.000300151
1.000000000 -0.000097979 0.000015726 0.000277503 0.000097978 1.000000000 0.000098103 0.000123062 -0.000015735 -0.000098102 1.000000000 0.000037078
1.000000000 -0.000037169 0.000034445 0.000367581 0.000037168 1.000000000 0.000054756 -0.000754831 -0.000034447 -0.000054754 1.000000000 -0.000757403
0.999999940 -0.000290252 0.000056242 0.000155757 0.000290252 0.999999940 -0.000002183 0.000137116 -0.000056241 0.000002200 1.000000000 -0.000878851
0.999999881 -0.000415280 0.000112147 -0.000275185 0.000415276 0.999999940 0.000038852 -0.000068953 -0.000112163 -0.000038805 1.000000000 0.000101137
0.999999940 -0.000309804 0.000075791 0.000624653 0.000309793 0.999999940 0.000136074 -0.000442351 -0.000075834 -0.000136050 1.000000000 0.001284754
1.000000000 -0.000116025 0.000111430 0.000013718 0.000116026 1.000000000 -0.000004620 0.000795401 -0.000111430 0.000004633 1.000000000 0.000934491
1.000000000 -0.000029220 0.000152045 -0.000757313 0.000029217 1.000000000 0.000020172 -0.000138881 -0.000152045 -0.000020167 1.000000000 -0.000493425
1.000000000 -0.000162975 0.000059789 0.001132934 0.000162973 1.000000000 0.000031700 0.000451428 -0.000059794 -0.000031690 1.000000000 -0.000740823
1.000000000 -0.000046760 -0.000028298 0.001132522 0.000046759 1.000000000 -0.000030514 -0.000203353 0.000028299 0.000030513 1.000000000 -0.002168128
1.000000000 0.000022034 0.000048376 0.000647714 -0.000022028 1.000000000 -0.000126302 0.001962248 -0.000048379 0.000126301 1.000000000 0.000795687
1.000000000 -0.000064594 0.000074012 -0.000554236 0.000064593 1.000000000 0.000023579 0.000654778 -0.000074013 -0.000023574 1.000000000 -0.000064888
1.000000000 0.000114098 0.000124359 -0.000704809 -0.000114083 1.000000000 -0.000122147 0.001058425 -0.000124373 0.000122133 1.000000000 -0.000160233
1.000000000 -0.000094653 -0.000007519 0.000680667 0.000094654 1.000000000 0.000135389 0.000031589 0.000007507 -0.000135390 1.000000000 -0.000069621
0.999999940 -0.000407370 0.000015121 0.000110569 0.000407368 0.999999881 0.000161727 -0.000440668 -0.000015187 -0.000161721 1.000000000 -0.000673008
0.999999940 -0.000285309 0.000043231 0.000103864 0.000285304 0.999999940 0.000118789 -0.001063663 -0.000043265 -0.000118777 1.000000000 -0.001650572
1.000000000 0.000068400 0.000125267 -0.000334115 -0.000068413 1.000000000 0.000101456 -0.000345945 -0.000125260 -0.000101464 1.000000000 -0.001155099
1.000000000 0.000239264 0.000004768 -0.000223345 -0.000239265 0.999999940 0.000127496 -0.000124004 -0.000004737 -0.000127497 1.000000000 -0.000318693
1.000000000 -0.000145054 -0.000035018 0.000691327 0.000145059 1.000000000 0.000125907 0.000166114 0.000035000 -0.000125913 1.000000000 -0.000630408
1.000000000 -0.000039328 0.000078270 -0.000352505 0.000039319 1.000000000 0.000116523 -0.000250610 -0.000078275 -0.000116520 1.000000000 -0.000726136
1.000000000 -0.000151230 0.000032323 0.000444771 0.000151225 1.000000000 0.000152358 -0.000511444 -0.000032346 -0.000152353 1.000000000 -0.001493434
0.999999940 -0.000235790 0.000085540 0.001173899 0.000235789 1.000000000 0.000014947 0.000801609 -0.000085543 -0.000014926 1.000000000 0.000711787
1.000000000 0.000116079 0.000131236 0.000025669 -0.000116092 1.000000000 0.000097055 0.000328621 -0.000131225 -0.000097070 1.000000000 0.000587758
1.000000000 -0.000103298 0.000017614 0.001651141 0.000103296 1.000000000 0.000091667 0.000584681 -0.000017624 -0.000091665 1.000000000 -0.001162349
0.999999940 -0.000246218 0.000080645 0.000392744 0.000246217 0.999999940 0.000017701 0.000178864 -0.000080649 -0.000017682 1.000000000 -0.001930457
1.000000000 -0.000198723 0.000012581 -0.000169073 0.000198722 1.000000000 0.000076520 -0.000461479 -0.000012596 -0.000076517 1.000000000 -0.001958897
0.999999940 0.000227516 0.000171901 -0.001244500 -0.000227547 0.999999940 0.000181550 0.000165005 -0.000171859 -0.000181589 0.999999940 0.001134510
1.000000000 -0.000026232 -0.000003191 0.000478928 0.000026232 1.000000000 0.000144275 -0.000141505 0.000003187 -0.000144275 1.000000000 -0.000906582
0.999999940 -0.000221295 0.000204625 -0.000810397 0.000221290 1.000000000 0.000026963 0.000434323 -0.000204631 -0.000026918 1.000000000 -0.000159476
1.000000000 -0.000129485 0.000163337 -0.000858415 0.000129461 1.000000000 0.000150750 -0.000541968 -0.000163356 -0.000150729 1.000000000 -0.001140308
1.000000000 -0.000009452 0.000093062 -0.000286450 0.000009435 1.000000000 0.000179029 -0.001293409 -0.000093063 -0.000179029 1.000000000 -0.002000205
1.000000000 -0.000075684 0.000148979 -0.000368550 0.000075693 1.000000000 -0.000059853 0.000795696 -0.000148974 0.000059864 1.000000000 -0.000977593
1.000000000 -0.000144986 0.000111600 -0.000201133 0.000144984 1.000000000 0.000014956 0.000372076 -0.000111602 -0.000014939 1.000000000 -0.000721757
1.000000000 0.000094400 0.000091416 0.000115460 -0.000094415 1.000000000 0.000159939 0.000028093 -0.000091400 -0.000159947 1.000000000 -0.001075832
0.999999940 -0.000222870 0.000167988 0.000072128 0.000222877 1.000000000 -0.000037968 0.001885156 -0.000167980 0.000038006 1.000000000 0.000441064
1.000000000 -0.000121281 0.000097199 -0.000375168 0.000121268 1.000000000 0.000131874 0.000854623 -0.000097215 -0.000131862 1.000000000 0.001116104
1.000000000 0.000000616 0.000123885 -0.000372340 -0.000000622 1.000000000 0.000048405 0.000256971 -0.000123885 -0.000048405 1.000000000 -0.000924431
1.000000000 0.000091733 0.000202154 -0.001083228 -0.000091754 1.000000000 0.000101835 -0.000014914 -0.000202145 -0.000101853 1.000000000 -0.000480016
0.999999940 0.000005656 0.000304073 -0.000792588 -0.000005604 1.000000000 -0.000169470 0.001459760 -0.000304074 0.000169469 0.999999940 0.002205456
1.000000000 -0.000092346 0.000177848 -0.004576771 0.000092442 0.999999821 -0.000534828 -0.006234491 -0.000177799 0.000534844 0.999999821 0.038945053
1.000000000 -0.000062878 -0.000029574 -0.002519538 0.000062844 0.999999404 -0.001118919 -0.008475907 0.000029644 0.001118917 0.999999344 0.126457274
0.999999821 0.000486826 0.000271501 -0.002693101 -0.000486523 0.999999285 -0.001113618 -0.007380375 -0.000272043 0.001113485 0.999999344 0.261912704
1.000000000 -0.000192707 -0.000012587 0.007330062 0.000192688 0.999998927 -0.001466932 -0.011468758 0.000012870 0.001466930 0.999998927 0.376285613
1.000000000 -0.000057841 -0.000044913 0.009996783 0.000057772 0.999998808 -0.001536174 -0.014900397 0.000045001 0.001536171 0.999998808 0.513851047
0.999999940 -0.000111859 -0.000108248 0.013195000 0.000111691 0.999998748 -0.001549552 -0.020298110 0.000108421 0.001549540 0.999998808 0.663689971
0.999999762 -0.000496659 0.000241920 0.011894328 0.000496994 0.999998868 -0.001382625 -0.020987460 -0.000241233 0.001382745 0.999998987 0.835635841
0.999999821 -0.000580854 -0.000158808 0.017340537 0.000580642 0.999998927 -0.001334101 -0.025084050 0.000159583 0.001334009 0.999999106 1.014071584
0.999999940 0.000258373 0.000285434 0.018287223 -0.000258178 0.999999762 -0.000682434 -0.034477234 -0.000285610 0.000682360 0.999999702 1.190572381
0.999999940 -0.000102815 0.000197063 0.024565427 0.000102933 0.999999821 -0.000596576 -0.038034767 -0.000197002 0.000596597 0.999999762 1.376907229
0.999999046 -0.001364852 -0.000017517 0.029931722 0.001364832 0.999998450 -0.001094117 -0.046371140 0.000019010 0.001094092 0.999999404 1.558916569
0.999998927 -0.001439673 0.000053217 0.034315281 0.001439722 0.999998510 -0.000942981 -0.049023751 -0.000051859 0.000943057 0.999999583 1.763344288
0.999999821 -0.000428198 -0.000202525 0.037657984 0.000428080 0.999999762 -0.000580676 -0.055397160 0.000202774 0.000580589 0.999999821 1.968792558
0.999999881 -0.000053583 0.000381713 0.036924254 0.000053837 0.999999702 -0.000666108 -0.061936304 -0.000381677 0.000666128 0.999999702 2.156984568
0.999999404 0.000974950 0.000468206 0.039447319 -0.000974638 0.999999285 -0.000666741 -0.060632519 -0.000468856 0.000666284 0.999999583 2.379721880
0.999999881 -0.000111372 0.000483426 0.043294206 0.000111485 0.999999940 -0.000233941 -0.077885456 -0.000483400 0.000233995 0.999999821 2.604697227
0.999999821 0.000160714 0.000553998 0.042759337 -0.000160556 0.999999881 -0.000284043 -0.081618421 -0.000554043 0.000283954 0.999999821 2.840669155
0.999999344 0.000789939 0.000753302 0.045697965 -0.000789421 0.999999404 -0.000687910 -0.086077303 -0.000753845 0.000687315 0.999999523 3.071364641
0.999999762 0.000325789 0.000467608 0.053244561 -0.000325556 0.999999762 -0.000499292 -0.089539342 -0.000467770 0.000499140 0.999999762 3.321441412
1.000000000 -0.000282067 -0.000110108 0.077803440 0.000282002 0.999999702 -0.000584975 -0.093884699 0.000110273 0.000584944 0.999999821 3.562396049
0.999999642 -0.000717390 -0.000408828 0.083331518 0.000716988 0.999999225 -0.000981988 -0.099831000 0.000409532 0.000981694 0.999999464 3.810181618
0.999999821 -0.000172352 0.000538106 0.063561834 0.000172457 0.999999881 -0.000195331 -0.122133747 -0.000538072 0.000195424 0.999999821 4.066029549
0.999999642 0.000428118 0.000648580 0.068929918 -0.000427975 0.999999881 -0.000220298 -0.124850199 -0.000648675 0.000220021 0.999999702 4.325882912
0.999999642 0.000532835 0.000668496 0.075732827 -0.000532782 0.999999881 -0.000079490 -0.126129448 -0.000668538 0.000079133 0.999999762 4.583758831
0.999999702 -0.000048451 0.000713395 0.082358636 0.000048405 1.000000000 0.000064910 -0.134571299 -0.000713398 -0.000064875 0.999999762 4.840297222
0.999999881 0.000324301 0.000318811 0.095493846 -0.000324502 0.999999762 0.000632215 -0.145349279 -0.000318605 -0.000632319 0.999999702 5.113733292
0.999999940 -0.000019215 0.000246521 0.101565950 0.000019198 1.000000000 0.000068069 -0.146370575 -0.000246522 -0.000068065 0.999999940 5.397200584
0.999999344 0.000576963 0.000985830 0.097280681 -0.000577602 0.999999583 0.000647516 -0.169721499 -0.000985456 -0.000648085 0.999999285 5.648034096
0.999999762 0.000152178 0.000651446 0.105733819 -0.000153028 0.999999166 0.001305873 -0.184657216 -0.000651246 -0.001305973 0.999998927 5.912133217
0.999999583 0.000846387 0.000147617 0.127082586 -0.000846438 0.999999583 0.000347145 -0.185330927 -0.000147324 -0.000347269 0.999999940 6.197128773
0.999998987 0.001376187 0.000252830 0.128429949 -0.001376167 0.999998987 -0.000079890 -0.188481003 -0.000252940 0.000079542 1.000000000 6.477083683
0.999999940 0.000070726 0.000264880 0.134390026 -0.000070984 0.999999523 0.000973946 -0.214423940 -0.000264811 -0.000973965 0.999999464 6.761398315
0.999999046 0.001135813 0.000798559 0.132559940 -0.001136354 0.999999106 0.000677119 -0.217673063 -0.000797789 -0.000678026 0.999999464 7.056054115
0.999998391 0.001691919 0.000511454 0.146638721 -0.001692290 0.999998331 0.000727347 -0.221957147 -0.000510223 -0.000728211 0.999999523 7.364726543
0.999998748 0.001030851 0.001155254 0.143000200 -0.001031364 0.999999344 0.000443774 -0.231626868 -0.001154796 -0.000444965 0.999999225 7.663638592
0.999999464 0.000610713 0.000852160 0.152926326 -0.000611097 0.999999642 0.000450394 -0.239223182 -0.000851884 -0.000450915 0.999999523 7.981817722
0.999998271 0.001283964 0.001345719 0.154062599 -0.001284405 0.999999106 0.000326726 -0.248851806 -0.001345298 -0.000328454 0.999999046 8.300911903
0.999997556 0.001609308 0.001497086 0.155252770 -0.001609880 0.999998569 0.000380680 -0.254534811 -0.001496472 -0.000383089 0.999998748 8.628066063
0.999997675 0.001281743 0.001712273 0.166540518 -0.001282437 0.999999106 0.000404236 -0.267902642 -0.001711754 -0.000406431 0.999998450 8.969719887
0.999997377 0.001560477 0.001661599 0.173637211 -0.001560590 0.999998748 0.000066676 -0.269694149 -0.001661493 -0.000069269 0.999998569 9.312326431
0.999997616 0.001828417 0.001168815 0.186860129 -0.001828256 0.999998331 -0.000138680 -0.281020761 -0.001169066 0.000136543 0.999999225 9.651827812
0.999998689 0.001184876 0.001116158 0.194403350 -0.001185363 0.999999225 0.000435256 -0.292520553 -0.001115642 -0.000436578 0.999999285 9.992152214
0.999999225 0.000660256 0.000971476 0.202057466 -0.000660742 0.999999642 0.000499688 -0.309419215 -0.000971146 -0.000500330 0.999999344 10.346869469
0.999998152 0.000763650 0.001757981 0.200830191 -0.000765607 0.999999106 0.001112850 -0.321591824 -0.001757129 -0.001114194 0.999997854 10.702230453
0.999999404 0.000654586 0.000879805 0.216570199 -0.000655384 0.999999344 0.000907301 -0.328099906 -0.000879211 -0.000907877 0.999999225 11.075562477
0.999998152 0.000600144 0.001792912 0.220023915 -0.000601038 0.999999642 0.000498198 -0.336414218 -0.001792612 -0.000499275 0.999998271 11.447584152
0.999999344 0.000450884 0.001048840 0.232890725 -0.000452223 0.999999106 0.001276969 -0.352353096 -0.001048263 -0.001277443 0.999998629 11.828379631
0.999998927 0.000561439 0.001337616 0.239092201 -0.000562775 0.999999344 0.000998437 -0.365908086 -0.001337055 -0.000999188 0.999998629 12.202641487
0.999997616 0.001123758 0.001872247 0.244193107 -0.001124643 0.999999285 0.000471799 -0.368059278 -0.001871716 -0.000473903 0.999998093 12.606154442
0.999998629 0.000934461 0.001379331 0.257146299 -0.000935758 0.999999106 0.000940163 -0.379926592 -0.001378451 -0.000941452 0.999998569 12.992224693
0.999998152 0.001060499 0.001557915 0.265390396 -0.001061971 0.999998927 0.000944403 -0.396152705 -0.001556912 -0.000946056 0.999998331 13.401535034
0.999997318 0.001229341 0.001976278 0.270594299 -0.001229581 0.999999225 0.000120509 -0.398578912 -0.001976128 -0.000122939 0.999998033 13.802433968
0.999994755 0.002140624 0.002421120 0.273033559 -0.002140600 0.999997675 -0.000012343 -0.406502604 -0.002421141 0.000007161 0.999997079 14.226280212
0.999997735 0.000684091 0.001973659 0.291959018 -0.000684746 0.999999702 0.000331499 -0.423931986 -0.001973431 -0.000332849 0.999997973 14.640524864
0.999997914 0.000874602 0.001860656 0.306081086 -0.000875409 0.999999523 0.000433136 -0.433715850 -0.001860276 -0.000434763 0.999998152 15.063365936
0.999996781 0.001322301 0.002162472 0.315085977 -0.001324549 0.999998510 0.001037966 -0.455036819 -0.002161096 -0.001040827 0.999997079 15.485851288
0.999993742 0.001962904 0.002925880 0.321720123 -0.001963819 0.999998033 0.000310210 -0.460371137 -0.002925265 -0.000315954 0.999995649 15.929954529
0.999994576 0.001272607 0.003041975 0.330100298 -0.001275388 0.999998748 0.000912405 -0.479638696 -0.003040810 -0.000916280 0.999994934 16.369052887
0.999995470 0.000935476 0.002870520 0.343923181 -0.000936172 0.999999523 0.000241329 -0.487678021 -0.002870293 -0.000244016 0.999995828 16.825717926
0.999994338 0.000876538 0.003237813 0.348953784 -0.000878794 0.999999344 0.000695297 -0.505744159 -0.003237201 -0.000698139 0.999994516 17.282203674
0.999992728 0.001263201 0.003602629 0.362025410 -0.001265941 0.999998927 0.000758291 -0.517352223 -0.003601667 -0.000762846 0.999993205 17.731388092
0.999990284 0.001691877 0.004077124 0.370753914 -0.001694017 0.999998510 0.000521518 -0.531182289 -0.004076236 -0.000528420 0.999991477 18.204074860
0.999987841 0.001540384 0.004685067 0.383333921 -0.001544104 0.999998510 0.000790440 -0.542221189 -0.004683841 -0.000797665 0.999988735 18.660211563
0.999992371 0.000349443 0.003891148 0.401165068 -0.000351832 0.999999762 0.000613155 -0.558460236 -0.003890932 -0.000614519 0.999992311 19.118316650
0.999987543 0.001912618 0.004613851 0.408520460 -0.001916010 0.999997914 0.000731013 -0.568026423 -0.004612443 -0.000739844 0.999989092 19.640518188
0.999989271 0.001458353 0.004385703 0.422422826 -0.001460372 0.999998808 0.000457153 -0.575196743 -0.004385030 -0.000463553 0.999990284 20.126865387
0.999992013 0.001287310 0.003770462 0.439238638 -0.001288567 0.999999106 0.000330939 -0.588911474 -0.003770033 -0.000335795 0.999992788 20.624311447
0.999994516 0.001067895 0.003132923 0.456813157 -0.001069138 0.999999344 0.000394855 -0.605072677 -0.003132500 -0.000398203 0.999994993 21.114599228
0.999996245 0.000906161 0.002576910 0.463844955 -0.000908023 0.999999344 0.000721623 -0.618688941 -0.002576255 -0.000723960 0.999996424 21.619382858
0.999996364 0.001307538 0.002336657 0.476136506 -0.001308318 0.999999106 0.000332620 -0.631769836 -0.002336221 -0.000335676 0.999997199 22.123323441
0.999996364 0.001540694 0.002211627 0.485008776 -0.001541142 0.999998927 0.000200822 -0.643977940 -0.002211315 -0.000204229 0.999997556 22.628520966
0.999998152 0.001411555 0.001276869 0.496840328 -0.001412238 0.999998868 0.000534541 -0.662758589 -0.001276113 -0.000536343 0.999998987 23.140142441
0.999998868 0.001343993 0.000704350 0.507081509 -0.001344140 0.999999046 0.000208300 -0.674921930 -0.000704070 -0.000209246 0.999999702 23.660068512
0.999999285 0.000885554 0.000813001 0.513044357 -0.000885650 0.999999583 0.000117711 -0.695744693 -0.000812897 -0.000118431 0.999999642 24.172966003
0.999998808 0.001477772 0.000251683 0.522589624 -0.001477756 0.999998927 -0.000062018 -0.700672030 -0.000251774 0.000061646 0.999999940 24.711446762
0.999998331 0.001671549 -0.000688559 0.531998456 -0.001671260 0.999998510 0.000420314 -0.724761426 0.000689261 -0.000419162 0.999999702 25.249057770
0.999997854 0.001192599 -0.001775784 0.544224322 -0.001191498 0.999999106 0.000621321 -0.740875959 0.001776523 -0.000619203 0.999998212 25.791564941
0.999996185 0.001484206 -0.002316020 0.549038708 -0.001483512 0.999998868 0.000301219 -0.753075480 0.002316464 -0.000297782 0.999997258 26.341459274
0.999994874 0.000995771 -0.003049612 0.568446517 -0.000992717 0.999998987 0.001002877 -0.774248481 0.003050607 -0.000999845 0.999994874 26.879360199
0.999994218 0.000786850 -0.003291113 0.571981311 -0.000783802 0.999999225 0.000927374 -0.786750853 0.003291840 -0.000924789 0.999994159 27.433780670
0.999992669 0.000756572 -0.003747239 0.578957677 -0.000753561 0.999999404 0.000804808 -0.803567767 0.003747846 -0.000801978 0.999992669 27.968902588
0.999992311 0.001226760 -0.003724092 0.582124710 -0.001222692 0.999998569 0.001094222 -0.822179675 0.003725430 -0.001089660 0.999992430 28.514270782
0.999990404 0.001029931 -0.004237689 0.591789484 -0.001026010 0.999999046 0.000927308 -0.838297129 0.004238639 -0.000922952 0.999990582 29.054424286
0.999988079 0.001115903 -0.004749517 0.605987489 -0.001110413 0.999998689 0.001158233 -0.854243994 0.004750804 -0.001152945 0.999988079 29.611667633
0.999986768 0.001126483 -0.005020797 0.607009709 -0.001118253 0.999997973 0.001641646 -0.873833835 0.005022636 -0.001636010 0.999985993 30.148569107
0.999988437 0.001844571 -0.004446739 0.609332740 -0.001837572 0.999997020 0.001577638 -0.889768660 0.004449637 -0.001569449 0.999988794 30.693674088
0.999983907 0.002195275 -0.005232193 0.622488201 -0.002186920 0.999996305 0.001601863 -0.899183929 0.005235690 -0.001590394 0.999985039 31.245506287
0.999984503 0.002217676 -0.005101516 0.626062810 -0.002207241 0.999995410 0.002050328 -0.915575385 0.005106041 -0.002039036 0.999984920 31.788158417
0.999984682 0.001884922 -0.005209470 0.637747228 -0.001878372 0.999997437 0.001261876 -0.936648548 0.005211835 -0.001252071 0.999985635 32.337963104
0.999980211 0.001385408 -0.006135267 0.647519946 -0.001377231 0.999998093 0.001336741 -0.947760165 0.006137107 -0.001328265 0.999980271 32.890659332
0.999982178 0.001521002 -0.005769508 0.643013716 -0.001513722 0.999998033 0.001266119 -0.967488170 0.005771423 -0.001257363 0.999982536 33.431259155
0.999979317 0.001679641 -0.006213079 0.652815878 -0.001674069 0.999998212 0.000901980 -0.977806091 0.006214582 -0.000891560 0.999980271 33.960750580
0.999976695 0.001583779 -0.006636058 0.658883095 -0.001572218 0.999997199 0.001747011 -1.000806928 0.006638807 -0.001736537 0.999976456 34.499294281
0.999974728 0.001028126 -0.007033278 0.669757128 -0.001017075 0.999998271 0.001574634 -1.018781066 0.007034884 -0.001567441 0.999974012 35.063591003
0.999976039 0.001136814 -0.006822349 0.673386216 -0.001128254 0.999998569 0.001258506 -1.027912855 0.006823769 -0.001250778 0.999975920 35.610267639
0.999974191 0.000925309 -0.007122202 0.678022861 -0.000916785 0.999998868 0.001199928 -1.043560743 0.007123304 -0.001193368 0.999973834 36.172122955
0.999975026 0.000485405 -0.007039313 0.677397609 -0.000472346 0.999998152 0.001856689 -1.068570495 0.007040201 -0.001853317 0.999973416 36.735206604
0.999972105 0.001088204 -0.007383617 0.691012025 -0.001076937 0.999998212 0.001529793 -1.073341012 0.007385269 -0.001521799 0.999971569 37.264709473
0.999975681 0.001535355 -0.006805820 0.688582122 -0.001524255 0.999997497 0.001635804 -1.094319344 0.006808314 -0.001625390 0.999975502 37.808071136
0.999972343 0.001100356 -0.007353794 0.701868176 -0.001090714 0.999998569 0.001315041 -1.103346944 0.007355231 -0.001306984 0.999972105 38.361431122
0.999973238 0.001418894 -0.007173103 0.709007621 -0.001411940 0.999998510 0.000974429 -1.110737324 0.007174476 -0.000964275 0.999973774 38.905452728
0.999968231 0.001136319 -0.007880678 0.716866374 -0.001126550 0.999998569 0.001243927 -1.132878661 0.007882080 -0.001235010 0.999968171 39.462810516
0.999975324 0.001749602 -0.006802740 0.722815692 -0.001736550 0.999996662 0.001924118 -1.156487107 0.006806084 -0.001912258 0.999975026 39.998535156
0.999971688 0.001986490 -0.007271612 0.739138901 -0.001976959 0.999997199 0.001317859 -1.159614086 0.007274209 -0.001303446 0.999972701 40.575931549
0.999971509 0.001732949 -0.007343634 0.750274897 -0.001723019 0.999997556 0.001358255 -1.174492955 0.007345969 -0.001345564 0.999972105 41.133281708
0.999971688 0.001642345 -0.007345872 0.756595850 -0.001630887 0.999997437 0.001565570 -1.189329386 0.007348425 -0.001553546 0.999971807 41.676483154
0.999971509 0.001426793 -0.007412933 0.757408261 -0.001414869 0.999997675 0.001613497 -1.208494782 0.007415218 -0.001602963 0.999971151 42.233501434
0.999974608 0.001676814 -0.006929019 0.762178779 -0.001666590 0.999997497 0.001480939 -1.214903235 0.006931486 -0.001469353 0.999974906 42.767898560
0.999969482 0.002472713 -0.007408566 0.763151348 -0.002464776 0.999996483 0.001080123 -1.223500371 0.007411210 -0.001061830 0.999971986 43.337512970
0.999965072 0.001885460 -0.008139245 0.773387194 -0.001872659 0.999996960 0.001580060 -1.250683546 0.008142201 -0.001564762 0.999965549 43.871700287
0.999969721 0.001796659 -0.007564020 0.772323608 -0.001781437 0.999996364 0.002018629 -1.268289208 0.007567619 -0.002005093 0.999969363 44.387607574
0.999966860 0.001731351 -0.007954467 0.779441357 -0.001718602 0.999997199 0.001609321 -1.281224132 0.007957231 -0.001595598 0.999967039 44.928665161
0.999972880 0.002022316 -0.007084674 0.767960429 -0.002006466 0.999995470 0.002243661 -1.313978672 0.007089179 -0.002229385 0.999972403 45.474140167
0.999970734 0.002019465 -0.007378154 0.787615597 -0.002007676 0.999996662 0.001604862 -1.313616157 0.007381371 -0.001590002 0.999971509 46.035312653
0.999972820 0.002187993 -0.007041098 0.786038935 -0.002171727 0.999994874 0.002316940 -1.335539937 0.007046132 -0.002301586 0.999972522 46.561168671
0.999971032 0.002717289 -0.007108917 0.794527650 -0.002703755 0.999994636 0.001912764 -1.344660759 0.007114076 -0.001893488 0.999972880 47.102210999
0.999970734 0.002202078 -0.007324522 0.799317420 -0.002186167 0.999995232 0.002179638 -1.361718893 0.007329286 -0.002163562 0.999970794 47.662181854
0.999970675 0.002445578 -0.007256566 0.802061558 -0.002430795 0.999994934 0.002045362 -1.371116996 0.007261530 -0.002027663 0.999971509 48.202007294
0.999968648 0.002602010 -0.007474143 0.813014865 -0.002585963 0.999994278 0.002155894 -1.387061477 0.007479711 -0.002136499 0.999969661 48.731773376
0.999974549 0.002452362 -0.006704160 0.814839840 -0.002440463 0.999995410 0.001782461 -1.403805733 0.006708501 -0.001766054 0.999975920 49.270374298
0.999971271 0.003064105 -0.006934815 0.830143154 -0.003048556 0.999992847 0.002251545 -1.424177766 0.006941664 -0.002230339 0.999973357 49.822418213
0.999973238 0.002547480 -0.006846392 0.833129227 -0.002531771 0.999994159 0.002302142 -1.437916875 0.006852215 -0.002284748 0.999973834 50.361537933
0.999976873 0.003226313 -0.005985052 0.830603242 -0.003209764 0.999991000 0.002772712 -1.454593420 0.005993944 -0.002753438 0.999978244 50.901027679
0.999978960 0.002955985 -0.005770592 0.843964815 -0.002943701 0.999993384 0.002136012 -1.463290572 0.005776869 -0.002118980 0.999980986 51.453617096
0.999978244 0.003017356 -0.005864270 0.849671960 -0.003002937 0.999992371 0.002465985 -1.481865644 0.005871666 -0.002448321 0.999979794 51.988517761
0.999979317 0.003209217 -0.005571640 0.856821418 -0.003196839 0.999992430 0.002229114 -1.495993733 0.005578750 -0.002211257 0.999981999 52.536891937
0.999978364 0.003664184 -0.005481487 0.861240029 -0.003651276 0.999990642 0.002362822 -1.511717200 0.005490094 -0.002342757 0.999982119 53.068988800
0.999979436 0.004047925 -0.004971961 0.860476792 -0.004036323 0.999989092 0.002341213 -1.526109934 0.004981385 -0.002321097 0.999984920 53.619976044
0.999980390 0.003371838 -0.005279926 0.872423291 -0.003361893 0.999992549 0.001891095 -1.538897514 0.005286263 -0.001873307 0.999984264 54.166954041
0.999978483 0.004184740 -0.005046615 0.878643274 -0.004175789 0.999989688 0.001782780 -1.549256563 0.005054024 -0.001761668 0.999985695 54.716541290
0.999980569 0.003051705 -0.005440441 0.892311752 -0.003042422 0.999993920 0.001714020 -1.566684008 0.005445640 -0.001697435 0.999983728 55.262821198
0.999983191 0.002976321 -0.004977248 0.900953114 -0.002969019 0.999994457 0.001473820 -1.574332714 0.004981607 -0.001459018 0.999986529 55.803096771
0.999984205 0.002401979 -0.005079812 0.903227448 -0.002396219 0.999996483 0.001139936 -1.584759593 0.005082532 -0.001127746 0.999986470 56.351039886
0.999984145 0.003863827 -0.004096988 0.902673244 -0.003859907 0.999992192 0.000964222 -1.602806926 0.004100681 -0.000948393 0.999991119 56.893795013
0.999984622 0.003350566 -0.004411999 0.911349356 -0.003347798 0.999994218 0.000634607 -1.604265928 0.004414099 -0.000619826 0.999990046 57.455085754
0.999980509 0.003878377 -0.004887504 0.919949174 -0.003872474 0.999991775 0.001216721 -1.632925868 0.004892183 -0.001197771 0.999987304 57.992172241
0.999979138 0.004467748 -0.004661138 0.931814909 -0.004465415 0.999989927 0.000510661 -1.639448524 0.004663372 -0.000489837 0.999989033 58.554527283
0.999981642 0.003614312 -0.004869089 0.930817723 -0.003607204 0.999992430 0.001467906 -1.666535258 0.004874358 -0.001450316 0.999987006 59.074645996
0.999984384 0.003709584 -0.004182976 0.942217827 -0.003705875 0.999992669 0.000893703 -1.674216151 0.004186261 -0.000878187 0.999990880 59.630271912
0.999980986 0.003873297 -0.004782137 0.933732212 -0.003867448 0.999991775 0.001231601 -1.698700905 0.004786868 -0.001213083 0.999987781 60.147235870
0.999981046 0.003823883 -0.004822428 0.930790961 -0.003816466 0.999991477 0.001545956 -1.712358117 0.004828299 -0.001527522 0.999987125 60.681396484
0.999980330 0.004517017 -0.004351578 0.922928691 -0.004510954 0.999988854 0.001402209 -1.736701488 0.004357863 -0.001382552 0.999989510 61.210777283
0.999981463 0.004367182 -0.004236475 0.923382878 -0.004359437 0.999988735 0.001836058 -1.754180789 0.004244446 -0.001817555 0.999989331 61.734695435
0.999980807 0.005388413 -0.003051907 0.893329620 -0.005378812 0.999980509 0.003145531 -1.800606370 0.003068798 -0.003129055 0.999990404 62.220111847
0.999976456 0.006565116 -0.002006805 0.875006318 -0.006556815 0.999970019 0.004115680 -1.837132096 0.002033764 -0.004102425 0.999989510 62.704486847
0.999976993 0.006629996 -0.001503401 0.854926288 -0.006622706 0.999966681 0.004802301 -1.865177870 0.001535190 -0.004792234 0.999987364 63.205184937
0.999974728 0.006959607 -0.001454555 0.831808269 -0.006946973 0.999939501 0.008517910 -1.989141226 0.001513748 -0.008507590 0.999962628 63.536434174
0.999963880 0.008393722 0.001326309 0.821082234 -0.008399183 0.999956071 0.004167155 -1.877663732 -0.001291273 -0.004178145 0.999990404 64.572532654
0.999974966 0.007072533 0.000153844 0.845609725 -0.007073075 0.999967515 0.003861142 -1.892263770 -0.000126531 -0.003862134 0.999992549 65.050033569
0.999976575 0.006842176 0.000283647 0.857889950 -0.006843135 0.999970376 0.003525445 -1.902436614 -0.000259517 -0.003527303 0.999993742 65.591796875
0.999978781 0.006512508 0.000224362 0.868148863 -0.006513300 0.999971807 0.003727009 -1.916851759 -0.000200083 -0.003728391 0.999993026 66.126220703
0.999978423 0.006571672 -0.000127975 0.878218114 -0.006571187 0.999972343 0.003478491 -1.922015309 0.000150831 -0.003477575 0.999993920 66.670928955
0.999978364 0.006576943 0.000104386 0.886752844 -0.006577257 0.999972761 0.003346601 -1.940203428 -0.000082373 -0.003347215 0.999994397 67.200241089
0.999976456 0.006841063 0.000522668 0.892565429 -0.006842852 0.999970436 0.003499951 -1.955375433 -0.000498709 -0.003503445 0.999993742 67.733421326
0.999973953 0.007208378 0.000634605 0.900275588 -0.007210570 0.999967754 0.003521397 -1.974205732 -0.000609201 -0.003525881 0.999993622 68.281082153
0.999974072 0.007182748 0.000302671 0.911029518 -0.007183685 0.999969006 0.003220745 -1.986191034 -0.000279528 -0.003222836 0.999994695 68.818580627
0.999970376 0.007669301 0.000595064 0.913090587 -0.007671360 0.999964297 0.003539138 -2.001719236 -0.000567900 -0.003543599 0.999993503 69.363273621
0.999972045 0.007410508 0.001003581 0.916977465 -0.007413697 0.999967337 0.003213814 -2.011484623 -0.000979732 -0.003221164 0.999994338 69.915237427
0.999964714 0.008230459 0.001674304 0.910780609 -0.008235050 0.999962270 0.002754220 -2.016551495 -0.001651573 -0.002767911 0.999994814 70.492454529
0.999952435 0.009053930 0.003634538 0.874076724 -0.009057785 0.999958456 0.001045763 -1.989492416 -0.003624919 -0.001078634 0.999992847 71.211051941
0.999962151 0.008337501 0.002461497 0.921966434 -0.008342349 0.999963224 0.001966145 -2.034732103 -0.002445013 -0.001986605 0.999995053 71.708808899
0.999964237 0.008315958 0.001550654 0.944007576 -0.008320122 0.999961853 0.002699523 -2.059554338 -0.001528146 -0.002712329 0.999995172 72.231254578
0.999963999 0.008296648 0.001790607 0.951490164 -0.008301285 0.999962151 0.002598138 -2.074310780 -0.001768984 -0.002612908 0.999994993 72.786994934
0.999959230 0.008731646 0.002312836 0.959927082 -0.008738070 0.999957979 0.002782366 -2.088072538 -0.002288444 -0.002802462 0.999993443 73.343711853
0.999963999 0.008247772 0.001993641 0.972704053 -0.008254098 0.999960840 0.003185439 -2.106183052 -0.001967290 -0.003201781 0.999992907 73.881835938
0.999961078 0.008585864 0.002034042 0.985108376 -0.008591932 0.999958634 0.002994083 -2.121194363 -0.002008251 -0.003011443 0.999993443 74.428672791
0.999959290 0.008835306 0.001832402 0.998484612 -0.008840764 0.999956429 0.002991932 -2.130688906 -0.001805888 -0.003008010 0.999993801 74.983558655
0.999962926 0.008441405 0.001700850 1.009833813 -0.008446778 0.999959230 0.003176761 -2.148028135 -0.001673964 -0.003191010 0.999993443 75.528244019
0.999966204 0.008055630 0.001650694 1.023906946 -0.008059647 0.999964535 0.002441674 -2.155074596 -0.001630966 -0.002454896 0.999995589 76.075080872
0.999962449 0.008463017 0.001851358 1.025681973 -0.008467111 0.999961674 0.002215211 -2.161427021 -0.001832539 -0.002230803 0.999995828 76.632049561
0.999954879 0.009183232 0.002423198 1.031381249 -0.009188969 0.999954998 0.002367154 -2.178660870 -0.002401351 -0.002389314 0.999994278 77.176223755
0.999956906 0.008960035 0.002427737 1.043063045 -0.008965496 0.999957204 0.002248670 -2.191037893 -0.002407485 -0.002270339 0.999994516 77.719505310
0.999958158 0.008848647 0.002311512 1.050562024 -0.008853901 0.999958158 0.002272553 -2.201961279 -0.002291307 -0.002292923 0.999994695 78.261535645
0.999957323 0.008869833 0.002595592 1.059589982 -0.008875519 0.999958217 0.002188001 -2.218691587 -0.002576076 -0.002210945 0.999994218 78.796897888
0.999951363 0.009464409 0.002770138 1.071607947 -0.009470453 0.999952793 0.002177021 -2.228184223 -0.002749403 -0.002203150 0.999993801 79.347061157
0.999949455 0.009610393 0.002924401 1.079696059 -0.009616551 0.999951661 0.002099704 -2.243427515 -0.002904080 -0.002127721 0.999993503 79.886337280
0.999940634 0.010485251 0.002950346 1.089710236 -0.010490441 0.999943376 0.001749165 -2.256993532 -0.002931838 -0.001780012 0.999994099 80.417312622
0.999938846 0.010387882 0.003791230 1.101471543 -0.010396704 0.999943256 0.002314792 -2.273545742 -0.003766969 -0.002354067 0.999990106 80.955200195
0.999932170 0.010646262 0.004728922 1.098520637 -0.010660126 0.999938905 0.002916086 -2.297869682 -0.004697587 -0.002966299 0.999984562 81.435775757
0.999926031 0.010226766 0.006585982 1.130475879 -0.010239456 0.999945760 0.001895697 -2.302722692 -0.006566239 -0.001962993 0.999976516 82.064399719
0.999919176 0.010507604 0.007153346 1.163116932 -0.010515814 0.999944091 0.001111113 -2.307765007 -0.007141271 -0.001186247 0.999973714 82.630584717
0.999803066 0.012974385 0.015011373 1.169401526 -0.012980534 0.999915719 0.000312201 -2.278366327 -0.015006056 -0.000506996 0.999887288 83.645729065
0.999832988 0.011442075 0.014248893 1.267307520 -0.011457129 0.999933898 0.000975148 -2.328865528 -0.014236793 -0.001138236 0.999898016 83.773475647
0.999784887 0.011252419 0.017421560 1.307999015 -0.011274255 0.999935687 0.001155630 -2.342301369 -0.017407438 -0.001351796 0.999847591 84.357864380
0.999704063 0.012886479 0.020630302 1.406956196 -0.012931027 0.999914289 0.002027527 -2.361507177 -0.020602405 -0.002293698 0.999785125 84.873970032
0.999683321 0.005083654 0.024645761 1.489077330 -0.005061831 0.999986768 -0.000947855 -2.388318300 -0.024650251 0.000822803 0.999695778 85.340896606
0.999527514 0.005224381 0.030292980 1.512662411 -0.005174870 0.999985099 -0.001712631 -2.394598246 -0.030301476 0.001555060 0.999539554 85.910903931
0.999331415 0.005391904 0.036159582 1.557124615 -0.005324359 0.999983847 -0.001964008 -2.413212061 -0.036169592 0.001770169 0.999344051 86.447166443
0.998997509 0.005126149 0.044471059 1.593203545 -0.005028651 0.999984682 -0.002303991 -2.421713591 -0.044482190 0.002078052 0.999008000 86.997489929
0.998567581 0.005578999 0.053213734 1.626887798 -0.005477167 0.999982893 -0.002059275 -2.440037012 -0.053224303 0.001764865 0.998581052 87.531654358
0.998166859 0.005229042 0.060295757 1.676305294 -0.005131305 0.999985278 -0.001775682 -2.457961082 -0.060304154 0.001463031 0.998178959 88.090065002
0.997612655 0.005348190 0.068849869 1.738354683 -0.005193783 0.999983549 -0.002421467 -2.463278532 -0.068861678 0.002058094 0.997624099 88.629211426
0.996903181 0.004459638 0.078511983 1.803452015 -0.004295370 0.999988198 -0.002261030 -2.494790316 -0.078521140 0.001916790 0.996910632 89.159599304
0.996151626 0.004163923 0.087547660 1.869430065 -0.003890534 0.999987006 -0.003293145 -2.504277706 -0.087560236 0.002939865 0.996154904 89.666267395
0.995424330 0.004764765 0.095434152 1.931129932 -0.004527815 0.999986112 -0.002699264 -2.523959160 -0.095445700 0.002254805 0.995432079 90.222793579
0.994280577 0.005724842 0.106646195 1.996568680 -0.005477711 0.999981523 -0.002610078 -2.542898417 -0.106659174 0.002010973 0.994293630 90.727920532
0.993137598 0.005199089 0.116835989 2.103186607 -0.004960052 0.999984920 -0.002336601 -2.574322701 -0.116846398 0.001741054 0.993148446 91.292816162
0.992064357 0.005619785 0.125605464 2.176569939 -0.005467541 0.999983847 -0.001556801 -2.598523140 -0.125612199 0.000857693 0.992079020 91.810478210
0.990569651 0.004531635 0.136934564 2.270466805 -0.004171854 0.999987066 -0.002914259 -2.566258192 -0.136945978 0.002315506 0.990575790 92.378387451
0.988966644 0.004162804 0.148079932 2.402865410 -0.003696417 0.999987304 -0.003424623 -2.588581085 -0.148092300 0.002839472 0.988969445 92.937057495
0.987166524 0.003857421 0.159647569 2.472352028 -0.003475343 0.999990344 -0.002672397 -2.616133213 -0.159656376 0.002083271 0.987170458 93.459991455
0.985481024 0.003180286 0.169755876 2.590259552 -0.002760567 0.999992549 -0.002708459 -2.640289307 -0.169763207 0.002200512 0.985482395 93.977355957
0.983238399 0.003951134 0.182282388 2.729380608 -0.003484012 0.999989688 -0.002882778 -2.653068781 -0.182291895 0.002199383 0.983241975 94.489868164
0.980843842 0.003133472 0.194770336 2.848421097 -0.002645378 0.999992669 -0.002766051 -2.653521538 -0.194777578 0.002197822 0.980844975 95.037025452
0.978737116 0.002433892 0.205104142 2.977111816 -0.001870319 0.999993861 -0.002941564 -2.675909519 -0.205110043 0.002495407 0.978735685 95.578132629
0.975879967 0.002704281 0.218291685 3.116744995 -0.002169504 0.999994040 -0.002689473 -2.699617147 -0.218297675 0.002151018 0.975879788 96.095581055
0.972813129 0.002351043 0.231579304 3.264436722 -0.001764943 0.999994636 -0.002738034 -2.705397367 -0.231584489 0.002254871 0.972812176 96.630683899
0.970205367 0.001843944 0.242277086 3.422845840 -0.001179085 0.999995112 -0.002889171 -2.728841782 -0.242281273 0.002517424 0.970202804 97.138328552
0.967133164 0.001250569 0.254267007 3.572887421 -0.000629653 0.999996722 -0.002523357 -2.758013248 -0.254269332 0.002280322 0.967130780 97.649536133
0.963381350 0.001840289 0.268128663 3.749563217 -0.001167858 0.999995768 -0.002667334 -2.760956764 -0.268132448 0.002256523 0.963379443 98.192199707
0.959785104 0.001715125 0.280730456 3.924415588 -0.000879385 0.999994814 -0.003102961 -2.773629665 -0.280734330 0.002731306 0.959781706 98.719154358
0.956489742 0.001213696 0.291763306 4.120923996 -0.000523650 0.999997020 -0.002443165 -2.797694921 -0.291765332 0.002184081 0.956487417 99.253189087
0.952048838 0.001520794 0.305942118 4.280950546 -0.000830038 0.999996781 -0.002387875 -2.818803310 -0.305944741 0.002019430 0.952047110 99.757888794
0.947870851 0.000686657 0.318653971 4.496122360 0.000046644 0.999997377 -0.002293607 -2.834321499 -0.318654716 0.002188907 0.947868347 100.278312683
0.943864942 -0.000001351 0.330331624 4.686441422 0.000773910 0.999997199 -0.002207225 -2.847958565 -0.330330670 0.002338970 0.943862379 100.781646729
0.939314783 -0.000566983 0.343056023 4.908617020 0.001726037 0.999993742 -0.003073292 -2.859547853 -0.343052208 0.003478916 0.939309895 101.314102173
0.934262455 -0.001027025 0.356584877 5.137083054 0.002199779 0.999993443 -0.002883328 -2.883825779 -0.356579632 0.003478193 0.934258461 101.799919128
0.929214239 -0.000259533 0.369541347 5.354051590 0.001514334 0.999993980 -0.003105494 -2.888182878 -0.369538397 0.003445278 0.929209054 102.330108643
0.924642384 -0.001372182 0.380834043 5.577268600 0.002687248 0.999992073 -0.002921408 -2.909259081 -0.380827099 0.003724653 0.924638748 102.830986023
0.918626368 -0.001397876 0.395124912 5.824298859 0.002583843 0.999993563 -0.002469393 -2.938215733 -0.395118922 0.003289390 0.918624103 103.324562073
0.912818909 -0.001293788 0.408362597 6.061065674 0.002596585 0.999993145 -0.002635973 -2.947625637 -0.408356369 0.003466514 0.912815988 103.824653625
0.907882869 -0.002602628 0.419215828 6.317768097 0.003966409 0.999989271 -0.002381672 -2.961084843 -0.419205129 0.003825061 0.907883406 104.306419373
0.901814044 -0.002093417 0.432119280 6.564865112 0.003271931 0.999992669 -0.001983878 -2.986156464 -0.432111979 0.003202953 0.901814282 104.757972717
0.895178795 -0.003284242 0.445695102 6.837928772 0.004762935 0.999986172 -0.002197649 -2.999969244 -0.445681721 0.004090106 0.895182073 105.249328613
0.889284790 -0.003323238 0.457341760 7.099311829 0.004831049 0.999986053 -0.002127483 -3.018419743 -0.457328320 0.004101379 0.889288485 105.695716858
0.883666933 -0.003691476 0.468101561 7.373443604 0.005338272 0.999983370 -0.002191491 -3.032814980 -0.468085706 0.004435402 0.883671939 106.168090820
0.876798272 -0.004329054 0.480838835 7.654460907 0.005916250 0.999980927 -0.001785187 -3.051357269 -0.480821848 0.004410012 0.876807213 106.614257812
