1.000000000 0.000000000 0.000000000 0.000000000 0.000000000 1.000000000 0.000000000 0.000000000 0.000000000 0.000000000 1.000000000 0.000000000
1.000000000 0.000058932 0.000053463 0.000267661 -0.000058932 1.000000000 0.000003081 0.000241366 -0.000053463 -0.000003084 1.000000000 0.002209699
1.000000000 0.000044552 -0.000020561 0.000842876 -0.000044551 1.000000000 0.000052842 -0.001081062 0.000020563 -0.000052841 1.000000000 0.000729599
1.000000000 0.000042961 0.000023466 0.001413652 -0.000042962 1.000000000 0.000036295 -0.001996120 -0.000023465 -0.000036296 1.000000000 -0.003924200
1.000000000 -0.000037396 -0.000052099 0.000916286 0.000037401 1.000000000 0.000089947 0.000053010 0.000052096 -0.000089949 1.000000000 -0.001189183
1.000000000 0.000003722 -0.000024578 -0.000171629 -0.000003721 1.000000000 0.000016505 0.001355209 0.000024578 -0.000016505 1.000000000 -0.000372881
1.000000000 -0.000044460 -0.000040550 0.000726608 0.000044462 1.000000000 0.000041653 0.000914595 0.000040548 -0.000041655 1.000000000 -0.001258547
1.000000000 -0.000024171 -0.000004712 -0.000566832 0.000024171 1.000000000 0.000079795 -0.000868466 0.000004710 -0.000079795 1.000000000 0.001000192
1.000000000 0.000025491 -0.000017196 0.001182533 -0.000025489 1.000000000 0.000063127 0.002416427 0.000017198 -0.000063126 1.000000000 -0.001670307
1.000000000 0.000079636 0.000041949 0.000035887 -0.000079639 1.000000000 0.000089936 -0.000187144 -0.000041942 -0.000089939 1.000000000 0.001504253
1.000000000 0.000000488 0.000032171 0.000326357 -0.000000493 1.000000000 0.000149650 -0.002523475 -0.000032171 -0.000149651 1.000000000 -0.000752244
1.000000000 0.000036333 -0.000004448 0.000457497 -0.000036332 1.000000000 0.000112336 -0.000111937 0.000004452 -0.000112336 1.000000000 0.001597129
1.000000000 0.000029926 0.000016903 -0.000261491 -0.000029925 1.000000000 -0.000024963 0.002392023 -0.000016904 0.000024962 1.000000000 -0.000513953
1.000000000 -0.000063340 -0.000054620 0.000290782 0.000063345 1.000000000 0.000093195 0.001103128 0.000054615 -0.000093199 1.000000000 0.000532275
1.000000000 -0.000014326 -0.000089013 0.000733995 0.000014330 1.000000000 0.000045933 0.000403264 0.000089012 -0.000045934 1.000000000 -0.002241407
1.000000000 0.000015966 -0.000024535 0.000882357 -0.000015963 1.000000000 0.000130478 0.000517961 0.000024537 -0.000130478 1.000000000 -0.001398083
1.000000000 -0.000108136 -0.000021483 0.000077669 0.000108139 1.000000000 0.000137074 -0.000692786 0.000021468 -0.000137076 1.000000000 0.000749139
1.000000000 -0.000126099 -0.000022328 0.000989523 0.000126102 1.000000000 0.000146712 -0.001487637 0.000022309 -0.000146715 1.000000000 -0.000927469
1.000000000 -0.000069462 -0.000051652 0.001757676 0.000069473 1.000000000 0.000203204 -0.000281051 0.000051637 -0.000203207 1.000000000 -0.000670558
1.000000000 -0.000168742 -0.000062519 0.000989379 0.000168744 1.000000000 0.000032985 0.002350602 0.000062513 -0.000032995 1.000000000 -0.001152192
1.000000000 -0.000186060 -0.000092566 0.002740720 0.000186072 1.000000000 0.000128000 0.000413526 0.000092542 -0.000128017 1.000000000 0.000109591
1.000000000 -0.000115950 -0.000117935 0.001359163 0.000115966 1.000000000 0.000133858 -0.001891264 0.000117920 -0.000133872 1.000000000 -0.001918938
1.000000000 -0.000112470 -0.000094833 0.001732590 0.000112482 1.000000000 0.000128546 -0.000035821 0.000094818 -0.000128557 1.000000000 -0.001892002
1.000000000 -0.000128408 -0.000103038 0.001539476 0.000128424 1.000000000 0.000148422 -0.000220235 0.000103019 -0.000148436 1.000000000 -0.000766766
1.000000000 -0.000117780 -0.000053154 0.000514046 0.000117787 1.000000000 0.000133003 -0.002432310 0.000053138 -0.000133010 1.000000000 -0.001264255
1.000000000 -0.000070508 -0.000044599 0.001006560 0.000070515 1.000000000 0.000151968 -0.001354353 0.000044588 -0.000151971 1.000000000 0.000738438
1.000000000 -0.000108606 0.000004064 0.000344677 0.000108606 1.000000000 0.000065079 0.001709713 -0.000004071 -0.000065078 1.000000000 -0.000794846
1.000000000 -0.000169146 -0.000121890 0.002134955 0.000169166 1.000000000 0.000157250 0.000773704 0.000121863 -0.000157271 1.000000000 -0.001753258
1.000000000 -0.000168883 -0.000069258 0.000403543 0.000168888 1.000000000 0.000070725 -0.000188505 0.000069246 -0.000070736 1.000000000 -0.000391638
1.000000000 -0.000097826 -0.000134117 0.002604723 0.000097846 1.000000000 0.000144090 0.002068611 0.000134103 -0.000144103 1.000000000 -0.004718062
0.999999940 -0.000221427 -0.000130996 0.002779979 0.000221447 0.999999940 0.000147517 -0.000864968 0.000130963 -0.000147546 1.000000000 -0.001184847
1.000000000 -0.000178914 -0.000104053 0.000628472 0.000178934 0.999999940 0.000188796 -0.000790015 0.000104019 -0.000188815 1.000000000 -0.004391908
0.999999940 -0.000231881 -0.000094454 0.001800851 0.000231893 0.999999940 0.000133183 0.000033915 0.000094423 -0.000133205 1.000000000 -0.002092605
1.000000000 -0.000095153 -0.000008871 0.001099531 0.000095154 1.000000000 0.000066802 0.002265693 0.000008864 -0.000066803 1.000000000 -0.001237577
1.000000000 -0.000098438 -0.000063314 0.000808386 0.000098445 1.000000000 0.000115094 0.000168079 0.000063302 -0.000115100 1.000000000 -0.001152487
1.000000000 -0.000185351 -0.000125676 0.001402192 0.000185369 1.000000000 0.000140171 -0.000311139 0.000125650 -0.000140195 1.000000000 -0.001623406
0.999999940 -0.000280228 -0.000157653 0.003165829 0.000280245 0.999999940 0.000110083 -0.000102800 0.000157622 -0.000110127 1.000000000 -0.004395372
1.000000000 -0.000161910 -0.000139145 0.003061109 0.000161935 1.000000000 0.000179999 -0.001200653 0.000139116 -0.000180021 1.000000000 -0.002811101
1.000000000 -0.000162603 -0.000104859 0.000692184 0.000162621 1.000000000 0.000169219 -0.002376494 0.000104832 -0.000169236 1.000000000 -0.004663655
1.000000000 -0.000090204 -0.000114158 0.001429239 0.000090223 1.000000000 0.000165402 -0.001262204 0.000114143 -0.000165412 1.000000000 -0.004214083
1.000000000 -0.000153110 -0.000075139 0.001362547 0.000153119 1.000000000 0.000115418 -0.001244279 0.000075121 -0.000115430 1.000000000 -0.002929276
1.000000000 -0.000199097 0.000090857 0.000862430 0.000199137 0.999999881 -0.000436788 -0.003361478 -0.000090770 0.000436806 0.999999881 0.056216966
1.000000000 -0.000078136 -0.000048908 0.003121535 0.000078082 0.999999404 -0.001098005 -0.004940067 0.000048993 0.001098002 0.999999404 0.143228740
1.000000000 -0.000134986 -0.000086434 0.008937397 0.000134865 0.999998987 -0.001404598 -0.010192914 0.000086623 0.001404587 0.999998987 0.254485726
1.000000000 -0.000038235 0.000006509 0.009961733 0.000038244 0.999999106 -0.001353316 -0.013596452 -0.000006457 0.001353316 0.999999106 0.384596914
0.999999940 -0.000310646 -0.000125971 0.012238795 0.000310509 0.999999344 -0.001082937 -0.019340651 0.000126308 0.001082898 0.999999404 0.523178697
1.000000000 0.000002343 0.000103110 0.011818284 -0.000002244 0.999999523 -0.000958922 -0.021950329 -0.000103112 0.000958922 0.999999523 0.677714765
0.999999940 -0.000037994 0.000242891 0.015952623 0.000038189 0.999999702 -0.000805644 -0.024958950 -0.000242860 0.000805653 0.999999642 0.842062354
0.999999881 0.000318598 0.000320440 0.015915103 -0.000318390 0.999999762 -0.000647137 -0.029566057 -0.000320646 0.000647035 0.999999762 1.020288229
1.000000000 0.000070823 0.000158106 0.020444363 -0.000070733 0.999999821 -0.000572954 -0.037062537 -0.000158146 0.000572943 0.999999821 1.211598635
1.000000000 0.000117322 0.000097315 0.032552302 -0.000117292 0.999999940 -0.000301219 -0.040298823 -0.000097350 0.000301207 0.999999940 1.383569598
0.999999762 0.000648804 0.000006529 0.030157683 -0.000648802 0.999999762 -0.000244325 -0.045339227 -0.000006688 0.000244320 0.999999940 1.582177281
1.000000000 -0.000206268 0.000042646 0.036831141 0.000206266 1.000000000 0.000037642 -0.060133453 -0.000042653 -0.000037633 1.000000000 1.771248221
0.999999881 -0.000417467 -0.000303422 0.045162741 0.000417528 0.999999881 0.000202880 -0.057285044 0.000303337 -0.000203007 0.999999940 1.971099734
1.000000000 -0.000039411 0.000079009 0.047002941 0.000039394 1.000000000 0.000207645 -0.067175806 -0.000079017 -0.000207642 1.000000000 2.189469576
0.999999881 0.000514373 -0.000059752 0.048477553 -0.000514357 0.999999821 0.000260424 -0.068634108 0.000059886 -0.000260393 0.999999940 2.405066490
0.999998808 0.000173759 0.001551058 0.018340828 -0.000177152 0.999997616 0.002187359 -0.109227598 -0.001550674 -0.002187631 0.999996424 2.483418703
0.999998629 0.000333130 0.001675769 0.020204034 -0.000336830 0.999997556 0.002208452 -0.115536608 -0.001675029 -0.002209013 0.999996185 2.716948986
0.999998927 0.000416028 0.001445993 0.025012102 -0.000419585 0.999996901 0.002460854 -0.122452989 -0.001444965 -0.002461458 0.999995947 2.944730997
0.999998868 0.000131012 0.001465009 0.030464131 -0.000134516 0.999997139 0.002392073 -0.131772190 -0.001464691 -0.002392268 0.999996006 3.143274307
0.999998510 0.000273887 0.001707901 0.035466395 -0.000278303 0.999996662 0.002585496 -0.140351281 -0.001707187 -0.002585968 0.999995172 3.383898735
0.999998569 0.000580035 0.001568098 0.041695908 -0.000584210 0.999996245 0.002663216 -0.145137310 -0.001566547 -0.002664127 0.999995291 3.649844408
0.999998450 0.000410345 0.001692622 0.044263858 -0.000415105 0.999995947 0.002812722 -0.154409915 -0.001691462 -0.002813420 0.999994636 3.902330875
0.999997616 0.000415811 0.002109790 0.038103439 -0.000422322 0.999995172 0.003086668 -0.164596260 -0.002108496 -0.003087551 0.999993026 4.119756699
0.999998271 0.000315817 0.001787537 0.045635447 -0.000321455 0.999994993 0.003154566 -0.172503993 -0.001786532 -0.003155136 0.999993443 4.370222569
0.999997437 0.000351059 0.002221218 0.054489262 -0.000358881 0.999993682 0.003522183 -0.180453539 -0.002219967 -0.003522972 0.999991357 4.630028725
0.999997616 0.000183471 0.002186650 0.060072932 -0.000191183 0.999993801 0.003526940 -0.191325337 -0.002185989 -0.003527350 0.999991357 4.880333424
0.999997795 0.000184046 0.002101833 0.059573166 -0.000191838 0.999993086 0.003707873 -0.198067874 -0.002101136 -0.003708269 0.999990880 5.125669956
0.999997020 0.000794107 0.002324128 0.065452255 -0.000802637 0.999992967 0.003671351 -0.203457177 -0.002321196 -0.003673205 0.999990582 5.397668362
0.999997497 0.000596463 0.002157497 0.068218209 -0.000604545 0.999992847 0.003747165 -0.210237607 -0.002155246 -0.003748461 0.999990702 5.662056923
0.999997914 -0.000176380 0.002031372 0.075502612 0.000168839 0.999993086 0.003712161 -0.221158415 -0.002032013 -0.003711811 0.999991059 5.947706223
0.999997437 0.000301130 0.002237694 0.081533082 -0.000309671 0.999992669 0.003817228 -0.227464005 -0.002236529 -0.003817911 0.999990165 6.226683140
0.999997258 0.000530928 0.002289536 0.075695306 -0.000540424 0.999991357 0.004148853 -0.249538466 -0.002287314 -0.004150079 0.999988794 6.552447796
0.999998391 -0.000153534 0.001807702 0.087917469 0.000146334 0.999992132 0.003982153 -0.255722970 -0.001808299 -0.003981883 0.999990404 6.846863270
0.999997795 0.000527106 0.002059354 0.098718300 -0.000535707 0.999991059 0.004178164 -0.264177203 -0.002057134 -0.004179257 0.999989212 7.143404007
0.999997199 0.000525312 0.002308927 0.104883492 -0.000534841 0.999991298 0.004128665 -0.276536465 -0.002306738 -0.004129888 0.999988854 7.447182655
0.999997497 0.000050345 0.002228914 0.110664897 -0.000059735 0.999991119 0.004212706 -0.280558914 -0.002228682 -0.004212829 0.999988675 7.784032345
0.999998391 -0.000886554 0.001578360 0.113350198 0.000879341 0.999989212 0.004564950 -0.307583660 -0.001582390 -0.004563554 0.999988317 8.074015617
0.999998450 -0.000770232 0.001617240 0.124682724 0.000762688 0.999988914 0.004659762 -0.316331923 -0.001620811 -0.004658521 0.999987841 8.395413399
0.999997973 0.000137713 0.002032430 0.124080338 -0.000147530 0.999988317 0.004831037 -0.319327772 -0.002031741 -0.004831327 0.999986291 8.739151955
0.999997854 -0.000007544 0.002078211 0.130631030 -0.000002227 0.999988973 0.004701485 -0.330364883 -0.002078223 -0.004701480 0.999986768 9.070333481
0.999998271 -0.000094880 0.001875475 0.142837733 0.000086170 0.999989271 0.004643787 -0.338502377 -0.001875895 -0.004643618 0.999987423 9.415104866
0.999997914 -0.000247343 0.002019803 0.150448903 0.000237643 0.999988437 0.004800821 -0.345087767 -0.002020967 -0.004800330 0.999986470 9.769608498
0.999997497 -0.001818326 0.001295987 0.120431587 0.001811852 0.999985933 0.004979212 -0.392584920 -0.001305023 -0.004976852 0.999986708 10.257251740
0.999997318 -0.001839271 0.001367101 0.128253371 0.001832120 0.999984622 0.005213954 -0.402390778 -0.001376670 -0.005211436 0.999985456 10.608673096
0.999997258 -0.001876161 0.001346940 0.137060955 0.001869105 0.999984562 0.005220571 -0.403492451 -0.001356714 -0.005218039 0.999985516 10.995635986
0.999997616 -0.001361749 0.001716094 0.138800338 0.001352594 0.999984860 0.005324248 -0.422336638 -0.001723318 -0.005321914 0.999984384 11.356019974
0.999996722 -0.002182523 0.001333625 0.156004474 0.002175416 0.999983549 0.005307111 -0.426602244 -0.001345185 -0.005304194 0.999985039 11.721797943
0.999997616 -0.001684185 0.001402348 0.151573628 0.001675677 0.999980330 0.006046196 -0.453809798 -0.001412503 -0.006043831 0.999980748 12.189507484
0.999997616 -0.001813209 0.001208976 0.163419694 0.001805546 0.999978423 0.006309527 -0.464834452 -0.001220391 -0.006307330 0.999979377 12.572286606
0.999997795 -0.001524023 0.001481004 0.170181111 0.001514420 0.999978006 0.006463645 -0.475746721 -0.001490822 -0.006461387 0.999978065 12.971185684
0.999997377 -0.001997849 0.001141710 0.186790094 0.001990170 0.999975681 0.006687907 -0.490539610 -0.001155044 -0.006685617 0.999976993 13.342414856
0.999997616 -0.001570999 0.001529401 0.194255173 0.001560532 0.999975502 0.006820901 -0.504097700 -0.001540080 -0.006818498 0.999975562 13.758333206
0.999994993 -0.002645679 0.001706313 0.193639651 0.002635119 0.999977469 0.006161781 -0.511675179 -0.001722576 -0.006157254 0.999979556 14.250186920
0.999994218 -0.002779904 0.001917971 0.203329667 0.002767998 0.999976993 0.006182413 -0.524794638 -0.001935114 -0.006177069 0.999979079 14.678677559
0.999994755 -0.002149254 0.002406048 0.204959363 0.002134006 0.999977767 0.006321989 -0.536446989 -0.002419582 -0.006316822 0.999977112 15.105072021
0.999994218 -0.002299219 0.002488997 0.215361774 0.002282646 0.999975383 0.006640504 -0.553018093 -0.002504203 -0.006634785 0.999974847 15.497066498
0.999991655 -0.003267762 0.002451534 0.228679180 0.003250097 0.999968946 0.007175432 -0.565562308 -0.002474905 -0.007167405 0.999971271 15.927000046
0.999990642 -0.002571660 0.003482752 0.217716694 0.002545508 0.999968648 0.007492645 -0.592429817 -0.003501911 -0.007483709 0.999965847 16.395889282
0.999990463 -0.002642394 0.003490398 0.226117522 0.002616515 0.999969244 0.007398124 -0.604649782 -0.003509839 -0.007388920 0.999966502 16.840793610
0.999989033 -0.003332380 0.003311348 0.249026746 0.003309564 0.999970913 0.006871983 -0.608752668 -0.003334152 -0.006860949 0.999970853 17.319726944
0.999986947 -0.003091924 0.004063056 0.253471971 0.003060293 0.999965191 0.007768088 -0.622690439 -0.004086933 -0.007755554 0.999961555 17.732917786
0.999985814 -0.003035045 0.004408543 0.246868134 0.002998400 0.999961078 0.008295336 -0.655682683 -0.004433549 -0.008281997 0.999955893 18.202432632
0.999983847 -0.003290473 0.004655975 0.260726810 0.003252752 0.999961972 0.008086372 -0.660001993 -0.004682406 -0.008071097 0.999956489 18.682153702
0.999984741 -0.003394822 0.004377878 0.271681875 0.003359377 0.999961734 0.008078579 -0.667862952 -0.004405135 -0.008063748 0.999957800 19.154382706
0.999983311 -0.003010525 0.004923238 0.285437912 0.002967364 0.999957323 0.008750674 -0.687924981 -0.004949372 -0.008735919 0.999949574 19.617938995
0.999984324 -0.003054839 0.004696588 0.305885017 0.003013718 0.999957263 0.008737589 -0.705196321 -0.004723080 -0.008723298 0.999950767 20.072534561
0.999983251 -0.003828426 0.004330019 0.312014163 0.003793052 0.999959528 0.008148313 -0.712151945 -0.004361039 -0.008131753 0.999957442 20.562841415
0.999986351 -0.003713782 0.003673428 0.324593544 0.003683066 0.999958456 0.008333424 -0.726805925 -0.003704224 -0.008319781 0.999958575 21.055328369
0.999987721 -0.003851128 0.003107045 0.334574610 0.003825027 0.999957681 0.008362769 -0.733452320 -0.003139119 -0.008350782 0.999960244 21.556142807
0.999987602 -0.004286227 0.002556783 0.345738471 0.004264772 0.999956191 0.008338355 -0.744619846 -0.002592412 -0.008327347 0.999961972 22.077508926
0.999988914 -0.003500361 0.003153305 0.322591871 0.003470530 0.999949634 0.009416615 -0.777298033 -0.003186108 -0.009405567 0.999950707 22.513721466
0.999990880 -0.003052675 0.002994070 0.327158660 0.003025952 0.999955952 0.008889573 -0.780775487 -0.003021075 -0.008880432 0.999956071 23.026599884
0.999988019 -0.004409786 0.002164289 0.343710214 0.004388778 0.999944150 0.009617058 -0.800741196 -0.002206577 -0.009607444 0.999951482 23.569061279
0.999980271 -0.006182546 0.001085200 0.360848546 0.006172306 0.999938667 0.009198007 -0.812742352 -0.001142001 -0.009191128 0.999957085 24.064720154
0.999994159 -0.003182692 0.001325028 0.346623063 0.003170052 0.999950469 0.009434641 -0.824712336 -0.001354990 -0.009430386 0.999954581 24.470935822
0.999993742 -0.003512264 0.000424466 0.362707257 0.003507963 0.999946356 0.009741254 -0.833402097 -0.000458657 -0.009739704 0.999952435 25.011850357
0.999995053 -0.003162742 -0.000145517 0.375993609 0.003164036 0.999945283 0.009974523 -0.841730297 0.000113962 -0.009974935 0.999950230 25.555725098
0.999996006 -0.002782150 -0.000430400 0.381795108 0.002786356 0.999945104 0.010099604 -0.856204033 0.000402278 -0.010100764 0.999948919 26.058462143
0.999990165 -0.004386898 -0.000654408 0.370022625 0.004393844 0.999929607 0.011019594 -0.881684601 0.000606020 -0.011022361 0.999939084 26.497732162
0.999988675 -0.004610016 -0.001231520 0.384904623 0.004623422 0.999927580 0.011114400 -0.898468971 0.001180193 -0.011119967 0.999937534 27.043922424
0.999994099 -0.003162957 -0.001399159 0.377410531 0.003177620 0.999938667 0.010604559 -0.903576493 0.001365531 -0.010608941 0.999942899 27.558322906
0.999995947 -0.002520919 -0.001313170 0.386687309 0.002534731 0.999940336 0.010624926 -0.906628966 0.001286308 -0.010628213 0.999942720 28.140419006
0.999993384 -0.003185004 -0.001745312 0.382681161 0.003204697 0.999929845 0.011399085 -0.947315872 0.001708884 -0.011404602 0.999933481 28.596910477
0.999989688 -0.003874068 -0.002354016 0.392063737 0.003901077 0.999925375 0.011579495 -0.958925486 0.002308980 -0.011588559 0.999930143 29.136438370
0.999986231 -0.004243274 -0.003063099 0.407985836 0.004279528 0.999919713 0.011927828 -0.977314413 0.003012239 -0.011940774 0.999924123 29.684900284
0.999988198 -0.003902104 -0.002914216 0.413148403 0.003935026 0.999927461 0.011377577 -0.974441051 0.002869608 -0.011388908 0.999931037 30.268304825
0.999990523 -0.003358994 -0.002776872 0.406601191 0.003391552 0.999924600 0.011804290 -0.997847319 0.002737012 -0.011813595 0.999926388 30.658271790
0.999987543 -0.003744699 -0.003311648 0.421224087 0.003782875 0.999925613 0.011597855 -1.008055449 0.003267972 -0.011610237 0.999927163 31.197984695
0.999987781 -0.003408823 -0.003600491 0.435840547 0.003450516 0.999926329 0.011637514 -1.023756266 0.003560557 -0.011649795 0.999925733 31.736228943
0.999988735 -0.003291870 -0.003449416 0.433763832 0.003333886 0.999919474 0.012246217 -1.029098868 0.003408825 -0.012257577 0.999918997 32.258609772
0.999983788 -0.004101980 -0.003939110 0.428049803 0.004152164 0.999909222 0.012817614 -1.068770647 0.003886175 -0.012833762 0.999910116 32.738384247
0.999984980 -0.004013206 -0.003723989 0.433830500 0.004059955 0.999911964 0.012632147 -1.075562119 0.003672967 -0.012647077 0.999913275 33.287395477
0.999983728 -0.004213484 -0.003836706 0.441353083 0.004263411 0.999905050 0.013099131 -1.080901861 0.003781149 -0.013115277 0.999906898 33.842090607
0.999982417 -0.004185067 -0.004195456 0.452609837 0.004239877 0.999904633 0.013141504 -1.095719337 0.004140059 -0.013159062 0.999904871 34.373348236
0.999982357 -0.003964882 -0.004429421 0.444264233 0.004021110 0.999910533 0.012758282 -1.100679755 0.004378439 -0.012775869 0.999908745 34.781166077
0.999980927 -0.004221166 -0.004526388 0.451644599 0.004278211 0.999910593 0.012667877 -1.107954025 0.004472510 -0.012687000 0.999909461 35.343036652
0.999983013 -0.003650152 -0.004547289 0.461170733 0.003707174 0.999913812 0.012595110 -1.115653157 0.004500923 -0.012611752 0.999910295 35.886882782
0.999983907 -0.003090479 -0.004776345 0.476440966 0.003147552 0.999923229 0.011988009 -1.118124723 0.004738930 -0.012002848 0.999916732 36.445949554
0.999976397 -0.004568430 -0.005121584 0.476406723 0.004636672 0.999899566 0.013392904 -1.146895647 0.005059884 -0.013416337 0.999897182 36.858791351
0.999975979 -0.004678479 -0.005124350 0.481341839 0.004746655 0.999899268 0.013373989 -1.153253078 0.005061263 -0.013397990 0.999897420 37.409297943
0.999977648 -0.004095529 -0.005284809 0.488340974 0.004166265 0.999900937 0.013443821 -1.158566713 0.005229226 -0.013465538 0.999895692 37.951026917
0.999977589 -0.004175231 -0.005229323 0.496378064 0.004243331 0.999905467 0.013080183 -1.169429183 0.005174216 -0.013102079 0.999900818 38.468891144
0.999973714 -0.004642054 -0.005561737 0.483150065 0.004718211 0.999894142 0.013759069 -1.192367196 0.005497278 -0.013784949 0.999889851 38.922271729
0.999972701 -0.004462466 -0.005895288 0.498674572 0.004543124 0.999895215 0.013739897 -1.202650547 0.005833357 -0.013766304 0.999888182 39.440818787
0.999975145 -0.004444721 -0.005468486 0.496147215 0.004519873 0.999894440 0.013808094 -1.205446005 0.005406535 -0.013832468 0.999889672 40.039764404
0.999977827 -0.003854084 -0.005425951 0.505204022 0.003928686 0.999896944 0.013806489 -1.205935240 0.005372180 -0.013827499 0.999889970 40.535381317
0.999976158 -0.003763753 -0.005778740 0.518514991 0.003838513 0.999908388 0.012981039 -1.210872889 0.005729353 -0.013002913 0.999899030 41.102851868
0.999972463 -0.004315382 -0.006031538 0.529107571 0.004393244 0.999906421 0.012955966 -1.221751094 0.005975064 -0.012982110 0.999897897 41.641002655
0.999967396 -0.005195598 -0.006176830 0.508830845 0.005281746 0.999887884 0.014013594 -1.245125294 0.006103327 -0.014045762 0.999882638 42.060157776
0.999968231 -0.005028917 -0.006179180 0.518252671 0.005116532 0.999885440 0.014246098 -1.260903597 0.006106830 -0.014277261 0.999879360 42.605640411
0.999979079 -0.003495155 -0.005427463 0.516887784 0.003568717 0.999901116 0.013603903 -1.268095136 0.005379378 -0.013622988 0.999892712 43.125419617
0.999979019 -0.003447129 -0.005474672 0.531445444 0.003522831 0.999897480 0.013878780 -1.277881145 0.005426269 -0.013897778 0.999888599 43.638771057
0.999971151 -0.004275205 -0.006276713 0.526915014 0.004359329 0.999900043 0.013450616 -1.282255411 0.006218581 -0.013477590 0.999889851 44.135620117
0.999970734 -0.004188300 -0.006385581 0.540121436 0.004272381 0.999903560 0.013211041 -1.282832026 0.006329633 -0.013237935 0.999892354 44.691757202
0.999973595 -0.003522896 -0.006359391 0.546959519 0.003607886 0.999903738 0.013402922 -1.300385475 0.006311561 -0.013425514 0.999889970 45.204601288
0.999970138 -0.003913603 -0.006668030 0.560242414 0.004004559 0.999898314 0.013682278 -1.319165826 0.006613805 -0.013708569 0.999884188 45.731388092
0.999976397 -0.003533242 -0.005889086 0.529608846 0.003616123 0.999893725 0.014122895 -1.331522226 0.005838561 -0.014143857 0.999882936 46.131675720
0.999978125 -0.003093148 -0.005851571 0.535834670 0.003174330 0.999898076 0.013915500 -1.336687922 0.005807933 -0.013933768 0.999886036 46.677013397
0.999977112 -0.003434571 -0.005829703 0.538999200 0.003515495 0.999896765 0.013928141 -1.345942616 0.005781265 -0.013948316 0.999885976 47.234024048
0.999980390 -0.003042738 -0.005467883 0.542403340 0.003118121 0.999899387 0.013831191 -1.355786443 0.005425249 -0.013847969 0.999889433 47.745594025
0.999985874 -0.001499554 -0.005102415 0.540513217 0.001567343 0.999910235 0.013307581 -1.360303879 0.005082001 -0.013315391 0.999898434 48.292701721
0.999983490 -0.002387688 -0.005227680 0.550931811 0.002463441 0.999891341 0.014532648 -1.378922105 0.005192413 -0.014545288 0.999880731 48.612152100
0.999984920 -0.002134858 -0.005069146 0.552811623 0.002206523 0.999897122 0.014174145 -1.385383129 0.005038365 -0.014185116 0.999886692 49.160614014
0.999981344 -0.002565172 -0.005547013 0.560374260 0.002643096 0.999897301 0.014086485 -1.397677422 0.005510309 -0.014100883 0.999885440 49.714344025
0.999987066 -0.001879222 -0.004727953 0.572195470 0.001944884 0.999901175 0.013922009 -1.398821831 0.004701323 -0.013931025 0.999891937 50.220397949
0.999979973 -0.002832750 -0.005657208 0.586119533 0.002911361 0.999898612 0.013936022 -1.398590326 0.005617158 -0.013952211 0.999886870 50.764049530
0.999986410 -0.001519480 -0.004988059 0.563068509 0.001590902 0.999895751 0.014345883 -1.416574955 0.004965741 -0.014353625 0.999884665 51.123908997
0.999985397 -0.001363272 -0.005231492 0.572677612 0.001436878 0.999899626 0.014091918 -1.425854921 0.005211756 -0.014099230 0.999887109 51.658317566
0.999986649 -0.000898059 -0.005095569 0.576814294 0.000968802 0.999902964 0.013897685 -1.430994272 0.005082594 -0.013902437 0.999890447 52.220207214
0.999987125 -0.000628894 -0.005029500 0.578599453 0.000697624 0.999906182 0.013675481 -1.436313391 0.005020429 -0.013678816 0.999893844 52.728424072
0.999985218 -0.000407145 -0.005415584 0.602830112 0.000481797 0.999904811 0.013790595 -1.445258617 0.005409454 -0.013793003 0.999890268 53.279399872
0.999987900 -0.000496373 -0.004889531 0.602051020 0.000559321 0.999916971 0.012881229 -1.444152117 0.004882731 -0.012883810 0.999905050 53.804477692
0.999988079 -0.001265620 -0.004705282 0.557990313 0.001330553 0.999903560 0.013822610 -1.450477839 0.004687333 -0.013828708 0.999893367 54.178943634
0.999987960 -0.001183317 -0.004770974 0.567903459 0.001248208 0.999906480 0.013621316 -1.459190130 0.004754410 -0.013627107 0.999895751 54.725944519
0.999988079 -0.001185774 -0.004739814 0.579352200 0.001250283 0.999906361 0.013630255 -1.463600636 0.004723208 -0.013636020 0.999895871 55.270336151
0.999985874 -0.001458059 -0.005125014 0.586022019 0.001525703 0.999911487 0.013219882 -1.472674608 0.005105285 -0.013227513 0.999899507 55.833400726
0.999989212 -0.000356599 -0.004627877 0.597580791 0.000416988 0.999914646 0.013054575 -1.481819630 0.004622827 -0.013056362 0.999904037 56.340915680
0.999990165 -0.000916167 -0.004362943 0.564030409 0.000973013 0.999914408 0.013044828 -1.467559099 0.004350619 -0.013048944 0.999905407 56.719490051
0.999988556 -0.001088467 -0.004653724 0.574164271 0.001149023 0.999914467 0.013029502 -1.480818033 0.004639144 -0.013034701 0.999904275 57.263175964
0.999987364 -0.001102215 -0.004904144 0.590099335 0.001165646 0.999915481 0.012950003 -1.487207413 0.004889455 -0.012955557 0.999904156 57.818965912
0.999986231 -0.001108549 -0.005124671 0.604033053 0.001174296 0.999916852 0.012844480 -1.488361120 0.005110005 -0.012850320 0.999904394 58.363136292
0.999989629 -0.000594581 -0.004509598 0.614117622 0.000650169 0.999923706 0.012335267 -1.483520865 0.004501918 -0.012338072 0.999913812 58.917816162
0.999991000 -0.001156659 -0.004076797 0.546653509 0.001208743 0.999917507 0.012796335 -1.498773813 0.004061659 -0.012801150 0.999909818 59.256175995
0.999988794 -0.001918338 -0.004330205 0.560247540 0.001974042 0.999914885 0.012896359 -1.506922483 0.004305096 -0.012904763 0.999907434 59.801723480
0.999991357 -0.001736386 -0.003772301 0.568475425 0.001784806 0.999915600 0.012870067 -1.518490791 0.003749634 -0.012876690 0.999910057 60.358703613
0.999989629 -0.001893135 -0.004147665 0.576913178 0.001945300 0.999918640 0.012609179 -1.512144327 0.004123456 -0.012617119 0.999911845 60.877792358
0.999989808 -0.001912068 -0.004093460 0.563256621 0.001960844 0.999926805 0.011944926 -1.529669046 0.004070321 -0.011952831 0.999920309 61.450988770
0.999992013 -0.001350828 -0.003763410 0.541237950 0.001395726 0.999927521 0.011953156 -1.521562338 0.003746990 -0.011958312 0.999921501 61.799713135
0.999991298 -0.001363497 -0.003952872 0.546725392 0.001408729 0.999933243 0.011462498 -1.525735974 0.003936980 -0.011467966 0.999926507 62.346172333
0.999991894 -0.001447436 -0.003761454 0.553774595 0.001490439 0.999933243 0.011455041 -1.538311958 0.003744622 -0.011460552 0.999927402 62.881473541
0.999991238 -0.001902363 -0.003748103 0.571934462 0.001946041 0.999929845 0.011684455 -1.546383858 0.003725611 -0.011691646 0.999924779 63.460727692
0.999988675 -0.002505928 -0.004051405 0.599177003 0.002552568 0.999930024 0.011548276 -1.550009847 0.004022182 -0.011558485 0.999925137 63.970237732
0.999994457 -0.000213726 -0.003321241 0.610550225 0.000248774 0.999944210 0.010555650 -1.551818252 0.003318799 -0.010556417 0.999938846 64.467987061
0.999994814 -0.000808911 -0.003108843 0.546085656 0.000845296 0.999930918 0.011720144 -1.574035406 0.003099147 -0.011722711 0.999926507 64.721321106
0.999993145 -0.000965991 -0.003577466 0.569056630 0.001007777 0.999931097 0.011696920 -1.588349581 0.003565921 -0.011700446 0.999925196 65.251167297
0.999995410 -0.000293123 -0.003013708 0.555751204 0.000327911 0.999933243 0.011549357 -1.588659763 0.003010121 -0.011550293 0.999928772 65.794540405
0.999993443 -0.000441777 -0.003615074 0.580246091 0.000483433 0.999933362 0.011529964 -1.603297472 0.003609739 -0.011531635 0.999927044 66.366081238
0.999992371 -0.000147405 -0.003886039 0.597727954 0.000192655 0.999932110 0.011646344 -1.607299089 0.003884058 -0.011647005 0.999924660 66.825325012
0.999994636 -0.000174962 -0.003266038 0.581594288 0.000211377 0.999937832 0.011152599 -1.620111108 0.003263884 -0.011153230 0.999932468 67.364067078
0.999996543 0.000992031 -0.002439002 0.563184440 -0.000963671 0.999932230 0.011601711 -1.621640325 0.002450346 -0.011599320 0.999929726 67.652130127
0.999995530 0.000482054 -0.002943075 0.580542207 -0.000448738 0.999935925 0.011310467 -1.629885435 0.002948338 -0.011309097 0.999931693 68.197265625
0.999994457 0.000866317 -0.003218266 0.583793879 -0.000828965 0.999932468 0.011589300 -1.635684490 0.003228089 -0.011586566 0.999927759 68.772842407
0.999995470 0.000543055 -0.002948845 0.606145620 -0.000509119 0.999933720 0.011496685 -1.648807049 0.002954893 -0.011495133 0.999929607 69.278900146
0.999997079 -0.000159399 -0.002409438 0.605891347 0.000187940 0.999929845 0.011849489 -1.660019636 0.002407381 -0.011849907 0.999926925 69.797065735
0.999994636 -0.000682867 -0.003190182 0.630792677 0.000719181 0.999934733 0.011395726 -1.662463665 0.003182192 -0.011397958 0.999930024 70.338249207
0.999996662 0.000766107 -0.002469181 0.602753997 -0.000737783 0.999934137 0.011451398 -1.650998354 0.002477791 -0.011449537 0.999931395 70.621994019
0.999996841 0.000952150 -0.002307903 0.606096625 -0.000926191 0.999936581 0.011222786 -1.661260962 0.002318442 -0.011220613 0.999934375 71.153884888
0.999996603 0.000518468 -0.002570504 0.617151558 -0.000490833 0.999942183 0.010740194 -1.662419438 0.002575924 -0.010738894 0.999939024 71.730232239
0.999996305 0.001820337 -0.002012753 0.622693717 -0.001797148 0.999932587 0.011463774 -1.683895111 0.002033485 -0.011460115 0.999932289 72.215187073
0.999995589 -0.000266646 -0.002930895 0.639036477 0.000298748 0.999939919 0.010957914 -1.683515549 0.002927797 -0.010958742 0.999935687 72.705780029
0.999995768 -0.000240335 -0.002914225 0.673377991 0.000272167 0.999940217 0.010927327 -1.686158895 0.002911426 -0.010928073 0.999936104 73.277626038
0.999996066 0.000790117 -0.002703734 0.687393904 -0.000761343 0.999943197 0.010627109 -1.676076889 0.002711977 -0.010625008 0.999939919 73.833549500
0.999998033 0.001467054 -0.001325614 0.593784213 -0.001451819 0.999933720 0.011421463 -1.728686810 0.001342281 -0.011419517 0.999933839 74.101196289
0.999997795 0.001931952 -0.000852446 0.601658106 -0.001922129 0.999933422 0.011378250 -1.735813618 0.000874370 -0.011376588 0.999934852 74.664291382
0.999997973 0.001710374 -0.001047012 0.614604950 -0.001698233 0.999932587 0.011489650 -1.741761923 0.001066592 -0.011487849 0.999933422 75.213043213
0.999997854 0.001573208 -0.001338013 0.623509049 -0.001558083 0.999935687 0.011231052 -1.748304367 0.001355595 -0.011228942 0.999936044 75.777198792
0.999997616 0.001998998 -0.000830436 0.626774430 -0.001989172 0.999929965 0.011670884 -1.769003630 0.000853708 -0.011669206 0.999931514 76.300094604
0.999998748 0.001094224 -0.001120185 0.664449275 -0.001081976 0.999940276 0.010876247 -1.757810235 0.001132019 -0.010875021 0.999940157 76.803718567
0.999998510 0.001402311 0.001034183 0.625527382 -0.001413776 0.999936581 0.011170406 -1.771726131 -0.001018454 -0.011171851 0.999937057 77.093528748
0.999995530 0.001914101 0.002314759 0.642463207 -0.001940324 0.999933302 0.011379967 -1.780904531 -0.002292823 -0.011384407 0.999932587 77.644233704
0.999989212 0.001982354 0.004196675 0.654770136 -0.002030340 0.999932170 0.011461194 -1.788098574 -0.004173670 -0.011469590 0.999925554 78.192497253
0.999975264 0.001649212 0.006841200 0.698588967 -0.001725237 0.999936581 0.011121732 -1.797628880 -0.006822425 -0.011133259 0.999914765 78.763504028
0.999942303 0.000564194 0.010736611 0.716582417 -0.000683409 0.999938011 0.011103163 -1.800107718 -0.010729682 -0.011109859 0.999880731 79.239204407
0.999895513 0.001831354 0.014340938 0.696266532 -0.001988641 0.999937952 0.010961059 -1.798995018 -0.014319975 -0.010988433 0.999837101 79.688789368
0.999816895 0.001676060 0.019064831 0.725527525 -0.001879824 0.999941289 0.010675076 -1.806226492 -0.019045820 -0.010708961 0.999761224 80.246414185
0.999671042 0.002512652 0.025527582 0.748448730 -0.002786763 0.999938786 0.010707947 -1.811543584 -0.025499115 -0.010775563 0.999616742 80.786666870
0.999514580 0.002286249 0.031072082 0.782952189 -0.002629667 0.999935925 0.011015958 -1.824810505 -0.031044902 -0.011092320 0.999456406 81.322647095
0.999325275 0.001952888 0.036676425 0.789841890 -0.002350715 0.999938846 0.010806950 -1.833170414 -0.036653075 -0.010885873 0.999268889 81.828163147
0.998996496 0.001975656 0.044743840 0.831413269 -0.002469428 0.999936700 0.010982955 -1.840104103 -0.044719309 -0.011082425 0.998938143 82.390480042
0.998639405 0.001129854 0.052134003 0.888956785 -0.001699225 0.999939382 0.010878272 -1.852634668 -0.052118562 -0.010952060 0.998580813 82.937126160
0.998239458 0.000737412 0.059308998 0.935266972 -0.001383716 0.999940097 0.010856903 -1.860935926 -0.059297442 -0.010919855 0.998180687 83.498764038
0.997715890 0.000697807 0.067544863 1.009469032 -0.001396072 0.999946058 0.010291154 -1.850726724 -0.067534044 -0.010361947 0.997663200 83.993507385
0.996930838 0.000897095 0.078280404 1.006421089 -0.001741137 0.999941051 0.010714701 -1.889404535 -0.078266196 -0.010818115 0.996873736 84.493530273
0.996241093 0.000491338 0.086622708 1.076251507 -0.001443190 0.999939263 0.010926201 -1.894894123 -0.086612083 -0.011010143 0.996181309 85.049880981
0.995514929 0.000448731 0.094602987 1.146103859 -0.001470904 0.999941230 0.010735409 -1.908354998 -0.094592616 -0.010826413 0.995457172 85.598411560
0.994450986 0.000433341 0.105199702 1.219074726 -0.001577400 0.999940455 0.010792154 -1.914263487 -0.105188757 -0.010898211 0.994392574 86.189048767
0.993314803 -0.000364865 0.115435392 1.310854912 -0.000885939 0.999941528 0.010784041 -1.933654547 -0.115432575 -0.010814219 0.993256509 86.704460144
0.992204309 -0.000923824 0.124618381 1.371469498 -0.000352455 0.999947727 0.010219066 -1.924000025 -0.124621332 -0.010183324 0.992152035 87.146614075
0.990725219 -0.000239596 0.135879964 1.467774391 -0.001193897 0.999944448 0.010468107 -1.926954508 -0.135874927 -0.010533243 0.990669966 87.693328857
0.988997281 -0.000613162 0.147932142 1.567509651 -0.000934851 0.999945521 0.010394592 -1.940726995 -0.147930458 -0.010418518 0.988942802 88.237907410
0.987438262 -0.001556378 0.157997727 1.675753593 -0.000123067 0.999943554 0.010619205 -1.954510450 -0.158005357 -0.010505253 0.987382412 88.762710571
0.985622108 -0.000765853 0.168962777 1.767247200 -0.001052814 0.999942482 0.010673864 -1.960760355 -0.168961242 -0.010698282 0.985564530 89.301467896
0.983336389 -0.001955026 0.181784660 1.875025749 0.000082814 0.999946892 0.010306080 -1.966602087 -0.181795165 -0.010119291 0.983284295 89.778900146
0.980960011 -0.001758642 0.194201514 2.001646996 -0.000302642 0.999943912 0.010583972 -1.980202913 -0.194209248 -0.010441227 0.980904520 90.307304382
0.978856325 -0.002017920 0.204539016 2.135364532 -0.000139771 0.999944568 0.010534050 -1.986682892 -0.204548895 -0.010339912 0.978801727 90.869102478
0.976270199 -0.004959333 0.216499150 2.305557251 0.002851831 0.999945521 0.010045795 -1.996230841 -0.216537148 -0.009189990 0.976231098 91.392936707
0.973240435 -0.004981335 0.229734957 2.450073242 0.002774355 0.999946892 0.009928640 -1.998403549 -0.229772225 -0.009025589 0.973202586 91.934745789
0.970358670 -0.003755559 0.241639882 2.536760330 0.001313187 0.999946415 0.010267741 -1.996541977 -0.241665497 -0.009646075 0.970311582 92.376892090
0.967286587 -0.004301959 0.253649354 2.701929092 0.001717604 0.999944270 0.010409266 -2.008017540 -0.253680021 -0.009633075 0.967240155 92.893653870
0.963472247 -0.004363332 0.267772585 2.863742828 0.001527742 0.999940574 0.010796979 -2.018325090 -0.267803788 -0.009993504 0.963421583 93.434638977
0.960054278 -0.004462612 0.279778093 3.044614792 0.001682837 0.999946833 0.010175063 -2.016588449 -0.279808640 -0.009297793 0.960010767 93.977256775
0.956614017 -0.004490129 0.291323751 3.201177597 0.001559202 0.999945819 0.010292096 -2.017949104 -0.291354120 -0.009391330 0.956569135 94.477325439
0.952339649 -0.004638910 0.305004448 3.393384933 0.001506180 0.999943614 0.010505597 -2.029257298 -0.305035979 -0.009545504 0.952292860 95.000640869
0.947802067 -0.005001029 0.318820119 3.604665756 0.001745088 0.999943316 0.010497293 -2.037885189 -0.318854570 -0.009392985 0.947757125 95.519058228
0.943640590 -0.003702925 0.330951333 3.793073654 0.000429580 0.999950290 0.009963313 -2.033842087 -0.330971748 -0.009259617 0.943595171 96.083503723
0.939320922 -0.005316658 0.342998296 3.981307983 0.001735956 0.999940753 0.010745604 -2.057485819 -0.343035072 -0.009498141 0.939274549 96.554763794
0.934256136 -0.005888751 0.356554061 4.199968338 0.002303306 0.999942422 0.010479576 -2.065854073 -0.356595218 -0.008969354 0.934215903 97.058593750
0.929594040 -0.007288456 0.368512928 4.426774979 0.003542305 0.999934971 0.010841077 -2.069999933 -0.368567973 -0.008772415 0.929559410 97.565101624
0.925085843 -0.006701336 0.379699051 4.645164490 0.002882561 0.999939442 0.010625029 -2.080096483 -0.379747212 -0.008734558 0.925049067 98.073501587
0.919774890 -0.007526567 0.392374098 4.895399094 0.003359966 0.999930382 0.011304596 -2.099457979 -0.392431885 -0.009079320 0.919736266 98.509857178
0.913642526 -0.006618173 0.406464696 5.116336823 0.002492066 0.999939859 0.010679690 -2.083899498 -0.406510949 -0.008744482 0.913604081 99.099807739
0.908590972 -0.007158348 0.417625785 5.370731354 0.002910738 0.999937356 0.010806876 -2.095070362 -0.417676985 -0.008603429 0.908554971 99.591697693
0.902082682 -0.006881216 0.431508213 5.634040833 0.002524897 0.999939859 0.010667547 -2.099014759 -0.431555688 -0.008533495 0.902045906 100.088943481
0.895153165 -0.007491904 0.445695966 5.911125183 0.002832534 0.999934137 0.011119373 -2.117389679 -0.445749879 -0.008691092 0.895115316 100.579872131
0.889067292 -0.007896010 0.457708478 6.206260681 0.003338205 0.999936461 0.010765849 -2.124399900 -0.457764477 -0.008043638 0.889037192 101.092285156
0.882858992 -0.007791791 0.469573379 6.396461487 0.003069222 0.999936700 0.010821752 -2.103090286 -0.469628096 -0.008112856 0.882827103 101.551193237
0.875685036 -0.008241962 0.482812345 6.681301117 0.003641473 0.999938607 0.010465086 -2.108389378 -0.482868940 -0.007405971 0.875661314 102.017852783
