1.000000000 0.000000000 0.000000000 0.000000000 0.000000000 1.000000000 0.000000000 0.000000000 0.000000000 0.000000000 1.000000000 0.000000000
1.000000000 0.000031344 -0.000043592 0.000317335 -0.000031339 1.000000000 0.000123618 -0.000306099 0.000043596 -0.000123617 1.000000000 -0.000058627
1.000000000 0.000206057 -0.000121881 0.000998071 -0.000206042 1.000000000 0.000122897 -0.000440498 0.000121906 -0.000122872 1.000000000 -0.000978474
0.999999940 0.000272736 0.000023653 -0.000452565 -0.000272738 0.999999940 0.000083148 -0.000287272 -0.000023630 -0.000083154 1.000000000 0.000569172
1.000000000 0.000084655 0.000049476 -0.000752417 -0.000084652 1.000000000 -0.000058430 0.000728538 -0.000049481 0.000058426 1.000000000 -0.000430027
1.000000000 0.000057598 0.000010037 -0.000716104 -0.000057598 1.000000000 0.000054735 -0.000608780 -0.000010034 -0.000054735 1.000000000 -0.000812574
1.000000000 0.000069362 0.000009018 0.000531116 -0.000069363 1.000000000 0.000087924 -0.000653296 -0.000009012 -0.000087925 1.000000000 -0.000915903
1.000000000 0.000178841 0.000089891 -0.000200056 -0.000178852 1.000000000 0.000125978 -0.000302813 -0.000089869 -0.000125994 1.000000000 0.000637105
1.000000000 -0.000044136 0.000141001 -0.000186149 0.000044133 1.000000000 0.000019379 -0.000146406 -0.000141002 -0.000019372 1.000000000 -0.001168984
1.000000000 -0.000043872 0.000010593 0.000847804 0.000043871 1.000000000 0.000092318 0.000243424 -0.000010597 -0.000092317 1.000000000 -0.000106796
1.000000000 0.000151717 0.000003129 0.000050755 -0.000151717 1.000000000 0.000008401 -0.000149331 -0.000003128 -0.000008402 1.000000000 -0.000731888
1.000000000 0.000218770 0.000019696 0.000154676 -0.000218769 1.000000000 -0.000075678 0.001668045 -0.000019713 0.000075673 1.000000000 0.001509262
1.000000000 -0.000107032 -0.000040476 0.000484968 0.000107035 1.000000000 0.000057213 0.000271890 0.000040470 -0.000057218 1.000000000 0.000677463
1.000000000 0.000036181 0.000010107 0.000448746 -0.000036181 1.000000000 0.000057139 -0.000256070 -0.000010105 -0.000057139 1.000000000 -0.001148580
1.000000000 -0.000027194 0.000009851 0.000389898 0.000027194 1.000000000 0.000026886 0.000482372 -0.000009852 -0.000026886 1.000000000 0.000408253
1.000000000 -0.000063572 -0.000091812 0.000676790 0.000063582 1.000000000 0.000108535 -0.000621710 0.000091805 -0.000108541 1.000000000 -0.000603376
0.999999940 0.000183249 0.000194289 -0.001304205 -0.000183276 1.000000000 0.000138744 -0.000458645 -0.000194263 -0.000138780 1.000000000 -0.000299682
1.000000000 0.000150778 0.000011255 -0.000231433 -0.000150779 1.000000000 0.000043601 -0.000008170 -0.000011249 -0.000043602 1.000000000 -0.000760603
1.000000000 0.000015933 0.000119389 -0.000116488 -0.000015943 1.000000000 0.000083277 -0.000173319 -0.000119387 -0.000083279 1.000000000 0.000549421
1.000000000 0.000039914 0.000012345 0.000464180 -0.000039915 1.000000000 0.000060029 -0.000248451 -0.000012342 -0.000060029 1.000000000 -0.000693902
0.999999940 0.000258441 0.000099021 -0.000673204 -0.000258437 0.999999940 -0.000041018 -0.000071005 -0.000099031 0.000040993 1.000000000 -0.001094758
1.000000000 0.000227083 -0.000032517 0.000257394 -0.000227080 0.999999940 0.000103439 -0.000263653 0.000032540 -0.000103432 1.000000000 -0.000557954
1.000000000 0.000016282 0.000108780 0.000494203 -0.000016289 1.000000000 0.000064725 -0.000314816 -0.000108779 -0.000064726 1.000000000 0.000435578
0.999999940 0.000350137 0.000076825 0.000077375 -0.000350149 0.999999940 0.000147918 0.000007518 -0.000076774 -0.000147945 1.000000000 0.000867576
1.000000000 0.000211263 0.000000458 0.000529151 -0.000211263 1.000000000 -0.000068512 0.000958255 -0.000000473 0.000068512 1.000000000 -0.000502883
1.000000000 0.000190602 -0.000024912 0.000748428 -0.000190608 0.999999940 -0.000210723 0.001942066 0.000024872 0.000210727 1.000000000 -0.001377598
1.000000000 0.000115316 -0.000067550 0.000682700 -0.000115315 1.000000000 0.000023413 0.000141818 0.000067553 -0.000023405 1.000000000 -0.001455041
1.000000000 0.000081900 0.000014012 0.000690763 -0.000081903 0.999999940 0.000245961 -0.000316760 -0.000013992 -0.000245962 0.999999940 0.001373413
1.000000000 -0.000051266 -0.000045082 0.000510178 0.000051277 1.000000000 0.000232887 -0.000475313 0.000045070 -0.000232890 1.000000000 0.000616412
1.000000000 -0.000071523 -0.000038946 0.000964855 0.000071528 1.000000000 0.000141125 0.000333262 0.000038936 -0.000141128 1.000000000 0.001765289
1.000000000 0.000079484 0.000050189 -0.000177246 -0.000079495 1.000000000 0.000218169 -0.000928898 -0.000050172 -0.000218173 1.000000000 0.000021085
1.000000000 -0.000065701 -0.000045347 0.000753988 0.000065701 1.000000000 0.000004433 0.000522291 0.000045347 -0.000004436 1.000000000 -0.000494279
1.000000000 -0.000040825 -0.000021921 0.000385377 0.000040826 1.000000000 0.000022515 -0.000110720 0.000021920 -0.000022515 1.000000000 -0.000099103
1.000000000 0.000046325 -0.000011195 0.000410737 -0.000046324 1.000000000 0.000132239 -0.000482983 0.000011201 -0.000132238 1.000000000 -0.000228367
1.000000000 0.000160560 0.000068273 -0.000544313 -0.000160562 1.000000000 0.000032009 -0.000229079 -0.000068268 -0.000032020 1.000000000 -0.000826564
1.000000000 0.000148729 -0.000014053 -0.000237124 -0.000148729 1.000000000 0.000048860 0.000429256 0.000014060 -0.000048858 1.000000000 0.001667506
1.000000000 -0.000149076 -0.000085014 0.001172744 0.000149079 1.000000000 0.000033616 0.000063836 0.000085009 -0.000033629 1.000000000 0.000192159
1.000000000 0.000111383 0.000040407 -0.000381418 -0.000111389 1.000000000 0.000166034 -0.000319613 -0.000040388 -0.000166039 1.000000000 0.000116059
1.000000000 -0.000131508 0.000010843 0.001301194 0.000131507 1.000000000 0.000062951 0.000499577 -0.000010851 -0.000062949 1.000000000 -0.000400229
1.000000000 -0.000110494 0.000168166 -0.000297321 0.000110499 1.000000000 -0.000033069 0.000677837 -0.000168162 0.000033087 1.000000000 0.001983171
1.000000000 0.000063479 0.000173478 -0.000663740 -0.000063388 0.999999881 -0.000524405 -0.002595769 -0.000173512 0.000524394 0.999999762 0.050777890
1.000000000 0.000257207 -0.000048561 0.001114029 -0.000257265 0.999999285 -0.001191966 -0.004293852 0.000048254 0.001191978 0.999999225 0.137103200
0.999999940 0.000398599 -0.000165931 0.003487646 -0.000398832 0.999998927 -0.001403030 -0.008052032 0.000165372 0.001403095 0.999998927 0.254239768
1.000000000 0.000024675 -0.000156606 0.006726208 -0.000024877 0.999999166 -0.001289536 -0.011537826 0.000156574 0.001289540 0.999999106 0.384397864
0.999999940 0.000289125 -0.000145756 0.009160197 -0.000289339 0.999998868 -0.001469766 -0.015388090 0.000145331 0.001469809 0.999998868 0.522805095
0.999999881 0.000497211 -0.000118547 0.012497705 -0.000497391 0.999998748 -0.001526049 -0.017250948 0.000117788 0.001526108 0.999998868 0.678594649
0.999999821 0.000368727 0.000257430 0.011963857 -0.000368481 0.999999464 -0.000955241 -0.024314642 -0.000257782 0.000955147 0.999999523 0.839570701
1.000000000 0.000119362 0.000022723 0.016465226 -0.000119340 0.999999523 -0.000976054 -0.027558133 -0.000022839 0.000976051 0.999999523 1.012483478
1.000000000 0.000161684 -0.000115913 0.021757334 -0.000161765 0.999999762 -0.000704597 -0.034092959 0.000115799 0.000704616 0.999999762 1.190561056
0.999999881 -0.000307120 -0.000295404 0.029165108 0.000306898 0.999999583 -0.000753169 -0.037713446 0.000295636 0.000753078 0.999999642 1.376916766
0.999999940 0.000045484 -0.000239551 0.032257643 -0.000045637 0.999999762 -0.000638444 -0.042239115 0.000239522 0.000638455 0.999999762 1.568401456
0.999999881 0.000481783 0.000161251 0.029572988 -0.000481675 0.999999642 -0.000669294 -0.045929395 -0.000161574 0.000669216 0.999999762 1.772749543
0.999999821 0.000628257 0.000219134 0.033107739 -0.000628076 0.999999464 -0.000822761 -0.051450312 -0.000219651 0.000822623 0.999999642 1.972110748
0.999999940 0.000117830 0.000095875 0.040356677 -0.000117817 0.999999940 -0.000139641 -0.062517673 -0.000095892 0.000139630 1.000000000 2.183975458
0.999999940 0.000085178 0.000168558 0.043562364 -0.000085150 0.999999940 -0.000163196 -0.067196913 -0.000168571 0.000163181 1.000000000 2.403274298
1.000000000 -0.000168582 0.000166538 0.048819624 0.000168626 0.999999940 -0.000266414 -0.073317528 -0.000166493 0.000266442 0.999999940 2.626851559
1.000000000 0.000260080 0.000116893 0.053766035 -0.000260032 0.999999821 -0.000413357 -0.077886522 -0.000117001 0.000413327 0.999999881 2.855085373
0.999999940 0.000373632 0.000489925 0.054804631 -0.000373650 1.000000000 0.000036901 -0.088415064 -0.000489911 -0.000037084 0.999999881 3.082653999
0.999999881 0.000124759 0.000321240 0.061039023 -0.000124657 0.999999881 -0.000316300 -0.093453638 -0.000321279 0.000316260 0.999999881 3.330719233
0.999999881 0.000119356 0.000498582 0.065220721 -0.000119313 1.000000000 -0.000087388 -0.100387573 -0.000498593 0.000087328 0.999999881 3.576433420
1.000000000 -0.000149980 0.000041544 0.072751790 0.000149982 1.000000000 -0.000057832 -0.106702432 -0.000041536 0.000057838 1.000000000 3.833019495
0.999999940 0.000133154 0.000201032 0.076946832 -0.000133128 1.000000000 -0.000127857 -0.114059374 -0.000201049 0.000127830 1.000000000 4.097229958
0.999999404 0.000877873 0.000505404 0.078884207 -0.000878023 0.999999583 0.000296310 -0.123957254 -0.000505144 -0.000296754 0.999999762 4.346614838
0.999999881 0.000378430 0.000275679 0.087628536 -0.000378481 0.999999940 0.000186743 -0.131233871 -0.000275609 -0.000186848 0.999999881 4.605772972
0.999999881 -0.000087121 0.000538359 0.091283776 0.000086939 0.999999940 0.000337429 -0.136908323 -0.000538389 -0.000337382 0.999999762 4.860711098
0.999999821 0.000354341 0.000527301 0.098381169 -0.000354559 0.999999881 0.000413528 -0.145056188 -0.000527155 -0.000413715 0.999999762 5.122067451
0.999999821 0.000122461 0.000455965 0.101866513 -0.000122624 0.999999881 0.000357665 -0.153854460 -0.000455921 -0.000357721 0.999999821 5.382904530
0.999999583 0.000248525 0.000886021 0.104257248 -0.000248708 0.999999940 0.000206394 -0.158667967 -0.000885970 -0.000206614 0.999999583 5.658280849
0.999999821 0.000039584 0.000528013 0.110940255 -0.000040063 0.999999583 0.000907850 -0.171423569 -0.000527976 -0.000907871 0.999999464 5.926259995
0.999999881 0.000142289 0.000542990 0.118354827 -0.000142781 0.999999583 0.000905673 -0.183349892 -0.000542861 -0.000905751 0.999999464 6.197364807
0.999999642 0.000272634 0.000784059 0.122621290 -0.000273336 0.999999523 0.000896000 -0.189594373 -0.000783815 -0.000896214 0.999999285 6.475793362
0.999999762 0.000331763 0.000614530 0.131423831 -0.000332290 0.999999583 0.000857277 -0.198735192 -0.000614245 -0.000857481 0.999999464 6.757847309
0.999999344 0.000528651 0.001072597 0.133254141 -0.000529780 0.999999225 0.001053307 -0.209678158 -0.001072040 -0.001053874 0.999998868 7.056193352
0.999999344 0.000308101 0.001098894 0.140928835 -0.000309145 0.999999523 0.000950149 -0.213480428 -0.001098601 -0.000950488 0.999998927 7.358929157
0.999998271 0.000511088 0.001793800 0.143924147 -0.000512524 0.999999464 0.000799785 -0.221028090 -0.001793390 -0.000800703 0.999998033 7.671128273
0.999997377 0.000923303 0.002085335 0.149594158 -0.000925236 0.999999166 0.000926289 -0.230760872 -0.002084477 -0.000928216 0.999997377 7.987473488
0.999997377 0.001142379 0.001952160 0.154558972 -0.001144055 0.999998987 0.000857883 -0.239048541 -0.001951178 -0.000860114 0.999997735 8.308992386
0.999996722 0.001173404 0.002243000 0.160872474 -0.001174745 0.999999106 0.000596582 -0.248206109 -0.002242298 -0.000599215 0.999997318 8.632195473
0.999995947 0.001212819 0.002580453 0.164245740 -0.001214817 0.999999106 0.000772949 -0.258638233 -0.002579513 -0.000776081 0.999996305 8.967634201
0.999996305 0.001320622 0.002374394 0.170991644 -0.001322663 0.999998748 0.000858314 -0.268801719 -0.002373257 -0.000861451 0.999996781 9.302867889
0.999997199 0.001273900 0.001996603 0.181282073 -0.001274576 0.999999106 0.000336974 -0.274953783 -0.001996172 -0.000339517 0.999997973 9.650876999
0.999996901 0.001355978 0.002050165 0.188654825 -0.001357075 0.999998868 0.000533732 -0.286006689 -0.002049439 -0.000536512 0.999997735 10.000684738
0.999996781 0.001272028 0.002192888 0.198416993 -0.001273719 0.999998868 0.000770066 -0.299548060 -0.002191906 -0.000772856 0.999997318 10.358252525
0.999997079 0.001346005 0.001992588 0.204264432 -0.001347632 0.999998689 0.000815443 -0.311285645 -0.001991489 -0.000818126 0.999997616 10.719627380
0.999996424 0.001646890 0.002070976 0.215555683 -0.001649020 0.999998093 0.001027257 -0.321766853 -0.002069280 -0.001030669 0.999997318 11.077227592
0.999994040 0.001910099 0.002875487 0.218451858 -0.001911747 0.999998033 0.000570536 -0.329290569 -0.002874391 -0.000576030 0.999995649 11.461752892
0.999994397 0.001577127 0.002955233 0.229027212 -0.001579263 0.999998510 0.000720418 -0.337588221 -0.002954093 -0.000725081 0.999995351 11.842607498
0.999993086 0.001797264 0.003253642 0.237327933 -0.001800361 0.999997854 0.000949357 -0.352808863 -0.003251929 -0.000955208 0.999994278 12.222618103
0.999992609 0.001686850 0.003448328 0.248337388 -0.001688363 0.999998450 0.000435816 -0.361073464 -0.003447587 -0.000441635 0.999993980 12.612504005
0.999994040 0.001609300 0.003090685 0.258613765 -0.001612447 0.999998152 0.001016019 -0.374160230 -0.003089044 -0.001020997 0.999994695 13.002979279
0.999992430 0.002045838 0.003311318 0.266967177 -0.002048495 0.999997675 0.000799259 -0.386837572 -0.003309676 -0.000806036 0.999994218 13.401964188
0.999990761 0.001992587 0.003792430 0.275312483 -0.001993226 0.999997973 0.000164817 -0.393532246 -0.003792094 -0.000172375 0.999992728 13.812119484
0.999989390 0.002733688 0.003685537 0.283095330 -0.002735032 0.999996126 0.000359744 -0.405301064 -0.003684539 -0.000369821 0.999993145 14.229067802
0.999988854 0.002465226 0.004030998 0.293920457 -0.002466443 0.999996841 0.000296870 -0.419428438 -0.004030255 -0.000306808 0.999991834 14.645092964
0.999988139 0.002882013 0.003904905 0.304425597 -0.002883163 0.999995768 0.000288702 -0.432252437 -0.003904056 -0.000299957 0.999992311 15.083633423
0.999987125 0.002954041 0.004126687 0.314358413 -0.002954452 0.999995589 0.000093374 -0.441566348 -0.004126394 -0.000105565 0.999991417 15.524528503
0.999985516 0.003031943 0.004447844 0.325876057 -0.003032418 0.999995410 0.000100059 -0.453751832 -0.004447522 -0.000113545 0.999990106 15.974807739
0.999987423 0.002500378 0.004333668 0.337816685 -0.002500928 0.999996841 0.000121520 -0.463911295 -0.004333352 -0.000132356 0.999990523 16.426197052
0.999984980 0.002751988 0.004744829 0.346214622 -0.002752391 0.999996185 0.000078596 -0.475554138 -0.004744596 -0.000091654 0.999988675 16.882452011
0.999984801 0.002641859 0.004833227 0.358625740 -0.002642906 0.999996483 0.000210259 -0.489071548 -0.004832654 -0.000223029 0.999988317 17.343175888
0.999979019 0.002934508 0.005778984 0.367854416 -0.002936821 0.999995530 0.000391869 -0.502935767 -0.005777808 -0.000408833 0.999983251 17.806365967
0.999976277 0.002853350 0.006270120 0.379230589 -0.002856357 0.999995708 0.000470585 -0.518088877 -0.006268751 -0.000488484 0.999980271 18.276826859
0.999983490 0.002185029 0.005312311 0.402082950 -0.002187375 0.999997437 0.000436020 -0.523002148 -0.005311344 -0.000447633 0.999985814 18.760181427
0.999982893 0.001825050 0.005556268 0.413020760 -0.001829247 0.999998033 0.000750321 -0.534623802 -0.005554887 -0.000760472 0.999984324 19.238798141
0.999981165 0.002451287 0.005620890 0.429946095 -0.002450505 0.999996960 -0.000145906 -0.545369864 -0.005621231 0.000132129 0.999984205 19.714004517
0.999980569 0.002936804 0.005500388 0.437507093 -0.002939522 0.999995589 0.000486276 -0.561549544 -0.005498936 -0.000502435 0.999984682 20.209323883
0.999978662 0.002877885 0.005852926 0.449677289 -0.002879743 0.999995828 0.000309181 -0.574281871 -0.005852011 -0.000326029 0.999982834 20.700498581
0.999978900 0.002990455 0.005766581 0.466265857 -0.002993254 0.999995410 0.000476786 -0.589212954 -0.005765128 -0.000494037 0.999983191 21.192750931
0.999980330 0.002842669 0.005581628 0.475463778 -0.002846123 0.999995768 0.000611003 -0.601256609 -0.005579867 -0.000626877 0.999984264 21.692596436
0.999983847 0.002711832 0.005022031 0.490186632 -0.002716256 0.999995887 0.000874185 -0.621118784 -0.005019640 -0.000887812 0.999986947 22.194786072
0.999986053 0.002966180 0.004369142 0.503512263 -0.002967326 0.999995589 0.000256042 -0.629392207 -0.004368364 -0.000269003 0.999990404 22.700504303
0.999989033 0.003059619 0.003547367 0.518221974 -0.003062062 0.999995053 0.000683275 -0.650893509 -0.003545259 -0.000694130 0.999993503 23.214111328
0.999989390 0.003034402 0.003466779 0.526563346 -0.003034499 0.999995410 0.000022559 -0.662359893 -0.003466695 -0.000033078 0.999993980 23.734571457
0.999993324 0.002282469 0.002844181 0.535094500 -0.002282744 0.999997377 0.000093422 -0.681102455 -0.002843960 -0.000099914 0.999995887 24.261714935
0.999989152 0.003558153 0.002985162 0.539905787 -0.003559232 0.999993563 0.000356115 -0.694377005 -0.002983876 -0.000366736 0.999995470 24.796609879
0.999989390 0.003645913 0.002818193 0.547886908 -0.003647825 0.999993145 0.000673455 -0.715143979 -0.002815718 -0.000683728 0.999995828 25.319551468
0.999989688 0.003828299 0.002429906 0.556024671 -0.003828357 0.999992669 0.000019428 -0.721885026 -0.002429814 -0.000028731 0.999996960 25.876728058
0.999989212 0.004260156 0.001834639 0.565764666 -0.004260442 0.999990940 0.000152152 -0.735879540 -0.001833974 -0.000159967 0.999998271 26.424776077
0.999989033 0.004123286 0.002182240 0.571494758 -0.004123971 0.999991477 0.000309521 -0.740287006 -0.002180945 -0.000318518 0.999997556 27.000644684
0.999987602 0.003981465 0.002989189 0.576476276 -0.003981739 0.999992073 0.000085818 -0.754430711 -0.002988823 -0.000097720 0.999995530 27.547187805
0.999986291 0.004694707 0.002283455 0.596315444 -0.004693688 0.999988794 -0.000451298 -0.773473680 -0.002285548 0.000440574 0.999997318 28.091436386
0.999985874 0.005027867 0.001711687 0.605634570 -0.005027843 0.999987304 -0.000018628 -0.793211460 -0.001711760 0.000010021 0.999998510 28.638210297
0.999985993 0.005106322 0.001402869 0.615564287 -0.005106343 0.999986947 0.000011448 -0.809585929 -0.001402793 -0.000018612 0.999998987 29.182073593
0.999987721 0.004882133 0.000861414 0.625639439 -0.004882024 0.999988019 -0.000128016 -0.824051261 -0.000862029 0.000123809 0.999999642 29.723264694
0.999984801 0.005467588 0.000737116 0.629967690 -0.005467537 0.999985039 -0.000070990 -0.838550150 -0.000737493 0.000066958 0.999999702 30.266431808
0.999984980 0.005415203 0.000866265 0.645470679 -0.005414981 0.999985278 -0.000258555 -0.858446836 -0.000867652 0.000253860 0.999999523 30.806142807
0.999982655 0.005859537 0.000592813 0.657131910 -0.005859280 0.999982655 -0.000434180 -0.868072689 -0.000595347 0.000430699 0.999999642 31.360862732
0.999980867 0.006184977 0.000209949 0.663095295 -0.006185038 0.999980807 0.000292884 -0.886261940 -0.000208134 -0.000294177 0.999999940 31.910507202
0.999984562 0.005534551 0.000307715 0.673776984 -0.005534439 0.999984622 -0.000365694 -0.901100338 -0.000309734 0.000363986 0.999999881 32.454456329
0.999983191 0.005795205 0.000070869 0.679894924 -0.005795246 0.999983013 0.000615127 -0.921426177 -0.000067303 -0.000615527 0.999999762 32.993244171
0.999983668 0.005699355 0.000293713 0.684140682 -0.005699335 0.999983728 -0.000067719 -0.930576324 -0.000294094 0.000066044 0.999999940 33.550910950
0.999982595 0.005885005 -0.000040980 0.693816602 -0.005885037 0.999982357 -0.000790269 -0.941546381 0.000036329 0.000790497 0.999999702 34.096096039
0.999981105 0.006133404 0.000446027 0.697064102 -0.006133270 0.999981165 -0.000298681 -0.959626973 -0.000447850 0.000295940 0.999999881 34.638851166
0.999984026 0.005626041 -0.000589248 0.718682706 -0.005626448 0.999983907 -0.000689855 -0.971974492 0.000585358 0.000693159 0.999999523 35.194194794
0.999981523 0.006069735 -0.000258812 0.728701949 -0.006069795 0.999981523 -0.000229546 -0.992094994 0.000257414 0.000231112 0.999999940 35.737964630
0.999981105 0.006142357 0.000214178 0.733133554 -0.006142349 0.999981046 -0.000040448 -1.011000276 -0.000214422 0.000039131 1.000000000 36.291057587
0.999979794 0.006356506 0.000234772 0.740225017 -0.006356521 0.999979794 0.000069847 -1.024371147 -0.000234323 -0.000071338 0.999999940 36.841701508
0.999983251 0.005785089 0.000285138 0.752269745 -0.005785103 0.999983251 0.000050513 -1.038752675 -0.000284841 -0.000052162 0.999999940 37.376670837
0.999980748 0.006192503 -0.000449670 0.765264690 -0.006193041 0.999980092 -0.001205000 -1.044889450 0.000442199 0.001207761 0.999999166 37.927856445
0.999981344 0.006073858 -0.000629719 0.778022885 -0.006074383 0.999981225 -0.000833301 -1.064309597 0.000624646 0.000837111 0.999999404 38.471271515
0.999980807 0.006212950 -0.000094368 0.783906281 -0.006213046 0.999980092 -0.001038949 -1.079646230 0.000087911 0.001039515 0.999999464 39.019977570
0.999982834 0.005845597 -0.000406229 0.798765004 -0.005845797 0.999982774 -0.000494183 -1.101567507 0.000403333 0.000496550 0.999999762 39.565830231
0.999980450 0.006239504 -0.000366699 0.810967445 -0.006239703 0.999980390 -0.000545070 -1.119107008 0.000363291 0.000547348 0.999999702 40.107074738
0.999979854 0.006342390 0.000175935 0.814185381 -0.006342285 0.999979675 -0.000591767 -1.135487914 -0.000179684 0.000590640 0.999999821 40.652496338
0.999982119 0.005948409 -0.000556894 0.828784764 -0.005949180 0.999981344 -0.001392641 -1.144104481 0.000548600 0.001395929 0.999998868 41.201236725
0.999983847 0.005488278 -0.001495039 0.845046103 -0.005489498 0.999984562 -0.000812870 -1.160664678 0.001490555 0.000821064 0.999998569 41.753562927
0.999979854 0.005925606 -0.002240302 0.856299520 -0.005927220 0.999982178 -0.000713809 -1.177495837 0.002236033 0.000727073 0.999997258 42.306636810
0.999975860 0.005968789 -0.003559821 0.872850060 -0.005972376 0.999981642 -0.000997452 -1.190034628 0.003553802 0.001018689 0.999993086 42.853664398
0.999978483 0.005378991 -0.003747443 0.882854223 -0.005382050 0.999985218 -0.000806653 -1.204144835 0.003743049 0.000826804 0.999992609 43.407352448
0.999979198 0.005043419 -0.004026665 0.897626877 -0.005045587 0.999987125 -0.000528583 -1.224170566 0.004023946 0.000548889 0.999991775 43.942378998
0.999981999 0.004773976 -0.003642201 0.904197276 -0.004773963 0.999988616 0.000011867 -1.242539883 0.003642216 0.000005521 0.999993384 44.473922729
0.999978840 0.004675012 -0.004523376 0.918883860 -0.004677506 0.999988914 -0.000541053 -1.258338809 0.004520796 0.000562200 0.999989629 45.027988434
0.999981642 0.004425699 -0.004138554 0.927931070 -0.004429614 0.999989748 -0.000937288 -1.271702886 0.004134365 0.000955603 0.999990940 45.584964752
0.999982715 0.004623867 -0.003608423 0.935608923 -0.004628378 0.999988437 -0.001242461 -1.281222820 0.003602636 0.001259141 0.999992669 46.135108948
0.999982357 0.004951851 -0.003275507 0.938557446 -0.004954672 0.999987364 -0.000853900 -1.300167918 0.003271237 0.000870114 0.999994218 46.672355652
0.999979079 0.005922245 -0.002590593 0.942161500 -0.005927208 0.999980628 -0.001912286 -1.308946013 0.002579217 0.001927601 0.999994814 47.224117279
0.999982417 0.005178220 -0.002865173 0.951549053 -0.005180918 0.999986053 -0.000934935 -1.329430580 0.002860292 0.000949763 0.999995470 47.775749207
0.999982476 0.005081341 -0.003018354 0.963553905 -0.005082081 0.999987066 -0.000237290 -1.352598906 0.003017110 0.000252626 0.999995410 48.310234070
0.999982297 0.005297858 -0.002711974 0.973366261 -0.005300202 0.999985516 -0.000858030 -1.359925866 0.002707390 0.000872389 0.999995887 48.866722107
0.999983549 0.005277877 -0.002238440 0.982990384 -0.005279715 0.999985754 -0.000815774 -1.378650308 0.002234103 0.000827579 0.999997139 49.406307220
0.999984205 0.005274285 -0.001921304 0.992114365 -0.005275584 0.999985874 -0.000671618 -1.395292282 0.001917735 0.000681744 0.999997914 49.946479797
0.999984801 0.005371679 -0.001176478 0.996751308 -0.005372301 0.999985456 -0.000526898 -1.410169125 0.001173631 0.000533210 0.999999166 50.491638184
0.999980092 0.006306939 -0.000032802 0.995451272 -0.006306955 0.999979973 -0.000510079 -1.426825881 0.000029585 0.000510275 0.999999821 51.024196625
0.999977350 0.006646261 0.000996653 1.002843738 -0.006645687 0.999977767 -0.000577807 -1.446006417 -0.001000471 0.000571171 0.999999344 51.566082001
0.999975741 0.006891173 0.001034144 1.016385436 -0.006890173 0.999975741 -0.000967428 -1.461265683 -0.001040786 0.000960279 0.999998927 52.113819122
0.999974489 0.006896575 0.001868630 1.026591659 -0.006894258 0.999975443 -0.001243384 -1.474825382 -0.001877159 0.001230469 0.999997497 52.672122955
0.999972284 0.007384534 0.000908684 1.039202332 -0.007383741 0.999972343 -0.000874910 -1.493443727 -0.000915119 0.000868176 0.999999166 53.202945709
0.999971688 0.007340540 0.001636477 1.042692423 -0.007338088 0.999971926 -0.001498614 -1.507116556 -0.001647432 0.001486564 0.999997497 53.753196716
0.999972224 0.007266145 0.001665209 1.056417465 -0.007263055 0.999971926 -0.001853019 -1.521791220 -0.001678627 0.001840873 0.999996901 54.299823761
0.999967515 0.007582759 0.002734705 1.059025645 -0.007576838 0.999968946 -0.002170258 -1.535610199 -0.002751076 0.002149467 0.999993861 54.847583771
0.999967754 0.007596637 0.002574351 1.075246930 -0.007592942 0.999970078 -0.001442049 -1.556175590 -0.002585229 0.001422456 0.999995649 55.404827118
0.999970734 0.007235203 0.002484025 1.086781740 -0.007231794 0.999972820 -0.001378423 -1.574263215 -0.002493931 0.001360419 0.999995947 55.950450897
0.999970734 0.007177740 0.002657809 1.093759298 -0.007172727 0.999972403 -0.001891373 -1.584298253 -0.002671312 0.001872254 0.999994695 56.501613617
0.999969125 0.007502671 0.002330469 1.110288143 -0.007498128 0.999969900 -0.001952540 -1.601349950 -0.002345048 0.001935006 0.999995291 57.052463531
0.999962986 0.008029215 0.003094843 1.117975235 -0.008023037 0.999965727 -0.002003150 -1.613506794 -0.003110821 0.001978246 0.999993205 57.606948853
0.999962687 0.007873730 0.003559946 1.129831195 -0.007864308 0.999965549 -0.002652858 -1.626758099 -0.003580712 0.002624762 0.999990165 58.160968781
0.999967456 0.007489997 0.003002063 1.146593451 -0.007480496 0.999967039 -0.003163593 -1.637418032 -0.003025660 0.003141034 0.999990404 58.719055176
0.999965727 0.007640738 0.003169397 1.153159380 -0.007631433 0.999966562 -0.002937743 -1.651294827 -0.003191737 0.002913455 0.999990642 59.267242432
0.999969900 0.007060495 0.003224014 1.167881012 -0.007049960 0.999969780 -0.003267985 -1.669600010 -0.003246990 0.003245157 0.999989450 59.816196442
0.999966383 0.007238365 0.003854931 1.179553151 -0.007225656 0.999968410 -0.003300453 -1.682285428 -0.003878699 0.003272487 0.999987125 60.370784760
0.999968767 0.006908128 0.003836347 1.193078041 -0.006894687 0.999970078 -0.003505811 -1.697104931 -0.003860450 0.003479251 0.999986470 60.916301727
0.999970078 0.006512066 0.004180141 1.213596344 -0.006496717 0.999972165 -0.003675242 -1.714575887 -0.004203958 0.003647975 0.999984443 61.466068268
0.999970436 0.006851500 0.003476667 1.232836485 -0.006840847 0.999971926 -0.003067006 -1.734062552 -0.003497582 0.003043133 0.999989271 62.016532898
0.999971509 0.006828808 0.003191110 1.238309503 -0.006816782 0.999969661 -0.003764036 -1.747969508 -0.003216718 0.003742176 0.999987841 62.557250977
0.999962687 0.007848675 0.003643957 1.248795509 -0.007836004 0.999963224 -0.003478881 -1.769070625 -0.003671129 0.003450196 0.999987304 63.098159790
0.999968410 0.007181033 0.003412591 1.261930823 -0.007169461 0.999968648 -0.003391666 -1.784515500 -0.003436839 0.003367092 0.999988437 63.649215698
0.999964058 0.007706321 0.003537490 1.270227909 -0.007694202 0.999964535 -0.003427310 -1.803856969 -0.003563777 0.003399969 0.999987781 64.199546814
0.999969661 0.007030483 0.003354853 1.288034916 -0.007019657 0.999970078 -0.003228255 -1.824101210 -0.003377449 0.003204607 0.999989152 64.736030579
0.999968588 0.007242274 0.003213727 1.302025795 -0.007232379 0.999969125 -0.003080049 -1.839655519 -0.003235935 0.003056710 0.999990106 65.270271301
0.999970257 0.007205590 0.002752950 1.320153475 -0.007196584 0.999968767 -0.003266683 -1.856954336 -0.002776403 0.003246774 0.999990880 65.817916870
0.999962151 0.007964660 0.003500188 1.322889447 -0.007950530 0.999960244 -0.004032392 -1.867772341 -0.003532166 0.004004411 0.999985754 66.367767334
0.999955177 0.008623129 0.003914800 1.331180215 -0.008607405 0.999954820 -0.004015816 -1.883078456 -0.003949253 0.003981940 0.999984205 66.927864075
0.999961138 0.007813468 0.004073035 1.349300146 -0.007796389 0.999960780 -0.004192335 -1.901671767 -0.004105631 0.004160418 0.999982893 67.469764709
0.999960423 0.007919592 0.004034730 1.359651327 -0.007906399 0.999963403 -0.003275219 -1.925876975 -0.004060520 0.003243189 0.999986470 68.014533997
0.999962091 0.007853846 0.003742812 1.374964237 -0.007843335 0.999965250 -0.002815352 -1.951700330 -0.003764794 0.002785889 0.999989033 68.555259705
0.999952853 0.008984664 0.003672771 1.380187988 -0.008973137 0.999954760 -0.003143189 -1.965878606 -0.003700846 0.003110084 0.999988317 69.110916138
0.999959230 0.008323700 0.003509003 1.397014618 -0.008312041 0.999959946 -0.003324317 -1.977257371 -0.003536532 0.003295014 0.999988317 69.663230896
0.999948621 0.009064732 0.004538078 1.399929047 -0.009051025 0.999954581 -0.003032193 -1.997766852 -0.004565358 0.002990963 0.999985039 70.203186035
0.999955058 0.008689637 0.003776003 1.418989897 -0.008676263 0.999956071 -0.003543901 -2.006217957 -0.003806633 0.003510981 0.999986589 70.757850647
0.999955595 0.008601606 0.003851732 1.431294203 -0.008586363 0.999955237 -0.003956847 -2.024045467 -0.003885596 0.003923599 0.999984741 71.289520264
0.999953330 0.008862603 0.003839210 1.445052266 -0.008848097 0.999953628 -0.003779413 -2.044742823 -0.003872528 0.003745267 0.999985516 71.832168579
0.999948978 0.009203757 0.004162486 1.452114582 -0.009187484 0.999950111 -0.003911424 -2.060755253 -0.004198278 0.003872982 0.999983609 72.374618530
0.999952197 0.009000464 0.003798533 1.472219586 -0.008987071 0.999953389 -0.003528619 -2.082980394 -0.003830115 0.003494313 0.999986589 72.921798706
0.999954939 0.008751094 0.003682067 1.488870859 -0.008737507 0.999954998 -0.003690167 -2.099377632 -0.003714195 0.003657829 0.999986351 73.474929810
0.999964416 0.007462585 0.003941109 1.502450228 -0.007445245 0.999962628 -0.004396316 -2.106519938 -0.003973770 0.004366815 0.999982595 74.033721924
0.999959767 0.008304326 0.003429847 1.520526052 -0.008289069 0.999955714 -0.004439262 -2.123801231 -0.003466560 0.004410652 0.999984264 74.578842163
0.999963999 0.008069671 0.002600224 1.541816592 -0.008058461 0.999958277 -0.004292948 -2.142817020 -0.002634759 0.004271839 0.999987423 75.104621887
0.999968827 0.007498378 0.002480085 1.553934813 -0.007486784 0.999961078 -0.004651899 -2.158542395 -0.002514870 0.004633185 0.999986053 75.655014038
0.999972999 0.007073779 0.001993874 1.570953608 -0.007063443 0.999961793 -0.005143339 -2.174447536 -0.002030181 0.005129117 0.999984741 76.190559387
0.999967158 0.007811836 0.002209836 1.579834104 -0.007800497 0.999956608 -0.005094727 -2.190880060 -0.002249540 0.005077321 0.999984562 76.740180969
0.999969304 0.007554245 0.002087371 1.595196724 -0.007543707 0.999958992 -0.005010629 -2.212865353 -0.002125137 0.004994730 0.999985278 77.291946411
0.999971986 0.007163303 0.002168360 1.606756687 -0.007152243 0.999961615 -0.005066957 -2.229760885 -0.002204573 0.005051307 0.999984801 77.840965271
0.999972224 0.007180303 0.001996896 1.615444660 -0.007170549 0.999962509 -0.004850651 -2.250099897 -0.002031650 0.004836197 0.999986172 78.382934570
0.999973178 0.006986133 0.002198404 1.625170827 -0.006975022 0.999963045 -0.005021024 -2.266905308 -0.002233401 0.005005555 0.999984980 78.936653137
0.999973297 0.006953735 0.002241644 1.640784144 -0.006943395 0.999965370 -0.004588933 -2.287018299 -0.002273477 0.004573246 0.999986947 79.491348267
0.999974251 0.006881515 0.002041058 1.652209520 -0.006871684 0.999964893 -0.004784843 -2.303044319 -0.002073913 0.004770694 0.999986470 80.046165466
0.999976873 0.006448241 0.002162821 1.665032268 -0.006436911 0.999965727 -0.005205449 -2.320569515 -0.002196313 0.005191407 0.999984086 80.589416504
0.999971330 0.006808416 0.003304152 1.678813696 -0.006792278 0.999965012 -0.004870914 -2.338972569 -0.003337200 0.004848333 0.999982595 81.134773254
0.999968469 0.006537719 0.004502777 1.694805145 -0.006514999 0.999966204 -0.005041599 -2.357764244 -0.004535585 0.005012105 0.999977171 81.683319092
0.999963164 0.006566475 0.005525877 1.707562923 -0.006536102 0.999963462 -0.005497255 -2.371142149 -0.005561773 0.005460935 0.999969602 82.228546143
0.999953568 0.006470248 0.007161896 1.720142126 -0.006428439 0.999962270 -0.005845434 -2.384084940 -0.007199448 0.005799121 0.999957263 82.800575256
0.999922752 0.006611015 0.010517665 1.741703749 -0.006554229 0.999963939 -0.005424227 -2.411849260 -0.010553143 0.005354873 0.999929965 83.339797974
0.999883235 0.006188198 0.013974250 1.772128820 -0.006111606 0.999966085 -0.005516886 -2.430203438 -0.014007918 0.005430838 0.999887109 83.883018494
0.999830544 0.006336465 0.017283706 1.788526654 -0.006239702 0.999964595 -0.005646734 -2.450789690 -0.017318880 0.005537932 0.999834597 84.420547485
0.999731898 0.006792984 0.022136966 1.813792706 -0.006675537 0.999963403 -0.005374955 -2.471027613 -0.022172667 0.005225738 0.999740422 84.965568542
0.999580383 0.006425117 0.028244833 1.848556876 -0.006283066 0.999967158 -0.005115131 -2.492365360 -0.028276771 0.004935519 0.999587953 85.518188477
0.999378085 0.006657927 0.034626093 1.876345158 -0.006472942 0.999964178 -0.005451722 -2.513727665 -0.034661151 0.005224199 0.999385417 86.068603516
0.999175906 0.006502771 0.040068030 1.916204214 -0.006298369 0.999966443 -0.005225568 -2.534740925 -0.040100671 0.004968897 0.999183297 86.615287781
0.998816550 0.006402379 0.048213121 1.957508564 -0.006132759 0.999964714 -0.005738102 -2.545676470 -0.048248164 0.005435632 0.998820543 87.186225891
0.998285174 0.006961852 0.058122143 2.002606153 -0.006656982 0.999962986 -0.005437316 -2.565010548 -0.058157858 0.005041074 0.998294652 87.760612488
0.997906566 0.006438164 0.064351045 2.053519487 -0.006118679 0.999967992 -0.005160559 -2.586258650 -0.064382210 0.004756013 0.997913957 88.302322388
0.997238517 0.006559207 0.073974341 2.108469009 -0.006192853 0.999967396 -0.005180740 -2.601439714 -0.074005894 0.004708321 0.997246802 88.856643677
0.996450424 0.006159177 0.083956361 2.175007820 -0.005720291 0.999968708 -0.005467101 -2.620469332 -0.083987422 0.004967442 0.996454418 89.384376526
0.995702088 0.005958083 0.092421874 2.241240025 -0.005435165 0.999967754 -0.005908608 -2.635329247 -0.092454098 0.005380887 0.995702386 89.929656982
0.994897187 0.005746147 0.100729533 2.307221889 -0.005154463 0.999967933 -0.006133267 -2.653314590 -0.100761540 0.005582764 0.994894922 90.472846985
0.993719518 0.005726750 0.111753009 2.386002064 -0.005057260 0.999967456 -0.006273346 -2.668816805 -0.111785322 0.005668781 0.993716240 91.013900757
0.992429793 0.005793544 0.122676425 2.465031624 -0.005038192 0.999966383 -0.006466584 -2.684507370 -0.122709773 0.005799563 0.992425621 91.555328369
0.991261661 0.005135599 0.131809846 2.556971550 -0.004266608 0.999967217 -0.006874349 -2.701778889 -0.131840870 0.006251899 0.991251111 92.104682922
0.989691079 0.005996964 0.143092677 2.649963379 -0.005137180 0.999966383 -0.006377279 -2.718956709 -0.143126145 0.005576444 0.989688754 92.650672913
0.987859309 0.005303488 0.155260220 2.758843422 -0.004295314 0.999967396 -0.006828207 -2.736771584 -0.155291378 0.006078416 0.987850010 93.203437805
0.986063719 0.004663077 0.166302219 2.868510246 -0.003612027 0.999971569 -0.006622017 -2.759376287 -0.166328356 0.005929043 0.986052573 93.746429443
0.984246492 0.004354450 0.176747933 2.986387253 -0.003134182 0.999969304 -0.007182592 -2.771038532 -0.176773801 0.006515480 0.984229863 94.288429260
0.981851161 0.004306708 0.189604089 3.111686707 -0.003068079 0.999971986 -0.006825747 -2.791564703 -0.189628214 0.006120149 0.981836915 94.823127747
0.979416668 0.004236162 0.201804474 3.241454124 -0.002922443 0.999972522 -0.006807367 -2.810769796 -0.201827765 0.006077486 0.979402184 95.351890564
0.977219939 0.003833052 0.212194547 3.377855301 -0.002429271 0.999973416 -0.006875850 -2.831630707 -0.212215260 0.006203739 0.977203250 95.872894287
0.974233091 0.003771296 0.225512043 3.524211884 -0.002279215 0.999973714 -0.006876399 -2.851371765 -0.225532055 0.006185226 0.974216104 96.412551880
0.970983744 0.003771736 0.239115655 3.676326752 -0.002164358 0.999973178 -0.006984395 -2.865063429 -0.239135638 0.006264202 0.970965981 96.946189880
0.968213797 0.003445145 0.250100046 3.825754166 -0.001817200 0.999975622 -0.006739791 -2.891353607 -0.250117183 0.006071078 0.968196452 97.450599670
0.965111732 0.002582140 0.261825621 3.990999222 -0.000672976 0.999972463 -0.007381139 -2.901352644 -0.261837542 0.006947421 0.965086937 97.962280273
0.961257637 0.003368924 0.275630981 4.168195724 -0.001485967 0.999974132 -0.007039990 -2.923776150 -0.275647610 0.006357665 0.961237669 98.488838196
0.957438052 0.003656794 0.288615912 4.333639145 -0.001602015 0.999971688 -0.007355311 -2.945373774 -0.288634628 0.006579887 0.957416713 98.999740601
0.954077303 0.002779888 0.299547642 4.523628235 -0.000809628 0.999977231 -0.006701362 -2.962753773 -0.299559474 0.006151095 0.954057753 99.464447021
0.949819803 0.002323224 0.312788963 4.717214584 -0.000186655 0.999976456 -0.006860474 -2.979654551 -0.312797606 0.006457830 0.949797869 99.982749939
0.945255518 0.002128306 0.326324135 4.923109055 0.000077551 0.999977171 -0.006746550 -3.001304388 -0.326331079 0.006402520 0.945233881 100.495193481
0.941173911 0.001382028 0.337920129 5.123409271 0.001027523 0.999975324 -0.006951559 -3.015231133 -0.337921411 0.006889846 0.941149116 100.988265991
0.936363041 0.002070106 0.351026952 5.340164185 0.000661364 0.999970436 -0.007661297 -3.026115656 -0.351032466 0.007405911 0.936334014 101.525665283
0.930942059 0.001410008 0.365164191 5.571725845 0.001297659 0.999973476 -0.007169420 -3.055250168 -0.365164667 0.007148173 0.930915534 102.025505066
0.926390827 0.000840588 0.376562417 5.798908234 0.002089515 0.999970615 -0.007372674 -3.072260141 -0.376557469 0.007616810 0.926361918 102.520202637
0.921569705 0.000002879 0.388212889 6.031448364 0.003171825 0.999966562 -0.007536940 -3.091074467 -0.388199925 0.008177159 0.921538889 103.020088196
0.915666819 -0.000245038 0.401938111 6.278129578 0.003545870 0.999965787 -0.007468330 -3.107263803 -0.401922494 0.008263721 0.915636361 103.502014160
0.909851313 -0.000358622 0.414934307 6.528900146 0.003847719 0.999963939 -0.007572872 -3.123548269 -0.414916605 0.008486737 0.909819841 103.990715027
0.904775739 -0.001483479 0.425885797 6.776588440 0.005059874 0.999960721 -0.007266337 -3.146437645 -0.425858289 0.008729333 0.904747665 104.463462830
0.898637176 -0.002100581 0.438687623 7.042678833 0.005906220 0.999955773 -0.007310578 -3.167364597 -0.438652873 0.009160543 0.898609757 104.936294556
0.892040253 -0.002582905 0.451948613 7.316146851 0.006385069 0.999955833 -0.006887835 -3.196528435 -0.451910883 0.009029950 0.892017365 105.386955261
0.885951102 -0.003210760 0.463767737 7.587570190 0.007212979 0.999950469 -0.006856329 -3.213581562 -0.463722795 0.009419519 0.885930300 105.859161377
0.880232751 -0.003509578 0.474529296 7.862827301 0.007653660 0.999947608 -0.006801704 -3.229249954 -0.474480510 0.009618968 0.880213499 106.329269409
0.872907043 -0.003629342 0.487873107 8.153129578 0.007825614 0.999947786 -0.006562938 -3.255814791 -0.487823844 0.009546741 0.872889876 106.807373047
0.865938008 -0.004221720 0.500133693 8.453044891 0.008852668 0.999937117 -0.006886972 -3.271131516 -0.500073135 0.010391207 0.865920842 107.271087646
