1.000000000 0.000000000 0.000000000 0.000000000 0.000000000 1.000000000 0.000000000 0.000000000 0.000000000 0.000000000 1.000000000 0.000000000
1.000000000 0.000109613 0.000099707 -0.000913322 -0.000109623 1.000000000 0.000102787 -0.000060671 -0.000099696 -0.000102798 1.000000000 0.000351323
1.000000000 0.000079774 0.000137777 -0.001637760 -0.000079773 1.000000000 -0.000008237 0.000366867 -0.000137778 0.000008226 1.000000000 0.000225755
1.000000000 0.000048452 0.000042957 -0.000686380 -0.000048454 1.000000000 0.000050785 -0.000738368 -0.000042954 -0.000050787 1.000000000 -0.000728521
1.000000000 0.000115625 0.000171020 -0.002029246 -0.000115638 1.000000000 0.000072604 -0.000504690 -0.000171011 -0.000072624 1.000000000 -0.000695905
1.000000000 -0.000112848 -0.000009145 0.000081764 0.000112848 1.000000000 -0.000035861 0.000403487 0.000009149 0.000035860 1.000000000 -0.000266005
1.000000000 0.000083957 0.000129392 -0.001896507 -0.000083964 1.000000000 0.000055428 -0.000312707 -0.000129387 -0.000055439 1.000000000 -0.000368270
1.000000000 0.000075736 0.000091188 -0.001606972 -0.000075732 1.000000000 -0.000042213 -0.000030253 -0.000091191 0.000042206 1.000000000 -0.000651476
1.000000000 0.000102133 0.000157594 -0.001456228 -0.000102134 1.000000000 0.000003517 -0.000800698 -0.000157594 -0.000003534 1.000000000 -0.000724072
1.000000000 0.000148337 0.000149074 -0.001943165 -0.000148354 1.000000000 0.000111875 -0.000655037 -0.000149057 -0.000111897 1.000000000 0.000567888
1.000000000 0.000113337 0.000149693 -0.001572623 -0.000113347 1.000000000 0.000061976 -0.000423423 -0.000149686 -0.000061993 1.000000000 0.000071979
1.000000000 0.000159706 0.000184375 -0.001889311 -0.000159711 1.000000000 0.000022650 -0.000999890 -0.000184371 -0.000022679 1.000000000 -0.001103130
1.000000000 0.000095678 0.000151894 -0.001158423 -0.000095683 1.000000000 0.000031635 0.000338079 -0.000151891 -0.000031650 1.000000000 0.000237096
1.000000000 0.000180946 0.000139921 -0.001789024 -0.000180931 1.000000000 -0.000106552 0.000923306 -0.000139940 0.000106527 1.000000000 0.000619543
1.000000000 0.000127468 0.000117999 -0.001612222 -0.000127472 1.000000000 0.000034670 -0.000086416 -0.000117995 -0.000034685 1.000000000 -0.000067781
0.999999940 0.000279997 0.000184919 -0.002196783 -0.000279983 0.999999940 -0.000071378 0.001533314 -0.000184939 0.000071327 1.000000000 0.001337498
0.999999881 0.000381981 0.000213823 -0.002801954 -0.000381969 0.999999940 -0.000053825 0.001099608 -0.000213844 0.000053743 1.000000000 0.001781136
0.999999940 0.000294260 0.000259033 -0.002546901 -0.000294252 0.999999940 -0.000031389 0.001482559 -0.000259042 0.000031313 0.999999940 0.002113839
0.999999940 0.000233552 0.000285217 -0.002634255 -0.000233528 0.999999940 -0.000084431 0.000561667 -0.000285237 0.000084364 0.999999940 0.000746898
0.999999940 0.000222673 0.000205977 -0.002500905 -0.000222685 1.000000000 0.000056551 -0.000052287 -0.000205964 -0.000056596 1.000000000 0.001570168
0.999999940 0.000321062 0.000170544 -0.001989821 -0.000321055 0.999999940 -0.000038771 0.001338157 -0.000170556 0.000038716 1.000000000 0.001538805
0.999999940 0.000278809 0.000187596 -0.002427708 -0.000278805 0.999999940 -0.000024441 0.000563277 -0.000187603 0.000024389 1.000000000 0.001775116
1.000000000 0.000173448 0.000167725 -0.002301155 -0.000173457 1.000000000 0.000054407 0.000169236 -0.000167715 -0.000054436 1.000000000 0.000862888
0.999999881 0.000443094 0.000197433 -0.002584022 -0.000443093 0.999999881 -0.000007467 0.001574609 -0.000197436 0.000007380 1.000000000 0.003073396
0.999999881 0.000367729 0.000250473 -0.002121256 -0.000367733 0.999999940 0.000017520 0.001354135 -0.000250466 -0.000017613 0.999999940 0.001738455
0.999999940 0.000263105 0.000214300 -0.001506545 -0.000263094 0.999999940 -0.000052001 0.002253793 -0.000214314 0.000051945 1.000000000 0.003166633
0.999999881 0.000378187 0.000247708 -0.002413941 -0.000378195 0.999999940 0.000028688 0.001441621 -0.000247697 -0.000028782 0.999999940 0.002402129
0.999999940 0.000376071 0.000130698 -0.002278293 -0.000376056 0.999999940 -0.000119540 0.002075592 -0.000130743 0.000119491 1.000000000 0.001044876
0.999999940 0.000337253 0.000134592 -0.001925688 -0.000337242 0.999999940 -0.000083831 0.001637171 -0.000134620 0.000083786 1.000000000 0.000960887
0.999999881 0.000381005 0.000271736 -0.002506079 -0.000380999 0.999999940 -0.000022841 0.000425023 -0.000271745 0.000022738 0.999999940 0.001118546
0.999999940 0.000232494 0.000296450 -0.002996558 -0.000232507 1.000000000 0.000041990 0.000208599 -0.000296440 -0.000042059 0.999999940 0.001828114
0.999999940 0.000347803 0.000196696 -0.002044542 -0.000347790 0.999999940 -0.000065334 0.001697800 -0.000196719 0.000065266 1.000000000 0.002477058
0.999999881 0.000450726 0.000249794 -0.002217708 -0.000450727 0.999999881 0.000005821 0.000177134 -0.000249791 -0.000005934 0.999999940 0.000022171
0.999999881 0.000424620 0.000306718 -0.003215433 -0.000424621 0.999999881 0.000002819 0.000826196 -0.000306717 -0.000002949 0.999999940 0.002357940
0.999999881 0.000406129 0.000250388 -0.001865183 -0.000406110 0.999999940 -0.000075119 0.000394459 -0.000250419 0.000075017 0.999999940 0.001027075
0.999999881 0.000381861 0.000225297 -0.003415866 -0.000381861 0.999999940 0.000000957 0.000886049 -0.000225296 -0.000001043 1.000000000 0.000821861
0.999999881 0.000437242 0.000216642 -0.002788549 -0.000437223 0.999999881 -0.000090431 0.002355461 -0.000216681 0.000090336 1.000000000 0.001351148
0.999999821 0.000468277 0.000315600 -0.003451394 -0.000468278 0.999999881 0.000001824 0.001063843 -0.000315599 -0.000001972 0.999999940 0.001967028
0.999999881 0.000422916 0.000193497 -0.001178937 -0.000422919 0.999999881 0.000017473 0.000893622 -0.000193489 -0.000017555 1.000000000 -0.000032740
0.999999940 0.000256527 0.000188231 -0.001514420 -0.000256513 0.999999940 -0.000071352 0.000258038 -0.000188250 0.000071304 1.000000000 0.000206941
0.999999821 0.000377640 0.000246730 -0.000806466 -0.000377509 0.999999702 -0.000529910 -0.002549533 -0.000246930 0.000529817 0.999999821 0.049732734
0.999999940 0.000269446 0.000226037 0.000679124 -0.000269199 0.999999344 -0.001091395 -0.004402766 -0.000226331 0.001091334 0.999999404 0.140491888
0.999999583 0.000401878 0.000766346 -0.002057035 -0.000401142 0.999999404 -0.000959445 -0.011131782 -0.000766731 0.000959137 0.999999225 0.244122416
0.999999523 0.000483260 0.000842618 0.000732900 -0.000482475 0.999999404 -0.000931045 -0.014084587 -0.000843068 0.000930638 0.999999166 0.376122773
0.999999583 0.000521237 0.000706363 0.002996024 -0.000520746 0.999999523 -0.000695130 -0.017635046 -0.000706725 0.000694762 0.999999464 0.520519614
0.999999821 0.000367768 0.000525904 0.013996718 -0.000367617 0.999999821 -0.000286341 -0.025920374 -0.000526010 0.000286147 0.999999762 0.682512760
1.000000000 0.000057796 0.000466266 0.020500381 -0.000057752 1.000000000 -0.000092735 -0.029897589 -0.000466272 0.000092708 0.999999881 0.843456686
0.999999940 0.000097523 0.000374168 0.021169649 -0.000097342 0.999999881 -0.000485993 -0.032000184 -0.000374215 0.000485957 0.999999821 1.022497654
0.999999940 0.000180570 0.000353240 0.025931787 -0.000180454 0.999999881 -0.000330279 -0.037118822 -0.000353300 0.000330215 0.999999881 1.197405934
0.999999762 0.000485123 0.000483675 0.026988760 -0.000485159 0.999999881 0.000072990 -0.042602617 -0.000483640 -0.000073225 0.999999821 1.387291789
0.999999762 0.000607425 0.000361419 0.030882193 -0.000607425 0.999999821 0.000000255 -0.045045547 -0.000361418 -0.000000475 0.999999940 1.580770493
0.999999762 0.000388796 0.000561806 0.034187201 -0.000389003 0.999999881 0.000368501 -0.055398103 -0.000561663 -0.000368720 0.999999762 1.784517527
0.999999642 0.000392165 0.000715838 0.035411343 -0.000392680 0.999999583 0.000719352 -0.061183687 -0.000715556 -0.000719633 0.999999404 1.984484553
0.999999821 0.000087166 0.000568049 0.040117543 -0.000087661 0.999999642 0.000871793 -0.071158879 -0.000567973 -0.000871843 0.999999464 2.196280241
0.999999762 0.000474358 0.000507558 0.046050519 -0.000474723 0.999999583 0.000720398 -0.073360927 -0.000507216 -0.000720639 0.999999523 2.419023752
0.999999642 0.000706024 0.000373530 0.051758096 -0.000706260 0.999999523 0.000632801 -0.077946067 -0.000373083 -0.000633064 0.999999642 2.644836903
0.999999702 0.000279375 0.000723079 0.055095576 -0.000279807 0.999999762 0.000597499 -0.086303629 -0.000722912 -0.000597701 0.999999583 2.868793488
0.999999404 0.000475832 0.000978888 0.057911225 -0.000476474 0.999999583 0.000655667 -0.089877009 -0.000978576 -0.000656133 0.999999344 3.114266157
0.999999762 0.000327824 0.000602578 0.066700332 -0.000328266 0.999999702 0.000733966 -0.098779097 -0.000602337 -0.000734163 0.999999523 3.342922449
0.999999523 0.000490133 0.000847744 0.069300316 -0.000490933 0.999999404 0.000943139 -0.107599966 -0.000847282 -0.000943554 0.999999225 3.591473103
0.999999344 0.000717916 0.000844304 0.075638346 -0.000718635 0.999999344 0.000851278 -0.111001462 -0.000843692 -0.000851884 0.999999225 3.861462831
0.999999464 0.000551006 0.000897041 0.081565879 -0.000551717 0.999999523 0.000792581 -0.115936853 -0.000896604 -0.000793075 0.999999285 4.112792015
0.999998927 0.000838777 0.001205708 0.084254794 -0.000839847 0.999999166 0.000886962 -0.120807745 -0.001204963 -0.000887973 0.999998868 4.378929615
0.999998391 0.000807799 0.001579128 0.084632725 -0.000809535 0.999999046 0.001098996 -0.128172636 -0.001578238 -0.001100273 0.999998093 4.637372494
0.999999225 0.000642283 0.001058419 0.099384189 -0.000643177 0.999999464 0.000844632 -0.136179492 -0.001057876 -0.000845312 0.999999106 4.897109032
0.999999523 0.000576004 0.000815342 0.106824279 -0.000576784 0.999999404 0.000956776 -0.142364532 -0.000814791 -0.000957246 0.999999285 5.163020611
0.999998510 0.001134259 0.001396684 0.102385163 -0.001135721 0.999998808 0.001045739 -0.151874349 -0.001395496 -0.001047324 0.999998450 5.420178890
0.999998510 0.001015185 0.001349042 0.109306850 -0.001016633 0.999998927 0.001073088 -0.160331860 -0.001347951 -0.001074458 0.999998510 5.691217422
0.999998629 0.001019140 0.001325527 0.110084474 -0.001020640 0.999998868 0.001131580 -0.167915672 -0.001324372 -0.001132931 0.999998510 5.962311745
0.999998033 0.001143660 0.001610587 0.115136586 -0.001145264 0.999998868 0.000995607 -0.174386621 -0.001609447 -0.000997450 0.999998152 6.248248577
0.999998033 0.001158365 0.001606676 0.121613510 -0.001160014 0.999998868 0.001025528 -0.179804325 -0.001605486 -0.001027390 0.999998152 6.537576675
0.999997914 0.001166727 0.001636793 0.126492649 -0.001168721 0.999998569 0.001217781 -0.191334158 -0.001635371 -0.001219692 0.999997914 6.823385715
0.999998152 0.001246722 0.001458943 0.136832386 -0.001248275 0.999998748 0.001063883 -0.197859600 -0.001457614 -0.001065702 0.999998331 7.128953934
0.999998510 0.000935211 0.001444034 0.141291007 -0.000936939 0.999998987 0.001196706 -0.207662553 -0.001442914 -0.001198057 0.999998152 7.434515953
0.999998271 0.000960165 0.001629126 0.144965440 -0.000962013 0.999998927 0.001133764 -0.216148794 -0.001628036 -0.001135329 0.999997973 7.740601540
0.999998093 0.001234555 0.001455207 0.156594321 -0.001236254 0.999998569 0.001167587 -0.224026233 -0.001453763 -0.001169384 0.999998271 8.064463615
0.999998152 0.001259527 0.001408673 0.161142677 -0.001260873 0.999998748 0.000954680 -0.232920319 -0.001407469 -0.000956455 0.999998569 8.386805534
0.999999404 0.000122937 0.001066693 0.177977175 -0.000123942 0.999999523 0.000942185 -0.243955538 -0.001066577 -0.000942317 0.999998987 8.705875397
0.999996424 0.001653152 0.002066871 0.168268368 -0.001655650 0.999997914 0.001207298 -0.253335208 -0.002064871 -0.001210716 0.999997079 9.039793968
0.999996543 0.001835142 0.001860432 0.176709101 -0.001837232 0.999997675 0.001122182 -0.263208508 -0.001858369 -0.001125596 0.999997616 9.381579399
0.999995351 0.002368522 0.001937125 0.184453815 -0.002370408 0.999996781 0.000972138 -0.273626894 -0.001934816 -0.000976725 0.999997616 9.719406128
0.999993980 0.002666063 0.002225196 0.187569320 -0.002668468 0.999995887 0.001078654 -0.283418655 -0.002222311 -0.001084586 0.999996901 10.064564705
0.999995232 0.002349925 0.002000055 0.197159722 -0.002351924 0.999996662 0.000998169 -0.293766320 -0.001997703 -0.001002868 0.999997437 10.452404022
0.999996305 0.002003599 0.001852256 0.207644537 -0.002005677 0.999997377 0.001120842 -0.302778155 -0.001850006 -0.001124553 0.999997616 10.816266060
0.999997199 0.001540044 0.001804593 0.216780648 -0.001542784 0.999997675 0.001517718 -0.314890474 -0.001802252 -0.001520497 0.999997199 11.167926788
0.999997437 0.001489948 0.001691854 0.228478715 -0.001492420 0.999997795 0.001460389 -0.323791236 -0.001689675 -0.001462910 0.999997497 11.546866417
0.999996245 0.001943353 0.001931069 0.233880222 -0.001946399 0.999996781 0.001577030 -0.335996836 -0.001927997 -0.001580783 0.999996901 11.926165581
0.999996424 0.001744074 0.001982622 0.242342472 -0.001747501 0.999996901 0.001728242 -0.349737525 -0.001979601 -0.001731700 0.999996543 12.309957504
0.999995232 0.002173500 0.002170062 0.253812283 -0.002177705 0.999995768 0.001937500 -0.364119202 -0.002165842 -0.001942216 0.999995708 12.681698799
0.999995112 0.002153236 0.002308701 0.258092165 -0.002158304 0.999995291 0.002194665 -0.374125600 -0.002303965 -0.002199637 0.999994934 13.080945015
0.999996066 0.001624053 0.002265571 0.270255148 -0.001628603 0.999996603 0.002007884 -0.385601968 -0.002262303 -0.002011566 0.999995410 13.479516029
0.999995470 0.001759883 0.002482022 0.277041793 -0.001765258 0.999996126 0.002165380 -0.395368129 -0.002478202 -0.002169751 0.999994576 13.884685516
0.999994755 0.001958187 0.002569024 0.289401263 -0.001964203 0.999995351 0.002340826 -0.407075912 -0.002564429 -0.002345861 0.999993920 14.298395157
0.999992907 0.002396911 0.002925038 0.296108276 -0.002403411 0.999994755 0.002220709 -0.420351058 -0.002919700 -0.002227723 0.999993205 14.712870598
0.999993920 0.001702106 0.003013961 0.312014014 -0.001709881 0.999995232 0.002579108 -0.431845963 -0.003009557 -0.002584246 0.999992132 15.153700829
0.999992669 0.001859287 0.003346030 0.323124051 -0.001867886 0.999994934 0.002568371 -0.448129267 -0.003341238 -0.002574602 0.999991119 15.601556778
0.999991238 0.001788261 0.003767648 0.330449522 -0.001797676 0.999995232 0.002496796 -0.458829194 -0.003763165 -0.002503547 0.999989808 16.039480209
0.999988139 0.002467431 0.004192675 0.338983893 -0.002478539 0.999993384 0.002646334 -0.471757352 -0.004186117 -0.002656695 0.999987662 16.476669312
0.999989033 0.002349958 0.004045829 0.350992054 -0.002359620 0.999994338 0.002384965 -0.484658688 -0.004040201 -0.002394485 0.999988973 16.916509628
0.999986827 0.002546823 0.004458049 0.361005813 -0.002558884 0.999993026 0.002702008 -0.500352144 -0.004451137 -0.002713380 0.999986410 17.387073517
0.999987125 0.002478373 0.004426538 0.372173667 -0.002491994 0.999992192 0.003074173 -0.514305890 -0.004418885 -0.003085165 0.999985397 17.847169876
0.999984324 0.002285309 0.005106515 0.384020090 -0.002298877 0.999993861 0.002652715 -0.524149477 -0.005100421 -0.002664412 0.999983370 18.316783905
0.999983728 0.002301748 0.005221109 0.400183111 -0.002316182 0.999993503 0.002760124 -0.533286095 -0.005214722 -0.002772172 0.999982476 18.793533325
0.999982655 0.002621320 0.005266405 0.408971369 -0.002636645 0.999992311 0.002905146 -0.550791919 -0.005258749 -0.002918982 0.999981940 19.261722565
0.999983430 0.002695236 0.005088971 0.424157679 -0.002710899 0.999991596 0.003073342 -0.562647223 -0.005080646 -0.003087087 0.999982357 19.745246887
0.999980628 0.003362065 0.005251920 0.427042425 -0.003380293 0.999988377 0.003465721 -0.575744987 -0.005240207 -0.003483407 0.999980271 20.236824036
0.999983490 0.002247261 0.005293669 0.449538797 -0.002266300 0.999990940 0.003593197 -0.596281230 -0.005285546 -0.003605134 0.999979556 20.706119537
0.999987006 0.002283769 0.004577682 0.467981458 -0.002299878 0.999991179 0.003516806 -0.606625438 -0.004569612 -0.003527288 0.999983311 21.204439163
0.999988019 0.002628132 0.004135257 0.475152403 -0.002642482 0.999990523 0.003468545 -0.614646256 -0.004126102 -0.003479431 0.999985456 21.715908051
0.999988556 0.002753214 0.003916537 0.487120152 -0.002766049 0.999990940 0.003275667 -0.630875051 -0.003907482 -0.003286463 0.999986947 22.232517242
0.999991179 0.002682346 0.003238009 0.502397656 -0.002694365 0.999989450 0.003713266 -0.646342933 -0.003228014 -0.003721958 0.999987841 22.733146667
0.999992132 0.002909205 0.002706650 0.509048760 -0.002918419 0.999989927 0.003406872 -0.659307480 -0.002696712 -0.003414744 0.999990523 23.246337891
0.999994695 0.002234801 0.002368534 0.520682693 -0.002242863 0.999991596 0.003406528 -0.675915062 -0.002360901 -0.003411823 0.999991417 23.773344040
0.999998391 0.000641303 0.001700388 0.530703843 -0.000646641 0.999994814 0.003140295 -0.692203820 -0.001698365 -0.003141389 0.999993682 24.298461914
0.999996483 0.002100914 0.001624915 0.535669446 -0.002106434 0.999992013 0.003402903 -0.705239594 -0.001617753 -0.003406313 0.999992907 24.844854355
0.999995947 0.002697055 0.000879799 0.548611820 -0.002700272 0.999989569 0.003676837 -0.718939722 -0.000869873 -0.003679198 0.999992788 25.384893417
0.999995172 0.003094274 0.000193912 0.556287646 -0.003094986 0.999988139 0.003787942 -0.732398391 -0.000182189 -0.003788524 0.999992788 25.933162689
0.999994695 0.003262166 0.000056449 0.562692165 -0.003262353 0.999987781 0.003715232 -0.749591112 -0.000044329 -0.003715396 0.999993086 26.485383987
0.999995291 0.003061198 -0.000246096 0.575772226 -0.003060209 0.999987602 0.003924502 -0.758207738 0.000258107 -0.003923730 0.999992251 27.045148849
0.999995708 0.002765338 -0.000901506 0.589641154 -0.002761597 0.999987602 0.004125331 -0.778000236 0.000912903 -0.004122824 0.999991059 27.590187073
0.999993682 0.003378015 -0.001050465 0.595623672 -0.003373905 0.999986708 0.003889804 -0.789078891 0.001063591 -0.003886235 0.999991894 28.145503998
0.999991417 0.003924082 -0.001271835 0.604430258 -0.003918760 0.999983668 0.004160314 -0.801983476 0.001288139 -0.004155295 0.999990523 28.699270248
0.999991357 0.003884919 -0.001437528 0.612781763 -0.003878837 0.999983609 0.004210460 -0.817689717 0.001453862 -0.004204848 0.999990106 29.247665405
0.999990523 0.003648465 -0.002330258 0.619056463 -0.003638939 0.999985099 0.004078945 -0.829206407 0.002345105 -0.004070427 0.999988973 29.805625916
0.999990940 0.003483808 -0.002437952 0.627447605 -0.003473864 0.999985695 0.004070812 -0.837811232 0.002452099 -0.004062306 0.999988735 30.351230621
0.999988973 0.003794945 -0.002768879 0.641836882 -0.003783383 0.999984145 0.004168864 -0.856243849 0.002784655 -0.004158342 0.999987483 30.885612488
0.999988377 0.003766767 -0.002989809 0.649448037 -0.003754043 0.999983907 0.004250357 -0.871022582 0.003005771 -0.004239085 0.999986470 31.432601929
0.999982655 0.005043704 -0.003023566 0.652599633 -0.005031223 0.999978840 0.004121344 -0.879278541 0.003044290 -0.004106060 0.999986947 31.986341476
0.999986172 0.003530363 -0.003903294 0.671319902 -0.003513658 0.999984682 0.004278177 -0.901639938 0.003918337 -0.004264403 0.999983191 32.519546509
0.999980927 0.004076109 -0.004615232 0.683291137 -0.004056975 0.999983132 0.004147669 -0.903842688 0.004632061 -0.004128867 0.999980748 33.074920654
0.999984920 0.003593010 -0.004148552 0.684808612 -0.003575915 0.999985099 0.004120833 -0.927907228 0.004163297 -0.004105936 0.999982893 33.613933563
0.999983907 0.003617731 -0.004371771 0.696858525 -0.003598533 0.999983907 0.004391292 -0.943013191 0.004387586 -0.004375489 0.999980748 34.162776947
0.999981761 0.003575251 -0.004867437 0.702633917 -0.003554361 0.999984443 0.004293868 -0.953632474 0.004882714 -0.004276490 0.999978900 34.711647034
0.999979615 0.003749306 -0.005169793 0.713427901 -0.003727643 0.999984264 0.004193787 -0.974112034 0.005185436 -0.004174430 0.999977887 35.231651306
0.999980867 0.003447722 -0.005138667 0.719468355 -0.003426415 0.999985456 0.004149519 -0.981337905 0.005152899 -0.004131832 0.999978185 35.788600922
0.999981225 0.003474796 -0.005040595 0.725912869 -0.003453227 0.999984801 0.004281527 -0.995613515 0.005055396 -0.004264040 0.999978125 36.336662292
0.999979556 0.003204414 -0.005528705 0.738555253 -0.003182895 0.999987364 0.003896356 -1.011676550 0.005541121 -0.003878679 0.999977112 36.900032043
0.999976575 0.003687158 -0.005756559 0.745176911 -0.003664939 0.999985814 0.003865378 -1.022105932 0.005770729 -0.003844191 0.999975979 37.447509766
0.999976456 0.003573579 -0.005858413 0.757389307 -0.003553796 0.999987960 0.003383606 -1.035468698 0.005870434 -0.003362708 0.999977052 37.999652863
0.999973297 0.003442931 -0.006444074 0.766743183 -0.003417725 0.999986529 0.003918246 -1.050597429 0.006457477 -0.003896118 0.999971569 38.552326202
0.999975622 0.003432240 -0.006068241 0.769397378 -0.003411551 0.999988317 0.003416281 -1.058709383 0.006079897 -0.003395496 0.999975741 39.102664948
0.999972939 0.003458100 -0.006489398 0.780970097 -0.003434832 0.999987602 0.003593229 -1.078166842 0.006501745 -0.003570841 0.999972463 39.635223389
0.999971151 0.003961201 -0.006481590 0.786707044 -0.003939004 0.999986351 0.003433865 -1.091861963 0.006495103 -0.003408234 0.999973118 40.188522339
0.999971092 0.003699393 -0.006642962 0.796729803 -0.003675436 0.999986708 0.003614842 -1.108902812 0.006656247 -0.003590322 0.999971390 40.733543396
0.999972284 0.003551547 -0.006546250 0.805669785 -0.003528379 0.999987483 0.003547147 -1.120157123 0.006558766 -0.003523950 0.999972284 41.291748047
0.999969482 0.003671878 -0.006895906 0.807124078 -0.003642592 0.999984324 0.004254483 -1.144299865 0.006911422 -0.004229234 0.999967158 41.819530487
0.999972820 0.003744425 -0.006341848 0.810640574 -0.003722099 0.999986887 0.003528696 -1.154629350 0.006354977 -0.003504995 0.999973655 42.368129730
0.999969065 0.002155508 -0.007562394 0.822014153 -0.002122821 0.999988437 0.004327533 -1.180352449 0.007571635 -0.004311347 0.999962091 42.875976562
0.999965966 0.003805766 -0.007309382 0.839442909 -0.003776910 0.999985039 0.003957499 -1.180741191 0.007324332 -0.003929758 0.999965370 43.445003510
0.999964118 0.003817910 -0.007554743 0.848418117 -0.003790563 0.999986231 0.003630929 -1.193432212 0.007568502 -0.003602162 0.999964833 43.999355316
0.999964833 0.003801576 -0.007470623 0.857995450 -0.003769740 0.999983788 0.004270871 -1.211650133 0.007486735 -0.004242558 0.999962986 44.540660858
0.999965131 0.003848160 -0.007412050 0.863624334 -0.003817958 0.999984324 0.004084605 -1.224457383 0.007427653 -0.004056163 0.999964178 45.087184906
0.999965250 0.003525155 -0.007545236 0.872728288 -0.003494363 0.999985516 0.004090347 -1.238261461 0.007559545 -0.004063840 0.999963164 45.643569946
0.999962747 0.003702366 -0.007786313 0.881200790 -0.003670482 0.999984860 0.004105128 -1.249851704 0.007801395 -0.004076397 0.999961197 46.185619354
0.999966025 0.003872196 -0.007277447 0.882938921 -0.003845170 0.999985695 0.003723921 -1.261569023 0.007291763 -0.003695813 0.999966562 46.740222931
0.999962628 0.004019050 -0.007651633 0.895038724 -0.003989122 0.999984324 0.003922536 -1.273427248 0.007667278 -0.003891866 0.999963045 47.290534973
0.999961317 0.004019283 -0.007823306 0.900685966 -0.003987309 0.999983668 0.004098457 -1.285018802 0.007839651 -0.004067104 0.999961019 47.855178833
0.999962568 0.004534061 -0.007360447 0.903752327 -0.004509355 0.999984145 0.003369636 -1.297779679 0.007375608 -0.003336319 0.999967217 48.400035858
0.999959052 0.003905026 -0.008163017 0.917140365 -0.003873380 0.999984920 0.003888970 -1.313571453 0.008178083 -0.003857192 0.999959111 48.945983887
0.999961078 0.004579523 -0.007541949 0.917663932 -0.004553187 0.999983490 0.003505589 -1.325301766 0.007557876 -0.003471112 0.999965429 49.488643646
0.999960542 0.005235466 -0.007172440 0.925485194 -0.005207607 0.999978840 0.003897418 -1.342916012 0.007192691 -0.003859912 0.999966621 50.033763885
0.999958694 0.005165043 -0.007472988 0.932638645 -0.005136517 0.999979496 0.003831435 -1.355655193 0.007492625 -0.003792893 0.999964714 50.566257477
0.999960244 0.004975734 -0.007400413 0.935943842 -0.004947885 0.999980569 0.003776702 -1.372950077 0.007419063 -0.003739935 0.999965429 51.103599548
0.999957621 0.005023433 -0.007716669 0.950181603 -0.004991308 0.999978840 0.004176698 -1.388784289 0.007737486 -0.004138005 0.999961436 51.655765533
0.999955714 0.005196700 -0.007843588 0.955226362 -0.005166026 0.999978960 0.003925868 -1.398723006 0.007863827 -0.003885173 0.999961555 52.202957153
0.999954879 0.005470885 -0.007784961 0.960882425 -0.005440230 0.999977410 0.003953645 -1.415135384 0.007806414 -0.003911115 0.999961853 52.745548248
0.999956965 0.004914695 -0.007861455 0.966096878 -0.004882630 0.999979615 0.004092794 -1.428141594 0.007881408 -0.004054232 0.999960721 53.286487579
0.999955475 0.005493026 -0.007676447 0.972385764 -0.005463484 0.999977589 0.003863927 -1.438621759 0.007697500 -0.003821814 0.999963045 53.831264496
0.999955654 0.005893755 -0.007343394 0.973686695 -0.005868711 0.999976873 0.003427345 -1.452546120 0.007363422 -0.003384097 0.999967158 54.375324249
0.999959826 0.005821944 -0.006811249 0.975813925 -0.005801216 0.999978483 0.003059025 -1.457214832 0.006828910 -0.003019388 0.999972105 54.917186737
0.999958694 0.005405050 -0.007309062 0.985888600 -0.005384869 0.999981642 0.002777825 -1.469154239 0.007323942 -0.002738351 0.999969423 55.467391968
0.999954402 0.005814986 -0.007576657 0.988061845 -0.005790746 0.999978065 0.003217277 -1.488345742 0.007595201 -0.003173256 0.999966145 55.993267059
0.999953389 0.005956117 -0.007599794 0.986714125 -0.005930723 0.999976754 0.003359605 -1.502919912 0.007619626 -0.003314376 0.999965489 56.529842377
0.999953806 0.006031360 -0.007483459 0.993261814 -0.006006090 0.999976218 0.003394632 -1.522107840 0.007503755 -0.003349529 0.999966204 57.059482574
0.999952972 0.006419555 -0.007263517 0.992693424 -0.006396409 0.999974430 0.003205388 -1.532544136 0.007283908 -0.003158777 0.999968410 57.589691162
0.999953091 0.006172881 -0.007452518 0.998845637 -0.006149012 0.999975920 0.003221375 -1.547342300 0.007472223 -0.003175399 0.999966979 58.118358612
0.999954045 0.006281320 -0.007241412 1.002120852 -0.006258910 0.999975502 0.003113280 -1.559021115 0.007260793 -0.003067814 0.999968886 58.650024414
0.999951959 0.006405695 -0.007408791 1.002827883 -0.006383422 0.999975145 0.003025984 -1.571481705 0.007427991 -0.002978546 0.999967933 59.178363800
0.999954462 0.006363647 -0.007102440 1.007404327 -0.006341734 0.999975204 0.003103365 -1.588831902 0.007122009 -0.003058183 0.999969959 59.700775146
0.999953508 0.006301995 -0.007289298 1.010841370 -0.006280317 0.999975801 0.002992990 -1.602051258 0.007307983 -0.002947072 0.999968946 60.227832794
0.999951363 0.006626345 -0.007293053 1.009678841 -0.006605644 0.999974072 0.002858934 -1.610877156 0.007311808 -0.002810620 0.999969304 60.766212463
0.999953270 0.006874823 -0.006783803 1.006834030 -0.006857106 0.999972999 0.002631584 -1.624901414 0.006801713 -0.002584944 0.999973536 61.293533325
0.999954462 0.006905919 -0.006574742 1.009758234 -0.006887803 0.999972522 0.002773810 -1.638849854 0.006593717 -0.002728398 0.999974549 61.820167542
0.999954402 0.007102604 -0.006386566 1.007837772 -0.007085660 0.999971330 0.002671976 -1.655471325 0.006405361 -0.002626601 0.999976039 62.339221954
0.999956071 0.007267084 -0.005919108 1.009466529 -0.007253905 0.999971151 0.002244872 -1.667670369 0.005935251 -0.002201837 0.999979973 62.868843079
0.999950945 0.007895675 -0.005982743 1.009661913 -0.007881028 0.999965847 0.002468124 -1.682507038 0.006002026 -0.002420853 0.999979079 63.397392273
0.999949872 0.008042516 -0.005968209 1.009474158 -0.008029068 0.999965191 0.002273590 -1.698551893 0.005986286 -0.002225557 0.999979556 63.930530548
0.999949455 0.008171287 -0.005859974 1.012392998 -0.008158103 0.999964118 0.002270378 -1.712967515 0.005878316 -0.002222457 0.999980211 64.444015503
0.999947846 0.008574377 -0.005545655 1.008999586 -0.008563331 0.999961317 0.002012379 -1.724998951 0.005562696 -0.001964784 0.999982536 64.969673157
0.999951065 0.008187455 -0.005557933 1.011119723 -0.008176840 0.999964714 0.001930051 -1.737507582 0.005573540 -0.001884510 0.999982655 65.495681763
0.999953866 0.008135606 -0.005106292 1.015870929 -0.008126902 0.999965489 0.001723008 -1.751385808 0.005120134 -0.001681430 0.999985456 66.035087585
0.999954283 0.007877721 -0.005418789 1.007184505 -0.007871086 0.999968231 0.001244879 -1.757045746 0.005428424 -0.001202170 0.999984562 66.560554504
0.999945164 0.007967266 -0.006795653 1.035960913 -0.007958247 0.999967396 0.001353307 -1.774617791 0.006806213 -0.001299151 0.999975979 67.154808044
0.999954462 0.007921077 -0.005326593 1.005601287 -0.007913731 0.999967694 0.001398762 -1.787861109 0.005337502 -0.001356545 0.999984860 67.616569519
0.999953568 0.008084449 -0.005242853 1.005743384 -0.008078038 0.999966621 0.001242780 -1.803822875 0.005252724 -0.001200370 0.999985456 68.138732910
0.999952316 0.008270022 -0.005191794 1.001178622 -0.008264990 0.999965370 0.000990135 -1.816363335 0.005199802 -0.000947177 0.999986053 68.660865784
0.999951959 0.008377658 -0.005093345 0.995912671 -0.008370942 0.999963999 0.001339265 -1.831675053 0.005104382 -0.001296565 0.999986053 69.176254272
0.999948740 0.009358698 -0.003864438 0.979156733 -0.009355864 0.999955952 0.000750367 -1.841857672 0.003871291 -0.000714174 0.999992251 69.695564270
0.999948323 0.009698419 -0.003043999 0.982150018 -0.009697070 0.999952912 0.000457210 -1.855863929 0.003048290 -0.000427669 0.999995232 70.247032166
0.999948502 0.009480779 -0.003617103 0.980962574 -0.009478290 0.999954760 0.000705020 -1.866603255 0.003623625 -0.000670700 0.999993205 70.756088257
0.999950528 0.009113392 -0.003983814 0.989527822 -0.009111597 0.999958396 0.000468451 -1.883384824 0.003987918 -0.000432129 0.999991953 71.270561218
0.999950647 0.008967668 -0.004266881 1.001328468 -0.008965787 0.999959707 0.000459648 -1.897935867 0.004270832 -0.000421369 0.999990821 71.813674927
0.999945521 0.009683792 -0.003890070 0.996639132 -0.009681931 0.999953032 0.000497597 -1.915940166 0.003894707 -0.000459906 0.999992311 72.307678223
0.999947667 0.009590748 -0.003543374 1.000667334 -0.009588869 0.999953866 0.000546962 -1.933270931 0.003548456 -0.000512957 0.999993503 72.839408875
0.999944687 0.009900336 -0.003581101 1.005259991 -0.009897976 0.999950707 0.000676146 -1.947649002 0.003587619 -0.000640663 0.999993384 73.362113953
0.999945641 0.009797388 -0.003564481 1.015365243 -0.009795789 0.999951899 0.000465560 -1.964336634 0.003568871 -0.000430618 0.999993563 73.882415771
0.999943137 0.010095194 -0.003439906 1.021550655 -0.010092963 0.999948859 0.000665335 -1.978139162 0.003446446 -0.000630578 0.999993861 74.412582397
0.999941528 0.010250919 -0.003447095 1.028346300 -0.010248858 0.999947309 0.000615431 -1.993717194 0.003453223 -0.000580067 0.999993861 74.947547913
0.999944627 0.009950239 -0.003429365 1.037087440 -0.009948577 0.999950409 0.000501022 -2.009340048 0.003434179 -0.000466877 0.999993920 75.468292236
0.999940932 0.010381715 -0.003202618 1.039350033 -0.010379763 0.999945939 0.000626384 -2.028811216 0.003208948 -0.000593104 0.999994695 75.984146118
0.999940753 0.010334825 -0.003425198 1.048594117 -0.010333169 0.999946475 0.000500736 -2.044332266 0.003430188 -0.000465313 0.999993920 76.522392273
0.999935448 0.010918277 -0.003145492 1.050856471 -0.010917897 0.999940395 0.000138690 -2.058765173 0.003146820 -0.000104339 0.999995053 77.052642822
0.999941885 0.010157512 -0.003639688 1.059863806 -0.010155341 0.999948263 0.000614818 -2.076360464 0.003645741 -0.000577819 0.999993205 77.578895569
0.999943376 0.010089356 -0.003415669 1.070156097 -0.010087487 0.999948978 0.000563727 -2.096134424 0.003421183 -0.000529240 0.999993980 78.096298218
0.999937296 0.010958522 -0.002315897 1.072825313 -0.010959376 0.999939919 -0.000356674 -2.104130507 0.002311849 0.000382032 0.999997258 78.646507263
0.999935985 0.010851516 -0.003187025 1.084079027 -0.010850567 0.999941051 0.000315571 -2.123377800 0.003190261 -0.000280970 0.999994874 79.165321350
0.999939084 0.010491619 -0.003427081 1.096037626 -0.010490582 0.999944866 0.000320562 -2.139388561 0.003430257 -0.000284591 0.999994040 79.689781189
0.999937832 0.010904641 -0.002335571 1.101179719 -0.010904163 0.999940515 0.000217566 -2.153578281 0.002337806 -0.000192085 0.999997199 80.233795166
0.999942601 0.010666045 -0.001008862 1.113599420 -0.010665992 0.999943137 0.000058201 -2.170960903 0.001009425 -0.000047438 0.999999404 80.763641357
0.999945581 0.010443746 -0.000173503 1.123075128 -0.010443754 0.999945462 -0.000043663 -2.182489872 0.000173037 0.000045473 1.000000000 81.304687500
0.999946356 0.010320036 0.000900993 1.127947211 -0.010319881 0.999946713 -0.000176131 -2.197711229 -0.000902763 0.000166823 0.999999583 81.841217041
0.999932885 0.010713582 0.004408384 1.138906479 -0.010711616 0.999942541 -0.000469420 -2.213896990 -0.004413160 0.000422168 0.999990165 82.370155334
0.999912262 0.010406427 0.008198783 1.151033044 -0.010404657 0.999945819 -0.000258816 -2.227809906 -0.008201032 0.000173488 0.999966383 82.908157349
0.999879241 0.010480496 0.011485811 1.169761777 -0.010474591 0.999944985 -0.000574288 -2.242954016 -0.011491199 0.000453910 0.999933898 83.438560486
0.999818861 0.010622920 0.015794186 1.186584830 -0.010619550 0.999943554 -0.000297208 -2.260655642 -0.015796456 0.000129427 0.999875188 83.983703613
0.999700427 0.010746729 0.021987552 1.211958170 -0.010740844 0.999942243 -0.000385775 -2.275033236 -0.021990424 0.000149494 0.999758303 84.517517090
0.999538839 0.011387094 0.028147964 1.234057426 -0.011377655 0.999935150 -0.000495513 -2.290491104 -0.028151779 0.000175027 0.999603629 85.060798645
0.999341667 0.011481641 0.034414545 1.261473536 -0.011460979 0.999934018 -0.000797643 -2.304301739 -0.034421425 0.000402694 0.999407291 85.598854065
0.999029577 0.011523791 0.042510048 1.302577734 -0.011507217 0.999933600 -0.000634556 -2.321171761 -0.042514544 0.000144768 0.999095857 86.123039246
0.998664856 0.010680326 0.050544299 1.345554590 -0.010616180 0.999942482 -0.001537405 -2.331621408 -0.050557815 0.000998765 0.998720586 86.658546448
0.998296261 0.010286761 0.057434872 1.386328697 -0.010220260 0.999946654 -0.001451467 -2.346057177 -0.057446733 0.000861995 0.998348176 87.197624207
0.997699440 0.010717752 0.066939443 1.437212944 -0.010630681 0.999942124 -0.001656817 -2.361212730 -0.066953339 0.000941393 0.997755647 87.729949951
0.997011364 0.009912890 0.076616533 1.502027988 -0.009776714 0.999949872 -0.002152233 -2.378436089 -0.076634049 0.001396742 0.997058332 88.241760254
0.996302664 0.010151299 0.085310608 1.559873581 -0.009992702 0.999947488 -0.002285873 -2.387980938 -0.085329339 0.001424938 0.996351719 88.778114319
0.995591462 0.009645855 0.093297601 1.625435352 -0.009460245 0.999952257 -0.002431520 -2.405496597 -0.093316592 0.001538183 0.995635331 89.323043823
0.994647443 0.009409255 0.102897368 1.692898750 -0.009182215 0.999954224 -0.002679931 -2.422902822 -0.102917902 0.001720761 0.994688332 89.815399170
0.993568122 0.009013234 0.112876415 1.782681465 -0.008757317 0.999957860 -0.002762884 -2.439533234 -0.112896562 0.001756619 0.993605196 90.341224670
0.992479265 0.008477899 0.122118913 1.866080284 -0.008175706 0.999962151 -0.002975455 -2.458611012 -0.122139528 0.001954669 0.992511034 90.876197815
0.990978777 0.008716715 0.133734912 1.955091476 -0.008376681 0.999960184 -0.003105050 -2.474667549 -0.133756652 0.001956784 0.991012216 91.400840759
0.989162982 0.008593014 0.146569729 2.048921585 -0.008222463 0.999961376 -0.003133839 -2.493180513 -0.146590963 0.001894713 0.989195406 91.930465698
0.987573564 0.008046526 0.156951308 2.154543877 -0.007584264 0.999965012 -0.003543938 -2.505589485 -0.156974331 0.002309539 0.987600029 92.477142334
0.985786021 0.008016137 0.167814121 2.259763718 -0.007564839 0.999965847 -0.003328386 -2.526774645 -0.167835042 0.002011589 0.985813141 93.008949280
0.983483672 0.007744438 0.180831611 2.375667572 -0.007219775 0.999967575 -0.003559433 -2.544561148 -0.180853352 0.002195081 0.983507574 93.542694092
0.981263578 0.007997019 0.192503721 2.510723114 -0.007394477 0.999965250 -0.003848284 -2.564408779 -0.192527801 0.002352716 0.981288671 94.053230286
0.979091227 0.007102908 0.203297570 2.618461609 -0.006446369 0.999971569 -0.003891460 -2.584374905 -0.203319386 0.002499564 0.979109287 94.597892761
0.976062953 0.007180179 0.217369407 2.778297424 -0.006556360 0.999972045 -0.003590924 -2.600059748 -0.217389122 0.002079817 0.976082742 95.141448975
0.973141313 0.006432944 0.230118677 2.949743271 -0.005606835 0.999975204 -0.004243649 -2.614287376 -0.230140284 0.002839433 0.973153293 95.824867249
0.970476985 0.006062618 0.241117090 3.101015091 -0.005148112 0.999976873 -0.004422551 -2.630942583 -0.241138384 0.003050687 0.970485926 96.352638245
0.967510521 0.006225673 0.252754182 3.286884308 -0.005140883 0.999974549 -0.004952068 -2.636779308 -0.252778530 0.003491798 0.967517793 97.056579590
0.963817477 0.006405756 0.266485870 3.467958450 -0.005223988 0.999973118 -0.005143285 -2.651288986 -0.266511619 0.003565068 0.963825107 97.627616882
0.960228622 0.005314933 0.279164404 3.639616013 -0.003920948 0.999976933 -0.005551581 -2.671257734 -0.279187441 0.004236198 0.960227311 98.157264709
0.956621349 0.006077599 0.291271180 3.849424362 -0.004664347 0.999973714 -0.005546124 -2.687243938 -0.291297197 0.003946950 0.956624448 98.855949402
0.952202797 0.006048712 0.305406749 4.051645279 -0.004590214 0.999974370 -0.005493469 -2.707320213 -0.305432171 0.003829014 0.952206075 99.409294128
0.947626472 0.005517206 0.319333166 4.262720108 -0.003854956 0.999975562 -0.005837201 -2.725943804 -0.319357544 0.004300471 0.947624564 99.947998047
0.943722367 0.005442725 0.330694109 4.468698502 -0.003811170 0.999977231 -0.005581942 -2.745800257 -0.330716908 0.004007471 0.943721473 100.455757141
0.939007878 0.005230410 0.343855917 4.712404251 -0.003484401 0.999977648 -0.005695448 -2.768005848 -0.343878031 0.004149939 0.939005136 101.037544250
0.933649302 0.004887409 0.358155191 4.929176331 -0.003083421 0.999979436 -0.005607833 -2.785382271 -0.358175188 0.004131407 0.933645248 101.544387817
0.928947866 0.003882224 0.370190293 5.158784866 -0.001798158 0.999980450 -0.005974642 -2.791162491 -0.370206237 0.004884470 0.928936779 102.050727844
0.924286246 0.003817822 0.381681114 5.427900314 -0.001837739 0.999982834 -0.005552176 -2.841246367 -0.381695658 0.004430369 0.924277544 102.570098877
0.918022513 0.004166194 0.396506488 5.664127350 -0.002042005 0.999981225 -0.005779248 -2.854626179 -0.396523058 0.004495811 0.918013752 103.072036743
0.912491202 0.003215151 0.409083694 5.931049347 -0.001016975 0.999983847 -0.005590831 -2.876638174 -0.409095109 0.004685556 0.912479699 103.608154297
0.907791018 0.003160256 0.419410765 6.188480377 -0.000919297 0.999984145 -0.005545103 -2.893935919 -0.419421762 0.004648232 0.907779634 104.086410522
0.901682377 0.002301243 0.432392895 6.451908112 0.000149202 0.999984145 -0.005633162 -2.915592432 -0.432399005 0.005143836 0.901667655 104.612304688
0.894865811 0.002350942 0.446329147 6.724884033 0.000413712 0.999981403 -0.006096654 -2.925163507 -0.446335107 0.005640339 0.894848049 105.109649658
0.889106929 0.001622533 0.457696825 7.015464783 0.001148649 0.999982595 -0.005776261 -2.952234745 -0.457698375 0.005661446 0.889089525 105.617713928
0.883221686 0.001281514 0.468953907 7.295253754 0.001578626 0.999982476 -0.005705825 -2.967254162 -0.468952984 0.005779811 0.883204222 106.095695496
0.875771523 0.001237495 0.482724309 7.589900970 0.001600811 0.999983788 -0.005467758 -2.994441748 -0.482723236 0.005561256 0.875755310 106.589035034
0.868623793 0.001317516 0.495470643 7.878547668 0.001288386 0.999987125 -0.004917793 -3.016483545 -0.495470673 0.004910068 0.868610859 107.046173096
