1.000000000 0.000000000 0.000000000 0.000000000 0.000000000 1.000000000 0.000000000 0.000000000 0.000000000 0.000000000 1.000000000 0.000000000
1.000000000 0.000071120 0.000108949 -0.003186612 -0.000071102 1.000000000 -0.000171666 0.004192544 -0.000108961 0.000171659 1.000000000 0.003845752
1.000000000 0.000064459 0.000066009 -0.002280357 -0.000064448 1.000000000 -0.000168936 0.002834456 -0.000066020 0.000168932 1.000000000 0.000955793
0.999999940 0.000299675 0.000140109 -0.000816102 -0.000299654 0.999999940 -0.000143917 0.003380672 -0.000140153 0.000143875 1.000000000 -0.001998685
1.000000000 0.000192080 0.000045197 0.002175809 -0.000192076 1.000000000 -0.000073173 0.002036868 -0.000045211 0.000073164 1.000000000 -0.001440576
1.000000000 0.000077504 0.000020209 0.000933920 -0.000077504 1.000000000 0.000025088 0.001608284 -0.000020207 -0.000025089 1.000000000 -0.003225787
1.000000000 0.000000539 0.000071261 -0.002239909 -0.000000530 1.000000000 -0.000119379 0.001497471 -0.000071261 0.000119379 1.000000000 -0.001973956
1.000000000 -0.000020755 -0.000030648 0.000489377 0.000020754 1.000000000 -0.000031827 0.001789119 0.000030648 0.000031826 1.000000000 -0.002580138
1.000000000 -0.000000787 0.000128451 -0.005404974 0.000000809 1.000000000 -0.000167473 0.004006259 -0.000128451 0.000167473 1.000000000 0.004208449
0.999999940 0.000180795 0.000237944 -0.005410215 -0.000180757 1.000000000 -0.000159479 0.003247299 -0.000237973 0.000159436 0.999999940 -0.000900396
0.999999940 0.000228209 0.000184332 -0.002194908 -0.000228174 0.999999940 -0.000193018 0.003665734 -0.000184376 0.000192976 0.999999940 -0.000737664
0.999999940 0.000227511 0.000169147 -0.002583880 -0.000227495 0.999999940 -0.000097689 0.003319162 -0.000169169 0.000097651 1.000000000 -0.002189592
1.000000000 0.000095442 0.000196574 -0.005437618 -0.000095428 1.000000000 -0.000072262 0.000494711 -0.000196581 0.000072243 1.000000000 -0.001933429
1.000000000 -0.000021439 0.000116880 -0.002834367 0.000021446 1.000000000 -0.000057837 0.000136645 -0.000116879 0.000057840 1.000000000 -0.001806788
1.000000000 0.000057027 0.000059161 -0.000455021 -0.000057021 1.000000000 -0.000097607 0.002056490 -0.000059167 0.000097604 1.000000000 -0.004336659
1.000000000 -0.000154442 -0.000074076 0.001582865 0.000154444 1.000000000 0.000024315 0.000674285 0.000074072 -0.000024327 1.000000000 -0.005919170
0.999999940 -0.000310329 -0.000007153 -0.002659700 0.000310329 0.999999940 -0.000090207 0.000464319 0.000007181 0.000090205 1.000000000 -0.005153731
1.000000000 -0.000108973 0.000000428 0.000678194 0.000108973 1.000000000 0.000013157 -0.000597488 -0.000000430 -0.000013157 1.000000000 -0.008053810
1.000000000 0.000094501 -0.000015295 0.000265442 -0.000094500 1.000000000 0.000053834 0.001351176 0.000015300 -0.000053833 1.000000000 -0.008030146
1.000000000 -0.000091259 -0.000019915 -0.001664146 0.000091258 1.000000000 -0.000039098 -0.000096614 0.000019919 0.000039096 1.000000000 -0.006614919
1.000000000 0.000011243 0.000042505 -0.000731115 -0.000011240 1.000000000 -0.000082706 0.001407199 -0.000042506 0.000082706 1.000000000 -0.008027072
1.000000000 -0.000140693 0.000048934 -0.000880933 0.000140693 1.000000000 0.000007181 -0.000535752 -0.000048935 -0.000007174 1.000000000 -0.005680585
1.000000000 0.000127376 0.000169853 -0.006095974 -0.000127344 1.000000000 -0.000192800 0.003127247 -0.000169877 0.000192778 0.999999940 0.001770752
1.000000000 -0.000104908 -0.000074583 0.000652818 0.000104900 1.000000000 -0.000103287 0.000648900 0.000074594 0.000103279 1.000000000 0.000022491
1.000000000 -0.000059514 0.000036314 -0.001290875 0.000059515 1.000000000 -0.000004054 0.002048410 -0.000036314 0.000004057 1.000000000 0.000415757
1.000000000 0.000082992 -0.000022655 0.002078408 -0.000082994 1.000000000 -0.000089637 0.002617412 0.000022648 0.000089639 1.000000000 -0.006710743
1.000000000 -0.000071170 0.000100648 -0.003146291 0.000071184 1.000000000 -0.000142115 0.003171330 -0.000100638 0.000142122 1.000000000 -0.001677792
0.999999940 0.000221277 0.000248662 -0.005602921 -0.000221219 0.999999940 -0.000236302 0.003339243 -0.000248715 0.000236247 0.999999940 0.000772324
1.000000000 0.000050417 0.000151139 -0.004597527 -0.000050413 1.000000000 -0.000028209 0.002320712 -0.000151140 0.000028201 1.000000000 0.001111163
1.000000000 -0.000148911 0.000045023 -0.003443016 0.000148914 1.000000000 -0.000074533 0.004697846 -0.000045012 0.000074540 1.000000000 -0.000508680
1.000000000 -0.000065077 0.000054011 -0.003034495 0.000065080 1.000000000 -0.000058993 0.001903930 -0.000054007 0.000058996 1.000000000 -0.001110191
1.000000000 -0.000130174 0.000118399 -0.003981138 0.000130169 1.000000000 0.000042713 0.001293077 -0.000118405 -0.000042698 1.000000000 0.000983315
1.000000000 -0.000167963 0.000107966 -0.004142209 0.000167955 1.000000000 0.000078681 0.000675773 -0.000107979 -0.000078663 1.000000000 -0.004448748
1.000000000 -0.000184415 -0.000004296 -0.001661236 0.000184415 1.000000000 0.000068784 0.001345466 0.000004283 -0.000068785 1.000000000 -0.005006562
1.000000000 0.000048211 0.000062991 -0.003262430 -0.000048205 1.000000000 -0.000088561 0.000783920 -0.000062996 0.000088558 1.000000000 -0.001883644
1.000000000 0.000025840 0.000100582 -0.004133740 -0.000025830 1.000000000 -0.000097684 0.002573495 -0.000100585 0.000097681 1.000000000 -0.000486478
1.000000000 -0.000190774 -0.000136799 0.002255649 0.000190789 1.000000000 0.000112663 -0.000026993 0.000136777 -0.000112689 1.000000000 -0.011528290
1.000000000 -0.000028494 0.000066954 -0.003355121 0.000028510 1.000000000 -0.000235491 0.004222362 -0.000066948 0.000235493 0.999999940 0.000507332
1.000000000 -0.000162633 0.000110820 -0.003527519 0.000162632 1.000000000 0.000011022 0.001665572 -0.000110822 -0.000011004 1.000000000 0.000061673
1.000000000 -0.000001320 -0.000043761 0.001474870 0.000001329 1.000000000 0.000218070 -0.002190923 0.000043761 -0.000218070 1.000000000 -0.009483313
0.999999940 -0.000280320 -0.000146829 0.000384124 0.000280332 0.999999940 0.000082318 -0.001624044 0.000146806 -0.000082359 1.000000000 -0.001132352
1.000000000 0.000098111 0.000072315 0.002360570 -0.000098070 0.999999821 -0.000572347 -0.004845467 -0.000072371 0.000572340 0.999999821 0.048752941
1.000000000 0.000053358 -0.000030674 0.000653309 -0.000053402 0.999998987 -0.001413334 -0.000462480 0.000030599 0.001413336 0.999998987 0.148783401
1.000000000 -0.000050983 -0.000056385 0.004120905 0.000050905 0.999999046 -0.001387363 -0.010178271 0.000056456 0.001387360 0.999999046 0.263355523
0.999999940 -0.000258812 0.000045472 0.001443681 0.000258874 0.999999046 -0.001359420 -0.010692636 -0.000045120 0.001359431 0.999999046 0.391680509
1.000000000 0.000016340 -0.000169747 0.007598602 -0.000016541 0.999999285 -0.001182832 -0.018197956 0.000169728 0.001182835 0.999999285 0.534167767
1.000000000 -0.000007975 0.000012709 0.007997925 0.000007985 0.999999642 -0.000842903 -0.033591133 -0.000012703 0.000842903 0.999999642 0.679547310
0.999999821 -0.000561080 -0.000170648 0.017407561 0.000560996 0.999999702 -0.000490628 -0.033899903 0.000170923 0.000490532 0.999999881 0.851996720
0.999999940 -0.000212495 -0.000324554 0.026828526 0.000212320 0.999999821 -0.000539977 -0.036602456 0.000324669 0.000539908 0.999999821 1.028364539
1.000000000 -0.000167230 -0.000024968 0.024524430 0.000167212 0.999999702 -0.000716965 -0.034982372 0.000025087 0.000716961 0.999999762 1.208761573
0.999999762 -0.000565135 -0.000349214 0.039562639 0.000564981 0.999999762 -0.000442292 -0.046898209 0.000349464 0.000442095 0.999999821 1.414441586
0.999999046 -0.001342263 0.000172736 0.033456042 0.001342151 0.999998808 0.000645053 -0.069076367 -0.000173602 -0.000644821 0.999999762 1.614727020
0.999998093 -0.001909515 0.000307248 0.041250255 0.001909259 0.999997795 0.000833345 -0.072803803 -0.000308838 -0.000832757 0.999999583 1.816197872
0.999996781 -0.002527541 0.000108875 0.041008115 0.002527403 0.999996006 0.001249828 -0.084514998 -0.000112034 -0.001249549 0.999999225 2.026964664
0.999996483 -0.002616623 0.000179681 0.046290468 0.002616428 0.999995887 0.001079555 -0.089723445 -0.000182505 -0.001079081 0.999999404 2.256452322
0.999998033 -0.001910930 0.000345253 0.048466548 0.001910455 0.999997139 0.001372649 -0.095220223 -0.000347875 -0.001371987 0.999999046 2.460256815
0.999997377 -0.002283886 0.000064343 0.057656877 0.002283787 0.999996245 0.001494396 -0.105889857 -0.000067756 -0.001494245 0.999998927 2.703348398
0.999996543 -0.002580140 0.000403486 0.069028683 0.002579389 0.999994934 0.001849728 -0.116624594 -0.000408257 -0.001848681 0.999998152 2.969178677
0.999996305 -0.002647624 0.000488583 0.075886063 0.002646629 0.999994457 0.002026417 -0.124495849 -0.000493946 -0.002025117 0.999997795 3.217629433
0.999996722 -0.002580732 0.000002103 0.094301008 0.002580725 0.999995291 0.001646196 -0.125327945 -0.000006351 -0.001646185 0.999998629 3.478801250
0.999996603 -0.002581641 0.000348727 0.083511606 0.002580901 0.999994457 0.002107751 -0.138128921 -0.000354167 -0.002106844 0.999997675 3.703887463
0.999997973 -0.001981807 0.000168639 0.099342346 0.001981539 0.999996781 0.001574967 -0.132717088 -0.000171760 -0.001574630 0.999998748 3.977485180
0.999995947 -0.002830047 0.000090254 0.101668693 0.002829865 0.999994040 0.001956376 -0.145691931 -0.000095790 -0.001956113 0.999998033 4.238517761
0.999997616 -0.002199827 0.000202010 0.105460167 0.002199345 0.999994814 0.002356865 -0.149286479 -0.000207193 -0.002356415 0.999997139 4.496375084
0.999996543 -0.002616698 0.000333948 0.116356440 0.002615932 0.999993980 0.002272443 -0.155807912 -0.000339892 -0.002271562 0.999997318 4.765798092
0.999996960 -0.002244726 0.000998353 0.102056339 0.002242017 0.999993742 0.002705784 -0.173440218 -0.001004421 -0.002703538 0.999995887 5.008828640
0.999997258 -0.002133006 0.000934952 0.124315135 0.002130890 0.999995172 0.002258763 -0.173650682 -0.000939765 -0.002256765 0.999997020 5.274090767
0.999998271 -0.001576368 0.001007859 0.132560313 0.001574553 0.999997258 0.001799442 -0.166054830 -0.001010693 -0.001797853 0.999997795 5.578434944
0.999998689 -0.000790895 0.001401640 0.137423873 0.000788258 0.999997973 0.001881033 -0.172060311 -0.001403125 -0.001879926 0.999997199 5.844732285
0.999998629 -0.001466196 0.000854129 0.142791003 0.001464593 0.999997318 0.001874342 -0.182985395 -0.000856875 -0.001873088 0.999997854 6.100941181
0.999998510 -0.001248793 0.001224927 0.140164137 0.001246723 0.999997854 0.001688556 -0.189332709 -0.001227033 -0.001687027 0.999997795 6.386531353
0.999997377 -0.002049424 0.000996790 0.154342085 0.002047585 0.999996245 0.001843087 -0.193934783 -0.001000563 -0.001841041 0.999997795 6.666076183
0.999998927 -0.000540596 0.001374780 0.184813067 0.000537649 0.999997556 0.002143483 -0.224012911 -0.001375935 -0.002142741 0.999996722 7.014343739
0.999999166 -0.000797985 0.001059415 0.202079564 0.000795857 0.999997735 0.002007378 -0.231011927 -0.001061014 -0.002006533 0.999997377 7.307440758
0.999999046 -0.000764658 0.001197795 0.204956621 0.000761558 0.999996364 0.002586539 -0.241668746 -0.001199769 -0.002585624 0.999995947 7.602800846
0.999998510 -0.001258323 0.001154591 0.217576042 0.001255252 0.999995768 0.002656351 -0.258052319 -0.001157928 -0.002654898 0.999995887 7.901812553
0.999999225 -0.000772366 0.001002733 0.227724582 0.000769517 0.999995649 0.002839273 -0.264639020 -0.001004922 -0.002838499 0.999995530 8.226589203
0.999998808 -0.000345712 0.001541703 0.217903733 0.000341557 0.999996305 0.002694822 -0.268474877 -0.001542629 -0.002694292 0.999995172 8.526950836
0.999998510 -0.000565522 0.001590540 0.285567045 0.000561439 0.999996483 0.002566358 -0.301790059 -0.001591986 -0.002565461 0.999995470 8.895473480
0.999998450 -0.000887878 0.001520798 0.290958375 0.000883318 0.999995112 0.002996124 -0.311427593 -0.001523451 -0.002994776 0.999994338 9.232153893
0.999998033 -0.000778721 0.001796701 0.300969034 0.000772693 0.999994040 0.003353138 -0.326203763 -0.001799302 -0.003351743 0.999992847 9.558768272
0.999998093 -0.001384334 0.001323925 0.314324737 0.001380154 0.999994040 0.003152328 -0.331994325 -0.001328281 -0.003150495 0.999994218 9.900721550
0.999998450 -0.000501144 0.001687061 0.317638576 0.000495657 0.999994636 0.003250909 -0.335310549 -0.001688681 -0.003250068 0.999993384 10.250719070
0.999997973 -0.000866166 0.001824074 0.332855433 0.000859225 0.999992430 0.003802547 -0.347818136 -0.001827354 -0.003800972 0.999991179 10.577401161
0.999997973 -0.000377146 0.001946952 0.341950327 0.000369388 0.999991953 0.003983423 -0.357737482 -0.001948439 -0.003982696 0.999990165 10.935133934
0.999997973 -0.000259942 0.001990499 0.383022606 0.000253557 0.999994755 0.003207446 -0.364937812 -0.001991323 -0.003206935 0.999992788 11.436526299
0.999997199 -0.000308453 0.002348705 0.388132691 0.000300789 0.999994576 0.003262669 -0.379095107 -0.002349698 -0.003261954 0.999991834 11.825622559
0.999997437 -0.000612425 0.002157270 0.398306280 0.000605826 0.999995112 0.003057837 -0.379709750 -0.002159131 -0.003056523 0.999992967 12.217093468
0.999997318 -0.000723125 0.002198790 0.403635174 0.000714485 0.999992013 0.003927634 -0.394468546 -0.002201612 -0.003926053 0.999989867 12.564446449
0.999997556 -0.000174551 0.002198747 0.412331939 0.000167229 0.999994397 0.003329790 -0.402234763 -0.002199315 -0.003329415 0.999992013 12.946930885
0.999996901 0.000123181 0.002521780 0.409005463 -0.000133505 0.999991596 0.004094155 -0.427045256 -0.002521255 -0.004094479 0.999988437 13.320337296
0.999997973 -0.000713422 0.001880158 0.424771249 0.000705127 0.999989986 0.004409062 -0.442482591 -0.001883285 -0.004407727 0.999988496 13.685598373
0.999994814 0.001674797 0.002753993 0.416471720 -0.001686162 0.999990046 0.004129888 -0.457591265 -0.002747049 -0.004134510 0.999987721 14.055197716
0.999998212 -0.001213075 0.001460521 0.441084683 0.001207033 0.999990761 0.004130025 -0.471089005 -0.001465517 -0.004128255 0.999990404 14.074788094
0.999995232 -0.003007271 0.000692604 0.458512932 0.003004517 0.999987781 0.003944307 -0.486807287 -0.000704457 -0.003942207 0.999992013 14.490117073
0.999996066 -0.002620315 0.001009981 0.461258262 0.002615993 0.999987543 0.004256869 -0.490684688 -0.001021123 -0.004254210 0.999990404 14.902996063
0.999995589 -0.002617857 0.001431992 0.471488118 0.002611764 0.999987602 0.004240458 -0.502724051 -0.001443075 -0.004236699 0.999989986 15.315990448
0.999995053 -0.001666443 0.002684788 0.485027939 0.001655267 0.999989986 0.004159362 -0.510561466 -0.002691692 -0.004154896 0.999987781 15.766582489
0.999994874 -0.000799133 0.003105440 0.453970045 0.000783194 0.999986529 0.005130348 -0.538922429 -0.003109498 -0.005127889 0.999981999 16.171855927
0.999994576 -0.001621269 0.002905722 0.478526950 0.001608841 0.999989569 0.004274199 -0.552668512 -0.002912622 -0.004269501 0.999986649 16.755636215
0.999994159 -0.002195124 0.002634004 0.511932492 0.002183394 0.999987662 0.004447980 -0.560168743 -0.002643736 -0.004442203 0.999986589 17.049186707
0.999991834 -0.003117391 0.002566767 0.480579346 0.003104216 0.999982059 0.005121173 -0.596002758 -0.002582686 -0.005113163 0.999983609 16.953735352
0.999992132 -0.002464071 0.003104670 0.486776948 0.002448735 0.999984801 0.004933791 -0.606035173 -0.003116780 -0.004926149 0.999983072 17.428066254
0.999989688 -0.002801698 0.003546826 0.502876759 0.002785012 0.999984980 0.004700861 -0.613756776 -0.003559943 -0.004690935 0.999982715 17.894735336
0.999990404 -0.002870301 0.003305977 0.528945923 0.002854391 0.999984384 0.004807155 -0.625900686 -0.003319723 -0.004797672 0.999983013 18.385000229
0.999991477 -0.002661441 0.003145460 0.546766639 0.002645907 0.999984324 0.004932434 -0.647203028 -0.003158538 -0.004924069 0.999982893 18.827669144
0.999990284 -0.003696580 0.002399257 0.521283686 0.003681699 0.999974072 0.006177638 -0.653922915 -0.002422032 -0.006168744 0.999978065 18.879161835
0.999991536 -0.003290075 0.002447954 0.526126266 0.003274563 0.999974668 0.006313943 -0.668080389 -0.002468666 -0.006305874 0.999977112 19.367885590
0.999992430 -0.002674697 0.002824083 0.523486018 0.002658413 0.999979913 0.005754283 -0.681462646 -0.002839416 -0.005746731 0.999979496 19.873016357
0.999994218 -0.002662359 0.002115640 0.537452996 0.002650239 0.999980152 0.005711322 -0.694058120 -0.002130804 -0.005705681 0.999981463 20.402931213
0.999988437 -0.004516661 0.001606048 0.503842473 0.004506596 0.999970555 0.006215638 -0.708023548 -0.001634074 -0.006208329 0.999979317 20.564310074
0.999990940 -0.003788542 0.001928591 0.504611373 0.003775352 0.999969780 0.006797542 -0.724232137 -0.001954285 -0.006790200 0.999975026 21.099628448
0.999992490 -0.003555830 0.001523034 0.500442147 0.003546107 0.999973714 0.006339939 -0.736205697 -0.001545538 -0.006334492 0.999978721 21.626205444
0.999984443 -0.005565059 0.000442591 0.494566381 0.005562047 0.999963164 0.006537467 -0.763932586 -0.000478956 -0.006534903 0.999978542 21.893157959
0.999981523 -0.006092466 -0.000062189 0.499753803 0.006092737 0.999961674 0.006278542 -0.775401175 0.000023934 -0.006278804 0.999980330 22.431571960
0.999985635 -0.005302999 -0.000689654 0.501478076 0.005307268 0.999965787 0.006343886 -0.788474977 0.000655988 -0.006347456 0.999979734 22.963443756
0.999987900 -0.004696774 -0.001458956 0.565038145 0.004707278 0.999962330 0.007281283 -0.804851830 0.001424703 -0.007288063 0.999972343 23.458829880
0.999985754 -0.004782057 -0.002369316 0.570913792 0.004798504 0.999964058 0.006985014 -0.810125589 0.002335828 -0.006996284 0.999972761 24.000062943
0.999991357 -0.003700285 -0.001902988 0.571715355 0.003713094 0.999970138 0.006772156 -0.818140984 0.001877872 -0.006779165 0.999975204 24.534811020
0.999982059 -0.005075144 -0.003162156 0.606619477 0.005096583 0.999963820 0.006809098 -0.817711592 0.003127485 -0.006825092 0.999971747 25.091077805
0.999983668 -0.004813987 -0.003060201 0.598982334 0.004836602 0.999960721 0.007425982 -0.838888049 0.003024332 -0.007440662 0.999967754 25.554588318
0.999982357 -0.004865963 -0.003420087 0.610713899 0.004891295 0.999960363 0.007438095 -0.858633518 0.003383758 -0.007454693 0.999966562 26.103340149
0.999978840 -0.004936073 -0.004237049 0.620609224 0.004966978 0.999960840 0.007314404 -0.865893006 0.004200779 -0.007335293 0.999964237 26.649394989
0.999976099 -0.005171821 -0.004571818 0.637316644 0.005203631 0.999962151 0.006973851 -0.872801900 0.004535577 -0.006997476 0.999965250 27.185615540
0.999983549 -0.003735817 -0.004350942 0.624378026 0.003766960 0.999967158 0.007171477 -0.879900336 0.004324008 -0.007187749 0.999964774 27.788761139
0.999976933 -0.004626425 -0.004967639 0.622194946 0.004665840 0.999957502 0.007952495 -0.895753384 0.004930637 -0.007975489 0.999956012 28.071857452
0.999980390 -0.004155488 -0.004664811 0.631339371 0.004194641 0.999955833 0.008415349 -0.916908979 0.004629635 -0.008434751 0.999953687 28.607173920
0.999979377 -0.003995902 -0.005009629 0.637403965 0.004034529 0.999961972 0.007724122 -0.926529408 0.004978574 -0.007744176 0.999957561 29.165182114
0.999979436 -0.003519831 -0.005369732 0.652017891 0.003563534 0.999960423 0.008151093 -0.930083394 0.005340828 -0.008170059 0.999952316 29.663494110
0.999982357 -0.003047265 -0.005104435 0.644161165 0.003086154 0.999966145 0.007628419 -0.929000080 0.005081016 -0.007644037 0.999957800 30.159225464
0.999977171 -0.003572484 -0.005734300 0.665164173 0.003617456 0.999962628 0.007851435 -0.954075694 0.005706037 -0.007872000 0.999952674 30.659658432
0.999972403 -0.003902202 -0.006314187 0.678320587 0.003949367 0.999964237 0.007474585 -0.965598881 0.006284794 -0.007499316 0.999952137 31.202640533
0.999973297 -0.003836493 -0.006208518 0.666588247 0.003885241 0.999961615 0.007858766 -0.985435486 0.006178129 -0.007882680 0.999949813 31.721534729
0.999972701 -0.003611638 -0.006448482 0.667105496 0.003664423 0.999959767 0.008192653 -1.000443459 0.006418633 -0.008216060 0.999945581 32.265266418
0.999979913 -0.002999748 -0.005582339 0.609715998 0.003040362 0.999968827 0.007281180 -0.956865430 0.005560323 -0.007298006 0.999957919 32.741775513
0.999972463 -0.003547479 -0.006512290 0.644045115 0.003599064 0.999962032 0.007926682 -1.034265041 0.006483925 -0.007949901 0.999947309 33.506557465
0.999974072 -0.002822614 -0.006624374 0.641258001 0.002869837 0.999970436 0.007129997 -1.041523099 0.006604053 -0.007148822 0.999952614 34.065380096
0.999975026 -0.001302727 -0.006947439 0.659885943 0.001350841 0.999975085 0.006925273 -1.045768857 0.006938243 -0.006934485 0.999951899 34.642139435
0.999977291 -0.002083925 -0.006414729 0.624614358 0.002135511 0.999965310 0.008045515 -1.074927092 0.006397740 -0.008059031 0.999947071 35.058570862
0.999978006 -0.002354560 -0.006194785 0.617005587 0.002398624 0.999971747 0.007115228 -1.071637273 0.006177857 -0.007129930 0.999955535 35.684844971
0.999977291 -0.000062588 -0.006743095 0.662923038 0.000102552 0.999982357 0.005926445 -1.060760736 0.006742605 -0.005927001 0.999959707 36.283218384
0.999961674 -0.003622863 -0.007979829 0.675000668 0.003684642 0.999963224 0.007740831 -1.124175072 0.007951491 -0.007769937 0.999938130 36.869514465
0.999956548 -0.003780085 -0.008525397 0.712135375 0.003839926 0.999967933 0.007013725 -1.119513392 0.008498613 -0.007046156 0.999939024 37.426929474
0.999962568 -0.004468664 -0.007397505 0.634246111 0.004531225 0.999953926 0.008462152 -1.162865877 0.007359349 -0.008495355 0.999936819 37.854705811
0.999965012 -0.004166335 -0.007254459 0.638583422 0.004224391 0.999959052 0.008005993 -1.173460603 0.007220805 -0.008036360 0.999941647 38.406967163
0.999958456 -0.004237969 -0.008070569 0.661029696 0.004298837 0.999962330 0.007539582 -1.177285194 0.008038311 -0.007573963 0.999938905 38.952487946
0.999957204 -0.004069691 -0.008312616 0.676755786 0.004128951 0.999966025 0.007124240 -1.180077195 0.008283341 -0.007158257 0.999940038 39.504268646
0.999957979 -0.004182281 -0.008160126 0.664714456 0.004246330 0.999960244 0.007847631 -1.198951721 0.008126982 -0.007881952 0.999935925 40.072853088
0.999954998 -0.004684751 -0.008247221 0.688472152 0.004756161 0.999951184 0.008660481 -1.234759450 0.008206245 -0.008699317 0.999928474 40.579086304
0.999952614 -0.004678223 -0.008541709 0.693922281 0.004744311 0.999958873 0.007733342 -1.208619952 0.008505179 -0.007773500 0.999933541 41.133365631
0.999955475 -0.005637126 -0.007568019 0.608540773 0.005708797 0.999938846 0.009482444 -1.273212194 0.007514101 -0.009525228 0.999926329 41.593688965
0.999957502 -0.005472079 -0.007415236 0.607575417 0.005544189 0.999937236 0.009739100 -1.285238504 0.007361477 -0.009779798 0.999925017 42.134986877
0.999954820 -0.005577704 -0.007688368 0.621231019 0.005642230 0.999948800 0.008396794 -1.281063676 0.007641139 -0.008439794 0.999935150 42.678966522
0.999954641 -0.005109977 -0.008041373 0.639751196 0.005173380 0.999955535 0.007883708 -1.272181273 0.008000730 -0.007924952 0.999936521 43.221954346
0.999952495 -0.005512074 -0.008038426 0.639915347 0.005579045 0.999949694 0.008332829 -1.302600384 0.007992090 -0.008377280 0.999932945 43.719894409
0.999953628 -0.005472156 -0.007919503 0.636542320 0.005541698 0.999945939 0.008785947 -1.319072485 0.007870997 -0.008829429 0.999930024 44.233718872
0.999963701 -0.003945517 -0.007540588 0.668031752 0.004011826 0.999953270 0.008798726 -1.345694780 0.007505520 -0.008828660 0.999932826 44.759979248
0.999966741 -0.003061623 -0.007562766 0.652508974 0.003130946 0.999952972 0.009171495 -1.378000021 0.007534331 -0.009194868 0.999929368 45.318553925
0.999973118 -0.002469253 -0.006901414 0.651970148 0.002532832 0.999954283 0.009218978 -1.388823152 0.006878333 -0.009236210 0.999933779 45.866500854
0.999971330 -0.002843348 -0.007024397 0.657456934 0.002906440 0.999955356 0.008988024 -1.398469448 0.006998528 -0.009008182 0.999935031 46.422882080
0.999975026 -0.001796899 -0.006841585 0.659351707 0.001858367 0.999957919 0.008988705 -1.412781954 0.006825145 -0.009001194 0.999936283 46.949905396
0.999965429 -0.003075200 -0.007728900 0.694337606 0.003142489 0.999957085 0.008709127 -1.423565149 0.007701787 -0.008733115 0.999932230 47.488208771
0.999967337 -0.003300751 -0.007387566 0.667719364 0.003364959 0.999956548 0.008695846 -1.443312883 0.007358542 -0.008720421 0.999934912 48.038593292
0.999963522 -0.003895751 -0.007601481 0.657639265 0.003968536 0.999946177 0.009583627 -1.477980971 0.007563739 -0.009613444 0.999925196 48.516967773
0.999965310 -0.003258996 -0.007667941 0.670635939 0.003330567 0.999950826 0.009339578 -1.484348655 0.007637125 -0.009364792 0.999927044 49.061347961
0.999968410 -0.002728025 -0.007457915 0.659603119 0.002799544 0.999949992 0.009596041 -1.495818734 0.007431364 -0.009616618 0.999926150 49.614177704
0.999957740 -0.003757587 -0.008385086 0.688748956 0.003834743 0.999950171 0.009204593 -1.500253201 0.008350085 -0.009236360 0.999922514 50.101531982
0.999947309 -0.005169073 -0.008861284 0.694119930 0.005256106 0.999937892 0.009826823 -1.512990952 0.008809937 -0.009872881 0.999912500 50.649471283
0.999961436 -0.003221831 -0.008169254 0.697616994 0.003296365 0.999952853 0.009126748 -1.503608108 0.008139467 -0.009153324 0.999924958 51.135215759
0.999966979 -0.002944599 -0.007571121 0.698626220 0.003013853 0.999953449 0.009151904 -1.513565183 0.007543822 -0.009174420 0.999929488 51.656490326
0.999968112 -0.003024488 -0.007392637 0.665895581 0.003090284 0.999955535 0.008904939 -1.517522454 0.007365376 -0.008927500 0.999932945 52.174083710
0.999961317 -0.003273712 -0.008153344 0.684814155 0.003347165 0.999953806 0.009011566 -1.552131534 0.008123467 -0.009038510 0.999926150 52.728424072
0.999960244 -0.002917822 -0.008431731 0.732323647 0.002986807 0.999962091 0.008180687 -1.523092270 0.008407542 -0.008205546 0.999930978 53.281414032
0.999967992 -0.003025895 -0.007403429 0.668023407 0.003092333 0.999954879 0.008979129 -1.568725228 0.007375927 -0.009001737 0.999932289 53.697128296
0.999971211 -0.003370527 -0.006798112 0.652971983 0.003441247 0.999939919 0.010418152 -1.603161812 0.006762586 -0.010441247 0.999922633 54.194736481
0.999970853 -0.003248530 -0.006908403 0.663992643 0.003319692 0.999941289 0.010314524 -1.605729818 0.006874491 -0.010337157 0.999922991 54.727424622
0.999971092 -0.003315043 -0.006843869 0.675505579 0.003378636 0.999951124 0.009301434 -1.613865614 0.006812699 -0.009324289 0.999933362 55.310226440
0.999969184 -0.003498422 -0.007031355 0.668047786 0.003567471 0.999945283 0.009831537 -1.629924536 0.006996574 -0.009856318 0.999926925 55.858146667
0.999957085 -0.004504925 -0.008097941 0.710178971 0.004586214 0.999939024 0.010047860 -1.624257803 0.008052181 -0.010084566 0.999916673 56.312088013
0.999971151 -0.003632023 -0.006673711 0.637955666 0.003697814 0.999944389 0.009872505 -1.637784243 0.006637483 -0.009896897 0.999929011 56.827152252
0.999972761 -0.003682352 -0.006390711 0.655942559 0.003747760 0.999940395 0.010253249 -1.659562349 0.006352574 -0.010276919 0.999926984 57.314781189
0.999960542 -0.003914088 -0.007988037 0.707093716 0.003994816 0.999940872 0.010115236 -1.644867659 0.007947973 -0.010146745 0.999916911 57.871494293
0.999957263 -0.004220360 -0.008226526 0.723937511 0.004297497 0.999946713 0.009381564 -1.654741526 0.008186496 -0.009416515 0.999922156 58.432582855
0.999940097 -0.004542188 -0.009959336 0.807248771 0.004650355 0.999930143 0.010864739 -1.689594030 0.009909289 -0.010910402 0.999891400 58.899982452
0.999947906 -0.004281742 -0.009264117 0.797783852 0.004373541 0.999941289 0.009911680 -1.689860106 0.009221132 -0.009951680 0.999907970 59.438426971
0.999954104 -0.004012662 -0.008699948 0.793069720 0.004102288 0.999938428 0.010308516 -1.686790943 0.008658050 -0.010343732 0.999908984 59.942871094
0.999958992 -0.003758714 -0.008234901 0.749183476 0.003842476 0.999940813 0.010179522 -1.682009697 0.008196153 -0.010210748 0.999914229 60.501552582
0.999961495 -0.003628105 -0.008003566 0.752471328 0.003703892 0.999948323 0.009474767 -1.688253641 0.007968779 -0.009504045 0.999923050 61.052112579
0.999965191 -0.003240922 -0.007691463 0.733294904 0.003318701 0.999943256 0.010121255 -1.727462530 0.007658225 -0.010146429 0.999919236 61.577205658
0.999957919 -0.003187428 -0.008603925 0.800378919 0.003275391 0.999942303 0.010228881 -1.723069668 0.008570827 -0.010256632 0.999910653 62.139434814
0.999962628 -0.002556808 -0.008263108 0.767630100 0.002637699 0.999948561 0.009793391 -1.729453564 0.008237644 -0.009814821 0.999917924 62.635578156
0.999949574 -0.004658645 -0.008888172 0.794456482 0.004748347 0.999937713 0.010098030 -1.731728911 0.008840575 -0.010139727 0.999909461 63.191131592
0.999953091 -0.004345112 -0.008655341 0.811065376 0.004433916 0.999937415 0.010267319 -1.752672791 0.008610187 -0.010305216 0.999909818 63.715461731
0.999953449 -0.004782028 -0.008378940 0.802400470 0.004860922 0.999943793 0.009420828 -1.743900776 0.008333417 -0.009461117 0.999920547 64.283630371
0.999961853 -0.004439794 -0.007523952 0.811448753 0.004510068 0.999946117 0.009348965 -1.747964859 0.007482039 -0.009382542 0.999927938 64.833724976
0.999955654 -0.004313279 -0.008380172 0.856153905 0.004394721 0.999943078 0.009724362 -1.756860614 0.008337750 -0.009760763 0.999917567 65.403198242
0.999934137 -0.006197991 -0.009663664 0.885394692 0.006288226 0.999936640 0.009335335 -1.758039355 0.009605191 -0.009395488 0.999909759 65.988563538
0.999948382 -0.004883450 -0.008899772 0.835841238 0.004972782 0.999937117 0.010043178 -1.778392911 0.008850168 -0.010086917 0.999909937 66.445892334
0.999950290 -0.004464712 -0.008916661 0.850340188 0.004549894 0.999943972 0.009555844 -1.787447453 0.008873498 -0.009595939 0.999914587 66.983352661
0.999950469 -0.004705422 -0.008768884 0.855210423 0.004791825 0.999939859 0.009858447 -1.796758890 0.008721970 -0.009899977 0.999912918 67.532806396
0.999943495 -0.005056459 -0.009354599 0.874401450 0.005147669 0.999939263 0.009751999 -1.809199095 0.009304719 -0.009799602 0.999908626 68.043594360
0.999937475 -0.005454822 -0.009767518 0.883909523 0.005548954 0.999938190 0.009636156 -1.812669039 0.009714354 -0.009689753 0.999905825 68.572212219
0.999931812 -0.006841716 -0.009462354 0.827949643 0.006934388 0.999927938 0.009795755 -1.822907686 0.009394655 -0.009860704 0.999907196 69.140800476
0.999933958 -0.006843193 -0.009234876 0.830272734 0.006932997 0.999928594 0.009727663 -1.837666988 0.009167651 -0.009791046 0.999909997 69.697959900
0.999933064 -0.006617636 -0.009483697 0.841214955 0.006707853 0.999932230 0.009512822 -1.847778320 0.009420100 -0.009575801 0.999909818 70.252906799
0.999916553 -0.007771940 -0.010312778 0.846066117 0.007867453 0.999926209 0.009253516 -1.851441026 0.010240101 -0.009333881 0.999903977 70.806419373
0.999910891 -0.008527055 -0.010270897 0.880769312 0.008623633 0.999918640 0.009395725 -1.857140064 0.010189944 -0.009483460 0.999903142 71.429924011
0.999929845 -0.006965800 -0.009577952 0.861842155 0.007059942 0.999926805 0.009830497 -1.878056526 0.009508773 -0.009897428 0.999905825 71.932334900
0.999924481 -0.007409081 -0.009800232 0.895873189 0.007503615 0.999925315 0.009644815 -1.877553701 0.009728041 -0.009717626 0.999905467 72.276260376
0.999913812 -0.008242608 -0.010216867 0.902780831 0.008345504 0.999914527 0.010069840 -1.892992496 0.010132988 -0.010154238 0.999897182 72.813056946
0.999909818 -0.008409590 -0.010467157 0.927755117 0.008515104 0.999912977 0.010076981 -1.903965950 0.010381504 -0.010165202 0.999894381 73.313796997
0.999915540 -0.008264811 -0.010031248 0.928274810 0.008355983 0.999923885 0.009081037 -1.903916359 0.009955429 -0.009164090 0.999908388 73.859855652
0.999918461 -0.007836306 -0.010085701 0.897806406 0.007934521 0.999921143 0.009735116 -1.914744973 0.010008618 -0.009814347 0.999901772 74.398521423
0.999917984 -0.007616241 -0.010300413 0.898062170 0.007710641 0.999928355 0.009156123 -1.912355900 0.010229940 -0.009234793 0.999904990 74.968307495
0.999925494 -0.007241918 -0.009826403 0.873548031 0.007330246 0.999932766 0.008982779 -1.925351381 0.009760690 -0.009054141 0.999911427 75.553237915
0.999913752 -0.008353660 -0.010137808 0.900600433 0.008446205 0.999922752 0.009120461 -1.913525224 0.010060836 -0.009205300 0.999907076 76.061599731
0.999931931 -0.006801219 -0.009479813 0.888760448 0.006894567 0.999927700 0.009849363 -1.937882066 0.009412140 -0.009914052 0.999906540 76.543403625
0.999927461 -0.007643977 -0.009306203 0.899615645 0.007730636 0.999926746 0.009311862 -1.943150282 0.009234340 -0.009383130 0.999913335 77.107673645
0.999935389 -0.007497943 -0.008544435 0.894740880 0.007573531 0.999932230 0.008848719 -1.946277738 0.008477505 -0.008912858 0.999924302 77.690963745
0.999953926 -0.007001808 -0.006564762 0.894967616 0.007061303 0.999933779 0.009083909 -1.960996151 0.006500722 -0.009129846 0.999937177 78.185783386
0.999956071 -0.007877560 -0.005066916 0.893108726 0.007923818 0.999926507 0.009175188 -1.971381903 0.004994266 -0.009214934 0.999945045 78.732292175
0.999962151 -0.007188712 -0.004893120 0.919040203 0.007234067 0.999930441 0.009315540 -1.980602980 0.004825814 -0.009350584 0.999944627 79.264533997
0.999971151 -0.007503741 -0.001172424 0.908851385 0.007513877 0.999932170 0.008893692 -1.974434376 0.001105609 -0.008902245 0.999959707 79.778648376
0.999970436 -0.007337596 0.002291445 0.928114891 0.007317067 0.999934196 0.008841997 -1.968050003 -0.002356173 -0.008824971 0.999958277 80.316101074
0.999959648 -0.007518929 0.004900537 0.976827264 0.007473982 0.999930382 0.009126624 -1.993121624 -0.004968819 -0.009089628 0.999946356 80.845970154
0.999931633 -0.007075035 0.009309893 0.979220569 0.006994529 0.999938071 0.008651673 -1.992518187 -0.009370528 -0.008585964 0.999919236 81.396324158
0.999853075 -0.006431474 0.015890706 0.975971937 0.006282499 0.999936044 0.009407219 -2.021425009 -0.015950190 -0.009306006 0.999829471 81.980140686
0.999747455 -0.007432045 0.021206630 0.991231441 0.007240078 0.999932170 0.009114660 -2.021773577 -0.021272931 -0.008958820 0.999733567 82.480560303
0.999590993 -0.006592259 0.027827129 1.015303731 0.006327722 0.999934077 0.009583816 -2.037676811 -0.027888471 -0.009403815 0.999566734 83.022201538
0.999324560 -0.006698105 0.036133505 1.036221385 0.006359329 0.999934793 0.009482460 -2.032850504 -0.036194660 -0.009246270 0.999301970 83.600944519
0.999011517 -0.006888879 0.043915756 1.107157230 0.006456772 0.999929368 0.009973725 -2.065634489 -0.043981358 -0.009680313 0.998985410 84.108314514
0.998670995 -0.007340185 0.051015388 1.151979685 0.006823435 0.999923706 0.010296097 -2.075212955 -0.051087074 -0.009934312 0.998644888 84.639976501
0.998232424 -0.005896701 0.059137933 1.273827553 0.005278041 0.999929726 0.010612063 -2.147381544 -0.059196353 -0.010281173 0.998193383 85.186614990
0.997544229 -0.007336121 0.069654301 1.272572041 0.006648316 0.999926865 0.010101258 -2.103364706 -0.069723301 -0.009613367 0.997520149 85.745895386
0.996839106 -0.007587347 0.079083882 1.328839302 0.006810043 0.999925792 0.010093942 -2.107679129 -0.079154611 -0.009523471 0.996816874 86.304992676
0.996201277 -0.008531610 0.086662710 1.386432648 0.007758218 0.999927044 0.009257064 -2.105511427 -0.086735360 -0.008549551 0.996194661 86.899879456
0.995227039 -0.007398262 0.097306482 1.464595795 0.006474352 0.999930918 0.009807180 -2.126673937 -0.097372308 -0.009130373 0.995206118 87.484832764
0.994105101 -0.008523831 0.108085096 1.518417358 0.007526784 0.999925256 0.009629262 -2.130309820 -0.108159095 -0.008758965 0.994094968 88.025421143
0.993029714 -0.006937654 0.117659323 1.597782135 0.005702751 0.999925077 0.010828990 -2.140316248 -0.117725626 -0.010082529 0.992994905 88.425697327
0.991658211 -0.006451522 0.128733769 1.689188957 0.005017791 0.999921739 0.011458404 -2.154018641 -0.128797621 -0.010716862 0.991612911 88.974571228
0.989909351 -0.005645870 0.141589537 1.775206566 0.004060691 0.999925792 0.011482035 -2.160499334 -0.141643897 -0.010791223 0.989858806 89.518943787
0.988364458 -0.006775887 0.151952684 1.885669708 0.005221339 0.999929845 0.010627158 -2.163633585 -0.152014047 -0.009710110 0.988330603 90.049522400
0.986837924 -0.006541403 0.161579609 1.983311653 0.004744442 0.999922514 0.011504551 -2.180574417 -0.161642343 -0.010586521 0.986792624 90.574798584
0.984777570 -0.007896425 0.173639342 2.081349373 0.006068827 0.999920487 0.011053668 -2.179739714 -0.173712835 -0.009831619 0.984747231 91.109931946
0.982522011 -0.007755068 0.185984775 2.229522705 0.005761818 0.999920070 0.011255414 -2.181111336 -0.186057225 -0.009987080 0.982488155 91.776100159
0.980400383 -0.007999055 0.196853057 2.358664513 0.005884408 0.999918520 0.011324840 -2.190913916 -0.196927637 -0.009944513 0.980367601 92.313926697
0.977609813 -0.007802102 0.210280627 2.493003845 0.005448640 0.999915838 0.011769040 -2.198749065 -0.210354760 -0.010359789 0.977570176 92.845794678
0.974385142 -0.007935502 0.224745706 2.627140045 0.005408288 0.999915004 0.011858165 -2.206668854 -0.224820748 -0.010338932 0.974345267 93.337646484
0.971733391 -0.007696997 0.235955313 2.760078430 0.005068452 0.999918103 0.011744530 -2.215438843 -0.236026391 -0.010216623 0.971692920 93.858642578
0.968820632 -0.008332940 0.247623205 2.934179306 0.005562024 0.999913812 0.011887497 -2.230343819 -0.247700959 -0.010139564 0.968783379 94.359840393
0.965184689 -0.008543727 0.261429578 3.109880447 0.005677418 0.999915242 0.011717288 -2.240930557 -0.261507511 -0.009825103 0.965151370 94.861297607
0.961552739 -0.007045242 0.274530083 3.300598145 0.003910253 0.999920666 0.011965062 -2.261620522 -0.274592638 -0.010431555 0.961504102 95.369590759
0.958352923 -0.009325534 0.285434604 3.461902618 0.006015949 0.999904096 0.012469546 -2.277029037 -0.285523474 -0.010233065 0.958317161 95.948844910
0.954013586 -0.008932783 0.299630284 3.648868561 0.005497911 0.999909163 0.012304799 -2.266220093 -0.299712986 -0.010091603 0.953976035 96.513252258
0.949274719 -0.009310765 0.314310163 3.843172073 0.005698071 0.999906719 0.012410868 -2.273567200 -0.314396411 -0.009990362 0.949239254 97.036453247
0.945424438 -0.008648469 0.325726658 4.033298492 0.004803524 0.999908924 0.012606624 -2.284932613 -0.325806051 -0.010353975 0.945379913 97.526145935
0.941079915 -0.008924013 0.338066697 4.227605820 0.004881347 0.999906063 0.012806457 -2.300735235 -0.338149279 -0.010401678 0.941034973 98.034187317
0.935957313 -0.010137231 0.351967603 4.471412659 0.006145920 0.999903500 0.012455505 -2.303238392 -0.352059960 -0.009494655 0.935929239 98.585662842
0.931143761 -0.009893396 0.364517957 4.678888321 0.005496348 0.999899089 0.013098139 -2.322154522 -0.364610702 -0.010192735 0.931104243 99.116348267
0.926539719 -0.010022581 0.376063406 4.923465729 0.005576153 0.999901116 0.012910219 -2.328722954 -0.376155704 -0.009864843 0.926503956 99.644905090
0.920784414 -0.010406515 0.389932990 5.239177704 0.005979565 0.999903202 0.012565278 -2.308893681 -0.390026003 -0.009238283 0.920757532 100.312530518
0.915358901 -0.011017897 0.402488202 5.488201141 0.006778983 0.999905467 0.011954774 -2.314948559 -0.402581930 -0.008214448 0.915347099 100.807472229
0.910522699 -0.012229419 0.413278073 5.729366302 0.007655991 0.999889791 0.012720536 -2.324648619 -0.413388103 -0.008418286 0.910516024 101.293342590
0.905153513 -0.012248202 0.424908191 5.986469269 0.007501371 0.999889433 0.012842667 -2.339431286 -0.425018489 -0.008437193 0.905145407 101.774581909
0.898237824 -0.011581078 0.439357251 6.238334656 0.006457918 0.999892592 0.013153509 -2.347153902 -0.439462423 -0.008977645 0.898216188 102.273178101
0.892474949 -0.012093714 0.450934917 6.470783234 0.006737212 0.999886513 0.013482096 -2.352878094 -0.451046795 -0.008994389 0.892455041 102.747817993
0.886838198 -0.012562330 0.461909235 6.711101532 0.007038070 0.999881685 0.013680641 -2.379965782 -0.462026447 -0.008881567 0.886821747 103.116790771
0.878454506 -0.012267281 0.477668375 6.861606598 0.006531423 0.999885201 0.013667048 -2.379909992 -0.477781206 -0.008886027 0.878433883 103.577728271
