1.000000000 0.000000000 0.000000000 0.000000000 0.000000000 1.000000000 0.000000000 0.000000000 0.000000000 0.000000000 1.000000000 0.000000000
1.000000000 0.000059758 0.000039208 -0.000654476 -0.000059761 1.000000000 0.000069217 0.000011554 -0.000039204 -0.000069219 1.000000000 -0.000095963
1.000000000 -0.000034378 0.000083861 -0.001001748 0.000034379 1.000000000 -0.000013537 0.000288290 -0.000083861 0.000013540 1.000000000 -0.000152279
1.000000000 0.000065395 0.000050091 -0.000284104 -0.000065397 1.000000000 0.000031199 -0.000110162 -0.000050089 -0.000031202 1.000000000 0.000219823
1.000000000 0.000077375 0.000187705 -0.001583068 -0.000077386 1.000000000 0.000056668 -0.000580693 -0.000187701 -0.000056683 1.000000000 -0.000119398
1.000000000 -0.000134571 -0.000003833 0.000013542 0.000134571 1.000000000 -0.000027912 0.000292240 0.000003837 0.000027911 1.000000000 0.000001050
1.000000000 0.000071461 0.000159663 -0.001830334 -0.000071469 1.000000000 0.000053963 -0.000363382 -0.000159659 -0.000053974 1.000000000 0.000001904
1.000000000 0.000050821 0.000075689 -0.001145542 -0.000050819 1.000000000 -0.000026743 -0.000202575 -0.000075691 0.000026739 1.000000000 -0.000956726
1.000000000 0.000067031 0.000154402 -0.001243480 -0.000067032 1.000000000 0.000007842 -0.000989579 -0.000154402 -0.000007852 1.000000000 -0.000798313
1.000000000 0.000103040 0.000141611 -0.001534103 -0.000103059 1.000000000 0.000132724 -0.001033872 -0.000141597 -0.000132739 1.000000000 0.000714031
1.000000000 0.000045147 0.000132937 -0.001003095 -0.000045154 1.000000000 0.000052837 -0.000224514 -0.000132935 -0.000052843 1.000000000 -0.000217684
1.000000000 0.000105876 0.000137359 -0.001344002 -0.000105886 1.000000000 0.000074406 -0.001208261 -0.000137351 -0.000074421 1.000000000 -0.000813840
1.000000000 0.000046124 0.000131132 -0.000880997 -0.000046130 1.000000000 0.000043827 -0.000169716 -0.000131130 -0.000043833 1.000000000 0.000064941
1.000000000 0.000154884 0.000112318 -0.001365575 -0.000154871 1.000000000 -0.000114428 0.000963795 -0.000112335 0.000114410 1.000000000 0.000164707
1.000000000 0.000103607 0.000097390 -0.001105362 -0.000103607 1.000000000 -0.000003073 0.000593833 -0.000097391 0.000003063 1.000000000 0.000157732
0.999999940 0.000259510 0.000197250 -0.001923465 -0.000259497 0.999999940 -0.000067420 0.001478160 -0.000197268 0.000067368 1.000000000 0.001378865
0.999999881 0.000383149 0.000205421 -0.002684676 -0.000383143 0.999999940 -0.000028578 0.000859099 -0.000205432 0.000028499 1.000000000 0.002059042
0.999999940 0.000229879 0.000249759 -0.002072977 -0.000229876 1.000000000 -0.000008433 0.001309720 -0.000249761 0.000008376 0.999999940 0.001738902
0.999999940 0.000176426 0.000253665 -0.002105299 -0.000176407 1.000000000 -0.000073954 0.000833872 -0.000253678 0.000073909 0.999999940 0.000835895
0.999999940 0.000252701 0.000243085 -0.002492709 -0.000252702 0.999999940 0.000005537 0.000300669 -0.000243083 -0.000005599 1.000000000 0.001485798
0.999999940 0.000360658 0.000208265 -0.002276131 -0.000360641 0.999999940 -0.000084698 0.001487995 -0.000208296 0.000084623 1.000000000 0.001288572
0.999999940 0.000290401 0.000197575 -0.002216215 -0.000290392 0.999999940 -0.000046681 0.000764830 -0.000197588 0.000046624 1.000000000 0.001829480
0.999999940 0.000180052 0.000193371 -0.002301918 -0.000180052 1.000000000 -0.000001719 0.000457029 -0.000193372 0.000001684 1.000000000 0.000744396
0.999999940 0.000381855 0.000176937 -0.002148512 -0.000381855 0.999999940 -0.000002434 0.001476565 -0.000176938 0.000002366 1.000000000 0.002370038
0.999999940 0.000329841 0.000248464 -0.002107674 -0.000329849 0.999999940 0.000031151 0.000914099 -0.000248453 -0.000031233 0.999999940 0.001978586
0.999999881 0.000313769 0.000286615 -0.002555964 -0.000313752 0.999999940 -0.000057250 0.002482387 -0.000286633 0.000057160 0.999999940 0.002684350
0.999999940 0.000348865 0.000232220 -0.002072458 -0.000348877 0.999999940 0.000053516 0.001251633 -0.000232201 -0.000053597 1.000000000 0.002278092
0.999999881 0.000416247 0.000158105 -0.002180640 -0.000416228 0.999999881 -0.000120228 0.002122573 -0.000158155 0.000120162 1.000000000 0.001087145
0.999999940 0.000393135 0.000140224 -0.001879839 -0.000393121 0.999999940 -0.000099453 0.002103044 -0.000140263 0.000099398 1.000000000 0.000502314
0.999999881 0.000413396 0.000272703 -0.002408121 -0.000413385 0.999999940 -0.000039869 0.000546961 -0.000272719 0.000039756 0.999999940 0.001023449
0.999999881 0.000382484 0.000319200 -0.002742151 -0.000382475 0.999999940 -0.000028183 0.001814810 -0.000319210 0.000028061 0.999999940 0.002328254
0.999999881 0.000400468 0.000207997 -0.001780721 -0.000400449 0.999999940 -0.000090350 0.002215316 -0.000208033 0.000090267 1.000000000 0.002635718
0.999999881 0.000468948 0.000264303 -0.002341839 -0.000468950 0.999999881 0.000008129 0.000246365 -0.000264300 -0.000008253 0.999999940 0.000292632
0.999999821 0.000483756 0.000328225 -0.003270167 -0.000483752 0.999999881 -0.000010959 0.001094448 -0.000328230 0.000010801 0.999999940 0.002376825
0.999999881 0.000421821 0.000227846 -0.001503369 -0.000421793 0.999999881 -0.000120288 0.001608215 -0.000227896 0.000120192 0.999999940 0.001480262
0.999999940 0.000324953 0.000233822 -0.002099229 -0.000324947 0.999999940 -0.000025832 0.001399264 -0.000233830 0.000025756 1.000000000 0.001805520
0.999999881 0.000458474 0.000205657 -0.002470332 -0.000458456 0.999999881 -0.000087933 0.002784344 -0.000205697 0.000087839 1.000000000 0.001970004
0.999999821 0.000522736 0.000317733 -0.003153302 -0.000522725 0.999999881 -0.000032259 0.001986012 -0.000317750 0.000032093 0.999999940 0.002453660
0.999999881 0.000447734 0.000217480 -0.001364148 -0.000447730 0.999999881 -0.000016359 0.001930448 -0.000217487 0.000016262 1.000000000 0.001066763
0.999999940 0.000329025 0.000228921 -0.001631506 -0.000329004 0.999999940 -0.000091021 0.000779284 -0.000228951 0.000090946 0.999999940 0.000566108
0.999999881 0.000423188 0.000281601 -0.001186901 -0.000423047 0.999999702 -0.000500630 -0.002734972 -0.000281813 0.000500511 0.999999762 0.049188133
0.999999940 0.000244682 0.000194069 0.001164243 -0.000244470 0.999999285 -0.001090008 -0.004147067 -0.000194336 0.001089960 0.999999344 0.140788436
0.999999762 0.000449585 0.000515261 0.001861479 -0.000449110 0.999999464 -0.000920354 -0.008409023 -0.000515675 0.000920122 0.999999464 0.251540214
0.999999762 0.000500901 0.000570993 0.005082141 -0.000500399 0.999999523 -0.000880122 -0.011588766 -0.000571434 0.000879836 0.999999464 0.383454114
0.999999821 0.000462697 0.000431011 0.007438160 -0.000462413 0.999999642 -0.000659493 -0.015015905 -0.000431316 0.000659294 0.999999762 0.525567949
0.999999702 0.000413090 0.000689055 0.004104012 -0.000413012 0.999999821 -0.000112585 -0.027253067 -0.000689101 0.000112300 0.999999702 0.674261630
0.999999821 0.000107529 0.000573531 0.011976539 -0.000107654 0.999999940 0.000218011 -0.032540474 -0.000573507 -0.000218073 0.999999762 0.836367130
0.999999821 0.000026052 0.000627613 0.010882179 -0.000026065 1.000000000 0.000019972 -0.034233622 -0.000627612 -0.000019988 0.999999762 1.009159446
0.999999821 0.000134556 0.000616787 0.015324708 -0.000134689 1.000000000 0.000215733 -0.039500233 -0.000616758 -0.000215816 0.999999762 1.184678197
0.999999523 0.000548742 0.000729563 0.017778894 -0.000548915 0.999999821 0.000237989 -0.043785688 -0.000729433 -0.000238389 0.999999702 1.372403741
0.999999404 0.000862401 0.000445768 0.021275161 -0.000862468 0.999999583 0.000150350 -0.046272848 -0.000445638 -0.000150735 0.999999940 1.566113830
0.999999821 -0.000023595 0.000550368 0.026715372 0.000023085 0.999999523 0.000926780 -0.061133791 -0.000550389 -0.000926767 0.999999404 1.760032535
0.999999583 0.000740277 0.000567534 0.028565604 -0.000740809 0.999999285 0.000937914 -0.064262547 -0.000566839 -0.000938334 0.999999404 1.962181568
0.999999583 -0.000252685 0.000796936 0.032083165 0.000251875 0.999999464 0.001016397 -0.071868770 -0.000797192 -0.001016196 0.999999106 2.174740314
0.999999523 0.000459161 0.000841646 0.035580110 -0.000459798 0.999999523 0.000756065 -0.073851749 -0.000841298 -0.000756451 0.999999344 2.394531012
0.999999523 0.000476580 0.000869384 0.042334780 -0.000477040 0.999999702 0.000529716 -0.079043061 -0.000869132 -0.000530130 0.999999464 2.618767500
0.999999583 0.000020803 0.000843501 0.046970274 -0.000021611 0.999999523 0.000958728 -0.087734573 -0.000843481 -0.000958746 0.999999166 2.848190069
0.999999464 -0.000275429 0.000948163 0.052184589 0.000274399 0.999999344 0.001085897 -0.093885280 -0.000948461 -0.001085636 0.999998927 3.086261749
0.999999523 0.000383047 0.000797982 0.057707701 -0.000383814 0.999999464 0.000961647 -0.096331708 -0.000797613 -0.000961953 0.999999225 3.329125166
0.999999642 0.000288405 0.000785775 0.062168743 -0.000289154 0.999999523 0.000953547 -0.102852367 -0.000785500 -0.000953774 0.999999166 3.580296993
0.999999344 0.000545613 0.001047273 0.063821867 -0.000546502 0.999999523 0.000848735 -0.109922953 -0.001046810 -0.000849306 0.999999046 3.830669880
0.999999344 0.000169589 0.001074351 0.068605542 -0.000170503 0.999999583 0.000850638 -0.116358049 -0.001074207 -0.000850820 0.999999046 4.091380596
0.999999642 0.000120070 0.000824172 0.076103821 -0.000120774 0.999999642 0.000854092 -0.119781211 -0.000824070 -0.000854191 0.999999225 4.352280617
0.999998987 0.000041776 0.001386731 0.076949693 -0.000042845 0.999999702 0.000771108 -0.127108335 -0.001386699 -0.000771166 0.999998808 4.610077381
0.999998510 0.001080473 0.001349463 0.083065979 -0.001081966 0.999998808 0.001106517 -0.137133524 -0.001348266 -0.001107976 0.999998391 4.867650032
0.999998629 0.001202194 0.001070932 0.091504395 -0.001203424 0.999998629 0.001149443 -0.144407034 -0.001069548 -0.001150730 0.999998748 5.125326157
0.999998391 0.000894197 0.001572350 0.090629801 -0.000895682 0.999999106 0.000943994 -0.148709536 -0.001571504 -0.000945400 0.999998331 5.394713402
0.999998450 0.000970348 0.001460693 0.095288485 -0.000971694 0.999999225 0.000921409 -0.158576518 -0.001459797 -0.000922827 0.999998450 5.662053108
0.999998093 0.001103709 0.001594043 0.093664281 -0.001105392 0.999998808 0.001055658 -0.168661699 -0.001592876 -0.001057418 0.999998152 5.925013065
0.999998212 0.001004410 0.001615695 0.103600755 -0.001005674 0.999999166 0.000782188 -0.172729388 -0.001614908 -0.000783812 0.999998391 6.207678795
0.999997973 0.001002346 0.001758551 0.108773284 -0.001004107 0.999998987 0.001000652 -0.178870723 -0.001757546 -0.001002416 0.999997973 6.500450611
0.999997616 0.001375981 0.001700504 0.113634713 -0.001377597 0.999998629 0.000949500 -0.187461689 -0.001699195 -0.000951840 0.999998093 6.787100792
0.999997616 0.001307686 0.001746952 0.122331500 -0.001308958 0.999998987 0.000727002 -0.194709674 -0.001745999 -0.000729287 0.999998212 7.087155819
0.999997973 0.001013019 0.001748554 0.128902763 -0.001014822 0.999998927 0.001030818 -0.204981983 -0.001747508 -0.001032591 0.999997914 7.387955666
0.999997973 0.000993126 0.001741459 0.135089964 -0.000994461 0.999999166 0.000766109 -0.212383226 -0.001740697 -0.000767839 0.999998212 7.697524071
0.999998093 0.000899663 0.001747127 0.142728627 -0.000901382 0.999999106 0.000983495 -0.224015445 -0.001746240 -0.000985068 0.999997973 8.012969017
0.999996841 0.001166104 0.002257095 0.144406036 -0.001168465 0.999998748 0.001045066 -0.232141361 -0.002255874 -0.001047700 0.999996841 8.334265709
0.999998093 0.000691037 0.001859250 0.159128472 -0.000692726 0.999999285 0.000908026 -0.240905851 -0.001858622 -0.000909312 0.999997854 8.654955864
0.999996305 0.001560665 0.002224556 0.158060804 -0.001563230 0.999998093 0.001151918 -0.251957774 -0.002222754 -0.001155392 0.999996781 8.993207932
0.999995530 0.002036935 0.002216514 0.166742280 -0.002039472 0.999997318 0.001142932 -0.263408840 -0.002214180 -0.001147447 0.999996841 9.336551666
0.999995589 0.002120635 0.002036722 0.174649075 -0.002122430 0.999997377 0.000879555 -0.273039281 -0.002034851 -0.000883873 0.999997556 9.668439865
0.999995589 0.001960540 0.002224428 0.181737319 -0.001963201 0.999997377 0.001194201 -0.283615708 -0.002222081 -0.001198563 0.999996841 10.023715019
0.999995828 0.001995585 0.002076108 0.187501401 -0.001998045 0.999997258 0.001183632 -0.292573810 -0.002073741 -0.001187775 0.999997139 10.382799149
0.999996781 0.001731358 0.001847922 0.199636206 -0.001733457 0.999997795 0.001134893 -0.302297294 -0.001845952 -0.001138093 0.999997675 10.743563652
0.999997020 0.001731250 0.001728347 0.208244383 -0.001733539 0.999997616 0.001323671 -0.315770924 -0.001726051 -0.001326663 0.999997616 11.105953217
0.999996960 0.001561121 0.001909275 0.216769293 -0.001563948 0.999997675 0.001480174 -0.327870399 -0.001906960 -0.001483156 0.999997020 11.476050377
0.999996901 0.001540834 0.002021053 0.222271621 -0.001543541 0.999997914 0.001338572 -0.338686049 -0.002018986 -0.001341687 0.999997020 11.857575417
0.999996722 0.001705478 0.001885803 0.233910859 -0.001708727 0.999997020 0.001722760 -0.351860732 -0.001882860 -0.001725977 0.999996722 12.244963646
0.999996305 0.001659911 0.002148753 0.246252880 -0.001664362 0.999996483 0.002071225 -0.368484586 -0.002145307 -0.002074793 0.999995530 12.631449699
0.999994218 0.002183158 0.002608678 0.244670391 -0.002188304 0.999995649 0.001971190 -0.376797438 -0.002604363 -0.001976887 0.999994636 13.024196625
0.999994159 0.001923717 0.002821572 0.256307811 -0.001929583 0.999996006 0.002077593 -0.391366452 -0.002817564 -0.002083025 0.999993801 13.417906761
0.999992788 0.002143315 0.003110864 0.264779210 -0.002150167 0.999995291 0.002201139 -0.401715964 -0.003106131 -0.002207813 0.999992669 13.819374084
0.999991000 0.002677275 0.003282037 0.270654172 -0.002684791 0.999993742 0.002287804 -0.408907980 -0.003275891 -0.002296594 0.999992013 14.244489670
0.999989450 0.002931210 0.003554333 0.279926777 -0.002939469 0.999993026 0.002320438 -0.423605055 -0.003547507 -0.002330862 0.999991000 14.658360481
0.999990880 0.002223899 0.003647442 0.297568530 -0.002232663 0.999994636 0.002400297 -0.435957193 -0.003642084 -0.002408419 0.999990463 15.097450256
0.999989510 0.002479856 0.003884015 0.307133585 -0.002488735 0.999994278 0.002283016 -0.451696903 -0.003878331 -0.002292658 0.999989867 15.539450645
0.999990702 0.001867927 0.003885107 0.320225656 -0.001876018 0.999996066 0.002079847 -0.461093009 -0.003881207 -0.002087116 0.999990344 15.983507156
0.999983549 0.002965410 0.004908393 0.322398782 -0.002977360 0.999992549 0.002428946 -0.471470207 -0.004901153 -0.002443520 0.999984980 16.415309906
0.999983847 0.003065673 0.004774759 0.331281811 -0.003076123 0.999992788 0.002182820 -0.484774441 -0.004768031 -0.002197473 0.999986172 16.858497620
0.999982595 0.002987565 0.005071583 0.349205822 -0.003001390 0.999991715 0.002720626 -0.507740378 -0.005063414 -0.002735801 0.999983430 17.316267014
0.999982893 0.002964887 0.005042949 0.362422734 -0.002979161 0.999991536 0.002825278 -0.518159509 -0.005034530 -0.002840254 0.999983311 17.777692795
0.999982655 0.002615106 0.005295452 0.377072215 -0.002628025 0.999993622 0.002434238 -0.529352367 -0.005289051 -0.002448112 0.999983072 18.243196487
0.999980390 0.002558858 0.005700892 0.386096776 -0.002574333 0.999993026 0.002708883 -0.542668462 -0.005693921 -0.002723507 0.999980032 18.721355438
0.999978244 0.002598428 0.006059630 0.393996328 -0.002617684 0.999991596 0.003171943 -0.558327734 -0.006051336 -0.003187736 0.999976635 19.193489075
0.999975681 0.002787113 0.006389224 0.410394728 -0.002806623 0.999991357 0.003046634 -0.578266203 -0.006380678 -0.003064492 0.999974966 19.655374527
0.999974906 0.003099027 0.006356157 0.416000694 -0.003120095 0.999989569 0.003307297 -0.594227552 -0.006345841 -0.003327045 0.999974370 20.140420914
0.999971807 0.003030138 0.006872800 0.435442805 -0.003055481 0.999988496 0.003679863 -0.607728481 -0.006861571 -0.003700758 0.999969602 20.621276855
0.999978602 0.002704528 0.005969735 0.448736727 -0.002724910 0.999990463 0.003408664 -0.617514908 -0.005960459 -0.003424858 0.999976397 21.125528336
0.999980330 0.002139085 0.005890182 0.465640187 -0.002160153 0.999991298 0.003572646 -0.634189188 -0.005882489 -0.003585299 0.999976218 21.629478455
0.999979019 0.002675007 0.005884597 0.475453645 -0.002694783 0.999990702 0.003355156 -0.646051347 -0.005875566 -0.003370944 0.999977052 22.145462036
0.999982357 0.002517259 0.005377610 0.491692543 -0.002532805 0.999992549 0.002885901 -0.655924499 -0.005370305 -0.002899470 0.999981344 22.664539337
0.999980748 0.003169673 0.005331288 0.496278584 -0.003186399 0.999990046 0.003131670 -0.669652522 -0.005321308 -0.003148598 0.999980867 23.173404694
0.999987364 0.002579540 0.004309569 0.512911797 -0.002593637 0.999991417 0.003268945 -0.684593797 -0.004301100 -0.003280081 0.999985397 23.689558029
0.999990463 0.001750770 0.004009583 0.518440604 -0.001762694 0.999994040 0.002972404 -0.701388776 -0.004004356 -0.002979443 0.999987602 24.211709976
0.999992430 0.001831920 0.003428468 0.533278227 -0.001842167 0.999993801 0.002988034 -0.715718031 -0.003422973 -0.002994328 0.999989569 24.751628876
0.999993742 0.002240564 0.002712087 0.541083276 -0.002249944 0.999991596 0.003460630 -0.728781700 -0.002704310 -0.003466711 0.999990344 25.289173126
0.999993801 0.002661179 0.002354641 0.549480379 -0.002669254 0.999990463 0.003432380 -0.743466198 -0.002345485 -0.003438643 0.999991357 25.826126099
0.999995053 0.002626352 0.001681683 0.564555168 -0.002632343 0.999990165 0.003570583 -0.760773003 -0.001672289 -0.003574992 0.999992192 26.379184723
0.999997318 0.001808174 0.001463430 0.574322164 -0.001813980 0.999990463 0.003976048 -0.770152271 -0.001456227 -0.003978691 0.999991000 26.934942245
0.999997795 0.001928209 0.000753378 0.589893520 -0.001931559 0.999988139 0.004471670 -0.794548035 -0.000744746 -0.004473116 0.999989748 27.487098694
0.999996006 0.002741076 0.000713440 0.599633992 -0.002743761 0.999988973 0.003788879 -0.799399078 -0.000703047 -0.003790821 0.999992549 28.042774200
0.999994874 0.003123647 0.000707096 0.606783152 -0.003126440 0.999987185 0.003983449 -0.814362109 -0.000694644 -0.003985639 0.999991834 28.598295212
0.999994934 0.003118421 0.000589241 0.615056694 -0.003120611 0.999988079 0.003753658 -0.828095496 -0.000577529 -0.003755477 0.999992788 29.150539398
0.999995649 0.002953444 -0.000209188 0.624163508 -0.002952712 0.999989808 0.003418449 -0.838775694 0.000219283 -0.003417816 0.999994159 29.705181122
0.999996603 0.002472308 -0.000848217 0.638766825 -0.002468876 0.999988854 0.004022390 -0.851562500 0.000858152 -0.004020282 0.999991477 30.229047775
0.999995589 0.002855706 -0.000948814 0.648129702 -0.002852024 0.999988496 0.003859615 -0.864108443 0.000959825 -0.003856892 0.999992073 30.775171280
0.999995053 0.002998303 -0.000870688 0.658330917 -0.002994737 0.999987245 0.004068459 -0.880931497 0.000882876 -0.004065833 0.999991357 31.320695877
0.999990821 0.004218332 -0.000757697 0.661607802 -0.004215361 0.999983609 0.003881000 -0.888415992 0.000774056 -0.003877771 0.999992192 31.878465652
0.999993742 0.002776838 -0.002191271 0.687998414 -0.002768355 0.999988616 0.003865205 -0.906832933 0.002201979 -0.003859115 0.999990106 32.403247833
0.999994099 0.002707133 -0.002102872 0.684777021 -0.002697766 0.999986351 0.004444611 -0.926510632 0.002114875 -0.004438912 0.999987900 32.946071625
0.999994159 0.002350334 -0.002470871 0.696691990 -0.002339735 0.999988079 0.004283858 -0.945617080 0.002480909 -0.004278052 0.999987781 33.490394592
0.999993861 0.002477148 -0.002489670 0.705728710 -0.002465662 0.999986351 0.004605714 -0.969760180 0.002501044 -0.004599547 0.999986231 34.014339447
0.999992251 0.002248412 -0.003234135 0.715264738 -0.002233299 0.999986589 0.004669050 -0.975828171 0.003244590 -0.004661791 0.999983847 34.570037842
0.999989927 0.002785207 -0.003522660 0.723922729 -0.002768592 0.999985099 0.004712604 -0.993793786 0.003535734 -0.004702804 0.999982715 35.101814270
0.999992132 0.002006267 -0.003421493 0.728892446 -0.001990965 0.999988019 0.004469857 -1.002359271 0.003430420 -0.004463009 0.999984086 35.657077789
0.999991834 0.002209531 -0.003394891 0.736824512 -0.002193806 0.999986887 0.004628992 -1.016560435 0.003405074 -0.004621507 0.999983549 36.205574036
0.999990821 0.002152324 -0.003701944 0.754309118 -0.002134061 0.999985576 0.004930083 -1.048644423 0.003712502 -0.004922137 0.999980986 36.753585815
0.999992192 0.001755511 -0.003531506 0.750146687 -0.001739406 0.999988079 0.004558290 -1.046010494 0.003539466 -0.004552112 0.999983370 37.310714722
0.999991655 0.001791371 -0.003659939 0.761795700 -0.001774719 0.999988079 0.004548040 -1.059340119 0.003668042 -0.004541507 0.999982953 37.863437653
0.999987721 0.002604227 -0.004216330 0.782010734 -0.002585872 0.999987185 0.004352872 -1.082207918 0.004227612 -0.004341916 0.999981642 38.393341064
0.999989510 0.002215877 -0.004004583 0.787002027 -0.002199415 0.999989092 0.004110566 -1.093027353 0.004013647 -0.004101716 0.999983549 38.933330536
0.999989152 0.002630365 -0.003837660 0.798905849 -0.002614453 0.999988019 0.004145373 -1.113184571 0.003848516 -0.004135295 0.999984026 39.478397369
0.999988437 0.002573815 -0.004068876 0.809333563 -0.002556395 0.999987483 0.004280720 -1.131118417 0.004079843 -0.004270268 0.999982536 40.025699615
0.999988019 0.002549161 -0.004174324 0.818040073 -0.002530542 0.999986827 0.004459413 -1.152981400 0.004185637 -0.004448796 0.999981344 40.568130493
0.999988496 0.002614077 -0.004018718 0.826683044 -0.002597931 0.999988556 0.004017610 -1.161780715 0.004029174 -0.004007123 0.999983847 41.122383118
0.999986649 0.002684977 -0.004412453 0.828841865 -0.002666539 0.999987721 0.004178859 -1.179061651 0.004423619 -0.004167038 0.999981523 41.656578064
0.999986291 0.003203888 -0.004147168 0.831835568 -0.003188615 0.999988139 0.003683986 -1.188136101 0.004158922 -0.003670711 0.999984622 42.208679199
0.999988496 0.002824542 -0.003873161 0.835652649 -0.002808679 0.999987662 0.004094894 -1.207679272 0.003884680 -0.004083968 0.999984145 42.753990173
0.999985039 0.002944966 -0.004608031 0.861176968 -0.002926783 0.999987841 0.003947566 -1.221370459 0.004619601 -0.003934020 0.999981582 43.300659180
0.999984503 0.003038570 -0.004659044 0.877768874 -0.003020000 0.999987602 0.003987654 -1.239676118 0.004671101 -0.003973523 0.999981165 43.844306946
0.999984562 0.003101359 -0.004611433 0.889277518 -0.003083290 0.999987602 0.003920128 -1.249558568 0.004623534 -0.003905849 0.999981642 44.393207550
0.999984562 0.003573346 -0.004234351 0.885277271 -0.003556086 0.999985337 0.004076677 -1.264486432 0.004248856 -0.004061556 0.999982715 44.936477661
0.999984324 0.003230397 -0.004567263 0.896213531 -0.003212059 0.999986768 0.004016635 -1.280803561 0.004580178 -0.004001901 0.999981523 45.481727600
0.999983430 0.003479559 -0.004581148 0.906056106 -0.003459618 0.999984562 0.004353581 -1.303129911 0.004596226 -0.004337660 0.999980032 46.023799896
0.999983609 0.003749019 -0.004358468 0.910721064 -0.003732234 0.999985576 0.003852964 -1.306403518 0.004372850 -0.003836633 0.999983013 46.596748352
0.999981523 0.003875339 -0.004681752 0.919842362 -0.003858019 0.999985695 0.003702778 -1.315791488 0.004696034 -0.003684647 0.999982178 47.161674500
0.999981225 0.004196721 -0.004457728 0.922970653 -0.004178496 0.999983013 0.004089680 -1.332001090 0.004474815 -0.004070977 0.999981701 47.689197540
0.999982536 0.003945598 -0.004390878 0.932156384 -0.003929140 0.999985158 0.003751008 -1.346114397 0.004405613 -0.003733691 0.999983311 48.232528687
0.999982357 0.004137476 -0.004260405 0.942476988 -0.004120050 0.999983251 0.004090992 -1.362169743 0.004277260 -0.004073368 0.999982536 48.768688202
0.999982655 0.004211334 -0.004119560 0.946506500 -0.004195978 0.999984264 0.003728857 -1.368387341 0.004135197 -0.003711508 0.999984562 49.318382263
0.999980509 0.005019302 -0.003707553 0.950660706 -0.005003792 0.999978662 0.004180893 -1.387858510 0.003728460 -0.004162260 0.999984324 49.870059967
0.999982595 0.004709553 -0.003539172 0.957275331 -0.004695663 0.999981403 0.003922732 -1.395842791 0.003557580 -0.003906046 0.999985993 50.416992188
0.999982774 0.004795143 -0.003383098 0.961628675 -0.004782297 0.999981463 0.003794943 -1.413733244 0.003401231 -0.003778699 0.999987066 50.954128265
0.999981463 0.004973080 -0.003518741 0.974749804 -0.004957984 0.999978542 0.004285985 -1.430512309 0.003539979 -0.004268460 0.999984562 51.507755280
0.999979794 0.005294472 -0.003510794 0.981617212 -0.005280205 0.999977767 0.004060614 -1.440533996 0.003532214 -0.004041994 0.999985576 52.050178528
0.999980032 0.005542963 -0.003038090 0.988125265 -0.005531071 0.999977052 0.003909432 -1.454230309 0.003059691 -0.003892550 0.999987721 52.595252991
0.999982953 0.004915565 -0.003181488 1.001360416 -0.004902748 0.999979913 0.004023983 -1.465412617 0.003201204 -0.004008316 0.999986827 53.139320374
0.999981523 0.005234318 -0.003096518 1.009641886 -0.005222738 0.999979377 0.003736125 -1.475441098 0.003116010 -0.003719883 0.999988198 53.691490173
0.999979377 0.005784872 -0.002833582 1.013382435 -0.005775376 0.999977708 0.003347945 -1.487723589 0.002852887 -0.003331510 0.999990404 54.230712891
0.999977589 0.006268370 -0.002323612 1.015757203 -0.006260495 0.999974608 0.003381336 -1.500751734 0.002344749 -0.003366713 0.999991596 54.770679474
0.999977171 0.006352114 -0.002295125 1.023655415 -0.006344358 0.999974191 0.003370886 -1.512854815 0.002316478 -0.003356248 0.999991715 55.323127747
0.999980032 0.005663024 -0.002849067 1.042348146 -0.005654187 0.999979198 0.003100463 -1.522871614 0.002866566 -0.003084291 0.999991119 55.863632202
0.999980390 0.005498415 -0.002988694 1.048691273 -0.005487429 0.999978185 0.003671859 -1.539299965 0.003008818 -0.003655387 0.999988794 56.403442383
0.999979317 0.005666025 -0.003026994 1.060984492 -0.005655956 0.999978423 0.003324923 -1.554451942 0.003045768 -0.003307733 0.999989867 56.946269989
0.999979794 0.005699734 -0.002820572 1.068144321 -0.005690618 0.999978542 0.003230122 -1.563715935 0.002838923 -0.003214006 0.999990821 57.486377716
0.999978244 0.005973610 -0.002794506 1.075523138 -0.005964590 0.999976993 0.003224669 -1.578474283 0.002813705 -0.003207930 0.999990880 58.030635834
0.999980390 0.005608652 -0.002784550 1.085953832 -0.005599737 0.999979198 0.003198923 -1.591800213 0.002802434 -0.003183267 0.999991000 58.567024231
0.999979615 0.005683890 -0.002897417 1.096359849 -0.005674216 0.999978364 0.003336051 -1.605663180 0.002916316 -0.003319542 0.999990225 59.095676422
0.999982119 0.005296794 -0.002776313 1.106983066 -0.005287400 0.999980330 0.003380155 -1.622716546 0.002794162 -0.003365415 0.999990404 59.630809784
0.999980748 0.005380304 -0.003063810 1.117955685 -0.005370631 0.999980569 0.003156459 -1.635889649 0.003080734 -0.003139944 0.999990344 60.171939850
0.999979794 0.005625828 -0.002957714 1.124911427 -0.005615644 0.999978304 0.003439729 -1.649843931 0.002977001 -0.003423050 0.999989688 60.714839935
0.999979436 0.005894437 -0.002524800 1.130266309 -0.005886767 0.999978006 0.003035109 -1.664216399 0.002542634 -0.003020184 0.999992132 61.246910095
0.999979854 0.005956596 -0.002184542 1.138705969 -0.005949241 0.999976635 0.003359511 -1.677296162 0.002204503 -0.003346447 0.999991953 61.792415619
0.999977469 0.006352243 -0.002168944 1.143326759 -0.006345070 0.999974430 0.003297730 -1.695267081 0.002189838 -0.003283894 0.999992192 62.328624725
0.999976993 0.006482535 -0.001979310 1.152578235 -0.006476566 0.999974489 0.003007533 -1.707798123 0.001998755 -0.002994644 0.999993443 62.868999481
0.999974251 0.006849203 -0.002152587 1.163604021 -0.006842322 0.999971509 0.003188550 -1.722884178 0.002174365 -0.003173738 0.999992609 63.405067444
0.999974549 0.006713747 -0.002418806 1.173619628 -0.006706226 0.999972701 0.003103896 -1.738879085 0.002439579 -0.003087596 0.999992251 63.951057434
0.999977291 0.006316757 -0.002360454 1.182885408 -0.006309081 0.999974787 0.003245538 -1.753189325 0.002380896 -0.003230571 0.999991953 64.479690552
0.999977231 0.006313630 -0.002370285 1.188170433 -0.006305909 0.999974787 0.003251291 -1.764591932 0.002390753 -0.003236270 0.999991894 65.022956848
0.999978304 0.006218953 -0.002180813 1.199599266 -0.006211654 0.999975085 0.003336627 -1.781249642 0.002201508 -0.003323008 0.999992073 65.557441711
0.999976397 0.006762180 -0.001242070 1.205603838 -0.006757592 0.999970376 0.003661362 -1.794865847 0.001266792 -0.003652883 0.999992549 66.104072571
0.999976993 0.006491548 -0.001968311 1.210353255 -0.006485812 0.999974728 0.002907608 -1.804785848 0.001987135 -0.002894775 0.999993801 66.653312683
0.999976873 0.006545392 -0.001799125 1.218798518 -0.006539934 0.999974072 0.003022917 -1.822083950 0.001818864 -0.003011081 0.999993742 67.198410034
0.999978423 0.006303967 -0.001841282 1.229983926 -0.006298641 0.999975920 0.002883380 -1.833906174 0.001859414 -0.002871720 0.999994099 67.747528076
0.999979615 0.006077365 -0.001928221 1.242629766 -0.006072120 0.999977887 0.002714230 -1.849141240 0.001944673 -0.002702467 0.999994397 68.289810181
0.999979258 0.006119948 -0.001963918 1.249862909 -0.006115438 0.999978602 0.002294399 -1.860096931 0.001977918 -0.002282342 0.999995410 68.832740784
0.999979496 0.006127835 -0.001868829 1.254202962 -0.006122832 0.999977708 0.002671819 -1.877661228 0.001885160 -0.002660321 0.999994695 69.364768982
0.999976516 0.006643521 -0.001699203 1.265806198 -0.006639908 0.999975622 0.002122487 -1.890880227 0.001713263 -0.002111154 0.999996305 69.904472351
0.999979913 0.006031418 -0.001986322 1.277434707 -0.006027317 0.999979615 0.002064104 -1.904472351 0.001998730 -0.002052090 0.999995947 70.457069397
0.999982417 0.005631406 -0.001837588 1.293924212 -0.005627464 0.999981880 0.002143811 -1.919481874 0.001849628 -0.002133432 0.999996006 70.994361877
0.999983668 0.005381949 -0.001933934 1.302155375 -0.005377853 0.999983251 0.002116085 -1.936961174 0.001945291 -0.002105650 0.999995887 71.534225464
0.999983013 0.005412243 -0.002160907 1.314815879 -0.005406596 0.999981999 0.002610370 -1.955113769 0.002174996 -0.002598643 0.999994278 72.071197510
0.999982774 0.005529043 -0.001941761 1.318275452 -0.005524967 0.999982536 0.002097768 -1.967161059 0.001953324 -0.002087003 0.999995887 72.625221252
0.999984443 0.005178388 -0.002082428 1.332630754 -0.005173474 0.999983788 0.002358411 -1.984157801 0.002094606 -0.002347601 0.999995053 73.168945312
0.999981463 0.005655657 -0.002252206 1.339118242 -0.005649809 0.999980807 0.002593763 -1.998468041 0.002266832 -0.002580991 0.999994040 73.714340210
0.999982178 0.005530924 -0.002254944 1.352589846 -0.005525387 0.999981642 0.002454595 -2.015545607 0.002268479 -0.002442092 0.999994457 74.250930786
0.999981880 0.005587410 -0.002221307 1.364882588 -0.005581220 0.999980509 0.002783430 -2.029423475 0.002236816 -0.002770982 0.999993682 74.789939880
0.999981642 0.005657595 -0.002153406 1.373159170 -0.005652194 0.999980867 0.002506354 -2.043028355 0.002167546 -0.002494137 0.999994516 75.335464478
0.999980211 0.005973072 -0.001950344 1.382938981 -0.005968593 0.999979496 0.002294444 -2.057489872 0.001964009 -0.002282758 0.999995470 75.871803284
0.999979079 0.006180656 -0.001896604 1.389244914 -0.006175933 0.999977827 0.002485884 -2.074764729 0.001911926 -0.002474118 0.999995112 76.411437988
0.999980092 0.006040919 -0.001774454 1.402582765 -0.006036761 0.999979019 0.002338986 -2.090299845 0.001788547 -0.002328227 0.999995708 76.964317322
0.999978006 0.006436510 -0.001579086 1.410253286 -0.006433074 0.999976873 0.002171603 -2.103599548 0.001593027 -0.002161396 0.999996424 77.508209229
0.999979675 0.006003134 -0.002159853 1.424705148 -0.005997550 0.999978662 0.002582679 -2.117380619 0.002175312 -0.002569672 0.999994338 78.045097351
0.999983132 0.005540069 -0.001750036 1.433059931 -0.005535956 0.999981940 0.002346029 -2.136258364 0.001763002 -0.002336301 0.999995708 78.575820923
0.999979615 0.006212969 -0.001484190 1.440894842 -0.006209904 0.999978602 0.002059617 -2.146522045 0.001496955 -0.002050358 0.999996781 79.127403259
0.999979019 0.006244547 -0.001715780 1.452777743 -0.006240414 0.999977648 0.002403391 -2.164178610 0.001730750 -0.002392634 0.999995589 79.650566101
0.999979794 0.006011263 -0.002051001 1.470957637 -0.006006499 0.999979258 0.002321460 -2.181008339 0.002064915 -0.002309094 0.999995232 80.180412292
0.999979198 0.006381817 -0.000858170 1.476173997 -0.006379898 0.999977112 0.002220462 -2.192272902 0.000872322 -0.002214940 0.999997139 80.733337402
0.999980509 0.006239254 0.000325595 1.490665078 -0.006239951 0.999978125 0.002189092 -2.207723618 -0.000311931 -0.002191081 0.999997556 81.267074585
0.999984562 0.005418463 0.001208187 1.510626435 -0.005421294 0.999982655 0.002352155 -2.222784996 -0.001195420 -0.002358669 0.999996483 81.805175781
0.999981761 0.005608168 0.002243677 1.518124700 -0.005613250 0.999981701 0.002265327 -2.237228870 -0.002230931 -0.002277880 0.999994934 82.345382690
0.999963760 0.006220819 0.005796760 1.529487014 -0.006233329 0.999978304 0.002142597 -2.255065680 -0.005783305 -0.002178653 0.999980927 82.880004883
0.999939263 0.005930713 0.009286514 1.551147580 -0.005954137 0.999979138 0.002496683 -2.268628836 -0.009271514 -0.002551824 0.999953747 83.429420471
0.999898851 0.006270053 0.012767266 1.568648100 -0.006301700 0.999977171 0.002440001 -2.285097599 -0.012751674 -0.002520209 0.999915540 83.966285706
0.999836922 0.006575533 0.016820462 1.593263030 -0.006614088 0.999975622 0.002237545 -2.300465345 -0.016805340 -0.002348432 0.999855995 84.520103455
0.999716878 0.006661626 0.022842525 1.622935772 -0.006716066 0.999974906 0.002307496 -2.317228794 -0.022826580 -0.002460255 0.999736428 85.065193176
0.999559939 0.006538447 0.028933929 1.654026628 -0.006595127 0.999976516 0.001863994 -2.328909159 -0.028921058 -0.002053997 0.999579608 85.608810425
0.999360204 0.006626055 0.035150085 1.685854554 -0.006697570 0.999975741 0.001917132 -2.343100786 -0.035136532 -0.002151325 0.999380231 86.162445068
0.999033988 0.006525308 0.043456610 1.728345633 -0.006600282 0.999976993 0.001581993 -2.358373165 -0.043445289 -0.001867290 0.999054015 86.713340759
0.998623013 0.007177065 0.051967505 1.772814989 -0.007232439 0.999973416 0.000877582 -2.369808197 -0.051959835 -0.001252225 0.998648405 87.266510010
0.998213053 0.006925254 0.059351552 1.818899632 -0.006993300 0.999975085 0.000938854 -2.384872198 -0.059343576 -0.001352239 0.998236716 87.818611145
0.997607887 0.006681872 0.068801954 1.867938042 -0.006750020 0.999976873 0.000758061 -2.399661064 -0.068795301 -0.001220662 0.997630000 88.382415771
0.996891379 0.006254982 0.078539439 1.941710949 -0.006299412 0.999980032 0.000317956 -2.416227818 -0.078535892 -0.000811720 0.996910930 88.929870605
0.996147215 0.006042647 0.087487891 2.005745888 -0.006088068 0.999981582 0.000252340 -2.427238226 -0.087484732 -0.000784000 0.996165574 89.488197327
0.995467126 0.005548938 0.094943807 2.069639206 -0.005562002 0.999984443 -0.000127043 -2.448796034 -0.094943032 -0.000401611 0.995482624 90.021583557
0.994421542 0.005520044 0.105333619 2.149004459 -0.005516877 0.999984682 -0.000321424 -2.461855888 -0.105333760 -0.000261482 0.994436860 90.563957214
0.993228316 0.005992116 0.116024069 2.232555389 -0.005985016 0.999981999 -0.000409571 -2.476584911 -0.116024420 -0.000287608 0.993246317 91.124755859
0.992144525 0.004629882 0.125011146 2.325323105 -0.004599778 0.999989271 -0.000529456 -2.499485016 -0.125012249 -0.000049727 0.992155194 91.661857605
0.990517616 0.004941628 0.137297034 2.418006897 -0.004950363 0.999987721 -0.000277828 -2.515730381 -0.137296721 -0.000404476 0.990529895 92.204284668
0.988647223 0.004329149 0.150192708 2.517056465 -0.004321269 0.999990523 -0.000378822 -2.532838345 -0.150192931 -0.000274502 0.988656759 92.748420715
0.986901879 0.004895391 0.161247477 2.619268417 -0.004843630 0.999988019 -0.000714089 -2.546473742 -0.161249027 -0.000076287 0.986913681 93.300689697
0.985296845 0.001605132 0.170843631 2.750594139 -0.001419400 0.999998271 -0.001209283 -2.564634800 -0.170845285 0.000949007 0.985297382 93.876487732
0.982975006 0.001097415 0.183735833 2.870918274 -0.000875114 0.999998808 -0.001290973 -2.580046177 -0.183737025 0.001108205 0.982974827 94.409454346
0.980373740 0.003930814 0.197108045 2.983283043 -0.003809896 0.999992251 -0.000992658 -2.602411509 -0.197110400 0.000222214 0.980381191 94.915336609
0.978377759 -0.000558415 0.206825316 3.142724991 0.000801211 0.999999106 -0.001090156 -2.612395763 -0.206824526 0.001232295 0.978377223 95.533081055
0.975474298 0.001599278 0.220107511 3.259868622 -0.001371114 0.999998331 -0.001189368 -2.628137112 -0.220109031 0.000858406 0.975474834 95.957199097
0.972370803 0.001198180 0.233438849 3.409029007 -0.000950915 0.999998868 -0.001171768 -2.641069889 -0.233439952 0.000917413 0.972370803 96.489669800
0.969578087 0.000777080 0.244781211 3.564462662 -0.000533027 0.999999285 -0.001063265 -2.657946825 -0.244781852 0.000900444 0.969577730 97.004875183
0.966568649 0.001908098 0.256400824 3.709474564 -0.001820590 0.999998152 -0.000578660 -2.686134100 -0.256401479 0.000092513 0.966570377 97.536399841
0.962757409 0.001074589 0.270364493 3.874176025 -0.001116750 0.999999344 0.000002116 -2.726639271 -0.270364285 -0.000303967 0.962758064 98.148017883
0.959348440 0.001379194 0.282220900 4.062076569 -0.001269627 0.999998987 -0.000571109 -2.716577053 -0.282221437 0.000189578 0.959349215 98.577674866
0.955770969 0.001824271 0.294106394 4.237379074 -0.001661265 0.999998212 -0.000804059 -2.731392145 -0.294107348 0.000279908 0.955772340 99.087844849
0.951353490 0.001160138 0.308099240 4.428342819 -0.000980207 0.999999225 -0.000738768 -2.746923923 -0.308099896 0.000400829 0.951354027 99.592628479
0.946740687 -0.000206026 0.321996987 4.634183884 0.000527304 0.999999464 -0.000910551 -2.762009859 -0.321996629 0.001031846 0.946740270 100.093215942
0.942704678 0.000024923 0.333628595 4.839071274 0.000348742 0.999999404 -0.001060110 -2.775162697 -0.333628446 0.001115720 0.942704082 100.610565186
0.937854946 0.000013067 0.347027421 5.047863007 0.000220398 0.999999762 -0.000633288 -2.800864935 -0.347027391 0.000670416 0.937854767 101.112365723
0.932645559 0.000663708 0.360793233 5.269012451 -0.000523203 0.999999702 -0.000487108 -2.813063622 -0.360793442 0.000265531 0.932645738 101.618988037
0.927717030 0.000158602 0.373284042 5.498836517 0.000027944 0.999999821 -0.000494329 -2.827573538 -0.373284072 0.000469028 0.927717030 102.132362366
0.922879398 -0.000992987 0.385087818 5.716716766 0.001108752 0.999999344 -0.000078574 -2.866185427 -0.385087550 0.000499482 0.922879875 102.592231750
0.916532755 0.000562620 0.399959266 5.951400757 -0.000799999 0.999999583 0.000426556 -2.878855228 -0.399958968 -0.000710919 0.916532755 103.095748901
0.910864472 -0.001500198 0.412702858 6.191753387 0.001614106 0.999998689 0.000072605 -2.896800280 -0.412702471 0.000600013 0.910865724 103.560615540
0.905895829 -0.001780240 0.423497021 6.442321777 0.001995861 0.999998033 -0.000065656 -2.910972834 -0.423496038 0.000904719 0.905897617 104.031669617
0.899989367 -0.002018422 0.435907096 6.689357758 0.002195438 0.999997497 0.000097602 -2.929833412 -0.435906142 0.000869167 0.899991691 104.523239136
0.893257022 -0.001304566 0.449544370 6.960491180 0.001463533 0.999998808 -0.000006109 -2.940909863 -0.449543774 0.000663380 0.893257976 105.015548706
0.887247503 -0.002776878 0.461285233 7.233764648 0.003143540 0.999995053 -0.000026521 -2.958752394 -0.461282849 0.001473599 0.887251914 105.485588074
0.881313205 -0.002940452 0.472523481 7.513641357 0.003168478 0.999994874 0.000313245 -2.971660852 -0.472522020 0.001221113 0.881318033 105.965202332
0.873524308 -0.002914532 0.486771762 7.783706665 0.003269013 0.999994755 0.000121112 -2.986811638 -0.486769497 0.001485469 0.873529196 106.427055359
0.866690934 -0.003250936 0.498834848 8.073856354 0.003487558 0.999993801 0.000457627 -3.006482840 -0.498833239 0.001343094 0.866696954 106.875869751
