1.000000000 0.000000000 0.000000000 0.000000000 0.000000000 1.000000000 0.000000000 0.000000000 0.000000000 0.000000000 1.000000000 0.000000000
1.000000000 0.000071120 0.000108949 -0.003186612 -0.000071102 1.000000000 -0.000171666 0.004192544 -0.000108961 0.000171659 1.000000000 0.003845752
1.000000000 0.000064528 0.000065774 -0.002278220 -0.000064517 1.000000000 -0.000169034 0.002835592 -0.000065785 0.000169030 1.000000000 0.000953941
0.999999940 0.000296541 0.000138508 -0.000850119 -0.000296521 0.999999940 -0.000144082 0.003376798 -0.000138551 0.000144041 1.000000000 -0.002001351
1.000000000 0.000178277 0.000048199 0.002101741 -0.000178274 1.000000000 -0.000068030 0.002133243 -0.000048211 0.000068021 1.000000000 -0.001440737
1.000000000 0.000065087 0.000012625 0.000896561 -0.000065087 1.000000000 0.000018930 0.001687118 -0.000012623 -0.000018930 1.000000000 -0.003070806
1.000000000 0.000004740 0.000092738 -0.002745288 -0.000004729 1.000000000 -0.000113586 0.001675281 -0.000092738 0.000113586 1.000000000 -0.002151890
1.000000000 0.000005817 -0.000012235 0.000369127 -0.000005817 1.000000000 -0.000026875 0.001732970 0.000012235 0.000026875 1.000000000 -0.002751586
1.000000000 -0.000000779 0.000128288 -0.005405570 0.000000800 1.000000000 -0.000167379 0.004005768 -0.000128288 0.000167380 1.000000000 0.004208247
0.999999940 0.000156868 0.000230453 -0.005315346 -0.000156828 1.000000000 -0.000171887 0.003317347 -0.000230480 0.000171851 0.999999940 -0.000922748
1.000000000 0.000203491 0.000118184 0.000683968 -0.000203475 0.999999940 -0.000136340 0.002575900 -0.000118212 0.000136316 1.000000000 -0.004159779
0.999999940 0.000231430 0.000165262 -0.002295931 -0.000231416 0.999999940 -0.000085780 0.003016363 -0.000165282 0.000085742 1.000000000 -0.002883862
1.000000000 0.000071572 0.000203317 -0.005464963 -0.000071553 1.000000000 -0.000093191 0.000958366 -0.000203323 0.000093177 1.000000000 -0.002067112
1.000000000 -0.000014684 0.000118625 -0.002866418 0.000014694 1.000000000 -0.000080574 0.000358942 -0.000118624 0.000080576 1.000000000 -0.001948438
1.000000000 0.000065495 0.000055264 0.000068894 -0.000065490 1.000000000 -0.000097433 0.001885374 -0.000055271 0.000097429 1.000000000 -0.005500649
1.000000000 -0.000160402 -0.000081497 0.001913406 0.000160405 1.000000000 0.000031967 0.000545171 0.000081491 -0.000031980 1.000000000 -0.006575494
0.999999940 -0.000344825 -0.000133710 0.002006765 0.000344823 0.999999940 -0.000017355 -0.001210092 0.000133716 0.000017309 1.000000000 -0.010103039
1.000000000 -0.000051828 0.000119806 -0.003653226 0.000051833 1.000000000 -0.000038498 0.000143175 -0.000119804 0.000038504 1.000000000 -0.003040015
1.000000000 0.000087309 -0.000016349 0.000004636 -0.000087308 1.000000000 0.000046972 0.001528272 0.000016353 -0.000046970 1.000000000 -0.007650212
1.000000000 -0.000116359 -0.000039406 -0.001605747 0.000116357 1.000000000 -0.000030219 -0.000351908 0.000039410 0.000030214 1.000000000 -0.007150501
1.000000000 0.000009702 0.000049293 -0.001116713 -0.000009698 1.000000000 -0.000097112 0.001747626 -0.000049294 0.000097112 1.000000000 -0.007156787
1.000000000 -0.000145037 0.000052382 -0.001055033 0.000145037 1.000000000 0.000000541 -0.000384357 -0.000052382 -0.000000534 1.000000000 -0.005297128
1.000000000 0.000118411 0.000168980 -0.006470696 -0.000118377 1.000000000 -0.000199424 0.003333182 -0.000169004 0.000199404 0.999999940 0.002229752
1.000000000 -0.000149670 -0.000104133 0.000444314 0.000149658 1.000000000 -0.000108339 0.000669119 0.000104149 0.000108323 1.000000000 0.000090536
1.000000000 -0.000047717 0.000051107 -0.001600755 0.000047718 1.000000000 -0.000012041 0.002258481 -0.000051107 0.000012043 1.000000000 0.000992494
1.000000000 0.000055693 -0.000044742 0.002393847 -0.000055698 1.000000000 -0.000109585 0.002644437 0.000044735 0.000109588 1.000000000 -0.007099265
1.000000000 -0.000074386 0.000080755 -0.001766638 0.000074393 1.000000000 -0.000085726 0.002243060 -0.000080748 0.000085732 1.000000000 -0.004903425
0.999999940 0.000223078 0.000239567 -0.005497631 -0.000223024 0.999999940 -0.000224090 0.003198791 -0.000239617 0.000224037 0.999999940 0.000534388
1.000000000 0.000052868 0.000140806 -0.004387913 -0.000052866 1.000000000 -0.000014619 0.002096852 -0.000140807 0.000014611 1.000000000 0.000631450
1.000000000 -0.000138143 0.000054460 -0.004852593 0.000138150 1.000000000 -0.000118441 0.005740624 -0.000054444 0.000118448 1.000000000 0.003002524
1.000000000 -0.000108350 0.000019177 -0.002402825 0.000108351 1.000000000 -0.000035972 0.001780962 -0.000019173 0.000035974 1.000000000 -0.001645272
1.000000000 -0.000171685 0.000102236 -0.004281894 0.000171680 1.000000000 0.000047055 0.001648305 -0.000102244 -0.000047037 1.000000000 0.002048963
1.000000000 -0.000165411 0.000104140 -0.003900859 0.000165402 1.000000000 0.000086436 0.000452265 -0.000104154 -0.000086419 1.000000000 -0.004925027
1.000000000 -0.000190372 -0.000009260 -0.001212343 0.000190373 1.000000000 0.000071580 0.001057408 0.000009246 -0.000071581 1.000000000 -0.004997253
1.000000000 0.000043129 0.000059934 -0.003237381 -0.000043124 1.000000000 -0.000087255 0.000774380 -0.000059938 0.000087252 1.000000000 -0.001892549
1.000000000 0.000024875 0.000100755 -0.004136275 -0.000024865 1.000000000 -0.000097968 0.002576085 -0.000100757 0.000097966 1.000000000 -0.000483335
1.000000000 -0.000175636 -0.000147544 0.002415841 0.000175652 1.000000000 0.000110415 -0.000014751 0.000147524 -0.000110441 1.000000000 -0.011609657
1.000000000 -0.000032557 0.000069174 -0.003373567 0.000032573 1.000000000 -0.000236189 0.004228689 -0.000069167 0.000236191 0.999999940 0.000515337
1.000000000 -0.000165317 0.000110213 -0.003518420 0.000165315 1.000000000 0.000019057 0.001581583 -0.000110217 -0.000019039 1.000000000 0.000036504
1.000000000 0.000001694 -0.000043721 0.001477054 -0.000001684 1.000000000 0.000226044 -0.002291342 0.000043721 -0.000226044 1.000000000 -0.009515990
0.999999940 -0.000275048 -0.000155095 0.000472773 0.000275055 0.999999940 0.000045790 -0.001243939 0.000155082 -0.000045833 1.000000000 -0.001056485
1.000000000 0.000087382 0.000074857 0.002404068 -0.000087338 0.999999821 -0.000589468 -0.004648317 -0.000074908 0.000589461 0.999999821 0.048779424
1.000000000 0.000042855 -0.000014359 0.000879125 -0.000042875 0.999998987 -0.001432934 -0.000236980 0.000014298 0.001432935 0.999998987 0.149234325
1.000000000 -0.000054613 -0.000068862 0.004768324 0.000054514 0.999998987 -0.001438136 -0.009668116 0.000068940 0.001438132 0.999998987 0.264548302
0.999999940 -0.000278211 0.000014624 0.001948907 0.000278231 0.999998987 -0.001397521 -0.009966690 -0.000014236 0.001397525 0.999999046 0.391866386
1.000000000 0.000035869 -0.000164177 0.007448960 -0.000036061 0.999999344 -0.001168561 -0.018300556 0.000164135 0.001168567 0.999999285 0.534270585
1.000000000 -0.000005067 0.000022178 0.007925616 0.000005086 0.999999642 -0.000871349 -0.033246003 -0.000022173 0.000871349 0.999999642 0.679624915
0.999999821 -0.000547247 -0.000128330 0.015688011 0.000547180 0.999999702 -0.000527029 -0.032845479 0.000128618 0.000526959 0.999999881 0.854493260
0.999999940 -0.000212486 -0.000324571 0.026829489 0.000212311 0.999999821 -0.000540022 -0.036601022 0.000324686 0.000539953 0.999999821 1.028366685
1.000000000 -0.000168430 -0.000026759 0.024555407 0.000168411 0.999999702 -0.000717015 -0.034982320 0.000026880 0.000717011 0.999999762 1.208769679
0.999999821 -0.000518296 -0.000357902 0.039329752 0.000518134 0.999999762 -0.000453296 -0.046996139 0.000358137 0.000453111 0.999999821 1.415195823
0.999999940 -0.000209773 0.000074591 0.026314614 0.000209711 0.999999583 0.000836925 -0.073326714 -0.000074766 -0.000836909 0.999999642 1.545092106
0.999999702 -0.000782012 0.000242220 0.033590734 0.000781758 0.999999166 0.001046969 -0.077247478 -0.000243038 -0.001046780 0.999999464 1.746517897
0.999998629 -0.001604845 -0.000257625 0.034561034 0.001605178 0.999997854 0.001299819 -0.086129680 0.000255539 -0.001300231 0.999999106 1.942611456
0.999998450 -0.001736208 -0.000198912 0.039801665 0.001736439 0.999997735 0.001164333 -0.091380998 0.000196890 -0.001164677 0.999999285 2.172506571
0.999999464 -0.001044284 -0.000014741 0.041801464 0.001044304 0.999998391 0.001433881 -0.096675396 0.000013243 -0.001433896 0.999998987 2.376201153
0.999999166 -0.001272931 -0.000213161 0.046280526 0.001273281 0.999997735 0.001650618 -0.110344239 0.000211059 -0.001650888 0.999998629 2.608777523
0.999998629 -0.001594440 -0.000478474 0.060362298 0.001595402 0.999996722 0.002016845 -0.121134102 0.000475257 -0.002017606 0.999997854 2.860427141
0.999998569 -0.001685646 -0.000403613 0.066852972 0.001686533 0.999996185 0.002206169 -0.129775256 0.000399893 -0.002206847 0.999997437 3.107728958
0.999998510 -0.001520737 -0.000781591 0.075729147 0.001522298 0.999996841 0.002000483 -0.132425278 0.000778546 -0.002001670 0.999997675 3.349918365
0.999998689 -0.001515728 -0.000541792 0.079836942 0.001516869 0.999996603 0.002112499 -0.139852449 0.000538588 -0.002113318 0.999997556 3.605209827
0.999997199 -0.002121408 -0.001033337 0.078922316 0.002123813 0.999995053 0.002331060 -0.162173554 0.001028387 -0.002333248 0.999996662 3.841561794
0.999995470 -0.002795703 -0.001117138 0.082230441 0.002798757 0.999992371 0.002740568 -0.174028426 0.001109468 -0.002743683 0.999995589 4.104037285
0.999997199 -0.002118139 -0.000970326 0.086231366 0.002121124 0.999993026 0.003085715 -0.178559333 0.000963784 -0.003087765 0.999994755 4.362894535
0.999996185 -0.002652755 -0.000829621 0.097762242 0.002655277 0.999991894 0.003053358 -0.184153572 0.000821514 -0.003055549 0.999994934 4.636080265
0.999994636 -0.003163413 -0.000989704 0.086873971 0.003166872 0.999988794 0.003512413 -0.218340188 0.000978582 -0.003515528 0.999993324 4.883738995
0.999995053 -0.003093525 -0.000710445 0.090031028 0.003095850 0.999989748 0.003294513 -0.221986234 0.000700246 -0.003296695 0.999994278 5.141885757
0.999996185 -0.002627763 -0.000815413 0.094999231 0.002630555 0.999990523 0.003441107 -0.226941064 0.000806363 -0.003443239 0.999993742 5.412131786
0.999997199 -0.002353771 -0.000468984 0.091319561 0.002355379 0.999991238 0.003457012 -0.235884845 0.000460843 -0.003458107 0.999993920 5.680721760
0.999995410 -0.002920526 -0.000846634 0.098002583 0.002923457 0.999989629 0.003481940 -0.247085378 0.000836457 -0.003484399 0.999993503 5.959053993
0.999998689 -0.001575082 0.000132490 0.088817604 0.001574626 0.999993086 0.003370787 -0.261965871 -0.000137799 -0.003370574 0.999994338 6.254521847
0.999998212 -0.001860872 0.000122603 0.093529232 0.001860439 0.999992311 0.003437000 -0.267495453 -0.000128998 -0.003436766 0.999994099 6.540566444
0.999999106 -0.001291055 0.000253341 0.102927744 0.001290220 0.999993861 0.003270450 -0.278927624 -0.000257562 -0.003270120 0.999994636 6.832209110
0.999998033 -0.001968146 0.000285750 0.111285485 0.001967220 0.999992967 0.003204878 -0.277701557 -0.000292055 -0.003204310 0.999994874 7.131862640
0.999998331 -0.001687013 0.000687631 0.116398931 0.001684410 0.999991477 0.003769273 -0.298367113 -0.000693984 -0.003768109 0.999992669 7.424851894
0.999998927 -0.001306944 0.000649620 0.103344582 0.001304579 0.999992490 0.003629011 -0.316011578 -0.000654358 -0.003628159 0.999993205 7.774992943
0.999999225 -0.001236982 0.000284400 0.119586959 0.001235800 0.999990761 0.004118851 -0.330988884 -0.000289492 -0.004118497 0.999991477 8.089935303
0.999997973 -0.001726751 0.001051616 0.106968783 0.001722696 0.999991059 0.003844146 -0.329498053 -0.001058244 -0.003842326 0.999992132 8.409349442
0.999998927 -0.001031981 0.001026178 0.119983166 0.001028061 0.999992132 0.003813390 -0.342504382 -0.001030105 -0.003812331 0.999992251 8.735617638
0.999998569 -0.001181962 0.001222885 0.123394467 0.001176894 0.999990761 0.004136310 -0.345987886 -0.001227762 -0.004134865 0.999990761 9.088058472
0.999999285 -0.001083287 0.000560856 0.123057075 0.001080946 0.999990761 0.004156165 -0.373568237 -0.000565353 -0.004155556 0.999991179 9.450557709
0.999998629 -0.001667573 0.000047863 0.139875621 0.001667366 0.999990404 0.004034702 -0.378648251 -0.000054591 -0.004034617 0.999991775 9.792598724
0.999998927 -0.001485145 0.000249259 0.141841382 0.001484130 0.999990761 0.004024622 -0.382747680 -0.000255234 -0.004024248 0.999991834 10.137010574
0.999999464 -0.000872401 0.000676168 0.146378875 0.000869788 0.999992192 0.003855363 -0.395037711 -0.000679526 -0.003854773 0.999992311 10.504528046
0.999999225 -0.001134622 0.000542666 0.156625301 0.001132322 0.999990404 0.004221347 -0.402137786 -0.000547451 -0.004220731 0.999990880 10.870495796
0.999998629 -0.001686999 0.000159518 0.183179244 0.001686256 0.999988258 0.004547988 -0.405360699 -0.000167188 -0.004547713 0.999989569 11.228130341
0.999998391 -0.001685823 0.000630807 0.158165619 0.001682324 0.999983430 0.005506777 -0.474594951 -0.000640080 -0.005505708 0.999984562 11.621426582
0.999997616 -0.002174228 0.000044348 0.172145411 0.002173966 0.999983847 0.005245232 -0.475058556 -0.000055751 -0.005245124 0.999986172 12.007125854
0.999997437 -0.002140935 0.000769359 0.175601333 0.002136658 0.999982417 0.005518076 -0.488259941 -0.000781159 -0.005516418 0.999984443 12.386677742
0.999998510 -0.001315624 0.001063542 0.177553117 0.001309834 0.999984384 0.005426798 -0.491544276 -0.001070665 -0.005425397 0.999984682 12.761348724
0.999998629 -0.001561509 0.000668178 0.198972404 0.001557783 0.999983490 0.005541397 -0.502998650 -0.000676820 -0.005540349 0.999984324 13.170289993
0.999997020 -0.002423723 0.000034829 0.228624016 0.002423492 0.999981701 0.005544168 -0.509302139 -0.000048266 -0.005544068 0.999984622 13.564229965
0.999997199 -0.002124525 0.000971696 0.195786104 0.002118192 0.999976754 0.006472402 -0.563850999 -0.000985424 -0.006470326 0.999978602 13.989172935
0.999997854 -0.001730657 0.001118344 0.205142170 0.001722893 0.999974608 0.006906616 -0.574621260 -0.001130269 -0.006904675 0.999975502 14.396936417
0.999997199 -0.002027456 0.001177028 0.220088273 0.002019719 0.999976516 0.006537588 -0.593479395 -0.001190255 -0.006535192 0.999977946 14.827563286
0.999996841 -0.002004695 0.001493724 0.218086824 0.001994619 0.999975443 0.006716860 -0.596174359 -0.001507153 -0.006713859 0.999976337 15.222912788
0.999995589 -0.002494430 0.001580371 0.237516508 0.002483264 0.999972224 0.007028838 -0.617641687 -0.001597860 -0.007024882 0.999974072 15.664971352
0.999996483 -0.001740616 0.002039978 0.249247998 0.001726712 0.999975443 0.006797636 -0.620466769 -0.002051760 -0.006794089 0.999974787 16.062623978
0.999994814 -0.002131590 0.002400411 0.235138997 0.002113873 0.999970615 0.007359353 -0.653205931 -0.002416027 -0.007354241 0.999970019 16.519706726
0.999995589 -0.002187819 0.002006974 0.250899225 0.002173874 0.999973714 0.006924721 -0.652751327 -0.002022072 -0.006920328 0.999974072 16.982547760
0.999994755 -0.001798609 0.002712180 0.270297885 0.001780230 0.999975562 0.006763944 -0.667888343 -0.002724280 -0.006759080 0.999973416 17.474422455
0.999993265 -0.001695708 0.003272692 0.270960391 0.001673063 0.999974728 0.006909804 -0.676767349 -0.003284327 -0.006904282 0.999970734 17.895826340
0.999992073 -0.002260081 0.003274660 0.290845841 0.002234826 0.999967813 0.007695324 -0.681138158 -0.003291947 -0.007687945 0.999965012 18.371849060
0.999990344 -0.002949260 0.003262441 0.291043580 0.002923481 0.999964654 0.007878328 -0.711592078 -0.003285561 -0.007868714 0.999963641 18.740104675
0.999990225 -0.002647020 0.003557154 0.308164954 0.002619131 0.999965966 0.007822268 -0.714366913 -0.003577739 -0.007812874 0.999963045 19.216056824
0.999989152 -0.003053701 0.003524563 0.325298339 0.003025907 0.999964535 0.007864418 -0.727676034 -0.003548453 -0.007853669 0.999962807 19.691062927
0.999990404 -0.001527218 0.004108091 0.318914205 0.001492577 0.999963462 0.008422398 -0.747718692 -0.004120803 -0.008416186 0.999956131 20.190389633
0.999990344 -0.002758773 0.003428879 0.339756876 0.002729692 0.999960542 0.008456950 -0.747560740 -0.003452074 -0.008447510 0.999958336 20.688400269
0.999992967 -0.001965133 0.003201901 0.360469103 0.001936853 0.999959230 0.008811758 -0.790288568 -0.003219086 -0.008805493 0.999956071 21.049339294
0.999995351 -0.001657403 0.002563819 0.369707823 0.001633603 0.999955773 0.009257680 -0.796893418 -0.002579049 -0.009253449 0.999953866 21.546073914
0.999994278 -0.001685983 0.002931578 0.364506990 0.001658555 0.999955058 0.009333733 -0.821985841 -0.002947183 -0.009328817 0.999952137 22.085638046
0.999995410 -0.002202979 0.002133280 0.362664789 0.002183218 0.999955118 0.009221712 -0.834426939 -0.002153500 -0.009217011 0.999955177 22.474529266
0.999995828 -0.002472783 0.001521715 0.362826735 0.002458701 0.999954820 0.009187203 -0.846850336 -0.001544365 -0.009183423 0.999956608 22.993732452
0.999997735 -0.001822279 0.001154938 0.369573861 0.001812491 0.999962986 0.008420536 -0.848530471 -0.001170240 -0.008418422 0.999963880 23.538017273
0.999998033 -0.001850483 0.000738284 0.370651156 0.001844647 0.999967694 0.007827348 -0.850122213 -0.000752745 -0.007825969 0.999969065 24.072546005
0.999997199 -0.002347773 0.000144381 0.381002456 0.002346379 0.999956787 0.008998277 -0.877732813 -0.000165501 -0.008997914 0.999959469 24.444948196
0.999999106 -0.001321075 -0.000142371 0.393542260 0.001322364 0.999954343 0.009469124 -0.885932565 0.000129855 -0.009469305 0.999955177 24.976573944
0.999998569 -0.001053523 -0.001338527 0.396657109 0.001066144 0.999954581 0.009463813 -0.889089882 0.001328496 -0.009465227 0.999954343 25.547887802
0.999995470 -0.002534257 -0.001609695 0.407543659 0.002550199 0.999946952 0.009979931 -0.909496069 0.001584318 -0.009983992 0.999948919 26.066082001
0.999993026 -0.003041710 -0.002152890 0.388251066 0.003064621 0.999937832 0.010720247 -0.949191213 0.002120149 -0.010726771 0.999940157 26.462985992
0.999988198 -0.004008296 -0.002749081 0.400090396 0.004037539 0.999934316 0.010715499 -0.964652598 0.002705950 -0.010726471 0.999938786 27.012180328
0.999996245 -0.001696838 -0.002189939 0.392983645 0.001720113 0.999941468 0.010669991 -0.974533319 0.002171705 -0.010673718 0.999940693 27.589458466
0.999991953 -0.002326067 -0.003268296 0.401393861 0.002361503 0.999938011 0.010880798 -0.979234517 0.003242784 -0.010888429 0.999935448 28.142366409
0.999985337 -0.003191910 -0.004376191 0.445679188 0.003240777 0.999931931 0.011205346 -0.997185230 0.004340126 -0.011219365 0.999927640 28.776123047
0.999988139 -0.003297907 -0.003587073 0.402847975 0.003342862 0.999915063 0.012599256 -1.050012469 0.003545216 -0.012611097 0.999914169 29.047307968
0.999988317 -0.002769133 -0.003984700 0.413448155 0.002818152 0.999919832 0.012348984 -1.052289844 0.003950185 -0.012360068 0.999915779 29.594600677
0.999985039 -0.003183986 -0.004459261 0.426598281 0.003240649 0.999913335 0.012757687 -1.077337146 0.004418255 -0.012771945 0.999908626 30.134765625
0.999983668 -0.002778143 -0.004989041 0.467169583 0.002845753 0.999903440 0.013596111 -1.101726294 0.004950788 -0.013610085 0.999895155 30.715177536
0.999985099 -0.001399576 -0.005285960 0.459047586 0.001469423 0.999911368 0.013233016 -1.099300504 0.005266971 -0.013240585 0.999898434 31.257202148
0.999985516 -0.002382472 -0.004821099 0.447651595 0.002446361 0.999908686 0.013289543 -1.161062717 0.004788997 -0.013301145 0.999900043 31.537080765
0.999984741 -0.002427596 -0.004962050 0.450898468 0.002492519 0.999910831 0.013119843 -1.158454776 0.004929757 -0.013132011 0.999901593 32.085933685
0.999987066 -0.002124219 -0.004617122 0.453830481 0.002187418 0.999903381 0.013726336 -1.174001336 0.004587518 -0.013736259 0.999895155 32.657730103
0.999980509 -0.002563672 -0.005689998 0.448460013 0.002638119 0.999910474 0.013115150 -1.177985787 0.005655866 -0.013129906 0.999897838 33.153526306
0.999981225 -0.002226376 -0.005698140 0.446102291 0.002309441 0.999890506 0.014612753 -1.204869628 0.005664982 -0.014625641 0.999877036 33.675052643
0.999983430 -0.003062220 -0.004869340 0.401837885 0.003128713 0.999901116 0.013706970 -1.170045257 0.004826885 -0.013721979 0.999894202 34.209117889
0.999964952 -0.005187757 -0.006570615 0.462998152 0.005287538 0.999869585 0.015260668 -1.287201405 0.006490590 -0.015294876 0.999861956 34.565502167
0.999967575 -0.004927985 -0.006368291 0.459955871 0.005027337 0.999864459 0.015680185 -1.304368615 0.006290155 -0.015711693 0.999856770 35.134635925
0.999972999 -0.003544755 -0.006432392 0.474507093 0.003638606 0.999886274 0.014637797 -1.290927410 0.006379773 -0.014660807 0.999872208 35.709526062
0.999959528 -0.005122938 -0.007387728 0.485453010 0.005238994 0.999861836 0.015776603 -1.328704596 0.007305886 -0.015814669 0.999848247 36.209304810
0.999963641 -0.005207432 -0.006754929 0.449823678 0.005311296 0.999866545 0.015450399 -1.324881554 0.006673572 -0.015485716 0.999857783 36.787826538
0.999958515 -0.004365332 -0.007991592 0.498664856 0.004484319 0.999878466 0.014932202 -1.307849169 0.007925437 -0.014967420 0.999856532 37.398777008
0.999955475 -0.005371755 -0.007761446 0.473871768 0.005491516 0.999864876 0.015492216 -1.340109825 0.007677177 -0.015534147 0.999849796 37.871974945
0.999959409 -0.004438552 -0.007854330 0.502139747 0.004564543 0.999860108 0.016096350 -1.362596750 0.007781788 -0.016131546 0.999839544 38.551158905
0.999962807 -0.004295503 -0.007478503 0.496848106 0.004411487 0.999869227 0.015562261 -1.351300955 0.007410677 -0.015594674 0.999850929 39.084594727
0.999958158 -0.004795649 -0.007789831 0.531531274 0.004909666 0.999880135 0.014684057 -1.359955430 0.007718477 -0.014721689 0.999861777 39.680755615
0.999961913 -0.004554651 -0.007441757 0.556574225 0.004685507 0.999833047 0.017662408 -1.430037498 0.007360068 -0.017696604 0.999816298 39.403774261
0.999960840 -0.004384187 -0.007686071 0.573002994 0.004518503 0.999835849 0.017545851 -1.427555323 0.007607884 -0.017579895 0.999816537 39.938491821
0.999948323 -0.005358113 -0.008629238 0.590213776 0.005517876 0.999811828 0.018597918 -1.452970505 0.008527965 -0.018644575 0.999789774 40.494007111
0.999955714 -0.004909257 -0.008021918 0.595256686 0.005049173 0.999833822 0.017515456 -1.435428858 0.007934597 -0.017555185 0.999814391 41.048843384
0.999947608 -0.004898185 -0.008988283 0.617800832 0.005054757 0.999834478 0.017480295 -1.426973104 0.008901173 -0.017524811 0.999806821 41.641155243
0.999959826 -0.004037269 -0.007998325 0.610944867 0.004180742 0.999829173 0.018003128 -1.457370043 0.007924275 -0.018035844 0.999805927 42.158634186
0.999961138 -0.004690157 -0.007454205 0.594098091 0.004824091 0.999825358 0.018052304 -1.459709764 0.007368236 -0.018087564 0.999809206 42.671428680
0.999965131 -0.003444486 -0.007599741 0.609280229 0.003579340 0.999835134 0.017802909 -1.489042521 0.007537166 -0.017829493 0.999812543 42.781570435
0.999967515 -0.002939583 -0.007504323 0.615159690 0.003073106 0.999836028 0.017843679 -1.495559454 0.007450640 -0.017866159 0.999812603 43.341087341
0.999961078 -0.003971678 -0.007877050 0.626592636 0.004113549 0.999828160 0.018076980 -1.500047565 0.007803899 -0.018108679 0.999805570 43.858520508
0.999963045 -0.003611869 -0.007794301 0.628786087 0.003756175 0.999820352 0.018579673 -1.512766838 0.007725794 -0.018608263 0.999796927 44.373077393
0.999967039 -0.002980962 -0.007543479 0.607136488 0.003119343 0.999825895 0.018399671 -1.521303058 0.007487316 -0.018422596 0.999802232 44.996723175
0.999972165 -0.002119073 -0.007146651 0.639022946 0.002252263 0.999822974 0.018680410 -1.550228834 0.007105801 -0.018695988 0.999799967 45.540206909
0.999958813 -0.003375409 -0.008422895 0.654919267 0.003534809 0.999813616 0.018982066 -1.529254317 0.008357252 -0.019011056 0.999784291 46.074157715
0.999964416 -0.002993820 -0.007881663 0.627908707 0.003132986 0.999838352 0.017704276 -1.519883752 0.007827385 -0.017728342 0.999812186 46.611938477
0.999966145 -0.003232033 -0.007565263 0.631002665 0.003388019 0.999780059 0.020697515 -1.610998154 0.007496705 -0.020722447 0.999757171 46.670967102
0.999965370 -0.003567266 -0.007512452 0.642338276 0.003717444 0.999791622 0.020072460 -1.610058784 0.007439281 -0.020099692 0.999770343 47.222797394
0.999953389 -0.004497638 -0.008543434 0.658543229 0.004667268 0.999790311 0.019939797 -1.614199281 0.008451960 -0.019978745 0.999764681 47.780170441
0.999958098 -0.003759797 -0.008346706 0.664571047 0.003924341 0.999796569 0.019785691 -1.610074401 0.008270618 -0.019817619 0.999769390 48.360141754
0.999951839 -0.004058957 -0.008933861 0.700809836 0.004236145 0.999792814 0.019904599 -1.590554953 0.008851220 -0.019941485 0.999761999 48.867389679
0.999965191 -0.002840630 -0.007845469 0.649632633 0.002999346 0.999789596 0.020293247 -1.629790068 0.007786170 -0.020316072 0.999763310 49.122577667
0.999969542 -0.001782956 -0.007601955 0.657477379 0.001934251 0.999799311 0.019941397 -1.636306524 0.007564872 -0.019955494 0.999772251 49.667366028
0.999972045 -0.002519789 -0.007036875 0.669976711 0.002650480 0.999823093 0.018625168 -1.620309591 0.006988698 -0.018643299 0.999801755 50.218887329
0.999967992 -0.002806875 -0.007479009 0.646076918 0.002947864 0.999816954 0.018907603 -1.648259759 0.007424567 -0.018929048 0.999793231 50.747592926
0.999971688 -0.002525134 -0.007089313 0.628316164 0.002682965 0.999746799 0.022342624 -1.710096121 0.007031099 -0.022361012 0.999725223 51.082374573
0.999971032 -0.002511570 -0.007187941 0.628795147 0.002671608 0.999746859 0.022342574 -1.713458657 0.007130006 -0.022361131 0.999724507 51.625080109
0.999972701 -0.002055215 -0.007090451 0.639253438 0.002207940 0.999764264 0.021599483 -1.710934281 0.007044388 -0.021614552 0.999741554 52.182983398
0.999970317 -0.002735373 -0.007199028 0.638299942 0.002887363 0.999771297 0.021187527 -1.695903659 0.007139427 -0.021207685 0.999749601 52.663673401
0.999966681 -0.002076335 -0.007884568 0.672334433 0.002249590 0.999754786 0.022029011 -1.705202937 0.007836896 -0.022046013 0.999726236 53.218879700
0.999964237 -0.003442052 -0.007727574 0.684864044 0.003615349 0.999739766 0.022525007 -1.739284277 0.007648032 -0.022552138 0.999716401 53.547885895
0.999966025 -0.003270003 -0.007574758 0.692749858 0.003438019 0.999746084 0.022275345 -1.736498237 0.007499995 -0.022300631 0.999723136 54.076683044
0.999963701 -0.003592805 -0.007727471 0.698935509 0.003755599 0.999769032 0.021156525 -1.735243082 0.007649676 -0.021184780 0.999746263 54.636798859
0.999966979 -0.003210089 -0.007461459 0.704966545 0.003365269 0.999776423 0.020878995 -1.731794238 0.007392768 -0.020903414 0.999754190 55.219470978
0.999948859 -0.004342089 -0.009130928 0.765309811 0.004526372 0.999784529 0.020259395 -1.713755369 0.009040993 -0.020299690 0.999752998 55.687244415
0.999947011 -0.004774178 -0.009132085 0.760826528 0.004964819 0.999767840 0.020968426 -1.717009306 0.009029859 -0.021012651 0.999738455 56.026077271
0.999957800 -0.003753600 -0.008388130 0.769232929 0.003926274 0.999778807 0.020664770 -1.722502589 0.008308707 -0.020696834 0.999751270 56.577693939
0.999958575 -0.003802358 -0.008262904 0.775191307 0.003969917 0.999784887 0.020357549 -1.713950276 0.008183721 -0.020389508 0.999758601 57.108951569
0.999946713 -0.005140705 -0.008952473 0.789615691 0.005319251 0.999785185 0.020035496 -1.713440657 0.008847553 -0.020082047 0.999759197 57.666130066
0.999936163 -0.005170115 -0.010044773 0.855833828 0.005383023 0.999759018 0.021285726 -1.763173580 0.009932304 -0.021338437 0.999722958 58.127902985
0.999954104 -0.003626192 -0.008866840 0.811901808 0.003803844 0.999790728 0.020101612 -1.722060919 0.008792092 -0.020134417 0.999758661 58.561882019
0.999940693 -0.005599085 -0.009342430 0.807262897 0.005793035 0.999765515 0.020863786 -1.749707580 0.009223424 -0.020916669 0.999738693 58.992725372
0.999937892 -0.005808972 -0.009511654 0.811030447 0.006008969 0.999758601 0.021134788 -1.754810452 0.009386587 -0.021190632 0.999731421 59.510551453
0.999941170 -0.005646182 -0.009261893 0.808398068 0.005830992 0.999781907 0.020049684 -1.755475521 0.009146670 -0.020102508 0.999756157 60.071228027
0.999950647 -0.004821015 -0.008686909 0.787497938 0.004994501 0.999786258 0.020061281 -1.748320580 0.008588336 -0.020103676 0.999761105 60.589141846
0.999924898 -0.006147599 -0.010602300 0.879966319 0.006346659 0.999802291 0.018844889 -1.717981219 0.010484354 -0.018910760 0.999766231 61.139179230
0.999931216 -0.006319142 -0.009879919 0.823092401 0.006527990 0.999752760 0.021251127 -1.776703715 0.009743189 -0.021314159 0.999725342 61.496639252
0.999931633 -0.006703522 -0.009572500 0.836102664 0.006901438 0.999759912 0.020794304 -1.773844004 0.009430806 -0.020858945 0.999737978 62.036357880
0.999932230 -0.006593274 -0.009597609 0.862209797 0.006779123 0.999787688 0.019462027 -1.733799934 0.009467251 -0.019525770 0.999764562 62.535060883
0.999946415 -0.005793575 -0.008575125 0.845784664 0.005968681 0.999771237 0.020537479 -1.766737580 0.008454178 -0.020587558 0.999752343 62.992137909
0.999938190 -0.005747237 -0.009519403 0.869455636 0.005947789 0.999758065 0.021175133 -1.788095593 0.009395402 -0.021230442 0.999730468 63.475860596
0.999936640 -0.005926188 -0.009571703 0.871342659 0.006124912 0.999763429 0.020867517 -1.791085720 0.009445775 -0.020924821 0.999736428 64.031951904
0.999938369 -0.006613357 -0.008919981 0.869120717 0.006794180 0.999768913 0.020396193 -1.779838800 0.008783034 -0.020455539 0.999752223 64.529281616
0.999932587 -0.006358726 -0.009710278 0.876638830 0.006559870 0.999761641 0.020825179 -1.787276745 0.009575540 -0.020887479 0.999735892 64.977287292
0.999936998 -0.005968794 -0.009502495 0.883797467 0.006158216 0.999780357 0.020030955 -1.788354993 0.009380848 -0.020088214 0.999754131 65.515846252
0.999935448 -0.006320989 -0.009442942 0.892570376 0.006509750 0.999776900 0.020094462 -1.791675091 0.009313818 -0.020154638 0.999753416 66.054924011
0.999941349 -0.006406490 -0.008742928 0.871083200 0.006579960 0.999779165 0.019958695 -1.796434164 0.008613133 -0.020015048 0.999762535 66.566490173
0.999939680 -0.006114622 -0.009128079 0.894904554 0.006283726 0.999807000 0.018613458 -1.781974792 0.009012502 -0.018669693 0.999785066 67.091949463
0.999939740 -0.006013384 -0.009183254 0.889927328 0.006201085 0.999769628 0.020549752 -1.803068995 0.009057565 -0.020605460 0.999746680 67.519912720
0.999935448 -0.006436090 -0.009370969 0.897122562 0.006622730 0.999777615 0.020023923 -1.805751801 0.009240007 -0.020084688 0.999755621 68.080696106
0.999934614 -0.006083783 -0.009688744 0.914898157 0.006275412 0.999782860 0.019872501 -1.816589355 0.009565738 -0.019932004 0.999755561 68.620864868
0.999933064 -0.006443110 -0.009608301 0.905555546 0.006629365 0.999788284 0.019480651 -1.810685635 0.009480750 -0.019543044 0.999764025 69.184356689
0.999935567 -0.006699098 -0.009161636 0.915713370 0.006887740 0.999761641 0.020716190 -1.820296168 0.009020674 -0.020777956 0.999743402 69.619201660
0.999929368 -0.007113165 -0.009521078 0.926439404 0.007312616 0.999751031 0.021080116 -1.828413606 0.009368761 -0.021148250 0.999732435 70.172386169
0.999939442 -0.006792015 -0.008653713 0.925997078 0.006963609 0.999776661 0.019955561 -1.810611606 0.008516241 -0.020014616 0.999763429 70.671699524
0.999936163 -0.006895454 -0.008948675 0.917538285 0.007079427 0.999760807 0.020692436 -1.830268145 0.008803854 -0.020754466 0.999745846 71.126136780
0.999931335 -0.007052253 -0.009356144 0.938205659 0.007244208 0.999760628 0.020643858 -1.840700150 0.009208320 -0.020710219 0.999743164 71.660423279
0.999930143 -0.007473463 -0.009145369 0.959515452 0.007652424 0.999776721 0.019692576 -1.844356537 0.008996156 -0.019761186 0.999764264 72.224563599
0.999920785 -0.008337008 -0.009427683 0.965300262 0.008516476 0.999780118 0.019159133 -1.830338001 0.009265882 -0.019237904 0.999771953 72.765068054
0.999934971 -0.007139089 -0.008895600 0.923826635 0.007319485 0.999764800 0.020414526 -1.840670228 0.008747768 -0.020478308 0.999752045 73.159111023
0.999934673 -0.006979594 -0.009061480 0.935723782 0.007158750 0.999776542 0.019891631 -1.846614480 0.008920621 -0.019955197 0.999761105 73.705436707
0.999918222 -0.008726304 -0.009345617 0.947872162 0.008908156 0.999768317 0.019597095 -1.844560981 0.009172442 -0.019678745 0.999764264 74.212287903
0.999928117 -0.007528587 -0.009327848 0.938242078 0.007714008 0.999770045 0.020004405 -1.844745040 0.009175098 -0.020074921 0.999756396 74.702873230
0.999935508 -0.007102490 -0.008866780 0.943539858 0.007274454 0.999783099 0.019514937 -1.843376994 0.008726252 -0.019578179 0.999770224 75.268714905
0.999939799 -0.007795255 -0.007719690 0.948618174 0.007951917 0.999758720 0.020475475 -1.864300251 0.007558214 -0.020535631 0.999760509 75.758094788
0.999952555 -0.007504196 -0.006215090 0.951131403 0.007629679 0.999762416 0.020418530 -1.876482606 0.006060390 -0.020464979 0.999772191 76.307594299
0.999966264 -0.006806645 -0.004607348 0.944150329 0.006897369 0.999776781 0.019970406 -1.878882766 0.004470388 -0.020001510 0.999790013 76.905517578
0.999964416 -0.007461827 -0.003937966 0.946825981 0.007536694 0.999784350 0.019352242 -1.838112831 0.003792713 -0.019381233 0.999804974 77.326683044
0.999972999 -0.007275538 -0.001012287 0.964007914 0.007293508 0.999791920 0.019053236 -1.848250747 0.000873453 -0.019060103 0.999817967 77.883102417
0.999973297 -0.006882663 0.002448157 0.972987652 0.006832947 0.999781251 0.019767260 -1.864787340 -0.002583673 -0.019750003 0.999801636 78.428428650
0.999961078 -0.007391673 0.004824970 1.002571106 0.007299183 0.999794543 0.018913103 -1.827502012 -0.004963779 -0.018877149 0.999809444 78.994712830
0.999923587 -0.007801553 0.009580326 1.007516265 0.007618530 0.999790490 0.018994158 -1.819367886 -0.009726503 -0.018919718 0.999773681 79.385864258
0.999841571 -0.007015622 0.016356712 1.013311028 0.006707229 0.999800086 0.018833485 -1.828005433 -0.016485572 -0.018720791 0.999688864 79.961906433
0.999724090 -0.008152004 0.022029106 1.071793556 0.007757627 0.999809206 0.017929060 -1.795361280 -0.022171058 -0.017753221 0.999596536 80.478302002
0.999596715 -0.008192865 0.027188974 1.078383803 0.007676091 0.999788940 0.019057037 -1.825524211 -0.027339369 -0.018840646 0.999448657 80.941749573
0.999340773 -0.007561121 0.035505351 1.130128622 0.006883413 0.999792516 0.019171117 -1.827543974 -0.035642937 -0.018914081 0.999185562 81.494216919
0.999023199 -0.007466893 0.043553166 1.173422337 0.006625593 0.999789298 0.019429103 -1.843141794 -0.043689068 -0.019121561 0.998862147 81.991432190
0.998720944 -0.008075887 0.049912211 1.239171267 0.007132541 0.999793112 0.019049408 -1.843912959 -0.050055727 -0.018669043 0.998571932 82.584526062
0.998266041 -0.009007853 0.058169551 1.290816545 0.007937897 0.999795556 0.018598709 -1.843100786 -0.058325194 -0.018104717 0.998133421 83.152130127
0.997584462 -0.010733970 0.068629324 1.309245110 0.009479092 0.999782383 0.018584471 -1.832498670 -0.068813868 -0.017889038 0.997469187 83.659461975
0.996885955 -0.008755287 0.078368895 1.380379200 0.007265944 0.999787867 0.019269295 -1.872914910 -0.078520983 -0.018639864 0.996738195 84.117256165
0.996202826 -0.008225890 0.086673327 1.450928688 0.006593342 0.999795735 0.019105116 -1.884857655 -0.086812772 -0.018461103 0.996053636 84.647422791
0.995220244 -0.007640342 0.097356737 1.528791428 0.005785216 0.999796510 0.019323004 -1.899758697 -0.097484574 -0.018667415 0.995061994 85.171714783
0.994223118 -0.008761420 0.106974952 1.628779411 0.006691432 0.999783695 0.019693861 -1.919450283 -0.107124344 -0.018864276 0.994066715 85.614570618
0.993350089 -0.010763043 0.114627771 1.741982460 0.008580785 0.999772847 0.019514212 -1.932217717 -0.114811756 -0.018400852 0.993216753 86.091842651
0.991814673 -0.009016961 0.127366304 1.768737793 0.006554715 0.999783695 0.019737931 -1.907494783 -0.127516717 -0.018741520 0.991659343 86.692962646
0.990129352 -0.008979076 0.139868885 1.865417480 0.006325156 0.999791622 0.019407332 -1.908514738 -0.140014008 -0.018331075 0.989979804 87.241851807
0.988619387 -0.010869094 0.150045082 1.983626366 0.008113701 0.999787331 0.018963763 -1.910219669 -0.150219277 -0.017530523 0.988497317 87.781867981
0.987090051 -0.009845899 0.159863785 2.087411880 0.006750770 0.999779344 0.019892616 -1.921827316 -0.160024360 -0.018556597 0.986938536 88.326263428
0.985067010 -0.010117208 0.171873510 2.197196007 0.006780670 0.999777257 0.019988772 -1.929993153 -0.172037438 -0.018524861 0.984916210 88.830154419
0.982593596 -0.008367338 0.185579702 2.305578232 0.004740810 0.999789178 0.019976774 -1.933397532 -0.185707733 -0.018749248 0.982426167 89.401252747
0.980668843 -0.010697364 0.195382819 2.367217064 0.007058272 0.999788523 0.019312235 -1.899017096 -0.195548132 -0.017559838 0.980536878 89.824455261
0.977746487 -0.008992096 0.209597394 2.493257523 0.004875541 0.999785125 0.020148735 -1.908062220 -0.209733546 -0.018678451 0.977580190 90.387145996
0.974812210 -0.009561895 0.222822383 2.648904800 0.005189830 0.999782503 0.020198626 -1.914058805 -0.222967058 -0.018533457 0.974649787 90.901138306
0.972181618 -0.010843358 0.233977035 2.825437546 0.006362592 0.999781847 0.019896805 -1.924809098 -0.234141752 -0.017854610 0.972038448 91.368072510
0.969157636 -0.010608841 0.246213377 2.974111557 0.005914291 0.999786496 0.019798659 -1.886899471 -0.246370852 -0.017731844 0.969013393 91.869743347
0.965601087 -0.011973376 0.259752154 3.140668869 0.006861098 0.999764681 0.020579142 -1.926467776 -0.259937406 -0.018089058 0.965456009 92.255477905
0.961992562 -0.012086149 0.272807777 3.276853561 0.007106648 0.999789774 0.019233553 -1.874698758 -0.272982955 -0.016563788 0.961876214 92.985229492
0.958901763 -0.013917650 0.283396810 3.466499329 0.008863570 0.999778092 0.019108437 -1.881670237 -0.283599913 -0.015811205 0.958812416 93.503646851
0.954632819 -0.013339604 0.297486484 3.654626846 0.007992064 0.999784052 0.019184859 -1.877633095 -0.297678173 -0.015936969 0.954533219 94.047317505
0.949949324 -0.012883651 0.312138319 3.857437134 0.007177115 0.999785542 0.019424058 -1.879215002 -0.312321603 -0.016211618 0.949838042 94.590171814
0.946211696 -0.013815071 0.323253125 4.048637390 0.008178307 0.999790013 0.018789489 -1.875706434 -0.323444784 -0.015135172 0.946125984 95.124969482
0.942179680 -0.015037782 0.334770530 4.243362427 0.009221837 0.999777853 0.018955713 -1.879750013 -0.334981233 -0.014772490 0.942108989 95.657783508
0.936821342 -0.013332115 0.349554062 4.522163391 0.006793917 0.999778390 0.019923879 -1.881622434 -0.349742264 -0.016290275 0.936704278 96.152381897
0.931949437 -0.013074315 0.362352520 4.745191574 0.006332120 0.999784112 0.019788126 -1.880815268 -0.362533033 -0.016147073 0.931831062 96.684898376
0.927652001 -0.013573046 0.373199135 4.988555908 0.006706452 0.999783576 0.019691512 -1.889212012 -0.373385638 -0.015764028 0.927542210 97.201202393
0.921588719 -0.013844272 0.387920916 5.198139191 0.006321807 0.999766469 0.020661257 -1.898451209 -0.388116390 -0.016588820 0.921461046 97.665184021
0.916084170 -0.012394639 0.400794595 5.449329376 0.004741249 0.999787033 0.020081650 -1.914071560 -0.400958151 -0.016496215 0.915947855 98.159484863
0.911235750 -0.014497815 0.411629975 5.671531677 0.006936604 0.999778748 0.019856971 -1.870687723 -0.411826819 -0.015239069 0.911134660 98.699119568
0.906044960 -0.015282711 0.422905505 5.933841705 0.007457652 0.999769092 0.020151580 -1.880225301 -0.423115849 -0.015104355 0.905949712 99.176795959
0.899308026 -0.014604948 0.437071919 6.191421509 0.006560765 0.999780238 0.019908831 -1.876669884 -0.437266678 -0.015036645 0.899206221 99.707267761
0.893374860 -0.014987371 0.449062079 6.458953857 0.006618239 0.999774039 0.020200806 -1.880152106 -0.449263334 -0.015074893 0.893272161 100.193321228
0.887894809 -0.015565971 0.459782988 6.773727417 0.007265220 0.999777198 0.019817507 -1.886428833 -0.459989041 -0.014255437 0.887810230 100.698875427
0.881016433 -0.015922749 0.472817779 7.073501587 0.007405382 0.999775112 0.019870035 -1.883248687 -0.473027885 -0.014004431 0.880936265 101.194480896
