1.000000000 0.000000000 0.000000000 0.000000000 0.000000000 1.000000000 0.000000000 0.000000000 0.000000000 0.000000000 1.000000000 0.000000000
1.000000000 0.000162725 0.000124923 -0.003259495 -0.000162709 1.000000000 -0.000126538 0.002935326 -0.000124944 0.000126517 1.000000000 0.004470577
1.000000000 0.000115674 0.000036431 0.000024442 -0.000115672 1.000000000 -0.000055818 0.001700139 -0.000036437 0.000055813 1.000000000 0.004425283
0.999999940 0.000278960 0.000093513 -0.000049811 -0.000278957 0.999999940 -0.000030365 0.001498920 -0.000093522 0.000030339 1.000000000 -0.001500202
1.000000000 0.000190838 -0.000001541 0.003225584 -0.000190838 1.000000000 -0.000011753 0.000918658 0.000001539 0.000011753 1.000000000 -0.000606979
1.000000000 0.000036602 -0.000098390 0.003271973 -0.000036602 1.000000000 0.000001923 0.000036262 0.000098390 -0.000001919 1.000000000 0.000216722
1.000000000 0.000150375 0.000102406 -0.002625250 -0.000150367 1.000000000 -0.000083202 0.001729325 -0.000102419 0.000083187 1.000000000 -0.000089282
1.000000000 0.000056080 -0.000009441 0.000533169 -0.000056080 1.000000000 0.000018633 0.000853397 0.000009442 -0.000018632 1.000000000 -0.001755570
1.000000000 0.000072482 0.000170653 -0.005340901 -0.000072472 1.000000000 -0.000059658 0.001911745 -0.000170657 0.000059646 1.000000000 0.005137170
0.999999940 0.000218735 0.000221435 -0.004300452 -0.000218709 0.999999940 -0.000118096 0.000993403 -0.000221461 0.000118048 0.999999940 0.000357713
0.999999940 0.000223718 0.000132637 -0.001666395 -0.000223715 1.000000000 -0.000016749 0.001507483 -0.000132641 0.000016719 1.000000000 -0.000147899
1.000000000 0.000128477 0.000175097 -0.003246811 -0.000128465 1.000000000 -0.000068072 0.001178068 -0.000175106 0.000068050 1.000000000 -0.002768452
1.000000000 0.000060125 0.000087889 -0.003281393 -0.000060124 1.000000000 -0.000014321 0.000538295 -0.000087890 0.000014316 1.000000000 -0.004775784
1.000000000 -0.000063082 0.000120894 -0.002398043 0.000063081 1.000000000 0.000007079 -0.000820405 -0.000120894 -0.000007071 1.000000000 0.000222961
1.000000000 0.000079196 0.000073984 -0.000307429 -0.000079193 1.000000000 -0.000036549 0.000475038 -0.000073987 0.000036544 1.000000000 -0.002734316
1.000000000 -0.000127425 -0.000111403 0.001921577 0.000127420 1.000000000 -0.000044342 0.000266577 0.000111408 0.000044328 1.000000000 -0.005634789
1.000000000 -0.000013002 0.000046083 -0.002560043 0.000013005 1.000000000 -0.000056306 0.000301347 -0.000046082 0.000056306 1.000000000 -0.002494632
1.000000000 0.000060378 0.000215948 -0.004290367 -0.000060398 1.000000000 0.000095111 -0.002071449 -0.000215942 -0.000095124 1.000000000 -0.003445147
1.000000000 0.000081994 0.000007910 0.000432651 -0.000081994 1.000000000 0.000044680 0.000726777 -0.000007906 -0.000044680 1.000000000 -0.005862632
1.000000000 -0.000076100 0.000020227 -0.001108394 0.000076100 1.000000000 0.000031816 -0.001096023 -0.000020230 -0.000031815 1.000000000 -0.006935022
1.000000000 0.000044292 0.000068423 -0.000828076 -0.000044292 1.000000000 0.000006113 -0.000380480 -0.000068422 -0.000006116 1.000000000 -0.006970998
1.000000000 -0.000080025 0.000045154 -0.000318637 0.000080022 1.000000000 0.000064910 -0.001750443 -0.000045159 -0.000064906 1.000000000 -0.004430941
1.000000000 0.000131373 0.000147178 -0.005660831 -0.000131353 1.000000000 -0.000136362 0.002128435 -0.000147196 0.000136342 1.000000000 0.003284676
1.000000000 -0.000047489 -0.000049302 0.000853308 0.000047486 1.000000000 -0.000053984 -0.000157819 0.000049304 0.000053981 1.000000000 -0.001006506
1.000000000 -0.000018590 0.000050066 -0.002404667 0.000018587 1.000000000 0.000059689 0.000692160 -0.000050067 -0.000059688 1.000000000 0.000291455
1.000000000 -0.000021555 -0.000095528 0.003846863 0.000021547 1.000000000 -0.000081404 0.001952484 0.000095529 0.000081402 1.000000000 -0.006881651
1.000000000 -0.000055556 0.000060488 -0.002831602 0.000055562 1.000000000 -0.000104360 0.002494949 -0.000060482 0.000104364 1.000000000 0.000000332
0.999999940 0.000289386 0.000169641 -0.004624801 -0.000289366 0.999999940 -0.000115904 0.002039052 -0.000169675 0.000115855 1.000000000 -0.000712752
1.000000000 0.000050393 0.000101661 -0.003030076 -0.000050394 1.000000000 0.000010466 0.001014193 -0.000101660 -0.000010471 1.000000000 0.000422631
1.000000000 -0.000030015 0.000018615 -0.003822258 0.000030016 1.000000000 -0.000043916 0.002946640 -0.000018614 0.000043917 1.000000000 -0.001465568
1.000000000 0.000042388 0.000078671 -0.003790316 -0.000042385 1.000000000 -0.000041239 0.001338453 -0.000078673 0.000041236 1.000000000 -0.000182673
1.000000000 -0.000031869 0.000084013 -0.003458081 0.000031859 1.000000000 0.000119017 0.000350922 -0.000084017 -0.000119015 1.000000000 0.002530365
1.000000000 -0.000130752 0.000029497 -0.003638615 0.000130751 1.000000000 0.000023092 0.000085337 -0.000029500 -0.000023088 1.000000000 -0.004744720
1.000000000 -0.000072965 0.000003642 -0.001975016 0.000072965 1.000000000 0.000050512 0.000257873 -0.000003645 -0.000050511 1.000000000 -0.006356542
0.999999940 0.000242662 0.000160097 -0.004322521 -0.000242662 1.000000000 -0.000001550 0.000833200 -0.000160098 0.000001511 1.000000000 -0.001696705
1.000000000 0.000059561 0.000160621 -0.004345707 -0.000059560 1.000000000 -0.000003145 0.001058895 -0.000160621 0.000003136 1.000000000 -0.000083564
1.000000000 0.000097121 0.000097287 -0.006395256 -0.000097115 1.000000000 -0.000061733 0.002741444 -0.000097293 0.000061723 1.000000000 0.001677122
1.000000000 0.000100626 0.000069665 -0.004142146 -0.000100620 1.000000000 -0.000086204 0.002382873 -0.000069674 0.000086197 1.000000000 -0.001323087
1.000000000 -0.000117464 0.000047327 -0.003154681 0.000117462 1.000000000 0.000037237 0.001057169 -0.000047332 -0.000037232 1.000000000 0.000723610
1.000000000 -0.000086080 -0.000004879 -0.000232192 0.000086081 1.000000000 0.000094592 -0.000390312 0.000004871 -0.000094592 1.000000000 -0.006466889
1.000000000 -0.000173578 -0.000015985 -0.002970250 0.000173578 1.000000000 0.000020152 -0.000680912 0.000015981 -0.000020155 1.000000000 -0.000541797
1.000000000 0.000139791 0.000072776 0.002503882 -0.000139755 0.999999881 -0.000495396 -0.005529579 -0.000072845 0.000495386 0.999999881 0.050170280
1.000000000 0.000048184 0.000012665 0.003083936 -0.000048168 0.999999166 -0.001280865 -0.003405337 -0.000012726 0.001280864 0.999999166 0.148237377
1.000000000 0.000072160 -0.000062596 0.004814134 -0.000072252 0.999998868 -0.001485247 -0.010150747 0.000062489 0.001485252 0.999998868 0.261263609
1.000000000 0.000026732 0.000090393 0.002217882 -0.000026607 0.999999046 -0.001390376 -0.016086761 -0.000090431 0.001390374 0.999999046 0.392047197
1.000000000 0.000001800 -0.000105511 0.005079373 -0.000001917 0.999999404 -0.001104264 -0.020508783 0.000105509 0.001104264 0.999999404 0.533879519
1.000000000 -0.000102050 -0.000203150 0.017047822 0.000101859 0.999999583 -0.000937304 -0.028685613 0.000203245 0.000937283 0.999999523 0.691470623
0.999999881 -0.000484195 -0.000170254 0.022012264 0.000484097 0.999999702 -0.000572828 -0.032658055 0.000170531 0.000572745 0.999999821 0.850189984
0.999999940 -0.000179628 -0.000380099 0.028599324 0.000179415 0.999999821 -0.000559779 -0.038947862 0.000380200 0.000559711 0.999999762 1.034854650
1.000000000 -0.000020315 0.000051489 0.017002370 0.000020345 0.999999821 -0.000576587 -0.045262769 -0.000051477 0.000576588 0.999999821 1.209801912
0.999999762 -0.000545859 -0.000361540 0.038840454 0.000545698 0.999999762 -0.000445904 -0.049838133 0.000361784 0.000445707 0.999999821 1.421305776
0.999999404 -0.000654844 -0.000873699 0.045755871 0.000654816 0.999999762 -0.000032017 -0.061389469 0.000873720 0.000031444 0.999999642 1.606778026
0.999993622 0.002866331 0.002135684 -0.004653411 -0.002866420 0.999995887 0.000038818 -0.087545112 -0.002135563 -0.000044940 0.999997735 1.727084994
0.999993801 0.002689979 0.002235438 0.006875515 -0.002690697 0.999996305 0.000318380 -0.097849600 -0.002234573 -0.000324393 0.999997497 1.927474380
0.999992549 0.002947102 0.002502989 -0.005244535 -0.002948290 0.999995530 0.000471340 -0.110796511 -0.002501589 -0.000478716 0.999996781 2.132517338
0.999991417 0.003163842 0.002677992 -0.000349213 -0.003165463 0.999994755 0.000601619 -0.116393775 -0.002676075 -0.000610091 0.999996305 2.350863934
0.999990046 0.003643310 0.002582542 0.004302764 -0.003645140 0.999993026 0.000704183 -0.119434297 -0.002579959 -0.000713590 0.999996483 2.589958429
0.999989092 0.003432173 0.003183438 -0.000540907 -0.003435458 0.999993563 0.001026971 -0.132427096 -0.003179892 -0.001037897 0.999994457 2.821703672
0.999991119 0.003195914 0.002742017 0.013387403 -0.003199074 0.999994159 0.001148615 -0.144984320 -0.002738330 -0.001157377 0.999995530 3.031737804
0.999989033 0.003666393 0.002917635 0.018744141 -0.003669184 0.999992788 0.000951958 -0.148835391 -0.002914123 -0.000962653 0.999995291 3.273486614
0.999991000 0.003158173 0.002835890 0.023244057 -0.003161814 0.999994159 0.001280459 -0.159035444 -0.002831829 -0.001289414 0.999995172 3.526274443
0.999988794 0.003797918 0.002858621 0.024867188 -0.003801060 0.999992192 0.001094628 -0.169936672 -0.002854441 -0.001105481 0.999995351 3.768915653
0.999989629 0.003276095 0.003162227 0.023863228 -0.003280390 0.999993682 0.001353864 -0.180516437 -0.003157771 -0.001364223 0.999994099 4.021234512
0.999986351 0.003758729 0.003609904 0.024970304 -0.003764385 0.999991596 0.001561342 -0.189116612 -0.003604005 -0.001574910 0.999992311 4.274096489
0.999988794 0.003482095 0.003200792 0.038895667 -0.003487043 0.999992728 0.001541377 -0.196383283 -0.003195401 -0.001552521 0.999993742 4.544760227
0.999987006 0.003627906 0.003585707 0.036992375 -0.003633997 0.999991953 0.001693598 -0.210249022 -0.003579534 -0.001706606 0.999992132 4.788859367
0.999985874 0.003808880 0.003723803 0.040075392 -0.003814542 0.999991596 0.001514559 -0.216955960 -0.003718002 -0.001528742 0.999991953 5.047353745
0.999988437 0.003399469 0.003407338 0.048237763 -0.003406324 0.999992192 0.002007947 -0.229117841 -0.003400485 -0.002019530 0.999992251 5.312539101
0.999988735 0.003084746 0.003614231 0.050559402 -0.003092147 0.999993145 0.002043991 -0.237446159 -0.003607901 -0.002055143 0.999991357 5.578553200
0.999983430 0.004300800 0.003826517 0.052258313 -0.004307986 0.999988973 0.001871895 -0.249490336 -0.003818424 -0.001888349 0.999990940 5.852543831
0.999983490 0.004129607 0.003983450 0.054187462 -0.004137330 0.999989569 0.001932604 -0.260457695 -0.003975427 -0.001949052 0.999990225 6.117858887
0.999977410 0.005093340 0.004382715 0.063369200 -0.005101749 0.999985218 0.001909588 -0.268059820 -0.004372924 -0.001931904 0.999988556 6.400572777
0.999984860 0.003872045 0.003908783 0.072585009 -0.003880476 0.999990106 0.002151738 -0.279710233 -0.003900413 -0.002166873 0.999990046 6.703061104
0.999986053 0.003581626 0.003896527 0.090544537 -0.003590225 0.999991119 0.002202026 -0.293573707 -0.003888606 -0.002215985 0.999989986 6.987162590
0.999983966 0.003935190 0.004084521 0.098713681 -0.003945319 0.999989092 0.002474481 -0.305159867 -0.004074739 -0.002490556 0.999988556 7.282593727
0.999982655 0.004112612 0.004211743 0.106448695 -0.004123035 0.999988496 0.002468989 -0.318665415 -0.004201541 -0.002486311 0.999988079 7.589513779
0.999984324 0.003926242 0.003980384 0.113097280 -0.003936423 0.999988973 0.002553342 -0.323254555 -0.003970315 -0.002568970 0.999988735 7.916479111
0.999983668 0.004033670 0.004053604 0.120722800 -0.004043615 0.999988735 0.002448059 -0.329739243 -0.004043685 -0.002464410 0.999988735 8.237630844
0.999983191 0.003952962 0.004231149 0.126019955 -0.003961997 0.999989808 0.002129099 -0.325599909 -0.004222690 -0.002145828 0.999988735 8.572652817
0.999983847 0.003707464 0.004306422 0.127804294 -0.003717860 0.999990165 0.002408733 -0.340175718 -0.004297449 -0.002424705 0.999987781 8.910057068
0.999983907 0.003706059 0.004280202 0.144975752 -0.003716542 0.999990106 0.002443766 -0.352641582 -0.004271102 -0.002459635 0.999987841 9.233657837
0.999985158 0.003486967 0.004179022 0.156879604 -0.003495895 0.999991655 0.002130920 -0.357432961 -0.004171556 -0.002145498 0.999988973 9.583653450
0.999985754 0.003405071 0.004106777 0.160595953 -0.003414153 0.999991715 0.002206381 -0.363693058 -0.004099230 -0.002220371 0.999989152 9.926261902
0.999983907 0.003745914 0.004250149 0.166949376 -0.003756696 0.999989688 0.002531769 -0.381365776 -0.004240622 -0.002547694 0.999987781 10.284566879
0.999985397 0.003420132 0.004185866 0.183263525 -0.003433093 0.999989271 0.003093249 -0.393663228 -0.004175241 -0.003107574 0.999986410 10.654249191
0.999984324 0.003796286 0.004102232 0.198058501 -0.003807473 0.999989033 0.002722672 -0.409068793 -0.004091851 -0.002738249 0.999987841 10.976007462
0.999979019 0.004640746 0.004500377 0.200055972 -0.004651214 0.999986410 0.002318399 -0.419969916 -0.004489557 -0.002339283 0.999987185 11.361015320
0.999980211 0.004410561 0.004491331 0.211831003 -0.004423428 0.999986172 0.002858980 -0.426040053 -0.004478659 -0.002878791 0.999985874 11.751973152
0.999981582 0.004179352 0.004409689 0.224288568 -0.004192406 0.999986827 0.002955225 -0.439232647 -0.004397280 -0.002973658 0.999985933 12.102364540
0.999984562 0.003308309 0.004451938 0.230751038 -0.003322186 0.999989629 0.003113312 -0.459250540 -0.004441592 -0.003128055 0.999985158 12.457800865
0.999985278 0.003426825 0.004194925 0.244023681 -0.003439319 0.999989569 0.002974674 -0.466427028 -0.004184688 -0.002989058 0.999986708 12.862477303
0.999986827 0.003090941 0.004087604 0.265304029 -0.003105081 0.999989152 0.003457369 -0.481043756 -0.004076873 -0.003470015 0.999985576 13.270020485
0.999979615 0.004104553 0.004887804 0.271036088 -0.004119745 0.999986768 0.003102063 -0.481743783 -0.004875006 -0.003122136 0.999983191 13.697340965
0.999974847 0.004372896 0.005579722 0.255685627 -0.004390626 0.999985337 0.003169476 -0.488707989 -0.005565780 -0.003193894 0.999979377 14.085469246
0.999985874 0.002574315 0.004642489 0.293289810 -0.002592890 0.999988616 0.003999420 -0.550526261 -0.004632140 -0.004011401 0.999981225 14.445109367
0.999983251 0.002964225 0.004977412 0.303110391 -0.002986241 0.999985814 0.004421435 -0.565316856 -0.004964235 -0.004436225 0.999977827 14.864356995
0.999983490 0.002458892 0.005211100 0.318419158 -0.002482633 0.999986589 0.004554309 -0.574995756 -0.005199831 -0.004567171 0.999976039 15.277543068
0.999980867 0.002718406 0.005568106 0.337571144 -0.002743466 0.999986112 0.004498017 -0.584188402 -0.005555801 -0.004513207 0.999974370 15.744592667
0.999971747 0.003951980 0.006404876 0.331309855 -0.003980742 0.999981999 0.004484225 -0.603765965 -0.006387039 -0.004509594 0.999969423 16.238634109
0.999976099 0.002804371 0.006305567 0.346792579 -0.002835420 0.999983847 0.004920640 -0.633865595 -0.006291666 -0.004938401 0.999967992 16.588413239
0.999968946 0.003521398 0.007038190 0.360471368 -0.003555968 0.999981582 0.004905292 -0.643073142 -0.007020787 -0.004930168 0.999963224 17.055992126
0.999971211 0.003194814 0.006885396 0.377244204 -0.003228560 0.999982715 0.004895555 -0.651587844 -0.006869637 -0.004917644 0.999964297 17.512329102
0.999963462 0.003892110 0.007615879 0.389484823 -0.003933637 0.999977350 0.005445177 -0.675326705 -0.007594514 -0.005474936 0.999956131 17.959770203
0.999961197 0.003487350 0.008084353 0.398793459 -0.003527757 0.999981284 0.004989348 -0.672797084 -0.008066802 -0.005017675 0.999954820 18.456268311
0.999965489 0.002861398 0.007804876 0.430325806 -0.002903985 0.999980867 0.005450515 -0.696385562 -0.007789131 -0.005472990 0.999954700 18.914794922
0.999967039 0.003625252 0.007266963 0.439054787 -0.003665387 0.999978065 0.005517325 -0.722813249 -0.007246802 -0.005543779 0.999958396 19.349851608
0.999973595 0.002933930 0.006661888 0.457877576 -0.002975286 0.999976277 0.006206614 -0.738875270 -0.006643520 -0.006226270 0.999958634 19.825689316
0.999966502 0.003731425 0.007281816 0.471471965 -0.003775604 0.999974549 0.006062740 -0.755562067 -0.007259007 -0.006090030 0.999955177 20.306798935
0.999965012 0.003527822 0.007575783 0.464754522 -0.003570128 0.999978185 0.005578290 -0.760625124 -0.007555937 -0.005605142 0.999955773 20.775390625
0.999970973 0.003220969 0.006901288 0.480101883 -0.003257611 0.999980688 0.005304937 -0.759483099 -0.006884067 -0.005327266 0.999962151 21.293430328
0.999965250 0.004244033 0.007179289 0.472994357 -0.004280728 0.999977827 0.005103614 -0.780351102 -0.007157470 -0.005134170 0.999961257 21.762254715
0.999967873 0.004213873 0.006812496 0.499249876 -0.004252907 0.999974608 0.005725437 -0.796353340 -0.006788198 -0.005754228 0.999960423 22.285966873
0.999980211 0.003165103 0.005435606 0.527267575 -0.003198813 0.999975622 0.006204373 -0.819814384 -0.005415836 -0.006221638 0.999965906 22.780303955
0.999981701 0.003277904 0.005088790 0.535401702 -0.003307322 0.999977767 0.005783394 -0.832825482 -0.005069720 -0.005800118 0.999970257 23.326040268
0.999987066 0.002574576 0.004384025 0.546893001 -0.002601548 0.999977648 0.006157908 -0.849324644 -0.004368073 -0.006169233 0.999971449 23.831716537
0.999985218 0.003576486 0.004099713 0.555465221 -0.003602982 0.999972582 0.006473873 -0.861473799 -0.004076447 -0.006488548 0.999970615 24.357126236
0.999986768 0.003786116 0.003468583 0.572102904 -0.003807330 0.999974012 0.006129975 -0.870723844 -0.003445284 -0.006143100 0.999975204 24.885732651
0.999986947 0.004024937 0.003131753 0.575220287 -0.004044235 0.999972701 0.006180262 -0.880028546 -0.003106792 -0.006192847 0.999975920 25.426387787
0.999992013 0.003111077 0.002500641 0.590196848 -0.003126363 0.999976277 0.006132484 -0.892508864 -0.002481503 -0.006140253 0.999978065 25.972915649
0.999990761 0.003402119 0.002597133 0.607031465 -0.003420596 0.999968648 0.007143223 -0.905458689 -0.002572750 -0.007152041 0.999971092 26.513401031
0.999990523 0.003673336 0.002334767 0.619462371 -0.003690207 0.999966860 0.007263054 -0.921286166 -0.002308010 -0.007271600 0.999970913 27.052692413
0.999984801 0.004944941 0.002439958 0.635024428 -0.004962961 0.999960065 0.007435527 -0.944309056 -0.002403092 -0.007447524 0.999969304 27.589555740
0.999988973 0.004416850 0.001599291 0.642883897 -0.004427828 0.999966323 0.006927549 -0.942195415 -0.001568639 -0.006934555 0.999974728 28.113302231
0.999987960 0.004630154 0.001582693 0.655740082 -0.004641677 0.999962211 0.007355916 -0.962117493 -0.001548573 -0.007363175 0.999971688 28.655254364
0.999986470 0.004968774 0.001549470 0.642523408 -0.004979219 0.999964356 0.006811982 -0.974728346 -0.001515568 -0.006819604 0.999975622 29.233137131
0.999989867 0.004465422 0.000532714 0.680558980 -0.004469212 0.999963045 0.007336718 -0.985453367 -0.000499932 -0.007339024 0.999972939 29.737762451
0.999992490 0.003859790 0.000150253 0.700518787 -0.003860888 0.999959171 0.008163949 -1.006886363 -0.000118735 -0.008164468 0.999966741 30.271259308
0.999991059 0.004256878 0.000107770 0.712925315 -0.004257548 0.999964654 0.007251678 -1.010895371 -0.000076897 -0.007252071 0.999973714 30.831466675
0.999989152 0.004665726 -0.000255250 0.732453108 -0.004663630 0.999959707 0.007675472 -1.030457139 0.000291052 -0.007674198 0.999970496 31.368301392
0.999987662 0.004982670 -0.000226800 0.755083859 -0.004980893 0.999961317 0.007257992 -1.054133654 0.000262955 -0.007256773 0.999973655 31.903547287
0.999990582 0.004311137 -0.000463785 0.760548294 -0.004307792 0.999966323 0.006988278 -1.037479997 0.000493896 -0.006986214 0.999975502 32.433422089
0.999986768 0.005147641 0.000256346 0.751243114 -0.005149253 0.999964118 0.006745416 -1.048685789 -0.000221614 -0.006746648 0.999977291 32.986026764
0.999987066 0.005086321 0.000168132 0.766203761 -0.005087414 0.999960423 0.007305753 -1.068796515 -0.000130966 -0.007306515 0.999973357 33.521209717
0.999982715 0.005819207 -0.000808479 0.803931653 -0.005813062 0.999955654 0.007406312 -1.070908308 0.000851542 -0.007401484 0.999972284 34.077842712
0.999989927 0.004452599 -0.000568389 0.787171483 -0.004448295 0.999962986 0.007361487 -1.100166082 0.000601146 -0.007358884 0.999972761 34.562206268
0.999987721 0.004897108 -0.000772227 0.802786827 -0.004891303 0.999961078 0.007347890 -1.106464982 0.000808181 -0.007344023 0.999972761 35.100025177
0.999990165 0.004250922 -0.001202608 0.810172200 -0.004241176 0.999958992 0.007993512 -1.133284569 0.001236538 -0.007988334 0.999967337 35.640338898
0.999979973 0.006284096 -0.000625863 0.828918159 -0.006279511 0.999955177 0.007075179 -1.141427994 0.000670296 -0.007071108 0.999974787 36.236072540
0.999977946 0.006611587 -0.000635862 0.834833443 -0.006606793 0.999951780 0.007268665 -1.168501854 0.000683889 -0.007264304 0.999973416 36.794860840
0.999982238 0.005939235 -0.000481477 0.837486804 -0.005936299 0.999964952 0.005886436 -1.125985861 0.000516421 -0.005883473 0.999982536 37.320816040
0.999981523 0.006029565 -0.000674696 0.877635837 -0.006024501 0.999955356 0.007269268 -1.176825166 0.000718496 -0.007265069 0.999973297 37.853878021
0.999988973 0.004454317 -0.001474905 0.869562328 -0.004442742 0.999960005 0.007761305 -1.192314863 0.001509417 -0.007754667 0.999968767 38.356601715
0.999987006 0.004532123 -0.002305372 0.895098686 -0.004513311 0.999956965 0.008100986 -1.217211962 0.002341987 -0.008090477 0.999964476 38.892391205
0.999987364 0.004342431 -0.002508377 0.915926397 -0.004321081 0.999954879 0.008455433 -1.229445338 0.002544981 -0.008444487 0.999961078 39.475284576
0.999982655 0.005539248 -0.002040084 0.934379816 -0.005523312 0.999954879 0.007736132 -1.235793352 0.002082843 -0.007724729 0.999967933 40.008396149
0.999986112 0.004779594 -0.002227145 0.933809221 -0.004762096 0.999958336 0.007796406 -1.252464533 0.002264315 -0.007785691 0.999967098 40.585975647
0.999989331 0.004054615 -0.002216638 0.947129786 -0.004036699 0.999959588 0.008028322 -1.260149598 0.002249101 -0.008019288 0.999965250 41.089496613
0.999988794 0.004160276 -0.002262282 0.957555711 -0.004140535 0.999953985 0.008662146 -1.275645494 0.002298216 -0.008652682 0.999959886 41.630260468
0.999989748 0.004068262 -0.001998973 0.957629740 -0.004051063 0.999955356 0.008533870 -1.288402915 0.002033603 -0.008525684 0.999961615 42.150867462
0.999989927 0.004018883 -0.001995923 0.967149973 -0.004000917 0.999952137 0.008925162 -1.295079708 0.002031697 -0.008917088 0.999958217 42.683170319
0.999989688 0.004010634 -0.002115322 0.979061782 -0.003992273 0.999954879 0.008613762 -1.313786983 0.002149774 -0.008605227 0.999960661 43.235618591
0.999990642 0.003863757 -0.001947857 0.981485963 -0.003846330 0.999953151 0.008873028 -1.326747298 0.001982050 -0.008865452 0.999958754 43.766304016
0.999991298 0.003802591 -0.001727594 0.993582010 -0.003787927 0.999957442 0.008413453 -1.330624461 0.001759515 -0.008406837 0.999963105 44.314918518
0.999991298 0.003827785 -0.001627993 1.003909945 -0.003814094 0.999958038 0.008331674 -1.345199823 0.001659817 -0.008325393 0.999963939 44.859046936
0.999991894 0.003645440 -0.001682439 1.010489464 -0.003630688 0.999955714 0.008689689 -1.357676029 0.001714042 -0.008683511 0.999960780 45.372619629
0.999991357 0.003933573 -0.001328534 1.026163936 -0.003922386 0.999957681 0.008319693 -1.365816832 0.001361203 -0.008314410 0.999964535 45.921173096
0.999990702 0.004132078 -0.001250061 1.049807668 -0.004120638 0.999950826 0.009019758 -1.392038345 0.001287269 -0.009014523 0.999958575 46.450675964
0.999991238 0.003679704 -0.001980451 1.065213680 -0.003662981 0.999958217 0.008382166 -1.391758323 0.002011212 -0.008374839 0.999962986 47.031280518
0.999991059 0.003987621 -0.001377373 1.045238972 -0.003977164 0.999963880 0.007513059 -1.386313438 0.001407282 -0.007507513 0.999970853 47.580673218
0.999993086 0.003497198 -0.001255557 1.065076709 -0.003486777 0.999960244 0.008208576 -1.412216663 0.001284214 -0.008204141 0.999965549 48.081104279
0.999993086 0.003325168 -0.001614985 1.084470749 -0.003311106 0.999957263 0.008633072 -1.426800966 0.001643623 -0.008627665 0.999961495 48.633594513
0.999992132 0.003682375 -0.001428297 1.095231414 -0.003669929 0.999956071 0.008620522 -1.441009998 0.001459979 -0.008615214 0.999961913 49.174354553
0.999992430 0.003462355 -0.001767965 1.107248664 -0.003447848 0.999960899 0.008143254 -1.443550348 0.001796091 -0.008137096 0.999965310 49.720592499
0.999992967 0.003637251 -0.000932421 1.102345705 -0.003628977 0.999955356 0.008726594 -1.468100548 0.000964120 -0.008723151 0.999961495 50.242706299
0.999991059 0.004166532 -0.000823803 1.109987140 -0.004159385 0.999955297 0.008495213 -1.478537679 0.000859161 -0.008491711 0.999963582 50.788169861
0.999993443 0.003476359 -0.001100590 1.119463325 -0.003466416 0.999954283 0.008911000 -1.491446018 0.001131517 -0.008907123 0.999959648 51.333045959
0.999993086 0.003490947 -0.001274774 1.141560435 -0.003479503 0.999954581 0.008871729 -1.505078673 0.001305686 -0.008867231 0.999959886 51.867465973
0.999992132 0.003831869 -0.001029850 1.153332710 -0.003822263 0.999950647 0.009173212 -1.512152791 0.001064949 -0.009169202 0.999957383 52.386753082
0.999995470 0.002979797 -0.000610008 1.142571807 -0.002974319 0.999956906 0.008793237 -1.533540487 0.000636183 -0.008791382 0.999961078 52.947025299
0.999994338 0.003281748 -0.000782493 1.166642427 -0.003274801 0.999956667 0.008719931 -1.536878467 0.000811075 -0.008717320 0.999961674 53.492912292
0.999991894 0.004022466 0.000021839 1.146855712 -0.004022492 0.999946594 0.009525768 -1.564305782 0.000016478 -0.009525781 0.999954522 54.001773834
0.999993086 0.003666978 -0.000631327 1.178125620 -0.003661158 0.999952972 0.008984470 -1.568098903 0.000664244 -0.008982098 0.999959469 54.562278748
0.999996364 0.002699038 -0.000101068 1.177370667 -0.002698027 0.999956548 0.008936910 -1.579874039 0.000125184 -0.008936605 0.999960065 55.031475067
0.999995291 0.003079551 -0.000201779 1.185807705 -0.003077617 0.999955058 0.008970189 -1.585428834 0.000229394 -0.008969526 0.999959767 55.591316223
0.999995530 0.003010263 0.000242966 1.189308167 -0.003012312 0.999955654 0.008927348 -1.605298519 -0.000216082 -0.008928038 0.999960124 56.113479614
0.999993920 0.003468049 0.000185076 1.218879700 -0.003469533 0.999955893 0.008731972 -1.595657110 -0.000154786 -0.008732563 0.999961853 56.704265594
0.999994755 0.002622391 0.001878590 1.177874684 -0.002638869 0.999957561 0.008823594 -1.625585794 -0.001855371 -0.008828505 0.999959290 57.149745941
0.999992847 0.002837533 0.002516986 1.184753776 -0.002859171 0.999958575 0.008635063 -1.638168335 -0.002492380 -0.008642197 0.999959528 57.683917999
0.999994397 0.002707469 0.001975340 1.202327609 -0.002724407 0.999959111 0.008622978 -1.642159224 -0.001951912 -0.008628309 0.999960899 58.211620331
0.999995708 0.002419986 0.001656446 1.220002890 -0.002434197 0.999959767 0.008631813 -1.660844326 -0.001635490 -0.008635808 0.999961436 58.725708008
0.999997914 0.001544254 0.001358286 1.239703417 -0.001556047 0.999960661 0.008724461 -1.669926643 -0.001344760 -0.008726557 0.999961078 59.274166107
0.999994040 0.002590643 0.002283042 1.221961021 -0.002610428 0.999958634 0.008705811 -1.677280307 -0.002260394 -0.008711719 0.999959409 59.791950226
0.999995887 0.002253098 0.001751541 1.244955540 -0.002267386 0.999963760 0.008199201 -1.689744949 -0.001733002 -0.008203139 0.999964774 60.342533112
0.999992788 0.003235116 0.002031357 1.263185740 -0.003251212 0.999962926 0.007971137 -1.703231812 -0.002005495 -0.007977686 0.999966145 60.876537323
0.999997735 0.001835464 0.001108284 1.312387109 -0.001844877 0.999961734 0.008552187 -1.748116970 -0.001092544 -0.008554213 0.999962747 61.387199402
0.999995291 0.001459791 0.002683898 1.277009964 -0.001483568 0.999959469 0.008878572 -1.740508080 -0.002670827 -0.008882514 0.999956965 61.892509460
0.999996006 0.001536077 0.002359047 1.285644174 -0.001558770 0.999952197 0.009647930 -1.754744768 -0.002344113 -0.009651570 0.999950647 62.433845520
0.999994934 0.001889686 0.002554351 1.293603182 -0.001911886 0.999960184 0.008716879 -1.765166283 -0.002537777 -0.008721719 0.999958754 62.973270416
0.999994934 0.000962260 0.003039714 1.295168877 -0.000989618 0.999958932 0.009011482 -1.783575058 -0.003030918 -0.009014444 0.999954700 63.473140717
0.999994576 0.000796552 0.003219306 1.291383743 -0.000824907 0.999960899 0.008816107 -1.795873284 -0.003212156 -0.008818714 0.999955893 64.005775452
0.999996066 0.000693493 0.002690259 1.324197888 -0.000717933 0.999958396 0.009094221 -1.807443380 -0.002683840 -0.009096116 0.999954939 64.556793213
0.999993026 0.001100232 0.003592451 1.333771706 -0.001132748 0.999958336 0.009061755 -1.822556973 -0.003582331 -0.009065760 0.999952435 65.096138000
0.999994576 0.000666008 0.003213278 1.384437203 -0.000694925 0.999959171 0.009006392 -1.807908654 -0.003207146 -0.009008576 0.999954283 65.526817322
0.999994516 0.001167978 0.003103285 1.393143654 -0.001195607 0.999959528 0.008916033 -1.819435000 -0.003092745 -0.008919694 0.999955475 66.069717407
0.999996126 0.001167358 0.002530836 1.414860249 -0.001188730 0.999963462 0.008459496 -1.830151796 -0.002520869 -0.008462472 0.999960959 66.621086121
0.999996603 0.000870406 0.002461981 1.457606316 -0.000892442 0.999959409 0.008963751 -1.840865374 -0.002454079 -0.008965916 0.999956787 67.083625793
0.999992669 0.000539116 0.003796144 1.434497833 -0.000570291 0.999966085 0.008215955 -1.836446047 -0.003791586 -0.008218059 0.999959052 67.586418152
0.999991953 0.000624091 0.003970460 1.441985488 -0.000657513 0.999964297 0.008421777 -1.848415852 -0.003965063 -0.008424320 0.999956667 68.126228333
0.999991059 0.001093293 0.004093636 1.467577100 -0.001126913 0.999965608 0.008219462 -1.869353533 -0.004084511 -0.008224002 0.999957860 68.612236023
0.999994814 -0.000341583 0.003181548 1.479649067 0.000314975 0.999965012 0.008359903 -1.861658573 -0.003184290 -0.008358858 0.999960005 69.119712830
0.999995291 -0.000189721 0.003071564 1.488898396 0.000164728 0.999966919 0.008135079 -1.870483518 -0.003073005 -0.008134535 0.999962151 69.667900085
0.999993145 0.000376198 0.003695668 1.515067935 -0.000404095 0.999971390 0.007550870 -1.892595887 -0.003692724 -0.007552311 0.999964654 70.181938171
0.999994934 0.000503881 0.003154572 1.548138976 -0.000528274 0.999969900 0.007736506 -1.904888034 -0.003150581 -0.007738133 0.999965131 70.715553284
0.999993503 -0.002296987 0.002775690 1.559449911 0.002275954 0.999968827 0.007557021 -1.897537708 -0.002792962 -0.007550654 0.999967515 71.159812927
0.999993026 -0.001201726 0.003522633 1.562659502 0.001175088 0.999970675 0.007554245 -1.914145112 -0.003531608 -0.007550052 0.999965250 71.711425781
0.999992788 -0.001439364 0.003498381 1.577685237 0.001413403 0.999971449 0.007411928 -1.921518326 -0.003508949 -0.007406930 0.999966383 72.208610535
0.999991834 -0.002550154 0.003131228 1.595396042 0.002527970 0.999971807 0.007068527 -1.934151649 -0.003149167 -0.007060555 0.999970078 72.748054504
0.999991357 -0.002482659 0.003343693 1.609258413 0.002456916 0.999967396 0.007681422 -1.951901674 -0.003362655 -0.007673142 0.999964893 73.219787598
0.999991477 -0.001618202 0.003800579 1.615818262 0.001591513 0.999974132 0.007014740 -1.957089424 -0.003811831 -0.007008632 0.999968171 73.763061523
0.999990642 -0.002905936 0.003207842 1.627110958 0.002882905 0.999970138 0.007161066 -1.970677018 -0.003228555 -0.007151750 0.999969184 74.243125916
0.999990046 -0.003391977 0.002888683 1.651247859 0.003371705 0.999969780 0.006994232 -1.981338263 -0.002912320 -0.006984422 0.999971330 74.777236938
0.999989927 -0.002727059 0.003565914 1.648235083 0.002702297 0.999972343 0.006930597 -1.993639231 -0.003584713 -0.006920891 0.999969602 75.276367188
0.999992013 -0.002025877 0.003454629 1.667794466 0.002001251 0.999972701 0.007117058 -2.009439707 -0.003468954 -0.007110088 0.999968648 75.812362671
0.999990165 -0.002089027 0.003904574 1.661933303 0.002061055 0.999972284 0.007154363 -2.016100407 -0.003919411 -0.007146245 0.999966741 76.376876831
0.999988377 -0.002924651 0.003819561 1.676166534 0.002898273 0.999972045 0.006893536 -2.022533894 -0.003839613 -0.006882388 0.999968946 76.788986206
0.999986649 -0.003323694 0.003950795 1.687846899 0.003297786 0.999973178 0.006546245 -2.027608395 -0.003972445 -0.006533130 0.999970794 77.334365845
0.999986887 -0.003917060 0.003301641 1.714013577 0.003892587 0.999965250 0.007386149 -2.050737858 -0.003330458 -0.007373199 0.999967277 77.803520203
0.999984622 -0.004177033 0.003648921 1.726438642 0.004151680 0.999967396 0.006928276 -2.058717489 -0.003677740 -0.006913020 0.999969423 78.355285645
0.999979436 -0.003951618 0.005054353 1.738412499 0.003914702 0.999965727 0.007292817 -2.074619055 -0.005082999 -0.007272881 0.999960661 78.871490479
0.999970376 -0.003996070 0.006587827 1.747473240 0.003948944 0.999966621 0.007151020 -2.088315248 -0.006616184 -0.007124793 0.999952734 79.409843445
0.999964058 -0.003297750 0.007820681 1.740363359 0.003244169 0.999971271 0.006854027 -2.100197554 -0.007843059 -0.006828408 0.999945939 79.993156433
0.999953687 -0.003689396 0.008890992 1.779843330 0.003627851 0.999969423 0.006928411 -2.105550289 -0.008916282 -0.006895835 0.999936461 80.434356689
0.999924064 -0.004440918 0.011492221 1.803387284 0.004366965 0.999969721 0.006452173 -2.118636608 -0.011520526 -0.006401496 0.999913096 80.980438232
0.999879301 -0.002831212 0.015282366 1.824970961 0.002718411 0.999968946 0.007396908 -2.148043156 -0.015302834 -0.007354470 0.999855816 81.534400940
0.999810278 -0.005445800 0.018699190 1.838836908 0.005313462 0.999960661 0.007119555 -2.145039797 -0.018737221 -0.007018847 0.999799788 81.948081970
0.999727428 -0.005773906 0.022621077 1.881218553 0.005607662 0.999956846 0.007405621 -2.164564133 -0.022662859 -0.007276751 0.999716640 82.484390259
0.999569535 -0.004747489 0.028951589 1.899862766 0.004549917 0.999965906 0.006886296 -2.165063381 -0.028983297 -0.006751603 0.999557018 83.009857178
0.999391735 -0.005217974 0.034478709 1.947728872 0.004987389 0.999964654 0.006770365 -2.168604374 -0.034512818 -0.006594290 0.999382496 83.521484375
0.999122679 -0.005547566 0.041509718 1.926021814 0.005255518 0.999960661 0.007141493 -2.179107189 -0.041547701 -0.006917073 0.999112606 84.052291870
0.998755693 -0.005905037 0.049519114 1.983972788 0.005573671 0.999961197 0.006827093 -2.185941696 -0.049557500 -0.006542595 0.998749852 84.606552124
0.998273790 -0.005818435 0.058442764 2.022032261 0.005375680 0.999955714 0.007730244 -2.212915897 -0.058485150 -0.007402730 0.998260856 85.118736267
0.997856796 -0.006034161 0.065156370 2.089061260 0.005574078 0.999958217 0.007240681 -2.215070963 -0.065197341 -0.006861974 0.997848749 85.677688599
0.997310281 -0.008968162 0.072744094 2.179772377 0.008512596 0.999942183 0.006570206 -2.247833729 -0.072798796 -0.005933293 0.997329116 86.252281189
0.996491373 -0.008582353 0.083254993 2.241847038 0.008060534 0.999945700 0.006601818 -2.261779547 -0.083307132 -0.005907574 0.996506453 86.789367676
0.995721221 -0.008713896 0.091995560 2.285552025 0.008143748 0.999945223 0.006571135 -2.268401861 -0.092047796 -0.005793829 0.995737731 87.312049866
0.994929314 -0.010733405 0.100001998 2.382195473 0.010108095 0.999926031 0.006757598 -2.295427322 -0.100067124 -0.005712502 0.994964302 87.905418396
0.993815660 -0.010746449 0.110520989 2.468105793 0.010104976 0.999928713 0.006362591 -2.301622152 -0.110581480 -0.005206428 0.993853450 88.450477600
0.992589355 -0.010782885 0.121037237 2.558305740 0.010024650 0.999926150 0.006871669 -2.326833010 -0.121102400 -0.005607389 0.992624104 88.971824646
0.991465688 -0.012278183 0.129788309 2.661663055 0.011427825 0.999908090 0.007294639 -2.372878313 -0.129865944 -0.005749187 0.991514921 89.442291260
0.989924848 -0.011902708 0.141092807 2.757790565 0.010947386 0.999911666 0.007545174 -2.374145508 -0.141170129 -0.005924557 0.989967644 89.999328613
0.988179207 -0.013408211 0.152715474 2.878980637 0.012409586 0.999894917 0.007490439 -2.395283699 -0.152799845 -0.005506759 0.988241792 90.564796448
0.986363888 -0.013335017 0.164037704 2.987361908 0.012307669 0.999897778 0.007277676 -2.406055450 -0.164117977 -0.005159515 0.986427188 91.122573853
0.984807551 -0.014834611 0.173014164 3.127181053 0.013714890 0.999876559 0.007665561 -2.424817085 -0.173106521 -0.005176233 0.984889448 91.625633240
0.982593656 -0.015127528 0.185150504 3.255284309 0.013887207 0.999871552 0.007994053 -2.437944412 -0.185247675 -0.005283683 0.982677639 92.159950256
0.980117857 -0.014396615 0.197893277 3.382882118 0.012950620 0.999879122 0.008599297 -2.456840515 -0.197993144 -0.005865484 0.980185926 92.699249268
0.977779388 -0.014747175 0.209117711 3.520592690 0.013142059 0.999872506 0.009063154 -2.472150803 -0.209224686 -0.006113530 0.977848470 93.238227844
0.974789619 -0.013824133 0.222697124 3.658075333 0.012090085 0.999885023 0.009148096 -2.479934216 -0.222797975 -0.006225042 0.974844813 93.791061401
0.971565425 -0.015279582 0.236277699 3.819217682 0.013510704 0.999867260 0.009103786 -2.496993780 -0.236385450 -0.005652644 0.971642911 94.309768677
0.968643308 -0.014529627 0.248030454 3.971862793 0.012469295 0.999873519 0.009875761 -2.513238668 -0.248142570 -0.006473326 0.968701899 94.845489502
0.965640426 -0.016326556 0.259368598 4.163244247 0.014370564 0.999852180 0.009435784 -2.529202938 -0.259484321 -0.005384300 0.965732336 95.344558716
0.961654186 -0.014847490 0.273862630 4.331308365 0.012747213 0.999874115 0.009447106 -2.514194965 -0.273968399 -0.005593866 0.961722434 95.885726929
0.957902372 -0.014601375 0.286722660 4.514968872 0.012437375 0.999878705 0.009367293 -2.520722866 -0.286824644 -0.005406874 0.957967877 96.410308838
0.954559624 -0.015678791 0.297607332 4.693128586 0.013266839 0.999860704 0.010122802 -2.540441036 -0.297724605 -0.005714511 0.954634666 96.888824463
0.950089633 -0.015678879 0.311582953 4.884534836 0.013019589 0.999858916 0.010613201 -2.551575661 -0.311705321 -0.006026810 0.950159669 97.422821045
0.945444047 -0.015291949 0.325425327 5.090158463 0.012535205 0.999865592 0.010566351 -2.569010496 -0.325543135 -0.005910619 0.945508718 97.933921814
0.941599071 -0.016418453 0.336335659 5.306480408 0.013633584 0.999850452 0.010640053 -2.575199366 -0.336460024 -0.005433203 0.941682100 98.461761475
0.936839700 -0.015343092 0.349422216 5.496555328 0.012205703 0.999862969 0.011179036 -2.595500231 -0.349545866 -0.006208021 0.936898708 98.931472778
0.931618154 -0.015414610 0.363111407 5.714921951 0.012115194 0.999862075 0.011362205 -2.595402718 -0.363236487 -0.006186074 0.931676447 99.435371399
0.926798582 -0.016112773 0.375212938 5.951932907 0.012653627 0.999851704 0.011681416 -2.593316555 -0.375345528 -0.006078517 0.926865101 99.967689514
0.921994865 -0.015604615 0.386887640 6.187810898 0.011931964 0.999858022 0.011892838 -2.619380713 -0.387018323 -0.006348806 0.922050178 100.475334167
0.915565372 -0.016561359 0.401828110 6.385057449 0.012868091 0.999846518 0.011888767 -2.619769335 -0.401963323 -0.005714180 0.915637910 100.949211121
0.909797847 -0.016675470 0.414716661 6.636188507 0.012813502 0.999844790 0.012093048 -2.633077860 -0.414853960 -0.005688255 0.909870267 101.437171936
0.904806912 -0.018095041 0.425437450 6.883869171 0.014138963 0.999822438 0.012454939 -2.640376091 -0.425587296 -0.005254070 0.904902041 101.920158386
0.899304867 -0.018279869 0.436939955 7.151653290 0.013970035 0.999816895 0.013075483 -2.649755955 -0.437099040 -0.005654777 0.899395585 102.404273987
0.892075002 -0.018742504 0.451498359 7.398731232 0.014104603 0.999807477 0.013635782 -2.687955379 -0.451667011 -0.005795937 0.892167747 102.864463806
0.886491954 -0.019315165 0.462340832 7.680500031 0.014869716 0.999801517 0.013257427 -2.692517519 -0.462505162 -0.004877724 0.886603177 103.334602356
0.879813850 -0.019088242 0.474934965 7.932205200 0.014238795 0.999803305 0.013806093 -2.697613716 -0.475105077 -0.005384294 0.879912615 103.814819336
0.872359335 -0.018837688 0.488502115 8.219017029 0.013787763 0.999807835 0.013932766 -2.710137844 -0.488670737 -0.005419028 0.872451484 104.280754089
