1.000000000 0.000000000 0.000000000 0.000000000 0.000000000 1.000000000 0.000000000 0.000000000 0.000000000 0.000000000 1.000000000 0.000000000
1.000000000 0.000050572 -0.000035192 0.000241677 -0.000050567 1.000000000 0.000140538 -0.000370119 0.000035199 -0.000140536 1.000000000 -0.000010309
0.999999940 0.000213577 -0.000125348 0.000998763 -0.000213561 0.999999940 0.000127257 -0.000466783 0.000125375 -0.000127230 1.000000000 -0.000988846
0.999999940 0.000272251 0.000012675 -0.000355950 -0.000272253 0.999999940 0.000103294 -0.000209567 -0.000012647 -0.000103297 1.000000000 0.000356455
1.000000000 0.000031771 0.000013447 -0.000574951 -0.000031769 1.000000000 -0.000102468 0.001231486 -0.000013450 0.000102467 1.000000000 -0.000392796
1.000000000 0.000011638 -0.000009355 -0.000535572 -0.000011638 1.000000000 0.000055068 -0.000567834 0.000009356 -0.000055068 1.000000000 -0.000788753
1.000000000 0.000034489 0.000001969 0.000665280 -0.000034490 1.000000000 0.000102895 -0.000764530 -0.000001965 -0.000102895 1.000000000 -0.001087948
1.000000000 0.000153507 0.000066742 -0.000044639 -0.000153517 1.000000000 0.000149281 -0.000378948 -0.000066719 -0.000149291 1.000000000 0.000646617
1.000000000 -0.000045652 0.000140248 -0.000146309 0.000045647 1.000000000 0.000036510 -0.000273123 -0.000140250 -0.000036504 1.000000000 -0.001321502
1.000000000 -0.000033156 0.000013275 0.000668559 0.000033154 1.000000000 0.000120346 0.000090127 -0.000013279 -0.000120345 1.000000000 0.000143408
1.000000000 0.000146515 0.000008094 0.000055781 -0.000146515 1.000000000 0.000048264 -0.000370562 -0.000008087 -0.000048265 1.000000000 -0.000882141
1.000000000 0.000221910 0.000036780 0.000075062 -0.000221908 1.000000000 -0.000048897 0.001523036 -0.000036791 0.000048888 1.000000000 0.001373999
1.000000000 -0.000139645 -0.000020052 0.000445578 0.000139646 1.000000000 0.000037023 0.000343022 0.000020047 -0.000037025 1.000000000 0.000474186
1.000000000 -0.000007208 0.000008909 0.000565594 0.000007207 1.000000000 0.000075766 -0.000406688 -0.000008910 -0.000075766 1.000000000 -0.001370481
1.000000000 -0.000041317 -0.000026614 0.000702260 0.000041319 1.000000000 0.000082831 0.000265827 0.000026611 -0.000082832 1.000000000 0.000554289
1.000000000 -0.000162016 -0.000128077 0.001043178 0.000162039 1.000000000 0.000175277 -0.000956251 0.000128049 -0.000175298 1.000000000 -0.000532151
1.000000000 0.000154873 0.000182180 -0.001182309 -0.000154898 1.000000000 0.000140661 -0.000389136 -0.000182158 -0.000140689 1.000000000 -0.000211323
1.000000000 0.000137060 -0.000013645 -0.000028795 -0.000137059 1.000000000 0.000079515 -0.000253756 0.000013655 -0.000079514 1.000000000 -0.000990118
1.000000000 -0.000017383 0.000102997 -0.000227522 0.000017372 1.000000000 0.000108078 -0.000494324 -0.000102999 -0.000108076 1.000000000 -0.000133416
1.000000000 0.000039569 -0.000012279 0.000643069 -0.000039568 1.000000000 0.000084375 -0.000413589 0.000012283 -0.000084375 1.000000000 -0.000895315
1.000000000 0.000195330 0.000042322 -0.000244870 -0.000195332 1.000000000 0.000033154 -0.000478442 -0.000042315 -0.000033162 1.000000000 -0.001067171
1.000000000 0.000184206 -0.000050554 0.000433680 -0.000184201 1.000000000 0.000094773 -0.000174399 0.000050571 -0.000094763 1.000000000 -0.000506973
1.000000000 -0.000023937 0.000079130 0.000713733 0.000023931 1.000000000 0.000077162 -0.000392624 -0.000079132 -0.000077160 1.000000000 0.000367895
0.999999940 0.000299089 0.000031378 0.000425132 -0.000299093 0.999999940 0.000142577 0.000038109 -0.000031335 -0.000142586 1.000000000 0.000804942
1.000000000 0.000166332 0.000016742 0.000543262 -0.000166331 1.000000000 -0.000052883 0.000771561 -0.000016751 0.000052880 1.000000000 -0.000644161
1.000000000 0.000151659 -0.000018080 0.000689771 -0.000151663 0.999999940 -0.000219272 0.001989317 0.000018046 0.000219275 1.000000000 -0.001363842
1.000000000 0.000129642 -0.000079800 0.000794682 -0.000129639 1.000000000 0.000028885 0.000125118 0.000079804 -0.000028874 1.000000000 -0.001407992
1.000000000 0.000043851 0.000024005 0.000368183 -0.000043856 1.000000000 0.000220863 -0.000462497 -0.000023996 -0.000220864 1.000000000 0.000601931
1.000000000 0.000032150 -0.000021356 0.000078383 -0.000032145 1.000000000 0.000235935 -0.001209364 0.000021364 -0.000235934 1.000000000 -0.000236882
1.000000000 -0.000043502 -0.000047552 0.001025568 0.000043509 1.000000000 0.000141001 -0.000090408 0.000047546 -0.000141003 1.000000000 0.001364321
1.000000000 0.000110534 0.000034453 -0.000164384 -0.000110541 1.000000000 0.000203672 -0.000849137 -0.000034430 -0.000203676 1.000000000 -0.000126496
1.000000000 -0.000104561 -0.000056747 0.000864123 0.000104559 1.000000000 -0.000043116 0.000714495 0.000056752 0.000043110 1.000000000 -0.000558900
1.000000000 -0.000120894 -0.000051475 0.000658702 0.000120894 1.000000000 -0.000008765 0.000062987 0.000051476 0.000008759 1.000000000 -0.000155138
1.000000000 -0.000056134 -0.000002010 0.000528732 0.000056134 1.000000000 0.000148290 -0.000652936 0.000002001 -0.000148290 1.000000000 -0.000688184
1.000000000 0.000047399 0.000052113 -0.000289719 -0.000047400 1.000000000 0.000016655 -0.000104560 -0.000052112 -0.000016657 1.000000000 -0.000803945
1.000000000 0.000105511 -0.000031274 -0.000140465 -0.000105508 1.000000000 0.000084323 0.000251376 0.000031283 -0.000084320 1.000000000 0.001642256
1.000000000 -0.000214573 -0.000073784 0.001178057 0.000214579 1.000000000 0.000083746 -0.000174794 0.000073766 -0.000083762 1.000000000 0.000315636
1.000000000 0.000063243 0.000025238 -0.000175182 -0.000063247 1.000000000 0.000181050 -0.000287091 -0.000025226 -0.000181051 1.000000000 0.000271471
1.000000000 -0.000161420 -0.000020024 0.001252424 0.000161421 1.000000000 0.000065623 0.000311285 0.000020013 -0.000065626 1.000000000 -0.000785423
1.000000000 -0.000111401 0.000144327 -0.000096352 0.000111401 1.000000000 0.000000206 0.000481817 -0.000144327 -0.000000190 1.000000000 0.001830759
0.999999940 0.000085198 0.000375842 -0.000400753 -0.000084983 0.999999821 -0.000572216 -0.002202138 -0.000375891 0.000572184 0.999999702 0.050934568
1.000000000 0.000308289 0.000130719 0.001518723 -0.000308124 0.999999166 -0.001263441 -0.003791307 -0.000131109 0.001263401 0.999999166 0.137288764
0.999999940 0.000498960 0.000050109 0.003605656 -0.000498888 0.999998868 -0.001431343 -0.007998957 -0.000050824 0.001431318 0.999998987 0.254066497
0.999999940 0.000087589 -0.000179724 0.005304751 -0.000087807 0.999999285 -0.001212923 -0.015058430 0.000179618 0.001212939 0.999999225 0.377187163
0.999999940 0.000346589 -0.000089639 0.006094170 -0.000346714 0.999999046 -0.001403094 -0.018571839 0.000089153 0.001403125 0.999998927 0.518174291
0.999999881 0.000556237 -0.000198558 0.010963787 -0.000556521 0.999998868 -0.001433312 -0.020811785 0.000197761 0.001433423 0.999998927 0.672546148
1.000000000 -0.000078820 -0.000188577 0.015229887 0.000078660 0.999999642 -0.000849037 -0.027171144 0.000188644 0.000849022 0.999999583 0.833174169
0.999999881 -0.000268044 -0.000270419 0.018621229 0.000267801 0.999999583 -0.000897809 -0.031093152 0.000270660 0.000897736 0.999999583 1.004580498
0.999999940 -0.000097893 -0.000176471 0.019754516 0.000097815 0.999999821 -0.000439297 -0.038785230 0.000176514 0.000439280 0.999999881 1.180102825
0.999999702 -0.000639399 -0.000256722 0.026629407 0.000639276 0.999999642 -0.000479040 -0.042173684 0.000257029 0.000478876 0.999999881 1.367816687
1.000000000 -0.000144176 -0.000081651 0.028619800 0.000144146 0.999999940 -0.000376700 -0.047586773 0.000081705 0.000376688 1.000000000 1.558395386
0.999999940 -0.000221309 -0.000181853 0.032945905 0.000221256 0.999999881 -0.000294548 -0.049258966 0.000181918 0.000294508 0.999999940 1.756758332
0.999999881 -0.000168726 -0.000480853 0.038037933 0.000168698 1.000000000 -0.000059589 -0.060853001 0.000480863 0.000059508 0.999999881 1.960238695
1.000000000 -0.000158683 -0.000116716 0.039654877 0.000158646 0.999999940 -0.000314407 -0.064275622 0.000116766 0.000314389 0.999999940 2.176302195
1.000000000 -0.000256980 -0.000203545 0.043340765 0.000256958 1.000000000 -0.000110925 -0.071162745 0.000203574 0.000110872 1.000000000 2.392614841
0.999999881 -0.000414915 -0.000123533 0.051228460 0.000414944 0.999999881 0.000236887 -0.082699627 0.000123435 -0.000236938 0.999999881 2.604624271
0.999999821 0.000495080 -0.000237179 0.055787534 -0.000495056 0.999999881 0.000100778 -0.087542817 0.000237229 -0.000100661 0.999999881 2.835997105
0.999999881 0.000271750 0.000273292 0.052604806 -0.000271799 0.999999940 0.000177809 -0.094940104 -0.000273244 -0.000177883 0.999999881 3.068479061
1.000000000 -0.000162937 0.000125413 0.061048206 0.000162915 1.000000000 0.000176590 -0.100285076 -0.000125442 -0.000176570 0.999999940 3.322052479
0.999999940 0.000001764 0.000146858 0.066391706 -0.000001826 0.999999881 0.000424162 -0.110428587 -0.000146857 -0.000424162 0.999999881 3.561039686
0.999999940 -0.000298211 -0.000202997 0.072111852 0.000298276 0.999999940 0.000318072 -0.115850545 0.000202902 -0.000318132 1.000000000 3.819334745
0.999999940 -0.000081338 -0.000100672 0.077817976 0.000081349 1.000000000 0.000111715 -0.119480386 0.000100663 -0.000111724 1.000000000 4.083131313
0.999999881 0.000475803 0.000106855 0.080789752 -0.000475887 0.999999583 0.000780492 -0.131311685 -0.000106483 -0.000780542 0.999999702 4.334501266
1.000000000 0.000108283 0.000072742 0.087642945 -0.000108341 0.999999702 0.000804366 -0.137576476 -0.000072655 -0.000804374 0.999999702 4.593591690
1.000000000 -0.000222469 -0.000012034 0.095549174 0.000222479 0.999999642 0.000838518 -0.145043612 0.000011847 -0.000838520 0.999999642 4.853147030
1.000000000 0.000032292 -0.000307440 0.105577722 -0.000031923 0.999999344 0.001201841 -0.155600220 0.000307479 -0.001201831 0.999999166 5.114865303
0.999999821 -0.000549549 -0.000265321 0.109309822 0.000549834 0.999999225 0.001076564 -0.163008764 0.000264730 -0.001076709 0.999999404 5.371792316
0.999999821 -0.000558858 -0.000099930 0.114611506 0.000558967 0.999999166 0.001093677 -0.171489567 0.000099319 -0.001093732 0.999999404 5.643334389
0.999999583 -0.000757127 -0.000472829 0.121090576 0.000757807 0.999998569 0.001440376 -0.179293379 0.000471738 -0.001440734 0.999998868 5.916843414
0.999999762 -0.000716292 -0.000332162 0.124981217 0.000716737 0.999998808 0.001341704 -0.188913628 0.000331200 -0.001341941 0.999999046 6.188023567
0.999999940 -0.000351738 0.000098633 0.126738653 0.000351605 0.999998987 0.001341713 -0.200176954 -0.000099104 -0.001341679 0.999999106 6.480103016
0.999999940 -0.000171865 0.000243107 0.131634802 0.000171521 0.999998987 0.001415196 -0.207479239 -0.000243350 -0.001415154 0.999998987 6.764934540
0.999999821 0.000125531 0.000563262 0.133405268 -0.000126348 0.999998927 0.001449307 -0.216764644 -0.000563080 -0.001449378 0.999998808 7.061164856
0.999999821 -0.000469621 -0.000032951 0.143016309 0.000469660 0.999999166 0.001204011 -0.220734656 0.000032386 -0.001204027 0.999999285 7.346698284
0.999999821 -0.000299881 0.000460283 0.145600572 0.000299322 0.999999225 0.001214003 -0.229269654 -0.000460647 -0.001213865 0.999999166 7.656903267
0.999999821 -0.000022214 0.000469645 0.151277527 0.000021654 0.999999225 0.001192755 -0.236625016 -0.000469671 -0.001192745 0.999999166 7.972177505
0.999999642 0.000043959 0.000780523 0.154142320 -0.000044781 0.999999404 0.001052449 -0.244263709 -0.000780477 -0.001052483 0.999999166 8.296805382
0.999999583 0.000073335 0.000885452 0.160099477 -0.000073991 0.999999702 0.000740879 -0.253518343 -0.000885397 -0.000740944 0.999999344 8.618875504
0.999998927 0.000361722 0.001416198 0.161890343 -0.000363288 0.999999285 0.001106121 -0.263222456 -0.001415797 -0.001106634 0.999998391 8.956483841
0.999999106 0.000398890 0.001264019 0.168002486 -0.000400226 0.999999344 0.001056385 -0.271556586 -0.001263597 -0.001056890 0.999998569 9.292829514
0.999998808 0.000723007 0.001377129 0.173951730 -0.000723703 0.999999583 0.000505396 -0.276499897 -0.001376763 -0.000506392 0.999998927 9.642891884
0.999998868 0.000672688 0.001343125 0.180998430 -0.000673687 0.999999523 0.000743347 -0.286832064 -0.001342625 -0.000744251 0.999998808 9.992746353
0.999998808 0.000764108 0.001315595 0.190981954 -0.000765240 0.999999285 0.000859913 -0.298757315 -0.001314937 -0.000860919 0.999998748 10.354069710
0.999998868 0.000738679 0.001282238 0.195735291 -0.000739558 0.999999464 0.000685160 -0.307031602 -0.001281731 -0.000686108 0.999998927 10.719387054
0.999998748 0.001024166 0.001152214 0.206458598 -0.001024755 0.999999344 0.000510645 -0.314261496 -0.001151690 -0.000511825 0.999999166 11.084694862
0.999998093 0.001152907 0.001582151 0.210334480 -0.001153143 0.999999344 0.000148498 -0.322845489 -0.001581979 -0.000150323 0.999998748 11.463232994
0.999997735 0.001122917 0.001789525 0.219244957 -0.001124187 0.999999106 0.000709057 -0.334477007 -0.001788727 -0.000711067 0.999998093 11.842531204
0.999998271 0.000941355 0.001608577 0.229000792 -0.000942069 0.999999464 0.000443015 -0.346333861 -0.001608159 -0.000444529 0.999998629 12.220075607
0.999997735 0.000930923 0.001909427 0.238381520 -0.000931284 0.999999523 0.000188651 -0.354393989 -0.001909251 -0.000190429 0.999998152 12.615526199
0.999998569 0.000664696 0.001561892 0.249593943 -0.000665490 0.999999642 0.000507439 -0.363655657 -0.001561554 -0.000508478 0.999998629 13.013379097
0.999997854 0.001194958 0.001686362 0.254997134 -0.001195678 0.999999166 0.000426271 -0.376973599 -0.001685851 -0.000428286 0.999998510 13.411602974
0.999997437 0.001094652 0.001979116 0.265873790 -0.001094958 0.999999404 0.000153332 -0.385764420 -0.001978947 -0.000155498 0.999998033 13.820615768
0.999996245 0.001675559 0.002178889 0.271613151 -0.001676354 0.999998450 0.000362814 -0.397486299 -0.002178279 -0.000366465 0.999997556 14.233457565
0.999996066 0.001606591 0.002300270 0.282574177 -0.001607340 0.999998629 0.000323958 -0.412106305 -0.002299747 -0.000327654 0.999997258 14.650282860
0.999996185 0.001560183 0.002253880 0.291542202 -0.001561112 0.999998629 0.000410075 -0.423777848 -0.002253238 -0.000413592 0.999997377 15.096569061
0.999995112 0.001862548 0.002516457 0.299918771 -0.001864351 0.999998033 0.000714162 -0.439369082 -0.002515121 -0.000718850 0.999996603 15.533101082
0.999993384 0.001602979 0.003269830 0.307537049 -0.001606151 0.999998271 0.000967744 -0.453931242 -0.003268274 -0.000972990 0.999994159 15.981292725
0.999992669 0.001347593 0.003571163 0.316732585 -0.001351087 0.999998569 0.000976144 -0.467017621 -0.003569844 -0.000980962 0.999993145 16.425987244
0.999991000 0.002099230 0.003665440 0.325100601 -0.002099828 0.999997795 0.000159259 -0.472516686 -0.003665097 -0.000166955 0.999993265 16.886314392
0.999992311 0.001711316 0.003516267 0.339483351 -0.001712366 0.999998450 0.000295620 -0.487984866 -0.003515756 -0.000301639 0.999993801 17.338298798
0.999990523 0.001469600 0.004097454 0.349681556 -0.001470919 0.999998868 0.000318741 -0.501364350 -0.004096981 -0.000324765 0.999991536 17.798969269
0.999990404 0.001542293 0.004094514 0.362003744 -0.001541405 0.999998808 -0.000219986 -0.514256120 -0.004094848 0.000213673 0.999991536 18.269788742
0.999994636 0.000744246 0.003188423 0.383422613 -0.000746042 0.999999583 0.000562046 -0.528435886 -0.003188002 -0.000564422 0.999994695 18.743011475
0.999992490 0.000412663 0.003866791 0.392587245 -0.000412550 1.000000000 -0.000029953 -0.523823380 -0.003866803 0.000028358 0.999992490 19.255792618
0.999994874 0.000774731 0.003105282 0.403315246 -0.000776143 0.999999583 0.000453495 -0.547842324 -0.003104930 -0.000455903 0.999994993 19.715444565
0.999995232 0.000577262 0.003035352 0.414706767 -0.000580014 0.999999404 0.000905888 -0.565449715 -0.003034828 -0.000907644 0.999994993 20.203924179
0.999995112 0.000420361 0.003101566 0.427739203 -0.000422528 0.999999642 0.000697934 -0.577471733 -0.003101272 -0.000699241 0.999994934 20.695251465
0.999994576 0.000326677 0.003282000 0.440515697 -0.000329610 0.999999464 0.000893502 -0.592824042 -0.003281706 -0.000894580 0.999994159 21.185897827
0.999994636 0.000392424 0.003240039 0.448854476 -0.000394787 0.999999642 0.000728498 -0.598252773 -0.003239752 -0.000729773 0.999994457 21.697185516
0.999995470 0.000747746 0.002914953 0.459774554 -0.000751078 0.999999046 0.001142261 -0.618594110 -0.002914097 -0.001144445 0.999995112 22.206453323
0.999996662 0.000816963 0.002448126 0.471802384 -0.000819361 0.999999166 0.000978548 -0.628418267 -0.002447324 -0.000980551 0.999996543 22.713916779
0.999996901 0.001198998 0.002179099 0.483067751 -0.001200689 0.999998987 0.000775001 -0.644800067 -0.002178168 -0.000777615 0.999997318 23.232980728
0.999998271 0.001147389 0.001408042 0.494328588 -0.001148682 0.999998868 0.000918151 -0.659518421 -0.001406986 -0.000919767 0.999998569 23.759481430
0.999999404 -0.000018491 0.001066458 0.502668023 0.000017980 0.999999881 0.000479221 -0.674654961 -0.001066466 -0.000479202 0.999999344 24.289518356
0.999999344 0.000866826 0.000735644 0.511596084 -0.000867142 0.999999523 0.000429416 -0.686277211 -0.000735271 -0.000430054 0.999999642 24.820573807
0.999999523 0.000951277 0.000000282 0.520689607 -0.000951277 0.999999285 0.000894045 -0.706854641 0.000000569 -0.000894045 0.999999583 25.340312958
0.999999642 0.000847048 -0.000062009 0.527490497 -0.000847031 0.999999583 0.000278626 -0.713127017 0.000062245 -0.000278574 0.999999940 25.898120880
0.999998271 0.001717506 -0.000752432 0.534700930 -0.001717384 0.999998569 0.000162538 -0.725866497 0.000752710 -0.000161246 0.999999702 26.449739456
0.999999106 0.001040240 -0.000843554 0.540505409 -0.001039968 0.999999404 0.000322142 -0.731703043 0.000843889 -0.000321264 0.999999523 27.025737762
0.999998689 0.000745160 -0.001516236 0.554793835 -0.000742542 0.999998152 0.001726327 -0.757940650 0.001517520 -0.001725198 0.999997377 27.582670212
0.999997318 0.001076199 -0.002041089 0.560839653 -0.001074394 0.999999046 0.000885410 -0.768976808 0.002042040 -0.000883215 0.999997497 28.141820908
0.999997079 0.001358832 -0.002005160 0.566782296 -0.001355542 0.999997735 0.001641369 -0.789032996 0.002007386 -0.001638647 0.999996662 28.693260193
0.999995708 0.000846152 -0.002799677 0.575832903 -0.000842815 0.999998927 0.001192968 -0.800225616 0.002800684 -0.001190603 0.999995351 29.241310120
0.999994636 0.001242764 -0.003021468 0.581900477 -0.001239397 0.999998569 0.001115913 -0.814643860 0.003022850 -0.001112163 0.999994814 29.791973114
0.999993682 0.001720691 -0.003102570 0.584703743 -0.001715333 0.999996960 0.001728980 -0.830731273 0.003105536 -0.001723648 0.999993622 30.346387863
0.999993682 0.000928066 -0.003436271 0.600899160 -0.000922802 0.999998510 0.001533189 -0.851745367 0.003437689 -0.001530008 0.999992907 30.877399445
0.999992549 0.001482349 -0.003550159 0.609292746 -0.001478837 0.999998391 0.000991838 -0.853136361 0.003551624 -0.000986581 0.999993145 31.441867828
0.999989569 0.001473685 -0.004322399 0.615026116 -0.001468723 0.999998271 0.001150916 -0.869932592 0.004324088 -0.001144556 0.999989986 31.979253769
0.999991536 0.001329134 -0.003872400 0.619021118 -0.001328465 0.999999046 0.000175203 -0.879298031 0.003872629 -0.000170058 0.999992490 32.528133392
0.999987900 0.001786685 -0.004584184 0.624832153 -0.001782629 0.999998033 0.000888756 -0.895632565 0.004585763 -0.000880573 0.999989092 33.081401825
0.999988317 0.001680335 -0.004528030 0.625821769 -0.001677178 0.999998331 0.000700961 -0.908578753 0.004529201 -0.000693359 0.999989510 33.632884979
0.999989092 0.001330806 -0.004477227 0.632647514 -0.001328490 0.999998987 0.000520311 -0.922504365 0.004477915 -0.000514358 0.999989867 34.172424316
0.999988735 0.001658990 -0.004441935 0.635708690 -0.001658382 0.999998629 0.000140693 -0.933584213 0.004442162 -0.000133325 0.999990106 34.716884613
0.999984801 0.001402531 -0.005336768 0.652582467 -0.001401599 0.999998987 0.000178377 -0.949803412 0.005337013 -0.000170894 0.999985754 35.266029358
0.999988258 0.001257183 -0.004677010 0.657970309 -0.001253507 0.999998927 0.000788814 -0.971472800 0.004677997 -0.000782942 0.999988735 35.802433014
0.999987721 0.001255718 -0.004820142 0.663476944 -0.001255464 0.999999225 0.000055657 -0.984299123 0.004820209 -0.000049605 0.999988317 36.360366821
0.999986231 0.001440741 -0.005072751 0.668577254 -0.001438520 0.999998868 0.000441484 -0.998978198 0.005073383 -0.000434180 0.999987066 36.911350250
0.999987662 0.001707843 -0.004690226 0.670356750 -0.001707175 0.999998510 0.000146439 -1.009156823 0.004690470 -0.000138430 0.999988914 37.453258514
0.999985933 0.001777683 -0.004998991 0.679859817 -0.001781586 0.999998093 -0.000776309 -1.016929507 0.004997602 0.000785204 0.999987185 38.007995605
0.999986947 0.001461816 -0.004886646 0.683791518 -0.001462336 0.999998927 -0.000102983 -1.037408710 0.004886491 0.000110127 0.999988079 38.555065155
0.999990046 0.001739540 -0.004102385 0.687395453 -0.001742074 0.999998271 -0.000614371 -1.049812794 0.004101309 0.000621511 0.999991417 39.104160309
0.999990165 0.001008207 -0.004341505 0.702122986 -0.001010291 0.999999404 -0.000477787 -1.070411921 0.004341021 0.000482169 0.999990463 39.640251160
0.999989569 0.001678926 -0.004251061 0.709680200 -0.001679717 0.999998689 -0.000182389 -1.089418769 0.004250749 0.000189527 0.999990880 40.189491272
0.999989092 0.001461458 -0.004433492 0.720172107 -0.001462737 0.999998868 -0.000285246 -1.108502626 0.004433071 0.000291728 0.999990046 40.726425171
0.999984384 0.001203083 -0.005459680 0.734417558 -0.001202252 0.999999285 0.000155432 -1.123706818 0.005459864 -0.000148866 0.999985099 41.273372650
0.999981582 0.000763161 -0.006019653 0.745392323 -0.000763904 0.999999702 -0.000121023 -1.136873126 0.006019559 0.000125619 0.999981880 41.822040558
0.999978602 0.000665961 -0.006507455 0.753470123 -0.000670071 0.999999583 -0.000629458 -1.150986552 0.006507033 0.000633805 0.999978602 42.372776031
0.999972641 0.001011359 -0.007323706 0.763930917 -0.001016135 0.999999285 -0.000648377 -1.163201928 0.007323044 0.000655801 0.999972939 42.923408508
0.999971271 0.000828825 -0.007531155 0.770066261 -0.000831044 0.999999583 -0.000291587 -1.177626848 0.007530910 0.000297838 0.999971569 43.482139587
0.999964952 0.000676486 -0.008338933 0.782833934 -0.000676708 0.999999762 -0.000023719 -1.196110606 0.008338914 0.000029361 0.999965250 44.016410828
0.999963701 0.000158069 -0.008516894 0.792219996 -0.000155908 0.999999881 0.000254276 -1.211965203 0.008516933 -0.000252939 0.999963641 44.550636292
0.999960303 0.000174113 -0.008902583 0.802158833 -0.000175234 1.000000000 -0.000125145 -1.228006959 0.008902561 0.000126700 0.999960303 45.105220795
0.999962509 0.000258027 -0.008654631 0.805735171 -0.000263431 0.999999762 -0.000623330 -1.240701795 0.008654469 0.000625586 0.999962270 45.654922485
0.999961674 0.000163832 -0.008756415 0.814172983 -0.000173121 0.999999404 -0.001060140 -1.249376655 0.008756236 0.001061615 0.999961078 46.207538605
0.999963164 0.000366739 -0.008571717 0.814242482 -0.000374653 0.999999523 -0.000921726 -1.266855955 0.008571374 0.000924904 0.999962866 46.743450165
0.999967396 0.001836606 -0.007861406 0.815090477 -0.001848797 0.999997079 -0.001543759 -1.275670171 0.007858547 0.001558243 0.999967933 47.296943665
0.999958754 0.000189441 -0.009082571 0.825483680 -0.000195621 0.999999702 -0.000679567 -1.297271013 0.009082441 0.000681315 0.999958456 47.841068268
0.999953628 -0.000043190 -0.009629625 0.836402178 0.000040474 0.999999881 -0.000282253 -1.316913724 0.009629639 0.000281851 0.999953568 48.387672424
0.999958694 0.000777351 -0.009045969 0.840871751 -0.000782252 0.999999523 -0.000538233 -1.327184916 0.009045546 0.000545287 0.999958873 48.941257477
0.999959528 0.000466830 -0.008985837 0.849872291 -0.000470329 0.999999821 -0.000387323 -1.347003460 0.008985654 0.000391534 0.999959528 49.479896545
0.999960244 0.000499202 -0.008893715 0.856784046 -0.000504042 0.999999702 -0.000541899 -1.359117866 0.008893440 0.000546360 0.999960303 50.022434235
0.999960899 0.000610214 -0.008819794 0.857435286 -0.000613936 0.999999702 -0.000419238 -1.375892878 0.008819536 0.000424636 0.999961019 50.565883636
0.999961913 0.001036372 -0.008668113 0.860877872 -0.001037512 0.999999464 -0.000126963 -1.394699216 0.008667977 0.000135952 0.999962449 51.096740723
0.999964178 0.001545515 -0.008324542 0.863865137 -0.001545432 0.999998808 0.000016451 -1.412670851 0.008324557 -0.000003585 0.999965370 51.634338379
0.999958634 0.001272556 -0.009004181 0.875751257 -0.001276145 0.999999106 -0.000392858 -1.426375389 0.009003674 0.000404333 0.999959409 52.174190521
0.999959230 0.000922074 -0.008985413 0.884441614 -0.000923878 0.999999523 -0.000196516 -1.446051598 0.008985229 0.000204809 0.999959588 52.713527679
0.999964178 0.001625059 -0.008303255 0.880984664 -0.001633362 0.999998152 -0.000993337 -1.458383322 0.008301626 0.001006864 0.999965012 53.246276855
0.999967098 0.001488648 -0.007977040 0.881532073 -0.001497800 0.999998212 -0.001141535 -1.475440502 0.007975326 0.001153445 0.999967515 53.793632507
0.999965906 0.002242159 -0.007958663 0.888181210 -0.002247496 0.999997258 -0.000661658 -1.495009661 0.007957157 0.000679523 0.999968112 54.338500977
0.999968648 0.001611159 -0.007750249 0.891362190 -0.001617678 0.999998331 -0.000834841 -1.508837581 0.007748892 0.000847352 0.999969602 54.883281708
0.999963760 0.001923080 -0.008289916 0.903496087 -0.001931155 0.999997616 -0.000966249 -1.525226116 0.008288038 0.000982223 0.999965191 55.431819916
0.999967575 0.001510031 -0.007907541 0.906720400 -0.001514614 0.999998689 -0.000573661 -1.545445561 0.007906664 0.000585619 0.999968588 55.975490570
0.999966323 0.001689416 -0.008023677 0.910433888 -0.001696701 0.999998152 -0.000901300 -1.556634426 0.008022139 0.000914884 0.999967396 56.525421143
0.999961078 0.002089772 -0.008570376 0.926586509 -0.002098201 0.999997258 -0.000974621 -1.575136542 0.008568317 0.000992565 0.999962807 57.068038940
0.999962807 0.001928000 -0.008406053 0.931979418 -0.001937830 0.999997377 -0.001161450 -1.584151745 0.008403793 0.001177696 0.999963999 57.621097565
0.999964416 0.001840546 -0.008234000 0.936675310 -0.001851741 0.999997377 -0.001352160 -1.601040840 0.008231490 0.001367359 0.999965131 58.176204681
0.999964297 0.001729074 -0.008289194 0.943355680 -0.001744767 0.999996662 -0.001886318 -1.609940052 0.008285905 0.001900713 0.999963880 58.736389160
0.999968767 0.001849396 -0.007687564 0.940756917 -0.001861021 0.999997079 -0.001505372 -1.626876473 0.007684758 0.001519632 0.999969304 59.276138306
0.999969721 0.001442621 -0.007648883 0.947312474 -0.001458049 0.999996841 -0.002011843 -1.643704772 0.007645958 0.002022934 0.999968708 59.821193695
0.999970555 0.001594638 -0.007498333 0.958187580 -0.001613856 0.999995410 -0.002557592 -1.652332544 0.007494221 0.002569618 0.999968529 60.373306274
0.999975204 0.001628071 -0.006849939 0.959335029 -0.001637985 0.999997616 -0.001441919 -1.675403714 0.006847574 0.001453103 0.999975502 60.916790009
0.999979079 0.001502907 -0.006288721 0.969766259 -0.001512032 0.999997795 -0.001446445 -1.691724777 0.006286534 0.001455924 0.999979198 61.472000122
0.999978125 0.001398718 -0.006462503 0.981293797 -0.001404417 0.999998748 -0.000877394 -1.710585475 0.006461267 0.000886451 0.999978721 62.021732330
0.999978483 0.001282718 -0.006434930 0.982296169 -0.001294904 0.999997318 -0.001889806 -1.721915960 0.006432489 0.001898097 0.999977529 62.559852600
0.999981165 0.001767789 -0.005874053 0.988118291 -0.001776160 0.999997437 -0.001420318 -1.745881438 0.005871527 0.001430724 0.999981761 63.095294952
0.999977112 0.001522183 -0.006588204 0.998931289 -0.001532581 0.999997616 -0.001573576 -1.756908536 0.006585792 0.001583638 0.999977052 63.649658203
0.999977529 0.002261586 -0.006309144 1.000621319 -0.002272272 0.999996126 -0.001686984 -1.773572206 0.006305303 0.001701283 0.999978662 64.201683044
0.999979675 0.002159785 -0.005995228 1.006935000 -0.002171287 0.999995828 -0.001912628 -1.789020896 0.005991072 0.001925607 0.999980152 64.746994019
0.999980032 0.002034054 -0.005980616 1.015490651 -0.002046362 0.999995828 -0.002052695 -1.800170422 0.005976416 0.002064893 0.999979973 65.289291382
0.999980211 0.001655102 -0.006068145 1.027429581 -0.001663940 0.999997556 -0.001451690 -1.819382310 0.006065728 0.001461758 0.999980509 65.844711304
0.999985337 0.002649837 -0.004728111 1.020961046 -0.002658620 0.999994874 -0.001852560 -1.832020998 0.004723178 0.001865103 0.999987125 66.396049500
0.999983728 0.002410148 -0.005166711 1.030732870 -0.002420374 0.999995053 -0.001973854 -1.847164869 0.005161928 0.001986328 0.999984682 66.946678162
0.999984026 0.002269303 -0.005173358 1.042478919 -0.002280261 0.999995172 -0.002113359 -1.866148591 0.005168537 0.002125122 0.999984384 67.489906311
0.999984622 0.002409457 -0.004993492 1.045737028 -0.002417952 0.999995649 -0.001695860 -1.887219429 0.004989384 0.001707908 0.999986112 68.029106140
0.999982119 0.002350471 -0.005500844 1.057220817 -0.002358599 0.999996126 -0.001471612 -1.910734177 0.005497364 0.001484560 0.999983788 68.568885803
0.999980211 0.004311278 -0.004580703 1.050192833 -0.004317350 0.999989748 -0.001316484 -1.927573323 0.004574981 0.001336235 0.999988616 69.123359680
0.999975383 0.003732192 -0.005942686 1.067440748 -0.003743545 0.999991179 -0.001900508 -1.935773730 0.005935541 0.001922708 0.999980450 69.677909851
0.999978185 0.003995124 -0.005264602 1.068964720 -0.004005517 0.999990046 -0.001964989 -1.952109575 0.005256698 0.001986034 0.999984205 70.219093323
0.999974608 0.003324314 -0.006305586 1.088397741 -0.003338277 0.999992013 -0.002204974 -1.962714076 0.006298205 0.002225967 0.999977708 70.776786804
0.999977648 0.003813376 -0.005488650 1.087589025 -0.003829154 0.999988556 -0.002867123 -1.975102067 0.005477654 0.002888076 0.999980807 71.320816040
0.999980569 0.003364857 -0.005231983 1.096491337 -0.003377269 0.999991477 -0.002365225 -1.994138241 0.005223980 0.002382849 0.999983490 71.873001099
0.999982357 0.003960299 -0.004429864 1.100012779 -0.003971213 0.999989092 -0.002457736 -2.007554293 0.004420083 0.002475285 0.999987125 72.422554016
0.999982417 0.004442265 -0.003918603 1.105060339 -0.004450912 0.999987662 -0.002200806 -2.027581453 0.003908777 0.002218209 0.999989927 72.971656799
0.999982476 0.005188250 -0.002850756 1.107763052 -0.005193308 0.999984920 -0.001769943 -2.044955730 0.002841530 0.001784717 0.999994338 73.520271301
0.999987185 0.004395174 -0.002519048 1.114425302 -0.004402646 0.999985933 -0.002967920 -2.053959131 0.002505968 0.002978972 0.999992430 74.065856934
0.999983847 0.004780410 -0.003052646 1.129242301 -0.004789440 0.999984086 -0.002957526 -2.073631287 0.003038459 0.002972100 0.999990880 74.615043640
0.999984920 0.004724004 -0.002771796 1.138820410 -0.004732467 0.999984086 -0.003054339 -2.087616444 0.002757323 0.003067409 0.999991477 75.162109375
0.999985576 0.004140346 -0.003464467 1.152594924 -0.004153477 0.999984205 -0.003791521 -2.101492167 0.003448714 0.003805856 0.999986827 75.707115173
0.999983430 0.003766898 -0.004348131 1.170691490 -0.003783120 0.999985874 -0.003728719 -2.119736910 0.004334024 0.003745107 0.999983609 76.244964600
0.999981642 0.004930591 -0.003527191 1.171745539 -0.004943348 0.999981225 -0.003617402 -2.138247490 0.003509289 0.003634772 0.999987245 76.791366577
0.999982476 0.004294566 -0.004071004 1.190543890 -0.004308030 0.999985218 -0.003304227 -2.160539389 0.004056754 0.003321707 0.999986231 77.343009949
0.999984562 0.003968445 -0.003886541 1.202157497 -0.003983457 0.999984622 -0.003862406 -2.174089670 0.003871153 0.003877828 0.999984920 77.893272400
0.999981761 0.004223320 -0.004323078 1.211141706 -0.004241326 0.999982357 -0.004164703 -2.188809872 0.004305413 0.004182962 0.999981999 78.440155029
0.999985874 0.004009522 -0.003523884 1.211705565 -0.004023605 0.999983907 -0.003998183 -2.208891392 0.003507797 0.004012305 0.999985754 78.989067078
0.999986768 0.003875951 -0.003379777 1.223109245 -0.003888285 0.999985754 -0.003650913 -2.224381447 0.003365578 0.003664006 0.999987602 79.542572021
0.999984980 0.004180888 -0.003551479 1.231581211 -0.004192800 0.999985576 -0.003353659 -2.240995407 0.003537407 0.003368499 0.999988019 80.101371765
0.999985993 0.003629332 -0.003854342 1.243687630 -0.003643401 0.999986708 -0.003649717 -2.258751392 0.003841045 0.003663709 0.999985933 80.645774841
0.999989092 0.003843073 -0.002662856 1.250945330 -0.003853064 0.999985516 -0.003757149 -2.275907278 0.002648378 0.003767368 0.999989390 81.188102722
0.999990523 0.004124919 -0.001388582 1.263730884 -0.004131352 0.999980628 -0.004661854 -2.285844088 0.001369325 0.004667547 0.999988198 81.731880188
0.999993205 0.003669500 0.000108834 1.277347207 -0.003669042 0.999985397 -0.003945948 -2.315519810 -0.000123312 0.003945522 0.999992192 82.261756897
0.999990404 0.004052711 0.001741230 1.287552238 -0.004045635 0.999983609 -0.004048338 -2.336698055 -0.001757608 0.004041253 0.999990284 82.786125183
0.999978721 0.003810514 0.005297249 1.303362608 -0.003787843 0.999983788 -0.004283218 -2.351329803 -0.005313484 0.004263062 0.999976754 83.341293335
0.999966264 0.003187934 0.007583923 1.337969661 -0.003157991 0.999987185 -0.003957078 -2.371245861 -0.007596442 0.003932994 0.999963403 83.876205444
0.999938130 0.002873517 0.010746749 1.351659060 -0.002826907 0.999986529 -0.004349871 -2.389489889 -0.010759103 0.004319222 0.999932706 84.412994385
0.999874234 0.002952827 0.015581830 1.372665524 -0.002884375 0.999986231 -0.004413715 -2.404546022 -0.015594646 0.004368216 0.999868870 84.965217590
0.999745309 0.003975931 0.022212444 1.389314413 -0.003885858 0.999984086 -0.004096817 -2.425301313 -0.022228377 0.004009459 0.999744892 85.540908813
0.999588668 0.003963639 0.028404888 1.415068626 -0.003851675 0.999984622 -0.003995363 -2.445929050 -0.028420286 0.003884313 0.999588490 86.067527771
0.999404311 0.003798032 0.034299042 1.451316953 -0.003658311 0.999984741 -0.004135433 -2.462465286 -0.034314223 0.004007493 0.999403059 86.620918274
0.999076009 0.003666737 0.042820603 1.489398718 -0.003461316 0.999982119 -0.004870384 -2.470716715 -0.042837694 0.004717669 0.999070883 87.187561035
0.998702109 0.002999306 0.050843321 1.541022301 -0.002756851 0.999984503 -0.004838107 -2.490525723 -0.050857045 0.004691658 0.998694897 87.742820740
0.998296380 0.003522786 0.058238834 1.580898285 -0.003271489 0.999984860 -0.004409730 -2.508800030 -0.058253486 0.004211688 0.998293042 88.292030334
0.997698128 0.003208610 0.067735173 1.634061813 -0.002909865 0.999985576 -0.004508703 -2.523796797 -0.067748666 0.004301225 0.997693062 88.845230103
0.996931016 0.003558802 0.078205727 1.696215153 -0.003238881 0.999985874 -0.004217216 -2.544634342 -0.078219615 0.003950973 0.996928453 89.377464294
0.996199310 0.002922729 0.087053716 1.761149883 -0.002527382 0.999985993 -0.004651295 -2.558347464 -0.087066077 0.004413600 0.996192753 89.917396545
0.995444059 0.002592177 0.095311955 1.828400612 -0.002102718 0.999984086 -0.005235419 -2.572603464 -0.095324017 0.005011152 0.995433629 90.465675354
0.994315088 0.002980935 0.106435992 1.903189659 -0.002459463 0.999984324 -0.005030307 -2.588191986 -0.106449336 0.004739935 0.994306803 91.007926941
0.993069053 0.003252928 0.117487468 1.976245880 -0.002612322 0.999980867 -0.005606129 -2.598542690 -0.117503479 0.005260359 0.993058503 91.550346375
0.991969347 0.002411864 0.126454800 2.065724373 -0.001740370 0.999983788 -0.005420364 -2.618827820 -0.126465857 0.005156756 0.991957486 92.100479126
0.990506470 0.002785787 0.137437686 2.156586647 -0.002061646 0.999983251 -0.005410933 -2.631201744 -0.137450442 0.005076216 0.990495741 92.638252258
0.988732696 0.002465384 0.149671391 2.256052971 -0.001654583 0.999983370 -0.005541489 -2.651431799 -0.149682552 0.005231407 0.988720238 93.180557251
0.986977518 0.002603020 0.160837263 2.359327316 -0.001806238 0.999985278 -0.005099980 -2.673913479 -0.160848156 0.004743055 0.986967742 93.731391907
0.985276520 0.002634041 0.170948192 2.462470055 -0.001774318 0.999984920 -0.005181737 -2.692425489 -0.170959234 0.004802127 0.985266387 94.264022827
0.982822418 0.002057252 0.184542149 2.592025757 -0.001105001 0.999985456 -0.005262758 -2.703414440 -0.184550300 0.004968437 0.982810438 94.804092407
0.980431437 0.002128823 0.196849838 2.718134880 -0.001155238 0.999986529 -0.005060526 -2.723254919 -0.196857989 0.004734091 0.980420589 95.338500977
0.978363514 0.001488007 0.206887856 2.845079422 -0.000372784 0.999985218 -0.005429351 -2.738887310 -0.206892923 0.005234755 0.978349507 95.851593018
0.975473404 0.001730172 0.220110446 2.990713120 -0.000573439 0.999985695 -0.005319025 -2.758570433 -0.220116496 0.005062348 0.975460470 96.392593384
0.972208023 0.001654749 0.234112516 3.135454178 -0.000380705 0.999984860 -0.005487101 -2.769747496 -0.234118059 0.005245476 0.972193956 96.922554016
0.969624877 0.000986300 0.244594827 3.285720825 0.000315688 0.999985993 -0.005283778 -2.794712067 -0.244596615 0.005200499 0.969610989 97.441108704
0.966525912 0.000714552 0.256567985 3.450733185 0.000759313 0.999983788 -0.005645427 -2.803980350 -0.256567895 0.005651266 0.966509819 97.965415955
0.962744534 0.000917373 0.270411074 3.623054504 0.000611425 0.999984324 -0.005569320 -2.824558020 -0.270411909 0.005527168 0.962728798 98.500213623
0.958966255 0.001133992 0.283517689 3.789922714 0.000574932 0.999982178 -0.005944289 -2.837308168 -0.283519417 0.005863375 0.958948553 99.012580872
0.955854952 0.000411931 0.293838650 3.972999573 0.001290246 0.999983490 -0.005599032 -2.852681637 -0.293836117 0.005730987 0.955838621 99.515792847
0.951504290 -0.000074309 0.307635397 4.161186218 0.001907099 0.999982178 -0.005657038 -2.867954493 -0.307629436 0.005969386 0.951487482 100.039009094
0.947108090 -0.000315449 0.320914418 4.365070343 0.002314889 0.999980211 -0.005848934 -2.884665966 -0.320906252 0.006282453 0.947090149 100.546615601
0.943207204 -0.001423751 0.332202315 4.564792633 0.003380685 0.999980152 -0.005312916 -2.903329372 -0.332188189 0.006134250 0.943193197 101.036140442
0.938476324 -0.000623280 0.345343232 4.777786255 0.002900645 0.999977231 -0.006077783 -2.912183046 -0.345331579 0.006705572 0.938456774 101.568176270
0.933361471 -0.001857279 0.358933121 5.000072479 0.004305063 0.999972582 -0.006020488 -2.934282541 -0.358912051 0.007164521 0.933343887 102.055305481
0.928748727 -0.001581119 0.370706618 5.220174789 0.003925523 0.999976695 -0.005569749 -2.950351715 -0.370689213 0.006628114 0.928733289 102.546684265
0.923957348 -0.002570314 0.382486820 5.439085007 0.005200923 0.999969423 -0.005843851 -2.969853640 -0.382460117 0.007388754 0.923942387 103.019630432
0.917934060 -0.002941470 0.396721989 5.671104431 0.005661853 0.999967813 -0.005686179 -2.986241341 -0.396692514 0.007465719 0.917921305 103.506042480
0.912248373 -0.003240187 0.409624636 5.918319702 0.006104472 0.999965131 -0.005685008 -3.000825882 -0.409592003 0.007686682 0.912236392 103.991775513
0.907413781 -0.004151654 0.420218021 6.168464661 0.007277371 0.999956489 -0.005835332 -3.018779039 -0.420175582 0.008353141 0.907404423 104.461936951
0.901226819 -0.004626223 0.433322906 6.436954498 0.008029108 0.999949574 -0.006023353 -3.034415483 -0.433273256 0.008907602 0.901218593 104.955238342
0.894699216 -0.004724288 0.446644217 6.698177338 0.007980145 0.999953449 -0.005408690 -3.064938307 -0.446597844 0.008403436 0.894695342 105.405387878
0.888757467 -0.005585692 0.458343774 6.970256805 0.009065887 0.999944329 -0.005393315 -3.080518723 -0.458288133 0.008948641 0.888758600 105.889808655
0.883255482 -0.005732518 0.468857020 7.244384766 0.009294180 0.999942839 -0.005282943 -3.096170902 -0.468799919 0.009023830 0.883258164 106.363197327
0.876000762 -0.006236761 0.482269317 7.526767731 0.009775509 0.999940515 -0.004825028 -3.124872208 -0.482210636 0.008941156 0.876009703 106.826408386
0.869006932 -0.006224680 0.494760662 7.815029144 0.009749027 0.999942124 -0.004542907 -3.146056175 -0.494703770 0.008771253 0.869017363 107.284317017
