1.000000000 0.000000000 0.000000000 0.000000000 0.000000000 1.000000000 0.000000000 0.000000000 0.000000000 0.000000000 1.000000000 0.000000000
1.000000000 0.000036527 0.000004084 0.000452699 -0.000036528 1.000000000 0.000130176 -0.000631062 -0.000004079 -0.000130176 1.000000000 0.000197550
1.000000000 0.000062394 -0.000162553 0.001364175 -0.000062387 1.000000000 0.000042428 0.000106307 0.000162556 -0.000042417 1.000000000 -0.000168967
1.000000000 0.000086164 -0.000055059 0.000532872 -0.000086163 1.000000000 0.000018770 -0.000498370 0.000055060 -0.000018765 1.000000000 0.000134106
1.000000000 0.000236781 -0.000017948 -0.000814516 -0.000236780 1.000000000 0.000056109 -0.000373510 0.000017961 -0.000056105 1.000000000 -0.000488375
1.000000000 0.000027452 -0.000058803 -0.000177568 -0.000027451 1.000000000 0.000018596 -0.000725886 0.000058803 -0.000018595 1.000000000 -0.000317410
1.000000000 -0.000087889 0.000009803 0.000446561 0.000087888 1.000000000 0.000028514 -0.000463614 -0.000009806 -0.000028513 1.000000000 -0.000198955
1.000000000 -0.000011351 -0.000033501 0.001590834 0.000011353 1.000000000 0.000081472 -0.000853838 0.000033500 -0.000081472 1.000000000 -0.000423344
1.000000000 -0.000121457 0.000096105 -0.000131120 0.000121453 1.000000000 0.000042312 -0.000261206 -0.000096110 -0.000042300 1.000000000 0.000148431
1.000000000 -0.000161932 -0.000034799 0.001468891 0.000161934 1.000000000 0.000058241 -0.000052081 0.000034789 -0.000058247 1.000000000 0.000105754
1.000000000 -0.000110945 -0.000066248 0.000520982 0.000110952 1.000000000 0.000093616 -0.001410454 0.000066237 -0.000093624 1.000000000 -0.000456247
1.000000000 0.000157049 0.000122859 -0.001342332 -0.000157029 1.000000000 -0.000160672 0.001667688 -0.000122885 0.000160653 1.000000000 0.002014892
1.000000000 -0.000167744 0.000040471 -0.000233341 0.000167737 0.999999940 0.000178987 -0.000925214 -0.000040501 -0.000178980 1.000000000 0.000605817
1.000000000 -0.000048902 0.000086942 -0.000929946 0.000048896 1.000000000 0.000072507 -0.000350847 -0.000086946 -0.000072503 1.000000000 0.000911060
1.000000000 0.000135854 0.000017396 -0.000584098 -0.000135858 0.999999940 0.000213422 -0.001203337 -0.000017367 -0.000213425 1.000000000 0.000135907
1.000000000 0.000095972 -0.000027919 -0.000301121 -0.000095973 1.000000000 -0.000032449 0.000331235 0.000027916 0.000032451 1.000000000 0.000825916
0.999999940 0.000292898 0.000263468 -0.002484326 -0.000292914 0.999999940 0.000058843 0.000397179 -0.000263450 -0.000058920 0.999999940 0.001841312
1.000000000 0.000103269 -0.000048711 -0.000252605 -0.000103269 1.000000000 0.000008596 -0.000004824 0.000048712 -0.000008591 1.000000000 0.001566030
1.000000000 -0.000056922 -0.000034006 0.000140131 0.000056927 1.000000000 0.000166739 -0.001322222 0.000033997 -0.000166741 1.000000000 0.000399065
1.000000000 0.000020114 -0.000037768 0.000500033 -0.000020114 1.000000000 0.000001970 0.000223138 0.000037768 -0.000001969 1.000000000 0.001450040
1.000000000 0.000180985 -0.000036640 -0.000631648 -0.000180984 1.000000000 0.000015568 -0.000105152 0.000036642 -0.000015561 1.000000000 0.001292311
1.000000000 0.000008430 -0.000092936 0.000137386 -0.000008431 1.000000000 -0.000006058 0.000598163 0.000092936 0.000006059 1.000000000 0.000289365
1.000000000 0.000102547 0.000004643 0.000347542 -0.000102547 1.000000000 0.000102962 -0.000524883 -0.000004632 -0.000102962 1.000000000 0.002304789
0.999999940 0.000231287 0.000144623 -0.000282499 -0.000231299 0.999999940 0.000080685 -0.000026065 -0.000144605 -0.000080719 1.000000000 -0.000276855
1.000000000 0.000031081 0.000002332 0.000042073 -0.000031081 1.000000000 0.000089229 0.000426277 -0.000002329 -0.000089230 1.000000000 0.001326551
1.000000000 0.000136669 0.000058997 -0.000904941 -0.000136663 1.000000000 -0.000102844 0.001379500 -0.000059011 0.000102836 1.000000000 0.000396827
1.000000000 0.000160869 0.000073073 -0.000870153 -0.000160861 1.000000000 -0.000098040 0.000271684 -0.000073089 0.000098028 1.000000000 -0.001333937
1.000000000 0.000195930 0.000100792 -0.001174816 -0.000195922 1.000000000 -0.000077892 0.000804108 -0.000100807 0.000077873 1.000000000 0.002292308
1.000000000 0.000052657 0.000038605 -0.001847795 -0.000052657 1.000000000 0.000007896 0.001562961 -0.000038605 -0.000007898 1.000000000 0.004469159
1.000000000 0.000080157 -0.000015455 -0.000637457 -0.000080160 1.000000000 -0.000204500 0.002065432 0.000015439 0.000204501 1.000000000 0.001708919
1.000000000 0.000142739 -0.000060145 0.000215423 -0.000142734 1.000000000 0.000084686 0.000389682 0.000060157 -0.000084677 1.000000000 0.000038808
1.000000000 0.000042062 0.000005463 -0.000527743 -0.000042062 1.000000000 0.000016186 0.000324542 -0.000005463 -0.000016186 1.000000000 0.000639783
1.000000000 -0.000028857 0.000005801 0.000194752 0.000028857 1.000000000 0.000056393 -0.000399541 -0.000005803 -0.000056392 1.000000000 0.000533998
1.000000000 0.000073963 -0.000017186 -0.000439084 -0.000073961 1.000000000 0.000139619 -0.000124578 0.000017196 -0.000139618 1.000000000 0.001036735
1.000000000 0.000042999 0.000034544 -0.000787673 -0.000042999 1.000000000 0.000018756 0.001063881 -0.000034543 -0.000018758 1.000000000 0.002765849
1.000000000 0.000192565 0.000131112 -0.001926738 -0.000192562 1.000000000 -0.000024724 0.002384092 -0.000131117 0.000024699 1.000000000 0.003394303
1.000000000 -0.000089444 0.000043761 -0.000488426 0.000089438 1.000000000 0.000137398 0.000075083 -0.000043773 -0.000137394 1.000000000 0.002013516
1.000000000 -0.000039840 0.000134967 -0.000902973 0.000039810 1.000000000 0.000225938 -0.000866750 -0.000134976 -0.000225932 0.999999940 -0.000588451
1.000000000 0.000036156 0.000174700 -0.001195400 -0.000036169 1.000000000 0.000072033 0.000427493 -0.000174697 -0.000072040 1.000000000 0.000954873
1.000000000 -0.000077157 0.000213710 -0.000062547 0.000077127 1.000000000 0.000141651 -0.001794116 -0.000213721 -0.000141635 0.999999940 0.000018823
0.999999940 -0.000069042 0.000350276 -0.001654118 0.000069237 0.999999821 -0.000555627 -0.002700251 -0.000350238 0.000555651 0.999999762 0.052532323
0.999999940 0.000286798 0.000187204 -0.000741893 -0.000286576 0.999999285 -0.001186129 -0.005684376 -0.000187544 0.001186075 0.999999285 0.136350259
0.999999583 0.000897122 -0.000046757 0.001701911 -0.000897191 0.999998510 -0.001494518 -0.004695292 0.000045416 0.001494559 0.999998868 0.258741587
0.999999642 0.000869214 0.000099446 0.002530700 -0.000869120 0.999999166 -0.000934391 -0.014646659 -0.000100258 0.000934304 0.999999583 0.385922462
0.999999881 0.000450639 -0.000072779 0.007239852 -0.000450705 0.999999464 -0.000904824 -0.018738274 0.000072372 0.000904857 0.999999583 0.526689112
0.999999821 0.000627994 -0.000021031 0.013199190 -0.000628012 0.999999464 -0.000853443 -0.022630058 0.000020495 0.000853456 0.999999642 0.683535993
0.999999821 0.000589833 0.000195501 0.017797731 -0.000589675 0.999999523 -0.000807181 -0.022003438 -0.000195977 0.000807066 0.999999642 0.850991249
0.999999583 0.000705631 0.000528642 0.013512252 -0.000705233 0.999999464 -0.000754183 -0.027139490 -0.000529173 0.000753810 0.999999583 1.017228842
0.999999881 0.000324786 0.000326815 0.016534923 -0.000324761 0.999999940 -0.000077047 -0.036826298 -0.000326840 0.000076941 0.999999940 1.186660886
0.999999821 0.000329166 0.000439274 0.020371290 -0.000329218 0.999999940 0.000117744 -0.041562311 -0.000439235 -0.000117889 0.999999881 1.377218604
0.999999702 0.000564473 0.000513341 0.028104678 -0.000564179 0.999999702 -0.000572925 -0.042683415 -0.000513664 0.000572636 0.999999702 1.579472303
0.999999464 0.000818638 0.000637888 0.026905272 -0.000818606 0.999999642 -0.000050285 -0.053396452 -0.000637929 0.000049763 0.999999821 1.761533856
0.999999702 0.000340379 -0.000717475 0.054864228 -0.000340132 0.999999881 0.000344963 -0.066529699 0.000717593 -0.000344719 0.999999642 1.960222006
0.999999881 0.000511865 -0.000025307 0.053027309 -0.000511864 0.999999821 0.000011766 -0.068939678 0.000025314 -0.000011753 0.999999940 2.167391300
0.999999940 0.000383473 -0.000240208 0.061450817 -0.000383544 0.999999940 -0.000294235 -0.073552646 0.000240095 0.000294327 0.999999881 2.384714127
0.999999881 0.000346870 -0.000403001 0.066858351 -0.000346743 0.999999881 0.000315268 -0.083398789 0.000403110 -0.000315129 0.999999881 2.608649254
0.999999821 0.000694324 -0.000268501 0.069077082 -0.000694184 0.999999642 0.000522834 -0.092158593 0.000268864 -0.000522647 0.999999881 2.839137554
0.999999821 -0.000222913 -0.000662081 0.076284885 0.000223430 0.999999702 0.000781129 -0.100486912 0.000661907 -0.000781276 0.999999523 3.076431036
1.000000000 -0.000118386 -0.000355765 0.085903913 0.000118465 1.000000000 0.000220068 -0.102605224 0.000355739 -0.000220110 0.999999940 3.315152168
0.999999940 0.000254247 -0.000332946 0.082828395 -0.000253979 0.999999583 0.000804634 -0.113389067 0.000333151 -0.000804549 0.999999642 3.548063517
0.999999940 0.000301901 -0.000235005 0.088756606 -0.000301749 0.999999702 0.000644612 -0.118518017 0.000235199 -0.000644541 0.999999821 3.801829815
1.000000000 -0.000139220 -0.000200585 0.094313733 0.000139258 0.999999940 0.000190775 -0.123037502 0.000200559 -0.000190803 1.000000000 4.060636520
0.999999940 0.000246239 0.000221468 0.093214080 -0.000246452 0.999999464 0.000962909 -0.132183358 -0.000221231 -0.000962963 0.999999523 4.308856487
0.999999881 0.000394339 -0.000241457 0.099305958 -0.000394218 0.999999821 0.000501567 -0.132848158 0.000241654 -0.000501472 0.999999821 4.579895973
1.000000000 0.000289352 -0.000052908 0.107854567 -0.000289315 0.999999762 0.000693906 -0.142016694 0.000053109 -0.000693891 0.999999762 4.834364414
0.999999940 0.000238442 -0.000103076 0.113981888 -0.000238360 0.999999642 0.000794100 -0.147638485 0.000103265 -0.000794076 0.999999642 5.100313187
0.999999821 -0.000264296 -0.000431940 0.122983493 0.000264585 0.999999702 0.000668443 -0.155108333 0.000431763 -0.000668557 0.999999702 5.361680984
0.999999940 0.000313173 0.000213298 0.121286385 -0.000313306 0.999999762 0.000621457 -0.160419300 -0.000213103 -0.000621524 0.999999762 5.630921364
0.999999821 -0.000255967 -0.000369879 0.129405349 0.000256242 0.999999702 0.000743996 -0.168748662 0.000369689 -0.000744090 0.999999642 5.905317307
0.999999881 -0.000331304 -0.000203406 0.133184195 0.000331463 0.999999702 0.000780401 -0.175085291 0.000203148 -0.000780469 0.999999702 6.195070744
0.999999762 -0.000266139 -0.000617074 0.144852728 0.000266606 0.999999702 0.000756668 -0.183924437 0.000616873 -0.000756832 0.999999523 6.477491379
1.000000000 0.000078745 0.000104556 0.141437858 -0.000078823 0.999999702 0.000749362 -0.194792524 -0.000104497 -0.000749370 0.999999702 6.749004841
1.000000000 0.000145640 -0.000031746 0.148488715 -0.000145609 0.999999464 0.000960487 -0.205295071 0.000031886 -0.000960482 0.999999523 7.047469616
1.000000000 0.000100746 0.000094002 0.157456636 -0.000100827 0.999999642 0.000860048 -0.211610630 -0.000093916 -0.000860057 0.999999583 7.340942383
1.000000000 0.000015531 0.000064838 0.159465790 -0.000015552 0.999999881 0.000324140 -0.213615537 -0.000064833 -0.000324141 0.999999940 7.654178619
0.999999762 0.000705567 -0.000104180 0.175084040 -0.000705462 0.999999225 0.000995804 -0.228844151 0.000104883 -0.000995730 0.999999464 7.958771229
1.000000000 -0.000114342 -0.000049133 0.176482290 0.000114389 0.999999464 0.000961586 -0.240440503 0.000049022 -0.000961591 0.999999523 8.288446426
0.999999940 0.000331646 0.000306955 0.180582613 -0.000331893 0.999999642 0.000804033 -0.249717385 -0.000306688 -0.000804135 0.999999642 8.620303154
0.999999881 -0.000172615 0.000289847 0.184677511 0.000172355 0.999999583 0.000896920 -0.257659137 -0.000290001 -0.000896870 0.999999583 8.952940941
0.999999821 -0.000402155 0.000218816 0.193624213 0.000401907 0.999999225 0.001132137 -0.272520632 -0.000219271 -0.001132049 0.999999404 9.282313347
0.999999881 0.000004961 0.000334852 0.196151718 -0.000005413 0.999999046 0.001351366 -0.281912774 -0.000334846 -0.001351368 0.999999046 9.636939049
0.999999940 -0.000091206 0.000109902 0.208644524 0.000091019 0.999998569 0.001697550 -0.293835998 -0.000110056 -0.001697540 0.999998510 9.975938797
0.999999940 -0.000070748 -0.000053331 0.212057829 0.000070814 0.999999225 0.001230070 -0.299905449 0.000053244 -0.001230074 0.999999225 10.341514587
1.000000000 -0.000100539 0.000037993 0.217316866 0.000100493 0.999999225 0.001200236 -0.309034169 -0.000038113 -0.001200233 0.999999225 10.699147224
0.999999940 -0.000124304 0.000287206 0.225500435 0.000123938 0.999999166 0.001276296 -0.318021566 -0.000287365 -0.001276260 0.999999166 11.065361023
0.999999881 0.000113020 0.000510619 0.232600302 -0.000113760 0.999998927 0.001449350 -0.331787735 -0.000510455 -0.001449408 0.999998808 11.437481880
0.999999881 0.000050730 0.000353676 0.243428335 -0.000051138 0.999999285 0.001153570 -0.339133888 -0.000353617 -0.001153588 0.999999285 11.818019867
0.999999762 -0.000188681 0.000586594 0.248749509 0.000187784 0.999998748 0.001530266 -0.355482131 -0.000586882 -0.001530156 0.999998629 12.197726250
0.999999702 -0.000295979 0.000810158 0.256745696 0.000295074 0.999999404 0.001117035 -0.364077151 -0.000810488 -0.001116795 0.999998987 12.586028099
0.999999702 -0.000377327 0.000656255 0.261541575 0.000376267 0.999998748 0.001614677 -0.375263751 -0.000656864 -0.001614430 0.999998450 12.985611916
0.999999523 -0.000370331 0.000921770 0.268362314 0.000369180 0.999999166 0.001248625 -0.384612828 -0.000922232 -0.001248284 0.999998808 13.385260582
0.999999344 -0.000728974 0.000800177 0.282441497 0.000727536 0.999998093 0.001795967 -0.397857696 -0.000801485 -0.001795384 0.999998093 13.793771744
0.999999106 -0.000417298 0.001259419 0.285493493 0.000415087 0.999998391 0.001755712 -0.406361639 -0.001260150 -0.001755188 0.999997675 14.219549179
0.999998748 -0.000410092 0.001537655 0.296616673 0.000407409 0.999998391 0.001744236 -0.418413043 -0.001538369 -0.001743607 0.999997258 14.637819290
0.999998569 -0.000308280 0.001668129 0.306956232 0.000305036 0.999998033 0.001944966 -0.430376858 -0.001668726 -0.001944454 0.999996722 15.072081566
0.999998391 -0.000468347 0.001746462 0.318904757 0.000465332 0.999998391 0.001726821 -0.440699428 -0.001747267 -0.001726006 0.999996901 15.509827614
0.999997258 -0.000338781 0.002316537 0.327540338 0.000335073 0.999998689 0.001600638 -0.452631116 -0.002317076 -0.001599858 0.999996006 15.951457977
0.999997199 -0.000290590 0.002358309 0.339753836 0.000286313 0.999998331 0.001813676 -0.465651512 -0.002358833 -0.001812996 0.999995530 16.389930725
0.999995589 -0.000267236 0.002948699 0.345010519 0.000262695 0.999998808 0.001540413 -0.473737836 -0.002949107 -0.001539631 0.999994457 16.842964172
0.999994874 -0.000082214 0.003197828 0.355123490 0.000077208 0.999998748 0.001565588 -0.486698002 -0.003197952 -0.001565333 0.999993682 17.296928406
0.999993443 0.000287259 0.003591775 0.361429214 -0.000293051 0.999998569 0.001612392 -0.497372717 -0.003591307 -0.001613434 0.999992251 17.757522583
0.999991000 0.000575539 0.004201755 0.368872702 -0.000582110 0.999998569 0.001562794 -0.509704173 -0.004200849 -0.001565225 0.999989986 18.223159790
0.999993324 0.000090882 0.003635550 0.397336483 -0.000098240 0.999997914 0.002023922 -0.524197638 -0.003635358 -0.002024266 0.999991298 18.682912827
0.999989331 0.000600857 0.004578335 0.395671308 -0.000607768 0.999998629 0.001508306 -0.535490274 -0.004577423 -0.001511073 0.999988377 19.160799026
0.999986112 0.000134551 0.005263765 0.406786978 -0.000143079 0.999998629 0.001619750 -0.544990897 -0.005263540 -0.001620481 0.999984920 19.647968292
0.999984920 0.000020094 0.005487323 0.411012828 -0.000028268 0.999998808 0.001489571 -0.552051961 -0.005487285 -0.001489703 0.999983847 20.148670197
0.999990106 0.000374359 0.004438732 0.432224095 -0.000380631 0.999998927 0.001412097 -0.573715329 -0.004438199 -0.001413773 0.999989092 20.624485016
0.999990165 0.000506140 0.004392572 0.439819813 -0.000511609 0.999999106 0.001244100 -0.580035150 -0.004391938 -0.001246336 0.999989569 21.132379532
0.999990165 0.000718595 0.004389939 0.444482654 -0.000723748 0.999999106 0.001172333 -0.586654603 -0.004389093 -0.001175499 0.999989629 21.643802643
0.999992907 0.001130240 0.003584863 0.458128273 -0.001135138 0.999998450 0.001364481 -0.606812954 -0.003583313 -0.001368541 0.999992669 22.147781372
0.999992013 0.001486217 0.003696056 0.470049381 -0.001490499 0.999998212 0.001155849 -0.613137126 -0.003694331 -0.001161349 0.999992490 22.653675079
0.999996245 0.001154312 0.002494053 0.483087569 -0.001157193 0.999998689 0.001154425 -0.631862342 -0.002492717 -0.001157307 0.999996245 23.185544968
0.999997377 0.001109851 0.002018700 0.491281033 -0.001112176 0.999998748 0.001150619 -0.648408592 -0.002017420 -0.001152861 0.999997377 23.712247849
0.999998987 0.000457940 0.001326348 0.500689387 -0.000458756 0.999999642 0.000615306 -0.657514870 -0.001326066 -0.000615913 0.999998868 24.242204666
0.999998927 0.001186565 0.000726634 0.512571871 -0.001187619 0.999998152 0.001452007 -0.676551461 -0.000724909 -0.001452869 0.999998689 24.774049759
0.999998391 0.001865181 0.000000370 0.525508404 -0.001865179 0.999996781 0.001679375 -0.693525553 0.000002763 -0.001679373 0.999998569 25.311903000
0.999997318 0.002308553 -0.000330078 0.530162990 -0.002308052 0.999996185 0.001509290 -0.703698218 0.000333561 -0.001508524 0.999998808 25.855836868
0.999998748 0.001611880 -0.000140804 0.538808703 -0.001611632 0.999997139 0.001745729 -0.722763896 0.000143618 -0.001745500 0.999998450 26.416490555
0.999998748 0.001145908 -0.001033705 0.544538081 -0.001143825 0.999997318 0.002012771 -0.733550787 0.001036010 -0.002011587 0.999997377 26.973911285
0.999999225 0.000767552 -0.000947421 0.551211119 -0.000765419 0.999997199 0.002249448 -0.749233842 0.000949146 -0.002248721 0.999997020 27.527235031
0.999997020 0.002285346 -0.000835278 0.554593205 -0.002284069 0.999996185 0.001526537 -0.763315082 0.000838763 -0.001524625 0.999998450 28.088640213
0.999996841 0.002014029 -0.001471688 0.561698496 -0.002011111 0.999996006 0.001981674 -0.776960850 0.001475673 -0.001978708 0.999996960 28.620227814
0.999997437 0.001707760 -0.001469385 0.571625769 -0.001704682 0.999996364 0.002093119 -0.791848779 0.001472953 -0.002090609 0.999996722 29.165454865
0.999995053 0.001912087 -0.002497640 0.591015339 -0.001906751 0.999995828 0.002137135 -0.803439081 0.002501716 -0.002132362 0.999994576 29.715007782
0.999994218 0.001935547 -0.002766851 0.595140159 -0.001929775 0.999995947 0.002086953 -0.813967884 0.002770878 -0.002081602 0.999993980 30.254358292
0.999995291 0.001756025 -0.002485404 0.605741322 -0.001750755 0.999996245 0.002120979 -0.831913292 0.002489119 -0.002116618 0.999994695 30.799589157
0.999992073 0.001919832 -0.003483683 0.614840508 -0.001912314 0.999995768 0.002160007 -0.845741391 0.003487816 -0.002153328 0.999991596 31.355833054
0.999990940 0.001923653 -0.003778012 0.627194524 -0.001914980 0.999995530 0.002297983 -0.859242380 0.003782416 -0.002290728 0.999990225 31.901781082
0.999991119 0.001652027 -0.003867956 0.636633635 -0.001645110 0.999997079 0.001790703 -0.869877160 0.003870903 -0.001784324 0.999990940 32.456851959
0.999991119 0.001854110 -0.003789763 0.638955057 -0.001845853 0.999995887 0.002180876 -0.884228706 0.003793791 -0.002173861 0.999990404 33.003120422
0.999989092 0.002069980 -0.004188342 0.649422586 -0.002061427 0.999995768 0.002045485 -0.899929821 0.004192558 -0.002036828 0.999989152 33.548423767
0.999988556 0.002530702 -0.004066942 0.652885675 -0.002521812 0.999994338 0.002189543 -0.911685050 0.004072460 -0.002179262 0.999989331 34.104450226
0.999988437 0.001611131 -0.004529005 0.664005041 -0.001600896 0.999996185 0.002262429 -0.926770568 0.004532633 -0.002255152 0.999987185 34.648082733
0.999988973 0.002279075 -0.004112440 0.663411856 -0.002270844 0.999995410 0.002004934 -0.937837839 0.004116991 -0.001995573 0.999989450 35.207195282
0.999989212 0.001627440 -0.004362393 0.672008514 -0.001618713 0.999996722 0.002003222 -0.952015638 0.004365639 -0.001996139 0.999988437 35.752941132
0.999983788 0.001812894 -0.005401237 0.697499335 -0.001801129 0.999995947 0.002182264 -0.969033837 0.005405172 -0.002172500 0.999983013 36.287612915
0.999986231 0.002376129 -0.004697992 0.699500680 -0.002367481 0.999995530 0.001845517 -0.980148613 0.004702356 -0.001834369 0.999987245 36.834449768
0.999983668 0.002035673 -0.005329934 0.715797007 -0.002024400 0.999995649 0.002119499 -0.995238364 0.005334225 -0.002108675 0.999983549 37.367137909
0.999984145 0.002262095 -0.005151238 0.714287877 -0.002253327 0.999996006 0.001707242 -1.008884192 0.005155079 -0.001695608 0.999985278 37.942520142
0.999984503 0.001745779 -0.005291178 0.722601771 -0.001737704 0.999997258 0.001530197 -1.021873474 0.005293835 -0.001520979 0.999984860 38.495536804
0.999985158 0.001883733 -0.005089995 0.728440225 -0.001874636 0.999996662 0.001791546 -1.040063620 0.005093352 -0.001781978 0.999985456 39.041690826
0.999983251 0.001984932 -0.005423395 0.741391659 -0.001979251 0.999997437 0.001052704 -1.048658609 0.005425471 -0.001041952 0.999984741 39.578041077
0.999981463 0.002505671 -0.005546559 0.743924618 -0.002497253 0.999995708 0.001524267 -1.056532025 0.005550355 -0.001510387 0.999983370 40.131668091
0.999979794 0.002970262 -0.005622114 0.760137200 -0.002958657 0.999993503 0.002071318 -1.081310153 0.005628229 -0.002054642 0.999981999 40.656333923
0.999980092 0.003783703 -0.005047202 0.765494943 -0.003779673 0.999992490 0.000807826 -1.078179479 0.005050221 -0.000788733 0.999986947 41.235626221
0.999978960 0.003472212 -0.005473144 0.781803727 -0.003469469 0.999993861 0.000510614 -1.075696945 0.005474883 -0.000491615 0.999984920 41.773307800
0.999978244 0.002828362 -0.005963821 0.774144113 -0.002818346 0.999994576 0.001687303 -1.118138552 0.005968562 -0.001670459 0.999980807 42.326492310
0.999978662 0.002612877 -0.005987452 0.782589018 -0.002607289 0.999996126 0.000941059 -1.122103930 0.005989888 -0.000925428 0.999981642 42.879302979
0.999979317 0.002993694 -0.005690634 0.791587949 -0.002983940 0.999994040 0.001721707 -1.142788529 0.005695754 -0.001704691 0.999982357 43.426300049
0.999978483 0.002994247 -0.005835190 0.788679838 -0.002984629 0.999994099 0.001656345 -1.158553958 0.005840116 -0.001638893 0.999981582 43.980663300
0.999979854 0.002565636 -0.005793359 0.793563485 -0.002555067 0.999995053 0.001831128 -1.173317909 0.005798029 -0.001816289 0.999981463 44.523559570
0.999977231 0.003181298 -0.005945215 0.803922415 -0.003169525 0.999993026 0.001988662 -1.186648488 0.005951500 -0.001969773 0.999980271 45.071521759
0.999979377 0.002773507 -0.005787381 0.808538735 -0.002764369 0.999994874 0.001586436 -1.197858334 0.005791751 -0.001570404 0.999981999 45.624076843
0.999980032 0.002597618 -0.005763401 0.821815252 -0.002590484 0.999995828 0.001244953 -1.208205938 0.005766611 -0.001229998 0.999982595 46.178524017
0.999978364 0.002234997 -0.006183392 0.826707244 -0.002225185 0.999996245 0.001593205 -1.229648590 0.006186930 -0.001579411 0.999979615 46.715324402
0.999977827 0.003095956 -0.005892797 0.836257041 -0.003083350 0.999992907 0.002146990 -1.248872519 0.005899402 -0.002128773 0.999980330 47.272701263
0.999979198 0.001859841 -0.006180104 0.836402714 -0.001849527 0.999996901 0.001674165 -1.252258658 0.006183199 -0.001662700 0.999979496 47.821563721
0.999978423 0.001527151 -0.006388275 0.850535572 -0.001515880 0.999997258 0.001768847 -1.270277739 0.006390959 -0.001759125 0.999978065 48.363880157
0.999981284 0.002223691 -0.005706639 0.853571832 -0.002215293 0.999996483 0.001477670 -1.275892854 0.005709905 -0.001465000 0.999982655 48.920921326
0.999980509 0.001973311 -0.005924182 0.855032444 -0.001963203 0.999996603 0.001711693 -1.293496609 0.005927539 -0.001700030 0.999980986 49.467281342
0.999981940 0.002467772 -0.005493365 0.860641837 -0.002459215 0.999995768 0.001564026 -1.308124185 0.005497201 -0.001550489 0.999983668 50.013225555
0.999985337 0.002240441 -0.004930438 0.868299186 -0.002230763 0.999995530 0.001967360 -1.323670864 0.004934825 -0.001956333 0.999985874 50.566131592
0.999980986 0.002267310 -0.005723246 0.872133732 -0.002256457 0.999995589 0.001902153 -1.339665174 0.005727533 -0.001889202 0.999981821 51.110610962
0.999982178 0.002390328 -0.005465068 0.880386472 -0.002381216 0.999995768 0.001673197 -1.354071379 0.005469045 -0.001660154 0.999983668 51.665401459
0.999976695 0.002191662 -0.006466385 0.898166299 -0.002179477 0.999995828 0.001890931 -1.369096160 0.006470502 -0.001876794 0.999977291 52.212375641
0.999980032 0.002190868 -0.005923377 0.899668813 -0.002180095 0.999995947 0.001824406 -1.385159612 0.005927350 -0.001811456 0.999980807 52.764186859
0.999981642 0.001765969 -0.005788735 0.906697571 -0.001754701 0.999996543 0.001950979 -1.398588538 0.005792160 -0.001940785 0.999981284 53.319042206
0.999980569 0.001981672 -0.005914227 0.911471605 -0.001970825 0.999996364 0.001839318 -1.413204908 0.005917851 -0.001827627 0.999980807 53.858264923
0.999983311 0.002922746 -0.004981272 0.913073063 -0.002911612 0.999993265 0.002241102 -1.430866957 0.004987789 -0.002226561 0.999985099 54.403903961
0.999982119 0.002112466 -0.005596348 0.923124671 -0.002101023 0.999995708 0.002049936 -1.444601774 0.005600654 -0.002038142 0.999982238 54.947944641
0.999981999 0.002225372 -0.005568209 0.925484180 -0.002214722 0.999995708 0.001917957 -1.462215066 0.005572453 -0.001905590 0.999982655 55.499862671
0.999986410 0.001989247 -0.004826183 0.923384905 -0.001981064 0.999996603 0.001699613 -1.470067620 0.004829548 -0.001690028 0.999986887 56.043048859
0.999980390 0.002379743 -0.005790676 0.943368018 -0.002368436 0.999995291 0.001958836 -1.489366531 0.005795310 -0.001945083 0.999981344 56.607555389
0.999982297 0.002410955 -0.005431445 0.961433411 -0.002398780 0.999994695 0.002247016 -1.509138465 0.005436833 -0.002233948 0.999982774 57.139274597
0.999979734 0.002875455 -0.005678671 0.966189682 -0.002864738 0.999994040 0.001894535 -1.518969059 0.005684085 -0.001878229 0.999982059 57.705684662
0.999981344 0.002960111 -0.005342760 0.969035029 -0.002950270 0.999993920 0.001848600 -1.534360170 0.005348199 -0.001832803 0.999983966 58.254238129
0.999983430 0.002608245 -0.005130612 0.981952012 -0.002598039 0.999994636 0.001995115 -1.553084016 0.005135788 -0.001981752 0.999984860 58.783290863
0.999980927 0.003149438 -0.005317681 0.983417988 -0.003142766 0.999994278 0.001262810 -1.552754164 0.005321627 -0.001246074 0.999985039 59.329505920
0.999983370 0.002955812 -0.004949600 0.990586519 -0.002951277 0.999995232 0.000923346 -1.566634774 0.004952305 -0.000908723 0.999987304 59.870738983
0.999980867 0.003237287 -0.005266436 0.996606350 -0.003231708 0.999994159 0.001067485 -1.580320001 0.005269861 -0.001050445 0.999985576 60.422245026
0.999979019 0.003427472 -0.005509426 1.006131172 -0.003421596 0.999993563 0.001075910 -1.592225552 0.005513079 -0.001057037 0.999984264 60.970233917
0.999978662 0.003716925 -0.005370539 1.013272166 -0.003709588 0.999992192 0.001375571 -1.610545993 0.005375611 -0.001355619 0.999984562 61.508960724
0.999979436 0.003578519 -0.005328972 1.027197599 -0.003570242 0.999992490 0.001561940 -1.628770709 0.005334520 -0.001542883 0.999984503 62.047939301
0.999978781 0.003830045 -0.005271506 1.027673721 -0.003826301 0.999992430 0.000719930 -1.631307006 0.005274222 -0.000699744 0.999985874 62.613327026
0.999981225 0.004068867 -0.004598507 1.029027820 -0.004064448 0.999991298 0.000969907 -1.649277329 0.004602414 -0.000951198 0.999989033 63.166107178
0.999980450 0.004565271 -0.004285540 1.031676292 -0.004560241 0.999988854 0.001182751 -1.665045857 0.004290891 -0.001163185 0.999990225 63.717784882
0.999976814 0.004492916 -0.005111459 1.044226527 -0.004489189 0.999989629 0.000740337 -1.678573012 0.005114734 -0.000717374 0.999986589 64.258247375
0.999981046 0.004626306 -0.004057322 1.041168213 -0.004621150 0.999988496 0.001279379 -1.696475387 0.004063194 -0.001260605 0.999990940 64.804473877
0.999978602 0.004376075 -0.004864404 1.060935616 -0.004369738 0.999989569 0.001312159 -1.710441470 0.004870095 -0.001290875 0.999987304 65.342102051
0.999979913 0.004481925 -0.004486778 1.070835233 -0.004477289 0.999989450 0.001042582 -1.725243688 0.004491403 -0.001022473 0.999989390 65.893127441
0.999981463 0.004140073 -0.004456273 1.085067034 -0.004134210 0.999990582 0.001323928 -1.737272620 0.004461713 -0.001305480 0.999989212 66.426315308
0.999977231 0.004714889 -0.004816715 1.085103035 -0.004710744 0.999988437 0.000871702 -1.752548933 0.004820770 -0.000848992 0.999988019 66.985824585
0.999978662 0.005011562 -0.004201772 1.093653679 -0.005007819 0.999987066 0.000901100 -1.764756799 0.004206234 -0.000880039 0.999990761 67.538040161
0.999976873 0.004855984 -0.004756546 1.102463007 -0.004848802 0.999987066 0.001520577 -1.788690329 0.004763870 -0.001497479 0.999987483 68.079803467
0.999977231 0.004643071 -0.004894364 1.118702412 -0.004635990 0.999988198 0.001457096 -1.807243705 0.004901072 -0.001434373 0.999987006 68.610321045
0.999974549 0.005733203 -0.004238415 1.121129155 -0.005726363 0.999982238 0.001624230 -1.824917793 0.004247651 -0.001599918 0.999989748 69.154357910
0.999976933 0.005288097 -0.004261516 1.113501549 -0.005282301 0.999985099 0.001370430 -1.836003184 0.004268699 -0.001347888 0.999989986 69.721145630
0.999976635 0.005346287 -0.004264351 1.124291658 -0.005341243 0.999985039 0.001193194 -1.850026965 0.004270667 -0.001170389 0.999990225 70.255828857
0.999977469 0.005427809 -0.003959933 1.129309177 -0.005422775 0.999984443 0.001280680 -1.863412499 0.003966822 -0.001259177 0.999991357 70.798149109
0.999976397 0.005149423 -0.004545516 1.143405795 -0.005143956 0.999986053 0.001213439 -1.876806736 0.004551701 -0.001190028 0.999988914 71.355171204
0.999971211 0.006158188 -0.004442154 1.152526617 -0.006152008 0.999980152 0.001403818 -1.893541455 0.004450710 -0.001376450 0.999989152 71.905754089
0.999974847 0.005716100 -0.004191990 1.151610374 -0.005709851 0.999982595 0.001501036 -1.907655835 0.004200498 -0.001477063 0.999990046 72.444717407
0.999975085 0.005786358 -0.004039227 1.156474590 -0.005781147 0.999982476 0.001300527 -1.922652841 0.004046682 -0.001277143 0.999991000 72.993095398
0.999975622 0.005864188 -0.003780609 1.164037704 -0.005858662 0.999981761 0.001470876 -1.939249516 0.003789166 -0.001448691 0.999991715 73.529769897
0.999974310 0.006052220 -0.003834840 1.170059204 -0.006046787 0.999980748 0.001426579 -1.953272462 0.003843400 -0.001403354 0.999991596 74.076240540
0.999975204 0.005800049 -0.003986145 1.180133462 -0.005793786 0.999981940 0.001581465 -1.971850872 0.003995245 -0.001558331 0.999990761 74.608428955
0.999974906 0.005541936 -0.004415720 1.197606564 -0.005531979 0.999982238 0.002263230 -1.990683436 0.004428183 -0.002238746 0.999987662 75.141616821
0.999977171 0.005372026 -0.004108922 1.198658228 -0.005362126 0.999982715 0.002416383 -2.003457069 0.004121831 -0.002394296 0.999988616 75.691879272
0.999975264 0.005331025 -0.004593272 1.214831948 -0.005320833 0.999983311 0.002228536 -2.023354053 0.004605077 -0.002204041 0.999986887 76.221969604
0.999969006 0.006571729 -0.004344120 1.217464447 -0.006560253 0.999974906 0.002650609 -2.037445307 0.004361431 -0.002622029 0.999987006 76.776237488
0.999976039 0.005441244 -0.004268677 1.231159449 -0.005432423 0.999983013 0.002074919 -2.050494671 0.004279896 -0.002051680 0.999988675 77.328376770
0.999976277 0.005119211 -0.004594140 1.245757818 -0.005110162 0.999984920 0.001979224 -2.062319994 0.004604203 -0.001955700 0.999987483 77.871246338
0.999977708 0.005133489 -0.004274435 1.245003939 -0.005125221 0.999984920 0.001942866 -2.076283455 0.004284345 -0.001920916 0.999988973 78.403083801
0.999980330 0.004948322 -0.003869892 1.253918409 -0.004943836 0.999987125 0.001167597 -2.086339235 0.003875619 -0.001148441 0.999991834 78.955421448
0.999976695 0.005493422 -0.004037916 1.263842106 -0.005486850 0.999983728 0.001636693 -2.099386930 0.004046841 -0.001614500 0.999990523 79.497840881
0.999976397 0.005619234 -0.003956735 1.273513436 -0.005613020 0.999983013 0.001579878 -2.113837481 0.003965545 -0.001557631 0.999990940 80.039764404
0.999976814 0.005639067 -0.003818670 1.282022238 -0.005632167 0.999982476 0.001815335 -2.130730391 0.003828840 -0.001793786 0.999991059 80.573913574
0.999977946 0.006010117 -0.002834258 1.290740609 -0.006005419 0.999980509 0.001663322 -2.141771555 0.002844199 -0.001646264 0.999994576 81.121299744
0.999977469 0.006559471 -0.001491343 1.299923062 -0.006556536 0.999976575 0.001964099 -2.158989668 0.001504191 -0.001954277 0.999996901 81.661804199
0.999981165 0.006151787 -0.000290786 1.303827882 -0.006151269 0.999979556 0.001753080 -2.175937414 0.000301564 -0.001751258 0.999998450 82.192840576
0.999981165 0.006080689 0.000824518 1.318094492 -0.006082068 0.999980032 0.001678879 -2.189014435 -0.000814292 -0.001683862 0.999998271 82.730751038
0.999976695 0.005677899 0.003779283 1.339632034 -0.005682594 0.999983072 0.001232761 -2.197384596 -0.003772220 -0.001254209 0.999992192 83.287696838
0.999948621 0.006145414 0.008064723 1.355621457 -0.006159039 0.999979675 0.001665682 -2.213498831 -0.008054321 -0.001715267 0.999966025 83.811096191
0.999916136 0.006422898 0.011254998 1.369871497 -0.006442833 0.999977708 0.001735971 -2.233245134 -0.011243599 -0.001808339 0.999935091 84.352653503
0.999847710 0.006710788 0.016106049 1.389359951 -0.006733522 0.999976397 0.001357714 -2.241825104 -0.016096558 -0.001465958 0.999869347 84.906074524
0.999746799 0.006901712 0.021417536 1.424198747 -0.006942369 0.999974191 0.001824596 -2.261978388 -0.021404393 -0.001972822 0.999768913 85.447547913
0.999611795 0.006223788 0.027161509 1.457779646 -0.006267481 0.999979198 0.001523774 -2.278416872 -0.027151473 -0.001693416 0.999629855 86.000236511
0.999446630 0.005290461 0.032841355 1.492638946 -0.005347406 0.999984324 0.001646299 -2.292448521 -0.032832138 -0.001821004 0.999459207 86.540443420
0.999142230 0.005898741 0.040988140 1.527244329 -0.005979379 0.999980450 0.001845037 -2.311295509 -0.040976457 -0.002088538 0.999158025 87.095565796
0.998763144 0.006277337 0.049323652 1.568825245 -0.006381938 0.999977648 0.001963526 -2.329483271 -0.049310230 -0.002275878 0.998780906 87.636550903
0.998375833 0.005912337 0.056663055 1.608220100 -0.006031401 0.999979973 0.001930477 -2.342659950 -0.056650508 -0.002269099 0.998391449 88.183715820
0.997837245 0.006309717 0.065429561 1.663752079 -0.006432245 0.999977887 0.001662169 -2.357198000 -0.065417632 -0.002079433 0.997855723 88.728904724
0.997101545 0.006366582 0.075815417 1.724212170 -0.006519584 0.999977231 0.001770771 -2.375056505 -0.075802401 -0.002259924 0.997120261 89.254325867
0.996471286 0.005720413 0.083739080 1.793478966 -0.005892725 0.999980986 0.001810707 -2.386324167 -0.083727151 -0.002297769 0.996486008 89.801101685
0.995738447 0.005589238 0.092052907 1.851256847 -0.005743716 0.999982476 0.001413283 -2.400921106 -0.092043385 -0.001935985 0.995753109 90.373138428
0.994720340 0.005316837 0.102485798 1.932672977 -0.005506941 0.999983549 0.001572081 -2.409924746 -0.102475747 -0.002128165 0.994733214 90.923103333
0.993506730 0.005883545 0.113621384 2.003033638 -0.006165899 0.999978721 0.002133771 -2.438197136 -0.113606423 -0.002820494 0.993521810 91.452537537
0.992409289 0.005076217 0.122874036 2.089646339 -0.005381107 0.999983251 0.002149583 -2.458704472 -0.122861065 -0.002794464 0.992420018 91.994667053
0.990972400 0.005304401 0.133961275 2.182960510 -0.005648173 0.999981582 0.002186298 -2.464728832 -0.133947223 -0.002923198 0.990984142 92.551544189
0.989256501 0.005264250 0.146094486 2.279835701 -0.005594925 0.999982655 0.001852626 -2.477613688 -0.146082208 -0.002650110 0.989268899 93.090560913
0.987552762 0.005186664 0.157202661 2.384416580 -0.005597450 0.999981999 0.002170481 -2.498240709 -0.157188550 -0.003023398 0.987563968 93.635314941
0.985900342 0.004458664 0.167273745 2.497099876 -0.004884575 0.999985754 0.002134841 -2.505312204 -0.167261884 -0.002921802 0.985908091 94.174903870
0.983743489 0.004326979 0.179526716 2.626839638 -0.004750935 0.999986827 0.001931637 -2.519313812 -0.179515988 -0.002753155 0.983751059 94.697792053
0.981230974 0.004277691 0.192788795 2.739772797 -0.004732639 0.999986947 0.001899361 -2.532420635 -0.192778170 -0.002776112 0.981238425 95.245590210
0.979199350 0.004047377 0.202860519 2.867620468 -0.004476733 0.999988616 0.001657703 -2.542595625 -0.202851504 -0.002531374 0.979206264 95.777717590
0.976339519 0.004708265 0.216192186 3.009117126 -0.005336776 0.999983072 0.002323485 -2.562252045 -0.216177583 -0.003422280 0.976348102 96.302856445
0.973367333 0.003313089 0.229227126 3.153987885 -0.003855801 0.999990642 0.001919721 -2.573898792 -0.229218602 -0.002752447 0.973371089 96.807189941
0.970593333 0.003470968 0.240700200 3.298171997 -0.004061231 0.999989748 0.001956252 -2.586322784 -0.240690932 -0.002876264 0.970597625 97.352691650
0.967482805 0.003078617 0.252918124 3.453670502 -0.003581782 0.999992371 0.001529026 -2.596713543 -0.252911478 -0.002385204 0.967486501 97.870018005
0.963779628 0.003062569 0.266682327 3.610555649 -0.003774086 0.999990582 0.002155549 -2.626142740 -0.266673207 -0.003083956 0.963782072 98.391128540
0.960328043 0.002725384 0.278859615 3.785743713 -0.003261587 0.999993622 0.001458894 -2.635906219 -0.278853893 -0.002310541 0.960330844 98.910820007
0.956897438 0.003109557 0.290409267 3.962100983 -0.003709894 0.999992073 0.001516677 -2.650696754 -0.290402234 -0.002528692 0.956901312 99.451843262
0.952659786 0.002036960 0.304031581 4.141231537 -0.002847209 0.999993503 0.002221725 -2.667475224 -0.304025114 -0.002982189 0.952659309 99.938514709
0.948470950 0.001040621 0.316862255 4.346021652 -0.001844882 0.999995768 0.002238198 -2.685151339 -0.316858590 -0.002707439 0.948468864 100.428192139
0.944455028 0.000827874 0.328639627 4.541872025 -0.001637908 0.999996245 0.002187990 -2.694461823 -0.328636587 -0.002604740 0.944452882 100.961837769
0.939747810 0.000489187 0.341867983 4.750965118 -0.001218666 0.999997437 0.001919023 -2.705609798 -0.341866136 -0.002220020 0.939746082 101.484878540
0.934567273 0.000664212 0.355785877 4.973096848 -0.001316088 0.999997914 0.001590175 -2.717269897 -0.355784059 -0.001954371 0.934566140 102.000083923
0.929827213 0.000053642 0.367996365 5.190723419 -0.000951973 0.999996960 0.002259611 -2.738946199 -0.367995143 -0.002451370 0.929824471 102.495956421
0.925406218 -0.000859576 0.378975540 5.431102753 0.000573314 0.999999464 0.000868200 -2.740710974 -0.378976077 -0.000586166 0.925406277 103.001541138
0.919335783 -0.001663364 0.393470436 5.655815125 0.000950303 0.999997556 0.002007044 -2.762133121 -0.393472791 -0.001471231 0.919335067 103.492164612
0.913452864 -0.001505911 0.406941652 5.895126343 0.000815627 0.999997854 0.001869729 -2.773714542 -0.406943560 -0.001375997 0.913452268 103.989112854
0.908487499 -0.001785341 0.417908221 6.143577576 0.000986032 0.999997199 0.002128550 -2.794123650 -0.417910844 -0.001521690 0.908486784 104.470542908
0.902251720 -0.002190594 0.431204170 6.416667938 0.001388199 0.999996662 0.002175493 -2.806658506 -0.431207538 -0.001364245 0.902251720 104.979736328
0.895611823 -0.003347985 0.444823831 6.668594360 0.002677978 0.999994159 0.002134637 -2.819554090 -0.444828361 -0.000720578 0.895615578 105.441307068
0.889607072 -0.004066552 0.456708401 6.948703766 0.003354448 0.999991536 0.002369952 -2.837062359 -0.456714213 -0.000576322 0.889613271 105.926528931
0.883953512 -0.004489048 0.467553139 7.213428497 0.003645013 0.999989688 0.002709809 -2.850820065 -0.467560440 -0.000691108 0.883960962 106.400863647
0.876646638 -0.004612988 0.481112629 7.484489441 0.004132456 0.999989271 0.002058220 -2.861073971 -0.481116980 0.000183845 0.876656353 106.871543884
0.869688749 -0.005274946 0.493572295 7.780063629 0.004871539 0.999985874 0.002103338 -2.875307083 -0.493576467 0.000575207 0.869702220 107.332733154
