1.000000000 0.000000000 0.000000000 0.000000000 0.000000000 1.000000000 0.000000000 0.000000000 0.000000000 0.000000000 1.000000000 0.000000000
1.000000000 0.000044500 0.000137276 -0.000877233 -0.000044503 1.000000000 0.000022008 -0.000132165 -0.000137275 -0.000022014 1.000000000 -0.000177761
1.000000000 0.000101115 0.000167766 -0.001570128 -0.000101125 1.000000000 0.000061715 0.000680993 -0.000167759 -0.000061732 1.000000000 0.001508658
1.000000000 0.000190925 -0.000003458 0.000083338 -0.000190925 0.999999940 0.000165003 -0.001199090 0.000003489 -0.000165002 1.000000000 -0.000470510
0.999999940 0.000236567 0.000130847 -0.001040412 -0.000236580 0.999999940 0.000102076 -0.000228906 -0.000130822 -0.000102107 1.000000000 0.000151937
1.000000000 -0.000029419 -0.000005520 -0.000511413 0.000029419 1.000000000 0.000066094 -0.000024798 0.000005518 -0.000066094 1.000000000 -0.000526307
1.000000000 0.000088402 0.000154413 -0.002354183 -0.000088397 1.000000000 -0.000034436 0.001613917 -0.000154416 0.000034422 1.000000000 0.003517801
1.000000000 -0.000064498 0.000176381 -0.001438430 0.000064480 1.000000000 0.000099193 0.000596188 -0.000176388 -0.000099182 1.000000000 0.003148752
1.000000000 -0.000003741 0.000160156 -0.001313604 0.000003750 1.000000000 -0.000059671 0.001452304 -0.000160156 0.000059671 1.000000000 0.002429038
1.000000000 -0.000015110 0.000204123 -0.001255189 0.000015107 1.000000000 0.000018000 0.000317613 -0.000204123 -0.000017997 1.000000000 0.000225572
1.000000000 -0.000105371 0.000204675 -0.001124348 0.000105369 1.000000000 0.000008587 0.001483928 -0.000204676 -0.000008566 1.000000000 0.002686868
1.000000000 0.000012242 0.000090009 -0.000537621 -0.000012247 1.000000000 0.000053752 -0.000010139 -0.000090009 -0.000053753 1.000000000 0.000672131
1.000000000 0.000029971 0.000170469 -0.001572345 -0.000029970 1.000000000 -0.000009120 0.001702146 -0.000170469 0.000009115 1.000000000 0.004225179
0.999999940 -0.000057180 0.000269300 -0.002542594 0.000057144 1.000000000 0.000133117 0.001125065 -0.000269307 -0.000133102 0.999999940 0.003947176
1.000000000 0.000028090 0.000162406 -0.002166793 -0.000028101 1.000000000 0.000070706 0.001181824 -0.000162404 -0.000070711 1.000000000 0.003632477
1.000000000 0.000088620 0.000116783 -0.001213964 -0.000088631 1.000000000 0.000098189 0.000135334 -0.000116774 -0.000098200 1.000000000 0.001462998
1.000000000 -0.000070127 0.000077188 -0.001801222 0.000070126 1.000000000 0.000008029 0.001115078 -0.000077188 -0.000008023 1.000000000 0.003408805
0.999999940 0.000169369 0.000354467 -0.003375318 -0.000169381 1.000000000 0.000034728 0.001358413 -0.000354461 -0.000034788 0.999999940 0.004469350
0.999999940 0.000178255 0.000281896 -0.003149913 -0.000178273 1.000000000 0.000063780 0.000582777 -0.000281884 -0.000063830 0.999999940 0.003000447
0.999999940 0.000193172 0.000202283 -0.002268330 -0.000193183 1.000000000 0.000056423 0.000999087 -0.000202272 -0.000056462 1.000000000 0.003795674
0.999999881 0.000367686 0.000315310 -0.003212254 -0.000367739 0.999999940 0.000168510 0.000596427 -0.000315248 -0.000168626 0.999999940 0.003710738
0.999999821 0.000448023 0.000350376 -0.003708710 -0.000448024 0.999999881 0.000004379 0.001379100 -0.000350374 -0.000004536 0.999999940 0.003768913
1.000000000 -0.000044941 0.000148517 -0.001920440 0.000044931 1.000000000 0.000066050 0.001169225 -0.000148520 -0.000066043 1.000000000 0.003267618
0.999999940 0.000091995 0.000317270 -0.001647866 -0.000092026 1.000000000 0.000096594 -0.000000721 -0.000317261 -0.000096623 0.999999940 0.001828135
0.999999940 0.000130230 0.000279327 -0.002246478 -0.000130241 1.000000000 0.000036233 0.000334923 -0.000279322 -0.000036269 0.999999940 0.000273631
1.000000000 0.000059996 0.000235194 -0.001038914 -0.000059981 1.000000000 -0.000061723 0.001534154 -0.000235198 0.000061708 1.000000000 0.002182318
0.999999940 0.000129902 0.000283604 -0.002044913 -0.000129923 1.000000000 0.000074940 0.000067519 -0.000283594 -0.000074977 0.999999940 0.000591739
0.999999940 0.000083759 0.000261011 -0.001527462 -0.000083757 1.000000000 -0.000008052 0.001101673 -0.000261012 0.000008030 0.999999940 0.002194677
0.999999881 0.000262043 0.000350016 -0.003082284 -0.000262029 0.999999940 -0.000038331 0.001061692 -0.000350026 0.000038240 0.999999940 0.001218519
0.999999940 0.000121699 0.000322214 -0.003621131 -0.000121703 1.000000000 0.000012808 0.001804294 -0.000322213 -0.000012847 0.999999940 0.003624761
0.999999940 0.000181543 0.000329777 -0.003004379 -0.000181566 1.000000000 0.000070709 0.000994019 -0.000329764 -0.000070769 0.999999940 0.003035636
0.999999940 0.000096999 0.000296626 -0.002293187 -0.000097025 1.000000000 0.000085982 0.000555820 -0.000296618 -0.000086011 0.999999940 0.001566339
0.999999881 0.000235028 0.000380346 -0.003916339 -0.000235023 1.000000000 -0.000013909 0.001939946 -0.000380349 0.000013819 0.999999940 0.003824705
0.999999881 0.000235650 0.000444793 -0.003014216 -0.000235650 1.000000000 -0.000000508 0.001568287 -0.000444793 0.000000403 0.999999881 0.003320458
0.999999940 0.000132095 0.000269216 -0.000967011 -0.000132129 1.000000000 0.000127158 -0.000354942 -0.000269199 -0.000127193 0.999999940 0.000233650
0.999999881 0.000244626 0.000376271 -0.003250708 -0.000244598 0.999999940 -0.000073581 0.003230958 -0.000376289 0.000073489 0.999999940 0.005509867
0.999999940 0.000161047 0.000304589 -0.003347860 -0.000161026 1.000000000 -0.000067637 0.004411429 -0.000304600 0.000067588 0.999999940 0.007044065
0.999999940 -0.000133510 0.000264066 -0.001228662 0.000133508 1.000000000 0.000008211 0.001504348 -0.000264067 -0.000008176 0.999999940 0.002762557
0.999999940 0.000183995 0.000309167 -0.002077859 -0.000184038 1.000000000 0.000140807 0.000906823 -0.000309141 -0.000140864 0.999999940 0.002746623
0.999999940 -0.000036235 0.000265112 -0.001925355 0.000036227 1.000000000 0.000029041 0.001700311 -0.000265113 -0.000029032 0.999999940 0.003133073
0.999999881 0.000088629 0.000450057 -0.003031252 -0.000088624 1.000000000 -0.000010898 0.001631067 -0.000450058 0.000010858 0.999999881 0.004792806
0.999999940 -0.000316321 0.000201856 0.000671694 0.000316484 0.999999642 -0.000812137 0.000858033 -0.000201599 0.000812200 0.999999642 0.055151768
0.999999881 0.000274901 0.000368616 -0.001447735 -0.000274487 0.999999344 -0.001124630 -0.005664730 -0.000368924 0.001124529 0.999999285 0.133166879
1.000000000 0.000208400 0.000109187 0.002788619 -0.000208210 0.999998450 -0.001744817 -0.002628464 -0.000109551 0.001744795 0.999998450 0.255984604
0.999999940 0.000246321 0.000054355 0.005079252 -0.000246255 0.999999225 -0.001220839 -0.011772774 -0.000054656 0.001220825 0.999999225 0.386420488
1.000000000 0.000184561 0.000141819 0.008546751 -0.000184419 0.999999464 -0.000995583 -0.016939765 -0.000142003 0.000995557 0.999999523 0.524687529
0.999999940 0.000381984 0.000113886 0.012599817 -0.000381882 0.999999523 -0.000895346 -0.025046907 -0.000114228 0.000895302 0.999999583 0.666915655
0.999999881 0.000354813 0.000353057 0.015968468 -0.000354463 0.999999464 -0.000991319 -0.024310157 -0.000353409 0.000991194 0.999999464 0.839883268
1.000000000 0.000101891 0.000068681 0.017617522 -0.000101839 0.999999702 -0.000755558 -0.027700128 -0.000068758 0.000755551 0.999999702 1.013954878
1.000000000 -0.000039050 -0.000060324 0.022668013 0.000039028 0.999999940 -0.000357532 -0.033721596 0.000060338 0.000357529 0.999999940 1.192158222
0.999999762 0.000535754 0.000411887 0.015974522 -0.000535446 0.999999583 -0.000748363 -0.032794524 -0.000412288 0.000748142 0.999999642 1.370964766
1.000000000 0.000116762 0.000069894 0.036050122 -0.000116764 1.000000000 0.000032463 -0.051607378 -0.000069891 -0.000032471 1.000000000 1.567832589
0.999999762 0.000537096 0.000374392 0.036359411 -0.000537046 0.999999821 -0.000133741 -0.051820677 -0.000374463 0.000133540 0.999999940 1.761127591
0.999999940 0.000353348 -0.000062933 0.040383205 -0.000353384 0.999999762 -0.000573823 -0.048792876 0.000062730 0.000573845 0.999999821 1.951421261
0.999997914 0.002011540 0.000328381 0.045055721 -0.002011257 0.999997616 -0.000862050 -0.061049301 -0.000330114 0.000861387 0.999999583 2.133984327
0.999997616 0.002181495 0.000236563 0.049100652 -0.002181218 0.999996960 -0.001166362 -0.064483866 -0.000239107 0.001165843 0.999999344 2.348578453
0.999996126 0.002757641 0.000135803 0.054397881 -0.002757543 0.999995887 -0.000724535 -0.076453015 -0.000137801 0.000724158 0.999999702 2.575673580
0.999997139 0.002382061 0.000205526 0.057358723 -0.002381930 0.999996960 -0.000634755 -0.082826525 -0.000207038 0.000634263 0.999999702 2.810695648
0.999997199 0.002356764 0.000126626 0.065573178 -0.002356692 0.999997139 -0.000570222 -0.089921191 -0.000127969 0.000569922 0.999999821 3.035814762
0.999997556 0.002183699 -0.000283197 0.073126212 -0.002183955 0.999997199 -0.000907265 -0.092837922 0.000281215 0.000907881 0.999999523 3.276981354
0.999996960 0.002470956 0.000108019 0.075265504 -0.002470903 0.999996841 -0.000488359 -0.104184426 -0.000109226 0.000488091 0.999999881 3.526775122
0.999996603 0.002620982 0.000096344 0.082901046 -0.002620931 0.999996483 -0.000517415 -0.110941976 -0.000097700 0.000517160 0.999999881 3.779102802
0.999997556 0.002196770 0.000005362 0.085561566 -0.002196766 0.999997377 -0.000656269 -0.114339463 -0.000006804 0.000656256 0.999999821 4.041815281
0.999996185 0.002710928 0.000426905 0.085035995 -0.002710646 0.999996066 -0.000659353 -0.118330300 -0.000428691 0.000658194 0.999999702 4.303370953
0.999996841 0.002494294 0.000321579 0.090047672 -0.002494050 0.999996603 -0.000756420 -0.122511491 -0.000323465 0.000755615 0.999999642 4.552768707
0.999995768 0.002871038 0.000458789 0.096412808 -0.002870667 0.999995530 -0.000806929 -0.130807430 -0.000461104 0.000805609 0.999999583 4.802583694
0.999997079 0.002404768 0.000336634 0.102862552 -0.002404503 0.999996841 -0.000785067 -0.135664329 -0.000338521 0.000784255 0.999999642 5.076008320
0.999997377 0.002273441 0.000333164 0.107085139 -0.002273171 0.999997020 -0.000808735 -0.146233886 -0.000335002 0.000807976 0.999999583 5.332005024
0.999996483 0.002621509 0.000394526 0.114724889 -0.002621281 0.999996424 -0.000576371 -0.158306897 -0.000396036 0.000575335 0.999999762 5.610948563
0.999996543 0.002588394 0.000426323 0.118639171 -0.002588187 0.999996483 -0.000486955 -0.166888535 -0.000427582 0.000485850 0.999999821 5.881102085
0.999996603 0.002571501 0.000350943 0.127865389 -0.002571427 0.999996722 -0.000211402 -0.177560598 -0.000351485 0.000210499 0.999999881 6.156558037
0.999996066 0.002801780 0.000136480 0.133311570 -0.002801707 0.999995947 -0.000530883 -0.182428926 -0.000137967 0.000530498 0.999999821 6.443888664
0.999996305 0.002665741 0.000369635 0.135216415 -0.002665540 0.999996245 -0.000545246 -0.196457997 -0.000371087 0.000544258 0.999999762 6.732151985
0.999994874 0.003163420 0.000591373 0.137538984 -0.003162993 0.999994695 -0.000721940 -0.202564746 -0.000593654 0.000720065 0.999999523 7.036523819
0.999995947 0.002824791 0.000287800 0.148509994 -0.002824564 0.999995708 -0.000784651 -0.210518166 -0.000290015 0.000783835 0.999999583 7.330871105
0.999995410 0.002910283 0.000802383 0.150533438 -0.002909549 0.999995351 -0.000915182 -0.218020678 -0.000805043 0.000912844 0.999999285 7.646854401
0.999995947 0.002726021 0.000734076 0.155731812 -0.002725856 0.999996185 -0.000225849 -0.238828242 -0.000734689 0.000223847 0.999999702 7.947472572
0.999993622 0.003281851 0.001417633 0.157049343 -0.003280795 0.999994278 -0.000746051 -0.240756437 -0.001420073 0.000741395 0.999998748 8.277068138
0.999993563 0.003311893 0.001417968 0.163015887 -0.003310913 0.999994218 -0.000692322 -0.252931565 -0.001420253 0.000687622 0.999998748 8.603901863
0.999994576 0.003143925 0.001004586 0.172581568 -0.003143771 0.999995053 -0.000154812 -0.269873559 -0.001005068 0.000151653 0.999999464 8.941202164
0.999994695 0.003136842 0.000903030 0.187886626 -0.003137291 0.999994934 0.000496790 -0.290141433 -0.000901467 -0.000499620 0.999999464 9.265875816
0.999993861 0.003326720 0.001130837 0.191518620 -0.003327292 0.999994278 0.000504068 -0.299960196 -0.001129153 -0.000507828 0.999999285 9.612904549
0.999995291 0.002901874 0.001032795 0.202850401 -0.002902367 0.999995649 0.000476360 -0.307403028 -0.001031409 -0.000479356 0.999999344 9.959005356
0.999996364 0.002612141 0.000704963 0.205693543 -0.002612631 0.999996364 0.000695179 -0.318280846 -0.000703144 -0.000697018 0.999999523 10.315072060
0.999995410 0.002853991 0.001060463 0.212445587 -0.002854871 0.999995530 0.000829030 -0.332367718 -0.001058093 -0.000832054 0.999999106 10.670727730
0.999995589 0.002752706 0.001162756 0.215927497 -0.002753287 0.999996006 0.000498307 -0.337447703 -0.001161380 -0.000501506 0.999999225 11.041582108
0.999994397 0.002997962 0.001465359 0.218311101 -0.002998361 0.999995470 0.000270789 -0.345922917 -0.001464541 -0.000275181 0.999998808 11.423784256
0.999994934 0.002788773 0.001543516 0.229539782 -0.002789372 0.999996066 0.000385802 -0.356549591 -0.001542434 -0.000390105 0.999998748 11.799998283
0.999993920 0.002947684 0.001850231 0.229172081 -0.002948432 0.999995530 0.000401072 -0.369715661 -0.001849041 -0.000406524 0.999998152 12.188483238
0.999994338 0.002680707 0.002000600 0.239055187 -0.002680828 0.999996364 0.000057422 -0.378879517 -0.002000438 -0.000062785 0.999998033 12.583922386
0.999993384 0.003128104 0.001863731 0.246032462 -0.003128957 0.999994993 0.000454691 -0.389004827 -0.001862300 -0.000460520 0.999998152 12.978466034
0.999993503 0.003059875 0.001892030 0.258096248 -0.003060541 0.999995232 0.000349175 -0.401854217 -0.001890952 -0.000354963 0.999998093 13.380985260
0.999993026 0.002872425 0.002396143 0.263801783 -0.002873532 0.999995708 0.000458581 -0.411962032 -0.002394816 -0.000465463 0.999996960 13.789657593
0.999993742 0.002652606 0.002337616 0.271448433 -0.002653947 0.999996305 0.000570891 -0.424827993 -0.002336094 -0.000577092 0.999997020 14.215867996
0.999993324 0.002827491 0.002315611 0.285967469 -0.002828133 0.999995947 0.000273926 -0.435474247 -0.002314827 -0.000280473 0.999997258 14.634985924
0.999993086 0.002689104 0.002563986 0.293843448 -0.002692191 0.999995768 0.001201326 -0.456377327 -0.002560745 -0.001208220 0.999996006 15.057892799
0.999992371 0.002838314 0.002684926 0.305490345 -0.002840591 0.999995589 0.000844482 -0.463470906 -0.002682518 -0.000852103 0.999996006 15.497845650
0.999992609 0.002405845 0.002994796 0.317613840 -0.002407579 0.999996960 0.000575322 -0.473055840 -0.002993403 -0.000582528 0.999995351 15.936679840
0.999991119 0.002542956 0.003395126 0.325806320 -0.002545729 0.999996424 0.000812351 -0.486064792 -0.003393049 -0.000820986 0.999993920 16.378805161
0.999988377 0.003014289 0.003770321 0.333498001 -0.003016720 0.999995232 0.000639264 -0.499342680 -0.003768376 -0.000650630 0.999992669 16.830966949
0.999987602 0.003011124 0.003953036 0.344288141 -0.003014237 0.999995172 0.000781588 -0.512625039 -0.003950663 -0.000793493 0.999991894 17.290107727
0.999985874 0.003061216 0.004341401 0.353238285 -0.003065867 0.999994695 0.001065092 -0.526671767 -0.004338120 -0.001078387 0.999989986 17.754909515
0.999985158 0.002904422 0.004604591 0.366498768 -0.002908449 0.999995410 0.000868185 -0.537256658 -0.004602049 -0.000881564 0.999988973 18.218751907
0.999985874 0.002554730 0.004655814 0.380900085 -0.002560459 0.999996006 0.001224974 -0.550955653 -0.004652665 -0.001236878 0.999988437 18.695430756
0.999983370 0.002726662 0.005077914 0.391605079 -0.002730931 0.999995947 0.000834132 -0.561171830 -0.005075621 -0.000847986 0.999986768 19.156562805
0.999985337 0.002560967 0.004778141 0.411048949 -0.002564939 0.999996424 0.000825348 -0.575266361 -0.004776010 -0.000837591 0.999988317 19.627193451
0.999983847 0.002567096 0.005076259 0.413653761 -0.002571612 0.999996305 0.000883161 -0.586086452 -0.005073973 -0.000896201 0.999986708 20.123647690
0.999979615 0.003429142 0.005382263 0.423522174 -0.003432356 0.999993980 0.000588013 -0.597886801 -0.005380215 -0.000606475 0.999985278 20.621355057
0.999980450 0.003452484 0.005218892 0.435097277 -0.003452699 0.999994099 0.000032188 -0.598958075 -0.005218750 -0.000050207 0.999986410 21.130777359
0.999985635 0.003195231 0.004301200 0.448669761 -0.003199414 0.999994338 0.000966074 -0.628263175 -0.004298091 -0.000979821 0.999990284 21.646543503
0.999983013 0.003674163 0.004512409 0.456486523 -0.003681525 0.999991834 0.001624342 -0.649538577 -0.004506405 -0.001640927 0.999988556 22.153646469
0.999982119 0.004110598 0.004334134 0.469604313 -0.004120255 0.999989033 0.002221785 -0.667753220 -0.004324954 -0.002239603 0.999988139 22.652896881
0.999986827 0.003766810 0.003469836 0.472317964 -0.003770975 0.999992192 0.001194682 -0.675126016 -0.003465309 -0.001207751 0.999993265 23.192348480
0.999990165 0.003478856 0.002728819 0.483511388 -0.003480425 0.999993801 0.000570414 -0.687823594 -0.002726818 -0.000579906 0.999996126 23.715700150
0.999993145 0.002812231 0.002384739 0.489481568 -0.002813545 0.999995887 0.000547858 -0.703025758 -0.002383188 -0.000554565 0.999997020 24.246440887
0.999991655 0.003555418 0.001981443 0.493832171 -0.003556018 0.999993563 0.000299066 -0.710803628 -0.001980368 -0.000306109 0.999998033 24.792909622
0.999989867 0.004307094 0.001282854 0.510041654 -0.004308623 0.999989927 0.001191583 -0.734690487 -0.001277710 -0.001197098 0.999998450 25.317901611
0.999988854 0.004616465 0.001070787 0.518554807 -0.004617744 0.999988616 0.001193906 -0.748767257 -0.001065264 -0.001198837 0.999998748 25.868438721
0.999990404 0.004369211 0.000316015 0.527648926 -0.004369583 0.999989748 0.001184938 -0.764260232 -0.000310833 -0.001186307 0.999999225 26.414510727
0.999991298 0.004146253 0.000437156 0.533275008 -0.004146883 0.999990344 0.001450312 -0.775728822 -0.000431138 -0.001452112 0.999998808 26.965326309
0.999992371 0.003852766 0.000693443 0.527546942 -0.003853617 0.999991834 0.001230458 -0.781073153 -0.000688695 -0.001233121 0.999998987 27.539541245
0.999991000 0.004220570 -0.000495646 0.550856113 -0.004219704 0.999989569 0.001734709 -0.811157167 0.000502962 -0.001732602 0.999998391 28.065616608
0.999991000 0.004235982 -0.000364754 0.556295037 -0.004235202 0.999988735 0.002119213 -0.825779080 0.000373727 -0.002117649 0.999997735 28.613628387
0.999989390 0.004577794 -0.000572099 0.568937302 -0.004576658 0.999987602 0.001970066 -0.840626180 0.000581111 -0.001967427 0.999997914 29.151542664
0.999988437 0.004624560 -0.001257037 0.579491735 -0.004621750 0.999986827 0.002230058 -0.859165967 0.001267332 -0.002224223 0.999996722 29.714429855
0.999987900 0.004712942 -0.001410039 0.583636701 -0.004709848 0.999986529 0.002189251 -0.871173143 0.001420337 -0.002182584 0.999996603 30.264574051
0.999986172 0.005010757 -0.001591886 0.594602942 -0.005007488 0.999985337 0.002051684 -0.885989070 0.001602143 -0.002043684 0.999996603 30.820272446
0.999987125 0.004679586 -0.001953748 0.608112454 -0.004675431 0.999986827 0.002126311 -0.901390016 0.001963673 -0.002117149 0.999995828 31.366834641
0.999984384 0.005161210 -0.002121688 0.614186585 -0.005156705 0.999984443 0.002123464 -0.915088415 0.002132615 -0.002112490 0.999995470 31.920766830
0.999987006 0.004829808 -0.001626853 0.618311465 -0.004826711 0.999986589 0.001901300 -0.925316453 0.001636013 -0.001893423 0.999996901 32.477119446
0.999983907 0.005258827 -0.002088815 0.626878440 -0.005254415 0.999983907 0.002112589 -0.940645218 0.002099890 -0.002101579 0.999995589 33.013412476
0.999981284 0.005665772 -0.002259876 0.634048998 -0.005661032 0.999981761 0.002098305 -0.957371533 0.002271723 -0.002085473 0.999995232 33.555313110
0.999980092 0.005773358 -0.002550829 0.646257758 -0.005767826 0.999980927 0.002170289 -0.971456945 0.002563311 -0.002155533 0.999994397 34.114498138
0.999981999 0.005235774 -0.002925895 0.656024635 -0.005228010 0.999982774 0.002654387 -0.992025375 0.002939743 -0.002639043 0.999992192 34.652420044
0.999980688 0.005513727 -0.002876852 0.661097884 -0.005506808 0.999981940 0.002407070 -1.003083467 0.002890073 -0.002391181 0.999992967 35.209972382
0.999982059 0.005648912 -0.001985140 0.662452936 -0.005644370 0.999981463 0.002285827 -1.013580084 0.001998016 -0.002274581 0.999995470 35.761802673
0.999974370 0.006866399 -0.002049785 0.667758226 -0.006861812 0.999973953 0.002236204 -1.032370806 0.002065086 -0.002222082 0.999995410 36.306060791
0.999979198 0.005538754 -0.003280018 0.689410031 -0.005531716 0.999982297 0.002151586 -1.045835614 0.003291876 -0.002133397 0.999992311 36.874130249
0.999970555 0.005819908 -0.004986796 0.706124187 -0.005811224 0.999981523 0.001754313 -1.058506370 0.004996914 -0.001725282 0.999986053 37.413997650
0.999976218 0.005733231 -0.003825634 0.709580123 -0.005727100 0.999982238 0.001611472 -1.068418264 0.003834805 -0.001589523 0.999991357 37.990741730
0.999978960 0.005301005 -0.003729042 0.717125058 -0.005295018 0.999984682 0.001613326 -1.081740499 0.003737537 -0.001593546 0.999991715 38.535907745
0.999977052 0.005708882 -0.003638694 0.722849965 -0.005703680 0.999982655 0.001438177 -1.095301270 0.003646841 -0.001417390 0.999992371 39.089519501
0.999974847 0.005805827 -0.004072074 0.734731197 -0.005797239 0.999980867 0.002117597 -1.117509604 0.004084291 -0.002093937 0.999989450 39.635185242
0.999974012 0.006244177 -0.003599609 0.744840562 -0.006236786 0.999978364 0.002060996 -1.130555391 0.003612400 -0.002038493 0.999991357 40.181030273
0.999971390 0.006276405 -0.004218673 0.768933654 -0.006264717 0.999976456 0.002778070 -1.156902432 0.004236011 -0.002751561 0.999987245 40.726211548
0.999972582 0.005900290 -0.004466730 0.767506063 -0.005890337 0.999980092 0.002237874 -1.166493058 0.004479845 -0.002211502 0.999987543 41.309474945
0.999970138 0.006182729 -0.004634642 0.782331049 -0.006169474 0.999976754 0.002868650 -1.182139874 0.004652271 -0.002839971 0.999985218 41.858772278
0.999970853 0.005880078 -0.004861110 0.799415708 -0.005867502 0.999979436 0.002597573 -1.198730350 0.004876285 -0.002568976 0.999984801 42.405704498
0.999970734 0.006364905 -0.004244628 0.781349361 -0.006355036 0.999976993 0.002335063 -1.208385110 0.004259393 -0.002308020 0.999988258 42.974189758
0.999971688 0.006156787 -0.004312376 0.791381836 -0.006147792 0.999978781 0.002096492 -1.218658209 0.004325193 -0.002069921 0.999988556 43.515647888
0.999968171 0.006833570 -0.004122770 0.801414490 -0.006823680 0.999973774 0.002408221 -1.235171318 0.004139119 -0.002380012 0.999988616 44.069343567
0.999974906 0.005831778 -0.004020581 0.795488358 -0.005822005 0.999980092 0.002438062 -1.249474287 0.004034719 -0.002414593 0.999988914 44.625301361
0.999971986 0.006537157 -0.003655531 0.803055763 -0.006529978 0.999976754 0.001972210 -1.257225990 0.003668339 -0.001948284 0.999991417 45.180686951
0.999974012 0.006646611 -0.002810913 0.808401048 -0.006641764 0.999976456 0.001729906 -1.260408163 0.002822345 -0.001711192 0.999994636 45.716197968
0.999976218 0.005711171 -0.003893828 0.820195079 -0.005700691 0.999980092 0.002697314 -1.295480490 0.003909157 -0.002675052 0.999988794 46.290061951
0.999975204 0.005773276 -0.004030024 0.832283139 -0.005762918 0.999979973 0.002577161 -1.311907768 0.004044822 -0.002553873 0.999988616 46.832336426
0.999974489 0.006353676 -0.003264835 0.834005356 -0.006346968 0.999977708 0.002060754 -1.314841509 0.003277856 -0.002039980 0.999992549 47.368560791
0.999976933 0.005859595 -0.003438569 0.825028241 -0.005852089 0.999980509 0.002188653 -1.327427864 0.003451328 -0.002168480 0.999991715 47.937568665
0.999975383 0.006410601 -0.002845050 0.826833665 -0.006404506 0.999977231 0.002146774 -1.342028260 0.002858747 -0.002128500 0.999993682 48.490482330
0.999975383 0.006276446 -0.003145397 0.836927533 -0.006269008 0.999977529 0.002369215 -1.356201530 0.003160196 -0.002349438 0.999992251 49.025005341
0.999976754 0.006369148 -0.002432726 0.834316134 -0.006363540 0.999977112 0.002306325 -1.364428043 0.002447359 -0.002290791 0.999994397 49.566688538
0.999977291 0.006254089 -0.002519502 0.839952409 -0.006247638 0.999977231 0.002560108 -1.391936541 0.002535457 -0.002544309 0.999993563 50.136875153
0.999977767 0.006319075 -0.002112443 0.844968498 -0.006312167 0.999974787 0.003261316 -1.409023881 0.002132998 -0.003247910 0.999992490 50.676689148
0.999973297 0.007255463 -0.000939724 0.835405171 -0.007252555 0.999969065 0.003062414 -1.418919802 0.000961915 -0.003055517 0.999994874 51.219959259
0.999975026 0.006504235 -0.002763509 0.867308497 -0.006497337 0.999975741 0.002497482 -1.433684587 0.002779687 -0.002479464 0.999993026 51.782154083
0.999977171 0.006240559 -0.002613950 0.873940051 -0.006235273 0.999978602 0.002025686 -1.444987178 0.002626535 -0.002009342 0.999994516 52.322986603
0.999974847 0.006588597 -0.002623622 0.886398554 -0.006582448 0.999975622 0.002345153 -1.462903500 0.002639010 -0.002327824 0.999993801 52.859931946
0.999981105 0.005538131 -0.002657737 0.890965044 -0.005532042 0.999981999 0.002293246 -1.476688981 0.002670388 -0.002278500 0.999993861 53.438190460
0.999980688 0.005590606 -0.002708657 0.896363080 -0.005584546 0.999981880 0.002239077 -1.491124988 0.002721126 -0.002223907 0.999993801 53.987667084
0.999980271 0.005973469 -0.001945350 0.902968407 -0.005969974 0.999980569 0.001797424 -1.505003810 0.001956050 -0.001785775 0.999996483 54.536312103
0.999978483 0.006081698 -0.002462794 0.910384774 -0.006076410 0.999979258 0.002149277 -1.516401291 0.002475813 -0.002134265 0.999994636 55.084110260
0.999975562 0.006762975 -0.001728349 0.907923460 -0.006759458 0.999975145 0.002032978 -1.530895114 0.001742054 -0.002021246 0.999996483 55.635673523
0.999979615 0.005968821 -0.002257824 0.925485253 -0.005964773 0.999980509 0.001795560 -1.541082978 0.002268497 -0.001782056 0.999995828 56.178718567
0.999979556 0.005903441 -0.002459032 0.932139277 -0.005898882 0.999980867 0.001856637 -1.553378344 0.002469945 -0.001842094 0.999995232 56.722259521
0.999980807 0.005667469 -0.002481008 0.955654323 -0.005662434 0.999981880 0.002031998 -1.576738477 0.002492480 -0.002017911 0.999994874 57.251785278
0.999977827 0.006273002 -0.002233708 0.956998706 -0.006268416 0.999978244 0.002053884 -1.585099459 0.002246543 -0.002039836 0.999995410 57.818729401
0.999976277 0.006465017 -0.002399420 0.963688195 -0.006461011 0.999977767 0.001673396 -1.600772142 0.002410185 -0.001657853 0.999995768 58.367336273
0.999978244 0.006105951 -0.002471047 0.977982104 -0.006101810 0.999979973 0.001679629 -1.610595345 0.002481254 -0.001664515 0.999995470 58.897186279
0.999978662 0.006143499 -0.002170945 0.982373118 -0.006140121 0.999979913 0.001558883 -1.622282386 0.002180478 -0.001545520 0.999996424 59.444713593
0.999978065 0.006258947 -0.002179075 0.987238944 -0.006256382 0.999979675 0.001183129 -1.631320953 0.002186435 -0.001169470 0.999996901 59.975383759
0.999978244 0.006313949 -0.001943645 0.995986581 -0.006312676 0.999979794 0.000660920 -1.639117241 0.001947779 -0.000648636 0.999997914 60.523014069
0.999976933 0.006478728 -0.002069210 1.010749936 -0.006476083 0.999978244 0.001282522 -1.656082869 0.002077474 -0.001269092 0.999997020 61.082073212
0.999974728 0.006653157 -0.002505228 1.024893999 -0.006649266 0.999976695 0.001558133 -1.678209782 0.002515536 -0.001541436 0.999995649 61.604568481
0.999978065 0.006034174 -0.002711526 1.044787526 -0.006028616 0.999979675 0.002053020 -1.698467493 0.002723859 -0.002036628 0.999994218 62.145381927
0.999973118 0.006920565 -0.002444548 1.053565145 -0.006916462 0.999974668 0.001682680 -1.708920360 0.002456131 -0.001665727 0.999995589 62.697666168
0.999971926 0.007016767 -0.002624015 1.058841705 -0.007012575 0.999974132 0.001603310 -1.720551848 0.002635197 -0.001584864 0.999995291 63.237445831
0.999972582 0.006977276 -0.002487663 1.065204024 -0.006973572 0.999974608 0.001494953 -1.729593635 0.002498031 -0.001477565 0.999995828 63.793487549
0.999973297 0.006906570 -0.002402697 1.070829868 -0.006902269 0.999974608 0.001793524 -1.753313422 0.002415023 -0.001776892 0.999995530 64.333084106
0.999972939 0.006925974 -0.002483990 1.085872650 -0.006922877 0.999975204 0.001253233 -1.760848045 0.002492609 -0.001236003 0.999996185 64.871833801
0.999968886 0.007334481 -0.002886658 1.090250969 -0.007331023 0.999972403 0.001207212 -1.769671321 0.002895432 -0.001186012 0.999995112 65.422576904
0.999972403 0.006925506 -0.002685501 1.102078795 -0.006923007 0.999975562 0.000938670 -1.783953667 0.002691936 -0.000920053 0.999995947 65.975814819
0.999971867 0.007207200 -0.002080362 1.110514283 -0.007205154 0.999973595 0.000989792 -1.799132228 0.002087440 -0.000974775 0.999997318 66.516967773
0.999972999 0.006823357 -0.002743666 1.124239206 -0.006822462 0.999976695 0.000335476 -1.809779406 0.002745891 -0.000316748 0.999996185 67.050064087
0.999969900 0.007279275 -0.002692514 1.122772217 -0.007276609 0.999972999 0.000998473 -1.826724052 0.002699709 -0.000978851 0.999995887 67.592811584
0.999970376 0.007223001 -0.002679917 1.130194783 -0.007220067 0.999973297 0.001102843 -1.841238141 0.002687811 -0.001083461 0.999995828 68.136543274
0.999967515 0.007734566 -0.002329841 1.138606191 -0.007729311 0.999967575 0.002256522 -1.870971322 0.002347220 -0.002238440 0.999994755 68.665672302
0.999965906 0.007761190 -0.002821311 1.151864529 -0.007758388 0.999969542 0.001003369 -1.874166131 0.002829012 -0.000981446 0.999995470 69.207618713
0.999969423 0.007290706 -0.002805089 1.159280181 -0.007288990 0.999973238 0.000621368 -1.879106641 0.002809544 -0.000600903 0.999995887 69.764350891
0.999967098 0.007728676 -0.002429724 1.164318562 -0.007726709 0.999969840 0.000817351 -1.899058104 0.002435968 -0.000798550 0.999996662 70.293395996
0.999964893 0.008089788 -0.002166487 1.168566823 -0.008088561 0.999967098 0.000575248 -1.908350110 0.002171070 -0.000557704 0.999997497 70.845695496
0.999967992 0.007648129 -0.002357925 1.177639604 -0.007646529 0.999970555 0.000687185 -1.924108148 0.002363112 -0.000669133 0.999996960 71.390296936
0.999966264 0.007720259 -0.002845519 1.194039583 -0.007719565 0.999970198 0.000254697 -1.935567021 0.002847401 -0.000232722 0.999995887 71.937988281
0.999966443 0.007791236 -0.002522757 1.196163297 -0.007789274 0.999969304 0.000786964 -1.955827117 0.002528812 -0.000767287 0.999996424 72.467193604
0.999965072 0.007965673 -0.002531070 1.205542564 -0.007963544 0.999967933 0.000850149 -1.973912001 0.002537761 -0.000829964 0.999996364 73.014732361
0.999967933 0.007716214 -0.002131787 1.209952235 -0.007714263 0.999969840 0.000921780 -1.991344333 0.002138835 -0.000905305 0.999997318 73.552253723
0.999964416 0.008170694 -0.002087162 1.214676142 -0.008168964 0.999966264 0.000835940 -2.004703760 0.002093922 -0.000818860 0.999997497 74.095848083
0.999966085 0.007949105 -0.002143671 1.227679253 -0.007947406 0.999968052 0.000800138 -2.020024061 0.002149963 -0.000783074 0.999997377 74.622238159
0.999967158 0.007720464 -0.002432622 1.241793275 -0.007717794 0.999969542 0.001105653 -2.033439159 0.002441084 -0.001086843 0.999996424 75.160873413
0.999969065 0.007569188 -0.002132522 1.245543003 -0.007566714 0.999970675 0.001165938 -2.047950029 0.002141285 -0.001149766 0.999997079 75.699920654
0.999971330 0.007133299 -0.002537788 1.262512565 -0.007131238 0.999974191 0.000819207 -2.062611580 0.002543566 -0.000801086 0.999996364 76.249221802
0.999966800 0.007601991 -0.002932339 1.271386623 -0.007600819 0.999971092 0.000409810 -2.076520681 0.002935370 -0.000387508 0.999995589 76.791343689
0.999971449 0.006777370 -0.003330106 1.290914893 -0.006775733 0.999976814 0.000502513 -2.094603777 0.003333435 -0.000479934 0.999994278 77.334045410
0.999973595 0.006795650 -0.002586030 1.288133860 -0.006794014 0.999976695 0.000640600 -2.104919910 0.002590323 -0.000623014 0.999996424 77.872810364
0.999970675 0.007085249 -0.002898163 1.302928567 -0.007081501 0.999974072 0.001301151 -2.127821684 0.002907307 -0.001280589 0.999994934 78.418472290
0.999970913 0.007241009 -0.002406029 1.308925152 -0.007239934 0.999973595 0.000454993 -2.133257389 0.002409261 -0.000437560 0.999997020 78.970596313
0.999969423 0.007376130 -0.002574027 1.314942479 -0.007372702 0.999971867 0.001338945 -2.155708551 0.002583831 -0.001319926 0.999995768 79.473220825
0.999967158 0.007708614 -0.002505360 1.320675969 -0.007704491 0.999968946 0.001651480 -2.172116756 0.002518013 -0.001632124 0.999995470 80.022720337
0.999965549 0.007945341 -0.002373350 1.330535412 -0.007943561 0.999968171 0.000758687 -2.181281328 0.002379302 -0.000739808 0.999996901 80.553031921
0.999971271 0.007464455 -0.001333209 1.340422869 -0.007463104 0.999971628 0.001015770 -2.195764303 0.001340753 -0.001005791 0.999998569 81.102706909
0.999965072 0.008354910 -0.000176664 1.347689986 -0.008354706 0.999964476 0.001120666 -2.210731268 0.000186021 -0.001119151 0.999999344 81.647300720
0.999968588 0.007858269 0.000949956 1.368233442 -0.007859324 0.999968469 0.001113686 -2.231651783 -0.000941174 -0.001121117 0.999998927 82.182518005
0.999970138 0.007391587 0.002252495 1.381704092 -0.007393781 0.999972224 0.000967412 -2.243828773 -0.002245283 -0.000984038 0.999997020 82.723236084
0.999956667 0.007704980 0.005221033 1.401837349 -0.007709055 0.999970019 0.000760680 -2.256123304 -0.005215017 -0.000800897 0.999986112 83.278137207
0.999934316 0.007795149 0.008403325 1.422505140 -0.007803038 0.999969184 0.000906359 -2.266649961 -0.008396000 -0.000971871 0.999964297 83.802772522
0.999893427 0.007682791 0.012412201 1.434442997 -0.007692728 0.999970078 0.000753119 -2.285960674 -0.012406042 -0.000848523 0.999922693 84.346694946
0.999819040 0.007460052 0.017500415 1.460319161 -0.007478983 0.999971449 0.001016558 -2.307472467 -0.017492333 -0.001147260 0.999846339 84.891685486
0.999712288 0.007586876 0.022750806 1.498599410 -0.007611990 0.999970555 0.001017513 -2.324490070 -0.022742417 -0.001190399 0.999740720 85.426727295
0.999559283 0.007575846 0.028702445 1.515477896 -0.007601116 0.999970794 0.000771392 -2.331690311 -0.028695768 -0.000989222 0.999587715 85.986251831
0.999392867 0.006915629 0.034149155 1.556683421 -0.006942047 0.999975681 0.000655083 -2.345671654 -0.034143802 -0.000891751 0.999416471 86.527099609
0.999076962 0.006746161 0.042423464 1.593395233 -0.006792713 0.999976397 0.000953249 -2.365602016 -0.042416036 -0.001240539 0.999099255 87.074485779
0.998683095 0.007341144 0.050775345 1.636310101 -0.007381614 0.999972582 0.000609560 -2.376577377 -0.050769478 -0.000983561 0.998709917 87.641609192
0.998287201 0.007693543 0.057997379 1.677160978 -0.007743028 0.999969780 0.000628525 -2.390610695 -0.057990801 -0.001076524 0.998316526 88.188735962
0.997728109 0.006620493 0.067044102 1.733006001 -0.006662233 0.999977708 0.000399011 -2.399196148 -0.067039952 -0.000844768 0.997749984 88.728042603
0.997017443 0.007118253 0.076847188 1.796337605 -0.007173896 0.999974191 0.000448046 -2.415990829 -0.076842003 -0.000998004 0.997042775 89.270553589
0.996274769 0.006458097 0.085992917 1.853665352 -0.006458259 0.999979079 -0.000276330 -2.419276237 -0.085992888 -0.000280064 0.996295691 89.822319031
0.995588660 0.006714524 0.093584701 1.924991608 -0.006722184 0.999977291 -0.000233378 -2.438259840 -0.093584143 -0.000396745 0.995611310 90.375762939
0.994566798 0.006553919 0.103893876 2.008529186 -0.006504747 0.999978483 -0.000812105 -2.448453188 -0.103896968 0.000131890 0.994588077 90.917465210
0.993323028 0.007103192 0.115146853 2.079917908 -0.007137944 0.999974489 -0.000110517 -2.471689224 -0.115144722 -0.000712133 0.993348479 91.458297729
0.992244661 0.005969892 0.124156564 2.179865837 -0.005999431 0.999981940 -0.000135964 -2.486485243 -0.124155112 -0.000609959 0.992262661 92.010986328
0.990801156 0.006173071 0.135184735 2.267766953 -0.006235921 0.999980569 0.000041472 -2.495014668 -0.135181814 -0.000884091 0.990820408 92.547698975
0.989076555 0.005411756 0.147303343 2.375201225 -0.005403263 0.999985218 -0.000457799 -2.512542963 -0.147303656 -0.000343120 0.989091277 93.120513916
0.987345517 0.005649084 0.158483148 2.478561401 -0.005662667 0.999983847 -0.000365862 -2.531939507 -0.158482641 -0.000536205 0.987361670 93.667327881
0.985658765 0.005011758 0.168676421 2.589092255 -0.005046477 0.999987185 -0.000222854 -2.545593023 -0.168675378 -0.000631564 0.985671461 94.205848694
0.983448029 0.004777138 0.181127235 2.715736389 -0.004856367 0.999988198 -0.000006058 -2.565243244 -0.181125134 -0.000873662 0.983459651 94.724670410
0.980998993 0.004515825 0.193960130 2.834237099 -0.004525953 0.999989629 -0.000390925 -2.574483633 -0.193959877 -0.000494357 0.981009305 95.256439209
0.978880525 0.004440474 0.204384968 2.958883286 -0.004391548 0.999990165 -0.000692953 -2.582553864 -0.204386026 -0.000219249 0.978890300 95.794044495
0.975925863 0.005225114 0.218039885 3.102630615 -0.005242654 0.999986112 -0.000498074 -2.603801727 -0.218039468 -0.000657025 0.975939691 96.322761536
0.973043740 0.004127764 0.230583429 3.259883881 -0.004261110 0.999991000 0.000080316 -2.625353813 -0.230581000 -0.001060692 0.973052621 96.836021423
0.970267057 0.003260519 0.242014691 3.395063400 -0.003301175 0.999994457 -0.000237505 -2.637462616 -0.242014125 -0.000568489 0.970272541 97.400512695
0.967158377 0.003597435 0.254148930 3.555921555 -0.003747387 0.999993026 0.000105873 -2.662035227 -0.254146755 -0.001054791 0.967165053 97.930610657
0.963389575 0.003733871 0.268079400 3.724224091 -0.003989080 0.999991953 0.000407330 -2.673151731 -0.268075764 -0.001461808 0.963396788 98.451492310
0.959861875 0.003447790 0.280451775 3.891220093 -0.003537111 0.999993742 -0.000187664 -2.688565254 -0.280450702 -0.000811857 0.959868073 98.984626770
0.956549108 0.002714007 0.291558474 4.069692612 -0.002699021 0.999996245 -0.000453602 -2.701440573 -0.291558653 -0.000353030 0.956552923 99.499877930
0.952347457 0.002032369 0.305008560 4.261020660 -0.001997730 0.999997914 -0.000425664 -2.710834980 -0.305008799 -0.000203945 0.952349544 100.004486084
0.947812438 0.002244523 0.318820506 4.452512741 -0.002166683 0.999997437 -0.000598795 -2.723852396 -0.318821043 -0.000123237 0.947814941 100.530311584
0.943828344 0.001685826 0.330431819 4.653856277 -0.001599451 0.999998569 -0.000533291 -2.734732151 -0.330432236 -0.000025174 0.943829775 101.049942017
0.938936770 0.001483006 0.344086349 4.851547241 -0.001382150 0.999998868 -0.000538391 -2.757563353 -0.344086826 0.000029936 0.938937902 101.561927795
0.933988035 0.000774067 0.357303321 5.076816559 -0.000627331 0.999999702 -0.000526575 -2.772169113 -0.357303619 0.000267668 0.933988333 102.043411255
0.929105997 0.001154643 0.369811743 5.296697617 -0.000869207 0.999999166 -0.000938467 -2.780402184 -0.369812578 0.000550492 0.929106236 102.579284668
0.924476504 0.000643560 0.381238580 5.532215118 -0.000000838 0.999998510 -0.001686042 -2.792355776 -0.381239176 0.001558387 0.924475193 103.085044861
0.918385983 0.000097846 0.395685732 5.752090454 0.000177405 0.999999762 -0.000659038 -2.810829878 -0.395685643 0.000675448 0.918385744 103.558090210
0.912559867 -0.000854517 0.408942163 5.996124268 0.001352208 0.999998689 -0.000927894 -2.823728085 -0.408940822 0.001399734 0.912559807 104.041290283
0.907809198 -0.000818890 0.419382721 6.245101929 0.001363183 0.999998629 -0.000998184 -2.837841988 -0.419381350 0.001477856 0.907808900 104.500152588
0.901470184 -0.001467716 0.432838529 6.509334564 0.001687203 0.999998569 -0.000123025 -2.870694637 -0.432837754 0.000841189 0.901471436 105.004455566
0.895205200 -0.001960911 0.445649594 6.786552429 0.002128857 0.999997735 0.000123733 -2.893284559 -0.445648909 0.000837958 0.895207345 105.462783813
0.889120519 -0.002600513 0.457665682 7.059329987 0.003131750 0.999994993 -0.000402047 -2.901950359 -0.457662374 0.001790763 0.889124274 105.960449219
0.883206964 -0.002842107 0.468975067 7.306671143 0.003186389 0.999994934 0.000059391 -2.914515495 -0.468972862 0.001441882 0.883211434 106.429115295
0.876107097 -0.003338092 0.482105106 7.599040985 0.003841689 0.999992609 -0.000057378 -2.928079844 -0.482101351 0.001902367 0.876113355 106.905685425
