1.000000000 0.000000000 0.000000000 0.000000000 0.000000000 1.000000000 0.000000000 0.000000000 0.000000000 0.000000000 1.000000000 0.000000000
1.000000000 0.000077624 0.000001164 0.000132089 -0.000077624 1.000000000 -0.000024232 0.000076777 -0.000001166 0.000024232 1.000000000 -0.000011748
1.000000000 0.000105846 0.000075908 -0.000449246 -0.000105849 1.000000000 0.000048193 -0.000200810 -0.000075903 -0.000048201 1.000000000 0.000292808
1.000000000 -0.000034246 0.000051885 0.000207996 0.000034247 1.000000000 -0.000018465 0.000549629 -0.000051885 0.000018467 1.000000000 0.000738839
1.000000000 -0.000047690 0.000065193 -0.000430692 0.000047687 1.000000000 0.000046974 -0.000274419 -0.000065195 -0.000046971 1.000000000 -0.000417932
1.000000000 0.000010291 0.000129240 -0.000958287 -0.000010294 1.000000000 0.000022263 0.000395215 -0.000129240 -0.000022264 1.000000000 0.000399107
1.000000000 -0.000080035 0.000082117 -0.000043430 0.000080035 1.000000000 -0.000001728 0.000022270 -0.000082117 0.000001735 1.000000000 0.000157502
1.000000000 -0.000007855 0.000061670 0.000098154 0.000007849 1.000000000 0.000092788 -0.000837763 -0.000061670 -0.000092788 1.000000000 -0.000438457
1.000000000 0.000007420 0.000016012 -0.000245271 -0.000007419 1.000000000 -0.000056848 0.000077129 -0.000016013 0.000056847 1.000000000 -0.000041507
1.000000000 0.000004975 0.000069664 0.000180289 -0.000004980 1.000000000 0.000071488 -0.001184728 -0.000069663 -0.000071488 1.000000000 -0.000282054
1.000000000 0.000074442 0.000084779 -0.000709664 -0.000074450 1.000000000 0.000089737 -0.001028522 -0.000084772 -0.000089744 1.000000000 -0.000285393
1.000000000 0.000018839 0.000084735 -0.000047027 -0.000018840 1.000000000 0.000011779 0.000140855 -0.000084735 -0.000011781 1.000000000 0.000476232
1.000000000 0.000062443 0.000025309 -0.000441041 -0.000062442 1.000000000 -0.000041775 -0.000825281 -0.000025312 0.000041773 1.000000000 -0.001244597
1.000000000 0.000063307 0.000053499 -0.000319697 -0.000063308 1.000000000 0.000023310 -0.000008331 -0.000053497 -0.000023313 1.000000000 -0.000006979
1.000000000 -0.000004450 0.000050577 -0.000457138 0.000004454 1.000000000 -0.000063767 0.000435640 -0.000050577 0.000063767 1.000000000 0.000344329
1.000000000 0.000007416 0.000004620 0.000407939 -0.000007416 1.000000000 -0.000030218 0.000825947 -0.000004620 0.000030218 1.000000000 0.001362662
1.000000000 0.000039497 0.000089362 -0.000608574 -0.000039491 1.000000000 -0.000068639 0.001119172 -0.000089365 0.000068636 1.000000000 0.001769035
1.000000000 0.000113971 0.000096404 -0.001241017 -0.000113969 1.000000000 -0.000024666 0.000167241 -0.000096407 0.000024655 1.000000000 0.000109525
0.999999940 0.000215460 0.000142803 -0.001581017 -0.000215458 1.000000000 -0.000013426 0.000473323 -0.000142806 0.000013395 1.000000000 0.001126211
1.000000000 0.000136623 0.000143478 -0.001255723 -0.000136617 1.000000000 -0.000036161 0.000846140 -0.000143483 0.000036142 1.000000000 0.001260162
1.000000000 0.000115666 0.000136572 -0.001223845 -0.000115664 1.000000000 -0.000017563 -0.000047260 -0.000136574 0.000017548 1.000000000 0.000672595
1.000000000 0.000184234 0.000125326 -0.001914260 -0.000184237 1.000000000 0.000028513 0.000334781 -0.000125320 -0.000028536 1.000000000 0.000969310
1.000000000 0.000185778 0.000048789 -0.000272092 -0.000185778 1.000000000 0.000007218 0.000579308 -0.000048787 -0.000007227 1.000000000 0.001316582
1.000000000 0.000129395 0.000081339 -0.000932370 -0.000129394 1.000000000 -0.000014950 0.000982451 -0.000081341 0.000014939 1.000000000 0.001570130
0.999999940 0.000342563 0.000053553 -0.001428904 -0.000342564 0.999999940 0.000024785 0.001202220 -0.000053545 -0.000024803 1.000000000 0.001805972
0.999999940 0.000344448 0.000112939 -0.001391704 -0.000344451 0.999999940 0.000020799 0.000896116 -0.000112932 -0.000020838 1.000000000 0.000667450
1.000000000 0.000195572 0.000142458 -0.000845450 -0.000195573 1.000000000 0.000008175 0.002101273 -0.000142457 -0.000008203 1.000000000 0.002386124
0.999999940 0.000232645 0.000190119 -0.001762136 -0.000232652 1.000000000 0.000036595 0.001094802 -0.000190111 -0.000036639 1.000000000 0.001590996
1.000000000 0.000149678 0.000070978 -0.000787139 -0.000149678 1.000000000 0.000005220 0.001721393 -0.000070977 -0.000005230 1.000000000 0.001467053
1.000000000 0.000166606 0.000127819 -0.001420492 -0.000166599 1.000000000 -0.000052096 0.001951225 -0.000127828 0.000052075 1.000000000 0.002252437
0.999999940 0.000188855 0.000196639 -0.001116889 -0.000188860 1.000000000 0.000024856 0.000936550 -0.000196634 -0.000024893 1.000000000 0.002174879
1.000000000 0.000111275 0.000144718 -0.000813511 -0.000111271 1.000000000 -0.000027525 0.001945394 -0.000144721 0.000027509 1.000000000 0.002341737
0.999999940 0.000250177 0.000076602 -0.000576904 -0.000250169 0.999999940 -0.000110678 0.002113790 -0.000076630 0.000110659 1.000000000 0.001823390
1.000000000 0.000187955 0.000150296 -0.001566189 -0.000187951 1.000000000 -0.000025365 0.001318556 -0.000150301 0.000025337 1.000000000 0.001389459
0.999999940 0.000263764 0.000212995 -0.002423471 -0.000263742 0.999999940 -0.000103416 0.001121118 -0.000213023 0.000103360 1.000000000 0.001166106
0.999999940 0.000286785 0.000202507 -0.001541128 -0.000286772 0.999999940 -0.000065187 0.001621272 -0.000202525 0.000065129 1.000000000 0.001667176
0.999999940 0.000217362 0.000147184 -0.001133808 -0.000217362 1.000000000 0.000004962 0.001356514 -0.000147183 -0.000004994 1.000000000 0.001316315
0.999999940 0.000259559 0.000099517 -0.001087307 -0.000259557 0.999999940 -0.000017473 0.002098051 -0.000099522 0.000017447 1.000000000 0.002281484
0.999999940 0.000319451 0.000175495 -0.001210399 -0.000319449 0.999999940 -0.000010027 0.001627728 -0.000175498 0.000009971 1.000000000 0.001012725
0.999999940 0.000237206 0.000120345 -0.000974691 -0.000237200 1.000000000 -0.000047751 0.002856195 -0.000120357 0.000047722 1.000000000 0.002402465
0.999999642 0.000833113 -0.000016362 -0.004800760 -0.000833113 0.999999642 0.000030789 0.000656295 0.000016388 -0.000030776 1.000000000 0.008928746
0.999999344 0.001119692 0.000159990 -0.004641937 -0.001119605 0.999999225 -0.000541366 -0.001346128 -0.000160596 0.000541187 0.999999821 0.056598611
0.999999702 0.000180384 0.000765899 -0.007715071 -0.000179941 0.999999762 -0.000578445 -0.007726531 -0.000766003 0.000578307 0.999999523 0.137337103
0.999999702 0.000178901 0.000792486 -0.006174991 -0.000178219 0.999999642 -0.000861288 -0.010901369 -0.000792640 0.000861147 0.999999285 0.251204431
0.999999642 0.000372693 0.000734520 -0.001213409 -0.000372040 0.999999523 -0.000888549 -0.012466078 -0.000734851 0.000888275 0.999999285 0.386955738
0.999999821 0.000007510 0.000663156 0.001371253 -0.000007134 0.999999881 -0.000567368 -0.020093078 -0.000663160 0.000567364 0.999999583 0.525190711
0.999999821 0.000215477 0.000601030 0.007535823 -0.000215237 0.999999821 -0.000399265 -0.026185440 -0.000601116 0.000399136 0.999999762 0.669354856
0.999999762 0.000264936 0.000716981 0.011731283 -0.000264812 0.999999940 -0.000173017 -0.029542187 -0.000717027 0.000172827 0.999999702 0.833725572
0.999999702 0.000360596 0.000686351 0.013054684 -0.000360394 0.999999881 -0.000294690 -0.034785654 -0.000686457 0.000294443 0.999999642 1.010239959
0.999999642 0.000383610 0.000648140 0.016193628 -0.000383453 0.999999881 -0.000242209 -0.038737409 -0.000648233 0.000241960 0.999999762 1.187992692
0.999999642 0.000508358 0.000647794 0.021392604 -0.000508482 0.999999821 0.000190038 -0.046516631 -0.000647697 -0.000190368 0.999999762 1.371986747
0.999999523 0.000812707 0.000468215 0.024705829 -0.000812744 0.999999642 0.000079444 -0.049748357 -0.000468151 -0.000079825 0.999999881 1.563170552
0.999999523 0.000516902 0.000822594 0.024719203 -0.000517276 0.999999702 0.000454142 -0.061868601 -0.000822359 -0.000454568 0.999999583 1.754531860
0.999999046 0.000983938 0.000994585 0.026932126 -0.000984695 0.999999285 0.000761136 -0.067867234 -0.000993835 -0.000762114 0.999999225 1.957134485
0.999999702 0.000089676 0.000744082 0.035095584 -0.000090297 0.999999583 0.000834130 -0.075170018 -0.000744007 -0.000834197 0.999999404 2.168446302
0.999999702 0.000152449 0.000665513 0.041933149 -0.000152936 0.999999702 0.000731375 -0.078793742 -0.000665401 -0.000731477 0.999999523 2.389240980
0.999999464 0.000677269 0.000755218 0.043841258 -0.000677776 0.999999583 0.000671649 -0.084904581 -0.000754763 -0.000672161 0.999999464 2.608899593
0.999999523 0.000283514 0.000922962 0.053064078 -0.000284206 0.999999702 0.000749909 -0.093462989 -0.000922749 -0.000750170 0.999999285 2.840923548
0.999999464 0.000169287 0.001003597 0.054425709 -0.000169903 0.999999821 0.000613439 -0.096980773 -0.001003493 -0.000613609 0.999999285 3.080309391
0.999999702 0.000092415 0.000723517 0.059580158 -0.000093073 0.999999583 0.000909637 -0.108262151 -0.000723433 -0.000909704 0.999999344 3.318558693
0.999999344 0.000383897 0.001038889 0.065136209 -0.000384779 0.999999523 0.000848816 -0.113156989 -0.001038563 -0.000849215 0.999999106 3.569591999
0.999999642 0.000075554 0.000836751 0.072282068 -0.000076248 0.999999642 0.000830261 -0.118590511 -0.000836688 -0.000830324 0.999999344 3.825497866
0.999999225 0.000598367 0.001057093 0.071825795 -0.000599434 0.999999225 0.001009313 -0.127772555 -0.001056488 -0.001009946 0.999998927 4.090254784
0.999998987 0.000806279 0.001226704 0.077926368 -0.000807081 0.999999464 0.000653691 -0.130824372 -0.001226176 -0.000654681 0.999999046 4.346437454
0.999999523 0.000200060 0.000946363 0.086055689 -0.000200991 0.999999404 0.000984104 -0.139707178 -0.000946166 -0.000984294 0.999999046 4.612276077
0.999999046 0.000637631 0.001240024 0.091225795 -0.000639160 0.999998987 0.001233342 -0.146445915 -0.001239236 -0.001234133 0.999998450 4.872349262
0.999998152 0.001342794 0.001407787 0.094038159 -0.001344817 0.999997973 0.001436793 -0.155687377 -0.001405854 -0.001438683 0.999997914 5.130817890
0.999997735 0.001197389 0.001767189 0.091054946 -0.001199214 0.999998689 0.001031719 -0.162938967 -0.001765952 -0.001033836 0.999997914 5.386489868
0.999997675 0.001054006 0.001872150 0.094310999 -0.001056294 0.999998689 0.001221422 -0.170980886 -0.001870859 -0.001223396 0.999997497 5.657165527
0.999996781 0.001465511 0.002072683 0.094584346 -0.001468016 0.999998212 0.001207843 -0.179720253 -0.002070909 -0.001210882 0.999997139 5.924197197
0.999995768 0.001630737 0.002415448 0.098866664 -0.001633995 0.999997735 0.001347608 -0.189849257 -0.002413246 -0.001351549 0.999996185 6.203414440
0.999997318 0.001167222 0.001999405 0.115030855 -0.001170036 0.999998271 0.001406806 -0.196365863 -0.001997760 -0.001409142 0.999996960 6.491666317
0.999996781 0.001513837 0.002044122 0.120140612 -0.001516317 0.999998093 0.001211804 -0.201624736 -0.002042284 -0.001214899 0.999997199 6.787351608
0.999996662 0.001556794 0.002060059 0.126659095 -0.001559433 0.999997973 0.001279786 -0.210270822 -0.002058062 -0.001282995 0.999997079 7.078608513
0.999997020 0.001408325 0.002056206 0.135177597 -0.001411110 0.999998093 0.001353241 -0.220248669 -0.002054297 -0.001356138 0.999996960 7.381570816
0.999997079 0.001295762 0.002068246 0.141060516 -0.001298881 0.999998093 0.001507359 -0.231434047 -0.002066289 -0.001510041 0.999996662 7.687199116
0.999996722 0.001523874 0.002054832 0.148774937 -0.001526853 0.999997795 0.001448748 -0.236145064 -0.002052620 -0.001451881 0.999996841 8.004804611
0.999996662 0.001527642 0.002043630 0.149908990 -0.001531317 0.999997199 0.001798106 -0.247659326 -0.002040877 -0.001801230 0.999996305 8.320078850
0.999996066 0.001535620 0.002351368 0.158438146 -0.001539772 0.999997258 0.001765159 -0.256110609 -0.002348651 -0.001768772 0.999995649 8.647004128
0.999995112 0.001921274 0.002472168 0.167233944 -0.001925056 0.999996960 0.001528285 -0.265674353 -0.002469224 -0.001533037 0.999995768 8.983476639
0.999994159 0.002384662 0.002475190 0.175117671 -0.002388402 0.999996006 0.001508861 -0.277744830 -0.002471582 -0.001514764 0.999995768 9.328493118
0.999992311 0.002783511 0.002754909 0.178165033 -0.002787299 0.999995172 0.001372188 -0.289878190 -0.002751076 -0.001379856 0.999995291 9.656805992
0.999992907 0.002357535 0.002934642 0.184546649 -0.002362700 0.999995649 0.001757758 -0.300169706 -0.002930485 -0.001764680 0.999994159 10.007258415
0.999992013 0.002733449 0.002909739 0.195142925 -0.002737715 0.999995291 0.001463259 -0.309121966 -0.002905726 -0.001471213 0.999994636 10.369130135
0.999992251 0.002485462 0.003062416 0.204781204 -0.002490019 0.999995768 0.001484934 -0.319065630 -0.003058712 -0.001492548 0.999994218 10.731698990
0.999993503 0.002426337 0.002709184 0.217065394 -0.002431119 0.999995410 0.001763100 -0.328988969 -0.002704894 -0.001769675 0.999994695 11.082264900
0.999993205 0.002486862 0.002720387 0.229312047 -0.002491686 0.999995351 0.001771580 -0.339849859 -0.002715969 -0.001778347 0.999994695 11.452723503
0.999992251 0.002684436 0.002929271 0.232012242 -0.002688650 0.999995351 0.001435871 -0.348864198 -0.002925402 -0.001443735 0.999994695 11.841375351
0.999991298 0.002806409 0.003067196 0.241779804 -0.002811617 0.999994636 0.001695050 -0.360635817 -0.003062423 -0.001703660 0.999993861 12.228438377
0.999992371 0.002457756 0.003012787 0.254483879 -0.002463833 0.999994934 0.002014962 -0.376853287 -0.003007819 -0.002022370 0.999993443 12.605562210
0.999990284 0.002801477 0.003395210 0.255202502 -0.002808327 0.999993980 0.002014339 -0.384410352 -0.003389546 -0.002023854 0.999992192 13.024155617
0.999993205 0.002151309 0.003000188 0.278089881 -0.002157215 0.999995768 0.001966564 -0.398406744 -0.002995945 -0.001973022 0.999993503 13.419646263
0.999989450 0.002759212 0.003671231 0.273484617 -0.002766220 0.999994338 0.001905307 -0.407268822 -0.003665953 -0.001915442 0.999991417 13.829799652
0.999988914 0.002779712 0.003798403 0.286924839 -0.002787513 0.999993980 0.002050154 -0.419963926 -0.003792681 -0.002060720 0.999990642 14.247205734
0.999986827 0.003005452 0.004152231 0.294694901 -0.003014049 0.999993324 0.002065550 -0.432128161 -0.004145996 -0.002078039 0.999989271 14.660491943
0.999986172 0.003352985 0.004048678 0.303562671 -0.003361417 0.999992311 0.002077900 -0.446341515 -0.004041679 -0.002091481 0.999989629 15.087406158
0.999986112 0.003172273 0.004215884 0.319247127 -0.003181386 0.999992609 0.002156400 -0.456915140 -0.004209012 -0.002169782 0.999988794 15.533849716
0.999984026 0.002987965 0.004803181 0.324293375 -0.002998912 0.999992907 0.002273442 -0.470135510 -0.004796355 -0.002287810 0.999985874 15.975448608
0.999981403 0.003186004 0.005195197 0.330153614 -0.003198964 0.999991775 0.002488396 -0.481190205 -0.005187225 -0.002504969 0.999983430 16.422670364
0.999977529 0.003659321 0.005627941 0.340808958 -0.003672304 0.999990582 0.002298132 -0.490396291 -0.005619479 -0.002318747 0.999981523 16.873006821
0.999978423 0.003383294 0.005629711 0.353421569 -0.003397551 0.999991059 0.002524714 -0.509032249 -0.005621119 -0.002543787 0.999980986 17.327238083
0.999978065 0.003489707 0.005634964 0.364849627 -0.003505111 0.999990165 0.002726170 -0.525590062 -0.005625395 -0.002745862 0.999980390 17.788812637
0.999975026 0.003363223 0.006216943 0.381453246 -0.003380884 0.999990284 0.002832314 -0.534615993 -0.006207356 -0.002853262 0.999976635 18.260614395
0.999976039 0.002999598 0.006241359 0.396495372 -0.003018924 0.999990702 0.003089265 -0.549287915 -0.006232034 -0.003108033 0.999975681 18.718891144
0.999972701 0.003528384 0.006489190 0.404652983 -0.003547485 0.999989390 0.002934299 -0.558250725 -0.006478768 -0.002957239 0.999974668 19.208406448
0.999967992 0.003897758 0.006985147 0.418815672 -0.003918966 0.999987721 0.003025126 -0.572025836 -0.006973271 -0.003052404 0.999971092 19.692941666
0.999969780 0.003772445 0.006789312 0.425953269 -0.003795193 0.999987245 0.003340749 -0.584145784 -0.006776622 -0.003366415 0.999971449 20.191865921
0.999967754 0.003344342 0.007320689 0.437525809 -0.003366394 0.999989808 0.003001901 -0.600893497 -0.007310575 -0.003026449 0.999968708 20.672018051
0.999969542 0.003850184 0.006798217 0.453076065 -0.003869718 0.999988377 0.002862484 -0.615979135 -0.006787117 -0.002888704 0.999972820 21.165428162
0.999972582 0.003579132 0.006481031 0.462912589 -0.003595414 0.999990344 0.002502509 -0.619956672 -0.006472012 -0.002525742 0.999975860 21.685173035
0.999976695 0.003358238 0.005935365 0.475400269 -0.003374710 0.999990463 0.002767456 -0.635316133 -0.005926015 -0.002787421 0.999978542 22.197820663
0.999978781 0.003259643 0.005645312 0.491500199 -0.003275212 0.999990880 0.002751047 -0.649754643 -0.005636293 -0.002769478 0.999980271 22.708415985
0.999976814 0.003941046 0.005548641 0.492187679 -0.003956907 0.999988079 0.002850775 -0.662803769 -0.005537339 -0.002872664 0.999980569 23.215166092
0.999982178 0.003328579 0.004934238 0.506279349 -0.003343234 0.999989986 0.002964860 -0.687878489 -0.004924320 -0.002981303 0.999983490 23.727975845
0.999986470 0.003167194 0.004105560 0.509037971 -0.003176965 0.999992132 0.002375794 -0.697678030 -0.004098002 -0.002388805 0.999988794 24.257692337
0.999981821 0.004072982 0.004451810 0.508241415 -0.004083253 0.999989033 0.002300554 -0.701758444 -0.004442391 -0.002318690 0.999987423 24.841089249
0.999985218 0.004161540 0.003485356 0.529260814 -0.004172478 0.999986351 0.003136922 -0.722915530 -0.003472255 -0.003151419 0.999988973 25.354211807
0.999984384 0.004776731 0.002883048 0.542559922 -0.004787141 0.999981999 0.003614791 -0.742889941 -0.002865729 -0.003628536 0.999989331 25.904409409
0.999986827 0.004403816 0.002628908 0.552006483 -0.004411343 0.999986172 0.002864564 -0.747863352 -0.002616256 -0.002876124 0.999992430 26.453670502
0.999988973 0.003863797 0.002642790 0.556488991 -0.003873785 0.999985337 0.003784961 -0.765635490 -0.002628127 -0.003795157 0.999989331 27.030784607
0.999989152 0.004022433 0.002343475 0.571691751 -0.004031170 0.999984920 0.003735399 -0.783605218 -0.002328415 -0.003744805 0.999990225 27.588312149
0.999984741 0.005037262 0.002278568 0.573412657 -0.005044180 0.999982655 0.003040793 -0.790991902 -0.002263211 -0.003052240 0.999992788 28.143732071
0.999983430 0.005495905 0.001703843 0.584828496 -0.005501176 0.999980032 0.003104542 -0.806162238 -0.001686746 -0.003113864 0.999993742 28.691953659
0.999985039 0.005031231 0.002127451 0.598779142 -0.005038025 0.999982297 0.003199929 -0.820218742 -0.002111313 -0.003210600 0.999992609 29.238836288
0.999988139 0.004700875 0.001251593 0.616063118 -0.004704555 0.999984562 0.002952943 -0.830467165 -0.001237693 -0.002958796 0.999994874 29.796413422
0.999988675 0.004671556 0.000940163 0.621181309 -0.004674575 0.999983847 0.003235067 -0.844899535 -0.000925036 -0.003239425 0.999994278 30.345821381
0.999988437 0.004780978 0.000496882 0.635852516 -0.004782673 0.999982595 0.003467408 -0.856956959 -0.000480296 -0.003469744 0.999993861 30.900228500
0.999989092 0.004643549 0.000474620 0.645488739 -0.004645114 0.999983609 0.003352254 -0.876109481 -0.000459045 -0.003354423 0.999994278 31.440582275
0.999989629 0.004552075 -0.000042256 0.665593207 -0.004551922 0.999984801 0.003115652 -0.877887249 0.000056438 -0.003115427 0.999995172 32.002391815
0.999986470 0.005197851 0.000059932 0.666510940 -0.005198007 0.999981999 0.002975443 -0.895867646 -0.000044465 -0.002975715 0.999995589 32.544765472
0.999985099 0.005461187 0.000216587 0.666697860 -0.005461927 0.999978662 0.003575307 -0.912881792 -0.000197058 -0.003576436 0.999993622 33.090270996
0.999988854 0.004706091 -0.000400278 0.686097622 -0.004704865 0.999984384 0.003010832 -0.927143037 0.000414441 -0.003008915 0.999995351 33.629489899
0.999991357 0.004056851 -0.000987602 0.708111346 -0.004053622 0.999986589 0.003249450 -0.937019587 0.001000771 -0.003245419 0.999994218 34.204822540
0.999987721 0.004821905 -0.001126294 0.712266684 -0.004818337 0.999983370 0.003150312 -0.955872834 0.001141466 -0.003144846 0.999994397 34.695606232
0.999986529 0.005046637 -0.001201939 0.723473668 -0.005043126 0.999983072 0.002906923 -0.969052136 0.001216590 -0.002900822 0.999995053 35.228351593
0.999988079 0.004556949 -0.001724979 0.739692867 -0.004551837 0.999985337 0.002956111 -0.984453559 0.001738425 -0.002948224 0.999994159 35.761245728
0.999986231 0.004617107 -0.002470607 0.755520582 -0.004610165 0.999985456 0.002808154 -0.997049809 0.002483536 -0.002796726 0.999992967 36.317726135
0.999989033 0.004286337 -0.001863298 0.756250203 -0.004281535 0.999987543 0.002573851 -1.006117821 0.001874307 -0.002565845 0.999994934 36.865257263
0.999983251 0.005195932 -0.002552763 0.797788978 -0.005190654 0.999984443 0.002069847 -1.011148810 0.002563479 -0.002056562 0.999994576 37.433395386
0.999985576 0.005026057 -0.001906585 0.780596972 -0.005021790 0.999984860 0.002236362 -1.033050179 0.001917796 -0.002226756 0.999995708 37.975151062
0.999986708 0.004690857 -0.002135247 0.790864110 -0.004685374 0.999985754 0.002565952 -1.049116969 0.002147254 -0.002555914 0.999994457 38.523262024
0.999981880 0.005810434 -0.001598587 0.792643189 -0.005807300 0.999981165 0.001958895 -1.054317117 0.001609940 -0.001949576 0.999996841 39.083003998
0.999985516 0.004753109 -0.002513307 0.816397667 -0.004747216 0.999985993 0.002345605 -1.068188787 0.002524422 -0.002333640 0.999994099 39.599266052
0.999985814 0.004856413 -0.002178799 0.824562550 -0.004849952 0.999983907 0.002960777 -1.085392833 0.002193143 -0.002950168 0.999993265 40.153327942
0.999984086 0.004923197 -0.002750843 0.846576035 -0.004916680 0.999985099 0.002370879 -1.100514650 0.002762474 -0.002357316 0.999993384 40.693740845
0.999982834 0.005348464 -0.002384770 0.848650277 -0.005343201 0.999983311 0.002207950 -1.114063501 0.002396540 -0.002195170 0.999994695 41.247802734
0.999983668 0.005070596 -0.002634582 0.859412014 -0.005064225 0.999984264 0.002419153 -1.128710747 0.002646808 -0.002405771 0.999993622 41.778697968
0.999982476 0.005530450 -0.002093562 0.866118431 -0.005525967 0.999982476 0.002141176 -1.139041305 0.002105368 -0.002129570 0.999995530 42.334545135
0.999981523 0.005593260 -0.002371423 0.878292918 -0.005588372 0.999982357 0.002063315 -1.154375553 0.002382921 -0.002050025 0.999995112 42.869354248
0.999980509 0.005380437 -0.003186402 0.900904715 -0.005371885 0.999981999 0.002686359 -1.182996035 0.003200799 -0.002669189 0.999991357 43.420715332
0.999983847 0.004736306 -0.003130854 0.899682164 -0.004730850 0.999987304 0.001747822 -1.184794545 0.003139093 -0.001732982 0.999993563 43.942451477
0.999982595 0.005156789 -0.002853558 0.901192844 -0.005149334 0.999983370 0.002613603 -1.204625964 0.002866989 -0.002598863 0.999992490 44.474803925
0.999984622 0.004636479 -0.003040863 0.917120993 -0.004630396 0.999987185 0.002004606 -1.209690332 0.003050119 -0.001990494 0.999993384 45.024379730
0.999984622 0.004533205 -0.003200678 0.926091194 -0.004528777 0.999988794 0.001389109 -1.220470428 0.003206939 -0.001374593 0.999993861 45.581890106
0.999984503 0.004669068 -0.003033393 0.933850408 -0.004664442 0.999988019 0.001530349 -1.233504891 0.003040503 -0.001516176 0.999994218 46.129669189
0.999985278 0.004532281 -0.002992145 0.946822762 -0.004527301 0.999988377 0.001669190 -1.252404094 0.002999676 -0.001655619 0.999994159 46.662342072
0.999985099 0.004589812 -0.002975819 0.957985520 -0.004584895 0.999988139 0.001657142 -1.261578679 0.002983390 -0.001643474 0.999994218 47.213813782
0.999985039 0.004470967 -0.003157510 0.959911823 -0.004466461 0.999989033 0.001432650 -1.274868965 0.003163881 -0.001418526 0.999993980 47.763271332
0.999985635 0.004485019 -0.002905954 0.988100946 -0.004480805 0.999988914 0.001454705 -1.296883464 0.002912446 -0.001441664 0.999994695 48.311580658
0.999984562 0.004739495 -0.002894465 0.999041915 -0.004733555 0.999986708 0.002056213 -1.314842820 0.002904172 -0.002042480 0.999993682 48.846347809
0.999981880 0.005269729 -0.002933854 1.010365009 -0.005265098 0.999984920 0.001583713 -1.324991345 0.002942157 -0.001568237 0.999994397 49.398437500
0.999983728 0.005140646 -0.002475041 1.016311646 -0.005136956 0.999985695 0.001495292 -1.340174913 0.002482693 -0.001482553 0.999995828 49.946620941
0.999977827 0.006106609 -0.002658892 1.019400835 -0.006100954 0.999979138 0.002129998 -1.358301759 0.002671843 -0.002113729 0.999994159 50.484947205
0.999978423 0.006128844 -0.002364416 1.026440859 -0.006124018 0.999979198 0.002042739 -1.372998357 0.002376887 -0.002028215 0.999995112 51.019241333
0.999979079 0.005837181 -0.002792338 1.045478940 -0.005831056 0.999980569 0.002197343 -1.393276811 0.002805111 -0.002181015 0.999993682 51.574531555
0.999977291 0.006113898 -0.002841521 1.054035425 -0.006107909 0.999979079 0.002111134 -1.403978467 0.002854368 -0.002093730 0.999993742 52.118961334
0.999975562 0.006465204 -0.002629607 1.061522365 -0.006460157 0.999977291 0.001923271 -1.422177911 0.002641981 -0.001906236 0.999994695 52.660324097
0.999978781 0.005860525 -0.002822689 1.072656155 -0.005854229 0.999980390 0.002233124 -1.437665939 0.002835721 -0.002216553 0.999993443 53.206733704
0.999983609 0.005221760 -0.002402018 1.078547120 -0.005218770 0.999985576 0.001249785 -1.446566701 0.002408510 -0.001237229 0.999996305 53.764209747
0.999976099 0.006558265 -0.002168900 1.084151864 -0.006554795 0.999977171 0.001602795 -1.465836287 0.002179361 -0.001588541 0.999996305 54.297420502
0.999974608 0.006940056 -0.001699006 1.085063577 -0.006937281 0.999974608 0.001634623 -1.479121089 0.001710308 -0.001622795 0.999997139 54.826972961
0.999973953 0.007024507 -0.001677344 1.094013929 -0.007022337 0.999974489 0.001296893 -1.490613937 0.001686410 -0.001285080 0.999997735 55.378631592
0.999975920 0.006720455 -0.001705427 1.113447905 -0.006717261 0.999975681 0.001872403 -1.513383150 0.001717970 -0.001860903 0.999996722 55.898155212
0.999974847 0.006919548 -0.001572041 1.119162321 -0.006916003 0.999973536 0.002250495 -1.529203534 0.001587572 -0.002239566 0.999996185 56.437252045
0.999972403 0.007187204 -0.001888532 1.134263515 -0.007183649 0.999972343 0.001882434 -1.544883728 0.001902009 -0.001868816 0.999996364 56.970294952
0.999973416 0.006964871 -0.002184826 1.141713977 -0.006960980 0.999974132 0.001783908 -1.561545372 0.002197194 -0.001768652 0.999996006 57.500328064
0.999976158 0.006732450 -0.001492673 1.148170233 -0.006729064 0.999974787 0.002261495 -1.572247624 0.001507860 -0.002251396 0.999996305 58.030277252
0.999975026 0.006915003 -0.001407073 1.161629915 -0.006912189 0.999974072 0.001994845 -1.584916353 0.001420831 -0.001985069 0.999996960 58.566116333
0.999973774 0.007146567 -0.001173435 1.158388376 -0.007144223 0.999972463 0.001990142 -1.595469713 0.001187625 -0.001981706 0.999997258 59.086425781
0.999976933 0.006736782 -0.000818391 1.179315090 -0.006735252 0.999975502 0.001858352 -1.608101726 0.000830889 -0.001852797 0.999997914 59.655685425
0.999972999 0.007264853 -0.001084497 1.171479225 -0.007263471 0.999972820 0.001272388 -1.622273684 0.001093710 -0.001264476 0.999998629 60.155860901
0.999971330 0.007530957 -0.000809061 1.181542277 -0.007529718 0.999970496 0.001522680 -1.630384445 0.000820504 -0.001516544 0.999998510 60.720687866
0.999970496 0.007613267 -0.001010825 1.191236019 -0.007611781 0.999969900 0.001464370 -1.654282093 0.001021942 -0.001456633 0.999998331 61.226543427
0.999970078 0.007674690 -0.001095444 1.203876257 -0.007672935 0.999969244 0.001599359 -1.667531490 0.001107685 -0.001590906 0.999998093 61.765037537
0.999973953 0.007066121 -0.001475828 1.213853240 -0.007063999 0.999974012 0.001438135 -1.683827996 0.001485952 -0.001427672 0.999997795 62.286357880
0.999970555 0.007645484 -0.000625877 1.212399364 -0.007644624 0.999969840 0.001364522 -1.695097446 0.000636290 -0.001359697 0.999998808 62.829750061
0.999972224 0.007382627 -0.000933855 1.222783804 -0.007381480 0.999971926 0.001225726 -1.703061819 0.000942879 -0.001218799 0.999998748 63.379959106
0.999970913 0.007597380 -0.000614331 1.229001284 -0.007596880 0.999970734 0.000810436 -1.717764974 0.000620471 -0.000805746 0.999999464 63.934570312
0.999969542 0.007730367 -0.001052664 1.248968840 -0.007728974 0.999969244 0.001320891 -1.743798494 0.001062841 -0.001312714 0.999998569 64.447647095
0.999968290 0.007908819 -0.000902415 1.251740217 -0.007907908 0.999968350 0.001006989 -1.754593849 0.000910350 -0.000999821 0.999999106 64.969619751
0.999967277 0.008072617 -0.000389256 1.254108429 -0.008072199 0.999966860 0.001057279 -1.770885944 0.000397778 -0.001054102 0.999999285 65.503318787
0.999965608 0.008264289 -0.000555548 1.264155626 -0.008263538 0.999964952 0.001343993 -1.785749555 0.000566636 -0.001339356 0.999998868 66.040763855
0.999963164 0.008582018 0.000042947 1.264257193 -0.008582057 0.999962628 0.000988237 -1.797087431 -0.000034466 -0.000988569 0.999999464 66.590019226
0.999964118 0.008470953 -0.000222860 1.279104233 -0.008470665 0.999963343 0.001259246 -1.817887783 0.000233518 -0.001257313 0.999999106 67.101364136
0.999964595 0.008390754 -0.000620964 1.293335199 -0.008390049 0.999964178 0.001129496 -1.832118869 0.000630419 -0.001124246 0.999999166 67.622322083
0.999965131 0.008335612 -0.000311526 1.300397038 -0.008335222 0.999964476 0.001224861 -1.849591255 0.000321725 -0.001222222 0.999999225 68.147789001
0.999961793 0.008722751 -0.000537534 1.306586623 -0.008722197 0.999961436 0.001023987 -1.862606883 0.000546444 -0.001019259 0.999999344 68.672111511
0.999965549 0.008285980 -0.000531766 1.310019255 -0.008285314 0.999964893 0.001245650 -1.875351191 0.000542069 -0.001241201 0.999999106 69.179954529
0.999958813 0.009074208 -0.000095800 1.314227819 -0.009074072 0.999957860 0.001346360 -1.891597152 0.000108012 -0.001345436 0.999999046 69.685264587
0.999961257 0.008807006 -0.000043734 1.326519251 -0.008806924 0.999959886 0.001594297 -1.907550931 0.000057772 -0.001593850 0.999998689 70.231376648
0.999969065 0.007850161 -0.000357680 1.344271183 -0.007849772 0.999968588 0.001080139 -1.920261979 0.000366147 -0.001077298 0.999999285 70.740386963
0.999967873 0.007996403 -0.000384524 1.349999666 -0.007996009 0.999967515 0.001012345 -1.935617089 0.000392607 -0.001009237 0.999999404 71.286972046
0.999971032 0.007603433 -0.000353539 1.358125448 -0.007603043 0.999970436 0.001094459 -1.950129509 0.000361850 -0.001091740 0.999999344 71.817825317
0.999969065 0.007866667 0.000063506 1.362424135 -0.007866716 0.999968708 0.000799795 -1.965767860 -0.000057214 -0.000800270 0.999999702 72.353294373
0.999969304 0.007833277 -0.000221284 1.373779655 -0.007833005 0.999968529 0.001199597 -1.981754184 0.000230675 -0.001197827 0.999999285 72.877647400
0.999967515 0.008056575 -0.000145394 1.380714655 -0.008056418 0.999966979 0.001063758 -1.997861266 0.000153961 -0.001062552 0.999999404 73.416465759
0.999965072 0.008361065 0.000077315 1.390718222 -0.008361135 0.999964595 0.000963473 -2.013319492 -0.000069256 -0.000964086 0.999999523 73.945182800
0.999965429 0.008311831 0.000017355 1.402941346 -0.008311842 0.999965072 0.000843251 -2.023017168 -0.000010345 -0.000843367 0.999999642 74.477165222
0.999963582 0.008525684 0.000209652 1.410507679 -0.008525858 0.999963284 0.000842758 -2.039053679 -0.000202458 -0.000844515 0.999999642 75.004760742
0.999962270 0.008685097 0.000268805 1.421246052 -0.008685284 0.999962032 0.000706037 -2.053072453 -0.000262662 -0.000708345 0.999999702 75.524604797
0.999961555 0.008762564 0.000343569 1.429557204 -0.008762819 0.999961317 0.000747449 -2.069535732 -0.000337006 -0.000750431 0.999999642 76.049926758
0.999958754 0.009071874 0.000255906 1.441253066 -0.009072041 0.999958575 0.000663160 -2.084800243 -0.000249879 -0.000665454 0.999999762 76.584785461
0.999961972 0.008714729 0.000158811 1.452782273 -0.008714849 0.999961674 0.000775814 -2.102006435 -0.000152044 -0.000777168 0.999999702 77.124870300
0.999960303 0.008905906 0.000319968 1.450609446 -0.008906133 0.999960065 0.000710195 -2.113929749 -0.000313630 -0.000713017 0.999999702 77.616210938
0.999961972 0.008703873 0.000541378 1.462378383 -0.008704218 0.999961913 0.000636822 -2.127961636 -0.000535814 -0.000641510 0.999999642 78.142364502
0.999953926 0.009533813 0.001068004 1.468852758 -0.009534113 0.999954522 0.000277146 -2.139954567 -0.001065313 -0.000287316 0.999999404 78.686492920
0.999956369 0.009312705 0.000748185 1.483539224 -0.009313134 0.999956489 0.000572389 -2.156398058 -0.000742822 -0.000579332 0.999999583 79.222923279
0.999951959 0.009761128 0.000916034 1.494737744 -0.009761539 0.999952257 0.000444915 -2.175658703 -0.000911647 -0.000453835 0.999999523 79.757644653
0.999958575 0.008967116 0.001542389 1.513805270 -0.008968098 0.999959588 0.000631645 -2.186259508 -0.001536662 -0.000645452 0.999998629 80.302406311
0.999955058 0.008853029 0.003415033 1.521214724 -0.008854638 0.999960721 0.000456162 -2.202000618 -0.003410860 -0.000486380 0.999994099 80.869644165
0.999951184 0.008939848 0.004201326 1.539672494 -0.008939735 0.999960065 -0.000045565 -2.215641975 -0.004201565 0.000008004 0.999991179 81.417373657
0.999944270 0.008979839 0.005537947 1.549163818 -0.008980951 0.999959588 0.000175266 -2.229103565 -0.005536149 -0.000224992 0.999984622 81.964866638
0.999917150 0.009172221 0.009030436 1.565421581 -0.009174184 0.999957919 0.000175898 -2.246971130 -0.009028442 -0.000258731 0.999959171 82.519104004
0.999879777 0.009248257 0.012442554 1.590795636 -0.009250671 0.999957204 0.000136336 -2.257703543 -0.012440761 -0.000251422 0.999922574 83.070457458
0.999834001 0.008968419 0.015862741 1.618844867 -0.008969050 0.999959767 -0.000031409 -2.276078224 -0.015862385 -0.000110870 0.999874115 83.624717712
0.999773145 0.008990806 0.019307408 1.643463850 -0.008992394 0.999959528 -0.000004513 -2.289083719 -0.019306671 -0.000169108 0.999813557 84.172943115
0.999628246 0.009407626 0.025593899 1.668833375 -0.009406487 0.999955773 -0.000164938 -2.300196171 -0.025594322 -0.000075872 0.999672413 84.716674805
0.999463916 0.009414199 0.031357497 1.703130722 -0.009405142 0.999955654 -0.000436313 -2.314838648 -0.031360213 0.000141158 0.999508142 85.249565125
0.999259531 0.009433893 0.037298936 1.736199498 -0.009425654 0.999955475 -0.000396776 -2.333316088 -0.037301023 0.000044915 0.999304056 85.783287048
0.998912990 0.009753473 0.045581851 1.776434660 -0.009755606 0.999952376 -0.000175723 -2.352444410 -0.045581400 -0.000269147 0.998960614 86.347007751
0.998514950 0.009002394 0.053728942 1.828772783 -0.008984468 0.999959588 -0.000575132 -2.367487669 -0.053731944 0.000091551 0.998555303 86.894813538
0.998091161 0.008868735 0.061117858 1.877553463 -0.008867051 0.999960601 -0.000298760 -2.382251978 -0.061118096 -0.000243746 0.998130500 87.451087952
0.997522235 0.008754170 0.069804028 1.933089256 -0.008728134 0.999961674 -0.000677973 -2.403816700 -0.069807306 0.000067035 0.997560441 87.992630005
0.996783316 0.008479469 0.079693094 1.998493195 -0.008438852 0.999963999 -0.000846430 -2.421918154 -0.079697400 0.000171189 0.996819079 88.530380249
0.996001840 0.008632678 0.088914402 2.062228680 -0.008574370 0.999962628 -0.001037690 -2.430119991 -0.088920042 0.000271156 0.996038735 89.079681396
0.995375395 0.007866863 0.095738791 2.131839752 -0.007784455 0.999969065 -0.001234227 -2.448228121 -0.095745541 0.000483245 0.995405734 89.634872437
0.994316757 0.007289253 0.106211916 2.213259697 -0.007144887 0.999972999 -0.001739661 -2.455279589 -0.106221721 0.000970901 0.994342029 90.202575684
0.993192852 0.007589224 0.116234243 2.300994873 -0.007486116 0.999971092 -0.001323595 -2.480273962 -0.116240926 0.000444442 0.993220925 90.730117798
0.992063403 0.007024161 0.125543356 2.390276909 -0.006877855 0.999975026 -0.001598804 -2.494718552 -0.125551462 0.000722646 0.992086828 91.284355164
0.990489125 0.007061983 0.137410447 2.482412338 -0.006959361 0.999975026 -0.001227251 -2.512537956 -0.137415648 0.000259290 0.990513444 91.819656372
0.988697350 0.007021435 0.149760559 2.592525482 -0.006872306 0.999975264 -0.001513275 -2.530223370 -0.149767458 0.000466970 0.988721073 92.391204834
0.987155616 0.005982223 0.159649774 2.710482597 -0.005808544 0.999981880 -0.001554517 -2.545851469 -0.159656167 0.000607218 0.987172484 92.924400330
0.985220194 0.006871404 0.171155363 2.820938110 -0.006628457 0.999975979 -0.001990889 -2.562001467 -0.171164960 0.000826968 0.985242069 93.505348206
0.982727706 0.007301400 0.184913218 2.935972214 -0.007083722 0.999973178 -0.001837803 -2.579262018 -0.184921712 0.000496186 0.982753158 94.045104980
0.980537474 0.006428748 0.196226805 3.073147774 -0.006221877 0.999979198 -0.001670670 -2.599651337 -0.196233481 0.000417256 0.980557084 94.572723389
0.978455484 0.005976640 0.206371695 3.202470779 -0.005770104 0.999982059 -0.001602654 -2.614838600 -0.206377566 0.000377339 0.978472292 95.107849121
0.975602508 0.005756446 0.219468594 3.347978592 -0.005471679 0.999983191 -0.001905352 -2.632984877 -0.219475880 0.000658005 0.975617647 95.627624512
0.972502947 0.005424409 0.232827350 3.490478516 -0.005154383 0.999985278 -0.001768160 -2.648392200 -0.232833520 0.000519460 0.972516477 96.182846069
0.969951928 0.005059450 0.243243858 3.650138855 -0.004691964 0.999986768 -0.002090102 -2.656309843 -0.243251234 0.000886007 0.969962955 96.700866699
0.966970980 0.004980032 0.254838347 3.805364609 -0.004641069 0.999987483 -0.001931385 -2.682039499 -0.254844815 0.000684871 0.966981649 97.221763611
0.963340700 0.005217334 0.268230498 3.975910187 -0.005038180 0.999986470 -0.001356219 -2.702137232 -0.268233985 -0.000044892 0.963353753 97.736648560
0.959837675 0.004497802 0.280519843 4.148679733 -0.004118230 0.999989569 -0.001942544 -2.717315912 -0.280525625 0.000709281 0.959846258 98.249862671
0.956052661 0.005200820 0.293148935 4.330097198 -0.004935151 0.999986470 -0.001645871 -2.737318039 -0.293153495 0.000126805 0.956065416 98.803215027
0.951936841 0.004689789 0.306258410 4.513568878 -0.004323899 0.999988914 -0.001873121 -2.751237392 -0.306263775 0.000458862 0.951946557 99.289520264
0.947497606 0.003499268 0.319743574 4.724275589 -0.002959904 0.999993265 -0.002172807 -2.764192104 -0.319748938 0.001112319 0.947501600 99.814476013
0.943243444 0.004262577 0.332074553 4.920251846 -0.003767567 0.999990642 -0.002134474 -2.774702311 -0.332080543 0.000762215 0.943250656 100.322494507
0.938482046 0.004418305 0.345299602 5.136201859 -0.004118616 0.999990284 -0.001601550 -2.795883894 -0.345303297 0.000080869 0.938491106 100.826545715
0.933433473 0.003595677 0.358732492 5.347366333 -0.003353862 0.999993503 -0.001296358 -2.818286896 -0.358734846 0.000006925 0.933439493 101.299659729
0.928648055 0.001975325 0.370956689 5.562295914 -0.001324334 0.999997079 -0.002009611 -2.845890284 -0.370959580 0.001374951 0.928647995 101.809921265
0.924099207 0.001244850 0.382150650 5.794801712 -0.000223588 0.999996245 -0.002716803 -2.853443623 -0.382152617 0.002425150 0.924096048 102.307586670
0.918106198 0.001055733 0.396333009 6.039554596 -0.000290303 0.999997973 -0.001991258 -2.876230717 -0.396334320 0.001713130 0.918104649 102.814170837
0.912405491 0.000792973 0.409286767 6.290710449 0.000063454 0.999997914 -0.002078903 -2.891518354 -0.409287572 0.001922773 0.912403405 103.309486389
0.907490969 -0.000131814 0.420071512 6.551239014 0.001165441 0.999996841 -0.002203942 -2.908377409 -0.420069963 0.002489625 0.907488286 103.810478210
0.901719451 -0.000780525 0.432321101 6.809776306 0.001811443 0.999996424 -0.001972818 -2.925587177 -0.432318091 0.002562054 0.901717484 104.294624329
0.895066559 -0.000918984 0.445931524 7.075241089 0.001822435 0.999997079 -0.001597151 -2.946552992 -0.445928782 0.002242238 0.895065606 104.787643433
0.889688134 -0.003851400 0.456552505 7.375522614 0.005330283 0.999983907 -0.001951477 -2.982397795 -0.456537634 0.004169760 0.889694333 105.266479492
0.883923769 -0.004755307 0.467606783 7.653198242 0.006307607 0.999978602 -0.001754123 -2.999235630 -0.467588395 0.004499990 0.883934915 105.745407104
0.876407325 -0.004423852 0.481550246 7.931652069 0.005946744 0.999980927 -0.001636385 -3.018671751 -0.481533885 0.004297796 0.876416862 106.212890625
