1.000000000 0.000000000 0.000000000 0.000000000 0.000000000 1.000000000 0.000000000 0.000000000 0.000000000 0.000000000 1.000000000 0.000000000
1.000000000 0.000059904 0.000069093 -0.000851877 -0.000059913 1.000000000 0.000139715 -0.000396327 -0.000069084 -0.000139719 1.000000000 -0.000130700
1.000000000 0.000020435 0.000086809 -0.000797755 -0.000020435 1.000000000 -0.000003133 0.000409921 -0.000086809 0.000003132 1.000000000 -0.000213347
1.000000000 0.000044475 0.000039928 -0.000125334 -0.000044474 1.000000000 -0.000030953 0.000023380 -0.000039930 0.000030951 1.000000000 0.000125517
1.000000000 0.000114311 0.000164018 -0.001202088 -0.000114327 1.000000000 0.000099359 -0.000498693 -0.000164006 -0.000099378 1.000000000 0.000329364
1.000000000 -0.000083732 0.000006131 -0.000141541 0.000083732 1.000000000 0.000055030 -0.000812250 -0.000006136 -0.000055030 1.000000000 -0.000341322
1.000000000 0.000047444 0.000112230 -0.001108500 -0.000047452 1.000000000 0.000077481 -0.000884396 -0.000112227 -0.000077486 1.000000000 -0.001100651
1.000000000 0.000124192 0.000032910 -0.000622382 -0.000124192 1.000000000 -0.000017872 -0.000198161 -0.000032912 0.000017867 1.000000000 -0.000527088
1.000000000 0.000057410 0.000149184 -0.000676610 -0.000057415 1.000000000 0.000036342 -0.001051357 -0.000149182 -0.000036350 1.000000000 -0.000201120
1.000000000 0.000179972 0.000117750 -0.001111574 -0.000179989 1.000000000 0.000144162 -0.000880192 -0.000117724 -0.000144183 1.000000000 0.000674544
1.000000000 0.000110048 0.000118044 -0.000424261 -0.000110057 1.000000000 0.000073780 -0.000604049 -0.000118036 -0.000073793 1.000000000 0.000765269
1.000000000 0.000090185 0.000100061 -0.000639436 -0.000090191 1.000000000 0.000051339 -0.000914443 -0.000100057 -0.000051348 1.000000000 0.000281002
1.000000000 0.000085992 0.000087432 -0.000835791 -0.000085994 1.000000000 0.000032341 -0.000110018 -0.000087429 -0.000032348 1.000000000 0.000460673
1.000000000 0.000154845 0.000138954 -0.001760568 -0.000154838 1.000000000 -0.000050889 0.000615589 -0.000138962 0.000050867 1.000000000 0.000178796
1.000000000 0.000119980 0.000101457 -0.000342010 -0.000119984 1.000000000 0.000043049 0.000641076 -0.000101452 -0.000043062 1.000000000 0.001320221
0.999999940 0.000244240 0.000128191 -0.001543062 -0.000244237 0.999999940 -0.000024424 0.000624675 -0.000128197 0.000024393 1.000000000 0.000644007
0.999999940 0.000298920 0.000155954 -0.001727170 -0.000298918 0.999999940 -0.000017685 0.000438165 -0.000155959 0.000017639 1.000000000 0.001625053
1.000000000 0.000175011 0.000168930 -0.001708679 -0.000175012 1.000000000 0.000002449 0.000923273 -0.000168930 -0.000002479 1.000000000 0.001481803
0.999999940 0.000226855 0.000237122 -0.001918658 -0.000226837 1.000000000 -0.000076729 0.001234567 -0.000237139 0.000076675 0.999999940 0.001496373
0.999999940 0.000196073 0.000207102 -0.002140775 -0.000196070 1.000000000 -0.000016579 0.000484332 -0.000207105 0.000016539 1.000000000 0.001779750
0.999999940 0.000275624 0.000134573 -0.001817698 -0.000275620 0.999999940 -0.000029700 0.000915276 -0.000134581 0.000029663 1.000000000 0.001537406
0.999999940 0.000258115 0.000170813 -0.001835960 -0.000258106 0.999999940 -0.000050712 0.001273876 -0.000170826 0.000050668 1.000000000 0.001949276
0.999999940 0.000229412 0.000186265 -0.002125792 -0.000229407 1.000000000 -0.000024747 0.001247863 -0.000186270 0.000024705 1.000000000 0.001317761
0.999999881 0.000400333 0.000180420 -0.002335357 -0.000400332 0.999999940 -0.000005665 0.001383236 -0.000180423 0.000005593 1.000000000 0.002253132
0.999999940 0.000333524 0.000212587 -0.001863788 -0.000333525 0.999999940 0.000005321 0.000593243 -0.000212585 -0.000005392 1.000000000 0.001061246
0.999999940 0.000255886 0.000165243 -0.001931871 -0.000255882 0.999999940 -0.000021891 0.001961867 -0.000165248 0.000021849 1.000000000 0.002220608
0.999999940 0.000304314 0.000142909 -0.001576054 -0.000304326 0.999999940 0.000085322 0.000834359 -0.000142883 -0.000085365 1.000000000 0.001722847
0.999999940 0.000332936 0.000134846 -0.002194098 -0.000332924 0.999999940 -0.000084689 0.001921972 -0.000134874 0.000084644 1.000000000 0.001234790
0.999999940 0.000367501 0.000106755 -0.001752611 -0.000367488 0.999999940 -0.000116045 0.002459799 -0.000106798 0.000116006 1.000000000 0.001392787
0.999999881 0.000389428 0.000204608 -0.001629271 -0.000389423 0.999999940 -0.000026345 0.001280520 -0.000204618 0.000026266 1.000000000 0.001999406
0.999999881 0.000321473 0.000306429 -0.002354678 -0.000321450 0.999999940 -0.000076183 0.001860467 -0.000306453 0.000076085 0.999999940 0.002028430
0.999999940 0.000365887 0.000207040 -0.001679607 -0.000365872 0.999999940 -0.000069986 0.001777613 -0.000207066 0.000069910 1.000000000 0.002637026
0.999999940 0.000336478 0.000182263 -0.001718361 -0.000336475 0.999999940 -0.000016737 0.000399547 -0.000182269 0.000016675 1.000000000 0.000611350
0.999999881 0.000409373 0.000275006 -0.002790912 -0.000409364 0.999999940 -0.000034056 0.001056379 -0.000275020 0.000033943 0.999999940 0.001508869
0.999999881 0.000377075 0.000211211 -0.001472337 -0.000377055 0.999999940 -0.000094868 0.001510288 -0.000211247 0.000094788 1.000000000 0.001426014
0.999999940 0.000254843 0.000187428 -0.001707074 -0.000254829 0.999999940 -0.000076018 0.001358871 -0.000187448 0.000075971 1.000000000 0.002038921
0.999999940 0.000376722 0.000160252 -0.001722251 -0.000376706 0.999999940 -0.000098092 0.002561010 -0.000160289 0.000098032 1.000000000 0.002009108
0.999999881 0.000436891 0.000264709 -0.002606593 -0.000436874 0.999999881 -0.000063962 0.001919773 -0.000264737 0.000063847 0.999999940 0.001727368
0.999999881 0.000398488 0.000215548 -0.001273522 -0.000398478 0.999999940 -0.000044958 0.001719299 -0.000215566 0.000044872 1.000000000 0.001158682
0.999999940 0.000331712 0.000212905 -0.001274038 -0.000331691 0.999999940 -0.000097075 0.001118960 -0.000212937 0.000097004 1.000000000 0.001557372
0.999999702 0.000712486 0.000268338 -0.002830219 -0.000712347 0.999999642 -0.000516661 -0.002114587 -0.000268706 0.000516470 0.999999821 0.049549550
0.999999702 0.000741492 0.000129788 -0.000455433 -0.000741353 0.999999166 -0.001066647 -0.003234064 -0.000130579 0.001066550 0.999999464 0.141560480
0.999999523 0.000938909 0.000231318 0.000155382 -0.000938617 0.999998748 -0.001258577 -0.008219452 -0.000232499 0.001258359 0.999999166 0.251723230
0.999999344 0.001156542 0.000314315 0.002765655 -0.001156146 0.999998569 -0.001256772 -0.010920801 -0.000315768 0.001256408 0.999999166 0.382871002
0.999999583 0.000838460 0.000319974 0.006055705 -0.000838212 0.999999344 -0.000775432 -0.017410407 -0.000320624 0.000775163 0.999999642 0.525709033
0.999999642 0.000764268 0.000388686 0.009397580 -0.000763955 0.999999404 -0.000803798 -0.021977047 -0.000389301 0.000803501 0.999999523 0.678524911
0.999999762 0.000559656 0.000275777 0.015569184 -0.000559549 0.999999762 -0.000386006 -0.026067289 -0.000275993 0.000385851 0.999999821 0.836825907
0.999999762 0.000576810 0.000439226 0.015782060 -0.000576657 0.999999762 -0.000348004 -0.030475505 -0.000439427 0.000347750 0.999999821 1.006748796
0.999999702 0.000669708 0.000347504 0.021446237 -0.000669493 0.999999583 -0.000618452 -0.032569729 -0.000347918 0.000618219 0.999999762 1.175278783
0.999999702 0.000738056 0.000245311 0.024190830 -0.000738005 0.999999642 -0.000206237 -0.037364680 -0.000245463 0.000206056 0.999999881 1.362854242
0.999999464 0.001001288 0.000277818 0.028552830 -0.001001173 0.999999404 -0.000411841 -0.040149771 -0.000278231 0.000411562 0.999999821 1.556140542
0.999999583 0.000888814 0.000274785 0.031528305 -0.000888772 0.999999583 -0.000152717 -0.048209276 -0.000274921 0.000152472 0.999999940 1.753525257
0.999999344 0.001120359 0.000327086 0.033584543 -0.001120405 0.999999344 0.000140450 -0.053159896 -0.000326929 -0.000140816 0.999999881 1.950918674
0.999999940 0.000228619 0.000327391 0.042745858 -0.000228664 0.999999881 0.000138032 -0.061659958 -0.000327359 -0.000138107 0.999999881 2.154104233
0.999999940 0.000285747 0.000118490 0.048668817 -0.000285774 0.999999940 0.000228360 -0.066992544 -0.000118425 -0.000228394 0.999999940 2.369956255
0.999999762 0.000646293 0.000278069 0.052293476 -0.000646320 0.999999702 0.000096446 -0.074296705 -0.000278006 -0.000096626 0.999999881 2.585970163
0.999999881 0.000400472 0.000334932 0.056897227 -0.000400610 0.999999821 0.000410439 -0.083142944 -0.000334768 -0.000410573 0.999999881 2.815612555
0.999999762 0.000499580 0.000472621 0.059441596 -0.000499737 0.999999821 0.000332127 -0.087605961 -0.000472455 -0.000332363 0.999999821 3.050225973
0.999999583 0.000813916 0.000447489 0.066290617 -0.000814199 0.999999464 0.000632372 -0.097185463 -0.000446974 -0.000632736 0.999999702 3.275716066
0.999999702 0.000674203 0.000419056 0.070979439 -0.000674412 0.999999642 0.000496880 -0.103901297 -0.000418721 -0.000497162 0.999999762 3.519271135
0.999999344 0.001031550 0.000464480 0.072527379 -0.001031787 0.999999285 0.000509301 -0.109544545 -0.000463955 -0.000509780 0.999999762 3.772059441
0.999999106 0.001104875 0.000644097 0.077643856 -0.001105282 0.999999166 0.000631519 -0.118206680 -0.000643398 -0.000632230 0.999999583 4.019077301
0.999999285 0.000850101 0.000829367 0.084189251 -0.000850785 0.999999285 0.000825672 -0.124826297 -0.000828664 -0.000826377 0.999999285 4.272067070
0.999999225 0.000898734 0.000798150 0.090486661 -0.000899270 0.999999285 0.000672094 -0.130803838 -0.000797546 -0.000672811 0.999999464 4.530195713
0.999998689 0.001327580 0.000944058 0.094198450 -0.001328387 0.999998748 0.000854845 -0.138867542 -0.000942922 -0.000856098 0.999999225 4.782273293
0.999998510 0.001379277 0.001058633 0.098238371 -0.001380365 0.999998510 0.001027762 -0.146135136 -0.001057214 -0.001029222 0.999998927 5.040817261
0.999998212 0.001416918 0.001200365 0.100373447 -0.001417874 0.999998689 0.000796302 -0.151831359 -0.001199235 -0.000798002 0.999998927 5.303917885
0.999997199 0.001900359 0.001407043 0.106911197 -0.001901632 0.999997795 0.000903891 -0.160577968 -0.001405323 -0.000906564 0.999998629 5.567609310
0.999996781 0.001921605 0.001659478 0.109242983 -0.001923172 0.999997735 0.000942705 -0.167526901 -0.001657663 -0.000945893 0.999998152 5.831912518
0.999997437 0.001729971 0.001431708 0.118238933 -0.001730995 0.999998271 0.000714146 -0.175671071 -0.001430470 -0.000716622 0.999998748 6.110231400
0.999996781 0.001885502 0.001700347 0.124340244 -0.001886653 0.999997973 0.000675898 -0.182225838 -0.001699069 -0.000679104 0.999998331 6.397435665
0.999997020 0.001893595 0.001632671 0.127382368 -0.001894804 0.999997914 0.000739105 -0.189551622 -0.001631268 -0.000742196 0.999998391 6.681648731
0.999997139 0.001900728 0.001462928 0.137122348 -0.001901630 0.999997973 0.000615878 -0.196732432 -0.001461755 -0.000618658 0.999998748 6.979385853
0.999997258 0.001822740 0.001478288 0.144360483 -0.001823924 0.999998033 0.000800104 -0.206752121 -0.001476827 -0.000802798 0.999998510 7.274213791
0.999996841 0.001983538 0.001490563 0.149641916 -0.001984961 0.999997556 0.000953098 -0.220209509 -0.001488669 -0.000956054 0.999998450 7.570366859
0.999996483 0.002070808 0.001614290 0.153817222 -0.002072718 0.999997139 0.001182038 -0.230845049 -0.001611838 -0.001185380 0.999998033 7.874948502
0.999997914 0.001649247 0.001223738 0.166755885 -0.001650433 0.999998152 0.000968429 -0.238823250 -0.001222138 -0.000970447 0.999998808 8.203660965
0.999997675 0.001736490 0.001305836 0.175674155 -0.001738097 0.999997735 0.001231154 -0.248198524 -0.001303696 -0.001233421 0.999998450 8.518048286
0.999995172 0.002569166 0.001748295 0.178028628 -0.002571105 0.999996006 0.001107826 -0.256878734 -0.001745442 -0.001112316 0.999997854 8.882393837
0.999996066 0.002383138 0.001424103 0.192226321 -0.002384297 0.999996781 0.000812546 -0.267778903 -0.001422162 -0.000815938 0.999998689 9.222307205
0.999993622 0.002949148 0.001972114 0.197913662 -0.002950960 0.999995232 0.000916880 -0.278479636 -0.001969401 -0.000922694 0.999997556 9.556804657
0.999995112 0.002448540 0.001946196 0.205104724 -0.002450960 0.999996245 0.001242198 -0.288613021 -0.001943147 -0.001246962 0.999997318 9.906886101
0.999993622 0.002966760 0.001950361 0.213286147 -0.002968903 0.999994934 0.001096782 -0.302394241 -0.001947098 -0.001102566 0.999997437 10.259324074
0.999994040 0.002823712 0.001956385 0.223079622 -0.002826709 0.999994814 0.001530840 -0.317252994 -0.001952052 -0.001536362 0.999996841 10.625006676
0.999993801 0.002877534 0.002004097 0.230281621 -0.002880304 0.999994874 0.001380531 -0.325204074 -0.002000115 -0.001386295 0.999996960 10.992237091
0.999994934 0.002633149 0.001790978 0.238138765 -0.002636057 0.999995172 0.001623803 -0.339043230 -0.001786694 -0.001628515 0.999997020 11.384034157
0.999994457 0.002700245 0.001961847 0.250896901 -0.002703882 0.999994636 0.001853237 -0.348609686 -0.001956832 -0.001858531 0.999996305 11.770003319
0.999992847 0.003130141 0.002109349 0.252686322 -0.003133925 0.999993503 0.001792816 -0.361998111 -0.002103723 -0.001799414 0.999996126 12.150566101
0.999993026 0.002994525 0.002231912 0.265452147 -0.002998649 0.999993801 0.001846371 -0.375076771 -0.002226369 -0.001853051 0.999995768 12.539217949
0.999991477 0.003159826 0.002633058 0.270076305 -0.003165809 0.999992430 0.002271433 -0.387650609 -0.002625861 -0.002279749 0.999993980 12.948088646
0.999991953 0.003020623 0.002629816 0.283614933 -0.003026080 0.999993265 0.002073449 -0.403526902 -0.002623535 -0.002081391 0.999994397 13.341344833
0.999991179 0.002948074 0.002971040 0.289474726 -0.002954896 0.999992967 0.002294215 -0.415920854 -0.002964256 -0.002302974 0.999992907 13.771285057
0.999991298 0.003009569 0.002898922 0.300478816 -0.003016693 0.999992430 0.002455939 -0.428768843 -0.002891509 -0.002464663 0.999992728 14.173156738
0.999989331 0.003301539 0.003230919 0.312318355 -0.003309347 0.999991596 0.002414077 -0.441358477 -0.003222921 -0.002424744 0.999991834 14.600476265
0.999987662 0.003469611 0.003559641 0.317071199 -0.003478329 0.999990880 0.002446095 -0.455048501 -0.003551122 -0.002458446 0.999990642 15.023145676
0.999986887 0.003588931 0.003651936 0.332371563 -0.003598767 0.999989927 0.002690335 -0.470073968 -0.003642243 -0.002703442 0.999989688 15.454197884
0.999986947 0.003190277 0.003991491 0.342973173 -0.003200563 0.999991536 0.002573368 -0.481014580 -0.003983249 -0.002586110 0.999988735 15.889588356
0.999984026 0.003650144 0.004309571 0.348173738 -0.003661885 0.999989569 0.002719578 -0.494283676 -0.004299599 -0.002735317 0.999986947 16.339015961
0.999978006 0.004578270 0.004798209 0.353579015 -0.004590893 0.999985933 0.002623095 -0.506576657 -0.004786133 -0.002645065 0.999984980 16.785795212
0.999981880 0.003667967 0.004792358 0.372471124 -0.003681066 0.999989510 0.002727220 -0.522386730 -0.004782304 -0.002744811 0.999984801 17.233675003
0.999981165 0.003373007 0.005114315 0.383190691 -0.003386428 0.999990821 0.002617806 -0.532532871 -0.005105438 -0.002635076 0.999983430 17.695337296
0.999980748 0.003492856 0.005115115 0.399287611 -0.003504859 0.999991119 0.002339551 -0.543359041 -0.005106898 -0.002357434 0.999984145 18.160806656
0.999979377 0.003730302 0.005233221 0.412630677 -0.003744659 0.999989271 0.002736587 -0.563774049 -0.005222957 -0.002756127 0.999982536 18.625915527
0.999978840 0.003829385 0.005263827 0.426681697 -0.003842394 0.999989688 0.002463740 -0.571539760 -0.005254338 -0.002483913 0.999983132 19.104713440
0.999973059 0.004259914 0.005993185 0.433182150 -0.004275498 0.999987423 0.002589690 -0.585488915 -0.005982080 -0.002615243 0.999978662 19.588605881
0.999972403 0.004345800 0.006022344 0.441232562 -0.004365013 0.999985397 0.003180826 -0.600879252 -0.006008434 -0.003207026 0.999976754 20.076648712
0.999974191 0.004052010 0.005926854 0.453822762 -0.004069949 0.999987185 0.003017803 -0.613388181 -0.005914548 -0.003041847 0.999977887 20.575763702
0.999975443 0.004111819 0.005655824 0.470988661 -0.004130035 0.999986291 0.003212765 -0.620154440 -0.005642537 -0.003236046 0.999978781 21.084712982
0.999981463 0.003677296 0.004855635 0.480885834 -0.003689268 0.999990106 0.002458842 -0.633309722 -0.004846544 -0.002476710 0.999985218 21.587619781
0.999978304 0.004370097 0.004931091 0.489934802 -0.004382296 0.999987304 0.002465705 -0.646186948 -0.004920254 -0.002487261 0.999984860 22.100755692
0.999983251 0.004070920 0.004110971 0.508499384 -0.004080868 0.999988735 0.002414720 -0.660322189 -0.004101095 -0.002431456 0.999988616 22.593366623
0.999983490 0.004308893 0.003792736 0.515809774 -0.004319223 0.999986947 0.002719709 -0.678557873 -0.003780967 -0.002736047 0.999989092 23.110578537
0.999987662 0.003797928 0.003200159 0.521080852 -0.003807520 0.999988198 0.002996566 -0.699999332 -0.003188740 -0.003008714 0.999990404 23.605731964
0.999993503 0.002521518 0.002571169 0.532717466 -0.002528385 0.999993265 0.002671436 -0.713393569 -0.002564415 -0.002677920 0.999993145 24.139291763
0.999992132 0.003369829 0.002055272 0.539892673 -0.003375028 0.999991119 0.002530976 -0.726870477 -0.002046725 -0.002537893 0.999994695 24.650938034
0.999991059 0.003919621 0.001564243 0.551315367 -0.003923575 0.999989033 0.002532181 -0.739426553 -0.001554300 -0.002538295 0.999995589 25.196197510
0.999989390 0.004477839 0.001028989 0.562042177 -0.004480506 0.999986589 0.002605884 -0.753088951 -0.001017306 -0.002610467 0.999996066 25.738815308
0.999990642 0.004250633 0.000712903 0.571730971 -0.004252332 0.999988079 0.002397530 -0.767948806 -0.000702704 -0.002400539 0.999996901 26.290466309
0.999992371 0.003914737 0.000403943 0.583941102 -0.003915899 0.999988019 0.002918069 -0.780852318 -0.000392515 -0.002919628 0.999995649 26.846359253
0.999991477 0.004112172 -0.000304617 0.597696960 -0.004111268 0.999987304 0.002911870 -0.798641324 0.000316587 -0.002910593 0.999995708 27.382024765
0.999990582 0.004290616 -0.000688889 0.607181370 -0.004288882 0.999987602 0.002500250 -0.813586354 0.000699608 -0.002497271 0.999996662 27.929727554
0.999989510 0.004446479 -0.001028872 0.617628574 -0.004443813 0.999986768 0.002578453 -0.824146509 0.001040323 -0.002573854 0.999996126 28.476490021
0.999988258 0.004700345 -0.001299519 0.628425002 -0.004696859 0.999985337 0.002672114 -0.838848591 0.001312059 -0.002665978 0.999995589 29.026767731
0.999988019 0.004644979 -0.001548716 0.634869933 -0.004640831 0.999985576 0.002671771 -0.850898862 0.001561104 -0.002664551 0.999995232 29.575059891
0.999988139 0.004483869 -0.001894437 0.643067122 -0.004478729 0.999986291 0.002708838 -0.863414884 0.001906557 -0.002700321 0.999994516 30.122497559
0.999986351 0.004619646 -0.002446904 0.657883883 -0.004612813 0.999985456 0.002790830 -0.879778802 0.002459760 -0.002779505 0.999993086 30.660461426
0.999986351 0.004413129 -0.002790087 0.669244707 -0.004405594 0.999986649 0.002700930 -0.893447280 0.002801968 -0.002688602 0.999992490 31.208139420
0.999983013 0.004957148 -0.003065418 0.677156627 -0.004949257 0.999984443 0.002576669 -0.905523896 0.003078143 -0.002561454 0.999992013 31.754489899
0.999983847 0.004553108 -0.003442414 0.691353977 -0.004542858 0.999985218 0.002979960 -0.926765740 0.003455932 -0.002964273 0.999989629 32.302993774
0.999982595 0.004660364 -0.003623686 0.692398846 -0.004650450 0.999985456 0.002739324 -0.938932598 0.003636399 -0.002722425 0.999989748 32.851234436
0.999982059 0.004937584 -0.003383237 0.700651765 -0.004928268 0.999984086 0.002756221 -0.953365505 0.003396791 -0.002739499 0.999990404 33.390594482
0.999980748 0.005184570 -0.003409390 0.710768461 -0.005174889 0.999982595 0.002841957 -0.966611862 0.003424064 -0.002824259 0.999990165 33.939685822
0.999978721 0.005378667 -0.003686534 0.717521966 -0.005368211 0.999981582 0.002840244 -0.979080498 0.003701742 -0.002820393 0.999989152 34.482040405
0.999978244 0.005317845 -0.003894424 0.728925228 -0.005306959 0.999981940 0.002800264 -0.998703420 0.003909245 -0.002779536 0.999988496 35.002773285
0.999979854 0.005235641 -0.003582126 0.747327924 -0.005225521 0.999982417 0.002828504 -1.009001255 0.003596872 -0.002809728 0.999989569 35.550891876
0.999977469 0.005561698 -0.003766367 0.756971180 -0.005552245 0.999981403 0.002515574 -1.024106741 0.003780289 -0.002494606 0.999989688 36.127494812
0.999977708 0.005367615 -0.003955539 0.768665075 -0.005358417 0.999982893 0.002332438 -1.034841180 0.003967992 -0.002311191 0.999989450 36.684020996
0.999976277 0.005488699 -0.004164501 0.778341353 -0.005478823 0.999982178 0.002379285 -1.048233390 0.004177486 -0.002356412 0.999988496 37.234275818
0.999975085 0.005520194 -0.004407047 0.793917418 -0.005509910 0.999982119 0.002342406 -1.064450026 0.004419899 -0.002318065 0.999987602 37.768589020
0.999974072 0.005560225 -0.004564114 0.801989853 -0.005550334 0.999982178 0.002177005 -1.075374603 0.004576137 -0.002151616 0.999987185 38.321025848
0.999970734 0.006151421 -0.004544994 0.806418657 -0.006141890 0.999978900 0.002107788 -1.087475061 0.004557864 -0.002079812 0.999987423 38.866836548
0.999971688 0.005992094 -0.004556661 0.815519214 -0.005981823 0.999979556 0.002264407 -1.102674603 0.004570135 -0.002237085 0.999987066 39.412075043
0.999971569 0.006043293 -0.004515048 0.825938642 -0.006034077 0.999979675 0.002051979 -1.117201090 0.004527357 -0.002024676 0.999987721 39.952903748
0.999972880 0.005775940 -0.004568763 0.839605927 -0.005765175 0.999980569 0.002365948 -1.140021443 0.004582339 -0.002339544 0.999986768 40.488204956
0.999972045 0.005664242 -0.004876920 0.852922440 -0.005653137 0.999981403 0.002287861 -1.155752420 0.004889788 -0.002260227 0.999985456 41.035102844
0.999974489 0.005591926 -0.004439220 0.844854951 -0.005579633 0.999980509 0.002776723 -1.171265125 0.004454661 -0.002751883 0.999986291 41.558582306
0.999975324 0.005485527 -0.004377883 0.857918382 -0.005472157 0.999980271 0.003060249 -1.187239170 0.004394585 -0.003036217 0.999985695 42.110538483
0.999968350 0.006743065 -0.004208945 0.858856380 -0.006732705 0.999974251 0.002470572 -1.202264786 0.004225496 -0.002442156 0.999988079 42.634857178
0.999973834 0.005874893 -0.004219120 0.871832371 -0.005863278 0.999978960 0.002760611 -1.213864923 0.004235250 -0.002735801 0.999987245 43.173473358
0.999972105 0.005980284 -0.004459571 0.884453535 -0.005969005 0.999978960 0.002538193 -1.228765488 0.004474656 -0.002511503 0.999986768 43.722091675
0.999971807 0.006119788 -0.004341672 0.892964184 -0.006108372 0.999977887 0.002637752 -1.242457867 0.004357719 -0.002611157 0.999987066 44.265701294
0.999974489 0.005992317 -0.003883481 0.906574965 -0.005982725 0.999979019 0.002477020 -1.256180048 0.003898241 -0.002453723 0.999989390 44.776428223
0.999972641 0.006312665 -0.003844392 0.916369796 -0.006303642 0.999977350 0.002354799 -1.268868446 0.003859170 -0.002330500 0.999989808 45.331710815
0.999972820 0.006457573 -0.003570050 0.923090160 -0.006449592 0.999976695 0.002242753 -1.280077815 0.003584450 -0.002219667 0.999991119 45.878677368
0.999975860 0.006126463 -0.003270939 0.926213980 -0.006119072 0.999978662 0.002265406 -1.292995930 0.003284749 -0.002245337 0.999992073 46.430191040
0.999970496 0.006422644 -0.004227581 0.943350434 -0.006411146 0.999975741 0.002727627 -1.304866910 0.004244998 -0.002700443 0.999987423 46.984611511
0.999970317 0.006889627 -0.003456025 0.940234423 -0.006881805 0.999973655 0.002269812 -1.318769455 0.003471573 -0.002245961 0.999991477 47.529846191
0.999970973 0.006964677 -0.003099392 0.947506189 -0.006958797 0.999973893 0.001903857 -1.330529332 0.003112571 -0.001882233 0.999993384 48.084396362
0.999970615 0.006787820 -0.003550473 0.959839523 -0.006780042 0.999974608 0.002197727 -1.345544338 0.003565301 -0.002173590 0.999991298 48.637046814
0.999968767 0.006932322 -0.003777591 0.970528126 -0.006923028 0.999972939 0.002467674 -1.359982014 0.003794596 -0.002441445 0.999989867 49.191253662
0.999970257 0.006858268 -0.003508793 0.982591212 -0.006850546 0.999974072 0.002208230 -1.366393209 0.003523847 -0.002184128 0.999991417 49.751235962
0.999965489 0.007618309 -0.003321686 0.981985688 -0.007610192 0.999968052 0.002449626 -1.379865289 0.003340241 -0.002424262 0.999991477 50.296028137
0.999968290 0.007253264 -0.003293928 0.988943279 -0.007244964 0.999970555 0.002524099 -1.398444891 0.003312139 -0.002500154 0.999991417 50.832855225
0.999966145 0.007629684 -0.003083344 0.995362043 -0.007622222 0.999967992 0.002424962 -1.407572508 0.003101747 -0.002401378 0.999992311 51.385482788
0.999966860 0.007555878 -0.003033653 1.004037738 -0.007547515 0.999967694 0.002758427 -1.421998978 0.003054396 -0.002735438 0.999991596 51.934631348
0.999967158 0.007590014 -0.002811052 1.011705399 -0.007583284 0.999968290 0.002396331 -1.438751340 0.002829153 -0.002374935 0.999993145 52.468265533
0.999971390 0.006972555 -0.002915323 1.022455931 -0.006963459 0.999970913 0.003118736 -1.454331398 0.002936983 -0.003098347 0.999990821 53.009578705
0.999970973 0.006948262 -0.003119777 1.032781243 -0.006939888 0.999972224 0.002686586 -1.467805982 0.003138357 -0.002664857 0.999991536 53.548213959
0.999971211 0.007253355 -0.002217942 1.039327145 -0.007248715 0.999971449 0.002092491 -1.477956295 0.002233057 -0.002076354 0.999995351 54.098628998
0.999966085 0.007878526 -0.002395501 1.044040203 -0.007873905 0.999967158 0.001931692 -1.491648674 0.002410641 -0.001912764 0.999995291 54.633872986
0.999968588 0.007486606 -0.002602803 1.055266857 -0.007482583 0.999970734 0.001552450 -1.502453566 0.002614351 -0.001532926 0.999995351 55.186435699
0.999969542 0.007183923 -0.003027035 1.071243525 -0.007178862 0.999972761 0.001679049 -1.513619304 0.003039015 -0.001657267 0.999993980 55.730403900
0.999965906 0.007801180 -0.002713033 1.074690938 -0.007796667 0.999968171 0.001670251 -1.524197221 0.002725977 -0.001649042 0.999994934 56.286586761
0.999965966 0.007753315 -0.002821738 1.089113832 -0.007748039 0.999968171 0.001876085 -1.545778871 0.002836193 -0.001854158 0.999994278 56.831611633
0.999967933 0.007612593 -0.002480473 1.097685218 -0.007608837 0.999969840 0.001520782 -1.554147243 0.002491975 -0.001501861 0.999995768 57.384841919
0.999967933 0.007610981 -0.002488755 1.109726667 -0.007607961 0.999970317 0.001220997 -1.566496372 0.002497975 -0.001202024 0.999996185 57.924568176
0.999964178 0.008298465 -0.001679048 1.118006349 -0.008295868 0.999964356 0.001547232 -1.583573937 0.001691829 -0.001533247 0.999997377 58.463272095
0.999963880 0.008236567 -0.002069627 1.128814220 -0.008234060 0.999965370 0.001216687 -1.593152285 0.002079576 -0.001199601 0.999997139 59.002059937
0.999967337 0.007904343 -0.001701284 1.135496020 -0.007902495 0.999968171 0.001090502 -1.613286495 0.001709849 -0.001077022 0.999997973 59.544593811
0.999964178 0.008110683 -0.002399112 1.149384975 -0.008108678 0.999966860 0.000844071 -1.622005224 0.002405877 -0.000824587 0.999996722 60.104541779
0.999964416 0.008220282 -0.001908935 1.155475616 -0.008218621 0.999965787 0.000877240 -1.637178898 0.001916081 -0.000861520 0.999997795 60.665939331
0.999963045 0.008452043 -0.001642999 1.164184451 -0.008450310 0.999963760 0.001058593 -1.652375817 0.001651886 -0.001044670 0.999998033 61.219024658
0.999965668 0.008171933 -0.001390387 1.172241449 -0.008170478 0.999966025 0.001047935 -1.662951827 0.001398903 -0.001036539 0.999998510 61.765151978
0.999959826 0.008876831 -0.001240425 1.179245472 -0.008875770 0.999960184 0.000858163 -1.679097056 0.001247994 -0.000847119 0.999998868 62.312732697
0.999959886 0.008920109 -0.000708768 1.187241912 -0.008919759 0.999960065 0.000495170 -1.695303798 0.000713157 -0.000488828 0.999999642 62.855518341
0.999961436 0.008763256 -0.000524720 1.208556533 -0.008762643 0.999960899 0.001162691 -1.713595510 0.000534888 -0.001158048 0.999999166 63.380050659
0.999956310 0.009327781 -0.000571488 1.210549116 -0.009327448 0.999956310 0.000582743 -1.734171748 0.000576898 -0.000577388 0.999999642 63.930751801
0.999951541 0.009831724 -0.000320112 1.225567102 -0.009831509 0.999951422 0.000661943 -1.750580907 0.000326604 -0.000658764 0.999999642 64.467399597
0.999951601 0.009806860 -0.000763871 1.236911058 -0.009806197 0.999951541 0.000864263 -1.760496736 0.000772310 -0.000856731 0.999999344 65.035400391
0.999955058 0.009467766 -0.000456299 1.251453996 -0.009467485 0.999954998 0.000612402 -1.770192504 0.000462076 -0.000608054 0.999999642 65.576553345
0.999955058 0.009465192 -0.000378059 1.263913870 -0.009464988 0.999955058 0.000535186 -1.784914255 0.000383108 -0.000531583 0.999999762 66.118911743
0.999951601 0.009835231 0.000342954 1.255060673 -0.009835441 0.999951422 0.000615130 -1.805342078 -0.000336888 -0.000618473 0.999999702 66.645301819
0.999947608 0.010218890 0.000451334 1.259042621 -0.010219094 0.999947667 0.000457420 -1.827894926 -0.000446636 -0.000462009 0.999999762 67.168815613
0.999951363 0.009859893 0.000336072 1.271337152 -0.009859992 0.999951363 0.000290798 -1.838965058 -0.000333188 -0.000294097 0.999999881 67.696655273
0.999943376 0.010621091 0.000619258 1.276851296 -0.010621211 0.999943495 0.000194019 -1.857569218 -0.000617163 -0.000200585 0.999999702 68.231216431
0.999938548 0.011046366 0.000871305 1.273766637 -0.011046852 0.999938786 0.000555044 -1.875257134 -0.000865120 -0.000564635 0.999999464 68.747833252
0.999939263 0.011003722 0.000594292 1.286382675 -0.011003931 0.999939382 0.000349254 -1.893551946 -0.000590413 -0.000355772 0.999999762 69.269386292
0.999939799 0.010945256 0.000756556 1.293858528 -0.010945036 0.999940038 -0.000294014 -1.907599449 -0.000759729 0.000285716 0.999999642 69.800315857
0.999932230 0.011570724 0.001282518 1.298412323 -0.011571040 0.999933004 0.000241139 -1.930229187 -0.001279643 -0.000255963 0.999999106 70.349998474
0.999931455 0.011652335 0.001166483 1.310174704 -0.011652811 0.999931991 0.000404180 -1.947411418 -0.001161694 -0.000417745 0.999999285 70.902091980
0.999943197 0.010593731 0.001159171 1.320333481 -0.010594380 0.999943733 0.000555061 -1.977051258 -0.001153226 -0.000567310 0.999999106 71.383796692
0.999948204 0.010105936 0.001211350 1.327883959 -0.010107042 0.999948502 0.000911691 -1.999696612 -0.001202074 -0.000923887 0.999998868 71.909606934
0.999941170 0.010807478 0.000842291 1.346108198 -0.010808010 0.999941409 0.000630438 -2.017410755 -0.000835427 -0.000639504 0.999999464 72.448890686
0.999948919 0.010092989 0.000541066 1.356404424 -0.010093341 0.999948800 0.000650809 -2.031039000 -0.000534469 -0.000656237 0.999999642 72.980262756
0.999941230 0.010815990 0.000754976 1.363172054 -0.010816733 0.999940991 0.000989695 -2.048664570 -0.000744227 -0.000997803 0.999999225 73.517906189
0.999946356 0.010325510 0.000947186 1.373724222 -0.010326290 0.999946356 0.000820877 -2.065803766 -0.000938659 -0.000830614 0.999999225 74.052200317
0.999944627 0.010514145 0.000445966 1.392285824 -0.010514670 0.999943972 0.001194530 -2.081093550 -0.000433382 -0.001199153 0.999999106 74.589164734
0.999946833 0.010296882 0.000513389 1.400388002 -0.010297439 0.999946356 0.001095036 -2.097852230 -0.000502085 -0.001100264 0.999999285 75.127067566
0.999944210 0.010534579 0.000767327 1.409580827 -0.010535191 0.999944150 0.000801074 -2.115775108 -0.000758845 -0.000809113 0.999999404 75.669044495
0.999942124 0.010745872 0.000477140 1.417477965 -0.010746170 0.999942183 0.000625679 -2.130329847 -0.000470388 -0.000630770 0.999999702 76.210235596
0.999945819 0.010405121 0.000052019 1.431767344 -0.010405124 0.999945819 0.000090928 -2.150135517 -0.000051070 -0.000091464 1.000000000 76.765548706
0.999941289 0.010806381 0.000724010 1.430948734 -0.010806559 0.999941587 0.000240678 -2.167796850 -0.000721366 -0.000248487 0.999999702 77.275588989
0.999939919 0.010968839 0.000314754 1.438095450 -0.010969272 0.999938846 0.001413157 -2.194128513 -0.000299236 -0.001416524 0.999998927 77.799850464
0.999942958 0.010635256 0.000884344 1.441326022 -0.010636080 0.999943018 0.000931240 -2.213019133 -0.000874389 -0.000940592 0.999999166 78.325958252
0.999937534 0.011130203 0.001014506 1.454113841 -0.011130881 0.999937832 0.000665239 -2.226334572 -0.001007038 -0.000676490 0.999999285 78.853767395
0.999934018 0.011447119 0.000875988 1.462662339 -0.011447592 0.999934316 0.000536079 -2.241452456 -0.000869794 -0.000546071 0.999999464 79.395271301
0.999935687 0.011260809 0.001315700 1.474203467 -0.011261130 0.999936581 0.000235613 -2.256560564 -0.001312963 -0.000250415 0.999999106 79.930183411
0.999925137 0.012007888 0.002349823 1.484333515 -0.012009054 0.999927700 0.000482984 -2.277405739 -0.002343855 -0.000511166 0.999997139 80.471389771
0.999934137 0.010841311 0.003772187 1.500285506 -0.010840639 0.999941349 -0.000199190 -2.290553570 -0.003774124 0.000158284 0.999992847 81.009246826
0.999934614 0.010482318 0.004576739 1.514599562 -0.010482204 0.999945045 -0.000048848 -2.304444551 -0.004576999 0.000000871 0.999989510 81.563308716
0.999927044 0.010562674 0.005860806 1.521380663 -0.010564574 0.999944150 0.000293114 -2.319767952 -0.005857383 -0.000355010 0.999982774 82.110717773
0.999902487 0.010489336 0.009218642 1.532492876 -0.010488369 0.999944925 -0.000153387 -2.336520433 -0.009219744 0.000056684 0.999957502 82.615440369
0.999845147 0.011034928 0.013702452 1.546067834 -0.011028631 0.999939024 -0.000534881 -2.342487097 -0.013707520 0.000383679 0.999905944 83.157073975
0.999805987 0.010836411 0.016448511 1.580483317 -0.010832351 0.999941289 -0.000335928 -2.367590427 -0.016451184 0.000157687 0.999864638 83.676963806
0.999724507 0.010703113 0.020887887 1.599906802 -0.010705560 0.999942720 0.000005228 -2.383462191 -0.020886635 -0.000228843 0.999781787 84.219238281
0.999560416 0.011717591 0.027230661 1.622560263 -0.011714338 0.999931335 -0.000278906 -2.399162292 -0.027232066 -0.000040205 0.999629140 84.741127014
0.999377429 0.011722448 0.033274639 1.653485417 -0.011712451 0.999931216 -0.000495343 -2.413171291 -0.033278152 0.000105307 0.999446213 85.277305603
0.999145210 0.011911428 0.039583229 1.687004089 -0.011905777 0.999929190 -0.000378452 -2.432862520 -0.039584931 -0.000093141 0.999216139 85.811912537
0.998771250 0.012382274 0.047985904 1.726579905 -0.012381628 0.999923289 -0.000310700 -2.454926252 -0.047986079 -0.000283825 0.998847961 86.328598022
0.998331547 0.012176693 0.056443091 1.775976419 -0.012142022 0.999925852 -0.000957180 -2.470675230 -0.056450561 0.000270249 0.998405337 86.863121033
0.997928858 0.011365899 0.063314982 1.828861475 -0.011315105 0.999935329 -0.001160797 -2.483242512 -0.063324079 0.000441978 0.997992933 87.402236938
0.997275829 0.011804046 0.072811775 1.881059170 -0.011719747 0.999930084 -0.001584946 -2.498412848 -0.072825395 0.000727294 0.997344434 87.933837891
0.996503711 0.010878655 0.082837105 1.950034142 -0.010747761 0.999940217 -0.002025918 -2.513650417 -0.082854189 0.001128521 0.996561050 88.467193604
0.995763600 0.010609658 0.091335148 2.018723965 -0.010427494 0.999942601 -0.002471430 -2.519363642 -0.091356128 0.001508563 0.995817065 89.014739990
0.995024860 0.010087641 0.099114664 2.085408211 -0.009883535 0.999947906 -0.002550096 -2.536600113 -0.099135228 0.001557806 0.995072722 89.584960938
0.993962109 0.009619066 0.109300703 2.171312809 -0.009329539 0.999951541 -0.003160014 -2.551405191 -0.109325796 0.002121209 0.994003654 90.109375000
0.992743194 0.010248964 0.119816288 2.256853104 -0.009991528 0.999946296 -0.002749145 -2.564394236 -0.119838044 0.001532048 0.992792249 90.647300720
0.991561890 0.009590873 0.129278958 2.350395203 -0.009197368 0.999951065 -0.003640530 -2.577737331 -0.129307538 0.002420784 0.991601706 91.191978455
0.989952803 0.010188444 0.141030401 2.439886093 -0.009852028 0.999946713 -0.003083422 -2.595613956 -0.141054317 0.001663007 0.990000427 91.724723816
0.988103986 0.009749044 0.153477833 2.563548088 -0.009329977 0.999950528 -0.003450505 -2.610905647 -0.153503880 0.001977512 0.988146067 92.287986755
0.986460865 0.008591007 0.163771451 2.683810234 -0.008151410 0.999961197 -0.003356049 -2.625734091 -0.163793907 0.001975642 0.986492574 92.830993652
0.984530807 0.008648071 0.174998045 2.796121597 -0.007903005 0.999956489 -0.004954008 -2.614531040 -0.175033271 0.003494364 0.984556317 93.434448242
0.982033372 0.008880802 0.188498154 2.913039207 -0.008166612 0.999956250 -0.004565174 -2.651683092 -0.188530460 0.002943761 0.982062995 93.903060913
0.979718804 0.008485150 0.200197652 3.063328743 -0.007722900 0.999959588 -0.004588152 -2.667940855 -0.200228512 0.002948993 0.979744792 94.484924316
0.977591395 0.008558764 0.210337669 3.192295074 -0.007848469 0.999960303 -0.004211469 -2.690508604 -0.210365385 0.002466267 0.977619767 95.014831543
0.974646151 0.007823222 0.223615125 3.345851898 -0.006867813 0.999963641 -0.005049974 -2.695059299 -0.223646477 0.003386190 0.974664450 95.561813354
0.971499145 0.007440310 0.236926183 3.493316650 -0.006479838 0.999967217 -0.004832348 -2.721383095 -0.236954391 0.003159379 0.971515715 96.071838379
0.968896270 0.004818651 0.247420356 3.674787521 -0.003310005 0.999973297 -0.006513094 -2.711456299 -0.247445136 0.005491549 0.968886316 96.674072266
0.965698540 0.006506549 0.259584308 3.821079254 -0.005057464 0.999967694 -0.006249811 -2.731438637 -0.259616643 0.004722593 0.965700209 97.177368164
0.961987674 0.006630366 0.273012459 3.992374420 -0.005214160 0.999968946 -0.005912558 -2.753338814 -0.273043156 0.004264277 0.961992323 97.694580078
0.958311796 0.006280084 0.285655499 4.165847778 -0.004708861 0.999969780 -0.006186950 -2.769433737 -0.285685688 0.004583917 0.958312511 98.226448059
0.954724073 0.006300587 0.297426075 4.348382950 -0.004637017 0.999969423 -0.006298447 -2.787978172 -0.297456712 0.004634109 0.954724073 98.738868713
0.950605333 0.003870585 0.310377955 4.555423737 -0.001779536 0.999973774 -0.007019978 -2.798441410 -0.310396940 0.006120900 0.950587332 99.237617493
0.945816159 0.005069649 0.324662983 4.751544952 -0.002931089 0.999970675 -0.007075734 -2.816067457 -0.324689329 0.005740726 0.945803285 99.751731873
0.941785336 0.005844892 0.336163819 4.953487396 -0.003697322 0.999968469 -0.007028191 -2.836109161 -0.336194277 0.005376143 0.941777289 100.254463196
0.936968267 0.003857497 0.349393100 5.175666809 -0.001322450 0.999971032 -0.007493824 -2.844248056 -0.349411905 0.006559419 0.936946273 100.787628174
0.931875348 0.003685225 0.362759799 5.393337250 -0.001265195 0.999975264 -0.006908510 -2.861464977 -0.362776309 0.005978908 0.931857109 101.270515442
0.926860631 0.003834012 0.375386000 5.619955063 -0.001171558 0.999972463 -0.007320558 -2.878226757 -0.375403762 0.006345349 0.926839650 101.780815125
0.921748281 0.003577175 0.387772202 5.843296051 -0.001000014 0.999976039 -0.006847648 -2.916692972 -0.387787431 0.005924030 0.921729803 102.279304504
0.915554702 0.004239066 0.402171046 6.080028534 -0.001638965 0.999975443 -0.006809043 -2.933199883 -0.402190059 0.005574907 0.915539265 102.768196106
0.909625888 0.003661724 0.415412158 6.326828003 -0.000792703 0.999974549 -0.007078675 -2.947358608 -0.415427566 0.006109648 0.909605682 103.291084290
0.904460847 0.003424124 0.426542699 6.580455780 -0.000200850 0.999971092 -0.007601500 -2.961697102 -0.426556379 0.006789590 0.904435456 103.770240784
0.898604572 0.002991552 0.438749075 6.825496674 0.000191843 0.999973953 -0.007211104 -2.986191273 -0.438759208 0.006564103 0.898580670 104.240608215
0.891756177 0.003104341 0.452505469 7.096412659 0.000547901 0.999968290 -0.007939870 -2.995174408 -0.452515841 0.007328358 0.891726255 104.724761963
0.885591745 0.003101154 0.464454114 7.351638794 0.000431663 0.999971807 -0.007499865 -3.022011042 -0.464464337 0.006842305 0.885565400 105.176422119
0.879694760 0.002960711 0.475529492 7.632839203 0.000515389 0.999974132 -0.007179406 -3.038896084 -0.475538433 0.006560768 0.879670501 105.653953552
0.871864617 0.001842916 0.489743412 7.908683777 0.001934843 0.999972165 -0.007207422 -3.058833361 -0.489742965 0.007231472 0.871836960 106.124145508
0.864695013 0.001344670 0.502295494 8.204864502 0.002708053 0.999969423 -0.007338842 -3.077161789 -0.502290010 0.007706103 0.864664912 106.578536987
